13236.53,2049.329,5449.551,13183.99,1972.416,5471.118,13169.27,1983.601,5414.612,13212.45,1997.489,5472.431,13215.64,2041.628,5461.604
13236.21,2049.329,5449.286,13183.91,1972.416,5470.709,13169.68,1983.601,5414.651,13212.44,1997.489,5472.015,13216.06,2041.628,5461.671
13235.89,2049.329,5449.014,13183.82,1972.416,5470.302,13170.1,1983.601,5414.678,13212.44,1997.489,5471.598,13216.47,2041.628,5461.742
13235.58,2049.329,5448.736,13183.73,1972.416,5469.897,13170.51,1983.601,5414.693,13212.44,1997.489,5471.182,13216.88,2041.628,5461.816
13235.43,2049.329,5448.594,13183.68,1972.416,5469.695,13170.72,1983.601,5414.695,13212.45,1997.489,5470.974,13217.08,2041.628,5461.856
13235.28,2049.329,5448.448,13183.62,1972.416,5469.495,13170.93,1983.601,5414.69,13212.46,1997.489,5470.766,13217.28,2041.628,5461.897
13235.13,2049.329,5448.3,13183.56,1972.416,5469.295,13171.14,1983.601,5414.68,13212.48,1997.489,5470.558,13217.49,2041.628,5461.941
13234.99,2049.329,5448.148,13183.5,1972.416,5469.097,13171.35,1983.601,5414.663,13212.5,1997.489,5470.351,13217.69,2041.628,5461.986
13234.85,2049.329,5447.994,13183.43,1972.416,5468.899,13171.55,1983.601,5414.64,13212.52,1997.489,5470.145,13217.89,2041.628,5462.034
13234.71,2049.329,5447.837,13183.36,1972.416,5468.704,13171.76,1983.601,5414.611,13212.55,1997.489,5469.938,13218.1,2041.628,5462.084
13234.58,2049.329,5447.677,13183.29,1972.416,5468.509,13171.96,1983.601,5414.576,13212.59,1997.489,5469.733,13218.3,2041.628,5462.136
13234.45,2049.329,5447.514,13183.21,1972.416,5468.316,13172.17,1983.601,5414.535,13212.63,1997.489,5469.529,13218.5,2041.628,5462.19
13234.33,2049.329,5447.348,13183.13,1972.416,5468.125,13172.37,1983.601,5414.488,13212.68,1997.489,5469.326,13218.7,2041.628,5462.247
13234.2,2049.329,5447.179,13183.04,1972.416,5467.935,13172.57,1983.601,5414.435,13212.73,1997.489,5469.124,13218.9,2041.628,5462.306
13234.08,2049.329,5447.008,13182.95,1972.416,5467.747,13172.77,1983.601,5414.375,13212.78,1997.489,5468.923,13219.1,2041.628,5462.367
13233.97,2049.329,5446.835,13182.86,1972.416,5467.561,13172.97,1983.601,5414.31,13212.84,1997.489,5468.724,13219.3,2041.628,5462.431
13233.86,2049.329,5446.659,13182.76,1972.416,5467.376,13173.17,1983.601,5414.238,13212.91,1997.489,5468.526,13219.49,2041.628,5462.497
13233.75,2049.329,5446.481,13182.66,1972.416,5467.194,13173.36,1983.601,5414.161,13212.98,1997.489,5468.331,13219.69,2041.628,5462.564
13233.65,2049.329,5446.3,13182.56,1972.416,5467.014,13173.55,1983.601,5414.078,13213.05,1997.489,5468.136,13219.89,2041.628,5462.635
13233.55,2049.329,5446.118,13182.45,1972.416,5466.836,13173.74,1983.601,5413.99,13213.13,1997.489,5467.944,13220.08,2041.628,5462.708
13233.45,2049.329,5445.933,13182.34,1972.416,5466.66,13173.92,1983.601,5413.896,13213.22,1997.489,5467.754,13220.28,2041.628,5462.783
13233.36,2049.329,5445.746,13182.22,1972.416,5466.487,13174.11,1983.601,5413.796,13213.31,1997.489,5467.566,13220.47,2041.628,5462.86
13233.27,2049.329,5445.558,13182.1,1972.416,5466.315,13174.29,1983.601,5413.69,13213.4,1997.489,5467.38,13220.66,2041.628,5462.939
13233.18,2049.329,5445.349,13181.97,1972.416,5466.131,13174.48,1983.601,5413.569,13213.51,1997.489,5467.18,13220.87,2041.628,5463.029
13233.1,2049.329,5445.157,13181.84,1972.416,5465.965,13174.65,1983.601,5413.454,13213.62,1997.489,5467,13221.06,2041.628,5463.113
13232.94,2049.329,5444.754,13181.57,1972.416,5465.625,13175,1983.601,5413.202,13213.84,1997.489,5466.632,13221.46,2041.628,5463.292
13232.83,2049.329,5444.458,13181.37,1972.416,5465.382,13175.25,1983.601,5413.011,13214.02,1997.489,5466.368,13221.74,2041.628,5463.427
13232.76,2049.329,5444.246,13181.23,1972.416,5465.212,13175.43,1983.601,5412.87,13214.14,1997.489,5466.183,13221.94,2041.628,5463.525
13232.65,2049.329,5443.916,13181,1972.416,5464.954,13175.69,1983.601,5412.643,13214.35,1997.489,5465.902,13222.25,2041.628,5463.681
13232.56,2049.329,5443.613,13180.78,1972.416,5464.723,13175.93,1983.601,5412.43,13214.54,1997.489,5465.652,13222.54,2041.628,5463.826
13232.5,2049.329,5443.376,13180.61,1972.416,5464.547,13176.1,1983.601,5412.258,13214.7,1997.489,5465.461,13222.75,2041.628,5463.941
13232.44,2049.329,5443.174,13180.46,1972.416,5464.401,13176.25,1983.601,5412.109,13214.83,1997.489,5465.304,13222.94,2041.628,5464.041
13232.4,2049.329,5442.972,13180.31,1972.416,5464.258,13176.39,1983.601,5411.955,13214.97,1997.489,5465.149,13223.12,2041.628,5464.143
13232.35,2049.329,5442.768,13180.15,1972.416,5464.119,13176.52,1983.601,5411.797,13215.12,1997.489,5464.999,13223.3,2041.628,5464.247
13232.31,2049.329,5442.563,13179.99,1972.416,5463.983,13176.66,1983.601,5411.635,13215.27,1997.489,5464.853,13223.48,2041.628,5464.354
13232.28,2049.329,5442.358,13179.83,1972.416,5463.85,13176.78,1983.601,5411.469,13215.42,1997.489,5464.71,13223.65,2041.628,5464.462
13232.24,2049.329,5442.153,13179.67,1972.416,5463.721,13176.9,1983.601,5411.299,13215.57,1997.489,5464.571,13223.83,2041.628,5464.572
13232.21,2049.329,5441.946,13179.5,1972.416,5463.595,13177.02,1983.601,5411.126,13215.73,1997.489,5464.437,13224.01,2041.628,5464.685
13232.19,2049.329,5441.739,13179.34,1972.416,5463.473,13177.13,1983.601,5410.95,13215.9,1997.489,5464.307,13224.18,2041.628,5464.799
13232.17,2049.329,5441.532,13179.17,1972.416,5463.354,13177.23,1983.601,5410.77,13216.06,1997.489,5464.182,13224.35,2041.628,5464.915
13232.15,2049.329,5441.325,13178.99,1972.416,5463.24,13177.33,1983.601,5410.587,13216.23,1997.489,5464.061,13224.53,2041.628,5465.033
13232.14,2049.329,5441.117,13178.82,1972.416,5463.128,13177.43,1983.601,5410.402,13216.4,1997.489,5463.944,13224.7,2041.628,5465.152
13232.13,2049.329,5440.909,13178.64,1972.416,5463.021,13177.52,1983.601,5410.213,13216.58,1997.489,5463.832,13224.86,2041.628,5465.274
13232.13,2049.329,5440.701,13178.46,1972.416,5462.917,13177.6,1983.601,5410.022,13216.76,1997.489,5463.724,13225.03,2041.628,5465.397
13232.13,2049.329,5440.493,13178.27,1972.416,5462.817,13177.68,1983.601,5409.829,13216.94,1997.489,5463.622,13225.2,2041.628,5465.522
13232.13,2049.329,5440.285,13178.09,1972.416,5462.721,13177.75,1983.601,5409.634,13217.12,1997.489,5463.524,13225.36,2041.628,5465.648
13232.13,2049.329,5440.077,13177.9,1972.416,5462.629,13177.82,1983.601,5409.437,13217.31,1997.489,5463.431,13225.53,2041.628,5465.776
13232.14,2049.329,5439.869,13177.71,1972.416,5462.541,13177.88,1983.601,5409.237,13217.5,1997.489,5463.342,13225.69,2041.628,5465.906
13232.15,2049.329,5439.661,13177.52,1972.416,5462.456,13177.93,1983.601,5409.037,13217.69,1997.489,5463.259,13225.85,2041.628,5466.038
13232.17,2049.329,5439.453,13177.33,1972.416,5462.375,13177.98,1983.601,5408.834,13217.88,1997.489,5463.181,13226.01,2041.628,5466.17
13232.19,2049.329,5439.246,13177.14,1972.416,5462.299,13178.03,1983.601,5408.631,13218.08,1997.489,5463.107,13226.17,2041.628,5466.305
13232.21,2049.329,5439.039,13176.94,1972.416,5462.226,13178.07,1983.601,5408.426,13218.28,1997.489,5463.039,13226.33,2041.628,5466.44
13232.24,2049.329,5438.832,13176.75,1972.416,5462.157,13178.1,1983.601,5408.221,13218.47,1997.489,5462.976,13226.49,2041.628,5466.577
13232.27,2049.329,5438.626,13176.55,1972.416,5462.092,13178.13,1983.601,5408.014,13218.67,1997.489,5462.917,13226.64,2041.628,5466.715
13232.3,2049.329,5438.42,13176.35,1972.416,5462.031,13178.15,1983.601,5407.807,13218.88,1997.489,5462.864,13226.8,2041.628,5466.854
13232.33,2049.329,5438.215,13176.15,1972.416,5461.974,13178.16,1983.601,5407.6,13219.08,1997.489,5462.816,13226.95,2041.628,5466.995
13232.37,2049.329,5438.011,13175.95,1972.416,5461.921,13178.17,1983.601,5407.392,13219.28,1997.489,5462.773,13227.1,2041.628,5467.137
13232.41,2049.329,5437.807,13175.75,1972.416,5461.872,13178.18,1983.601,5407.184,13219.49,1997.489,5462.735,13227.26,2041.628,5467.28
13232.46,2049.329,5437.603,13175.54,1972.416,5461.826,13178.18,1983.601,5406.975,13219.69,1997.489,5462.702,13227.41,2041.628,5467.424
13232.5,2049.329,5437.4,13175.34,1972.416,5461.784,13178.17,1983.601,5406.767,13219.9,1997.489,5462.673,13227.56,2041.628,5467.569
13232.55,2049.329,5437.198,13175.13,1972.416,5461.746,13178.16,1983.601,5406.559,13220.11,1997.489,5462.65,13227.7,2041.628,5467.716
13232.61,2049.329,5436.997,13174.93,1972.416,5461.711,13178.14,1983.601,5406.352,13220.31,1997.489,5462.632,13227.85,2041.628,5467.863
13232.66,2049.329,5436.796,13174.72,1972.416,5461.681,13178.12,1983.601,5406.145,13220.52,1997.489,5462.619,13228,2041.628,5468.012
13232.73,2049.329,5436.558,13174.48,1972.416,5461.648,13178.09,1983.601,5405.899,13220.77,1997.489,5462.608,13228.17,2041.628,5468.189
13232.82,2049.329,5436.259,13174.17,1972.416,5461.613,13178.04,1983.601,5405.59,13221.08,1997.489,5462.603,13228.39,2041.628,5468.415
13232.93,2049.329,5435.906,13173.8,1972.416,5461.578,13177.98,1983.601,5405.224,13221.45,1997.489,5462.604,13228.64,2041.628,5468.684
13233.05,2049.329,5435.537,13173.41,1972.416,5461.548,13177.9,1983.601,5404.844,13221.84,1997.489,5462.614,13228.91,2041.628,5468.967
13233.14,2049.329,5435.274,13173.13,1972.416,5461.532,13177.84,1983.601,5404.573,13222.12,1997.489,5462.628,13229.1,2041.628,5469.171
13233.28,2049.329,5434.871,13172.71,1972.416,5461.515,13177.74,1983.601,5404.158,13222.54,1997.489,5462.658,13229.38,2041.628,5469.487
13233.41,2049.329,5434.503,13172.32,1972.416,5461.506,13177.64,1983.601,5403.781,13222.93,1997.489,5462.693,13229.64,2041.628,5469.777
13233.53,2049.329,5434.182,13171.97,1972.416,5461.505,13177.55,1983.601,5403.452,13223.27,1997.489,5462.732,13229.87,2041.628,5470.033
13233.65,2049.329,5433.871,13171.64,1972.416,5461.509,13177.45,1983.601,5403.134,13223.6,1997.489,5462.776,13230.09,2041.628,5470.283
13233.76,2049.329,5433.564,13171.31,1972.416,5461.519,13177.35,1983.601,5402.822,13223.93,1997.489,5462.826,13230.3,2041.628,5470.531
13233.89,2049.329,5433.246,13170.97,1972.416,5461.535,13177.24,1983.601,5402.498,13224.26,1997.489,5462.884,13230.53,2041.628,5470.792
13233.99,2049.329,5432.996,13170.7,1972.416,5461.552,13177.15,1983.601,5402.245,13224.53,1997.489,5462.936,13230.7,2041.628,5470.998
13234.22,2049.329,5432.429,13170.09,1972.416,5461.601,13176.93,1983.601,5401.672,13225.13,1997.489,5463.063,13231.09,2041.628,5471.468
13234.41,2049.329,5431.983,13169.61,1972.416,5461.646,13176.75,1983.601,5401.223,13225.6,1997.489,5463.173,13231.4,2041.628,5471.84
13234.59,2049.329,5431.551,13169.15,1972.416,5461.697,13176.58,1983.601,5400.789,13226.05,1997.489,5463.287,13231.7,2041.628,5472.204
13234.77,2049.329,5431.133,13168.7,1972.416,5461.753,13176.4,1983.601,5400.369,13226.49,1997.489,5463.406,13231.98,2041.628,5472.558
13234.97,2049.329,5430.678,13168.2,1972.416,5461.821,13176.2,1983.601,5399.913,13226.97,1997.489,5463.543,13232.29,2041.628,5472.946
13235.18,2049.329,5430.205,13167.69,1972.416,5461.899,13175.99,1983.601,5399.439,13227.46,1997.489,5463.695,13232.61,2041.628,5473.353
13235.3,2049.329,5429.924,13167.39,1972.416,5461.949,13175.87,1983.601,5399.16,13227.75,1997.489,5463.79,13232.8,2041.628,5473.595
13235.45,2049.329,5429.597,13167.04,1972.416,5462.012,13175.72,1983.601,5398.833,13228.09,1997.489,5463.906,13233.02,2041.628,5473.879
13235.61,2049.329,5429.244,13166.65,1972.416,5462.085,13175.55,1983.601,5398.482,13228.46,1997.489,5464.037,13233.26,2041.628,5474.188
13235.77,2049.329,5428.902,13166.28,1972.416,5462.16,13175.39,1983.601,5398.142,13228.81,1997.489,5464.168,13233.49,2041.628,5474.488
13235.93,2049.329,5428.572,13165.93,1972.416,5462.237,13175.23,1983.601,5397.813,13229.15,1997.489,5464.301,13233.7,2041.628,5474.78
13236.08,2049.329,5428.253,13165.58,1972.416,5462.314,13175.08,1983.601,5397.497,13229.48,1997.489,5464.433,13233.92,2041.628,5475.063
13236.23,2049.329,5427.945,13165.25,1972.416,5462.393,13174.92,1983.601,5397.191,13229.8,1997.489,5464.565,13234.12,2041.628,5475.338
13236.37,2049.329,5427.646,13164.93,1972.416,5462.473,13174.77,1983.601,5396.895,13230.1,1997.489,5464.698,13234.31,2041.628,5475.606
13236.51,2049.329,5427.356,13164.62,1972.416,5462.553,13174.63,1983.601,5396.608,13230.39,1997.489,5464.83,13234.5,2041.628,5475.867
13236.65,2049.329,5427.077,13164.32,1972.416,5462.633,13174.49,1983.601,5396.33,13230.68,1997.489,5464.961,13234.68,2041.628,5476.12
13236.79,2049.329,5426.806,13164.02,1972.416,5462.713,13174.35,1983.601,5396.062,13230.95,1997.489,5465.091,13234.86,2041.628,5476.366
13236.92,2049.329,5426.544,13163.74,1972.416,5462.792,13174.21,1983.601,5395.802,13231.21,1997.489,5465.22,13235.03,2041.628,5476.605
13237.04,2049.329,5426.292,13163.47,1972.416,5462.876,13174.08,1983.601,5395.551,13231.46,1997.489,5465.347,13235.18,2041.628,5476.839
13237.24,2049.329,5425.906,13163.06,1972.416,5463.015,13173.88,1983.601,5395.169,13231.85,1997.489,5465.544,13235.42,2041.628,5477.202
13237.39,2049.329,5425.607,13162.75,1972.416,5463.129,13173.73,1983.601,5394.873,13232.14,1997.489,5465.701,13235.59,2041.628,5477.487
13237.48,2049.329,5425.422,13162.56,1972.416,5463.205,13173.63,1983.601,5394.688,13232.33,1997.489,5465.799,13235.7,2041.628,5477.667
13237.58,2049.329,5425.237,13162.36,1972.416,5463.285,13173.53,1983.601,5394.505,13232.51,1997.489,5465.899,13235.8,2041.628,5477.848
13237.9,2049.329,5424.621,13161.73,1972.416,5463.566,13173.2,1983.601,5393.894,13233.12,1997.489,5466.238,13236.13,2041.628,5478.458
13238.04,2049.329,5424.349,13161.45,1972.416,5463.696,13173.06,1983.601,5393.624,13233.38,1997.489,5466.39,13236.27,2041.628,5478.729
13238.26,2049.329,5423.923,13161.02,1972.416,5463.909,13172.83,1983.601,5393.202,13233.8,1997.489,5466.631,13236.48,2041.628,5479.16
13238.51,2049.329,5423.449,13160.55,1972.416,5464.155,13172.58,1983.601,5392.731,13234.26,1997.489,5466.903,13236.71,2041.628,5479.645
13238.78,2049.329,5422.927,13160.03,1972.416,5464.436,13172.3,1983.601,5392.213,13234.76,1997.489,5467.205,13236.96,2041.628,5480.182
13239.08,2049.329,5422.358,13159.47,1972.416,5464.752,13171.99,1983.601,5391.649,13235.31,1997.489,5467.538,13237.21,2041.628,5480.772
13239.4,2049.329,5421.744,13158.87,1972.416,5465.104,13171.66,1983.601,5391.04,13235.9,1997.489,5467.902,13237.47,2041.628,5481.415
13239.75,2049.329,5421.087,13158.24,1972.416,5465.489,13171.31,1983.601,5390.384,13236.54,1997.489,5468.29,13237.74,2041.628,5482.107
13240.13,2049.329,5420.376,13157.55,1972.416,5465.917,13170.93,1983.601,5389.672,13237.22,1997.489,5468.707,13238.02,2041.628,5482.86
13240.51,2049.329,5419.617,13156.84,1972.416,5466.378,13170.56,1983.601,5388.906,13237.95,1997.489,5469.146,13238.31,2041.628,5483.662
13240.96,2049.329,5418.672,13155.97,1972.416,5466.957,13170.14,1983.601,5387.949,13238.85,1997.489,5469.685,13238.64,2041.628,5484.654
13241.35,2049.329,5417.805,13155.18,1972.416,5467.493,13169.78,1983.601,5387.066,13239.67,1997.489,5470.172,13238.93,2041.628,5485.561
13241.6,2049.329,5417.227,13154.67,1972.416,5467.853,13169.56,1983.601,5386.476,13240.21,1997.489,5470.492,13239.11,2041.628,5486.163
13241.97,2049.329,5416.317,13153.87,1972.416,5468.421,13169.25,1983.601,5385.545,13241.05,1997.489,5470.989,13239.38,2041.628,5487.107
13242.24,2049.329,5415.595,13153.24,1972.416,5468.874,13169.03,1983.601,5384.805,13241.72,1997.489,5471.377,13239.58,2041.628,5487.853
13242.44,2049.329,5415.053,13152.78,1972.416,5469.215,13168.88,1983.601,5384.248,13242.22,1997.489,5471.666,13239.72,2041.628,5488.412
13242.75,2049.329,5414.127,13151.99,1972.416,5469.799,13168.66,1983.601,5383.295,13243.07,1997.489,5472.151,13239.95,2041.628,5489.363
13242.94,2049.329,5413.539,13151.5,1972.416,5470.171,13168.54,1983.601,5382.689,13243.6,1997.489,5472.456,13240.08,2041.628,5489.966
13243.1,2049.329,5413.005,13151.06,1972.416,5470.509,13168.45,1983.601,5382.14,13244.09,1997.489,5472.729,13240.19,2041.628,5490.511
13243.28,2049.329,5412.354,13150.52,1972.416,5470.921,13168.36,1983.601,5381.47,13244.68,1997.489,5473.058,13240.32,2041.628,5491.175
13243.44,2049.329,5411.724,13150.01,1972.416,5471.321,13168.29,1983.601,5380.821,13245.25,1997.489,5473.373,13240.43,2041.628,5491.817
13243.63,2049.329,5410.95,13149.38,1972.416,5471.812,13168.23,1983.601,5380.027,13245.95,1997.489,5473.754,13240.56,2041.628,5492.603
13243.75,2049.329,5410.451,13148.98,1972.416,5472.128,13168.21,1983.601,5379.515,13246.4,1997.489,5473.997,13240.64,2041.628,5493.109
13243.81,2049.329,5410.156,13148.75,1972.416,5472.322,13168.21,1983.601,5379.214,13246.66,1997.489,5474.142,13240.68,2041.628,5493.408
13244,2049.329,5409.163,13147.99,1972.416,5472.998,13168.22,1983.601,5378.202,13247.55,1997.489,5474.632,13240.8,2041.628,5494.412
13244.08,2049.329,5408.732,13147.68,1972.416,5473.3,13168.24,1983.601,5377.765,13247.93,1997.489,5474.846,13240.85,2041.628,5494.847
13244.17,2049.329,5408.176,13147.28,1972.416,5473.703,13168.28,1983.601,5377.202,13248.42,1997.489,5475.125,13240.91,2041.628,5495.409
13244.28,2049.329,5407.509,13146.83,1972.416,5474.2,13168.34,1983.601,5376.53,13249.01,1997.489,5475.46,13240.96,2041.628,5496.081
13244.38,2049.329,5406.792,13146.35,1972.416,5474.748,13168.39,1983.601,5375.806,13249.63,1997.489,5475.824,13241.02,2041.628,5496.804
13244.47,2049.329,5406.026,13145.86,1972.416,5475.345,13168.41,1983.601,5375.034,13250.3,1997.489,5476.214,13241.06,2041.628,5497.574
13244.57,2049.329,5405.198,13145.35,1972.416,5476.005,13168.41,1983.601,5374.2,13251.01,1997.489,5476.639,13241.1,2041.628,5498.406
13244.66,2049.329,5404.326,13144.83,1972.416,5476.712,13168.38,1983.601,5373.323,13251.77,1997.489,5477.089,13241.14,2041.628,5499.283
13244.75,2049.329,5403.408,13144.31,1972.416,5477.469,13168.32,1983.601,5372.403,13252.56,1997.489,5477.565,13241.16,2041.628,5500.204
13244.83,2049.329,5402.447,13143.78,1972.416,5478.275,13168.23,1983.601,5371.442,13253.38,1997.489,5478.066,13241.17,2041.628,5501.168
13244.9,2049.329,5401.443,13143.25,1972.416,5479.131,13168.11,1983.601,5370.443,13254.24,1997.489,5478.592,13241.18,2041.628,5502.175
13244.97,2049.329,5400.398,13142.72,1972.416,5480.036,13167.95,1983.601,5369.407,13255.13,1997.489,5479.142,13241.17,2041.628,5503.222
13245.03,2049.329,5399.305,13142.19,1972.416,5480.998,13167.76,1983.601,5368.328,13256.06,1997.489,5479.719,13241.15,2041.628,5504.317
13245.08,2049.329,5398.172,13141.68,1972.416,5482.009,13167.54,1983.601,5367.217,13257.02,1997.489,5480.319,13241.12,2041.628,5505.45
13245.12,2049.329,5397.004,13141.18,1972.416,5483.066,13167.27,1983.601,5366.079,13258.01,1997.489,5480.939,13241.08,2041.628,5506.618
13245.15,2049.329,5395.8,13140.7,1972.416,5484.17,13166.96,1983.601,5364.914,13259.03,1997.489,5481.581,13241.02,2041.628,5507.821
13245.23,2049.329,5394.561,13140.24,1972.416,5485.323,13166.68,1983.601,5363.705,13260.1,1997.489,5482.222,13240.95,2041.628,5509.059
13245.34,2049.329,5393.292,13139.76,1972.416,5486.507,13166.44,1983.601,5362.454,13261.2,1997.489,5482.858,13240.86,2041.628,5510.33
13245.56,2049.329,5391.544,13139.11,1972.416,5488.142,13166.16,1983.601,5360.716,13262.74,1997.489,5483.707,13240.71,2041.628,5512.084
13245.79,2049.329,5390.114,13138.58,1972.416,5489.487,13165.97,1983.601,5359.279,13264.02,1997.489,5484.379,13240.57,2041.628,5513.525
13245.99,2049.329,5388.822,13138.09,1972.416,5490.703,13165.84,1983.601,5357.976,13265.2,1997.489,5484.962,13240.42,2041.628,5514.825
13246.15,2049.329,5387.773,13137.7,1972.416,5491.688,13165.77,1983.601,5356.918,13266.16,1997.489,5485.414,13240.29,2041.628,5515.877
13246.32,2049.329,5386.49,13137.22,1972.416,5492.891,13165.71,1983.601,5355.625,13267.34,1997.489,5485.94,13240.11,2041.628,5517.159
13246.49,2049.329,5385.037,13136.68,1972.416,5494.251,13165.68,1983.601,5354.162,13268.69,1997.489,5486.506,13239.88,2041.628,5518.604
13246.64,2049.329,5383.555,13136.12,1972.416,5495.636,13165.69,1983.601,5352.671,13270.07,1997.489,5487.051,13239.63,2041.628,5520.073
13246.78,2049.329,5382.046,13135.56,1972.416,5497.044,13165.73,1983.601,5351.156,13271.5,1997.489,5487.574,13239.35,2041.628,5521.563
13246.9,2049.329,5380.505,13134.99,1972.416,5498.48,13165.82,1983.601,5349.613,13272.96,1997.489,5488.074,13239.04,2041.628,5523.077
13246.98,2049.329,5378.964,13134.42,1972.416,5499.914,13165.94,1983.601,5348.075,13274.43,1997.489,5488.54,13238.7,2041.628,5524.583
13247.02,2049.329,5377.166,13133.75,1972.416,5501.584,13166.14,1983.601,5346.287,13276.16,1997.489,5489.042,13238.28,2041.628,5526.331
13247.02,2049.329,5375.564,13133.16,1972.416,5503.073,13166.35,1983.601,5344.699,13277.71,1997.489,5489.452,13237.88,2041.628,5527.881
13247,2049.329,5374.508,13132.77,1972.416,5504.055,13166.51,1983.601,5343.655,13278.73,1997.489,5489.698,13237.59,2041.628,5528.899
13246.93,2049.329,5373.209,13132.28,1972.416,5505.262,13166.75,1983.601,5342.377,13280,1997.489,5489.97,13237.22,2041.628,5530.144
13246.81,2049.329,5371.629,13131.7,1972.416,5506.735,13167.08,1983.601,5340.827,13281.56,1997.489,5490.265,13236.74,2041.628,5531.654
13246.75,2049.329,5370.206,13131.17,1972.416,5508.058,13167.34,1983.601,5339.424,13282.97,1997.489,5490.495,13236.28,2041.628,5533.003
13246.74,2049.329,5369.242,13130.81,1972.416,5508.953,13167.47,1983.601,5338.471,13283.92,1997.489,5490.628,13235.96,2041.628,5533.909
13246.77,2049.329,5367.989,13130.35,1972.416,5510.118,13167.62,1983.601,5337.225,13285.17,1997.489,5490.771,13235.51,2041.628,5535.081
13246.84,2049.329,5366.642,13129.85,1972.416,5511.371,13167.72,1983.601,5335.88,13286.51,1997.489,5490.891,13235.01,2041.628,5536.332
13246.98,2049.329,5365.077,13129.26,1972.416,5512.83,13167.8,1983.601,5334.31,13288.08,1997.489,5490.992,13234.39,2041.628,5537.778
13247.08,2049.329,5363.362,13128.63,1972.416,5514.425,13167.86,1983.601,5332.594,13289.79,1997.489,5491.062,13233.69,2041.628,5539.345
13247.25,2049.329,5362.289,13128.23,1972.416,5515.435,13167.79,1983.601,5331.51,13290.88,1997.489,5491.079,13233.23,2041.628,5540.328
13247.42,2049.329,5360.976,13127.74,1972.416,5516.665,13167.75,1983.601,5330.186,13292.2,1997.489,5491.067,13232.65,2041.628,5541.516
13247.56,2049.329,5359.486,13127.18,1972.416,5518.054,13167.76,1983.601,5328.69,13293.7,1997.489,5491.017,13231.96,2041.628,5542.844
13247.65,2049.329,5357.968,13126.62,1972.416,5519.467,13167.81,1983.601,5327.17,13295.22,1997.489,5490.929,13231.24,2041.628,5544.182
13247.71,2049.329,5356.422,13126.04,1972.416,5520.903,13167.92,1983.601,5325.627,13296.76,1997.489,5490.802,13230.48,2041.628,5545.528
13247.73,2049.329,5354.845,13125.46,1972.416,5522.368,13168.08,1983.601,5324.059,13298.32,1997.489,5490.634,13229.67,2041.628,5546.885
13247.8,2049.329,5353.248,13124.87,1972.416,5523.854,13168.2,1983.601,5322.464,13299.91,1997.489,5490.425,13228.84,2041.628,5548.247
13247.92,2049.329,5351.63,13124.27,1972.416,5525.361,13168.51,1983.601,5320.871,13301.52,1997.489,5490.266,13228.03,2041.628,5549.655
13248.1,2049.329,5349.995,13123.66,1972.416,5526.889,13168.77,1983.601,5319.246,13303.17,1997.489,5490.158,13227.26,2041.628,5551.109
13248.34,2049.329,5348.346,13123.04,1972.416,5528.436,13168.98,1983.601,5317.594,13304.83,1997.489,5490.104,13226.53,2041.628,5552.606
13248.65,2049.329,5346.686,13122.41,1972.416,5530.005,13169.12,1983.601,5315.91,13306.52,1997.489,5490.093,13225.83,2041.628,5554.141
13249,2049.329,5345.011,13121.78,1972.416,5531.595,13169.31,1983.601,5314.21,13308.23,1997.489,5490.128,13225.15,2041.628,5555.712
13249.38,2049.329,5342.845,13120.96,1972.416,5533.638,13169.64,1983.601,5312.035,13310.43,1997.489,5490.233,13224.33,2041.628,5557.752
13249.63,2049.329,5341.142,13120.33,1972.416,5535.236,13169.94,1983.601,5310.34,13312.14,1997.489,5490.363,13223.73,2041.628,5559.363
13249.86,2049.329,5339.837,13119.84,1972.416,5536.467,13170.23,1983.601,5309.047,13313.46,1997.489,5490.5,13223.29,2041.628,5560.617
13250.22,2049.329,5338.085,13119.17,1972.416,5538.128,13170.74,1983.601,5307.333,13315.24,1997.489,5490.686,13222.71,2041.628,5562.309
13250.53,2049.329,5336.801,13118.68,1972.416,5539.355,13171.08,1983.601,5306.056,13316.55,1997.489,5490.823,13222.29,2041.628,5563.558
13251.1,2049.329,5334.752,13117.9,1972.416,5541.331,13171.55,1983.601,5303.982,13318.67,1997.489,5491.044,13221.59,2041.628,5565.569
13251.46,2049.329,5333.269,13117.33,1972.416,5542.748,13171.78,1983.601,5302.475,13320.19,1997.489,5491.202,13221.1,2041.628,5567.012
13251.79,2049.329,5331.699,13116.74,1972.416,5544.237,13172.08,1983.601,5300.898,13321.78,1997.489,5491.369,13220.58,2041.628,5568.528
13252.28,2049.329,5329.903,13116.05,1972.416,5545.968,13172.49,1983.601,5299.08,13323.63,1997.489,5491.562,13219.97,2041.628,5570.29
13252.77,2049.329,5327.887,13115.28,1972.416,5547.895,13173,1983.601,5297.071,13325.7,1997.489,5491.777,13219.3,2041.628,5572.252
13253.36,2049.329,5325.757,13114.46,1972.416,5549.947,13173.55,1983.601,5294.929,13327.9,1997.489,5492.007,13218.58,2041.628,5574.342
13253.69,2049.329,5324.394,13113.94,1972.416,5551.25,13173.89,1983.601,5293.57,13329.29,1997.489,5492.152,13218.12,2041.628,5575.668
13254.2,2049.329,5322.541,13113.23,1972.416,5553.036,13174.57,1983.601,5291.772,13331.2,1997.489,5492.352,13217.5,2041.628,5577.487
13254.71,2049.329,5320.668,13112.51,1972.416,5554.837,13175.2,1983.601,5289.937,13333.13,1997.489,5492.553,13216.87,2041.628,5579.321
13255.07,2049.329,5318.755,13111.79,1972.416,5556.646,13175.77,1983.601,5288.075,13335.07,1997.489,5492.755,13216.24,2041.628,5581.162
13255.54,2049.329,5316.643,13110.98,1972.416,5558.656,13176.48,1983.601,5286.03,13337.22,1997.489,5492.98,13215.53,2041.628,5583.209
13256.01,2049.329,5314.116,13110.03,1972.416,5561.043,13177.24,1983.601,5283.576,13339.78,1997.489,5493.247,13214.7,2041.628,5585.64
13256.41,2049.329,5312.304,13109.34,1972.416,5562.767,13177.74,1983.601,5281.787,13341.62,1997.489,5493.439,13214.09,2041.628,5587.395
13256.74,2049.329,5311.01,13108.85,1972.416,5564.007,13178.19,1983.601,5280.531,13342.95,1997.489,5493.578,13213.66,2041.628,5588.658
13257.13,2049.329,5308.828,13108.03,1972.416,5566.065,13178.88,1983.601,5278.424,13345.16,1997.489,5493.808,13212.94,2041.628,5590.754
13257.61,2049.329,5306.523,13107.16,1972.416,5568.252,13179.55,1983.601,5276.168,13347.5,1997.489,5494.052,13212.18,2041.628,5592.981
13257.85,2049.329,5305.05,13106.6,1972.416,5569.638,13179.93,1983.601,5274.726,13348.98,1997.489,5494.207,13211.69,2041.628,5594.393
13258.31,2049.329,5302.638,13105.69,1972.416,5571.919,13180.48,1983.601,5272.332,13351.42,1997.489,5494.461,13210.89,2041.628,5596.715
13258.94,2049.329,5299.83,13104.63,1972.416,5574.593,13181.03,1983.601,5269.506,13354.29,1997.489,5494.76,13209.96,2041.628,5599.438
13259.29,2049.329,5298.012,13103.94,1972.416,5576.313,13181.41,1983.601,5267.693,13356.13,1997.489,5494.952,13209.36,2041.628,5601.188
13259.41,2049.329,5297.508,13103.75,1972.416,5576.793,13181.54,1983.601,5267.194,13356.64,1997.489,5495.006,13209.19,2041.628,5601.678
13260.07,2049.329,5294.987,13102.78,1972.416,5579.212,13182.49,1983.601,5264.769,13359.23,1997.489,5495.276,13208.34,2041.628,5604.142
13260.66,2049.329,5292.986,13102.01,1972.416,5581.151,13183.27,1983.601,5262.831,13361.31,1997.489,5495.493,13207.66,2041.628,5606.115
13261.06,2049.329,5291.78,13101.54,1972.416,5582.331,13183.7,1983.601,5261.636,13362.57,1997.489,5495.625,13207.25,2041.628,5607.317
13261.92,2049.329,5288.983,13100.46,1972.416,5585.051,13184.61,1983.601,5258.852,13365.49,1997.489,5495.928,13206.3,2041.628,5610.086
13262.72,2049.329,5286.129,13099.36,1972.416,5587.802,13185.43,1983.601,5256.007,13368.43,1997.489,5496.235,13205.34,2041.628,5612.887
13263.14,2049.329,5284.778,13098.83,1972.416,5589.117,13186.04,1983.601,5254.728,13369.84,1997.489,5496.382,13204.88,2041.628,5614.227
13263.74,2049.329,5282.884,13098.1,1972.416,5590.963,13186.83,1983.601,5252.904,13371.82,1997.489,5496.588,13204.23,2041.628,5616.106
13264.39,2049.329,5280.847,13097.31,1972.416,5592.947,13187.61,1983.601,5250.918,13373.94,1997.489,5496.81,13203.54,2041.628,5618.126
13265.1,2049.329,5278.825,13096.51,1972.416,5594.938,13188.34,1983.601,5248.901,13376.07,1997.489,5497.032,13202.84,2041.628,5620.153
13266.58,2049.329,5275.003,13094.99,1972.416,5598.746,13189.64,1983.601,5245.013,13380.15,1997.489,5497.458,13201.51,2041.628,5624.03
13267.05,2049.329,5273.673,13094.47,1972.416,5600.055,13189.98,1983.601,5243.645,13381.55,1997.489,5497.604,13201.05,2041.628,5625.364
13267.19,2049.329,5273.266,13094.31,1972.416,5600.457,13190.07,1983.601,5243.221,13381.98,1997.489,5497.649,13200.91,2041.628,5625.773
13268.01,2049.329,5270.699,13093.31,1972.416,5602.959,13190.71,1983.601,5240.604,13384.66,1997.489,5497.928,13200.04,2041.628,5628.321
13268.6,2049.329,5268.606,13092.51,1972.416,5604.979,13191.29,1983.601,5238.508,13386.83,1997.489,5498.154,13199.33,2041.628,5630.377
13269.38,2049.329,5266.565,13091.7,1972.416,5607.007,13191.69,1983.601,5236.362,13389,1997.489,5498.38,13198.62,2041.628,5632.442
13270.27,2049.329,5263.953,13090.67,1972.416,5609.572,13192.28,1983.601,5233.665,13391.75,1997.489,5498.667,13197.72,2041.628,5635.054
13270.54,2049.329,5263.252,13090.4,1972.416,5610.268,13192.45,1983.601,5232.936,13392.49,1997.489,5498.745,13197.48,2041.628,5635.762
13271.67,2049.329,5259.94,13089.1,1972.416,5613.518,13193.38,1983.601,5229.562,13395.97,1997.489,5499.108,13196.34,2041.628,5639.072
13272.18,2049.329,5258.254,13088.45,1972.416,5615.155,13193.9,1983.601,5227.877,13397.72,1997.489,5499.291,13195.77,2041.628,5640.739
13272.84,2049.329,5255.458,13087.38,1972.416,5617.824,13194.84,1983.601,5225.164,13400.58,1997.489,5499.589,13194.84,2041.628,5643.457
13273.17,2049.329,5254.257,13086.92,1972.416,5618.98,13195.31,1983.601,5224.009,13401.82,1997.489,5499.718,13194.43,2041.628,5644.634
13274.12,2049.329,5251.147,13085.72,1972.416,5622.001,13196.42,1983.601,5220.952,13405.06,1997.489,5500.056,13193.38,2041.628,5647.71
13274.42,2049.329,5249.694,13085.17,1972.416,5623.38,13196.88,1983.601,5219.542,13406.53,1997.489,5500.209,13192.89,2041.628,5649.113
13274.99,2049.329,5247.31,13084.26,1972.416,5625.656,13197.57,1983.601,5217.189,13408.97,1997.489,5500.464,13192.1,2041.628,5651.431
13275.6,2049.329,5245.095,13083.41,1972.416,5627.79,13198.14,1983.601,5214.964,13411.25,1997.489,5500.702,13191.35,2041.628,5653.603
13275.95,2049.329,5243.636,13082.85,1972.416,5629.184,13198.31,1983.601,5213.474,13412.75,1997.489,5500.858,13190.86,2041.628,5655.022
13276.48,2049.329,5241.013,13081.86,1972.416,5631.67,13198.7,1983.601,5210.826,13415.41,1997.489,5501.136,13189.99,2041.628,5657.554
13276.82,2049.329,5239.029,13081.11,1972.416,5633.54,13199.06,1983.601,5208.845,13417.41,1997.489,5501.345,13189.34,2041.628,5659.458
13277.44,2049.329,5235.717,13079.87,1972.416,5636.668,13199.56,1983.601,5205.513,13420.76,1997.489,5501.694,13188.24,2041.628,5662.644
13277.56,2049.329,5234.979,13079.59,1972.416,5637.364,13199.69,1983.601,5204.776,13421.5,1997.489,5501.772,13188,2041.628,5663.352
13277.58,2049.329,5231.825,13078.42,1972.416,5640.292,13200.15,1983.601,5201.657,13424.64,1997.489,5502.099,13186.98,2041.628,5666.334
13277.57,2049.329,5229.85,13077.69,1972.416,5642.127,13200.38,1983.601,5199.695,13426.61,1997.489,5502.304,13186.33,2041.628,5668.202
13277.42,2049.329,5227.312,13076.75,1972.416,5644.489,13200.59,1983.601,5197.161,13429.13,1997.489,5502.568,13185.51,2041.628,5670.607
13277.37,2049.329,5225.35,13076.02,1972.416,5646.312,13200.69,1983.601,5195.201,13431.09,1997.489,5502.771,13184.87,2041.628,5672.463
13277.39,2049.329,5222.18,13074.84,1972.416,5649.257,13200.74,1983.601,5192.031,13434.24,1997.489,5503.101,13183.84,2041.628,5675.462
13277.45,2049.329,5220.668,13074.28,1972.416,5650.662,13200.81,1983.601,5190.52,13435.74,1997.489,5503.257,13183.35,2041.628,5676.892
13277.6,2049.329,5218.553,13073.5,1972.416,5652.631,13201.15,1983.601,5188.426,13437.85,1997.489,5503.478,13182.66,2041.628,5678.898
13277.84,2049.329,5216.299,13072.66,1972.416,5654.736,13201.67,1983.601,5186.219,13440.11,1997.489,5503.713,13181.92,2041.628,5681.042
13278.14,2049.329,5214.112,13071.84,1972.416,5656.788,13202.09,1983.601,5184.052,13442.3,1997.489,5503.942,13181.21,2041.628,5683.13
13278.23,2049.329,5211.342,13070.81,1972.416,5659.361,13202.82,1983.601,5181.378,13445.06,1997.489,5504.229,13180.31,2041.628,5685.751
13278.3,2049.329,5210.171,13070.38,1972.416,5660.451,13203.09,1983.601,5180.237,13446.23,1997.489,5504.351,13179.92,2041.628,5686.86
13278.6,2049.329,5206.988,13069.19,1972.416,5663.421,13203.72,1983.601,5177.102,13449.41,1997.489,5504.683,13178.89,2041.628,5689.885
13278.93,2049.329,5204.458,13068.25,1972.416,5665.791,13204.15,1983.601,5174.587,13451.94,1997.489,5504.948,13178.06,2041.628,5692.297
13279,2049.329,5203.999,13068.08,1972.416,5666.222,13204.22,1983.601,5174.127,13452.41,1997.489,5504.996,13177.91,2041.628,5692.737
13279.41,2049.329,5202.304,13067.43,1972.416,5667.841,13204.54,1983.601,5172.414,13454.14,1997.489,5505.177,13177.34,2041.628,5694.385
13279.9,2049.329,5200.605,13066.78,1972.416,5669.484,13204.87,1983.601,5170.676,13455.9,1997.489,5505.36,13176.76,2041.628,5696.059
13280.51,2049.329,5198.304,13065.89,1972.416,5671.696,13205.14,1983.601,5168.31,13458.27,1997.489,5505.607,13175.99,2041.628,5698.311
13280.87,2049.329,5196.774,13065.31,1972.416,5673.154,13205.37,1983.601,5166.756,13459.83,1997.489,5505.771,13175.48,2041.628,5699.796
13280.95,2049.329,5196.364,13065.16,1972.416,5673.542,13205.44,1983.601,5166.346,13460.24,1997.489,5505.814,13175.34,2041.628,5700.191
13281.4,2049.329,5193.604,13064.12,1972.416,5676.14,13206.03,1983.601,5163.611,13463.03,1997.489,5506.104,13174.44,2041.628,5702.836
13281.65,2049.329,5192.325,13063.64,1972.416,5677.35,13206.26,1983.601,5162.33,13464.32,1997.489,5506.239,13174.01,2041.628,5704.068
13281.83,2049.329,5191.262,13063.24,1972.416,5678.351,13206.35,1983.601,5161.256,13465.39,1997.489,5506.351,13173.66,2041.628,5705.087
13282.17,2049.329,5189.536,13062.59,1972.416,5679.985,13206.56,1983.601,5159.508,13467.14,1997.489,5506.534,13173.09,2041.628,5706.751
13282.53,2049.329,5187.466,13061.81,1972.416,5681.938,13206.69,1983.601,5157.411,13469.23,1997.489,5506.752,13172.41,2041.628,5708.739
13282.72,2049.329,5186.116,13061.3,1972.416,5683.204,13206.81,1983.601,5156.053,13470.59,1997.489,5506.894,13171.96,2041.628,5710.028
13282.76,2049.329,5185.732,13061.16,1972.416,5683.562,13206.81,1983.601,5155.668,13470.97,1997.489,5506.934,13171.84,2041.628,5710.393
13282.97,2049.329,5183.577,13060.36,1972.416,5685.573,13206.83,1983.601,5153.503,13473.13,1997.489,5507.158,13171.14,2041.628,5712.44
13283.04,2049.329,5182.507,13059.96,1972.416,5686.569,13206.88,1983.601,5152.432,13474.19,1997.489,5507.27,13170.79,2041.628,5713.454
13283.1,2049.329,5180.58,13059.25,1972.416,5688.359,13207.03,1983.601,5150.51,13476.11,1997.489,5507.47,13170.16,2041.628,5715.277
13283.2,2049.329,5178.945,13058.64,1972.416,5689.881,13207.1,1983.601,5148.873,13477.74,1997.489,5507.64,13169.63,2041.628,5716.827
13283.38,2049.329,5177.292,13058.02,1972.416,5691.425,13207.23,1983.601,5147.216,13479.39,1997.489,5507.812,13169.09,2041.628,5718.399
13283.67,2049.329,5175.637,13057.4,1972.416,5692.987,13207.42,1983.601,5145.545,13481.07,1997.489,5507.986,13168.54,2041.628,5719.989
13284.06,2049.329,5173.978,13056.77,1972.416,5694.568,13207.66,1983.601,5143.859,13482.76,1997.489,5508.163,13167.99,2041.628,5721.6
13284.36,2049.329,5172.463,13056.2,1972.416,5696.004,13207.89,1983.601,5142.331,13484.3,1997.489,5508.324,13167.49,2041.628,5723.062
13284.8,2049.329,5169.875,13055.22,1972.416,5698.442,13208.23,1983.601,5139.728,13486.91,1997.489,5508.596,13166.64,2041.628,5725.544
13285.21,2049.329,5168.152,13054.57,1972.416,5700.086,13208.52,1983.601,5137.981,13488.67,1997.489,5508.78,13166.06,2041.628,5727.218
13285.45,2049.329,5167.363,13054.26,1972.416,5700.854,13208.68,1983.601,5137.171,13489.49,1997.489,5508.866,13165.79,2041.628,5728
13286.16,2049.329,5164.813,13053.28,1972.416,5703.312,13209.19,1983.601,5134.575,13492.12,1997.489,5509.14,13164.93,2041.628,5730.502
13286.44,2049.329,5163.632,13052.83,1972.416,5704.44,13209.46,1983.601,5133.391,13493.33,1997.489,5509.266,13164.54,2041.628,5731.651
13286.82,2049.329,5161.836,13052.15,1972.416,5706.143,13209.93,1983.601,5131.619,13495.15,1997.489,5509.457,13163.94,2041.628,5733.385
13287.16,2049.329,5160.404,13051.6,1972.416,5707.511,13210.26,1983.601,5130.183,13496.62,1997.489,5509.609,13163.46,2041.628,5734.779
13287.77,2049.329,5157.472,13050.5,1972.416,5710.292,13210.67,1983.601,5127.217,13499.6,1997.489,5509.92,13162.49,2041.628,5737.611
13288.09,2049.329,5155.619,13049.8,1972.416,5712.039,13210.99,1983.601,5125.364,13501.47,1997.489,5510.115,13161.88,2041.628,5739.389
13288.18,2049.329,5154.993,13049.56,1972.416,5712.626,13211.02,1983.601,5124.732,13502.1,1997.489,5510.18,13161.68,2041.628,5739.987
13288.52,2049.329,5151.817,13048.38,1972.416,5715.592,13211.29,1983.601,5121.55,13505.27,1997.489,5510.512,13160.64,2041.628,5743.007
13288.67,2049.329,5149.762,13047.62,1972.416,5717.506,13211.54,1983.601,5119.504,13507.32,1997.489,5510.726,13159.97,2041.628,5744.956
13288.83,2049.329,5147.176,13046.66,1972.416,5719.912,13211.76,1983.601,5116.923,13509.9,1997.489,5510.994,13159.13,2041.628,5747.406
13288.96,2049.329,5145.711,13046.11,1972.416,5721.279,13211.83,1983.601,5115.454,13511.36,1997.489,5511.147,13158.65,2041.628,5748.797
13289.14,2049.329,5144.582,13045.69,1972.416,5722.341,13211.93,1983.601,5114.314,13512.5,1997.489,5511.266,13158.28,2041.628,5749.878
13289.35,2049.329,5143.268,13045.2,1972.416,5723.577,13212.09,1983.601,5112.993,13513.82,1997.489,5511.404,13157.84,2041.628,5751.137
13289.66,2049.329,5140.911,13044.32,1972.416,5725.784,13212.45,1983.601,5110.644,13516.19,1997.489,5511.65,13157.07,2041.628,5753.384
13289.98,2049.329,5138.937,13043.57,1972.416,5727.642,13213.03,1983.601,5108.729,13518.18,1997.489,5511.858,13156.42,2041.628,5755.276
13290.36,2049.329,5136.961,13042.83,1972.416,5729.511,13213.54,1983.601,5106.786,13520.18,1997.489,5512.067,13155.77,2041.628,5757.179
13290.94,2049.329,5134.392,13041.85,1972.416,5731.958,13214.25,1983.601,5104.247,13522.8,1997.489,5512.34,13154.91,2041.628,5759.671
13291.65,2049.329,5131.698,13040.82,1972.416,5734.546,13215.03,1983.601,5101.574,13525.57,1997.489,5512.629,13154.01,2041.628,5762.306
13292.25,2049.329,5129.457,13039.96,1972.416,5736.702,13215.65,1983.601,5099.336,13527.88,1997.489,5512.87,13153.25,2041.628,5764.501
13292.49,2049.329,5127.419,13039.2,1972.416,5738.606,13216.43,1983.601,5097.44,13529.92,1997.489,5513.083,13152.59,2041.628,5766.441
13292.56,2049.329,5126.907,13039.01,1972.416,5739.087,13216.61,1983.601,5096.956,13530.43,1997.489,5513.137,13152.42,2041.628,5766.93
13293.19,2049.329,5123.448,13037.71,1972.416,5742.353,13217.73,1983.601,5093.624,13533.93,1997.489,5513.501,13151.28,2041.628,5770.255
13293.33,2049.329,5122.495,13037.35,1972.416,5743.248,13218.01,1983.601,5092.701,13534.89,1997.489,5513.602,13150.96,2041.628,5771.167
13293.58,2049.329,5121.183,13036.85,1972.416,5744.487,13218.36,1983.601,5091.412,13536.21,1997.489,5513.74,13150.53,2041.628,5772.429
13294.09,2049.329,5118.843,13035.97,1972.416,5746.713,13219.1,1983.601,5089.135,13538.6,1997.489,5513.988,13149.75,2041.628,5774.695
13294.29,2049.329,5117.85,13035.59,1972.416,5747.653,13219.39,1983.601,5088.163,13539.6,1997.489,5514.093,13149.42,2041.628,5775.653
13294.86,2049.329,5115.373,13034.65,1972.416,5750.013,13220.02,1983.601,5085.702,13542.13,1997.489,5514.357,13148.6,2041.628,5778.057
13295.14,2049.329,5114.288,13034.23,1972.416,5751.055,13220.31,1983.601,5084.618,13543.25,1997.489,5514.473,13148.23,2041.628,5779.118
13295.61,2049.329,5112.729,13033.63,1972.416,5752.567,13220.7,1983.601,5083.039,13544.87,1997.489,5514.642,13147.7,2041.628,5780.657
13296.09,2049.329,5110.9,13032.93,1972.416,5754.324,13220.98,1983.601,5081.168,13546.75,1997.489,5514.838,13147.09,2041.628,5782.445
13296.45,2049.329,5109.42,13032.37,1972.416,5755.737,13221.26,1983.601,5079.671,13548.26,1997.489,5514.996,13146.59,2041.628,5783.885
13296.68,2049.329,5108.259,13031.93,1972.416,5756.838,13221.51,1983.601,5078.513,13549.44,1997.489,5515.119,13146.21,2041.628,5785.005
13296.95,2049.329,5106.385,13031.23,1972.416,5758.596,13222.09,1983.601,5076.71,13551.32,1997.489,5515.315,13145.59,2041.628,5786.796
13297.1,2049.329,5105.575,13030.92,1972.416,5759.36,13222.31,1983.601,5075.919,13552.14,1997.489,5515.401,13145.33,2041.628,5787.574
13297.62,2049.329,5103.117,13029.99,1972.416,5761.694,13222.92,1983.601,5073.481,13554.64,1997.489,5515.662,13144.51,2041.628,5789.951
13298.01,2049.329,5100.588,13029.04,1972.416,5764.07,13223.86,1983.601,5071.102,13557.18,1997.489,5515.927,13143.68,2041.628,5792.37
13298.06,2049.329,5100.28,13028.93,1972.416,5764.361,13223.97,1983.601,5070.807,13557.5,1997.489,5515.959,13143.58,2041.628,5792.666
13298.13,2049.329,5099.964,13028.81,1972.416,5764.662,13224.06,1983.601,5070.499,13557.82,1997.489,5515.993,13143.47,2041.628,5792.973
13298.91,2049.329,5096.853,13027.62,1972.416,5767.639,13224.94,1983.601,5067.416,13561.01,1997.489,5516.326,13142.43,2041.628,5796.004
13299.22,2049.329,5095.599,13027.14,1972.416,5768.84,13225.26,1983.601,5066.162,13562.29,1997.489,5516.46,13142.01,2041.628,5797.227
13299.35,2049.329,5094.615,13026.77,1972.416,5769.761,13225.47,1983.601,5065.192,13563.28,1997.489,5516.563,13141.69,2041.628,5798.165
13299.62,2049.329,5092.971,13026.16,1972.416,5771.308,13225.8,1983.601,5063.561,13564.93,1997.489,5516.736,13141.15,2041.628,5799.74
13299.94,2049.329,5091.316,13025.53,1972.416,5772.875,13226.13,1983.601,5061.907,13566.61,1997.489,5516.911,13140.6,2041.628,5801.335
13300.49,2049.329,5088.977,13024.64,1972.416,5775.105,13226.65,1983.601,5059.563,13569,1997.489,5517.16,13139.82,2041.628,5803.607
13300.94,2049.329,5086.7,13023.78,1972.416,5777.261,13227.09,1983.601,5057.284,13571.31,1997.489,5517.4,13139.07,2041.628,5805.801
13301.16,2049.329,5085.923,13023.48,1972.416,5778.013,13227.2,1983.601,5056.481,13572.11,1997.489,5517.484,13138.8,2041.628,5806.567
13301.56,2049.329,5084.542,13022.95,1972.416,5779.349,13227.42,1983.601,5055.062,13573.54,1997.489,5517.634,13138.34,2041.628,5807.927
13302.05,2049.329,5082.596,13022.21,1972.416,5781.212,13227.7,1983.601,5053.074,13575.54,1997.489,5517.842,13137.68,2041.628,5809.825
13302.39,2049.329,5081.065,13021.63,1972.416,5782.668,13227.96,1983.601,5051.529,13577.1,1997.489,5518.004,13137.17,2041.628,5811.307
13302.72,2049.329,5079.273,13020.95,1972.416,5784.36,13228.33,1983.601,5049.745,13578.91,1997.489,5518.193,13136.58,2041.628,5813.03
13303.21,2049.329,5077.003,13020.09,1972.416,5786.519,13229.14,1983.601,5047.566,13581.22,1997.489,5518.435,13135.83,2041.628,5815.227
13303.37,2049.329,5076.387,13019.85,1972.416,5787.109,13229.34,1983.601,5046.963,13581.85,1997.489,5518.5,13135.62,2041.628,5815.829
13303.83,2049.329,5073.449,13018.75,1972.416,5789.872,13230.19,1983.601,5044.114,13584.81,1997.489,5518.809,13134.66,2041.628,5818.641
13304.04,2049.329,5072.342,13018.33,1972.416,5790.919,13230.48,1983.601,5043.024,13585.93,1997.489,5518.926,13134.29,2041.628,5819.708
13304.69,2049.329,5069.495,13017.25,1972.416,5793.63,13231.18,1983.601,5040.192,13588.83,1997.489,5519.229,13133.34,2041.628,5822.468
13304.9,2049.329,5068.235,13016.78,1972.416,5794.817,13231.67,1983.601,5039.008,13590.11,1997.489,5519.362,13132.93,2041.628,5823.677
13305.28,2049.329,5066.345,13016.07,1972.416,5796.608,13232.33,1983.601,5037.2,13592.02,1997.489,5519.562,13132.3,2041.628,5825.5
13305.73,2049.329,5064.455,13015.35,1972.416,5798.412,13232.95,1983.601,5035.357,13593.96,1997.489,5519.764,13131.67,2041.628,5827.337
13306.16,2049.329,5062.55,13014.62,1972.416,5800.226,13233.5,1983.601,5033.485,13595.9,1997.489,5519.966,13131.03,2041.628,5829.184
13307.05,2049.329,5059.121,13013.31,1972.416,5803.516,13234.4,1983.601,5030.059,13599.42,1997.489,5520.334,13129.88,2041.628,5832.534
13307.18,2049.329,5058.646,13013.13,1972.416,5803.974,13234.51,1983.601,5029.578,13599.91,1997.489,5520.385,13129.72,2041.628,5833
13307.81,2049.329,5056.112,13012.16,1972.416,5806.398,13234.82,1983.601,5026.986,13602.51,1997.489,5520.656,13128.88,2041.628,5835.469
13308.07,2049.329,5054.899,13011.7,1972.416,5807.551,13235.01,1983.601,5025.76,13603.74,1997.489,5520.785,13128.47,2041.628,5836.643
13308.37,2049.329,5053.218,13011.07,1972.416,5809.136,13235.33,1983.601,5024.083,13605.44,1997.489,5520.962,13127.92,2041.628,5838.257
13308.57,2049.329,5051.467,13010.41,1972.416,5810.773,13235.69,1983.601,5022.357,13607.19,1997.489,5521.146,13127.34,2041.628,5839.924
13308.82,2049.329,5049.774,13009.78,1972.416,5812.363,13235.98,1983.601,5020.671,13608.9,1997.489,5521.323,13126.79,2041.628,5841.543
13308.92,2049.329,5048.117,13009.17,1972.416,5813.905,13236.22,1983.601,5019.027,13610.55,1997.489,5521.496,13126.25,2041.628,5843.113
13309.07,2049.329,5046.513,13008.57,1972.416,5815.401,13236.39,1983.601,5017.425,13612.15,1997.489,5521.663,13125.73,2041.628,5844.637
13309.25,2049.329,5044.968,13007.99,1972.416,5816.846,13236.51,1983.601,5015.875,13613.7,1997.489,5521.824,13125.22,2041.628,5846.107
13309.44,2049.329,5042.593,13007.11,1972.416,5819.059,13236.76,1983.601,5013.506,13616.07,1997.489,5522.071,13124.45,2041.628,5848.361
13309.66,2049.329,5040.661,13006.39,1972.416,5820.865,13237.13,1983.601,5011.597,13618,1997.489,5522.272,13123.81,2041.628,5850.201
13309.78,2049.329,5039.838,13006.08,1972.416,5821.638,13237.27,1983.601,5010.776,13618.83,1997.489,5522.359,13123.54,2041.628,5850.987
13309.89,2049.329,5039.246,13005.86,1972.416,5822.196,13237.34,1983.601,5010.18,13619.43,1997.489,5522.421,13123.35,2041.628,5851.556
13310.22,2049.329,5037.376,13005.15,1972.416,5823.959,13237.65,1983.601,5008.306,13621.31,1997.489,5522.618,13122.73,2041.628,5853.351
13310.34,2049.329,5036.462,13004.81,1972.416,5824.817,13237.82,1983.601,5007.4,13622.23,1997.489,5522.714,13122.43,2041.628,5854.224
13310.49,2049.329,5035.148,13004.32,1972.416,5826.044,13238.08,1983.601,5006.105,13623.55,1997.489,5522.851,13122,2041.628,5855.474
13310.82,2049.329,5032.797,13003.44,1972.416,5828.249,13238.48,1983.601,5003.764,13625.91,1997.489,5523.097,13121.23,2041.628,5857.719
13310.88,2049.329,5032.436,13003.31,1972.416,5828.59,13238.56,1983.601,5003.407,13626.27,1997.489,5523.135,13121.11,2041.628,5858.066
13311,2049.329,5030.635,13002.64,1972.416,5830.267,13239.15,1983.601,5001.699,13628.07,1997.489,5523.323,13120.53,2041.628,5859.773
13311.19,2049.329,5028.874,13001.98,1972.416,5831.911,13239.67,1983.601,5000.007,13629.83,1997.489,5523.506,13119.95,2041.628,5861.447
13311.34,2049.329,5027.747,13001.56,1972.416,5832.968,13239.97,1983.601,4998.909,13630.96,1997.489,5523.625,13119.58,2041.628,5862.524
13311.51,2049.329,5026.184,13000.98,1972.416,5834.428,13240.33,1983.601,4997.379,13632.52,1997.489,5523.788,13119.07,2041.628,5864.01
13311.79,2049.329,5024.121,13000.21,1972.416,5836.362,13240.74,1983.601,4995.338,13634.6,1997.489,5524.004,13118.39,2041.628,5865.98
13311.95,2049.329,5023.227,12999.87,1972.416,5837.205,13240.93,1983.601,4994.45,13635.5,1997.489,5524.098,13118.1,2041.628,5866.838
13312.4,2049.329,5020.971,12999.02,1972.416,5839.342,13241.33,1983.601,4992.183,13637.79,1997.489,5524.337,13117.35,2041.628,5869.014
13312.5,2049.329,5020.403,12998.81,1972.416,5839.877,13241.44,1983.601,4991.62,13638.36,1997.489,5524.396,13117.16,2041.628,5869.558
13313.02,2049.329,5017.779,12997.81,1972.416,5842.363,13242.17,1983.601,4989.045,13641.02,1997.489,5524.674,13116.29,2041.628,5872.09
13313.42,2049.329,5016.105,12997.18,1972.416,5843.961,13242.69,1983.601,4987.403,13642.73,1997.489,5524.853,13115.73,2041.628,5873.717
13313.98,2049.329,5013.74,12996.28,1972.416,5846.218,13243.34,1983.601,4985.062,13645.15,1997.489,5525.105,13114.95,2041.628,5876.015
13314.39,2049.329,5012.229,12995.7,1972.416,5847.673,13243.71,1983.601,4983.54,13646.71,1997.489,5525.268,13114.44,2041.628,5877.496
13314.49,2049.329,5011.798,12995.53,1972.416,5848.084,13243.83,1983.601,4983.114,13647.15,1997.489,5525.313,13114.29,2041.628,5877.915
13315.08,2049.329,5009.64,12994.7,1972.416,5850.161,13244.36,1983.601,4980.941,13649.37,1997.489,5525.545,13113.57,2041.628,5880.029
13315.49,2049.329,5007.887,12994.04,1972.416,5851.834,13244.53,1983.601,4979.148,13651.16,1997.489,5525.732,13112.98,2041.628,5881.733
13315.85,2049.329,5006.104,12993.36,1972.416,5853.523,13244.77,1983.601,4977.345,13652.97,1997.489,5525.921,13112.39,2041.628,5883.453
13316.25,2049.329,5004.507,12992.75,1972.416,5855.053,13245.04,1983.601,4975.721,13654.61,1997.489,5526.092,13111.86,2041.628,5885.011
13316.83,2049.329,5001.788,12991.72,1972.416,5857.636,13245.58,1983.601,4972.993,13657.38,1997.489,5526.381,13110.95,2041.628,5887.641
13316.98,2049.329,5001.182,12991.49,1972.416,5858.215,13245.73,1983.601,4972.386,13658,1997.489,5526.445,13110.75,2041.628,5888.23
13317.7,2049.329,4998.902,12990.61,1972.416,5860.436,13246.26,1983.601,4970.056,13660.37,1997.489,5526.693,13109.97,2041.628,5890.492
13318.21,2049.329,4997.076,12989.9,1972.416,5862.198,13246.75,1983.601,4968.222,13662.26,1997.489,5526.89,13109.36,2041.628,5892.287
13319.33,2049.329,4994.635,12988.91,1972.416,5864.69,13247.52,1983.601,4965.652,13664.93,1997.489,5527.168,13108.49,2041.628,5894.824
13320.07,2049.329,4992.853,12988.19,1972.416,5866.484,13248.1,1983.601,4963.812,13666.85,1997.489,5527.369,13107.86,2041.628,5896.65
13320.39,2049.329,4992.013,12987.86,1972.416,5867.319,13248.36,1983.601,4962.95,13667.74,1997.489,5527.462,13107.57,2041.628,5897.5
13321.57,2049.329,4989.394,12986.79,1972.416,5869.987,13249.27,1983.601,4960.225,13670.6,1997.489,5527.76,13106.63,2041.628,5900.218
13322.07,2049.329,4988.18,12986.31,1972.416,5871.207,13249.72,1983.601,4958.994,13671.91,1997.489,5527.896,13106.21,2041.628,5901.459
13322.77,2049.329,4986.326,12985.58,1972.416,5873.045,13250.47,1983.601,4957.161,13673.88,1997.489,5528.102,13105.56,2041.628,5903.332
13323.43,2049.329,4984.451,12984.84,1972.416,5874.893,13251.3,1983.601,4955.354,13675.85,1997.489,5528.308,13104.92,2041.628,5905.213
13324.39,2049.329,4982.021,12983.87,1972.416,5877.317,13252.32,1983.601,4952.95,13678.45,1997.489,5528.579,13104.07,2041.628,5907.682
13325.03,2049.329,4980.48,12983.25,1972.416,5878.869,13253.15,1983.601,4951.501,13680.11,1997.489,5528.752,13103.52,2041.628,5909.262
13325.65,2049.329,4978.834,12982.6,1972.416,5880.501,13253.98,1983.601,4949.95,13681.86,1997.489,5528.935,13102.95,2041.628,5910.924
13326.42,2049.329,4976.954,12981.85,1972.416,5882.391,13254.87,1983.601,4948.125,13683.88,1997.489,5529.146,13102.29,2041.628,5912.847
13327.12,2049.329,4975.032,12981.09,1972.416,5884.29,13255.82,1983.601,4946.312,13685.92,1997.489,5529.357,13101.63,2041.628,5914.781
13327.89,2049.329,4973.126,12980.33,1972.416,5886.198,13256.71,1983.601,4944.46,13687.96,1997.489,5529.57,13100.96,2041.628,5916.724
13328.7,2049.329,4971.227,12979.56,1972.416,5888.114,13257.54,1983.601,4942.572,13690.01,1997.489,5529.784,13100.29,2041.628,5918.675
13329.57,2049.329,4969.344,12978.79,1972.416,5890.042,13258.32,1983.601,4940.646,13692.08,1997.489,5530,13099.62,2041.628,5920.639
13330.71,2049.329,4966.662,12977.71,1972.416,5892.75,13259.29,1983.601,4937.899,13694.97,1997.489,5530.302,13098.67,2041.628,5923.395
13331.46,2049.329,4964.715,12976.94,1972.416,5894.688,13260.06,1983.601,4935.957,13697.05,1997.489,5530.519,13097.99,2041.628,5925.37
13332.01,2049.329,4963.425,12976.46,1972.416,5896.007,13260.61,1983.601,4934.669,13698.44,1997.489,5530.709,13097.58,2041.628,5926.709
13332.84,2049.329,4961.638,12975.86,1972.416,5897.881,13261.45,1983.601,4932.887,13700.38,1997.489,5531.042,13097.06,2041.628,5928.611
13333.87,2049.329,4959.606,12975.22,1972.416,5900.067,13262.49,1983.601,4930.86,13702.61,1997.489,5531.499,13096.54,2041.628,5930.825
13334.98,2049.329,4957.564,12974.65,1972.416,5902.323,13263.61,1983.601,4928.824,13704.88,1997.489,5532.04,13096.08,2041.628,5933.106
13335.71,2049.329,4956.334,12974.34,1972.416,5903.717,13264.35,1983.601,4927.599,13706.25,1997.489,5532.417,13095.84,2041.628,5934.513
13336.92,2049.329,4954.429,12973.93,1972.416,5905.936,13265.57,1983.601,4925.7,13708.41,1997.489,5533.085,13095.54,2041.628,5936.749
13338.14,2049.329,4952.636,12973.54,1972.416,5908.07,13266.95,1983.601,4924.027,13710.48,1997.489,5533.727,13095.24,2041.628,5938.899
13339.17,2049.329,4951.222,12973.22,1972.416,5909.792,13268.14,1983.601,4922.746,13712.15,1997.489,5534.245,13095.01,2041.628,5940.636
13340.15,2049.329,4949.972,12972.93,1972.416,5911.352,13269.19,1983.601,4921.551,13713.67,1997.489,5534.714,13094.8,2041.628,5942.208
13340.87,2049.329,4949.116,12972.73,1972.416,5912.45,13269.89,1983.601,4920.687,13714.74,1997.489,5535.044,13094.65,2041.628,5943.314
13342.93,2049.329,4947.257,12972.22,1972.416,5915.179,13271.46,1983.601,4918.392,13717.39,1997.489,5535.866,13094.27,2041.628,5946.065
13343.76,2049.329,4946.462,12972.01,1972.416,5916.307,13272.13,1983.601,4917.465,13718.48,1997.489,5536.205,13094.12,2041.628,5947.201
13344.28,2049.329,4945.922,12971.87,1972.416,5917.048,13272.59,1983.601,4916.872,13719.2,1997.489,5536.428,13094.02,2041.628,5947.948
13345.66,2049.329,4944.41,12971.5,1972.416,5919.061,13273.91,1983.601,4915.3,13721.16,1997.489,5537.034,13093.75,2041.628,5949.977
13346.57,2049.329,4943.344,12971.25,1972.416,5920.438,13274.77,1983.601,4914.197,13722.49,1997.489,5537.448,13093.56,2041.628,5951.365
13346.97,2049.329,4942.846,12971.13,1972.416,5921.065,13275.15,1983.601,4913.685,13723.1,1997.489,5537.637,13093.47,2041.628,5951.997
13348.24,2049.329,4941.142,12970.74,1972.416,5923.156,13276.47,1983.601,4912.021,13725.13,1997.489,5538.266,13093.19,2041.628,5954.104
13349.29,2049.329,4939.822,12970.43,1972.416,5924.817,13277.48,1983.601,4910.665,13726.75,1997.489,5538.765,13092.96,2041.628,5955.778
13349.48,2049.329,4939.575,12970.38,1972.416,5925.121,13277.67,1983.601,4910.423,13727.04,1997.489,5538.856,13092.92,2041.628,5956.084
13350.2,2049.329,4938.669,12970.17,1972.416,5926.26,13278.37,1983.601,4909.493,13728.15,1997.489,5539.199,13092.76,2041.628,5957.232
13350.91,2049.329,4937.727,12969.95,1972.416,5927.416,13278.94,1983.601,4908.469,13729.27,1997.489,5539.547,13092.61,2041.628,5958.397
13351.56,2049.329,4936.792,12969.75,1972.416,5928.536,13279.46,1983.601,4907.453,13730.36,1997.489,5539.884,13092.45,2041.628,5959.526
13352.16,2049.329,4935.864,12969.54,1972.416,5929.624,13279.99,1983.601,4906.484,13731.42,1997.489,5540.211,13092.3,2041.628,5960.622
13352.78,2049.329,4934.988,12969.35,1972.416,5930.682,13280.54,1983.601,4905.558,13732.45,1997.489,5540.529,13092.16,2041.628,5961.688
13353.54,2049.329,4933.846,12969.1,1972.416,5932.029,13281.28,1983.601,4904.403,13733.76,1997.489,5540.935,13091.98,2041.628,5963.047
13353.9,2049.329,4933.275,12969,1972.416,5932.694,13281.65,1983.601,4903.844,13734.39,1997.489,5541.154,13091.91,2041.628,5963.715
13354.61,2049.329,4932.203,12968.85,1972.416,5933.973,13282.33,1983.601,4902.749,13735.59,1997.489,5541.615,13091.82,2041.628,5965
13354.94,2049.329,4931.669,12968.79,1972.416,5934.598,13282.67,1983.601,4902.224,13736.17,1997.489,5541.858,13091.8,2041.628,5965.627
13355.45,2049.329,4930.908,12968.74,1972.416,5935.511,13283.15,1983.601,4901.442,13737,1997.489,5542.241,13091.79,2041.628,5966.542
13355.91,2049.329,4930.154,12968.73,1972.416,5936.397,13283.63,1983.601,4900.699,13737.8,1997.489,5542.638,13091.82,2041.628,5967.428
13356.39,2049.329,4929.438,12968.74,1972.416,5937.256,13284.08,1983.601,4899.965,13738.55,1997.489,5543.047,13091.87,2041.628,5968.285
13356.83,2049.329,4928.729,12968.78,1972.416,5938.09,13284.51,1983.601,4899.252,13739.27,1997.489,5543.469,13091.95,2041.628,5969.117
13357.34,2049.329,4928.112,12968.84,1972.416,5938.893,13284.92,1983.601,4898.557,13739.95,1997.489,5543.897,13092.05,2041.628,5969.915
13357.83,2049.329,4927.495,12968.93,1972.416,5939.67,13285.33,1983.601,4897.895,13740.6,1997.489,5544.336,13092.18,2041.628,5970.687
13358.31,2049.329,4926.91,12969.04,1972.416,5940.42,13285.74,1983.601,4897.253,13741.21,1997.489,5544.781,13092.32,2041.628,5971.431
13358.78,2049.329,4926.343,12969.17,1972.416,5941.145,13286.15,1983.601,4896.643,13741.8,1997.489,5545.232,13092.49,2041.628,5972.148
13359.26,2049.329,4925.727,12969.33,1972.416,5941.908,13286.61,1983.601,4896.011,13742.4,1997.489,5545.731,13092.69,2041.628,5972.903
13359.75,2049.329,4925.097,12969.52,1972.416,5942.682,13287.05,1983.601,4895.352,13742.99,1997.489,5546.26,13092.92,2041.628,5973.667
13360.07,2049.329,4924.647,12969.67,1972.416,5943.216,13287.34,1983.601,4894.878,13743.4,1997.489,5546.642,13093.09,2041.628,5974.193
13360.49,2049.329,4924.026,12969.9,1972.416,5943.931,13287.76,1983.601,4894.251,13743.92,1997.489,5547.175,13093.35,2041.628,5974.896
13360.77,2049.329,4923.586,12970.07,1972.416,5944.422,13288.02,1983.601,4893.799,13744.28,1997.489,5547.557,13093.55,2041.628,5975.378
13361.08,2049.329,4923.048,12970.3,1972.416,5945.002,13288.29,1983.601,4893.24,13744.69,1997.489,5548.028,13093.81,2041.628,5975.947
13361.33,2049.329,4922.594,12970.5,1972.416,5945.477,13288.53,1983.601,4892.785,13745.01,1997.489,5548.429,13094.03,2041.628,5976.411
13361.72,2049.329,4922.086,12970.77,1972.416,5946.056,13288.85,1983.601,4892.23,13745.4,1997.489,5548.938,13094.33,2041.628,5976.976
13362.01,2049.329,4921.705,12970.99,1972.416,5946.483,13289.11,1983.601,4891.823,13745.67,1997.489,5549.33,13094.57,2041.628,5977.392
13362.44,2049.329,4921.098,12971.33,1972.416,5947.148,13289.52,1983.601,4891.202,13746.11,1997.489,5549.939,13094.94,2041.628,5978.04
13362.73,2049.329,4920.672,12971.56,1972.416,5947.604,13289.82,1983.601,4890.787,13746.4,1997.489,5550.356,13095.2,2041.628,5978.483
13363.01,2049.329,4920.269,12971.79,1972.416,5948.045,13290.1,1983.601,4890.38,13746.69,1997.489,5550.761,13095.44,2041.628,5978.914
13363.29,2049.329,4919.876,12972.01,1972.416,5948.474,13290.34,1983.601,4889.963,13746.97,1997.489,5551.153,13095.68,2041.628,5979.331
13363.59,2049.329,4919.514,12972.22,1972.416,5948.891,13290.59,1983.601,4889.565,13747.24,1997.489,5551.535,13095.91,2041.628,5979.737
13363.86,2049.329,4919.154,12972.42,1972.416,5949.295,13290.84,1983.601,4889.187,13747.5,1997.489,5551.906,13096.14,2041.628,5980.131
13364.16,2049.329,4918.825,12972.62,1972.416,5949.687,13291.09,1983.601,4888.829,13747.75,1997.489,5552.264,13096.36,2041.628,5980.512
13364.35,2049.329,4918.62,12972.76,1972.416,5949.935,13291.27,1983.601,4888.604,13747.91,1997.489,5552.5,13096.51,2041.628,5980.753
13364.82,2049.329,4918.086,12973.13,1972.416,5950.548,13291.72,1983.601,4888.051,13748.28,1997.489,5553.108,13096.9,2041.628,5981.347
13364.97,2049.329,4917.935,12973.24,1972.416,5950.723,13291.85,1983.601,4887.894,13748.39,1997.489,5553.289,13097.02,2041.628,5981.517
13365.25,2049.329,4917.616,12973.48,1972.416,5951.075,13292.13,1983.601,4887.566,13748.58,1997.489,5553.667,13097.28,2041.628,5981.856
13365.55,2049.329,4917.258,12973.75,1972.416,5951.449,13292.39,1983.601,4887.184,13748.79,1997.489,5554.085,13097.57,2041.628,5982.217
13365.72,2049.329,4917.042,12973.92,1972.416,5951.664,13292.55,1983.601,4886.964,13748.9,1997.489,5554.334,13097.75,2041.628,5982.423
13365.87,2049.329,4916.861,12974.08,1972.416,5951.844,13292.7,1983.601,4886.78,13748.99,1997.489,5554.553,13097.91,2041.628,5982.596
13366.2,2049.329,4916.484,12974.41,1972.416,5952.219,13293.03,1983.601,4886.396,13749.16,1997.489,5555.026,13098.27,2041.628,5982.954
13366.72,2049.329,4915.938,12974.93,1972.416,5952.761,13293.53,1983.601,4885.84,13749.4,1997.489,5555.74,13098.82,2041.628,5983.47
13366.88,2049.329,4915.778,12975.1,1972.416,5952.92,13293.69,1983.601,4885.676,13749.46,1997.489,5555.958,13098.99,2041.628,5983.621
13367.04,2049.329,4915.637,12975.25,1972.416,5953.061,13293.84,1983.601,4885.532,13749.52,1997.489,5556.16,13099.15,2041.628,5983.754
13367.99,2049.329,4914.811,12976.21,1972.416,5953.879,13294.78,1983.601,4884.687,13749.8,1997.489,5557.389,13100.14,2041.628,5984.525
13368.19,2049.329,4914.651,12976.41,1972.416,5954.038,13294.97,1983.601,4884.522,13749.84,1997.489,5557.639,13100.35,2041.628,5984.674
13368.64,2049.329,4914.306,12976.87,1972.416,5954.38,13295.42,1983.601,4884.168,13749.93,1997.489,5558.204,13100.83,2041.628,5984.994
13369.35,2049.329,4913.826,12977.57,1972.416,5954.872,13296.03,1983.601,4883.562,13750.04,1997.489,5559.056,13101.55,2041.628,5985.45
13369.89,2049.329,4913.441,12978.12,1972.416,5955.229,13296.51,1983.601,4883.114,13750.1,1997.489,5559.709,13102.12,2041.628,5985.78
13370.45,2049.329,4913.069,12978.7,1972.416,5955.579,13297.02,1983.601,4882.669,13750.14,1997.489,5560.385,13102.72,2041.628,5986.101
13371.25,2049.329,4912.5,12979.56,1972.416,5956.06,13297.78,1983.601,4882.045,13750.17,1997.489,5561.37,13103.6,2041.628,5986.54
13371.89,2049.329,4912.098,12980.23,1972.416,5956.407,13298.38,1983.601,4881.587,13750.17,1997.489,5562.125,13104.29,2041.628,5986.854
13372.91,2049.329,4911.413,12981.34,1972.416,5956.933,13299.36,1983.601,4880.854,13750.12,1997.489,5563.346,13105.41,2041.628,5987.326
13373.65,2049.329,4910.874,12982.18,1972.416,5957.3,13300.11,1983.601,4880.329,13750.05,1997.489,5564.26,13106.27,2041.628,5987.652
13374.21,2049.329,4910.491,12982.81,1972.416,5957.553,13300.68,1983.601,4879.956,13749.98,1997.489,5564.939,13106.92,2041.628,5987.874
13375.48,2049.329,4909.693,12984.22,1972.416,5958.062,13301.96,1983.601,4879.18,13749.78,1997.489,5566.422,13108.35,2041.628,5988.313
13376.43,2049.329,4909.135,12985.27,1972.416,5958.403,13302.93,1983.601,4878.639,13749.59,1997.489,5567.511,13109.41,2041.628,5988.604
13377.1,2049.329,4908.771,12986,1972.416,5958.615,13303.61,1983.601,4878.287,13749.44,1997.489,5568.259,13110.16,2041.628,5988.78
13378.94,2049.329,4907.85,12988,1972.416,5959.121,13305.46,1983.601,4877.399,13748.96,1997.489,5570.258,13112.17,2041.628,5989.188
13379.5,2049.329,4907.595,12988.59,1972.416,5959.252,13306.02,1983.601,4877.153,13748.8,1997.489,5570.846,13112.77,2041.628,5989.29
13380.54,2049.329,4907.153,12989.71,1972.416,5959.459,13307.07,1983.601,4876.73,13748.46,1997.489,5571.932,13113.9,2041.628,5989.442
13381.98,2049.329,4906.601,12991.23,1972.416,5959.69,13308.52,1983.601,4876.204,13747.96,1997.489,5573.39,13115.43,2041.628,5989.599
13382.98,2049.329,4906.05,12992.36,1972.416,5959.824,13309.58,1983.601,4875.781,13747.55,1997.489,5574.451,13116.56,2041.628,5989.677
13383.98,2049.329,4905.535,12993.49,1972.416,5959.919,13310.61,1983.601,4875.336,13747.11,1997.489,5575.491,13117.69,2041.628,5989.718
13385.43,2049.329,4904.852,12995.08,1972.416,5960.003,13312.07,1983.601,4874.671,13746.45,1997.489,5576.944,13119.29,2041.628,5989.724
13386.48,2049.329,4904.314,12996.26,1972.416,5960.026,13313.16,1983.601,4874.216,13745.92,1997.489,5578,13120.47,2041.628,5989.69
13388.16,2049.329,4903.52,12998.13,1972.416,5960.104,13314.85,1983.601,4873.441,13745.03,1997.489,5579.638,13122.33,2041.628,5989.575
13389.49,2049.329,4902.878,12999.59,1972.416,5960.196,13316.21,1983.601,4872.875,13744.29,1997.489,5580.906,13123.79,2041.628,5989.436
13390.84,2049.329,4902.273,13001.08,1972.416,5960.259,13317.56,1983.601,4872.256,13743.49,1997.489,5582.165,13125.27,2041.628,5989.247
13391.78,2049.329,4901.894,13002.08,1972.416,5960.36,13318.47,1983.601,4871.826,13742.93,1997.489,5582.998,13126.26,2041.628,5989.087
13393.66,2049.329,4901.056,13004.12,1972.416,5960.661,13320.22,1983.601,4870.744,13741.72,1997.489,5584.664,13128.28,2041.628,5988.693
13394.6,2049.329,4900.599,13005.16,1972.416,5960.78,13321.13,1983.601,4870.224,13741.08,1997.489,5585.49,13129.3,2041.628,5988.459
13397.71,2049.329,4899.224,13008.52,1972.416,5961.263,13324.13,1983.601,4868.63,13738.91,1997.489,5588.104,13132.59,2041.628,5987.591
13398,2049.329,4899.081,13008.85,1972.416,5961.299,13324.43,1983.601,4868.486,13738.69,1997.489,5588.35,13132.9,2041.628,5987.497
13398.33,2049.329,4898.935,13009.21,1972.416,5961.327,13324.74,1983.601,4868.312,13738.44,1997.489,5588.612,13133.25,2041.628,5987.382
13400.98,2049.329,4897.653,13012.14,1972.416,5961.557,13327.37,1983.601,4866.975,13736.35,1997.489,5590.683,13136.01,2041.628,5986.355
13402.31,2049.329,4897.067,13013.58,1972.416,5961.756,13328.68,1983.601,4866.361,13735.29,1997.489,5591.666,13137.34,2041.628,5985.806
13403.46,2049.329,4896.6,13014.81,1972.416,5961.888,13329.82,1983.601,4865.87,13734.35,1997.489,5592.481,13138.48,2041.628,5985.296
13405.4,2049.329,4895.887,13016.87,1972.416,5962.136,13331.75,1983.601,4865.117,13732.74,1997.489,5593.783,13140.34,2041.628,5984.389
13407.37,2049.329,4895.235,13018.91,1972.416,5962.522,13333.71,1983.601,4864.424,13731.09,1997.489,5595.039,13142.17,2041.628,5983.416
13408.83,2049.329,4894.807,13020.4,1972.416,5962.754,13335.15,1983.601,4863.967,13729.87,1997.489,5595.936,13143.49,2041.628,5982.665
13410.44,2049.329,4894.388,13022.06,1972.416,5962.957,13336.75,1983.601,4863.514,13728.55,1997.489,5596.958,13144.91,2041.628,5981.788
13412.82,2049.329,4893.688,13024.53,1972.416,5963.177,13339.12,1983.601,4862.776,13726.54,1997.489,5598.413,13146.98,2041.628,5980.417
13413.62,2049.329,4893.319,13025.39,1972.416,5963.34,13339.96,1983.601,4862.501,13725.81,1997.489,5598.905,13147.69,2041.628,5979.908
13415.06,2049.329,4892.709,13026.94,1972.416,5963.617,13341.45,1983.601,4862.026,13724.6,1997.489,5599.898,13148.94,2041.628,5978.959
13417.06,2049.329,4891.757,13029.13,1972.416,5963.937,13343.56,1983.601,4861.344,13722.84,1997.489,5601.248,13150.66,2041.628,5977.558
13418.08,2049.329,4891.315,13030.23,1972.416,5964.061,13344.6,1983.601,4860.97,13721.94,1997.489,5601.892,13151.49,2041.628,5976.833
13420.11,2049.329,4890.403,13032.45,1972.416,5964.237,13346.67,1983.601,4860.149,13720.1,1997.489,5603.135,13153.12,2041.628,5975.317
13421.15,2049.329,4889.974,13033.57,1972.416,5964.409,13347.71,1983.601,4859.698,13719.14,1997.489,5603.736,13153.92,2041.628,5974.521
13422.72,2049.329,4889.272,13035.23,1972.416,5964.816,13349.3,1983.601,4859.066,13717.78,1997.489,5604.776,13155.1,2041.628,5973.275
13425.31,2049.329,4888.21,13037.97,1972.416,5965.393,13351.87,1983.601,4857.962,13715.5,1997.489,5606.402,13156.95,2041.628,5971.177
13427.17,2049.329,4887.702,13039.87,1972.416,5965.729,13353.67,1983.601,4857.257,13713.89,1997.489,5607.475,13158.18,2041.628,5969.685
13427.51,2049.329,4887.605,13040.22,1972.416,5965.779,13354,1983.601,4857.14,13713.62,1997.489,5607.698,13158.4,2041.628,5969.407
13430.54,2049.329,4886.643,13043.38,1972.416,5966.125,13357.03,1983.601,4856.178,13711.09,1997.489,5609.631,13160.26,2041.628,5966.83
13431.41,2049.329,4886.397,13044.29,1972.416,5966.084,13357.91,1983.601,4855.933,13710.37,1997.489,5610.173,13160.77,2041.628,5966.078
13433.37,2049.329,4885.915,13046.3,1972.416,5966.06,13359.86,1983.601,4855.45,13708.84,1997.489,5611.483,13161.84,2041.628,5964.373
13434.85,2049.329,4885.6,13047.82,1972.416,5966.091,13361.35,1983.601,4855.135,13707.66,1997.489,5612.432,13162.6,2041.628,5963.061
13436.43,2049.329,4885.319,13049.41,1972.416,5966.177,13362.92,1983.601,4854.854,13706.44,1997.489,5613.471,13163.36,2041.628,5961.654
13438.27,2049.329,4885.052,13051.27,1972.416,5966.288,13364.76,1983.601,4854.587,13704.99,1997.489,5614.636,13164.19,2041.628,5959.986
13440.69,2049.329,4884.782,13053.69,1972.416,5966.513,13367.18,1983.601,4854.318,13703.04,1997.489,5616.091,13165.2,2041.628,5957.776
13441.87,2049.329,4884.689,13054.88,1972.416,5966.653,13368.37,1983.601,4854.225,13702.14,1997.489,5616.87,13165.66,2041.628,5956.677
13443.77,2049.329,4884.602,13056.76,1972.416,5966.874,13370.27,1983.601,4854.139,13700.66,1997.489,5618.063,13166.34,2041.628,5954.899
13445.72,2049.329,4884.577,13058.69,1972.416,5967.162,13372.21,1983.601,4854.114,13699.11,1997.489,5619.233,13166.97,2041.628,5953.062
13447.23,2049.329,4884.606,13060.17,1972.416,5967.436,13373.72,1983.601,4854.144,13697.87,1997.489,5620.104,13167.41,2041.628,5951.615
13449.24,2049.329,4884.712,13062.15,1972.416,5967.865,13375.74,1983.601,4854.25,13696.18,1997.489,5621.21,13167.94,2041.628,5949.669
13449.62,2049.329,4884.744,13062.51,1972.416,5967.943,13376.11,1983.601,4854.282,13695.88,1997.489,5621.43,13168.03,2041.628,5949.304
13451.85,2049.329,4885.008,13064.69,1972.416,5968.484,13378.34,1983.601,4854.547,13694.02,1997.489,5622.689,13168.47,2041.628,5947.102
13452.89,2049.329,4885.166,13065.71,1972.416,5968.77,13379.38,1983.601,4854.705,13693.22,1997.489,5623.377,13168.65,2041.628,5946.065
13454.25,2049.329,4885.419,13067.03,1972.416,5969.192,13380.75,1983.601,4854.958,13692.14,1997.489,5624.252,13168.83,2041.628,5944.689
13455.57,2049.329,4885.708,13068.29,1972.416,5969.642,13382.06,1983.601,4855.247,13691.07,1997.489,5625.063,13168.97,2041.628,5943.352
13456.83,2049.329,4886.03,13069.53,1972.416,5970.064,13383.33,1983.601,4855.569,13690,1997.489,5625.819,13169.06,2041.628,5942.046
13458.04,2049.329,4886.378,13070.71,1972.416,5970.509,13384.53,1983.601,4855.918,13688.98,1997.489,5626.552,13169.11,2041.628,5940.792
13459.66,2049.329,4886.906,13072.28,1972.416,5971.165,13386.15,1983.601,4856.446,13687.63,1997.489,5627.589,13169.11,2041.628,5939.085
13460.71,2049.329,4887.283,13073.29,1972.416,5971.624,13387.2,1983.601,4856.823,13686.73,1997.489,5628.234,13169.08,2041.628,5937.978
13460.99,2049.329,4887.397,13073.57,1972.416,5971.761,13387.48,1983.601,4856.938,13686.47,1997.489,5628.406,13169.06,2041.628,5937.669
13462.81,2049.329,4888.192,13075.32,1972.416,5972.699,13389.3,1983.601,4857.732,13684.84,1997.489,5629.536,13168.88,2041.628,5935.696
13463.52,2049.329,4888.53,13076,1972.416,5973.093,13390.01,1983.601,4858.071,13684.23,1997.489,5630.027,13168.78,2041.628,5934.917
13464.34,2049.329,4888.956,13076.79,1972.416,5973.573,13390.83,1983.601,4858.497,13683.49,1997.489,5630.581,13168.63,2041.628,5934.003
13465.33,2049.329,4889.509,13077.75,1972.416,5974.175,13391.82,1983.601,4859.05,13682.56,1997.489,5631.229,13168.41,2041.628,5932.891
13466.06,2049.329,4889.95,13078.46,1972.416,5974.642,13392.55,1983.601,4859.492,13681.84,1997.489,5631.694,13168.22,2041.628,5932.059
13467.16,2049.329,4890.669,13079.56,1972.416,5975.368,13393.66,1983.601,4860.21,13680.71,1997.489,5632.377,13167.89,2041.628,5930.782
13467.66,2049.329,4891.017,13080.06,1972.416,5975.718,13394.15,1983.601,4860.559,13680.21,1997.489,5632.724,13167.72,2041.628,5930.199
13468.34,2049.329,4891.522,13080.74,1972.416,5976.223,13394.83,1983.601,4861.064,13679.5,1997.489,5633.182,13167.45,2041.628,5929.397
13469.23,2049.329,4892.233,13081.63,1972.416,5976.921,13395.72,1983.601,4861.775,13678.54,1997.489,5633.781,13167.06,2041.628,5928.33
13469.66,2049.329,4892.603,13082.07,1972.416,5977.285,13396.15,1983.601,4862.146,13678.04,1997.489,5634.065,13166.84,2041.628,5927.802
13470.93,2049.329,4893.759,13083.38,1972.416,5978.396,13397.42,1983.601,4863.302,13676.52,1997.489,5634.861,13166.15,2041.628,5926.234
13471.36,2049.329,4894.181,13083.83,1972.416,5978.803,13397.85,1983.601,4863.724,13676,1997.489,5635.159,13165.88,2041.628,5925.689
13471.72,2049.329,4894.554,13084.2,1972.416,5979.162,13398.21,1983.601,4864.097,13675.56,1997.489,5635.429,13165.65,2041.628,5925.231
13471.86,2049.329,4894.709,13084.34,1972.416,5979.311,13398.35,1983.601,4864.252,13675.37,1997.489,5635.531,13165.54,2041.628,5925.05
13472.71,2049.329,4895.714,13085.24,1972.416,5980.268,13399.2,1983.601,4865.257,13674.18,1997.489,5636.085,13164.86,2041.628,5923.927
13473.02,2049.329,4896.114,13085.58,1972.416,5980.649,13399.51,1983.601,4865.657,13673.73,1997.489,5636.314,13164.58,2041.628,5923.5
13473.3,2049.329,4896.49,13085.88,1972.416,5981.009,13399.79,1983.601,4866.033,13673.32,1997.489,5636.539,13164.31,2041.628,5923.118
13473.67,2049.329,4897.027,13086.31,1972.416,5981.5,13400.16,1983.601,4866.57,13672.74,1997.489,5636.835,13163.93,2041.628,5922.595
13473.94,2049.329,4897.451,13086.65,1972.416,5981.87,13400.43,1983.601,4866.994,13672.3,1997.489,5637.078,13163.62,2041.628,5922.199
13474.49,2049.329,4898.112,13087.25,1972.416,5982.488,13400.91,1983.601,4867.708,13671.56,1997.489,5637.519,13163.07,2041.628,5921.537
13474.97,2049.329,4898.718,13087.79,1972.416,5983.026,13401.27,1983.601,4868.39,13670.86,1997.489,5637.839,13162.56,2041.628,5920.959
13475.12,2049.329,4898.93,13087.99,1972.416,5983.205,13401.39,1983.601,4868.623,13670.62,1997.489,5637.939,13162.38,2041.628,5920.767
13475.44,2049.329,4899.4,13088.41,1972.416,5983.582,13401.64,1983.601,4869.134,13670.1,1997.489,5638.174,13161.98,2041.628,5920.362
13475.78,2049.329,4899.933,13088.89,1972.416,5983.988,13401.93,1983.601,4869.691,13669.53,1997.489,5638.454,13161.53,2041.628,5919.924
13475.94,2049.329,4900.203,13089.14,1972.416,5984.184,13402.07,1983.601,4869.973,13669.26,1997.489,5638.602,13161.3,2041.628,5919.712
13476.23,2049.329,4900.736,13089.62,1972.416,5984.551,13402.35,1983.601,4870.51,13668.73,1997.489,5638.905,13160.84,2041.628,5919.315
13476.57,2049.329,4901.323,13090.17,1972.416,5984.949,13402.65,1983.601,4871.123,13668.12,1997.489,5639.202,13160.31,2041.628,5918.885
13476.77,2049.329,4901.694,13090.52,1972.416,5985.188,13402.82,1983.601,4871.508,13667.73,1997.489,5639.374,13159.97,2041.628,5918.626
13476.87,2049.329,4901.88,13090.7,1972.416,5985.301,13402.91,1983.601,4871.696,13667.54,1997.489,5639.45,13159.8,2041.628,5918.504
13477.28,2049.329,4902.643,13091.44,1972.416,5985.755,13403.32,1983.601,4872.464,13666.74,1997.489,5639.794,13159.09,2041.628,5918.012
13477.43,2049.329,4902.92,13091.71,1972.416,5985.913,13403.46,1983.601,4872.748,13666.46,1997.489,5639.928,13158.82,2041.628,5917.841
13477.56,2049.329,4903.176,13091.96,1972.416,5986.05,13403.58,1983.601,4873.005,13666.2,1997.489,5640.053,13158.58,2041.628,5917.692
13477.71,2049.329,4903.499,13092.28,1972.416,5986.212,13403.74,1983.601,4873.324,13665.88,1997.489,5640.204,13158.27,2041.628,5917.516
13477.92,2049.329,4904.001,13092.77,1972.416,5986.45,13404.01,1983.601,4873.796,13665.39,1997.489,5640.452,13157.79,2041.628,5917.257
13478.03,2049.329,4904.228,13093,1972.416,5986.553,13404.13,1983.601,4874.016,13665.17,1997.489,5640.572,13157.57,2041.628,5917.146
13478.23,2049.329,4904.519,13093.32,1972.416,5986.69,13404.29,1983.601,4874.33,13664.85,1997.489,5640.703,13157.25,2041.628,5916.997
13478.46,2049.329,4904.899,13093.74,1972.416,5986.854,13404.47,1983.601,4874.737,13664.43,1997.489,5640.884,13156.84,2041.628,5916.817
13478.57,2049.329,4905.079,13093.93,1972.416,5986.926,13404.55,1983.601,4874.932,13664.25,1997.489,5640.975,13156.65,2041.628,5916.739
13478.85,2049.329,4905.606,13094.5,1972.416,5987.118,13404.78,1983.601,4875.485,13663.72,1997.489,5641.251,13156.08,2041.628,5916.529
13478.96,2049.329,4905.821,13094.73,1972.416,5987.189,13404.86,1983.601,4875.708,13663.51,1997.489,5641.369,13155.86,2041.628,5916.452
13479.08,2049.329,4906.074,13095,1972.416,5987.266,13404.97,1983.601,4875.965,13663.27,1997.489,5641.514,13155.59,2041.628,5916.368
13479.2,2049.329,4906.311,13095.25,1972.416,5987.332,13405.07,1983.601,4876.212,13663.04,1997.489,5641.645,13155.34,2041.628,5916.296
13479.38,2049.329,4906.7,13095.67,1972.416,5987.453,13405.21,1983.601,4876.618,13662.67,1997.489,5641.861,13154.92,2041.628,5916.192
13479.46,2049.329,4906.891,13095.87,1972.416,5987.518,13405.28,1983.601,4876.817,13662.49,1997.489,5641.971,13154.71,2041.628,5916.148
13479.6,2049.329,4907.235,13096.21,1972.416,5987.645,13405.38,1983.601,4877.172,13662.19,1997.489,5642.192,13154.35,2041.628,5916.083
13479.67,2049.329,4907.431,13096.41,1972.416,5987.722,13405.43,1983.601,4877.375,13662.02,1997.489,5642.313,13154.14,2041.628,5916.053
13479.75,2049.329,4907.685,13096.65,1972.416,5987.829,13405.48,1983.601,4877.635,13661.8,1997.489,5642.46,13153.88,2041.628,5916.022
13479.84,2049.329,4908.023,13096.97,1972.416,5987.981,13405.54,1983.601,4877.981,13661.5,1997.489,5642.646,13153.53,2041.628,5915.994
13479.91,2049.329,4908.282,13097.2,1972.416,5988.104,13405.58,1983.601,4878.245,13661.28,1997.489,5642.798,13153.26,2041.628,5915.981
13479.95,2049.329,4908.485,13097.38,1972.416,5988.206,13405.6,1983.601,4878.452,13661.11,1997.489,5642.912,13153.05,2041.628,5915.978
13480,2049.329,4908.752,13097.62,1972.416,5988.347,13405.62,1983.601,4878.723,13660.88,1997.489,5643.053,13152.78,2041.628,5915.982
13480.05,2049.329,4909.061,13097.88,1972.416,5988.517,13405.64,1983.601,4879.035,13660.63,1997.489,5643.246,13152.47,2041.628,5915.998
13480.07,2049.329,4909.268,13098.05,1972.416,5988.636,13405.64,1983.601,4879.243,13660.46,1997.489,5643.369,13152.26,2041.628,5916.015
13480.09,2049.329,4909.532,13098.26,1972.416,5988.794,13405.63,1983.601,4879.508,13660.26,1997.489,5643.534,13152,2041.628,5916.045
13480.1,2049.329,4909.8,13098.47,1972.416,5988.961,13405.62,1983.601,4879.776,13660.04,1997.489,5643.694,13151.74,2041.628,5916.084
13480.11,2049.329,4910.008,13098.63,1972.416,5989.097,13405.6,1983.601,4879.983,13659.87,1997.489,5643.813,13151.53,2041.628,5916.121
13480.1,2049.329,4910.217,13098.78,1972.416,5989.237,13405.58,1983.601,4880.19,13659.7,1997.489,5643.927,13151.33,2041.628,5916.165
13480.09,2049.329,4910.433,13098.94,1972.416,5989.388,13405.54,1983.601,4880.404,13659.51,1997.489,5644.042,13151.12,2041.628,5916.217
13480.07,2049.329,4910.64,13099.08,1972.416,5989.538,13405.52,1983.601,4880.61,13659.33,1997.489,5644.146,13150.92,2041.628,5916.274
13480.05,2049.329,4910.861,13099.23,1972.416,5989.703,13405.48,1983.601,4880.83,13659.15,1997.489,5644.265,13150.7,2041.628,5916.342
13480.02,2049.329,4911.067,13099.37,1972.416,5989.862,13405.46,1983.601,4881.037,13658.99,1997.489,5644.399,13150.51,2041.628,5916.412
13479.93,2049.329,4911.517,13099.65,1972.416,5990.221,13405.39,1983.601,4881.49,13658.63,1997.489,5644.684,13150.08,2041.628,5916.58
13479.89,2049.329,4911.721,13099.77,1972.416,5990.389,13405.36,1983.601,4881.695,13658.46,1997.489,5644.808,13149.89,2041.628,5916.662
13479.81,2049.329,4912.033,13099.96,1972.416,5990.653,13405.29,1983.601,4882.01,13658.2,1997.489,5644.991,13149.6,2041.628,5916.799
13479.69,2049.329,4912.44,13100.19,1972.416,5991.01,13405.19,1983.601,4882.422,13657.84,1997.489,5645.221,13149.22,2041.628,5916.991
13479.54,2049.329,4912.902,13100.44,1972.416,5991.426,13405.06,1983.601,4882.89,13657.42,1997.489,5645.47,13148.8,2041.628,5917.225
13479.36,2049.329,4913.404,13100.69,1972.416,5991.894,13404.9,1983.601,4883.399,13657,1997.489,5645.794,13148.34,2041.628,5917.497
13479.18,2049.329,4914.227,13101.08,1972.416,5992.643,13404.76,1983.601,4884.229,13656.32,1997.489,5646.285,13147.63,2041.628,5917.947
13478.97,2049.329,4915.373,13101.63,1972.416,5993.667,13404.53,1983.601,4885.371,13655.35,1997.489,5646.931,13146.65,2041.628,5918.584
13478.95,2049.329,4915.714,13101.8,1972.416,5993.963,13404.47,1983.601,4885.708,13655.06,1997.489,5647.111,13146.37,2041.628,5918.776
13478.93,2049.329,4915.921,13101.91,1972.416,5994.142,13404.44,1983.601,4885.914,13654.89,1997.489,5647.243,13146.2,2041.628,5918.896
13478.83,2049.329,4917.252,13102.63,1972.416,5995.27,13404.2,1983.601,4887.227,13653.83,1997.489,5648.049,13145.12,2041.628,5919.68
13478.77,2049.329,4918.049,13103.07,1972.416,5995.935,13404.08,1983.601,4888.017,13653.18,1997.489,5648.51,13144.48,2041.628,5920.159
13478.7,2049.329,4918.645,13103.41,1972.416,5996.427,13404.01,1983.601,4888.613,13652.71,1997.489,5648.882,13144,2041.628,5920.526
13478.55,2049.329,4919.682,13103.98,1972.416,5997.304,13403.85,1983.601,4889.648,13651.86,1997.489,5649.505,13143.19,2041.628,5921.186
13478.37,2049.329,4920.676,13104.51,1972.416,5998.167,13403.71,1983.601,4890.649,13651.03,1997.489,5650.078,13142.42,2041.628,5921.837
13478.18,2049.329,4921.582,13104.96,1972.416,5998.973,13403.55,1983.601,4891.562,13650.25,1997.489,5650.578,13141.72,2041.628,5922.446
13477.89,2049.329,4922.733,13105.51,1972.416,6000.024,13403.31,1983.601,4892.724,13649.33,1997.489,5651.322,13140.84,2041.628,5923.239
13477.63,2049.329,4923.66,13105.93,1972.416,6000.891,13403.12,1983.601,4893.668,13648.56,1997.489,5651.901,13140.12,2041.628,5923.884
13477.18,2049.329,4925.693,13106.79,1972.416,6002.789,13402.69,1983.601,4895.705,13646.95,1997.489,5653.22,13138.59,2041.628,5925.295
13477.11,2049.329,4925.981,13106.9,1972.416,6003.063,13402.62,1983.601,4895.993,13646.71,1997.489,5653.4,13138.38,2041.628,5925.499
13476.51,2049.329,4928.062,13107.68,1972.416,6005.085,13402.03,1983.601,4898.078,13645,1997.489,5654.719,13136.82,2041.628,5927.003
13476.41,2049.329,4928.364,13107.78,1972.416,6005.386,13401.97,1983.601,4898.389,13644.74,1997.489,5654.905,13136.59,2041.628,5927.219
13476.07,2049.329,4930.089,13108.31,1972.416,6007.063,13401.55,1983.601,4900.096,13643.29,1997.489,5655.897,13135.31,2041.628,5928.423
13475.77,2049.329,4931.39,13108.67,1972.416,6008.349,13401.3,1983.601,4901.408,13642.22,1997.489,5656.706,13134.34,2041.628,5929.344
13475.61,2049.329,4931.99,13108.82,1972.416,6008.952,13401.16,1983.601,4902.014,13641.73,1997.489,5657.079,13133.89,2041.628,5929.767
13475.05,2049.329,4934.413,13109.33,1972.416,6011.384,13400.6,1983.601,4904.436,13639.69,1997.489,5658.509,13132.06,2041.628,5931.451
13474.95,2049.329,4934.76,13109.4,1972.416,6011.739,13400.5,1983.601,4904.783,13639.39,1997.489,5658.706,13131.79,2041.628,5931.687
13474.35,2049.329,4936.755,13109.7,1972.416,6013.801,13399.9,1983.601,4906.777,13637.61,1997.489,5659.79,13130.21,2041.628,5933.043
13474.04,2049.329,4937.687,13109.81,1972.416,6014.778,13399.68,1983.601,4907.736,13636.78,1997.489,5660.312,13129.45,2041.628,5933.667
13473.51,2049.329,4939.101,13109.92,1972.416,6016.283,13399.3,1983.601,4909.196,13635.47,1997.489,5661.07,13128.28,2041.628,5934.618
13472.93,2049.329,4940.507,13110,1972.416,6017.802,13398.86,1983.601,4910.653,13634.13,1997.489,5661.79,13127.09,2041.628,5935.57
13472.39,2049.329,4941.956,13110.02,1972.416,6019.348,13398.37,1983.601,4912.12,13632.73,1997.489,5662.438,13125.87,2041.628,5936.509
13471.99,2049.329,4943.422,13109.99,1972.416,6020.868,13397.84,1983.601,4913.545,13631.37,1997.489,5663.12,13124.64,2041.628,5937.409
13471.56,2049.329,4944.816,13109.91,1972.416,6022.325,13397.28,1983.601,4914.892,13630.02,1997.489,5663.662,13123.45,2041.628,5938.254
13471.11,2049.329,4946.159,13109.79,1972.416,6023.736,13396.78,1983.601,4916.217,13628.72,1997.489,5664.231,13122.32,2041.628,5939.1
13470.73,2049.329,4947.48,13109.63,1972.416,6025.102,13396.2,1983.601,4917.466,13627.48,1997.489,5664.824,13121.2,2041.628,5939.895
13470.19,2049.329,4949.253,13109.36,1972.416,6026.934,13395.48,1983.601,4919.173,13625.83,1997.489,5665.678,13119.67,2041.628,5940.95
13469.92,2049.329,4950.066,13109.2,1972.416,6027.778,13395.09,1983.601,4919.937,13625.08,1997.489,5666.098,13118.96,2041.628,5941.426
13469.5,2049.329,4951.165,13108.95,1972.416,6028.925,13394.59,1983.601,4920.999,13624.1,1997.489,5666.74,13117.99,2041.628,5942.077
13469.04,2049.329,4952.277,13108.66,1972.416,6030.091,13394.12,1983.601,4922.104,13623.08,1997.489,5667.366,13116.98,2041.628,5942.742
13468.56,2049.329,4953.352,13108.33,1972.416,6031.226,13393.68,1983.601,4923.202,13622.06,1997.489,5667.962,13116,2041.628,5943.389
13468.12,2049.329,4954.405,13107.98,1972.416,6032.31,13393.3,1983.601,4924.275,13621.05,1997.489,5668.505,13115.04,2041.628,5944.007
13467.74,2049.329,4955.441,13107.61,1972.416,6033.349,13392.8,1983.601,4925.259,13620.09,1997.489,5669.047,13114.11,2041.628,5944.598
13467.25,2049.329,4956.766,13107.08,1972.416,6034.663,13392.2,1983.601,4926.54,13618.91,1997.489,5669.829,13112.91,2041.628,5945.354
13466.98,2049.329,4957.406,13106.81,1972.416,6035.297,13391.93,1983.601,4927.176,13618.33,1997.489,5670.192,13112.36,2041.628,5945.767
13466.52,2049.329,4958.58,13106.26,1972.416,6036.437,13391.47,1983.601,4928.352,13617.23,1997.489,5670.819,13111.35,2041.628,5946.524
13466.42,2049.329,4958.913,13106.11,1972.416,6036.745,13391.34,1983.601,4928.672,13616.93,1997.489,5670.989,13111.07,2041.628,5946.723
13465.91,2049.329,4960.505,13105.29,1972.416,6038.206,13390.7,1983.601,4930.219,13615.44,1997.489,5671.762,13109.67,2041.628,5947.647
13465.7,2049.329,4961.26,13104.89,1972.416,6038.876,13390.37,1983.601,4930.925,13614.73,1997.489,5672.083,13109.01,2041.628,5948.06
13465.51,2049.329,4961.881,13104.53,1972.416,6039.423,13390.1,1983.601,4931.521,13614.15,1997.489,5672.369,13108.45,2041.628,5948.388
13465.25,2049.329,4962.7,13104.04,1972.416,6040.13,13389.76,1983.601,4932.31,13613.38,1997.489,5672.771,13107.7,2041.628,5948.814
13464.96,2049.329,4963.479,13103.55,1972.416,6040.794,13389.37,1983.601,4933.04,13612.67,1997.489,5673.183,13106.98,2041.628,5949.219
13464.67,2049.329,4964.229,13103.04,1972.416,6041.425,13388.99,1983.601,4933.751,13612.01,1997.489,5673.651,13106.27,2041.628,5949.607
13464.46,2049.329,4965.066,13102.49,1972.416,6042.082,13388.6,1983.601,4934.524,13611.29,1997.489,5674.128,13105.51,2041.628,5950.021
13464.2,2049.329,4966,13101.83,1972.416,6042.8,13388.2,1983.601,4935.407,13610.46,1997.489,5674.638,13104.66,2041.628,5950.486
13464.03,2049.329,4966.655,13101.36,1972.416,6043.285,13387.94,1983.601,4936.031,13609.91,1997.489,5675.017,13104.06,2041.628,5950.801
13463.9,2049.329,4967.113,13101.02,1972.416,6043.615,13387.75,1983.601,4936.466,13609.53,1997.489,5675.309,13103.64,2041.628,5951.01
13463.64,2049.329,4967.93,13100.38,1972.416,6044.189,13387.43,1983.601,4937.263,13608.84,1997.489,5675.812,13102.87,2041.628,5951.394
13463.58,2049.329,4968.16,13100.2,1972.416,6044.344,13387.34,1983.601,4937.483,13608.64,1997.489,5675.946,13102.66,2041.628,5951.504
13463.3,2049.329,4969.149,13099.4,1972.416,6044.981,13386.97,1983.601,4938.441,13607.79,1997.489,5676.522,13101.75,2041.628,5951.983
13463.11,2049.329,4969.747,13098.89,1972.416,6045.353,13386.68,1983.601,4938.994,13607.26,1997.489,5676.855,13101.22,2041.628,5952.317
13462.92,2049.329,4970.312,13098.4,1972.416,6045.693,13386.41,1983.601,4939.531,13606.74,1997.489,5677.158,13100.71,2041.628,5952.621
13462.75,2049.329,4970.748,13098.01,1972.416,6045.947,13386.22,1983.601,4939.957,13606.33,1997.489,5677.38,13100.31,2041.628,5952.867
13462.56,2049.329,4971.282,13097.52,1972.416,6046.242,13385.94,1983.601,4940.45,13605.85,1997.489,5677.684,13099.83,2041.628,5953.178
13462.19,2049.329,4972.197,13096.67,1972.416,6046.731,13385.46,1983.601,4941.31,13605,1997.489,5678.183,13099.02,2041.628,5953.735
13462.11,2049.329,4972.388,13096.48,1972.416,6046.829,13385.36,1983.601,4941.494,13604.82,1997.489,5678.282,13098.85,2041.628,5953.856
13461.81,2049.329,4973.012,13095.87,1972.416,6047.136,13385.06,1983.601,4942.115,13604.2,1997.489,5678.593,13098.3,2041.628,5954.271
13461.65,2049.329,4973.3,13095.56,1972.416,6047.274,13384.92,1983.601,4942.419,13603.91,1997.489,5678.751,13098.04,2041.628,5954.476
13461.43,2049.329,4973.702,13095.14,1972.416,6047.453,13384.76,1983.601,4942.846,13603.52,1997.489,5678.981,13097.69,2041.628,5954.763
13461.22,2049.329,4974.124,13094.71,1972.416,6047.625,13384.58,1983.601,4943.281,13603.11,1997.489,5679.219,13097.33,2041.628,5955.068
13461,2049.329,4974.528,13094.27,1972.416,6047.78,13384.4,1983.601,4943.7,13602.71,1997.489,5679.438,13096.98,2041.628,5955.372
13460.78,2049.329,4974.911,13093.85,1972.416,6047.917,13384.21,1983.601,4944.106,13602.31,1997.489,5679.648,13096.66,2041.628,5955.672
13460.57,2049.329,4975.29,13093.44,1972.416,6048.04,13384.03,1983.601,4944.495,13601.93,1997.489,5679.841,13096.34,2041.628,5955.969
13460.39,2049.329,4975.658,13093.04,1972.416,6048.145,13383.82,1983.601,4944.853,13601.56,1997.489,5680.037,13096.05,2041.628,5956.258
13460.19,2049.329,4976.01,13092.65,1972.416,6048.235,13383.63,1983.601,4945.207,13601.22,1997.489,5680.238,13095.77,2041.628,5956.544
13460.01,2049.329,4976.359,13092.26,1972.416,6048.312,13383.45,1983.601,4945.556,13600.9,1997.489,5680.473,13095.48,2041.628,5956.815
13459.82,2049.329,4976.684,13091.89,1972.416,6048.373,13383.29,1983.601,4945.895,13600.59,1997.489,5680.687,13095.2,2041.628,5957.066
13459.64,2049.329,4977.007,13091.52,1972.416,6048.421,13383.14,1983.601,4946.231,13600.28,1997.489,5680.886,13094.92,2041.628,5957.301
13459.49,2049.329,4977.321,13091.17,1972.416,6048.455,13382.96,1983.601,4946.537,13600,1997.489,5681.099,13094.64,2041.628,5957.518
13459.31,2049.329,4977.617,13090.83,1972.416,6048.477,13382.8,1983.601,4946.84,13599.72,1997.489,5681.3,13094.36,2041.628,5957.719
13459.21,2049.329,4977.799,13090.62,1972.416,6048.483,13382.71,1983.601,4947.028,13599.55,1997.489,5681.417,13094.19,2041.628,5957.836
13458.92,2049.329,4978.319,13090.03,1972.416,6048.483,13382.47,1983.601,4947.569,13599.05,1997.489,5681.733,13093.69,2041.628,5958.153
13458.77,2049.329,4978.585,13089.72,1972.416,6048.473,13382.35,1983.601,4947.853,13598.8,1997.489,5681.916,13093.42,2041.628,5958.308
13458.61,2049.329,4978.838,13089.42,1972.416,6048.453,13382.25,1983.601,4948.137,13598.56,1997.489,5682.092,13093.16,2041.628,5958.452
13458.37,2049.329,4979.231,13088.96,1972.416,6048.407,13382.13,1983.601,4948.583,13598.17,1997.489,5682.348,13092.74,2041.628,5958.659
13458.12,2049.329,4979.67,13088.46,1972.416,6048.34,13381.99,1983.601,4949.067,13597.74,1997.489,5682.615,13092.28,2041.628,5958.871
13457.85,2049.329,4980.176,13087.9,1972.416,6048.247,13381.88,1983.601,4949.629,13597.25,1997.489,5682.9,13091.76,2041.628,5959.1
13457.58,2049.329,4980.74,13087.28,1972.416,6048.124,13381.75,1983.601,4950.241,13596.7,1997.489,5683.195,13091.2,2041.628,5959.383
13457.21,2049.329,4981.303,13086.63,1972.416,6047.971,13381.58,1983.601,4950.891,13596.13,1997.489,5683.549,13090.59,2041.628,5959.667
13456.7,2049.329,4982.115,13085.7,1972.416,6047.721,13381.31,1983.601,4951.813,13595.29,1997.489,5684.029,13089.71,2041.628,5960.046
13456.48,2049.329,4982.481,13085.29,1972.416,6047.598,13381.18,1983.601,4952.217,13594.92,1997.489,5684.229,13089.32,2041.628,5960.212
13455.81,2049.329,4983.499,13084.14,1972.416,6047.205,13380.77,1983.601,4953.366,13593.87,1997.489,5684.848,13088.19,2041.628,5960.678
13455.48,2049.329,4983.994,13083.58,1972.416,6046.995,13380.55,1983.601,4953.918,13593.36,1997.489,5685.165,13087.63,2041.628,5960.888
13454.68,2049.329,4985.276,13082.19,1972.416,6046.417,13379.82,1983.601,4955.242,13592.06,1997.489,5685.927,13086.22,2041.628,5961.409
13454.56,2049.329,4985.486,13081.97,1972.416,6046.316,13379.71,1983.601,4955.458,13591.84,1997.489,5686.042,13085.99,2041.628,5961.485
13453.87,2049.329,4986.764,13080.66,1972.416,6045.676,13379.09,1983.601,4956.772,13590.55,1997.489,5686.69,13084.61,2041.628,5961.932
13453.56,2049.329,4987.399,13080.04,1972.416,6045.343,13378.79,1983.601,4957.413,13589.89,1997.489,5686.965,13083.93,2041.628,5962.134
13452.92,2049.329,4988.79,13078.71,1972.416,6044.583,13378.19,1983.601,4958.817,13588.5,1997.489,5687.604,13082.47,2041.628,5962.586
13452.56,2049.329,4989.853,13077.76,1972.416,6043.993,13377.78,1983.601,4959.862,13587.43,1997.489,5687.929,13081.39,2041.628,5962.883
13452.42,2049.329,4990.211,13077.43,1972.416,6043.786,13377.65,1983.601,4960.223,13587.07,1997.489,5688.052,13081.01,2041.628,5962.972
13451.83,2049.329,4991.95,13075.86,1972.416,6042.844,13376.98,1983.601,4961.932,13585.31,1997.489,5688.605,13079.21,2041.628,5963.341
13451.51,2049.329,4992.801,13075.09,1972.416,6042.358,13376.6,1983.601,4962.763,13584.46,1997.489,5688.908,13078.32,2041.628,5963.496
13450.92,2049.329,4994.22,13073.82,1972.416,6041.496,13375.88,1983.601,4964.12,13583.03,1997.489,5689.465,13076.85,2041.628,5963.944
13450.54,2049.329,4995.447,13072.8,1972.416,6040.715,13375.28,1983.601,4965.253,13581.84,1997.489,5689.971,13075.61,2041.628,5964.279
13450.19,2049.329,4996.454,13071.93,1972.416,6040.095,13374.81,1983.601,4966.211,13580.88,1997.489,5690.422,13074.57,2041.628,5964.523
13449.55,2049.329,4998.119,13070.44,1972.416,6039.106,13373.94,1983.601,4967.768,13579.21,1997.489,5691.04,13072.82,2041.628,5964.875
13449.16,2049.329,4999.2,13069.47,1972.416,6038.492,13373.41,1983.601,4968.79,13578.14,1997.489,5691.474,13071.69,2041.628,5965.064
13448.5,2049.329,5001.217,13067.64,1972.416,6037.417,13372.5,1983.601,4970.706,13576.2,1997.489,5692.337,13069.59,2041.628,5965.345
13448.21,2049.329,5002.007,13066.91,1972.416,6037.007,13372.15,1983.601,4971.467,13575.45,1997.489,5692.704,13068.75,2041.628,5965.437
13447.76,2049.329,5003.146,13065.83,1972.416,6036.434,13371.58,1983.601,4972.554,13574.33,1997.489,5693.203,13067.53,2041.628,5965.542
13447.29,2049.329,5004.741,13064.34,1972.416,6035.689,13370.86,1983.601,4974.051,13572.83,1997.489,5693.929,13065.87,2041.628,5965.645
13446.88,2049.329,5006,13063.14,1972.416,6035.121,13370.33,1983.601,4975.264,13571.72,1997.489,5694.645,13064.55,2041.628,5965.697
13446.14,2049.329,5008.044,13061.16,1972.416,6034.233,13369.51,1983.601,4977.282,13569.85,1997.489,5695.76,13062.37,2041.628,5965.732
13445.35,2049.329,5010.005,13059.21,1972.416,6033.413,13368.79,1983.601,4979.267,13568,1997.489,5696.784,13060.26,2041.628,5965.717
13444.88,2049.329,5011.308,13057.92,1972.416,6032.903,13368.32,1983.601,4980.569,13566.77,1997.489,5697.415,13058.88,2041.628,5965.676
13444.55,2049.329,5012.329,13056.92,1972.416,6032.53,13367.92,1983.601,4981.565,13565.81,1997.489,5697.906,13057.8,2041.628,5965.619
13444.38,2049.329,5012.886,13056.37,1972.416,6032.34,13367.72,1983.601,4982.113,13565.29,1997.489,5698.155,13057.22,2041.628,5965.575
13443.82,2049.329,5015.438,13053.88,1972.416,6031.542,13366.91,1983.601,4984.598,13562.89,1997.489,5699.197,13054.63,2041.628,5965.319
13443.5,2049.329,5016.75,13052.59,1972.416,6031.158,13366.38,1983.601,4985.84,13561.67,1997.489,5699.776,13053.29,2041.628,5965.157
13443.04,2049.329,5018.383,13050.95,1972.416,6030.712,13365.77,1983.601,4987.421,13560.13,1997.489,5700.488,13051.61,2041.628,5964.915
13442.54,2049.329,5020.004,13049.31,1972.416,6030.301,13365.21,1983.601,4989.025,13558.57,1997.489,5701.15,13049.93,2041.628,5964.635
13441.83,2049.329,5022.028,13047.22,1972.416,6029.83,13364.57,1983.601,4991.071,13556.62,1997.489,5702.05,13047.83,2041.628,5964.235
13441.09,2049.329,5024.379,13044.8,1972.416,6029.341,13363.84,1983.601,4993.424,13554.35,1997.489,5703.011,13045.42,2041.628,5963.721
13441.01,2049.329,5024.671,13044.5,1972.416,6029.287,13363.74,1983.601,4993.711,13554.07,1997.489,5703.135,13045.12,2041.628,5963.651
13440.23,2049.329,5027.103,13041.98,1972.416,6028.893,13362.99,1983.601,4996.15,13551.71,1997.489,5704.104,13042.65,2041.628,5963.007
13440.11,2049.329,5027.44,13041.63,1972.416,6028.845,13362.89,1983.601,4996.495,13551.38,1997.489,5704.25,13042.31,2041.628,5962.909
13439.53,2049.329,5029.248,13039.74,1972.416,6028.637,13362.3,1983.601,4998.301,13549.63,1997.489,5704.97,13040.5,2041.628,5962.35
13439.37,2049.329,5029.673,13039.29,1972.416,6028.597,13362.15,1983.601,4998.727,13549.2,1997.489,5705.116,13040.07,2041.628,5962.208
13438.89,2049.329,5031.83,13037.08,1972.416,6028.454,13361.33,1983.601,5000.782,13547.13,1997.489,5705.899,13037.99,2041.628,5961.463
13438.61,2049.329,5032.893,13035.99,1972.416,6028.407,13360.96,1983.601,5001.815,13546.12,1997.489,5706.321,13036.96,2041.628,5961.071
13438.48,2049.329,5033.334,13035.53,1972.416,6028.398,13360.82,1983.601,5002.253,13545.7,1997.489,5706.512,13036.53,2041.628,5960.897
13437.78,2049.329,5035.47,13033.28,1972.416,6028.406,13360.14,1983.601,5004.396,13543.68,1997.489,5707.5,13034.47,2041.628,5960.002
13437.57,2049.329,5036.033,13032.68,1972.416,6028.422,13359.94,1983.601,5004.962,13543.13,1997.489,5707.746,13033.93,2041.628,5959.751
13437.03,2049.329,5037.461,13031.16,1972.416,6028.497,13359.38,1983.601,5006.381,13541.78,1997.489,5708.458,13032.56,2041.628,5959.083
13436.86,2049.329,5037.881,13030.7,1972.416,6028.53,13359.26,1983.601,5006.819,13541.38,1997.489,5708.662,13032.15,2041.628,5958.875
13436.04,2049.329,5039.709,13028.71,1972.416,6028.722,13358.66,1983.601,5008.732,13539.56,1997.489,5709.501,13030.39,2041.628,5957.917
13435.57,2049.329,5040.656,13027.66,1972.416,6028.848,13358.31,1983.601,5009.727,13538.58,1997.489,5709.911,13029.48,2041.628,5957.394
13434.68,2049.329,5042.163,13025.93,1972.416,6029.097,13357.67,1983.601,5011.361,13536.95,1997.489,5710.539,13027.97,2041.628,5956.49
13434.13,2049.329,5043.155,13024.8,1972.416,6029.221,13357.23,1983.601,5012.403,13535.86,1997.489,5710.856,13026.99,2041.628,5955.938
13433.51,2049.329,5044.203,13023.59,1972.416,6029.314,13356.71,1983.601,5013.506,13534.7,1997.489,5711.236,13025.9,2041.628,5955.38
13432.83,2049.329,5045.451,13022.17,1972.416,6029.377,13356.08,1983.601,5014.782,13533.32,1997.489,5711.586,13024.62,2041.628,5954.769
13431.95,2049.329,5046.619,13020.71,1972.416,6029.395,13355.48,1983.601,5016.11,13531.92,1997.489,5711.991,13023.28,2041.628,5954.187
13431.11,2049.329,5047.832,13019.23,1972.416,6029.363,13354.82,1983.601,5017.436,13530.51,1997.489,5712.448,13021.91,2041.628,5953.641
13429.98,2049.329,5049.457,13017.26,1972.416,6029.257,13353.89,1983.601,5019.176,13528.66,1997.489,5713.119,13020.05,2041.628,5952.972
13429.3,2049.329,5050.521,13016,1972.416,6029.147,13353.26,1983.601,5020.271,13527.48,1997.489,5713.588,13018.84,2041.628,5952.583
13428.6,2049.329,5051.683,13014.65,1972.416,6028.986,13352.53,1983.601,5021.417,13526.21,1997.489,5714.049,13017.54,2041.628,5952.209
13427.59,2049.329,5052.894,13013.09,1972.416,6028.748,13351.65,1983.601,5022.727,13524.74,1997.489,5714.633,13016.01,2041.628,5951.823
13426.6,2049.329,5054.154,13011.52,1972.416,6028.454,13350.81,1983.601,5024.085,13523.29,1997.489,5715.297,13014.48,2041.628,5951.349
13425.64,2049.329,5055.468,13009.93,1972.416,6028.103,13349.9,1983.601,5025.436,13521.78,1997.489,5715.923,13012.91,2041.628,5950.919
13424.43,2049.329,5057.251,13007.84,1972.416,6027.568,13348.76,1983.601,5027.267,13519.88,1997.489,5716.94,13010.91,2041.628,5950.111
13423.93,2049.329,5058.03,13006.95,1972.416,6027.311,13348.29,1983.601,5028.064,13519.05,1997.489,5717.347,13010.06,2041.628,5949.752
13422.82,2049.329,5059.599,13005.12,1972.416,6026.713,13347.38,1983.601,5029.762,13517.3,1997.489,5718.141,13008.32,2041.628,5948.921
13421.87,2049.329,5061.021,13003.52,1972.416,6026.13,13346.53,1983.601,5031.238,13515.72,1997.489,5718.793,13006.76,2041.628,5948.235
13420.96,2049.329,5062.493,13001.91,1972.416,6025.487,13345.47,1983.601,5032.604,13514.18,1997.489,5719.587,13005.17,2041.628,5947.545
13420,2049.329,5063.949,13000.31,1972.416,6024.784,13344.44,1983.601,5034.02,13512.6,1997.489,5720.337,13003.55,2041.628,5946.9
13419.07,2049.329,5065.452,12998.72,1972.416,6024.021,13343.45,1983.601,5035.482,13510.98,1997.489,5721.043,13001.99,2041.628,5946.075
13418.08,2049.329,5066.939,12997.14,1972.416,6023.198,13342.35,1983.601,5036.886,13509.33,1997.489,5721.702,13000.38,2041.628,5945.292
13416.39,2049.329,5069.314,12994.59,1972.416,6021.771,13340.63,1983.601,5039.236,13506.74,1997.489,5723.053,12997.91,2041.628,5943.755
13415.81,2049.329,5070.193,12993.69,1972.416,6021.224,13340.03,1983.601,5040.106,13505.81,1997.489,5723.554,12996.99,2041.628,5943.228
13414.9,2049.329,5071.421,12992.41,1972.416,6020.39,13339.21,1983.601,5041.394,13504.45,1997.489,5724.235,12995.74,2041.628,5942.353
13413.74,2049.329,5073.11,12990.73,1972.416,6019.215,13338.12,1983.601,5043.131,13502.58,1997.489,5725.09,12994.02,2041.628,5941.232
13412.02,2049.329,5075.295,12988.51,1972.416,6017.55,13336.72,1983.601,5045.529,13500.09,1997.489,5726.32,12991.76,2041.628,5939.626
13411.38,2049.329,5076.174,12987.66,1972.416,6016.869,13336.11,1983.601,5046.437,13499.1,1997.489,5726.771,12990.85,2041.628,5939.025
13410.49,2049.329,5077.478,12986.46,1972.416,6015.841,13335.28,1983.601,5047.779,13497.64,1997.489,5727.376,12989.53,2041.628,5938.154
13409.36,2049.329,5079.261,12984.9,1972.416,6014.414,13334.23,1983.601,5049.612,13495.78,1997.489,5728.377,12987.96,2041.628,5936.746
13408.5,2049.329,5080.703,12983.7,1972.416,6013.244,13333.37,1983.601,5051.052,13494.28,1997.489,5729.121,12986.67,2041.628,5935.671
13407.43,2049.329,5082.315,12982.36,1972.416,6011.844,13332.44,1983.601,5052.751,13492.51,1997.489,5729.925,12985.14,2041.628,5934.477
13406.38,2049.329,5083.967,12980.98,1972.416,6010.461,13331.49,1983.601,5054.456,13490.71,1997.489,5730.675,12983.65,2041.628,5933.225
13405.21,2049.329,5085.534,12979.64,1972.416,6009.028,13330.48,1983.601,5056.138,13488.88,1997.489,5731.37,12981.98,2041.628,5932.187
13404.07,2049.329,5087.147,12978.28,1972.416,6007.602,13329.63,1983.601,5057.917,13487.01,1997.489,5732.008,12980.34,2041.628,5931.089
13402.97,2049.329,5088.819,12976.85,1972.416,6006.202,13328.71,1983.601,5059.691,13485.13,1997.489,5732.675,12978.72,2041.628,5929.923
13401.52,2049.329,5091.202,12974.8,1972.416,6004.315,13327.34,1983.601,5062.123,13482.47,1997.489,5733.521,12976.51,2041.628,5928.223
13400.54,2049.329,5092.94,12973.28,1972.416,6003.019,13326.3,1983.601,5063.832,13480.55,1997.489,5734.063,12974.79,2041.628,5927.204
13400.19,2049.329,5093.515,12972.78,1972.416,6002.565,13325.96,1983.601,5064.41,13479.91,1997.489,5734.26,12974.21,2041.628,5926.857
13398.71,2049.329,5096.133,12970.63,1972.416,6000.468,13324.5,1983.601,5067.037,13477.21,1997.489,5735.588,12971.69,2041.628,5925.227
13398.09,2049.329,5097.617,12969.46,1972.416,5999.368,13323.6,1983.601,5068.371,13475.74,1997.489,5736.25,12970.3,2041.628,5924.412
13397.23,2049.329,5099.518,12967.93,1972.416,5997.95,13322.5,1983.601,5070.142,13473.81,1997.489,5737.048,12968.54,2041.628,5923.296
13395.74,2049.329,5102.537,12965.53,1972.416,5995.584,13320.81,1983.601,5073.054,13470.66,1997.489,5738.231,12965.76,2041.628,5921.403
13395.5,2049.329,5102.996,12965.17,1972.416,5995.208,13320.57,1983.601,5073.51,13470.18,1997.489,5738.41,12965.34,2041.628,5921.098
13394.71,2049.329,5105.156,12963.65,1972.416,5993.487,13319.54,1983.601,5075.573,13468.08,1997.489,5739.361,12963.52,2041.628,5919.682
13393.92,2049.329,5107.089,12962.27,1972.416,5991.917,13318.6,1983.601,5077.436,13466.15,1997.489,5740.161,12961.92,2041.628,5918.345
13393.12,2049.329,5109.027,12960.94,1972.416,5990.295,13317.72,1983.601,5079.337,13464.24,1997.489,5741.012,12960.3,2041.628,5917.011
13392.01,2049.329,5111.74,12959.16,1972.416,5987.969,13316.12,1983.601,5081.791,13461.52,1997.489,5742.115,12958.02,2041.628,5915.174
13391.72,2049.329,5112.381,12958.75,1972.416,5987.397,13315.75,1983.601,5082.392,13460.86,1997.489,5742.364,12957.46,2041.628,5914.755
13390.3,2049.329,5115.311,12956.77,1972.416,5984.811,13314.04,1983.601,5085.168,13457.78,1997.489,5743.42,12954.9,2041.628,5912.731
13389.56,2049.329,5116.699,12955.79,1972.416,5983.582,13313.22,1983.601,5086.507,13456.28,1997.489,5743.879,12953.69,2041.628,5911.732
13388.29,2049.329,5118.934,12954.16,1972.416,5981.595,13311.95,1983.601,5088.744,13453.79,1997.489,5744.552,12951.74,2041.628,5910.054
13387.17,2049.329,5120.741,12952.78,1972.416,5979.98,13310.72,1983.601,5090.471,13451.79,1997.489,5745.241,12950.16,2041.628,5908.638
13386.28,2049.329,5122.719,12951.35,1972.416,5978.354,13309.51,1983.601,5092.277,13449.71,1997.489,5745.879,12948.57,2041.628,5907.159
13385.57,2049.329,5124.259,12950.2,1972.416,5977.105,13308.62,1983.601,5093.716,13448.11,1997.489,5746.413,12947.35,2041.628,5905.982
13384.22,2049.329,5126.992,12948.1,1972.416,5974.893,13307.1,1983.601,5096.361,13445.28,1997.489,5747.563,12945.2,2041.628,5903.82
13382.84,2049.329,5129.543,12946.07,1972.416,5972.829,13305.74,1983.601,5098.918,13442.56,1997.489,5748.568,12943.2,2041.628,5901.729
13382.46,2049.329,5130.453,12945.37,1972.416,5972.14,13305.29,1983.601,5099.799,13441.63,1997.489,5748.894,12942.53,2041.628,5901.004
13381.9,2049.329,5131.681,12944.38,1972.416,5971.214,13304.73,1983.601,5101.025,13440.34,1997.489,5749.299,12941.63,2041.628,5899.996
13380.74,2049.329,5134.007,12942.46,1972.416,5969.47,13303.56,1983.601,5103.345,13437.84,1997.489,5749.996,12939.94,2041.628,5898.026
13379.71,2049.329,5135.933,12940.81,1972.416,5968.033,13302.51,1983.601,5105.267,13435.71,1997.489,5750.514,12938.54,2041.628,5896.343
13378.6,2049.329,5137.831,12939.13,1972.416,5966.624,13301.53,1983.601,5107.229,13433.57,1997.489,5750.964,12937.17,2041.628,5894.628
13377.24,2049.329,5139.559,12937.41,1972.416,5965.244,13300.64,1983.601,5109.247,13431.47,1997.489,5751.642,12935.83,2041.628,5892.885
13374.89,2049.329,5142.741,12934.41,1972.416,5962.667,13298.94,1983.601,5112.817,13427.67,1997.489,5752.736,12933.31,2041.628,5889.834
13374.58,2049.329,5143.195,12934.01,1972.416,5962.295,13298.69,1983.601,5113.307,13427.14,1997.489,5752.89,12933.01,2041.628,5889.371
13372.95,2049.329,5145.733,12931.85,1972.416,5960.185,13297.22,1983.601,5115.938,13424.22,1997.489,5753.634,12931.3,2041.628,5886.891
13371.7,2049.329,5147.566,12930.32,1972.416,5958.582,13296.07,1983.601,5117.837,13422.05,1997.489,5754.111,12929.98,2041.628,5885.109
13371.08,2049.329,5148.375,12929.64,1972.416,5957.823,13295.68,1983.601,5118.777,13421.05,1997.489,5754.298,12929.46,2041.628,5884.232
13369.18,2049.329,5151.045,12927.54,1972.416,5955.308,13294.32,1983.601,5121.762,13417.81,1997.489,5754.792,12927.7,2041.628,5881.466
13368.35,2049.329,5152.291,12926.61,1972.416,5954.13,13293.69,1983.601,5123.119,13416.32,1997.489,5754.908,12926.85,2041.628,5880.231
13367.11,2049.329,5154.158,12925.21,1972.416,5952.39,13292.68,1983.601,5125.117,13414.09,1997.489,5755.153,12925.53,2041.628,5878.426
13365.94,2049.329,5156.064,12923.86,1972.416,5950.604,13291.61,1983.601,5127.082,13411.88,1997.489,5755.471,12924.15,2041.628,5876.665
13364.65,2049.329,5157.9,12922.56,1972.416,5948.771,13290.67,1983.601,5129.121,13409.63,1997.489,5755.576,12922.82,2041.628,5874.855
13363.42,2049.329,5159.781,12921.33,1972.416,5946.893,13289.69,1983.601,5131.146,13407.39,1997.489,5755.754,12921.55,2041.628,5873
13362,2049.329,5162.11,12919.9,1972.416,5944.567,13288.43,1983.601,5133.561,13404.68,1997.489,5756.059,12920.08,2041.628,5870.7
13360.4,2049.329,5164.513,12918.48,1972.416,5942.057,13287.01,1983.601,5136.074,13401.83,1997.489,5756.476,12918.61,2041.628,5868.216
13360.1,2049.329,5164.993,12918.21,1972.416,5941.557,13286.75,1983.601,5136.58,13401.27,1997.489,5756.54,12918.34,2041.628,5867.721
13358.54,2049.329,5167.705,12916.63,1972.416,5938.857,13285.28,1983.601,5139.339,13398.17,1997.489,5756.991,12916.6,2041.628,5865.125
13357.72,2049.329,5169.026,12915.89,1972.416,5937.492,13284.56,1983.601,5140.714,13396.63,1997.489,5757.165,12915.77,2041.628,5863.808
13356.17,2049.329,5171.226,12914.38,1972.416,5935.263,13283.22,1983.601,5143.055,13393.94,1997.489,5757.304,12914.12,2041.628,5861.682
13354.83,2049.329,5173.062,12913.05,1972.416,5933.424,13282.04,1983.601,5144.991,13391.67,1997.489,5757.262,12912.79,2041.628,5859.845
13353.56,2049.329,5174.946,12911.78,1972.416,5931.538,13280.79,1983.601,5146.891,13389.39,1997.489,5757.286,12911.43,2041.628,5858.02
13351.56,2049.329,5177.149,12909.98,1972.416,5929.173,13279.06,1983.601,5149.312,13386.42,1997.489,5757.414,12909.46,2041.628,5855.79
13349.55,2049.329,5179.523,12907.91,1972.416,5926.845,13277.17,1983.601,5151.786,13383.31,1997.489,5757.276,12907.48,2041.628,5853.388
13348.6,2049.329,5180.722,12906.94,1972.416,5925.668,13276.29,1983.601,5153.032,13381.78,1997.489,5757.259,12906.55,2041.628,5852.176
13348.23,2049.329,5181.219,12906.56,1972.416,5925.18,13275.93,1983.601,5153.535,13381.17,1997.489,5757.272,12906.19,2041.628,5851.675
13346.43,2049.329,5183.828,12904.69,1972.416,5922.612,13274.17,1983.601,5156.177,13378,1997.489,5757.443,12904.1,2041.628,5849.284
13344.88,2049.329,5185.518,12903.41,1972.416,5920.716,13272.89,1983.601,5158.075,13375.72,1997.489,5757.642,12902.66,2041.628,5847.51
13343.39,2049.329,5187.258,12902.19,1972.416,5918.777,13271.67,1983.601,5160.011,13373.42,1997.489,5757.673,12901.19,2041.628,5845.744
13341.96,2049.329,5189.046,12900.91,1972.416,5916.88,13270.38,1983.601,5161.904,13371.14,1997.489,5757.779,12899.79,2041.628,5843.933
13340.58,2049.329,5190.882,12899.69,1972.416,5914.938,13269.03,1983.601,5163.758,13368.85,1997.489,5757.96,12898.45,2041.628,5842.074
13338.57,2049.329,5193.384,12898.07,1972.416,5912.168,13267.22,1983.601,5166.412,13365.66,1997.489,5758.318,12896.66,2041.628,5839.413
13337.65,2049.329,5194.61,12897.33,1972.416,5910.819,13266.32,1983.601,5167.651,13364.13,1997.489,5758.439,12895.84,2041.628,5838.114
13336.33,2049.329,5196.314,12896.37,1972.416,5908.891,13264.87,1983.601,5169.251,13361.98,1997.489,5758.558,12894.74,2041.628,5836.257
13334.86,2049.329,5198.087,12895.09,1972.416,5906.978,13263.39,1983.601,5171.011,13359.68,1997.489,5758.76,12893.5,2041.628,5834.321
13333.21,2049.329,5199.689,12893.87,1972.416,5905.026,13261.96,1983.601,5172.816,13357.39,1997.489,5758.89,12892.31,2041.628,5832.347
13331.61,2049.329,5201.349,12892.71,1972.416,5903.03,13260.47,1983.601,5174.578,13355.09,1997.489,5759.096,12891.19,2041.628,5830.33
13330.06,2049.329,5203.064,12891.62,1972.416,5900.993,13258.92,1983.601,5176.294,13352.79,1997.489,5759.343,12890.14,2041.628,5828.272
13328.57,2049.329,5204.823,12890.59,1972.416,5898.929,13257.43,1983.601,5178.054,13350.49,1997.489,5759.515,12889.05,2041.628,5826.24
13326.69,2049.329,5206.883,12889.44,1972.416,5896.392,13255.45,1983.601,5180.011,13347.71,1997.489,5759.632,12887.82,2041.628,5823.739
13325.58,2049.329,5208.324,12888.66,1972.416,5894.747,13254.19,1983.601,5181.328,13345.89,1997.489,5759.767,12887.01,2041.628,5822.11
13323.52,2049.329,5210.83,12887.38,1972.416,5891.77,13252.03,1983.601,5183.746,13342.71,1997.489,5760.405,12885.48,2041.628,5819.251
13323.11,2049.329,5211.476,12887.07,1972.416,5891.064,13251.54,1983.601,5184.335,13341.96,1997.489,5760.531,12885.14,2041.628,5818.563
13320.88,2049.329,5214.688,12885.23,1972.416,5887.613,13248.97,1983.601,5187.28,13338.08,1997.489,5761.048,12883.52,2041.628,5815.003
13319.73,2049.329,5216.513,12884.28,1972.416,5885.68,13247.6,1983.601,5188.949,13335.94,1997.489,5761.287,12882.35,2041.628,5813.197
13319.4,2049.329,5217.083,12884.01,1972.416,5885.081,13247.2,1983.601,5189.471,13335.29,1997.489,5761.394,12882,2041.628,5812.635
13317.22,2049.329,5220.578,12882.19,1972.416,5881.384,13244.81,1983.601,5192.825,13331.21,1997.489,5761.934,12879.99,2041.628,5809.043
13316.11,2049.329,5222.243,12881.36,1972.416,5879.559,13243.7,1983.601,5194.494,13329.22,1997.489,5762.217,12879.06,2041.628,5807.266
13315.1,2049.329,5223.635,12880.71,1972.416,5877.974,13242.64,1983.601,5195.84,13327.52,1997.489,5762.403,12878.22,2041.628,5805.769
13313.1,2049.329,5226.237,12879.35,1972.416,5874.982,13240.62,1983.601,5198.433,13324.24,1997.489,5762.653,12876.61,2041.628,5802.911
13311.76,2049.329,5227.934,12878.44,1972.416,5873.024,13239.3,1983.601,5200.14,13322.08,1997.489,5762.747,12875.57,2041.628,5801.015
13311.4,2049.329,5228.444,12878.17,1972.416,5872.458,13238.93,1983.601,5200.648,13321.46,1997.489,5762.825,12875.28,2041.628,5800.46
13308.55,2049.329,5232.134,12876.09,1972.416,5868.289,13236.32,1983.601,5204.506,13316.82,1997.489,5763.248,12873.16,2041.628,5796.315
13306.94,2049.329,5234.38,12874.83,1972.416,5865.828,13234.69,1983.601,5206.746,13314.06,1997.489,5763.409,12871.93,2041.628,5793.836
13305.91,2049.329,5236.047,12873.91,1972.416,5864.098,13233.51,1983.601,5208.311,13312.1,1997.489,5763.458,12871.08,2041.628,5792.07
13305.59,2049.329,5236.532,12873.63,1972.416,5863.587,13233.18,1983.601,5208.787,13311.52,1997.489,5763.539,12870.84,2041.628,5791.542
13303.74,2049.329,5239.132,12872.06,1972.416,5860.811,13231.02,1983.601,5211.139,13308.35,1997.489,5763.873,12869.53,2041.628,5788.633
13303.24,2049.329,5239.823,12871.67,1972.416,5860.059,13230.47,1983.601,5211.783,13307.5,1997.489,5763.935,12869.21,2041.628,5787.848
13301.18,2049.329,5242.855,12870.07,1972.416,5856.755,13228.17,1983.601,5214.643,13303.84,1997.489,5764.112,12867.7,2041.628,5784.502
13300.19,2049.329,5244.455,12869.31,1972.416,5855.039,13226.92,1983.601,5216.041,13301.98,1997.489,5764.356,12866.92,2041.628,5782.796
13298.11,2049.329,5247.595,12867.84,1972.416,5851.571,13224.49,1983.601,5218.924,13298.23,1997.489,5764.723,12865.45,2041.628,5779.326
13297.34,2049.329,5248.704,12867.36,1972.416,5850.312,13223.56,1983.601,5219.897,13296.88,1997.489,5764.82,12864.88,2041.628,5778.102
13296.18,2049.329,5250.267,12866.71,1972.416,5848.471,13222.25,1983.601,5221.346,13294.93,1997.489,5764.896,12864.12,2041.628,5776.309
13294.17,2049.329,5252.778,12865.56,1972.416,5845.472,13219.93,1983.601,5223.566,13291.72,1997.489,5764.917,12862.89,2041.628,5773.34
13293.31,2049.329,5253.854,12865.06,1972.416,5844.184,13218.96,1983.601,5224.553,13290.34,1997.489,5764.881,12862.39,2041.628,5772.052
13291.16,2049.329,5256.342,12863.97,1972.416,5841.086,13216.75,1983.601,5226.973,13287.06,1997.489,5764.688,12861.3,2041.628,5768.954
13290.11,2049.329,5257.49,12863.5,1972.416,5839.599,13215.73,1983.601,5228.156,13285.5,1997.489,5764.746,12860.81,2041.628,5767.474
13288.67,2049.329,5259.152,12862.82,1972.416,5837.514,13214.3,1983.601,5229.824,13283.31,1997.489,5764.755,12860.14,2041.628,5765.386
13286.83,2049.329,5260.962,12862,1972.416,5835.062,13212.69,1983.601,5231.849,13280.72,1997.489,5764.682,12859.37,2041.628,5762.917
13284.73,2049.329,5263.152,12861.13,1972.416,5832.159,13210.77,1983.601,5234.189,13277.7,1997.489,5764.497,12858.37,2041.628,5760.056
13283.39,2049.329,5264.648,12860.54,1972.416,5830.241,13209.44,1983.601,5235.698,13275.7,1997.489,5764.339,12857.73,2041.628,5758.153
13282.84,2049.329,5265.306,12860.28,1972.416,5829.423,13208.85,1983.601,5236.324,13274.84,1997.489,5764.368,12857.46,2041.628,5757.338
13280.38,2049.329,5268.049,12859.13,1972.416,5825.924,13206.42,1983.601,5239.09,13271.15,1997.489,5764.373,12856.35,2041.628,5753.829
13279.17,2049.329,5269.492,12858.53,1972.416,5824.141,13205.15,1983.601,5240.481,13269.27,1997.489,5764.314,12855.8,2041.628,5752.03
13277.65,2049.329,5271.276,12857.76,1972.416,5821.929,13203.63,1983.601,5242.264,13266.93,1997.489,5764.468,12855.13,2041.628,5749.786
13275.59,2049.329,5273.808,12856.79,1972.416,5818.812,13201.37,1983.601,5244.619,13263.67,1997.489,5764.576,12854.6,2041.628,5746.563
13275.08,2049.329,5274.396,12856.58,1972.416,5818.06,13200.85,1983.601,5245.198,13262.89,1997.489,5764.577,12854.45,2041.628,5745.798
13273.46,2049.329,5276.913,12855.88,1972.416,5815.153,13198.63,1983.601,5247.202,13259.9,1997.489,5764.48,12854,2041.628,5742.843
13272.13,2049.329,5278.844,12855.41,1972.416,5812.856,13196.94,1983.601,5248.83,13257.56,1997.489,5764.328,12853.56,2041.628,5740.539
13270.74,2049.329,5280.73,12855.01,1972.416,5810.546,13195.31,1983.601,5250.511,13255.22,1997.489,5764.272,12853.15,2041.628,5738.229
13269.35,2049.329,5282.626,12854.68,1972.416,5808.215,13193.72,1983.601,5252.252,13252.87,1997.489,5764.182,12852.86,2041.628,5735.894
13267.89,2049.329,5284.469,12854.28,1972.416,5805.905,13192.12,1983.601,5253.959,13250.53,1997.489,5764.016,12852.79,2041.628,5733.549
13266.38,2049.329,5286.263,12853.94,1972.416,5803.583,13190.49,1983.601,5255.646,13248.18,1997.489,5763.939,12852.64,2041.628,5731.208
13264.8,2049.329,5288.021,12853.54,1972.416,5801.253,13188.74,1983.601,5257.235,13245.82,1997.489,5763.785,12852.46,2041.628,5728.852
13262.65,2049.329,5290.262,12853.12,1972.416,5798.175,13186.38,1983.601,5259.266,13242.72,1997.489,5763.727,12852.11,2041.628,5725.763
13261.57,2049.329,5291.385,12852.7,1972.416,5796.672,13185.14,1983.601,5260.211,13241.16,1997.489,5763.647,12852.03,2041.628,5724.205
13259.83,2049.329,5293.071,12852.12,1972.416,5794.32,13183.26,1983.601,5261.74,13238.74,1997.489,5763.625,12851.83,2041.628,5721.791
13257.91,2049.329,5294.814,12851.58,1972.416,5791.784,13181.31,1983.601,5263.441,13236.15,1997.489,5763.518,12851.52,2041.628,5719.216
13256.35,2049.329,5296.139,12851.22,1972.416,5789.769,13179.81,1983.601,5264.834,13234.11,1997.489,5763.365,12851.22,2041.628,5717.193
13254.53,2049.329,5297.651,12850.67,1972.416,5787.47,13178.09,1983.601,5266.458,13231.75,1997.489,5763.112,12850.79,2041.628,5714.868
13251.97,2049.329,5299.417,12849.66,1972.416,5784.524,13175.75,1983.601,5268.52,13228.67,1997.489,5762.678,12850.12,2041.628,5711.826
13250.7,2049.329,5300.352,12849.2,1972.416,5783.018,13174.6,1983.601,5269.593,13227.12,1997.489,5762.408,12849.81,2041.628,5710.282
13248.85,2049.329,5301.808,12848.58,1972.416,5780.749,13172.83,1983.601,5271.136,13224.8,1997.489,5762.054,12849.33,2041.628,5707.98
13246.89,2049.329,5303.102,12848.04,1972.416,5778.456,13171,1983.601,5272.624,13222.48,1997.489,5761.624,12848.78,2041.628,5705.69
13244.94,2049.329,5304.422,12847.43,1972.416,5776.186,13169.13,1983.601,5274.048,13220.14,1997.489,5761.381,12848.41,2041.628,5703.369
13242.29,2049.329,5306.354,12846.68,1972.416,5772.992,13166.46,1983.601,5275.949,13216.89,1997.489,5760.935,12847.79,2041.628,5700.147
13241.05,2049.329,5307.32,12846.37,1972.416,5771.452,13165.21,1983.601,5276.901,13215.34,1997.489,5760.671,12847.44,2041.628,5698.615
13239.27,2049.329,5308.619,12846.1,1972.416,5769.262,13163.5,1983.601,5278.294,13213.15,1997.489,5760.472,12847,2041.628,5696.454
13237.41,2049.329,5310.063,12845.82,1972.416,5766.93,13161.81,1983.601,5279.923,13210.81,1997.489,5760.184,12846.6,2041.628,5694.139
13235.61,2049.329,5311.571,12845.46,1972.416,5764.603,13160.16,1983.601,5281.604,13208.49,1997.489,5759.819,12846.55,2041.628,5691.785
13233.7,2049.329,5312.945,12845.14,1972.416,5762.271,13158.45,1983.601,5283.229,13206.18,1997.489,5759.378,12846.42,2041.628,5689.435
13231.81,2049.329,5314.398,12844.61,1972.416,5759.947,13156.68,1983.601,5284.817,13203.85,1997.489,5758.855,12846.22,2041.628,5687.06
13228.5,2049.329,5316.992,12843.8,1972.416,5755.819,13153.69,1983.601,5287.781,13199.66,1997.489,5758.482,12845.72,2041.628,5682.884
13226.69,2049.329,5318.502,12843.28,1972.416,5753.527,13152,1983.601,5289.411,13197.33,1997.489,5758.197,12845.36,2041.628,5680.56
13225.64,2049.329,5319.217,12842.87,1972.416,5752.323,13151.06,1983.601,5290.262,13196.07,1997.489,5758.001,12845.13,2041.628,5679.311
13225.08,2049.329,5319.589,12842.64,1972.416,5751.695,13150.54,1983.601,5290.697,13195.41,1997.489,5757.876,12844.98,2041.628,5678.656
13221.71,2049.329,5322.004,12841.3,1972.416,5747.764,13147.29,1983.601,5293.28,13191.33,1997.489,5757.144,12843.96,2041.628,5674.635
13220.39,2049.329,5323.017,12840.82,1972.416,5746.17,13146.05,1983.601,5294.39,13189.69,1997.489,5756.868,12843.51,2041.628,5673.03
13219.15,2049.329,5323.927,12840.42,1972.416,5744.689,13144.88,1983.601,5295.374,13188.18,1997.489,5756.564,12843.05,2041.628,5671.567
13215.82,2049.329,5326.556,12839.84,1972.416,5740.486,13141.69,1983.601,5298.178,13184.05,1997.489,5755.588,12842.25,2041.628,5667.401
13215.38,2049.329,5326.819,12839.76,1972.416,5739.978,13141.26,1983.601,5298.455,13183.56,1997.489,5755.453,12842.13,2041.628,5666.898
13213.07,2049.329,5328.296,12839.42,1972.416,5737.257,13138.9,1983.601,5299.852,13180.86,1997.489,5754.947,12841.44,2041.628,5664.245
13211.6,2049.329,5329.554,12839.11,1972.416,5735.348,13137.25,1983.601,5300.861,13178.96,1997.489,5754.597,12841.02,2041.628,5662.359
13210.52,2049.329,5330.418,12838.85,1972.416,5733.991,13136.09,1983.601,5301.62,13177.61,1997.489,5754.302,12840.67,2041.628,5661.021
13209.24,2049.329,5331.381,12838.49,1972.416,5732.423,13134.73,1983.601,5302.468,13176.05,1997.489,5753.908,12840.4,2041.628,5659.436
13207.77,2049.329,5332.409,12837.94,1972.416,5730.719,13133.23,1983.601,5303.444,13174.33,1997.489,5753.412,12840.05,2041.628,5657.678
13206.43,2049.329,5333.505,12837.45,1972.416,5729.057,13131.8,1983.601,5304.434,13172.68,1997.489,5752.878,12839.67,2041.628,5655.989
13205.09,2049.329,5334.524,12836.88,1972.416,5727.48,13130.46,1983.601,5305.438,13171.17,1997.489,5752.156,12839.24,2041.628,5654.365
13203.77,2049.329,5335.472,12836.37,1972.416,5725.93,13129.19,1983.601,5306.456,13169.67,1997.489,5751.502,12838.85,2041.628,5652.782
13202.5,2049.329,5336.439,12835.76,1972.416,5724.458,13128.08,1983.601,5307.596,13168.23,1997.489,5750.832,12838.41,2041.628,5651.251
13200.95,2049.329,5337.71,12835.06,1972.416,5722.577,13126.63,1983.601,5308.988,13166.38,1997.489,5750.045,12837.8,2041.628,5649.338
13200.2,2049.329,5338.363,12834.74,1972.416,5721.637,13125.89,1983.601,5309.651,13165.46,1997.489,5749.682,12837.47,2041.628,5648.404
13198.92,2049.329,5339.293,12834.19,1972.416,5720.158,13124.68,1983.601,5310.669,13163.97,1997.489,5749.152,12836.89,2041.628,5646.935
13197.66,2049.329,5340.277,12833.58,1972.416,5718.678,13123.42,1983.601,5311.661,13162.53,1997.489,5748.458,12836.25,2041.628,5645.465
13196.8,2049.329,5340.774,12833.17,1972.416,5717.774,13122.58,1983.601,5312.172,13161.65,1997.489,5747.998,12835.83,2041.628,5644.569
13195.69,2049.329,5341.467,12832.59,1972.416,5716.601,13121.48,1983.601,5312.883,13160.47,1997.489,5747.43,12835.24,2041.628,5643.405
13193.85,2049.329,5342.292,12831.65,1972.416,5714.821,13119.82,1983.601,5314.033,13158.63,1997.489,5746.615,12834.37,2041.628,5641.583
13193.22,2049.329,5342.602,12831.31,1972.416,5714.203,13119.28,1983.601,5314.48,13157.97,1997.489,5746.35,12834.05,2041.628,5640.954
13191.92,2049.329,5343.289,12830.64,1972.416,5712.894,13118.11,1983.601,5315.373,13156.59,1997.489,5745.845,12833.34,2041.628,5639.667
13190.67,2049.329,5344.003,12829.94,1972.416,5711.634,13116.94,1983.601,5316.208,13155.23,1997.489,5745.395,12832.61,2041.628,5638.431
13190.3,2049.329,5344.234,12829.71,1972.416,5711.26,13116.59,1983.601,5316.476,13154.79,1997.489,5745.313,12832.37,2041.628,5638.059
13189.48,2049.329,5344.747,12829.18,1972.416,5710.451,13115.8,1983.601,5317.038,13153.85,1997.489,5745.104,12831.82,2041.628,5637.262
13188.24,2049.329,5345.354,12828.37,1972.416,5709.333,13114.65,1983.601,5317.802,13152.51,1997.489,5744.763,12831.06,2041.628,5636.115
13187.64,2049.329,5345.671,12827.98,1972.416,5708.784,13114.1,1983.601,5318.201,13151.86,1997.489,5744.573,12830.66,2041.628,5635.564
13186.78,2049.329,5346.165,12827.42,1972.416,5707.962,13113.28,1983.601,5318.758,13150.92,1997.489,5744.265,12830.06,2041.628,5634.778
13185.92,2049.329,5346.696,12826.78,1972.416,5707.178,13112.47,1983.601,5319.354,13149.97,1997.489,5743.919,12829.42,2041.628,5633.996
13185.04,2049.329,5347.278,12826.14,1972.416,5706.343,13111.7,1983.601,5320.074,13149,1997.489,5743.512,12828.74,2041.628,5633.192
13184.15,2049.329,5347.915,12825.51,1972.416,5705.449,13110.93,1983.601,5320.857,13147.97,1997.489,5743.119,12828.01,2041.628,5632.375
13183.02,2049.329,5348.775,12824.65,1972.416,5704.322,13109.9,1983.601,5321.836,13146.65,1997.489,5742.604,12827.05,2041.628,5631.33
13182.65,2049.329,5349.022,12824.39,1972.416,5703.957,13109.57,1983.601,5322.134,13146.24,1997.489,5742.432,12826.73,2041.628,5631.009
13180.9,2049.329,5350.08,12823.15,1972.416,5702.334,13108.09,1983.601,5323.545,13144.33,1997.489,5741.706,12825.36,2041.628,5629.503
13180.62,2049.329,5350.265,12822.95,1972.416,5702.059,13107.84,1983.601,5323.771,13144.01,1997.489,5741.596,12825.12,2041.628,5629.261
13179.13,2049.329,5351.209,12821.91,1972.416,5700.646,13106.52,1983.601,5324.925,13142.37,1997.489,5740.972,12823.93,2041.628,5627.965
13178.02,2049.329,5351.893,12821.17,1972.416,5699.568,13105.52,1983.601,5325.766,13141.19,1997.489,5740.423,12823.08,2041.628,5626.976
13176.78,2049.329,5352.713,12820.3,1972.416,5698.366,13104.35,1983.601,5326.688,13139.87,1997.489,5739.728,12822,2041.628,5625.961
13175.65,2049.329,5353.518,12819.44,1972.416,5697.27,13103.29,1983.601,5327.583,13138.62,1997.489,5739.118,12821.01,2041.628,5624.979
13174.64,2049.329,5354.287,12818.63,1972.416,5696.294,13102.29,1983.601,5328.367,13137.46,1997.489,5738.598,12820.14,2041.628,5624.053
13172.8,2049.329,5355.78,12817.18,1972.416,5694.424,13100.38,1983.601,5329.768,13135.27,1997.489,5737.701,12818.42,2041.628,5622.432
13172.02,2049.329,5356.371,12816.56,1972.416,5693.664,13099.6,1983.601,5330.354,13134.36,1997.489,5737.361,12817.72,2041.628,5621.75
13171.66,2049.329,5356.629,12816.28,1972.416,5693.321,13099.23,1983.601,5330.61,13133.93,1997.489,5737.216,12817.41,2041.628,5621.431
13169.58,2049.329,5358.131,12814.6,1972.416,5691.383,13097.1,1983.601,5332.04,13131.53,1997.489,5736.308,12815.64,2041.628,5619.566
13169.23,2049.329,5358.365,12814.32,1972.416,5691.072,13096.76,1983.601,5332.278,13131.14,1997.489,5736.158,12815.36,2041.628,5619.257
13167.39,2049.329,5359.506,12812.84,1972.416,5689.495,13095.02,1983.601,5333.566,13129.15,1997.489,5735.315,12813.94,2041.628,5617.631
13165.55,2049.329,5360.737,12811.3,1972.416,5687.906,13093.2,1983.601,5334.828,13127.2,1997.489,5734.277,12812.51,2041.628,5615.938
13165.16,2049.329,5361.099,12810.92,1972.416,5687.529,13092.77,1983.601,5335.147,13126.71,1997.489,5734.042,12812.17,2041.628,5615.521
13163.09,2049.329,5362.933,12808.91,1972.416,5685.623,13090.61,1983.601,5336.868,13124.19,1997.489,5732.908,12810.47,2041.628,5613.343
13161.9,2049.329,5363.913,12807.83,1972.416,5684.528,13089.34,1983.601,5337.743,13122.8,1997.489,5732.261,12809.48,2041.628,5612.165
13161.49,2049.329,5364.238,12807.48,1972.416,5684.139,13088.92,1983.601,5338.059,13122.31,1997.489,5732.054,12809.14,2041.628,5611.765
13158.48,2049.329,5366.415,12804.78,1972.416,5681.592,13085.76,1983.601,5340.015,13119.06,1997.489,5730.27,12806.68,2041.628,5608.985
13157.91,2049.329,5366.801,12804.29,1972.416,5681.101,13085.19,1983.601,5340.398,13118.44,1997.489,5729.958,12806.2,2041.628,5608.483
13156.83,2049.329,5367.596,12803.34,1972.416,5680.164,13084.06,1983.601,5341.108,13117.23,1997.489,5729.394,12805.42,2041.628,5607.401
13151.87,2049.329,5371.022,12799.17,1972.416,5675.796,13079.05,1983.601,5344.477,13111.74,1997.489,5726.881,12801.71,2041.628,5602.641
13151.49,2049.329,5371.283,12798.87,1972.416,5675.458,13078.68,1983.601,5344.743,13111.32,1997.489,5726.706,12801.45,2041.628,5602.273
13151.12,2049.329,5371.532,12798.58,1972.416,5675.11,13078.33,1983.601,5345.02,13110.89,1997.489,5726.558,12801.2,2041.628,5601.893
13150.74,2049.329,5371.781,12798.3,1972.416,5674.752,13078,1983.601,5345.334,13110.47,1997.489,5726.396,12800.94,2041.628,5601.519
13149.44,2049.329,5372.696,12797.34,1972.416,5673.489,13076.82,1983.601,5346.396,13108.99,1997.489,5725.821,12800,2041.628,5600.243
13147.48,2049.329,5374.167,12795.92,1972.416,5671.495,13074.95,1983.601,5347.972,13106.66,1997.489,5725.078,12798.54,2041.628,5598.28
13146.39,2049.329,5374.771,12795.23,1972.416,5670.453,13074.08,1983.601,5348.871,13105.48,1997.489,5724.659,12797.74,2041.628,5597.315
13144.6,2049.329,5375.832,12794.03,1972.416,5668.758,13072.58,1983.601,5350.318,13103.54,1997.489,5723.899,12796.46,2041.628,5595.681
13142.98,2049.329,5376.868,12792.96,1972.416,5667.155,13071.16,1983.601,5351.611,13101.77,1997.489,5723.159,12795.32,2041.628,5594.131
13141.6,2049.329,5377.912,12792.05,1972.416,5665.684,13069.92,1983.601,5352.813,13100.2,1997.489,5722.441,12794.34,2041.628,5592.706
13140.31,2049.329,5378.832,12791.26,1972.416,5664.304,13068.74,1983.601,5353.881,13098.77,1997.489,5721.734,12793.48,2041.628,5591.366
13138.46,2049.329,5380.049,12790.23,1972.416,5662.352,13067.05,1983.601,5355.31,13096.87,1997.489,5720.616,12792.35,2041.628,5589.465
13137,2049.329,5381.339,12789.37,1972.416,5660.603,13065.53,1983.601,5356.521,13095.16,1997.489,5719.686,12791.42,2041.628,5587.759
13135.96,2049.329,5382.204,12788.82,1972.416,5659.364,13064.44,1983.601,5357.329,13093.94,1997.489,5719.076,12790.8,2041.628,5586.549
13133.72,2049.329,5383.93,12787.75,1972.416,5656.754,13062.23,1983.601,5359.083,13091.48,1997.489,5717.705,12789.45,2041.628,5584.07
13132.27,2049.329,5384.979,12787.12,1972.416,5655.074,13060.79,1983.601,5360.15,13089.88,1997.489,5716.885,12788.65,2041.628,5582.468
13130.9,2049.329,5385.905,12786.59,1972.416,5653.503,13059.56,1983.601,5361.262,13088.43,1997.489,5716.095,12787.95,2041.628,5580.964
13128.37,2049.329,5387.436,12785.56,1972.416,5650.734,13057.3,1983.601,5363.172,13085.79,1997.489,5714.77,12786.8,2041.628,5578.242
13127.23,2049.329,5388.162,12784.97,1972.416,5649.516,13056.25,1983.601,5364.023,13084.53,1997.489,5714.253,12786.32,2041.628,5576.978
13125.54,2049.329,5389.289,12784.14,1972.416,5647.662,13054.64,1983.601,5365.263,13082.68,1997.489,5713.418,12785.53,2041.628,5575.106
13123.87,2049.329,5390.456,12783.37,1972.416,5645.774,13053,1983.601,5366.472,13080.82,1997.489,5712.583,12784.66,2041.628,5573.262
13122.21,2049.329,5391.668,12782.65,1972.416,5643.851,13051.32,1983.601,5367.65,13078.91,1997.489,5711.85,12783.71,2041.628,5571.441
13120.58,2049.329,5392.92,12781.88,1972.416,5641.946,13049.61,1983.601,5368.795,13076.99,1997.489,5711.101,12782.75,2041.628,5569.625
13118.79,2049.329,5394.355,12780.94,1972.416,5639.854,13047.68,1983.601,5370.028,13074.88,1997.489,5710.197,12781.74,2041.628,5567.566
13116.52,2049.329,5396.272,12779.73,1972.416,5637.132,13045.14,1983.601,5371.575,13072.16,1997.489,5708.982,12780.51,2041.628,5564.851
13114.44,2049.329,5397.904,12778.73,1972.416,5634.692,13042.89,1983.601,5372.962,13069.75,1997.489,5707.927,12779.27,2041.628,5562.521
13112.75,2049.329,5399.151,12777.9,1972.416,5632.757,13041.04,1983.601,5373.956,13067.85,1997.489,5707.023,12778.31,2041.628,5560.651
13111.81,2049.329,5399.793,12777.45,1972.416,5631.719,13040.06,1983.601,5374.525,13066.84,1997.489,5706.503,12777.81,2041.628,5559.634
13111.3,2049.329,5400.12,12777.2,1972.416,5631.167,13039.52,1983.601,5374.814,13066.28,1997.489,5706.267,12777.55,2041.628,5559.087
13108.44,2049.329,5401.816,12775.78,1972.416,5628.163,13036.65,1983.601,5376.491,13063.26,1997.489,5704.874,12776.15,2041.628,5556.072
13107.46,2049.329,5402.62,12775.22,1972.416,5627.021,13035.58,1983.601,5377.168,13062.13,1997.489,5704.303,12775.64,2041.628,5554.912
13104.85,2049.329,5404.607,12773.74,1972.416,5624.096,13032.86,1983.601,5379.004,13059.15,1997.489,5702.931,12774.34,2041.628,5551.902
13103.71,2049.329,5405.469,12772.97,1972.416,5622.885,13031.69,1983.601,5379.836,13057.84,1997.489,5702.344,12773.73,2041.628,5550.604
13101.57,2049.329,5406.967,12771.65,1972.416,5620.637,13029.4,1983.601,5381.085,13055.49,1997.489,5701.199,12772.54,2041.628,5548.277
13099.26,2049.329,5408.472,12770.13,1972.416,5618.341,13027.03,1983.601,5382.479,13052.94,1997.489,5700.174,12771.21,2041.628,5545.869
13098.8,2049.329,5408.751,12769.85,1972.416,5617.882,13026.56,1983.601,5382.755,13052.45,1997.489,5699.957,12770.95,2041.628,5545.401
13095.41,2049.329,5410.665,12767.61,1972.416,5614.693,13023.05,1983.601,5384.442,13048.93,1997.489,5698.271,12769.42,2041.628,5541.813
13093.28,2049.329,5411.771,12766.29,1972.416,5612.689,13020.92,1983.601,5385.549,13046.8,1997.489,5697.166,12768.41,2041.628,5539.641
13092.82,2049.329,5412.041,12766.01,1972.416,5612.23,13020.46,1983.601,5385.813,13046.32,1997.489,5696.923,12768.17,2041.628,5539.161
13090.89,2049.329,5413.376,12764.86,1972.416,5610.189,13018.39,1983.601,5386.919,13044.27,1997.489,5695.8,12767.04,2041.628,5537.104
13089.17,2049.329,5414.483,12763.91,1972.416,5608.381,13016.51,1983.601,5387.711,13042.41,1997.489,5694.946,12766.12,2041.628,5535.282
13087.99,2049.329,5415.195,12763.31,1972.416,5607.135,13015.25,1983.601,5388.289,13041.18,1997.489,5694.326,12765.54,2041.628,5534.028
13085.36,2049.329,5416.66,12762.09,1972.416,5604.382,13012.56,1983.601,5389.635,13038.5,1997.489,5692.954,12764.36,2041.628,5531.257
13084.14,2049.329,5417.285,12761.58,1972.416,5603.114,13011.28,1983.601,5390.12,13037.3,1997.489,5692.291,12763.87,2041.628,5529.983
13082.53,2049.329,5418.095,12760.96,1972.416,5601.423,13009.57,1983.601,5390.675,13035.76,1997.489,5691.367,12763.27,2041.628,5528.283
13080.47,2049.329,5419.049,12760.25,1972.416,5599.268,13007.43,1983.601,5391.444,13033.85,1997.489,5690.14,12762.59,2041.628,5526.118
13078.39,2049.329,5419.934,12759.62,1972.416,5597.094,13005.33,1983.601,5392.282,13031.98,1997.489,5688.852,12761.99,2041.628,5523.934
13077.37,2049.329,5420.327,12759.34,1972.416,5596.037,13004.27,1983.601,5392.571,13031.05,1997.489,5688.282,12761.69,2041.628,5522.883
13076.94,2049.329,5420.477,12759.24,1972.416,5595.592,13003.84,1983.601,5392.706,13030.67,1997.489,5688.037,12761.58,2041.628,5522.44
13074.76,2049.329,5421.533,12758.59,1972.416,5593.264,13001.53,1983.601,5393.437,13028.58,1997.489,5686.814,12760.79,2041.628,5520.154
13073.68,2049.329,5422.035,12758.3,1972.416,5592.102,13000.41,1983.601,5393.836,13027.57,1997.489,5686.175,12760.44,2041.628,5519.01
13072.35,2049.329,5422.599,12757.91,1972.416,5590.709,12999.06,1983.601,5394.363,13026.36,1997.489,5685.385,12760.06,2041.628,5517.615
13071.13,2049.329,5423.296,12757.58,1972.416,5589.348,12997.77,1983.601,5394.916,13025.21,1997.489,5684.582,12759.7,2041.628,5516.259
13069.93,2049.329,5423.932,12757.21,1972.416,5588.044,12996.54,1983.601,5395.491,13024.01,1997.489,5683.947,12759.4,2041.628,5514.938
13068.75,2049.329,5424.511,12756.77,1972.416,5586.804,12995.37,1983.601,5396.087,13022.87,1997.489,5683.292,12759.07,2041.628,5513.666
13067.63,2049.329,5425.109,12756.39,1972.416,5585.589,12994.33,1983.601,5396.826,13021.74,1997.489,5682.699,12758.7,2041.628,5512.445
13066.55,2049.329,5425.725,12756.05,1972.416,5584.398,12993.3,1983.601,5397.509,13020.67,1997.489,5682.087,12758.31,2041.628,5511.272
13065.54,2049.329,5426.353,12755.81,1972.416,5583.23,12992.29,1983.601,5398.135,13019.65,1997.489,5681.464,12757.84,2041.628,5510.176
13064.67,2049.329,5427.114,12755.54,1972.416,5582.104,12991.33,1983.601,5398.787,13018.68,1997.489,5680.826,12757.42,2041.628,5509.096
13064.06,2049.329,5427.609,12755.33,1972.416,5581.347,12990.69,1983.601,5399.249,13018.04,1997.489,5680.373,12757.16,2041.628,5508.355
13062.82,2049.329,5428.785,12754.92,1972.416,5579.688,12989.25,1983.601,5400.154,13016.68,1997.489,5679.341,12756.64,2041.628,5506.727
13062.32,2049.329,5429.227,12754.83,1972.416,5579.028,12988.69,1983.601,5400.525,13016.14,1997.489,5678.957,12756.46,2041.628,5506.086
13061.14,2049.329,5430.208,12754.58,1972.416,5577.514,12987.45,1983.601,5401.422,13014.83,1997.489,5678.153,12756.06,2041.628,5504.603
13060.37,2049.329,5430.807,12754.38,1972.416,5576.557,12986.67,1983.601,5402.019,13013.97,1997.489,5677.693,12755.84,2041.628,5503.652
13060.04,2049.329,5431.095,12754.31,1972.416,5576.124,12986.32,1983.601,5402.275,13013.59,1997.489,5677.474,12755.75,2041.628,5503.222
13058.88,2049.329,5432.034,12754.04,1972.416,5574.661,12985.14,1983.601,5403.183,13012.32,1997.489,5676.69,12755.31,2041.628,5501.8
13057.96,2049.329,5432.752,12753.78,1972.416,5573.519,12984.24,1983.601,5403.927,13011.35,1997.489,5676.041,12755,2041.628,5500.671
13057.78,2049.329,5432.879,12753.74,1972.416,5573.307,12984.06,1983.601,5404.059,13011.16,1997.489,5675.936,12754.96,2041.628,5500.461
13056.84,2049.329,5433.519,12753.5,1972.416,5572.193,12983.23,1983.601,5404.841,13010.18,1997.489,5675.349,12754.73,2041.628,5499.343
13056.37,2049.329,5433.798,12753.39,1972.416,5571.661,12982.83,1983.601,5405.199,13009.71,1997.489,5675.085,12754.64,2041.628,5498.809
13055.99,2049.329,5434.044,12753.33,1972.416,5571.212,12982.48,1983.601,5405.488,13009.32,1997.489,5674.857,12754.58,2041.628,5498.36
13054.93,2049.329,5434.625,12753.18,1972.416,5570.013,12981.56,1983.601,5406.276,13008.26,1997.489,5674.267,12754.45,2041.628,5497.158
13054.42,2049.329,5434.93,12753.13,1972.416,5569.418,12981.1,1983.601,5406.651,13007.75,1997.489,5673.958,12754.41,2041.628,5496.562
13053.63,2049.329,5435.435,12752.97,1972.416,5568.492,12980.35,1983.601,5407.216,13006.96,1997.489,5673.447,12754.37,2041.628,5495.624
13053,2049.329,5435.862,12752.82,1972.416,5567.749,12979.76,1983.601,5407.69,13006.34,1997.489,5673.014,12754.41,2041.628,5494.867
13052.57,2049.329,5436.18,12752.74,1972.416,5567.219,12979.33,1983.601,5408.013,13005.89,1997.489,5672.722,12754.42,2041.628,5494.33
13052.19,2049.329,5436.546,12752.67,1972.416,5566.697,12978.94,1983.601,5408.374,13005.46,1997.489,5672.421,12754.41,2041.628,5493.803
13051.72,2049.329,5436.975,12752.6,1972.416,5566.062,12978.46,1983.601,5408.796,13004.94,1997.489,5672.048,12754.38,2041.628,5493.165
13051.09,2049.329,5437.554,12752.54,1972.416,5565.21,12977.91,1983.601,5409.445,13004.23,1997.489,5671.577,12754.35,2041.628,5492.313
13050.96,2049.329,5437.717,12752.52,1972.416,5565.003,12977.77,1983.601,5409.6,13004.06,1997.489,5671.456,12754.34,2041.628,5492.104
13050.38,2049.329,5438.395,12752.45,1972.416,5564.114,12977.15,1983.601,5410.243,13003.3,1997.489,5670.979,12754.28,2041.628,5491.214
13050.1,2049.329,5438.699,12752.43,1972.416,5563.702,12976.85,1983.601,5410.531,13002.96,1997.489,5670.75,12754.27,2041.628,5490.801
13049.72,2049.329,5439.09,12752.36,1972.416,5563.162,12976.47,1983.601,5410.915,13002.52,1997.489,5670.432,12754.27,2041.628,5490.257
13049.37,2049.329,5439.481,12752.31,1972.416,5562.635,12976.08,1983.601,5411.276,13002.07,1997.489,5670.153,12754.25,2041.628,5489.729
13049.01,2049.329,5439.849,12752.28,1972.416,5562.124,12975.71,1983.601,5411.632,13001.64,1997.489,5669.869,12754.25,2041.628,5489.216
13048.63,2049.329,5440.217,12752.22,1972.416,5561.597,12975.32,1983.601,5411.987,13001.21,1997.489,5669.561,12754.27,2041.628,5488.686
13048.19,2049.329,5440.609,12752.17,1972.416,5561.013,12974.89,1983.601,5412.387,13000.75,1997.489,5669.205,12754.26,2041.628,5488.1
13047.76,2049.329,5441.076,12752.1,1972.416,5560.38,12974.41,1983.601,5412.807,13000.22,1997.489,5668.843,12754.24,2041.628,5487.464
13047.27,2049.329,5441.568,12752.05,1972.416,5559.688,12973.91,1983.601,5413.28,12999.66,1997.489,5668.436,12754.25,2041.628,5486.771
13046.51,2049.329,5442.29,12752,1972.416,5558.638,12973.12,1983.601,5413.973,12998.75,1997.489,5667.91,12754.23,2041.628,5485.719
13045.91,2049.329,5442.818,12752,1972.416,5557.842,12972.58,1983.601,5414.559,12998.08,1997.489,5667.489,12754.24,2041.628,5484.923
13045.71,2049.329,5443.012,12751.98,1972.416,5557.56,12972.38,1983.601,5414.76,12997.84,1997.489,5667.335,12754.25,2041.628,5484.641
13044.99,2049.329,5443.877,12751.97,1972.416,5556.435,12971.56,1983.601,5415.537,12996.89,1997.489,5666.737,12754.26,2041.628,5483.516
13044.37,2049.329,5444.574,12751.98,1972.416,5555.502,12970.84,1983.601,5416.122,12996.11,1997.489,5666.216,12754.24,2041.628,5482.583
13043.14,2049.329,5445.862,12752.24,1972.416,5553.744,12969.49,1983.601,5417.28,12994.67,1997.489,5665.175,12754.09,2041.628,5480.814
13042.58,2049.329,5446.419,12752.32,1972.416,5552.956,12968.84,1983.601,5417.737,12994.05,1997.489,5664.689,12754.04,2041.628,5480.022
13042.13,2049.329,5446.835,12752.37,1972.416,5552.345,12968.35,1983.601,5418.097,12993.57,1997.489,5664.308,12754.03,2041.628,5479.409
13041.55,2049.329,5447.332,12752.4,1972.416,5551.586,12967.72,1983.601,5418.528,12992.99,1997.489,5663.816,12754.03,2041.628,5478.65
13040.24,2049.329,5448.568,12752.43,1972.416,5549.781,12966.27,1983.601,5419.6,12991.69,1997.489,5662.559,12754,2041.628,5476.845
13039.64,2049.329,5449.091,12752.41,1972.416,5548.99,12965.65,1983.601,5420.09,12991.11,1997.489,5662.026,12753.98,2041.628,5476.054
13038.01,2049.329,5450.437,12752.61,1972.416,5546.883,12964.03,1983.601,5421.456,12989.52,1997.489,5660.622,12753.92,2041.628,5473.938
13037.76,2049.329,5450.631,12752.63,1972.416,5546.566,12963.79,1983.601,5421.667,12989.28,1997.489,5660.419,12753.92,2041.628,5473.621
13036.7,2049.329,5451.273,12752.67,1972.416,5545.331,12962.84,1983.601,5422.456,12988.36,1997.489,5659.6,12753.88,2041.628,5472.385
13035.6,2049.329,5451.994,12752.67,1972.416,5544.016,12961.8,1983.601,5423.262,12987.47,1997.489,5658.625,12753.74,2041.628,5471.078
13034.41,2049.329,5452.612,12752.62,1972.416,5542.668,12960.71,1983.601,5424.054,12986.58,1997.489,5657.614,12753.64,2041.628,5469.733
13033.2,2049.329,5453.285,12752.53,1972.416,5541.291,12959.57,1983.601,5424.827,12985.63,1997.489,5656.609,12753.37,2041.628,5468.379
13031.47,2049.329,5454.23,12752.33,1972.416,5539.328,12957.91,1983.601,5425.895,12984.29,1997.489,5655.167,12752.92,2041.628,5466.459
13030.58,2049.329,5454.624,12752.2,1972.416,5538.368,12957.08,1983.601,5426.392,12983.6,1997.489,5654.481,12752.72,2041.628,5465.51
13028.75,2049.329,5455.312,12751.88,1972.416,5536.432,12955.36,1983.601,5427.344,12982.17,1997.489,5653.136,12752.16,2041.628,5463.628
13027.82,2049.329,5455.695,12751.73,1972.416,5535.44,12954.47,1983.601,5427.802,12981.42,1997.489,5652.473,12751.91,2041.628,5462.658
13025.95,2049.329,5456.539,12751.34,1972.416,5533.423,12952.61,1983.601,5428.679,12979.84,1997.489,5651.168,12751.45,2041.628,5460.656
13023.99,2049.329,5457.27,12751.04,1972.416,5531.357,12950.7,1983.601,5429.508,12978.26,1997.489,5649.803,12751.06,2041.628,5458.607
13023.33,2049.329,5457.54,12750.98,1972.416,5530.649,12950.04,1983.601,5429.769,12977.68,1997.489,5649.381,12750.91,2041.628,5457.912
13022.07,2049.329,5458.011,12750.82,1972.416,5529.311,12948.76,1983.601,5430.196,12976.63,1997.489,5648.545,12750.68,2041.628,5456.583
13020.38,2049.329,5458.58,12750.55,1972.416,5527.55,12947.09,1983.601,5430.815,12975.27,1997.489,5647.396,12750.28,2041.628,5454.847
13019.04,2049.329,5459.081,12750.28,1972.416,5526.141,12945.78,1983.601,5431.403,12974.1,1997.489,5646.561,12750.01,2041.628,5453.439
13017.5,2049.329,5459.713,12749.92,1972.416,5524.52,12944.31,1983.601,5432.17,12972.78,1997.489,5645.551,12749.43,2041.628,5451.884
13015.79,2049.329,5460.481,12749.46,1972.416,5522.706,12942.62,1983.601,5432.979,12971.33,1997.489,5644.364,12748.82,2041.628,5450.111
13014.17,2049.329,5461.093,12748.97,1972.416,5521.04,12941.16,1983.601,5433.918,12970.03,1997.489,5643.221,12748.32,2041.628,5448.45
13012.72,2049.329,5461.693,12748.6,1972.416,5519.515,12939.81,1983.601,5434.723,12968.88,1997.489,5642.15,12747.92,2041.628,5446.935
13010.97,2049.329,5462.485,12748.28,1972.416,5517.625,12938.17,1983.601,5435.713,12967.44,1997.489,5640.887,12747.48,2041.628,5445.067
13009.11,2049.329,5463.407,12747.87,1972.416,5515.584,12936.41,1983.601,5436.835,12965.74,1997.489,5639.689,12747.08,2041.628,5443.024
13007.82,2049.329,5464.098,12747.62,1972.416,5514.14,12935.15,1983.601,5437.583,12964.57,1997.489,5638.807,12746.74,2041.628,5441.597
13005.98,2049.329,5465.16,12747.39,1972.416,5512.029,12933.29,1983.601,5438.608,12962.82,1997.489,5637.597,12746.33,2041.628,5439.514
13005.1,2049.329,5465.629,12747.25,1972.416,5511.045,12932.36,1983.601,5438.948,12962.02,1997.489,5637.004,12746.17,2041.628,5438.533
13002.68,2049.329,5466.821,12746.81,1972.416,5508.386,12929.83,1983.601,5439.877,12959.91,1997.489,5635.328,12745.74,2041.628,5435.873
13001.56,2049.329,5467.332,12746.65,1972.416,5507.16,12928.68,1983.601,5440.342,12958.97,1997.489,5634.526,12745.51,2041.628,5434.658
12999.9,2049.329,5468.186,12746.34,1972.416,5505.323,12926.98,1983.601,5441.097,12957.54,1997.489,5633.338,12745.21,2041.628,5432.819
12998.56,2049.329,5468.822,12746.15,1972.416,5503.854,12925.65,1983.601,5441.742,12956.43,1997.489,5632.355,12744.93,2041.628,5431.365
12996.04,2049.329,5469.925,12745.7,1972.416,5501.131,12923.13,1983.601,5442.861,12954.34,1997.489,5630.548,12744.49,2041.628,5428.64
12995.38,2049.329,5470.188,12745.61,1972.416,5500.428,12922.47,1983.601,5443.127,12953.76,1997.489,5630.151,12744.4,2041.628,5427.937
12992.56,2049.329,5471.201,12745.14,1972.416,5497.475,12919.86,1983.601,5444.596,12951.34,1997.489,5628.395,12744.22,2041.628,5424.952
12991.12,2049.329,5471.773,12744.83,1972.416,5495.957,12918.49,1983.601,5445.312,12950.11,1997.489,5627.445,12744.15,2041.628,5423.405
12988.8,2049.329,5472.787,12744.41,1972.416,5493.457,12916.21,1983.601,5446.411,12948.16,1997.489,5625.824,12743.95,2041.628,5420.875
12986.97,2049.329,5473.882,12744.12,1972.416,5491.343,12914.25,1983.601,5447.271,12946.45,1997.489,5624.55,12743.72,2041.628,5418.755
12985.6,2049.329,5474.639,12743.93,1972.416,5489.793,12912.85,1983.601,5447.947,12945.21,1997.489,5623.604,12743.5,2041.628,5417.21
12984.21,2049.329,5475.399,12743.7,1972.416,5488.225,12911.46,1983.601,5448.726,12943.98,1997.489,5622.602,12743.22,2041.628,5415.648
12981.89,2049.329,5476.568,12743.23,1972.416,5485.67,12909.19,1983.601,5449.978,12942.02,1997.489,5620.895,12742.68,2041.628,5413.107
12980.91,2049.329,5477.04,12743.03,1972.416,5484.597,12908.22,1983.601,5450.472,12941.21,1997.489,5620.161,12742.42,2041.628,5412.048
12977.94,2049.329,5478.347,12742.36,1972.416,5481.422,12905.28,1983.601,5451.848,12938.63,1997.489,5618.193,12741.55,2041.628,5408.923
12975.54,2049.329,5479.496,12741.72,1972.416,5478.841,12902.99,1983.601,5453.207,12936.57,1997.489,5616.512,12740.83,2041.628,5406.361
12975.09,2049.329,5479.729,12741.58,1972.416,5478.356,12902.57,1983.601,5453.484,12936.19,1997.489,5616.181,12740.63,2041.628,5405.9
12972.63,2049.329,5481.002,12740.74,1972.416,5475.715,12900.21,1983.601,5454.929,12934.02,1997.489,5614.465,12739.58,2041.628,5403.333
12970.79,2049.329,5481.904,12740.17,1972.416,5473.748,12898.42,1983.601,5455.94,12932.45,1997.489,5613.145,12738.88,2041.628,5401.41
12969.47,2049.329,5482.606,12739.7,1972.416,5472.326,12897.1,1983.601,5456.635,12931.34,1997.489,5612.143,12738.4,2041.628,5399.99
12967.98,2049.329,5483.623,12739.09,1972.416,5470.636,12895.53,1983.601,5457.522,12930.03,1997.489,5610.908,12737.8,2041.628,5398.295
12964.98,2049.329,5485.596,12737.82,1972.416,5467.274,12892.47,1983.601,5459.396,12927.5,1997.489,5608.355,12736.5,2041.628,5394.948
12964.6,2049.329,5485.897,12737.63,1972.416,5466.824,12892.04,1983.601,5459.634,12927.15,1997.489,5608.021,12736.35,2041.628,5394.484
12962.52,2049.329,5487.424,12736.72,1972.416,5464.414,12889.84,1983.601,5460.967,12925.34,1997.489,5606.191,12735.5,2041.628,5392.054
12961.54,2049.329,5488.15,12736.23,1972.416,5463.299,12888.8,1983.601,5461.61,12924.5,1997.489,5605.303,12735.06,2041.628,5390.917
12960.23,2049.329,5489.204,12735.6,1972.416,5461.737,12887.4,1983.601,5462.544,12923.31,1997.489,5604.114,12734.56,2041.628,5389.308
12958.85,2049.329,5490.248,12734.87,1972.416,5460.165,12885.99,1983.601,5463.552,12922,1997.489,5602.979,12733.99,2041.628,5387.67
12957.58,2049.329,5491.36,12734.22,1972.416,5458.611,12884.65,1983.601,5464.578,12920.76,1997.489,5601.834,12733.39,2041.628,5386.096
12956.38,2049.329,5492.458,12733.43,1972.416,5457.186,12883.39,1983.601,5465.611,12919.48,1997.489,5600.825,12732.76,2041.628,5384.593
12955.17,2049.329,5493.484,12732.63,1972.416,5455.819,12882.2,1983.601,5466.653,12918.27,1997.489,5599.804,12732.13,2041.628,5383.142
12953.85,2049.329,5494.536,12731.74,1972.416,5454.386,12880.9,1983.601,5467.722,12916.96,1997.489,5598.745,12731.4,2041.628,5381.618
12952.64,2049.329,5495.44,12730.98,1972.416,5453.077,12879.7,1983.601,5468.641,12915.81,1997.489,5597.758,12730.71,2041.628,5380.275
12951.39,2049.329,5496.423,12730.17,1972.416,5451.706,12878.4,1983.601,5469.568,12914.64,1997.489,5596.683,12729.98,2041.628,5378.86
12950.37,2049.329,5497.259,12729.46,1972.416,5450.597,12877.3,1983.601,5470.299,12913.69,1997.489,5595.766,12729.33,2041.628,5377.71
12949.52,2049.329,5497.988,12728.89,1972.416,5449.632,12876.39,1983.601,5470.952,12912.91,1997.489,5594.961,12728.75,2041.628,5376.748
12948.7,2049.329,5498.712,12728.3,1972.416,5448.713,12875.52,1983.601,5471.616,12912.17,1997.489,5594.158,12728.16,2041.628,5375.833
12946.7,2049.329,5500.554,12726.76,1972.416,5446.473,12873.42,1983.601,5473.339,12910.39,1997.489,5592.105,12726.61,2041.628,5373.601
12946.53,2049.329,5500.719,12726.63,1972.416,5446.271,12873.24,1983.601,5473.496,12910.23,1997.489,5591.92,12726.46,2041.628,5373.409
12946.03,2049.329,5501.206,12726.23,1972.416,5445.697,12872.73,1983.601,5473.969,12909.81,1997.489,5591.37,12726.06,2041.628,5372.838
12945.07,2049.329,5502.184,12725.46,1972.416,5444.563,12871.66,1983.601,5474.831,12909,1997.489,5590.261,12725.24,2041.628,5371.736
12944.29,2049.329,5502.99,12724.89,1972.416,5443.6,12870.78,1983.601,5475.521,12908.36,1997.489,5589.34,12724.59,2041.628,5370.828
12943.52,2049.329,5503.745,12724.31,1972.416,5442.688,12869.95,1983.601,5476.214,12907.72,1997.489,5588.47,12723.99,2041.628,5369.931
12942.74,2049.329,5504.454,12723.71,1972.416,5441.819,12869.16,1983.601,5476.915,12907.07,1997.489,5587.645,12723.43,2041.628,5369.039
12941.97,2049.329,5505.112,12723.17,1972.416,5440.964,12868.43,1983.601,5477.614,12906.42,1997.489,5586.869,12722.86,2041.628,5368.197
12941.12,2049.329,5505.792,12722.62,1972.416,5440.022,12867.67,1983.601,5478.392,12905.69,1997.489,5586.059,12722.18,2041.628,5367.346
12940.24,2049.329,5506.45,12722.03,1972.416,5439.092,12866.92,1983.601,5479.199,12904.93,1997.489,5585.267,12721.51,2041.628,5366.474
12939.68,2049.329,5506.839,12721.65,1972.416,5438.528,12866.48,1983.601,5479.714,12904.44,1997.489,5584.791,12721.12,2041.628,5365.919
12938.93,2049.329,5507.325,12721.23,1972.416,5437.744,12865.92,1983.601,5480.409,12903.78,1997.489,5584.188,12720.63,2041.628,5365.176
12938.19,2049.329,5507.784,12720.78,1972.416,5436.993,12865.39,1983.601,5481.103,12903.12,1997.489,5583.617,12720.17,2041.628,5364.435
12937.46,2049.329,5508.213,12720.33,1972.416,5436.279,12864.9,1983.601,5481.792,12902.47,1997.489,5583.081,12719.63,2041.628,5363.78
12936.75,2049.329,5508.609,12719.88,1972.416,5435.608,12864.45,1983.601,5482.468,12901.83,1997.489,5582.584,12719.14,2041.628,5363.134
12935.78,2049.329,5509.129,12719.22,1972.416,5434.713,12863.81,1983.601,5483.371,12900.93,1997.489,5581.929,12718.5,2041.628,5362.231
12935.14,2049.329,5509.447,12718.75,1972.416,5434.188,12863.38,1983.601,5483.932,12900.35,1997.489,5581.528,12718.07,2041.628,5361.669
12934.95,2049.329,5509.54,12718.6,1972.416,5434.027,12863.24,1983.601,5484.1,12900.17,1997.489,5581.41,12717.93,2041.628,5361.501
12934.05,2049.329,5509.942,12717.88,1972.416,5433.358,12862.6,1983.601,5484.842,12899.33,1997.489,5580.896,12717.38,2041.628,5360.684
12933.4,2049.329,5510.217,12717.38,1972.416,5432.86,12862.11,1983.601,5485.36,12898.72,1997.489,5580.542,12716.97,2041.628,5360.11
12932.62,2049.329,5510.524,12716.8,1972.416,5432.252,12861.52,1983.601,5485.954,12897.98,1997.489,5580.145,12716.46,2041.628,5359.448
12932.39,2049.329,5510.613,12716.64,1972.416,5432.069,12861.35,1983.601,5486.124,12897.76,1997.489,5580.034,12716.3,2041.628,5359.258
12931.47,2049.329,5510.974,12716,1972.416,5431.305,12860.61,1983.601,5486.794,12896.87,1997.489,5579.61,12715.65,2041.628,5358.514
12931.12,2049.329,5511.108,12715.78,1972.416,5431.013,12860.34,1983.601,5487.038,12896.53,1997.489,5579.461,12715.39,2041.628,5358.245
12930.1,2049.329,5511.501,12715.08,1972.416,5430.171,12859.5,1983.601,5487.738,12895.51,1997.489,5579.049,12714.59,2041.628,5357.504
12929.91,2049.329,5511.576,12714.96,1972.416,5430,12859.33,1983.601,5487.867,12895.32,1997.489,5578.977,12714.42,2041.628,5357.381
12929.22,2049.329,5511.838,12714.52,1972.416,5429.411,12858.74,1983.601,5488.305,12894.62,1997.489,5578.743,12713.84,2041.628,5356.924
12928.58,2049.329,5512.082,12714.09,1972.416,5428.873,12858.18,1983.601,5488.699,12893.96,1997.489,5578.545,12713.32,2041.628,5356.48
12928.38,2049.329,5512.155,12713.95,1972.416,5428.715,12858,1983.601,5488.813,12893.76,1997.489,5578.491,12713.16,2041.628,5356.34
12927.6,2049.329,5512.45,12713.43,1972.416,5428.061,12857.29,1983.601,5489.251,12892.94,1997.489,5578.301,12712.55,2041.628,5355.765
12927.17,2049.329,5512.609,12713.13,1972.416,5427.714,12856.89,1983.601,5489.479,12892.49,1997.489,5578.211,12712.22,2041.628,5355.449
12926.86,2049.329,5512.722,12712.91,1972.416,5427.475,12856.6,1983.601,5489.632,12892.17,1997.489,5578.158,12711.99,2041.628,5355.218
12926.17,2049.329,5512.978,12712.39,1972.416,5426.945,12855.94,1983.601,5489.964,12891.44,1997.489,5578.059,12711.43,2041.628,5354.734
12925.97,2049.329,5513.049,12712.24,1972.416,5426.801,12855.75,1983.601,5490.052,12891.23,1997.489,5578.037,12711.26,2041.628,5354.604
12925.42,2049.329,5513.25,12711.83,1972.416,5426.377,12855.21,1983.601,5490.285,12890.64,1997.489,5577.996,12710.82,2041.628,5354.218
12925.22,2049.329,5513.32,12711.68,1972.416,5426.23,12855.01,1983.601,5490.362,12890.43,1997.489,5577.987,12710.66,2041.628,5354.08
12924.69,2049.329,5513.508,12711.27,1972.416,5425.846,12854.49,1983.601,5490.552,12889.87,1997.489,5577.983,12710.25,2041.628,5353.699
12924.18,2049.329,5513.691,12710.87,1972.416,5425.476,12853.97,1983.601,5490.725,12889.32,1997.489,5577.997,12709.86,2041.628,5353.317
12923.94,2049.329,5513.775,12710.68,1972.416,5425.309,12853.72,1983.601,5490.797,12889.07,1997.489,5578.011,12709.68,2041.628,5353.138
12923.61,2049.329,5513.891,12710.41,1972.416,5425.083,12853.38,1983.601,5490.888,12888.72,1997.489,5578.042,12709.44,2041.628,5352.884
12923.27,2049.329,5514.009,12710.14,1972.416,5424.839,12853.03,1983.601,5490.973,12888.36,1997.489,5578.085,12709.18,2041.628,5352.629
12922.94,2049.329,5514.122,12709.88,1972.416,5424.606,12852.69,1983.601,5491.044,12888.02,1997.489,5578.137,12708.92,2041.628,5352.394
12922.62,2049.329,5514.23,12709.64,1972.416,5424.373,12852.36,1983.601,5491.104,12887.69,1997.489,5578.198,12708.68,2041.628,5352.162
12922.31,2049.329,5514.335,12709.41,1972.416,5424.137,12852.04,1983.601,5491.153,12887.37,1997.489,5578.268,12708.45,2041.628,5351.928
12922.04,2049.329,5514.424,12709.19,1972.416,5423.961,12851.76,1983.601,5491.187,12887.09,1997.489,5578.336,12708.25,2041.628,5351.735
12921.6,2049.329,5514.57,12708.82,1972.416,5423.678,12851.29,1983.601,5491.231,12886.65,1997.489,5578.464,12707.9,2041.628,5351.427
12921.23,2049.329,5514.691,12708.52,1972.416,5423.433,12850.91,1983.601,5491.257,12886.28,1997.489,5578.581,12707.6,2041.628,5351.18
12921.03,2049.329,5514.755,12708.37,1972.416,5423.295,12850.7,1983.601,5491.265,12886.08,1997.489,5578.65,12707.43,2041.628,5351.053
12920.81,2049.329,5514.827,12708.2,1972.416,5423.136,12850.47,1983.601,5491.268,12885.87,1997.489,5578.735,12707.25,2041.628,5350.916
12920.53,2049.329,5514.917,12707.98,1972.416,5422.94,12850.17,1983.601,5491.264,12885.59,1997.489,5578.851,12707.03,2041.628,5350.715
12920.31,2049.329,5514.985,12707.79,1972.416,5422.799,12849.94,1983.601,5491.255,12885.38,1997.489,5578.948,12706.85,2041.628,5350.565
12920.07,2049.329,5515.062,12707.6,1972.416,5422.634,12849.68,1983.601,5491.238,12885.15,1997.489,5579.063,12706.65,2041.628,5350.403
12919.82,2049.329,5515.136,12707.4,1972.416,5422.473,12849.43,1983.601,5491.214,12884.93,1997.489,5579.184,12706.45,2041.628,5350.251
12919.52,2049.329,5515.23,12707.13,1972.416,5422.299,12849.11,1983.601,5491.176,12884.65,1997.489,5579.347,12706.19,2041.628,5350.065
12919.32,2049.329,5515.29,12706.96,1972.416,5422.181,12848.91,1983.601,5491.146,12884.48,1997.489,5579.458,12706.01,2041.628,5349.951
12919.01,2049.329,5515.38,12706.7,1972.416,5422,12848.59,1983.601,5491.091,12884.21,1997.489,5579.635,12705.74,2041.628,5349.785
12918.74,2049.329,5515.46,12706.47,1972.416,5421.832,12848.32,1983.601,5491.036,12883.98,1997.489,5579.8,12705.51,2041.628,5349.626
12918.54,2049.329,5515.518,12706.3,1972.416,5421.713,12848.11,1983.601,5490.991,12883.82,1997.489,5579.927,12705.33,2041.628,5349.515
12918.34,2049.329,5515.574,12706.13,1972.416,5421.588,12847.91,1983.601,5490.94,12883.66,1997.489,5580.059,12705.15,2041.628,5349.409
12918.13,2049.329,5515.633,12705.95,1972.416,5421.463,12847.7,1983.601,5490.882,12883.49,1997.489,5580.203,12704.96,2041.628,5349.303
12917.93,2049.329,5515.688,12705.78,1972.416,5421.349,12847.5,1983.601,5490.822,12883.34,1997.489,5580.344,12704.78,2041.628,5349.199
12917.73,2049.329,5515.743,12705.6,1972.416,5421.238,12847.3,1983.601,5490.757,12883.19,1997.489,5580.49,12704.6,2041.628,5349.091
12917.52,2049.329,5515.796,12705.42,1972.416,5421.13,12847.1,1983.601,5490.688,12883.04,1997.489,5580.641,12704.42,2041.628,5348.98
12917.32,2049.329,5515.849,12705.24,1972.416,5421.027,12846.91,1983.601,5490.614,12882.9,1997.489,5580.795,12704.25,2041.628,5348.865
12917.12,2049.329,5515.901,12705.06,1972.416,5420.928,12846.72,1983.601,5490.537,12882.77,1997.489,5580.955,12704.08,2041.628,5348.746
12916.92,2049.329,5515.952,12704.88,1972.416,5420.822,12846.52,1983.601,5490.455,12882.64,1997.489,5581.118,12703.9,2041.628,5348.632
12916.72,2049.329,5516.001,12704.7,1972.416,5420.711,12846.33,1983.601,5490.369,12882.51,1997.489,5581.285,12703.72,2041.628,5348.525
12916.51,2049.329,5516.05,12704.53,1972.416,5420.594,12846.15,1983.601,5490.279,12882.39,1997.489,5581.455,12703.54,2041.628,5348.423
12916.31,2049.329,5516.098,12704.36,1972.416,5420.481,12845.96,1983.601,5490.186,12882.28,1997.489,5581.629,12703.36,2041.628,5348.318
12916.11,2049.329,5516.144,12704.18,1972.416,5420.372,12845.78,1983.601,5490.089,12882.17,1997.489,5581.806,12703.19,2041.628,5348.208
12915.89,2049.329,5516.192,12703.99,1972.416,5420.259,12845.58,1983.601,5489.981,12882.06,1997.489,5581.999,12703,2041.628,5348.087
12915.69,2049.329,5516.236,12703.8,1972.416,5420.157,12845.4,1983.601,5489.878,12881.96,1997.489,5582.182,12702.83,2041.628,5347.97
12915.48,2049.329,5516.279,12703.63,1972.416,5420.05,12845.22,1983.601,5489.775,12881.86,1997.489,5582.365,12702.65,2041.628,5347.859
12915.28,2049.329,5516.321,12703.45,1972.416,5419.937,12845.04,1983.601,5489.674,12881.76,1997.489,5582.549,12702.47,2041.628,5347.753
12915.07,2049.329,5516.362,12703.28,1972.416,5419.819,12844.85,1983.601,5489.572,12881.66,1997.489,5582.734,12702.29,2041.628,5347.653
12914.87,2049.329,5516.401,12703.1,1972.416,5419.707,12844.67,1983.601,5489.473,12881.57,1997.489,5582.918,12702.11,2041.628,5347.549
12914.66,2049.329,5516.438,12702.92,1972.416,5419.599,12844.49,1983.601,5489.374,12881.47,1997.489,5583.102,12701.93,2041.628,5347.442
12914.46,2049.329,5516.475,12702.74,1972.416,5419.494,12844.3,1983.601,5489.276,12881.37,1997.489,5583.286,12701.75,2041.628,5347.331
12914.25,2049.329,5516.509,12702.56,1972.416,5419.393,12844.12,1983.601,5489.179,12881.27,1997.489,5583.47,12701.58,2041.628,5347.215
12914.05,2049.329,5516.542,12702.38,1972.416,5419.286,12843.93,1983.601,5489.083,12881.18,1997.489,5583.654,12701.4,2041.628,5347.106
12913.84,2049.329,5516.574,12702.21,1972.416,5419.174,12843.75,1983.601,5488.988,12881.08,1997.489,5583.838,12701.22,2041.628,5347.002
12913.64,2049.329,5516.604,12702.03,1972.416,5419.065,12843.56,1983.601,5488.893,12880.98,1997.489,5584.022,12701.04,2041.628,5346.895
12913.43,2049.329,5516.633,12701.85,1972.416,5418.96,12843.38,1983.601,5488.799,12880.89,1997.489,5584.207,12700.87,2041.628,5346.784
12913.22,2049.329,5516.657,12701.67,1972.416,5418.849,12843.19,1983.601,5488.711,12880.79,1997.489,5584.392,12700.69,2041.628,5346.678
12913.02,2049.329,5516.675,12701.49,1972.416,5418.742,12843,1983.601,5488.629,12880.7,1997.489,5584.577,12700.51,2041.628,5346.569
12912.81,2049.329,5516.688,12701.32,1972.416,5418.629,12842.8,1983.601,5488.554,12880.6,1997.489,5584.762,12700.33,2041.628,5346.465
12912.6,2049.329,5516.695,12701.14,1972.416,5418.521,12842.61,1983.601,5488.485,12880.5,1997.489,5584.947,12700.15,2041.628,5346.358
12912.39,2049.329,5516.697,12700.96,1972.416,5418.416,12842.41,1983.601,5488.422,12880.41,1997.489,5585.132,12699.97,2041.628,5346.247
12912.18,2049.329,5516.694,12700.78,1972.416,5418.314,12842.21,1983.601,5488.366,12880.32,1997.489,5585.318,12699.8,2041.628,5346.131
12911.98,2049.329,5516.685,12700.6,1972.416,5418.208,12842.01,1983.601,5488.317,12880.22,1997.489,5585.503,12699.62,2041.628,5346.022
12911.77,2049.329,5516.671,12700.42,1972.416,5418.095,12841.8,1983.601,5488.274,12880.13,1997.489,5585.689,12699.44,2041.628,5345.918
12911.56,2049.329,5516.651,12700.25,1972.416,5417.976,12841.6,1983.601,5488.238,12880.03,1997.489,5585.875,12699.26,2041.628,5345.821
12911.35,2049.329,5516.626,12700.08,1972.416,5417.861,12841.39,1983.601,5488.208,12879.94,1997.489,5586.062,12699.07,2041.628,5345.719
12911.15,2049.329,5516.595,12699.9,1972.416,5417.75,12841.18,1983.601,5488.186,12879.85,1997.489,5586.248,12698.89,2041.628,5345.614
12910.94,2049.329,5516.559,12699.72,1972.416,5417.643,12840.98,1983.601,5488.17,12879.76,1997.489,5586.435,12698.72,2041.628,5345.504
12910.74,2049.329,5516.518,12699.54,1972.416,5417.54,12840.77,1983.601,5488.161,12879.66,1997.489,5586.621,12698.54,2041.628,5345.391
12910.54,2049.329,5516.471,12699.36,1972.416,5417.44,12840.56,1983.601,5488.159,12879.57,1997.489,5586.808,12698.37,2041.628,5345.274
12910.33,2049.329,5516.418,12699.18,1972.416,5417.345,12840.35,1983.601,5488.163,12879.48,1997.489,5586.995,12698.2,2041.628,5345.154
12910.13,2049.329,5516.36,12698.99,1972.416,5417.244,12840.14,1983.601,5488.174,12879.39,1997.489,5587.183,12698.03,2041.628,5345.039
12909.94,2049.329,5516.296,12698.82,1972.416,5417.137,12839.94,1983.601,5488.192,12879.3,1997.489,5587.37,12697.85,2041.628,5344.93
12909.74,2049.329,5516.228,12698.64,1972.416,5417.024,12839.73,1983.601,5488.208,12879.21,1997.489,5587.558,12697.67,2041.628,5344.826
12909.55,2049.329,5516.153,12698.47,1972.416,5416.905,12839.52,1983.601,5488.229,12879.12,1997.489,5587.746,12697.48,2041.628,5344.729
12909.35,2049.329,5516.074,12698.29,1972.416,5416.797,12839.32,1983.601,5488.257,12879.03,1997.489,5587.934,12697.29,2041.628,5344.638
12909.16,2049.329,5515.991,12698.11,1972.416,5416.692,12839.11,1983.601,5488.282,12878.94,1997.489,5588.122,12697.11,2041.628,5344.542
12908.97,2049.329,5515.904,12697.93,1972.416,5416.592,12838.9,1983.601,5488.303,12878.85,1997.489,5588.311,12696.93,2041.628,5344.443
12908.79,2049.329,5515.814,12697.75,1972.416,5416.495,12838.69,1983.601,5488.321,12878.76,1997.489,5588.499,12696.75,2041.628,5344.339
12908.6,2049.329,5515.72,12697.56,1972.416,5416.402,12838.49,1983.601,5488.335,12878.68,1997.489,5588.688,12696.57,2041.628,5344.232
12908.42,2049.329,5515.623,12697.37,1972.416,5416.314,12838.28,1983.601,5488.347,12878.59,1997.489,5588.877,12696.39,2041.628,5344.121
12908.23,2049.329,5515.522,12697.18,1972.416,5416.219,12838.07,1983.601,5488.356,12878.5,1997.489,5589.066,12696.21,2041.628,5344.015
12908.05,2049.329,5515.417,12697,1972.416,5416.119,12837.86,1983.601,5488.362,12878.42,1997.489,5589.256,12696.03,2041.628,5343.916
12907.88,2049.329,5515.309,12696.82,1972.416,5416.012,12837.65,1983.601,5488.366,12878.33,1997.489,5589.445,12695.84,2041.628,5343.822
12907.7,2049.329,5515.197,12696.65,1972.416,5415.9,12837.45,1983.601,5488.366,12878.24,1997.489,5589.635,12695.65,2041.628,5343.735
12907.53,2049.329,5515.082,12696.47,1972.416,5415.792,12837.24,1983.601,5488.364,12878.16,1997.489,5589.825,12695.47,2041.628,5343.644
12907.36,2049.329,5514.962,12696.29,1972.416,5415.687,12837.03,1983.601,5488.36,12878.07,1997.489,5590.016,12695.28,2041.628,5343.548
12907.19,2049.329,5514.84,12696.11,1972.416,5415.586,12836.82,1983.601,5488.353,12877.99,1997.489,5590.206,12695.1,2041.628,5343.448
12907.02,2049.329,5514.714,12695.92,1972.416,5415.49,12836.61,1983.601,5488.344,12877.91,1997.489,5590.396,12694.92,2041.628,5343.344
12906.86,2049.329,5514.584,12695.74,1972.416,5415.397,12836.41,1983.601,5488.332,12877.82,1997.489,5590.587,12694.74,2041.628,5343.236
12906.7,2049.329,5514.451,12695.55,1972.416,5415.309,12836.2,1983.601,5488.318,12877.74,1997.489,5590.778,12694.56,2041.628,5343.125
12906.54,2049.329,5514.314,12695.36,1972.416,5415.214,12835.99,1983.601,5488.303,12877.66,1997.489,5590.97,12694.38,2041.628,5343.019
12906.39,2049.329,5514.174,12695.18,1972.416,5415.114,12835.78,1983.601,5488.285,12877.58,1997.489,5591.161,12694.2,2041.628,5342.919
12906.24,2049.329,5514.031,12695,1972.416,5415.007,12835.58,1983.601,5488.266,12877.49,1997.489,5591.353,12694.02,2041.628,5342.826
12906.09,2049.329,5513.884,12694.83,1972.416,5414.895,12835.37,1983.601,5488.244,12877.41,1997.489,5591.544,12693.83,2041.628,5342.738
12905.95,2049.329,5513.734,12694.65,1972.416,5414.787,12835.16,1983.601,5488.221,12877.33,1997.489,5591.736,12693.64,2041.628,5342.646
12905.8,2049.329,5513.582,12694.47,1972.416,5414.682,12834.96,1983.601,5488.195,12877.25,1997.489,5591.929,12693.46,2041.628,5342.55
12905.67,2049.329,5513.425,12694.29,1972.416,5414.582,12834.75,1983.601,5488.168,12877.17,1997.489,5592.121,12693.27,2041.628,5342.45
12905.53,2049.329,5513.266,12694.1,1972.416,5414.485,12834.54,1983.601,5488.14,12877.09,1997.489,5592.313,12693.09,2041.628,5342.346
12905.4,2049.329,5513.104,12693.91,1972.416,5414.393,12834.34,1983.601,5488.11,12877.01,1997.489,5592.506,12692.91,2041.628,5342.238
12905.27,2049.329,5512.939,12693.73,1972.416,5414.304,12834.13,1983.601,5488.079,12876.94,1997.489,5592.699,12692.74,2041.628,5342.126
12905.15,2049.329,5512.771,12693.54,1972.416,5414.21,12833.92,1983.601,5488.046,12876.86,1997.489,5592.893,12692.56,2041.628,5342.021
12905.03,2049.329,5512.6,12693.36,1972.416,5414.109,12833.72,1983.601,5488.007,12876.78,1997.489,5593.086,12692.38,2041.628,5341.92
12904.92,2049.329,5512.426,12693.18,1972.416,5414.003,12833.52,1983.601,5487.961,12876.7,1997.489,5593.279,12692.19,2041.628,5341.826
12904.8,2049.329,5512.255,12693,1972.416,5413.891,12833.32,1983.601,5487.909,12876.62,1997.489,5593.47,12692,2041.628,5341.738
12904.67,2049.329,5512.089,12692.83,1972.416,5413.782,12833.12,1983.601,5487.851,12876.53,1997.489,5593.658,12691.82,2041.628,5341.646
12904.54,2049.329,5511.927,12692.64,1972.416,5413.678,12832.92,1983.601,5487.787,12876.44,1997.489,5593.843,12691.63,2041.628,5341.55
12904.41,2049.329,5511.769,12692.46,1972.416,5413.577,12832.72,1983.601,5487.727,12876.33,1997.489,5594.025,12691.45,2041.628,5341.45
12904.26,2049.329,5511.616,12692.28,1972.416,5413.48,12832.52,1983.601,5487.671,12876.23,1997.489,5594.204,12691.27,2041.628,5341.345
12904.12,2049.329,5511.467,12692.09,1972.416,5413.388,12832.32,1983.601,5487.62,12876.11,1997.489,5594.379,12691.09,2041.628,5341.237
12903.97,2049.329,5511.324,12691.9,1972.416,5413.3,12832.11,1983.601,5487.574,12875.99,1997.489,5594.55,12690.91,2041.628,5341.125
12903.81,2049.329,5511.185,12691.72,1972.416,5413.206,12831.91,1983.601,5487.533,12875.87,1997.489,5594.717,12690.73,2041.628,5341.019
12903.65,2049.329,5511.052,12691.53,1972.416,5413.105,12831.7,1983.601,5487.498,12875.74,1997.489,5594.88,12690.55,2041.628,5340.918
12903.49,2049.329,5510.923,12691.36,1972.416,5412.999,12831.5,1983.601,5487.469,12875.61,1997.489,5595.039,12690.37,2041.628,5340.824
12903.32,2049.329,5510.801,12691.18,1972.416,5412.886,12831.29,1983.601,5487.445,12875.46,1997.489,5595.193,12690.18,2041.628,5340.736
12903.15,2049.329,5510.684,12691,1972.416,5412.778,12831.08,1983.601,5487.427,12875.32,1997.489,5595.342,12689.99,2041.628,5340.644
12902.97,2049.329,5510.572,12690.82,1972.416,5412.673,12830.88,1983.601,5487.415,12875.17,1997.489,5595.487,12689.81,2041.628,5340.547
12902.79,2049.329,5510.467,12690.64,1972.416,5412.573,12830.67,1983.601,5487.408,12875.01,1997.489,5595.626,12689.62,2041.628,5340.446
12902.61,2049.329,5510.367,12690.45,1972.416,5412.477,12830.46,1983.601,5487.408,12874.86,1997.489,5595.761,12689.44,2041.628,5340.342
12902.42,2049.329,5510.273,12690.27,1972.416,5412.384,12830.25,1983.601,5487.414,12874.69,1997.489,5595.891,12689.27,2041.628,5340.233
12902.23,2049.329,5510.186,12690.08,1972.416,5412.296,12830.04,1983.601,5487.426,12874.52,1997.489,5596.015,12689.09,2041.628,5340.121
12902.04,2049.329,5510.104,12689.89,1972.416,5412.202,12829.83,1983.601,5487.438,12874.35,1997.489,5596.133,12688.91,2041.628,5340.015
12901.85,2049.329,5510.029,12689.71,1972.416,5412.102,12829.63,1983.601,5487.453,12874.18,1997.489,5596.246,12688.73,2041.628,5339.914
12901.65,2049.329,5509.961,12689.53,1972.416,5411.996,12829.42,1983.601,5487.464,12874,1997.489,5596.353,12688.54,2041.628,5339.819
12901.45,2049.329,5509.899,12689.36,1972.416,5411.884,12829.21,1983.601,5487.48,12873.82,1997.489,5596.454,12688.36,2041.628,5339.731
12901.25,2049.329,5509.843,12689.18,1972.416,5411.775,12829,1983.601,5487.501,12873.63,1997.489,5596.549,12688.17,2041.628,5339.638
12901.05,2049.329,5509.794,12689,1972.416,5411.671,12828.8,1983.601,5487.527,12873.44,1997.489,5596.638,12687.98,2041.628,5339.542
12900.84,2049.329,5509.752,12688.81,1972.416,5411.57,12828.59,1983.601,5487.553,12873.25,1997.489,5596.72,12687.8,2041.628,5339.441
12900.64,2049.329,5509.716,12688.63,1972.416,5411.474,12828.38,1983.601,5487.585,12873.06,1997.489,5596.796,12687.62,2041.628,5339.336
12900.43,2049.329,5509.688,12688.44,1972.416,5411.382,12828.18,1983.601,5487.624,12872.86,1997.489,5596.866,12687.44,2041.628,5339.227
12900.23,2049.329,5509.666,12688.25,1972.416,5411.294,12827.98,1983.601,5487.669,12872.66,1997.489,5596.93,12687.27,2041.628,5339.115
12900.02,2049.329,5509.65,12688.07,1972.416,5411.2,12827.77,1983.601,5487.72,12872.46,1997.489,5596.987,12687.09,2041.628,5339.008
12899.81,2049.329,5509.642,12687.89,1972.416,5411.1,12827.57,1983.601,5487.778,12872.26,1997.489,5597.037,12686.91,2041.628,5338.907
12899.6,2049.329,5509.641,12687.71,1972.416,5410.994,12827.38,1983.601,5487.841,12872.06,1997.489,5597.081,12686.72,2041.628,5338.813
12899.39,2049.329,5509.643,12687.53,1972.416,5410.882,12827.18,1983.601,5487.911,12871.85,1997.489,5597.118,12686.53,2041.628,5338.724
12899.19,2049.329,5509.652,12687.35,1972.416,5410.774,12826.98,1983.601,5487.987,12871.65,1997.489,5597.148,12686.35,2041.628,5338.631
12898.98,2049.329,5509.642,12687.17,1972.416,5410.67,12826.79,1983.601,5488.067,12871.44,1997.489,5597.172,12686.16,2041.628,5338.534
12898.77,2049.329,5509.634,12686.99,1972.416,5410.57,12826.6,1983.601,5488.145,12871.23,1997.489,5597.189,12685.98,2041.628,5338.433
12898.56,2049.329,5509.627,12686.81,1972.416,5410.474,12826.4,1983.601,5488.218,12871.02,1997.489,5597.2,12685.8,2041.628,5338.328
12898.35,2049.329,5509.622,12686.62,1972.416,5410.381,12826.21,1983.601,5488.288,12870.81,1997.489,5597.203,12685.62,2041.628,5338.219
12898.15,2049.329,5509.619,12686.43,1972.416,5410.293,12826.01,1983.601,5488.354,12870.61,1997.489,5597.2,12685.45,2041.628,5338.106
12897.94,2049.329,5509.618,12686.25,1972.416,5410.199,12825.81,1983.601,5488.416,12870.4,1997.489,5597.189,12685.27,2041.628,5337.999
12897.73,2049.329,5509.62,12686.06,1972.416,5410.099,12825.61,1983.601,5488.475,12870.19,1997.489,5597.172,12685.09,2041.628,5337.898
12897.52,2049.329,5509.623,12685.88,1972.416,5409.993,12825.41,1983.601,5488.531,12869.98,1997.489,5597.148,12684.9,2041.628,5337.803
12897.31,2049.329,5509.628,12685.71,1972.416,5409.881,12825.21,1983.601,5488.583,12869.78,1997.489,5597.118,12684.71,2041.628,5337.714
12897.11,2049.329,5509.636,12685.53,1972.416,5409.773,12825.01,1983.601,5488.632,12869.57,1997.489,5597.081,12684.53,2041.628,5337.621
12896.9,2049.329,5509.646,12685.35,1972.416,5409.669,12824.8,1983.601,5488.677,12869.37,1997.489,5597.037,12684.34,2041.628,5337.523
12896.69,2049.329,5509.659,12685.17,1972.416,5409.569,12824.6,1983.601,5488.72,12869.17,1997.489,5596.987,12684.16,2041.628,5337.422
12896.48,2049.329,5509.674,12684.98,1972.416,5409.473,12824.4,1983.601,5488.759,12868.97,1997.489,5596.93,12683.98,2041.628,5337.317
12896.27,2049.329,5509.692,12684.79,1972.416,5409.381,12824.19,1983.601,5488.795,12868.77,1997.489,5596.867,12683.8,2041.628,5337.208
12896.07,2049.329,5509.712,12684.61,1972.416,5409.283,12823.98,1983.601,5488.828,12868.57,1997.489,5596.797,12683.62,2041.628,5337.105
12895.86,2049.329,5509.734,12684.43,1972.416,5409.179,12823.78,1983.601,5488.858,12868.38,1997.489,5596.721,12683.44,2041.628,5337.008
12895.65,2049.329,5509.76,12684.25,1972.416,5409.079,12823.57,1983.601,5488.886,12868.19,1997.489,5596.64,12683.26,2041.628,5336.907
12895.45,2049.329,5509.788,12684.07,1972.416,5408.973,12823.37,1983.601,5488.91,12868,1997.489,5596.552,12683.07,2041.628,5336.812
12895.24,2049.329,5509.819,12683.89,1972.416,5408.871,12823.16,1983.601,5488.932,12867.81,1997.489,5596.459,12682.89,2041.628,5336.712
12895.04,2049.329,5509.853,12683.7,1972.416,5408.773,12822.95,1983.601,5488.951,12867.63,1997.489,5596.361,12682.71,2041.628,5336.609
12894.83,2049.329,5509.889,12683.52,1972.416,5408.679,12822.74,1983.601,5488.967,12867.44,1997.489,5596.259,12682.53,2041.628,5336.501
12894.63,2049.329,5509.929,12683.33,1972.416,5408.579,12822.54,1983.601,5488.981,12867.26,1997.489,5596.157,12682.35,2041.628,5336.4
12894.42,2049.329,5509.972,12683.16,1972.416,5408.473,12822.33,1983.601,5488.992,12867.08,1997.489,5596.063,12682.16,2041.628,5336.305
12894.22,2049.329,5510.018,12682.97,1972.416,5408.371,12822.12,1983.601,5489.001,12866.89,1997.489,5595.97,12681.98,2041.628,5336.205
12894.02,2049.329,5510.067,12682.79,1972.416,5408.273,12821.91,1983.601,5489.008,12866.71,1997.489,5595.871,12681.8,2041.628,5336.102
12893.82,2049.329,5510.12,12682.6,1972.416,5408.179,12821.7,1983.601,5489.012,12866.53,1997.489,5595.768,12681.62,2041.628,5335.994
12893.62,2049.329,5510.176,12682.42,1972.416,5408.079,12821.5,1983.601,5489.014,12866.34,1997.489,5595.669,12681.44,2041.628,5335.893
12893.42,2049.329,5510.236,12682.24,1972.416,5407.973,12821.29,1983.601,5489.014,12866.16,1997.489,5595.566,12681.25,2041.628,5335.797
12893.22,2049.329,5510.299,12682.07,1972.416,5407.861,12821.08,1983.601,5489.012,12865.98,1997.489,5595.458,12681.06,2041.628,5335.708
12893.02,2049.329,5510.365,12681.89,1972.416,5407.753,12820.87,1983.601,5489.008,12865.81,1997.489,5595.349,12680.88,2041.628,5335.614
12892.83,2049.329,5510.435,12681.71,1972.416,5407.649,12820.66,1983.601,5489.001,12865.63,1997.489,5595.24,12680.69,2041.628,5335.516
12892.63,2049.329,5510.508,12681.53,1972.416,5407.549,12820.46,1983.601,5488.993,12865.45,1997.489,5595.131,12680.51,2041.628,5335.415
12892.44,2049.329,5510.585,12681.34,1972.416,5407.453,12820.25,1983.601,5488.983,12865.27,1997.489,5595.024,12680.33,2041.628,5335.309
12892.24,2049.329,5510.666,12681.15,1972.416,5407.361,12820.04,1983.601,5488.972,12865.09,1997.489,5594.917,12680.16,2041.628,5335.2
12892.05,2049.329,5510.74,12680.97,1972.416,5407.273,12819.83,1983.601,5488.967,12864.91,1997.489,5594.812,12679.98,2041.628,5335.086
12891.85,2049.329,5510.808,12680.78,1972.416,5407.18,12819.62,1983.601,5488.969,12864.73,1997.489,5594.71,12679.8,2041.628,5334.979
12891.65,2049.329,5510.87,12680.6,1972.416,5407.08,12819.42,1983.601,5488.978,12864.55,1997.489,5594.611,12679.62,2041.628,5334.877
12891.45,2049.329,5510.925,12680.42,1972.416,5406.974,12819.21,1983.601,5488.993,12864.37,1997.489,5594.511,12679.44,2041.628,5334.782
12891.25,2049.329,5510.973,12680.24,1972.416,5406.862,12819,1983.601,5489.015,12864.18,1997.489,5594.411,12679.25,2041.628,5334.692
12891.04,2049.329,5511.015,12680.06,1972.416,5406.754,12818.79,1983.601,5489.043,12864,1997.489,5594.308,12679.06,2041.628,5334.598
12890.84,2049.329,5511.05,12679.88,1972.416,5406.65,12818.59,1983.601,5489.079,12863.82,1997.489,5594.204,12678.88,2041.628,5334.5
12890.63,2049.329,5511.078,12679.7,1972.416,5406.55,12818.38,1983.601,5489.121,12863.64,1997.489,5594.102,12678.7,2041.628,5334.398
12890.43,2049.329,5511.1,12679.52,1972.416,5406.454,12818.18,1983.601,5489.17,12863.46,1997.489,5593.997,12678.52,2041.628,5334.292
12890.22,2049.329,5511.114,12679.33,1972.416,5406.362,12817.98,1983.601,5489.225,12863.28,1997.489,5593.9,12678.34,2041.628,5334.183
12890.01,2049.329,5511.122,12679.15,1972.416,5406.265,12817.78,1983.601,5489.287,12863.09,1997.489,5593.799,12678.16,2041.628,5334.079
12889.8,2049.329,5511.123,12678.97,1972.416,5406.161,12817.58,1983.601,5489.354,12862.91,1997.489,5593.694,12677.98,2041.628,5333.98
12889.59,2049.329,5511.117,12678.79,1972.416,5406.051,12817.39,1983.601,5489.429,12862.73,1997.489,5593.596,12677.79,2041.628,5333.884
12889.39,2049.329,5511.104,12678.61,1972.416,5405.945,12817.2,1983.601,5489.509,12862.55,1997.489,5593.492,12677.61,2041.628,5333.783
12889.18,2049.329,5511.094,12678.43,1972.416,5405.843,12817,1983.601,5489.585,12862.37,1997.489,5593.383,12677.43,2041.628,5333.679
12888.91,2049.329,5511.082,12678.19,1972.416,5405.717,12816.75,1983.601,5489.679,12862.15,1997.489,5593.235,12677.2,2041.628,5333.539
12888.58,2049.329,5511.07,12677.9,1972.416,5405.551,12816.44,1983.601,5489.789,12861.88,1997.489,5593.044,12676.91,2041.628,5333.375
12888.08,2049.329,5511.057,12677.48,1972.416,5405.287,12815.96,1983.601,5489.946,12861.47,1997.489,5592.746,12676.47,2041.628,5333.143
12887.48,2049.329,5511.047,12676.97,1972.416,5404.985,12815.4,1983.601,5490.123,12861,1997.489,5592.386,12675.95,2041.628,5332.856
12887.28,2049.329,5511.046,12676.78,1972.416,5404.883,12815.2,1983.601,5490.181,12860.84,1997.489,5592.255,12675.77,2041.628,5332.751
12886.26,2049.329,5511.023,12675.89,1972.416,5404.406,12814.22,1983.601,5490.45,12860.03,1997.489,5591.639,12674.9,2041.628,5332.222
12886.05,2049.329,5511.016,12675.71,1972.416,5404.302,12814.01,1983.601,5490.501,12859.86,1997.489,5591.518,12674.72,2041.628,5332.119
12884.8,2049.329,5510.949,12674.64,1972.416,5403.641,12812.79,1983.601,5490.793,12858.82,1997.489,5590.813,12673.61,2041.628,5331.536
12883.98,2049.329,5510.892,12673.93,1972.416,5403.221,12811.99,1983.601,5490.972,12858.13,1997.489,5590.367,12672.88,2041.628,5331.136
12883.77,2049.329,5510.874,12673.75,1972.416,5403.119,12811.78,1983.601,5491.014,12857.95,1997.489,5590.26,12672.7,2041.628,5331.032
12882.56,2049.329,5510.751,12672.67,1972.416,5402.549,12810.59,1983.601,5491.241,12856.89,1997.489,5589.664,12671.67,2041.628,5330.399
12881.97,2049.329,5510.681,12672.15,1972.416,5402.282,12810.01,1983.601,5491.343,12856.37,1997.489,5589.387,12671.17,2041.628,5330.079
12881.05,2049.329,5510.555,12671.33,1972.416,5401.836,12809.09,1983.601,5491.49,12855.53,1997.489,5588.977,12670.37,2041.628,5329.604
12880.09,2049.329,5510.407,12670.46,1972.416,5401.404,12808.13,1983.601,5491.631,12854.65,1997.489,5588.57,12669.52,2041.628,5329.133
12878.77,2049.329,5510.18,12669.28,1972.416,5400.771,12806.8,1983.601,5491.808,12853.42,1997.489,5588.045,12668.35,2041.628,5328.481
12877.63,2049.329,5509.962,12668.27,1972.416,5400.185,12805.65,1983.601,5491.947,12852.33,1997.489,5587.617,12667.32,2041.628,5327.932
12877,2049.329,5509.83,12667.72,1972.416,5399.843,12805,1983.601,5492.017,12851.72,1997.489,5587.397,12666.74,2041.628,5327.646
12875.43,2049.329,5509.472,12666.39,1972.416,5398.947,12803.4,1983.601,5492.17,12850.2,1997.489,5586.891,12665.26,2041.628,5327.011
12874.66,2049.329,5509.281,12665.72,1972.416,5398.521,12802.62,1983.601,5492.236,12849.44,1997.489,5586.663,12664.54,2041.628,5326.682
12873.57,2049.329,5508.987,12664.75,1972.416,5397.929,12801.48,1983.601,5492.32,12848.35,1997.489,5586.366,12663.52,2041.628,5326.187
12872.37,2049.329,5508.641,12663.67,1972.416,5397.301,12800.24,1983.601,5492.398,12847.13,1997.489,5586.072,12662.41,2041.628,5325.617
12871.14,2049.329,5508.262,12662.55,1972.416,5396.682,12798.96,1983.601,5492.467,12845.88,1997.489,5585.806,12661.29,2041.628,5325.008
12869.9,2049.329,5507.849,12661.39,1972.416,5396.072,12797.65,1983.601,5492.524,12844.59,1997.489,5585.568,12660.15,2041.628,5324.358
12868.63,2049.329,5507.399,12660.18,1972.416,5395.473,12796.31,1983.601,5492.572,12843.26,1997.489,5585.36,12658.99,2041.628,5323.667
12867.34,2049.329,5506.913,12658.94,1972.416,5394.887,12794.93,1983.601,5492.608,12841.89,1997.489,5585.186,12657.83,2041.628,5322.934
12866.03,2049.329,5506.389,12657.65,1972.416,5394.317,12793.52,1983.601,5492.635,12840.49,1997.489,5585.045,12656.65,2041.628,5322.158
12864.71,2049.329,5505.827,12656.32,1972.416,5393.766,12792.08,1983.601,5492.652,12839.06,1997.489,5584.942,12655.47,2041.628,5321.343
12863.36,2049.329,5505.22,12654.98,1972.416,5393.154,12790.61,1983.601,5492.659,12837.58,1997.489,5584.877,12654.22,2041.628,5320.544
12861.58,2049.329,5504.37,12653.21,1972.416,5392.277,12788.63,1983.601,5492.656,12835.61,1997.489,5584.844,12652.53,2041.628,5319.531
12860.67,2049.329,5503.91,12652.3,1972.416,5391.794,12787.61,1983.601,5492.648,12834.58,1997.489,5584.854,12651.71,2041.628,5318.918
12859.3,2049.329,5503.184,12650.96,1972.416,5391.018,12786.06,1983.601,5492.629,12833.04,1997.489,5584.914,12650.44,2041.628,5318.033
12857.92,2049.329,5502.429,12649.63,1972.416,5390.185,12784.49,1983.601,5492.602,12831.46,1997.489,5584.922,12649.12,2041.628,5317.175
12856.53,2049.329,5501.648,12648.3,1972.416,5389.297,12782.9,1983.601,5492.567,12829.87,1997.489,5584.879,12647.84,2041.628,5316.218
12855.14,2049.329,5500.84,12646.97,1972.416,5388.388,12781.29,1983.601,5492.527,12828.26,1997.489,5584.782,12646.52,2041.628,5315.293
12853.73,2049.329,5499.997,12645.65,1972.416,5387.417,12779.64,1983.601,5492.48,12826.62,1997.489,5584.63,12645.21,2041.628,5314.308
12851.72,2049.329,5498.756,12643.67,1972.416,5386.113,12777.28,1983.601,5492.407,12824.28,1997.489,5584.334,12643.11,2041.628,5313.214
12849.99,2049.329,5497.653,12641.93,1972.416,5385.039,12775.23,1983.601,5492.339,12822.25,1997.489,5584.011,12641.32,2041.628,5312.207
12848.97,2049.329,5496.979,12640.91,1972.416,5384.364,12774.01,1983.601,5492.297,12821.05,1997.489,5583.778,12640.2,2041.628,5311.711
12848.53,2049.329,5496.678,12640.43,1972.416,5384.125,12773.48,1983.601,5492.278,12820.53,1997.489,5583.66,12639.72,2041.628,5311.479
12846.56,2049.329,5495.287,12638.31,1972.416,5382.979,12771.07,1983.601,5492.19,12818.16,1997.489,5583.222,12637.46,2041.628,5310.671
12845.63,2049.329,5494.671,12637.32,1972.416,5382.458,12769.96,1983.601,5492.113,12817.07,1997.489,5582.982,12636.42,2041.628,5310.261
12844.38,2049.329,5493.905,12636.01,1972.416,5381.817,12768.5,1983.601,5491.964,12815.65,1997.489,5582.622,12635.07,2041.628,5309.68
12843.14,2049.329,5493.198,12634.71,1972.416,5381.223,12767.09,1983.601,5491.773,12814.28,1997.489,5582.226,12633.78,2041.628,5309.084
12841.46,2049.329,5492.312,12632.97,1972.416,5380.469,12765.21,1983.601,5491.457,12812.47,1997.489,5581.651,12632.07,2041.628,5308.253
12841.06,2049.329,5492.116,12632.56,1972.416,5380.279,12764.78,1983.601,5491.368,12812.05,1997.489,5581.502,12631.67,2041.628,5308.044
12839.08,2049.329,5491.233,12630.63,1972.416,5379.292,12762.67,1983.601,5490.868,12809.97,1997.489,5580.909,12629.79,2041.628,5306.971
12838.1,2049.329,5490.831,12629.7,1972.416,5378.775,12761.64,1983.601,5490.588,12808.95,1997.489,5580.584,12628.88,2041.628,5306.413
12837.69,2049.329,5490.651,12629.32,1972.416,5378.549,12761.22,1983.601,5490.459,12808.54,1997.489,5580.436,12628.52,2041.628,5306.17
12835.52,2049.329,5489.766,12627.35,1972.416,5377.281,12759,1983.601,5489.697,12806.3,1997.489,5579.737,12626.59,2041.628,5304.83
12834.94,2049.329,5489.478,12626.8,1972.416,5376.934,12758.39,1983.601,5489.485,12805.67,1997.489,5579.56,12626.05,2041.628,5304.47
12834.1,2049.329,5489.093,12626.01,1972.416,5376.454,12757.52,1983.601,5489.154,12804.79,1997.489,5579.277,12625.3,2041.628,5303.933
12833.28,2049.329,5488.751,12625.24,1972.416,5376.01,12756.71,1983.601,5488.813,12803.96,1997.489,5578.984,12624.64,2041.628,5303.342
12832.17,2049.329,5488.32,12624.23,1972.416,5375.378,12755.59,1983.601,5488.388,12802.84,1997.489,5578.556,12623.73,2041.628,5302.574
12831.22,2049.329,5487.983,12623.4,1972.416,5374.816,12754.66,1983.601,5487.998,12801.92,1997.489,5578.167,12622.94,2041.628,5301.951
12830.29,2049.329,5487.683,12622.61,1972.416,5374.245,12753.75,1983.601,5487.65,12801.03,1997.489,5577.764,12622.21,2041.628,5301.305
12829.4,2049.329,5487.361,12621.85,1972.416,5373.662,12752.83,1983.601,5487.421,12800.16,1997.489,5577.359,12621.53,2041.628,5300.635
12828.34,2049.329,5486.943,12620.97,1972.416,5372.938,12751.73,1983.601,5487.111,12799.12,1997.489,5576.911,12620.7,2041.628,5299.848
12828.03,2049.329,5486.809,12620.72,1972.416,5372.715,12751.41,1983.601,5487.009,12798.81,1997.489,5576.768,12620.47,2041.628,5299.607
12826.97,2049.329,5486.308,12619.87,1972.416,5371.911,12750.31,1983.601,5486.618,12797.73,1997.489,5576.306,12619.68,2041.628,5298.743
12825.61,2049.329,5485.717,12618.82,1972.416,5370.858,12748.92,1983.601,5486.076,12796.39,1997.489,5575.676,12618.71,2041.628,5297.616
12825.42,2049.329,5485.627,12618.68,1972.416,5370.706,12748.73,1983.601,5485.993,12796.2,1997.489,5575.582,12618.58,2041.628,5297.454
12824.48,2049.329,5485.144,12617.99,1972.416,5369.909,12747.78,1983.601,5485.543,12795.22,1997.489,5575.195,12617.87,2041.628,5296.672
12823.83,2049.329,5484.781,12617.51,1972.416,5369.331,12747.09,1983.601,5485.247,12794.53,1997.489,5574.9,12617.38,2041.628,5296.104
12823.53,2049.329,5484.626,12617.31,1972.416,5369.063,12746.79,1983.601,5485.103,12794.23,1997.489,5574.758,12617.17,2041.628,5295.841
12822.8,2049.329,5484.272,12616.84,1972.416,5368.401,12746.06,1983.601,5484.732,12793.5,1997.489,5574.394,12616.67,2041.628,5295.204
12822.17,2049.329,5483.988,12616.38,1972.416,5367.878,12745.42,1983.601,5484.473,12792.89,1997.489,5574.065,12616.26,2041.628,5294.647
12821.54,2049.329,5483.764,12615.96,1972.416,5367.358,12744.8,1983.601,5484.218,12792.34,1997.489,5573.687,12615.88,2041.628,5294.096
12820.94,2049.329,5483.529,12615.57,1972.416,5366.845,12744.21,1983.601,5483.966,12791.8,1997.489,5573.34,12615.53,2041.628,5293.554
12820.34,2049.329,5483.273,12615.2,1972.416,5366.316,12743.62,1983.601,5483.693,12791.24,1997.489,5573.01,12615.18,2041.628,5293.005
12819.59,2049.329,5482.923,12614.74,1972.416,5365.628,12742.88,1983.601,5483.321,12790.54,1997.489,5572.569,12614.76,2041.628,5292.294
12819.18,2049.329,5482.712,12614.5,1972.416,5365.232,12742.48,1983.601,5483.098,12790.16,1997.489,5572.308,12614.54,2041.628,5291.886
12818.58,2049.329,5482.379,12614.16,1972.416,5364.633,12741.88,1983.601,5482.748,12789.58,1997.489,5571.938,12614.23,2041.628,5291.27
12818.14,2049.329,5482.119,12613.92,1972.416,5364.184,12741.45,1983.601,5482.476,12789.16,1997.489,5571.652,12614.02,2041.628,5290.809
12817.96,2049.329,5482.007,12613.83,1972.416,5363.997,12741.28,1983.601,5482.358,12788.99,1997.489,5571.53,12613.94,2041.628,5290.617
12817.17,2049.329,5481.541,12613.45,1972.416,5363.161,12740.49,1983.601,5481.902,12788.23,1997.489,5571.015,12613.61,2041.628,5289.763
12816.81,2049.329,5481.311,12613.29,1972.416,5362.764,12740.12,1983.601,5481.676,12787.88,1997.489,5570.772,12613.47,2041.628,5289.357
12816.52,2049.329,5481.107,12613.17,1972.416,5362.426,12739.82,1983.601,5481.477,12787.59,1997.489,5570.559,12613.36,2041.628,5289.014
12816.13,2049.329,5480.827,12613.02,1972.416,5361.976,12739.44,1983.601,5481.2,12787.21,1997.489,5570.266,12613.23,2041.628,5288.556
12815.77,2049.329,5480.545,12612.89,1972.416,5361.538,12739.07,1983.601,5480.923,12786.86,1997.489,5569.972,12613.13,2041.628,5288.112
12815.43,2049.329,5480.257,12612.77,1972.416,5361.105,12738.73,1983.601,5480.64,12786.53,1997.489,5569.673,12613.04,2041.628,5287.673
12815.01,2049.329,5479.88,12612.65,1972.416,5360.554,12738.3,1983.601,5480.268,12786.12,1997.489,5569.282,12612.94,2041.628,5287.116
12814.81,2049.329,5479.69,12612.59,1972.416,5360.284,12738.1,1983.601,5480.08,12785.93,1997.489,5569.086,12612.9,2041.628,5286.844
12814.53,2049.329,5479.398,12612.53,1972.416,5359.881,12737.81,1983.601,5479.792,12785.65,1997.489,5568.785,12612.86,2041.628,5286.438
12814.19,2049.329,5479.069,12612.47,1972.416,5359.417,12737.49,1983.601,5479.451,12785.29,1997.489,5568.483,12612.82,2041.628,5285.972
12813.96,2049.329,5478.889,12612.44,1972.416,5359.124,12737.28,1983.601,5479.24,12785.08,1997.489,5568.287,12612.81,2041.628,5285.677
12813.54,2049.329,5478.578,12612.41,1972.416,5358.605,12736.92,1983.601,5478.872,12784.7,1997.489,5567.927,12612.81,2041.628,5285.158
12813.27,2049.329,5478.36,12612.4,1972.416,5358.257,12736.65,1983.601,5478.649,12784.45,1997.489,5567.69,12612.82,2041.628,5284.81
12813.08,2049.329,5478.198,12612.4,1972.416,5358.008,12736.46,1983.601,5478.484,12784.27,1997.489,5567.515,12612.83,2041.628,5284.561
12812.79,2049.329,5477.933,12612.42,1972.416,5357.616,12736.18,1983.601,5478.218,12783.97,1997.489,5567.262,12612.87,2041.628,5284.17
12812.65,2049.329,5477.787,12612.43,1972.416,5357.408,12736.03,1983.601,5478.072,12783.81,1997.489,5567.123,12612.89,2041.628,5283.964
12812.31,2049.329,5477.441,12612.48,1972.416,5356.929,12735.7,1983.601,5477.723,12783.47,1997.489,5566.79,12612.97,2041.628,5283.489
12812.11,2049.329,5477.222,12612.52,1972.416,5356.637,12735.48,1983.601,5477.519,12783.25,1997.489,5566.585,12613.02,2041.628,5283.199
12811.98,2049.329,5477.063,12612.56,1972.416,5356.431,12735.34,1983.601,5477.37,12783.11,1997.489,5566.436,12613.07,2041.628,5282.996
12811.76,2049.329,5476.728,12612.64,1972.416,5356.04,12735.07,1983.601,5477.076,12782.84,1997.489,5566.142,12613.17,2041.628,5282.609
12811.62,2049.329,5476.521,12612.7,1972.416,5355.795,12734.9,1983.601,5476.885,12782.68,1997.489,5565.951,12613.24,2041.628,5282.368
12811.4,2049.329,5476.225,12612.79,1972.416,5355.442,12734.67,1983.601,5476.6,12782.45,1997.489,5565.665,12613.36,2041.628,5282.021
12811.28,2049.329,5476.059,12612.86,1972.416,5355.243,12734.55,1983.601,5476.433,12782.32,1997.489,5565.498,12613.43,2041.628,5281.825
12811.07,2049.329,5475.781,12612.97,1972.416,5354.913,12734.35,1983.601,5476.147,12782.12,1997.489,5565.211,12613.56,2041.628,5281.502
12810.93,2049.329,5475.622,12613.04,1972.416,5354.718,12734.23,1983.601,5475.975,12782,1997.489,5565.041,12613.64,2041.628,5281.312
12810.74,2049.329,5475.387,12613.16,1972.416,5354.44,12734.07,1983.601,5475.72,12781.84,1997.489,5564.789,12613.78,2041.628,5281.04
12810.59,2049.329,5475.209,12613.26,1972.416,5354.23,12733.95,1983.601,5475.522,12781.72,1997.489,5564.591,12613.88,2041.628,5280.835
12810.45,2049.329,5475.029,12613.36,1972.416,5354.026,12733.83,1983.601,5475.33,12781.59,1997.489,5564.399,12614,2041.628,5280.637
12810.27,2049.329,5474.781,12613.5,1972.416,5353.756,12733.67,1983.601,5475.068,12781.42,1997.489,5564.144,12614.16,2041.628,5280.375
12810.11,2049.329,5474.561,12613.64,1972.416,5353.521,12733.53,1983.601,5474.832,12781.28,1997.489,5563.912,12614.3,2041.628,5280.147
12809.99,2049.329,5474.391,12613.75,1972.416,5353.345,12733.43,1983.601,5474.649,12781.17,1997.489,5563.733,12614.42,2041.628,5279.977
12809.84,2049.329,5474.167,12613.9,1972.416,5353.124,12733.3,1983.601,5474.415,12781.04,1997.489,5563.5,12614.59,2041.628,5279.764
12809.72,2049.329,5473.997,12614.03,1972.416,5352.955,12733.21,1983.601,5474.229,12780.95,1997.489,5563.314,12614.72,2041.628,5279.602
12809.59,2049.329,5473.798,12614.17,1972.416,5352.766,12733.08,1983.601,5474.03,12780.83,1997.489,5563.106,12614.87,2041.628,5279.421
12809.49,2049.329,5473.62,12614.3,1972.416,5352.606,12732.97,1983.601,5473.853,12780.74,1997.489,5562.92,12615.01,2041.628,5279.268
12809.35,2049.329,5473.388,12614.48,1972.416,5352.406,12732.84,1983.601,5473.622,12780.61,1997.489,5562.686,12615.2,2041.628,5279.078
12809.26,2049.329,5473.203,12614.62,1972.416,5352.255,12732.74,1983.601,5473.438,12780.52,1997.489,5562.5,12615.35,2041.628,5278.934
12809.17,2049.329,5473.016,12614.77,1972.416,5352.108,12732.63,1983.601,5473.257,12780.42,1997.489,5562.313,12615.51,2041.628,5278.795
12809.07,2049.329,5472.831,12614.92,1972.416,5351.966,12732.54,1983.601,5473.074,12780.32,1997.489,5562.132,12615.67,2041.628,5278.662
12808.94,2049.329,5472.597,12615.13,1972.416,5351.789,12732.42,1983.601,5472.833,12780.2,1997.489,5561.894,12615.88,2041.628,5278.497
12808.82,2049.329,5472.421,12615.29,1972.416,5351.657,12732.33,1983.601,5472.643,12780.11,1997.489,5561.707,12616.05,2041.628,5278.374
12808.69,2049.329,5472.215,12615.48,1972.416,5351.508,12732.23,1983.601,5472.416,12780,1997.489,5561.483,12616.25,2041.628,5278.235
12808.58,2049.329,5472.037,12615.65,1972.416,5351.387,12732.16,1983.601,5472.221,12779.9,1997.489,5561.299,12616.43,2041.628,5278.124
12808.47,2049.329,5471.861,12615.83,1972.416,5351.272,12732.09,1983.601,5472.024,12779.81,1997.489,5561.111,12616.61,2041.628,5278.019
12808.36,2049.329,5471.683,12616,1972.416,5351.159,12732.04,1983.601,5471.821,12779.72,1997.489,5560.926,12616.79,2041.628,5277.919
12808.26,2049.329,5471.5,12616.18,1972.416,5351.052,12731.99,1983.601,5471.62,12779.63,1997.489,5560.737,12616.98,2041.628,5277.825
12808.17,2049.329,5471.315,12616.36,1972.416,5350.951,12731.95,1983.601,5471.417,12779.55,1997.489,5560.546,12617.17,2041.628,5277.738
12808.08,2049.329,5471.126,12616.55,1972.416,5350.856,12731.89,1983.601,5471.215,12779.47,1997.489,5560.352,12617.35,2041.628,5277.64
12807.99,2049.329,5470.937,12616.73,1972.416,5350.759,12731.84,1983.601,5471.015,12779.4,1997.489,5560.156,12617.54,2041.628,5277.547
12807.91,2049.329,5470.745,12616.92,1972.416,5350.667,12731.77,1983.601,5470.817,12779.32,1997.489,5559.963,12617.73,2041.628,5277.461
12807.82,2049.329,5470.555,12617.11,1972.416,5350.583,12731.72,1983.601,5470.616,12779.25,1997.489,5559.768,12617.92,2041.628,5277.382
12807.74,2049.329,5470.363,12617.3,1972.416,5350.491,12731.67,1983.601,5470.412,12779.18,1997.489,5559.57,12618.11,2041.628,5277.309
12807.67,2049.329,5470.168,12617.49,1972.416,5350.404,12731.64,1983.601,5470.206,12779.13,1997.489,5559.371,12618.31,2041.628,5277.242
12807.6,2049.329,5469.973,12617.68,1972.416,5350.324,12731.61,1983.601,5470.001,12779.07,1997.489,5559.169,12618.5,2041.628,5277.165
12807.53,2049.329,5469.775,12617.87,1972.416,5350.237,12731.56,1983.601,5469.797,12779,1997.489,5558.974,12618.7,2041.628,5277.095
12807.44,2049.329,5469.588,12618.06,1972.416,5350.157,12731.51,1983.601,5469.595,12778.94,1997.489,5558.776,12618.9,2041.628,5277.031
12807.35,2049.329,5469.398,12618.26,1972.416,5350.092,12731.46,1983.601,5469.393,12778.88,1997.489,5558.576,12619.1,2041.628,5276.964
12807.28,2049.329,5469.205,12618.46,1972.416,5350.023,12731.42,1983.601,5469.189,12778.85,1997.489,5558.369,12619.3,2041.628,5276.904
12807.2,2049.329,5469.01,12618.65,1972.416,5349.948,12731.38,1983.601,5468.984,12778.82,1997.489,5558.163,12619.49,2041.628,5276.84
12807.14,2049.329,5468.813,12618.85,1972.416,5349.881,12731.37,1983.601,5468.776,12778.78,1997.489,5557.958,12619.69,2041.628,5276.775
12807.06,2049.329,5468.617,12619.05,1972.416,5349.832,12731.35,1983.601,5468.568,12778.76,1997.489,5557.75,12619.89,2041.628,5276.717
12807,2049.329,5468.419,12619.25,1972.416,5349.777,12731.32,1983.601,5468.362,12778.73,1997.489,5557.544,12620.09,2041.628,5276.665
12806.94,2049.329,5468.22,12619.45,1972.416,5349.715,12731.29,1983.601,5468.156,12778.7,1997.489,5557.337,12620.29,2041.628,5276.595
12806.88,2049.329,5468.018,12619.65,1972.416,5349.647,12731.25,1983.601,5467.952,12778.68,1997.489,5557.13,12620.49,2041.628,5276.532
12806.84,2049.329,5467.815,12619.84,1972.416,5349.577,12731.19,1983.601,5467.753,12778.65,1997.489,5556.924,12620.69,2041.628,5276.476
12806.79,2049.329,5467.613,12620.04,1972.416,5349.514,12731.13,1983.601,5467.553,12778.61,1997.489,5556.719,12620.89,2041.628,5276.426
12806.74,2049.329,5467.411,12620.24,1972.416,5349.458,12731.08,1983.601,5467.352,12778.57,1997.489,5556.516,12621.1,2041.628,5276.382
12806.68,2049.329,5467.211,12620.44,1972.416,5349.396,12731.03,1983.601,5467.148,12778.52,1997.489,5556.313,12621.3,2041.628,5276.324
12806.6,2049.329,5467.018,12620.64,1972.416,5349.335,12730.99,1983.601,5466.944,12778.46,1997.489,5556.115,12621.5,2041.628,5276.272
12806.53,2049.329,5466.823,12620.84,1972.416,5349.276,12730.95,1983.601,5466.741,12778.4,1997.489,5555.914,12621.7,2041.628,5276.227
12806.46,2049.329,5466.626,12621.05,1972.416,5349.23,12730.89,1983.601,5466.541,12778.35,1997.489,5555.712,12621.91,2041.628,5276.188
12806.39,2049.329,5466.428,12621.25,1972.416,5349.178,12730.84,1983.601,5466.338,12778.29,1997.489,5555.511,12622.11,2041.628,5276.156
12806.34,2049.329,5466.227,12621.45,1972.416,5349.135,12730.77,1983.601,5466.14,12778.24,1997.489,5555.309,12622.32,2041.628,5276.114
12806.29,2049.329,5466.024,12621.66,1972.416,5349.092,12730.72,1983.601,5465.94,12778.19,1997.489,5555.107,12622.52,2041.628,5276.078
12806.24,2049.329,5465.822,12621.86,1972.416,5349.042,12730.67,1983.601,5465.738,12778.14,1997.489,5554.905,12622.73,2041.628,5276.046
12806.19,2049.329,5465.619,12622.06,1972.416,5348.986,12730.62,1983.601,5465.534,12778.08,1997.489,5554.705,12622.93,2041.628,5276.002
12806.17,2049.329,5465.412,12622.26,1972.416,5348.955,12730.57,1983.601,5465.332,12778.03,1997.489,5554.503,12623.14,2041.628,5275.958
12806.1,2049.329,5465.001,12622.67,1972.416,5348.88,12730.49,1983.601,5464.925,12777.9,1997.489,5554.109,12623.54,2041.628,5275.849
12806.07,2049.329,5464.754,12622.92,1972.416,5348.827,12730.43,1983.601,5464.682,12777.83,1997.489,5553.869,12623.78,2041.628,5275.791
12806.01,2049.329,5464.365,12623.3,1972.416,5348.73,12730.29,1983.601,5464.312,12777.74,1997.489,5553.487,12624.17,2041.628,5275.712
12805.89,2049.329,5463.768,12623.89,1972.416,5348.566,12730.1,1983.601,5463.734,12777.57,1997.489,5552.902,12624.76,2041.628,5275.571
12805.72,2049.329,5463.035,12624.6,1972.416,5348.341,12729.83,1983.601,5463.033,12777.39,1997.489,5552.172,12625.5,2041.628,5275.42
12805.57,2049.329,5462.47,12625.17,1972.416,5348.184,12729.64,1983.601,5462.481,12777.32,1997.489,5551.591,12626.08,2041.628,5275.355
12805.46,2049.329,5462.007,12625.62,1972.416,5348.046,12729.49,1983.601,5462.028,12777.25,1997.489,5551.121,12626.55,2041.628,5275.287
12805.43,2049.329,5461.777,12625.84,1972.416,5347.972,12729.43,1983.601,5461.806,12777.21,1997.489,5550.893,12626.77,2041.628,5275.227
12805.22,2049.329,5460.438,12627.14,1972.416,5347.579,12729.09,1983.601,5460.492,12776.92,1997.489,5549.566,12628.07,2041.628,5274.829
12805.05,2049.329,5459.576,12627.98,1972.416,5347.321,12728.9,1983.601,5459.635,12776.6,1997.489,5548.749,12628.88,2041.628,5274.485
12805,2049.329,5459.372,12628.18,1972.416,5347.253,12728.86,1983.601,5459.429,12776.53,1997.489,5548.552,12629.07,2041.628,5274.409
12804.68,2049.329,5458.136,12629.37,1972.416,5346.799,12728.7,1983.601,5458.161,12776.13,1997.489,5547.339,12630.28,2041.628,5273.987
12804.5,2049.329,5457.535,12629.96,1972.416,5346.59,12728.6,1983.601,5457.542,12775.91,1997.489,5546.752,12630.87,2041.628,5273.8
12804.26,2049.329,5456.595,12630.87,1972.416,5346.234,12728.46,1983.601,5456.581,12775.6,1997.489,5545.83,12631.81,2041.628,5273.54
12804.01,2049.329,5455.616,12631.76,1972.416,5345.767,12728.29,1983.601,5455.585,12775.32,1997.489,5544.861,12632.77,2041.628,5273.237
12803.76,2049.329,5454.595,12632.7,1972.416,5345.288,12728.07,1983.601,5454.558,12775.05,1997.489,5543.845,12633.77,2041.628,5272.913
12803.61,2049.329,5453.504,12633.69,1972.416,5344.817,12727.86,1983.601,5453.478,12774.81,1997.489,5542.772,12634.81,2041.628,5272.539
12803.43,2049.329,5452.384,12634.68,1972.416,5344.268,12727.52,1983.601,5452.396,12774.59,1997.489,5541.658,12635.88,2041.628,5272.149
12803.2,2049.329,5451.232,12635.72,1972.416,5343.722,12727.2,1983.601,5451.266,12774.33,1997.489,5540.512,12636.97,2041.628,5271.72
12802.84,2049.329,5449.681,12637.15,1972.416,5343.012,12726.82,1983.601,5449.719,12774.2,1997.489,5538.925,12638.44,2041.628,5271.105
12802.64,2049.329,5448.68,12638.07,1972.416,5342.578,12726.61,1983.601,5448.72,12774.08,1997.489,5537.911,12639.37,2041.628,5270.69
12802.39,2049.329,5447.18,12639.46,1972.416,5341.962,12726.23,1983.601,5447.247,12773.86,1997.489,5536.407,12640.74,2041.628,5270.041
12802.31,2049.329,5446.471,12640.12,1972.416,5341.688,12726.08,1983.601,5446.551,12773.83,1997.489,5535.694,12641.38,2041.628,5269.722
12802.17,2049.329,5444.38,12642.07,1972.416,5340.926,12725.69,1983.601,5444.491,12773.66,1997.489,5533.604,12643.23,2041.628,5268.744
12802.03,2049.329,5443.021,12643.33,1972.416,5340.389,12725.48,1983.601,5443.141,12773.57,1997.489,5532.243,12644.46,2041.628,5268.146
12801.97,2049.329,5442.553,12643.76,1972.416,5340.188,12725.39,1983.601,5442.678,12773.53,1997.489,5531.771,12644.87,2041.628,5267.915
12802.02,2049.329,5440.132,12645.92,1972.416,5339.091,12724.98,1983.601,5440.291,12773.48,1997.489,5529.351,12646.9,2041.628,5266.586
12802.01,2049.329,5438.878,12647.01,1972.416,5338.486,12724.81,1983.601,5439.048,12773.42,1997.489,5528.098,12647.92,2041.628,5265.859
12801.99,2049.329,5438.307,12647.5,1972.416,5338.195,12724.71,1983.601,5438.486,12773.37,1997.489,5527.529,12648.39,2041.628,5265.543
12801.83,2049.329,5436.269,12649.23,1972.416,5337.094,12724.43,1983.601,5436.462,12773.32,1997.489,5525.485,12650.13,2041.628,5264.469
12801.59,2049.329,5434.083,12651.02,1972.416,5335.827,12724.19,1983.601,5434.276,12773.28,1997.489,5523.287,12651.97,2041.628,5263.253
12801.31,2049.329,5432.531,12652.34,1972.416,5334.96,12724.07,1983.601,5432.703,12773.38,1997.489,5521.712,12653.31,2041.628,5262.424
12801.13,2049.329,5431.376,12653.34,1972.416,5334.351,12723.95,1983.601,5431.541,12773.41,1997.489,5520.544,12654.32,2041.628,5261.843
12800.91,2049.329,5429.464,12655.01,1972.416,5333.401,12723.68,1983.601,5429.635,12773.41,1997.489,5518.62,12655.85,2041.628,5260.668
12800.8,2049.329,5428.124,12656.2,1972.416,5332.775,12723.45,1983.601,5428.309,12773.43,1997.489,5517.274,12656.94,2041.628,5259.883
12800.69,2049.329,5426.152,12657.98,1972.416,5331.914,12723.07,1983.601,5426.373,12773.4,1997.489,5515.3,12658.58,2041.628,5258.784
12800.54,2049.329,5424.314,12659.67,1972.416,5331.164,12722.69,1983.601,5424.569,12773.43,1997.489,5513.456,12660.15,2041.628,5257.807
12800.5,2049.329,5423.313,12660.59,1972.416,5330.787,12722.49,1983.601,5423.587,12773.41,1997.489,5512.454,12661.01,2041.628,5257.305
12800.61,2049.329,5420.875,12662.88,1972.416,5329.941,12722.01,1983.601,5421.194,12773.28,1997.489,5510.016,12663.16,2041.628,5256.15
12800.63,2049.329,5419.708,12663.99,1972.416,5329.572,12721.79,1983.601,5420.048,12773.34,1997.489,5508.851,12664.21,2041.628,5255.633
12800.61,2049.329,5418.693,12664.94,1972.416,5329.22,12721.64,1983.601,5419.045,12773.36,1997.489,5507.836,12665.13,2041.628,5255.212
12800.55,2049.329,5415.913,12667.52,1972.416,5328.171,12721.3,1983.601,5416.284,12773.31,1997.489,5505.055,12667.7,2041.628,5254.144
12800.59,2049.329,5414.456,12668.85,1972.416,5327.578,12721.18,1983.601,5414.833,12773.24,1997.489,5503.6,12669.03,2041.628,5253.547
12800.57,2049.329,5412.639,12670.48,1972.416,5326.784,12721.08,1983.601,5413.019,12772.93,1997.489,5501.809,12670.71,2041.628,5252.858
12800.63,2049.329,5410.089,12672.74,1972.416,5325.595,12721.02,1983.601,5410.469,12772.58,1997.489,5499.283,12673.1,2041.628,5251.961
12800.63,2049.329,5409.465,12673.28,1972.416,5325.286,12721.02,1983.601,5409.845,12772.52,1997.489,5498.662,12673.69,2041.628,5251.769
12800.53,2049.329,5407.083,12675.31,1972.416,5324.04,12721.12,1983.601,5407.463,12772.34,1997.489,5496.285,12675.94,2041.628,5250.962
12800.51,2049.329,5405.194,12676.89,1972.416,5323,12721.26,1983.601,5405.578,12772.02,1997.489,5494.422,12677.69,2041.628,5250.264
12800.58,2049.329,5403.297,12678.44,1972.416,5321.905,12721.46,1983.601,5403.69,12771.76,1997.489,5492.542,12679.43,2041.628,5249.506
12800.58,2049.329,5401.381,12679.97,1972.416,5320.75,12721.72,1983.601,5401.793,12771.56,1997.489,5490.638,12681.16,2041.628,5248.684
12800.65,2049.329,5399.459,12681.49,1972.416,5319.568,12722.04,1983.601,5399.897,12771.41,1997.489,5488.72,12682.88,2041.628,5247.82
12800.79,2049.329,5397.522,12683,1972.416,5318.352,12722.43,1983.601,5397.995,12771.32,1997.489,5486.781,12684.59,2041.628,5246.91
12800.97,2049.329,5395.572,12684.51,1972.416,5317.103,12722.88,1983.601,5396.089,12771.29,1997.489,5484.822,12686.3,2041.628,5245.954
12801.21,2049.329,5393.623,12686,1972.416,5315.828,12723.4,1983.601,5394.193,12771.33,1997.489,5482.858,12688,2041.628,5244.958
12801.33,2049.329,5391.266,12687.77,1972.416,5314.269,12724.09,1983.601,5391.936,12771.45,1997.489,5480.501,12690,2041.628,5243.718
12801.48,2049.329,5389.389,12689.17,1972.416,5313.004,12724.7,1983.601,5390.154,12771.61,1997.489,5478.625,12691.58,2041.628,5242.696
12801.65,2049.329,5387.904,12690.26,1972.416,5311.983,12725.23,1983.601,5388.756,12771.65,1997.489,5477.131,12692.82,2041.628,5241.858
12801.99,2049.329,5385.586,12691.94,1972.416,5310.358,12726.13,1983.601,5386.593,12771.8,1997.489,5474.793,12694.73,2041.628,5240.505
12802.05,2049.329,5384.637,12692.62,1972.416,5309.688,12726.52,1983.601,5385.727,12771.89,1997.489,5473.846,12695.5,2041.628,5239.939
12802.29,2049.329,5382.172,12694.34,1972.416,5307.915,12727.62,1983.601,5383.506,12772.21,1997.489,5471.39,12697.46,2041.628,5238.428
12802.43,2049.329,5381.066,12695.11,1972.416,5307.106,12728.08,1983.601,5382.496,12772.39,1997.489,5470.29,12698.33,2041.628,5237.73
12802.72,2049.329,5379.121,12696.44,1972.416,5305.656,12728.87,1983.601,5380.692,12772.76,1997.489,5468.359,12699.84,2041.628,5236.469
12802.82,2049.329,5378.536,12696.83,1972.416,5305.212,12729.09,1983.601,5380.142,12772.9,1997.489,5467.78,12700.28,2041.628,5236.079
12803.27,2049.329,5376.26,12698.35,1972.416,5303.455,12729.92,1983.601,5377.973,12773.48,1997.489,5465.535,12702,2041.628,5234.524
12803.52,2049.329,5375.129,12699.09,1972.416,5302.566,12730.3,1983.601,5376.88,12773.81,1997.489,5464.424,12702.85,2041.628,5233.731
12803.86,2049.329,5373.771,12699.97,1972.416,5301.479,12730.73,1983.601,5375.55,12774.25,1997.489,5463.096,12703.85,2041.628,5232.755
12804.21,2049.329,5372.461,12700.81,1972.416,5300.409,12731.12,1983.601,5374.249,12774.72,1997.489,5461.821,12704.81,2041.628,5231.79
12804.71,2049.329,5370.814,12701.84,1972.416,5299.04,12731.57,1983.601,5372.59,12775.37,1997.489,5460.227,12705.99,2041.628,5230.547
12805.31,2049.329,5368.977,12702.99,1972.416,5297.481,12732.03,1983.601,5370.713,12776.15,1997.489,5458.459,12707.3,2041.628,5229.126
12805.38,2049.329,5368.752,12703.13,1972.416,5297.287,12732.08,1983.601,5370.48,12776.25,1997.489,5458.244,12707.46,2041.628,5228.948
12805.94,2049.329,5367.275,12704.02,1972.416,5295.986,12732.38,1983.601,5368.929,12776.98,1997.489,5456.844,12708.49,2041.628,5227.751
12806.23,2049.329,5366.563,12704.44,1972.416,5295.347,12732.51,1983.601,5368.172,12777.36,1997.489,5456.175,12708.98,2041.628,5227.161
12806.65,2049.329,5365.594,12705.02,1972.416,5294.458,12732.66,1983.601,5367.125,12777.91,1997.489,5455.271,12709.64,2041.628,5226.337
12807.11,2049.329,5364.611,12705.59,1972.416,5293.538,12732.79,1983.601,5366.051,12778.44,1997.489,5454.327,12710.31,2041.628,5225.483
12807.66,2049.329,5363.476,12706.24,1972.416,5292.454,12732.93,1983.601,5364.795,12779.02,1997.489,5453.206,12711.07,2041.628,5224.474
12808.22,2049.329,5362.409,12706.84,1972.416,5291.413,12733.04,1983.601,5363.598,12779.54,1997.489,5452.121,12711.78,2041.628,5223.501
12808.63,2049.329,5361.669,12707.25,1972.416,5290.677,12733.11,1983.601,5362.757,12779.88,1997.489,5451.348,12712.26,2041.628,5222.813
12808.94,2049.329,5361.041,12707.58,1972.416,5290.056,12733.18,1983.601,5362.056,12780.15,1997.489,5450.694,12712.66,2041.628,5222.23
12809.34,2049.329,5360.196,12708.01,1972.416,5289.229,12733.31,1983.601,5361.132,12780.46,1997.489,5449.818,12713.18,2041.628,5221.454
12809.69,2049.329,5359.366,12708.42,1972.416,5288.423,12733.46,1983.601,5360.243,12780.74,1997.489,5448.96,12713.66,2041.628,5220.695
12810.01,2049.329,5358.558,12708.79,1972.416,5287.642,12733.63,1983.601,5359.393,12781.05,1997.489,5448.147,12714.12,2041.628,5219.959
12810.29,2049.329,5357.757,12709.15,1972.416,5286.872,12733.83,1983.601,5358.567,12781.32,1997.489,5447.342,12714.56,2041.628,5219.234
12810.54,2049.329,5356.978,12709.48,1972.416,5286.125,12734.04,1983.601,5357.778,12781.63,1997.489,5446.587,12714.98,2041.628,5218.529
12810.76,2049.329,5356.211,12709.8,1972.416,5285.393,12734.27,1983.601,5357.015,12781.91,1997.489,5445.842,12715.37,2041.628,5217.836
12810.99,2049.329,5355.488,12710.08,1972.416,5284.69,12734.51,1983.601,5356.296,12782.16,1997.489,5445.124,12715.74,2041.628,5217.172
12811.28,2049.329,5354.769,12710.37,1972.416,5283.969,12734.79,1983.601,5355.57,12782.39,1997.489,5444.382,12716.11,2041.628,5216.49
12811.48,2049.329,5354.213,12710.58,1972.416,5283.415,12735.01,1983.601,5355.022,12782.53,1997.489,5443.807,12716.38,2041.628,5215.965
12811.77,2049.329,5353.46,12710.85,1972.416,5282.656,12735.34,1983.601,5354.286,12782.75,1997.489,5443.03,12716.75,2041.628,5215.246
12812,2049.329,5352.823,12711.07,1972.416,5282.017,12735.64,1983.601,5353.678,12782.89,1997.489,5442.369,12717.04,2041.628,5214.64
12812.25,2049.329,5352.217,12711.27,1972.416,5281.393,12735.94,1983.601,5353.098,12783.05,1997.489,5441.731,12717.33,2041.628,5214.048
12812.65,2049.329,5351.168,12711.6,1972.416,5280.32,12736.5,1983.601,5352.122,12783.35,1997.489,5440.651,12717.8,2041.628,5213.032
12812.72,2049.329,5350.971,12711.66,1972.416,5280.121,12736.61,1983.601,5351.944,12783.41,1997.489,5440.452,12717.89,2041.628,5212.842
12812.9,2049.329,5350.417,12711.81,1972.416,5279.559,12736.93,1983.601,5351.458,12783.61,1997.489,5439.903,12718.13,2041.628,5212.31
12813.15,2049.329,5349.748,12711.99,1972.416,5278.869,12737.34,1983.601,5350.875,12783.87,1997.489,5439.239,12718.41,2041.628,5211.655
12813.21,2049.329,5349.542,12712.04,1972.416,5278.66,12737.47,1983.601,5350.703,12783.94,1997.489,5439.036,12718.49,2041.628,5211.457
12813.47,2049.329,5348.731,12712.24,1972.416,5277.83,12738.01,1983.601,5350.04,12784.25,1997.489,5438.243,12718.81,2041.628,5210.668
12813.62,2049.329,5348.332,12712.32,1972.416,5277.415,12738.28,1983.601,5349.718,12784.42,1997.489,5437.853,12718.97,2041.628,5210.274
12813.8,2049.329,5347.855,12712.42,1972.416,5276.912,12738.62,1983.601,5349.335,12784.64,1997.489,5437.39,12719.16,2041.628,5209.797
12814.06,2049.329,5347.226,12712.55,1972.416,5276.242,12739.09,1983.601,5348.834,12784.88,1997.489,5436.752,12719.4,2041.628,5209.16
12814.19,2049.329,5346.936,12712.6,1972.416,5275.929,12739.31,1983.601,5348.605,12785,1997.489,5436.459,12719.51,2041.628,5208.862
12814.38,2049.329,5346.541,12712.66,1972.416,5275.497,12739.6,1983.601,5348.283,12785.18,1997.489,5436.062,12719.66,2041.628,5208.452
12814.58,2049.329,5346.137,12712.72,1972.416,5275.049,12739.9,1983.601,5347.942,12785.38,1997.489,5435.656,12719.81,2041.628,5208.025
12814.79,2049.329,5345.755,12712.78,1972.416,5274.621,12740.18,1983.601,5347.611,12785.59,1997.489,5435.276,12719.95,2041.628,5207.618
12815.05,2049.329,5345.274,12712.83,1972.416,5274.072,12740.52,1983.601,5347.181,12785.87,1997.489,5434.798,12720.13,2041.628,5207.095
12815.17,2049.329,5345.078,12712.85,1972.416,5273.845,12740.66,1983.601,5347,12785.99,1997.489,5434.604,12720.2,2041.628,5206.878
12815.48,2049.329,5344.582,12712.9,1972.416,5273.263,12741,1983.601,5346.527,12786.31,1997.489,5434.119,12720.38,2041.628,5206.322
12815.62,2049.329,5344.368,12712.91,1972.416,5273.007,12741.15,1983.601,5346.316,12786.46,1997.489,5433.911,12720.45,2041.628,5206.079
12815.85,2049.329,5344.032,12712.93,1972.416,5272.6,12741.37,1983.601,5345.976,12786.71,1997.489,5433.587,12720.57,2041.628,5205.689
12816.09,2049.329,5343.691,12712.94,1972.416,5272.18,12741.6,1983.601,5345.62,12786.98,1997.489,5433.262,12720.7,2041.628,5205.287
12816.25,2049.329,5343.485,12712.95,1972.416,5271.923,12741.73,1983.601,5345.399,12787.14,1997.489,5433.068,12720.77,2041.628,5205.041
12816.5,2049.329,5343.165,12712.94,1972.416,5271.515,12741.93,1983.601,5345.043,12787.42,1997.489,5432.769,12720.88,2041.628,5204.648
12816.71,2049.329,5342.918,12712.94,1972.416,5271.195,12742.08,1983.601,5344.761,12787.65,1997.489,5432.542,12720.97,2041.628,5204.341
12816.87,2049.329,5342.726,12712.93,1972.416,5270.942,12742.19,1983.601,5344.535,12787.83,1997.489,5432.369,12721.04,2041.628,5204.097
12817.14,2049.329,5342.425,12712.91,1972.416,5270.539,12742.36,1983.601,5344.169,12788.14,1997.489,5432.102,12721.15,2041.628,5203.708
12817.31,2049.329,5342.247,12712.9,1972.416,5270.294,12742.47,1983.601,5343.948,12788.31,1997.489,5431.934,12721.21,2041.628,5203.472
12817.48,2049.329,5342.067,12712.88,1972.416,5270.045,12742.58,1983.601,5343.723,12788.49,1997.489,5431.756,12721.27,2041.628,5203.23
12817.68,2049.329,5341.871,12712.85,1972.416,5269.766,12742.7,1983.601,5343.47,12788.68,1997.489,5431.551,12721.35,2041.628,5202.958
12817.88,2049.329,5341.682,12712.82,1972.416,5269.492,12742.82,1983.601,5343.223,12788.86,1997.489,5431.343,12721.41,2041.628,5202.692
12818.08,2049.329,5341.504,12712.79,1972.416,5269.23,12742.94,1983.601,5342.986,12789.03,1997.489,5431.139,12721.48,2041.628,5202.437
12818.33,2049.329,5341.284,12712.75,1972.416,5268.898,12743.09,1983.601,5342.687,12789.23,1997.489,5430.873,12721.56,2041.628,5202.112
12818.49,2049.329,5341.15,12712.72,1972.416,5268.692,12743.18,1983.601,5342.501,12789.37,1997.489,5430.712,12721.61,2041.628,5201.91
12818.78,2049.329,5340.917,12712.66,1972.416,5268.328,12743.35,1983.601,5342.172,12789.62,1997.489,5430.443,12721.7,2041.628,5201.55
12818.95,2049.329,5340.769,12712.61,1972.416,5268.104,12743.46,1983.601,5341.973,12789.77,1997.489,5430.272,12721.75,2041.628,5201.329
12819.1,2049.329,5340.627,12712.57,1972.416,5267.899,12743.57,1983.601,5341.794,12789.9,1997.489,5430.112,12721.8,2041.628,5201.126
12819.36,2049.329,5340.375,12712.5,1972.416,5267.548,12743.76,1983.601,5341.492,12790.13,1997.489,5429.829,12721.88,2041.628,5200.776
12819.5,2049.329,5340.225,12712.45,1972.416,5267.345,12743.88,1983.601,5341.321,12790.25,1997.489,5429.66,12721.92,2041.628,5200.573
12819.64,2049.329,5340.069,12712.41,1972.416,5267.143,12744,1983.601,5341.153,12790.38,1997.489,5429.496,12721.97,2041.628,5200.37
12819.91,2049.329,5339.743,12712.3,1972.416,5266.731,12744.27,1983.601,5340.82,12790.63,1997.489,5429.156,12722.06,2041.628,5199.955
12820.04,2049.329,5339.579,12712.24,1972.416,5266.531,12744.4,1983.601,5340.661,12790.75,1997.489,5428.985,12722.11,2041.628,5199.752
12820.18,2049.329,5339.423,12712.19,1972.416,5266.331,12744.54,1983.601,5340.506,12790.85,1997.489,5428.803,12722.15,2041.628,5199.548
12820.31,2049.329,5339.264,12712.13,1972.416,5266.131,12744.68,1983.601,5340.355,12790.95,1997.489,5428.619,12722.2,2041.628,5199.345
12820.47,2049.329,5339.076,12712.05,1972.416,5265.896,12744.86,1983.601,5340.183,12791.07,1997.489,5428.405,12722.25,2041.628,5199.103
12820.62,2049.329,5338.903,12711.98,1972.416,5265.684,12745.03,1983.601,5340.031,12791.19,1997.489,5428.215,12722.29,2041.628,5198.884
12820.75,2049.329,5338.745,12711.91,1972.416,5265.487,12745.18,1983.601,5339.896,12791.31,1997.489,5428.042,12722.34,2041.628,5198.68
12820.88,2049.329,5338.583,12711.84,1972.416,5265.292,12745.35,1983.601,5339.765,12791.43,1997.489,5427.874,12722.38,2041.628,5198.477
12821.02,2049.329,5338.424,12711.76,1972.416,5265.098,12745.51,1983.601,5339.64,12791.54,1997.489,5427.7,12722.42,2041.628,5198.272
12821.17,2049.329,5338.285,12711.68,1972.416,5264.904,12745.68,1983.601,5339.521,12791.67,1997.489,5427.531,12722.46,2041.628,5198.068
12821.33,2049.329,5338.141,12711.6,1972.416,5264.712,12745.86,1983.601,5339.407,12791.79,1997.489,5427.365,12722.5,2041.628,5197.864
12821.47,2049.329,5337.992,12711.52,1972.416,5264.521,12746.04,1983.601,5339.298,12791.92,1997.489,5427.203,12722.55,2041.628,5197.66
12821.62,2049.329,5337.848,12711.44,1972.416,5264.332,12746.22,1983.601,5339.196,12792.06,1997.489,5427.045,12722.59,2041.628,5197.456
12821.77,2049.329,5337.699,12711.35,1972.416,5264.143,12746.4,1983.601,5339.099,12792.2,1997.489,5426.892,12722.63,2041.628,5197.252
12821.91,2049.329,5337.548,12711.26,1972.416,5263.956,12746.59,1983.601,5339.002,12792.35,1997.489,5426.743,12722.67,2041.628,5197.048
12822.06,2049.329,5337.4,12711.16,1972.416,5263.77,12746.77,1983.601,5338.903,12792.5,1997.489,5426.6,12722.71,2041.628,5196.844
12822.21,2049.329,5337.255,12711.07,1972.416,5263.585,12746.95,1983.601,5338.8,12792.65,1997.489,5426.461,12722.75,2041.628,5196.64
12822.36,2049.329,5337.113,12710.97,1972.416,5263.401,12747.13,1983.601,5338.695,12792.81,1997.489,5426.327,12722.79,2041.628,5196.436
12822.51,2049.329,5336.974,12710.87,1972.416,5263.219,12747.31,1983.601,5338.587,12792.98,1997.489,5426.199,12722.83,2041.628,5196.231
12822.67,2049.329,5336.837,12710.76,1972.416,5263.039,12747.49,1983.601,5338.477,12793.15,1997.489,5426.076,12722.87,2041.628,5196.027
12822.83,2049.329,5336.705,12710.66,1972.416,5262.859,12747.66,1983.601,5338.363,12793.32,1997.489,5425.958,12722.91,2041.628,5195.822
12823,2049.329,5336.575,12710.55,1972.416,5262.682,12747.83,1983.601,5338.246,12793.49,1997.489,5425.847,12722.95,2041.628,5195.618
12823.16,2049.329,5336.448,12710.44,1972.416,5262.505,12748,1983.601,5338.126,12793.67,1997.489,5425.741,12722.99,2041.628,5195.413
12823.33,2049.329,5336.324,12710.33,1972.416,5262.331,12748.17,1983.601,5338.004,12793.86,1997.489,5425.641,12723.03,2041.628,5195.208
12823.5,2049.329,5336.204,12710.21,1972.416,5262.157,12748.34,1983.601,5337.878,12794.04,1997.489,5425.546,12723.07,2041.628,5195.004
12823.67,2049.329,5336.086,12710.09,1972.416,5261.985,12748.5,1983.601,5337.75,12794.23,1997.489,5425.458,12723.11,2041.628,5194.799
12823.84,2049.329,5335.971,12709.97,1972.416,5261.815,12748.66,1983.601,5337.619,12794.42,1997.489,5425.376,12723.15,2041.628,5194.595
12824.02,2049.329,5335.859,12709.85,1972.416,5261.647,12748.82,1983.601,5337.484,12794.62,1997.489,5425.301,12723.19,2041.628,5194.39
12824.2,2049.329,5335.75,12709.73,1972.416,5261.48,12748.99,1983.601,5337.353,12794.81,1997.489,5425.219,12723.23,2041.628,5194.186
12824.38,2049.329,5335.645,12709.6,1972.416,5261.314,12749.15,1983.601,5337.226,12795,1997.489,5425.13,12723.27,2041.628,5193.981
12824.56,2049.329,5335.542,12709.47,1972.416,5261.151,12749.32,1983.601,5337.102,12795.18,1997.489,5425.036,12723.31,2041.628,5193.776
12824.74,2049.329,5335.441,12709.34,1972.416,5260.989,12749.49,1983.601,5336.982,12795.36,1997.489,5424.936,12723.35,2041.628,5193.572
12824.92,2049.329,5335.344,12709.21,1972.416,5260.829,12749.66,1983.601,5336.867,12795.54,1997.489,5424.829,12723.39,2041.628,5193.367
12825.11,2049.329,5335.25,12709.07,1972.416,5260.67,12749.84,1983.601,5336.756,12795.72,1997.489,5424.717,12723.43,2041.628,5193.163
12825.3,2049.329,5335.158,12708.93,1972.416,5260.513,12750.02,1983.601,5336.649,12795.89,1997.489,5424.599,12723.47,2041.628,5192.959
12825.49,2049.329,5335.068,12708.8,1972.416,5260.358,12750.2,1983.601,5336.547,12796.07,1997.489,5424.487,12723.51,2041.628,5192.755
12825.67,2049.329,5334.982,12708.66,1972.416,5260.205,12750.38,1983.601,5336.45,12796.24,1997.489,5424.369,12723.55,2041.628,5192.551
12825.87,2049.329,5334.898,12708.51,1972.416,5260.053,12750.57,1983.601,5336.357,12796.41,1997.489,5424.257,12723.59,2041.628,5192.347
12826.06,2049.329,5334.816,12708.37,1972.416,5259.903,12750.76,1983.601,5336.269,12796.58,1997.489,5424.133,12723.63,2041.628,5192.143
12826.25,2049.329,5334.737,12708.22,1972.416,5259.755,12750.95,1983.601,5336.186,12796.75,1997.489,5424.007,12723.67,2041.628,5191.938
12826.44,2049.329,5334.661,12708.07,1972.416,5259.608,12751.14,1983.601,5336.108,12796.91,1997.489,5423.878,12723.71,2041.628,5191.734
12826.64,2049.329,5334.586,12707.92,1972.416,5259.464,12751.33,1983.601,5336.027,12797.08,1997.489,5423.755,12723.75,2041.628,5191.53
12826.83,2049.329,5334.515,12707.77,1972.416,5259.321,12751.53,1983.601,5335.944,12797.25,1997.489,5423.638,12723.79,2041.628,5191.326
12827.03,2049.329,5334.445,12707.62,1972.416,5259.18,12751.72,1983.601,5335.859,12797.43,1997.489,5423.526,12723.84,2041.628,5191.122
12827.23,2049.329,5334.377,12707.46,1972.416,5259.041,12751.9,1983.601,5335.771,12797.61,1997.489,5423.419,12723.88,2041.628,5190.918
12827.42,2049.329,5334.312,12707.31,1972.416,5258.904,12752.09,1983.601,5335.681,12797.79,1997.489,5423.319,12723.92,2041.628,5190.714
12827.62,2049.329,5334.249,12707.15,1972.416,5258.769,12752.28,1983.601,5335.587,12797.97,1997.489,5423.225,12723.96,2041.628,5190.51
12827.82,2049.329,5334.188,12706.99,1972.416,5258.635,12752.46,1983.601,5335.492,12798.16,1997.489,5423.136,12724.01,2041.628,5190.306
12828.02,2049.329,5334.12,12706.83,1972.416,5258.503,12752.65,1983.601,5335.396,12798.35,1997.489,5423.054,12724.05,2041.628,5190.103
12828.21,2049.329,5334.046,12706.66,1972.416,5258.373,12752.83,1983.601,5335.3,12798.55,1997.489,5422.978,12724.09,2041.628,5189.899
12828.41,2049.329,5333.972,12706.5,1972.416,5258.245,12753.02,1983.601,5335.205,12798.74,1997.489,5422.908,12724.13,2041.628,5189.695
12828.6,2049.329,5333.894,12706.33,1972.416,5258.119,12753.2,1983.601,5335.109,12798.94,1997.489,5422.845,12724.18,2041.628,5189.492
12828.79,2049.329,5333.811,12706.17,1972.416,5257.995,12753.39,1983.601,5335.013,12799.14,1997.489,5422.788,12724.22,2041.628,5189.288
12828.98,2049.329,5333.721,12706,1972.416,5257.872,12753.57,1983.601,5334.917,12799.34,1997.489,5422.738,12724.27,2041.628,5189.084
12829.17,2049.329,5333.625,12705.83,1972.416,5257.751,12753.76,1983.601,5334.828,12799.54,1997.489,5422.681,12724.31,2041.628,5188.881
12829.35,2049.329,5333.527,12705.66,1972.416,5257.633,12753.95,1983.601,5334.744,12799.74,1997.489,5422.618,12724.36,2041.628,5188.678
12829.53,2049.329,5333.429,12705.49,1972.416,5257.516,12754.14,1983.601,5334.667,12799.94,1997.489,5422.548,12724.4,2041.628,5188.475
12829.71,2049.329,5333.325,12705.31,1972.416,5257.401,12754.34,1983.601,5334.595,12800.13,1997.489,5422.472,12724.45,2041.628,5188.271
12829.88,2049.329,5333.204,12705.14,1972.416,5257.288,12754.54,1983.601,5334.53,12800.33,1997.489,5422.389,12724.49,2041.628,5188.068
12830.05,2049.329,5333.086,12704.96,1972.416,5257.177,12754.74,1983.601,5334.471,12800.51,1997.489,5422.3,12724.54,2041.628,5187.865
12830.23,2049.329,5332.972,12704.78,1972.416,5257.067,12754.94,1983.601,5334.417,12800.7,1997.489,5422.206,12724.59,2041.628,5187.662
12830.4,2049.329,5332.86,12704.61,1972.416,5256.96,12755.14,1983.601,5334.36,12800.89,1997.489,5422.117,12724.63,2041.628,5187.459
12830.58,2049.329,5332.752,12704.43,1972.416,5256.847,12755.34,1983.601,5334.302,12801.08,1997.489,5422.034,12724.67,2041.628,5187.255
12830.76,2049.329,5332.646,12704.26,1972.416,5256.728,12755.54,1983.601,5334.242,12801.27,1997.489,5421.958,12724.71,2041.628,5187.049
12830.94,2049.329,5332.544,12704.09,1972.416,5256.604,12755.74,1983.601,5334.18,12801.47,1997.489,5421.888,12724.73,2041.628,5186.843
12831.13,2049.329,5332.444,12703.93,1972.416,5256.475,12755.93,1983.601,5334.116,12801.67,1997.489,5421.824,12724.75,2041.628,5186.635
12831.31,2049.329,5332.347,12703.77,1972.416,5256.341,12756.13,1983.601,5334.05,12801.87,1997.489,5421.767,12724.77,2041.628,5186.427
12831.52,2049.329,5332.239,12703.59,1972.416,5256.184,12756.35,1983.601,5333.972,12802.1,1997.489,5421.709,12724.79,2041.628,5186.191
12831.71,2049.329,5332.147,12703.44,1972.416,5256.041,12756.55,1983.601,5333.901,12802.3,1997.489,5421.666,12724.82,2041.628,5185.984
12831.96,2049.329,5332.029,12703.25,1972.416,5255.845,12756.81,1983.601,5333.804,12802.57,1997.489,5421.616,12724.86,2041.628,5185.711
12832.4,2049.329,5331.829,12702.92,1972.416,5255.494,12757.26,1983.601,5333.63,12803.05,1997.489,5421.544,12724.95,2041.628,5185.238
12832.65,2049.329,5331.716,12702.73,1972.416,5255.285,12757.52,1983.601,5333.535,12803.33,1997.489,5421.494,12725.02,2041.628,5184.964
12833.15,2049.329,5331.506,12702.38,1972.416,5254.878,12758.03,1983.601,5333.368,12803.85,1997.489,5421.38,12725.16,2041.628,5184.446
12833.72,2049.329,5331.27,12701.98,1972.416,5254.396,12758.63,1983.601,5333.188,12804.45,1997.489,5421.228,12725.3,2041.628,5183.839
12834.27,2049.329,5331.052,12701.61,1972.416,5253.937,12759.2,1983.601,5333.033,12805.02,1997.489,5421.064,12725.41,2041.628,5183.257
12835.04,2049.329,5330.76,12701.1,1972.416,5253.293,12760,1983.601,5332.839,12805.83,1997.489,5420.894,12725.54,2041.628,5182.447
12835.24,2049.329,5330.688,12700.97,1972.416,5253.128,12760.21,1983.601,5332.795,12806.03,1997.489,5420.844,12725.57,2041.628,5182.24
12836.12,2049.329,5330.373,12700.4,1972.416,5252.382,12761.13,1983.601,5332.622,12806.94,1997.489,5420.597,12725.66,2041.628,5181.303
12837.13,2049.329,5330.028,12699.78,1972.416,5251.519,12762.17,1983.601,5332.42,12807.96,1997.489,5420.291,12725.73,2041.628,5180.243
12837.56,2049.329,5329.884,12699.53,1972.416,5251.14,12762.62,1983.601,5332.332,12808.39,1997.489,5420.148,12725.74,2041.628,5179.788
12838.83,2049.329,5329.479,12698.82,1972.416,5250.011,12763.91,1983.601,5332.038,12809.66,1997.489,5419.772,12725.74,2041.628,5178.458
12839.43,2049.329,5329.291,12698.51,1972.416,5249.461,12764.53,1983.601,5331.881,12810.28,1997.489,5419.612,12725.72,2041.628,5177.824
12840.37,2049.329,5329.008,12698.04,1972.416,5248.592,12765.48,1983.601,5331.612,12811.24,1997.489,5419.395,12725.65,2041.628,5176.84
12841.58,2049.329,5328.658,12697.49,1972.416,5247.464,12766.68,1983.601,5331.237,12812.47,1997.489,5419.158,12725.53,2041.628,5175.589
12842.82,2049.329,5328.312,12696.96,1972.416,5246.295,12767.9,1983.601,5330.842,12813.73,1997.489,5418.879,12725.36,2041.628,5174.316
12843.74,2049.329,5328.062,12696.59,1972.416,5245.412,12768.81,1983.601,5330.54,12814.65,1997.489,5418.645,12725.2,2041.628,5173.372
12844.56,2049.329,5327.846,12696.29,1972.416,5244.615,12769.61,1983.601,5330.262,12815.47,1997.489,5418.413,12725.03,2041.628,5172.538
12845.96,2049.329,5327.491,12695.82,1972.416,5243.249,12770.97,1983.601,5329.776,12816.85,1997.489,5417.981,12724.7,2041.628,5171.132
12847.13,2049.329,5327.204,12695.47,1972.416,5242.097,12772.1,1983.601,5329.359,12817.99,1997.489,5417.588,12724.39,2041.628,5169.969
12848.12,2049.329,5326.969,12695.2,1972.416,5241.114,12773.05,1983.601,5328.996,12818.94,1997.489,5417.23,12724.12,2041.628,5168.985
12849.38,2049.329,5326.681,12694.9,1972.416,5239.86,12774.25,1983.601,5328.522,12820.14,1997.489,5416.744,12723.71,2041.628,5167.765
12850.68,2049.329,5326.392,12694.64,1972.416,5238.551,12775.49,1983.601,5328.016,12821.39,1997.489,5416.281,12723.32,2041.628,5166.488
12852.33,2049.329,5326.038,12694.35,1972.416,5236.884,12777.04,1983.601,5327.356,12822.89,1997.489,5415.508,12722.87,2041.628,5164.855
12852.87,2049.329,5325.928,12694.24,1972.416,5236.35,12777.54,1983.601,5327.137,12823.39,1997.489,5415.275,12722.75,2041.628,5164.324
12855.01,2049.329,5325.499,12694.04,1972.416,5234.167,12779.53,1983.601,5326.23,12825.33,1997.489,5414.252,12722.2,2041.628,5162.204
12856.15,2049.329,5325.231,12693.92,1972.416,5233.002,12780.62,1983.601,5325.78,12826.38,1997.489,5413.739,12721.94,2041.628,5161.061
12857.58,2049.329,5324.848,12693.76,1972.416,5231.534,12781.96,1983.601,5325.156,12827.73,1997.489,5413.136,12721.66,2041.628,5159.61
12860.16,2049.329,5324.065,12693.44,1972.416,5228.863,12784.34,1983.601,5323.919,12830.22,1997.489,5412.118,12721.24,2041.628,5156.952
12860.52,2049.329,5323.94,12693.4,1972.416,5228.478,12784.69,1983.601,5323.753,12830.59,1997.489,5412,12721.2,2041.628,5156.568
12861.97,2049.329,5323.512,12693.22,1972.416,5226.978,12786.08,1983.601,5323.148,12832.01,1997.489,5411.492,12721.06,2041.628,5155.063
12863.47,2049.329,5323.017,12693.08,1972.416,5225.408,12787.52,1983.601,5322.519,12833.47,1997.489,5410.914,12721.06,2041.628,5153.487
12864.97,2049.329,5322.462,12692.99,1972.416,5223.804,12789.01,1983.601,5321.914,12834.88,1997.489,5410.133,12721.04,2041.628,5151.881
12866.48,2049.329,5321.851,12692.95,1972.416,5222.178,12790.5,1983.601,5321.251,12836.31,1997.489,5409.356,12720.98,2041.628,5150.255
12868.06,2049.329,5321.311,12692.97,1972.416,5220.511,12792.08,1983.601,5320.741,12837.8,1997.489,5408.61,12720.93,2041.628,5148.59
12870.01,2049.329,5320.571,12692.92,1972.416,5218.426,12794.05,1983.601,5320.038,12839.69,1997.489,5407.737,12720.71,2041.628,5146.516
12870.62,2049.329,5320.315,12692.88,1972.416,5217.762,12794.67,1983.601,5319.793,12840.3,1997.489,5407.478,12720.66,2041.628,5145.852
12872.65,2049.329,5319.256,12692.77,1972.416,5215.478,12796.76,1983.601,5318.885,12842.44,1997.489,5406.657,12720.57,2041.628,5143.567
12874.24,2049.329,5318.489,12692.75,1972.416,5213.712,12798.36,1983.601,5318.131,12844.11,1997.489,5406.077,12720.49,2041.628,5141.803
12875.84,2049.329,5317.781,12692.66,1972.416,5211.962,12799.97,1983.601,5317.435,12845.77,1997.489,5405.516,12720.32,2041.628,5140.06
12877.49,2049.329,5317.117,12692.52,1972.416,5210.194,12801.62,1983.601,5316.785,12847.43,1997.489,5404.893,12720.2,2041.628,5138.291
12879.02,2049.329,5316.199,12692.3,1972.416,5208.417,12803.26,1983.601,5316.073,12849.08,1997.489,5404.208,12720.13,2041.628,5136.5
12880.61,2049.329,5315.323,12691.98,1972.416,5206.634,12804.9,1983.601,5315.3,12850.73,1997.489,5403.463,12720.06,2041.628,5134.691
12882.24,2049.329,5314.49,12691.71,1972.416,5204.824,12806.53,1983.601,5314.466,12852.38,1997.489,5402.655,12719.93,2041.628,5132.866
12883.86,2049.329,5313.62,12691.47,1972.416,5203.002,12808.19,1983.601,5313.681,12854.05,1997.489,5401.907,12719.75,2041.628,5131.036
12885.95,2049.329,5312.355,12691.22,1972.416,5200.572,12810.37,1983.601,5312.566,12856.25,1997.489,5400.84,12719.42,2041.628,5128.616
12887.27,2049.329,5311.611,12691.09,1972.416,5199.06,12811.7,1983.601,5311.841,12857.59,1997.489,5400.133,12719.21,2041.628,5127.113
12889.11,2049.329,5310.508,12690.84,1972.416,5196.931,12813.62,1983.601,5310.883,12859.58,1997.489,5399.332,12718.97,2041.628,5124.982
12890.35,2049.329,5309.797,12690.63,1972.416,5195.51,12814.88,1983.601,5310.2,12860.9,1997.489,5398.751,12718.86,2041.628,5123.551
12891.68,2049.329,5309.097,12690.47,1972.416,5194.021,12816.22,1983.601,5309.531,12862.25,1997.489,5398.102,12718.69,2041.628,5122.063
12893.18,2049.329,5308.367,12690.34,1972.416,5192.358,12817.69,1983.601,5308.737,12863.72,1997.489,5397.329,12718.56,2041.628,5120.399
12894.6,2049.329,5307.623,12690.26,1972.416,5190.754,12819.1,1983.601,5307.974,12865.12,1997.489,5396.539,12718.49,2041.628,5118.795
12896.66,2049.329,5306.868,12690.24,1972.416,5188.565,12820.99,1983.601,5306.871,12867.06,1997.489,5395.525,12718.47,2041.628,5116.606
12897.93,2049.329,5306.352,12690.03,1972.416,5187.205,12822.2,1983.601,5306.217,12868.27,1997.489,5394.859,12718.27,2041.628,5115.245
12898.32,2049.329,5306.189,12689.98,1972.416,5186.782,12822.58,1983.601,5306.027,12868.63,1997.489,5394.645,12718.23,2041.628,5114.821
12900.12,2049.329,5305.379,12689.48,1972.416,5184.882,12824.37,1983.601,5305.219,12870.36,1997.489,5393.705,12718.08,2041.628,5112.861
12901.35,2049.329,5304.771,12689.17,1972.416,5183.54,12825.61,1983.601,5304.612,12871.59,1997.489,5393.086,12717.93,2041.628,5111.491
12902.52,2049.329,5304.146,12688.91,1972.416,5182.236,12826.78,1983.601,5303.988,12872.83,1997.489,5392.608,12717.76,2041.628,5110.173
12903.63,2049.329,5303.488,12688.68,1972.416,5180.968,12827.94,1983.601,5303.42,12874.02,1997.489,5392.104,12717.56,2041.628,5108.899
12904.73,2049.329,5302.886,12688.37,1972.416,5179.755,12829.1,1983.601,5302.956,12875.15,1997.489,5391.579,12717.33,2041.628,5107.671
12905.82,2049.329,5302.334,12688.11,1972.416,5178.563,12830.22,1983.601,5302.479,12876.3,1997.489,5391.157,12717.14,2041.628,5106.466
12906.88,2049.329,5301.84,12687.9,1972.416,5177.412,12831.34,1983.601,5302.138,12877.41,1997.489,5390.8,12716.92,2041.628,5105.317
12907.92,2049.329,5301.392,12687.74,1972.416,5176.285,12832.42,1983.601,5301.77,12878.48,1997.489,5390.417,12716.74,2041.628,5104.191
12908.96,2049.329,5300.989,12687.61,1972.416,5175.183,12833.5,1983.601,5301.491,12879.51,1997.489,5390.011,12716.61,2041.628,5103.091
12909.96,2049.329,5300.635,12687.52,1972.416,5174.121,12834.52,1983.601,5301.189,12880.46,1997.489,5389.528,12716.51,2041.628,5102.03
12910.93,2049.329,5300.259,12687.47,1972.416,5173.086,12835.5,1983.601,5300.864,12881.4,1997.489,5389.089,12716.45,2041.628,5100.996
12912.09,2049.329,5299.915,12687.29,1972.416,5171.89,12836.64,1983.601,5300.446,12882.46,1997.489,5388.506,12716.42,2041.628,5099.786
12912.8,2049.329,5299.676,12687.2,1972.416,5171.143,12837.34,1983.601,5300.164,12883.14,1997.489,5388.166,12716.38,2041.628,5099.034
12914.05,2049.329,5299.216,12687.07,1972.416,5169.823,12838.55,1983.601,5299.625,12884.34,1997.489,5387.604,12716.44,2041.628,5097.709
12914.88,2049.329,5298.876,12687.02,1972.416,5168.923,12839.33,1983.601,5299.169,12885.17,1997.489,5387.25,12716.46,2041.628,5096.808
12915.25,2049.329,5298.712,12687,1972.416,5168.521,12839.68,1983.601,5298.977,12885.53,1997.489,5387.079,12716.4,2041.628,5096.409
12916.38,2049.329,5298.16,12686.93,1972.416,5167.261,12840.78,1983.601,5298.353,12886.66,1997.489,5386.507,12716.26,2041.628,5095.154
12916.88,2049.329,5297.901,12686.88,1972.416,5166.708,12841.27,1983.601,5298.092,12887.14,1997.489,5386.24,12716.17,2041.628,5094.606
12917.58,2049.329,5297.517,12686.78,1972.416,5165.91,12842.02,1983.601,5297.823,12887.89,1997.489,5385.939,12716.06,2041.628,5093.811
12918.28,2049.329,5297.166,12686.68,1972.416,5165.133,12842.76,1983.601,5297.569,12888.6,1997.489,5385.623,12715.97,2041.628,5093.033
12919.39,2049.329,5296.655,12686.58,1972.416,5163.92,12843.9,1983.601,5297.137,12889.66,1997.489,5385.015,12715.87,2041.628,5091.821
12919.75,2049.329,5296.473,12686.56,1972.416,5163.514,12844.28,1983.601,5296.992,12890,1997.489,5384.793,12715.85,2041.628,5091.415
12920.3,2049.329,5296.222,12686.55,1972.416,5162.909,12844.84,1983.601,5296.758,12890.52,1997.489,5384.479,12715.83,2041.628,5090.81
12920.97,2049.329,5295.892,12686.56,1972.416,5162.165,12845.52,1983.601,5296.448,12891.16,1997.489,5384.114,12715.8,2041.628,5090.066
12921.48,2049.329,5295.617,12686.59,1972.416,5161.584,12846.04,1983.601,5296.188,12891.68,1997.489,5383.846,12715.8,2041.628,5089.485
12922.07,2049.329,5295.374,12686.64,1972.416,5160.948,12846.6,1983.601,5295.885,12892.26,1997.489,5383.569,12715.82,2041.628,5088.846
12922.68,2049.329,5295.112,12686.59,1972.416,5160.284,12847.17,1983.601,5295.55,12892.87,1997.489,5383.301,12715.86,2041.628,5088.182
12923.45,2049.329,5294.844,12686.56,1972.416,5159.469,12847.87,1983.601,5295.118,12893.62,1997.489,5382.996,12715.88,2041.628,5087.367
12923.77,2049.329,5294.722,12686.56,1972.416,5159.127,12848.16,1983.601,5294.946,12893.93,1997.489,5382.858,12715.9,2041.628,5087.025
12924.51,2049.329,5294.411,12686.58,1972.416,5158.328,12848.86,1983.601,5294.566,12894.66,1997.489,5382.511,12715.86,2041.628,5086.227
12924.84,2049.329,5294.258,12686.6,1972.416,5157.964,12849.18,1983.601,5294.383,12894.99,1997.489,5382.364,12715.85,2041.628,5085.863
12925.3,2049.329,5294.029,12686.64,1972.416,5157.455,12849.63,1983.601,5294.141,12895.45,1997.489,5382.141,12715.85,2041.628,5085.352
12926.03,2049.329,5293.632,12686.65,1972.416,5156.623,12850.32,1983.601,5293.682,12896.18,1997.489,5381.755,12715.88,2041.628,5084.521
12926.21,2049.329,5293.526,12686.66,1972.416,5156.415,12850.5,1983.601,5293.569,12896.37,1997.489,5381.652,12715.9,2041.628,5084.313
12926.77,2049.329,5293.172,12686.68,1972.416,5155.752,12851.04,1983.601,5293.193,12896.93,1997.489,5381.307,12715.89,2041.628,5083.649
12926.94,2049.329,5293.056,12686.7,1972.416,5155.545,12851.21,1983.601,5293.072,12897.11,1997.489,5381.192,12715.9,2041.628,5083.441
12927.52,2049.329,5292.648,12686.78,1972.416,5154.836,12851.81,1983.601,5292.677,12897.69,1997.489,5380.782,12715.94,2041.628,5082.73
12927.81,2049.329,5292.433,12686.83,1972.416,5154.481,12852.1,1983.601,5292.468,12898,1997.489,5380.604,12715.98,2041.628,5082.373
12928.16,2049.329,5292.188,12686.9,1972.416,5154.059,12852.46,1983.601,5292.228,12898.36,1997.489,5380.379,12716.03,2041.628,5081.947
12928.53,2049.329,5291.986,12686.99,1972.416,5153.648,12852.79,1983.601,5291.983,12898.73,1997.489,5380.181,12716.1,2041.628,5081.534
12928.98,2049.329,5291.727,12687.11,1972.416,5153.141,12853.23,1983.601,5291.691,12899.2,1997.489,5379.943,12716.2,2041.628,5081.021
12929.21,2049.329,5291.588,12687.18,1972.416,5152.886,12853.45,1983.601,5291.551,12899.43,1997.489,5379.814,12716.26,2041.628,5080.763
12929.53,2049.329,5291.395,12687.29,1972.416,5152.522,12853.77,1983.601,5291.339,12899.76,1997.489,5379.62,12716.36,2041.628,5080.396
12929.85,2049.329,5291.196,12687.41,1972.416,5152.171,12854.08,1983.601,5291.143,12900.07,1997.489,5379.42,12716.46,2041.628,5080.042
12930.14,2049.329,5290.996,12687.53,1972.416,5151.839,12854.39,1983.601,5290.974,12900.36,1997.489,5379.219,12716.58,2041.628,5079.706
12930.44,2049.329,5290.818,12687.66,1972.416,5151.512,12854.7,1983.601,5290.796,12900.64,1997.489,5379.009,12716.7,2041.628,5079.375
12930.89,2049.329,5290.536,12687.88,1972.416,5151.027,12855.15,1983.601,5290.513,12901.08,1997.489,5378.708,12716.9,2041.628,5078.884
12931.07,2049.329,5290.419,12687.97,1972.416,5150.839,12855.32,1983.601,5290.396,12901.25,1997.489,5378.584,12716.98,2041.628,5078.694
12931.35,2049.329,5290.214,12688.13,1972.416,5150.53,12855.61,1983.601,5290.201,12901.52,1997.489,5378.367,12717.14,2041.628,5078.381
12931.58,2049.329,5290.031,12688.28,1972.416,5150.27,12855.85,1983.601,5290.025,12901.78,1997.489,5378.208,12717.28,2041.628,5078.116
12931.81,2049.329,5289.843,12688.43,1972.416,5150.018,12856.09,1983.601,5289.851,12902.02,1997.489,5378.042,12717.43,2041.628,5077.859
12932.05,2049.329,5289.694,12688.59,1972.416,5149.781,12856.31,1983.601,5289.677,12902.25,1997.489,5377.876,12717.57,2041.628,5077.618
12932.29,2049.329,5289.539,12688.75,1972.416,5149.552,12856.54,1983.601,5289.512,12902.47,1997.489,5377.705,12717.73,2041.628,5077.385
12932.51,2049.329,5289.38,12688.91,1972.416,5149.335,12856.78,1983.601,5289.378,12902.68,1997.489,5377.531,12717.89,2041.628,5077.164
12932.86,2049.329,5289.172,12689.17,1972.416,5149.017,12857.13,1983.601,5289.165,12903,1997.489,5377.28,12718.13,2041.628,5076.838
12933.04,2049.329,5289.061,12689.31,1972.416,5148.859,12857.3,1983.601,5289.051,12903.18,1997.489,5377.166,12718.27,2041.628,5076.677
12933.21,2049.329,5288.943,12689.45,1972.416,5148.706,12857.48,1983.601,5288.95,12903.35,1997.489,5377.046,12718.4,2041.628,5076.52
12933.61,2049.329,5288.71,12689.74,1972.416,5148.353,12857.88,1983.601,5288.713,12903.72,1997.489,5376.769,12718.72,2041.628,5076.182
12933.8,2049.329,5288.592,12689.89,1972.416,5148.187,12858.07,1983.601,5288.593,12903.89,1997.489,5376.63,12718.87,2041.628,5076.024
12933.97,2049.329,5288.476,12690.04,1972.416,5148.037,12858.24,1983.601,5288.482,12904.05,1997.489,5376.494,12719.02,2041.628,5075.881
12934.14,2049.329,5288.354,12690.19,1972.416,5147.891,12858.42,1983.601,5288.366,12904.21,1997.489,5376.364,12719.18,2041.628,5075.743
12934.44,2049.329,5288.14,12690.46,1972.416,5147.64,12858.72,1983.601,5288.149,12904.48,1997.489,5376.108,12719.47,2041.628,5075.506
12934.61,2049.329,5288.01,12690.63,1972.416,5147.5,12858.89,1983.601,5288.017,12904.64,1997.489,5375.965,12719.64,2041.628,5075.375
12934.78,2049.329,5287.879,12690.79,1972.416,5147.37,12859.05,1983.601,5287.884,12904.81,1997.489,5375.844,12719.81,2041.628,5075.252
12934.94,2049.329,5287.739,12690.96,1972.416,5147.241,12859.21,1983.601,5287.742,12904.98,1997.489,5375.713,12719.99,2041.628,5075.132
12935.09,2049.329,5287.598,12691.13,1972.416,5147.122,12859.36,1983.601,5287.599,12905.14,1997.489,5375.582,12720.16,2041.628,5075.022
12935.24,2049.329,5287.452,12691.31,1972.416,5147.008,12859.52,1983.601,5287.469,12905.3,1997.489,5375.445,12720.34,2041.628,5074.917
12935.38,2049.329,5287.301,12691.49,1972.416,5146.9,12859.68,1983.601,5287.335,12905.45,1997.489,5375.303,12720.53,2041.628,5074.818
12935.56,2049.329,5287.151,12691.69,1972.416,5146.788,12859.85,1983.601,5287.181,12905.62,1997.489,5375.141,12720.73,2041.628,5074.716
12935.71,2049.329,5287.011,12691.87,1972.416,5146.692,12860,1983.601,5287.036,12905.76,1997.489,5374.989,12720.92,2041.628,5074.629
12935.86,2049.329,5286.865,12692.06,1972.416,5146.599,12860.15,1983.601,5286.887,12905.9,1997.489,5374.833,12721.11,2041.628,5074.549
12936.01,2049.329,5286.715,12692.25,1972.416,5146.512,12860.29,1983.601,5286.732,12906.03,1997.489,5374.672,12721.31,2041.628,5074.475
12936.15,2049.329,5286.56,12692.44,1972.416,5146.431,12860.43,1983.601,5286.574,12906.17,1997.489,5374.516,12721.51,2041.628,5074.407
12936.28,2049.329,5286.405,12692.63,1972.416,5146.356,12860.57,1983.601,5286.419,12906.3,1997.489,5374.355,12721.71,2041.628,5074.346
12936.42,2049.329,5286.245,12692.83,1972.416,5146.288,12860.7,1983.601,5286.26,12906.43,1997.489,5374.19,12721.91,2041.628,5074.292
12936.55,2049.329,5286.081,12693.03,1972.416,5146.226,12860.83,1983.601,5286.096,12906.55,1997.489,5374.021,12722.11,2041.628,5074.244
12936.67,2049.329,5285.913,12693.23,1972.416,5146.171,12860.95,1983.601,5285.928,12906.67,1997.489,5373.849,12722.31,2041.628,5074.202
12936.79,2049.329,5285.741,12693.43,1972.416,5146.123,12861.07,1983.601,5285.756,12906.8,1997.489,5373.691,12722.52,2041.628,5074.167
12936.88,2049.329,5285.555,12693.64,1972.416,5146.081,12861.19,1983.601,5285.588,12906.93,1997.489,5373.529,12722.72,2041.628,5074.126
12936.98,2049.329,5285.372,12693.84,1972.416,5146.045,12861.32,1983.601,5285.423,12907.06,1997.489,5373.362,12722.93,2041.628,5074.091
12937.07,2049.329,5285.186,12694.05,1972.416,5146.017,12861.44,1983.601,5285.253,12907.18,1997.489,5373.192,12723.13,2041.628,5074.063
12937.17,2049.329,5285.003,12694.25,1972.416,5145.988,12861.55,1983.601,5285.079,12907.29,1997.489,5373.018,12723.34,2041.628,5074.042
12937.28,2049.329,5284.824,12694.46,1972.416,5145.965,12861.68,1983.601,5284.914,12907.43,1997.489,5372.857,12723.55,2041.628,5074.011
12937.38,2049.329,5284.643,12694.67,1972.416,5145.936,12861.82,1983.601,5284.755,12907.56,1997.489,5372.699,12723.75,2041.628,5073.986
12937.49,2049.329,5284.466,12694.87,1972.416,5145.914,12861.95,1983.601,5284.592,12907.69,1997.489,5372.536,12723.96,2041.628,5073.964
12937.6,2049.329,5284.288,12695.08,1972.416,5145.898,12862.07,1983.601,5284.424,12907.82,1997.489,5372.37,12724.17,2041.628,5073.94
12937.73,2049.329,5284.127,12695.29,1972.416,5145.889,12862.19,1983.601,5284.253,12907.94,1997.489,5372.199,12724.38,2041.628,5073.922
12937.86,2049.329,5283.963,12695.5,1972.416,5145.9,12862.31,1983.601,5284.085,12908.06,1997.489,5372.029,12724.58,2041.628,5073.912
12937.99,2049.329,5283.803,12695.71,1972.416,5145.905,12862.43,1983.601,5283.914,12908.17,1997.489,5371.855,12724.79,2041.628,5073.908
12938.12,2049.329,5283.638,12695.91,1972.416,5145.92,12862.55,1983.601,5283.747,12908.28,1997.489,5371.678,12725,2041.628,5073.911
12938.24,2049.329,5283.469,12696.12,1972.416,5145.928,12862.67,1983.601,5283.575,12908.39,1997.489,5371.5,12725.21,2041.628,5073.917
12938.36,2049.329,5283.296,12696.33,1972.416,5145.956,12862.79,1983.601,5283.4,12908.49,1997.489,5371.319,12725.42,2041.628,5073.926
12938.47,2049.329,5283.12,12696.54,1972.416,5145.977,12862.89,1983.601,5283.222,12908.59,1997.489,5371.135,12725.62,2041.628,5073.942
12938.58,2049.329,5282.94,12696.74,1972.416,5145.997,12863,1983.601,5283.04,12908.68,1997.489,5370.948,12725.83,2041.628,5073.965
12938.68,2049.329,5282.757,12696.95,1972.416,5146.005,12863.12,1983.601,5282.873,12908.78,1997.489,5370.764,12726.04,2041.628,5073.994
12938.78,2049.329,5282.577,12697.16,1972.416,5146.019,12863.24,1983.601,5282.702,12908.9,1997.489,5370.594,12726.24,2041.628,5074.03
12938.88,2049.329,5282.393,12697.37,1972.416,5146.04,12863.36,1983.601,5282.535,12909.01,1997.489,5370.42,12726.44,2041.628,5074.088
12938.98,2049.329,5282.212,12697.57,1972.416,5146.068,12863.5,1983.601,5282.375,12909.14,1997.489,5370.252,12726.64,2041.628,5074.14
12939.09,2049.329,5282.033,12697.78,1972.416,5146.103,12863.63,1983.601,5282.21,12909.27,1997.489,5370.089,12726.85,2041.628,5074.185
12939.2,2049.329,5281.857,12697.98,1972.416,5146.144,12863.75,1983.601,5282.042,12909.4,1997.489,5369.93,12727.05,2041.628,5074.208
12939.31,2049.329,5281.679,12698.19,1972.416,5146.179,12863.87,1983.601,5281.87,12909.53,1997.489,5369.766,12727.26,2041.628,5074.239
12939.41,2049.329,5281.497,12698.39,1972.416,5146.207,12863.98,1983.601,5281.698,12909.66,1997.489,5369.599,12727.47,2041.628,5074.275
12939.51,2049.329,5281.314,12698.6,1972.416,5146.241,12864.11,1983.601,5281.532,12909.78,1997.489,5369.43,12727.67,2041.628,5074.302
12939.61,2049.329,5281.135,12698.8,1972.416,5146.269,12864.23,1983.601,5281.361,12909.89,1997.489,5369.258,12727.88,2041.628,5074.333
12939.71,2049.329,5280.953,12699.01,1972.416,5146.3,12864.36,1983.601,5281.202,12910.01,1997.489,5369.082,12728.08,2041.628,5074.37
12939.82,2049.329,5280.772,12699.21,1972.416,5146.357,12864.49,1983.601,5281.039,12910.12,1997.489,5368.909,12728.29,2041.628,5074.395
12939.93,2049.329,5280.595,12699.41,1972.416,5146.409,12864.62,1983.601,5280.872,12910.25,1997.489,5368.741,12728.5,2041.628,5074.426
12940.04,2049.329,5280.419,12699.61,1972.416,5146.459,12864.74,1983.601,5280.701,12910.37,1997.489,5368.576,12728.7,2041.628,5074.464
12940.15,2049.329,5280.247,12699.82,1972.416,5146.503,12864.85,1983.601,5280.527,12910.51,1997.489,5368.416,12728.91,2041.628,5074.509
12940.27,2049.329,5280.077,12700.01,1972.416,5146.574,12864.96,1983.601,5280.351,12910.63,1997.489,5368.251,12729.11,2041.628,5074.561
12940.4,2049.329,5279.909,12700.21,1972.416,5146.638,12865.07,1983.601,5280.172,12910.76,1997.489,5368.087,12729.31,2041.628,5074.619
12940.53,2049.329,5279.745,12700.41,1972.416,5146.696,12865.17,1983.601,5279.991,12910.88,1997.489,5367.918,12729.51,2041.628,5074.684
12940.66,2049.329,5279.583,12700.61,1972.416,5146.747,12865.27,1983.601,5279.808,12911,1997.489,5367.746,12729.7,2041.628,5074.758
12940.78,2049.329,5279.417,12700.81,1972.416,5146.805,12865.38,1983.601,5279.627,12911.11,1997.489,5367.57,12729.89,2041.628,5074.844
12940.9,2049.329,5279.247,12701.01,1972.416,5146.869,12865.47,1983.601,5279.44,12911.24,1997.489,5367.408,12730.08,2041.628,5074.924
12941.02,2049.329,5279.073,12701.21,1972.416,5146.94,12865.56,1983.601,5279.256,12911.37,1997.489,5367.241,12730.27,2041.628,5075.022
12941.13,2049.329,5278.896,12701.4,1972.416,5147.017,12865.66,1983.601,5279.071,12911.49,1997.489,5367.071,12730.45,2041.628,5075.115
12941.23,2049.329,5278.714,12701.6,1972.416,5147.086,12865.76,1983.601,5278.89,12911.6,1997.489,5366.896,12730.64,2041.628,5075.202
12941.33,2049.329,5278.53,12701.79,1972.416,5147.163,12865.87,1983.601,5278.711,12911.71,1997.489,5366.719,12730.83,2041.628,5075.293
12941.42,2049.329,5278.343,12701.99,1972.416,5147.233,12866,1983.601,5278.548,12911.81,1997.489,5366.537,12731.01,2041.628,5075.402
12941.51,2049.329,5278.159,12702.19,1972.416,5147.295,12866.12,1983.601,5278.38,12911.91,1997.489,5366.353,12731.19,2041.628,5075.505
12941.61,2049.329,5277.971,12702.39,1972.416,5147.357,12866.24,1983.601,5278.209,12911.98,1997.489,5366.156,12731.37,2041.628,5075.602
12941.7,2049.329,5277.786,12702.58,1972.416,5147.425,12866.36,1983.601,5278.035,12912.05,1997.489,5365.961,12731.56,2041.628,5075.693
12941.8,2049.329,5277.603,12702.78,1972.416,5147.487,12866.47,1983.601,5277.858,12912.12,1997.489,5365.763,12731.75,2041.628,5075.777
12941.9,2049.329,5277.422,12702.98,1972.416,5147.553,12866.57,1983.601,5277.679,12912.19,1997.489,5365.566,12731.94,2041.628,5075.855
12942.01,2049.329,5277.244,12703.18,1972.416,5147.613,12866.67,1983.601,5277.497,12912.26,1997.489,5365.372,12732.14,2041.628,5075.927
12942.13,2049.329,5277.068,12703.38,1972.416,5147.667,12866.77,1983.601,5277.312,12912.34,1997.489,5365.18,12732.34,2041.628,5075.993
12942.24,2049.329,5276.896,12703.58,1972.416,5147.713,12866.86,1983.601,5277.124,12912.43,1997.489,5364.991,12732.52,2041.628,5076.087
12942.35,2049.329,5276.719,12703.79,1972.416,5147.767,12866.94,1983.601,5276.934,12912.52,1997.489,5364.805,12732.71,2041.628,5076.176
12942.46,2049.329,5276.539,12703.98,1972.416,5147.827,12867.02,1983.601,5276.74,12912.62,1997.489,5364.622,12732.9,2041.628,5076.269
12942.55,2049.329,5276.355,12704.18,1972.416,5147.893,12867.09,1983.601,5276.544,12912.73,1997.489,5364.442,12733.09,2041.628,5076.355
12942.65,2049.329,5276.168,12704.38,1972.416,5147.953,12867.17,1983.601,5276.352,12912.83,1997.489,5364.259,12733.28,2041.628,5076.444
12942.73,2049.329,5275.979,12704.58,1972.416,5147.995,12867.26,1983.601,5276.161,12912.92,1997.489,5364.073,12733.47,2041.628,5076.527
12942.81,2049.329,5275.787,12704.79,1972.416,5148.044,12867.33,1983.601,5275.965,12913.01,1997.489,5363.884,12733.66,2041.628,5076.603
12942.9,2049.329,5275.599,12704.99,1972.416,5148.1,12867.41,1983.601,5275.772,12913.09,1997.489,5363.692,12733.85,2041.628,5076.695
12942.99,2049.329,5275.409,12705.19,1972.416,5148.161,12867.47,1983.601,5275.575,12913.17,1997.489,5363.498,12734.04,2041.628,5076.78
12943.07,2049.329,5275.216,12705.39,1972.416,5148.216,12867.52,1983.601,5275.373,12913.23,1997.489,5363.301,12734.22,2041.628,5076.877
12943.14,2049.329,5275.021,12705.59,1972.416,5148.278,12867.58,1983.601,5275.172,12913.32,1997.489,5363.11,12734.41,2041.628,5076.969
12943.21,2049.329,5274.823,12705.79,1972.416,5148.346,12867.64,1983.601,5274.972,12913.39,1997.489,5362.917,12734.6,2041.628,5077.054
12943.27,2049.329,5274.623,12705.98,1972.416,5148.428,12867.7,1983.601,5274.774,12913.46,1997.489,5362.721,12734.79,2041.628,5077.132
12943.32,2049.329,5274.421,12706.17,1972.416,5148.508,12867.74,1983.601,5274.569,12913.54,1997.489,5362.526,12734.98,2041.628,5077.217
12943.37,2049.329,5274.218,12706.36,1972.416,5148.582,12867.79,1983.601,5274.366,12913.6,1997.489,5362.329,12735.18,2041.628,5077.296
12943.41,2049.329,5273.965,12706.61,1972.416,5148.667,12867.83,1983.601,5274.111,12913.68,1997.489,5362.082,12735.41,2041.628,5077.417
12943.5,2049.329,5273.652,12706.9,1972.416,5148.806,12867.88,1983.601,5273.793,12913.76,1997.489,5361.77,12735.7,2041.628,5077.558
12943.58,2049.329,5273.27,12707.26,1972.416,5148.961,12867.96,1983.601,5273.41,12913.86,1997.489,5361.391,12736.05,2041.628,5077.718
12943.68,2049.329,5272.722,12707.78,1972.416,5149.166,12868.1,1983.601,5272.869,12913.98,1997.489,5360.847,12736.57,2041.628,5077.929
12943.74,2049.329,5272.339,12708.14,1972.416,5149.296,12868.14,1983.601,5272.484,12914.06,1997.489,5360.467,12736.92,2041.628,5078.08
12943.84,2049.329,5271.536,12708.91,1972.416,5149.551,12868.24,1983.601,5271.681,12914.18,1997.489,5359.667,12737.65,2041.628,5078.441
12943.88,2049.329,5271.112,12709.33,1972.416,5149.637,12868.26,1983.601,5271.257,12914.25,1997.489,5359.248,12738.02,2041.628,5078.65
12943.9,2049.329,5270.712,12709.72,1972.416,5149.73,12868.29,1983.601,5270.857,12914.34,1997.489,5358.858,12738.38,2041.628,5078.835
12943.89,2049.329,5269.598,12710.79,1972.416,5150.026,12868.42,1983.601,5269.75,12914.57,1997.489,5357.767,12739.38,2041.628,5079.318
12943.9,2049.329,5268.963,12711.4,1972.416,5150.215,12868.51,1983.601,5269.122,12914.68,1997.489,5357.141,12739.96,2041.628,5079.575
12943.94,2049.329,5268.141,12712.18,1972.416,5150.479,12868.6,1983.601,5268.304,12914.79,1997.489,5356.326,12740.72,2041.628,5079.882
12944.03,2049.329,5266.923,12713.32,1972.416,5150.908,12868.71,1983.601,5267.087,12914.92,1997.489,5355.111,12741.81,2041.628,5080.434
12944.06,2049.329,5266.618,12713.61,1972.416,5151.007,12868.73,1983.601,5266.781,12914.94,1997.489,5354.804,12742.09,2041.628,5080.564
12944.24,2049.329,5265.14,12715.01,1972.416,5151.53,12868.79,1983.601,5265.292,12914.99,1997.489,5353.315,12743.46,2041.628,5081.148
12944.31,2049.329,5264.39,12715.72,1972.416,5151.771,12868.79,1983.601,5264.54,12915.03,1997.489,5352.564,12744.16,2041.628,5081.444
12944.37,2049.329,5263.34,12716.7,1972.416,5152.141,12868.83,1983.601,5263.489,12915.25,1997.489,5351.537,12745.13,2041.628,5081.825
12944.33,2049.329,5262.25,12717.71,1972.416,5152.553,12868.9,1983.601,5262.4,12915.45,1997.489,5350.463,12746.16,2041.628,5082.188
12944.33,2049.329,5261.105,12718.79,1972.416,5152.95,12868.84,1983.601,5261.258,12915.64,1997.489,5349.334,12747.23,2041.628,5082.603
12944.37,2049.329,5259.654,12720.16,1972.416,5153.408,12868.8,1983.601,5259.807,12915.84,1997.489,5347.896,12748.55,2041.628,5083.202
12944.33,2049.329,5259.173,12720.62,1972.416,5153.575,12868.81,1983.601,5259.324,12915.89,1997.489,5347.417,12749,2041.628,5083.387
12944.24,2049.329,5257.266,12722.49,1972.416,5153.969,12868.61,1983.601,5257.425,12916.02,1997.489,5345.511,12750.78,2041.628,5084.075
12944.13,2049.329,5256.236,12723.5,1972.416,5154.178,12868.53,1983.601,5256.393,12916.13,1997.489,5344.482,12751.75,2041.628,5084.416
12943.92,2049.329,5254.096,12725.59,1972.416,5154.681,12868.45,1983.601,5254.244,12916.27,1997.489,5342.336,12753.81,2041.628,5085.058
12943.87,2049.329,5253.353,12726.31,1972.416,5154.879,12868.45,1983.601,5253.498,12916.3,1997.489,5341.591,12754.53,2041.628,5085.257
12943.84,2049.329,5252.464,12727.17,1972.416,5155.087,12868.42,1983.601,5252.61,12916.3,1997.489,5340.702,12755.37,2041.628,5085.522
12943.84,2049.329,5250.262,12729.35,1972.416,5155.396,12868.43,1983.601,5250.408,12916.24,1997.489,5338.5,12757.5,2041.628,5086.111
12943.8,2049.329,5249.301,12730.3,1972.416,5155.562,12868.47,1983.601,5249.446,12916.08,1997.489,5337.552,12758.43,2041.628,5086.337
12943.79,2049.329,5247.925,12731.65,1972.416,5155.843,12868.48,1983.601,5248.071,12915.89,1997.489,5336.188,12759.73,2041.628,5086.783
12943.81,2049.329,5246.431,12733.13,1972.416,5156.056,12868.46,1983.601,5246.577,12915.71,1997.489,5334.704,12761.16,2041.628,5087.221
12943.88,2049.329,5244.915,12734.62,1972.416,5156.322,12868.41,1983.601,5245.061,12915.56,1997.489,5333.194,12762.63,2041.628,5087.618
12944.03,2049.329,5243.379,12736.13,1972.416,5156.642,12868.13,1983.601,5243.541,12915.44,1997.489,5331.655,12764.13,2041.628,5087.972
12944.13,2049.329,5241.813,12737.68,1972.416,5156.916,12867.91,1983.601,5241.987,12915.37,1997.489,5330.086,12765.66,2041.628,5088.312
12944.2,2049.329,5239.854,12739.62,1972.416,5157.166,12867.69,1983.601,5240.04,12915.35,1997.489,5328.126,12767.56,2041.628,5088.793
12944.23,2049.329,5237.817,12741.63,1972.416,5157.492,12867.53,1983.601,5238.01,12915.26,1997.489,5326.092,12769.53,2041.628,5089.317
12944.22,2049.329,5237.408,12742.03,1972.416,5157.57,12867.51,1983.601,5237.601,12915.19,1997.489,5325.688,12769.93,2041.628,5089.423
12944.1,2049.329,5234.87,12744.55,1972.416,5157.929,12867.3,1983.601,5235.068,12914.86,1997.489,5323.169,12772.37,2041.628,5090.119
12944,2049.329,5233.624,12745.78,1972.416,5158.146,12867.22,1983.601,5233.819,12914.74,1997.489,5321.924,12773.58,2041.628,5090.422
12943.87,2049.329,5231.923,12747.45,1972.416,5158.497,12867.06,1983.601,5232.122,12914.63,1997.489,5320.222,12775.21,2041.628,5090.928
12943.9,2049.329,5230.199,12749.16,1972.416,5158.751,12866.8,1983.601,5230.417,12914.46,1997.489,5318.506,12776.84,2041.628,5091.5
12943.91,2049.329,5228.483,12750.84,1972.416,5159.059,12866.6,1983.601,5228.713,12914.13,1997.489,5316.822,12778.47,2041.628,5092.016
12943.85,2049.329,5226.599,12752.69,1972.416,5159.458,12866.45,1983.601,5226.834,12913.83,1997.489,5314.961,12780.29,2041.628,5092.524
12943.77,2049.329,5225.189,12754.06,1972.416,5159.802,12866.37,1983.601,5225.424,12913.6,1997.489,5313.567,12781.61,2041.628,5093.036
12943.66,2049.329,5222.916,12756.25,1972.416,5160.429,12866.18,1983.601,5223.156,12913.31,1997.489,5311.31,12783.75,2041.628,5093.79
12943.51,2049.329,5221.103,12757.98,1972.416,5160.97,12866.03,1983.601,5221.343,12913.06,1997.489,5309.508,12785.48,2041.628,5094.351
12943.41,2049.329,5219.806,12759.21,1972.416,5161.387,12866.05,1983.601,5220.042,12912.75,1997.489,5308.243,12786.73,2041.628,5094.724
12943.5,2049.329,5217.644,12761.25,1972.416,5162.127,12866.01,1983.601,5217.878,12912.32,1997.489,5306.123,12788.82,2041.628,5095.294
12943.5,2049.329,5215.992,12762.81,1972.416,5162.627,12865.93,1983.601,5216.229,12912.04,1997.489,5304.495,12790.44,2041.628,5095.594
12943.43,2049.329,5213.149,12765.51,1972.416,5163.518,12865.69,1983.601,5213.395,12911.53,1997.489,5301.696,12793.22,2041.628,5096.202
12943.31,2049.329,5211.255,12767.31,1972.416,5164.099,12865.47,1983.601,5211.51,12911.26,1997.489,5299.819,12795.06,2041.628,5096.668
12943.27,2049.329,5210.4,12768.13,1972.416,5164.362,12865.34,1983.601,5210.664,12911.16,1997.489,5298.969,12795.88,2041.628,5096.906
12943.06,2049.329,5207.718,12770.7,1972.416,5165.15,12864.85,1983.601,5208.017,12910.61,1997.489,5296.335,12798.47,2041.628,5097.643
12942.98,2049.329,5206.99,12771.41,1972.416,5165.341,12864.74,1983.601,5207.292,12910.43,1997.489,5295.625,12799.18,2041.628,5097.82
12942.6,2049.329,5204.345,12774.01,1972.416,5165.955,12864.43,1983.601,5204.64,12909.65,1997.489,5293.068,12801.83,2041.628,5098.17
12942.27,2049.329,5202.445,12775.9,1972.416,5166.347,12864.27,1983.601,5202.718,12909.16,1997.489,5291.206,12803.74,2041.628,5098.43
12941.98,2049.329,5200.376,12777.95,1972.416,5166.714,12864.17,1983.601,5200.631,12908.68,1997.489,5289.171,12805.83,2041.628,5098.494
12941.66,2049.329,5198.351,12779.98,1972.416,5167.018,12864.13,1983.601,5198.58,12908.27,1997.489,5287.162,12807.88,2041.628,5098.624
12941.38,2049.329,5196.752,12781.59,1972.416,5167.214,12864.15,1983.601,5196.957,12907.99,1997.489,5285.563,12809.49,2041.628,5098.78
12941.04,2049.329,5194.959,12783.41,1972.416,5167.382,12864.24,1983.601,5195.132,12907.73,1997.489,5283.755,12811.31,2041.628,5098.932
12940.58,2049.329,5192.73,12785.68,1972.416,5167.527,12864.42,1983.601,5192.864,12907.47,1997.489,5281.495,12813.53,2041.628,5099.416
12940.39,2049.329,5191.611,12786.81,1972.416,5167.567,12864.54,1983.601,5191.735,12907.37,1997.489,5280.363,12814.64,2041.628,5099.683
12940.17,2049.329,5189.99,12788.45,1972.416,5167.578,12864.78,1983.601,5190.117,12907.28,1997.489,5278.729,12816.22,2041.628,5100.1
12940.01,2049.329,5188.413,12790.04,1972.416,5167.541,12865.06,1983.601,5188.556,12907.25,1997.489,5277.144,12817.74,2041.628,5100.533
12939.92,2049.329,5187.352,12791.1,1972.416,5167.485,12865.23,1983.601,5187.505,12907.25,1997.489,5276.079,12818.76,2041.628,5100.839
12939.81,2049.329,5185.218,12793.23,1972.416,5167.4,12865.55,1983.601,5185.393,12907.34,1997.489,5273.944,12820.82,2041.628,5101.404
12939.77,2049.329,5183.875,12794.58,1972.416,5167.364,12865.73,1983.601,5184.062,12907.43,1997.489,5272.604,12822.13,2041.628,5101.729
12939.76,2049.329,5182.754,12795.7,1972.416,5167.35,12865.87,1983.601,5182.949,12907.54,1997.489,5271.488,12823.22,2041.628,5101.975
12939.8,2049.329,5180.761,12797.69,1972.416,5167.354,12866.08,1983.601,5180.968,12907.81,1997.489,5269.512,12825.18,2041.628,5102.366
12939.84,2049.329,5179.877,12798.57,1972.416,5167.37,12866.16,1983.601,5180.087,12907.95,1997.489,5268.639,12826.05,2041.628,5102.52
12939.92,2049.329,5178.609,12799.84,1972.416,5167.413,12866.27,1983.601,5178.821,12908.2,1997.489,5267.392,12827.3,2041.628,5102.712
12940.04,2049.329,5177.38,12801.08,1972.416,5167.476,12866.36,1983.601,5177.59,12908.48,1997.489,5266.189,12828.53,2041.628,5102.87
12940.17,2049.329,5176.194,12802.27,1972.416,5167.559,12866.43,1983.601,5176.398,12908.79,1997.489,5265.035,12829.71,2041.628,5102.996
12940.34,2049.329,5175.043,12803.43,1972.416,5167.661,12866.48,1983.601,5175.237,12909.12,1997.489,5263.921,12830.87,2041.628,5103.092
12940.52,2049.329,5173.94,12804.54,1972.416,5167.78,12866.54,1983.601,5174.121,12909.48,1997.489,5262.861,12831.99,2041.628,5103.158
12940.73,2049.329,5172.871,12805.62,1972.416,5167.918,12866.6,1983.601,5173.034,12909.86,1997.489,5261.841,12833.08,2041.628,5103.197
12940.95,2049.329,5171.841,12806.66,1972.416,5168.074,12866.66,1983.601,5171.982,12910.26,1997.489,5260.865,12834.13,2041.628,5103.209
12941.28,2049.329,5170.466,12808.05,1972.416,5168.313,12866.75,1983.601,5170.571,12910.84,1997.489,5259.574,12835.54,2041.628,5103.192
12941.45,2049.329,5169.836,12808.69,1972.416,5168.438,12866.8,1983.601,5169.92,12911.08,1997.489,5258.969,12836.2,2041.628,5103.168
12941.71,2049.329,5168.958,12809.59,1972.416,5168.632,12866.89,1983.601,5169.01,12911.4,1997.489,5258.111,12837.11,2041.628,5103.114
12942.06,2049.329,5167.87,12810.7,1972.416,5168.902,12867.01,1983.601,5167.874,12911.81,1997.489,5257.043,12838.25,2041.628,5103.02
12942.18,2049.329,5167.524,12811.05,1972.416,5168.997,12867.06,1983.601,5167.511,12911.93,1997.489,5256.697,12838.61,2041.628,5102.98
12942.65,2049.329,5166.267,12812.34,1972.416,5169.377,12867.25,1983.601,5166.182,12912.33,1997.489,5255.413,12839.95,2041.628,5102.807
12942.87,2049.329,5165.621,12812.99,1972.416,5169.585,12867.37,1983.601,5165.511,12912.51,1997.489,5254.756,12840.62,2041.628,5102.703
12943.11,2049.329,5164.836,12813.76,1972.416,5169.859,12867.54,1983.601,5164.708,12912.7,1997.489,5253.958,12841.42,2041.628,5102.558
12943.32,2049.329,5164.055,12814.51,1972.416,5170.151,12867.72,1983.601,5163.922,12912.8,1997.489,5253.156,12842.22,2041.628,5102.395
12943.51,2049.329,5163.223,12815.3,1972.416,5170.483,12867.95,1983.601,5163.099,12912.93,1997.489,5252.313,12843.05,2041.628,5102.203
12943.64,2049.329,5162.539,12815.94,1972.416,5170.773,12868.16,1983.601,5162.432,12913.01,1997.489,5251.62,12843.72,2041.628,5102.03
12943.89,2049.329,5161.028,12817.31,1972.416,5171.453,12868.65,1983.601,5160.983,12913.23,1997.489,5250.105,12845.2,2041.628,5101.613
12944.08,2049.329,5160.065,12818.17,1972.416,5171.916,12868.98,1983.601,5160.061,12913.34,1997.489,5249.13,12846.13,2041.628,5101.324
12944.15,2049.329,5159.729,12818.47,1972.416,5172.087,12869.1,1983.601,5159.739,12913.37,1997.489,5248.787,12846.46,2041.628,5101.214
12944.47,2049.329,5158.397,12819.64,1972.416,5172.808,12869.6,1983.601,5158.465,12913.53,1997.489,5247.427,12847.75,2041.628,5100.748
12944.75,2049.329,5157.325,12820.56,1972.416,5173.42,12870.02,1983.601,5157.439,12913.7,1997.489,5246.331,12848.78,2041.628,5100.345
12945.07,2049.329,5156.226,12821.5,1972.416,5174.083,12870.47,1983.601,5156.386,12913.84,1997.489,5245.193,12849.84,2041.628,5099.903
12945.43,2049.329,5155.095,12822.44,1972.416,5174.799,12870.93,1983.601,5155.293,12914.02,1997.489,5244.021,12850.92,2041.628,5099.421
12945.83,2049.329,5153.939,12823.39,1972.416,5175.568,12871.4,1983.601,5154.163,12914.24,1997.489,5242.818,12852.03,2041.628,5098.897
12946.27,2049.329,5152.762,12824.34,1972.416,5176.389,12871.87,1983.601,5152.999,12914.51,1997.489,5241.591,12853.15,2041.628,5098.333
12946.75,2049.329,5151.563,12825.29,1972.416,5177.263,12872.35,1983.601,5151.799,12914.83,1997.489,5240.341,12854.29,2041.628,5097.728
12947.27,2049.329,5150.343,12826.24,1972.416,5178.192,12872.83,1983.601,5150.562,12915.2,1997.489,5239.066,12855.45,2041.628,5097.079
12947.83,2049.329,5149.109,12827.18,1972.416,5179.172,12873.3,1983.601,5149.292,12915.62,1997.489,5237.775,12856.61,2041.628,5096.388
12948.44,2049.329,5147.86,12828.11,1972.416,5180.206,12873.78,1983.601,5147.989,12916.09,1997.489,5236.469,12857.79,2041.628,5095.656
12949.34,2049.329,5146.114,12829.37,1972.416,5181.708,12874.43,1983.601,5146.139,12916.81,1997.489,5234.643,12859.44,2041.628,5094.583
12949.57,2049.329,5145.689,12829.67,1972.416,5182.088,12874.59,1983.601,5145.682,12917,1997.489,5234.2,12859.83,2041.628,5094.311
12950.7,2049.329,5143.712,12831.02,1972.416,5183.924,12875.3,1983.601,5143.516,12917.98,1997.489,5232.138,12861.69,2041.628,5092.983
12951.29,2049.329,5142.761,12831.65,1972.416,5184.845,12875.66,1983.601,5142.458,12918.49,1997.489,5231.144,12862.58,2041.628,5092.314
12952.13,2049.329,5141.497,12832.47,1972.416,5186.122,12876.15,1983.601,5141.022,12919.22,1997.489,5229.816,12863.78,2041.628,5091.379
12953.1,2049.329,5140.37,12833.24,1972.416,5187.4,12876.64,1983.601,5139.617,12919.99,1997.489,5228.538,12864.93,2041.628,5090.439
12954.01,2049.329,5139.249,12833.94,1972.416,5188.66,12877.11,1983.601,5138.257,12920.77,1997.489,5227.325,12866.03,2041.628,5089.506
12955,2049.329,5138.06,12834.64,1972.416,5190.035,12877.66,1983.601,5136.812,12921.64,1997.489,5226.05,12867.19,2041.628,5088.482
12955.93,2049.329,5137.084,12835.22,1972.416,5191.258,12878.17,1983.601,5135.557,12922.44,1997.489,5224.958,12868.18,2041.628,5087.566
12956.75,2049.329,5136.175,12835.71,1972.416,5192.38,12878.66,1983.601,5134.434,12923.2,1997.489,5223.995,12869.07,2041.628,5086.72
12957.63,2049.329,5135.14,12836.22,1972.416,5193.639,12879.22,1983.601,5133.203,12924.07,1997.489,5222.955,12870.03,2041.628,5085.766
12958.34,2049.329,5134.329,12836.58,1972.416,5194.65,12879.69,1983.601,5132.235,12924.78,1997.489,5222.151,12870.78,2041.628,5084.994
12959.14,2049.329,5133.445,12836.96,1972.416,5195.786,12880.24,1983.601,5131.173,12925.61,1997.489,5221.285,12871.6,2041.628,5084.121
12959.89,2049.329,5132.567,12837.28,1972.416,5196.892,12880.79,1983.601,5130.159,12926.42,1997.489,5220.474,12872.37,2041.628,5083.266
12960.87,2049.329,5131.332,12837.68,1972.416,5198.421,12881.56,1983.601,5128.784,12927.58,1997.489,5219.397,12873.41,2041.628,5082.074
12961.58,2049.329,5130.667,12837.89,1972.416,5199.372,12882.06,1983.601,5127.945,12928.32,1997.489,5218.756,12874.03,2041.628,5081.328
12961.83,2049.329,5130.423,12837.96,1972.416,5199.71,12882.24,1983.601,5127.651,12928.58,1997.489,5218.538,12874.25,2041.628,5081.061
12962.9,2049.329,5129.281,12838.21,1972.416,5201.257,12883.08,1983.601,5126.333,12929.82,1997.489,5217.582,12875.22,2041.628,5079.828
12963.48,2049.329,5128.735,12838.31,1972.416,5202.047,12883.53,1983.601,5125.67,12930.47,1997.489,5217.116,12875.7,2041.628,5079.193
12964.2,2049.329,5128.108,12838.4,1972.416,5203,12884.07,1983.601,5124.882,12931.26,1997.489,5216.58,12876.26,2041.628,5078.42
12964.93,2049.329,5127.514,12838.46,1972.416,5203.938,12884.61,1983.601,5124.116,12932.06,1997.489,5216.077,12876.8,2041.628,5077.652
12965.82,2049.329,5126.747,12838.49,1972.416,5205.107,12885.31,1983.601,5123.175,12933.06,1997.489,5215.481,12877.46,2041.628,5076.686
12966.25,2049.329,5126.348,12838.49,1972.416,5205.693,12885.66,1983.601,5122.708,12933.58,1997.489,5215.198,12877.78,2041.628,5076.197
12966.84,2049.329,5125.755,12838.47,1972.416,5206.535,12886.18,1983.601,5122.044,12934.33,1997.489,5214.813,12878.23,2041.628,5075.486
12967.66,2049.329,5124.941,12838.39,1972.416,5207.687,12886.9,1983.601,5121.146,12935.37,1997.489,5214.317,12878.84,2041.628,5074.503
12968.16,2049.329,5124.438,12838.33,1972.416,5208.395,12887.36,1983.601,5120.599,12936,1997.489,5214,12879.2,2041.628,5073.891
12968.34,2049.329,5124.256,12838.31,1972.416,5208.646,12887.52,1983.601,5120.408,12936.23,1997.489,5213.883,12879.33,2041.628,5073.672
12969.03,2049.329,5123.545,12838.28,1972.416,5209.635,12888.18,1983.601,5119.669,12937.1,1997.489,5213.413,12879.8,2041.628,5072.806
12969.72,2049.329,5122.824,12838.28,1972.416,5210.639,12888.86,1983.601,5118.931,12937.98,1997.489,5212.928,12880.27,2041.628,5071.92
12969.88,2049.329,5122.655,12838.29,1972.416,5210.871,12889.02,1983.601,5118.764,12938.18,1997.489,5212.813,12880.38,2041.628,5071.714
12970.6,2049.329,5121.897,12838.36,1972.416,5211.913,12889.75,1983.601,5118.021,12939.08,1997.489,5212.291,12880.84,2041.628,5070.778
12970.93,2049.329,5121.545,12838.41,1972.416,5212.396,12890.1,1983.601,5117.684,12939.5,1997.489,5212.048,12881.05,2041.628,5070.341
12971.55,2049.329,5120.897,12838.53,1972.416,5213.285,12890.76,1983.601,5117.07,12940.28,1997.489,5211.602,12881.43,2041.628,5069.526
12972.07,2049.329,5120.368,12838.65,1972.416,5214.011,12891.3,1983.601,5116.577,12940.92,1997.489,5211.239,12881.72,2041.628,5068.853
12972.37,2049.329,5120.055,12838.74,1972.416,5214.437,12891.63,1983.601,5116.292,12941.3,1997.489,5211.026,12881.89,2041.628,5068.452
12972.51,2049.329,5119.905,12838.79,1972.416,5214.64,12891.79,1983.601,5116.159,12941.48,1997.489,5210.924,12881.97,2041.628,5068.259
12973.21,2049.329,5119.183,12839.05,1972.416,5215.607,12892.57,1983.601,5115.532,12942.36,1997.489,5210.438,12882.34,2041.628,5067.327
12973.57,2049.329,5118.802,12839.2,1972.416,5216.112,12892.99,1983.601,5115.21,12942.81,1997.489,5210.169,12882.53,2041.628,5066.833
12974.09,2049.329,5118.259,12839.45,1972.416,5216.825,12893.6,1983.601,5114.762,12943.45,1997.489,5209.766,12882.78,2041.628,5066.125
12974.65,2049.329,5117.682,12839.73,1972.416,5217.575,12894.25,1983.601,5114.299,12944.11,1997.489,5209.317,12883.04,2041.628,5065.367
12975.24,2049.329,5117.072,12840.06,1972.416,5218.36,12894.96,1983.601,5113.822,12944.8,1997.489,5208.821,12883.31,2041.628,5064.56
12975.84,2049.329,5116.456,12840.42,1972.416,5219.144,12895.68,1983.601,5113.354,12945.48,1997.489,5208.296,12883.57,2041.628,5063.738
12976.43,2049.329,5115.859,12840.79,1972.416,5219.895,12896.39,1983.601,5112.913,12946.13,1997.489,5207.764,12883.81,2041.628,5062.937
12977,2049.329,5115.282,12841.17,1972.416,5220.611,12897.09,1983.601,5112.5,12946.74,1997.489,5207.229,12884.03,2041.628,5062.156
12977.56,2049.329,5114.724,12841.56,1972.416,5221.293,12897.78,1983.601,5112.115,12947.32,1997.489,5206.691,12884.24,2041.628,5061.396
12978.09,2049.329,5114.188,12841.97,1972.416,5221.939,12898.45,1983.601,5111.757,12947.86,1997.489,5206.154,12884.43,2041.628,5060.66
12978.5,2049.329,5113.768,12842.29,1972.416,5222.424,12898.97,1983.601,5111.494,12948.26,1997.489,5205.73,12884.57,2041.628,5060.094
12979.26,2049.329,5112.945,12842.94,1972.416,5223.339,12899.98,1983.601,5111.009,12949,1997.489,5204.89,12884.82,2041.628,5058.999
12979.47,2049.329,5112.713,12843.13,1972.416,5223.586,12900.26,1983.601,5110.881,12949.2,1997.489,5204.65,12884.88,2041.628,5058.694
12980.43,2049.329,5111.612,12844.05,1972.416,5224.717,12901.61,1983.601,5110.311,12950.1,1997.489,5203.503,12885.17,2041.628,5057.265
12980.74,2049.329,5111.243,12844.37,1972.416,5225.082,12902.05,1983.601,5110.132,12950.39,1997.489,5203.114,12885.26,2041.628,5056.791
12981.43,2049.329,5110.391,12845.11,1972.416,5225.889,12903.08,1983.601,5109.748,12951.01,1997.489,5202.21,12885.44,2041.628,5055.707
12982.05,2049.329,5109.608,12845.82,1972.416,5226.601,12904.03,1983.601,5109.42,12951.56,1997.489,5201.374,12885.6,2041.628,5054.719
12982.49,2049.329,5109.051,12846.33,1972.416,5227.087,12904.7,1983.601,5109.205,12951.93,1997.489,5200.773,12885.7,2041.628,5054.021
12983.36,2049.329,5107.898,12847.41,1972.416,5228.051,12906.09,1983.601,5108.795,12952.66,1997.489,5199.523,12885.89,2041.628,5052.587
12983.77,2049.329,5107.335,12847.95,1972.416,5228.5,12906.76,1983.601,5108.612,12953,1997.489,5198.911,12885.97,2041.628,5051.893
12984.85,2049.329,5105.851,12849.39,1972.416,5229.631,12908.54,1983.601,5108.176,12953.86,1997.489,5197.292,12886.15,2041.628,5050.07
12984.98,2049.329,5105.665,12849.57,1972.416,5229.765,12908.76,1983.601,5108.127,12953.96,1997.489,5197.089,12886.17,2041.628,5049.844
12985.65,2049.329,5104.668,12850.56,1972.416,5230.446,12909.95,1983.601,5107.896,12954.48,1997.489,5196.004,12886.26,2041.628,5048.642
12985.97,2049.329,5104.193,12851.04,1972.416,5230.753,12910.51,1983.601,5107.782,12954.75,1997.489,5195.5,12886.29,2041.628,5048.073
12986.4,2049.329,5103.531,12851.72,1972.416,5231.158,12911.28,1983.601,5107.617,12955.14,1997.489,5194.813,12886.33,2041.628,5047.285
12986.85,2049.329,5102.864,12852.43,1972.416,5231.549,12912.07,1983.601,5107.443,12955.56,1997.489,5194.123,12886.35,2041.628,5046.478
12987.31,2049.329,5102.225,12853.13,1972.416,5231.907,12912.83,1983.601,5107.268,12955.99,1997.489,5193.466,12886.37,2041.628,5045.693
12987.77,2049.329,5101.614,12853.82,1972.416,5232.233,12913.57,1983.601,5107.092,12956.43,1997.489,5192.843,12886.37,2041.628,5044.931
12988.22,2049.329,5101.032,12854.5,1972.416,5232.528,12914.29,1983.601,5106.917,12956.87,1997.489,5192.253,12886.36,2041.628,5044.193
12988.72,2049.329,5100.419,12855.23,1972.416,5232.821,12915.06,1983.601,5106.724,12957.37,1997.489,5191.636,12886.34,2041.628,5043.402
12989.17,2049.329,5099.892,12855.88,1972.416,5233.057,12915.73,1983.601,5106.55,12957.82,1997.489,5191.111,12886.31,2041.628,5042.711
12989.78,2049.329,5099.199,12856.76,1972.416,5233.344,12916.62,1983.601,5106.311,12958.44,1997.489,5190.429,12886.26,2041.628,5041.788
12990.37,2049.329,5098.563,12857.59,1972.416,5233.587,12917.45,1983.601,5106.081,12959.05,1997.489,5189.811,12886.21,2041.628,5040.925
12990.62,2049.329,5098.293,12857.95,1972.416,5233.68,12917.81,1983.601,5105.979,12959.32,1997.489,5189.552,12886.18,2041.628,5040.553
12990.79,2049.329,5098.13,12858.18,1972.416,5233.73,12918.03,1983.601,5105.915,12959.49,1997.489,5189.398,12886.15,2041.628,5040.323
12991.41,2049.329,5097.525,12859.03,1972.416,5233.895,12918.87,1983.601,5105.666,12960.15,1997.489,5188.838,12886.06,2041.628,5039.458
12991.69,2049.329,5097.267,12859.41,1972.416,5233.954,12919.23,1983.601,5105.555,12960.45,1997.489,5188.604,12886.02,2041.628,5039.083
12992.22,2049.329,5096.787,12860.12,1972.416,5234.045,12919.91,1983.601,5105.339,12961.03,1997.489,5188.178,12885.92,2041.628,5038.371
12992.58,2049.329,5096.474,12860.59,1972.416,5234.09,12920.37,1983.601,5105.192,12961.42,1997.489,5187.907,12885.85,2041.628,5037.898
12992.84,2049.329,5096.256,12860.93,1972.416,5234.112,12920.69,1983.601,5105.085,12961.71,1997.489,5187.724,12885.8,2041.628,5037.563
12993.3,2049.329,5095.882,12861.53,1972.416,5234.132,12921.25,1983.601,5104.894,12962.22,1997.489,5187.42,12885.7,2041.628,5036.979
12993.69,2049.329,5095.581,12862.02,1972.416,5234.134,12921.71,1983.601,5104.733,12962.65,1997.489,5187.183,12885.61,2041.628,5036.498
12994.14,2049.329,5095.234,12862.59,1972.416,5234.118,12922.25,1983.601,5104.54,12963.16,1997.489,5186.922,12885.5,2041.628,5035.935
12994.5,2049.329,5094.971,12863.03,1972.416,5234.092,12922.67,1983.601,5104.387,12963.56,1997.489,5186.731,12885.41,2041.628,5035.499
12994.8,2049.329,5094.763,12863.39,1972.416,5234.06,12923.01,1983.601,5104.26,12963.89,1997.489,5186.589,12885.33,2041.628,5035.148
12995.15,2049.329,5094.517,12863.82,1972.416,5234.009,12923.41,1983.601,5104.105,12964.29,1997.489,5186.43,12885.23,2041.628,5034.727
12995.63,2049.329,5094.198,12864.39,1972.416,5233.924,12923.95,1983.601,5103.895,12964.83,1997.489,5186.236,12885.09,2041.628,5034.168
12995.81,2049.329,5094.085,12864.6,1972.416,5233.887,12924.14,1983.601,5103.817,12965.03,1997.489,5186.172,12885.04,2041.628,5033.967
12996.27,2049.329,5093.793,12865.13,1972.416,5233.773,12924.65,1983.601,5103.607,12965.56,1997.489,5186.02,12884.9,2041.628,5033.436
12996.58,2049.329,5093.608,12865.48,1972.416,5233.689,12924.98,1983.601,5103.468,12965.91,1997.489,5185.933,12884.8,2041.628,5033.091
12996.92,2049.329,5093.409,12865.86,1972.416,5233.587,12925.34,1983.601,5103.312,12966.29,1997.489,5185.849,12884.69,2041.628,5032.715
12997.1,2049.329,5093.305,12866.06,1972.416,5233.526,12925.53,1983.601,5103.224,12966.5,1997.489,5185.812,12884.64,2041.628,5032.514
12997.61,2049.329,5093.018,12866.62,1972.416,5233.341,12926.05,1983.601,5102.961,12967.08,1997.489,5185.723,12884.51,2041.628,5031.937
12997.86,2049.329,5092.883,12866.89,1972.416,5233.245,12926.3,1983.601,5102.828,12967.36,1997.489,5185.69,12884.46,2041.628,5031.659
12998.05,2049.329,5092.787,12867.08,1972.416,5233.168,12926.48,1983.601,5102.725,12967.57,1997.489,5185.672,12884.42,2041.628,5031.453
12998.52,2049.329,5092.545,12867.57,1972.416,5232.964,12926.94,1983.601,5102.451,12968.1,1997.489,5185.645,12884.36,2041.628,5030.926
12998.7,2049.329,5092.453,12867.76,1972.416,5232.879,12927.11,1983.601,5102.338,12968.31,1997.489,5185.64,12884.34,2041.628,5030.719
12999.1,2049.329,5092.263,12868.15,1972.416,5232.693,12927.47,1983.601,5102.092,12968.74,1997.489,5185.646,12884.32,2041.628,5030.284
12999.28,2049.329,5092.174,12868.34,1972.416,5232.6,12927.64,1983.601,5101.97,12968.95,1997.489,5185.655,12884.31,2041.628,5030.076
12999.54,2049.329,5092.058,12868.59,1972.416,5232.469,12927.86,1983.601,5101.801,12969.23,1997.489,5185.676,12884.31,2041.628,5029.797
12999.78,2049.329,5091.949,12868.82,1972.416,5232.337,12928.07,1983.601,5101.631,12969.5,1997.489,5185.706,12884.33,2041.628,5029.529
13000.02,2049.329,5091.845,12869.04,1972.416,5232.205,12928.27,1983.601,5101.461,12969.75,1997.489,5185.742,12884.34,2041.628,5029.269
13000.34,2049.329,5091.709,12869.34,1972.416,5232.025,12928.52,1983.601,5101.228,12970.1,1997.489,5185.802,12884.38,2041.628,5028.923
13000.53,2049.329,5091.629,12869.52,1972.416,5231.914,12928.67,1983.601,5101.083,12970.3,1997.489,5185.845,12884.41,2041.628,5028.717
13000.84,2049.329,5091.505,12869.8,1972.416,5231.736,12928.91,1983.601,5100.846,12970.62,1997.489,5185.923,12884.47,2041.628,5028.39
13001.03,2049.329,5091.429,12869.97,1972.416,5231.622,12929.05,1983.601,5100.693,12970.82,1997.489,5185.979,12884.51,2041.628,5028.186
13001.28,2049.329,5091.335,12870.19,1972.416,5231.477,12929.22,1983.601,5100.497,12971.07,1997.489,5186.056,12884.57,2041.628,5027.932
13001.48,2049.329,5091.261,12870.37,1972.416,5231.357,12929.36,1983.601,5100.332,12971.28,1997.489,5186.126,12884.63,2041.628,5027.725
13001.68,2049.329,5091.188,12870.54,1972.416,5231.237,12929.49,1983.601,5100.166,12971.47,1997.489,5186.202,12884.69,2041.628,5027.524
13001.87,2049.329,5091.119,12870.71,1972.416,5231.119,12929.61,1983.601,5099.998,12971.67,1997.489,5186.282,12884.76,2041.628,5027.327
13002.07,2049.329,5091.05,12870.88,1972.416,5230.999,12929.73,1983.601,5099.826,12971.85,1997.489,5186.369,12884.84,2041.628,5027.133
13002.27,2049.329,5090.983,12871.05,1972.416,5230.879,12929.84,1983.601,5099.652,12972.04,1997.489,5186.462,12884.92,2041.628,5026.941
13002.46,2049.329,5090.918,12871.22,1972.416,5230.759,12929.95,1983.601,5099.474,12972.22,1997.489,5186.561,12885.01,2041.628,5026.752
13002.66,2049.329,5090.854,12871.39,1972.416,5230.638,12930.06,1983.601,5099.293,12972.41,1997.489,5186.665,12885.1,2041.628,5026.566
13002.92,2049.329,5090.775,12871.61,1972.416,5230.486,12930.18,1983.601,5099.061,12972.63,1997.489,5186.805,12885.23,2041.628,5026.334
13003.2,2049.329,5090.687,12871.86,1972.416,5230.315,12930.32,1983.601,5098.791,12972.88,1997.489,5186.972,12885.38,2041.628,5026.074
13003.48,2049.329,5090.603,12872.1,1972.416,5230.151,12930.44,1983.601,5098.525,12973.12,1997.489,5187.143,12885.54,2041.628,5025.827
13003.76,2049.329,5090.522,12872.33,1972.416,5229.993,12930.55,1983.601,5098.264,12973.35,1997.489,5187.315,12885.7,2041.628,5025.59
13004.02,2049.329,5090.448,12872.56,1972.416,5229.843,12930.65,1983.601,5098.011,12973.56,1997.489,5187.487,12885.84,2041.628,5025.36
13004.29,2049.329,5090.371,12872.8,1972.416,5229.687,12930.75,1983.601,5097.741,12973.79,1997.489,5187.661,12885.99,2041.628,5025.111
13004.56,2049.329,5090.298,12873.03,1972.416,5229.539,12930.84,1983.601,5097.482,12974.01,1997.489,5187.82,12886.14,2041.628,5024.884
13004.76,2049.329,5090.245,12873.21,1972.416,5229.426,12930.91,1983.601,5097.284,12974.18,1997.489,5187.936,12886.25,2041.628,5024.707
13005.1,2049.329,5090.157,12873.5,1972.416,5229.24,12931,1983.601,5096.95,12974.48,1997.489,5188.119,12886.43,2041.628,5024.406
13005.3,2049.329,5090.106,12873.68,1972.416,5229.129,12931.06,1983.601,5096.749,12974.66,1997.489,5188.223,12886.53,2041.628,5024.224
13005.73,2049.329,5090,12874.06,1972.416,5228.897,12931.16,1983.601,5096.319,12975.05,1997.489,5188.432,12886.73,2041.628,5023.832
13005.93,2049.329,5089.951,12874.23,1972.416,5228.788,12931.21,1983.601,5096.115,12975.24,1997.489,5188.524,12886.84,2041.628,5023.654
13006.13,2049.329,5089.903,12874.41,1972.416,5228.678,12931.25,1983.601,5095.911,12975.43,1997.489,5188.61,12886.95,2041.628,5023.474
13006.34,2049.329,5089.857,12874.59,1972.416,5228.568,12931.28,1983.601,5095.705,12975.62,1997.489,5188.69,12887.04,2041.628,5023.29
13006.54,2049.329,5089.812,12874.76,1972.416,5228.458,12931.31,1983.601,5095.499,12975.81,1997.489,5188.764,12887.14,2041.628,5023.103
13006.74,2049.329,5089.761,12874.94,1972.416,5228.347,12931.35,1983.601,5095.294,12976.01,1997.489,5188.831,12887.23,2041.628,5022.916
13006.99,2049.329,5089.694,12875.16,1972.416,5228.212,12931.4,1983.601,5095.041,12976.26,1997.489,5188.907,12887.34,2041.628,5022.682
13007.19,2049.329,5089.636,12875.34,1972.416,5228.105,12931.45,1983.601,5094.838,12976.46,1997.489,5188.961,12887.42,2041.628,5022.49
13007.49,2049.329,5089.545,12875.61,1972.416,5227.947,12931.53,1983.601,5094.539,12976.76,1997.489,5189.032,12887.53,2041.628,5022.2
13007.69,2049.329,5089.48,12875.79,1972.416,5227.842,12931.59,1983.601,5094.34,12976.97,1997.489,5189.073,12887.61,2041.628,5022.007
13007.93,2049.329,5089.396,12876.01,1972.416,5227.715,12931.68,1983.601,5094.1,12977.22,1997.489,5189.116,12887.71,2041.628,5021.774
13008.13,2049.329,5089.325,12876.19,1972.416,5227.611,12931.75,1983.601,5093.905,12977.42,1997.489,5189.144,12887.81,2041.628,5021.586
13008.33,2049.329,5089.246,12876.38,1972.416,5227.502,12931.84,1983.601,5093.703,12977.64,1997.489,5189.166,12887.91,2041.628,5021.391
13008.52,2049.329,5089.168,12876.56,1972.416,5227.398,12931.93,1983.601,5093.514,12977.85,1997.489,5189.181,12887.98,2041.628,5021.197
13008.71,2049.329,5089.086,12876.74,1972.416,5227.292,12932.02,1983.601,5093.328,12978.06,1997.489,5189.188,12888.07,2041.628,5021.006
13008.91,2049.329,5089.001,12876.92,1972.416,5227.186,12932.12,1983.601,5093.145,12978.27,1997.489,5189.189,12888.16,2041.628,5020.817
13009.09,2049.329,5088.913,12877.1,1972.416,5227.078,12932.23,1983.601,5092.966,12978.47,1997.489,5189.184,12888.25,2041.628,5020.632
13009.28,2049.329,5088.822,12877.27,1972.416,5226.97,12932.34,1983.601,5092.79,12978.68,1997.489,5189.171,12888.35,2041.628,5020.45
13009.47,2049.329,5088.729,12877.45,1972.416,5226.862,12932.46,1983.601,5092.618,12978.89,1997.489,5189.151,12888.45,2041.628,5020.267
13009.65,2049.329,5088.635,12877.63,1972.416,5226.753,12932.58,1983.601,5092.45,12979.1,1997.489,5189.125,12888.56,2041.628,5020.088
13009.84,2049.329,5088.537,12877.81,1972.416,5226.642,12932.71,1983.601,5092.286,12979.3,1997.489,5189.093,12888.67,2041.628,5019.912
13010.02,2049.329,5088.436,12877.98,1972.416,5226.528,12932.84,1983.601,5092.126,12979.51,1997.489,5189.053,12888.79,2041.628,5019.74
13010.2,2049.329,5088.333,12878.15,1972.416,5226.413,12932.98,1983.601,5091.971,12979.71,1997.489,5189.007,12888.91,2041.628,5019.572
13010.38,2049.329,5088.228,12878.33,1972.416,5226.296,12933.13,1983.601,5091.82,12979.91,1997.489,5188.954,12889.04,2041.628,5019.408
13010.56,2049.329,5088.122,12878.5,1972.416,5226.179,12933.27,1983.601,5091.674,12980.11,1997.489,5188.895,12889.17,2041.628,5019.249
13010.74,2049.329,5088.014,12878.67,1972.416,5226.06,12933.43,1983.601,5091.533,12980.31,1997.489,5188.829,12889.31,2041.628,5019.093
13010.92,2049.329,5087.906,12878.84,1972.416,5225.94,12933.59,1983.601,5091.397,12980.5,1997.489,5188.756,12889.45,2041.628,5018.938
13011.09,2049.329,5087.798,12879.01,1972.416,5225.821,12933.75,1983.601,5091.266,12980.7,1997.489,5188.678,12889.59,2041.628,5018.788
13011.27,2049.329,5087.69,12879.18,1972.416,5225.701,12933.91,1983.601,5091.141,12980.89,1997.489,5188.593,12889.74,2041.628,5018.643
13011.45,2049.329,5087.584,12879.35,1972.416,5225.582,12934.08,1983.601,5091.021,12981.07,1997.489,5188.501,12889.89,2041.628,5018.5
13011.63,2049.329,5087.479,12879.52,1972.416,5225.462,12934.26,1983.601,5090.906,12981.26,1997.489,5188.404,12890.05,2041.628,5018.362
13011.81,2049.329,5087.376,12879.69,1972.416,5225.342,12934.44,1983.601,5090.797,12981.44,1997.489,5188.301,12890.21,2041.628,5018.23
13011.99,2049.329,5087.275,12879.86,1972.416,5225.223,12934.62,1983.601,5090.693,12981.62,1997.489,5188.192,12890.38,2041.628,5018.103
13012.17,2049.329,5087.174,12880.03,1972.416,5225.101,12934.8,1983.601,5090.596,12981.79,1997.489,5188.078,12890.55,2041.628,5017.981
13012.36,2049.329,5087.074,12880.2,1972.416,5224.977,12934.99,1983.601,5090.504,12981.96,1997.489,5187.957,12890.72,2041.628,5017.86
13012.54,2049.329,5086.975,12880.36,1972.416,5224.851,12935.17,1983.601,5090.407,12982.13,1997.489,5187.831,12890.88,2041.628,5017.73
13012.72,2049.329,5086.876,12880.53,1972.416,5224.724,12935.36,1983.601,5090.315,12982.29,1997.489,5187.7,12891.04,2041.628,5017.605
13012.91,2049.329,5086.778,12880.69,1972.416,5224.595,12935.54,1983.601,5090.221,12982.45,1997.489,5187.563,12891.22,2041.628,5017.485
13013.09,2049.329,5086.681,12880.86,1972.416,5224.466,12935.73,1983.601,5090.132,12982.6,1997.489,5187.422,12891.38,2041.628,5017.353
13013.28,2049.329,5086.585,12881.02,1972.416,5224.336,12935.92,1983.601,5090.049,12982.75,1997.489,5187.275,12891.54,2041.628,5017.226
13013.46,2049.329,5086.493,12881.18,1972.416,5224.208,12936.12,1983.601,5089.972,12982.89,1997.489,5187.124,12891.71,2041.628,5017.104
13013.65,2049.329,5086.404,12881.35,1972.416,5224.082,12936.31,1983.601,5089.896,12983.03,1997.489,5186.968,12891.88,2041.628,5016.988
13013.84,2049.329,5086.318,12881.51,1972.416,5223.956,12936.51,1983.601,5089.825,12983.16,1997.489,5186.808,12892.06,2041.628,5016.878
13014.03,2049.329,5086.236,12881.68,1972.416,5223.832,12936.71,1983.601,5089.761,12983.29,1997.489,5186.644,12892.24,2041.628,5016.773
13014.22,2049.329,5086.158,12881.85,1972.416,5223.708,12936.91,1983.601,5089.703,12983.41,1997.489,5186.475,12892.42,2041.628,5016.675
13014.42,2049.329,5086.084,12882.02,1972.416,5223.584,12937.11,1983.601,5089.65,12983.53,1997.489,5186.303,12892.61,2041.628,5016.572
13014.62,2049.329,5086.015,12882.18,1972.416,5223.461,12937.31,1983.601,5089.596,12983.64,1997.489,5186.126,12892.79,2041.628,5016.468
13014.81,2049.329,5085.949,12882.35,1972.416,5223.338,12937.51,1983.601,5089.534,12983.75,1997.489,5185.947,12892.97,2041.628,5016.37
13015.01,2049.329,5085.887,12882.52,1972.416,5223.215,12937.7,1983.601,5089.466,12983.85,1997.489,5185.765,12893.16,2041.628,5016.278
13015.21,2049.329,5085.828,12882.69,1972.416,5223.092,12937.9,1983.601,5089.392,12983.94,1997.489,5185.58,12893.34,2041.628,5016.18
13015.41,2049.329,5085.772,12882.86,1972.416,5222.969,12938.09,1983.601,5089.312,12984.03,1997.489,5185.392,12893.53,2041.628,5016.087
13015.61,2049.329,5085.719,12883.02,1972.416,5222.846,12938.28,1983.601,5089.225,12984.12,1997.489,5185.202,12893.71,2041.628,5015.988
13016,2049.329,5085.626,12883.34,1972.416,5222.619,12938.63,1983.601,5089.049,12984.27,1997.489,5184.839,12894.06,2041.628,5015.813
13016.2,2049.329,5085.578,12883.51,1972.416,5222.498,12938.82,1983.601,5088.95,12984.34,1997.489,5184.645,12894.25,2041.628,5015.715
13016.61,2049.329,5085.486,12883.86,1972.416,5222.255,12939.18,1983.601,5088.737,12984.49,1997.489,5184.246,12894.64,2041.628,5015.553
13016.92,2049.329,5085.42,12884.13,1972.416,5222.074,12939.45,1983.601,5088.566,12984.59,1997.489,5183.941,12894.93,2041.628,5015.42
13017.23,2049.329,5085.358,12884.39,1972.416,5221.897,12939.71,1983.601,5088.391,12984.68,1997.489,5183.64,12895.21,2041.628,5015.281
13017.53,2049.329,5085.301,12884.63,1972.416,5221.73,12939.96,1983.601,5088.216,12984.76,1997.489,5183.353,12895.48,2041.628,5015.14
13017.75,2049.329,5085.256,12884.82,1972.416,5221.602,12940.13,1983.601,5088.078,12984.81,1997.489,5183.133,12895.67,2041.628,5015.027
13018.15,2049.329,5085.178,12885.16,1972.416,5221.373,12940.45,1983.601,5087.814,12984.9,1997.489,5182.73,12896.02,2041.628,5014.809
13018.36,2049.329,5085.137,12885.33,1972.416,5221.255,12940.62,1983.601,5087.687,12984.94,1997.489,5182.526,12896.19,2041.628,5014.693
13018.71,2049.329,5085.067,12885.63,1972.416,5221.054,12940.9,1983.601,5087.457,12985.01,1997.489,5182.171,12896.51,2041.628,5014.513
13018.96,2049.329,5085.017,12885.84,1972.416,5220.913,12941.08,1983.601,5087.291,12985.05,1997.489,5181.923,12896.72,2041.628,5014.386
13019.22,2049.329,5084.962,12886.06,1972.416,5220.763,12941.29,1983.601,5087.113,12985.09,1997.489,5181.659,12896.95,2041.628,5014.242
13019.47,2049.329,5084.91,12886.27,1972.416,5220.621,12941.47,1983.601,5086.938,12985.12,1997.489,5181.407,12897.16,2041.628,5014.099
13019.67,2049.329,5084.866,12886.45,1972.416,5220.504,12941.62,1983.601,5086.79,12985.15,1997.489,5181.2,12897.33,2041.628,5013.985
13019.89,2049.329,5084.815,12886.63,1972.416,5220.378,12941.78,1983.601,5086.63,12985.17,1997.489,5180.977,12897.52,2041.628,5013.855
13020.1,2049.329,5084.765,12886.81,1972.416,5220.254,12941.93,1983.601,5086.469,12985.19,1997.489,5180.757,12897.7,2041.628,5013.723
13020.33,2049.329,5084.709,12887.01,1972.416,5220.124,12942.08,1983.601,5086.295,12985.21,1997.489,5180.526,12897.88,2041.628,5013.578
13020.71,2049.329,5084.614,12887.33,1972.416,5219.906,12942.32,1983.601,5085.981,12985.24,1997.489,5180.133,12898.17,2041.628,5013.321
13020.91,2049.329,5084.56,12887.51,1972.416,5219.79,12942.45,1983.601,5085.82,12985.25,1997.489,5179.925,12898.33,2041.628,5013.18
13021.37,2049.329,5084.437,12887.9,1972.416,5219.529,12942.72,1983.601,5085.433,12985.28,1997.489,5179.452,12898.67,2041.628,5012.848
13021.82,2049.329,5084.311,12888.3,1972.416,5219.274,12943.01,1983.601,5085.056,12985.3,1997.489,5178.98,12898.99,2041.628,5012.506
13022.33,2049.329,5084.167,12888.74,1972.416,5218.973,12943.29,1983.601,5084.609,12985.34,1997.489,5178.452,12899.36,2041.628,5012.121
13022.9,2049.329,5084.005,12889.21,1972.416,5218.624,12943.6,1983.601,5084.11,12985.4,1997.489,5177.87,12899.75,2041.628,5011.682
13023.52,2049.329,5083.821,12889.71,1972.416,5218.223,12943.96,1983.601,5083.571,12985.49,1997.489,5177.229,12900.16,2041.628,5011.184
13024.18,2049.329,5083.619,12890.25,1972.416,5217.771,12944.32,1983.601,5082.976,12985.61,1997.489,5176.54,12900.61,2041.628,5010.648
13024.9,2049.329,5083.399,12890.8,1972.416,5217.268,12944.74,1983.601,5082.352,12985.76,1997.489,5175.805,12901.11,2041.628,5010.087
13025.66,2049.329,5083.163,12891.38,1972.416,5216.716,12945.2,1983.601,5081.704,12985.94,1997.489,5175.032,12901.61,2041.628,5009.476
13026.47,2049.329,5082.911,12891.96,1972.416,5216.108,12945.71,1983.601,5081.031,12986.16,1997.489,5174.214,12902.13,2041.628,5008.807
13027.52,2049.329,5082.585,12892.7,1972.416,5215.294,12946.41,1983.601,5080.179,12986.47,1997.489,5173.161,12902.72,2041.628,5007.881
13028.39,2049.329,5082.315,12893.3,1972.416,5214.596,12947.01,1983.601,5079.488,12986.76,1997.489,5172.29,12903.25,2041.628,5007.126
13029.16,2049.329,5082.082,12893.79,1972.416,5213.969,12947.62,1983.601,5078.974,12987.03,1997.489,5171.538,12903.7,2041.628,5006.465
13030.14,2049.329,5081.796,12894.41,1972.416,5213.146,12948.39,1983.601,5078.29,12987.41,1997.489,5170.584,12904.3,2041.628,5005.638
13031.17,2049.329,5081.51,12895.01,1972.416,5212.272,12949.16,1983.601,5077.554,12987.83,1997.489,5169.605,12904.96,2041.628,5004.8
13032.24,2049.329,5081.22,12895.62,1972.416,5211.339,12949.93,1983.601,5076.761,12988.29,1997.489,5168.597,12905.67,2041.628,5003.949
13033.59,2049.329,5080.865,12896.33,1972.416,5210.142,12950.94,1983.601,5075.795,12988.9,1997.489,5167.341,12906.6,2041.628,5002.908
13034.96,2049.329,5080.517,12897.15,1972.416,5208.989,12951.82,1983.601,5074.685,12989.55,1997.489,5166.085,12907.58,2041.628,5001.886
13035.8,2049.329,5080.3,12897.63,1972.416,5208.265,12952.33,1983.601,5073.984,12989.97,1997.489,5165.326,12908.16,2041.628,5001.239
13036.96,2049.329,5079.998,12898.26,1972.416,5207.243,12953.01,1983.601,5072.995,12990.59,1997.489,5164.297,12908.99,2041.628,5000.372
13038.27,2049.329,5079.649,12899.11,1972.416,5206.178,12953.74,1983.601,5071.85,12991.33,1997.489,5163.154,12909.9,2041.628,4999.358
13039.39,2049.329,5079.342,12899.88,1972.416,5205.307,12954.34,1983.601,5070.852,12991.99,1997.489,5162.199,12910.64,2041.628,4998.468
13040.69,2049.329,5078.972,12900.79,1972.416,5204.309,12954.99,1983.601,5069.666,12992.79,1997.489,5161.109,12911.48,2041.628,4997.402
13042.23,2049.329,5078.546,12901.83,1972.416,5203.098,12955.72,1983.601,5068.246,12993.78,1997.489,5159.858,12912.42,2041.628,4996.115
13042.74,2049.329,5078.389,12902.16,1972.416,5202.682,12955.98,1983.601,5067.777,12994.1,1997.489,5159.432,12912.72,2041.628,4995.674
13044.5,2049.329,5077.793,12903.34,1972.416,5201.239,12956.92,1983.601,5066.172,12995.22,1997.489,5157.942,12913.77,2041.628,4994.135
13045.4,2049.329,5077.46,12903.92,1972.416,5200.475,12957.42,1983.601,5065.357,12995.78,1997.489,5157.161,12914.33,2041.628,4993.357
13046.46,2049.329,5077.032,12904.58,1972.416,5199.541,12958.05,1983.601,5064.401,12996.47,1997.489,5156.251,12915.1,2041.628,4992.515
13047.49,2049.329,5076.586,12905.21,1972.416,5198.622,12958.69,1983.601,5063.486,12997.18,1997.489,5155.386,12915.83,2041.628,4991.67
13048.46,2049.329,5076.128,12905.85,1972.416,5197.757,12959.33,1983.601,5062.622,12997.81,1997.489,5154.516,12916.51,2041.628,4990.833
13049.78,2049.329,5075.464,12906.69,1972.416,5196.544,12960.24,1983.601,5061.46,12998.71,1997.489,5153.349,12917.4,2041.628,4989.657
13050.97,2049.329,5074.82,12907.33,1972.416,5195.35,12961.1,1983.601,5060.412,12999.57,1997.489,5152.303,12918.21,2041.628,4988.574
13051.79,2049.329,5074.348,12907.81,1972.416,5194.534,12961.71,1983.601,5059.697,13000.2,1997.489,5151.595,12918.77,2041.628,4987.815
13051.99,2049.329,5074.225,12907.91,1972.416,5194.321,12961.87,1983.601,5059.521,13000.36,1997.489,5151.429,12918.92,2041.628,4987.63
13053.32,2049.329,5073.348,12908.63,1972.416,5192.899,12962.96,1983.601,5058.355,13001.46,1997.489,5150.265,12919.87,2041.628,4986.343
13053.68,2049.329,5073.099,12908.84,1972.416,5192.517,12963.26,1983.601,5058.042,13001.74,1997.489,5149.938,12920.13,2041.628,4986.001
13054.03,2049.329,5072.839,12909.04,1972.416,5192.13,12963.57,1983.601,5057.734,13002.02,1997.489,5149.603,12920.42,2041.628,4985.668
13055.05,2049.329,5072.034,12909.67,1972.416,5190.993,12964.5,1983.601,5056.832,13002.88,1997.489,5148.627,12921.28,2041.628,4984.703
13055.32,2049.329,5071.808,12909.83,1972.416,5190.682,12964.76,1983.601,5056.59,13003.1,1997.489,5148.356,12921.53,2041.628,4984.449
13056.43,2049.329,5070.816,12910.58,1972.416,5189.387,12965.86,1983.601,5055.583,13004.09,1997.489,5147.233,12922.6,2041.628,4983.405
13056.94,2049.329,5070.344,12910.95,1972.416,5188.8,12966.38,1983.601,5055.126,13004.56,1997.489,5146.724,12923.11,2041.628,4982.939
13057.81,2049.329,5069.476,12911.63,1972.416,5187.773,12967.32,1983.601,5054.329,13005.36,1997.489,5145.786,12924.04,2041.628,4982.136
13058.12,2049.329,5069.16,12911.88,1972.416,5187.417,12967.66,1983.601,5054.053,13005.65,1997.489,5145.464,12924.39,2041.628,4981.863
13058.46,2049.329,5068.778,12912.2,1972.416,5187.008,12968.05,1983.601,5053.714,13006.01,1997.489,5145.095,12924.79,2041.628,4981.537
13059.04,2049.329,5068.107,12912.76,1972.416,5186.322,12968.7,1983.601,5053.11,13006.65,1997.489,5144.48,12925.45,2041.628,4980.954
13059.51,2049.329,5067.543,12913.24,1972.416,5185.772,12969.21,1983.601,5052.596,13007.2,1997.489,5143.992,12926.04,2041.628,4980.523
13059.95,2049.329,5066.971,12913.69,1972.416,5185.197,12969.71,1983.601,5052.067,13007.75,1997.489,5143.523,12926.62,2041.628,4980.082
13060.56,2049.329,5066.155,12914.33,1972.416,5184.413,12970.43,1983.601,5051.347,13008.51,1997.489,5142.841,12927.41,2041.628,4979.438
13060.81,2049.329,5065.804,12914.62,1972.416,5184.091,12970.74,1983.601,5051.05,13008.82,1997.489,5142.543,12927.73,2041.628,4979.156
13061.48,2049.329,5064.813,12915.36,1972.416,5183.153,12971.63,1983.601,5050.248,13009.7,1997.489,5141.738,12928.61,2041.628,4978.343
13061.76,2049.329,5064.37,12915.7,1972.416,5182.75,12972.03,1983.601,5049.903,13010.08,1997.489,5141.371,12928.97,2041.628,4977.956
13062.16,2049.329,5063.717,12916.13,1972.416,5182.118,12972.61,1983.601,5049.413,13010.61,1997.489,5140.822,12929.5,2041.628,4977.414
13062.52,2049.329,5063.079,12916.56,1972.416,5181.522,12973.16,1983.601,5048.922,13011.14,1997.489,5140.309,12930.04,2041.628,4976.907
13062.87,2049.329,5062.443,12917,1972.416,5180.951,12973.68,1983.601,5048.423,13011.67,1997.489,5139.821,12930.58,2041.628,4976.427
13063.21,2049.329,5061.775,12917.48,1972.416,5180.373,12974.21,1983.601,5047.887,13012.24,1997.489,5139.333,12931.15,2041.628,4975.938
13063.64,2049.329,5060.889,12918.13,1972.416,5179.634,12974.92,1983.601,5047.201,13012.97,1997.489,5138.667,12931.94,2041.628,4975.348
13064.07,2049.329,5059.976,12918.79,1972.416,5178.869,12975.66,1983.601,5046.52,13013.69,1997.489,5137.964,12932.73,2041.628,4974.719
13064.15,2049.329,5059.785,12918.92,1972.416,5178.706,12975.82,1983.601,5046.381,13013.84,1997.489,5137.813,12932.88,2041.628,4974.584
13064.59,2049.329,5058.7,12919.68,1972.416,5177.816,12976.67,1983.601,5045.577,13014.67,1997.489,5136.995,12933.78,2041.628,4973.828
13064.8,2049.329,5058.151,12920.08,1972.416,5177.382,12977.08,1983.601,5045.159,13015.11,1997.489,5136.598,12934.22,2041.628,4973.437
13065.17,2049.329,5057.15,12920.82,1972.416,5176.621,12977.81,1983.601,5044.38,13015.92,1997.489,5135.905,12935.01,2041.628,4972.722
13065.48,2049.329,5056.256,12921.51,1972.416,5175.966,12978.47,1983.601,5043.705,13016.62,1997.489,5135.266,12935.72,2041.628,4972.097
13065.66,2049.329,5055.686,12921.97,1972.416,5175.584,12978.9,1983.601,5043.287,13017.04,1997.489,5134.846,12936.2,2041.628,4971.731
13065.8,2049.329,5055.241,12922.32,1972.416,5175.279,12979.24,1983.601,5042.972,13017.37,1997.489,5134.51,12936.56,2041.628,4971.44
13065.88,2049.329,5054.938,12922.55,1972.416,5175.064,12979.48,1983.601,5042.763,13017.58,1997.489,5134.275,12936.8,2041.628,4971.235
13066.15,2049.329,5053.938,12923.29,1972.416,5174.335,12980.27,1983.601,5042.094,13018.24,1997.489,5133.483,12937.56,2041.628,4970.536
13066.44,2049.329,5052.772,12924.17,1972.416,5173.522,12981.16,1983.601,5041.288,13019.04,1997.489,5132.588,12938.47,2041.628,4969.753
13066.57,2049.329,5052.181,12924.61,1972.416,5173.097,12981.6,1983.601,5040.867,13019.46,1997.489,5132.15,12938.97,2041.628,4969.413
13066.76,2049.329,5051.302,12925.29,1972.416,5172.515,12982.22,1983.601,5040.222,13020.11,1997.489,5131.521,12939.7,2041.628,4968.884
13067.05,2049.329,5050.134,12926.19,1972.416,5171.712,12983.03,1983.601,5039.332,13020.99,1997.489,5130.708,12940.65,2041.628,4968.146
13067.17,2049.329,5049.722,12926.51,1972.416,5171.432,12983.31,1983.601,5039.005,13021.32,1997.489,5130.428,12940.98,2041.628,4967.871
13067.65,2049.329,5048.188,12927.7,1972.416,5170.343,12984.31,1983.601,5037.748,13022.57,1997.489,5129.418,12942.22,2041.628,4966.845
13067.95,2049.329,5047.344,12928.38,1972.416,5169.759,12984.9,1983.601,5037.066,13023.25,1997.489,5128.834,12942.89,2041.628,4966.251
13068.5,2049.329,5045.94,12929.6,1972.416,5168.874,12985.84,1983.601,5035.894,13024.36,1997.489,5127.813,12943.99,2041.628,4965.215
13068.88,2049.329,5045.064,12930.35,1972.416,5168.289,12986.42,1983.601,5035.134,13025.04,1997.489,5127.146,12944.68,2041.628,4964.565
13069.33,2049.329,5044.097,12931.17,1972.416,5167.606,12987.09,1983.601,5034.303,13025.78,1997.489,5126.372,12945.44,2041.628,4963.811
13069.89,2049.329,5043.011,12932.08,1972.416,5166.798,12987.83,1983.601,5033.331,13026.59,1997.489,5125.463,12946.28,2041.628,4962.924
13070.56,2049.329,5041.789,12933.14,1972.416,5165.881,12988.76,1983.601,5032.291,13027.48,1997.489,5124.392,12947.2,2041.628,4961.876
13071.08,2049.329,5040.917,12933.88,1972.416,5165.19,12989.41,1983.601,5031.513,13028.23,1997.489,5123.708,12947.9,2041.628,4961.138
13072.15,2049.329,5039.239,12935.29,1972.416,5163.785,12990.74,1983.601,5030.028,13029.66,1997.489,5122.317,12949.41,2041.628,4959.844
13072.68,2049.329,5038.468,12935.94,1972.416,5163.104,12991.24,1983.601,5029.236,13030.31,1997.489,5121.643,12950.1,2041.628,4959.213
13073.35,2049.329,5037.227,12937.01,1972.416,5162.192,12992.02,1983.601,5028.063,13031.25,1997.489,5120.594,12951.12,2041.628,4958.236
13074.08,2049.329,5035.984,12938.08,1972.416,5161.227,12992.85,1983.601,5026.888,13032.18,1997.489,5119.495,12952.13,2041.628,4957.213
13074.86,2049.329,5034.746,12939.13,1972.416,5160.21,12993.72,1983.601,5025.714,13033.09,1997.489,5118.348,12953.13,2041.628,4956.146
13075.69,2049.329,5033.504,12940.22,1972.416,5159.181,12994.65,1983.601,5024.536,13033.98,1997.489,5117.143,12954.13,2041.628,4955.026
13076.58,2049.329,5032.271,12941.29,1972.416,5158.1,12995.62,1983.601,5023.364,13034.87,1997.489,5115.911,12955.1,2041.628,4953.864
13077.67,2049.329,5030.735,12942.57,1972.416,5156.727,12996.85,1983.601,5021.947,13036.02,1997.489,5114.426,12956.28,2041.628,4952.396
13078.24,2049.329,5029.688,12943.35,1972.416,5155.831,12997.66,1983.601,5021.07,13036.78,1997.489,5113.509,12957,2041.628,4951.447
13079.4,2049.329,5027.708,12944.87,1972.416,5154.101,12999.25,1983.601,5019.419,13038.43,1997.489,5111.915,12958.34,2041.628,4949.582
13080.56,2049.329,5025.863,12946.35,1972.416,5152.505,13000.81,1983.601,5017.892,13039.96,1997.489,5110.351,12959.56,2041.628,4947.778
13080.96,2049.329,5025.28,12946.83,1972.416,5151.986,13001.32,1983.601,5017.413,13040.43,1997.489,5109.831,12959.94,2041.628,4947.186
13081.6,2049.329,5024.392,12947.54,1972.416,5151.152,13002.1,1983.601,5016.639,13041.14,1997.489,5108.995,12960.57,2041.628,4946.282
13083.1,2049.329,5022.191,12949.48,1972.416,5149.326,13003.93,1983.601,5014.703,13042.8,1997.489,5106.913,12962.15,2041.628,4944.141
13084.45,2049.329,5020.341,12951.09,1972.416,5147.702,13005.49,1983.601,5013.024,13044.01,1997.489,5104.969,12963.57,2041.628,4942.346
13085.41,2049.329,5019.229,12952.09,1972.416,5146.626,13006.45,1983.601,5011.914,13044.82,1997.489,5103.746,12964.52,2041.628,4941.225
13086.12,2049.329,5018.343,12952.84,1972.416,5145.767,13007.28,1983.601,5011.132,13045.48,1997.489,5102.815,12965.28,2041.628,4940.379
13086.58,2049.329,5017.744,12953.32,1972.416,5145.185,13007.81,1983.601,5010.6,13045.93,1997.489,5102.217,12965.8,2041.628,4939.839
13088.52,2049.329,5015.34,12955.19,1972.416,5142.726,13009.91,1983.601,5008.336,13047.88,1997.489,5099.815,12967.86,2041.628,4937.528
13089.2,2049.329,5014.257,12955.85,1972.416,5141.627,13010.75,1983.601,5007.372,13048.8,1997.489,5098.923,12968.74,2041.628,4936.599
13090.18,2049.329,5012.809,12956.79,1972.416,5140.158,13011.85,1983.601,5006.018,13050.01,1997.489,5097.666,12969.97,2041.628,4935.365
13091.61,2049.329,5010.826,12958.18,1972.416,5138.143,13013.31,1983.601,5004.053,13051.65,1997.489,5095.849,12971.65,2041.628,4933.581
13092.26,2049.329,5009.983,12958.81,1972.416,5137.284,13013.98,1983.601,5003.218,13052.35,1997.489,5095.05,12972.35,2041.628,4932.779
13093.94,2049.329,5007.956,12960.44,1972.416,5135.219,13015.33,1983.601,5000.964,13054.03,1997.489,5093.025,12974.02,2041.628,4930.747
13094.79,2049.329,5007.028,12961.25,1972.416,5134.258,13015.95,1983.601,4999.867,13054.8,1997.489,5092.031,12974.84,2041.628,4929.79
13095.96,2049.329,5005.664,12962.37,1972.416,5132.85,13016.87,1983.601,4998.325,13056.07,1997.489,5090.753,12975.97,2041.628,4928.395
13097.15,2049.329,5004.175,12963.6,1972.416,5131.393,13017.89,1983.601,4996.712,13057.36,1997.489,5089.354,12977.13,2041.628,4926.882
13098.53,2049.329,5002.833,12964.89,1972.416,5129.961,13018.96,1983.601,4995.108,13058.63,1997.489,5087.896,12978.26,2041.628,4925.323
13100.74,2049.329,5000.553,12967.04,1972.416,5127.628,13020.78,1983.601,4992.517,13060.81,1997.489,5085.601,12980.06,2041.628,4922.713
13102.09,2049.329,4999.262,12968.35,1972.416,5126.294,13021.9,1983.601,4991.016,13062.06,1997.489,5084.205,12981.08,2041.628,4921.146
13103.42,2049.329,4997.904,12969.73,1972.416,5124.988,13023.07,1983.601,4989.519,13063.26,1997.489,5082.732,12982.08,2041.628,4919.525
13105.6,2049.329,4995.541,12972.05,1972.416,5122.764,13025.12,1983.601,4987.045,13065.38,1997.489,5080.314,12983.69,2041.628,4916.749
13105.86,2049.329,4995.24,12972.33,1972.416,5122.48,13025.38,1983.601,4986.742,13065.62,1997.489,5080,12983.9,2041.628,4916.413
13106.19,2049.329,4994.842,12972.68,1972.416,5122.096,13025.71,1983.601,4986.347,13065.89,1997.489,5079.56,12984.19,2041.628,4915.981
13108.29,2049.329,4992.178,12974.88,1972.416,5119.521,13027.84,1983.601,4983.707,13067.79,1997.489,5076.754,12986.17,2041.628,4913.231
13109.25,2049.329,4990.87,12975.9,1972.416,5118.254,13028.97,1983.601,4982.538,13068.71,1997.489,5075.415,12987.17,2041.628,4911.946
13110.27,2049.329,4989.405,12976.96,1972.416,5116.825,13030.2,1983.601,4981.246,13069.77,1997.489,5073.976,12988.25,2041.628,4910.529
13111.55,2049.329,4987.688,12978.19,1972.416,5115.069,13031.63,1983.601,4979.647,13070.79,1997.489,5072.091,12989.61,2041.628,4908.872
13114.45,2049.329,4984.615,12980.5,1972.416,5111.526,13034.33,1983.601,4976.403,13072.91,1997.489,5068.439,12992.39,2041.628,4905.691
13115.27,2049.329,4983.684,12981.15,1972.416,5110.468,13035.21,1983.601,4975.523,13073.57,1997.489,5067.387,12993.28,2041.628,4904.82
13115.98,2049.329,4982.826,12981.7,1972.416,5109.501,13035.97,1983.601,4974.708,13074.19,1997.489,5066.462,12994.09,2041.628,4904.065
13116.52,2049.329,4982.125,12982.17,1972.416,5108.748,13036.55,1983.601,4974.04,13074.71,1997.489,5065.745,12994.73,2041.628,4903.444
13118.55,2049.329,4979.678,12983.92,1972.416,5106.101,13038.56,1983.601,4971.58,13076.59,1997.489,5063.184,12996.92,2041.628,4901.144
13119.67,2049.329,4978.399,12984.91,1972.416,5104.714,13039.45,1983.601,4970.132,13077.64,1997.489,5061.846,12998.05,2041.628,4899.875
13121.07,2049.329,4976.83,12986.09,1972.416,5102.975,13040.61,1983.601,4968.379,13078.88,1997.489,5060.15,12999.39,2041.628,4898.26
13122.51,2049.329,4975.291,12987.33,1972.416,5101.267,13041.82,1983.601,4966.65,13080.08,1997.489,5058.408,13000.7,2041.628,4896.604
13123.9,2049.329,4973.729,12988.64,1972.416,5099.642,13043.06,1983.601,4964.973,13081.29,1997.489,5056.708,13001.95,2041.628,4894.936
13125.46,2049.329,4971.842,12990.11,1972.416,5097.683,13044.57,1983.601,4963.041,13082.67,1997.489,5054.688,13003.37,2041.628,4892.938
13126.63,2049.329,4970.339,12991.38,1972.416,5096.267,13045.78,1983.601,4961.572,13083.8,1997.489,5053.157,13004.43,2041.628,4891.359
13127.77,2049.329,4968.765,12992.69,1972.416,5094.832,13046.96,1983.601,4960.031,13084.95,1997.489,5051.589,13005.57,2041.628,4889.782
13128.68,2049.329,4967.225,12993.87,1972.416,5093.484,13048.1,1983.601,4958.65,13086.06,1997.489,5050.182,13006.42,2041.628,4888.207
13129.45,2049.329,4966.009,12994.84,1972.416,5092.424,13048.98,1983.601,4957.507,13086.91,1997.489,5049.02,13007.14,2041.628,4886.96
13130.43,2049.329,4964.581,12995.97,1972.416,5091.114,13049.99,1983.601,4956.103,13087.96,1997.489,5047.642,13008.06,2041.628,4885.495
13131.86,2049.329,4962.012,12998.05,1972.416,5089.029,13051.85,1983.601,4953.821,13089.78,1997.489,5045.332,13009.64,2041.628,4883.011
13132.07,2049.329,4961.666,12998.34,1972.416,5088.75,13052.09,1983.601,4953.5,13090.02,1997.489,5045.007,13009.86,2041.628,4882.672
13132.92,2049.329,4960.351,12999.47,1972.416,5087.662,13053.03,1983.601,4952.247,13090.99,1997.489,5043.778,13010.75,2041.628,4881.388
13134.05,2049.329,4958.722,13000.85,1972.416,5086.239,13054.33,1983.601,4950.748,13092.31,1997.489,5042.304,13011.8,2041.628,4879.707
13134.59,2049.329,4957.881,13001.58,1972.416,5085.562,13055.04,1983.601,4950.053,13092.95,1997.489,5041.541,13012.36,2041.628,4878.88
13135.39,2049.329,4956.699,13002.6,1972.416,5084.555,13056.04,1983.601,4949.023,13093.78,1997.489,5040.369,13013.2,2041.628,4877.718
13136.07,2049.329,4955.481,13003.55,1972.416,5083.545,13056.97,1983.601,4947.992,13094.61,1997.489,5039.256,13014.05,2041.628,4876.617
13136.75,2049.329,4954.323,13004.51,1972.416,5082.598,13057.84,1983.601,4946.963,13095.45,1997.489,5038.205,13014.9,2041.628,4875.578
13137.46,2049.329,4953.229,13005.41,1972.416,5081.655,13058.65,1983.601,4945.945,13096.3,1997.489,5037.218,13015.76,2041.628,4874.604
13138.17,2049.329,4952.188,13006.25,1972.416,5080.71,13059.4,1983.601,4944.931,13097.15,1997.489,5036.286,13016.66,2041.628,4873.713
13138.95,2049.329,4950.843,13007.31,1972.416,5079.583,13060.29,1983.601,4943.654,13098.24,1997.489,5035.174,13017.78,2041.628,4872.639
13140.07,2049.329,4949.039,13008.83,1972.416,5078.091,13061.55,1983.601,4941.949,13099.67,1997.489,5033.606,13019.26,2041.628,4871.12
13140.84,2049.329,4947.891,13009.78,1972.416,5077.089,13062.41,1983.601,4940.868,13100.64,1997.489,5032.628,13020.2,2041.628,4870.102
13141,2049.329,4947.67,13009.98,1972.416,5076.909,13062.56,1983.601,4940.638,13100.83,1997.489,5032.43,13020.37,2041.628,4869.895
13141.83,2049.329,4946.579,13011.02,1972.416,5076.012,13063.33,1983.601,4939.5,13101.83,1997.489,5031.49,13021.23,2041.628,4868.816
13143.27,2049.329,4944.831,13012.69,1972.416,5074.482,13064.66,1983.601,4937.671,13103.47,1997.489,5029.934,13022.79,2041.628,4867.185
13143.53,2049.329,4944.577,13012.95,1972.416,5074.227,13064.86,1983.601,4937.366,13103.74,1997.489,5029.683,13023.04,2041.628,4866.914
13145.02,2049.329,4943.037,13014.48,1972.416,5072.732,13066.09,1983.601,4935.613,13105.27,1997.489,5028.186,13024.42,2041.628,4865.278
13145.7,2049.329,4942.277,13015.19,1972.416,5071.994,13066.7,1983.601,4934.794,13106.06,1997.489,5027.531,13025.07,2041.628,4864.49
13146.76,2049.329,4941.181,13016.28,1972.416,5070.93,13067.57,1983.601,4933.543,13107.2,1997.489,5026.52,13026.01,2041.628,4863.287
13147.92,2049.329,4940.155,13017.25,1972.416,5069.725,13068.45,1983.601,4932.27,13108.32,1997.489,5025.456,13027.03,2041.628,4862.124
13149.05,2049.329,4939.084,13018.27,1972.416,5068.542,13069.38,1983.601,4931.015,13109.47,1997.489,5024.405,13028.13,2041.628,4861.014
13150.12,2049.329,4938.006,13019.25,1972.416,5067.387,13070.31,1983.601,4929.819,13110.56,1997.489,5023.347,13029.16,2041.628,4859.906
13151.13,2049.329,4936.927,13020.25,1972.416,5066.297,13071.25,1983.601,4928.682,13111.58,1997.489,5022.286,13030.14,2041.628,4858.805
13152.38,2049.329,4935.741,13021.45,1972.416,5065.061,13072.38,1983.601,4927.379,13112.87,1997.489,5021.141,13031.25,2041.628,4857.487
13153.12,2049.329,4934.994,13022.2,1972.416,5064.333,13073.08,1983.601,4926.604,13113.69,1997.489,5020.476,13031.91,2041.628,4856.667
13154.49,2049.329,4933.691,13023.55,1972.416,5063.001,13074.4,1983.601,4925.241,13115.11,1997.489,5019.229,13033.05,2041.628,4855.158
13155.39,2049.329,4932.78,13024.49,1972.416,5062.125,13075.31,1983.601,4924.342,13116.05,1997.489,5018.355,13033.8,2041.628,4854.118
13155.77,2049.329,4932.372,13024.89,1972.416,5061.74,13075.7,1983.601,4923.939,13116.49,1997.489,5018.02,13034.14,2041.628,4853.677
13157.09,2049.329,4931.027,13026.29,1972.416,5060.482,13077.04,1983.601,4922.617,13117.96,1997.489,5016.832,13035.33,2041.628,4852.22
13157.87,2049.329,4930.146,13027.12,1972.416,5059.645,13077.85,1983.601,4921.763,13118.85,1997.489,5016.059,13036.11,2041.628,4851.334
13158.71,2049.329,4928.914,13028.21,1972.416,5058.622,13078.81,1983.601,4920.625,13119.94,1997.489,5015.047,13037.03,2041.628,4850.164
13158.94,2049.329,4928.498,13028.54,1972.416,5058.286,13079.12,1983.601,4920.267,13120.28,1997.489,5014.714,13037.34,2041.628,4849.801
13159.3,2049.329,4927.885,13029.07,1972.416,5057.812,13079.59,1983.601,4919.733,13120.76,1997.489,5014.199,13037.81,2041.628,4849.271
13160.37,2049.329,4926.184,13030.52,1972.416,5056.419,13080.87,1983.601,4918.179,13122.26,1997.489,5012.846,13039.21,2041.628,4847.818
13160.79,2049.329,4925.57,13031.12,1972.416,5055.977,13081.36,1983.601,4917.623,13122.79,1997.489,5012.33,13039.74,2041.628,4847.3
13161.12,2049.329,4925.123,13031.55,1972.416,5055.631,13081.68,1983.601,4917.17,13123.2,1997.489,5011.958,13040.12,2041.628,4846.896
13161.52,2049.329,4924.572,13032.07,1972.416,5055.188,13082.09,1983.601,4916.624,13123.7,1997.489,5011.487,13040.57,2041.628,4846.382
13162.37,2049.329,4923.449,13033.17,1972.416,5054.304,13082.98,1983.601,4915.529,13124.69,1997.489,5010.496,13041.6,2041.628,4845.427
13162.55,2049.329,4923.208,13033.39,1972.416,5054.107,13083.17,1983.601,4915.3,13124.9,1997.489,5010.279,13041.81,2041.628,4845.216
13163.36,2049.329,4922.157,13034.37,1972.416,5053.205,13084.06,1983.601,4914.31,13125.8,1997.489,5009.303,13042.74,2041.628,4844.261
13163.75,2049.329,4921.674,13034.81,1972.416,5052.771,13084.49,1983.601,4913.861,13126.22,1997.489,5008.842,13043.16,2041.628,4843.807
13164.37,2049.329,4920.917,13035.49,1972.416,5052.062,13085.18,1983.601,4913.167,13126.86,1997.489,5008.104,13043.8,2041.628,4843.069
13164.86,2049.329,4920.341,13036.04,1972.416,5051.546,13085.73,1983.601,4912.646,13127.35,1997.489,5007.528,13044.29,2041.628,4842.488
13165.37,2049.329,4919.76,13036.63,1972.416,5051.043,13086.31,1983.601,4912.138,13127.85,1997.489,5006.935,13044.8,2041.628,4841.909
13165.75,2049.329,4919.345,13037.04,1972.416,5050.665,13086.72,1983.601,4911.756,13128.21,1997.489,5006.505,13045.18,2041.628,4841.5
13166.43,2049.329,4918.621,13037.76,1972.416,5049.97,13087.44,1983.601,4911.065,13128.84,1997.489,5005.742,13045.88,2041.628,4840.79
13166.58,2049.329,4918.458,13037.91,1972.416,5049.808,13087.61,1983.601,4910.923,13128.99,1997.489,5005.567,13046.04,2041.628,4840.634
13167.42,2049.329,4917.62,13038.73,1972.416,5048.956,13088.5,1983.601,4910.149,13129.74,1997.489,5004.653,13046.92,2041.628,4839.844
13167.57,2049.329,4917.474,13038.87,1972.416,5048.801,13088.66,1983.601,4910.007,13129.87,1997.489,5004.491,13047.08,2041.628,4839.71
13168.25,2049.329,4916.826,13039.5,1972.416,5048.1,13089.39,1983.601,4909.41,13130.45,1997.489,5003.755,13047.78,2041.628,4839.081
13168.59,2049.329,4916.513,13039.8,1972.416,5047.745,13089.73,1983.601,4909.104,13130.74,1997.489,5003.393,13048.13,2041.628,4838.771
13169.22,2049.329,4915.958,13040.32,1972.416,5047.084,13090.42,1983.601,4908.618,13131.27,1997.489,5002.734,13048.77,2041.628,4838.229
13169.76,2049.329,4915.448,13040.83,1972.416,5046.546,13091.01,1983.601,4908.168,13131.75,1997.489,5002.167,13049.36,2041.628,4837.769
13169.93,2049.329,4915.278,13041,1972.416,5046.368,13091.2,1983.601,4908.018,13131.91,1997.489,5001.99,13049.55,2041.628,4837.626
13170.26,2049.329,4914.926,13041.32,1972.416,5046.015,13091.6,1983.601,4907.748,13132.22,1997.489,5001.622,13049.95,2041.628,4837.354
13170.63,2049.329,4914.531,13041.68,1972.416,5045.606,13092.04,1983.601,4907.43,13132.58,1997.489,5001.221,13050.4,2041.628,4837.062
13170.82,2049.329,4914.317,13041.86,1972.416,5045.386,13092.26,1983.601,4907.255,13132.77,1997.489,5001.003,13050.65,2041.628,4836.916
13171.34,2049.329,4913.845,13042.28,1972.416,5044.829,13092.8,1983.601,4906.809,13133.15,1997.489,5000.419,13051.26,2041.628,4836.578
13171.58,2049.329,4913.605,13042.48,1972.416,5044.549,13093.06,1983.601,4906.581,13133.34,1997.489,5000.132,13051.57,2041.628,4836.422
13171.96,2049.329,4913.215,13042.78,1972.416,5044.099,13093.45,1983.601,4906.21,13133.61,1997.489,4999.661,13052.05,2041.628,4836.193
13172.25,2049.329,4912.889,13043.03,1972.416,5043.738,13093.78,1983.601,4905.917,13133.83,1997.489,4999.285,13052.45,2041.628,4835.996
13172.54,2049.329,4912.55,13043.27,1972.416,5043.366,13094.12,1983.601,4905.63,13134.07,1997.489,4998.914,13052.84,2041.628,4835.787
13172.87,2049.329,4912.213,13043.51,1972.416,5042.958,13094.49,1983.601,4905.332,13134.35,1997.489,4998.524,13053.25,2041.628,4835.552
13173.23,2049.329,4911.83,13043.74,1972.416,5042.486,13094.9,1983.601,4905.015,13134.66,1997.489,4998.105,13053.7,2041.628,4835.281
13173.7,2049.329,4911.159,13044.12,1972.416,5041.759,13095.57,1983.601,4904.536,13135.07,1997.489,4997.397,13054.38,2041.628,4834.838
13174.4,2049.329,4910.218,13044.69,1972.416,5040.733,13096.54,1983.601,4903.873,13135.69,1997.489,4996.399,13055.36,2041.628,4834.176
13174.77,2049.329,4909.753,13044.94,1972.416,5040.194,13097.04,1983.601,4903.551,13136.02,1997.489,4995.906,13055.84,2041.628,4833.828
13175.05,2049.329,4909.433,13045.13,1972.416,5039.817,13097.4,1983.601,4903.332,13136.26,1997.489,4995.557,13056.17,2041.628,4833.572
13175.18,2049.329,4909.27,13045.24,1972.416,5039.635,13097.58,1983.601,4903.229,13136.37,1997.489,4995.377,13056.34,2041.628,4833.442
13175.94,2049.329,4908.273,13045.87,1972.416,5038.557,13098.68,1983.601,4902.637,13137.04,1997.489,4994.317,13057.29,2041.628,4832.631
13176.36,2049.329,4907.755,13046.23,1972.416,5037.994,13099.28,1983.601,4902.337,13137.41,1997.489,4993.764,13057.79,2041.628,4832.186
13177.73,2049.329,4906.178,13047.31,1972.416,5036.199,13101.12,1983.601,4901.338,13138.64,1997.489,4992.071,13059.39,2041.628,4830.841
13177.86,2049.329,4906.016,13047.42,1972.416,5036.024,13101.29,1983.601,4901.232,13138.77,1997.489,4991.906,13059.56,2041.628,4830.713
13178.05,2049.329,4905.771,13047.58,1972.416,5035.76,13101.55,1983.601,4901.068,13138.96,1997.489,4991.669,13059.8,2041.628,4830.531
13179.06,2049.329,4904.531,13048.41,1972.416,5034.395,13102.88,1983.601,4900.171,13140.02,1997.489,4990.471,13061.12,2041.628,4829.628
13179.64,2049.329,4903.851,13048.9,1972.416,5033.647,13103.6,1983.601,4899.646,13140.64,1997.489,4989.821,13061.88,2041.628,4829.147
13180.4,2049.329,4903.014,13049.55,1972.416,5032.723,13104.5,1983.601,4898.951,13141.44,1997.489,4989.023,13062.88,2041.628,4828.619
13181.22,2049.329,4902.17,13050.26,1972.416,5031.783,13105.4,1983.601,4898.2,13142.3,1997.489,4988.221,13063.9,2041.628,4828.035
13182.09,2049.329,4901.328,13051.02,1972.416,5030.844,13106.31,1983.601,4897.399,13143.21,1997.489,4987.427,13064.93,2041.628,4827.402
13183.22,2049.329,4900.297,13052.02,1972.416,5029.687,13107.44,1983.601,4896.379,13144.39,1997.489,4986.46,13066.21,2041.628,4826.566
13184.27,2049.329,4899.202,13053.05,1972.416,5028.569,13108.57,1983.601,4895.357,13145.6,1997.489,4985.537,13067.46,2041.628,4825.702
13184.94,2049.329,4898.552,13053.71,1972.416,5027.906,13109.25,1983.601,4894.728,13146.36,1997.489,4984.996,13068.21,2041.628,4825.152
13185.79,2049.329,4897.558,13054.66,1972.416,5027.002,13110.21,1983.601,4893.835,13147.45,1997.489,4984.269,13069.25,2041.628,4824.351
13187.01,2049.329,4896.187,13056.03,1972.416,5025.783,13111.55,1983.601,4892.58,13149.01,1997.489,4983.302,13070.67,2041.628,4823.191
13187.55,2049.329,4895.588,13056.64,1972.416,5025.267,13112.13,1983.601,4892.024,13149.71,1997.489,4982.9,13071.28,2041.628,4822.666
13188.55,2049.329,4894.512,13057.8,1972.416,5024.365,13113.19,1983.601,4891.006,13151,1997.489,4982.208,13072.37,2041.628,4821.679
13189.68,2049.329,4893.322,13059.13,1972.416,5023.396,13114.37,1983.601,4889.858,13152.48,1997.489,4981.48,13073.55,2041.628,4820.541
13191.19,2049.329,4891.79,13060.91,1972.416,5022.188,13115.94,1983.601,4888.398,13154.38,1997.489,4980.472,13075.07,2041.628,4819.015
13192.37,2049.329,4890.643,13062.3,1972.416,5021.31,13117.16,1983.601,4887.291,13155.8,1997.489,4979.658,13076.19,2041.628,4817.817
13192.65,2049.329,4890.378,13062.62,1972.416,5021.092,13117.45,1983.601,4887.031,13156.14,1997.489,4979.457,13076.45,2041.628,4817.528
13194.34,2049.329,4888.862,13064.32,1972.416,5019.579,13119.14,1983.601,4885.523,13158.04,1997.489,4978.221,13077.92,2041.628,4815.794
13195.16,2049.329,4888.159,13065.11,1972.416,5018.847,13119.96,1983.601,4884.812,13158.93,1997.489,4977.608,13078.59,2041.628,4814.952
13196.41,2049.329,4887.125,13066.28,1972.416,5017.721,13121.18,1983.601,4883.752,13160.24,1997.489,4976.65,13079.58,2041.628,4813.66
13197.7,2049.329,4886.104,13067.5,1972.416,5016.62,13122.41,1983.601,4882.652,13161.54,1997.489,4975.644,13080.61,2041.628,4812.384
13199.02,2049.329,4885.098,13068.77,1972.416,5015.549,13123.72,1983.601,4881.632,13162.83,1997.489,4974.594,13081.7,2041.628,4811.131
13200.44,2049.329,4884.068,13070.06,1972.416,5014.372,13125.1,1983.601,4880.556,13164.16,1997.489,4973.458,13082.89,2041.628,4809.848
13202.83,2049.329,4882.395,13072.19,1972.416,5012.373,13127.41,1983.601,4878.778,13166.34,1997.489,4971.514,13084.95,2041.628,4807.775
13203.9,2049.329,4881.664,13073.02,1972.416,5011.366,13128.55,1983.601,4878.151,13167.29,1997.489,4970.625,13085.89,2041.628,4806.881
13204.61,2049.329,4881.201,13073.57,1972.416,5010.732,13129.28,1983.601,4877.722,13167.89,1997.489,4970.036,13086.53,2041.628,4806.322
13207.32,2049.329,4879.507,13075.44,1972.416,5008.133,13131.98,1983.601,4876.002,13170.15,1997.489,4967.77,13088.99,2041.628,4804.281
13208.09,2049.329,4879.044,13075.96,1972.416,5007.401,13132.74,1983.601,4875.543,13170.77,1997.489,4967.123,13089.7,2041.628,4803.733
13209.21,2049.329,4878.392,13076.74,1972.416,5006.364,13133.86,1983.601,4874.885,13171.65,1997.489,4966.169,13090.75,2041.628,4802.973
13211.83,2049.329,4876.943,13078.55,1972.416,5003.984,13136.4,1983.601,4873.285,13173.75,1997.489,4964.035,13093.23,2041.628,4801.298
13212.69,2049.329,4876.49,13079.17,1972.416,5003.228,13137.2,1983.601,4872.736,13174.45,1997.489,4963.361,13094.06,2041.628,4800.778
13214.2,2049.329,4875.744,13080.28,1972.416,5001.964,13138.56,1983.601,4871.75,13175.71,1997.489,4962.243,13095.45,2041.628,4799.84
13216.38,2049.329,4874.57,13081.97,1972.416,5000.153,13140.52,1983.601,4870.229,13177.61,1997.489,4960.654,13097.46,2041.628,4798.388
13217.66,2049.329,4873.826,13083.01,1972.416,4999.103,13141.66,1983.601,4869.281,13178.77,1997.489,4959.741,13098.64,2041.628,4797.493
13218.97,2049.329,4873.008,13084.14,1972.416,4998.047,13142.81,1983.601,4868.258,13180.02,1997.489,4958.831,13099.84,2041.628,4796.523
13220.63,2049.329,4872.064,13085.57,1972.416,4996.785,13144.2,1983.601,4866.945,13181.6,1997.489,4957.753,13101.28,2041.628,4795.272
13222.88,2049.329,4870.681,13087.62,1972.416,4995.102,13146.06,1983.601,4865.064,13183.83,1997.489,4956.332,13103.23,2041.628,4793.476
13223.43,2049.329,4870.325,13088.13,1972.416,4994.707,13146.5,1983.601,4864.589,13184.39,1997.489,4956.001,13103.72,2041.628,4793.051
13225.48,2049.329,4868.87,13090.18,1972.416,4993.235,13148.16,1983.601,4862.687,13186.6,1997.489,4954.789,13105.68,2041.628,4791.465
13227.19,2049.329,4867.892,13091.81,1972.416,4992.138,13149.5,1983.601,4861.244,13188.29,1997.489,4953.785,13107.25,2041.628,4790.276
13228.87,2049.329,4866.855,13093.29,1972.416,4990.833,13150.89,1983.601,4859.842,13189.96,1997.489,4952.724,13108.86,2041.628,4789.137
13230.53,2049.329,4865.757,13094.83,1972.416,4989.569,13152.33,1983.601,4858.478,13191.63,1997.489,4951.645,13110.39,2041.628,4787.869
13232.2,2049.329,4864.66,13096.41,1972.416,4988.349,13153.83,1983.601,4857.152,13193.33,1997.489,4950.603,13111.97,2041.628,4786.644
13233.84,2049.329,4863.503,13098.04,1972.416,4987.175,13155.38,1983.601,4855.872,13195.01,1997.489,4949.501,13113.6,2041.628,4785.466
13236.2,2049.329,4861.967,13100.31,1972.416,4985.511,13157.6,1983.601,4854.15,13197.5,1997.489,4948.185,13115.93,2041.628,4783.893
13237.36,2049.329,4861.265,13101.36,1972.416,4984.654,13158.7,1983.601,4853.357,13198.67,1997.489,4947.512,13117.08,2041.628,4783.173
13239.04,2049.329,4860.317,13102.89,1972.416,4983.479,13160.3,1983.601,4852.276,13200.32,1997.489,4946.497,13118.75,2041.628,4782.198
13240.79,2049.329,4859.255,13104.56,1972.416,4982.289,13162.04,1983.601,4851.187,13202.03,1997.489,4945.365,13120.55,2041.628,4781.225
13242.53,2049.329,4858.141,13106.07,1972.416,4980.886,13163.81,1983.601,4850.136,13203.71,1997.489,4944.168,13122.34,2041.628,4780.195
13244.29,2049.329,4857.035,13107.64,1972.416,4979.529,13165.63,1983.601,4849.129,13205.51,1997.489,4943.141,13124.11,2041.628,4779.114
13246.57,2049.329,4855.313,13109.86,1972.416,4977.731,13168.16,1983.601,4847.809,13207.94,1997.489,4941.644,13126.5,2041.628,4777.56
13247.12,2049.329,4854.89,13110.41,1972.416,4977.301,13168.79,1983.601,4847.508,13208.52,1997.489,4941.26,13127.1,2041.628,4777.2
13249.94,2049.329,4852.726,13113.27,1972.416,4975.198,13171.94,1983.601,4845.869,13211.42,1997.489,4939.205,13130.2,2041.628,4775.466
13251.35,2049.329,4851.65,13114.62,1972.416,4974.041,13173.48,1983.601,4845,13212.8,1997.489,4938.091,13131.63,2041.628,4774.42
13252.03,2049.329,4851.034,13115.33,1972.416,4973.463,13174.27,1983.601,4844.522,13213.54,1997.489,4937.536,13132.39,2041.628,4773.901
13254.48,2049.329,4848.972,13117.82,1972.416,4971.448,13176.96,1983.601,4842.773,13216.31,1997.489,4935.936,13135.1,2041.628,4772.185
13255.83,2049.329,4847.89,13119.21,1972.416,4970.404,13178.4,1983.601,4841.82,13217.79,1997.489,4935.03,13136.59,2041.628,4771.306
13258.08,2049.329,4846.182,13121.51,1972.416,4968.779,13180.95,1983.601,4840.618,13220.15,1997.489,4933.494,13139.05,2041.628,4769.927
13259.47,2049.329,4845.178,13122.94,1972.416,4967.835,13182.52,1983.601,4839.938,13221.57,1997.489,4932.528,13140.57,2041.628,4769.136
13261.6,2049.329,4843.723,13125.15,1972.416,4966.502,13184.86,1983.601,4838.837,13223.68,1997.489,4931.041,13142.9,2041.628,4768.017
13263.05,2049.329,4842.789,13126.6,1972.416,4965.563,13186.4,1983.601,4838.051,13225.08,1997.489,4930.029,13144.48,2041.628,4767.32
13264.67,2049.329,4841.802,13128.26,1972.416,4964.641,13188.17,1983.601,4837.354,13226.6,1997.489,4928.892,13146.29,2041.628,4766.767
13266.6,2049.329,4840.701,13130.16,1972.416,4963.5,13190.2,1983.601,4836.473,13228.37,1997.489,4927.56,13148.43,2041.628,4766.176
13268.94,2049.329,4839.444,13132.4,1972.416,4962.06,13192.6,1983.601,4835.338,13230.54,1997.489,4926.032,13150.97,2041.628,4765.385
13269.78,2049.329,4838.994,13133.18,1972.416,4961.516,13193.46,1983.601,4834.923,13231.34,1997.489,4925.508,13151.87,2041.628,4765.076
13272.63,2049.329,4837.331,13135.95,1972.416,4959.729,13196.42,1983.601,4833.47,13234.15,1997.489,4923.791,13154.96,2041.628,4763.93
13274.17,2049.329,4836.442,13137.45,1972.416,4958.771,13198.01,1983.601,4832.672,13235.7,1997.489,4922.913,13156.61,2041.628,4763.266
13276.11,2049.329,4835.408,13139.26,1972.416,4957.516,13199.97,1983.601,4831.672,13237.65,1997.489,4921.892,13158.63,2041.628,4762.394
13278.09,2049.329,4834.434,13141.11,1972.416,4956.316,13201.92,1983.601,4830.653,13239.64,1997.489,4920.931,13160.63,2041.628,4761.464
13279.98,2049.329,4833.296,13142.99,1972.416,4955.153,13203.87,1983.601,4829.619,13241.65,1997.489,4920.035,13162.61,2041.628,4760.482
13281.9,2049.329,4832.206,13144.9,1972.416,4954.053,13205.81,1983.601,4828.57,13243.7,1997.489,4919.206,13164.55,2041.628,4759.449
13283.85,2049.329,4831.158,13146.86,1972.416,4953.009,13207.75,1983.601,4827.5,13245.78,1997.489,4918.438,13166.49,2041.628,4758.358
13285.87,2049.329,4830.139,13148.88,1972.416,4952.012,13209.72,1983.601,4826.396,13247.92,1997.489,4917.725,13168.42,2041.628,4757.194
13288.33,2049.329,4828.97,13151.33,1972.416,4950.809,13212.08,1983.601,4825.046,13250.53,1997.489,4916.95,13170.72,2041.628,4755.731
13289.22,2049.329,4828.573,13152.21,1972.416,4950.407,13212.94,1983.601,4824.586,13251.46,1997.489,4916.645,13171.53,2041.628,4755.186
13292.33,2049.329,4827.277,13155.32,1972.416,4949.107,13215.95,1983.601,4823.075,13254.62,1997.489,4915.498,13174.27,2041.628,4753.229
13294.02,2049.329,4826.619,13157.02,1972.416,4948.46,13217.6,1983.601,4822.302,13256.31,1997.489,4914.83,13175.72,2041.628,4752.132
13296.13,2049.329,4825.865,13159.16,1972.416,4947.793,13219.54,1983.601,4821.189,13258.37,1997.489,4913.951,13177.55,2041.628,4750.841
13298.23,2049.329,4825.177,13161.26,1972.416,4947.116,13221.41,1983.601,4820.002,13260.38,1997.489,4913.029,13179.39,2041.628,4749.627
13300.28,2049.329,4824.564,13163.27,1972.416,4946.395,13223.25,1983.601,4818.914,13262.3,1997.489,4912.086,13181.22,2041.628,4748.512
13302.27,2049.329,4824.023,13165.24,1972.416,4945.756,13225.05,1983.601,4817.911,13264.13,1997.489,4911.13,13183.01,2041.628,4747.493
13304.23,2049.329,4823.547,13167.13,1972.416,4945.07,13226.84,1983.601,4816.988,13265.89,1997.489,4910.157,13184.8,2041.628,4746.555
13306.11,2049.329,4823.023,13168.95,1972.416,4944.346,13228.61,1983.601,4816.153,13267.63,1997.489,4909.271,13186.55,2041.628,4745.705
13307.9,2049.329,4822.462,13170.67,1972.416,4943.594,13230.32,1983.601,4815.393,13269.33,1997.489,4908.475,13188.27,2041.628,4744.943
13309.63,2049.329,4821.868,13172.43,1972.416,4943.116,13232.02,1983.601,4814.707,13270.99,1997.489,4907.7,13189.96,2041.628,4744.255
13311.8,2049.329,4821.044,13174.65,1972.416,4942.438,13234.03,1983.601,4813.547,13273.12,1997.489,4906.787,13192.02,2041.628,4743.186
13313.11,2049.329,4820.646,13175.95,1972.416,4941.995,13235.24,1983.601,4812.902,13274.4,1997.489,4906.29,13193.22,2041.628,4742.516
13314.49,2049.329,4820.176,13177.34,1972.416,4941.552,13236.55,1983.601,4812.256,13275.8,1997.489,4905.863,13194.49,2041.628,4741.796
13317.13,2049.329,4819.181,13180.05,1972.416,4940.785,13239.12,1983.601,4811.094,13278.52,1997.489,4905.145,13196.87,2041.628,4740.287
13317.5,2049.329,4819.057,13180.42,1972.416,4940.669,13239.47,1983.601,4810.946,13278.89,1997.489,4905.035,13197.21,2041.628,4740.092
13319.5,2049.329,4818.584,13182.4,1972.416,4940.118,13241.36,1983.601,4810.137,13280.87,1997.489,4904.457,13199.01,2041.628,4739.108
13320.43,2049.329,4818.33,13183.33,1972.416,4939.828,13242.26,1983.601,4809.784,13281.79,1997.489,4904.154,13199.87,2041.628,4738.672
13322.73,2049.329,4817.624,13185.67,1972.416,4939.291,13244.42,1983.601,4808.708,13284.1,1997.489,4903.477,13202.06,2041.628,4737.66
13323.05,2049.329,4817.517,13186,1972.416,4939.205,13244.72,1983.601,4808.567,13284.42,1997.489,4903.397,13202.37,2041.628,4737.529
13324.28,2049.329,4817.072,13187.27,1972.416,4938.915,13245.92,1983.601,4808.063,13285.68,1997.489,4903.048,13203.57,2041.628,4737.021
13325.45,2049.329,4816.526,13188.52,1972.416,4938.585,13247.11,1983.601,4807.555,13286.91,1997.489,4902.661,13204.77,2041.628,4736.557
13326.84,2049.329,4815.93,13189.99,1972.416,4938.201,13248.53,1983.601,4807.004,13288.35,1997.489,4902.158,13206.21,2041.628,4736.057
13327.7,2049.329,4815.597,13190.87,1972.416,4937.94,13249.33,1983.601,4806.564,13289.2,1997.489,4901.827,13207.07,2041.628,4735.748
13329.25,2049.329,4814.938,13192.46,1972.416,4937.41,13250.81,1983.601,4805.755,13290.75,1997.489,4901.168,13208.63,2041.628,4735.13
13330.59,2049.329,4814.311,13193.87,1972.416,4936.949,13252.13,1983.601,4805.084,13292.11,1997.489,4900.589,13210,2041.628,4734.54
13331.01,2049.329,4814.11,13194.31,1972.416,4936.79,13252.52,1983.601,4804.833,13292.54,1997.489,4900.392,13210.42,2041.628,4734.34
13331.92,2049.329,4813.792,13195.23,1972.416,4936.518,13253.35,1983.601,4804.344,13293.43,1997.489,4900.031,13211.29,2041.628,4733.938
13332.93,2049.329,4813.401,13196.29,1972.416,4936.282,13254.3,1983.601,4803.825,13294.45,1997.489,4899.679,13212.26,2041.628,4733.454
13333.75,2049.329,4813.053,13197.15,1972.416,4936.059,13255.09,1983.601,4803.424,13295.28,1997.489,4899.362,13213.06,2041.628,4733.061
13334.63,2049.329,4812.643,13198.09,1972.416,4935.822,13255.93,1983.601,4802.938,13296.21,1997.489,4899.072,13213.94,2041.628,4732.66
13335.5,2049.329,4812.273,13199.02,1972.416,4935.664,13256.77,1983.601,4802.491,13297.1,1997.489,4898.76,13214.76,2041.628,4732.181
13336.16,2049.329,4812.015,13199.72,1972.416,4935.522,13257.41,1983.601,4802.175,13297.77,1997.489,4898.503,13215.38,2041.628,4731.84
13337.59,2049.329,4811.568,13201.18,1972.416,4935.176,13258.77,1983.601,4801.556,13299.1,1997.489,4897.824,13216.72,2041.628,4731.168
13338.63,2049.329,4811.234,13202.23,1972.416,4934.89,13259.78,1983.601,4801.138,13300.09,1997.489,4897.361,13217.71,2041.628,4730.711
13338.83,2049.329,4811.177,13202.43,1972.416,4934.83,13259.97,1983.601,4801.06,13300.28,1997.489,4897.278,13217.9,2041.628,4730.63
13339.91,2049.329,4810.938,13203.49,1972.416,4934.538,13261.01,1983.601,4800.677,13301.31,1997.489,4896.875,13218.92,2041.628,4730.207
13340.67,2049.329,4810.804,13204.25,1972.416,4934.386,13261.74,1983.601,4800.434,13302.04,1997.489,4896.617,13219.65,2041.628,4729.934
13340.99,2049.329,4810.74,13204.57,1972.416,4934.311,13262.05,1983.601,4800.317,13302.34,1997.489,4896.501,13219.96,2041.628,4729.828
13342.06,2049.329,4810.552,13205.62,1972.416,4934.039,13263.07,1983.601,4799.965,13303.37,1997.489,4896.152,13220.92,2041.628,4729.335
13342.53,2049.329,4810.453,13206.09,1972.416,4933.902,13263.54,1983.601,4799.823,13303.82,1997.489,4895.97,13221.36,2041.628,4729.13
13343.2,2049.329,4810.341,13206.73,1972.416,4933.688,13264.18,1983.601,4799.602,13304.46,1997.489,4895.734,13221.99,2041.628,4728.86
13343.86,2049.329,4810.209,13207.39,1972.416,4933.564,13264.82,1983.601,4799.406,13305.09,1997.489,4895.524,13222.61,2041.628,4728.618
13344.49,2049.329,4810.061,13208.02,1972.416,4933.422,13265.43,1983.601,4799.191,13305.71,1997.489,4895.34,13223.22,2041.628,4728.401
13345.1,2049.329,4809.896,13208.63,1972.416,4933.265,13266.03,1983.601,4798.988,13306.3,1997.489,4895.124,13223.8,2041.628,4728.148
13345.75,2049.329,4809.698,13209.28,1972.416,4933.073,13266.64,1983.601,4798.704,13306.94,1997.489,4894.88,13224.43,2041.628,4727.896
13346.37,2049.329,4809.484,13209.91,1972.416,4932.866,13267.25,1983.601,4798.447,13307.54,1997.489,4894.615,13225.05,2041.628,4727.67
13346.91,2049.329,4809.365,13210.45,1972.416,4932.735,13267.77,1983.601,4798.235,13308.04,1997.489,4894.371,13225.58,2041.628,4727.493
13347.57,2049.329,4809.199,13211.1,1972.416,4932.554,13268.4,1983.601,4797.998,13308.66,1997.489,4894.093,13226.19,2041.628,4727.212
13347.78,2049.329,4809.163,13211.3,1972.416,4932.495,13268.6,1983.601,4797.931,13308.85,1997.489,4894.014,13226.38,2041.628,4727.132
13348.62,2049.329,4808.987,13212.13,1972.416,4932.223,13269.42,1983.601,4797.652,13309.66,1997.489,4893.711,13227.19,2041.628,4726.803
13349.03,2049.329,4808.905,13212.52,1972.416,4932.083,13269.81,1983.601,4797.528,13310.06,1997.489,4893.579,13227.57,2041.628,4726.657
13349.24,2049.329,4808.871,13212.71,1972.416,4932.02,13270.01,1983.601,4797.473,13310.26,1997.489,4893.519,13227.77,2041.628,4726.591
13350.16,2049.329,4808.705,13213.62,1972.416,4931.761,13270.93,1983.601,4797.252,13311.17,1997.489,4893.278,13228.67,2041.628,4726.319
13350.4,2049.329,4808.67,13213.85,1972.416,4931.671,13271.17,1983.601,4797.203,13311.4,1997.489,4893.223,13228.91,2041.628,4726.257
13350.8,2049.329,4808.626,13214.22,1972.416,4931.536,13271.56,1983.601,4797.135,13311.79,1997.489,4893.147,13229.29,2041.628,4726.168
13351.24,2049.329,4808.587,13214.64,1972.416,4931.397,13272,1983.601,4797.073,13312.23,1997.489,4893.051,13229.73,2041.628,4726.082
13351.61,2049.329,4808.564,13214.99,1972.416,4931.296,13272.36,1983.601,4796.999,13312.58,1997.489,4892.952,13230.09,2041.628,4726.023
13352.15,2049.329,4808.512,13215.53,1972.416,4931.16,13272.9,1983.601,4796.903,13313.1,1997.489,4892.77,13230.63,2041.628,4725.882
13352.36,2049.329,4808.46,13215.73,1972.416,4931.102,13273.1,1983.601,4796.874,13313.3,1997.489,4892.707,13230.83,2041.628,4725.836
13353.01,2049.329,4808.232,13216.39,1972.416,4930.887,13273.79,1983.601,4796.754,13313.96,1997.489,4892.521,13231.51,2041.628,4725.704
13353.38,2049.329,4808.115,13216.76,1972.416,4930.778,13274.17,1983.601,4796.674,13314.34,1997.489,4892.418,13231.89,2041.628,4725.642
13353.58,2049.329,4808.06,13216.96,1972.416,4930.727,13274.37,1983.601,4796.621,13314.54,1997.489,4892.354,13232.1,2041.628,4725.615
13354.18,2049.329,4807.915,13217.55,1972.416,4930.562,13274.97,1983.601,4796.484,13315.13,1997.489,4892.186,13232.7,2041.628,4725.519
13354.38,2049.329,4807.873,13217.76,1972.416,4930.52,13275.17,1983.601,4796.444,13315.33,1997.489,4892.129,13232.91,2041.628,4725.492
13354.64,2049.329,4807.827,13218.02,1972.416,4930.483,13275.43,1983.601,4796.402,13315.58,1997.489,4892.047,13233.18,2041.628,4725.467
13354.96,2049.329,4807.783,13218.33,1972.416,4930.429,13275.74,1983.601,4796.341,13315.88,1997.489,4891.959,13233.49,2041.628,4725.448
13355.37,2049.329,4807.695,13218.74,1972.416,4930.343,13276.16,1983.601,4796.274,13316.29,1997.489,4891.856,13233.91,2041.628,4725.437
13355.65,2049.329,4807.645,13219.02,1972.416,4930.275,13276.44,1983.601,4796.238,13316.57,1997.489,4891.795,13234.2,2041.628,4725.431
13355.85,2049.329,4807.615,13219.22,1972.416,4930.22,13276.65,1983.601,4796.218,13316.77,1997.489,4891.743,13234.4,2041.628,4725.434
13356.12,2049.329,4807.586,13219.47,1972.416,4930.127,13276.91,1983.601,4796.201,13317.03,1997.489,4891.684,13234.67,2041.628,4725.447
13356.38,2049.329,4807.565,13219.72,1972.416,4930.042,13277.18,1983.601,4796.193,13317.29,1997.489,4891.634,13234.93,2041.628,4725.468
13356.69,2049.329,4807.527,13220.02,1972.416,4929.951,13277.49,1983.601,4796.194,13317.6,1997.489,4891.584,13235.25,2041.628,4725.503
13356.9,2049.329,4807.509,13220.23,1972.416,4929.897,13277.7,1983.601,4796.202,13317.81,1997.489,4891.559,13235.45,2041.628,4725.534
13357.34,2049.329,4807.486,13220.64,1972.416,4929.759,13278.14,1983.601,4796.231,13318.24,1997.489,4891.473,13235.89,2041.628,4725.592
13357.57,2049.329,4807.481,13220.86,1972.416,4929.693,13278.37,1983.601,4796.255,13318.46,1997.489,4891.434,13236.11,2041.628,4725.629
13357.78,2049.329,4807.483,13221.06,1972.416,4929.637,13278.58,1983.601,4796.252,13318.67,1997.489,4891.405,13236.32,2041.628,4725.668
13357.99,2049.329,4807.493,13221.26,1972.416,4929.588,13278.78,1983.601,4796.257,13318.88,1997.489,4891.383,13236.52,2041.628,4725.715
13358.31,2049.329,4807.505,13221.58,1972.416,4929.522,13279.11,1983.601,4796.274,13319.2,1997.489,4891.359,13236.84,2041.628,4725.779
13358.52,2049.329,4807.52,13221.79,1972.416,4929.486,13279.32,1983.601,4796.292,13319.41,1997.489,4891.349,13237.04,2041.628,4725.826
13358.82,2049.329,4807.55,13222.09,1972.416,4929.444,13279.62,1983.601,4796.315,13319.71,1997.489,4891.345,13237.34,2041.628,4725.877
13359.03,2049.329,4807.578,13222.3,1972.416,4929.422,13279.83,1983.601,4796.338,13319.92,1997.489,4891.349,13237.55,2041.628,4725.919
13359.35,2049.329,4807.632,13222.62,1972.416,4929.399,13280.15,1983.601,4796.383,13320.25,1997.489,4891.346,13237.86,2041.628,4725.995
13359.55,2049.329,4807.673,13222.83,1972.416,4929.377,13280.35,1983.601,4796.419,13320.45,1997.489,4891.352,13238.06,2041.628,4726.05
13359.75,2049.329,4807.722,13223.03,1972.416,4929.342,13280.56,1983.601,4796.462,13320.66,1997.489,4891.364,13238.26,2041.628,4726.111
13360.09,2049.329,4807.813,13223.37,1972.416,4929.296,13280.89,1983.601,4796.544,13321,1997.489,4891.395,13238.6,2041.628,4726.189
13360.29,2049.329,4807.874,13223.58,1972.416,4929.275,13281.1,1983.601,4796.58,13321.21,1997.489,4891.387,13238.8,2041.628,4726.243
13360.49,2049.329,4807.929,13223.79,1972.416,4929.278,13281.3,1983.601,4796.62,13321.42,1997.489,4891.386,13239,2041.628,4726.304
13360.69,2049.329,4807.992,13224,1972.416,4929.293,13281.5,1983.601,4796.667,13321.63,1997.489,4891.389,13239.2,2041.628,4726.371
13360.92,2049.329,4808.072,13224.24,1972.416,4929.303,13281.74,1983.601,4796.73,13321.87,1997.489,4891.396,13239.42,2041.628,4726.456
13361.11,2049.329,4808.14,13224.45,1972.416,4929.322,13281.94,1983.601,4796.791,13322.08,1997.489,4891.41,13239.62,2041.628,4726.536
13361.34,2049.329,4808.225,13224.69,1972.416,4929.335,13282.17,1983.601,4796.869,13322.32,1997.489,4891.433,13239.84,2041.628,4726.624
13361.53,2049.329,4808.305,13224.9,1972.416,4929.341,13282.36,1983.601,4796.942,13322.53,1997.489,4891.458,13240.03,2041.628,4726.707
13361.73,2049.329,4808.384,13225.1,1972.416,4929.339,13282.56,1983.601,4797.017,13322.73,1997.489,4891.491,13240.22,2041.628,4726.795
13361.92,2049.329,4808.468,13225.31,1972.416,4929.314,13282.75,1983.601,4797.092,13322.94,1997.489,4891.512,13240.41,2041.628,4726.891
13362.1,2049.329,4808.558,13225.52,1972.416,4929.296,13282.94,1983.601,4797.173,13323.15,1997.489,4891.53,13240.59,2041.628,4726.986
13362.34,2049.329,4808.683,13225.79,1972.416,4929.281,13283.19,1983.601,4797.286,13323.42,1997.489,4891.563,13240.83,2041.628,4727.117
13362.53,2049.329,4808.767,13226,1972.416,4929.27,13283.38,1983.601,4797.379,13323.62,1997.489,4891.596,13241.01,2041.628,4727.224
13362.72,2049.329,4808.855,13226.2,1972.416,4929.266,13283.55,1983.601,4797.498,13323.83,1997.489,4891.635,13241.18,2041.628,4727.336
13362.91,2049.329,4808.95,13226.41,1972.416,4929.263,13283.72,1983.601,4797.611,13324.03,1997.489,4891.681,13241.35,2041.628,4727.455
13363.37,2049.329,4809.121,13226.9,1972.416,4929.272,13284.14,1983.601,4797.863,13324.5,1997.489,4891.804,13241.75,2041.628,4727.747
13363.61,2049.329,4809.221,13227.17,1972.416,4929.285,13284.37,1983.601,4797.991,13324.76,1997.489,4891.876,13241.97,2041.628,4727.89
13364,2049.329,4809.387,13227.59,1972.416,4929.3,13284.75,1983.601,4798.186,13325.16,1997.489,4892.006,13242.32,2041.628,4728.132
13364.59,2049.329,4809.66,13228.24,1972.416,4929.345,13285.34,1983.601,4798.465,13325.79,1997.489,4892.19,13242.86,2041.628,4728.484
13364.94,2049.329,4809.833,13228.62,1972.416,4929.384,13285.68,1983.601,4798.64,13326.15,1997.489,4892.31,13243.19,2041.628,4728.682
13365.63,2049.329,4810.201,13229.4,1972.416,4929.489,13286.39,1983.601,4798.976,13326.89,1997.489,4892.58,13243.88,2041.628,4729.063
13366.31,2049.329,4810.667,13230.21,1972.416,4929.626,13287.16,1983.601,4799.268,13327.67,1997.489,4892.839,13244.61,2041.628,4729.44
13366.49,2049.329,4810.778,13230.42,1972.416,4929.664,13287.36,1983.601,4799.342,13327.87,1997.489,4892.909,13244.8,2041.628,4729.524
13367.51,2049.329,4811.378,13231.58,1972.416,4929.913,13288.48,1983.601,4799.722,13328.97,1997.489,4893.34,13245.85,2041.628,4730.082
13368.04,2049.329,4811.681,13232.17,1972.416,4930.061,13289.05,1983.601,4799.937,13329.52,1997.489,4893.608,13246.4,2041.628,4730.352
13368.98,2049.329,4812.18,13233.21,1972.416,4930.319,13290.04,1983.601,4800.345,13330.5,1997.489,4894.047,13247.35,2041.628,4730.837
13370.1,2049.329,4812.84,13234.46,1972.416,4930.675,13291.24,1983.601,4800.848,13331.61,1997.489,4894.709,13248.43,2041.628,4731.56
13370.86,2049.329,4813.166,13235.25,1972.416,4930.915,13291.99,1983.601,4801.191,13332.33,1997.489,4895.114,13249.11,2041.628,4732.018
13371.09,2049.329,4813.273,13235.49,1972.416,4930.98,13292.21,1983.601,4801.302,13332.56,1997.489,4895.231,13249.33,2041.628,4732.155
13372.66,2049.329,4814.075,13237.18,1972.416,4931.493,13293.79,1983.601,4802.1,13334.15,1997.489,4895.996,13250.83,2041.628,4733.086
13373.55,2049.329,4814.544,13238.13,1972.416,4931.816,13294.67,1983.601,4802.571,13335.04,1997.489,4896.465,13251.69,2041.628,4733.601
13374.22,2049.329,4814.924,13238.85,1972.416,4932.086,13295.34,1983.601,4802.943,13335.72,1997.489,4896.8,13252.35,2041.628,4733.981
13375.2,2049.329,4815.531,13239.92,1972.416,4932.529,13296.34,1983.601,4803.524,13336.71,1997.489,4897.399,13253.37,2041.628,4734.539
13376.98,2049.329,4816.521,13241.78,1972.416,4933.349,13298.08,1983.601,4804.575,13338.49,1997.489,4898.392,13255.16,2041.628,4735.484
13378.44,2049.329,4817.193,13243.25,1972.416,4933.979,13299.44,1983.601,4805.431,13339.91,1997.489,4899.131,13256.6,2041.628,4736.205
13379.13,2049.329,4817.54,13243.98,1972.416,4934.259,13300.09,1983.601,4805.854,13340.61,1997.489,4899.464,13257.3,2041.628,4736.538
13379.62,2049.329,4817.806,13244.5,1972.416,4934.457,13300.57,1983.601,4806.144,13341.12,1997.489,4899.708,13257.79,2041.628,4736.796
13381.29,2049.329,4818.703,13246.25,1972.416,4935.184,13302.22,1983.601,4807.073,13342.79,1997.489,4900.587,13259.45,2041.628,4737.722
13382.08,2049.329,4819.165,13247.05,1972.416,4935.638,13303,1983.601,4807.551,13343.62,1997.489,4900.988,13260.24,2041.628,4738.186
13383.24,2049.329,4819.819,13248.22,1972.416,4936.256,13304.16,1983.601,4808.204,13344.8,1997.489,4901.606,13261.37,2041.628,4738.893
13384.77,2049.329,4820.741,13249.83,1972.416,4937.033,13305.69,1983.601,4809.13,13346.35,1997.489,4902.487,13262.78,2041.628,4739.983
13386.27,2049.329,4821.716,13251.46,1972.416,4937.791,13307.2,1983.601,4810.087,13347.79,1997.489,4903.553,13264.21,2041.628,4741.056
13386.58,2049.329,4821.93,13251.79,1972.416,4937.96,13307.51,1983.601,4810.293,13348.1,1997.489,4903.766,13264.52,2041.628,4741.276
13388.23,2049.329,4822.941,13253.48,1972.416,4938.888,13309.11,1983.601,4811.378,13349.72,1997.489,4904.812,13266.1,2041.628,4742.385
13389.51,2049.329,4823.788,13254.81,1972.416,4939.67,13310.37,1983.601,4812.262,13351.04,1997.489,4905.602,13267.37,2041.628,4743.247
13390.79,2049.329,4824.694,13256.18,1972.416,4940.424,13311.63,1983.601,4813.184,13352.36,1997.489,4906.452,13268.68,2041.628,4744.106
13391.98,2049.329,4825.743,13257.55,1972.416,4941.232,13312.9,1983.601,4814.136,13353.77,1997.489,4907.178,13270.02,2041.628,4744.953
13393.5,2049.329,4827.001,13259.14,1972.416,4942.402,13314.46,1983.601,4815.346,13355.5,1997.489,4908.14,13271.71,2041.628,4745.979
13394.48,2049.329,4827.752,13260.16,1972.416,4943.097,13315.37,1983.601,4816.182,13356.55,1997.489,4908.773,13272.74,2041.628,4746.653
13396.9,2049.329,4829.5,13262.68,1972.416,4944.706,13317.63,1983.601,4818.142,13359.13,1997.489,4910.285,13275.19,2041.628,4748.371
13397.24,2049.329,4829.759,13263.04,1972.416,4944.923,13317.96,1983.601,4818.411,13359.52,1997.489,4910.474,13275.53,2041.628,4748.627
13398.63,2049.329,4830.744,13264.45,1972.416,4945.875,13319.26,1983.601,4819.499,13361.01,1997.489,4911.275,13276.85,2041.628,4749.691
13400.29,2049.329,4832.037,13266.17,1972.416,4947.086,13320.92,1983.601,4820.793,13362.84,1997.489,4912.33,13278.45,2041.628,4751.064
13400.91,2049.329,4832.49,13266.82,1972.416,4947.508,13321.53,1983.601,4821.272,13363.49,1997.489,4912.737,13279.05,2041.628,4751.547
13402.92,2049.329,4834.209,13268.99,1972.416,4949.022,13323.65,1983.601,4822.849,13365.69,1997.489,4914.208,13281.27,2041.628,4752.992
13403.96,2049.329,4835.218,13270.2,1972.416,4949.813,13324.66,1983.601,4823.886,13366.87,1997.489,4915.053,13282.45,2041.628,4753.823
13405.3,2049.329,4836.431,13271.85,1972.416,4950.56,13325.92,1983.601,4825.183,13368.3,1997.489,4916.153,13283.9,2041.628,4754.906
13407.7,2049.329,4838.571,13274.73,1972.416,4951.986,13328.23,1983.601,4827.417,13370.5,1997.489,4918.495,13286.4,2041.628,4756.917
13408.04,2049.329,4838.872,13275.13,1972.416,4952.204,13328.53,1983.601,4827.76,13370.82,1997.489,4918.819,13286.77,2041.628,4757.197
13409.9,2049.329,4840.592,13277.32,1972.416,4953.472,13330.28,1983.601,4829.59,13372.67,1997.489,4920.545,13288.72,2041.628,4758.806
13410.82,2049.329,4841.422,13278.37,1972.416,4954.128,13331.06,1983.601,4830.551,13373.5,1997.489,4921.466,13289.65,2041.628,4759.624
13412.13,2049.329,4842.687,13279.89,1972.416,4955.143,13332.21,1983.601,4831.966,13374.76,1997.489,4922.782,13290.98,2041.628,4760.873
13413.84,2049.329,4844.448,13281.88,1972.416,4956.576,13333.82,1983.601,4833.82,13376.33,1997.489,4924.675,13292.71,2041.628,4762.611
13414.71,2049.329,4845.404,13282.9,1972.416,4957.365,13334.7,1983.601,4834.768,13377.18,1997.489,4925.645,13293.7,2041.628,4763.452
13416.2,2049.329,4846.963,13284.57,1972.416,4958.734,13336.13,1983.601,4836.378,13378.64,1997.489,4927.234,13295.39,2041.628,4764.786
13417.64,2049.329,4848.206,13286,1972.416,4959.992,13337.44,1983.601,4837.759,13379.97,1997.489,4928.596,13296.84,2041.628,4766.012
13419.13,2049.329,4849.378,13287.47,1972.416,4961.179,13338.71,1983.601,4839.169,13381.34,1997.489,4929.907,13298.29,2041.628,4767.236
13420.68,2049.329,4850.681,13289.09,1972.416,4962.394,13340.11,1983.601,4840.63,13382.84,1997.489,4931.258,13299.79,2041.628,4768.593
13421.97,2049.329,4851.844,13290.52,1972.416,4963.392,13341.19,1983.601,4841.993,13384.17,1997.489,4932.377,13301.15,2041.628,4769.673
13423.39,2049.329,4853.206,13292.13,1972.416,4964.515,13342.46,1983.601,4843.493,13385.72,1997.489,4933.591,13302.65,2041.628,4770.943
13424.78,2049.329,4854.633,13293.8,1972.416,4965.601,13343.8,1983.601,4844.971,13387.41,1997.489,4934.646,13304.17,2041.628,4772.234
13426.23,2049.329,4856.019,13295.51,1972.416,4966.635,13345.19,1983.601,4846.41,13389.08,1997.489,4935.759,13305.65,2041.628,4773.579
13427.85,2049.329,4857.195,13297.26,1972.416,4967.614,13346.63,1983.601,4847.804,13390.76,1997.489,4936.837,13307.09,2041.628,4774.974
13429.45,2049.329,4858.434,13299,1972.416,4968.648,13348.09,1983.601,4849.201,13392.43,1997.489,4937.98,13308.5,2041.628,4776.427
13431.04,2049.329,4859.687,13300.71,1972.416,4969.741,13349.6,1983.601,4850.551,13394.06,1997.489,4939.18,13309.95,2041.628,4777.837
13432.75,2049.329,4860.79,13302.39,1972.416,4970.898,13351.08,1983.601,4851.959,13395.79,1997.489,4940.264,13311.46,2041.628,4779.209
13434.44,2049.329,4861.951,13304.11,1972.416,4972.001,13352.6,1983.601,4853.324,13397.49,1997.489,4941.403,13313.11,2041.628,4780.417
13436.13,2049.329,4863.2,13305.71,1972.416,4973.368,13354.2,1983.601,4854.678,13399.2,1997.489,4942.629,13314.77,2041.628,4781.712
13438.23,2049.329,4864.862,13307.67,1972.416,4975.196,13356.31,1983.601,4856.342,13401.33,1997.489,4944.259,13317.04,2041.628,4783.137
13439.32,2049.329,4865.763,13308.73,1972.416,4976.125,13357.44,1983.601,4857.185,13402.42,1997.489,4945.154,13318.21,2041.628,4783.927
13440.87,2049.329,4867.151,13310.34,1972.416,4977.441,13359.15,1983.601,4858.372,13403.99,1997.489,4946.52,13319.9,2041.628,4785.146
13442.48,2049.329,4868.495,13311.76,1972.416,4978.984,13360.91,1983.601,4859.512,13405.53,1997.489,4947.941,13321.63,2041.628,4786.316
13443.87,2049.329,4870.074,13313.19,1972.416,4980.53,13362.63,1983.601,4860.715,13407.12,1997.489,4949.319,13323.3,2041.628,4787.597
13445.3,2049.329,4871.666,13314.69,1972.416,4982.057,13364.43,1983.601,4861.878,13408.69,1997.489,4950.775,13324.97,2041.628,4788.946
13447.21,2049.329,4873.649,13316.69,1972.416,4983.954,13366.7,1983.601,4863.448,13410.72,1997.489,4952.639,13327.02,2041.628,4790.778
13448.25,2049.329,4874.653,13317.76,1972.416,4984.911,13367.85,1983.601,4864.307,13411.81,1997.489,4953.579,13328.13,2041.628,4791.7
13449.82,2049.329,4876.087,13319.3,1972.416,4986.389,13369.52,1983.601,4865.632,13413.41,1997.489,4954.988,13329.81,2041.628,4793.01
13451.19,2049.329,4877.737,13320.79,1972.416,4987.93,13371.22,1983.601,4866.948,13414.99,1997.489,4956.436,13331.65,2041.628,4794.121
13452.58,2049.329,4879.37,13322.33,1972.416,4989.421,13372.91,1983.601,4868.269,13416.66,1997.489,4957.785,13333.44,2041.628,4795.292
13454.03,2049.329,4880.953,13323.86,1972.416,4990.918,13374.55,1983.601,4869.642,13418.44,1997.489,4958.979,13335.2,2041.628,4796.519
13455.54,2049.329,4882.508,13325.46,1972.416,4992.384,13376.05,1983.601,4871.205,13420.2,1997.489,4960.249,13337.06,2041.628,4797.64
13457.09,2049.329,4884.018,13327.11,1972.416,4993.793,13377.61,1983.601,4872.714,13421.92,1997.489,4961.563,13338.87,2041.628,4798.818
13458.68,2049.329,4885.487,13328.8,1972.416,4995.151,13379.17,1983.601,4874.213,13423.6,1997.489,4962.927,13340.65,2041.628,4800.058
13460.32,2049.329,4886.915,13330.33,1972.416,4996.69,13380.69,1983.601,4875.765,13425.25,1997.489,4964.34,13342.39,2041.628,4801.357
13462.21,2049.329,4888.469,13332.11,1972.416,4998.366,13382.46,1983.601,4877.454,13427.06,1997.489,4965.98,13344.3,2041.628,4802.883
13463.91,2049.329,4889.792,13333.72,1972.416,4999.788,13384.06,1983.601,4878.889,13428.62,1997.489,4967.468,13345.94,2041.628,4804.28
13465.64,2049.329,4891.069,13335.39,1972.416,5001.16,13385.72,1983.601,4880.274,13430.13,1997.489,4969.001,13347.75,2041.628,4805.457
13467.43,2049.329,4892.474,13337.09,1972.416,5002.662,13387.31,1983.601,4881.892,13431.67,1997.489,4970.677,13349.62,2041.628,4806.75
13470,2049.329,4894.634,13339.7,1972.416,5004.771,13389.75,1983.601,4884.201,13433.87,1997.489,4973.206,13352.31,2041.628,4808.749
13470.86,2049.329,4895.411,13340.58,1972.416,5005.531,13390.51,1983.601,4885.074,13434.64,1997.489,4974.081,13353.24,2041.628,4809.452
13471.94,2049.329,4896.443,13341.74,1972.416,5006.476,13391.48,1983.601,4886.209,13435.66,1997.489,4975.169,13354.39,2041.628,4810.392
13473.73,2049.329,4898.283,13343.67,1972.416,5008.17,13393.21,1983.601,4888.109,13437.48,1997.489,4976.988,13356.33,2041.628,4812.076
13475.27,2049.329,4899.897,13345.3,1972.416,5009.691,13394.74,1983.601,4889.734,13439.1,1997.489,4978.511,13358.04,2041.628,4813.511
13476.86,2049.329,4901.46,13346.79,1972.416,5011.346,13396.08,1983.601,4891.514,13440.68,1997.489,4980.087,13359.7,2041.628,4815.001
13478.89,2049.329,4903.592,13348.83,1972.416,5013.465,13397.92,1983.601,4893.806,13442.95,1997.489,4981.954,13361.82,2041.628,4817.04
13479.66,2049.329,4904.456,13349.66,1972.416,5014.271,13398.67,1983.601,4894.687,13443.82,1997.489,4982.714,13362.63,2041.628,4817.867
13481.49,2049.329,4906.67,13351.79,1972.416,5016.207,13400.6,1983.601,4896.824,13445.93,1997.489,4984.671,13364.57,2041.628,4819.991
13483.42,2049.329,4909.213,13354.22,1972.416,5018.279,13402.8,1983.601,4899.136,13448.2,1997.489,4986.915,13366.8,2041.628,4822.272
13484.93,2049.329,4911.088,13356,1972.416,5019.898,13404.51,1983.601,4900.829,13449.86,1997.489,4988.657,13368.74,2041.628,4823.705
13485.29,2049.329,4911.516,13356.42,1972.416,5020.266,13404.92,1983.601,4901.211,13450.24,1997.489,4989.074,13369.18,2041.628,4824.053
13487.93,2049.329,4914.451,13359.43,1972.416,5022.817,13407.88,1983.601,4903.812,13452.78,1997.489,4992.092,13372.18,2041.628,4826.604
13488.32,2049.329,4914.862,13359.85,1972.416,5023.198,13408.3,1983.601,4904.2,13453.13,1997.489,4992.535,13372.6,2041.628,4826.984
13490.32,2049.329,4916.867,13361.89,1972.416,5025.17,13410.43,1983.601,4906.07,13454.84,1997.489,4994.801,13374.93,2041.628,4828.611
13491.85,2049.329,4918.491,13363.53,1972.416,5026.679,13412.06,1983.601,4907.591,13456.23,1997.489,4996.535,13376.71,2041.628,4829.947
13493.32,2049.329,4920.165,13365.11,1972.416,5028.242,13413.63,1983.601,4909.166,13457.69,1997.489,4998.223,13378.45,2041.628,4831.341
13494.92,2049.329,4921.874,13366.73,1972.416,5029.939,13415.46,1983.601,4910.63,13459.27,1997.489,4999.947,13380.23,2041.628,4832.866
13497.37,2049.329,4924.326,13368.81,1972.416,5032.714,13418.1,1983.601,4912.888,13461.7,1997.489,5002.423,13382.93,2041.628,4835.037
13498.24,2049.329,4925.134,13369.55,1972.416,5033.636,13419.01,1983.601,4913.635,13462.49,1997.489,5003.307,13383.83,2041.628,4835.807
13499.9,2049.329,4926.407,13370.92,1972.416,5035.223,13420.59,1983.601,4915.008,13463.93,1997.489,5004.823,13385.46,2041.628,4837.116
13502.21,2049.329,4928.307,13372.94,1972.416,5037.43,13422.68,1983.601,4917.158,13466.07,1997.489,5006.925,13387.75,2041.628,4839.046
13503.19,2049.329,4929.166,13373.85,1972.416,5038.36,13423.5,1983.601,4918.166,13467.01,1997.489,5007.819,13388.72,2041.628,4839.917
13506.11,2049.329,4931.9,13376.75,1972.416,5041.125,13426.14,1983.601,4921.177,13470.25,1997.489,5010.177,13391.6,2041.628,4842.69
13506.53,2049.329,4932.248,13377.15,1972.416,5041.485,13426.5,1983.601,4921.573,13470.69,1997.489,5010.481,13391.96,2041.628,4843.094
13509.28,2049.329,4934.711,13379.98,1972.416,5043.856,13429.11,1983.601,4924.187,13473.68,1997.489,5012.657,13394.51,2041.628,4845.765
13510.36,2049.329,4935.751,13381.16,1972.416,5044.784,13430.18,1983.601,4925.243,13474.92,1997.489,5013.502,13395.43,2041.628,4846.956
13511.41,2049.329,4936.694,13382.3,1972.416,5045.614,13431.21,1983.601,4926.2,13476.06,1997.489,5014.329,13396.33,2041.628,4848.041
13512.49,2049.329,4937.624,13383.48,1972.416,5046.42,13432.29,1983.601,4927.142,13477.18,1997.489,5015.206,13397.27,2041.628,4849.114
13514.25,2049.329,4939.048,13385.39,1972.416,5047.636,13434.04,1983.601,4928.581,13478.93,1997.489,5016.65,13398.81,2041.628,4850.778
13515.63,2049.329,4940.101,13386.88,1972.416,5048.518,13435.41,1983.601,4929.64,13480.23,1997.489,5017.796,13400.02,2041.628,4852.013
13516.78,2049.329,4940.931,13388.08,1972.416,5049.27,13436.56,1983.601,4930.472,13481.26,1997.489,5018.767,13401.05,2041.628,4852.99
13518.14,2049.329,4941.934,13389.55,1972.416,5050.122,13437.96,1983.601,4931.422,13482.46,1997.489,5019.964,13402.32,2041.628,4854.117
13519.62,2049.329,4942.818,13391.01,1972.416,5051.036,13439.4,1983.601,4932.37,13483.72,1997.489,5021.14,13403.64,2041.628,4855.22
13521.8,2049.329,4944.02,13393.07,1972.416,5052.422,13441.6,1983.601,4933.528,13485.59,1997.489,5022.775,13405.56,2041.628,4856.798
13522.12,2049.329,4944.213,13393.39,1972.416,5052.622,13441.95,1983.601,4933.666,13485.88,1997.489,5023.014,13405.86,2041.628,4857.028
13523.95,2049.329,4945.383,13395.17,1972.416,5053.852,13443.94,1983.601,4934.519,13487.6,1997.489,5024.331,13407.62,2041.628,4858.293
13524.77,2049.329,4945.917,13396,1972.416,5054.38,13444.83,1983.601,4934.933,13488.4,1997.489,5024.9,13408.43,2041.628,4858.838
13525.95,2049.329,4946.674,13397.2,1972.416,5055.1,13446.08,1983.601,4935.569,13489.57,1997.489,5025.679,13409.6,2041.628,4859.615
13526.99,2049.329,4947.552,13398.35,1972.416,5055.836,13447.27,1983.601,4936.225,13490.66,1997.489,5026.498,13410.76,2041.628,4860.331
13528.35,2049.329,4948.625,13399.83,1972.416,5056.726,13448.76,1983.601,4937.108,13492.07,1997.489,5027.495,13412.26,2041.628,4861.193
13529.72,2049.329,4949.646,13401.27,1972.416,5057.647,13450.2,1983.601,4938.027,13493.5,1997.489,5028.433,13413.75,2041.628,4862.022
13530.32,2049.329,4950.149,13401.92,1972.416,5058.091,13450.83,1983.601,4938.493,13494.17,1997.489,5028.844,13414.42,2041.628,4862.425
13530.61,2049.329,4950.407,13402.23,1972.416,5058.32,13451.15,1983.601,4938.713,13494.5,1997.489,5029.036,13414.75,2041.628,4862.635
13532.1,2049.329,4951.659,13403.84,1972.416,5059.422,13452.79,1983.601,4939.767,13496.17,1997.489,5030.061,13416.52,2041.628,4863.454
13532.81,2049.329,4952.209,13404.6,1972.416,5059.902,13453.55,1983.601,4940.248,13496.94,1997.489,5030.505,13417.32,2041.628,4863.855
13533.58,2049.329,4952.775,13405.42,1972.416,5060.391,13454.38,1983.601,4940.736,13497.69,1997.489,5031.104,13418.17,2041.628,4864.313
13534.39,2049.329,4953.465,13406.32,1972.416,5060.958,13455.29,1983.601,4941.277,13498.54,1997.489,5031.739,13419.08,2041.628,4864.85
13535.19,2049.329,4954.109,13407.17,1972.416,5061.535,13456.15,1983.601,4941.83,13499.38,1997.489,5032.329,13419.95,2041.628,4865.398
13535.98,2049.329,4954.704,13407.97,1972.416,5062.116,13457.05,1983.601,4942.254,13500.21,1997.489,5032.873,13420.77,2041.628,4865.955
13536.77,2049.329,4955.257,13408.73,1972.416,5062.706,13457.91,1983.601,4942.694,13501.03,1997.489,5033.375,13421.58,2041.628,4866.47
13537.55,2049.329,4955.766,13409.49,1972.416,5063.25,13458.72,1983.601,4943.146,13501.84,1997.489,5033.835,13422.38,2041.628,4866.948
13538.32,2049.329,4956.235,13410.24,1972.416,5063.756,13459.5,1983.601,4943.611,13502.64,1997.489,5034.256,13423.16,2041.628,4867.416
13539.06,2049.329,4956.715,13410.98,1972.416,5064.221,13460.18,1983.601,4944.153,13503.39,1997.489,5034.711,13423.89,2041.628,4867.893
13539.71,2049.329,4957.262,13411.71,1972.416,5064.649,13460.87,1983.601,4944.658,13504.13,1997.489,5035.129,13424.59,2041.628,4868.38
13540.36,2049.329,4957.771,13412.44,1972.416,5065.042,13461.51,1983.601,4945.178,13504.89,1997.489,5035.461,13425.25,2041.628,4868.875
13541,2049.329,4958.244,13413.15,1972.416,5065.396,13462.14,1983.601,4945.658,13505.6,1997.489,5035.8,13425.87,2041.628,4869.371
13541.9,2049.329,4958.872,13414.15,1972.416,5065.853,13463.04,1983.601,4946.292,13506.58,1997.489,5036.298,13426.74,2041.628,4870.048
13542.44,2049.329,4959.23,13414.75,1972.416,5066.104,13463.58,1983.601,4946.651,13507.16,1997.489,5036.609,13427.26,2041.628,4870.432
13542.67,2049.329,4959.373,13415.01,1972.416,5066.201,13463.82,1983.601,4946.793,13507.39,1997.489,5036.745,13427.49,2041.628,4870.585
13543.59,2049.329,4959.901,13416,1972.416,5066.543,13464.73,1983.601,4947.314,13508.29,1997.489,5037.298,13428.38,2041.628,4871.149
13544.07,2049.329,4960.164,13416.53,1972.416,5066.706,13465.17,1983.601,4947.648,13508.75,1997.489,5037.601,13428.85,2041.628,4871.434
13544.66,2049.329,4960.462,13417.15,1972.416,5066.918,13465.71,1983.601,4948.031,13509.29,1997.489,5037.968,13429.43,2041.628,4871.743
13545.24,2049.329,4960.736,13417.76,1972.416,5067.143,13466.24,1983.601,4948.387,13509.82,1997.489,5038.332,13429.99,2041.628,4872.063
13545.81,2049.329,4960.986,13418.33,1972.416,5067.378,13466.77,1983.601,4948.713,13510.33,1997.489,5038.688,13430.52,2041.628,4872.389
13546.36,2049.329,4961.21,13418.88,1972.416,5067.621,13467.29,1983.601,4949.011,13510.82,1997.489,5039.035,13431.03,2041.628,4872.694
13547.06,2049.329,4961.521,13419.56,1972.416,5067.952,13467.94,1983.601,4949.41,13511.45,1997.489,5039.458,13431.74,2041.628,4872.971
13547.46,2049.329,4961.715,13419.96,1972.416,5068.158,13468.33,1983.601,4949.63,13511.83,1997.489,5039.695,13432.15,2041.628,4873.146
13547.87,2049.329,4961.966,13420.38,1972.416,5068.392,13468.73,1983.601,4949.892,13512.25,1997.489,5039.936,13432.58,2041.628,4873.349
13548.34,2049.329,4962.234,13420.84,1972.416,5068.67,13469.19,1983.601,4950.172,13512.72,1997.489,5040.193,13433.07,2041.628,4873.593
13548.84,2049.329,4962.5,13421.32,1972.416,5068.977,13469.66,1983.601,4950.486,13513.23,1997.489,5040.448,13433.56,2041.628,4873.866
13549.38,2049.329,4962.823,13421.83,1972.416,5069.332,13470.19,1983.601,4950.816,13513.79,1997.489,5040.712,13434.1,2041.628,4874.186
13549.83,2049.329,4963.075,13422.25,1972.416,5069.638,13470.62,1983.601,4951.105,13514.27,1997.489,5040.916,13434.56,2041.628,4874.424
13550.35,2049.329,4963.348,13422.72,1972.416,5070.005,13471.13,1983.601,4951.421,13514.82,1997.489,5041.133,13435.08,2041.628,4874.716
13550.54,2049.329,4963.437,13422.88,1972.416,5070.139,13471.31,1983.601,4951.526,13515.02,1997.489,5041.204,13435.27,2041.628,4874.8
13550.95,2049.329,4963.616,13423.21,1972.416,5070.434,13471.7,1983.601,4951.736,13515.43,1997.489,5041.362,13435.67,2041.628,4874.99
13551.53,2049.329,4963.853,13423.67,1972.416,5070.864,13472.25,1983.601,4952.029,13516.01,1997.489,5041.6,13436.25,2041.628,4875.232
13551.87,2049.329,4963.98,13423.94,1972.416,5071.105,13472.58,1983.601,4952.188,13516.34,1997.489,5041.747,13436.58,2041.628,4875.383
13552.43,2049.329,4964.174,13424.39,1972.416,5071.484,13473.12,1983.601,4952.43,13516.88,1997.489,5042.002,13437.11,2041.628,4875.647
13553.05,2049.329,4964.308,13424.9,1972.416,5071.878,13473.69,1983.601,4952.726,13517.47,1997.489,5042.259,13437.71,2041.628,4875.866
13553.73,2049.329,4964.474,13425.46,1972.416,5072.284,13474.31,1983.601,4953.027,13518.11,1997.489,5042.516,13438.36,2041.628,4876.124
13554.46,2049.329,4964.681,13426.09,1972.416,5072.709,13475,1983.601,4953.334,13518.77,1997.489,5042.883,13439.07,2041.628,4876.38
13555.39,2049.329,4964.978,13426.91,1972.416,5073.231,13475.91,1983.601,4953.701,13519.65,1997.489,5043.328,13439.99,2041.628,4876.705
13555.75,2049.329,4965.106,13427.24,1972.416,5073.425,13476.27,1983.601,4953.833,13519.99,1997.489,5043.491,13440.35,2041.628,4876.843
13557.2,2049.329,4965.608,13428.59,1972.416,5074.158,13477.69,1983.601,4954.409,13521.4,1997.489,5044.108,13441.76,2041.628,4877.446
13558.09,2049.329,4965.948,13429.45,1972.416,5074.583,13478.59,1983.601,4954.736,13522.28,1997.489,5044.462,13442.66,2041.628,4877.765
13559.03,2049.329,4966.272,13430.35,1972.416,5074.999,13479.46,1983.601,4955.203,13523.22,1997.489,5044.801,13443.61,2041.628,4878.073
13559.99,2049.329,4966.64,13431.3,1972.416,5075.399,13480.39,1983.601,4955.657,13524.22,1997.489,5045.031,13444.57,2041.628,4878.424
13560.66,2049.329,4966.872,13431.96,1972.416,5075.653,13481.03,1983.601,4955.948,13524.91,1997.489,5045.211,13445.23,2041.628,4878.688
13561.61,2049.329,4967.327,13432.95,1972.416,5075.996,13482,1983.601,4956.348,13525.91,1997.489,5045.503,13446.19,2041.628,4879.109
13562.66,2049.329,4967.793,13434.05,1972.416,5076.337,13483.02,1983.601,4956.885,13527.01,1997.489,5045.861,13447.25,2041.628,4879.563
13563.76,2049.329,4968.234,13435.19,1972.416,5076.65,13484.08,1983.601,4957.42,13528.12,1997.489,5046.263,13448.32,2041.628,4880.064
13564.9,2049.329,4968.654,13436.38,1972.416,5076.935,13485.18,1983.601,4957.938,13529.19,1997.489,5046.842,13449.41,2041.628,4880.619
13566.52,2049.329,4969.305,13438.05,1972.416,5077.396,13486.64,1983.601,4958.884,13530.75,1997.489,5047.615,13450.93,2041.628,4881.472
13567.34,2049.329,4969.57,13438.88,1972.416,5077.651,13487.38,1983.601,4959.33,13531.54,1997.489,5047.973,13451.67,2041.628,4881.92
13568.52,2049.329,4969.994,13440.11,1972.416,5077.884,13488.46,1983.601,4959.97,13532.65,1997.489,5048.548,13452.78,2041.628,4882.503
13569.79,2049.329,4970.473,13441.43,1972.416,5078.178,13489.65,1983.601,4960.625,13533.84,1997.489,5049.208,13453.96,2041.628,4883.172
13571.36,2049.329,4971.126,13443.08,1972.416,5078.603,13491.17,1983.601,4961.399,13535.3,1997.489,5050.083,13455.28,2041.628,4884.245
13572.9,2049.329,4971.81,13444.7,1972.416,5079.069,13492.64,1983.601,4962.213,13536.77,1997.489,5050.902,13456.62,2041.628,4885.261
13573.84,2049.329,4972.194,13445.67,1972.416,5079.38,13493.45,1983.601,4962.832,13537.67,1997.489,5051.371,13457.45,2041.628,4885.85
13575.17,2049.329,4972.785,13447.04,1972.416,5079.865,13494.63,1983.601,4963.679,13538.96,1997.489,5052.029,13458.61,2041.628,4886.728
13576.56,2049.329,4973.459,13448.48,1972.416,5080.424,13495.91,1983.601,4964.539,13540.34,1997.489,5052.72,13459.71,2041.628,4887.809
13577.79,2049.329,4974.014,13449.72,1972.416,5080.952,13497.05,1983.601,4965.256,13541.56,1997.489,5053.317,13460.7,2041.628,4888.725
13579.18,2049.329,4974.693,13451.13,1972.416,5081.598,13498.39,1983.601,4966.035,13542.95,1997.489,5053.993,13461.88,2041.628,4889.733
13580.6,2049.329,4975.399,13452.55,1972.416,5082.304,13499.79,1983.601,4966.79,13544.38,1997.489,5054.68,13463.11,2041.628,4890.728
13581.97,2049.329,4976.221,13453.96,1972.416,5083.059,13501.22,1983.601,4967.506,13545.82,1997.489,5055.366,13464.39,2041.628,4891.69
13582.94,2049.329,4976.755,13454.91,1972.416,5083.608,13502.21,1983.601,4967.967,13546.82,1997.489,5055.834,13465.29,2041.628,4892.322
13585.36,2049.329,4978.25,13457.33,1972.416,5085.104,13504.83,1983.601,4969.077,13549.39,1997.489,5057.037,13467.64,2041.628,4893.935
13586.57,2049.329,4978.947,13458.5,1972.416,5085.876,13506.14,1983.601,4969.582,13550.66,1997.489,5057.625,13468.82,2041.628,4894.69
13587.19,2049.329,4979.272,13459.07,1972.416,5086.277,13506.8,1983.601,4969.811,13551.29,1997.489,5057.916,13469.41,2041.628,4895.045
13589.27,2049.329,4980.289,13460.92,1972.416,5087.671,13509.01,1983.601,4970.505,13553.4,1997.489,5058.877,13471.44,2041.628,4896.166
13590.84,2049.329,4980.997,13462.33,1972.416,5088.667,13510.67,1983.601,4970.97,13554.95,1997.489,5059.645,13472.97,2041.628,4896.97
13592.87,2049.329,4981.828,13464.16,1972.416,5089.868,13512.76,1983.601,4971.627,13556.94,1997.489,5060.553,13474.94,2041.628,4897.925
13594.88,2049.329,4982.665,13466.02,1972.416,5091,13514.81,1983.601,4972.347,13558.77,1997.489,5061.729,13476.92,2041.628,4898.809
13595.29,2049.329,4982.824,13466.4,1972.416,5091.221,13515.24,1983.601,4972.465,13559.15,1997.489,5061.958,13477.34,2041.628,4898.977
13598.1,2049.329,4983.998,13469.03,1972.416,5092.76,13518.15,1983.601,4973.37,13561.82,1997.489,5063.435,13480.19,2041.628,4900.031
13599.53,2049.329,4984.54,13470.37,1972.416,5093.488,13519.59,1983.601,4973.871,13563.17,1997.489,5064.13,13481.64,2041.628,4900.512
13600.32,2049.329,4984.81,13471.12,1972.416,5093.861,13520.37,1983.601,4974.17,13563.93,1997.489,5064.486,13482.45,2041.628,4900.703
13602.91,2049.329,4985.795,13473.64,1972.416,5095.023,13522.99,1983.601,4975.081,13566.32,1997.489,5065.887,13485.13,2041.628,4901.43
13604.35,2049.329,4986.326,13475.01,1972.416,5095.708,13524.49,1983.601,4975.383,13567.67,1997.489,5066.616,13486.6,2041.628,4901.878
13606.11,2049.329,4987.002,13476.72,1972.416,5096.497,13526.33,1983.601,4975.817,13569.36,1997.489,5067.459,13488.42,2041.628,4902.372
13609.94,2049.329,4988.575,13480.31,1972.416,5098.56,13530.32,1983.601,4976.902,13573.12,1997.489,5069.19,13492.22,2041.628,4904.01
13610.3,2049.329,4988.709,13480.65,1972.416,5098.74,13530.69,1983.601,4977.014,13573.47,1997.489,5069.346,13492.58,2041.628,4904.15
13610.89,2049.329,4988.907,13481.21,1972.416,5099.014,13531.28,1983.601,4977.216,13574.05,1997.489,5069.582,13493.15,2041.628,4904.385
13613.63,2049.329,4989.876,13483.86,1972.416,5100.208,13534,1983.601,4978.25,13576.7,1997.489,5070.784,13495.88,2041.628,4905.396
13615.18,2049.329,4990.26,13485.34,1972.416,5100.815,13535.51,1983.601,4978.767,13578.17,1997.489,5071.395,13497.42,2041.628,4905.809
13617.69,2049.329,4990.969,13487.78,1972.416,5101.752,13537.92,1983.601,4979.761,13580.61,1997.489,5072.314,13499.92,2041.628,4906.564
13619.2,2049.329,4991.447,13489.26,1972.416,5102.269,13539.4,1983.601,4980.313,13582.1,1997.489,5072.821,13501.41,2041.628,4907.07
13620.88,2049.329,4991.966,13490.94,1972.416,5102.791,13541.06,1983.601,4980.874,13583.73,1997.489,5073.494,13503.12,2041.628,4907.497
13623.56,2049.329,4992.892,13493.62,1972.416,5103.722,13543.72,1983.601,4981.861,13586.38,1997.489,5074.494,13505.85,2041.628,4908.276
13626.13,2049.329,4993.688,13496.16,1972.416,5104.64,13546.28,1983.601,4982.731,13588.92,1997.489,5075.425,13508.42,2041.628,4909.102
13627.81,2049.329,4994.045,13497.79,1972.416,5105.169,13547.91,1983.601,4983.23,13590.51,1997.489,5076.044,13510.08,2041.628,4909.494
13629.09,2049.329,4994.363,13498.98,1972.416,5105.738,13549.19,1983.601,4983.573,13591.76,1997.489,5076.48,13511.36,2041.628,4909.839
13630.09,2049.329,4994.576,13499.92,1972.416,5106.147,13550.17,1983.601,4983.841,13592.73,1997.489,5076.787,13512.33,2041.628,4910.138
13633.57,2049.329,4995.437,13503.24,1972.416,5107.475,13553.65,1983.601,4984.708,13596.13,1997.489,5077.905,13515.67,2041.628,4911.429
13634.62,2049.329,4995.662,13504.26,1972.416,5107.842,13554.71,1983.601,4984.917,13597.17,1997.489,5078.208,13516.68,2041.628,4911.834
13636.88,2049.329,4996.222,13506.47,1972.416,5108.562,13556.98,1983.601,4985.444,13599.4,1997.489,5078.875,13518.86,2041.628,4912.638
13639.15,2049.329,4996.857,13508.66,1972.416,5109.431,13559.27,1983.601,4986.01,13601.68,1997.489,5079.474,13521.1,2041.628,4913.377
13640.68,2049.329,4997.23,13510.14,1972.416,5109.962,13560.82,1983.601,4986.191,13603.19,1997.489,5079.922,13522.6,2041.628,4913.82
13642.73,2049.329,4997.662,13512.13,1972.416,5110.616,13562.9,1983.601,4986.5,13605.17,1997.489,5080.59,13524.63,2041.628,4914.346
13644.73,2049.329,4998.321,13514.16,1972.416,5111.209,13564.98,1983.601,4986.816,13607.19,1997.489,5081.213,13526.63,2041.628,4915.038
13646.81,2049.329,4998.929,13516.25,1972.416,5111.758,13567.12,1983.601,4987.193,13609.25,1997.489,5081.874,13528.69,2041.628,4915.701
13649.47,2049.329,4999.615,13518.94,1972.416,5112.354,13569.81,1983.601,4987.738,13611.82,1997.489,5082.848,13531.32,2041.628,4916.484
13650.89,2049.329,4999.931,13520.34,1972.416,5112.714,13571.23,1983.601,4988.059,13613.2,1997.489,5083.318,13532.72,2041.628,4916.866
13653.03,2049.329,5000.086,13522.4,1972.416,5113.313,13573.3,1983.601,4988.582,13615.24,1997.489,5083.943,13534.8,2041.628,4917.379
13655.64,2049.329,5000.361,13524.91,1972.416,5114.064,13575.83,1983.601,4989.282,13617.71,1997.489,5084.853,13537.36,2041.628,4917.949
13657.68,2049.329,5000.645,13526.88,1972.416,5114.66,13577.8,1983.601,4989.878,13619.66,1997.489,5085.502,13539.38,2041.628,4918.349
13659.37,2049.329,5000.937,13528.54,1972.416,5115.129,13579.44,1983.601,4990.414,13621.31,1997.489,5085.992,13541.08,2041.628,4918.642
13661.38,2049.329,5001.352,13530.53,1972.416,5115.624,13581.37,1983.601,4991.098,13623.21,1997.489,5086.768,13543.11,2041.628,4918.942
13663.36,2049.329,5001.826,13532.49,1972.416,5116.177,13583.27,1983.601,4991.817,13625.12,1997.489,5087.473,13545.1,2041.628,4919.305
13665.89,2049.329,5002.523,13534.99,1972.416,5116.974,13585.69,1983.601,4992.833,13627.61,1997.489,5088.303,13547.67,2041.628,4919.858
13667.6,2049.329,5003.056,13536.69,1972.416,5117.544,13587.37,1983.601,4993.474,13629.32,1997.489,5088.837,13549.41,2041.628,4920.294
13668.18,2049.329,5003.233,13537.27,1972.416,5117.715,13587.92,1983.601,4993.703,13629.88,1997.489,5089.05,13549.99,2041.628,4920.458
13671.06,2049.329,5003.908,13540.17,1972.416,5118.319,13590.61,1983.601,4994.957,13632.69,1997.489,5090.012,13552.81,2041.628,4921.364
13672.55,2049.329,5004.308,13541.67,1972.416,5118.676,13592.03,1983.601,4995.563,13634.16,1997.489,5090.468,13554.27,2041.628,4921.874
13673.64,2049.329,5004.563,13542.75,1972.416,5118.967,13593.07,1983.601,4995.969,13635.24,1997.489,5090.768,13555.31,2041.628,4922.278
13675.17,2049.329,5004.974,13544.27,1972.416,5119.423,13594.56,1983.601,4996.522,13636.78,1997.489,5091.146,13556.78,2041.628,4922.866
13676.68,2049.329,5005.323,13545.73,1972.416,5119.913,13596.02,1983.601,4997.015,13638.29,1997.489,5091.471,13558.15,2041.628,4923.589
13678.13,2049.329,5005.709,13547.17,1972.416,5120.341,13597.46,1983.601,4997.446,13639.75,1997.489,5091.835,13559.5,2041.628,4924.248
13679.5,2049.329,5006.17,13548.57,1972.416,5120.708,13598.83,1983.601,4997.907,13641.14,1997.489,5092.232,13560.82,2041.628,4924.849
13681,2049.329,5006.619,13550.1,1972.416,5121.056,13600.35,1983.601,4998.313,13642.63,1997.489,5092.71,13562.26,2041.628,4925.452
13682.29,2049.329,5006.959,13551.39,1972.416,5121.39,13601.62,1983.601,4998.701,13643.91,1997.489,5093.08,13563.51,2041.628,4925.925
13683.52,2049.329,5007.348,13552.63,1972.416,5121.749,13602.78,1983.601,4999.27,13645.16,1997.489,5093.4,13564.73,2041.628,4926.343
13684.42,2049.329,5007.708,13553.55,1972.416,5122.045,13603.66,1983.601,4999.666,13646.1,1997.489,5093.612,13565.63,2041.628,4926.685
13685.77,2049.329,5008.201,13554.93,1972.416,5122.441,13604.96,1983.601,5000.28,13647.51,1997.489,5093.925,13566.96,2041.628,4927.239
13686.91,2049.329,5008.575,13556.1,1972.416,5122.734,13606.06,1983.601,5000.757,13648.67,1997.489,5094.225,13568.06,2041.628,4927.711
13688.38,2049.329,5009.003,13557.59,1972.416,5123.059,13607.44,1983.601,5001.418,13650.14,1997.489,5094.654,13569.52,2041.628,4928.174
13688.92,2049.329,5009.2,13558.16,1972.416,5123.163,13607.97,1983.601,5001.652,13650.67,1997.489,5094.875,13570.07,2041.628,4928.368
13690.1,2049.329,5009.668,13559.4,1972.416,5123.426,13609.15,1983.601,5002.125,13651.86,1997.489,5095.322,13571.25,2041.628,4928.829
13690.88,2049.329,5009.949,13560.21,1972.416,5123.622,13609.92,1983.601,5002.428,13652.65,1997.489,5095.591,13572.05,2041.628,4929.06
13692.43,2049.329,5010.541,13561.8,1972.416,5124.059,13611.48,1983.601,5002.982,13654.22,1997.489,5096.08,13573.62,2041.628,4929.571
13693.33,2049.329,5010.852,13562.71,1972.416,5124.337,13612.39,1983.601,5003.272,13655.14,1997.489,5096.334,13574.53,2041.628,4929.852
13693.64,2049.329,5010.947,13563.02,1972.416,5124.44,13612.7,1983.601,5003.366,13655.46,1997.489,5096.411,13574.83,2041.628,4929.958
13695.03,2049.329,5011.33,13564.38,1972.416,5124.944,13614,1983.601,5003.999,13656.87,1997.489,5096.715,13576.21,2041.628,4930.384
13695.68,2049.329,5011.494,13564.99,1972.416,5125.196,13614.61,1983.601,5004.272,13657.53,1997.489,5096.836,13576.85,2041.628,4930.603
13696.51,2049.329,5011.779,13565.8,1972.416,5125.552,13615.42,1983.601,5004.604,13658.39,1997.489,5096.971,13577.67,2041.628,4930.916
13697.32,2049.329,5012.027,13566.58,1972.416,5125.869,13616.21,1983.601,5004.898,13659.23,1997.489,5097.129,13578.46,2041.628,4931.21
13698.13,2049.329,5012.248,13567.37,1972.416,5126.159,13616.99,1983.601,5005.23,13660.05,1997.489,5097.313,13579.24,2041.628,4931.529
13699.07,2049.329,5012.468,13568.29,1972.416,5126.46,13617.88,1983.601,5005.579,13660.98,1997.489,5097.553,13580.12,2041.628,4931.921
13699.45,2049.329,5012.544,13568.66,1972.416,5126.569,13618.25,1983.601,5005.707,13661.35,1997.489,5097.646,13580.47,2041.628,4932.072
13700.58,2049.329,5012.876,13569.8,1972.416,5126.866,13619.38,1983.601,5006.064,13662.51,1997.489,5097.903,13581.58,2041.628,4932.502
13700.84,2049.329,5012.942,13570.07,1972.416,5126.924,13619.63,1983.601,5006.143,13662.77,1997.489,5097.952,13581.83,2041.628,4932.587
13701.88,2049.329,5013.171,13571.11,1972.416,5127.122,13620.63,1983.601,5006.498,13663.79,1997.489,5098.243,13582.82,2041.628,4932.958
13702.42,2049.329,5013.28,13571.65,1972.416,5127.207,13621.13,1983.601,5006.728,13664.33,1997.489,5098.376,13583.34,2041.628,4933.154
13703.06,2049.329,5013.431,13572.3,1972.416,5127.33,13621.74,1983.601,5006.986,13664.96,1997.489,5098.555,13583.95,2041.628,4933.41
13703.66,2049.329,5013.653,13572.93,1972.416,5127.427,13622.34,1983.601,5007.215,13665.58,1997.489,5098.707,13584.53,2041.628,4933.676
13704.25,2049.329,5013.849,13573.54,1972.416,5127.502,13622.92,1983.601,5007.417,13666.19,1997.489,5098.834,13585.07,2041.628,4933.981
13704.95,2049.329,5014.06,13574.28,1972.416,5127.567,13623.63,1983.601,5007.636,13666.91,1997.489,5098.992,13585.72,2041.628,4934.324
13705.49,2049.329,5014.201,13574.83,1972.416,5127.598,13624.14,1983.601,5007.852,13667.45,1997.489,5099.093,13586.22,2041.628,4934.566
13706.17,2049.329,5014.357,13575.53,1972.416,5127.614,13624.79,1983.601,5008.103,13668.14,1997.489,5099.241,13586.86,2041.628,4934.851
13706.64,2049.329,5014.447,13576.01,1972.416,5127.609,13625.24,1983.601,5008.261,13668.6,1997.489,5099.327,13587.28,2041.628,4935.059
13706.84,2049.329,5014.48,13576.21,1972.416,5127.6,13625.44,1983.601,5008.324,13668.81,1997.489,5099.357,13587.47,2041.628,4935.156
13707.7,2049.329,5014.654,13577.08,1972.416,5127.466,13626.28,1983.601,5008.56,13669.66,1997.489,5099.544,13588.23,2041.628,4935.58
13708.05,2049.329,5014.712,13577.43,1972.416,5127.418,13626.62,1983.601,5008.644,13670.01,1997.489,5099.609,13588.55,2041.628,4935.741
13708.57,2049.329,5014.784,13577.95,1972.416,5127.354,13627.15,1983.601,5008.701,13670.54,1997.489,5099.693,13589.02,2041.628,4935.977
13709.16,2049.329,5014.843,13578.54,1972.416,5127.292,13627.74,1983.601,5008.75,13671.12,1997.489,5099.769,13589.56,2041.628,4936.221
13709.72,2049.329,5014.909,13579.1,1972.416,5127.245,13628.3,1983.601,5008.814,13671.68,1997.489,5099.827,13590.08,2041.628,4936.438
13710.4,2049.329,5014.966,13579.78,1972.416,5127.201,13628.97,1983.601,5008.914,13672.36,1997.489,5099.878,13590.72,2041.628,4936.68
13711.14,2049.329,5015.065,13580.53,1972.416,5127.168,13629.71,1983.601,5009.047,13673.11,1997.489,5099.914,13591.42,2041.628,4936.92
13712.08,2049.329,5015.289,13581.5,1972.416,5127.148,13630.65,1983.601,5009.295,13674.08,1997.489,5099.937,13592.35,2041.628,4937.228
13712.68,2049.329,5015.455,13582.12,1972.416,5127.149,13631.25,1983.601,5009.434,13674.7,1997.489,5099.936,13592.92,2041.628,4937.471
13713.9,2049.329,5015.75,13583.37,1972.416,5127.182,13632.48,1983.601,5009.688,13675.95,1997.489,5099.903,13594.08,2041.628,4937.924
13714.2,2049.329,5015.813,13583.68,1972.416,5127.197,13632.77,1983.601,5009.757,13676.25,1997.489,5099.888,13594.37,2041.628,4938.029
13715.84,2049.329,5016.101,13585.34,1972.416,5127.326,13634.39,1983.601,5010.173,13677.92,1997.489,5099.77,13595.96,2041.628,4938.563
13716.69,2049.329,5016.22,13586.19,1972.416,5127.414,13635.21,1983.601,5010.405,13678.77,1997.489,5099.692,13596.77,2041.628,4938.818
13717.18,2049.329,5016.273,13586.68,1972.416,5127.477,13635.68,1983.601,5010.549,13679.26,1997.489,5099.637,13597.24,2041.628,4938.954
13718.55,2049.329,5016.475,13588.05,1972.416,5127.695,13637,1983.601,5010.987,13680.63,1997.489,5099.457,13598.58,2041.628,4939.306
13720.16,2049.329,5016.658,13589.64,1972.416,5127.996,13638.54,1983.601,5011.489,13682.25,1997.489,5099.293,13600.16,2041.628,4939.682
13720.92,2049.329,5016.852,13590.42,1972.416,5128.116,13639.29,1983.601,5011.728,13683.03,1997.489,5099.239,13600.93,2041.628,4939.846
13722.04,2049.329,5017.097,13591.56,1972.416,5128.254,13640.39,1983.601,5012.04,13684.18,1997.489,5099.198,13602.05,2041.628,4940.105
13723.43,2049.329,5017.354,13592.97,1972.416,5128.379,13641.77,1983.601,5012.382,13685.59,1997.489,5099.192,13603.41,2041.628,4940.47
13724.65,2049.329,5017.649,13594.21,1972.416,5128.508,13642.99,1983.601,5012.646,13686.84,1997.489,5099.228,13604.63,2041.628,4940.774
13725.94,2049.329,5017.916,13595.52,1972.416,5128.658,13644.28,1983.601,5012.881,13688.16,1997.489,5099.307,13605.92,2041.628,4941.05
13726.91,2049.329,5018.084,13596.5,1972.416,5128.738,13645.26,1983.601,5013.052,13689.14,1997.489,5099.399,13606.89,2041.628,4941.234
13728.5,2049.329,5018.318,13598.11,1972.416,5128.816,13646.84,1983.601,5013.318,13690.74,1997.489,5099.6,13608.47,2041.628,4941.496
13729.86,2049.329,5018.723,13599.52,1972.416,5128.865,13648.24,1983.601,5013.543,13692.13,1997.489,5099.821,13609.87,2041.628,4941.692
13731.25,2049.329,5019.088,13600.95,1972.416,5128.714,13649.66,1983.601,5013.727,13693.54,1997.489,5100.092,13611.31,2041.628,4941.791
13732.68,2049.329,5019.415,13602.42,1972.416,5128.608,13651.13,1983.601,5013.867,13694.98,1997.489,5100.416,13612.77,2041.628,4941.939
13734.15,2049.329,5019.7,13603.91,1972.416,5128.532,13652.62,1983.601,5013.961,13696.43,1997.489,5100.772,13614.25,2041.628,4942.123
13735.99,2049.329,5019.996,13605.78,1972.416,5128.478,13654.48,1983.601,5014.065,13698.23,1997.489,5101.25,13616.11,2041.628,4942.307
13737.44,2049.329,5020.348,13607.26,1972.416,5128.469,13655.97,1983.601,5014.138,13699.67,1997.489,5101.656,13617.59,2041.628,4942.417
13738.7,2049.329,5020.612,13608.55,1972.416,5128.491,13657.25,1983.601,5014.191,13700.9,1997.489,5102.026,13618.88,2041.628,4942.48
13740.76,2049.329,5021.116,13610.67,1972.416,5128.581,13659.38,1983.601,5014.264,13702.92,1997.489,5102.667,13621,2041.628,4942.53
13742.02,2049.329,5021.38,13611.96,1972.416,5128.667,13660.66,1983.601,5014.298,13704.14,1997.489,5103.072,13622.29,2041.628,4942.528
13743.45,2049.329,5021.632,13613.4,1972.416,5128.801,13662.11,1983.601,5014.326,13705.51,1997.489,5103.547,13623.74,2041.628,4942.489
13745.13,2049.329,5021.944,13615.09,1972.416,5129.003,13663.82,1983.601,5014.376,13707.14,1997.489,5104.058,13625.44,2041.628,4942.499
13747.13,2049.329,5022.408,13617.12,1972.416,5129.301,13665.86,1983.601,5014.482,13709.11,1997.489,5104.614,13627.49,2041.628,4942.578
13747.9,2049.329,5022.561,13617.9,1972.416,5129.437,13666.65,1983.601,5014.549,13709.88,1997.489,5104.806,13628.28,2041.628,4942.634
13750.44,2049.329,5022.977,13620.42,1972.416,5129.949,13669.2,1983.601,5014.85,13712.39,1997.489,5105.357,13630.84,2041.628,4942.416
13751.83,2049.329,5023.252,13621.8,1972.416,5130.271,13670.61,1983.601,5014.97,13713.78,1997.489,5105.623,13632.25,2041.628,4942.342
13753.5,2049.329,5023.526,13623.43,1972.416,5130.702,13672.29,1983.601,5015.168,13715.45,1997.489,5105.893,13633.95,2041.628,4942.308
13755.11,2049.329,5023.809,13625.01,1972.416,5131.166,13673.93,1983.601,5015.307,13717.07,1997.489,5106.11,13635.59,2041.628,4942.329
13756.66,2049.329,5024.151,13626.51,1972.416,5131.658,13675.5,1983.601,5015.492,13718.65,1997.489,5106.277,13637.17,2041.628,4942.272
13758.18,2049.329,5024.435,13627.97,1972.416,5132.18,13677.04,1983.601,5015.623,13720.19,1997.489,5106.398,13638.71,2041.628,4942.268
13759.64,2049.329,5024.747,13629.36,1972.416,5132.727,13678.53,1983.601,5015.588,13721.68,1997.489,5106.478,13640.21,2041.628,4942.313
13762.16,2049.329,5025.199,13631.71,1972.416,5133.739,13681.1,1983.601,5015.527,13724.24,1997.489,5106.548,13642.75,2041.628,4942.679
13763.5,2049.329,5025.395,13632.94,1972.416,5134.311,13682.45,1983.601,5015.54,13725.6,1997.489,5106.551,13644.09,2041.628,4942.829
13764.4,2049.329,5025.495,13633.75,1972.416,5134.713,13683.35,1983.601,5015.509,13726.49,1997.489,5106.532,13644.99,2041.628,4942.898
13764.73,2049.329,5025.521,13634.05,1972.416,5134.852,13683.68,1983.601,5015.509,13726.83,1997.489,5106.535,13645.32,2041.628,4942.913
13766.37,2049.329,5025.597,13635.56,1972.416,5135.492,13685.32,1983.601,5015.561,13728.47,1997.489,5106.542,13646.96,2041.628,4942.933
13767.59,2049.329,5025.735,13636.71,1972.416,5135.937,13686.56,1983.601,5015.56,13729.7,1997.489,5106.587,13648.19,2041.628,4942.827
13768.82,2049.329,5025.833,13637.87,1972.416,5136.342,13687.79,1983.601,5015.488,13730.93,1997.489,5106.672,13649.42,2041.628,4942.761
13770.31,2049.329,5025.918,13639.29,1972.416,5136.785,13689.27,1983.601,5015.45,13732.42,1997.489,5106.568,13650.89,2041.628,4942.523
13771.07,2049.329,5025.938,13640.03,1972.416,5136.987,13690.03,1983.601,5015.411,13733.17,1997.489,5106.54,13651.64,2041.628,4942.427
13772.29,2049.329,5025.928,13641.22,1972.416,5137.275,13691.26,1983.601,5015.372,13734.4,1997.489,5106.534,13652.86,2041.628,4942.311
13773.48,2049.329,5025.936,13642.38,1972.416,5137.515,13692.44,1983.601,5015.321,13735.58,1997.489,5106.387,13654.05,2041.628,4942.237
13774.37,2049.329,5025.912,13643.25,1972.416,5137.667,13693.33,1983.601,5015.291,13736.46,1997.489,5106.307,13654.93,2041.628,4942.21
13775.47,2049.329,5025.846,13644.35,1972.416,5137.82,13694.44,1983.601,5015.217,13737.57,1997.489,5106.242,13656.04,2041.628,4942.143
13776.19,2049.329,5025.827,13645.06,1972.416,5137.895,13695.15,1983.601,5015.192,13738.28,1997.489,5106.244,13656.75,2041.628,4942.123
13777.11,2049.329,5025.72,13645.99,1972.416,5137.963,13696.08,1983.601,5015.146,13739.21,1997.489,5106.319,13657.69,2041.628,4942.106
13778.01,2049.329,5025.645,13646.89,1972.416,5138.001,13696.98,1983.601,5015.052,13740.11,1997.489,5106.378,13658.59,2041.628,4942.119
13778.89,2049.329,5025.601,13647.77,1972.416,5138.009,13697.85,1983.601,5014.99,13740.99,1997.489,5106.407,13659.46,2041.628,4942.161
13779.72,2049.329,5025.476,13648.61,1972.416,5137.989,13698.7,1983.601,5014.958,13741.83,1997.489,5106.407,13660.31,2041.628,4942.188
13780.53,2049.329,5025.38,13649.43,1972.416,5137.942,13699.51,1983.601,5014.924,13742.65,1997.489,5106.38,13661.12,2041.628,4942.242
13781.32,2049.329,5025.248,13650.22,1972.416,5137.905,13700.31,1983.601,5014.918,13743.44,1997.489,5106.328,13661.92,2041.628,4942.313
13782.09,2049.329,5025.141,13651,1972.416,5137.87,13701.08,1983.601,5014.887,13744.21,1997.489,5106.251,13662.69,2041.628,4942.383
13782.83,2049.329,5025.063,13651.74,1972.416,5137.812,13701.83,1983.601,5014.941,13744.96,1997.489,5106.203,13663.43,2041.628,4942.483
13783.54,2049.329,5024.968,13652.46,1972.416,5137.732,13702.54,1983.601,5015.043,13745.67,1997.489,5106.125,13664.14,2041.628,4942.557
13784.24,2049.329,5024.898,13653.15,1972.416,5137.631,13703.24,1983.601,5015.12,13746.38,1997.489,5106.071,13664.85,2041.628,4942.566
13784.95,2049.329,5024.85,13653.86,1972.416,5137.553,13703.95,1983.601,5015.187,13747.09,1997.489,5106.04,13665.56,2041.628,4942.599
13785.97,2049.329,5024.815,13654.87,1972.416,5137.474,13704.96,1983.601,5015.253,13748.1,1997.489,5106.029,13666.57,2041.628,4942.679
13786.17,2049.329,5024.795,13655.08,1972.416,5137.477,13705.17,1983.601,5015.293,13748.31,1997.489,5106.021,13666.78,2041.628,4942.702
13787.07,2049.329,5024.74,13655.97,1972.416,5137.462,13706.05,1983.601,5015.437,13749.21,1997.489,5106.011,13667.67,2041.628,4942.797
13787.47,2049.329,5024.728,13656.38,1972.416,5137.463,13706.45,1983.601,5015.488,13749.61,1997.489,5106.02,13668.07,2041.628,4942.853
13788.06,2049.329,5024.73,13656.96,1972.416,5137.523,13707.03,1983.601,5015.59,13750.2,1997.489,5106.013,13668.65,2041.628,4942.914
13788.62,2049.329,5024.711,13657.52,1972.416,5137.562,13707.58,1983.601,5015.677,13750.75,1997.489,5105.988,13669.21,2041.628,4942.989
13789.17,2049.329,5024.67,13658.07,1972.416,5137.582,13708.13,1983.601,5015.745,13751.3,1997.489,5105.981,13669.75,2041.628,4943.025
13789.7,2049.329,5024.647,13658.61,1972.416,5137.583,13708.66,1983.601,5015.793,13751.84,1997.489,5105.909,13670.29,2041.628,4943.078
13790.32,2049.329,5024.642,13659.22,1972.416,5137.566,13709.28,1983.601,5015.829,13752.44,1997.489,5105.792,13670.9,2041.628,4943.158
13790.56,2049.329,5024.647,13659.46,1972.416,5137.551,13709.52,1983.601,5015.861,13752.68,1997.489,5105.775,13671.13,2041.628,4943.197
13791.39,2049.329,5024.694,13660.29,1972.416,5137.507,13710.34,1983.601,5015.943,13753.5,1997.489,5105.646,13671.95,2041.628,4943.359
13791.89,2049.329,5024.74,13660.8,1972.416,5137.463,13710.85,1983.601,5016.002,13754,1997.489,5105.541,13672.45,2041.628,4943.474
13792.56,2049.329,5024.8,13661.46,1972.416,5137.384,13711.51,1983.601,5016.057,13754.65,1997.489,5105.426,13673.1,2041.628,4943.551
13793.26,2049.329,5024.848,13662.16,1972.416,5137.277,13712.22,1983.601,5016.092,13755.35,1997.489,5105.301,13673.81,2041.628,4943.59
13794.03,2049.329,5024.901,13662.91,1972.416,5137.147,13712.98,1983.601,5016.192,13756.11,1997.489,5105.189,13674.58,2041.628,4943.657
13795.03,2049.329,5025.001,13663.91,1972.416,5137.009,13713.98,1983.601,5016.291,13757.11,1997.489,5105.077,13675.58,2041.628,4943.777
13795.85,2049.329,5025.056,13664.72,1972.416,5136.872,13714.8,1983.601,5016.345,13757.93,1997.489,5105.01,13676.4,2041.628,4943.849
13796.6,2049.329,5025.081,13665.46,1972.416,5136.773,13715.55,1983.601,5016.37,13758.67,1997.489,5104.975,13677.14,2041.628,4943.938
13797.85,2049.329,5025.251,13666.71,1972.416,5136.565,13716.81,1983.601,5016.372,13759.94,1997.489,5104.955,13678.4,2041.628,4944.048
13798.64,2049.329,5025.331,13667.49,1972.416,5136.461,13717.6,1983.601,5016.348,13760.73,1997.489,5104.968,13679.19,2041.628,4944.091
13799.54,2049.329,5025.444,13668.4,1972.416,5136.371,13718.51,1983.601,5016.29,13761.64,1997.489,5105.013,13680.1,2041.628,4944.11
13800.6,2049.329,5025.541,13669.46,1972.416,5136.299,13719.57,1983.601,5016.188,13762.71,1997.489,5105.1,13681.17,2041.628,4944.099
13801.71,2049.329,5025.605,13670.57,1972.416,5136.262,13720.67,1983.601,5016.047,13763.8,1997.489,5105.226,13682.27,2041.628,4944.089
13802.85,2049.329,5025.607,13671.71,1972.416,5136.26,13721.81,1983.601,5015.938,13764.94,1997.489,5105.318,13683.41,2041.628,4944.109
13804.03,2049.329,5025.647,13672.9,1972.416,5136.22,13722.99,1983.601,5015.864,13766.13,1997.489,5105.375,13684.59,2041.628,4943.965
13805.25,2049.329,5025.675,13674.11,1972.416,5136.236,13724.21,1983.601,5015.828,13767.34,1997.489,5105.463,13685.8,2041.628,4943.856
13806.5,2049.329,5025.744,13675.36,1972.416,5136.211,13725.45,1983.601,5015.758,13768.58,1997.489,5105.513,13687.04,2041.628,4943.785
13807.78,2049.329,5025.753,13676.64,1972.416,5136.143,13726.73,1983.601,5015.729,13769.87,1997.489,5105.521,13688.33,2041.628,4943.754
13809.09,2049.329,5025.72,13677.95,1972.416,5136.117,13728.04,1983.601,5015.742,13771.18,1997.489,5105.488,13689.63,2041.628,4943.566
13810.42,2049.329,5025.539,13679.29,1972.416,5136.047,13729.38,1983.601,5015.711,13772.52,1997.489,5105.497,13690.96,2041.628,4943.417
13811.79,2049.329,5025.398,13680.67,1972.416,5136.021,13730.76,1983.601,5015.634,13773.9,1997.489,5105.539,13692.33,2041.628,4943.31
13813.19,2049.329,5025.301,13682.07,1972.416,5136.04,13732.13,1983.601,5015.346,13775.3,1997.489,5105.536,13693.73,2041.628,4943.204
13814.61,2049.329,5025.155,13683.49,1972.416,5136.105,13733.54,1983.601,5015.098,13776.72,1997.489,5105.647,13695.15,2041.628,4943.11
13816.04,2049.329,5024.88,13684.95,1972.416,5136.22,13734.98,1983.601,5014.892,13778.17,1997.489,5105.712,13696.6,2041.628,4942.967
13817.43,2049.329,5024.588,13686.37,1972.416,5136.285,13736.4,1983.601,5014.737,13779.6,1997.489,5105.735,13698.03,2041.628,4942.994
13818.79,2049.329,5024.323,13687.76,1972.416,5136.303,13737.78,1983.601,5014.622,13780.99,1997.489,5105.711,13699.42,2041.628,4942.985
13820.13,2049.329,5024.109,13689.11,1972.416,5136.361,13739.12,1983.601,5014.544,13782.34,1997.489,5105.713,13700.76,2041.628,4942.942
13821.4,2049.329,5023.877,13690.4,1972.416,5136.375,13740.42,1983.601,5014.503,13783.63,1997.489,5105.849,13702.06,2041.628,4942.867
13822.65,2049.329,5023.692,13691.67,1972.416,5136.43,13741.68,1983.601,5014.496,13784.89,1997.489,5105.939,13703.32,2041.628,4942.762
13823.87,2049.329,5023.552,13692.89,1972.416,5136.339,13742.9,1983.601,5014.52,13786.11,1997.489,5105.987,13704.53,2041.628,4942.629
13825.42,2049.329,5023.425,13694.45,1972.416,5136.275,13744.47,1983.601,5014.499,13787.67,1997.489,5105.998,13706.09,2041.628,4942.51
13826.33,2049.329,5023.381,13695.35,1972.416,5136.355,13745.37,1983.601,5014.458,13788.58,1997.489,5105.974,13706.99,2041.628,4942.47
13827.66,2049.329,5023.359,13696.68,1972.416,5136.429,13746.7,1983.601,5014.318,13789.91,1997.489,5105.895,13708.33,2041.628,4942.456
13828.2,2049.329,5023.284,13697.23,1972.416,5136.442,13747.24,1983.601,5014.238,13790.45,1997.489,5105.845,13708.88,2041.628,4942.467
13829.64,2049.329,5022.992,13698.69,1972.416,5136.428,13748.69,1983.601,5014.061,13791.92,1997.489,5105.925,13710.34,2041.628,4942.462
13830.1,2049.329,5022.914,13699.16,1972.416,5136.408,13749.16,1983.601,5014.017,13792.38,1997.489,5105.935,13710.81,2041.628,4942.448
13831.54,2049.329,5022.717,13700.59,1972.416,5136.145,13750.61,1983.601,5013.917,13793.84,1997.489,5105.919,13712.26,2041.628,4942.369
13832.31,2049.329,5022.638,13701.35,1972.416,5135.981,13751.39,1983.601,5013.883,13794.62,1997.489,5105.885,13713.04,2041.628,4942.307
13833.23,2049.329,5022.574,13702.24,1972.416,5135.756,13752.31,1983.601,5013.867,13795.53,1997.489,5105.815,13713.95,2041.628,4942.209
13834.12,2049.329,5022.541,13703.1,1972.416,5135.51,13753.2,1983.601,5013.874,13796.42,1997.489,5105.723,13714.83,2041.628,4942.091
13835.09,2049.329,5022.536,13703.99,1972.416,5135.124,13754.17,1983.601,5013.906,13797.38,1997.489,5105.592,13715.79,2041.628,4941.938
13836.03,2049.329,5022.563,13704.86,1972.416,5134.778,13755.1,1983.601,5013.909,13798.31,1997.489,5105.435,13716.72,2041.628,4941.821
13836.74,2049.329,5022.605,13705.53,1972.416,5134.541,13755.81,1983.601,5013.874,13799,1997.489,5105.293,13717.42,2041.628,4941.756
13837.72,2049.329,5022.756,13706.47,1972.416,5134.236,13756.8,1983.601,5013.858,13799.96,1997.489,5105.063,13718.42,2041.628,4941.696
13838.4,2049.329,5022.914,13707.13,1972.416,5134,13757.5,1983.601,5013.869,13800.61,1997.489,5104.801,13719.11,2041.628,4941.677
13838.9,2049.329,5023.066,13707.62,1972.416,5133.808,13758.02,1983.601,5013.895,13801.1,1997.489,5104.619,13719.64,2041.628,4941.68
13839.84,2049.329,5023.316,13708.52,1972.416,5133.449,13758.99,1983.601,5013.975,13802.03,1997.489,5104.313,13720.61,2041.628,4941.717
13840.51,2049.329,5023.47,13709.15,1972.416,5133.177,13759.67,1983.601,5014.017,13802.68,1997.489,5104.108,13721.29,2041.628,4941.766
13841.14,2049.329,5023.659,13709.75,1972.416,5132.891,13760.34,1983.601,5014.08,13803.3,1997.489,5103.883,13721.96,2041.628,4941.834
13841.59,2049.329,5023.776,13710.19,1972.416,5132.736,13760.8,1983.601,5014.139,13803.75,1997.489,5103.741,13722.42,2041.628,4941.897
13842.33,2049.329,5023.943,13710.87,1972.416,5132.419,13761.55,1983.601,5014.233,13804.47,1997.489,5103.533,13723.17,2041.628,4941.961
13843.13,2049.329,5024.097,13711.63,1972.416,5132.102,13762.36,1983.601,5014.309,13805.27,1997.489,5103.334,13723.98,2041.628,4942.04
13843.68,2049.329,5024.184,13712.15,1972.416,5131.902,13762.92,1983.601,5014.342,13805.81,1997.489,5103.216,13724.54,2041.628,4942.111
13844.12,2049.329,5024.238,13712.56,1972.416,5131.759,13763.35,1983.601,5014.354,13806.24,1997.489,5103.138,13724.96,2041.628,4942.199
13844.66,2049.329,5024.288,13713.07,1972.416,5131.574,13763.9,1983.601,5014.351,13806.78,1997.489,5103.057,13725.5,2041.628,4942.293
13845.19,2049.329,5024.319,13713.58,1972.416,5131.411,13764.43,1983.601,5014.332,13807.31,1997.489,5102.995,13726.02,2041.628,4942.366
13845.71,2049.329,5024.333,13714.07,1972.416,5131.269,13764.94,1983.601,5014.296,13807.82,1997.489,5102.952,13726.54,2041.628,4942.421
13846.21,2049.329,5024.33,13714.56,1972.416,5131.146,13765.44,1983.601,5014.245,13808.32,1997.489,5102.926,13727.04,2041.628,4942.481
13846.69,2049.329,5024.311,13715.03,1972.416,5131.027,13765.92,1983.601,5014.192,13808.81,1997.489,5102.917,13727.52,2041.628,4942.527
13847.16,2049.329,5024.277,13715.48,1972.416,5130.928,13766.39,1983.601,5014.137,13809.27,1997.489,5102.922,13727.98,2041.628,4942.56
13847.62,2049.329,5024.259,13715.94,1972.416,5130.845,13766.84,1983.601,5014.08,13809.73,1997.489,5102.943,13728.44,2041.628,4942.581
13848.05,2049.329,5024.256,13716.37,1972.416,5130.78,13767.28,1983.601,5014.021,13810.17,1997.489,5102.977,13728.88,2041.628,4942.589
13848.48,2049.329,5024.267,13716.79,1972.416,5130.73,13767.7,1983.601,5013.961,13810.59,1997.489,5103.024,13729.31,2041.628,4942.587
13848.9,2049.329,5024.264,13717.21,1972.416,5130.695,13768.11,1983.601,5013.899,13811.01,1997.489,5103.083,13729.72,2041.628,4942.574
13849.3,2049.329,5024.275,13717.61,1972.416,5130.675,13768.51,1983.601,5013.836,13811.4,1997.489,5103.153,13730.13,2041.628,4942.552
13849.69,2049.329,5024.279,13718,1972.416,5130.668,13768.9,1983.601,5013.785,13811.79,1997.489,5103.208,13730.52,2041.628,4942.52
13850.06,2049.329,5024.26,13718.37,1972.416,5130.673,13769.27,1983.601,5013.746,13812.16,1997.489,5103.249,13730.89,2041.628,4942.48
13850.53,2049.329,5024.251,13718.84,1972.416,5130.63,13769.73,1983.601,5013.708,13812.63,1997.489,5103.284,13731.35,2041.628,4942.417
13850.81,2049.329,5024.251,13719.12,1972.416,5130.614,13770.01,1983.601,5013.693,13812.91,1997.489,5103.296,13731.63,2041.628,4942.373
13851.02,2049.329,5024.258,13719.33,1972.416,5130.595,13770.22,1983.601,5013.688,13813.11,1997.489,5103.299,13731.83,2041.628,4942.334
13851.48,2049.329,5024.289,13719.78,1972.416,5130.542,13770.68,1983.601,5013.687,13813.57,1997.489,5103.289,13732.28,2041.628,4942.238
13851.8,2049.329,5024.32,13720.1,1972.416,5130.494,13771,1983.601,5013.694,13813.89,1997.489,5103.271,13732.59,2041.628,4942.162
13852.11,2049.329,5024.362,13720.41,1972.416,5130.436,13771.32,1983.601,5013.709,13814.21,1997.489,5103.244,13732.9,2041.628,4942.079
13852.41,2049.329,5024.384,13720.71,1972.416,5130.406,13771.62,1983.601,5013.731,13814.51,1997.489,5103.229,13733.19,2041.628,4941.993
13852.7,2049.329,5024.416,13721,1972.416,5130.367,13771.91,1983.601,5013.76,13814.8,1997.489,5103.215,13733.46,2041.628,4941.902
13852.98,2049.329,5024.455,13721.28,1972.416,5130.321,13772.19,1983.601,5013.778,13815.08,1997.489,5103.203,13733.74,2041.628,4941.823
13853.27,2049.329,5024.492,13721.57,1972.416,5130.266,13772.49,1983.601,5013.788,13815.38,1997.489,5103.167,13734.02,2041.628,4941.75
13853.62,2049.329,5024.523,13721.91,1972.416,5130.187,13772.84,1983.601,5013.788,13815.73,1997.489,5103.137,13734.36,2041.628,4941.674
13853.83,2049.329,5024.536,13722.11,1972.416,5130.146,13773.04,1983.601,5013.799,13815.93,1997.489,5103.126,13734.57,2041.628,4941.635
13854.08,2049.329,5024.573,13722.36,1972.416,5130.104,13773.3,1983.601,5013.805,13816.19,1997.489,5103.121,13734.82,2041.628,4941.596
13854.41,2049.329,5024.621,13722.69,1972.416,5130.061,13773.63,1983.601,5013.801,13816.52,1997.489,5103.125,13735.15,2041.628,4941.556
13854.78,2049.329,5024.663,13723.06,1972.416,5130.023,13774,1983.601,5013.808,13816.89,1997.489,5103.117,13735.52,2041.628,4941.507
13855.21,2049.329,5024.725,13723.5,1972.416,5129.966,13774.44,1983.601,5013.829,13817.33,1997.489,5103.093,13735.95,2041.628,4941.463
13855.69,2049.329,5024.811,13723.98,1972.416,5129.887,13774.92,1983.601,5013.869,13817.81,1997.489,5103.051,13736.44,2041.628,4941.431
13856.21,2049.329,5024.923,13724.5,1972.416,5129.782,13775.46,1983.601,5013.896,13818.35,1997.489,5103.022,13736.97,2041.628,4941.412
13856.78,2049.329,5025.063,13725.07,1972.416,5129.648,13776.04,1983.601,5013.906,13818.93,1997.489,5103.01,13737.56,2041.628,4941.411
13857.34,2049.329,5025.221,13725.63,1972.416,5129.499,13776.62,1983.601,5013.898,13819.51,1997.489,5103.016,13738.13,2041.628,4941.429
13857.81,2049.329,5025.371,13726.1,1972.416,5129.354,13777.12,1983.601,5013.875,13820.01,1997.489,5103.037,13738.63,2041.628,4941.461
13858.98,2049.329,5025.786,13727.28,1972.416,5128.955,13778.35,1983.601,5013.776,13821.24,1997.489,5103.13,13739.86,2041.628,4941.581
13859.53,2049.329,5026.002,13727.83,1972.416,5128.745,13778.95,1983.601,5013.749,13821.84,1997.489,5103.156,13740.45,2041.628,4941.657
13860.23,2049.329,5026.303,13728.54,1972.416,5128.462,13779.71,1983.601,5013.738,13822.6,1997.489,5103.163,13741.2,2041.628,4941.78
13861.41,2049.329,5026.857,13729.73,1972.416,5127.939,13781.01,1983.601,5013.762,13823.9,1997.489,5103.133,13742.48,2041.628,4942.032
13862.72,2049.329,5027.429,13731.02,1972.416,5127.321,13782.44,1983.601,5013.825,13825.33,1997.489,5103.139,13743.89,2041.628,4942.274
13862.91,2049.329,5027.507,13731.21,1972.416,5127.225,13782.64,1983.601,5013.84,13825.54,1997.489,5103.146,13744.09,2041.628,4942.305
13863.11,2049.329,5027.579,13731.39,1972.416,5127.123,13782.85,1983.601,5013.859,13825.74,1997.489,5103.158,13744.3,2041.628,4942.33
13865.02,2049.329,5028.228,13733.18,1972.416,5126.193,13784.85,1983.601,5014.099,13827.75,1997.489,5103.33,13746.31,2041.628,4942.526
13865.75,2049.329,5028.456,13733.85,1972.416,5125.814,13785.62,1983.601,5014.185,13828.52,1997.489,5103.42,13747.08,2041.628,4942.582
13866.68,2049.329,5028.715,13734.65,1972.416,5125.278,13786.58,1983.601,5014.285,13829.47,1997.489,5103.563,13748.04,2041.628,4942.627
13867.62,2049.329,5028.95,13735.47,1972.416,5124.764,13787.54,1983.601,5014.41,13830.42,1997.489,5103.733,13749.01,2041.628,4942.648
13868.54,2049.329,5029.152,13736.28,1972.416,5124.291,13788.46,1983.601,5014.561,13831.34,1997.489,5103.923,13749.95,2041.628,4942.7
13869.44,2049.329,5029.324,13737.09,1972.416,5123.858,13789.36,1983.601,5014.737,13832.23,1997.489,5104.133,13750.86,2041.628,4942.78
13870.31,2049.329,5029.466,13737.8,1972.416,5123.329,13790.22,1983.601,5014.937,13833.09,1997.489,5104.36,13751.74,2041.628,4942.887
13871.15,2049.329,5029.581,13738.5,1972.416,5122.842,13791.05,1983.601,5015.156,13833.91,1997.489,5104.601,13752.58,2041.628,4943.017
13871.98,2049.329,5029.669,13739.19,1972.416,5122.392,13791.84,1983.601,5015.395,13834.69,1997.489,5104.857,13753.39,2041.628,4943.169
13872.78,2049.329,5029.733,13739.85,1972.416,5121.931,13792.6,1983.601,5015.651,13835.45,1997.489,5105.126,13754.18,2041.628,4943.344
13873.67,2049.329,5029.78,13740.59,1972.416,5121.443,13793.43,1983.601,5015.964,13836.28,1997.489,5105.449,13755.04,2041.628,4943.565
13874.51,2049.329,5029.801,13741.32,1972.416,5121.002,13794.22,1983.601,5016.287,13837.06,1997.489,5105.777,13755.85,2041.628,4943.803
13874.88,2049.329,5029.801,13741.64,1972.416,5120.824,13794.55,1983.601,5016.436,13837.39,1997.489,5105.928,13756.2,2041.628,4943.917
13875.7,2049.329,5029.777,13742.36,1972.416,5120.444,13795.29,1983.601,5016.797,13838.13,1997.489,5106.287,13756.97,2041.628,4944.197
13876.46,2049.329,5029.734,13743.03,1972.416,5120.074,13795.96,1983.601,5017.155,13838.8,1997.489,5106.638,13757.67,2041.628,4944.481
13877.21,2049.329,5029.717,13743.67,1972.416,5119.695,13796.61,1983.601,5017.526,13839.48,1997.489,5106.961,13758.36,2041.628,4944.782
13877.99,2049.329,5029.724,13744.34,1972.416,5119.276,13797.28,1983.601,5017.941,13840.2,1997.489,5107.282,13759.07,2041.628,4945.124
13878.82,2049.329,5029.759,13745.03,1972.416,5118.816,13797.97,1983.601,5018.4,13840.96,1997.489,5107.597,13759.8,2041.628,4945.507
13879.69,2049.329,5029.824,13745.74,1972.416,5118.314,13798.7,1983.601,5018.858,13841.76,1997.489,5107.938,13760.56,2041.628,4945.933
13880.6,2049.329,5029.923,13746.47,1972.416,5117.759,13799.5,1983.601,5019.319,13842.6,1997.489,5108.312,13761.35,2041.628,4946.412
13881.28,2049.329,5030.019,13747.01,1972.416,5117.333,13800.1,1983.601,5019.642,13843.22,1997.489,5108.596,13761.92,2041.628,4946.785
13882.79,2049.329,5030.282,13748.17,1972.416,5116.34,13801.48,1983.601,5020.322,13844.61,1997.489,5109.251,13763.17,2041.628,4947.665
13883.74,2049.329,5030.482,13748.9,1972.416,5115.686,13802.36,1983.601,5020.728,13845.49,1997.489,5109.678,13763.96,2041.628,4948.251
13884.59,2049.329,5030.688,13749.53,1972.416,5115.081,13803.17,1983.601,5021.065,13846.27,1997.489,5110.069,13764.64,2041.628,4948.798
13885.66,2049.329,5030.985,13750.35,1972.416,5114.339,13804.21,1983.601,5021.46,13847.24,1997.489,5110.597,13765.48,2041.628,4949.521
13886.76,2049.329,5031.331,13751.24,1972.416,5113.597,13805.3,1983.601,5021.837,13848.24,1997.489,5111.177,13766.33,2041.628,4950.3
13888.21,2049.329,5031.837,13752.44,1972.416,5112.649,13806.73,1983.601,5022.384,13849.54,1997.489,5111.991,13767.42,2041.628,4951.373
13889.68,2049.329,5032.408,13753.71,1972.416,5111.713,13808.19,1983.601,5022.98,13850.85,1997.489,5112.875,13768.56,2041.628,4952.465
13891.09,2049.329,5033.008,13754.98,1972.416,5110.846,13809.6,1983.601,5023.589,13852.09,1997.489,5113.773,13769.69,2041.628,4953.51
13891.81,2049.329,5033.34,13755.64,1972.416,5110.421,13810.31,1983.601,5023.918,13852.71,1997.489,5114.256,13770.27,2041.628,4954.04
13892.5,2049.329,5033.688,13756.31,1972.416,5110.027,13811.01,1983.601,5024.253,13853.31,1997.489,5114.748,13770.85,2041.628,4954.551
13892.89,2049.329,5033.9,13756.69,1972.416,5109.814,13811.4,1983.601,5024.454,13853.64,1997.489,5115.041,13771.18,2041.628,4954.84
13894.82,2049.329,5035.043,13758.7,1972.416,5108.795,13813.39,1983.601,5025.511,13855.28,1997.489,5116.584,13772.9,2041.628,4956.285
13895.82,2049.329,5035.673,13759.76,1972.416,5108.297,13814.41,1983.601,5026.083,13856.1,1997.489,5117.418,13773.81,2041.628,4957.028
13896.52,2049.329,5036.151,13760.53,1972.416,5107.939,13815.16,1983.601,5026.478,13856.72,1997.489,5118.002,13774.48,2041.628,4957.555
13897.49,2049.329,5036.864,13761.63,1972.416,5107.431,13816.25,1983.601,5027.013,13857.62,1997.489,5118.807,13775.43,2041.628,4958.292
13898.41,2049.329,5037.584,13762.69,1972.416,5106.94,13817.31,1983.601,5027.504,13858.51,1997.489,5119.559,13776.37,2041.628,4958.991
13899.29,2049.329,5038.314,13763.72,1972.416,5106.462,13818.35,1983.601,5027.958,13859.41,1997.489,5120.265,13777.29,2041.628,4959.657
13900.11,2049.329,5039.049,13764.72,1972.416,5105.996,13819.37,1983.601,5028.372,13860.29,1997.489,5120.924,13778.19,2041.628,4960.288
13900.88,2049.329,5039.783,13765.68,1972.416,5105.542,13820.36,1983.601,5028.749,13861.16,1997.489,5121.535,13779.08,2041.628,4960.883
13901.76,2049.329,5040.682,13766.83,1972.416,5105.041,13821.55,1983.601,5029.168,13862.17,1997.489,5122.292,13780.13,2041.628,4961.571
13902.4,2049.329,5041.384,13767.72,1972.416,5104.689,13822.46,1983.601,5029.465,13862.91,1997.489,5122.889,13780.94,2041.628,4962.079
13902.92,2049.329,5041.982,13768.46,1972.416,5104.422,13823.21,1983.601,5029.694,13863.51,1997.489,5123.403,13781.61,2041.628,4962.487
13903.51,2049.329,5042.716,13769.36,1972.416,5104.132,13824.12,1983.601,5029.949,13864.2,1997.489,5124.041,13782.42,2041.628,4962.961
13904.07,2049.329,5043.46,13770.25,1972.416,5103.874,13825.02,1983.601,5030.182,13864.87,1997.489,5124.692,13783.24,2041.628,4963.416
13904.68,2049.329,5044.331,13771.29,1972.416,5103.611,13826.05,1983.601,5030.428,13865.6,1997.489,5125.461,13784.17,2041.628,4963.918
13904.9,2049.329,5044.667,13771.68,1972.416,5103.525,13826.45,1983.601,5030.513,13865.87,1997.489,5125.761,13784.53,2041.628,4964.101
13905.54,2049.329,5045.717,13772.88,1972.416,5103.28,13827.65,1983.601,5030.751,13866.72,1997.489,5126.653,13785.64,2041.628,4964.642
13905.86,2049.329,5046.287,13773.53,1972.416,5103.162,13828.3,1983.601,5030.866,13867.18,1997.489,5127.113,13786.23,2041.628,4964.918
13906.45,2049.329,5047.412,13774.78,1972.416,5102.955,13829.55,1983.601,5031.068,13868.11,1997.489,5127.98,13787.39,2041.628,4965.432
13906.61,2049.329,5047.757,13775.16,1972.416,5102.9,13829.93,1983.601,5031.123,13868.39,1997.489,5128.234,13787.74,2041.628,4965.581
13906.82,2049.329,5048.215,13775.65,1972.416,5102.839,13830.42,1983.601,5031.186,13868.78,1997.489,5128.555,13788.21,2041.628,4965.765
13907.12,2049.329,5048.977,13776.47,1972.416,5102.756,13831.24,1983.601,5031.278,13869.42,1997.489,5129.064,13788.98,2041.628,4966.053
13907.36,2049.329,5049.618,13777.15,1972.416,5102.703,13831.92,1983.601,5031.345,13869.97,1997.489,5129.472,13789.62,2041.628,4966.278
13907.57,2049.329,5050.249,13777.81,1972.416,5102.667,13832.58,1983.601,5031.401,13870.51,1997.489,5129.855,13790.25,2041.628,4966.485
13907.75,2049.329,5050.868,13778.46,1972.416,5102.647,13833.22,1983.601,5031.448,13871.05,1997.489,5130.214,13790.87,2041.628,4966.673
13907.96,2049.329,5051.702,13779.32,1972.416,5102.644,13834.08,1983.601,5031.499,13871.78,1997.489,5130.674,13791.7,2041.628,4966.906
13908.05,2049.329,5052.091,13779.72,1972.416,5102.653,13834.48,1983.601,5031.518,13872.12,1997.489,5130.879,13792.08,2041.628,4967.006
13908.19,2049.329,5052.851,13780.49,1972.416,5102.69,13835.25,1983.601,5031.546,13872.79,1997.489,5131.262,13792.83,2041.628,4967.183
13908.25,2049.329,5053.224,13780.87,1972.416,5102.719,13835.63,1983.601,5031.557,13873.12,1997.489,5131.442,13793.2,2041.628,4967.261
13908.31,2049.329,5053.742,13781.39,1972.416,5102.773,13836.15,1983.601,5031.565,13873.59,1997.489,5131.683,13793.72,2041.628,4967.358
13908.4,2049.329,5054.334,13781.98,1972.416,5102.853,13836.75,1983.601,5031.57,13874.11,1997.489,5131.974,13794.31,2041.628,4967.456
13908.52,2049.329,5055.049,13782.69,1972.416,5102.969,13837.47,1983.601,5031.569,13874.73,1997.489,5132.346,13795.02,2041.628,4967.558
13908.62,2049.329,5055.565,13783.21,1972.416,5103.068,13838,1983.601,5031.563,13875.17,1997.489,5132.628,13795.55,2041.628,4967.62
13908.66,2049.329,5055.769,13783.41,1972.416,5103.114,13838.21,1983.601,5031.559,13875.34,1997.489,5132.746,13795.75,2041.628,4967.64
13908.85,2049.329,5056.591,13784.23,1972.416,5103.323,13839.05,1983.601,5031.532,13876.03,1997.489,5133.243,13796.6,2041.628,4967.7
13908.91,2049.329,5056.811,13784.45,1972.416,5103.385,13839.28,1983.601,5031.523,13876.21,1997.489,5133.381,13796.82,2041.628,4967.711
13908.97,2049.329,5057.023,13784.66,1972.416,5103.453,13839.5,1983.601,5031.512,13876.38,1997.489,5133.521,13797.04,2041.628,4967.716
13909.21,2049.329,5057.783,13785.41,1972.416,5103.718,13840.29,1983.601,5031.463,13876.98,1997.489,5134.042,13797.84,2041.628,4967.716
13909.37,2049.329,5058.267,13785.89,1972.416,5103.903,13840.8,1983.601,5031.427,13877.36,1997.489,5134.387,13798.35,2041.628,4967.704
13909.5,2049.329,5058.634,13786.25,1972.416,5104.056,13841.19,1983.601,5031.395,13877.64,1997.489,5134.658,13798.74,2041.628,4967.685
13909.58,2049.329,5058.828,13786.43,1972.416,5104.143,13841.4,1983.601,5031.376,13877.78,1997.489,5134.806,13798.95,2041.628,4967.67
13909.66,2049.329,5059.021,13786.62,1972.416,5104.236,13841.6,1983.601,5031.355,13877.93,1997.489,5134.958,13799.16,2041.628,4967.649
13909.87,2049.329,5059.518,13787.1,1972.416,5104.494,13842.14,1983.601,5031.294,13878.29,1997.489,5135.364,13799.69,2041.628,4967.583
13910,2049.329,5059.779,13787.35,1972.416,5104.638,13842.43,1983.601,5031.259,13878.47,1997.489,5135.584,13799.98,2041.628,4967.541
13910.15,2049.329,5060.088,13787.64,1972.416,5104.82,13842.77,1983.601,5031.214,13878.69,1997.489,5135.852,13800.32,2041.628,4967.481
13910.3,2049.329,5060.384,13787.92,1972.416,5105.005,13843.1,1983.601,5031.167,13878.9,1997.489,5136.115,13800.65,2041.628,4967.416
13910.46,2049.329,5060.663,13788.18,1972.416,5105.19,13843.42,1983.601,5031.118,13879.09,1997.489,5136.37,13800.96,2041.628,4967.346
13910.68,2049.329,5061.052,13788.54,1972.416,5105.462,13843.86,1983.601,5031.045,13879.35,1997.489,5136.734,13801.39,2041.628,4967.235
13910.89,2049.329,5061.394,13788.85,1972.416,5105.715,13844.25,1983.601,5030.977,13879.58,1997.489,5137.063,13801.78,2041.628,4967.127
13911.04,2049.329,5061.627,13789.06,1972.416,5105.896,13844.53,1983.601,5030.926,13879.73,1997.489,5137.292,13802.04,2041.628,4967.045
13911.15,2049.329,5061.8,13789.21,1972.416,5106.037,13844.73,1983.601,5030.886,13879.85,1997.489,5137.467,13802.24,2041.628,4966.979
13911.32,2049.329,5062.035,13789.42,1972.416,5106.239,13845.01,1983.601,5030.828,13880,1997.489,5137.709,13802.51,2041.628,4966.88
13911.56,2049.329,5062.364,13789.7,1972.416,5106.535,13845.41,1983.601,5030.742,13880.22,1997.489,5138.056,13802.89,2041.628,4966.73
13911.69,2049.329,5062.529,13789.84,1972.416,5106.69,13845.62,1983.601,5030.696,13880.33,1997.489,5138.234,13803.08,2041.628,4966.648
13911.89,2049.329,5062.777,13790.04,1972.416,5106.933,13845.93,1983.601,5030.623,13880.49,1997.489,5138.506,13803.37,2041.628,4966.516
13912.06,2049.329,5062.984,13790.21,1972.416,5107.146,13846.19,1983.601,5030.557,13880.63,1997.489,5138.74,13803.62,2041.628,4966.397
13912.2,2049.329,5063.141,13790.33,1972.416,5107.314,13846.39,1983.601,5030.505,13880.73,1997.489,5138.919,13803.8,2041.628,4966.301
13912.36,2049.329,5063.31,13790.46,1972.416,5107.503,13846.61,1983.601,5030.445,13880.85,1997.489,5139.118,13804,2041.628,4966.189
13912.56,2049.329,5063.521,13790.62,1972.416,5107.75,13846.89,1983.601,5030.367,13880.99,1997.489,5139.373,13804.25,2041.628,4966.041
13912.71,2049.329,5063.669,13790.73,1972.416,5107.928,13847.09,1983.601,5030.309,13881.1,1997.489,5139.554,13804.43,2041.628,4965.93
13912.93,2049.329,5063.881,13790.88,1972.416,5108.196,13847.39,1983.601,5030.221,13881.25,1997.489,5139.821,13804.68,2041.628,4965.761
13913.08,2049.329,5064.022,13790.97,1972.416,5108.381,13847.59,1983.601,5030.159,13881.35,1997.489,5140.003,13804.86,2041.628,4965.641
13913.31,2049.329,5064.222,13791.1,1972.416,5108.654,13847.87,1983.601,5030.066,13881.49,1997.489,5140.268,13805.1,2041.628,4965.461
13913.47,2049.329,5064.356,13791.19,1972.416,5108.845,13848.07,1983.601,5030.001,13881.59,1997.489,5140.45,13805.26,2041.628,4965.333
13913.68,2049.329,5064.53,13791.29,1972.416,5109.102,13848.33,1983.601,5029.911,13881.73,1997.489,5140.693,13805.48,2041.628,4965.157
13913.85,2049.329,5064.658,13791.36,1972.416,5109.298,13848.53,1983.601,5029.842,13881.83,1997.489,5140.876,13805.63,2041.628,4965.02
13914.01,2049.329,5064.783,13791.43,1972.416,5109.496,13848.72,1983.601,5029.771,13881.93,1997.489,5141.059,13805.79,2041.628,4964.879
13914.25,2049.329,5064.953,13791.51,1972.416,5109.776,13849,1983.601,5029.668,13882.07,1997.489,5141.316,13806,2041.628,4964.676
13914.42,2049.329,5065.07,13791.56,1972.416,5109.978,13849.19,1983.601,5029.593,13882.16,1997.489,5141.5,13806.14,2041.628,4964.528
13914.6,2049.329,5065.185,13791.61,1972.416,5110.181,13849.39,1983.601,5029.517,13882.26,1997.489,5141.683,13806.28,2041.628,4964.375
13914.77,2049.329,5065.295,13791.65,1972.416,5110.386,13849.58,1983.601,5029.438,13882.36,1997.489,5141.866,13806.42,2041.628,4964.219
13914.95,2049.329,5065.403,13791.68,1972.416,5110.591,13849.77,1983.601,5029.361,13882.46,1997.489,5142.05,13806.56,2041.628,4964.06
13915.15,2049.329,5065.514,13791.71,1972.416,5110.812,13849.98,1983.601,5029.28,13882.56,1997.489,5142.246,13806.69,2041.628,4963.886
13915.33,2049.329,5065.614,13791.73,1972.416,5111.019,13850.17,1983.601,5029.205,13882.66,1997.489,5142.429,13806.82,2041.628,4963.719
13915.56,2049.329,5065.736,13791.75,1972.416,5111.28,13850.42,1983.601,5029.112,13882.79,1997.489,5142.66,13806.97,2041.628,4963.507
13915.75,2049.329,5065.829,13791.75,1972.416,5111.488,13850.61,1983.601,5029.039,13882.88,1997.489,5142.843,13807.09,2041.628,4963.334
13916.03,2049.329,5065.965,13791.75,1972.416,5111.802,13850.91,1983.601,5028.931,13883.03,1997.489,5143.12,13807.26,2041.628,4963.07
13916.37,2049.329,5066.119,13791.74,1972.416,5112.172,13851.26,1983.601,5028.804,13883.21,1997.489,5143.447,13807.45,2041.628,4962.753
13916.76,2049.329,5066.29,13791.72,1972.416,5112.601,13851.66,1983.601,5028.66,13883.41,1997.489,5143.826,13807.66,2041.628,4962.38
13917.21,2049.329,5066.478,13791.7,1972.416,5113.092,13852.13,1983.601,5028.498,13883.63,1997.489,5144.266,13807.89,2041.628,4961.947
13917.73,2049.329,5066.682,13791.7,1972.416,5113.648,13852.65,1983.601,5028.317,13883.86,1997.489,5144.77,13808.15,2041.628,4961.451
13918.44,2049.329,5066.938,13791.73,1972.416,5114.402,13853.37,1983.601,5028.09,13884.16,1997.489,5145.461,13808.47,2041.628,4960.77
13919.03,2049.329,5067.175,13791.77,1972.416,5115.037,13853.98,1983.601,5027.915,13884.4,1997.489,5146.053,13808.73,2041.628,4960.188
13919.57,2049.329,5067.41,13791.83,1972.416,5115.62,13854.55,1983.601,5027.772,13884.6,1997.489,5146.604,13808.98,2041.628,4959.66
13920.26,2049.329,5067.739,13791.88,1972.416,5116.383,13855.3,1983.601,5027.61,13884.84,1997.489,5147.331,13809.34,2041.628,4958.982
13920.98,2049.329,5068.114,13791.96,1972.416,5117.194,13856.1,1983.601,5027.463,13885.06,1997.489,5148.114,13809.74,2041.628,4958.273
13921.64,2049.329,5068.48,13792.04,1972.416,5117.94,13856.84,1983.601,5027.353,13885.25,1997.489,5148.841,13810.13,2041.628,4957.633
13922.8,2049.329,5069.185,13792.13,1972.416,5119.299,13858.2,1983.601,5027.196,13885.54,1997.489,5150.171,13810.88,2041.628,4956.496
13923.07,2049.329,5069.36,13792.14,1972.416,5119.621,13858.52,1983.601,5027.169,13885.6,1997.489,5150.488,13811.06,2041.628,4956.232
13924.33,2049.329,5070.233,13792.2,1972.416,5121.147,13860.04,1983.601,5027.093,13885.83,1997.489,5151.998,13811.98,2041.628,4955.013
13925.13,2049.329,5070.832,13792.22,1972.416,5122.146,13861.04,1983.601,5027.076,13885.94,1997.489,5152.991,13812.61,2041.628,4954.235
13926.22,2049.329,5071.705,13792.19,1972.416,5123.545,13862.44,1983.601,5027.098,13886.06,1997.489,5154.385,13813.52,2041.628,4953.176
13926.95,2049.329,5072.329,13792.15,1972.416,5124.504,13863.4,1983.601,5027.144,13886.11,1997.489,5155.344,13814.17,2041.628,4952.47
13927.24,2049.329,5072.595,13792.15,1972.416,5124.899,13863.79,1983.601,5027.176,13886.12,1997.489,5155.739,13814.45,2041.628,4952.188
13928.68,2049.329,5073.995,13792.09,1972.416,5126.904,13865.79,1983.601,5027.403,13886.1,1997.489,5157.744,13815.91,2041.628,4950.806
13929.11,2049.329,5074.439,13792.05,1972.416,5127.52,13866.39,1983.601,5027.493,13886.07,1997.489,5158.36,13816.37,2041.628,4950.396
13930.42,2049.329,5075.903,13791.86,1972.416,5129.479,13868.33,1983.601,5027.844,13885.91,1997.489,5160.322,13817.88,2041.628,4949.135
13931.38,2049.329,5077.038,13791.68,1972.416,5130.952,13869.78,1983.601,5028.156,13885.75,1997.489,5161.797,13819.05,2041.628,4948.223
13931.89,2049.329,5077.684,13791.54,1972.416,5131.764,13870.58,1983.601,5028.355,13885.63,1997.489,5162.612,13819.71,2041.628,4947.738
13932.25,2049.329,5078.175,13791.43,1972.416,5132.363,13871.17,1983.601,5028.522,13885.52,1997.489,5163.213,13820.22,2041.628,4947.395
13932.85,2049.329,5079.046,13791.19,1972.416,5133.392,13872.17,1983.601,5028.844,13885.3,1997.489,5164.246,13821.11,2041.628,4946.83
13933.4,2049.329,5079.914,13790.93,1972.416,5134.388,13873.14,1983.601,5029.19,13885.06,1997.489,5165.246,13822,2041.628,4946.308
13933.85,2049.329,5080.667,13790.68,1972.416,5135.229,13873.96,1983.601,5029.512,13884.82,1997.489,5166.09,13822.77,2041.628,4945.889
13934.32,2049.329,5081.51,13790.37,1972.416,5136.141,13874.84,1983.601,5029.894,13884.53,1997.489,5167.007,13823.63,2041.628,4945.457
13934.84,2049.329,5082.534,13789.97,1972.416,5137.218,13875.88,1983.601,5030.385,13884.14,1997.489,5168.091,13824.67,2041.628,4944.974
13935.3,2049.329,5083.518,13789.56,1972.416,5138.223,13876.85,1983.601,5030.88,13883.75,1997.489,5169.103,13825.67,2041.628,4944.55
13935.39,2049.329,5083.72,13789.47,1972.416,5138.424,13877.04,1983.601,5030.987,13883.66,1997.489,5169.305,13825.88,2041.628,4944.471
13935.86,2049.329,5084.931,13788.9,1972.416,5139.592,13878.16,1983.601,5031.654,13883.11,1997.489,5170.482,13827.1,2041.628,4944.043
13936.07,2049.329,5085.511,13788.61,1972.416,5140.136,13878.68,1983.601,5031.987,13882.83,1997.489,5171.031,13827.69,2041.628,4943.86
13936.31,2049.329,5086.27,13788.25,1972.416,5140.847,13879.33,1983.601,5032.44,13882.44,1997.489,5171.729,13828.46,2041.628,4943.648
13936.51,2049.329,5087.008,13787.91,1972.416,5141.536,13879.95,1983.601,5032.896,13882.05,1997.489,5172.388,13829.21,2041.628,4943.468
13936.76,2049.329,5088.008,13787.51,1972.416,5142.484,13880.76,1983.601,5033.536,13881.5,1997.489,5173.256,13830.21,2041.628,4943.259
13936.86,2049.329,5088.473,13787.31,1972.416,5142.916,13881.12,1983.601,5033.843,13881.23,1997.489,5173.647,13830.68,2041.628,4943.178
13937.07,2049.329,5089.641,13786.78,1972.416,5143.975,13882,1983.601,5034.639,13880.52,1997.489,5174.603,13831.86,2041.628,4943.014
13937.1,2049.329,5089.847,13786.69,1972.416,5144.163,13882.15,1983.601,5034.784,13880.4,1997.489,5174.766,13832.07,2041.628,4942.992
13937.2,2049.329,5090.742,13786.28,1972.416,5144.965,13882.77,1983.601,5035.431,13879.82,1997.489,5175.455,13832.96,2041.628,4942.926
13937.23,2049.329,5091.161,13786.07,1972.416,5145.333,13883.06,1983.601,5035.742,13879.53,1997.489,5175.768,13833.38,2041.628,4942.909
13937.26,2049.329,5091.748,13785.8,1972.416,5145.853,13883.44,1983.601,5036.189,13879.13,1997.489,5176.191,13833.97,2041.628,4942.904
13937.27,2049.329,5092.347,13785.5,1972.416,5146.374,13883.81,1983.601,5036.659,13878.7,1997.489,5176.609,13834.57,2041.628,4942.919
13937.25,2049.329,5093.054,13785.13,1972.416,5146.976,13884.23,1983.601,5037.226,13878.18,1997.489,5177.085,13835.28,2041.628,4942.96
13937.23,2049.329,5093.469,13784.9,1972.416,5147.323,13884.47,1983.601,5037.568,13877.86,1997.489,5177.356,13835.69,2041.628,4942.998
13937.15,2049.329,5094.436,13784.34,1972.416,5148.114,13884.99,1983.601,5038.383,13877.1,1997.489,5177.961,13836.65,2041.628,4943.117
13937.12,2049.329,5094.643,13784.24,1972.416,5148.296,13885.1,1983.601,5038.562,13876.93,1997.489,5178.086,13836.86,2041.628,4943.149
13937.02,2049.329,5095.336,13783.88,1972.416,5148.895,13885.44,1983.601,5039.174,13876.36,1997.489,5178.487,13837.55,2041.628,4943.28
13936.96,2049.329,5095.654,13783.7,1972.416,5149.166,13885.59,1983.601,5039.462,13876.09,1997.489,5178.663,13837.86,2041.628,4943.351
13936.89,2049.329,5095.968,13783.51,1972.416,5149.428,13885.73,1983.601,5039.752,13875.81,1997.489,5178.829,13838.17,2041.628,4943.432
13936.7,2049.329,5096.729,13783.08,1972.416,5150.081,13886.04,1983.601,5040.472,13875.13,1997.489,5179.213,13838.93,2041.628,4943.654
13936.61,2049.329,5097.03,13782.89,1972.416,5150.335,13886.16,1983.601,5040.764,13874.86,1997.489,5179.375,13839.22,2041.628,4943.752
13936.51,2049.329,5097.342,13782.69,1972.416,5150.597,13886.27,1983.601,5041.073,13874.58,1997.489,5179.553,13839.53,2041.628,4943.866
13936.33,2049.329,5097.823,13782.37,1972.416,5150.993,13886.42,1983.601,5041.56,13874.16,1997.489,5179.843,13840.01,2041.628,4944.058
13936.13,2049.329,5098.42,13781.96,1972.416,5151.467,13886.61,1983.601,5042.161,13873.66,1997.489,5180.216,13840.58,2041.628,4944.313
13936.07,2049.329,5098.619,13781.82,1972.416,5151.62,13886.67,1983.601,5042.361,13873.49,1997.489,5180.344,13840.77,2041.628,4944.404
13935.9,2049.329,5099.219,13781.38,1972.416,5152.064,13886.83,1983.601,5042.963,13873.01,1997.489,5180.745,13841.32,2041.628,4944.694
13935.78,2049.329,5099.68,13781.03,1972.416,5152.393,13886.96,1983.601,5043.424,13872.66,1997.489,5181.063,13841.74,2041.628,4944.929
13935.72,2049.329,5099.935,13780.83,1972.416,5152.566,13887.02,1983.601,5043.678,13872.47,1997.489,5181.243,13841.96,2041.628,4945.065
13935.68,2049.329,5100.138,13780.67,1972.416,5152.7,13887.06,1983.601,5043.881,13872.32,1997.489,5181.391,13842.13,2041.628,4945.179
13935.63,2049.329,5100.392,13780.47,1972.416,5152.86,13887.12,1983.601,5044.133,13872.14,1997.489,5181.58,13842.34,2041.628,4945.328
13935.52,2049.329,5101.006,13779.97,1972.416,5153.229,13887.24,1983.601,5044.744,13871.74,1997.489,5182.049,13842.84,2041.628,4945.704
13935.49,2049.329,5101.212,13779.8,1972.416,5153.347,13887.28,1983.601,5044.949,13871.6,1997.489,5182.21,13843,2041.628,4945.834
13935.44,2049.329,5101.632,13779.44,1972.416,5153.577,13887.34,1983.601,5045.367,13871.35,1997.489,5182.546,13843.32,2041.628,4946.111
13935.42,2049.329,5101.839,13779.26,1972.416,5153.684,13887.37,1983.601,5045.573,13871.22,1997.489,5182.715,13843.48,2041.628,4946.252
13935.4,2049.329,5102.112,13779.02,1972.416,5153.818,13887.41,1983.601,5045.846,13871.07,1997.489,5182.943,13843.67,2041.628,4946.445
13935.38,2049.329,5102.393,13778.77,1972.416,5153.948,13887.44,1983.601,5046.125,13870.92,1997.489,5183.182,13843.87,2041.628,4946.649
13935.37,2049.329,5102.664,13778.53,1972.416,5154.066,13887.47,1983.601,5046.395,13870.79,1997.489,5183.416,13844.05,2041.628,4946.852
13935.36,2049.329,5102.927,13778.3,1972.416,5154.188,13887.49,1983.601,5046.657,13870.65,1997.489,5183.639,13844.22,2041.628,4947.053
13935.36,2049.329,5103.196,13778.06,1972.416,5154.32,13887.5,1983.601,5046.927,13870.49,1997.489,5183.862,13844.38,2041.628,4947.266
13935.37,2049.329,5103.607,13777.71,1972.416,5154.534,13887.52,1983.601,5047.337,13870.25,1997.489,5184.195,13844.62,2041.628,4947.598
13935.38,2049.329,5103.815,13777.54,1972.416,5154.648,13887.52,1983.601,5047.545,13870.13,1997.489,5184.36,13844.74,2041.628,4947.771
13935.39,2049.329,5104.023,13777.37,1972.416,5154.768,13887.52,1983.601,5047.753,13869.99,1997.489,5184.521,13844.85,2041.628,4947.947
13935.4,2049.329,5104.266,13777.17,1972.416,5154.915,13887.52,1983.601,5047.997,13869.83,1997.489,5184.703,13844.98,2041.628,4948.157
13935.43,2049.329,5104.545,13776.95,1972.416,5155.09,13887.51,1983.601,5048.277,13869.64,1997.489,5184.906,13845.11,2041.628,4948.403
13935.45,2049.329,5104.752,13776.79,1972.416,5155.226,13887.5,1983.601,5048.485,13869.49,1997.489,5185.053,13845.2,2041.628,4948.589
13935.48,2049.329,5104.958,13776.64,1972.416,5155.367,13887.48,1983.601,5048.692,13869.34,1997.489,5185.194,13845.29,2041.628,4948.778
13935.51,2049.329,5105.165,13776.49,1972.416,5155.513,13887.46,1983.601,5048.9,13869.18,1997.489,5185.331,13845.37,2041.628,4948.97
13935.54,2049.329,5105.37,13776.35,1972.416,5155.664,13887.44,1983.601,5049.107,13869.02,1997.489,5185.462,13845.45,2041.628,4949.164
13935.58,2049.329,5105.575,13776.21,1972.416,5155.819,13887.41,1983.601,5049.313,13868.85,1997.489,5185.588,13845.52,2041.628,4949.361
13935.62,2049.329,5105.78,13776.08,1972.416,5155.979,13887.38,1983.601,5049.519,13868.68,1997.489,5185.709,13845.58,2041.628,4949.56
13935.66,2049.329,5105.99,13775.94,1972.416,5156.148,13887.34,1983.601,5049.731,13868.5,1997.489,5185.828,13845.64,2041.628,4949.767
13935.71,2049.329,5106.193,13775.82,1972.416,5156.317,13887.3,1983.601,5049.935,13868.33,1997.489,5185.937,13845.68,2041.628,4949.97
13935.76,2049.329,5106.396,13775.7,1972.416,5156.489,13887.25,1983.601,5050.138,13868.15,1997.489,5186.041,13845.73,2041.628,4950.174
13935.81,2049.329,5106.597,13775.59,1972.416,5156.665,13887.2,1983.601,5050.34,13867.96,1997.489,5186.138,13845.76,2041.628,4950.379
13935.87,2049.329,5106.798,13775.49,1972.416,5156.844,13887.15,1983.601,5050.541,13867.77,1997.489,5186.229,13845.79,2041.628,4950.585
13935.92,2049.329,5106.998,13775.37,1972.416,5157.016,13887.09,1983.601,5050.741,13867.58,1997.489,5186.314,13845.81,2041.628,4950.792
13935.99,2049.329,5107.197,13775.25,1972.416,5157.185,13887.02,1983.601,5050.939,13867.4,1997.489,5186.405,13845.83,2041.628,4951
13936.05,2049.329,5107.395,13775.12,1972.416,5157.349,13886.96,1983.601,5051.136,13867.21,1997.489,5186.501,13845.84,2041.628,4951.208
13936.12,2049.329,5107.592,13774.98,1972.416,5157.509,13886.88,1983.601,5051.331,13867.03,1997.489,5186.604,13845.84,2041.628,4951.417
13936.19,2049.329,5107.789,13774.85,1972.416,5157.666,13886.8,1983.601,5051.524,13866.85,1997.489,5186.711,13845.83,2041.628,4951.625
13936.26,2049.329,5107.984,13774.7,1972.416,5157.817,13886.72,1983.601,5051.716,13866.68,1997.489,5186.825,13845.82,2041.628,4951.833
13936.33,2049.329,5108.179,13774.56,1972.416,5157.964,13886.64,1983.601,5051.905,13866.5,1997.489,5186.943,13845.8,2041.628,4952.041
13936.41,2049.329,5108.373,13774.4,1972.416,5158.107,13886.55,1983.601,5052.093,13866.34,1997.489,5187.067,13845.78,2041.628,4952.248
13936.49,2049.329,5108.566,13774.25,1972.416,5158.245,13886.45,1983.601,5052.278,13866.17,1997.489,5187.196,13845.75,2041.628,4952.454
13936.57,2049.329,5108.758,13774.09,1972.416,5158.377,13886.35,1983.601,5052.461,13866.01,1997.489,5187.331,13845.71,2041.628,4952.658
13936.64,2049.329,5108.952,13773.92,1972.416,5158.505,13886.25,1983.601,5052.641,13865.86,1997.489,5187.47,13845.66,2041.628,4952.861
13936.71,2049.329,5109.149,13773.75,1972.416,5158.627,13886.13,1983.601,5052.816,13865.71,1997.489,5187.613,13845.63,2041.628,4953.067
13936.77,2049.329,5109.348,13773.58,1972.416,5158.745,13886.02,1983.601,5052.989,13865.56,1997.489,5187.762,13845.58,2041.628,4953.271
13936.83,2049.329,5109.549,13773.41,1972.416,5158.856,13885.89,1983.601,5053.157,13865.42,1997.489,5187.915,13845.54,2041.628,4953.474
13936.88,2049.329,5109.751,13773.23,1972.416,5158.962,13885.77,1983.601,5053.321,13865.28,1997.489,5188.072,13845.48,2041.628,4953.675
13936.92,2049.329,5109.956,13773.04,1972.416,5159.063,13885.63,1983.601,5053.481,13865.15,1997.489,5188.233,13845.42,2041.628,4953.874
13936.95,2049.329,5110.161,13772.86,1972.416,5159.158,13885.49,1983.601,5053.637,13865.03,1997.489,5188.399,13845.38,2041.628,4954.078
13936.98,2049.329,5110.368,13772.67,1972.416,5159.247,13885.35,1983.601,5053.788,13864.91,1997.489,5188.568,13845.33,2041.628,4954.281
13937,2049.329,5110.575,13772.48,1972.416,5159.33,13885.2,1983.601,5053.934,13864.79,1997.489,5188.742,13845.28,2041.628,4954.482
13937.02,2049.329,5110.796,13772.28,1972.416,5159.426,13885.04,1983.601,5054.088,13864.66,1997.489,5188.922,13845.23,2041.628,4954.699
13937.03,2049.329,5111.092,13772.01,1972.416,5159.562,13884.81,1983.601,5054.273,13864.48,1997.489,5189.157,13845.15,2041.628,4954.985
13937.03,2049.329,5111.447,13771.71,1972.416,5159.735,13884.54,1983.601,5054.504,13864.26,1997.489,5189.431,13845.05,2041.628,4955.326
13937.02,2049.329,5111.857,13771.35,1972.416,5159.947,13884.24,1983.601,5054.781,13863.99,1997.489,5189.74,13844.92,2041.628,4955.715
13936.97,2049.329,5112.759,13770.59,1972.416,5160.438,13883.53,1983.601,5055.347,13863.37,1997.489,5190.399,13844.61,2041.628,4956.564
13936.91,2049.329,5113.347,13770.11,1972.416,5160.775,13883.09,1983.601,5055.732,13862.95,1997.489,5190.817,13844.43,2041.628,4957.125
13936.86,2049.329,5113.741,13769.79,1972.416,5161.013,13882.79,1983.601,5056,13862.66,1997.489,5191.088,13844.3,2041.628,4957.501
13936.83,2049.329,5113.947,13769.63,1972.416,5161.143,13882.64,1983.601,5056.146,13862.5,1997.489,5191.226,13844.23,2041.628,4957.697
13936.63,2049.329,5115,13768.81,1972.416,5161.839,13881.9,1983.601,5056.921,13861.68,1997.489,5191.907,13843.88,2041.628,4958.709
13936.51,2049.329,5115.528,13768.41,1972.416,5162.203,13881.52,1983.601,5057.3,13861.25,1997.489,5192.236,13843.68,2041.628,4959.212
13936.33,2049.329,5116.207,13767.91,1972.416,5162.692,13881.03,1983.601,5057.807,13860.68,1997.489,5192.646,13843.44,2041.628,4959.874
13936.14,2049.329,5116.856,13767.44,1972.416,5163.18,13880.55,1983.601,5058.281,13860.11,1997.489,5193.022,13843.23,2041.628,4960.516
13935.92,2049.329,5117.498,13766.99,1972.416,5163.682,13880.06,1983.601,5058.75,13859.54,1997.489,5193.379,13842.99,2041.628,4961.15
13935.66,2049.329,5118.212,13766.5,1972.416,5164.264,13879.46,1983.601,5059.223,13858.88,1997.489,5193.76,13842.62,2041.628,4961.812
13935.55,2049.329,5118.482,13766.32,1972.416,5164.493,13879.24,1983.601,5059.412,13858.62,1997.489,5193.898,13842.48,2041.628,4962.068
13935.24,2049.329,5119.175,13765.87,1972.416,5165.103,13878.68,1983.601,5059.921,13857.94,1997.489,5194.233,13842.13,2041.628,4962.742
13934.79,2049.329,5120.098,13765.23,1972.416,5165.909,13877.94,1983.601,5060.634,13857.04,1997.489,5194.715,13841.66,2041.628,4963.655
13934.7,2049.329,5120.282,13765.1,1972.416,5166.068,13877.8,1983.601,5060.784,13856.86,1997.489,5194.819,13841.58,2041.628,4963.844
13934.42,2049.329,5120.772,13764.72,1972.416,5166.488,13877.39,1983.601,5061.176,13856.38,1997.489,5195.114,13841.3,2041.628,4964.335
13933.99,2049.329,5121.466,13764.16,1972.416,5167.078,13876.77,1983.601,5061.7,13855.7,1997.489,5195.561,13840.92,2041.628,4965.058
13933.88,2049.329,5121.64,13764.01,1972.416,5167.224,13876.61,1983.601,5061.834,13855.53,1997.489,5195.681,13840.82,2041.628,4965.238
13933.46,2049.329,5122.228,13763.48,1972.416,5167.712,13876.07,1983.601,5062.313,13854.95,1997.489,5196.112,13840.48,2041.628,4965.872
13933.27,2049.329,5122.484,13763.24,1972.416,5167.923,13875.83,1983.601,5062.529,13854.7,1997.489,5196.313,13840.34,2041.628,4966.161
13932.98,2049.329,5122.844,13762.88,1972.416,5168.216,13875.5,1983.601,5062.851,13854.35,1997.489,5196.614,13840.15,2041.628,4966.583
13932.68,2049.329,5123.186,13762.52,1972.416,5168.49,13875.18,1983.601,5063.175,13854.01,1997.489,5196.918,13839.97,2041.628,4967.001
13932.48,2049.329,5123.403,13762.28,1972.416,5168.663,13874.99,1983.601,5063.398,13853.8,1997.489,5197.124,13839.87,2041.628,4967.278
13932.01,2049.329,5123.878,13761.72,1972.416,5169.034,13874.61,1983.601,5063.947,13853.33,1997.489,5197.603,13839.65,2041.628,4967.91
13931.75,2049.329,5124.125,13761.42,1972.416,5169.224,13874.4,1983.601,5064.235,13853.09,1997.489,5197.868,13839.53,2041.628,4968.247
13931.38,2049.329,5124.458,13760.99,1972.416,5169.477,13874.08,1983.601,5064.628,13852.77,1997.489,5198.248,13839.35,2041.628,4968.712
13931.11,2049.329,5124.681,13760.68,1972.416,5169.643,13873.86,1983.601,5064.894,13852.55,1997.489,5198.52,13839.23,2041.628,4969.04
13930.91,2049.329,5124.837,13760.45,1972.416,5169.757,13873.69,1983.601,5065.083,13852.4,1997.489,5198.724,13839.13,2041.628,4969.276
13930.55,2049.329,5125.099,13760.05,1972.416,5169.945,13873.42,1983.601,5065.437,13852.14,1997.489,5199.088,13838.98,2041.628,4969.695
13930.13,2049.329,5125.377,13759.59,1972.416,5170.142,13873.12,1983.601,5065.834,13851.87,1997.489,5199.503,13838.8,2041.628,4970.157
13929.92,2049.329,5125.512,13759.37,1972.416,5170.249,13872.96,1983.601,5066.031,13851.72,1997.489,5199.709,13838.69,2041.628,4970.387
13929.74,2049.329,5125.617,13759.18,1972.416,5170.343,13872.83,1983.601,5066.189,13851.59,1997.489,5199.875,13838.62,2041.628,4970.581
13929.21,2049.329,5125.904,13758.65,1972.416,5170.634,13872.42,1983.601,5066.633,13851.21,1997.489,5200.343,13838.41,2041.628,4971.146
13929.01,2049.329,5126.004,13758.46,1972.416,5170.748,13872.26,1983.601,5066.794,13851.07,1997.489,5200.512,13838.36,2041.628,4971.364
13928.82,2049.329,5126.091,13758.28,1972.416,5170.86,13872.13,1983.601,5066.958,13850.93,1997.489,5200.666,13838.31,2041.628,4971.566
13928.55,2049.329,5126.208,13758.04,1972.416,5171.031,13871.96,1983.601,5067.204,13850.72,1997.489,5200.88,13838.23,2041.628,4971.857
13928.29,2049.329,5126.327,13757.81,1972.416,5171.196,13871.79,1983.601,5067.428,13850.51,1997.489,5201.073,13838.15,2041.628,4972.125
13928.05,2049.329,5126.447,13757.6,1972.416,5171.363,13871.63,1983.601,5067.642,13850.31,1997.489,5201.252,13838.1,2041.628,4972.389
13927.81,2049.329,5126.556,13757.4,1972.416,5171.533,13871.46,1983.601,5067.845,13850.11,1997.489,5201.421,13838.04,2041.628,4972.646
13927.57,2049.329,5126.656,13757.2,1972.416,5171.706,13871.29,1983.601,5068.039,13849.9,1997.489,5201.58,13837.97,2041.628,4972.896
13927.34,2049.329,5126.743,13757.03,1972.416,5171.876,13871.12,1983.601,5068.217,13849.71,1997.489,5201.724,13837.9,2041.628,4973.13
13927.12,2049.329,5126.83,13756.86,1972.416,5172.048,13870.97,1983.601,5068.407,13849.51,1997.489,5201.859,13837.84,2041.628,4973.362
13926.89,2049.329,5126.909,13756.7,1972.416,5172.223,13870.82,1983.601,5068.588,13849.31,1997.489,5201.986,13837.77,2041.628,4973.588
13926.69,2049.329,5127.012,13756.55,1972.416,5172.394,13870.67,1983.601,5068.755,13849.11,1997.489,5202.099,13837.7,2041.628,4973.803
13926.5,2049.329,5127.106,13756.42,1972.416,5172.565,13870.52,1983.601,5068.914,13848.92,1997.489,5202.204,13837.65,2041.628,4974.015
13926.3,2049.329,5127.19,13756.29,1972.416,5172.734,13870.37,1983.601,5069.062,13848.73,1997.489,5202.299,13837.6,2041.628,4974.221
13926.11,2049.329,5127.268,13756.17,1972.416,5172.905,13870.23,1983.601,5069.212,13848.54,1997.489,5202.386,13837.55,2041.628,4974.422
13925.92,2049.329,5127.362,13756.06,1972.416,5173.08,13870.08,1983.601,5069.358,13848.35,1997.489,5202.467,13837.49,2041.628,4974.622
13925.72,2049.329,5127.46,13755.94,1972.416,5173.276,13869.9,1983.601,5069.504,13848.14,1997.489,5202.55,13837.41,2041.628,4974.839
13925.53,2049.329,5127.542,13755.83,1972.416,5173.451,13869.75,1983.601,5069.642,13847.95,1997.489,5202.63,13837.35,2041.628,4975.036
13925.27,2049.329,5127.641,13755.67,1972.416,5173.672,13869.55,1983.601,5069.826,13847.7,1997.489,5202.742,13837.28,2041.628,4975.298
13925.08,2049.329,5127.711,13755.55,1972.416,5173.84,13869.4,1983.601,5069.974,13847.51,1997.489,5202.834,13837.22,2041.628,4975.499
13924.85,2049.329,5127.793,13755.4,1972.416,5174.031,13869.24,1983.601,5070.152,13847.3,1997.489,5202.949,13837.15,2041.628,4975.731
13924.65,2049.329,5127.856,13755.26,1972.416,5174.19,13869.09,1983.601,5070.299,13847.12,1997.489,5203.053,13837.09,2041.628,4975.932
13924.45,2049.329,5127.93,13755.12,1972.416,5174.352,13868.93,1983.601,5070.446,13846.93,1997.489,5203.167,13837.03,2041.628,4976.14
13924.25,2049.329,5127.993,13754.97,1972.416,5174.502,13868.78,1983.601,5070.592,13846.76,1997.489,5203.281,13836.97,2041.628,4976.34
13924.04,2049.329,5128.033,13754.82,1972.416,5174.648,13868.62,1983.601,5070.733,13846.59,1997.489,5203.4,13836.91,2041.628,4976.539
13923.84,2049.329,5128.08,13754.67,1972.416,5174.789,13868.46,1983.601,5070.861,13846.42,1997.489,5203.525,13836.84,2041.628,4976.736
13923.64,2049.329,5128.133,13754.51,1972.416,5174.925,13868.29,1983.601,5070.985,13846.26,1997.489,5203.656,13836.78,2041.628,4976.935
13923.44,2049.329,5128.178,13754.35,1972.416,5175.057,13868.13,1983.601,5071.114,13846.1,1997.489,5203.791,13836.71,2041.628,4977.13
13923.23,2049.329,5128.23,13754.19,1972.416,5175.183,13867.97,1983.601,5071.249,13845.95,1997.489,5203.931,13836.63,2041.628,4977.324
13923.03,2049.329,5128.289,13754.02,1972.416,5175.303,13867.82,1983.601,5071.389,13845.8,1997.489,5204.076,13836.54,2041.628,4977.512
13922.83,2049.329,5128.353,13753.84,1972.416,5175.418,13867.66,1983.601,5071.528,13845.65,1997.489,5204.226,13836.46,2041.628,4977.704
13922.64,2049.329,5128.422,13753.67,1972.416,5175.528,13867.51,1983.601,5071.672,13845.51,1997.489,5204.379,13836.37,2041.628,4977.891
13922.44,2049.329,5128.495,13753.48,1972.416,5175.633,13867.37,1983.601,5071.821,13845.37,1997.489,5204.538,13836.28,2041.628,4978.081
13922.25,2049.329,5128.562,13753.3,1972.416,5175.731,13867.21,1983.601,5071.965,13845.24,1997.489,5204.7,13836.2,2041.628,4978.273
13922.05,2049.329,5128.639,13753.11,1972.416,5175.825,13867.06,1983.601,5072.107,13845.12,1997.489,5204.867,13836.13,2041.628,4978.468
13921.86,2049.329,5128.71,13752.92,1972.416,5175.912,13866.92,1983.601,5072.253,13845,1997.489,5205.037,13836.05,2041.628,4978.66
13921.66,2049.329,5128.785,13752.73,1972.416,5175.994,13866.77,1983.601,5072.405,13844.88,1997.489,5205.211,13835.98,2041.628,4978.855
13921.48,2049.329,5128.876,13752.54,1972.416,5176.069,13866.65,1983.601,5072.573,13844.77,1997.489,5205.389,13835.91,2041.628,4979.053
13921.29,2049.329,5128.965,13752.34,1972.416,5176.139,13866.52,1983.601,5072.737,13844.67,1997.489,5205.57,13835.85,2041.628,4979.252
13921.1,2049.329,5129.048,13752.15,1972.416,5176.215,13866.39,1983.601,5072.897,13844.56,1997.489,5205.747,13835.8,2041.628,4979.456
13920.9,2049.329,5129.125,13751.96,1972.416,5176.298,13866.25,1983.601,5073.052,13844.45,1997.489,5205.921,13835.75,2041.628,4979.658
13920.71,2049.329,5129.196,13751.77,1972.416,5176.387,13866.12,1983.601,5073.215,13844.33,1997.489,5206.091,13835.7,2041.628,4979.858
13920.51,2049.329,5129.267,13751.58,1972.416,5176.481,13865.98,1983.601,5073.373,13844.2,1997.489,5206.257,13835.63,2041.628,4980.057
13920.32,2049.329,5129.353,13751.4,1972.416,5176.583,13865.86,1983.601,5073.542,13844.07,1997.489,5206.418,13835.57,2041.628,4980.254
13920.13,2049.329,5129.433,13751.22,1972.416,5176.689,13865.74,1983.601,5073.713,13843.93,1997.489,5206.576,13835.49,2041.628,4980.449
13919.93,2049.329,5129.507,13751.05,1972.416,5176.802,13865.62,1983.601,5073.881,13843.79,1997.489,5206.729,13835.43,2041.628,4980.646
13919.74,2049.329,5129.574,13750.88,1972.416,5176.92,13865.49,1983.601,5074.046,13843.64,1997.489,5206.876,13835.35,2041.628,4980.84
13919.54,2049.329,5129.644,13750.71,1972.416,5177.044,13865.36,1983.601,5074.208,13843.49,1997.489,5207.02,13835.26,2041.628,4981.026
13919.35,2049.329,5129.726,13750.54,1972.416,5177.174,13865.22,1983.601,5074.364,13843.34,1997.489,5207.158,13835.17,2041.628,4981.214
13919.15,2049.329,5129.801,13750.38,1972.416,5177.308,13865.08,1983.601,5074.517,13843.18,1997.489,5207.291,13835.09,2041.628,4981.406
13918.96,2049.329,5129.88,13750.23,1972.416,5177.448,13864.93,1983.601,5074.664,13843.01,1997.489,5207.418,13835.01,2041.628,4981.6
13918.77,2049.329,5129.957,13750.08,1972.416,5177.592,13864.79,1983.601,5074.816,13842.84,1997.489,5207.54,13834.93,2041.628,4981.792
13918.57,2049.329,5130.026,13749.93,1972.416,5177.742,13864.66,1983.601,5074.98,13842.67,1997.489,5207.657,13834.86,2041.628,4981.987
13918.37,2049.329,5130.09,13749.79,1972.416,5177.896,13864.53,1983.601,5075.139,13842.49,1997.489,5207.768,13834.76,2041.628,4982.17
13918.18,2049.329,5130.16,13749.66,1972.416,5178.055,13864.39,1983.601,5075.294,13842.31,1997.489,5207.873,13834.66,2041.628,4982.356
13917.98,2049.329,5130.225,13749.53,1972.416,5178.218,13864.27,1983.601,5075.464,13842.13,1997.489,5207.972,13834.56,2041.628,4982.539
13917.78,2049.329,5130.284,13749.41,1972.416,5178.385,13864.14,1983.601,5075.63,13841.94,1997.489,5208.065,13834.47,2041.628,4982.724
13917.58,2049.329,5130.35,13749.29,1972.416,5178.556,13864.01,1983.601,5075.792,13841.75,1997.489,5208.152,13834.38,2041.628,4982.913
13917.38,2049.329,5130.419,13749.17,1972.416,5178.73,13863.87,1983.601,5075.95,13841.56,1997.489,5208.232,13834.3,2041.628,4983.104
13917.19,2049.329,5130.502,13749.07,1972.416,5178.909,13863.75,1983.601,5076.115,13841.37,1997.489,5208.307,13834.22,2041.628,4983.298
13917,2049.329,5130.584,13748.96,1972.416,5179.091,13863.61,1983.601,5076.275,13841.17,1997.489,5208.375,13834.14,2041.628,4983.492
13916.81,2049.329,5130.679,13748.86,1972.416,5179.27,13863.47,1983.601,5076.432,13840.97,1997.489,5208.448,13834.08,2041.628,4983.688
13916.63,2049.329,5130.767,13748.74,1972.416,5179.445,13863.33,1983.601,5076.583,13840.78,1997.489,5208.528,13834,2041.628,4983.882
13916.43,2049.329,5130.85,13748.63,1972.416,5179.617,13863.19,1983.601,5076.739,13840.59,1997.489,5208.613,13833.92,2041.628,4984.075
13916.24,2049.329,5130.926,13748.5,1972.416,5179.784,13863.07,1983.601,5076.91,13840.4,1997.489,5208.705,13833.85,2041.628,4984.27
13916.04,2049.329,5130.996,13748.37,1972.416,5179.948,13862.95,1983.601,5077.077,13840.22,1997.489,5208.801,13833.78,2041.628,4984.467
13915.85,2049.329,5131.077,13748.24,1972.416,5180.107,13862.82,1983.601,5077.239,13840.04,1997.489,5208.904,13833.71,2041.628,4984.663
13915.66,2049.329,5131.151,13748.1,1972.416,5180.263,13862.69,1983.601,5077.404,13839.86,1997.489,5209.012,13833.65,2041.628,4984.862
13915.46,2049.329,5131.22,13747.96,1972.416,5180.414,13862.56,1983.601,5077.564,13839.69,1997.489,5209.125,13833.6,2041.628,4985.065
13915.26,2049.329,5131.292,13747.81,1972.416,5180.56,13862.42,1983.601,5077.721,13839.51,1997.489,5209.244,13833.55,2041.628,4985.268
13915.07,2049.329,5131.37,13747.65,1972.416,5180.701,13862.28,1983.601,5077.874,13839.35,1997.489,5209.368,13833.5,2041.628,4985.469
13914.88,2049.329,5131.452,13747.5,1972.416,5180.838,13862.14,1983.601,5078.024,13839.18,1997.489,5209.497,13833.44,2041.628,4985.667
13914.69,2049.329,5131.539,13747.34,1972.416,5180.97,13861.99,1983.601,5078.17,13839.03,1997.489,5209.631,13833.37,2041.628,4985.864
13914.5,2049.329,5131.629,13747.17,1972.416,5181.096,13861.84,1983.601,5078.313,13838.87,1997.489,5209.771,13833.29,2041.628,4986.059
13914.32,2049.329,5131.725,13747,1972.416,5181.217,13861.68,1983.601,5078.452,13838.72,1997.489,5209.915,13833.2,2041.628,4986.245
13914.13,2049.329,5131.825,13746.83,1972.416,5181.333,13861.52,1983.601,5078.586,13838.57,1997.489,5210.063,13833.11,2041.628,4986.432
13913.95,2049.329,5131.93,13746.65,1972.416,5181.444,13861.36,1983.601,5078.717,13838.43,1997.489,5210.216,13833.02,2041.628,4986.621
13913.78,2049.329,5132.039,13746.47,1972.416,5181.549,13861.2,1983.601,5078.844,13838.3,1997.489,5210.374,13832.93,2041.628,4986.812
13913.6,2049.329,5132.151,13746.29,1972.416,5181.648,13861.03,1983.601,5078.967,13838.17,1997.489,5210.536,13832.84,2041.628,4986.999
13913.43,2049.329,5132.269,13746.1,1972.416,5181.742,13860.86,1983.601,5079.086,13838.04,1997.489,5210.702,13832.76,2041.628,4987.188
13913.26,2049.329,5132.39,13745.92,1972.416,5181.83,13860.68,1983.601,5079.201,13837.92,1997.489,5210.872,13832.68,2041.628,4987.381
13913.09,2049.329,5132.516,13745.72,1972.416,5181.912,13860.51,1983.601,5079.311,13837.8,1997.489,5211.045,13832.6,2041.628,4987.577
13912.93,2049.329,5132.645,13745.53,1972.416,5181.988,13860.33,1983.601,5079.417,13837.69,1997.489,5211.222,13832.55,2041.628,4987.777
13912.77,2049.329,5132.778,13745.33,1972.416,5182.059,13860.15,1983.601,5079.519,13837.59,1997.489,5211.402,13832.5,2041.628,4987.979
13912.62,2049.329,5132.916,13745.14,1972.416,5182.135,13859.96,1983.601,5079.616,13837.48,1997.489,5211.579,13832.44,2041.628,4988.18
13912.46,2049.329,5133.057,13744.95,1972.416,5182.218,13859.77,1983.601,5079.708,13837.36,1997.489,5211.752,13832.38,2041.628,4988.378
13912.31,2049.329,5133.202,13744.76,1972.416,5182.308,13859.59,1983.601,5079.797,13837.24,1997.489,5211.921,13832.34,2041.628,4988.583
13912.17,2049.329,5133.35,13744.58,1972.416,5182.403,13859.4,1983.601,5079.88,13837.11,1997.489,5212.086,13832.29,2041.628,4988.786
13912.02,2049.329,5133.502,13744.39,1972.416,5182.504,13859.2,1983.601,5079.959,13836.98,1997.489,5212.248,13832.24,2041.628,4988.988
13911.88,2049.329,5133.657,13744.21,1972.416,5182.612,13859.01,1983.601,5080.034,13836.84,1997.489,5212.404,13832.18,2041.628,4989.188
13911.75,2049.329,5133.816,13744.04,1972.416,5182.725,13858.81,1983.601,5080.104,13836.7,1997.489,5212.556,13832.11,2041.628,4989.385
13911.61,2049.329,5133.97,13743.87,1972.416,5182.844,13858.62,1983.601,5080.18,13836.55,1997.489,5212.704,13832.06,2041.628,4989.587
13911.47,2049.329,5134.12,13743.7,1972.416,5182.968,13858.43,1983.601,5080.262,13836.4,1997.489,5212.846,13832,2041.628,4989.787
13911.32,2049.329,5134.265,13743.54,1972.416,5183.098,13858.24,1983.601,5080.351,13836.25,1997.489,5212.983,13831.94,2041.628,4989.984
13911.16,2049.329,5134.405,13743.38,1972.416,5183.233,13858.05,1983.601,5080.446,13836.08,1997.489,5213.116,13831.86,2041.628,4990.18
13910.97,2049.329,5134.567,13743.2,1972.416,5183.401,13857.83,1983.601,5080.566,13835.89,1997.489,5213.268,13831.77,2041.628,4990.411
13910.53,2049.329,5134.917,13742.79,1972.416,5183.793,13857.35,1983.601,5080.855,13835.43,1997.489,5213.596,13831.53,2041.628,4990.92
13910.37,2049.329,5135.045,13742.65,1972.416,5183.943,13857.17,1983.601,5080.957,13835.26,1997.489,5213.714,13831.45,2041.628,4991.111
13909.92,2049.329,5135.389,13742.24,1972.416,5184.334,13856.67,1983.601,5081.22,13834.79,1997.489,5214.03,13831.23,2041.628,4991.629
13909.61,2049.329,5135.626,13741.95,1972.416,5184.598,13856.32,1983.601,5081.395,13834.47,1997.489,5214.247,13831.09,2041.628,4991.994
13909.3,2049.329,5135.863,13741.65,1972.416,5184.854,13855.96,1983.601,5081.563,13834.14,1997.489,5214.461,13830.96,2041.628,4992.365
13908.75,2049.329,5136.272,13741.12,1972.416,5185.285,13855.34,1983.601,5081.839,13833.55,1997.489,5214.829,13830.74,2041.628,4993.017
13908.19,2049.329,5136.678,13740.59,1972.416,5185.731,13854.7,1983.601,5082.101,13832.97,1997.489,5215.19,13830.53,2041.628,4993.674
13907.65,2049.329,5137.066,13740.07,1972.416,5186.146,13854.08,1983.601,5082.338,13832.4,1997.489,5215.534,13830.35,2041.628,4994.313
13907.3,2049.329,5137.315,13739.75,1972.416,5186.438,13853.67,1983.601,5082.483,13832.03,1997.489,5215.752,13830.24,2041.628,4994.729
13906.84,2049.329,5137.635,13739.33,1972.416,5186.804,13853.15,1983.601,5082.689,13831.54,1997.489,5216.034,13830.07,2041.628,4995.266
13906.39,2049.329,5137.94,13738.91,1972.416,5187.144,13852.65,1983.601,5082.903,13831.09,1997.489,5216.32,13829.9,2041.628,4995.777
13905.96,2049.329,5138.235,13738.49,1972.416,5187.46,13852.18,1983.601,5083.126,13830.65,1997.489,5216.61,13829.72,2041.628,4996.267
13905.54,2049.329,5138.524,13738.08,1972.416,5187.756,13851.73,1983.601,5083.359,13830.24,1997.489,5216.906,13829.52,2041.628,4996.739
13905.14,2049.329,5138.801,13737.67,1972.416,5188.027,13851.3,1983.601,5083.596,13829.85,1997.489,5217.202,13829.32,2041.628,4997.185
13904.74,2049.329,5139.076,13737.26,1972.416,5188.281,13850.89,1983.601,5083.843,13829.47,1997.489,5217.505,13829.11,2041.628,4997.616
13904.37,2049.329,5139.34,13736.86,1972.416,5188.511,13850.5,1983.601,5084.091,13829.13,1997.489,5217.805,13828.89,2041.628,4998.021
13903.91,2049.329,5139.667,13736.37,1972.416,5188.776,13850.04,1983.601,5084.409,13828.71,1997.489,5218.185,13828.61,2041.628,4998.505
13903.5,2049.329,5139.973,13735.92,1972.416,5189.037,13849.62,1983.601,5084.717,13828.33,1997.489,5218.527,13828.34,2041.628,4998.945
13903.33,2049.329,5140.098,13735.75,1972.416,5189.147,13849.46,1983.601,5084.847,13828.17,1997.489,5218.662,13828.22,2041.628,4999.119
13902.91,2049.329,5140.417,13735.31,1972.416,5189.441,13849.06,1983.601,5085.187,13827.76,1997.489,5218.994,13827.92,2041.628,4999.547
13902.6,2049.329,5140.661,13734.99,1972.416,5189.672,13848.76,1983.601,5085.452,13827.45,1997.489,5219.238,13827.68,2041.628,4999.86
13902.3,2049.329,5140.901,13734.68,1972.416,5189.908,13848.49,1983.601,5085.719,13827.14,1997.489,5219.47,13827.45,2041.628,5000.174
13902.02,2049.329,5141.135,13734.4,1972.416,5190.143,13848.21,1983.601,5085.966,13826.84,1997.489,5219.688,13827.23,2041.628,5000.467
13901.74,2049.329,5141.365,13734.13,1972.416,5190.381,13847.94,1983.601,5086.203,13826.55,1997.489,5219.896,13827,2041.628,5000.746
13901.47,2049.329,5141.589,13733.86,1972.416,5190.604,13847.68,1983.601,5086.439,13826.26,1997.489,5220.093,13826.79,2041.628,5001.023
13901.21,2049.329,5141.813,13733.6,1972.416,5190.831,13847.44,1983.601,5086.682,13825.97,1997.489,5220.284,13826.57,2041.628,5001.29
13900.91,2049.329,5142.073,13733.31,1972.416,5191.096,13847.17,1983.601,5086.971,13825.64,1997.489,5220.5,13826.31,2041.628,5001.589
13900.75,2049.329,5142.21,13733.15,1972.416,5191.238,13847.04,1983.601,5087.136,13825.46,1997.489,5220.61,13826.18,2041.628,5001.75
13900.42,2049.329,5142.513,13732.82,1972.416,5191.536,13846.76,1983.601,5087.488,13825.08,1997.489,5220.846,13825.85,2041.628,5002.061
13900.24,2049.329,5142.677,13732.63,1972.416,5191.689,13846.6,1983.601,5087.671,13824.88,1997.489,5220.971,13825.68,2041.628,5002.233
13900.03,2049.329,5142.875,13732.4,1972.416,5191.867,13846.42,1983.601,5087.893,13824.63,1997.489,5221.127,13825.49,2041.628,5002.446
13899.82,2049.329,5143.078,13732.17,1972.416,5192.038,13846.22,1983.601,5088.109,13824.39,1997.489,5221.293,13825.3,2041.628,5002.667
13899.58,2049.329,5143.315,13731.88,1972.416,5192.229,13845.98,1983.601,5088.354,13824.12,1997.489,5221.495,13825.04,2041.628,5002.895
13899.43,2049.329,5143.46,13731.71,1972.416,5192.341,13845.86,1983.601,5088.518,13823.95,1997.489,5221.624,13824.88,2041.628,5003.029
13899.25,2049.329,5143.638,13731.49,1972.416,5192.47,13845.69,1983.601,5088.712,13823.76,1997.489,5221.787,13824.69,2041.628,5003.199
13899.07,2049.329,5143.813,13731.28,1972.416,5192.604,13845.53,1983.601,5088.898,13823.57,1997.489,5221.942,13824.51,2041.628,5003.372
13898.9,2049.329,5143.981,13731.08,1972.416,5192.739,13845.36,1983.601,5089.072,13823.38,1997.489,5222.087,13824.35,2041.628,5003.544
13898.74,2049.329,5144.143,13730.9,1972.416,5192.875,13845.2,1983.601,5089.234,13823.19,1997.489,5222.224,13824.19,2041.628,5003.715
13898.59,2049.329,5144.288,13730.73,1972.416,5193.004,13845.05,1983.601,5089.38,13823.02,1997.489,5222.343,13824.04,2041.628,5003.86
13898.35,2049.329,5144.517,13730.48,1972.416,5193.216,13844.8,1983.601,5089.604,13822.74,1997.489,5222.527,13823.81,2041.628,5004.096
13898.2,2049.329,5144.66,13730.31,1972.416,5193.342,13844.66,1983.601,5089.75,13822.57,1997.489,5222.641,13823.67,2041.628,5004.244
13898.05,2049.329,5144.803,13730.14,1972.416,5193.462,13844.49,1983.601,5089.875,13822.4,1997.489,5222.759,13823.52,2041.628,5004.397
13897.89,2049.329,5144.944,13729.97,1972.416,5193.578,13844.33,1983.601,5090.006,13822.23,1997.489,5222.883,13823.39,2041.628,5004.56
13897.74,2049.329,5145.083,13729.79,1972.416,5193.688,13844.17,1983.601,5090.142,13822.07,1997.489,5223.013,13823.27,2041.628,5004.729
13897.58,2049.329,5145.222,13729.62,1972.416,5193.803,13844.02,1983.601,5090.283,13821.9,1997.489,5223.138,13823.15,2041.628,5004.895
13897.43,2049.329,5145.361,13729.45,1972.416,5193.925,13843.87,1983.601,5090.429,13821.73,1997.489,5223.26,13823.04,2041.628,5005.07
13897.27,2049.329,5145.5,13729.29,1972.416,5194.052,13843.73,1983.601,5090.58,13821.56,1997.489,5223.378,13822.92,2041.628,5005.242
13897.12,2049.329,5145.639,13729.12,1972.416,5194.181,13843.57,1983.601,5090.719,13821.39,1997.489,5223.492,13822.8,2041.628,5005.414
13896.96,2049.329,5145.778,13728.96,1972.416,5194.316,13843.42,1983.601,5090.863,13821.21,1997.489,5223.604,13822.68,2041.628,5005.582
13896.81,2049.329,5145.917,13728.8,1972.416,5194.446,13843.27,1983.601,5091.012,13821.04,1997.489,5223.721,13822.55,2041.628,5005.746
13896.65,2049.329,5146.058,13728.63,1972.416,5194.57,13843.13,1983.601,5091.166,13820.87,1997.489,5223.844,13822.42,2041.628,5005.905
13896.5,2049.329,5146.199,13728.46,1972.416,5194.689,13843.02,1983.601,5091.338,13820.71,1997.489,5223.971,13822.29,2041.628,5006.069
13896.35,2049.329,5146.342,13728.29,1972.416,5194.803,13842.9,1983.601,5091.512,13820.55,1997.489,5224.104,13822.16,2041.628,5006.237
13896.2,2049.329,5146.487,13728.11,1972.416,5194.912,13842.78,1983.601,5091.682,13820.39,1997.489,5224.242,13822.04,2041.628,5006.409
13896.05,2049.329,5146.634,13727.94,1972.416,5195.026,13842.66,1983.601,5091.848,13820.23,1997.489,5224.376,13821.93,2041.628,5006.584
13895.91,2049.329,5146.781,13727.77,1972.416,5195.146,13842.52,1983.601,5092.009,13820.07,1997.489,5224.506,13821.81,2041.628,5006.756
13895.76,2049.329,5146.928,13727.6,1972.416,5195.271,13842.39,1983.601,5092.167,13819.9,1997.489,5224.633,13821.69,2041.628,5006.924
13895.61,2049.329,5147.075,13727.44,1972.416,5195.402,13842.26,1983.601,5092.328,13819.74,1997.489,5224.757,13821.56,2041.628,5007.088
13895.46,2049.329,5147.222,13727.28,1972.416,5195.539,13842.12,1983.601,5092.485,13819.57,1997.489,5224.877,13821.44,2041.628,5007.256
13895.31,2049.329,5147.368,13727.13,1972.416,5195.68,13842,1983.601,5092.653,13819.39,1997.489,5224.994,13821.34,2041.628,5007.439
13895.14,2049.329,5147.542,13726.94,1972.416,5195.84,13841.87,1983.601,5092.864,13819.19,1997.489,5225.128,13821.22,2041.628,5007.651
13895,2049.329,5147.69,13726.78,1972.416,5195.971,13841.76,1983.601,5093.04,13819.02,1997.489,5225.248,13821.09,2041.628,5007.816
13894.85,2049.329,5147.841,13726.61,1972.416,5196.097,13841.64,1983.601,5093.212,13818.85,1997.489,5225.373,13820.97,2041.628,5007.985
13894.62,2049.329,5148.09,13726.33,1972.416,5196.295,13841.44,1983.601,5093.49,13818.58,1997.489,5225.587,13820.78,2041.628,5008.27
13894.28,2049.329,5148.455,13725.92,1972.416,5196.571,13841.13,1983.601,5093.883,13818.2,1997.489,5225.911,13820.49,2041.628,5008.678
13894.08,2049.329,5148.661,13725.69,1972.416,5196.734,13840.99,1983.601,5094.125,13817.99,1997.489,5226.089,13820.32,2041.628,5008.902
13893.92,2049.329,5148.84,13725.5,1972.416,5196.881,13840.86,1983.601,5094.33,13817.8,1997.489,5226.24,13820.18,2041.628,5009.1
13893.58,2049.329,5149.215,13725.07,1972.416,5197.146,13840.6,1983.601,5094.758,13817.4,1997.489,5226.548,13819.85,2041.628,5009.477
13893.44,2049.329,5149.376,13724.89,1972.416,5197.265,13840.48,1983.601,5094.938,13817.22,1997.489,5226.676,13819.71,2041.628,5009.642
13893.24,2049.329,5149.598,13724.65,1972.416,5197.438,13840.32,1983.601,5095.188,13816.98,1997.489,5226.848,13819.53,2041.628,5009.876
13893.04,2049.329,5149.825,13724.4,1972.416,5197.622,13840.14,1983.601,5095.439,13816.73,1997.489,5227.018,13819.34,2041.628,5010.115
13892.8,2049.329,5150.089,13724.12,1972.416,5197.831,13839.93,1983.601,5095.725,13816.43,1997.489,5227.211,13819.1,2041.628,5010.382
13892.66,2049.329,5150.243,13723.95,1972.416,5197.958,13839.8,1983.601,5095.888,13816.25,1997.489,5227.321,13818.97,2041.628,5010.542
13892.4,2049.329,5150.533,13723.68,1972.416,5198.248,13839.55,1983.601,5096.19,13815.92,1997.489,5227.523,13818.71,2041.628,5010.835
13892.25,2049.329,5150.685,13723.54,1972.416,5198.396,13839.41,1983.601,5096.345,13815.74,1997.489,5227.636,13818.57,2041.628,5010.995
13892.08,2049.329,5150.865,13723.35,1972.416,5198.568,13839.23,1983.601,5096.521,13815.53,1997.489,5227.777,13818.42,2041.628,5011.19
13891.9,2049.329,5151.046,13723.17,1972.416,5198.736,13839.06,1983.601,5096.704,13815.33,1997.489,5227.926,13818.25,2041.628,5011.383
13891.73,2049.329,5151.219,13722.98,1972.416,5198.892,13838.89,1983.601,5096.877,13815.14,1997.489,5228.075,13818.1,2041.628,5011.571
13891.57,2049.329,5151.386,13722.79,1972.416,5199.037,13838.73,1983.601,5097.05,13814.96,1997.489,5228.225,13817.95,2041.628,5011.755
13891.41,2049.329,5151.55,13722.61,1972.416,5199.173,13838.56,1983.601,5097.208,13814.79,1997.489,5228.377,13817.8,2041.628,5011.93
13891.25,2049.329,5151.705,13722.43,1972.416,5199.297,13838.4,1983.601,5097.352,13814.63,1997.489,5228.527,13817.66,2041.628,5012.093
13891.06,2049.329,5151.89,13722.21,1972.416,5199.441,13838.2,1983.601,5097.531,13814.44,1997.489,5228.715,13817.47,2041.628,5012.283
13890.91,2049.329,5152.035,13722.03,1972.416,5199.548,13838.05,1983.601,5097.676,13814.29,1997.489,5228.867,13817.33,2041.628,5012.44
13890.76,2049.329,5152.179,13721.85,1972.416,5199.661,13837.88,1983.601,5097.801,13814.15,1997.489,5229.016,13817.2,2041.628,5012.602
13890.61,2049.329,5152.32,13721.68,1972.416,5199.78,13837.72,1983.601,5097.932,13814,1997.489,5229.16,13817.07,2041.628,5012.764
13890.42,2049.329,5152.489,13721.48,1972.416,5199.931,13837.53,1983.601,5098.097,13813.81,1997.489,5229.332,13816.91,2041.628,5012.956
13890.27,2049.329,5152.627,13721.32,1972.416,5200.06,13837.38,1983.601,5098.238,13813.66,1997.489,5229.469,13816.79,2041.628,5013.125
13889.91,2049.329,5152.945,13720.95,1972.416,5200.37,13837.04,1983.601,5098.572,13813.29,1997.489,5229.78,13816.5,2041.628,5013.504
13889.7,2049.329,5153.129,13720.75,1972.416,5200.555,13836.83,1983.601,5098.759,13813.08,1997.489,5229.955,13816.33,2041.628,5013.723
13889.55,2049.329,5153.267,13720.6,1972.416,5200.7,13836.68,1983.601,5098.905,13812.92,1997.489,5230.084,13816.2,2041.628,5013.884
13889.06,2049.329,5153.701,13720.12,1972.416,5201.138,13836.24,1983.601,5099.376,13812.41,1997.489,5230.486,13815.77,2041.628,5014.373
13888.76,2049.329,5153.981,13719.81,1972.416,5201.422,13835.96,1983.601,5099.687,13812.08,1997.489,5230.74,13815.48,2041.628,5014.679
13888.34,2049.329,5154.362,13719.4,1972.416,5201.8,13835.57,1983.601,5100.092,13811.63,1997.489,5231.08,13815.06,2041.628,5015.048
13887.89,2049.329,5154.782,13718.93,1972.416,5202.201,13835.13,1983.601,5100.523,13811.15,1997.489,5231.468,13814.61,2041.628,5015.469
13887.4,2049.329,5155.248,13718.4,1972.416,5202.626,13834.64,1983.601,5100.996,13810.64,1997.489,5231.914,13814.11,2041.628,5015.926
13886.87,2049.329,5155.745,13717.82,1972.416,5203.063,13834.1,1983.601,5101.482,13810.11,1997.489,5232.405,13813.58,2041.628,5016.431
13885.91,2049.329,5156.645,13716.75,1972.416,5203.822,13833.16,1983.601,5102.396,13809.13,1997.489,5233.286,13812.61,2041.628,5017.314
13885.61,2049.329,5156.927,13716.42,1972.416,5204.072,13832.85,1983.601,5102.673,13808.82,1997.489,5233.556,13812.31,2041.628,5017.602
13885.16,2049.329,5157.343,13715.94,1972.416,5204.458,13832.41,1983.601,5103.099,13808.34,1997.489,5233.948,13811.84,2041.628,5017.99
13884.39,2049.329,5158.056,13715.11,1972.416,5205.102,13831.63,1983.601,5103.802,13807.53,1997.489,5234.609,13811.05,2041.628,5018.679
13883.68,2049.329,5158.708,13714.37,1972.416,5205.717,13830.94,1983.601,5104.471,13806.78,1997.489,5235.205,13810.34,2041.628,5019.335
13882.96,2049.329,5159.378,13713.63,1972.416,5206.373,13830.24,1983.601,5105.166,13805.99,1997.489,5235.807,13809.56,2041.628,5019.939
13882.03,2049.329,5160.241,13712.66,1972.416,5207.183,13829.31,1983.601,5106.028,13804.98,1997.489,5236.572,13808.59,2041.628,5020.749
13881.69,2049.329,5160.558,13712.29,1972.416,5207.471,13828.98,1983.601,5106.359,13804.61,1997.489,5236.849,13808.24,2041.628,5021.059
13880.91,2049.329,5161.279,13711.52,1972.416,5208.2,13828.2,1983.601,5107.084,13803.75,1997.489,5237.466,13807.46,2041.628,5021.786
13880.27,2049.329,5161.875,13710.87,1972.416,5208.782,13827.58,1983.601,5107.703,13803.05,1997.489,5237.999,13806.82,2041.628,5022.373
13879.65,2049.329,5162.458,13710.22,1972.416,5209.328,13827.02,1983.601,5108.341,13802.39,1997.489,5238.537,13806.2,2041.628,5022.963
13879.06,2049.329,5163.022,13709.57,1972.416,5209.833,13826.47,1983.601,5108.941,13801.78,1997.489,5239.074,13805.63,2041.628,5023.551
13878.49,2049.329,5163.572,13708.93,1972.416,5210.303,13826,1983.601,5109.578,13801.19,1997.489,5239.613,13805.05,2041.628,5024.086
13877.83,2049.329,5164.241,13708.16,1972.416,5210.837,13825.42,1983.601,5110.321,13800.52,1997.489,5240.274,13804.38,2041.628,5024.745
13877.02,2049.329,5165.098,13707.21,1972.416,5211.531,13824.67,1983.601,5111.232,13799.68,1997.489,5241.09,13803.56,2041.628,5025.595
13876.54,2049.329,5165.631,13706.64,1972.416,5211.972,13824.21,1983.601,5111.774,13799.15,1997.489,5241.578,13803.07,2041.628,5026.113
13876.41,2049.329,5165.79,13706.48,1972.416,5212.106,13824.07,1983.601,5111.929,13799,1997.489,5241.716,13802.93,2041.628,5026.268
13875.99,2049.329,5166.313,13705.94,1972.416,5212.503,13823.6,1983.601,5112.417,13798.49,1997.489,5242.157,13802.45,2041.628,5026.744
13875.47,2049.329,5166.981,13705.27,1972.416,5213.023,13823.01,1983.601,5113.014,13797.84,1997.489,5242.7,13801.84,2041.628,5027.322
13875.21,2049.329,5167.333,13704.93,1972.416,5213.29,13822.69,1983.601,5113.315,13797.5,1997.489,5242.976,13801.53,2041.628,5027.632
13874.86,2049.329,5167.838,13704.45,1972.416,5213.682,13822.23,1983.601,5113.729,13797.02,1997.489,5243.356,13801.11,2041.628,5028.082
13874.51,2049.329,5168.323,13704,1972.416,5214.079,13821.8,1983.601,5114.146,13796.55,1997.489,5243.723,13800.76,2041.628,5028.574
13874.15,2049.329,5168.787,13703.55,1972.416,5214.451,13821.4,1983.601,5114.566,13796.08,1997.489,5244.077,13800.41,2041.628,5029.041
13873.41,2049.329,5169.734,13702.67,1972.416,5215.275,13820.59,1983.601,5115.462,13795.12,1997.489,5244.803,13799.66,2041.628,5029.982
13873.14,2049.329,5170.057,13702.35,1972.416,5215.549,13820.32,1983.601,5115.781,13794.78,1997.489,5245.052,13799.4,2041.628,5030.313
13872.88,2049.329,5170.365,13702.08,1972.416,5215.84,13820.07,1983.601,5116.095,13794.46,1997.489,5245.291,13799.2,2041.628,5030.661
13872.75,2049.329,5170.524,13701.93,1972.416,5215.987,13819.92,1983.601,5116.247,13794.29,1997.489,5245.414,13799.09,2041.628,5030.837
13872.31,2049.329,5171.033,13701.47,1972.416,5216.479,13819.48,1983.601,5116.751,13793.75,1997.489,5245.813,13798.72,2041.628,5031.398
13872.09,2049.329,5171.272,13701.27,1972.416,5216.734,13819.24,1983.601,5116.967,13793.49,1997.489,5246.001,13798.53,2041.628,5031.659
13871.79,2049.329,5171.598,13700.99,1972.416,5217.078,13818.92,1983.601,5117.276,13793.13,1997.489,5246.272,13798.26,2041.628,5032.011
13871.48,2049.329,5171.928,13700.69,1972.416,5217.422,13818.6,1983.601,5117.598,13792.78,1997.489,5246.562,13797.97,2041.628,5032.363
13871.11,2049.329,5172.311,13700.33,1972.416,5217.813,13818.23,1983.601,5117.986,13792.38,1997.489,5246.913,13797.65,2041.628,5032.791
13870.89,2049.329,5172.533,13700.11,1972.416,5218.034,13818.02,1983.601,5118.22,13792.15,1997.489,5247.125,13797.49,2041.628,5033.06
13870.48,2049.329,5172.947,13699.69,1972.416,5218.436,13817.65,1983.601,5118.67,13791.74,1997.489,5247.537,13797.18,2041.628,5033.556
13870.2,2049.329,5173.229,13699.39,1972.416,5218.699,13817.4,1983.601,5118.979,13791.47,1997.489,5247.825,13796.97,2041.628,5033.891
13870.05,2049.329,5173.375,13699.23,1972.416,5218.833,13817.28,1983.601,5119.15,13791.33,1997.489,5247.98,13796.85,2041.628,5034.063
13869.66,2049.329,5173.766,13698.79,1972.416,5219.174,13816.99,1983.601,5119.621,13790.97,1997.489,5248.406,13796.56,2041.628,5034.53
13869.47,2049.329,5173.957,13698.58,1972.416,5219.333,13816.85,1983.601,5119.845,13790.81,1997.489,5248.618,13796.42,2041.628,5034.762
13869.09,2049.329,5174.342,13698.13,1972.416,5219.64,13816.54,1983.601,5120.287,13790.49,1997.489,5249.053,13796.2,2041.628,5035.253
13868.94,2049.329,5174.49,13697.96,1972.416,5219.763,13816.44,1983.601,5120.471,13790.36,1997.489,5249.218,13796.11,2041.628,5035.439
13868.52,2049.329,5174.937,13697.48,1972.416,5220.144,13816.14,1983.601,5121.005,13789.98,1997.489,5249.697,13795.9,2041.628,5036.017
13868.36,2049.329,5175.11,13697.3,1972.416,5220.294,13816.02,1983.601,5121.206,13789.83,1997.489,5249.877,13795.81,2041.628,5036.233
13868.23,2049.329,5175.269,13697.15,1972.416,5220.434,13815.91,1983.601,5121.382,13789.7,1997.489,5250.037,13795.73,2041.628,5036.424
13867.89,2049.329,5175.688,13696.76,1972.416,5220.809,13815.61,1983.601,5121.833,13789.35,1997.489,5250.449,13795.49,2041.628,5036.912
13867.76,2049.329,5175.852,13696.61,1972.416,5220.958,13815.49,1983.601,5122.003,13789.21,1997.489,5250.607,13795.4,2041.628,5037.097
13867.64,2049.329,5176.02,13696.47,1972.416,5221.112,13815.36,1983.601,5122.171,13789.08,1997.489,5250.765,13795.31,2041.628,5037.286
13867.48,2049.329,5176.247,13696.29,1972.416,5221.322,13815.2,1983.601,5122.389,13788.9,1997.489,5250.974,13795.18,2041.628,5037.532
13867.33,2049.329,5176.462,13696.13,1972.416,5221.524,13815.03,1983.601,5122.59,13788.72,1997.489,5251.167,13795.07,2041.628,5037.763
13867.2,2049.329,5176.684,13695.98,1972.416,5221.733,13814.86,1983.601,5122.788,13788.55,1997.489,5251.36,13794.94,2041.628,5037.991
13867.07,2049.329,5176.895,13695.84,1972.416,5221.936,13814.7,1983.601,5122.971,13788.38,1997.489,5251.54,13794.82,2041.628,5038.208
13866.95,2049.329,5177.114,13695.7,1972.416,5222.147,13814.52,1983.601,5123.154,13788.21,1997.489,5251.723,13794.7,2041.628,5038.426
13866.74,2049.329,5177.503,13695.51,1972.416,5222.545,13814.21,1983.601,5123.466,13787.9,1997.489,5252.042,13794.46,2041.628,5038.799
13866.65,2049.329,5177.689,13695.42,1972.416,5222.731,13814.06,1983.601,5123.61,13787.76,1997.489,5252.193,13794.35,2041.628,5038.973
13866.33,2049.329,5178.283,13695.09,1972.416,5223.322,13813.59,1983.601,5124.092,13787.3,1997.489,5252.688,13793.96,2041.628,5039.52
13866.15,2049.329,5178.593,13694.91,1972.416,5223.63,13813.35,1983.601,5124.356,13787.07,1997.489,5252.959,13793.74,2041.628,5039.803
13865.62,2049.329,5179.465,13694.37,1972.416,5224.494,13812.69,1983.601,5125.131,13786.43,1997.489,5253.751,13793.09,2041.628,5040.591
13865.51,2049.329,5179.64,13694.25,1972.416,5224.666,13812.56,1983.601,5125.293,13786.3,1997.489,5253.917,13792.94,2041.628,5040.739
13865.13,2049.329,5180.202,13693.85,1972.416,5225.217,13812.11,1983.601,5125.81,13785.91,1997.489,5254.471,13792.48,2041.628,5041.235
13864.59,2049.329,5180.958,13693.29,1972.416,5225.95,13811.54,1983.601,5126.532,13785.4,1997.489,5255.243,13791.85,2041.628,5041.918
13864.28,2049.329,5181.383,13692.95,1972.416,5226.358,13811.19,1983.601,5126.935,13785.12,1997.489,5255.693,13791.51,2041.628,5042.32
13863.78,2049.329,5182.028,13692.41,1972.416,5226.97,13810.68,1983.601,5127.569,13784.71,1997.489,5256.397,13790.99,2041.628,5042.945
13863.24,2049.329,5182.701,13691.87,1972.416,5227.636,13810.25,1983.601,5128.317,13784.27,1997.489,5257.138,13790.39,2041.628,5043.564
13862.67,2049.329,5183.402,13691.31,1972.416,5228.353,13809.78,1983.601,5129.087,13783.8,1997.489,5257.909,13789.78,2041.628,5044.235
13862.06,2049.329,5184.134,13690.76,1972.416,5229.126,13809.25,1983.601,5129.88,13783.29,1997.489,5258.717,13789.16,2041.628,5044.96
13861.24,2049.329,5185.107,13690.05,1972.416,5230.184,13808.52,1983.601,5130.917,13782.62,1997.489,5259.796,13788.37,2041.628,5045.958
13860.43,2049.329,5186.056,13689.39,1972.416,5231.245,13807.76,1983.601,5131.913,13781.96,1997.489,5260.858,13787.63,2041.628,5046.962
13860.25,2049.329,5186.256,13689.26,1972.416,5231.479,13807.59,1983.601,5132.122,13781.81,1997.489,5261.083,13787.47,2041.628,5047.184
13858.96,2049.329,5187.666,13688.36,1972.416,5233.161,13806.19,1983.601,5133.423,13780.78,1997.489,5262.686,13786.34,2041.628,5048.716
13858.31,2049.329,5188.368,13687.87,1972.416,5233.993,13805.51,1983.601,5134.101,13780.27,1997.489,5263.501,13785.75,2041.628,5049.479
13857.91,2049.329,5188.789,13687.6,1972.416,5234.505,13805.11,1983.601,5134.524,13779.97,1997.489,5263.998,13785.38,2041.628,5049.929
13856.39,2049.329,5190.378,13686.52,1972.416,5236.426,13803.66,1983.601,5136.177,13778.86,1997.489,5265.899,13784.17,2041.628,5051.768
13855.73,2049.329,5191.057,13686.02,1972.416,5237.219,13803.06,1983.601,5136.903,13778.4,1997.489,5266.718,13783.63,2041.628,5052.537
13855.54,2049.329,5191.255,13685.88,1972.416,5237.456,13802.92,1983.601,5137.14,13778.26,1997.489,5266.958,13783.46,2041.628,5052.756
13854.32,2049.329,5192.556,13685,1972.416,5239.015,13801.95,1983.601,5138.645,13777.41,1997.489,5268.526,13782.33,2041.628,5054.134
13853.75,2049.329,5193.187,13684.61,1972.416,5239.767,13801.48,1983.601,5139.346,13777,1997.489,5269.271,13781.81,2041.628,5054.804
13853.47,2049.329,5193.515,13684.43,1972.416,5240.155,13801.23,1983.601,5139.697,13776.79,1997.489,5269.647,13781.55,2041.628,5055.152
13852.46,2049.329,5194.768,13683.78,1972.416,5241.633,13800.26,1983.601,5140.988,13776.03,1997.489,5271.068,13780.65,2041.628,5056.491
13851.7,2049.329,5195.755,13683.19,1972.416,5242.729,13799.49,1983.601,5141.966,13775.46,1997.489,5272.173,13779.92,2041.628,5057.501
13851.37,2049.329,5196.208,13682.93,1972.416,5243.231,13799.13,1983.601,5142.398,13775.2,1997.489,5272.669,13779.61,2041.628,5057.966
13851.19,2049.329,5196.462,13682.8,1972.416,5243.514,13798.93,1983.601,5142.632,13775.05,1997.489,5272.941,13779.44,2041.628,5058.223
13850.41,2049.329,5197.648,13682.1,1972.416,5244.747,13797.97,1983.601,5143.679,13774.38,1997.489,5274.196,13778.6,2041.628,5059.375
13850.19,2049.329,5197.998,13681.91,1972.416,5245.112,13797.68,1983.601,5143.977,13774.19,1997.489,5274.56,13778.35,2041.628,5059.701
13849.71,2049.329,5198.809,13681.49,1972.416,5245.959,13797.01,1983.601,5144.64,13773.75,1997.489,5275.393,13777.75,2041.628,5060.427
13849.21,2049.329,5199.609,13681.11,1972.416,5246.822,13796.37,1983.601,5145.326,13773.32,1997.489,5276.233,13777.13,2041.628,5061.136
13848.9,2049.329,5200.067,13680.87,1972.416,5247.316,13795.99,1983.601,5145.726,13773.08,1997.489,5276.729,13776.77,2041.628,5061.56
13848.29,2049.329,5200.945,13680.37,1972.416,5248.265,13795.28,1983.601,5146.528,13772.65,1997.489,5277.711,13776.12,2041.628,5062.406
13847.62,2049.329,5201.869,13679.87,1972.416,5249.293,13794.46,1983.601,5147.323,13772.21,1997.489,5278.763,13775.42,2041.628,5063.312
13847.45,2049.329,5202.086,13679.76,1972.416,5249.543,13794.27,1983.601,5147.52,13772.1,1997.489,5279.014,13775.25,2041.628,5063.523
13847.32,2049.329,5202.248,13679.68,1972.416,5249.736,13794.12,1983.601,5147.672,13772.01,1997.489,5279.205,13775.12,2041.628,5063.688
13846.57,2049.329,5203.15,13679.1,1972.416,5250.754,13793.35,1983.601,5148.554,13771.56,1997.489,5280.286,13774.38,2041.628,5064.593
13846.1,2049.329,5203.704,13678.76,1972.416,5251.396,13792.83,1983.601,5149.053,13771.29,1997.489,5280.958,13773.93,2041.628,5065.169
13845.81,2049.329,5204.037,13678.57,1972.416,5251.795,13792.51,1983.601,5149.368,13771.12,1997.489,5281.368,13773.67,2041.628,5065.524
13845.63,2049.329,5204.241,13678.46,1972.416,5252.048,13792.33,1983.601,5149.57,13771.02,1997.489,5281.624,13773.51,2041.628,5065.75
13845.09,2049.329,5204.819,13678.16,1972.416,5252.777,13791.81,1983.601,5150.161,13770.73,1997.489,5282.356,13773.03,2041.628,5066.375
13844.95,2049.329,5204.971,13678.09,1972.416,5252.972,13791.67,1983.601,5150.316,13770.66,1997.489,5282.55,13772.89,2041.628,5066.529
13844.22,2049.329,5205.743,13677.71,1972.416,5253.965,13791.08,1983.601,5151.203,13770.29,1997.489,5283.545,13772.17,2041.628,5067.306
13843.95,2049.329,5206.038,13677.59,1972.416,5254.346,13790.85,1983.601,5151.531,13770.16,1997.489,5283.924,13771.9,2041.628,5067.608
13843.8,2049.329,5206.203,13677.52,1972.416,5254.563,13790.72,1983.601,5151.712,13770.09,1997.489,5284.138,13771.76,2041.628,5067.784
13842.79,2049.329,5207.293,13677.14,1972.416,5255.995,13789.78,1983.601,5152.865,13769.63,1997.489,5285.55,13770.86,2041.628,5068.962
13842.49,2049.329,5207.617,13677.03,1972.416,5256.423,13789.54,1983.601,5153.23,13769.51,1997.489,5285.972,13770.61,2041.628,5069.321
13842.23,2049.329,5207.907,13676.94,1972.416,5256.808,13789.31,1983.601,5153.549,13769.4,1997.489,5286.352,13770.37,2041.628,5069.633
13842,2049.329,5208.152,13676.88,1972.416,5257.134,13789.1,1983.601,5153.812,13769.32,1997.489,5286.673,13770.17,2041.628,5069.903
13841.33,2049.329,5208.895,13676.56,1972.416,5258.085,13788.46,1983.601,5154.585,13769.08,1997.489,5287.649,13769.56,2041.628,5070.699
13840.84,2049.329,5209.426,13676.35,1972.416,5258.774,13788.04,1983.601,5155.171,13768.92,1997.489,5288.351,13769.13,2041.628,5071.281
13840.26,2049.329,5210.073,13676.13,1972.416,5259.617,13787.51,1983.601,5155.864,13768.75,1997.489,5289.205,13768.65,2041.628,5072.003
13839.72,2049.329,5210.675,13675.95,1972.416,5260.406,13787.01,1983.601,5156.499,13768.6,1997.489,5290.001,13768.17,2041.628,5072.658
13839.58,2049.329,5210.828,13675.91,1972.416,5260.61,13786.88,1983.601,5156.658,13768.56,1997.489,5290.206,13768.05,2041.628,5072.831
13838.98,2049.329,5211.479,13675.76,1972.416,5261.485,13786.33,1983.601,5157.353,13768.42,1997.489,5291.08,13767.53,2041.628,5073.548
13838.55,2049.329,5211.938,13675.68,1972.416,5262.105,13785.99,1983.601,5157.88,13768.32,1997.489,5291.698,13767.16,2041.628,5074.053
13837.93,2049.329,5212.623,13675.59,1972.416,5263.025,13785.47,1983.601,5158.642,13768.21,1997.489,5292.614,13766.64,2041.628,5074.817
13837.7,2049.329,5212.894,13675.57,1972.416,5263.382,13785.26,1983.601,5158.932,13768.17,1997.489,5292.969,13766.42,2041.628,5075.097
13837.57,2049.329,5213.055,13675.57,1972.416,5263.59,13785.13,1983.601,5159.098,13768.14,1997.489,5293.176,13766.29,2041.628,5075.264
13837.12,2049.329,5213.631,13675.56,1972.416,5264.321,13784.68,1983.601,5159.669,13768.08,1997.489,5293.905,13765.88,2041.628,5075.863
13836.8,2049.329,5214.059,13675.58,1972.416,5264.854,13784.33,1983.601,5160.077,13768.05,1997.489,5294.436,13765.64,2041.628,5076.343
13836.38,2049.329,5214.658,13675.6,1972.416,5265.585,13783.85,1983.601,5160.625,13768.02,1997.489,5295.167,13765.3,2041.628,5076.991
13835.97,2049.329,5215.281,13675.65,1972.416,5266.333,13783.34,1983.601,5161.175,13768.01,1997.489,5295.916,13764.93,2041.628,5077.643
13835.85,2049.329,5215.451,13675.68,1972.416,5266.54,13783.19,1983.601,5161.325,13768.01,1997.489,5296.124,13764.83,2041.628,5077.821
13835.11,2049.329,5216.453,13676,1972.416,5267.74,13782.36,1983.601,5162.249,13768.03,1997.489,5297.366,13764.15,2041.628,5078.866
13834.67,2049.329,5217.024,13676.16,1972.416,5268.44,13781.9,1983.601,5162.799,13768.07,1997.489,5298.084,13763.74,2041.628,5079.457
13834.29,2049.329,5217.505,13676.28,1972.416,5269.041,13781.47,1983.601,5163.234,13768.12,1997.489,5298.695,13763.4,2041.628,5079.962
13833.48,2049.329,5218.504,13676.5,1972.416,5270.31,13780.59,1983.601,5164.176,13768.27,1997.489,5299.974,13762.63,2041.628,5080.999
13833.35,2049.329,5218.662,13676.53,1972.416,5270.517,13780.45,1983.601,5164.333,13768.3,1997.489,5300.18,13762.51,2041.628,5081.168
13832.6,2049.329,5219.526,13676.64,1972.416,5271.653,13779.73,1983.601,5165.219,13768.5,1997.489,5301.305,13761.82,2041.628,5082.075
13832.24,2049.329,5219.934,13676.68,1972.416,5272.195,13779.37,1983.601,5165.628,13768.62,1997.489,5301.837,13761.5,2041.628,5082.517
13831.58,2049.329,5220.685,13676.73,1972.416,5273.197,13778.69,1983.601,5166.359,13768.85,1997.489,5302.811,13760.99,2041.628,5083.383
13831.12,2049.329,5221.205,13676.73,1972.416,5273.894,13778.23,1983.601,5166.882,13769.04,1997.489,5303.481,13760.62,2041.628,5083.972
13830.81,2049.329,5221.545,13676.75,1972.416,5274.352,13777.93,1983.601,5167.228,13769.17,1997.489,5303.92,13760.37,2041.628,5084.352
13830.22,2049.329,5222.196,13676.82,1972.416,5275.226,13777.31,1983.601,5167.856,13769.44,1997.489,5304.756,13759.85,2041.628,5085.063
13830.07,2049.329,5222.357,13676.84,1972.416,5275.444,13777.17,1983.601,5168.019,13769.5,1997.489,5304.965,13759.7,2041.628,5085.219
13829.41,2049.329,5223.076,13676.98,1972.416,5276.414,13776.48,1983.601,5168.721,13769.82,1997.489,5305.891,13758.99,2041.628,5085.893
13829.09,2049.329,5223.412,13677.06,1972.416,5276.868,13776.15,1983.601,5169.038,13769.98,1997.489,5306.323,13758.67,2041.628,5086.221
13828.69,2049.329,5223.843,13677.18,1972.416,5277.448,13775.73,1983.601,5169.459,13770.2,1997.489,5306.875,13758.26,2041.628,5086.656
13828.29,2049.329,5224.262,13677.32,1972.416,5278.007,13775.34,1983.601,5169.882,13770.42,1997.489,5307.406,13757.89,2041.628,5087.091
13827.9,2049.329,5224.678,13677.47,1972.416,5278.557,13774.97,1983.601,5170.313,13770.65,1997.489,5307.928,13757.47,2041.628,5087.482
13827.46,2049.329,5225.149,13677.66,1972.416,5279.171,13774.59,1983.601,5170.833,13770.92,1997.489,5308.51,13757,2041.628,5087.922
13827.29,2049.329,5225.336,13677.75,1972.416,5279.414,13774.44,1983.601,5171.042,13771.04,1997.489,5308.74,13756.82,2041.628,5088.104
13826.65,2049.329,5226.042,13678.09,1972.416,5280.303,13773.88,1983.601,5171.811,13771.48,1997.489,5309.583,13756.17,2041.628,5088.8
13826.38,2049.329,5226.346,13678.25,1972.416,5280.679,13773.65,1983.601,5172.155,13771.68,1997.489,5309.94,13755.9,2041.628,5089.108
13826.24,2049.329,5226.502,13678.34,1972.416,5280.868,13773.54,1983.601,5172.326,13771.79,1997.489,5310.12,13755.77,2041.628,5089.269
13825.85,2049.329,5226.956,13678.61,1972.416,5281.402,13773.18,1983.601,5172.808,13772.11,1997.489,5310.627,13755.4,2041.628,5089.745
13825.56,2049.329,5227.295,13678.83,1972.416,5281.793,13772.9,1983.601,5173.158,13772.35,1997.489,5310.999,13755.1,2041.628,5090.07
13825.28,2049.329,5227.625,13679.04,1972.416,5282.164,13772.63,1983.601,5173.486,13772.6,1997.489,5311.351,13754.81,2041.628,5090.395
13825.02,2049.329,5227.944,13679.27,1972.416,5282.516,13772.35,1983.601,5173.796,13772.85,1997.489,5311.687,13754.54,2041.628,5090.711
13824.75,2049.329,5228.256,13679.5,1972.416,5282.853,13772.04,1983.601,5174.059,13773.1,1997.489,5312.007,13754.29,2041.628,5091.029
13824.5,2049.329,5228.556,13679.73,1972.416,5283.171,13771.74,1983.601,5174.323,13773.35,1997.489,5312.311,13754.05,2041.628,5091.346
13824.24,2049.329,5228.851,13679.97,1972.416,5283.481,13771.45,1983.601,5174.592,13773.61,1997.489,5312.607,13753.84,2041.628,5091.676
13823.94,2049.329,5229.178,13680.26,1972.416,5283.819,13771.14,1983.601,5174.902,13773.91,1997.489,5312.932,13753.58,2041.628,5092.037
13823.8,2049.329,5229.33,13680.4,1972.416,5283.975,13771,1983.601,5175.053,13774.05,1997.489,5313.082,13753.47,2041.628,5092.211
13823.45,2049.329,5229.699,13680.75,1972.416,5284.341,13770.66,1983.601,5175.43,13774.41,1997.489,5313.437,13753.18,2041.628,5092.626
13823.21,2049.329,5229.954,13681,1972.416,5284.586,13770.43,1983.601,5175.698,13774.67,1997.489,5313.676,13752.96,2041.628,5092.899
13822.95,2049.329,5230.228,13681.28,1972.416,5284.841,13770.18,1983.601,5175.979,13774.95,1997.489,5313.926,13752.73,2041.628,5093.2
13822.8,2049.329,5230.387,13681.44,1972.416,5284.984,13770.04,1983.601,5176.146,13775.12,1997.489,5314.066,13752.61,2041.628,5093.378
13822.65,2049.329,5230.556,13681.62,1972.416,5285.129,13769.87,1983.601,5176.308,13775.3,1997.489,5314.21,13752.47,2041.628,5093.57
13822.41,2049.329,5230.807,13681.9,1972.416,5285.335,13769.64,1983.601,5176.555,13775.58,1997.489,5314.415,13752.27,2041.628,5093.846
13822.22,2049.329,5231.015,13682.13,1972.416,5285.498,13769.42,1983.601,5176.739,13775.81,1997.489,5314.578,13752.13,2041.628,5094.091
13822.03,2049.329,5231.217,13682.36,1972.416,5285.65,13769.21,1983.601,5176.926,13776.04,1997.489,5314.731,13751.98,2041.628,5094.325
13821.84,2049.329,5231.414,13682.59,1972.416,5285.791,13769.02,1983.601,5177.116,13776.27,1997.489,5314.874,13751.83,2041.628,5094.549
13821.67,2049.329,5231.604,13682.82,1972.416,5285.918,13768.84,1983.601,5177.304,13776.5,1997.489,5315.005,13751.7,2041.628,5094.774
13821.49,2049.329,5231.789,13683.04,1972.416,5286.036,13768.67,1983.601,5177.492,13776.72,1997.489,5315.127,13751.56,2041.628,5094.989
13821.33,2049.329,5231.971,13683.26,1972.416,5286.141,13768.51,1983.601,5177.678,13776.93,1997.489,5315.25,13751.43,2041.628,5095.19
13821.18,2049.329,5232.154,13683.48,1972.416,5286.236,13768.35,1983.601,5177.852,13777.13,1997.489,5315.377,13751.29,2041.628,5095.383
13821.04,2049.329,5232.343,13683.7,1972.416,5286.325,13768.2,1983.601,5178.031,13777.33,1997.489,5315.512,13751.15,2041.628,5095.58
13820.88,2049.329,5232.561,13683.95,1972.416,5286.417,13768.02,1983.601,5178.233,13777.54,1997.489,5315.669,13751.03,2041.628,5095.817
13820.76,2049.329,5232.734,13684.15,1972.416,5286.482,13767.89,1983.601,5178.395,13777.71,1997.489,5315.798,13750.92,2041.628,5095.998
13820.54,2049.329,5233.089,13684.54,1972.416,5286.625,13767.63,1983.601,5178.725,13778.03,1997.489,5316.066,13750.7,2041.628,5096.353
13820.44,2049.329,5233.269,13684.74,1972.416,5286.697,13767.51,1983.601,5178.894,13778.18,1997.489,5316.205,13750.6,2041.628,5096.532
13820.34,2049.329,5233.453,13684.94,1972.416,5286.763,13767.37,1983.601,5179.049,13778.33,1997.489,5316.348,13750.5,2041.628,5096.714
13820.24,2049.329,5233.646,13685.15,1972.416,5286.813,13767.23,1983.601,5179.214,13778.48,1997.489,5316.502,13750.39,2041.628,5096.902
13820.16,2049.329,5233.835,13685.35,1972.416,5286.869,13767.11,1983.601,5179.378,13778.63,1997.489,5316.655,13750.3,2041.628,5097.091
13820.08,2049.329,5234.028,13685.55,1972.416,5286.931,13766.98,1983.601,5179.546,13778.76,1997.489,5316.813,13750.21,2041.628,5097.278
13820,2049.329,5234.223,13685.74,1972.416,5286.999,13766.87,1983.601,5179.719,13778.89,1997.489,5316.975,13750.13,2041.628,5097.47
13819.93,2049.329,5234.446,13685.96,1972.416,5287.084,13766.74,1983.601,5179.918,13779.03,1997.489,5317.164,13750.04,2041.628,5097.688
13819.87,2049.329,5234.646,13686.16,1972.416,5287.165,13766.63,1983.601,5180.098,13779.15,1997.489,5317.334,13749.95,2041.628,5097.877
13819.81,2049.329,5234.847,13686.35,1972.416,5287.252,13766.53,1983.601,5180.279,13779.27,1997.489,5317.509,13749.86,2041.628,5098.064
13819.77,2049.329,5235.049,13686.53,1972.416,5287.346,13766.43,1983.601,5180.463,13779.38,1997.489,5317.687,13749.78,2041.628,5098.258
13819.72,2049.329,5235.253,13686.71,1972.416,5287.445,13766.34,1983.601,5180.65,13779.48,1997.489,5317.868,13749.7,2041.628,5098.449
13819.69,2049.329,5235.459,13686.89,1972.416,5287.551,13766.24,1983.601,5180.832,13779.58,1997.489,5318.052,13749.61,2041.628,5098.637
13819.65,2049.329,5235.719,13687.12,1972.416,5287.691,13766.12,1983.601,5181.066,13779.69,1997.489,5318.289,13749.49,2041.628,5098.871
13819.62,2049.329,5235.924,13687.3,1972.416,5287.797,13766.03,1983.601,5181.254,13779.77,1997.489,5318.479,13749.4,2041.628,5099.059
13819.57,2049.329,5236.128,13687.48,1972.416,5287.898,13765.92,1983.601,5181.428,13779.85,1997.489,5318.673,13749.3,2041.628,5099.241
13819.52,2049.329,5236.33,13687.66,1972.416,5288.005,13765.81,1983.601,5181.605,13779.92,1997.489,5318.869,13749.21,2041.628,5099.427
13819.47,2049.329,5236.531,13687.83,1972.416,5288.118,13765.69,1983.601,5181.782,13779.99,1997.489,5319.066,13749.09,2041.628,5099.6
13819.41,2049.329,5236.729,13688,1972.416,5288.236,13765.59,1983.601,5181.961,13780.05,1997.489,5319.266,13748.98,2041.628,5099.776
13819.34,2049.329,5236.926,13688.17,1972.416,5288.36,13765.49,1983.601,5182.145,13780.1,1997.489,5319.468,13748.87,2041.628,5099.956
13819.26,2049.329,5237.12,13688.34,1972.416,5288.489,13765.42,1983.601,5182.34,13780.15,1997.489,5319.671,13748.77,2041.628,5100.139
13819.19,2049.329,5237.316,13688.5,1972.416,5288.624,13765.34,1983.601,5182.534,13780.18,1997.489,5319.875,13748.68,2041.628,5100.325
13819.13,2049.329,5237.515,13688.65,1972.416,5288.763,13765.27,1983.601,5182.729,13780.22,1997.489,5320.082,13748.59,2041.628,5100.515
13819.06,2049.329,5237.711,13688.8,1972.416,5288.907,13765.19,1983.601,5182.923,13780.26,1997.489,5320.286,13748.51,2041.628,5100.707
13818.99,2049.329,5237.908,13688.95,1972.416,5289.055,13765.13,1983.601,5183.123,13780.3,1997.489,5320.49,13748.41,2041.628,5100.888
13818.92,2049.329,5238.103,13689.09,1972.416,5289.207,13765.07,1983.601,5183.32,13780.35,1997.489,5320.691,13748.31,2041.628,5101.073
13818.85,2049.329,5238.299,13689.23,1972.416,5289.363,13765,1983.601,5183.516,13780.41,1997.489,5320.892,13748.22,2041.628,5101.261
13818.79,2049.329,5238.498,13689.36,1972.416,5289.523,13764.92,1983.601,5183.709,13780.47,1997.489,5321.09,13748.14,2041.628,5101.451
13818.71,2049.329,5238.692,13689.49,1972.416,5289.687,13764.84,1983.601,5183.901,13780.54,1997.489,5321.286,13748.05,2041.628,5101.638
13818.64,2049.329,5238.89,13689.61,1972.416,5289.854,13764.77,1983.601,5184.098,13780.62,1997.489,5321.48,13747.96,2041.628,5101.829
13818.58,2049.329,5239.089,13689.73,1972.416,5290.025,13764.7,1983.601,5184.293,13780.7,1997.489,5321.671,13747.88,2041.628,5102.02
13818.53,2049.329,5239.29,13689.85,1972.416,5290.2,13764.64,1983.601,5184.494,13780.79,1997.489,5321.86,13747.79,2041.628,5102.208
13818.48,2049.329,5239.493,13689.95,1972.416,5290.378,13764.58,1983.601,5184.693,13780.88,1997.489,5322.046,13747.7,2041.628,5102.398
13818.44,2049.329,5239.697,13690.06,1972.416,5290.559,13764.51,1983.601,5184.891,13780.98,1997.489,5322.229,13747.63,2041.628,5102.591
13818.41,2049.329,5239.902,13690.15,1972.416,5290.743,13764.44,1983.601,5185.086,13781.09,1997.489,5322.41,13747.55,2041.628,5102.787
13818.38,2049.329,5240.109,13690.25,1972.416,5290.93,13764.37,1983.601,5185.283,13781.2,1997.489,5322.586,13747.48,2041.628,5102.98
13818.36,2049.329,5240.316,13690.33,1972.416,5291.12,13764.31,1983.601,5185.482,13781.31,1997.489,5322.76,13747.4,2041.628,5103.176
13818.34,2049.329,5240.524,13690.41,1972.416,5291.313,13764.23,1983.601,5185.672,13781.43,1997.489,5322.93,13747.34,2041.628,5103.374
13818.3,2049.329,5240.729,13690.49,1972.416,5291.507,13764.15,1983.601,5185.865,13781.56,1997.489,5323.096,13747.27,2041.628,5103.57
13818.27,2049.329,5240.934,13690.55,1972.416,5291.704,13764.06,1983.601,5186.056,13781.69,1997.489,5323.258,13747.19,2041.628,5103.763
13818.24,2049.329,5241.141,13690.62,1972.416,5291.903,13763.99,1983.601,5186.25,13781.83,1997.489,5323.416,13747.13,2041.628,5103.961
13818.25,2049.329,5241.349,13690.67,1972.416,5292.104,13763.92,1983.601,5186.446,13781.97,1997.489,5323.57,13747.06,2041.628,5104.158
13818.24,2049.329,5241.558,13690.72,1972.416,5292.306,13763.85,1983.601,5186.644,13782.11,1997.489,5323.721,13747.01,2041.628,5104.361
13818.25,2049.329,5241.766,13690.76,1972.416,5292.51,13763.8,1983.601,5186.844,13782.26,1997.489,5323.867,13746.95,2041.628,5104.562
13818.25,2049.329,5241.974,13690.8,1972.416,5292.715,13763.75,1983.601,5187.046,13782.41,1997.489,5324.009,13746.89,2041.628,5104.761
13818.26,2049.329,5242.183,13690.84,1972.416,5292.919,13763.71,1983.601,5187.252,13782.56,1997.489,5324.156,13746.84,2041.628,5104.961
13818.25,2049.329,5242.391,13690.89,1972.416,5293.121,13763.67,1983.601,5187.457,13782.7,1997.489,5324.307,13746.76,2041.628,5105.153
13818.26,2049.329,5242.6,13690.95,1972.416,5293.322,13763.63,1983.601,5187.66,13782.84,1997.489,5324.463,13746.68,2041.628,5105.348
13818.27,2049.329,5242.808,13691.01,1972.416,5293.521,13763.58,1983.601,5187.862,13782.97,1997.489,5324.624,13746.6,2041.628,5105.539
13818.29,2049.329,5243.015,13691.08,1972.416,5293.717,13763.53,1983.601,5188.065,13783.1,1997.489,5324.789,13746.52,2041.628,5105.732
13818.34,2049.329,5243.217,13691.16,1972.416,5293.911,13763.49,1983.601,5188.27,13783.22,1997.489,5324.958,13746.44,2041.628,5105.926
13818.38,2049.329,5243.421,13691.24,1972.416,5294.102,13763.45,1983.601,5188.474,13783.34,1997.489,5325.131,13746.37,2041.628,5106.122
13818.42,2049.329,5243.626,13691.33,1972.416,5294.291,13763.41,1983.601,5188.677,13783.45,1997.489,5325.308,13746.31,2041.628,5106.319
13818.46,2049.329,5243.831,13691.42,1972.416,5294.476,13763.36,1983.601,5188.879,13783.55,1997.489,5325.488,13746.25,2041.628,5106.519
13818.5,2049.329,5244.036,13691.5,1972.416,5294.668,13763.31,1983.601,5189.083,13783.65,1997.489,5325.671,13746.19,2041.628,5106.72
13818.52,2049.329,5244.243,13691.59,1972.416,5294.858,13763.28,1983.601,5189.289,13783.74,1997.489,5325.858,13746.15,2041.628,5106.923
13818.54,2049.329,5244.45,13691.67,1972.416,5295.047,13763.23,1983.601,5189.493,13783.83,1997.489,5326.047,13746.1,2041.628,5107.127
13818.56,2049.329,5244.658,13691.76,1972.416,5295.239,13763.19,1983.601,5189.695,13783.91,1997.489,5326.24,13746.05,2041.628,5107.33
13818.56,2049.329,5244.866,13691.85,1972.416,5295.427,13763.14,1983.601,5189.899,13783.99,1997.489,5326.435,13746.03,2041.628,5107.536
13818.56,2049.329,5245.075,13691.93,1972.416,5295.618,13763.11,1983.601,5190.105,13784.05,1997.489,5326.632,13746,2041.628,5107.742
13818.56,2049.329,5245.283,13692.01,1972.416,5295.812,13763.07,1983.601,5190.31,13784.11,1997.489,5326.831,13745.96,2041.628,5107.947
13818.54,2049.329,5245.491,13692.08,1972.416,5296.008,13763.03,1983.601,5190.514,13784.17,1997.489,5327.032,13745.94,2041.628,5108.154
13818.52,2049.329,5245.698,13692.14,1972.416,5296.206,13762.98,1983.601,5190.717,13784.22,1997.489,5327.235,13745.91,2041.628,5108.36
13818.5,2049.329,5245.905,13692.2,1972.416,5296.406,13762.93,1983.601,5190.917,13784.26,1997.489,5327.439,13745.87,2041.628,5108.565
13818.46,2049.329,5246.11,13692.25,1972.416,5296.608,13762.87,1983.601,5191.116,13784.29,1997.489,5327.645,13745.83,2041.628,5108.77
13818.42,2049.329,5246.314,13692.29,1972.416,5296.812,13762.8,1983.601,5191.313,13784.32,1997.489,5327.851,13745.78,2041.628,5108.972
13818.37,2049.329,5246.517,13692.33,1972.416,5297.017,13762.73,1983.601,5191.511,13784.34,1997.489,5328.058,13745.73,2041.628,5109.176
13818.32,2049.329,5246.718,13692.36,1972.416,5297.223,13762.69,1983.601,5191.714,13784.36,1997.489,5328.266,13745.69,2041.628,5109.379
13818.26,2049.329,5246.917,13692.39,1972.416,5297.43,13762.64,1983.601,5191.917,13784.36,1997.489,5328.474,13745.64,2041.628,5109.581
13818.19,2049.329,5247.115,13692.4,1972.416,5297.638,13762.59,1983.601,5192.119,13784.37,1997.489,5328.683,13745.59,2041.628,5109.784
13818.14,2049.329,5247.318,13692.42,1972.416,5297.846,13762.53,1983.601,5192.318,13784.36,1997.489,5328.891,13745.54,2041.628,5109.986
13818.01,2049.329,5247.852,13692.42,1972.416,5298.397,13762.39,1983.601,5192.853,13784.33,1997.489,5329.441,13745.39,2041.628,5110.517
13817.95,2049.329,5248.051,13692.42,1972.416,5298.606,13762.33,1983.601,5193.052,13784.31,1997.489,5329.649,13745.33,2041.628,5110.718
13817.86,2049.329,5248.405,13692.4,1972.416,5298.971,13762.22,1983.601,5193.401,13784.26,1997.489,5330.012,13745.23,2041.628,5111.067
13817.73,2049.329,5248.833,13692.37,1972.416,5299.416,13762.08,1983.601,5193.822,13784.19,1997.489,5330.452,13745.11,2041.628,5111.496
13817.68,2049.329,5249.035,13692.34,1972.416,5299.623,13762,1983.601,5194.016,13784.15,1997.489,5330.656,13745.06,2041.628,5111.7
13817.53,2049.329,5249.615,13692.26,1972.416,5300.216,13761.8,1983.601,5194.582,13784.01,1997.489,5331.241,13744.91,2041.628,5112.281
13817.36,2049.329,5250.172,13692.15,1972.416,5300.789,13761.57,1983.601,5195.113,13783.86,1997.489,5331.803,13744.75,2041.628,5112.839
13817.09,2049.329,5250.988,13691.97,1972.416,5301.63,13761.23,1983.601,5195.904,13783.75,1997.489,5332.655,13744.48,2041.628,5113.657
13816.9,2049.329,5251.5,13691.86,1972.416,5302.165,13761.03,1983.601,5196.415,13783.65,1997.489,5333.194,13744.32,2041.628,5114.18
13816.64,2049.329,5252.108,13691.75,1972.416,5302.815,13760.81,1983.601,5197.037,13783.52,1997.489,5333.839,13744.11,2041.628,5114.803
13816.36,2049.329,5252.846,13691.6,1972.416,5303.59,13760.53,1983.601,5197.776,13783.33,1997.489,5334.608,13743.9,2041.628,5115.566
13816.08,2049.329,5253.641,13691.4,1972.416,5304.41,13760.16,1983.601,5198.531,13783.11,1997.489,5335.419,13743.73,2041.628,5116.389
13815.76,2049.329,5254.468,13691.17,1972.416,5305.266,13759.78,1983.601,5199.332,13782.9,1997.489,5336.281,13743.51,2041.628,5117.249
13815.48,2049.329,5255.688,13690.83,1972.416,5306.468,13759.2,1983.601,5200.438,13782.56,1997.489,5337.487,13743.17,2041.628,5118.452
13815.28,2049.329,5256.431,13690.59,1972.416,5307.2,13758.86,1983.601,5201.13,13782.44,1997.489,5338.247,13742.93,2041.628,5119.184
13815.02,2049.329,5257.299,13690.33,1972.416,5308.071,13758.48,1983.601,5201.956,13782.28,1997.489,5339.138,13742.62,2041.628,5120.038
13814.71,2049.329,5258.309,13690.06,1972.416,5309.09,13758.08,1983.601,5202.932,13782.05,1997.489,5340.17,13742.32,2041.628,5121.05
13814.35,2049.329,5259.352,13689.73,1972.416,5310.143,13757.69,1983.601,5203.963,13781.79,1997.489,5341.242,13741.97,2041.628,5122.097
13813.94,2049.329,5260.418,13689.36,1972.416,5311.222,13757.25,1983.601,5205.017,13781.49,1997.489,5342.343,13741.58,2041.628,5123.167
13813.49,2049.329,5261.501,13688.94,1972.416,5312.318,13756.77,1983.601,5206.085,13781.14,1997.489,5343.463,13741.21,2041.628,5124.281
13812.99,2049.329,5262.604,13688.47,1972.416,5313.437,13756.23,1983.601,5207.173,13780.75,1997.489,5344.61,13741.01,2041.628,5125.478
13812.43,2049.329,5263.721,13687.95,1972.416,5314.571,13755.64,1983.601,5208.273,13780.3,1997.489,5345.775,13740.77,2041.628,5126.701
13811.82,2049.329,5264.851,13687.38,1972.416,5315.719,13755,1983.601,5209.384,13779.8,1997.489,5346.958,13740.47,2041.628,5127.951
13810.93,2049.329,5266.374,13686.54,1972.416,5317.269,13754.07,1983.601,5210.879,13779.06,1997.489,5348.558,13740.01,2041.628,5129.652
13810.37,2049.329,5267.268,13686.01,1972.416,5318.181,13753.48,1983.601,5211.756,13778.59,1997.489,5349.502,13739.71,2041.628,5130.662
13809.76,2049.329,5268.326,13685.34,1972.416,5319.208,13752.83,1983.601,5212.795,13778.01,1997.489,5350.578,13739.31,2041.628,5131.82
13809.09,2049.329,5269.566,13684.58,1972.416,5320.394,13752.12,1983.601,5214.014,13777.3,1997.489,5351.793,13738.82,2041.628,5133.138
13808.37,2049.329,5270.809,13683.84,1972.416,5321.629,13751.45,1983.601,5215.282,13776.65,1997.489,5353.08,13738.26,2041.628,5134.466
13807.67,2049.329,5272.101,13683.06,1972.416,5322.868,13750.79,1983.601,5216.598,13775.95,1997.489,5354.371,13737.66,2041.628,5135.803
13806.78,2049.329,5273.888,13682.04,1972.416,5324.586,13749.91,1983.601,5218.386,13775.17,1997.489,5356.204,13736.77,2041.628,5137.592
13806.28,2049.329,5274.97,13681.47,1972.416,5325.629,13749.35,1983.601,5219.435,13774.77,1997.489,5357.327,13736.33,2041.628,5138.696
13805.75,2049.329,5276.233,13680.85,1972.416,5326.852,13748.74,1983.601,5220.662,13774.28,1997.489,5358.604,13735.77,2041.628,5139.949
13805.1,2049.329,5277.66,13680.19,1972.416,5328.273,13748.09,1983.601,5222.09,13773.66,1997.489,5360.046,13735.21,2041.628,5141.412
13804.18,2049.329,5279.215,13679.21,1972.416,5329.795,13747.34,1983.601,5223.736,13773.08,1997.489,5361.76,13734.75,2041.628,5143.162
13803.44,2049.329,5280.573,13678.42,1972.416,5331.126,13746.71,1983.601,5225.151,13772.54,1997.489,5363.212,13734.32,2041.628,5144.648
13802.67,2049.329,5282.09,13677.6,1972.416,5332.616,13745.92,1983.601,5226.658,13771.9,1997.489,5364.786,13733.87,2041.628,5146.29
13802.18,2049.329,5283.138,13677,1972.416,5333.607,13745.41,1983.601,5227.692,13771.51,1997.489,5365.874,13733.55,2041.628,5147.4
13801.2,2049.329,5285.44,13675.79,1972.416,5335.795,13744.34,1983.601,5229.955,13770.59,1997.489,5368.202,13732.82,2041.628,5149.792
13800.84,2049.329,5286.558,13675.21,1972.416,5336.812,13743.86,1983.601,5231.023,13770.12,1997.489,5369.276,13732.45,2041.628,5150.905
13800.2,2049.329,5288.403,13674.25,1972.416,5338.514,13743.09,1983.601,5232.822,13769.28,1997.489,5371.044,13731.82,2041.628,5152.753
13799.54,2049.329,5290.803,13673.09,1972.416,5340.72,13742.17,1983.601,5235.129,13768.29,1997.489,5373.326,13730.97,2041.628,5155.09
13799,2049.329,5292.569,13672.16,1972.416,5342.313,13741.51,1983.601,5236.856,13767.6,1997.489,5375.041,13730.3,2041.628,5156.815
13798.86,2049.329,5292.993,13671.94,1972.416,5342.704,13741.36,1983.601,5237.275,13767.45,1997.489,5375.461,13730.13,2041.628,5157.228
13798.07,2049.329,5295.151,13670.91,1972.416,5344.757,13740.62,1983.601,5239.451,13766.61,1997.489,5377.6,13729.23,2041.628,5159.34
13797.1,2049.329,5296.926,13670.06,1972.416,5346.592,13740,1983.601,5241.375,13765.99,1997.489,5379.523,13728.4,2041.628,5161.183
13796.25,2049.329,5298.593,13669.33,1972.416,5348.315,13739.46,1983.601,5243.167,13765.39,1997.489,5381.295,13727.6,2041.628,5162.874
13795.31,2049.329,5300.58,13668.54,1972.416,5350.363,13738.86,1983.601,5245.277,13764.61,1997.489,5383.35,13726.62,2041.628,5164.837
13795.13,2049.329,5301.006,13668.38,1972.416,5350.802,13738.74,1983.601,5245.726,13764.43,1997.489,5383.778,13726.4,2041.628,5165.248
13793.97,2049.329,5303.97,13667.24,1972.416,5353.772,13737.97,1983.601,5248.814,13763.31,1997.489,5386.758,13724.86,2041.628,5168.034
13793.44,2049.329,5305.44,13666.72,1972.416,5355.246,13737.54,1983.601,5250.315,13762.92,1997.489,5388.268,13724.15,2041.628,5169.424
13793.15,2049.329,5306.35,13666.44,1972.416,5356.157,13737.27,1983.601,5251.23,13762.66,1997.489,5389.188,13723.75,2041.628,5170.289
13792.4,2049.329,5309.029,13665.51,1972.416,5358.783,13736.38,1983.601,5253.871,13762.01,1997.489,5391.896,13722.64,2041.628,5172.846
13792.01,2049.329,5310.566,13665.03,1972.416,5360.293,13735.92,1983.601,5255.388,13761.59,1997.489,5393.423,13722.06,2041.628,5174.322
13791.47,2049.329,5312.435,13664.38,1972.416,5362.124,13735.56,1983.601,5257.299,13761.09,1997.489,5395.302,13721.41,2041.628,5176.154
13790.7,2049.329,5314.372,13663.51,1972.416,5364.019,13735.11,1983.601,5259.334,13760.48,1997.489,5397.298,13720.78,2041.628,5178.141
13789.67,2049.329,5317.224,13662.33,1972.416,5366.813,13734.36,1983.601,5262.269,13759.51,1997.489,5400.169,13719.96,2041.628,5181.057
13789.52,2049.329,5317.697,13662.16,1972.416,5367.278,13734.22,1983.601,5262.747,13759.34,1997.489,5400.635,13719.84,2041.628,5181.54
13788.54,2049.329,5320.434,13660.71,1972.416,5369.8,13733.15,1983.601,5265.452,13758.36,1997.489,5403.372,13719.04,2041.628,5184.338
13788.03,2049.329,5321.714,13660.06,1972.416,5371.016,13732.52,1983.601,5266.679,13757.85,1997.489,5404.653,13718.63,2041.628,5185.651
13787.31,2049.329,5323.596,13659.07,1972.416,5372.774,13731.66,1983.601,5268.502,13757.04,1997.489,5406.501,13717.95,2041.628,5187.55
13786.52,2049.329,5325.46,13657.97,1972.416,5374.467,13730.86,1983.601,5270.36,13756.27,1997.489,5408.368,13717.21,2041.628,5189.434
13785.79,2049.329,5327.36,13656.91,1972.416,5376.206,13730.12,1983.601,5272.255,13755.62,1997.489,5410.299,13716.54,2041.628,5191.354
13784.91,2049.329,5329.209,13655.9,1972.416,5377.988,13729.43,1983.601,5274.185,13754.91,1997.489,5412.219,13715.79,2041.628,5193.262
13783.98,2049.329,5331.035,13654.95,1972.416,5379.805,13728.79,1983.601,5276.131,13754.13,1997.489,5414.116,13715.11,2041.628,5195.196
13783.1,2049.329,5332.902,13654.06,1972.416,5381.664,13728.08,1983.601,5278.067,13753.29,1997.489,5415.999,13714.49,2041.628,5197.163
13782.29,2049.329,5334.806,13653.22,1972.416,5383.56,13727.36,1983.601,5280.012,13752.55,1997.489,5417.936,13713.81,2041.628,5199.118
13781.32,2049.329,5336.804,13652.39,1972.416,5385.616,13726.62,1983.601,5282.103,13751.7,1997.489,5419.982,13713.18,2041.628,5201.245
13780.03,2049.329,5339.748,13651.28,1972.416,5388.635,13725.45,1983.601,5285.099,13750.36,1997.489,5422.909,13712.17,2041.628,5204.299
13779.77,2049.329,5340.202,13651.08,1972.416,5389.12,13725.2,1983.601,5285.561,13750.09,1997.489,5423.356,13711.99,2041.628,5204.791
13778.5,2049.329,5342.588,13649.99,1972.416,5391.589,13724.02,1983.601,5287.988,13748.64,1997.489,5425.639,13711.06,2041.628,5207.329
13777.33,2049.329,5344.628,13648.96,1972.416,5393.706,13723.05,1983.601,5290.131,13747.45,1997.489,5427.665,13710.3,2041.628,5209.554
13776.58,2049.329,5346.044,13648.22,1972.416,5395.125,13722.48,1983.601,5291.629,13746.68,1997.489,5429.071,13709.74,2041.628,5211.054
13775.41,2049.329,5347.821,13647.52,1972.416,5397.133,13721.66,1983.601,5293.592,13745.48,1997.489,5430.823,13709.18,2041.628,5213.107
13774.29,2049.329,5349.643,13646.75,1972.416,5399.127,13720.93,1983.601,5295.6,13744.32,1997.489,5432.621,13708.63,2041.628,5215.171
13773.2,2049.329,5351.566,13645.89,1972.416,5401.165,13720.21,1983.601,5297.693,13743.05,1997.489,5434.431,13708.02,2041.628,5217.3
13771.92,2049.329,5353.998,13644.73,1972.416,5403.659,13719.37,1983.601,5300.306,13741.54,1997.489,5436.728,13707.23,2041.628,5219.929
13771.26,2049.329,5355.327,13644.06,1972.416,5404.983,13718.9,1983.601,5301.713,13740.77,1997.489,5437.993,13706.78,2041.628,5221.341
13770.35,2049.329,5357.29,13643.14,1972.416,5406.945,13718.2,1983.601,5303.763,13739.58,1997.489,5439.807,13706.08,2041.628,5223.393
13769.48,2049.329,5359.275,13642.16,1972.416,5408.875,13717.49,1983.601,5305.809,13738.46,1997.489,5441.66,13705.35,2041.628,5225.432
13768.66,2049.329,5361.287,13641.11,1972.416,5410.779,13716.75,1983.601,5307.854,13737.29,1997.489,5443.496,13704.58,2041.628,5227.463
13767.88,2049.329,5363.325,13639.99,1972.416,5412.655,13716.01,1983.601,5309.904,13736.11,1997.489,5445.329,13703.77,2041.628,5229.488
13767.05,2049.329,5365.653,13638.9,1972.416,5414.874,13715.14,1983.601,5312.217,13734.83,1997.489,5447.447,13702.8,2041.628,5231.763
13766.29,2049.329,5367.971,13637.86,1972.416,5417.083,13714.27,1983.601,5314.496,13733.65,1997.489,5449.579,13701.81,2041.628,5233.991
13765.8,2049.329,5369.558,13637.24,1972.416,5418.618,13713.64,1983.601,5316.031,13732.89,1997.489,5451.054,13701.18,2041.628,5235.526
13765.07,2049.329,5372.174,13636.31,1972.416,5421.171,13712.55,1983.601,5318.52,13731.72,1997.489,5453.508,13699.95,2041.628,5237.948
13764.56,2049.329,5374.196,13635.53,1972.416,5423.107,13711.67,1983.601,5320.411,13730.89,1997.489,5455.422,13698.83,2041.628,5239.71
13764.05,2049.329,5375.94,13634.8,1972.416,5424.77,13710.68,1983.601,5321.93,13730.22,1997.489,5457.11,13697.84,2041.628,5241.232
13763.37,2049.329,5378.047,13633.97,1972.416,5426.826,13709.52,1983.601,5323.822,13729.28,1997.489,5459.116,13696.9,2041.628,5243.239
13762.64,2049.329,5380.065,13633.28,1972.416,5428.857,13708.47,1983.601,5325.69,13728.31,1997.489,5461.033,13695.93,2041.628,5245.152
13761.81,2049.329,5382.521,13632.37,1972.416,5431.283,13707.27,1983.601,5327.986,13727.22,1997.489,5463.385,13694.68,2041.628,5247.423
13761.04,2049.329,5384.569,13631.53,1972.416,5433.303,13706.13,1983.601,5329.852,13726.36,1997.489,5465.394,13693.5,2041.628,5249.263
13760.22,2049.329,5387.165,13630.41,1972.416,5435.784,13704.78,1983.601,5332.221,13725.04,1997.489,5467.775,13692.1,2041.628,5251.602
13759.63,2049.329,5388.808,13629.64,1972.416,5437.348,13703.86,1983.601,5333.704,13724.23,1997.489,5469.323,13691.25,2041.628,5253.127
13758.91,2049.329,5390.662,13628.7,1972.416,5439.104,13702.87,1983.601,5335.431,13723.37,1997.489,5471.119,13690.23,2041.628,5254.836
13758.02,2049.329,5392.725,13627.71,1972.416,5441.118,13701.82,1983.601,5337.414,13722.29,1997.489,5473.086,13688.84,2041.628,5256.6
13757.28,2049.329,5394.847,13626.85,1972.416,5443.194,13700.96,1983.601,5339.491,13721.27,1997.489,5475.09,13687.51,2041.628,5258.41
13756.47,2049.329,5396.938,13625.92,1972.416,5445.236,13700.04,1983.601,5341.533,13720.32,1997.489,5477.121,13686.24,2041.628,5260.258
13755.34,2049.329,5399.619,13625.02,1972.416,5448.003,13698.88,1983.601,5344.203,13719.18,1997.489,5479.797,13684.67,2041.628,5262.71
13754.92,2049.329,5401.216,13624.46,1972.416,5449.557,13698.17,1983.601,5345.695,13718.35,1997.489,5481.229,13683.83,2041.628,5264.13
13754.4,2049.329,5402.969,13623.78,1972.416,5451.255,13697.32,1983.601,5347.318,13717.5,1997.489,5482.845,13682.83,2041.628,5265.665
13753.5,2049.329,5405.647,13622.65,1972.416,5453.842,13695.87,1983.601,5349.742,13716.25,1997.489,5485.381,13681.2,2041.628,5267.967
13752.62,2049.329,5408.02,13621.56,1972.416,5456.126,13694.65,1983.601,5351.957,13715.07,1997.489,5487.62,13679.8,2041.628,5270.078
13752.34,2049.329,5408.702,13621.22,1972.416,5456.78,13694.27,1983.601,5352.587,13714.75,1997.489,5488.283,13679.42,2041.628,5270.706
13751.86,2049.329,5409.903,13620.63,1972.416,5457.936,13693.63,1983.601,5353.717,13714.22,1997.489,5489.466,13678.77,2041.628,5271.83
13751,2049.329,5411.839,13619.6,1972.416,5459.784,13692.4,1983.601,5355.437,13713.37,1997.489,5491.399,13677.58,2041.628,5273.578
13749.88,2049.329,5414.187,13618.23,1972.416,5462,13690.95,1983.601,5357.603,13712.55,1997.489,5493.874,13676.04,2041.628,5275.68
13749.73,2049.329,5414.578,13618.03,1972.416,5462.361,13690.71,1983.601,5357.938,13712.41,1997.489,5494.264,13675.76,2041.628,5275.988
13748.64,2049.329,5417.335,13616.64,1972.416,5464.982,13688.9,1983.601,5360.287,13711.55,1997.489,5497.104,13673.84,2041.628,5278.244
13748.47,2049.329,5417.729,13616.45,1972.416,5465.368,13688.64,1983.601,5360.636,13711.42,1997.489,5497.512,13673.57,2041.628,5278.58
13747.66,2049.329,5419.797,13615.54,1972.416,5467.394,13687.26,1983.601,5362.375,13710.76,1997.489,5499.634,13672.19,2041.628,5280.321
13746.89,2049.329,5421.592,13614.8,1972.416,5469.199,13686.05,1983.601,5363.907,13710.19,1997.489,5501.5,13670.89,2041.628,5281.776
13746.33,2049.329,5422.805,13614.33,1972.416,5470.452,13685.26,1983.601,5364.983,13709.76,1997.489,5502.767,13670.03,2041.628,5282.803
13745.14,2049.329,5425.151,13613.25,1972.416,5472.848,13683.77,1983.601,5367.149,13708.83,1997.489,5505.227,13668.41,2041.628,5284.875
13744.45,2049.329,5426.494,13612.49,1972.416,5474.156,13682.95,1983.601,5368.42,13708.26,1997.489,5506.622,13667.41,2041.628,5286.001
13744.13,2049.329,5427.072,13612.18,1972.416,5474.74,13682.58,1983.601,5368.965,13707.98,1997.489,5507.224,13666.98,2041.628,5286.508
13743.28,2049.329,5429.379,13611.1,1972.416,5476.945,13681.21,1983.601,5371.008,13706.89,1997.489,5509.427,13665.38,2041.628,5288.371
13742.57,2049.329,5431.155,13610.25,1972.416,5478.665,13680.2,1983.601,5372.635,13706.1,1997.489,5511.171,13664.18,2041.628,5289.862
13741.6,2049.329,5433.348,13609.06,1972.416,5480.743,13678.72,1983.601,5374.516,13704.99,1997.489,5513.296,13662.58,2041.628,5291.65
13741.04,2049.329,5434.522,13608.38,1972.416,5481.851,13677.94,1983.601,5375.556,13704.43,1997.489,5514.468,13661.75,2041.628,5292.647
13740.18,2049.329,5436.223,13607.43,1972.416,5483.506,13676.83,1983.601,5377.108,13703.63,1997.489,5516.199,13660.57,2041.628,5294.148
13738.85,2049.329,5438.701,13606.12,1972.416,5485.994,13675.26,1983.601,5379.442,13702.53,1997.489,5518.788,13658.81,2041.628,5296.346
13738.05,2049.329,5440.1,13605.41,1972.416,5487.442,13674.39,1983.601,5380.8,13701.96,1997.489,5520.295,13657.85,2041.628,5297.636
13737.62,2049.329,5440.817,13605.07,1972.416,5488.206,13673.96,1983.601,5381.516,13701.69,1997.489,5521.087,13657.37,2041.628,5298.322
13736.11,2049.329,5443.21,13603.74,1972.416,5490.706,13672.56,1983.601,5383.977,13700.69,1997.489,5523.739,13655.76,2041.628,5300.648
13735.21,2049.329,5444.556,13603.03,1972.416,5492.157,13671.8,1983.601,5385.4,13700.08,1997.489,5525.233,13654.88,2041.628,5302.006
13734.08,2049.329,5446.181,13602.21,1972.416,5493.965,13670.9,1983.601,5387.169,13699.26,1997.489,5527.04,13653.86,2041.628,5303.705
13732.45,2049.329,5448.397,13601.16,1972.416,5496.504,13669.72,1983.601,5389.652,13698.17,1997.489,5529.562,13652.52,2041.628,5306.106
13731.64,2049.329,5449.459,13600.61,1972.416,5497.725,13669.18,1983.601,5390.875,13697.59,1997.489,5530.772,13651.79,2041.628,5307.228
13730.44,2049.329,5451.129,13599.78,1972.416,5499.604,13668.28,1983.601,5392.724,13696.65,1997.489,5532.6,13650.72,2041.628,5308.985
13728.71,2049.329,5453.718,13598.77,1972.416,5502.551,13666.83,1983.601,5395.48,13695.14,1997.489,5535.323,13649.19,2041.628,5311.7
13728.44,2049.329,5454.152,13598.59,1972.416,5503.029,13666.6,1983.601,5395.938,13694.9,1997.489,5535.774,13648.96,2041.628,5312.154
13727.26,2049.329,5456.188,13597.68,1972.416,5505.199,13665.55,1983.601,5398.041,13693.78,1997.489,5537.843,13647.94,2041.628,5314.274
13726.29,2049.329,5458,13596.83,1972.416,5507.068,13664.89,1983.601,5399.987,13692.63,1997.489,5539.544,13647.05,2041.628,5316.127
13725.33,2049.329,5459.834,13595.91,1972.416,5508.921,13664.16,1983.601,5401.923,13691.52,1997.489,5541.293,13646.17,2041.628,5318
13724.22,2049.329,5461.579,13594.93,1972.416,5510.744,13663.37,1983.601,5403.836,13690.48,1997.489,5543.079,13645.36,2041.628,5319.904
13723.15,2049.329,5463.374,13593.88,1972.416,5512.549,13662.51,1983.601,5405.742,13689.36,1997.489,5544.844,13644.6,2041.628,5321.849
13722.14,2049.329,5465.208,13592.8,1972.416,5514.344,13661.59,1983.601,5407.623,13688.3,1997.489,5546.65,13643.77,2041.628,5323.772
13721.19,2049.329,5467.079,13591.7,1972.416,5516.131,13660.73,1983.601,5409.538,13687.01,1997.489,5548.303,13642.88,2041.628,5325.674
13720.17,2049.329,5468.926,13590.53,1972.416,5517.889,13659.81,1983.601,5411.434,13685.76,1997.489,5550.005,13641.93,2041.628,5327.558
13719.34,2049.329,5470.873,13589.58,1972.416,5519.78,13658.97,1983.601,5413.375,13684.57,1997.489,5551.753,13641.04,2041.628,5329.478
13718.44,2049.329,5472.799,13588.57,1972.416,5521.647,13658.29,1983.601,5415.391,13683.43,1997.489,5553.547,13640.22,2041.628,5331.434
13717.17,2049.329,5475.343,13587.44,1972.416,5524.261,13657.3,1983.601,5418.059,13681.98,1997.489,5555.998,13639.19,2041.628,5334.089
13716.64,2049.329,5476.244,13587,1972.416,5525.205,13656.91,1983.601,5419.023,13681.47,1997.489,5556.903,13638.74,2041.628,5335.028
13714.94,2049.329,5479.396,13585.37,1972.416,5528.394,13655.45,1983.601,5422.291,13679.79,1997.489,5560.067,13637.29,2041.628,5338.303
13713.68,2049.329,5481.926,13584.21,1972.416,5530.974,13654.21,1983.601,5424.832,13678.55,1997.489,5562.608,13636.06,2041.628,5340.85
13712.78,2049.329,5483.895,13583.3,1972.416,5532.936,13653.19,1983.601,5426.746,13677.67,1997.489,5564.583,13635.22,2041.628,5342.843
13712.23,2049.329,5485.192,13582.55,1972.416,5534.129,13652.58,1983.601,5428.011,13677.05,1997.489,5565.849,13634.63,2041.628,5344.121
13712.01,2049.329,5485.686,13582.28,1972.416,5534.598,13652.35,1983.601,5428.507,13676.79,1997.489,5566.329,13634.4,2041.628,5344.616
13710.51,2049.329,5488.672,13580.69,1972.416,5537.537,13651.15,1983.601,5431.621,13674.95,1997.489,5569.117,13632.97,2041.628,5347.636
13709.66,2049.329,5490.548,13579.65,1972.416,5539.317,13650.34,1983.601,5433.517,13673.77,1997.489,5570.807,13632.15,2041.628,5349.527
13708.51,2049.329,5493.136,13578.15,1972.416,5541.713,13649.15,1983.601,5436.082,13672.23,1997.489,5573.179,13631.11,2041.628,5352.158
13707.16,2049.329,5496.139,13576.3,1972.416,5544.444,13647.65,1983.601,5439.018,13670.53,1997.489,5576,13629.8,2041.628,5355.181
13706.13,2049.329,5498.521,13574.63,1972.416,5546.424,13646.55,1983.601,5441.367,13669.02,1997.489,5578.112,13628.7,2041.628,5357.527
13705.94,2049.329,5498.92,13574.35,1972.416,5546.77,13646.35,1983.601,5441.764,13668.78,1997.489,5578.479,13628.52,2041.628,5357.933
13705.48,2049.329,5499.809,13573.76,1972.416,5547.571,13645.94,1983.601,5442.674,13668.15,1997.489,5579.255,13628.17,2041.628,5358.866
13703.69,2049.329,5503.042,13571.74,1972.416,5550.669,13644.54,1983.601,5446.092,13665.92,1997.489,5582.201,13626.74,2041.628,5362.276
13703.27,2049.329,5504.146,13571.12,1972.416,5551.676,13644.06,1983.601,5447.173,13665.23,1997.489,5583.168,13626.32,2041.628,5363.383
13702.28,2049.329,5506.469,13569.72,1972.416,5553.776,13643.04,1983.601,5449.484,13663.84,1997.489,5585.275,13625.35,2041.628,5365.711
13701.5,2049.329,5508.443,13568.57,1972.416,5555.562,13642.25,1983.601,5451.456,13662.73,1997.489,5587.084,13624.47,2041.628,5367.642
13700.57,2049.329,5510.584,13567.37,1972.416,5557.565,13641.32,1983.601,5453.594,13661.58,1997.489,5589.113,13623.57,2041.628,5369.796
13700.11,2049.329,5512.052,13566.62,1972.416,5558.903,13640.75,1983.601,5455.021,13660.74,1997.489,5590.4,13622.93,2041.628,5371.194
13699.26,2049.329,5514.508,13565.46,1972.416,5561.229,13639.57,1983.601,5457.337,13659.39,1997.489,5592.621,13621.92,2041.628,5373.592
13698.5,2049.329,5516.5,13564.46,1972.416,5563.117,13638.66,1983.601,5459.27,13658.34,1997.489,5594.479,13621.04,2041.628,5375.533
13697.43,2049.329,5519.027,13563.1,1972.416,5565.5,13637.29,1983.601,5461.644,13657.07,1997.489,5596.912,13619.82,2041.628,5377.989
13696.83,2049.329,5520.457,13562.24,1972.416,5566.786,13636.56,1983.601,5463.012,13656.4,1997.489,5598.311,13619.08,2041.628,5379.355
13695.9,2049.329,5523.29,13560.65,1972.416,5569.309,13635.14,1983.601,5465.636,13655.02,1997.489,5600.954,13617.26,2041.628,5381.718
13695.59,2049.329,5524.14,13560.19,1972.416,5570.089,13634.66,1983.601,5466.397,13654.63,1997.489,5601.769,13616.74,2041.628,5382.452
13695.11,2049.329,5525.355,13559.57,1972.416,5571.241,13633.9,1983.601,5467.466,13654.1,1997.489,5602.967,13616.01,2041.628,5383.54
13694.04,2049.329,5527.791,13558.38,1972.416,5573.62,13632.44,1983.601,5469.688,13653.3,1997.489,5605.502,13614.64,2041.628,5385.82
13693.56,2049.329,5528.818,13557.91,1972.416,5574.65,13631.84,1983.601,5470.654,13652.92,1997.489,5606.571,13614.02,2041.628,5386.771
13692.93,2049.329,5530.281,13557.29,1972.416,5576.115,13631.06,1983.601,5472.036,13652.34,1997.489,5608.051,13613.2,2041.628,5388.134
13692.15,2049.329,5532.351,13556.5,1972.416,5578.183,13630.03,1983.601,5473.995,13651.47,1997.489,5610.086,13612.08,2041.628,5390.042
13691.3,2049.329,5534.386,13555.74,1972.416,5580.251,13628.92,1983.601,5475.9,13650.53,1997.489,5612.081,13610.8,2041.628,5391.833
13691.18,2049.329,5534.656,13555.63,1972.416,5580.526,13628.75,1983.601,5476.145,13650.41,1997.489,5612.353,13610.63,2041.628,5392.079
13690.37,2049.329,5536.484,13555.07,1972.416,5582.448,13627.61,1983.601,5477.79,13649.39,1997.489,5614.074,13609.63,2041.628,5393.813
13689.75,2049.329,5537.778,13554.63,1972.416,5583.812,13626.83,1983.601,5478.991,13648.7,1997.489,5615.331,13608.88,2041.628,5395.031
13689.47,2049.329,5538.324,13554.42,1972.416,5584.389,13626.51,1983.601,5479.513,13648.43,1997.489,5615.877,13608.54,2041.628,5395.541
13688.42,2049.329,5540.266,13553.6,1972.416,5586.442,13625.4,1983.601,5481.423,13647.49,1997.489,5617.88,13607.08,2041.628,5397.202
13687.9,2049.329,5541.167,13553.19,1972.416,5587.394,13624.9,1983.601,5482.333,13647.07,1997.489,5618.829,13606.42,2041.628,5398.005
13687.1,2049.329,5542.481,13552.52,1972.416,5588.783,13624.19,1983.601,5483.696,13646.4,1997.489,5620.213,13605.48,2041.628,5399.226
13686.26,2049.329,5543.793,13551.84,1972.416,5590.183,13623.5,1983.601,5485.094,13645.9,1997.489,5621.691,13604.58,2041.628,5400.493
13685.08,2049.329,5545.553,13550.96,1972.416,5592.116,13622.6,1983.601,5487.017,13645.17,1997.489,5623.68,13603.4,2041.628,5402.257
13684.66,2049.329,5546.218,13550.67,1972.416,5592.841,13622.25,1983.601,5487.717,13644.87,1997.489,5624.407,13602.98,2041.628,5402.923
13683.44,2049.329,5548.324,13549.81,1972.416,5595.122,13621.08,1983.601,5489.854,13643.87,1997.489,5626.63,13601.53,2041.628,5404.88
13682.92,2049.329,5549.28,13549.54,1972.416,5596.174,13620.53,1983.601,5490.789,13643.46,1997.489,5627.634,13600.92,2041.628,5405.773
13682.05,2049.329,5551.043,13549,1972.416,5598.067,13619.65,1983.601,5492.55,13642.65,1997.489,5629.43,13599.8,2041.628,5407.396
13680.77,2049.329,5553.367,13548.19,1972.416,5600.589,13618.38,1983.601,5494.881,13641.41,1997.489,5631.769,13598.37,2041.628,5409.629
13679.9,2049.329,5555.086,13547.53,1972.416,5602.403,13617.47,1983.601,5496.576,13640.51,1997.489,5633.477,13597.21,2041.628,5411.167
13679.22,2049.329,5556.601,13546.92,1972.416,5603.947,13616.63,1983.601,5498.01,13639.79,1997.489,5634.973,13596.25,2041.628,5412.524
13679.02,2049.329,5556.998,13546.76,1972.416,5604.359,13616.41,1983.601,5498.396,13639.6,1997.489,5635.37,13596.01,2041.628,5412.892
13678.18,2049.329,5558.636,13546.05,1972.416,5606.058,13615.56,1983.601,5500.029,13638.6,1997.489,5636.918,13594.88,2041.628,5414.349
13677.16,2049.329,5560.505,13545.16,1972.416,5607.996,13614.62,1983.601,5501.941,13637.5,1997.489,5638.748,13593.63,2041.628,5416.078
13676.74,2049.329,5561.334,13544.75,1972.416,5608.828,13614.18,1983.601,5502.762,13636.99,1997.489,5639.523,13593.11,2041.628,5416.849
13675.47,2049.329,5563.637,13543.66,1972.416,5611.219,13613.17,1983.601,5505.186,13635.61,1997.489,5641.759,13591.72,2041.628,5419.074
13674.63,2049.329,5565.303,13542.83,1972.416,5612.894,13612.4,1983.601,5506.885,13634.69,1997.489,5643.381,13590.78,2041.628,5420.688
13673.91,2049.329,5566.762,13542.07,1972.416,5614.328,13611.82,1983.601,5508.404,13633.93,1997.489,5644.817,13589.91,2041.628,5422.064
13673.27,2049.329,5567.979,13541.38,1972.416,5615.52,13611.29,1983.601,5509.673,13633.32,1997.489,5646.052,13589.22,2041.628,5423.251
13672.56,2049.329,5569.442,13540.62,1972.416,5616.955,13610.61,1983.601,5511.151,13632.59,1997.489,5647.507,13588.44,2041.628,5424.682
13671.69,2049.329,5571.41,13539.43,1972.416,5618.753,13609.65,1983.601,5513.079,13631.57,1997.489,5649.401,13587.48,2041.628,5426.608
13671.24,2049.329,5572.319,13538.9,1972.416,5619.615,13609.23,1983.601,5513.998,13631.09,1997.489,5650.292,13586.91,2041.628,5427.443
13670.35,2049.329,5574.023,13537.88,1972.416,5621.247,13608.37,1983.601,5515.722,13630.13,1997.489,5651.961,13585.88,2041.628,5429.07
13670.1,2049.329,5574.43,13537.64,1972.416,5621.659,13608.14,1983.601,5516.142,13629.89,1997.489,5652.373,13585.64,2041.628,5429.481
13669.13,2049.329,5576.121,13536.67,1972.416,5623.344,13607.17,1983.601,5517.823,13629.04,1997.489,5654.122,13584.56,2041.628,5431.099
13668.36,2049.329,5577.287,13536,1972.416,5624.58,13606.45,1983.601,5519.031,13628.54,1997.489,5655.434,13583.81,2041.628,5432.286
13667.65,2049.329,5578.343,13535.44,1972.416,5625.716,13605.82,1983.601,5520.128,13628.05,1997.489,5656.604,13582.99,2041.628,5433.254
13666.85,2049.329,5579.644,13534.81,1972.416,5627.109,13605.01,1983.601,5521.428,13627.46,1997.489,5658.011,13582.04,2041.628,5434.455
13666.21,2049.329,5580.76,13534.24,1972.416,5628.264,13604.45,1983.601,5522.584,13626.98,1997.489,5659.208,13581.28,2041.628,5435.49
13665.9,2049.329,5581.342,13533.97,1972.416,5628.864,13604.14,1983.601,5523.167,13626.72,1997.489,5659.813,13580.91,2041.628,5436.033
13665.19,2049.329,5582.781,13533.35,1972.416,5630.345,13603.34,1983.601,5524.558,13626.03,1997.489,5661.262,13580.04,2041.628,5437.382
13665.02,2049.329,5583.109,13533.2,1972.416,5630.683,13603.16,1983.601,5524.88,13625.87,1997.489,5661.593,13579.85,2041.628,5437.701
13664.31,2049.329,5584.553,13532.49,1972.416,5632.125,13602.41,1983.601,5526.304,13625,1997.489,5662.949,13579.07,2041.628,5439.108
13663.88,2049.329,5585.371,13532.05,1972.416,5632.941,13602.01,1983.601,5527.137,13624.53,1997.489,5663.746,13578.65,2041.628,5439.933
13663.21,2049.329,5586.582,13531.5,1972.416,5634.212,13601.37,1983.601,5528.364,13623.87,1997.489,5664.961,13578.06,2041.628,5441.187
13662.6,2049.329,5587.686,13530.96,1972.416,5635.351,13600.82,1983.601,5529.498,13623.3,1997.489,5666.085,13577.61,2041.628,5442.36
13661.85,2049.329,5588.741,13530.37,1972.416,5636.503,13600.29,1983.601,5530.682,13622.67,1997.489,5667.221,13577.11,2041.628,5443.556
13661.11,2049.329,5589.847,13529.82,1972.416,5637.709,13599.72,1983.601,5531.882,13622,1997.489,5668.363,13576.78,2041.628,5444.842
13660.4,2049.329,5591.002,13529.21,1972.416,5638.925,13599.12,1983.601,5533.099,13621.23,1997.489,5669.48,13576.41,2041.628,5446.148
13659.63,2049.329,5592.165,13528.55,1972.416,5640.151,13598.37,1983.601,5534.275,13620.47,1997.489,5670.652,13575.98,2041.628,5447.474
13658.89,2049.329,5593.376,13527.89,1972.416,5641.409,13597.65,1983.601,5535.499,13619.74,1997.489,5671.873,13575.49,2041.628,5448.811
13657.92,2049.329,5595.062,13526.93,1972.416,5643.097,13596.72,1983.601,5537.202,13618.8,1997.489,5673.569,13574.78,2041.628,5450.615
13657.39,2049.329,5596.081,13526.33,1972.416,5644.08,13596.2,1983.601,5538.229,13618.27,1997.489,5674.592,13574.31,2041.628,5451.67
13656.73,2049.329,5597.252,13525.6,1972.416,5645.203,13595.63,1983.601,5539.446,13617.62,1997.489,5675.764,13573.74,2041.628,5452.882
13655.73,2049.329,5599.197,13524.46,1972.416,5647.075,13594.67,1983.601,5541.413,13616.49,1997.489,5677.64,13572.83,2041.628,5454.874
13654.71,2049.329,5601.029,13523.32,1972.416,5648.836,13593.81,1983.601,5543.328,13615.47,1997.489,5679.473,13571.97,2041.628,5456.786
13654.42,2049.329,5601.582,13522.96,1972.416,5649.344,13593.54,1983.601,5543.886,13615.15,1997.489,5680.005,13571.73,2041.628,5457.36
13653.66,2049.329,5602.945,13522.1,1972.416,5650.646,13592.8,1983.601,5545.261,13614.5,1997.489,5681.426,13571.08,2041.628,5458.782
13652.87,2049.329,5604.286,13521.28,1972.416,5651.97,13592.06,1983.601,5546.632,13613.81,1997.489,5682.82,13570.41,2041.628,5460.187
13652.12,2049.329,5605.492,13520.58,1972.416,5653.201,13591.43,1983.601,5547.903,13613.14,1997.489,5684.07,13569.87,2041.628,5461.499
13651.35,2049.329,5606.838,13519.85,1972.416,5654.574,13590.7,1983.601,5549.271,13612.36,1997.489,5685.414,13569.24,2041.628,5462.916
13650.61,2049.329,5608.146,13519.17,1972.416,5655.916,13589.95,1983.601,5550.574,13611.65,1997.489,5686.738,13568.74,2041.628,5464.335
13649.92,2049.329,5609.43,13518.62,1972.416,5657.262,13589.25,1983.601,5551.854,13611,1997.489,5688.042,13568.21,2041.628,5465.693
13649.08,2049.329,5610.566,13518.14,1972.416,5658.592,13588.46,1983.601,5553.025,13610.41,1997.489,5689.329,13567.74,2041.628,5467.024
13648.26,2049.329,5611.663,13517.79,1972.416,5659.919,13587.66,1983.601,5554.136,13609.8,1997.489,5690.558,13567.23,2041.628,5468.299
13647.38,2049.329,5612.872,13517.37,1972.416,5661.352,13586.82,1983.601,5555.374,13609.18,1997.489,5691.917,13566.64,2041.628,5469.67
13646.66,2049.329,5613.867,13516.98,1972.416,5662.517,13586.07,1983.601,5556.346,13608.71,1997.489,5693.05,13566.11,2041.628,5470.78
13645.87,2049.329,5614.888,13516.54,1972.416,5663.73,13585.31,1983.601,5557.395,13608.25,1997.489,5694.257,13565.52,2041.628,5471.929
13645.38,2049.329,5615.564,13516.22,1972.416,5664.505,13584.85,1983.601,5558.088,13607.98,1997.489,5695.046,13565.12,2041.628,5472.659
13644.35,2049.329,5617.084,13515.48,1972.416,5666.183,13583.87,1983.601,5559.636,13607.43,1997.489,5696.798,13564.17,2041.628,5474.232
13643.78,2049.329,5617.994,13515.08,1972.416,5667.18,13583.3,1983.601,5560.551,13607.08,1997.489,5697.814,13563.59,2041.628,5475.135
13643.57,2049.329,5618.293,13514.96,1972.416,5667.525,13583.1,1983.601,5560.857,13606.95,1997.489,5698.157,13563.4,2041.628,5475.45
13642.57,2049.329,5619.805,13514.56,1972.416,5669.294,13581.94,1983.601,5562.248,13606.25,1997.489,5699.827,13562.6,2041.628,5477.077
13642.04,2049.329,5620.673,13514.31,1972.416,5670.281,13581.31,1983.601,5563.05,13605.88,1997.489,5700.777,13562.13,2041.628,5477.977
13641.46,2049.329,5621.452,13514.04,1972.416,5671.212,13580.74,1983.601,5563.833,13605.56,1997.489,5701.692,13561.64,2041.628,5478.817
13641.1,2049.329,5621.979,13513.84,1972.416,5671.82,13580.38,1983.601,5564.361,13605.37,1997.489,5702.302,13561.31,2041.628,5479.361
13640.43,2049.329,5623.008,13513.43,1972.416,5672.972,13579.72,1983.601,5565.394,13605.04,1997.489,5703.481,13560.77,2041.628,5480.46
13640.28,2049.329,5623.267,13513.32,1972.416,5673.252,13579.57,1983.601,5565.654,13604.97,1997.489,5703.774,13560.63,2041.628,5480.727
13639.55,2049.329,5624.431,13512.77,1972.416,5674.511,13578.81,1983.601,5566.798,13604.68,1997.489,5705.116,13560.01,2041.628,5481.951
13639.21,2049.329,5624.973,13512.54,1972.416,5675.11,13578.47,1983.601,5567.347,13604.53,1997.489,5705.742,13559.75,2041.628,5482.541
13638.76,2049.329,5625.67,13512.26,1972.416,5675.887,13578.03,1983.601,5568.044,13604.3,1997.489,5706.537,13559.39,2041.628,5483.285
13638.36,2049.329,5626.361,13512.01,1972.416,5676.65,13577.63,1983.601,5568.736,13604.06,1997.489,5707.301,13559.02,2041.628,5483.996
13637.98,2049.329,5627.045,13511.77,1972.416,5677.391,13577.25,1983.601,5569.421,13603.8,1997.489,5708.036,13558.64,2041.628,5484.675
13637.64,2049.329,5627.716,13511.51,1972.416,5678.097,13576.87,1983.601,5570.069,13603.57,1997.489,5708.751,13558.28,2041.628,5485.334
13637.34,2049.329,5628.376,13511.28,1972.416,5678.789,13576.52,1983.601,5570.709,13603.32,1997.489,5709.437,13557.92,2041.628,5485.971
13636.96,2049.329,5629.234,13511.13,1972.416,5679.712,13576.02,1983.601,5571.498,13603.13,1997.489,5710.353,13557.4,2041.628,5486.748
13636.84,2049.329,5629.546,13511.06,1972.416,5680.042,13575.82,1983.601,5571.769,13603.05,1997.489,5710.68,13557.22,2041.628,5487.033
13636.52,2049.329,5630.266,13510.88,1972.416,5680.806,13575.38,1983.601,5572.417,13602.86,1997.489,5711.442,13556.83,2041.628,5487.713
13636.25,2049.329,5631.004,13510.68,1972.416,5681.566,13574.95,1983.601,5573.08,13602.7,1997.489,5712.212,13556.46,2041.628,5488.408
13636.08,2049.329,5631.421,13510.57,1972.416,5682.004,13574.72,1983.601,5573.467,13602.59,1997.489,5712.649,13556.24,2041.628,5488.798
13635.88,2049.329,5632.256,13510.46,1972.416,5682.854,13574.29,1983.601,5574.208,13602.35,1997.489,5713.473,13555.78,2041.628,5489.526
13635.79,2049.329,5632.633,13510.4,1972.416,5683.237,13574.09,1983.601,5574.541,13602.26,1997.489,5713.85,13555.59,2041.628,5489.862
13635.65,2049.329,5633.159,13510.29,1972.416,5683.771,13573.83,1983.601,5575.016,13602.15,1997.489,5714.381,13555.3,2041.628,5490.324
13635.48,2049.329,5633.727,13510.24,1972.416,5684.36,13573.56,1983.601,5575.542,13602,1997.489,5714.957,13554.97,2041.628,5490.815
13635.32,2049.329,5634.35,13510.15,1972.416,5685,13573.2,1983.601,5576.079,13601.87,1997.489,5715.588,13554.63,2041.628,5491.361
13635.11,2049.329,5635.015,13510.04,1972.416,5685.686,13572.83,1983.601,5576.668,13601.74,1997.489,5716.271,13554.26,2041.628,5491.95
13634.68,2049.329,5636.271,13509.78,1972.416,5686.989,13572.16,1983.601,5577.817,13601.55,1997.489,5717.584,13553.59,2041.628,5493.096
13634.62,2049.329,5636.471,13509.74,1972.416,5687.192,13572.07,1983.601,5578.001,13601.52,1997.489,5717.792,13553.49,2041.628,5493.279
13634.12,2049.329,5637.518,13509.44,1972.416,5688.317,13571.55,1983.601,5579.044,13601.42,1997.489,5718.951,13552.79,2041.628,5494.214
13633.87,2049.329,5638.064,13509.31,1972.416,5688.9,13571.27,1983.601,5579.573,13601.35,1997.489,5719.545,13552.45,2041.628,5494.706
13633.54,2049.329,5638.888,13509.14,1972.416,5689.773,13570.86,1983.601,5580.363,13601.22,1997.489,5720.424,13551.97,2041.628,5495.453
13633.17,2049.329,5639.746,13508.99,1972.416,5690.697,13570.45,1983.601,5581.203,13601.05,1997.489,5721.344,13551.49,2041.628,5496.255
13632.7,2049.329,5640.763,13508.78,1972.416,5691.794,13569.99,1983.601,5582.219,13600.81,1997.489,5722.436,13550.95,2041.628,5497.232
13632.34,2049.329,5641.509,13508.6,1972.416,5692.605,13569.66,1983.601,5582.981,13600.63,1997.489,5723.245,13550.57,2041.628,5497.969
13632.03,2049.329,5642.131,13508.44,1972.416,5693.283,13569.4,1983.601,5583.629,13600.46,1997.489,5723.921,13550.27,2041.628,5498.601
13631.63,2049.329,5642.862,13508.29,1972.416,5694.1,13569.11,1983.601,5584.406,13600.28,1997.489,5724.733,13549.94,2041.628,5499.362
13631.28,2049.329,5643.581,13508.13,1972.416,5694.885,13568.83,1983.601,5585.159,13600.15,1997.489,5725.524,13549.64,2041.628,5500.108
13630.96,2049.329,5644.285,13507.99,1972.416,5695.646,13568.54,1983.601,5585.875,13599.99,1997.489,5726.282,13549.37,2041.628,5500.83
13630.66,2049.329,5644.979,13507.83,1972.416,5696.384,13568.24,1983.601,5586.563,13599.82,1997.489,5727.014,13549.08,2041.628,5501.526
13630.4,2049.329,5645.657,13507.66,1972.416,5697.09,13567.95,1983.601,5587.233,13599.62,1997.489,5727.715,13548.9,2041.628,5502.231
13630.17,2049.329,5646.325,13507.57,1972.416,5697.791,13567.7,1983.601,5587.894,13599.53,1997.489,5728.417,13548.7,2041.628,5502.911
13629.93,2049.329,5646.971,13507.5,1972.416,5698.474,13567.42,1983.601,5588.521,13599.41,1997.489,5729.093,13548.51,2041.628,5503.569
13629.73,2049.329,5647.602,13507.41,1972.416,5699.131,13567.16,1983.601,5589.129,13599.37,1997.489,5729.755,13548.3,2041.628,5504.198
13629.55,2049.329,5648.221,13507.29,1972.416,5699.764,13566.92,1983.601,5589.728,13599.31,1997.489,5730.396,13548.08,2041.628,5504.803
13629.36,2049.329,5648.854,13507.19,1972.416,5700.418,13566.69,1983.601,5590.35,13599.22,1997.489,5731.053,13547.86,2041.628,5505.428
13629.07,2049.329,5649.724,13506.97,1972.416,5701.31,13566.4,1983.601,5591.218,13599.08,1997.489,5731.959,13547.57,2041.628,5506.298
13629,2049.329,5649.92,13506.93,1972.416,5701.514,13566.33,1983.601,5591.417,13599.04,1997.489,5732.164,13547.49,2041.628,5506.489
13628.69,2049.329,5650.735,13506.72,1972.416,5702.359,13566.1,1983.601,5592.256,13598.84,1997.489,5733.014,13547.13,2041.628,5507.286
13628.52,2049.329,5651.228,13506.55,1972.416,5702.852,13565.94,1983.601,5592.752,13598.76,1997.489,5733.528,13546.94,2041.628,5507.77
13628.46,2049.329,5651.427,13506.48,1972.416,5703.05,13565.87,1983.601,5592.949,13598.72,1997.489,5733.733,13546.86,2041.628,5507.963
13628.25,2049.329,5652.2,13506.27,1972.416,5703.822,13565.62,1983.601,5593.712,13598.61,1997.489,5734.526,13546.55,2041.628,5508.701
13628.1,2049.329,5652.619,13506.17,1972.416,5704.252,13565.47,1983.601,5594.129,13598.53,1997.489,5734.962,13546.39,2041.628,5509.114
13627.97,2049.329,5653.061,13506.02,1972.416,5704.692,13565.3,1983.601,5594.559,13598.47,1997.489,5735.42,13546.24,2041.628,5509.551
13627.81,2049.329,5653.522,13505.88,1972.416,5705.159,13565.13,1983.601,5595.015,13598.39,1997.489,5735.901,13546.1,2041.628,5510.017
13627.71,2049.329,5653.818,13505.81,1972.416,5705.463,13565.03,1983.601,5595.313,13598.35,1997.489,5736.213,13546.03,2041.628,5510.323
13627.4,2049.329,5654.628,13505.62,1972.416,5706.31,13564.77,1983.601,5596.141,13598.2,1997.489,5737.068,13545.81,2041.628,5511.162
13627.33,2049.329,5654.825,13505.58,1972.416,5706.515,13564.74,1983.601,5596.346,13598.16,1997.489,5737.272,13545.75,2041.628,5511.361
13627.1,2049.329,5655.581,13505.42,1972.416,5707.291,13564.59,1983.601,5597.123,13597.98,1997.489,5738.042,13545.49,2041.628,5512.109
13627,2049.329,5655.933,13505.39,1972.416,5707.653,13564.53,1983.601,5597.484,13597.9,1997.489,5738.399,13545.38,2041.628,5512.458
13626.88,2049.329,5656.432,13505.31,1972.416,5708.161,13564.48,1983.601,5597.994,13597.81,1997.489,5738.903,13545.25,2041.628,5512.952
13626.78,2049.329,5656.917,13505.24,1972.416,5708.651,13564.42,1983.601,5598.486,13597.74,1997.489,5739.395,13545.13,2041.628,5513.435
13626.69,2049.329,5657.393,13505.15,1972.416,5709.126,13564.38,1983.601,5598.968,13597.65,1997.489,5739.871,13545.03,2041.628,5513.907
13626.62,2049.329,5657.857,13505.03,1972.416,5709.581,13564.34,1983.601,5599.436,13597.57,1997.489,5740.333,13544.95,2041.628,5514.37
13626.52,2049.329,5658.354,13504.91,1972.416,5710.074,13564.28,1983.601,5599.939,13597.4,1997.489,5740.81,13544.88,2041.628,5514.872
13626.46,2049.329,5658.769,13504.8,1972.416,5710.48,13564.28,1983.601,5600.36,13597.27,1997.489,5741.209,13544.78,2041.628,5515.282
13626.38,2049.329,5659.202,13504.71,1972.416,5710.908,13564.26,1983.601,5600.798,13597.15,1997.489,5741.631,13544.7,2041.628,5515.713
13626.32,2049.329,5659.6,13504.65,1972.416,5711.307,13564.23,1983.601,5601.201,13597.05,1997.489,5742.022,13544.63,2041.628,5516.111
13626.27,2049.329,5659.953,13504.62,1972.416,5711.662,13564.19,1983.601,5601.555,13596.96,1997.489,5742.366,13544.57,2041.628,5516.461
13626.2,2049.329,5660.356,13504.57,1972.416,5712.068,13564.19,1983.601,5601.964,13596.86,1997.489,5742.765,13544.49,2041.628,5516.863
13626.06,2049.329,5660.907,13504.48,1972.416,5712.629,13564.18,1983.601,5602.532,13596.75,1997.489,5743.322,13544.39,2041.628,5517.422
13626.02,2049.329,5661.11,13504.44,1972.416,5712.833,13564.17,1983.601,5602.74,13596.72,1997.489,5743.527,13544.37,2041.628,5517.629
13625.93,2049.329,5661.612,13504.36,1972.416,5713.337,13564.17,1983.601,5603.25,13596.62,1997.489,5744.028,13544.27,2041.628,5518.129
13625.89,2049.329,5661.854,13504.31,1972.416,5713.578,13564.16,1983.601,5603.495,13596.58,1997.489,5744.27,13544.23,2041.628,5518.371
13625.81,2049.329,5662.24,13504.25,1972.416,5713.966,13564.14,1983.601,5603.887,13596.58,1997.489,5744.663,13544.18,2041.628,5518.761
13625.77,2049.329,5662.445,13504.23,1972.416,5714.173,13564.12,1983.601,5604.094,13596.56,1997.489,5744.871,13544.16,2041.628,5518.968
13625.71,2049.329,5662.891,13504.19,1972.416,5714.623,13564.13,1983.601,5604.545,13596.52,1997.489,5745.319,13544.09,2041.628,5519.414
13625.66,2049.329,5663.132,13504.17,1972.416,5714.868,13564.13,1983.601,5604.791,13596.51,1997.489,5745.565,13544.06,2041.628,5519.658
13625.62,2049.329,5663.418,13504.15,1972.416,5715.157,13564.12,1983.601,5605.08,13596.48,1997.489,5745.853,13544.03,2041.628,5519.946
13625.57,2049.329,5663.798,13504.18,1972.416,5715.539,13564.09,1983.601,5605.462,13596.45,1997.489,5746.235,13544.01,2041.628,5520.328
13625.55,2049.329,5664.005,13504.19,1972.416,5715.747,13564.08,1983.601,5605.67,13596.45,1997.489,5746.443,13543.99,2041.628,5520.536
13625.52,2049.329,5664.417,13504.25,1972.416,5716.156,13564.05,1983.601,5606.082,13596.45,1997.489,5746.856,13543.97,2041.628,5520.948
13625.51,2049.329,5664.625,13504.27,1972.416,5716.364,13564.04,1983.601,5606.29,13596.43,1997.489,5747.064,13543.95,2041.628,5521.155
13625.5,2049.329,5664.917,13504.29,1972.416,5716.655,13564.04,1983.601,5606.582,13596.41,1997.489,5747.355,13543.93,2041.628,5521.447
13625.47,2049.329,5665.267,13504.3,1972.416,5717.006,13564.04,1983.601,5606.933,13596.4,1997.489,5747.706,13543.93,2041.628,5521.798
13625.42,2049.329,5665.567,13504.31,1972.416,5717.31,13564.06,1983.601,5607.236,13596.39,1997.489,5748.01,13543.88,2041.628,5522.099
13625.34,2049.329,5666.247,13504.36,1972.416,5717.994,13564.09,1983.601,5607.92,13596.38,1997.489,5748.695,13543.8,2041.628,5522.779
13625.31,2049.329,5666.554,13504.37,1972.416,5718.302,13564.1,1983.601,5608.229,13596.42,1997.489,5749.001,13543.78,2041.628,5523.087
13625.26,2049.329,5667.467,13504.43,1972.416,5719.215,13564.08,1983.601,5609.144,13596.52,1997.489,5749.911,13543.73,2041.628,5524.001
13625.25,2049.329,5667.891,13504.47,1972.416,5719.637,13564.09,1983.601,5609.567,13596.55,1997.489,5750.333,13543.69,2041.628,5524.422
13625.25,2049.329,5668.724,13504.51,1972.416,5720.468,13564.09,1983.601,5610.4,13596.59,1997.489,5751.165,13543.63,2041.628,5525.253
13625.29,2049.329,5669.685,13504.59,1972.416,5721.427,13564.07,1983.601,5611.361,13596.61,1997.489,5752.126,13543.56,2041.628,5526.212
13625.3,2049.329,5670.125,13504.63,1972.416,5721.866,13564.05,1983.601,5611.801,13596.64,1997.489,5752.566,13543.55,2041.628,5526.653
13625.33,2049.329,5671.01,13504.84,1972.416,5722.726,13564.02,1983.601,5612.686,13596.72,1997.489,5753.448,13543.51,2041.628,5527.537
13625.32,2049.329,5671.903,13505.03,1972.416,5723.6,13563.96,1983.601,5613.578,13596.83,1997.489,5754.334,13543.42,2041.628,5528.426
13625.29,2049.329,5672.591,13505.21,1972.416,5724.262,13563.93,1983.601,5614.265,13596.94,1997.489,5755.014,13543.37,2041.628,5529.113
13625.21,2049.329,5673.928,13505.54,1972.416,5725.562,13563.92,1983.601,5615.604,13597.19,1997.489,5756.33,13543.33,2041.628,5530.452
13625.2,2049.329,5674.505,13505.66,1972.416,5726.125,13563.94,1983.601,5616.182,13597.31,1997.489,5756.893,13543.33,2041.628,5531.029
13625.2,2049.329,5675.321,13505.81,1972.416,5726.928,13564.05,1983.601,5616.989,13597.52,1997.489,5757.683,13543.35,2041.628,5531.844
13625.23,2049.329,5676.109,13505.92,1972.416,5727.708,13564.14,1983.601,5617.773,13597.74,1997.489,5758.441,13543.4,2041.628,5532.632
13625.27,2049.329,5676.872,13506.06,1972.416,5728.459,13564.23,1983.601,5618.531,13597.93,1997.489,5759.181,13543.48,2041.628,5533.392
13625.34,2049.329,5677.613,13506.22,1972.416,5729.186,13564.35,1983.601,5619.267,13598.09,1997.489,5759.908,13543.57,2041.628,5534.13
13625.43,2049.329,5678.324,13506.4,1972.416,5729.88,13564.43,1983.601,5619.978,13598.26,1997.489,5760.604,13543.69,2041.628,5534.837
13625.54,2049.329,5679.011,13506.55,1972.416,5730.56,13564.54,1983.601,5620.665,13598.5,1997.489,5761.255,13543.78,2041.628,5535.527
13625.67,2049.329,5679.673,13506.72,1972.416,5731.213,13564.68,1983.601,5621.325,13598.71,1997.489,5761.895,13543.89,2041.628,5536.192
13625.77,2049.329,5680.318,13506.82,1972.416,5731.858,13564.79,1983.601,5621.968,13598.9,1997.489,5762.52,13544,2041.628,5536.836
13625.83,2049.329,5681.088,13506.93,1972.416,5732.623,13565.02,1983.601,5622.706,13599.1,1997.489,5763.266,13544.16,2041.628,5537.593
13625.91,2049.329,5681.754,13507.05,1972.416,5733.283,13565.2,1983.601,5623.352,13599.26,1997.489,5763.917,13544.25,2041.628,5538.257
13625.94,2049.329,5681.96,13507.09,1972.416,5733.487,13565.25,1983.601,5623.554,13599.3,1997.489,5764.122,13544.28,2041.628,5538.463
13625.99,2049.329,5682.27,13507.16,1972.416,5733.794,13565.36,1983.601,5623.85,13599.35,1997.489,5764.431,13544.34,2041.628,5538.771
13626.04,2049.329,5682.53,13507.22,1972.416,5734.051,13565.44,1983.601,5624.102,13599.41,1997.489,5764.691,13544.41,2041.628,5539.028
13626.09,2049.329,5682.732,13507.28,1972.416,5734.251,13565.48,1983.601,5624.305,13599.46,1997.489,5764.894,13544.46,2041.628,5539.229
13626.14,2049.329,5682.934,13507.35,1972.416,5734.449,13565.54,1983.601,5624.507,13599.51,1997.489,5765.094,13544.52,2041.628,5539.429
13626.19,2049.329,5683.138,13507.42,1972.416,5734.645,13565.59,1983.601,5624.708,13599.57,1997.489,5765.293,13544.57,2041.628,5539.63
13626.24,2049.329,5683.34,13507.5,1972.416,5734.838,13565.66,1983.601,5624.906,13599.64,1997.489,5765.49,13544.63,2041.628,5539.83
13626.29,2049.329,5683.547,13507.58,1972.416,5735.034,13565.72,1983.601,5625.111,13599.72,1997.489,5765.69,13544.7,2041.628,5540.033
13626.35,2049.329,5683.746,13507.68,1972.416,5735.217,13565.79,1983.601,5625.308,13599.79,1997.489,5765.887,13544.76,2041.628,5540.233
13626.49,2049.329,5684.161,13507.88,1972.416,5735.607,13565.91,1983.601,5625.725,13599.94,1997.489,5766.293,13544.84,2041.628,5540.662
13626.58,2049.329,5684.405,13507.98,1972.416,5735.843,13565.98,1983.601,5625.975,13600.04,1997.489,5766.533,13544.89,2041.628,5540.916
13626.69,2049.329,5684.747,13508.12,1972.416,5736.174,13566.09,1983.601,5626.317,13600.17,1997.489,5766.869,13544.98,2041.628,5541.266
13626.84,2049.329,5685.178,13508.29,1972.416,5736.601,13566.22,1983.601,5626.759,13600.32,1997.489,5767.302,13545.1,2041.628,5541.707
13626.91,2049.329,5685.376,13508.36,1972.416,5736.797,13566.25,1983.601,5626.964,13600.4,1997.489,5767.496,13545.14,2041.628,5541.911
13627.07,2049.329,5685.835,13508.52,1972.416,5737.259,13566.35,1983.601,5627.442,13600.59,1997.489,5767.946,13545.26,2041.628,5542.384
13627.15,2049.329,5686.038,13508.6,1972.416,5737.463,13566.4,1983.601,5627.654,13600.68,1997.489,5768.144,13545.32,2041.628,5542.594
13627.27,2049.329,5686.313,13508.71,1972.416,5737.74,13566.48,1983.601,5627.943,13600.79,1997.489,5768.422,13545.41,2041.628,5542.879
13627.38,2049.329,5686.524,13508.81,1972.416,5737.955,13566.55,1983.601,5628.168,13600.89,1997.489,5768.637,13545.47,2041.628,5543.107
13627.45,2049.329,5686.718,13508.9,1972.416,5738.142,13566.6,1983.601,5628.369,13600.98,1997.489,5768.825,13545.53,2041.628,5543.308
13627.53,2049.329,5686.91,13509,1972.416,5738.326,13566.67,1983.601,5628.568,13601.07,1997.489,5769.01,13545.59,2041.628,5543.507
13627.62,2049.329,5687.098,13509.1,1972.416,5738.506,13566.73,1983.601,5628.765,13601.16,1997.489,5769.199,13545.65,2041.628,5543.707
13627.71,2049.329,5687.29,13509.21,1972.416,5738.684,13566.81,1983.601,5628.959,13601.25,1997.489,5769.385,13545.71,2041.628,5543.904
13627.79,2049.329,5687.478,13509.32,1972.416,5738.86,13566.89,1983.601,5629.151,13601.35,1997.489,5769.568,13545.79,2041.628,5544.1
13627.89,2049.329,5687.664,13509.44,1972.416,5739.032,13566.98,1983.601,5629.34,13601.46,1997.489,5769.748,13545.86,2041.628,5544.292
13627.99,2049.329,5687.846,13509.56,1972.416,5739.201,13567.07,1983.601,5629.527,13601.57,1997.489,5769.924,13545.95,2041.628,5544.483
13628.09,2049.329,5688.03,13509.69,1972.416,5739.365,13567.17,1983.601,5629.71,13601.69,1997.489,5770.096,13546.04,2041.628,5544.67
13628.19,2049.329,5688.21,13509.82,1972.416,5739.525,13567.27,1983.601,5629.89,13601.81,1997.489,5770.265,13546.14,2041.628,5544.855
13628.3,2049.329,5688.388,13509.96,1972.416,5739.681,13567.39,1983.601,5630.066,13601.94,1997.489,5770.429,13546.24,2041.628,5545.036
13628.43,2049.329,5688.638,13510.14,1972.416,5739.896,13567.53,1983.601,5630.309,13602.1,1997.489,5770.656,13546.37,2041.628,5545.285
13628.52,2049.329,5688.824,13510.27,1972.416,5740.059,13567.64,1983.601,5630.483,13602.22,1997.489,5770.829,13546.48,2041.628,5545.465
13628.62,2049.329,5689.011,13510.4,1972.416,5740.225,13567.75,1983.601,5630.664,13602.33,1997.489,5771.008,13546.59,2041.628,5545.646
13628.73,2049.329,5689.19,13510.53,1972.416,5740.392,13567.86,1983.601,5630.845,13602.44,1997.489,5771.185,13546.71,2041.628,5545.811
13628.84,2049.329,5689.369,13510.65,1972.416,5740.563,13567.96,1983.601,5631.023,13602.56,1997.489,5771.358,13546.84,2041.628,5545.98
13628.95,2049.329,5689.544,13510.77,1972.416,5740.734,13568.06,1983.601,5631.208,13602.67,1997.489,5771.535,13546.95,2041.628,5546.153
13629.06,2049.329,5689.723,13510.88,1972.416,5740.906,13568.16,1983.601,5631.391,13602.79,1997.489,5771.708,13547.06,2041.628,5546.33
13629.21,2049.329,5689.963,13511.05,1972.416,5741.138,13568.31,1983.601,5631.636,13602.95,1997.489,5771.941,13547.22,2041.628,5546.568
13629.36,2049.329,5690.174,13511.21,1972.416,5741.34,13568.45,1983.601,5631.852,13603.11,1997.489,5772.145,13547.37,2041.628,5546.778
13629.48,2049.329,5690.342,13511.34,1972.416,5741.5,13568.57,1983.601,5632.023,13603.24,1997.489,5772.306,13547.49,2041.628,5546.945
13629.61,2049.329,5690.505,13511.48,1972.416,5741.656,13568.69,1983.601,5632.191,13603.38,1997.489,5772.463,13547.62,2041.628,5547.108
13629.75,2049.329,5690.666,13511.63,1972.416,5741.81,13568.82,1983.601,5632.356,13603.52,1997.489,5772.617,13547.76,2041.628,5547.269
13629.89,2049.329,5690.82,13511.77,1972.416,5741.956,13568.96,1983.601,5632.515,13603.67,1997.489,5772.765,13547.9,2041.628,5547.423
13630.03,2049.329,5690.97,13511.93,1972.416,5742.098,13569.09,1983.601,5632.669,13603.82,1997.489,5772.907,13548.04,2041.628,5547.573
13630.2,2049.329,5691.13,13512.1,1972.416,5742.249,13569.26,1983.601,5632.836,13603.99,1997.489,5773.065,13548.21,2041.628,5547.736
13630.35,2049.329,5691.271,13512.26,1972.416,5742.38,13569.41,1983.601,5632.981,13604.15,1997.489,5773.202,13548.36,2041.628,5547.884
13630.5,2049.329,5691.421,13512.43,1972.416,5742.506,13569.56,1983.601,5633.121,13604.31,1997.489,5773.333,13548.51,2041.628,5548.026
13630.65,2049.329,5691.567,13512.6,1972.416,5742.629,13569.71,1983.601,5633.267,13604.48,1997.489,5773.46,13548.66,2041.628,5548.164
13630.8,2049.329,5691.708,13512.77,1972.416,5742.747,13569.86,1983.601,5633.411,13604.64,1997.489,5773.589,13548.83,2041.628,5548.283
13630.96,2049.329,5691.843,13512.95,1972.416,5742.859,13570.01,1983.601,5633.55,13604.81,1997.489,5773.713,13549,2041.628,5548.407
13631.12,2049.329,5691.974,13513.13,1972.416,5742.965,13570.17,1983.601,5633.685,13604.98,1997.489,5773.832,13549.17,2041.628,5548.536
13631.29,2049.329,5692.099,13513.31,1972.416,5743.065,13570.34,1983.601,5633.813,13605.15,1997.489,5773.945,13549.31,2041.628,5548.687
13631.46,2049.329,5692.218,13513.49,1972.416,5743.159,13570.5,1983.601,5633.937,13605.33,1997.489,5774.052,13549.46,2041.628,5548.833
13631.63,2049.329,5692.332,13513.68,1972.416,5743.247,13570.66,1983.601,5634.076,13605.52,1997.489,5774.153,13549.61,2041.628,5548.974
13631.81,2049.329,5692.44,13513.87,1972.416,5743.329,13570.82,1983.601,5634.21,13605.7,1997.489,5774.248,13549.77,2041.628,5549.11
13631.99,2049.329,5692.542,13514.07,1972.416,5743.405,13570.98,1983.601,5634.339,13605.89,1997.489,5774.337,13549.93,2041.628,5549.241
13632.18,2049.329,5692.639,13514.26,1972.416,5743.474,13571.15,1983.601,5634.465,13606.08,1997.489,5774.42,13550.1,2041.628,5549.367
13632.36,2049.329,5692.729,13514.46,1972.416,5743.537,13571.32,1983.601,5634.585,13606.27,1997.489,5774.497,13550.27,2041.628,5549.487
13632.55,2049.329,5692.825,13514.66,1972.416,5743.593,13571.49,1983.601,5634.7,13606.47,1997.489,5774.567,13550.44,2041.628,5549.601
13632.77,2049.329,5692.933,13514.9,1972.416,5743.68,13571.69,1983.601,5634.856,13606.71,1997.489,5774.643,13550.66,2041.628,5549.711
13633.05,2049.329,5693.079,13515.2,1972.416,5743.78,13571.94,1983.601,5635.047,13607.01,1997.489,5774.741,13550.94,2041.628,5549.86
13633.24,2049.329,5693.169,13515.39,1972.416,5743.856,13572.11,1983.601,5635.167,13607.21,1997.489,5774.809,13551.12,2041.628,5549.964
13633.57,2049.329,5693.313,13515.73,1972.416,5743.977,13572.39,1983.601,5635.384,13607.55,1997.489,5774.907,13551.43,2041.628,5550.153
13633.76,2049.329,5693.403,13515.92,1972.416,5744.041,13572.56,1983.601,5635.504,13607.75,1997.489,5774.947,13551.6,2041.628,5550.269
13634.09,2049.329,5693.601,13516.3,1972.416,5744.148,13572.89,1983.601,5635.718,13608.13,1997.489,5775.033,13551.94,2041.628,5550.46
13634.3,2049.329,5693.72,13516.54,1972.416,5744.208,13573.1,1983.601,5635.847,13608.37,1997.489,5775.095,13552.16,2041.628,5550.559
13634.49,2049.329,5693.816,13516.74,1972.416,5744.253,13573.28,1983.601,5635.95,13608.57,1997.489,5775.152,13552.35,2041.628,5550.648
13634.68,2049.329,5693.907,13516.94,1972.416,5744.291,13573.46,1983.601,5636.047,13608.77,1997.489,5775.216,13552.54,2041.628,5550.739
13634.95,2049.329,5694.031,13517.24,1972.416,5744.341,13573.74,1983.601,5636.18,13609.05,1997.489,5775.316,13552.81,2041.628,5550.88
13635.15,2049.329,5694.111,13517.45,1972.416,5744.38,13573.92,1983.601,5636.285,13609.25,1997.489,5775.391,13552.99,2041.628,5550.983
13635.34,2049.329,5694.186,13517.66,1972.416,5744.413,13574.1,1983.601,5636.384,13609.44,1997.489,5775.47,13553.18,2041.628,5551.067
13635.56,2049.329,5694.262,13517.88,1972.416,5744.441,13574.3,1983.601,5636.486,13609.65,1997.489,5775.564,13553.39,2041.628,5551.15
13635.75,2049.329,5694.326,13518.09,1972.416,5744.474,13574.49,1983.601,5636.583,13609.84,1997.489,5775.654,13553.59,2041.628,5551.215
13635.96,2049.329,5694.384,13518.29,1972.416,5744.513,13574.68,1983.601,5636.674,13610.02,1997.489,5775.75,13553.79,2041.628,5551.286
13636.16,2049.329,5694.437,13518.5,1972.416,5744.559,13574.87,1983.601,5636.759,13610.21,1997.489,5775.851,13553.98,2041.628,5551.363
13636.36,2049.329,5694.483,13518.7,1972.416,5744.612,13575.06,1983.601,5636.838,13610.39,1997.489,5775.957,13554.17,2041.628,5551.447
13636.56,2049.329,5694.524,13518.9,1972.416,5744.671,13575.25,1983.601,5636.91,13610.56,1997.489,5776.067,13554.36,2041.628,5551.524
13636.77,2049.329,5694.572,13519.1,1972.416,5744.736,13575.45,1983.601,5636.976,13610.74,1997.489,5776.172,13554.57,2041.628,5551.572
13636.97,2049.329,5694.626,13519.3,1972.416,5744.795,13575.64,1983.601,5637.057,13610.93,1997.489,5776.271,13554.77,2041.628,5551.626
13637.17,2049.329,5694.673,13519.5,1972.416,5744.848,13575.84,1983.601,5637.131,13611.11,1997.489,5776.364,13554.97,2041.628,5551.687
13637.37,2049.329,5694.727,13519.7,1972.416,5744.894,13576.04,1983.601,5637.199,13611.3,1997.489,5776.451,13555.16,2041.628,5551.754
13637.58,2049.329,5694.774,13519.9,1972.416,5744.944,13576.24,1983.601,5637.26,13611.49,1997.489,5776.532,13555.36,2041.628,5551.828
13637.78,2049.329,5694.82,13520.11,1972.416,5744.988,13576.43,1983.601,5637.328,13611.69,1997.489,5776.606,13555.56,2041.628,5551.898
13637.98,2049.329,5694.873,13520.31,1972.416,5745.025,13576.62,1983.601,5637.418,13611.89,1997.489,5776.674,13555.75,2041.628,5551.975
13638.18,2049.329,5694.93,13520.52,1972.416,5745.056,13576.8,1983.601,5637.514,13612.08,1997.489,5776.735,13555.94,2041.628,5552.049
13638.38,2049.329,5694.98,13520.72,1972.416,5745.08,13576.99,1983.601,5637.612,13612.29,1997.489,5776.79,13556.14,2041.628,5552.129
13638.59,2049.329,5695.024,13520.93,1972.416,5745.097,13577.17,1983.601,5637.715,13612.49,1997.489,5776.837,13556.33,2041.628,5552.215
13638.79,2049.329,5695.075,13521.14,1972.416,5745.107,13577.35,1983.601,5637.824,13612.69,1997.489,5776.879,13556.51,2041.628,5552.308
13638.99,2049.329,5695.119,13521.35,1972.416,5745.11,13577.52,1983.601,5637.937,13612.9,1997.489,5776.914,13556.7,2041.628,5552.407
13639.19,2049.329,5695.169,13521.56,1972.416,5745.107,13577.7,1983.601,5638.054,13613.1,1997.489,5776.941,13556.88,2041.628,5552.511
13639.4,2049.329,5695.213,13521.76,1972.416,5745.097,13577.86,1983.601,5638.175,13613.31,1997.489,5776.962,13557.05,2041.628,5552.617
13639.61,2049.329,5695.24,13521.97,1972.416,5745.08,13578.03,1983.601,5638.298,13613.52,1997.489,5776.977,13557.23,2041.628,5552.728
13639.81,2049.329,5695.274,13522.18,1972.416,5745.056,13578.2,1983.601,5638.418,13613.73,1997.489,5776.985,13557.4,2041.628,5552.845
13640.01,2049.329,5695.315,13522.39,1972.416,5745.025,13578.37,1983.601,5638.54,13613.94,1997.489,5776.986,13557.57,2041.628,5552.968
13640.22,2049.329,5695.362,13522.59,1972.416,5744.988,13578.55,1983.601,5638.65,13614.14,1997.489,5776.98,13557.74,2041.628,5553.085
13640.42,2049.329,5695.403,13522.79,1972.416,5744.945,13578.73,1983.601,5638.751,13614.35,1997.489,5776.967,13557.92,2041.628,5553.196
13640.62,2049.329,5695.46,13523,1972.416,5744.895,13578.91,1983.601,5638.846,13614.56,1997.489,5776.948,13558.09,2041.628,5553.309
13640.82,2049.329,5695.512,13523.2,1972.416,5744.838,13579.1,1983.601,5638.946,13614.77,1997.489,5776.949,13558.27,2041.628,5553.416
13641.03,2049.329,5695.557,13523.4,1972.416,5744.775,13579.28,1983.601,5639.052,13614.97,1997.489,5776.955,13558.46,2041.628,5553.499
13641.23,2049.329,5695.597,13523.6,1972.416,5744.728,13579.46,1983.601,5639.147,13615.18,1997.489,5776.967,13558.65,2041.628,5553.588
13641.44,2049.329,5695.631,13523.8,1972.416,5744.674,13579.64,1983.601,5639.248,13615.39,1997.489,5776.985,13558.84,2041.628,5553.683
13641.64,2049.329,5695.66,13524,1972.416,5744.635,13579.82,1983.601,5639.354,13615.6,1997.489,5777.009,13559.02,2041.628,5553.784
13641.85,2049.329,5695.682,13524.21,1972.416,5744.589,13580,1983.601,5639.461,13615.8,1997.489,5777.039,13559.2,2041.628,5553.882
13642.06,2049.329,5695.699,13524.41,1972.416,5744.537,13580.18,1983.601,5639.572,13616.01,1997.489,5777.074,13559.38,2041.628,5553.986
13642.27,2049.329,5695.71,13524.61,1972.416,5744.478,13580.35,1983.601,5639.688,13616.21,1997.489,5777.115,13559.57,2041.628,5554.084
13642.47,2049.329,5695.716,13524.81,1972.416,5744.414,13580.52,1983.601,5639.811,13616.42,1997.489,5777.162,13559.75,2041.628,5554.185
13642.68,2049.329,5695.715,13525,1972.416,5744.344,13580.69,1983.601,5639.932,13616.62,1997.489,5777.214,13559.93,2041.628,5554.291
13642.89,2049.329,5695.722,13525.2,1972.416,5744.27,13580.86,1983.601,5640.056,13616.82,1997.489,5777.26,13560.12,2041.628,5554.383
13643.1,2049.329,5695.735,13525.39,1972.416,5744.191,13581.02,1983.601,5640.186,13617.02,1997.489,5777.299,13560.3,2041.628,5554.48
13643.3,2049.329,5695.755,13525.59,1972.416,5744.122,13581.18,1983.601,5640.319,13617.23,1997.489,5777.332,13560.48,2041.628,5554.584
13643.51,2049.329,5695.782,13525.78,1972.416,5744.046,13581.35,1983.601,5640.444,13617.44,1997.489,5777.357,13560.66,2041.628,5554.694
13643.72,2049.329,5695.815,13525.97,1972.416,5743.965,13581.51,1983.601,5640.571,13617.64,1997.489,5777.376,13560.84,2041.628,5554.788
13643.92,2049.329,5695.837,13526.16,1972.416,5743.876,13581.68,1983.601,5640.693,13617.85,1997.489,5777.388,13561.03,2041.628,5554.888
13644.13,2049.329,5695.866,13526.35,1972.416,5743.785,13581.85,1983.601,5640.812,13618.06,1997.489,5777.394,13561.21,2041.628,5554.981
13644.34,2049.329,5695.899,13526.53,1972.416,5743.687,13582.02,1983.601,5640.93,13618.27,1997.489,5777.392,13561.4,2041.628,5555.08
13644.54,2049.329,5695.905,13526.72,1972.416,5743.589,13582.2,1983.601,5641.044,13618.48,1997.489,5777.384,13561.58,2041.628,5555.176
13644.75,2049.329,5695.918,13526.9,1972.416,5743.497,13582.36,1983.601,5641.168,13618.68,1997.489,5777.369,13561.76,2041.628,5555.278
13644.96,2049.329,5695.938,13527.09,1972.416,5743.399,13582.53,1983.601,5641.297,13618.89,1997.489,5777.347,13561.94,2041.628,5555.387
13645.17,2049.329,5695.953,13527.27,1972.416,5743.298,13582.69,1983.601,5641.432,13619.1,1997.489,5777.331,13562.11,2041.628,5555.5
13645.38,2049.329,5695.961,13527.46,1972.416,5743.206,13582.85,1983.601,5641.565,13619.31,1997.489,5777.32,13562.29,2041.628,5555.604
13645.58,2049.329,5695.963,13527.64,1972.416,5743.108,13583,1983.601,5641.704,13619.52,1997.489,5777.315,13562.47,2041.628,5555.714
13645.79,2049.329,5695.96,13527.83,1972.416,5743.015,13583.15,1983.601,5641.845,13619.72,1997.489,5777.316,13562.64,2041.628,5555.83
13646,2049.329,5695.952,13528.01,1972.416,5742.918,13583.3,1983.601,5641.989,13619.93,1997.489,5777.322,13562.81,2041.628,5555.952
13646.21,2049.329,5695.937,13528.2,1972.416,5742.82,13583.45,1983.601,5642.135,13620.14,1997.489,5777.334,13562.98,2041.628,5556.079
13646.42,2049.329,5695.917,13528.38,1972.416,5742.724,13583.6,1983.601,5642.282,13620.35,1997.489,5777.353,13563.14,2041.628,5556.211
13646.62,2049.329,5695.891,13528.57,1972.416,5742.63,13583.75,1983.601,5642.431,13620.55,1997.489,5777.376,13563.3,2041.628,5556.348
13646.83,2049.329,5695.872,13528.75,1972.416,5742.538,13583.89,1983.601,5642.58,13620.76,1997.489,5777.394,13563.45,2041.628,5556.491
13647.04,2049.329,5695.86,13528.94,1972.416,5742.446,13584.04,1983.601,5642.727,13620.97,1997.489,5777.404,13563.61,2041.628,5556.616
13647.25,2049.329,5695.854,13529.12,1972.416,5742.352,13584.19,1983.601,5642.875,13621.18,1997.489,5777.407,13563.78,2041.628,5556.747
13647.45,2049.329,5695.856,13529.31,1972.416,5742.258,13584.33,1983.601,5643.024,13621.39,1997.489,5777.404,13563.93,2041.628,5556.883
13647.66,2049.329,5695.864,13529.5,1972.416,5742.17,13584.48,1983.601,5643.17,13621.59,1997.489,5777.394,13564.09,2041.628,5557.021
13647.87,2049.329,5695.879,13529.69,1972.416,5742.083,13584.63,1983.601,5643.316,13621.8,1997.489,5777.376,13564.25,2041.628,5557.155
13648.08,2049.329,5695.901,13529.88,1972.416,5742,13584.78,1983.601,5643.458,13622.01,1997.489,5777.353,13564.41,2041.628,5557.283
13648.28,2049.329,5695.929,13530.07,1972.416,5741.916,13584.94,1983.601,5643.595,13622.21,1997.489,5777.322,13564.58,2041.628,5557.409
13648.49,2049.329,5695.952,13530.26,1972.416,5741.84,13585.08,1983.601,5643.742,13622.42,1997.489,5777.297,13564.75,2041.628,5557.53
13648.7,2049.329,5695.969,13530.45,1972.416,5741.759,13585.23,1983.601,5643.889,13622.63,1997.489,5777.277,13564.91,2041.628,5557.657
13648.91,2049.329,5695.98,13530.65,1972.416,5741.695,13585.38,1983.601,5644.032,13622.84,1997.489,5777.264,13565.08,2041.628,5557.789
13649.11,2049.329,5695.986,13530.85,1972.416,5741.624,13585.54,1983.601,5644.172,13623.04,1997.489,5777.256,13565.24,2041.628,5557.921
13649.32,2049.329,5695.985,13531.04,1972.416,5741.547,13585.69,1983.601,5644.31,13623.25,1997.489,5777.254,13565.39,2041.628,5558.061
13649.53,2049.329,5695.979,13531.24,1972.416,5741.476,13585.85,1983.601,5644.449,13623.46,1997.489,5777.257,13565.55,2041.628,5558.196
13649.74,2049.329,5695.967,13531.44,1972.416,5741.418,13586.01,1983.601,5644.585,13623.67,1997.489,5777.267,13565.7,2041.628,5558.34
13649.95,2049.329,5695.95,13531.64,1972.416,5741.363,13586.17,1983.601,5644.718,13623.88,1997.489,5777.282,13565.84,2041.628,5558.489
13650.15,2049.329,5695.926,13531.84,1972.416,5741.302,13586.32,1983.601,5644.854,13624.08,1997.489,5777.303,13566,2041.628,5558.634
13650.36,2049.329,5695.897,13532.04,1972.416,5741.237,13586.48,1983.601,5644.995,13624.29,1997.489,5777.329,13566.15,2041.628,5558.773
13650.56,2049.329,5695.863,13532.23,1972.416,5741.173,13586.64,1983.601,5645.129,13624.5,1997.489,5777.361,13566.31,2041.628,5558.911
13650.77,2049.329,5695.835,13532.43,1972.416,5741.104,13586.8,1983.601,5645.259,13624.7,1997.489,5777.387,13566.47,2041.628,5559.042
13650.98,2049.329,5695.814,13532.63,1972.416,5741.034,13586.97,1983.601,5645.384,13624.91,1997.489,5777.405,13566.63,2041.628,5559.169
13651.18,2049.329,5695.8,13532.82,1972.416,5740.965,13587.12,1983.601,5645.522,13625.12,1997.489,5777.417,13566.8,2041.628,5559.29
13651.39,2049.329,5695.792,13533.02,1972.416,5740.896,13587.28,1983.601,5645.656,13625.33,1997.489,5777.423,13566.97,2041.628,5559.417
13651.6,2049.329,5695.792,13533.21,1972.416,5740.822,13587.44,1983.601,5645.794,13625.54,1997.489,5777.421,13567.14,2041.628,5559.541
13651.81,2049.329,5695.798,13533.4,1972.416,5740.741,13587.59,1983.601,5645.937,13625.74,1997.489,5777.413,13567.3,2041.628,5559.67
13652.02,2049.329,5695.812,13533.59,1972.416,5740.655,13587.74,1983.601,5646.083,13625.95,1997.489,5777.398,13567.46,2041.628,5559.805
13652.22,2049.329,5695.832,13533.79,1972.416,5740.576,13587.88,1983.601,5646.234,13626.16,1997.489,5777.376,13567.62,2041.628,5559.942
13652.43,2049.329,5695.858,13533.98,1972.416,5740.491,13588.02,1983.601,5646.389,13626.36,1997.489,5777.347,13567.78,2041.628,5560.064
13652.64,2049.329,5695.892,13534.16,1972.416,5740.4,13588.16,1983.601,5646.545,13626.57,1997.489,5777.312,13567.95,2041.628,5560.192
13652.84,2049.329,5695.919,13534.35,1972.416,5740.304,13588.29,1983.601,5646.704,13626.78,1997.489,5777.282,13568.11,2041.628,5560.324
13653.05,2049.329,5695.941,13534.53,1972.416,5740.203,13588.43,1983.601,5646.864,13626.98,1997.489,5777.257,13568.27,2041.628,5560.458
13653.26,2049.329,5695.958,13534.71,1972.416,5740.097,13588.56,1983.601,5647.024,13627.19,1997.489,5777.239,13568.42,2041.628,5560.599
13653.47,2049.329,5695.968,13534.89,1972.416,5739.991,13588.69,1983.601,5647.185,13627.4,1997.489,5777.226,13568.57,2041.628,5560.744
13653.67,2049.329,5695.972,13535.07,1972.416,5739.89,13588.83,1983.601,5647.342,13627.61,1997.489,5777.218,13568.72,2041.628,5560.894
13653.88,2049.329,5695.971,13535.26,1972.416,5739.795,13588.97,1983.601,5647.494,13627.81,1997.489,5777.217,13568.88,2041.628,5561.029
13654.09,2049.329,5695.964,13535.45,1972.416,5739.707,13589.12,1983.601,5647.642,13628.02,1997.489,5777.221,13569.03,2041.628,5561.17
13654.3,2049.329,5695.952,13535.64,1972.416,5739.624,13589.27,1983.601,5647.784,13628.23,1997.489,5777.23,13569.2,2041.628,5561.293
13654.5,2049.329,5695.934,13535.83,1972.416,5739.548,13589.43,1983.601,5647.921,13628.44,1997.489,5777.246,13569.36,2041.628,5561.421
13654.71,2049.329,5695.91,13536.03,1972.416,5739.478,13589.59,1983.601,5648.054,13628.64,1997.489,5777.268,13569.53,2041.628,5561.548
13654.92,2049.329,5695.88,13536.23,1972.416,5739.415,13589.75,1983.601,5648.181,13628.85,1997.489,5777.295,13569.69,2041.628,5561.67
13655.12,2049.329,5695.845,13536.43,1972.416,5739.358,13589.92,1983.601,5648.302,13629.06,1997.489,5777.328,13569.85,2041.628,5561.81
13655.33,2049.329,5695.816,13536.63,1972.416,5739.308,13590.1,1983.601,5648.418,13629.26,1997.489,5777.354,13570.01,2041.628,5561.945
13655.54,2049.329,5695.795,13536.83,1972.416,5739.264,13590.27,1983.601,5648.528,13629.47,1997.489,5777.374,13570.16,2041.628,5562.087
13655.74,2049.329,5695.78,13537.04,1972.416,5739.228,13590.45,1983.601,5648.632,13629.68,1997.489,5777.386,13570.32,2041.628,5562.224
13655.95,2049.329,5695.772,13537.24,1972.416,5739.197,13590.64,1983.601,5648.73,13629.89,1997.489,5777.392,13570.48,2041.628,5562.356
13656.16,2049.329,5695.771,13537.45,1972.416,5739.174,13590.82,1983.601,5648.822,13630.09,1997.489,5777.391,13570.64,2041.628,5562.482
13656.37,2049.329,5695.776,13537.66,1972.416,5739.157,13591.01,1983.601,5648.908,13630.3,1997.489,5777.396,13570.81,2041.628,5562.604
13656.58,2049.329,5695.788,13537.87,1972.416,5739.147,13591.21,1983.601,5648.988,13630.51,1997.489,5777.394,13570.99,2041.628,5562.719
13656.78,2049.329,5695.795,13538.07,1972.416,5739.145,13591.4,1983.601,5649.061,13630.72,1997.489,5777.39,13571.16,2041.628,5562.829
13656.99,2049.329,5695.81,13538.28,1972.416,5739.148,13591.6,1983.601,5649.128,13630.93,1997.489,5777.385,13571.34,2041.628,5562.933
13657.2,2049.329,5695.831,13538.49,1972.416,5739.159,13591.8,1983.601,5649.188,13631.13,1997.489,5777.382,13571.53,2041.628,5563.031
13657.41,2049.329,5695.847,13538.7,1972.416,5739.188,13592,1983.601,5649.243,13631.34,1997.489,5777.389,13571.71,2041.628,5563.123
13657.61,2049.329,5695.87,13538.9,1972.416,5739.209,13592.2,1983.601,5649.29,13631.55,1997.489,5777.39,13571.9,2041.628,5563.211
13657.82,2049.329,5695.898,13539.11,1972.416,5739.224,13592.41,1983.601,5649.327,13631.76,1997.489,5777.383,13572.09,2041.628,5563.297
13658.03,2049.329,5695.924,13539.32,1972.416,5739.231,13592.61,1983.601,5649.342,13631.97,1997.489,5777.396,13572.29,2041.628,5563.377
13658.23,2049.329,5695.97,13539.53,1972.416,5739.232,13592.82,1983.601,5649.365,13632.17,1997.489,5777.402,13572.47,2041.628,5563.479
13658.43,2049.329,5696.009,13539.74,1972.416,5739.227,13593.03,1983.601,5649.394,13632.38,1997.489,5777.414,13572.65,2041.628,5563.574
13658.64,2049.329,5696.043,13539.94,1972.416,5739.228,13593.23,1983.601,5649.43,13632.59,1997.489,5777.431,13572.84,2041.628,5563.664
13658.85,2049.329,5696.072,13540.15,1972.416,5739.236,13593.44,1983.601,5649.473,13632.8,1997.489,5777.454,13573.03,2041.628,5563.747
13659.05,2049.329,5696.094,13540.36,1972.416,5739.25,13593.64,1983.601,5649.519,13633,1997.489,5777.482,13573.23,2041.628,5563.823
13659.26,2049.329,5696.111,13540.57,1972.416,5739.25,13593.84,1983.601,5649.559,13633.21,1997.489,5777.517,13573.42,2041.628,5563.894
13659.47,2049.329,5696.122,13540.78,1972.416,5739.256,13594.04,1983.601,5649.623,13633.41,1997.489,5777.557,13573.62,2041.628,5563.958
13659.68,2049.329,5696.127,13540.98,1972.416,5739.27,13594.24,1983.601,5649.68,13633.62,1997.489,5777.603,13573.82,2041.628,5564.007
13659.88,2049.329,5696.14,13541.19,1972.416,5739.285,13594.44,1983.601,5649.731,13633.82,1997.489,5777.642,13574.03,2041.628,5564.044
13660.09,2049.329,5696.159,13541.4,1972.416,5739.307,13594.65,1983.601,5649.776,13634.03,1997.489,5777.675,13574.23,2041.628,5564.078
13660.3,2049.329,5696.184,13541.61,1972.416,5739.323,13594.85,1983.601,5649.813,13634.23,1997.489,5777.701,13574.44,2041.628,5564.119
13660.5,2049.329,5696.216,13541.81,1972.416,5739.351,13595.06,1983.601,5649.844,13634.44,1997.489,5777.72,13574.64,2041.628,5564.166
13660.71,2049.329,5696.242,13542.02,1972.416,5739.393,13595.26,1983.601,5649.882,13634.65,1997.489,5777.732,13574.84,2041.628,5564.22
13660.92,2049.329,5696.261,13542.22,1972.416,5739.427,13595.47,1983.601,5649.926,13634.86,1997.489,5777.737,13575.04,2041.628,5564.28
13661.13,2049.329,5696.272,13542.43,1972.416,5739.465,13595.67,1983.601,5649.964,13635.07,1997.489,5777.749,13575.24,2041.628,5564.344
13661.33,2049.329,5696.279,13542.63,1972.416,5739.498,13595.88,1983.601,5650.003,13635.27,1997.489,5777.754,13575.43,2041.628,5564.415
13661.54,2049.329,5696.281,13542.84,1972.416,5739.523,13596.08,1983.601,5650.048,13635.48,1997.489,5777.762,13575.63,2041.628,5564.492
13661.75,2049.329,5696.291,13543.04,1972.416,5739.572,13596.28,1983.601,5650.091,13635.69,1997.489,5777.77,13575.82,2041.628,5564.562
13661.96,2049.329,5696.307,13543.25,1972.416,5739.614,13596.49,1983.601,5650.14,13635.9,1997.489,5777.785,13576.02,2041.628,5564.645
13662.17,2049.329,5696.33,13543.45,1972.416,5739.649,13596.69,1983.601,5650.189,13636.1,1997.489,5777.806,13576.21,2041.628,5564.721
13662.37,2049.329,5696.337,13543.66,1972.416,5739.677,13596.89,1983.601,5650.231,13636.31,1997.489,5777.834,13576.41,2041.628,5564.791
13662.58,2049.329,5696.348,13543.86,1972.416,5739.712,13597.09,1983.601,5650.28,13636.52,1997.489,5777.856,13576.6,2041.628,5564.854
13662.79,2049.329,5696.365,13544.06,1972.416,5739.761,13597.3,1983.601,5650.322,13636.73,1997.489,5777.871,13576.8,2041.628,5564.911
13663,2049.329,5696.389,13544.27,1972.416,5739.803,13597.5,1983.601,5650.358,13636.93,1997.489,5777.892,13577,2041.628,5564.977
13663.2,2049.329,5696.42,13544.47,1972.416,5739.838,13597.71,1983.601,5650.4,13637.14,1997.489,5777.917,13577.21,2041.628,5565.023
13663.41,2049.329,5696.45,13544.68,1972.416,5739.866,13597.91,1983.601,5650.449,13637.35,1997.489,5777.936,13577.41,2041.628,5565.076
13663.61,2049.329,5696.508,13544.89,1972.416,5739.888,13598.11,1983.601,5650.491,13637.55,1997.489,5777.948,13577.61,2041.628,5565.136
13663.81,2049.329,5696.56,13545.09,1972.416,5739.925,13598.32,1983.601,5650.517,13637.76,1997.489,5777.966,13577.81,2041.628,5565.185
13664.01,2049.329,5696.606,13545.3,1972.416,5739.956,13598.53,1983.601,5650.55,13637.97,1997.489,5777.989,13578.01,2041.628,5565.241
13664.22,2049.329,5696.646,13545.5,1972.416,5739.979,13598.73,1983.601,5650.587,13638.18,1997.489,5778.019,13578.21,2041.628,5565.289
13664.42,2049.329,5696.681,13545.71,1972.416,5739.994,13598.94,1983.601,5650.631,13638.38,1997.489,5778.054,13578.42,2041.628,5565.329
13664.63,2049.329,5696.71,13545.92,1972.416,5740.015,13599.14,1983.601,5650.668,13638.58,1997.489,5778.094,13578.62,2041.628,5565.376
13664.84,2049.329,5696.733,13546.13,1972.416,5740.042,13599.35,1983.601,5650.698,13638.79,1997.489,5778.141,13578.82,2041.628,5565.425
13665.04,2049.329,5696.751,13546.33,1972.416,5740.077,13599.55,1983.601,5650.735,13638.99,1997.489,5778.193,13579.02,2041.628,5565.481
13665.25,2049.329,5696.763,13546.54,1972.416,5740.118,13599.75,1983.601,5650.806,13639.19,1997.489,5778.25,13579.21,2041.628,5565.56
13665.46,2049.329,5696.781,13546.74,1972.416,5740.166,13599.94,1983.601,5650.884,13639.39,1997.489,5778.303,13579.41,2041.628,5565.632
13665.67,2049.329,5696.807,13546.94,1972.416,5740.221,13600.13,1983.601,5650.963,13639.59,1997.489,5778.36,13579.6,2041.628,5565.71
13665.87,2049.329,5696.839,13547.14,1972.416,5740.282,13600.33,1983.601,5651.047,13639.79,1997.489,5778.411,13579.79,2041.628,5565.795
13666.08,2049.329,5696.877,13547.34,1972.416,5740.326,13600.52,1983.601,5651.124,13640,1997.489,5778.454,13579.99,2041.628,5565.874
13666.28,2049.329,5696.923,13547.54,1972.416,5740.376,13600.71,1983.601,5651.195,13640.2,1997.489,5778.505,13580.18,2041.628,5565.945
13666.48,2049.329,5696.975,13547.75,1972.416,5740.422,13600.91,1983.601,5651.259,13640.4,1997.489,5778.56,13580.38,2041.628,5566.01
13666.68,2049.329,5697.034,13547.95,1972.416,5740.475,13601.11,1983.601,5651.317,13640.6,1997.489,5778.607,13580.58,2041.628,5566.081
13666.89,2049.329,5697.086,13548.15,1972.416,5740.521,13601.32,1983.601,5651.358,13640.81,1997.489,5778.661,13580.76,2041.628,5566.177
13667.09,2049.329,5697.131,13548.36,1972.416,5740.56,13601.52,1983.601,5651.405,13641.01,1997.489,5778.71,13580.95,2041.628,5566.268
13667.29,2049.329,5697.17,13548.56,1972.416,5740.592,13601.73,1983.601,5651.442,13641.21,1997.489,5778.753,13581.14,2041.628,5566.354
13667.5,2049.329,5697.202,13548.77,1972.416,5740.617,13601.93,1983.601,5651.486,13641.42,1997.489,5778.789,13581.33,2041.628,5566.433
13667.7,2049.329,5697.268,13548.98,1972.416,5740.636,13602.14,1983.601,5651.5,13641.62,1997.489,5778.817,13581.52,2041.628,5566.512
13667.9,2049.329,5697.327,13549.19,1972.416,5740.648,13602.34,1983.601,5651.522,13641.83,1997.489,5778.84,13581.72,2041.628,5566.585
13668.1,2049.329,5697.379,13549.39,1972.416,5740.676,13602.55,1983.601,5651.545,13642.04,1997.489,5778.857,13581.92,2041.628,5566.646
13668.3,2049.329,5697.425,13549.6,1972.416,5740.697,13602.76,1983.601,5651.576,13642.25,1997.489,5778.868,13582.12,2041.628,5566.714
13668.51,2049.329,5697.465,13549.81,1972.416,5740.719,13602.96,1983.601,5651.612,13642.45,1997.489,5778.884,13582.31,2041.628,5566.776
13668.71,2049.329,5697.499,13550.01,1972.416,5740.714,13603.17,1983.601,5651.656,13642.66,1997.489,5778.906,13582.52,2041.628,5566.831
13668.92,2049.329,5697.528,13550.22,1972.416,5740.716,13603.37,1983.601,5651.716,13642.87,1997.489,5778.934,13582.72,2041.628,5566.879
13669.13,2049.329,5697.551,13550.43,1972.416,5740.725,13603.57,1983.601,5651.77,13643.07,1997.489,5778.968,13582.92,2041.628,5566.935
13669.33,2049.329,5697.568,13550.64,1972.416,5740.741,13603.77,1983.601,5651.816,13643.28,1997.489,5779.007,13583.12,2041.628,5566.996
13669.54,2049.329,5697.579,13550.84,1972.416,5740.763,13603.97,1983.601,5651.856,13643.48,1997.489,5779.052,13583.32,2041.628,5567.054
13669.75,2049.329,5697.597,13551.05,1972.416,5740.792,13604.18,1983.601,5651.905,13643.69,1997.489,5779.091,13583.52,2041.628,5567.105
13669.96,2049.329,5697.622,13551.26,1972.416,5740.829,13604.38,1983.601,5651.947,13643.89,1997.489,5779.123,13583.73,2041.628,5567.138
13670.16,2049.329,5697.654,13551.46,1972.416,5740.883,13604.59,1983.601,5651.983,13644.09,1997.489,5779.177,13583.93,2041.628,5567.177
13670.37,2049.329,5697.692,13551.66,1972.416,5740.934,13604.79,1983.601,5651.992,13644.3,1997.489,5779.225,13584.13,2041.628,5567.223
13670.57,2049.329,5697.724,13551.86,1972.416,5740.978,13605,1983.601,5652.008,13644.5,1997.489,5779.266,13584.34,2041.628,5567.262
13670.78,2049.329,5697.749,13552.07,1972.416,5741.023,13605.21,1983.601,5652.031,13644.7,1997.489,5779.313,13584.55,2041.628,5567.294
13670.99,2049.329,5697.78,13552.27,1972.416,5741.066,13605.42,1983.601,5652.042,13644.91,1997.489,5779.354,13584.75,2041.628,5567.34
13671.19,2049.329,5697.804,13552.48,1972.416,5741.102,13605.63,1983.601,5652.06,13645.11,1997.489,5779.387,13584.95,2041.628,5567.378
13671.4,2049.329,5697.821,13552.68,1972.416,5741.131,13605.83,1983.601,5652.084,13645.32,1997.489,5779.414,13585.16,2041.628,5567.423
13671.61,2049.329,5697.845,13552.89,1972.416,5741.17,13606.04,1983.601,5652.115,13645.53,1997.489,5779.434,13585.36,2041.628,5567.475
13671.81,2049.329,5697.889,13553.09,1972.416,5741.21,13606.24,1983.601,5652.153,13645.74,1997.489,5779.449,13585.56,2041.628,5567.533
13672.02,2049.329,5697.927,13553.3,1972.416,5741.243,13606.45,1983.601,5652.198,13645.94,1997.489,5779.457,13585.76,2041.628,5567.597
13672.22,2049.329,5697.958,13553.5,1972.416,5741.271,13606.65,1983.601,5652.249,13646.15,1997.489,5779.458,13585.95,2041.628,5567.668
13672.43,2049.329,5697.982,13553.71,1972.416,5741.292,13606.85,1983.601,5652.31,13646.36,1997.489,5779.452,13586.16,2041.628,5567.723
13672.64,2049.329,5698.012,13553.92,1972.416,5741.317,13607.05,1983.601,5652.37,13646.57,1997.489,5779.455,13586.35,2041.628,5567.785
13672.84,2049.329,5698.037,13554.13,1972.416,5741.335,13607.25,1983.601,5652.424,13646.78,1997.489,5779.463,13586.55,2041.628,5567.853
13673.05,2049.329,5698.055,13554.33,1972.416,5741.347,13607.45,1983.601,5652.472,13646.98,1997.489,5779.478,13586.75,2041.628,5567.927
13673.26,2049.329,5698.068,13554.54,1972.416,5741.352,13607.66,1983.601,5652.512,13647.19,1997.489,5779.499,13586.95,2041.628,5567.987
13673.47,2049.329,5698.075,13554.75,1972.416,5741.348,13607.85,1983.601,5652.572,13647.4,1997.489,5779.525,13587.14,2041.628,5568.055
13673.67,2049.329,5698.089,13554.96,1972.416,5741.338,13608.06,1983.601,5652.625,13647.6,1997.489,5779.544,13587.34,2041.628,5568.128
13673.88,2049.329,5698.109,13555.17,1972.416,5741.336,13608.26,1983.601,5652.672,13647.81,1997.489,5779.558,13587.54,2041.628,5568.196
13674.09,2049.329,5698.137,13555.37,1972.416,5741.34,13608.46,1983.601,5652.712,13648.02,1997.489,5779.565,13587.73,2041.628,5568.256
13674.29,2049.329,5698.158,13555.58,1972.416,5741.352,13608.67,1983.601,5652.746,13648.23,1997.489,5779.578,13587.94,2041.628,5568.311
13674.5,2049.329,5698.174,13555.79,1972.416,5741.37,13608.88,1983.601,5652.774,13648.44,1997.489,5779.596,13588.13,2041.628,5568.385
13674.71,2049.329,5698.185,13556,1972.416,5741.383,13609.08,1983.601,5652.809,13648.64,1997.489,5779.621,13588.33,2041.628,5568.452
13674.92,2049.329,5698.189,13556.2,1972.416,5741.404,13609.29,1983.601,5652.837,13648.85,1997.489,5779.65,13588.53,2041.628,5568.515
13675.13,2049.329,5698.2,13556.41,1972.416,5741.431,13609.49,1983.601,5652.873,13649.05,1997.489,5779.693,13588.73,2041.628,5568.571
13675.33,2049.329,5698.218,13556.62,1972.416,5741.444,13609.69,1983.601,5652.918,13649.26,1997.489,5779.736,13588.93,2041.628,5568.62
13675.54,2049.329,5698.234,13556.83,1972.416,5741.463,13609.9,1983.601,5652.973,13649.46,1997.489,5779.772,13589.13,2041.628,5568.676
13675.75,2049.329,5698.256,13557.03,1972.416,5741.477,13610.1,1983.601,5653.021,13649.67,1997.489,5779.801,13589.33,2041.628,5568.718
13675.96,2049.329,5698.286,13557.24,1972.416,5741.497,13610.3,1983.601,5653.063,13649.88,1997.489,5779.824,13589.54,2041.628,5568.766
13676.16,2049.329,5698.322,13557.45,1972.416,5741.523,13610.51,1983.601,5653.098,13650.08,1997.489,5779.839,13589.74,2041.628,5568.808
13676.36,2049.329,5698.362,13557.65,1972.416,5741.559,13610.71,1983.601,5653.139,13650.29,1997.489,5779.83,13589.95,2041.628,5568.843
13676.57,2049.329,5698.402,13557.86,1972.416,5741.587,13610.91,1983.601,5653.19,13650.5,1997.489,5779.828,13590.15,2041.628,5568.885
13676.77,2049.329,5698.437,13558.06,1972.416,5741.619,13611.12,1983.601,5653.234,13650.71,1997.489,5779.831,13590.35,2041.628,5568.927
13676.98,2049.329,5698.466,13558.27,1972.416,5741.674,13611.31,1983.601,5653.302,13650.92,1997.489,5779.839,13590.56,2041.628,5568.975
13677.19,2049.329,5698.489,13558.46,1972.416,5741.741,13611.51,1983.601,5653.364,13651.12,1997.489,5779.854,13590.76,2041.628,5569.029
13677.39,2049.329,5698.506,13558.66,1972.416,5741.802,13611.71,1983.601,5653.418,13651.33,1997.489,5779.875,13590.96,2041.628,5569.09
13677.6,2049.329,5698.517,13558.86,1972.416,5741.855,13611.91,1983.601,5653.494,13651.54,1997.489,5779.9,13591.16,2041.628,5569.145
13677.81,2049.329,5698.522,13559.07,1972.416,5741.903,13612.11,1983.601,5653.563,13651.74,1997.489,5779.932,13591.36,2041.628,5569.197
13678.02,2049.329,5698.522,13559.26,1972.416,5741.979,13612.3,1983.601,5653.625,13651.95,1997.489,5779.97,13591.56,2041.628,5569.246
13678.23,2049.329,5698.529,13559.45,1972.416,5742.059,13612.5,1983.601,5653.682,13652.15,1997.489,5780,13591.76,2041.628,5569.302
13678.43,2049.329,5698.543,13559.65,1972.416,5742.131,13612.71,1983.601,5653.731,13652.36,1997.489,5780.038,13591.96,2041.628,5569.364
13678.64,2049.329,5698.563,13559.84,1972.416,5742.198,13612.91,1983.601,5653.774,13652.56,1997.489,5780.1,13592.16,2041.628,5569.442
13678.85,2049.329,5698.59,13560.04,1972.416,5742.257,13613.12,1983.601,5653.808,13652.76,1997.489,5780.155,13592.35,2041.628,5569.514
13679.06,2049.329,5698.611,13560.25,1972.416,5742.311,13613.32,1983.601,5653.848,13652.96,1997.489,5780.203,13592.55,2041.628,5569.579
13679.26,2049.329,5698.638,13560.45,1972.416,5742.365,13613.52,1983.601,5653.895,13653.17,1997.489,5780.245,13592.75,2041.628,5569.651
13679.47,2049.329,5698.672,13560.65,1972.416,5742.416,13613.73,1983.601,5653.92,13653.37,1997.489,5780.28,13592.94,2041.628,5569.729
13679.67,2049.329,5698.7,13560.85,1972.416,5742.46,13613.94,1983.601,5653.952,13653.58,1997.489,5780.308,13593.13,2041.628,5569.801
13679.88,2049.329,5698.72,13561.06,1972.416,5742.498,13614.14,1983.601,5653.99,13653.79,1997.489,5780.33,13593.32,2041.628,5569.892
13680.09,2049.329,5698.748,13561.26,1972.416,5742.528,13614.35,1983.601,5654.013,13653.99,1997.489,5780.345,13593.51,2041.628,5569.977
13680.29,2049.329,5698.787,13561.47,1972.416,5742.552,13614.56,1983.601,5654.039,13654.2,1997.489,5780.357,13593.7,2041.628,5570.056
13680.49,2049.329,5698.832,13561.67,1972.416,5742.594,13614.76,1983.601,5654.072,13654.41,1997.489,5780.374,13593.9,2041.628,5570.128
13680.7,2049.329,5698.87,13561.88,1972.416,5742.628,13614.97,1983.601,5654.112,13654.62,1997.489,5780.392,13594.1,2041.628,5570.194
13680.9,2049.329,5698.902,13562.08,1972.416,5742.656,13615.17,1983.601,5654.158,13654.82,1997.489,5780.418,13594.29,2041.628,5570.266
13681.11,2049.329,5698.927,13562.29,1972.416,5742.677,13615.37,1983.601,5654.211,13655.03,1997.489,5780.437,13594.49,2041.628,5570.342
13681.32,2049.329,5698.954,13562.5,1972.416,5742.7,13615.57,1983.601,5654.284,13655.24,1997.489,5780.449,13594.68,2041.628,5570.424
13681.52,2049.329,5698.988,13562.71,1972.416,5742.712,13615.76,1983.601,5654.351,13655.45,1997.489,5780.455,13594.87,2041.628,5570.512
13681.73,2049.329,5699.017,13562.91,1972.416,5742.732,13615.96,1983.601,5654.411,13655.65,1997.489,5780.467,13595.05,2041.628,5570.61
13681.93,2049.329,5699.052,13563.12,1972.416,5742.758,13616.16,1983.601,5654.464,13655.86,1997.489,5780.464,13595.24,2041.628,5570.702
13682.14,2049.329,5699.082,13563.32,1972.416,5742.813,13616.37,1983.601,5654.511,13656.07,1997.489,5780.467,13595.42,2041.628,5570.791
13682.35,2049.329,5699.106,13563.53,1972.416,5742.861,13616.57,1983.601,5654.564,13656.28,1997.489,5780.476,13595.62,2041.628,5570.874
13682.55,2049.329,5699.124,13563.72,1972.416,5742.924,13616.76,1983.601,5654.637,13656.49,1997.489,5780.491,13595.81,2041.628,5570.95
13682.76,2049.329,5699.136,13563.92,1972.416,5742.981,13616.96,1983.601,5654.715,13656.69,1997.489,5780.511,13596,2041.628,5571.032
13682.97,2049.329,5699.143,13564.13,1972.416,5743.031,13617.15,1983.601,5654.791,13656.9,1997.489,5780.537,13596.19,2041.628,5571.123
13683.18,2049.329,5699.144,13564.33,1972.416,5743.079,13617.34,1983.601,5654.875,13657.11,1997.489,5780.569,13596.38,2041.628,5571.207
13683.39,2049.329,5699.139,13564.53,1972.416,5743.125,13617.53,1983.601,5654.955,13657.31,1997.489,5780.606,13596.58,2041.628,5571.277
13683.59,2049.329,5699.141,13564.74,1972.416,5743.167,13617.73,1983.601,5655.028,13657.52,1997.489,5780.647,13596.78,2041.628,5571.326
13683.8,2049.329,5699.149,13564.94,1972.416,5743.215,13617.93,1983.601,5655.095,13657.72,1997.489,5780.685,13596.98,2041.628,5571.382
13684.01,2049.329,5699.165,13565.14,1972.416,5743.27,13618.12,1983.601,5655.167,13657.92,1997.489,5780.732,13597.18,2041.628,5571.444
13684.22,2049.329,5699.188,13565.34,1972.416,5743.331,13618.32,1983.601,5655.232,13658.13,1997.489,5780.773,13597.38,2041.628,5571.503
13684.42,2049.329,5699.216,13565.54,1972.416,5743.385,13618.51,1983.601,5655.315,13658.33,1997.489,5780.808,13597.58,2041.628,5571.568
13684.63,2049.329,5699.252,13565.74,1972.416,5743.454,13618.71,1983.601,5655.391,13658.54,1997.489,5780.856,13597.77,2041.628,5571.64
13684.83,2049.329,5699.294,13565.94,1972.416,5743.516,13618.9,1983.601,5655.461,13658.74,1997.489,5780.897,13597.96,2041.628,5571.718
13685.04,2049.329,5699.327,13566.14,1972.416,5743.572,13619.1,1983.601,5655.524,13658.95,1997.489,5780.932,13598.16,2041.628,5571.803
13685.25,2049.329,5699.336,13566.34,1972.416,5743.63,13619.3,1983.601,5655.582,13659.15,1997.489,5780.978,13598.35,2041.628,5571.881
13685.45,2049.329,5699.351,13566.54,1972.416,5743.681,13619.5,1983.601,5655.65,13659.35,1997.489,5781.016,13598.54,2041.628,5571.963
13685.66,2049.329,5699.373,13566.74,1972.416,5743.726,13619.69,1983.601,5655.734,13659.56,1997.489,5781.048,13598.73,2041.628,5572.052
13685.87,2049.329,5699.402,13566.95,1972.416,5743.769,13619.88,1983.601,5655.812,13659.77,1997.489,5781.073,13598.93,2041.628,5572.117
13686.07,2049.329,5699.438,13567.15,1972.416,5743.814,13620.08,1983.601,5655.883,13659.97,1997.489,5781.094,13599.12,2041.628,5572.188
13686.28,2049.329,5699.479,13567.36,1972.416,5743.854,13620.27,1983.601,5655.967,13660.18,1997.489,5781.109,13599.32,2041.628,5572.264
13686.48,2049.329,5699.496,13567.55,1972.416,5743.919,13620.46,1983.601,5656.045,13660.39,1997.489,5781.146,13599.51,2041.628,5572.346
13686.69,2049.329,5699.52,13567.75,1972.416,5743.994,13620.65,1983.601,5656.131,13660.59,1997.489,5781.176,13599.7,2041.628,5572.435
13686.9,2049.329,5699.55,13567.94,1972.416,5744.062,13620.84,1983.601,5656.211,13660.8,1997.489,5781.199,13599.89,2041.628,5572.505
13687.1,2049.329,5699.586,13568.14,1972.416,5744.124,13621.04,1983.601,5656.289,13661.01,1997.489,5781.22,13600.09,2041.628,5572.583
13687.31,2049.329,5699.63,13568.34,1972.416,5744.179,13621.23,1983.601,5656.362,13661.21,1997.489,5781.247,13600.28,2041.628,5572.666
13687.51,2049.329,5699.659,13568.55,1972.416,5744.227,13621.43,1983.601,5656.43,13661.41,1997.489,5781.305,13600.46,2041.628,5572.756
13687.72,2049.329,5699.694,13568.75,1972.416,5744.269,13621.63,1983.601,5656.49,13661.62,1997.489,5781.356,13600.65,2041.628,5572.839
13687.92,2049.329,5699.735,13568.96,1972.416,5744.291,13621.82,1983.601,5656.559,13661.82,1997.489,5781.401,13600.84,2041.628,5572.925
13688.13,2049.329,5699.756,13569.16,1972.416,5744.319,13622.02,1983.601,5656.621,13662.02,1997.489,5781.439,13601.02,2041.628,5573.041
13688.33,2049.329,5699.784,13569.37,1972.416,5744.329,13622.22,1983.601,5656.676,13662.23,1997.489,5781.471,13601.19,2041.628,5573.15
13688.54,2049.329,5699.818,13569.58,1972.416,5744.346,13622.43,1983.601,5656.725,13662.44,1997.489,5781.496,13601.38,2041.628,5573.254
13688.74,2049.329,5699.86,13569.79,1972.416,5744.37,13622.63,1983.601,5656.757,13662.64,1997.489,5781.514,13601.56,2041.628,5573.353
13688.94,2049.329,5699.916,13570,1972.416,5744.387,13622.84,1983.601,5656.783,13662.85,1997.489,5781.539,13601.75,2041.628,5573.444
13689.15,2049.329,5699.966,13570.2,1972.416,5744.404,13623.05,1983.601,5656.804,13663.06,1997.489,5781.57,13601.93,2041.628,5573.53
13689.35,2049.329,5700.009,13570.41,1972.416,5744.408,13623.25,1983.601,5656.832,13663.26,1997.489,5781.595,13602.13,2041.628,5573.61
13689.56,2049.329,5700.045,13570.62,1972.416,5744.418,13623.46,1983.601,5656.866,13663.47,1997.489,5781.613,13602.32,2041.628,5573.683
13689.76,2049.329,5700.075,13570.83,1972.416,5744.435,13623.66,1983.601,5656.907,13663.68,1997.489,5781.635,13602.52,2041.628,5573.757
13689.97,2049.329,5700.107,13571.04,1972.416,5744.437,13623.87,1983.601,5656.925,13663.89,1997.489,5781.651,13602.7,2041.628,5573.849
13690.17,2049.329,5700.158,13571.24,1972.416,5744.422,13624.08,1983.601,5656.941,13664.1,1997.489,5781.661,13602.89,2041.628,5573.934
13690.37,2049.329,5700.202,13571.45,1972.416,5744.407,13624.29,1983.601,5656.954,13664.3,1997.489,5781.665,13603.09,2041.628,5574.013
13690.58,2049.329,5700.239,13571.66,1972.416,5744.398,13624.49,1983.601,5656.973,13664.51,1997.489,5781.664,13603.28,2041.628,5574.086
13690.78,2049.329,5700.271,13571.87,1972.416,5744.396,13624.7,1983.601,5657,13664.72,1997.489,5781.668,13603.48,2041.628,5574.152
13690.99,2049.329,5700.297,13572.08,1972.416,5744.401,13624.91,1983.601,5657.021,13664.93,1997.489,5781.678,13603.67,2041.628,5574.227
