9379.799,436.558,10648.51
9379.799,436.558,10648.51
9379.799,436.558,10648.51
9379.799,436.558,10648.51
9379.799,436.558,10648.51
9379.799,436.558,10648.51
9379.799,436.558,10648.51
9379.799,436.558,10648.51
9379.799,436.558,10648.51
9379.799,436.558,10648.51
9379.799,436.558,10648.51
9379.799,436.558,10648.51
9379.799,436.558,10648.51
9379.799,436.558,10648.51
9379.799,436.558,10648.51
9379.799,436.558,10648.51
9379.799,436.558,10648.51
9379.799,436.558,10648.51
9379.799,436.558,10648.51
9379.799,436.558,10648.51
9379.799,436.558,10648.51
9379.799,436.558,10648.51
9379.799,436.558,10648.51
9379.799,436.558,10648.51
9379.799,436.558,10648.51
9379.799,436.558,10648.51
9379.799,436.558,10648.51
9379.799,436.558,10648.51
9379.799,436.558,10648.51
9379.799,436.558,10648.51
9379.798,436.558,10648.51
9379.799,436.558,10648.51
9379.799,436.558,10648.51
9379.799,436.558,10648.51
9379.799,436.558,10648.51
9379.799,436.558,10648.51
9379.799,436.558,10648.51
9379.799,436.558,10648.51
9379.799,436.558,10648.51
9379.799,436.558,10648.51
9379.799,436.558,10648.51
9379.799,436.558,10648.51
9379.799,436.558,10648.51
9379.799,436.558,10648.51
9379.799,436.558,10648.51
9379.799,436.558,10648.51
9379.799,436.558,10648.51
9379.798,436.558,10648.51
9379.799,436.558,10648.51
9379.799,436.558,10648.51
9379.799,436.558,10648.51
9379.799,436.558,10648.51
9379.799,436.558,10648.51
9379.799,436.558,10648.51
9379.798,436.558,10648.51
9379.798,436.558,10648.51
9379.797,436.558,10648.51
9379.797,436.558,10648.51
9379.797,436.558,10648.51
9379.797,436.558,10648.51
9379.797,436.558,10648.51
9379.797,436.558,10648.51
9379.796,436.558,10648.51
9379.795,436.558,10648.51
9379.796,436.558,10648.51
9379.796,436.558,10648.51
9379.796,436.558,10648.51
9379.796,436.558,10648.51
9379.796,436.558,10648.51
9379.796,436.558,10648.51
9379.797,436.558,10648.51
9379.796,436.558,10648.51
9379.796,436.558,10648.51
9379.796,436.558,10648.51
9379.796,436.558,10648.51
9379.796,436.558,10648.51
9379.796,436.558,10648.51
9379.797,436.558,10648.51
9379.796,436.558,10648.51
9379.796,436.558,10648.51
9379.796,436.558,10648.51
9379.796,436.558,10648.51
9379.796,436.558,10648.51
9379.796,436.5581,10648.51
9379.796,436.558,10648.51
9379.795,436.558,10648.51
9379.795,436.558,10648.51
9379.794,436.558,10648.51
9379.794,436.558,10648.51
9379.793,436.558,10648.51
9379.793,436.558,10648.52
9379.792,436.558,10648.52
9379.792,436.558,10648.52
9379.791,436.558,10648.52
9379.791,436.558,10648.52
9379.79,436.558,10648.52
9379.789,436.558,10648.52
9379.789,436.558,10648.52
9379.788,436.558,10648.52
9379.789,436.558,10648.52
9379.788,436.558,10648.52
9379.787,436.558,10648.52
9379.786,436.558,10648.52
9379.786,436.558,10648.52
9379.786,436.558,10648.52
9379.786,436.558,10648.52
9379.786,436.558,10648.52
9379.785,436.558,10648.52
9379.785,436.558,10648.52
9379.785,436.558,10648.52
9379.785,436.558,10648.52
9379.785,436.558,10648.52
9379.785,436.558,10648.52
9379.785,436.558,10648.52
9379.785,436.558,10648.52
9379.785,436.558,10648.52
9379.785,436.558,10648.52
9379.785,436.558,10648.52
9379.785,436.558,10648.52
9379.785,436.558,10648.52
9379.785,436.558,10648.52
9379.785,436.558,10648.52
9379.785,436.558,10648.52
9379.785,436.558,10648.52
9379.785,436.558,10648.52
9379.785,436.558,10648.52
9379.785,436.558,10648.52
9379.785,436.558,10648.52
9379.785,436.5581,10648.52
9379.785,436.558,10648.52
9379.785,436.558,10648.52
9379.785,436.558,10648.52
9379.784,436.558,10648.52
9379.784,436.558,10648.52
9379.784,436.558,10648.52
9379.783,436.558,10648.52
9379.783,436.558,10648.52
9379.782,436.558,10648.53
9379.782,436.558,10648.53
9379.782,436.558,10648.53
9379.782,436.558,10648.53
9379.782,436.558,10648.53
9379.782,436.558,10648.53
9379.781,436.558,10648.53
9379.781,436.558,10648.53
9379.781,436.558,10648.53
9379.781,436.558,10648.53
9379.781,436.558,10648.53
9379.781,436.558,10648.53
9379.781,436.558,10648.53
9379.781,436.558,10648.53
9379.781,436.558,10648.53
9379.781,436.558,10648.53
9379.781,436.558,10648.53
9379.781,436.558,10648.53
9379.781,436.558,10648.53
9379.781,436.558,10648.53
9379.781,436.558,10648.53
9379.781,436.558,10648.53
9379.781,436.558,10648.53
9379.781,436.558,10648.53
9379.781,436.558,10648.53
9379.781,436.558,10648.53
9379.781,436.558,10648.53
9379.781,436.558,10648.53
9379.781,436.558,10648.53
9379.78,436.558,10648.53
9379.78,436.558,10648.53
9379.781,436.558,10648.53
9379.781,436.558,10648.53
9379.781,436.558,10648.53
9379.781,436.558,10648.53
9379.781,436.558,10648.53
9379.781,436.558,10648.53
9379.781,436.558,10648.53
9379.781,436.558,10648.53
9379.781,436.558,10648.53
9379.781,436.558,10648.53
9379.781,436.558,10648.53
9379.781,436.558,10648.53
9379.781,436.558,10648.53
9379.78,436.558,10648.53
9379.78,436.558,10648.53
9379.781,436.558,10648.53
9379.781,436.5581,10648.53
9379.781,436.558,10648.53
9379.781,436.558,10648.53
9379.781,436.5579,10648.53
9379.781,436.5233,10648.53
9379.781,436.4423,10648.53
9379.781,436.3147,10648.53
9379.781,436.1439,10648.53
9379.781,435.8593,10648.53
9379.781,435.7725,10648.53
9379.781,435.4072,10648.53
9379.781,435.1548,10648.53
9379.781,434.8317,10648.53
9379.781,434.6747,10648.53
9379.781,434.4456,10648.53
9379.781,434.2238,10648.53
9379.781,434.0085,10648.53
9379.781,433.7996,10648.53
9379.781,433.598,10648.53
9379.781,433.4022,10648.53
9379.781,433.2124,10648.53
9379.781,433.0284,10648.53
9379.781,432.8504,10648.53
9379.781,432.678,10648.53
9379.781,432.5105,10648.53
9379.781,432.3482,10648.53
9379.781,432.1914,10648.53
9379.781,432.0394,10648.53
9379.781,431.8918,10648.53
9379.781,431.7484,10648.53
9379.781,431.5743,10648.53
9379.781,431.5286,10648.53
9379.781,431.3209,10648.53
9379.781,431.2204,10648.53
9379.781,431.0982,10648.53
9379.781,430.9798,10648.53
9379.781,430.8653,10648.53
9379.781,430.7543,10648.53
9379.781,430.615,10648.53
9379.781,430.5288,10648.53
9379.781,430.4413,10648.53
9379.781,430.343,10648.53
9379.781,430.2484,10648.53
9379.781,430.1565,10648.53
9379.781,430.0673,10648.53
9379.781,429.9808,10648.53
9379.781,429.8973,10648.53
9379.781,429.8163,10648.53
9379.781,429.7377,10648.53
9379.781,429.6614,10648.53
9379.781,429.5638,10648.53
9379.781,429.5162,10648.53
9379.781,429.4471,10648.53
9379.781,429.38,10648.53
9379.781,429.3149,10648.53
9379.781,429.2517,10648.53
9379.781,429.1909,10648.53
9379.781,429.1202,10648.53
9379.781,429.0631,10648.53
9379.781,429.0079,10648.53
9379.781,428.9544,10648.53
9379.781,428.9128,10648.53
9379.781,428.8473,10648.53
9379.781,428.8196,10648.53
9379.781,428.7502,10648.53
9379.781,428.7195,10648.53
9379.781,428.6751,10648.53
9379.781,428.6405,10648.53
9379.781,428.5636,10648.53
9379.781,428.5536,10648.53
9379.781,428.5102,10648.53
9379.781,428.4721,10648.53
9379.781,428.4352,10648.53
9379.781,428.4133,10648.53
9379.78,428.3649,10648.53
9379.781,428.3311,10648.53
9379.781,428.2903,10648.53
9379.782,428.2795,10648.53
9379.781,428.2367,10648.53
9379.781,428.1955,10648.53
9379.781,428.186,10648.53
9379.781,428.1506,10648.53
9379.781,428.1237,10648.53
9379.781,428.0975,10648.53
9379.781,428.0723,10648.53
9379.781,428.0526,10648.53
9379.781,428.0162,10648.53
9379.78,428.001,10648.53
9379.779,427.9785,10648.53
9379.779,427.9542,10648.53
9379.779,427.9361,10648.53
9379.779,427.9157,10648.53
9379.778,427.8962,10648.53
9379.778,427.8771,10648.53
9379.778,427.8587,10648.53
9379.779,427.8407,10648.53
9379.777,427.8189,10648.53
9379.777,427.8132,10648.53
9379.777,427.7904,10648.53
9379.776,427.7685,10648.54
9379.776,427.7584,10648.54
9379.776,427.7444,10648.54
9379.776,427.7302,10648.54
9379.776,427.7162,10648.54
9379.775,427.7027,10648.54
9379.775,427.6898,10648.54
9379.774,427.6796,10648.54
9379.775,427.6601,10648.54
9379.775,427.6562,10648.54
9379.774,427.6415,10648.54
9379.774,427.6304,10648.54
9379.774,427.6196,10648.54
9379.774,427.6081,10648.54
9379.774,427.5963,10648.54
9379.774,427.5872,10648.54
9379.774,427.5749,10648.54
9379.774,427.5726,10648.54
9379.774,427.5614,10648.54
9379.773,427.5554,10648.55
9379.773,427.5433,10648.55
9379.773,427.5378,10648.55
9379.773,427.5284,10648.55
9379.773,427.5214,10648.55
9379.773,427.5104,10648.55
9379.773,427.5056,10648.55
9379.773,427.4992,10648.55
9379.773,427.4925,10648.55
9379.773,427.4859,10648.55
9379.773,427.4796,10648.55
9379.773,427.4734,10648.55
9379.773,427.4686,10648.55
9379.772,427.4572,10648.56
9379.772,427.4532,10648.56
9379.773,427.4501,10648.56
9379.773,427.4454,10648.56
9379.773,427.4384,10648.56
9379.774,427.4355,10648.56
9379.774,427.4308,10648.56
9379.774,427.4261,10648.56
9379.774,427.4216,10648.56
9379.774,427.4173,10648.56
9379.774,427.4131,10648.56
9379.774,427.409,10648.56
9379.774,427.4051,10648.56
9379.775,427.4012,10648.56
9379.775,427.3976,10648.56
9379.775,427.394,10648.56
9379.775,427.3905,10648.56
9379.775,427.3862,10648.56
9379.775,427.3843,10648.56
9379.775,427.3797,10648.56
9379.775,427.3776,10648.56
9379.775,427.3752,10648.56
9379.775,427.3718,10648.56
9379.775,427.3693,10648.56
9379.775,427.3663,10648.56
9379.775,427.3637,10648.56
9379.775,427.3611,10648.56
9379.775,427.3587,10648.56
9379.775,427.3563,10648.56
9379.775,427.3542,10648.56
9379.775,427.3517,10648.56
9379.775,427.3496,10648.56
9379.775,427.3475,10648.56
9379.775,427.346,10648.56
9379.775,427.3435,10648.57
9379.775,427.3416,10648.57
9379.775,427.3397,10648.57
9379.776,427.3375,10648.57
9379.776,427.3369,10648.57
9379.776,427.3344,10648.57
9379.777,427.3328,10648.57
9379.777,427.3313,10648.57
9379.777,427.3297,10648.57
9379.777,427.3282,10648.57
9379.778,427.3268,10648.57
9379.778,427.3254,10648.57
9379.778,427.324,10648.57
9379.779,427.3228,10648.57
9379.779,427.3215,10648.57
9379.779,427.3199,10648.57
9379.78,427.3195,10648.57
9379.78,427.3179,10648.58
9379.78,427.3168,10648.58
9379.781,427.3156,10648.58
9379.781,427.3145,10648.58
9379.781,427.3138,10648.58
9379.782,427.3126,10648.58
9379.782,427.3117,10648.58
9379.782,427.3108,10648.58
9379.782,427.3101,10648.58
9379.782,427.309,10648.58
9379.782,427.3084,10648.58
9379.782,427.3073,10648.58
9379.782,427.3065,10648.58
9379.782,427.3058,10648.58
9379.786,427.305,10648.58
9379.854,427.3044,10648.56
9379.937,427.304,10648.54
9380.104,427.3037,10648.51
9380.337,427.3036,10648.46
9380.626,427.3033,10648.4
9380.96,427.3031,10648.32
9381.299,427.3027,10648.25
9381.629,427.3022,10648.18
9381.985,427.3016,10648.11
9382.253,427.3011,10648.05
9382.667,427.3002,10647.96
9382.858,427.2999,10647.92
9383.12,427.2993,10647.87
9383.363,427.2987,10647.81
9383.756,427.2979,10647.73
9383.841,427.2977,10647.71
9384.155,427.2971,10647.64
9384.395,427.2965,10647.59
9384.629,427.296,10647.54
9385.015,427.2952,10647.46
9385.175,427.2949,10647.42
9385.28,427.2946,10647.4
9385.564,427.294,10647.34
9385.695,427.2938,10647.31
9385.949,427.2932,10647.26
9386.011,427.2931,10647.24
9386.241,427.2926,10647.19
9386.416,427.2923,10647.16
9386.585,427.2919,10647.12
9386.75,427.2915,10647.09
9386.908,427.2913,10647.05
9387.017,427.291,10647.03
9387.24,427.2906,10646.98
9387.411,427.2903,10646.95
9387.514,427.29,10646.93
9387.631,427.2897,10646.9
9387.778,427.2895,10646.87
9387.889,427.2892,10646.84
9388.013,427.289,10646.82
9388.131,427.2888,10646.79
9388.225,427.2885,10646.78
9388.391,427.2883,10646.74
9388.427,427.2882,10646.73
9388.575,427.2879,10646.7
9388.717,427.2876,10646.67
9388.75,427.2875,10646.66
9388.897,427.2872,10646.63
9388.955,427.2871,10646.62
9389.092,427.2868,10646.59
9389.148,427.2867,10646.57
9389.229,427.2866,10646.56
9389.311,427.2865,10646.54
9389.39,427.2863,10646.53
9389.467,427.2862,10646.5
9389.542,427.2861,10646.49
9389.615,427.2859,10646.48
9389.67,427.2858,10646.46
9389.778,427.2856,10646.44
9389.843,427.2855,10646.43
9389.865,427.2854,10646.42
9389.943,427.2852,10646.41
9390.004,427.2851,10646.39
9390.063,427.285,10646.38
9390.117,427.2849,10646.37
9390.172,427.2847,10646.35
9390.224,427.2846,10646.34
9390.275,427.2845,10646.33
9390.324,427.2845,10646.33
9390.373,427.2845,10646.31
9390.42,427.2843,10646.3
9390.465,427.2843,10646.29
9390.509,427.2842,10646.29
9390.551,427.2841,10646.28
9390.592,427.2841,10646.27
9390.632,427.284,10646.26
9390.671,427.284,10646.25
9390.716,427.2838,10646.25
9390.751,427.2838,10646.24
9390.771,427.2838,10646.23
9390.826,427.2837,10646.22
9390.859,427.2836,10646.21
9390.881,427.2835,10646.21
9390.908,427.2835,10646.2
9390.939,427.2834,10646.2
9390.969,427.2834,10646.19
9390.997,427.2833,10646.18
9391.026,427.2832,10646.18
9391.055,427.2832,10646.17
9391.085,427.2831,10646.17
9391.104,427.2831,10646.16
9391.128,427.283,10646.16
9391.152,427.2829,10646.15
9391.185,427.2828,10646.15
9391.207,427.2827,10646.14
9391.217,427.2827,10646.14
9391.245,427.2827,10646.14
9391.252,427.2826,10646.14
9391.279,427.2825,10646.13
9391.299,427.2825,10646.13
9391.323,427.2824,10646.12
9391.336,427.2824,10646.12
9391.358,427.2825,10646.11
9391.369,427.2824,10646.11
9391.387,427.2824,10646.11
9391.405,427.2824,10646.1
9391.416,427.2824,10646.1
9391.43,427.2824,10646.09
9391.449,427.2824,10646.09
9391.46,427.2824,10646.09
9391.473,427.2824,10646.09
9391.483,427.2824,10646.09
9391.496,427.2824,10646.08
9391.509,427.2824,10646.08
9391.517,427.2824,10646.08
9391.535,427.2824,10646.08
9391.542,427.2824,10646.08
9391.553,427.2824,10646.08
9391.563,427.2824,10646.07
9391.572,427.2824,10646.07
9391.583,427.2824,10646.07
9391.594,427.2824,10646.07
9391.603,427.2824,10646.06
9391.609,427.2824,10646.06
9391.618,427.2824,10646.06
9391.626,427.2824,10646.06
9391.632,427.2824,10646.06
9391.644,427.2824,10646.06
9391.648,427.2824,10646.05
9391.658,427.2824,10646.05
9391.665,427.2824,10646.05
9391.671,427.2824,10646.05
9391.678,427.2824,10646.04
9391.683,427.2824,10646.04
9391.689,427.2824,10646.04
9391.695,427.2824,10646.04
9391.7,427.2824,10646.04
9391.711,427.2824,10646.03
9391.713,427.2824,10646.03
9391.721,427.2824,10646.03
9391.726,427.2824,10646.03
9391.729,427.2824,10646.03
9391.733,427.2824,10646.03
9391.737,427.2824,10646.02
9391.741,427.2824,10646.02
9391.746,427.2824,10646.02
9391.75,427.2824,10646.02
9391.754,427.2824,10646.03
9391.759,427.2824,10646.02
9391.764,427.2824,10646.02
9391.767,427.2824,10646.02
9391.77,427.2824,10646.02
9391.773,427.2824,10646.02
9391.778,427.2824,10646.02
9391.782,427.2824,10646.02
9391.786,427.2824,10646.02
9391.79,427.2824,10646.03
9391.793,427.2824,10646.02
9391.795,427.2824,10646.02
9391.798,427.2824,10646.03
9391.799,427.2824,10646.02
9391.802,427.2824,10646.03
9391.804,427.2824,10646.02
9391.805,427.2824,10646.02
9391.808,427.2824,10646.02
9391.81,427.2824,10646.02
9391.813,427.2824,10646.02
9391.813,427.2824,10646.02
9391.814,427.2824,10646.02
9391.816,427.2824,10646.02
9391.82,427.2824,10646.03
9391.821,427.2824,10646.02
9391.824,427.2824,10646.02
9391.828,427.2824,10646.03
9391.83,427.2824,10646.03
9391.832,427.2824,10646.03
9391.835,427.2824,10646.03
9391.838,427.2824,10646.03
9391.84,427.2824,10646.03
9391.843,427.2824,10646.03
9391.847,427.2824,10646.03
9391.847,427.2824,10646.03
9391.851,427.2824,10646.03
9391.854,427.2824,10646.03
9391.854,427.2824,10646.03
9391.858,427.2824,10646.03
9391.86,427.2824,10646.03
9391.864,427.2824,10646.03
9391.865,427.2824,10646.03
9391.868,427.2824,10646.03
9391.871,427.2824,10646.03
9391.873,427.2824,10646.03
9391.873,427.2824,10646.03
9391.873,427.2824,10646.03
9391.874,427.2824,10646.03
9391.875,427.2824,10646.03
9391.874,427.2824,10646.03
9391.874,427.2824,10646.03
9391.874,427.2824,10646.03
9391.874,427.2824,10646.03
9391.874,427.2824,10646.03
9391.874,427.2824,10646.03
9391.874,427.2824,10646.03
9391.874,427.2824,10646.03
9391.874,427.2824,10646.03
9391.874,427.2824,10646.03
9391.874,427.2824,10646.03
9391.874,427.2824,10646.03
9391.874,427.2824,10646.03
9391.874,427.2824,10646.03
9391.874,427.2824,10646.03
9391.874,427.2824,10646.03
9391.874,427.2824,10646.03
9391.874,427.2824,10646.03
9391.874,427.2824,10646.03
9391.874,427.2824,10646.03
9391.874,427.2824,10646.03
9391.874,427.2824,10646.03
9391.874,427.2824,10646.03
9391.874,427.2824,10646.03
9391.874,427.2824,10646.03
9391.874,427.2824,10646.03
9391.874,427.2824,10646.03
9391.875,427.2824,10646.03
9391.875,427.2824,10646.03
9391.876,427.2824,10646.03
9391.876,427.2824,10646.03
9391.877,427.2824,10646.03
9391.877,427.2824,10646.03
9391.878,427.2824,10646.03
9391.879,427.2824,10646.03
9391.879,427.2824,10646.03
9391.88,427.2824,10646.03
9391.88,427.2824,10646.03
9391.881,427.2824,10646.03
9391.881,427.2824,10646.03
9391.882,427.2824,10646.03
9391.884,427.2824,10646.03
9391.885,427.2824,10646.03
9391.884,427.2824,10646.03
9391.885,427.2824,10646.03
9391.886,427.2824,10646.03
9391.886,427.2824,10646.03
9391.887,427.2824,10646.03
9391.887,427.2824,10646.03
9391.888,427.2824,10646.03
9391.889,427.2824,10646.03
9391.89,427.2824,10646.03
9391.89,427.2824,10646.03
9391.89,427.2824,10646.03
9391.891,427.2824,10646.03
9391.891,427.2824,10646.03
9391.891,427.2824,10646.03
9391.891,427.2824,10646.03
9391.891,427.2824,10646.03
9391.891,427.2824,10646.03
9391.891,427.2824,10646.03
9391.891,427.2824,10646.03
9391.891,427.2824,10646.03
9391.891,427.2824,10646.03
9391.891,427.2824,10646.03
9391.891,427.2824,10646.03
9391.892,427.2824,10646.03
9391.892,427.2824,10646.03
9391.893,427.2824,10646.03
9391.893,427.2824,10646.03
9391.894,427.2824,10646.03
9391.894,427.2824,10646.03
9391.895,427.2824,10646.03
9391.895,427.2824,10646.03
9391.896,427.2824,10646.03
9391.896,427.2824,10646.03
9391.896,427.2824,10646.03
9391.897,427.2824,10646.03
9391.897,427.2824,10646.03
9391.898,427.2824,10646.03
9391.898,427.2824,10646.03
9391.898,427.2824,10646.03
9391.898,427.2824,10646.03
9391.898,427.2824,10646.03
9391.898,427.2824,10646.03
9391.898,427.2824,10646.03
9391.898,427.2824,10646.03
9391.898,427.2824,10646.03
9391.898,427.2824,10646.03
9391.898,427.2824,10646.03
9391.898,427.2824,10646.03
9391.898,427.2824,10646.03
9391.898,427.2824,10646.03
9391.898,427.2824,10646.03
9391.898,427.2824,10646.03
9391.898,427.2824,10646.03
9391.898,427.2824,10646.03
9391.898,427.2824,10646.03
9391.898,427.2824,10646.03
9391.899,427.2824,10646.03
9391.899,427.2824,10646.03
9391.9,427.2824,10646.03
9391.9,427.2824,10646.03
9391.901,427.2824,10646.03
9391.902,427.2824,10646.03
9391.902,427.2824,10646.03
9391.903,427.2824,10646.03
9391.903,427.2824,10646.03
9391.904,427.2824,10646.03
9391.904,427.2824,10646.03
9391.905,427.2824,10646.03
9391.906,427.2824,10646.03
9391.904,427.2824,10646.03
9391.905,427.2824,10646.03
9391.905,427.2824,10646.03
9391.905,427.2824,10646.03
9391.905,427.2824,10646.03
9391.905,427.2824,10646.03
9391.905,427.2824,10646.03
9391.905,427.2824,10646.03
9391.905,427.2824,10646.03
9391.905,427.2824,10646.03
9391.905,427.2824,10646.03
9391.905,427.2824,10646.03
9391.905,427.2824,10646.03
9391.906,427.2824,10646.03
9391.906,427.2824,10646.03
9391.907,427.2824,10646.03
9391.907,427.2824,10646.03
9391.908,427.2824,10646.03
9391.908,427.2824,10646.03
9391.91,427.2824,10646.03
9391.91,427.2824,10646.03
9391.91,427.2824,10646.03
9391.91,427.2824,10646.03
9391.91,427.2824,10646.03
9391.911,427.2824,10646.03
9391.911,427.2824,10646.03
9391.911,427.2824,10646.03
9391.91,427.2824,10646.03
9391.911,427.2824,10646.03
9391.911,427.2824,10646.03
9391.911,427.2824,10646.03
9391.91,427.2824,10646.03
9391.911,427.2824,10646.03
9391.912,427.2824,10646.03
9391.911,427.2824,10646.03
9391.911,427.2824,10646.03
9391.91,427.2824,10646.03
9391.911,427.2824,10646.03
9391.912,427.2824,10646.03
9391.911,427.2824,10646.03
9391.911,427.2824,10646.03
9391.911,427.2824,10646.03
9391.911,427.2824,10646.03
9391.911,427.2824,10646.03
9391.911,427.2824,10646.03
9391.911,427.2824,10646.03
9391.911,427.2824,10646.03
9391.912,427.2824,10646.02
9391.912,427.2824,10646.02
9391.913,427.2824,10646.02
9391.913,427.2824,10646.02
9391.913,427.2824,10646.02
9391.914,427.2824,10646.02
9391.914,427.2824,10646.02
9391.914,427.2824,10646.02
9391.914,427.2824,10646.02
9391.914,427.2824,10646.02
9391.914,427.2824,10646.02
9391.914,427.2824,10646.02
9391.914,427.2824,10646.02
9391.914,427.2824,10646.02
9391.914,427.2824,10646.02
9391.914,427.2824,10646.02
9391.914,427.2824,10646.02
9391.914,427.2824,10646.02
9391.914,427.2824,10646.02
9391.914,427.2824,10646.02
9391.914,427.2824,10646.02
9391.914,427.2824,10646.02
9391.914,427.2824,10646.02
9391.914,427.2824,10646.02
9391.914,427.2824,10646.02
9391.914,427.2824,10646.02
9391.914,427.2824,10646.02
9391.914,427.2824,10646.02
9391.914,427.2824,10646.02
9391.914,427.2824,10646.02
9391.914,427.2824,10646.02
9391.914,427.2824,10646.02
9391.914,427.2824,10646.02
9391.914,427.2824,10646.02
9391.914,427.2824,10646.02
9391.914,427.2824,10646.02
9391.914,427.2824,10646.02
9391.914,427.2824,10646.02
9391.914,427.2824,10646.02
9391.914,427.2824,10646.02
9391.914,427.2824,10646.02
9391.914,427.2824,10646.02
9391.916,427.2824,10646.02
9391.914,427.2824,10646.02
9391.915,427.2824,10646.02
9391.916,427.2824,10646.02
9391.916,427.2824,10646.02
9391.916,427.2824,10646.02
9391.917,427.2824,10646.02
9391.917,427.2824,10646.02
9391.917,427.2824,10646.02
9391.917,427.2824,10646.02
9391.917,427.2824,10646.02
9391.917,427.2824,10646.02
9391.917,427.2824,10646.02
9391.918,427.2824,10646.02
9391.918,427.2824,10646.02
9391.918,427.2824,10646.02
9391.918,427.2824,10646.02
9391.918,427.2824,10646.02
9391.918,427.2824,10646.02
9391.918,427.2824,10646.02
9391.918,427.2824,10646.02
9391.918,427.2824,10646.02
9391.918,427.2824,10646.02
9391.918,427.2824,10646.02
9391.918,427.2824,10646.02
9391.918,427.2824,10646.02
9391.918,427.2824,10646.02
9391.918,427.2824,10646.02
9391.918,427.2824,10646.02
9391.918,427.2824,10646.02
9391.918,427.2824,10646.02
9391.918,427.2824,10646.02
9391.918,427.2824,10646.02
9391.918,427.2824,10646.02
9391.918,427.2824,10646.02
9391.918,427.2824,10646.02
9391.918,427.2824,10646.02
9391.918,427.2824,10646.02
9391.918,427.2824,10646.02
9391.918,427.2824,10646.02
9391.918,427.2824,10646.02
9391.918,427.2824,10646.02
9391.918,427.2824,10646.02
9391.918,427.2824,10646.02
9391.918,427.2824,10646.02
9391.918,427.2824,10646.02
9391.918,427.2824,10646.02
9391.918,427.2824,10646.02
9391.918,427.2824,10646.02
9391.918,427.2824,10646.02
9391.918,427.2824,10646.02
9391.918,427.2824,10646.02
9391.918,427.2824,10646.02
9391.918,427.2824,10646.02
9391.918,427.2824,10646.02
9391.918,427.2824,10646.02
9391.918,427.2824,10646.02
9391.918,427.2824,10646.02
9391.918,427.2824,10646.02
9391.918,427.2824,10646.02
9391.918,427.2824,10646.02
9391.918,427.2824,10646.02
9391.918,427.2824,10646.02
9391.918,427.2824,10646.02
9391.918,427.2824,10646.02
9391.918,427.2824,10646.02
9391.918,427.2824,10646.02
9391.918,427.2824,10646.02
9391.918,427.2824,10646.02
9391.918,427.2824,10646.02
9391.918,427.2824,10646.02
9391.918,427.2824,10646.02
9391.918,427.2824,10646.02
9391.918,427.2824,10646.02
9391.918,427.2824,10646.02
9391.918,427.2824,10646.02
9391.918,427.2824,10646.02
9391.918,427.2824,10646.02
9391.918,427.2824,10646.02
9391.918,427.2824,10646.02
9391.918,427.2824,10646.02
9391.918,427.2824,10646.02
9391.918,427.2824,10646.02
9391.918,427.2824,10646.02
9391.918,427.2824,10646.02
9391.918,427.2824,10646.02
9391.918,427.2824,10646.02
9391.918,427.2824,10646.02
9391.918,427.2824,10646.02
9391.918,427.2824,10646.02
9391.918,427.2824,10646.02
9391.918,427.2824,10646.02
9391.918,427.2824,10646.02
9391.918,427.2824,10646.02
9391.918,427.2824,10646.02
9391.918,427.2824,10646.02
9391.918,427.2824,10646.02
9391.918,427.2824,10646.02
9391.918,427.2824,10646.02
9391.918,427.2824,10646.02
9391.918,427.2824,10646.02
9391.919,427.2824,10646.02
9391.918,427.2824,10646.02
9391.918,427.2824,10646.02
9391.918,427.2824,10646.02
9391.918,427.2824,10646.02
9391.918,427.2824,10646.02
9391.918,427.2824,10646.02
9391.918,427.2824,10646.02
9391.918,427.2824,10646.02
9391.918,427.2824,10646.02
9391.918,427.2824,10646.02
9391.918,427.2824,10646.02
9391.918,427.2824,10646.02
9391.918,427.2824,10646.02
9391.918,427.2824,10646.02
9391.918,427.2824,10646.02
9391.918,427.2824,10646.02
9391.918,427.2824,10646.02
9391.918,427.2824,10646.02
9391.918,427.2824,10646.02
9391.918,427.2824,10646.02
9391.918,427.2824,10646.02
9391.918,427.2824,10646.02
9391.919,427.2824,10646.02
9391.918,427.2824,10646.02
9391.918,427.2824,10646.02
9391.918,427.2824,10646.02
9391.918,427.2824,10646.02
9391.918,427.2824,10646.02
9391.918,427.2824,10646.02
9391.918,427.2824,10646.02
9391.918,427.2824,10646.02
9391.918,427.2824,10646.02
9391.918,427.2824,10646.02
9391.905,427.2825,10645.98
9391.895,427.2826,10645.96
9391.83,427.2831,10645.77
9391.757,427.2835,10645.57
9391.639,427.2841,10645.24
9391.604,427.2842,10645.14
9391.469,427.2845,10644.77
9391.374,427.2845,10644.51
9391.284,427.2844,10644.26
9391.195,427.2845,10644.01
9391.11,427.2843,10643.77
9391.027,427.2842,10643.54
9390.938,427.2842,10643.29
9390.804,427.2845,10642.92
9390.707,427.2846,10642.65
9390.498,427.2851,10642.06
9390.327,427.2855,10641.59
9390.248,427.2856,10641.36
9390.03,427.2858,10640.76
9389.814,427.2858,10640.15
9389.665,427.2857,10639.74
9389.559,427.2856,10639.44
9389.39,427.2855,10638.97
9389.218,427.2853,10638.49
9389.111,427.2852,10638.2
9388.973,427.285,10637.81
9388.838,427.2849,10637.43
9388.708,427.2848,10637.07
9388.583,427.2846,10636.72
9388.46,427.2845,10636.37
9388.34,427.2843,10636.03
9388.226,427.2842,10635.72
9388.115,427.2841,10635.4
9388.007,427.2841,10635.1
9387.9,427.2839,10634.8
9387.76,427.2838,10634.41
9387.728,427.2838,10634.32
9387.579,427.2837,10633.91
9387.512,427.2836,10633.72
9387.423,427.2835,10633.47
9387.336,427.2834,10633.22
9387.251,427.2834,10632.99
9387.17,427.2834,10632.76
9387.091,427.2833,10632.54
9387.015,427.2833,10632.33
9386.939,427.2832,10632.12
9386.868,427.2832,10631.92
9386.812,427.2831,10631.77
9386.708,427.2831,10631.48
9386.663,427.283,10631.36
9386.6,427.283,10631.18
9386.525,427.283,10630.98
9386.479,427.283,10630.84
9386.397,427.2829,10630.62
9386.36,427.2829,10630.52
9386.269,427.2828,10630.26
9386.256,427.281,10630.22
9386.206,427.2491,10630.09
9386.157,427.1631,10629.95
9386.11,427.0329,10629.81
9386.063,426.8578,10629.68
9386.02,426.6382,10629.56
9385.964,426.3015,10629.41
9385.948,426.1907,10629.37
9385.893,425.781,10629.21
9385.854,425.4896,10629.1
9385.814,425.2103,10628.99
9385.778,424.9262,10628.89
9385.741,424.6091,10628.79
9385.72,424.3904,10628.73
9385.659,423.6799,10628.55
9385.635,423.3646,10628.49
9385.613,423.0513,10628.43
9385.576,422.5253,10628.33
9385.546,422.0982,10628.24
9385.518,421.6843,10628.16
9385.488,421.2741,10628.08
9385.45,420.6487,10627.98
9385.416,419.9833,10627.89
9385.405,419.7508,10627.85
9385.385,419.3077,10627.8
9385.359,418.7342,10627.73
9385.339,418.2959,10627.66
9385.315,417.8034,10627.6
9385.289,417.2144,10627.53
9385.28,417.0453,10627.51
9385.253,416.4352,10627.43
9385.226,415.8363,10627.35
9385.22,415.6976,10627.33
9385.191,415.0765,10627.26
9385.178,414.7884,10627.22
9385.163,414.4862,10627.18
9385.139,413.9229,10627.1
9385.127,413.6843,10627.07
9385.111,413.3398,10627.03
9385.099,413.0732,10627
9385.076,412.5765,10626.93
9385.065,412.3661,10626.9
9385.053,412.04,10626.86
9385.036,411.5913,10626.82
9385.025,411.2793,10626.79
9385.014,410.8326,10626.76
9384.996,410.2428,10626.71
9384.988,409.9518,10626.69
9384.975,409.4455,10626.65
9384.96,408.9273,10626.61
9384.957,408.8289,10626.6
9384.943,408.2969,10626.56
9384.937,408.0414,10626.54
9384.924,407.6121,10626.51
9384.915,407.2643,10626.48
9384.904,406.9264,10626.46
9384.896,406.5987,10626.43
9384.889,406.2808,10626.41
9384.88,405.974,10626.38
9384.872,405.676,10626.36
9384.863,405.3873,10626.33
9384.854,405.1051,10626.32
9384.847,404.7676,10626.29
9384.843,404.6738,10626.28
9384.833,404.3191,10626.25
9384.827,404.0721,10626.24
9384.821,403.8334,10626.22
9384.815,403.602,10626.2
9384.81,403.3773,10626.18
9384.803,403.1581,10626.17
9384.795,402.8811,10626.15
9384.791,402.7444,10626.13
9384.784,402.547,10626.12
9384.778,402.3553,10626.1
9384.773,402.1695,10626.09
9384.771,401.989,10626.08
9384.767,401.815,10626.06
9384.763,401.6461,10626.04
9384.759,401.4822,10626.03
9384.756,401.3221,10626.02
9384.75,401.1095,10626.01
9384.746,400.9634,10625.99
9384.745,400.9154,10625.99
9384.739,400.7083,10625.97
9384.735,400.6018,10625.96
9384.729,400.4175,10625.95
9384.726,400.2922,10625.94
9384.723,400.2029,10625.93
9384.72,400.0989,10625.92
9384.715,399.9828,10625.92
9384.713,399.8708,10625.91
9384.71,399.7621,10625.9
9384.707,399.6565,10625.89
9384.705,399.5152,10625.88
9384.704,399.4823,10625.88
9384.702,399.3404,10625.87
9384.7,399.2488,10625.86
9384.698,399.1765,10625.85
9384.697,399.0892,10625.85
9384.695,399.0045,10625.84
9384.692,398.9227,10625.83
9384.691,398.8434,10625.83
9384.689,398.7663,10625.82
9384.688,398.6916,10625.81
9384.687,398.6196,10625.81
9384.685,398.5356,10625.8
9384.683,398.4822,10625.79
9384.679,398.3905,10625.79
9384.678,398.3484,10625.79
9384.676,398.2904,10625.78
9384.669,398.2308,10625.77
9384.632,398.173,10625.73
9384.55,398.1172,10625.65
9384.427,398.063,10625.52
9384.254,398.0108,10625.34
9384.042,397.9602,10625.12
9383.792,397.9111,10624.87
9383.613,397.8809,10624.69
9383.104,397.8086,10624.17
9382.82,397.7727,10623.88
9382.472,397.7293,10623.52
9382.135,397.6869,10623.17
9381.809,397.6459,10622.84
9381.429,397.5981,10622.45
9381.067,397.5525,10622.09
9380.854,397.5255,10621.87
9380.654,397.5004,10621.66
9380.302,397.4586,10621.3
9380.004,397.4283,10621
9379.436,397.3796,10620.42
9379.3,397.3691,10620.29
9378.74,397.33,10619.71
9378.267,397.3004,10619.23
9377.761,397.2716,10618.71
9377.282,397.2469,10618.23
9376.426,397.2066,10617.36
9376.226,397.1979,10617.15
9375.262,397.159,10616.17
9374.851,397.1435,10615.75
9373.828,397.1081,10614.71
9373.595,397.1004,10614.47
9372.509,397.0674,10613.37
9371.921,397.0504,10612.77
9370.821,397.021,10611.65
9370.285,397.0076,10611.1
9369.514,396.9891,10610.32
9368.67,396.9701,10609.46
9367.622,396.9478,10608.39
9366.747,396.9302,10607.51
9366.02,396.9162,10606.77
9364.812,396.8943,10605.54
9364.038,396.881,10604.75
9363.203,396.8672,10603.9
9362.233,396.852,10602.92
9361.245,396.8371,10601.9
9360.244,396.8227,10600.87
9359.231,396.8088,10599.82
9358.209,396.7953,10598.76
9357.173,396.7822,10597.67
9356.128,396.7695,10596.57
9355.077,396.7572,10595.45
9353.603,396.7408,10593.86
9353.248,396.7368,10593.47
9351.45,396.7182,10591.5
9350.53,396.7089,10590.47
9350.134,396.7049,10590.03
9348.121,396.6844,10587.78
9347.247,396.6754,10586.81
9347.007,396.6729,10586.54
9345.822,396.6606,10585.21
9344.915,396.6512,10584.21
9344.043,396.6421,10583.22
9343.165,396.633,10582.25
9342.042,396.6213,10580.99
9341.569,396.6164,10580.46
9340.787,396.6084,10579.59
9340.038,396.6006,10578.75
9339.165,396.5915,10577.78
9338.472,396.5844,10577.01
9337.923,396.5787,10576.4
9337.261,396.5719,10575.66
9336.617,396.5653,10574.94
9335.997,396.5589,10574.25
9335.396,396.5526,10573.58
9334.813,396.5467,10572.93
9334.245,396.5408,10572.29
9333.699,396.5352,10571.68
9333.169,396.5298,10571.09
9332.654,396.5245,10570.52
9332.154,396.5193,10569.96
9331.672,396.5143,10569.42
9331.204,396.5096,10568.9
9330.75,396.5049,10568.39
9330.309,396.5004,10567.9
9329.885,396.4961,10567.43
9329.472,396.4919,10566.97
9329.072,396.4878,10566.52
9328.684,396.4838,10566.09
9328.348,396.4804,10565.72
9327.807,396.4749,10565.12
9327.688,396.4736,10564.98
9327.117,396.4678,10564.35
9326.812,396.4647,10564.01
9326.597,396.4626,10563.76
9326.286,396.4594,10563.42
9325.985,396.4563,10563.08
9325.605,396.4525,10562.66
9325.45,396.4509,10562.49
9325.047,396.4468,10562.04
9324.871,396.445,10561.85
9324.604,396.4423,10561.55
9324.332,396.4395,10561.24
9324.12,396.4374,10561.01
9323.888,396.4351,10560.75
9323.659,396.4327,10560.49
9323.44,396.4305,10560.24
9323.162,396.4277,10559.93
9323.049,396.4265,10559.81
9322.8,396.424,10559.53
9322.604,396.422,10559.31
9322.435,396.4203,10559.12
9322.187,396.4178,10558.85
9322.083,396.4167,10558.73
9321.845,396.4143,10558.46
9321.789,396.4137,10558.4
9321.543,396.4113,10558.12
9321.429,396.4102,10558
9321.278,396.4086,10557.83
9321.132,396.4072,10557.67
9320.99,396.4057,10557.51
9320.854,396.4043,10557.36
9320.721,396.4029,10557.21
9320.553,396.4012,10557.02
9320.451,396.4002,10556.91
9320.346,396.3992,10556.79
9320.185,396.3976,10556.61
9320.146,396.3972,10556.57
9320.006,396.3958,10556.41
9319.899,396.3947,10556.29
9319.834,396.394,10556.21
9319.678,396.3925,10556.04
9319.62,396.3918,10555.98
9319.496,396.3906,10555.84
9319.404,396.3897,10555.74
9319.344,396.3891,10555.67
9319.211,396.3877,10555.52
9319.182,396.3875,10555.49
9319.059,396.3862,10555.36
9319.01,396.3857,10555.3
9318.896,396.3846,10555.17
9318.848,396.3841,10555.12
9318.808,396.3837,10555.08
9318.701,396.3826,10554.95
9318.661,396.3822,10554.9
9318.567,396.3813,10554.8
9318.545,396.3811,10554.78
9318.46,396.3802,10554.68
9318.401,396.3616,10554.62
9318.352,396.3035,10554.56
9318.27,396.1213,10554.47
9318.251,396.0666,10554.44
9318.175,395.7542,10554.36
9318.136,395.5627,10554.32
9318.067,395.1663,10554.24
9318.037,394.9827,10554.21
9317.994,394.7318,10554.16
9317.957,394.5172,10554.12
9317.905,394.2159,10554.06
9317.869,393.9956,10554.02
9317.81,393.5703,10553.95
9317.796,393.4625,10553.94
9317.739,392.9061,10553.88
9317.716,392.6552,10553.85
9317.662,392.0385,10553.79
9317.628,391.6463,10553.76
9317.613,391.4703,10553.74
9317.576,391.0384,10553.69
9317.546,390.6425,10553.66
9317.516,390.2094,10553.63
9317.475,389.5495,10553.58
9317.465,389.3796,10553.57
9317.427,388.6279,10553.53
9317.403,388.0995,10553.5
9317.375,387.4371,10553.47
9317.36,387.0819,10553.45
9317.322,386.0793,10553.41
9317.305,385.6224,10553.39
9317.282,385.021,10553.37
9317.253,384.2626,10553.34
9317.235,383.796,10553.32
9317.212,383.0981,10553.29
9317.201,382.7636,10553.27
9317.176,381.9518,10553.24
9317.157,381.267,10553.23
9317.141,380.6191,10553.21
9317.121,379.8172,10553.19
9317.107,379.162,10553.17
9317.09,378.4244,10553.15
9317.073,377.7116,10553.13
9317.058,377.0199,10553.12
9317.043,376.3493,10553.1
9317.028,375.6978,10553.08
9317.015,375.0307,10553.07
9316.994,374.0314,10553.04
9316.982,373.366,10553.03
9316.979,373.1628,10553.03
9316.958,371.962,10553
9316.947,371.4005,10552.99
9316.938,370.8197,10552.98
9316.926,370.1729,10552.97
9316.915,369.5452,10552.96
9316.904,368.9083,10552.94
9316.895,368.243,10552.93
9316.885,367.5493,10552.92
9316.874,366.8279,10552.91
9316.863,366.114,10552.9
9316.855,365.422,10552.89
9316.847,364.7502,10552.88
9316.839,364.1023,10552.87
9316.83,363.4641,10552.86
9316.824,363.0152,10552.85
9316.81,361.7322,10552.84
9316.801,360.9375,10552.83
9316.799,360.7552,10552.83
9316.788,359.7292,10552.82
9316.784,359.2711,10552.81
9316.776,358.4363,10552.8
9316.771,357.8243,10552.79
9316.768,357.429,10552.79
9316.761,356.703,10552.78
9316.754,356.112,10552.78
9316.746,355.4237,10552.77
9316.742,354.9883,10552.76
9316.729,354.2361,10552.69
9316.719,353.8911,10552.61
9316.699,353.4174,10552.46
9316.675,352.9284,10552.22
9316.644,352.4543,10551.93
9316.608,351.9947,10551.59
9316.568,351.5482,10551.18
9316.519,351.0728,10550.67
9316.469,350.6485,10550.16
9316.418,350.2829,10549.64
9316.336,349.7491,10548.8
9316.299,349.5247,10548.41
9316.204,349.0094,10547.41
9316.156,348.7733,10546.91
9316.116,348.5736,10546.46
9315.995,348.0493,10545.17
9315.929,347.7883,10544.46
9315.844,347.4731,10543.55
9315.757,347.1671,10542.61
9315.665,346.8719,10541.62
9315.571,346.5854,10540.6
9315.474,346.3074,10539.54
9315.334,345.9353,10538.02
9315.3,345.8486,10537.65
9315.121,345.4265,10535.71
9315.028,345.2179,10534.69
9314.988,345.1321,10534.25
9314.833,344.8124,10532.54
9314.715,344.5873,10531.27
9314.559,344.304,10529.55
9314.477,344.1639,10528.66
9314.355,343.9615,10527.3
9314.232,343.765,10525.94
9314.11,343.5743,10524.6
9313.992,343.3892,10523.3
9313.89,343.2293,10522.18
9313.726,342.9695,10520.36
9313.655,342.8582,10519.58
9313.558,342.7051,10518.5
9313.446,342.5308,10517.28
9313.348,342.3755,10516.19
9313.281,342.2727,10515.48
9313.174,342.1017,10514.27
9313.085,341.9627,10513.3
9312.981,341.8006,10512.16
9312.9,341.672,10511.26
9312.819,341.5447,10510.37
9312.757,341.4485,10509.7
9312.652,341.2828,10508.54
9312.628,341.2445,10508.27
9312.535,341.1014,10507.24
9312.459,340.9933,10506.41
9312.41,340.9281,10505.88
9312.298,340.7874,10504.63
9312.212,340.6893,10503.68
9312.123,340.5944,10502.69
9312.029,340.5023,10501.67
9311.934,340.4131,10500.61
9311.835,340.3266,10499.52
9311.734,340.2429,10498.39
9311.629,340.1618,10497.24
9311.521,340.083,10496.05
9311.412,340.0067,10494.84
9311.3,339.933,10493.6
9311.185,339.8614,10492.32
9311.068,339.792,10491.02
9310.949,339.7246,10489.7
9310.827,339.6596,10488.35
9310.704,339.5965,10486.97
9310.617,339.5538,10486.01
9310.417,339.4609,10483.78
9310.336,339.4246,10482.87
9310.145,339.3411,10480.73
9310.063,339.3053,10479.82
9309.949,339.256,10478.56
9309.83,339.2049,10477.25
9309.719,339.1555,10475.99
9309.608,339.1075,10474.77
9309.502,339.0608,10473.58
9309.399,339.0159,10472.44
9309.3,338.9723,10471.33
9309.173,338.9172,10469.92
9309.122,338.8948,10469.35
9308.989,338.8365,10467.87
9308.931,338.8108,10467.21
9308.845,338.7735,10466.27
9308.762,338.7374,10465.34
9308.682,338.7024,10464.45
9308.604,338.6684,10463.59
9308.529,338.6356,10462.75
9308.471,338.6103,10462.1
9308.362,338.563,10460.9
9308.315,338.5432,10460.39
9308.261,338.5193,10459.79
9308.185,338.4857,10458.93
9308.105,338.452,10458.07
9308.084,338.4424,10457.83
9308.003,338.4069,10456.92
9307.945,338.3822,10456.29
9307.891,338.3582,10455.68
9307.838,338.3351,10455.08
9307.785,338.3126,10454.51
9307.735,338.2907,10453.95
9307.687,338.2697,10453.41
9307.641,338.2492,10452.89
9307.608,338.2354,10452.54
9307.534,338.2027,10451.7
9307.497,338.1869,10451.3
9307.481,338.1804,10451.13
9307.427,338.1562,10450.51
9307.389,338.1392,10450.07
9307.35,338.1228,10449.66
9307.313,338.107,10449.25
9307.277,338.0916,10448.86
9307.256,338.082,10448.61
9307.212,338.0623,10448.11
9307.18,338.0482,10447.74
9307.146,338.0346,10447.41
9307.104,338.0162,10446.93
9307.078,338.0045,10446.63
9307.069,338.0009,10446.53
9307.009,337.9802,10445.87
9306.975,337.9706,10445.49
9306.942,337.9626,10445.13
9306.896,337.9522,10444.59
9306.844,337.942,10444.01
9306.787,337.9322,10443.39
9306.727,337.9228,10442.71
9306.662,337.9136,10441.98
9306.593,337.9047,10441.21
9306.519,337.8959,10440.4
9306.417,337.8849,10439.27
9306.363,337.8795,10438.66
9306.271,337.8707,10437.63
9306.169,337.8619,10436.52
9306.106,337.8564,10435.81
9306.023,337.8489,10434.88
9305.941,337.8415,10433.97
9305.862,337.8344,10433.1
9305.783,337.8272,10432.22
9305.703,337.8198,10431.33
9305.641,337.8141,10430.63
9305.57,337.8075,10429.86
9305.485,337.8,10428.93
9305.463,337.7978,10428.66
9305.373,337.7897,10427.69
9305.289,337.782,10426.76
9305.27,337.7801,10426.54
9305.165,337.7707,10425.39
9305.105,337.7651,10424.72
9305.092,337.7639,10424.57
9305.017,337.757,10423.73
9304.982,337.7539,10423.35
9304.939,337.7499,10422.87
9304.869,337.7435,10422.08
9304.853,337.7421,10421.91
9304.796,337.7369,10421.28
9304.753,337.7329,10420.8
9304.679,337.7262,10419.97
9304.668,337.7253,10419.86
9304.631,337.7218,10419.44
9304.593,337.7184,10419.02
9304.556,337.715,10418.6
9304.52,337.7118,10418.2
9304.484,337.7086,10417.81
9304.452,337.7055,10417.44
9304.419,337.7026,10417.08
9304.387,337.6997,10416.73
9304.356,337.697,10416.39
9304.327,337.6943,10416.06
9304.298,337.6917,10415.75
9304.262,337.6884,10415.34
9304.246,337.6871,10415.18
9304.217,337.6844,10414.85
9304.191,337.6821,10414.57
9304.167,337.6798,10414.29
9304.143,337.6777,10414.03
9304.119,337.6755,10413.77
9304.102,337.6739,10413.56
9304.069,337.671,10413.21
9304.056,337.6698,10413.05
9304.035,337.6679,10412.82
9304.016,337.6662,10412.61
9303.996,337.6644,10412.39
9303.979,337.6628,10412.19
9303.96,337.6611,10411.99
9303.942,337.6596,10411.79
9303.926,337.6581,10411.6
9303.91,337.6566,10411.43
9303.894,337.6552,10411.25
9303.878,337.6538,10411.08
9303.862,337.6525,10410.92
9303.85,337.6512,10410.76
9303.834,337.6498,10410.58
9303.819,337.6486,10410.43
9303.809,337.6475,10410.3
9303.799,337.6466,10410.19
9303.78,337.645,10409.99
9303.776,337.6447,10409.94
9303.761,337.6433,10409.76
9303.752,337.6425,10409.68
9303.737,337.6411,10409.49
9303.73,337.6405,10409.43
9303.72,337.6394,10409.29
9303.71,337.6385,10409.18
9303.7,337.6377,10409.07
9303.69,337.6368,10408.97
9303.684,337.636,10408.87
9303.675,337.6353,10408.77
9303.669,337.6348,10408.71
9303.657,337.6337,10408.58
9303.652,337.6332,10408.52
9303.643,337.6324,10408.42
9303.636,337.6318,10408.34
9303.627,337.6311,10408.26
9303.618,337.6303,10408.15
9303.617,337.6301,10408.13
9303.608,337.6293,10408.03
9303.603,337.6288,10407.96
9303.595,337.6281,10407.88
9303.593,337.6279,10407.85
9303.584,337.6272,10407.76
9303.578,337.6267,10407.7
9303.572,337.6263,10407.64
9303.563,337.6255,10407.56
9303.563,337.6254,10407.54
9303.557,337.6248,10407.47
9303.555,337.6245,10407.43
9303.549,337.6239,10407.37
9303.545,337.6236,10407.32
9303.54,337.6232,10407.27
9303.535,337.6228,10407.21
9303.534,337.6226,10407.19
9303.528,337.6221,10407.13
9303.524,337.6218,10407.09
9303.521,337.6214,10407.05
9303.517,337.6211,10407.01
9303.513,337.6208,10406.97
9303.508,337.6205,10406.93
9303.504,337.6202,10406.89
9303.5,337.6199,10406.86
9303.496,337.6197,10406.82
9303.494,337.6194,10406.79
9303.492,337.6191,10406.76
9303.491,337.619,10406.74
9303.488,337.6187,10406.7
9303.485,337.6183,10406.66
9303.484,337.6182,10406.65
9303.481,337.6179,10406.61
9303.479,337.6177,10406.58
9303.478,337.6176,10406.56
9303.477,337.6174,10406.53
9303.474,337.6172,10406.51
9303.473,337.6169,10406.49
9303.47,337.6168,10406.47
9303.469,337.6166,10406.44
9303.466,337.6164,10406.42
9303.464,337.6162,10406.4
9303.462,337.6161,10406.38
9303.461,337.616,10406.36
9303.458,337.6158,10406.34
9303.455,337.6157,10406.32
9303.455,337.6156,10406.32
9303.451,337.6154,10406.29
9303.449,337.6153,10406.27
9303.447,337.6152,10406.26
9303.445,337.6151,10406.25
9303.442,337.6148,10406.22
9303.441,337.6148,10406.21
9303.438,337.6147,10406.2
9303.438,337.6145,10406.18
9303.437,337.6144,10406.17
9303.434,337.6143,10406.16
9303.433,337.6142,10406.15
9303.43,337.614,10406.13
9303.428,337.614,10406.12
9303.426,337.614,10406.12
9303.427,337.6139,10406.1
9303.427,337.6138,10406.09
9303.428,337.6138,10406.08
9303.428,337.6137,10406.07
9303.429,337.6136,10406.06
9303.43,337.6136,10406.05
9303.43,337.6135,10406.03
9303.43,337.6134,10406.03
9303.431,337.6134,10406.02
9303.431,337.6133,10406.01
9303.431,337.6132,10406
9303.431,337.6132,10406
9303.431,337.6131,10405.99
9303.431,337.613,10405.98
9303.431,337.613,10405.98
9303.431,337.6129,10405.97
9303.421,337.6129,10405.94
9303.403,337.6131,10405.88
9303.334,337.6136,10405.65
9303.29,337.6138,10405.52
9303.2,337.6141,10405.23
9303.091,337.6145,10404.89
9302.987,337.6148,10404.56
9302.854,337.6152,10404.15
9302.692,337.6155,10403.64
9302.512,337.6159,10403.08
9302.41,337.6161,10402.76
9302.103,337.6164,10401.82
9301.979,337.6165,10401.43
9301.692,337.6164,10400.54
9301.57,337.6162,10400.16
9301.4,337.6161,10399.64
9301.227,337.6158,10399.09
9301.058,337.6157,10398.57
9300.891,337.6155,10398.05
9300.713,337.6155,10397.5
9300.494,337.6157,10396.83
9300.221,337.616,10395.98
9300.029,337.6162,10395.39
9299.938,337.6163,10395.1
9299.605,337.6166,10394.08
9299.341,337.6169,10393.26
9299.097,337.6171,10392.5
9298.681,337.6173,10391.22
9298.502,337.6173,10390.66
9298.255,337.6172,10389.9
9297.975,337.6169,10389.03
9297.727,337.6168,10388.26
9297.457,337.6165,10387.43
9297.198,337.6162,10386.63
9297.063,337.6161,10386.21
9296.847,337.6159,10385.54
9296.636,337.6156,10384.89
9296.433,337.6154,10384.26
9296.235,337.6153,10383.65
9296.045,337.6151,10383.06
9295.803,337.6148,10382.31
9295.706,337.6147,10382.01
9295.506,337.6146,10381.39
9295.338,337.6144,10380.87
9295.224,337.6143,10380.52
9294.977,337.6142,10379.75
9294.862,337.6141,10379.41
9294.714,337.614,10378.94
9294.527,337.6137,10378.37
9294.452,337.6137,10378.13
9294.254,337.6136,10377.51
9294.166,337.6135,10377.24
9294.04,337.6134,10376.85
9293.917,337.6133,10376.47
9293.798,337.6132,10376.1
9293.683,337.6132,10375.74
9293.541,337.6133,10375.31
9293.378,337.6135,10374.8
9293.261,337.6137,10374.44
9293.128,337.614,10374.02
9292.837,337.6146,10373.13
9292.701,337.6148,10372.71
9292.458,337.6152,10371.96
9292.191,337.6156,10371.14
9291.952,337.6159,10370.4
9291.568,337.6164,10369.21
9291.362,337.6167,10368.57
9291.248,337.6168,10368.22
9290.793,337.6171,10366.81
9290.496,337.6173,10365.9
9290.303,337.6172,10365.31
9289.927,337.6171,10364.14
9289.745,337.617,10363.58
9289.494,337.6168,10362.81
9289.237,337.6166,10362.02
9288.987,337.6164,10361.24
9288.745,337.6161,10360.49
9288.511,337.6159,10359.76
9288.284,337.6158,10359.07
9288.064,337.6155,10358.39
9287.85,337.6153,10357.73
9287.64,337.6151,10357.08
9287.391,337.6149,10356.32
9287.318,337.6149,10356.09
9287.057,337.6147,10355.29
9286.875,337.6146,10354.73
9286.697,337.6144,10354.18
9286.526,337.6143,10353.65
9286.359,337.6141,10353.14
9286.197,337.6141,10352.64
9286.008,337.614,10352.06
9285.818,337.6138,10351.48
9285.781,337.6137,10351.36
9285.564,337.6136,10350.7
9285.462,337.6136,10350.39
9285.329,337.6134,10349.97
9285.199,337.6133,10349.58
9285.074,337.6133,10349.2
9284.948,337.6133,10348.81
9284.82,337.6131,10348.41
9284.72,337.613,10348.1
9284.608,337.613,10347.76
9284.469,337.6129,10347.33
9284.397,337.6129,10347.11
9284.287,337.6129,10346.77
9284.175,337.6128,10346.43
9284.104,337.6127,10346.22
9284.013,337.6126,10345.93
9283.925,337.6126,10345.66
9283.838,337.6126,10345.39
9283.754,337.6125,10345.14
9283.674,337.6125,10344.89
9283.595,337.6125,10344.65
9283.488,337.6124,10344.33
9283.415,337.6124,10344.11
9283.384,337.6124,10344.01
9283.297,337.6124,10343.74
9283.211,337.6123,10343.48
9283.157,337.6123,10343.32
9283.133,337.6123,10343.24
9283.048,337.6122,10342.98
9282.988,337.6122,10342.8
9282.926,337.6122,10342.6
9282.861,337.6122,10342.41
9282.827,337.6122,10342.3
9282.749,337.6122,10342.07
9282.732,337.6122,10342.02
9282.656,337.6121,10341.79
9282.621,337.6121,10341.68
9282.574,337.6121,10341.53
9282.529,337.6121,10341.4
9282.486,337.6121,10341.27
9282.44,337.6121,10341.13
9282.399,337.612,10341
9282.373,337.612,10340.91
9282.327,337.612,10340.78
9282.304,337.6121,10340.62
9282.303,337.6124,10340.42
9282.313,337.6126,10340.28
9282.392,337.6133,10339.8
9282.448,337.6136,10339.53
9282.545,337.614,10339.13
9282.707,337.6145,10338.52
9282.824,337.6149,10338.1
9282.967,337.6151,10337.62
9283.147,337.6156,10337.03
9283.376,337.6159,10336.31
9283.6,337.6162,10335.63
9283.771,337.6165,10335.12
9284.074,337.6168,10334.22
9284.418,337.6171,10333.24
9284.528,337.6172,10332.93
9284.948,337.6176,10331.74
9285.273,337.6178,10330.84
9285.615,337.618,10329.91
9285.974,337.6183,10328.93
9286.35,337.6185,10327.94
9286.74,337.6187,10326.92
9287.153,337.6189,10325.86
9287.678,337.6191,10324.54
9288.021,337.6193,10323.69
9288.494,337.6194,10322.54
9288.981,337.6195,10321.39
9289.598,337.6197,10319.96
9290.111,337.6198,10318.79
9290.551,337.62,10317.81
9291.114,337.6201,10316.58
9291.696,337.6202,10315.33
9292.3,337.6202,10314.06
9292.923,337.6204,10312.79
9293.569,337.6205,10311.5
9294.232,337.6205,10310.2
9294.918,337.6206,10308.88
9295.626,337.6208,10307.55
9296.353,337.6208,10306.21
9297.101,337.6208,10304.87
9297.871,337.6209,10303.52
9298.665,337.6209,10302.16
9299.479,337.621,10300.79
9300.312,337.6211,10299.43
9301.134,337.6209,10298.09
9301.931,337.6208,10296.79
9302.703,337.6205,10295.53
9303.454,337.6201,10294.3
9304.178,337.6198,10293.12
9304.879,337.6194,10291.98
9305.562,337.6191,10290.87
9306.47,337.6185,10289.39
9306.684,337.6184,10289.04
9307.638,337.6179,10287.49
9308.081,337.6176,10286.76
9308.664,337.6173,10285.82
9309.228,337.617,10284.9
9309.982,337.6167,10283.67
9310.157,337.6165,10283.39
9310.817,337.6162,10282.31
9311.314,337.6161,10281.5
9311.799,337.6158,10280.71
9312.265,337.6156,10279.96
9312.716,337.6154,10279.22
9313.154,337.6152,10278.5
9313.584,337.615,10277.81
9314.12,337.6148,10276.92
9314.389,337.6147,10276.5
9314.772,337.6145,10275.86
9315.148,337.6143,10275.25
9315.511,337.6142,10274.65
9315.996,337.6141,10273.87
9316.108,337.614,10273.68
9316.663,337.6138,10272.78
9316.934,337.6137,10272.34
9317.058,337.6137,10272.14
9317.521,337.6136,10271.38
9317.757,337.6134,10271
9318.125,337.6133,10270.4
9318.346,337.6133,10270.04
9318.657,337.6131,10269.53
9318.865,337.6131,10269.19
9319.005,337.6131,10268.96
9319.352,337.613,10268.41
9319.568,337.6129,10268.06
9319.751,337.6129,10267.76
9320.003,337.6128,10267.34
9320.216,337.6127,10267
9320.422,337.6127,10266.66
9320.62,337.6126,10266.33
9320.813,337.6126,10266.02
9321.001,337.6125,10265.71
9321.184,337.6125,10265.42
9321.427,337.6125,10265.03
9321.482,337.6125,10264.94
9321.736,337.6124,10264.52
9321.855,337.6124,10264.32
9322.009,337.6123,10264.07
9322.16,337.6123,10263.83
9322.256,337.6123,10263.67
9322.503,337.6122,10263.27
9322.601,337.6122,10263.11
9322.724,337.6122,10262.91
9322.862,337.6122,10262.68
9322.971,337.6122,10262.5
9323.092,337.6121,10262.32
9323.209,337.6122,10262.13
9323.321,337.6121,10261.94
9323.397,337.6121,10261.82
9323.55,337.6121,10261.57
9323.622,337.6121,10261.45
9323.74,337.6121,10261.26
9323.837,337.6121,10261.1
9323.912,337.6121,10260.98
9324.045,337.612,10260.76
9324.078,337.612,10260.71
9324.196,337.612,10260.51
9324.277,337.612,10260.38
9324.358,337.612,10260.25
9324.437,337.612,10260.13
9324.511,337.612,10260
9324.584,337.6119,10259.88
9324.655,337.612,10259.76
9324.724,337.6119,10259.66
9324.81,337.6119,10259.52
9324.862,337.6119,10259.43
9324.917,337.6119,10259.34
9324.977,337.6119,10259.25
9325.035,337.6119,10259.15
9325.092,337.6119,10259.05
9325.131,337.6119,10259
9325.207,337.6119,10258.87
9325.255,337.6119,10258.79
9325.295,337.6119,10258.73
9325.352,337.6119,10258.63
9325.388,337.6119,10258.57
9325.463,337.6119,10258.45
9325.521,337.6119,10258.36
9325.53,337.6119,10258.34
9325.57,337.6119,10258.28
9325.61,337.6119,10258.22
9325.649,337.6119,10258.15
9325.687,337.6119,10258.09
9325.724,337.6118,10258.03
9325.759,337.6119,10257.97
9325.793,337.6119,10257.91
9325.816,337.6119,10257.87
9325.874,337.6119,10257.79
9325.882,337.6119,10257.77
9325.921,337.6119,10257.71
9325.949,337.6119,10257.66
9325.979,337.6119,10257.62
9326.005,337.6119,10257.57
9326.031,337.6118,10257.52
9326.059,337.6118,10257.49
9326.082,337.6118,10257.45
9326.108,337.6118,10257.4
9326.134,337.6118,10257.36
9326.152,337.6118,10257.33
9326.177,337.6118,10257.29
9326.231,337.612,10257.23
9326.339,337.6123,10257.15
9326.439,337.6125,10257.07
9326.706,337.6131,10256.87
9326.966,337.6135,10256.68
9327.27,337.614,10256.46
9327.626,337.6144,10256.22
9328.025,337.6147,10255.94
9328.465,337.6151,10255.63
9328.94,337.6155,10255.32
9329.38,337.6158,10255.02
9330.045,337.6161,10254.56
9330.894,337.6166,10253.99
9331.533,337.6169,10253.57
9331.759,337.617,10253.42
9332.826,337.6174,10252.7
9333.396,337.6176,10252.32
9334.5,337.6178,10251.59
9335.044,337.618,10251.22
9335.836,337.6182,10250.69
9336.706,337.6183,10250.12
9337.603,337.6185,10249.52
9338.233,337.6186,10249.11
9339.732,337.6189,10248.12
9340.462,337.619,10247.64
9341.467,337.619,10246.97
9342.496,337.6193,10246.3
9343.549,337.6194,10245.6
9344.502,337.6194,10244.98
9346.16,337.6196,10243.89
9346.912,337.6197,10243.4
9347.987,337.6198,10242.69
9349.15,337.6198,10241.92
9350.334,337.62,10241.15
9351.534,337.62,10240.36
9352.771,337.6201,10239.55
9354.303,337.6201,10238.55
9354.775,337.6202,10238.24
9356.52,337.6203,10237.09
9357.809,337.6203,10236.26
9359.108,337.6204,10235.4
9360.65,337.6202,10234.4
9361.855,337.62,10233.61
9362.823,337.6198,10232.97
9363.986,337.6195,10232.21
9365.115,337.6191,10231.47
9366.204,337.6187,10230.76
9367.26,337.6184,10230.07
9368.286,337.6181,10229.4
9369.281,337.6178,10228.75
9370.241,337.6174,10228.12
9371.173,337.6172,10227.51
9372.076,337.6169,10226.92
9372.954,337.6166,10226.34
9373.894,337.6163,10225.74
9374.831,337.6161,10225.12
9375.332,337.6159,10224.79
9376.482,337.6156,10224.04
9376.731,337.6155,10223.88
9377.947,337.6152,10223.08
9378.592,337.6151,10222.66
9379.05,337.6149,10222.36
9379.71,337.6148,10221.93
9380.35,337.6146,10221.51
9380.969,337.6144,10221.11
9381.57,337.6143,10220.71
9382.087,337.6141,10220.38
9382.938,337.6139,10219.82
9383.478,337.6138,10219.47
9383.999,337.6136,10219.13
9384.298,337.6136,10218.93
9384.817,337.6135,10218.59
9385.583,337.6133,10218.09
9385.699,337.6133,10218.02
9386.255,337.6132,10217.65
9386.814,337.6131,10217.29
9387.173,337.613,10217.06
9387.341,337.613,10216.95
9387.874,337.6129,10216.6
9388.269,337.6128,10216.34
9388.643,337.6128,10216.1
9389.005,337.6127,10215.86
9389.356,337.6126,10215.63
9389.709,337.6126,10215.41
9390.233,337.6125,10215.06
9390.313,337.6125,10215.01
9390.805,337.6125,10214.69
9391.19,337.6124,10214.44
9391.262,337.6124,10214.39
9391.645,337.6123,10214.14
9391.826,337.6123,10214.02
9392.073,337.6123,10213.86
9392.349,337.6122,10213.69
9392.547,337.6122,10213.55
9392.901,337.6122,10213.32
9393.06,337.6122,10213.22
9393.285,337.6122,10213.08
9393.505,337.6122,10212.93
9393.783,337.6121,10212.75
9393.893,337.6121,10212.68
9394.188,337.6121,10212.48
9394.318,337.6121,10212.4
9394.506,337.6121,10212.27
9394.688,337.6121,10212.15
9394.865,337.612,10212.04
9395.036,337.612,10211.93
9395.201,337.612,10211.82
9395.362,337.612,10211.72
9395.518,337.612,10211.62
9395.668,337.612,10211.52
9395.83,337.612,10211.41
9395.992,337.612,10211.3
9396.095,337.612,10211.24
9396.229,337.612,10211.15
9396.358,337.612,10211.07
9396.483,337.6119,10210.99
9396.604,337.6119,10210.9
9396.722,337.6119,10210.83
9396.836,337.6119,10210.75
9396.947,337.6119,10210.69
9397.102,337.6119,10210.58
9397.236,337.6119,10210.5
9397.311,337.6119,10210.45
9397.366,337.6119,10210.41
9397.433,337.6119,10210.37
9397.539,337.6119,10210.3
9397.629,337.6119,10210.24
9397.714,337.6119,10210.18
9397.771,337.6119,10210.14
9397.911,337.6119,10210.06
9397.981,337.6119,10210.01
9398.004,337.6119,10210
9398.147,337.6119,10209.9
9398.186,337.6119,10209.88
9398.246,337.6119,10209.84
9398.317,337.6119,10209.79
9398.373,337.6119,10209.76
9398.435,337.6119,10209.71
9398.495,337.612,10209.65
9398.555,337.6123,10209.53
9398.612,337.6125,10209.34
9398.669,337.613,10209.09
9398.726,337.6134,10208.78
9398.779,337.6139,10208.41
9398.832,337.6142,10207.99
9398.885,337.6146,10207.54
9398.94,337.6148,10207.04
9398.996,337.6148,10206.54
9399.036,337.6148,10206.18
9399.081,337.6147,10205.77
9399.113,337.6147,10205.49
9399.181,337.6144,10204.89
9399.193,337.6144,10204.76
9399.256,337.6142,10204.21
9399.28,337.6141,10203.99
9399.338,337.614,10203.47
9399.362,337.6139,10203.25
9399.397,337.614,10202.88
9399.44,337.6143,10202.31
9399.483,337.6147,10201.67
9399.492,337.6148,10201.53
9399.537,337.6153,10200.78
9399.571,337.6156,10200.13
9399.604,337.6159,10199.45
9399.637,337.6161,10198.71
9399.669,337.6165,10197.92
9399.701,337.6168,10197.1
9399.732,337.617,10196.25
9399.766,337.6173,10195.27
9399.799,337.6175,10194.27
9399.835,337.6178,10193.09
9399.859,337.618,10192.27
9399.886,337.618,10191.39
9399.914,337.6179,10190.41
9399.941,337.6177,10189.48
9399.968,337.6175,10188.56
9399.994,337.6172,10187.68
9400.019,337.617,10186.82
9400.042,337.6167,10185.98
9400.066,337.6164,10185.18
9400.098,337.6161,10184.16
9400.109,337.6159,10183.76
9400.142,337.6156,10182.73
9400.148,337.6155,10182.44
9400.181,337.6152,10181.39
9400.196,337.615,10180.85
9400.217,337.6148,10180.2
9400.234,337.6146,10179.57
9400.254,337.6144,10178.96
9400.271,337.6143,10178.38
9400.288,337.6141,10177.81
9400.318,337.6139,10176.84
9400.322,337.6138,10176.71
9400.338,337.6137,10176.19
9400.352,337.6136,10175.7
9400.362,337.6135,10175.31
9400.384,337.6134,10174.62
9400.39,337.6133,10174.44
9400.408,337.6132,10173.83
9400.42,337.6131,10173.41
9400.434,337.613,10172.99
9400.446,337.6129,10172.59
9400.459,337.6129,10172.2
9400.47,337.6128,10171.8
9400.482,337.6128,10171.36
9400.487,337.6127,10171.21
9400.505,337.6126,10170.68
9400.511,337.6126,10170.48
9400.526,337.6125,10169.99
9400.532,337.6125,10169.78
9400.541,337.6125,10169.47
9400.55,337.6124,10169.18
9400.559,337.6124,10168.89
9400.566,337.6123,10168.61
9400.575,337.6123,10168.35
9400.583,337.6122,10168.09
9400.593,337.6122,10167.83
9400.601,337.6122,10167.59
9400.608,337.6122,10167.28
9400.613,337.6122,10167.12
9400.619,337.6122,10166.9
9400.625,337.6122,10166.69
9400.632,337.6121,10166.48
9400.639,337.6121,10166.27
9400.645,337.6121,10166.08
9400.65,337.6121,10165.89
9400.656,337.6121,10165.71
9400.662,337.6121,10165.53
9400.672,337.612,10165.19
9400.673,337.612,10165.16
9400.675,337.612,10165.05
9400.681,337.612,10164.82
9400.685,337.612,10164.72
9400.688,337.612,10164.57
9400.693,337.612,10164.39
9400.695,337.612,10164.3
9400.7,337.612,10164.16
9400.702,337.612,10164.05
9400.71,337.6119,10163.86
9400.712,337.6119,10163.78
9400.716,337.6119,10163.66
9400.721,337.6119,10163.55
9400.727,337.6119,10163.4
9400.729,337.6119,10163.34
9400.732,337.6119,10163.19
9400.735,337.6119,10163.13
9400.736,337.6119,10163.02
9400.738,337.6119,10162.94
9400.741,337.6119,10162.84
9400.743,337.6119,10162.73
9400.746,337.6119,10162.64
9400.75,337.6119,10162.56
9400.752,337.6119,10162.46
9400.753,337.6119,10162.4
9400.755,337.6119,10162.34
9400.758,337.6119,10162.27
9400.76,337.6119,10162.17
9400.762,337.6119,10162.09
9400.764,337.6119,10162.06
9400.767,337.6119,10161.94
9400.768,337.6119,10161.93
9400.77,337.6119,10161.87
9400.771,337.6119,10161.81
9400.773,337.6119,10161.75
9400.774,337.6119,10161.7
9400.777,337.6119,10161.64
9400.779,337.6119,10161.59
9400.78,337.6119,10161.55
9400.784,337.6119,10161.48
9400.786,337.6118,10161.42
9400.787,337.6118,10161.41
9400.79,337.6119,10161.35
9400.791,337.6118,10161.31
9400.794,337.6118,10161.25
9400.796,337.6118,10161.22
9400.798,337.6118,10161.19
9400.8,337.6118,10161.15
9400.802,337.6118,10161.11
9400.803,337.6118,10161.09
9400.804,337.6118,10161.04
9400.804,337.6118,10161.01
9400.804,337.6118,10160.98
9400.804,337.6118,10160.95
9400.804,337.6118,10160.92
9400.804,337.6118,10160.88
9400.804,337.6118,10160.85
9400.804,337.6118,10160.83
9400.804,337.6118,10160.8
9400.804,337.6118,10160.78
9400.804,337.6119,10160.77
9400.804,337.6118,10160.73
9400.804,337.6118,10160.71
9400.804,337.6118,10160.68
9400.804,337.6119,10160.66
9400.804,337.6118,10160.64
9400.804,337.6118,10160.62
9400.804,337.6118,10160.6
9400.804,337.6118,10160.58
9400.804,337.6118,10160.56
9400.804,337.6118,10160.55
9400.804,337.6118,10160.52
9400.804,337.6118,10160.51
9400.804,337.6118,10160.49
9400.804,337.6118,10160.47
9400.804,337.6118,10160.46
9400.804,337.6118,10160.44
9400.804,337.6118,10160.43
9400.804,337.6118,10160.41
9400.804,337.6119,10160.4
9400.804,337.6118,10160.39
9400.804,337.6118,10160.38
9400.805,337.6118,10160.36
9400.805,337.6118,10160.35
9400.804,337.6118,10160.33
9400.804,337.6118,10160.32
9400.803,337.6118,10160.31
9400.804,337.6118,10160.3
9400.804,337.6118,10160.29
9400.804,337.6118,10160.29
9400.804,337.6118,10160.27
9400.804,337.6118,10160.26
9400.804,337.6118,10160.25
9400.804,337.6118,10160.24
9400.804,337.6118,10160.24
9400.804,337.6119,10160.23
9400.804,337.6118,10160.22
9400.804,337.6118,10160.21
9400.804,337.6118,10160.21
9400.804,337.6118,10160.19
9400.804,337.6118,10160.19
9400.804,337.6118,10160.18
9400.804,337.6118,10160.17
9400.804,337.6118,10160.17
9400.804,337.6118,10160.17
9400.804,337.6118,10160.15
9400.804,337.6118,10160.15
9400.804,337.6118,10160.15
9400.804,337.6118,10160.13
9400.804,337.6118,10160.13
9400.804,337.6118,10160.13
9400.804,337.6118,10160.12
9400.804,337.6119,10160.12
9400.804,337.6118,10160.12
9400.804,337.6118,10160.11
9400.804,337.6118,10160.11
9400.804,337.6118,10160.1
9400.804,337.6119,10160.1
9400.805,337.6118,10160.09
9400.805,337.6119,10160.09
9400.804,337.6118,10160.09
9400.805,337.6119,10160.08
9400.804,337.6118,10160.08
9400.804,337.6118,10160.07
9400.805,337.6118,10160.07
9400.805,337.6118,10160.07
9400.804,337.6118,10160.06
9400.804,337.6118,10160.06
9400.804,337.6118,10160.06
9400.804,337.6118,10160.05
9400.804,337.6118,10160.05
9400.804,337.6118,10160.05
9400.804,337.6118,10160.05
9400.804,337.6119,10160.05
9400.804,337.6118,10160.04
9400.804,337.6118,10160.04
9400.804,337.6118,10160.04
9400.804,337.6118,10160.04
9400.804,337.6118,10160.04
9400.804,337.6118,10160.03
9400.804,337.6118,10160.03
9400.804,337.6118,10160.03
9400.778,337.612,10160.01
9400.714,337.6122,10159.96
9400.516,337.6128,10159.79
9400.456,337.613,10159.74
9400.179,337.6135,10159.5
9399.915,337.6139,10159.29
9399.715,337.6143,10159.12
9399.188,337.6149,10158.68
9398.96,337.6151,10158.49
9398.441,337.6155,10158.06
9397.975,337.6159,10157.68
9397.473,337.6161,10157.26
9397.114,337.6163,10156.96
9396.247,337.6168,10156.24
9395.752,337.617,10155.83
9394.901,337.6173,10155.12
9394.162,337.6176,10154.51
9393.759,337.6178,10154.17
9393.013,337.618,10153.56
9392.253,337.6181,10152.93
9391.14,337.6183,10152
9390.457,337.6183,10151.44
9390.226,337.6182,10151.25
9389.234,337.618,10150.43
9388.535,337.6177,10149.84
9387.857,337.6174,10149.28
9387.201,337.6172,10148.74
9386.564,337.6169,10148.21
9385.947,337.6167,10147.69
9385.351,337.6165,10147.21
9384.771,337.6162,10146.72
9384.21,337.6159,10146.26
9383.843,337.6158,10145.95
9383.153,337.6154,10145.38
9382.629,337.6152,10144.95
9382.079,337.6151,10144.49
9381.604,337.6149,10144.09
9381.161,337.6147,10143.72
9380.689,337.6145,10143.33
9380.307,337.6143,10143.01
9379.883,337.6142,10142.66
9379.474,337.6141,10142.32
9379.161,337.614,10142.06
9378.6,337.6138,10141.6
9378.454,337.6137,10141.48
9377.96,337.6136,10141.06
9377.608,337.6135,10140.77
9377.27,337.6134,10140.5
9376.941,337.6133,10140.22
9376.523,337.6132,10139.87
9376.361,337.6132,10139.74
9376.016,337.6131,10139.45
9375.727,337.613,10139.22
9375.444,337.6129,10138.98
9375.179,337.6129,10138.76
9374.892,337.6129,10138.52
9374.693,337.6128,10138.35
9374.407,337.6127,10138.11
9374.167,337.6126,10137.91
9374.007,337.6126,10137.78
9373.652,337.6125,10137.49
9373.489,337.6125,10137.35
9373.278,337.6125,10137.17
9373.073,337.6124,10137.01
9372.874,337.6124,10136.84
9372.683,337.6124,10136.68
9372.496,337.6123,10136.52
9372.315,337.6123,10136.38
9372.111,337.6124,10136.22
9371.792,337.6127,10136.01
9371.671,337.6128,10135.94
9371.189,337.6133,10135.66
9370.784,337.6137,10135.45
9370.268,337.6142,10135.19
9369.731,337.6146,10134.93
9369.238,337.615,10134.7
9368.635,337.6153,10134.42
9367.914,337.6157,10134.1
9367.184,337.6158,10133.78
9366.721,337.6159,10133.57
9365.988,337.6158,10133.25
9365.543,337.6157,10133.05
9364.95,337.6155,10132.78
9364.197,337.6153,10132.45
9363.669,337.6151,10132.21
9363.16,337.6149,10131.99
9362.938,337.6148,10131.89
9362.375,337.6147,10131.64
9361.904,337.6145,10131.43
9361.449,337.6143,10131.22
9361.006,337.6143,10131.03
9360.58,337.6141,10130.84
9360.166,337.614,10130.66
9359.763,337.6138,10130.48
9359.373,337.6138,10130.3
9358.997,337.6137,10130.14
9358.632,337.6136,10129.98
9358.277,337.6135,10129.82
9357.932,337.6134,10129.66
9357.558,337.6134,10129.5
9357.133,337.6137,10129.33
9356.497,337.614,10129.07
9356.072,337.6143,10128.89
9355.758,337.6146,10128.77
9354.653,337.6152,10128.33
9354.488,337.6153,10128.27
9353.598,337.6157,10127.93
9352.857,337.616,10127.65
9352.075,337.6163,10127.35
9351.255,337.6167,10127.04
9350.396,337.6169,10126.72
9349.208,337.6172,10126.28
9348.459,337.6174,10126
9347.612,337.6176,10125.69
9346.637,337.6178,10125.33
9345.689,337.6178,10124.98
9344.771,337.6176,10124.64
9343.879,337.6174,10124.31
9343.032,337.6172,10124
9342.318,337.617,10123.74
9341.369,337.6167,10123.39
9340.41,337.6164,10123.04
9339.472,337.6161,10122.69
9339.284,337.6161,10122.62
9338.284,337.6161,10122.26
9337.459,337.6162,10121.96
9336.6,337.6164,10121.65
9335.705,337.6165,10121.32
9334.824,337.6166,10121
9333.97,337.6166,10120.69
9333.143,337.6165,10120.39
9332.435,337.6163,10120.14
9331.553,337.6161,10119.82
9330.576,337.6158,10119.47
9330.083,337.6157,10119.29
9329.297,337.6154,10119
9328.618,337.6153,10118.75
9327.982,337.6151,10118.52
9327.485,337.6149,10118.35
9326.566,337.6147,10118.01
9326.158,337.6146,10117.86
9325.44,337.6144,10117.61
9324.628,337.6143,10117.31
9324.222,337.6141,10117.17
9324.008,337.6141,10117.08
9323.286,337.6139,10116.83
9323.07,337.6139,10116.75
9322.141,337.6136,10116.41
9321.739,337.6136,10116.26
9321.625,337.6135,10116.23
9320.951,337.6134,10115.98
9320.634,337.6133,10115.86
9320.22,337.6133,10115.71
9319.817,337.6132,10115.57
9319.426,337.6131,10115.42
9319.019,337.6132,10115.28
9318.561,337.6134,10115.12
9318.057,337.6136,10114.94
9317.492,337.614,10114.74
9316.649,337.6145,10114.43
9316.003,337.6149,10114.2
9315.536,337.6152,10114.05
9314.851,337.6155,10113.8
9314.079,337.6158,10113.53
9313.271,337.6161,10113.24
9312.428,337.6164,10112.95
9311.548,337.6167,10112.64
9310.63,337.617,10112.31
9309.677,337.6172,10111.98
9308.045,337.6176,10111.4
9307.499,337.6178,10111.21
9306.57,337.6179,10110.88
9305.517,337.6178,10110.51
9304.641,337.6178,10110.21
9303.622,337.6178,10109.86
9302.436,337.618,10109.44
9301.202,337.6181,10109.01
9300.369,337.6182,10108.71
9298.712,337.6184,10108.13
