10.71739384
10.71739384
10.71739384
10.71739384
10.71739384
10.71739384
10.71739384
10.71739384
10.71739384
10.71739384
10.71739384
10.71739384
10.71739384
10.71739384
10.71739384
10.71739384
10.71739384
10.71739384
10.71739384
10.71739384
10.71739384
10.71739384
10.71739384
10.71739384
10.71739384
10.71739384
10.71739384
10.71739384
10.71739384
10.71739384
10.71739384
10.71739384
10.71739384
10.71739384
10.71739384
10.71739384
10.71739384
10.71739384
10.71739384
10.71739384
10.71739384
10.71739384
10.71739384
10.71739384
10.71739384
10.71739384
10.71739384
10.71739384
10.71739384
10.71739384
6.20870698
6.20870698
6.20870698
6.20870698
6.20870698
6.20870698
6.20870698
6.20870698
6.20870698
6.20870698
6.20870698
6.20870698
6.20870698
6.20870698
6.20870698
6.20870698
6.20870698
6.20870698
6.20870698
6.20870698
6.20870698
6.20870698
6.20870698
6.20870698
6.20870698
6.20870698
6.20870698
6.20870698
6.20870698
6.20870698
6.20870698
6.20870698
6.20870698
6.20870698
6.20870698
6.20870698
6.20870698
6.20870698
6.20870698
6.20870698
6.20870698
6.20870698
6.20870698
6.20870698
6.20870698
6.20870698
6.20870698
6.20870698
6.20870698
6.20870698
6.20870698
6.20870698
6.20870698
6.20870698
6.20870698
6.20870698
6.20870698
6.20870698
6.20870698
6.20870698
6.20870698
6.20870698
6.20870698
6.20870698
6.20870698
6.20870698
6.20870698
6.20870698
6.20870698
6.20870698
6.20870698
6.20870698
6.20870698
6.20870698
6.20870698
6.20870698
6.20870698
6.20870698
6.20870698
6.20870698
6.20870698
6.20870698
6.20870698
5.30385216
5.30385216
5.30385216
5.30385216
5.30385216
5.30385216
5.30385216
5.30385216
5.30385216
5.30385216
5.30385216
5.30385216
5.30385216
5.30385216
5.30385216
5.30385216
5.30385216
5.30385216
5.30385216
5.30385216
5.30385216
5.30385216
5.30385216
5.30385216
5.30385216
5.30385216
5.30385216
5.30385216
5.30385216
5.30385216
5.30385216
5.30385216
5.30385216
5.30385216
5.30385216
5.30385216
5.30385216
5.30385216
5.30385216
5.30385216
5.30385216
5.30385216
5.30385216
5.30385216
5.30385216
5.30385216
5.30385216
5.30385216
5.30385216
5.40860044
5.40860044
5.40860044
5.40860044
5.40860044
5.40860044
5.40860044
5.40860044
5.40860044
5.40860044
5.40860044
5.40860044
5.40860044
5.40860044
5.40860044
5.40860044
5.40860044
5.40860044
5.40860044
5.40860044
5.40860044
5.40860044
5.40860044
5.40860044
5.40860044
5.40860044
5.40860044
5.40860044
5.40860044
5.40860044
5.40860044
5.40860044
5.40860044
5.40860044
5.40860044
5.40860044
5.40860044
5.40860044
5.40860044
5.40860044
5.40860044
5.40860044
5.40860044
5.40860044
5.40860044
5.40860044
5.40860044
5.40860044
5.40860044
5.40860044
5.40860044
5.40860044
5.40860044
5.40860044
5.40860044
5.40860044
5.40860044
5.40860044
5.40860044
5.40860044
5.40860044
5.40860044
5.40860044
5.40860044
5.40860044
5.40860044
5.40860044
5.40860044
5.40860044
5.40860044
5.40860044
5.40860044
5.40860044
5.40860044
5.40860044
5.40860044
5.40860044
5.40860044
5.40860044
5.40860044
5.40860044
5.40860044
5.40860044
5.40860044
5.40860044
5.40860044
5.40860044
5.40860044
5.40860044
5.40860044
5.40860044
5.40860044
5.40860044
5.40860044
5.40860044
5.40860044
5.40860044
5.40860044
5.40860044
5.40860044
5.40860044
5.40860044
5.40860044
5.40860044
5.40860044
5.40860044
5.40860044
5.40860044
5.40860044
5.40860044
5.40860044
5.40860044
5.40860044
5.40860044
5.40860044
5.40860044
5.40860044
5.40860044
5.40860044
5.40860044
5.40860044
5.40860044
5.40860044
5.40860044
5.40860044
5.40860044
5.40860044
5.40860044
5.40860044
5.40860044
5.40860044
5.40860044
5.40860044
5.40860044
5.40860044
5.40860044
5.40860044
5.40860044
5.40860044
5.40860044
5.40860044
5.40860044
5.40860044
5.40860044
5.40860044
9.77113016
9.77113016
9.77113016
9.77113016
9.77113016
9.77113016
9.77113016
9.77113016
9.77113016
9.77113016
9.77113016
9.77113016
9.77113016
9.77113016
9.77113016
9.77113016
9.77113016
9.77113016
9.77113016
9.77113016
9.77113016
9.77113016
9.77113016
9.77113016
9.77113016
9.77113016
9.77113016
9.77113016
9.77113016
9.77113016
9.77113016
9.77113016
9.77113016
9.77113016
9.77113016
9.77113016
9.77113016
9.77113016
9.77113016
9.77113016
9.77113016
9.77113016
9.77113016
9.77113016
9.77113016
9.77113016
9.77113016
9.77113016
9.77113016
9.77113016
9.77113016
9.77113016
9.77113016
9.77113016
9.77113016
9.77113016
9.77113016
9.77113016
9.77113016
9.77113016
9.77113016
9.77113016
9.77113016
9.77113016
9.77113016
9.77113016
9.77113016
9.77113016
9.77113016
9.77113016
9.77113016
9.77113016
9.77113016
9.77113016
9.77113016
9.77113016
9.77113016
9.77113016
9.77113016
9.77113016
9.77113016
9.77113016
9.77113016
9.77113016
9.77113016
9.77113016
9.77113016
9.77113016
9.77113016
9.77113016
9.77113016
9.77113016
9.77113016
9.77113016
9.77113016
9.77113016
9.77113016
9.77113016
9.77113016
9.77113016
9.77113016
9.77113016
9.77113016
9.77113016
9.77113016
9.77113016
9.77113016
9.77113016
9.77113016
9.77113016
9.77113016
9.77113016
9.77113016
9.77113016
9.77113016
9.77113016
9.77113016
9.77113016
9.77113016
9.77113016
9.77113016
9.77113016
9.77113016
9.77113016
9.77113016
9.77113016
9.77113016
9.77113016
9.77113016
9.77113016
9.77113016
9.77113016
9.77113016
9.77113016
9.77113016
9.77113016
9.77113016
9.77113016
9.77113016
9.77113016
9.77113016
9.77113016
9.77113016
9.77113016
9.77113016
9.77113016
9.77113016
9.77113016
9.77113016
9.77113016
9.77113016
9.77113016
9.77113016
9.77113016
9.77113016
9.77113016
9.77113016
9.77113016
6.1368584
6.1368584
6.1368584
6.1368584
6.1368584
6.1368584
6.1368584
6.1368584
6.1368584
6.1368584
6.1368584
6.1368584
6.1368584
6.1368584
6.1368584
6.1368584
6.1368584
6.1368584
6.1368584
6.1368584
6.1368584
6.1368584
6.1368584
6.1368584
6.1368584
6.1368584
6.1368584
6.1368584
6.1368584
6.1368584
6.1368584
6.1368584
6.1368584
6.1368584
6.1368584
6.1368584
6.1368584
6.1368584
6.1368584
6.1368584
6.1368584
6.1368584
6.01922958
6.01922958
6.01922958
6.01922958
6.01922958
6.01922958
6.01922958
6.01922958
6.01922958
6.01922958
6.01922958
6.01922958
6.01922958
6.01922958
6.01922958
6.01922958
4.5901009
4.5901009
4.5901009
4.5901009
4.5901009
4.5901009
4.5901009
4.5901009
4.5901009
4.5901009
4.5901009
4.5901009
4.5901009
4.5901009
4.5901009
4.5901009
4.5901009
4.5901009
4.5901009
4.5901009
4.5901009
