5789,2000,6245.6,5789,2000,6245.6,5789,2000,6245.6,5789,2000,6245.6,5789,2000,6245.6,5789,2000,6245.6,5789,2000,6245.6,5789,2000,6245.6,5789,2000,6245.6,5789,2000,6245.6,5789,2000,6245.6,5789,2000,6245.6,5789,2000,6245.6,5789,2000,6245.6,5789,2000,6245.6,5789,2000,6245.6,5789,2000,6245.6,5789,2000,6245.6,5789,2000,6245.6,5789,2000,6245.6
5789.328,2000,6245.856,5789.403,2000,6245.705,5789.343,2000,6245.835,5789.401,2000,6245.711,5789.339,2000,6245.841,5789.128,2000,6245.996,5789.413,2000,6245.651,5789.389,2000,6245.75,5789.248,2000,6245.935,5789.373,2000,6245.786,5789.077,2000,6246.009,5789.299,2000,6245.89,5789.084,2000,6246.008,5789.409,2000,6245.676,5789.363,2000,6245.805,5789.417,2000,6245.609,5789.143,2000,6245.991,5789.111,2000,6246.001,5789.229,2000,6245.948,5789.273,2000,6245.914
5789.648,2000,6246.124,5789.809,2000,6245.797,5789.694,2000,6246.06,5789.806,2000,6245.809,5789.687,2000,6246.071,5789.244,2000,6246.396,5789.828,2000,6245.689,5789.782,2000,6245.887,5789.485,2000,6246.277,5789.752,2000,6245.959,5789.141,2000,6246.421,5789.588,2000,6246.19,5789.155,2000,6246.418,5789.821,2000,6245.739,5789.732,2000,6245.997,5789.833,2000,6245.605,5789.272,2000,6246.387,5789.208,2000,6246.406,5789.447,2000,6246.303,5789.537,2000,6246.237
5789.959,2000,6246.401,5790.218,2000,6245.875,5790.053,2000,6246.272,5790.214,2000,6245.893,5790.042,2000,6246.29,5789.347,2000,6246.8,5790.244,2000,6245.713,5790.18,2000,6246.011,5789.71,2000,6246.628,5790.136,2000,6246.12,5789.191,2000,6246.834,5789.867,2000,6246.499,5789.212,2000,6246.831,5790.235,2000,6245.789,5790.108,2000,6246.177,5790.25,2000,6245.587,5789.389,2000,6246.787,5789.293,2000,6246.814,5789.653,2000,6246.665,5789.789,2000,6246.569
5790.11,2000,6246.544,5790.424,2000,6245.907,5790.235,2000,6246.373,5790.419,2000,6245.929,5790.223,2000,6246.393,5789.391,2000,6247.004,5790.453,2000,6245.718,5790.381,2000,6246.067,5789.817,2000,6246.807,5790.331,2000,6246.194,5789.21,2000,6247.042,5790.001,2000,6246.658,5789.234,2000,6247.038,5790.442,2000,6245.807,5790.298,2000,6246.261,5790.457,2000,6245.571,5789.441,2000,6246.989,5789.329,2000,6247.02,5789.75,2000,6246.85,5789.91,2000,6246.739
5790.256,2000,6246.693,5790.63,2000,6245.933,5790.421,2000,6246.467,5790.626,2000,6245.958,5790.407,2000,6246.49,5789.429,2000,6247.209,5790.661,2000,6245.717,5790.583,2000,6246.116,5789.918,2000,6246.989,5790.528,2000,6246.261,5789.222,2000,6247.25,5790.131,2000,6246.822,5789.249,2000,6247.246,5790.65,2000,6245.818,5790.492,2000,6246.339,5790.664,2000,6245.549,5789.486,2000,6247.192,5789.357,2000,6247.226,5789.841,2000,6247.037,5790.025,2000,6246.913
5790.397,2000,6246.846,5790.838,2000,6245.952,5790.61,2000,6246.555,5790.833,2000,6245.979,5790.594,2000,6246.582,5789.46,2000,6247.415,5790.869,2000,6245.708,5790.788,2000,6246.158,5790.014,2000,6247.174,5790.728,2000,6246.322,5789.227,2000,6247.458,5790.254,2000,6246.989,5789.257,2000,6247.454,5790.859,2000,6245.822,5790.688,2000,6246.41,5790.87,2000,6245.52,5789.524,2000,6247.397,5789.379,2000,6247.433,5789.926,2000,6247.228,5790.134,2000,6247.09
5790.533,2000,6247.004,5791.046,2000,6245.964,5790.801,2000,6246.637,5791.041,2000,6245.995,5790.784,2000,6246.667,5789.485,2000,6247.622,5791.077,2000,6245.693,5790.993,2000,6246.194,5790.103,2000,6247.363,5790.929,2000,6246.377,5789.225,2000,6247.667,5790.373,2000,6247.161,5789.259,2000,6247.663,5791.067,2000,6245.82,5790.885,2000,6246.475,5791.075,2000,6245.483,5789.556,2000,6247.603,5789.395,2000,6247.641,5790.005,2000,6247.42,5790.238,2000,6247.271
5790.664,2000,6247.166,5791.254,2000,6245.97,5790.996,2000,6246.713,5791.249,2000,6246.003,5790.976,2000,6246.748,5789.502,2000,6247.83,5791.284,2000,6245.671,5791.199,2000,6246.223,5790.185,2000,6247.554,5791.131,2000,6246.425,5789.216,2000,6247.875,5790.485,2000,6247.336,5789.253,2000,6247.871,5791.275,2000,6245.811,5791.085,2000,6246.534,5791.279,2000,6245.441,5789.581,2000,6247.81,5789.403,2000,6247.849,5790.077,2000,6247.616,5790.335,2000,6247.455
5790.79,2000,6247.333,5791.463,2000,6245.968,5791.192,2000,6246.782,5791.458,2000,6246.004,5791.167,2000,6246.83,5789.513,2000,6248.038,5791.491,2000,6245.643,5791.406,2000,6246.245,5790.261,2000,6247.748,5791.335,2000,6246.466,5789.2,2000,6248.083,5790.592,2000,6247.515,5789.241,2000,6248.079,5791.483,2000,6245.794,5791.287,2000,6246.585,5791.482,2000,6245.392,5789.599,2000,6248.018,5789.404,2000,6248.058,5790.143,2000,6247.813,5790.427,2000,6247.642
5790.91,2000,6247.503,5791.671,2000,6245.96,5791.391,2000,6246.845,5791.666,2000,6245.999,5791.359,2000,6246.912,5789.517,2000,6248.246,5791.696,2000,6245.607,5791.614,2000,6246.26,5790.331,2000,6247.944,5791.541,2000,6246.501,5789.178,2000,6248.29,5790.692,2000,6247.697,5789.222,2000,6248.287,5791.69,2000,6245.771,5791.491,2000,6246.63,5791.683,2000,6245.335,5789.61,2000,6248.226,5789.399,2000,6248.266,5790.202,2000,6248.013,5790.512,2000,6247.832
5791.029,2000,6247.673,5791.879,2000,6245.945,5791.591,2000,6246.901,5791.874,2000,6245.987,5791.55,2000,6246.994,5789.514,2000,6248.455,5791.9,2000,6245.565,5791.822,2000,6246.268,5790.395,2000,6248.143,5791.748,2000,6246.529,5789.148,2000,6248.496,5790.787,2000,6247.882,5789.196,2000,6248.493,5791.896,2000,6245.742,5791.695,2000,6246.669,5791.881,2000,6245.273,5789.615,2000,6248.434,5789.387,2000,6248.474,5790.255,2000,6248.215,5790.591,2000,6248.024
5791.149,2000,6247.844,5792.086,2000,6245.923,5791.793,2000,6246.951,5792.082,2000,6245.968,5791.741,2000,6247.077,5789.504,2000,6248.663,5792.103,2000,6245.516,5792.031,2000,6246.27,5790.452,2000,6248.343,5791.955,2000,6246.55,5789.112,2000,6248.701,5790.876,2000,6248.071,5789.164,2000,6248.699,5792.101,2000,6245.705,5791.901,2000,6246.701,5792.078,2000,6245.204,5789.612,2000,6248.643,5789.369,2000,6248.682,5790.301,2000,6248.418,5790.664,2000,6248.22
5791.269,2000,6248.014,5792.292,2000,6245.894,5791.997,2000,6246.994,5792.288,2000,6245.943,5791.932,2000,6247.161,5789.488,2000,6248.87,5792.303,2000,6245.46,5792.239,2000,6246.264,5790.502,2000,6248.545,5792.163,2000,6246.564,5789.07,2000,6248.905,5790.958,2000,6248.262,5789.125,2000,6248.903,5792.305,2000,6245.662,5792.108,2000,6246.726,5792.272,2000,6245.129,5789.603,2000,6248.851,5789.343,2000,6248.888,5790.34,2000,6248.623,5790.73,2000,6248.417
5791.388,2000,6248.185,5792.498,2000,6245.858,5792.202,2000,6247.03,5792.494,2000,6245.911,5792.123,2000,6247.245,5789.464,2000,6249.077,5792.502,2000,6245.398,5792.447,2000,6246.252,5790.546,2000,6248.749,5792.371,2000,6246.571,5789.021,2000,6249.107,5791.035,2000,6248.456,5789.079,2000,6249.106,5792.507,2000,6245.612,5792.316,2000,6246.744,5792.464,2000,6245.047,5789.587,2000,6249.058,5789.311,2000,6249.094,5790.373,2000,6248.828,5790.79,2000,6248.617
5791.508,2000,6248.355,5792.702,2000,6245.816,5792.408,2000,6247.06,5792.699,2000,6245.872,5792.313,2000,6247.329,5789.435,2000,6249.283,5792.699,2000,6245.33,5792.655,2000,6246.233,5790.583,2000,6248.954,5792.579,2000,6246.572,5788.965,2000,6249.308,5791.104,2000,6248.652,5789.026,2000,6249.308,5792.708,2000,6245.556,5792.524,2000,6246.755,5792.653,2000,6244.959,5789.565,2000,6249.265,5789.272,2000,6249.299,5790.399,2000,6249.035,5790.843,2000,6248.819
5791.628,2000,6248.525,5792.904,2000,6245.768,5792.615,2000,6247.083,5792.902,2000,6245.826,5792.504,2000,6247.414,5789.398,2000,6249.488,5792.893,2000,6245.255,5792.861,2000,6246.208,5790.613,2000,6249.16,5792.787,2000,6246.565,5788.902,2000,6249.507,5791.168,2000,6248.851,5788.967,2000,6249.508,5792.906,2000,6245.493,5792.732,2000,6246.759,5792.839,2000,6244.865,5789.536,2000,6249.471,5789.226,2000,6249.502,5790.418,2000,6249.242,5790.89,2000,6249.022
5791.749,2000,6248.695,5793.105,2000,6245.712,5792.823,2000,6247.099,5793.104,2000,6245.773,5792.694,2000,6247.5,5789.354,2000,6249.692,5793.085,2000,6245.174,5793.067,2000,6246.176,5790.637,2000,6249.367,5792.995,2000,6246.552,5788.833,2000,6249.704,5791.225,2000,6249.051,5788.901,2000,6249.706,5793.103,2000,6245.424,5792.941,2000,6246.757,5793.022,2000,6244.765,5789.5,2000,6249.676,5789.174,2000,6249.704,5790.43,2000,6249.45,5790.93,2000,6249.227
5791.87,2000,6248.865,5793.304,2000,6245.65,5793.031,2000,6247.108,5793.303,2000,6245.714,5792.884,2000,6247.585,5789.305,2000,6249.894,5793.274,2000,6245.087,5793.272,2000,6246.137,5790.654,2000,6249.574,5793.203,2000,6246.533,5788.758,2000,6249.898,5791.275,2000,6249.253,5788.829,2000,6249.901,5793.296,2000,6245.348,5793.149,2000,6246.748,5793.201,2000,6244.659,5789.457,2000,6249.88,5789.115,2000,6249.903,5790.436,2000,6249.659,5790.963,2000,6249.432
5791.991,2000,6249.034,5793.5,2000,6245.582,5793.239,2000,6247.115,5793.501,2000,6245.649,5793.073,2000,6247.672,5789.248,2000,6250.095,5793.46,2000,6244.993,5793.475,2000,6246.091,5790.664,2000,6249.782,5793.409,2000,6246.506,5788.677,2000,6250.09,5791.318,2000,6249.457,5788.75,2000,6250.094,5793.488,2000,6245.266,5793.356,2000,6246.732,5793.377,2000,6244.547,5789.407,2000,6250.083,5789.049,2000,6250.101,5790.434,2000,6249.867,5790.989,2000,6249.639
5792.113,2000,6249.204,5793.695,2000,6245.507,5793.447,2000,6247.123,5793.696,2000,6245.577,5793.263,2000,6247.759,5789.185,2000,6250.293,5793.643,2000,6244.894,5793.677,2000,6246.039,5790.667,2000,6249.991,5793.615,2000,6246.473,5788.589,2000,6250.279,5791.362,2000,6249.661,5788.666,2000,6250.284,5793.676,2000,6245.178,5793.563,2000,6246.71,5793.549,2000,6244.43,5789.351,2000,6250.283,5788.978,2000,6250.297,5790.426,2000,6250.075,5791.009,2000,6249.846
5792.234,2000,6249.373,5793.887,2000,6245.426,5793.655,2000,6247.131,5793.889,2000,6245.499,5793.452,2000,6247.846,5789.115,2000,6250.49,5793.823,2000,6244.788,5793.876,2000,6245.979,5790.664,2000,6250.199,5793.819,2000,6246.433,5788.495,2000,6250.465,5791.406,2000,6249.864,5788.575,2000,6250.472,5793.862,2000,6245.083,5793.77,2000,6246.681,5793.717,2000,6244.307,5789.289,2000,6250.482,5788.899,2000,6250.49,5790.411,2000,6250.283,5791.021,2000,6250.054
5792.356,2000,6249.542,5794.076,2000,6245.339,5793.863,2000,6247.14,5794.08,2000,6245.415,5793.641,2000,6247.934,5789.039,2000,6250.684,5793.999,2000,6244.677,5794.074,2000,6245.914,5790.654,2000,6250.407,5794.022,2000,6246.386,5788.395,2000,6250.647,5791.45,2000,6250.068,5788.478,2000,6250.656,5794.044,2000,6244.983,5793.975,2000,6246.645,5793.881,2000,6244.178,5789.22,2000,6250.679,5788.815,2000,6250.68,5790.39,2000,6250.49,5791.027,2000,6250.262
5792.479,2000,6249.71,5794.262,2000,6245.245,5794.071,2000,6247.15,5794.267,2000,6245.324,5793.83,2000,6248.021,5788.957,2000,6250.875,5794.171,2000,6244.56,5794.27,2000,6245.842,5790.637,2000,6250.615,5794.224,2000,6246.333,5788.289,2000,6250.827,5791.496,2000,6250.271,5788.375,2000,6250.837,5794.224,2000,6244.876,5794.179,2000,6246.602,5794.041,2000,6244.044,5789.144,2000,6250.873,5788.724,2000,6250.868,5790.361,2000,6250.697,5791.026,2000,6250.471
5792.601,2000,6249.879,5794.445,2000,6245.146,5794.279,2000,6247.162,5794.452,2000,6245.227,5794.019,2000,6248.11,5788.868,2000,6251.063,5794.34,2000,6244.437,5794.463,2000,6245.764,5790.613,2000,6250.822,5794.423,2000,6246.273,5788.177,2000,6251.002,5791.542,2000,6250.474,5788.266,2000,6251.015,5794.399,2000,6244.764,5794.381,2000,6246.552,5794.196,2000,6243.905,5789.062,2000,6251.064,5788.627,2000,6251.052,5790.326,2000,6250.902,5791.019,2000,6250.679
5792.724,2000,6250.047,5794.625,2000,6245.04,5794.487,2000,6247.174,5794.633,2000,6245.125,5794.207,2000,6248.199,5788.773,2000,6251.249,5794.504,2000,6244.309,5794.653,2000,6245.68,5790.582,2000,6251.028,5794.621,2000,6246.207,5788.06,2000,6251.174,5791.588,2000,6250.677,5788.151,2000,6251.189,5794.571,2000,6244.646,5794.582,2000,6246.496,5794.346,2000,6243.761,5788.974,2000,6251.253,5788.525,2000,6251.233,5790.284,2000,6251.106,5791.004,2000,6250.887
5792.847,2000,6250.216,5794.801,2000,6244.929,5794.695,2000,6247.188,5794.811,2000,6245.016,5794.396,2000,6248.288,5788.673,2000,6251.432,5794.665,2000,6244.176,5794.841,2000,6245.589,5790.544,2000,6251.233,5794.816,2000,6246.134,5787.937,2000,6251.342,5791.636,2000,6250.88,5788.031,2000,6251.359,5794.739,2000,6244.523,5794.782,2000,6246.44,5794.492,2000,6243.612,5788.88,2000,6251.439,5788.417,2000,6251.411,5790.236,2000,6251.309,5790.985,2000,6251.094
5792.97,2000,6250.384,5794.973,2000,6244.812,5794.903,2000,6247.203,5794.985,2000,6244.902,5794.583,2000,6248.377,5788.566,2000,6251.611,5794.82,2000,6244.037,5795.025,2000,6245.492,5790.5,2000,6251.437,5795.009,2000,6246.055,5787.808,2000,6251.506,5791.685,2000,6251.083,5787.906,2000,6251.525,5794.903,2000,6244.394,5794.983,2000,6246.384,5794.633,2000,6243.459,5788.78,2000,6251.622,5788.302,2000,6251.585,5790.181,2000,6251.51,5790.966,2000,6251.302
5793.093,2000,6250.552,5795.142,2000,6244.689,5795.111,2000,6247.218,5795.155,2000,6244.782,5794.771,2000,6248.467,5788.454,2000,6251.786,5794.971,2000,6243.894,5795.207,2000,6245.39,5790.45,2000,6251.639,5795.199,2000,6245.969,5787.674,2000,6251.666,5791.734,2000,6251.285,5787.775,2000,6251.687,5795.063,2000,6244.26,5795.184,2000,6246.329,5794.769,2000,6243.301,5788.674,2000,6251.801,5788.182,2000,6251.756,5790.119,2000,6251.709,5790.947,2000,6251.509
5793.216,2000,6250.72,5795.306,2000,6244.561,5795.318,2000,6247.234,5795.322,2000,6244.656,5794.959,2000,6248.558,5788.336,2000,6251.958,5795.117,2000,6243.745,5795.384,2000,6245.281,5790.393,2000,6251.839,5795.386,2000,6245.878,5787.536,2000,6251.821,5791.784,2000,6251.487,5787.639,2000,6251.845,5795.217,2000,6244.121,5795.385,2000,6246.275,5794.899,2000,6243.138,5788.562,2000,6251.977,5788.057,2000,6251.922,5790.051,2000,6251.906,5790.929,2000,6251.717
5793.34,2000,6250.887,5795.466,2000,6244.428,5795.526,2000,6247.251,5795.484,2000,6244.525,5795.147,2000,6248.648,5788.212,2000,6252.125,5795.258,2000,6243.592,5795.559,2000,6245.167,5790.329,2000,6252.037,5795.57,2000,6245.78,5787.392,2000,6251.972,5791.834,2000,6251.689,5787.497,2000,6251.998,5795.368,2000,6243.977,5795.587,2000,6246.222,5795.024,2000,6242.972,5788.444,2000,6252.149,5787.926,2000,6252.084,5789.976,2000,6252.1,5790.912,2000,6251.924
5793.463,2000,6251.055,5795.622,2000,6244.289,5795.733,2000,6247.269,5795.642,2000,6244.389,5795.334,2000,6248.739,5788.083,2000,6252.289,5795.395,2000,6243.434,5795.729,2000,6245.047,5790.258,2000,6252.233,5795.75,2000,6245.677,5787.243,2000,6252.118,5791.886,2000,6251.892,5787.351,2000,6252.146,5795.513,2000,6243.828,5795.789,2000,6246.17,5795.144,2000,6242.801,5788.321,2000,6252.317,5787.79,2000,6252.242,5789.895,2000,6252.292,5790.895,2000,6252.132
5793.587,2000,6251.222,5795.773,2000,6244.146,5795.941,2000,6247.287,5795.795,2000,6244.248,5795.522,2000,6248.83,5787.949,2000,6252.448,5795.525,2000,6243.272,5795.896,2000,6244.921,5790.187,2000,6252.429,5795.931,2000,6245.573,5787.089,2000,6252.259,5791.938,2000,6252.093,5787.2,2000,6252.29,5795.654,2000,6243.674,5795.991,2000,6246.119,5795.257,2000,6242.627,5788.193,2000,6252.481,5787.648,2000,6252.396,5789.808,2000,6252.481,5790.879,2000,6252.339
5793.711,2000,6251.39,5795.919,2000,6243.997,5796.148,2000,6247.306,5795.943,2000,6244.102,5795.709,2000,6248.921,5787.81,2000,6252.603,5795.651,2000,6243.106,5796.058,2000,6244.791,5790.116,2000,6252.625,5796.112,2000,6245.469,5786.931,2000,6252.395,5791.99,2000,6252.295,5787.044,2000,6252.428,5795.789,2000,6243.516,5796.193,2000,6246.069,5795.366,2000,6242.449,5788.059,2000,6252.641,5787.502,2000,6252.544,5789.715,2000,6252.668,5790.865,2000,6252.547
5793.835,2000,6251.557,5796.06,2000,6243.844,5796.356,2000,6247.325,5796.087,2000,6243.951,5795.896,2000,6249.013,5787.665,2000,6252.753,5795.771,2000,6242.936,5796.215,2000,6244.654,5790.044,2000,6252.821,5796.292,2000,6245.365,5786.769,2000,6252.525,5792.042,2000,6252.497,5786.884,2000,6252.561,5795.919,2000,6243.353,5796.396,2000,6246.021,5795.468,2000,6242.267,5787.92,2000,6252.796,5787.352,2000,6252.688,5789.616,2000,6252.851,5790.851,2000,6252.755
5793.96,2000,6251.724,5796.196,2000,6243.686,5796.563,2000,6247.345,5796.226,2000,6243.795,5796.083,2000,6249.105,5787.516,2000,6252.898,5795.885,2000,6242.761,5796.369,2000,6244.513,5789.974,2000,6253.017,5796.474,2000,6245.262,5786.603,2000,6252.65,5792.096,2000,6252.698,5786.719,2000,6252.689,5796.044,2000,6243.186,5796.598,2000,6245.972,5795.564,2000,6242.083,5787.776,2000,6252.946,5787.196,2000,6252.826,5789.51,2000,6253.031,5790.837,2000,6252.963
5794.084,2000,6251.891,5796.327,2000,6243.524,5796.771,2000,6247.366,5796.359,2000,6243.635,5796.27,2000,6249.197,5787.362,2000,6253.039,5795.994,2000,6242.583,5796.521,2000,6244.371,5789.903,2000,6253.213,5796.655,2000,6245.16,5786.432,2000,6252.77,5792.149,2000,6252.899,5786.551,2000,6252.812,5796.164,2000,6243.015,5796.801,2000,6245.925,5795.655,2000,6241.895,5787.627,2000,6253.092,5787.036,2000,6252.959,5789.399,2000,6253.207,5790.825,2000,6253.171
5794.209,2000,6252.058,5796.453,2000,6243.358,5796.978,2000,6247.387,5796.487,2000,6243.471,5796.457,2000,6249.29,5787.203,2000,6253.174,5796.097,2000,6242.402,5796.672,2000,6244.228,5789.833,2000,6253.409,5796.836,2000,6245.058,5786.258,2000,6252.884,5792.204,2000,6253.1,5786.378,2000,6252.928,5796.277,2000,6242.84,5797.004,2000,6245.878,5795.739,2000,6241.704,5787.475,2000,6253.234,5786.872,2000,6253.087,5789.288,2000,6253.383,5790.813,2000,6253.379
5794.333,2000,6252.225,5796.573,2000,6243.188,5797.185,2000,6247.408,5796.609,2000,6243.303,5796.643,2000,6249.382,5787.041,2000,6253.304,5796.194,2000,6242.218,5796.824,2000,6244.085,5789.764,2000,6253.606,5797.019,2000,6244.957,5786.08,2000,6252.993,5792.258,2000,6253.301,5786.202,2000,6253.04,5796.385,2000,6242.662,5797.208,2000,6245.833,5795.816,2000,6241.511,5787.322,2000,6253.375,5786.703,2000,6253.21,5789.175,2000,6253.558,5790.802,2000,6253.587
5794.458,2000,6252.392,5796.687,2000,6243.014,5797.392,2000,6247.43,5796.729,2000,6243.132,5796.83,2000,6249.475,5786.874,2000,6253.428,5796.285,2000,6242.03,5796.976,2000,6243.942,5789.696,2000,6253.803,5797.201,2000,6244.856,5785.898,2000,6253.095,5792.313,2000,6253.502,5786.022,2000,6253.145,5796.487,2000,6242.48,5797.411,2000,6245.787,5795.888,2000,6241.315,5787.168,2000,6253.517,5786.531,2000,6253.327,5789.063,2000,6253.733,5790.791,2000,6253.795
5794.583,2000,6252.559,5796.796,2000,6242.836,5797.599,2000,6247.453,5796.847,2000,6242.96,5797.016,2000,6249.568,5786.703,2000,6253.547,5796.369,2000,6241.84,5797.128,2000,6243.8,5789.628,2000,6254,5797.384,2000,6244.756,5785.713,2000,6253.191,5792.369,2000,6253.703,5785.839,2000,6253.245,5796.583,2000,6242.295,5797.615,2000,6245.743,5795.953,2000,6241.117,5787.015,2000,6253.658,5786.354,2000,6253.438,5788.949,2000,6253.908,5790.781,2000,6254.003
5794.708,2000,6252.725,5796.899,2000,6242.655,5797.806,2000,6247.476,5796.965,2000,6242.789,5797.202,2000,6249.662,5786.528,2000,6253.661,5796.447,2000,6241.647,5797.28,2000,6243.657,5789.561,2000,6254.197,5797.567,2000,6244.657,5785.525,2000,6253.282,5792.424,2000,6253.904,5785.653,2000,6253.338,5796.673,2000,6242.107,5797.818,2000,6245.699,5796.011,2000,6240.917,5786.862,2000,6253.799,5786.175,2000,6253.544,5788.836,2000,6254.083,5790.771,2000,6254.211
5794.833,2000,6252.892,5796.996,2000,6242.47,5798.013,2000,6247.499,5797.083,2000,6242.618,5797.388,2000,6249.755,5786.353,2000,6253.774,5796.519,2000,6241.452,5797.432,2000,6243.515,5789.494,2000,6254.394,5797.751,2000,6244.559,5785.335,2000,6253.366,5792.48,2000,6254.104,5785.464,2000,6253.425,5796.757,2000,6241.917,5798.022,2000,6245.655,5796.063,2000,6240.715,5786.708,2000,6253.94,5785.992,2000,6253.644,5788.723,2000,6254.258,5790.762,2000,6254.419
5794.959,2000,6253.058,5797.086,2000,6242.283,5798.22,2000,6247.522,5797.202,2000,6242.446,5797.574,2000,6249.849,5786.177,2000,6253.885,5796.584,2000,6241.254,5797.585,2000,6243.374,5789.427,2000,6254.591,5797.935,2000,6244.46,5785.142,2000,6253.443,5792.537,2000,6254.305,5785.272,2000,6253.506,5796.834,2000,6241.723,5798.226,2000,6245.612,5796.108,2000,6240.512,5786.555,2000,6254.081,5785.806,2000,6253.737,5788.609,2000,6254.433,5790.753,2000,6254.627
5795.084,2000,6253.225,5797.173,2000,6242.093,5798.427,2000,6247.546,5797.32,2000,6242.275,5797.76,2000,6249.943,5786,2000,6253.996,5796.644,2000,6241.054,5797.738,2000,6243.232,5789.361,2000,6254.789,5798.119,2000,6244.363,5784.946,2000,6253.515,5792.593,2000,6254.506,5785.078,2000,6253.581,5796.906,2000,6241.527,5798.43,2000,6245.57,5796.147,2000,6240.308,5786.402,2000,6254.222,5785.617,2000,6253.825,5788.496,2000,6254.607,5790.745,2000,6254.835
5795.21,2000,6253.391,5797.258,2000,6241.903,5798.634,2000,6247.571,5797.438,2000,6242.104,5797.946,2000,6250.037,5785.824,2000,6254.106,5796.696,2000,6240.853,5797.891,2000,6243.091,5789.295,2000,6254.987,5798.304,2000,6244.266,5784.748,2000,6253.58,5792.65,2000,6254.706,5784.881,2000,6253.649,5796.97,2000,6241.329,5798.634,2000,6245.527,5796.179,2000,6240.102,5786.25,2000,6254.364,5785.426,2000,6253.908,5788.383,2000,6254.782,5790.737,2000,6255.043
5795.335,2000,6253.557,5797.341,2000,6241.712,5798.841,2000,6247.595,5797.557,2000,6241.932,5798.132,2000,6250.131,5785.646,2000,6254.215,5796.742,2000,6240.649,5798.044,2000,6242.95,5789.23,2000,6255.185,5798.488,2000,6244.169,5784.548,2000,6253.638,5792.708,2000,6254.906,5784.683,2000,6253.711,5797.028,2000,6241.129,5798.838,2000,6245.485,5796.204,2000,6239.895,5786.097,2000,6254.505,5785.234,2000,6253.99,5788.27,2000,6254.958,5790.729,2000,6255.251
5795.461,2000,6253.723,5797.424,2000,6241.521,5799.048,2000,6247.62,5797.676,2000,6241.761,5798.318,2000,6250.226,5785.469,2000,6254.324,5796.781,2000,6240.445,5798.198,2000,6242.809,5789.165,2000,6255.382,5798.673,2000,6244.073,5784.347,2000,6253.69,5792.765,2000,6255.106,5784.482,2000,6253.767,5797.084,2000,6240.928,5799.042,2000,6245.444,5796.222,2000,6239.687,5785.944,2000,6254.647,5785.042,2000,6254.071,5788.157,2000,6255.133,5790.722,2000,6255.459
5795.587,2000,6253.889,5797.505,2000,6241.329,5799.255,2000,6247.645,5797.794,2000,6241.589,5798.503,2000,6250.32,5785.291,2000,6254.433,5796.813,2000,6240.239,5798.352,2000,6242.668,5789.1,2000,6255.581,5798.858,2000,6243.977,5784.144,2000,6253.735,5792.823,2000,6255.307,5784.281,2000,6253.82,5797.138,2000,6240.727,5799.246,2000,6245.402,5796.233,2000,6239.479,5785.791,2000,6254.789,5784.849,2000,6254.15,5788.044,2000,6255.308,5790.715,2000,6255.667
5795.713,2000,6254.055,5797.586,2000,6241.137,5799.462,2000,6247.67,5797.913,2000,6241.418,5798.689,2000,6250.415,5785.113,2000,6254.542,5796.84,2000,6240.033,5798.506,2000,6242.528,5789.036,2000,6255.779,5799.043,2000,6243.881,5783.939,2000,6253.774,5792.881,2000,6255.507,5784.079,2000,6253.872,5797.19,2000,6240.525,5799.45,2000,6245.361,5796.238,2000,6239.271,5785.638,2000,6254.93,5784.656,2000,6254.228,5787.932,2000,6255.483,5790.709,2000,6255.875
5795.839,2000,6254.221,5797.667,2000,6240.945,5799.669,2000,6247.696,5798.032,2000,6241.247,5798.875,2000,6250.51,5784.935,2000,6254.649,5796.865,2000,6239.826,5798.661,2000,6242.388,5788.972,2000,6255.977,5799.228,2000,6243.786,5783.733,2000,6253.806,5792.939,2000,6255.707,5783.877,2000,6253.921,5797.241,2000,6240.323,5799.654,2000,6245.321,5796.237,2000,6239.062,5785.485,2000,6255.072,5784.462,2000,6254.304,5787.82,2000,6255.659,5790.703,2000,6256.083
5795.965,2000,6254.387,5797.747,2000,6240.752,5799.875,2000,6247.722,5798.15,2000,6241.075,5799.06,2000,6250.604,5784.757,2000,6254.757,5796.887,2000,6239.619,5798.815,2000,6242.248,5788.908,2000,6256.175,5799.414,2000,6243.691,5783.526,2000,6253.832,5792.998,2000,6255.907,5783.674,2000,6253.97,5797.29,2000,6240.121,5799.859,2000,6245.28,5796.233,2000,6238.854,5785.333,2000,6255.213,5784.268,2000,6254.38,5787.708,2000,6255.834,5790.697,2000,6256.292
5796.091,2000,6254.553,5797.827,2000,6240.56,5800.082,2000,6247.748,5798.269,2000,6240.904,5799.246,2000,6250.7,5784.578,2000,6254.865,5796.908,2000,6239.411,5798.969,2000,6242.108,5788.844,2000,6256.374,5799.599,2000,6243.596,5783.319,2000,6253.855,5793.056,2000,6256.107,5783.471,2000,6254.017,5797.338,2000,6239.918,5800.063,2000,6245.24,5796.228,2000,6238.645,5785.18,2000,6255.355,5784.073,2000,6254.455,5787.596,2000,6256.01,5790.691,2000,6256.5
5796.217,2000,6254.719,5797.906,2000,6240.367,5800.289,2000,6247.774,5798.387,2000,6240.732,5799.431,2000,6250.795,5784.399,2000,6254.972,5796.926,2000,6239.204,5799.124,2000,6241.969,5788.781,2000,6256.572,5799.785,2000,6243.501,5783.112,2000,6253.876,5793.115,2000,6256.307,5783.268,2000,6254.063,5797.385,2000,6239.715,5800.268,2000,6245.2,5796.22,2000,6238.437,5785.026,2000,6255.496,5783.878,2000,6254.528,5787.484,2000,6256.186,5790.686,2000,6256.708
5796.344,2000,6254.884,5797.984,2000,6240.174,5800.495,2000,6247.8,5798.505,2000,6240.561,5799.616,2000,6250.89,5784.221,2000,6255.079,5796.943,2000,6238.996,5799.279,2000,6241.829,5788.717,2000,6256.771,5799.97,2000,6243.407,5782.904,2000,6253.894,5793.174,2000,6256.506,5783.064,2000,6254.107,5797.431,2000,6239.512,5800.473,2000,6245.161,5796.21,2000,6238.229,5784.873,2000,6255.637,5783.683,2000,6254.601,5787.372,2000,6256.362,5790.68,2000,6256.917
5796.47,2000,6255.05,5798.063,2000,6239.981,5800.702,2000,6247.827,5798.623,2000,6240.389,5799.801,2000,6250.985,5784.042,2000,6255.185,5796.958,2000,6238.788,5799.434,2000,6241.689,5788.654,2000,6256.969,5800.156,2000,6243.313,5782.697,2000,6253.91,5793.233,2000,6256.706,5782.861,2000,6254.151,5797.476,2000,6239.309,5800.677,2000,6245.121,5796.198,2000,6238.021,5784.72,2000,6255.778,5783.488,2000,6254.673,5787.26,2000,6256.538,5790.675,2000,6257.125
5796.597,2000,6255.215,5798.141,2000,6239.788,5800.908,2000,6247.854,5798.741,2000,6240.217,5799.986,2000,6251.081,5783.862,2000,6255.291,5796.971,2000,6238.58,5799.588,2000,6241.55,5788.591,2000,6257.168,5800.342,2000,6243.219,5782.489,2000,6253.923,5793.293,2000,6256.906,5782.657,2000,6254.193,5797.52,2000,6239.105,5800.882,2000,6245.082,5796.185,2000,6237.813,5784.566,2000,6255.919,5783.292,2000,6254.745,5787.148,2000,6256.713,5790.67,2000,6257.334
5796.723,2000,6255.381,5798.219,2000,6239.595,5801.115,2000,6247.88,5798.858,2000,6240.045,5800.171,2000,6251.177,5783.683,2000,6255.397,5796.983,2000,6238.372,5799.743,2000,6241.41,5788.528,2000,6257.367,5800.528,2000,6243.125,5782.281,2000,6253.934,5793.353,2000,6257.105,5782.453,2000,6254.233,5797.563,2000,6238.901,5801.086,2000,6245.042,5796.169,2000,6237.605,5784.413,2000,6256.06,5783.096,2000,6254.815,5787.037,2000,6256.889,5790.666,2000,6257.542
5796.85,2000,6255.546,5798.296,2000,6239.401,5801.321,2000,6247.908,5798.976,2000,6239.874,5800.356,2000,6251.272,5783.503,2000,6255.502,5796.993,2000,6238.164,5799.898,2000,6241.271,5788.466,2000,6257.565,5800.714,2000,6243.031,5782.073,2000,6253.943,5793.412,2000,6257.305,5782.248,2000,6254.273,5797.605,2000,6238.697,5801.291,2000,6245.003,5796.151,2000,6237.398,5784.259,2000,6256.201,5782.9,2000,6254.885,5786.925,2000,6257.065,5790.661,2000,6257.751
5796.977,2000,6255.712,5798.374,2000,6239.208,5801.528,2000,6247.935,5799.093,2000,6239.702,5800.542,2000,6251.368,5783.323,2000,6255.607,5797.002,2000,6237.956,5800.053,2000,6241.132,5788.403,2000,6257.764,5800.9,2000,6242.938,5781.865,2000,6253.951,5793.472,2000,6257.505,5782.043,2000,6254.311,5797.646,2000,6238.493,5801.496,2000,6244.964,5796.132,2000,6237.19,5784.105,2000,6256.341,5782.704,2000,6254.955,5786.814,2000,6257.241,5790.657,2000,6257.959
5797.104,2000,6255.877,5798.45,2000,6239.014,5801.734,2000,6247.962,5799.21,2000,6239.529,5800.727,2000,6251.464,5783.143,2000,6255.712,5797.009,2000,6237.748,5800.208,2000,6240.993,5788.341,2000,6257.963,5801.086,2000,6242.844,5781.656,2000,6253.956,5793.532,2000,6257.705,5781.838,2000,6254.348,5797.687,2000,6238.289,5801.7,2000,6244.926,5796.111,2000,6236.983,5783.952,2000,6256.482,5782.507,2000,6255.023,5786.703,2000,6257.417,5790.653,2000,6258.168
5797.23,2000,6256.042,5798.527,2000,6238.82,5801.941,2000,6247.99,5799.328,2000,6239.357,5800.912,2000,6251.56,5782.963,2000,6255.817,5797.015,2000,6237.54,5800.362,2000,6240.854,5788.278,2000,6258.162,5801.272,2000,6242.75,5781.448,2000,6253.959,5793.592,2000,6257.904,5781.633,2000,6254.384,5797.727,2000,6238.084,5801.905,2000,6244.887,5796.089,2000,6236.776,5783.798,2000,6256.622,5782.31,2000,6255.091,5786.591,2000,6257.593,5790.649,2000,6258.376
5797.357,2000,6256.207,5798.603,2000,6238.626,5802.147,2000,6248.018,5799.445,2000,6239.185,5801.097,2000,6251.656,5782.783,2000,6255.921,5797.02,2000,6237.332,5800.517,2000,6240.714,5788.216,2000,6258.36,5801.458,2000,6242.657,5781.239,2000,6253.961,5793.653,2000,6258.103,5781.428,2000,6254.419,5797.766,2000,6237.879,5802.109,2000,6244.849,5796.065,2000,6236.569,5783.644,2000,6256.762,5782.113,2000,6255.158,5786.48,2000,6257.77,5790.645,2000,6258.585
5797.484,2000,6256.372,5798.679,2000,6238.433,5802.354,2000,6248.046,5799.562,2000,6239.012,5801.281,2000,6251.752,5782.602,2000,6256.025,5797.023,2000,6237.123,5800.672,2000,6240.575,5788.154,2000,6258.559,5801.645,2000,6242.564,5781.031,2000,6253.962,5793.713,2000,6258.302,5781.222,2000,6254.453,5797.804,2000,6237.675,5802.314,2000,6244.811,5796.04,2000,6236.362,5783.489,2000,6256.902,5781.916,2000,6255.225,5786.369,2000,6257.946,5790.642,2000,6258.793
5797.611,2000,6256.537,5798.755,2000,6238.239,5802.561,2000,6248.074,5799.678,2000,6238.839,5801.466,2000,6251.849,5782.421,2000,6256.128,5797.026,2000,6236.915,5800.827,2000,6240.436,5788.092,2000,6258.758,5801.832,2000,6242.471,5780.822,2000,6253.961,5793.774,2000,6258.501,5781.017,2000,6254.485,5797.841,2000,6237.47,5802.519,2000,6244.773,5796.013,2000,6236.156,5783.335,2000,6257.042,5781.718,2000,6255.291,5786.257,2000,6258.122,5790.638,2000,6259.002
5797.738,2000,6256.702,5798.831,2000,6238.044,5802.767,2000,6248.103,5799.795,2000,6238.667,5801.65,2000,6251.945,5782.241,2000,6256.232,5797.027,2000,6236.706,5800.981,2000,6240.297,5788.03,2000,6258.957,5802.018,2000,6242.377,5780.614,2000,6253.958,5793.835,2000,6258.701,5780.811,2000,6254.517,5797.878,2000,6237.265,5802.724,2000,6244.735,5795.984,2000,6235.949,5783.181,2000,6257.182,5781.52,2000,6255.356,5786.146,2000,6258.298,5790.635,2000,6259.21
5797.866,2000,6256.867,5798.906,2000,6237.85,5802.974,2000,6248.131,5799.911,2000,6238.494,5801.835,2000,6252.041,5782.06,2000,6256.335,5797.027,2000,6236.498,5801.136,2000,6240.158,5787.968,2000,6259.155,5802.205,2000,6242.285,5780.405,2000,6253.955,5793.896,2000,6258.9,5780.604,2000,6254.548,5797.915,2000,6237.06,5802.929,2000,6244.697,5795.955,2000,6235.743,5783.026,2000,6257.322,5781.322,2000,6255.421,5786.035,2000,6258.475,5790.631,2000,6259.419
5797.993,2000,6257.032,5798.98,2000,6237.656,5803.18,2000,6248.159,5800.027,2000,6238.321,5802.02,2000,6252.138,5781.878,2000,6256.438,5797.026,2000,6236.289,5801.291,2000,6240.019,5787.907,2000,6259.354,5802.391,2000,6242.192,5780.197,2000,6253.949,5793.957,2000,6259.099,5780.398,2000,6254.578,5797.95,2000,6236.854,5803.134,2000,6244.66,5795.923,2000,6235.537,5782.871,2000,6257.461,5781.124,2000,6255.486,5785.923,2000,6258.651,5790.628,2000,6259.627
5798.121,2000,6257.197,5799.055,2000,6237.461,5803.387,2000,6248.188,5800.144,2000,6238.148,5802.204,2000,6252.234,5781.697,2000,6256.54,5797.024,2000,6236.081,5801.446,2000,6239.879,5787.845,2000,6259.554,5802.578,2000,6242.099,5779.989,2000,6253.942,5794.019,2000,6259.298,5780.192,2000,6254.606,5797.985,2000,6236.649,5803.339,2000,6244.622,5795.891,2000,6235.332,5782.716,2000,6257.601,5780.926,2000,6255.55,5785.812,2000,6258.827,5790.625,2000,6259.836
5798.248,2000,6257.362,5799.129,2000,6237.267,5803.593,2000,6248.217,5800.26,2000,6237.975,5802.389,2000,6252.331,5781.516,2000,6256.642,5797.021,2000,6235.872,5801.601,2000,6239.74,5787.784,2000,6259.753,5802.764,2000,6242.006,5779.781,2000,6253.935,5794.08,2000,6259.498,5779.985,2000,6254.634,5798.02,2000,6236.443,5803.544,2000,6244.585,5795.857,2000,6235.126,5782.562,2000,6257.74,5780.728,2000,6255.613,5785.701,2000,6259.003,5790.623,2000,6260.044
5798.375,2000,6257.527,5799.204,2000,6237.072,5803.8,2000,6248.246,5800.375,2000,6237.802,5802.573,2000,6252.428,5781.334,2000,6256.744,5797.017,2000,6235.664,5801.755,2000,6239.601,5787.722,2000,6259.952,5802.951,2000,6241.914,5779.573,2000,6253.925,5794.142,2000,6259.697,5779.779,2000,6254.662,5798.054,2000,6236.238,5803.75,2000,6244.548,5795.822,2000,6234.92,5782.407,2000,6257.879,5780.529,2000,6255.676,5785.589,2000,6259.18,5790.62,2000,6260.253
5798.503,2000,6257.692,5799.277,2000,6236.877,5804.006,2000,6248.275,5800.491,2000,6237.628,5802.758,2000,6252.525,5781.152,2000,6256.846,5797.012,2000,6235.455,5801.91,2000,6239.462,5787.661,2000,6260.151,5803.137,2000,6241.821,5779.365,2000,6253.915,5794.203,2000,6259.896,5779.572,2000,6254.688,5798.088,2000,6236.032,5803.955,2000,6244.511,5795.786,2000,6234.715,5782.251,2000,6258.019,5780.33,2000,6255.739,5785.478,2000,6259.356,5790.617,2000,6260.461
5798.63,2000,6257.857,5799.351,2000,6236.682,5804.212,2000,6248.304,5800.607,2000,6237.455,5802.942,2000,6252.622,5780.97,2000,6256.947,5797.006,2000,6235.247,5802.065,2000,6239.323,5787.599,2000,6260.351,5803.324,2000,6241.728,5779.157,2000,6253.904,5794.265,2000,6260.095,5779.366,2000,6254.713,5798.121,2000,6235.827,5804.16,2000,6244.474,5795.749,2000,6234.51,5782.096,2000,6258.158,5780.131,2000,6255.801,5785.367,2000,6259.532,5790.615,2000,6260.67
5798.758,2000,6258.021,5799.424,2000,6236.487,5804.418,2000,6248.333,5800.722,2000,6237.282,5803.127,2000,6252.719,5780.788,2000,6257.048,5797,2000,6235.039,5802.22,2000,6239.184,5787.538,2000,6260.55,5803.51,2000,6241.636,5778.949,2000,6253.891,5794.327,2000,6260.293,5779.159,2000,6254.738,5798.153,2000,6235.621,5804.365,2000,6244.437,5795.71,2000,6234.306,5781.941,2000,6258.296,5779.932,2000,6255.862,5785.255,2000,6259.708,5790.612,2000,6260.878
5798.886,2000,6258.186,5799.498,2000,6236.292,5804.624,2000,6248.363,5800.837,2000,6237.108,5803.311,2000,6252.816,5780.606,2000,6257.149,5796.993,2000,6234.831,5802.375,2000,6239.044,5787.476,2000,6260.749,5803.697,2000,6241.543,5778.741,2000,6253.877,5794.389,2000,6260.492,5778.952,2000,6254.762,5798.185,2000,6235.415,5804.57,2000,6244.4,5795.67,2000,6234.101,5781.786,2000,6258.435,5779.733,2000,6255.923,5785.144,2000,6259.885,5790.61,2000,6261.087
5799.014,2000,6258.351,5799.57,2000,6236.097,5804.83,2000,6248.393,5800.953,2000,6236.935,5803.495,2000,6252.914,5780.423,2000,6257.25,5796.985,2000,6234.623,5802.529,2000,6238.905,5787.415,2000,6260.948,5803.883,2000,6241.451,5778.533,2000,6253.863,5794.451,2000,6260.691,5778.745,2000,6254.786,5798.216,2000,6235.209,5804.775,2000,6244.364,5795.63,2000,6233.897,5781.63,2000,6258.574,5779.534,2000,6255.984,5785.033,2000,6260.061,5790.608,2000,6261.295
5799.142,2000,6258.515,5799.643,2000,6235.902,5805.036,2000,6248.422,5801.068,2000,6236.761,5803.679,2000,6253.011,5780.241,2000,6257.351,5796.976,2000,6234.415,5802.684,2000,6238.766,5787.354,2000,6261.147,5804.07,2000,6241.359,5778.325,2000,6253.847,5794.513,2000,6260.89,5778.538,2000,6254.808,5798.248,2000,6235.003,5804.98,2000,6244.327,5795.588,2000,6233.693,5781.475,2000,6258.712,5779.334,2000,6256.044,5784.921,2000,6260.237,5790.606,2000,6261.504
5799.27,2000,6258.68,5799.716,2000,6235.707,5805.242,2000,6248.452,5801.183,2000,6236.587,5803.863,2000,6253.108,5780.058,2000,6257.451,5796.966,2000,6234.207,5802.839,2000,6238.627,5787.293,2000,6261.347,5804.257,2000,6241.267,5778.118,2000,6253.831,5794.576,2000,6261.088,5778.331,2000,6254.83,5798.278,2000,6234.797,5805.185,2000,6244.291,5795.546,2000,6233.489,5781.319,2000,6258.851,5779.135,2000,6256.104,5784.81,2000,6260.414,5790.604,2000,6261.712
5799.397,2000,6258.844,5799.788,2000,6235.511,5805.448,2000,6248.482,5801.298,2000,6236.414,5804.047,2000,6253.206,5779.875,2000,6257.551,5796.956,2000,6233.999,5802.994,2000,6238.488,5787.232,2000,6261.546,5804.444,2000,6241.174,5777.91,2000,6253.813,5794.638,2000,6261.287,5778.124,2000,6254.851,5798.309,2000,6234.591,5805.39,2000,6244.255,5795.502,2000,6233.285,5781.163,2000,6258.989,5778.935,2000,6256.163,5784.699,2000,6260.59,5790.602,2000,6261.921
5799.525,2000,6259.009,5799.86,2000,6235.316,5805.654,2000,6248.512,5801.413,2000,6236.24,5804.231,2000,6253.304,5779.692,2000,6257.65,5796.945,2000,6233.791,5803.148,2000,6238.349,5787.171,2000,6261.745,5804.631,2000,6241.082,5777.703,2000,6253.794,5794.701,2000,6261.486,5777.916,2000,6254.872,5798.338,2000,6234.385,5805.595,2000,6244.219,5795.458,2000,6233.082,5781.007,2000,6259.127,5778.735,2000,6256.222,5784.587,2000,6260.766,5790.6,2000,6262.129
5799.653,2000,6259.173,5799.932,2000,6235.121,5805.86,2000,6248.542,5801.527,2000,6236.066,5804.416,2000,6253.401,5779.509,2000,6257.75,5796.934,2000,6233.583,5803.303,2000,6238.209,5787.11,2000,6261.944,5804.818,2000,6240.99,5777.495,2000,6253.775,5794.763,2000,6261.685,5777.708,2000,6254.891,5798.368,2000,6234.179,5805.8,2000,6244.183,5795.413,2000,6232.878,5780.852,2000,6259.266,5778.536,2000,6256.281,5784.476,2000,6260.942,5790.599,2000,6262.338
5799.781,2000,6259.338,5800.004,2000,6234.925,5806.066,2000,6248.573,5801.642,2000,6235.892,5804.6,2000,6253.499,5779.326,2000,6257.849,5796.921,2000,6233.375,5803.458,2000,6238.07,5787.049,2000,6262.144,5805.005,2000,6240.897,5777.288,2000,6253.755,5794.826,2000,6261.883,5777.501,2000,6254.91,5798.396,2000,6233.972,5806.005,2000,6244.147,5795.366,2000,6232.675,5780.696,2000,6259.404,5778.335,2000,6256.339,5784.365,2000,6261.119,5790.597,2000,6262.546
5799.909,2000,6259.502,5800.075,2000,6234.729,5806.272,2000,6248.603,5801.756,2000,6235.718,5804.784,2000,6253.597,5779.143,2000,6257.948,5796.909,2000,6233.167,5803.613,2000,6237.931,5786.988,2000,6262.343,5805.192,2000,6240.806,5777.08,2000,6253.734,5794.889,2000,6262.082,5777.293,2000,6254.929,5798.425,2000,6233.766,5806.21,2000,6244.111,5795.319,2000,6232.472,5780.54,2000,6259.542,5778.135,2000,6256.396,5784.253,2000,6261.295,5790.596,2000,6262.755
5800.037,2000,6259.667,5800.146,2000,6234.533,5806.479,2000,6248.633,5801.871,2000,6235.544,5804.968,2000,6253.694,5778.959,2000,6258.047,5796.895,2000,6232.958,5803.768,2000,6237.792,5786.928,2000,6262.542,5805.379,2000,6240.714,5776.873,2000,6253.713,5794.952,2000,6262.281,5777.086,2000,6254.947,5798.453,2000,6233.559,5806.416,2000,6244.076,5795.271,2000,6232.27,5780.384,2000,6259.68,5777.935,2000,6256.454,5784.142,2000,6261.471,5790.594,2000,6262.963
5800.165,2000,6259.831,5800.218,2000,6234.337,5806.685,2000,6248.664,5801.985,2000,6235.37,5805.152,2000,6253.792,5778.776,2000,6258.146,5796.881,2000,6232.75,5803.922,2000,6237.653,5786.867,2000,6262.741,5805.566,2000,6240.622,5776.666,2000,6253.69,5795.015,2000,6262.479,5776.878,2000,6254.964,5798.48,2000,6233.353,5806.621,2000,6244.04,5795.222,2000,6232.067,5780.228,2000,6259.818,5777.735,2000,6256.511,5784.031,2000,6261.647,5790.593,2000,6263.172
5800.293,2000,6259.995,5800.289,2000,6234.142,5806.891,2000,6248.695,5802.099,2000,6235.195,5805.336,2000,6253.891,5778.592,2000,6258.245,5796.866,2000,6232.542,5804.077,2000,6237.514,5786.807,2000,6262.94,5805.753,2000,6240.53,5776.459,2000,6253.667,5795.078,2000,6262.678,5776.671,2000,6254.98,5798.508,2000,6233.146,5806.826,2000,6244.004,5795.172,2000,6231.865,5780.072,2000,6259.956,5777.534,2000,6256.568,5783.919,2000,6261.824,5790.592,2000,6263.38
5800.421,2000,6260.159,5800.359,2000,6233.946,5807.097,2000,6248.726,5802.213,2000,6235.021,5805.52,2000,6253.989,5778.409,2000,6258.343,5796.851,2000,6232.334,5804.232,2000,6237.375,5786.746,2000,6263.14,5805.94,2000,6240.438,5776.252,2000,6253.643,5795.142,2000,6262.877,5776.463,2000,6254.997,5798.535,2000,6232.939,5807.031,2000,6243.969,5795.122,2000,6231.663,5779.916,2000,6260.094,5777.333,2000,6256.624,5783.808,2000,6262,5790.591,2000,6263.589
5800.549,2000,6260.323,5800.43,2000,6233.75,5807.303,2000,6248.756,5802.327,2000,6234.847,5805.703,2000,6254.087,5778.225,2000,6258.441,5796.835,2000,6232.127,5804.387,2000,6237.235,5786.686,2000,6263.339,5806.127,2000,6240.347,5776.045,2000,6253.618,5795.205,2000,6263.075,5776.256,2000,6255.012,5798.561,2000,6232.733,5807.236,2000,6243.934,5795.071,2000,6231.46,5779.759,2000,6260.231,5777.133,2000,6256.68,5783.697,2000,6262.176,5790.59,2000,6263.797
5800.678,2000,6260.487,5800.5,2000,6233.554,5807.509,2000,6248.788,5802.441,2000,6234.672,5805.887,2000,6254.185,5778.041,2000,6258.539,5796.819,2000,6231.919,5804.542,2000,6237.096,5786.625,2000,6263.538,5806.314,2000,6240.255,5775.838,2000,6253.593,5795.269,2000,6263.273,5776.048,2000,6255.027,5798.587,2000,6232.526,5807.442,2000,6243.899,5795.019,2000,6231.259,5779.603,2000,6260.369,5776.932,2000,6256.736,5783.585,2000,6262.353,5790.589,2000,6264.006
5800.806,2000,6260.651,5800.57,2000,6233.357,5807.715,2000,6248.819,5802.555,2000,6234.498,5806.07,2000,6254.283,5777.857,2000,6258.637,5796.802,2000,6231.712,5804.696,2000,6236.956,5786.564,2000,6263.737,5806.501,2000,6240.163,5775.632,2000,6253.566,5795.332,2000,6263.472,5775.84,2000,6255.042,5798.613,2000,6232.32,5807.647,2000,6243.864,5794.966,2000,6231.057,5779.447,2000,6260.507,5776.731,2000,6256.791,5783.474,2000,6262.529,5790.588,2000,6264.214
5800.935,2000,6260.815,5800.64,2000,6233.161,5807.921,2000,6248.85,5802.668,2000,6234.324,5806.254,2000,6254.381,5777.673,2000,6258.734,5796.785,2000,6231.504,5804.851,2000,6236.816,5786.504,2000,6263.937,5806.688,2000,6240.071,5775.425,2000,6253.54,5795.396,2000,6263.67,5775.632,2000,6255.056,5798.639,2000,6232.113,5807.853,2000,6243.829,5794.912,2000,6230.856,5779.29,2000,6260.645,5776.531,2000,6256.846,5783.363,2000,6262.705,5790.587,2000,6264.423
5801.063,2000,6260.979,5800.71,2000,6232.965,5808.127,2000,6248.881,5802.782,2000,6234.149,5806.438,2000,6254.479,5777.489,2000,6258.832,5796.767,2000,6231.297,5805.006,2000,6236.677,5786.443,2000,6264.136,5806.875,2000,6239.98,5775.219,2000,6253.512,5795.459,2000,6263.868,5775.424,2000,6255.07,5798.664,2000,6231.906,5808.059,2000,6243.794,5794.858,2000,6230.655,5779.133,2000,6260.782,5776.33,2000,6256.901,5783.251,2000,6262.881,5790.587,2000,6264.631
5801.191,2000,6261.143,5800.78,2000,6232.769,5808.333,2000,6248.913,5802.896,2000,6233.974,5806.621,2000,6254.578,5777.305,2000,6258.929,5796.748,2000,6231.089,5805.161,2000,6236.538,5786.383,2000,6264.335,5807.062,2000,6239.889,5775.012,2000,6253.484,5795.523,2000,6264.066,5775.216,2000,6255.083,5798.689,2000,6231.699,5808.264,2000,6243.759,5794.803,2000,6230.454,5778.977,2000,6260.919,5776.128,2000,6256.956,5783.14,2000,6263.058,5790.586,2000,6264.84
5801.32,2000,6261.307,5800.849,2000,6232.572,5808.539,2000,6248.944,5803.01,2000,6233.799,5806.805,2000,6254.676,5777.121,2000,6259.026,5796.729,2000,6230.882,5805.315,2000,6236.398,5786.323,2000,6264.534,5807.249,2000,6239.797,5774.806,2000,6253.455,5795.587,2000,6264.265,5775.008,2000,6255.096,5798.713,2000,6231.492,5808.47,2000,6243.725,5794.748,2000,6230.253,5778.82,2000,6261.057,5775.927,2000,6257.01,5783.029,2000,6263.234,5790.586,2000,6265.048
5801.448,2000,6261.471,5800.918,2000,6232.376,5808.745,2000,6248.976,5803.124,2000,6233.625,5806.988,2000,6254.775,5776.936,2000,6259.124,5796.709,2000,6230.674,5805.47,2000,6236.259,5786.263,2000,6264.733,5807.436,2000,6239.706,5774.6,2000,6253.426,5795.651,2000,6264.463,5774.8,2000,6255.108,5798.738,2000,6231.285,5808.675,2000,6243.69,5794.691,2000,6230.052,5778.663,2000,6261.194,5775.726,2000,6257.063,5782.917,2000,6263.41,5790.585,2000,6265.257
5801.577,2000,6261.635,5800.988,2000,6232.179,5808.951,2000,6249.008,5803.237,2000,6233.45,5807.172,2000,6254.874,5776.751,2000,6259.22,5796.689,2000,6230.467,5805.625,2000,6236.119,5786.203,2000,6264.933,5807.623,2000,6239.615,5774.394,2000,6253.396,5795.715,2000,6264.661,5774.592,2000,6255.12,5798.762,2000,6231.078,5808.881,2000,6243.655,5794.635,2000,6229.852,5778.506,2000,6261.331,5775.525,2000,6257.117,5782.806,2000,6263.586,5790.585,2000,6265.465
5801.705,2000,6261.799,5801.057,2000,6231.982,5809.157,2000,6249.04,5803.35,2000,6233.275,5807.355,2000,6254.972,5776.567,2000,6259.317,5796.669,2000,6230.259,5805.78,2000,6235.979,5786.143,2000,6265.132,5807.811,2000,6239.523,5774.188,2000,6253.365,5795.779,2000,6264.859,5774.384,2000,6255.131,5798.785,2000,6230.871,5809.086,2000,6243.621,5794.577,2000,6229.652,5778.35,2000,6261.468,5775.324,2000,6257.17,5782.695,2000,6263.763,5790.584,2000,6265.674
5801.833,2000,6261.963,5801.125,2000,6231.786,5809.363,2000,6249.071,5803.463,2000,6233.1,5807.539,2000,6255.071,5776.382,2000,6259.414,5796.649,2000,6230.052,5805.935,2000,6235.84,5786.083,2000,6265.332,5807.998,2000,6239.432,5773.981,2000,6253.334,5795.843,2000,6265.058,5774.176,2000,6255.142,5798.809,2000,6230.664,5809.292,2000,6243.586,5794.519,2000,6229.452,5778.193,2000,6261.605,5775.122,2000,6257.224,5782.583,2000,6263.939,5790.584,2000,6265.882
5801.962,2000,6262.127,5801.194,2000,6231.589,5809.569,2000,6249.103,5803.577,2000,6232.925,5807.723,2000,6255.169,5776.198,2000,6259.51,5796.628,2000,6229.845,5806.089,2000,6235.7,5786.022,2000,6265.532,5808.186,2000,6239.341,5773.775,2000,6253.302,5795.907,2000,6265.256,5773.968,2000,6255.152,5798.832,2000,6230.457,5809.498,2000,6243.552,5794.46,2000,6229.252,5778.036,2000,6261.743,5774.92,2000,6257.276,5782.472,2000,6264.115,5790.584,2000,6266.091
5802.091,2000,6262.292,5801.263,2000,6231.392,5809.775,2000,6249.135,5803.69,2000,6232.75,5807.906,2000,6255.268,5776.013,2000,6259.606,5796.606,2000,6229.638,5806.244,2000,6235.561,5785.962,2000,6265.731,5808.373,2000,6239.25,5773.569,2000,6253.27,5795.972,2000,6265.454,5773.76,2000,6255.162,5798.854,2000,6230.25,5809.703,2000,6243.518,5794.401,2000,6229.052,5777.879,2000,6261.88,5774.719,2000,6257.329,5782.361,2000,6264.292,5790.584,2000,6266.299
5802.22,2000,6262.456,5801.331,2000,6231.195,5809.981,2000,6249.167,5803.803,2000,6232.576,5808.09,2000,6255.367,5775.828,2000,6259.702,5796.584,2000,6229.431,5806.399,2000,6235.421,5785.902,2000,6265.931,5808.561,2000,6239.158,5773.364,2000,6253.237,5796.036,2000,6265.652,5773.552,2000,6255.171,5798.877,2000,6230.043,5809.909,2000,6243.484,5794.341,2000,6228.853,5777.723,2000,6262.017,5774.517,2000,6257.381,5782.25,2000,6264.468,5790.584,2000,6266.508
5802.349,2000,6262.62,5801.399,2000,6230.999,5810.188,2000,6249.2,5803.917,2000,6232.401,5808.273,2000,6255.466,5775.643,2000,6259.798,5796.562,2000,6229.224,5806.554,2000,6235.281,5785.842,2000,6266.131,5808.748,2000,6239.067,5773.158,2000,6253.204,5796.101,2000,6265.851,5773.344,2000,6255.181,5798.899,2000,6229.836,5810.114,2000,6243.45,5794.281,2000,6228.653,5777.566,2000,6262.154,5774.315,2000,6257.434,5782.138,2000,6264.644,5790.584,2000,6266.716
5802.478,2000,6262.783,5801.467,2000,6230.802,5810.393,2000,6249.232,5804.029,2000,6232.226,5808.456,2000,6255.565,5775.458,2000,6259.894,5796.539,2000,6229.017,5806.708,2000,6235.142,5785.782,2000,6266.331,5808.936,2000,6238.976,5772.953,2000,6253.17,5796.165,2000,6266.049,5773.136,2000,6255.189,5798.921,2000,6229.629,5810.32,2000,6243.416,5794.22,2000,6228.454,5777.409,2000,6262.291,5774.114,2000,6257.485,5782.027,2000,6264.82,5790.584,2000,6266.925
5802.606,2000,6262.947,5801.535,2000,6230.605,5810.599,2000,6249.264,5804.142,2000,6232.05,5808.639,2000,6255.664,5775.273,2000,6259.99,5796.516,2000,6228.81,5806.863,2000,6235.002,5785.722,2000,6266.53,5809.123,2000,6238.885,5772.747,2000,6253.136,5796.229,2000,6266.247,5772.928,2000,6255.198,5798.943,2000,6229.422,5810.525,2000,6243.382,5794.158,2000,6228.255,5777.251,2000,6262.428,5773.912,2000,6257.537,5781.916,2000,6264.997,5790.585,2000,6267.133
5802.778,2000,6263.165,5801.625,2000,6230.342,5810.873,2000,6249.308,5804.292,2000,6231.817,5808.883,2000,6255.796,5775.026,2000,6260.117,5796.485,2000,6228.534,5807.069,2000,6234.816,5785.643,2000,6266.796,5809.373,2000,6238.764,5772.473,2000,6253.09,5796.315,2000,6266.511,5772.65,2000,6255.208,5798.972,2000,6229.146,5810.799,2000,6243.337,5794.076,2000,6227.99,5777.042,2000,6262.61,5773.643,2000,6257.605,5781.767,2000,6265.231,5790.585,2000,6267.411
5802.907,2000,6263.329,5801.693,2000,6230.145,5811.079,2000,6249.34,5804.405,2000,6231.642,5809.066,2000,6255.895,5774.841,2000,6260.212,5796.461,2000,6228.327,5807.224,2000,6234.676,5785.583,2000,6266.996,5809.561,2000,6238.673,5772.268,2000,6253.054,5796.38,2000,6266.709,5772.442,2000,6255.216,5798.993,2000,6228.938,5811.005,2000,6243.304,5794.013,2000,6227.791,5776.885,2000,6262.747,5773.441,2000,6257.656,5781.656,2000,6265.408,5790.586,2000,6267.62
5803.069,2000,6263.534,5801.777,2000,6229.897,5811.337,2000,6249.381,5804.547,2000,6231.421,5809.296,2000,6256.02,5774.609,2000,6260.332,5796.43,2000,6228.067,5807.418,2000,6234.501,5785.508,2000,6267.247,5809.796,2000,6238.559,5772.01,2000,6253.009,5796.462,2000,6266.958,5772.181,2000,6255.225,5799.02,2000,6228.678,5811.263,2000,6243.262,5793.934,2000,6227.542,5776.688,2000,6262.918,5773.187,2000,6257.72,5781.516,2000,6265.629,5790.586,2000,6267.881
5803.198,2000,6263.698,5801.845,2000,6229.7,5811.542,2000,6249.414,5804.66,2000,6231.246,5809.479,2000,6256.119,5774.423,2000,6260.427,5796.405,2000,6227.86,5807.573,2000,6234.361,5785.448,2000,6267.446,5809.983,2000,6238.468,5771.805,2000,6252.973,5796.527,2000,6267.156,5771.973,2000,6255.231,5799.04,2000,6228.471,5811.469,2000,6243.228,5793.87,2000,6227.344,5776.53,2000,6263.055,5772.985,2000,6257.771,5781.404,2000,6265.805,5790.587,2000,6268.09
5803.35,2000,6263.89,5801.924,2000,6229.468,5811.784,2000,6249.453,5804.792,2000,6231.04,5809.695,2000,6256.235,5774.206,2000,6260.539,5796.376,2000,6227.617,5807.755,2000,6234.197,5785.378,2000,6267.681,5810.204,2000,6238.361,5771.564,2000,6252.929,5796.604,2000,6267.389,5771.729,2000,6255.239,5799.064,2000,6228.227,5811.71,2000,6243.189,5793.794,2000,6227.111,5776.345,2000,6263.216,5772.747,2000,6257.83,5781.273,2000,6266.012,5790.588,2000,6268.335
5803.479,2000,6264.054,5801.991,2000,6229.271,5811.99,2000,6249.485,5804.905,2000,6230.865,5809.878,2000,6256.334,5774.02,2000,6260.634,5796.351,2000,6227.41,5807.91,2000,6234.058,5785.318,2000,6267.881,5810.391,2000,6238.27,5771.359,2000,6252.892,5796.668,2000,6267.586,5771.521,2000,6255.245,5799.084,2000,6228.02,5811.916,2000,6243.156,5793.729,2000,6226.913,5776.188,2000,6263.353,5772.545,2000,6257.879,5781.162,2000,6266.188,5790.588,2000,6268.543
5803.607,2000,6264.217,5802.058,2000,6229.074,5812.195,2000,6249.519,5805.017,2000,6230.689,5810.061,2000,6256.434,5773.834,2000,6260.729,5796.325,2000,6227.204,5808.065,2000,6233.918,5785.259,2000,6268.081,5810.579,2000,6238.179,5771.154,2000,6252.854,5796.733,2000,6267.784,5771.312,2000,6255.25,5799.104,2000,6227.812,5812.122,2000,6243.123,5793.664,2000,6226.715,5776.031,2000,6263.489,5772.343,2000,6257.929,5781.051,2000,6266.365,5790.589,2000,6268.752
5803.736,2000,6264.381,5802.125,2000,6228.876,5812.401,2000,6249.552,5805.129,2000,6230.514,5810.244,2000,6256.534,5773.649,2000,6260.823,5796.298,2000,6226.997,5808.22,2000,6233.778,5785.199,2000,6268.28,5810.766,2000,6238.088,5770.949,2000,6252.815,5796.798,2000,6267.982,5771.104,2000,6255.255,5799.124,2000,6227.604,5812.327,2000,6243.089,5793.598,2000,6226.518,5775.874,2000,6263.626,5772.141,2000,6257.979,5780.939,2000,6266.541,5790.59,2000,6268.96
5803.865,2000,6264.544,5802.191,2000,6228.679,5812.606,2000,6249.585,5805.242,2000,6230.339,5810.427,2000,6256.633,5773.463,2000,6260.918,5796.272,2000,6226.791,5808.375,2000,6233.639,5785.14,2000,6268.48,5810.954,2000,6237.998,5770.745,2000,6252.776,5796.864,2000,6268.18,5770.895,2000,6255.26,5799.143,2000,6227.397,5812.533,2000,6243.056,5793.531,2000,6226.32,5775.716,2000,6263.762,5771.938,2000,6258.028,5780.828,2000,6266.717,5790.591,2000,6269.169
5804.002,2000,6264.718,5802.262,2000,6228.47,5812.825,2000,6249.62,5805.361,2000,6230.152,5810.622,2000,6256.739,5773.266,2000,6261.018,5796.244,2000,6226.571,5808.539,2000,6233.491,5785.077,2000,6268.692,5811.153,2000,6237.901,5770.527,2000,6252.735,5796.933,2000,6268.39,5770.674,2000,6255.265,5799.164,2000,6227.177,5812.751,2000,6243.021,5793.46,2000,6226.11,5775.549,2000,6263.907,5771.723,2000,6258.081,5780.71,2000,6266.904,5790.592,2000,6269.39
5804.131,2000,6264.882,5802.329,2000,6228.272,5813.03,2000,6249.653,5805.473,2000,6229.977,5810.805,2000,6256.838,5773.081,2000,6261.112,5796.216,2000,6226.365,5808.694,2000,6233.351,5785.017,2000,6268.892,5811.34,2000,6237.811,5770.323,2000,6252.695,5796.999,2000,6268.587,5770.465,2000,6255.27,5799.183,2000,6226.969,5812.957,2000,6242.988,5793.393,2000,6225.913,5775.392,2000,6264.043,5771.521,2000,6258.129,5780.599,2000,6267.08,5790.593,2000,6269.599
5804.26,2000,6265.045,5802.395,2000,6228.075,5813.236,2000,6249.687,5805.585,2000,6229.802,5810.988,2000,6256.938,5772.895,2000,6261.207,5796.189,2000,6226.158,5808.849,2000,6233.211,5784.958,2000,6269.091,5811.528,2000,6237.72,5770.118,2000,6252.655,5797.064,2000,6268.785,5770.257,2000,6255.273,5799.201,2000,6226.762,5813.162,2000,6242.955,5793.326,2000,6225.716,5775.234,2000,6264.18,5771.318,2000,6258.178,5780.487,2000,6267.255,5790.594,2000,6269.807
5804.389,2000,6265.209,5802.461,2000,6227.877,5813.441,2000,6249.72,5805.698,2000,6229.626,5811.171,2000,6257.038,5772.708,2000,6261.301,5796.161,2000,6225.952,5809.003,2000,6233.072,5784.898,2000,6269.291,5811.715,2000,6237.63,5769.914,2000,6252.615,5797.129,2000,6268.983,5770.048,2000,6255.277,5799.22,2000,6226.554,5813.368,2000,6242.922,5793.258,2000,6225.519,5775.076,2000,6264.316,5771.115,2000,6258.227,5780.376,2000,6267.431,5790.595,2000,6270.016
5804.519,2000,6265.373,5802.527,2000,6227.68,5813.647,2000,6249.753,5805.81,2000,6229.45,5811.354,2000,6257.137,5772.522,2000,6261.395,5796.133,2000,6225.745,5809.158,2000,6232.932,5784.838,2000,6269.491,5811.903,2000,6237.54,5769.709,2000,6252.574,5797.195,2000,6269.181,5769.84,2000,6255.281,5799.238,2000,6226.347,5813.573,2000,6242.89,5793.189,2000,6225.322,5774.918,2000,6264.452,5770.913,2000,6258.275,5780.265,2000,6267.607,5790.596,2000,6270.224
5804.648,2000,6265.536,5802.593,2000,6227.482,5813.853,2000,6249.787,5805.922,2000,6229.274,5811.537,2000,6257.237,5772.336,2000,6261.489,5796.105,2000,6225.539,5809.313,2000,6232.792,5784.779,2000,6269.69,5812.09,2000,6237.449,5769.505,2000,6252.533,5797.26,2000,6269.378,5769.631,2000,6255.284,5799.256,2000,6226.139,5813.779,2000,6242.857,5793.121,2000,6225.125,5774.761,2000,6264.588,5770.71,2000,6258.324,5780.153,2000,6267.783,5790.597,2000,6270.433
5804.777,2000,6265.7,5802.659,2000,6227.284,5814.058,2000,6249.821,5806.035,2000,6229.099,5811.72,2000,6257.336,5772.15,2000,6261.583,5796.076,2000,6225.332,5809.468,2000,6232.653,5784.72,2000,6269.89,5812.278,2000,6237.359,5769.301,2000,6252.491,5797.326,2000,6269.576,5769.423,2000,6255.287,5799.274,2000,6225.932,5813.984,2000,6242.824,5793.051,2000,6224.929,5774.603,2000,6264.725,5770.507,2000,6258.372,5780.042,2000,6267.958,5790.599,2000,6270.641
5804.907,2000,6265.863,5802.725,2000,6227.086,5814.264,2000,6249.854,5806.146,2000,6228.923,5811.903,2000,6257.436,5771.964,2000,6261.676,5796.047,2000,6225.125,5809.623,2000,6232.513,5784.661,2000,6270.09,5812.465,2000,6237.269,5769.097,2000,6252.449,5797.392,2000,6269.774,5769.214,2000,6255.289,5799.292,2000,6225.724,5814.19,2000,6242.792,5792.981,2000,6224.733,5774.445,2000,6264.861,5770.305,2000,6258.419,5779.931,2000,6268.134,5790.6,2000,6270.85
5805.036,2000,6266.027,5802.791,2000,6226.889,5814.469,2000,6249.888,5806.258,2000,6228.747,5812.086,2000,6257.536,5771.778,2000,6261.77,5796.018,2000,6224.919,5809.777,2000,6232.374,5784.602,2000,6270.29,5812.653,2000,6237.178,5768.893,2000,6252.407,5797.458,2000,6269.972,5769.006,2000,6255.292,5799.31,2000,6225.517,5814.396,2000,6242.759,5792.912,2000,6224.537,5774.288,2000,6264.997,5770.102,2000,6258.467,5779.819,2000,6268.31,5790.602,2000,6271.058
5805.166,2000,6266.19,5802.856,2000,6226.691,5814.675,2000,6249.922,5806.37,2000,6228.571,5812.269,2000,6257.635,5771.592,2000,6261.864,5795.989,2000,6224.713,5809.932,2000,6232.234,5784.543,2000,6270.489,5812.841,2000,6237.088,5768.689,2000,6252.364,5797.524,2000,6270.169,5768.797,2000,6255.293,5799.327,2000,6225.309,5814.601,2000,6242.726,5792.841,2000,6224.34,5774.13,2000,6265.133,5769.899,2000,6258.515,5779.708,2000,6268.486,5790.603,2000,6271.267
5805.295,2000,6266.354,5802.921,2000,6226.493,5814.88,2000,6249.956,5806.482,2000,6228.396,5812.451,2000,6257.735,5771.406,2000,6261.957,5795.959,2000,6224.507,5810.087,2000,6232.095,5784.484,2000,6270.689,5813.029,2000,6236.998,5768.485,2000,6252.321,5797.59,2000,6270.367,5768.589,2000,6255.295,5799.344,2000,6225.102,5814.807,2000,6242.694,5792.771,2000,6224.145,5773.972,2000,6265.27,5769.696,2000,6258.562,5779.597,2000,6268.662,5790.604,2000,6271.475
5805.424,2000,6266.517,5802.987,2000,6226.295,5815.086,2000,6249.989,5806.594,2000,6228.22,5812.634,2000,6257.835,5771.22,2000,6262.05,5795.929,2000,6224.301,5810.242,2000,6231.955,5784.425,2000,6270.889,5813.217,2000,6236.907,5768.282,2000,6252.278,5797.656,2000,6270.565,5768.38,2000,6255.296,5799.361,2000,6224.894,5815.012,2000,6242.662,5792.699,2000,6223.949,5773.814,2000,6265.406,5769.493,2000,6258.609,5779.485,2000,6268.837,5790.606,2000,6271.684
5805.554,2000,6266.68,5803.052,2000,6226.098,5815.292,2000,6250.023,5806.706,2000,6228.044,5812.816,2000,6257.936,5771.034,2000,6262.144,5795.898,2000,6224.095,5810.396,2000,6231.816,5784.366,2000,6271.088,5813.405,2000,6236.817,5768.078,2000,6252.234,5797.722,2000,6270.763,5768.172,2000,6255.297,5799.378,2000,6224.687,5815.218,2000,6242.629,5792.628,2000,6223.753,5773.657,2000,6265.542,5769.29,2000,6258.656,5779.374,2000,6269.013,5790.607,2000,6271.892
5805.683,2000,6266.843,5803.117,2000,6225.9,5815.497,2000,6250.057,5806.817,2000,6227.868,5812.999,2000,6258.036,5770.847,2000,6262.237,5795.868,2000,6223.889,5810.551,2000,6231.677,5784.307,2000,6271.288,5813.593,2000,6236.727,5767.875,2000,6252.19,5797.788,2000,6270.96,5767.963,2000,6255.298,5799.395,2000,6224.479,5815.424,2000,6242.597,5792.556,2000,6223.557,5773.499,2000,6265.678,5769.087,2000,6258.703,5779.263,2000,6269.189,5790.609,2000,6272.101
5805.813,2000,6267.006,5803.182,2000,6225.702,5815.703,2000,6250.091,5806.929,2000,6227.692,5813.182,2000,6258.136,5770.661,2000,6262.33,5795.837,2000,6223.683,5810.706,2000,6231.538,5784.248,2000,6271.488,5813.781,2000,6236.636,5767.671,2000,6252.146,5797.854,2000,6271.158,5767.755,2000,6255.299,5799.411,2000,6224.271,5815.63,2000,6242.565,5792.484,2000,6223.362,5773.341,2000,6265.814,5768.884,2000,6258.75,5779.151,2000,6269.365,5790.611,2000,6272.309
5805.942,2000,6267.169,5803.247,2000,6225.504,5815.908,2000,6250.125,5807.041,2000,6227.517,5813.364,2000,6258.236,5770.474,2000,6262.423,5795.806,2000,6223.477,5810.861,2000,6231.398,5784.188,2000,6271.688,5813.969,2000,6236.546,5767.467,2000,6252.101,5797.919,2000,6271.356,5767.546,2000,6255.299,5799.427,2000,6224.064,5815.836,2000,6242.533,5792.412,2000,6223.167,5773.184,2000,6265.951,5768.681,2000,6258.796,5779.04,2000,6269.541,5790.613,2000,6272.518
5806.071,2000,6267.332,5803.312,2000,6225.307,5816.114,2000,6250.16,5807.153,2000,6227.341,5813.547,2000,6258.336,5770.288,2000,6262.516,5795.774,2000,6223.271,5811.016,2000,6231.259,5784.129,2000,6271.887,5814.157,2000,6236.457,5767.264,2000,6252.056,5797.986,2000,6271.554,5767.338,2000,6255.299,5799.443,2000,6223.856,5816.042,2000,6242.5,5792.339,2000,6222.971,5773.026,2000,6266.087,5768.478,2000,6258.843,5778.929,2000,6269.716,5790.615,2000,6272.726
5806.201,2000,6267.495,5803.377,2000,6225.108,5816.319,2000,6250.194,5807.265,2000,6227.165,5813.729,2000,6258.436,5770.101,2000,6262.608,5795.743,2000,6223.065,5811.17,2000,6231.12,5784.07,2000,6272.087,5814.345,2000,6236.367,5767.061,2000,6252.01,5798.052,2000,6271.751,5767.129,2000,6255.299,5799.459,2000,6223.649,5816.249,2000,6242.468,5792.266,2000,6222.776,5772.868,2000,6266.223,5768.274,2000,6258.889,5778.817,2000,6269.892,5790.617,2000,6272.935
5806.33,2000,6267.658,5803.441,2000,6224.91,5816.525,2000,6250.228,5807.376,2000,6226.989,5813.912,2000,6258.536,5769.915,2000,6262.701,5795.711,2000,6222.859,5811.325,2000,6230.981,5784.011,2000,6272.287,5814.533,2000,6236.277,5766.857,2000,6251.964,5798.119,2000,6271.948,5766.921,2000,6255.299,5799.475,2000,6223.441,5816.455,2000,6242.437,5792.192,2000,6222.582,5772.71,2000,6266.358,5768.071,2000,6258.935,5778.706,2000,6270.068,5790.619,2000,6273.143
5806.459,2000,6267.821,5803.506,2000,6224.712,5816.73,2000,6250.262,5807.488,2000,6226.813,5814.095,2000,6258.636,5769.728,2000,6262.794,5795.679,2000,6222.653,5811.48,2000,6230.842,5783.952,2000,6272.486,5814.721,2000,6236.187,5766.654,2000,6251.918,5798.185,2000,6272.146,5766.712,2000,6255.298,5799.491,2000,6223.234,5816.661,2000,6242.405,5792.118,2000,6222.387,5772.553,2000,6266.494,5767.868,2000,6258.981,5778.595,2000,6270.244,5790.621,2000,6273.352
5806.589,2000,6267.984,5803.57,2000,6224.514,5816.936,2000,6250.296,5807.6,2000,6226.638,5814.277,2000,6258.736,5769.542,2000,6262.887,5795.646,2000,6222.447,5811.635,2000,6230.703,5783.893,2000,6272.686,5814.909,2000,6236.097,5766.451,2000,6251.872,5798.251,2000,6272.343,5766.504,2000,6255.297,5799.506,2000,6223.026,5816.867,2000,6242.373,5792.044,2000,6222.192,5772.395,2000,6266.63,5767.665,2000,6259.027,5778.483,2000,6270.419,5790.623,2000,6273.56
5806.718,2000,6268.147,5803.635,2000,6224.315,5817.142,2000,6250.331,5807.712,2000,6226.462,5814.46,2000,6258.836,5769.355,2000,6262.979,5795.614,2000,6222.241,5811.79,2000,6230.563,5783.834,2000,6272.886,5815.097,2000,6236.007,5766.248,2000,6251.825,5798.318,2000,6272.54,5766.295,2000,6255.296,5799.521,2000,6222.818,5817.073,2000,6242.341,5791.969,2000,6221.998,5772.237,2000,6266.766,5767.462,2000,6259.072,5778.372,2000,6270.595,5790.625,2000,6273.769
5806.848,2000,6268.311,5803.699,2000,6224.117,5817.347,2000,6250.366,5807.823,2000,6226.286,5814.643,2000,6258.937,5769.168,2000,6263.072,5795.581,2000,6222.036,5811.944,2000,6230.424,5783.776,2000,6273.085,5815.285,2000,6235.917,5766.045,2000,6251.778,5798.384,2000,6272.737,5766.087,2000,6255.295,5799.537,2000,6222.61,5817.279,2000,6242.31,5791.895,2000,6221.803,5772.08,2000,6266.901,5767.259,2000,6259.118,5778.261,2000,6270.771,5790.627,2000,6273.977
5806.977,2000,6268.474,5803.763,2000,6223.919,5817.553,2000,6250.4,5807.935,2000,6226.11,5814.825,2000,6259.038,5768.982,2000,6263.164,5795.548,2000,6221.83,5812.099,2000,6230.285,5783.717,2000,6273.285,5815.473,2000,6235.828,5765.842,2000,6251.731,5798.451,2000,6272.935,5765.878,2000,6255.293,5799.552,2000,6222.402,5817.485,2000,6242.278,5791.819,2000,6221.609,5771.922,2000,6267.037,5767.056,2000,6259.163,5778.149,2000,6270.947,5790.629,2000,6274.186
5807.106,2000,6268.637,5803.827,2000,6223.721,5817.758,2000,6250.435,5808.046,2000,6225.935,5815.008,2000,6259.138,5768.795,2000,6263.256,5795.515,2000,6221.625,5812.254,2000,6230.146,5783.659,2000,6273.485,5815.661,2000,6235.738,5765.639,2000,6251.684,5798.517,2000,6273.132,5765.67,2000,6255.292,5799.566,2000,6222.194,5817.691,2000,6242.246,5791.744,2000,6221.415,5771.764,2000,6267.173,5766.852,2000,6259.208,5778.038,2000,6271.123,5790.631,2000,6274.394
5807.236,2000,6268.8,5803.891,2000,6223.522,5817.964,2000,6250.47,5808.157,2000,6225.758,5815.19,2000,6259.239,5768.608,2000,6263.349,5795.482,2000,6221.419,5812.409,2000,6230.007,5783.6,2000,6273.685,5815.849,2000,6235.648,5765.437,2000,6251.636,5798.584,2000,6273.329,5765.461,2000,6255.29,5799.581,2000,6221.986,5817.897,2000,6242.214,5791.668,2000,6221.22,5771.606,2000,6267.309,5766.648,2000,6259.253,5777.927,2000,6271.298,5790.634,2000,6274.603
5807.366,2000,6268.963,5803.955,2000,6223.324,5818.169,2000,6250.504,5808.269,2000,6225.582,5815.373,2000,6259.339,5768.421,2000,6263.441,5795.448,2000,6221.213,5812.563,2000,6229.868,5783.542,2000,6273.884,5816.037,2000,6235.558,5765.234,2000,6251.587,5798.651,2000,6273.526,5765.253,2000,6255.288,5799.596,2000,6221.778,5818.103,2000,6242.183,5791.592,2000,6221.026,5771.448,2000,6267.444,5766.445,2000,6259.298,5777.815,2000,6271.474,5790.636,2000,6274.811
5807.496,2000,6269.126,5804.019,2000,6223.126,5818.375,2000,6250.539,5808.38,2000,6225.406,5815.556,2000,6259.44,5768.234,2000,6263.533,5795.415,2000,6221.008,5812.718,2000,6229.729,5783.483,2000,6274.084,5816.225,2000,6235.468,5765.031,2000,6251.539,5798.718,2000,6273.724,5765.044,2000,6255.285,5799.61,2000,6221.57,5818.309,2000,6242.152,5791.516,2000,6220.833,5771.29,2000,6267.58,5766.241,2000,6259.343,5777.704,2000,6271.65,5790.639,2000,6275.02
5807.625,2000,6269.289,5804.083,2000,6222.928,5818.581,2000,6250.574,5808.491,2000,6225.229,5815.738,2000,6259.541,5768.047,2000,6263.625,5795.38,2000,6220.802,5812.873,2000,6229.589,5783.424,2000,6274.284,5816.413,2000,6235.378,5764.829,2000,6251.49,5798.785,2000,6273.921,5764.836,2000,6255.283,5799.624,2000,6221.362,5818.515,2000,6242.121,5791.439,2000,6220.639,5771.131,2000,6267.716,5766.038,2000,6259.387,5777.593,2000,6271.826,5790.641,2000,6275.228
5807.755,2000,6269.452,5804.146,2000,6222.729,5818.786,2000,6250.608,5808.603,2000,6225.053,5815.921,2000,6259.641,5767.86,2000,6263.717,5795.346,2000,6220.597,5813.028,2000,6229.45,5783.366,2000,6274.483,5816.601,2000,6235.289,5764.626,2000,6251.441,5798.852,2000,6274.118,5764.627,2000,6255.28,5799.638,2000,6221.154,5818.721,2000,6242.089,5791.363,2000,6220.445,5770.973,2000,6267.852,5765.834,2000,6259.432,5777.481,2000,6272.001,5790.644,2000,6275.437
5807.885,2000,6269.615,5804.21,2000,6222.531,5818.992,2000,6250.643,5808.714,2000,6224.877,5816.104,2000,6259.742,5767.673,2000,6263.809,5795.312,2000,6220.391,5813.183,2000,6229.311,5783.307,2000,6274.683,5816.789,2000,6235.199,5764.423,2000,6251.392,5798.918,2000,6274.315,5764.419,2000,6255.277,5799.652,2000,6220.946,5818.927,2000,6242.058,5791.286,2000,6220.251,5770.815,2000,6267.987,5765.63,2000,6259.476,5777.37,2000,6272.177,5790.646,2000,6275.645
5808.015,2000,6269.778,5804.273,2000,6222.333,5819.197,2000,6250.678,5808.825,2000,6224.701,5816.286,2000,6259.842,5767.486,2000,6263.9,5795.277,2000,6220.186,5813.337,2000,6229.172,5783.249,2000,6274.883,5816.977,2000,6235.11,5764.221,2000,6251.343,5798.985,2000,6274.513,5764.21,2000,6255.273,5799.666,2000,6220.738,5819.133,2000,6242.027,5791.208,2000,6220.058,5770.657,2000,6268.123,5765.427,2000,6259.521,5777.259,2000,6272.353,5790.648,2000,6275.854
5808.145,2000,6269.941,5804.337,2000,6222.135,5819.403,2000,6250.713,5808.937,2000,6224.524,5816.469,2000,6259.943,5767.299,2000,6263.992,5795.242,2000,6219.98,5813.492,2000,6229.033,5783.19,2000,6275.083,5817.165,2000,6235.021,5764.019,2000,6251.293,5799.052,2000,6274.71,5764.002,2000,6255.27,5799.68,2000,6220.53,5819.339,2000,6241.996,5791.131,2000,6219.865,5770.499,2000,6268.259,5765.223,2000,6259.564,5777.147,2000,6272.529,5790.651,2000,6276.062
5808.275,2000,6270.104,5804.4,2000,6221.937,5819.608,2000,6250.749,5809.048,2000,6224.348,5816.651,2000,6260.043,5767.112,2000,6264.084,5795.207,2000,6219.774,5813.647,2000,6228.894,5783.131,2000,6275.284,5817.353,2000,6234.931,5763.817,2000,6251.243,5799.119,2000,6274.907,5763.793,2000,6255.267,5799.693,2000,6220.322,5819.545,2000,6241.964,5791.053,2000,6219.671,5770.34,2000,6268.395,5765.02,2000,6259.608,5777.036,2000,6272.705,5790.653,2000,6276.271
5808.405,2000,6270.268,5804.464,2000,6221.738,5819.814,2000,6250.784,5809.159,2000,6224.172,5816.833,2000,6260.144,5766.925,2000,6264.176,5795.172,2000,6219.569,5813.802,2000,6228.754,5783.073,2000,6275.484,5817.541,2000,6234.842,5763.615,2000,6251.193,5799.186,2000,6275.104,5763.585,2000,6255.263,5799.707,2000,6220.114,5819.751,2000,6241.933,5790.975,2000,6219.479,5770.182,2000,6268.53,5764.816,2000,6259.652,5776.925,2000,6272.88,5790.656,2000,6276.479
5808.535,2000,6270.431,5804.527,2000,6221.54,5820.02,2000,6250.819,5809.271,2000,6223.996,5817.016,2000,6260.245,5766.738,2000,6264.268,5795.136,2000,6219.364,5813.957,2000,6228.615,5783.014,2000,6275.684,5817.729,2000,6234.752,5763.413,2000,6251.143,5799.253,2000,6275.302,5763.376,2000,6255.259,5799.72,2000,6219.906,5819.958,2000,6241.902,5790.896,2000,6219.286,5770.024,2000,6268.666,5764.612,2000,6259.696,5776.813,2000,6273.056,5790.659,2000,6276.688
5808.665,2000,6270.594,5804.591,2000,6221.341,5820.225,2000,6250.854,5809.382,2000,6223.819,5817.198,2000,6260.345,5766.551,2000,6264.359,5795.101,2000,6219.159,5814.111,2000,6228.476,5782.956,2000,6275.884,5817.917,2000,6234.663,5763.21,2000,6251.092,5799.32,2000,6275.499,5763.168,2000,6255.254,5799.733,2000,6219.698,5820.164,2000,6241.872,5790.817,2000,6219.093,5769.866,2000,6268.802,5764.409,2000,6259.74,5776.702,2000,6273.232,5790.662,2000,6276.896
5808.794,2000,6270.757,5804.654,2000,6221.142,5820.431,2000,6250.889,5809.493,2000,6223.643,5817.38,2000,6260.446,5766.364,2000,6264.45,5795.065,2000,6218.954,5814.266,2000,6228.337,5782.897,2000,6276.084,5818.104,2000,6234.574,5763.008,2000,6251.041,5799.388,2000,6275.696,5762.959,2000,6255.25,5799.747,2000,6219.49,5820.37,2000,6241.841,5790.738,2000,6218.9,5769.708,2000,6268.938,5764.205,2000,6259.783,5776.591,2000,6273.408,5790.665,2000,6277.104
5808.924,2000,6270.92,5804.717,2000,6220.943,5820.636,2000,6250.924,5809.604,2000,6223.467,5817.562,2000,6260.546,5766.177,2000,6264.542,5795.029,2000,6218.749,5814.421,2000,6228.198,5782.838,2000,6276.285,5818.292,2000,6234.484,5762.806,2000,6250.99,5799.455,2000,6275.894,5762.751,2000,6255.246,5799.759,2000,6219.282,5820.576,2000,6241.81,5790.659,2000,6218.707,5769.549,2000,6269.073,5764.001,2000,6259.827,5776.479,2000,6273.583,5790.667,2000,6277.313
5809.054,2000,6271.083,5804.78,2000,6220.745,5820.841,2000,6250.959,5809.715,2000,6223.291,5817.744,2000,6260.647,5765.99,2000,6264.633,5794.993,2000,6218.543,5814.576,2000,6228.059,5782.78,2000,6276.485,5818.48,2000,6234.395,5762.604,2000,6250.938,5799.522,2000,6276.091,5762.542,2000,6255.241,5799.772,2000,6219.074,5820.782,2000,6241.779,5790.58,2000,6218.515,5769.391,2000,6269.209,5763.798,2000,6259.87,5776.368,2000,6273.759,5790.67,2000,6277.521
5809.184,2000,6271.246,5804.843,2000,6220.546,5821.046,2000,6250.995,5809.826,2000,6223.114,5817.926,2000,6260.749,5765.803,2000,6264.724,5794.957,2000,6218.338,5814.73,2000,6227.919,5782.722,2000,6276.685,5818.668,2000,6234.306,5762.403,2000,6250.887,5799.59,2000,6276.288,5762.334,2000,6255.236,5799.785,2000,6218.866,5820.988,2000,6241.749,5790.5,2000,6218.322,5769.233,2000,6269.344,5763.594,2000,6259.913,5776.257,2000,6273.935,5790.673,2000,6277.73
5809.314,2000,6271.409,5804.906,2000,6220.347,5821.251,2000,6251.031,5809.937,2000,6222.938,5818.108,2000,6260.85,5765.615,2000,6264.815,5794.92,2000,6218.133,5814.885,2000,6227.78,5782.664,2000,6276.885,5818.856,2000,6234.216,5762.201,2000,6250.835,5799.657,2000,6276.485,5762.125,2000,6255.231,5799.797,2000,6218.658,5821.194,2000,6241.718,5790.42,2000,6218.13,5769.075,2000,6269.479,5763.391,2000,6259.956,5776.146,2000,6274.111,5790.676,2000,6277.938
5809.444,2000,6271.572,5804.969,2000,6220.148,5821.456,2000,6251.066,5810.048,2000,6222.762,5818.291,2000,6260.951,5765.428,2000,6264.907,5794.883,2000,6217.928,5815.04,2000,6227.641,5782.606,2000,6277.085,5819.044,2000,6234.127,5762,2000,6250.783,5799.725,2000,6276.683,5761.917,2000,6255.226,5799.81,2000,6218.45,5821.4,2000,6241.687,5790.34,2000,6217.938,5768.917,2000,6269.615,5763.187,2000,6259.999,5776.034,2000,6274.287,5790.679,2000,6278.147
5809.574,2000,6271.735,5805.032,2000,6219.95,5821.661,2000,6251.102,5810.159,2000,6222.585,5818.473,2000,6261.052,5765.24,2000,6264.998,5794.847,2000,6217.723,5815.195,2000,6227.502,5782.548,2000,6277.286,5819.232,2000,6234.038,5761.798,2000,6250.73,5799.792,2000,6276.88,5761.708,2000,6255.22,5799.822,2000,6218.242,5821.606,2000,6241.656,5790.259,2000,6217.745,5768.758,2000,6269.75,5762.982,2000,6260.042,5775.923,2000,6274.462,5790.682,2000,6278.355
5809.704,2000,6271.898,5805.094,2000,6219.751,5821.866,2000,6251.138,5810.27,2000,6222.409,5818.655,2000,6261.153,5765.053,2000,6265.088,5794.81,2000,6217.518,5815.35,2000,6227.363,5782.49,2000,6277.486,5819.421,2000,6233.948,5761.596,2000,6250.678,5799.859,2000,6277.077,5761.5,2000,6255.214,5799.834,2000,6218.034,5821.812,2000,6241.625,5790.179,2000,6217.553,5768.6,2000,6269.885,5762.778,2000,6260.084,5775.812,2000,6274.638,5790.685,2000,6278.564
5809.833,2000,6272.061,5805.157,2000,6219.552,5822.071,2000,6251.173,5810.38,2000,6222.233,5818.837,2000,6261.254,5764.865,2000,6265.179,5794.772,2000,6217.313,5815.504,2000,6227.224,5782.432,2000,6277.686,5819.609,2000,6233.859,5761.395,2000,6250.625,5799.927,2000,6277.274,5761.292,2000,6255.208,5799.846,2000,6217.826,5822.018,2000,6241.595,5790.098,2000,6217.361,5768.442,2000,6270.021,5762.574,2000,6260.127,5775.7,2000,6274.814,5790.688,2000,6278.772
5809.963,2000,6272.223,5805.219,2000,6219.354,5822.276,2000,6251.209,5810.491,2000,6222.057,5819.019,2000,6261.355,5764.678,2000,6265.27,5794.735,2000,6217.108,5815.659,2000,6227.084,5782.374,2000,6277.886,5819.798,2000,6233.77,5761.193,2000,6250.572,5799.994,2000,6277.472,5761.083,2000,6255.203,5799.858,2000,6217.618,5822.224,2000,6241.564,5790.017,2000,6217.169,5768.284,2000,6270.156,5762.37,2000,6260.169,5775.589,2000,6274.99,5790.692,2000,6278.981
5810.093,2000,6272.386,5805.282,2000,6219.155,5822.481,2000,6251.245,5810.602,2000,6221.88,5819.201,2000,6261.456,5764.49,2000,6265.361,5794.697,2000,6216.903,5815.814,2000,6226.945,5782.315,2000,6278.086,5819.986,2000,6233.68,5760.992,2000,6250.519,5800.062,2000,6277.669,5760.875,2000,6255.196,5799.87,2000,6217.41,5822.43,2000,6241.533,5789.935,2000,6216.978,5768.125,2000,6270.291,5762.166,2000,6260.212,5775.478,2000,6275.166,5790.695,2000,6279.189
5810.223,2000,6272.548,5805.344,2000,6218.956,5822.687,2000,6251.28,5810.713,2000,6221.704,5819.383,2000,6261.557,5764.303,2000,6265.452,5794.66,2000,6216.698,5815.969,2000,6226.806,5782.257,2000,6278.287,5820.175,2000,6233.591,5760.791,2000,6250.465,5800.129,2000,6277.866,5760.667,2000,6255.19,5799.881,2000,6217.202,5822.636,2000,6241.502,5789.854,2000,6216.786,5767.967,2000,6270.426,5761.962,2000,6260.254,5775.366,2000,6275.341,5790.699,2000,6279.398
5810.353,2000,6272.711,5805.407,2000,6218.757,5822.892,2000,6251.316,5810.824,2000,6221.528,5819.565,2000,6261.658,5764.115,2000,6265.542,5794.622,2000,6216.493,5816.124,2000,6226.667,5782.199,2000,6278.487,5820.363,2000,6233.502,5760.589,2000,6250.412,5800.196,2000,6278.063,5760.459,2000,6255.184,5799.893,2000,6216.994,5822.842,2000,6241.472,5789.772,2000,6216.594,5767.809,2000,6270.562,5761.758,2000,6260.296,5775.255,2000,6275.517,5790.702,2000,6279.606
5810.486,2000,6272.877,5805.471,2000,6218.554,5823.102,2000,6251.353,5810.938,2000,6221.347,5819.752,2000,6261.762,5763.923,2000,6265.635,5794.583,2000,6216.283,5816.282,2000,6226.524,5782.14,2000,6278.692,5820.556,2000,6233.411,5760.383,2000,6250.356,5800.266,2000,6278.265,5760.246,2000,6255.177,5799.905,2000,6216.781,5823.053,2000,6241.441,5789.688,2000,6216.398,5767.647,2000,6270.7,5761.549,2000,6260.339,5775.141,2000,6275.697,5790.706,2000,6279.82
5810.616,2000,6273.04,5805.533,2000,6218.355,5823.307,2000,6251.388,5811.048,2000,6221.171,5819.934,2000,6261.863,5763.736,2000,6265.726,5794.544,2000,6216.078,5816.437,2000,6226.385,5782.082,2000,6278.892,5820.745,2000,6233.322,5760.182,2000,6250.302,5800.333,2000,6278.462,5760.038,2000,6255.17,5799.916,2000,6216.573,5823.259,2000,6241.411,5789.606,2000,6216.207,5767.489,2000,6270.835,5761.345,2000,6260.381,5775.029,2000,6275.873,5790.709,2000,6280.028
5810.825,2000,6273.301,5805.633,2000,6218.036,5823.636,2000,6251.446,5811.226,2000,6220.888,5820.226,2000,6262.025,5763.435,2000,6265.871,5794.483,2000,6215.75,5816.686,2000,6226.162,5781.988,2000,6279.213,5821.047,2000,6233.179,5759.86,2000,6250.215,5800.442,2000,6278.778,5759.704,2000,6255.159,5799.934,2000,6216.24,5823.59,2000,6241.362,5789.474,2000,6215.9,5767.235,2000,6271.052,5761.018,2000,6260.448,5774.851,2000,6276.155,5790.714,2000,6280.362
5811.001,2000,6273.521,5805.717,2000,6217.766,5823.915,2000,6251.495,5811.376,2000,6220.649,5820.473,2000,6262.163,5763.18,2000,6265.994,5794.431,2000,6215.472,5816.896,2000,6225.973,5781.91,2000,6279.484,5821.303,2000,6233.058,5759.587,2000,6250.141,5800.534,2000,6279.046,5759.421,2000,6255.149,5799.949,2000,6215.958,5823.87,2000,6241.321,5789.361,2000,6215.64,5767.02,2000,6271.236,5760.741,2000,6260.504,5774.699,2000,6276.394,5790.719,2000,6280.645
5811.306,2000,6273.902,5805.862,2000,6217.301,5824.395,2000,6251.579,5811.636,2000,6220.236,5820.899,2000,6262.4,5762.741,2000,6266.206,5794.34,2000,6214.993,5817.259,2000,6225.647,5781.774,2000,6279.953,5821.744,2000,6232.85,5759.117,2000,6250.013,5800.693,2000,6279.507,5758.934,2000,6255.132,5799.975,2000,6215.471,5824.352,2000,6241.25,5789.167,2000,6215.193,5766.649,2000,6271.552,5760.263,2000,6260.602,5774.438,2000,6276.806,5790.728,2000,6281.132
5811.572,2000,6274.234,5805.988,2000,6216.895,5824.814,2000,6251.653,5811.862,2000,6219.875,5821.271,2000,6262.607,5762.358,2000,6266.39,5794.26,2000,6214.575,5817.575,2000,6225.363,5781.656,2000,6280.361,5822.128,2000,6232.668,5758.707,2000,6249.899,5800.832,2000,6279.909,5758.509,2000,6255.116,5799.997,2000,6215.046,5824.773,2000,6241.189,5788.997,2000,6214.803,5766.326,2000,6271.829,5759.846,2000,6260.686,5774.21,2000,6277.165,5790.735,2000,6281.558
5811.938,2000,6274.692,5806.162,2000,6216.334,5825.392,2000,6251.755,5812.173,2000,6219.378,5821.783,2000,6262.893,5761.829,2000,6266.644,5794.148,2000,6214,5818.011,2000,6224.971,5781.493,2000,6280.925,5822.659,2000,6232.418,5758.142,2000,6249.742,5801.023,2000,6280.464,5757.923,2000,6255.094,5800.026,2000,6214.46,5825.354,2000,6241.104,5788.76,2000,6214.266,5765.879,2000,6272.209,5759.271,2000,6260.802,5773.896,2000,6277.661,5790.745,2000,6282.144
5812.269,2000,6275.104,5806.318,2000,6215.829,5825.912,2000,6251.847,5812.454,2000,6218.93,5822.245,2000,6263.15,5761.352,2000,6266.873,5794.047,2000,6213.48,5818.405,2000,6224.618,5781.346,2000,6281.433,5823.138,2000,6232.193,5757.632,2000,6249.599,5801.196,2000,6280.964,5757.395,2000,6255.072,5800.052,2000,6213.932,5825.877,2000,6241.029,5788.546,2000,6213.783,5765.477,2000,6272.553,5758.752,2000,6260.905,5773.613,2000,6278.107,5790.754,2000,6282.673
5812.883,2000,6275.871,5806.608,2000,6214.891,5826.879,2000,6252.019,5812.975,2000,6218.098,5823.102,2000,6263.628,5760.467,2000,6267.296,5793.858,2000,6212.517,5819.135,2000,6223.962,5781.074,2000,6282.376,5824.026,2000,6231.775,5756.688,2000,6249.332,5801.517,2000,6281.892,5756.414,2000,6255.031,5800.099,2000,6212.951,5826.849,2000,6240.889,5788.146,2000,6212.886,5764.73,2000,6273.19,5757.79,2000,6261.097,5773.088,2000,6278.937,5790.772,2000,6283.654
5813.031,2000,6276.054,5806.677,2000,6214.666,5827.111,2000,6252.06,5813.1,2000,6217.898,5823.308,2000,6263.743,5760.254,2000,6267.398,5793.812,2000,6212.286,5819.311,2000,6223.805,5781.009,2000,6282.603,5824.239,2000,6231.675,5756.461,2000,6249.267,5801.594,2000,6282.114,5756.179,2000,6255.02,5800.11,2000,6212.716,5827.082,2000,6240.855,5788.049,2000,6212.672,5764.551,2000,6273.343,5757.559,2000,6261.142,5772.962,2000,6279.135,5790.777,2000,6283.89
5813.524,2000,6276.669,5806.909,2000,6213.913,5827.887,2000,6252.198,5813.518,2000,6217.23,5823.996,2000,6264.127,5759.543,2000,6267.737,5793.656,2000,6211.514,5819.897,2000,6223.278,5780.792,2000,6283.36,5824.952,2000,6231.339,5755.705,2000,6249.048,5801.853,2000,6282.858,5755.392,2000,6254.984,5800.146,2000,6211.929,5827.861,2000,6240.744,5787.725,2000,6211.954,5763.951,2000,6273.854,5756.786,2000,6261.294,5772.541,2000,6279.801,5790.792,2000,6284.677
5814.262,2000,6277.588,5807.254,2000,6212.786,5829.046,2000,6252.406,5814.143,2000,6216.231,5825.024,2000,6264.703,5758.479,2000,6268.244,5793.421,2000,6210.359,5820.774,2000,6222.491,5780.466,2000,6284.492,5826.018,2000,6230.839,5754.574,2000,6248.718,5802.24,2000,6283.971,5754.215,2000,6254.927,5800.197,2000,6210.752,5829.028,2000,6240.577,5787.235,2000,6210.882,5763.054,2000,6274.618,5755.629,2000,6261.519,5771.91,2000,6280.796,5790.815,2000,6285.855
5814.438,2000,6277.808,5807.336,2000,6212.516,5829.324,2000,6252.456,5814.292,2000,6215.992,5825.27,2000,6264.841,5758.225,2000,6268.365,5793.364,2000,6210.083,5820.984,2000,6222.303,5780.388,2000,6284.764,5826.273,2000,6230.719,5754.303,2000,6248.638,5802.333,2000,6284.237,5753.933,2000,6254.912,5800.208,2000,6210.47,5829.307,2000,6240.538,5787.117,2000,6210.626,5762.839,2000,6274.801,5755.352,2000,6261.572,5771.759,2000,6281.035,5790.821,2000,6286.138
5815.218,2000,6278.777,5807.699,2000,6211.326,5830.549,2000,6252.677,5814.951,2000,6214.937,5826.355,2000,6265.449,5757.101,2000,6268.899,5793.111,2000,6208.864,5821.91,2000,6221.472,5780.045,2000,6285.96,5827.4,2000,6230.191,5753.111,2000,6248.282,5802.743,2000,6285.412,5752.69,2000,6254.847,5800.259,2000,6209.227,5830.539,2000,6240.363,5786.593,2000,6209.497,5761.892,2000,6275.608,5754.129,2000,6261.807,5771.094,2000,6282.086,5790.847,2000,6287.382
5815.807,2000,6279.509,5807.972,2000,6210.427,5831.472,2000,6252.844,5815.448,2000,6214.14,5827.174,2000,6265.909,5756.252,2000,6269.3,5792.917,2000,6207.946,5822.609,2000,6220.845,5779.787,2000,6286.862,5828.25,2000,6229.793,5752.212,2000,6248.01,5803.053,2000,6286.298,5751.753,2000,6254.794,5800.295,2000,6208.289,5831.469,2000,6240.232,5786.194,2000,6208.647,5761.177,2000,6276.216,5753.207,2000,6261.981,5770.592,2000,6282.879,5790.868,2000,6288.32
5816.303,2000,6280.125,5808.2,2000,6209.67,5832.25,2000,6252.985,5815.866,2000,6213.469,5827.863,2000,6266.296,5755.537,2000,6269.638,5792.752,2000,6207.173,5823.198,2000,6220.318,5779.569,2000,6287.623,5828.967,2000,6229.459,5751.457,2000,6247.779,5803.314,2000,6287.044,5750.964,2000,6254.749,5800.325,2000,6207.499,5832.251,2000,6240.123,5785.856,2000,6207.933,5760.575,2000,6276.729,5752.43,2000,6262.127,5770.169,2000,6283.547,5790.885,2000,6289.111
5817.053,2000,6281.056,5808.545,2000,6208.525,5833.427,2000,6253.2,5816.499,2000,6212.454,5828.905,2000,6266.882,5754.455,2000,6270.147,5792.5,2000,6206.004,5824.088,2000,6219.52,5779.241,2000,6288.772,5830.05,2000,6228.953,5750.314,2000,6247.425,5803.711,2000,6288.172,5749.771,2000,6254.677,5800.367,2000,6206.304,5833.436,2000,6239.958,5785.341,2000,6206.854,5759.664,2000,6277.503,5751.254,2000,6262.347,5769.529,2000,6284.558,5790.913,2000,6290.307
5817.661,2000,6281.812,5808.824,2000,6207.597,5834.381,2000,6253.375,5817.012,2000,6211.631,5829.75,2000,6267.358,5753.577,2000,6270.56,5792.293,2000,6205.057,5824.811,2000,6218.873,5778.975,2000,6289.705,5830.929,2000,6228.543,5749.389,2000,6247.135,5804.033,2000,6289.087,5748.803,2000,6254.616,5800.4,2000,6205.334,5834.396,2000,6239.825,5784.919,2000,6205.98,5758.925,2000,6278.132,5750.301,2000,6262.523,5769.01,2000,6285.377,5790.936,2000,6291.276
5818.366,2000,6282.685,5809.146,2000,6206.521,5835.484,2000,6253.577,5817.605,2000,6210.678,5830.728,2000,6267.909,5752.561,2000,6271.037,5792.051,2000,6203.961,5825.646,2000,6218.124,5778.668,2000,6290.785,5831.946,2000,6228.069,5748.319,2000,6246.796,5804.407,2000,6290.145,5747.683,2000,6254.542,5800.436,2000,6204.213,5835.508,2000,6239.671,5784.429,2000,6204.971,5758.069,2000,6278.858,5749.197,2000,6262.726,5768.41,2000,6286.325,5790.962,2000,6292.398
5818.824,2000,6283.253,5809.354,2000,6205.822,5836.203,2000,6253.709,5817.991,2000,6210.058,5831.363,2000,6268.268,5751.9,2000,6271.346,5791.892,2000,6203.249,5826.19,2000,6217.636,5778.468,2000,6291.487,5832.608,2000,6227.761,5747.624,2000,6246.574,5804.65,2000,6290.833,5746.955,2000,6254.493,5800.458,2000,6203.483,5836.232,2000,6239.572,5784.107,2000,6204.315,5757.513,2000,6279.331,5748.479,2000,6262.857,5768.019,2000,6286.942,5790.98,2000,6293.128
5819.596,2000,6284.209,5809.705,2000,6204.644,5837.411,2000,6253.933,5818.64,2000,6209.015,5832.433,2000,6268.872,5750.787,2000,6271.867,5791.622,2000,6202.05,5827.106,2000,6216.817,5778.133,2000,6292.669,5833.723,2000,6227.243,5746.454,2000,6246.196,5805.06,2000,6291.992,5745.729,2000,6254.408,5800.495,2000,6202.254,5837.449,2000,6239.406,5783.564,2000,6203.213,5756.576,2000,6280.126,5747.27,2000,6263.076,5767.362,2000,6287.98,5791.011,2000,6294.357
5819.775,2000,6284.431,5809.786,2000,6204.371,5837.691,2000,6253.984,5818.791,2000,6208.772,5832.681,2000,6269.012,5750.528,2000,6271.987,5791.558,2000,6201.772,5827.318,2000,6216.627,5778.055,2000,6292.943,5833.981,2000,6227.123,5746.183,2000,6246.108,5805.155,2000,6292.26,5745.444,2000,6254.388,5800.502,2000,6201.97,5837.731,2000,6239.367,5783.437,2000,6202.958,5756.358,2000,6280.311,5746.989,2000,6263.126,5767.209,2000,6288.221,5791.018,2000,6294.642
5820.438,2000,6285.251,5810.085,2000,6203.361,5838.728,2000,6254.177,5819.347,2000,6207.877,5833.599,2000,6269.531,5749.573,2000,6272.433,5791.323,2000,6200.745,5828.104,2000,6215.925,5777.768,2000,6293.957,5834.937,2000,6226.679,5745.182,2000,6245.78,5805.508,2000,6293.253,5744.393,2000,6254.312,5800.531,2000,6200.917,5838.776,2000,6239.225,5782.967,2000,6202.015,5755.555,2000,6280.993,5745.952,2000,6263.312,5766.646,2000,6289.111,5791.045,2000,6295.695
5820.943,2000,6285.876,5810.313,2000,6202.59,5839.518,2000,6254.324,5819.771,2000,6207.195,5834.298,2000,6269.927,5748.845,2000,6272.771,5791.143,2000,6199.962,5828.703,2000,6215.389,5777.549,2000,6294.73,5835.666,2000,6226.341,5744.418,2000,6245.528,5805.777,2000,6294.011,5743.592,2000,6254.252,5800.552,2000,6200.113,5839.572,2000,6239.117,5782.606,2000,6201.297,5754.942,2000,6281.513,5745.161,2000,6263.452,5766.216,2000,6289.791,5791.067,2000,6296.498
5821.241,2000,6286.245,5810.446,2000,6202.136,5839.983,2000,6254.411,5820.021,2000,6206.792,5834.71,2000,6270.16,5748.415,2000,6272.971,5791.035,2000,6199.5,5829.057,2000,6215.073,5777.42,2000,6295.186,5836.096,2000,6226.142,5743.969,2000,6245.379,5805.936,2000,6294.457,5743.119,2000,6254.216,5800.564,2000,6199.64,5840.042,2000,6239.054,5782.392,2000,6200.875,5754.581,2000,6281.819,5744.694,2000,6263.534,5765.963,2000,6290.191,5791.08,2000,6296.972
5821.907,2000,6287.069,5810.746,2000,6201.119,5841.025,2000,6254.606,5820.58,2000,6205.892,5835.633,2000,6270.683,5747.454,2000,6273.418,5790.794,2000,6198.468,5829.847,2000,6214.367,5777.132,2000,6296.207,5837.058,2000,6225.697,5742.963,2000,6245.043,5806.291,2000,6295.456,5742.062,2000,6254.135,5800.59,2000,6198.58,5841.093,2000,6238.913,5781.913,2000,6199.929,5753.771,2000,6282.503,5743.649,2000,6263.718,5765.396,2000,6291.087,5791.108,2000,6298.032
5822.368,2000,6287.639,5810.937,2000,6200.411,5841.746,2000,6254.741,5820.961,2000,6205.266,5836.271,2000,6271.044,5746.782,2000,6273.711,5790.626,2000,6197.754,5830.396,2000,6213.88,5776.948,2000,6296.916,5837.729,2000,6225.401,5742.269,2000,6244.809,5806.537,2000,6296.146,5741.333,2000,6254.063,5800.594,2000,6197.847,5841.82,2000,6238.825,5781.58,2000,6199.276,5753.208,2000,6282.973,5742.924,2000,6263.825,5765.007,2000,6291.708,5791.128,2000,6298.764
5822.813,2000,6288.188,5811.099,2000,6199.724,5842.438,2000,6254.883,5821.309,2000,6204.651,5836.885,2000,6271.393,5746.126,2000,6273.974,5790.442,2000,6197.072,5830.913,2000,6213.399,5776.762,2000,6297.598,5838.372,2000,6225.107,5741.599,2000,6244.583,5806.78,2000,6296.81,5740.632,2000,6253.972,5800.574,2000,6197.141,5842.523,2000,6238.757,5781.247,2000,6198.653,5752.653,2000,6283.409,5742.222,2000,6263.905,5764.619,2000,6292.298,5791.171,2000,6299.469
5823.188,2000,6288.651,5811.235,2000,6199.143,5843.018,2000,6255.021,5821.603,2000,6204.132,5837.404,2000,6271.687,5745.572,2000,6274.196,5790.268,2000,6196.502,5831.362,2000,6213.007,5776.623,2000,6298.178,5838.914,2000,6224.859,5741.041,2000,6244.373,5806.995,2000,6297.367,5740.042,2000,6253.885,5800.549,2000,6196.544,5843.119,2000,6238.72,5780.948,2000,6198.136,5752.193,2000,6283.79,5741.629,2000,6263.97,5764.291,2000,6292.796,5791.208,2000,6300.064
5823.665,2000,6289.239,5811.408,2000,6198.406,5843.752,2000,6255.204,5821.993,2000,6203.484,5838.054,2000,6272.074,5744.869,2000,6274.476,5790.044,2000,6195.779,5831.916,2000,6212.491,5776.432,2000,6298.91,5839.612,2000,6224.566,5740.341,2000,6244.083,5807.291,2000,6298.063,5739.297,2000,6253.75,5800.519,2000,6195.789,5843.874,2000,6238.681,5780.548,2000,6197.494,5751.61,2000,6284.272,5740.877,2000,6264.053,5763.895,2000,6293.441,5791.281,2000,6300.817
5824.08,2000,6289.73,5811.535,2000,6197.775,5844.372,2000,6255.379,5822.307,2000,6202.922,5838.595,2000,6272.421,5744.264,2000,6274.695,5789.833,2000,6195.171,5832.381,2000,6212.047,5776.269,2000,6299.532,5840.2,2000,6224.305,5739.755,2000,6243.818,5807.542,2000,6298.656,5738.667,2000,6253.616,5800.472,2000,6195.147,5844.517,2000,6238.647,5780.19,2000,6196.959,5751.102,2000,6284.666,5740.236,2000,6264.102,5763.541,2000,6293.978,5791.353,2000,6301.457
5824.375,2000,6290.057,5811.617,2000,6197.343,5844.793,2000,6255.506,5822.512,2000,6202.532,5838.966,2000,6272.659,5743.849,2000,6274.842,5789.677,2000,6194.76,5832.7,2000,6211.743,5776.156,2000,6299.958,5840.602,2000,6224.125,5739.359,2000,6243.625,5807.727,2000,6299.056,5738.237,2000,6253.524,5800.426,2000,6194.709,5844.957,2000,6238.624,5779.942,2000,6196.596,5750.748,2000,6284.928,5739.796,2000,6264.122,5763.294,2000,6294.343,5791.401,2000,6301.895
5824.958,2000,6290.701,5811.778,2000,6196.489,5845.625,2000,6255.756,5822.917,2000,6201.764,5839.697,2000,6273.129,5743.03,2000,6275.131,5789.367,2000,6193.948,5833.328,2000,6211.143,5775.935,2000,6300.798,5841.395,2000,6223.771,5738.58,2000,6243.241,5808.105,2000,6299.837,5737.388,2000,6253.341,5800.333,2000,6193.845,5845.824,2000,6238.578,5779.451,2000,6195.879,5750.05,2000,6285.445,5738.928,2000,6264.16,5762.808,2000,6295.063,5791.498,2000,6302.758
5825.221,2000,6290.992,5811.851,2000,6196.104,5845.997,2000,6255.882,5823.101,2000,6201.417,5840.02,2000,6273.352,5742.66,2000,6275.262,5789.227,2000,6193.582,5833.608,2000,6210.868,5775.848,2000,6301.181,5841.758,2000,6223.622,5738.234,2000,6243.056,5808.276,2000,6300.191,5737.004,2000,6253.257,5800.291,2000,6193.455,5846.216,2000,6238.57,5779.218,2000,6195.563,5749.742,2000,6285.689,5738.536,2000,6264.184,5762.584,2000,6295.385,5791.554,2000,6303.147
5825.696,2000,6291.484,5811.956,2000,6195.428,5846.638,2000,6256.121,5823.399,2000,6200.801,5840.577,2000,6273.749,5742.007,2000,6275.468,5788.961,2000,6192.951,5834.096,2000,6210.39,5775.717,2000,6301.852,5842.399,2000,6223.385,5737.642,2000,6242.714,5808.574,2000,6300.807,5736.341,2000,6253.09,5800.194,2000,6192.778,5846.9,2000,6238.579,5778.795,2000,6195.025,5749.193,2000,6286.097,5737.853,2000,6264.203,5762.194,2000,6295.947,5791.674,2000,6303.82
5826.035,2000,6291.846,5812.015,2000,6194.936,5847.101,2000,6256.298,5823.613,2000,6200.354,5840.99,2000,6274.023,5741.53,2000,6275.602,5788.753,2000,6192.501,5834.45,2000,6210.042,5775.626,2000,6302.339,5842.866,2000,6223.217,5737.219,2000,6242.455,5808.804,2000,6301.245,5735.865,2000,6252.954,5800.108,2000,6192.29,5847.395,2000,6238.591,5778.48,2000,6194.643,5748.785,2000,6286.378,5737.357,2000,6264.2,5761.912,2000,6296.354,5791.766,2000,6304.307
5826.437,2000,6292.276,5812.067,2000,6194.349,5847.651,2000,6256.508,5823.867,2000,6199.822,5841.481,2000,6274.35,5740.958,2000,6275.744,5788.49,2000,6191.974,5834.87,2000,6209.629,5775.519,2000,6302.919,5843.42,2000,6223.017,5736.717,2000,6242.146,5809.095,2000,6301.758,5735.303,2000,6252.775,5799.995,2000,6191.711,5847.984,2000,6238.605,5778.104,2000,6194.189,5748.299,2000,6286.712,5736.768,2000,6264.178,5761.575,2000,6296.838,5791.875,2000,6304.887
5826.789,2000,6292.653,5812.111,2000,6193.834,5848.133,2000,6256.692,5824.089,2000,6199.356,5841.901,2000,6274.649,5740.462,2000,6275.884,5788.258,2000,6191.513,5835.237,2000,6209.267,5775.424,2000,6303.426,5843.906,2000,6222.842,5736.279,2000,6241.874,5809.353,2000,6302.205,5734.812,2000,6252.618,5799.895,2000,6191.206,5848.5,2000,6238.617,5777.775,2000,6193.792,5747.873,2000,6287.003,5736.252,2000,6264.157,5761.279,2000,6297.261,5791.971,2000,6305.394
5827.054,2000,6292.956,5812.145,2000,6193.434,5848.509,2000,6256.836,5824.262,2000,6198.993,5842.221,2000,6274.894,5740.076,2000,6275.998,5788.077,2000,6191.153,5835.523,2000,6208.984,5775.35,2000,6303.821,5844.284,2000,6222.705,5735.937,2000,6241.662,5809.553,2000,6302.553,5734.427,2000,6252.5,5799.816,2000,6190.811,5848.902,2000,6238.626,5777.517,2000,6193.484,5747.541,2000,6287.23,5735.851,2000,6264.139,5761.049,2000,6297.59,5792.045,2000,6305.789
5827.459,2000,6293.39,5812.214,2000,6192.844,5849.063,2000,6257.047,5824.517,2000,6198.457,5842.69,2000,6275.256,5739.506,2000,6276.164,5787.81,2000,6190.624,5835.945,2000,6208.566,5775.24,2000,6304.404,5844.842,2000,6222.502,5735.434,2000,6241.348,5809.85,2000,6303.067,5733.859,2000,6252.327,5799.7,2000,6190.229,5849.496,2000,6238.64,5777.136,2000,6193.029,5747.051,2000,6287.565,5735.258,2000,6264.113,5760.708,2000,6298.076,5792.154,2000,6306.372
5827.752,2000,6293.688,5812.268,2000,6192.43,5849.454,2000,6257.197,5824.696,2000,6198.08,5843.029,2000,6275.501,5739.105,2000,6276.281,5787.627,2000,6190.248,5836.242,2000,6208.272,5775.162,2000,6304.815,5845.235,2000,6222.36,5735.08,2000,6241.126,5810.058,2000,6303.429,5733.46,2000,6252.204,5799.618,2000,6189.819,5849.914,2000,6238.65,5776.867,2000,6192.709,5746.706,2000,6287.801,5734.84,2000,6264.094,5760.468,2000,6298.418,5792.231,2000,6306.783
5828.237,2000,6294.183,5812.357,2000,6191.742,5850.101,2000,6257.444,5824.993,2000,6197.454,5843.597,2000,6275.898,5738.44,2000,6276.476,5787.323,2000,6189.625,5836.734,2000,6207.784,5775.033,2000,6305.496,5845.886,2000,6222.123,5734.493,2000,6240.757,5810.404,2000,6304.03,5732.798,2000,6251.999,5799.481,2000,6189.14,5850.606,2000,6238.666,5776.42,2000,6192.179,5746.133,2000,6288.191,5734.148,2000,6264.063,5760.069,2000,6298.985,5792.359,2000,6307.464
5828.561,2000,6294.513,5812.416,2000,6191.284,5850.533,2000,6257.609,5825.178,2000,6197.029,5843.976,2000,6276.164,5737.996,2000,6276.605,5787.12,2000,6189.209,5837.063,2000,6207.458,5774.962,2000,6305.953,5846.326,2000,6221.979,5734.109,2000,6240.498,5810.635,2000,6304.431,5732.356,2000,6251.862,5799.389,2000,6188.687,5851.068,2000,6238.691,5776.11,2000,6191.836,5745.743,2000,6288.439,5733.686,2000,6264.041,5759.802,2000,6299.363,5792.459,2000,6307.916
5829.031,2000,6294.992,5812.48,2000,6190.615,5851.161,2000,6257.849,5825.425,2000,6196.405,5844.525,2000,6276.549,5737.346,2000,6276.771,5786.805,2000,6188.617,5837.554,2000,6207,5774.88,2000,6306.62,5846.97,2000,6221.791,5733.565,2000,6240.104,5810.99,2000,6305.001,5731.722,2000,6251.642,5799.255,2000,6188.029,5851.737,2000,6238.75,5775.645,2000,6191.352,5745.165,2000,6288.781,5733.015,2000,6264.008,5759.415,2000,6299.911,5792.625,2000,6308.566
5829.325,2000,6295.312,5812.507,2000,6190.182,5851.562,2000,6258.018,5825.572,2000,6195.996,5844.873,2000,6276.811,5736.921,2000,6276.865,5786.588,2000,6188.24,5837.881,2000,6206.715,5774.842,2000,6307.053,5847.391,2000,6221.683,5733.222,2000,6239.838,5811.229,2000,6305.364,5731.316,2000,6251.486,5799.155,2000,6187.606,5852.169,2000,6238.803,5775.333,2000,6191.049,5744.794,2000,6289.007,5732.582,2000,6263.973,5759.175,2000,6300.274,5792.747,2000,6308.983
5829.827,2000,6295.895,5812.53,2000,6189.413,5852.262,2000,6258.334,5825.809,2000,6195.264,5845.485,2000,6277.276,5736.166,2000,6277.007,5786.184,2000,6187.586,5838.477,2000,6206.229,5774.791,2000,6307.82,5848.14,2000,6221.51,5732.628,2000,6239.35,5811.651,2000,6306.006,5730.608,2000,6251.187,5798.953,2000,6186.864,5852.931,2000,6238.906,5774.768,2000,6190.527,5744.138,2000,6289.408,5731.818,2000,6263.886,5758.773,2000,6300.93,5792.972,2000,6309.719
5829.968,2000,6296.048,5812.53,2000,6189.205,5852.452,2000,6258.42,5825.879,2000,6195.068,5845.651,2000,6277.402,5735.959,2000,6277.039,5786.069,2000,6187.413,5838.641,2000,6206.101,5774.776,2000,6308.028,5848.343,2000,6221.463,5732.467,2000,6239.217,5811.766,2000,6306.18,5730.419,2000,6251.099,5798.891,2000,6186.665,5853.138,2000,6238.934,5774.614,2000,6190.386,5743.96,2000,6289.517,5731.612,2000,6263.856,5758.67,2000,6301.111,5793.033,2000,6309.918
5830.523,2000,6296.614,5812.503,2000,6188.413,5853.175,2000,6258.746,5826.171,2000,6194.331,5846.282,2000,6277.882,5735.173,2000,6277.139,5785.62,2000,6186.76,5839.266,2000,6205.613,5774.723,2000,6308.819,5849.115,2000,6221.284,5731.857,2000,6238.71,5812.202,2000,6306.841,5729.703,2000,6250.759,5798.645,2000,6185.912,5853.923,2000,6239.041,5774.029,2000,6189.852,5743.283,2000,6289.929,5730.83,2000,6263.729,5758.295,2000,6301.809,5793.265,2000,6310.676
5830.788,2000,6296.868,5812.49,2000,6188.046,5853.509,2000,6258.897,5826.309,2000,6193.991,5846.574,2000,6278.104,5734.81,2000,6277.185,5785.411,2000,6186.458,5839.555,2000,6205.387,5774.698,2000,6309.185,5849.472,2000,6221.2,5731.576,2000,6238.475,5812.404,2000,6307.147,5729.373,2000,6250.6,5798.53,2000,6185.563,5854.287,2000,6239.09,5773.758,2000,6189.605,5742.969,2000,6290.119,5730.468,2000,6263.669,5758.121,2000,6302.132,5793.372,2000,6311.026
5831.397,2000,6297.442,5812.459,2000,6187.209,5854.272,2000,6259.241,5826.624,2000,6193.215,5847.241,2000,6278.611,5733.979,2000,6277.29,5784.933,2000,6185.771,5840.214,2000,6204.871,5774.641,2000,6310.02,5850.288,2000,6221.01,5730.935,2000,6237.937,5812.841,2000,6307.861,5728.607,2000,6250.26,5798.268,2000,6184.768,5855.116,2000,6239.203,5773.137,2000,6189.043,5742.253,2000,6290.554,5729.642,2000,6263.533,5757.723,2000,6302.869,5793.616,2000,6311.827
5831.653,2000,6297.682,5812.446,2000,6186.859,5854.597,2000,6259.375,5826.755,2000,6192.89,5847.52,2000,6278.823,5733.631,2000,6277.333,5784.741,2000,6185.478,5840.49,2000,6204.654,5774.616,2000,6310.37,5850.629,2000,6220.93,5730.667,2000,6237.71,5813.015,2000,6308.166,5728.288,2000,6250.116,5798.158,2000,6184.436,5855.464,2000,6239.25,5772.875,2000,6188.81,5741.954,2000,6290.735,5729.296,2000,6263.476,5757.556,2000,6303.177,5793.718,2000,6312.163
5832.207,2000,6298.239,5812.417,2000,6186.074,5855.333,2000,6259.651,5827.05,2000,6192.162,5848.145,2000,6279.299,5732.855,2000,6277.456,5784.309,2000,6184.821,5841.107,2000,6204.169,5774.561,2000,6311.153,5851.394,2000,6220.75,5730.069,2000,6237.201,5813.398,2000,6308.852,5727.571,2000,6249.794,5797.91,2000,6183.69,5856.243,2000,6239.354,5772.29,2000,6188.286,5741.281,2000,6291.142,5728.521,2000,6263.346,5757.182,2000,6303.867,5793.947,2000,6312.914
5832.577,2000,6298.637,5812.395,2000,6185.531,5855.842,2000,6259.837,5827.252,2000,6191.658,5848.576,2000,6279.628,5732.322,2000,6277.558,5784.01,2000,6184.369,5841.534,2000,6203.833,5774.522,2000,6311.695,5851.922,2000,6220.626,5729.656,2000,6236.848,5813.664,2000,6309.325,5727.077,2000,6249.57,5797.737,2000,6183.175,5856.781,2000,6239.427,5771.883,2000,6187.926,5740.816,2000,6291.422,5727.986,2000,6263.255,5756.922,2000,6304.344,5794.105,2000,6313.434
5832.921,2000,6299.032,5812.392,2000,6185.006,5856.335,2000,6260.018,5827.448,2000,6191.171,5849.004,2000,6279.933,5731.809,2000,6277.666,5783.72,2000,6183.931,5841.946,2000,6203.508,5774.485,2000,6312.218,5852.433,2000,6220.505,5729.248,2000,6236.519,5813.92,2000,6309.783,5726.599,2000,6249.353,5797.57,2000,6182.678,5857.301,2000,6239.497,5771.49,2000,6187.579,5740.367,2000,6291.692,5727.468,2000,6263.167,5756.671,2000,6304.805,5794.241,2000,6313.94
5833.206,2000,6299.37,5812.403,2000,6184.565,5856.75,2000,6260.17,5827.612,2000,6190.762,5849.372,2000,6280.177,5731.377,2000,6277.757,5783.476,2000,6183.564,5842.292,2000,6203.234,5774.453,2000,6312.658,5852.862,2000,6220.404,5728.905,2000,6236.241,5814.135,2000,6310.168,5726.197,2000,6249.17,5797.429,2000,6182.26,5857.74,2000,6239.541,5771.168,2000,6187.276,5739.989,2000,6291.919,5727.034,2000,6263.092,5756.46,2000,6305.192,5794.342,2000,6314.37
5833.598,2000,6299.835,5812.432,2000,6183.957,5857.321,2000,6260.379,5827.839,2000,6190.196,5849.89,2000,6280.497,5730.781,2000,6277.882,5783.137,2000,6183.058,5842.77,2000,6202.856,5774.409,2000,6313.266,5853.455,2000,6220.264,5728.432,2000,6235.857,5814.433,2000,6310.7,5725.644,2000,6248.916,5797.233,2000,6181.683,5858.348,2000,6239.583,5770.724,2000,6186.86,5739.466,2000,6292.232,5726.434,2000,6262.988,5756.168,2000,6305.727,5794.474,2000,6314.964
5833.954,2000,6300.259,5812.458,2000,6183.404,5857.841,2000,6260.569,5828.044,2000,6189.682,5850.366,2000,6280.778,5730.239,2000,6277.996,5782.829,2000,6182.598,5843.204,2000,6202.513,5774.369,2000,6313.818,5853.993,2000,6220.136,5728.003,2000,6235.507,5814.687,2000,6311.191,5725.141,2000,6248.685,5797.055,2000,6181.159,5858.9,2000,6239.613,5770.319,2000,6186.482,5738.991,2000,6292.517,5725.885,2000,6262.911,5755.902,2000,6306.212,5794.593,2000,6315.505
5834.143,2000,6300.484,5812.471,2000,6183.111,5858.12,2000,6260.661,5828.152,2000,6189.41,5850.619,2000,6280.928,5729.952,2000,6278.056,5782.665,2000,6182.354,5843.434,2000,6202.33,5774.348,2000,6314.11,5854.279,2000,6220.068,5727.776,2000,6235.321,5814.813,2000,6311.457,5724.875,2000,6248.562,5796.97,2000,6180.878,5859.193,2000,6239.629,5770.104,2000,6186.283,5738.739,2000,6292.667,5725.593,2000,6262.88,5755.761,2000,6306.469,5794.657,2000,6315.792
5834.575,2000,6300.997,5812.502,2000,6182.441,5858.764,2000,6260.85,5828.4,2000,6188.786,5851.196,2000,6281.27,5729.291,2000,6278.172,5782.29,2000,6181.798,5843.959,2000,6201.913,5774.299,2000,6314.779,5854.932,2000,6219.913,5727.258,2000,6234.895,5815.082,2000,6312.071,5724.266,2000,6248.279,5796.795,2000,6180.23,5859.863,2000,6239.666,5769.598,2000,6185.843,5738.163,2000,6293.011,5724.925,2000,6262.818,5755.438,2000,6307.057,5794.801,2000,6316.447
5834.709,2000,6301.157,5812.505,2000,6182.232,5858.961,2000,6260.915,5828.477,2000,6188.592,5851.375,2000,6281.375,5729.085,2000,6278.201,5782.173,2000,6181.625,5844.122,2000,6201.783,5774.291,2000,6314.987,5855.136,2000,6219.871,5727.102,2000,6234.757,5815.171,2000,6312.259,5724.077,2000,6248.191,5796.745,2000,6180.028,5860.071,2000,6239.684,5769.436,2000,6185.711,5737.984,2000,6293.117,5724.718,2000,6262.799,5755.337,2000,6307.24,5794.853,2000,6316.648
5835.053,2000,6301.566,5812.495,2000,6181.698,5859.463,2000,6261.099,5828.674,2000,6188.095,5851.835,2000,6281.648,5728.553,2000,6278.259,5781.873,2000,6181.183,5844.541,2000,6201.45,5774.287,2000,6315.522,5855.663,2000,6219.782,5726.712,2000,6234.391,5815.417,2000,6312.734,5723.593,2000,6247.965,5796.614,2000,6179.51,5860.602,2000,6239.748,5769.01,2000,6185.388,5737.524,2000,6293.39,5724.186,2000,6262.749,5755.079,2000,6307.708,5795.002,2000,6317.162
5835.326,2000,6301.87,5812.473,2000,6181.29,5859.842,2000,6261.251,5828.824,2000,6187.716,5852.179,2000,6281.867,5728.146,2000,6278.29,5781.644,2000,6180.846,5844.868,2000,6201.207,5774.297,2000,6315.93,5856.067,2000,6219.727,5726.424,2000,6234.102,5815.616,2000,6313.091,5723.229,2000,6247.78,5796.501,2000,6179.118,5861.005,2000,6239.81,5768.677,2000,6185.151,5737.173,2000,6293.598,5723.779,2000,6262.711,5754.894,2000,6308.072,5795.129,2000,6317.55
5835.601,2000,6302.156,5812.439,2000,6180.894,5860.205,2000,6261.412,5828.97,2000,6187.346,5852.507,2000,6282.091,5727.749,2000,6278.306,5781.409,2000,6180.524,5845.195,2000,6200.98,5774.32,2000,6316.327,5856.463,2000,6219.686,5726.153,2000,6233.811,5815.821,2000,6313.431,5722.881,2000,6247.588,5796.379,2000,6178.739,5861.396,2000,6239.883,5768.346,2000,6184.932,5736.832,2000,6293.801,5723.385,2000,6262.661,5754.726,2000,6308.432,5795.241,2000,6317.932
5835.821,2000,6302.371,5812.403,2000,6180.589,5860.485,2000,6261.537,5829.082,2000,6187.061,5852.755,2000,6282.273,5727.442,2000,6278.309,5781.22,2000,6180.283,5845.453,2000,6200.813,5774.348,2000,6316.633,5856.769,2000,6219.665,5725.951,2000,6233.58,5815.988,2000,6313.688,5722.617,2000,6247.432,5796.275,2000,6178.451,5861.695,2000,6239.95,5768.084,2000,6184.771,5736.567,2000,6293.957,5723.082,2000,6262.612,5754.604,2000,6308.714,5795.327,2000,6318.226
5836.151,2000,6302.673,5812.336,2000,6180.147,5860.894,2000,6261.719,5829.246,2000,6186.644,5853.107,2000,6282.549,5726.995,2000,6278.299,5780.934,2000,6179.939,5845.836,2000,6200.583,5774.394,2000,6317.078,5857.216,2000,6219.639,5725.667,2000,6233.234,5816.232,2000,6314.063,5722.24,2000,6247.191,5796.11,2000,6178.035,5862.135,2000,6240.032,5767.699,2000,6184.544,5736.182,2000,6294.185,5722.643,2000,6262.526,5754.442,2000,6309.131,5795.452,2000,6318.656
5836.383,2000,6302.899,5812.277,2000,6179.828,5861.19,2000,6261.852,5829.365,2000,6186.342,5853.355,2000,6282.758,5726.671,2000,6278.282,5780.718,2000,6179.698,5846.119,2000,6200.425,5774.427,2000,6317.401,5857.54,2000,6219.62,5725.468,2000,6232.979,5816.41,2000,6314.334,5721.972,2000,6247.008,5795.98,2000,6177.737,5862.456,2000,6240.082,5767.419,2000,6184.381,5735.909,2000,6294.358,5722.327,2000,6262.454,5754.334,2000,6309.437,5795.542,2000,6318.967
5836.743,2000,6303.275,5812.166,2000,6179.319,5861.666,2000,6262.064,5829.555,2000,6185.857,5853.746,2000,6283.102,5726.151,2000,6278.254,5780.358,2000,6179.321,5846.582,2000,6200.187,5774.48,2000,6317.919,5858.06,2000,6219.59,5725.148,2000,6232.567,5816.694,2000,6314.771,5721.546,2000,6246.708,5795.757,2000,6177.267,5862.973,2000,6240.145,5766.969,2000,6184.12,5735.479,2000,6294.652,5721.823,2000,6262.322,5754.177,2000,6309.933,5795.688,2000,6319.467
5836.892,2000,6303.441,5812.117,2000,6179.102,5861.869,2000,6262.155,5829.644,2000,6185.653,5853.918,2000,6283.244,5725.929,2000,6278.242,5780.202,2000,6179.162,5846.78,2000,6200.084,5774.502,2000,6318.141,5858.282,2000,6219.577,5725.012,2000,6232.391,5816.816,2000,6314.957,5721.364,2000,6246.58,5795.655,2000,6177.069,5863.194,2000,6240.172,5766.775,2000,6184.008,5735.299,2000,6294.784,5721.61,2000,6262.258,5754.109,2000,6310.146,5795.75,2000,6319.681
5837.026,2000,6303.601,5812.07,2000,6178.899,5862.059,2000,6262.24,5829.732,2000,6185.464,5854.083,2000,6283.372,5725.721,2000,6278.23,5780.056,2000,6179.014,5846.965,2000,6199.988,5774.523,2000,6318.348,5858.49,2000,6219.564,5724.885,2000,6232.226,5816.931,2000,6315.131,5721.194,2000,6246.46,5795.553,2000,6176.887,5863.401,2000,6240.197,5766.595,2000,6183.905,5735.135,2000,6294.912,5721.412,2000,6262.192,5754.046,2000,6310.344,5795.809,2000,6319.881
5837.314,2000,6303.941,5811.971,2000,6178.464,5862.467,2000,6262.422,5829.936,2000,6185.067,5854.445,2000,6283.633,5725.275,2000,6278.205,5779.742,2000,6178.696,5847.362,2000,6199.783,5774.568,2000,6318.792,5858.936,2000,6219.538,5724.614,2000,6231.871,5817.175,2000,6315.505,5720.83,2000,6246.202,5795.335,2000,6176.497,5863.844,2000,6240.251,5766.207,2000,6183.684,5734.792,2000,6295.199,5720.993,2000,6262.039,5753.912,2000,6310.77,5795.933,2000,6320.31
5837.514,2000,6304.178,5811.902,2000,6178.163,5862.749,2000,6262.548,5830.085,2000,6184.796,5854.702,2000,6283.805,5724.966,2000,6278.188,5779.524,2000,6178.477,5847.636,2000,6199.641,5774.589,2000,6319.101,5859.245,2000,6219.52,5724.418,2000,6231.632,5817.344,2000,6315.764,5720.578,2000,6246.022,5795.184,2000,6176.228,5864.15,2000,6240.289,5765.938,2000,6183.531,5734.562,2000,6295.404,5720.702,2000,6261.933,5753.818,2000,6311.064,5796.02,2000,6320.606
5837.755,2000,6304.463,5811.819,2000,6177.798,5863.09,2000,6262.701,5830.276,2000,6184.476,5855.019,2000,6284.003,5724.593,2000,6278.166,5779.26,2000,6178.212,5847.968,2000,6199.468,5774.603,2000,6319.474,5859.617,2000,6219.486,5724.182,2000,6231.342,5817.549,2000,6316.076,5720.273,2000,6245.805,5795,2000,6175.902,5864.521,2000,6240.334,5765.619,2000,6183.336,5734.282,2000,6295.653,5720.351,2000,6261.804,5753.704,2000,6311.42,5796.124,2000,6320.965
5837.889,2000,6304.623,5811.772,2000,6177.595,5863.28,2000,6262.787,5830.389,2000,6184.3,5855.198,2000,6284.11,5724.385,2000,6278.16,5779.113,2000,6178.064,5848.152,2000,6199.372,5774.603,2000,6319.683,5859.823,2000,6219.46,5724.05,2000,6231.181,5817.658,2000,6316.254,5720.104,2000,6245.684,5794.897,2000,6175.721,5864.729,2000,6240.36,5765.441,2000,6183.228,5734.126,2000,6295.791,5720.156,2000,6261.732,5753.641,2000,6311.618,5796.182,2000,6321.166
5838.143,2000,6304.923,5811.684,2000,6177.212,5863.639,2000,6262.948,5830.602,2000,6183.97,5855.536,2000,6284.311,5723.992,2000,6278.163,5778.834,2000,6177.787,5848.501,2000,6199.19,5774.599,2000,6320.076,5860.211,2000,6219.398,5723.803,2000,6230.875,5817.851,2000,6316.596,5719.785,2000,6245.454,5794.704,2000,6175.378,5865.119,2000,6240.407,5765.106,2000,6183.022,5733.833,2000,6296.052,5719.787,2000,6261.596,5753.521,2000,6311.993,5796.292,2000,6321.543
5838.319,2000,6305.13,5811.631,2000,6176.945,5863.891,2000,6263.051,5830.749,2000,6183.741,5855.769,2000,6284.45,5723.72,2000,6278.174,5778.642,2000,6177.595,5848.742,2000,6199.064,5774.596,2000,6320.348,5860.479,2000,6219.352,5723.633,2000,6230.663,5817.977,2000,6316.837,5719.564,2000,6245.295,5794.569,2000,6175.142,5865.389,2000,6240.44,5764.874,2000,6182.881,5733.629,2000,6296.233,5719.532,2000,6261.502,5753.438,2000,6312.251,5796.368,2000,6321.804
5838.532,2000,6305.383,5811.578,2000,6176.619,5864.201,2000,6263.166,5830.927,2000,6183.462,5856.053,2000,6284.62,5723.39,2000,6278.198,5778.407,2000,6177.362,5849.035,2000,6198.912,5774.592,2000,6320.678,5860.805,2000,6219.294,5723.426,2000,6230.405,5818.121,2000,6317.135,5719.296,2000,6245.101,5794.406,2000,6174.854,5865.717,2000,6240.48,5764.591,2000,6182.71,5733.381,2000,6296.452,5719.222,2000,6261.387,5753.337,2000,6312.566,5796.46,2000,6322.122
5838.667,2000,6305.542,5811.551,2000,6176.413,5864.398,2000,6263.232,5831.039,2000,6183.287,5856.232,2000,6284.726,5723.183,2000,6278.213,5778.259,2000,6177.215,5849.22,2000,6198.815,5774.59,2000,6320.887,5861.01,2000,6219.258,5723.296,2000,6230.243,5818.205,2000,6317.326,5719.127,2000,6244.979,5794.303,2000,6174.673,5865.924,2000,6240.505,5764.413,2000,6182.603,5733.225,2000,6296.59,5719.027,2000,6261.314,5753.273,2000,6312.765,5796.518,2000,6322.322
5838.92,2000,6305.843,5811.513,2000,6176.021,5864.776,2000,6263.345,5831.251,2000,6182.956,5856.571,2000,6284.928,5722.79,2000,6278.242,5777.979,2000,6176.938,5849.569,2000,6198.632,5774.585,2000,6321.28,5861.398,2000,6219.19,5723.051,2000,6229.935,5818.355,2000,6317.69,5718.809,2000,6244.748,5794.107,2000,6174.332,5866.315,2000,6240.553,5764.075,2000,6182.4,5732.93,2000,6296.851,5718.658,2000,6261.176,5753.152,2000,6313.14,5796.628,2000,6322.7
5839.055,2000,6306.002,5811.494,2000,6175.813,5864.978,2000,6263.398,5831.364,2000,6182.78,5856.75,2000,6285.035,5722.582,2000,6278.257,5777.83,2000,6176.792,5849.753,2000,6198.536,5774.583,2000,6321.489,5861.603,2000,6219.154,5722.921,2000,6229.771,5818.435,2000,6317.883,5718.641,2000,6244.625,5794.004,2000,6174.151,5866.522,2000,6240.578,5763.896,2000,6182.293,5732.774,2000,6296.989,5718.463,2000,6261.103,5753.088,2000,6313.338,5796.686,2000,6322.9
5839.273,2000,6306.261,5811.461,2000,6175.475,5865.308,2000,6263.477,5831.546,2000,6182.494,5857.041,2000,6285.208,5722.244,2000,6278.282,5777.588,2000,6176.555,5850.054,2000,6198.378,5774.578,2000,6321.828,5861.937,2000,6219.095,5722.711,2000,6229.505,5818.564,2000,6318.196,5718.367,2000,6244.425,5793.835,2000,6173.856,5866.859,2000,6240.619,5763.605,2000,6182.12,5732.52,2000,6297.213,5718.146,2000,6260.983,5752.984,2000,6313.661,5796.781,2000,6323.226
5839.408,2000,6306.42,5811.442,2000,6175.268,5865.51,2000,6263.524,5831.658,2000,6182.318,5857.22,2000,6285.315,5722.036,2000,6278.297,5777.439,2000,6176.409,5850.238,2000,6198.282,5774.576,2000,6322.037,5862.142,2000,6219.059,5722.583,2000,6229.341,5818.644,2000,6318.389,5718.199,2000,6244.302,5793.731,2000,6173.676,5867.066,2000,6240.645,5763.426,2000,6182.014,5732.363,2000,6297.351,5717.949,2000,6260.917,5752.92,2000,6313.859,5796.833,2000,6323.427
5839.604,2000,6306.653,5811.413,2000,6174.965,5865.807,2000,6263.594,5831.821,2000,6182.061,5857.481,2000,6285.471,5721.732,2000,6278.319,5777.221,2000,6176.197,5850.508,2000,6198.14,5774.572,2000,6322.341,5862.442,2000,6219.006,5722.395,2000,6229.101,5818.759,2000,6318.67,5717.954,2000,6244.122,5793.579,2000,6173.412,5867.368,2000,6240.681,5763.164,2000,6181.859,5732.135,2000,6297.552,5717.658,2000,6260.828,5752.826,2000,6314.148,5796.898,2000,6323.725
5839.74,2000,6306.814,5811.393,2000,6174.755,5866.012,2000,6263.643,5831.934,2000,6181.883,5857.662,2000,6285.58,5721.521,2000,6278.334,5777.07,2000,6176.049,5850.695,2000,6198.042,5774.569,2000,6322.552,5862.65,2000,6218.97,5722.265,2000,6228.935,5818.84,2000,6318.866,5717.784,2000,6243.997,5793.474,2000,6173.229,5867.578,2000,6240.707,5762.981,2000,6181.752,5731.976,2000,6297.691,5717.454,2000,6260.773,5752.761,2000,6314.349,5796.937,2000,6323.932
5839.875,2000,6306.973,5811.373,2000,6174.547,5866.215,2000,6263.691,5832.046,2000,6181.707,5857.841,2000,6285.687,5721.313,2000,6278.35,5776.92,2000,6175.904,5850.879,2000,6197.945,5774.566,2000,6322.76,5862.855,2000,6218.934,5722.137,2000,6228.77,5818.919,2000,6319.059,5717.616,2000,6243.873,5793.375,2000,6173.046,5867.785,2000,6240.725,5762.802,2000,6181.646,5731.82,2000,6297.829,5717.251,2000,6260.723,5752.696,2000,6314.547,5796.968,2000,6324.138
5840.009,2000,6307.132,5811.353,2000,6174.34,5866.417,2000,6263.739,5832.157,2000,6181.531,5858.02,2000,6285.793,5721.105,2000,6278.364,5776.771,2000,6175.759,5851.064,2000,6197.848,5774.564,2000,6322.969,5863.06,2000,6218.897,5722.009,2000,6228.605,5818.999,2000,6319.251,5717.449,2000,6243.749,5793.283,2000,6172.859,5867.993,2000,6240.737,5762.622,2000,6181.542,5731.663,2000,6297.967,5717.049,2000,6260.673,5752.632,2000,6314.746,5796.993,2000,6324.345
5840.149,2000,6307.298,5811.332,2000,6174.124,5866.629,2000,6263.789,5832.273,2000,6181.348,5858.206,2000,6285.905,5720.889,2000,6278.38,5776.615,2000,6175.608,5851.256,2000,6197.746,5774.561,2000,6323.186,5863.274,2000,6218.859,5721.876,2000,6228.434,5819.082,2000,6319.452,5717.274,2000,6243.62,5793.193,2000,6172.661,5868.21,2000,6240.742,5762.434,2000,6181.432,5731.5,2000,6298.11,5716.838,2000,6260.62,5752.564,2000,6314.952,5797.012,2000,6324.562
5840.284,2000,6307.458,5811.312,2000,6173.916,5866.832,2000,6263.837,5832.385,2000,6181.172,5858.385,2000,6286.012,5720.681,2000,6278.395,5776.465,2000,6175.463,5851.44,2000,6197.649,5774.558,2000,6323.395,5863.479,2000,6218.823,5721.749,2000,6228.269,5819.161,2000,6319.645,5717.107,2000,6243.496,5793.111,2000,6172.469,5868.419,2000,6240.74,5762.254,2000,6181.328,5731.343,2000,6298.248,5716.636,2000,6260.57,5752.5,2000,6315.15,5797.03,2000,6324.77
5840.418,2000,6307.617,5811.292,2000,6173.708,5867.034,2000,6263.885,5832.496,2000,6180.996,5858.563,2000,6286.119,5720.473,2000,6278.409,5776.315,2000,6175.319,5851.625,2000,6197.552,5774.555,2000,6323.603,5863.685,2000,6218.787,5721.622,2000,6228.104,5819.241,2000,6319.837,5716.94,2000,6243.371,5793.029,2000,6172.278,5868.627,2000,6240.731,5762.074,2000,6181.223,5731.186,2000,6298.385,5716.434,2000,6260.52,5752.436,2000,6315.349,5797.048,2000,6324.977
5840.566,2000,6307.791,5811.27,2000,6173.481,5867.256,2000,6263.938,5832.618,2000,6180.803,5858.759,2000,6286.236,5720.245,2000,6278.425,5776.15,2000,6175.161,5851.826,2000,6197.445,5774.552,2000,6323.831,5863.909,2000,6218.747,5721.483,2000,6227.922,5819.328,2000,6320.048,5716.757,2000,6243.234,5792.939,2000,6172.068,5868.854,2000,6240.714,5761.876,2000,6181.109,5731.014,2000,6298.535,5716.213,2000,6260.464,5752.365,2000,6315.565,5797.068,2000,6325.205
5840.7,2000,6307.95,5811.25,2000,6173.274,5867.459,2000,6263.985,5832.729,2000,6180.626,5858.938,2000,6286.343,5720.037,2000,6278.44,5776,2000,6175.017,5852.01,2000,6197.348,5774.549,2000,6324.04,5864.114,2000,6218.71,5721.357,2000,6227.757,5819.407,2000,6320.24,5716.59,2000,6243.109,5792.856,2000,6171.877,5869.062,2000,6240.698,5761.695,2000,6181.005,5730.857,2000,6298.672,5716.011,2000,6260.414,5752.3,2000,6315.764,5797.086,2000,6325.412
5840.834,2000,6308.109,5811.229,2000,6173.066,5867.662,2000,6264.033,5832.841,2000,6180.45,5859.117,2000,6286.45,5719.829,2000,6278.455,5775.85,2000,6174.873,5852.194,2000,6197.251,5774.546,2000,6324.248,5864.319,2000,6218.673,5721.23,2000,6227.591,5819.487,2000,6320.433,5716.423,2000,6242.984,5792.774,2000,6171.686,5869.27,2000,6240.683,5761.515,2000,6180.902,5730.701,2000,6298.81,5715.809,2000,6260.363,5752.235,2000,6315.962,5797.104,2000,6325.62
5840.969,2000,6308.269,5811.208,2000,6172.859,5867.864,2000,6264.081,5832.952,2000,6180.274,5859.295,2000,6286.557,5719.621,2000,6278.469,5775.699,2000,6174.729,5852.378,2000,6197.154,5774.543,2000,6324.457,5864.524,2000,6218.637,5721.104,2000,6227.425,5819.566,2000,6320.625,5716.257,2000,6242.859,5792.691,2000,6171.494,5869.477,2000,6240.667,5761.334,2000,6180.798,5730.544,2000,6298.947,5715.606,2000,6260.312,5752.17,2000,6316.16,5797.122,2000,6325.827
5841.104,2000,6308.428,5811.188,2000,6172.651,5868.067,2000,6264.129,5833.063,2000,6180.098,5859.474,2000,6286.664,5719.413,2000,6278.483,5775.548,2000,6174.584,5852.563,2000,6197.056,5774.534,2000,6324.665,5864.729,2000,6218.6,5720.979,2000,6227.259,5819.646,2000,6320.817,5716.086,2000,6242.74,5792.609,2000,6171.303,5869.685,2000,6240.651,5761.153,2000,6180.695,5730.387,2000,6299.084,5715.404,2000,6260.261,5752.105,2000,6316.358,5797.14,2000,6326.035
5841.239,2000,6308.587,5811.167,2000,6172.444,5868.27,2000,6264.177,5833.174,2000,6179.921,5859.653,2000,6286.771,5719.205,2000,6278.497,5775.397,2000,6174.441,5852.747,2000,6196.958,5774.517,2000,6324.872,5864.935,2000,6218.563,5720.853,2000,6227.093,5819.726,2000,6321.01,5715.912,2000,6242.626,5792.526,2000,6171.111,5869.892,2000,6240.636,5760.972,2000,6180.592,5730.23,2000,6299.221,5715.202,2000,6260.21,5752.041,2000,6316.556,5797.158,2000,6326.242
5841.374,2000,6308.746,5811.147,2000,6172.236,5868.472,2000,6264.225,5833.285,2000,6179.745,5859.832,2000,6286.877,5718.997,2000,6278.511,5775.247,2000,6174.297,5852.931,2000,6196.861,5774.494,2000,6325.079,5865.14,2000,6218.527,5720.728,2000,6226.927,5819.805,2000,6321.202,5715.734,2000,6242.518,5792.444,2000,6170.92,5870.1,2000,6240.62,5760.791,2000,6180.49,5730.073,2000,6299.358,5715,2000,6260.16,5751.976,2000,6316.753,5797.176,2000,6326.45
5841.508,2000,6308.905,5811.126,2000,6172.029,5868.675,2000,6264.272,5833.396,2000,6179.569,5860.01,2000,6286.984,5718.789,2000,6278.525,5775.1,2000,6174.149,5853.115,2000,6196.763,5774.463,2000,6325.285,5865.343,2000,6218.483,5720.603,2000,6226.76,5819.885,2000,6321.395,5715.555,2000,6242.412,5792.361,2000,6170.729,5870.307,2000,6240.604,5760.609,2000,6180.387,5729.916,2000,6299.495,5714.798,2000,6260.108,5751.911,2000,6316.951,5797.194,2000,6326.657
5841.643,2000,6309.064,5811.106,2000,6171.821,5868.877,2000,6264.32,5833.506,2000,6179.393,5860.189,2000,6287.091,5718.581,2000,6278.539,5774.959,2000,6173.996,5853.299,2000,6196.666,5774.427,2000,6325.49,5865.545,2000,6218.434,5720.478,2000,6226.594,5819.964,2000,6321.587,5715.375,2000,6242.306,5792.278,2000,6170.537,5870.515,2000,6240.589,5760.427,2000,6180.285,5729.759,2000,6299.631,5714.596,2000,6260.057,5751.846,2000,6317.149,5797.212,2000,6326.865
5841.778,2000,6309.224,5811.085,2000,6171.614,5869.08,2000,6264.369,5833.617,2000,6179.216,5860.368,2000,6287.198,5718.373,2000,6278.553,5774.823,2000,6173.838,5853.483,2000,6196.568,5774.383,2000,6325.694,5865.746,2000,6218.377,5720.353,2000,6226.427,5820.044,2000,6321.779,5715.196,2000,6242.2,5792.195,2000,6170.346,5870.722,2000,6240.573,5760.246,2000,6180.183,5729.602,2000,6299.768,5714.394,2000,6260.006,5751.781,2000,6317.347,5797.23,2000,6327.072
5841.913,2000,6309.383,5811.064,2000,6171.406,5869.283,2000,6264.417,5833.728,2000,6179.04,5860.546,2000,6287.305,5718.165,2000,6278.566,5774.689,2000,6173.678,5853.667,2000,6196.47,5774.339,2000,6325.897,5865.945,2000,6218.314,5720.229,2000,6226.26,5820.124,2000,6321.972,5715.017,2000,6242.094,5792.112,2000,6170.155,5870.93,2000,6240.558,5760.063,2000,6180.082,5729.444,2000,6299.905,5714.191,2000,6259.955,5751.716,2000,6317.544,5797.249,2000,6327.28
5842.047,2000,6309.542,5811.043,2000,6171.199,5869.485,2000,6264.465,5833.839,2000,6178.863,5860.725,2000,6287.412,5717.957,2000,6278.58,5774.555,2000,6173.519,5853.851,2000,6196.373,5774.294,2000,6326.101,5866.141,2000,6218.245,5720.104,2000,6226.092,5820.203,2000,6322.164,5714.838,2000,6241.987,5792.029,2000,6169.964,5871.137,2000,6240.542,5759.881,2000,6179.98,5729.287,2000,6300.042,5713.99,2000,6259.903,5751.651,2000,6317.742,5797.267,2000,6327.487
5842.182,2000,6309.701,5811.022,2000,6170.992,5869.688,2000,6264.514,5833.949,2000,6178.687,5860.904,2000,6287.519,5717.749,2000,6278.594,5774.421,2000,6173.359,5854.035,2000,6196.275,5774.249,2000,6326.305,5866.335,2000,6218.169,5719.98,2000,6225.925,5820.283,2000,6322.356,5714.659,2000,6241.881,5791.946,2000,6169.773,5871.345,2000,6240.526,5759.699,2000,6179.879,5729.13,2000,6300.178,5713.788,2000,6259.852,5751.585,2000,6317.94,5797.285,2000,6327.695
5842.317,2000,6309.86,5811.001,2000,6170.785,5869.891,2000,6264.562,5834.06,2000,6178.51,5861.083,2000,6287.626,5717.541,2000,6278.607,5774.287,2000,6173.2,5854.219,2000,6196.177,5774.204,2000,6326.508,5866.529,2000,6218.092,5719.857,2000,6225.757,5820.362,2000,6322.549,5714.479,2000,6241.774,5791.863,2000,6169.583,5871.552,2000,6240.511,5759.517,2000,6179.778,5728.973,2000,6300.315,5713.586,2000,6259.8,5751.52,2000,6318.138,5797.303,2000,6327.902
5842.452,2000,6310.02,5810.979,2000,6170.578,5870.093,2000,6264.61,5834.17,2000,6178.333,5861.261,2000,6287.733,5717.333,2000,6278.62,5774.153,2000,6173.041,5854.403,2000,6196.08,5774.159,2000,6326.712,5866.723,2000,6218.016,5719.733,2000,6225.589,5820.442,2000,6322.741,5714.3,2000,6241.668,5791.78,2000,6169.392,5871.76,2000,6240.495,5759.334,2000,6179.678,5728.815,2000,6300.451,5713.385,2000,6259.748,5751.455,2000,6318.335,5797.32,2000,6328.11
5842.586,2000,6310.179,5810.958,2000,6170.371,5870.296,2000,6264.659,5834.28,2000,6178.156,5861.44,2000,6287.84,5717.125,2000,6278.633,5774.019,2000,6172.881,5854.587,2000,6195.982,5774.114,2000,6326.916,5866.916,2000,6217.938,5719.61,2000,6225.421,5820.521,2000,6322.934,5714.122,2000,6241.561,5791.696,2000,6169.201,5871.967,2000,6240.479,5759.152,2000,6179.578,5728.658,2000,6300.587,5713.183,2000,6259.696,5751.389,2000,6318.533,5797.338,2000,6328.317
5842.721,2000,6310.338,5810.937,2000,6170.164,5870.499,2000,6264.707,5834.391,2000,6177.979,5861.619,2000,6287.947,5716.917,2000,6278.646,5773.884,2000,6172.722,5854.771,2000,6195.884,5774.069,2000,6327.119,5867.109,2000,6217.861,5719.487,2000,6225.253,5820.601,2000,6323.126,5713.943,2000,6241.454,5791.613,2000,6169.01,5872.175,2000,6240.464,5758.969,2000,6179.478,5728.5,2000,6300.724,5712.981,2000,6259.645,5751.324,2000,6318.731,5797.355,2000,6328.525
5842.856,2000,6310.497,5810.915,2000,6169.957,5870.701,2000,6264.755,5834.501,2000,6177.803,5861.797,2000,6288.054,5716.709,2000,6278.66,5773.75,2000,6172.563,5854.956,2000,6195.787,5774.024,2000,6327.323,5867.303,2000,6217.784,5719.364,2000,6225.085,5820.681,2000,6323.318,5713.764,2000,6241.347,5791.529,2000,6168.819,5872.382,2000,6240.448,5758.786,2000,6179.378,5728.342,2000,6300.86,5712.78,2000,6259.593,5751.258,2000,6318.929,5797.373,2000,6328.732
5842.991,2000,6310.656,5810.894,2000,6169.75,5870.904,2000,6264.804,5834.611,2000,6177.626,5861.976,2000,6288.161,5716.501,2000,6278.673,5773.615,2000,6172.404,5855.14,2000,6195.688,5773.979,2000,6327.526,5867.496,2000,6217.707,5719.241,2000,6224.917,5820.76,2000,6323.511,5713.585,2000,6241.24,5791.446,2000,6168.628,5872.59,2000,6240.432,5758.603,2000,6179.278,5728.185,2000,6300.996,5712.578,2000,6259.541,5751.193,2000,6319.126,5797.391,2000,6328.94
5843.125,2000,6310.815,5810.872,2000,6169.543,5871.106,2000,6264.852,5834.722,2000,6177.449,5862.155,2000,6288.268,5716.293,2000,6278.686,5773.48,2000,6172.245,5855.324,2000,6195.59,5773.935,2000,6327.73,5867.689,2000,6217.63,5719.119,2000,6224.748,5820.84,2000,6323.703,5713.407,2000,6241.133,5791.362,2000,6168.437,5872.797,2000,6240.416,5758.42,2000,6179.179,5728.027,2000,6301.132,5712.376,2000,6259.488,5751.127,2000,6319.324,5797.408,2000,6329.147
5843.26,2000,6310.974,5810.85,2000,6169.336,5871.309,2000,6264.9,5834.832,2000,6177.272,5862.333,2000,6288.375,5716.085,2000,6278.698,5773.346,2000,6172.086,5855.508,2000,6195.492,5773.89,2000,6327.934,5867.883,2000,6217.553,5718.997,2000,6224.579,5820.919,2000,6323.896,5713.228,2000,6241.026,5791.278,2000,6168.246,5873.005,2000,6240.399,5758.237,2000,6179.08,5727.869,2000,6301.269,5712.175,2000,6259.436,5751.062,2000,6319.522,5797.426,2000,6329.355
5843.395,2000,6311.133,5810.828,2000,6169.129,5871.512,2000,6264.949,5834.941,2000,6177.096,5862.512,2000,6288.481,5715.877,2000,6278.711,5773.211,2000,6171.927,5855.692,2000,6195.394,5773.845,2000,6328.137,5868.076,2000,6217.476,5718.869,2000,6224.415,5820.999,2000,6324.088,5713.049,2000,6240.918,5791.194,2000,6168.055,5873.212,2000,6240.383,5758.053,2000,6178.981,5727.711,2000,6301.405,5711.973,2000,6259.384,5750.99,2000,6319.717,5797.443,2000,6329.563
5843.53,2000,6311.292,5810.806,2000,6168.922,5871.714,2000,6264.997,5835.051,2000,6176.919,5862.691,2000,6288.588,5715.669,2000,6278.724,5773.076,2000,6171.769,5855.875,2000,6195.296,5773.8,2000,6328.341,5868.27,2000,6217.398,5718.736,2000,6224.254,5821.079,2000,6324.28,5712.871,2000,6240.811,5791.11,2000,6167.864,5873.42,2000,6240.367,5757.87,2000,6178.883,5727.554,2000,6301.541,5711.771,2000,6259.332,5750.911,2000,6319.91,5797.461,2000,6329.77
5843.665,2000,6311.451,5810.784,2000,6168.715,5871.917,2000,6265.045,5835.161,2000,6176.742,5862.87,2000,6288.695,5715.461,2000,6278.736,5772.941,2000,6171.61,5856.059,2000,6195.198,5773.754,2000,6328.544,5868.463,2000,6217.321,5718.598,2000,6224.098,5821.158,2000,6324.473,5712.692,2000,6240.704,5791.026,2000,6167.674,5873.627,2000,6240.351,5757.686,2000,6178.785,5727.396,2000,6301.677,5711.57,2000,6259.279,5750.827,2000,6320.101,5797.479,2000,6329.978
5843.799,2000,6311.609,5810.762,2000,6168.508,5872.12,2000,6265.094,5835.271,2000,6176.564,5863.048,2000,6288.802,5715.253,2000,6278.749,5772.806,2000,6171.451,5856.243,2000,6195.1,5773.709,2000,6328.748,5868.656,2000,6217.244,5718.458,2000,6223.944,5821.238,2000,6324.665,5712.514,2000,6240.596,5790.942,2000,6167.483,5873.835,2000,6240.335,5757.502,2000,6178.687,5727.238,2000,6301.813,5711.368,2000,6259.226,5750.736,2000,6320.288,5797.496,2000,6330.185
5843.934,2000,6311.768,5810.74,2000,6168.301,5872.322,2000,6265.142,5835.381,2000,6176.387,5863.227,2000,6288.909,5715.045,2000,6278.761,5772.671,2000,6171.292,5856.423,2000,6194.996,5773.664,2000,6328.952,5868.85,2000,6217.167,5718.317,2000,6223.79,5821.317,2000,6324.857,5712.336,2000,6240.488,5790.858,2000,6167.293,5874.042,2000,6240.319,5757.321,2000,6178.583,5727.081,2000,6301.948,5711.167,2000,6259.173,5750.639,2000,6320.473,5797.514,2000,6330.393
5844.069,2000,6311.927,5810.718,2000,6168.094,5872.525,2000,6265.19,5835.491,2000,6176.21,5863.406,2000,6289.016,5714.837,2000,6278.773,5772.536,2000,6171.134,5856.6,2000,6194.886,5773.618,2000,6329.155,5869.043,2000,6217.089,5718.177,2000,6223.636,5821.397,2000,6325.05,5712.158,2000,6240.38,5790.774,2000,6167.103,5874.25,2000,6240.303,5757.144,2000,6178.473,5726.923,2000,6302.084,5710.965,2000,6259.121,5750.536,2000,6320.654,5797.531,2000,6330.6
5844.204,2000,6312.085,5810.695,2000,6167.887,5872.728,2000,6265.239,5835.6,2000,6176.033,5863.584,2000,6289.123,5714.629,2000,6278.786,5772.4,2000,6170.976,5856.773,2000,6194.77,5773.573,2000,6329.358,5869.236,2000,6217.012,5718.037,2000,6223.481,5821.477,2000,6325.242,5711.979,2000,6240.272,5790.689,2000,6166.912,5874.458,2000,6240.287,5756.971,2000,6178.357,5726.765,2000,6302.22,5710.763,2000,6259.068,5750.431,2000,6320.834,5797.549,2000,6330.808
5844.338,2000,6312.244,5810.673,2000,6167.68,5872.93,2000,6265.287,5835.709,2000,6175.855,5863.763,2000,6289.23,5714.421,2000,6278.798,5772.265,2000,6170.817,5856.943,2000,6194.649,5773.527,2000,6329.561,5869.43,2000,6216.934,5717.897,2000,6223.327,5821.563,2000,6325.432,5711.801,2000,6240.164,5790.605,2000,6166.722,5874.666,2000,6240.277,5756.8,2000,6178.238,5726.606,2000,6302.355,5710.562,2000,6259.015,5750.327,2000,6321.014,5797.566,2000,6331.015
5844.473,2000,6312.403,5810.65,2000,6167.473,5873.133,2000,6265.335,5835.819,2000,6175.678,5863.942,2000,6289.337,5714.213,2000,6278.81,5772.129,2000,6170.659,5857.108,2000,6194.522,5773.482,2000,6329.764,5869.623,2000,6216.856,5717.758,2000,6223.172,5821.655,2000,6325.619,5711.623,2000,6240.055,5790.521,2000,6166.531,5874.874,2000,6240.275,5756.629,2000,6178.119,5726.448,2000,6302.491,5710.36,2000,6258.961,5750.222,2000,6321.194,5797.584,2000,6331.223
5844.608,2000,6312.562,5810.628,2000,6167.266,5873.334,2000,6265.39,5835.928,2000,6175.501,5864.121,2000,6289.444,5714.005,2000,6278.821,5771.994,2000,6170.501,5857.27,2000,6194.39,5773.437,2000,6329.967,5869.816,2000,6216.779,5717.618,2000,6223.018,5821.753,2000,6325.803,5711.445,2000,6239.947,5790.436,2000,6166.341,5875.083,2000,6240.279,5756.458,2000,6178,5726.29,2000,6302.627,5710.159,2000,6258.908,5750.118,2000,6321.375,5797.608,2000,6331.43
5844.743,2000,6312.72,5810.605,2000,6167.059,5873.533,2000,6265.452,5836.038,2000,6175.324,5864.299,2000,6289.551,5713.797,2000,6278.833,5771.858,2000,6170.343,5857.43,2000,6194.256,5773.391,2000,6330.17,5870.01,2000,6216.701,5717.479,2000,6222.863,5821.857,2000,6325.983,5711.268,2000,6239.838,5790.352,2000,6166.15,5875.291,2000,6240.291,5756.287,2000,6177.881,5726.132,2000,6302.763,5709.958,2000,6258.855,5750.013,2000,6321.555,5797.639,2000,6331.636
5844.877,2000,6312.879,5810.582,2000,6166.852,5873.73,2000,6265.52,5836.147,2000,6175.146,5864.478,2000,6289.658,5713.589,2000,6278.845,5771.722,2000,6170.185,5857.59,2000,6194.123,5773.346,2000,6330.374,5870.203,2000,6216.624,5717.34,2000,6222.708,5821.967,2000,6326.16,5711.09,2000,6239.73,5790.267,2000,6165.96,5875.498,2000,6240.309,5756.115,2000,6177.762,5725.974,2000,6302.898,5709.756,2000,6258.801,5749.909,2000,6321.735,5797.677,2000,6331.841
5845.012,2000,6313.038,5810.559,2000,6166.645,5873.925,2000,6265.594,5836.256,2000,6174.969,5864.657,2000,6289.765,5713.381,2000,6278.856,5771.586,2000,6170.027,5857.75,2000,6193.99,5773.3,2000,6330.577,5870.396,2000,6216.546,5717.201,2000,6222.553,5822.083,2000,6326.333,5710.912,2000,6239.621,5790.182,2000,6165.77,5875.705,2000,6240.333,5755.944,2000,6177.644,5725.815,2000,6303.034,5709.555,2000,6258.748,5749.804,2000,6321.915,5797.721,2000,6332.044
5845.147,2000,6313.196,5810.536,2000,6166.438,5874.117,2000,6265.674,5836.366,2000,6174.792,5864.832,2000,6289.877,5713.173,2000,6278.868,5771.45,2000,6169.869,5857.91,2000,6193.856,5773.261,2000,6330.781,5870.59,2000,6216.468,5717.062,2000,6222.397,5822.204,2000,6326.503,5710.734,2000,6239.512,5790.097,2000,6165.579,5875.911,2000,6240.365,5755.772,2000,6177.526,5725.657,2000,6303.169,5709.354,2000,6258.694,5749.7,2000,6322.095,5797.772,2000,6332.247
5845.287,2000,6313.351,5810.513,2000,6166.23,5874.306,2000,6265.761,5836.475,2000,6174.615,5865.003,2000,6289.996,5712.965,2000,6278.886,5771.314,2000,6169.711,5858.07,2000,6193.723,5773.229,2000,6330.987,5870.786,2000,6216.397,5716.923,2000,6222.242,5822.331,2000,6326.668,5710.557,2000,6239.403,5790.012,2000,6165.389,5876.116,2000,6240.403,5755.601,2000,6177.408,5725.499,2000,6303.305,5709.153,2000,6258.64,5749.595,2000,6322.275,5797.816,2000,6332.45
5845.432,2000,6313.5,5810.49,2000,6166.023,5874.493,2000,6265.854,5836.584,2000,6174.438,5865.171,2000,6290.12,5712.758,2000,6278.911,5771.178,2000,6169.554,5858.23,2000,6193.59,5773.204,2000,6331.194,5870.983,2000,6216.332,5716.785,2000,6222.086,5822.463,2000,6326.83,5710.379,2000,6239.294,5789.927,2000,6165.199,5876.319,2000,6240.448,5755.429,2000,6177.29,5725.341,2000,6303.44,5708.952,2000,6258.586,5749.491,2000,6322.456,5797.854,2000,6332.655
5845.581,2000,6313.646,5810.467,2000,6165.816,5874.676,2000,6265.953,5836.694,2000,6174.26,5865.334,2000,6290.25,5712.552,2000,6278.942,5771.042,2000,6169.396,5858.391,2000,6193.457,5773.185,2000,6331.401,5871.184,2000,6216.274,5716.646,2000,6221.931,5822.6,2000,6326.986,5710.202,2000,6239.185,5789.841,2000,6165.009,5876.521,2000,6240.5,5755.257,2000,6177.172,5725.183,2000,6303.575,5708.75,2000,6258.532,5749.386,2000,6322.636,5797.885,2000,6332.861
5845.735,2000,6313.786,5810.444,2000,6165.609,5874.856,2000,6266.058,5836.803,2000,6174.083,5865.493,2000,6290.384,5712.348,2000,6278.981,5770.905,2000,6169.239,5858.551,2000,6193.323,5773.173,2000,6331.609,5871.385,2000,6216.222,5716.508,2000,6221.775,5822.732,2000,6327.147,5710.025,2000,6239.076,5789.756,2000,6164.819,5876.723,2000,6240.551,5755.085,2000,6177.055,5725.029,2000,6303.716,5708.549,2000,6258.478,5749.282,2000,6322.816,5797.909,2000,6333.068
5845.894,2000,6313.92,5810.427,2000,6165.402,5875.032,2000,6266.169,5836.913,2000,6173.906,5865.647,2000,6290.524,5712.144,2000,6279.026,5770.769,2000,6169.082,5858.711,2000,6193.19,5773.168,2000,6331.818,5871.589,2000,6216.177,5716.37,2000,6221.619,5822.859,2000,6327.313,5709.848,2000,6238.966,5789.67,2000,6164.629,5876.926,2000,6240.596,5754.913,2000,6176.938,5724.88,2000,6303.861,5708.348,2000,6258.424,5749.177,2000,6322.996,5797.928,2000,6333.276
5846.057,2000,6314.05,5810.417,2000,6165.194,5875.208,2000,6266.281,5837.021,2000,6173.729,5865.797,2000,6290.669,5711.942,2000,6279.078,5770.632,2000,6168.924,5858.871,2000,6193.057,5773.17,2000,6332.026,5871.793,2000,6216.139,5716.231,2000,6221.463,5822.98,2000,6327.482,5709.67,2000,6238.857,5789.585,2000,6164.439,5877.131,2000,6240.634,5754.741,2000,6176.82,5724.736,2000,6304.012,5708.147,2000,6258.37,5749.073,2000,6323.176,5797.946,2000,6333.483
5846.225,2000,6314.174,5810.415,2000,6164.985,5875.388,2000,6266.387,5837.136,2000,6173.555,5865.942,2000,6290.819,5711.742,2000,6279.136,5770.495,2000,6168.767,5859.031,2000,6192.923,5773.179,2000,6332.234,5872,2000,6216.107,5716.094,2000,6221.307,5823.096,2000,6327.656,5709.493,2000,6238.747,5789.5,2000,6164.25,5877.337,2000,6240.666,5754.568,2000,6176.703,5724.597,2000,6304.167,5707.946,2000,6258.315,5748.968,2000,6323.356,5797.965,2000,6333.691
5846.396,2000,6314.292,5810.418,2000,6164.777,5875.57,2000,6266.486,5837.257,2000,6173.385,5866.082,2000,6290.974,5711.544,2000,6279.201,5770.358,2000,6168.61,5859.191,2000,6192.79,5773.195,2000,6332.442,5872.207,2000,6216.082,5715.956,2000,6221.15,5823.206,2000,6327.833,5709.316,2000,6238.637,5789.414,2000,6164.06,5877.544,2000,6240.691,5754.396,2000,6176.586,5724.462,2000,6304.326,5707.745,2000,6258.261,5748.864,2000,6323.537,5797.983,2000,6333.898
5846.571,2000,6314.405,5810.429,2000,6164.569,5875.756,2000,6266.58,5837.383,2000,6173.219,5866.217,2000,6291.132,5711.349,2000,6279.272,5770.221,2000,6168.453,5859.352,2000,6192.657,5773.216,2000,6332.649,5872.414,2000,6216.064,5715.818,2000,6220.994,5823.31,2000,6328.013,5709.139,2000,6238.527,5789.328,2000,6163.87,5877.751,2000,6240.709,5754.224,2000,6176.47,5724.333,2000,6304.49,5707.543,2000,6258.207,5748.759,2000,6323.717,5798.002,2000,6334.106
5846.75,2000,6314.513,5810.447,2000,6164.361,5875.945,2000,6266.668,5837.514,2000,6173.057,5866.352,2000,6291.292,5711.155,2000,6279.349,5770.084,2000,6168.296,5859.512,2000,6192.523,5773.238,2000,6332.856,5872.622,2000,6216.051,5715.681,2000,6220.837,5823.408,2000,6328.197,5708.961,2000,6238.417,5789.242,2000,6163.68,5877.959,2000,6240.72,5754.051,2000,6176.353,5724.21,2000,6304.658,5707.342,2000,6258.152,5748.654,2000,6323.897,5798.021,2000,6334.313
5846.928,2000,6314.62,5810.471,2000,6164.154,5876.137,2000,6266.75,5837.651,2000,6172.9,5866.486,2000,6291.451,5710.961,2000,6279.426,5769.947,2000,6168.14,5859.672,2000,6192.39,5773.259,2000,6333.063,5872.83,2000,6216.039,5715.543,2000,6220.681,5823.5,2000,6328.384,5708.785,2000,6238.308,5789.156,2000,6163.49,5878.168,2000,6240.725,5753.878,2000,6176.236,5724.092,2000,6304.83,5707.141,2000,6258.098,5748.549,2000,6324.077,5798.039,2000,6334.521
5847.107,2000,6314.727,5810.502,2000,6163.948,5876.332,2000,6266.825,5837.792,2000,6172.747,5866.62,2000,6291.61,5710.767,2000,6279.502,5769.81,2000,6167.983,5859.832,2000,6192.257,5773.281,2000,6333.27,5873.038,2000,6216.026,5715.406,2000,6220.524,5823.586,2000,6328.574,5708.608,2000,6238.198,5789.07,2000,6163.3,5878.376,2000,6240.722,5753.705,2000,6176.12,5723.98,2000,6305.005,5706.94,2000,6258.043,5748.444,2000,6324.257,5798.058,2000,6334.729
5847.286,2000,6314.833,5810.54,2000,6163.743,5876.528,2000,6266.894,5837.939,2000,6172.599,5866.754,2000,6291.769,5710.573,2000,6279.579,5769.672,2000,6167.826,5859.992,2000,6192.124,5773.295,2000,6333.478,5873.246,2000,6216.014,5715.269,2000,6220.367,5823.667,2000,6328.766,5708.431,2000,6238.087,5788.984,2000,6163.11,5878.584,2000,6240.713,5753.532,2000,6176.004,5723.869,2000,6305.182,5706.737,2000,6257.995,5748.339,2000,6324.438,5798.076,2000,6334.936
5847.464,2000,6314.94,5810.584,2000,6163.54,5876.727,2000,6266.956,5838.09,2000,6172.456,5866.889,2000,6291.928,5710.379,2000,6279.656,5769.535,2000,6167.669,5860.152,2000,6191.99,5773.303,2000,6333.686,5873.454,2000,6216.002,5715.132,2000,6220.21,5823.749,2000,6328.958,5708.254,2000,6237.977,5788.898,2000,6162.92,5878.792,2000,6240.699,5753.359,2000,6175.888,5723.758,2000,6305.358,5706.533,2000,6257.954,5748.234,2000,6324.618,5798.095,2000,6335.144
5847.643,2000,6315.047,5810.63,2000,6163.336,5876.928,2000,6267.011,5838.246,2000,6172.318,5867.028,2000,6292.083,5710.186,2000,6279.732,5769.397,2000,6167.513,5860.317,2000,6191.862,5773.304,2000,6333.895,5873.662,2000,6215.99,5714.995,2000,6220.054,5823.83,2000,6329.149,5708.078,2000,6237.867,5788.812,2000,6162.73,5879,2000,6240.685,5753.187,2000,6175.771,5723.647,2000,6305.534,5706.328,2000,6257.919,5748.129,2000,6324.798,5798.113,2000,6335.351
5847.822,2000,6315.153,5810.675,2000,6163.133,5877.13,2000,6267.061,5838.403,2000,6172.181,5867.172,2000,6292.233,5709.992,2000,6279.808,5769.26,2000,6167.356,5860.485,2000,6191.74,5773.298,2000,6334.103,5873.87,2000,6215.971,5714.858,2000,6219.896,5823.911,2000,6329.341,5707.901,2000,6237.756,5788.732,2000,6162.538,5879.208,2000,6240.67,5753.013,2000,6175.656,5723.537,2000,6305.71,5706.121,2000,6257.891,5748.024,2000,6324.978,5798.132,2000,6335.559
5847.998,2000,6315.266,5810.721,2000,6162.93,5877.332,2000,6267.111,5838.561,2000,6172.044,5867.321,2000,6292.379,5709.798,2000,6279.884,5769.122,2000,6167.2,5860.658,2000,6191.623,5773.286,2000,6334.311,5874.076,2000,6215.945,5714.721,2000,6219.739,5823.992,2000,6329.533,5707.724,2000,6237.646,5788.659,2000,6162.343,5879.417,2000,6240.656,5752.84,2000,6175.54,5723.426,2000,6305.887,5705.914,2000,6257.87,5747.925,2000,6325.161,5798.15,2000,6335.766
5848.169,2000,6315.384,5810.766,2000,6162.727,5877.534,2000,6267.161,5838.718,2000,6171.908,5867.475,2000,6292.52,5709.604,2000,6279.96,5768.984,2000,6167.044,5860.834,2000,6191.511,5773.267,2000,6334.519,5874.282,2000,6215.913,5714.584,2000,6219.582,5824.073,2000,6329.725,5707.547,2000,6237.536,5788.592,2000,6162.146,5879.625,2000,6240.642,5752.667,2000,6175.424,5723.315,2000,6306.063,5705.706,2000,6257.856,5747.832,2000,6325.348,5798.169,2000,6335.974
5848.337,2000,6315.507,5810.812,2000,6162.524,5877.736,2000,6267.21,5838.875,2000,6171.771,5867.633,2000,6292.655,5709.41,2000,6280.037,5768.847,2000,6166.888,5861.014,2000,6191.406,5773.241,2000,6334.725,5874.486,2000,6215.874,5714.448,2000,6219.425,5824.154,2000,6329.917,5707.371,2000,6237.425,5788.532,2000,6161.946,5879.833,2000,6240.628,5752.493,2000,6175.309,5723.204,2000,6306.239,5705.498,2000,6257.849,5747.745,2000,6325.537,5798.188,2000,6336.181
5848.5,2000,6315.636,5810.857,2000,6162.321,5877.938,2000,6267.26,5839.032,2000,6171.635,5867.795,2000,6292.785,5709.216,2000,6280.113,5768.709,2000,6166.731,5861.197,2000,6191.306,5773.208,2000,6334.931,5874.689,2000,6215.828,5714.312,2000,6219.268,5824.235,2000,6330.109,5707.194,2000,6237.314,5788.478,2000,6161.745,5880.041,2000,6240.614,5752.32,2000,6175.193,5723.093,2000,6306.416,5705.29,2000,6257.848,5747.665,2000,6325.729,5798.207,2000,6336.389
5848.66,2000,6315.771,5810.902,2000,6162.118,5878.141,2000,6267.31,5839.189,2000,6171.499,5867.962,2000,6292.91,5709.022,2000,6280.189,5768.571,2000,6166.575,5861.383,2000,6191.213,5773.168,2000,6335.135,5874.891,2000,6215.775,5714.175,2000,6219.11,5824.316,2000,6330.301,5707.018,2000,6237.204,5788.43,2000,6161.542,5880.249,2000,6240.6,5752.146,2000,6175.078,5722.982,2000,6306.592,5705.082,2000,6257.854,5747.59,2000,6325.924,5798.226,2000,6336.596
5848.814,2000,6315.91,5810.948,2000,6161.915,5878.343,2000,6267.36,5839.347,2000,6171.362,5868.133,2000,6293.029,5708.829,2000,6280.265,5768.434,2000,6166.419,5861.572,2000,6191.125,5773.123,2000,6335.339,5875.091,2000,6215.716,5714.039,2000,6218.952,5824.397,2000,6330.493,5706.842,2000,6237.093,5788.39,2000,6161.338,5880.457,2000,6240.585,5751.973,2000,6174.963,5722.872,2000,6306.769,5704.874,2000,6257.861,5747.522,2000,6326.121,5798.245,2000,6336.804
5848.964,2000,6316.055,5810.993,2000,6161.711,5878.545,2000,6267.41,5839.505,2000,6171.226,5868.308,2000,6293.143,5708.635,2000,6280.341,5768.295,2000,6166.263,5861.764,2000,6191.044,5773.078,2000,6335.542,5875.289,2000,6215.651,5713.903,2000,6218.794,5824.478,2000,6330.685,5706.666,2000,6236.982,5788.355,2000,6161.133,5880.665,2000,6240.571,5751.799,2000,6174.848,5722.761,2000,6306.945,5704.666,2000,6257.868,5747.461,2000,6326.32,5798.264,2000,6337.011
5849.11,2000,6316.204,5811.038,2000,6161.508,5878.747,2000,6267.459,5839.663,2000,6171.09,5868.486,2000,6293.251,5708.441,2000,6280.417,5768.157,2000,6166.106,5861.957,2000,6190.967,5773.032,2000,6335.746,5875.484,2000,6215.579,5713.767,2000,6218.637,5824.559,2000,6330.876,5706.489,2000,6236.871,5788.328,2000,6160.926,5880.873,2000,6240.557,5751.625,2000,6174.733,5722.651,2000,6307.122,5704.458,2000,6257.875,5747.407,2000,6326.521,5798.283,2000,6337.219
5849.25,2000,6316.358,5811.083,2000,6161.304,5878.949,2000,6267.509,5839.82,2000,6170.954,5868.664,2000,6293.36,5708.247,2000,6280.494,5768.019,2000,6165.95,5862.15,2000,6190.889,5772.987,2000,6335.95,5875.677,2000,6215.502,5713.631,2000,6218.479,5824.64,2000,6331.068,5706.313,2000,6236.76,5788.304,2000,6160.719,5881.081,2000,6240.543,5751.451,2000,6174.618,5722.541,2000,6307.299,5704.25,2000,6257.883,5747.358,2000,6326.724,5798.302,2000,6337.426
5849.386,2000,6316.516,5811.128,2000,6161.101,5879.151,2000,6267.559,5839.978,2000,6170.817,5868.841,2000,6293.468,5708.053,2000,6280.57,5767.881,2000,6165.794,5862.344,2000,6190.812,5772.941,2000,6336.153,5875.871,2000,6215.425,5713.495,2000,6218.321,5824.721,2000,6331.26,5706.137,2000,6236.649,5788.28,2000,6160.512,5881.289,2000,6240.529,5751.277,2000,6174.503,5722.43,2000,6307.476,5704.042,2000,6257.89,5747.315,2000,6326.928,5798.321,2000,6337.634
5849.521,2000,6316.674,5811.173,2000,6160.897,5879.354,2000,6267.609,5840.136,2000,6170.681,5869.019,2000,6293.577,5707.859,2000,6280.646,5767.743,2000,6165.638,5862.537,2000,6190.734,5772.896,2000,6336.357,5876.064,2000,6215.348,5713.359,2000,6218.163,5824.802,2000,6331.452,5705.96,2000,6236.539,5788.256,2000,6160.305,5881.497,2000,6240.515,5751.104,2000,6174.389,5722.32,2000,6307.652,5703.833,2000,6257.897,5747.271,2000,6327.131,5798.34,2000,6337.841
5849.657,2000,6316.833,5811.218,2000,6160.693,5879.556,2000,6267.659,5840.293,2000,6170.545,5869.197,2000,6293.685,5707.666,2000,6280.722,5767.604,2000,6165.482,5862.73,2000,6190.656,5772.851,2000,6336.561,5876.257,2000,6215.271,5713.224,2000,6218.005,5824.883,2000,6331.644,5705.784,2000,6236.427,5788.232,2000,6160.098,5881.705,2000,6240.5,5750.93,2000,6174.274,5722.209,2000,6307.829,5703.625,2000,6257.905,5747.229,2000,6327.335,5798.359,2000,6338.049
5849.793,2000,6316.991,5811.263,2000,6160.49,5879.758,2000,6267.708,5840.451,2000,6170.409,5869.375,2000,6293.793,5707.472,2000,6280.798,5767.466,2000,6165.326,5862.924,2000,6190.579,5772.806,2000,6336.764,5876.451,2000,6215.193,5713.088,2000,6217.847,5824.964,2000,6331.836,5705.608,2000,6236.316,5788.208,2000,6159.891,5881.913,2000,6240.486,5750.755,2000,6174.16,5722.099,2000,6308.006,5703.417,2000,6257.913,5747.186,2000,6327.539,5798.378,2000,6338.256
5849.929,2000,6317.149,5811.308,2000,6160.286,5879.96,2000,6267.758,5840.609,2000,6170.273,5869.552,2000,6293.902,5707.278,2000,6280.875,5767.328,2000,6165.17,5863.117,2000,6190.501,5772.761,2000,6336.968,5876.644,2000,6215.116,5712.952,2000,6217.688,5825.045,2000,6332.028,5705.428,2000,6236.21,5788.185,2000,6159.684,5882.121,2000,6240.472,5750.581,2000,6174.046,5721.989,2000,6308.183,5703.209,2000,6257.92,5747.136,2000,6327.741,5798.397,2000,6338.464
5850.064,2000,6317.307,5811.353,2000,6160.083,5880.162,2000,6267.808,5840.767,2000,6170.137,5869.73,2000,6294.01,5707.084,2000,6280.951,5767.19,2000,6165.015,5863.311,2000,6190.424,5772.716,2000,6337.171,5876.837,2000,6215.039,5712.817,2000,6217.53,5825.126,2000,6332.22,5705.245,2000,6236.111,5788.161,2000,6159.477,5882.329,2000,6240.458,5750.407,2000,6173.932,5721.878,2000,6308.359,5703.001,2000,6257.928,5747.08,2000,6327.941,5798.416,2000,6338.671
5850.2,2000,6317.465,5811.397,2000,6159.879,5880.364,2000,6267.858,5840.924,2000,6170.001,5869.908,2000,6294.119,5706.89,2000,6281.027,5767.052,2000,6164.859,5863.504,2000,6190.347,5772.671,2000,6337.375,5877.031,2000,6214.962,5712.682,2000,6217.372,5825.208,2000,6332.412,5705.059,2000,6236.018,5788.137,2000,6159.27,5882.537,2000,6240.444,5750.232,2000,6173.817,5721.768,2000,6308.536,5702.793,2000,6257.936,5747.017,2000,6328.14,5798.435,2000,6338.879
5850.336,2000,6317.624,5811.442,2000,6159.675,5880.566,2000,6267.908,5841.082,2000,6169.866,5870.085,2000,6294.227,5706.696,2000,6281.103,5766.914,2000,6164.703,5863.697,2000,6190.27,5772.626,2000,6337.579,5877.224,2000,6214.885,5712.546,2000,6217.213,5825.289,2000,6332.604,5704.87,2000,6235.931,5788.113,2000,6159.063,5882.745,2000,6240.43,5750.058,2000,6173.704,5721.658,2000,6308.713,5702.585,2000,6257.944,5746.947,2000,6328.336,5798.454,2000,6339.086
5850.472,2000,6317.782,5811.487,2000,6159.472,5880.769,2000,6267.958,5841.24,2000,6169.73,5870.263,2000,6294.335,5706.502,2000,6281.179,5766.78,2000,6164.543,5863.888,2000,6190.186,5772.581,2000,6337.782,5877.417,2000,6214.808,5712.411,2000,6217.055,5825.37,2000,6332.795,5704.678,2000,6235.85,5788.089,2000,6158.856,5882.953,2000,6240.416,5749.884,2000,6173.59,5721.547,2000,6308.89,5702.377,2000,6257.952,5746.872,2000,6328.531,5798.473,2000,6339.294
5850.607,2000,6317.94,5811.532,2000,6159.268,5880.971,2000,6268.007,5841.398,2000,6169.594,5870.441,2000,6294.444,5706.309,2000,6281.255,5766.652,2000,6164.378,5864.076,2000,6190.096,5772.536,2000,6337.986,5877.611,2000,6214.73,5712.276,2000,6216.896,5825.451,2000,6332.987,5704.483,2000,6235.775,5788.065,2000,6158.649,5883.161,2000,6240.401,5749.709,2000,6173.476,5721.438,2000,6309.066,5702.169,2000,6257.959,5746.79,2000,6328.722,5798.492,2000,6339.501
5850.743,2000,6318.098,5811.577,2000,6159.064,5881.173,2000,6268.057,5841.557,2000,6169.458,5870.619,2000,6294.552,5706.115,2000,6281.331,5766.53,2000,6164.21,5864.261,2000,6190,5772.491,2000,6338.189,5877.804,2000,6214.653,5712.141,2000,6216.737,5825.532,2000,6333.179,5704.287,2000,6235.707,5788.041,2000,6158.442,5883.369,2000,6240.387,5749.535,2000,6173.362,5721.328,2000,6309.243,5701.961,2000,6257.967,5746.701,2000,6328.911,5798.511,2000,6339.709
5850.879,2000,6318.256,5811.622,2000,6158.861,5881.375,2000,6268.107,5841.715,2000,6169.323,5870.796,2000,6294.661,5705.921,2000,6281.406,5766.413,2000,6164.038,5864.443,2000,6189.898,5772.446,2000,6338.393,5877.998,2000,6214.576,5712.006,2000,6216.579,5825.613,2000,6333.371,5704.087,2000,6235.646,5788.017,2000,6158.235,5883.577,2000,6240.373,5749.36,2000,6173.249,5721.218,2000,6309.42,5701.753,2000,6257.975,5746.607,2000,6329.097,5798.53,2000,6339.917
5851.015,2000,6318.415,5811.667,2000,6158.657,5881.577,2000,6268.157,5841.873,2000,6169.187,5870.974,2000,6294.769,5705.727,2000,6281.482,5766.302,2000,6163.861,5864.621,2000,6189.791,5772.401,2000,6338.597,5878.191,2000,6214.499,5711.872,2000,6216.42,5825.694,2000,6333.563,5703.887,2000,6235.59,5787.993,2000,6158.028,5883.785,2000,6240.359,5749.185,2000,6173.136,5721.108,2000,6309.597,5701.545,2000,6257.983,5746.506,2000,6329.279,5798.549,2000,6340.124
5851.224,2000,6318.659,5811.736,2000,6158.343,5881.89,2000,6268.234,5842.117,2000,6168.978,5871.249,2000,6294.937,5705.427,2000,6281.599,5766.139,2000,6163.583,5864.891,2000,6189.615,5772.332,2000,6338.911,5878.49,2000,6214.38,5711.664,2000,6216.174,5825.819,2000,6333.859,5703.576,2000,6235.507,5787.957,2000,6157.708,5884.106,2000,6240.337,5748.915,2000,6172.961,5720.938,2000,6309.871,5701.224,2000,6257.995,5746.344,2000,6329.557,5798.579,2000,6340.444
5851.36,2000,6318.817,5811.781,2000,6158.139,5882.092,2000,6268.284,5842.275,2000,6168.842,5871.427,2000,6295.045,5705.233,2000,6281.675,5766.04,2000,6163.4,5865.062,2000,6189.496,5772.287,2000,6339.114,5878.683,2000,6214.303,5711.529,2000,6216.015,5825.901,2000,6334.051,5703.375,2000,6235.453,5787.933,2000,6157.501,5884.314,2000,6240.324,5748.74,2000,6172.848,5720.829,2000,6310.048,5701.016,2000,6258.003,5746.239,2000,6329.737,5798.598,2000,6340.652
5851.639,2000,6319.142,5811.874,2000,6157.721,5882.508,2000,6268.387,5842.601,2000,6168.563,5871.793,2000,6295.268,5704.834,2000,6281.831,5765.848,2000,6163.017,5865.405,2000,6189.24,5772.194,2000,6339.533,5879.082,2000,6214.145,5711.253,2000,6215.688,5826.068,2000,6334.446,5702.961,2000,6235.342,5787.884,2000,6157.075,5884.742,2000,6240.295,5748.38,2000,6172.615,5720.603,2000,6310.413,5700.587,2000,6258.019,5746.023,2000,6330.107,5798.637,2000,6341.079
5851.775,2000,6319.3,5811.918,2000,6157.517,5882.71,2000,6268.437,5842.759,2000,6168.428,5871.971,2000,6295.376,5704.64,2000,6281.906,5765.761,2000,6162.828,5865.568,2000,6189.11,5772.149,2000,6339.736,5879.275,2000,6214.067,5711.119,2000,6215.528,5826.15,2000,6334.638,5702.76,2000,6235.288,5787.86,2000,6156.868,5884.95,2000,6240.282,5748.205,2000,6172.502,5720.494,2000,6310.59,5700.379,2000,6258.027,5745.918,2000,6330.288,5798.656,2000,6341.286
5852.037,2000,6319.605,5812.005,2000,6157.125,5883.1,2000,6268.533,5843.065,2000,6168.167,5872.313,2000,6295.585,5704.266,2000,6282.052,5765.602,2000,6162.459,5865.877,2000,6188.854,5772.062,2000,6340.128,5879.648,2000,6213.919,5710.86,2000,6215.221,5826.307,2000,6335.007,5702.372,2000,6235.184,5787.815,2000,6156.469,5885.351,2000,6240.255,5747.867,2000,6172.285,5720.283,2000,6310.932,5699.978,2000,6258.042,5745.716,2000,6330.634,5798.693,2000,6341.686
5852.172,2000,6319.763,5812.05,2000,6156.921,5883.302,2000,6268.583,5843.224,2000,6168.032,5872.491,2000,6295.694,5704.072,2000,6282.128,5765.52,2000,6162.268,5866.037,2000,6188.721,5772.017,2000,6340.332,5879.841,2000,6213.842,5710.726,2000,6215.062,5826.388,2000,6335.199,5702.171,2000,6235.13,5787.792,2000,6156.262,5885.559,2000,6240.242,5747.691,2000,6172.173,5720.173,2000,6311.109,5699.77,2000,6258.05,5745.611,2000,6330.814,5798.712,2000,6341.894
5852.589,2000,6320.249,5812.188,2000,6156.297,5883.923,2000,6268.736,5843.71,2000,6167.618,5873.038,2000,6296.027,5703.477,2000,6282.361,5765.266,2000,6161.68,5866.529,2000,6188.312,5771.878,2000,6340.957,5880.436,2000,6213.605,5710.315,2000,6214.571,5826.638,2000,6335.788,5701.553,2000,6234.965,5787.719,2000,6155.626,5886.197,2000,6240.199,5747.153,2000,6171.828,5719.838,2000,6311.654,5699.131,2000,6258.075,5745.289,2000,6331.367,5798.771,2000,6342.53
5852.787,2000,6320.479,5812.252,2000,6156,5884.217,2000,6268.809,5843.942,2000,6167.421,5873.297,2000,6296.185,5703.194,2000,6282.471,5765.146,2000,6161.402,5866.763,2000,6188.118,5771.813,2000,6341.253,5880.717,2000,6213.493,5710.12,2000,6214.338,5826.756,2000,6336.067,5701.26,2000,6234.887,5787.685,2000,6155.325,5886.5,2000,6240.179,5746.897,2000,6171.665,5719.68,2000,6311.913,5698.828,2000,6258.086,5745.136,2000,6331.629,5798.799,2000,6342.833
5852.997,2000,6320.723,5812.322,2000,6155.686,5884.53,2000,6268.886,5844.188,2000,6167.213,5873.572,2000,6296.352,5702.894,2000,6282.588,5765.019,2000,6161.106,5867.01,2000,6187.913,5771.744,2000,6341.567,5881.017,2000,6213.375,5709.914,2000,6214.091,5826.882,2000,6336.364,5700.949,2000,6234.804,5787.648,2000,6155.005,5886.821,2000,6240.158,5746.625,2000,6171.492,5719.512,2000,6312.187,5698.506,2000,6258.099,5744.974,2000,6331.907,5798.829,2000,6343.153
5853.391,2000,6321.182,5812.452,2000,6155.095,5885.117,2000,6269.031,5844.649,2000,6166.823,5874.088,2000,6296.667,5702.331,2000,6282.808,5764.779,2000,6160.551,5867.476,2000,6187.526,5771.613,2000,6342.158,5881.579,2000,6213.151,5709.527,2000,6213.627,5827.118,2000,6336.92,5700.365,2000,6234.648,5787.58,2000,6154.404,5887.424,2000,6240.118,5746.115,2000,6171.167,5719.196,2000,6312.703,5697.901,2000,6258.123,5744.669,2000,6332.43,5798.885,2000,6343.755
5853.681,2000,6321.519,5812.547,2000,6154.661,5885.549,2000,6269.138,5844.989,2000,6166.536,5874.468,2000,6296.898,5701.916,2000,6282.97,5764.603,2000,6160.143,5867.818,2000,6187.242,5771.517,2000,6342.592,5881.992,2000,6212.987,5709.243,2000,6213.285,5827.292,2000,6337.33,5699.935,2000,6234.533,5787.53,2000,6153.962,5887.868,2000,6240.089,5745.739,2000,6170.93,5718.964,2000,6313.083,5697.457,2000,6258.14,5744.445,2000,6332.814,5798.927,2000,6344.198
5854.026,2000,6321.921,5812.66,2000,6154.144,5886.063,2000,6269.265,5845.394,2000,6166.194,5874.92,2000,6297.174,5701.423,2000,6283.162,5764.393,2000,6159.656,5868.226,2000,6186.904,5771.402,2000,6343.109,5882.484,2000,6212.791,5708.891,2000,6212.889,5827.498,2000,6337.818,5699.423,2000,6234.397,5787.47,2000,6153.436,5888.396,2000,6240.054,5745.292,2000,6170.647,5718.673,2000,6313.525,5696.928,2000,6258.161,5744.179,2000,6333.271,5798.976,2000,6344.725
5854.299,2000,6322.239,5812.75,2000,6153.734,5886.47,2000,6269.365,5845.705,2000,6165.914,5875.278,2000,6297.392,5701.032,2000,6283.314,5764.227,2000,6159.271,5868.548,2000,6186.637,5771.311,2000,6343.519,5882.874,2000,6212.636,5708.603,2000,6212.584,5827.662,2000,6338.204,5699.018,2000,6234.289,5787.423,2000,6153.02,5888.815,2000,6240.027,5744.944,2000,6170.412,5718.432,2000,6313.868,5696.509,2000,6258.178,5743.967,2000,6333.634,5799.015,2000,6345.143
5854.623,2000,6322.616,5812.856,2000,6153.249,5886.953,2000,6269.484,5846.063,2000,6165.569,5875.703,2000,6297.651,5700.569,2000,6283.495,5764.031,2000,6158.814,5868.931,2000,6186.319,5771.204,2000,6344.004,5883.336,2000,6212.453,5708.249,2000,6212.235,5827.855,2000,6338.662,5698.538,2000,6234.161,5787.368,2000,6152.526,5889.311,2000,6239.994,5744.524,2000,6170.146,5718.132,2000,6314.265,5696.012,2000,6258.181,5743.717,2000,6334.063,5799.062,2000,6345.637
5854.907,2000,6322.947,5812.95,2000,6152.822,5887.376,2000,6269.589,5846.367,2000,6165.256,5876.075,2000,6297.878,5700.163,2000,6283.653,5763.858,2000,6158.414,5869.267,2000,6186.041,5771.109,2000,6344.43,5883.741,2000,6212.292,5707.929,2000,6211.939,5828.026,2000,6339.063,5698.116,2000,6234.049,5787.319,2000,6152.092,5889.747,2000,6239.966,5744.147,2000,6169.926,5717.858,2000,6314.604,5695.576,2000,6258.17,5743.497,2000,6334.439,5799.103,2000,6346.071
5855.183,2000,6323.268,5813.04,2000,6152.409,5887.787,2000,6269.69,5846.652,2000,6164.944,5876.437,2000,6298.098,5699.769,2000,6283.806,5763.679,2000,6158.031,5869.592,2000,6185.771,5771.018,2000,6344.843,5884.134,2000,6212.135,5707.609,2000,6211.662,5828.191,2000,6339.453,5697.711,2000,6233.927,5787.271,2000,6151.672,5890.169,2000,6239.938,5743.776,2000,6169.724,5717.582,2000,6314.924,5695.153,2000,6258.145,5743.283,2000,6334.805,5799.142,2000,6346.493
5855.371,2000,6323.487,5813.102,2000,6152.127,5888.066,2000,6269.76,5846.839,2000,6164.725,5876.683,2000,6298.248,5699.5,2000,6283.911,5763.548,2000,6157.774,5869.814,2000,6185.586,5770.956,2000,6345.125,5884.402,2000,6212.029,5707.385,2000,6211.48,5828.303,2000,6339.718,5697.438,2000,6233.834,5787.239,2000,6151.386,5890.457,2000,6239.92,5743.519,2000,6169.594,5717.387,2000,6315.136,5694.866,2000,6258.119,5743.138,2000,6335.053,5799.169,2000,6346.779
5855.708,2000,6323.88,5813.212,2000,6151.621,5888.57,2000,6269.884,5847.163,2000,6164.319,5877.125,2000,6298.518,5699.017,2000,6284.099,5763.297,2000,6157.32,5870.213,2000,6185.255,5770.843,2000,6345.631,5884.884,2000,6211.837,5706.972,2000,6211.167,5828.506,2000,6340.196,5696.952,2000,6233.652,5787.181,2000,6150.87,5890.974,2000,6239.886,5743.047,2000,6169.377,5717.023,2000,6315.506,5694.352,2000,6258.054,5742.876,2000,6335.501,5799.217,2000,6347.296
5855.885,2000,6324.086,5813.27,2000,6151.356,5888.833,2000,6269.949,5847.325,2000,6164.103,5877.356,2000,6298.659,5698.764,2000,6284.197,5763.159,2000,6157.087,5870.422,2000,6185.083,5770.785,2000,6345.895,5885.135,2000,6211.737,5706.761,2000,6210.997,5828.611,2000,6340.445,5696.702,2000,6233.549,5787.142,2000,6150.602,5891.244,2000,6239.869,5742.798,2000,6169.271,5716.827,2000,6315.692,5694.084,2000,6258.012,5742.739,2000,6335.735,5799.243,2000,6347.565
5856.266,2000,6324.53,5813.395,2000,6150.785,5889.4,2000,6270.089,5847.659,2000,6163.623,5877.855,2000,6298.964,5698.219,2000,6284.409,5762.843,2000,6156.595,5870.872,2000,6184.709,5770.658,2000,6346.466,5885.679,2000,6211.521,5706.319,2000,6210.614,5828.84,2000,6340.983,5696.168,2000,6233.309,5787.039,2000,6150.026,5891.828,2000,6239.831,5742.252,2000,6169.062,5716.39,2000,6316.082,5693.51,2000,6257.901,5742.444,2000,6336.24,5799.297,2000,6348.147
5856.438,2000,6324.73,5813.45,2000,6150.527,5889.656,2000,6270.153,5847.802,2000,6163.401,5878.081,2000,6299.101,5697.974,2000,6284.504,5762.694,2000,6156.378,5871.075,2000,6184.541,5770.601,2000,6346.723,5885.924,2000,6211.424,5706.126,2000,6210.435,5828.943,2000,6341.226,5695.932,2000,6233.192,5786.983,2000,6149.769,5892.091,2000,6239.813,5742.003,2000,6168.975,5716.192,2000,6316.255,5693.252,2000,6257.843,5742.311,2000,6336.467,5799.322,2000,6348.41
5856.621,2000,6324.943,5813.51,2000,6150.252,5889.929,2000,6270.22,5847.952,2000,6163.163,5878.32,2000,6299.248,5697.711,2000,6284.606,5762.527,2000,6156.152,5871.292,2000,6184.361,5770.541,2000,6346.998,5886.185,2000,6211.32,5705.926,2000,6210.237,5829.053,2000,6341.485,5695.684,2000,6233.06,5786.916,2000,6149.496,5892.371,2000,6239.795,5741.734,2000,6168.892,5715.98,2000,6316.44,5692.98,2000,6257.772,5742.169,2000,6336.71,5799.349,2000,6348.69
5857.027,2000,6325.417,5813.642,2000,6149.643,5890.535,2000,6270.37,5848.283,2000,6162.635,5878.853,2000,6299.572,5697.13,2000,6284.832,5762.141,2000,6155.663,5871.771,2000,6183.962,5770.406,2000,6347.606,5886.765,2000,6211.089,5705.497,2000,6209.785,5829.296,2000,6342.059,5695.143,2000,6232.749,5786.746,2000,6148.896,5892.993,2000,6239.755,5741.133,2000,6168.726,5715.511,2000,6316.851,5692.383,2000,6257.595,5741.854,2000,6337.248,5799.407,2000,6349.311
5857.163,2000,6325.575,5813.686,2000,6149.439,5890.737,2000,6270.419,5848.393,2000,6162.458,5879.03,2000,6299.681,5696.936,2000,6284.907,5762.006,2000,6155.503,5871.931,2000,6183.829,5770.361,2000,6347.81,5886.958,2000,6211.012,5705.359,2000,6209.629,5829.377,2000,6342.251,5694.966,2000,6232.639,5786.682,2000,6148.697,5893.201,2000,6239.741,5740.932,2000,6168.674,5715.354,2000,6316.988,5692.185,2000,6257.529,5741.749,2000,6337.428,5799.426,2000,6349.518
5857.393,2000,6325.842,5813.76,2000,6149.094,5891.079,2000,6270.504,5848.58,2000,6162.159,5879.332,2000,6299.864,5696.607,2000,6285.034,5761.771,2000,6155.241,5872.203,2000,6183.604,5770.285,2000,6348.154,5887.286,2000,6210.882,5705.133,2000,6209.357,5829.515,2000,6342.576,5694.672,2000,6232.444,5786.564,2000,6148.365,5893.553,2000,6239.718,5740.59,2000,6168.586,5715.089,2000,6317.22,5691.854,2000,6257.407,5741.571,2000,6337.732,5799.459,2000,6349.869
5857.593,2000,6326.076,5813.824,2000,6148.793,5891.378,2000,6270.578,5848.743,2000,6161.897,5879.595,2000,6300.025,5696.319,2000,6285.145,5761.557,2000,6155.019,5872.439,2000,6183.407,5770.218,2000,6348.455,5887.572,2000,6210.768,5704.944,2000,6209.114,5829.635,2000,6342.859,5694.421,2000,6232.265,5786.451,2000,6148.078,5893.861,2000,6239.698,5740.291,2000,6168.511,5714.856,2000,6317.422,5691.568,2000,6257.291,5741.415,2000,6337.998,5799.488,2000,6350.176
5857.73,2000,6326.235,5813.868,2000,6148.588,5891.582,2000,6270.628,5848.854,2000,6161.719,5879.774,2000,6300.134,5696.124,2000,6285.221,5761.406,2000,6154.873,5872.601,2000,6183.272,5770.173,2000,6348.66,5887.767,2000,6210.69,5704.821,2000,6208.944,5829.717,2000,6343.053,5694.255,2000,6232.137,5786.368,2000,6147.885,5894.07,2000,6239.685,5740.087,2000,6168.461,5714.698,2000,6317.56,5691.376,2000,6257.206,5741.309,2000,6338.179,5799.507,2000,6350.385
5858.002,2000,6326.552,5813.955,2000,6148.18,5891.987,2000,6270.728,5849.076,2000,6161.365,5880.13,2000,6300.352,5695.734,2000,6285.371,5761.098,2000,6154.591,5872.922,2000,6183.006,5770.083,2000,6349.067,5888.154,2000,6210.536,5704.587,2000,6208.599,5829.88,2000,6343.437,5693.932,2000,6231.873,5786.19,2000,6147.508,5894.487,2000,6239.657,5739.682,2000,6168.362,5714.384,2000,6317.834,5691.001,2000,6257.023,5741.097,2000,6338.539,5799.546,2000,6350.8
5858.138,2000,6326.71,5813.998,2000,6147.976,5892.189,2000,6270.778,5849.186,2000,6161.188,5880.308,2000,6300.46,5695.54,2000,6285.445,5760.939,2000,6154.456,5873.082,2000,6182.873,5770.038,2000,6349.271,5888.348,2000,6210.459,5704.476,2000,6208.422,5829.961,2000,6343.629,5693.775,2000,6231.736,5786.096,2000,6147.322,5894.695,2000,6239.644,5739.479,2000,6168.313,5714.227,2000,6317.971,5690.816,2000,6256.926,5740.992,2000,6338.718,5799.566,2000,6351.008
5858.352,2000,6326.959,5814.066,2000,6147.655,5892.508,2000,6270.856,5849.359,2000,6160.91,5880.588,2000,6300.631,5695.234,2000,6285.563,5760.683,2000,6154.251,5873.334,2000,6182.663,5769.967,2000,6349.591,5888.652,2000,6210.338,5704.311,2000,6208.139,5830.089,2000,6343.931,5693.536,2000,6231.512,5785.937,2000,6147.035,5895.022,2000,6239.622,5739.16,2000,6168.238,5713.979,2000,6318.186,5690.531,2000,6256.764,5740.825,2000,6339.001,5799.597,2000,6351.334
5858.523,2000,6327.159,5814.12,2000,6147.397,5892.764,2000,6270.92,5849.499,2000,6160.687,5880.813,2000,6300.768,5694.988,2000,6285.657,5760.472,2000,6154.094,5873.537,2000,6182.494,5769.91,2000,6349.849,5888.897,2000,6210.24,5704.185,2000,6207.907,5830.192,2000,6344.174,5693.349,2000,6231.326,5785.802,2000,6146.809,5895.285,2000,6239.605,5738.903,2000,6168.179,5713.78,2000,6318.359,5690.302,2000,6256.633,5740.691,2000,6339.229,5799.621,2000,6351.597
5858.69,2000,6327.353,5814.173,2000,6147.147,5893.012,2000,6270.981,5849.634,2000,6160.47,5881.032,2000,6300.901,5694.749,2000,6285.749,5760.262,2000,6153.948,5873.733,2000,6182.33,5769.854,2000,6350.098,5889.135,2000,6210.146,5704.07,2000,6207.679,5830.292,2000,6344.409,5693.174,2000,6231.14,5785.664,2000,6146.594,5895.54,2000,6239.588,5738.654,2000,6168.122,5713.587,2000,6318.526,5690.081,2000,6256.506,5740.562,2000,6339.449,5799.645,2000,6351.852
5858.852,2000,6327.542,5814.224,2000,6146.903,5893.253,2000,6271.041,5849.765,2000,6160.258,5881.244,2000,6301.03,5694.517,2000,6285.837,5760.054,2000,6153.812,5873.924,2000,6182.171,5769.801,2000,6350.341,5889.366,2000,6210.054,5703.966,2000,6207.453,5830.389,2000,6344.638,5693.006,2000,6230.956,5785.523,2000,6146.389,5895.789,2000,6239.572,5738.412,2000,6168.067,5713.399,2000,6318.689,5689.865,2000,6256.382,5740.436,2000,6339.663,5799.668,2000,6352.099
5858.988,2000,6327.7,5814.266,2000,6146.699,5893.456,2000,6271.09,5849.875,2000,6160.081,5881.422,2000,6301.139,5694.322,2000,6285.912,5759.879,2000,6153.698,5874.084,2000,6182.038,5769.756,2000,6350.545,5889.56,2000,6209.977,5703.885,2000,6207.261,5830.47,2000,6344.83,5692.865,2000,6230.802,5785.399,2000,6146.221,5895.997,2000,6239.559,5738.208,2000,6168.021,5713.241,2000,6318.826,5689.685,2000,6256.278,5740.33,2000,6339.843,5799.688,2000,6352.307
5859.201,2000,6327.948,5814.333,2000,6146.379,5893.773,2000,6271.169,5850.047,2000,6159.803,5881.701,2000,6301.309,5694.016,2000,6286.028,5759.605,2000,6153.52,5874.335,2000,6181.828,5769.685,2000,6350.864,5889.863,2000,6209.856,5703.765,2000,6206.957,5830.597,2000,6345.131,5692.645,2000,6230.561,5785.197,2000,6145.964,5896.323,2000,6239.537,5737.889,2000,6167.951,5712.994,2000,6319.04,5689.402,2000,6256.114,5740.164,2000,6340.125,5799.719,2000,6352.632
5859.336,2000,6328.106,5814.375,2000,6146.175,5893.975,2000,6271.219,5850.157,2000,6159.626,5881.879,2000,6301.417,5693.821,2000,6286.102,5759.43,2000,6153.406,5874.495,2000,6181.694,5769.64,2000,6351.068,5890.057,2000,6209.779,5703.689,2000,6206.763,5830.678,2000,6345.323,5692.505,2000,6230.406,5785.067,2000,6145.802,5896.531,2000,6239.523,5737.686,2000,6167.907,5712.836,2000,6319.176,5689.222,2000,6256.009,5740.058,2000,6340.304,5799.738,2000,6352.84
5859.579,2000,6328.389,5814.45,2000,6145.81,5894.337,2000,6271.308,5850.354,2000,6159.309,5882.197,2000,6301.611,5693.473,2000,6286.233,5759.117,2000,6153.204,5874.781,2000,6181.456,5769.559,2000,6351.432,5890.403,2000,6209.642,5703.555,2000,6206.415,5830.824,2000,6345.667,5692.255,2000,6230.13,5784.834,2000,6145.511,5896.903,2000,6239.499,5737.321,2000,6167.829,5712.554,2000,6319.419,5688.899,2000,6255.822,5739.868,2000,6340.625,5799.773,2000,6353.211
5859.715,2000,6328.547,5814.492,2000,6145.605,5894.539,2000,6271.358,5850.463,2000,6159.132,5882.375,2000,6301.72,5693.28,2000,6286.313,5758.942,2000,6153.091,5874.94,2000,6181.322,5769.507,2000,6351.633,5890.596,2000,6209.564,5703.48,2000,6206.221,5830.905,2000,6345.858,5692.115,2000,6229.975,5784.704,2000,6145.348,5897.111,2000,6239.485,5737.117,2000,6167.786,5712.396,2000,6319.556,5688.72,2000,6255.717,5739.762,2000,6340.804,5799.792,2000,6353.418
5859.851,2000,6328.706,5814.534,2000,6145.401,5894.741,2000,6271.408,5850.572,2000,6158.955,5882.553,2000,6301.828,5693.091,2000,6286.4,5758.767,2000,6152.979,5875.1,2000,6181.188,5769.449,2000,6351.833,5890.79,2000,6209.487,5703.406,2000,6206.026,5830.986,2000,6346.05,5691.976,2000,6229.82,5784.573,2000,6145.186,5897.319,2000,6239.472,5736.913,2000,6167.743,5712.239,2000,6319.691,5688.54,2000,6255.611,5739.656,2000,6340.983,5799.812,2000,6353.626
5859.986,2000,6328.864,5814.575,2000,6145.197,5894.943,2000,6271.458,5850.682,2000,6158.777,5882.73,2000,6301.937,5692.904,2000,6286.492,5758.591,2000,6152.867,5875.26,2000,6181.054,5769.384,2000,6352.031,5890.983,2000,6209.41,5703.332,2000,6205.831,5831.067,2000,6346.242,5691.837,2000,6229.666,5784.442,2000,6145.024,5897.527,2000,6239.458,5736.709,2000,6167.701,5712.081,2000,6319.827,5688.36,2000,6255.506,5739.55,2000,6341.162,5799.832,2000,6353.833
5860.122,2000,6329.022,5814.617,2000,6144.993,5895.146,2000,6271.507,5850.791,2000,6158.6,5882.908,2000,6302.045,5692.721,2000,6286.591,5758.416,2000,6152.754,5875.419,2000,6180.92,5769.313,2000,6352.227,5891.176,2000,6209.333,5703.259,2000,6205.636,5831.148,2000,6346.434,5691.698,2000,6229.51,5784.311,2000,6144.862,5897.735,2000,6239.444,5736.505,2000,6167.66,5711.923,2000,6319.963,5688.181,2000,6255.4,5739.444,2000,6341.341,5799.851,2000,6354.041
5860.258,2000,6329.18,5814.665,2000,6144.791,5895.348,2000,6271.557,5850.9,2000,6158.423,5883.086,2000,6302.153,5692.541,2000,6286.695,5758.24,2000,6152.643,5875.579,2000,6180.787,5769.235,2000,6352.42,5891.367,2000,6209.25,5703.186,2000,6205.441,5831.229,2000,6346.626,5691.559,2000,6229.355,5784.18,2000,6144.7,5897.943,2000,6239.431,5736.301,2000,6167.619,5711.765,2000,6320.099,5687.998,2000,6255.301,5739.333,2000,6341.517,5799.871,2000,6354.249
5860.394,2000,6329.338,5814.72,2000,6144.589,5895.55,2000,6271.607,5851.01,2000,6158.246,5883.264,2000,6302.262,5692.364,2000,6286.806,5758.064,2000,6152.531,5875.739,2000,6180.653,5769.151,2000,6352.611,5891.555,2000,6209.16,5703.113,2000,6205.246,5831.31,2000,6346.818,5691.42,2000,6229.2,5784.049,2000,6144.538,5898.151,2000,6239.417,5736.097,2000,6167.578,5711.607,2000,6320.234,5687.812,2000,6255.207,5739.215,2000,6341.689,5799.89,2000,6354.456
5860.529,2000,6329.497,5814.781,2000,6144.39,5895.752,2000,6271.657,5851.119,2000,6158.068,5883.441,2000,6302.37,5692.191,2000,6286.922,5757.888,2000,6152.419,5875.898,2000,6180.519,5769.061,2000,6352.799,5891.74,2000,6209.064,5703.041,2000,6205.05,5831.391,2000,6347.01,5691.282,2000,6229.044,5783.917,2000,6144.376,5898.359,2000,6239.403,5735.892,2000,6167.538,5711.449,2000,6320.37,5687.623,2000,6255.12,5739.092,2000,6341.857,5799.91,2000,6354.664
5860.692,2000,6329.686,5814.862,2000,6144.154,5895.994,2000,6271.716,5851.249,2000,6157.855,5883.654,2000,6302.5,5691.988,2000,6287.067,5757.677,2000,6152.286,5876.089,2000,6180.359,5768.945,2000,6353.02,5891.958,2000,6208.943,5702.955,2000,6204.816,5831.488,2000,6347.239,5691.116,2000,6228.857,5783.76,2000,6144.183,5898.608,2000,6239.387,5735.647,2000,6167.491,5711.259,2000,6320.532,5687.393,2000,6255.022,5738.938,2000,6342.053,5799.933,2000,6354.912
5860.828,2000,6329.844,5814.937,2000,6143.959,5896.196,2000,6271.766,5851.358,2000,6157.678,5883.832,2000,6302.608,5691.823,2000,6287.194,5757.501,2000,6152.175,5876.249,2000,6180.225,5768.843,2000,6353.202,5892.136,2000,6208.835,5702.883,2000,6204.62,5831.569,2000,6347.431,5690.978,2000,6228.702,5783.628,2000,6144.021,5898.816,2000,6239.374,5735.444,2000,6167.444,5711.101,2000,6320.668,5687.198,2000,6254.948,5738.804,2000,6342.213,5799.953,2000,6355.12
5861.003,2000,6330.049,5815.041,2000,6143.71,5896.458,2000,6271.831,5851.499,2000,6157.448,5884.063,2000,6302.749,5691.615,2000,6287.366,5757.272,2000,6152.031,5876.456,2000,6180.052,5768.703,2000,6353.433,5892.363,2000,6208.688,5702.791,2000,6204.366,5831.675,2000,6347.68,5690.799,2000,6228.5,5783.458,2000,6143.813,5899.085,2000,6239.356,5735.183,2000,6167.375,5710.896,2000,6320.844,5686.943,2000,6254.859,5738.624,2000,6342.414,5799.978,2000,6355.389
5861.139,2000,6330.208,5815.128,2000,6143.521,5896.661,2000,6271.88,5851.608,2000,6157.27,5884.24,2000,6302.857,5691.458,2000,6287.504,5757.096,2000,6151.92,5876.616,2000,6179.918,5768.589,2000,6353.607,5892.534,2000,6208.569,5702.721,2000,6204.17,5831.756,2000,6347.872,5690.661,2000,6228.343,5783.326,2000,6143.651,5899.293,2000,6239.342,5734.983,2000,6167.316,5710.738,2000,6320.979,5686.745,2000,6254.797,5738.48,2000,6342.564,5799.997,2000,6355.596
5861.275,2000,6330.366,5815.221,2000,6143.334,5896.863,2000,6271.93,5851.717,2000,6157.092,5884.418,2000,6302.966,5691.307,2000,6287.646,5756.919,2000,6151.81,5876.771,2000,6179.779,5768.469,2000,6353.777,5892.701,2000,6208.445,5702.65,2000,6203.974,5831.837,2000,6348.063,5690.523,2000,6228.187,5783.199,2000,6143.486,5899.501,2000,6239.329,5734.786,2000,6167.25,5710.58,2000,6321.114,5686.544,2000,6254.741,5738.331,2000,6342.71,5800.017,2000,6355.804
5861.411,2000,6330.524,5815.32,2000,6143.151,5897.063,2000,6271.987,5851.825,2000,6156.915,5884.596,2000,6303.074,5691.16,2000,6287.794,5756.743,2000,6151.699,5876.921,2000,6179.635,5768.344,2000,6353.944,5892.864,2000,6208.315,5702.581,2000,6203.778,5831.924,2000,6348.252,5690.386,2000,6228.031,5783.078,2000,6143.316,5899.709,2000,6239.315,5734.59,2000,6167.177,5710.421,2000,6321.25,5686.341,2000,6254.692,5738.177,2000,6342.851,5800.036,2000,6356.011
5861.546,2000,6330.682,5815.425,2000,6142.971,5897.262,2000,6272.05,5851.934,2000,6156.737,5884.773,2000,6303.183,5691.018,2000,6287.946,5756.566,2000,6151.589,5877.067,2000,6179.486,5768.214,2000,6354.106,5893.022,2000,6208.18,5702.511,2000,6203.582,5832.018,2000,6348.438,5690.248,2000,6227.874,5782.962,2000,6143.143,5899.917,2000,6239.301,5734.397,2000,6167.098,5710.263,2000,6321.385,5686.137,2000,6254.65,5738.019,2000,6342.986,5800.055,2000,6356.219
5861.682,2000,6330.84,5815.536,2000,6142.795,5897.458,2000,6272.119,5852.042,2000,6156.559,5884.951,2000,6303.291,5690.88,2000,6288.103,5756.389,2000,6151.479,5877.208,2000,6179.332,5768.078,2000,6354.265,5893.176,2000,6208.04,5702.442,2000,6203.385,5832.117,2000,6348.622,5690.111,2000,6227.717,5782.853,2000,6142.966,5900.125,2000,6239.288,5734.208,2000,6167.013,5710.104,2000,6321.52,5685.932,2000,6254.615,5737.856,2000,6343.117,5800.074,2000,6356.426
5861.818,2000,6330.999,5815.652,2000,6142.622,5897.652,2000,6272.195,5852.15,2000,6156.381,5885.125,2000,6303.405,5690.747,2000,6288.263,5756.212,2000,6151.369,5877.343,2000,6179.174,5767.938,2000,6354.418,5893.326,2000,6207.895,5702.374,2000,6203.188,5832.223,2000,6348.801,5689.974,2000,6227.561,5782.749,2000,6142.785,5900.333,2000,6239.274,5734.015,2000,6166.934,5709.945,2000,6321.655,5685.726,2000,6254.586,5737.69,2000,6343.242,5800.1,2000,6356.633
5861.954,2000,6331.157,5815.774,2000,6142.453,5897.844,2000,6272.277,5852.259,2000,6156.204,5885.296,2000,6303.525,5690.614,2000,6288.423,5756.035,2000,6151.259,5877.474,2000,6179.011,5767.792,2000,6354.567,5893.47,2000,6207.745,5702.305,2000,6202.991,5832.334,2000,6348.978,5689.836,2000,6227.404,5782.65,2000,6142.601,5900.542,2000,6239.26,5733.819,2000,6166.861,5709.787,2000,6321.791,5685.519,2000,6254.564,5737.52,2000,6343.361,5800.132,2000,6356.838
5862.091,2000,6331.317,5815.904,2000,6142.286,5898.035,2000,6272.366,5852.369,2000,6156.023,5885.464,2000,6303.652,5690.479,2000,6288.586,5755.855,2000,6151.148,5877.6,2000,6178.842,5767.639,2000,6354.713,5893.611,2000,6207.588,5702.236,2000,6202.792,5832.453,2000,6349.152,5689.698,2000,6227.245,5782.557,2000,6142.412,5900.752,2000,6239.247,5733.619,2000,6166.794,5709.626,2000,6321.927,5685.308,2000,6254.548,5737.343,2000,6343.477,5800.172,2000,6357.045
5862.226,2000,6331.475,5816.037,2000,6142.125,5898.22,2000,6272.461,5852.477,2000,6155.845,5885.626,2000,6303.783,5690.346,2000,6288.746,5755.678,2000,6151.039,5877.72,2000,6178.671,5767.488,2000,6354.856,5893.746,2000,6207.429,5702.169,2000,6202.594,5832.575,2000,6349.321,5689.561,2000,6227.087,5782.471,2000,6142.222,5900.96,2000,6239.233,5733.419,2000,6166.735,5709.467,2000,6322.063,5685.1,2000,6254.54,5737.165,2000,6343.584,5800.218,2000,6357.249
5862.367,2000,6331.629,5816.175,2000,6141.969,5898.403,2000,6272.562,5852.585,2000,6155.667,5885.784,2000,6303.918,5690.213,2000,6288.907,5755.5,2000,6150.93,5877.833,2000,6178.497,5767.336,2000,6354.999,5893.875,2000,6207.265,5702.102,2000,6202.397,5832.703,2000,6349.485,5689.424,2000,6226.93,5782.392,2000,6142.029,5901.168,2000,6239.226,5733.218,2000,6166.682,5709.309,2000,6322.198,5684.892,2000,6254.539,5736.983,2000,6343.687,5800.271,2000,6357.45
5862.512,2000,6331.778,5816.313,2000,6141.813,5898.582,2000,6272.668,5852.694,2000,6155.489,5885.938,2000,6304.06,5690.081,2000,6289.067,5755.323,2000,6150.821,5877.941,2000,6178.319,5767.185,2000,6355.142,5893.998,2000,6207.098,5702.035,2000,6202.2,5832.836,2000,6349.646,5689.288,2000,6226.773,5782.318,2000,6141.834,5901.376,2000,6239.226,5733.015,2000,6166.635,5709.15,2000,6322.333,5684.683,2000,6254.54,5736.798,2000,6343.783,5800.331,2000,6357.65
5862.663,2000,6331.922,5816.452,2000,6141.658,5898.757,2000,6272.78,5852.802,2000,6155.311,5886.086,2000,6304.206,5689.948,2000,6289.228,5755.145,2000,6150.712,5878.043,2000,6178.137,5767.033,2000,6355.285,5894.116,2000,6206.926,5701.968,2000,6202.002,5832.975,2000,6349.801,5689.151,2000,6226.616,5782.251,2000,6141.637,5901.584,2000,6239.233,5732.81,2000,6166.596,5708.991,2000,6322.467,5684.475,2000,6254.542,5736.613,2000,6343.877,5800.396,2000,6357.848
5862.817,2000,6332.061,5816.59,2000,6141.502,5898.929,2000,6272.898,5852.91,2000,6155.132,5886.229,2000,6304.356,5689.815,2000,6289.389,5754.967,2000,6150.604,5878.14,2000,6177.952,5766.881,2000,6355.427,5894.234,2000,6206.754,5701.902,2000,6201.805,5833.119,2000,6349.952,5689.015,2000,6226.458,5782.191,2000,6141.438,5901.792,2000,6239.247,5732.605,2000,6166.56,5708.833,2000,6322.602,5684.266,2000,6254.543,5736.427,2000,6343.971,5800.469,2000,6358.043
5862.977,2000,6332.195,5816.729,2000,6141.346,5899.097,2000,6273.022,5853.018,2000,6154.954,5886.368,2000,6304.512,5689.683,2000,6289.549,5754.79,2000,6150.495,5878.229,2000,6177.764,5766.729,2000,6355.57,5894.352,2000,6206.583,5701.836,2000,6201.607,5833.267,2000,6350.098,5688.878,2000,6226.301,5782.138,2000,6141.236,5902,2000,6239.267,5732.399,2000,6166.525,5708.674,2000,6322.737,5684.058,2000,6254.544,5736.241,2000,6344.065,5800.547,2000,6358.236
5863.14,2000,6332.324,5816.868,2000,6141.191,5899.261,2000,6273.151,5853.125,2000,6154.776,5886.502,2000,6304.671,5689.55,2000,6289.71,5754.612,2000,6150.387,5878.313,2000,6177.573,5766.577,2000,6355.712,5894.469,2000,6206.41,5701.771,2000,6201.409,5833.42,2000,6350.239,5688.742,2000,6226.143,5782.091,2000,6141.033,5902.207,2000,6239.294,5732.194,2000,6166.49,5708.515,2000,6322.872,5683.849,2000,6254.546,5736.055,2000,6344.159,5800.632,2000,6358.426
5863.308,2000,6332.448,5817.006,2000,6141.036,5899.42,2000,6273.285,5853.233,2000,6154.598,5886.63,2000,6304.835,5689.418,2000,6289.871,5754.434,2000,6150.278,5878.391,2000,6177.38,5766.424,2000,6355.854,5894.586,2000,6206.238,5701.705,2000,6201.211,5833.578,2000,6350.375,5688.606,2000,6225.985,5782.05,2000,6140.829,5902.412,2000,6239.328,5731.988,2000,6166.455,5708.356,2000,6323.006,5683.641,2000,6254.547,5735.869,2000,6344.253,5800.724,2000,6358.614
5863.48,2000,6332.565,5817.145,2000,6140.88,5899.575,2000,6273.424,5853.341,2000,6154.419,5886.753,2000,6305.004,5689.286,2000,6290.031,5754.256,2000,6150.17,5878.462,2000,6177.184,5766.272,2000,6355.997,5894.703,2000,6206.065,5701.64,2000,6201.014,5833.74,2000,6350.506,5688.47,2000,6225.828,5782.017,2000,6140.623,5902.617,2000,6239.369,5731.783,2000,6166.421,5708.198,2000,6323.141,5683.432,2000,6254.548,5735.683,2000,6344.347,5800.821,2000,6358.798
5863.656,2000,6332.678,5817.284,2000,6140.725,5899.725,2000,6273.569,5853.449,2000,6154.241,5886.871,2000,6305.176,5689.153,2000,6290.192,5754.078,2000,6150.062,5878.528,2000,6176.986,5766.12,2000,6356.139,5894.82,2000,6205.893,5701.576,2000,6200.815,5833.906,2000,6350.632,5688.334,2000,6225.67,5781.986,2000,6140.417,5902.82,2000,6239.416,5731.577,2000,6166.387,5708.039,2000,6323.276,5683.224,2000,6254.549,5735.497,2000,6344.44,5800.924,2000,6358.979
5863.828,2000,6332.795,5817.423,2000,6140.57,5899.871,2000,6273.718,5853.557,2000,6154.063,5886.982,2000,6305.352,5689.021,2000,6290.354,5753.899,2000,6149.954,5878.594,2000,6176.789,5765.972,2000,6356.286,5894.938,2000,6205.721,5701.511,2000,6200.617,5834.077,2000,6350.752,5688.198,2000,6225.512,5781.955,2000,6140.211,5903.021,2000,6239.47,5731.372,2000,6166.354,5707.88,2000,6323.411,5683.015,2000,6254.55,5735.311,2000,6344.533,5801.033,2000,6359.157
5863.996,2000,6332.919,5817.562,2000,6140.415,5900.012,2000,6273.872,5853.665,2000,6153.885,5887.088,2000,6305.532,5688.889,2000,6290.515,5753.721,2000,6149.846,5878.66,2000,6176.591,5765.83,2000,6356.438,5895.054,2000,6205.548,5701.447,2000,6200.419,5834.25,2000,6350.868,5688.063,2000,6225.354,5781.924,2000,6140.005,5903.22,2000,6239.53,5731.166,2000,6166.32,5707.722,2000,6323.545,5682.807,2000,6254.55,5735.124,2000,6344.626,5801.147,2000,6359.331
5864.159,2000,6333.048,5817.701,2000,6140.259,5900.152,2000,6274.025,5853.767,2000,6153.703,5887.2,2000,6305.708,5688.757,2000,6290.676,5753.546,2000,6149.732,5878.726,2000,6176.393,5765.692,2000,6356.594,5895.177,2000,6205.38,5701.384,2000,6200.221,5834.423,2000,6350.983,5687.922,2000,6225.201,5781.893,2000,6139.799,5903.417,2000,6239.597,5730.96,2000,6166.288,5707.563,2000,6323.681,5682.598,2000,6254.551,5734.938,2000,6344.719,5801.256,2000,6359.508
5864.318,2000,6333.182,5817.84,2000,6140.104,5900.293,2000,6274.178,5853.863,2000,6153.518,5887.317,2000,6305.88,5688.625,2000,6290.837,5753.375,2000,6149.613,5878.791,2000,6176.195,5765.56,2000,6356.754,5895.305,2000,6205.215,5701.32,2000,6200.022,5834.597,2000,6351.099,5687.776,2000,6225.052,5781.861,2000,6139.593,5903.612,2000,6239.67,5730.755,2000,6166.255,5707.405,2000,6323.816,5682.39,2000,6254.551,5734.751,2000,6344.812,5801.359,2000,6359.689
5864.473,2000,6333.321,5817.979,2000,6139.95,5900.438,2000,6274.327,5853.953,2000,6153.33,5887.44,2000,6306.048,5688.494,2000,6290.998,5753.208,2000,6149.488,5878.863,2000,6176,5765.433,2000,6356.919,5895.438,2000,6205.055,5701.257,2000,6199.824,5834.766,2000,6351.22,5687.625,2000,6224.908,5781.83,2000,6139.387,5903.805,2000,6239.75,5730.549,2000,6166.223,5707.247,2000,6323.951,5682.181,2000,6254.552,5734.567,2000,6344.911,5801.457,2000,6359.874
5864.624,2000,6333.465,5818.119,2000,6139.795,5900.589,2000,6274.471,5854.037,2000,6153.139,5887.569,2000,6306.212,5688.362,2000,6291.159,5753.046,2000,6149.358,5878.941,2000,6175.807,5765.311,2000,6357.088,5895.576,2000,6204.899,5701.195,2000,6199.625,5834.932,2000,6351.347,5687.47,2000,6224.769,5781.799,2000,6139.181,5903.995,2000,6239.836,5730.343,2000,6166.191,5707.089,2000,6324.086,5681.973,2000,6254.552,5734.387,2000,6345.016,5801.548,2000,6360.061
5864.769,2000,6333.614,5818.259,2000,6139.64,5900.744,2000,6274.61,5854.126,2000,6152.951,5887.703,2000,6306.372,5688.23,2000,6291.321,5752.888,2000,6149.223,5879.025,2000,6175.617,5765.195,2000,6357.261,5895.72,2000,6204.748,5701.132,2000,6199.426,5835.093,2000,6351.479,5687.311,2000,6224.635,5781.768,2000,6138.975,5904.187,2000,6239.916,5730.137,2000,6166.16,5706.931,2000,6324.222,5681.764,2000,6254.553,5734.211,2000,6345.127,5801.633,2000,6360.251
5864.91,2000,6333.768,5818.398,2000,6139.485,5900.904,2000,6274.744,5854.223,2000,6152.766,5887.841,2000,6306.527,5688.098,2000,6291.482,5752.734,2000,6149.082,5879.116,2000,6175.429,5765.084,2000,6357.438,5895.868,2000,6204.602,5701.07,2000,6199.228,5835.25,2000,6351.617,5687.146,2000,6224.506,5781.736,2000,6138.769,5904.382,2000,6239.989,5729.931,2000,6166.129,5706.772,2000,6324.357,5681.556,2000,6254.553,5734.038,2000,6345.243,5801.711,2000,6360.444
5865.045,2000,6333.926,5818.538,2000,6139.331,5901.068,2000,6274.873,5854.325,2000,6152.584,5887.985,2000,6306.678,5687.967,2000,6291.644,5752.585,2000,6148.937,5879.213,2000,6175.245,5764.98,2000,6357.618,5896.021,2000,6204.46,5701.009,2000,6199.028,5835.401,2000,6351.759,5686.979,2000,6224.383,5781.704,2000,6138.563,5904.579,2000,6240.056,5729.725,2000,6166.099,5706.614,2000,6324.492,5681.347,2000,6254.553,5733.869,2000,6345.365,5801.784,2000,6360.64
5865.181,2000,6334.084,5818.678,2000,6139.176,5901.236,2000,6274.996,5854.433,2000,6152.406,5888.133,2000,6306.824,5687.835,2000,6291.806,5752.441,2000,6148.786,5879.316,2000,6175.063,5764.881,2000,6357.802,5896.179,2000,6204.324,5700.948,2000,6198.829,5835.549,2000,6351.907,5686.807,2000,6224.266,5781.672,2000,6138.356,5904.778,2000,6240.116,5729.519,2000,6166.069,5706.456,2000,6324.627,5681.139,2000,6254.553,5733.704,2000,6345.493,5801.85,2000,6360.837
5865.317,2000,6334.243,5818.818,2000,6139.022,5901.408,2000,6275.113,5854.541,2000,6152.228,5888.287,2000,6306.965,5687.704,2000,6291.967,5752.302,2000,6148.631,5879.425,2000,6174.886,5764.789,2000,6357.988,5896.341,2000,6204.192,5700.887,2000,6198.63,5835.691,2000,6352.059,5686.631,2000,6224.154,5781.641,2000,6138.15,5904.979,2000,6240.17,5729.313,2000,6166.039,5706.298,2000,6324.763,5680.93,2000,6254.553,5733.543,2000,6345.625,5801.909,2000,6361.037
5865.453,2000,6334.401,5818.958,2000,6138.868,5901.583,2000,6275.225,5854.648,2000,6152.05,5888.444,2000,6307.101,5687.573,2000,6292.129,5752.167,2000,6148.472,5879.539,2000,6174.711,5764.703,2000,6358.178,5896.507,2000,6204.066,5700.826,2000,6198.431,5835.829,2000,6352.215,5686.452,2000,6224.048,5781.609,2000,6137.944,5905.183,2000,6240.217,5729.106,2000,6166.01,5706.139,2000,6324.898,5680.722,2000,6254.553,5733.387,2000,6345.763,5801.962,2000,6361.239
5865.588,2000,6334.559,5819.098,2000,6138.713,5901.763,2000,6275.331,5854.756,2000,6151.872,5888.606,2000,6307.232,5687.442,2000,6292.292,5752.039,2000,6148.308,5879.659,2000,6174.541,5764.623,2000,6358.37,5896.677,2000,6203.946,5700.766,2000,6198.231,5835.961,2000,6352.376,5686.269,2000,6223.948,5781.577,2000,6137.738,5905.387,2000,6240.258,5728.9,2000,6165.981,5705.98,2000,6325.033,5680.513,2000,6254.553,5733.236,2000,6345.906,5802.008,2000,6361.442
5865.724,2000,6334.717,5819.238,2000,6138.56,5901.945,2000,6275.431,5854.864,2000,6151.693,5888.773,2000,6307.357,5687.311,2000,6292.454,5751.915,2000,6148.14,5879.785,2000,6174.375,5764.549,2000,6358.565,5896.851,2000,6203.832,5700.707,2000,6198.031,5836.088,2000,6352.542,5686.083,2000,6223.854,5781.545,2000,6137.532,5905.593,2000,6240.292,5728.693,2000,6165.953,5705.822,2000,6325.168,5680.305,2000,6254.553,5733.089,2000,6346.054,5802.047,2000,6361.646
5865.86,2000,6334.875,5819.379,2000,6138.406,5902.131,2000,6275.525,5854.972,2000,6151.515,5888.943,2000,6307.477,5687.18,2000,6292.616,5751.797,2000,6147.968,5879.916,2000,6174.213,5764.481,2000,6358.762,5897.028,2000,6203.723,5700.647,2000,6197.832,5836.209,2000,6352.711,5685.894,2000,6223.766,5781.514,2000,6137.326,5905.799,2000,6240.319,5728.487,2000,6165.925,5705.663,2000,6325.304,5680.096,2000,6254.553,5732.947,2000,6346.207,5802.08,2000,6361.852
5865.996,2000,6335.034,5819.52,2000,6138.252,5902.32,2000,6275.613,5855.08,2000,6151.337,5889.118,2000,6307.591,5687.049,2000,6292.778,5751.685,2000,6147.792,5880.052,2000,6174.055,5764.42,2000,6358.961,5897.209,2000,6203.62,5700.588,2000,6197.632,5836.325,2000,6352.884,5685.703,2000,6223.684,5781.482,2000,6137.12,5906.007,2000,6240.339,5728.28,2000,6165.897,5705.504,2000,6325.439,5679.888,2000,6254.553,5732.81,2000,6346.364,5802.106,2000,6362.059
5866.131,2000,6335.192,5819.66,2000,6138.098,5902.512,2000,6275.695,5855.188,2000,6151.159,5889.295,2000,6307.7,5686.919,2000,6292.94,5751.579,2000,6147.613,5880.193,2000,6173.902,5764.366,2000,6359.163,5897.394,2000,6203.522,5700.529,2000,6197.432,5836.435,2000,6353.061,5685.508,2000,6223.609,5781.45,2000,6136.914,5906.215,2000,6240.353,5728.074,2000,6165.87,5705.346,2000,6325.574,5679.679,2000,6254.553,5732.679,2000,6346.525,5802.125,2000,6362.266
5866.267,2000,6335.35,5819.801,2000,6137.945,5902.706,2000,6275.771,5855.295,2000,6150.98,5889.472,2000,6307.809,5686.789,2000,6293.103,5751.478,2000,6147.431,5880.339,2000,6173.753,5764.318,2000,6359.365,5897.582,2000,6203.432,5700.471,2000,6197.232,5836.539,2000,6353.241,5685.312,2000,6223.54,5781.418,2000,6136.708,5906.423,2000,6240.36,5727.867,2000,6165.843,5705.187,2000,6325.709,5679.471,2000,6254.553,5732.553,2000,6346.691,5802.144,2000,6362.474
5866.403,2000,6335.508,5819.942,2000,6137.792,5902.903,2000,6275.839,5855.403,2000,6150.802,5889.649,2000,6307.918,5686.658,2000,6293.266,5751.383,2000,6147.245,5880.49,2000,6173.61,5764.272,2000,6359.568,5897.772,2000,6203.347,5700.413,2000,6197.032,5836.637,2000,6353.425,5685.114,2000,6223.474,5781.386,2000,6136.502,5906.631,2000,6240.36,5727.661,2000,6165.817,5705.028,2000,6325.845,5679.262,2000,6254.553,5732.432,2000,6346.861,5802.162,2000,6362.681
5866.539,2000,6335.667,5820.083,2000,6137.638,5903.102,2000,6275.902,5855.51,2000,6150.624,5889.827,2000,6308.027,5686.528,2000,6293.428,5751.289,2000,6147.06,5880.646,2000,6173.471,5764.227,2000,6359.771,5897.965,2000,6203.268,5700.355,2000,6196.832,5836.729,2000,6353.612,5684.916,2000,6223.407,5781.354,2000,6136.296,5906.839,2000,6240.353,5727.454,2000,6165.791,5704.87,2000,6325.98,5679.054,2000,6254.553,5732.317,2000,6347.035,5802.181,2000,6362.889
5866.674,2000,6335.825,5820.224,2000,6137.485,5903.302,2000,6275.958,5855.618,2000,6150.446,5890.004,2000,6308.136,5686.398,2000,6293.591,5751.194,2000,6146.874,5880.805,2000,6173.337,5764.181,2000,6359.975,5898.159,2000,6203.191,5700.298,2000,6196.631,5836.815,2000,6353.802,5684.718,2000,6223.341,5781.321,2000,6136.09,5907.047,2000,6240.34,5727.248,2000,6165.766,5704.711,2000,6326.115,5678.845,2000,6254.552,5732.208,2000,6347.212,5802.199,2000,6363.096
5866.81,2000,6335.983,5820.365,2000,6137.332,5903.504,2000,6276.008,5855.725,2000,6150.268,5890.181,2000,6308.245,5686.268,2000,6293.754,5751.099,2000,6146.688,5880.965,2000,6173.204,5764.135,2000,6360.178,5898.353,2000,6203.115,5700.242,2000,6196.431,5836.896,2000,6353.994,5684.521,2000,6223.274,5781.289,2000,6135.884,5907.255,2000,6240.327,5727.041,2000,6165.74,5704.552,2000,6326.25,5678.637,2000,6254.552,5732.101,2000,6347.391,5802.218,2000,6363.304
5866.946,2000,6336.141,5820.507,2000,6137.179,5903.707,2000,6276.058,5855.833,2000,6150.089,5890.358,2000,6308.354,5686.138,2000,6293.917,5751.004,2000,6146.503,5881.125,2000,6173.07,5764.089,2000,6360.381,5898.546,2000,6203.038,5700.185,2000,6196.23,5836.978,2000,6354.186,5684.323,2000,6223.208,5781.257,2000,6135.678,5907.463,2000,6240.313,5726.833,2000,6165.715,5704.394,2000,6326.386,5678.428,2000,6254.551,5731.995,2000,6347.57,5802.236,2000,6363.511
5867.082,2000,6336.299,5820.648,2000,6137.026,5903.909,2000,6276.107,5855.94,2000,6149.911,5890.536,2000,6308.463,5686.009,2000,6294.08,5750.91,2000,6146.317,5881.284,2000,6172.936,5764.043,2000,6360.584,5898.74,2000,6202.961,5700.129,2000,6196.03,5837.059,2000,6354.377,5684.125,2000,6223.142,5781.225,2000,6135.472,5907.671,2000,6240.3,5726.626,2000,6165.691,5704.235,2000,6326.521,5678.22,2000,6254.551,5731.888,2000,6347.75,5802.255,2000,6363.719
5867.217,2000,6336.458,5820.79,2000,6136.873,5904.111,2000,6276.157,5856.047,2000,6149.733,5890.713,2000,6308.572,5685.879,2000,6294.243,5750.815,2000,6146.132,5881.444,2000,6172.802,5763.997,2000,6360.787,5898.934,2000,6202.885,5700.073,2000,6195.829,5837.14,2000,6354.569,5683.928,2000,6223.075,5781.192,2000,6135.266,5907.879,2000,6240.287,5726.419,2000,6165.667,5704.076,2000,6326.656,5678.011,2000,6254.55,5731.782,2000,6347.929,5802.273,2000,6363.926
5867.353,2000,6336.616,5820.932,2000,6136.72,5904.313,2000,6276.207,5856.155,2000,6149.555,5890.89,2000,6308.681,5685.75,2000,6294.406,5750.72,2000,6145.946,5881.604,2000,6172.668,5763.951,2000,6360.99,5899.128,2000,6202.808,5700.018,2000,6195.628,5837.221,2000,6354.761,5683.73,2000,6223.009,5781.16,2000,6135.06,5908.087,2000,6240.274,5726.212,2000,6165.644,5703.917,2000,6326.791,5677.803,2000,6254.55,5731.675,2000,6348.108,5802.292,2000,6364.134
5867.489,2000,6336.774,5821.074,2000,6136.568,5904.515,2000,6276.257,5856.262,2000,6149.376,5891.067,2000,6308.79,5685.621,2000,6294.57,5750.625,2000,6145.761,5881.763,2000,6172.535,5763.905,2000,6361.193,5899.322,2000,6202.731,5699.962,2000,6195.428,5837.302,2000,6354.953,5683.533,2000,6222.942,5781.128,2000,6134.854,5908.295,2000,6240.261,5726.005,2000,6165.621,5703.759,2000,6326.925,5677.594,2000,6254.549,5731.569,2000,6348.287,5802.311,2000,6364.341
5867.625,2000,6336.932,5821.216,2000,6136.416,5904.717,2000,6276.307,5856.37,2000,6149.198,5891.245,2000,6308.898,5685.486,2000,6294.729,5750.531,2000,6145.575,5881.923,2000,6172.401,5763.859,2000,6361.396,5899.516,2000,6202.655,5699.901,2000,6195.229,5837.383,2000,6355.145,5683.336,2000,6222.876,5781.096,2000,6134.647,5908.503,2000,6240.248,5725.798,2000,6165.598,5703.6,2000,6327.06,5677.386,2000,6254.549,5731.462,2000,6348.466,5802.329,2000,6364.549
5867.76,2000,6337.09,5821.358,2000,6136.263,5904.919,2000,6276.356,5856.477,2000,6149.019,5891.422,2000,6309.007,5685.347,2000,6294.884,5750.436,2000,6145.39,5882.083,2000,6172.267,5763.813,2000,6361.6,5899.709,2000,6202.578,5699.833,2000,6195.032,5837.464,2000,6355.337,5683.139,2000,6222.81,5781.063,2000,6134.442,5908.711,2000,6240.234,5725.591,2000,6165.575,5703.441,2000,6327.195,5677.177,2000,6254.548,5731.356,2000,6348.646,5802.348,2000,6364.756
5867.896,2000,6337.249,5821.495,2000,6136.106,5905.122,2000,6276.406,5856.584,2000,6148.841,5891.599,2000,6309.116,5685.202,2000,6295.034,5750.341,2000,6145.204,5882.242,2000,6172.133,5763.768,2000,6361.803,5899.903,2000,6202.501,5699.758,2000,6194.837,5837.545,2000,6355.529,5682.941,2000,6222.743,5781.031,2000,6134.236,5908.919,2000,6240.221,5725.385,2000,6165.546,5703.283,2000,6327.33,5676.969,2000,6254.548,5731.25,2000,6348.825,5802.366,2000,6364.964
5868.032,2000,6337.407,5821.627,2000,6135.945,5905.324,2000,6276.456,5856.692,2000,6148.662,5891.776,2000,6309.225,5685.053,2000,6295.179,5750.247,2000,6145.019,5882.402,2000,6172,5763.722,2000,6362.006,5900.097,2000,6202.425,5699.677,2000,6194.646,5837.626,2000,6355.721,5682.744,2000,6222.677,5780.999,2000,6134.031,5909.127,2000,6240.208,5725.18,2000,6165.51,5703.124,2000,6327.464,5676.76,2000,6254.547,5731.143,2000,6349.004,5802.385,2000,6365.171
5868.167,2000,6337.565,5821.753,2000,6135.78,5905.526,2000,6276.506,5856.799,2000,6148.483,5891.954,2000,6309.334,5684.898,2000,6295.319,5750.152,2000,6144.833,5882.562,2000,6171.866,5763.676,2000,6362.209,5900.291,2000,6202.348,5699.59,2000,6194.456,5837.707,2000,6355.913,5682.547,2000,6222.61,5780.967,2000,6133.825,5909.335,2000,6240.195,5724.976,2000,6165.468,5702.965,2000,6327.599,5676.552,2000,6254.547,5731.037,2000,6349.183,5802.403,2000,6365.379
5868.303,2000,6337.723,5821.875,2000,6135.61,5905.728,2000,6276.556,5856.907,2000,6148.305,5892.131,2000,6309.443,5684.74,2000,6295.454,5750.057,2000,6144.647,5882.721,2000,6171.732,5763.63,2000,6362.412,5900.485,2000,6202.271,5699.497,2000,6194.27,5837.788,2000,6356.104,5682.35,2000,6222.544,5780.935,2000,6133.62,5909.543,2000,6240.182,5724.773,2000,6165.418,5702.807,2000,6327.734,5676.343,2000,6254.546,5730.93,2000,6349.362,5802.422,2000,6365.586
5868.439,2000,6337.881,5821.99,2000,6135.437,5905.93,2000,6276.605,5857.014,2000,6148.126,5892.308,2000,6309.552,5684.577,2000,6295.584,5749.961,2000,6144.462,5882.881,2000,6171.598,5763.584,2000,6362.615,5900.679,2000,6202.195,5699.398,2000,6194.086,5837.869,2000,6356.296,5682.152,2000,6222.478,5780.902,2000,6133.414,5909.751,2000,6240.168,5724.573,2000,6165.363,5702.648,2000,6327.869,5676.135,2000,6254.546,5730.824,2000,6349.542,5802.44,2000,6365.794
5868.575,2000,6338.04,5822.1,2000,6135.26,5906.132,2000,6276.655,5857.122,2000,6147.947,5892.485,2000,6309.661,5684.41,2000,6295.708,5749.866,2000,6144.276,5883.041,2000,6171.464,5763.538,2000,6362.818,5900.873,2000,6202.118,5699.293,2000,6193.907,5837.95,2000,6356.488,5681.955,2000,6222.411,5780.869,2000,6133.208,5909.959,2000,6240.155,5724.374,2000,6165.3,5702.489,2000,6328.003,5675.926,2000,6254.545,5730.717,2000,6349.721,5802.459,2000,6366.001
5868.71,2000,6338.198,5822.204,2000,6135.079,5906.334,2000,6276.705,5857.229,2000,6147.769,5892.663,2000,6309.77,5684.239,2000,6295.827,5749.771,2000,6144.091,5883.2,2000,6171.331,5763.492,2000,6363.021,5901.066,2000,6202.042,5699.182,2000,6193.73,5838.031,2000,6356.68,5681.758,2000,6222.345,5780.836,2000,6133.003,5910.167,2000,6240.142,5724.177,2000,6165.231,5702.331,2000,6328.138,5675.718,2000,6254.544,5730.611,2000,6349.9,5802.478,2000,6366.209
5868.846,2000,6338.356,5822.302,2000,6134.895,5906.537,2000,6276.755,5857.336,2000,6147.59,5892.84,2000,6309.878,5684.064,2000,6295.94,5749.676,2000,6143.905,5883.36,2000,6171.197,5763.446,2000,6363.225,5901.26,2000,6201.965,5699.065,2000,6193.558,5838.112,2000,6356.872,5681.561,2000,6222.278,5780.804,2000,6132.797,5910.375,2000,6240.129,5723.983,2000,6165.156,5702.172,2000,6328.273,5675.509,2000,6254.543,5730.504,2000,6350.079,5802.496,2000,6366.417
5868.982,2000,6338.514,5822.394,2000,6134.708,5906.739,2000,6276.805,5857.444,2000,6147.411,5893.017,2000,6309.987,5683.885,2000,6296.048,5749.581,2000,6143.72,5883.52,2000,6171.063,5763.4,2000,6363.428,5901.454,2000,6201.888,5698.943,2000,6193.39,5838.193,2000,6357.064,5681.363,2000,6222.212,5780.771,2000,6132.592,5910.583,2000,6240.116,5723.791,2000,6165.075,5702.013,2000,6328.408,5675.301,2000,6254.542,5730.398,2000,6350.258,5802.515,2000,6366.624
5869.118,2000,6338.672,5822.479,2000,6134.518,5906.941,2000,6276.854,5857.551,2000,6147.232,5893.194,2000,6310.096,5683.703,2000,6296.149,5749.485,2000,6143.534,5883.679,2000,6170.929,5763.354,2000,6363.631,5901.648,2000,6201.812,5698.815,2000,6193.225,5838.274,2000,6357.256,5681.166,2000,6222.146,5780.738,2000,6132.386,5910.792,2000,6240.103,5723.602,2000,6164.987,5701.854,2000,6328.542,5675.092,2000,6254.541,5730.292,2000,6350.438,5802.533,2000,6366.832
5869.253,2000,6338.831,5822.559,2000,6134.326,5907.143,2000,6276.904,5857.659,2000,6147.054,5893.372,2000,6310.206,5683.518,2000,6296.245,5749.391,2000,6143.349,5883.839,2000,6170.795,5763.309,2000,6363.834,5901.842,2000,6201.735,5698.682,2000,6193.065,5838.355,2000,6357.448,5680.969,2000,6222.079,5780.706,2000,6132.181,5911,2000,6240.089,5723.416,2000,6164.893,5701.696,2000,6328.677,5674.884,2000,6254.54,5730.186,2000,6350.617,5802.552,2000,6367.039
5869.389,2000,6338.989,5822.632,2000,6134.13,5907.345,2000,6276.954,5857.766,2000,6146.875,5893.549,2000,6310.314,5683.33,2000,6296.334,5749.295,2000,6143.163,5883.999,2000,6170.662,5763.263,2000,6364.037,5902.036,2000,6201.658,5698.543,2000,6192.909,5838.437,2000,6357.64,5680.771,2000,6222.013,5780.673,2000,6131.975,5911.208,2000,6240.076,5723.233,2000,6164.793,5701.537,2000,6328.812,5674.675,2000,6254.539,5730.08,2000,6350.796,5802.57,2000,6367.247
5869.525,2000,6339.147,5822.698,2000,6133.933,5907.547,2000,6277.004,5857.874,2000,6146.696,5893.726,2000,6310.423,5683.139,2000,6296.417,5749.201,2000,6142.978,5884.158,2000,6170.528,5763.217,2000,6364.24,5902.229,2000,6201.582,5698.4,2000,6192.758,5838.518,2000,6357.832,5680.574,2000,6221.946,5780.64,2000,6131.77,5911.416,2000,6240.063,5723.054,2000,6164.687,5701.378,2000,6328.947,5674.467,2000,6254.538,5729.974,2000,6350.975,5802.589,2000,6367.454
5869.661,2000,6339.305,5822.758,2000,6133.734,5907.75,2000,6277.054,5857.981,2000,6146.518,5893.903,2000,6310.532,5682.945,2000,6296.494,5749.106,2000,6142.792,5884.318,2000,6170.394,5763.171,2000,6364.443,5902.423,2000,6201.505,5698.252,2000,6192.611,5838.599,2000,6358.023,5680.377,2000,6221.88,5780.607,2000,6131.564,5911.624,2000,6240.05,5722.878,2000,6164.575,5701.22,2000,6329.082,5674.258,2000,6254.537,5729.868,2000,6351.154,5802.607,2000,6367.662
5869.796,2000,6339.463,5822.812,2000,6133.533,5907.952,2000,6277.104,5858.088,2000,6146.339,5894.081,2000,6310.641,5682.751,2000,6296.569,5749.011,2000,6142.606,5884.478,2000,6170.26,5763.125,2000,6364.646,5902.617,2000,6201.428,5698.1,2000,6192.47,5838.68,2000,6358.215,5680.18,2000,6221.813,5780.575,2000,6131.358,5911.832,2000,6240.037,5722.706,2000,6164.458,5701.061,2000,6329.216,5674.05,2000,6254.536,5729.762,2000,6351.333,5802.626,2000,6367.869
5869.932,2000,6339.622,5822.859,2000,6133.33,5908.154,2000,6277.153,5858.196,2000,6146.16,5894.258,2000,6310.75,5682.557,2000,6296.644,5748.917,2000,6142.421,5884.637,2000,6170.126,5763.079,2000,6364.85,5902.811,2000,6201.352,5697.942,2000,6192.333,5838.761,2000,6358.407,5679.982,2000,6221.747,5780.542,2000,6131.153,5912.04,2000,6240.023,5722.538,2000,6164.335,5700.902,2000,6329.351,5673.841,2000,6254.535,5729.656,2000,6351.513,5802.645,2000,6368.077
5870.068,2000,6339.78,5822.901,2000,6133.125,5908.356,2000,6277.203,5858.303,2000,6145.981,5894.435,2000,6310.859,5682.362,2000,6296.718,5748.822,2000,6142.235,5884.797,2000,6169.993,5763.033,2000,6365.053,5903.005,2000,6201.275,5697.781,2000,6192.202,5838.842,2000,6358.599,5679.785,2000,6221.681,5780.509,2000,6130.947,5912.248,2000,6240.01,5722.374,2000,6164.207,5700.744,2000,6329.486,5673.633,2000,6254.534,5729.549,2000,6351.692,5802.663,2000,6368.284
5870.204,2000,6339.938,5822.944,2000,6132.921,5908.558,2000,6277.253,5858.411,2000,6145.803,5894.612,2000,6310.968,5682.168,2000,6296.793,5748.727,2000,6142.05,5884.957,2000,6169.859,5762.987,2000,6365.256,5903.199,2000,6201.198,5697.615,2000,6192.076,5838.923,2000,6358.791,5679.588,2000,6221.614,5780.477,2000,6130.742,5912.456,2000,6239.997,5722.214,2000,6164.073,5700.585,2000,6329.621,5673.424,2000,6254.533,5729.443,2000,6351.871,5802.682,2000,6368.492
5870.339,2000,6340.096,5822.986,2000,6132.717,5908.76,2000,6277.303,5858.518,2000,6145.624,5894.79,2000,6311.077,5681.974,2000,6296.868,5748.632,2000,6141.864,5885.116,2000,6169.725,5762.941,2000,6365.459,5903.393,2000,6201.122,5697.445,2000,6191.956,5839.004,2000,6358.983,5679.391,2000,6221.548,5780.444,2000,6130.536,5912.664,2000,6239.984,5722.059,2000,6163.934,5700.426,2000,6329.755,5673.216,2000,6254.532,5729.336,2000,6352.05,5802.7,2000,6368.699
5870.475,2000,6340.254,5823.029,2000,6132.513,5908.962,2000,6277.353,5858.625,2000,6145.445,5894.967,2000,6311.186,5681.779,2000,6296.942,5748.538,2000,6141.679,5885.276,2000,6169.591,5762.896,2000,6365.662,5903.586,2000,6201.045,5697.272,2000,6191.838,5839.085,2000,6359.175,5679.193,2000,6221.481,5780.411,2000,6130.331,5912.872,2000,6239.971,5721.908,2000,6163.79,5700.268,2000,6329.89,5673.007,2000,6254.531,5729.23,2000,6352.229,5802.719,2000,6368.907
5870.611,2000,6340.413,5823.071,2000,6132.309,5909.165,2000,6277.402,5858.733,2000,6145.267,5895.144,2000,6311.294,5681.585,2000,6297.017,5748.443,2000,6141.493,5885.436,2000,6169.458,5762.85,2000,6365.865,5903.78,2000,6200.968,5697.1,2000,6191.721,5839.166,2000,6359.367,5678.996,2000,6221.415,5780.378,2000,6130.125,5913.08,2000,6239.958,5721.762,2000,6163.641,5700.109,2000,6330.025,5672.799,2000,6254.53,5729.124,2000,6352.409,5802.737,2000,6369.114
5870.747,2000,6340.571,5823.114,2000,6132.105,5909.367,2000,6277.452,5858.84,2000,6145.088,5895.321,2000,6311.403,5681.391,2000,6297.092,5748.348,2000,6141.308,5885.595,2000,6169.324,5762.804,2000,6366.068,5903.974,2000,6200.892,5696.928,2000,6191.604,5839.247,2000,6359.559,5678.799,2000,6221.349,5780.346,2000,6129.919,5913.288,2000,6239.944,5721.621,2000,6163.488,5699.95,2000,6330.16,5672.59,2000,6254.529,5729.017,2000,6352.588,5802.756,2000,6369.322
5870.882,2000,6340.729,5823.156,2000,6131.901,5909.569,2000,6277.502,5858.948,2000,6144.909,5895.499,2000,6311.512,5681.196,2000,6297.167,5748.253,2000,6141.122,5885.755,2000,6169.19,5762.758,2000,6366.271,5904.168,2000,6200.815,5696.755,2000,6191.487,5839.328,2000,6359.75,5678.602,2000,6221.282,5780.313,2000,6129.714,5913.496,2000,6239.931,5721.481,2000,6163.334,5699.792,2000,6330.294,5672.382,2000,6254.528,5728.911,2000,6352.767,5802.774,2000,6369.529
5871.018,2000,6340.887,5823.199,2000,6131.697,5909.771,2000,6277.552,5859.055,2000,6144.73,5895.676,2000,6311.621,5681.002,2000,6297.241,5748.159,2000,6140.937,5885.915,2000,6169.056,5762.712,2000,6366.475,5904.362,2000,6200.738,5696.583,2000,6191.37,5839.409,2000,6359.942,5678.404,2000,6221.216,5780.28,2000,6129.508,5913.704,2000,6239.918,5721.341,2000,6163.18,5699.633,2000,6330.429,5672.173,2000,6254.527,5728.804,2000,6352.946,5802.793,2000,6369.737
5871.154,2000,6341.045,5823.241,2000,6131.493,5909.973,2000,6277.602,5859.163,2000,6144.552,5895.853,2000,6311.73,5680.808,2000,6297.316,5748.064,2000,6140.751,5886.074,2000,6168.922,5762.666,2000,6366.678,5904.556,2000,6200.662,5696.411,2000,6191.252,5839.49,2000,6360.134,5678.207,2000,6221.149,5780.248,2000,6129.303,5913.912,2000,6239.905,5721.201,2000,6163.026,5699.474,2000,6330.564,5671.965,2000,6254.526,5728.698,2000,6353.125,5802.812,2000,6369.944
5871.29,2000,6341.204,5823.284,2000,6131.289,5910.175,2000,6277.651,5859.27,2000,6144.373,5896.03,2000,6311.839,5680.613,2000,6297.391,5747.969,2000,6140.565,5886.234,2000,6168.789,5762.62,2000,6366.881,5904.75,2000,6200.585,5696.238,2000,6191.135,5839.571,2000,6360.326,5678.01,2000,6221.083,5780.215,2000,6129.097,5914.12,2000,6239.892,5721.061,2000,6162.873,5699.315,2000,6330.699,5671.756,2000,6254.525,5728.591,2000,6353.305,5802.83,2000,6370.152
5871.425,2000,6341.362,5823.326,2000,6131.084,5910.377,2000,6277.701,5859.377,2000,6144.194,5896.208,2000,6311.948,5680.419,2000,6297.465,5747.875,2000,6140.38,5886.394,2000,6168.655,5762.574,2000,6367.084,5904.943,2000,6200.508,5696.066,2000,6191.018,5839.652,2000,6360.518,5677.813,2000,6221.017,5780.182,2000,6128.892,5914.328,2000,6239.878,5720.92,2000,6162.719,5699.157,2000,6330.833,5671.548,2000,6254.524,5728.485,2000,6353.484,5802.849,2000,6370.359
5871.561,2000,6341.52,5823.369,2000,6130.88,5910.58,2000,6277.751,5859.485,2000,6144.016,5896.385,2000,6312.057,5680.225,2000,6297.54,5747.78,2000,6140.194,5886.553,2000,6168.521,5762.528,2000,6367.287,5905.137,2000,6200.432,5695.894,2000,6190.901,5839.733,2000,6360.71,5677.615,2000,6220.95,5780.149,2000,6128.686,5914.536,2000,6239.865,5720.78,2000,6162.565,5698.998,2000,6330.968,5671.339,2000,6254.523,5728.379,2000,6353.663,5802.867,2000,6370.567
5871.697,2000,6341.678,5823.411,2000,6130.676,5910.782,2000,6277.801,5859.592,2000,6143.837,5896.562,2000,6312.166,5680.03,2000,6297.615,5747.685,2000,6140.009,5886.713,2000,6168.387,5762.482,2000,6367.49,5905.331,2000,6200.355,5695.721,2000,6190.784,5839.814,2000,6360.902,5677.418,2000,6220.884,5780.117,2000,6128.48,5914.744,2000,6239.852,5720.64,2000,6162.411,5698.839,2000,6331.103,5671.131,2000,6254.522,5728.272,2000,6353.842,5802.886,2000,6370.774
5871.833,2000,6341.836,5823.454,2000,6130.472,5910.984,2000,6277.851,5859.7,2000,6143.658,5896.739,2000,6312.274,5679.836,2000,6297.689,5747.59,2000,6139.823,5886.873,2000,6168.253,5762.437,2000,6367.693,5905.525,2000,6200.278,5695.549,2000,6190.667,5839.896,2000,6361.094,5677.221,2000,6220.817,5780.084,2000,6128.275,5914.952,2000,6239.839,5720.5,2000,6162.257,5698.681,2000,6331.238,5670.922,2000,6254.521,5728.166,2000,6354.021,5802.904,2000,6370.982
5871.968,2000,6341.995,5823.496,2000,6130.268,5911.186,2000,6277.9,5859.807,2000,6143.479,5896.917,2000,6312.383,5679.642,2000,6297.764,5747.496,2000,6139.638,5887.032,2000,6168.12,5762.391,2000,6367.896,5905.719,2000,6200.202,5695.376,2000,6190.549,5839.977,2000,6361.286,5677.023,2000,6220.751,5780.051,2000,6128.069,5915.16,2000,6239.826,5720.36,2000,6162.104,5698.522,2000,6331.373,5670.714,2000,6254.521,5728.06,2000,6354.201,5802.923,2000,6371.189
5872.104,2000,6342.153,5823.539,2000,6130.064,5911.388,2000,6277.95,5859.915,2000,6143.301,5897.094,2000,6312.492,5679.447,2000,6297.839,5747.401,2000,6139.452,5887.192,2000,6167.986,5762.345,2000,6368.1,5905.913,2000,6200.125,5695.204,2000,6190.432,5840.058,2000,6361.478,5676.826,2000,6220.685,5780.019,2000,6127.864,5915.368,2000,6239.813,5720.22,2000,6161.95,5698.363,2000,6331.507,5670.505,2000,6254.52,5727.953,2000,6354.38,5802.941,2000,6371.397
5872.24,2000,6342.311,5823.581,2000,6129.86,5911.59,2000,6278,5860.022,2000,6143.122,5897.271,2000,6312.601,5679.253,2000,6297.914,5747.306,2000,6139.267,5887.352,2000,6167.852,5762.299,2000,6368.303,5906.106,2000,6200.048,5695.032,2000,6190.315,5840.139,2000,6361.669,5676.628,2000,6220.618,5779.986,2000,6127.658,5915.576,2000,6239.799,5720.08,2000,6161.796,5698.205,2000,6331.642,5670.297,2000,6254.519,5727.847,2000,6354.559,5802.96,2000,6371.604
5872.375,2000,6342.469,5823.624,2000,6129.656,5911.792,2000,6278.05,5860.129,2000,6142.943,5897.448,2000,6312.71,5679.059,2000,6297.988,5747.211,2000,6139.081,5887.511,2000,6167.718,5762.253,2000,6368.506,5906.3,2000,6199.972,5694.859,2000,6190.198,5840.22,2000,6361.861,5676.43,2000,6220.552,5779.953,2000,6127.453,5915.784,2000,6239.786,5719.939,2000,6161.642,5698.046,2000,6331.777,5670.088,2000,6254.518,5727.74,2000,6354.738,5802.979,2000,6371.812
5872.511,2000,6342.627,5823.666,2000,6129.452,5911.995,2000,6278.1,5860.237,2000,6142.765,5897.625,2000,6312.819,5678.864,2000,6298.063,5747.117,2000,6138.896,5887.671,2000,6167.584,5762.207,2000,6368.709,5906.494,2000,6199.895,5694.687,2000,6190.081,5840.301,2000,6362.053,5676.233,2000,6220.485,5779.92,2000,6127.247,5915.992,2000,6239.773,5719.799,2000,6161.488,5697.887,2000,6331.912,5669.88,2000,6254.517,5727.634,2000,6354.917,5802.997,2000,6372.02
5872.647,2000,6342.786,5823.708,2000,6129.248,5912.197,2000,6278.149,5860.344,2000,6142.586,5897.803,2000,6312.928,5678.67,2000,6298.138,5747.022,2000,6138.71,5887.831,2000,6167.451,5762.161,2000,6368.912,5906.688,2000,6199.818,5694.515,2000,6189.963,5840.382,2000,6362.245,5676.035,2000,6220.419,5779.888,2000,6127.042,5916.2,2000,6239.76,5719.659,2000,6161.334,5697.729,2000,6332.046,5669.671,2000,6254.516,5727.527,2000,6355.097,5803.016,2000,6372.227
5872.783,2000,6342.944,5823.751,2000,6129.043,5912.399,2000,6278.199,5860.452,2000,6142.407,5897.98,2000,6313.037,5678.476,2000,6298.212,5746.927,2000,6138.524,5887.99,2000,6167.317,5762.115,2000,6369.115,5906.882,2000,6199.742,5694.342,2000,6189.846,5840.463,2000,6362.437,5675.837,2000,6220.353,5779.855,2000,6126.836,5916.408,2000,6239.747,5719.519,2000,6161.181,5697.57,2000,6332.181,5669.463,2000,6254.516,5727.421,2000,6355.276,5803.034,2000,6372.435
5872.918,2000,6343.102,5823.793,2000,6128.839,5912.601,2000,6278.249,5860.559,2000,6142.229,5898.157,2000,6313.146,5678.281,2000,6298.287,5746.833,2000,6138.339,5888.15,2000,6167.183,5762.069,2000,6369.318,5907.076,2000,6199.665,5694.17,2000,6189.729,5840.544,2000,6362.629,5675.64,2000,6220.286,5779.822,2000,6126.63,5916.616,2000,6239.733,5719.379,2000,6161.027,5697.411,2000,6332.316,5669.254,2000,6254.515,5727.314,2000,6355.455,5803.053,2000,6372.642
5873.054,2000,6343.26,5823.836,2000,6128.635,5912.803,2000,6278.299,5860.667,2000,6142.05,5898.334,2000,6313.254,5678.087,2000,6298.362,5746.738,2000,6138.153,5888.31,2000,6167.049,5762.023,2000,6369.521,5907.27,2000,6199.588,5693.998,2000,6189.612,5840.625,2000,6362.821,5675.442,2000,6220.22,5779.79,2000,6126.425,5916.824,2000,6239.72,5719.239,2000,6160.873,5697.252,2000,6332.451,5669.046,2000,6254.515,5727.208,2000,6355.634,5803.071,2000,6372.85
5873.19,2000,6343.418,5823.878,2000,6128.431,5913.005,2000,6278.349,5860.774,2000,6141.871,5898.512,2000,6313.363,5677.893,2000,6298.437,5746.643,2000,6137.968,5888.469,2000,6166.916,5761.978,2000,6369.725,5907.463,2000,6199.512,5693.825,2000,6189.495,5840.706,2000,6363.013,5675.244,2000,6220.153,5779.757,2000,6126.219,5917.032,2000,6239.707,5719.099,2000,6160.719,5697.094,2000,6332.585,5668.837,2000,6254.514,5727.102,2000,6355.813,5803.09,2000,6373.057
5873.326,2000,6343.577,5823.921,2000,6128.227,5913.208,2000,6278.398,5860.881,2000,6141.692,5898.689,2000,6313.472,5677.698,2000,6298.511,5746.548,2000,6137.782,5888.629,2000,6166.782,5761.932,2000,6369.928,5907.657,2000,6199.435,5693.653,2000,6189.377,5840.787,2000,6363.205,5675.046,2000,6220.087,5779.724,2000,6126.014,5917.24,2000,6239.694,5718.958,2000,6160.565,5696.935,2000,6332.72,5668.629,2000,6254.514,5726.995,2000,6355.993,5803.108,2000,6373.265
5873.461,2000,6343.735,5823.963,2000,6128.023,5913.41,2000,6278.448,5860.989,2000,6141.514,5898.866,2000,6313.581,5677.504,2000,6298.586,5746.454,2000,6137.597,5888.789,2000,6166.648,5761.886,2000,6370.131,5907.851,2000,6199.358,5693.48,2000,6189.26,5840.868,2000,6363.396,5674.849,2000,6220.021,5779.691,2000,6125.808,5917.448,2000,6239.681,5718.818,2000,6160.412,5696.776,2000,6332.855,5668.42,2000,6254.513,5726.889,2000,6356.172,5803.127,2000,6373.472
5873.597,2000,6343.893,5824.006,2000,6127.819,5913.612,2000,6278.498,5861.096,2000,6141.335,5899.043,2000,6313.69,5677.31,2000,6298.661,5746.359,2000,6137.411,5888.948,2000,6166.514,5761.84,2000,6370.334,5908.045,2000,6199.282,5693.308,2000,6189.143,5840.949,2000,6363.588,5674.651,2000,6219.954,5779.659,2000,6125.603,5917.656,2000,6239.667,5718.678,2000,6160.258,5696.618,2000,6332.99,5668.212,2000,6254.513,5726.782,2000,6356.351,5803.146,2000,6373.68
5873.733,2000,6344.051,5824.048,2000,6127.615,5913.814,2000,6278.548,5861.204,2000,6141.156,5899.221,2000,6313.799,5677.115,2000,6298.735,5746.264,2000,6137.226,5889.108,2000,6166.38,5761.794,2000,6370.537,5908.239,2000,6199.205,5693.136,2000,6189.026,5841.03,2000,6363.78,5674.453,2000,6219.888,5779.626,2000,6125.397,5917.864,2000,6239.654,5718.538,2000,6160.104,5696.459,2000,6333.125,5668.003,2000,6254.512,5726.676,2000,6356.53,5803.164,2000,6373.887
5873.869,2000,6344.209,5824.091,2000,6127.411,5914.016,2000,6278.598,5861.311,2000,6140.978,5899.398,2000,6313.908,5676.921,2000,6298.81,5746.169,2000,6137.04,5889.268,2000,6166.247,5761.748,2000,6370.74,5908.433,2000,6199.128,5692.963,2000,6188.909,5841.111,2000,6363.972,5674.255,2000,6219.821,5779.593,2000,6125.191,5918.072,2000,6239.641,5718.398,2000,6159.949,5696.3,2000,6333.259,5667.795,2000,6254.512,5726.569,2000,6356.709,5803.183,2000,6374.095
5874.004,2000,6344.368,5824.133,2000,6127.207,5914.218,2000,6278.647,5861.418,2000,6140.799,5899.575,2000,6314.017,5676.727,2000,6298.885,5746.075,2000,6136.854,5889.427,2000,6166.113,5761.702,2000,6370.943,5908.626,2000,6199.052,5692.791,2000,6188.792,5841.192,2000,6364.164,5674.058,2000,6219.755,5779.561,2000,6124.986,5918.28,2000,6239.628,5718.258,2000,6159.795,5696.142,2000,6333.394,5667.586,2000,6254.511,5726.463,2000,6356.889,5803.201,2000,6374.302
5874.14,2000,6344.526,5824.176,2000,6127.002,5914.42,2000,6278.697,5861.526,2000,6140.62,5899.752,2000,6314.126,5676.532,2000,6298.959,5745.98,2000,6136.669,5889.587,2000,6165.979,5761.656,2000,6371.146,5908.82,2000,6198.975,5692.619,2000,6188.674,5841.273,2000,6364.356,5673.86,2000,6219.689,5779.528,2000,6124.78,5918.488,2000,6239.615,5718.118,2000,6159.641,5695.983,2000,6333.529,5667.378,2000,6254.511,5726.356,2000,6357.068,5803.22,2000,6374.51
5874.276,2000,6344.684,5824.218,2000,6126.798,5914.623,2000,6278.747,5861.633,2000,6140.441,5899.93,2000,6314.235,5676.338,2000,6299.034,5745.885,2000,6136.483,5889.747,2000,6165.845,5761.61,2000,6371.35,5909.014,2000,6198.898,5692.446,2000,6188.557,5841.354,2000,6364.548,5673.662,2000,6219.624,5779.496,2000,6124.575,5918.696,2000,6239.602,5717.978,2000,6159.486,5695.824,2000,6333.664,5667.169,2000,6254.51,5726.25,2000,6357.247,5803.238,2000,6374.717
5874.412,2000,6344.842,5824.261,2000,6126.594,5914.825,2000,6278.797,5861.741,2000,6140.263,5900.107,2000,6314.344,5676.144,2000,6299.109,5745.791,2000,6136.298,5889.906,2000,6165.711,5761.564,2000,6371.553,5909.208,2000,6198.822,5692.274,2000,6188.44,5841.436,2000,6364.74,5673.464,2000,6219.558,5779.464,2000,6124.369,5918.904,2000,6239.588,5717.837,2000,6159.332,5695.666,2000,6333.798,5666.961,2000,6254.51,5726.144,2000,6357.426,5803.257,2000,6374.925
5874.547,2000,6345,5824.303,2000,6126.39,5915.027,2000,6278.847,5861.848,2000,6140.084,5900.284,2000,6314.453,5675.949,2000,6299.184,5745.696,2000,6136.112,5890.066,2000,6165.578,5761.519,2000,6371.756,5909.402,2000,6198.745,5692.102,2000,6188.323,5841.517,2000,6364.932,5673.267,2000,6219.492,5779.432,2000,6124.164,5919.112,2000,6239.575,5717.697,2000,6159.178,5695.507,2000,6333.933,5666.752,2000,6254.509,5726.037,2000,6357.605,5803.275,2000,6375.132
5874.683,2000,6345.159,5824.346,2000,6126.186,5915.229,2000,6278.896,5861.956,2000,6139.905,5900.461,2000,6314.563,5675.755,2000,6299.258,5745.601,2000,6135.927,5890.226,2000,6165.444,5761.473,2000,6371.959,5909.596,2000,6198.668,5691.929,2000,6188.206,5841.598,2000,6365.124,5673.069,2000,6219.426,5779.399,2000,6123.958,5919.32,2000,6239.562,5717.557,2000,6159.023,5695.348,2000,6334.068,5666.544,2000,6254.509,5725.931,2000,6357.785,5803.294,2000,6375.34
5874.819,2000,6345.317,5824.388,2000,6125.982,5915.431,2000,6278.946,5862.063,2000,6139.727,5900.639,2000,6314.672,5675.561,2000,6299.333,5745.506,2000,6135.741,5890.385,2000,6165.31,5761.427,2000,6372.162,5909.79,2000,6198.592,5691.757,2000,6188.088,5841.679,2000,6365.315,5672.871,2000,6219.36,5779.367,2000,6123.752,5919.528,2000,6239.549,5717.417,2000,6158.869,5695.189,2000,6334.203,5666.335,2000,6254.508,5725.824,2000,6357.964,5803.313,2000,6375.547
5874.955,2000,6345.475,5824.431,2000,6125.778,5915.633,2000,6278.996,5862.17,2000,6139.548,5900.816,2000,6314.781,5675.366,2000,6299.408,5745.412,2000,6135.556,5890.545,2000,6165.176,5761.381,2000,6372.365,5909.983,2000,6198.515,5691.584,2000,6187.971,5841.76,2000,6365.507,5672.673,2000,6219.294,5779.335,2000,6123.547,5919.736,2000,6239.536,5717.277,2000,6158.715,5695.031,2000,6334.337,5666.127,2000,6254.508,5725.718,2000,6358.143,5803.331,2000,6375.755
5875.09,2000,6345.633,5824.473,2000,6125.574,5915.835,2000,6279.046,5862.278,2000,6139.369,5900.993,2000,6314.891,5675.172,2000,6299.482,5745.317,2000,6135.37,5890.705,2000,6165.042,5761.335,2000,6372.568,5910.177,2000,6198.438,5691.412,2000,6187.854,5841.841,2000,6365.699,5672.476,2000,6219.228,5779.303,2000,6123.341,5919.944,2000,6239.522,5717.137,2000,6158.561,5694.872,2000,6334.472,5665.918,2000,6254.507,5725.611,2000,6358.322,5803.35,2000,6375.962
5875.226,2000,6345.792,5824.516,2000,6125.37,5916.038,2000,6279.096,5862.385,2000,6139.19,5901.17,2000,6315,5674.978,2000,6299.557,5745.222,2000,6135.185,5890.864,2000,6164.909,5761.289,2000,6372.771,5910.371,2000,6198.362,5691.24,2000,6187.737,5841.922,2000,6365.891,5672.278,2000,6219.162,5779.271,2000,6123.136,5920.152,2000,6239.509,5716.997,2000,6158.406,5694.713,2000,6334.607,5665.71,2000,6254.507,5725.505,2000,6358.501,5803.368,2000,6376.17
5875.362,2000,6345.95,5824.558,2000,6125.166,5916.24,2000,6279.146,5862.493,2000,6139.012,5901.348,2000,6315.109,5674.783,2000,6299.632,5745.127,2000,6134.999,5891.024,2000,6164.775,5761.243,2000,6372.975,5910.565,2000,6198.285,5691.067,2000,6187.62,5842.003,2000,6366.083,5672.08,2000,6219.096,5779.238,2000,6122.93,5920.36,2000,6239.496,5716.856,2000,6158.252,5694.555,2000,6334.742,5665.501,2000,6254.506,5725.398,2000,6358.681,5803.387,2000,6376.377
5875.498,2000,6346.108,5824.601,2000,6124.961,5916.442,2000,6279.195,5862.6,2000,6138.833,5901.525,2000,6315.218,5674.589,2000,6299.707,5745.033,2000,6134.813,5891.184,2000,6164.641,5761.197,2000,6373.178,5910.759,2000,6198.208,5690.895,2000,6187.502,5842.084,2000,6366.275,5671.882,2000,6219.03,5779.206,2000,6122.725,5920.568,2000,6239.483,5716.716,2000,6158.098,5694.396,2000,6334.876,5665.293,2000,6254.506,5725.292,2000,6358.86,5803.405,2000,6376.585
5875.633,2000,6346.266,5824.643,2000,6124.757,5916.644,2000,6279.245,5862.708,2000,6138.654,5901.702,2000,6315.327,5674.395,2000,6299.781,5744.938,2000,6134.628,5891.343,2000,6164.507,5761.151,2000,6373.381,5910.953,2000,6198.132,5690.723,2000,6187.385,5842.165,2000,6366.467,5671.685,2000,6218.964,5779.174,2000,6122.519,5920.776,2000,6239.47,5716.576,2000,6157.943,5694.237,2000,6335.011,5665.084,2000,6254.505,5725.186,2000,6359.039,5803.424,2000,6376.792
5875.769,2000,6346.424,5824.686,2000,6124.553,5916.846,2000,6279.295,5862.815,2000,6138.476,5901.879,2000,6315.437,5674.2,2000,6299.856,5744.843,2000,6134.442,5891.503,2000,6164.374,5761.105,2000,6373.584,5911.146,2000,6198.055,5690.55,2000,6187.268,5842.246,2000,6366.659,5671.487,2000,6218.898,5779.142,2000,6122.313,5920.984,2000,6239.457,5716.436,2000,6157.789,5694.079,2000,6335.146,5664.876,2000,6254.505,5725.079,2000,6359.218,5803.442,2000,6377
5875.905,2000,6346.583,5824.728,2000,6124.349,5917.048,2000,6279.345,5862.922,2000,6138.297,5902.057,2000,6315.546,5674.006,2000,6299.931,5744.749,2000,6134.257,5891.663,2000,6164.24,5761.06,2000,6373.787,5911.34,2000,6197.979,5690.378,2000,6187.151,5842.327,2000,6366.851,5671.289,2000,6218.833,5779.109,2000,6122.108,5921.192,2000,6239.443,5716.296,2000,6157.635,5693.92,2000,6335.281,5664.667,2000,6254.504,5724.973,2000,6359.397,5803.461,2000,6377.208
5876.041,2000,6346.741,5824.771,2000,6124.145,5917.25,2000,6279.395,5863.03,2000,6138.118,5902.234,2000,6315.655,5673.812,2000,6300.005,5744.654,2000,6134.071,5891.822,2000,6164.106,5761.014,2000,6373.99,5911.534,2000,6197.902,5690.206,2000,6187.034,5842.408,2000,6367.042,5671.091,2000,6218.767,5779.077,2000,6121.902,5921.4,2000,6239.43,5716.156,2000,6157.48,5693.761,2000,6335.416,5664.459,2000,6254.504,5724.866,2000,6359.577,5803.479,2000,6377.415
5876.176,2000,6346.899,5824.813,2000,6123.941,5917.453,2000,6279.444,5863.137,2000,6137.939,5902.411,2000,6315.765,5673.617,2000,6300.08,5744.559,2000,6133.886,5891.982,2000,6163.972,5760.968,2000,6374.193,5911.728,2000,6197.825,5690.033,2000,6186.917,5842.489,2000,6367.234,5670.894,2000,6218.701,5779.045,2000,6121.697,5921.608,2000,6239.417,5716.016,2000,6157.326,5693.603,2000,6335.55,5664.25,2000,6254.503,5724.76,2000,6359.756,5803.498,2000,6377.623
5876.312,2000,6347.057,5824.855,2000,6123.737,5917.655,2000,6279.494,5863.245,2000,6137.761,5902.588,2000,6315.874,5673.423,2000,6300.155,5744.464,2000,6133.7,5892.142,2000,6163.838,5760.922,2000,6374.396,5911.922,2000,6197.749,5689.861,2000,6186.799,5842.57,2000,6367.426,5670.696,2000,6218.635,5779.013,2000,6121.491,5921.816,2000,6239.404,5715.875,2000,6157.172,5693.444,2000,6335.685,5664.042,2000,6254.503,5724.653,2000,6359.935,5803.517,2000,6377.83
5876.448,2000,6347.215,5824.898,2000,6123.533,5917.857,2000,6279.544,5863.352,2000,6137.582,5902.766,2000,6315.983,5673.229,2000,6300.229,5744.37,2000,6133.515,5892.301,2000,6163.705,5760.876,2000,6374.6,5912.116,2000,6197.672,5689.688,2000,6186.682,5842.651,2000,6367.618,5670.498,2000,6218.569,5778.98,2000,6121.285,5922.024,2000,6239.391,5715.735,2000,6157.018,5693.285,2000,6335.82,5663.833,2000,6254.502,5724.547,2000,6360.114,5803.535,2000,6378.038
5876.583,2000,6347.374,5824.94,2000,6123.329,5918.059,2000,6279.594,5863.459,2000,6137.403,5902.943,2000,6316.093,5673.034,2000,6300.304,5744.275,2000,6133.329,5892.461,2000,6163.571,5760.83,2000,6374.803,5912.31,2000,6197.595,5689.516,2000,6186.565,5842.732,2000,6367.81,5670.3,2000,6218.503,5778.948,2000,6121.079,5922.232,2000,6239.377,5715.595,2000,6156.863,5693.126,2000,6335.955,5663.625,2000,6254.502,5724.44,2000,6360.293,5803.554,2000,6378.245
5876.719,2000,6347.532,5824.983,2000,6123.125,5918.261,2000,6279.644,5863.567,2000,6137.225,5903.12,2000,6316.202,5672.84,2000,6300.379,5744.181,2000,6133.144,5892.621,2000,6163.437,5760.784,2000,6375.006,5912.503,2000,6197.519,5689.344,2000,6186.448,5842.813,2000,6368.002,5670.103,2000,6218.437,5778.916,2000,6120.873,5922.44,2000,6239.364,5715.455,2000,6156.709,5692.968,2000,6336.089,5663.417,2000,6254.501,5724.334,2000,6360.473,5803.572,2000,6378.453
5876.855,2000,6347.69,5825.025,2000,6122.92,5918.463,2000,6279.693,5863.674,2000,6137.046,5903.297,2000,6316.312,5672.646,2000,6300.454,5744.086,2000,6132.958,5892.78,2000,6163.303,5760.738,2000,6375.209,5912.697,2000,6197.442,5689.171,2000,6186.331,5842.895,2000,6368.194,5669.905,2000,6218.371,5778.884,2000,6120.667,5922.648,2000,6239.351,5715.315,2000,6156.555,5692.809,2000,6336.224,5663.208,2000,6254.501,5724.228,2000,6360.652,5803.591,2000,6378.66
5876.991,2000,6347.848,5825.068,2000,6122.716,5918.666,2000,6279.743,5863.782,2000,6136.867,5903.475,2000,6316.421,5672.451,2000,6300.528,5743.992,2000,6132.772,5892.94,2000,6163.169,5760.692,2000,6375.412,5912.891,2000,6197.365,5688.999,2000,6186.213,5842.976,2000,6368.386,5669.707,2000,6218.305,5778.852,2000,6120.461,5922.856,2000,6239.338,5715.175,2000,6156.4,5692.65,2000,6336.359,5663,2000,6254.5,5724.121,2000,6360.831,5803.609,2000,6378.868
5877.126,2000,6348.006,5825.11,2000,6122.512,5918.868,2000,6279.793,5863.889,2000,6136.688,5903.652,2000,6316.53,5672.257,2000,6300.603,5743.898,2000,6132.587,5893.1,2000,6163.036,5760.646,2000,6375.615,5913.085,2000,6197.289,5688.827,2000,6186.096,5843.057,2000,6368.578,5669.509,2000,6218.239,5778.819,2000,6120.255,5923.064,2000,6239.325,5715.035,2000,6156.246,5692.492,2000,6336.494,5662.791,2000,6254.5,5724.015,2000,6361.01,5803.628,2000,6379.075
5877.262,2000,6348.165,5825.153,2000,6122.308,5919.07,2000,6279.843,5863.997,2000,6136.51,5903.829,2000,6316.64,5672.063,2000,6300.678,5743.804,2000,6132.401,5893.259,2000,6162.902,5760.601,2000,6375.818,5913.279,2000,6197.212,5688.654,2000,6185.979,5843.138,2000,6368.77,5669.312,2000,6218.173,5778.787,2000,6120.049,5923.272,2000,6239.312,5714.895,2000,6156.092,5692.333,2000,6336.628,5662.583,2000,6254.5,5723.908,2000,6361.189,5803.646,2000,6379.283
5877.398,2000,6348.323,5825.195,2000,6122.104,5919.272,2000,6279.893,5864.104,2000,6136.331,5904.006,2000,6316.749,5671.868,2000,6300.752,5743.709,2000,6132.216,5893.419,2000,6162.768,5760.555,2000,6376.021,5913.473,2000,6197.135,5688.482,2000,6185.862,5843.219,2000,6368.961,5669.114,2000,6218.107,5778.755,2000,6119.843,5923.48,2000,6239.298,5714.754,2000,6155.938,5692.174,2000,6336.763,5662.374,2000,6254.499,5723.802,2000,6361.369,5803.665,2000,6379.49
5877.534,2000,6348.481,5825.238,2000,6121.9,5919.474,2000,6279.942,5864.211,2000,6136.152,5904.184,2000,6316.858,5671.674,2000,6300.827,5743.615,2000,6132.03,5893.579,2000,6162.634,5760.509,2000,6376.225,5913.667,2000,6197.059,5688.31,2000,6185.745,5843.3,2000,6369.153,5668.916,2000,6218.042,5778.723,2000,6119.637,5923.688,2000,6239.285,5714.614,2000,6155.783,5692.016,2000,6336.898,5662.166,2000,6254.499,5723.695,2000,6361.548,5803.684,2000,6379.698
5877.669,2000,6348.639,5825.28,2000,6121.696,5919.676,2000,6279.992,5864.319,2000,6135.974,5904.361,2000,6316.968,5671.479,2000,6300.902,5743.521,2000,6131.845,5893.738,2000,6162.5,5760.463,2000,6376.428,5913.86,2000,6196.982,5688.137,2000,6185.627,5843.381,2000,6369.345,5668.718,2000,6217.976,5778.69,2000,6119.431,5923.896,2000,6239.272,5714.474,2000,6155.629,5691.857,2000,6337.033,5661.957,2000,6254.498,5723.589,2000,6361.727,5803.702,2000,6379.905
5877.805,2000,6348.797,5825.323,2000,6121.492,5919.878,2000,6280.042,5864.426,2000,6135.795,5904.538,2000,6317.077,5671.285,2000,6300.977,5743.427,2000,6131.659,5893.898,2000,6162.367,5760.417,2000,6376.631,5914.054,2000,6196.905,5687.965,2000,6185.51,5843.462,2000,6369.537,5668.521,2000,6217.91,5778.658,2000,6119.225,5924.104,2000,6239.259,5714.334,2000,6155.475,5691.698,2000,6337.167,5661.749,2000,6254.498,5723.482,2000,6361.906,5803.721,2000,6380.113
5877.941,2000,6348.956,5825.365,2000,6121.288,5920.081,2000,6280.092,5864.534,2000,6135.616,5904.715,2000,6317.187,5671.091,2000,6301.051,5743.333,2000,6131.474,5894.058,2000,6162.233,5760.371,2000,6376.834,5914.248,2000,6196.829,5687.792,2000,6185.393,5843.543,2000,6369.729,5668.323,2000,6217.844,5778.626,2000,6119.019,5924.312,2000,6239.246,5714.194,2000,6155.32,5691.54,2000,6337.302,5661.54,2000,6254.497,5723.376,2000,6362.085,5803.739,2000,6380.32
5878.077,2000,6349.114,5825.408,2000,6121.083,5920.283,2000,6280.142,5864.641,2000,6135.438,5904.893,2000,6317.296,5670.896,2000,6301.126,5743.238,2000,6131.288,5894.217,2000,6162.099,5760.325,2000,6377.037,5914.442,2000,6196.752,5687.62,2000,6185.276,5843.624,2000,6369.921,5668.125,2000,6217.778,5778.594,2000,6118.813,5924.52,2000,6239.232,5714.054,2000,6155.166,5691.381,2000,6337.437,5661.332,2000,6254.497,5723.27,2000,6362.265,5803.758,2000,6380.528
5878.212,2000,6349.272,5825.45,2000,6120.879,5920.485,2000,6280.191,5864.749,2000,6135.259,5905.07,2000,6317.405,5670.702,2000,6301.201,5743.144,2000,6131.103,5894.377,2000,6161.965,5760.279,2000,6377.24,5914.636,2000,6196.675,5687.448,2000,6185.159,5843.705,2000,6370.113,5667.927,2000,6217.712,5778.562,2000,6118.606,5924.728,2000,6239.219,5713.914,2000,6155.012,5691.222,2000,6337.572,5661.123,2000,6254.496,5723.163,2000,6362.444,5803.776,2000,6380.735
5878.348,2000,6349.43,5825.493,2000,6120.675,5920.687,2000,6280.241,5864.856,2000,6135.08,5905.247,2000,6317.515,5670.508,2000,6301.275,5743.05,2000,6130.917,5894.537,2000,6161.832,5760.233,2000,6377.443,5914.83,2000,6196.599,5687.275,2000,6185.042,5843.786,2000,6370.305,5667.729,2000,6217.646,5778.529,2000,6118.4,5924.936,2000,6239.206,5713.773,2000,6154.857,5691.063,2000,6337.707,5660.915,2000,6254.496,5723.057,2000,6362.623,5803.795,2000,6380.943
5878.484,2000,6349.588,5825.535,2000,6120.471,5920.889,2000,6280.291,5864.963,2000,6134.901,5905.424,2000,6317.624,5670.313,2000,6301.35,5742.956,2000,6130.731,5894.696,2000,6161.698,5760.188,2000,6377.646,5915.023,2000,6196.522,5687.103,2000,6184.925,5843.867,2000,6370.497,5667.532,2000,6217.58,5778.497,2000,6118.194,5925.144,2000,6239.193,5713.633,2000,6154.703,5690.904,2000,6337.841,5660.706,2000,6254.495,5722.95,2000,6362.802,5803.813,2000,6381.15
5878.62,2000,6349.747,5825.578,2000,6120.267,5921.091,2000,6280.341,5865.071,2000,6134.723,5905.602,2000,6317.733,5670.119,2000,6301.425,5742.861,2000,6130.546,5894.856,2000,6161.564,5760.142,2000,6377.85,5915.217,2000,6196.445,5686.931,2000,6184.808,5843.948,2000,6370.688,5667.334,2000,6217.514,5778.465,2000,6117.988,5925.352,2000,6239.18,5713.493,2000,6154.549,5690.745,2000,6337.976,5660.498,2000,6254.495,5722.844,2000,6362.981,5803.832,2000,6381.358
5878.755,2000,6349.905,5825.62,2000,6120.063,5921.293,2000,6280.391,5865.178,2000,6134.544,5905.779,2000,6317.843,5669.925,2000,6301.5,5742.767,2000,6130.36,5895.016,2000,6161.43,5760.096,2000,6378.053,5915.411,2000,6196.369,5686.758,2000,6184.691,5844.029,2000,6370.88,5667.136,2000,6217.448,5778.433,2000,6117.782,5925.56,2000,6239.167,5713.353,2000,6154.395,5690.586,2000,6338.111,5660.289,2000,6254.495,5722.737,2000,6363.161,5803.851,2000,6381.565
5878.891,2000,6350.063,5825.663,2000,6119.859,5921.496,2000,6280.44,5865.286,2000,6134.365,5905.956,2000,6317.952,5669.73,2000,6301.574,5742.673,2000,6130.175,5895.175,2000,6161.296,5760.05,2000,6378.256,5915.605,2000,6196.292,5686.586,2000,6184.574,5844.11,2000,6371.072,5666.938,2000,6217.382,5778.4,2000,6117.576,5925.768,2000,6239.153,5713.213,2000,6154.24,5690.427,2000,6338.246,5660.081,2000,6254.494,5722.631,2000,6363.34,5803.869,2000,6381.773
5879.027,2000,6350.221,5825.705,2000,6119.655,5921.698,2000,6280.49,5865.393,2000,6134.187,5906.133,2000,6318.062,5669.536,2000,6301.649,5742.579,2000,6129.989,5895.335,2000,6161.163,5760.004,2000,6378.459,5915.799,2000,6196.215,5686.414,2000,6184.458,5844.191,2000,6371.264,5666.741,2000,6217.316,5778.368,2000,6117.37,5925.976,2000,6239.14,5713.073,2000,6154.086,5690.268,2000,6338.38,5659.872,2000,6254.494,5722.524,2000,6363.519,5803.888,2000,6381.98
5879.163,2000,6350.379,5825.748,2000,6119.451,5921.9,2000,6280.54,5865.5,2000,6134.008,5906.311,2000,6318.171,5669.342,2000,6301.724,5742.484,2000,6129.804,5895.495,2000,6161.029,5759.958,2000,6378.662,5915.993,2000,6196.139,5686.241,2000,6184.34,5844.272,2000,6371.456,5666.543,2000,6217.25,5778.336,2000,6117.164,5926.184,2000,6239.127,5712.933,2000,6153.932,5690.109,2000,6338.515,5659.664,2000,6254.494,5722.418,2000,6363.698,5803.906,2000,6382.188
5879.298,2000,6350.538,5825.79,2000,6119.247,5922.102,2000,6280.59,5865.607,2000,6133.829,5906.488,2000,6318.28,5669.147,2000,6301.798,5742.39,2000,6129.618,5895.654,2000,6160.895,5759.912,2000,6378.865,5916.187,2000,6196.062,5686.069,2000,6184.224,5844.354,2000,6371.648,5666.345,2000,6217.185,5778.304,2000,6116.958,5926.392,2000,6239.114,5712.792,2000,6153.777,5689.951,2000,6338.65,5659.455,2000,6254.493,5722.312,2000,6363.877,5803.925,2000,6382.396
5879.434,2000,6350.696,5825.833,2000,6119.042,5922.304,2000,6280.64,5865.714,2000,6133.65,5906.665,2000,6318.39,5668.953,2000,6301.873,5742.296,2000,6129.433,5895.814,2000,6160.761,5759.866,2000,6379.068,5916.38,2000,6195.985,5685.896,2000,6184.107,5844.435,2000,6371.84,5666.147,2000,6217.119,5778.271,2000,6116.752,5926.6,2000,6239.101,5712.652,2000,6153.623,5689.792,2000,6338.785,5659.247,2000,6254.493,5722.205,2000,6364.057,5803.943,2000,6382.603
5879.57,2000,6350.854,5825.875,2000,6118.838,5922.506,2000,6280.689,5865.821,2000,6133.472,5906.842,2000,6318.499,5668.759,2000,6301.948,5742.202,2000,6129.247,5895.974,2000,6160.627,5759.82,2000,6379.271,5916.574,2000,6195.909,5685.724,2000,6183.99,5844.516,2000,6372.032,5665.95,2000,6217.053,5778.239,2000,6116.546,5926.808,2000,6239.087,5712.512,2000,6153.469,5689.632,2000,6338.919,5659.038,2000,6254.493,5722.099,2000,6364.236,5803.962,2000,6382.811
5879.706,2000,6351.012,5825.917,2000,6118.634,5922.708,2000,6280.739,5865.928,2000,6133.293,5907.02,2000,6318.607,5668.564,2000,6302.022,5742.107,2000,6129.062,5896.133,2000,6160.494,5759.774,2000,6379.475,5916.768,2000,6195.832,5685.552,2000,6183.874,5844.597,2000,6372.224,5665.752,2000,6216.987,5778.207,2000,6116.34,5927.016,2000,6239.074,5712.372,2000,6153.314,5689.474,2000,6339.054,5658.83,2000,6254.493,5721.992,2000,6364.415,5803.98,2000,6383.018
5879.841,2000,6351.17,5825.96,2000,6118.43,5922.911,2000,6280.789,5866.035,2000,6133.114,5907.197,2000,6318.716,5668.37,2000,6302.097,5742.013,2000,6128.876,5896.293,2000,6160.36,5759.729,2000,6379.678,5916.962,2000,6195.755,5685.379,2000,6183.757,5844.678,2000,6372.416,5665.554,2000,6216.921,5778.175,2000,6116.134,5927.224,2000,6239.061,5712.232,2000,6153.16,5689.314,2000,6339.189,5658.621,2000,6254.493,5721.886,2000,6364.594,5803.999,2000,6383.226
5879.977,2000,6351.329,5826.002,2000,6118.226,5923.113,2000,6280.839,5866.142,2000,6132.936,5907.374,2000,6318.825,5668.176,2000,6302.172,5741.919,2000,6128.69,5896.453,2000,6160.226,5759.683,2000,6379.881,5917.156,2000,6195.679,5685.207,2000,6183.64,5844.759,2000,6372.607,5665.356,2000,6216.855,5778.143,2000,6115.928,5927.432,2000,6239.048,5712.092,2000,6153.006,5689.155,2000,6339.324,5658.413,2000,6254.493,5721.779,2000,6364.773,5804.018,2000,6383.433
5880.113,2000,6351.487,5826.045,2000,6118.022,5923.315,2000,6280.889,5866.249,2000,6132.757,5907.551,2000,6318.934,5667.981,2000,6302.247,5741.825,2000,6128.505,5896.612,2000,6160.092,5759.637,2000,6380.084,5917.35,2000,6195.602,5685.035,2000,6183.523,5844.84,2000,6372.799,5665.159,2000,6216.789,5778.11,2000,6115.722,5927.64,2000,6239.035,5711.952,2000,6152.852,5688.996,2000,6339.458,5658.204,2000,6254.493,5721.673,2000,6364.953,5804.036,2000,6383.641
5880.249,2000,6351.645,5826.087,2000,6117.818,5923.517,2000,6280.938,5866.356,2000,6132.578,5907.729,2000,6319.043,5667.787,2000,6302.321,5741.73,2000,6128.319,5896.772,2000,6159.958,5759.591,2000,6380.287,5917.543,2000,6195.525,5684.862,2000,6183.407,5844.921,2000,6372.991,5664.961,2000,6216.723,5778.078,2000,6115.516,5927.848,2000,6239.021,5711.812,2000,6152.697,5688.837,2000,6339.593,5657.996,2000,6254.493,5721.566,2000,6365.132,5804.055,2000,6383.848
5880.384,2000,6351.803,5826.13,2000,6117.614,5923.719,2000,6280.988,5866.463,2000,6132.399,5907.906,2000,6319.152,5667.593,2000,6302.396,5741.636,2000,6128.134,5896.932,2000,6159.825,5759.545,2000,6380.49,5917.737,2000,6195.449,5684.69,2000,6183.29,5845.002,2000,6373.183,5664.763,2000,6216.657,5778.046,2000,6115.31,5928.056,2000,6239.008,5711.671,2000,6152.543,5688.678,2000,6339.728,5657.787,2000,6254.493,5721.46,2000,6365.311,5804.073,2000,6384.056
5880.52,2000,6351.961,5826.172,2000,6117.41,5923.921,2000,6281.038,5866.57,2000,6132.221,5908.083,2000,6319.261,5667.398,2000,6302.471,5741.542,2000,6127.948,5897.091,2000,6159.691,5759.499,2000,6380.693,5917.931,2000,6195.372,5684.518,2000,6183.173,5845.083,2000,6373.375,5664.565,2000,6216.591,5778.014,2000,6115.104,5928.264,2000,6238.995,5711.531,2000,6152.389,5688.519,2000,6339.863,5657.579,2000,6254.493,5721.354,2000,6365.49,5804.092,2000,6384.263
5880.656,2000,6352.12,5826.215,2000,6117.206,5924.124,2000,6281.088,5866.677,2000,6132.042,5908.26,2000,6319.37,5667.204,2000,6302.545,5741.448,2000,6127.762,5897.251,2000,6159.557,5759.453,2000,6380.896,5918.125,2000,6195.295,5684.345,2000,6183.057,5845.164,2000,6373.567,5664.368,2000,6216.525,5777.981,2000,6114.897,5928.472,2000,6238.982,5711.391,2000,6152.234,5688.36,2000,6339.998,5657.37,2000,6254.493,5721.247,2000,6365.669,5804.11,2000,6384.471
5880.792,2000,6352.278,5826.257,2000,6117.001,5924.326,2000,6281.138,5866.784,2000,6131.863,5908.438,2000,6319.479,5667.01,2000,6302.62,5741.354,2000,6127.576,5897.411,2000,6159.423,5759.407,2000,6381.1,5918.319,2000,6195.219,5684.173,2000,6182.94,5845.245,2000,6373.759,5664.17,2000,6216.46,5777.949,2000,6114.691,5928.68,2000,6238.969,5711.251,2000,6152.08,5688.201,2000,6340.132,5657.162,2000,6254.493,5721.141,2000,6365.849,5804.129,2000,6384.678
5880.927,2000,6352.436,5826.3,2000,6116.797,5924.528,2000,6281.188,5866.891,2000,6131.685,5908.615,2000,6319.588,5666.815,2000,6302.695,5741.259,2000,6127.39,5897.57,2000,6159.29,5759.361,2000,6381.303,5918.513,2000,6195.142,5684,2000,6182.823,5845.326,2000,6373.951,5663.972,2000,6216.395,5777.917,2000,6114.485,5928.888,2000,6238.956,5711.111,2000,6151.926,5688.042,2000,6340.267,5656.953,2000,6254.493,5721.034,2000,6366.028,5804.147,2000,6384.886
5881.063,2000,6352.594,5826.342,2000,6116.593,5924.73,2000,6281.237,5866.998,2000,6131.506,5908.792,2000,6319.697,5666.621,2000,6302.77,5741.165,2000,6127.204,5897.73,2000,6159.156,5759.315,2000,6381.506,5918.707,2000,6195.065,5683.828,2000,6182.707,5845.407,2000,6374.143,5663.774,2000,6216.329,5777.885,2000,6114.279,5929.096,2000,6238.942,5710.971,2000,6151.771,5687.882,2000,6340.402,5656.745,2000,6254.493,5720.928,2000,6366.207,5804.166,2000,6385.093
5881.199,2000,6352.752,5826.385,2000,6116.389,5924.932,2000,6281.287,5867.104,2000,6131.327,5908.969,2000,6319.806,5666.427,2000,6302.844,5741.071,2000,6127.018,5897.89,2000,6159.022,5759.27,2000,6381.709,5918.9,2000,6194.989,5683.656,2000,6182.59,5845.488,2000,6374.334,5663.577,2000,6216.264,5777.853,2000,6114.073,5929.304,2000,6238.929,5710.831,2000,6151.617,5687.723,2000,6340.537,5656.536,2000,6254.493,5720.821,2000,6366.386,5804.185,2000,6385.301
5881.334,2000,6352.911,5826.427,2000,6116.185,5925.134,2000,6281.337,5867.211,2000,6131.148,5909.146,2000,6319.915,5666.232,2000,6302.919,5740.977,2000,6126.832,5898.049,2000,6158.888,5759.224,2000,6381.912,5919.094,2000,6194.912,5683.483,2000,6182.473,5845.569,2000,6374.526,5663.379,2000,6216.198,5777.82,2000,6113.867,5929.512,2000,6238.916,5710.69,2000,6151.463,5687.564,2000,6340.671,5656.328,2000,6254.493,5720.715,2000,6366.565,5804.203,2000,6385.508
5881.47,2000,6353.069,5826.47,2000,6115.981,5925.336,2000,6281.387,5867.318,2000,6130.97,5909.324,2000,6320.023,5666.038,2000,6302.994,5740.882,2000,6126.646,5898.209,2000,6158.754,5759.178,2000,6382.115,5919.288,2000,6194.835,5683.311,2000,6182.356,5845.65,2000,6374.718,5663.181,2000,6216.133,5777.788,2000,6113.661,5929.72,2000,6238.903,5710.55,2000,6151.309,5687.405,2000,6340.806,5656.119,2000,6254.493,5720.608,2000,6366.745,5804.222,2000,6385.716
5881.606,2000,6353.227,5826.512,2000,6115.777,5925.539,2000,6281.437,5867.425,2000,6130.791,5909.501,2000,6320.132,5665.844,2000,6303.068,5740.788,2000,6126.459,5898.369,2000,6158.621,5759.132,2000,6382.318,5919.482,2000,6194.759,5683.139,2000,6182.24,5845.731,2000,6374.91,5662.983,2000,6216.067,5777.756,2000,6113.455,5929.928,2000,6238.89,5710.41,2000,6151.154,5687.246,2000,6340.941,5655.911,2000,6254.493,5720.502,2000,6366.924,5804.24,2000,6385.923
5881.742,2000,6353.385,5826.555,2000,6115.573,5925.741,2000,6281.486,5867.532,2000,6130.612,5909.678,2000,6320.241,5665.649,2000,6303.143,5740.694,2000,6126.273,5898.528,2000,6158.487,5759.086,2000,6382.521,5919.676,2000,6194.682,5682.966,2000,6182.123,5845.813,2000,6375.102,5662.786,2000,6216.002,5777.724,2000,6113.249,5930.136,2000,6238.876,5710.27,2000,6151,5687.086,2000,6341.076,5655.702,2000,6254.493,5720.396,2000,6367.103,5804.259,2000,6386.131
5881.877,2000,6353.543,5826.597,2000,6115.369,5925.943,2000,6281.536,5867.639,2000,6130.434,5909.855,2000,6320.35,5665.455,2000,6303.218,5740.6,2000,6126.087,5898.688,2000,6158.353,5759.04,2000,6382.725,5919.87,2000,6194.605,5682.794,2000,6182.006,5845.894,2000,6375.294,5662.588,2000,6215.937,5777.691,2000,6113.043,5930.344,2000,6238.863,5710.13,2000,6150.846,5686.927,2000,6341.21,5655.494,2000,6254.493,5720.289,2000,6367.282,5804.277,2000,6386.338
5882.013,2000,6353.702,5826.64,2000,6115.165,5926.145,2000,6281.586,5867.746,2000,6130.255,5910.033,2000,6320.459,5665.261,2000,6303.292,5740.505,2000,6125.901,5898.848,2000,6158.219,5758.994,2000,6382.928,5920.063,2000,6194.529,5682.622,2000,6181.89,5845.975,2000,6375.486,5662.39,2000,6215.871,5777.659,2000,6112.837,5930.552,2000,6238.85,5709.99,2000,6150.691,5686.768,2000,6341.345,5655.285,2000,6254.493,5720.183,2000,6367.461,5804.296,2000,6386.546
5882.149,2000,6353.86,5826.682,2000,6114.96,5926.347,2000,6281.636,5867.853,2000,6130.076,5910.21,2000,6320.568,5665.066,2000,6303.367,5740.411,2000,6125.715,5899.007,2000,6158.085,5758.948,2000,6383.131,5920.257,2000,6194.452,5682.449,2000,6181.773,5846.056,2000,6375.678,5662.192,2000,6215.806,5777.627,2000,6112.631,5930.76,2000,6238.837,5709.85,2000,6150.537,5686.609,2000,6341.48,5655.077,2000,6254.493,5720.076,2000,6367.641,5804.314,2000,6386.753
5882.285,2000,6354.018,5826.725,2000,6114.756,5926.549,2000,6281.686,5867.96,2000,6129.897,5910.387,2000,6320.677,5664.872,2000,6303.442,5740.317,2000,6125.529,5899.167,2000,6157.952,5758.902,2000,6383.334,5920.451,2000,6194.375,5682.277,2000,6181.656,5846.137,2000,6375.87,5661.995,2000,6215.74,5777.595,2000,6112.425,5930.968,2000,6238.824,5709.709,2000,6150.383,5686.45,2000,6341.615,5654.868,2000,6254.493,5719.97,2000,6367.82,5804.333,2000,6386.961
5882.42,2000,6354.176,5826.767,2000,6114.552,5926.751,2000,6281.735,5868.067,2000,6129.719,5910.564,2000,6320.787,5664.678,2000,6303.517,5740.223,2000,6125.343,5899.327,2000,6157.818,5758.856,2000,6383.537,5920.645,2000,6194.299,5682.104,2000,6181.54,5846.218,2000,6376.062,5661.797,2000,6215.675,5777.563,2000,6112.219,5931.176,2000,6238.811,5709.569,2000,6150.229,5686.291,2000,6341.75,5654.66,2000,6254.493,5719.863,2000,6367.999,5804.352,2000,6387.168
5882.556,2000,6354.334,5826.81,2000,6114.348,5926.954,2000,6281.785,5868.174,2000,6129.54,5910.742,2000,6320.896,5664.483,2000,6303.591,5740.128,2000,6125.157,5899.486,2000,6157.684,5758.811,2000,6383.74,5920.839,2000,6194.222,5681.932,2000,6181.423,5846.299,2000,6376.253,5661.599,2000,6215.609,5777.53,2000,6112.013,5931.384,2000,6238.797,5709.429,2000,6150.074,5686.131,2000,6341.884,5654.451,2000,6254.493,5719.757,2000,6368.178,5804.37,2000,6387.376
5882.692,2000,6354.493,5826.852,2000,6114.144,5927.156,2000,6281.835,5868.281,2000,6129.361,5910.919,2000,6321.005,5664.289,2000,6303.666,5740.034,2000,6124.971,5899.646,2000,6157.55,5758.765,2000,6383.943,5921.033,2000,6194.146,5681.76,2000,6181.306,5846.38,2000,6376.445,5661.401,2000,6215.544,5777.498,2000,6111.807,5931.592,2000,6238.784,5709.289,2000,6149.92,5685.972,2000,6342.019,5654.243,2000,6254.493,5719.65,2000,6368.357,5804.389,2000,6387.583
5882.828,2000,6354.651,5826.895,2000,6113.94,5927.358,2000,6281.885,5868.388,2000,6129.183,5911.096,2000,6321.115,5664.095,2000,6303.741,5739.94,2000,6124.785,5899.806,2000,6157.417,5758.719,2000,6384.146,5921.227,2000,6194.069,5681.587,2000,6181.189,5846.461,2000,6376.637,5661.204,2000,6215.479,5777.466,2000,6111.601,5931.8,2000,6238.771,5709.149,2000,6149.766,5685.813,2000,6342.154,5654.034,2000,6254.493,5719.544,2000,6368.537,5804.407,2000,6387.791
5882.963,2000,6354.809,5826.937,2000,6113.736,5927.56,2000,6281.935,5868.495,2000,6129.004,5911.273,2000,6321.224,5663.9,2000,6303.815,5739.846,2000,6124.599,5899.965,2000,6157.283,5758.673,2000,6384.35,5921.42,2000,6193.992,5681.415,2000,6181.073,5846.542,2000,6376.829,5661.006,2000,6215.413,5777.435,2000,6111.395,5932.008,2000,6238.758,5709.009,2000,6149.611,5685.654,2000,6342.289,5653.826,2000,6254.493,5719.438,2000,6368.716,5804.426,2000,6387.999
5883.099,2000,6354.967,5826.979,2000,6113.532,5927.762,2000,6281.984,5868.602,2000,6128.825,5911.451,2000,6321.333,5663.706,2000,6303.89,5739.751,2000,6124.413,5900.125,2000,6157.149,5758.627,2000,6384.553,5921.614,2000,6193.916,5681.243,2000,6180.956,5846.623,2000,6377.021,5660.808,2000,6215.348,5777.403,2000,6111.188,5932.216,2000,6238.745,5708.869,2000,6149.457,5685.495,2000,6342.423,5653.617,2000,6254.493,5719.331,2000,6368.895,5804.444,2000,6388.206
5883.235,2000,6355.125,5827.022,2000,6113.328,5927.964,2000,6282.034,5868.708,2000,6128.646,5911.628,2000,6321.442,5663.512,2000,6303.965,5739.657,2000,6124.227,5900.285,2000,6157.015,5758.581,2000,6384.756,5921.808,2000,6193.839,5681.07,2000,6180.839,5846.704,2000,6377.213,5660.61,2000,6215.282,5777.371,2000,6110.982,5932.424,2000,6238.731,5708.729,2000,6149.303,5685.336,2000,6342.558,5653.409,2000,6254.493,5719.225,2000,6369.074,5804.463,2000,6388.414
5883.371,2000,6355.284,5827.064,2000,6113.124,5928.167,2000,6282.084,5868.815,2000,6128.468,5911.805,2000,6321.551,5663.317,2000,6304.04,5739.563,2000,6124.041,5900.444,2000,6156.881,5758.535,2000,6384.959,5922.002,2000,6193.762,5680.898,2000,6180.723,5846.785,2000,6377.405,5660.413,2000,6215.217,5777.339,2000,6110.776,5932.632,2000,6238.718,5708.588,2000,6149.148,5685.177,2000,6342.693,5653.2,2000,6254.493,5719.118,2000,6369.253,5804.481,2000,6388.621
5883.506,2000,6355.442,5827.107,2000,6112.919,5928.369,2000,6282.134,5868.922,2000,6128.289,5911.982,2000,6321.66,5663.123,2000,6304.114,5739.469,2000,6123.855,5900.604,2000,6156.748,5758.489,2000,6385.162,5922.196,2000,6193.686,5680.726,2000,6180.606,5846.866,2000,6377.597,5660.215,2000,6215.151,5777.308,2000,6110.57,5932.84,2000,6238.705,5708.448,2000,6148.994,5685.018,2000,6342.828,5652.992,2000,6254.493,5719.012,2000,6369.433,5804.5,2000,6388.829
5883.642,2000,6355.6,5827.149,2000,6112.715,5928.571,2000,6282.184,5869.029,2000,6128.11,5912.16,2000,6321.769,5662.929,2000,6304.189,5739.375,2000,6123.669,5900.764,2000,6156.614,5758.443,2000,6385.365,5922.39,2000,6193.609,5680.553,2000,6180.489,5846.947,2000,6377.789,5660.017,2000,6215.086,5777.276,2000,6110.364,5933.048,2000,6238.692,5708.308,2000,6148.84,5684.859,2000,6342.962,5652.783,2000,6254.493,5718.905,2000,6369.612,5804.519,2000,6389.036
5883.778,2000,6355.758,5827.192,2000,6112.511,5928.773,2000,6282.233,5869.136,2000,6127.932,5912.337,2000,6321.878,5662.734,2000,6304.264,5739.28,2000,6123.483,5900.923,2000,6156.48,5758.397,2000,6385.568,5922.583,2000,6193.532,5680.381,2000,6180.373,5847.028,2000,6377.98,5659.819,2000,6215.021,5777.244,2000,6110.158,5933.256,2000,6238.679,5708.168,2000,6148.686,5684.7,2000,6343.097,5652.575,2000,6254.493,5718.799,2000,6369.791,5804.537,2000,6389.244
5883.914,2000,6355.917,5827.234,2000,6112.307,5928.975,2000,6282.283,5869.243,2000,6127.753,5912.514,2000,6321.988,5662.54,2000,6304.338,5739.186,2000,6123.297,5901.083,2000,6156.346,5758.352,2000,6385.771,5922.777,2000,6193.456,5680.208,2000,6180.256,5847.109,2000,6378.172,5659.622,2000,6214.955,5777.212,2000,6109.952,5933.464,2000,6238.665,5708.028,2000,6148.531,5684.541,2000,6343.232,5652.366,2000,6254.493,5718.692,2000,6369.97,5804.556,2000,6389.451
5884.049,2000,6356.075,5827.277,2000,6112.103,5929.177,2000,6282.333,5869.35,2000,6127.574,5912.691,2000,6322.097,5662.346,2000,6304.413,5739.092,2000,6123.111,5901.243,2000,6156.212,5758.306,2000,6385.975,5922.971,2000,6193.379,5680.036,2000,6180.139,5847.19,2000,6378.364,5659.424,2000,6214.89,5777.181,2000,6109.746,5933.672,2000,6238.652,5707.888,2000,6148.377,5684.381,2000,6343.367,5652.158,2000,6254.493,5718.586,2000,6370.149,5804.574,2000,6389.659
5884.185,2000,6356.233,5827.319,2000,6111.899,5929.379,2000,6282.383,5869.457,2000,6127.396,5912.869,2000,6322.207,5662.151,2000,6304.488,5738.998,2000,6122.925,5901.402,2000,6156.079,5758.26,2000,6386.178,5923.165,2000,6193.302,5679.864,2000,6180.022,5847.271,2000,6378.556,5659.226,2000,6214.824,5777.149,2000,6109.54,5933.88,2000,6238.639,5707.748,2000,6148.223,5684.222,2000,6343.501,5651.949,2000,6254.493,5718.479,2000,6370.329,5804.593,2000,6389.866
5884.321,2000,6356.391,5827.362,2000,6111.695,5929.582,2000,6282.433,5869.564,2000,6127.217,5913.046,2000,6322.316,5661.957,2000,6304.563,5738.903,2000,6122.739,5901.562,2000,6155.945,5758.214,2000,6386.381,5923.359,2000,6193.226,5679.691,2000,6179.906,5847.353,2000,6378.748,5659.028,2000,6214.759,5777.117,2000,6109.334,5934.088,2000,6238.625,5707.607,2000,6148.068,5684.063,2000,6343.636,5651.741,2000,6254.493,5718.373,2000,6370.508,5804.611,2000,6390.074
5884.457,2000,6356.549,5827.404,2000,6111.491,5929.784,2000,6282.482,5869.671,2000,6127.038,5913.223,2000,6322.425,5661.763,2000,6304.637,5738.809,2000,6122.553,5901.722,2000,6155.811,5758.168,2000,6386.584,5923.553,2000,6193.149,5679.519,2000,6179.789,5847.434,2000,6378.94,5658.831,2000,6214.693,5777.085,2000,6109.128,5934.296,2000,6238.612,5707.467,2000,6147.914,5683.904,2000,6343.771,5651.532,2000,6254.493,5718.267,2000,6370.687,5804.63,2000,6390.281
5884.592,2000,6356.708,5827.447,2000,6111.287,5929.986,2000,6282.532,5869.778,2000,6126.859,5913.4,2000,6322.534,5661.568,2000,6304.712,5738.715,2000,6122.367,5901.881,2000,6155.677,5758.122,2000,6386.787,5923.747,2000,6193.072,5679.347,2000,6179.672,5847.515,2000,6379.132,5658.633,2000,6214.628,5777.054,2000,6108.922,5934.504,2000,6238.599,5707.327,2000,6147.76,5683.745,2000,6343.906,5651.324,2000,6254.493,5718.16,2000,6370.866,5804.648,2000,6390.489
5884.728,2000,6356.866,5827.489,2000,6111.083,5930.188,2000,6282.582,5869.885,2000,6126.681,5913.578,2000,6322.643,5661.374,2000,6304.787,5738.622,2000,6122.181,5902.041,2000,6155.543,5758.076,2000,6386.99,5923.94,2000,6192.996,5679.174,2000,6179.556,5847.596,2000,6379.324,5658.435,2000,6214.563,5777.022,2000,6108.716,5934.712,2000,6238.586,5707.187,2000,6147.605,5683.585,2000,6344.041,5651.115,2000,6254.493,5718.054,2000,6371.045,5804.667,2000,6390.696
5884.864,2000,6357.024,5827.532,2000,6110.878,5930.39,2000,6282.632,5869.992,2000,6126.502,5913.755,2000,6322.752,5661.18,2000,6304.861,5738.528,2000,6121.995,5902.201,2000,6155.41,5758.03,2000,6387.193,5924.134,2000,6192.919,5679.001,2000,6179.439,5847.677,2000,6379.516,5658.237,2000,6214.497,5776.99,2000,6108.51,5934.92,2000,6238.573,5707.047,2000,6147.451,5683.426,2000,6344.175,5650.907,2000,6254.493,5717.947,2000,6371.225,5804.686,2000,6390.904
5885,2000,6357.182,5827.574,2000,6110.674,5930.592,2000,6282.682,5870.099,2000,6126.323,5913.932,2000,6322.861,5660.985,2000,6304.936,5738.434,2000,6121.809,5902.36,2000,6155.276,5757.984,2000,6387.396,5924.328,2000,6192.842,5678.828,2000,6179.322,5847.758,2000,6379.708,5658.04,2000,6214.432,5776.958,2000,6108.304,5935.128,2000,6238.56,5706.907,2000,6147.297,5683.267,2000,6344.31,5650.698,2000,6254.493,5717.841,2000,6371.404,5804.704,2000,6391.111
5885.135,2000,6357.34,5827.617,2000,6110.47,5930.794,2000,6282.731,5870.206,2000,6126.145,5914.109,2000,6322.97,5660.791,2000,6305.011,5738.34,2000,6121.623,5902.52,2000,6155.142,5757.938,2000,6387.6,5924.522,2000,6192.766,5678.656,2000,6179.206,5847.839,2000,6379.899,5657.842,2000,6214.366,5776.927,2000,6108.098,5935.336,2000,6238.546,5706.767,2000,6147.143,5683.108,2000,6344.445,5650.49,2000,6254.493,5717.734,2000,6371.583,5804.723,2000,6391.319
5885.271,2000,6357.499,5827.659,2000,6110.266,5930.997,2000,6282.781,5870.313,2000,6125.966,5914.287,2000,6323.079,5660.597,2000,6305.085,5738.247,2000,6121.437,5902.68,2000,6155.008,5757.893,2000,6387.803,5924.716,2000,6192.689,5678.483,2000,6179.089,5847.92,2000,6380.091,5657.644,2000,6214.301,5776.895,2000,6107.892,5935.544,2000,6238.533,5706.626,2000,6146.988,5682.949,2000,6344.58,5650.281,2000,6254.493,5717.628,2000,6371.762,5804.741,2000,6391.526
5885.407,2000,6357.657,5827.702,2000,6110.062,5931.199,2000,6282.831,5870.419,2000,6125.787,5914.464,2000,6323.188,5660.402,2000,6305.16,5738.153,2000,6121.25,5902.839,2000,6154.875,5757.847,2000,6388.006,5924.91,2000,6192.612,5678.311,2000,6178.972,5848.001,2000,6380.283,5657.446,2000,6214.235,5776.863,2000,6107.686,5935.752,2000,6238.52,5706.487,2000,6146.834,5682.79,2000,6344.714,5650.073,2000,6254.493,5717.521,2000,6371.941,5804.76,2000,6391.734
5885.542,2000,6357.815,5827.744,2000,6109.858,5931.401,2000,6282.881,5870.526,2000,6125.608,5914.641,2000,6323.296,5660.208,2000,6305.235,5738.059,2000,6121.064,5902.999,2000,6154.741,5757.801,2000,6388.209,5925.104,2000,6192.536,5678.138,2000,6178.855,5848.082,2000,6380.475,5657.249,2000,6214.17,5776.832,2000,6107.479,5935.96,2000,6238.507,5706.347,2000,6146.68,5682.63,2000,6344.849,5649.864,2000,6254.493,5717.415,2000,6372.121,5804.778,2000,6391.941
5885.678,2000,6357.973,5827.787,2000,6109.654,5931.603,2000,6282.931,5870.633,2000,6125.43,5914.818,2000,6323.406,5660.014,2000,6305.31,5737.965,2000,6120.878,5903.159,2000,6154.607,5757.755,2000,6388.412,5925.297,2000,6192.459,5677.965,2000,6178.739,5848.163,2000,6380.667,5657.051,2000,6214.104,5776.8,2000,6107.273,5936.168,2000,6238.494,5706.208,2000,6146.525,5682.471,2000,6344.984,5649.656,2000,6254.493,5717.309,2000,6372.3,5804.797,2000,6392.149
5885.814,2000,6358.131,5827.829,2000,6109.45,5931.805,2000,6282.98,5870.74,2000,6125.251,5914.996,2000,6323.515,5659.819,2000,6305.384,5737.872,2000,6120.692,5903.318,2000,6154.473,5757.709,2000,6388.615,5925.491,2000,6192.382,5677.792,2000,6178.622,5848.244,2000,6380.859,5656.853,2000,6214.039,5776.768,2000,6107.067,5936.376,2000,6238.48,5706.068,2000,6146.371,5682.312,2000,6345.119,5649.447,2000,6254.493,5717.202,2000,6372.479,5804.815,2000,6392.356
5885.95,2000,6358.29,5827.872,2000,6109.246,5932.007,2000,6283.03,5870.847,2000,6125.072,5915.173,2000,6323.625,5659.625,2000,6305.459,5737.778,2000,6120.506,5903.478,2000,6154.339,5757.663,2000,6388.818,5925.685,2000,6192.306,5677.619,2000,6178.505,5848.325,2000,6381.051,5656.655,2000,6213.974,5776.736,2000,6106.861,5936.584,2000,6238.467,5705.928,2000,6146.217,5682.153,2000,6345.253,5649.239,2000,6254.493,5717.096,2000,6372.658,5804.834,2000,6392.564
5886.085,2000,6358.448,5827.914,2000,6109.042,5932.209,2000,6283.08,5870.954,2000,6124.894,5915.35,2000,6323.734,5659.431,2000,6305.534,5737.684,2000,6120.32,5903.638,2000,6154.206,5757.617,2000,6389.021,5925.879,2000,6192.229,5677.446,2000,6178.389,5848.406,2000,6381.243,5656.458,2000,6213.908,5776.705,2000,6106.655,5936.792,2000,6238.454,5705.789,2000,6146.063,5681.994,2000,6345.388,5649.03,2000,6254.493,5716.989,2000,6372.837,5804.853,2000,6392.771
5886.221,2000,6358.606,5827.957,2000,6108.837,5932.412,2000,6283.13,5871.061,2000,6124.715,5915.527,2000,6323.843,5659.236,2000,6305.608,5737.59,2000,6120.134,5903.797,2000,6154.072,5757.571,2000,6389.225,5926.072,2000,6192.152,5677.273,2000,6178.272,5848.487,2000,6381.435,5656.26,2000,6213.843,5776.673,2000,6106.449,5937,2000,6238.441,5705.649,2000,6145.908,5681.834,2000,6345.523,5648.822,2000,6254.493,5716.883,2000,6373.017,5804.871,2000,6392.979
5886.357,2000,6358.764,5827.999,2000,6108.633,5932.614,2000,6283.18,5871.168,2000,6124.536,5915.705,2000,6323.953,5659.042,2000,6305.683,5737.497,2000,6119.948,5903.957,2000,6153.938,5757.525,2000,6389.428,5926.266,2000,6192.075,5677.101,2000,6178.155,5848.568,2000,6381.626,5656.062,2000,6213.777,5776.641,2000,6106.243,5937.208,2000,6238.428,5705.509,2000,6145.754,5681.675,2000,6345.658,5648.613,2000,6254.493,5716.776,2000,6373.196,5804.89,2000,6393.187
5886.493,2000,6358.922,5828.042,2000,6108.429,5932.816,2000,6283.229,5871.275,2000,6124.357,5915.882,2000,6324.062,5658.848,2000,6305.758,5737.403,2000,6119.762,5904.117,2000,6153.804,5757.479,2000,6389.631,5926.46,2000,6191.999,5676.928,2000,6178.039,5848.649,2000,6381.818,5655.864,2000,6213.712,5776.609,2000,6106.037,5937.417,2000,6238.415,5705.37,2000,6145.6,5681.516,2000,6345.792,5648.405,2000,6254.493,5716.67,2000,6373.375,5804.908,2000,6393.394
5886.628,2000,6359.081,5828.084,2000,6108.225,5933.018,2000,6283.279,5871.382,2000,6124.179,5916.059,2000,6324.171,5658.653,2000,6305.833,5737.309,2000,6119.576,5904.276,2000,6153.67,5757.434,2000,6389.834,5926.654,2000,6191.922,5676.755,2000,6177.922,5848.73,2000,6382.01,5655.667,2000,6213.646,5776.578,2000,6105.831,5937.625,2000,6238.401,5705.23,2000,6145.445,5681.357,2000,6345.927,5648.196,2000,6254.493,5716.563,2000,6373.554,5804.927,2000,6393.602
5886.764,2000,6359.239,5828.126,2000,6108.021,5933.22,2000,6283.329,5871.489,2000,6124,5916.236,2000,6324.281,5658.459,2000,6305.907,5737.215,2000,6119.39,5904.436,2000,6153.537,5757.388,2000,6390.037,5926.848,2000,6191.845,5676.582,2000,6177.805,5848.812,2000,6382.202,5655.469,2000,6213.581,5776.546,2000,6105.625,5937.833,2000,6238.388,5705.09,2000,6145.291,5681.198,2000,6346.062,5647.988,2000,6254.493,5716.457,2000,6373.733,5804.945,2000,6393.809
5886.9,2000,6359.397,5828.169,2000,6107.817,5933.422,2000,6283.379,5871.596,2000,6123.821,5916.414,2000,6324.39,5658.265,2000,6305.982,5737.122,2000,6119.204,5904.596,2000,6153.403,5757.342,2000,6390.24,5927.042,2000,6191.769,5676.409,2000,6177.688,5848.893,2000,6382.394,5655.271,2000,6213.516,5776.514,2000,6105.419,5938.041,2000,6238.375,5704.951,2000,6145.137,5681.039,2000,6346.196,5647.779,2000,6254.493,5716.351,2000,6373.913,5804.964,2000,6394.017
5887.036,2000,6359.555,5828.211,2000,6107.613,5933.625,2000,6283.429,5871.703,2000,6123.643,5916.591,2000,6324.5,5658.07,2000,6306.057,5737.028,2000,6119.018,5904.755,2000,6153.269,5757.296,2000,6390.443,5927.235,2000,6191.692,5676.236,2000,6177.572,5848.974,2000,6382.586,5655.073,2000,6213.45,5776.482,2000,6105.213,5938.249,2000,6238.362,5704.811,2000,6144.982,5680.879,2000,6346.331,5647.571,2000,6254.493,5716.244,2000,6374.092,5804.982,2000,6394.224
5887.171,2000,6359.713,5828.254,2000,6107.409,5933.827,2000,6283.479,5871.81,2000,6123.464,5916.768,2000,6324.608,5657.876,2000,6306.131,5736.934,2000,6118.832,5904.915,2000,6153.135,5757.25,2000,6390.646,5927.429,2000,6191.615,5676.063,2000,6177.455,5849.055,2000,6382.778,5654.875,2000,6213.385,5776.451,2000,6105.007,5938.457,2000,6238.349,5704.671,2000,6144.828,5680.72,2000,6346.466,5647.362,2000,6254.493,5716.138,2000,6374.271,5805.001,2000,6394.432
5887.307,2000,6359.872,5828.296,2000,6107.205,5934.029,2000,6283.528,5871.917,2000,6123.285,5916.945,2000,6324.717,5657.682,2000,6306.206,5736.84,2000,6118.646,5905.075,2000,6153.001,5757.204,2000,6390.85,5927.623,2000,6191.538,5675.891,2000,6177.338,5849.136,2000,6382.97,5654.678,2000,6213.319,5776.419,2000,6104.801,5938.665,2000,6238.335,5704.532,2000,6144.674,5680.561,2000,6346.601,5647.154,2000,6254.493,5716.031,2000,6374.45,5805.02,2000,6394.639
5887.443,2000,6360.03,5828.339,2000,6107,5934.231,2000,6283.578,5872.023,2000,6123.106,5917.123,2000,6324.826,5657.487,2000,6306.281,5736.747,2000,6118.46,5905.234,2000,6152.868,5757.158,2000,6391.053,5927.816,2000,6191.461,5675.718,2000,6177.222,5849.217,2000,6383.162,5654.48,2000,6213.254,5776.387,2000,6104.595,5938.873,2000,6238.322,5704.392,2000,6144.52,5680.402,2000,6346.735,5646.945,2000,6254.493,5715.925,2000,6374.629,5805.038,2000,6394.847
5887.579,2000,6360.188,5828.381,2000,6106.796,5934.433,2000,6283.628,5872.13,2000,6122.928,5917.3,2000,6324.936,5657.293,2000,6306.355,5736.653,2000,6118.274,5905.394,2000,6152.734,5757.112,2000,6391.256,5928.009,2000,6191.384,5675.545,2000,6177.105,5849.298,2000,6383.354,5654.282,2000,6213.188,5776.355,2000,6104.389,5939.081,2000,6238.309,5704.252,2000,6144.365,5680.243,2000,6346.869,5646.737,2000,6254.493,5715.818,2000,6374.809,5805.057,2000,6395.054
5887.714,2000,6360.346,5828.424,2000,6106.592,5934.635,2000,6283.678,5872.237,2000,6122.749,5917.477,2000,6325.045,5657.099,2000,6306.43,5736.559,2000,6118.088,5905.554,2000,6152.6,5757.066,2000,6391.459,5928.203,2000,6191.307,5675.372,2000,6176.988,5849.379,2000,6383.545,5654.084,2000,6213.123,5776.324,2000,6104.183,5939.289,2000,6238.296,5704.113,2000,6144.211,5680.083,2000,6347.003,5646.528,2000,6254.493,5715.712,2000,6374.988,5805.075,2000,6395.262
5887.85,2000,6360.504,5828.466,2000,6106.388,5934.837,2000,6283.728,5872.344,2000,6122.57,5917.654,2000,6325.154,5656.904,2000,6306.505,5736.465,2000,6117.902,5905.713,2000,6152.466,5757.021,2000,6391.662,5928.396,2000,6191.229,5675.199,2000,6176.872,5849.46,2000,6383.737,5653.887,2000,6213.058,5776.292,2000,6103.977,5939.497,2000,6238.282,5703.973,2000,6144.057,5679.924,2000,6347.138,5646.32,2000,6254.493,5715.605,2000,6375.167,5805.094,2000,6395.469
5887.986,2000,6360.663,5828.509,2000,6106.184,5935.04,2000,6283.777,5872.451,2000,6122.392,5917.832,2000,6325.264,5656.71,2000,6306.58,5736.372,2000,6117.716,5905.873,2000,6152.333,5756.975,2000,6391.865,5928.589,2000,6191.152,5675.026,2000,6176.755,5849.541,2000,6383.929,5653.689,2000,6212.993,5776.26,2000,6103.771,5939.705,2000,6238.269,5703.833,2000,6143.902,5679.765,2000,6347.273,5646.111,2000,6254.493,5715.499,2000,6375.346,5805.112,2000,6395.677
5888.122,2000,6360.821,5828.551,2000,6105.98,5935.242,2000,6283.827,5872.558,2000,6122.213,5918.009,2000,6325.373,5656.516,2000,6306.654,5736.278,2000,6117.53,5906.033,2000,6152.199,5756.929,2000,6392.068,5928.783,2000,6191.075,5674.854,2000,6176.638,5849.622,2000,6384.121,5653.491,2000,6212.927,5776.229,2000,6103.564,5939.913,2000,6238.256,5703.694,2000,6143.748,5679.606,2000,6347.408,5645.903,2000,6254.493,5715.393,2000,6375.525,5805.131,2000,6395.884
5888.257,2000,6360.979,5828.594,2000,6105.776,5935.444,2000,6283.877,5872.665,2000,6122.034,5918.186,2000,6325.482,5656.321,2000,6306.729,5736.184,2000,6117.344,5906.192,2000,6152.065,5756.883,2000,6392.271,5928.976,2000,6190.998,5674.681,2000,6176.521,5849.703,2000,6384.313,5653.293,2000,6212.862,5776.197,2000,6103.358,5940.121,2000,6238.243,5703.554,2000,6143.594,5679.447,2000,6347.542,5645.694,2000,6254.493,5715.286,2000,6375.705,5805.149,2000,6396.092
5888.393,2000,6361.137,5828.636,2000,6105.572,5935.646,2000,6283.927,5872.772,2000,6121.855,5918.363,2000,6325.592,5656.127,2000,6306.804,5736.09,2000,6117.158,5906.352,2000,6151.931,5756.837,2000,6392.475,5929.169,2000,6190.921,5674.508,2000,6176.405,5849.784,2000,6384.505,5653.096,2000,6212.797,5776.165,2000,6103.152,5940.329,2000,6238.229,5703.415,2000,6143.439,5679.288,2000,6347.677,5645.486,2000,6254.493,5715.18,2000,6375.884,5805.168,2000,6396.299
5888.529,2000,6361.295,5828.679,2000,6105.368,5935.848,2000,6283.977,5872.879,2000,6121.677,5918.541,2000,6325.701,5655.933,2000,6306.878,5735.997,2000,6116.972,5906.512,2000,6151.797,5756.791,2000,6392.678,5929.363,2000,6190.844,5674.335,2000,6176.288,5849.865,2000,6384.697,5652.898,2000,6212.732,5776.133,2000,6102.946,5940.537,2000,6238.215,5703.275,2000,6143.285,5679.128,2000,6347.812,5645.277,2000,6254.493,5715.073,2000,6376.063,5805.187,2000,6396.507
5888.665,2000,6361.454,5828.721,2000,6105.164,5936.05,2000,6284.026,5872.986,2000,6121.498,5918.718,2000,6325.811,5655.738,2000,6306.953,5735.903,2000,6116.786,5906.671,2000,6151.664,5756.745,2000,6392.881,5929.556,2000,6190.767,5674.162,2000,6176.171,5849.946,2000,6384.889,5652.7,2000,6212.667,5776.102,2000,6102.74,5940.745,2000,6238.202,5703.135,2000,6143.131,5678.969,2000,6347.946,5645.069,2000,6254.493,5714.967,2000,6376.242,5805.205,2000,6396.714
5888.8,2000,6361.612,5828.764,2000,6104.959,5936.252,2000,6284.076,5873.093,2000,6121.319,5918.895,2000,6325.92,5655.544,2000,6307.028,5735.809,2000,6116.6,5906.831,2000,6151.53,5756.699,2000,6393.084,5929.75,2000,6190.689,5673.989,2000,6176.055,5850.027,2000,6385.081,5652.502,2000,6212.603,5776.07,2000,6102.534,5940.953,2000,6238.188,5702.996,2000,6142.977,5678.81,2000,6348.081,5644.86,2000,6254.493,5714.86,2000,6376.421,5805.224,2000,6396.922
5888.936,2000,6361.77,5828.806,2000,6104.755,5936.455,2000,6284.126,5873.2,2000,6121.141,5919.072,2000,6326.029,5655.35,2000,6307.103,5735.715,2000,6116.414,5906.991,2000,6151.396,5756.653,2000,6393.287,5929.943,2000,6190.612,5673.816,2000,6175.938,5850.108,2000,6385.272,5652.305,2000,6212.538,5776.038,2000,6102.328,5941.161,2000,6238.174,5702.856,2000,6142.822,5678.651,2000,6348.216,5644.652,2000,6254.493,5714.754,2000,6376.601,5805.242,2000,6397.129
5889.072,2000,6361.928,5828.849,2000,6104.551,5936.657,2000,6284.176,5873.307,2000,6120.962,5919.25,2000,6326.139,5655.155,2000,6307.177,5735.622,2000,6116.228,5907.15,2000,6151.262,5756.607,2000,6393.49,5930.136,2000,6190.535,5673.644,2000,6175.821,5850.189,2000,6385.464,5652.107,2000,6212.473,5776.006,2000,6102.122,5941.369,2000,6238.161,5702.716,2000,6142.668,5678.492,2000,6348.351,5644.443,2000,6254.493,5714.647,2000,6376.78,5805.261,2000,6397.337
5889.208,2000,6362.086,5828.891,2000,6104.347,5936.859,2000,6284.226,5873.414,2000,6120.783,5919.427,2000,6326.248,5654.961,2000,6307.252,5735.528,2000,6116.042,5907.31,2000,6151.128,5756.562,2000,6393.693,5930.33,2000,6190.458,5673.471,2000,6175.705,5850.271,2000,6385.656,5651.909,2000,6212.408,5775.975,2000,6101.916,5941.577,2000,6238.148,5702.577,2000,6142.514,5678.333,2000,6348.485,5644.235,2000,6254.493,5714.541,2000,6376.959,5805.279,2000,6397.544
5889.343,2000,6362.245,5828.934,2000,6104.143,5937.061,2000,6284.275,5873.521,2000,6120.604,5919.604,2000,6326.357,5654.767,2000,6307.327,5735.434,2000,6115.855,5907.47,2000,6150.995,5756.516,2000,6393.896,5930.523,2000,6190.381,5673.298,2000,6175.588,5850.352,2000,6385.848,5651.711,2000,6212.343,5775.943,2000,6101.71,5941.785,2000,6238.135,5702.437,2000,6142.359,5678.173,2000,6348.62,5644.026,2000,6254.493,5714.435,2000,6377.138,5805.298,2000,6397.752
5889.479,2000,6362.403,5828.976,2000,6103.939,5937.263,2000,6284.325,5873.627,2000,6120.426,5919.781,2000,6326.466,5654.572,2000,6307.401,5735.34,2000,6115.669,5907.629,2000,6150.861,5756.47,2000,6394.1,5930.716,2000,6190.304,5673.125,2000,6175.471,5850.433,2000,6386.04,5651.514,2000,6212.278,5775.911,2000,6101.504,5941.993,2000,6238.121,5702.297,2000,6142.205,5678.01,2000,6348.749,5643.818,2000,6254.5,5714.328,2000,6377.317,5805.316,2000,6397.959
5889.615,2000,6362.561,5829.019,2000,6103.735,5937.465,2000,6284.375,5873.734,2000,6120.247,5919.958,2000,6326.576,5654.378,2000,6307.476,5735.247,2000,6115.483,5907.789,2000,6150.727,5756.424,2000,6394.303,5930.91,2000,6190.227,5672.952,2000,6175.354,5850.514,2000,6386.232,5651.316,2000,6212.213,5775.879,2000,6101.298,5942.201,2000,6238.107,5702.158,2000,6142.051,5677.842,2000,6348.873,5643.61,2000,6254.514,5714.222,2000,6377.497,5805.335,2000,6398.167
5889.75,2000,6362.719,5829.061,2000,6103.531,5937.667,2000,6284.425,5873.841,2000,6120.068,5920.136,2000,6326.685,5654.184,2000,6307.551,5735.153,2000,6115.297,5907.949,2000,6150.593,5756.378,2000,6394.506,5931.103,2000,6190.149,5672.779,2000,6175.238,5850.595,2000,6386.424,5651.118,2000,6212.148,5775.848,2000,6101.092,5942.409,2000,6238.094,5702.018,2000,6141.896,5677.671,2000,6348.991,5643.403,2000,6254.534,5714.115,2000,6377.676,5805.354,2000,6398.375
5889.886,2000,6362.877,5829.104,2000,6103.327,5937.87,2000,6284.475,5873.948,2000,6119.89,5920.313,2000,6326.794,5653.989,2000,6307.625,5735.059,2000,6115.111,5908.108,2000,6150.459,5756.332,2000,6394.709,5931.296,2000,6190.072,5672.606,2000,6175.121,5850.676,2000,6386.616,5650.92,2000,6212.083,5775.816,2000,6100.886,5942.617,2000,6238.081,5701.878,2000,6141.742,5677.496,2000,6349.104,5643.196,2000,6254.562,5714.009,2000,6377.855,5805.372,2000,6398.582
5890.022,2000,6363.036,5829.146,2000,6103.123,5938.072,2000,6284.524,5874.055,2000,6119.711,5920.49,2000,6326.904,5653.795,2000,6307.7,5734.965,2000,6114.925,5908.268,2000,6150.326,5756.286,2000,6394.912,5931.49,2000,6189.995,5672.434,2000,6175.004,5850.757,2000,6386.808,5650.723,2000,6212.018,5775.784,2000,6100.68,5942.825,2000,6238.067,5701.739,2000,6141.588,5677.317,2000,6349.211,5642.991,2000,6254.596,5713.902,2000,6378.034,5805.391,2000,6398.79
5890.158,2000,6363.194,5829.188,2000,6102.918,5938.274,2000,6284.574,5874.156,2000,6119.529,5920.667,2000,6327.013,5653.601,2000,6307.775,5734.872,2000,6114.739,5908.428,2000,6150.192,5756.24,2000,6395.115,5931.683,2000,6189.918,5672.261,2000,6174.888,5850.838,2000,6387,5650.525,2000,6211.953,5775.759,2000,6100.473,5943.033,2000,6238.054,5701.599,2000,6141.434,5677.135,2000,6349.312,5642.787,2000,6254.637,5713.796,2000,6378.213,5805.409,2000,6398.997
5890.293,2000,6363.352,5829.231,2000,6102.714,5938.476,2000,6284.624,5874.251,2000,6119.343,5920.845,2000,6327.123,5653.406,2000,6307.85,5734.778,2000,6114.553,5908.587,2000,6150.058,5756.194,2000,6395.318,5931.876,2000,6189.841,5672.088,2000,6174.771,5850.919,2000,6387.191,5650.327,2000,6211.888,5775.741,2000,6100.265,5943.241,2000,6238.041,5701.459,2000,6141.279,5676.949,2000,6349.407,5642.584,2000,6254.684,5713.689,2000,6378.393,5805.428,2000,6399.205
5890.429,2000,6363.51,5829.273,2000,6102.51,5938.678,2000,6284.674,5874.34,2000,6119.155,5921.022,2000,6327.232,5653.212,2000,6307.924,5734.684,2000,6114.367,5908.747,2000,6149.924,5756.148,2000,6395.521,5932.07,2000,6189.764,5671.915,2000,6174.655,5851,2000,6387.383,5650.129,2000,6211.823,5775.73,2000,6100.057,5943.449,2000,6238.028,5701.32,2000,6141.125,5676.761,2000,6349.496,5642.383,2000,6254.738,5713.583,2000,6378.572,5805.446,2000,6399.412
5890.565,2000,6363.668,5829.316,2000,6102.306,5938.88,2000,6284.724,5874.423,2000,6118.963,5921.199,2000,6327.341,5653.018,2000,6307.999,5734.59,2000,6114.181,5908.907,2000,6149.791,5756.103,2000,6395.725,5932.263,2000,6189.687,5671.742,2000,6174.539,5851.081,2000,6387.575,5649.932,2000,6211.758,5775.726,2000,6099.849,5943.657,2000,6238.015,5701.18,2000,6140.971,5676.569,2000,6349.578,5642.184,2000,6254.799,5713.477,2000,6378.751,5805.465,2000,6399.62
5890.701,2000,6363.827,5829.358,2000,6102.102,5939.083,2000,6284.773,5874.5,2000,6118.77,5921.376,2000,6327.451,5652.823,2000,6308.074,5734.497,2000,6113.995,5909.066,2000,6149.657,5756.057,2000,6395.928,5932.457,2000,6189.609,5671.569,2000,6174.422,5851.162,2000,6387.767,5649.734,2000,6211.693,5775.728,2000,6099.64,5943.865,2000,6238.001,5701.041,2000,6140.816,5676.375,2000,6349.654,5641.986,2000,6254.866,5713.37,2000,6378.93,5805.483,2000,6399.827
5890.836,2000,6363.985,5829.401,2000,6101.898,5939.285,2000,6284.823,5874.57,2000,6118.573,5921.554,2000,6327.56,5652.629,2000,6308.148,5734.403,2000,6113.809,5909.226,2000,6149.523,5756.011,2000,6396.131,5932.65,2000,6189.532,5671.396,2000,6174.306,5851.243,2000,6387.959,5649.536,2000,6211.628,5775.737,2000,6099.432,5944.073,2000,6237.988,5700.901,2000,6140.662,5676.179,2000,6349.724,5641.792,2000,6254.94,5713.264,2000,6379.109,5805.502,2000,6400.035
5890.972,2000,6364.143,5829.443,2000,6101.694,5939.487,2000,6284.873,5874.634,2000,6118.375,5921.731,2000,6327.669,5652.435,2000,6308.223,5734.309,2000,6113.623,5909.386,2000,6149.389,5755.965,2000,6396.334,5932.843,2000,6189.455,5671.224,2000,6174.19,5851.324,2000,6388.151,5649.338,2000,6211.563,5775.753,2000,6099.225,5944.281,2000,6237.975,5700.761,2000,6140.508,5675.981,2000,6349.788,5641.599,2000,6255.02,5713.157,2000,6379.288,5805.521,2000,6400.242
5891.108,2000,6364.301,5829.486,2000,6101.49,5939.689,2000,6284.923,5874.691,2000,6118.175,5921.908,2000,6327.779,5652.24,2000,6308.298,5734.215,2000,6113.437,5909.545,2000,6149.255,5755.918,2000,6396.537,5933.037,2000,6189.378,5671.051,2000,6174.074,5851.405,2000,6388.343,5649.141,2000,6211.499,5775.776,2000,6099.018,5944.489,2000,6237.962,5700.622,2000,6140.353,5675.781,2000,6349.844,5641.41,2000,6255.106,5713.051,2000,6379.466,5805.539,2000,6400.45
5891.244,2000,6364.459,5829.528,2000,6101.286,5939.891,2000,6284.973,5874.742,2000,6117.973,5922.085,2000,6327.888,5652.046,2000,6308.373,5734.122,2000,6113.251,5909.705,2000,6149.122,5755.872,2000,6396.74,5933.23,2000,6189.301,5670.878,2000,6173.958,5851.486,2000,6388.535,5648.943,2000,6211.434,5775.806,2000,6098.812,5944.697,2000,6237.949,5700.482,2000,6140.198,5675.579,2000,6349.895,5641.223,2000,6255.198,5712.944,2000,6379.645,5805.558,2000,6400.657
5891.379,2000,6364.618,5829.571,2000,6101.082,5940.093,2000,6285.022,5874.786,2000,6117.769,5922.263,2000,6327.998,5651.852,2000,6308.447,5734.028,2000,6113.065,5909.865,2000,6148.988,5755.826,2000,6396.943,5933.423,2000,6189.224,5670.705,2000,6173.841,5851.567,2000,6388.727,5648.745,2000,6211.369,5775.842,2000,6098.606,5944.905,2000,6237.936,5700.342,2000,6140.044,5675.375,2000,6349.938,5641.04,2000,6255.296,5712.838,2000,6379.824,5805.576,2000,6400.865
5891.515,2000,6364.776,5829.613,2000,6100.877,5940.295,2000,6285.072,5874.823,2000,6117.564,5922.44,2000,6328.107,5651.657,2000,6308.522,5733.934,2000,6112.879,5910.024,2000,6148.854,5755.779,2000,6397.146,5933.617,2000,6189.146,5670.532,2000,6173.725,5851.648,2000,6388.918,5648.547,2000,6211.304,5775.885,2000,6098.403,5945.113,2000,6237.922,5700.203,2000,6139.889,5675.17,2000,6349.975,5640.859,2000,6255.401,5712.731,2000,6380.002,5805.595,2000,6401.072
5891.651,2000,6364.934,5829.656,2000,6100.673,5940.498,2000,6285.122,5874.853,2000,6117.358,5922.617,2000,6328.216,5651.463,2000,6308.597,5733.84,2000,6112.693,5910.184,2000,6148.72,5755.733,2000,6397.35,5933.81,2000,6189.069,5670.359,2000,6173.609,5851.729,2000,6389.11,5648.35,2000,6211.239,5775.935,2000,6098.201,5945.321,2000,6237.908,5700.063,2000,6139.734,5674.964,2000,6350.005,5640.683,2000,6255.511,5712.624,2000,6380.181,5805.613,2000,6401.28
5891.787,2000,6365.092,5829.698,2000,6100.469,5940.7,2000,6285.172,5874.877,2000,6117.151,5922.794,2000,6328.326,5651.269,2000,6308.671,5733.747,2000,6112.507,5910.344,2000,6148.586,5755.687,2000,6397.553,5934.003,2000,6188.992,5670.187,2000,6173.493,5851.811,2000,6389.302,5648.151,2000,6211.174,5775.991,2000,6098,5945.529,2000,6237.895,5699.923,2000,6139.58,5674.757,2000,6350.029,5640.509,2000,6255.627,5712.517,2000,6380.36,5805.632,2000,6401.487
5891.922,2000,6365.25,5829.741,2000,6100.265,5940.902,2000,6285.222,5874.894,2000,6116.943,5922.972,2000,6328.435,5651.074,2000,6308.746,5733.653,2000,6112.321,5910.503,2000,6148.453,5755.64,2000,6397.756,5934.197,2000,6188.915,5670.014,2000,6173.376,5851.892,2000,6389.494,5647.953,2000,6211.109,5776.053,2000,6097.801,5945.737,2000,6237.881,5699.784,2000,6139.425,5674.549,2000,6350.045,5640.34,2000,6255.749,5712.41,2000,6380.539,5805.65,2000,6401.695
5892.058,2000,6365.409,5829.783,2000,6100.061,5941.104,2000,6285.271,5874.904,2000,6116.735,5923.149,2000,6328.544,5650.88,2000,6308.821,5733.56,2000,6112.135,5910.663,2000,6148.319,5755.594,2000,6397.959,5934.39,2000,6188.838,5669.84,2000,6173.261,5851.973,2000,6389.686,5647.755,2000,6211.044,5776.123,2000,6097.605,5945.945,2000,6237.867,5699.644,2000,6139.27,5674.341,2000,6350.055,5640.175,2000,6255.875,5712.303,2000,6380.717,5805.669,2000,6401.902
5892.194,2000,6365.567,5829.826,2000,6099.857,5941.306,2000,6285.321,5874.908,2000,6116.527,5923.326,2000,6328.654,5650.686,2000,6308.896,5733.467,2000,6111.949,5910.823,2000,6148.185,5755.547,2000,6398.162,5934.583,2000,6188.761,5669.667,2000,6173.145,5852.054,2000,6389.878,5647.557,2000,6210.979,5776.198,2000,6097.411,5946.153,2000,6237.854,5699.504,2000,6139.115,5674.133,2000,6350.058,5640.014,2000,6256.008,5712.196,2000,6380.896,5805.688,2000,6402.11
5892.33,2000,6365.725,5829.868,2000,6099.653,5941.508,2000,6285.371,5874.904,2000,6116.318,5923.503,2000,6328.763,5650.491,2000,6308.97,5733.374,2000,6111.763,5910.982,2000,6148.051,5755.501,2000,6398.365,5934.777,2000,6188.684,5669.494,2000,6173.029,5852.135,2000,6390.07,5647.358,2000,6210.915,5776.28,2000,6097.219,5946.361,2000,6237.84,5699.365,2000,6138.96,5673.924,2000,6350.054,5639.857,2000,6256.146,5712.089,2000,6381.075,5805.706,2000,6402.317
5892.465,2000,6365.883,5829.911,2000,6099.449,5941.71,2000,6285.421,5874.894,2000,6116.11,5923.681,2000,6328.873,5650.297,2000,6309.045,5733.28,2000,6111.577,5911.142,2000,6147.917,5755.454,2000,6398.568,5934.97,2000,6188.606,5669.32,2000,6172.914,5852.216,2000,6390.262,5647.16,2000,6210.851,5776.368,2000,6097.03,5946.569,2000,6237.826,5699.226,2000,6138.806,5673.716,2000,6350.057,5639.696,2000,6256.278,5711.982,2000,6381.253,5805.725,2000,6402.525
5892.601,2000,6366.042,5829.953,2000,6099.245,5941.913,2000,6285.471,5874.877,2000,6115.903,5923.858,2000,6328.982,5650.103,2000,6309.12,5733.187,2000,6111.391,5911.301,2000,6147.783,5755.407,2000,6398.771,5935.164,2000,6188.529,5669.147,2000,6172.798,5852.297,2000,6390.454,5646.962,2000,6210.786,5776.462,2000,6096.844,5946.777,2000,6237.813,5699.086,2000,6138.651,5673.508,2000,6350.067,5639.531,2000,6256.405,5711.875,2000,6381.432,5805.743,2000,6402.732
5892.737,2000,6366.2,5829.996,2000,6099.041,5942.115,2000,6285.521,5874.853,2000,6115.696,5924.035,2000,6329.091,5649.908,2000,6309.194,5733.094,2000,6111.205,5911.46,2000,6147.648,5755.36,2000,6398.975,5935.357,2000,6188.451,5668.974,2000,6172.682,5852.378,2000,6390.646,5646.764,2000,6210.722,5776.563,2000,6096.662,5946.985,2000,6237.799,5698.947,2000,6138.496,5673.3,2000,6350.083,5639.361,2000,6256.526,5711.769,2000,6381.611,5805.762,2000,6402.94
5892.873,2000,6366.358,5830.038,2000,6098.836,5942.317,2000,6285.57,5874.822,2000,6115.49,5924.212,2000,6329.201,5649.714,2000,6309.269,5733,2000,6111.018,5911.62,2000,6147.514,5755.313,2000,6399.178,5935.55,2000,6188.374,5668.8,2000,6172.566,5852.459,2000,6390.837,5646.565,2000,6210.657,5776.669,2000,6096.482,5947.193,2000,6237.785,5698.808,2000,6138.341,5673.093,2000,6350.107,5639.188,2000,6256.642,5711.662,2000,6381.79,5805.78,2000,6403.147
5893.008,2000,6366.516,5830.081,2000,6098.632,5942.519,2000,6285.62,5874.798,2000,6115.283,5924.39,2000,6329.31,5649.52,2000,6309.344,5732.907,2000,6110.832,5911.779,2000,6147.38,5755.267,2000,6399.381,5935.744,2000,6188.296,5668.627,2000,6172.451,5852.54,2000,6391.029,5646.367,2000,6210.593,5776.769,2000,6096.3,5947.401,2000,6237.771,5698.669,2000,6138.186,5672.887,2000,6350.137,5639.011,2000,6256.752,5711.555,2000,6381.968,5805.799,2000,6403.355
5893.144,2000,6366.674,5830.123,2000,6098.428,5942.721,2000,6285.67,5874.781,2000,6115.075,5924.567,2000,6329.419,5649.325,2000,6309.418,5732.814,2000,6110.645,5911.938,2000,6147.246,5755.22,2000,6399.584,5935.937,2000,6188.218,5668.454,2000,6172.336,5852.621,2000,6391.221,5646.169,2000,6210.528,5776.863,2000,6096.114,5947.609,2000,6237.758,5698.53,2000,6138.031,5672.682,2000,6350.174,5638.831,2000,6256.857,5711.448,2000,6382.147,5805.817,2000,6403.563
5893.28,2000,6366.833,5830.166,2000,6098.224,5942.923,2000,6285.72,5874.771,2000,6114.867,5924.744,2000,6329.529,5649.131,2000,6309.493,5732.721,2000,6110.458,5912.097,2000,6147.111,5755.173,2000,6399.787,5936.13,2000,6188.141,5668.28,2000,6172.221,5852.702,2000,6391.413,5645.971,2000,6210.464,5776.951,2000,6095.925,5947.817,2000,6237.744,5698.391,2000,6137.875,5672.479,2000,6350.218,5638.647,2000,6256.955,5711.341,2000,6382.326,5805.836,2000,6403.77
5893.416,2000,6366.991,5830.208,2000,6098.02,5943.125,2000,6285.77,5874.768,2000,6114.659,5924.921,2000,6329.638,5648.937,2000,6309.568,5732.627,2000,6110.272,5912.256,2000,6146.977,5755.126,2000,6399.99,5936.324,2000,6188.063,5668.107,2000,6172.105,5852.783,2000,6391.605,5645.772,2000,6210.399,5777.033,2000,6095.733,5948.025,2000,6237.73,5698.251,2000,6137.72,5672.276,2000,6350.268,5638.461,2000,6257.047,5711.233,2000,6382.504,5805.854,2000,6403.978
5893.551,2000,6367.149,5830.25,2000,6097.816,5943.328,2000,6285.819,5874.771,2000,6114.45,5925.099,2000,6329.748,5648.742,2000,6309.643,5732.535,2000,6110.085,5912.416,2000,6146.843,5755.079,2000,6400.193,5936.517,2000,6187.985,5667.934,2000,6171.99,5852.864,2000,6391.797,5645.574,2000,6210.335,5777.109,2000,6095.539,5948.233,2000,6237.717,5698.112,2000,6137.565,5672.076,2000,6350.325,5638.271,2000,6257.133,5711.126,2000,6382.683,5805.873,2000,6404.185
5893.687,2000,6367.307,5830.293,2000,6097.612,5943.53,2000,6285.869,5874.781,2000,6114.242,5925.276,2000,6329.857,5648.548,2000,6309.717,5732.442,2000,6109.899,5912.575,2000,6146.708,5755.032,2000,6400.396,5936.71,2000,6187.908,5667.76,2000,6171.875,5852.945,2000,6391.989,5645.376,2000,6210.271,5777.178,2000,6095.343,5948.441,2000,6237.703,5697.974,2000,6137.41,5671.878,2000,6350.388,5638.079,2000,6257.213,5711.019,2000,6382.862,5805.892,2000,6404.393
5893.823,2000,6367.465,5830.335,2000,6097.408,5943.732,2000,6285.919,5874.798,2000,6114.035,5925.453,2000,6329.966,5648.354,2000,6309.792,5732.349,2000,6109.712,5912.734,2000,6146.574,5754.985,2000,6400.6,5936.904,2000,6187.83,5667.587,2000,6171.76,5853.026,2000,6392.181,5645.178,2000,6210.207,5777.241,2000,6095.144,5948.649,2000,6237.689,5697.835,2000,6137.254,5671.682,2000,6350.458,5637.884,2000,6257.287,5710.911,2000,6383.041,5805.91,2000,6404.6
5893.958,2000,6367.624,5830.378,2000,6097.204,5943.934,2000,6285.969,5874.822,2000,6113.828,5925.63,2000,6330.076,5648.159,2000,6309.867,5732.256,2000,6109.526,5912.893,2000,6146.44,5754.938,2000,6400.803,5937.097,2000,6187.752,5667.414,2000,6171.645,5853.107,2000,6392.373,5644.979,2000,6210.143,5777.297,2000,6094.943,5948.857,2000,6237.676,5697.696,2000,6137.099,5671.488,2000,6350.534,5637.687,2000,6257.354,5710.804,2000,6383.219,5805.929,2000,6404.808
5894.094,2000,6367.782,5830.42,2000,6097,5944.136,2000,6286.019,5874.853,2000,6113.622,5925.808,2000,6330.185,5647.965,2000,6309.941,5732.164,2000,6109.339,5913.052,2000,6146.306,5754.89,2000,6401.006,5937.291,2000,6187.674,5667.24,2000,6171.529,5853.188,2000,6392.564,5644.781,2000,6210.079,5777.347,2000,6094.741,5949.065,2000,6237.662,5697.558,2000,6136.944,5671.296,2000,6350.617,5637.488,2000,6257.415,5710.696,2000,6383.398,5805.947,2000,6405.015
5894.23,2000,6367.94,5830.463,2000,6096.795,5944.338,2000,6286.068,5874.89,2000,6113.417,5925.985,2000,6330.293,5647.771,2000,6310.016,5732.071,2000,6109.153,5913.211,2000,6146.171,5754.843,2000,6401.209,5937.484,2000,6187.596,5667.066,2000,6171.414,5853.27,2000,6392.756,5644.583,2000,6210.015,5777.39,2000,6094.538,5949.273,2000,6237.648,5697.419,2000,6136.789,5671.108,2000,6350.706,5637.287,2000,6257.469,5710.589,2000,6383.577,5805.966,2000,6405.223
5894.366,2000,6368.098,5830.505,2000,6096.591,5944.541,2000,6286.118,5874.934,2000,6113.213,5926.162,2000,6330.402,5647.574,2000,6310.084,5731.978,2000,6108.966,5913.371,2000,6146.037,5754.795,2000,6401.412,5937.677,2000,6187.518,5666.893,2000,6171.299,5853.351,2000,6392.948,5644.383,2000,6209.958,5777.426,2000,6094.333,5949.481,2000,6237.635,5697.28,2000,6136.633,5670.922,2000,6350.8,5637.084,2000,6257.517,5710.481,2000,6383.755,5805.984,2000,6405.43
5894.501,2000,6368.256,5830.548,2000,6096.387,5944.743,2000,6286.168,5874.984,2000,6113.011,5926.339,2000,6330.512,5647.375,2000,6310.146,5731.885,2000,6108.78,5913.53,2000,6145.902,5754.748,2000,6401.615,5937.871,2000,6187.439,5666.719,2000,6171.184,5853.432,2000,6393.14,5644.181,2000,6209.907,5777.455,2000,6094.126,5949.689,2000,6237.621,5697.142,2000,6136.478,5670.74,2000,6350.901,5636.88,2000,6257.558,5710.374,2000,6383.934,5806.003,2000,6405.638
5894.637,2000,6368.415,5830.59,2000,6096.183,5944.945,2000,6286.218,5875.042,2000,6112.811,5926.517,2000,6330.621,5647.174,2000,6310.201,5731.792,2000,6108.593,5913.689,2000,6145.767,5754.701,2000,6401.818,5938.064,2000,6187.361,5666.545,2000,6171.068,5853.513,2000,6393.332,5643.977,2000,6209.862,5777.478,2000,6093.919,5949.897,2000,6237.607,5697.003,2000,6136.323,5670.562,2000,6351.008,5636.674,2000,6257.592,5710.267,2000,6384.113,5806.021,2000,6405.845
5894.773,2000,6368.573,5830.633,2000,6095.979,5945.147,2000,6286.268,5875.105,2000,6112.612,5926.694,2000,6330.73,5646.972,2000,6310.25,5731.7,2000,6108.407,5913.848,2000,6145.632,5754.653,2000,6402.021,5938.257,2000,6187.283,5666.371,2000,6170.953,5853.594,2000,6393.524,5643.772,2000,6209.825,5777.494,2000,6093.712,5950.105,2000,6237.594,5696.864,2000,6136.167,5670.386,2000,6351.121,5636.468,2000,6257.619,5710.159,2000,6384.292,5806.04,2000,6406.053
5894.909,2000,6368.731,5830.675,2000,6095.775,5945.349,2000,6286.317,5875.175,2000,6112.416,5926.871,2000,6330.84,5646.768,2000,6310.292,5731.607,2000,6108.22,5914.007,2000,6145.498,5754.606,2000,6402.225,5938.451,2000,6187.205,5666.197,2000,6170.838,5853.675,2000,6393.716,5643.566,2000,6209.794,5777.503,2000,6093.504,5950.313,2000,6237.58,5696.726,2000,6136.012,5670.215,2000,6351.239,5636.26,2000,6257.64,5710.052,2000,6384.47,5806.059,2000,6406.26
5895.044,2000,6368.889,5830.718,2000,6095.571,5945.551,2000,6286.367,5875.252,2000,6112.222,5927.048,2000,6330.949,5646.563,2000,6310.327,5731.514,2000,6108.034,5914.167,2000,6145.363,5754.559,2000,6402.428,5938.644,2000,6187.127,5666.023,2000,6170.723,5853.756,2000,6393.908,5643.359,2000,6209.77,5777.506,2000,6093.295,5950.521,2000,6237.566,5696.587,2000,6135.857,5670.047,2000,6351.363,5636.052,2000,6257.653,5709.944,2000,6384.649,5806.077,2000,6406.468
5895.18,2000,6369.047,5830.76,2000,6095.367,5945.753,2000,6286.417,5875.335,2000,6112.031,5927.226,2000,6331.058,5646.356,2000,6310.355,5731.421,2000,6107.847,5914.326,2000,6145.228,5754.511,2000,6402.631,5938.837,2000,6187.049,5665.85,2000,6170.607,5853.837,2000,6394.1,5643.151,2000,6209.753,5777.501,2000,6093.087,5950.729,2000,6237.553,5696.448,2000,6135.702,5669.884,2000,6351.493,5635.844,2000,6257.66,5709.837,2000,6384.828,5806.096,2000,6406.675
5895.316,2000,6369.206,5830.796,2000,6095.162,5945.956,2000,6286.467,5875.424,2000,6111.842,5927.403,2000,6331.167,5646.149,2000,6310.376,5731.335,2000,6107.658,5914.485,2000,6145.093,5754.464,2000,6402.834,5939.031,2000,6186.971,5665.676,2000,6170.492,5853.918,2000,6394.292,5642.943,2000,6209.742,5777.49,2000,6092.879,5950.937,2000,6237.539,5696.31,2000,6135.546,5669.723,2000,6351.625,5635.636,2000,6257.663,5709.729,2000,6385.006,5806.114,2000,6406.883
5895.452,2000,6369.364,5830.825,2000,6094.955,5946.158,2000,6286.517,5875.519,2000,6111.657,5927.58,2000,6331.276,5645.941,2000,6310.391,5731.254,2000,6107.465,5914.644,2000,6144.958,5754.417,2000,6403.037,5939.224,2000,6186.893,5665.502,2000,6170.377,5853.999,2000,6394.483,5642.735,2000,6209.738,5777.472,2000,6092.671,5951.145,2000,6237.525,5696.171,2000,6135.391,5669.563,2000,6351.758,5635.427,2000,6257.666,5709.622,2000,6385.185,5806.133,2000,6407.09
5895.587,2000,6369.522,5830.847,2000,6094.748,5946.36,2000,6286.566,5875.62,2000,6111.475,5927.757,2000,6331.386,5645.733,2000,6310.399,5731.18,2000,6107.271,5914.803,2000,6144.824,5754.369,2000,6403.24,5939.417,2000,6186.814,5665.328,2000,6170.262,5854.08,2000,6394.675,5642.526,2000,6209.741,5777.447,2000,6092.464,5951.353,2000,6237.512,5696.032,2000,6135.236,5669.398,2000,6351.886,5635.219,2000,6257.676,5709.515,2000,6385.364,5806.151,2000,6407.298
5895.723,2000,6369.68,5830.862,2000,6094.54,5946.562,2000,6286.616,5875.726,2000,6111.295,5927.935,2000,6331.495,5645.524,2000,6310.401,5731.113,2000,6107.073,5914.962,2000,6144.689,5754.329,2000,6403.444,5939.611,2000,6186.736,5665.154,2000,6170.147,5854.155,2000,6394.87,5642.318,2000,6209.751,5777.418,2000,6092.258,5951.561,2000,6237.498,5695.894,2000,6135.081,5669.229,2000,6352.008,5635.012,2000,6257.692,5709.407,2000,6385.542,5806.17,2000,6407.505
5895.859,2000,6369.838,5830.87,2000,6094.332,5946.766,2000,6286.66,5875.825,2000,6111.112,5928.112,2000,6331.604,5645.316,2000,6310.396,5731.052,2000,6106.874,5915.122,2000,6144.554,5754.295,2000,6403.65,5939.807,2000,6186.665,5664.98,2000,6170.032,5854.223,2000,6395.066,5642.111,2000,6209.768,5777.396,2000,6092.051,5951.769,2000,6237.484,5695.755,2000,6134.925,5669.056,2000,6352.124,5634.805,2000,6257.715,5709.3,2000,6385.721,5806.188,2000,6407.713
5895.995,2000,6369.997,5830.872,2000,6094.124,5946.971,2000,6286.696,5875.918,2000,6110.926,5928.289,2000,6331.714,5645.108,2000,6310.383,5730.997,2000,6106.673,5915.281,2000,6144.419,5754.268,2000,6403.856,5940.004,2000,6186.599,5664.807,2000,6169.917,5854.285,2000,6395.266,5641.904,2000,6209.791,5777.379,2000,6091.844,5951.977,2000,6237.471,5695.616,2000,6134.77,5668.88,2000,6352.235,5634.599,2000,6257.745,5709.192,2000,6385.899,5806.207,2000,6407.92
5896.13,2000,6370.155,5830.866,2000,6093.915,5947.177,2000,6286.726,5876.006,2000,6110.737,5928.466,2000,6331.823,5644.901,2000,6310.364,5730.949,2000,6106.47,5915.444,2000,6144.29,5754.247,2000,6404.064,5940.204,2000,6186.541,5664.633,2000,6169.801,5854.34,2000,6395.466,5641.698,2000,6209.821,5777.37,2000,6091.636,5952.185,2000,6237.45,5695.478,2000,6134.615,5668.7,2000,6352.34,5634.394,2000,6257.781,5709.085,2000,6386.077,5806.226,2000,6408.128
5896.266,2000,6370.313,5830.854,2000,6093.707,5947.384,2000,6286.75,5876.087,2000,6110.545,5928.644,2000,6331.933,5644.694,2000,6310.338,5730.908,2000,6106.266,5915.612,2000,6144.166,5754.233,2000,6404.272,5940.406,2000,6186.488,5664.459,2000,6169.686,5854.388,2000,6395.669,5641.493,2000,6209.858,5777.368,2000,6091.427,5952.391,2000,6237.423,5695.339,2000,6134.459,5668.517,2000,6352.438,5634.19,2000,6257.825,5708.978,2000,6386.255,5806.244,2000,6408.335
5896.402,2000,6370.471,5830.836,2000,6093.5,5947.591,2000,6286.766,5876.162,2000,6110.351,5928.821,2000,6332.042,5644.489,2000,6310.306,5730.873,2000,6106.061,5915.783,2000,6144.048,5754.213,2000,6404.479,5940.609,2000,6186.443,5664.285,2000,6169.571,5854.43,2000,6395.873,5641.289,2000,6209.902,5777.372,2000,6091.219,5952.597,2000,6237.39,5695.2,2000,6134.304,5668.336,2000,6352.543,5633.988,2000,6257.875,5708.87,2000,6386.434,5806.263,2000,6408.543
5896.538,2000,6370.629,5830.811,2000,6093.293,5947.799,2000,6286.776,5876.23,2000,6110.154,5928.998,2000,6332.151,5644.284,2000,6310.266,5730.845,2000,6105.854,5915.958,2000,6143.935,5754.186,2000,6404.686,5940.813,2000,6186.404,5664.111,2000,6169.457,5854.465,2000,6396.079,5641.087,2000,6209.952,5777.383,2000,6091.011,5952.801,2000,6237.349,5695.062,2000,6134.149,5668.16,2000,6352.654,5633.787,2000,6257.931,5708.763,2000,6386.612,5806.281,2000,6408.75
5896.673,2000,6370.788,5830.778,2000,6093.087,5948.008,2000,6286.779,5876.292,2000,6109.955,5929.175,2000,6332.261,5644.081,2000,6310.22,5730.824,2000,6105.647,5916.137,2000,6143.828,5754.152,2000,6404.892,5941.02,2000,6186.372,5663.938,2000,6169.342,5854.494,2000,6396.285,5640.887,2000,6210.009,5777.401,2000,6090.803,5953.004,2000,6237.302,5694.923,2000,6133.994,5667.987,2000,6352.771,5633.588,2000,6257.994,5708.655,2000,6386.79,5806.3,2000,6408.958
5896.809,2000,6370.946,5830.739,2000,6092.882,5948.216,2000,6286.775,5876.36,2000,6109.758,5929.353,2000,6332.37,5643.876,2000,6310.181,5730.81,2000,6105.439,5916.319,2000,6143.727,5754.111,2000,6405.096,5941.224,2000,6186.333,5663.764,2000,6169.227,5854.515,2000,6396.492,5640.688,2000,6210.073,5777.426,2000,6090.596,5953.206,2000,6237.248,5694.784,2000,6133.838,5667.818,2000,6352.893,5633.392,2000,6258.063,5708.548,2000,6386.969,5806.312,2000,6409.166
5896.945,2000,6371.104,5830.693,2000,6092.679,5948.424,2000,6286.764,5876.435,2000,6109.564,5929.53,2000,6332.479,5643.671,2000,6310.148,5730.803,2000,6105.231,5916.505,2000,6143.632,5754.064,2000,6405.299,5941.427,2000,6186.287,5663.59,2000,6169.112,5854.53,2000,6396.7,5640.492,2000,6210.143,5777.458,2000,6090.39,5953.405,2000,6237.188,5694.646,2000,6133.683,5667.654,2000,6353.02,5633.198,2000,6258.14,5708.442,2000,6387.147,5806.316,2000,6409.375
5897.081,2000,6371.262,5830.641,2000,6092.478,5948.632,2000,6286.747,5876.516,2000,6109.372,5929.707,2000,6332.589,5643.464,2000,6310.122,5730.802,2000,6105.022,5916.693,2000,6143.543,5754.017,2000,6405.502,5941.629,2000,6186.235,5663.416,2000,6168.998,5854.538,2000,6396.908,5640.298,2000,6210.219,5777.497,2000,6090.186,5953.602,2000,6237.121,5694.507,2000,6133.528,5667.493,2000,6353.153,5633.007,2000,6258.222,5708.335,2000,6387.326,5806.314,2000,6409.583
5897.216,2000,6371.42,5830.595,2000,6092.274,5948.839,2000,6286.722,5876.604,2000,6109.183,5929.884,2000,6332.698,5643.257,2000,6310.103,5730.809,2000,6104.814,5916.879,2000,6143.449,5753.969,2000,6405.705,5941.829,2000,6186.176,5663.242,2000,6168.883,5854.54,2000,6397.117,5640.102,2000,6210.289,5777.542,2000,6089.982,5953.797,2000,6237.047,5694.368,2000,6133.373,5667.333,2000,6353.286,5632.818,2000,6258.31,5708.228,2000,6387.505,5806.306,2000,6409.791
5897.352,2000,6371.579,5830.556,2000,6092.07,5949.045,2000,6286.691,5876.697,2000,6108.997,5930.062,2000,6332.808,5643.049,2000,6310.091,5730.822,2000,6104.606,5917.061,2000,6143.348,5753.922,2000,6405.908,5942.026,2000,6186.111,5663.068,2000,6168.768,5854.534,2000,6397.325,5639.904,2000,6210.352,5777.593,2000,6089.78,5953.989,2000,6236.968,5694.229,2000,6133.217,5667.172,2000,6353.418,5632.633,2000,6258.405,5708.122,2000,6387.684,5806.29,2000,6409.999
5897.488,2000,6371.737,5830.524,2000,6091.864,5949.25,2000,6286.653,5876.796,2000,6108.814,5930.239,2000,6332.917,5642.841,2000,6310.085,5730.841,2000,6104.399,5917.24,2000,6143.241,5753.875,2000,6406.111,5942.222,2000,6186.039,5662.895,2000,6168.653,5854.522,2000,6397.533,5639.704,2000,6210.409,5777.651,2000,6089.58,5954.179,2000,6236.882,5694.091,2000,6133.062,5667.011,2000,6353.551,5632.45,2000,6258.505,5708.015,2000,6387.862,5806.268,2000,6410.206
5897.624,2000,6371.895,5830.499,2000,6091.657,5949.454,2000,6286.608,5876.901,2000,6108.634,5930.416,2000,6333.026,5642.632,2000,6310.087,5730.868,2000,6104.192,5917.415,2000,6143.128,5753.827,2000,6406.314,5942.416,2000,6185.962,5662.721,2000,6168.539,5854.503,2000,6397.741,5639.501,2000,6210.459,5777.716,2000,6089.382,5954.366,2000,6236.79,5693.952,2000,6132.907,5666.851,2000,6353.684,5632.271,2000,6258.612,5707.909,2000,6388.041,5806.238,2000,6410.412
5897.759,2000,6372.053,5830.48,2000,6091.45,5949.656,2000,6286.557,5877.006,2000,6108.454,5930.593,2000,6333.136,5642.424,2000,6310.095,5730.901,2000,6103.987,5917.586,2000,6143.01,5753.78,2000,6406.518,5942.609,2000,6185.885,5662.547,2000,6168.424,5854.477,2000,6397.947,5639.298,2000,6210.503,5777.788,2000,6089.187,5954.55,2000,6236.692,5693.813,2000,6132.751,5666.69,2000,6353.817,5632.096,2000,6258.724,5707.802,2000,6388.22,5806.203,2000,6410.617
5897.9,2000,6372.207,5830.468,2000,6091.242,5949.859,2000,6286.513,5877.111,2000,6108.273,5930.771,2000,6333.245,5642.216,2000,6310.11,5730.941,2000,6103.782,5917.754,2000,6142.886,5753.732,2000,6406.721,5942.802,2000,6185.808,5662.373,2000,6168.309,5854.444,2000,6398.153,5639.093,2000,6210.54,5777.865,2000,6088.993,5954.73,2000,6236.588,5693.675,2000,6132.596,5666.529,2000,6353.95,5631.924,2000,6258.842,5707.696,2000,6388.398,5806.16,2000,6410.821
5898.045,2000,6372.356,5830.463,2000,6091.033,5950.064,2000,6286.475,5877.216,2000,6108.093,5930.944,2000,6333.359,5642.009,2000,6310.131,5730.988,2000,6103.579,5917.917,2000,6142.756,5753.685,2000,6406.924,5942.996,2000,6185.73,5662.199,2000,6168.194,5854.418,2000,6398.359,5638.887,2000,6210.57,5777.949,2000,6088.802,5954.907,2000,6236.478,5693.536,2000,6132.441,5666.369,2000,6354.083,5631.756,2000,6258.966,5707.589,2000,6388.577,5806.111,2000,6411.023
5898.196,2000,6372.5,5830.464,2000,6090.825,5950.271,2000,6286.443,5877.321,2000,6107.913,5931.114,2000,6333.48,5641.803,2000,6310.16,5731.041,2000,6103.378,5918.077,2000,6142.623,5753.638,2000,6407.127,5943.189,2000,6185.653,5662.025,2000,6168.08,5854.399,2000,6398.567,5638.68,2000,6210.594,5778.04,2000,6088.614,5955.081,2000,6236.362,5693.397,2000,6132.286,5666.208,2000,6354.215,5631.592,2000,6259.095,5707.483,2000,6388.756,5806.055,2000,6411.224
5898.351,2000,6372.639,5830.473,2000,6090.617,5950.478,2000,6286.419,5877.426,2000,6107.733,5931.288,2000,6333.595,5641.598,2000,6310.195,5731.101,2000,6103.178,5918.237,2000,6142.489,5753.59,2000,6407.33,5943.382,2000,6185.576,5661.852,2000,6167.965,5854.387,2000,6398.775,5638.472,2000,6210.61,5778.136,2000,6088.43,5955.257,2000,6236.252,5693.259,2000,6132.13,5666.047,2000,6354.348,5631.433,2000,6259.229,5707.376,2000,6388.935,5805.993,2000,6411.423
5898.501,2000,6372.783,5830.488,2000,6090.409,5950.685,2000,6286.401,5877.531,2000,6107.553,5931.465,2000,6333.704,5641.394,2000,6310.237,5731.167,2000,6102.981,5918.396,2000,6142.355,5753.543,2000,6407.533,5943.576,2000,6185.499,5661.678,2000,6167.85,5854.382,2000,6398.983,5638.264,2000,6210.62,5778.238,2000,6088.248,5955.438,2000,6236.148,5693.12,2000,6131.975,5665.887,2000,6354.48,5631.278,2000,6259.368,5707.27,2000,6389.113,5805.937,2000,6411.624
5898.647,2000,6372.932,5830.51,2000,6090.202,5950.893,2000,6286.391,5877.636,2000,6107.373,5931.644,2000,6333.812,5641.191,2000,6310.285,5731.24,2000,6102.786,5918.556,2000,6142.221,5753.496,2000,6407.736,5943.769,2000,6185.422,5661.504,2000,6167.735,5854.383,2000,6399.192,5638.056,2000,6210.623,5778.346,2000,6088.07,5955.622,2000,6236.05,5692.981,2000,6131.819,5665.726,2000,6354.613,5631.128,2000,6259.513,5707.164,2000,6389.292,5805.888,2000,6411.826
5898.788,2000,6373.086,5830.539,2000,6089.995,5951.102,2000,6286.387,5877.741,2000,6107.192,5931.822,2000,6333.919,5640.99,2000,6310.34,5731.319,2000,6102.593,5918.716,2000,6142.087,5753.448,2000,6407.939,5943.962,2000,6185.345,5661.33,2000,6167.621,5854.392,2000,6399.4,5637.847,2000,6210.619,5778.459,2000,6087.896,5955.809,2000,6235.958,5692.843,2000,6131.664,5665.565,2000,6354.746,5630.982,2000,6259.662,5707.057,2000,6389.471,5805.845,2000,6412.03
5898.923,2000,6373.244,5830.574,2000,6089.79,5951.31,2000,6286.39,5877.846,2000,6107.012,5932,2000,6334.027,5640.792,2000,6310.402,5731.405,2000,6102.403,5918.875,2000,6141.954,5753.401,2000,6408.143,5944.156,2000,6185.268,5661.156,2000,6167.506,5854.406,2000,6399.608,5637.639,2000,6210.608,5778.579,2000,6087.725,5955.999,2000,6235.873,5692.704,2000,6131.508,5665.405,2000,6354.878,5630.842,2000,6259.816,5706.95,2000,6389.649,5805.81,2000,6412.235
5899.058,2000,6373.403,5830.617,2000,6089.586,5951.518,2000,6286.399,5877.951,2000,6106.832,5932.178,2000,6334.134,5640.595,2000,6310.47,5731.484,2000,6102.21,5919.035,2000,6141.82,5753.354,2000,6408.346,5944.349,2000,6185.19,5660.982,2000,6167.391,5854.428,2000,6399.815,5637.432,2000,6210.591,5778.704,2000,6087.558,5956.191,2000,6235.793,5692.566,2000,6131.352,5665.244,2000,6355.01,5630.707,2000,6259.974,5706.843,2000,6389.828,5805.78,2000,6412.441
5899.193,2000,6373.563,5830.666,2000,6089.383,5951.726,2000,6286.416,5878.056,2000,6106.652,5932.356,2000,6334.242,5640.4,2000,6310.545,5731.557,2000,6102.015,5919.195,2000,6141.686,5753.306,2000,6408.549,5944.542,2000,6185.113,5660.809,2000,6167.276,5854.456,2000,6400.021,5637.225,2000,6210.567,5778.834,2000,6087.396,5956.386,2000,6235.72,5692.428,2000,6131.196,5665.083,2000,6355.143,5630.577,2000,6260.137,5706.736,2000,6390.007,5805.758,2000,6412.648
5899.327,2000,6373.722,5830.721,2000,6089.183,5951.933,2000,6286.439,5878.161,2000,6106.472,5932.535,2000,6334.349,5640.205,2000,6310.616,5731.623,2000,6101.817,5919.354,2000,6141.552,5753.259,2000,6408.752,5944.736,2000,6185.036,5660.635,2000,6167.162,5854.491,2000,6400.227,5637.017,2000,6210.55,5778.97,2000,6087.237,5956.583,2000,6235.653,5692.29,2000,6131.041,5664.923,2000,6355.275,5630.452,2000,6260.304,5706.629,2000,6390.186,5805.742,2000,6412.856
5899.461,2000,6373.881,5830.783,2000,6088.984,5952.139,2000,6286.469,5878.266,2000,6106.292,5932.713,2000,6334.457,5640.009,2000,6310.688,5731.683,2000,6101.618,5919.514,2000,6141.418,5753.211,2000,6408.955,5944.929,2000,6184.959,5660.461,2000,6167.047,5854.533,2000,6400.431,5636.809,2000,6210.54,5779.111,2000,6087.083,5956.782,2000,6235.592,5692.151,2000,6130.885,5664.762,2000,6355.407,5630.333,2000,6260.475,5706.522,2000,6390.364,5805.733,2000,6413.064
5899.596,2000,6374.04,5830.852,2000,6088.787,5952.344,2000,6286.506,5878.371,2000,6106.111,5932.891,2000,6334.564,5639.813,2000,6310.758,5731.736,2000,6101.417,5919.674,2000,6141.285,5753.164,2000,6409.158,5945.123,2000,6184.882,5660.287,2000,6166.933,5854.582,2000,6400.634,5636.601,2000,6210.536,5779.256,2000,6086.935,5956.983,2000,6235.539,5692.013,2000,6130.729,5664.602,2000,6355.54,5630.22,2000,6260.649,5706.415,2000,6390.543,5805.731,2000,6413.272
5899.73,2000,6374.199,5830.926,2000,6088.593,5952.547,2000,6286.549,5878.476,2000,6105.931,5933.069,2000,6334.671,5639.617,2000,6310.829,5731.783,2000,6101.213,5919.833,2000,6141.151,5753.117,2000,6409.361,5945.316,2000,6184.805,5660.112,2000,6166.818,5854.637,2000,6400.834,5636.392,2000,6210.539,5779.407,2000,6086.791,5957.187,2000,6235.491,5691.875,2000,6130.572,5664.441,2000,6355.672,5630.107,2000,6260.825,5706.308,2000,6390.722,5805.736,2000,6413.481
5899.864,2000,6374.358,5831.007,2000,6088.401,5952.75,2000,6286.598,5878.581,2000,6105.751,5933.248,2000,6334.779,5639.421,2000,6310.9,5731.823,2000,6101.009,5919.993,2000,6141.017,5753.069,2000,6409.564,5945.509,2000,6184.728,5659.938,2000,6166.704,5854.698,2000,6401.034,5636.184,2000,6210.548,5779.561,2000,6086.65,5957.391,2000,6235.451,5691.738,2000,6130.416,5664.28,2000,6355.804,5629.995,2000,6261,5706.201,2000,6390.9,5805.748,2000,6413.689
5899.999,2000,6374.518,5831.095,2000,6088.212,5952.953,2000,6286.647,5878.686,2000,6105.571,5933.426,2000,6334.886,5639.226,2000,6310.971,5731.856,2000,6100.803,5920.153,2000,6140.883,5753.022,2000,6409.768,5945.703,2000,6184.65,5659.764,2000,6166.59,5854.767,2000,6401.23,5635.977,2000,6210.565,5779.716,2000,6086.511,5957.597,2000,6235.417,5691.6,2000,6130.26,5664.12,2000,6355.937,5629.883,2000,6261.176,5706.094,2000,6391.079,5805.766,2000,6413.896
5900.133,2000,6374.677,5831.176,2000,6088.02,5953.155,2000,6286.696,5878.791,2000,6105.391,5933.604,2000,6334.994,5639.03,2000,6311.042,5731.896,2000,6100.599,5920.313,2000,6140.75,5752.975,2000,6409.971,5945.896,2000,6184.573,5659.589,2000,6166.476,5854.841,2000,6401.425,5635.77,2000,6210.588,5779.871,2000,6086.373,5957.803,2000,6235.39,5691.462,2000,6130.104,5663.959,2000,6356.069,5629.772,2000,6261.353,5705.987,2000,6391.258,5805.784,2000,6414.104
5900.267,2000,6374.836,5831.25,2000,6087.826,5953.358,2000,6286.745,5878.896,2000,6105.21,5933.782,2000,6335.101,5638.834,2000,6311.112,5731.943,2000,6100.396,5920.472,2000,6140.616,5752.927,2000,6410.174,5946.089,2000,6184.496,5659.415,2000,6166.361,5854.921,2000,6401.617,5635.563,2000,6210.619,5780.027,2000,6086.234,5958.011,2000,6235.37,5691.325,2000,6129.947,5663.798,2000,6356.201,5629.662,2000,6261.529,5705.88,2000,6391.437,5805.802,2000,6414.312
5900.401,2000,6374.995,5831.319,2000,6087.629,5953.561,2000,6286.793,5879.001,2000,6105.03,5933.96,2000,6335.208,5638.638,2000,6311.182,5731.997,2000,6100.194,5920.632,2000,6140.482,5752.88,2000,6410.377,5946.283,2000,6184.419,5659.241,2000,6166.247,5855,2000,6401.81,5635.358,2000,6210.656,5780.183,2000,6086.097,5958.219,2000,6235.355,5691.187,2000,6129.791,5663.638,2000,6356.333,5629.553,2000,6261.707,5705.773,2000,6391.615,5805.82,2000,6414.519
5900.536,2000,6375.154,5831.381,2000,6087.43,5953.763,2000,6286.842,5879.106,2000,6104.85,5934.139,2000,6335.316,5638.441,2000,6311.252,5732.057,2000,6099.995,5920.792,2000,6140.348,5752.833,2000,6410.58,5946.476,2000,6184.342,5659.066,2000,6166.133,5855.08,2000,6402.002,5635.155,2000,6210.699,5780.34,2000,6085.959,5958.427,2000,6235.34,5691.05,2000,6129.634,5663.477,2000,6356.466,5629.444,2000,6261.884,5705.667,2000,6391.794,5805.838,2000,6414.727
5900.67,2000,6375.313,5831.437,2000,6087.229,5953.966,2000,6286.891,5879.211,2000,6104.67,5934.317,2000,6335.423,5638.245,2000,6311.322,5732.123,2000,6099.797,5920.951,2000,6140.214,5752.785,2000,6410.783,5946.669,2000,6184.265,5658.889,2000,6166.024,5855.16,2000,6402.194,5634.953,2000,6210.75,5780.497,2000,6085.823,5958.635,2000,6235.326,5690.913,2000,6129.477,5663.316,2000,6356.598,5629.329,2000,6262.058,5705.56,2000,6391.973,5805.856,2000,6414.934
5900.804,2000,6375.473,5831.485,2000,6087.027,5954.168,2000,6286.94,5879.316,2000,6104.49,5934.495,2000,6335.531,5638.049,2000,6311.392,5732.196,2000,6099.602,5921.111,2000,6140.081,5752.738,2000,6410.986,5946.863,2000,6184.188,5658.707,2000,6165.922,5855.239,2000,6402.387,5634.752,2000,6210.807,5780.655,2000,6085.687,5958.843,2000,6235.311,5690.775,2000,6129.32,5663.156,2000,6356.73,5629.209,2000,6262.229,5705.453,2000,6392.151,5805.875,2000,6415.142
5900.938,2000,6375.632,5831.528,2000,6086.823,5954.371,2000,6286.989,5879.421,2000,6104.31,5934.673,2000,6335.638,5637.853,2000,6311.462,5732.275,2000,6099.409,5921.271,2000,6139.947,5752.69,2000,6411.189,5947.056,2000,6184.11,5658.522,2000,6165.825,5855.319,2000,6402.579,5634.554,2000,6210.87,5780.813,2000,6085.551,5959.051,2000,6235.296,5690.638,2000,6129.164,5662.995,2000,6356.863,5629.083,2000,6262.395,5705.346,2000,6392.33,5805.893,2000,6415.349
5901.073,2000,6375.791,5831.567,2000,6086.618,5954.574,2000,6287.038,5879.526,2000,6104.129,5934.852,2000,6335.746,5637.656,2000,6311.532,5732.36,2000,6099.219,5921.43,2000,6139.813,5752.643,2000,6411.393,5947.25,2000,6184.033,5658.335,2000,6165.735,5855.398,2000,6402.771,5634.358,2000,6210.94,5780.967,2000,6085.41,5959.259,2000,6235.282,5690.506,2000,6129.002,5662.834,2000,6356.995,5628.953,2000,6262.557,5705.239,2000,6392.509,5805.911,2000,6415.557
5901.207,2000,6375.95,5831.605,2000,6086.414,5954.776,2000,6287.086,5879.631,2000,6103.949,5935.03,2000,6335.853,5637.46,2000,6311.602,5732.452,2000,6099.032,5921.59,2000,6139.679,5752.596,2000,6411.596,5947.443,2000,6183.956,5658.145,2000,6165.651,5855.478,2000,6402.964,5634.164,2000,6211.016,5781.116,2000,6085.265,5959.467,2000,6235.267,5690.38,2000,6128.837,5662.674,2000,6357.127,5628.816,2000,6262.714,5705.132,2000,6392.688,5805.929,2000,6415.764
5901.341,2000,6376.109,5831.651,2000,6086.21,5954.979,2000,6287.135,5879.736,2000,6103.769,5935.208,2000,6335.96,5637.264,2000,6311.671,5732.537,2000,6098.842,5921.75,2000,6139.545,5752.548,2000,6411.799,5947.636,2000,6183.879,5657.951,2000,6165.573,5855.558,2000,6403.156,5633.973,2000,6211.099,5781.26,2000,6085.114,5959.675,2000,6235.252,5690.259,2000,6128.667,5662.513,2000,6357.26,5628.675,2000,6262.867,5705.025,2000,6392.866,5805.947,2000,6415.972
5901.476,2000,6376.269,5831.703,2000,6086.009,5955.182,2000,6287.184,5879.841,2000,6103.589,5935.386,2000,6336.068,5637.067,2000,6311.74,5732.616,2000,6098.649,5921.909,2000,6139.412,5752.501,2000,6412.002,5947.83,2000,6183.802,5657.761,2000,6165.489,5855.637,2000,6403.349,5633.784,2000,6211.188,5781.399,2000,6084.959,5959.883,2000,6235.238,5690.143,2000,6128.494,5662.353,2000,6357.392,5628.529,2000,6263.016,5704.918,2000,6393.045,5805.965,2000,6416.179
5901.61,2000,6376.428,5831.762,2000,6085.809,5955.384,2000,6287.233,5879.946,2000,6103.409,5935.564,2000,6336.175,5636.871,2000,6311.81,5732.689,2000,6098.454,5922.069,2000,6139.278,5752.454,2000,6412.205,5948.023,2000,6183.725,5657.573,2000,6165.399,5855.717,2000,6403.541,5633.593,2000,6211.27,5781.533,2000,6084.799,5960.091,2000,6235.223,5690.022,2000,6128.325,5662.192,2000,6357.524,5628.378,2000,6263.159,5704.811,2000,6393.224,5805.983,2000,6416.387
5901.744,2000,6376.587,5831.827,2000,6085.611,5955.587,2000,6287.282,5880.051,2000,6103.229,5935.743,2000,6336.283,5636.675,2000,6311.879,5732.755,2000,6098.257,5922.229,2000,6139.144,5752.406,2000,6412.408,5948.216,2000,6183.647,5657.389,2000,6165.302,5855.796,2000,6403.733,5633.399,2000,6211.346,5781.661,2000,6084.635,5960.299,2000,6235.208,5689.896,2000,6128.159,5662.031,2000,6357.657,5628.222,2000,6263.298,5704.704,2000,6393.402,5806.001,2000,6416.594
5901.878,2000,6376.746,5831.898,2000,6085.416,5955.79,2000,6287.331,5880.156,2000,6103.048,5935.921,2000,6336.39,5636.479,2000,6311.948,5732.815,2000,6098.057,5922.388,2000,6139.01,5752.359,2000,6412.611,5948.41,2000,6183.57,5657.207,2000,6165.2,5855.876,2000,6403.926,5633.203,2000,6211.416,5781.784,2000,6084.467,5960.507,2000,6235.194,5689.764,2000,6127.998,5661.871,2000,6357.789,5628.062,2000,6263.431,5704.597,2000,6393.581,5806.019,2000,6416.802
5902.013,2000,6376.905,5831.977,2000,6085.222,5955.992,2000,6287.379,5880.261,2000,6102.868,5936.099,2000,6336.498,5636.282,2000,6312.018,5732.869,2000,6097.856,5922.548,2000,6138.876,5752.312,2000,6412.814,5948.603,2000,6183.493,5657.029,2000,6165.091,5855.956,2000,6404.118,5633.004,2000,6211.479,5781.902,2000,6084.295,5960.715,2000,6235.179,5689.626,2000,6127.841,5661.71,2000,6357.921,5627.897,2000,6263.559,5704.49,2000,6393.76,5806.037,2000,6417.009
5902.147,2000,6377.064,5832.061,2000,6085.032,5956.195,2000,6287.428,5880.366,2000,6102.688,5936.277,2000,6336.605,5636.086,2000,6312.087,5732.916,2000,6097.653,5922.708,2000,6138.743,5752.264,2000,6413.018,5948.796,2000,6183.416,5656.855,2000,6164.977,5856.035,2000,6404.311,5632.804,2000,6211.537,5782.014,2000,6084.12,5960.923,2000,6235.165,5689.488,2000,6127.686,5661.549,2000,6358.054,5627.729,2000,6263.682,5704.383,2000,6393.938,5806.055,2000,6417.217
5902.281,2000,6377.224,5832.151,2000,6084.844,5956.397,2000,6287.477,5880.471,2000,6102.508,5936.456,2000,6336.712,5635.89,2000,6312.156,5732.956,2000,6097.448,5922.867,2000,6138.609,5752.217,2000,6413.221,5948.99,2000,6183.339,5656.683,2000,6164.86,5856.115,2000,6404.503,5632.602,2000,6211.587,5782.12,2000,6083.94,5961.131,2000,6235.15,5689.349,2000,6127.531,5661.389,2000,6358.186,5627.557,2000,6263.799,5704.276,2000,6394.117,5806.073,2000,6417.424
5902.416,2000,6377.383,5832.248,2000,6084.66,5956.6,2000,6287.526,5880.576,2000,6102.328,5936.634,2000,6336.82,5635.693,2000,6312.226,5732.989,2000,6097.243,5923.027,2000,6138.475,5752.169,2000,6413.424,5949.183,2000,6183.262,5656.51,2000,6164.743,5856.194,2000,6404.695,5632.398,2000,6211.63,5782.22,2000,6083.758,5961.339,2000,6235.135,5689.21,2000,6127.375,5661.228,2000,6358.318,5627.38,2000,6263.91,5704.169,2000,6394.296,5806.091,2000,6417.632
5902.55,2000,6377.542,5832.338,2000,6084.472,5956.803,2000,6287.575,5880.681,2000,6102.147,5936.812,2000,6336.927,5635.497,2000,6312.295,5733.015,2000,6097.036,5923.187,2000,6138.341,5752.122,2000,6413.627,5949.376,2000,6183.185,5656.338,2000,6164.625,5856.274,2000,6404.888,5632.193,2000,6211.667,5782.314,2000,6083.572,5961.547,2000,6235.121,5689.072,2000,6127.219,5661.067,2000,6358.451,5627.201,2000,6264.016,5704.063,2000,6394.475,5806.109,2000,6417.839
5902.684,2000,6377.701,5832.422,2000,6084.282,5957.005,2000,6287.624,5880.786,2000,6101.967,5936.99,2000,6337.035,5635.301,2000,6312.364,5733.035,2000,6096.829,5923.346,2000,6138.208,5752.075,2000,6413.83,5949.57,2000,6183.107,5656.166,2000,6164.508,5856.354,2000,6405.08,5631.987,2000,6211.698,5782.402,2000,6083.383,5961.755,2000,6235.106,5688.933,2000,6127.063,5660.907,2000,6358.583,5627.018,2000,6264.115,5703.956,2000,6394.653,5806.127,2000,6418.047
5902.818,2000,6377.86,5832.5,2000,6084.088,5957.208,2000,6287.672,5880.891,2000,6101.787,5937.168,2000,6337.142,5635.104,2000,6312.433,5733.048,2000,6096.621,5923.506,2000,6138.074,5752.027,2000,6414.033,5949.763,2000,6183.03,5655.993,2000,6164.391,5856.433,2000,6405.272,5631.78,2000,6211.721,5782.483,2000,6083.191,5961.963,2000,6235.091,5688.795,2000,6126.908,5660.746,2000,6358.715,5626.832,2000,6264.208,5703.849,2000,6394.832,5806.146,2000,6418.254
5902.953,2000,6378.02,5832.572,2000,6083.893,5957.411,2000,6287.721,5880.996,2000,6101.607,5937.347,2000,6337.25,5634.908,2000,6312.501,5733.054,2000,6096.413,5923.666,2000,6137.94,5751.98,2000,6414.236,5949.957,2000,6182.953,5655.821,2000,6164.274,5856.513,2000,6405.465,5631.573,2000,6211.738,5782.559,2000,6082.997,5962.171,2000,6235.077,5688.657,2000,6126.752,5660.585,2000,6358.848,5626.643,2000,6264.296,5703.742,2000,6395.011,5806.164,2000,6418.462
5903.087,2000,6378.179,5832.637,2000,6083.695,5957.613,2000,6287.77,5881.101,2000,6101.427,5937.525,2000,6337.357,5634.712,2000,6312.57,5733.054,2000,6096.204,5923.825,2000,6137.806,5751.933,2000,6414.439,5950.15,2000,6182.876,5655.648,2000,6164.158,5856.592,2000,6405.657,5631.365,2000,6211.748,5782.628,2000,6082.8,5962.379,2000,6235.062,5688.519,2000,6126.596,5660.425,2000,6358.98,5626.451,2000,6264.377,5703.635,2000,6395.189,5806.182,2000,6418.669
5903.221,2000,6378.338,5832.695,2000,6083.495,5957.816,2000,6287.819,5881.206,2000,6101.247,5937.703,2000,6337.464,5634.516,2000,6312.64,5733.046,2000,6095.996,5923.985,2000,6137.672,5751.885,2000,6414.643,5950.343,2000,6182.799,5655.476,2000,6164.041,5856.672,2000,6405.85,5631.156,2000,6211.75,5782.69,2000,6082.602,5962.587,2000,6235.047,5688.38,2000,6126.44,5660.264,2000,6359.112,5626.256,2000,6264.452,5703.528,2000,6395.368,5806.2,2000,6418.877
5903.355,2000,6378.497,5832.748,2000,6083.293,5958.019,2000,6287.868,5881.311,2000,6101.066,5937.881,2000,6337.572,5634.319,2000,6312.708,5733.032,2000,6095.788,5924.145,2000,6137.539,5751.838,2000,6414.846,5950.537,2000,6182.722,5655.304,2000,6163.924,5856.751,2000,6406.042,5630.948,2000,6211.747,5782.747,2000,6082.401,5962.795,2000,6235.033,5688.242,2000,6126.285,5660.104,2000,6359.245,5626.06,2000,6264.52,5703.421,2000,6395.547,5806.218,2000,6419.084
5903.49,2000,6378.656,5832.793,2000,6083.09,5958.221,2000,6287.917,5881.416,2000,6100.886,5938.06,2000,6337.679,5634.123,2000,6312.777,5733.011,2000,6095.581,5924.304,2000,6137.405,5751.791,2000,6415.049,5950.73,2000,6182.645,5655.131,2000,6163.808,5856.831,2000,6406.234,5630.74,2000,6211.736,5782.796,2000,6082.199,5963.003,2000,6235.018,5688.104,2000,6126.129,5659.943,2000,6359.377,5625.861,2000,6264.582,5703.314,2000,6395.726,5806.236,2000,6419.292
5903.624,2000,6378.815,5832.832,2000,6082.886,5958.424,2000,6287.965,5881.521,2000,6100.706,5938.238,2000,6337.787,5633.927,2000,6312.846,5732.983,2000,6095.375,5924.464,2000,6137.271,5751.743,2000,6415.252,5950.923,2000,6182.567,5654.959,2000,6163.691,5856.911,2000,6406.427,5630.532,2000,6211.719,5782.839,2000,6081.995,5963.211,2000,6235.003,5687.966,2000,6125.973,5659.782,2000,6359.509,5625.66,2000,6264.637,5703.207,2000,6395.904,5806.254,2000,6419.5
5903.758,2000,6378.975,5832.87,2000,6082.681,5958.626,2000,6288.014,5881.625,2000,6100.526,5938.416,2000,6337.894,5633.73,2000,6312.915,5732.949,2000,6095.169,5924.624,2000,6137.137,5751.696,2000,6415.455,5951.117,2000,6182.49,5654.787,2000,6163.574,5856.99,2000,6406.619,5630.325,2000,6211.695,5782.875,2000,6081.79,5963.419,2000,6234.989,5687.828,2000,6125.817,5659.622,2000,6359.642,5625.458,2000,6264.686,5703.1,2000,6396.083,5806.272,2000,6419.707
5903.893,2000,6379.134,5832.908,2000,6082.477,5958.829,2000,6288.063,5881.73,2000,6100.346,5938.594,2000,6338.001,5633.534,2000,6312.984,5732.907,2000,6094.965,5924.783,2000,6137.003,5751.648,2000,6415.658,5951.31,2000,6182.413,5654.614,2000,6163.458,5857.07,2000,6406.812,5630.119,2000,6211.664,5782.904,2000,6081.583,5963.627,2000,6234.974,5687.689,2000,6125.661,5659.461,2000,6359.774,5625.253,2000,6264.728,5702.993,2000,6396.262,5806.29,2000,6419.915
5904.027,2000,6379.293,5832.946,2000,6082.272,5959.032,2000,6288.112,5881.835,2000,6100.166,5938.772,2000,6338.109,5633.338,2000,6313.053,5732.859,2000,6094.762,5924.943,2000,6136.87,5751.601,2000,6415.861,5951.503,2000,6182.336,5654.442,2000,6163.341,5857.149,2000,6407.004,5629.914,2000,6211.626,5782.927,2000,6081.376,5963.835,2000,6234.959,5687.551,2000,6125.505,5659.3,2000,6359.906,5625.048,2000,6264.763,5702.886,2000,6396.44,5806.308,2000,6420.122
5904.162,2000,6379.452,5832.984,2000,6082.067,5959.234,2000,6288.161,5881.94,2000,6099.985,5938.951,2000,6338.216,5633.142,2000,6313.122,5732.805,2000,6094.561,5925.103,2000,6136.736,5751.554,2000,6416.064,5951.697,2000,6182.259,5654.27,2000,6163.224,5857.229,2000,6407.196,5629.71,2000,6211.582,5782.942,2000,6081.169,5964.043,2000,6234.945,5687.413,2000,6125.349,5659.14,2000,6360.039,5624.842,2000,6264.792,5702.779,2000,6396.619,5806.326,2000,6420.33
5904.296,2000,6379.611,5833.022,2000,6081.863,5959.437,2000,6288.209,5882.045,2000,6099.805,5939.129,2000,6338.324,5632.945,2000,6313.191,5732.744,2000,6094.362,5925.262,2000,6136.602,5751.506,2000,6416.268,5951.89,2000,6182.182,5654.097,2000,6163.107,5857.309,2000,6407.389,5629.508,2000,6211.531,5782.952,2000,6080.961,5964.251,2000,6234.93,5687.275,2000,6125.192,5658.979,2000,6360.171,5624.635,2000,6264.814,5702.672,2000,6396.798,5806.344,2000,6420.537
5904.43,2000,6379.771,5833.06,2000,6081.658,5959.64,2000,6288.258,5882.15,2000,6099.625,5939.307,2000,6338.431,5632.749,2000,6313.26,5732.676,2000,6094.165,5925.422,2000,6136.468,5751.459,2000,6416.471,5952.083,2000,6182.104,5653.925,2000,6162.991,5857.388,2000,6407.581,5629.308,2000,6211.474,5782.954,2000,6080.752,5964.459,2000,6234.916,5687.137,2000,6125.036,5658.818,2000,6360.303,5624.427,2000,6264.829,5702.565,2000,6396.977,5806.362,2000,6420.745
5904.564,2000,6379.93,5833.098,2000,6081.454,5959.842,2000,6288.307,5882.255,2000,6099.445,5939.485,2000,6338.539,5632.553,2000,6313.33,5732.602,2000,6093.97,5925.582,2000,6136.334,5751.412,2000,6416.674,5952.277,2000,6182.027,5653.752,2000,6162.874,5857.468,2000,6407.773,5629.108,2000,6211.416,5782.95,2000,6080.544,5964.667,2000,6234.901,5686.999,2000,6124.88,5658.658,2000,6360.436,5624.219,2000,6264.837,5702.458,2000,6397.155,5806.38,2000,6420.952
5904.699,2000,6380.089,5833.136,2000,6081.249,5960.045,2000,6288.356,5882.36,2000,6099.265,5939.664,2000,6338.646,5632.356,2000,6313.399,5732.521,2000,6093.777,5925.741,2000,6136.201,5751.364,2000,6416.877,5952.47,2000,6181.95,5653.579,2000,6162.757,5857.547,2000,6407.966,5628.908,2000,6211.358,5782.938,2000,6080.336,5964.875,2000,6234.886,5686.86,2000,6124.724,5658.497,2000,6360.568,5624.011,2000,6264.846,5702.352,2000,6397.334,5806.398,2000,6421.16
5904.833,2000,6380.248,5833.174,2000,6081.044,5960.248,2000,6288.405,5882.465,2000,6099.084,5939.842,2000,6338.753,5632.16,2000,6313.468,5732.435,2000,6093.588,5925.901,2000,6136.067,5751.317,2000,6417.08,5952.664,2000,6181.873,5653.406,2000,6162.641,5857.627,2000,6408.158,5628.708,2000,6211.301,5782.92,2000,6080.128,5965.083,2000,6234.872,5686.722,2000,6124.567,5658.336,2000,6360.7,5623.803,2000,6264.854,5702.245,2000,6397.513,5806.417,2000,6421.367
5904.967,2000,6380.407,5833.212,2000,6080.84,5960.45,2000,6288.454,5882.57,2000,6098.904,5940.02,2000,6338.861,5631.964,2000,6313.538,5732.349,2000,6093.398,5926.061,2000,6135.933,5751.27,2000,6417.283,5952.857,2000,6181.796,5653.233,2000,6162.524,5857.707,2000,6408.351,5628.507,2000,6211.243,5782.896,2000,6079.921,5965.291,2000,6234.857,5686.584,2000,6124.411,5658.176,2000,6360.833,5623.595,2000,6264.862,5702.138,2000,6397.691,5806.435,2000,6421.575
5905.102,2000,6380.566,5833.25,2000,6080.635,5960.653,2000,6288.502,5882.675,2000,6098.724,5940.198,2000,6338.968,5631.768,2000,6313.607,5732.262,2000,6093.209,5926.22,2000,6135.799,5751.222,2000,6417.486,5953.05,2000,6181.719,5653.061,2000,6162.407,5857.786,2000,6408.543,5628.307,2000,6211.186,5782.87,2000,6079.714,5965.499,2000,6234.842,5686.446,2000,6124.255,5658.015,2000,6360.965,5623.387,2000,6264.871,5702.031,2000,6397.87,5806.453,2000,6421.782
5905.236,2000,6380.726,5833.289,2000,6080.431,5960.855,2000,6288.551,5882.78,2000,6098.544,5940.376,2000,6339.076,5631.571,2000,6313.676,5732.176,2000,6093.02,5926.38,2000,6135.666,5751.175,2000,6417.689,5953.244,2000,6181.642,5652.888,2000,6162.291,5857.866,2000,6408.735,5628.107,2000,6211.128,5782.845,2000,6079.507,5965.707,2000,6234.828,5686.308,2000,6124.099,5657.854,2000,6361.097,5623.179,2000,6264.879,5701.924,2000,6398.049,5806.471,2000,6421.99
5905.37,2000,6380.885,5833.327,2000,6080.226,5961.058,2000,6288.6,5882.885,2000,6098.364,5940.555,2000,6339.183,5631.375,2000,6313.746,5732.089,2000,6092.83,5926.54,2000,6135.532,5751.127,2000,6417.893,5953.437,2000,6181.564,5652.715,2000,6162.174,5857.945,2000,6408.928,5627.907,2000,6211.07,5782.819,2000,6079.3,5965.915,2000,6234.813,5686.169,2000,6123.942,5657.694,2000,6361.229,5622.971,2000,6264.887,5701.817,2000,6398.228,5806.489,2000,6422.197
5905.504,2000,6381.044,5833.365,2000,6080.021,5961.261,2000,6288.649,5882.99,2000,6098.184,5940.733,2000,6339.291,5631.179,2000,6313.815,5732.003,2000,6092.641,5926.699,2000,6135.398,5751.08,2000,6418.096,5953.63,2000,6181.487,5652.542,2000,6162.057,5858.025,2000,6409.12,5627.707,2000,6211.013,5782.794,2000,6079.093,5966.123,2000,6234.798,5686.031,2000,6123.786,5657.533,2000,6361.362,5622.763,2000,6264.896,5701.71,2000,6398.406,5806.507,2000,6422.405
5905.639,2000,6381.203,5833.403,2000,6079.817,5961.463,2000,6288.698,5883.095,2000,6098.003,5940.911,2000,6339.398,5630.982,2000,6313.884,5731.917,2000,6092.451,5926.859,2000,6135.264,5751.033,2000,6418.299,5953.824,2000,6181.41,5652.369,2000,6161.94,5858.104,2000,6409.313,5627.506,2000,6210.955,5782.769,2000,6078.886,5966.331,2000,6234.784,5685.893,2000,6123.63,5657.373,2000,6361.494,5622.555,2000,6264.904,5701.603,2000,6398.585,5806.525,2000,6422.612
5905.773,2000,6381.362,5833.441,2000,6079.612,5961.666,2000,6288.747,5883.2,2000,6097.823,5941.089,2000,6339.505,5630.786,2000,6313.954,5731.83,2000,6092.262,5927.019,2000,6135.13,5750.985,2000,6418.502,5954.017,2000,6181.333,5652.196,2000,6161.824,5858.184,2000,6409.505,5627.306,2000,6210.897,5782.743,2000,6078.679,5966.539,2000,6234.769,5685.755,2000,6123.474,5657.212,2000,6361.626,5622.347,2000,6264.912,5701.496,2000,6398.764,5806.543,2000,6422.82
5905.907,2000,6381.521,5833.479,2000,6079.408,5961.869,2000,6288.795,5883.305,2000,6097.643,5941.268,2000,6339.613,5630.59,2000,6314.023,5731.744,2000,6092.072,5927.178,2000,6134.997,5750.938,2000,6418.705,5954.21,2000,6181.256,5652.023,2000,6161.707,5858.264,2000,6409.697,5627.106,2000,6210.84,5782.718,2000,6078.472,5966.747,2000,6234.754,5685.618,2000,6123.317,5657.051,2000,6361.759,5622.139,2000,6264.92,5701.389,2000,6398.942,5806.561,2000,6423.027
5906.042,2000,6381.681,5833.517,2000,6079.203,5962.071,2000,6288.844,5883.41,2000,6097.463,5941.446,2000,6339.72,5630.394,2000,6314.092,5731.657,2000,6091.883,5927.338,2000,6134.863,5750.891,2000,6418.908,5954.404,2000,6181.179,5651.851,2000,6161.59,5858.343,2000,6409.89,5626.906,2000,6210.782,5782.692,2000,6078.265,5966.955,2000,6234.74,5685.48,2000,6123.161,5656.891,2000,6361.891,5621.931,2000,6264.929,5701.282,2000,6399.121,5806.579,2000,6423.235
5906.176,2000,6381.84,5833.555,2000,6078.999,5962.274,2000,6288.893,5883.515,2000,6097.283,5941.624,2000,6339.828,5630.197,2000,6314.162,5731.571,2000,6091.693,5927.498,2000,6134.729,5750.843,2000,6419.111,5954.597,2000,6181.102,5651.678,2000,6161.474,5858.423,2000,6410.082,5626.706,2000,6210.725,5782.667,2000,6078.058,5967.163,2000,6234.725,5685.342,2000,6123.005,5656.73,2000,6362.023,5621.723,2000,6264.937,5701.175,2000,6399.3,5806.597,2000,6423.442
5906.31,2000,6381.999,5833.593,2000,6078.794,5962.477,2000,6288.942,5883.62,2000,6097.103,5941.802,2000,6339.935,5630.001,2000,6314.231,5731.484,2000,6091.504,5927.657,2000,6134.595,5750.796,2000,6419.314,5954.791,2000,6181.024,5651.505,2000,6161.357,5858.502,2000,6410.274,5626.505,2000,6210.667,5782.642,2000,6077.851,5967.371,2000,6234.71,5685.204,2000,6122.849,5656.569,2000,6362.156,5621.515,2000,6264.945,5701.068,2000,6399.479,5806.615,2000,6423.65
5906.444,2000,6382.158,5833.631,2000,6078.589,5962.679,2000,6288.991,5883.725,2000,6096.922,5941.98,2000,6340.042,5629.805,2000,6314.3,5731.398,2000,6091.314,5927.817,2000,6134.461,5750.749,2000,6419.518,5954.984,2000,6180.947,5651.332,2000,6161.24,5858.582,2000,6410.467,5626.305,2000,6210.609,5782.616,2000,6077.644,5967.579,2000,6234.696,5685.066,2000,6122.692,5656.409,2000,6362.288,5621.307,2000,6264.954,5700.961,2000,6399.657,5806.633,2000,6423.857
5906.579,2000,6382.317,5833.669,2000,6078.385,5962.882,2000,6289.04,5883.83,2000,6096.742,5942.159,2000,6340.15,5629.608,2000,6314.37,5731.312,2000,6091.125,5927.977,2000,6134.328,5750.701,2000,6419.721,5955.177,2000,6180.87,5651.159,2000,6161.124,5858.662,2000,6410.659,5626.105,2000,6210.552,5782.591,2000,6077.437,5967.787,2000,6234.681,5684.928,2000,6122.536,5656.248,2000,6362.42,5621.099,2000,6264.962,5700.854,2000,6399.836,5806.651,2000,6424.065
5906.713,2000,6382.477,5833.708,2000,6078.18,5963.084,2000,6289.088,5883.935,2000,6096.562,5942.337,2000,6340.257,5629.412,2000,6314.439,5731.225,2000,6090.936,5928.136,2000,6134.194,5750.654,2000,6419.924,5955.371,2000,6180.793,5650.986,2000,6161.007,5858.741,2000,6410.852,5625.905,2000,6210.494,5782.565,2000,6077.23,5967.995,2000,6234.667,5684.791,2000,6122.38,5656.087,2000,6362.553,5620.891,2000,6264.97,5700.748,2000,6400.015,5806.669,2000,6424.272
5906.847,2000,6382.636,5833.746,2000,6077.976,5963.287,2000,6289.137,5884.04,2000,6096.382,5942.515,2000,6340.365,5629.216,2000,6314.508,5731.139,2000,6090.746,5928.296,2000,6134.06,5750.606,2000,6420.127,5955.564,2000,6180.716,5650.813,2000,6160.89,5858.821,2000,6411.044,5625.705,2000,6210.437,5782.54,2000,6077.023,5968.203,2000,6234.652,5684.653,2000,6122.224,5655.927,2000,6362.685,5620.683,2000,6264.979,5700.641,2000,6400.193,5806.688,2000,6424.48
5906.981,2000,6382.795,5833.784,2000,6077.771,5963.49,2000,6289.186,5884.145,2000,6096.202,5942.693,2000,6340.472,5629.02,2000,6314.578,5731.052,2000,6090.557,5928.456,2000,6133.926,5750.559,2000,6420.33,5955.757,2000,6180.639,5650.641,2000,6160.773,5858.9,2000,6411.236,5625.504,2000,6210.379,5782.515,2000,6076.816,5968.411,2000,6234.637,5684.515,2000,6122.067,5655.766,2000,6362.817,5620.475,2000,6264.987,5700.534,2000,6400.372,5806.706,2000,6424.688
5907.116,2000,6382.954,5833.822,2000,6077.566,5963.692,2000,6289.235,5884.25,2000,6096.021,5942.872,2000,6340.58,5628.823,2000,6314.647,5730.966,2000,6090.367,5928.615,2000,6133.792,5750.512,2000,6420.533,5955.951,2000,6180.562,5650.468,2000,6160.657,5858.98,2000,6411.429,5625.304,2000,6210.321,5782.489,2000,6076.609,5968.619,2000,6234.623,5684.377,2000,6121.911,5655.605,2000,6362.95,5620.267,2000,6264.995,5700.427,2000,6400.551,5806.724,2000,6424.895
5907.25,2000,6383.113,5833.86,2000,6077.362,5963.895,2000,6289.284,5884.355,2000,6095.841,5943.05,2000,6340.687,5628.627,2000,6314.716,5730.879,2000,6090.178,5928.775,2000,6133.659,5750.464,2000,6420.736,5956.144,2000,6180.484,5650.295,2000,6160.54,5859.06,2000,6411.621,5625.104,2000,6210.264,5782.464,2000,6076.402,5968.827,2000,6234.608,5684.239,2000,6121.755,5655.445,2000,6363.082,5620.059,2000,6265.003,5700.32,2000,6400.729,5806.742,2000,6425.103
5907.384,2000,6383.272,5833.898,2000,6077.157,5964.098,2000,6289.333,5884.46,2000,6095.661,5943.228,2000,6340.794,5628.431,2000,6314.786,5730.793,2000,6089.988,5928.935,2000,6133.525,5750.417,2000,6420.939,5956.337,2000,6180.407,5650.122,2000,6160.423,5859.139,2000,6411.813,5624.904,2000,6210.206,5782.438,2000,6076.195,5969.035,2000,6234.593,5684.102,2000,6121.599,5655.284,2000,6363.214,5619.851,2000,6265.012,5700.213,2000,6400.908,5806.76,2000,6425.31
5907.519,2000,6383.432,5833.936,2000,6076.953,5964.3,2000,6289.381,5884.565,2000,6095.481,5943.406,2000,6340.902,5628.234,2000,6314.855,5730.707,2000,6089.799,5929.094,2000,6133.391,5750.37,2000,6421.143,5956.531,2000,6180.33,5649.949,2000,6160.307,5859.219,2000,6412.006,5624.704,2000,6210.148,5782.413,2000,6075.988,5969.243,2000,6234.579,5683.964,2000,6121.442,5655.124,2000,6363.347,5619.643,2000,6265.02,5700.106,2000,6401.087,5806.778,2000,6425.518
5907.653,2000,6383.591,5833.974,2000,6076.748,5964.503,2000,6289.431,5884.67,2000,6095.301,5943.584,2000,6341.009,5628.038,2000,6314.924,5730.62,2000,6089.609,5929.254,2000,6133.257,5750.322,2000,6421.346,5956.724,2000,6180.253,5649.776,2000,6160.19,5859.298,2000,6412.198,5624.503,2000,6210.091,5782.388,2000,6075.781,5969.451,2000,6234.564,5683.826,2000,6121.286,5654.963,2000,6363.479,5619.435,2000,6265.028,5699.999,2000,6401.266,5806.796,2000,6425.725
5907.787,2000,6383.75,5834.012,2000,6076.543,5964.706,2000,6289.479,5884.775,2000,6095.121,5943.763,2000,6341.117,5627.842,2000,6314.994,5730.534,2000,6089.42,5929.414,2000,6133.124,5750.275,2000,6421.549,5956.917,2000,6180.176,5649.604,2000,6160.073,5859.378,2000,6412.391,5624.303,2000,6210.033,5782.362,2000,6075.574,5969.659,2000,6234.549,5683.688,2000,6121.13,5654.802,2000,6363.611,5619.227,2000,6265.037,5699.892,2000,6401.444,5806.814,2000,6425.933
5907.921,2000,6383.909,5834.05,2000,6076.339,5964.908,2000,6289.528,5884.88,2000,6094.94,5943.941,2000,6341.225,5627.646,2000,6315.063,5730.447,2000,6089.23,5929.573,2000,6132.99,5750.228,2000,6421.752,5957.111,2000,6180.099,5649.431,2000,6159.957,5859.458,2000,6412.583,5624.103,2000,6209.976,5782.337,2000,6075.367,5969.867,2000,6234.535,5683.551,2000,6120.974,5654.642,2000,6363.744,5619.019,2000,6265.045,5699.785,2000,6401.623,5806.832,2000,6426.14
5908.056,2000,6384.068,5834.088,2000,6076.134,5965.111,2000,6289.577,5884.985,2000,6094.76,5944.119,2000,6341.332,5627.449,2000,6315.132,5730.361,2000,6089.041,5929.733,2000,6132.856,5750.18,2000,6421.955,5957.304,2000,6180.021,5649.258,2000,6159.84,5859.538,2000,6412.775,5623.903,2000,6209.918,5782.312,2000,6075.16,5970.075,2000,6234.52,5683.413,2000,6120.817,5654.481,2000,6363.876,5618.811,2000,6265.053,5699.678,2000,6401.802,5806.85,2000,6426.348
5908.19,2000,6384.228,5834.126,2000,6075.93,5965.313,2000,6289.626,5885.09,2000,6094.58,5944.297,2000,6341.439,5627.253,2000,6315.202,5730.274,2000,6088.852,5929.893,2000,6132.722,5750.133,2000,6422.158,5957.498,2000,6179.944,5649.085,2000,6159.723,5859.617,2000,6412.968,5623.703,2000,6209.86,5782.286,2000,6074.953,5970.283,2000,6234.505,5683.275,2000,6120.661,5654.32,2000,6364.008,5618.603,2000,6265.062,5699.571,2000,6401.98,5806.868,2000,6426.555
5908.324,2000,6384.387,5834.165,2000,6075.725,5965.516,2000,6289.675,5885.195,2000,6094.4,5944.476,2000,6341.547,5627.057,2000,6315.271,5730.188,2000,6088.662,5930.052,2000,6132.588,5750.085,2000,6422.361,5957.691,2000,6179.867,5648.912,2000,6159.606,5859.697,2000,6413.16,5623.502,2000,6209.803,5782.261,2000,6074.746,5970.491,2000,6234.491,5683.138,2000,6120.505,5654.16,2000,6364.141,5618.395,2000,6265.07,5699.464,2000,6402.159,5806.886,2000,6426.763
5908.459,2000,6384.546,5834.203,2000,6075.521,5965.719,2000,6289.724,5885.3,2000,6094.22,5944.654,2000,6341.654,5626.86,2000,6315.34,5730.102,2000,6088.473,5930.212,2000,6132.455,5750.038,2000,6422.564,5957.884,2000,6179.79,5648.739,2000,6159.49,5859.776,2000,6413.353,5623.302,2000,6209.745,5782.235,2000,6074.539,5970.699,2000,6234.476,5683,2000,6120.349,5653.999,2000,6364.273,5618.187,2000,6265.078,5699.357,2000,6402.338,5806.904,2000,6426.97
5908.594,2000,6384.705,5834.241,2000,6075.316,5965.921,2000,6289.773,5885.405,2000,6094.04,5944.832,2000,6341.762,5626.664,2000,6315.41,5730.015,2000,6088.283,5930.372,2000,6132.321,5749.991,2000,6422.768,5958.078,2000,6179.713,5648.566,2000,6159.373,5859.856,2000,6413.545,5623.102,2000,6209.688,5782.21,2000,6074.332,5970.907,2000,6234.461,5682.862,2000,6120.192,5653.838,2000,6364.405,5617.979,2000,6265.086,5699.25,2000,6402.517,5806.922,2000,6427.178
5908.729,2000,6384.864,5834.279,2000,6075.111,5966.124,2000,6289.822,5885.51,2000,6093.859,5945.01,2000,6341.869,5626.468,2000,6315.479,5729.929,2000,6088.094,5930.531,2000,6132.187,5749.943,2000,6422.971,5958.271,2000,6179.636,5648.394,2000,6159.256,5859.936,2000,6413.737,5622.902,2000,6209.63,5782.185,2000,6074.125,5971.115,2000,6234.447,5682.725,2000,6120.036,5653.678,2000,6364.538,5617.771,2000,6265.095,5699.144,2000,6402.695,5806.94,2000,6427.385
5908.863,2000,6385.023,5834.317,2000,6074.907,5966.327,2000,6289.871,5885.615,2000,6093.679,5945.188,2000,6341.977,5626.271,2000,6315.548,5729.842,2000,6087.904,5930.691,2000,6132.053,5749.896,2000,6423.174,5958.464,2000,6179.559,5648.221,2000,6159.14,5860.015,2000,6413.93,5622.702,2000,6209.572,5782.159,2000,6073.917,5971.323,2000,6234.432,5682.587,2000,6119.88,5653.517,2000,6364.67,5617.563,2000,6265.103,5699.037,2000,6402.874,5806.958,2000,6427.593
5908.998,2000,6385.183,5834.355,2000,6074.702,5966.529,2000,6289.92,5885.72,2000,6093.499,5945.367,2000,6342.084,5626.075,2000,6315.618,5729.756,2000,6087.715,5930.851,2000,6131.919,5749.849,2000,6423.377,5958.658,2000,6179.481,5648.048,2000,6159.023,5860.095,2000,6414.122,5622.501,2000,6209.515,5782.134,2000,6073.71,5971.531,2000,6234.417,5682.449,2000,6119.724,5653.356,2000,6364.802,5617.354,2000,6265.111,5698.93,2000,6403.053,5806.977,2000,6427.8
5909.133,2000,6385.342,5834.394,2000,6074.498,5966.732,2000,6289.969,5885.825,2000,6093.319,5945.545,2000,6342.191,5625.879,2000,6315.687,5729.669,2000,6087.525,5931.01,2000,6131.786,5749.801,2000,6423.58,5958.851,2000,6179.404,5647.875,2000,6158.906,5860.174,2000,6414.314,5622.301,2000,6209.457,5782.109,2000,6073.503,5971.739,2000,6234.403,5682.312,2000,6119.567,5653.196,2000,6364.935,5617.146,2000,6265.12,5698.823,2000,6403.231,5806.995,2000,6428.008
5909.268,2000,6385.501,5834.432,2000,6074.293,5966.935,2000,6290.018,5885.93,2000,6093.139,5945.723,2000,6342.299,5625.683,2000,6315.756,5729.583,2000,6087.336,5931.17,2000,6131.652,5749.754,2000,6423.783,5959.044,2000,6179.327,5647.702,2000,6158.79,5860.254,2000,6414.507,5622.101,2000,6209.399,5782.084,2000,6073.296,5971.947,2000,6234.388,5682.174,2000,6119.411,5653.035,2000,6365.067,5616.938,2000,6265.128,5698.716,2000,6403.41,5807.013,2000,6428.215
5909.402,2000,6385.66,5834.47,2000,6074.088,5967.137,2000,6290.066,5886.035,2000,6092.958,5945.901,2000,6342.407,5625.486,2000,6315.826,5729.497,2000,6087.146,5931.33,2000,6131.518,5749.707,2000,6423.986,5959.238,2000,6179.25,5647.529,2000,6158.673,5860.333,2000,6414.699,5621.901,2000,6209.342,5782.06,2000,6073.089,5972.155,2000,6234.374,5682.036,2000,6119.255,5652.875,2000,6365.199,5616.73,2000,6265.136,5698.609,2000,6403.589,5807.031,2000,6428.423
5909.537,2000,6385.819,5834.508,2000,6073.884,5967.34,2000,6290.115,5886.14,2000,6092.778,5946.08,2000,6342.515,5625.29,2000,6315.895,5729.41,2000,6086.957,5931.489,2000,6131.384,5749.659,2000,6424.189,5959.431,2000,6179.173,5647.356,2000,6158.556,5860.413,2000,6414.892,5621.701,2000,6209.284,5782.035,2000,6072.882,5972.363,2000,6234.359,5681.898,2000,6119.099,5652.714,2000,6365.332,5616.522,2000,6265.145,5698.502,2000,6403.768,5807.049,2000,6428.63
5909.671,2000,6385.979,5834.546,2000,6073.679,5967.542,2000,6290.164,5886.245,2000,6092.598,5946.258,2000,6342.623,5625.094,2000,6315.964,5729.324,2000,6086.768,5931.649,2000,6131.25,5749.612,2000,6424.393,5959.625,2000,6179.096,5647.184,2000,6158.439,5860.493,2000,6415.084,5621.5,2000,6209.227,5782.01,2000,6072.675,5972.571,2000,6234.344,5681.761,2000,6118.942,5652.553,2000,6365.464,5616.314,2000,6265.153,5698.395,2000,6403.946,5807.067,2000,6428.838
5909.806,2000,6386.138,5834.584,2000,6073.475,5967.745,2000,6290.213,5886.35,2000,6092.418,5946.436,2000,6342.73,5624.897,2000,6316.034,5729.237,2000,6086.578,5931.809,2000,6131.117,5749.564,2000,6424.596,5959.818,2000,6179.019,5647.011,2000,6158.323,5860.572,2000,6415.276,5621.3,2000,6209.169,5781.985,2000,6072.468,5972.779,2000,6234.33,5681.623,2000,6118.786,5652.393,2000,6365.596,5616.106,2000,6265.161,5698.288,2000,6404.125,5807.085,2000,6429.045
5909.94,2000,6386.297,5834.622,2000,6073.27,5967.948,2000,6290.262,5886.455,2000,6092.238,5946.614,2000,6342.838,5624.701,2000,6316.103,5729.151,2000,6086.389,5931.968,2000,6130.983,5749.517,2000,6424.799,5960.011,2000,6178.941,5646.838,2000,6158.206,5860.652,2000,6415.469,5621.1,2000,6209.111,5781.959,2000,6072.261,5972.987,2000,6234.315,5681.485,2000,6118.63,5652.232,2000,6365.729,5615.898,2000,6265.169,5698.181,2000,6404.304,5807.103,2000,6429.253
5910.074,2000,6386.456,5834.66,2000,6073.065,5968.15,2000,6290.311,5886.56,2000,6092.058,5946.792,2000,6342.946,5624.505,2000,6316.172,5729.064,2000,6086.199,5932.128,2000,6130.849,5749.47,2000,6425.002,5960.205,2000,6178.864,5646.665,2000,6158.089,5860.731,2000,6415.661,5620.9,2000,6209.054,5781.934,2000,6072.054,5973.195,2000,6234.3,5681.348,2000,6118.474,5652.071,2000,6365.861,5615.69,2000,6265.178,5698.074,2000,6404.482,5807.121,2000,6429.46
5910.208,2000,6386.615,5834.698,2000,6072.861,5968.353,2000,6290.359,5886.665,2000,6091.877,5946.971,2000,6343.053,5624.309,2000,6316.242,5728.978,2000,6086.01,5932.288,2000,6130.715,5749.422,2000,6425.205,5960.398,2000,6178.787,5646.492,2000,6157.973,5860.811,2000,6415.854,5620.7,2000,6208.996,5781.909,2000,6071.847,5973.403,2000,6234.286,5681.21,2000,6118.317,5651.911,2000,6365.993,5615.482,2000,6265.186,5697.967,2000,6404.661,5807.139,2000,6429.668
5910.343,2000,6386.774,5834.737,2000,6072.656,5968.556,2000,6290.408,5886.77,2000,6091.697,5947.149,2000,6343.161,5624.112,2000,6316.311,5728.892,2000,6085.82,5932.447,2000,6130.582,5749.375,2000,6425.408,5960.591,2000,6178.71,5646.319,2000,6157.856,5860.891,2000,6416.046,5620.5,2000,6208.938,5781.883,2000,6071.64,5973.611,2000,6234.271,5681.072,2000,6118.161,5651.75,2000,6366.125,5615.274,2000,6265.194,5697.86,2000,6404.84,5807.157,2000,6429.875
5910.477,2000,6386.934,5834.775,2000,6072.452,5968.758,2000,6290.457,5886.875,2000,6091.517,5947.327,2000,6343.269,5623.916,2000,6316.38,5728.805,2000,6085.631,5932.607,2000,6130.448,5749.328,2000,6425.611,5960.785,2000,6178.633,5646.146,2000,6157.739,5860.97,2000,6416.238,5620.299,2000,6208.881,5781.858,2000,6071.433,5973.819,2000,6234.256,5680.935,2000,6118.005,5651.59,2000,6366.258,5615.066,2000,6265.203,5697.753,2000,6405.019,5807.175,2000,6430.083
5910.611,2000,6387.093,5834.814,2000,6072.247,5968.961,2000,6290.506,5886.979,2000,6091.337,5947.505,2000,6343.376,5623.72,2000,6316.45,5728.719,2000,6085.441,5932.767,2000,6130.314,5749.28,2000,6425.814,5960.978,2000,6178.556,5645.974,2000,6157.623,5861.05,2000,6416.431,5620.099,2000,6208.823,5781.833,2000,6071.226,5974.027,2000,6234.242,5680.797,2000,6117.849,5651.43,2000,6366.39,5614.858,2000,6265.211,5697.646,2000,6405.197,5807.193,2000,6430.291
5910.746,2000,6387.252,5834.853,2000,6072.042,5969.164,2000,6290.555,5887.084,2000,6091.157,5947.684,2000,6343.484,5623.523,2000,6316.519,5728.632,2000,6085.252,5932.926,2000,6130.18,5749.233,2000,6426.018,5961.171,2000,6178.479,5645.801,2000,6157.506,5861.129,2000,6416.623,5619.899,2000,6208.766,5781.807,2000,6071.019,5974.235,2000,6234.227,5680.659,2000,6117.692,5651.27,2000,6366.522,5614.65,2000,6265.219,5697.54,2000,6405.376,5807.211,2000,6430.498
5910.881,2000,6387.411,5834.891,2000,6071.838,5969.366,2000,6290.604,5887.189,2000,6090.977,5947.862,2000,6343.592,5623.327,2000,6316.588,5728.546,2000,6085.063,5933.086,2000,6130.046,5749.186,2000,6426.221,5961.365,2000,6178.401,5645.628,2000,6157.389,5861.209,2000,6416.815,5619.699,2000,6208.708,5781.782,2000,6070.812,5974.443,2000,6234.212,5680.521,2000,6117.536,5651.11,2000,6366.655,5614.442,2000,6265.228,5697.433,2000,6405.555,5807.229,2000,6430.706
5911.016,2000,6387.57,5834.93,2000,6071.633,5969.569,2000,6290.652,5887.294,2000,6090.796,5948.04,2000,6343.699,5623.131,2000,6316.658,5728.459,2000,6084.873,5933.246,2000,6129.913,5749.138,2000,6426.424,5961.558,2000,6178.324,5645.455,2000,6157.272,5861.289,2000,6417.008,5619.499,2000,6208.65,5781.756,2000,6070.605,5974.651,2000,6234.198,5680.384,2000,6117.38,5650.95,2000,6366.787,5614.234,2000,6265.236,5697.326,2000,6405.733,5807.248,2000,6430.913
5911.15,2000,6387.729,5834.968,2000,6071.429,5969.771,2000,6290.701,5887.399,2000,6090.616,5948.218,2000,6343.807,5622.935,2000,6316.727,5728.373,2000,6084.684,5933.405,2000,6129.779,5749.091,2000,6426.627,5961.751,2000,6178.247,5645.282,2000,6157.156,5861.368,2000,6417.2,5619.298,2000,6208.593,5781.731,2000,6070.398,5974.859,2000,6234.183,5680.246,2000,6117.224,5650.79,2000,6366.919,5614.026,2000,6265.244,5697.219,2000,6405.912,5807.266,2000,6431.121
5911.285,2000,6387.889,5835.006,2000,6071.224,5969.974,2000,6290.75,5887.504,2000,6090.436,5948.396,2000,6343.915,5622.738,2000,6316.796,5728.287,2000,6084.494,5933.565,2000,6129.645,5749.043,2000,6426.83,5961.945,2000,6178.17,5645.109,2000,6157.039,5861.448,2000,6417.393,5619.098,2000,6208.535,5781.706,2000,6070.191,5975.067,2000,6234.168,5680.108,2000,6117.067,5650.629,2000,6367.052,5613.818,2000,6265.252,5697.112,2000,6406.091,5807.284,2000,6431.328
5911.42,2000,6388.048,5835.044,2000,6071.02,5970.177,2000,6290.799,5887.609,2000,6090.256,5948.575,2000,6344.022,5622.542,2000,6316.866,5728.2,2000,6084.305,5933.725,2000,6129.511,5748.996,2000,6427.033,5962.138,2000,6178.093,5644.937,2000,6156.922,5861.527,2000,6417.585,5618.898,2000,6208.478,5781.68,2000,6069.984,5975.275,2000,6234.154,5679.971,2000,6116.911,5650.469,2000,6367.184,5613.61,2000,6265.261,5697.005,2000,6406.27,5807.302,2000,6431.536
5911.555,2000,6388.207,5835.083,2000,6070.815,5970.379,2000,6290.848,5887.714,2000,6090.076,5948.753,2000,6344.13,5622.346,2000,6316.935,5728.114,2000,6084.115,5933.884,2000,6129.377,5748.949,2000,6427.236,5962.332,2000,6178.016,5644.764,2000,6156.806,5861.607,2000,6417.777,5618.698,2000,6208.42,5781.655,2000,6069.777,5975.483,2000,6234.139,5679.833,2000,6116.755,5650.308,2000,6367.316,5613.402,2000,6265.269,5696.898,2000,6406.448,5807.32,2000,6431.743
5911.689,2000,6388.366,5835.121,2000,6070.61,5970.582,2000,6290.896,5887.819,2000,6089.896,5948.931,2000,6344.238,5622.149,2000,6317.004,5728.027,2000,6083.926,5934.044,2000,6129.244,5748.901,2000,6427.439,5962.525,2000,6177.938,5644.591,2000,6156.689,5861.687,2000,6417.97,5618.498,2000,6208.362,5781.63,2000,6069.57,5975.691,2000,6234.125,5679.695,2000,6116.599,5650.147,2000,6367.449,5613.194,2000,6265.277,5696.791,2000,6406.627,5807.338,2000,6431.951
5911.824,2000,6388.525,5835.159,2000,6070.406,5970.785,2000,6290.945,5887.924,2000,6089.715,5949.109,2000,6344.346,5621.953,2000,6317.074,5727.941,2000,6083.736,5934.204,2000,6129.11,5748.854,2000,6427.643,5962.718,2000,6177.861,5644.418,2000,6156.572,5861.766,2000,6418.162,5618.297,2000,6208.305,5781.605,2000,6069.363,5975.899,2000,6234.11,5679.558,2000,6116.442,5649.987,2000,6367.581,5612.986,2000,6265.286,5696.684,2000,6406.806,5807.356,2000,6432.158
5911.958,2000,6388.685,5835.198,2000,6070.201,5970.987,2000,6290.994,5888.029,2000,6089.535,5949.288,2000,6344.454,5621.757,2000,6317.143,5727.854,2000,6083.547,5934.363,2000,6128.976,5748.807,2000,6427.846,5962.912,2000,6177.784,5644.245,2000,6156.456,5861.846,2000,6418.354,5618.097,2000,6208.247,5781.58,2000,6069.156,5976.107,2000,6234.095,5679.42,2000,6116.286,5649.827,2000,6367.713,5612.778,2000,6265.294,5696.577,2000,6406.984,5807.374,2000,6432.366
5912.093,2000,6388.844,5835.236,2000,6069.997,5971.19,2000,6291.043,5888.134,2000,6089.355,5949.466,2000,6344.561,5621.561,2000,6317.212,5727.768,2000,6083.357,5934.523,2000,6128.842,5748.759,2000,6428.049,5963.105,2000,6177.707,5644.072,2000,6156.339,5861.925,2000,6418.547,5617.897,2000,6208.189,5781.555,2000,6068.949,5976.315,2000,6234.081,5679.282,2000,6116.13,5649.667,2000,6367.846,5612.57,2000,6265.302,5696.47,2000,6407.163,5807.392,2000,6432.573
5912.228,2000,6389.003,5835.275,2000,6069.792,5971.393,2000,6291.092,5888.239,2000,6089.175,5949.644,2000,6344.669,5621.364,2000,6317.282,5727.682,2000,6083.168,5934.683,2000,6128.708,5748.712,2000,6428.252,5963.298,2000,6177.63,5643.899,2000,6156.222,5862.005,2000,6418.739,5617.697,2000,6208.132,5781.53,2000,6068.742,5976.523,2000,6234.066,5679.145,2000,6115.974,5649.507,2000,6367.978,5612.362,2000,6265.311,5696.363,2000,6407.342,5807.41,2000,6432.781
5912.362,2000,6389.162,5835.313,2000,6069.587,5971.595,2000,6291.141,5888.344,2000,6088.995,5949.822,2000,6344.777,5621.168,2000,6317.351,5727.595,2000,6082.979,5934.842,2000,6128.575,5748.665,2000,6428.455,5963.492,2000,6177.553,5643.727,2000,6156.105,5862.084,2000,6418.932,5617.497,2000,6208.074,5781.504,2000,6068.535,5976.731,2000,6234.051,5679.007,2000,6115.817,5649.347,2000,6368.11,5612.154,2000,6265.319,5696.256,2000,6407.521,5807.428,2000,6432.988
5912.497,2000,6389.321,5835.352,2000,6069.383,5971.798,2000,6291.189,5888.449,2000,6088.814,5950,2000,6344.885,5620.972,2000,6317.42,5727.509,2000,6082.789,5935.002,2000,6128.441,5748.617,2000,6428.658,5963.685,2000,6177.476,5643.554,2000,6155.989,5862.164,2000,6419.124,5617.296,2000,6208.017,5781.479,2000,6068.328,5976.939,2000,6234.037,5678.869,2000,6115.661,5649.187,2000,6368.243,5611.946,2000,6265.327,5696.149,2000,6407.699,5807.446,2000,6433.196
5912.631,2000,6389.48,5835.391,2000,6069.178,5972,2000,6291.238,5888.554,2000,6088.634,5950.179,2000,6344.993,5620.775,2000,6317.49,5727.422,2000,6082.6,5935.162,2000,6128.307,5748.57,2000,6428.861,5963.878,2000,6177.398,5643.381,2000,6155.872,5862.244,2000,6419.316,5617.096,2000,6207.959,5781.455,2000,6068.121,5977.147,2000,6234.022,5678.731,2000,6115.505,5649.026,2000,6368.375,5611.738,2000,6265.335,5696.042,2000,6407.878,5807.464,2000,6433.403
5912.765,2000,6389.64,5835.429,2000,6068.974,5972.203,2000,6291.287,5888.659,2000,6088.454,5950.357,2000,6345.101,5620.579,2000,6317.559,5727.336,2000,6082.41,5935.321,2000,6128.173,5748.522,2000,6429.064,5964.072,2000,6177.321,5643.208,2000,6155.755,5862.323,2000,6419.509,5616.896,2000,6207.901,5781.429,2000,6067.914,5977.355,2000,6234.007,5678.594,2000,6115.349,5648.866,2000,6368.507,5611.53,2000,6265.344,5695.936,2000,6408.057,5807.482,2000,6433.611
5912.899,2000,6389.799,5835.468,2000,6068.769,5972.406,2000,6291.336,5888.764,2000,6088.274,5950.535,2000,6345.208,5620.383,2000,6317.628,5727.25,2000,6082.221,5935.481,2000,6128.04,5748.475,2000,6429.268,5964.265,2000,6177.244,5643.035,2000,6155.639,5862.403,2000,6419.701,5616.696,2000,6207.844,5781.404,2000,6067.707,5977.563,2000,6233.993,5678.456,2000,6115.192,5648.706,2000,6368.64,5611.322,2000,6265.352,5695.829,2000,6408.235,5807.5,2000,6433.818
5913.034,2000,6389.958,5835.506,2000,6068.564,5972.608,2000,6291.385,5888.869,2000,6088.094,5950.713,2000,6345.316,5620.187,2000,6317.698,5727.163,2000,6082.031,5935.641,2000,6127.906,5748.428,2000,6429.471,5964.458,2000,6177.167,5642.862,2000,6155.522,5862.482,2000,6419.894,5616.496,2000,6207.786,5781.378,2000,6067.5,5977.771,2000,6233.978,5678.318,2000,6115.036,5648.546,2000,6368.772,5611.114,2000,6265.36,5695.722,2000,6408.414,5807.519,2000,6434.026
5913.168,2000,6390.117,5835.545,2000,6068.36,5972.811,2000,6291.434,5888.974,2000,6087.914,5950.892,2000,6345.424,5619.99,2000,6317.767,5727.077,2000,6081.842,5935.8,2000,6127.772,5748.38,2000,6429.674,5964.652,2000,6177.09,5642.689,2000,6155.405,5862.562,2000,6420.086,5616.295,2000,6207.729,5781.353,2000,6067.292,5977.979,2000,6233.963,5678.181,2000,6114.88,5648.386,2000,6368.904,5610.906,2000,6265.369,5695.615,2000,6408.593,5807.537,2000,6434.233
5913.302,2000,6390.276,5835.583,2000,6068.155,5973.014,2000,6291.482,5889.079,2000,6087.733,5951.07,2000,6345.532,5619.794,2000,6317.836,5726.99,2000,6081.652,5935.96,2000,6127.638,5748.333,2000,6429.877,5964.845,2000,6177.013,5642.517,2000,6155.289,5862.642,2000,6420.278,5616.095,2000,6207.671,5781.328,2000,6067.085,5978.188,2000,6233.949,5678.043,2000,6114.724,5648.226,2000,6369.037,5610.698,2000,6265.377,5695.508,2000,6408.771,5807.555,2000,6434.441
5913.437,2000,6390.436,5835.622,2000,6067.951,5973.216,2000,6291.531,5889.184,2000,6087.553,5951.248,2000,6345.64,5619.598,2000,6317.906,5726.904,2000,6081.463,5936.12,2000,6127.504,5748.286,2000,6430.08,5965.039,2000,6176.936,5642.344,2000,6155.172,5862.721,2000,6420.471,5615.895,2000,6207.613,5781.303,2000,6066.878,5978.396,2000,6233.934,5677.905,2000,6114.567,5648.065,2000,6369.169,5610.49,2000,6265.385,5695.401,2000,6408.95,5807.573,2000,6434.648
5913.571,2000,6390.595,5835.661,2000,6067.746,5973.419,2000,6291.58,5889.289,2000,6087.373,5951.426,2000,6345.748,5619.401,2000,6317.975,5726.817,2000,6081.273,5936.279,2000,6127.371,5748.238,2000,6430.283,5965.232,2000,6176.858,5642.171,2000,6155.055,5862.801,2000,6420.663,5615.695,2000,6207.556,5781.277,2000,6066.671,5978.604,2000,6233.919,5677.768,2000,6114.411,5647.905,2000,6369.301,5610.282,2000,6265.394,5695.294,2000,6409.129,5807.591,2000,6434.856
5913.705,2000,6390.754,5835.699,2000,6067.542,5973.622,2000,6291.629,5889.394,2000,6087.193,5951.604,2000,6345.856,5619.205,2000,6318.044,5726.731,2000,6081.084,5936.439,2000,6127.237,5748.191,2000,6430.486,5965.425,2000,6176.781,5641.998,2000,6154.938,5862.88,2000,6420.855,5615.495,2000,6207.498,5781.252,2000,6066.464,5978.812,2000,6233.905,5677.63,2000,6114.255,5647.745,2000,6369.433,5610.074,2000,6265.402,5695.187,2000,6409.308,5807.609,2000,6435.063
5913.839,2000,6390.913,5835.738,2000,6067.337,5973.824,2000,6291.678,5889.499,2000,6087.013,5951.783,2000,6345.964,5619.009,2000,6318.114,5726.645,2000,6080.895,5936.599,2000,6127.103,5748.144,2000,6430.689,5965.619,2000,6176.704,5641.825,2000,6154.822,5862.96,2000,6421.048,5615.294,2000,6207.44,5781.228,2000,6066.257,5979.02,2000,6233.89,5677.492,2000,6114.099,5647.585,2000,6369.565,5609.866,2000,6265.41,5695.08,2000,6409.486,5807.627,2000,6435.271
5913.974,2000,6391.072,5835.776,2000,6067.132,5974.027,2000,6291.727,5889.604,2000,6086.833,5951.961,2000,6346.072,5618.813,2000,6318.183,5726.558,2000,6080.705,5936.758,2000,6126.969,5748.096,2000,6430.893,5965.812,2000,6176.627,5641.652,2000,6154.705,5863.04,2000,6421.24,5615.094,2000,6207.383,5781.203,2000,6066.05,5979.228,2000,6233.875,5677.354,2000,6113.942,5647.425,2000,6369.697,5609.658,2000,6265.418,5694.973,2000,6409.665,5807.645,2000,6435.479
5914.109,2000,6391.231,5835.815,2000,6066.928,5974.229,2000,6291.775,5889.709,2000,6086.652,5952.139,2000,6346.18,5618.616,2000,6318.252,5726.472,2000,6080.516,5936.918,2000,6126.835,5748.049,2000,6431.096,5966.005,2000,6176.55,5641.479,2000,6154.588,5863.119,2000,6421.433,5614.894,2000,6207.325,5781.177,2000,6065.843,5979.436,2000,6233.861,5677.217,2000,6113.786,5647.265,2000,6369.829,5609.45,2000,6265.427,5694.866,2000,6409.844,5807.663,2000,6435.686
5914.244,2000,6391.391,5835.854,2000,6066.723,5974.432,2000,6291.824,5889.814,2000,6086.472,5952.317,2000,6346.288,5618.42,2000,6318.322,5726.385,2000,6080.326,5937.078,2000,6126.702,5748.001,2000,6431.299,5966.199,2000,6176.473,5641.307,2000,6154.472,5863.199,2000,6421.625,5614.694,2000,6207.268,5781.152,2000,6065.636,5979.644,2000,6233.846,5677.079,2000,6113.63,5647.104,2000,6369.96,5609.242,2000,6265.435,5694.759,2000,6410.022,5807.681,2000,6435.894
5914.378,2000,6391.55,5835.892,2000,6066.519,5974.635,2000,6291.873,5889.919,2000,6086.292,5952.496,2000,6346.396,5618.224,2000,6318.391,5726.299,2000,6080.137,5937.237,2000,6126.568,5747.954,2000,6431.502,5966.392,2000,6176.396,5641.134,2000,6154.355,5863.278,2000,6421.817,5614.494,2000,6207.21,5781.127,2000,6065.429,5979.852,2000,6233.832,5676.941,2000,6113.474,5646.944,2000,6370.092,5609.034,2000,6265.443,5694.652,2000,6410.201,5807.699,2000,6436.101
5914.513,2000,6391.709,5835.931,2000,6066.314,5974.837,2000,6291.922,5890.024,2000,6086.112,5952.674,2000,6346.503,5618.027,2000,6318.46,5726.212,2000,6079.947,5937.397,2000,6126.434,5747.907,2000,6431.705,5966.585,2000,6176.318,5640.961,2000,6154.238,5863.358,2000,6422.01,5614.293,2000,6207.152,5781.102,2000,6065.222,5980.06,2000,6233.817,5676.804,2000,6113.317,5646.784,2000,6370.224,5608.826,2000,6265.452,5694.545,2000,6410.38,5807.717,2000,6436.309
5914.648,2000,6391.868,5835.969,2000,6066.109,5975.04,2000,6291.971,5890.129,2000,6085.932,5952.852,2000,6346.611,5617.831,2000,6318.53,5726.126,2000,6079.758,5937.557,2000,6126.3,5747.859,2000,6431.908,5966.779,2000,6176.241,5640.788,2000,6154.122,5863.438,2000,6422.202,5614.093,2000,6207.095,5781.077,2000,6065.015,5980.268,2000,6233.802,5676.666,2000,6113.161,5646.624,2000,6370.356,5608.618,2000,6265.46,5694.438,2000,6410.559,5807.735,2000,6436.516
5914.783,2000,6392.027,5836.008,2000,6065.905,5975.243,2000,6292.02,5890.234,2000,6085.751,5953.03,2000,6346.719,5617.635,2000,6318.599,5726.04,2000,6079.568,5937.716,2000,6126.167,5747.812,2000,6432.111,5966.972,2000,6176.164,5640.615,2000,6154.006,5863.517,2000,6422.395,5613.893,2000,6207.037,5781.052,2000,6064.808,5980.476,2000,6233.788,5676.528,2000,6113.005,5646.464,2000,6370.489,5608.41,2000,6265.468,5694.332,2000,6410.737,5807.753,2000,6436.724
5914.917,2000,6392.187,5836.046,2000,6065.7,5975.445,2000,6292.068,5890.339,2000,6085.571,5953.208,2000,6346.827,5617.438,2000,6318.668,5725.953,2000,6079.379,5937.876,2000,6126.033,5747.765,2000,6432.314,5967.166,2000,6176.087,5640.442,2000,6153.889,5863.597,2000,6422.587,5613.693,2000,6206.979,5781.027,2000,6064.601,5980.684,2000,6233.773,5676.391,2000,6112.849,5646.304,2000,6370.621,5608.202,2000,6265.477,5694.225,2000,6410.916,5807.771,2000,6436.931
5915.052,2000,6392.346,5836.085,2000,6065.496,5975.648,2000,6292.117,5890.444,2000,6085.391,5953.387,2000,6346.935,5617.242,2000,6318.738,5725.867,2000,6079.189,5938.036,2000,6125.899,5747.717,2000,6432.518,5967.359,2000,6176.01,5640.27,2000,6153.772,5863.676,2000,6422.779,5613.493,2000,6206.922,5781.002,2000,6064.394,5980.892,2000,6233.758,5676.253,2000,6112.692,5646.144,2000,6370.753,5607.994,2000,6265.485,5694.118,2000,6411.095,5807.79,2000,6437.139
5915.21,2000,6392.533,5836.13,2000,6065.255,5975.886,2000,6292.175,5890.567,2000,6085.18,5953.596,2000,6347.062,5617.012,2000,6318.819,5725.765,2000,6078.967,5938.223,2000,6125.742,5747.662,2000,6432.756,5967.586,2000,6175.919,5640.066,2000,6153.636,5863.77,2000,6423.005,5613.257,2000,6206.854,5780.973,2000,6064.151,5981.136,2000,6233.741,5676.091,2000,6112.509,5645.956,2000,6370.908,5607.75,2000,6265.495,5693.992,2000,6411.305,5807.811,2000,6437.382
5915.345,2000,6392.692,5836.168,2000,6065.05,5976.088,2000,6292.224,5890.672,2000,6085,5953.774,2000,6347.169,5616.815,2000,6318.889,5725.679,2000,6078.777,5938.383,2000,6125.608,5747.615,2000,6432.959,5967.779,2000,6175.842,5639.894,2000,6153.52,5863.85,2000,6423.198,5613.057,2000,6206.796,5780.948,2000,6063.944,5981.344,2000,6233.727,5675.953,2000,6112.353,5645.795,2000,6371.04,5607.542,2000,6265.503,5693.885,2000,6411.483,5807.829,2000,6437.59
5915.67,2000,6393.076,5836.261,2000,6064.556,5976.578,2000,6292.342,5890.926,2000,6084.564,5954.206,2000,6347.43,5616.341,2000,6319.056,5725.47,2000,6078.319,5938.769,2000,6125.285,5747.5,2000,6433.449,5968.247,2000,6175.655,5639.476,2000,6153.238,5864.042,2000,6423.663,5612.573,2000,6206.657,5780.888,2000,6063.444,5981.846,2000,6233.691,5675.62,2000,6111.975,5645.408,2000,6371.359,5607.039,2000,6265.523,5693.626,2000,6411.915,5807.873,2000,6438.091
5915.866,2000,6393.308,5836.317,2000,6064.258,5976.872,2000,6292.414,5891.079,2000,6084.303,5954.465,2000,6347.586,5616.056,2000,6319.157,5725.344,2000,6078.043,5939.001,2000,6125.09,5747.432,2000,6433.744,5968.528,2000,6175.543,5639.225,2000,6153.069,5864.159,2000,6423.942,5612.282,2000,6206.573,5780.851,2000,6063.143,5982.148,2000,6233.669,5675.42,2000,6111.748,5645.175,2000,6371.551,5606.736,2000,6265.535,5693.471,2000,6412.175,5807.899,2000,6438.393
5916.161,2000,6393.656,5836.402,2000,6063.809,5977.316,2000,6292.521,5891.309,2000,6083.908,5954.855,2000,6347.822,5615.625,2000,6319.309,5725.155,2000,6077.628,5939.351,2000,6124.796,5747.328,2000,6434.189,5968.952,2000,6175.374,5638.846,2000,6152.814,5864.333,2000,6424.364,5611.843,2000,6206.447,5780.796,2000,6062.69,5982.604,2000,6233.637,5675.118,2000,6111.406,5644.824,2000,6371.84,5606.28,2000,6265.553,5693.236,2000,6412.566,5807.939,2000,6438.848
5916.456,2000,6394.004,5836.486,2000,6063.361,5977.758,2000,6292.628,5891.539,2000,6083.515,5955.245,2000,6348.058,5615.196,2000,6319.461,5724.966,2000,6077.214,5939.7,2000,6124.504,5747.225,2000,6434.632,5969.375,2000,6175.205,5638.469,2000,6152.56,5864.508,2000,6424.785,5611.406,2000,6206.321,5780.741,2000,6062.238,5983.058,2000,6233.605,5674.816,2000,6111.064,5644.474,2000,6372.128,5605.825,2000,6265.57,5693.002,2000,6412.957,5807.979,2000,6439.301
5916.861,2000,6394.483,5836.602,2000,6062.745,5978.368,2000,6292.776,5891.854,2000,6082.973,5955.782,2000,6348.382,5614.605,2000,6319.67,5724.706,2000,6076.643,5940.181,2000,6124.101,5747.083,2000,6435.243,5969.958,2000,6174.972,5637.948,2000,6152.209,5864.748,2000,6425.364,5610.803,2000,6206.148,5780.665,2000,6061.615,5983.683,2000,6233.561,5674.401,2000,6110.594,5643.992,2000,6372.525,5605.198,2000,6265.595,5692.68,2000,6413.495,5808.034,2000,6439.926
5917.266,2000,6394.962,5836.717,2000,6062.127,5978.979,2000,6292.924,5892.171,2000,6082.43,5956.319,2000,6348.707,5614.014,2000,6319.879,5724.445,2000,6076.072,5940.662,2000,6123.698,5746.941,2000,6435.854,5970.541,2000,6174.74,5637.428,2000,6151.858,5864.989,2000,6425.944,5610.199,2000,6205.975,5780.589,2000,6060.992,5984.31,2000,6233.517,5673.986,2000,6110.124,5643.51,2000,6372.923,5604.57,2000,6265.619,5692.358,2000,6414.033,5808.088,2000,6440.552
5917.61,2000,6395.369,5836.815,2000,6061.604,5979.496,2000,6293.049,5892.439,2000,6081.971,5956.774,2000,6348.982,5613.513,2000,6320.056,5724.225,2000,6075.588,5941.07,2000,6123.356,5746.82,2000,6436.373,5971.035,2000,6174.542,5636.987,2000,6151.561,5865.192,2000,6426.436,5609.688,2000,6205.827,5780.525,2000,6060.464,5984.84,2000,6233.479,5673.635,2000,6109.725,5643.101,2000,6373.26,5604.039,2000,6265.64,5692.084,2000,6414.489,5808.135,2000,6441.082
5918.178,2000,6396.039,5836.978,2000,6060.741,5980.35,2000,6293.256,5892.882,2000,6081.212,5957.526,2000,6349.437,5612.686,2000,6320.349,5723.86,2000,6074.789,5941.743,2000,6122.792,5746.622,2000,6437.229,5971.851,2000,6174.216,5636.258,2000,6151.07,5865.529,2000,6427.247,5608.844,2000,6205.584,5780.419,2000,6059.592,5985.717,2000,6233.418,5673.054,2000,6109.066,5642.426,2000,6373.816,5603.161,2000,6265.674,5691.633,2000,6415.243,5808.211,2000,6441.957
5918.574,2000,6396.507,5837.091,2000,6060.138,5980.945,2000,6293.4,5893.191,2000,6080.682,5958.051,2000,6349.753,5612.108,2000,6320.553,5723.605,2000,6074.231,5942.213,2000,6122.397,5746.483,2000,6437.826,5972.42,2000,6173.989,5635.749,2000,6150.728,5865.764,2000,6427.813,5608.254,2000,6205.415,5780.345,2000,6058.983,5986.329,2000,6233.375,5672.648,2000,6108.606,5641.956,2000,6374.204,5602.548,2000,6265.698,5691.318,2000,6415.768,5808.265,2000,6442.568
5919.219,2000,6397.27,5837.275,2000,6059.156,5981.917,2000,6293.636,5893.694,2000,6079.819,5958.906,2000,6350.27,5611.167,2000,6320.886,5723.191,2000,6073.322,5942.979,2000,6121.755,5746.257,2000,6438.799,5973.348,2000,6173.618,5634.92,2000,6150.169,5866.146,2000,6428.736,5607.294,2000,6205.138,5780.225,2000,6057.991,5987.325,2000,6233.305,5671.988,2000,6107.856,5641.189,2000,6374.835,5601.55,2000,6265.737,5690.805,2000,6416.625,5808.352,2000,6443.563
5919.787,2000,6397.94,5837.437,2000,6058.292,5982.771,2000,6293.843,5894.137,2000,6079.061,5959.658,2000,6350.725,5610.339,2000,6321.179,5722.826,2000,6072.522,5943.652,2000,6121.191,5746.058,2000,6439.655,5974.164,2000,6173.292,5634.191,2000,6149.679,5866.483,2000,6429.548,5606.45,2000,6204.895,5780.119,2000,6057.119,5988.202,2000,6233.244,5671.407,2000,6107.197,5640.515,2000,6375.39,5600.672,2000,6265.771,5690.353,2000,6417.377,5808.428,2000,6444.438
5920.195,2000,6398.422,5837.554,2000,6057.672,5983.384,2000,6293.991,5894.456,2000,6078.515,5960.199,2000,6351.051,5609.745,2000,6321.389,5722.564,2000,6071.948,5944.136,2000,6120.785,5745.915,2000,6440.27,5974.75,2000,6173.058,5633.667,2000,6149.326,5866.725,2000,6430.131,5605.843,2000,6204.72,5780.042,2000,6056.492,5988.832,2000,6233.199,5670.989,2000,6106.724,5640.031,2000,6375.789,5600.041,2000,6265.796,5690.028,2000,6417.918,5808.483,2000,6445.067
5921.01,2000,6399.384,5837.787,2000,6056.434,5984.609,2000,6294.288,5895.09,2000,6077.427,5961.277,2000,6351.703,5608.558,2000,6321.81,5722.041,2000,6070.801,5945.102,2000,6119.976,5745.63,2000,6441.498,5975.92,2000,6172.591,5632.622,2000,6148.623,5867.208,2000,6431.295,5604.632,2000,6204.372,5779.891,2000,6055.241,5990.088,2000,6233.111,5670.156,2000,6105.778,5639.065,2000,6376.585,5598.782,2000,6265.845,5689.38,2000,6418.999,5808.592,2000,6446.323
5921.663,2000,6400.155,5837.974,2000,6055.44,5985.591,2000,6294.525,5895.6,2000,6076.554,5962.143,2000,6352.226,5607.606,2000,6322.146,5721.622,2000,6069.882,5945.876,2000,6119.326,5745.401,2000,6442.482,5976.859,2000,6172.216,5631.784,2000,6148.058,5867.595,2000,6432.229,5603.661,2000,6204.092,5779.769,2000,6054.238,5991.097,2000,6233.04,5669.488,2000,6105.02,5638.292,2000,6377.223,5597.772,2000,6265.884,5688.861,2000,6419.865,5808.68,2000,6447.33
5922.083,2000,6400.65,5838.094,2000,6054.803,5986.222,2000,6294.678,5895.927,2000,6075.993,5962.698,2000,6352.562,5606.996,2000,6322.363,5721.352,2000,6069.292,5946.374,2000,6118.909,5745.254,2000,6443.114,5977.462,2000,6171.976,5631.245,2000,6147.696,5867.844,2000,6432.829,5603.038,2000,6203.913,5779.69,2000,6053.594,5991.744,2000,6232.995,5669.059,2000,6104.533,5637.795,2000,6377.632,5597.124,2000,6265.91,5688.527,2000,6420.421,5808.737,2000,6447.976
5923.045,2000,6401.787,5838.369,2000,6053.339,5987.669,2000,6295.029,5896.678,2000,6074.707,5963.973,2000,6353.332,5605.594,2000,6322.86,5720.734,2000,6067.937,5947.515,2000,6117.952,5744.917,2000,6444.565,5978.845,2000,6171.423,5630.009,2000,6146.864,5868.415,2000,6434.204,5601.606,2000,6203.501,5779.511,2000,6052.115,5993.229,2000,6232.89,5668.075,2000,6103.415,5636.656,2000,6378.571,5595.635,2000,6265.968,5687.762,2000,6421.697,5808.866,2000,6449.459
5924.077,2000,6403.006,5838.665,2000,6051.77,5989.222,2000,6295.405,5897.482,2000,6073.327,5965.34,2000,6354.158,5604.09,2000,6323.394,5720.071,2000,6066.483,5948.739,2000,6116.926,5744.555,2000,6446.121,5980.328,2000,6170.83,5628.684,2000,6145.973,5869.026,2000,6435.68,5600.071,2000,6203.06,5779.318,2000,6050.529,5994.823,2000,6232.777,5667.019,2000,6102.216,5635.435,2000,6379.577,5594.039,2000,6266.03,5686.94,2000,6423.066,5809.005,2000,6451.051
5924.33,2000,6403.305,5838.737,2000,6051.385,5989.602,2000,6295.497,5897.679,2000,6072.989,5965.674,2000,6354.36,5603.723,2000,6323.524,5719.909,2000,6066.128,5949.038,2000,6116.675,5744.466,2000,6446.502,5980.691,2000,6170.685,5628.36,2000,6145.754,5869.176,2000,6436.041,5599.696,2000,6202.952,5779.271,2000,6050.141,5995.212,2000,6232.75,5666.761,2000,6101.923,5635.137,2000,6379.823,5593.648,2000,6266.045,5686.739,2000,6423.401,5809.04,2000,6451.44
5925.322,2000,6404.477,5839.021,2000,6049.876,5991.094,2000,6295.858,5898.453,2000,6071.663,5966.988,2000,6355.154,5602.278,2000,6324.037,5719.272,2000,6064.731,5950.214,2000,6115.688,5744.119,2000,6447.998,5982.117,2000,6170.115,5627.085,2000,6144.898,5869.765,2000,6437.459,5598.22,2000,6202.527,5779.084,2000,6048.617,5996.744,2000,6232.642,5665.746,2000,6100.77,5633.965,2000,6380.788,5592.114,2000,6266.105,5685.949,2000,6424.716,5809.174,2000,6452.97
5926.125,2000,6405.426,5839.251,2000,6048.654,5992.303,2000,6296.151,5899.08,2000,6070.589,5968.053,2000,6355.797,5601.108,2000,6324.453,5718.756,2000,6063.599,5951.167,2000,6114.889,5743.837,2000,6449.209,5983.271,2000,6169.654,5626.053,2000,6144.204,5870.241,2000,6438.608,5597.025,2000,6202.183,5778.934,2000,6047.382,5997.985,2000,6232.554,5664.924,2000,6099.836,5633.018,2000,6381.569,5590.872,2000,6266.153,5685.309,2000,6425.781,5809.282,2000,6454.209
5926.625,2000,6406.017,5839.395,2000,6047.894,5993.056,2000,6296.333,5899.47,2000,6069.92,5968.715,2000,6356.198,5600.38,2000,6324.711,5718.435,2000,6062.895,5951.76,2000,6114.391,5743.662,2000,6449.963,5983.99,2000,6169.367,5625.411,2000,6143.772,5870.538,2000,6439.323,5596.281,2000,6201.969,5778.84,2000,6046.613,5998.757,2000,6232.5,5664.413,2000,6099.255,5632.429,2000,6382.054,5590.098,2000,6266.184,5684.911,2000,6426.444,5809.35,2000,6454.98
5927.799,2000,6407.403,5839.731,2000,6046.109,5994.821,2000,6296.761,5900.385,2000,6068.352,5970.269,2000,6357.138,5598.672,2000,6325.318,5717.682,2000,6061.242,5953.151,2000,6113.224,5743.25,2000,6451.731,5985.677,2000,6168.693,5623.903,2000,6142.759,5871.233,2000,6441,5594.536,2000,6201.467,5778.621,2000,6044.811,6000.568,2000,6232.372,5663.213,2000,6097.892,5631.049,2000,6383.192,5588.284,2000,6266.254,5683.976,2000,6427.999,5809.507,2000,6456.789
5928.664,2000,6408.425,5839.979,2000,6044.793,5996.122,2000,6297.076,5901.06,2000,6067.195,5971.415,2000,6357.831,5597.413,2000,6325.767,5717.126,2000,6060.024,5954.177,2000,6112.363,5742.946,2000,6453.036,5986.92,2000,6168.196,5622.792,2000,6142.013,5871.747,2000,6442.237,5593.25,2000,6201.097,5778.459,2000,6043.481,6001.904,2000,6232.277,5662.329,2000,6096.887,5630.033,2000,6384.028,5586.946,2000,6266.307,5683.286,2000,6429.145,5809.624,2000,6458.123
5929.389,2000,6409.281,5840.188,2000,6043.69,5997.213,2000,6297.34,5901.625,2000,6066.226,5972.375,2000,6358.411,5596.358,2000,6326.142,5716.66,2000,6059.003,5955.036,2000,6111.641,5742.692,2000,6454.128,5987.962,2000,6167.78,5621.86,2000,6141.387,5872.177,2000,6443.273,5592.171,2000,6200.786,5778.324,2000,6042.368,6003.023,2000,6232.199,5661.587,2000,6096.045,5629.184,2000,6384.728,5585.825,2000,6266.35,5682.708,2000,6430.105,5809.721,2000,6459.241
5930.461,2000,6410.548,5840.495,2000,6042.059,5998.826,2000,6297.73,5902.461,2000,6064.792,5973.795,2000,6359.27,5594.799,2000,6326.698,5715.972,2000,6057.493,5956.307,2000,6110.574,5742.316,2000,6455.745,5989.503,2000,6167.164,5620.482,2000,6140.461,5872.813,2000,6444.807,5590.576,2000,6200.327,5778.124,2000,6040.72,6004.679,2000,6232.082,5660.491,2000,6094.799,5627.929,2000,6385.761,5584.166,2000,6266.415,5681.853,2000,6431.525,5809.866,2000,6460.895
5931.419,2000,6411.679,5840.77,2000,6040.603,6000.267,2000,6298.08,5903.208,2000,6063.512,5975.064,2000,6360.037,5593.406,2000,6327.195,5715.356,2000,6056.144,5957.442,2000,6109.621,5741.98,2000,6457.189,5990.88,2000,6166.614,5619.252,2000,6139.634,5873.38,2000,6446.176,5589.151,2000,6199.917,5777.945,2000,6039.249,6006.158,2000,6231.978,5659.511,2000,6093.686,5626.813,2000,6386.682,5582.685,2000,6266.473,5681.088,2000,6432.793,5809.995,2000,6462.371
5932.208,2000,6412.61,5840.996,2000,6039.403,6001.453,2000,6298.367,5903.824,2000,6062.457,5976.109,2000,6360.669,5592.26,2000,6327.605,5714.85,2000,6055.033,5958.377,2000,6108.836,5741.704,2000,6458.378,5992.014,2000,6166.161,5618.238,2000,6138.954,5873.848,2000,6447.304,5587.978,2000,6199.58,5777.797,2000,6038.037,6007.375,2000,6231.892,5658.705,2000,6092.77,5625.895,2000,6387.438,5581.465,2000,6266.521,5680.459,2000,6433.837,5810.1,2000,6463.587
5933.309,2000,6413.91,5841.312,2000,6037.729,6003.108,2000,6298.768,5904.682,2000,6060.986,5977.566,2000,6361.55,5590.661,2000,6328.177,5714.144,2000,6053.484,5959.682,2000,6107.741,5741.318,2000,6460.037,5993.595,2000,6165.529,5616.825,2000,6138.004,5874.5,2000,6448.876,5586.341,2000,6199.109,5777.592,2000,6036.346,6009.074,2000,6231.772,5657.58,2000,6091.491,5624.619,2000,6388.489,5579.764,2000,6266.587,5679.581,2000,6435.292,5810.248,2000,6465.284
5934.292,2000,6415.069,5841.594,2000,6036.236,6004.585,2000,6299.126,5905.447,2000,6059.673,5978.866,2000,6362.336,5589.235,2000,6328.687,5713.513,2000,6052.101,5960.846,2000,6106.764,5740.974,2000,6461.517,5995.006,2000,6164.965,5615.563,2000,6137.157,5875.083,2000,6450.28,5584.881,2000,6198.688,5777.408,2000,6034.838,6010.59,2000,6231.665,5656.576,2000,6090.35,5623.485,2000,6389.423,5578.245,2000,6266.646,5678.796,2000,6436.591,5810.38,2000,6466.797
5934.982,2000,6415.885,5841.793,2000,6035.186,6005.625,2000,6299.377,5905.986,2000,6058.75,5979.781,2000,6362.89,5588.232,2000,6329.047,5713.07,2000,6051.128,5961.665,2000,6106.077,5740.731,2000,6462.558,5995.999,2000,6164.569,5614.675,2000,6136.561,5875.492,2000,6451.268,5583.854,2000,6198.393,5777.279,2000,6033.777,6011.656,2000,6231.589,5655.87,2000,6089.547,5622.69,2000,6390.078,5577.177,2000,6266.688,5678.245,2000,6437.505,5810.473,2000,6467.862
5936.434,2000,6417.598,5842.21,2000,6032.979,6007.807,2000,6299.906,5907.118,2000,6056.81,5981.703,2000,6364.052,5586.125,2000,6329.803,5712.138,2000,6049.085,5963.384,2000,6104.632,5740.223,2000,6464.745,5998.084,2000,6163.735,5612.811,2000,6135.309,5876.353,2000,6453.342,5581.695,2000,6197.772,5777.008,2000,6031.547,6013.896,2000,6231.431,5654.387,2000,6087.861,5621.026,2000,6391.448,5574.933,2000,6266.775,5677.084,2000,6439.423,5810.667,2000,6470.1
5937.364,2000,6418.695,5842.478,2000,6031.566,6009.205,2000,6300.245,5907.842,2000,6055.568,5982.933,2000,6364.796,5584.778,2000,6330.288,5711.542,2000,6047.776,5964.485,2000,6103.708,5739.897,2000,6466.146,5999.42,2000,6163.202,5611.616,2000,6134.508,5876.904,2000,6454.671,5580.313,2000,6197.375,5776.835,2000,6030.12,6015.331,2000,6231.329,5653.437,2000,6086.781,5619.969,2000,6392.32,5573.496,2000,6266.832,5676.341,2000,6440.65,5810.793,2000,6471.532
5938.234,2000,6419.723,5842.728,2000,6030.242,6010.514,2000,6300.562,5908.521,2000,6054.404,5984.086,2000,6365.493,5583.516,2000,6330.743,5710.983,2000,6046.55,5965.517,2000,6102.841,5739.592,2000,6467.458,6000.671,2000,6162.702,5610.498,2000,6133.757,5877.42,2000,6455.915,5579.018,2000,6197.003,5776.672,2000,6028.782,6016.675,2000,6231.234,5652.547,2000,6085.77,5618.984,2000,6393.131,5572.149,2000,6266.884,5675.644,2000,6441.8,5810.91,2000,6472.874
5939.674,2000,6421.422,5843.142,2000,6028.054,6012.678,2000,6301.085,5909.643,2000,6052.481,5985.991,2000,6366.646,5581.431,2000,6331.496,5710.059,2000,6044.524,5967.222,2000,6101.409,5739.087,2000,6469.627,6002.739,2000,6161.875,5608.648,2000,6132.517,5878.273,2000,6457.972,5576.878,2000,6196.388,5776.404,2000,6026.572,6018.896,2000,6231.078,5651.077,2000,6084.098,5617.364,2000,6394.465,5569.924,2000,6266.971,5674.491,2000,6443.699,5811.104,2000,6475.092
5941.053,2000,6423.05,5843.538,2000,6025.958,6014.752,2000,6301.588,5910.718,2000,6050.638,5987.816,2000,6367.751,5579.435,2000,6332.219,5709.174,2000,6042.583,5968.855,2000,6100.037,5738.603,2000,6471.705,6004.72,2000,6161.083,5606.876,2000,6131.329,5879.09,2000,6459.942,5574.827,2000,6195.798,5776.146,2000,6024.454,6021.024,2000,6230.928,5649.667,2000,6082.496,5615.829,2000,6395.73,5567.792,2000,6267.054,5673.385,2000,6445.517,5811.29,2000,6477.218
5941.325,2000,6423.371,5843.616,2000,6025.544,6015.16,2000,6301.687,5910.93,2000,6050.275,5988.175,2000,6367.969,5579.042,2000,6332.362,5709,2000,6042.2,5969.177,2000,6099.767,5738.508,2000,6472.114,6005.11,2000,6160.928,5606.527,2000,6131.095,5879.251,2000,6460.331,5574.423,2000,6195.682,5776.096,2000,6024.037,6021.444,2000,6230.899,5649.39,2000,6082.18,5615.529,2000,6395.977,5567.373,2000,6267.07,5673.167,2000,6445.875,5811.326,2000,6477.636
5942.942,2000,6425.279,5844.081,2000,6023.086,6017.592,2000,6302.276,5912.19,2000,6048.114,5990.315,2000,6369.265,5576.705,2000,6333.211,5707.962,2000,6039.924,5971.093,2000,6098.158,5737.94,2000,6474.551,6007.434,2000,6160,5604.449,2000,6129.702,5880.21,2000,6462.642,5572.019,2000,6194.991,5775.794,2000,6021.553,6023.939,2000,6230.724,5647.739,2000,6080.3,5613.753,2000,6397.439,5564.873,2000,6267.169,5671.868,2000,6448.005,5811.543,2000,6480.128
5943.817,2000,6426.313,5844.333,2000,6021.756,6018.908,2000,6302.594,5912.873,2000,6046.944,5991.474,2000,6369.966,5575.441,2000,6333.673,5707.4,2000,6038.692,5972.129,2000,6097.286,5737.633,2000,6475.87,6008.691,2000,6159.497,5603.324,2000,6128.949,5880.729,2000,6463.892,5570.718,2000,6194.617,5775.63,2000,6020.209,6025.29,2000,6230.629,5646.845,2000,6079.283,5612.808,2000,6398.218,5563.52,2000,6267.222,5671.164,2000,6449.156,5811.66,2000,6481.478
5944.953,2000,6427.652,5844.661,2000,6020.031,6020.615,2000,6303.007,5913.758,2000,6045.428,5992.976,2000,6370.875,5573.804,2000,6334.273,5706.672,2000,6037.094,5973.474,2000,6096.157,5737.234,2000,6477.58,6010.321,2000,6158.846,5601.865,2000,6127.972,5881.402,2000,6465.514,5569.03,2000,6194.132,5775.418,2000,6018.466,6027.042,2000,6230.505,5645.686,2000,6077.964,5611.593,2000,6399.218,5561.766,2000,6267.292,5670.249,2000,6450.648,5811.812,2000,6483.227
5945.97,2000,6428.854,5844.954,2000,6018.484,6022.145,2000,6303.377,5914.552,2000,6044.068,5994.322,2000,6371.69,5572.337,2000,6334.813,5706.019,2000,6035.662,5974.679,2000,6095.144,5736.877,2000,6479.113,6011.783,2000,6158.261,5600.557,2000,6127.096,5882.006,2000,6466.968,5567.517,2000,6193.697,5775.228,2000,6016.903,6028.612,2000,6230.395,5644.647,2000,6076.782,5610.519,2000,6400.102,5560.192,2000,6267.354,5669.428,2000,6451.985,5811.949,2000,6484.795
5947.697,2000,6430.891,5845.452,2000,6015.86,6024.74,2000,6304.005,5915.898,2000,6041.762,5996.606,2000,6373.073,5569.852,2000,6335.73,5704.912,2000,6033.232,5976.723,2000,6093.426,5736.271,2000,6481.713,6014.262,2000,6157.269,5598.337,2000,6125.611,5883.029,2000,6469.434,5564.951,2000,6192.96,5774.905,2000,6014.253,6031.276,2000,6230.208,5642.885,2000,6074.776,5608.722,2000,6401.582,5557.524,2000,6267.459,5668.032,2000,6454.25,5812.18,2000,6487.455
5948.084,2000,6431.348,5845.563,2000,6015.271,6025.323,2000,6304.146,5916.201,2000,6041.244,5997.119,2000,6373.384,5569.294,2000,6335.937,5704.663,2000,6032.686,5977.182,2000,6093.04,5736.135,2000,6482.297,6014.819,2000,6157.046,5597.839,2000,6125.277,5883.259,2000,6469.988,5564.374,2000,6192.794,5774.833,2000,6013.658,6031.874,2000,6230.166,5642.489,2000,6074.325,5608.329,2000,6401.906,5556.925,2000,6267.482,5667.718,2000,6454.758,5812.232,2000,6488.053
5949.889,2000,6433.478,5846.083,2000,6012.529,6028.036,2000,6304.803,5917.608,2000,6038.833,5999.507,2000,6374.83,5566.702,2000,6336.902,5703.506,2000,6030.146,5979.318,2000,6091.244,5735.501,2000,6485.016,6017.41,2000,6156.01,5595.52,2000,6123.724,5884.329,2000,6472.566,5561.691,2000,6192.024,5774.496,2000,6010.887,6034.658,2000,6229.969,5640.648,2000,6072.228,5606.509,2000,6403.404,5554.136,2000,6267.592,5666.253,2000,6457.12,5812.474,2000,6490.833
5950.762,2000,6434.507,5846.335,2000,6011.203,6029.348,2000,6305.121,5918.289,2000,6037.667,6000.662,2000,6375.529,5565.451,2000,6337.373,5702.947,2000,6028.917,5980.352,2000,6090.375,5735.195,2000,6486.331,6018.664,2000,6155.508,5594.398,2000,6122.974,5884.847,2000,6473.813,5560.394,2000,6191.652,5774.333,2000,6009.547,6036.005,2000,6229.874,5639.757,2000,6071.213,5605.657,2000,6404.106,5552.788,2000,6267.646,5665.542,2000,6458.26,5812.59,2000,6492.178
5952.454,2000,6436.503,5846.824,2000,6008.632,6031.891,2000,6305.736,5919.607,2000,6035.408,6002.9,2000,6376.884,5563.028,2000,6338.287,5701.862,2000,6026.537,5982.354,2000,6088.69,5734.601,2000,6488.878,6021.093,2000,6154.538,5592.224,2000,6121.519,5885.85,2000,6476.229,5557.879,2000,6190.93,5774.016,2000,6006.95,6038.615,2000,6229.689,5638.031,2000,6069.248,5604.032,2000,6405.444,5550.173,2000,6267.75,5664.161,2000,6460.468,5812.817,2000,6494.785
5953.574,2000,6437.824,5847.147,2000,6006.931,6033.574,2000,6306.144,5920.479,2000,6033.912,6004.381,2000,6377.781,5561.429,2000,6338.897,5701.144,2000,6024.961,5983.679,2000,6087.575,5734.207,2000,6490.565,6022.701,2000,6153.895,5590.784,2000,6120.556,5886.513,2000,6477.829,5556.215,2000,6190.453,5773.807,2000,6005.23,6040.342,2000,6229.567,5636.889,2000,6067.946,5602.993,2000,6406.299,5548.443,2000,6267.82,5663.242,2000,6461.925,5812.967,2000,6496.51
5953.916,2000,6438.227,5847.246,2000,6006.412,6034.088,2000,6306.268,5920.746,2000,6033.456,6004.833,2000,6378.055,5560.941,2000,6339.084,5700.925,2000,6024.48,5984.083,2000,6087.235,5734.087,2000,6491.08,6023.192,2000,6153.698,5590.344,2000,6120.263,5886.716,2000,6478.317,5555.707,2000,6190.307,5773.743,2000,6004.706,6040.87,2000,6229.53,5636.54,2000,6067.549,5602.684,2000,6406.553,5547.916,2000,6267.842,5662.961,2000,6462.369,5813.013,2000,6497.036
5955.589,2000,6440.2,5847.729,2000,6003.871,6036.602,2000,6306.877,5922.049,2000,6031.221,6007.046,2000,6379.396,5558.557,2000,6340.001,5699.853,2000,6022.125,5986.063,2000,6085.569,5733.499,2000,6493.599,6025.594,2000,6152.738,5588.193,2000,6118.825,5887.708,2000,6480.707,5553.22,2000,6189.593,5773.431,2000,6002.138,6043.45,2000,6229.347,5634.833,2000,6065.605,5601.183,2000,6407.79,5545.331,2000,6267.946,5661.583,2000,6464.542,5813.237,2000,6499.613
5957.318,2000,6442.238,5848.229,2000,6001.245,6039.2,2000,6307.507,5923.396,2000,6028.912,6009.332,2000,6380.781,5556.1,2000,6340.958,5698.745,2000,6019.693,5988.108,2000,6083.849,5732.889,2000,6496.201,6028.076,2000,6151.746,5585.971,2000,6117.34,5888.732,2000,6483.176,5550.651,2000,6188.855,5773.108,2000,5999.485,6046.117,2000,6229.159,5633.069,2000,6063.597,5599.694,2000,6409.017,5542.66,2000,6268.055,5660.15,2000,6466.78,5813.468,2000,6502.276
5957.732,2000,6442.726,5848.348,2000,6000.617,6039.821,2000,6307.658,5923.718,2000,6028.359,6009.879,2000,6381.112,5555.514,2000,6341.19,5698.479,2000,6019.111,5988.597,2000,6083.437,5732.744,2000,6496.824,6028.67,2000,6151.508,5585.439,2000,6116.985,5888.977,2000,6483.766,5550.037,2000,6188.679,5773.031,2000,5998.85,6046.754,2000,6229.114,5632.647,2000,6063.116,5599.354,2000,6409.297,5542.021,2000,6268.081,5659.806,2000,6467.313,5813.523,2000,6502.913
5959.583,2000,6444.909,5848.883,2000,5997.805,6042.603,2000,6308.332,5925.16,2000,6025.887,6012.327,2000,6382.596,5552.893,2000,6342.229,5697.293,2000,6016.506,5990.788,2000,6081.594,5732.091,2000,6499.611,6031.328,2000,6150.446,5583.06,2000,6115.394,5890.074,2000,6486.41,5547.286,2000,6187.888,5772.685,2000,5996.008,6049.61,2000,6228.912,5630.759,2000,6060.965,5597.846,2000,6410.539,5539.161,2000,6268.197,5658.26,2000,6469.701,5813.771,2000,6505.765
5960.573,2000,6446.076,5849.169,2000,5996.302,6044.089,2000,6308.692,5925.932,2000,6024.565,6013.636,2000,6383.389,5551.497,2000,6342.791,5696.659,2000,6015.114,5991.958,2000,6080.609,5731.743,2000,6501.101,6032.749,2000,6149.878,5581.788,2000,6114.544,5890.66,2000,6487.824,5545.815,2000,6187.466,5772.5,2000,5994.489,6051.136,2000,6228.804,5629.75,2000,6059.815,5597.082,2000,6411.169,5537.632,2000,6268.261,5657.427,2000,6470.972,5813.903,2000,6507.29
5961.85,2000,6447.581,5849.538,2000,5994.363,6046.007,2000,6309.156,5926.926,2000,6022.861,6015.323,2000,6384.411,5549.701,2000,6343.521,5695.842,2000,6013.318,5993.468,2000,6079.339,5731.292,2000,6503.021,6034.581,2000,6149.146,5580.147,2000,6113.447,5891.417,2000,6489.646,5543.918,2000,6186.922,5772.261,2000,5992.531,6053.104,2000,6228.665,5628.449,2000,6058.332,5596.123,2000,6411.958,5535.661,2000,6268.342,5656.349,2000,6472.607,5814.074,2000,6509.255
5962.99,2000,6448.925,5849.868,2000,5992.632,6047.72,2000,6309.571,5927.815,2000,6021.339,6016.831,2000,6385.325,5548.101,2000,6344.179,5695.111,2000,6011.714,5994.817,2000,6078.204,5730.89,2000,6504.738,6036.218,2000,6148.491,5578.682,2000,6112.468,5892.092,2000,6491.274,5542.224,2000,6186.436,5772.048,2000,5990.781,6054.863,2000,6228.541,5627.287,2000,6057.006,5595.298,2000,6412.638,5533.9,2000,6268.416,5655.379,2000,6474.063,5814.227,2000,6511.011
5964.408,2000,6450.596,5850.278,2000,5990.479,6049.85,2000,6310.087,5928.92,2000,6019.446,6018.705,2000,6386.46,5546.116,2000,6345.005,5694.203,2000,6009.719,5996.494,2000,6076.793,5730.389,2000,6506.872,6038.253,2000,6147.678,5576.859,2000,6111.251,5892.932,2000,6493.299,5540.117,2000,6185.831,5771.783,2000,5988.605,6057.049,2000,6228.387,5625.841,2000,6055.358,5594.307,2000,6413.454,5531.71,2000,6268.508,5654.167,2000,6475.868,5814.416,2000,6513.195
5965.697,2000,6452.118,5850.651,2000,5988.52,6051.789,2000,6310.557,5929.925,2000,6017.724,6020.411,2000,6387.494,5544.315,2000,6345.766,5693.376,2000,6007.904,5998.02,2000,6075.508,5729.934,2000,6508.813,6040.105,2000,6146.937,5575.2,2000,6110.144,5893.697,2000,6495.141,5538.2,2000,6185.281,5771.542,2000,5986.625,6059.039,2000,6228.246,5624.526,2000,6053.859,5593.444,2000,6414.166,5529.718,2000,6268.592,5653.057,2000,6477.505,5814.588,2000,6515.182
5966.995,2000,6453.648,5851.026,2000,5986.548,6053.739,2000,6311.03,5930.937,2000,6015.991,6022.127,2000,6388.535,5542.51,2000,6346.539,5692.545,2000,6006.078,5999.555,2000,6074.216,5729.475,2000,6510.767,6041.968,2000,6146.192,5573.531,2000,6109.029,5894.466,2000,6496.995,5536.272,2000,6184.727,5771.3,2000,5984.634,6061.041,2000,6228.104,5623.203,2000,6052.351,5592.609,2000,6414.853,5527.713,2000,6268.678,5651.932,2000,6479.145,5814.762,2000,6517.181
5968.299,2000,6455.187,5851.404,2000,5984.567,6055.699,2000,6311.504,5931.954,2000,6014.249,6023.852,2000,6389.58,5540.702,2000,6347.326,5691.709,2000,6004.243,6001.098,2000,6072.917,5729.013,2000,6512.729,6043.841,2000,6145.443,5571.854,2000,6107.91,5895.239,2000,6498.857,5534.333,2000,6184.17,5771.057,2000,5982.632,6063.052,2000,6227.962,5621.874,2000,6050.834,5591.804,2000,6415.516,5525.699,2000,6268.766,5650.792,2000,6480.787,5814.937,2000,6519.19
5969.61,2000,6456.732,5851.784,2000,5982.577,6057.668,2000,6311.981,5932.975,2000,6012.499,6025.584,2000,6390.63,5538.892,2000,6348.125,5690.87,2000,6002.398,6002.648,2000,6071.612,5728.548,2000,6514.702,6045.722,2000,6144.69,5570.169,2000,6106.785,5896.016,2000,6500.729,5532.386,2000,6183.611,5770.812,2000,5980.621,6065.074,2000,6227.82,5620.538,2000,6049.31,5591.027,2000,6416.155,5523.674,2000,6268.854,5649.64,2000,6482.43,5815.112,2000,6521.209
5970.788,2000,6458.121,5852.125,2000,5980.789,6059.438,2000,6312.409,5933.893,2000,6010.927,6027.142,2000,6391.574,5537.272,2000,6348.852,5690.116,2000,6000.741,6004.041,2000,6070.439,5728.13,2000,6516.474,6047.413,2000,6144.015,5568.655,2000,6105.774,5896.713,2000,6502.411,5530.636,2000,6183.109,5770.592,2000,5978.813,6066.89,2000,6227.691,5619.338,2000,6047.941,5590.357,2000,6416.707,5521.855,2000,6268.934,5648.596,2000,6483.9,5815.27,2000,6523.023
5972.774,2000,6460.46,5852.701,2000,5977.773,6062.421,2000,6313.132,5935.44,2000,6008.276,6029.766,2000,6393.166,5534.549,2000,6350.091,5688.845,2000,5997.947,6006.388,2000,6068.461,5727.424,2000,6519.461,6050.263,2000,6142.874,5566.101,2000,6104.07,5897.89,2000,6505.246,5527.685,2000,6182.264,5770.222,2000,5975.766,6069.952,2000,6227.475,5617.315,2000,6045.632,5589.269,2000,6417.604,5518.789,2000,6269.069,5646.823,2000,6486.369,5815.535,2000,6526.081
5973.218,2000,6460.983,5852.83,2000,5977.1,6063.087,2000,6313.293,5935.786,2000,6007.684,6030.352,2000,6393.521,5533.945,2000,6350.373,5688.561,2000,5997.324,6006.912,2000,6068.02,5727.266,2000,6520.128,6050.899,2000,6142.619,5565.531,2000,6103.69,5898.153,2000,6505.879,5527.026,2000,6182.075,5770.139,2000,5975.085,6070.635,2000,6227.427,5616.864,2000,6045.117,5589.04,2000,6417.792,5518.104,2000,6269.1,5646.423,2000,6486.916,5815.594,2000,6526.764
5975.475,2000,6463.644,5853.484,2000,5973.672,6066.479,2000,6314.114,5937.545,2000,6004.67,6033.336,2000,6395.33,5530.873,2000,6351.815,5687.116,2000,5994.148,6009.581,2000,6065.771,5726.462,2000,6523.523,6054.139,2000,6141.323,5562.628,2000,6101.753,5899.491,2000,6509.102,5523.672,2000,6181.112,5769.718,2000,5971.622,6074.116,2000,6227.181,5614.564,2000,6042.492,5587.892,2000,6418.738,5514.619,2000,6269.257,5644.378,2000,6489.698,5815.895,2000,6530.24
5976.723,2000,6465.114,5853.846,2000,5971.778,6068.353,2000,6314.569,5938.518,2000,6003.004,6034.986,2000,6396.33,5529.187,2000,6352.629,5686.317,2000,5992.393,6011.056,2000,6064.528,5726.017,2000,6525.4,6055.929,2000,6140.606,5561.023,2000,6100.684,5900.231,2000,6510.883,5521.818,2000,6180.581,5769.486,2000,5969.707,6076.04,2000,6227.045,5613.293,2000,6041.042,5587.316,2000,6419.245,5512.692,2000,6269.346,5643.232,2000,6491.222,5816.061,2000,6532.162
5977.086,2000,6465.542,5853.952,2000,5971.227,6068.898,2000,6314.701,5938.801,2000,6002.52,6035.466,2000,6396.621,5528.698,2000,6352.87,5686.084,2000,5991.882,6011.485,2000,6064.167,5725.888,2000,6525.947,6056.45,2000,6140.397,5560.556,2000,6100.372,5900.446,2000,6511.401,5521.278,2000,6180.426,5769.418,2000,5969.149,6076.6,2000,6227.006,5612.923,2000,6040.619,5587.16,2000,6419.392,5512.131,2000,6269.372,5642.896,2000,6491.664,5816.109,2000,6532.721
5978.966,2000,6467.758,5854.498,2000,5968.373,6071.722,2000,6315.385,5940.266,2000,6000.01,6037.95,2000,6398.127,5526.172,2000,6354.116,5684.881,2000,5989.237,6013.706,2000,6062.293,5725.215,2000,6528.773,6059.147,2000,6139.316,5558.138,2000,6098.76,5901.56,2000,6514.085,5518.485,2000,6179.625,5769.068,2000,5966.265,6079.499,2000,6226.801,5611.009,2000,6038.433,5586.382,2000,6420.173,5509.229,2000,6269.507,5641.151,2000,6493.945,5816.36,2000,6535.616
5980.316,2000,6469.349,5854.891,2000,5966.323,6073.75,2000,6315.876,5941.318,2000,5998.208,6039.735,2000,6399.209,5524.369,2000,6355.029,5684.016,2000,5987.338,6015.302,2000,6060.949,5724.731,2000,6530.804,6061.084,2000,6138.541,5556.401,2000,6097.603,5902.36,2000,6516.013,5516.479,2000,6179.049,5768.816,2000,5964.193,6081.581,2000,6226.654,5609.633,2000,6036.863,5585.87,2000,6420.721,5507.145,2000,6269.606,5639.882,2000,6495.571,5816.54,2000,6537.695
5981.432,2000,6470.664,5855.215,2000,5964.63,6075.426,2000,6316.282,5942.187,2000,5996.718,6041.209,2000,6400.103,5522.886,2000,6355.793,5683.302,2000,5985.769,6016.621,2000,6059.838,5724.331,2000,6532.481,6062.685,2000,6137.9,5554.967,2000,6096.646,5903.021,2000,6517.605,5514.821,2000,6178.574,5768.608,2000,5962.482,6083.3,2000,6226.533,5608.497,2000,6035.566,5585.478,2000,6421.171,5505.422,2000,6269.689,5638.825,2000,6496.907,5816.688,2000,6539.413
5983.051,2000,6472.572,5855.686,2000,5962.172,6077.859,2000,6316.871,5943.449,2000,5994.557,6043.349,2000,6401.402,5520.742,2000,6356.914,5682.265,2000,5983.491,6018.535,2000,6058.226,5723.75,2000,6534.915,6065.009,2000,6136.97,5552.884,2000,6095.259,5903.979,2000,6519.917,5512.416,2000,6177.884,5768.306,2000,5959.998,6085.797,2000,6226.356,5606.849,2000,6033.683,5584.945,2000,6421.822,5502.923,2000,6269.811,5637.279,2000,6498.835,5816.904,2000,6541.906
5984.172,2000,6473.895,5856.012,2000,5960.469,6079.544,2000,6317.279,5944.323,2000,5993.059,6044.831,2000,6402.302,5519.265,2000,6357.704,5681.547,2000,5981.913,6019.86,2000,6057.108,5723.346,2000,6536.601,6066.619,2000,6136.326,5551.44,2000,6094.298,5904.644,2000,6521.518,5510.749,2000,6177.406,5768.096,2000,5958.276,6087.526,2000,6226.234,5605.707,2000,6032.378,5584.606,2000,6422.266,5501.191,2000,6269.897,5636.197,2000,6500.162,5817.053,2000,6543.634
5985.813,2000,6475.828,5856.489,2000,5957.979,6082.008,2000,6317.875,5945.601,2000,5990.87,6046.999,2000,6403.617,5517.114,2000,6358.871,5680.497,2000,5979.605,6021.799,2000,6055.474,5722.754,2000,6539.066,6068.972,2000,6135.384,5549.33,2000,6092.893,5905.616,2000,6523.86,5508.312,2000,6176.707,5767.79,2000,5955.76,6090.055,2000,6226.055,5604.036,2000,6030.472,5584.145,2000,6422.913,5498.66,2000,6270.024,5634.602,2000,6502.09,5817.271,2000,6546.16
5987.047,2000,6477.283,5856.848,2000,5956.104,6083.863,2000,6318.325,5946.563,2000,5989.221,6048.63,2000,6404.607,5515.504,2000,6359.764,5679.707,2000,5977.867,6023.258,2000,6054.243,5722.308,2000,6540.922,6070.744,2000,6134.675,5547.741,2000,6091.835,5906.347,2000,6525.623,5506.477,2000,6176.18,5767.56,2000,5953.865,6091.959,2000,6225.92,5602.778,2000,6029.035,5583.826,2000,6423.391,5496.753,2000,6270.121,5633.387,2000,6503.531,5817.436,2000,6548.062
5989.128,2000,6479.736,5857.454,2000,5952.946,6086.989,2000,6319.08,5948.275,2000,5986.498,6051.38,2000,6406.276,5512.804,2000,6361.287,5678.375,2000,5974.939,6025.648,2000,6052.091,5721.555,2000,6544.049,6073.73,2000,6133.479,5545.064,2000,6090.052,5907.58,2000,6528.594,5503.385,2000,6175.293,5767.171,2000,5950.672,6095.167,2000,6225.692,5600.66,2000,6026.615,5583.331,2000,6424.191,5493.542,2000,6270.287,5631.324,2000,6505.943,5817.713,2000,6551.266
5989.592,2000,6480.282,5857.589,2000,5952.242,6087.686,2000,6319.249,5948.676,2000,5985.904,6051.992,2000,6406.647,5512.208,2000,6361.633,5678.079,2000,5974.287,6026.164,2000,6051.594,5721.387,2000,6544.746,6074.395,2000,6133.213,5544.468,2000,6089.655,5907.854,2000,6529.255,5502.697,2000,6175.096,5767.085,2000,5949.961,6095.881,2000,6225.642,5600.188,2000,6026.076,5583.231,2000,6424.364,5492.826,2000,6270.325,5630.858,2000,6506.475,5817.775,2000,6551.98
5991.74,2000,6482.814,5858.214,2000,5948.981,6090.913,2000,6320.03,5950.623,2000,5983.214,6054.831,2000,6408.371,5509.446,2000,6363.245,5676.705,2000,5971.264,6028.481,2000,6049.215,5720.606,2000,6547.973,6077.478,2000,6131.978,5541.703,2000,6087.815,5909.127,2000,6532.322,5499.504,2000,6174.182,5766.684,2000,5946.665,6099.194,2000,6225.408,5598.001,2000,6023.577,5582.8,2000,6425.174,5489.51,2000,6270.5,5628.691,2000,6508.933,5818.061,2000,6555.289
5992.624,2000,6483.855,5858.472,2000,5947.64,6092.24,2000,6320.351,5951.459,2000,5982.135,6055.999,2000,6409.079,5508.319,2000,6363.921,5676.14,2000,5970.021,6029.401,2000,6048.207,5720.284,2000,6549.3,6078.745,2000,6131.47,5540.566,2000,6087.059,5909.651,2000,6533.583,5498.192,2000,6173.806,5766.52,2000,5945.309,6100.556,2000,6225.312,5597.103,2000,6022.549,5582.641,2000,6425.499,5488.147,2000,6270.574,5627.788,2000,6509.932,5818.179,2000,6556.649
5994.736,2000,6486.343,5859.089,2000,5944.435,6095.412,2000,6321.119,5953.542,2000,5979.623,6058.789,2000,6410.771,5505.635,2000,6365.551,5674.789,2000,5967.05,6031.52,2000,6045.725,5719.41,2000,6552.444,6081.773,2000,6130.255,5537.849,2000,6085.251,5910.902,2000,6536.598,5495.054,2000,6172.907,5766.126,2000,5942.069,6103.811,2000,6225.082,5594.954,2000,6020.092,5582.292,2000,6426.272,5484.888,2000,6270.752,5625.706,2000,6512.389,5818.459,2000,6559.9
5995.674,2000,6487.448,5859.409,2000,5943.021,6096.821,2000,6321.459,5954.43,2000,5978.477,6060.028,2000,6411.522,5504.453,2000,6366.29,5674.188,2000,5965.731,6032.425,2000,6044.592,5718.977,2000,6553.827,6083.118,2000,6129.714,5536.643,2000,6084.448,5911.458,2000,6537.937,5493.661,2000,6172.508,5765.952,2000,5940.63,6105.257,2000,6224.979,5594,2000,6019.001,5582.154,2000,6426.607,5483.441,2000,6270.833,5624.818,2000,6513.51,5818.583,2000,6561.344
5996.999,2000,6489.008,5859.927,2000,5941.042,6098.81,2000,6321.941,5955.63,2000,5976.819,6061.778,2000,6412.583,5502.789,2000,6367.341,5673.341,2000,5963.868,6033.649,2000,6042.952,5718.301,2000,6555.759,6085.017,2000,6128.95,5534.939,2000,6083.314,5912.242,2000,6539.827,5491.693,2000,6171.945,5765.706,2000,5938.599,6107.298,2000,6224.834,5592.652,2000,6017.461,5581.978,2000,6427.078,5481.398,2000,6270.949,5623.616,2000,6515.133,5818.759,2000,6563.383
5998.312,2000,6490.457,5860.482,2000,5939.167,6100.71,2000,6322.401,5956.724,2000,5975.199,6063.416,2000,6413.651,5501.207,2000,6368.358,5672.532,2000,5962.088,6034.869,2000,6041.425,5717.716,2000,6557.624,6086.805,2000,6128.161,5533.312,2000,6082.231,5912.992,2000,6541.632,5489.814,2000,6171.407,5765.47,2000,5936.658,6109.249,2000,6224.696,5591.365,2000,6015.99,5581.828,2000,6427.524,5479.446,2000,6271.061,5622.519,2000,6516.721,5818.863,2000,6565.335
6000,2000,6492.199,5861.248,2000,5936.865,6103.068,2000,6322.972,5958.015,2000,5973.145,6065.404,2000,6415.042,5499.286,2000,6369.684,5671.528,2000,5959.88,6036.444,2000,6039.58,5717.05,2000,6559.957,6088.992,2000,6127.11,5531.291,2000,6080.889,5913.921,2000,6543.873,5487.461,2000,6170.816,5765.179,2000,5934.249,6111.668,2000,6224.524,5589.767,2000,6014.165,5581.627,2000,6428.06,5477.021,2000,6271.121,5621.222,2000,6518.735,5818.913,2000,6567.761
6001.319,2000,6493.654,5861.928,2000,5935.022,6104.977,2000,6323.434,5959.004,2000,5971.449,6066.975,2000,6416.221,5497.744,2000,6370.775,5670.716,2000,5958.092,6037.768,2000,6038.129,5716.511,2000,6561.845,6090.739,2000,6126.215,5529.621,2000,6079.856,5914.733,2000,6545.661,5485.573,2000,6170.276,5764.944,2000,5932.299,6113.622,2000,6224.321,5588.474,2000,6012.687,5581.455,2000,6428.478,5475.061,2000,6271.233,5620.225,2000,6520.4,5818.889,2000,6569.725
6003.458,2000,6496.172,5863.173,2000,5931.962,6108.16,2000,6324.315,5960.704,2000,5968.617,6069.682,2000,6418.115,5495.148,2000,6372.61,5669.35,2000,5955.084,6040.072,2000,6035.762,5715.602,2000,6565.021,6093.678,2000,6124.706,5526.756,2000,6078.211,5916.196,2000,6548.623,5482.376,2000,6169.444,5764.55,2000,5929.02,6116.895,2000,6223.873,5586.299,2000,6010.2,5581.149,2000,6429.157,5471.771,2000,6271.531,5618.641,2000,6523.256,5818.741,2000,6573.025
6003.94,2000,6496.726,5863.473,2000,5931.291,6108.875,2000,6324.488,5961.09,2000,5967.991,6070.297,2000,6418.516,5494.565,2000,6373.011,5669.045,2000,5954.415,6040.592,2000,6035.243,5715.391,2000,6565.725,6094.323,2000,6124.353,5526.107,2000,6077.867,5916.5,2000,6549.292,5481.663,2000,6169.266,5764.463,2000,5928.29,6117.624,2000,6223.778,5585.815,2000,6009.647,5581.078,2000,6429.301,5471.041,2000,6271.621,5618.309,2000,6523.904,5818.732,2000,6573.76
6005.783,2000,6498.864,5864.705,2000,5928.752,6111.628,2000,6325.103,5962.648,2000,5965.639,6072.71,2000,6419.979,5492.346,2000,6374.578,5667.878,2000,5951.845,6042.623,2000,6033.283,5714.672,2000,6568.454,6096.842,2000,6123.082,5523.573,2000,6076.625,5917.581,2000,6551.899,5478.904,2000,6168.673,5764.129,2000,5925.487,6120.418,2000,6223.389,5583.957,2000,6007.523,5580.792,2000,6429.84,5468.253,2000,6272.058,5617.116,2000,6526.43,5818.79,2000,6576.581
6007.23,2000,6500.542,5865.607,2000,5926.729,6113.801,2000,6325.536,5963.932,2000,5963.833,6074.616,2000,6421.109,5490.601,2000,6375.807,5666.896,2000,5949.859,6044.265,2000,6031.795,5714.178,2000,6570.614,6098.824,2000,6122.092,5521.552,2000,6075.716,5918.373,2000,6553.968,5476.724,2000,6168.279,5763.938,2000,5923.28,6122.615,2000,6223.096,5582.553,2000,6005.809,5580.56,2000,6430.244,5466.077,2000,6272.472,5616.245,2000,6528.444,5818.907,2000,6578.793
6008.126,2000,6501.597,5866.129,2000,5925.446,6115.161,2000,6325.797,5964.729,2000,5962.701,6075.818,2000,6421.797,5489.506,2000,6376.573,5666.324,2000,5948.598,6045.302,2000,6030.878,5713.914,2000,6571.974,6100.071,2000,6121.489,5520.271,2000,6075.189,5918.89,2000,6555.253,5475.354,2000,6168.077,5763.865,2000,5921.897,6123.984,2000,6222.892,5581.711,2000,6004.709,5580.41,2000,6430.486,5464.721,2000,6272.754,5615.74,2000,6529.721,5819,2000,6580.175
6010.131,2000,6503.891,5867.184,2000,5922.588,6118.158,2000,6326.345,5966.476,2000,5960.205,6078.454,2000,6423.324,5487.092,2000,6378.249,5665.155,2000,5945.785,6047.611,2000,6028.89,5713.43,2000,6574.981,6102.823,2000,6120.183,5517.417,2000,6074.123,5920.035,2000,6558.076,5472.327,2000,6167.732,5763.795,2000,5918.851,6127.002,2000,6222.477,5579.939,2000,6002.231,5580.068,2000,6431,5461.752,2000,6273.439,5614.633,2000,6532.534,5819.285,2000,6583.208
6012.192,2000,6506.253,5868.173,2000,5919.613,6121.237,2000,6326.935,5968.249,2000,5957.619,6081.186,2000,6424.863,5484.595,2000,6379.963,5664.048,2000,5942.852,6049.992,2000,6026.851,5712.987,2000,6578.085,6105.672,2000,6118.875,5514.446,2000,6073.123,5921.274,2000,6560.956,5469.202,2000,6167.479,5763.723,2000,5915.717,6130.108,2000,6222.048,5578.2,2000,5999.623,5579.711,2000,6431.5,5458.708,2000,6274.19,5613.494,2000,6535.431,5819.636,2000,6586.324
6013.194,2000,6507.355,5868.597,2000,5918.185,6122.704,2000,6327.193,5969.058,2000,5956.369,6082.484,2000,6425.593,5483.381,2000,6380.739,5663.568,2000,5941.441,6051.113,2000,6025.87,5712.728,2000,6579.552,6107.02,2000,6118.239,5513.02,2000,6072.694,5921.876,2000,6562.319,5467.714,2000,6167.399,5763.682,2000,5914.228,6131.583,2000,6221.845,5577.415,2000,5998.357,5579.539,2000,6431.725,5457.275,2000,6274.594,5612.997,2000,6536.825,5819.83,2000,6587.801
6014.024,2000,6508.257,5868.907,2000,5916.998,6123.912,2000,6327.401,5969.697,2000,5955.323,6083.565,2000,6426.171,5482.36,2000,6381.346,5663.211,2000,5940.269,6052.017,2000,6025.042,5712.476,2000,6580.751,6108.123,2000,6117.705,5511.835,2000,6072.379,5922.394,2000,6563.43,5466.488,2000,6167.372,5763.646,2000,5913.002,6132.795,2000,6221.656,5576.803,2000,5997.295,5579.394,2000,6431.902,5456.106,2000,6274.965,5612.626,2000,6537.986,5819.974,2000,6589.019
6016.171,2000,6510.513,5869.683,2000,5913.982,6126.985,2000,6327.903,5971.28,2000,5952.641,6086.307,2000,6427.647,5479.716,2000,6382.802,5662.37,2000,5937.271,6054.379,2000,6023.014,5711.735,2000,6583.776,6110.88,2000,6116.257,5508.801,2000,6071.68,5923.697,2000,6566.258,5463.375,2000,6167.405,5763.572,2000,5909.89,6135.875,2000,6221.196,5575.337,2000,5994.547,5579.016,2000,6432.335,5453.17,2000,6276.004,5611.78,2000,6540.966,5820.325,2000,6592.112
6017.773,2000,6512.089,5870.313,2000,5911.825,6129.203,2000,6328.269,5972.358,2000,5950.669,6088.25,2000,6428.777,5477.769,2000,6383.792,5661.807,2000,5935.095,6056.036,2000,6021.495,5711.13,2000,6585.94,6112.834,2000,6115.147,5506.628,2000,6071.104,5924.651,2000,6568.293,5461.129,2000,6167.502,5763.536,2000,5907.643,6138.088,2000,6220.81,5574.216,2000,5992.6,5578.741,2000,6432.629,5451.077,2000,6276.822,5611.24,2000,6543.137,5820.506,2000,6594.353
6019.251,2000,6513.452,5870.94,2000,5909.916,6131.174,2000,6328.661,5973.264,2000,5948.875,6090.02,2000,6429.729,5475.997,2000,6384.622,5661.28,2000,5933.155,6057.473,2000,6020.089,5710.525,2000,6587.857,6114.549,2000,6114.099,5504.703,2000,6070.525,5925.563,2000,6570.085,5459.125,2000,6167.655,5763.558,2000,5905.632,6140.056,2000,6220.4,5573.156,2000,5990.892,5578.493,2000,6432.878,5449.23,2000,6277.615,5610.821,2000,6545.094,5820.602,2000,6596.36
6021.814,2000,6515.664,5872.101,2000,5906.735,6134.515,2000,6329.211,5974.691,2000,5945.805,6093.051,2000,6431.236,5472.962,2000,6385.924,5660.376,2000,5929.892,6059.813,2000,6017.643,5709.402,2000,6591.051,6117.378,2000,6112.239,5501.495,2000,6069.445,5927.197,2000,6573.05,5455.76,2000,6168.022,5763.635,2000,5902.248,6143.346,2000,6219.602,5571.278,2000,5988.075,5578.071,2000,6433.276,5446.165,2000,6279.052,5610.222,2000,6548.414,5820.653,2000,6599.746
6022.983,2000,6516.607,5872.662,2000,5905.342,6136.004,2000,6329.407,5975.279,2000,5944.422,6094.418,2000,6431.86,5471.593,2000,6386.458,5659.96,2000,5928.448,6060.815,2000,6016.523,5708.95,2000,6592.484,6118.605,2000,6111.373,5500.056,2000,6069.012,5927.964,2000,6574.341,5454.272,2000,6168.234,5763.719,2000,5900.748,6144.794,2000,6219.2,5570.404,2000,5986.853,5577.884,2000,6433.44,5444.826,2000,6279.733,5609.908,2000,6549.879,5820.626,2000,6601.248
6024.685,2000,6517.892,5873.522,2000,5903.392,6138.126,2000,6329.616,5976.049,2000,5942.435,6096.385,2000,6432.682,5469.624,2000,6387.154,5659.368,2000,5926.4,6062.185,2000,6014.89,5708.375,2000,6594.537,6120.306,2000,6110.087,5497.995,2000,6068.466,5929.113,2000,6576.137,5452.173,2000,6168.604,5763.907,2000,5898.625,6146.828,2000,6218.563,5569.108,2000,5985.161,5577.616,2000,6433.662,5442.959,2000,6280.762,5609.395,2000,6551.942,5820.519,2000,6603.377
6026.999,2000,6519.522,5874.749,2000,5900.841,6140.95,2000,6329.8,5976.985,2000,5939.763,6099.031,2000,6433.687,5466.975,2000,6387.994,5658.671,2000,5923.657,6063.932,2000,6012.663,5707.703,2000,6597.286,6122.507,2000,6108.308,5495.237,2000,6067.83,5930.715,2000,6578.47,5449.403,2000,6169.186,5764.249,2000,5895.815,6149.5,2000,6217.628,5567.314,2000,5982.971,5577.257,2000,6433.938,5440.526,2000,6282.208,5608.633,2000,6554.661,5820.284,2000,6606.198
6027.666,2000,6519.96,5875.118,2000,5900.133,6141.748,2000,6329.826,5977.224,2000,5939.001,6099.786,2000,6433.945,5466.219,2000,6388.207,5658.5,2000,5922.877,6064.404,2000,6012.019,5707.538,2000,6598.067,6123.111,2000,6107.786,5494.454,2000,6067.676,5931.188,2000,6579.113,5448.628,2000,6169.375,5764.371,2000,5895.026,6150.245,2000,6217.34,5566.829,2000,5982.337,5577.157,2000,6434.01,5439.854,2000,6282.639,5608.443,2000,6555.435,5820.192,2000,6606.991
6030.351,2000,6521.6,5876.664,2000,5897.393,6144.894,2000,6329.826,5978.067,2000,5935.971,6102.793,2000,6434.867,5463.211,2000,6388.947,5657.926,2000,5919.785,6066.18,2000,6009.422,5706.992,2000,6601.165,6125.423,2000,6105.653,5491.349,2000,6067.171,5933.135,2000,6581.583,5445.599,2000,6170.221,5764.955,2000,5891.935,6153.14,2000,6216.11,5565,2000,5979.778,5576.754,2000,6434.28,5437.261,2000,6284.419,5607.795,2000,6558.507,5819.726,2000,6610.102
6032.311,2000,6522.711,5877.834,2000,5895.468,6147.146,2000,6329.751,5978.6,2000,5933.782,6104.968,2000,6435.457,5461.07,2000,6389.55,5657.588,2000,5917.557,6067.39,2000,6007.521,5706.673,2000,6603.396,6127.028,2000,6104.071,5489.114,2000,6066.883,5934.587,2000,6583.307,5443.449,2000,6170.898,5765.445,2000,5889.736,6155.184,2000,6215.162,5563.75,2000,5977.903,5576.468,2000,6434.458,5435.363,2000,6285.634,5607.403,2000,6560.722,5819.32,2000,6612.318
6033.957,2000,6523.574,5878.748,2000,5893.849,6149,2000,6329.629,5979.098,2000,5931.991,6106.777,2000,6435.884,5459.319,2000,6390.105,5657.37,2000,5915.711,6068.336,2000,6005.922,5706.47,2000,6605.244,6128.308,2000,6102.724,5487.264,2000,6066.705,5935.83,2000,6584.688,5441.696,2000,6171.514,5765.908,2000,5887.936,6156.843,2000,6214.325,5562.77,2000,5976.324,5576.233,2000,6434.595,5433.765,2000,6286.583,5607.14,2000,6562.56,5818.925,2000,6614.134
6036.375,2000,6524.742,5879.99,2000,5891.468,6151.673,2000,6329.366,5979.902,2000,5929.429,6109.409,2000,6436.416,5456.813,2000,6390.99,5657.141,2000,5913.035,6069.627,2000,6003.567,5706.265,2000,6607.921,6130.094,2000,6100.718,5484.584,2000,6066.536,5937.691,2000,6586.625,5439.192,2000,6172.487,5766.663,2000,5885.359,6159.2,2000,6213.038,5561.429,2000,5973.997,5575.893,2000,6434.778,5431.413,2000,6287.88,5606.846,2000,6565.226,5818.27,2000,6616.738
6038.96,2000,6525.889,5881.215,2000,5888.919,6154.477,2000,6328.996,5980.837,2000,5926.759,6112.198,2000,6436.885,5454.202,2000,6392.01,5656.993,2000,5910.21,6070.905,2000,6001.044,5706.142,2000,6610.747,6131.904,2000,6098.545,5481.757,2000,6066.451,5939.716,2000,6588.599,5436.591,2000,6173.597,5767.545,2000,5882.672,6161.636,2000,6211.602,5560.098,2000,5971.501,5575.537,2000,6434.954,5428.893,2000,6289.163,5606.629,2000,6568.043,5817.489,2000,6619.457
6040.976,2000,6526.705,5882.093,2000,5886.93,6156.622,2000,6328.642,5981.622,2000,5924.732,6114.353,2000,6437.175,5452.22,2000,6392.86,5656.95,2000,5908.037,6071.824,2000,5999.073,5706.118,2000,6612.921,6133.24,2000,6096.831,5479.583,2000,6066.456,5941.322,2000,6590.065,5434.62,2000,6174.515,5768.292,2000,5880.63,6163.472,2000,6210.437,5559.139,2000,5969.551,5575.267,2000,6435.077,5426.924,2000,6290.085,5606.533,2000,6570.213,5816.821,2000,6621.525
6042.759,2000,6527.359,5882.802,2000,5885.167,6158.485,2000,6328.271,5982.366,2000,5922.984,6116.243,2000,6437.367,5450.493,2000,6393.619,5656.975,2000,5906.138,6072.569,2000,5997.326,5706.159,2000,6614.82,6134.358,2000,6095.294,5477.685,2000,6066.523,5942.766,2000,6591.299,5432.925,2000,6175.373,5769.001,2000,5878.868,6165.042,2000,6209.367,5558.356,2000,5967.82,5575.031,2000,6435.175,5425.178,2000,6290.835,5606.511,2000,6572.111,5816.179,2000,6623.313
6044.565,2000,6527.957,5883.455,2000,5883.38,6160.338,2000,6327.838,5983.167,2000,5921.258,6118.141,2000,6437.497,5448.737,2000,6394.323,5657.062,2000,5904.237,6073.259,2000,5995.552,5706.263,2000,6616.721,6135.427,2000,6093.72,5475.786,2000,6066.652,5944.252,2000,6592.488,5431.256,2000,6176.288,5769.77,2000,5877.127,6166.579,2000,6208.245,5557.63,2000,5966.061,5574.796,2000,6435.264,5423.406,2000,6291.528,5606.551,2000,6574.013,5815.477,2000,6625.082
6047.067,2000,6528.693,5884.268,2000,5880.902,6162.857,2000,6327.163,5984.343,2000,5918.931,6120.747,2000,6437.59,5446.304,2000,6395.219,5657.266,2000,5901.637,6074.124,2000,5993.092,5706.49,2000,6619.318,6136.82,2000,6091.516,5473.191,2000,6066.915,5946.341,2000,6594.049,5429.012,2000,6177.615,5770.9,2000,5874.777,6168.633,2000,6206.639,5556.714,2000,5963.62,5574.477,2000,6435.374,5420.947,2000,6292.397,5606.692,2000,6576.615,5814.437,2000,6627.473
6048.823,2000,6529.149,5884.777,2000,5879.161,6164.593,2000,6326.636,5985.214,2000,5917.338,6122.562,2000,6437.596,5444.594,2000,6395.797,5657.467,2000,5899.834,6074.669,2000,5991.361,5706.707,2000,6621.12,6137.739,2000,6089.951,5471.393,2000,6067.156,5947.83,2000,6595.087,5427.481,2000,6178.59,5771.74,2000,5873.168,6170.025,2000,6205.475,5556.132,2000,5961.901,5574.256,2000,6435.441,5419.218,2000,6292.946,5606.849,2000,6578.422,5813.659,2000,6629.112
6051.514,2000,6529.754,5885.464,2000,5876.489,6167.205,2000,6325.749,5986.616,2000,5914.963,6125.318,2000,6437.514,5441.968,2000,6396.602,5657.863,2000,5897.104,6075.411,2000,5988.705,5706.947,2000,6623.868,6139.058,2000,6087.528,5468.673,2000,6067.612,5950.143,2000,6596.59,5425.204,2000,6180.146,5773.096,2000,5870.766,6172.082,2000,6203.637,5555.334,2000,5959.261,5573.924,2000,6435.531,5416.563,2000,6293.694,5607.178,2000,6581.16,5812.558,2000,6631.642
6053.301,2000,6530.095,5885.975,2000,5874.743,6168.946,2000,6325.22,5987.488,2000,5913.367,6127.134,2000,6437.4,5440.219,2000,6397.076,5658.183,2000,5895.313,6075.843,2000,5986.938,5707.046,2000,6625.684,6139.874,2000,6085.903,5466.89,2000,6067.971,5951.7,2000,6597.531,5423.737,2000,6181.222,5774.041,2000,5869.212,6173.398,2000,6202.382,5554.865,2000,5957.503,5573.708,2000,6435.582,5414.797,2000,6294.13,5607.453,2000,6582.958,5811.887,2000,6633.333
6056.032,2000,6530.523,5886.837,2000,5872.117,6171.616,2000,6324.504,5988.734,2000,5910.899,6129.885,2000,6437.137,5437.538,2000,6397.71,5658.757,2000,5892.61,6076.412,2000,5984.232,5707.106,2000,6628.448,6141.033,2000,6083.394,5464.199,2000,6068.605,5954.111,2000,6598.882,5421.562,2000,6182.927,5775.554,2000,5866.899,6175.335,2000,6200.41,5554.24,2000,5954.811,5573.382,2000,6435.647,5412.093,2000,6294.704,5607.961,2000,6585.674,5810.953,2000,6635.934
6058.289,2000,6530.802,5887.617,2000,5869.981,6173.831,2000,6323.988,5989.693,2000,5908.837,6132.141,2000,6436.847,5435.315,2000,6398.159,5659.303,2000,5890.402,6076.806,2000,5981.993,5707.082,2000,6630.722,6141.919,2000,6081.299,5462.004,2000,6069.2,5956.13,2000,6599.929,5419.819,2000,6184.389,5776.861,2000,5865.038,6176.875,2000,6198.736,5553.799,2000,5952.58,5573.119,2000,6435.691,5409.854,2000,6295.103,5608.306,2000,6587.921,5810.254,2000,6638.098
6059.831,2000,6530.941,5888.195,2000,5868.544,6175.349,2000,6323.686,5990.299,2000,5907.412,6133.669,2000,6436.6,5433.792,2000,6398.416,5659.723,2000,5888.912,6077.024,2000,5980.459,5707.014,2000,6632.269,6142.475,2000,6079.854,5460.523,2000,6069.653,5957.527,2000,6600.596,5418.666,2000,6185.422,5777.792,2000,5863.8,6177.885,2000,6197.563,5553.548,2000,5951.052,5572.941,2000,6435.715,5408.322,2000,6295.325,5608.49,2000,6589.458,5809.827,2000,6639.586
6062.637,2000,6531.103,5889.33,2000,5865.973,6178.122,2000,6323.227,5991.314,2000,5904.791,6136.428,2000,6436.06,5431.012,2000,6398.79,5660.574,2000,5886.233,6077.33,2000,5977.666,5706.799,2000,6635.071,6143.398,2000,6077.199,5457.864,2000,6070.563,5960.102,2000,6601.723,5416.635,2000,6187.365,5779.553,2000,5861.61,6179.648,2000,6195.374,5553.184,2000,5948.265,5572.622,2000,6435.747,5405.528,2000,6295.636,5608.733,2000,6592.258,5809.14,2000,6642.312
6064.717,2000,6531.154,5890.231,2000,5864.098,6180.185,2000,6322.955,5992.001,2000,5902.827,6138.456,2000,6435.593,5428.945,2000,6399,5661.269,2000,5884.271,6077.488,2000,5975.591,5706.628,2000,6637.145,6144.017,2000,6075.212,5455.919,2000,6071.301,5962.034,2000,6602.495,5415.179,2000,6188.852,5780.91,2000,5860.032,6180.9,2000,6193.711,5552.981,2000,5946.194,5572.39,2000,6435.763,5403.454,2000,6295.799,5608.846,2000,6594.335,5808.698,2000,6644.345
6067.508,2000,6531.132,5891.522,2000,5861.623,6182.963,2000,6322.681,5992.837,2000,5900.164,6141.154,2000,6434.879,5426.165,2000,6399.191,5662.286,2000,5881.672,6077.609,2000,5972.802,5706.402,2000,6639.927,6144.759,2000,6072.521,5453.343,2000,6072.375,5964.659,2000,6603.444,5413.162,2000,6190.781,5782.798,2000,5857.976,6182.505,2000,6191.428,5552.802,2000,5943.408,5572.083,2000,6435.773,5400.68,2000,6296.108,5608.905,2000,6597.126,5808.195,2000,6647.09
6068.155,2000,6531.105,5891.84,2000,5861.059,6183.608,2000,6322.639,5993.011,2000,5899.541,6141.774,2000,6434.693,5425.519,2000,6399.214,5662.541,2000,5881.078,6077.616,2000,5972.155,5706.346,2000,6640.572,6144.911,2000,6071.893,5452.754,2000,6072.644,5965.274,2000,6603.645,5412.68,2000,6191.213,5783.251,2000,5857.514,6182.86,2000,6190.887,5552.781,2000,5942.762,5572.013,2000,6435.773,5400.04,2000,6296.201,5608.897,2000,6597.773,5808.099,2000,6647.73
6071.475,2000,6530.861,5893.569,2000,5858.214,6186.936,2000,6322.529,5993.798,2000,5896.306,6144.93,2000,6433.632,5422.202,2000,6399.441,5663.955,2000,5878.063,6077.542,2000,5968.826,5706.076,2000,6643.89,6145.584,2000,6068.632,5449.772,2000,6074.124,5968.472,2000,6604.57,5410.129,2000,6193.352,5785.659,2000,5855.215,6184.592,2000,6188.044,5552.785,2000,5939.433,5571.656,2000,6435.763,5396.762,2000,6296.785,5608.75,2000,6601.099,5807.714,2000,6651.037
6071.93,2000,6530.813,5893.794,2000,5857.816,6187.393,2000,6322.529,5993.92,2000,5895.865,6145.358,2000,6433.473,5421.745,2000,6399.458,5664.162,2000,5877.656,6077.518,2000,5968.37,5706.035,2000,6644.346,6145.662,2000,6068.182,5449.369,2000,6074.341,5968.916,2000,6604.683,5409.769,2000,6193.634,5785.979,2000,5854.888,6184.817,2000,6187.646,5552.8,2000,5938.976,5571.608,2000,6435.76,5396.315,2000,6296.88,5608.723,2000,6601.555,5807.649,2000,6651.49
6074.148,2000,6530.503,5894.902,2000,5855.869,6189.632,2000,6322.602,5994.591,2000,5893.728,6147.43,2000,6432.622,5419.512,2000,6399.611,5665.244,2000,5875.694,6077.322,2000,5966.138,5705.802,2000,6646.574,6145.971,2000,6065.962,5447.432,2000,6075.466,5971.104,2000,6605.164,5407.962,2000,6194.958,5787.495,2000,5853.238,6185.855,2000,6185.661,5552.949,2000,5936.74,5571.375,2000,6435.737,5394.14,2000,6297.417,5608.529,2000,6603.787,5807.404,2000,6653.717
6075.334,2000,6530.297,5895.492,2000,5854.82,6190.833,2000,6322.681,5994.989,2000,5892.592,6148.528,2000,6432.128,5418.315,2000,6399.732,5665.859,2000,5874.66,6077.177,2000,5964.943,5705.679,2000,6647.771,6146.098,2000,6064.766,5446.411,2000,6076.104,5972.287,2000,6605.384,5406.968,2000,6195.638,5788.279,2000,5852.326,6186.378,2000,6184.577,5553.068,2000,5935.542,5571.251,2000,6435.721,5392.981,2000,6297.743,5608.409,2000,6604.985,5807.252,2000,6654.911
6077.727,2000,6529.802,5896.702,2000,5852.697,6193.265,2000,6322.92,5995.872,2000,5890.313,6150.722,2000,6431.054,5415.896,2000,6400.059,5667.176,2000,5872.603,6076.805,2000,5962.528,5705.398,2000,6650.198,6146.275,2000,6062.329,5444.383,2000,6077.466,5974.702,2000,6605.751,5404.907,2000,6196.95,5789.811,2000,5850.422,6187.366,2000,6182.342,5553.39,2000,5933.121,5571.004,2000,6435.681,5390.653,2000,6298.482,5608.165,2000,6607.416,5806.977,2000,6657.338
6078.877,2000,6529.524,5897.281,2000,5851.665,6194.438,2000,6323.074,5996.335,2000,5889.224,6151.768,2000,6430.499,5414.729,2000,6400.255,5667.846,2000,5871.627,6076.587,2000,5961.365,5705.266,2000,6651.375,6146.323,2000,6061.146,5443.423,2000,6078.158,5975.877,2000,6605.891,5403.889,2000,6197.552,5790.522,2000,5849.477,6187.809,2000,6181.245,5553.583,2000,5931.953,5570.887,2000,6435.658,5389.536,2000,6298.873,5608.032,2000,6608.592,5806.812,2000,6658.51
6080.864,2000,6528.974,5898.3,2000,5849.872,6196.473,2000,6323.41,5997.08,2000,5887.301,6153.556,2000,6429.473,5412.709,2000,6400.663,5669.069,2000,5869.967,6076.273,2000,5959.327,5705.001,2000,6653.419,6146.338,2000,6059.084,5441.79,2000,6079.417,5977.931,2000,6606.066,5402.081,2000,6198.543,5791.707,2000,5847.789,6188.518,2000,6179.308,5553.988,2000,5929.931,5570.686,2000,6435.611,5387.593,2000,6299.565,5607.807,2000,6610.641,5806.556,2000,6660.556
6082.96,2000,6528.32,5899.321,2000,5847.929,6198.626,2000,6323.837,5997.805,2000,5885.229,6155.424,2000,6428.319,5410.574,2000,6401.168,5670.428,2000,5868.243,6076.01,2000,5957.148,5704.738,2000,6655.599,6146.282,2000,6056.89,5440.097,2000,6080.814,5980.124,2000,6606.182,5400.122,2000,6199.535,5792.908,2000,5845.952,6189.205,2000,6177.223,5554.488,2000,5927.794,5570.475,2000,6435.556,5385.526,2000,6300.303,5607.527,2000,6612.818,5806.245,2000,6662.729
6084.57,2000,6527.759,5900.064,2000,5846.395,6200.286,2000,6324.224,5998.315,2000,5883.603,6156.844,2000,6427.376,5408.93,2000,6401.614,5671.526,2000,5866.939,6075.861,2000,5955.45,5704.502,2000,6657.287,6146.183,2000,6055.188,5438.818,2000,6081.941,5981.828,2000,6606.216,5398.577,2000,6200.255,5793.794,2000,5844.496,6189.685,2000,6175.587,5554.931,2000,5926.148,5570.315,2000,6435.507,5383.919,2000,6300.872,5607.326,2000,6614.511,5806.013,2000,6664.418
6085.973,2000,6527.218,5900.676,2000,5845.021,6201.739,2000,6324.613,5998.719,2000,5882.154,6158.069,2000,6426.504,5407.492,2000,6402.055,5672.533,2000,5865.821,6075.778,2000,5953.948,5704.307,2000,6658.778,6146.047,2000,6053.691,5437.723,2000,6082.972,5983.332,2000,6606.197,5397.194,2000,6200.845,5794.534,2000,5843.186,6190.061,2000,6174.131,5555.369,2000,5924.709,5570.177,2000,6435.46,5382.503,2000,6301.379,5607.118,2000,6616,5805.787,2000,6665.905
6087.825,2000,6526.434,5901.434,2000,5843.159,6203.663,2000,6325.197,5999.194,2000,5880.2,6159.668,2000,6425.285,5405.589,2000,6402.704,5673.926,2000,5864.372,6075.734,2000,5951.938,5704.013,2000,6660.767,6145.799,2000,6051.695,5436.304,2000,6084.397,5985.34,2000,6606.106,5395.319,2000,6201.573,5795.464,2000,5841.403,6190.5,2000,6172.169,5556.018,2000,5922.806,5569.996,2000,6435.393,5380.611,2000,6302.06,5606.858,2000,6617.995,5805.509,2000,6667.897
6089.274,2000,6525.764,5901.987,2000,5841.661,6205.175,2000,6325.71,5999.521,2000,5878.637,6160.906,2000,6424.275,5404.077,2000,6403.215,5675.07,2000,5863.257,6075.751,2000,5950.341,5703.795,2000,6662.349,6145.551,2000,6050.118,5435.215,2000,6085.565,5986.932,2000,6605.981,5393.813,2000,6202.104,5796.157,2000,5839.964,6190.797,2000,6170.6,5556.582,2000,5921.312,5569.855,2000,6435.334,5379.108,2000,6302.598,5606.624,2000,6619.574,5805.258,2000,6669.474
6090.926,2000,6524.932,5902.571,2000,5839.905,6206.907,2000,6326.361,5999.839,2000,5876.815,6162.3,2000,6423.06,5402.326,2000,6403.809,5676.436,2000,5862.011,6075.831,2000,5948.493,5703.509,2000,6664.177,6145.203,2000,6048.301,5433.999,2000,6086.959,5988.771,2000,6605.776,5392.068,2000,6202.718,5796.904,2000,5838.272,6191.082,2000,6168.772,5557.291,2000,5919.603,5569.696,2000,6435.263,5377.356,2000,6303.192,5606.372,2000,6621.407,5804.988,2000,6671.304
6092.742,2000,6523.943,5903.16,2000,5837.922,6208.865,2000,6327.026,6000.192,2000,5874.777,6163.903,2000,6421.753,5400.358,2000,6404.444,5678.009,2000,5860.667,6075.988,2000,5946.431,5703.213,2000,6666.224,6144.749,2000,6046.284,5432.691,2000,6088.561,5990.817,2000,6605.48,5390.106,2000,6203.372,5797.677,2000,5836.354,6191.333,2000,6166.72,5558.146,2000,5917.72,5569.521,2000,6435.177,5375.398,2000,6303.856,5606.051,2000,6623.45,5804.65,2000,6673.344
6094.396,2000,6522.971,5903.67,2000,5836.073,6210.701,2000,6327.583,6000.518,2000,5872.886,6165.428,2000,6420.59,5398.532,2000,6405.03,5679.507,2000,5859.47,6076.197,2000,5944.524,5702.902,2000,6668.117,6144.266,2000,6044.427,5431.527,2000,6090.086,5992.706,2000,6605.144,5388.286,2000,6203.977,5798.335,2000,5834.552,6191.504,2000,6164.809,5558.997,2000,5916,5569.364,2000,6435.093,5373.572,2000,6304.444,5605.777,2000,6625.348,5804.358,2000,6675.24
6095.496,2000,6522.274,5903.993,2000,5834.812,6211.959,2000,6327.919,6000.745,2000,5871.604,6166.489,2000,6419.834,5397.285,2000,6405.405,5680.551,2000,5858.691,6076.38,2000,5943.235,5702.707,2000,6669.404,6143.897,2000,6043.178,5430.771,2000,6091.146,5993.98,2000,6604.874,5387.038,2000,6204.348,5798.741,2000,5833.315,6191.578,2000,6163.509,5559.611,2000,5914.853,5569.26,2000,6435.033,5372.332,2000,6304.84,5605.565,2000,6626.633,5804.133,2000,6676.522
6097.382,2000,6520.992,5904.538,2000,5832.597,6214.18,2000,6328.437,6001.173,2000,5869.364,6168.389,2000,6418.573,5395.105,2000,6406.075,5682.422,2000,5857.387,6076.776,2000,5940.989,5702.319,2000,6671.651,6143.18,2000,6041.013,5429.509,2000,6093.045,5996.194,2000,6604.327,5384.831,2000,6204.925,5799.382,2000,5831.126,6191.632,2000,6161.229,5560.753,2000,5912.878,5569.082,2000,6434.923,5370.144,2000,6305.484,5605.221,2000,6628.887,5803.776,2000,6678.775
6099.441,2000,6519.491,5905.123,2000,5830.117,6216.68,2000,6328.934,6001.682,2000,5866.867,6170.557,2000,6417.234,5392.653,2000,6406.769,5684.559,2000,5855.999,6077.3,2000,5938.495,5701.924,2000,6674.169,6142.3,2000,6038.622,5428.168,2000,6095.213,5998.647,2000,6603.636,5382.346,2000,6205.488,5800.018,2000,5828.658,6191.609,2000,6158.681,5562.101,2000,5910.716,5568.888,2000,6434.794,5367.69,2000,6306.172,5604.787,2000,6631.398,5803.329,2000,6681.284
6100.468,2000,6518.69,5905.403,2000,5828.846,6217.964,2000,6329.146,6001.948,2000,5865.592,6171.686,2000,6416.586,5391.393,2000,6407.095,5685.673,2000,5855.326,6077.609,2000,5937.23,5701.694,2000,6675.451,6141.811,2000,6037.415,5427.521,2000,6096.342,5999.888,2000,6603.242,5381.067,2000,6205.734,5800.301,2000,5827.388,6191.555,2000,6157.38,5562.826,2000,5909.634,5568.792,2000,6434.726,5366.426,2000,6306.483,5604.584,2000,6632.685,5803.112,2000,6682.567
6101.967,2000,6517.44,5905.802,2000,5826.935,6219.9,2000,6329.4,6002.374,2000,5863.687,6173.411,2000,6415.671,5389.491,2000,6407.535,5687.377,2000,5854.372,6078.134,2000,5935.35,5701.375,2000,6677.377,6141.018,2000,6035.631,5426.604,2000,6098.066,6001.729,2000,6602.591,5379.139,2000,6206.041,5800.663,2000,5825.469,6191.409,2000,6155.433,5563.964,2000,5908.048,5568.653,2000,6434.62,5364.519,2000,6306.902,5604.238,2000,6634.606,5802.753,2000,6684.487
6103.433,2000,6516.133,5906.185,2000,5825.008,6221.854,2000,6329.592,6002.823,2000,5861.775,6175.174,2000,6414.808,5387.567,2000,6407.928,5689.121,2000,5853.469,6078.724,2000,5933.477,5701.017,2000,6679.308,6140.163,2000,6033.863,5425.74,2000,6099.829,6003.558,2000,6601.875,5377.191,2000,6206.285,5800.964,2000,5823.529,6191.199,2000,6153.48,5565.161,2000,5906.491,5568.517,2000,6434.508,5362.589,2000,6307.267,5603.916,2000,6636.543,5802.418,2000,6686.422
6105.306,2000,6514.351,5906.666,2000,5822.468,6224.434,2000,6329.761,6003.448,2000,5859.267,6177.532,2000,6413.748,5385.022,2000,6408.378,5691.454,2000,5852.355,6079.581,2000,5931.038,5700.58,2000,6681.855,6138.961,2000,6031.575,5424.679,2000,6102.187,6005.934,2000,6600.856,5374.617,2000,6206.523,5801.276,2000,5820.962,6190.839,2000,6150.92,5566.803,2000,5904.495,5568.344,2000,6434.357,5360.036,2000,6307.675,5603.44,2000,6639.084,5801.93,2000,6688.96
6106.455,2000,6513.183,5906.949,2000,5820.854,6226.072,2000,6329.814,6003.856,2000,5857.68,6179.048,2000,6413.125,5383.4,2000,6408.611,5692.955,2000,5851.699,6080.175,2000,5929.51,5700.27,2000,6683.465,6138.152,2000,6030.149,5424,2000,6103.678,6007.417,2000,6600.161,5372.981,2000,6206.62,5801.421,2000,5819.33,6190.557,2000,6149.306,5567.885,2000,5903.264,5568.238,2000,6434.258,5358.41,2000,6307.88,5603.162,2000,6640.699,5801.638,2000,6690.573
6107.634,2000,6511.904,5907.229,2000,5819.137,6227.812,2000,6329.813,6004.308,2000,5856,6180.678,2000,6412.517,5381.671,2000,6408.801,5694.571,2000,5851.054,6080.858,2000,5927.91,5699.962,2000,6685.177,6137.251,2000,6028.661,5423.255,2000,6105.25,6008.968,2000,6599.371,5371.242,2000,6206.667,5801.518,2000,5817.593,6190.202,2000,6147.603,5569.075,2000,5901.995,5568.129,2000,6434.15,5356.678,2000,6308.042,5602.829,2000,6642.406,5801.292,2000,6692.278
6108.468,2000,6510.937,5907.417,2000,5817.875,6229.087,2000,6329.771,6004.648,2000,5854.769,6181.888,2000,6412.11,5380.398,2000,6408.899,5695.771,2000,5850.62,6081.397,2000,5926.753,5699.708,2000,6686.429,6136.596,2000,6027.565,5422.7,2000,6106.4,6010.086,2000,6598.755,5369.965,2000,6206.659,5801.547,2000,5816.317,6189.901,2000,6146.362,5569.979,2000,5901.093,5568.053,2000,6434.069,5355.404,2000,6308.119,5602.601,2000,6643.663,5801.051,2000,6693.532
6110.635,2000,6508.253,5907.905,2000,5814.46,6232.529,2000,6329.545,6005.625,2000,5851.461,6185.191,2000,6411.119,5376.954,2000,6409.074,5699.052,2000,5849.554,6082.956,2000,5923.676,5699.069,2000,6689.818,6134.906,2000,6024.559,5421.121,2000,6109.467,6013.051,2000,6596.992,5366.519,2000,6206.525,5801.513,2000,5812.868,6188.978,2000,6143.039,5572.499,2000,5898.738,5567.853,2000,6433.842,5351.957,2000,6308.227,5601.912,2000,6647.042,5800.349,2000,6696.909
6110.967,2000,6507.813,5907.965,2000,5813.912,6233.077,2000,6329.491,6005.774,2000,5850.931,6185.724,2000,6410.978,5376.403,2000,6409.083,5699.581,2000,5849.401,6083.221,2000,5923.193,5698.953,2000,6690.356,6134.622,2000,6024.087,5420.877,2000,6109.961,6013.515,2000,6596.695,5365.969,2000,6206.485,5801.49,2000,5812.318,6188.813,2000,6142.513,5572.913,2000,5898.375,5567.823,2000,6433.805,5351.406,2000,6308.226,5601.806,2000,6647.583,5800.23,2000,6697.447
6112.598,2000,6505.499,5908.278,2000,5811.098,6235.884,2000,6329.121,6006.611,2000,5848.226,6188.483,2000,6410.343,5373.572,2000,6409.043,5702.274,2000,5848.526,6084.663,2000,5920.757,5698.371,2000,6693.127,6133.238,2000,6021.617,5419.543,2000,6112.458,6015.849,2000,6595.092,5363.153,2000,6206.191,5801.277,2000,5809.495,6187.879,2000,6139.84,5575.104,2000,5896.581,5567.672,2000,6433.61,5348.576,2000,6308.134,5601.204,2000,6650.35,5799.615,2000,6700.21
6113.834,2000,6503.86,5908.496,2000,5809.057,6237.91,2000,6328.786,6007.249,2000,5846.274,6190.498,2000,6409.949,5371.521,2000,6408.947,5704.205,2000,5847.828,6085.766,2000,5919.025,5697.925,2000,6695.131,6132.294,2000,6019.793,5418.517,2000,6114.236,6017.502,2000,6593.875,5361.119,2000,6205.911,5801.189,2000,5807.443,6187.139,2000,6137.925,5576.733,2000,5895.333,5567.568,2000,6433.465,5346.527,2000,6308,5600.779,2000,6652.358,5799.18,2000,6702.217
6115.111,2000,6502.241,5908.764,2000,5807.012,6239.932,2000,6328.383,6007.917,2000,5844.324,6192.534,2000,6409.619,5369.465,2000,6408.783,5706.12,2000,5847.064,6086.93,2000,5917.323,5697.488,2000,6697.147,6131.401,2000,6017.935,5417.44,2000,6115.995,6019.123,2000,6592.599,5359.086,2000,6205.563,5801.169,2000,5805.381,6186.333,2000,6136.027,5578.411,2000,5894.133,5567.469,2000,6433.317,5344.475,2000,6307.799,5600.328,2000,6654.37,5798.718,2000,6704.227
6116.411,2000,6500.63,5909.083,2000,5804.966,6241.948,2000,6327.913,6008.644,2000,5842.386,6194.586,2000,6409.354,5367.409,2000,6408.551,5708.017,2000,5846.234,6088.153,2000,5915.653,5697.025,2000,6699.165,6130.535,2000,6016.055,5416.302,2000,6117.724,6020.706,2000,6591.265,5357.036,2000,6205.28,5801.217,2000,5803.312,6185.461,2000,6134.15,5580.133,2000,5892.985,5567.374,2000,6433.165,5342.423,2000,6307.529,5599.886,2000,6656.392,5798.266,2000,6706.247
6117.737,2000,6499.026,5909.466,2000,5802.921,6243.958,2000,6327.374,6009.438,2000,5840.462,6196.658,2000,6409.157,5365.35,2000,6408.25,5709.895,2000,5845.338,6089.328,2000,5913.936,5696.571,2000,6701.195,6129.695,2000,6014.151,5415.102,2000,6119.424,6022.252,2000,6589.873,5354.966,2000,6205.063,5801.333,2000,5801.234,6184.524,2000,6132.292,5581.901,2000,5891.888,5567.284,2000,6433.009,5340.36,2000,6307.256,5599.417,2000,6658.419,5797.787,2000,6708.271
6118.568,2000,6498.026,5909.664,2000,5801.635,6245.203,2000,6326.996,6009.974,2000,5839.277,6197.957,2000,6409.076,5364.064,2000,6408.048,5711.05,2000,5844.74,6090.027,2000,5912.838,5696.27,2000,6702.461,6129.179,2000,6012.957,5414.317,2000,6120.461,6023.19,2000,6588.972,5353.669,2000,6204.971,5801.447,2000,5799.938,6183.9,2000,6131.15,5583.028,2000,5891.238,5567.23,2000,6432.91,5339.071,2000,6307.081,5599.129,2000,6659.688,5797.489,2000,6709.538
6120.451,2000,6495.862,5910.007,2000,5798.787,6247.919,2000,6326.074,6011.24,2000,5836.703,6200.824,2000,6408.99,5361.227,2000,6407.629,5713.553,2000,5843.338,6091.488,2000,5910.369,5695.62,2000,6705.255,6128.127,2000,6010.288,5412.513,2000,6122.692,6025.193,2000,6586.917,5350.802,2000,6204.859,5801.794,2000,5797.091,6182.443,2000,6128.679,5585.56,2000,5889.888,5567.12,2000,6432.688,5336.222,2000,6306.741,5598.46,2000,6662.478,5796.811,2000,6712.325
6122.368,2000,6493.621,5910.264,2000,5795.849,6250.679,2000,6325.035,6012.455,2000,5834.015,6203.773,2000,6408.999,5358.312,2000,6407.179,5716.078,2000,5841.814,6092.906,2000,5907.783,5694.912,2000,6708.118,6127.137,2000,6007.511,5410.584,2000,6124.923,6027.181,2000,6584.74,5347.854,2000,6204.841,5802.246,2000,5794.177,6180.863,2000,6126.189,5588.206,2000,5888.586,5567.014,2000,6432.456,5333.29,2000,6306.425,5597.777,2000,6665.346,5796.096,2000,6715.186
6122.808,2000,6493.071,5910.302,2000,5795.146,6251.329,2000,6324.765,6012.723,2000,5833.364,6204.477,2000,6409.024,5357.62,2000,6407.049,5716.668,2000,5841.431,6093.224,2000,5907.155,5694.728,2000,6708.797,6126.922,2000,6006.84,5410.107,2000,6125.44,6027.639,2000,6584.205,5347.15,2000,6204.86,5802.376,2000,5793.485,6180.467,2000,6125.607,5588.847,2000,5888.296,5566.991,2000,6432.4,5332.593,2000,6306.326,5597.591,2000,6666.025,5795.903,2000,6715.863
6124.739,2000,6490.813,5910.56,2000,5792.187,6254.035,2000,6323.539,6013.767,2000,5830.583,6207.441,2000,6409.227,5354.695,2000,6406.531,5719.105,2000,5839.732,6094.479,2000,5904.462,5693.913,2000,6711.654,6126.109,2000,6003.983,5408.021,2000,6127.555,6029.494,2000,6581.884,5344.185,2000,6205.036,5803.023,2000,5790.585,6178.715,2000,6123.208,5591.593,2000,5887.162,5566.899,2000,6432.159,5329.639,2000,6306.007,5596.798,2000,6668.888,5795.079,2000,6718.717
6126.019,2000,6489.389,5910.789,2000,5790.286,6255.751,2000,6322.691,6014.38,2000,5828.77,6209.346,2000,6409.42,5352.805,2000,6406.224,5720.639,2000,5838.586,6095.23,2000,5902.702,5693.374,2000,6713.491,6125.646,2000,6002.125,5406.633,2000,6128.874,6030.64,2000,6580.351,5342.278,2000,6205.212,5803.5,2000,5788.731,6177.536,2000,6121.7,5593.385,2000,5886.489,5566.846,2000,6432.001,5327.731,2000,6305.854,5596.251,2000,6670.723,5794.501,2000,6720.542
6127.639,2000,6487.674,5911.147,2000,5787.954,6257.832,2000,6321.579,6015.063,2000,5826.511,6211.684,2000,6409.735,5350.466,2000,6405.922,5722.481,2000,5837.114,6096.084,2000,5900.503,5692.662,2000,6715.74,6125.149,2000,5999.819,5404.87,2000,6130.441,6031.989,2000,6578.416,5339.938,2000,6205.506,5804.163,2000,5786.467,6176.022,2000,6119.89,5595.62,2000,5885.733,5566.786,2000,6431.805,5325.375,2000,6305.73,5595.565,2000,6672.98,5793.785,2000,6722.79
6128.926,2000,6486.323,5911.491,2000,5786.12,6259.448,2000,6320.646,6015.544,2000,5824.708,6213.524,2000,6410.045,5348.609,2000,6405.725,5723.901,2000,5835.901,6096.703,2000,5898.742,5692.088,2000,6717.516,6124.817,2000,5997.982,5403.436,2000,6131.636,6033.006,2000,6576.851,5338.094,2000,6205.799,5804.746,2000,5784.694,6174.779,2000,6118.498,5597.406,2000,5885.193,5566.743,2000,6431.647,5323.509,2000,6305.686,5594.979,2000,6674.752,5793.168,2000,6724.552
6130.458,2000,6484.816,5911.956,2000,5784.021,6261.343,2000,6319.632,6016.03,2000,5822.614,6215.631,2000,6410.47,5346.466,2000,6405.568,5725.488,2000,5834.453,6097.349,2000,5896.692,5691.382,2000,6719.545,6124.503,2000,5995.856,5401.74,2000,6132.956,6034.118,2000,6575.011,5335.983,2000,6206.206,5805.483,2000,5782.675,6173.296,2000,6116.943,5599.482,2000,5884.639,5566.7,2000,6431.463,5321.36,2000,6305.705,5594.301,2000,6676.792,5792.472,2000,6726.584
6132.03,2000,6483.34,5912.491,2000,5781.934,6263.276,2000,6318.679,6016.448,2000,5820.5,6217.729,2000,6410.966,5344.313,2000,6405.481,5727.032,2000,5832.949,6097.929,2000,5894.616,5690.679,2000,6721.583,6124.259,2000,5993.715,5399.997,2000,6134.224,6035.171,2000,6573.131,5333.881,2000,6206.682,5806.288,2000,5780.676,6171.759,2000,6115.433,5601.582,2000,5884.152,5566.662,2000,6431.277,5319.207,2000,6305.794,5593.574,2000,6678.821,5791.726,2000,6728.606
6133.631,2000,6481.886,5913.096,2000,5779.856,6265.247,2000,6317.786,6016.798,2000,5818.365,6219.816,2000,6411.532,5342.149,2000,6405.464,5728.532,2000,5831.39,6098.442,2000,5892.515,5689.926,2000,6723.611,6124.084,2000,5991.559,5398.206,2000,6135.439,6036.167,2000,6571.21,5331.788,2000,6207.229,5807.162,2000,5778.696,6170.167,2000,6113.968,5603.705,2000,5883.732,5566.63,2000,6431.088,5317.049,2000,6305.955,5592.851,2000,6680.86,5790.983,2000,6730.639
6135.26,2000,6480.456,5913.77,2000,5777.796,6267.249,2000,6316.956,6017.079,2000,5816.216,6221.889,2000,6412.167,5339.982,2000,6405.519,5729.982,2000,5829.779,6098.888,2000,5890.394,5689.177,2000,6725.645,6123.98,2000,5989.394,5396.374,2000,6136.596,6037.101,2000,6569.254,5329.674,2000,6207.709,5808.101,2000,5776.743,6168.524,2000,6112.554,5605.843,2000,5883.381,5566.605,2000,6430.896,5314.894,2000,6306.187,5592.076,2000,6682.884,5790.19,2000,6732.656
6136.254,2000,6479.572,5914.225,2000,5776.546,6268.494,2000,6316.487,6017.208,2000,5814.892,6223.147,2000,6412.599,5338.654,2000,6405.596,5730.839,2000,5828.761,6099.119,2000,5889.083,5688.681,2000,6726.88,6123.959,2000,5988.063,5395.226,2000,6137.27,6037.634,2000,6568.035,5328.368,2000,6207.96,5808.717,2000,5775.563,6167.488,2000,6111.719,5607.163,2000,5883.208,5566.593,2000,6430.778,5313.576,2000,6306.373,5591.597,2000,6684.125,5789.691,2000,6733.89
6139.095,2000,6477.21,5915.601,2000,5773.117,6271.992,2000,6315.299,6017.446,2000,5811.206,6226.601,2000,6413.91,5334.975,2000,6405.931,5733.126,2000,5825.86,6099.64,2000,5885.426,5687.309,2000,6730.31,6124.023,2000,5984.37,5391.98,2000,6139.034,6039.004,2000,6564.604,5324.719,2000,6208.54,5810.533,2000,5772.346,6164.537,2000,6109.497,5610.839,2000,5882.85,5566.571,2000,6430.446,5309.937,2000,6307.007,5590.197,2000,6687.544,5788.274,2000,6737.301
6140.514,2000,6476.106,5916.324,2000,5771.472,6273.712,2000,6314.777,6017.503,2000,5809.409,6228.302,2000,6414.493,5333.19,2000,6406.152,5734.192,2000,5824.413,6099.835,2000,5883.639,5686.613,2000,6731.967,6124.113,2000,5982.574,5390.374,2000,6139.841,6039.616,2000,6562.914,5322.936,2000,6208.764,5811.467,2000,5770.811,6163.066,2000,6108.463,5612.633,2000,5882.734,5566.565,2000,6430.283,5308.177,2000,6307.373,5589.514,2000,6689.207,5787.579,2000,6738.958
6141.515,2000,6475.379,5916.859,2000,5770.356,6274.907,2000,6314.457,6017.501,2000,5808.171,6229.484,2000,6414.856,5331.968,2000,6406.344,5734.893,2000,5823.393,6099.93,2000,5882.405,5686.127,2000,6733.105,6124.191,2000,5981.34,5389.251,2000,6140.359,6039.999,2000,6561.737,5321.704,2000,6208.877,5812.144,2000,5769.775,6162.032,2000,6107.785,5613.87,2000,5882.695,5566.565,2000,6430.169,5306.975,2000,6307.665,5589.019,2000,6690.34,5787.07,2000,6740.086
6144.116,2000,6473.618,5918.124,2000,5767.481,6277.965,2000,6313.743,6017.601,2000,5805.032,6232.516,2000,6415.678,5328.883,2000,6406.934,5736.586,2000,5820.748,6100.066,2000,5879.268,5684.841,2000,6735.97,6124.374,2000,5978.204,5386.358,2000,6141.582,6040.872,2000,6558.72,5318.568,2000,6209.064,5813.949,2000,5767.205,6159.35,2000,6106.151,5617.011,2000,5882.698,5566.574,2000,6429.88,5303.948,2000,6308.504,5587.769,2000,6693.221,5785.808,2000,6742.962
6145.791,2000,6472.561,5918.861,2000,5765.643,6279.908,2000,6313.356,6017.729,2000,5803.055,6234.443,2000,6416.133,5326.951,2000,6407.369,5737.599,2000,5819.045,6100.087,2000,5877.287,5684.037,2000,6737.781,6124.424,2000,5976.224,5384.509,2000,6142.293,6041.36,2000,6556.8,5316.596,2000,6209.246,5815.139,2000,5765.621,6157.625,2000,6105.176,5618.991,2000,5882.765,5566.585,2000,6429.696,5302.023,2000,6308.972,5586.94,2000,6695.021,5784.967,2000,6744.756
6147.378,2000,6471.631,5919.49,2000,5763.915,6281.723,2000,6313.057,6017.907,2000,5801.225,6236.246,2000,6416.498,5325.155,2000,6407.766,5738.487,2000,5817.435,6100.046,2000,5875.448,5683.25,2000,6739.443,6124.411,2000,5974.385,5382.771,2000,6142.896,6041.755,2000,6555.004,5314.771,2000,6209.475,5816.292,2000,5764.188,6155.995,2000,6104.324,5620.826,2000,5882.887,5566.602,2000,6429.524,5300.223,2000,6309.347,5586.176,2000,6696.694,5784.192,2000,6746.424
6150.946,2000,6469.695,5921.002,2000,5760.146,6285.748,2000,6312.526,6018.433,2000,5797.199,6240.25,2000,6417.171,5321.172,2000,6408.557,5740.33,2000,5813.817,6099.824,2000,5871.394,5681.54,2000,6743.125,6124.265,2000,5970.327,5378.895,2000,6144.103,6042.496,2000,6551.012,5310.761,2000,6210.112,5818.939,2000,5761.109,6152.338,2000,6102.561,5624.866,2000,5883.289,5566.651,2000,6429.143,5296.223,2000,6310.044,5584.421,2000,6700.355,5782.425,2000,6750.079
6151.936,2000,6469.199,5921.435,2000,5759.127,6286.85,2000,6312.417,6018.612,2000,5796.106,6241.347,2000,6417.319,5320.08,2000,6408.736,5740.8,2000,5812.814,6099.728,2000,5870.291,5681.042,2000,6744.114,6124.189,2000,5969.223,5377.827,2000,6144.396,6042.663,2000,6549.917,5309.674,2000,6210.322,5819.688,2000,5760.294,6151.325,2000,6102.113,5625.963,2000,5883.435,5566.668,2000,6429.038,5295.129,2000,6310.215,5583.928,2000,6701.346,5781.915,2000,6751.062
6152.942,2000,6468.735,5921.9,2000,5758.122,6287.955,2000,6312.344,6018.827,2000,5795.019,6242.449,2000,6417.431,5318.981,2000,6408.88,5741.238,2000,5811.796,6099.595,2000,5869.191,5680.521,2000,6745.091,6124.077,2000,5968.121,5376.75,2000,6144.656,6042.793,2000,6548.817,5308.594,2000,6210.567,5820.464,2000,5759.503,6150.298,2000,6101.699,5627.056,2000,5883.616,5566.687,2000,6428.932,5294.035,2000,6310.387,5583.402,2000,6702.321,5781.372,2000,6752.027
6155.875,2000,6467.498,5923.331,2000,5755.279,6291.136,2000,6312.24,6019.546,2000,5791.919,6245.625,2000,6417.648,5315.829,2000,6409.315,5742.397,2000,5808.833,6099.11,2000,5866.045,5678.967,2000,6747.869,6123.651,2000,5964.967,5373.633,2000,6145.299,6043.064,2000,6545.646,5305.515,2000,6211.372,5822.765,2000,5757.305,6147.309,2000,6100.604,5630.177,2000,5884.24,5566.738,2000,6428.625,5290.897,2000,6310.923,5581.876,2000,6705.114,5779.83,2000,6754.812
6157.747,2000,6466.78,5924.291,2000,5753.518,6293.141,2000,6312.239,6020.063,2000,5789.981,6247.628,2000,6417.72,5313.843,2000,6409.595,5743.067,2000,5806.942,6098.74,2000,5864.075,5677.982,2000,6749.615,6123.318,2000,5962.99,5371.657,2000,6145.64,6043.17,2000,6543.644,5303.592,2000,6211.942,5824.26,2000,5755.968,6145.405,2000,6099.977,5632.129,2000,5884.697,5566.771,2000,6428.43,5288.927,2000,6311.292,5580.867,2000,6706.847,5778.805,2000,6756.535
6159.503,2000,6466.171,5925.234,2000,5751.916,6294.999,2000,6312.3,6020.601,2000,5788.202,6249.487,2000,6417.726,5312.006,2000,6409.88,5743.629,2000,5805.171,6098.337,2000,5862.26,5677.019,2000,6751.206,6122.95,2000,5961.168,5369.816,2000,6145.896,6043.207,2000,6541.786,5301.829,2000,6212.529,5825.685,2000,5754.774,6143.621,2000,6099.454,5633.924,2000,5885.18,5566.801,2000,6428.246,5287.106,2000,6311.666,5579.923,2000,6708.448,5777.846,2000,6758.127
6162.643,2000,6465.196,5926.993,2000,5749.139,6298.279,2000,6312.514,6021.448,2000,5785.026,6252.773,2000,6417.628,5308.775,2000,6410.486,5744.521,2000,5802.007,6097.73,2000,5859.029,5675.316,2000,6754.018,6122.193,2000,5957.969,5366.547,2000,6146.241,6043.165,2000,6538.499,5298.745,2000,6213.668,5828.135,2000,5752.583,6140.455,2000,6098.568,5637.069,2000,5886.138,5566.854,2000,6427.918,5283.906,2000,6312.418,5578.188,2000,6711.241,5776.098,2000,6760.911
6164.092,2000,6464.798,5927.838,2000,5747.896,6299.774,2000,6312.661,6021.788,2000,5783.562,6254.273,2000,6417.534,5307.301,2000,6410.776,5744.882,2000,5800.548,6097.501,2000,5857.544,5674.5,2000,6755.28,6121.838,2000,5956.508,5365.048,2000,6146.35,6043.097,2000,6536.997,5297.319,2000,6214.143,5829.222,2000,5751.545,6139.009,2000,6098.16,5638.492,2000,5886.622,5566.877,2000,6427.766,5282.455,2000,6312.811,5577.378,2000,6712.507,5775.272,2000,6762.167
6166.272,2000,6464.275,5929.159,2000,5746.084,6301.997,2000,6312.954,6022.242,2000,5781.366,6256.505,2000,6417.321,5305.116,2000,6411.281,5745.348,2000,5798.355,6097.232,2000,5855.318,5673.257,2000,6757.146,6121.38,2000,5954.313,5362.808,2000,6146.439,6042.921,2000,6534.762,5295.169,2000,6214.781,5830.792,2000,5749.944,6136.853,2000,6097.546,5640.589,2000,5887.414,5566.913,2000,6427.536,5280.311,2000,6313.466,5576.122,2000,6714.364,5774,2000,6764.014
6168.018,2000,6463.916,5930.161,2000,5744.611,6303.755,2000,6313.244,6022.66,2000,5779.634,6258.272,2000,6417.094,5303.394,2000,6411.738,5745.661,2000,5796.601,6097.076,2000,5853.543,5672.229,2000,6758.601,6121.073,2000,5952.559,5361.026,2000,6146.452,6042.724,2000,6532.991,5293.446,2000,6215.231,5831.997,2000,5748.632,6135.141,2000,6097.052,5642.235,2000,5888.098,5566.941,2000,6427.352,5278.625,2000,6314.042,5575.094,2000,6715.819,5772.957,2000,6765.458
6171.266,2000,6463.358,5931.924,2000,5741.827,6306.987,2000,6313.886,6023.537,2000,5776.457,6261.525,2000,6416.566,5300.238,2000,6412.688,5746.133,2000,5793.34,6096.896,2000,5850.253,5670.289,2000,6761.265,6120.612,2000,5949.295,5357.731,2000,6146.367,6042.252,2000,6529.729,5290.232,2000,6215.96,5834.146,2000,5746.133,6131.975,2000,6096.135,5645.235,2000,5889.46,5566.993,2000,6427.006,5275.542,2000,6315.209,5573.152,2000,6718.481,5771,2000,6768.109
6172.047,2000,6463.198,5932.328,2000,5741.14,6307.764,2000,6314.067,6023.774,2000,5775.696,6262.308,2000,6416.413,5299.474,2000,6412.917,5746.222,2000,5792.547,6096.878,2000,5849.456,5669.799,2000,6761.894,6120.476,2000,5948.51,5356.936,2000,6146.321,6042.112,2000,6528.944,5289.46,2000,6216.162,5834.646,2000,5745.512,6131.21,2000,6095.91,5645.95,2000,5889.814,5567.005,2000,6426.921,5274.788,2000,6315.467,5572.662,2000,6719.11,5770.506,2000,6768.735
6175.104,2000,6462.519,5933.827,2000,5738.39,6310.789,2000,6314.877,6024.803,2000,5772.738,6265.36,2000,6415.711,5296.493,2000,6413.876,5746.671,2000,5789.448,6096.912,2000,5846.324,5667.84,2000,6764.338,6120.042,2000,5945.408,5353.817,2000,6146.036,6041.462,2000,6525.881,5286.458,2000,6217.053,5836.528,2000,5743.009,6128.208,2000,6095.02,5648.71,2000,5891.293,5567.053,2000,6426.585,5271.793,2000,6316.382,5570.695,2000,6721.547,5768.525,2000,6771.162
6177.278,2000,6461.961,5934.836,2000,5736.385,6312.937,2000,6315.529,6025.609,2000,5770.643,6267.53,2000,6415.136,5294.335,2000,6414.493,5747.065,2000,5787.239,6097.009,2000,5844.082,5666.401,2000,6766.061,6119.804,2000,5943.176,5351.59,2000,6145.758,6040.924,2000,6523.702,5284.328,2000,6217.762,5837.817,2000,5741.172,6126.057,2000,6094.377,5650.653,2000,5892.417,5567.087,2000,6426.34,5269.642,2000,6317.023,5569.249,2000,6723.264,5767.066,2000,6772.867
6179.056,2000,6461.447,5935.614,2000,5734.706,6314.689,2000,6316.124,6026.33,2000,5768.938,6269.302,2000,6414.604,5292.554,2000,6414.993,5747.45,2000,5785.429,6097.149,2000,5842.237,5665.191,2000,6767.46,6119.667,2000,5941.331,5349.762,2000,6145.47,6040.422,2000,6521.92,5282.592,2000,6218.403,5838.831,2000,5739.624,6124.286,2000,6093.842,5652.224,2000,5893.396,5567.116,2000,6426.136,5267.871,2000,6317.559,5568.041,2000,6724.666,5765.852,2000,6774.264
6181.619,2000,6460.634,5936.664,2000,5732.23,6317.207,2000,6317.071,6027.458,2000,5766.497,6271.852,2000,6413.748,5289.971,2000,6415.743,5748.095,2000,5782.817,6097.441,2000,5839.563,5663.418,2000,6769.483,6119.558,2000,5938.643,5347.12,2000,6144.964,6039.609,2000,6519.357,5280.101,2000,6219.417,5840.229,2000,5737.326,6121.713,2000,6093.056,5654.459,2000,5894.893,5567.156,2000,6425.835,5265.309,2000,6318.378,5566.26,2000,6726.681,5764.064,2000,6776.274
6183.988,2000,6459.796,5937.568,2000,5729.886,6319.586,2000,6317.878,6028.587,2000,5764.252,6274.258,2000,6413.025,5287.569,2000,6416.481,5748.777,2000,5780.399,6097.796,2000,5837.075,5661.739,2000,6771.353,6119.537,2000,5936.13,5344.638,2000,6144.572,6038.771,2000,6516.988,5277.744,2000,6220.288,5841.463,2000,5735.137,6119.313,2000,6092.315,5656.5,2000,5896.358,5567.194,2000,6425.549,5262.932,2000,6319.193,5564.582,2000,6728.551,5762.38,2000,6778.139
6186.492,2000,6459,5938.433,2000,5727.405,6322.1,2000,6318.64,6029.843,2000,5761.945,6276.798,2000,6412.353,5285.075,2000,6417.306,5749.573,2000,5777.896,6098.251,2000,5834.488,5659.969,2000,6773.293,6119.602,2000,5933.504,5342.031,2000,6144.248,6037.814,2000,6514.542,5275.251,2000,6221.117,5842.679,2000,5732.809,6116.804,2000,6091.535,5658.583,2000,5897.959,5567.233,2000,6425.245,5260.439,2000,6320.023,5562.805,2000,6730.486,5760.597,2000,6780.067
6188.101,2000,6458.532,5938.933,2000,5725.805,6323.719,2000,6319.074,6030.692,2000,5760.5,6278.432,2000,6411.977,5283.476,2000,6417.809,5750.132,2000,5776.315,6098.596,2000,5832.848,5658.821,2000,6774.515,6119.698,2000,5931.831,5340.362,2000,6144.096,6037.153,2000,6513.001,5273.645,2000,6221.594,5843.406,2000,5731.298,6115.205,2000,6091.033,5659.877,2000,5899.024,5567.258,2000,6425.048,5258.845,2000,6320.541,5561.653,2000,6731.704,5759.439,2000,6781.28
6190.305,2000,6457.967,5939.54,2000,5723.612,6325.935,2000,6319.59,6031.908,2000,5758.577,6280.665,2000,6411.54,5281.303,2000,6418.482,5750.961,2000,5774.197,6099.136,2000,5830.638,5657.241,2000,6776.152,6119.902,2000,5929.564,5338.091,2000,6143.963,6036.188,2000,6510.941,5271.443,2000,6222.169,5844.324,2000,5729.216,6113.035,2000,6090.348,5661.586,2000,5900.526,5567.292,2000,6424.777,5256.666,2000,6321.194,5560.072,2000,6733.34,5757.853,2000,6782.91
6191.846,2000,6457.609,5939.912,2000,5722.075,6327.486,2000,6319.898,6032.789,2000,5757.263,6282.226,2000,6411.287,5279.777,2000,6418.901,5751.584,2000,5772.743,6099.562,2000,5829.114,5656.123,2000,6777.271,6120.096,2000,5927.995,5336.509,2000,6143.922,6035.47,2000,6509.532,5269.9,2000,6222.52,5844.916,2000,5727.749,6111.529,2000,6089.865,5662.74,2000,5901.609,5567.314,2000,6424.586,5255.14,2000,6321.612,5558.942,2000,6734.448,5756.715,2000,6784.01
6195.867,2000,6456.812,5940.745,2000,5718.062,6331.53,2000,6320.565,6035.077,2000,5753.862,6286.291,2000,6410.764,5275.813,2000,6419.943,5753.098,2000,5768.934,6100.793,2000,5825.205,5653.169,2000,6780.112,6120.731,2000,5923.945,5332.411,2000,6143.951,6033.492,2000,6505.942,5265.875,2000,6223.295,5846.322,2000,5723.899,6107.627,2000,6088.609,5665.635,2000,5904.51,5567.374,2000,6424.087,5251.16,2000,6322.591,5556.013,2000,6737.314,5753.778,2000,6786.869
6196.423,2000,6456.685,5940.879,2000,5717.507,6332.096,2000,6320.64,6035.379,2000,5753.379,6286.859,2000,6410.71,5275.257,2000,6420.07,5753.292,2000,5768.397,6100.982,2000,5824.667,5652.745,2000,6780.494,6120.838,2000,5923.385,5331.841,2000,6143.974,6033.201,2000,6505.452,5265.312,2000,6223.384,5846.5,2000,5723.357,6107.085,2000,6088.432,5666.025,2000,5904.926,5567.382,2000,6424.016,5250.602,2000,6322.709,5555.593,2000,6737.7,5753.357,2000,6787.253
6200.149,2000,6455.96,5941.892,2000,5713.849,6335.874,2000,6321.011,6037.288,2000,5750.097,6290.647,2000,6410.473,5271.534,2000,6420.81,5754.46,2000,5764.786,6102.357,2000,5821.128,5649.926,2000,6783.036,6121.669,2000,5919.681,5328.055,2000,6144.249,6031.155,2000,6502.254,5261.545,2000,6223.857,5847.566,2000,5719.714,6103.48,2000,6087.244,5668.525,2000,5907.783,5567.436,2000,6423.538,5246.871,2000,6323.41,5552.742,2000,6740.206,5750.5,2000,6789.752
6202.088,2000,6455.649,5942.477,2000,5711.974,6337.833,2000,6321.139,6038.219,2000,5748.368,6292.608,2000,6410.359,5269.596,2000,6421.13,5755.003,2000,5762.898,6103.128,2000,5819.322,5648.432,2000,6784.311,6122.162,2000,5917.78,5326.102,2000,6144.455,6030.043,2000,6500.635,5259.596,2000,6224.092,5848.056,2000,5717.812,6101.615,2000,6086.628,5669.769,2000,5909.302,5567.464,2000,6423.284,5244.93,2000,6323.709,5551.252,2000,6741.486,5749.003,2000,6791.024
6202.891,2000,6455.547,5942.744,2000,5711.21,6338.642,2000,6321.166,6038.579,2000,5747.644,6293.415,2000,6410.3,5268.794,2000,6421.235,5755.201,2000,5762.114,6103.47,2000,5818.589,5647.8,2000,6784.816,6122.391,2000,5917.003,5325.294,2000,6144.516,6029.574,2000,6499.976,5258.791,2000,6224.178,5848.232,2000,5717.022,6100.848,2000,6086.371,5670.261,2000,5909.944,5567.476,2000,6423.178,5244.126,2000,6323.806,5550.622,2000,6741.993,5748.37,2000,6791.528
6206.059,2000,6455.249,5943.889,2000,5708.242,6341.824,2000,6321.165,6039.901,2000,5744.75,6296.594,2000,6410.169,5265.628,2000,6421.556,5755.879,2000,5759.005,6104.908,2000,5815.75,5645.295,2000,6786.778,6123.389,2000,5913.982,5322.126,2000,6144.812,6027.729,2000,6497.383,5255.623,2000,6224.466,5848.823,2000,5713.896,6097.832,2000,6085.357,5672.112,2000,5912.532,5567.52,2000,6422.758,5240.964,2000,6324.156,5548.099,2000,6743.932,5745.841,2000,6793.458
6207.456,2000,6455.132,5944.436,2000,5706.951,6343.225,2000,6321.119,6040.441,2000,5743.456,6297.996,2000,6410.158,5264.23,2000,6421.652,5756.133,2000,5757.627,6105.582,2000,5814.521,5644.164,2000,6787.605,6123.872,2000,5912.667,5320.727,2000,6144.896,6026.917,2000,6496.241,5254.226,2000,6224.585,5849.038,2000,5712.51,6096.505,2000,6084.905,5672.89,2000,5913.699,5567.54,2000,6422.569,5239.566,2000,6324.265,5546.96,2000,6744.75,5744.699,2000,6794.272
6210.641,2000,6454.97,5945.776,2000,5704.057,6346.407,2000,6320.91,6041.574,2000,5740.475,6301.184,2000,6410.235,5261.046,2000,6421.836,5756.607,2000,5754.473,6107.206,2000,5811.776,5641.55,2000,6789.434,6125.068,2000,5909.71,5317.546,2000,6145.124,6025.071,2000,6493.64,5251.042,2000,6224.781,5849.423,2000,5709.344,6093.49,2000,6083.866,5674.571,2000,5916.409,5567.583,2000,6422.134,5236.384,2000,6324.482,5544.35,2000,6746.582,5742.083,2000,6796.096
6213.839,2000,6454.913,5947.214,2000,5701.2,6349.604,2000,6320.805,6042.612,2000,5737.449,6304.382,2000,6410.208,5257.851,2000,6421.99,5756.979,2000,5751.296,6108.923,2000,5809.078,5638.91,2000,6791.239,6126.364,2000,5906.786,5314.351,2000,6145.274,6023.219,2000,6491.032,5247.85,2000,6224.98,5849.705,2000,5706.158,6090.466,2000,6082.821,5676.168,2000,5919.18,5567.627,2000,6421.687,5233.19,2000,6324.644,5541.693,2000,6748.363,5739.42,2000,6797.869
6214.604,2000,6454.874,5947.581,2000,5700.528,6350.368,2000,6320.755,6042.836,2000,5736.717,6305.147,2000,6410.177,5257.086,2000,6422.001,5757.043,2000,5750.534,6109.355,2000,5808.446,5638.264,2000,6791.65,6126.697,2000,5906.097,5313.586,2000,6145.286,6022.776,2000,6490.408,5247.085,2000,6225.002,5849.748,2000,5705.394,6089.744,2000,6082.568,5676.528,2000,5919.855,5567.637,2000,6421.577,5232.425,2000,6324.658,5541.044,2000,6748.769,5738.77,2000,6798.272
6217.82,2000,6454.684,5949.214,2000,5697.751,6353.585,2000,6320.58,6043.68,2000,5733.607,6308.362,2000,6409.964,5253.864,2000,6421.993,5757.208,2000,5747.316,6111.26,2000,5805.848,5635.509,2000,6793.322,6128.193,2000,5903.243,5310.364,2000,6145.332,6020.914,2000,6487.779,5243.863,2000,6225.029,5849.821,2000,5702.173,6086.705,2000,6081.499,5677.95,2000,5922.747,5567.681,2000,6421.112,5229.203,2000,6324.701,5538.292,2000,6750.444,5736.013,2000,6799.939
6219.398,2000,6454.539,5950.062,2000,5696.413,6355.164,2000,6320.442,6044.044,2000,5732.065,6309.938,2000,6409.808,5252.28,2000,6421.938,5757.237,2000,5745.731,6112.238,2000,5804.601,5634.128,2000,6794.099,6128.974,2000,5901.864,5308.78,2000,6145.303,6019.998,2000,6486.486,5242.279,2000,6224.99,5849.806,2000,5700.588,6085.212,2000,6080.968,5678.603,2000,5924.19,5567.702,2000,6420.877,5227.619,2000,6324.67,5536.912,2000,6751.224,5734.631,2000,6800.715
6222.111,2000,6454.2,5951.449,2000,5694.056,6357.878,2000,6320.115,6044.586,2000,5729.385,6312.649,2000,6409.45,5249.552,2000,6421.751,5757.198,2000,5742.997,6113.996,2000,5802.506,5631.703,2000,6795.362,6130.399,2000,5899.53,5306.049,2000,6145.164,6018.417,2000,6484.255,5239.549,2000,6224.833,5849.869,2000,5697.854,6082.638,2000,6080.044,5679.646,2000,5926.718,5567.738,2000,6420.467,5224.888,2000,6324.527,5534.488,2000,6752.49,5732.204,2000,6801.974
6224.389,2000,6453.839,5952.553,2000,5692.031,6360.158,2000,6319.764,6045.117,2000,5727.14,6314.925,2000,6409.073,5247.257,2000,6421.52,5757.089,2000,5740.693,6115.419,2000,5800.691,5629.623,2000,6796.359,6131.665,2000,5897.602,5303.75,2000,6144.971,6017.084,2000,6482.372,5237.251,2000,6224.626,5849.997,2000,5695.552,6080.469,2000,6079.26,5680.457,2000,5928.877,5567.769,2000,6420.113,5222.589,2000,6324.332,5532.41,2000,6753.49,5730.123,2000,6802.969
6226.655,2000,6453.403,5953.59,2000,5689.969,6362.426,2000,6319.339,6045.721,2000,5724.913,6317.188,2000,6408.621,5244.97,2000,6421.212,5756.905,2000,5738.393,6116.783,2000,5798.83,5627.511,2000,6797.289,6132.994,2000,5895.715,5301.458,2000,6144.703,6015.75,2000,6480.488,5234.961,2000,6224.343,5850.058,2000,5693.245,6078.301,2000,6078.469,5681.197,2000,5931.063,5567.799,2000,6419.752,5220.297,2000,6324.061,5530.299,2000,6754.423,5728.009,2000,6803.895
6228.906,2000,6452.894,5954.56,2000,5687.875,6364.679,2000,6318.84,6046.397,2000,5722.707,6319.435,2000,6408.096,5242.694,2000,6420.831,5756.646,2000,5736.1,6118.086,2000,5796.924,5625.369,2000,6798.148,6134.383,2000,5893.873,5299.176,2000,6144.359,6014.418,2000,6478.604,5232.681,2000,6223.986,5850.043,2000,5690.937,6076.135,2000,6077.672,5681.865,2000,5933.272,5567.829,2000,6419.383,5218.016,2000,6323.715,5528.159,2000,6755.286,5725.866,2000,6804.752
6231.126,2000,6452.314,5955.456,2000,5685.762,6366.902,2000,6318.271,6047.142,2000,5720.536,6321.651,2000,6407.5,5240.444,2000,6420.377,5756.314,2000,5733.83,6119.318,2000,5794.989,5623.213,2000,6798.933,6135.825,2000,5892.087,5296.919,2000,6143.944,6013.094,2000,6476.729,5230.427,2000,6223.557,5849.954,2000,5688.644,6073.983,2000,6076.873,5682.457,2000,5935.49,5567.859,2000,6419.009,5215.759,2000,6323.298,5526.004,2000,6756.074,5723.708,2000,6805.534
6233.414,2000,6451.637,5956.314,2000,5683.537,6369.192,2000,6317.604,6047.989,2000,5718.306,6323.934,2000,6406.807,5238.123,2000,6419.83,5755.892,2000,5731.482,6120.533,2000,5792.936,5620.946,2000,6799.675,6137.383,2000,5890.281,5294.589,2000,6143.436,6011.718,2000,6474.781,5228.1,2000,6223.034,5849.783,2000,5686.265,6071.75,2000,6076.038,5682.996,2000,5937.813,5567.89,2000,6418.611,5213.429,2000,6322.787,5523.738,2000,6756.819,5721.44,2000,6806.272
6235.241,2000,6451.029,5956.948,2000,5681.719,6371.023,2000,6317.005,6048.731,2000,5716.529,6325.757,2000,6406.187,5236.264,2000,6419.326,5755.519,2000,5729.592,6121.458,2000,5791.248,5619.097,2000,6800.213,6138.688,2000,5888.864,5292.722,2000,6142.964,6010.608,2000,6473.208,5226.235,2000,6222.551,5849.708,2000,5684.341,6069.948,2000,6075.357,5683.37,2000,5939.702,5567.914,2000,6418.283,5211.563,2000,6322.313,5521.89,2000,6757.36,5719.591,2000,6806.809
6237.718,2000,6450.115,5957.735,2000,5679.199,6373.504,2000,6316.102,6049.829,2000,5714.128,6328.227,2000,6405.255,5233.74,2000,6418.553,5755.092,2000,5726.987,6122.651,2000,5788.892,5616.539,2000,6800.869,6140.54,2000,5886.982,5290.185,2000,6142.234,6009.087,2000,6471.05,5223.703,2000,6221.805,5849.691,2000,5681.701,6067.48,2000,6074.418,5683.798,2000,5942.308,5567.947,2000,6417.825,5209.026,2000,6321.581,5519.333,2000,6758.02,5717.032,2000,6807.46
6239.862,2000,6449.244,5958.353,2000,5676.968,6375.652,2000,6315.24,6050.858,2000,5712.056,6330.418,2000,6404.51,5231.55,2000,6417.804,5754.793,2000,5724.692,6123.629,2000,5786.794,5614.28,2000,6801.37,6142.216,2000,5885.387,5287.983,2000,6141.522,6007.754,2000,6469.158,5221.505,2000,6221.079,5849.752,2000,5679.387,6065.319,2000,6073.59,5684.098,2000,5944.603,5567.977,2000,6417.414,5206.825,2000,6320.866,5517.075,2000,6758.524,5714.772,2000,6807.958
6241.328,2000,6448.591,5958.73,2000,5675.409,6377.121,2000,6314.594,6051.619,2000,5710.643,6331.919,2000,6403.943,5230.05,2000,6417.234,5754.614,2000,5723.097,6124.354,2000,5785.363,5612.703,2000,6801.666,6143.341,2000,5884.243,5286.473,2000,6140.979,6006.831,2000,6467.845,5219.999,2000,6220.526,5849.847,2000,5677.785,6063.823,2000,6073.01,5684.253,2000,5946.2,5567.997,2000,6417.122,5205.315,2000,6320.32,5515.498,2000,6758.822,5713.194,2000,6808.251
6244.623,2000,6447.058,5959.468,2000,5671.85,6380.43,2000,6313.092,6053.446,2000,5707.501,6335.276,2000,6402.55,5226.696,2000,6415.835,5754.325,2000,5719.474,6126.102,2000,5782.176,5609.111,2000,6802.218,6145.804,2000,5881.57,5283.096,2000,6139.636,6004.741,2000,6464.872,5216.627,2000,6219.17,5850.18,2000,5674.166,6060.438,2000,6071.689,5684.488,2000,5949.827,5568.041,2000,6416.449,5201.939,2000,6318.974,5511.907,2000,6759.38,5709.602,2000,6808.799
6245.928,2000,6446.398,5959.718,2000,5670.409,6381.741,2000,6312.445,6054.139,2000,5706.213,6336.608,2000,6401.946,5225.329,2000,6415.316,5754.249,2000,5718.014,6126.846,2000,5780.917,5607.659,2000,6802.393,6146.759,2000,5880.462,5281.755,2000,6139.052,6003.9,2000,6463.675,5215.289,2000,6218.58,5850.361,2000,5672.715,6059.077,2000,6071.152,5684.534,2000,5951.288,5568.059,2000,6416.168,5200.6,2000,6318.388,5510.455,2000,6759.558,5708.149,2000,6808.972
6249.049,2000,6444.873,5960.2,2000,5666.969,6384.867,2000,6310.93,6055.685,2000,5703.103,6339.723,2000,6400.408,5222.123,2000,6413.979,5754.182,2000,5714.541,6128.712,2000,5777.987,5604.205,2000,6802.756,6148.94,2000,5877.759,5278.616,2000,6137.563,6001.905,2000,6460.832,5212.125,2000,6217.146,5850.905,2000,5669.284,6055.847,2000,6069.874,5684.531,2000,5954.762,5568.101,2000,6415.49,5197.405,2000,6317.024,5506.995,2000,6759.868,5704.689,2000,6809.281
6249.733,2000,6444.511,5960.282,2000,5666.199,6385.553,2000,6310.57,6056.007,2000,5702.398,6340.405,2000,6400.042,5221.418,2000,6413.658,5754.192,2000,5713.767,6129.106,2000,5777.321,5603.432,2000,6802.812,6149.407,2000,5877.141,5277.928,2000,6137.208,6001.46,2000,6460.198,5211.431,2000,6216.803,5851.051,2000,5668.524,6055.128,2000,6069.586,5684.505,2000,5955.536,5568.11,2000,6415.333,5196.703,2000,6316.697,5506.222,2000,6759.912,5703.917,2000,6809.324
6252.312,2000,6443.034,5960.501,2000,5663.236,6388.136,2000,6309.102,6057.152,2000,5699.657,6343.01,2000,6398.613,5218.756,2000,6412.336,5754.329,2000,5710.798,6130.592,2000,5774.748,5600.463,2000,6802.928,6151.118,2000,5874.712,5275.308,2000,6135.806,5999.755,2000,6457.765,5208.785,2000,6215.451,5851.708,2000,5665.626,6052.374,2000,6068.472,5684.308,2000,5958.5,5568.145,2000,6414.726,5194.042,2000,6315.376,5503.252,2000,6760.019,5700.947,2000,6809.43
6254.809,2000,6441.548,5960.62,2000,5660.333,6390.638,2000,6307.624,6058.184,2000,5696.94,6345.511,2000,6397.133,5216.197,2000,6410.96,5754.558,2000,5707.901,6131.962,2000,5772.185,5597.557,2000,6802.978,6152.712,2000,5872.283,5272.768,2000,6134.396,5998.087,2000,6455.385,5206.226,2000,6214.075,5852.442,2000,5662.814,6049.68,2000,6067.38,5684.02,2000,5961.392,5568.18,2000,6414.112,5191.47,2000,6314.023,5500.347,2000,6760.028,5698.041,2000,6809.439
6255.501,2000,6441.104,5960.627,2000,5659.51,6391.332,2000,6307.183,6058.451,2000,5696.162,6346.204,2000,6396.691,5215.486,2000,6410.547,5754.649,2000,5707.084,6132.326,2000,5771.448,5596.735,2000,6802.965,6153.141,2000,5871.581,5272.062,2000,6133.973,5997.616,2000,6454.711,5205.515,2000,6213.662,5852.676,2000,5662.026,6048.919,2000,6067.068,5683.912,2000,5962.207,5568.189,2000,6413.932,5190.755,2000,6313.616,5499.525,2000,6760.004,5697.219,2000,6809.415
6258.161,2000,6439.287,5960.759,2000,5656.292,6393.996,2000,6305.372,6059.395,2000,5693.083,6348.893,2000,6394.916,5212.741,2000,6408.861,5755.112,2000,5703.896,6133.656,2000,5768.514,5593.517,2000,6802.816,6154.729,2000,5868.778,5269.329,2000,6132.269,5995.771,2000,6452.071,5202.759,2000,6211.994,5853.49,2000,5658.91,6045.941,2000,6065.841,5683.384,2000,5965.385,5568.227,2000,6413.221,5187.997,2000,6311.953,5496.308,2000,6759.847,5694.001,2000,6809.258
6259.353,2000,6438.452,5960.866,2000,5654.84,6395.19,2000,6304.54,6059.776,2000,5691.678,6350.084,2000,6394.081,5211.516,2000,6408.075,5755.369,2000,5702.464,6134.215,2000,5767.17,5592.065,2000,6802.725,6155.404,2000,5867.489,5268.104,2000,6131.482,5994.938,2000,6450.877,5201.529,2000,6211.216,5853.811,2000,5657.49,6044.598,2000,6065.281,5683.099,2000,5966.812,5568.244,2000,6412.887,5186.765,2000,6311.178,5494.856,2000,6759.738,5692.55,2000,6809.15
6261.929,2000,6436.596,5961.203,2000,5651.684,6397.767,2000,6302.687,6060.506,2000,5688.589,6352.674,2000,6392.247,5208.852,2000,6406.351,5756.029,2000,5699.359,6135.358,2000,5764.209,5588.901,2000,6802.468,6156.784,2000,5864.631,5265.442,2000,6129.754,5993.122,2000,6448.274,5198.861,2000,6209.497,5854.411,2000,5654.373,6041.671,2000,6064.052,5682.375,2000,5969.902,5568.279,2000,6412.146,5184.099,2000,6309.456,5491.691,2000,6759.497,5689.385,2000,6808.91
6263.818,2000,6435.209,5961.528,2000,5649.363,6399.658,2000,6301.302,6061.041,2000,5686.307,6354.565,2000,6390.862,5206.905,2000,6405.044,5756.592,2000,5697.084,6136.13,2000,5761.996,5586.566,2000,6802.27,6157.734,2000,5862.488,5263.494,2000,6128.451,5991.782,2000,6446.351,5196.904,2000,6208.206,5854.778,2000,5652.058,6039.513,2000,6063.138,5681.767,2000,5972.166,5568.306,2000,6411.576,5182.141,2000,6308.167,5489.359,2000,6759.266,5687.053,2000,6808.68
6265.471,2000,6433.948,5961.883,2000,5647.315,6401.313,2000,6300.043,6061.513,2000,5684.283,6356.23,2000,6389.617,5205.143,2000,6403.942,5757.157,2000,5695.083,6136.774,2000,5760.019,5584.5,2000,6802.044,6158.514,2000,5860.561,5261.781,2000,6127.273,5990.595,2000,6444.644,5195.183,2000,6207.04,5855.036,2000,5649.996,6037.601,2000,6062.322,5681.161,2000,5974.154,5568.329,2000,6411.055,5180.443,2000,6306.967,5487.292,2000,6759.049,5684.985,2000,6808.464
6267.508,2000,6432.375,5962.32,2000,5644.779,6403.351,2000,6298.472,6062.117,2000,5681.781,6358.266,2000,6388.042,5203.006,2000,6402.508,5757.775,2000,5692.585,6137.534,2000,5757.56,5581.942,2000,6801.756,6159.4,2000,5858.145,5259.672,2000,6125.797,5989.125,2000,6442.531,5193.083,2000,6205.552,5855.439,2000,5647.454,6035.237,2000,6061.305,5680.332,2000,5976.59,5568.357,2000,6410.392,5178.297,2000,6305.546,5484.738,2000,6758.729,5682.432,2000,6808.145
6269.324,2000,6430.918,5962.761,2000,5642.493,6405.168,2000,6297.018,6062.643,2000,5679.513,6360.096,2000,6386.604,5201.088,2000,6401.188,5758.26,2000,5690.308,6138.191,2000,5755.327,5579.635,2000,6801.447,6160.13,2000,5855.935,5257.796,2000,6124.419,5987.798,2000,6440.619,5191.17,2000,6204.226,5855.879,2000,5645.167,6033.101,2000,6060.379,5679.509,2000,5978.768,5568.382,2000,6409.771,5176.393,2000,6304.208,5482.43,2000,6758.428,5680.124,2000,6807.844
6271.091,2000,6429.403,5963.162,2000,5640.2,6406.938,2000,6295.504,6063.103,2000,5677.231,6361.879,2000,6385.107,5199.215,2000,6399.807,5758.669,2000,5688.017,6138.775,2000,5753.074,5577.339,2000,6801.063,6160.788,2000,5853.702,5255.966,2000,6122.981,5986.471,2000,6438.707,5189.302,2000,6202.837,5856.271,2000,5642.873,6030.967,2000,6059.448,5678.616,2000,5980.917,5568.408,2000,6409.13,5174.533,2000,6302.808,5480.133,2000,6758.05,5677.827,2000,6807.468
6272.282,2000,6428.313,5963.389,2000,5638.601,6408.13,2000,6294.415,6063.37,2000,5675.639,6363.081,2000,6384.029,5197.947,2000,6398.807,5758.902,2000,5686.418,6139.129,2000,5751.498,5575.756,2000,6800.744,6161.193,2000,5852.138,5254.73,2000,6121.942,5985.551,2000,6437.379,5188.039,2000,6201.832,5856.492,2000,5641.273,6029.489,2000,6058.797,5677.948,2000,5982.388,5568.425,2000,6408.67,5173.275,2000,6301.795,5478.549,2000,6757.736,5676.242,2000,6807.155
6274.458,2000,6426.185,5963.762,2000,5635.581,6410.309,2000,6292.29,6063.823,2000,5672.629,6365.279,2000,6381.924,5195.621,2000,6396.844,5759.241,2000,5683.394,6139.699,2000,5748.508,5572.792,2000,6800.048,6161.86,2000,5849.168,5252.465,2000,6119.908,5983.819,2000,6434.876,5185.72,2000,6199.86,5856.849,2000,5638.25,6026.708,2000,6057.562,5676.599,2000,5985.116,5568.457,2000,6407.782,5170.959,2000,6299.82,5475.584,2000,6757.047,5673.277,2000,6806.467
6276.069,2000,6424.503,5963.984,2000,5633.262,6411.921,2000,6290.61,6064.095,2000,5670.316,6366.907,2000,6380.259,5193.891,2000,6395.285,5759.424,2000,5681.072,6140.06,2000,5746.208,5570.544,2000,6799.442,6162.295,2000,5846.881,5250.784,2000,6118.296,5982.494,2000,6432.961,5183.996,2000,6198.294,5857.046,2000,5635.93,6024.581,2000,6056.612,5675.5,2000,5987.169,5568.481,2000,6407.072,5169.238,2000,6298.252,5473.334,2000,6756.446,5671.027,2000,6805.867
6277.043,2000,6423.417,5964.076,2000,5631.806,6412.897,2000,6289.525,6064.217,2000,5668.862,6367.892,2000,6379.183,5192.84,2000,6394.273,5759.492,2000,5679.614,6140.239,2000,5744.759,5569.148,2000,6799.017,6162.521,2000,5845.439,5249.765,2000,6117.252,5981.665,2000,6431.76,5182.948,2000,6197.278,5857.122,2000,5634.473,6023.251,2000,6056.012,5674.769,2000,5988.432,5568.496,2000,6406.611,5168.192,2000,6297.235,5471.938,2000,6756.024,5669.63,2000,6805.445
6279.396,2000,6420.614,5964.233,2000,5628.149,6415.254,2000,6286.725,6064.458,2000,5665.209,6370.274,2000,6376.404,5190.287,2000,6391.65,5759.541,2000,5675.955,6140.571,2000,5741.114,5565.676,2000,6797.858,6162.97,2000,5841.807,5247.294,2000,6114.552,5979.588,2000,6428.747,5180.405,2000,6194.646,5857.238,2000,5630.815,6019.919,2000,6054.497,5672.833,2000,5991.538,5568.532,2000,6405.427,5165.637,2000,6294.614,5468.471,2000,6754.85,5666.163,2000,6804.273
6280.555,2000,6419.139,5964.267,2000,5626.275,6416.414,2000,6285.251,6064.521,2000,5663.335,6371.448,2000,6374.941,5189.024,2000,6390.264,5759.504,2000,5674.08,6140.682,2000,5739.243,5563.918,2000,6797.207,6163.138,2000,5839.939,5246.074,2000,6113.127,5978.524,2000,6427.203,5179.147,2000,6193.255,5857.238,2000,5628.94,6018.215,2000,6053.715,5671.79,2000,5993.096,5568.55,2000,6404.785,5164.373,2000,6293.229,5466.715,2000,6754.191,5664.407,2000,6803.615
6281.935,2000,6417.259,5964.248,2000,5623.943,6417.795,2000,6283.373,6064.547,2000,5661.003,6372.847,2000,6373.075,5187.511,2000,6388.49,5759.405,2000,5671.75,6140.76,2000,5736.912,5561.758,2000,6796.328,6163.271,2000,5837.611,5244.614,2000,6111.31,5977.203,2000,6425.281,5177.641,2000,6191.475,5857.183,2000,5626.608,6016.098,2000,6052.737,5670.429,2000,5994.991,5568.573,2000,6403.961,5162.856,2000,6291.458,5464.56,2000,6753.3,5662.251,2000,6802.725
6283.252,2000,6415.334,5964.173,2000,5621.612,6419.115,2000,6281.45,6064.512,2000,5658.671,6374.184,2000,6371.164,5186.056,2000,6386.667,5759.247,2000,5669.423,6140.773,2000,5734.58,5559.627,2000,6795.38,6163.329,2000,5835.28,5243.213,2000,6109.444,5975.882,2000,6423.359,5176.192,2000,6189.647,5857.068,2000,5624.279,6013.983,2000,6051.752,5669.008,2000,5996.84,5568.594,2000,6403.105,5161.397,2000,6289.637,5462.435,2000,6752.339,5660.126,2000,6801.765
6284.64,2000,6413.157,5964.03,2000,5619.033,6420.506,2000,6279.273,6064.414,2000,5656.09,6375.594,2000,6369,5184.512,2000,6384.597,5759.017,2000,5666.851,6140.718,2000,5731.998,5557.3,2000,6794.26,6163.308,2000,5832.697,5241.719,2000,6107.338,5974.421,2000,6421.229,5174.656,2000,6187.571,5856.884,2000,5621.703,6011.646,2000,6050.655,5667.367,2000,5998.834,5568.618,2000,6402.12,5159.843,2000,6287.574,5460.118,2000,6751.199,5657.808,2000,6800.626
6285.852,2000,6411.112,5963.839,2000,5616.664,6421.72,2000,6277.23,6064.258,2000,5653.719,6376.827,2000,6366.968,5183.154,2000,6382.646,5758.742,2000,5664.49,6140.596,2000,5729.624,5555.193,2000,6793.16,6163.21,2000,5830.322,5240.408,2000,6105.355,5973.077,2000,6419.269,5173.305,2000,6185.615,5856.656,2000,5619.337,6009.496,2000,6049.64,5665.798,2000,6000.62,5568.639,2000,6401.171,5158.476,2000,6285.63,5458.021,2000,6750.08,5655.71,2000,6799.508
6286.623,2000,6409.707,5963.659,2000,5615.072,6422.493,2000,6275.826,6064.101,2000,5652.124,6377.612,2000,6365.571,5182.282,2000,6381.302,5758.504,2000,5662.905,6140.461,2000,5728.027,5553.797,2000,6792.373,6163.093,2000,5828.724,5239.568,2000,6103.991,5972.172,2000,6417.947,5172.438,2000,6184.268,5856.45,2000,5617.748,6008.049,2000,6048.951,5664.702,2000,6001.789,5568.653,2000,6400.504,5157.598,2000,6284.29,5456.632,2000,6749.28,5654.322,2000,6798.709
6287.878,2000,6407.233,5963.256,2000,5612.327,6423.75,2000,6273.354,6063.739,2000,5649.374,6378.892,2000,6363.11,5180.849,2000,6378.926,5758.004,2000,5660.176,6140.138,2000,5725.272,5551.428,2000,6790.931,6162.798,2000,5825.966,5238.192,2000,6101.582,5970.607,2000,6415.657,5171.014,2000,6181.887,5856.003,2000,5615.01,6005.548,2000,6047.751,5662.738,2000,6003.748,5568.676,2000,6399.317,5156.154,2000,6281.921,5454.275,2000,6747.817,5651.964,2000,6797.247
6288.865,2000,6405.118,5962.841,2000,5610.03,6424.74,2000,6271.239,6063.358,2000,5647.071,6379.901,2000,6361.005,5179.709,2000,6376.889,5757.508,2000,5657.895,6139.79,2000,5722.964,5549.474,2000,6789.652,6162.475,2000,5823.654,5237.102,2000,6099.518,5969.291,2000,6413.729,5169.882,2000,6179.845,5855.552,2000,5612.719,6003.446,2000,6046.736,5661.033,2000,6005.342,5568.695,2000,6398.267,5155.004,2000,6279.889,5452.333,2000,6746.521,5650.021,2000,6795.953
6289.594,2000,6403.414,5962.453,2000,5608.218,6425.47,2000,6269.536,6062.997,2000,5645.253,6380.646,2000,6359.308,5178.858,2000,6375.243,5757.055,2000,5656.098,6139.454,2000,5721.141,5547.958,2000,6788.587,6162.158,2000,5821.828,5236.29,2000,6097.852,5968.247,2000,6412.197,5169.037,2000,6178.195,5855.134,2000,5610.914,6001.78,2000,6045.924,5659.638,2000,6006.563,5568.709,2000,6397.397,5154.145,2000,6278.247,5450.825,2000,6745.443,5648.514,2000,6794.875
6290.617,2000,6400.786,5961.771,2000,5605.481,6426.496,2000,6266.91,6062.356,2000,5642.507,6381.696,2000,6356.691,5177.646,2000,6372.697,5756.276,2000,5653.388,6138.853,2000,5718.386,5545.704,2000,6786.893,6161.585,2000,5819.067,5235.138,2000,6095.278,5966.66,2000,6409.867,5167.834,2000,6175.645,5854.41,2000,5608.188,5999.248,2000,6044.683,5657.457,2000,6008.35,5568.729,2000,6396.028,5152.92,2000,6275.707,5448.587,2000,6743.729,5646.274,2000,6793.161
6291.232,2000,6399.038,5961.265,2000,5603.699,6427.113,2000,6265.163,6061.876,2000,5640.717,6382.33,2000,6354.95,5176.904,2000,6370.999,5755.823,2000,5651.591,6138.398,2000,5716.59,5544.26,2000,6785.731,6161.149,2000,5817.266,5234.437,2000,6093.563,5965.618,2000,6408.334,5167.099,2000,6173.944,5853.875,2000,5606.414,5997.587,2000,6043.86,5655.986,2000,6009.476,5568.742,2000,6395.081,5152.17,2000,6274.013,5447.153,2000,6742.554,5644.84,2000,6791.987
6292.156,2000,6396.11,5960.33,2000,5600.774,6428.041,2000,6262.236,6060.984,2000,5637.779,6383.284,2000,6352.031,5175.768,2000,6368.146,5754.976,2000,5648.64,6137.548,2000,5713.64,5541.932,2000,6783.729,6160.331,2000,5814.307,5233.369,2000,6090.685,5963.894,2000,6405.793,5165.973,2000,6171.088,5852.894,2000,5603.505,5994.84,2000,6042.49,5653.488,2000,6011.262,5568.76,2000,6393.457,5151.021,2000,6271.166,5444.843,2000,6740.532,5642.529,2000,6789.966
6292.798,2000,6393.818,5959.544,2000,5598.527,6428.686,2000,6259.944,6060.231,2000,5635.521,6383.949,2000,6349.746,5174.96,2000,6365.907,5754.244,2000,5646.375,6136.824,2000,5711.372,5540.173,2000,6782.125,6159.621,2000,5812.034,5232.61,2000,6088.428,5962.558,2000,6403.823,5165.169,2000,6168.847,5852.146,2000,5601.245,5992.712,2000,6041.422,5651.508,2000,6012.583,5568.774,2000,6392.125,5150.197,2000,6268.932,5443.104,2000,6738.906,5640.782,2000,6788.349
6293.181,2000,6392.257,5958.979,2000,5597.023,6429.07,2000,6258.384,6059.674,2000,5634.014,6384.348,2000,6348.188,5174.464,2000,6364.378,5753.701,2000,5644.862,6136.285,2000,5709.857,5539.021,2000,6781.004,6159.092,2000,5810.517,5232.148,2000,6086.889,5961.657,2000,6402.492,5164.677,2000,6167.317,5851.591,2000,5599.736,5991.278,2000,6040.697,5650.142,2000,6013.43,5568.783,2000,6391.187,5149.691,2000,6267.407,5441.967,2000,6737.771,5639.639,2000,6787.219
6293.754,2000,6389.553,5957.963,2000,5594.453,6429.643,2000,6255.68,6058.665,2000,5631.441,6384.949,2000,6345.491,5173.691,2000,6361.725,5752.681,2000,5642.293,6135.292,2000,5707.278,5537.094,2000,6779.024,6158.098,2000,5807.938,5231.414,2000,6084.225,5960.109,2000,6400.202,5163.9,2000,6164.665,5850.58,2000,5597.164,5988.815,2000,6039.443,5647.748,2000,6014.81,5568.795,2000,6389.525,5148.895,2000,6264.76,5440.059,2000,6735.772,5637.717,2000,6785.233
6294.09,2000,6387.668,5957.206,2000,5592.695,6429.978,2000,6253.795,6057.91,2000,5629.682,6385.304,2000,6343.609,5173.216,2000,6359.871,5751.917,2000,5640.538,6134.545,2000,5705.516,5535.8,2000,6777.613,6157.351,2000,5806.175,5230.966,2000,6082.363,5959.038,2000,6398.616,5163.422,2000,6162.811,5849.822,2000,5595.406,5987.113,2000,6038.568,5646.059,2000,6015.71,5568.803,2000,6388.318,5148.403,2000,6262.91,5438.782,2000,6734.345,5636.432,2000,6783.814
6294.496,2000,6384.92,5956.05,2000,5590.168,6430.374,2000,6251.045,6056.76,2000,5627.152,6385.733,2000,6340.864,5172.597,2000,6357.162,5750.726,2000,5638.028,6133.398,2000,5702.985,5533.974,2000,6775.52,6156.183,2000,5803.654,5230.386,2000,6079.646,5957.485,2000,6396.312,5162.796,2000,6160.104,5848.662,2000,5592.882,5984.645,2000,6037.292,5643.565,2000,6016.937,5568.811,2000,6386.506,5147.764,2000,6260.207,5436.976,2000,6732.234,5634.611,2000,6781.716
6294.762,2000,6382.592,5955.018,2000,5588.065,6430.632,2000,6248.717,6055.731,2000,5625.047,6386.019,2000,6338.539,5172.149,2000,6354.862,5749.652,2000,5635.946,6132.366,2000,5700.882,5532.477,2000,6773.717,6155.13,2000,5801.562,5229.969,2000,6077.341,5956.178,2000,6394.368,5162.336,2000,6157.807,5847.616,2000,5590.786,5982.568,2000,6036.207,5641.431,2000,6017.902,5568.816,2000,6384.907,5147.29,2000,6257.912,5435.508,2000,6730.408,5633.127,2000,6779.902
6295.024,2000,6379.781,5953.724,2000,5585.555,6430.886,2000,6245.904,6054.443,2000,5622.534,6386.292,2000,6335.729,5171.649,2000,6352.083,5748.308,2000,5633.462,6131.069,2000,5698.374,5530.723,2000,6771.503,6153.806,2000,5799.067,5229.501,2000,6074.556,5954.603,2000,6392.024,5161.842,2000,6155.027,5846.304,2000,5588.285,5980.068,2000,6034.894,5638.821,2000,6018.98,5568.82,2000,6382.906,5146.783,2000,6255.134,5433.759,2000,6728.19,5631.367,2000,6777.694
6295.135,2000,6377.946,5952.834,2000,5583.946,6430.991,2000,6244.069,6053.557,2000,5620.924,6386.416,2000,6333.895,5171.382,2000,6350.265,5747.38,2000,5631.875,6130.177,2000,5696.766,5529.606,2000,6770.044,6152.892,2000,5797.473,5229.256,2000,6072.735,5953.579,2000,6390.498,5161.566,2000,6153.21,5845.403,2000,5586.683,5978.443,2000,6034.035,5637.1,2000,6019.625,5568.821,2000,6381.548,5146.498,2000,6253.319,5432.669,2000,6726.71,5630.268,2000,6776.221
6295.213,2000,6375.618,5951.659,2000,5581.936,6431.06,2000,6241.741,6052.386,2000,5618.91,6386.51,2000,6331.568,5171.088,2000,6347.954,5746.156,2000,5629.894,6128.996,2000,5694.759,5528.244,2000,6768.155,6151.688,2000,5795.479,5228.991,2000,6070.421,5952.282,2000,6388.563,5161.271,2000,6150.899,5844.209,2000,5584.682,5976.388,2000,6032.939,5634.894,2000,6020.372,5568.819,2000,6379.781,5146.192,2000,6251.01,5431.309,2000,6724.82,5628.895,2000,6774.34
6295.234,2000,6373.154,5950.367,2000,5579.838,6431.071,2000,6239.277,6051.098,2000,5616.81,6386.546,2000,6329.104,5170.832,2000,6345.503,5744.813,2000,5627.829,6127.7,2000,5692.663,5526.823,2000,6766.142,6150.366,2000,5793.4,5228.762,2000,6067.968,5950.912,2000,6386.515,5161.01,2000,6148.449,5842.898,2000,5582.596,5974.216,2000,6031.774,5632.535,2000,6021.085,5568.815,2000,6377.852,5145.918,2000,6248.561,5429.922,2000,6722.783,5627.495,2000,6772.312
6295.189,2000,6370.946,5949.161,2000,5577.988,6431.016,2000,6237.07,6049.897,2000,5614.956,6386.519,2000,6326.896,5170.651,2000,6343.303,5743.669,2000,5625.939,6126.492,2000,5690.815,5525.598,2000,6764.305,6149.135,2000,5791.567,5228.61,2000,6065.765,5949.686,2000,6384.679,5160.825,2000,6146.249,5841.663,2000,5580.765,5972.273,2000,6030.726,5630.401,2000,6021.654,5568.809,2000,6376.07,5145.723,2000,6246.361,5428.703,2000,6720.942,5626.262,2000,6770.48
6295.092,2000,6369.072,5948.085,2000,5576.451,6430.907,2000,6235.196,6048.832,2000,5613.412,6386.436,2000,6325.021,5170.548,2000,6341.429,5742.646,2000,5624.366,6125.42,2000,5689.274,5524.58,2000,6762.728,6148.04,2000,5790.042,5228.534,2000,6063.89,5948.643,2000,6383.118,5160.717,2000,6144.375,5840.624,2000,5579.203,5970.624,2000,6029.831,5628.573,2000,6022.079,5568.803,2000,6374.518,5145.604,2000,6244.488,5427.716,2000,6719.346,5625.261,2000,6768.893
6294.95,2000,6367.368,5947.089,2000,5575.061,6430.755,2000,6233.493,6047.818,2000,5612.034,6386.306,2000,6323.316,5170.495,2000,6339.72,5741.667,2000,5622.964,6124.403,2000,5687.899,5523.695,2000,6761.265,6147.005,2000,5788.681,5228.508,2000,6062.18,5947.694,2000,6381.695,5160.663,2000,6142.666,5839.63,2000,5577.811,5969.123,2000,6029.011,5626.896,2000,6022.411,5568.795,2000,6373.075,5145.54,2000,6242.779,5426.836,2000,6717.879,5624.369,2000,6767.434
6294.714,2000,6365.125,5945.73,2000,5573.261,6430.509,2000,6231.251,6046.456,2000,5610.237,6386.078,2000,6321.072,5170.464,2000,6337.465,5740.316,2000,5621.159,6123.021,2000,5686.118,5522.547,2000,6759.323,6145.606,2000,5786.912,5228.508,2000,6059.925,5946.444,2000,6379.818,5160.638,2000,6140.411,5838.292,2000,5575.996,5967.146,2000,6027.925,5624.671,2000,6022.776,5568.782,2000,6371.14,5145.501,2000,6240.524,5425.718,2000,6715.921,5623.236,2000,6765.484
6294.458,2000,6363.232,5944.551,2000,5571.757,6430.242,2000,6229.359,6045.261,2000,5608.746,6385.839,2000,6319.176,5170.484,2000,6335.554,5739.122,2000,5619.667,6121.819,2000,5684.632,5521.614,2000,6757.656,6144.38,2000,5785.447,5228.557,2000,6058.015,5945.386,2000,6378.228,5160.656,2000,6138.5,5837.108,2000,5574.496,5965.474,2000,6027.002,5622.776,2000,6023.023,5568.77,2000,6369.467,5145.509,2000,6238.614,5424.793,2000,6714.25,5622.298,2000,6763.819
6294.243,2000,6361.957,5943.72,2000,5570.767,6430.02,2000,6228.085,6044.422,2000,5607.761,6385.636,2000,6317.899,5170.539,2000,6334.262,5738.281,2000,5618.684,6120.974,2000,5683.653,5521.004,2000,6756.516,6143.518,2000,5784.483,5228.633,2000,6056.724,5944.67,2000,6377.15,5160.708,2000,6137.208,5836.274,2000,5573.507,5964.343,2000,6026.374,5621.489,2000,6023.149,5568.76,2000,6368.318,5145.551,2000,6237.321,5424.205,2000,6713.098,5621.698,2000,6762.673
6293.778,2000,6359.42,5942.02,2000,5568.828,6429.543,2000,6225.551,6042.719,2000,5605.826,6385.167,2000,6315.364,5170.673,2000,6331.688,5736.552,2000,5616.772,6119.25,2000,5681.736,5519.839,2000,6754.215,6141.781,2000,5782.577,5228.805,2000,6054.151,5943.245,2000,6375.002,5160.859,2000,6134.634,5834.574,2000,5571.569,5962.092,2000,6025.118,5618.917,2000,6023.315,5568.738,2000,6366.004,5145.688,2000,6234.747,5423.034,2000,6710.801,5620.513,2000,6760.383
6293.525,2000,6358.254,5941.204,2000,5567.957,6429.285,2000,6224.386,6041.902,2000,5604.956,6384.918,2000,6314.196,5170.774,2000,6330.498,5735.723,2000,5615.913,6118.426,2000,5680.872,5519.313,2000,6753.144,6140.949,2000,5781.721,5228.923,2000,6052.963,5942.585,2000,6374.007,5160.962,2000,6133.445,5833.757,2000,5570.698,5961.051,2000,6024.534,5617.723,2000,6023.353,5568.727,2000,6364.915,5145.782,2000,6233.557,5422.527,2000,6709.72,5620,2000,6759.306
6293.05,2000,6356.298,5939.795,2000,5566.519,6428.798,2000,6222.433,6040.489,2000,5603.521,6384.456,2000,6312.237,5170.979,2000,6328.495,5734.282,2000,5614.507,6117.008,2000,5679.443,5518.471,2000,6751.315,6139.513,2000,5780.31,5229.161,2000,6050.964,5941.473,2000,6372.329,5161.172,2000,6131.443,5832.338,2000,5569.27,5959.297,2000,6023.545,5615.71,2000,6023.351,5568.706,2000,6363.064,5145.982,2000,6231.554,5421.684,2000,6707.892,5619.142,2000,6757.484
6292.659,2000,6354.891,5938.739,2000,5565.51,6428.398,2000,6221.028,6039.43,2000,5602.515,6384.074,2000,6310.827,5171.174,2000,6327.048,5733.205,2000,5613.521,6115.946,2000,5678.441,5517.879,2000,6749.98,6138.438,2000,5779.321,5229.381,2000,6049.52,5940.667,2000,6371.11,5161.371,2000,6129.996,5831.275,2000,5568.269,5958.027,2000,6022.825,5614.25,2000,6023.302,5568.688,2000,6361.708,5146.167,2000,6230.105,5421.116,2000,6706.546,5618.563,2000,6756.144
6291.974,2000,6352.631,5936.986,2000,5563.93,6427.698,2000,6218.773,6037.682,2000,5600.929,6383.397,2000,6308.565,5171.53,2000,6324.714,5731.516,2000,5611.873,6114.189,2000,5676.864,5516.976,2000,6747.799,6136.666,2000,5777.762,5229.784,2000,6047.194,5939.365,2000,6369.141,5161.738,2000,6127.664,5829.504,2000,5566.707,5955.975,2000,6021.658,5611.895,2000,6023.145,5568.659,2000,6359.498,5146.521,2000,6227.771,5420.216,2000,6704.364,5617.643,2000,6753.97
6291.811,2000,6352.149,5936.597,2000,5563.602,6427.531,2000,6218.292,6037.293,2000,5600.6,6383.235,2000,6308.083,5171.623,2000,6324.214,5731.14,2000,5611.529,6113.799,2000,5676.537,5516.797,2000,6747.322,6136.273,2000,5777.438,5229.887,2000,6046.695,5939.084,2000,6368.716,5161.834,2000,6127.164,5829.112,2000,5566.383,5955.533,2000,6021.405,5611.388,2000,6023.095,5568.652,2000,6359.017,5146.613,2000,6227.271,5420.037,2000,6703.887,5617.459,2000,6753.495
6291.146,2000,6350.368,5935.104,2000,5562.424,6426.85,2000,6216.518,6035.806,2000,5599.416,6382.583,2000,6306.297,5172.017,2000,6322.354,5729.696,2000,5610.292,6112.312,2000,5675.353,5516.143,2000,6745.537,6134.77,2000,5776.274,5230.318,2000,6044.844,5938.037,2000,6367.13,5162.235,2000,6125.306,5827.646,2000,5565.173,5953.884,2000,6020.459,5609.504,2000,6022.845,5568.625,2000,6357.216,5146.997,2000,6225.409,5419.42,2000,6702.089,5616.822,2000,6751.704
6290.598,2000,6349.035,5933.95,2000,5561.561,6426.289,2000,6215.19,6034.649,2000,5598.556,6382.045,2000,6304.959,5172.353,2000,6320.953,5728.571,2000,5609.392,6111.155,2000,5674.493,5515.688,2000,6744.169,6133.601,2000,5775.43,5230.691,2000,6043.452,5937.244,2000,6365.926,5162.579,2000,6123.906,5826.504,2000,5564.293,5952.635,2000,6019.74,5608.082,2000,6022.608,5568.604,2000,6355.841,5147.328,2000,6224.006,5418.976,2000,6700.718,5616.356,2000,6750.34
6290.245,2000,6348.249,5933.244,2000,5561.068,6425.928,2000,6214.408,6033.942,2000,5598.064,6381.698,2000,6304.171,5172.581,2000,6320.122,5727.881,2000,5608.875,6110.448,2000,5674.001,5515.435,2000,6743.346,6132.887,2000,5774.948,5230.941,2000,6042.627,5936.77,2000,6365.207,5162.812,2000,6123.077,5825.805,2000,5563.79,5951.889,2000,6019.309,5607.237,2000,6022.439,5568.59,2000,6355.015,5147.553,2000,6223.174,5418.737,2000,6699.891,5616.104,2000,6749.516
6289.416,2000,6346.555,5931.663,2000,5560.039,6425.083,2000,6212.722,6032.358,2000,5597.04,6380.88,2000,6302.472,5173.14,2000,6318.321,5726.335,2000,5607.795,6108.864,2000,5672.977,5514.94,2000,6741.526,6131.289,2000,5773.946,5231.547,2000,6040.841,5935.733,2000,6363.631,5163.38,2000,6121.279,5824.239,2000,5562.738,5950.258,2000,6018.361,5605.401,2000,6022.009,5568.559,2000,6353.203,5148.105,2000,6221.371,5418.273,2000,6698.063,5615.613,2000,6747.695
6288.8,2000,6345.396,5930.54,2000,5559.36,6424.457,2000,6211.568,6031.233,2000,5596.364,6380.273,2000,6301.308,5173.569,2000,6317.081,5725.235,2000,5607.08,6107.739,2000,5672.301,5514.638,2000,6740.249,6130.155,2000,5773.285,5232.01,2000,6039.613,5935.012,2000,6362.535,5163.816,2000,6120.041,5823.126,2000,5562.042,5949.125,2000,6017.701,5604.133,2000,6021.668,5568.536,2000,6351.935,5148.53,2000,6220.129,5417.993,2000,6696.78,5615.313,2000,6746.417
6288.235,2000,6344.411,5929.55,2000,5558.804,6423.882,2000,6210.589,6030.241,2000,5595.811,6379.715,2000,6300.319,5173.976,2000,6316.021,5724.264,2000,5606.492,6106.747,2000,5671.748,5514.413,2000,6739.136,6129.156,2000,5772.745,5232.444,2000,6038.563,5934.389,2000,6361.585,5164.229,2000,6118.983,5822.145,2000,5561.472,5948.145,2000,6017.126,5603.047,2000,6021.338,5568.515,2000,6350.835,5148.933,2000,6219.068,5417.786,2000,6695.664,5615.089,2000,6745.304
6287.021,2000,6342.446,5927.5,2000,5557.74,6422.65,2000,6208.635,6028.188,2000,5594.752,6378.515,2000,6298.345,5174.874,2000,6313.892,5722.25,2000,5605.361,6104.694,2000,5670.69,5514.029,2000,6736.858,6127.089,2000,5771.715,5233.397,2000,6036.459,5933.121,2000,6359.655,5165.137,2000,6116.859,5820.11,2000,5560.378,5946.153,2000,6015.957,5600.86,2000,6020.593,5568.472,2000,6348.591,5149.823,2000,6216.937,5417.441,2000,6693.38,5614.709,2000,6743.026
6286.859,2000,6342.202,5927.235,2000,5557.614,6422.501,2000,6208.382,6027.923,2000,5594.626,6378.354,2000,6298.1,5174.996,2000,6313.625,5721.989,2000,5605.226,6104.429,2000,5670.564,5513.99,2000,6736.567,6126.822,2000,5771.593,5233.527,2000,6036.196,5932.959,2000,6359.41,5165.261,2000,6116.594,5819.847,2000,5560.248,5945.9,2000,6015.808,5600.586,2000,6020.49,5568.466,2000,6348.305,5149.944,2000,6216.67,5417.407,2000,6693.089,5614.67,2000,6742.735
6286.215,2000,6341.298,5926.218,2000,5557.168,6421.972,2000,6207.407,6026.905,2000,5594.184,6377.717,2000,6297.191,5175.493,2000,6312.633,5720.988,2000,5604.747,6103.411,2000,5670.121,5513.878,2000,6735.463,6125.799,2000,5771.164,5234.05,2000,6035.217,5932.351,2000,6358.481,5165.764,2000,6115.604,5818.837,2000,5559.787,5944.945,2000,6015.243,5599.561,2000,6020.064,5568.444,2000,6347.222,5150.438,2000,6215.676,5417.313,2000,6691.983,5614.56,2000,6741.631
6285.608,2000,6340.502,5925.289,2000,5556.796,6421.466,2000,6206.543,6025.975,2000,5593.814,6377.116,2000,6296.391,5175.971,2000,6311.753,5720.072,2000,5604.344,6102.481,2000,5669.752,5513.809,2000,6734.465,6124.863,2000,5770.807,5234.551,2000,6034.351,5931.802,2000,6357.645,5166.246,2000,6114.727,5817.914,2000,5559.402,5944.083,2000,6014.733,5598.65,2000,6019.65,5568.423,2000,6346.243,5150.912,2000,6214.794,5417.261,2000,6690.983,5614.492,2000,6740.632
6284.848,2000,6339.571,5924.159,2000,5556.387,6420.825,2000,6205.527,6024.844,2000,5593.408,6376.363,2000,6295.454,5176.578,2000,6310.716,5718.956,2000,5603.898,6101.35,2000,5669.346,5513.766,2000,6733.264,6123.727,2000,5770.416,5235.185,2000,6033.33,5931.144,2000,6356.639,5166.858,2000,6113.693,5816.79,2000,5558.976,5943.051,2000,6014.119,5597.573,2000,6019.117,5568.398,2000,6345.065,5151.516,2000,6213.755,5417.238,2000,6689.782,5614.417,2000,6739.433
6284.158,2000,6338.78,5923.161,2000,5556.062,6420.236,2000,6204.658,6023.845,2000,5593.085,6375.679,2000,6294.658,5177.138,2000,6309.828,5717.969,2000,5603.54,6100.351,2000,5669.023,5513.762,2000,6732.214,6122.724,2000,5770.107,5235.768,2000,6032.457,5930.569,2000,6355.761,5167.423,2000,6112.808,5815.796,2000,5558.636,5942.149,2000,6013.581,5596.647,2000,6018.622,5568.375,2000,6344.035,5152.073,2000,6212.865,5417.252,2000,6688.732,5614.357,2000,6738.385
6283.465,2000,6338.035,5922.184,2000,5555.778,6419.638,2000,6203.835,6022.867,2000,5592.805,6374.991,2000,6293.908,5177.708,2000,6308.986,5717.002,2000,5603.225,6099.373,2000,5668.742,5513.787,2000,6731.197,6121.742,2000,5769.839,5236.361,2000,6031.63,5930.012,2000,6354.909,5167.999,2000,6111.968,5814.823,2000,5558.338,5941.275,2000,6013.059,5595.767,2000,6018.112,5568.353,2000,6343.035,5152.64,2000,6212.021,5417.299,2000,6687.716,5614.305,2000,6737.369
6282.979,2000,6337.546,5921.516,2000,5555.608,6419.214,2000,6203.291,6022.198,2000,5592.636,6374.508,2000,6293.416,5178.108,2000,6308.423,5716.339,2000,5603.032,6098.704,2000,5668.574,5513.81,2000,6730.508,6121.071,2000,5769.68,5236.781,2000,6031.083,5929.634,2000,6354.332,5168.407,2000,6111.412,5814.157,2000,5558.158,5940.684,2000,6012.704,5595.181,2000,6017.747,5568.337,2000,6342.356,5153.043,2000,6211.461,5417.354,2000,6687.028,5614.27,2000,6736.68
6282.065,2000,6336.686,5920.291,2000,5555.338,6418.412,2000,6202.326,6020.973,2000,5592.37,6373.601,2000,6292.549,5178.838,2000,6307.403,5715.124,2000,5602.722,6097.479,2000,5668.307,5513.852,2000,6729.254,6119.841,2000,5769.43,5237.577,2000,6030.113,5928.948,2000,6353.281,5169.182,2000,6110.426,5812.936,2000,5557.871,5939.608,2000,6012.058,5594.139,2000,6017.049,5568.308,2000,6341.121,5153.81,2000,6210.468,5417.494,2000,6685.781,5614.217,2000,6735.426
6281.369,2000,6336.072,5919.377,2000,5555.168,6417.795,2000,6201.632,6020.06,2000,5592.202,6372.909,2000,6291.93,5179.381,2000,6306.65,5714.217,2000,5602.522,6096.565,2000,5668.14,5513.89,2000,6728.326,6118.926,2000,5769.274,5238.189,2000,6029.415,5928.44,2000,6352.504,5169.779,2000,6109.715,5812.026,2000,5557.688,5938.813,2000,6011.578,5593.384,2000,6016.508,5568.286,2000,6340.205,5154.401,2000,6209.752,5417.616,2000,6684.861,5614.174,2000,6734.499
6280.677,2000,6335.5,5918.49,2000,5555.033,6417.177,2000,6200.981,6019.172,2000,5592.069,6372.221,2000,6291.354,5179.924,2000,6305.936,5713.335,2000,5602.357,6095.678,2000,5668.007,5513.928,2000,6727.429,6118.036,2000,5769.153,5238.803,2000,6028.759,5927.95,2000,6351.752,5170.379,2000,6109.047,5811.141,2000,5557.539,5938.045,2000,6011.114,5592.673,2000,6015.96,5568.264,2000,6339.319,5154.977,2000,6209.063,5417.708,2000,6683.968,5614.158,2000,6733.601
6279.859,2000,6334.847,5917.451,2000,5554.909,6416.432,2000,6200.246,6018.132,2000,5591.948,6371.409,2000,6290.693,5180.562,2000,6305.105,5712.3,2000,5602.199,6094.638,2000,5667.886,5513.972,2000,6726.383,6116.995,2000,5769.046,5239.543,2000,6028.019,5927.378,2000,6350.875,5171.104,2000,6108.291,5810.103,2000,5557.4,5937.15,2000,6010.571,5591.864,2000,6015.295,5568.237,2000,6338.285,5155.66,2000,6208.27,5417.811,2000,6682.926,5614.145,2000,6732.554
6279.019,2000,6334.183,5916.384,2000,5554.817,6415.646,2000,6199.519,6017.064,2000,5591.859,6370.568,2000,6290.029,5181.241,2000,6304.277,5711.237,2000,5602.072,6093.57,2000,5667.797,5514.018,2000,6725.313,6115.926,2000,5768.972,5240.325,2000,6027.287,5926.793,2000,6349.979,5171.862,2000,6107.535,5809.038,2000,5557.292,5936.234,2000,6010.016,5591.06,2000,6014.588,5568.21,2000,6337.226,5156.332,2000,6207.436,5417.916,2000,6681.86,5614.131,2000,6731.483
6278.854,2000,6334.056,5916.176,2000,5554.806,6415.488,2000,6199.382,6016.856,2000,5591.849,6370.401,2000,6289.906,5181.378,2000,6304.12,5711.029,2000,5602.054,6093.362,2000,5667.786,5514.026,2000,6725.105,6115.718,2000,5768.964,5240.481,2000,6027.149,5926.679,2000,6349.804,5172.015,2000,6107.393,5808.83,2000,5557.278,5936.056,2000,6009.907,5590.908,2000,6014.446,5568.205,2000,6337.02,5156.457,2000,6207.269,5417.943,2000,6681.653,5614.122,2000,6731.275
6278.055,2000,6333.454,5915.176,2000,5554.785,6414.71,2000,6198.753,6015.856,2000,5591.831,6369.599,2000,6289.309,5182.012,2000,6303.347,5710.031,2000,5602.001,6092.362,2000,5667.769,5514.069,2000,6724.106,6114.718,2000,5768.948,5241.24,2000,6026.498,5926.133,2000,6348.966,5172.724,2000,6106.688,5807.83,2000,5557.243,5935.202,2000,6009.387,5590.201,2000,6013.738,5568.179,2000,6336.03,5157.084,2000,6206.49,5418.042,2000,6680.658,5614.107,2000,6730.275
6277.628,2000,6333.129,5914.64,2000,5554.792,6414.283,2000,6198.429,6015.32,2000,5591.839,6369.159,2000,6289.002,5182.338,2000,6302.922,5709.495,2000,5601.99,6091.826,2000,5667.777,5514.091,2000,6723.571,6114.182,2000,5768.95,5241.646,2000,6026.148,5925.84,2000,6348.517,5173.114,2000,6106.32,5807.294,2000,5557.242,5934.745,2000,6009.108,5589.835,2000,6013.346,5568.165,2000,6335.499,5157.434,2000,6206.084,5418.104,2000,6680.125,5614.091,2000,6729.739
6276.844,2000,6332.551,5913.667,2000,5554.835,6413.487,2000,6197.867,6014.348,2000,5591.885,6368.365,2000,6288.439,5182.956,2000,6302.169,5708.521,2000,5602.001,6090.854,2000,5667.823,5514.132,2000,6722.598,6113.208,2000,5768.962,5242.383,2000,6025.51,5925.309,2000,6347.701,5173.82,2000,6105.649,5806.32,2000,5557.271,5933.914,2000,6008.6,5589.193,2000,6012.613,5568.139,2000,6334.533,5158.045,2000,6205.326,5418.2,2000,6679.156,5614.076,2000,6728.766
6276.433,2000,6332.259,5913.164,2000,5554.864,6413.073,2000,6197.58,6013.845,2000,5591.914,6367.956,2000,6288.145,5183.288,2000,6301.79,5708.018,2000,5602.024,6090.35,2000,5667.841,5514.153,2000,6722.094,6112.705,2000,5768.985,5242.753,2000,6025.168,5925.034,2000,6347.278,5174.174,2000,6105.291,5805.817,2000,5557.297,5933.484,2000,6008.336,5588.874,2000,6012.224,5568.125,2000,6334.034,5158.348,2000,6204.923,5418.234,2000,6678.653,5614.084,2000,6728.262
6275.69,2000,6331.724,5912.25,2000,5554.921,6412.327,2000,6197.051,6012.931,2000,5591.962,6367.206,2000,6287.62,5183.869,2000,6301.083,5707.105,2000,5602.094,6089.436,2000,5667.891,5514.191,2000,6721.18,6111.791,2000,5769.018,5243.404,2000,6024.525,5924.535,2000,6346.511,5174.795,2000,6104.618,5804.903,2000,5557.354,5932.704,2000,6007.857,5588.317,2000,6011.497,5568.101,2000,6333.126,5158.922,2000,6204.21,5418.276,2000,6677.739,5614.119,2000,6727.347
6275.137,2000,6331.334,5911.575,2000,5554.968,6411.77,2000,6196.667,6012.255,2000,5592.007,6366.655,2000,6287.227,5184.292,2000,6300.554,5706.432,2000,5602.16,6088.76,2000,5667.923,5514.22,2000,6720.503,6111.115,2000,5769.053,5243.87,2000,6024.034,5924.167,2000,6345.944,5175.25,2000,6104.118,5804.229,2000,5557.411,5932.128,2000,6007.503,5587.924,2000,6010.947,5568.082,2000,6332.455,5159.364,2000,6203.697,5418.308,2000,6677.063,5614.144,2000,6726.671
6274.604,2000,6330.953,5910.921,2000,5555.026,6411.232,2000,6196.291,6011.601,2000,5592.05,6366.117,2000,6286.853,5184.717,2000,6300.055,5705.781,2000,5602.239,6088.106,2000,5667.964,5514.247,2000,6719.848,6110.46,2000,5769.083,5244.315,2000,6023.552,5923.809,2000,6345.394,5175.691,2000,6103.633,5803.577,2000,5557.476,5931.57,2000,6007.159,5587.56,2000,6010.401,5568.063,2000,6331.804,5159.79,2000,6203.199,5418.339,2000,6676.408,5614.168,2000,6726.016
6274.084,2000,6330.589,5910.29,2000,5555.086,6410.708,2000,6195.932,6010.969,2000,5592.103,6365.598,2000,6286.487,5185.126,2000,6299.57,5705.152,2000,5602.325,6087.472,2000,5668.002,5514.273,2000,6719.214,6109.826,2000,5769.121,5244.746,2000,6023.085,5923.463,2000,6344.862,5176.114,2000,6103.16,5802.947,2000,5557.552,5931.03,2000,6006.825,5587.226,2000,6009.862,5568.045,2000,6331.173,5160.209,2000,6202.723,5418.37,2000,6675.774,5614.191,2000,6725.381
6273.582,2000,6330.232,5909.678,2000,5555.156,6410.202,2000,6195.582,6010.355,2000,5592.156,6365.091,2000,6286.137,5185.531,2000,6299.105,5704.543,2000,5602.421,6086.858,2000,5668.048,5514.299,2000,6718.598,6109.211,2000,5769.156,5245.16,2000,6022.63,5923.128,2000,6344.345,5176.528,2000,6102.704,5802.336,2000,5557.633,5930.506,2000,6006.501,5586.918,2000,6009.328,5568.027,2000,6330.562,5160.613,2000,6202.258,5418.399,2000,6675.159,5614.213,2000,6724.766
6273.102,2000,6329.879,5909.088,2000,5555.243,6409.702,2000,6195.258,6009.763,2000,5592.226,6364.597,2000,6285.804,5185.907,2000,6298.644,5703.958,2000,5602.533,6086.266,2000,5668.112,5514.324,2000,6718.003,6108.616,2000,5769.177,5245.575,2000,6022.203,5922.804,2000,6343.845,5176.943,2000,6102.276,5801.748,2000,5557.73,5930,2000,6006.188,5586.638,2000,6008.802,5568.01,2000,6329.97,5161.011,2000,6201.814,5418.447,2000,6674.565,5614.214,2000,6724.17
6272.814,2000,6329.667,5908.737,2000,5555.307,6409.395,2000,6195.074,6009.41,2000,5592.28,6364.298,2000,6285.607,5186.142,2000,6298.374,5703.61,2000,5602.612,6085.911,2000,5668.16,5514.338,2000,6717.646,6108.258,2000,5769.19,5245.833,2000,6021.955,5922.609,2000,6343.545,5177.199,2000,6102.027,5801.397,2000,5557.8,5929.696,2000,6005.999,5586.48,2000,6008.481,5567.999,2000,6329.614,5161.241,2000,6201.54,5418.487,2000,6674.21,5614.204,2000,6723.813
6272.178,2000,6329.212,5907.973,2000,5555.471,6408.718,2000,6194.684,6008.641,2000,5592.423,6363.645,2000,6285.178,5186.674,2000,6297.801,5702.854,2000,5602.809,6085.136,2000,5668.257,5514.37,2000,6716.865,6107.479,2000,5769.245,5246.413,2000,6021.431,5922.184,2000,6342.89,5177.75,2000,6101.472,5800.636,2000,5557.978,5929.032,2000,6005.586,5586.158,2000,6007.769,5567.976,2000,6328.837,5161.723,2000,6200.925,5418.559,2000,6673.432,5614.194,2000,6723.031
6271.739,2000,6328.895,5907.446,2000,5555.603,6408.245,2000,6194.419,6008.111,2000,5592.54,6363.188,2000,6284.886,5187.03,2000,6297.392,5702.333,2000,5602.962,6084.6,2000,5668.339,5514.392,2000,6716.323,6106.937,2000,5769.274,5246.816,2000,6021.068,5921.889,2000,6342.435,5178.135,2000,6101.09,5800.112,2000,5558.118,5928.571,2000,6005.3,5585.951,2000,6007.268,5567.959,2000,6328.298,5162.072,2000,6200.51,5418.613,2000,6672.892,5614.183,2000,6722.488
6271.356,2000,6328.619,5906.993,2000,5555.731,6407.832,2000,6194.192,6007.655,2000,5592.656,6362.791,2000,6284.633,5187.327,2000,6297.027,5701.886,2000,5603.111,6084.134,2000,5668.414,5514.395,2000,6715.852,6106.467,2000,5769.302,5247.169,2000,6020.755,5921.632,2000,6342.039,5178.474,2000,6100.762,5799.662,2000,5558.255,5928.171,2000,6005.051,5585.786,2000,6006.827,5567.945,2000,6327.829,5162.386,2000,6200.159,5418.662,2000,6672.423,5614.188,2000,6722.017
6270.896,2000,6328.291,5906.455,2000,5555.904,6407.337,2000,6193.918,6007.111,2000,5592.811,6362.313,2000,6284.331,5187.673,2000,6296.579,5701.355,2000,5603.306,6083.577,2000,5668.508,5514.38,2000,6715.286,6105.902,2000,5769.341,5247.592,2000,6020.38,5921.325,2000,6341.564,5178.883,2000,6100.372,5799.126,2000,5558.437,5927.691,2000,6004.751,5585.604,2000,6006.291,5567.927,2000,6327.267,5162.767,2000,6199.741,5418.71,2000,6671.86,5614.213,2000,6721.452
6270.512,2000,6328.022,5906.014,2000,5556.062,6406.929,2000,6193.688,6006.661,2000,5592.94,6361.917,2000,6284.081,5187.972,2000,6296.218,5700.921,2000,5603.482,6083.116,2000,5668.59,5514.383,2000,6714.818,6105.436,2000,5769.381,5247.942,2000,6020.069,5921.07,2000,6341.171,5179.222,2000,6100.048,5798.688,2000,5558.602,5927.294,2000,6004.503,5585.469,2000,6005.843,5567.913,2000,6326.801,5163.071,2000,6199.384,5418.737,2000,6671.392,5614.218,2000,6720.984
6269.775,2000,6327.521,5905.181,2000,5556.379,6406.16,2000,6193.238,6005.805,2000,5593.188,6361.163,2000,6283.605,5188.562,2000,6295.55,5700.107,2000,5603.845,6082.239,2000,5668.753,5514.415,2000,6713.927,6104.551,2000,5769.486,5248.6,2000,6019.468,5920.585,2000,6340.423,5179.854,2000,6099.419,5797.864,2000,5558.943,5926.539,2000,6004.03,5585.239,2000,6004.982,5567.885,2000,6325.914,5163.626,2000,6198.688,5418.784,2000,6670.502,5614.203,2000,6720.093
6269.602,2000,6327.396,5904.983,2000,5556.461,6405.972,2000,6193.136,6005.601,2000,5593.254,6360.982,2000,6283.49,5188.698,2000,6295.385,5699.914,2000,5603.938,6082.029,2000,5668.794,5514.415,2000,6713.713,6104.337,2000,5769.504,5248.76,2000,6019.326,5920.469,2000,6340.244,5180.007,2000,6099.27,5797.669,2000,5559.031,5926.358,2000,6003.917,5585.19,2000,6004.773,5567.878,2000,6325.701,5163.766,2000,6198.524,5418.802,2000,6670.289,5614.206,2000,6719.879
6268.874,2000,6326.901,5904.174,2000,5556.806,6405.213,2000,6192.691,6004.763,2000,5593.521,6360.239,2000,6283.02,5189.244,2000,6294.696,5699.135,2000,5604.347,6081.167,2000,5668.965,5514.388,2000,6712.833,6103.464,2000,5769.607,5249.405,2000,6018.727,5919.992,2000,6339.505,5180.631,2000,6098.65,5796.88,2000,5559.42,5925.613,2000,6003.448,5585.02,2000,6003.911,5567.85,2000,6324.825,5164.358,2000,6197.874,5418.848,2000,6669.41,5614.248,2000,6719
6268.057,2000,6326.349,5903.27,2000,5557.2,6404.363,2000,6192.19,6003.824,2000,5593.823,6359.405,2000,6282.493,5189.882,2000,6293.943,5698.278,2000,5604.834,6080.201,2000,5669.168,5514.39,2000,6711.847,6102.486,2000,5769.739,5250.122,2000,6018.05,5919.456,2000,6338.677,5181.332,2000,6097.957,5796.01,2000,5559.884,5924.779,2000,6002.922,5584.86,2000,6002.938,5567.817,2000,6323.843,5164.999,2000,6197.124,5418.871,2000,6668.424,5614.263,2000,6718.014
6267.7,2000,6326.098,5902.876,2000,5557.387,6403.983,2000,6191.977,6003.411,2000,5593.963,6359.037,2000,6282.259,5190.174,2000,6293.621,5697.906,2000,5605.062,6079.775,2000,5669.258,5514.401,2000,6711.412,6102.053,2000,5769.783,5250.444,2000,6017.756,5919.22,2000,6338.311,5181.64,2000,6097.648,5795.632,2000,5560.102,5924.411,2000,6002.689,5584.795,2000,6002.507,5567.803,2000,6323.409,5165.271,2000,6196.783,5418.896,2000,6667.989,5614.255,2000,6717.578
6266.665,2000,6325.396,5901.747,2000,5557.925,6402.906,2000,6191.341,6002.229,2000,5594.371,6357.98,2000,6281.59,5191.044,2000,6292.721,5696.861,2000,5605.75,6078.551,2000,5669.515,5514.429,2000,6710.161,6100.813,2000,5769.95,5251.352,2000,6016.896,5918.541,2000,6337.26,5182.509,2000,6096.749,5794.555,2000,5560.737,5923.354,2000,6002.02,5584.609,2000,6001.27,5567.761,2000,6322.163,5166.019,2000,6195.78,5418.974,2000,6666.741,5614.249,2000,6716.327
6266.179,2000,6325.053,5901.215,2000,5558.191,6402.388,2000,6191.049,6001.667,2000,5594.567,6357.478,2000,6281.272,5191.443,2000,6292.281,5696.376,2000,5606.092,6077.97,2000,5669.642,5514.447,2000,6709.567,6100.222,2000,5770.01,5251.785,2000,6016.488,5918.219,2000,6336.76,5182.919,2000,6096.318,5794.054,2000,5561.056,5922.852,2000,6001.701,5584.52,2000,6000.682,5567.741,2000,6321.571,5166.389,2000,6195.315,5419.022,2000,6666.148,5614.236,2000,6715.733
6265.547,2000,6324.613,5900.529,2000,5558.541,6401.721,2000,6190.665,6000.942,2000,5594.827,6356.828,2000,6280.859,5191.941,2000,6291.693,5695.762,2000,5606.557,6077.216,2000,5669.8,5514.446,2000,6708.797,6099.457,2000,5770.1,5252.34,2000,6015.955,5917.801,2000,6336.113,5183.455,2000,6095.765,5793.41,2000,5561.479,5922.203,2000,6001.288,5584.404,2000,5999.921,5567.714,2000,6320.803,5166.889,2000,6194.729,5419.083,2000,6665.381,5614.244,2000,6714.963
6264.592,2000,6323.962,5899.501,2000,5559.069,6400.725,2000,6190.078,5999.854,2000,5595.215,6355.853,2000,6280.239,5192.659,2000,6290.788,5694.847,2000,5607.263,6076.088,2000,5670.051,5514.407,2000,6707.642,6098.312,2000,5770.253,5253.169,2000,6015.149,5917.175,2000,6335.142,5184.26,2000,6094.936,5792.446,2000,5562.117,5921.229,2000,6000.666,5584.23,2000,5998.778,5567.674,2000,6319.651,5167.663,2000,6193.871,5419.137,2000,6664.227,5614.293,2000,6713.808
6263.746,2000,6323.38,5898.589,2000,5559.541,6399.838,2000,6189.559,5998.888,2000,5595.565,6354.986,2000,6279.688,5193.307,2000,6289.99,5694.039,2000,5607.897,6075.086,2000,5670.278,5514.405,2000,6706.615,6097.293,2000,5770.391,5253.908,2000,6014.436,5916.619,2000,6334.278,5184.982,2000,6094.206,5791.594,2000,5562.69,5920.363,2000,6000.111,5584.074,2000,5997.763,5567.637,2000,6318.627,5168.34,2000,6193.099,5419.167,2000,6663.2,5614.304,2000,6712.781
6262.867,2000,6322.777,5897.644,2000,5560.034,6398.919,2000,6189.019,5997.887,2000,5595.931,6354.087,2000,6279.115,5193.973,2000,6289.158,5693.202,2000,5608.558,6074.047,2000,5670.517,5514.43,2000,6705.549,6096.238,2000,5770.539,5254.679,2000,6013.699,5916.042,2000,6333.381,5185.729,2000,6093.445,5790.711,2000,5563.288,5919.466,2000,5999.536,5583.912,2000,5996.709,5567.599,2000,6317.564,5169.05,2000,6192.303,5419.219,2000,6662.135,5614.28,2000,6711.715
6262.246,2000,6322.339,5896.973,2000,5560.389,6398.26,2000,6188.642,5997.174,2000,5596.193,6353.447,2000,6278.707,5194.439,2000,6288.558,5692.618,2000,5609.043,6073.306,2000,5670.683,5514.445,2000,6704.79,6095.482,2000,5770.621,5255.231,2000,6013.178,5915.631,2000,6332.742,5186.267,2000,6092.908,5790.087,2000,5563.721,5918.828,2000,5999.124,5583.796,2000,5995.958,5567.571,2000,6316.807,5169.553,2000,6191.734,5419.279,2000,6661.377,5614.263,2000,6710.956
6261.015,2000,6321.498,5895.654,2000,5561.086,6396.978,2000,6187.88,5995.774,2000,5596.707,6352.19,2000,6277.904,5195.394,2000,6287.412,5691.447,2000,5609.967,6071.85,2000,5671.005,5514.489,2000,6703.299,6094.006,2000,5770.83,5256.308,2000,6012.147,5914.825,2000,6331.487,5187.314,2000,6091.847,5788.862,2000,5564.57,5917.576,2000,5998.314,5583.566,2000,5994.485,5567.516,2000,6315.32,5170.502,2000,6190.584,5419.366,2000,6659.889,5614.25,2000,6709.464
6260.043,2000,6320.825,5894.61,2000,5561.639,6395.959,2000,6187.281,5994.664,2000,5597.112,6351.195,2000,6277.268,5196.179,2000,6286.529,5690.525,2000,5610.706,6070.699,2000,5671.271,5514.486,2000,6702.118,6092.834,2000,5770.981,5257.16,2000,6011.329,5914.187,2000,6330.493,5188.132,2000,6090.995,5787.886,2000,5565.236,5916.585,2000,5997.671,5583.384,2000,5993.318,5567.472,2000,6314.141,5171.224,2000,6189.649,5419.449,2000,6658.71,5614.278,2000,6708.283
6259.05,2000,6320.137,5893.54,2000,5562.199,6394.919,2000,6186.668,5993.531,2000,5597.53,6350.177,2000,6276.616,5196.952,2000,6285.601,5689.578,2000,5611.455,6069.521,2000,5671.537,5514.443,2000,6700.91,6091.637,2000,5771.143,5258.023,2000,6010.483,5913.535,2000,6329.476,5188.957,2000,6090.112,5786.889,2000,5565.919,5915.572,2000,5997.012,5583.196,2000,5992.125,5567.425,2000,6312.936,5171.993,2000,6188.717,5419.509,2000,6657.503,5614.347,2000,6707.077
6258.208,2000,6319.548,5892.629,2000,5562.679,6394.031,2000,6186.148,5992.564,2000,5597.881,6349.312,2000,6276.061,5197.583,2000,6284.789,5688.775,2000,5612.098,6068.518,2000,5671.763,5514.44,2000,6699.882,6090.616,2000,5771.267,5258.753,2000,6009.758,5912.98,2000,6328.61,5189.667,2000,6089.368,5786.04,2000,5566.499,5914.711,2000,5996.449,5583.036,2000,5991.109,5567.385,2000,6311.91,5172.671,2000,6187.944,5419.544,2000,6656.476,5614.371,2000,6706.049
6256.96,2000,6318.69,5891.286,2000,5563.377,6392.732,2000,6185.371,5991.142,2000,5598.401,6348.038,2000,6275.243,5198.552,2000,6283.625,5687.575,2000,5613.021,6067.041,2000,5672.093,5514.485,2000,6698.369,6089.118,2000,5771.482,5259.825,2000,6008.69,5912.165,2000,6327.335,5190.716,2000,6088.277,5784.787,2000,5567.348,5913.445,2000,5995.619,5582.798,2000,5989.614,5567.326,2000,6310.399,5173.631,2000,6186.773,5419.607,2000,6654.963,5614.357,2000,6704.535
6256.075,2000,6318.063,5890.325,2000,5563.879,6391.794,2000,6184.827,5990.121,2000,5598.768,6347.126,2000,6274.655,5199.218,2000,6282.77,5686.729,2000,5613.701,6065.982,2000,5672.329,5514.508,2000,6697.284,6088.04,2000,5771.601,5260.603,2000,6007.934,5911.58,2000,6326.421,5191.442,2000,6087.471,5783.888,2000,5567.956,5912.539,2000,5995.022,5582.627,2000,5988.542,5567.282,2000,6309.317,5174.347,2000,6185.958,5419.688,2000,6653.881,5614.339,2000,6703.451
6254.761,2000,6317.149,5888.901,2000,5564.612,6390.418,2000,6184.008,5988.615,2000,5599.311,6345.78,2000,6273.788,5200.243,2000,6281.539,5685.462,2000,5614.68,6064.416,2000,5672.664,5514.555,2000,6695.684,6086.452,2000,5771.806,5261.718,2000,6006.785,5910.718,2000,6325.072,5192.475,2000,6086.247,5782.563,2000,5568.854,5911.203,2000,5994.14,5582.373,2000,5986.961,5567.217,2000,6307.719,5175.362,2000,6184.72,5419.788,2000,6652.283,5614.319,2000,6701.85
6253.751,2000,6316.436,5887.803,2000,5565.18,6389.353,2000,6183.382,5987.449,2000,5599.721,6344.742,2000,6273.117,5201.064,2000,6280.616,5684.49,2000,5615.443,6063.208,2000,5672.926,5514.551,2000,6694.448,6085.223,2000,5771.936,5262.565,2000,6005.885,5910.053,2000,6324.03,5193.24,2000,6085.276,5781.535,2000,5569.541,5910.174,2000,5993.456,5582.175,2000,5985.741,5567.166,2000,6306.485,5176.115,2000,6183.739,5419.88,2000,6651.051,5614.344,2000,6700.614
6252,2000,6315.229,5885.906,2000,5566.14,6387.534,2000,6182.281,5985.446,2000,5600.434,6342.956,2000,6271.963,5202.424,2000,6278.981,5682.785,2000,5616.713,6061.128,2000,5673.367,5514.475,2000,6692.323,6083.117,2000,5772.229,5263.973,2000,6004.291,5908.91,2000,6322.237,5194.501,2000,6083.564,5779.762,2000,5570.714,5908.404,2000,5992.277,5581.835,2000,5983.643,5567.077,2000,6304.362,5177.463,2000,6182.096,5419.969,2000,6648.926,5614.456,2000,6698.491
6251.613,2000,6314.943,5885.478,2000,5566.36,6387.114,2000,6182.045,5984.99,2000,5600.59,6342.552,2000,6271.701,5202.72,2000,6278.602,5682.408,2000,5617.013,6060.655,2000,5673.46,5514.474,2000,6691.841,6082.638,2000,5772.28,5264.303,2000,6003.94,5908.651,2000,6321.831,5194.774,2000,6083.167,5779.363,2000,5570.985,5908.003,2000,5992.009,5581.758,2000,5983.167,5567.057,2000,6303.881,5177.781,2000,6181.733,5420.004,2000,6648.446,5614.466,2000,6698.009
6250.073,2000,6313.87,5883.803,2000,5567.207,6385.509,2000,6181.073,5983.216,2000,5601.2,6340.978,2000,6270.68,5203.887,2000,6277.132,5680.909,2000,5618.143,6058.817,2000,5673.839,5514.529,2000,6689.965,6080.774,2000,5772.497,5265.545,2000,6002.534,5907.645,2000,6320.248,5195.887,2000,6081.656,5777.8,2000,5572.024,5906.446,2000,5990.963,5581.454,2000,5981.315,5566.976,2000,6302.008,5178.971,2000,6180.283,5420.083,2000,6646.571,5614.442,2000,6696.133
6248.846,2000,6313.006,5882.461,2000,5567.879,6384.221,2000,6180.303,5981.797,2000,5601.688,6339.72,2000,6269.86,5204.786,2000,6275.931,5679.71,2000,5619.045,6057.348,2000,5674.143,5514.556,2000,6688.465,6079.282,2000,5772.66,5266.517,2000,6001.391,5906.839,2000,6318.981,5196.816,2000,6080.478,5776.541,2000,5572.84,5905.202,2000,5990.124,5581.209,2000,5979.834,5566.91,2000,6300.509,5179.895,2000,6179.1,5420.186,2000,6645.074,5614.428,2000,6694.632
6247.628,2000,6312.108,5881.107,2000,5568.555,6382.908,2000,6179.551,5980.363,2000,5602.172,6338.454,2000,6269.032,5205.732,2000,6274.75,5678.522,2000,5619.983,6055.86,2000,5674.421,5514.601,2000,6686.953,6077.773,2000,5772.775,5267.535,2000,6000.271,5906.029,2000,6317.704,5197.792,2000,6079.321,5775.279,2000,5573.676,5903.949,2000,5989.275,5580.961,2000,5978.342,5566.842,2000,6298.999,5180.787,2000,6177.878,5420.315,2000,6643.566,5614.373,2000,6693.12
6246.328,2000,6311.151,5879.663,2000,5569.275,6381.534,2000,6178.703,5978.831,2000,5602.678,6337.074,2000,6268.194,5206.699,2000,6273.457,5677.253,2000,5620.98,6054.271,2000,5674.7,5514.595,2000,6685.338,6076.161,2000,5772.855,5268.653,2000,5999.107,5905.165,2000,6316.34,5198.865,2000,6078.115,5773.938,2000,5574.573,5902.615,2000,5988.366,5580.695,2000,5976.75,5566.769,2000,6297.387,5181.78,2000,6176.606,5420.457,2000,6641.958,5614.367,2000,6691.505
6244.912,2000,6310.144,5878.106,2000,5570.047,6380.086,2000,6177.743,5977.178,2000,5603.215,6335.561,2000,6267.341,5207.694,2000,6272.033,5675.884,2000,5622.051,6052.556,2000,5674.983,5514.533,2000,6683.602,6074.425,2000,5772.938,5269.868,2000,5997.865,5904.235,2000,6314.872,5199.977,2000,6076.78,5772.49,2000,5575.534,5901.18,2000,5987.387,5580.407,2000,5975.036,5566.689,2000,6295.652,5182.894,2000,6175.272,5420.58,2000,6640.225,5614.418,2000,6689.769
6244.184,2000,6309.613,5877.298,2000,5570.446,6379.319,2000,6177.27,5976.319,2000,5603.488,6334.791,2000,6266.873,5208.234,2000,6271.311,5675.182,2000,5622.616,6051.665,2000,5675.12,5514.53,2000,6682.701,6073.524,2000,5772.952,5270.499,2000,5997.221,5903.753,2000,6314.11,5200.531,2000,6076.069,5771.742,2000,5576.037,5900.437,2000,5986.876,5580.257,2000,5974.147,5566.647,2000,6294.752,5183.449,2000,6174.562,5420.653,2000,6639.327,5614.415,2000,6688.867
6242.449,2000,6308.393,5875.391,2000,5571.376,6377.479,2000,6176.215,5974.295,2000,5604.122,6333.015,2000,6265.713,5209.56,2000,6269.655,5673.493,2000,5623.898,6049.567,2000,5675.434,5514.592,2000,6680.581,6071.405,2000,5773.047,5271.932,2000,5995.658,5902.621,2000,6312.317,5201.78,2000,6074.354,5769.971,2000,5577.203,5898.691,2000,5985.672,5579.902,2000,5972.056,5566.547,2000,6292.634,5184.699,2000,6172.849,5420.787,2000,6637.21,5614.338,2000,6686.748
6241.122,2000,6307.411,5873.904,2000,5572.091,6376.074,2000,6175.349,5972.718,2000,5604.608,6331.604,2000,6264.856,5210.633,2000,6268.401,5672.176,2000,5624.894,6047.936,2000,5675.686,5514.587,2000,6678.93,6069.755,2000,5773.093,5273.026,2000,5994.422,5901.741,2000,6310.921,5202.707,2000,6072.989,5768.583,2000,5578.097,5897.335,2000,5984.731,5579.623,2000,5970.429,5566.467,2000,6290.986,5185.627,2000,6171.484,5420.929,2000,6635.565,5614.332,2000,6685.097
6239.206,2000,6306.09,5871.794,2000,5573.073,6374.135,2000,6174.063,5970.496,2000,5605.297,6329.577,2000,6263.713,5212.087,2000,6266.585,5670.274,2000,5626.235,6045.626,2000,5675.964,5514.503,2000,6676.604,6067.432,2000,5773.234,5274.512,2000,5992.631,5900.5,2000,6308.953,5203.951,2000,6071.022,5766.597,2000,5579.309,5895.424,2000,5983.403,5579.229,2000,5968.136,5566.354,2000,6288.662,5186.999,2000,6169.604,5421.052,2000,6633.242,5614.4,2000,6682.771
6238.73,2000,6305.784,5871.279,2000,5573.306,6373.654,2000,6173.766,5969.952,2000,5605.453,6329.093,2000,6263.42,5212.426,2000,6266.132,5669.802,2000,5626.545,6045.063,2000,5676.014,5514.501,2000,6676.039,6066.869,2000,5773.287,5274.858,2000,5992.184,5900.198,2000,6308.474,5204.269,2000,6070.555,5766.107,2000,5579.593,5894.961,2000,5983.079,5579.133,2000,5967.579,5566.326,2000,6288.098,5187.328,2000,6169.145,5421.064,2000,6632.676,5614.398,2000,6682.206
6236.633,2000,6304.531,5869.03,2000,5574.262,6371.565,2000,6172.498,5967.588,2000,5606.072,6327.048,2000,6262.083,5213.845,2000,6264.144,5667.717,2000,5627.82,6042.623,2000,5676.147,5514.522,2000,6673.596,6064.445,2000,5773.594,5276.292,2000,5990.205,5898.897,2000,6306.406,5205.707,2000,6068.58,5763.967,2000,5580.771,5892.961,2000,5981.675,5578.715,2000,5965.171,5566.203,2000,6285.658,5188.747,2000,6167.155,5421.058,2000,6630.233,5614.389,2000,6679.762
6235.532,2000,6303.921,5867.862,2000,5574.729,6370.511,2000,6171.811,5966.362,2000,5606.357,6326.018,2000,6261.361,5214.575,2000,6263.119,5666.623,2000,5628.441,6041.365,2000,5676.175,5514.519,2000,6672.337,6063.203,2000,5773.793,5277.034,2000,5989.189,5898.228,2000,6305.34,5206.442,2000,6067.559,5762.849,2000,5581.348,5891.933,2000,5980.95,5578.499,2000,5963.932,5566.139,2000,6284.401,5189.483,2000,6166.135,5421.07,2000,6628.975,5614.398,2000,6678.504
6233.603,2000,6302.934,5865.829,2000,5575.478,6368.736,2000,6170.569,5964.239,2000,5606.79,6324.204,2000,6260.176,5215.842,2000,6261.361,5664.705,2000,5629.449,6039.201,2000,5676.294,5514.538,2000,6670.171,6061.053,2000,5774.065,5278.302,2000,5987.432,5897.077,2000,6303.504,5207.716,2000,6065.806,5760.896,2000,5582.288,5890.164,2000,5979.698,5578.124,2000,5961.797,5566.026,2000,6282.238,5190.745,2000,6164.374,5421.065,2000,6626.808,5614.391,2000,6676.337
6232.734,2000,6302.453,5864.887,2000,5575.795,6367.903,2000,6170.026,5963.266,2000,5606.992,6323.354,2000,6259.66,5216.419,2000,6260.552,5663.811,2000,5629.882,6038.211,2000,5676.381,5514.535,2000,6669.177,6060.064,2000,5774.158,5278.888,2000,5986.63,5896.55,2000,6302.662,5208.297,2000,6065,5759.989,2000,5582.692,5889.354,2000,5979.123,5577.952,2000,5960.819,5565.975,2000,6281.246,5191.328,2000,6163.569,5421.076,2000,6625.814,5614.398,2000,6675.344
6232.042,2000,6302.039,5864.12,2000,5576.043,6367.214,2000,6169.608,5962.477,2000,5607.158,6322.664,2000,6259.244,5216.891,2000,6259.898,5663.076,2000,5630.213,6037.411,2000,5676.478,5514.542,2000,6668.371,6059.261,2000,5774.226,5279.361,2000,5985.977,5896.122,2000,6301.978,5208.772,2000,6064.349,5759.243,2000,5582.999,5888.697,2000,5978.655,5577.812,2000,5960.025,5565.932,2000,6280.44,5191.798,2000,6162.914,5421.076,2000,6625.008,5614.396,2000,6674.538
6230.359,2000,6301.023,5862.242,2000,5576.623,6365.53,2000,6168.595,5960.557,2000,5607.581,6320.98,2000,6258.23,5218.037,2000,6258.301,5661.259,2000,5630.965,6035.466,2000,5676.763,5514.539,2000,6666.405,6057.309,2000,5774.456,5280.521,2000,5984.39,5895.08,2000,6300.312,5209.923,2000,6062.755,5757.41,2000,5583.708,5887.099,2000,5977.511,5577.468,2000,5958.089,5565.827,2000,6278.478,5192.952,2000,6161.323,5421.095,2000,6623.042,5614.412,2000,6672.572
6229.193,2000,6300.319,5860.938,2000,5577.017,6364.363,2000,6167.893,5959.229,2000,5607.881,6319.814,2000,6257.527,5218.836,2000,6257.199,5659.991,2000,5631.459,6034.124,2000,5676.988,5514.551,2000,6665.044,6055.961,2000,5774.65,5281.32,2000,5983.288,5894.358,2000,6299.157,5210.725,2000,6061.655,5756.129,2000,5584.171,5885.993,2000,5976.717,5577.229,2000,5956.749,5565.754,2000,6277.118,5193.748,2000,6160.219,5421.094,2000,6621.681,5614.408,2000,6671.21
6228.264,2000,6299.756,5859.896,2000,5577.323,6363.433,2000,6167.333,5958.171,2000,5608.129,6318.884,2000,6256.966,5219.47,2000,6256.316,5658.97,2000,5631.832,6033.055,2000,5677.186,5514.549,2000,6663.957,6054.889,2000,5774.827,5281.962,2000,5982.411,5893.783,2000,6298.235,5211.362,2000,6060.775,5755.103,2000,5584.527,5885.111,2000,5976.082,5577.038,2000,5955.679,5565.695,2000,6276.033,5194.387,2000,6159.34,5421.106,2000,6620.595,5614.417,2000,6670.124
6226.961,2000,6298.968,5858.434,2000,5577.748,6362.128,2000,6166.547,5956.69,2000,5608.483,6317.581,2000,6256.179,5220.365,2000,6255.084,5657.533,2000,5632.335,6031.561,2000,5677.482,5514.564,2000,6662.435,6053.391,2000,5775.099,5282.856,2000,5981.178,5892.978,2000,6296.943,5212.261,2000,6059.545,5753.657,2000,5585.005,5883.876,2000,5975.19,5576.769,2000,5954.181,5565.611,2000,6274.513,5195.278,2000,6158.105,5421.105,2000,6619.072,5614.414,2000,6668.601
6226.089,2000,6298.438,5857.452,2000,5578.028,6361.255,2000,6166.02,5955.699,2000,5608.725,6316.708,2000,6255.651,5220.961,2000,6254.256,5656.566,2000,5632.659,6030.563,2000,5677.691,5514.563,2000,6661.414,6052.389,2000,5775.294,5283.46,2000,5980.355,5892.438,2000,6296.077,5212.86,2000,6058.719,5752.686,2000,5585.318,5883.05,2000,5974.591,5576.587,2000,5953.177,5565.555,2000,6273.494,5195.879,2000,6157.28,5421.117,2000,6618.052,5614.422,2000,6667.58
6224.86,2000,6297.694,5856.07,2000,5578.42,6360.025,2000,6165.277,5954.305,2000,5609.069,6315.479,2000,6254.907,5221.806,2000,6253.094,5655.2,2000,5633.104,6029.159,2000,5677.999,5514.577,2000,6659.978,6050.982,2000,5775.584,5284.305,2000,5979.193,5891.679,2000,6294.857,5213.708,2000,6057.56,5751.314,2000,5585.745,5881.888,2000,5973.746,5576.332,2000,5951.763,5565.475,2000,6272.06,5196.72,2000,6156.116,5421.117,2000,6616.615,5614.419,2000,6666.144
6223.986,2000,6297.124,5855.075,2000,5578.736,6359.122,2000,6164.755,5953.293,2000,5609.327,6314.593,2000,6254.354,5222.392,2000,6252.23,5654.218,2000,5633.458,6028.133,2000,5678.188,5514.582,2000,6658.934,6049.967,2000,5775.829,5284.946,2000,5978.37,5891.128,2000,6293.971,5214.349,2000,6056.736,5750.328,2000,5586.087,5881.045,2000,5973.131,5576.145,2000,5950.736,5565.416,2000,6271.018,5197.341,2000,6155.277,5421.151,2000,6615.572,5614.39,2000,6665.101
6222.956,2000,6296.407,5853.883,2000,5579.129,6358.042,2000,6164.114,5952.076,2000,5609.634,6313.531,2000,6253.685,5223.099,2000,6251.193,5653.052,2000,5633.924,6026.904,2000,5678.447,5514.546,2000,6657.679,6048.738,2000,5776.082,5285.749,2000,5977.405,5890.465,2000,6292.904,5215.086,2000,6055.72,5749.156,2000,5586.538,5880.032,2000,5972.39,5575.92,2000,5949.501,5565.344,2000,6269.765,5198.121,2000,6154.293,5421.211,2000,6614.318,5614.396,2000,6663.845
6222.156,2000,6295.837,5852.956,2000,5579.451,6357.197,2000,6163.614,5951.128,2000,5609.887,6312.709,2000,6253.147,5223.662,2000,6250.389,5652.153,2000,5634.317,6025.94,2000,5678.629,5514.55,2000,6656.698,6047.771,2000,5776.249,5286.37,2000,5976.644,5889.947,2000,6292.07,5215.688,2000,6054.945,5748.252,2000,5586.92,5879.24,2000,5971.809,5575.744,2000,5948.535,5565.288,2000,6268.785,5198.705,2000,6153.504,5421.246,2000,6613.337,5614.368,2000,6662.864
6221.2,2000,6295.149,5851.848,2000,5579.853,6356.204,2000,6162.981,5949.989,2000,5610.189,6311.703,2000,6252.535,5224.323,2000,6249.414,5651.09,2000,5634.825,6024.782,2000,5678.845,5514.559,2000,6655.52,6046.604,2000,5776.411,5287.127,2000,5975.742,5889.326,2000,6291.069,5216.431,2000,6054.031,5747.173,2000,5587.393,5878.291,2000,5971.111,5575.531,2000,5947.376,5565.22,2000,6267.608,5199.409,2000,6152.559,5421.304,2000,6612.161,5614.333,2000,6661.687
6220.446,2000,6294.619,5850.984,2000,5580.173,6355.411,2000,6162.512,5949.099,2000,5610.427,6310.932,2000,6252.03,5224.836,2000,6248.648,5650.271,2000,5635.249,6023.871,2000,5678.984,5514.536,2000,6654.598,6045.695,2000,5776.567,5287.731,2000,5975.046,5888.84,2000,6290.286,5216.989,2000,6053.297,5746.338,2000,5587.783,5877.549,2000,5970.564,5575.365,2000,5946.47,5565.166,2000,6266.688,5199.983,2000,6151.838,5421.357,2000,6611.241,5614.337,2000,6660.765
6219.55,2000,6293.971,5849.95,2000,5580.565,6354.478,2000,6161.918,5948.028,2000,5610.703,6309.987,2000,6251.455,5225.481,2000,6247.75,5649.301,2000,5635.779,6022.772,2000,5679.115,5514.472,2000,6653.494,6044.612,2000,5776.791,5288.437,2000,5974.194,5888.258,2000,6289.346,5217.629,2000,6052.395,5745.34,2000,5588.26,5876.66,2000,5969.906,5575.165,2000,5945.382,5565.101,2000,6265.584,5200.644,2000,6150.951,5421.394,2000,6610.135,5614.377,2000,6659.66
6218.832,2000,6293.486,5849.14,2000,5580.872,6353.763,2000,6161.429,5947.187,2000,5610.91,6309.233,2000,6251.029,5226.009,2000,6247.063,5648.543,2000,5636.197,6021.917,2000,5679.246,5514.45,2000,6652.629,6043.759,2000,5776.938,5288.975,2000,5973.516,5887.802,2000,6288.61,5218.153,2000,6051.705,5744.563,2000,5588.642,5875.964,2000,5969.391,5575.007,2000,5944.531,5565.05,2000,6264.72,5201.138,2000,6150.24,5421.403,2000,6609.27,5614.38,2000,6658.794
6217.952,2000,6292.934,5848.167,2000,5581.237,6352.887,2000,6160.871,5946.181,2000,5611.171,6308.346,2000,6250.488,5226.669,2000,6246.261,5647.632,2000,5636.697,6020.894,2000,5679.43,5514.458,2000,6651.59,6042.729,2000,5777.081,5289.632,2000,5972.711,5887.255,2000,6287.726,5218.754,2000,6050.857,5743.628,2000,5589.096,5875.13,2000,5968.771,5574.818,2000,5943.509,5564.988,2000,6263.683,5201.702,2000,6149.368,5421.429,2000,6608.23,5614.35,2000,6657.755
6217.251,2000,6292.524,5847.408,2000,5581.526,6352.188,2000,6160.458,5945.397,2000,5611.381,6307.667,2000,6250.043,5227.165,2000,6245.617,5646.921,2000,5637.09,6020.093,2000,5679.563,5514.46,2000,6650.778,6041.922,2000,5777.166,5290.136,2000,5972.075,5886.828,2000,6287.036,5219.202,2000,6050.18,5742.899,2000,5589.453,5874.479,2000,5968.286,5574.67,2000,5942.711,5564.94,2000,6262.873,5202.166,2000,6148.701,5421.472,2000,6607.42,5614.325,2000,6656.944
6216.392,2000,6292.06,5846.496,2000,5581.875,6351.356,2000,6159.946,5944.453,2000,5611.631,6306.867,2000,6249.482,5227.734,2000,6244.824,5646.064,2000,5637.558,6019.129,2000,5679.717,5514.473,2000,6649.802,6040.948,2000,5777.237,5290.722,2000,5971.293,5886.314,2000,6286.205,5219.713,2000,6049.348,5742.022,2000,5589.882,5873.697,2000,5967.702,5574.491,2000,5941.751,5564.881,2000,6261.898,5202.749,2000,6147.918,5421.517,2000,6606.444,5614.297,2000,6655.968
6215.71,2000,6291.72,5845.785,2000,5582.148,6350.721,2000,6159.526,5943.716,2000,5611.824,6306.23,2000,6249.064,5228.158,2000,6244.191,5645.397,2000,5637.926,6018.373,2000,5679.813,5514.481,2000,6649.04,6040.19,2000,5777.317,5291.172,2000,5970.679,5885.914,2000,6285.556,5220.134,2000,6048.713,5741.338,2000,5590.218,5873.087,2000,5967.246,5574.351,2000,5941.002,5564.835,2000,6261.138,5203.183,2000,6147.292,5421.561,2000,6605.684,5614.275,2000,6655.206
6214.903,2000,6291.284,5844.927,2000,5582.475,6349.972,2000,6158.995,5942.825,2000,5612.045,6305.446,2000,6248.587,5228.657,2000,6243.421,5644.591,2000,5638.365,6017.459,2000,5679.898,5514.461,2000,6648.123,6039.282,2000,5777.443,5291.723,2000,5969.945,5885.432,2000,6284.775,5220.665,2000,6047.964,5740.514,2000,5590.621,5872.353,2000,5966.695,5574.182,2000,5940.1,5564.779,2000,6260.222,5203.701,2000,6146.535,5421.608,2000,6604.767,5614.28,2000,6654.289
6214.214,2000,6290.882,5844.181,2000,5582.756,6349.307,2000,6158.555,5942.048,2000,5612.228,6304.775,2000,6248.156,5229.082,2000,6242.746,5643.894,2000,5638.751,6016.663,2000,5679.947,5514.47,2000,6647.325,6038.496,2000,5777.578,5292.222,2000,5969.322,5885.013,2000,6284.097,5221.147,2000,6047.329,5739.798,2000,5590.973,5871.714,2000,5966.216,5574.035,2000,5939.316,5564.731,2000,6259.425,5204.158,2000,6145.881,5421.644,2000,6603.97,5614.257,2000,6653.491
6213.557,2000,6290.47,5843.454,2000,5583.027,6348.646,2000,6158.149,5941.291,2000,5612.395,6304.123,2000,6247.736,5229.498,2000,6242.091,5643.215,2000,5639.127,6015.891,2000,5680.019,5514.453,2000,6646.549,6037.727,2000,5777.685,5292.717,2000,5968.726,5884.605,2000,6283.437,5221.631,2000,6046.723,5739.103,2000,5591.316,5871.095,2000,5965.75,5573.892,2000,5938.554,5564.683,2000,6258.651,5204.607,2000,6145.249,5421.692,2000,6603.196,5614.261,2000,6652.715
6212.933,2000,6290.048,5842.747,2000,5583.287,6348,2000,6157.763,5940.557,2000,5612.564,6303.49,2000,6247.328,5229.922,2000,6241.469,5642.556,2000,5639.491,6015.144,2000,5680.114,5514.412,2000,6645.797,6036.978,2000,5777.764,5293.206,2000,5968.152,5884.21,2000,6282.795,5222.081,2000,6046.119,5738.427,2000,5591.648,5870.494,2000,5965.297,5573.752,2000,5937.814,5564.637,2000,6257.899,5205.022,2000,6144.621,5421.726,2000,6602.444,5614.289,2000,6651.963
6212.346,2000,6289.624,5842.068,2000,5583.538,6347.378,2000,6157.391,5939.853,2000,5612.734,6302.884,2000,6246.931,5230.35,2000,6240.884,5641.921,2000,5639.841,6014.425,2000,5680.209,5514.396,2000,6645.073,6036.255,2000,5777.816,5293.666,2000,5967.593,5883.831,2000,6282.179,5222.494,2000,6045.524,5737.776,2000,5591.967,5869.916,2000,5964.86,5573.619,2000,5937.102,5564.592,2000,6257.176,5205.402,2000,6144.003,5421.748,2000,6601.72,5614.292,2000,6651.238
6211.884,2000,6289.274,5841.525,2000,5583.741,6346.891,2000,6157.078,5939.291,2000,5612.87,6302.39,2000,6246.63,5230.676,2000,6240.405,5641.414,2000,5640.121,6013.85,2000,5680.277,5514.402,2000,6644.494,6035.677,2000,5777.839,5294.029,2000,5967.143,5883.527,2000,6281.686,5222.809,2000,6045.038,5737.257,2000,5592.223,5869.454,2000,5964.511,5573.511,2000,5936.533,5564.556,2000,6256.598,5205.722,2000,6143.521,5421.78,2000,6601.142,5614.276,2000,6650.66
6211.221,2000,6288.802,5840.762,2000,5584.026,6346.221,2000,6156.615,5938.499,2000,5613.06,6301.68,2000,6246.229,5231.113,2000,6239.718,5640.698,2000,5640.51,6013.039,2000,5680.347,5514.414,2000,6643.68,6034.864,2000,5777.898,5294.521,2000,5966.493,5883.1,2000,6280.992,5223.229,2000,6044.34,5736.525,2000,5592.581,5868.804,2000,5964.02,5573.36,2000,5935.733,5564.505,2000,6255.785,5206.193,2000,6142.856,5421.829,2000,6600.329,5614.248,2000,6649.846
6210.726,2000,6288.473,5840.207,2000,5584.235,6345.721,2000,6156.293,5937.919,2000,5613.191,6301.173,2000,6245.92,5231.423,2000,6239.211,5640.18,2000,5640.799,6012.446,2000,5680.379,5514.423,2000,6643.086,6034.274,2000,5777.96,5294.888,2000,5966.026,5882.789,2000,6280.486,5223.519,2000,6043.822,5735.995,2000,5592.846,5868.332,2000,5963.661,5573.249,2000,5935.15,5564.468,2000,6255.193,5206.552,2000,6142.383,5421.877,2000,6599.737,5614.217,2000,6649.253
6210.12,2000,6288.099,5839.539,2000,5584.484,6345.109,2000,6155.928,5937.223,2000,5613.343,6300.577,2000,6245.53,5231.815,2000,6238.616,5639.556,2000,5641.145,6011.733,2000,5680.394,5514.41,2000,6642.374,6033.568,2000,5778.059,5295.316,2000,5965.456,5882.416,2000,6279.879,5223.887,2000,6043.212,5735.357,2000,5593.165,5867.764,2000,5963.229,5573.116,2000,5934.45,5564.423,2000,6254.481,5206.965,2000,6141.802,5421.933,2000,6599.026,5614.204,2000,6648.541
6209.581,2000,6287.79,5838.956,2000,5584.699,6344.574,2000,6155.612,5936.615,2000,5613.469,6300.069,2000,6245.173,5232.173,2000,6238.109,5639.013,2000,5641.445,6011.113,2000,5680.427,5514.379,2000,6641.753,6032.95,2000,5778.124,5295.698,2000,5964.966,5882.09,2000,6279.35,5224.224,2000,6042.691,5734.801,2000,5593.442,5867.27,2000,5962.854,5573,2000,5933.84,5564.384,2000,6253.862,5207.308,2000,6141.284,5421.975,2000,6598.407,5614.213,2000,6647.919
6209.068,2000,6287.473,5838.39,2000,5584.907,6344.059,2000,6155.3,5936.026,2000,5613.596,6299.564,2000,6244.843,5232.537,2000,6237.628,5638.485,2000,5641.736,6010.513,2000,5680.479,5514.368,2000,6641.151,6032.349,2000,5778.167,5296.074,2000,5964.496,5881.775,2000,6278.836,5224.568,2000,6042.196,5734.262,2000,5593.71,5866.791,2000,5962.488,5572.887,2000,5933.248,5564.346,2000,6253.26,5207.624,2000,6140.771,5422.01,2000,6597.805,5614.202,2000,6647.317
6208.582,2000,6287.149,5837.841,2000,5585.108,6343.569,2000,6154.981,5935.455,2000,5613.723,6299.065,2000,6244.539,5232.875,2000,6237.151,5637.973,2000,5642.018,6009.931,2000,5680.536,5514.377,2000,6640.566,6031.765,2000,5778.191,5296.445,2000,5964.043,5881.469,2000,6278.338,5224.917,2000,6041.728,5733.738,2000,5593.97,5866.326,2000,5962.133,5572.778,2000,5932.674,5564.309,2000,6252.677,5207.946,2000,6140.283,5422.051,2000,6597.222,5614.171,2000,6646.733
6208.123,2000,6286.822,5837.313,2000,5585.304,6343.086,2000,6154.689,5934.905,2000,5613.848,6298.593,2000,6244.23,5233.185,2000,6236.68,5637.478,2000,5642.288,6009.37,2000,5680.587,5514.367,2000,6640.003,6031.201,2000,5778.195,5296.808,2000,5963.612,5881.174,2000,6277.858,5225.269,2000,6041.287,5733.232,2000,5594.22,5865.878,2000,5961.791,5572.672,2000,5932.12,5564.272,2000,6252.114,5208.272,2000,6139.823,5422.097,2000,6596.66,5614.161,2000,6646.169
6207.748,2000,6286.573,5836.891,2000,5585.46,6342.71,2000,6154.444,5934.464,2000,5613.933,6298.209,2000,6243.996,5233.419,2000,6236.297,5637.083,2000,5642.503,6008.924,2000,5680.643,5514.344,2000,6639.554,6030.752,2000,5778.183,5297.102,2000,5963.271,5880.939,2000,6277.475,5225.538,2000,6040.926,5732.83,2000,5594.42,5865.521,2000,5961.518,5572.587,2000,5931.679,5564.244,2000,6251.666,5208.544,2000,6139.465,5422.132,2000,6596.212,5614.167,2000,6645.72
6207.211,2000,6286.242,5836.297,2000,5585.673,6342.193,2000,6154.083,5933.841,2000,5614.031,6297.66,2000,6243.686,5233.766,2000,6235.77,5636.528,2000,5642.802,6008.296,2000,5680.701,5514.333,2000,6638.924,6030.121,2000,5778.188,5297.506,2000,5962.788,5880.609,2000,6276.938,5225.897,2000,6040.409,5732.264,2000,5594.699,5865.021,2000,5961.134,5572.469,2000,5931.059,5564.203,2000,6251.036,5208.909,2000,6138.951,5422.168,2000,6595.583,5614.155,2000,6645.09
6206.845,2000,6286.031,5835.899,2000,5585.814,6341.839,2000,6153.853,5933.422,2000,5614.084,6297.299,2000,6243.466,5234.01,2000,6235.425,5636.156,2000,5643.003,6007.874,2000,5680.726,5514.339,2000,6638.501,6029.699,2000,5778.204,5297.777,2000,5962.463,5880.388,2000,6276.577,5226.127,2000,6040.054,5731.886,2000,5594.886,5864.686,2000,5960.876,5572.389,2000,5930.644,5564.176,2000,6250.615,5209.142,2000,6138.599,5422.203,2000,6595.162,5614.133,2000,6644.668
6206.323,2000,6285.754,5835.338,2000,5586.004,6341.333,2000,6153.546,5932.833,2000,5614.138,6296.804,2000,6243.142,5234.367,2000,6234.953,5635.634,2000,5643.281,6007.282,2000,5680.741,5514.328,2000,6637.91,6029.109,2000,5778.247,5298.146,2000,5962,5880.079,2000,6276.073,5226.432,2000,6039.547,5731.353,2000,5595.145,5864.217,2000,5960.516,5572.277,2000,5930.063,5564.137,2000,6250.024,5209.452,2000,6138.095,5422.251,2000,6594.572,5614.122,2000,6644.076
6205.891,2000,6285.506,5834.866,2000,5586.161,6340.903,2000,6153.294,5932.335,2000,5614.167,6296.384,2000,6242.875,5234.654,2000,6234.546,5635.194,2000,5643.514,6006.784,2000,5680.737,5514.303,2000,6637.412,6028.614,2000,5778.299,5298.455,2000,5961.61,5879.819,2000,6275.648,5226.675,2000,6039.113,5730.904,2000,5595.361,5863.822,2000,5960.212,5572.183,2000,5929.574,5564.105,2000,6249.527,5209.727,2000,6137.679,5422.29,2000,6594.075,5614.129,2000,6643.578
6205.557,2000,6285.3,5834.493,2000,5586.283,6340.563,2000,6153.099,5931.943,2000,5614.178,6296.056,2000,6242.661,5234.87,2000,6234.219,5634.847,2000,5643.697,6006.393,2000,5680.722,5514.296,2000,6637.02,6028.226,2000,5778.353,5298.698,2000,5961.302,5879.614,2000,6275.313,5226.877,2000,6038.777,5730.551,2000,5595.532,5863.511,2000,5959.973,5572.109,2000,5929.189,5564.08,2000,6249.136,5209.949,2000,6137.356,5422.319,2000,6593.684,5614.122,2000,6643.186
6205.124,2000,6285.012,5833.997,2000,5586.438,6340.114,2000,6152.836,5931.423,2000,5614.174,6295.62,2000,6242.377,5235.142,2000,6233.775,5634.386,2000,5643.938,6005.873,2000,5680.718,5514.304,2000,6636.5,6027.708,2000,5778.408,5299.02,2000,5960.893,5879.342,2000,6274.87,5227.16,2000,6038.34,5730.082,2000,5595.755,5863.099,2000,5959.655,5572.011,2000,5928.678,5564.045,2000,6248.617,5210.242,2000,6136.926,5422.358,2000,6593.166,5614.095,2000,6642.667
6204.831,2000,6284.819,5833.659,2000,5586.531,6339.817,2000,6152.649,5931.073,2000,5614.161,6295.32,2000,6242.195,5235.335,2000,6233.482,5634.07,2000,5644.091,6005.522,2000,5680.728,5514.297,2000,6636.149,6027.358,2000,5778.433,5299.227,2000,5960.61,5879.159,2000,6274.571,5227.36,2000,6038.052,5729.76,2000,5595.895,5862.822,2000,5959.44,5571.944,2000,5928.334,5564.022,2000,6248.268,5210.43,2000,6136.63,5422.373,2000,6592.815,5614.088,2000,6642.316
6204.163,2000,6284.41,5832.897,2000,5586.715,6339.169,2000,6152.21,5930.292,2000,5614.104,6294.637,2000,6241.812,5235.753,2000,6232.82,5633.354,2000,5644.408,6004.74,2000,5680.773,5514.258,2000,6635.368,6026.576,2000,5778.464,5299.675,2000,5959.968,5878.75,2000,6273.903,5227.802,2000,6037.406,5729.033,2000,5596.184,5862.202,2000,5958.962,5571.796,2000,5927.565,5563.971,2000,6247.486,5210.869,2000,6135.982,5422.38,2000,6592.033,5614.099,2000,6641.533
6203.983,2000,6284.306,5832.693,2000,5586.757,6338.993,2000,6152.099,5930.085,2000,5614.083,6294.459,2000,6241.704,5235.871,2000,6232.648,5633.162,2000,5644.486,6004.533,2000,5680.792,5514.254,2000,6635.159,6026.368,2000,5778.474,5299.794,2000,5959.797,5878.642,2000,6273.726,5227.921,2000,6037.235,5728.837,2000,5596.254,5862.038,2000,5958.834,5571.756,2000,5927.361,5563.958,2000,6247.278,5210.98,2000,6135.806,5422.375,2000,6591.824,5614.095,2000,6641.325
6203.604,2000,6284.074,5832.256,2000,5586.833,6338.613,2000,6151.87,5929.646,2000,5614.022,6294.079,2000,6241.474,5236.132,2000,6232.289,5632.745,2000,5644.639,6004.092,2000,5680.847,5514.245,2000,6634.715,6025.926,2000,5778.508,5300.049,2000,5959.434,5878.41,2000,6273.347,5228.167,2000,6036.865,5728.415,2000,5596.391,5861.687,2000,5958.563,5571.672,2000,5926.925,5563.928,2000,6246.835,5211.204,2000,6135.423,5422.369,2000,6591.38,5614.086,2000,6640.881
6203.141,2000,6283.791,5831.718,2000,5586.908,6338.148,2000,6151.589,5929.106,2000,5613.966,6293.615,2000,6241.191,5236.437,2000,6231.84,5632.229,2000,5644.809,6003.551,2000,5680.896,5514.236,2000,6634.172,6025.386,2000,5778.568,5300.351,2000,5958.982,5878.127,2000,6272.884,5228.461,2000,6036.408,5727.893,2000,5596.541,5861.257,2000,5958.23,5571.568,2000,5926.392,5563.892,2000,6246.293,5211.494,2000,6134.963,5422.36,2000,6590.837,5614.074,2000,6640.338
6202.846,2000,6283.608,5831.373,2000,5586.944,6337.852,2000,6151.409,5928.76,2000,5613.941,6293.319,2000,6241.011,5236.623,2000,6231.547,5631.897,2000,5644.907,6003.205,2000,5680.917,5514.229,2000,6633.826,6025.04,2000,5778.597,5300.541,2000,5958.692,5877.946,2000,6272.588,5228.651,2000,6036.118,5727.556,2000,5596.626,5860.983,2000,5958.018,5571.502,2000,5926.052,5563.869,2000,6245.947,5211.685,2000,6134.674,5422.356,2000,6590.491,5614.067,2000,6639.991
6202.666,2000,6283.505,5831.166,2000,5586.965,6337.673,2000,6151.301,5928.552,2000,5613.933,6293.145,2000,6240.896,5236.736,2000,6231.373,5631.696,2000,5644.962,6002.997,2000,5680.922,5514.227,2000,6633.617,6024.832,2000,5778.607,5300.656,2000,5958.519,5877.838,2000,6272.41,5228.766,2000,6035.945,5727.353,2000,5596.67,5860.819,2000,5957.89,5571.463,2000,5925.847,5563.855,2000,6245.739,5211.798,2000,6134.5,5422.354,2000,6590.282,5614.063,2000,6639.783
6202.193,2000,6283.213,5830.613,2000,5587.016,6337.208,2000,6150.998,5927.997,2000,5613.929,6292.671,2000,6240.608,5237.037,2000,6230.906,5631.156,2000,5645.089,6002.442,2000,5680.925,5514.218,2000,6633.063,6024.277,2000,5778.618,5300.965,2000,5958.058,5877.549,2000,6271.937,5229.072,2000,6035.482,5726.807,2000,5596.773,5860.38,2000,5957.549,5571.357,2000,5925.302,5563.819,2000,6245.186,5212.104,2000,6134.036,5422.348,2000,6589.728,5614.053,2000,6639.228
6201.96,2000,6283.068,5830.34,2000,5587.042,6336.974,2000,6150.856,5927.723,2000,5613.937,6292.439,2000,6240.46,5237.187,2000,6230.676,5630.887,2000,5645.145,6002.168,2000,5680.927,5514.214,2000,6632.789,6024.003,2000,5778.617,5301.118,2000,5957.83,5877.406,2000,6271.703,5229.225,2000,6035.254,5726.537,2000,5596.82,5860.164,2000,5957.381,5571.305,2000,5925.033,5563.801,2000,6244.912,5212.254,2000,6133.807,5422.346,2000,6589.454,5614.047,2000,6638.954
6201.766,2000,6282.942,5830.109,2000,5587.067,6336.778,2000,6150.732,5927.492,2000,5613.95,6292.242,2000,6240.338,5237.313,2000,6230.481,5630.66,2000,5645.189,6001.936,2000,5680.93,5514.211,2000,6632.557,6023.771,2000,5778.616,5301.249,2000,5957.639,5877.285,2000,6271.504,5229.354,2000,6035.062,5726.308,2000,5596.857,5859.981,2000,5957.238,5571.26,2000,5924.806,5563.785,2000,6244.681,5212.382,2000,6133.613,5422.345,2000,6589.222,5614.043,2000,6638.722
6201.41,2000,6282.718,5829.691,2000,5587.116,6336.419,2000,6150.511,5927.072,2000,5613.977,6291.888,2000,6240.111,5237.544,2000,6230.13,5630.245,2000,5645.262,6001.515,2000,5680.942,5514.207,2000,6632.136,6023.351,2000,5778.618,5301.485,2000,5957.29,5877.065,2000,6271.145,5229.591,2000,6034.713,5725.893,2000,5596.923,5859.649,2000,5956.979,5571.18,2000,5924.393,5563.757,2000,6244.261,5212.614,2000,6133.262,5422.341,2000,6588.801,5614.036,2000,6638.301
6201.149,2000,6282.548,5829.382,2000,5587.152,6336.157,2000,6150.344,5926.762,2000,5614,6291.624,2000,6239.946,5237.714,2000,6229.87,5629.939,2000,5645.315,6001.204,2000,5680.953,5514.204,2000,6631.825,6023.04,2000,5778.624,5301.662,2000,5957.034,5876.903,2000,6270.879,5229.757,2000,6034.45,5725.585,2000,5596.97,5859.404,2000,5956.788,5571.12,2000,5924.087,5563.736,2000,6243.95,5212.794,2000,6133.008,5422.34,2000,6588.49,5614.032,2000,6637.99
6200.896,2000,6282.388,5829.085,2000,5587.188,6335.903,2000,6150.186,5926.463,2000,5614.023,6291.373,2000,6239.784,5237.886,2000,6229.624,5629.644,2000,5645.365,6000.905,2000,5680.966,5514.201,2000,6631.525,6022.74,2000,5778.631,5301.823,2000,5956.781,5876.747,2000,6270.624,5229.925,2000,6034.202,5725.289,2000,5597.016,5859.167,2000,5956.604,5571.063,2000,5923.793,5563.716,2000,6243.651,5212.959,2000,6132.758,5422.338,2000,6588.19,5614.027,2000,6637.69
6200.696,2000,6282.256,5828.846,2000,5587.217,6335.701,2000,6150.056,5926.224,2000,5614.044,6291.169,2000,6239.656,5238.017,2000,6229.423,5629.407,2000,5645.406,6000.665,2000,5680.979,5514.199,2000,6631.285,6022.5,2000,5778.639,5301.959,2000,5956.583,5876.622,2000,6270.418,5230.057,2000,6034.001,5725.052,2000,5597.052,5858.978,2000,5956.456,5571.017,2000,5923.558,5563.7,2000,6243.412,5213.095,2000,6132.56,5422.338,2000,6587.95,5614.024,2000,6637.45
6200.32,2000,6282.017,5828.404,2000,5587.271,6335.324,2000,6149.819,5925.78,2000,5614.083,6290.796,2000,6239.413,5238.269,2000,6229.056,5628.967,2000,5645.478,6000.22,2000,5681.005,5514.196,2000,6630.839,6022.055,2000,5778.659,5302.205,2000,5956.212,5876.39,2000,6270.039,5230.31,2000,6033.635,5724.612,2000,5597.119,5858.627,2000,5956.182,5570.932,2000,5923.121,5563.669,2000,6242.967,5213.339,2000,6132.188,5422.335,2000,6587.504,5614.019,2000,6637.005
6200.147,2000,6281.902,5828.198,2000,5587.298,6335.148,2000,6149.707,5925.573,2000,5614.104,6290.62,2000,6239.302,5238.382,2000,6228.881,5628.762,2000,5645.514,6000.012,2000,5681.019,5514.194,2000,6630.631,6021.847,2000,5778.668,5302.325,2000,5956.042,5876.282,2000,6269.861,5230.425,2000,6033.462,5724.406,2000,5597.151,5858.463,2000,5956.054,5570.892,2000,5922.916,5563.655,2000,6242.759,5213.458,2000,6132.016,5422.335,2000,6587.296,5614.016,2000,6636.796
6199.906,2000,6281.746,5827.913,2000,5587.335,6334.905,2000,6149.553,5925.287,2000,5614.132,6290.38,2000,6239.144,5238.543,2000,6228.644,5628.479,2000,5645.562,5999.726,2000,5681.039,5514.192,2000,6630.344,6021.561,2000,5778.684,5302.485,2000,5955.803,5876.132,2000,6269.616,5230.59,2000,6033.227,5724.122,2000,5597.196,5858.237,2000,5955.877,5570.836,2000,5922.634,5563.636,2000,6242.473,5213.615,2000,6131.776,5422.335,2000,6587.009,5614.013,2000,6636.509
6199.646,2000,6281.574,5827.604,2000,5587.376,6334.645,2000,6149.383,5924.978,2000,5614.164,6290.118,2000,6238.977,5238.713,2000,6228.383,5628.172,2000,5645.615,5999.416,2000,5681.062,5514.19,2000,6630.033,6021.25,2000,5778.702,5302.665,2000,5955.549,5875.97,2000,6269.35,5230.763,2000,6032.968,5723.814,2000,5597.244,5857.992,2000,5955.685,5570.777,2000,5922.329,5563.615,2000,6242.162,5213.792,2000,6131.521,5422.335,2000,6586.698,5614.01,2000,6636.198
6199.434,2000,6281.442,5827.356,2000,5587.41,6334.433,2000,6149.249,5924.729,2000,5614.19,6289.911,2000,6238.835,5238.854,2000,6228.176,5627.926,2000,5645.658,5999.166,2000,5681.082,5514.189,2000,6629.782,6021,2000,5778.717,5302.806,2000,5955.342,5875.84,2000,6269.136,5230.907,2000,6032.764,5723.567,2000,5597.284,5857.795,2000,5955.531,5570.729,2000,5922.083,5563.598,2000,6241.912,5213.93,2000,6131.312,5422.335,2000,6586.447,5614.007,2000,6635.948
6199.26,2000,6281.327,5827.15,2000,5587.44,6334.261,2000,6149.132,5924.521,2000,5614.213,6289.735,2000,6238.723,5238.968,2000,6228.001,5627.721,2000,5645.696,5998.958,2000,5681.099,5514.188,2000,6629.574,6020.792,2000,5778.73,5302.927,2000,5955.173,5875.731,2000,6268.958,5231.021,2000,6032.589,5723.362,2000,5597.319,5857.631,2000,5955.402,5570.688,2000,5921.879,5563.583,2000,6241.704,5214.051,2000,6131.142,5422.336,2000,6586.239,5614.004,2000,6635.739
6199.001,2000,6281.159,5826.845,2000,5587.484,6334,2000,6148.967,5924.215,2000,5614.249,6289.479,2000,6238.551,5239.146,2000,6227.749,5627.417,2000,5645.752,5998.651,2000,5681.125,5514.188,2000,6629.265,6020.484,2000,5778.751,5303.098,2000,5954.916,5875.571,2000,6268.695,5231.199,2000,6032.337,5723.058,2000,5597.371,5857.388,2000,5955.212,5570.629,2000,5921.576,5563.563,2000,6241.396,5214.221,2000,6130.885,5422.336,2000,6585.93,5614.001,2000,6635.431
6198.83,2000,6281.041,5826.639,2000,5587.516,6333.827,2000,6148.852,5924.008,2000,5614.273,6289.304,2000,6238.438,5239.259,2000,6227.575,5627.213,2000,5645.792,5998.444,2000,5681.143,5514.187,2000,6629.057,6020.276,2000,5778.765,5303.219,2000,5954.747,5875.462,2000,6268.518,5231.315,2000,6032.164,5722.853,2000,5597.407,5857.224,2000,5955.083,5570.589,2000,5921.372,5563.548,2000,6241.188,5214.341,2000,6130.715,5422.338,2000,6585.722,5614,2000,6635.222
6198.587,2000,6280.882,5826.353,2000,5587.559,6333.583,2000,6148.695,5923.721,2000,5614.308,6289.064,2000,6238.276,5239.424,2000,6227.337,5626.929,2000,5645.846,5998.156,2000,5681.169,5514.186,2000,6628.767,6019.988,2000,5778.787,5303.382,2000,5954.507,5875.312,2000,6268.271,5231.483,2000,6031.928,5722.568,2000,5597.458,5856.997,2000,5954.905,5570.533,2000,5921.087,5563.529,2000,6240.9,5214.501,2000,6130.474,5422.339,2000,6585.432,5613.997,2000,6634.933
6198.416,2000,6280.764,5826.147,2000,5587.592,6333.41,2000,6148.58,5923.514,2000,5614.334,6288.89,2000,6238.162,5239.539,2000,6227.163,5626.725,2000,5645.887,5997.948,2000,5681.189,5514.186,2000,6628.559,6019.78,2000,5778.802,5303.504,2000,5954.338,5875.204,2000,6268.093,5231.599,2000,6031.755,5722.363,2000,5597.496,5856.833,2000,5954.776,5570.493,2000,5920.883,5563.515,2000,6240.692,5214.622,2000,6130.304,5422.34,2000,6585.224,5613.996,2000,6634.724
6198.155,2000,6280.592,5825.839,2000,5587.641,6333.147,2000,6148.41,5923.204,2000,5614.374,6288.631,2000,6237.987,5239.718,2000,6226.907,5626.418,2000,5645.948,5997.637,2000,5681.219,5514.186,2000,6628.246,6019.468,2000,5778.828,5303.679,2000,5954.079,5875.041,2000,6267.826,5231.78,2000,6031.5,5722.056,2000,5597.554,5856.586,2000,5954.583,5570.433,2000,5920.576,5563.493,2000,6240.38,5214.795,2000,6130.044,5422.341,2000,6584.911,5613.994,2000,6634.412
6197.983,2000,6280.473,5825.633,2000,5587.675,6332.974,2000,6148.294,5922.998,2000,5614.401,6288.457,2000,6237.873,5239.833,2000,6226.732,5626.214,2000,5645.99,5997.43,2000,5681.24,5514.179,2000,6628.038,6019.261,2000,5778.844,5303.801,2000,5953.91,5874.933,2000,6267.648,5231.896,2000,6031.327,5721.851,2000,5597.592,5856.423,2000,5954.454,5570.393,2000,5920.372,5563.479,2000,6240.172,5214.916,2000,6129.875,5422.343,2000,6584.703,5613.999,2000,6634.203
6197.757,2000,6280.323,5825.365,2000,5587.72,6332.746,2000,6148.146,5922.729,2000,5614.438,6288.232,2000,6237.72,5239.989,2000,6226.51,5625.948,2000,5646.044,5997.16,2000,5681.268,5514.179,2000,6627.767,6018.99,2000,5778.868,5303.953,2000,5953.685,5874.792,2000,6267.416,5232.039,2000,6031.096,5721.584,2000,5597.644,5856.209,2000,5954.286,5570.34,2000,5920.105,5563.46,2000,6239.901,5215.081,2000,6129.659,5422.337,2000,6584.431,5613.997,2000,6633.932
6197.586,2000,6280.204,5825.16,2000,5587.755,6332.573,2000,6148.03,5922.522,2000,5614.465,6288.058,2000,6237.605,5240.113,2000,6226.343,5625.744,2000,5646.088,5996.953,2000,5681.29,5514.176,2000,6627.558,6018.783,2000,5778.885,5304.065,2000,5953.509,5874.683,2000,6267.238,5232.154,2000,6030.923,5721.38,2000,5597.684,5856.046,2000,5954.157,5570.3,2000,5919.9,5563.446,2000,6239.693,5215.202,2000,6129.489,5422.339,2000,6584.223,5613.996,2000,6633.723
6197.411,2000,6280.091,5824.955,2000,5587.79,6332.399,2000,6147.917,5922.316,2000,5614.495,6287.888,2000,6237.484,5240.232,2000,6226.172,5625.541,2000,5646.132,5996.746,2000,5681.312,5514.176,2000,6627.35,6018.575,2000,5778.903,5304.182,2000,5953.337,5874.575,2000,6267.061,5232.271,2000,6030.75,5721.176,2000,5597.726,5855.882,2000,5954.028,5570.26,2000,5919.696,5563.432,2000,6239.485,5215.322,2000,6129.319,5422.338,2000,6584.014,5613.991,2000,6633.515
6197.209,2000,6279.951,5824.713,2000,5587.833,6332.198,2000,6147.776,5922.073,2000,5614.529,6287.683,2000,6237.349,5240.372,2000,6225.971,5625.301,2000,5646.185,5996.502,2000,5681.339,5514.173,2000,6627.104,6018.331,2000,5778.925,5304.321,2000,5953.135,5874.447,2000,6266.851,5232.411,2000,6030.549,5720.935,2000,5597.774,5855.689,2000,5953.876,5570.213,2000,5919.455,5563.415,2000,6239.24,5215.461,2000,6129.117,5422.34,2000,6583.769,5613.99,2000,6633.269
6197.037,2000,6279.835,5824.508,2000,5587.87,6332.023,2000,6147.662,5921.867,2000,5614.559,6287.512,2000,6237.23,5240.489,2000,6225.798,5625.097,2000,5646.229,5996.295,2000,5681.356,5514.174,2000,6626.896,6018.124,2000,5778.951,5304.441,2000,5952.965,5874.339,2000,6266.673,5232.53,2000,6030.378,5720.731,2000,5597.817,5855.526,2000,5953.747,5570.172,2000,5919.25,5563.401,2000,6239.032,5215.58,2000,6128.946,5422.339,2000,6583.56,5613.986,2000,6633.061
6196.848,2000,6279.701,5824.281,2000,5587.912,6331.833,2000,6147.531,5921.637,2000,5614.589,6287.319,2000,6237.102,5240.62,2000,6225.607,5624.872,2000,5646.28,5996.065,2000,5681.382,5514.172,2000,6626.664,6017.893,2000,5778.971,5304.574,2000,5952.776,5874.218,2000,6266.476,5232.664,2000,6030.189,5720.504,2000,5597.864,5855.344,2000,5953.604,5570.127,2000,5919.023,5563.385,2000,6238.801,5215.711,2000,6128.755,5422.342,2000,6583.329,5613.985,2000,6632.829
6196.674,2000,6279.586,5824.076,2000,5587.948,6331.658,2000,6147.417,5921.431,2000,5614.62,6287.15,2000,6236.98,5240.736,2000,6225.435,5624.668,2000,5646.326,5995.858,2000,5681.404,5514.172,2000,6626.456,6017.686,2000,5778.99,5304.696,2000,5952.606,5874.11,2000,6266.298,5232.784,2000,6030.019,5720.301,2000,5597.908,5855.181,2000,5953.475,5570.087,2000,5918.819,5563.371,2000,6238.593,5215.831,2000,6128.584,5422.342,2000,6583.12,5613.982,2000,6632.621
6196.504,2000,6279.466,5823.871,2000,5587.986,6331.488,2000,6147.297,5921.224,2000,5614.645,6286.977,2000,6236.865,5240.854,2000,6225.263,5624.465,2000,5646.374,5995.65,2000,5681.419,5514.166,2000,6626.248,6017.479,2000,5779.016,5304.817,2000,5952.437,5874.001,2000,6266.12,5232.905,2000,6029.849,5720.097,2000,5597.951,5855.017,2000,5953.346,5570.046,2000,5918.614,5563.356,2000,6238.385,5215.949,2000,6128.413,5422.344,2000,6582.912,5613.985,2000,6632.412
6196.332,2000,6279.349,5823.666,2000,5588.021,6331.313,2000,6147.183,5921.017,2000,5614.662,6286.806,2000,6236.745,5240.971,2000,6225.091,5624.262,2000,5646.42,5995.443,2000,5681.441,5514.167,2000,6626.039,6017.271,2000,5779.035,5304.939,2000,5952.268,5873.893,2000,6265.942,5233.025,2000,6029.679,5719.894,2000,5597.996,5854.854,2000,5953.217,5570.006,2000,5918.41,5563.342,2000,6238.177,5216.068,2000,6128.242,5422.34,2000,6582.703,5613.982,2000,6632.204
6196.162,2000,6279.228,5823.46,2000,5588.054,6331.142,2000,6147.064,5920.809,2000,5614.673,6286.633,2000,6236.629,5241.094,2000,6224.922,5624.06,2000,5646.468,5995.236,2000,5681.47,5514.163,2000,6625.831,6017.064,2000,5779.053,5305.061,2000,5952.099,5873.785,2000,6265.765,5233.146,2000,6029.51,5719.689,2000,5598.039,5854.69,2000,5953.088,5569.965,2000,5918.205,5563.328,2000,6237.969,5216.182,2000,6128.067,5422.343,2000,6582.495,5613.981,2000,6631.995
6195.989,2000,6279.112,5823.253,2000,5588.083,6330.968,2000,6146.949,5920.601,2000,5614.69,6286.463,2000,6236.508,5241.211,2000,6224.75,5623.856,2000,5646.515,5995.029,2000,5681.492,5514.164,2000,6625.622,6016.857,2000,5779.078,5305.183,2000,5951.93,5873.676,2000,6265.587,5233.264,2000,6029.338,5719.485,2000,5598.082,5854.526,2000,5952.959,5569.925,2000,5918,5563.314,2000,6237.761,5216.301,2000,6127.896,5422.341,2000,6582.286,5613.977,2000,6631.787
6195.819,2000,6278.991,5823.047,2000,5588.114,6330.798,2000,6146.829,5920.394,2000,5614.715,6286.29,2000,6236.392,5241.329,2000,6224.578,5623.653,2000,5646.561,5994.821,2000,5681.507,5514.161,2000,6625.414,6016.651,2000,5779.109,5305.302,2000,5951.76,5873.568,2000,6265.409,5233.386,2000,6029.169,5719.281,2000,5598.121,5854.363,2000,5952.831,5569.884,2000,5917.796,5563.299,2000,6237.553,5216.418,2000,6127.724,5422.344,2000,6582.078,5613.976,2000,6631.578
6195.646,2000,6278.875,5822.842,2000,5588.147,6330.624,2000,6146.714,5920.187,2000,5614.739,6286.121,2000,6236.271,5241.445,2000,6224.405,5623.45,2000,5646.604,5994.614,2000,5681.529,5514.162,2000,6625.205,6016.444,2000,5779.134,5305.425,2000,5951.591,5873.459,2000,6265.231,5233.505,2000,6028.998,5719.077,2000,5598.162,5854.199,2000,5952.702,5569.844,2000,5917.591,5563.285,2000,6237.345,5216.538,2000,6127.554,5422.343,2000,6581.869,5613.972,2000,6631.37
6195.477,2000,6278.754,5822.636,2000,5588.181,6330.454,2000,6146.594,5919.98,2000,5614.767,6285.947,2000,6236.155,5241.563,2000,6224.234,5623.246,2000,5646.648,5994.407,2000,5681.553,5514.16,2000,6624.997,6016.236,2000,5779.152,5305.545,2000,5951.421,5873.351,2000,6265.054,5233.627,2000,6028.829,5718.872,2000,5598.203,5854.036,2000,5952.573,5569.803,2000,5917.387,5563.27,2000,6237.137,5216.656,2000,6127.382,5422.346,2000,6581.661,5613.972,2000,6631.161
6195.303,2000,6278.639,5822.431,2000,5588.217,6330.28,2000,6146.479,5919.773,2000,5614.789,6285.778,2000,6236.033,5241.68,2000,6224.061,5623.042,2000,5646.692,5994.201,2000,5681.583,5514.161,2000,6624.788,6016.029,2000,5779.172,5305.668,2000,5951.253,5873.243,2000,6264.875,5233.747,2000,6028.659,5718.668,2000,5598.244,5853.872,2000,5952.443,5569.763,2000,5917.182,5563.255,2000,6236.929,5216.776,2000,6127.211,5422.345,2000,6581.452,5613.968,2000,6630.953
6195.134,2000,6278.518,5822.226,2000,5588.25,6330.109,2000,6146.359,5919.567,2000,5614.817,6285.604,2000,6235.917,5241.798,2000,6223.89,5622.839,2000,5646.737,5993.994,2000,5681.607,5514.155,2000,6624.58,6015.822,2000,5779.198,5305.789,2000,5951.083,5873.134,2000,6264.697,5233.869,2000,6028.49,5718.464,2000,5598.286,5853.708,2000,5952.314,5569.722,2000,5916.978,5563.241,2000,6236.721,5216.895,2000,6127.04,5422.348,2000,6581.244,5613.972,2000,6630.744
6194.96,2000,6278.402,5822.021,2000,5588.286,6329.936,2000,6146.244,5919.36,2000,5614.846,6285.435,2000,6235.796,5241.915,2000,6223.717,5622.635,2000,5646.782,5993.788,2000,5681.633,5514.156,2000,6624.371,6015.615,2000,5779.218,5305.912,2000,5950.915,5873.026,2000,6264.519,5233.989,2000,6028.32,5718.259,2000,5598.326,5853.545,2000,5952.185,5569.682,2000,5916.773,5563.226,2000,6236.513,5217.015,2000,6126.87,5422.344,2000,6581.035,5613.968,2000,6630.536
6194.791,2000,6278.281,5821.815,2000,5588.321,6329.766,2000,6146.124,5919.153,2000,5614.868,6285.262,2000,6235.68,5242.038,2000,6223.549,5622.432,2000,5646.825,5993.58,2000,5681.653,5514.153,2000,6624.163,6015.408,2000,5779.245,5306.033,2000,5950.746,5872.918,2000,6264.341,5234.111,2000,6028.151,5718.055,2000,5598.368,5853.381,2000,5952.055,5569.641,2000,5916.568,5563.211,2000,6236.305,5217.129,2000,6126.696,5422.347,2000,6580.827,5613.968,2000,6630.327
6194.618,2000,6278.165,5821.61,2000,5588.354,6329.592,2000,6146.008,5918.945,2000,5614.883,6285.092,2000,6235.559,5242.155,2000,6223.376,5622.228,2000,5646.87,5993.374,2000,5681.679,5514.154,2000,6623.954,6015.201,2000,5779.266,5306.155,2000,5950.577,5872.81,2000,6264.163,5234.228,2000,6027.978,5717.851,2000,5598.409,5853.218,2000,5951.926,5569.601,2000,5916.364,5563.197,2000,6236.097,5217.25,2000,6126.525,5422.345,2000,6580.618,5613.964,2000,6630.119
6194.448,2000,6278.044,5821.404,2000,5588.384,6329.422,2000,6145.888,5918.738,2000,5614.905,6284.919,2000,6235.443,5242.274,2000,6223.206,5622.024,2000,5646.914,5993.166,2000,5681.699,5514.149,2000,6623.746,6014.994,2000,5779.292,5306.272,2000,5950.405,5872.702,2000,6263.984,5234.338,2000,6027.801,5717.646,2000,5598.45,5853.054,2000,5951.796,5569.56,2000,5916.159,5563.182,2000,6235.889,5217.375,2000,6126.359,5422.347,2000,6580.41,5613.966,2000,6629.91
6194.275,2000,6277.928,5821.198,2000,5588.416,6329.248,2000,6145.772,5918.531,2000,5614.93,6284.75,2000,6235.321,5242.399,2000,6223.039,5621.821,2000,5646.957,5992.959,2000,5681.723,5514.15,2000,6623.537,6014.787,2000,5779.313,5306.384,2000,5950.229,5872.594,2000,6263.806,5234.454,2000,6027.628,5717.442,2000,5598.488,5852.891,2000,5951.667,5569.52,2000,5915.955,5563.167,2000,6235.681,5217.495,2000,6126.189,5422.343,2000,6580.201,5613.962,2000,6629.702
6194.105,2000,6277.807,5820.992,2000,5588.449,6329.078,2000,6145.652,5918.325,2000,5614.958,6284.576,2000,6235.206,5242.518,2000,6222.868,5621.617,2000,5646.998,5992.752,2000,5681.745,5514.146,2000,6623.329,6014.579,2000,5779.333,5306.501,2000,5950.057,5872.485,2000,6263.628,5234.571,2000,6027.456,5717.237,2000,5598.527,5852.728,2000,5951.538,5569.479,2000,5915.75,5563.153,2000,6235.473,5217.616,2000,6126.019,5422.346,2000,6579.993,5613.962,2000,6629.493
6193.932,2000,6277.691,5820.787,2000,5588.484,6328.904,2000,6145.537,5918.118,2000,5614.979,6284.407,2000,6235.084,5242.643,2000,6222.701,5621.413,2000,5647.041,5992.545,2000,5681.773,5514.148,2000,6623.12,6014.372,2000,5779.351,5306.62,2000,5949.885,5872.377,2000,6263.45,5234.69,2000,6027.286,5717.033,2000,5598.566,5852.564,2000,5951.408,5569.438,2000,5915.545,5563.138,2000,6235.265,5217.73,2000,6125.845,5422.344,2000,6579.784,5613.957,2000,6629.285
6193.763,2000,6277.57,5820.581,2000,5588.517,6328.734,2000,6145.416,5917.911,2000,5615.008,6284.233,2000,6234.968,5242.762,2000,6222.53,5621.209,2000,5647.084,5992.338,2000,5681.795,5514.143,2000,6622.912,6014.165,2000,5779.375,5306.741,2000,5949.716,5872.269,2000,6263.271,5234.808,2000,6027.114,5716.829,2000,5598.608,5852.401,2000,5951.279,5569.398,2000,5915.341,5563.124,2000,6235.057,5217.851,2000,6125.675,5422.348,2000,6579.576,5613.958,2000,6629.076
6193.589,2000,6277.455,5820.376,2000,5588.553,6328.569,2000,6145.29,5917.704,2000,5615.029,6284.057,2000,6234.858,5242.88,2000,6222.358,5621.006,2000,5647.13,5992.13,2000,5681.811,5514.144,2000,6622.703,6013.958,2000,5779.405,5306.859,2000,5949.545,5872.16,2000,6263.093,5234.929,2000,6026.944,5716.624,2000,5598.648,5852.238,2000,5951.149,5569.357,2000,5915.136,5563.109,2000,6234.849,5217.969,2000,6125.504,5422.345,2000,6579.367,5613.953,2000,6628.868
6193.413,2000,6277.345,5820.17,2000,5588.586,6328.399,2000,6145.169,5917.496,2000,5615.044,6283.883,2000,6234.742,5242.997,2000,6222.186,5620.803,2000,5647.174,5991.923,2000,5681.833,5514.139,2000,6622.495,6013.751,2000,5779.429,5306.982,2000,5949.376,5872.052,2000,6262.915,5235.048,2000,6026.773,5716.42,2000,5598.692,5852.075,2000,5951.02,5569.317,2000,5914.932,5563.094,2000,6234.641,5218.089,2000,6125.333,5422.348,2000,6579.159,5613.954,2000,6628.659
6193.232,2000,6277.241,5819.964,2000,5588.617,6328.225,2000,6145.054,5917.289,2000,5615.066,6283.714,2000,6234.621,5243.115,2000,6222.014,5620.6,2000,5647.221,5991.716,2000,5681.852,5514.14,2000,6622.286,6013.544,2000,5779.446,5307.103,2000,5949.207,5871.943,2000,6262.737,5235.17,2000,6026.604,5716.216,2000,5598.732,5851.912,2000,5950.891,5569.276,2000,5914.728,5563.08,2000,6234.433,5218.208,2000,6125.162,5422.345,2000,6578.95,5613.949,2000,6628.451
6193.055,2000,6277.131,5819.759,2000,5588.649,6328.055,2000,6144.934,5917.081,2000,5615.081,6283.541,2000,6234.505,5243.232,2000,6221.841,5620.396,2000,5647.266,5991.509,2000,5681.877,5514.135,2000,6622.078,6013.336,2000,5779.46,5307.226,2000,5949.039,5871.835,2000,6262.559,5235.291,2000,6026.434,5716.012,2000,5598.774,5851.749,2000,5950.761,5569.236,2000,5914.523,5563.065,2000,6234.225,5218.328,2000,6124.992,5422.349,2000,6578.742,5613.95,2000,6628.242
6192.882,2000,6277.015,5819.553,2000,5588.68,6327.881,2000,6144.819,5916.874,2000,5615.103,6283.367,2000,6234.39,5243.35,2000,6221.67,5620.193,2000,5647.311,5991.302,2000,5681.896,5514.136,2000,6621.869,6013.129,2000,5779.481,5307.347,2000,5948.869,5871.727,2000,6262.38,5235.413,2000,6026.266,5715.808,2000,5598.815,5851.586,2000,5950.632,5569.195,2000,5914.319,5563.05,2000,6234.017,5218.446,2000,6124.82,5422.346,2000,6578.533,5613.945,2000,6628.034
6192.709,2000,6276.898,5819.347,2000,5588.713,6327.707,2000,6144.705,5916.667,2000,5615.128,6283.194,2000,6234.274,5243.467,2000,6221.497,5619.99,2000,5647.356,5991.094,2000,5681.908,5514.131,2000,6621.661,6012.922,2000,5779.509,5307.471,2000,5948.701,5871.618,2000,6262.202,5235.533,2000,6026.096,5715.604,2000,5598.855,5851.423,2000,5950.502,5569.155,2000,5914.115,5563.036,2000,6233.809,5218.566,2000,6124.65,5422.349,2000,6578.325,5613.946,2000,6627.825
6192.538,2000,6276.78,5819.142,2000,5588.748,6327.532,2000,6144.59,5916.459,2000,5615.146,6283.021,2000,6234.158,5243.589,2000,6221.328,5619.786,2000,5647.401,5990.886,2000,5681.927,5514.132,2000,6621.452,6012.715,2000,5779.53,5307.593,2000,5948.532,5871.51,2000,6262.024,5235.656,2000,6025.927,5715.399,2000,5598.897,5851.26,2000,5950.373,5569.114,2000,5913.911,5563.021,2000,6233.601,5218.681,2000,6124.477,5422.346,2000,6578.116,5613.941,2000,6627.617
6192.366,2000,6276.662,5818.936,2000,5588.78,6327.358,2000,6144.476,5916.251,2000,5615.158,6282.848,2000,6234.042,5243.706,2000,6221.155,5619.583,2000,5647.447,5990.68,2000,5681.953,5514.127,2000,6621.244,6012.507,2000,5779.544,5307.716,2000,5948.365,5871.402,2000,6261.846,5235.775,2000,6025.756,5715.195,2000,5598.939,5851.097,2000,5950.244,5569.074,2000,5913.707,5563.006,2000,6233.393,5218.801,2000,6124.307,5422.35,2000,6577.908,5613.942,2000,6627.408
6192.194,2000,6276.544,5818.729,2000,5588.809,6327.185,2000,6144.361,5916.044,2000,5615.177,6282.676,2000,6233.925,5243.828,2000,6220.986,5619.38,2000,5647.494,5990.472,2000,5681.972,5514.128,2000,6621.035,6012.3,2000,5779.564,5307.837,2000,5948.195,5871.293,2000,6261.667,5235.897,2000,6025.588,5714.991,2000,5598.981,5850.934,2000,5950.114,5569.033,2000,5913.503,5562.992,2000,6233.185,5218.916,2000,6124.133,5422.347,2000,6577.699,5613.937,2000,6627.2
6192.023,2000,6276.425,5818.523,2000,5588.84,6327.011,2000,6144.246,5915.837,2000,5615.201,6282.503,2000,6233.808,5243.944,2000,6220.813,5619.177,2000,5647.54,5990.265,2000,5681.99,5514.123,2000,6620.827,6012.092,2000,5779.578,5307.96,2000,5948.027,5871.186,2000,6261.489,5236.015,2000,6025.416,5714.787,2000,5599.021,5850.771,2000,5949.985,5568.993,2000,5913.299,5562.977,2000,6232.977,5219.036,2000,6123.963,5422.35,2000,6577.491,5613.938,2000,6626.991
6191.852,2000,6276.307,5818.317,2000,5588.874,6326.838,2000,6144.13,5915.63,2000,5615.227,6282.331,2000,6233.691,5244.063,2000,6220.642,5618.973,2000,5647.583,5990.057,2000,5682.002,5514.125,2000,6620.618,6011.884,2000,5779.599,5308.079,2000,5947.856,5871.078,2000,6261.311,5236.126,2000,6025.239,5714.583,2000,5599.062,5850.607,2000,5949.855,5568.952,2000,5913.095,5562.962,2000,6232.769,5219.162,2000,6123.797,5422.347,2000,6577.282,5613.933,2000,6626.783
6191.681,2000,6276.188,5818.112,2000,5588.909,6326.665,2000,6144.014,5915.423,2000,5615.246,6282.159,2000,6233.574,5244.187,2000,6220.475,5618.77,2000,5647.628,5989.849,2000,5682.021,5514.119,2000,6620.41,6011.676,2000,5779.612,5308.192,2000,5947.681,5870.969,2000,6261.133,5236.243,2000,6025.067,5714.378,2000,5599.103,5850.444,2000,5949.726,5568.912,2000,5912.891,5562.948,2000,6232.561,5219.282,2000,6123.627,5422.35,2000,6577.074,5613.935,2000,6626.574
6191.51,2000,6276.069,5817.906,2000,5588.94,6326.492,2000,6143.897,5915.215,2000,5615.258,6281.987,2000,6233.456,5244.316,2000,6220.312,5618.566,2000,5647.673,5989.642,2000,5682.046,5514.121,2000,6620.201,6011.468,2000,5779.626,5308.311,2000,5947.51,5870.861,2000,6260.955,5236.361,2000,6024.895,5714.174,2000,5599.145,5850.281,2000,5949.597,5568.871,2000,5912.687,5562.933,2000,6232.353,5219.397,2000,6123.453,5422.347,2000,6576.865,5613.929,2000,6626.366
6191.339,2000,6275.95,5817.699,2000,5588.969,6326.319,2000,6143.781,5915.006,2000,5615.264,6281.815,2000,6233.338,5244.44,2000,6220.144,5618.363,2000,5647.719,5989.435,2000,5682.064,5514.115,2000,6619.993,6011.261,2000,5779.647,5308.43,2000,5947.339,5870.753,2000,6260.776,5236.478,2000,6024.723,5713.97,2000,5599.186,5850.118,2000,5949.467,5568.831,2000,5912.482,5562.918,2000,6232.145,5219.517,2000,6123.283,5422.35,2000,6576.657,5613.931,2000,6626.157
6191.168,2000,6275.831,5817.492,2000,5588.994,6326.146,2000,6143.664,5914.798,2000,5615.276,6281.643,2000,6233.22,5244.559,2000,6219.973,5618.159,2000,5647.764,5989.227,2000,5682.076,5514.117,2000,6619.784,6011.055,2000,5779.675,5308.549,2000,5947.167,5870.646,2000,6260.598,5236.598,2000,6024.553,5713.765,2000,5599.225,5849.955,2000,5949.338,5568.79,2000,5912.278,5562.904,2000,6231.937,5219.638,2000,6123.113,5422.347,2000,6576.448,5613.925,2000,6625.949
6190.998,2000,6275.711,5817.286,2000,5589.022,6325.974,2000,6143.547,5914.591,2000,5615.295,6281.471,2000,6233.102,5244.678,2000,6219.802,5617.956,2000,5647.807,5989.019,2000,5682.095,5514.111,2000,6619.576,6010.848,2000,5779.696,5308.67,2000,5946.998,5870.538,2000,6260.42,5236.719,2000,6024.383,5713.56,2000,5599.262,5849.792,2000,5949.208,5568.75,2000,5912.074,5562.889,2000,6231.729,5219.757,2000,6122.942,5422.35,2000,6576.24,5613.927,2000,6625.74
6190.827,2000,6275.591,5817.08,2000,5589.052,6325.802,2000,6143.431,5914.384,2000,5615.319,6281.3,2000,6232.984,5244.796,2000,6219.63,5617.751,2000,5647.848,5988.812,2000,5682.114,5514.113,2000,6619.367,6010.64,2000,5779.71,5308.792,2000,5946.829,5870.43,2000,6260.242,5236.84,2000,6024.214,5713.355,2000,5599.3,5849.629,2000,5949.079,5568.709,2000,5911.87,5562.875,2000,6231.521,5219.877,2000,6122.772,5422.347,2000,6576.031,5613.921,2000,6625.532
6190.658,2000,6275.47,5816.874,2000,5589.086,6325.628,2000,6143.315,5914.177,2000,5615.345,6281.128,2000,6232.865,5244.912,2000,6219.457,5617.548,2000,5647.895,5988.604,2000,5682.132,5514.107,2000,6619.159,6010.432,2000,5779.72,5308.916,2000,5946.661,5870.322,2000,6260.063,5236.962,2000,6024.045,5713.151,2000,5599.341,5849.466,2000,5948.949,5568.668,2000,5911.666,5562.86,2000,6231.313,5219.997,2000,6122.602,5422.351,2000,6575.823,5613.923,2000,6625.323
6190.489,2000,6275.348,5816.669,2000,5589.123,6325.459,2000,6143.194,5913.97,2000,5615.364,6280.953,2000,6232.752,5245.028,2000,6219.284,5617.346,2000,5647.944,5988.396,2000,5682.143,5514.109,2000,6618.95,6010.224,2000,5779.737,5309.04,2000,5946.494,5870.214,2000,6259.885,5237.085,2000,6023.877,5712.948,2000,5599.387,5849.303,2000,5948.819,5568.628,2000,5911.462,5562.845,2000,6231.105,5220.116,2000,6122.431,5422.351,2000,6575.614,5613.917,2000,6625.115
6190.316,2000,6275.231,5816.464,2000,5589.159,6325.286,2000,6143.078,5913.762,2000,5615.376,6280.782,2000,6232.634,5245.144,2000,6219.11,5617.144,2000,5647.997,5988.188,2000,5682.16,5514.104,2000,6618.742,6010.016,2000,5779.747,5309.165,2000,5946.328,5870.106,2000,6259.707,5237.208,2000,6023.709,5712.745,2000,5599.435,5849.14,2000,5948.689,5568.587,2000,5911.258,5562.831,2000,6230.897,5220.235,2000,6122.26,5422.356,2000,6575.406,5613.919,2000,6624.906
6190.14,2000,6275.121,5816.258,2000,5589.192,6325.112,2000,6142.962,5913.553,2000,5615.381,6280.614,2000,6232.51,5245.259,2000,6218.937,5616.943,2000,5648.052,5987.98,2000,5682.171,5514.105,2000,6618.533,6009.809,2000,5779.763,5309.29,2000,5946.161,5869.998,2000,6259.529,5237.332,2000,6023.542,5712.542,2000,5599.483,5848.977,2000,5948.56,5568.547,2000,5911.054,5562.816,2000,6230.689,5220.355,2000,6122.089,5422.355,2000,6575.197,5613.914,2000,6624.698
6189.967,2000,6275.005,5816.052,2000,5589.224,6324.943,2000,6142.841,5913.345,2000,5615.394,6280.443,2000,6232.391,5245.381,2000,6218.768,5616.742,2000,5648.107,5987.772,2000,5682.181,5514.1,2000,6618.325,6009.601,2000,5779.773,5309.416,2000,5945.995,5869.89,2000,6259.351,5237.45,2000,6023.37,5712.34,2000,5599.532,5848.813,2000,5948.43,5568.506,2000,5910.85,5562.801,2000,6230.481,5220.469,2000,6121.915,5422.361,2000,6574.989,5613.915,2000,6624.489
6189.798,2000,6274.883,5815.847,2000,5589.258,6324.778,2000,6142.714,5913.137,2000,5615.399,6280.268,2000,6232.278,5245.497,2000,6218.594,5616.542,2000,5648.163,5987.565,2000,5682.198,5514.101,2000,6618.116,6009.392,2000,5779.776,5309.537,2000,5945.825,5869.782,2000,6259.172,5237.562,2000,6023.194,5712.137,2000,5599.581,5848.65,2000,5948.3,5568.466,2000,5910.646,5562.787,2000,6230.273,5220.588,2000,6121.744,5422.36,2000,6574.78,5613.91,2000,6624.281
6189.625,2000,6274.767,5815.643,2000,5589.299,6324.608,2000,6142.592,5912.929,2000,5615.411,6280.096,2000,6232.16,5245.606,2000,6218.417,5616.343,2000,5648.225,5987.357,2000,5682.208,5514.096,2000,6617.908,6009.184,2000,5779.786,5309.663,2000,5945.66,5869.674,2000,6258.994,5237.68,2000,6023.022,5711.936,2000,5599.635,5848.487,2000,5948.17,5568.425,2000,5910.441,5562.772,2000,6230.065,5220.707,2000,6121.572,5422.367,2000,6574.572,5613.911,2000,6624.072
6189.456,2000,6274.645,5815.44,2000,5589.347,6324.435,2000,6142.477,5912.721,2000,5615.43,6279.926,2000,6232.039,5245.722,2000,6218.244,5616.146,2000,5648.294,5987.148,2000,5682.212,5514.097,2000,6617.699,6008.977,2000,5779.802,5309.794,2000,5945.498,5869.566,2000,6258.816,5237.804,2000,6022.855,5711.737,2000,5599.697,5848.324,2000,5948.04,5568.385,2000,5910.237,5562.757,2000,6229.857,5220.819,2000,6121.396,5422.38,2000,6574.364,5613.906,2000,6623.864
6189.291,2000,6274.517,5815.239,2000,5589.401,6324.258,2000,6142.367,5912.513,2000,5615.442,6279.756,2000,6231.918,5245.844,2000,6218.075,5615.952,2000,5648.369,5986.94,2000,5682.222,5514.092,2000,6617.491,6008.769,2000,5779.812,5309.926,2000,5945.336,5869.458,2000,6258.638,5237.922,2000,6022.683,5711.54,2000,5599.765,5848.161,2000,5947.91,5568.344,2000,5910.033,5562.743,2000,6229.649,5220.925,2000,6121.217,5422.399,2000,6574.157,5613.907,2000,6623.655
6189.122,2000,6274.395,5815.039,2000,5589.459,6324.085,2000,6142.251,5912.305,2000,5615.448,6279.583,2000,6231.804,5245.959,2000,6217.901,5615.76,2000,5648.451,5986.733,2000,5682.239,5514.093,2000,6617.282,6008.56,2000,5779.815,5310.057,2000,5945.174,5869.351,2000,6258.459,5238.034,2000,6022.508,5711.345,2000,5599.839,5847.998,2000,5947.78,5568.304,2000,5909.829,5562.728,2000,6229.441,5221.038,2000,6121.042,5422.417,2000,6573.949,5613.902,2000,6623.447
6188.949,2000,6274.279,5814.839,2000,5589.518,6323.908,2000,6142.141,5912.097,2000,5615.46,6279.413,2000,6231.683,5246.069,2000,6217.725,5615.569,2000,5648.535,5986.525,2000,5682.25,5514.088,2000,6617.074,6008.352,2000,5779.825,5310.187,2000,5945.011,5869.243,2000,6258.281,5238.141,2000,6022.329,5711.153,2000,5599.919,5847.835,2000,5947.65,5568.263,2000,5909.625,5562.713,2000,6229.233,5221.156,2000,6120.87,5422.436,2000,6573.742,5613.903,2000,6623.238
6188.772,2000,6274.168,5814.64,2000,5589.579,6323.735,2000,6142.025,5911.889,2000,5615.479,6279.239,2000,6231.568,5246.173,2000,6217.544,5615.379,2000,5648.621,5986.316,2000,5682.253,5514.089,2000,6616.865,6008.145,2000,5779.841,5310.315,2000,5944.847,5869.135,2000,6258.103,5238.241,2000,6022.146,5710.963,2000,5600.004,5847.672,2000,5947.521,5568.223,2000,5909.421,5562.699,2000,6229.025,5221.279,2000,6120.702,5422.453,2000,6573.534,5613.898,2000,6623.03
6188.592,2000,6274.063,5814.442,2000,5589.645,6323.565,2000,6141.904,5911.681,2000,5615.491,6279.062,2000,6231.459,5246.283,2000,6217.368,5615.19,2000,5648.708,5986.108,2000,5682.25,5514.084,2000,6616.657,6007.938,2000,5779.865,5310.446,2000,5944.686,5869.027,2000,6257.925,5238.348,2000,6021.967,5710.774,2000,5600.092,5847.509,2000,5947.391,5568.182,2000,5909.217,5562.684,2000,6228.817,5221.397,2000,6120.53,5422.475,2000,6573.327,5613.899,2000,6622.821
6188.409,2000,6273.965,5814.245,2000,5589.71,6323.392,2000,6141.788,5911.473,2000,5615.497,6278.888,2000,6231.345,5246.399,2000,6217.194,5615.001,2000,5648.795,5985.899,2000,5682.253,5514.085,2000,6616.448,6007.73,2000,5779.881,5310.578,2000,5944.524,5868.919,2000,6257.747,5238.46,2000,6021.792,5710.585,2000,5600.18,5847.346,2000,5947.261,5568.142,2000,5909.013,5562.669,2000,6228.609,5221.51,2000,6120.355,5422.497,2000,6573.12,5613.894,2000,6622.613
6188.229,2000,6273.86,5814.047,2000,5589.775,6323.215,2000,6141.678,5911.264,2000,5615.496,6278.717,2000,6231.226,5246.521,2000,6217.025,5614.812,2000,5648.883,5985.691,2000,5682.263,5514.08,2000,6616.24,6007.522,2000,5779.891,5310.71,2000,5944.363,5868.811,2000,6257.568,5238.578,2000,6021.62,5710.397,2000,5600.269,5847.183,2000,5947.131,5568.101,2000,5908.809,5562.655,2000,6228.401,5221.616,2000,6120.176,5422.519,2000,6572.913,5613.896,2000,6622.404
6188.052,2000,6273.75,5813.849,2000,5589.84,6323.042,2000,6141.563,5911.056,2000,5615.488,6278.542,2000,6231.112,5246.647,2000,6216.86,5614.623,2000,5648.97,5985.484,2000,5682.28,5514.082,2000,6616.031,6007.313,2000,5779.894,5310.843,2000,5944.203,5868.703,2000,6257.39,5238.702,2000,6021.452,5710.208,2000,5600.357,5847.02,2000,5947.001,5568.061,2000,5908.604,5562.64,2000,6228.193,5221.717,2000,6119.993,5422.54,2000,6572.706,5613.89,2000,6622.196
6187.879,2000,6273.633,5813.65,2000,5589.904,6322.873,2000,6141.441,5910.848,2000,5615.487,6278.364,2000,6231.004,5246.769,2000,6216.69,5614.433,2000,5649.057,5985.276,2000,5682.291,5514.076,2000,6615.823,6007.105,2000,5779.89,5310.977,2000,5944.042,5868.595,2000,6257.212,5238.82,2000,6021.28,5710.02,2000,5600.445,5846.856,2000,5946.871,5568.02,2000,5908.4,5562.625,2000,6227.985,5221.823,2000,6119.814,5422.562,2000,6572.499,5613.892,2000,6621.987
6187.71,2000,6273.511,5813.452,2000,5589.968,6322.699,2000,6141.325,5910.639,2000,5615.492,6278.189,2000,6230.891,5246.885,2000,6216.517,5614.244,2000,5649.144,5985.067,2000,5682.294,5514.078,2000,6615.614,6006.897,2000,5779.879,5311.109,2000,5943.882,5868.487,2000,6257.034,5238.932,2000,6021.105,5709.832,2000,5600.534,5846.693,2000,5946.741,5567.979,2000,5908.196,5562.611,2000,6227.777,5221.936,2000,6119.639,5422.583,2000,6572.292,5613.886,2000,6621.779
6187.545,2000,6273.384,5813.253,2000,5590.03,6322.522,2000,6141.215,5910.431,2000,5615.504,6278.018,2000,6230.772,5246.995,2000,6216.34,5614.054,2000,5649.231,5984.859,2000,5682.291,5514.072,2000,6615.406,6006.688,2000,5779.875,5311.239,2000,5943.719,5868.379,2000,6256.855,5239.039,2000,6020.926,5709.642,2000,5600.62,5846.53,2000,5946.611,5567.939,2000,5907.992,5562.596,2000,6227.569,5222.054,2000,6119.467,5422.603,2000,6572.084,5613.888,2000,6621.57
6187.384,2000,6273.251,5813.054,2000,5590.092,6322.343,2000,6141.109,5910.223,2000,5615.51,6277.848,2000,6230.651,5247.099,2000,6216.16,5613.865,2000,5649.317,5984.651,2000,5682.28,5514.074,2000,6615.197,6006.48,2000,5779.878,5311.368,2000,5943.555,5868.271,2000,6256.677,5239.139,2000,6020.743,5709.452,2000,5600.705,5846.367,2000,5946.481,5567.898,2000,5907.788,5562.582,2000,6227.361,5222.177,2000,6119.299,5422.621,2000,6571.877,5613.882,2000,6621.362
6187.219,2000,6273.124,5812.855,2000,5590.153,6322.167,2000,6140.998,5910.014,2000,5615.509,6277.674,2000,6230.537,5247.202,2000,6215.979,5613.675,2000,5649.404,5984.442,2000,5682.277,5514.068,2000,6614.989,6006.271,2000,5779.875,5311.496,2000,5943.39,5868.164,2000,6256.499,5239.246,2000,6020.564,5709.262,2000,5600.791,5846.204,2000,5946.352,5567.858,2000,5907.584,5562.567,2000,6227.153,5222.295,2000,6119.127,5422.64,2000,6571.669,5613.884,2000,6621.153
6187.05,2000,6273.001,5812.655,2000,5590.213,6321.996,2000,6140.88,5909.806,2000,5615.501,6277.497,2000,6230.427,5247.303,2000,6215.797,5613.486,2000,5649.49,5984.234,2000,5682.28,5514.07,2000,6614.78,6006.063,2000,5779.864,5311.625,2000,5943.226,5868.056,2000,6256.321,5239.358,2000,6020.389,5709.071,2000,5600.875,5846.041,2000,5946.222,5567.817,2000,5907.38,5562.552,2000,6226.945,5222.41,2000,6118.953,5422.658,2000,6571.462,5613.878,2000,6620.945
6186.877,2000,6272.885,5812.456,2000,5590.271,6321.828,2000,6140.757,5909.598,2000,5615.486,6277.316,2000,6230.324,5247.411,2000,6215.619,5613.296,2000,5649.577,5984.025,2000,5682.277,5514.064,2000,6614.572,6005.855,2000,5779.86,5311.754,2000,5943.063,5867.948,2000,6256.143,5239.476,2000,6020.217,5708.881,2000,5600.96,5845.878,2000,5946.092,5567.777,2000,5907.176,5562.538,2000,6226.737,5222.519,2000,6118.776,5422.677,2000,6571.254,5613.88,2000,6620.736
6186.701,2000,6272.775,5812.255,2000,5590.329,6321.656,2000,6140.639,5909.39,2000,5615.479,6277.139,2000,6230.214,5247.524,2000,6215.444,5613.107,2000,5649.663,5983.817,2000,5682.267,5514.066,2000,6614.363,6005.646,2000,5779.863,5311.885,2000,5942.901,5867.84,2000,6255.964,5239.6,2000,6020.049,5708.69,2000,5601.045,5845.715,2000,5945.962,5567.736,2000,5906.972,5562.523,2000,6226.529,5222.622,2000,6118.595,5422.695,2000,6571.047,5613.875,2000,6620.528
6186.521,2000,6272.67,5812.056,2000,5590.388,6321.48,2000,6140.527,5909.182,2000,5615.478,6276.965,2000,6230.1,5247.643,2000,6215.273,5612.917,2000,5649.75,5983.609,2000,5682.263,5514.061,2000,6614.155,6005.438,2000,5779.859,5312.017,2000,5942.74,5867.732,2000,6255.786,5239.718,2000,6019.877,5708.5,2000,5601.129,5845.552,2000,5945.832,5567.696,2000,5906.768,5562.508,2000,6226.321,5222.719,2000,6118.411,5422.714,2000,6570.839,5613.876,2000,6620.319
6186.337,2000,6272.571,5811.856,2000,5590.449,6321.301,2000,6140.421,5908.974,2000,5615.47,6276.795,2000,6229.979,5247.756,2000,6215.099,5612.728,2000,5649.835,5983.4,2000,5682.267,5514.062,2000,6613.946,6005.23,2000,5779.848,5312.149,2000,5942.578,5867.624,2000,6255.608,5239.83,2000,6019.702,5708.31,2000,5601.215,5845.389,2000,5945.702,5567.655,2000,5906.563,5562.494,2000,6226.113,5222.822,2000,6118.229,5422.733,2000,6570.632,5613.871,2000,6620.111
6186.15,2000,6272.479,5811.657,2000,5590.51,6321.121,2000,6140.316,5908.765,2000,5615.469,6276.629,2000,6229.853,5247.864,2000,6214.92,5612.539,2000,5649.922,5983.192,2000,5682.263,5514.057,2000,6613.738,6005.021,2000,5779.844,5312.28,2000,5942.416,5867.516,2000,6255.43,5239.937,2000,6019.523,5708.121,2000,5601.302,5845.226,2000,5945.572,5567.615,2000,5906.359,5562.479,2000,6225.905,5222.931,2000,6118.052,5422.754,2000,6570.424,5613.872,2000,6619.902
6185.967,2000,6272.38,5811.458,2000,5590.572,6320.945,2000,6140.205,5908.557,2000,5615.474,6276.459,2000,6229.732,5247.965,2000,6214.739,5612.349,2000,5650.008,5982.984,2000,5682.253,5514.058,2000,6613.529,6004.813,2000,5779.847,5312.41,2000,5942.253,5867.408,2000,6255.251,5240.037,2000,6019.34,5707.931,2000,5601.388,5845.063,2000,5945.442,5567.574,2000,5906.155,5562.464,2000,6225.697,5223.046,2000,6117.878,5422.773,2000,6570.217,5613.867,2000,6619.694
6185.787,2000,6272.275,5811.259,2000,5590.634,6320.772,2000,6140.087,5908.348,2000,5615.473,6276.286,2000,6229.618,5248.065,2000,6214.556,5612.16,2000,5650.095,5982.775,2000,5682.25,5514.053,2000,6613.321,6004.604,2000,5779.843,5312.539,2000,5942.09,5867.3,2000,6255.073,5240.132,2000,6019.155,5707.742,2000,5601.474,5844.899,2000,5945.313,5567.534,2000,5905.951,5562.45,2000,6225.489,5223.167,2000,6117.708,5422.794,2000,6570.009,5613.868,2000,6619.485
6185.61,2000,6272.165,5811.06,2000,5590.696,6320.604,2000,6139.965,5908.14,2000,5615.465,6276.108,2000,6229.508,5248.171,2000,6214.377,5611.97,2000,5650.181,5982.567,2000,5682.253,5514.054,2000,6613.112,6004.396,2000,5779.833,5312.667,2000,5941.926,5867.192,2000,6254.895,5240.232,2000,6018.972,5707.552,2000,5601.561,5844.736,2000,5945.183,5567.493,2000,5905.747,5562.435,2000,6225.281,5223.281,2000,6117.535,5422.813,2000,6569.802,5613.863,2000,6619.277
6185.437,2000,6272.048,5810.861,2000,5590.757,6320.439,2000,6139.837,5907.932,2000,5615.451,6275.928,2000,6229.405,5248.283,2000,6214.201,5611.781,2000,5650.268,5982.358,2000,5682.25,5514.049,2000,6612.904,6004.188,2000,5779.829,5312.796,2000,5941.762,5867.084,2000,6254.717,5240.339,2000,6018.793,5707.363,2000,5601.646,5844.573,2000,5945.053,5567.453,2000,5905.543,5562.42,2000,6225.073,5223.39,2000,6117.357,5422.834,2000,6569.594,5613.864,2000,6619.068
6185.26,2000,6271.938,5810.66,2000,5590.811,6320.271,2000,6139.714,5907.724,2000,5615.443,6275.75,2000,6229.295,5248.401,2000,6214.029,5611.591,2000,5650.354,5982.15,2000,5682.239,5514.05,2000,6612.695,6003.979,2000,5779.832,5312.919,2000,5941.595,5866.977,2000,6254.539,5240.451,2000,6018.618,5707.17,2000,5601.727,5844.41,2000,5944.923,5567.412,2000,5905.339,5562.406,2000,6224.865,5223.493,2000,6117.176,5422.848,2000,6569.386,5613.859,2000,6618.86
6185.086,2000,6271.824,5810.457,2000,5590.859,6320.099,2000,6139.597,5907.516,2000,5615.442,6275.577,2000,6229.181,5248.513,2000,6213.854,5611.399,2000,5650.435,5981.942,2000,5682.236,5514.045,2000,6612.487,6003.771,2000,5779.828,5313.038,2000,5941.423,5866.869,2000,6254.36,5240.567,2000,6018.444,5706.976,2000,5601.8,5844.247,2000,5944.793,5567.372,2000,5905.135,5562.391,2000,6224.657,5223.602,2000,6116.999,5422.854,2000,6569.178,5613.86,2000,6618.651
6184.915,2000,6271.706,5810.253,2000,5590.9,6319.924,2000,6139.484,5907.307,2000,5615.447,6275.404,2000,6229.064,5248.62,2000,6213.675,5611.205,2000,5650.511,5981.733,2000,5682.234,5514.046,2000,6612.278,6003.563,2000,5779.819,5313.156,2000,5941.252,5866.761,2000,6254.182,5240.683,2000,6018.271,5706.778,2000,5601.868,5844.084,2000,5944.663,5567.331,2000,5904.931,5562.376,2000,6224.449,5223.716,2000,6116.825,5422.854,2000,6568.97,5613.855,2000,6618.443
6184.744,2000,6271.586,5810.048,2000,5590.939,6319.75,2000,6139.371,5907.099,2000,5615.446,6275.231,2000,6228.948,5248.732,2000,6213.499,5611.009,2000,5650.581,5981.525,2000,5682.225,5514.041,2000,6612.07,6003.354,2000,5779.817,5313.275,2000,5941.081,5866.653,2000,6254.004,5240.801,2000,6018.1,5706.579,2000,5601.929,5843.921,2000,5944.533,5567.291,2000,5904.727,5562.362,2000,6224.241,5223.829,2000,6116.649,5422.859,2000,6568.761,5613.856,2000,6618.234
6184.574,2000,6271.466,5809.843,2000,5590.973,6319.575,2000,6139.256,5906.891,2000,5615.438,6275.059,2000,6228.831,5248.842,2000,6213.322,5610.811,2000,5650.646,5981.317,2000,5682.223,5514.042,2000,6611.861,6003.146,2000,5779.808,5313.396,2000,5940.911,5866.545,2000,6253.826,5240.918,2000,6017.928,5706.379,2000,5601.987,5843.758,2000,5944.403,5567.25,2000,5904.522,5562.347,2000,6224.033,5223.944,2000,6116.476,5422.858,2000,6568.553,5613.851,2000,6618.026
6184.404,2000,6271.345,5809.637,2000,5591.002,6319.401,2000,6139.142,5906.683,2000,5615.424,6274.887,2000,6228.713,5248.958,2000,6213.148,5610.612,2000,5650.709,5981.109,2000,5682.214,5514.037,2000,6611.653,6002.938,2000,5779.806,5313.516,2000,5940.741,5866.437,2000,6253.647,5241.03,2000,6017.752,5706.178,2000,5602.041,5843.595,2000,5944.273,5567.209,2000,5904.318,5562.333,2000,6223.825,5224.054,2000,6116.299,5422.863,2000,6568.344,5613.853,2000,6617.817
6184.234,2000,6271.225,5809.43,2000,5591.026,6319.228,2000,6139.026,5906.475,2000,5615.416,6274.715,2000,6228.595,5249.067,2000,6212.971,5610.413,2000,5650.768,5980.901,2000,5682.207,5514.039,2000,6611.444,6002.73,2000,5779.797,5313.631,2000,5940.567,5866.329,2000,6253.469,5241.136,2000,6017.573,5705.976,2000,5602.091,5843.432,2000,5944.144,5567.169,2000,5904.114,5562.318,2000,6223.617,5224.169,2000,6116.125,5422.862,2000,6568.136,5613.847,2000,6617.609
6184.064,2000,6271.104,5809.223,2000,5591.052,6319.054,2000,6138.911,5906.266,2000,5615.415,6274.543,2000,6228.477,5249.183,2000,6212.798,5610.212,2000,5650.824,5980.693,2000,5682.2,5514.033,2000,6611.236,6002.522,2000,5779.785,5313.742,2000,5940.391,5866.221,2000,6253.291,5241.248,2000,6017.397,5705.772,2000,5602.137,5843.269,2000,5944.014,5567.128,2000,5903.91,5562.303,2000,6223.409,5224.279,2000,6115.948,5422.867,2000,6567.927,5613.849,2000,6617.4
6183.895,2000,6270.982,5809.017,2000,5591.078,6318.881,2000,6138.795,5906.058,2000,5615.407,6274.372,2000,6228.358,5249.293,2000,6212.621,5610.01,2000,5650.876,5980.485,2000,5682.186,5514.035,2000,6611.027,6002.313,2000,5779.78,5313.857,2000,5940.217,5866.113,2000,6253.113,5241.36,2000,6017.222,5705.569,2000,5602.183,5843.105,2000,5943.884,5567.088,2000,5903.706,5562.289,2000,6223.201,5224.393,2000,6115.774,5422.866,2000,6567.719,5613.843,2000,6617.192
6183.726,2000,6270.86,5808.81,2000,5591.101,6318.708,2000,6138.679,5905.85,2000,5615.393,6274.201,2000,6228.239,5249.409,2000,6212.447,5609.809,2000,5650.928,5980.277,2000,5682.178,5514.029,2000,6610.819,6002.105,2000,5779.768,5313.973,2000,5940.044,5866.005,2000,6252.935,5241.477,2000,6017.049,5705.366,2000,5602.227,5842.942,2000,5943.754,5567.047,2000,5903.502,5562.274,2000,6222.993,5224.501,2000,6115.596,5422.871,2000,6567.51,5613.845,2000,6616.983
6183.557,2000,6270.738,5808.602,2000,5591.121,6318.535,2000,6138.563,5905.643,2000,5615.371,6274.03,2000,6228.12,5249.519,2000,6212.27,5609.606,2000,5650.979,5980.068,2000,5682.178,5514.031,2000,6610.611,6001.897,2000,5779.755,5314.093,2000,5939.874,5865.897,2000,6252.756,5241.587,2000,6016.873,5705.162,2000,5602.269,5842.779,2000,5943.624,5567.007,2000,5903.298,5562.259,2000,6222.785,5224.616,2000,6115.422,5422.87,2000,6567.302,5613.839,2000,6616.775
6183.389,2000,6270.615,5808.395,2000,5591.136,6318.363,2000,6138.446,5905.435,2000,5615.356,6273.859,2000,6228,5249.634,2000,6212.097,5609.404,2000,5651.029,5979.86,2000,5682.17,5514.025,2000,6610.403,6001.689,2000,5779.749,5314.208,2000,5939.7,5865.79,2000,6252.578,5241.692,2000,6016.693,5704.957,2000,5602.31,5842.616,2000,5943.494,5566.966,2000,5903.094,5562.245,2000,6222.577,5224.724,2000,6115.244,5422.875,2000,6567.093,5613.841,2000,6616.566
6183.22,2000,6270.493,5808.187,2000,5591.154,6318.19,2000,6138.329,5905.227,2000,5615.349,6273.689,2000,6227.881,5249.744,2000,6211.919,5609.202,2000,5651.077,5979.652,2000,5682.156,5514.027,2000,6610.194,6001.48,2000,5779.75,5314.317,2000,5939.523,5865.682,2000,6252.4,5241.803,2000,6016.517,5704.752,2000,5602.348,5842.453,2000,5943.364,5566.926,2000,5902.89,5562.23,2000,6222.369,5224.835,2000,6115.068,5422.874,2000,6566.885,5613.835,2000,6616.358
6183.052,2000,6270.37,5807.979,2000,5591.174,6318.022,2000,6138.207,5905.019,2000,5615.348,6273.515,2000,6227.767,5249.853,2000,6211.742,5608.999,2000,5651.123,5979.444,2000,5682.149,5514.021,2000,6609.986,6001.272,2000,5779.744,5314.432,2000,5939.35,5865.574,2000,6252.222,5241.916,2000,6016.342,5704.547,2000,5602.386,5842.29,2000,5943.234,5566.885,2000,5902.686,5562.215,2000,6222.161,5224.947,2000,6114.892,5422.879,2000,6566.676,5613.837,2000,6616.149
6182.879,2000,6270.253,5807.772,2000,5591.197,6317.85,2000,6138.09,5904.81,2000,5615.353,6273.344,2000,6227.647,5249.962,2000,6211.564,5608.795,2000,5651.168,5979.236,2000,5682.146,5514.023,2000,6609.778,6001.064,2000,5779.731,5314.549,2000,5939.177,5865.466,2000,6252.043,5242.023,2000,6016.164,5704.343,2000,5602.424,5842.127,2000,5943.104,5566.844,2000,5902.481,5562.201,2000,6221.953,5225.064,2000,6114.719,5422.878,2000,6566.468,5613.832,2000,6615.941
6182.703,2000,6270.142,5807.565,2000,5591.213,6317.677,2000,6137.973,5904.602,2000,5615.365,6273.178,2000,6227.522,5250.077,2000,6211.39,5608.592,2000,5651.215,5979.028,2000,5682.136,5514.018,2000,6609.57,6000.855,2000,5779.726,5314.661,2000,5939.001,5865.358,2000,6251.865,5242.136,2000,6015.989,5704.138,2000,5602.463,5841.964,2000,5942.975,5566.804,2000,5902.277,5562.186,2000,6221.745,5225.175,2000,6114.543,5422.883,2000,6566.259,5613.833,2000,6615.732
6182.531,2000,6270.024,5807.357,2000,5591.222,6317.509,2000,6137.85,5904.394,2000,5615.371,6273.007,2000,6227.402,5250.197,2000,6211.22,5608.39,2000,5651.262,5978.819,2000,5682.133,5514.019,2000,6609.361,6000.647,2000,5779.713,5314.777,2000,5938.828,5865.25,2000,6251.687,5242.25,2000,6015.814,5703.933,2000,5602.5,5841.801,2000,5942.845,5566.763,2000,5902.073,5562.171,2000,6221.537,5225.281,2000,6114.363,5422.882,2000,6566.051,5613.828,2000,6615.524
6182.362,2000,6269.902,5807.148,2000,5591.225,6317.344,2000,6137.722,5904.185,2000,5615.37,6272.833,2000,6227.288,5250.312,2000,6211.046,5608.186,2000,5651.307,5978.611,2000,5682.124,5514.014,2000,6609.153,6000.439,2000,5779.707,5314.895,2000,5938.656,5865.142,2000,6251.509,5242.358,2000,6015.636,5703.728,2000,5602.534,5841.638,2000,5942.715,5566.722,2000,5901.869,5562.157,2000,6221.329,5225.392,2000,6114.187,5422.887,2000,6565.842,5613.829,2000,6615.315
6182.191,2000,6269.784,5806.94,2000,5591.22,6317.176,2000,6137.6,5903.977,2000,5615.362,6272.663,2000,6227.168,5250.421,2000,6210.869,5607.982,2000,5651.35,5978.404,2000,5682.107,5514.015,2000,6608.945,6000.23,2000,5779.708,5315.007,2000,5938.48,5865.034,2000,6251.331,5242.472,2000,6015.462,5703.521,2000,5602.564,5841.475,2000,5942.585,5566.681,2000,5901.665,5562.142,2000,6221.121,5225.504,2000,6114.011,5422.886,2000,6565.634,5613.824,2000,6615.107
6182.022,2000,6269.661,5806.732,2000,5591.209,6317.003,2000,6137.482,5903.769,2000,5615.347,6272.493,2000,6227.048,5250.531,2000,6210.691,5607.777,2000,5651.39,5978.196,2000,5682.097,5514.01,2000,6608.737,6000.022,2000,5779.702,5315.124,2000,5938.308,5864.926,2000,6251.152,5242.58,2000,6015.284,5703.315,2000,5602.59,5841.312,2000,5942.455,5566.641,2000,5901.461,5562.127,2000,6220.913,5225.622,2000,6113.839,5422.891,2000,6565.425,5613.825,2000,6614.898
6181.854,2000,6269.538,5806.524,2000,5591.191,6316.832,2000,6137.365,5903.562,2000,5615.326,6272.322,2000,6226.928,5250.646,2000,6210.518,5607.572,2000,5651.426,5977.987,2000,5682.094,5514.011,2000,6608.528,5999.814,2000,5779.689,5315.236,2000,5938.133,5864.818,2000,6250.974,5242.693,2000,6015.109,5703.108,2000,5602.611,5841.148,2000,5942.325,5566.6,2000,5901.257,5562.113,2000,6220.705,5225.734,2000,6113.664,5422.891,2000,6565.217,5613.82,2000,6614.69
6181.687,2000,6269.415,5806.317,2000,5591.167,6316.659,2000,6137.248,5903.355,2000,5615.297,6272.152,2000,6226.807,5250.755,2000,6210.34,5607.366,2000,5651.458,5977.779,2000,5682.098,5514.006,2000,6608.32,5999.606,2000,5779.681,5315.354,2000,5937.96,5864.71,2000,6250.796,5242.808,2000,6014.936,5702.9,2000,5602.628,5840.985,2000,5942.195,5566.56,2000,5901.053,5562.098,2000,6220.497,5225.849,2000,6113.49,5422.896,2000,6565.008,5613.821,2000,6614.481
6181.515,2000,6269.297,5806.111,2000,5591.135,6316.487,2000,6137.13,5903.148,2000,5615.276,6271.986,2000,6226.681,5250.867,2000,6210.165,5607.16,2000,5651.486,5977.57,2000,5682.095,5514.007,2000,6608.112,5999.397,2000,5779.679,5315.471,2000,5937.789,5864.603,2000,6250.618,5242.926,2000,6014.764,5702.692,2000,5602.64,5840.822,2000,5942.065,5566.519,2000,5900.849,5562.083,2000,6220.289,5225.962,2000,6113.314,5422.895,2000,6564.8,5613.816,2000,6614.273
6181.347,2000,6269.174,5805.907,2000,5591.097,6316.319,2000,6137.006,5902.94,2000,5615.261,6271.816,2000,6226.561,5250.978,2000,6209.988,5606.953,2000,5651.511,5977.362,2000,5682.085,5514.002,2000,6607.904,5999.189,2000,5779.684,5315.592,2000,5937.619,5864.495,2000,6250.439,5243.043,2000,6014.591,5702.484,2000,5602.646,5840.659,2000,5941.936,5566.478,2000,5900.645,5562.069,2000,6220.081,5226.077,2000,6113.141,5422.9,2000,6564.591,5613.817,2000,6614.064
6181.179,2000,6269.05,5805.703,2000,5591.052,6316.147,2000,6136.889,5902.732,2000,5615.253,6271.648,2000,6226.438,5251.094,2000,6209.815,5606.745,2000,5651.531,5977.154,2000,5682.081,5514.003,2000,6607.695,5998.98,2000,5779.682,5315.712,2000,5937.448,5864.387,2000,6250.261,5243.155,2000,6014.416,5702.276,2000,5602.648,5840.496,2000,5941.806,5566.437,2000,5900.44,5562.054,2000,6219.873,5226.187,2000,6112.964,5422.899,2000,6564.383,5613.812,2000,6613.856
6180.998,2000,6268.914,5805.48,2000,5591.011,6315.965,2000,6136.754,5902.506,2000,5615.237,6271.461,2000,6226.31,5251.214,2000,6209.623,5606.519,2000,5651.549,5976.927,2000,5682.077,5513.998,2000,6607.469,5998.754,2000,5779.672,5315.838,2000,5937.26,5864.269,2000,6250.067,5243.27,2000,6014.22,5702.049,2000,5602.646,5840.319,2000,5941.665,5566.392,2000,5900.218,5562.038,2000,6219.646,5226.312,2000,6112.775,5422.905,2000,6564.156,5613.813,2000,6613.629
6180.765,2000,6268.749,5805.197,2000,5590.968,6315.729,2000,6136.593,5902.221,2000,5615.214,6271.23,2000,6226.141,5251.373,2000,6209.385,5606.233,2000,5651.563,5976.642,2000,5682.062,5514,2000,6607.183,5998.468,2000,5779.66,5315.989,2000,5937.017,5864.121,2000,6249.823,5243.423,2000,6013.979,5701.764,2000,5602.641,5840.095,2000,5941.486,5566.334,2000,5899.938,5562.018,2000,6219.361,5226.462,2000,6112.532,5422.903,2000,6563.871,5613.806,2000,6613.344
6180.518,2000,6268.586,5804.904,2000,5590.933,6315.491,2000,6136.418,5901.926,2000,5615.191,6270.986,2000,6225.974,5251.53,2000,6209.134,5605.938,2000,5651.576,5976.346,2000,5682.045,5513.992,2000,6606.888,5998.173,2000,5779.639,5316.152,2000,5936.771,5863.967,2000,6249.571,5243.582,2000,6013.729,5701.468,2000,5602.637,5839.864,2000,5941.302,5566.275,2000,5899.648,5561.996,2000,6219.066,5226.625,2000,6112.285,5422.91,2000,6563.575,5613.809,2000,6613.048
6180.122,2000,6268.309,5804.422,2000,5590.891,6315.092,2000,6136.145,5901.444,2000,5615.155,6270.589,2000,6225.698,5251.792,2000,6208.728,5605.455,2000,5651.586,5975.864,2000,5682.011,5513.995,2000,6606.404,5997.691,2000,5779.606,5316.416,2000,5936.366,5863.715,2000,6249.158,5243.85,2000,6013.327,5700.984,2000,5602.629,5839.486,2000,5941.001,5566.178,2000,5899.175,5561.96,2000,6218.584,5226.883,2000,6111.876,5422.904,2000,6563.092,5613.796,2000,6612.564
6179.801,2000,6268.08,5804.029,2000,5590.87,6314.766,2000,6135.923,5901.051,2000,5615.13,6270.266,2000,6225.473,5251.999,2000,6208.393,5605.061,2000,5651.599,5975.471,2000,5681.985,5513.984,2000,6606.011,5997.298,2000,5779.574,5316.638,2000,5936.041,5863.511,2000,6248.821,5244.058,2000,6012.992,5700.59,2000,5602.627,5839.178,2000,5940.755,5566.098,2000,5898.789,5561.931,2000,6218.191,5227.105,2000,6111.551,5422.911,2000,6562.698,5613.799,2000,6612.17
6179.281,2000,6267.734,5803.404,2000,5590.857,6314.262,2000,6135.555,5900.427,2000,5615.098,6269.741,2000,6225.134,5252.346,2000,6207.873,5604.437,2000,5651.613,5974.85,2000,5681.923,5513.988,2000,6605.386,5996.674,2000,5779.542,5316.974,2000,5935.514,5863.186,2000,6248.288,5244.404,2000,6012.472,5699.966,2000,5602.63,5838.689,2000,5940.366,5565.969,2000,5898.178,5561.884,2000,6217.568,5227.439,2000,6111.023,5422.902,2000,6562.073,5613.784,2000,6611.546
6178.866,2000,6267.477,5802.916,2000,5590.854,6313.858,2000,6135.279,5899.939,2000,5615.074,6269.339,2000,6224.856,5252.604,2000,6207.458,5603.948,2000,5651.633,5974.362,2000,5681.891,5513.976,2000,6604.898,5996.188,2000,5779.502,5317.248,2000,5935.109,5862.931,2000,6247.871,5244.668,2000,6012.062,5699.478,2000,5602.641,5838.307,2000,5940.062,5565.868,2000,5897.7,5561.847,2000,6217.081,5227.71,2000,6110.617,5422.91,2000,6561.585,5613.787,2000,6611.057
6178.237,2000,6267.057,5802.16,2000,5590.851,6313.234,2000,6134.852,5899.184,2000,5615.052,6268.706,2000,6224.443,5253.024,2000,6206.83,5603.193,2000,5651.666,5973.608,2000,5681.843,5513.98,2000,6604.142,5995.434,2000,5779.446,5317.662,2000,5934.477,5862.538,2000,6247.226,5245.093,2000,6011.436,5698.722,2000,5602.663,5837.715,2000,5939.592,5565.709,2000,5896.96,5561.789,2000,6216.327,5228.109,2000,6109.975,5422.897,2000,6560.829,5613.768,2000,6610.301
6177.776,2000,6266.728,5801.593,2000,5590.831,6312.757,2000,6134.547,5898.617,2000,5615.053,6268.24,2000,6224.121,5253.324,2000,6206.349,5602.628,2000,5651.709,5973.042,2000,5681.826,5513.966,2000,6603.576,5994.87,2000,5779.386,5317.987,2000,5934.013,5862.242,2000,6246.742,5245.396,2000,6010.957,5698.156,2000,5602.698,5837.271,2000,5939.239,5565.589,2000,5896.407,5561.745,2000,6215.762,5228.424,2000,6109.503,5422.906,2000,6560.263,5613.772,2000,6609.735
6177.107,2000,6266.281,5800.789,2000,5590.828,6312.077,2000,6134.117,5897.813,2000,5615.029,6267.593,2000,6223.643,5253.771,2000,6205.68,5601.828,2000,5651.797,5972.239,2000,5681.774,5513.918,2000,6602.772,5994.068,2000,5779.327,5318.453,2000,5933.357,5861.822,2000,6246.056,5245.803,2000,6010.263,5697.355,2000,5602.774,5836.641,2000,5938.739,5565.417,2000,5895.621,5561.681,2000,6214.96,5228.849,2000,6108.82,5422.933,2000,6559.458,5613.805,2000,6608.931
6176.632,2000,6265.942,5800.205,2000,5590.807,6311.594,2000,6133.789,5897.23,2000,5614.993,6267.113,2000,6223.311,5254.08,2000,6205.185,5601.25,2000,5651.88,5971.658,2000,5681.718,5513.903,2000,6602.189,5993.485,2000,5779.303,5318.787,2000,5932.879,5861.517,2000,6245.559,5246.115,2000,6009.77,5696.776,2000,5602.848,5836.184,2000,5938.376,5565.292,2000,5895.051,5561.634,2000,6214.378,5229.167,2000,6108.331,5422.95,2000,6558.875,5613.809,2000,6608.348
6176.072,2000,6265.514,5799.502,2000,5590.758,6311.024,2000,6133.374,5896.528,2000,5614.926,6266.52,2000,6222.93,5254.434,2000,6204.575,5600.557,2000,5652.002,5970.959,2000,5681.627,5513.908,2000,6601.484,5992.78,2000,5779.297,5319.197,2000,5932.305,5861.149,2000,6244.958,5246.511,2000,6009.187,5696.081,2000,5602.96,5835.631,2000,5937.938,5565.138,2000,5894.363,5561.577,2000,6213.675,5229.549,2000,6107.738,5422.977,2000,6558.171,5613.792,2000,6607.643
6175.625,2000,6265.194,5798.956,2000,5590.703,6310.57,2000,6133.065,5895.984,2000,5614.856,6266.068,2000,6222.618,5254.725,2000,6204.11,5600.02,2000,5652.115,5970.413,2000,5681.575,5513.911,2000,6600.936,5992.232,2000,5779.275,5319.525,2000,5931.865,5860.862,2000,6244.49,5246.834,2000,6008.743,5695.542,2000,5603.066,5835.201,2000,5937.598,5565.018,2000,5893.827,5561.532,2000,6213.128,5229.831,2000,6107.268,5423.011,2000,6557.623,5613.763,2000,6607.095
6175.076,2000,6264.828,5798.301,2000,5590.614,6310.012,2000,6132.712,5895.332,2000,5614.75,6265.538,2000,6222.225,5255.093,2000,6203.562,5599.378,2000,5652.272,5969.753,2000,5681.533,5513.914,2000,6600.275,5991.573,2000,5779.226,5319.927,2000,5931.341,5860.516,2000,6243.927,5247.205,2000,6008.196,5694.892,2000,5603.183,5834.684,2000,5937.188,5564.871,2000,5893.183,5561.478,2000,6212.47,5230.152,2000,6106.69,5423.048,2000,6556.963,5613.731,2000,6606.436
6174.637,2000,6264.556,5797.792,2000,5590.528,6309.585,2000,6132.422,5894.825,2000,5614.651,6265.113,2000,6221.931,5255.367,2000,6203.124,5598.881,2000,5652.412,5969.237,2000,5681.517,5513.916,2000,6599.759,5991.06,2000,5779.171,5320.236,2000,5930.927,5860.246,2000,6243.487,5247.481,2000,6007.76,5694.386,2000,5603.286,5834.279,2000,5936.867,5564.755,2000,5892.68,5561.434,2000,6211.956,5230.418,2000,6106.248,5423.08,2000,6556.448,5613.702,2000,6605.92
6173.943,2000,6264.094,5796.975,2000,5590.363,6308.911,2000,6131.931,5894.002,2000,5614.518,6264.411,2000,6221.48,5255.786,2000,6202.403,5598.08,2000,5652.643,5968.405,2000,5681.464,5513.892,2000,6598.925,5990.23,2000,5779.087,5320.715,2000,5930.245,5859.809,2000,6242.777,5247.903,2000,6007.041,5693.564,2000,5603.424,5833.625,2000,5936.349,5564.568,2000,5891.867,5561.364,2000,6211.125,5230.87,2000,6105.547,5423.12,2000,6555.615,5613.683,2000,6605.086
6173.773,2000,6263.973,5796.772,2000,5590.315,6308.747,2000,6131.803,5893.795,2000,5614.492,6264.232,2000,6221.373,5255.885,2000,6202.219,5597.881,2000,5652.708,5968.197,2000,5681.454,5513.879,2000,6598.717,5990.024,2000,5779.059,5320.839,2000,5930.077,5859.699,2000,6242.6,5248.003,2000,6006.857,5693.36,2000,5603.466,5833.461,2000,5936.22,5564.521,2000,5891.664,5561.346,2000,6210.917,5230.989,2000,6105.376,5423.135,2000,6555.407,5613.685,2000,6604.878
6173.214,2000,6263.6,5796.12,2000,5590.152,6308.204,2000,6131.407,5893.126,2000,5614.428,6263.667,2000,6221.009,5256.224,2000,6201.638,5597.236,2000,5652.896,5967.527,2000,5681.399,5513.815,2000,6598.048,5989.356,2000,5778.98,5321.222,2000,5929.524,5859.347,2000,6242.027,5248.305,2000,6006.256,5692.697,2000,5603.578,5832.934,2000,5935.803,5564.367,2000,5891.009,5561.289,2000,6210.248,5231.354,2000,6104.811,5423.161,2000,6554.735,5613.713,2000,6604.206
6172.781,2000,6263.331,5795.626,2000,5590.029,6307.782,2000,6131.121,5892.618,2000,5614.396,6263.248,2000,6220.72,5256.494,2000,6201.207,5596.747,2000,5653.036,5967.021,2000,5681.341,5513.784,2000,6597.54,5988.849,2000,5778.938,5321.5,2000,5929.097,5859.08,2000,6241.594,5248.548,2000,6005.809,5692.195,2000,5603.666,5832.535,2000,5935.487,5564.25,2000,5890.514,5561.245,2000,6209.74,5231.616,2000,6104.375,5423.168,2000,6554.226,5613.718,2000,6603.697
6172.517,2000,6263.179,5795.328,2000,5589.964,6307.524,2000,6130.957,5892.313,2000,5614.387,6263.002,2000,6220.538,5256.665,2000,6200.953,5596.455,2000,5653.128,5966.717,2000,5681.316,5513.775,2000,6597.234,5988.545,2000,5778.902,5321.674,2000,5928.847,5858.919,2000,6241.334,5248.703,2000,6005.546,5691.896,2000,5603.728,5832.295,2000,5935.297,5564.179,2000,5890.216,5561.218,2000,6209.436,5231.764,2000,6104.107,5423.182,2000,6553.921,5613.711,2000,6603.392
6171.951,2000,6262.828,5794.673,2000,5589.845,6306.967,2000,6130.593,5891.648,2000,5614.356,6262.455,2000,6220.16,5257.055,2000,6200.414,5595.816,2000,5653.313,5966.056,2000,5681.24,5513.778,2000,6596.569,5987.882,2000,5778.846,5322.048,2000,5928.296,5858.569,2000,6240.768,5249.058,2000,6004.983,5691.241,2000,5603.843,5831.773,2000,5934.885,5564.024,2000,5889.569,5561.16,2000,6208.773,5232.068,2000,6103.516,5423.205,2000,6553.256,5613.674,2000,6602.728
6171.563,2000,6262.569,5794.211,2000,5589.777,6306.569,2000,6130.348,5891.181,2000,5614.348,6262.066,2000,6219.901,5257.316,2000,6200.027,5595.368,2000,5653.443,5965.59,2000,5681.202,5513.775,2000,6596.102,5987.418,2000,5778.791,5322.32,2000,5927.917,5858.324,2000,6240.371,5249.294,2000,6004.581,5690.783,2000,5603.936,5831.406,2000,5934.595,5563.915,2000,5889.115,5561.118,2000,6208.308,5232.295,2000,6103.107,5423.233,2000,6552.79,5613.647,2000,6602.261
6171.108,2000,6262.244,5793.657,2000,5589.713,6306.094,2000,6130.055,5890.623,2000,5614.336,6261.602,2000,6219.592,5257.612,2000,6199.554,5594.831,2000,5653.597,5965.033,2000,5681.175,5513.775,2000,6595.544,5986.866,2000,5778.714,5322.633,2000,5927.455,5858.03,2000,6239.896,5249.561,2000,6004.09,5690.234,2000,5604.037,5830.968,2000,5934.25,5563.784,2000,5888.573,5561.068,2000,6207.752,5232.583,2000,6102.629,5423.26,2000,6552.232,5613.616,2000,6601.704
6170.943,2000,6262.118,5793.45,2000,5589.696,6305.92,2000,6129.94,5890.414,2000,5614.339,6261.424,2000,6219.482,5257.717,2000,6199.374,5594.633,2000,5653.66,5964.826,2000,5681.158,5513.775,2000,6595.335,5986.659,2000,5778.692,5322.754,2000,5927.285,5857.92,2000,6239.719,5249.654,2000,6003.904,5690.031,2000,5604.082,5830.805,2000,5934.121,5563.734,2000,5888.37,5561.05,2000,6207.545,5232.695,2000,6102.454,5423.275,2000,6552.024,5613.6,2000,6601.497
6170.469,2000,6261.77,5792.863,2000,5589.667,6305.441,2000,6129.601,5889.827,2000,5614.338,6260.915,2000,6219.19,5258.009,2000,6198.864,5594.068,2000,5653.824,5964.242,2000,5681.091,5513.774,2000,6594.748,5986.073,2000,5778.65,5323.079,2000,5926.795,5857.611,2000,6239.219,5249.901,2000,6003.371,5689.456,2000,5604.204,5830.343,2000,5933.757,5563.594,2000,5887.799,5560.997,2000,6206.96,5233.03,2000,6101.971,5423.304,2000,6551.438,5613.57,2000,6600.91
6170.132,2000,6261.539,5792.454,2000,5589.661,6305.1,2000,6129.375,5889.418,2000,5614.325,6260.567,2000,6218.975,5258.214,2000,6198.51,5593.676,2000,5653.941,5963.837,2000,5681.031,5513.761,2000,6594.339,5985.664,2000,5778.634,5323.297,2000,5926.449,5857.396,2000,6238.872,5250.084,2000,6003.005,5689.059,2000,5604.3,5830.022,2000,5933.503,5563.496,2000,5887.402,5560.959,2000,6206.553,5233.251,2000,6101.627,5423.327,2000,6551.029,5613.562,2000,6600.5
6169.798,2000,6261.327,5792.059,2000,5589.667,6304.764,2000,6129.168,5889.023,2000,5614.298,6260.238,2000,6218.756,5258.406,2000,6198.165,5593.299,2000,5654.059,5963.445,2000,5680.986,5513.734,2000,6593.945,5985.27,2000,5778.605,5323.513,2000,5926.118,5857.188,2000,6238.536,5250.273,2000,6002.658,5688.676,2000,5604.399,5829.711,2000,5933.259,5563.401,2000,5887.019,5560.923,2000,6206.159,5233.455,2000,6101.289,5423.345,2000,6550.634,5613.567,2000,6600.105
6169.536,2000,6261.171,5791.754,2000,5589.682,6304.502,2000,6129.011,5888.72,2000,5614.268,6259.989,2000,6218.579,5258.55,2000,6197.896,5593.008,2000,5654.152,5963.141,2000,5680.961,5513.724,2000,6593.64,5984.966,2000,5778.574,5323.686,2000,5925.867,5857.026,2000,6238.276,5250.428,2000,6002.395,5688.382,2000,5604.483,5829.472,2000,5933.07,5563.327,2000,5886.722,5560.896,2000,6205.855,5233.613,2000,6101.027,5423.357,2000,6550.329,5613.562,2000,6599.8
6169.142,2000,6260.955,5791.306,2000,5589.719,6304.12,2000,6128.773,5888.274,2000,5614.209,6259.632,2000,6218.306,5258.763,2000,6197.5,5592.582,2000,5654.293,5962.691,2000,5680.939,5513.724,2000,6593.19,5984.521,2000,5778.512,5323.942,2000,5925.497,5856.789,2000,6237.895,5250.668,2000,6002.015,5687.95,2000,5604.607,5829.119,2000,5932.792,5563.218,2000,5886.286,5560.854,2000,6205.408,5233.845,2000,6100.642,5423.377,2000,6549.88,5613.538,2000,6599.351
6168.832,2000,6260.771,5790.948,2000,5589.76,6303.821,2000,6128.573,5887.919,2000,5614.15,6259.339,2000,6218.097,5258.932,2000,6197.182,5592.24,2000,5654.407,5962.333,2000,5680.91,5513.723,2000,6592.83,5984.163,2000,5778.475,5324.152,2000,5925.205,5856.599,2000,6237.589,5250.87,2000,6001.717,5687.606,2000,5604.715,5828.836,2000,5932.569,5563.13,2000,5885.937,5560.82,2000,6205.049,5234.035,2000,6100.336,5423.4,2000,6549.521,5613.513,2000,6598.992
6168.45,2000,6260.528,5790.496,2000,5589.797,6303.453,2000,6128.309,5887.474,2000,5614.061,6258.961,2000,6217.846,5259.157,2000,6196.789,5591.81,2000,5654.552,5961.882,2000,5680.858,5513.707,2000,6592.377,5983.71,2000,5778.442,5324.42,2000,5924.839,5856.36,2000,6237.204,5251.137,2000,6001.351,5687.173,2000,5604.849,5828.479,2000,5932.288,5563.019,2000,5885.498,5560.778,2000,6204.598,5234.261,2000,6099.944,5423.427,2000,6549.068,5613.496,2000,6598.539
6168.278,2000,6260.41,5790.288,2000,5589.807,6303.288,2000,6128.182,5887.271,2000,5614.014,6258.784,2000,6217.736,5259.267,2000,6196.611,5591.613,2000,5654.619,5961.676,2000,5680.827,5513.692,2000,6592.169,5983.502,2000,5778.434,5324.547,2000,5924.674,5856.25,2000,6237.027,5251.262,2000,6001.184,5686.977,2000,5604.917,5828.316,2000,5932.159,5562.968,2000,5885.295,5560.758,2000,6204.39,5234.359,2000,6099.76,5423.441,2000,6548.86,5613.495,2000,6598.331
6167.975,2000,6260.188,5789.913,2000,5589.813,6302.982,2000,6127.962,5886.903,2000,5613.94,6258.471,2000,6217.528,5259.454,2000,6196.286,5591.258,2000,5654.743,5961.303,2000,5680.784,5513.655,2000,6591.795,5983.128,2000,5778.407,5324.775,2000,5924.375,5856.052,2000,6236.708,5251.481,2000,6000.878,5686.618,2000,5605.027,5828.021,2000,5931.927,5562.875,2000,5884.931,5560.723,2000,6204.016,5234.547,2000,6099.435,5423.455,2000,6548.484,5613.505,2000,6597.955
6167.776,2000,6260.032,5789.66,2000,5589.81,6302.773,2000,6127.822,5886.654,2000,5613.898,6258.266,2000,6217.382,5259.572,2000,6196.063,5591.019,2000,5654.823,5961.051,2000,5680.764,5513.638,2000,6591.543,5982.877,2000,5778.38,5324.927,2000,5924.174,5855.918,2000,6236.494,5251.632,2000,6000.676,5686.377,2000,5605.104,5827.823,2000,5931.771,5562.813,2000,5884.687,5560.699,2000,6203.765,5234.68,2000,6099.221,5423.466,2000,6548.232,5613.503,2000,6597.703
6167.487,2000,6259.797,5789.288,2000,5589.792,6302.457,2000,6127.625,5886.285,2000,5613.85,6257.963,2000,6217.164,5259.757,2000,6195.74,5590.666,2000,5654.941,5960.68,2000,5680.737,5513.625,2000,6591.171,5982.508,2000,5778.329,5325.152,2000,5923.877,5855.722,2000,6236.177,5251.845,2000,6000.371,5686.019,2000,5605.206,5827.53,2000,5931.54,5562.72,2000,5884.326,5560.664,2000,6203.395,5234.866,2000,6098.898,5423.479,2000,6547.86,5613.489,2000,6597.331
6167.258,2000,6259.608,5788.992,2000,5589.767,6302.21,2000,6127.459,5885.989,2000,5613.82,6257.716,2000,6216.998,5259.914,2000,6195.487,5590.382,2000,5655.032,5960.383,2000,5680.718,5513.624,2000,6590.874,5982.214,2000,5778.282,5325.33,2000,5923.639,5855.564,2000,6235.925,5252.007,2000,6000.121,5685.733,2000,5605.288,5827.296,2000,5931.356,5562.646,2000,5884.038,5560.635,2000,6203.098,5235.006,2000,6098.636,5423.496,2000,6547.563,5613.468,2000,6597.034
6167.029,2000,6259.432,5788.705,2000,5589.734,6301.976,2000,6127.291,5885.701,2000,5613.801,6257.472,2000,6216.845,5260.057,2000,6195.236,5590.107,2000,5655.121,5960.096,2000,5680.69,5513.632,2000,6590.585,5981.928,2000,5778.246,5325.5,2000,5923.405,5855.412,2000,6235.68,5252.156,2000,5999.874,5685.455,2000,5605.365,5827.069,2000,5931.177,5562.573,2000,5883.758,5560.607,2000,6202.811,5235.15,2000,6098.386,5423.503,2000,6547.275,5613.446,2000,6596.746
6166.802,2000,6259.268,5788.428,2000,5589.693,6301.743,2000,6127.135,5885.421,2000,5613.792,6257.239,2000,6216.688,5260.188,2000,6194.989,5589.841,2000,5655.206,5959.818,2000,5680.654,5513.65,2000,6590.306,5981.649,2000,5778.22,5325.663,2000,5923.177,5855.264,2000,6235.442,5252.292,2000,5999.63,5685.185,2000,5605.438,5826.849,2000,5931.004,5562.503,2000,5883.487,5560.581,2000,6202.532,5235.298,2000,6098.148,5423.5,2000,6546.995,5613.427,2000,6596.467
6166.618,2000,6259.145,5788.21,2000,5589.654,6301.555,2000,6127.018,5885.2,2000,5613.792,6257.06,2000,6216.559,5260.299,2000,6194.797,5589.629,2000,5655.272,5959.599,2000,5680.618,5513.657,2000,6590.084,5981.428,2000,5778.206,5325.791,2000,5922.996,5855.146,2000,6235.254,5252.395,2000,5999.433,5684.971,2000,5605.498,5826.674,2000,5930.867,5562.447,2000,5883.272,5560.559,2000,6202.312,5235.409,2000,6097.956,5423.506,2000,6546.773,5613.419,2000,6596.245
6166.267,2000,6258.925,5787.806,2000,5589.566,6301.211,2000,6126.788,5884.786,2000,5613.805,6256.716,2000,6216.328,5260.517,2000,6194.445,5589.234,2000,5655.396,5959.193,2000,5680.538,5513.656,2000,6589.671,5981.014,2000,5778.194,5326.018,2000,5922.65,5854.927,2000,6234.903,5252.573,2000,5999.059,5684.569,2000,5605.597,5826.349,2000,5930.611,5562.342,2000,5882.872,5560.519,2000,6201.899,5235.604,2000,6097.59,5423.529,2000,6546.36,5613.418,2000,6595.832
6166.087,2000,6258.821,5787.604,2000,5589.516,6301.042,2000,6126.666,5884.578,2000,5613.805,6256.54,2000,6216.217,5260.62,2000,6194.264,5589.035,2000,5655.458,5958.988,2000,5680.504,5513.648,2000,6589.463,5980.806,2000,5778.182,5326.135,2000,5922.478,5854.816,2000,6234.726,5252.656,2000,5998.868,5684.368,2000,5605.651,5826.185,2000,5930.482,5562.289,2000,5882.67,5560.499,2000,6201.692,5235.708,2000,6097.41,5423.534,2000,6546.152,5613.424,2000,6595.624
6165.781,2000,6258.656,5787.267,2000,5589.432,6300.766,2000,6126.454,5884.23,2000,5613.793,6256.239,2000,6216.043,5260.783,2000,6193.958,5588.703,2000,5655.56,5958.644,2000,5680.459,5513.625,2000,6589.117,5980.46,2000,5778.149,5326.321,2000,5922.185,5854.632,2000,6234.432,5252.785,2000,5998.545,5684.03,2000,5605.731,5825.912,2000,5930.268,5562.201,2000,5882.334,5560.464,2000,6201.346,5235.891,2000,6097.115,5423.531,2000,6545.805,5613.446,2000,6595.277
6165.595,2000,6258.563,5787.064,2000,5589.381,6300.597,2000,6126.333,5884.022,2000,5613.78,6256.063,2000,6215.933,5260.887,2000,6193.777,5588.504,2000,5655.62,5958.436,2000,5680.439,5513.618,2000,6588.909,5980.254,2000,5778.123,5326.436,2000,5922.01,5854.522,2000,6234.255,5252.868,2000,5998.354,5683.829,2000,5605.784,5825.748,2000,5930.139,5562.147,2000,5882.133,5560.444,2000,6201.139,5235.995,2000,6096.934,5423.522,2000,6545.597,5613.453,2000,6595.069
6165.354,2000,6258.434,5786.799,2000,5589.314,6300.369,2000,6126.18,5883.75,2000,5613.753,6255.834,2000,6215.782,5261.031,2000,6193.544,5588.242,2000,5655.7,5958.163,2000,5680.421,5513.617,2000,6588.635,5979.983,2000,5778.08,5326.584,2000,5921.78,5854.377,2000,6234.022,5252.986,2000,5998.107,5683.562,2000,5605.846,5825.533,2000,5929.97,5562.077,2000,5881.868,5560.417,2000,6200.866,5236.124,2000,6096.692,5423.501,2000,6545.324,5613.452,2000,6594.795
6165.173,2000,6258.329,5786.597,2000,5589.263,6300.192,2000,6126.07,5883.543,2000,5613.726,6255.661,2000,6215.666,5261.134,2000,6193.363,5588.042,2000,5655.759,5957.955,2000,5680.415,5513.624,2000,6588.427,5979.778,2000,5778.045,5326.702,2000,5921.608,5854.267,2000,6233.846,5253.082,2000,5997.922,5683.36,2000,5605.898,5825.369,2000,5929.841,5562.023,2000,5881.667,5560.396,2000,6200.659,5236.228,2000,6096.512,5423.479,2000,6545.117,5613.445,2000,6594.587
6164.883,2000,6258.147,5786.264,2000,5589.179,6299.898,2000,6125.894,5883.205,2000,5613.669,6255.374,2000,6215.479,5261.295,2000,6193.061,5587.713,2000,5655.857,5957.612,2000,5680.415,5513.623,2000,6588.084,5979.438,2000,5777.997,5326.891,2000,5921.322,5854.085,2000,6233.555,5253.249,2000,5997.623,5683.026,2000,5605.974,5825.099,2000,5929.629,5561.935,2000,5881.335,5560.362,2000,6200.317,5236.403,2000,6096.217,5423.454,2000,6544.775,5613.424,2000,6594.245
6164.71,2000,6258.031,5786.062,2000,5589.128,6299.718,2000,6125.789,5883.001,2000,5613.628,6255.201,2000,6215.362,5261.399,2000,6192.88,5587.514,2000,5655.917,5957.404,2000,5680.408,5513.615,2000,6587.876,5979.231,2000,5777.975,5327.012,2000,5921.152,5853.975,2000,6233.378,5253.356,2000,5997.444,5682.824,2000,5606.026,5824.935,2000,5929.501,5561.881,2000,5881.134,5560.342,2000,6200.11,5236.504,2000,6096.035,5423.445,2000,6544.567,5613.418,2000,6594.037
6164.433,2000,6257.832,5785.73,2000,5589.044,6299.425,2000,6125.613,5882.668,2000,5613.55,6254.917,2000,6215.171,5261.579,2000,6192.589,5587.186,2000,5656.014,5957.063,2000,5680.386,5513.592,2000,6587.535,5978.891,2000,5777.949,5327.208,2000,5920.873,5853.793,2000,6233.088,5253.542,2000,5997.158,5682.491,2000,5606.101,5824.666,2000,5929.29,5561.793,2000,5880.804,5560.308,2000,6199.77,5236.659,2000,6095.73,5423.441,2000,6544.225,5613.419,2000,6593.695
6164.268,2000,6257.704,5785.528,2000,5588.993,6299.245,2000,6125.508,5882.464,2000,5613.509,6254.746,2000,6215.053,5261.682,2000,6192.408,5586.986,2000,5656.073,5956.855,2000,5680.366,5513.584,2000,6587.327,5978.683,2000,5777.94,5327.331,2000,5920.704,5853.683,2000,6232.911,5253.662,2000,5996.987,5682.289,2000,5606.153,5824.502,2000,5929.162,5561.739,2000,5880.603,5560.287,2000,6199.562,5236.76,2000,6095.548,5423.446,2000,6544.017,5613.413,2000,6593.487
6164.107,2000,6257.571,5785.326,2000,5588.942,6299.069,2000,6125.396,5882.258,2000,5613.475,6254.571,2000,6214.939,5261.78,2000,6192.224,5586.787,2000,5656.133,5956.648,2000,5680.339,5513.583,2000,6587.119,5978.474,2000,5777.938,5327.455,2000,5920.537,5853.572,2000,6232.734,5253.786,2000,5996.819,5682.088,2000,5606.208,5824.338,2000,5929.033,5561.685,2000,5880.402,5560.266,2000,6199.354,5236.866,2000,6095.369,5423.458,2000,6543.809,5613.4,2000,6593.279
6163.907,2000,6257.409,5785.076,2000,5588.879,6298.855,2000,6125.252,5882.003,2000,5613.441,6254.35,2000,6214.807,5261.897,2000,6191.995,5586.54,2000,5656.208,5956.392,2000,5680.314,5513.591,2000,6586.861,5978.216,2000,5777.927,5327.61,2000,5920.33,5853.436,2000,6232.516,5253.932,2000,5996.607,5681.838,2000,5606.271,5824.135,2000,5928.874,5561.617,2000,5880.153,5560.24,2000,6199.098,5237.005,2000,6095.152,5423.464,2000,6543.551,5613.378,2000,6593.022
6163.741,2000,6257.283,5784.874,2000,5588.828,6298.679,2000,6125.141,5881.795,2000,5613.421,6254.175,2000,6214.693,5261.998,2000,6191.813,5586.34,2000,5656.267,5956.184,2000,5680.301,5513.59,2000,6586.652,5978.009,2000,5777.912,5327.733,2000,5920.163,5853.325,2000,6232.339,5254.045,2000,5996.432,5681.637,2000,5606.326,5823.971,2000,5928.746,5561.563,2000,5879.952,5560.219,2000,6198.891,5237.112,2000,6094.973,5423.462,2000,6543.342,5613.367,2000,6592.814
6163.571,2000,6257.162,5784.672,2000,5588.776,6298.501,2000,6125.033,5881.587,2000,5613.407,6254.003,2000,6214.575,5262.104,2000,6191.634,5586.14,2000,5656.325,5955.976,2000,5680.289,5513.582,2000,6586.444,5977.802,2000,5777.889,5327.852,2000,5919.992,5853.214,2000,6232.163,5254.152,2000,5996.253,5681.434,2000,5606.375,5823.807,2000,5928.617,5561.508,2000,5879.75,5560.198,2000,6198.684,5237.212,2000,6094.791,5423.453,2000,6543.134,5613.363,2000,6592.605
6163.397,2000,6257.047,5784.47,2000,5588.725,6298.326,2000,6124.919,5881.379,2000,5613.4,6253.829,2000,6214.461,5262.216,2000,6191.458,5585.939,2000,5656.38,5955.768,2000,5680.277,5513.567,2000,6586.237,5977.595,2000,5777.862,5327.968,2000,5919.819,5853.103,2000,6231.986,5254.253,2000,5996.071,5681.23,2000,5606.416,5823.643,2000,5928.489,5561.454,2000,5879.549,5560.177,2000,6198.477,5237.307,2000,6094.605,5423.438,2000,6542.927,5613.365,2000,6592.397
6163.219,2000,6256.938,5784.266,2000,5588.681,6298.155,2000,6124.8,5881.171,2000,5613.391,6253.65,2000,6214.354,5262.323,2000,6191.28,5585.737,2000,5656.431,5955.56,2000,5680.258,5513.546,2000,6586.03,5977.388,2000,5777.842,5328.082,2000,5919.644,5852.992,2000,6231.81,5254.348,2000,5995.885,5681.024,2000,5606.451,5823.479,2000,5928.36,5561.399,2000,5879.348,5560.156,2000,6198.27,5237.408,2000,6094.423,5423.415,2000,6542.72,5613.375,2000,6592.189
6163.038,2000,6256.835,5784.061,2000,5588.643,6297.98,2000,6124.687,5880.963,2000,5613.382,6253.475,2000,6214.241,5262.423,2000,6191.098,5585.534,2000,5656.479,5955.354,2000,5680.232,5513.531,2000,6585.822,5977.18,2000,5777.828,5328.192,2000,5919.467,5852.881,2000,6231.633,5254.437,2000,5995.697,5680.818,2000,5606.481,5823.314,2000,5928.232,5561.344,2000,5879.147,5560.135,2000,6198.063,5237.514,2000,6094.244,5423.386,2000,6542.514,5613.377,2000,6591.98
6162.854,2000,6256.738,5783.855,2000,5588.611,6297.802,2000,6124.579,5880.755,2000,5613.373,6253.304,2000,6214.122,5262.522,2000,6190.914,5585.331,2000,5656.524,5955.146,2000,5680.213,5513.522,2000,6585.614,5976.972,2000,5777.808,5328.299,2000,5919.289,5852.771,2000,6231.457,5254.519,2000,5995.505,5680.612,2000,5606.512,5823.15,2000,5928.104,5561.29,2000,5878.946,5560.114,2000,6197.856,5237.626,2000,6094.068,5423.363,2000,6542.307,5613.373,2000,6591.772
6162.667,2000,6256.647,5783.648,2000,5588.587,6297.627,2000,6124.466,5880.547,2000,5613.368,6253.129,2000,6214.009,5262.626,2000,6190.734,5585.128,2000,5656.57,5954.938,2000,5680.201,5513.513,2000,6585.406,5976.766,2000,5777.781,5328.403,2000,5919.108,5852.66,2000,6231.281,5254.608,2000,5995.317,5680.406,2000,5606.544,5822.986,2000,5927.975,5561.234,2000,5878.745,5560.093,2000,6197.649,5237.733,2000,6093.889,5423.348,2000,6542.099,5613.361,2000,6591.564
6162.482,2000,6256.55,5783.44,2000,5588.569,6297.457,2000,6124.347,5880.339,2000,5613.361,6252.95,2000,6213.901,5262.737,2000,6190.557,5584.924,2000,5656.612,5954.73,2000,5680.182,5513.502,2000,6585.198,5976.558,2000,5777.76,5328.505,2000,5918.926,5852.549,2000,6231.104,5254.703,2000,5995.131,5680.2,2000,5606.571,5822.822,2000,5927.847,5561.179,2000,5878.543,5560.071,2000,6197.442,5237.833,2000,6093.707,5423.339,2000,6541.891,5613.347,2000,6591.356
6162.301,2000,6256.447,5783.232,2000,5588.559,6297.282,2000,6124.233,5880.131,2000,5613.349,6252.774,2000,6213.79,5262.841,2000,6190.377,5584.719,2000,5656.651,5954.524,2000,5680.156,5513.493,2000,6584.99,5976.35,2000,5777.747,5328.611,2000,5918.747,5852.438,2000,6230.928,5254.804,2000,5994.949,5679.993,2000,5606.599,5822.658,2000,5927.718,5561.124,2000,5878.343,5560.05,2000,6197.235,5237.938,2000,6093.527,5423.337,2000,6541.683,5613.331,2000,6591.148
6162.124,2000,6256.338,5783.024,2000,5588.555,6297.104,2000,6124.125,5879.923,2000,5613.329,6252.598,2000,6213.679,5262.952,2000,6190.2,5584.515,2000,5656.691,5954.316,2000,5680.137,5513.485,2000,6584.782,5976.143,2000,5777.726,5328.721,2000,5918.57,5852.327,2000,6230.752,5254.911,2000,5994.771,5679.787,2000,5606.628,5822.494,2000,5927.59,5561.069,2000,5878.142,5560.028,2000,6197.028,5238.038,2000,6093.344,5423.338,2000,6541.474,5613.316,2000,6590.94
6161.95,2000,6256.223,5782.815,2000,5588.558,6296.925,2000,6124.018,5879.717,2000,5613.303,6252.421,2000,6213.567,5263.056,2000,6190.02,5584.311,2000,5656.732,5954.108,2000,5680.125,5513.479,2000,6584.574,5975.936,2000,5777.699,5328.834,2000,5918.395,5852.216,2000,6230.576,5255.021,2000,5994.594,5679.582,2000,5606.661,5822.33,2000,5927.461,5561.014,2000,5877.941,5560.007,2000,6196.821,5238.143,2000,6093.165,5423.341,2000,6541.266,5613.303,2000,6590.732
6161.78,2000,6256.103,5782.607,2000,5588.567,6296.751,2000,6123.904,5879.511,2000,5613.27,6252.242,2000,6213.462,5263.156,2000,6189.837,5584.106,2000,5656.774,5953.901,2000,5680.105,5513.475,2000,6584.366,5975.729,2000,5777.679,5328.95,2000,5918.222,5852.105,2000,6230.399,5255.135,2000,5994.419,5679.376,2000,5606.696,5822.166,2000,5927.333,5560.958,2000,5877.741,5559.985,2000,6196.614,5238.251,2000,6092.987,5423.345,2000,6541.057,5613.291,2000,6590.524
6161.608,2000,6255.985,5782.4,2000,5588.583,6296.573,2000,6123.796,5879.305,2000,5613.243,6252.065,2000,6213.351,5263.258,2000,6189.655,5583.903,2000,5656.819,5953.694,2000,5680.08,5513.478,2000,6584.158,5975.521,2000,5777.665,5329.068,2000,5918.05,5851.995,2000,6230.223,5255.251,2000,5994.247,5679.172,2000,5606.734,5822.002,2000,5927.205,5560.903,2000,5877.54,5559.964,2000,6196.407,5238.36,2000,6092.809,5423.342,2000,6540.849,5613.279,2000,6590.316
6161.438,2000,6255.864,5782.192,2000,5588.591,6296.395,2000,6123.688,5879.097,2000,5613.224,6251.892,2000,6213.236,5263.366,2000,6189.477,5583.7,2000,5656.864,5953.489,2000,5680.047,5513.473,2000,6583.95,5975.313,2000,5777.658,5329.187,2000,5917.879,5851.884,2000,6230.047,5255.362,2000,5994.07,5678.967,2000,5606.775,5821.838,2000,5927.076,5560.848,2000,5877.339,5559.942,2000,6196.2,5238.462,2000,6092.628,5423.346,2000,6540.64,5613.274,2000,6590.108
6161.264,2000,6255.75,5781.983,2000,5588.593,6296.221,2000,6123.573,5878.891,2000,5613.197,6251.714,2000,6213.127,5263.479,2000,6189.302,5583.497,2000,5656.911,5953.282,2000,5680.021,5513.462,2000,6583.742,5975.104,2000,5777.645,5329.302,2000,5917.706,5851.773,2000,6229.871,5255.467,2000,5993.89,5678.763,2000,5606.813,5821.674,2000,5926.948,5560.792,2000,5877.139,5559.921,2000,6195.993,5238.559,2000,6092.443,5423.343,2000,6540.432,5613.276,2000,6589.9
6161.086,2000,6255.641,5781.775,2000,5588.588,6296.043,2000,6123.465,5878.685,2000,5613.164,6251.54,2000,6213.012,5263.587,2000,6189.124,5583.293,2000,5656.957,5953.075,2000,5680.002,5513.458,2000,6583.534,5974.897,2000,5777.624,5329.414,2000,5917.529,5851.662,2000,6229.694,5255.566,2000,5993.706,5678.558,2000,5606.849,5821.51,2000,5926.819,5560.736,2000,5876.938,5559.899,2000,6195.786,5238.662,2000,6092.262,5423.333,2000,6540.224,5613.271,2000,6589.692
6160.905,2000,6255.538,5781.567,2000,5588.577,6295.869,2000,6123.351,5878.479,2000,5613.138,6251.362,2000,6212.903,5263.689,2000,6188.942,5583.09,2000,5657,5952.868,2000,5679.98,5513.46,2000,6583.326,5974.69,2000,5777.597,5329.521,2000,5917.351,5851.551,2000,6229.518,5255.659,2000,5993.52,5678.352,2000,5606.882,5821.346,2000,5926.691,5560.681,2000,5876.737,5559.878,2000,6195.579,5238.77,2000,6092.084,5423.317,2000,6540.016,5613.26,2000,6589.484
6160.728,2000,6255.429,5781.359,2000,5588.558,6295.691,2000,6123.242,5878.271,2000,5613.118,6251.186,2000,6212.792,5263.792,2000,6188.761,5582.886,2000,5657.042,5952.661,2000,5679.959,5513.456,2000,6583.118,5974.484,2000,5777.569,5329.625,2000,5917.17,5851.44,2000,6229.342,5255.757,2000,5993.336,5678.146,2000,5606.911,5821.182,2000,5926.563,5560.625,2000,5876.537,5559.856,2000,6195.372,5238.873,2000,6091.903,5423.307,2000,6539.808,5613.256,2000,6589.275
6160.554,2000,6255.314,5781.152,2000,5588.533,6295.517,2000,6123.128,5878.063,2000,5613.105,6251.006,2000,6212.687,5263.89,2000,6188.577,5582.681,2000,5657.081,5952.453,2000,5679.939,5513.444,2000,6582.91,5974.277,2000,5777.541,5329.732,2000,5916.992,5851.33,2000,6229.166,5255.862,2000,5993.156,5677.939,2000,5606.937,5821.018,2000,5926.434,5560.569,2000,5876.336,5559.835,2000,6195.165,5238.976,2000,6091.722,5423.304,2000,6539.6,5613.258,2000,6589.067
6160.376,2000,6255.205,5780.946,2000,5588.501,6295.339,2000,6123.02,5877.855,2000,5613.099,6250.83,2000,6212.575,5263.988,2000,6188.394,5582.476,2000,5657.118,5952.246,2000,5679.923,5513.44,2000,6582.702,5974.071,2000,5777.513,5329.843,2000,5916.816,5851.219,2000,6228.989,5255.973,2000,5992.979,5677.732,2000,5606.959,5820.854,2000,5926.306,5560.513,2000,5876.135,5559.813,2000,6194.958,5239.08,2000,6091.542,5423.303,2000,6539.391,5613.254,2000,6588.858
6160.195,2000,6255.102,5780.742,2000,5588.463,6295.161,2000,6122.912,5877.647,2000,5613.086,6250.658,2000,6212.458,5264.087,2000,6188.21,5582.271,2000,5657.153,5952.038,2000,5679.913,5513.438,2000,6582.494,5973.864,2000,5777.488,5329.958,2000,5916.642,5851.108,2000,6228.813,5256.077,2000,5992.799,5677.525,2000,5606.978,5820.689,2000,5926.177,5560.457,2000,5875.935,5559.791,2000,6194.75,5239.189,2000,6091.364,5423.307,2000,6539.183,5613.243,2000,6588.65
6160.017,2000,6254.993,5780.539,2000,5588.417,6294.986,2000,6122.798,5877.439,2000,5613.067,6250.481,2000,6212.347,5264.192,2000,6188.031,5582.064,2000,5657.185,5951.83,2000,5679.896,5513.428,2000,6582.286,5973.657,2000,5777.469,5330.07,2000,5916.466,5850.997,2000,6228.637,5256.188,2000,5992.622,5677.317,2000,5606.993,5820.525,2000,5926.049,5560.401,2000,5875.734,5559.769,2000,6194.543,5239.293,2000,6091.184,5423.304,2000,6538.974,5613.238,2000,6588.442
6159.843,2000,6254.878,5780.337,2000,5588.366,6294.816,2000,6122.678,5877.231,2000,5613.054,6250.302,2000,6212.242,5264.303,2000,6187.854,5581.858,2000,5657.215,5951.623,2000,5679.873,5513.412,2000,6582.079,5973.449,2000,5777.458,5330.185,2000,5916.292,5850.886,2000,6228.46,5256.292,2000,5992.442,5677.109,2000,5607.004,5820.361,2000,5925.92,5560.345,2000,5875.533,5559.747,2000,6194.336,5239.392,2000,6091,5423.294,2000,6538.766,5613.241,2000,6588.233
6159.67,2000,6254.762,5780.135,2000,5588.315,6294.642,2000,6122.564,5877.024,2000,5613.035,6250.125,2000,6212.13,5264.408,2000,6187.675,5581.652,2000,5657.242,5951.417,2000,5679.843,5513.403,2000,6581.871,5973.24,2000,5777.453,5330.296,2000,5916.116,5850.775,2000,6228.284,5256.391,2000,5992.258,5676.901,2000,5607.012,5820.197,2000,5925.792,5560.289,2000,5875.333,5559.725,2000,6194.129,5239.496,2000,6090.819,5423.278,2000,6538.559,5613.236,2000,6588.025
6159.494,2000,6254.651,5779.934,2000,5588.264,6294.463,2000,6122.457,5876.817,2000,5613.008,6249.953,2000,6212.014,5264.507,2000,6187.492,5581.445,2000,5657.267,5951.21,2000,5679.819,5513.4,2000,6581.663,5973.032,2000,5777.441,5330.404,2000,5915.937,5850.665,2000,6228.108,5256.483,2000,5992.072,5676.693,2000,5607.019,5820.033,2000,5925.664,5560.232,2000,5875.132,5559.703,2000,6193.922,5239.605,2000,6090.642,5423.254,2000,6538.352,5613.225,2000,6587.817
6159.321,2000,6254.534,5779.732,2000,5588.212,6294.288,2000,6122.345,5876.612,2000,5612.975,6249.777,2000,6211.902,5264.61,2000,6187.311,5581.238,2000,5657.292,5951.002,2000,5679.803,5513.391,2000,6581.455,5972.825,2000,5777.422,5330.507,2000,5915.756,5850.554,2000,6227.932,5256.582,2000,5991.888,5676.485,2000,5607.025,5819.869,2000,5925.535,5560.176,2000,5874.931,5559.681,2000,6193.715,5239.709,2000,6090.461,5423.238,2000,6538.144,5613.215,2000,6587.609
6159.145,2000,6254.423,5779.53,2000,5588.161,6294.111,2000,6122.234,5876.407,2000,5612.935,6249.605,2000,6211.784,5264.719,2000,6187.133,5581.03,2000,5657.309,5950.794,2000,5679.793,5513.379,2000,6581.247,5972.617,2000,5777.401,5330.61,2000,5915.575,5850.443,2000,6227.755,5256.686,2000,5991.708,5676.276,2000,5607.024,5819.705,2000,5925.407,5560.12,2000,5874.73,5559.659,2000,6193.508,5239.808,2000,6090.277,5423.228,2000,6537.936,5613.204,2000,6587.401
6158.972,2000,6254.307,5779.329,2000,5588.109,6293.938,2000,6122.118,5876.202,2000,5612.902,6249.43,2000,6211.672,5264.822,2000,6186.952,5580.822,2000,5657.32,5950.587,2000,5679.776,5513.369,2000,6581.039,5972.409,2000,5777.386,5330.718,2000,5915.397,5850.332,2000,6227.579,5256.789,2000,5991.527,5676.068,2000,5607.016,5819.541,2000,5925.278,5560.064,2000,5874.53,5559.637,2000,6193.301,5239.912,2000,6090.096,5423.221,2000,6537.728,5613.189,2000,6587.193
6158.799,2000,6254.19,5779.127,2000,5588.057,6293.761,2000,6122.008,5875.995,2000,5612.875,6249.257,2000,6211.556,5264.924,2000,6186.77,5580.614,2000,5657.324,5950.38,2000,5679.754,5513.359,2000,6580.831,5972.202,2000,5777.365,5330.825,2000,5915.218,5850.221,2000,6227.403,5256.897,2000,5991.349,5675.86,2000,5607.004,5819.377,2000,5925.15,5560.007,2000,5874.329,5559.615,2000,6193.094,5240.016,2000,6089.916,5423.216,2000,6537.52,5613.177,2000,6586.985
6158.629,2000,6254.07,5778.925,2000,5588.005,6293.588,2000,6121.892,5875.788,2000,5612.856,6249.081,2000,6211.445,5265.025,2000,6186.588,5580.405,2000,5657.324,5950.173,2000,5679.733,5513.351,2000,6580.623,5971.996,2000,5777.34,5330.936,2000,5915.042,5850.11,2000,6227.227,5257.005,2000,5991.17,5675.652,2000,5606.99,5819.213,2000,5925.021,5559.951,2000,5874.128,5559.593,2000,6192.887,5240.121,2000,6089.736,5423.211,2000,6537.312,5613.165,2000,6586.777
6158.456,2000,6253.956,5778.724,2000,5587.954,6293.412,2000,6121.781,5875.58,2000,5612.843,6248.909,2000,6211.328,5265.128,2000,6186.407,5580.197,2000,5657.321,5949.965,2000,5679.712,5513.343,2000,6580.415,5971.789,2000,5777.314,5331.046,2000,5914.865,5850,2000,6227.05,5257.115,2000,5990.994,5675.445,2000,5606.973,5819.049,2000,5924.893,5559.894,2000,5873.928,5559.571,2000,6192.68,5240.227,2000,6089.556,5423.208,2000,6537.104,5613.154,2000,6586.569
6158.278,2000,6253.847,5778.52,2000,5587.909,6293.239,2000,6121.665,5875.372,2000,5612.824,6248.732,2000,6211.217,5265.231,2000,6186.226,5579.988,2000,5657.317,5949.758,2000,5679.695,5513.336,2000,6580.207,5971.582,2000,5777.29,5331.159,2000,5914.69,5849.889,2000,6226.874,5257.22,2000,5990.813,5675.237,2000,5606.956,5818.885,2000,5924.765,5559.837,2000,5873.727,5559.549,2000,6192.473,5240.338,2000,6089.38,5423.204,2000,6536.895,5613.143,2000,6586.361
6158.097,2000,6253.744,5778.315,2000,5587.87,6293.062,2000,6121.555,5875.165,2000,5612.799,6248.56,2000,6211.101,5265.339,2000,6186.048,5579.78,2000,5657.314,5949.55,2000,5679.675,5513.322,2000,6579.999,5971.375,2000,5777.268,5331.267,2000,5914.512,5849.778,2000,6226.698,5257.33,2000,5990.637,5675.029,2000,5606.941,5818.721,2000,5924.636,5559.781,2000,5873.526,5559.527,2000,6192.266,5240.443,2000,6089.2,5423.194,2000,6536.687,5613.139,2000,6586.152
6157.919,2000,6253.635,5778.109,2000,5587.838,6292.889,2000,6121.438,5874.958,2000,5612.777,6248.384,2000,6210.99,5265.454,2000,6185.874,5579.571,2000,5657.313,5949.343,2000,5679.654,5513.315,2000,6579.791,5971.167,2000,5777.244,5331.379,2000,5914.336,5849.667,2000,6226.521,5257.435,2000,5990.457,5674.821,2000,5606.931,5818.557,2000,5924.508,5559.724,2000,5873.326,5559.505,2000,6192.059,5240.543,2000,6089.017,5423.177,2000,6536.479,5613.128,2000,6585.944
6157.745,2000,6253.52,5777.902,2000,5587.813,6292.712,2000,6121.328,5874.75,2000,5612.757,6248.209,2000,6210.876,5265.562,2000,6185.696,5579.363,2000,5657.315,5949.136,2000,5679.633,5513.303,2000,6579.583,5970.96,2000,5777.219,5331.487,2000,5914.158,5849.556,2000,6226.345,5257.533,2000,5990.273,5674.613,2000,5606.924,5818.393,2000,5924.379,5559.667,2000,5873.125,5559.483,2000,6191.852,5240.648,2000,6088.837,5423.167,2000,6536.271,5613.118,2000,6585.736
6157.573,2000,6253.402,5777.695,2000,5587.795,6292.54,2000,6121.212,5874.543,2000,5612.74,6248.031,2000,6210.769,5265.665,2000,6185.515,5579.154,2000,5657.321,5948.929,2000,5679.605,5513.293,2000,6579.375,5970.753,2000,5777.201,5331.59,2000,5913.977,5849.445,2000,6226.169,5257.638,2000,5990.093,5674.405,2000,5606.922,5818.229,2000,5924.251,5559.611,2000,5872.924,5559.461,2000,6191.645,5240.753,2000,6088.657,5423.16,2000,6536.063,5613.103,2000,6585.529
6157.398,2000,6253.289,5777.487,2000,5587.784,6292.363,2000,6121.102,5874.335,2000,5612.723,6247.856,2000,6210.656,5265.766,2000,6185.333,5578.946,2000,5657.331,5948.722,2000,5679.584,5513.277,2000,6579.167,5970.546,2000,5777.176,5331.698,2000,5913.799,5849.334,2000,6225.993,5257.744,2000,5989.914,5674.196,2000,5606.925,5818.064,2000,5924.123,5559.554,2000,5872.724,5559.439,2000,6191.438,5240.857,2000,6088.477,5423.146,2000,6535.855,5613.095,2000,6585.321
6157.227,2000,6253.17,5777.278,2000,5587.78,6292.187,2000,6120.99,5874.127,2000,5612.712,6247.681,2000,6210.543,5265.868,2000,6185.151,5578.738,2000,5657.344,5948.515,2000,5679.565,5513.268,2000,6578.959,5970.339,2000,5777.151,5331.808,2000,5913.622,5849.224,2000,6225.816,5257.845,2000,5989.731,5673.988,2000,5606.933,5817.9,2000,5923.994,5559.498,2000,5872.523,5559.417,2000,6191.231,5240.968,2000,6088.3,5423.125,2000,6535.648,5613.08,2000,6585.113
6157.052,2000,6253.058,5777.07,2000,5587.782,6292.01,2000,6120.879,5873.919,2000,5612.705,6247.509,2000,6210.424,5265.974,2000,6184.972,5578.531,2000,5657.361,5948.308,2000,5679.539,5513.252,2000,6578.751,5970.131,2000,5777.133,5331.914,2000,5913.442,5849.113,2000,6225.64,5257.951,2000,5989.552,5673.78,2000,5606.945,5817.736,2000,5923.866,5559.441,2000,5872.322,5559.396,2000,6191.024,5241.072,2000,6088.12,5423.112,2000,6535.44,5613.067,2000,6584.905
6156.88,2000,6252.94,5776.862,2000,5587.792,6291.837,2000,6120.763,5873.711,2000,5612.699,6247.334,2000,6210.312,5266.076,2000,6184.79,5578.324,2000,5657.383,5948.101,2000,5679.52,5513.24,2000,6578.543,5969.924,2000,5777.108,5332.023,2000,5913.265,5849.002,2000,6225.464,5258.059,2000,5989.374,5673.573,2000,5606.963,5817.572,2000,5923.737,5559.384,2000,5872.122,5559.374,2000,6190.817,5241.18,2000,6087.941,5423.103,2000,6535.232,5613.05,2000,6584.698
6156.705,2000,6252.828,5776.654,2000,5587.804,6291.668,2000,6120.641,5873.503,2000,5612.686,6247.155,2000,6210.205,5266.183,2000,6184.611,5578.117,2000,5657.409,5947.894,2000,5679.494,5513.222,2000,6578.336,5969.717,2000,5777.089,5332.134,2000,5913.089,5848.891,2000,6225.288,5258.17,2000,5989.197,5673.366,2000,5606.986,5817.408,2000,5923.609,5559.328,2000,5871.922,5559.352,2000,6190.61,5241.281,2000,6087.759,5423.098,2000,6535.024,5613.039,2000,6584.49
6156.526,2000,6252.721,5776.445,2000,5587.809,6291.496,2000,6120.524,5873.296,2000,5612.666,6246.98,2000,6210.092,5266.285,2000,6184.429,5577.911,2000,5657.439,5947.687,2000,5679.475,5513.21,2000,6578.128,5969.51,2000,5777.064,5332.248,2000,5912.914,5848.78,2000,6225.111,5258.275,2000,5989.018,5673.159,2000,5607.013,5817.244,2000,5923.48,5559.271,2000,5871.722,5559.33,2000,6190.403,5241.389,2000,6087.581,5423.085,2000,6534.816,5613.021,2000,6584.282
6156.343,2000,6252.621,5776.237,2000,5587.808,6291.319,2000,6120.413,5873.089,2000,5612.639,6246.809,2000,6209.973,5266.392,2000,6184.25,5577.706,2000,5657.472,5947.48,2000,5679.449,5513.205,2000,6577.92,5969.302,2000,5777.046,5332.356,2000,5912.736,5848.669,2000,6224.935,5258.374,2000,5988.834,5672.952,2000,5607.038,5817.08,2000,5923.352,5559.213,2000,5871.521,5559.308,2000,6190.196,5241.49,2000,6087.398,5423.066,2000,6534.608,5613.007,2000,6584.074
6156.164,2000,6252.514,5776.029,2000,5587.8,6291.146,2000,6120.298,5872.884,2000,5612.605,6246.633,2000,6209.86,5266.494,2000,6184.068,5577.5,2000,5657.503,5947.272,2000,5679.43,5513.193,2000,6577.712,5969.095,2000,5777.021,5332.46,2000,5912.556,5848.558,2000,6224.759,5258.467,2000,5988.648,5672.745,2000,5607.061,5816.916,2000,5923.224,5559.156,2000,5871.321,5559.285,2000,6189.989,5241.598,2000,6087.22,5423.054,2000,6534.4,5613,2000,6583.866
6155.989,2000,6252.402,5775.821,2000,5587.785,6290.97,2000,6120.187,5872.679,2000,5612.565,6246.458,2000,6209.748,5266.601,2000,6183.89,5577.293,2000,5657.534,5947.064,2000,5679.418,5513.175,2000,6577.504,5968.888,2000,5776.998,5332.56,2000,5912.373,5848.447,2000,6224.583,5258.566,2000,5988.465,5672.538,2000,5607.08,5816.752,2000,5923.095,5559.099,2000,5871.121,5559.263,2000,6189.782,5241.699,2000,6087.038,5423.049,2000,6534.192,5613,2000,6583.658
6155.816,2000,6252.286,5775.614,2000,5587.764,6290.793,2000,6120.076,5872.474,2000,5612.531,6246.282,2000,6209.636,5266.703,2000,6183.708,5577.087,2000,5657.559,5946.857,2000,5679.399,5513.163,2000,6577.296,5968.681,2000,5776.98,5332.663,2000,5912.191,5848.335,2000,6224.406,5258.669,2000,5988.284,5672.33,2000,5607.094,5816.588,2000,5922.967,5559.042,2000,5870.921,5559.241,2000,6189.575,5241.803,2000,6086.857,5423.037,2000,6533.984,5612.992,2000,6583.45
6155.643,2000,6252.169,5775.407,2000,5587.735,6290.617,2000,6119.965,5872.267,2000,5612.504,6246.108,2000,6209.522,5266.805,2000,6183.526,5576.879,2000,5657.579,5946.65,2000,5679.373,5513.158,2000,6577.088,5968.473,2000,5776.97,5332.769,2000,5912.012,5848.225,2000,6224.23,5258.774,2000,5988.104,5672.122,2000,5607.102,5816.424,2000,5922.838,5558.985,2000,5870.721,5559.219,2000,6189.368,5241.906,2000,6086.676,5423.018,2000,6533.777,5612.979,2000,6583.242
6155.471,2000,6252.052,5775.202,2000,5587.7,6290.441,2000,6119.853,5872.06,2000,5612.484,6245.934,2000,6209.408,5266.913,2000,6183.348,5576.672,2000,5657.595,5946.443,2000,5679.354,5513.146,2000,6576.88,5968.265,2000,5776.953,5332.877,2000,5911.834,5848.113,2000,6224.054,5258.881,2000,5987.925,5671.913,2000,5607.104,5816.26,2000,5922.71,5558.928,2000,5870.521,5559.196,2000,6189.161,5242.003,2000,6086.491,5423.005,2000,6533.569,5612.971,2000,6583.034
6155.299,2000,6251.934,5774.998,2000,5587.658,6290.266,2000,6119.741,5871.852,2000,5612.471,6245.76,2000,6209.292,5267.015,2000,6183.166,5576.464,2000,5657.605,5946.235,2000,5679.337,5513.137,2000,6576.672,5968.058,2000,5776.931,5332.986,2000,5911.656,5848.002,2000,6223.877,5258.986,2000,5987.745,5671.705,2000,5607.102,5816.096,2000,5922.582,5558.871,2000,5870.32,5559.174,2000,6188.954,5242.106,2000,6086.31,5422.998,2000,6533.361,5612.957,2000,6582.826
6155.128,2000,6251.815,5774.795,2000,5587.61,6290.091,2000,6119.627,5871.644,2000,5612.465,6245.587,2000,6209.177,5267.116,2000,6182.984,5576.256,2000,5657.612,5946.028,2000,5679.32,5513.127,2000,6576.464,5967.851,2000,5776.91,5333.094,2000,5911.478,5847.891,2000,6223.701,5259.094,2000,5987.566,5671.497,2000,5607.094,5815.932,2000,5922.453,5558.813,2000,5870.12,5559.151,2000,6188.747,5242.21,2000,6086.129,5422.993,2000,6533.153,5612.945,2000,6582.618
6154.957,2000,6251.697,5774.593,2000,5587.558,6289.92,2000,6119.508,5871.435,2000,5612.465,6245.41,2000,6209.067,5267.218,2000,6182.802,5576.047,2000,5657.614,5945.821,2000,5679.297,5513.12,2000,6576.256,5967.643,2000,5776.896,5333.204,2000,5911.301,5847.779,2000,6223.525,5259.196,2000,5987.385,5671.289,2000,5607.081,5815.768,2000,5922.325,5558.756,2000,5869.92,5559.129,2000,6188.54,5242.32,2000,6085.953,5422.987,2000,6532.945,5612.934,2000,6582.41
6154.782,2000,6251.583,5774.392,2000,5587.506,6289.746,2000,6119.395,5871.227,2000,5612.459,6245.236,2000,6208.951,5267.326,2000,6182.624,5575.839,2000,5657.612,5945.613,2000,5679.28,5513.119,2000,6576.048,5967.435,2000,5776.875,5333.31,2000,5911.122,5847.668,2000,6223.349,5259.304,2000,5987.207,5671.081,2000,5607.065,5815.604,2000,5922.196,5558.699,2000,5869.72,5559.106,2000,6188.333,5242.424,2000,6085.772,5422.975,2000,6532.737,5612.923,2000,6582.202
6154.604,2000,6251.476,5774.19,2000,5587.455,6289.571,2000,6119.282,5871.019,2000,5612.446,6245.067,2000,6208.83,5267.428,2000,6182.442,5575.63,2000,5657.609,5945.405,2000,5679.271,5513.111,2000,6575.84,5967.228,2000,5776.854,5333.42,2000,5910.945,5847.557,2000,6223.172,5259.411,2000,5987.028,5670.874,2000,5607.048,5815.439,2000,5922.068,5558.642,2000,5869.52,5559.084,2000,6188.125,5242.533,2000,6085.594,5422.97,2000,6532.529,5612.919,2000,6581.994
6154.429,2000,6251.363,5773.987,2000,5587.409,6289.4,2000,6119.163,5870.812,2000,5612.426,6244.894,2000,6208.714,5267.536,2000,6182.264,5575.422,2000,5657.604,5945.198,2000,5679.254,5513.096,2000,6575.633,5967.02,2000,5776.839,5333.53,2000,5910.768,5847.445,2000,6222.996,5259.522,2000,5986.852,5670.666,2000,5607.03,5815.275,2000,5921.939,5558.585,2000,5869.319,5559.062,2000,6187.918,5242.635,2000,6085.413,5422.966,2000,6532.32,5612.922,2000,6581.785
6154.258,2000,6251.244,5773.782,2000,5587.371,6289.225,2000,6119.049,5870.605,2000,5612.399,6244.721,2000,6208.598,5267.638,2000,6182.083,5575.213,2000,5657.599,5944.991,2000,5679.23,5513.088,2000,6575.425,5966.812,2000,5776.832,5333.643,2000,5910.593,5847.334,2000,6222.82,5259.628,2000,5986.672,5670.458,2000,5607.015,5815.111,2000,5921.811,5558.528,2000,5869.119,5559.039,2000,6187.711,5242.744,2000,6085.235,5422.956,2000,6532.112,5612.918,2000,6581.577
6154.088,2000,6251.124,5773.576,2000,5587.339,6289.054,2000,6118.93,5870.399,2000,5612.365,6244.544,2000,6208.487,5267.746,2000,6181.904,5575.005,2000,5657.596,5944.783,2000,5679.214,5513.087,2000,6575.217,5966.604,2000,5776.818,5333.751,2000,5910.416,5847.223,2000,6222.644,5259.728,2000,5986.489,5670.25,2000,5607.002,5814.947,2000,5921.683,5558.471,2000,5868.919,5559.017,2000,6187.504,5242.846,2000,6085.053,5422.939,2000,6531.905,5612.907,2000,6581.369
6153.915,2000,6251.008,5773.369,2000,5587.313,6288.879,2000,6118.817,5870.193,2000,5612.338,6244.372,2000,6208.37,5267.848,2000,6181.723,5574.796,2000,5657.595,5944.576,2000,5679.192,5513.08,2000,6575.009,5966.396,2000,5776.797,5333.855,2000,5910.235,5847.111,2000,6222.467,5259.821,2000,5986.303,5670.042,2000,5606.993,5814.783,2000,5921.554,5558.414,2000,5868.719,5558.994,2000,6187.297,5242.955,2000,6084.875,5422.929,2000,6531.697,5612.902,2000,6581.161
6153.745,2000,6250.888,5773.162,2000,5587.295,6288.705,2000,6118.703,5869.985,2000,5612.318,6244.198,2000,6208.255,5267.956,2000,6181.544,5574.588,2000,5657.598,5944.369,2000,5679.171,5513.072,2000,6574.801,5966.189,2000,5776.771,5333.954,2000,5910.051,5847,2000,6222.291,5259.92,2000,5986.12,5669.834,2000,5606.989,5814.619,2000,5921.426,5558.356,2000,5868.519,5558.972,2000,6187.09,5243.057,2000,6084.694,5422.925,2000,6531.488,5612.892,2000,6580.953
6153.571,2000,6250.773,5772.954,2000,5587.283,6288.53,2000,6118.59,5869.777,2000,5612.304,6244.028,2000,6208.134,5268.069,2000,6181.37,5574.38,2000,5657.604,5944.162,2000,5679.15,5513.065,2000,6574.593,5965.983,2000,5776.746,5334.057,2000,5909.871,5846.889,2000,6222.115,5260.024,2000,5985.939,5669.625,2000,5606.989,5814.455,2000,5921.297,5558.299,2000,5868.318,5558.949,2000,6186.883,5243.154,2000,6084.509,5422.923,2000,6531.28,5612.881,2000,6580.745
6153.401,2000,6250.653,5772.745,2000,5587.278,6288.358,2000,6118.471,5869.569,2000,5612.292,6243.854,2000,6208.019,5268.177,2000,6181.191,5574.172,2000,5657.615,5943.954,2000,5679.132,5513.06,2000,6574.385,5965.776,2000,5776.722,5334.164,2000,5909.692,5846.777,2000,6221.938,5260.127,2000,5985.758,5669.417,2000,5606.995,5814.291,2000,5921.169,5558.242,2000,5868.118,5558.927,2000,6186.676,5243.256,2000,6084.328,5422.92,2000,6531.071,5612.872,2000,6580.537
6153.227,2000,6250.539,5772.537,2000,5587.28,6288.191,2000,6118.347,5869.361,2000,5612.286,6243.677,2000,6207.91,5268.279,2000,6181.01,5573.964,2000,5657.629,5943.747,2000,5679.107,5513.054,2000,6574.177,5965.568,2000,5776.704,5334.271,2000,5909.513,5846.666,2000,6221.762,5260.234,2000,5985.579,5669.209,2000,5607.005,5814.127,2000,5921.041,5558.185,2000,5867.918,5558.904,2000,6186.469,5243.362,2000,6084.148,5422.919,2000,6530.863,5612.862,2000,6580.329
6153.049,2000,6250.43,5772.329,2000,5587.288,6288.02,2000,6118.229,5869.153,2000,5612.272,6243.503,2000,6207.794,5268.382,2000,6180.829,5573.756,2000,5657.648,5943.54,2000,5679.089,5513.042,2000,6573.969,5965.361,2000,5776.68,5334.38,2000,5909.335,5846.555,2000,6221.586,5260.342,2000,5985.401,5669.001,2000,5607.02,5813.963,2000,5920.912,5558.127,2000,5867.718,5558.882,2000,6186.262,5243.468,2000,6083.969,5422.917,2000,6530.654,5612.86,2000,6580.121
6152.868,2000,6250.327,5772.12,2000,5587.289,6287.844,2000,6118.116,5868.946,2000,5612.251,6243.333,2000,6207.674,5268.485,2000,6180.647,5573.549,2000,5657.671,5943.332,2000,5679.078,5513.036,2000,6573.761,5965.154,2000,5776.657,5334.491,2000,5909.159,5846.443,2000,6221.41,5260.452,2000,5985.224,5668.793,2000,5607.04,5813.799,2000,5920.784,5558.07,2000,5867.518,5558.859,2000,6186.055,5243.574,2000,6083.79,5422.909,2000,6530.446,5612.851,2000,6579.913
6152.69,2000,6250.218,5771.912,2000,5587.283,6287.672,2000,6117.998,5868.739,2000,5612.224,6243.159,2000,6207.559,5268.588,2000,6180.467,5573.343,2000,5657.698,5943.124,2000,5679.06,5513.037,2000,6573.553,5964.947,2000,5776.642,5334.604,2000,5908.983,5846.332,2000,6221.233,5260.563,2000,5985.048,5668.586,2000,5607.059,5813.635,2000,5920.655,5558.013,2000,5867.317,5558.837,2000,6185.848,5243.681,2000,6083.611,5422.894,2000,6530.239,5612.841,2000,6579.705
6152.517,2000,6250.103,5771.704,2000,5587.271,6287.497,2000,6117.885,5868.532,2000,5612.204,6242.985,2000,6207.445,5268.692,2000,6180.286,5573.136,2000,5657.724,5942.917,2000,5679.035,5513.031,2000,6573.345,5964.739,2000,5776.633,5334.717,2000,5908.809,5846.221,2000,6221.057,5260.668,2000,5984.868,5668.378,2000,5607.076,5813.471,2000,5920.527,5557.955,2000,5867.117,5558.814,2000,6185.641,5243.793,2000,6083.436,5422.886,2000,6530.031,5612.839,2000,6579.496
6152.345,2000,6249.985,5771.497,2000,5587.251,6287.321,2000,6117.773,5868.325,2000,5612.176,6242.811,2000,6207.331,5268.801,2000,6180.109,5572.93,2000,5657.75,5942.709,2000,5679.017,5513.019,2000,6573.137,5964.531,2000,5776.617,5334.825,2000,5908.631,5846.109,2000,6220.881,5260.779,2000,5984.692,5668.17,2000,5607.09,5813.307,2000,5920.398,5557.897,2000,5866.917,5558.792,2000,6185.434,5243.9,2000,6083.257,5422.884,2000,6529.822,5612.843,2000,6579.288
6152.174,2000,6249.866,5771.29,2000,5587.225,6287.146,2000,6117.661,5868.118,2000,5612.156,6242.637,2000,6207.215,5268.905,2000,6179.928,5572.723,2000,5657.772,5942.502,2000,5678.997,5513.013,2000,6572.929,5964.324,2000,5776.595,5334.938,2000,5908.456,5845.998,2000,6220.705,5260.884,2000,5984.512,5667.962,2000,5607.101,5813.143,2000,5920.27,5557.84,2000,5866.717,5558.77,2000,6185.227,5244.013,2000,6083.082,5422.877,2000,6529.614,5612.841,2000,6579.08
6152.003,2000,6249.747,5771.084,2000,5587.191,6286.971,2000,6117.548,5867.91,2000,5612.142,6242.464,2000,6207.099,5269.014,2000,6179.751,5572.515,2000,5657.792,5942.294,2000,5678.978,5513.008,2000,6572.721,5964.117,2000,5776.571,5335.047,2000,5908.278,5845.887,2000,6220.528,5260.995,2000,5984.336,5667.754,2000,5607.107,5812.979,2000,5920.142,5557.782,2000,5866.517,5558.747,2000,6185.02,5244.12,2000,6082.903,5422.876,2000,6529.406,5612.832,2000,6578.872
6151.833,2000,6249.626,5770.88,2000,5587.152,6286.796,2000,6117.434,5867.702,2000,5612.135,6242.292,2000,6206.981,5269.129,2000,6179.577,5572.308,2000,5657.808,5942.087,2000,5678.96,5513.011,2000,6572.513,5963.91,2000,5776.547,5335.16,2000,5908.104,5845.775,2000,6220.352,5261.104,2000,5984.159,5667.546,2000,5607.109,5812.814,2000,5920.013,5557.725,2000,5866.316,5558.725,2000,6184.813,5244.22,2000,6082.721,5422.869,2000,6529.198,5612.824,2000,6578.664
6151.663,2000,6249.506,5770.677,2000,5587.105,6286.625,2000,6117.315,5867.494,2000,5612.122,6242.116,2000,6206.87,5269.239,2000,6179.4,5572.1,2000,5657.818,5941.88,2000,5678.937,5513.006,2000,6572.305,5963.703,2000,5776.53,5335.272,2000,5907.928,5845.664,2000,6220.176,5261.208,2000,5983.978,5667.337,2000,5607.105,5812.65,2000,5919.885,5557.667,2000,5866.116,5558.702,2000,6184.606,5244.327,2000,6082.542,5422.868,2000,6528.989,5612.822,2000,6578.455
6151.489,2000,6249.392,5770.475,2000,5587.053,6286.451,2000,6117.201,5867.286,2000,5612.101,6241.943,2000,6206.753,5269.343,2000,6179.22,5571.891,2000,5657.823,5941.672,2000,5678.919,5513.005,2000,6572.097,5963.496,2000,5776.506,5335.379,2000,5907.749,5845.553,2000,6220,5261.307,2000,5983.794,5667.129,2000,5607.095,5812.486,2000,5919.756,5557.609,2000,5865.916,5558.68,2000,6184.399,5244.439,2000,6082.367,5422.867,2000,6528.781,5612.815,2000,6578.247
6151.318,2000,6249.271,5770.273,2000,5587.001,6286.277,2000,6117.086,5867.08,2000,5612.074,6241.77,2000,6206.638,5269.452,2000,6179.042,5571.683,2000,5657.823,5941.465,2000,5678.896,5512.997,2000,6571.889,5963.288,2000,5776.489,5335.48,2000,5907.567,5845.441,2000,6219.823,5261.411,2000,5983.613,5666.922,2000,5607.079,5812.322,2000,5919.628,5557.552,2000,5865.716,5558.657,2000,6184.192,5244.546,2000,6082.188,5422.868,2000,6528.572,5612.814,2000,6578.039
6151.145,2000,6249.157,5770.07,2000,5586.956,6286.102,2000,6116.974,5866.874,2000,5612.04,6241.6,2000,6206.518,5269.556,2000,6178.862,5571.474,2000,5657.818,5941.258,2000,5678.878,5512.995,2000,6571.681,5963.081,2000,5776.465,5335.587,2000,5907.389,5845.33,2000,6219.647,5261.517,2000,5983.434,5666.714,2000,5607.061,5812.158,2000,5919.5,5557.494,2000,5865.516,5558.635,2000,6183.985,5244.653,2000,6082.009,5422.863,2000,6528.364,5612.807,2000,6577.831
6150.974,2000,6249.037,5769.866,2000,5586.917,6285.93,2000,6116.855,5866.667,2000,5612.012,6241.426,2000,6206.403,5269.661,2000,6178.682,5571.266,2000,5657.811,5941.051,2000,5678.854,5512.989,2000,6571.473,5962.874,2000,5776.448,5335.696,2000,5907.211,5845.219,2000,6219.471,5261.626,2000,5983.256,5666.507,2000,5607.044,5811.994,2000,5919.371,5557.437,2000,5865.315,5558.612,2000,6183.778,5244.759,2000,6081.83,5422.864,2000,6528.156,5612.802,2000,6577.623
6150.8,2000,6248.923,5769.66,2000,5586.884,6285.763,2000,6116.731,5866.461,2000,5611.986,6241.248,2000,6206.294,5269.764,2000,6178.501,5571.058,2000,5657.805,5940.843,2000,5678.834,5512.99,2000,6571.265,5962.667,2000,5776.424,5335.807,2000,5907.035,5845.107,2000,6219.294,5261.735,2000,5983.079,5666.299,2000,5607.029,5811.83,2000,5919.243,5557.379,2000,5865.115,5558.59,2000,6183.571,5244.866,2000,6081.651,5422.859,2000,6527.948,5612.793,2000,6577.415
6150.623,2000,6248.814,5769.453,2000,5586.859,6285.591,2000,6116.612,5866.254,2000,5611.964,6241.074,2000,6206.18,5269.874,2000,6178.324,5570.85,2000,5657.801,5940.636,2000,5678.811,5512.984,2000,6571.057,5962.459,2000,5776.4,5335.918,2000,5906.858,5844.996,2000,6219.118,5261.846,2000,5982.902,5666.091,2000,5607.018,5811.666,2000,5919.114,5557.321,2000,5864.915,5558.567,2000,6183.364,5244.967,2000,6081.469,5422.86,2000,6527.739,5612.792,2000,6577.206
6150.441,2000,6248.711,5769.246,2000,5586.84,6285.416,2000,6116.5,5866.046,2000,5611.945,6240.904,2000,6206.06,5269.977,2000,6178.144,5570.641,2000,5657.8,5940.43,2000,5678.781,5512.972,2000,6570.849,5962.252,2000,5776.383,5336.031,2000,5906.683,5844.885,2000,6218.942,5261.954,2000,5982.724,5665.883,2000,5607.011,5811.502,2000,5918.986,5557.264,2000,5864.715,5558.545,2000,6183.157,5245.074,2000,6081.29,5422.855,2000,6527.531,5612.796,2000,6576.998
6150.264,2000,6248.602,5769.038,2000,5586.829,6285.244,2000,6116.382,5865.839,2000,5611.925,6240.73,2000,6205.945,5270.082,2000,6177.963,5570.433,2000,5657.803,5940.223,2000,5678.758,5512.966,2000,6570.641,5962.045,2000,5776.359,5336.141,2000,5906.506,5844.773,2000,6218.766,5262.065,2000,5982.547,5665.674,2000,5607.008,5811.338,2000,5918.857,5557.206,2000,5864.515,5558.522,2000,6182.95,5245.181,2000,6081.111,5422.843,2000,6527.323,5612.794,2000,6576.79
6150.09,2000,6248.488,5768.829,2000,5586.824,6285.069,2000,6116.269,5865.632,2000,5611.899,6240.556,2000,6205.831,5270.185,2000,6177.783,5570.225,2000,5657.81,5940.016,2000,5678.742,5512.967,2000,6570.433,5961.838,2000,5776.333,5336.254,2000,5906.332,5844.662,2000,6218.589,5262.17,2000,5982.368,5665.466,2000,5607.011,5811.174,2000,5918.729,5557.148,2000,5864.314,5558.5,2000,6182.743,5245.293,2000,6080.935,5422.825,2000,6527.116,5612.786,2000,6576.582
6149.918,2000,6248.37,5768.621,2000,5586.812,6284.893,2000,6116.157,5865.425,2000,5611.879,6240.382,2000,6205.717,5270.294,2000,6177.605,5570.017,2000,5657.821,5939.809,2000,5678.719,5512.961,2000,6570.225,5961.631,2000,5776.313,5336.363,2000,5906.153,5844.551,2000,6218.413,5262.282,2000,5982.191,5665.258,2000,5607.018,5811.01,2000,5918.601,5557.091,2000,5864.114,5558.478,2000,6182.536,5245.399,2000,6080.756,5422.813,2000,6526.908,5612.783,2000,6576.374
6149.746,2000,6248.252,5768.414,2000,5586.793,6284.718,2000,6116.044,5865.217,2000,5611.867,6240.208,2000,6205.602,5270.41,2000,6177.432,5569.809,2000,5657.837,5939.601,2000,5678.701,5512.954,2000,6570.017,5961.424,2000,5776.287,5336.476,2000,5905.979,5844.439,2000,6218.237,5262.387,2000,5982.012,5665.05,2000,5607.024,5810.846,2000,5918.472,5557.033,2000,5863.914,5558.455,2000,6182.329,5245.5,2000,6080.573,5422.808,2000,6526.7,5612.774,2000,6576.166
6149.575,2000,6248.134,5768.207,2000,5586.768,6284.543,2000,6115.931,5865.009,2000,5611.847,6240.035,2000,6205.486,5270.519,2000,6177.255,5569.601,2000,5657.851,5939.394,2000,5678.676,5512.948,2000,6569.809,5961.217,2000,5776.268,5336.584,2000,5905.8,5844.328,2000,6218.061,5262.487,2000,5981.829,5664.841,2000,5607.029,5810.682,2000,5918.344,5556.976,2000,5863.714,5558.433,2000,6182.122,5245.606,2000,6080.394,5422.805,2000,6526.491,5612.764,2000,6575.958
6149.404,2000,6248.015,5768.001,2000,5586.736,6284.368,2000,6115.817,5864.803,2000,5611.821,6239.862,2000,6205.369,5270.623,2000,6177.074,5569.393,2000,5657.864,5939.187,2000,5678.658,5512.942,2000,6569.601,5961.01,2000,5776.242,5336.688,2000,5905.619,5844.217,2000,6217.884,5262.592,2000,5981.649,5664.633,2000,5607.031,5810.518,2000,5918.215,5556.918,2000,5863.514,5558.41,2000,6181.915,5245.712,2000,6080.214,5422.802,2000,6526.283,5612.755,2000,6575.75
6149.232,2000,6247.897,5767.796,2000,5586.697,6284.195,2000,6115.702,5864.595,2000,5611.801,6239.689,2000,6205.252,5270.727,2000,6176.894,5569.185,2000,5657.871,5938.979,2000,5678.633,5512.936,2000,6569.393,5960.803,2000,5776.223,5336.794,2000,5905.44,5844.105,2000,6217.708,5262.697,2000,5981.469,5664.424,2000,5607.025,5810.354,2000,5918.087,5556.86,2000,5863.313,5558.388,2000,6181.708,5245.817,2000,6080.034,5422.797,2000,6526.075,5612.748,2000,6575.542
6149.06,2000,6247.779,5767.59,2000,5586.665,6284.021,2000,6115.586,5864.389,2000,5611.775,6239.517,2000,6205.136,5270.831,2000,6176.713,5568.976,2000,5657.871,5938.772,2000,5678.615,5512.93,2000,6569.185,5960.596,2000,5776.197,5336.9,2000,5905.261,5843.994,2000,6217.532,5262.796,2000,5981.286,5664.216,2000,5607.013,5810.189,2000,5917.958,5556.803,2000,5863.113,5558.365,2000,6181.5,5245.928,2000,6079.858,5422.793,2000,6525.867,5612.741,2000,6575.333
6148.889,2000,6247.661,5767.384,2000,5586.639,6283.852,2000,6115.465,5864.182,2000,5611.751,6239.341,2000,6205.024,5270.94,2000,6176.536,5568.768,2000,5657.864,5938.565,2000,5678.59,5512.917,2000,6568.978,5960.389,2000,5776.178,5337,2000,5905.078,5843.883,2000,6217.355,5262.901,2000,5981.106,5664.008,2000,5607,5810.025,2000,5917.83,5556.745,2000,5862.913,5558.343,2000,6181.293,5246.033,2000,6079.678,5422.789,2000,6525.659,5612.741,2000,6575.125
6148.713,2000,6247.549,5767.176,2000,5586.621,6283.679,2000,6115.349,5863.975,2000,5611.728,6239.168,2000,6204.908,5271.044,2000,6176.355,5568.56,2000,5657.855,5938.359,2000,5678.559,5512.912,2000,6568.77,5960.181,2000,5776.166,5337.106,2000,5904.899,5843.771,2000,6217.179,5263.005,2000,5980.926,5663.8,2000,5606.987,5809.861,2000,5917.702,5556.688,2000,5862.713,5558.32,2000,6181.086,5246.14,2000,6079.499,5422.777,2000,6525.451,5612.734,2000,6574.917
6148.542,2000,6247.431,5766.969,2000,5586.605,6283.506,2000,6115.233,5863.769,2000,5611.698,6238.994,2000,6204.793,5271.151,2000,6176.176,5568.352,2000,5657.847,5938.152,2000,5678.534,5512.903,2000,6568.562,5959.973,2000,5776.146,5337.211,2000,5904.719,5843.66,2000,6217.003,5263.112,2000,5980.747,5663.592,2000,5606.976,5809.697,2000,5917.573,5556.63,2000,5862.513,5558.298,2000,6180.879,5246.244,2000,6079.318,5422.773,2000,6525.243,5612.727,2000,6574.709
6148.367,2000,6247.318,5766.762,2000,5586.583,6283.331,2000,6115.119,5863.563,2000,5611.661,6238.824,2000,6204.673,5271.254,2000,6175.995,5568.144,2000,5657.84,5937.944,2000,5678.516,5512.901,2000,6568.354,5959.767,2000,5776.121,5337.319,2000,5904.541,5843.549,2000,6216.827,5263.217,2000,5980.567,5663.384,2000,5606.967,5809.533,2000,5917.445,5556.572,2000,5862.313,5558.275,2000,6180.672,5246.351,2000,6079.14,5422.762,2000,6525.035,5612.717,2000,6574.501
6148.195,2000,6247.2,5766.556,2000,5586.553,6283.16,2000,6115,5863.357,2000,5611.63,6238.649,2000,6204.559,5271.36,2000,6175.816,5567.936,2000,5657.834,5937.737,2000,5678.491,5512.892,2000,6568.146,5959.559,2000,5776.101,5337.426,2000,5904.362,5843.438,2000,6216.65,5263.326,2000,5980.39,5663.176,2000,5606.955,5809.369,2000,5917.316,5556.515,2000,5862.112,5558.253,2000,6180.465,5246.456,2000,6078.959,5422.757,2000,6524.827,5612.714,2000,6574.293
6148.023,2000,6247.083,5766.351,2000,5586.517,6282.985,2000,6114.887,5863.15,2000,5611.607,6238.478,2000,6204.44,5271.462,2000,6175.634,5567.727,2000,5657.833,5937.53,2000,5678.468,5512.888,2000,6567.938,5959.353,2000,5776.075,5337.537,2000,5904.185,5843.326,2000,6216.474,5263.433,2000,5980.211,5662.968,2000,5606.945,5809.205,2000,5917.188,5556.457,2000,5861.912,5558.23,2000,6180.258,5246.563,2000,6078.781,5422.752,2000,6524.619,5612.704,2000,6574.085
6147.854,2000,6246.961,5766.146,2000,5586.474,6282.813,2000,6114.771,5862.943,2000,5611.59,6238.305,2000,6204.325,5271.567,2000,6175.454,5567.519,2000,5657.834,5937.323,2000,5678.445,5512.881,2000,6567.729,5959.146,2000,5776.049,5337.646,2000,5904.008,5843.215,2000,6216.298,5263.544,2000,5980.035,5662.76,2000,5606.935,5809.041,2000,5917.06,5556.399,2000,5861.712,5558.208,2000,6180.051,5246.668,2000,6078.602,5422.752,2000,6524.41,5612.697,2000,6573.877
6147.681,2000,6246.845,5765.941,2000,5586.438,6282.638,2000,6114.657,5862.736,2000,5611.567,6238.136,2000,6204.203,5271.67,2000,6175.273,5567.31,2000,5657.834,5937.116,2000,5678.425,5512.881,2000,6567.521,5958.939,2000,5776.023,5337.759,2000,5903.833,5843.104,2000,6216.122,5263.653,2000,5979.857,5662.552,2000,5606.921,5808.877,2000,5916.931,5556.342,2000,5861.512,5558.186,2000,6179.844,5246.777,2000,6078.423,5422.745,2000,6524.202,5612.687,2000,6573.669
6147.512,2000,6246.724,5765.735,2000,5586.409,6282.468,2000,6114.538,5862.529,2000,5611.544,6237.963,2000,6204.087,5271.779,2000,6175.095,5567.102,2000,5657.833,5936.909,2000,5678.402,5512.874,2000,6567.313,5958.732,2000,5776,5337.871,2000,5903.656,5842.992,2000,6215.945,5263.765,2000,5979.682,5662.344,2000,5606.911,5808.713,2000,5916.803,5556.284,2000,5861.312,5558.163,2000,6179.637,5246.879,2000,6078.242,5422.744,2000,6523.994,5612.684,2000,6573.461
6147.339,2000,6246.608,5765.528,2000,5586.386,6282.301,2000,6114.413,5862.322,2000,5611.523,6237.786,2000,6203.977,5271.882,2000,6174.914,5566.894,2000,5657.824,5936.702,2000,5678.381,5512.86,2000,6567.106,5958.526,2000,5775.974,5337.984,2000,5903.481,5842.881,2000,6215.769,5263.871,2000,5979.502,5662.136,2000,5606.908,5808.549,2000,5916.674,5556.227,2000,5861.111,5558.141,2000,6179.43,5246.988,2000,6078.063,5422.741,2000,6523.785,5612.688,2000,6573.253
6147.162,2000,6246.498,5765.321,2000,5586.371,6282.131,2000,6114.293,5862.114,2000,5611.505,6237.613,2000,6203.861,5271.991,2000,6174.736,5566.685,2000,5657.822,5936.495,2000,5678.359,5512.854,2000,6566.898,5958.319,2000,5775.95,5338.093,2000,5903.304,5842.77,2000,6215.593,5263.971,2000,5979.32,5661.928,2000,5606.9,5808.385,2000,5916.546,5556.169,2000,5860.911,5558.118,2000,6179.223,5247.09,2000,6077.882,5422.73,2000,6523.577,5612.685,2000,6573.045
6146.982,2000,6246.393,5765.113,2000,5586.362,6281.957,2000,6114.179,5861.906,2000,5611.491,6237.444,2000,6203.74,5272.094,2000,6174.555,5566.477,2000,5657.813,5936.287,2000,5678.34,5512.853,2000,6566.69,5958.112,2000,5775.925,5338.197,2000,5903.123,5842.658,2000,6215.417,5264.065,2000,5979.134,5661.719,2000,5606.899,5808.221,2000,5916.417,5556.111,2000,5860.711,5558.096,2000,6179.016,5247.199,2000,6077.704,5422.713,2000,6523.37,5612.675,2000,6572.837
6146.805,2000,6246.283,5764.904,2000,5586.36,6281.785,2000,6114.061,5861.698,2000,5611.481,6237.271,2000,6203.624,5272.203,2000,6174.377,5566.269,2000,5657.811,5936.081,2000,5678.314,5512.846,2000,6566.482,5957.904,2000,5775.906,5338.296,2000,5902.939,5842.547,2000,6215.24,5264.166,2000,5978.951,5661.511,2000,5606.898,5808.057,2000,5916.289,5556.054,2000,5860.511,5558.073,2000,6178.809,5247.301,2000,6077.522,5422.703,2000,6523.162,5612.671,2000,6572.629
6146.632,2000,6246.167,5764.696,2000,5586.361,6281.611,2000,6113.947,5861.491,2000,5611.465,6237.097,2000,6203.509,5272.306,2000,6174.196,5566.06,2000,5657.816,5935.873,2000,5678.295,5512.839,2000,6566.274,5957.697,2000,5775.881,5338.4,2000,5902.759,5842.436,2000,6215.064,5264.269,2000,5978.77,5661.302,2000,5606.903,5807.893,2000,5916.161,5555.996,2000,5860.311,5558.051,2000,6178.602,5247.406,2000,6077.342,5422.7,2000,6522.953,5612.662,2000,6572.421
6146.461,2000,6246.048,5764.488,2000,5586.355,6281.436,2000,6113.834,5861.284,2000,5611.441,6236.924,2000,6203.394,5272.408,2000,6174.015,5565.852,2000,5657.828,5935.667,2000,5678.27,5512.833,2000,6566.066,5957.49,2000,5775.863,5338.507,2000,5902.58,5842.324,2000,6214.888,5264.375,2000,5978.591,5661.094,2000,5606.913,5807.729,2000,5916.032,5555.938,2000,5860.11,5558.028,2000,6178.395,5247.51,2000,6077.162,5422.697,2000,6522.745,5612.652,2000,6572.213
6146.29,2000,6245.929,5764.28,2000,5586.342,6281.261,2000,6113.721,5861.078,2000,5611.411,6236.751,2000,6203.277,5272.51,2000,6173.833,5565.645,2000,5657.846,5935.459,2000,5678.25,5512.827,2000,6565.858,5957.283,2000,5775.838,5338.616,2000,5902.402,5842.213,2000,6214.711,5264.483,2000,5978.413,5660.886,2000,5606.923,5807.564,2000,5915.904,5555.881,2000,5859.91,5558.006,2000,6178.188,5247.616,2000,6076.982,5422.695,2000,6522.536,5612.643,2000,6572.005
6146.12,2000,6245.81,5764.072,2000,5586.323,6281.087,2000,6113.606,5860.871,2000,5611.388,6236.578,2000,6203.161,5272.617,2000,6173.654,5565.437,2000,5657.858,5935.252,2000,5678.225,5512.822,2000,6565.65,5957.075,2000,5775.819,5338.726,2000,5902.225,5842.102,2000,6214.535,5264.592,2000,5978.235,5660.679,2000,5606.939,5807.4,2000,5915.775,5555.823,2000,5859.71,5557.983,2000,6177.981,5247.715,2000,6076.799,5422.693,2000,6522.328,5612.634,2000,6571.797
6145.949,2000,6245.689,5763.866,2000,5586.296,6280.913,2000,6113.492,5860.665,2000,5611.357,6236.406,2000,6203.043,5272.719,2000,6173.472,5565.229,2000,5657.876,5935.045,2000,5678.206,5512.823,2000,6565.442,5956.868,2000,5775.794,5338.837,2000,5902.049,5841.99,2000,6214.359,5264.696,2000,5978.055,5660.471,2000,5606.949,5807.236,2000,5915.647,5555.766,2000,5859.51,5557.961,2000,6177.774,5247.821,2000,6076.619,5422.685,2000,6522.12,5612.625,2000,6571.589
6145.779,2000,6245.569,5763.66,2000,5586.263,6280.739,2000,6113.376,5860.458,2000,5611.334,6236.234,2000,6202.926,5272.822,2000,6173.291,5565.021,2000,5657.888,5934.838,2000,5678.18,5512.818,2000,6565.234,5956.661,2000,5775.776,5338.944,2000,5901.87,5841.879,2000,6214.183,5264.793,2000,5977.871,5660.263,2000,5606.966,5807.072,2000,5915.519,5555.708,2000,5859.31,5557.938,2000,6177.567,5247.932,2000,6076.443,5422.683,2000,6521.911,5612.624,2000,6571.381
6145.609,2000,6245.448,5763.456,2000,5586.224,6280.569,2000,6113.256,5860.25,2000,5611.317,6236.058,2000,6202.814,5272.931,2000,6173.113,5564.813,2000,5657.893,5934.631,2000,5678.161,5512.806,2000,6565.026,5956.454,2000,5775.751,5339.045,2000,5901.688,5841.768,2000,6214.006,5264.897,2000,5977.69,5660.056,2000,5606.989,5806.908,2000,5915.39,5555.65,2000,5859.109,5557.916,2000,6177.36,5248.038,2000,6076.263,5422.681,2000,6521.703,5612.629,2000,6571.173
6145.436,2000,6245.333,5763.252,2000,5586.177,6280.396,2000,6113.141,5860.042,2000,5611.308,6235.886,2000,6202.696,5273.045,2000,6172.939,5564.604,2000,5657.905,5934.423,2000,5678.142,5512.8,2000,6564.818,5956.247,2000,5775.728,5339.152,2000,5901.509,5841.656,2000,6213.83,5265.002,2000,5977.51,5659.849,2000,5607.006,5806.744,2000,5915.262,5555.593,2000,5858.909,5557.894,2000,6177.153,5248.137,2000,6076.08,5422.673,2000,6521.495,5612.628,2000,6570.965
6145.258,2000,6245.224,5763.051,2000,5586.125,6280.222,2000,6113.025,5859.834,2000,5611.291,6235.718,2000,6202.573,5273.154,2000,6172.762,5564.397,2000,5657.923,5934.217,2000,5678.116,5512.802,2000,6564.61,5956.039,2000,5775.712,5339.26,2000,5901.331,5841.545,2000,6213.654,5265.107,2000,5977.331,5659.641,2000,5607.016,5806.58,2000,5915.133,5555.535,2000,5858.709,5557.871,2000,6176.946,5248.243,2000,6075.9,5422.658,2000,6521.287,5612.62,2000,6570.757
6145.084,2000,6245.108,5762.848,2000,5586.079,6280.053,2000,6112.904,5859.627,2000,5611.268,6235.546,2000,6202.456,5273.257,2000,6172.581,5564.189,2000,5657.941,5934.009,2000,5678.097,5512.796,2000,6564.402,5955.832,2000,5775.689,5339.368,2000,5901.152,5841.434,2000,6213.478,5265.216,2000,5977.153,5659.432,2000,5607.019,5806.416,2000,5915.005,5555.478,2000,5858.509,5557.849,2000,6176.739,5248.35,2000,6075.722,5422.649,2000,6521.079,5612.617,2000,6570.549
6144.915,2000,6244.988,5762.643,2000,5586.04,6279.879,2000,6112.789,5859.421,2000,5611.237,6235.375,2000,6202.337,5273.362,2000,6172.4,5563.981,2000,5657.953,5933.801,2000,5678.084,5512.791,2000,6564.194,5955.625,2000,5775.666,5339.479,2000,5900.976,5841.322,2000,6213.301,5265.326,2000,5976.976,5659.224,2000,5607.028,5806.252,2000,5914.876,5555.42,2000,5858.309,5557.826,2000,6176.532,5248.457,2000,6075.542,5422.648,2000,6520.871,5612.609,2000,6570.341
6144.745,2000,6244.867,5762.438,2000,5586.008,6279.71,2000,6112.668,5859.214,2000,5611.214,6235.2,2000,6202.225,5273.466,2000,6172.22,5563.773,2000,5657.957,5933.594,2000,5678.065,5512.786,2000,6563.986,5955.417,2000,5775.65,5339.59,2000,5900.8,5841.211,2000,6213.125,5265.429,2000,5976.795,5659.017,2000,5607.045,5806.088,2000,5914.748,5555.362,2000,5858.108,5557.804,2000,6176.325,5248.569,2000,6075.367,5422.646,2000,6520.662,5612.601,2000,6570.133
6144.572,2000,6244.75,5762.231,2000,5585.982,6279.537,2000,6112.553,5859.007,2000,5611.192,6235.028,2000,6202.106,5273.575,2000,6172.042,5563.565,2000,5657.968,5933.387,2000,5678.04,5512.781,2000,6563.778,5955.209,2000,5775.641,5339.697,2000,5900.621,5841.1,2000,6212.949,5265.539,2000,5976.618,5658.809,2000,5607.055,5805.924,2000,5914.62,5555.305,2000,5857.908,5557.781,2000,6176.118,5248.675,2000,6075.188,5422.645,2000,6520.454,5612.594,2000,6569.925
6144.403,2000,6244.629,5762.023,2000,5585.963,6279.364,2000,6112.437,5858.8,2000,5611.171,6234.855,2000,6201.99,5273.679,2000,6171.862,5563.357,2000,5657.986,5933.18,2000,5678.021,5512.777,2000,6563.57,5955.002,2000,5775.625,5339.808,2000,5900.444,5840.988,2000,6212.772,5265.646,2000,5976.439,5658.6,2000,5607.058,5805.76,2000,5914.491,5555.247,2000,5857.708,5557.759,2000,6175.911,5248.785,2000,6075.01,5422.643,2000,6520.245,5612.586,2000,6569.717
6144.229,2000,6244.514,5761.815,2000,5585.951,6279.189,2000,6112.322,5858.592,2000,5611.156,6234.687,2000,6201.869,5273.789,2000,6171.685,5563.149,2000,5657.997,5932.972,2000,5678.003,5512.766,2000,6563.363,5954.795,2000,5775.602,5339.918,2000,5900.268,5840.877,2000,6212.596,5265.758,2000,5976.264,5658.392,2000,5607.067,5805.596,2000,5914.363,5555.189,2000,5857.508,5557.736,2000,6175.704,5248.888,2000,6074.83,5422.642,2000,6520.037,5612.586,2000,6569.509
6144.06,2000,6244.393,5761.607,2000,5585.946,6279.019,2000,6112.203,5858.384,2000,5611.145,6234.514,2000,6201.752,5273.893,2000,6171.504,5562.941,2000,5658,5932.765,2000,5677.985,5512.761,2000,6563.155,5954.587,2000,5775.581,5340.032,2000,5900.093,5840.766,2000,6212.42,5265.864,2000,5976.084,5658.185,2000,5607.084,5805.432,2000,5914.234,5555.132,2000,5857.308,5557.714,2000,6175.497,5248.998,2000,6074.652,5422.634,2000,6519.829,5612.579,2000,6569.301
6143.889,2000,6244.274,5761.398,2000,5585.947,6278.853,2000,6112.077,5858.176,2000,5611.137,6234.337,2000,6201.642,5274.002,2000,6171.327,5562.733,2000,5658.011,5932.557,2000,5677.971,5512.754,2000,6562.947,5954.38,2000,5775.56,5340.14,2000,5899.915,5840.654,2000,6212.244,5265.976,2000,5975.909,5657.977,2000,5607.094,5805.268,2000,5914.106,5555.074,2000,5857.107,5557.691,2000,6175.29,5249.101,2000,6074.472,5422.633,2000,6519.62,5612.571,2000,6569.093
6143.714,2000,6244.161,5761.19,2000,5585.953,6278.682,2000,6111.958,5857.968,2000,5611.123,6234.164,2000,6201.526,5274.106,2000,6171.146,5562.525,2000,5658.029,5932.35,2000,5677.949,5512.753,2000,6562.739,5954.172,2000,5775.546,5340.253,2000,5899.74,5840.543,2000,6212.067,5266.082,2000,5975.729,5657.769,2000,5607.105,5805.104,2000,5913.978,5555.017,2000,5856.907,5557.669,2000,6175.083,5249.21,2000,6074.294,5422.625,2000,6519.412,5612.562,2000,6568.885
6143.536,2000,6244.053,5760.981,2000,5585.952,6278.508,2000,6111.843,5857.761,2000,5611.101,6233.995,2000,6201.404,5274.213,2000,6170.967,5562.317,2000,5658.04,5932.142,2000,5677.935,5512.746,2000,6562.531,5953.964,2000,5775.525,5340.362,2000,5899.563,5840.432,2000,6211.891,5266.182,2000,5975.547,5657.561,2000,5607.124,5804.939,2000,5913.849,5554.959,2000,5856.707,5557.646,2000,6174.875,5249.326,2000,6074.121,5422.625,2000,6519.204,5612.559,2000,6568.677
6143.361,2000,6243.94,5760.773,2000,5585.944,6278.337,2000,6111.724,5857.555,2000,5611.073,6233.822,2000,6201.288,5274.326,2000,6170.792,5562.11,2000,5658.057,5931.934,2000,5677.927,5512.746,2000,6562.323,5953.757,2000,5775.506,5340.465,2000,5899.381,5840.32,2000,6211.715,5266.288,2000,5975.368,5657.353,2000,5607.136,5804.775,2000,5913.721,5554.901,2000,5856.507,5557.624,2000,6174.668,5249.435,2000,6073.944,5422.617,2000,6518.996,5612.549,2000,6568.469
6143.19,2000,6243.821,5760.565,2000,5585.93,6278.163,2000,6111.61,5857.348,2000,5611.051,6233.649,2000,6201.171,5274.444,2000,6170.621,5561.902,2000,5658.068,5931.726,2000,5677.912,5512.738,2000,6562.115,5953.549,2000,5775.495,5340.573,2000,5899.204,5840.209,2000,6211.539,5266.396,2000,5975.189,5657.146,2000,5607.154,5804.611,2000,5913.592,5554.844,2000,5856.307,5557.602,2000,6174.461,5249.539,2000,6073.763,5422.616,2000,6518.787,5612.546,2000,6568.261
6143.02,2000,6243.701,5760.358,2000,5585.908,6277.989,2000,6111.495,5857.14,2000,5611.037,6233.477,2000,6201.054,5274.557,2000,6170.445,5561.694,2000,5658.085,5931.519,2000,5677.891,5512.724,2000,6561.907,5953.34,2000,5775.49,5340.684,2000,5899.027,5840.098,2000,6211.362,5266.504,2000,5975.011,5656.938,2000,5607.166,5804.447,2000,5913.464,5554.786,2000,5856.106,5557.579,2000,6174.254,5249.648,2000,6073.586,5422.608,2000,6518.579,5612.55,2000,6568.053
6142.849,2000,6243.582,5760.152,2000,5585.88,6277.815,2000,6111.38,5856.932,2000,5611.029,6233.305,2000,6200.937,5274.664,2000,6170.267,5561.486,2000,5658.096,5931.311,2000,5677.876,5512.717,2000,6561.699,5953.132,2000,5775.478,5340.793,2000,5898.85,5839.986,2000,6211.186,5266.615,2000,5974.835,5656.73,2000,5607.185,5804.283,2000,5913.335,5554.728,2000,5855.906,5557.557,2000,6174.047,5249.758,2000,6073.409,5422.593,2000,6518.372,5612.547,2000,6567.845
6142.679,2000,6243.461,5759.946,2000,5585.845,6277.642,2000,6111.264,5856.723,2000,5611.028,6233.133,2000,6200.819,5274.772,2000,6170.088,5561.279,2000,5658.114,5931.103,2000,5677.867,5512.716,2000,6561.491,5952.925,2000,5775.459,5340.906,2000,5898.674,5839.875,2000,6211.01,5266.727,2000,5974.659,5656.522,2000,5607.196,5804.119,2000,5913.207,5554.67,2000,5855.706,5557.534,2000,6173.84,5249.868,2000,6073.232,5422.572,2000,6518.165,5612.537,2000,6567.637
6142.509,2000,6243.341,5759.742,2000,5585.803,6277.468,2000,6111.148,5856.515,2000,5611.02,6232.961,2000,6200.701,5274.879,2000,6169.91,5561.071,2000,5658.133,5930.894,2000,5677.864,5512.709,2000,6561.283,5952.717,2000,5775.446,5341.019,2000,5898.5,5839.764,2000,6210.833,5266.839,2000,5974.484,5656.313,2000,5607.201,5803.955,2000,5913.079,5554.612,2000,5855.506,5557.512,2000,6173.633,5249.978,2000,6073.055,5422.557,2000,6517.957,5612.534,2000,6567.429
6142.335,2000,6243.227,5759.537,2000,5585.768,6277.295,2000,6111.032,5856.307,2000,5611.005,6232.794,2000,6200.577,5274.986,2000,6169.731,5560.863,2000,5658.145,5930.686,2000,5677.855,5512.7,2000,6561.076,5952.509,2000,5775.44,5341.133,2000,5898.325,5839.652,2000,6210.657,5266.952,2000,5974.309,5656.105,2000,5607.213,5803.791,2000,5912.95,5554.555,2000,5855.306,5557.489,2000,6173.426,5250.087,2000,6072.877,5422.549,2000,6517.749,5612.524,2000,6567.221
6142.165,2000,6243.106,5759.33,2000,5585.74,6277.126,2000,6110.911,5856.1,2000,5610.987,6232.622,2000,6200.459,5275.094,2000,6169.552,5560.655,2000,5658.15,5930.479,2000,5677.839,5512.692,2000,6560.868,5952.3,2000,5775.44,5341.247,2000,5898.151,5839.541,2000,6210.481,5267.064,2000,5974.134,5655.898,2000,5607.231,5803.627,2000,5912.822,5554.497,2000,5855.105,5557.467,2000,6173.219,5250.197,2000,6072.701,5422.544,2000,6517.541,5612.513,2000,6567.013
6141.995,2000,6242.986,5759.123,2000,5585.718,6276.961,2000,6110.784,5855.892,2000,5610.969,6232.447,2000,6200.347,5275.201,2000,6169.374,5560.447,2000,5658.163,5930.271,2000,5677.83,5512.684,2000,6560.661,5952.092,2000,5775.434,5341.361,2000,5897.977,5839.43,2000,6210.305,5267.172,2000,5973.955,5655.69,2000,5607.243,5803.463,2000,5912.693,5554.439,2000,5854.905,5557.444,2000,6173.012,5250.313,2000,6072.527,5422.539,2000,6517.333,5612.503,2000,6566.805
6141.821,2000,6242.871,5758.915,2000,5585.704,6276.792,2000,6110.662,5855.684,2000,5610.958,6232.275,2000,6200.229,5275.314,2000,6169.199,5560.238,2000,5658.168,5930.063,2000,5677.818,5512.677,2000,6560.453,5951.884,2000,5775.421,5341.47,2000,5897.799,5839.318,2000,6210.128,5267.285,2000,5973.78,5655.482,2000,5607.262,5803.299,2000,5912.565,5554.382,2000,5854.705,5557.422,2000,6172.805,5250.423,2000,6072.351,5422.535,2000,6517.125,5612.493,2000,6566.597
6141.651,2000,6242.75,5758.707,2000,5585.696,6276.62,2000,6110.546,5855.476,2000,5610.948,6232.104,2000,6200.11,5275.434,2000,6169.028,5560.03,2000,5658.18,5929.854,2000,5677.806,5512.67,2000,6560.246,5951.677,2000,5775.405,5341.584,2000,5897.625,5839.207,2000,6209.952,5267.396,2000,5973.604,5655.274,2000,5607.273,5803.135,2000,5912.437,5554.324,2000,5854.505,5557.399,2000,6172.598,5250.527,2000,6072.17,5422.531,2000,6516.917,5612.484,2000,6566.389
6141.478,2000,6242.636,5758.499,2000,5585.695,6276.447,2000,6110.429,5855.268,2000,5610.941,6231.936,2000,6199.986,5275.547,2000,6168.853,5559.823,2000,5658.199,5929.646,2000,5677.794,5512.664,2000,6560.038,5951.469,2000,5775.39,5341.697,2000,5897.45,5839.096,2000,6209.776,5267.501,2000,5973.424,5655.066,2000,5607.281,5802.971,2000,5912.308,5554.266,2000,5854.305,5557.377,2000,6172.391,5250.637,2000,6071.994,5422.527,2000,6516.709,5612.475,2000,6566.181
6141.308,2000,6242.515,5758.29,2000,5585.7,6276.277,2000,6110.308,5855.06,2000,5610.938,6231.765,2000,6199.867,5275.654,2000,6168.674,5559.615,2000,5658.215,5929.438,2000,5677.784,5512.658,2000,6559.831,5951.262,2000,5775.374,5341.805,2000,5897.271,5838.984,2000,6209.6,5267.612,2000,5973.248,5654.858,2000,5607.295,5802.807,2000,5912.18,5554.208,2000,5854.104,5557.354,2000,6172.184,5250.747,2000,6071.816,5422.524,2000,6516.501,5612.466,2000,6565.973
6141.138,2000,6242.394,5758.082,2000,5585.71,6276.104,2000,6110.191,5854.851,2000,5610.938,6231.595,2000,6199.746,5275.761,2000,6168.496,5559.407,2000,5658.224,5929.23,2000,5677.775,5512.645,2000,6559.623,5951.054,2000,5775.359,5341.917,2000,5897.096,5838.873,2000,6209.423,5267.722,2000,5973.071,5654.651,2000,5607.316,5802.643,2000,5912.051,5554.151,2000,5853.904,5557.332,2000,6171.977,5250.856,2000,6071.639,5422.521,2000,6516.293,5612.464,2000,6565.765
6140.97,2000,6242.271,5757.874,2000,5585.725,6275.933,2000,6110.072,5854.643,2000,5610.931,6231.424,2000,6199.627,5275.868,2000,6168.317,5559.2,2000,5658.239,5929.023,2000,5677.76,5512.639,2000,6559.416,5950.846,2000,5775.352,5342.029,2000,5896.92,5838.762,2000,6209.247,5267.834,2000,5972.896,5654.443,2000,5607.331,5802.479,2000,5911.923,5554.093,2000,5853.704,5557.31,2000,6171.77,5250.965,2000,6071.461,5422.511,2000,6516.085,5612.456,2000,6565.557
6140.801,2000,6242.149,5757.666,2000,5585.732,6275.761,2000,6109.956,5854.435,2000,5610.917,6231.255,2000,6199.506,5275.975,2000,6168.138,5558.993,2000,5658.261,5928.815,2000,5677.751,5512.63,2000,6559.208,5950.638,2000,5775.337,5342.143,2000,5896.746,5838.65,2000,6209.071,5267.94,2000,5972.717,5654.235,2000,5607.351,5802.314,2000,5911.794,5554.035,2000,5853.504,5557.287,2000,6171.563,5251.079,2000,6071.288,5422.508,2000,6515.877,5612.447,2000,6565.349
6140.633,2000,6242.026,5757.458,2000,5585.733,6275.589,2000,6109.837,5854.228,2000,5610.896,6231.084,2000,6199.387,5276.086,2000,6167.962,5558.786,2000,5658.287,5928.607,2000,5677.735,5512.628,2000,6559,5950.43,2000,5775.329,5342.252,2000,5896.568,5838.539,2000,6208.895,5268.053,2000,5972.542,5654.028,2000,5607.371,5802.15,2000,5911.666,5553.977,2000,5853.304,5557.265,2000,6171.356,5251.188,2000,6071.11,5422.499,2000,6515.669,5612.437,2000,6565.141
6140.461,2000,6241.909,5757.25,2000,5585.728,6275.422,2000,6109.713,5854.021,2000,5610.87,6230.909,2000,6199.273,5276.193,2000,6167.783,5558.58,2000,5658.313,5928.399,2000,5677.727,5512.62,2000,6558.792,5950.222,2000,5775.314,5342.366,2000,5896.394,5838.428,2000,6208.718,5268.163,2000,5972.365,5653.82,2000,5607.389,5801.986,2000,5911.538,5553.919,2000,5853.104,5557.242,2000,6171.149,5251.3,2000,6070.935,5422.496,2000,6515.461,5612.433,2000,6564.933
6140.285,2000,6241.797,5757.042,2000,5585.715,6275.25,2000,6109.594,5853.813,2000,5610.849,6230.738,2000,6199.154,5276.305,2000,6167.607,5558.372,2000,5658.332,5928.192,2000,5677.711,5512.618,2000,6558.584,5950.014,2000,5775.307,5342.478,2000,5896.218,5838.316,2000,6208.542,5268.277,2000,5972.19,5653.614,2000,5607.415,5801.822,2000,5911.409,5553.861,2000,5852.903,5557.22,2000,6170.942,5251.407,2000,6070.755,5422.486,2000,6515.253,5612.422,2000,6564.725
6140.113,2000,6241.679,5756.834,2000,5585.695,6275.078,2000,6109.477,5853.605,2000,5610.835,6230.565,2000,6199.038,5276.411,2000,6167.428,5558.166,2000,5658.358,5927.984,2000,5677.698,5512.609,2000,6558.377,5949.806,2000,5775.292,5342.593,2000,5896.045,5838.205,2000,6208.366,5268.386,2000,5972.013,5653.406,2000,5607.433,5801.658,2000,5911.281,5553.803,2000,5852.703,5557.197,2000,6170.735,5251.519,2000,6070.58,5422.483,2000,6515.045,5612.418,2000,6564.517
6139.938,2000,6241.567,5756.627,2000,5585.669,6274.904,2000,6109.363,5853.397,2000,5610.829,6230.396,2000,6198.917,5276.523,2000,6167.252,5557.958,2000,5658.377,5927.776,2000,5677.685,5512.593,2000,6558.17,5949.598,2000,5775.275,5342.703,2000,5895.868,5838.094,2000,6208.189,5268.5,2000,5971.838,5653.2,2000,5607.458,5801.494,2000,5911.153,5553.745,2000,5852.503,5557.175,2000,6170.528,5251.625,2000,6070.401,5422.478,2000,6514.837,5612.421,2000,6564.309
6139.766,2000,6241.45,5756.422,2000,5585.636,6274.733,2000,6109.244,5853.189,2000,5610.829,6230.222,2000,6198.801,5276.629,2000,6167.073,5557.751,2000,5658.403,5927.568,2000,5677.673,5512.584,2000,6557.962,5949.391,2000,5775.258,5342.818,2000,5895.695,5837.982,2000,6208.013,5268.608,2000,5971.661,5652.992,2000,5607.477,5801.33,2000,5911.024,5553.688,2000,5852.303,5557.152,2000,6170.321,5251.738,2000,6070.226,5422.465,2000,6514.629,5612.417,2000,6564.101
6139.594,2000,6241.331,5756.217,2000,5585.596,6274.559,2000,6109.13,5852.981,2000,5610.835,6230.051,2000,6198.683,5276.741,2000,6166.897,5557.544,2000,5658.422,5927.36,2000,5677.656,5512.583,2000,6557.755,5949.183,2000,5775.248,5342.929,2000,5895.518,5837.871,2000,6207.837,5268.711,2000,5971.479,5652.786,2000,5607.502,5801.166,2000,5910.896,5553.629,2000,5852.103,5557.13,2000,6170.114,5251.844,2000,6070.046,5422.446,2000,6514.421,5612.406,2000,6563.893
6139.425,2000,6241.21,5756.012,2000,5585.563,6274.386,2000,6109.014,5852.772,2000,5610.835,6229.878,2000,6198.566,5276.859,2000,6166.725,5557.337,2000,5658.448,5927.152,2000,5677.645,5512.574,2000,6557.547,5948.975,2000,5775.23,5343.034,2000,5895.338,5837.76,2000,6207.661,5268.808,2000,5971.295,5652.578,2000,5607.521,5801.002,2000,5910.768,5553.571,2000,5851.902,5557.107,2000,6169.907,5251.945,2000,6069.864,5422.434,2000,6514.213,5612.401,2000,6563.685
6139.254,2000,6241.09,5755.805,2000,5585.537,6274.212,2000,6108.899,5852.564,2000,5610.829,6229.707,2000,6198.447,5276.971,2000,6166.549,5557.13,2000,5658.467,5926.945,2000,5677.627,5512.566,2000,6557.34,5948.767,2000,5775.22,5343.134,2000,5895.156,5837.648,2000,6207.484,5268.91,2000,5971.114,5652.372,2000,5607.546,5800.838,2000,5910.639,5553.513,2000,5851.702,5557.085,2000,6169.7,5252.051,2000,6069.685,5422.429,2000,6514.005,5612.391,2000,6563.477
6139.084,2000,6240.969,5755.598,2000,5585.517,6274.042,2000,6108.779,5852.356,2000,5610.815,6229.532,2000,6198.333,5277.077,2000,6166.37,5556.923,2000,5658.493,5926.737,2000,5677.616,5512.558,2000,6557.132,5948.56,2000,5775.203,5343.24,2000,5894.976,5837.537,2000,6207.308,5269.015,2000,5970.934,5652.164,2000,5607.565,5800.674,2000,5910.511,5553.455,2000,5851.502,5557.063,2000,6169.493,5252.159,2000,6069.506,5422.424,2000,6513.797,5612.38,2000,6563.269
6138.911,2000,6240.853,5755.39,2000,5585.504,6273.868,2000,6108.664,5852.149,2000,5610.794,6229.361,2000,6198.214,5277.183,2000,6166.19,5556.716,2000,5658.512,5926.529,2000,5677.598,5512.551,2000,6556.925,5948.352,2000,5775.193,5343.347,2000,5894.798,5837.426,2000,6207.132,5269.123,2000,5970.756,5651.958,2000,5607.59,5800.51,2000,5910.382,5553.397,2000,5851.302,5557.04,2000,6169.286,5252.265,2000,6069.327,5422.42,2000,6513.589,5612.371,2000,6563.061
6138.734,2000,6240.743,5755.182,2000,5585.499,6273.696,2000,6108.547,5851.942,2000,5610.768,6229.194,2000,6198.09,5277.287,2000,6166.01,5556.509,2000,5658.538,5926.321,2000,5677.587,5512.544,2000,6556.717,5948.144,2000,5775.176,5343.458,2000,5894.621,5837.314,2000,6206.956,5269.231,2000,5970.578,5651.75,2000,5607.609,5800.346,2000,5910.254,5553.339,2000,5851.102,5557.018,2000,6169.079,5252.372,2000,6069.148,5422.417,2000,6513.381,5612.361,2000,6562.853
6138.561,2000,6240.627,5754.973,2000,5585.5,6273.527,2000,6108.425,5851.737,2000,5610.734,6229.023,2000,6197.971,5277.391,2000,6165.83,5556.302,2000,5658.557,5926.114,2000,5677.569,5512.538,2000,6556.51,5947.936,2000,5775.166,5343.568,2000,5894.444,5837.203,2000,6206.779,5269.341,2000,5970.401,5651.543,2000,5607.634,5800.182,2000,5910.125,5553.281,2000,5850.901,5556.995,2000,6168.872,5252.479,2000,6068.969,5422.413,2000,6513.173,5612.353,2000,6562.645
6138.392,2000,6240.506,5754.765,2000,5585.494,6273.363,2000,6108.297,5851.532,2000,5610.693,6228.849,2000,6197.857,5277.496,2000,6165.649,5556.094,2000,5658.569,5925.906,2000,5677.558,5512.532,2000,6556.302,5947.729,2000,5775.148,5343.68,2000,5894.269,5837.092,2000,6206.603,5269.446,2000,5970.221,5651.337,2000,5607.667,5800.018,2000,5909.998,5553.223,2000,5850.701,5556.973,2000,6168.665,5252.591,2000,6068.794,5422.41,2000,6512.965,5612.344,2000,6562.437
6138.219,2000,6240.39,5754.557,2000,5585.481,6273.194,2000,6108.174,5851.327,2000,5610.66,6228.678,2000,6197.738,5277.605,2000,6165.472,5555.886,2000,5658.588,5925.698,2000,5677.541,5512.527,2000,6556.095,5947.521,2000,5775.134,5343.786,2000,5894.089,5836.98,2000,6206.427,5269.556,2000,5970.044,5651.131,2000,5607.692,5799.854,2000,5909.869,5553.165,2000,5850.501,5556.95,2000,6168.458,5252.697,2000,6068.615,5422.406,2000,6512.757,5612.336,2000,6562.229
6138.049,2000,6240.269,5754.35,2000,5585.461,6273.022,2000,6108.057,5851.12,2000,5610.633,6228.507,2000,6197.619,5277.71,2000,6165.292,5555.68,2000,5658.614,5925.491,2000,5677.518,5512.515,2000,6555.887,5947.313,2000,5775.113,5343.898,2000,5893.914,5836.869,2000,6206.25,5269.664,2000,5969.866,5650.923,2000,5607.71,5799.689,2000,5909.741,5553.107,2000,5850.301,5556.928,2000,6168.25,5252.808,2000,6068.438,5422.396,2000,6512.549,5612.335,2000,6562.021
6137.88,2000,6240.147,5754.143,2000,5585.435,6272.85,2000,6107.939,5850.913,2000,5610.612,6228.336,2000,6197.5,5277.818,2000,6165.114,5555.473,2000,5658.638,5925.284,2000,5677.495,5512.509,2000,6555.68,5947.106,2000,5775.088,5344.008,2000,5893.736,5836.758,2000,6206.074,5269.775,2000,5969.69,5650.715,2000,5607.722,5799.525,2000,5909.612,5553.049,2000,5850.101,5556.905,2000,6168.043,5252.914,2000,6068.259,5422.38,2000,6512.342,5612.327,2000,6561.813
6137.71,2000,6240.026,5753.938,2000,5585.402,6272.678,2000,6107.822,5850.705,2000,5610.599,6228.166,2000,6197.38,5277.922,2000,6164.934,5555.265,2000,5658.657,5925.077,2000,5677.474,5512.498,2000,6555.472,5946.899,2000,5775.063,5344.121,2000,5893.562,5836.646,2000,6205.898,5269.885,2000,5969.513,5650.507,2000,5607.727,5799.361,2000,5909.484,5552.991,2000,5849.9,5556.883,2000,6167.836,5253.024,2000,6068.082,5422.37,2000,6512.134,5612.319,2000,6561.604
6137.542,2000,6239.905,5753.733,2000,5585.362,6272.506,2000,6107.705,5850.497,2000,5610.592,6227.995,2000,6197.261,5278.03,2000,6164.755,5555.057,2000,5658.668,5924.871,2000,5677.445,5512.489,2000,6555.265,5946.691,2000,5775.045,5344.232,2000,5893.385,5836.535,2000,6205.722,5269.998,2000,5969.338,5650.299,2000,5607.739,5799.197,2000,5909.355,5552.933,2000,5849.7,5556.86,2000,6167.629,5253.131,2000,6067.903,5422.362,2000,6511.926,5612.306,2000,6561.397
6137.373,2000,6239.783,5753.53,2000,5585.316,6272.333,2000,6107.587,5850.288,2000,5610.592,6227.824,2000,6197.141,5278.135,2000,6164.576,5554.849,2000,5658.673,5924.664,2000,5677.424,5512.479,2000,6555.057,5946.484,2000,5775.02,5344.346,2000,5893.211,5836.424,2000,6205.545,5270.104,2000,5969.159,5650.091,2000,5607.757,5799.033,2000,5909.227,5552.875,2000,5849.5,5556.838,2000,6167.422,5253.245,2000,6067.729,5422.357,2000,6511.718,5612.295,2000,6561.189
6137.2,2000,6239.667,5753.325,2000,5585.276,6272.162,2000,6107.47,5850.08,2000,5610.585,6227.658,2000,6197.016,5278.246,2000,6164.399,5554.641,2000,5658.685,5924.456,2000,5677.409,5512.472,2000,6554.85,5946.277,2000,5774.996,5344.455,2000,5893.034,5836.313,2000,6205.369,5270.217,2000,5968.984,5649.883,2000,5607.769,5798.869,2000,5909.099,5552.817,2000,5849.3,5556.815,2000,6167.215,5253.352,2000,6067.55,5422.351,2000,6511.51,5612.283,2000,6560.981
6137.031,2000,6239.544,5753.12,2000,5585.243,6271.994,2000,6107.347,5849.872,2000,5610.571,6227.487,2000,6196.896,5278.363,2000,6164.227,5554.433,2000,5658.704,5924.249,2000,5677.388,5512.458,2000,6554.643,5946.07,2000,5774.978,5344.569,2000,5892.859,5836.201,2000,6205.193,5270.324,2000,5968.805,5649.675,2000,5607.774,5798.705,2000,5908.971,5552.759,2000,5849.1,5556.793,2000,6167.008,5253.454,2000,6067.368,5422.347,2000,6511.302,5612.278,2000,6560.773
6136.862,2000,6239.422,5752.913,2000,5585.217,6271.83,2000,6107.218,5849.665,2000,5610.551,6227.313,2000,6196.782,5278.474,2000,6164.05,5554.225,2000,5658.715,5924.041,2000,5677.373,5512.45,2000,6554.435,5945.863,2000,5774.954,5344.678,2000,5892.682,5836.09,2000,6205.017,5270.425,2000,5968.623,5649.467,2000,5607.786,5798.541,2000,5908.842,5552.701,2000,5848.899,5556.771,2000,6166.801,5253.561,2000,6067.189,5422.336,2000,6511.094,5612.266,2000,6560.566
6136.689,2000,6239.306,5752.706,2000,5585.197,6271.662,2000,6107.095,5849.458,2000,5610.524,6227.143,2000,6196.662,5278.579,2000,6163.871,5554.017,2000,5658.72,5923.833,2000,5677.352,5512.45,2000,6554.228,5945.655,2000,5774.936,5344.782,2000,5892.501,5835.979,2000,6204.84,5270.521,2000,5968.438,5649.259,2000,5607.804,5798.377,2000,5908.714,5552.643,2000,5848.699,5556.748,2000,6166.594,5253.674,2000,6067.014,5422.318,2000,6510.886,5612.256,2000,6560.358
6136.52,2000,6239.184,5752.498,2000,5585.185,6271.49,2000,6106.978,5849.252,2000,5610.49,6226.972,2000,6196.542,5278.689,2000,6163.694,5553.809,2000,5658.732,5923.627,2000,5677.323,5512.442,2000,6554.02,5945.447,2000,5774.925,5344.881,2000,5892.318,5835.867,2000,6204.664,5270.622,2000,5968.255,5649.051,2000,5607.816,5798.213,2000,5908.585,5552.584,2000,5848.499,5556.725,2000,6166.387,5253.782,2000,6066.835,5422.308,2000,6510.678,5612.253,2000,6560.15
6136.347,2000,6239.067,5752.29,2000,5585.179,6271.318,2000,6106.86,5849.048,2000,5610.45,6226.806,2000,6196.417,5278.793,2000,6163.514,5553.601,2000,5658.75,5923.42,2000,5677.302,5512.428,2000,6553.813,5945.24,2000,5774.908,5344.985,2000,5892.138,5835.756,2000,6204.488,5270.727,2000,5968.076,5648.843,2000,5607.822,5798.049,2000,5908.457,5552.526,2000,5848.299,5556.703,2000,6166.18,5253.888,2000,6066.656,5422.304,2000,6510.47,5612.257,2000,6559.942
6136.178,2000,6238.945,5752.082,2000,5585.168,6271.149,2000,6106.738,5848.842,2000,5610.416,6226.635,2000,6196.296,5278.897,2000,6163.333,5553.393,2000,5658.762,5923.213,2000,5677.275,5512.421,2000,6553.605,5945.033,2000,5774.883,5345.093,2000,5891.959,5835.645,2000,6204.312,5270.834,2000,5967.897,5648.635,2000,5607.835,5797.885,2000,5908.329,5552.468,2000,5848.099,5556.68,2000,6165.973,5253.993,2000,6066.477,5422.294,2000,6510.262,5612.254,2000,6559.734
6136.01,2000,6238.822,5751.873,2000,5585.165,6270.977,2000,6106.621,5848.636,2000,5610.389,6226.466,2000,6196.174,5279,2000,6163.152,5553.185,2000,5658.767,5923.007,2000,5677.248,5512.415,2000,6553.398,5944.827,2000,5774.854,5345.203,2000,5891.782,5835.533,2000,6204.135,5270.943,2000,5967.719,5648.428,2000,5607.855,5797.721,2000,5908.2,5552.41,2000,5847.898,5556.658,2000,6165.766,5254.099,2000,6066.297,5422.291,2000,6510.054,5612.244,2000,6559.526
6135.843,2000,6238.698,5751.665,2000,5585.154,6270.806,2000,6106.502,5848.428,2000,5610.369,6226.296,2000,6196.054,5279.104,2000,6162.971,5552.977,2000,5658.779,5922.8,2000,5677.222,5512.409,2000,6553.19,5944.621,2000,5774.825,5345.314,2000,5891.606,5835.422,2000,6203.959,5271.053,2000,5967.542,5648.22,2000,5607.869,5797.557,2000,5908.072,5552.352,2000,5847.698,5556.635,2000,6165.559,5254.206,2000,6066.118,5422.289,2000,6509.846,5612.235,2000,6559.318
6135.674,2000,6238.575,5751.458,2000,5585.136,6270.634,2000,6106.384,5848.22,2000,5610.355,6226.127,2000,6195.933,5279.208,2000,6162.791,5552.769,2000,5658.797,5922.593,2000,5677.199,5512.404,2000,6552.983,5944.414,2000,5774.796,5345.426,2000,5891.43,5835.311,2000,6203.783,5271.164,2000,5967.365,5648.012,2000,5607.876,5797.393,2000,5907.943,5552.294,2000,5847.498,5556.612,2000,6165.352,5254.313,2000,6065.939,5422.287,2000,6509.638,5612.227,2000,6559.11
6135.507,2000,6238.451,5751.25,2000,5585.112,6270.466,2000,6106.261,5848.013,2000,5610.334,6225.954,2000,6195.816,5279.317,2000,6162.613,5552.561,2000,5658.809,5922.386,2000,5677.183,5512.405,2000,6552.775,5944.208,2000,5774.77,5345.538,2000,5891.255,5835.199,2000,6203.606,5271.275,2000,5967.189,5647.804,2000,5607.89,5797.229,2000,5907.815,5552.236,2000,5847.298,5556.589,2000,6165.145,5254.414,2000,6065.757,5422.277,2000,6509.43,5612.219,2000,6558.902
6135.335,2000,6238.333,5751.044,2000,5585.081,6270.294,2000,6106.144,5847.805,2000,5610.321,6225.785,2000,6195.695,5279.421,2000,6162.433,5552.354,2000,5658.828,5922.179,2000,5677.16,5512.4,2000,6552.568,5944,2000,5774.751,5345.651,2000,5891.08,5835.088,2000,6203.43,5271.384,2000,5967.011,5647.596,2000,5607.897,5797.064,2000,5907.687,5552.178,2000,5847.098,5556.567,2000,6164.938,5254.521,2000,6065.579,5422.275,2000,6509.222,5612.216,2000,6558.694
6135.161,2000,6238.22,5750.839,2000,5585.043,6270.124,2000,6106.025,5847.597,2000,5610.3,6225.62,2000,6195.567,5279.525,2000,6162.252,5552.146,2000,5658.839,5921.971,2000,5677.144,5512.398,2000,6552.36,5943.793,2000,5774.725,5345.763,2000,5890.904,5834.977,2000,6203.254,5271.487,2000,5966.83,5647.388,2000,5607.912,5796.9,2000,5907.558,5552.12,2000,5846.897,5556.544,2000,6164.731,5254.633,2000,6065.403,5422.273,2000,6509.014,5612.208,2000,6558.486
6134.989,2000,6238.101,5750.633,2000,5585.012,6269.957,2000,6105.9,5847.391,2000,5610.273,6225.451,2000,6195.446,5279.635,2000,6162.076,5551.937,2000,5658.844,5921.764,2000,5677.121,5512.389,2000,6552.153,5943.586,2000,5774.706,5345.869,2000,5890.725,5834.865,2000,6203.078,5271.596,2000,5966.652,5647.181,2000,5607.933,5796.736,2000,5907.43,5552.062,2000,5846.697,5556.522,2000,6164.524,5254.74,2000,6065.225,5422.274,2000,6508.806,5612.207,2000,6558.278
6134.822,2000,6237.977,5750.426,2000,5584.987,6269.793,2000,6105.771,5847.184,2000,5610.252,6225.278,2000,6195.33,5279.751,2000,6161.902,5551.729,2000,5658.856,5921.558,2000,5677.091,5512.386,2000,6551.946,5943.378,2000,5774.694,5345.98,2000,5890.548,5834.754,2000,6202.901,5271.704,2000,5966.475,5646.973,2000,5607.947,5796.572,2000,5907.301,5552.003,2000,5846.497,5556.5,2000,6164.317,5254.841,2000,6065.042,5422.269,2000,6508.598,5612.198,2000,6558.07
6134.651,2000,6237.857,5750.219,2000,5584.97,6269.626,2000,6105.646,5846.977,2000,5610.224,6225.109,2000,6195.208,5279.861,2000,6161.726,5551.521,2000,5658.875,5921.351,2000,5677.068,5512.377,2000,6551.739,5943.17,2000,5774.675,5346.091,2000,5890.372,5834.643,2000,6202.725,5271.807,2000,5966.293,5646.765,2000,5607.954,5796.408,2000,5907.173,5551.945,2000,5846.297,5556.477,2000,6164.11,5254.948,2000,6064.864,5422.27,2000,6508.39,5612.197,2000,6557.862
6134.484,2000,6237.733,5750.012,2000,5584.945,6269.456,2000,6105.527,5846.771,2000,5610.188,6224.94,2000,6195.086,5279.965,2000,6161.545,5551.313,2000,5658.886,5921.144,2000,5677.052,5512.375,2000,6551.531,5942.964,2000,5774.649,5346.197,2000,5890.193,5834.531,2000,6202.549,5271.915,2000,5966.116,5646.557,2000,5607.968,5796.244,2000,5907.044,5551.887,2000,5846.097,5556.455,2000,6163.903,5255.055,2000,6064.685,5422.264,2000,6508.182,5612.188,2000,6557.654
6134.319,2000,6237.606,5749.806,2000,5584.914,6269.283,2000,6105.411,5846.565,2000,5610.16,6224.771,2000,6194.964,5280.066,2000,6161.364,5551.106,2000,5658.905,5920.937,2000,5677.029,5512.379,2000,6551.324,5942.757,2000,5774.625,5346.309,2000,5890.017,5834.42,2000,6202.373,5272.025,2000,5965.939,5646.349,2000,5607.978,5796.08,2000,5906.916,5551.829,2000,5845.896,5556.432,2000,6163.696,5255.163,2000,6064.506,5422.251,2000,6507.974,5612.18,2000,6557.446
6134.153,2000,6237.48,5749.601,2000,5584.876,6269.11,2000,6105.295,5846.358,2000,5610.139,6224.603,2000,6194.843,5280.168,2000,6161.182,5550.898,2000,5658.917,5920.729,2000,5677.007,5512.376,2000,6551.116,5942.55,2000,5774.596,5346.423,2000,5889.843,5834.309,2000,6202.196,5272.13,2000,5965.759,5646.141,2000,5607.995,5795.916,2000,5906.788,5551.771,2000,5845.696,5556.41,2000,6163.489,5255.276,2000,6064.332,5422.245,2000,6507.766,5612.178,2000,6557.238
6133.983,2000,6237.359,5749.395,2000,5584.845,6268.941,2000,6105.173,5846.15,2000,5610.12,6224.43,2000,6194.727,5280.276,2000,6161.004,5550.689,2000,5658.921,5920.523,2000,5676.979,5512.367,2000,6550.909,5942.343,2000,5774.574,5346.534,2000,5889.666,5834.197,2000,6202.02,5272.24,2000,5965.582,5645.934,2000,5608.018,5795.752,2000,5906.659,5551.713,2000,5845.496,5556.387,2000,6163.282,5255.383,2000,6064.153,5422.246,2000,6507.558,5612.183,2000,6557.03
6133.81,2000,6237.244,5749.188,2000,5584.821,6268.768,2000,6105.057,5845.943,2000,5610.102,6224.261,2000,6194.605,5280.39,2000,6160.829,5550.481,2000,5658.933,5920.316,2000,5676.957,5512.365,2000,6550.702,5942.137,2000,5774.545,5346.648,2000,5889.492,5834.086,2000,6201.844,5272.353,2000,5965.407,5645.727,2000,5608.035,5795.588,2000,5906.531,5551.655,2000,5845.296,5556.364,2000,6163.075,5255.485,2000,6063.971,5422.245,2000,6507.35,5612.181,2000,6556.822
6133.633,2000,6237.134,5748.98,2000,5584.803,6268.599,2000,6104.936,5845.735,2000,5610.089,6224.088,2000,6194.489,5280.498,2000,6160.651,5550.274,2000,5658.952,5920.109,2000,5676.928,5512.363,2000,6550.494,5941.93,2000,5774.523,5346.764,2000,5889.318,5833.975,2000,6201.667,5272.459,2000,5965.228,5645.519,2000,5608.044,5795.424,2000,5906.402,5551.597,2000,5845.096,5556.342,2000,6162.868,5255.592,2000,6063.792,5422.249,2000,6507.142,5612.172,2000,6556.614
6133.459,2000,6237.019,5748.772,2000,5584.792,6268.426,2000,6104.819,5845.527,2000,5610.069,6223.915,2000,6194.372,5280.6,2000,6160.469,5550.067,2000,5658.977,5919.902,2000,5676.906,5512.355,2000,6550.287,5941.723,2000,5774.495,5346.875,2000,5889.143,5833.863,2000,6201.491,5272.56,2000,5965.046,5645.311,2000,5608.06,5795.26,2000,5906.274,5551.539,2000,5844.896,5556.319,2000,6162.661,5255.706,2000,6063.617,5422.246,2000,6506.934,5612.17,2000,6556.406
6133.29,2000,6236.898,5748.563,2000,5584.789,6268.252,2000,6104.705,5845.321,2000,5610.043,6223.742,2000,6194.256,5280.708,2000,6160.291,5549.86,2000,5659.004,5919.696,2000,5676.877,5512.354,2000,6550.08,5941.516,2000,5774.473,5346.981,2000,5888.963,5833.752,2000,6201.315,5272.667,2000,5964.867,5645.104,2000,5608.076,5795.096,2000,5906.146,5551.48,2000,5844.695,5556.297,2000,6162.454,5255.813,2000,6063.438,5422.236,2000,6506.726,5612.161,2000,6556.198
6133.119,2000,6236.778,5748.355,2000,5584.778,6268.078,2000,6104.591,5845.115,2000,5610.01,6223.57,2000,6194.138,5280.812,2000,6160.11,5549.653,2000,5659.024,5919.489,2000,5676.855,5512.345,2000,6549.873,5941.31,2000,5774.444,5347.091,2000,5888.786,5833.641,2000,6201.139,5272.776,2000,5964.689,5644.896,2000,5608.098,5794.932,2000,5906.017,5551.422,2000,5844.495,5556.274,2000,6162.247,5255.921,2000,6063.26,5422.233,2000,6506.518,5612.159,2000,6555.99
6132.945,2000,6236.664,5748.148,2000,5584.76,6267.907,2000,6104.472,5844.911,2000,5609.97,6223.395,2000,6194.026,5280.922,2000,6159.934,5549.445,2000,5659.037,5919.282,2000,5676.826,5512.344,2000,6549.665,5941.103,2000,5774.422,5347.203,2000,5888.61,5833.529,2000,6200.962,5272.887,2000,5964.513,5644.69,2000,5608.127,5794.768,2000,5905.889,5551.364,2000,5844.295,5556.251,2000,6162.04,5256.023,2000,6063.079,5422.224,2000,6506.31,5612.15,2000,6555.782
6132.768,2000,6236.555,5747.941,2000,5584.736,6267.732,2000,6104.358,5844.705,2000,5609.937,6223.223,2000,6193.909,5281.026,2000,6159.753,5549.237,2000,5659.057,5919.076,2000,5676.798,5512.335,2000,6549.458,5940.896,2000,5774.393,5347.316,2000,5888.436,5833.418,2000,6200.786,5272.992,2000,5964.333,5644.483,2000,5608.149,5794.603,2000,5905.761,5551.306,2000,5844.095,5556.228,2000,6161.833,5256.131,2000,6062.9,5422.221,2000,6506.102,5612.148,2000,6555.574
6132.594,2000,6236.441,5747.735,2000,5584.705,6267.559,2000,6104.244,5844.499,2000,5609.91,6223.047,2000,6193.796,5281.13,2000,6159.573,5549.031,2000,5659.084,5918.869,2000,5676.77,5512.333,2000,6549.251,5940.69,2000,5774.362,5347.425,2000,5888.258,5833.307,2000,6200.61,5273.091,2000,5964.15,5644.275,2000,5608.165,5794.438,2000,5905.633,5551.248,2000,5843.895,5556.205,2000,6161.625,5256.245,2000,6062.726,5422.217,2000,6505.894,5612.14,2000,6555.366
6132.401,2000,6236.311,5747.506,2000,5584.663,6267.361,2000,6104.12,5844.267,2000,5609.888,6222.853,2000,6193.667,5281.253,2000,6159.375,5548.799,2000,5659.106,5918.638,2000,5676.74,5512.323,2000,6549.02,5940.459,2000,5774.328,5347.54,2000,5888.056,5833.182,2000,6200.413,5273.208,2000,5963.949,5644.044,2000,5608.19,5794.255,2000,5905.49,5551.183,2000,5843.671,5556.18,2000,6161.394,5256.365,2000,6062.526,5422.219,2000,6505.662,5612.137,2000,6555.133
6131.89,2000,6235.942,5746.89,2000,5584.528,6266.838,2000,6103.769,5843.638,2000,5609.85,6222.317,2000,6193.336,5281.604,2000,6158.852,5548.17,2000,5659.146,5918.016,2000,5676.641,5512.315,2000,6548.393,5939.833,2000,5774.256,5347.87,2000,5887.519,5832.845,2000,6199.881,5273.543,2000,5963.416,5643.42,2000,5608.278,5793.757,2000,5905.104,5551.007,2000,5843.066,5556.111,2000,6160.768,5256.673,2000,6061.977,5422.202,2000,6505.032,5612.11,2000,6554.505
6131.612,2000,6235.755,5746.561,2000,5584.468,6266.554,2000,6103.591,5843.304,2000,5609.818,6222.038,2000,6193.151,5281.781,2000,6158.568,5547.837,2000,5659.179,5917.684,2000,5676.599,5512.301,2000,6548.06,5939.502,2000,5774.207,5348.055,2000,5887.24,5832.666,2000,6199.598,5273.712,2000,5963.126,5643.087,2000,5608.313,5793.492,2000,5904.899,5550.914,2000,5842.744,5556.075,2000,6160.435,5256.847,2000,6061.69,5422.204,2000,6504.697,5612.107,2000,6554.17
6131.328,2000,6235.577,5746.229,2000,5584.418,6266.268,2000,6103.417,5842.972,2000,5609.775,6221.765,2000,6192.957,5281.949,2000,6158.278,5547.504,2000,5659.222,5917.35,2000,5676.567,5512.275,2000,6547.728,5939.171,2000,5774.151,5348.24,2000,5886.96,5832.487,2000,6199.314,5273.872,2000,5962.831,5642.754,2000,5608.354,5793.227,2000,5904.694,5550.82,2000,5842.422,5556.038,2000,6160.102,5257.029,2000,6061.409,5422.194,2000,6504.362,5612.115,2000,6553.836
6130.998,2000,6235.384,5745.849,2000,5584.374,6265.948,2000,6103.207,5842.594,2000,5609.714,6221.446,2000,6192.745,5282.137,2000,6157.944,5547.126,2000,5659.283,5916.97,2000,5676.52,5512.258,2000,6547.347,5938.792,2000,5774.1,5348.444,2000,5886.637,5832.282,2000,6198.991,5274.064,2000,5962.5,5642.375,2000,5608.405,5792.924,2000,5904.46,5550.712,2000,5842.055,5555.997,2000,6159.721,5257.228,2000,6061.082,5422.171,2000,6503.98,5612.111,2000,6553.454
6130.381,2000,6235.051,5745.15,2000,5584.314,6265.375,2000,6102.803,5841.906,2000,5609.58,6220.85,2000,6192.376,5282.479,2000,6157.333,5546.439,2000,5659.419,5916.278,2000,5676.409,5512.25,2000,6546.651,5938.095,2000,5774.028,5348.82,2000,5886.045,5831.906,2000,6198.4,5274.438,2000,5961.907,5641.678,2000,5608.479,5792.369,2000,5904.032,5550.516,2000,5841.382,5555.92,2000,6159.025,5257.582,2000,6060.477,5422.106,2000,6503.283,5612.081,2000,6552.755
6129.844,2000,6234.738,5744.53,2000,5584.283,6264.854,2000,6102.462,5841.3,2000,5609.441,6220.325,2000,6192.042,5282.777,2000,6156.787,5545.826,2000,5659.519,5915.662,2000,5676.331,5512.222,2000,6546.034,5937.479,2000,5773.945,5349.166,2000,5885.529,5831.573,2000,6197.875,5274.776,2000,5961.386,5641.063,2000,5608.566,5791.876,2000,5903.653,5550.341,2000,5840.786,5555.853,2000,6158.407,5257.904,2000,6059.945,5422.069,2000,6502.663,5612.05,2000,6552.135
6129.248,2000,6234.364,5743.828,2000,5584.224,6264.253,2000,6102.096,5840.609,2000,5609.307,6219.731,2000,6191.665,5283.134,2000,6156.18,5545.127,2000,5659.61,5914.965,2000,5676.23,5512.189,2000,6545.335,5936.783,2000,5773.839,5349.563,2000,5884.948,5831.195,2000,6197.282,5275.14,2000,5960.783,5640.369,2000,5608.687,5791.317,2000,5903.225,5550.142,2000,5840.111,5555.776,2000,6157.708,5258.249,2000,6059.332,5422.05,2000,6501.959,5612.002,2000,6551.435
6128.511,2000,6233.868,5742.946,2000,5584.12,6263.48,2000,6101.658,5839.732,2000,5609.166,6218.997,2000,6191.165,5283.609,2000,6155.43,5544.251,2000,5659.753,5914.083,2000,5676.131,5512.12,2000,6544.456,5935.91,2000,5773.677,5350.088,2000,5884.231,5830.718,2000,6196.533,5275.574,2000,5960.008,5639.499,2000,5608.867,5790.611,2000,5902.686,5549.891,2000,5839.259,5555.68,2000,6156.825,5258.658,2000,6058.543,5422.055,2000,6501.072,5611.97,2000,6550.549
6127.862,2000,6233.399,5742.155,2000,5584.001,6262.797,2000,6101.242,5838.938,2000,5609.064,6218.321,2000,6190.736,5284.015,2000,6154.74,5543.466,2000,5659.908,5913.291,2000,5676.016,5512.083,2000,6543.663,5935.119,2000,5773.557,5350.577,2000,5883.598,5830.287,2000,6195.858,5275.942,2000,5959.297,5638.721,2000,5609.056,5789.975,2000,5902.201,5549.664,2000,5838.492,5555.593,2000,6156.029,5259.049,2000,6057.845,5422.033,2000,6500.272,5611.915,2000,6549.752
6127.243,2000,6232.92,5741.385,2000,5583.859,6262.142,2000,6100.813,5838.159,2000,5608.99,6217.647,2000,6190.339,5284.389,2000,6154.053,5542.703,2000,5660.084,5912.52,2000,5675.878,5512.072,2000,6542.886,5934.341,2000,5773.465,5351.056,2000,5882.979,5829.866,2000,6195.198,5276.279,2000,5958.591,5637.967,2000,5609.265,5789.352,2000,5901.728,5549.441,2000,5837.741,5555.508,2000,6155.251,5259.455,2000,6057.176,5421.986,2000,6499.491,5611.835,2000,6548.975
6126.763,2000,6232.573,5740.806,2000,5583.732,6261.657,2000,6100.471,5837.567,2000,5608.954,6217.127,2000,6190.055,5284.656,2000,6153.523,5542.13,2000,5660.236,5911.94,2000,5675.755,5512.044,2000,6542.299,5933.75,2000,5773.415,5351.42,2000,5882.511,5829.546,2000,6194.699,5276.551,2000,5958.064,5637.401,2000,5609.441,5788.879,2000,5901.37,5549.272,2000,5837.173,5555.444,2000,6154.662,5259.778,2000,6056.679,5421.931,2000,6498.901,5611.795,2000,6548.385
6125.907,2000,6231.997,5739.806,2000,5583.479,6260.794,2000,6099.905,5836.54,2000,5608.856,6216.238,2000,6189.53,5285.149,2000,6152.617,5541.142,2000,5660.534,5910.924,2000,5675.573,5511.963,2000,6541.279,5932.726,2000,5773.293,5352.056,2000,5881.698,5828.99,2000,6193.83,5277.056,2000,5957.164,5636.426,2000,5609.781,5788.055,2000,5900.749,5548.977,2000,5836.184,5555.332,2000,6153.636,5260.312,2000,6055.795,5421.869,2000,6497.872,5611.758,2000,6547.356
6124.955,2000,6231.4,5738.708,2000,5583.24,6259.835,2000,6099.32,5835.426,2000,5608.714,6215.29,2000,6188.928,5285.719,2000,6151.648,5540.078,2000,5660.894,5909.813,2000,5675.412,5511.839,2000,6540.173,5931.615,2000,5773.125,5352.75,2000,5880.814,5828.384,2000,6192.884,5277.636,2000,5956.203,5635.378,2000,5610.186,5787.157,2000,5900.074,5548.654,2000,5835.108,5555.21,2000,6152.519,5260.862,2000,6054.816,5421.838,2000,6496.75,5611.754,2000,6546.236
6124.307,2000,6231.022,5737.971,2000,5583.104,6259.199,2000,6098.923,5834.685,2000,5608.595,6214.67,2000,6188.506,5286.12,2000,6151.015,5539.375,2000,5661.157,5909.067,2000,5675.328,5511.78,2000,6539.433,5930.874,2000,5773.013,5353.194,2000,5880.21,5827.979,2000,6192.252,5278.045,2000,5955.574,5634.67,2000,5610.433,5786.556,2000,5899.625,5548.438,2000,5834.39,5555.129,2000,6151.773,5261.207,2000,6054.15,5421.793,2000,6496.001,5611.727,2000,6545.489
6123.378,2000,6230.521,5736.927,2000,5582.947,6258.323,2000,6098.335,5833.649,2000,5608.394,6213.818,2000,6187.883,5286.655,2000,6150.105,5538.389,2000,5661.53,5908.015,2000,5675.245,5511.732,2000,6538.391,5929.826,2000,5772.89,5353.79,2000,5879.339,5827.408,2000,6191.365,5278.607,2000,5954.681,5633.664,2000,5610.747,5785.71,2000,5898.995,5548.133,2000,5833.38,5555.015,2000,6150.725,5261.723,2000,6053.23,5421.696,2000,6494.952,5611.654,2000,6544.44
6122.089,2000,6229.879,5735.497,2000,5582.779,6257.154,2000,6097.494,5832.246,2000,5608.072,6212.628,2000,6187.072,5287.355,2000,6148.847,5537.026,2000,5661.995,5906.577,2000,5675.179,5511.712,2000,6536.967,5928.391,2000,5772.768,5354.564,2000,5878.125,5826.627,2000,6190.155,5279.333,2000,5953.438,5632.276,2000,5611.131,5784.553,2000,5898.138,5547.715,2000,5832.002,5554.859,2000,6149.293,5262.469,2000,6051.998,5421.516,2000,6493.524,5611.582,2000,6543.007
6120.985,2000,6229.284,5734.247,2000,5582.673,6256.112,2000,6096.794,5831.014,2000,5607.832,6211.568,2000,6186.4,5288,2000,6147.771,5535.827,2000,5662.364,5905.326,2000,5675.08,5511.655,2000,6535.73,5927.138,2000,5772.702,5355.208,2000,5877.048,5825.947,2000,6189.101,5279.931,2000,5952.334,5631.056,2000,5611.426,5783.543,2000,5897.393,5547.35,2000,5830.802,5554.724,2000,6148.045,5263.083,2000,6050.904,5421.399,2000,6492.275,5611.556,2000,6541.758
6120.175,2000,6228.812,5733.316,2000,5582.564,6255.318,2000,6096.296,5830.089,2000,5607.683,6210.768,2000,6185.913,5288.456,2000,6146.952,5534.926,2000,5662.624,5904.395,2000,5674.976,5511.604,2000,6534.808,5926.204,2000,5772.623,5355.666,2000,5876.231,5825.438,2000,6188.314,5280.35,2000,5951.496,5630.139,2000,5611.617,5782.788,2000,5896.838,5547.075,2000,5829.906,5554.622,2000,6147.114,5263.567,2000,6050.102,5421.343,2000,6491.341,5611.506,2000,6540.826
6119.126,2000,6228.159,5732.094,2000,5582.38,6254.261,2000,6095.658,5828.864,2000,5607.526,6209.712,2000,6185.272,5289.091,2000,6145.893,5533.729,2000,5662.926,5903.167,2000,5674.832,5511.538,2000,6533.593,5924.977,2000,5772.479,5356.235,2000,5875.135,5824.767,2000,6187.277,5280.938,2000,5950.41,5628.928,2000,5611.863,5781.79,2000,5896.109,5546.712,2000,5828.725,5554.488,2000,6145.886,5264.172,2000,6049.025,5421.288,2000,6490.107,5611.434,2000,6539.599
6118.083,2000,6227.509,5730.885,2000,5582.157,6253.208,2000,6095.023,5827.64,2000,5607.41,6208.665,2000,6184.627,5289.689,2000,6144.818,5532.527,2000,5663.188,5901.946,2000,5674.69,5511.477,2000,6532.384,5923.756,2000,5772.331,5356.833,2000,5874.061,5824.097,2000,6186.246,5281.53,2000,5949.332,5627.72,2000,5612.09,5780.795,2000,5895.386,5546.35,2000,5827.55,5554.355,2000,6144.664,5264.784,2000,6047.958,5421.233,2000,6488.88,5611.361,2000,6538.377
6117.21,2000,6226.958,5729.877,2000,5581.937,6252.327,2000,6094.487,5826.61,2000,5607.347,6207.786,2000,6184.087,5290.198,2000,6143.921,5531.512,2000,5663.375,5900.919,2000,5674.585,5511.425,2000,6531.372,5922.732,2000,5772.207,5357.343,2000,5873.164,5823.535,2000,6185.381,5282.045,2000,5948.438,5626.704,2000,5612.268,5779.959,2000,5894.782,5546.043,2000,5826.564,5554.244,2000,6143.638,5265.286,2000,6047.057,5421.193,2000,6487.85,5611.304,2000,6537.353
6115.746,2000,6226.042,5728.178,2000,5581.624,6250.853,2000,6093.586,5824.891,2000,5607.184,6206.32,2000,6183.174,5291.035,2000,6142.41,5529.804,2000,5663.633,5899.199,2000,5674.435,5511.347,2000,6529.68,5921.015,2000,5772.026,5358.218,2000,5871.675,5822.592,2000,6183.934,5282.9,2000,5946.938,5624.996,2000,5612.526,5778.557,2000,5893.773,5545.529,2000,5824.916,5554.057,2000,6141.921,5266.146,2000,6045.559,5421.118,2000,6486.125,5611.211,2000,6535.638
6114.813,2000,6225.448,5727.085,2000,5581.459,6249.911,2000,6093.006,5823.793,2000,5607.051,6205.38,2000,6182.591,5291.602,2000,6141.461,5528.706,2000,5663.762,5898.098,2000,5674.331,5511.295,2000,6528.599,5919.914,2000,5771.923,5358.778,2000,5870.721,5821.987,2000,6183.008,5283.462,2000,5945.985,5623.907,2000,5612.716,5777.657,2000,5893.131,5545.197,2000,5823.861,5553.938,2000,6140.821,5266.665,2000,6044.583,5421.079,2000,6485.021,5611.154,2000,6534.541
6113.432,2000,6224.575,5725.462,2000,5581.269,6248.52,2000,6092.149,5822.17,2000,5606.869,6203.997,2000,6181.722,5292.394,2000,6140.032,5527.078,2000,5663.899,5896.472,2000,5674.164,5511.227,2000,6527.004,5918.288,2000,5771.764,5359.621,2000,5869.322,5821.093,2000,6181.64,5284.268,2000,5944.563,5622.3,2000,5613.014,5776.325,2000,5892.184,5544.705,2000,5822.303,5553.761,2000,6139.197,5267.479,2000,6043.166,5421.014,2000,6483.39,5611.071,2000,6532.921
6112.459,2000,6223.95,5724.31,2000,5581.171,6247.538,2000,6091.539,5821.019,2000,5606.758,6203.017,2000,6181.108,5292.965,2000,6139.026,5525.93,2000,5664.034,5895.321,2000,5674.05,5511.178,2000,6525.878,5917.138,2000,5771.64,5360.205,2000,5868.323,5820.458,2000,6180.673,5284.861,2000,5943.571,5621.157,2000,5613.187,5775.38,2000,5891.518,5544.354,2000,5821.201,5553.637,2000,6138.047,5268.047,2000,6042.159,5420.976,2000,6482.235,5611.016,2000,6531.775
6111.021,2000,6223.036,5722.607,2000,5581.084,6246.09,2000,6090.64,5819.32,2000,5606.618,6201.576,2000,6180.197,5293.799,2000,6137.54,5524.245,2000,5664.288,5893.632,2000,5673.827,5511.112,2000,6524.223,5915.438,2000,5771.514,5361.092,2000,5866.868,5819.522,2000,6179.249,5285.718,2000,5942.098,5619.465,2000,5613.387,5773.985,2000,5890.539,5543.835,2000,5819.578,5553.454,2000,6136.353,5268.909,2000,6040.688,5420.914,2000,6480.534,5610.935,2000,6530.087
6110.026,2000,6222.356,5721.403,2000,5581.062,6245.046,2000,6090.039,5818.117,2000,5606.559,6200.58,2000,6179.52,5294.423,2000,6136.509,5523.06,2000,5664.506,5892.433,2000,5673.708,5511.028,2000,6523.059,5914.24,2000,5771.385,5361.752,2000,5865.86,5818.86,2000,6178.243,5286.357,2000,5941.077,5618.273,2000,5613.568,5772.997,2000,5889.849,5543.466,2000,5818.431,5553.324,2000,6135.155,5269.483,2000,6039.629,5420.909,2000,6479.33,5610.917,2000,6528.894
6108.975,2000,6221.586,5720.101,2000,5581.08,6243.939,2000,6089.352,5816.814,2000,5606.537,6199.479,2000,6178.823,5295.06,2000,6135.374,5521.787,2000,5664.784,5891.133,2000,5673.623,5510.978,2000,6521.801,5912.95,2000,5771.203,5362.502,2000,5864.795,5818.142,2000,6177.156,5287.012,2000,5939.951,5616.993,2000,5613.805,5771.925,2000,5889.108,5543.063,2000,5817.192,5553.184,2000,6133.86,5270.142,2000,6038.505,5420.946,2000,6478.029,5610.855,2000,6527.606
6107.301,2000,6220.275,5717.976,2000,5581.18,6242.17,2000,6088.171,5814.688,2000,5606.57,6197.646,2000,6177.746,5296.04,2000,6133.486,5519.726,2000,5665.305,5889.017,2000,5673.413,5510.964,2000,6519.752,5910.835,2000,5770.976,5363.782,2000,5863.096,5816.969,2000,6175.382,5288.021,2000,5938.078,5614.916,2000,5614.261,5770.173,2000,5887.903,5542.402,2000,5815.17,5552.955,2000,6131.746,5271.276,2000,6036.706,5421.076,2000,6475.909,5610.687,2000,6525.511
6106.467,2000,6219.664,5716.942,2000,5581.194,6241.292,2000,6087.626,5813.654,2000,5606.553,6196.772,2000,6177.193,5296.545,2000,6132.584,5518.732,2000,5665.591,5887.992,2000,5673.278,5510.925,2000,6518.763,5909.804,2000,5770.899,5364.431,2000,5862.291,5816.397,2000,6174.521,5288.541,2000,5937.185,5613.914,2000,5614.515,5769.319,2000,5887.32,5542.078,2000,5814.188,5552.844,2000,6130.718,5271.798,2000,6035.814,5421.173,2000,6474.88,5610.638,2000,6524.492
6104.732,2000,6218.479,5714.842,2000,5581.155,6239.472,2000,6086.577,5811.556,2000,5606.449,6195.034,2000,6176.012,5297.633,2000,6130.787,5516.733,2000,5666.239,5885.901,2000,5673.071,5510.78,2000,6516.762,5907.715,2000,5770.675,5365.802,2000,5860.699,5815.234,2000,6172.771,5289.656,2000,5935.404,5611.896,2000,5615.098,5767.58,2000,5886.141,5541.416,2000,5812.195,5552.618,2000,6128.629,5272.8,2000,6033.967,5421.302,2000,6472.786,5610.606,2000,6522.421
6103.83,2000,6217.905,5713.773,2000,5581.101,6238.563,2000,6086.013,5810.49,2000,5606.361,6194.13,2000,6175.44,5298.216,2000,6129.89,5515.727,2000,5666.602,5884.833,2000,5673.001,5510.673,2000,6515.753,5906.656,2000,5770.526,5366.526,2000,5859.912,5814.64,2000,6171.882,5290.193,2000,5934.48,5610.878,2000,5615.429,5766.692,2000,5885.545,5541.075,2000,5811.181,5552.503,2000,6127.566,5273.279,2000,6033.011,5421.333,2000,6471.718,5610.625,2000,6521.369
6101.965,2000,6216.803,5711.615,2000,5580.918,6236.761,2000,6084.812,5808.339,2000,5606.112,6192.263,2000,6174.343,5299.337,2000,6128.037,5513.715,2000,5667.402,5882.678,2000,5672.788,5510.525,2000,6513.711,5904.503,2000,5770.294,5368.024,2000,5858.348,5813.437,2000,6170.081,5291.22,2000,5932.573,5608.842,2000,5616.165,5764.891,2000,5884.342,5540.38,2000,5809.13,5552.271,2000,6125.413,5274.312,2000,6031.107,5421.324,2000,6469.555,5610.593,2000,6519.24
6101.001,2000,6216.274,5710.523,2000,5580.791,6235.867,2000,6084.172,5807.251,2000,5605.951,6191.298,2000,6173.817,5299.875,2000,6127.078,5512.707,2000,5667.842,5881.588,2000,5672.644,5510.484,2000,6512.681,5903.407,2000,5770.213,5368.79,2000,5857.559,5812.825,2000,6169.167,5291.709,2000,5931.589,5607.821,2000,5616.572,5763.975,2000,5883.735,5540.025,2000,5808.089,5552.153,2000,6124.319,5274.868,2000,6030.159,5421.284,2000,6468.458,5610.542,2000,6518.164
6099.58,2000,6215.556,5708.948,2000,5580.553,6234.542,2000,6083.288,5805.685,2000,5605.665,6189.925,2000,6173.01,5300.609,2000,6125.664,5511.269,2000,5668.526,5880.017,2000,5672.384,5510.474,2000,6511.194,5901.815,2000,5770.146,5369.91,2000,5856.426,5811.936,2000,6167.846,5292.372,2000,5930.14,5606.361,2000,5617.21,5762.641,2000,5882.863,5539.502,2000,5806.585,5551.982,2000,6122.736,5275.717,2000,6028.811,5421.173,2000,6466.871,5610.416,2000,6516.609
6097.009,2000,6214.359,5706.16,2000,5580.04,6232.133,2000,6081.793,5802.914,2000,5605.065,6187.529,2000,6171.494,5301.895,2000,6123.137,5508.75,2000,5669.828,5877.207,2000,5672.013,5510.542,2000,6508.567,5898.988,2000,5769.936,5371.909,2000,5854.416,5810.352,2000,6165.495,5293.634,2000,5927.602,5603.802,2000,5618.43,5760.265,2000,5881.316,5538.567,2000,5803.909,5551.678,2000,6119.917,5277.307,2000,6026.463,5420.884,2000,6464.054,5610.103,2000,6513.858
6096.243,2000,6213.972,5705.321,2000,5579.856,6231.39,2000,6081.364,5802.069,2000,5604.911,6186.815,2000,6171.018,5302.309,2000,6122.385,5508,2000,5670.247,5876.353,2000,5671.928,5510.537,2000,6507.783,5898.135,2000,5769.844,5372.517,2000,5853.81,5809.871,2000,6164.784,5294.041,2000,5926.846,5603.04,2000,5618.825,5759.545,2000,5880.85,5538.282,2000,5803.099,5551.586,2000,6119.063,5277.765,2000,6025.737,5420.825,2000,6463.198,5610.036,2000,6513.027
6095.486,2000,6213.557,5704.485,2000,5579.645,6230.628,2000,6080.958,5801.216,2000,5604.784,6186.096,2000,6170.54,5302.749,2000,6121.644,5507.261,2000,5670.692,5875.492,2000,5671.872,5510.505,2000,6506.999,5897.279,2000,5769.736,5373.133,2000,5853.207,5809.387,2000,6164.07,5294.475,2000,5926.1,5602.287,2000,5619.246,5758.818,2000,5880.385,5537.992,2000,5802.287,5551.495,2000,6118.206,5278.201,2000,6024.993,5420.793,2000,6462.337,5609.996,2000,6512.19
6093.125,2000,6212.161,5701.83,2000,5578.955,6228.172,2000,6079.735,5798.49,2000,5604.469,6183.809,2000,6169.024,5304.227,2000,6119.332,5504.959,2000,5672.184,5872.75,2000,5671.781,5510.326,2000,6504.523,5894.556,2000,5769.399,5375.104,2000,5851.298,5807.846,2000,6161.8,5295.931,2000,5923.775,5599.938,2000,5620.664,5756.501,2000,5878.915,5537.06,2000,5799.706,5551.202,2000,6115.478,5279.509,2000,6022.581,5420.782,2000,6459.597,5609.956,2000,6509.533
6092.023,2000,6211.46,5700.567,2000,5578.622,6227.023,2000,6079.116,5797.189,2000,5604.361,6182.698,2000,6168.339,5304.965,2000,6118.255,5503.887,2000,5672.93,5871.444,2000,5671.78,5510.204,2000,6503.367,5893.259,2000,5769.246,5376.05,2000,5850.397,5807.11,2000,6160.722,5296.66,2000,5922.691,5598.843,2000,5621.375,5755.396,2000,5878.221,5536.609,2000,5798.48,5551.063,2000,6114.179,5280.094,2000,6021.414,5420.819,2000,6458.293,5609.979,2000,6508.275
6090.237,2000,6210.241,5698.477,2000,5578.065,6225.154,2000,6078.027,5795.029,2000,5604.254,6180.821,2000,6167.265,5306.247,2000,6116.513,5502.153,2000,5674.222,5869.282,2000,5671.708,5509.941,2000,6501.475,5891.104,2000,5769.062,5377.629,2000,5848.92,5805.889,2000,6158.937,5297.925,2000,5920.938,5597.069,2000,5622.611,5753.558,2000,5877.082,5535.853,2000,5796.455,5550.833,2000,6112.029,5280.999,2000,6019.449,5420.951,2000,6456.138,5610.083,2000,6506.2
6088.498,2000,6208.967,5696.377,2000,5577.579,6223.328,2000,6076.882,5792.873,2000,5604.218,6178.916,2000,6166.256,5307.467,2000,6114.736,5500.468,2000,5675.566,5867.131,2000,5671.567,5509.745,2000,6499.608,5888.952,2000,5768.948,5379.213,2000,5847.458,5804.669,2000,6157.159,5299.128,2000,5919.149,5595.341,2000,5623.901,5751.721,2000,5875.952,5535.089,2000,5794.438,5550.604,2000,6109.885,5281.964,2000,6017.521,5421.013,2000,6453.986,5610.12,2000,6504.139
6087.201,2000,6208.082,5694.836,2000,5577.275,6222.025,2000,6076.005,5791.303,2000,5604.243,6177.504,2000,6165.567,5308.313,2000,6113.413,5499.272,2000,5676.585,5865.568,2000,5671.413,5509.647,2000,6498.265,5887.381,2000,5768.917,5380.373,2000,5846.398,5803.779,2000,6155.865,5299.962,2000,5917.818,5594.114,2000,5624.881,5750.38,2000,5875.134,5534.528,2000,5792.972,5550.437,2000,6108.324,5282.713,2000,6016.141,5421.006,2000,6452.417,5610.097,2000,6502.646
6086.055,2000,6207.353,5693.496,2000,5577.056,6220.875,2000,6075.284,5789.947,2000,5604.309,6176.305,2000,6164.932,5309.007,2000,6112.246,5498.269,2000,5677.5,5864.222,2000,5671.235,5509.602,2000,6497.115,5886.024,2000,5768.935,5381.384,2000,5845.493,5803.008,2000,6154.748,5300.645,2000,5916.645,5593.082,2000,5625.763,5749.218,2000,5874.433,5534.034,2000,5791.708,5550.292,2000,6106.974,5283.399,2000,6014.97,5420.957,2000,6451.063,5610.036,2000,6501.362
6084.125,2000,6206.212,5691.272,2000,5576.766,6218.937,2000,6074.155,5787.705,2000,5604.345,6174.358,2000,6163.818,5310.088,2000,6110.281,5496.661,2000,5679.063,5861.99,2000,5671.014,5509.589,2000,6495.236,5883.782,2000,5768.89,5383.069,2000,5844.014,5801.73,2000,6152.905,5301.708,2000,5914.67,5591.425,2000,5627.274,5747.291,2000,5873.287,5533.202,2000,5789.625,5550.054,2000,6104.744,5284.595,2000,6013.073,5420.801,2000,6448.829,5609.866,2000,6499.255
6082.167,2000,6205.14,5689.05,2000,5576.55,6216.972,2000,6073.096,5785.472,2000,5604.307,6172.458,2000,6162.646,5311.138,2000,6108.311,5495.112,2000,5680.671,5859.763,2000,5670.867,5509.591,2000,6493.403,5881.552,2000,5768.773,5384.758,2000,5842.553,5800.457,2000,6151.071,5302.702,2000,5912.671,5589.826,2000,5628.832,5745.367,2000,5872.153,5532.361,2000,5787.557,5549.817,2000,6102.524,5285.847,2000,6011.224,5420.719,2000,6446.601,5609.63,2000,6497.18
6080.717,2000,6204.406,5687.429,2000,5576.446,6215.518,2000,6072.372,5783.85,2000,5604.227,6171.104,2000,6161.749,5311.904,2000,6106.878,5494.023,2000,5681.877,5858.139,2000,5670.813,5509.593,2000,6492.098,5879.934,2000,5768.635,5385.995,2000,5841.5,5799.528,2000,6149.738,5303.377,2000,5911.193,5588.7,2000,5630.002,5743.964,2000,5871.334,5531.741,2000,5786.055,5549.645,2000,6100.909,5286.802,2000,6009.91,5420.712,2000,6444.979,5609.436,2000,6495.687
6079.255,2000,6203.726,5685.818,2000,5576.396,6214.099,2000,6071.606,5782.243,2000,5604.094,6169.731,2000,6160.903,5312.669,2000,6105.459,5492.983,2000,5683.108,5856.527,2000,5670.813,5509.553,2000,6490.824,5878.328,2000,5768.499,5387.234,2000,5840.469,5798.604,2000,6148.417,5304.094,2000,5909.75,5587.621,2000,5631.2,5742.566,2000,5870.531,5531.109,2000,5784.572,5549.475,2000,6099.306,5287.791,2000,6008.637,5420.758,2000,6443.37,5609.293,2000,6494.21
6077.046,2000,6202.608,5683.343,2000,5576.399,6211.96,2000,6070.361,5779.784,2000,5603.81,6167.583,2000,6159.673,5313.915,2000,6103.319,5491.449,2000,5685.051,5854.053,2000,5670.893,5509.43,2000,6488.903,5875.86,2000,5768.302,5389.152,2000,5838.903,5797.182,2000,6146.391,5305.268,2000,5907.57,5586.025,2000,5633.093,5740.414,2000,5869.309,5530.12,2000,5782.303,5549.213,2000,6096.844,5289.246,2000,6006.634,5420.909,2000,6440.903,5609.15,2000,6491.952
6075.354,2000,6201.682,5681.414,2000,5576.465,6210.325,2000,6069.336,5777.86,2000,5603.651,6165.877,2000,6158.77,5314.939,2000,6101.684,5490.303,2000,5686.604,5852.123,2000,5670.893,5509.289,2000,6487.447,5873.932,2000,5768.212,5390.659,2000,5837.698,5796.07,2000,6144.813,5306.238,2000,5905.902,5584.831,2000,5634.608,5738.73,2000,5868.364,5529.33,2000,5780.542,5549.01,2000,6094.925,5290.328,2000,6005.036,5421.09,2000,6438.984,5609.096,2000,6490.21
6073.689,2000,6200.698,5679.485,2000,5576.595,6208.722,2000,6068.256,5775.929,2000,5603.556,6164.14,2000,6157.921,5316.02,2000,6100.08,5489.206,2000,5688.196,5850.19,2000,5670.829,5509.104,2000,6486.021,5871.999,2000,5768.185,5392.176,2000,5836.5,5794.955,2000,6143.234,5307.265,2000,5904.264,5583.684,2000,5636.165,5737.041,2000,5867.424,5528.526,2000,5778.784,5548.807,2000,6093.002,5291.359,2000,6003.4,5421.334,2000,6437.069,5609.1,2000,6488.48
6072.589,2000,6199.998,5678.188,2000,5576.725,6207.617,2000,6067.563,5774.625,2000,5603.534,6162.987,2000,6157.311,5316.783,2000,6099.023,5488.432,2000,5689.245,5848.89,2000,5670.743,5509.012,2000,6485.075,5870.695,2000,5768.209,5393.211,2000,5835.707,5794.201,2000,6142.17,5307.993,2000,5903.182,5582.945,2000,5637.239,5735.896,2000,5866.799,5527.945,2000,5777.617,5548.671,2000,6091.706,5292.018,2000,6002.275,5421.504,2000,6435.778,5609.064,2000,6487.326
6070.321,2000,6198.657,5675.575,2000,5577.072,6205.34,2000,6066.237,5771.991,2000,5603.576,6160.7,2000,6156.002,5318.395,2000,6096.938,5486.798,2000,5691.313,5846.267,2000,5670.483,5508.891,2000,6483.183,5868.063,2000,5768.344,5395.319,2000,5834.125,5792.673,2000,6140.023,5309.535,2000,5901.045,5581.514,2000,5639.452,5733.577,2000,5865.548,5526.694,2000,5775.298,5548.396,2000,6089.085,5293.274,2000,5999.959,5421.848,2000,6433.169,5608.917,2000,6485.012
6068.583,2000,6197.706,5673.604,2000,5577.27,6203.596,2000,6065.297,5770.009,2000,5603.542,6159.014,2000,6154.962,5319.555,2000,6095.332,5485.52,2000,5692.827,5844.29,2000,5670.353,5508.848,2000,6481.799,5866.082,2000,5768.381,5396.913,2000,5832.948,5791.522,2000,6138.411,5310.746,2000,5899.477,5580.449,2000,5641.123,5731.829,2000,5864.614,5525.697,2000,5773.585,5548.191,2000,6087.115,5294.275,2000,5998.249,5422.107,2000,6431.208,5608.751,2000,6483.303
6067.334,2000,6196.968,5672.156,2000,5577.367,6202.297,2000,6064.65,5768.561,2000,5603.471,6157.785,2000,6154.192,5320.365,2000,6094.128,5484.548,2000,5693.904,5842.84,2000,5670.305,5508.784,2000,6480.81,5864.632,2000,5768.36,5398.092,2000,5832.103,5790.677,2000,6137.231,5311.67,2000,5898.358,5579.684,2000,5642.355,5730.545,2000,5863.94,5524.927,2000,5772.356,5548.04,2000,6085.672,5295.049,2000,5997.022,5422.298,2000,6429.772,5608.672,2000,6482.064
6065.337,2000,6195.698,5669.791,2000,5577.448,6200.214,2000,6063.527,5766.202,2000,5603.276,6155.74,2000,6153,5321.622,2000,6092.123,5482.906,2000,5695.609,5840.474,2000,5670.304,5508.631,2000,6479.227,5862.268,2000,5768.25,5400.032,2000,5830.748,5789.295,2000,6135.31,5313.236,2000,5896.584,5578.455,2000,5644.378,5728.442,2000,5862.853,5523.604,2000,5770.393,5547.795,2000,6083.318,5296.376,2000,5995.062,5422.612,2000,6427.43,5608.61,2000,6480.059
6063.443,2000,6194.578,5667.59,2000,5577.451,6198.312,2000,6062.419,5764.004,2000,5603.167,6153.804,2000,6151.956,5322.729,2000,6090.221,5481.329,2000,5697.143,5838.274,2000,5670.375,5508.445,2000,6477.796,5860.069,2000,5768.156,5401.852,2000,5829.51,5788.007,2000,6133.526,5314.638,2000,5894.887,5577.331,2000,5646.27,5726.481,2000,5861.854,5522.316,2000,5768.609,5547.568,2000,6081.129,5297.669,2000,5993.281,5422.906,2000,6425.252,5608.614,2000,6478.222
6061.666,2000,6193.605,5665.565,2000,5577.388,6196.596,2000,6061.343,5761.979,2000,5603.133,6151.99,2000,6151.052,5323.732,2000,6088.461,5479.831,2000,5698.507,5836.253,2000,5670.507,5508.319,2000,6476.504,5858.044,2000,5768.08,5403.539,2000,5828.388,5786.818,2000,6131.885,5315.876,2000,5893.284,5576.31,2000,5648.02,5724.671,2000,5860.945,5521.077,2000,5767.006,5547.359,2000,6079.114,5298.912,2000,5991.682,5423.178,2000,6423.248,5608.562,2000,6476.554
6060.103,2000,6192.814,5663.816,2000,5577.276,6195.082,2000,6060.462,5760.227,2000,5603.161,6150.448,2000,6150.22,5324.649,2000,6086.969,5478.498,2000,5699.644,5834.502,2000,5670.564,5508.249,2000,6475.407,5856.292,2000,5768.071,5405.008,2000,5827.435,5785.789,2000,6130.468,5316.901,2000,5891.863,5575.439,2000,5649.54,5723.102,2000,5860.167,5519.961,2000,5765.656,5547.18,2000,6077.372,5299.941,2000,5990.264,5423.415,2000,6421.515,5608.472,2000,6475.133
6058.531,2000,6192.083,5662.091,2000,5577.108,6193.556,2000,6059.639,5758.495,2000,5603.246,6148.95,2000,6149.348,5325.605,2000,6085.522,5477.142,2000,5700.725,5832.768,2000,5670.563,5508.216,2000,6474.34,5854.56,2000,5768.119,5406.477,2000,5826.513,5784.767,2000,6129.068,5317.869,2000,5890.424,5574.594,2000,5651.053,5721.542,2000,5859.409,5518.813,2000,5764.357,5547.003,2000,6075.647,5300.914,2000,5988.829,5423.65,2000,6419.8,5608.338,2000,6473.747
6056.418,2000,6191.014,5659.743,2000,5576.803,6191.436,2000,6058.584,5756.135,2000,5603.438,6146.932,2000,6148.11,5326.974,2000,6083.59,5475.244,2000,5702.139,5830.402,2000,5670.485,5508.218,2000,6472.91,5852.196,2000,5768.261,5408.496,2000,5825.278,5783.368,2000,6127.158,5319.125,2000,5888.418,5573.457,2000,5653.129,5719.408,2000,5858.385,5517.188,2000,5762.635,5546.762,2000,6073.292,5302.176,2000,5986.826,5423.974,2000,6417.459,5608.096,2000,6471.886
6054.883,2000,6190.174,5658.001,2000,5576.634,6189.896,2000,6057.753,5754.396,2000,5603.637,6145.411,2000,6147.244,5328.032,2000,6082.196,5473.807,2000,5703.138,5828.652,2000,5670.485,5508.186,2000,6471.882,5850.447,2000,5768.31,5410.004,2000,5824.39,5782.332,2000,6125.748,5320.005,2000,5886.905,5572.633,2000,5654.673,5717.824,2000,5857.641,5515.947,2000,5761.402,5546.584,2000,6071.551,5303.061,2000,5985.316,5424.215,2000,6415.729,5607.965,2000,6470.532
6052.826,2000,6188.958,5655.616,2000,5576.481,6187.831,2000,6056.551,5752.014,2000,5603.832,6143.296,2000,6146.13,5329.414,2000,6080.246,5471.801,2000,5704.438,5826.263,2000,5670.562,5508.098,2000,6470.507,5848.057,2000,5768.297,5412.078,2000,5823.202,5780.913,2000,6123.825,5321.138,2000,5884.801,5571.524,2000,5656.791,5715.655,2000,5856.638,5514.196,2000,5759.774,5546.344,2000,6069.173,5304.335,2000,5983.294,5424.545,2000,6413.365,5607.849,2000,6468.702
6051.338,2000,6188.012,5653.854,2000,5576.426,6186.278,2000,6055.714,5750.253,2000,5603.917,6141.764,2000,6145.258,5330.386,2000,6078.775,5470.291,2000,5705.348,5824.503,2000,5670.677,5508.002,2000,6469.52,5846.293,2000,5768.286,5413.623,2000,5822.352,5779.863,2000,6122.408,5321.923,2000,5883.222,5570.724,2000,5658.362,5714.048,2000,5855.91,5512.866,2000,5758.617,5546.167,2000,6067.418,5305.324,2000,5981.834,5424.791,2000,6411.622,5607.808,2000,6467.373
6049.348,2000,6186.653,5651.444,2000,5576.429,6184.196,2000,6054.501,5747.844,2000,5603.955,6139.632,2000,6144.135,5331.647,2000,6076.722,5468.188,2000,5706.523,5822.105,2000,5670.912,5507.83,2000,6468.196,5843.884,2000,5768.282,5415.75,2000,5821.219,5778.425,2000,6120.474,5322.925,2000,5881.031,5569.647,2000,5660.518,5711.847,2000,5854.93,5510.998,2000,5757.095,5545.927,2000,6065.021,5306.739,2000,5979.884,5425.129,2000,6409.24,5607.811,2000,6465.577
6047.845,2000,6185.697,5649.664,2000,5576.49,6182.628,2000,6053.656,5746.063,2000,5603.925,6138.084,2000,6143.254,5332.629,2000,6075.236,5466.605,2000,5707.341,5820.328,2000,5671.028,5507.736,2000,6467.234,5842.104,2000,5768.338,5417.338,2000,5820.415,5777.358,2000,6119.047,5323.718,2000,5879.436,5568.871,2000,5662.121,5710.213,2000,5854.221,5509.581,2000,5756.016,5545.75,2000,6063.249,5307.738,2000,5978.41,5425.38,2000,6407.479,5607.771,2000,6464.27
6045.503,2000,6184.313,5646.949,2000,5576.672,6180.193,2000,6052.444,5743.343,2000,5603.969,6135.765,2000,6141.832,5334.202,2000,6073.016,5464.148,2000,5708.51,5817.609,2000,5671.116,5507.644,2000,6465.782,5839.389,2000,5768.512,5419.786,2000,5819.226,5775.725,2000,6116.872,5325.008,2000,5877.041,5567.708,2000,5664.58,5707.709,2000,5853.157,5507.364,2000,5754.439,5545.482,2000,6060.541,5309.189,2000,5976.108,5425.767,2000,6404.79,5607.645,2000,6462.299
6043.647,2000,6183.296,5644.844,2000,5576.882,6178.331,2000,6051.439,5741.229,2000,5604.072,6133.926,2000,6140.785,5335.368,2000,6071.251,5462.209,2000,5709.356,5815.493,2000,5671.115,5507.609,2000,6464.677,5837.283,2000,5768.716,5421.705,2000,5818.334,5774.452,2000,6115.182,5326.071,2000,5875.211,5566.821,2000,5666.501,5705.756,2000,5852.345,5505.6,2000,5753.27,5545.274,2000,6058.436,5310.375,2000,5974.356,5426.07,2000,6402.699,5607.5,2000,6460.798
6041.751,2000,6182.337,5642.737,2000,5577.163,6176.494,2000,6050.37,5739.111,2000,5604.245,6132.045,2000,6139.794,5336.484,2000,6069.442,5460.234,2000,5710.142,5813.369,2000,5671.184,5507.539,2000,6463.59,5835.162,2000,5768.852,5423.647,2000,5817.473,5773.169,2000,6113.487,5327.199,2000,5873.41,5565.947,2000,5668.439,5703.787,2000,5851.545,5503.791,2000,5752.154,5545.067,2000,6056.32,5311.624,2000,5972.636,5426.376,2000,6400.599,5607.405,2000,6459.308
6039.818,2000,6181.438,5640.634,2000,5577.513,6174.688,2000,6049.238,5736.981,2000,5604.348,6130.127,2000,6138.863,5337.663,2000,6067.665,5458.229,2000,5710.864,5811.241,2000,5671.322,5507.436,2000,6462.521,5833.031,2000,5768.918,5425.612,2000,5816.645,5771.879,2000,6111.79,5328.389,2000,5871.641,5565.089,2000,5670.391,5701.805,2000,5850.759,5501.941,2000,5751.095,5544.861,2000,6054.198,5312.819,2000,5970.871,5426.686,2000,6398.492,5607.36,2000,6457.831
6037.851,2000,6180.599,5638.537,2000,5577.933,6172.839,2000,6048.162,5734.85,2000,5604.522,6128.234,2000,6137.866,5338.902,2000,6065.922,5456.193,2000,5711.523,5809.104,2000,5671.392,5507.368,2000,6461.461,5830.896,2000,5769.055,5427.595,2000,5815.844,5770.582,2000,6110.089,5329.641,2000,5869.906,5564.243,2000,5672.355,5699.812,2000,5849.983,5500.051,2000,5750.094,5544.654,2000,6052.069,5313.96,2000,5969.062,5426.998,2000,6396.379,5607.267,2000,6456.368
6036.262,2000,6179.983,5636.856,2000,5578.213,6171.339,2000,6047.353,5733.148,2000,5604.605,6126.754,2000,6137.023,5339.844,2000,6064.502,5454.556,2000,5711.995,5807.403,2000,5671.502,5507.342,2000,6460.629,5829.193,2000,5769.121,5429.195,2000,5815.258,5769.545,2000,6108.737,5330.682,2000,5868.558,5563.584,2000,5673.926,5698.219,2000,5849.379,5498.572,2000,5749.247,5544.491,2000,6050.374,5314.915,2000,5967.651,5427.249,2000,6394.696,5607.156,2000,6455.22
6034.254,2000,6179.127,5634.693,2000,5578.501,6169.386,2000,6046.38,5730.966,2000,5604.64,6124.867,2000,6135.926,5341.018,2000,6062.662,5452.44,2000,5712.53,5805.231,2000,5671.715,5507.274,2000,6459.578,5827.013,2000,5769.223,5431.268,2000,5814.576,5768.213,2000,6107.008,5332.072,2000,5866.875,5562.806,2000,5675.965,5696.17,2000,5848.626,5496.644,2000,5748.225,5544.284,2000,6048.201,5316.197,2000,5965.885,5427.572,2000,6392.54,5607.063,2000,6453.76
6031.925,2000,6178.043,5632.136,2000,5578.756,6167.049,2000,6045.312,5728.399,2000,5604.765,6122.644,2000,6134.639,5342.469,2000,6060.542,5449.93,2000,5713.079,5802.667,2000,5671.882,5507.156,2000,6458.36,5824.452,2000,5769.426,5433.733,2000,5813.852,5766.642,2000,6104.976,5333.772,2000,5864.949,5561.969,2000,5678.394,5693.752,2000,5847.759,5494.335,2000,5747.097,5544.042,2000,6045.643,5317.638,2000,5963.757,5427.956,2000,6390.002,5607.01,2000,6452.058
6030.263,2000,6177.203,5630.278,2000,5578.881,6165.382,2000,6044.481,5726.543,2000,5604.916,6121.002,2000,6133.758,5343.571,2000,6059.041,5448.098,2000,5713.417,5800.806,2000,5671.942,5507.101,2000,6457.488,5822.601,2000,5769.634,5435.537,2000,5813.386,5765.499,2000,6103.504,5335.05,2000,5863.594,5561.42,2000,5680.174,5691.994,2000,5847.145,5492.636,2000,5746.334,5543.867,2000,6043.789,5318.631,2000,5962.182,5428.235,2000,6388.163,5606.933,2000,6450.838
6028.648,2000,6176.318,5628.438,2000,5578.944,6163.761,2000,6043.607,5724.714,2000,5605.125,6119.352,2000,6132.942,5344.612,2000,6057.521,5446.277,2000,5713.691,5798.968,2000,5672.062,5507.074,2000,6456.633,5820.765,2000,5769.78,5437.334,2000,5812.984,5764.366,2000,6102.053,5336.268,2000,5862.213,5560.935,2000,5681.95,5690.249,2000,5846.556,5490.932,2000,5745.636,5543.695,2000,6041.956,5319.664,2000,5960.657,5428.514,2000,6386.345,5606.817,2000,6449.645
6026.49,2000,6175.043,5625.931,2000,5578.947,6161.595,2000,6042.346,5722.215,2000,5605.329,6117.069,2000,6131.904,5345.991,2000,6055.428,5443.788,2000,5713.983,5796.473,2000,5672.307,5507,2000,6455.483,5818.264,2000,5769.955,5439.797,2000,5812.518,5762.82,2000,6100.08,5337.865,2000,5860.28,5560.354,2000,5684.389,5687.867,2000,5845.773,5488.583,2000,5744.762,5543.464,2000,6039.459,5321.136,2000,5958.628,5428.896,2000,6383.87,5606.714,2000,6448.029
6024.93,2000,6174.051,5624.083,2000,5578.89,6159.968,2000,6041.468,5720.379,2000,5605.54,6115.413,2000,6131.084,5347.058,2000,6053.919,5441.946,2000,5714.139,5794.641,2000,5672.547,5506.919,2000,6454.647,5816.421,2000,5770.1,5441.624,2000,5812.233,5761.675,2000,6098.628,5338.995,2000,5858.817,5559.985,2000,5686.2,5686.104,2000,5845.219,5486.83,2000,5744.174,5543.295,2000,6037.618,5322.173,2000,5957.098,5429.18,2000,6382.045,5606.678,2000,6446.846
6022.597,2000,6172.458,5621.264,2000,5578.709,6157.438,2000,6040.209,5717.584,2000,5605.953,6112.923,2000,6129.75,5348.764,2000,6051.667,5439.125,2000,5714.284,5791.829,2000,5672.823,5506.837,2000,6453.376,5813.614,2000,5770.413,5444.428,2000,5811.89,5759.921,2000,6096.414,5340.647,2000,5856.526,5559.512,2000,5688.985,5683.401,2000,5844.397,5484.124,2000,5743.364,5543.04,2000,6034.805,5323.68,2000,5954.708,5429.617,2000,6379.257,5606.563,2000,6445.048
6020.88,2000,6171.365,5619.23,2000,5578.646,6155.647,2000,6039.244,5715.562,2000,5606.184,6111.099,2000,6128.847,5349.938,2000,6050.005,5437.09,2000,5714.322,5789.798,2000,5672.956,5506.809,2000,6452.469,5811.6,2000,5770.704,5446.455,2000,5811.708,5758.655,2000,6094.82,5341.783,2000,5854.838,5559.237,2000,5691.001,5681.45,2000,5843.819,5482.156,2000,5742.844,5542.856,2000,6032.778,5324.821,2000,5953.023,5429.934,2000,6377.249,5606.439,2000,6443.766
6019.593,2000,6170.605,5617.735,2000,5578.647,6154.31,2000,6038.578,5714.072,2000,5606.306,6109.781,2000,6128.141,5350.784,2000,6048.772,5435.595,2000,5714.301,5788.311,2000,5673.102,5506.81,2000,6451.809,5810.114,2000,5770.87,5447.947,2000,5811.624,5757.721,2000,6093.653,5342.577,2000,5853.571,5559.084,2000,5692.488,5680.01,2000,5843.416,5480.699,2000,5742.51,5542.724,2000,6031.289,5325.699,2000,5951.814,5430.168,2000,6375.774,5606.318,2000,6442.833
6016.902,2000,6169.131,5614.669,2000,5578.752,6151.601,2000,6037.137,5711.008,2000,5606.455,6107.126,2000,6126.604,5352.585,2000,6046.289,5432.531,2000,5714.157,5785.269,2000,5673.501,5506.768,2000,6450.462,5807.061,2000,5771.17,5451.014,2000,5811.551,5755.798,2000,6091.263,5344.119,2000,5850.919,5558.869,2000,5695.549,5677.047,2000,5842.62,5477.688,2000,5741.923,5542.454,2000,6028.233,5327.582,2000,5949.392,5430.551,2000,6372.732,5606.133,2000,6440.918
6014.944,2000,6168.141,5612.479,2000,5578.899,6149.697,2000,6036.044,5708.82,2000,5606.633,6105.192,2000,6125.566,5353.929,2000,6044.553,5430.343,2000,5713.983,5783.085,2000,5673.715,5506.707,2000,6449.51,5804.885,2000,5771.454,5453.208,2000,5811.571,5754.42,2000,6089.555,5345.16,2000,5848.987,5558.787,2000,5697.742,5674.923,2000,5842.067,5475.521,2000,5741.573,5542.263,2000,6026.046,5328.984,2000,5947.704,5430.896,2000,6370.566,5606.046,2000,6439.553
6013.606,2000,6167.518,5611.012,2000,5579.045,6148.443,2000,6035.268,5707.353,2000,5606.781,6103.871,2000,6124.913,5354.867,2000,6043.415,5428.877,2000,5713.818,5781.62,2000,5673.885,5506.646,2000,6448.875,5803.417,2000,5771.6,5454.682,2000,5811.633,5753.49,2000,6088.41,5345.902,2000,5847.712,5558.78,2000,5699.217,5673.49,2000,5841.718,5474.073,2000,5741.291,5542.136,2000,6024.577,5329.89,2000,5946.539,5431.176,2000,6369.119,5606.018,2000,6438.635
6010.886,2000,6166.359,5608.078,2000,5579.417,6145.879,2000,6033.795,5704.417,2000,5607.125,6101.265,2000,6123.516,5356.678,2000,6041.078,5425.951,2000,5713.391,5778.679,2000,5674.195,5506.481,2000,6447.608,5800.48,2000,5771.94,5457.631,2000,5811.853,5751.621,2000,6086.119,5347.471,2000,5845.207,5558.863,2000,5702.173,5670.612,2000,5841.04,5471.191,2000,5740.629,5541.885,2000,6021.631,5331.627,2000,5944.146,5431.831,2000,6366.238,5606.021,2000,6436.792
6009.544,2000,6165.734,5606.616,2000,5579.65,6144.571,2000,6033.1,5702.949,2000,5607.323,6099.94,2000,6122.854,5357.548,2000,6039.88,5424.494,2000,5713.129,5777.21,2000,5674.381,5506.378,2000,6446.978,5799.008,2000,5772.098,5459.103,2000,5812.012,5750.683,2000,6084.974,5348.298,2000,5843.978,5558.953,2000,5703.651,5669.167,2000,5840.717,5469.759,2000,5740.251,5541.76,2000,6020.155,5332.486,2000,5942.94,5432.206,2000,6364.806,5605.993,2000,6435.866
6007.677,2000,6164.79,5604.554,2000,5580.001,6142.696,2000,6032.174,5700.882,2000,5607.646,6098.068,2000,6121.92,5358.762,2000,6038.176,5422.448,2000,5712.692,5775.135,2000,5674.646,5506.203,2000,6446.091,5796.933,2000,5772.361,5461.174,2000,5812.304,5749.352,2000,6083.36,5349.522,2000,5842.282,5559.148,2000,5705.733,5667.119,2000,5840.29,5467.755,2000,5739.651,5541.587,2000,6018.071,5333.696,2000,5941.234,5432.801,2000,6362.802,5605.909,2000,6434.557
6005.472,2000,6163.674,5602.124,2000,5580.454,6140.479,2000,6031.08,5698.442,2000,5608.036,6095.858,2000,6120.814,5360.192,2000,6036.161,5420.049,2000,5712.097,5772.69,2000,5675.008,5505.961,2000,6445.047,5794.481,2000,5772.676,5463.609,2000,5812.729,5747.772,2000,6081.458,5351.033,2000,5840.326,5559.459,2000,5708.186,5664.692,2000,5839.825,5465.412,2000,5738.865,5541.385,2000,6015.607,5335.148,2000,5939.234,5433.582,2000,6360.458,5605.76,2000,6433.011
6002.896,2000,6162.371,5599.287,2000,5580.983,6137.894,2000,6029.797,5695.579,2000,5608.398,6093.277,2000,6119.522,5361.889,2000,6033.826,5417.272,2000,5711.311,5769.851,2000,5675.522,5505.637,2000,6443.829,5791.626,2000,5773.099,5466.435,2000,5813.317,5745.923,2000,6079.243,5352.871,2000,5838.101,5559.917,2000,5711.035,5661.851,2000,5839.317,5462.708,2000,5737.858,5541.153,2000,6012.731,5336.877,2000,5936.923,5434.583,2000,6357.753,5605.526,2000,6431.208
6001.046,2000,6161.43,5597.238,2000,5581.317,6136.033,2000,6028.877,5693.529,2000,5608.727,6091.421,2000,6118.592,5363.133,2000,6032.164,5415.294,2000,5710.68,5767.797,2000,5675.826,5505.372,2000,6442.95,5789.583,2000,5773.47,5468.452,2000,5813.807,5744.589,2000,6077.652,5354.245,2000,5836.544,5560.178,2000,5713.095,5659.804,2000,5838.971,5460.787,2000,5737.071,5540.988,2000,6010.662,5338.16,2000,5935.291,5435.366,2000,6355.832,5605.314,2000,6429.914
5999.687,2000,6160.734,5595.74,2000,5581.613,6134.663,2000,6028.202,5692.024,2000,5608.988,6090.056,2000,6117.907,5364.076,2000,6030.962,5413.854,2000,5710.169,5766.294,2000,5676.097,5505.154,2000,6442.304,5788.073,2000,5773.695,5469.924,2000,5814.215,5743.604,2000,6076.485,5355.292,2000,5835.433,5560.32,2000,5714.615,5658.294,2000,5838.744,5459.393,2000,5736.445,5540.87,2000,6009.139,5339.134,2000,5934.115,5435.988,2000,6354.438,5605.127,2000,6428.966
5997.044,2000,6159.394,5592.834,2000,5582.193,6132.01,2000,6026.883,5689.118,2000,5609.564,6087.409,2000,6116.576,5365.963,2000,6028.679,5411.097,2000,5709.086,5763.363,2000,5676.528,5504.686,2000,6441.054,5785.158,2000,5774.227,5472.751,2000,5815.101,5741.687,2000,6074.226,5357.253,2000,5833.211,5560.5,2000,5717.572,5655.36,2000,5838.333,5456.731,2000,5735.145,5540.642,2000,6006.185,5341.097,2000,5931.896,5437.283,2000,6351.775,5604.705,2000,6427.138
5995.659,2000,6158.747,5591.346,2000,5582.542,6130.639,2000,6026.206,5687.61,2000,5609.813,6086.066,2000,6115.845,5366.975,2000,6027.533,5409.693,2000,5708.481,5761.858,2000,5676.799,5504.417,2000,6440.404,5783.646,2000,5774.453,5474.194,2000,5815.605,5740.694,2000,6073.063,5358.227,2000,5832.033,5560.543,2000,5719.101,5653.842,2000,5838.15,5455.381,2000,5734.429,5540.527,2000,6004.66,5342.072,2000,5930.719,5437.996,2000,6350.423,5604.456,2000,6426.201
5993.008,2000,6157.401,5588.431,2000,5583.125,6128.018,2000,6024.803,5684.694,2000,5610.391,6083.41,2000,6114.51,5369.014,2000,6025.37,5407.002,2000,5707.217,5758.924,2000,5677.276,5503.848,2000,6439.143,5780.721,2000,5774.982,5476.967,2000,5816.678,5738.757,2000,6070.808,5360.044,2000,5829.68,5560.53,2000,5722.074,5650.887,2000,5837.826,5452.801,2000,5732.952,5540.307,2000,6001.695,5343.892,2000,5928.368,5439.467,2000,6347.841,5603.911,2000,6424.394
5991.64,2000,6156.7,5586.935,2000,5583.475,6126.64,2000,6024.123,5683.177,2000,5610.64,6082.047,2000,6113.799,5370.031,2000,6024.217,5405.634,2000,5706.518,5757.416,2000,5677.572,5503.543,2000,6438.474,5779.204,2000,5775.231,5478.381,2000,5817.279,5737.751,2000,6069.646,5361.023,2000,5828.495,5560.472,2000,5723.61,5649.356,2000,5837.692,5451.493,2000,5732.145,5540.197,2000,6000.162,5344.872,2000,5927.184,5440.271,2000,6346.532,5603.599,2000,6423.469
5988.86,2000,6155.239,5583.854,2000,5584.091,6123.848,2000,6022.683,5680.063,2000,5611.048,6079.241,2000,6112.387,5372.034,2000,6021.797,5402.885,2000,5704.998,5754.354,2000,5678.277,5502.879,2000,6437.102,5776.122,2000,5775.837,5481.23,2000,5818.601,5735.689,2000,6067.277,5363.102,2000,5826.14,5560.252,2000,5726.743,5646.223,2000,5837.468,5448.875,2000,5730.409,5539.978,2000,5997.029,5346.923,2000,5924.806,5442.001,2000,6343.912,5602.9,2000,6421.601
5986.847,2000,6154.212,5581.626,2000,5584.461,6121.825,2000,6021.679,5677.833,2000,5611.415,6077.237,2000,6111.344,5373.508,2000,6020.085,5400.907,2000,5703.905,5752.138,2000,5678.712,5502.386,2000,6436.084,5773.921,2000,5776.346,5483.248,2000,5819.619,5734.2,2000,6065.578,5364.541,2000,5824.398,5560.021,2000,5728.99,5643.967,2000,5837.345,5447.033,2000,5729.1,5539.825,2000,5994.775,5348.454,2000,5923.144,5443.306,2000,6342.069,5602.353,2000,6420.274
5984.841,2000,6153.157,5579.379,2000,5584.759,6119.808,2000,6020.645,5675.61,2000,5611.856,6075.212,2000,6110.326,5375.041,2000,6018.416,5398.918,2000,5702.819,5749.917,2000,5679.167,5501.872,2000,6435.042,5771.697,2000,5776.785,5485.237,2000,5820.705,5732.698,2000,6063.88,5366.041,2000,5822.699,5559.714,2000,5731.236,5641.702,2000,5837.282,5445.23,2000,5727.727,5539.678,2000,5992.513,5349.934,2000,5921.428,5444.675,2000,6340.264,5601.761,2000,6418.962
5981.717,2000,6151.572,5575.893,2000,5585.105,6116.672,2000,6019.082,5672.198,2000,5612.649,6072.104,2000,6108.711,5377.328,2000,6015.762,5395.833,2000,5701.16,5746.484,2000,5679.864,5501.034,2000,6433.402,5768.266,2000,5777.492,5488.365,2000,5822.283,5730.37,2000,6061.263,5368.443,2000,5820.149,5559.127,2000,5734.69,5638.199,2000,5837.232,5442.514,2000,5725.515,5539.457,2000,5989.017,5352.289,2000,5918.834,5446.882,2000,6337.544,5600.801,2000,6416.956
5980.189,2000,6150.767,5574.181,2000,5585.333,6115.134,2000,6018.298,5670.505,2000,5612.985,6070.561,2000,6107.936,5378.487,2000,6014.482,5394.302,2000,5700.361,5744.802,2000,5680.249,5500.616,2000,6432.556,5766.575,2000,5777.838,5489.931,2000,5823.009,5729.222,2000,6059.973,5369.586,2000,5818.855,5558.783,2000,5736.381,5636.473,2000,5837.214,5441.211,2000,5724.381,5539.349,2000,5987.293,5353.491,2000,5917.595,5448.012,2000,6336.24,5600.326,2000,6415.968
5979.789,2000,6150.554,5573.733,2000,5585.407,6114.723,2000,6018.105,5670.063,2000,5613.088,6070.158,2000,6107.728,5378.8,2000,6014.153,5393.897,2000,5700.154,5744.356,2000,5680.336,5500.511,2000,6432.325,5766.133,2000,5777.944,5490.349,2000,5823.187,5728.917,2000,6059.636,5369.897,2000,5818.524,5558.678,2000,5736.823,5636.019,2000,5837.225,5440.879,2000,5724.072,5539.323,2000,5986.84,5353.806,2000,5917.268,5448.321,2000,6335.907,5600.21,2000,6415.704
5976.075,2000,6148.625,5569.63,2000,5586.227,6110.997,2000,6016.201,5665.958,2000,5613.902,6066.415,2000,6105.856,5381.695,2000,6011.131,5390.168,2000,5698.256,5740.277,2000,5681.271,5499.496,2000,6430.208,5762.034,2000,5778.784,5494.252,2000,5824.696,5726.108,2000,6056.534,5372.866,2000,5815.575,5557.576,2000,5740.86,5631.837,2000,5837.387,5437.909,2000,5721.124,5539.087,2000,5982.662,5356.697,2000,5914.242,5451.262,2000,6332.933,5599.132,2000,6413.271
5974.535,2000,6147.889,5567.968,2000,5586.616,6109.464,2000,6015.45,5664.295,2000,5614.289,6064.914,2000,6105.043,5382.872,2000,6009.895,5388.628,2000,5697.519,5738.602,2000,5681.597,5499.086,2000,6429.291,5760.374,2000,5779.181,5495.823,2000,5825.364,5724.958,2000,6055.272,5374.037,2000,5814.333,5557.18,2000,5742.521,5630.13,2000,5837.397,5436.738,2000,5719.882,5538.996,2000,5980.958,5357.917,2000,5913.047,5452.501,2000,6331.759,5598.682,2000,6412.275
5972.706,2000,6146.938,5565.977,2000,5587.151,6107.643,2000,6014.483,5662.286,2000,5614.751,6063.07,2000,6104.122,5384.341,2000,6008.449,5386.759,2000,5696.649,5736.566,2000,5681.925,5498.583,2000,6428.161,5758.385,2000,5779.726,5497.693,2000,5826.231,5723.564,2000,6053.754,5375.401,2000,5812.787,5556.769,2000,5744.541,5628.069,2000,5837.342,5435.373,2000,5718.337,5538.891,2000,5978.899,5359.347,2000,5911.563,5454.042,2000,6330.392,5598.163,2000,6411.055
5970.647,2000,6145.954,5563.771,2000,5587.738,6105.595,2000,6013.476,5660.061,2000,5615.26,6061.063,2000,6103.035,5385.924,2000,6006.804,5384.675,2000,5695.72,5734.327,2000,5682.362,5498.053,2000,6426.861,5756.166,2000,5780.257,5499.73,2000,5827.259,5722.015,2000,6052.078,5376.854,2000,5811.028,5556.386,2000,5746.791,5625.792,2000,5837.206,5433.919,2000,5716.579,5538.782,2000,5976.62,5360.929,2000,5909.918,5455.699,2000,6328.823,5597.583,2000,6409.696
5968.621,2000,6144.901,5561.564,2000,5588.322,6103.58,2000,6012.404,5657.843,2000,5615.802,6059.021,2000,6102.014,5387.506,2000,6005.158,5382.573,2000,5694.829,5732.102,2000,5682.872,5497.554,2000,6425.509,5753.93,2000,5780.716,5501.734,2000,5828.354,5720.459,2000,6050.407,5378.25,2000,5809.221,5556.078,2000,5749.053,5623.518,2000,5836.996,5432.522,2000,5714.772,5538.68,2000,5974.339,5362.463,2000,5908.228,5457.303,2000,6327.2,5597.041,2000,6408.309
5966.582,2000,6143.87,5559.364,2000,5588.94,6101.528,2000,6011.396,5655.632,2000,5616.379,6056.997,2000,6100.952,5389.043,2000,6003.467,5380.45,2000,5693.981,5729.876,2000,5683.391,5497.087,2000,6424.106,5751.703,2000,5781.233,5503.703,2000,5829.514,5718.896,2000,6048.74,5379.587,2000,5807.368,5555.843,2000,5751.327,5621.25,2000,5836.711,5431.185,2000,5712.919,5538.586,2000,5972.055,5363.972,2000,5906.511,5458.855,2000,6325.524,5596.536,2000,6406.89
5964.56,2000,6142.8,5557.171,2000,5589.592,6099.495,2000,6010.348,5653.424,2000,5616.978,6054.95,2000,6099.932,5390.555,2000,6001.75,5378.307,2000,5693.182,5727.66,2000,5683.957,5496.656,2000,6422.653,5749.477,2000,5781.759,5505.634,2000,5830.74,5717.327,2000,6047.075,5380.864,2000,5805.47,5555.683,2000,5753.608,5618.973,2000,5836.501,5429.907,2000,5711.022,5538.499,2000,5969.77,5365.43,2000,5904.749,5460.354,2000,6323.796,5596.07,2000,6405.437
5963.074,2000,6142.048,5555.586,2000,5590.102,6097.998,2000,6009.619,5651.803,2000,5617.361,6053.473,2000,6099.163,5391.622,2000,6000.472,5376.733,2000,5692.637,5726.06,2000,5684.421,5496.37,2000,6421.561,5747.865,2000,5782.177,5507.011,2000,5831.678,5716.179,2000,6045.868,5381.749,2000,5804.058,5555.621,2000,5755.273,5617.31,2000,5836.402,5429.022,2000,5709.611,5538.443,2000,5968.105,5366.466,2000,5903.445,5461.402,2000,6322.503,5595.761,2000,6404.353
5960.677,2000,6140.789,5552.982,2000,5590.846,6095.588,2000,6008.383,5649.19,2000,5618.07,6051.047,2000,6097.96,5393.314,2000,5998.358,5374.158,2000,5691.801,5723.437,2000,5685.091,5495.957,2000,6419.741,5745.266,2000,5782.937,5509.197,2000,5833.275,5714.305,2000,6043.914,5383.11,2000,5801.718,5555.608,2000,5757.98,5614.604,2000,5836.33,5427.66,2000,5707.271,5538.364,2000,5965.398,5368.081,2000,5901.271,5463.038,2000,6320.347,5595.303,2000,6402.557
5958.439,2000,6139.668,5550.555,2000,5591.454,6093.339,2000,6007.286,5646.797,2000,5618.804,6048.825,2000,6096.809,5394.817,2000,5996.357,5371.754,2000,5691.106,5721.033,2000,5685.788,5495.623,2000,6418.004,5742.843,2000,5783.564,5511.168,2000,5834.816,5712.567,2000,6042.113,5384.296,2000,5799.515,5555.515,2000,5760.481,5612.101,2000,5836.345,5426.472,2000,5705.068,5538.301,2000,5962.897,5369.519,2000,5899.223,5464.484,2000,6318.305,5594.925,2000,6400.85
5956.824,2000,6138.822,5548.802,2000,5591.955,6091.728,2000,6006.433,5645.038,2000,5619.282,6047.18,2000,6096.023,5395.877,2000,5994.873,5369.987,2000,5690.655,5719.299,2000,5686.352,5495.416,2000,6416.703,5741.094,2000,5784.077,5512.567,2000,5835.985,5711.295,2000,6040.806,5385.108,2000,5797.882,5555.388,2000,5762.3,5610.279,2000,5836.416,5425.66,2000,5703.436,5538.264,2000,5961.074,5370.525,2000,5897.703,5465.488,2000,6316.784,5594.686,2000,6399.572
5954.725,2000,6137.808,5546.573,2000,5592.641,6089.632,2000,6005.411,5642.808,2000,5619.965,6045.109,2000,6094.95,5397.18,2000,5992.939,5367.714,2000,5690.133,5717.061,2000,5687.004,5495.202,2000,6415.004,5738.878,2000,5784.803,5514.307,2000,5837.539,5709.661,2000,6039.143,5386.077,2000,5795.761,5555.148,2000,5764.619,5607.953,2000,5836.582,5424.689,2000,5701.315,5538.23,2000,5958.742,5371.752,2000,5895.719,5466.708,2000,6314.797,5594.424,2000,6397.902
5952.298,2000,6136.542,5543.98,2000,5593.518,6087.212,2000,6004.13,5640.195,2000,5620.781,6042.639,2000,6093.771,5398.639,2000,5990.623,5365.028,2000,5689.606,5714.457,2000,5687.85,5495.014,2000,6412.965,5736.252,2000,5785.576,5516.288,2000,5839.428,5707.734,2000,6037.198,5387.133,2000,5793.235,5554.778,2000,5767.332,5605.23,2000,5836.867,5423.633,2000,5698.79,5538.207,2000,5956.005,5373.118,2000,5893.347,5468.063,2000,6312.419,5594.173,2000,6395.892
5950.223,2000,6135.543,5541.807,2000,5594.278,6085.143,2000,6003.121,5638.02,2000,5621.535,6040.594,2000,6092.712,5399.81,2000,5988.64,5362.755,2000,5689.237,5712.259,2000,5688.537,5494.909,2000,6411.209,5734.064,2000,5786.293,5517.901,2000,5841.07,5706.107,2000,6035.569,5387.951,2000,5791.083,5554.393,2000,5769.602,5602.95,2000,5837.181,5422.814,2000,5696.638,5538.112,2000,5953.705,5374.208,2000,5891.319,5469.137,2000,6310.383,5594.011,2000,6394.15
5948.181,2000,6134.478,5539.609,2000,5594.967,6083.089,2000,6002.078,5635.869,2000,5622.36,6038.521,2000,6091.709,5400.926,2000,5986.625,5360.471,2000,5688.942,5710.082,2000,5689.291,5494.861,2000,6409.421,5731.868,2000,5786.988,5519.46,2000,5842.766,5704.472,2000,6033.946,5388.698,2000,5788.904,5553.933,2000,5771.858,5600.679,2000,5837.57,5422.065,2000,5694.46,5537.941,2000,5951.408,5375.237,2000,5889.258,5470.144,2000,6308.312,5593.901,2000,6392.366
5946.106,2000,6133.479,5537.436,2000,5595.728,6081.009,2000,6001.09,5633.693,2000,5623.114,6036.482,2000,6090.639,5401.984,2000,5984.581,5358.179,2000,5688.722,5707.932,2000,5690.115,5494.872,2000,6407.604,5729.694,2000,5787.747,5520.962,2000,5844.51,5702.83,2000,6032.332,5389.374,2000,5786.703,5553.399,2000,5774.098,5598.424,2000,5838.033,5421.389,2000,5692.259,5537.696,2000,5949.118,5376.205,2000,5887.169,5471.082,2000,6306.209,5593.846,2000,6390.54
5944.059,2000,6132.411,5535.28,2000,5596.557,6078.955,2000,6000.035,5631.536,2000,5623.938,6034.403,2000,6089.633,5402.987,2000,5982.5,5355.874,2000,5688.577,5705.757,2000,5690.893,5494.944,2000,6405.754,5727.539,2000,5788.578,5522.412,2000,5846.309,5701.176,2000,6030.719,5389.979,2000,5784.474,5552.792,2000,5776.326,5596.178,2000,5838.571,5420.783,2000,5690.03,5537.525,2000,5946.815,5377.112,2000,5885.045,5471.954,2000,6304.071,5593.849,2000,6388.668
5941.98,2000,6131.411,5533.154,2000,5597.452,6076.871,2000,5999.046,5629.355,2000,5624.689,6032.361,2000,6088.562,5403.928,2000,5980.395,5353.568,2000,5688.508,5703.612,2000,5691.739,5495.078,2000,6403.885,5725.37,2000,5789.361,5523.799,2000,5848.151,5699.519,2000,6029.116,5390.509,2000,5782.229,5552.112,2000,5778.53,5593.954,2000,5839.181,5420.251,2000,5687.786,5537.43,2000,5944.511,5377.954,2000,5882.898,5472.753,2000,6301.908,5593.911,2000,6386.76
5940.354,2000,6130.563,5531.441,2000,5598.107,6075.24,2000,5998.207,5627.642,2000,5625.344,6030.709,2000,6087.763,5404.637,2000,5978.702,5351.734,2000,5688.513,5701.889,2000,5692.368,5495.235,2000,6402.382,5723.666,2000,5790.04,5524.854,2000,5849.652,5698.194,2000,6027.847,5390.873,2000,5780.432,5551.514,2000,5780.264,5592.202,2000,5839.724,5419.887,2000,5685.988,5537.415,2000,5942.676,5378.578,2000,5881.173,5473.333,2000,6300.168,5594.008,2000,6385.213
5938.239,2000,6129.545,5529.223,2000,5598.875,6073.12,2000,5997.201,5625.478,2000,5626.252,6028.631,2000,6086.672,5405.479,2000,5976.511,5349.388,2000,5688.442,5699.709,2000,5693.239,5495.501,2000,6400.448,5721.464,2000,5790.853,5526.14,2000,5851.615,5696.49,2000,6026.233,5391.413,2000,5778.147,5550.677,2000,5782.457,5589.984,2000,5840.492,5419.497,2000,5683.674,5537.471,2000,5940.33,5379.305,2000,5878.941,5474.001,2000,6297.918,5594.199,2000,6383.209
5935.798,2000,6128.271,5526.651,2000,5599.859,6070.672,2000,5995.94,5622.905,2000,5627.235,6026.153,2000,6085.473,5406.381,2000,5973.91,5346.64,2000,5688.269,5697.187,2000,5694.343,5495.893,2000,6398.163,5718.91,2000,5791.88,5527.573,2000,5853.966,5694.481,2000,6024.35,5392.134,2000,5775.49,5549.612,2000,5784.996,5587.413,2000,5841.477,5419.127,2000,5680.945,5537.628,2000,5937.581,5380.156,2000,5876.323,5474.699,2000,6295.255,5594.506,2000,6380.823
5933.712,2000,6127.269,5524.518,2000,5600.756,6068.65,2000,5994.813,5620.771,2000,5628.131,6024.038,2000,6084.534,5407.144,2000,5971.725,5344.336,2000,5688.048,5695.038,2000,5695.202,5496.266,2000,6396.224,5716.792,2000,5792.814,5528.712,2000,5855.981,5692.785,2000,6022.775,5392.813,2000,5773.278,5548.647,2000,5787.1,5585.28,2000,5842.375,5418.892,2000,5678.643,5537.835,2000,5935.276,5380.877,2000,5874.124,5475.212,2000,6292.998,5594.833,2000,6378.787
5931.593,2000,6126.333,5522.414,2000,5601.724,6066.591,2000,5993.753,5618.641,2000,5629.039,6021.953,2000,6083.525,5407.915,2000,5969.541,5342.039,2000,5687.751,5692.916,2000,5696.131,5496.642,2000,6394.262,5714.645,2000,5793.682,5529.785,2000,5858.033,5691.079,2000,6021.209,5393.564,2000,5771.087,5547.613,2000,5789.172,5583.176,2000,5843.344,5418.732,2000,5676.333,5538.118,2000,5932.977,5381.637,2000,5871.936,5475.651,2000,6290.724,5595.206,2000,6376.725
5929.445,2000,6125.468,5520.315,2000,5602.704,6064.498,2000,5992.76,5616.541,2000,5630.016,6019.901,2000,6082.449,5408.723,2000,5967.371,5339.753,2000,5687.38,5690.765,2000,5696.99,5497.009,2000,6392.278,5712.526,2000,5794.619,5530.791,2000,5860.12,5689.365,2000,6019.651,5394.387,2000,5768.922,5546.511,2000,5791.209,5581.104,2000,5844.381,5418.648,2000,5674.018,5538.476,2000,5930.688,5382.436,2000,5869.761,5476.085,2000,6288.449,5595.583,2000,6374.634
5927.325,2000,6124.533,5518.248,2000,5603.75,6062.436,2000,5991.704,5614.409,2000,5630.924,6017.815,2000,6081.44,5409.571,2000,5965.214,5337.479,2000,5686.934,5688.643,2000,5697.92,5497.377,2000,6390.271,5710.378,2000,5795.489,5531.729,2000,5862.239,5687.643,2000,6018.1,5395.281,2000,5766.784,5545.343,2000,5793.211,5579.067,2000,5845.486,5418.64,2000,5671.7,5538.758,2000,5928.388,5383.289,2000,5867.607,5476.505,2000,6286.17,5595.952,2000,6372.514
5925.805,2000,6123.802,5516.719,2000,5604.463,6060.91,2000,5990.984,5612.836,2000,5631.534,6016.291,2000,6080.717,5410.239,2000,5963.665,5335.835,2000,5686.555,5687.076,2000,5698.545,5497.638,2000,6388.794,5708.836,2000,5796.172,5532.36,2000,5863.803,5686.382,2000,6016.979,5395.982,2000,5765.25,5544.446,2000,5794.639,5577.612,2000,5846.338,5418.689,2000,5670.014,5538.909,2000,5926.708,5383.96,2000,5866.06,5476.809,2000,6284.511,5596.216,2000,6370.954
5923.333,2000,6122.62,5514.2,2000,5605.538,6058.427,2000,5989.828,5610.316,2000,5632.608,6013.817,2000,6079.542,5411.376,2000,5961.173,5333.188,2000,5685.853,5684.555,2000,5699.616,5498.061,2000,6386.376,5706.297,2000,5797.2,5533.301,2000,5866.375,5684.324,2000,6015.172,5397.201,2000,5762.797,5542.914,2000,5796.91,5575.294,2000,5847.798,5418.858,2000,5667.28,5539.065,2000,5923.974,5385.108,2000,5863.573,5477.287,2000,6281.814,5596.645,2000,6368.402
5921.05,2000,6121.526,5511.84,2000,5606.455,6056.131,2000,5988.76,5608.021,2000,5633.676,6011.526,2000,6078.464,5412.484,2000,5958.896,5330.721,2000,5685.284,5682.194,2000,5700.528,5498.448,2000,6384.116,5703.983,2000,5798.227,5534.093,2000,5868.78,5682.412,2000,6013.514,5398.402,2000,5760.568,5541.43,2000,5798.96,5573.198,2000,5849.217,5419.097,2000,5664.76,5539.126,2000,5921.443,5386.233,2000,5861.305,5477.723,2000,6279.321,5597.039,2000,6366.02
5918.954,2000,6120.531,5509.65,2000,5607.225,6054.022,2000,5987.791,5605.886,2000,5634.585,6009.426,2000,6077.476,5413.561,2000,5956.841,5328.444,2000,5684.837,5680.058,2000,5701.436,5498.801,2000,6382.021,5701.832,2000,5799.098,5534.747,2000,5871.007,5680.65,2000,6012.004,5399.569,2000,5758.562,5540.008,2000,5800.795,5571.32,2000,5850.581,5419.392,2000,5662.458,5539.106,2000,5919.122,5387.327,2000,5859.258,5478.115,2000,6277.034,5597.394,2000,6363.818
5916.856,2000,6119.536,5507.437,2000,5607.922,6051.913,2000,5986.822,5603.722,2000,5635.425,6007.322,2000,6076.497,5414.699,2000,5954.818,5326.153,2000,5684.465,5677.952,2000,5702.412,5499.15,2000,6379.908,5699.701,2000,5800.018,5535.328,2000,5873.254,5678.878,2000,6010.505,5400.801,2000,5756.594,5538.527,2000,5802.583,5569.487,2000,5852.005,5419.761,2000,5660.167,5539.01,2000,5916.803,5388.484,2000,5857.246,5478.502,2000,6274.745,5597.745,2000,6361.602
5914.755,2000,6118.548,5505.2,2000,5608.547,6049.799,2000,5985.861,5601.531,2000,5636.193,6005.217,2000,6075.517,5415.9,2000,5952.831,5323.85,2000,5684.168,5675.814,2000,5703.319,5499.497,2000,6377.775,5697.601,2000,5801.007,5535.834,2000,5875.521,5677.096,2000,6009.017,5402.097,2000,5754.668,5536.988,2000,5804.321,5567.701,2000,5853.489,5420.206,2000,5657.888,5538.838,2000,5914.487,5389.705,2000,5855.27,5478.882,2000,6272.455,5598.091,2000,6359.372
5912.665,2000,6117.567,5502.958,2000,5609.095,6047.697,2000,5984.906,5599.364,2000,5636.99,6003.12,2000,6074.551,5417.155,2000,5950.893,5321.552,2000,5683.948,5673.687,2000,5704.216,5499.838,2000,6375.638,5695.481,2000,5801.924,5536.265,2000,5877.789,5675.317,2000,6007.544,5403.448,2000,5752.795,5535.402,2000,5805.999,5565.974,2000,5855.021,5420.722,2000,5655.637,5538.592,2000,5912.191,5390.98,2000,5853.345,5479.255,2000,6270.176,5598.432,2000,6357.145
5911.259,2000,6116.912,5501.44,2000,5609.414,6046.28,2000,5984.277,5597.903,2000,5637.511,6001.711,2000,6073.904,5418.04,2000,5949.62,5320.014,2000,5683.75,5672.257,2000,5704.814,5500.065,2000,6374.192,5694.06,2000,5802.543,5536.503,2000,5879.321,5674.111,2000,6006.57,5404.396,2000,5751.568,5534.301,2000,5807.09,5564.849,2000,5856.088,5421.019,2000,5654.116,5538.377,2000,5910.656,5391.878,2000,5852.082,5479.502,2000,6268.646,5598.651,2000,6355.642
5907.608,2000,6115.227,5497.48,2000,5610.111,6042.617,2000,5982.619,5594.074,2000,5638.741,5998.049,2000,6072.241,5420.41,2000,5946.371,5316.044,2000,5683.104,5668.526,2000,5706.316,5500.642,2000,6370.423,5690.357,2000,5804.112,5536.992,2000,5883.313,5670.973,2000,6004.055,5406.957,2000,5748.468,5531.353,2000,5809.826,5562.022,2000,5858.949,5421.66,2000,5650.146,5537.688,2000,5906.694,5394.288,2000,5848.862,5480.129,2000,6264.673,5599.242,2000,6351.738
5906.552,2000,6114.739,5496.329,2000,5610.275,6041.549,2000,5982.158,5592.967,2000,5639.097,5996.99,2000,6071.76,5421.125,2000,5945.454,5314.891,2000,5682.956,5667.445,2000,5706.746,5500.81,2000,6369.322,5689.286,2000,5804.565,5537.096,2000,5884.471,5670.061,2000,6003.333,5407.726,2000,5747.596,5530.475,2000,5810.588,5561.232,2000,5859.802,5421.807,2000,5648.992,5537.451,2000,5905.556,5395.015,2000,5847.954,5480.309,2000,6263.524,5599.396,2000,6350.601
5904.611,2000,6113.85,5494.206,2000,5610.507,6039.595,2000,5981.296,5590.913,2000,5639.683,5995.04,2000,6070.892,5422.494,2000,5943.814,5312.765,2000,5682.751,5665.453,2000,5707.514,5501.104,2000,6367.292,5687.309,2000,5805.375,5537.216,2000,5886.604,5668.374,2000,6002.023,5409.191,2000,5746.042,5528.818,2000,5811.936,5559.834,2000,5861.416,5422.009,2000,5646.866,5536.948,2000,5903.48,5396.403,2000,5846.331,5480.635,2000,6261.414,5599.694,2000,6348.513
5902.083,2000,6112.715,5491.442,2000,5610.718,6037.055,2000,5980.189,5588.229,2000,5640.375,5992.511,2000,6069.758,5424.339,2000,5941.746,5309.999,2000,5682.577,5662.843,2000,5708.446,5501.496,2000,6364.647,5684.732,2000,5806.394,5537.282,2000,5889.374,5666.171,2000,6000.341,5411.025,2000,5743.964,5526.611,2000,5813.612,5558.089,2000,5863.569,5422.18,2000,5644.1,5536.208,2000,5900.81,5398.272,2000,5844.285,5481.037,2000,6258.672,5600.067,2000,6345.796
5899.961,2000,6111.756,5489.117,2000,5610.819,6034.921,2000,5979.258,5585.961,2000,5640.897,5990.38,2000,6068.82,5425.944,2000,5940.061,5307.672,2000,5682.507,5660.639,2000,5709.194,5501.813,2000,6362.413,5682.55,2000,5807.204,5537.261,2000,5891.702,5664.31,2000,5998.943,5412.507,2000,5742.169,5524.713,2000,5814.959,5556.683,2000,5865.424,5422.248,2000,5641.773,5535.513,2000,5898.588,5399.846,2000,5842.57,5481.383,2000,6256.37,5600.386,2000,6343.511
5897.835,2000,6110.811,5486.791,2000,5610.844,6032.783,2000,5978.341,5583.683,2000,5641.365,5988.253,2000,6067.879,5427.603,2000,5938.429,5305.346,2000,5682.513,5658.418,2000,5709.89,5502.136,2000,6360.171,5680.356,2000,5807.979,5537.164,2000,5894.026,5662.438,2000,5997.562,5413.93,2000,5740.328,5522.772,2000,5816.243,5555.339,2000,5867.323,5422.24,2000,5639.446,5534.747,2000,5896.392,5401.419,2000,5840.856,5481.715,2000,6254.067,5600.689,2000,6341.221
5895.708,2000,6109.862,5484.462,2000,5610.792,6030.674,2000,5977.354,5581.389,2000,5641.769,5986.093,2000,6067.007,5429.316,2000,5936.851,5303.018,2000,5682.595,5656.183,2000,5710.543,5502.388,2000,6357.909,5678.144,2000,5808.707,5537.143,2000,5896.355,5660.551,2000,5996.196,5415.292,2000,5738.439,5520.789,2000,5817.464,5554.057,2000,5869.267,5422.155,2000,5637.119,5533.907,2000,5894.219,5402.995,2000,5839.141,5482.122,2000,6251.774,5601,2000,6338.927
5893.55,2000,6108.98,5482.135,2000,5610.665,6028.532,2000,5976.435,5579.083,2000,5642.114,5983.962,2000,6066.064,5431.082,2000,5935.329,5300.693,2000,5682.753,5653.93,2000,5711.142,5502.565,2000,6355.632,5675.917,2000,5809.395,5537.198,2000,5898.685,5658.651,2000,5994.846,5416.594,2000,5736.505,5518.765,2000,5818.62,5552.838,2000,5871.254,5421.994,2000,5634.793,5532.997,2000,5892.073,5404.626,2000,5837.477,5482.604,2000,6249.494,5601.239,2000,6336.621
5891.423,2000,6108.029,5479.813,2000,5610.461,6026.361,2000,5975.587,5576.792,2000,5642.535,5981.801,2000,6065.191,5432.895,2000,5933.866,5298.375,2000,5682.987,5651.699,2000,5711.813,5502.818,2000,6353.356,5673.714,2000,5810.155,5537.329,2000,5901.011,5656.739,2000,5993.515,5417.957,2000,5734.616,5516.705,2000,5819.708,5551.686,2000,5873.279,5421.757,2000,5632.476,5532.017,2000,5889.959,5406.311,2000,5835.867,5483.117,2000,6247.221,5601.402,2000,6334.307
5889.327,2000,6107.007,5477.498,2000,5610.182,6024.162,2000,5974.81,5574.512,2000,5643.03,5979.611,2000,6064.389,5434.757,2000,5932.462,5296.063,2000,5683.298,5649.489,2000,5712.559,5503.106,2000,6351.077,5671.536,2000,5810.988,5537.514,2000,5903.336,5654.812,2000,5992.202,5419.383,2000,5732.77,5514.608,2000,5820.73,5550.599,2000,5875.342,5421.444,2000,5630.164,5530.968,2000,5887.876,5408.049,2000,5834.312,5483.637,2000,6244.947,5601.49,2000,6331.984
5887.197,2000,6106.055,5475.193,2000,5609.826,6021.938,2000,5974.105,5572.25,2000,5643.6,5977.448,2000,6063.516,5436.665,2000,5931.119,5293.763,2000,5683.684,5647.305,2000,5713.376,5503.4,2000,6348.793,5669.385,2000,5811.891,5537.709,2000,5905.661,5652.87,2000,5990.909,5420.868,2000,5730.972,5512.479,2000,5821.683,5549.58,2000,5877.44,5421.056,2000,5627.864,5529.851,2000,5885.828,5409.838,2000,5832.814,5484.166,2000,6242.675,5601.501,2000,6329.659
5885.039,2000,6105.173,5472.901,2000,5609.396,6019.74,2000,5973.328,5570.009,2000,5644.244,5975.259,2000,6062.714,5438.614,2000,5929.84,5291.477,2000,5684.145,5645.149,2000,5714.265,5503.62,2000,6346.498,5667.267,2000,5812.864,5537.931,2000,5907.981,5650.916,2000,5989.637,5422.411,2000,5729.224,5510.321,2000,5822.565,5548.63,2000,5879.57,5420.593,2000,5625.579,5528.667,2000,5883.819,5411.673,2000,5831.377,5484.703,2000,6240.406,5601.588,2000,6327.335
5882.85,2000,6104.361,5470.622,2000,5608.89,6017.565,2000,5972.479,5567.788,2000,5644.961,5973.041,2000,6061.983,5440.607,2000,5928.624,5289.205,2000,5684.681,5643.021,2000,5715.224,5503.764,2000,6344.19,5665.178,2000,5813.908,5538.188,2000,5910.302,5648.944,2000,5988.387,5424.013,2000,5727.524,5508.132,2000,5823.378,5547.75,2000,5881.732,5420.054,2000,5623.307,5527.417,2000,5881.847,5413.463,2000,5829.878,5485.25,2000,6238.136,5601.752,2000,6325.011
5880.637,2000,6103.622,5468.362,2000,5608.31,6015.421,2000,5971.559,5565.592,2000,5645.75,5970.802,2000,6061.326,5442.558,2000,5927.344,5286.953,2000,5685.291,5640.926,2000,5716.252,5503.833,2000,6341.876,5663.125,2000,5815.018,5538.521,2000,5912.611,5646.958,2000,5987.161,5425.668,2000,5725.88,5505.919,2000,5824.118,5546.941,2000,5883.921,5419.442,2000,5621.056,5526.233,2000,5879.836,5415.202,2000,5828.322,5485.804,2000,6235.87,5601.992,2000,6322.695
5878.399,2000,6102.954,5466.12,2000,5607.655,6013.246,2000,5970.709,5563.421,2000,5646.611,5968.584,2000,6060.595,5444.467,2000,5926,5284.72,2000,5685.974,5638.864,2000,5717.349,5503.978,2000,6339.562,5661.109,2000,5816.196,5538.93,2000,5914.911,5644.956,2000,5985.96,5427.377,2000,5724.289,5503.681,2000,5824.785,5546.204,2000,5886.137,5418.756,2000,5618.823,5525.115,2000,5877.786,5416.891,2000,5826.709,5486.368,2000,6233.604,5602.156,2000,6320.369
5876.141,2000,6102.36,5463.901,2000,5606.928,6011.044,2000,5969.932,5561.28,2000,5647.543,5966.392,2000,6059.792,5446.332,2000,5924.594,5282.511,2000,5686.73,5636.84,2000,5718.512,5504.199,2000,6337.251,5659.132,2000,5817.438,5539.414,2000,5917.195,5642.938,2000,5984.786,5429.138,2000,5722.755,5501.423,2000,5825.379,5545.54,2000,5888.375,5417.998,2000,5616.615,5524.064,2000,5875.701,5418.525,2000,5825.042,5486.94,2000,6231.34,5602.244,2000,6318.039
5873.864,2000,6101.841,5461.706,2000,5606.129,6008.818,2000,5969.226,5559.17,2000,5648.544,5964.226,2000,6058.918,5448.149,2000,5923.127,5280.327,2000,5687.559,5634.854,2000,5719.742,5504.344,2000,6334.931,5657.197,2000,5818.746,5539.972,2000,5919.463,5640.902,2000,5983.641,5430.948,2000,5721.279,5499.146,2000,5825.899,5544.949,2000,5890.635,5417.167,2000,5614.432,5523.082,2000,5873.582,5420.105,2000,5823.321,5487.523,2000,6229.078,5602.408,2000,6315.711
5871.602,2000,6101.246,5459.536,2000,5605.257,6006.566,2000,5968.592,5557.091,2000,5649.616,5962.029,2000,6058.114,5449.92,2000,5921.6,5278.168,2000,5688.459,5632.907,2000,5721.037,5504.413,2000,6332.604,5655.303,2000,5820.118,5540.605,2000,5921.714,5638.847,2000,5982.525,5432.808,2000,5719.861,5496.85,2000,5826.345,5544.432,2000,5892.916,5416.264,2000,5612.275,5522.168,2000,5871.429,5421.629,2000,5821.548,5488.116,2000,6226.816,5602.648,2000,6313.387
5869.362,2000,6100.578,5457.397,2000,5604.315,6004.338,2000,5967.886,5555.05,2000,5650.754,5959.81,2000,6057.382,5451.64,2000,5920.016,5276.042,2000,5689.429,5631.004,2000,5722.395,5504.559,2000,6330.279,5653.456,2000,5821.55,5541.312,2000,5923.942,5636.775,2000,5981.443,5434.712,2000,5718.506,5494.542,2000,5826.715,5543.989,2000,5895.21,5415.292,2000,5610.149,5521.327,2000,5869.249,5423.094,2000,5819.727,5488.718,2000,6224.558,5602.812,2000,6311.057
5867.146,2000,6099.837,5455.291,2000,5603.304,6002.135,2000,5967.107,5553.047,2000,5651.958,5957.567,2000,6056.724,5453.306,2000,5918.378,5273.949,2000,5690.468,5629.148,2000,5723.814,5504.78,2000,6327.96,5651.657,2000,5823.042,5542.09,2000,5926.146,5634.681,2000,5980.407,5436.659,2000,5717.214,5492.225,2000,5827.009,5543.623,2000,5897.518,5414.251,2000,5608.058,5520.557,2000,5867.042,5424.498,2000,5817.859,5489.332,2000,6222.303,5602.9,2000,6308.724
5864.351,2000,6098.801,5452.647,2000,5601.927,5999.294,2000,5966.207,5550.544,2000,5653.577,5954.695,2000,6055.925,5455.361,2000,5916.219,5271.324,2000,5691.88,5626.84,2000,5725.701,5504.966,2000,6324.993,5649.426,2000,5825.018,5543.174,2000,5928.922,5631.984,2000,5979.136,5439.196,2000,5715.648,5489.257,2000,5827.288,5543.251,2000,5900.476,5412.836,2000,5605.434,5519.667,2000,5864.197,5426.21,2000,5815.419,5490.128,2000,6219.431,5603.109,2000,6305.751
5862.247,2000,6097.941,5450.666,2000,5600.811,5997.105,2000,5965.591,5548.677,2000,5654.873,5952.503,2000,6055.323,5456.875,2000,5914.522,5269.358,2000,5693.021,5625.127,2000,5727.196,5505.182,2000,6322.735,5647.774,2000,5826.581,5544.07,2000,5931.012,5629.914,2000,5978.196,5441.168,2000,5714.518,5486.988,2000,5827.426,5543.042,2000,5902.739,5411.692,2000,5603.469,5519.06,2000,5862.006,5427.455,2000,5813.516,5490.743,2000,6217.242,5603.195,2000,6303.48
5860.593,2000,6097.328,5449.159,2000,5599.896,5995.394,2000,5965.169,5547.262,2000,5655.925,5950.819,2000,6054.801,5458.004,2000,5913.169,5267.863,2000,5693.957,5623.838,2000,5728.399,5505.292,2000,6320.978,5646.534,2000,5827.833,5544.712,2000,5932.654,5628.286,2000,5977.521,5442.669,2000,5713.591,5485.225,2000,5827.475,5542.938,2000,5904.5,5410.756,2000,5601.975,5518.645,2000,5860.293,5428.371,2000,5812.01,5491.228,2000,6215.546,5603.319,2000,6301.722
5858.37,2000,6096.585,5447.196,2000,5598.615,5993.101,2000,5964.683,5545.428,2000,5657.385,5948.604,2000,6054.033,5459.447,2000,5911.321,5265.917,2000,5695.264,5622.178,2000,5730.053,5505.361,2000,6318.639,5644.94,2000,5829.552,5545.493,2000,5934.864,5626.092,2000,5976.694,5444.622,2000,5712.295,5482.881,2000,5827.464,5542.875,2000,5906.843,5409.447,2000,5600.03,5518.167,2000,5857.998,5429.522,2000,5809.968,5491.883,2000,6213.296,5603.56,2000,6299.392
5856.127,2000,6095.917,5445.279,2000,5597.272,5990.829,2000,5964.124,5543.646,2000,5658.901,5946.369,2000,6053.34,5460.826,2000,5909.431,5264.019,2000,5696.631,5620.575,2000,5731.758,5505.507,2000,6316.306,5643.407,2000,5831.319,5546.2,2000,5937.095,5623.877,2000,5975.941,5446.528,2000,5710.938,5480.543,2000,5827.377,5542.89,2000,5909.183,5408.077,2000,5598.133,5517.767,2000,5855.693,5430.605,2000,5807.894,5492.548,2000,6211.052,5603.725,2000,6297.058
5853.863,2000,6095.321,5443.406,2000,5595.866,5988.574,2000,5963.489,5541.913,2000,5660.476,5944.111,2000,6052.72,5462.143,2000,5907.495,5262.165,2000,5698.062,5619.027,2000,5733.516,5505.729,2000,6313.978,5641.93,2000,5833.137,5546.833,2000,5939.349,5621.636,2000,5975.26,5448.391,2000,5709.519,5478.207,2000,5827.213,5542.98,2000,5911.522,5406.645,2000,5596.281,5517.441,2000,5853.374,5431.62,2000,5805.783,5493.225,2000,6208.811,5603.813,2000,6294.719
5851.579,2000,6094.8,5441.58,2000,5594.4,5986.341,2000,5962.781,5540.232,2000,5662.107,5941.833,2000,6052.173,5463.396,2000,5905.516,5260.358,2000,5699.552,5617.538,2000,5735.323,5505.875,2000,6311.642,5640.514,2000,5835.002,5547.437,2000,5941.612,5619.374,2000,5974.653,5450.206,2000,5708.039,5475.877,2000,5826.973,5543.148,2000,5913.859,5405.152,2000,5594.476,5517.191,2000,5851.045,5432.565,2000,5803.64,5493.914,2000,6206.572,5603.977,2000,6292.383
5849.28,2000,6094.354,5439.803,2000,5592.875,5984.133,2000,5962.001,5538.606,2000,5663.792,5939.54,2000,6051.702,5464.584,2000,5903.498,5258.601,2000,5701.101,5616.109,2000,5737.178,5505.945,2000,6309.303,5639.159,2000,5836.913,5548.006,2000,5943.884,5617.094,2000,5974.12,5451.972,2000,5706.5,5473.557,2000,5826.656,5543.392,2000,5916.188,5403.602,2000,5592.721,5517.018,2000,5848.709,5433.439,2000,5801.468,5494.614,2000,6204.337,5604.218,2000,6290.054
5846.979,2000,6093.986,5438.085,2000,5591.299,5981.912,2000,5961.297,5537.043,2000,5665.521,5937.273,2000,6051.159,5465.7,2000,5901.452,5256.904,2000,5702.698,5614.748,2000,5739.07,5506.091,2000,6306.979,5637.874,2000,5838.857,5548.499,2000,5946.162,5614.808,2000,5973.665,5453.678,2000,5704.913,5471.259,2000,5826.266,5543.71,2000,5918.497,5402.002,2000,5591.025,5516.922,2000,5846.381,5434.239,2000,5799.278,5495.318,2000,6202.115,5604.381,2000,6287.729
5845.43,2000,6093.79,5436.969,2000,5590.207,5980.409,2000,5960.874,5536.035,2000,5666.713,5935.768,2000,6050.745,5466.402,2000,5900.057,5255.803,2000,5703.805,5613.878,2000,5740.367,5506.239,2000,6305.425,5637.056,2000,5840.187,5548.778,2000,5947.698,5613.268,2000,5973.41,5454.785,2000,5703.812,5469.729,2000,5825.955,5543.974,2000,5920.036,5400.894,2000,5589.925,5516.909,2000,5844.82,5434.726,2000,5797.795,5495.805,2000,6200.632,5604.44,2000,6286.169
5841.413,2000,6093.146,5434.157,2000,5587.268,5976.458,2000,5959.901,5533.51,2000,5669.904,5931.812,2000,6049.796,5468.112,2000,5896.366,5253.029,2000,5706.782,5611.723,2000,5743.817,5506.758,2000,6301.392,5635.04,2000,5843.721,5549.375,2000,5951.723,5609.235,2000,5972.877,5457.576,2000,5700.852,5465.771,2000,5825.012,5544.792,2000,5924.021,5397.915,2000,5587.155,5517.007,2000,5840.752,5435.869,2000,5793.89,5497.088,2000,6196.771,5604.46,2000,6282.101
5839.687,2000,6092.811,5432.983,2000,5585.958,5974.738,2000,5959.537,5532.465,2000,5671.317,5930.097,2000,6049.409,5468.799,2000,5894.747,5251.874,2000,5708.106,5610.84,2000,5745.338,5506.925,2000,6299.643,5634.219,2000,5845.275,5549.577,2000,5953.469,5607.485,2000,5972.704,5458.739,2000,5699.533,5464.075,2000,5824.549,5545.201,2000,5925.731,5396.588,2000,5586,5517.107,2000,5838.997,5436.307,2000,5792.188,5497.651,2000,6195.105,5604.526,2000,6280.344
5837.732,2000,6092.365,5431.695,2000,5584.422,5972.765,2000,5959.186,5531.326,2000,5672.967,5928.14,2000,6048.975,5469.521,2000,5892.877,5250.606,2000,5709.659,5609.892,2000,5747.104,5507.05,2000,6297.643,5633.341,2000,5847.078,5549.741,2000,5955.467,5605.485,2000,5972.572,5460.016,2000,5697.988,5462.159,2000,5823.958,5545.731,2000,5927.664,5395.034,2000,5584.734,5517.286,2000,5837,5436.743,2000,5790.231,5498.303,2000,6193.21,5604.667,2000,6278.345
5835.629,2000,6091.813,5430.353,2000,5582.71,5970.612,2000,5958.875,5530.15,2000,5674.797,5926.015,2000,6048.512,5470.237,2000,5890.823,5249.286,2000,5711.388,5608.926,2000,5749.053,5507.114,2000,6295.469,5632.425,2000,5849.05,5549.848,2000,5957.64,5603.311,2000,5972.5,5461.346,2000,5696.267,5460.103,2000,5823.25,5546.375,2000,5929.742,5393.304,2000,5583.417,5517.551,2000,5834.842,5437.146,2000,5788.094,5499.02,2000,6191.156,5604.891,2000,6276.181
5834.073,2000,6091.349,5429.394,2000,5581.401,5968.998,2000,5958.696,5529.317,2000,5676.19,5924.426,2000,6048.179,5470.721,2000,5889.273,5248.344,2000,5712.71,5608.253,2000,5750.531,5507.109,2000,6293.846,5631.77,2000,5850.536,5549.875,2000,5959.263,5601.688,2000,5972.499,5462.295,2000,5694.95,5458.586,2000,5822.671,5546.907,2000,5931.276,5391.98,2000,5582.476,5517.802,2000,5833.238,5437.395,2000,5786.489,5499.57,2000,6189.629,5605.11,2000,6274.573
5830.354,2000,6090.106,5427.181,2000,5578.164,5965.117,2000,5958.136,5527.417,2000,5679.621,5920.563,2000,6047.501,5471.768,2000,5885.495,5246.173,2000,5715.977,5606.746,2000,5754.15,5506.969,2000,6289.928,5630.202,2000,5854.13,5549.811,2000,5963.184,5597.768,2000,5972.625,5464.484,2000,5691.697,5454.971,2000,5821.153,5548.31,2000,5934.938,5388.712,2000,5580.309,5518.534,2000,5829.385,5437.868,2000,5782.597,5500.911,2000,6185.944,5605.768,2000,6270.707
5829.229,2000,6089.771,5426.55,2000,5577.174,5963.962,2000,5957.93,5526.883,2000,5680.665,5919.402,2000,6047.336,5472.043,2000,5884.354,5245.556,2000,5716.975,5606.33,2000,5755.248,5506.966,2000,6288.755,5629.749,2000,5855.212,5549.753,2000,5964.356,5596.597,2000,5972.701,5465.107,2000,5690.702,5453.875,2000,5820.735,5548.766,2000,5936.019,5387.714,2000,5579.693,5518.791,2000,5828.24,5437.971,2000,5781.428,5501.32,2000,6184.844,5605.927,2000,6269.544
5826.69,2000,6089.103,5425.213,2000,5574.915,5961.394,2000,5957.386,5525.764,2000,5683.04,5916.792,2000,6047.052,5472.577,2000,5881.783,5244.249,2000,5719.252,5605.481,2000,5757.732,5507.044,2000,6286.131,5628.763,2000,5857.646,5549.539,2000,5966.973,5593.984,2000,5972.958,5466.427,2000,5688.433,5451.392,2000,5819.879,5549.864,2000,5938.404,5385.435,2000,5578.388,5519.448,2000,5825.698,5438.117,2000,5778.806,5502.255,2000,6182.391,5606.197,2000,6266.933
5824.196,2000,6088.534,5423.984,2000,5572.672,5958.875,2000,5956.938,5524.75,2000,5685.388,5914.259,2000,6046.693,5473.015,2000,5879.263,5243.049,2000,5721.511,5604.734,2000,5760.178,5507.204,2000,6283.579,5627.83,2000,5860.027,5549.247,2000,5969.514,5591.448,2000,5973.29,5467.64,2000,5686.181,5448.948,2000,5819.125,5551.009,2000,5940.691,5383.175,2000,5577.19,5520.17,2000,5823.244,5438.176,2000,5776.249,5503.182,2000,6180.007,5606.376,2000,6264.381
5821.893,2000,6088.087,5422.924,2000,5570.579,5956.554,2000,5956.603,5523.89,2000,5687.571,5911.949,2000,6046.287,5473.34,2000,5876.94,5242.017,2000,5723.618,5604.123,2000,5762.443,5507.427,2000,6281.243,5627.003,2000,5862.223,5548.902,2000,5971.834,5589.133,2000,5973.671,5468.685,2000,5684.08,5446.685,2000,5818.508,5552.127,2000,5942.753,5381.067,2000,5576.161,5520.905,2000,5821.016,5438.152,2000,5773.903,5504.051,2000,6177.828,5606.465,2000,6262.037
5819.251,2000,6087.664,5421.794,2000,5568.154,5953.895,2000,5956.307,5522.992,2000,5690.091,5909.33,2000,6045.739,5473.798,2000,5874.304,5240.919,2000,5726.057,5603.51,2000,5765.047,5507.768,2000,6278.59,5626.093,2000,5864.739,5548.424,2000,5974.467,5586.509,2000,5974.191,5469.796,2000,5681.647,5444.082,2000,5817.888,5553.479,2000,5945.062,5378.626,2000,5575.065,5521.826,2000,5818.504,5438.038,2000,5771.23,5505.064,2000,6175.352,5606.478,2000,6259.362
5816.445,2000,6087.308,5420.684,2000,5565.552,5951.094,2000,5955.903,5522.13,2000,5692.786,5906.543,2000,6045.25,5474.374,2000,5871.534,5239.843,2000,5728.674,5602.952,2000,5767.821,5508.221,2000,6275.797,5625.154,2000,5867.408,5547.827,2000,5977.232,5583.753,2000,5974.833,5470.888,2000,5679.037,5441.31,2000,5817.323,5554.987,2000,5947.456,5376.008,2000,5573.992,5522.886,2000,5815.881,5437.825,2000,5768.409,5506.15,2000,6172.739,5606.399,2000,6256.534
5814.695,2000,6087.144,5420.047,2000,5563.914,5949.364,2000,5955.595,5521.65,2000,5694.477,5904.803,2000,6045.002,5474.787,2000,5869.825,5239.228,2000,5730.32,5602.663,2000,5769.555,5508.559,2000,6274.072,5624.591,2000,5869.073,5547.4,2000,5978.938,5582.055,2000,5975.287,5471.512,2000,5677.394,5439.577,2000,5817.029,5555.972,2000,5948.911,5374.361,2000,5573.379,5523.597,2000,5814.274,5437.636,2000,5766.662,5506.837,2000,6171.121,5606.293,2000,6254.779
5812.576,2000,6087.015,5419.343,2000,5561.911,5947.287,2000,5955.155,5521.137,2000,5696.537,5902.692,2000,6044.773,5475.354,2000,5867.779,5238.551,2000,5732.333,5602.381,2000,5771.66,5508.898,2000,6271.977,5623.935,2000,5871.092,5546.817,2000,5980.979,5580.023,2000,5975.902,5472.201,2000,5675.385,5437.473,2000,5816.742,5557.219,2000,5950.629,5372.348,2000,5572.704,5524.52,2000,5812.362,5437.338,2000,5764.56,5507.683,2000,6169.174,5606.234,2000,6252.657
5810.229,2000,6086.95,5418.638,2000,5559.671,5944.975,2000,5954.744,5520.644,2000,5698.833,5900.368,2000,6044.443,5476.054,2000,5865.538,5237.875,2000,5734.581,5602.146,2000,5773.996,5509.197,2000,6269.648,5623.233,2000,5873.333,5546.099,2000,5983.215,5577.799,2000,5976.656,5472.89,2000,5673.141,5435.137,2000,5816.501,5558.66,2000,5952.483,5370.099,2000,5572.03,5525.609,2000,5810.282,5436.933,2000,5762.247,5508.636,2000,6167.028,5606.246,2000,6250.309
5807.882,2000,6086.961,5418.006,2000,5557.411,5942.652,2000,5954.408,5520.227,2000,5701.143,5898.056,2000,6044.037,5476.827,2000,5863.322,5237.273,2000,5736.85,5601.988,2000,5776.337,5509.42,2000,6267.312,5622.558,2000,5875.581,5545.308,2000,5985.424,5575.603,2000,5977.481,5473.505,2000,5670.876,5432.796,2000,5816.336,5560.159,2000,5954.289,5367.83,2000,5571.431,5526.765,2000,5808.239,5436.452,2000,5759.95,5509.606,2000,6164.892,5606.334,2000,6247.964
5805.536,2000,6087.049,5417.449,2000,5555.13,5940.319,2000,5954.149,5519.886,2000,5703.465,5895.758,2000,6043.556,5477.672,2000,5861.132,5236.746,2000,5739.137,5601.907,2000,5778.684,5509.567,2000,6264.969,5621.908,2000,5877.836,5544.445,2000,5987.607,5573.433,2000,5978.379,5474.045,2000,5668.591,5430.451,2000,5816.249,5561.718,2000,5956.044,5365.542,2000,5570.906,5527.987,2000,5806.235,5435.896,2000,5757.669,5510.597,2000,6162.763,5606.499,2000,6245.622
5803.19,2000,6087.06,5416.967,2000,5552.834,5937.997,2000,5953.814,5519.621,2000,5705.796,5893.448,2000,6043.15,5478.588,2000,5858.973,5236.294,2000,5741.439,5601.902,2000,5781.029,5509.637,2000,6262.625,5621.332,2000,5880.111,5543.512,2000,5989.76,5571.296,2000,5979.346,5474.51,2000,5666.292,5428.105,2000,5816.238,5563.332,2000,5957.747,5363.239,2000,5570.457,5529.274,2000,5804.273,5435.267,2000,5755.409,5511.605,2000,6160.645,5606.74,2000,6243.289
5800.843,2000,6086.995,5416.56,2000,5550.521,5935.685,2000,5953.402,5519.433,2000,5708.137,5891.123,2000,6042.82,5479.575,2000,5856.842,5235.918,2000,5743.757,5601.975,2000,5783.376,5509.63,2000,6260.276,5620.831,2000,5882.405,5542.508,2000,5991.883,5569.189,2000,5980.384,5474.9,2000,5663.976,5425.757,2000,5816.304,5565.002,2000,5959.397,5360.92,2000,5570.083,5530.625,2000,5802.353,5434.563,2000,5753.169,5512.635,2000,6158.534,5607.058,2000,6240.962
5798.499,2000,6086.852,5416.229,2000,5548.197,5933.388,2000,5952.916,5519.321,2000,5710.482,5888.788,2000,6042.566,5480.631,2000,5854.745,5235.617,2000,5746.086,5602.124,2000,5785.72,5509.546,2000,6257.929,5620.404,2000,5884.714,5541.436,2000,5993.972,5567.118,2000,5981.49,5475.214,2000,5661.649,5423.414,2000,5816.446,5566.726,2000,5960.992,5358.591,2000,5569.785,5532.039,2000,5800.478,5433.786,2000,5750.953,5513.685,2000,6156.434,5607.452,2000,6238.647
5796.161,2000,6086.633,5415.974,2000,5545.862,5931.076,2000,5952.504,5519.286,2000,5712.831,5886.457,2000,6042.278,5481.756,2000,5852.683,5235.393,2000,5748.424,5602.349,2000,5788.057,5509.385,2000,6255.586,5620.054,2000,5887.037,5540.295,2000,5996.024,5565.083,2000,5982.663,5475.452,2000,5659.313,5421.075,2000,5816.666,5568.5,2000,5962.53,5356.253,2000,5569.563,5533.513,2000,5798.65,5432.937,2000,5748.764,5514.756,2000,6154.343,5607.921,2000,6236.346
5793.83,2000,6086.337,5415.795,2000,5543.52,5928.751,2000,5952.168,5519.327,2000,5715.18,5884.124,2000,6042.005,5482.948,2000,5850.658,5235.246,2000,5750.769,5602.651,2000,5790.387,5509.301,2000,6253.239,5619.779,2000,5889.37,5539.087,2000,5998.04,5563.088,2000,5983.903,5475.613,2000,5656.969,5418.745,2000,5816.961,5570.326,2000,5964.009,5353.909,2000,5569.418,5535.047,2000,5796.87,5432.017,2000,5746.602,5515.849,2000,6152.264,5608.315,2000,6234.03
5791.51,2000,6085.966,5415.693,2000,5541.172,5926.416,2000,5951.909,5519.446,2000,5717.526,5881.789,2000,6041.746,5484.205,2000,5848.673,5235.175,2000,5753.117,5603.03,2000,5792.706,5509.294,2000,6250.89,5619.582,2000,5891.711,5537.814,2000,6000.014,5561.134,2000,5985.207,5475.698,2000,5654.621,5416.425,2000,5817.333,5572.198,2000,5965.428,5351.561,2000,5569.35,5536.638,2000,5795.142,5431.026,2000,5744.472,5516.963,2000,6150.196,5608.633,2000,6231.702
5789.206,2000,6085.519,5415.668,2000,5538.825,5924.076,2000,5951.727,5519.641,2000,5719.865,5879.454,2000,6041.501,5485.525,2000,5846.733,5235.181,2000,5755.464,5603.483,2000,5795.009,5509.364,2000,6248.543,5619.46,2000,5894.055,5536.479,2000,6001.944,5559.225,2000,5986.573,5475.705,2000,5652.274,5414.121,2000,5817.781,5574.114,2000,5966.784,5349.213,2000,5569.358,5538.284,2000,5793.468,5429.967,2000,5742.377,5518.1,2000,6148.142,5608.875,2000,6229.368
5786.916,2000,6084.997,5415.72,2000,5536.477,5921.729,2000,5951.621,5519.912,2000,5722.198,5877.116,2000,6041.271,5486.91,2000,5844.835,5235.264,2000,5757.812,5604.012,2000,5797.297,5509.511,2000,6246.199,5619.416,2000,5896.403,5535.08,2000,6003.831,5557.361,2000,5988.002,5475.636,2000,5649.926,5411.831,2000,5818.304,5576.075,2000,5968.077,5346.866,2000,5569.444,5539.984,2000,5791.847,5428.839,2000,5740.316,5519.262,2000,6146.101,5609.04,2000,6227.024
5784.643,2000,6084.399,5415.849,2000,5534.129,5919.379,2000,5951.591,5520.26,2000,5724.522,5874.775,2000,6041.056,5488.356,2000,5842.982,5235.423,2000,5760.157,5604.616,2000,5799.569,5509.734,2000,6243.859,5619.449,2000,5898.754,5533.619,2000,6005.672,5555.543,2000,5989.493,5475.489,2000,5647.58,5409.557,2000,5818.901,5578.079,2000,5969.307,5344.521,2000,5569.606,5541.738,2000,5790.282,5427.644,2000,5738.292,5520.449,2000,6144.072,5609.128,2000,6224.675
5782.391,2000,6083.728,5416.054,2000,5531.788,5917.031,2000,5951.485,5520.684,2000,5726.834,5872.429,2000,6040.917,5489.862,2000,5841.178,5235.66,2000,5762.495,5605.294,2000,5801.82,5510.034,2000,6241.528,5619.558,2000,5901.102,5532.099,2000,6007.464,5553.775,2000,5991.042,5475.267,2000,5645.24,5407.305,2000,5819.573,5580.121,2000,5970.469,5342.183,2000,5569.845,5543.542,2000,5788.776,5426.383,2000,5736.309,5521.658,2000,6142.057,5609.14,2000,6222.325
5780.284,2000,6083.174,5416.315,2000,5529.625,5914.86,2000,5951.316,5521.147,2000,5728.962,5870.252,2000,6040.86,5491.312,2000,5839.552,5235.95,2000,5764.654,5605.99,2000,5803.884,5510.383,2000,6239.378,5619.73,2000,5903.273,5530.636,2000,6009.079,5552.185,2000,5992.53,5474.989,2000,5643.08,5405.239,2000,5820.264,5582.048,2000,5971.484,5340.024,2000,5570.137,5545.259,2000,5787.435,5425.155,2000,5734.51,5522.795,2000,6140.199,5609.08,2000,6220.148
5778.697,2000,6082.812,5416.563,2000,5528.017,5913.233,2000,5951.242,5521.545,2000,5730.541,5868.626,2000,6040.764,5492.435,2000,5838.374,5236.219,2000,5766.259,5606.561,2000,5805.409,5510.696,2000,6237.781,5619.913,2000,5904.891,5529.503,2000,6010.249,5550.96,2000,5993.603,5474.729,2000,5641.472,5403.713,2000,5820.83,5583.513,2000,5972.196,5338.418,2000,5570.408,5546.574,2000,5786.476,5424.193,2000,5733.196,5523.6,2000,6138.783,5608.995,2000,6218.522
5774.714,2000,6082.039,5417.313,2000,5524.029,5909.177,2000,5951.191,5522.665,2000,5734.44,5864.586,2000,6040.393,5495.328,2000,5835.529,5237.021,2000,5770.236,5608.106,2000,5809.16,5511.605,2000,6233.827,5620.498,2000,5908.905,5526.588,2000,6013.07,5547.823,2000,5996.175,5474.212,2000,5637.448,5399.958,2000,5822.365,5587.218,2000,5973.848,5334.442,2000,5571.214,5549.928,2000,5784.193,5421.692,2000,5730.002,5525.486,2000,6135.192,5608.796,2000,6214.47
5772.974,2000,6081.76,5417.694,2000,5522.309,5907.417,2000,5951.112,5523.095,2000,5736.149,5862.828,2000,6040.289,5496.624,2000,5834.335,5237.425,2000,5771.951,5608.83,2000,5810.766,5511.944,2000,6232.098,5620.809,2000,5910.64,5525.283,2000,6014.253,5546.425,2000,5997.247,5474.045,2000,5635.694,5398.349,2000,5823.085,5588.85,2000,5974.512,5332.728,2000,5571.62,5551.374,2000,5783.185,5420.651,2000,5728.581,5526.254,2000,6133.606,5608.767,2000,6212.708
5770.864,2000,6081.493,5418.223,2000,5520.249,5905.296,2000,5950.946,5523.547,2000,5738.228,5860.701,2000,6040.233,5498.234,2000,5832.946,5237.981,2000,5774.004,5609.767,2000,5812.676,5512.284,2000,6229.998,5621.252,2000,5912.72,5523.661,2000,6015.63,5544.695,2000,5998.485,5473.913,2000,5633.571,5396.437,2000,5824.017,5590.846,2000,5975.25,5330.675,2000,5572.178,5553.078,2000,5781.912,5419.452,2000,5726.824,5527.119,2000,6131.662,5608.802,2000,6210.581
5768.522,2000,6081.273,5418.882,2000,5517.991,5902.958,2000,5950.687,5524.122,2000,5740.508,5858.349,2000,6040.248,5500.065,2000,5831.469,5238.669,2000,5776.253,5610.872,2000,5814.752,5512.584,2000,6227.665,5621.818,2000,5915.003,5521.819,2000,6017.092,5542.739,2000,5999.791,5473.844,2000,5631.22,5394.357,2000,5825.116,5593.078,2000,5975.992,5328.427,2000,5572.869,5554.916,2000,5780.444,5418.19,2000,5724.839,5528.003,2000,6129.483,5608.917,2000,6208.232
5766.174,2000,6081.131,5419.614,2000,5515.755,5900.612,2000,5950.503,5524.771,2000,5742.77,5855.997,2000,6040.187,5501.943,2000,5830.052,5239.431,2000,5778.479,5612.044,2000,5816.792,5512.808,2000,6225.323,5622.458,2000,5917.267,5519.929,2000,6018.494,5540.74,2000,6001.032,5473.851,2000,5628.868,5392.314,2000,5826.283,5595.333,2000,5976.662,5326.202,2000,5573.633,5556.717,2000,5778.931,5416.864,2000,5722.896,5528.816,2000,6127.275,5609.109,2000,6205.887
5763.823,2000,6081.065,5420.419,2000,5513.545,5898.263,2000,5950.397,5525.494,2000,5745.008,5853.649,2000,6040.048,5503.867,2000,5828.698,5240.265,2000,5780.679,5613.283,2000,5818.792,5512.955,2000,6222.976,5623.172,2000,5919.508,5517.995,2000,6019.833,5538.703,2000,6002.207,5473.936,2000,5626.517,5390.311,2000,5827.516,5597.609,2000,5977.257,5324.003,2000,5574.47,5558.486,2000,5777.381,5415.475,2000,5720.998,5529.557,2000,6125.042,5609.378,2000,6203.55
5761.473,2000,6081.076,5421.296,2000,5511.364,5895.913,2000,5950.368,5526.289,2000,5747.22,5851.309,2000,6039.833,5505.832,2000,5827.409,5241.17,2000,5782.848,5614.584,2000,5820.749,5513.025,2000,6220.626,5623.958,2000,5921.723,5516.053,2000,6021.156,5536.629,2000,6003.314,5474.097,2000,5624.172,5388.351,2000,5828.813,5599.901,2000,5977.777,5321.835,2000,5575.377,5560.224,2000,5775.798,5414.026,2000,5719.147,5530.223,2000,6122.789,5609.723,2000,6201.226
5759.121,2000,6081.165,5422.244,2000,5509.211,5893.562,2000,5950.261,5527.156,2000,5749.407,5848.959,2000,6039.694,5507.84,2000,5826.183,5242.146,2000,5784.988,5615.951,2000,5822.664,5513.018,2000,6218.273,5624.818,2000,5923.914,5514.105,2000,6022.476,5534.519,2000,6004.354,5474.335,2000,5621.832,5386.432,2000,5830.175,5602.211,2000,5978.222,5319.696,2000,5576.356,5561.933,2000,5774.181,5412.515,2000,5717.343,5530.815,2000,6120.512,5610.145,2000,6198.911
5757.259,2000,6081.295,5423.052,2000,5507.528,5891.701,2000,5950.116,5527.901,2000,5751.119,5847.093,2000,6039.645,5509.464,2000,5825.263,5242.977,2000,5786.661,5617.085,2000,5824.147,5512.952,2000,6216.408,5625.556,2000,5925.628,5512.527,2000,6023.473,5532.817,2000,6005.123,5474.584,2000,5619.981,5384.945,2000,5831.305,5604.055,2000,5978.515,5318.024,2000,5577.188,5563.262,2000,5772.869,5411.271,2000,5715.951,5531.345,2000,6118.721,5610.539,2000,6197.085
5754.88,2000,6081.541,5424.157,2000,5505.407,5889.312,2000,5950.008,5528.927,2000,5753.279,5844.707,2000,6039.504,5511.583,2000,5824.154,5244.109,2000,5788.767,5618.598,2000,5825.998,5512.788,2000,6214.022,5626.573,2000,5927.792,5510.464,2000,6024.682,5530.608,2000,6006.037,5474.981,2000,5617.624,5383.09,2000,5832.813,5606.403,2000,5978.967,5315.92,2000,5578.323,5564.933,2000,5771.159,5409.619,2000,5714.222,5532.097,2000,6116.452,5611.12,2000,6194.766
5751.623,2000,6081.986,5425.77,2000,5502.543,5886.035,2000,5949.752,5530.433,2000,5756.201,5841.42,2000,6039.418,5514.543,2000,5822.725,5245.76,2000,5791.609,5620.761,2000,5828.474,5512.456,2000,6210.752,5628.067,2000,5930.72,5507.576,2000,6026.251,5527.531,2000,6007.194,5475.421,2000,5614.366,5380.473,2000,5834.802,5609.609,2000,5979.694,5313.079,2000,5579.977,5567.171,2000,5768.751,5407.427,2000,5711.772,5533.233,2000,6113.367,5611.813,2000,6191.553
5749.341,2000,6082.374,5426.971,2000,5500.564,5883.722,2000,5949.647,5531.425,2000,5758.292,5839.11,2000,6039.282,5516.659,2000,5821.787,5246.987,2000,5793.572,5622.307,2000,5830.196,5512.147,2000,6208.458,5629.187,2000,5932.746,5505.507,2000,6027.29,5525.338,2000,6007.937,5475.655,2000,5612.063,5378.677,2000,5836.262,5611.848,2000,5980.28,5311.118,2000,5581.206,5568.69,2000,5767.005,5405.94,2000,5709.997,5534.104,2000,6111.222,5612.228,2000,6189.275
5748.19,2000,6082.608,5427.614,2000,5499.581,5882.547,2000,5949.608,5531.894,2000,5759.37,5837.939,2000,6039.175,5517.749,2000,5821.347,5247.643,2000,5794.547,5623.067,2000,5831.092,5511.952,2000,6207.299,5629.788,2000,5933.756,5504.439,2000,6027.782,5524.213,2000,6008.278,5475.736,2000,5610.891,5377.79,2000,5837.033,5612.975,2000,5980.614,5310.143,2000,5581.863,5569.433,2000,5766.093,5405.216,2000,5709.072,5534.582,2000,6110.148,5612.4,2000,6188.113
5745.19,2000,6083.323,5429.383,2000,5497.055,5879.47,2000,5949.405,5533.031,2000,5762.236,5834.879,2000,6038.792,5520.644,2000,5820.285,5249.445,2000,5797.049,5625.03,2000,5833.471,5511.341,2000,6204.276,5631.453,2000,5936.352,5501.599,2000,6028.981,5521.234,2000,6009.075,5475.847,2000,5607.809,5375.529,2000,5839.131,5615.901,2000,5981.588,5307.643,2000,5583.668,5571.326,2000,5763.659,5403.395,2000,5706.583,5535.926,2000,6107.373,5612.753,2000,6185.049
5742.882,2000,6083.793,5430.797,2000,5495.171,5877.126,2000,5949.173,5533.828,2000,5764.453,5832.534,2000,6038.576,5522.88,2000,5819.546,5250.884,2000,5798.915,5626.469,2000,5835.335,5510.8,2000,6201.983,5632.788,2000,5938.292,5499.4,2000,6029.826,5518.94,2000,6009.608,5475.854,2000,5605.453,5373.855,2000,5840.789,5618.111,2000,5982.404,5305.78,2000,5585.109,5572.711,2000,5761.754,5401.943,2000,5704.729,5537.021,2000,6105.287,5612.945,2000,6182.702
5741.196,2000,6084.08,5431.868,2000,5493.837,5875.43,2000,5948.949,5534.353,2000,5766.081,5830.826,2000,6038.476,5524.521,2000,5819.063,5251.972,2000,5800.234,5627.478,2000,5836.717,5510.461,2000,6200.307,5633.804,2000,5939.669,5497.784,2000,6030.387,5517.262,2000,6009.941,5475.804,2000,5603.744,5372.681,2000,5842.032,5619.695,2000,5983.049,5304.461,2000,5586.199,5573.67,2000,5760.338,5400.845,2000,5703.417,5537.866,2000,6103.8,5613.029,2000,6180.993
5738.438,2000,6084.457,5433.681,2000,5491.725,5872.66,2000,5948.675,5535.121,2000,5768.756,5828.043,2000,6038.403,5527.216,2000,5818.366,5253.813,2000,5802.322,5629.081,2000,5838.992,5510,2000,6197.562,5635.529,2000,5941.854,5495.126,2000,6031.213,5514.516,2000,6010.394,5475.63,2000,5600.965,5370.836,2000,5844.116,5622.237,2000,5984.183,5302.375,2000,5588.042,5575.156,2000,5757.984,5398.989,2000,5701.343,5539.319,2000,6101.426,5613.257,2000,6178.219
5735.883,2000,6084.72,5435.417,2000,5489.832,5870.098,2000,5948.506,5535.749,2000,5771.247,5825.476,2000,6038.419,5529.722,2000,5817.804,5255.573,2000,5804.191,5630.504,2000,5841.13,5509.657,2000,6195.017,5637.185,2000,5943.816,5492.65,2000,6031.895,5511.969,2000,6010.728,5475.387,2000,5598.409,5369.198,2000,5846.094,5624.547,2000,5985.305,5300.507,2000,5589.804,5576.455,2000,5755.769,5397.215,2000,5699.486,5540.731,2000,6099.28,5613.55,2000,6175.667
5733.535,2000,6084.885,5437.063,2000,5488.15,5867.745,2000,5948.428,5536.249,2000,5773.547,5823.122,2000,6038.466,5532.035,2000,5817.364,5257.242,2000,5805.852,5631.872,2000,5843.046,5509.419,2000,6192.674,5638.762,2000,5945.564,5490.361,2000,6032.445,5509.626,2000,6010.957,5475.087,2000,5596.074,5367.637,2000,5847.856,5626.63,2000,5986.402,5298.849,2000,5591.475,5577.711,2000,5753.778,5395.534,2000,5697.838,5542.088,2000,6097.357,5613.896,2000,6173.339
5731.182,2000,6084.974,5438.765,2000,5486.522,5865.39,2000,5948.427,5536.673,2000,5775.863,5820.767,2000,6038.512,5534.362,2000,5817,5258.965,2000,5807.458,5633.302,2000,5844.917,5509.258,2000,6190.325,5640.395,2000,5947.261,5488.055,2000,6032.92,5507.276,2000,6011.11,5474.711,2000,5593.749,5366.02,2000,5849.568,5628.677,2000,5987.567,5297.245,2000,5593.199,5579.032,2000,5751.829,5393.799,2000,5696.245,5543.508,2000,6095.479,5614.317,2000,6171.022
5728.998,2000,6084.998,5440.392,2000,5485.065,5863.207,2000,5948.498,5536.997,2000,5778.023,5818.584,2000,6038.556,5536.529,2000,5816.732,5260.61,2000,5808.893,5634.685,2000,5846.607,5509.18,2000,6188.143,5641.96,2000,5948.783,5485.903,2000,6033.291,5505.094,2000,6011.18,5474.292,2000,5591.606,5364.468,2000,5851.104,5630.538,2000,5988.709,5295.812,2000,5594.846,5580.316,2000,5750.062,5392.144,2000,5694.822,5544.881,2000,6093.781,5614.778,2000,6168.888
5727.389,2000,6085.013,5441.625,2000,5484.031,5861.599,2000,5948.563,5537.183,2000,5779.621,5816.976,2000,6038.595,5538.131,2000,5816.588,5261.857,2000,5809.911,5635.743,2000,5847.818,5509.175,2000,6186.534,5643.15,2000,5949.867,5484.309,2000,6033.511,5503.485,2000,6011.179,5473.932,2000,5590.038,5363.289,2000,5852.199,5631.881,2000,5989.595,5294.795,2000,5596.094,5581.304,2000,5748.792,5390.89,2000,5693.813,5545.934,2000,6092.563,5615.169,2000,6167.327
5724.115,2000,6085.076,5444.201,2000,5482.01,5858.327,2000,5948.676,5537.455,2000,5782.884,5813.702,2000,6038.681,5541.4,2000,5816.401,5264.46,2000,5811.897,5637.978,2000,5850.212,5509.272,2000,6183.261,5645.641,2000,5951.991,5481.053,2000,6033.854,5500.212,2000,6011.07,5473.094,2000,5586.872,5360.817,2000,5854.346,5634.554,2000,5991.486,5292.812,2000,5598.699,5583.398,2000,5746.275,5388.272,2000,5691.846,5548.155,2000,6090.158,5616.068,2000,6164.179
5721.76,2000,6085.121,5446.101,2000,5480.618,5855.973,2000,5948.772,5537.573,2000,5785.236,5811.348,2000,6038.749,5543.755,2000,5816.344,5266.284,2000,5813.387,5639.64,2000,5851.88,5509.419,2000,6180.911,5647.482,2000,5953.46,5478.707,2000,6034.059,5497.862,2000,6010.915,5472.471,2000,5584.601,5359.091,2000,5855.948,5636.431,2000,5992.908,5291.447,2000,5600.618,5584.949,2000,5744.502,5386.345,2000,5690.493,5549.808,2000,6088.48,5616.64,2000,6161.894
5719.406,2000,6085.173,5447.954,2000,5479.165,5853.621,2000,5948.875,5537.615,2000,5787.591,5808.994,2000,6038.824,5546.11,2000,5816.363,5268.059,2000,5814.936,5641.356,2000,5853.493,5509.643,2000,6178.566,5649.37,2000,5954.868,5476.367,2000,6034.324,5495.519,2000,6010.683,5471.923,2000,5582.311,5357.418,2000,5857.605,5638.26,2000,5994.391,5290.146,2000,5602.581,5586.449,2000,5742.687,5384.374,2000,5689.204,5551.515,2000,6086.858,5617.287,2000,6159.63
5717.049,2000,6085.148,5449.759,2000,5477.65,5851.267,2000,5948.985,5537.58,2000,5789.947,5806.639,2000,6038.907,5548.465,2000,5816.46,5269.783,2000,5816.542,5643.125,2000,5855.05,5509.943,2000,6176.229,5651.305,2000,5956.214,5474.033,2000,6034.653,5493.183,2000,6010.375,5471.45,2000,5580.002,5355.799,2000,5859.318,5640.042,2000,5995.935,5288.908,2000,5604.587,5587.901,2000,5740.831,5382.36,2000,5687.979,5553.276,2000,6085.292,5618.008,2000,6157.386
5714.695,2000,6085.046,5451.514,2000,5476.078,5848.913,2000,5949.104,5537.468,2000,5792.301,5804.283,2000,6038.957,5550.815,2000,5816.634,5271.453,2000,5818.205,5644.944,2000,5856.548,5510.32,2000,6173.903,5653.282,2000,5957.496,5471.709,2000,6035.045,5490.858,2000,6009.99,5471.052,2000,5577.679,5354.237,2000,5861.083,5641.771,2000,5997.535,5287.737,2000,5606.632,5589.307,2000,5738.94,5380.308,2000,5686.822,5555.087,2000,6083.784,5618.802,2000,6155.167
5712.344,2000,6084.893,5453.216,2000,5474.45,5846.559,2000,5949.192,5537.278,2000,5794.649,5801.927,2000,6038.974,5553.157,2000,5816.884,5273.068,2000,5819.92,5646.81,2000,5857.986,5510.773,2000,6171.591,5655.299,2000,5958.712,5469.397,2000,6035.5,5488.548,2000,6009.529,5470.731,2000,5575.345,5352.734,2000,5862.897,5643.447,2000,5999.191,5286.634,2000,5608.713,5590.667,2000,5737.017,5378.22,2000,5685.732,5556.946,2000,6082.337,5619.667,2000,6152.977
5709.993,2000,6084.718,5454.865,2000,5472.765,5844.202,2000,5949.249,5537.012,2000,5796.991,5799.57,2000,6038.95,5555.492,2000,5817.211,5274.627,2000,5821.688,5648.724,2000,5859.362,5511.301,2000,6169.293,5657.357,2000,5959.862,5467.098,2000,6036.02,5486.252,2000,6008.993,5470.486,2000,5573,5351.29,2000,5864.761,5645.069,2000,6000.902,5285.599,2000,5610.832,5591.984,2000,5735.062,5376.167,2000,5684.573,5558.852,2000,6080.95,5620.605,2000,6150.813
5707.638,2000,6084.62,5456.458,2000,5471.027,5841.845,2000,5949.268,5536.669,2000,5799.324,5797.213,2000,6038.901,5557.814,2000,5817.615,5276.127,2000,5823.507,5650.682,2000,5860.675,5511.905,2000,6167.015,5659.451,2000,5960.945,5464.816,2000,6036.614,5483.975,2000,6008.381,5470.318,2000,5570.649,5349.908,2000,5866.671,5646.634,2000,6002.665,5284.634,2000,5612.982,5593.261,2000,5733.079,5374.152,2000,5683.348,5560.712,2000,6079.502,5621.613,2000,6148.682
5705.29,2000,6084.445,5457.992,2000,5469.241,5839.491,2000,5949.262,5536.251,2000,5801.641,5794.859,2000,6038.872,5560.12,2000,5818.093,5277.565,2000,5825.371,5652.679,2000,5861.922,5512.582,2000,6164.76,5661.577,2000,5961.957,5462.559,2000,6037.282,5481.723,2000,6007.697,5470.228,2000,5568.296,5348.591,2000,5868.622,5648.138,2000,6004.476,5283.741,2000,5615.161,5594.495,2000,5731.075,5372.182,2000,5682.06,5562.521,2000,6077.996,5622.688,2000,6146.588
5702.934,2000,6084.347,5459.468,2000,5467.402,5837.133,2000,5949.277,5535.756,2000,5803.946,5792.502,2000,6038.793,5562.411,2000,5818.648,5278.944,2000,5827.284,5654.719,2000,5863.104,5513.333,2000,6162.525,5663.738,2000,5962.9,5460.321,2000,6038.024,5479.49,2000,6006.938,5470.214,2000,5565.938,5347.337,2000,5870.619,5649.585,2000,6006.338,5282.918,2000,5617.371,5595.693,2000,5729.044,5370.252,2000,5680.705,5564.283,2000,6076.428,5623.834,2000,6144.527
5700.576,2000,6084.326,5460.884,2000,5465.516,5834.775,2000,5949.245,5535.187,2000,5806.234,5790.145,2000,6038.763,5564.684,2000,5819.277,5280.259,2000,5829.242,5656.797,2000,5864.22,5514.157,2000,6160.315,5665.929,2000,5963.772,5458.108,2000,6038.839,5477.284,2000,6006.106,5470.277,2000,5563.581,5346.148,2000,5872.655,5650.97,2000,6008.247,5282.023,2000,5619.553,5596.855,2000,5726.992,5368.278,2000,5679.415,5565.992,2000,6074.804,5625.046,2000,6142.504
5698.22,2000,6084.382,5462.236,2000,5463.586,5832.418,2000,5949.261,5534.542,2000,5808.501,5787.788,2000,6038.748,5566.933,2000,5819.98,5281.509,2000,5831.24,5658.909,2000,5865.266,5514.908,2000,6158.081,5668.146,2000,5964.572,5455.924,2000,6039.726,5475.106,2000,6005.204,5470.417,2000,5561.228,5345.028,2000,5874.729,5652.292,2000,6010.198,5281.059,2000,5621.703,5597.949,2000,5724.904,5366.265,2000,5678.19,5567.647,2000,6073.125,5626.324,2000,6140.523
5696.04,2000,6084.505,5463.43,2000,5461.757,5830.235,2000,5949.204,5533.877,2000,5810.582,5785.604,2000,6038.806,5568.995,2000,5820.7,5282.605,2000,5833.128,5660.896,2000,5866.171,5515.536,2000,6155.989,5670.223,2000,5965.245,5453.929,2000,6040.613,5473.118,2000,6004.301,5470.619,2000,5559.054,5344.053,2000,5876.683,5653.456,2000,6012.046,5280.1,2000,5623.665,5599.025,2000,5723.003,5364.363,2000,5677.117,5569.128,2000,6071.521,5627.566,2000,6138.728
5694.435,2000,6084.648,5464.266,2000,5460.38,5828.624,2000,5949.215,5533.337,2000,5812.099,5783.994,2000,6038.843,5570.533,2000,5821.18,5283.369,2000,5834.547,5662.384,2000,5866.79,5516.049,2000,6154.462,5671.771,2000,5965.691,5452.479,2000,6041.316,5471.673,2000,6003.588,5470.819,2000,5557.455,5343.381,2000,5878.147,5654.27,2000,6013.436,5279.346,2000,5625.088,5599.865,2000,5721.628,5362.935,2000,5676.372,5570.182,2000,6070.302,5628.526,2000,6137.434
5691.009,2000,6085.068,5465.96,2000,5457.373,5825.175,2000,5949.341,5532.073,2000,5815.311,5780.547,2000,6039.021,5573.859,2000,5822.102,5284.903,2000,5837.639,5665.612,2000,5868.011,5517.255,2000,6151.229,5675.117,2000,5966.539,5449.424,2000,6042.921,5468.63,2000,6001.959,5471.361,2000,5554.046,5342.045,2000,5881.33,5655.916,2000,6016.47,5277.631,2000,5628.083,5601.758,2000,5718.743,5359.824,2000,5674.876,5572.353,2000,6067.618,5630.671,2000,6134.73
5687.942,2000,6085.546,5467.394,2000,5454.62,5822.077,2000,5949.546,5530.842,2000,5818.161,5777.454,2000,6039.278,5576.876,2000,5822.832,5286.191,2000,5840.463,5668.55,2000,5869.014,5518.435,2000,6148.357,5678.149,2000,5967.202,5446.725,2000,6044.455,5465.943,2000,6000.406,5471.949,2000,5550.998,5340.938,2000,5884.23,5657.484,2000,6019.149,5276.001,2000,5630.726,5603.545,2000,5716.204,5356.984,2000,5673.623,5574.225,2000,6065.142,5632.68,2000,6132.363
5686.785,2000,6085.766,5467.904,2000,5453.558,5820.905,2000,5949.663,5530.34,2000,5819.226,5776.277,2000,6039.337,5578.029,2000,5823.071,5286.645,2000,5841.55,5669.676,2000,5869.358,5518.918,2000,6147.283,5679.308,2000,5967.416,5445.72,2000,6045.069,5464.943,2000,5999.784,5472.21,2000,5549.85,5340.555,2000,5885.344,5658.112,2000,6020.146,5275.35,2000,5631.707,5604.254,2000,5715.264,5355.892,2000,5673.183,5574.904,2000,6064.18,5633.471,2000,6131.491
5684.669,2000,6086.239,5468.777,2000,5451.574,5818.743,2000,5949.819,5529.352,2000,5821.156,5774.11,2000,6039.375,5580.165,2000,5823.442,5287.414,2000,5843.577,5671.77,2000,5869.923,5519.871,2000,6145.335,5681.451,2000,5967.739,5443.909,2000,6046.261,5463.141,2000,5998.579,5472.759,2000,5547.752,5339.916,2000,5887.416,5659.327,2000,6021.941,5274.094,2000,5633.474,5605.616,2000,5713.577,5353.855,2000,5672.439,5576.095,2000,6062.369,5634.979,2000,6129.933
5681.95,2000,6086.941,5469.824,2000,5448.969,5815.938,2000,5949.929,5527.992,2000,5823.612,5771.302,2000,6039.332,5582.946,2000,5823.832,5288.323,2000,5846.234,5674.503,2000,5870.565,5521.188,2000,6142.855,5684.23,2000,5968.144,5441.615,2000,6047.881,5460.859,2000,5996.942,5473.558,2000,5545.061,5339.177,2000,5890.125,5660.977,2000,6024.214,5272.393,2000,5635.708,5607.449,2000,5711.45,5351.188,2000,5671.563,5577.561,2000,6059.974,5636.996,2000,6127.98
5679.688,2000,6087.606,5470.631,2000,5446.753,5813.579,2000,5949.945,5526.782,2000,5825.636,5768.944,2000,6039.373,5585.291,2000,5824.083,5289.014,2000,5848.489,5676.815,2000,5871.03,5522.361,2000,6140.809,5686.563,2000,5968.489,5439.734,2000,6049.304,5458.989,2000,5995.505,5474.303,2000,5542.823,5338.63,2000,5892.419,5662.423,2000,6026.076,5270.903,2000,5637.536,5609.047,2000,5709.715,5348.924,2000,5670.901,5578.726,2000,6057.923,5638.744,2000,6126.396
5677.448,2000,6088.344,5471.366,2000,5444.512,5811.222,2000,5949.883,5525.507,2000,5827.62,5766.589,2000,6039.491,5587.643,2000,5824.256,5289.63,2000,5850.765,5679.142,2000,5871.418,5523.6,2000,6138.803,5688.896,2000,5968.838,5437.901,2000,6050.787,5457.167,2000,5994.008,5475.121,2000,5540.611,5338.16,2000,5894.73,5663.931,2000,6027.89,5269.354,2000,5639.315,5610.701,2000,5708.034,5346.64,2000,5670.313,5579.822,2000,6055.835,5640.542,2000,6124.871
5675.232,2000,6089.155,5472.026,2000,5442.247,5808.862,2000,5949.899,5524.167,2000,5829.562,5764.238,2000,6039.686,5590,2000,5824.353,5290.171,2000,5853.062,5681.48,2000,5871.73,5524.905,2000,6136.837,5691.228,2000,5969.19,5436.116,2000,6052.33,5455.394,2000,5992.452,5476.011,2000,5538.426,5337.765,2000,5897.056,5665.497,2000,6029.654,5267.748,2000,5641.042,5612.409,2000,5706.407,5344.337,2000,5669.801,5580.851,2000,6053.711,5642.39,2000,6123.404
5673.046,2000,6090.038,5472.612,2000,5439.963,5806.506,2000,5949.992,5522.765,2000,5831.458,5761.896,2000,6039.958,5592.358,2000,5824.373,5290.637,2000,5855.373,5683.826,2000,5871.965,5526.272,2000,6134.917,5693.559,2000,5969.546,5434.384,2000,6053.93,5453.673,2000,5990.839,5476.972,2000,5536.272,5337.446,2000,5899.392,5667.119,2000,6031.365,5266.087,2000,5642.716,5614.169,2000,5704.837,5342.02,2000,5669.364,5581.808,2000,6051.557,5644.284,2000,6122
5670.889,2000,6090.992,5473.124,2000,5437.66,5804.153,2000,5950.162,5521.301,2000,5833.308,5759.563,2000,6040.307,5594.717,2000,5824.315,5291.027,2000,5857.7,5686.18,2000,5872.124,5527.703,2000,6133.041,5695.901,2000,5969.825,5432.705,2000,6055.586,5452.006,2000,5989.17,5478.002,2000,5534.15,5337.204,2000,5901.738,5668.797,2000,6033.023,5264.371,2000,5644.334,5615.98,2000,5703.326,5339.689,2000,5669.002,5582.695,2000,6049.371,5646.224,2000,6120.657
5668.764,2000,6092.017,5473.559,2000,5435.342,5801.808,2000,5950.408,5519.778,2000,5835.108,5757.243,2000,6040.731,5597.072,2000,5824.18,5291.341,2000,5860.037,5688.537,2000,5872.205,5529.194,2000,6131.213,5698.251,2000,5970.027,5431.08,2000,6057.296,5450.395,2000,5987.448,5479.102,2000,5532.064,5337.039,2000,5904.091,5670.528,2000,6034.625,5262.604,2000,5645.896,5617.839,2000,5701.875,5337.348,2000,5668.718,5583.51,2000,6047.158,5648.206,2000,6119.378
5666.967,2000,6092.957,5473.868,2000,5433.338,5799.798,2000,5950.687,5518.418,2000,5836.613,5755.261,2000,6041.162,5599.092,2000,5823.998,5291.545,2000,5862.055,5690.565,2000,5872.208,5530.527,2000,6129.685,5700.277,2000,5970.135,5429.732,2000,6058.812,5449.058,2000,5985.923,5480.106,2000,5530.302,5336.963,2000,5906.118,5672.061,2000,6035.954,5261.041,2000,5647.188,5619.478,2000,5700.679,5335.327,2000,5668.539,5584.148,2000,6045.232,5649.946,2000,6118.335
5665.223,2000,6093.943,5474.108,2000,5431.349,5797.824,2000,5951.026,5517.027,2000,5838.055,5753.318,2000,6041.65,5601.08,2000,5823.753,5291.682,2000,5864.054,5692.568,2000,5872.146,5531.892,2000,6128.218,5702.28,2000,5970.176,5428.45,2000,6060.352,5447.788,2000,5984.374,5481.154,2000,5528.594,5336.954,2000,5908.122,5673.617,2000,6037.215,5259.456,2000,5648.414,5621.135,2000,5699.552,5333.327,2000,5668.428,5584.716,2000,6043.311,5651.697,2000,6117.362
5662.623,2000,6095.527,5474.375,2000,5428.315,5794.808,2000,5951.443,5514.842,2000,5840.175,5750.392,2000,6042.49,5604.088,2000,5823.282,5291.789,2000,5867.097,5695.606,2000,5871.952,5534.039,2000,6126.059,5705.325,2000,5970.138,5426.58,2000,6062.754,5445.935,2000,5981.957,5482.831,2000,5526.053,5337.04,2000,5911.166,5676.044,2000,6039.054,5256.987,2000,5650.197,5623.707,2000,5697.923,5330.283,2000,5668.358,5585.483,2000,6040.364,5654.406,2000,6115.971
5660.795,2000,6096.725,5474.494,2000,5426.133,5792.634,2000,5951.672,5513.225,2000,5841.645,5748.312,2000,6043.161,5606.235,2000,5822.876,5291.794,2000,5869.282,5697.781,2000,5871.742,5535.629,2000,6124.56,5707.508,2000,5970.04,5425.294,2000,6064.521,5444.663,2000,5980.18,5484.093,2000,5524.269,5337.172,2000,5913.347,5677.828,2000,6040.316,5255.174,2000,5651.417,5625.59,2000,5696.814,5328.098,2000,5668.38,5585.964,2000,6038.232,5656.381,2000,6115.037
5659.475,2000,6097.653,5474.53,2000,5424.52,5791.025,2000,5951.788,5511.996,2000,5842.69,5746.793,2000,6043.706,5607.817,2000,5822.557,5291.746,2000,5870.895,5699.381,2000,5871.534,5536.839,2000,6123.493,5709.117,2000,5969.914,5424.389,2000,6065.857,5443.767,2000,5978.838,5485.067,2000,5522.983,5337.323,2000,5914.953,5679.175,2000,6041.205,5253.807,2000,5652.274,5627.007,2000,5696.042,5326.485,2000,5668.449,5586.268,2000,6036.647,5657.862,2000,6114.396
5656.719,2000,6099.729,5474.493,2000,5421.07,5787.577,2000,5951.924,5509.296,2000,5844.839,5743.586,2000,6044.978,5611.193,2000,5821.847,5291.529,2000,5874.339,5702.787,2000,5870.978,5539.5,2000,6121.296,5712.546,2000,5969.534,5422.546,2000,6068.774,5441.946,2000,5975.907,5487.241,2000,5520.303,5337.758,2000,5918.376,5682.116,2000,6043.009,5250.825,2000,5654.01,5630.088,2000,5694.49,5323.045,2000,5668.708,5586.806,2000,6033.239,5661.071,2000,6113.127
5654.299,2000,6101.679,5474.562,2000,5417.963,5784.47,2000,5951.944,5506.929,2000,5846.853,5740.736,2000,6046.217,5614.254,2000,5821.308,5291.232,2000,5877.432,5705.835,2000,5870.376,5541.959,2000,6119.397,5715.622,2000,5969.09,5420.974,2000,6071.455,5440.394,2000,5973.215,5489.118,2000,5517.826,5338.25,2000,5921.444,5684.816,2000,6044.546,5248.09,2000,5655.485,5632.908,2000,5693.184,5319.956,2000,5669.044,5587.189,2000,6030.156,5663.997,2000,6112.081
5653.406,2000,6102.448,5474.626,2000,5416.786,5783.291,2000,5951.914,5506.057,2000,5847.646,5739.671,2000,6046.722,5615.421,2000,5821.142,5291.081,2000,5878.602,5706.984,2000,5870.111,5542.868,2000,6118.646,5716.783,2000,5968.884,5420.344,2000,6072.452,5439.772,2000,5972.213,5489.799,2000,5516.864,5338.475,2000,5922.602,5685.859,2000,6045.096,5247.034,2000,5656.01,5633.994,2000,5692.724,5318.788,2000,5669.209,5587.297,2000,6028.981,5665.119,2000,6111.72
5651.808,2000,6103.918,5474.816,2000,5414.624,5781.124,2000,5951.786,5504.499,2000,5849.158,5737.741,2000,6047.716,5617.58,2000,5820.906,5290.733,2000,5880.744,5709.083,2000,5869.553,5544.496,2000,6117.21,5718.907,2000,5968.434,5419.125,2000,6074.248,5438.567,2000,5970.408,5490.994,2000,5515.052,5338.958,2000,5924.718,5687.812,2000,6046.044,5245.06,2000,5656.914,5636.019,2000,5691.942,5316.65,2000,5669.584,5587.423,2000,6026.814,5667.207,2000,6111.124
5649.311,2000,6106.069,5475.211,2000,5411.351,5777.842,2000,5951.485,5502.209,2000,5851.529,5734.861,2000,6049.32,5620.866,2000,5820.655,5290.098,2000,5883.979,5712.238,2000,5868.602,5546.895,2000,6114.95,5722.107,2000,5967.646,5417.187,2000,6076.914,5436.648,2000,5967.728,5492.718,2000,5512.243,5339.796,2000,5927.906,5690.822,2000,6047.387,5242.02,2000,5658.186,5639.131,2000,5690.856,5313.424,2000,5670.259,5587.723,2000,6023.532,5670.404,2000,6110.323
5647.311,2000,6107.68,5475.603,2000,5408.813,5775.293,2000,5951.167,5500.487,2000,5853.435,5732.66,2000,6050.643,5623.419,2000,5820.375,5289.521,2000,5886.481,5714.671,2000,5867.78,5548.706,2000,6113.128,5724.58,2000,5966.951,5415.609,2000,6078.94,5435.086,2000,5965.689,5493.989,2000,5510.011,5340.53,2000,5930.367,5693.201,2000,6048.355,5239.619,2000,5659.1,5641.583,2000,5690.09,5310.929,2000,5670.867,5588.04,2000,6020.984,5672.914,2000,6109.781
5645.97,2000,6108.835,5475.929,2000,5407.073,5773.545,2000,5950.89,5499.344,2000,5854.786,5731.173,2000,6051.604,5625.171,2000,5820.125,5289.068,2000,5888.192,5716.33,2000,5867.16,5549.912,2000,6111.833,5726.267,2000,5966.416,5414.477,2000,6080.301,5433.963,2000,5964.32,5494.814,2000,5508.445,5341.092,2000,5932.046,5694.861,2000,6048.969,5237.945,2000,5659.675,5643.289,2000,5689.618,5309.223,2000,5671.342,5588.316,2000,6019.235,5674.656,2000,6109.464
5644.312,2000,6110.361,5476.417,2000,5404.874,5771.333,2000,5950.465,5497.946,2000,5856.553,5729.322,2000,6052.888,5627.39,2000,5819.734,5288.419,2000,5890.35,5718.413,2000,5866.301,5551.393,2000,6110.134,5728.392,2000,5965.666,5412.979,2000,6081.984,5432.593,2000,5962.532,5495.799,2000,5506.418,5341.736,2000,5934.205,5696.999,2000,6049.68,5235.791,2000,5660.336,5645.479,2000,5689.088,5307.074,2000,5672.018,5588.74,2000,6017.022,5676.884,2000,6109.133
5642.628,2000,6112.014,5477.004,2000,5402.588,5769.002,2000,5950.096,5496.543,2000,5858.45,5727.429,2000,6054.296,5629.699,2000,5819.249,5287.667,2000,5892.586,5720.563,2000,5865.331,5552.884,2000,6108.306,5730.589,2000,5964.807,5411.354,2000,6083.695,5431.219,2000,5960.614,5496.76,2000,5504.264,5342.336,2000,5936.487,5699.261,2000,6050.352,5233.514,2000,5660.956,5647.789,2000,5688.608,5304.847,2000,5672.798,5589.259,2000,6014.721,5679.229,2000,6108.864
5640.999,2000,6113.723,5477.665,2000,5400.322,5766.659,2000,5949.804,5495.202,2000,5860.393,5725.581,2000,6055.766,5631.993,2000,5818.688,5286.84,2000,5894.798,5722.683,2000,5864.291,5554.316,2000,6106.428,5732.759,2000,5963.877,5409.786,2000,6085.459,5429.909,2000,5958.65,5497.65,2000,5502.077,5342.861,2000,5938.789,5701.545,2000,6050.949,5231.217,2000,5661.5,5650.115,2000,5688.205,5302.646,2000,5673.652,5589.854,2000,6012.436,5681.582,2000,6108.671
5639.427,2000,6115.483,5478.4,2000,5398.078,5764.308,2000,5949.588,5493.926,2000,5862.378,5723.783,2000,6057.295,5634.266,2000,5818.053,5285.942,2000,5896.981,5724.767,2000,5863.181,5555.686,2000,6104.505,5734.897,2000,5962.876,5408.275,2000,6087.274,5428.663,2000,5956.645,5498.469,2000,5499.863,5343.311,2000,5941.106,5703.848,2000,6051.471,5228.903,2000,5661.969,5652.453,2000,5687.877,5300.474,2000,5674.577,5590.523,2000,6010.172,5683.939,2000,6108.555
5637.915,2000,6117.292,5479.207,2000,5395.863,5761.954,2000,5949.449,5492.646,2000,5864.359,5722.037,2000,6058.88,5636.515,2000,5817.344,5284.975,2000,5899.132,5726.811,2000,5862.006,5556.99,2000,6102.541,5736.999,2000,5961.807,5406.827,2000,6089.135,5427.485,2000,5954.603,5499.247,2000,5497.637,5343.685,2000,5943.434,5706.163,2000,6051.917,5226.578,2000,5662.361,5654.797,2000,5687.626,5298.336,2000,5675.571,5591.265,2000,6007.934,5686.297,2000,6108.517
5636.461,2000,6119.152,5480.03,2000,5393.651,5759.595,2000,5949.388,5491.327,2000,5866.315,5720.343,2000,6060.523,5638.742,2000,5816.562,5283.936,2000,5901.251,5728.817,2000,5860.763,5558.23,2000,6100.533,5739.066,2000,5960.669,5405.439,2000,6091.043,5426.374,2000,5952.521,5500.098,2000,5495.436,5343.982,2000,5945.775,5708.494,2000,6052.288,5224.239,2000,5662.678,5657.151,2000,5687.453,5296.23,2000,5676.635,5592.081,2000,6005.719,5688.657,2000,6108.555
5635.069,2000,6121.059,5480.925,2000,5391.466,5757.234,2000,5949.403,5489.943,2000,5868.229,5718.703,2000,6062.222,5640.942,2000,5815.706,5282.829,2000,5903.336,5730.782,2000,5859.455,5559.404,2000,6098.485,5741.096,2000,5959.463,5404.114,2000,6092.997,5425.33,2000,5950.402,5500.967,2000,5493.24,5344.203,2000,5948.126,5710.836,2000,6052.582,5221.891,2000,5662.917,5659.51,2000,5687.355,5294.159,2000,5677.769,5592.968,2000,6003.532,5691.015,2000,6108.671
5634.015,2000,6122.606,5481.66,2000,5389.744,5755.363,2000,5949.477,5488.797,2000,5869.71,5717.447,2000,6063.61,5642.665,2000,5814.971,5281.896,2000,5904.96,5732.306,2000,5858.367,5560.282,2000,6096.831,5742.674,2000,5958.455,5403.114,2000,6094.58,5424.558,2000,5948.696,5501.712,2000,5491.522,5344.316,2000,5949.995,5712.701,2000,6052.754,5220.022,2000,5663.047,5661.382,2000,5687.34,5292.547,2000,5678.721,5593.729,2000,6001.821,5692.881,2000,6108.824
5632.729,2000,6124.633,5482.663,2000,5387.563,5752.969,2000,5949.65,5487.267,2000,5871.559,5715.896,2000,6065.442,5644.84,2000,5813.957,5280.634,2000,5907.001,5734.213,2000,5856.909,5561.337,2000,6094.675,5744.653,2000,5957.097,5401.899,2000,6096.65,5423.641,2000,5946.479,5502.703,2000,5489.336,5344.384,2000,5952.395,5715.097,2000,6052.897,5217.624,2000,5663.134,5663.782,2000,5687.398,5290.521,2000,5680.008,5594.775,2000,5999.661,5695.265,2000,6109.098
5631.056,2000,6127.472,5484.07,2000,5384.583,5749.691,2000,5949.995,5485.25,2000,5874.166,5713.851,2000,6068.026,5647.78,2000,5812.467,5278.81,2000,5909.747,5736.814,2000,5854.885,5562.688,2000,6091.669,5747.43,2000,5955.322,5400.326,2000,6099.546,5422.481,2000,5943.394,5504.128,2000,5486.364,5344.369,2000,5955.69,5718.392,2000,6052.985,5214.328,2000,5663.146,5667.072,2000,5687.586,5287.799,2000,5681.866,5596.284,2000,5996.73,5698.525,2000,6109.582
5629.944,2000,6129.508,5485.123,2000,5382.516,5747.393,2000,5950.313,5483.891,2000,5876.045,5712.471,2000,6069.891,5649.814,2000,5811.352,5277.463,2000,5911.636,5738.688,2000,5853.518,5563.57,2000,6089.523,5749.425,2000,5954.138,5399.285,2000,6101.619,5421.736,2000,5941.196,5505.168,2000,5484.29,5344.282,2000,5958.009,5720.711,2000,6052.971,5212.009,2000,5663.079,5669.383,2000,5687.794,5285.927,2000,5683.236,5597.294,2000,5994.642,5700.808,2000,6109.997
5629.413,2000,6130.562,5485.692,2000,5381.482,5746.23,2000,5950.512,5483.231,2000,5877.023,5711.738,2000,6070.816,5650.829,2000,5810.751,5276.748,2000,5912.573,5739.656,2000,5852.843,5563.982,2000,6088.418,5750.458,2000,5953.569,5398.791,2000,6102.69,5421.395,2000,5940.067,5505.73,2000,5483.253,5344.2,2000,5959.186,5721.89,2000,6052.925,5210.832,2000,5663.006,5670.554,2000,5687.938,5284.999,2000,5683.964,5597.801,2000,5993.577,5701.96,2000,6110.246
5628.11,2000,6133.369,5487.218,2000,5378.791,5743.2,2000,5951.136,5481.586,2000,5879.645,5709.739,2000,6073.178,5653.439,2000,5809.089,5274.791,2000,5914.97,5742.214,2000,5851.102,5564.968,2000,6085.485,5753.216,2000,5952.166,5397.587,2000,6105.541,5420.595,2000,5937.078,5507.273,2000,5480.571,5343.882,2000,5962.264,5724.977,2000,6052.704,5207.751,2000,5662.714,5673.611,2000,5688.417,5282.626,2000,5685.951,5599.038,2000,5990.74,5704.962,2000,6110.998
5627.188,2000,6135.541,5488.445,2000,5376.775,5740.874,2000,5951.536,5480.398,2000,5881.683,5708.156,2000,6074.928,5655.387,2000,5807.757,5273.239,2000,5916.748,5744.207,2000,5849.838,5565.646,2000,6083.225,5755.354,2000,5951.166,5396.74,2000,6107.744,5420.061,2000,5934.78,5508.488,2000,5478.548,5343.563,2000,5964.602,5727.323,2000,6052.458,5205.411,2000,5662.415,5675.929,2000,5688.858,5280.867,2000,5687.524,5599.91,2000,5988.548,5707.231,2000,6111.646
5626.336,2000,6137.743,5489.71,2000,5374.782,5738.536,2000,5951.86,5479.276,2000,5883.761,5706.516,2000,6076.626,5657.291,2000,5806.361,5271.63,2000,5918.475,5746.241,2000,5848.64,5566.25,2000,6080.942,5757.523,2000,5950.235,5395.966,2000,6109.974,5419.601,2000,5932.464,5509.767,2000,5476.563,5343.297,2000,5966.947,5729.662,2000,6052.136,5203.081,2000,5662.039,5678.232,2000,5689.375,5279.16,2000,5689.155,5600.71,2000,5986.327,5709.479,2000,6112.368
5625.558,2000,6139.972,5491.041,2000,5372.831,5736.188,2000,5952.107,5478.223,2000,5885.874,5704.821,2000,6078.27,5659.148,2000,5804.904,5269.964,2000,5920.149,5748.313,2000,5847.509,5566.779,2000,6078.642,5759.723,2000,5949.376,5395.265,2000,6112.228,5419.218,2000,5930.134,5511.084,2000,5474.604,5343.097,2000,5969.3,5731.989,2000,6051.737,5200.763,2000,5661.587,5680.518,2000,5689.967,5277.507,2000,5690.841,5601.438,2000,5984.081,5711.702,2000,6113.164
5624.951,2000,6141.909,5492.225,2000,5371.182,5734.163,2000,5952.253,5477.378,2000,5887.72,5703.318,2000,6079.635,5660.704,2000,5803.599,5268.486,2000,5921.541,5750.126,2000,5846.595,5567.169,2000,6076.649,5761.637,2000,5948.7,5394.726,2000,6114.185,5418.954,2000,5928.122,5512.271,2000,5472.957,5342.979,2000,5971.326,5733.978,2000,6051.329,5198.785,2000,5661.133,5682.465,2000,5690.541,5276.134,2000,5692.336,5602,2000,5982.13,5713.589,2000,6113.91
5624.414,2000,6143.843,5493.449,2000,5369.591,5732.157,2000,5952.332,5476.602,2000,5889.571,5701.789,2000,6080.935,5662.199,2000,5802.259,5266.98,2000,5922.868,5751.947,2000,5845.751,5567.491,2000,6074.667,5763.55,2000,5948.094,5394.256,2000,6116.137,5418.758,2000,5926.124,5513.495,2000,5471.365,5342.906,2000,5973.333,5735.93,2000,6050.861,5196.844,2000,5660.621,5684.372,2000,5691.17,5274.826,2000,5693.858,5602.492,2000,5980.184,5715.431,2000,6114.708
5623.504,2000,6146.749,5495.355,2000,5367.217,5729.112,2000,5952.352,5475.518,2000,5892.416,5699.406,2000,6082.83,5664.398,2000,5800.154,5264.632,2000,5924.806,5754.75,2000,5844.562,5567.879,2000,6071.648,5766.481,2000,5947.27,5393.641,2000,6119.119,5418.56,2000,5923.085,5515.402,2000,5468.992,5342.861,2000,5976.376,5738.866,2000,6050.056,5193.927,2000,5659.748,5687.23,2000,5692.219,5272.917,2000,5696.231,5603.142,2000,5977.209,5718.184,2000,6116.01
5622.726,2000,6148.977,5496.885,2000,5365.42,5726.753,2000,5952.291,5474.75,2000,5894.648,5697.512,2000,6084.238,5666.049,2000,5798.467,5262.763,2000,5926.247,5756.952,2000,5843.711,5568.103,2000,6069.298,5768.773,2000,5946.705,5393.24,2000,6121.445,5418.33,2000,5920.736,5516.931,2000,5467.194,5342.897,2000,5978.736,5741.12,2000,6049.357,5191.689,2000,5658.997,5689.418,2000,5693.104,5271.5,2000,5698.118,5603.569,2000,5974.888,5720.283,2000,6117.088
5622.02,2000,6151.23,5498.467,2000,5363.666,5724.395,2000,5952.152,5474.055,2000,5896.905,5695.571,2000,6085.584,5667.756,2000,5796.834,5260.847,2000,5927.628,5759.182,2000,5842.932,5568.25,2000,6066.941,5771.083,2000,5946.216,5392.916,2000,6123.784,5418.022,2000,5918.395,5518.514,2000,5465.441,5342.986,2000,5981.097,5743.352,2000,6048.584,5189.476,2000,5658.173,5691.635,2000,5693.917,5270.143,2000,5700.051,5603.921,2000,5972.552,5722.348,2000,6118.236
5621.388,2000,6153.504,5500.099,2000,5361.962,5722.045,2000,5951.936,5473.435,2000,5899.182,5693.589,2000,6086.865,5669.513,2000,5795.26,5258.888,2000,5928.944,5761.434,2000,5842.228,5568.321,2000,6064.582,5773.407,2000,5945.803,5392.668,2000,6126.131,5417.639,2000,5916.066,5520.146,2000,5463.736,5343.126,2000,5983.452,5745.556,2000,6047.74,5187.292,2000,5657.278,5693.876,2000,5694.657,5268.852,2000,5702.026,5604.196,2000,5970.208,5724.372,2000,6119.449
5620.876,2000,6155.141,5501.325,2000,5360.763,5720.343,2000,5951.724,5473.038,2000,5900.851,5692.12,2000,6087.749,5670.827,2000,5794.158,5257.497,2000,5929.946,5763.086,2000,5841.77,5568.316,2000,6062.867,5775.104,2000,5945.558,5392.544,2000,6127.841,5417.306,2000,5914.384,5521.371,2000,5462.536,5343.172,2000,5985.166,5747.136,2000,6047.074,5185.728,2000,5656.576,5695.521,2000,5695.141,5267.96,2000,5703.491,5604.452,2000,5968.513,5725.813,2000,6120.378
5619.954,2000,6157.78,5503.373,2000,5358.859,5717.582,2000,5951.287,5472.481,2000,5903.59,5689.677,2000,6089.109,5673.026,2000,5792.432,5255.283,2000,5931.654,5765.803,2000,5841.111,5568.216,2000,6060.073,5777.882,2000,5945.245,5392.433,2000,6130.634,5416.672,2000,5911.661,5523.419,2000,5460.634,5343.156,2000,5987.962,5749.697,2000,6045.954,5183.216,2000,5655.349,5698.228,2000,5695.842,5266.586,2000,5705.926,5604.958,2000,5965.764,5728.111,2000,6121.97
5619.259,2000,6159.577,5504.826,2000,5357.594,5715.689,2000,5950.923,5472.16,2000,5905.49,5687.964,2000,6089.992,5674.58,2000,5791.293,5253.797,2000,5932.88,5767.689,2000,5840.719,5568.21,2000,6058.146,5779.799,2000,5945.053,5392.419,2000,6132.561,5416.174,2000,5909.799,5524.874,2000,5459.37,5343.082,2000,5989.887,5751.47,2000,6045.199,5181.513,2000,5654.447,5700.107,2000,5696.264,5265.695,2000,5707.634,5605.37,2000,5963.881,5729.659,2000,6123.118
5618.167,2000,6162.147,5506.981,2000,5355.818,5712.931,2000,5950.487,5471.784,2000,5908.258,5685.44,2000,6091.188,5676.886,2000,5789.716,5251.702,2000,5934.727,5770.441,2000,5840.24,5568.293,2000,6055.354,5782.581,2000,5944.798,5392.491,2000,6135.354,5415.365,2000,5907.126,5527.028,2000,5457.592,5342.882,2000,5992.673,5754.002,2000,6044.021,5179.089,2000,5653.059,5702.852,2000,5696.786,5264.485,2000,5710.151,5606.054,2000,5961.173,5731.847,2000,6124.854
5617.355,2000,6163.897,5508.51,2000,5354.641,5711.017,2000,5950.248,5471.586,2000,5910.177,5683.671,2000,6091.958,5678.513,2000,5788.68,5250.297,2000,5936.049,5772.33,2000,5839.847,5568.414,2000,6053.429,5784.504,2000,5944.641,5392.604,2000,6137.279,5414.746,2000,5905.299,5528.556,2000,5456.414,5342.682,2000,5994.592,5755.724,2000,6043.151,5177.384,2000,5652.156,5704.757,2000,5697.084,5263.592,2000,5711.862,5606.466,2000,5959.289,5733.318,2000,6126.102
5616.098,2000,6166.39,5510.766,2000,5352.997,5708.236,2000,5949.992,5471.392,2000,5912.962,5681.076,2000,6092.986,5680.916,2000,5787.258,5248.328,2000,5938.028,5775.043,2000,5839.189,5568.68,2000,6050.65,5787.288,2000,5944.429,5392.858,2000,6140.06,5413.763,2000,5902.686,5530.813,2000,5454.771,5342.301,2000,5997.357,5758.173,2000,6041.811,5174.876,2000,5650.93,5707.528,2000,5697.425,5262.22,2000,5714.293,5606.972,2000,5956.543,5735.387,2000,6127.977
5614.864,2000,6168.649,5512.895,2000,5351.55,5705.667,2000,5949.841,5471.297,2000,5915.534,5678.654,2000,6093.856,5683.172,2000,5786.021,5246.573,2000,5939.911,5777.563,2000,5838.666,5569.008,2000,6048.098,5789.854,2000,5944.248,5393.176,2000,6142.613,5412.779,2000,5900.308,5532.942,2000,5453.326,5342.033,2000,5999.917,5760.389,2000,6040.502,5172.528,2000,5649.876,5710.091,2000,5697.656,5261.03,2000,5716.575,5607.521,2000,5954.029,5737.236,2000,6129.767
5613.665,2000,6170.684,5514.891,2000,5350.287,5703.306,2000,5949.779,5471.288,2000,5917.896,5676.406,2000,6094.581,5685.279,2000,5784.954,5245.02,2000,5941.691,5779.89,2000,5838.26,5569.386,2000,6045.766,5792.211,2000,5944.091,5393.545,2000,6144.947,5411.805,2000,5898.155,5534.939,2000,5452.064,5341.865,2000,6002.273,5762.383,2000,6039.235,5170.342,2000,5648.98,5712.45,2000,5697.791,5260.006,2000,5718.704,5607.949,2000,5951.706,5738.879,2000,6131.464
5612.4,2000,6172.679,5516.927,2000,5349.089,5700.944,2000,5949.795,5471.355,2000,5920.257,5674.136,2000,6095.232,5687.42,2000,5783.956,5243.526,2000,5943.521,5782.229,2000,5837.932,5569.84,2000,6043.448,5794.562,2000,5943.858,5393.99,2000,6147.267,5410.761,2000,5896.036,5536.977,2000,5450.868,5341.773,2000,6004.634,5764.334,2000,6037.904,5168.128,2000,5648.156,5714.811,2000,5697.849,5259.052,2000,5720.865,5608.301,2000,5949.37,5740.465,2000,6133.214
5611.071,2000,6174.63,5519,2000,5347.96,5698.585,2000,5949.888,5471.5,2000,5922.613,5671.847,2000,6095.808,5689.591,2000,5783.029,5242.094,2000,5945.397,5784.577,2000,5837.68,5570.369,2000,6041.147,5796.902,2000,5943.548,5394.51,2000,6149.569,5409.649,2000,5893.954,5539.05,2000,5449.74,5341.759,2000,6006.994,5766.239,2000,6036.51,5165.89,2000,5647.406,5717.171,2000,5697.829,5258.17,2000,5723.055,5608.576,2000,5947.025,5741.993,2000,6135.014
5609.688,2000,6176.523,5521.095,2000,5346.906,5696.247,2000,5950.057,5471.72,2000,5924.948,5669.555,2000,6096.306,5691.777,2000,5782.179,5240.733,2000,5947.307,5786.915,2000,5837.506,5570.969,2000,6038.88,5799.216,2000,5943.164,5395.101,2000,6151.838,5408.478,2000,5891.922,5541.146,2000,5448.688,5341.822,2000,6009.338,5768.176,2000,6035.188,5163.644,2000,5646.733,5719.514,2000,5697.733,5257.366,2000,5725.258,5608.772,2000,5944.688,5743.567,2000,6136.751
5608.801,2000,6177.826,5522.525,2000,5346.245,5694.679,2000,5950.222,5471.919,2000,5926.511,5668.005,2000,6096.589,5693.264,2000,5781.657,5239.861,2000,5948.62,5788.49,2000,5837.44,5571.422,2000,6037.37,5800.761,2000,5942.855,5395.548,2000,6153.35,5407.646,2000,5890.583,5542.577,2000,5448.026,5341.916,2000,6010.912,5769.506,2000,6034.343,5162.12,2000,5646.331,5721.086,2000,5697.617,5256.875,2000,5726.755,5608.854,2000,5943.114,5744.664,2000,6137.883
5607.107,2000,6180.496,5525.436,2000,5345.012,5691.547,2000,5950.655,5472.421,2000,5929.633,5664.878,2000,6097.057,5696.279,2000,5780.707,5238.199,2000,5951.309,5791.651,2000,5837.413,5572.43,2000,6034.373,5803.84,2000,5942.135,5396.543,2000,6156.351,5405.891,2000,5887.954,5545.489,2000,5446.795,5342.207,2000,6014.06,5772.229,2000,6032.736,5159.038,2000,5645.625,5724.229,2000,5697.281,5255.987,2000,5729.79,5608.913,2000,5939.953,5746.936,2000,6140.082
5605.907,2000,6182.532,5527.642,2000,5344.162,5689.218,2000,5951.056,5472.873,2000,5931.953,5662.53,2000,6097.329,5698.556,2000,5780.07,5237.022,2000,5953.358,5794.014,2000,5837.47,5573.256,2000,6032.159,5806.123,2000,5941.521,5397.36,2000,6158.568,5404.515,2000,5886.032,5547.695,2000,5445.946,5342.501,2000,6016.405,5774.302,2000,6031.601,5156.718,2000,5645.172,5726.57,2000,5696.953,5255.398,2000,5732.079,5608.879,2000,5937.59,5748.687,2000,6141.669
5605.085,2000,6184.038,5529.262,2000,5343.598,5687.538,2000,5951.401,5473.255,2000,5933.625,5660.821,2000,6097.471,5700.222,2000,5779.663,5236.217,2000,5954.873,5795.727,2000,5837.567,5573.908,2000,6030.572,5807.764,2000,5941.021,5398.006,2000,6160.158,5403.472,2000,5884.67,5549.315,2000,5445.383,5342.771,2000,6018.099,5775.833,2000,6030.827,5155.025,2000,5644.898,5728.26,2000,5696.659,5255.025,2000,5733.753,5608.799,2000,5935.876,5749.995,2000,6142.779
5603.827,2000,6186.532,5531.929,2000,5342.766,5684.821,2000,5952.054,5473.967,2000,5936.327,5658.045,2000,6097.793,5702.956,2000,5779.088,5234.988,2000,5957.382,5798.51,2000,5837.816,5575.053,2000,6028.023,5810.409,2000,5940.121,5399.141,2000,6162.711,5401.7,2000,5882.51,5551.983,2000,5444.552,5343.3,2000,6020.843,5778.367,2000,6029.649,5152.253,2000,5644.544,5730.996,2000,5696.091,5254.507,2000,5736.499,5608.577,2000,5933.091,5752.065,2000,6144.656
5602.744,2000,6188.867,5534.41,2000,5342.08,5682.339,2000,5952.736,5474.704,2000,5938.793,5655.5,2000,6098.174,5705.491,2000,5778.642,5233.932,2000,5959.729,5801.064,2000,5838.13,5576.185,2000,6025.712,5812.816,2000,5939.212,5400.263,2000,6165.027,5400.004,2000,5880.574,5554.464,2000,5443.868,5343.869,2000,6023.353,5780.735,2000,6028.641,5149.691,2000,5644.301,5733.498,2000,5695.486,5254.113,2000,5739.042,5608.289,2000,5930.534,5753.915,2000,6146.446
5602.012,2000,6190.59,5536.23,2000,5341.641,5680.551,2000,5953.292,5475.299,2000,5940.569,5653.658,2000,6098.511,5707.345,2000,5778.378,5233.219,2000,5961.461,5802.914,2000,5838.419,5577.063,2000,6024.058,5814.546,2000,5938.494,5401.134,2000,6166.685,5398.725,2000,5879.207,5556.285,2000,5443.43,5344.343,2000,6025.164,5782.481,2000,6027.964,5147.822,2000,5644.185,5735.302,2000,5694.986,5253.887,2000,5740.901,5608.018,2000,5928.681,5755.217,2000,6147.792
5601.325,2000,6192.367,5538.095,2000,5341.254,5678.751,2000,5953.917,5475.962,2000,5942.354,5651.797,2000,6098.916,5709.238,2000,5778.171,5232.553,2000,5963.246,5804.786,2000,5838.774,5578.01,2000,6022.405,5816.28,2000,5937.707,5402.075,2000,6168.341,5397.379,2000,5877.859,5558.15,2000,5443.044,5344.885,2000,6026.99,5784.279,2000,6027.334,5145.918,2000,5644.13,5737.121,2000,5694.418,5253.719,2000,5742.799,5607.681,2000,5926.806,5756.496,2000,6149.203
5600.304,2000,6195.288,5541.144,2000,5340.727,5675.863,2000,5955.025,5477.134,2000,5945.217,5648.797,2000,6099.67,5712.323,2000,5777.936,5231.566,2000,5966.177,5807.842,2000,5839.252,5579.636,2000,6019.773,5819.137,2000,5936.52,5403.69,2000,6170.979,5395.122,2000,5875.744,5561.199,2000,5442.518,5345.862,2000,6029.925,5787.23,2000,6026.407,5142.825,2000,5644.141,5740.042,2000,5693.399,5253.547,2000,5745.888,5607.035,2000,5923.78,5758.498,2000,6151.562
5599.535,2000,6197.744,5543.693,2000,5340.371,5673.492,2000,5956.026,5478.187,2000,5947.566,5646.323,2000,6100.38,5714.894,2000,5777.824,5230.825,2000,5968.642,5810.397,2000,5839.566,5581.06,2000,6017.629,5821.545,2000,5935.611,5405.105,2000,6173.129,5393.188,2000,5874.046,5563.748,2000,5442.164,5346.755,2000,6032.339,5789.709,2000,6025.716,5140.252,2000,5644.235,5742.443,2000,5692.473,5253.488,2000,5748.461,5606.415,2000,5921.282,5760.098,2000,6153.578
5598.903,2000,6200.02,5546.042,2000,5340.121,5671.346,2000,5957.016,5479.223,2000,5949.689,5644.074,2000,6101.105,5717.256,2000,5777.798,5230.22,2000,5970.926,5812.75,2000,5839.777,5582.431,2000,6015.705,5823.782,2000,5934.85,5406.468,2000,6175.059,5391.362,2000,5872.546,5566.097,2000,5441.915,5347.646,2000,6034.527,5792.005,2000,6025.157,5137.896,2000,5644.398,5744.618,2000,5691.55,5253.512,2000,5750.823,5605.771,2000,5919.009,5761.505,2000,6155.476
5598.347,2000,6202.315,5548.397,2000,5339.948,5669.235,2000,5958.074,5480.328,2000,5951.776,5641.852,2000,6101.903,5719.617,2000,5777.85,5229.689,2000,5973.227,5815.108,2000,5839.911,5583.863,2000,6013.827,5826.041,2000,5934.163,5407.893,2000,6176.942,5389.489,2000,5871.108,5568.453,2000,5441.743,5348.608,2000,6036.684,5794.316,2000,6024.674,5135.546,2000,5644.638,5746.76,2000,5690.558,5253.612,2000,5753.183,5605.054,2000,5916.759,5762.849,2000,6157.417
5597.866,2000,6204.625,5550.755,2000,5339.852,5667.162,2000,5959.201,5481.499,2000,5953.825,5639.658,2000,6102.772,5721.974,2000,5777.979,5229.235,2000,5975.543,5817.467,2000,5839.967,5585.354,2000,6011.998,5828.32,2000,5933.55,5409.377,2000,6178.777,5387.571,2000,5869.732,5570.811,2000,5441.649,5349.639,2000,6038.807,5796.641,2000,6024.267,5133.208,2000,5644.955,5748.868,2000,5689.496,5253.79,2000,5755.536,5604.264,2000,5914.536,5764.127,2000,6159.401
5597.463,2000,6206.937,5553.101,2000,5339.833,5665.137,2000,5960.387,5482.73,2000,5955.823,5637.506,2000,6103.708,5724.311,2000,5778.184,5228.858,2000,5977.859,5819.813,2000,5839.947,5586.896,2000,6010.229,5830.605,2000,5933.015,5410.912,2000,6180.552,5385.621,2000,5868.428,5573.157,2000,5441.632,5350.733,2000,6040.882,5798.964,2000,6023.938,5130.894,2000,5645.345,5750.928,2000,5688.373,5254.043,2000,5757.869,5603.407,2000,5912.352,5765.333,2000,6161.414
5597.244,2000,6208.495,5554.674,2000,5339.873,5663.806,2000,5961.227,5483.599,2000,5957.135,5636.084,2000,6104.382,5725.874,2000,5778.373,5228.657,2000,5979.419,5821.386,2000,5839.882,5587.969,2000,6009.078,5832.148,2000,5932.707,5411.979,2000,6181.708,5384.285,2000,5867.596,5574.73,2000,5441.672,5351.512,2000,6042.25,5800.529,2000,6023.768,5129.352,2000,5645.658,5752.285,2000,5687.574,5254.264,2000,5759.427,5602.836,2000,5910.885,5766.098,2000,6162.789
5596.907,2000,6211.628,5557.82,2000,5340.054,5661.198,2000,5962.995,5485.423,2000,5959.704,5633.283,2000,6105.825,5728.988,2000,5778.853,5228.356,2000,5982.556,5824.528,2000,5839.648,5590.19,2000,6006.843,5835.256,2000,5932.19,5414.192,2000,6183.952,5381.557,2000,5866.02,5577.875,2000,5441.855,5353.16,2000,6044.936,5803.671,2000,6023.531,5126.286,2000,5646.384,5754.946,2000,5685.888,5254.808,2000,5762.53,5601.711,2000,5907.942,5767.538,2000,6165.592
5596.79,2000,6213.198,5559.388,2000,5340.196,5659.925,2000,5963.92,5486.376,2000,5960.957,5631.908,2000,6106.591,5730.535,2000,5779.143,5228.257,2000,5984.127,5826.093,2000,5839.48,5591.335,2000,6005.764,5836.817,2000,5931.983,5415.333,2000,6185.036,5380.169,2000,5865.277,5579.443,2000,5441.998,5354.026,2000,6046.25,5805.244,2000,6023.464,5124.767,2000,5646.797,5756.248,2000,5685.003,5255.13,2000,5764.071,5601.165,2000,5906.466,5768.21,2000,6167.015
5596.658,2000,6216.342,5562.511,2000,5340.582,5657.441,2000,5965.853,5488.363,2000,5963.397,5629.21,2000,6108.212,5733.607,2000,5779.825,5228.162,2000,5987.273,5829.21,2000,5839.042,5593.695,2000,6003.682,5839.949,2000,5931.672,5417.685,2000,6187.127,5377.347,2000,5863.884,5582.566,2000,5442.386,5355.844,2000,6048.818,5808.391,2000,6023.434,5121.758,2000,5647.722,5758.791,2000,5683.148,5255.875,2000,5767.129,5600.089,2000,5903.508,5769.462,2000,6169.902
5596.644,2000,6217.918,5564.068,2000,5340.827,5656.229,2000,5966.861,5489.382,2000,5964.6,5627.886,2000,6109.067,5735.134,2000,5780.216,5228.166,2000,5988.849,5830.763,2000,5838.772,5594.842,2000,6002.601,5841.521,2000,5931.568,5418.896,2000,6188.136,5375.912,2000,5863.232,5584.124,2000,5442.632,5356.796,2000,6050.074,5809.966,2000,6023.47,5120.268,2000,5648.234,5760.033,2000,5682.179,5256.298,2000,5768.647,5599.502,2000,5902.045,5770.042,2000,6171.368
5596.697,2000,6220.163,5566.273,2000,5341.247,5654.551,2000,5968.352,5490.831,2000,5966.314,5626.042,2000,6110.347,5737.29,2000,5780.845,5228.245,2000,5991.093,5832.96,2000,5838.315,5596.425,2000,6001.008,5843.765,2000,5931.493,5420.668,2000,6189.515,5373.838,2000,5862.373,5586.329,2000,5443.054,5358.21,2000,6051.818,5812.208,2000,6023.595,5118.169,2000,5649.032,5761.847,2000,5680.856,5256.971,2000,5770.789,5598.598,2000,5899.991,5770.798,2000,6173.482
5596.873,2000,6223.267,5569.307,2000,5341.929,5652.296,2000,5970.493,5492.837,2000,5968.69,5623.546,2000,6112.202,5740.245,2000,5781.813,5228.457,2000,5994.195,5835.982,2000,5837.583,5598.543,2000,5998.732,5846.875,2000,5931.49,5423.183,2000,6191.343,5370.928,2000,5861.276,5589.362,2000,5443.738,5360.247,2000,6054.168,5815.305,2000,6023.869,5115.301,2000,5650.232,5764.418,2000,5679.107,5258,2000,5773.723,5597.253,2000,5897.187,5771.749,2000,6176.442
5597.017,2000,6224.874,5570.868,2000,5342.334,5651.163,2000,5971.641,5493.875,2000,5969.924,5622.284,2000,6113.206,5741.76,2000,5782.364,5228.619,2000,5995.799,5837.537,2000,5837.152,5599.603,2000,5997.517,5848.486,2000,5931.541,5424.517,2000,6192.249,5369.401,2000,5860.757,5590.922,2000,5444.144,5361.342,2000,6055.352,5816.906,2000,6024.064,5113.835,2000,5650.903,5765.78,2000,5678.244,5258.583,2000,5775.227,5596.509,2000,5895.756,5772.192,2000,6177.993
5597.395,2000,6227.959,5573.85,2000,5343.213,5649.053,2000,5973.924,5495.875,2000,5972.304,5619.916,2000,6115.22,5744.645,2000,5783.523,5229.032,2000,5998.88,5840.503,2000,5836.224,5601.568,2000,5995.108,5851.588,2000,5931.742,5427.146,2000,6193.909,5366.427,2000,5859.853,5593.904,2000,5445.024,5363.527,2000,6057.563,5819.978,2000,6024.54,5111.052,2000,5652.289,5768.459,2000,5676.667,5259.801,2000,5778.087,5594.984,2000,5893.047,5772.947,2000,6181.009
5597.64,2000,6229.531,5575.361,2000,5343.713,5648.012,2000,5975.127,5496.897,2000,5973.523,5618.738,2000,6116.29,5746.101,2000,5784.164,5229.295,2000,6000.45,5842.005,2000,5835.699,5602.533,2000,5993.843,5853.172,2000,5931.896,5428.518,2000,6194.714,5364.89,2000,5859.44,5595.414,2000,5445.525,5364.682,2000,6058.657,5821.541,2000,6024.835,5109.651,2000,5653.044,5769.856,2000,5675.906,5260.472,2000,5779.53,5594.159,2000,5891.687,5773.283,2000,6182.564
5598.079,2000,6231.85,5577.576,2000,5344.527,5646.527,2000,5976.961,5498.412,2000,5975.333,5617.043,2000,6117.933,5748.229,2000,5785.185,5229.762,2000,6002.763,5844.207,2000,5834.849,5603.902,2000,5991.92,5855.519,2000,5932.147,5430.592,2000,6195.841,5362.592,2000,5858.903,5597.629,2000,5446.34,5366.447,2000,6060.224,5823.845,2000,6025.348,5107.612,2000,5654.231,5771.964,2000,5674.844,5261.537,2000,5781.636,5592.879,2000,5889.704,5773.706,2000,6184.886
5598.703,2000,6234.639,5580.225,2000,5345.6,5644.802,2000,5979.24,5500.243,2000,5977.527,5615.059,2000,6119.988,5750.763,2000,5786.505,5230.417,2000,6005.544,5846.837,2000,5833.732,5605.482,2000,5989.54,5858.36,2000,5932.449,5433.146,2000,6197.123,5359.79,2000,5858.345,5600.277,2000,5447.415,5368.645,2000,6062.049,5826.612,2000,6026.061,5105.191,2000,5655.749,5774.557,2000,5673.643,5262.909,2000,5784.143,5591.252,2000,5887.355,5774.125,2000,6187.713
5599.284,2000,6236.886,5582.347,2000,5346.541,5643.463,2000,5981.136,5501.729,2000,5979.311,5613.501,2000,6121.709,5752.785,2000,5787.644,5231.024,2000,6007.785,5848.943,2000,5832.756,5606.702,2000,5987.565,5860.668,2000,5932.693,5435.253,2000,6198.095,5357.5,2000,5857.965,5602.398,2000,5448.357,5370.478,2000,6063.473,5828.84,2000,6026.712,5103.266,2000,5657.045,5776.694,2000,5672.737,5264.089,2000,5786.141,5589.868,2000,5885.492,5774.39,2000,6190.019
5599.96,2000,6239.192,5584.51,2000,5347.587,5642.141,2000,5983.143,5503.265,2000,5981.159,5611.949,2000,6123.543,5754.839,2000,5788.891,5231.728,2000,6010.083,5851.155,2000,5831.817,5607.897,2000,5985.481,5863.065,2000,5932.867,5437.466,2000,6199.03,5355.117,2000,5857.65,5604.561,2000,5449.404,5372.423,2000,6064.884,5831.123,2000,6027.462,5101.317,2000,5658.452,5778.936,2000,5671.872,5265.378,2000,5788.169,5588.374,2000,5883.61,5774.586,2000,6192.414
5600.839,2000,6241.86,5586.998,2000,5348.892,5640.674,2000,5985.538,5505.058,2000,5983.321,5610.205,2000,6125.746,5757.191,2000,5790.426,5232.637,2000,6012.74,5853.775,2000,5830.805,5609.214,2000,5983,5865.872,2000,5932.979,5440.088,2000,6200.038,5352.322,2000,5857.374,5607.048,2000,5450.71,5374.749,2000,6066.458,5833.761,2000,6028.426,5099.095,2000,5660.17,5781.588,2000,5670.947,5266.962,2000,5790.489,5586.555,2000,5881.469,5774.724,2000,6195.22
5601.537,2000,6243.766,5588.764,2000,5349.893,5639.671,2000,5987.302,5506.352,2000,5984.884,5608.998,2000,6127.377,5758.854,2000,5791.59,5233.357,2000,6014.638,5855.691,2000,5830.136,5610.106,2000,5981.177,5867.896,2000,5933.125,5442.005,2000,6200.704,5350.297,2000,5857.24,5608.813,2000,5451.712,5376.466,2000,6067.541,5835.643,2000,6029.184,5097.531,2000,5661.463,5783.525,2000,5670.341,5268.16,2000,5792.126,5585.191,2000,5879.966,5774.757,2000,6197.249
5602.29,2000,6245.629,5590.479,2000,5350.94,5638.735,2000,5989.081,5507.631,2000,5986.434,5607.856,2000,6129.031,5760.461,2000,5792.797,5234.131,2000,6016.493,5857.61,2000,5829.536,5610.931,2000,5979.344,5869.895,2000,5933.336,5443.925,2000,6201.3,5348.288,2000,5857.173,5610.527,2000,5452.761,5378.201,2000,6068.556,5837.482,2000,6029.996,5096.025,2000,5662.793,5785.462,2000,5669.805,5269.399,2000,5793.709,5583.793,2000,5878.522,5774.725,2000,6199.259
5603.388,2000,6248.112,5592.749,2000,5352.431,5637.551,2000,5991.524,5509.358,2000,5988.529,5606.387,2000,6131.314,5762.578,2000,5794.497,5235.258,2000,6018.963,5860.227,2000,5828.81,5611.962,2000,5976.833,5872.584,2000,5933.71,5446.542,2000,6202.021,5345.573,2000,5857.171,5612.795,2000,5454.253,5380.588,2000,6069.85,5839.929,2000,6031.172,5094.05,2000,5664.657,5788.102,2000,5669.166,5271.143,2000,5795.791,5581.841,2000,5876.635,5774.591,2000,6201.971
5604.146,2000,6249.687,5594.177,2000,5353.438,5636.84,2000,5993.121,5510.468,2000,5989.879,5605.49,2000,6132.814,5763.904,2000,5795.635,5236.035,2000,6020.528,5861.925,2000,5828.398,5612.573,2000,5975.195,5874.306,2000,5934.007,5448.242,2000,6202.43,5343.826,2000,5857.228,5614.224,2000,5455.261,5382.13,2000,6070.671,5841.478,2000,6031.981,5092.818,2000,5665.897,5789.813,2000,5668.811,5272.22,2000,5797.167,5580.545,2000,5875.462,5774.448,2000,6203.712
5605.471,2000,6252.219,5596.458,2000,5355.16,5635.764,2000,5995.769,5512.281,2000,5992.089,5604.104,2000,6135.314,5766.011,2000,5797.566,5237.389,2000,6023.046,5864.724,2000,5827.816,5613.484,2000,5972.485,5877.105,2000,5934.584,5451.041,2000,6203.007,5340.974,2000,5857.413,5616.504,2000,5456.984,5384.649,2000,6072.023,5843.967,2000,6033.386,5090.872,2000,5667.99,5792.629,2000,5668.321,5273.908,2000,5799.473,5578.365,2000,5873.614,5774.122,2000,6206.552
5606.613,2000,6254.239,5598.264,2000,5356.618,5634.96,2000,5997.946,5513.751,2000,5993.885,5603.046,2000,6137.38,5767.67,2000,5799.189,5238.554,2000,6025.053,5867.01,2000,5827.418,5614.151,2000,5970.263,5879.362,2000,5935.127,5453.316,2000,6203.462,5338.664,2000,5857.64,5618.309,2000,5458.443,5386.69,2000,6073.126,5845.95,2000,6034.592,5089.348,2000,5669.741,5794.928,2000,5667.999,5275.217,2000,5801.39,5576.546,2000,5872.172,5773.781,2000,6208.848
5607.864,2000,6256.291,5600.083,2000,5358.188,5634.203,2000,6000.226,5515.271,2000,5995.746,5602.021,2000,6139.553,5769.331,2000,5800.925,5239.828,2000,6027.09,5869.389,2000,5827.084,5614.766,2000,5967.94,5881.678,2000,5935.765,5455.669,2000,6203.95,5336.282,2000,5857.952,5620.126,2000,5460.014,5388.8,2000,6074.276,5847.961,2000,6035.907,5087.831,2000,5671.604,5797.316,2000,5667.744,5276.506,2000,5803.417,5574.616,2000,5870.742,5773.351,2000,6211.211
5609.403,2000,6258.64,5602.148,2000,5360.092,5633.406,2000,6002.919,5517.047,2000,5997.922,5600.907,2000,6142.131,5771.206,2000,5803.017,5241.395,2000,6029.421,5872.182,2000,5826.784,5615.396,2000,5965.203,5884.36,2000,5936.6,5458.417,2000,6204.535,5333.51,2000,5858.408,5622.191,2000,5461.919,5391.263,2000,6075.627,5850.26,2000,6037.521,5086.128,2000,5673.838,5800.118,2000,5667.537,5277.935,2000,5805.836,5572.306,2000,5869.144,5772.758,2000,6213.957
5610.762,2000,6260.572,5603.832,2000,5361.749,5632.81,2000,6005.205,5518.537,2000,5999.755,5600.041,2000,6144.329,5772.724,2000,5804.827,5242.775,2000,6031.338,5874.538,2000,5826.609,5615.85,2000,5962.885,5886.592,2000,5937.375,5460.724,2000,6205.041,5331.193,2000,5858.868,5623.874,2000,5463.578,5393.331,2000,6076.769,5852.148,2000,6038.94,5084.76,2000,5675.763,5802.478,2000,5667.439,5279.069,2000,5807.908,5570.32,2000,5867.865,5772.184,2000,6216.249
5612.183,2000,6262.459,5605.46,2000,5363.46,5632.289,2000,6007.509,5520.026,2000,6001.589,5599.248,2000,6146.554,5774.182,2000,5806.685,5244.218,2000,6033.208,5876.898,2000,5826.512,5616.228,2000,5960.553,5888.797,2000,5938.222,5463.029,2000,6205.559,5328.892,2000,5859.403,5625.501,2000,5465.29,5395.396,2000,6077.917,5853.989,2000,6040.42,5083.455,2000,5677.732,5804.84,2000,5667.42,5280.135,2000,5810.017,5568.293,2000,5866.651,5771.536,2000,6218.52
5613.654,2000,6264.285,5607.02,2000,5365.211,5631.847,2000,6009.812,5521.502,2000,6003.411,5598.533,2000,6148.787,5775.568,2000,5808.576,5245.71,2000,6035.017,5879.242,2000,5826.491,5616.527,2000,5958.228,5890.957,2000,5939.134,5465.314,2000,6206.082,5326.627,2000,5860.009,5627.06,2000,5467.041,5397.442,2000,6079.06,5855.767,2000,6041.949,5082.224,2000,5679.727,5807.184,2000,5667.477,5281.124,2000,5812.142,5566.243,2000,5865.514,5770.818,2000,6220.752
5614.682,2000,6265.479,5608.029,2000,5366.421,5631.6,2000,6011.368,5522.492,2000,6004.637,5598.102,2000,6150.303,5776.458,2000,5809.876,5246.752,2000,6036.199,5880.818,2000,5826.529,5616.677,2000,5956.659,5892.387,2000,5939.795,5466.848,2000,6206.445,5325.119,2000,5860.465,5628.068,2000,5468.252,5398.815,2000,6079.834,5856.928,2000,6043.015,5081.441,2000,5681.095,5808.757,2000,5667.567,5281.741,2000,5813.592,5564.841,2000,5864.794,5770.288,2000,6222.236
5616.813,2000,6267.796,5609.965,2000,5368.904,5631.21,2000,6014.492,5524.469,2000,6007.086,5597.34,2000,6153.357,5778.148,2000,5812.532,5248.91,2000,6038.491,5883.961,2000,5826.708,5616.874,2000,5953.517,5895.201,2000,5941.207,5469.908,2000,6207.182,5322.138,2000,5861.476,5630.003,2000,5470.735,5401.555,2000,6081.385,5859.176,2000,6045.219,5079.967,2000,5683.876,5811.892,2000,5667.849,5282.879,2000,5816.527,5561.994,2000,5863.45,5769.13,2000,6225.164
5617.918,2000,6268.921,5610.894,2000,5370.178,5631.066,2000,6016.063,5525.457,2000,6008.315,5597.009,2000,6154.899,5778.952,2000,5813.889,5250.027,2000,6039.603,5885.531,2000,5826.849,5616.92,2000,5951.94,5896.586,2000,5941.96,5471.438,2000,6207.562,5320.662,2000,5862.031,5630.931,2000,5472.01,5402.924,2000,6082.167,5860.265,2000,6046.359,5079.274,2000,5685.293,5813.457,2000,5668.042,5283.401,2000,5818.015,5560.547,2000,5862.823,5768.503,2000,6226.61
5620.197,2000,6271.094,5612.664,2000,5372.782,5630.881,2000,6019.206,5527.428,2000,6010.771,5596.448,2000,6157.997,5780.466,2000,5816.649,5252.331,2000,6041.75,5888.656,2000,5827.233,5616.911,2000,5948.792,5899.302,2000,5943.553,5474.491,2000,6208.333,5317.752,2000,5863.234,5632.699,2000,5474.615,5405.656,2000,6083.733,5862.364,2000,6048.706,5077.985,2000,5688.166,5816.568,2000,5668.529,5284.345,2000,5821.019,5557.619,2000,5861.667,5767.157,2000,6229.457
5621.371,2000,6272.142,5613.506,2000,5374.112,5630.84,2000,6020.779,5528.413,2000,6011.999,5596.219,2000,6159.554,5781.177,2000,5818.053,5253.517,2000,6042.784,5890.211,2000,5827.476,5616.855,2000,5947.219,5900.632,2000,5944.394,5476.015,2000,6208.727,5316.318,2000,5863.883,5633.54,2000,5475.946,5407.019,2000,6084.52,5863.374,2000,6049.912,5077.388,2000,5689.622,5818.114,2000,5668.823,5284.767,2000,5822.535,5556.137,2000,5861.138,5766.438,2000,6230.856
5623.076,2000,6273.567,5614.632,2000,5376.028,5630.854,2000,6023.001,5529.8,2000,6013.734,5595.967,2000,6161.762,5782.116,2000,5820.067,5255.238,2000,6044.189,5892.395,2000,5827.89,5616.703,2000,5945.002,5902.471,2000,5945.641,5478.163,2000,6209.296,5314.324,2000,5864.865,5634.665,2000,5477.862,5408.94,2000,6085.636,5864.744,2000,6051.662,5076.613,2000,5691.704,5820.282,2000,5669.309,5285.293,2000,5824.694,5554.021,2000,5860.459,5765.438,2000,6232.841
5625.141,2000,6275.181,5615.885,2000,5378.329,5630.958,2000,6025.62,5531.435,2000,6015.782,5595.756,2000,6164.374,5783.145,2000,5822.478,5257.321,2000,6045.779,5894.952,2000,5828.463,5616.438,2000,5942.396,5904.59,2000,5947.183,5480.692,2000,6209.984,5312.013,2000,5866.1,5635.917,2000,5480.164,5411.202,2000,6086.96,5866.292,2000,6053.776,5075.779,2000,5694.188,5822.818,2000,5669.966,5285.83,2000,5827.259,5551.501,2000,5859.741,5764.335,2000,6235.218
5627.333,2000,6276.782,5617.105,2000,5380.755,5631.153,2000,6028.328,5533.127,2000,6017.906,5595.625,2000,6167.086,5784.129,2000,5825.008,5259.533,2000,6047.355,5897.581,2000,5829.143,5616.076,2000,5939.705,5906.733,2000,5948.851,5483.309,2000,6210.708,5309.661,2000,5867.456,5637.136,2000,5482.59,5413.542,2000,6088.337,5867.822,2000,6056.019,5075,2000,5696.79,5825.423,2000,5670.733,5286.298,2000,5829.934,5548.867,2000,5859.083,5763.273,2000,6237.718
5628.995,2000,6277.914,5617.95,2000,5382.579,5631.364,2000,6030.327,5534.327,2000,6019.519,5595.595,2000,6169.096,5784.795,2000,5826.905,5261.207,2000,6048.468,5899.509,2000,5829.71,5615.743,2000,5937.722,5908.278,2000,5950.137,5485.243,2000,6211.257,5307.953,2000,5868.517,5637.979,2000,5484.415,5415.271,2000,6089.363,5868.9,2000,6057.716,5074.487,2000,5698.733,5827.332,2000,5671.363,5286.581,2000,5831.924,5546.902,2000,5858.659,5762.549,2000,6239.593
5631.287,2000,6279.368,5619.008,2000,5385.079,5631.736,2000,6033.017,5535.876,2000,6021.748,5595.642,2000,6171.811,5785.611,2000,5829.494,5263.516,2000,6049.896,5902.088,2000,5830.56,5615.291,2000,5935.045,5910.307,2000,5951.941,5487.852,2000,6212.008,5305.695,2000,5870.024,5639.036,2000,5486.915,5417.603,2000,6090.752,5870.281,2000,6060.054,5073.88,2000,5701.379,5829.881,2000,5672.298,5286.874,2000,5834.624,5544.23,2000,5858.174,5761.653,2000,6242.156
5632.794,2000,6280.256,5619.638,2000,5386.712,5632.032,2000,6034.741,5536.827,2000,6023.217,5595.73,2000,6173.559,5786.083,2000,5831.179,5265.034,2000,6050.767,5903.731,2000,5831.162,5615.001,2000,5933.319,5911.575,2000,5953.146,5489.53,2000,6212.504,5304.272,2000,5871.042,5639.664,2000,5488.548,5419.104,2000,6091.652,5871.121,2000,6061.589,5073.545,2000,5703.097,5831.503,2000,5672.955,5287.005,2000,5836.368,5542.5,2000,5857.918,5761.13,2000,6243.826
5635.302,2000,6281.625,5620.577,2000,5389.41,5632.608,2000,6037.54,5538.3,2000,6025.665,5595.966,2000,6176.406,5786.761,2000,5833.955,5267.557,2000,6052.107,5906.38,2000,5832.232,5614.621,2000,5930.488,5913.581,2000,5955.181,5492.266,2000,6213.328,5302.004,2000,5872.781,5640.602,2000,5491.247,5421.549,2000,6093.129,5872.409,2000,6064.139,5073.09,2000,5705.917,5834.115,2000,5674.112,5287.127,2000,5839.223,5539.661,2000,5857.593,5760.366,2000,6246.579
5637.374,2000,6282.67,5621.268,2000,5391.625,5633.15,2000,6039.796,5539.431,2000,6027.691,5596.234,2000,6178.711,5787.238,2000,5836.226,5269.634,2000,6053.142,5908.502,2000,5833.172,5614.388,2000,5928.179,5915.155,2000,5956.885,5494.484,2000,6214.007,5300.21,2000,5874.252,5641.292,2000,5493.462,5423.533,2000,6094.333,5873.388,2000,6066.243,5072.796,2000,5708.219,5836.205,2000,5675.121,5287.15,2000,5841.543,5537.348,2000,5857.405,5759.819,2000,6248.833
5639.103,2000,6283.473,5621.776,2000,5393.463,5633.656,2000,6041.634,5540.305,2000,6029.385,5596.516,2000,6180.597,5787.569,2000,5838.103,5271.338,2000,6053.997,5910.219,2000,5834,5614.258,2000,5926.277,5916.402,2000,5958.328,5496.303,2000,6214.579,5298.776,2000,5875.508,5641.799,2000,5495.3,5425.16,2000,6095.328,5874.135,2000,6067.997,5072.616,2000,5710.117,5837.894,2000,5676.005,5287.106,2000,5843.449,5535.444,2000,5857.312,5759.431,2000,6250.7
5641.952,2000,6284.683,5622.502,2000,5396.472,5634.575,2000,6044.59,5541.634,2000,6032.181,5597.073,2000,6183.642,5788.006,2000,5841.167,5274.102,2000,6055.391,5912.962,2000,5835.436,5614.148,2000,5923.184,5918.349,2000,5960.734,5499.25,2000,6215.525,5296.516,2000,5877.623,5642.524,2000,5498.31,5427.795,2000,6096.951,5875.253,2000,6070.883,5072.424,2000,5713.206,5840.587,2000,5677.531,5286.935,2000,5846.54,5532.349,2000,5857.263,5758.899,2000,6253.75
5644.353,2000,6285.611,5623.024,2000,5398.992,5635.418,2000,6047.021,5542.662,2000,6034.541,5597.619,2000,6186.156,5788.286,2000,5843.726,5276.396,2000,6056.556,5915.202,2000,5836.703,5614.142,2000,5920.61,5919.901,2000,5962.787,5501.697,2000,6216.324,5294.695,2000,5879.442,5643.044,2000,5500.83,5429.983,2000,6098.306,5876.104,2000,6073.312,5072.35,2000,5715.778,5842.784,2000,5678.872,5286.708,2000,5849.104,5529.775,2000,5857.306,5758.541,2000,6256.298
5646.583,2000,6286.39,5623.428,2000,5401.319,5636.265,2000,6049.227,5543.534,2000,6036.736,5598.195,2000,6188.447,5788.465,2000,5846.081,5278.501,2000,6057.628,5917.218,2000,5837.933,5614.212,2000,5918.249,5921.264,2000,5964.717,5503.939,2000,6217.066,5293.08,2000,5881.165,5643.446,2000,5503.157,5431.989,2000,6099.554,5876.813,2000,6075.565,5072.358,2000,5718.141,5844.759,2000,5680.167,5286.422,2000,5851.448,5527.416,2000,5857.423,5758.283,2000,6258.646
5648.204,2000,6286.898,5623.673,2000,5403,5636.925,2000,6050.792,5544.109,2000,6038.334,5598.664,2000,6190.08,5788.539,2000,5847.779,5280.014,2000,6058.402,5918.639,2000,5838.864,5614.319,2000,5916.553,5922.198,2000,5966.136,5505.534,2000,6217.653,5291.958,2000,5882.442,5643.681,2000,5504.84,5433.429,2000,6100.455,5877.269,2000,6077.202,5072.42,2000,5719.839,5846.148,2000,5681.146,5286.162,2000,5853.127,5525.723,2000,5857.563,5758.144,2000,6260.339
5650.306,2000,6287.481,5623.99,2000,5405.159,5637.839,2000,6052.773,5544.78,2000,6040.41,5599.333,2000,6192.156,5788.563,2000,5849.96,5281.953,2000,6059.401,5920.423,2000,5840.12,5614.527,2000,5914.382,5923.336,2000,5967.997,5507.556,2000,6218.472,5290.574,2000,5884.127,5643.985,2000,5507,5435.275,2000,6101.617,5877.785,2000,6079.322,5072.571,2000,5722.015,5847.89,2000,5682.459,5285.758,2000,5855.271,5523.556,2000,5857.813,5758.031,2000,6262.518
5652.795,2000,6288.085,5624.364,2000,5407.692,5638.987,2000,6055.062,5545.487,2000,6042.871,5600.198,2000,6194.566,5788.506,2000,5852.52,5284.228,2000,6060.578,5922.469,2000,5841.661,5614.854,2000,5911.842,5924.601,2000,5970.223,5509.896,2000,6219.511,5289.014,2000,5886.158,5644.343,2000,5509.536,5437.439,2000,6102.987,5878.309,2000,6081.829,5072.831,2000,5724.563,5849.883,2000,5684.067,5285.201,2000,5857.771,5521.022,2000,5858.19,5757.959,2000,6265.078
5654.815,2000,6288.506,5624.667,2000,5409.733,5639.972,2000,6056.875,5545.992,2000,6044.872,5600.958,2000,6196.484,5788.394,2000,5854.58,5286.058,2000,6061.53,5924.075,2000,5842.956,5615.185,2000,5909.805,5925.561,2000,5972.05,5511.754,2000,6220.41,5287.811,2000,5887.835,5644.634,2000,5511.579,5439.18,2000,6104.095,5878.665,2000,6083.861,5073.108,2000,5726.608,5851.446,2000,5685.415,5284.687,2000,5859.769,5518.993,2000,5858.561,5757.957,2000,6267.142
5657.131,2000,6288.958,5625.015,2000,5412.067,5641.165,2000,6058.911,5546.495,2000,6047.178,5601.899,2000,6198.648,5788.241,2000,5856.935,5288.149,2000,6062.624,5925.863,2000,5844.496,5615.639,2000,5907.489,5926.59,2000,5974.174,5513.844,2000,6221.506,5286.499,2000,5889.797,5644.969,2000,5513.915,5441.168,2000,6105.367,5878.996,2000,6086.198,5073.501,2000,5728.935,5853.182,2000,5687.013,5284.024,2000,5862.034,5516.686,2000,5859.06,5758.014,2000,6269.501
5659.412,2000,6289.438,5625.361,2000,5414.372,5642.409,2000,6060.882,5546.916,2000,6049.47,5602.898,2000,6200.754,5788.096,2000,5859.261,5290.213,2000,6063.708,5927.578,2000,5846.075,5616.163,2000,5905.218,5927.537,2000,5976.304,5515.871,2000,6222.656,5285.267,2000,5891.776,5645.302,2000,5516.222,5443.128,2000,6106.629,5879.248,2000,6088.515,5073.964,2000,5731.22,5854.844,2000,5688.647,5283.297,2000,5864.248,5514.425,2000,5859.627,5758.125,2000,6271.829
5661.614,2000,6289.935,5625.698,2000,5416.604,5643.676,2000,6062.75,5547.251,2000,6051.702,5603.932,2000,6202.761,5787.961,2000,5861.514,5292.209,2000,6064.763,5929.188,2000,5847.657,5616.741,2000,5903.036,5928.386,2000,5978.395,5517.797,2000,6223.833,5284.138,2000,5893.73,5645.627,2000,5518.456,5445.023,2000,6107.855,5879.417,2000,6090.766,5074.484,2000,5733.416,5856.4,2000,5690.282,5282.523,2000,5866.368,5512.255,2000,5860.248,5758.283,2000,6274.081
5663.737,2000,6290.487,5626.027,2000,5418.773,5644.965,2000,6064.525,5547.506,2000,6053.881,5605,2000,6204.678,5787.835,2000,5863.704,5294.147,2000,6065.791,5930.701,2000,5849.245,5617.373,2000,5900.935,5929.145,2000,5980.454,5519.63,2000,6225.039,5283.103,2000,5895.664,5645.944,2000,5520.627,5446.862,2000,6109.052,5879.511,2000,6092.958,5075.06,2000,5735.533,5857.86,2000,5691.919,5281.704,2000,5868.403,5510.167,2000,5860.92,5758.508,2000,6276.263
5665.773,2000,6291.089,5626.348,2000,5420.872,5646.269,2000,6066.201,5547.684,2000,6055.997,5606.093,2000,6206.498,5787.718,2000,5865.824,5296.021,2000,6066.79,5932.115,2000,5850.829,5618.05,2000,5898.923,5929.813,2000,5982.469,5521.365,2000,6226.262,5282.163,2000,5897.568,5646.253,2000,5522.728,5448.639,2000,6110.213,5879.532,2000,6095.081,5075.684,2000,5737.563,5859.221,2000,5693.549,5280.847,2000,5870.346,5508.168,2000,5861.636,5758.795,2000,6278.366
5667.722,2000,6291.735,5626.659,2000,5422.901,5647.582,2000,6067.78,5547.788,2000,6058.048,5607.207,2000,6208.222,5787.61,2000,5867.874,5297.83,2000,6067.759,5933.431,2000,5852.404,5618.768,2000,5897,5930.395,2000,5984.438,5523.003,2000,6227.5,5281.314,2000,5899.438,5646.554,2000,5524.759,5450.354,2000,6111.341,5879.485,2000,6097.133,5076.351,2000,5739.504,5860.484,2000,5695.167,5279.957,2000,5872.196,5506.259,2000,5862.392,5759.139,2000,6280.391
5669.973,2000,6292.563,5627.011,2000,5425.273,5649.055,2000,6069.672,5547.832,2000,6060.445,5608.574,2000,6210.192,5787.489,2000,5870.269,5299.942,2000,6068.896,5934.908,2000,5854.294,5619.533,2000,5894.727,5931,2000,5986.758,5524.869,2000,6229.007,5280.396,2000,5901.653,5646.917,2000,5527.129,5452.4,2000,6112.592,5879.352,2000,6099.528,5077.204,2000,5741.746,5861.897,2000,5697.105,5278.848,2000,5874.322,5504.06,2000,5863.346,5759.617,2000,6282.74
5671.725,2000,6293.274,5627.298,2000,5427.142,5650.166,2000,6071.202,5547.804,2000,6062.336,5609.702,2000,6211.71,5787.396,2000,5872.157,5301.605,2000,6069.794,5936.022,2000,5855.821,5620.077,2000,5892.916,5931.416,2000,5988.603,5526.3,2000,6230.243,5279.729,2000,5903.422,5647.195,2000,5529,5454.045,2000,6113.525,5879.185,2000,6101.411,5077.934,2000,5743.49,5862.961,2000,5698.668,5277.918,2000,5875.969,5502.351,2000,5864.155,5760.055,2000,6284.58
5673.101,2000,6293.885,5627.52,2000,5428.631,5651.011,2000,6072.448,5547.832,2000,6063.841,5610.639,2000,6212.888,5787.325,2000,5873.661,5302.929,2000,6070.511,5936.87,2000,5857.066,5620.462,2000,5891.46,5931.699,2000,5990.082,5527.407,2000,6231.264,5279.244,2000,5904.848,5647.423,2000,5530.488,5455.33,2000,6114.311,5879.003,2000,6102.906,5078.56,2000,5744.859,5863.767,2000,5699.94,5277.136,2000,5877.255,5501.012,2000,5864.844,5760.452,2000,6286.032
5674.733,2000,6294.676,5627.794,2000,5430.424,5651.979,2000,6073.982,5547.924,2000,6065.653,5611.814,2000,6214.27,5787.245,2000,5875.473,5304.522,2000,6071.379,5937.841,2000,5858.598,5620.984,2000,5889.723,5931.982,2000,5991.873,5528.699,2000,6232.537,5278.716,2000,5906.583,5647.69,2000,5532.282,5456.845,2000,6115.308,5878.725,2000,6104.698,5079.368,2000,5746.483,5864.687,2000,5701.503,5276.144,2000,5878.773,5499.427,2000,5865.726,5760.986,2000,6287.766
5676.889,2000,6295.808,5628.154,2000,5432.832,5653.21,2000,6076.083,5548.127,2000,6068.079,5613.451,2000,6216.072,5787.14,2000,5877.906,5306.659,2000,6072.546,5939.077,2000,5860.696,5621.761,2000,5887.416,5932.283,2000,5994.289,5530.377,2000,6234.301,5278.085,2000,5908.935,5648.059,2000,5534.688,5458.834,2000,6116.711,5878.273,2000,6107.091,5080.523,2000,5748.626,5865.852,2000,5703.641,5274.745,2000,5880.767,5497.339,2000,5866.978,5761.779,2000,6290.067
5677.866,2000,6296.363,5628.325,2000,5433.943,5653.747,2000,6077.07,5548.258,2000,6069.196,5614.233,2000,6216.879,5787.094,2000,5879.029,5307.644,2000,6073.086,5939.615,2000,5861.683,5622.154,2000,5886.362,5932.385,2000,5995.409,5531.125,2000,6235.14,5277.829,2000,5910.029,5648.225,2000,5535.8,5459.731,2000,6117.389,5878.029,2000,6108.188,5081.089,2000,5749.598,5866.357,2000,5704.645,5274.07,2000,5881.665,5496.395,2000,5867.587,5762.18,2000,6291.118
5679.732,2000,6297.504,5628.649,2000,5436.106,5654.728,2000,6079.026,5548.583,2000,6071.359,5615.807,2000,6218.399,5787.007,2000,5881.215,5309.561,2000,6074.141,5940.6,2000,5863.636,5622.985,2000,5884.339,5932.513,2000,5997.592,5532.525,2000,6236.82,5277.401,2000,5912.175,5648.557,2000,5537.962,5461.433,2000,6118.764,5877.483,2000,6110.307,5082.251,2000,5751.451,5867.277,2000,5706.63,5272.699,2000,5883.37,5494.596,2000,5868.833,5763.027,2000,6293.135
5680.614,2000,6298.084,5628.81,2000,5437.149,5655.169,2000,6079.984,5548.773,2000,6072.397,5616.59,2000,6219.107,5786.967,2000,5882.27,5310.485,2000,6074.65,5941.043,2000,5864.594,5623.418,2000,5883.376,5932.541,2000,5998.647,5533.174,2000,6237.653,5277.229,2000,5913.216,5648.714,2000,5539.006,5462.231,2000,6119.454,5877.187,2000,6111.32,5082.841,2000,5752.327,5867.689,2000,5707.602,5272.011,2000,5884.17,5493.749,2000,5869.462,5763.467,2000,6294.094
5681.816,2000,6298.933,5629.03,2000,5438.604,5655.742,2000,6081.34,5549.087,2000,6073.835,5617.713,2000,6220.058,5786.915,2000,5883.74,5311.772,2000,6075.363,5941.619,2000,5865.948,5624.066,2000,5882.054,5932.53,2000,6000.119,5534.04,2000,6238.842,5277.036,2000,5914.675,5648.938,2000,5540.461,5463.313,2000,6120.452,5876.728,2000,6112.718,5083.702,2000,5753.52,5868.219,2000,5708.975,5271.016,2000,5885.254,5492.596,2000,5870.378,5764.124,2000,6295.411
5683.382,2000,6300.117,5629.33,2000,5440.544,5656.445,2000,6083.173,5549.567,2000,6075.738,5619.252,2000,6221.276,5786.846,2000,5885.702,5313.489,2000,6076.316,5942.326,2000,5867.779,5624.987,2000,5880.321,5932.452,2000,6002.081,5535.143,2000,6240.466,5276.843,2000,5916.628,5649.232,2000,5542.402,5464.711,2000,6121.829,5876.054,2000,6114.562,5084.903,2000,5755.072,5868.865,2000,5710.828,5269.642,2000,5886.656,5491.1,2000,5871.648,5765.057,2000,6297.138
5684.142,2000,6300.731,5629.478,2000,5441.51,5656.766,2000,6084.096,5549.837,2000,6076.677,5620.037,2000,6221.857,5786.814,2000,5886.679,5314.342,2000,6076.792,5942.648,2000,5868.702,5625.473,2000,5879.474,5932.381,2000,6003.055,5535.665,2000,6241.292,5276.778,2000,5917.604,5649.382,2000,5543.367,5465.385,2000,6122.537,5875.689,2000,6115.468,5085.525,2000,5755.825,5869.157,2000,5711.761,5268.935,2000,5887.331,5490.376,2000,5872.305,5765.549,2000,6297.982
5685.319,2000,6301.749,5629.716,2000,5443.048,5657.227,2000,6085.582,5550.316,2000,6078.158,5621.318,2000,6222.742,5786.765,2000,5888.234,5315.701,2000,6077.551,5943.113,2000,5870.187,5626.292,2000,5878.15,5932.218,2000,6004.603,5536.454,2000,6242.633,5276.727,2000,5919.159,5649.617,2000,5544.906,5466.419,2000,6123.7,5875.061,2000,6116.892,5086.556,2000,5756.992,5869.572,2000,5713.261,5267.775,2000,5888.369,5489.259,2000,5873.388,5766.377,2000,6299.3
5686.469,2000,6302.809,5629.954,2000,5444.594,5657.718,2000,6087.067,5550.846,2000,6079.63,5622.633,2000,6223.588,5786.718,2000,5889.798,5317.065,2000,6078.315,5943.531,2000,5871.694,5627.157,2000,5876.847,5932.003,2000,6006.152,5537.201,2000,6244.007,5276.726,2000,5920.723,5649.857,2000,5546.451,5467.42,2000,6124.901,5874.396,2000,6118.307,5087.629,2000,5758.129,5869.94,2000,5714.781,5266.576,2000,5889.373,5488.172,2000,5874.512,5767.252,2000,6300.596
5687.164,2000,6303.494,5630.104,2000,5445.559,5658.055,2000,6087.983,5551.206,2000,6080.537,5623.471,2000,6224.089,5786.689,2000,5890.774,5317.917,2000,6078.793,5943.761,2000,5872.643,5627.723,2000,5876.052,5931.837,2000,6007.114,5537.64,2000,6244.879,5276.757,2000,5921.698,5650.005,2000,5547.416,5468.021,2000,6125.671,5873.984,2000,6119.192,5088.322,2000,5758.817,5870.138,2000,5715.737,5265.808,2000,5889.975,5487.517,2000,5875.236,5767.824,2000,6301.387
5688.047,2000,6304.423,5630.299,2000,5446.825,5658.533,2000,6089.172,5551.718,2000,6081.712,5624.592,2000,6224.71,5786.654,2000,5892.055,5319.033,2000,6079.421,5944.022,2000,5873.897,5628.5,2000,5875.034,5931.578,2000,6008.369,5538.177,2000,6246.042,5276.84,2000,5922.977,5650.203,2000,5548.682,5468.774,2000,6126.708,5873.448,2000,6120.356,5089.26,2000,5759.69,5870.357,2000,5716.999,5264.773,2000,5890.731,5486.688,2000,5876.213,5768.609,2000,6302.4
5688.874,2000,6305.352,5630.492,2000,5448.054,5659.032,2000,6090.312,5552.251,2000,6082.835,5625.699,2000,6225.277,5786.622,2000,5893.298,5320.116,2000,6080.033,5944.235,2000,5875.123,5629.287,2000,5874.07,5931.287,2000,6009.578,5538.662,2000,6247.187,5276.961,2000,5924.215,5650.393,2000,5549.911,5469.473,2000,6127.736,5872.934,2000,6121.489,5090.198,2000,5760.506,5870.53,2000,5718.23,5263.747,2000,5891.433,5485.916,2000,5877.188,5769.402,2000,6303.357
5689.937,2000,6306.628,5630.746,2000,5449.696,5659.745,2000,6091.813,5553.013,2000,6084.312,5627.202,2000,6225.986,5786.579,2000,5894.959,5321.563,2000,6080.85,5944.467,2000,5876.768,5630.379,2000,5872.818,5930.846,2000,6011.18,5539.259,2000,6248.738,5277.178,2000,5925.862,5650.649,2000,5551.553,5470.361,2000,6129.141,5872.249,2000,6123.002,5091.469,2000,5761.577,5870.707,2000,5719.883,5262.344,2000,5892.324,5484.926,2000,5878.523,5770.504,2000,6304.602
5690.175,2000,6306.934,5630.807,2000,5450.079,5659.92,2000,6092.158,5553.202,2000,6084.65,5627.558,2000,6226.14,5786.57,2000,5895.346,5321.899,2000,6081.042,5944.508,2000,5877.153,5630.643,2000,5872.534,5930.73,2000,6011.55,5539.386,2000,6249.104,5277.241,2000,5926.245,5650.709,2000,5551.936,5470.557,2000,6129.475,5872.091,2000,6123.356,5091.766,2000,5761.827,5870.735,2000,5720.27,5262.011,2000,5892.521,5484.706,2000,5878.842,5770.77,2000,6304.883
5691.199,2000,6308.341,5631.075,2000,5451.797,5660.758,2000,6093.683,5554.099,2000,6086.14,5629.176,2000,6226.777,5786.53,2000,5897.085,5323.412,2000,6081.901,5944.637,2000,5878.888,5631.87,2000,5871.301,5930.16,2000,6013.193,5539.904,2000,6250.765,5277.579,2000,5927.951,5650.98,2000,5553.654,5471.389,2000,6131.003,5871.387,2000,6124.947,5093.095,2000,5762.949,5870.807,2000,5722.008,5260.485,2000,5893.356,5483.764,2000,5880.304,5772.006,2000,6306.108
5691.653,2000,6309.01,5631.202,2000,5452.596,5661.167,2000,6094.38,5554.539,2000,6086.819,5629.938,2000,6227.049,5786.513,2000,5897.894,5324.114,2000,6082.301,5944.671,2000,5879.696,5632.458,2000,5870.747,5929.87,2000,6013.948,5540.119,2000,6251.544,5277.762,2000,5928.738,5651.105,2000,5554.453,5471.751,2000,6131.725,5871.062,2000,6125.687,5093.713,2000,5763.47,5870.813,2000,5722.816,5259.764,2000,5893.721,5483.349,2000,5880.998,5772.599,2000,6306.658
5692.22,2000,6309.907,5631.367,2000,5453.644,5661.733,2000,6095.278,5555.144,2000,6087.69,5630.948,2000,6227.372,5786.491,2000,5898.954,5325.036,2000,6082.827,5944.68,2000,5880.757,5633.254,2000,5870.045,5929.457,2000,6014.925,5540.368,2000,6252.575,5278.036,2000,5929.763,5651.272,2000,5555.5,5472.196,2000,6132.688,5870.638,2000,6126.66,5094.523,2000,5764.155,5870.788,2000,5723.876,5258.802,2000,5894.168,5482.834,2000,5881.925,5773.399,2000,6307.354
5692.741,2000,6310.794,5631.528,2000,5454.66,5662.307,2000,6096.131,5555.758,2000,6088.515,5631.938,2000,6227.653,5786.471,2000,5899.983,5325.929,2000,6083.337,5944.655,2000,5881.786,5634.047,2000,5869.39,5929.025,2000,6015.859,5540.576,2000,6253.583,5278.334,2000,5930.748,5651.432,2000,5556.517,5472.597,2000,6133.636,5870.23,2000,6127.604,5095.31,2000,5764.819,5870.729,2000,5724.904,5257.855,2000,5894.572,5482.364,2000,5882.841,5774.198,2000,6308.002
5693.223,2000,6311.68,5631.686,2000,5455.656,5662.895,2000,6096.952,5556.387,2000,6089.304,5632.917,2000,6227.897,5786.452,2000,5900.992,5326.804,2000,6083.839,5944.598,2000,5882.793,5634.846,2000,5868.774,5928.603,2000,6016.775,5540.748,2000,6254.577,5278.658,2000,5931.704,5651.591,2000,5557.514,5472.959,2000,6134.577,5869.834,2000,6128.532,5096.08,2000,5765.471,5870.639,2000,5725.909,5256.914,2000,5894.937,5481.933,2000,5883.753,5775.001,2000,6308.613
5693.759,2000,6312.748,5631.875,2000,5456.835,5663.622,2000,6097.899,5557.162,2000,6090.213,5634.084,2000,6228.148,5786.431,2000,5902.186,5327.84,2000,6084.434,5944.491,2000,5883.982,5635.815,2000,5868.076,5928.104,2000,6017.86,5540.913,2000,6255.76,5279.079,2000,5932.822,5651.778,2000,5558.693,5473.352,2000,6135.705,5869.366,2000,6129.631,5096.991,2000,5766.242,5870.493,2000,5727.094,5255.787,2000,5895.332,5481.458,2000,5884.849,5775.975,2000,6309.304
5693.904,2000,6313.063,5631.929,2000,5457.178,5663.836,2000,6098.172,5557.395,2000,6090.47,5634.426,2000,6228.21,5786.425,2000,5902.533,5328.141,2000,6084.606,5944.449,2000,5884.327,5636.104,2000,5867.882,5927.96,2000,6018.176,5540.95,2000,6256.105,5279.211,2000,5933.142,5651.833,2000,5559.036,5473.455,2000,6136.036,5869.232,2000,6129.951,5097.256,2000,5766.466,5870.442,2000,5727.438,5255.456,2000,5895.436,5481.331,2000,5885.172,5776.265,2000,6309.496
5694.5,2000,6314.472,5632.171,2000,5458.689,5664.823,2000,6099.342,5558.461,2000,6091.568,5635.94,2000,6228.433,5786.4,2000,5904.063,5329.467,2000,6085.371,5944.212,2000,5885.839,5637.401,2000,5867.071,5927.326,2000,6019.569,5541.062,2000,6257.631,5279.842,2000,5934.537,5652.075,2000,5560.547,5473.862,2000,6137.512,5868.641,2000,6131.363,5098.424,2000,5767.456,5870.219,2000,5728.952,5253.981,2000,5895.846,5480.816,2000,5886.613,5777.568,2000,6310.298
5694.672,2000,6314.918,5632.248,2000,5459.161,5665.143,2000,6099.698,5558.806,2000,6091.9,5636.415,2000,6228.487,5786.394,2000,5904.541,5329.881,2000,6085.61,5944.123,2000,5886.309,5637.814,2000,5866.831,5927.129,2000,6020.004,5541.081,2000,6258.109,5280.054,2000,5934.965,5652.15,2000,5561.019,5473.974,2000,6137.977,5868.458,2000,6131.805,5098.789,2000,5767.765,5870.149,2000,5729.425,5253.517,2000,5895.959,5480.67,2000,5887.068,5777.983,2000,6310.535
5695.082,2000,6316.098,5632.446,2000,5460.395,5666.008,2000,6100.598,5559.733,2000,6092.737,5637.66,2000,6228.588,5786.376,2000,5905.79,5330.963,2000,6086.235,5943.85,2000,5887.527,5638.914,2000,5866.239,5926.616,2000,6021.143,5541.09,2000,6259.358,5280.642,2000,5936.067,5652.349,2000,5562.252,5474.227,2000,6139.2,5867.983,2000,6132.96,5099.741,2000,5768.573,5869.969,2000,5730.661,5252.294,2000,5896.215,5480.328,2000,5888.27,5779.087,2000,6311.119
5695.247,2000,6316.628,5632.535,2000,5460.943,5666.406,2000,6100.985,5560.157,2000,6093.095,5638.212,2000,6228.651,5786.369,2000,5906.345,5331.443,2000,6086.514,5943.711,2000,5888.065,5639.411,2000,5865.992,5926.389,2000,6021.649,5541.112,2000,6259.913,5280.919,2000,5936.548,5652.437,2000,5562.801,5474.321,2000,6139.747,5867.773,2000,6133.474,5100.165,2000,5768.932,5869.89,2000,5731.21,5251.748,2000,5896.311,5480.193,2000,5888.808,5779.586,2000,6311.362
5695.459,2000,6317.398,5632.662,2000,5461.731,5666.996,2000,6101.523,5560.783,2000,6093.59,5639.001,2000,6228.767,5786.359,2000,5907.144,5332.134,2000,6086.914,5943.486,2000,5888.831,5640.137,2000,5865.66,5926.063,2000,6022.378,5541.17,2000,6260.708,5281.341,2000,5937.227,5652.564,2000,5563.589,5474.431,2000,6140.537,5867.473,2000,6134.213,5100.773,2000,5769.449,5869.775,2000,5732,5250.957,2000,5896.423,5480.025,2000,5889.588,5780.315,2000,6311.688
5695.641,2000,6318.15,5632.786,2000,5462.495,5667.583,2000,6102.027,5561.405,2000,6094.05,5639.763,2000,6228.905,5786.35,2000,5907.917,5332.803,2000,6087.303,5943.244,2000,5889.565,5640.851,2000,5865.362,5925.749,2000,6023.085,5541.252,2000,6261.478,5281.771,2000,5937.87,5652.688,2000,5564.353,5474.513,2000,6141.307,5867.183,2000,6134.931,5101.362,2000,5769.95,5869.666,2000,5732.766,5250.188,2000,5896.506,5479.887,2000,5890.35,5781.031,2000,6311.981
5695.792,2000,6318.886,5632.906,2000,5463.237,5668.168,2000,6102.499,5562.024,2000,6094.477,5640.498,2000,6229.063,5786.342,2000,5908.669,5333.453,2000,6087.681,5942.994,2000,5890.275,5641.554,2000,5865.096,5925.444,2000,6023.773,5541.356,2000,6262.223,5282.208,2000,5938.481,5652.808,2000,5565.095,5474.567,2000,6142.057,5866.903,2000,6135.629,5101.935,2000,5770.437,5869.559,2000,5733.51,5249.438,2000,5896.563,5479.777,2000,5891.094,5781.736,2000,6312.243
5695.917,2000,6319.604,5633.023,2000,5463.955,5668.748,2000,6102.94,5562.636,2000,6094.871,5641.205,2000,6229.239,5786.334,2000,5909.397,5334.082,2000,6088.047,5942.752,2000,5890.962,5642.243,2000,5864.86,5925.15,2000,6024.439,5541.48,2000,6262.94,5282.651,2000,5939.059,5652.925,2000,5565.813,5474.597,2000,6142.784,5866.634,2000,6136.305,5102.489,2000,5770.909,5869.457,2000,5734.231,5248.71,2000,5896.594,5479.694,2000,5891.817,5782.427,2000,6312.474
5696.014,2000,6320.304,5633.137,2000,5464.653,5669.323,2000,6103.352,5563.219,2000,6095.272,5641.885,2000,6229.433,5786.328,2000,5910.104,5334.693,2000,6088.404,5942.519,2000,5891.63,5642.919,2000,5864.653,5924.865,2000,6025.087,5541.624,2000,6263.633,5283.093,2000,5939.612,5653.039,2000,5566.512,5474.648,2000,6143.49,5866.374,2000,6136.963,5103.028,2000,5771.367,5869.357,2000,5734.932,5248.003,2000,5896.601,5479.636,2000,5892.522,5783.105,2000,6312.676
5696.09,2000,6321.023,5633.253,2000,5465.367,5669.898,2000,6103.79,5563.8,2000,6095.702,5642.574,2000,6229.653,5786.322,2000,5910.828,5335.317,2000,6088.769,5942.28,2000,5892.313,5643.618,2000,5864.464,5924.575,2000,6025.75,5541.793,2000,6264.336,5283.55,2000,5940.172,5653.155,2000,5567.226,5474.724,2000,6144.209,5866.109,2000,6137.636,5103.579,2000,5771.836,5869.256,2000,5735.648,5247.28,2000,5896.584,5479.601,2000,5893.244,5783.804,2000,6312.86
5696.146,2000,6321.791,5633.377,2000,5466.126,5670.497,2000,6104.273,5564.404,2000,6096.179,5643.299,2000,6229.912,5786.316,2000,5911.597,5335.981,2000,6089.158,5942.028,2000,5893.039,5644.366,2000,5864.287,5924.268,2000,6026.455,5541.998,2000,6265.078,5284.042,2000,5940.764,5653.279,2000,5567.985,5474.83,2000,6144.971,5865.829,2000,6138.353,5104.164,2000,5772.335,5869.149,2000,5736.41,5246.512,2000,5896.542,5479.589,2000,5894.013,5784.554,2000,6313.031
5696.179,2000,6322.611,5633.51,2000,5466.937,5671.121,2000,6104.807,5565.031,2000,6096.709,5644.063,2000,6230.212,5786.311,2000,5912.418,5336.689,2000,6089.573,5941.759,2000,5893.815,5645.171,2000,5864.125,5923.942,2000,6027.208,5542.242,2000,6265.861,5284.573,2000,5941.39,5653.412,2000,5568.795,5474.97,2000,6145.78,5865.533,2000,6139.118,5104.789,2000,5772.868,5869.036,2000,5737.223,5245.694,2000,5896.47,5479.603,2000,5894.834,5785.36,2000,6313.188
5696.187,2000,6323.585,5633.668,2000,5467.898,5671.845,2000,6105.459,5565.754,2000,6097.362,5644.957,2000,6230.599,5786.305,2000,5913.392,5337.529,2000,6090.067,5941.442,2000,5894.736,5646.132,2000,5863.964,5923.557,2000,6028.103,5542.562,2000,6266.782,5285.211,2000,5942.126,5653.57,2000,5569.756,5475.167,2000,6146.734,5865.185,2000,6140.028,5105.53,2000,5773.5,5868.902,2000,5738.188,5244.727,2000,5896.352,5479.651,2000,5895.807,5786.322,2000,6313.342
5696.16,2000,6324.642,5633.84,2000,5468.941,5672.61,2000,6106.188,5566.515,2000,6098.096,5645.913,2000,6231.05,5786.3,2000,5914.449,5338.44,2000,6090.604,5941.099,2000,5895.736,5647.18,2000,5863.823,5923.14,2000,6029.075,5542.942,2000,6267.769,5285.912,2000,5942.918,5653.742,2000,5570.8,5475.415,2000,6147.762,5864.81,2000,6141.017,5106.334,2000,5774.187,5868.758,2000,5739.235,5243.682,2000,5896.19,5479.738,2000,5896.861,5787.371,2000,6313.475
5696.111,2000,6325.469,5633.975,2000,5469.759,5673.19,2000,6106.78,5567.092,2000,6098.69,5646.65,2000,6231.428,5786.297,2000,5915.278,5339.154,2000,6091.024,5940.831,2000,5896.521,5648.004,2000,5863.74,5922.815,2000,6029.837,5543.265,2000,6268.532,5286.467,2000,5943.533,5653.877,2000,5571.617,5475.635,2000,6148.561,5864.518,2000,6141.792,5106.964,2000,5774.725,5868.646,2000,5740.056,5242.868,2000,5896.036,5479.833,2000,5897.684,5788.195,2000,6313.553
5696.006,2000,6326.624,5634.164,2000,5470.902,5673.98,2000,6107.628,5567.872,2000,6099.547,5647.664,2000,6231.99,5786.294,2000,5916.437,5340.151,2000,6091.614,5940.458,2000,5897.618,5649.16,2000,5863.661,5922.363,2000,6030.904,5543.751,2000,6269.583,5287.251,2000,5944.387,5654.065,2000,5572.761,5475.979,2000,6149.667,5864.113,2000,6142.878,5107.844,2000,5775.479,5868.49,2000,5741.205,5241.736,2000,5895.784,5480.003,2000,5898.831,5789.352,2000,6313.623
5695.911,2000,6327.396,5634.291,2000,5471.67,5674.491,2000,6108.214,5568.376,2000,6100.14,5648.332,2000,6232.389,5786.293,2000,5917.214,5340.821,2000,6092.01,5940.209,2000,5898.354,5649.938,2000,5863.633,5922.061,2000,6031.621,5544.1,2000,6270.278,5287.783,2000,5944.955,5654.193,2000,5573.528,5476.235,2000,6150.402,5863.843,2000,6143.607,5108.435,2000,5775.984,5868.386,2000,5741.976,5240.983,2000,5895.59,5480.143,2000,5899.596,5790.129,2000,6313.645
5695.741,2000,6328.47,5634.47,2000,5472.743,5675.179,2000,6109.058,5569.054,2000,6100.991,5649.247,2000,6232.978,5786.293,2000,5918.302,5341.756,2000,6092.565,5939.862,2000,5899.386,5651.025,2000,5863.63,5921.641,2000,6032.624,5544.62,2000,6271.234,5288.531,2000,5945.745,5654.371,2000,5574.601,5476.625,2000,6151.417,5863.47,2000,6144.629,5109.261,2000,5776.692,5868.242,2000,5743.054,5239.939,2000,5895.285,5480.373,2000,5900.659,5791.217,2000,6313.64
5695.53,2000,6329.576,5634.654,2000,5473.854,5675.861,2000,6109.953,5569.726,2000,6101.894,5650.173,2000,6233.617,5786.294,2000,5919.428,5342.723,2000,6093.141,5939.506,2000,5900.453,5652.15,2000,5863.664,5921.21,2000,6033.664,5545.19,2000,6272.204,5289.312,2000,5946.555,5654.556,2000,5575.711,5477.064,2000,6152.454,5863.089,2000,6145.688,5110.116,2000,5777.424,5868.094,2000,5744.169,5238.87,2000,5894.934,5480.647,2000,5901.751,5792.342,2000,6313.598
5695.169,2000,6331.175,5634.924,2000,5475.471,5676.821,2000,6111.282,5570.662,2000,6103.24,5651.491,2000,6234.592,5786.299,2000,5921.067,5344.131,2000,6093.981,5938.989,2000,5902.009,5653.787,2000,5863.767,5920.585,2000,6035.18,5546.067,2000,6273.59,5290.458,2000,5947.728,5654.825,2000,5577.329,5477.752,2000,6153.942,5862.54,2000,6147.233,5111.36,2000,5778.492,5867.88,2000,5745.795,5237.33,2000,5894.371,5481.098,2000,5903.328,5793.978,2000,6313.483
5694.94,2000,6332.373,5635.125,2000,5476.673,5677.501,2000,6112.294,5571.324,2000,6104.264,5652.446,2000,6235.349,5786.303,2000,5922.287,5345.177,2000,6094.607,5938.606,2000,5903.167,5655,2000,5863.883,5920.124,2000,6036.308,5546.752,2000,6274.598,5291.318,2000,5948.592,5655.026,2000,5578.531,5478.299,2000,6155.032,5862.134,2000,6148.383,5112.285,2000,5779.286,5867.723,2000,5747.004,5236.199,2000,5893.916,5481.472,2000,5904.488,5795.196,2000,6313.438
5694.799,2000,6333.267,5635.275,2000,5477.566,5677.982,2000,6113.061,5571.791,2000,6105.039,5653.137,2000,6235.934,5786.308,2000,5923.192,5345.954,2000,6095.072,5938.324,2000,5904.027,5655.898,2000,5863.999,5919.782,2000,6037.146,5547.285,2000,6275.33,5291.961,2000,5949.229,5655.176,2000,5579.424,5478.732,2000,6155.827,5861.836,2000,6149.238,5112.972,2000,5779.876,5867.606,2000,5747.901,5235.371,2000,5893.55,5481.777,2000,5905.34,5796.101,2000,6313.434
5694.662,2000,6334.371,5635.459,2000,5478.663,5678.544,2000,6114.021,5572.361,2000,6105.995,5653.962,2000,6236.68,5786.314,2000,5924.304,5346.907,2000,6095.645,5937.978,2000,5905.084,5656.996,2000,5864.177,5919.366,2000,6038.178,5547.969,2000,6276.207,5292.754,2000,5950.009,5655.36,2000,5580.521,5479.295,2000,6156.786,5861.475,2000,6150.29,5113.815,2000,5780.602,5867.465,2000,5749.005,5234.368,2000,5893.068,5482.186,2000,5906.375,5797.213,2000,6313.465
5694.543,2000,6335.669,5635.676,2000,5479.949,5679.207,2000,6115.144,5573.025,2000,6107.117,5654.9,2000,6237.586,5786.324,2000,5925.608,5348.024,2000,6096.318,5937.575,2000,5906.325,5658.276,2000,5864.428,5918.881,2000,6039.389,5548.804,2000,6277.208,5293.688,2000,5950.92,5655.577,2000,5581.807,5479.985,2000,6157.893,5861.056,2000,6151.524,5114.803,2000,5781.453,5867.3,2000,5750.298,5233.212,2000,5892.465,5482.705,2000,5907.571,5798.515,2000,6313.544
5694.465,2000,6337.009,5635.899,2000,5481.272,5679.884,2000,6116.303,5573.725,2000,6108.262,5655.835,2000,6238.549,5786.335,2000,5926.95,5349.173,2000,6097.012,5937.163,2000,5907.602,5659.584,2000,5864.729,5918.385,2000,6040.636,5549.696,2000,6278.211,5294.653,2000,5951.853,5655.8,2000,5583.13,5480.69,2000,6159.035,5860.629,2000,6152.797,5115.82,2000,5782.329,5867.133,2000,5751.63,5232.043,2000,5891.806,5483.279,2000,5908.784,5799.851,2000,6313.669
5694.431,2000,6338.379,5636.128,2000,5482.625,5680.593,2000,6117.477,5574.435,2000,6109.435,5656.757,2000,6239.564,5786.349,2000,5928.321,5350.346,2000,6097.722,5936.745,2000,5908.908,5660.909,2000,5865.081,5917.882,2000,6041.912,5550.641,2000,6279.205,5295.643,2000,5952.802,5656.029,2000,5584.482,5481.425,2000,6160.192,5860.2,2000,6154.1,5116.858,2000,5783.225,5866.963,2000,5752.99,5230.872,2000,5891.093,5483.906,2000,5910.003,5801.211,2000,6313.842
5694.441,2000,6339.78,5636.362,2000,5484.005,5681.313,2000,6118.678,5575.176,2000,6110.624,5657.664,2000,6240.631,5786.366,2000,5929.722,5351.542,2000,6098.45,5936.321,2000,5910.243,5662.25,2000,5865.484,5917.374,2000,6043.217,5551.639,2000,6280.187,5296.657,2000,5953.768,5656.263,2000,5585.863,5482.172,2000,6161.377,5859.769,2000,6155.432,5117.918,2000,5784.14,5866.792,2000,5754.38,5229.7,2000,5890.327,5484.587,2000,5911.227,5802.594,2000,6314.064
5694.521,2000,6341.766,5636.695,2000,5485.966,5682.358,2000,6120.37,5576.221,2000,6112.315,5658.902,2000,6242.188,5786.391,2000,5931.71,5353.241,2000,6099.483,5935.721,2000,5912.138,5664.135,2000,5866.118,5916.654,2000,6045.07,5553.1,2000,6281.535,5298.1,2000,5955.135,5656.594,2000,5587.824,5483.244,2000,6163.052,5859.16,2000,6157.325,5119.423,2000,5785.439,5866.551,2000,5756.354,5228.072,2000,5889.185,5485.61,2000,5912.932,5804.546,2000,6314.443
5694.556,2000,6342.253,5636.776,2000,5486.447,5682.608,2000,6120.789,5576.484,2000,6112.726,5659.193,2000,6242.579,5786.398,2000,5932.198,5353.658,2000,6099.737,5935.575,2000,5912.604,5664.592,2000,5866.289,5916.48,2000,6045.526,5553.469,2000,6281.854,5298.455,2000,5955.47,5656.676,2000,5588.305,5483.52,2000,6163.455,5859.014,2000,6157.79,5119.792,2000,5785.758,5866.493,2000,5756.838,5227.682,2000,5888.892,5485.875,2000,5913.342,5805.021,2000,6314.551
5694.797,2000,6344.534,5637.162,2000,5488.708,5683.838,2000,6122.725,5577.723,2000,6114.656,5660.5,2000,6244.463,5786.436,2000,5934.491,5355.613,2000,6100.935,5934.893,2000,5914.794,5666.713,2000,5867.161,5915.665,2000,6047.669,5555.253,2000,6283.295,5300.125,2000,5957.042,5657.061,2000,5590.566,5484.777,2000,6165.373,5858.334,2000,6159.98,5121.526,2000,5787.259,5866.221,2000,5759.116,5225.895,2000,5887.454,5487.157,2000,5915.244,5807.24,2000,6315.135
5694.952,2000,6345.647,5637.351,2000,5489.816,5684.438,2000,6123.675,5578.336,2000,6115.599,5661.11,2000,6245.408,5786.456,2000,5935.615,5356.571,2000,6101.523,5934.561,2000,5915.868,5667.738,2000,5867.623,5915.268,2000,6048.722,5556.15,2000,6283.973,5300.918,2000,5957.838,5657.25,2000,5591.674,5485.405,2000,6166.306,5858.006,2000,6161.056,5122.376,2000,5787.996,5866.089,2000,5760.232,5224.996,2000,5886.778,5487.786,2000,5916.176,5808.317,2000,6315.456
5695.215,2000,6347.168,5637.61,2000,5491.338,5685.271,2000,6124.974,5579.182,2000,6116.89,5661.905,2000,6246.73,5786.485,2000,5937.158,5357.885,2000,6102.333,5934.108,2000,5917.344,5669.124,2000,5868.301,5914.729,2000,6050.167,5557.411,2000,6284.862,5301.971,2000,5958.967,5657.509,2000,5593.196,5486.266,2000,6167.586,5857.563,2000,6162.534,5123.542,2000,5789.007,5865.91,2000,5761.765,5223.733,2000,5885.892,5488.649,2000,5917.456,5809.781,2000,6315.945
5695.531,2000,6348.701,5637.874,2000,5492.881,5686.121,2000,6126.289,5580.044,2000,6118.196,5662.667,2000,6248.098,5786.518,2000,5938.724,5359.217,2000,6103.156,5933.653,2000,5918.842,5670.507,2000,5869.036,5914.186,2000,6051.636,5558.719,2000,6285.722,5303,2000,5960.147,5657.772,2000,5594.739,5487.144,2000,6168.883,5857.12,2000,6164.036,5124.724,2000,5790.034,5865.731,2000,5763.321,5222.422,2000,5885.035,5489.524,2000,5918.754,5811.249,2000,6316.49
5695.903,2000,6350.246,5638.142,2000,5494.448,5686.988,2000,6127.621,5580.924,2000,6119.52,5663.395,2000,6249.511,5786.554,2000,5940.313,5360.568,2000,6103.994,5933.194,2000,5920.363,5671.885,2000,5869.827,5913.641,2000,6053.129,5560.075,2000,6286.55,5304.006,2000,5961.377,5658.041,2000,5596.306,5488.039,2000,6170.196,5856.679,2000,6165.563,5125.923,2000,5791.077,5865.552,2000,5764.9,5221.064,2000,5884.209,5490.413,2000,5920.071,5812.719,2000,6317.092
5696.382,2000,6351.981,5638.446,2000,5496.222,5687.976,2000,6129.125,5581.925,2000,6121.015,5664.167,2000,6251.137,5786.598,2000,5942.112,5362.096,2000,6104.944,5932.679,2000,5922.088,5673.416,2000,5870.773,5913.03,2000,6054.822,5561.64,2000,6287.438,5305.098,2000,5962.808,5658.344,2000,5598.08,5489.054,2000,6171.682,5856.189,2000,6167.294,5127.28,2000,5792.258,5865.352,2000,5766.688,5219.497,2000,5883.325,5491.418,2000,5921.564,5814.362,2000,6317.827
5696.942,2000,6353.78,5638.765,2000,5498.079,5689.015,2000,6130.697,5582.977,2000,6122.579,5664.918,2000,6252.865,5786.647,2000,5943.996,5363.695,2000,6105.942,5932.144,2000,5923.895,5674.986,2000,5871.816,5912.396,2000,6056.597,5563.308,2000,6288.313,5306.192,2000,5964.342,5658.663,2000,5599.937,5490.123,2000,6173.234,5855.685,2000,6169.11,5128.701,2000,5793.497,5865.145,2000,5768.562,5217.826,2000,5882.453,5492.471,2000,5923.127,5816.056,2000,6318.653
5697.47,2000,6355.299,5639.037,2000,5499.664,5689.903,2000,6132.037,5583.878,2000,6123.91,5665.607,2000,6254.317,5786.693,2000,5945.603,5365.057,2000,6106.796,5931.692,2000,5925.438,5676.295,2000,5872.749,5911.862,2000,6058.113,5564.706,2000,6289.106,5307.083,2000,5965.681,5658.935,2000,5601.521,5491.04,2000,6174.555,5855.264,2000,6170.662,5129.912,2000,5794.554,5864.971,2000,5770.16,5216.377,2000,5881.756,5493.369,2000,5924.461,5817.477,2000,6319.404
5698.233,2000,6357.283,5639.398,2000,5501.759,5691.086,2000,6133.804,5585.075,2000,6125.667,5666.581,2000,6256.208,5786.754,2000,5947.728,5366.859,2000,6107.925,5931.096,2000,5927.479,5677.985,2000,5874.039,5911.157,2000,6060.119,5566.52,2000,6290.215,5308.317,2000,5967.412,5659.296,2000,5603.617,5492.253,2000,6176.301,5854.711,2000,6172.715,5131.513,2000,5795.952,5864.743,2000,5772.274,5214.432,2000,5880.897,5494.555,2000,5926.226,5819.323,2000,6320.459
5698.399,2000,6357.676,5639.471,2000,5502.179,5691.318,2000,6134.162,5585.318,2000,6126.018,5666.788,2000,6256.58,5786.767,2000,5948.154,5367.219,2000,6108.152,5930.978,2000,5927.888,5678.315,2000,5874.309,5911.018,2000,6060.522,5566.876,2000,6290.449,5308.576,2000,5967.751,5659.369,2000,5604.037,5492.507,2000,6176.643,5854.603,2000,6173.127,5131.825,2000,5796.243,5864.698,2000,5772.698,5214.048,2000,5880.713,5494.793,2000,5926.58,5819.686,2000,6320.682
5699.503,2000,6360.065,5639.92,2000,5504.773,5692.807,2000,6136.333,5586.821,2000,6128.178,5668.144,2000,6258.836,5786.853,2000,5950.785,5369.445,2000,6109.558,5930.253,2000,5930.419,5680.299,2000,5876.039,5910.165,2000,6063.012,5569.027,2000,6291.966,5310.242,2000,5969.79,5659.82,2000,5606.631,5494.026,2000,6178.793,5853.948,2000,6175.677,5133.69,2000,5798.1,5864.424,2000,5775.316,5211.714,2000,5879.495,5496.261,2000,5928.765,5821.881,2000,6322.134
5700.084,2000,6361.222,5640.143,2000,5506.048,5693.536,2000,6137.401,5587.563,2000,6129.238,5668.846,2000,6259.923,5786.897,2000,5952.078,5370.538,2000,6110.25,5929.9,2000,5931.664,5681.246,2000,5876.921,5909.75,2000,6064.238,5570.059,2000,6292.746,5311.093,2000,5970.764,5660.042,2000,5607.906,5494.784,2000,6179.842,5853.632,2000,6176.932,5134.59,2000,5799.03,5864.291,2000,5776.603,5210.587,2000,5878.859,5496.983,2000,5929.839,5822.937,2000,6322.883
5700.926,2000,6362.77,5640.445,2000,5507.784,5694.532,2000,6138.856,5588.579,2000,6130.679,5669.851,2000,6261.372,5786.96,2000,5953.839,5372.025,2000,6111.196,5929.423,2000,5933.36,5682.496,2000,5878.164,5909.191,2000,6065.91,5571.43,2000,6293.853,5312.295,2000,5972.053,5660.345,2000,5609.642,5495.821,2000,6181.268,5853.211,2000,6178.644,5135.811,2000,5800.301,5864.113,2000,5778.357,5209.082,2000,5877.943,5497.966,2000,5931.302,5824.34,2000,6323.95
5701.828,2000,6364.305,5640.753,2000,5509.538,5695.543,2000,6140.321,5589.609,2000,6132.131,5670.913,2000,6262.801,5787.028,2000,5955.619,5373.526,2000,6112.153,5928.945,2000,5935.076,5683.717,2000,5879.46,5908.632,2000,6067.6,5572.777,2000,6295.017,5313.551,2000,5973.315,5660.652,2000,5611.396,5496.875,2000,6182.703,5852.795,2000,6180.375,5137.002,2000,5801.625,5863.936,2000,5780.128,5207.531,2000,5877.068,5498.958,2000,5932.781,5825.721,2000,6325.073
5702.789,2000,6365.826,5641.063,2000,5511.311,5696.569,2000,6141.8,5590.656,2000,6133.595,5672.033,2000,6264.209,5787.099,2000,5957.417,5375.042,2000,6113.124,5928.467,2000,5936.811,5684.907,2000,5880.81,5908.074,2000,6069.311,5574.099,2000,6296.236,5314.862,2000,5974.548,5660.963,2000,5613.168,5497.942,2000,6184.152,5852.384,2000,6182.127,5138.161,2000,5803.001,5863.759,2000,5781.919,5205.936,2000,5876.236,5499.96,2000,5934.275,5827.08,2000,6326.253
5703.81,2000,6367.331,5641.379,2000,5513.101,5697.611,2000,6143.29,5591.716,2000,6135.071,5673.201,2000,6265.602,5787.174,2000,5959.233,5376.571,2000,6114.106,5927.988,2000,5938.564,5686.064,2000,5882.212,5907.516,2000,6071.041,5575.394,2000,6297.512,5316.226,2000,5975.75,5661.278,2000,5614.959,5499.025,2000,6185.612,5851.978,2000,6183.899,5139.286,2000,5804.43,5863.584,2000,5783.729,5204.297,2000,5875.448,5500.972,2000,5935.786,5828.412,2000,6327.49
5704.89,2000,6368.814,5641.698,2000,5514.908,5698.666,2000,6144.791,5592.792,2000,6136.558,5674.379,2000,6267.008,5787.253,2000,5961.066,5378.114,2000,6115.1,5927.509,2000,5940.335,5687.185,2000,5883.665,5906.959,2000,6072.789,5576.658,2000,6298.841,5317.626,2000,5976.936,5661.598,2000,5616.766,5500.122,2000,6187.083,5851.578,2000,6185.689,5140.374,2000,5805.907,5863.41,2000,5785.555,5202.618,2000,5874.707,5501.993,2000,5937.31,5829.715,2000,6328.781
5706.025,2000,6370.272,5642.021,2000,5516.728,5699.733,2000,6146.3,5593.877,2000,6138.053,5675.567,2000,6268.424,5787.336,2000,5962.912,5379.666,2000,6116.103,5927.031,2000,5942.121,5688.265,2000,5885.165,5906.405,2000,6074.552,5577.886,2000,6300.22,5319.035,2000,5978.132,5661.92,2000,5618.585,5501.23,2000,6188.562,5851.185,2000,6187.495,5141.42,2000,5807.431,5863.238,2000,5787.396,5200.904,2000,5874.017,5503.022,2000,5938.846,5830.985,2000,6330.125
5707.22,2000,6371.706,5642.348,2000,5518.565,5700.822,2000,6147.815,5594.978,2000,6139.561,5676.764,2000,6269.856,5787.424,2000,5964.776,5381.232,2000,6117.119,5926.553,2000,5943.925,5689.306,2000,5886.714,5905.853,2000,6076.335,5579.101,2000,6301.636,5320.457,2000,5979.341,5662.247,2000,5620.423,5502.34,2000,6190.063,5850.798,2000,6189.321,5142.426,2000,5809.003,5863.067,2000,5789.254,5199.15,2000,5873.376,5504.06,2000,5940.396,5832.222,2000,6331.522
5708.447,2000,6373.131,5642.678,2000,5520.417,5701.923,2000,6149.341,5596.086,2000,6141.08,5677.98,2000,6271.291,5787.515,2000,5966.655,5382.809,2000,6118.145,5926.077,2000,5945.744,5690.304,2000,5888.309,5905.302,2000,6078.134,5580.323,2000,6303.064,5321.888,2000,5980.562,5662.576,2000,5622.275,5503.461,2000,6191.573,5850.417,2000,6191.163,5143.388,2000,5810.62,5862.897,2000,5791.127,5197.363,2000,5872.79,5505.105,2000,5941.96,5833.422,2000,6332.97
5709.694,2000,6374.561,5643.01,2000,5522.285,5703.033,2000,6150.879,5597.208,2000,6142.61,5679.217,2000,6272.729,5787.611,2000,5968.55,5384.397,2000,6119.182,5925.601,2000,5947.581,5691.257,2000,5889.949,5904.754,2000,6079.95,5581.565,2000,6304.497,5323.331,2000,5981.793,5662.909,2000,5624.143,5504.591,2000,6193.097,5850.044,2000,6193.023,5144.303,2000,5812.281,5862.73,2000,5793.017,5195.542,2000,5872.257,5506.16,2000,5943.537,5834.584,2000,6334.47
5710.96,2000,6375.991,5643.346,2000,5524.166,5704.154,2000,6152.426,5598.337,2000,6144.151,5680.473,2000,6274.169,5787.71,2000,5970.458,5385.995,2000,6120.229,5925.126,2000,5949.431,5692.162,2000,5891.631,5904.21,2000,6081.781,5582.825,2000,6305.931,5324.782,2000,5983.035,5663.244,2000,5626.023,5505.733,2000,6194.628,5849.679,2000,6194.898,5145.17,2000,5813.983,5862.564,2000,5794.92,5193.693,2000,5871.781,5507.222,2000,5945.125,5835.704,2000,6336.018
5712.272,2000,6377.456,5643.691,2000,5526.102,5705.308,2000,6154.019,5599.503,2000,6145.735,5681.775,2000,6275.643,5787.819,2000,5972.421,5387.637,2000,6121.312,5924.646,2000,5951.338,5693.036,2000,5893.393,5903.661,2000,6083.669,5584.132,2000,6307.399,5326.275,2000,5984.316,5663.591,2000,5627.959,5506.908,2000,6196.206,5849.32,2000,6196.832,5146.004,2000,5815.765,5862.399,2000,5796.88,5191.773,2000,5871.353,5508.314,2000,5946.761,5836.804,2000,6337.648
5714.365,2000,6379.785,5644.244,2000,5529.184,5707.156,2000,6156.546,5601.358,2000,6148.258,5683.862,2000,6277.977,5787.992,2000,5975.548,5390.251,2000,6123.035,5923.883,2000,5954.375,5694.336,2000,5896.242,5902.789,2000,6086.677,5586.22,2000,6309.73,5328.651,2000,5986.355,5664.141,2000,5631.042,5508.777,2000,6198.718,5848.753,2000,6199.912,5147.24,2000,5818.642,5862.138,2000,5800,5188.696,2000,5870.772,5510.053,2000,5949.365,5838.47,2000,6340.299
5714.701,2000,6380.138,5644.33,2000,5529.664,5707.44,2000,6156.943,5601.648,2000,6148.65,5684.188,2000,6278.339,5788.02,2000,5976.035,5390.658,2000,6123.304,5923.766,2000,5954.849,5694.524,2000,5896.692,5902.656,2000,6087.146,5586.553,2000,6310.086,5329.021,2000,5986.673,5664.228,2000,5631.521,5509.073,2000,6199.106,5848.668,2000,6200.392,5147.417,2000,5819.096,5862.098,2000,5800.487,5188.214,2000,5870.698,5510.324,2000,5949.771,5838.716,2000,6340.721
5716.327,2000,6381.921,5644.758,2000,5532.039,5708.871,2000,6158.886,5603.083,2000,6150.59,5685.843,2000,6280.095,5788.165,2000,5978.443,5392.667,2000,6124.641,5923.193,2000,5957.193,5695.38,2000,5898.948,5902.005,2000,6089.47,5588.174,2000,6311.87,5330.848,2000,5988.25,5664.654,2000,5633.896,5510.515,2000,6201.041,5848.262,2000,6202.771,5148.222,2000,5821.371,5861.906,2000,5802.892,5185.818,2000,5870.407,5511.663,2000,5951.779,5839.863,2000,6342.844
5717.895,2000,6383.563,5645.16,2000,5534.274,5710.217,2000,6160.715,5604.436,2000,6152.415,5687.373,2000,6281.774,5788.304,2000,5980.71,5394.557,2000,6125.9,5922.659,2000,5959.4,5696.116,2000,5901.096,5901.4,2000,6091.659,5589.738,2000,6313.513,5332.567,2000,5989.733,5665.057,2000,5636.131,5511.873,2000,6202.861,5847.889,2000,6205.01,5148.909,2000,5823.536,5861.728,2000,5805.156,5183.557,2000,5870.207,5512.922,2000,5953.668,5840.877,2000,6344.875
5718.897,2000,6384.642,5645.421,2000,5535.723,5711.088,2000,6161.901,5605.312,2000,6153.597,5688.389,2000,6282.839,5788.346,2000,5982.181,5395.78,2000,6126.719,5922.315,2000,5960.831,5696.638,2000,5902.472,5901.012,2000,6093.079,5590.737,2000,6314.593,5333.68,2000,5990.696,5665.318,2000,5637.58,5512.756,2000,6204.038,5847.654,2000,6206.463,5149.308,2000,5824.953,5861.614,2000,5806.624,5182.087,2000,5870.125,5513.739,2000,5954.893,5841.491,2000,6346.213
5719.994,2000,6385.771,5645.702,2000,5537.273,5712.021,2000,6163.17,5606.252,2000,6154.861,5689.46,2000,6283.994,5788.34,2000,5983.756,5397.087,2000,6127.598,5921.954,2000,5962.364,5697.244,2000,5903.926,5900.606,2000,6094.601,5591.831,2000,6315.724,5334.87,2000,5991.729,5665.599,2000,5639.13,5513.702,2000,6205.298,5847.416,2000,6208.021,5149.686,2000,5826.482,5861.497,2000,5808.194,5180.512,2000,5870.089,5514.612,2000,5956.204,5842.1,2000,6347.666
5722.311,2000,6388.248,5646.306,2000,5540.61,5714.04,2000,6165.896,5608.275,2000,6157.583,5691.82,2000,6286.43,5788.215,2000,5987.146,5399.897,2000,6129.498,5921.188,2000,5965.668,5698.652,2000,5907.012,5899.75,2000,6097.882,5594.143,2000,6318.2,5337.428,2000,5993.956,5666.203,2000,5642.467,5515.733,2000,6208.015,5846.928,2000,6211.377,5150.39,2000,5829.8,5861.251,2000,5811.577,5177.121,2000,5870.123,5516.49,2000,5959.028,5843.31,2000,6350.835
5724.201,2000,6390.14,5646.785,2000,5543.241,5715.601,2000,6168.068,5609.875,2000,6159.727,5693.648,2000,6288.381,5788.029,2000,5989.814,5402.111,2000,6130.999,5920.59,2000,5968.275,5699.841,2000,5909.407,5899.082,2000,6100.472,5596.028,2000,6320.091,5339.444,2000,5995.713,5666.682,2000,5645.098,5517.376,2000,6210.125,5846.554,2000,6214.025,5150.859,2000,5832.433,5861.062,2000,5814.245,5174.449,2000,5870.236,5517.971,2000,5961.255,5844.181,2000,6353.363
5725.313,2000,6391.189,5647.062,2000,5544.745,5716.481,2000,6169.317,5610.794,2000,6160.948,5694.728,2000,6289.463,5787.873,2000,5991.334,5403.375,2000,6131.857,5920.25,2000,5969.765,5700.565,2000,5910.753,5898.704,2000,6101.953,5597.122,2000,6321.156,5340.596,2000,5996.718,5666.958,2000,5646.602,5518.335,2000,6211.314,5846.345,2000,6215.539,5151.078,2000,5833.945,5860.955,2000,5815.77,5172.924,2000,5870.352,5518.817,2000,5962.528,5844.631,2000,6354.824
5726.191,2000,6391.964,5647.276,2000,5545.896,5717.152,2000,6170.277,5611.502,2000,6161.881,5695.572,2000,6290.275,5787.715,2000,5992.495,5404.343,2000,6132.517,5919.992,2000,5970.908,5701.154,2000,5911.766,5898.417,2000,6103.088,5597.987,2000,6321.943,5341.478,2000,5997.489,5667.173,2000,5647.753,5519.083,2000,6212.217,5846.191,2000,6216.7,5151.208,2000,5835.109,5860.874,2000,5816.938,5171.76,2000,5870.478,5519.465,2000,5963.503,5844.94,2000,6355.954
5727.616,2000,6393.216,5647.625,2000,5547.761,5718.187,2000,6171.867,5612.654,2000,6163.388,5696.982,2000,6291.545,5787.398,2000,5994.366,5405.909,2000,6133.589,5919.58,2000,5972.76,5702.16,2000,5913.375,5897.962,2000,6104.93,5599.395,2000,6323.21,5342.905,2000,5998.739,5667.522,2000,5649.618,5520.274,2000,6213.693,5845.952,2000,6218.582,5151.356,2000,5837.001,5860.747,2000,5818.831,5169.881,2000,5870.744,5520.514,2000,5965.084,5845.379,2000,6357.8
5729.324,2000,6394.646,5648.037,2000,5549.949,5719.341,2000,6173.772,5613.967,2000,6165.187,5698.685,2000,6292.98,5786.955,2000,5996.548,5407.745,2000,6134.85,5919.102,2000,5974.935,5703.402,2000,5915.223,5897.435,2000,6107.094,5601.084,2000,6324.655,5344.578,2000,6000.209,5667.934,2000,5651.806,5521.671,2000,6215.428,5845.681,2000,6220.792,5151.458,2000,5839.226,5860.601,2000,5821.053,5167.688,2000,5871.129,5521.745,2000,5966.941,5845.824,2000,6359.982
5730.748,2000,6395.76,5648.374,2000,5551.726,5720.226,2000,6175.349,5615.01,2000,6166.664,5700.104,2000,6294.1,5786.538,2000,5998.307,5409.233,2000,6135.876,5918.718,2000,5976.702,5704.459,2000,5916.69,5897.013,2000,6108.852,5602.494,2000,6325.782,5345.935,2000,6001.403,5668.271,2000,5653.583,5522.785,2000,6216.852,5845.47,2000,6222.588,5151.48,2000,5841.033,5860.486,2000,5822.857,5165.918,2000,5871.499,5522.743,2000,5968.448,5846.126,2000,6361.764
5732.42,2000,6396.982,5648.762,2000,5553.761,5721.181,2000,6177.188,5616.167,2000,6168.382,5701.772,2000,6295.329,5785.993,2000,6000.306,5410.937,2000,6137.055,5918.283,2000,5978.728,5705.725,2000,5918.331,5896.538,2000,6110.868,5604.15,2000,6327.02,5347.489,2000,6002.774,5668.659,2000,5655.618,5524.04,2000,6218.5,5845.239,2000,6224.647,5151.439,2000,5843.105,5860.357,2000,5824.925,5163.905,2000,5871.989,5523.887,2000,5970.176,5846.406,2000,6363.817
5734.142,2000,6398.156,5649.154,2000,5555.807,5722.081,2000,6179.067,5617.294,2000,6170.135,5703.489,2000,6296.509,5785.38,2000,6002.297,5412.648,2000,6138.244,5917.85,2000,5980.766,5707.051,2000,5919.938,5896.065,2000,6112.897,5605.852,2000,6328.215,5349.05,2000,6004.154,5669.051,2000,5657.664,5525.269,2000,6220.184,5845.016,2000,6226.718,5151.33,2000,5845.186,5860.229,2000,5827.005,5161.897,2000,5872.548,5525.036,2000,5971.914,5846.62,2000,6365.89
5735.532,2000,6399.04,5649.466,2000,5557.425,5722.743,2000,6180.576,5618.152,2000,6171.542,5704.876,2000,6297.397,5784.844,2000,6003.855,5413.999,2000,6139.187,5917.514,2000,5982.378,5708.107,2000,5921.202,5895.701,2000,6114.504,5607.227,2000,6329.116,5350.282,2000,6005.247,5669.364,2000,5659.282,5526.226,2000,6221.524,5844.851,2000,6228.357,5151.189,2000,5846.827,5860.133,2000,5828.65,5160.326,2000,5873.042,5525.944,2000,5973.289,5846.735,2000,6367.534
5738.174,2000,6400.599,5650.05,2000,5560.437,5723.883,2000,6183.424,5619.685,2000,6174.199,5707.513,2000,6298.966,5783.752,2000,6006.722,5416.513,2000,6140.945,5916.89,2000,5985.382,5710.113,2000,5923.524,5895.025,2000,6117.497,5609.823,2000,6330.74,5352.577,2000,6007.284,5669.947,2000,5662.293,5527.927,2000,6224.078,5844.549,2000,6231.411,5150.828,2000,5849.874,5859.954,2000,5831.713,5157.431,2000,5874.057,5527.634,2000,5975.849,5846.85,2000,6370.6
5738.856,2000,6400.972,5650.199,2000,5561.199,5724.148,2000,6184.154,5620.064,2000,6174.877,5708.194,2000,6299.342,5783.452,2000,6007.439,5417.148,2000,6141.393,5916.735,2000,5986.144,5710.602,2000,5924.128,5894.858,2000,6118.256,5610.494,2000,6331.129,5353.157,2000,6007.801,5670.097,2000,5663.056,5528.378,2000,6224.71,5844.478,2000,6232.185,5150.711,2000,5850.642,5859.91,2000,5832.489,5156.706,2000,5874.338,5528.062,2000,5976.498,5846.854,2000,6371.377
5741.451,2000,6402.282,5650.76,2000,5564.051,5725.05,2000,6186.917,5621.437,2000,6177.439,5710.784,2000,6300.662,5782.241,2000,6010.082,5419.522,2000,6143.07,5916.161,2000,5988.994,5712.436,2000,5926.384,5894.243,2000,6121.097,5613.041,2000,6332.517,5355.326,2000,6009.737,5670.656,2000,5665.909,5529.99,2000,6227.13,5844.225,2000,6235.081,5150.181,2000,5853.5,5859.751,2000,5835.391,5154.032,2000,5875.478,5529.66,2000,5978.926,5846.772,2000,6374.283
5743.392,2000,6403.184,5651.173,2000,5566.151,5725.647,2000,6188.973,5622.385,2000,6179.358,5712.722,2000,6301.571,5781.287,2000,6011.997,5421.268,2000,6144.31,5915.745,2000,5991.093,5713.777,2000,5928.051,5893.799,2000,6123.191,5614.945,2000,6333.484,5356.92,2000,6011.165,5671.07,2000,5668.009,5531.117,2000,6228.949,5844.052,2000,6237.214,5149.722,2000,5855.59,5859.638,2000,5837.528,5152.091,2000,5876.38,5530.835,2000,5980.715,5846.642,2000,6376.419
5745.88,2000,6404.44,5651.712,2000,5568.886,5726.337,2000,6191.673,5623.538,2000,6181.896,5715.283,2000,6302.671,5780.126,2000,6014.531,5423.538,2000,6145.927,5915.208,2000,5993.828,5715.453,2000,5930.279,5893.229,2000,6125.919,5617.463,2000,6334.666,5358.994,2000,6013.027,5671.608,2000,5670.744,5532.507,2000,6231.365,5843.835,2000,6239.993,5149.035,2000,5858.292,5859.493,2000,5840.312,5149.603,2000,5877.638,5532.364,2000,5983.046,5846.563,2000,6379.205
5747.119,2000,6405.118,5651.986,2000,5570.271,5726.641,2000,6193.052,5624.081,2000,6183.199,5716.597,2000,6303.186,5779.581,2000,6015.833,5424.686,2000,6146.748,5914.938,2000,5995.214,5716.264,2000,5931.434,5892.943,2000,6127.302,5618.756,2000,6335.225,5360.044,2000,6013.971,5671.882,2000,5672.128,5533.17,2000,6232.611,5843.731,2000,6241.4,5148.642,2000,5859.647,5859.422,2000,5841.722,5148.365,2000,5878.315,5533.138,2000,5984.227,5846.57,2000,6380.617
5748.649,2000,6406.021,5652.332,2000,5572.014,5726.967,2000,6194.798,5624.71,2000,6184.861,5718.272,2000,6303.779,5778.948,2000,6017.494,5426.13,2000,6147.784,5914.603,2000,5996.959,5717.236,2000,5932.921,5892.589,2000,6129.043,5620.405,2000,6335.877,5361.364,2000,6015.161,5672.227,2000,5673.872,5533.954,2000,6234.206,5843.606,2000,6243.173,5148.093,2000,5861.337,5859.333,2000,5843.497,5146.835,2000,5879.219,5534.112,2000,5985.713,5846.636,2000,6382.393
5750.131,2000,6406.962,5652.673,2000,5573.736,5727.233,2000,6196.534,5625.278,2000,6186.522,5719.945,2000,6304.311,5778.376,2000,6019.154,5427.553,2000,6148.812,5914.277,2000,5998.684,5718.149,2000,5934.421,5892.248,2000,6130.765,5622.054,2000,6336.471,5362.666,2000,6016.338,5672.569,2000,5675.594,5534.676,2000,6235.806,5843.492,2000,6244.925,5147.496,2000,5862.988,5859.25,2000,5845.25,5145.354,2000,5880.161,5535.072,2000,5987.183,5846.759,2000,6384.144
5752.501,2000,6408.579,5653.233,2000,5576.55,5727.619,2000,6199.377,5626.117,2000,6189.267,5722.708,2000,6305.09,5777.532,2000,6021.897,5429.875,2000,6150.498,5913.753,2000,6001.506,5719.56,2000,5936.92,5891.702,2000,6133.583,5624.779,2000,6337.354,5364.79,2000,6018.268,5673.128,2000,5678.409,5535.77,2000,6238.459,5843.323,2000,6247.79,5146.432,2000,5865.653,5859.119,2000,5848.117,5142.983,2000,5881.779,5536.64,2000,5989.587,5847.054,2000,6386.999
5754.941,2000,6410.363,5653.823,2000,5579.515,5728.124,2000,6202.358,5626.937,2000,6192.176,5725.588,2000,6306.006,5776.738,2000,6024.813,5432.318,2000,6152.278,5913.206,2000,6004.479,5720.958,2000,5939.6,5891.133,2000,6136.551,5627.674,2000,6338.205,5367.026,2000,6020.303,5673.72,2000,5681.373,5536.831,2000,6241.29,5843.154,2000,6250.808,5145.22,2000,5868.422,5858.982,2000,5851.136,5140.544,2000,5883.564,5538.289,2000,5992.12,5847.462,2000,6389.994
5756.071,2000,6411.248,5654.104,2000,5580.922,5728.409,2000,6203.764,5627.343,2000,6193.552,5726.941,2000,6306.485,5776.406,2000,6026.209,5433.477,2000,6153.124,5912.948,2000,6005.89,5721.581,2000,5940.893,5890.866,2000,6137.961,5629.034,2000,6338.654,5368.086,2000,6021.269,5674.001,2000,5682.78,5537.318,2000,6242.639,5843.077,2000,6252.24,5144.602,2000,5869.717,5858.919,2000,5852.569,5139.415,2000,5884.449,5539.071,2000,5993.323,5847.702,2000,6391.408
5757.039,2000,6412.057,5654.353,2000,5582.159,5728.701,2000,6204.991,5627.716,2000,6194.758,5728.116,2000,6306.945,5776.155,2000,6027.446,5434.493,2000,6153.872,5912.725,2000,6007.132,5722.09,2000,5942.047,5890.637,2000,6139.202,5630.217,2000,6339.087,5369.017,2000,6022.121,5674.25,2000,5684.017,5537.771,2000,6243.816,5843.017,2000,6253.5,5144.021,2000,5870.837,5858.866,2000,5853.83,5138.447,2000,5885.259,5539.758,2000,5994.381,5847.954,2000,6392.645
5759.532,2000,6414.285,5655.015,2000,5585.436,5729.579,2000,6208.217,5628.734,2000,6197.942,5731.188,2000,6308.265,5775.597,2000,6030.742,5437.184,2000,6155.856,5912.14,2000,6010.423,5723.339,2000,5945.148,5890.037,2000,6142.491,5633.318,2000,6340.323,5371.48,2000,6024.381,5674.911,2000,5687.294,5538.866,2000,6246.975,5842.865,2000,6256.84,5142.387,2000,5873.754,5858.727,2000,5857.17,5135.956,2000,5887.488,5541.575,2000,5997.188,5848.729,2000,6395.897
5760.464,2000,6415.175,5655.27,2000,5586.699,5729.958,2000,6209.449,5629.145,2000,6199.164,5732.354,2000,6308.812,5775.424,2000,6032.019,5438.218,2000,6156.625,5911.918,2000,6011.693,5723.781,2000,5946.358,5889.812,2000,6143.759,5634.497,2000,6340.838,5372.428,2000,6025.254,5675.167,2000,5688.557,5539.328,2000,6248.178,5842.813,2000,6258.128,5141.72,2000,5874.857,5858.676,2000,5858.458,5135.024,2000,5888.378,5542.274,2000,5998.27,5849.068,2000,6397.14
5762.684,2000,6417.438,5655.901,2000,5589.806,5730.989,2000,6212.446,5630.208,2000,6202.151,5735.179,2000,6310.251,5775.1,2000,6035.173,5440.761,2000,6158.518,5911.375,2000,6014.816,5724.771,2000,5949.37,5889.26,2000,6146.881,5637.358,2000,6342.193,5374.758,2000,6027.403,5675.797,2000,5691.664,5540.433,2000,6251.149,5842.583,2000,6261.29,5139.993,2000,5877.515,5858.551,2000,5861.625,5132.805,2000,5890.642,5543.994,2000,6000.934,5850.002,2000,6400.169
5763.265,2000,6418.069,5656.072,2000,5590.647,5731.295,2000,6213.248,5630.52,2000,6202.95,5735.93,2000,6310.666,5775.041,2000,6036.029,5441.448,2000,6159.032,5911.231,2000,6015.662,5725.012,2000,5950.193,5889.115,2000,6147.727,5638.121,2000,6342.584,5375.388,2000,6027.986,5675.968,2000,5692.504,5540.758,2000,6251.943,5842.493,2000,6262.143,5139.502,2000,5878.219,5858.519,2000,5862.483,5132.225,2000,5891.274,5544.458,2000,6001.655,5850.281,2000,6400.98
5765.457,2000,6420.617,5656.745,2000,5593.94,5732.594,2000,6216.348,5631.777,2000,6206.067,5738.818,2000,6312.385,5774.917,2000,6039.387,5444.133,2000,6161.054,5910.671,2000,6018.976,5725.851,2000,5953.448,5888.553,2000,6151.041,5641.059,2000,6344.208,5377.85,2000,6030.274,5676.641,2000,5695.797,5542.061,2000,6255.042,5842.03,2000,6265.471,5137.49,2000,5880.911,5858.396,2000,5865.841,5130.034,2000,5893.823,5546.274,2000,6004.482,5851.479,2000,6404.12
5766.559,2000,6421.987,5657.097,2000,5595.663,5733.326,2000,6217.947,5632.478,2000,6207.68,5740.299,2000,6313.333,5774.91,2000,6041.146,5445.535,2000,6162.115,5910.381,2000,6020.711,5726.233,2000,5955.165,5888.264,2000,6152.775,5642.569,2000,6345.105,5379.136,2000,6031.473,5676.994,2000,5697.521,5542.794,2000,6256.64,5841.731,2000,6267.205,5136.392,2000,5882.285,5858.333,2000,5867.599,5128.932,2000,5895.193,5547.224,2000,6005.963,5852.16,2000,6405.742
5767.871,2000,6423.73,5657.535,2000,5597.8,5734.299,2000,6219.899,5633.404,2000,6209.655,5742.097,2000,6314.569,5774.972,2000,6043.327,5447.272,2000,6163.435,5910.026,2000,6022.863,5726.638,2000,5957.308,5887.911,2000,6154.928,5644.407,2000,6346.275,5380.73,2000,6032.963,5677.431,2000,5699.658,5543.735,2000,6258.608,5841.29,2000,6269.341,5134.975,2000,5883.943,5858.258,2000,5869.779,5127.621,2000,5896.937,5548.399,2000,6007.801,5853.07,2000,6407.725
5769.112,2000,6425.498,5657.968,2000,5599.916,5735.325,2000,6221.8,5634.367,2000,6211.588,5743.835,2000,6315.85,5775.104,2000,6045.482,5448.988,2000,6164.746,5909.679,2000,6024.995,5726.969,2000,5959.442,5887.567,2000,6157.06,5646.19,2000,6347.489,5382.305,2000,6034.44,5677.866,2000,5701.773,5544.721,2000,6260.53,5840.785,2000,6271.441,5133.519,2000,5885.539,5858.186,2000,5871.938,5126.38,2000,5898.705,5549.561,2000,6009.622,5854.034,2000,6409.657
5770.111,2000,6427.025,5658.336,2000,5601.704,5736.244,2000,6223.377,5635.23,2000,6213.197,5745.269,2000,6316.98,5775.276,2000,6047.299,5450.436,2000,6165.857,5909.389,2000,6026.797,5727.19,2000,5961.254,5887.282,2000,6158.863,5647.666,2000,6348.56,5383.634,2000,6035.692,5678.233,2000,5703.561,5545.598,2000,6262.131,5840.299,2000,6273.201,5132.244,2000,5886.846,5858.126,2000,5873.762,5125.381,2000,5900.232,5550.542,2000,6011.162,5854.902,2000,6411.263
5771.453,2000,6429.229,5658.855,2000,5604.231,5737.615,2000,6225.563,5636.515,2000,6215.435,5747.242,2000,6318.643,5775.602,2000,6049.859,5452.479,2000,6167.434,5908.982,2000,6029.345,5727.418,2000,5963.825,5886.884,2000,6161.413,5649.704,2000,6350.138,5385.51,2000,6037.463,5678.754,2000,5706.088,5546.896,2000,6264.361,5839.532,2000,6275.664,5130.384,2000,5888.633,5858.045,2000,5876.341,5124.041,2000,5902.437,5551.925,2000,6013.339,5856.202,2000,6413.492
5772.411,2000,6430.925,5659.25,2000,5606.139,5738.704,2000,6227.178,5637.533,2000,6217.095,5748.689,2000,6319.946,5775.912,2000,6051.782,5454.018,2000,6168.628,5908.68,2000,6031.269,5727.526,2000,5965.77,5886.59,2000,6163.338,5651.209,2000,6351.371,5386.924,2000,6038.803,5679.147,2000,5707.996,5547.929,2000,6266.012,5838.893,2000,6277.504,5128.936,2000,5889.936,5857.985,2000,5878.288,5123.083,2000,5904.133,5552.967,2000,6014.985,5857.238,2000,6415.141
5773.541,2000,6433.088,5659.743,2000,5608.53,5740.133,2000,6229.156,5638.872,2000,6219.136,5750.448,2000,6321.638,5776.378,2000,6054.178,5455.942,2000,6170.129,5908.305,2000,6033.681,5727.583,2000,5968.21,5886.227,2000,6165.751,5653.044,2000,6352.978,5388.693,2000,6040.485,5679.642,2000,5710.386,5549.271,2000,6268.051,5838.167,2000,6279.834,5127.069,2000,5891.509,5857.913,2000,5880.728,5121.954,2000,5906.297,5554.271,2000,6017.048,5858.604,2000,6417.165
5774.495,2000,6435.07,5660.189,2000,5610.684,5741.479,2000,6230.896,5640.126,2000,6220.942,5751.983,2000,6323.214,5776.869,2000,6056.322,5457.673,2000,6171.487,5907.971,2000,6035.855,5727.561,2000,5970.41,5885.905,2000,6167.928,5654.655,2000,6354.473,5390.285,2000,6042.004,5680.087,2000,5712.54,5550.536,2000,6269.851,5837.583,2000,6281.955,5125.341,2000,5892.87,5857.85,2000,5882.927,5121.001,2000,5908.28,5555.443,2000,6018.91,5859.893,2000,6418.947
5775.384,2000,6437.084,5660.636,2000,5612.839,5742.883,2000,6232.592,5641.436,2000,6222.711,5753.466,2000,6324.84,5777.43,2000,6058.45,5459.402,2000,6172.85,5907.64,2000,6038.032,5727.468,2000,5972.609,5885.588,2000,6170.106,5656.22,2000,6356.018,5391.875,2000,6043.526,5680.535,2000,5714.695,5551.846,2000,6271.62,5837.067,2000,6284.095,5123.569,2000,5894.175,5857.788,2000,5885.127,5120.112,2000,5910.294,5556.614,2000,6020.773,5861.241,2000,6420.687
5776.209,2000,6439.13,5661.085,2000,5614.999,5744.344,2000,6234.245,5642.796,2000,6224.448,5754.899,2000,6326.518,5778.062,2000,6060.563,5461.131,2000,6174.22,5907.312,2000,6040.213,5727.302,2000,5974.809,5885.276,2000,6172.29,5657.741,2000,6357.613,5393.465,2000,6045.055,5680.984,2000,5716.855,5553.206,2000,6273.356,5836.622,2000,6286.255,5121.75,2000,5895.424,5857.729,2000,5887.332,5119.289,2000,5912.34,5557.786,2000,6022.643,5862.648,2000,6422.386
5776.967,2000,6441.203,5661.535,2000,5617.16,5745.859,2000,6235.85,5644.207,2000,6226.146,5756.276,2000,6328.242,5778.763,2000,6062.656,5462.857,2000,6175.595,5906.987,2000,6042.396,5727.064,2000,5977.003,5884.968,2000,6174.475,5659.217,2000,6359.252,5395.054,2000,6046.586,5681.434,2000,5719.016,5554.612,2000,6275.057,5836.246,2000,6288.431,5119.891,2000,5896.614,5857.67,2000,5889.539,5118.532,2000,5914.414,5558.956,2000,6024.514,5864.111,2000,6424.039
5777.58,2000,6443.069,5661.935,2000,5619.083,5747.253,2000,6237.233,5645.502,2000,6227.622,5757.451,2000,6329.816,5779.325,2000,6064.538,5464.389,2000,6176.824,5906.702,2000,6044.339,5726.917,2000,5978.961,5884.7,2000,6176.42,5660.489,2000,6360.746,5396.464,2000,6047.953,5681.834,2000,5720.939,5555.906,2000,6276.535,5835.976,2000,6290.376,5118.203,2000,5897.618,5857.621,2000,5891.502,5117.919,2000,5916.279,5559.993,2000,6026.182,5865.46,2000,6425.466
5778.512,2000,6446.248,5662.611,2000,5622.326,5749.68,2000,6239.488,5647.764,2000,6230.043,5759.345,2000,6332.534,5780.169,2000,6067.742,5466.97,2000,6178.9,5906.224,2000,6047.618,5726.776,2000,5982.271,5884.25,2000,6179.703,5662.552,2000,6363.334,5398.841,2000,6050.26,5682.509,2000,5724.183,5558.127,2000,6278.992,5835.627,2000,6293.67,5115.302,2000,5899.217,5857.54,2000,5894.814,5116.989,2000,5919.459,5561.742,2000,6028.995,5867.814,2000,6427.798
5778.696,2000,6446.963,5662.762,2000,5623.049,5750.238,2000,6239.973,5648.274,2000,6230.578,5759.748,2000,6333.154,5780.334,2000,6068.462,5467.544,2000,6179.365,5906.118,2000,6048.349,5726.769,2000,5983.01,5884.152,2000,6180.435,5663.025,2000,6363.901,5399.37,2000,6050.776,5682.661,2000,5724.906,5558.64,2000,6279.524,5835.573,2000,6294.407,5114.644,2000,5899.552,5857.522,2000,5895.553,5116.805,2000,5920.174,5562.131,2000,6029.623,5868.355,2000,6428.3
5779.316,2000,6449.74,5663.345,2000,5625.833,5752.444,2000,6241.769,5650.306,2000,6232.569,5761.218,2000,6335.589,5780.878,2000,6071.254,5469.75,2000,6181.162,5905.717,2000,6051.166,5726.834,2000,5985.854,5883.779,2000,6183.255,5664.772,2000,6366.143,5401.403,2000,6052.766,5683.243,2000,5727.69,5560.632,2000,6281.555,5835.459,2000,6297.25,5112.067,2000,5900.76,5857.456,2000,5898.397,5116.186,2000,5922.951,5563.626,2000,6032.044,5870.503,2000,6430.167
5779.729,2000,6451.924,5663.8,2000,5628.008,5754.212,2000,6243.114,5651.935,2000,6234.081,5762.303,2000,6337.528,5781.231,2000,6073.448,5471.47,2000,6182.57,5905.407,2000,6053.366,5726.958,2000,5988.073,5883.493,2000,6185.459,5666.079,2000,6367.938,5402.988,2000,6054.323,5683.699,2000,5729.865,5562.239,2000,6283.089,5835.443,2000,6299.472,5110.025,2000,5901.636,5857.406,2000,5900.619,5115.774,2000,5925.135,5564.791,2000,6033.936,5872.227,2000,6431.568
5780.066,2000,6454.097,5664.251,2000,5630.161,5756.005,2000,6244.388,5653.596,2000,6235.522,5763.314,2000,6339.481,5781.509,2000,6075.63,5473.167,2000,6183.968,5905.103,2000,6055.544,5727.152,2000,5990.264,5883.213,2000,6187.641,5667.314,2000,6369.756,5404.554,2000,6055.868,5684.15,2000,5732.018,5563.858,2000,6284.578,5835.5,2000,6301.671,5107.977,2000,5902.438,5857.357,2000,5902.817,5115.437,2000,5927.308,5565.94,2000,6035.811,5873.978,2000,6432.899
5780.351,2000,6456.435,5664.733,2000,5632.466,5757.969,2000,6245.689,5655.42,2000,6237.013,5764.328,2000,6341.607,5781.73,2000,6077.975,5474.98,2000,6185.473,5904.782,2000,6057.877,5727.437,2000,5992.602,5882.92,2000,6189.978,5668.572,2000,6371.745,5406.227,2000,6057.526,5684.634,2000,5734.323,5565.64,2000,6286.117,5835.637,2000,6304.022,5105.756,2000,5903.223,5857.308,2000,5905.172,5115.153,2000,5929.646,5567.168,2000,6037.821,5875.899,2000,6434.263
5780.619,2000,6459.447,5665.355,2000,5635.426,5760.544,2000,6247.275,5657.823,2000,6238.849,5765.54,2000,6344.378,5782.099,2000,6080.977,5477.304,2000,6187.408,5904.372,2000,6060.874,5727.732,2000,5995.612,5882.547,2000,6192.979,5670.103,2000,6374.35,5408.372,2000,6059.658,5685.253,2000,5737.283,5567.984,2000,6288.027,5835.911,2000,6307.034,5102.874,2000,5904.138,5857.246,2000,5908.196,5114.886,2000,5932.658,5568.742,2000,6040.403,5878.421,2000,6435.931
5780.777,2000,6460.743,5665.623,2000,5636.704,5761.677,2000,6247.924,5658.879,2000,6239.616,5766.024,2000,6345.591,5782.23,2000,6082.275,5478.305,2000,6188.247,5904.197,2000,6062.167,5727.899,2000,5996.907,5882.389,2000,6194.274,5670.726,2000,6375.496,5409.296,2000,6060.581,5685.521,2000,5738.561,5569.021,2000,6288.819,5836.072,2000,6308.33,5101.617,2000,5904.492,5857.22,2000,5909.501,5114.814,2000,5933.962,5569.42,2000,6041.519,5879.486,2000,6436.687
5781.125,2000,6462.986,5666.089,2000,5638.925,5763.683,2000,6248.986,5660.759,2000,6240.889,5766.795,2000,6347.726,5782.523,2000,6084.526,5480.041,2000,6189.708,5903.895,2000,6064.417,5728.139,2000,5999.164,5882.116,2000,6196.528,5671.745,2000,6377.522,5410.899,2000,6062.187,5685.987,2000,5740.782,5570.857,2000,6290.153,5836.426,2000,6310.572,5099.414,2000,5905.036,5857.175,2000,5911.77,5114.762,2000,5936.231,5570.596,2000,6043.459,5881.293,2000,6438.06
5781.495,2000,6464.942,5666.498,2000,5640.873,5765.472,2000,6249.859,5662.439,2000,6241.956,5767.411,2000,6349.62,5782.736,2000,6086.505,5481.56,2000,6190.996,5903.633,2000,6066.391,5728.403,2000,6001.137,5881.881,2000,6198.505,5672.579,2000,6379.328,5412.303,2000,6063.598,5686.396,2000,5742.731,5572.502,2000,6291.273,5836.8,2000,6312.528,5097.466,2000,5905.449,5857.138,2000,5913.761,5114.782,2000,5938.222,5571.625,2000,6045.164,5882.838,2000,6439.316
5782.037,2000,6467.373,5667.009,2000,5643.31,5767.745,2000,6250.878,5664.584,2000,6243.221,5768.102,2000,6352.012,5783.069,2000,6088.973,5483.455,2000,6192.611,5903.308,2000,6068.859,5728.68,2000,6003.611,5881.592,2000,6200.978,5673.549,2000,6381.62,5414.055,2000,6065.368,5686.906,2000,5745.168,5574.601,2000,6292.613,5837.348,2000,6314.957,5095.015,2000,5905.886,5857.092,2000,5916.25,5114.888,2000,5940.709,5572.908,2000,6047.298,5884.718,2000,6440.949
5782.66,2000,6469.79,5667.521,2000,5645.753,5770.054,2000,6251.824,5666.772,2000,6244.422,5768.873,2000,6354.385,5783.483,2000,6091.435,5485.348,2000,6194.237,5902.902,2000,6071.322,5729.021,2000,6006.083,5881.306,2000,6203.458,5674.445,2000,6383.947,5415.807,2000,6067.146,5687.418,2000,5747.611,5576.745,2000,6293.89,5837.976,2000,6317.373,5092.544,2000,5906.244,5857.048,2000,5918.746,5115.076,2000,5943.198,5574.19,2000,6049.439,5886.548,2000,6442.647
5783.385,2000,6472.263,5668.049,2000,5648.276,5772.47,2000,6252.722,5669.069,2000,6245.591,5769.749,2000,6356.81,5783.994,2000,6093.961,5487.3,2000,6195.92,5902.399,2000,6073.85,5729.455,2000,6008.625,5880.928,2000,6206.007,5675.291,2000,6386.379,5417.614,2000,6068.985,5687.947,2000,5750.134,5578.997,2000,6295.142,5838.707,2000,6319.845,5089.982,2000,5906.529,5857.003,2000,5921.323,5115.354,2000,5945.761,5575.512,2000,6051.652,5888.379,2000,6444.461
5783.905,2000,6473.846,5668.391,2000,5649.907,5774.05,2000,6253.251,5670.574,2000,6246.307,5770.366,2000,6358.357,5784.377,2000,6095.583,5488.559,2000,6197.012,5902.021,2000,6075.473,5729.787,2000,6010.257,5880.629,2000,6207.647,5675.786,2000,6387.969,5418.779,2000,6070.176,5688.289,2000,5751.765,5580.475,2000,6295.912,5839.231,2000,6321.427,5088.321,2000,5906.66,5856.975,2000,5922.989,5115.587,2000,5947.411,5576.364,2000,6053.084,5889.523,2000,6445.672
5784.678,2000,6475.959,5668.852,2000,5652.109,5776.206,2000,6253.896,5672.636,2000,6247.208,5771.238,2000,6360.432,5784.966,2000,6097.755,5490.255,2000,6198.491,5901.439,2000,6077.647,5730.305,2000,6012.447,5880.154,2000,6209.846,5676.384,2000,6390.136,5420.35,2000,6071.788,5688.75,2000,5753.967,5582.498,2000,6296.896,5840.008,2000,6323.539,5086.073,2000,5906.762,5856.938,2000,5925.239,5115.976,2000,5949.627,5577.512,2000,6055.02,5891.015,2000,6447.357
5785.52,2000,6478.049,5669.314,2000,5654.314,5778.384,2000,6254.47,5674.726,2000,6248.047,5772.111,2000,6362.509,5785.627,2000,6099.909,5491.948,2000,6199.977,5900.786,2000,6079.803,5730.892,2000,6014.622,5879.607,2000,6212.032,5676.912,2000,6392.324,5421.918,2000,6073.404,5689.213,2000,5756.172,5584.553,2000,6297.816,5840.855,2000,6325.626,5083.821,2000,5906.791,5856.901,2000,5927.492,5116.438,2000,5951.832,5578.658,2000,6056.959,5892.452,2000,6449.092
5786.43,2000,6480.109,5669.776,2000,5656.519,5780.58,2000,6254.973,5676.842,2000,6248.821,5772.983,2000,6364.586,5786.358,2000,6102.04,5493.637,2000,6201.468,5900.062,2000,6081.936,5731.547,2000,6016.777,5878.988,2000,6214.198,5677.368,2000,6394.527,5423.484,2000,6075.024,5689.675,2000,5758.377,5586.633,2000,6298.679,5841.77,2000,6327.685,5081.569,2000,5906.746,5856.866,2000,5929.744,5116.971,2000,5954.021,5579.8,2000,6058.901,5893.831,2000,6450.873
5787.408,2000,6482.142,5670.238,2000,5658.726,5782.793,2000,6255.404,5678.982,2000,6249.532,5773.789,2000,6366.692,5787.159,2000,6104.147,5495.323,2000,6202.965,5899.268,2000,6084.047,5732.271,2000,6018.913,5878.44,2000,6216.385,5677.896,2000,6396.717,5425.047,2000,6076.649,5690.138,2000,5760.584,5588.74,2000,6299.479,5842.753,2000,6329.714,5079.317,2000,5906.627,5856.831,2000,5931.999,5117.576,2000,5956.193,5580.941,2000,6060.846,5895.153,2000,6452.7
5788.453,2000,6484.141,5670.701,2000,5660.934,5785.021,2000,6255.763,5681.144,2000,6250.177,5774.524,2000,6368.825,5788.028,2000,6106.229,5497.005,2000,6204.468,5898.405,2000,6086.131,5733.062,2000,6021.026,5877.963,2000,6218.59,5678.496,2000,6398.89,5426.608,2000,6078.278,5690.601,2000,5762.792,5590.871,2000,6300.219,5843.802,2000,6331.711,5077.069,2000,5906.435,5856.796,2000,5934.254,5118.252,2000,5958.345,5582.079,2000,6062.794,5896.415,2000,6454.57
5789.563,2000,6486.106,5671.164,2000,5663.143,5787.259,2000,6256.048,5683.325,2000,6250.757,5775.191,2000,6370.981,5788.966,2000,6108.282,5498.682,2000,6205.979,5897.474,2000,6088.187,5733.919,2000,6023.114,5877.559,2000,6220.811,5679.167,2000,6401.042,5428.165,2000,6079.913,5691.063,2000,5765.001,5593.023,2000,6300.896,5844.916,2000,6333.674,5074.828,2000,5906.169,5856.763,2000,5936.511,5118.999,2000,5960.475,5583.212,2000,6064.746,5897.615,2000,6456.481
5791.188,2000,6488.778,5671.805,2000,5666.204,5790.373,2000,6256.342,5686.372,2000,6251.461,5776.016,2000,6373.998,5790.358,2000,6111.083,5501.003,2000,6208.076,5896.091,2000,6090.992,5735.202,2000,6025.966,5877.1,2000,6223.905,5680.137,2000,6404.012,5430.32,2000,6082.179,5691.705,2000,5768.062,5596.034,2000,6301.735,5846.548,2000,6336.342,5071.736,2000,5905.699,5856.717,2000,5939.638,5120.13,2000,5963.391,5584.782,2000,6067.451,5899.191,2000,6459.182
5791.6,2000,6489.406,5671.958,2000,5666.939,5791.123,2000,6256.388,5687.104,2000,6251.628,5776.19,2000,6374.728,5790.67,2000,6111.766,5501.558,2000,6208.582,5895.781,2000,6091.676,5735.52,2000,6026.646,5877.014,2000,6224.651,5680.381,2000,6404.721,5430.835,2000,6082.725,5691.859,2000,5768.797,5596.756,2000,6301.94,5846.961,2000,6336.97,5070.998,2000,5905.562,5856.707,2000,5940.389,5120.424,2000,5964.082,5585.157,2000,6068.101,5899.548,2000,6459.843
5793.418,2000,6491.996,5672.607,2000,5670.036,5794.285,2000,6256.479,5690.211,2000,6252.229,5776.824,2000,6377.828,5791.89,2000,6114.685,5503.893,2000,6210.717,5894.571,2000,6094.6,5736.819,2000,6029.531,5876.755,2000,6227.804,5681.313,2000,6407.741,5433.005,2000,6085.028,5692.507,2000,5771.894,5599.826,2000,6302.701,5848.785,2000,6339.555,5067.908,2000,5904.883,5856.662,2000,5943.553,5121.759,2000,5966.951,5586.734,2000,6070.844,5900.961,2000,6462.674
5794.376,2000,6493.27,5672.935,2000,5671.596,5795.879,2000,6256.473,5691.786,2000,6252.481,5777.091,2000,6379.4,5792.457,2000,6116.176,5505.069,2000,6211.793,5894.009,2000,6096.092,5737.434,2000,6031.002,5876.677,2000,6229.397,5681.733,2000,6409.278,5434.099,2000,6086.188,5692.833,2000,5773.455,5601.385,2000,6303.034,5849.747,2000,6340.827,5066.362,2000,5904.49,5856.639,2000,5945.147,5122.478,2000,5968.374,5587.529,2000,6072.226,5901.625,2000,6464.123
5796.045,2000,6495.342,5673.479,2000,5674.201,5798.539,2000,6256.549,5694.426,2000,6252.815,5777.624,2000,6382.007,5793.32,2000,6118.693,5507.032,2000,6213.59,5893.154,2000,6098.612,5738.379,2000,6033.49,5876.633,2000,6232.058,5682.349,2000,6411.864,5435.923,2000,6088.125,5693.378,2000,5776.059,5604.003,2000,6303.503,5851.42,2000,6342.896,5063.806,2000,5903.75,5856.602,2000,5947.808,5123.755,2000,5970.708,5588.855,2000,6074.533,5902.655,2000,6466.577
5797.355,2000,6496.865,5673.89,2000,5676.167,5800.544,2000,6256.672,5696.424,2000,6253.022,5778.09,2000,6383.961,5793.909,2000,6120.613,5508.514,2000,6214.946,5892.571,2000,6100.534,5739.031,2000,6035.39,5876.666,2000,6234.066,5682.75,2000,6413.83,5437.301,2000,6089.587,5693.79,2000,5778.025,5605.99,2000,6303.793,5852.733,2000,6344.416,5061.896,2000,5903.129,5856.573,2000,5949.816,5124.777,2000,5972.438,5589.856,2000,6076.274,5903.372,2000,6468.454
5799.646,2000,6499.359,5674.583,2000,5679.482,5803.917,2000,6256.991,5699.793,2000,6253.371,5778.984,2000,6387.228,5794.796,2000,6123.882,5511.013,2000,6217.232,5891.695,2000,6103.806,5740.024,2000,6038.628,5876.832,2000,6237.449,5683.317,2000,6417.166,5439.624,2000,6092.052,5694.482,2000,5781.341,5609.355,2000,6304.172,5855.031,2000,6346.905,5058.71,2000,5901.977,5856.525,2000,5953.203,5126.594,2000,5975.296,5591.545,2000,6079.21,5904.475,2000,6471.656
5800.174,2000,6499.897,5674.737,2000,5680.22,5804.664,2000,6257.086,5700.543,2000,6253.448,5779.159,2000,6387.961,5794.969,2000,6124.616,5511.569,2000,6217.741,5891.524,2000,6104.54,5740.222,2000,6039.356,5876.894,2000,6238.2,5683.468,2000,6417.903,5440.141,2000,6092.601,5694.637,2000,5782.079,5610.104,2000,6304.25,5855.56,2000,6347.441,5058.011,2000,5901.698,5856.515,2000,5953.957,5127.019,2000,5975.918,5591.92,2000,6079.864,5904.697,2000,6472.376
5802.47,2000,6502.089,5675.387,2000,5683.327,5807.797,2000,6257.59,5703.696,2000,6253.813,5779.794,2000,6391.07,5795.598,2000,6127.727,5513.911,2000,6219.884,5890.906,2000,6107.653,5740.952,2000,6042.445,5877.256,2000,6241.353,5684.203,2000,6420.987,5442.317,2000,6094.911,5695.286,2000,5785.186,5613.26,2000,6304.577,5857.86,2000,6349.628,5055.026,2000,5900.618,5856.47,2000,5957.13,5128.721,2000,5978.597,5593.502,2000,6082.615,5905.533,2000,6475.438
5803.664,2000,6503.156,5675.714,2000,5684.895,5809.369,2000,6257.896,5705.283,2000,6254.022,5780.063,2000,6392.649,5795.864,2000,6129.306,5515.092,2000,6220.965,5890.645,2000,6109.232,5741.27,2000,6044.014,5877.491,2000,6242.937,5684.523,2000,6422.554,5443.416,2000,6096.076,5695.614,2000,5786.753,5614.851,2000,6304.76,5859.057,2000,6350.692,5053.504,2000,5900.123,5856.447,2000,5958.731,5129.536,2000,5979.976,5594.3,2000,6084.003,5906.004,2000,6476.968
5805.71,2000,6504.868,5676.26,2000,5687.505,5811.969,2000,6258.492,5707.919,2000,6254.431,5780.425,2000,6395.292,5796.22,2000,6131.949,5517.06,2000,6222.766,5890.297,2000,6111.877,5741.712,2000,6046.645,5877.968,2000,6245.562,5684.971,2000,6425.181,5445.245,2000,6098.018,5696.16,2000,5789.364,5617.494,2000,6305.109,5861.106,2000,6352.399,5050.942,2000,5899.381,5856.41,2000,5961.398,5130.816,2000,5982.315,5595.63,2000,6086.316,5906.874,2000,6479.49
5807.297,2000,6506.11,5676.672,2000,5689.479,5813.918,2000,6259.006,5709.903,2000,6254.788,5780.633,2000,6397.297,5796.424,2000,6133.955,5518.547,2000,6224.126,5890.1,2000,6113.883,5741.982,2000,6048.643,5878.394,2000,6247.532,5685.244,2000,6427.176,5446.627,2000,6099.485,5696.572,2000,5791.337,5619.486,2000,6305.418,5862.697,2000,6353.638,5048.988,2000,5898.885,5856.381,2000,5963.414,5131.726,2000,5984.115,5596.635,2000,6088.063,5907.592,2000,6481.373
5809.338,2000,6507.602,5677.189,2000,5691.953,5816.34,2000,6259.73,5712.377,2000,6255.304,5780.976,2000,6399.801,5796.597,2000,6136.477,5520.412,2000,6225.833,5889.935,2000,6116.406,5742.237,2000,6051.157,5879.007,2000,6249.984,5685.504,2000,6429.688,5448.36,2000,6101.325,5697.089,2000,5793.812,5621.973,2000,6305.866,5864.741,2000,6355.125,5046.52,2000,5898.342,5856.346,2000,5965.941,5132.792,2000,5986.407,5597.895,2000,6090.255,5908.57,2000,6483.704
5811.215,2000,6508.882,5677.654,2000,5694.177,5818.495,2000,6260.452,5714.587,2000,6255.832,5781.21,2000,6402.062,5796.679,2000,6138.748,5522.088,2000,6227.367,5889.861,2000,6118.677,5742.393,2000,6053.424,5879.631,2000,6252.169,5685.812,2000,6431.937,5449.918,2000,6102.979,5697.554,2000,5796.036,5624.197,2000,6306.33,5866.621,2000,6356.401,5044.3,2000,5897.854,5856.313,2000,5968.213,5133.75,2000,5988.467,5599.027,2000,6092.225,5909.518,2000,6485.769
5812.729,2000,6509.844,5678.021,2000,5695.932,5820.176,2000,6261.077,5716.318,2000,6256.301,5781.453,2000,6403.838,5796.684,2000,6140.542,5523.411,2000,6228.578,5889.862,2000,6120.47,5742.458,2000,6055.216,5880.18,2000,6253.877,5685.996,2000,6433.719,5451.148,2000,6104.284,5697.921,2000,5797.791,5625.94,2000,6306.746,5868.137,2000,6357.359,5042.549,2000,5897.47,5856.288,2000,5970.006,5134.507,2000,5990.093,5599.921,2000,6093.779,5910.318,2000,6487.374
5815.596,2000,6511.536,5678.702,2000,5699.191,5823.257,2000,6262.338,5719.504,2000,6257.269,5781.796,2000,6407.15,5796.585,2000,6143.87,5525.868,2000,6230.825,5889.971,2000,6123.798,5742.468,2000,6058.546,5881.301,2000,6257.012,5686.447,2000,6437.014,5453.432,2000,6106.707,5698.602,2000,5801.05,5629.153,2000,6307.616,5871.008,2000,6359.045,5039.297,2000,5896.755,5856.241,2000,5973.335,5135.911,2000,5993.112,5601.581,2000,6096.666,5911.901,2000,6490.303
5816.313,2000,6511.991,5678.875,2000,5700.021,5824.031,2000,6262.686,5720.308,2000,6257.541,5781.912,2000,6407.991,5796.533,2000,6144.716,5526.494,2000,6231.398,5890.027,2000,6124.645,5742.443,2000,6059.394,5881.613,2000,6257.801,5686.535,2000,6437.857,5454.014,2000,6107.325,5698.775,2000,5801.881,5629.965,2000,6307.863,5871.726,2000,6359.498,5038.468,2000,5896.573,5856.229,2000,5974.183,5136.269,2000,5993.881,5602.004,2000,6097.401,5912.329,2000,6491.036
5818.904,2000,6513.758,5679.516,2000,5703.092,5826.85,2000,6264.062,5723.245,2000,6258.641,5782.438,2000,6411.083,5796.235,2000,6147.839,5528.808,2000,6233.516,5890.335,2000,6127.766,5742.248,2000,6062.525,5882.86,2000,6260.679,5686.756,2000,6440.983,5456.165,2000,6109.608,5699.417,2000,5804.951,5632.935,2000,6308.869,5874.321,2000,6361.26,5035.405,2000,5895.9,5856.185,2000,5977.319,5137.592,2000,5996.726,5603.567,2000,6100.12,5913.998,2000,6493.692
5822.188,2000,6516.159,5680.348,2000,5707.075,5830.446,2000,6265.965,5727.007,2000,6260.189,5783.252,2000,6415.069,5795.716,2000,6151.874,5531.809,2000,6236.262,5890.867,2000,6131.799,5741.861,2000,6066.575,5884.6,2000,6264.356,5687.175,2000,6445.026,5458.955,2000,6112.569,5700.247,2000,5808.934,5636.744,2000,6310.295,5877.61,2000,6363.653,5031.431,2000,5895.027,5856.127,2000,5981.387,5139.308,2000,6000.415,5605.595,2000,6103.647,5916.273,2000,6497.064
5822.637,2000,6516.51,5680.464,2000,5707.633,5830.94,2000,6266.248,5727.527,2000,6260.423,5783.385,2000,6415.623,5795.625,2000,6152.437,5532.229,2000,6236.646,5890.959,2000,6132.362,5741.789,2000,6067.14,5884.86,2000,6264.863,5687.252,2000,6445.59,5459.346,2000,6112.983,5700.364,2000,5809.491,5637.271,2000,6310.512,5878.06,2000,6364.003,5030.875,2000,5894.905,5856.119,2000,5981.957,5139.548,2000,6000.931,5605.879,2000,6104.141,5916.607,2000,6497.526
5824.333,2000,6517.93,5680.917,2000,5709.798,5832.824,2000,6267.409,5729.514,2000,6261.395,5783.968,2000,6417.757,5795.2,2000,6154.607,5533.861,2000,6238.14,5891.392,2000,6134.531,5741.435,2000,6069.324,5885.934,2000,6266.797,5687.623,2000,6447.769,5460.863,2000,6114.593,5700.815,2000,5811.657,5639.288,2000,6311.419,5879.76,2000,6365.419,5028.714,2000,5894.431,5856.087,2000,5984.169,5140.481,2000,6002.937,5606.982,2000,6106.059,5917.962,2000,6499.275
5826.038,2000,6519.453,5681.383,2000,5712.036,5834.729,2000,6268.671,5731.534,2000,6262.465,5784.643,2000,6419.941,5794.688,2000,6156.835,5535.548,2000,6239.683,5891.911,2000,6136.757,5740.996,2000,6071.567,5887.109,2000,6268.757,5688.08,2000,6450.006,5462.43,2000,6116.257,5701.283,2000,5813.894,5641.341,2000,6312.423,5881.467,2000,6366.938,5026.481,2000,5893.94,5856.055,2000,5986.455,5141.445,2000,6005.01,5608.121,2000,6108.041,5919.42,2000,6501.035
5827.692,2000,6521.033,5681.852,2000,5714.275,5836.594,2000,6269.996,5733.519,2000,6263.602,5785.39,2000,6422.103,5794.103,2000,6159.046,5537.235,2000,6241.227,5892.503,2000,6138.967,5740.483,2000,6073.796,5888.348,2000,6270.68,5688.61,2000,6452.229,5463.999,2000,6117.921,5701.75,2000,5816.133,5643.361,2000,6313.495,5883.125,2000,6368.514,5024.248,2000,5893.45,5856.023,2000,5988.742,5142.41,2000,6007.084,5609.261,2000,6110.023,5920.937,2000,6502.748
5828.795,2000,6522.157,5682.173,2000,5715.817,5837.848,2000,6270.95,5734.911,2000,6264.34,5785.952,2000,6423.575,5793.75,2000,6160.582,5538.397,2000,6242.29,5892.861,2000,6140.501,5740.081,2000,6075.319,5889.245,2000,6271.975,5689.025,2000,6453.747,5465.079,2000,6119.068,5702.072,2000,5817.675,5644.728,2000,6314.277,5884.231,2000,6369.636,5022.709,2000,5893.112,5856,2000,5990.317,5143.074,2000,6008.512,5610.046,2000,6111.389,5922.019,2000,6503.893
5830.829,2000,6524.371,5682.788,2000,5718.759,5840.179,2000,6272.847,5737.611,2000,6265.66,5787.117,2000,6426.346,5793.173,2000,6163.531,5540.615,2000,6244.319,5893.448,2000,6143.449,5739.407,2000,6078.249,5891.035,2000,6274.389,5689.912,2000,6456.617,5467.14,2000,6121.255,5702.685,2000,5820.618,5647.383,2000,6315.685,5886.27,2000,6371.845,5019.773,2000,5892.467,5855.958,2000,5993.322,5144.342,2000,6011.237,5611.544,2000,6113.995,5924.154,2000,6506.008
5832.324,2000,6526.108,5683.255,2000,5721.003,5841.908,2000,6274.352,5739.703,2000,6266.598,5788.074,2000,6428.429,5792.807,2000,6165.794,5542.306,2000,6245.866,5893.822,2000,6145.71,5738.967,2000,6080.498,5892.459,2000,6276.185,5690.66,2000,6458.782,5468.712,2000,6122.924,5703.154,2000,5822.861,5649.443,2000,6316.691,5887.769,2000,6373.579,5017.534,2000,5891.975,5855.926,2000,5995.614,5145.309,2000,6013.316,5612.687,2000,6115.982,5925.834,2000,6507.567
5833.219,2000,6527.221,5683.548,2000,5722.401,5842.955,2000,6275.324,5741.024,2000,6267.14,5788.712,2000,6429.706,5792.625,2000,6167.211,5543.36,2000,6246.83,5894.009,2000,6147.126,5738.739,2000,6081.908,5893.383,2000,6277.274,5691.169,2000,6460.115,5469.692,2000,6123.963,5703.445,2000,5824.259,5650.746,2000,6317.275,5888.667,2000,6374.689,5016.14,2000,5891.668,5855.906,2000,5997.042,5145.911,2000,6014.611,5613.399,2000,6117.22,5926.912,2000,6508.504
5835.12,2000,6529.748,5684.192,2000,5725.497,5845.199,2000,6277.551,5743.987,2000,6268.243,5790.217,2000,6432.487,5792.324,2000,6170.359,5545.693,2000,6248.965,5894.319,2000,6150.273,5738.336,2000,6085.044,5895.507,2000,6279.617,5692.394,2000,6463.028,5471.86,2000,6126.265,5704.092,2000,5827.354,5653.671,2000,6318.475,5890.574,2000,6377.212,5013.051,2000,5890.99,5855.861,2000,6000.204,5147.244,2000,6017.478,5614.975,2000,6119.961,5929.366,2000,6510.499
5835.943,2000,6530.919,5684.485,2000,5726.897,5846.182,2000,6278.591,5745.344,2000,6268.698,5790.939,2000,6433.723,5792.235,2000,6171.788,5546.749,2000,6249.931,5894.413,2000,6151.701,5738.2,2000,6086.469,5896.502,2000,6280.646,5692.991,2000,6464.328,5472.842,2000,6127.306,5704.383,2000,5828.756,5655.012,2000,6318.974,5891.399,2000,6378.381,5011.653,2000,5890.683,5855.841,2000,6001.635,5147.848,2000,6018.776,5615.688,2000,6121.202,5930.505,2000,6511.365
5837.676,2000,6533.567,5685.13,2000,5729.996,5848.278,2000,6280.962,5748.31,2000,6269.802,5792.624,2000,6436.401,5792.141,2000,6174.951,5549.084,2000,6252.067,5894.517,2000,6154.864,5738.003,2000,6089.627,5898.776,2000,6282.847,5694.404,2000,6467.158,5475.012,2000,6129.609,5705.031,2000,5831.854,5658.012,2000,6319.98,5893.138,2000,6381.025,5008.563,2000,5890.003,5855.796,2000,6004.799,5149.182,2000,6021.646,5617.266,2000,6123.945,5933.086,2000,6513.196
5838.873,2000,6535.533,5685.601,2000,5732.249,5849.745,2000,6282.735,5750.439,2000,6270.675,5793.913,2000,6438.308,5792.148,2000,6177.252,5550.782,2000,6253.621,5894.518,2000,6157.166,5737.935,2000,6091.928,5900.481,2000,6284.393,5695.499,2000,6469.181,5476.59,2000,6131.284,5705.5,2000,5834.106,5660.169,2000,6320.783,5894.339,2000,6382.988,5006.315,2000,5889.51,5855.763,2000,6007.101,5150.153,2000,6023.732,5618.413,2000,6125.94,5935.006,2000,6514.466
5839.877,2000,6537.312,5686.018,2000,5734.249,5850.996,2000,6284.352,5752.304,2000,6271.511,5795.111,2000,6439.963,5792.222,2000,6179.294,5552.29,2000,6255,5894.524,2000,6159.209,5737.941,2000,6093.971,5902.039,2000,6285.715,5696.529,2000,6470.944,5477.992,2000,6132.771,5705.918,2000,5836.107,5662.06,2000,6321.558,5895.348,2000,6384.766,5004.319,2000,5889.071,5855.734,2000,6009.144,5151.015,2000,6025.585,5619.432,2000,6127.712,5936.746,2000,6515.537
5841.473,2000,6540.367,5686.723,2000,5737.623,5853.014,2000,6287.145,5755.4,2000,6273.024,5797.223,2000,6442.686,5792.458,2000,6182.732,5554.832,2000,6257.327,5894.647,2000,6162.653,5738.064,2000,6097.416,5904.738,2000,6287.858,5698.364,2000,6473.86,5480.355,2000,6135.28,5706.621,2000,5839.481,5665.204,2000,6322.969,5896.951,2000,6387.817,5000.953,2000,5888.332,5855.686,2000,6012.59,5152.468,2000,6028.71,5621.149,2000,6130.7,5939.739,2000,6517.247
5841.851,2000,6541.035,5686.879,2000,5738.374,5853.443,2000,6287.781,5756.078,2000,6273.384,5797.713,2000,6443.277,5792.536,2000,6183.496,5555.398,2000,6257.845,5894.7,2000,6163.419,5738.067,2000,6098.183,5905.354,2000,6288.315,5698.793,2000,6474.496,5480.881,2000,6135.838,5706.778,2000,5840.232,5665.893,2000,6323.306,5897.285,2000,6388.507,5000.203,2000,5888.167,5855.675,2000,6013.357,5152.792,2000,6029.406,5621.554,2000,6131.352,5940.392,2000,6517.649
5843.7,2000,6544.072,5687.607,2000,5741.854,5855.333,2000,6290.793,5759.164,2000,6275.151,5800.071,2000,6445.938,5793.011,2000,6187.02,5558.021,2000,6260.246,5895.06,2000,6166.957,5737.961,2000,6101.737,5908.278,2000,6290.339,5700.879,2000,6477.375,5483.32,2000,6138.426,5707.503,2000,5843.713,5669.035,2000,6324.971,5898.729,2000,6391.757,4996.73,2000,5887.404,5855.625,2000,6016.913,5154.291,2000,6032.63,5623.524,2000,6134.312,5943.358,2000,6519.611
5844.495,2000,6545.288,5687.903,2000,5743.276,5856.064,2000,6292.048,5760.4,2000,6275.914,5801.069,2000,6446.993,5793.252,2000,6188.452,5559.093,2000,6261.226,5895.253,2000,6168.396,5737.871,2000,6103.187,5909.499,2000,6291.126,5701.769,2000,6478.522,5484.316,2000,6139.483,5707.8,2000,5845.135,5670.295,2000,6325.692,5899.275,2000,6393.103,4995.312,2000,5887.093,5855.604,2000,6018.365,5154.903,2000,6033.947,5624.368,2000,6135.494,5944.542,2000,6520.451
5846.514,2000,6548.162,5688.622,2000,5746.714,5857.732,2000,6295.139,5763.327,2000,6277.854,5803.565,2000,6449.464,5793.948,2000,6191.894,5561.684,2000,6263.597,5895.836,2000,6171.859,5737.538,2000,6106.683,5912.511,2000,6292.932,5704.01,2000,6481.225,5486.725,2000,6142.04,5708.516,2000,5848.573,5673.284,2000,6327.536,5900.488,2000,6396.398,4991.881,2000,5886.339,5855.554,2000,6021.876,5156.384,2000,6037.132,5626.5,2000,6138.284,5947.338,2000,6522.576
5848.365,2000,6550.623,5689.25,2000,5749.729,5859.105,2000,6297.896,5765.837,2000,6279.639,5805.824,2000,6451.558,5794.656,2000,6194.891,5563.956,2000,6265.675,5896.446,2000,6174.878,5737.145,2000,6109.737,5915.203,2000,6294.428,5706.052,2000,6483.53,5488.836,2000,6144.281,5709.146,2000,5851.587,5675.85,2000,6329.238,5901.457,2000,6399.322,4988.874,2000,5885.679,5855.511,2000,6024.956,5157.683,2000,6039.924,5628.45,2000,6140.668,5949.728,2000,6524.519
5849.004,2000,6551.416,5689.458,2000,5750.726,5859.529,2000,6298.821,5766.647,2000,6280.256,5806.593,2000,6452.225,5794.923,2000,6195.874,5564.707,2000,6266.363,5896.642,2000,6175.877,5736.982,2000,6110.743,5916.109,2000,6294.893,5706.751,2000,6484.27,5489.535,2000,6145.022,5709.354,2000,5852.584,5676.68,2000,6329.828,5901.746,2000,6400.298,4987.879,2000,5885.46,5855.497,2000,6025.974,5158.113,2000,6040.848,5629.12,2000,6141.435,5950.497,2000,6525.187
5850.313,2000,6552.938,5689.867,2000,5752.691,5860.305,2000,6300.673,5768.204,2000,6281.524,5808.151,2000,6453.491,5795.512,2000,6197.793,5566.188,2000,6267.718,5897.067,2000,6177.839,5736.597,2000,6112.713,5917.924,2000,6295.751,5708.178,2000,6485.682,5490.912,2000,6146.483,5709.765,2000,5854.55,5678.277,2000,6331.044,5902.251,2000,6402.241,4985.918,2000,5885.029,5855.468,2000,6027.981,5158.959,2000,6042.668,5630.489,2000,6142.903,5951.968,2000,6526.553
5851.567,2000,6554.303,5690.247,2000,5754.506,5860.965,2000,6302.405,5769.602,2000,6282.741,5809.552,2000,6454.706,5796.113,2000,6199.547,5567.556,2000,6268.97,5897.501,2000,6179.642,5736.181,2000,6114.52,5919.625,2000,6296.489,5709.538,2000,6486.942,5492.183,2000,6147.833,5710.143,2000,5856.365,5679.715,2000,6332.215,5902.776,2000,6404.02,4984.107,2000,5884.631,5855.442,2000,6029.835,5159.741,2000,6044.349,5631.798,2000,6144.216,5953.285,2000,6527.858
5853.838,2000,6556.618,5690.908,2000,5757.68,5862.02,2000,6305.472,5771.977,2000,6284.949,5811.93,2000,6456.911,5797.265,2000,6202.579,5569.948,2000,6271.159,5898.331,2000,6182.777,5735.352,2000,6117.655,5922.641,2000,6297.681,5711.986,2000,6489.067,5494.407,2000,6150.193,5710.807,2000,5859.539,5682.16,2000,6334.344,5903.796,2000,6407.098,4980.94,2000,5883.936,5855.396,2000,6033.077,5161.108,2000,6047.289,5634.161,2000,6146.437,5955.513,2000,6530.214
5854.467,2000,6557.218,5691.085,2000,5758.531,5862.275,2000,6306.302,5772.593,2000,6285.562,5812.547,2000,6457.522,5797.6,2000,6203.38,5570.589,2000,6271.745,5898.576,2000,6183.61,5735.157,2000,6118.501,5923.458,2000,6297.974,5712.624,2000,6489.658,5495.002,2000,6150.825,5710.984,2000,5860.389,5682.796,2000,6334.936,5904.097,2000,6407.913,4980.091,2000,5883.749,5855.384,2000,6033.946,5161.475,2000,6048.077,5634.774,2000,6147.053,5956.121,2000,6530.834
5856.843,2000,6559.342,5691.735,2000,5761.651,5863.113,2000,6309.377,5774.78,2000,6287.879,5814.738,2000,6459.837,5798.924,2000,6206.279,5572.94,2000,6273.896,5899.533,2000,6186.65,5734.545,2000,6121.629,5926.493,2000,6298.949,5714.888,2000,6491.899,5497.188,2000,6153.145,5711.636,2000,5863.509,5685.058,2000,6337.181,5905.295,2000,6410.866,4976.979,2000,5883.065,5855.339,2000,6037.132,5162.818,2000,6050.967,5636.948,2000,6149.383,5958.426,2000,6533.035
5858.665,2000,6560.866,5692.221,2000,5763.976,5863.662,2000,6311.688,5776.353,2000,6289.66,5816.313,2000,6461.615,5799.981,2000,6208.406,5574.692,2000,6275.5,5900.308,2000,6188.896,5734.165,2000,6123.974,5928.777,2000,6299.602,5716.521,2000,6493.625,5498.817,2000,6154.874,5712.12,2000,5865.834,5686.688,2000,6338.909,5906.26,2000,6413.037,4974.658,2000,5882.556,5855.305,2000,6039.507,5163.82,2000,6053.121,5638.511,2000,6151.171,5960.197,2000,6534.618
5861.447,2000,6563.354,5692.981,2000,5767.629,5864.404,2000,6315.345,5778.731,2000,6292.536,5818.695,2000,6464.487,5801.751,2000,6211.692,5577.445,2000,6278.019,5901.61,2000,6192.393,5733.689,2000,6127.675,5932.396,2000,6300.509,5718.996,2000,6496.417,5501.376,2000,6157.589,5712.883,2000,5869.487,5689.158,2000,6341.706,5907.886,2000,6416.396,4971.013,2000,5881.755,5855.252,2000,6043.239,5165.394,2000,6056.504,5640.874,2000,6154.06,5963.059,2000,6537.013
5861.866,2000,6563.754,5693.1,2000,5768.197,5864.501,2000,6315.917,5779.085,2000,6292.994,5819.057,2000,6464.94,5802.042,2000,6212.193,5577.873,2000,6278.41,5901.828,2000,6192.93,5733.634,2000,6128.251,5932.963,2000,6300.631,5719.366,2000,6496.864,5501.773,2000,6158.011,5713.001,2000,5870.055,5689.527,2000,6342.152,5908.155,2000,6416.909,4970.447,2000,5881.63,5855.244,2000,6043.818,5165.638,2000,6057.03,5641.226,2000,6154.521,5963.491,2000,6537.399
5864.092,2000,6566.023,5693.748,2000,5771.31,5864.929,2000,6319.067,5780.947,2000,6295.572,5821.01,2000,6467.449,5803.73,2000,6214.888,5580.219,2000,6280.556,5903.078,2000,6195.853,5733.436,2000,6131.425,5936.091,2000,6301.201,5721.347,2000,6499.351,5503.954,2000,6160.325,5713.652,2000,5873.167,5691.472,2000,6344.668,5909.725,2000,6419.674,4967.342,2000,5880.948,5855.199,2000,6046.998,5166.979,2000,6059.913,5643.073,2000,6157.108,5965.791,2000,6539.595
5864.679,2000,6566.662,5693.925,2000,5772.159,5865.017,2000,6319.93,5781.431,2000,6296.291,5821.539,2000,6468.137,5804.214,2000,6215.607,5580.858,2000,6281.142,5903.44,2000,6196.641,5733.41,2000,6132.292,5936.949,2000,6301.328,5721.88,2000,6500.035,5504.549,2000,6160.957,5713.829,2000,5874.016,5691.98,2000,6345.371,5910.178,2000,6420.414,4966.495,2000,5880.762,5855.187,2000,6047.865,5167.345,2000,6060.699,5643.554,2000,6157.831,5966.398,2000,6540.214
5866.777,2000,6569.076,5694.576,2000,5775.29,5865.239,2000,6323.121,5783.13,2000,6299.001,5823.478,2000,6470.681,5806.085,2000,6218.201,5583.218,2000,6283.3,5904.834,2000,6199.519,5733.42,2000,6135.49,5940.126,2000,6301.694,5723.828,2000,6502.571,5506.742,2000,6163.284,5714.483,2000,5877.147,5693.766,2000,6348.024,5911.935,2000,6423.086,4963.371,2000,5880.076,5855.142,2000,6051.063,5168.693,2000,6063.599,5645.238,2000,6160.549,5968.563,2000,6542.569
5867.748,2000,6570.235,5694.885,2000,5776.77,5865.295,2000,6324.631,5783.891,2000,6300.308,5824.394,2000,6471.884,5807.009,2000,6219.398,5584.333,2000,6284.321,5905.531,2000,6200.861,5733.474,2000,6137,5941.633,2000,6301.817,5724.745,2000,6503.773,5507.779,2000,6164.385,5714.791,2000,5878.627,5694.569,2000,6349.305,5912.807,2000,6424.321,4961.895,2000,5879.752,5855.12,2000,6052.574,5169.331,2000,6064.97,5645.991,2000,6161.86,5969.554,2000,6543.71
5870.014,2000,6573.02,5695.616,2000,5780.285,5865.31,2000,6328.221,5785.594,2000,6303.467,5826.579,2000,6474.732,5809.295,2000,6222.166,5586.981,2000,6286.744,5907.288,2000,6203.991,5733.72,2000,6140.582,5945.219,2000,6301.994,5726.919,2000,6506.629,5510.241,2000,6166.998,5715.525,2000,5882.141,5696.375,2000,6352.407,5914.971,2000,6427.185,4958.388,2000,5878.981,5855.069,2000,6056.164,5170.845,2000,6068.225,5647.678,2000,6165.029,5971.859,2000,6546.462
5870.881,2000,6574.102,5695.9,2000,5781.642,5865.321,2000,6329.608,5786.212,2000,6304.708,5827.429,2000,6475.827,5810.143,2000,6223.264,5588.004,2000,6287.68,5908.005,2000,6205.178,5733.86,2000,6141.961,5946.605,2000,6302.017,5727.763,2000,6507.729,5511.192,2000,6168.007,5715.808,2000,5883.499,5697.034,2000,6353.627,5915.843,2000,6428.263,4957.034,2000,5878.684,5855.05,2000,6057.55,5171.43,2000,6069.482,5648.289,2000,6166.273,5972.735,2000,6547.538
5873,2000,6576.767,5696.594,2000,5784.976,5865.359,2000,6333.013,5787.628,2000,6307.805,5829.544,2000,6478.496,5812.135,2000,6226.025,5590.516,2000,6289.978,5909.863,2000,6208.032,5734.315,2000,6145.336,5950.01,2000,6301.961,5729.852,2000,6510.419,5513.527,2000,6170.485,5716.504,2000,5886.832,5698.551,2000,6356.675,5918.07,2000,6430.839,4953.708,2000,5877.954,5855.001,2000,6060.955,5172.866,2000,6072.57,5649.688,2000,6169.377,5974.865,2000,6550.195
5873.546,2000,6577.451,5696.773,2000,5785.833,5865.375,2000,6333.887,5787.966,2000,6308.612,5830.095,2000,6479.175,5812.624,2000,6226.751,5591.161,2000,6290.568,5910.364,2000,6208.749,5734.46,2000,6146.199,5950.883,2000,6301.918,5730.395,2000,6511.104,5514.127,2000,6171.122,5716.683,2000,5887.688,5698.915,2000,6357.471,5918.663,2000,6431.482,4952.854,2000,5877.766,5854.989,2000,6061.829,5173.235,2000,6073.363,5650.022,2000,6170.186,5975.409,2000,6550.879
5875.552,2000,6579.949,5697.425,2000,5788.969,5865.443,2000,6337.09,5789.105,2000,6311.606,5832.149,2000,6481.633,5814.324,2000,6229.466,5593.524,2000,6292.73,5912.283,2000,6211.314,5735.095,2000,6149.338,5954.076,2000,6301.656,5732.413,2000,6513.592,5516.324,2000,6173.454,5717.338,2000,5890.823,5700.151,2000,6360.425,5920.912,2000,6433.763,4949.725,2000,5877.079,5854.944,2000,6065.032,5174.585,2000,6076.267,5651.145,2000,6173.186,5977.406,2000,6553.384
5876.475,2000,6581.08,5697.724,2000,5790.397,5865.485,2000,6338.549,5789.58,2000,6312.986,5833.104,2000,6482.738,5815.058,2000,6230.728,5594.601,2000,6293.716,5913.195,2000,6212.454,5735.431,2000,6150.759,5955.534,2000,6301.585,5733.349,2000,6514.712,5517.325,2000,6174.516,5717.635,2000,5892.252,5700.67,2000,6361.79,5921.97,2000,6434.769,4948.299,2000,5876.765,5854.923,2000,6066.491,5175.201,2000,6077.591,5651.612,2000,6174.569,5978.32,2000,6554.522
5878.526,2000,6583.543,5698.376,2000,5793.537,5865.589,2000,6341.753,5790.521,2000,6316.051,5835.243,2000,6485.126,5816.578,2000,6233.551,5596.966,2000,6295.88,5915.28,2000,6214.89,5736.271,2000,6153.854,5958.74,2000,6301.533,5735.444,2000,6517.139,5519.524,2000,6176.85,5718.291,2000,5895.391,5701.711,2000,6364.822,5924.365,2000,6436.9,4945.167,2000,5876.077,5854.878,2000,6069.697,5176.553,2000,6080.498,5652.537,2000,6177.639,5980.347,2000,6557.007
5880.623,2000,6585.995,5699.036,2000,5796.694,5865.799,2000,6344.973,5791.368,2000,6319.165,5837.442,2000,6487.487,5818.2,2000,6236.34,5599.345,2000,6298.057,5917.457,2000,6217.271,5737.217,2000,6156.938,5961.965,2000,6301.586,5737.597,2000,6519.542,5521.736,2000,6179.198,5718.948,2000,5898.55,5702.659,2000,6367.905,5926.844,2000,6438.964,4942.017,2000,5875.385,5854.833,2000,6072.923,5177.914,2000,6083.423,5653.367,2000,6180.757,5982.412,2000,6559.486
5881.138,2000,6586.58,5699.195,2000,5797.457,5865.875,2000,6345.748,5791.547,2000,6319.922,5837.985,2000,6488.045,5818.613,2000,6237,5599.919,2000,6298.583,5918,2000,6217.828,5737.469,2000,6157.674,5962.743,2000,6301.624,5738.127,2000,6520.112,5522.271,2000,6179.765,5719.107,2000,5899.312,5702.863,2000,6368.657,5927.458,2000,6439.443,4941.256,2000,5875.218,5854.821,2000,6073.702,5178.242,2000,6084.129,5653.542,2000,6181.516,5982.918,2000,6560.078
5883.341,2000,6588.995,5699.863,2000,5800.657,5866.3,2000,6348.989,5792.197,2000,6323.126,5840.316,2000,6490.338,5820.438,2000,6239.712,5602.331,2000,6300.789,5920.359,2000,6220.092,5738.63,2000,6160.73,5966.001,2000,6301.892,5740.407,2000,6522.456,5524.513,2000,6182.144,5719.772,2000,5902.513,5703.617,2000,6371.837,5930.102,2000,6441.366,4938.063,2000,5874.516,5854.775,2000,6076.971,5179.621,2000,6087.094,5654.174,2000,6184.723,5985.079,2000,6562.531
5884.84,2000,6590.58,5700.307,2000,5802.793,5866.655,2000,6351.141,5792.56,2000,6325.277,5841.907,2000,6491.83,5821.714,2000,6241.481,5603.939,2000,6302.261,5921.982,2000,6221.55,5739.472,2000,6162.743,5968.168,2000,6302.141,5741.962,2000,6523.985,5526.009,2000,6183.732,5720.218,2000,5904.648,5704.05,2000,6373.975,5931.907,2000,6442.591,4935.932,2000,5874.048,5854.744,2000,6079.152,5180.541,2000,6089.072,5654.526,2000,6186.876,5986.549,2000,6564.143
5886.152,2000,6591.909,5700.689,2000,5804.621,5867.019,2000,6352.973,5792.811,2000,6327.128,5843.3,2000,6493.074,5822.855,2000,6242.959,5605.317,2000,6303.521,5923.411,2000,6222.752,5740.248,2000,6164.442,5970.016,2000,6302.415,5743.324,2000,6525.263,5527.29,2000,6185.091,5720.599,2000,5906.477,5704.361,2000,6375.816,5933.486,2000,6443.589,4934.108,2000,5873.647,5854.718,2000,6081.019,5181.328,2000,6090.765,5654.766,2000,6188.728,5987.833,2000,6565.499
5888.499,2000,6594.189,5701.355,2000,5807.825,5867.76,2000,6356.16,5793.143,2000,6330.383,5845.796,2000,6495.19,5824.939,2000,6245.482,5607.73,2000,6305.729,5925.983,2000,6224.775,5741.704,2000,6167.372,5973.235,2000,6303.001,5745.765,2000,6527.442,5529.534,2000,6187.473,5721.267,2000,5909.68,5704.8,2000,6379.059,5936.308,2000,6445.246,4930.912,2000,5872.945,5854.671,2000,6084.291,5182.708,2000,6093.732,5655.081,2000,6191.985,5990.131,2000,6567.829
5889.142,2000,6594.785,5701.535,2000,5808.683,5867.987,2000,6357.007,5793.204,2000,6331.258,5846.48,2000,6495.739,5825.52,2000,6246.14,5608.396,2000,6306.3,5926.689,2000,6225.295,5742.12,2000,6168.144,5974.092,2000,6303.186,5746.434,2000,6528.009,5530.135,2000,6188.111,5721.446,2000,5910.538,5704.889,2000,6379.931,5937.078,2000,6445.665,4930.056,2000,5872.757,5854.659,2000,6085.168,5183.078,2000,6094.527,5655.137,2000,6192.86,5990.76,2000,6568.439
5892.1,2000,6597.399,5702.34,2000,5812.547,5869.131,2000,6360.785,5793.347,2000,6335.203,5849.623,2000,6498.127,5828.228,2000,6249.013,5611.475,2000,6308.768,5929.945,2000,6227.528,5744.104,2000,6171.557,5977.921,2000,6304.146,5749.511,2000,6530.481,5532.842,2000,6190.984,5722.25,2000,5914.402,5705.162,2000,6383.869,5940.605,2000,6447.436,4926.2,2000,5871.91,5854.604,2000,6089.115,5184.742,2000,6098.106,5655.259,2000,6196.806,5993.654,2000,6571.124
5893.061,2000,6598.207,5702.597,2000,5813.776,5869.535,2000,6361.974,5793.352,2000,6336.459,5850.644,2000,6498.859,5829.118,2000,6249.898,5612.479,2000,6309.52,5931.003,2000,6228.204,5744.771,2000,6172.621,5979.129,2000,6304.49,5750.511,2000,6531.241,5533.704,2000,6191.898,5722.506,2000,5915.632,5705.207,2000,6385.124,5941.746,2000,6447.962,4924.974,2000,5871.64,5854.586,2000,6090.37,5185.271,2000,6099.245,5655.256,2000,6198.062,5994.595,2000,6571.955
5895.179,2000,6599.872,5703.146,2000,5816.414,5870.482,2000,6364.495,5793.273,2000,6339.152,5852.78,2000,6500.5,5831.09,2000,6251.733,5614.687,2000,6311.063,5933.319,2000,6229.579,5746.274,2000,6174.856,5981.693,2000,6305.314,5752.7,2000,6532.811,5535.614,2000,6193.797,5723.056,2000,5918.269,5705.217,2000,6387.817,5944.227,2000,6449.011,4922.343,2000,5871.062,5854.548,2000,6093.063,5186.408,2000,6101.688,5655.164,2000,6200.754,5996.657,2000,6573.688
5897.066,2000,6601.257,5703.624,2000,5818.705,5871.377,2000,6366.658,5793.128,2000,6341.488,5854.588,2000,6501.985,5832.854,2000,6253.271,5616.646,2000,6312.34,5935.37,2000,6230.707,5747.644,2000,6176.754,5983.897,2000,6306.103,5754.556,2000,6534.237,5537.327,2000,6195.392,5723.534,2000,5920.56,5705.148,2000,6390.156,5946.411,2000,6449.852,4920.057,2000,5870.56,5854.515,2000,6095.404,5187.395,2000,6103.81,5655.006,2000,6203.089,5998.498,2000,6575.134
5898.331,2000,6602.251,5703.952,2000,5820.279,5872.041,2000,6368.123,5792.977,2000,6343.089,5855.864,2000,6502.965,5834.101,2000,6254.288,5618.021,2000,6313.173,5936.804,2000,6231.436,5748.627,2000,6178.027,5985.393,2000,6306.694,5755.799,2000,6535.258,5538.54,2000,6196.449,5723.862,2000,5922.135,5705.049,2000,6391.762,5947.931,2000,6450.38,4918.486,2000,5870.215,5854.492,2000,6097.012,5188.073,2000,6105.268,5654.846,2000,6204.689,5999.794,2000,6576.086
5901.186,2000,6604.396,5704.681,2000,5823.775,5873.619,2000,6371.327,5792.523,2000,6346.631,5858.766,2000,6505.047,5836.94,2000,6256.453,5621.133,2000,6314.921,5940.039,2000,6232.949,5750.901,2000,6180.781,5988.669,2000,6308.115,5758.631,2000,6537.433,5541.307,2000,6198.706,5724.592,2000,5925.63,5704.711,2000,6395.316,5951.34,2000,6451.441,4914.998,2000,5869.449,5854.441,2000,6100.583,5189.579,2000,6108.506,5654.373,2000,6208.229,6002.602,2000,6578.293
5902.664,2000,6605.431,5705.05,2000,5825.542,5874.469,2000,6372.918,5792.236,2000,6348.413,5860.197,2000,6506.146,5838.339,2000,6257.593,5622.734,2000,6315.753,5941.697,2000,6233.66,5752.004,2000,6182.209,5990.3,2000,6308.886,5760.097,2000,6538.485,5542.741,2000,6199.8,5724.96,2000,5927.396,5704.482,2000,6397.106,5953.08,2000,6451.921,4913.236,2000,5869.062,5854.416,2000,6102.387,5190.339,2000,6110.142,5654.076,2000,6210.009,6004.044,2000,6579.376
5905.304,2000,6607.415,5705.724,2000,5828.774,5876.119,2000,6375.779,5791.603,2000,6351.654,5862.881,2000,6508.071,5840.829,2000,6259.763,5625.711,2000,6317.178,5944.774,2000,6234.86,5753.936,2000,6184.888,5993.238,2000,6310.396,5762.716,2000,6540.497,5545.432,2000,6201.716,5725.635,2000,5930.629,5703.956,2000,6400.366,5956.291,2000,6452.694,4910.01,2000,5868.353,5854.369,2000,6105.689,5191.732,2000,6113.137,5653.426,2000,6213.247,6006.749,2000,6581.272
5906.583,2000,6608.312,5706.042,2000,5830.304,5876.944,2000,6377.106,5791.254,2000,6353.177,5864.18,2000,6508.939,5841.972,2000,6260.827,5627.097,2000,6317.898,5946.247,2000,6235.38,5754.808,2000,6186.184,5994.604,2000,6311.155,5763.986,2000,6541.407,5546.733,2000,6202.58,5725.954,2000,5932.159,5703.657,2000,6401.899,5957.797,2000,6453.11,4908.484,2000,5868.018,5854.347,2000,6107.251,5192.391,2000,6114.553,5653.169,2000,6214.788,6007.998,2000,6582.21
5907.694,2000,6609.037,5706.313,2000,5831.603,5877.681,2000,6378.21,5790.915,2000,6354.459,5865.306,2000,6509.641,5842.913,2000,6261.762,5628.253,2000,6318.548,5947.512,2000,6235.781,5755.512,2000,6187.309,5995.742,2000,6311.837,5765.089,2000,6542.145,5547.814,2000,6203.35,5726.225,2000,5933.458,5703.36,2000,6403.192,5959.064,2000,6453.504,4907.188,2000,5867.733,5854.329,2000,6108.578,5192.95,2000,6115.756,5652.994,2000,6216.103,6009.084,2000,6582.972
5910.451,2000,6610.712,5706.972,2000,5834.76,5879.558,2000,6380.833,5789.99,2000,6357.549,5868.099,2000,6511.254,5845.125,2000,6264.109,5631.011,2000,6320.219,5950.617,2000,6236.653,5757.134,2000,6190.097,5998.452,2000,6313.585,5767.827,2000,6543.85,5550.379,2000,6205.305,5726.883,2000,5936.615,5702.537,2000,6406.31,5962.11,2000,6454.563,4904.038,2000,5867.041,5854.283,2000,6111.803,5194.311,2000,6118.681,5652.672,2000,6219.312,6011.785,2000,6584.736
5911.829,2000,6611.489,5707.294,2000,5836.309,5880.521,2000,6382.088,5789.487,2000,6359.049,5869.494,2000,6512.001,5846.172,2000,6265.295,5632.336,2000,6321.082,5952.153,2000,6237.031,5757.884,2000,6191.49,5999.753,2000,6314.485,5769.197,2000,6544.641,5551.605,2000,6206.305,5727.207,2000,5938.164,5702.083,2000,6407.825,5963.587,2000,6455.131,4902.493,2000,5866.702,5854.261,2000,6113.385,5194.978,2000,6120.115,5652.565,2000,6220.891,6013.137,2000,6585.558
5915.273,2000,6613.284,5708.087,2000,5840.111,5882.983,2000,6385.091,5788.132,2000,6362.689,5872.977,2000,6513.72,5848.646,2000,6268.29,5635.518,2000,6323.307,5955.953,2000,6237.835,5759.612,2000,6194.968,6002.873,2000,6316.799,5772.621,2000,6546.474,5554.533,2000,6208.857,5728,2000,5941.966,5700.849,2000,6411.506,5967.165,2000,6456.644,4898.699,2000,5865.868,5854.206,2000,6117.269,5196.615,2000,6123.637,5652.432,2000,6224.772,6016.521,2000,6587.465
5915.948,2000,6613.608,5708.24,2000,5840.844,5883.477,2000,6385.654,5787.848,2000,6363.382,5873.658,2000,6514.029,5849.103,2000,6268.882,5636.116,2000,6323.755,5956.69,2000,6237.966,5759.923,2000,6195.648,6003.459,2000,6317.265,5773.292,2000,6546.805,5555.081,2000,6209.368,5728.153,2000,5942.699,5700.587,2000,6412.208,5967.844,2000,6456.958,4897.968,2000,5865.708,5854.195,2000,6118.018,5196.931,2000,6124.316,5652.43,2000,6225.521,6017.184,2000,6587.811
5918.811,2000,6614.87,5708.878,2000,5843.907,5885.614,2000,6387.938,5786.567,2000,6366.236,5876.548,2000,6515.228,5850.933,2000,6271.42,5638.557,2000,6325.711,5959.787,2000,6238.412,5761.129,2000,6198.535,6005.845,2000,6319.289,5776.142,2000,6548.098,5557.299,2000,6211.573,5728.792,2000,5945.761,5699.401,2000,6415.102,5970.64,2000,6458.362,4894.913,2000,5865.036,5854.151,2000,6121.146,5198.25,2000,6127.153,5652.527,2000,6228.648,6020.004,2000,6589.166
5921.026,2000,6615.761,5709.366,2000,5846.245,5887.188,2000,6389.734,5785.661,2000,6368.445,5878.781,2000,6516.073,5852.266,2000,6273.401,5640.369,2000,6327.264,5962.16,2000,6238.674,5762.122,2000,6200.707,6007.614,2000,6320.893,5778.347,2000,6549.012,5558.937,2000,6213.311,5729.28,2000,5948.099,5698.424,2000,6417.279,5972.738,2000,6459.502,4892.581,2000,5864.524,5854.039,2000,6123.531,5199.257,2000,6129.318,5652.679,2000,6231.031,6022.189,2000,6590.128
5923.232,2000,6616.565,5709.845,2000,5848.543,5888.677,2000,6391.55,5784.842,2000,6370.646,5880.988,2000,6516.875,5853.512,2000,6275.391,5642.101,2000,6328.848,5964.5,2000,6238.856,5763.167,2000,6202.81,6009.301,2000,6322.525,5780.543,2000,6549.843,5560.49,2000,6215.071,5729.758,2000,5950.397,5697.394,2000,6419.388,5974.763,2000,6460.691,4890.288,2000,5864.02,5853.853,2000,6125.872,5200.247,2000,6131.447,5652.905,2000,6233.368,6024.368,2000,6591.004
5924.987,2000,6617.141,5710.222,2000,5850.352,5889.801,2000,6393.016,5784.255,2000,6372.397,5882.733,2000,6517.482,5854.44,2000,6276.988,5643.421,2000,6330.138,5966.346,2000,6238.939,5764.042,2000,6204.436,6010.585,2000,6323.853,5782.28,2000,6550.474,5561.666,2000,6216.496,5730.135,2000,5952.206,5696.637,2000,6421.073,5976.325,2000,6461.678,4888.483,2000,5863.624,5853.646,2000,6127.708,5201.026,2000,6133.122,5653.143,2000,6235.2,6026.104,2000,6591.637
5928.455,2000,6618.153,5710.959,2000,5853.888,5891.903,2000,6395.953,5783.219,2000,6375.857,5886.15,2000,6518.653,5856.153,2000,6280.168,5645.92,2000,6332.745,5969.958,2000,6238.983,5765.858,2000,6207.559,6013.011,2000,6326.529,5785.69,2000,6551.662,5563.874,2000,6219.355,5730.871,2000,5955.742,5695.268,2000,6424.414,5979.313,2000,6463.706,4884.955,2000,5862.849,5853.124,2000,6131.282,5202.55,2000,6136.397,5653.725,2000,6238.765,6029.536,2000,6592.763
5929.991,2000,6618.548,5711.283,2000,5855.44,5892.784,2000,6397.272,5782.814,2000,6377.391,5887.652,2000,6519.16,5856.859,2000,6281.588,5646.979,2000,6333.924,5971.543,2000,6238.951,5766.7,2000,6208.903,6014.037,2000,6327.739,5787.191,2000,6552.176,5564.801,2000,6220.641,5731.194,2000,5957.294,5694.714,2000,6425.899,5980.596,2000,6464.639,4883.406,2000,5862.508,5852.843,2000,6132.843,5203.219,2000,6137.835,5654.031,2000,6240.321,6031.058,2000,6593.208
5932.023,2000,6619,5711.707,2000,5857.479,5893.882,2000,6399.041,5782.349,2000,6379.42,5889.602,2000,6519.89,5857.724,2000,6283.482,5648.318,2000,6335.518,5973.623,2000,6238.84,5767.862,2000,6210.63,6015.331,2000,6329.37,5789.164,2000,6552.841,5565.963,2000,6222.369,5731.619,2000,5959.333,5694.053,2000,6427.873,5982.318,2000,6465.809,4881.373,2000,5862.062,5852.408,2000,6134.879,5204.097,2000,6139.723,5654.5,2000,6242.349,6033.075,2000,6593.726
5934.558,2000,6619.65,5712.24,2000,5860.04,5895.189,2000,6401.307,5781.848,2000,6381.988,5892.081,2000,6520.726,5858.733,2000,6285.896,5649.934,2000,6337.574,5976.229,2000,6238.615,5769.393,2000,6212.752,6016.89,2000,6331.471,5791.614,2000,6553.758,5567.352,2000,6224.586,5732.152,2000,5961.895,5693.303,2000,6430.378,5984.53,2000,6467.206,4878.817,2000,5861.5,5851.778,2000,6137.418,5205.2,2000,6142.095,5655.173,2000,6244.877,6035.629,2000,6594.293
5936.82,2000,6620.282,5712.719,2000,5862.339,5896.296,2000,6403.378,5781.474,2000,6384.306,5894.33,2000,6521.404,5859.567,2000,6288.091,5651.323,2000,6339.466,5978.574,2000,6238.49,5770.829,2000,6214.611,6018.35,2000,6333.311,5793.839,2000,6554.509,5568.532,2000,6226.617,5732.63,2000,5964.194,5692.704,2000,6432.647,5986.556,2000,6468.395,4876.523,2000,5860.996,5851.139,2000,6139.678,5206.19,2000,6144.225,5655.851,2000,6247.126,6037.903,2000,6594.878
5939.567,2000,6621.047,5713.3,2000,5865.132,5897.557,2000,6405.937,5781.111,2000,6387.135,5897.086,2000,6522.137,5860.492,2000,6290.79,5652.935,2000,6341.818,5981.426,2000,6238.432,5772.645,2000,6216.811,6020.195,2000,6335.486,5796.57,2000,6555.333,5569.884,2000,6229.128,5733.211,2000,5966.986,5692.066,2000,6435.426,5989.062,2000,6469.758,4873.737,2000,5860.384,5850.272,2000,6142.396,5207.394,2000,6146.811,5656.763,2000,6249.829,6040.651,2000,6595.645
5942.26,2000,6621.781,5713.869,2000,5867.865,5898.708,2000,6408.48,5780.848,2000,6389.914,5899.806,2000,6522.766,5861.311,2000,6293.458,5654.435,2000,6344.17,5984.217,2000,6238.465,5774.351,2000,6219.02,6022.069,2000,6337.555,5799.267,2000,6556.05,5571.126,2000,6231.628,5733.779,2000,5969.719,5691.532,2000,6438.164,5991.556,2000,6471.01,4871.011,2000,5859.785,5849.512,2000,6145.082,5208.571,2000,6149.342,5657.742,2000,6252.443,6043.339,2000,6596.395
5944.215,2000,6622.28,5714.279,2000,5869.84,5899.479,2000,6410.344,5780.723,2000,6391.928,5901.785,2000,6523.156,5861.839,2000,6295.405,5655.463,2000,6345.904,5986.232,2000,6238.556,5775.531,2000,6220.656,6023.472,2000,6339.004,5801.232,2000,6556.505,5571.964,2000,6233.463,5734.19,2000,5971.694,5691.211,2000,6440.154,5993.388,2000,6471.856,4869.041,2000,5859.352,5849.026,2000,6147.04,5209.421,2000,6151.171,5658.51,2000,6254.308,6045.286,2000,6596.925
5945.913,2000,6622.678,5714.634,2000,5871.548,5900.093,2000,6411.977,5780.672,2000,6393.671,5903.506,2000,6523.438,5862.24,2000,6297.103,5656.303,2000,6347.432,5987.971,2000,6238.691,5776.505,2000,6222.103,6024.726,2000,6340.218,5802.944,2000,6556.842,5572.636,2000,6235.072,5734.545,2000,5973.402,5690.99,2000,6441.883,5994.995,2000,6472.535,4867.337,2000,5858.978,5848.662,2000,6148.746,5210.157,2000,6152.752,5659.228,2000,6255.898,6046.976,2000,6597.356
5948.215,2000,6623.158,5715.112,2000,5873.85,5900.848,2000,6414.204,5780.681,2000,6396.022,5905.838,2000,6523.74,5862.706,2000,6299.407,5657.367,2000,6349.527,5990.308,2000,6238.95,5777.753,2000,6224.096,6026.468,2000,6341.797,5805.265,2000,6557.221,5573.471,2000,6237.271,5735.023,2000,5975.705,5690.768,2000,6444.223,5997.189,2000,6473.379,4865.041,2000,5858.473,5848.246,2000,6151.06,5211.149,2000,6154.884,5660.264,2000,6258.009,6049.265,2000,6597.893
5950.532,2000,6623.563,5715.591,2000,5876.153,5901.53,2000,6416.456,5780.766,2000,6398.374,5908.16,2000,6524.119,5863.097,2000,6301.727,5658.362,2000,6351.657,5992.637,2000,6239.285,5778.936,2000,6226.129,6028.262,2000,6343.319,5807.598,2000,6557.524,5574.234,2000,6239.496,5735.502,2000,5978.008,5690.623,2000,6446.569,5999.411,2000,6474.152,4862.743,2000,5857.968,5847.906,2000,6153.388,5212.141,2000,6157.018,5661.369,2000,6260.086,6051.568,2000,6598.373
5952.829,2000,6623.887,5716.063,2000,5878.425,5902.274,2000,6418.652,5780.774,2000,6400.693,5910.436,2000,6524.567,5863.407,2000,6304.026,5659.274,2000,6353.789,5994.921,2000,6239.691,5780.036,2000,6228.172,6030.079,2000,6344.761,5809.887,2000,6557.897,5574.914,2000,6241.714,5735.975,2000,5980.279,5690.555,2000,6448.887,6001.626,2000,6474.841,4860.478,2000,5857.471,5847.646,2000,6155.693,5213.12,2000,6159.121,5662.525,2000,6262.097,6053.853,2000,6598.772
5955.3,2000,6624.319,5716.573,2000,5880.88,5903.157,2000,6421,5780.701,2000,6403.201,5912.879,2000,6525.132,5863.66,2000,6306.521,5660.185,2000,6356.124,5997.375,2000,6240.21,5781.152,2000,6230.418,6032.093,2000,6346.255,5812.348,2000,6558.382,5575.57,2000,6244.135,5736.484,2000,5982.735,5690.564,2000,6451.393,6004.044,2000,6475.508,4858.028,2000,5856.933,5847.447,2000,6158.193,5214.177,2000,6161.396,5663.846,2000,6264.229,6056.336,2000,6599.123
5957.78,2000,6624.78,5717.085,2000,5883.35,5904.122,2000,6423.331,5780.71,2000,6405.723,5915.317,2000,6525.781,5863.833,2000,6309.038,5661.022,2000,6358.501,5999.824,2000,6240.813,5782.2,2000,6232.712,6034.167,2000,6347.691,5814.806,2000,6558.951,5576.15,2000,6246.59,5736.997,2000,5985.205,5690.656,2000,6453.912,6006.496,2000,6476.099,4855.564,2000,5856.391,5847.329,2000,6160.712,5215.241,2000,6163.683,5665.244,2000,6266.329,6058.821,2000,6599.557
5959.791,2000,6625.222,5717.503,2000,5885.366,5904.971,2000,6425.207,5780.785,2000,6407.78,5917.288,2000,6526.375,5863.907,2000,6311.095,5661.643,2000,6360.463,6001.806,2000,6241.37,5782.994,2000,6234.612,6035.897,2000,6348.807,5816.795,2000,6559.48,5576.558,2000,6248.608,5737.416,2000,5987.22,5690.798,2000,6455.964,6008.512,2000,6476.515,4853.553,2000,5855.949,5847.299,2000,6162.771,5216.109,2000,6165.549,5666.44,2000,6268.004,6060.845,2000,6599.934
5962.078,2000,6625.778,5717.981,2000,5887.671,5906.011,2000,6427.318,5780.948,2000,6410.129,5919.519,2000,6527.127,5863.914,2000,6313.449,5662.278,2000,6362.728,6004.05,2000,6242.08,5783.83,2000,6236.813,6037.917,2000,6350.017,5819.049,2000,6560.159,5576.949,2000,6250.929,5737.894,2000,5989.525,5691.038,2000,6458.305,6010.832,2000,6476.915,4851.254,2000,5855.444,5847.343,2000,6165.125,5217.102,2000,6167.684,5667.87,2000,6269.875,6063.145,2000,6600.439
5964.346,2000,6626.408,5718.459,2000,5889.976,5907.12,2000,6429.395,5781.187,2000,6412.471,5921.723,2000,6527.953,5863.844,2000,6315.802,5662.838,2000,6365.012,6006.27,2000,6242.864,5784.594,2000,6239.039,6039.974,2000,6351.161,5821.279,2000,6560.912,5577.263,2000,6253.262,5738.373,2000,5991.83,5691.353,2000,6460.636,6013.164,2000,6477.239,4848.955,2000,5854.939,5847.464,2000,6167.475,5218.095,2000,6169.818,5669.36,2000,6271.697,6065.432,2000,6600.995
5966.117,2000,6626.952,5718.835,2000,5891.79,5908.046,2000,6430.999,5781.436,2000,6414.307,5923.436,2000,6528.659,5863.729,2000,6317.65,5663.221,2000,6366.823,6007.995,2000,6243.537,5785.137,2000,6240.81,6041.622,2000,6352.007,5823.014,2000,6561.561,5577.45,2000,6255.104,5738.749,2000,5993.644,5691.661,2000,6462.461,6015.006,2000,6477.434,4847.146,2000,5854.542,5847.619,2000,6169.321,5218.876,2000,6171.498,5670.579,2000,6273.092,6067.216,2000,6601.491
5968.818,2000,6627.88,5719.415,2000,5894.586,5909.553,2000,6433.425,5781.911,2000,6417.123,5926.04,2000,6529.833,5863.458,2000,6320.494,5663.718,2000,6369.632,6010.62,2000,6244.662,5785.885,2000,6243.566,6044.204,2000,6353.229,5825.655,2000,6562.649,5577.646,2000,6257.954,5739.33,2000,5996.44,5692.228,2000,6465.259,6017.854,2000,6477.642,4844.356,2000,5853.929,5847.952,2000,6172.157,5220.081,2000,6174.087,5672.527,2000,6275.18,6069.946,2000,6602.331
5971.022,2000,6628.712,5719.894,2000,5896.893,5910.861,2000,6435.384,5782.379,2000,6419.432,5928.154,2000,6530.871,5863.158,2000,6322.83,5664.053,2000,6371.962,6012.754,2000,6245.66,5786.427,2000,6245.859,6046.365,2000,6354.166,5827.802,2000,6563.618,5577.729,2000,6260.308,5739.808,2000,5998.747,5692.771,2000,6467.55,6020.197,2000,6477.89,4842.056,2000,5853.424,5848.303,2000,6174.487,5221.074,2000,6176.224,5674.19,2000,6276.849,6072.174,2000,6603.096
5973.195,2000,6629.615,5720.372,2000,5899.197,5912.231,2000,6437.298,5782.921,2000,6421.722,5930.232,2000,6531.976,5862.782,2000,6325.153,5664.31,2000,6374.298,6014.852,2000,6246.727,5786.893,2000,6248.166,6048.554,2000,6355.031,5829.915,2000,6564.655,5577.736,2000,6262.661,5740.286,2000,6001.051,5693.388,2000,6469.82,6022.528,2000,6478.214,4839.757,2000,5852.919,5848.729,2000,6176.801,5222.066,2000,6178.357,5675.905,2000,6278.46,6074.376,2000,6603.927
5975.341,2000,6630.586,5720.85,2000,5901.503,5913.665,2000,6439.167,5783.539,2000,6423.995,5932.273,2000,6533.15,5862.33,2000,6327.465,5664.491,2000,6376.644,6016.915,2000,6247.862,5787.284,2000,6250.488,6050.771,2000,6355.824,5831.994,2000,6565.761,5577.667,2000,6265.015,5740.765,2000,6003.357,5694.074,2000,6472.072,6024.849,2000,6478.614,4837.457,2000,5852.414,5849.231,2000,6179.102,5223.06,2000,6180.493,5677.673,2000,6280.017,6076.551,2000,6604.831
5977.454,2000,6631.627,5721.328,2000,5903.81,5915.159,2000,6440.989,5784.225,2000,6426.249,5934.276,2000,6534.391,5861.953,2000,6329.791,5664.596,2000,6378.994,6018.941,2000,6249.064,5787.599,2000,6252.823,6053.014,2000,6356.545,5834.036,2000,6566.936,5577.673,2000,6267.371,5741.244,2000,6005.664,5694.771,2000,6474.321,6027.156,2000,6479.091,4835.156,2000,5851.908,5849.809,2000,6181.386,5224.053,2000,6182.629,5679.492,2000,6281.515,6078.697,2000,6605.802
5979.532,2000,6632.735,5721.806,2000,5906.115,5916.71,2000,6442.759,5784.922,2000,6428.497,5936.236,2000,6535.695,5861.653,2000,6332.125,5664.623,2000,6381.345,6020.925,2000,6250.332,5787.837,2000,6255.165,6055.278,2000,6357.191,5836.038,2000,6568.175,5577.757,2000,6269.724,5741.722,2000,6007.969,5695.481,2000,6476.565,6029.445,2000,6479.642,4832.856,2000,5851.403,5850.46,2000,6183.648,5225.046,2000,6184.764,5681.357,2000,6282.951,6080.809,2000,6606.842
5981.574,2000,6633.911,5722.285,2000,5908.422,5918.32,2000,6444.479,5785.633,2000,6430.743,5938.154,2000,6537.064,5861.43,2000,6334.471,5664.573,2000,6383.696,6022.868,2000,6251.665,5787.999,2000,6257.516,6057.563,2000,6357.764,5837.999,2000,6569.481,5577.918,2000,6272.074,5742.2,2000,6010.276,5696.118,2000,6478.833,6031.717,2000,6480.269,4830.555,2000,5850.897,5851.186,2000,6185.89,5226.04,2000,6186.9,5683.27,2000,6284.327,6082.888,2000,6607.951
5983.577,2000,6635.152,5722.763,2000,5910.729,5919.986,2000,6446.146,5786.271,2000,6433.012,5940.026,2000,6538.496,5861.283,2000,6336.823,5664.601,2000,6386.048,6024.767,2000,6253.061,5788.083,2000,6259.871,6059.867,2000,6358.262,5839.917,2000,6570.85,5578.156,2000,6274.419,5742.678,2000,6012.583,5696.681,2000,6481.12,6033.967,2000,6480.969,4828.253,2000,5850.392,5851.985,2000,6188.107,5227.033,2000,6189.037,5685.137,2000,6285.765,6084.931,2000,6609.127
5985.759,2000,6636.606,5723.296,2000,5913.297,5921.9,2000,6447.94,5787.062,2000,6435.512,5942.056,2000,6540.156,5861.034,2000,6339.434,5664.717,2000,6388.663,6026.828,2000,6254.682,5788.092,2000,6262.493,6062.447,2000,6358.731,5842,2000,6572.443,5578.506,2000,6277.018,5743.211,2000,6015.151,5697.223,2000,6483.685,6036.444,2000,6481.83,4825.692,2000,5849.829,5852.954,2000,6190.544,5228.139,2000,6191.415,5687.161,2000,6287.433,6087.16,2000,6610.509
5987.682,2000,6637.979,5723.775,2000,5915.61,5923.675,2000,6449.498,5787.848,2000,6437.74,5943.835,2000,6541.71,5860.733,2000,6341.777,5664.898,2000,6391.013,6028.635,2000,6256.203,5788.022,2000,6264.854,6064.784,2000,6359.078,5843.829,2000,6573.938,5578.898,2000,6279.347,5743.691,2000,6017.464,5697.636,2000,6486.01,6038.648,2000,6482.678,4823.385,2000,5849.322,5853.898,2000,6192.709,5229.135,2000,6193.556,5688.934,2000,6288.993,6089.125,2000,6611.818
5989.01,2000,6638.994,5724.115,2000,5917.248,5924.967,2000,6450.56,5788.456,2000,6439.297,5945.058,2000,6542.851,5860.466,2000,6343.428,5665.081,2000,6392.671,6029.879,2000,6257.32,5787.918,2000,6266.523,6066.445,2000,6359.27,5845.088,2000,6575.038,5579.229,2000,6280.985,5744.031,2000,6019.101,5697.981,2000,6487.646,6040.188,2000,6483.329,4821.751,2000,5848.963,5854.617,2000,6194.219,5229.84,2000,6195.072,5690.152,2000,6290.138,6090.486,2000,6612.79
5991.152,2000,6640.746,5724.678,2000,5919.957,5927.162,2000,6452.245,5789.546,2000,6441.841,5947.018,2000,6544.804,5859.935,2000,6346.144,5665.473,2000,6395.404,6031.875,2000,6259.236,5787.655,2000,6269.277,6069.203,2000,6359.496,5847.111,2000,6576.926,5579.865,2000,6283.678,5744.593,2000,6021.811,5698.642,2000,6490.333,6042.701,2000,6484.489,4819.049,2000,5848.37,5855.887,2000,6196.678,5231.007,2000,6197.582,5692.105,2000,6292.098,6092.685,2000,6614.471
5993.328,2000,6642.647,5725.265,2000,5922.786,5929.51,2000,6453.929,5790.77,2000,6444.458,5948.997,2000,6546.909,5859.287,2000,6348.959,5665.976,2000,6398.242,6034.025,2000,6261.168,5787.475,2000,6272.161,6072.073,2000,6359.827,5849.158,2000,6578.966,5580.622,2000,6286.467,5745.182,2000,6024.64,5699.422,2000,6493.114,6045.283,2000,6485.786,4816.227,2000,5847.75,5857.296,2000,6199.2,5232.226,2000,6200.202,5694.077,2000,6294.21,6094.921,2000,6616.3
5995.487,2000,6644.663,5725.859,2000,5925.679,5931.965,2000,6455.571,5792.108,2000,6447.091,5950.948,2000,6549.126,5858.532,2000,6351.814,5666.584,2000,6401.124,6036.285,2000,6263.069,5787.388,2000,6275.113,6074.995,2000,6360.26,5851.181,2000,6581.118,5581.487,2000,6289.29,5745.772,2000,6027.533,5700.313,2000,6495.929,6047.877,2000,6487.197,4813.323,2000,5847.21,5858.651,2000,6201.824,5233.559,2000,6202.837,5696.021,2000,6296.435,6097.145,2000,6618.244
5995.904,2000,6645.079,5725.97,2000,5926.257,5932.465,2000,6455.882,5792.392,2000,6447.607,5951.322,2000,6549.581,5858.362,2000,6352.379,5666.724,2000,6401.695,6036.748,2000,6263.434,5787.39,2000,6275.703,6075.574,2000,6360.366,5851.57,2000,6581.56,5581.678,2000,6289.847,5745.883,2000,6028.112,5700.509,2000,6496.485,6048.386,2000,6487.495,4812.74,2000,5847.122,5858.904,2000,6202.356,5233.841,2000,6203.354,5696.394,2000,6296.891,6097.576,2000,6618.646
5998.141,2000,6647.458,5726.575,2000,5929.467,5935.293,2000,6457.517,5794.059,2000,6450.416,5953.315,2000,6552.168,5857.401,2000,6355.5,5667.604,2000,6404.831,6039.379,2000,6265.368,5787.507,2000,6278.967,6078.767,2000,6361.056,5853.647,2000,6584.081,5582.838,2000,6292.9,5746.489,2000,6031.321,5701.695,2000,6499.527,6051.147,2000,6489.24,4809.497,2000,5846.737,5860.21,2000,6205.35,5235.502,2000,6206.166,5698.377,2000,6299.485,6099.889,2000,6620.951
5999.249,2000,6648.717,5726.88,2000,5931.116,5936.772,2000,6458.308,5794.962,2000,6451.829,5954.295,2000,6553.529,5856.95,2000,6357.116,5668.107,2000,6406.426,6040.762,2000,6266.317,5787.622,2000,6280.64,6080.394,2000,6361.463,5854.67,2000,6585.41,5583.484,2000,6294.447,5746.792,2000,6032.971,5702.355,2000,6501.069,6052.535,2000,6490.182,4807.826,2000,5846.594,5860.83,2000,6206.909,5236.402,2000,6207.582,5699.352,2000,6300.85,6101.038,2000,6622.173
6000.987,2000,6650.828,5727.368,2000,5933.806,5939.224,2000,6459.518,5796.508,2000,6454.084,5955.818,2000,6555.8,5856.266,2000,6359.763,5669.014,2000,6408.997,6043.066,2000,6267.789,5787.898,2000,6283.36,6083.022,2000,6362.214,5856.267,2000,6587.629,5584.62,2000,6296.934,5747.282,2000,6035.661,5703.511,2000,6503.546,6054.746,2000,6491.79,4805.096,2000,5846.45,5861.756,2000,6209.481,5237.944,2000,6209.84,5700.867,2000,6303.126,6102.844,2000,6624.226
6002.524,2000,6652.824,5727.812,2000,5936.285,5941.518,2000,6460.559,5798,2000,6456.114,5957.152,2000,6557.937,5855.692,2000,6362.216,5669.926,2000,6411.338,6045.232,2000,6269.075,5788.234,2000,6285.857,6085.421,2000,6362.985,5857.67,2000,6589.721,5585.741,2000,6299.189,5747.724,2000,6038.141,5704.648,2000,6505.794,6056.733,2000,6493.338,4802.577,2000,5846.4,5862.532,2000,6211.877,5239.431,2000,6211.873,5702.194,2000,6305.268,6104.445,2000,6626.17
6003.998,2000,6654.872,5728.249,2000,5938.77,5943.849,2000,6461.525,5799.56,2000,6458.097,5958.417,2000,6560.119,5855.175,2000,6364.685,5670.916,2000,6413.651,6047.443,2000,6270.291,5788.653,2000,6288.345,6087.796,2000,6363.835,5859.006,2000,6591.861,5586.936,2000,6301.409,5748.162,2000,6040.625,5705.859,2000,6508.007,6058.671,2000,6494.953,4800.055,2000,5846.432,5863.23,2000,6214.302,5240.987,2000,6213.859,5703.451,2000,6307.455,6105.984,2000,6628.169
6005.148,2000,6656.588,5728.601,2000,5940.805,5945.782,2000,6462.253,5800.889,2000,6459.678,5959.394,2000,6561.939,5854.798,2000,6366.716,5671.788,2000,6415.518,6049.284,2000,6271.227,5789.062,2000,6290.37,6089.717,2000,6364.595,5860.042,2000,6593.648,5587.974,2000,6303.194,5748.513,2000,6042.661,5706.908,2000,6509.787,6060.214,2000,6496.326,4797.991,2000,5846.526,5863.737,2000,6216.304,5242.313,2000,6215.443,5704.422,2000,6309.278,6107.19,2000,6629.847
6006.379,2000,6658.561,5728.99,2000,5943.098,5947.93,2000,6463.144,5802.327,2000,6461.505,5960.561,2000,6563.951,5854.449,2000,6369.015,5672.837,2000,6417.586,6051.391,2000,6272.212,5789.597,2000,6292.633,6091.85,2000,6365.52,5861.143,2000,6595.697,5589.207,2000,6305.165,5748.903,2000,6044.953,5708.152,2000,6511.751,6061.9,2000,6497.928,4795.673,2000,5846.708,5864.233,2000,6218.576,5243.863,2000,6217.176,5705.447,2000,6311.366,6108.486,2000,6631.778
6007.677,2000,6660.719,5729.406,2000,5945.582,5950.224,2000,6464.185,5803.818,2000,6463.535,5961.895,2000,6566.087,5854.152,2000,6371.516,5674.047,2000,6419.788,6053.667,2000,6273.291,5790.257,2000,6295.063,6094.127,2000,6366.597,5862.355,2000,6597.905,5590.612,2000,6307.253,5749.317,2000,6047.438,5709.5,2000,6513.878,6063.668,2000,6499.722,4793.169,2000,5846.987,5864.787,2000,6221.033,5245.603,2000,6218.998,5706.482,2000,6313.662,6109.819,2000,6633.915
6008.978,2000,6662.882,5729.816,2000,5948.072,5952.487,2000,6465.302,5805.246,2000,6465.616,5963.3,2000,6568.183,5853.938,2000,6374.031,5675.332,2000,6421.954,6055.911,2000,6274.445,5790.997,2000,6297.476,6096.372,2000,6367.75,5863.64,2000,6600.077,5592.087,2000,6309.299,5749.729,2000,6049.928,5710.85,2000,6516.01,6065.38,2000,6501.576,4790.672,2000,5847.348,5865.42,2000,6223.476,5247.393,2000,6220.777,5707.443,2000,6315.995,6111.085,2000,6636.098
6009.645,2000,6664.029,5730.027,2000,5949.382,5953.657,2000,6465.928,5805.96,2000,6466.734,5964.075,2000,6569.26,5853.868,2000,6375.356,5676.044,2000,6423.07,6057.07,2000,6275.091,5791.428,2000,6298.731,6097.531,2000,6368.395,5864.327,2000,6601.212,5592.897,2000,6310.349,5749.938,2000,6051.238,5711.557,2000,6517.133,6066.248,2000,6502.58,4789.366,2000,5847.581,5865.78,2000,6224.753,5248.331,2000,6221.716,5707.909,2000,6317.238,6111.712,2000,6637.268
6011.393,2000,6666.909,5730.552,2000,5952.709,5956.573,2000,6467.613,5807.679,2000,6469.631,5966.13,2000,6571.928,5853.801,2000,6378.724,5677.944,2000,6425.844,6059.973,2000,6276.8,5792.624,2000,6301.88,6100.433,2000,6370.106,5866.164,2000,6604.036,5595.041,2000,6312.944,5750.466,2000,6054.565,5713.361,2000,6519.977,6068.366,2000,6505.199,4786.071,2000,5848.28,5866.798,2000,6227.964,5250.708,2000,6224.103,5708.986,2000,6320.429,6113.332,2000,6640.221
6012.311,2000,6668.315,5730.816,2000,5954.368,5958,2000,6468.501,5808.489,2000,6471.103,5967.198,2000,6573.225,5853.822,2000,6380.403,5678.937,2000,6427.195,6061.42,2000,6277.653,5793.271,2000,6303.43,6101.88,2000,6370.958,5867.125,2000,6605.413,5596.151,2000,6314.202,5750.729,2000,6056.224,5714.265,2000,6521.393,6069.379,2000,6506.54,4784.428,2000,5848.629,5867.358,2000,6229.548,5251.893,2000,6225.293,5709.471,2000,6322.038,6114.188,2000,6641.667
6013.898,2000,6670.581,5731.248,2000,5957.101,5960.299,2000,6470.039,5809.742,2000,6473.568,5969.026,2000,6575.301,5853.948,2000,6383.167,5680.643,2000,6429.367,6063.804,2000,6279.057,5794.421,2000,6305.946,6104.264,2000,6372.362,5868.782,2000,6607.628,5598.046,2000,6316.213,5751.163,2000,6058.956,5715.753,2000,6523.725,6070.974,2000,6508.8,4781.722,2000,5849.203,5868.366,2000,6232.124,5253.845,2000,6227.253,5710.182,2000,6324.711,6115.673,2000,6644
6015.153,2000,6672.254,5731.576,2000,5959.166,5962.033,2000,6471.208,5810.628,2000,6475.463,5970.458,2000,6576.825,5854.112,2000,6385.251,5681.987,2000,6430.965,6065.606,2000,6280.118,5795.352,2000,6307.819,6106.066,2000,6373.423,5870.089,2000,6609.261,5599.528,2000,6317.687,5751.489,2000,6061.022,5716.879,2000,6525.487,6072.123,2000,6510.547,4779.676,2000,5849.637,5869.19,2000,6234.046,5255.32,2000,6228.735,5710.653,2000,6326.749,6116.854,2000,6645.727
6016.797,2000,6674.301,5731.986,2000,5961.76,5964.23,2000,6472.646,5811.663,2000,6477.876,5972.318,2000,6578.679,5854.403,2000,6387.861,5683.739,2000,6432.917,6067.869,2000,6281.451,5796.597,2000,6310.131,6108.328,2000,6374.756,5871.796,2000,6611.256,5601.447,2000,6319.474,5751.901,2000,6063.615,5718.292,2000,6527.701,6073.494,2000,6512.787,4777.107,2000,5850.183,5870.304,2000,6236.424,5257.173,2000,6230.596,5711.161,2000,6329.325,6118.406,2000,6647.845
6018.159,2000,6675.888,5732.314,2000,5963.825,5965.993,2000,6473.771,5812.423,2000,6479.825,5973.847,2000,6580.105,5854.703,2000,6389.93,5685.083,2000,6434.516,6069.67,2000,6282.512,5797.648,2000,6311.939,6110.13,2000,6375.817,5873.207,2000,6612.799,5603.021,2000,6320.846,5752.227,2000,6065.681,5719.417,2000,6529.463,6074.526,2000,6514.605,4775.062,2000,5850.617,5871.253,2000,6238.288,5258.648,2000,6232.078,5711.498,2000,6331.389,6119.697,2000,6649.49
6019.935,2000,6677.825,5732.724,2000,5966.42,5968.226,2000,6475.156,5813.297,2000,6482.302,5975.826,2000,6581.834,5855.164,2000,6392.517,5686.704,2000,6436.579,6071.934,2000,6283.845,5799.042,2000,6314.166,6112.394,2000,6377.151,5875.042,2000,6614.68,5605.055,2000,6322.504,5752.64,2000,6068.275,5720.757,2000,6531.723,6075.748,2000,6516.931,4772.492,2000,5851.162,5872.521,2000,6240.589,5260.502,2000,6233.94,5711.836,2000,6333.994,6121.385,2000,6651.503
6021.398,2000,6679.32,5733.052,2000,5968.486,5970.015,2000,6476.239,5813.929,2000,6484.296,5977.445,2000,6583.158,5855.599,2000,6394.563,5687.941,2000,6438.264,6073.736,2000,6284.907,5800.21,2000,6315.901,6114.196,2000,6378.212,5876.551,2000,6616.128,5606.629,2000,6323.877,5752.966,2000,6070.342,5721.765,2000,6533.556,6076.659,2000,6518.814,4770.446,2000,5851.597,5873.589,2000,6242.387,5261.979,2000,6235.422,5712.037,2000,6336.076,6122.781,2000,6653.062
6023.295,2000,6681.136,5733.461,2000,5971.08,5972.278,2000,6477.573,5814.639,2000,6486.825,5979.532,2000,6584.753,5856.228,2000,6397.113,5689.424,2000,6440.428,6076,2000,6286.24,5801.747,2000,6318.031,6116.458,2000,6379.545,5878.504,2000,6617.884,5608.549,2000,6325.664,5753.378,2000,6072.936,5722.955,2000,6535.897,6077.726,2000,6521.214,4767.876,2000,5852.142,5875.004,2000,6244.6,5263.832,2000,6237.283,5712.204,2000,6338.697,6124.597,2000,6654.959
6025.053,2000,6682.711,5733.832,2000,5973.411,5974.323,2000,6478.751,5815.203,2000,6489.117,5981.453,2000,6586.125,5856.868,2000,6399.385,5690.692,2000,6442.417,6078.034,2000,6287.438,5803.189,2000,6319.899,6118.492,2000,6380.744,5880.311,2000,6619.404,5610.22,2000,6327.326,5753.747,2000,6075.267,5723.954,2000,6538.035,6078.613,2000,6523.401,4765.567,2000,5852.632,5876.341,2000,6246.545,5265.497,2000,6238.956,5712.277,2000,6341.057,6126.284,2000,6656.61
6026.86,2000,6684.227,5734.2,2000,5975.741,5976.379,2000,6479.907,5815.691,2000,6491.425,5983.417,2000,6587.432,5857.582,2000,6401.633,5691.895,2000,6444.444,6080.066,2000,6288.635,5804.691,2000,6321.718,6120.525,2000,6381.941,5882.164,2000,6620.863,5611.835,2000,6329.04,5754.117,2000,6077.597,5724.883,2000,6540.204,6079.428,2000,6525.615,4763.26,2000,5853.122,5877.739,2000,6248.445,5267.162,2000,6240.627,5712.273,2000,6343.416,6128.023,2000,6658.205
6029.882,2000,6686.598,5734.803,2000,5979.535,5979.746,2000,6481.757,5816.362,2000,6495.207,5986.683,2000,6589.455,5858.863,2000,6405.254,5693.743,2000,6447.809,6083.376,2000,6290.584,5807.233,2000,6324.598,6123.834,2000,6383.891,5885.259,2000,6623.138,5614.373,2000,6331.915,5754.715,2000,6081.391,5726.278,2000,6543.782,6080.637,2000,6529.261,4759.502,2000,5853.919,5880.116,2000,6251.463,5269.872,2000,6243.349,5712.141,2000,6347.254,6130.938,2000,6660.706
6030.931,2000,6687.367,5735.006,2000,5980.819,5980.889,2000,6482.377,5816.547,2000,6496.494,5987.81,2000,6590.103,5859.337,2000,6406.465,5694.332,2000,6448.968,6084.497,2000,6291.244,5808.125,2000,6325.544,6124.955,2000,6384.551,5886.331,2000,6623.874,5615.199,2000,6332.916,5754.919,2000,6082.675,5726.711,2000,6545.009,6081.005,2000,6530.508,4758.23,2000,5854.189,5880.954,2000,6252.458,5270.79,2000,6244.271,5712.138,2000,6348.555,6131.952,2000,6661.521
6032.194,2000,6688.23,5735.246,2000,5982.331,5982.243,2000,6483.091,5816.716,2000,6498.015,5989.161,2000,6590.822,5859.941,2000,6407.872,5694.979,2000,6450.354,6085.815,2000,6292.021,5809.21,2000,6326.624,6126.274,2000,6385.328,5887.621,2000,6624.698,5616.133,2000,6334.125,5755.158,2000,6084.187,5727.172,2000,6546.468,6081.391,2000,6531.989,4756.733,2000,5854.507,5881.978,2000,6253.595,5271.87,2000,6245.355,5712.186,2000,6350.084,6133.176,2000,6662.439
6034.501,2000,6689.699,5735.672,2000,5985.032,5984.677,2000,6484.338,5816.928,2000,6500.741,5991.616,2000,6592.027,5861.102,2000,6410.348,5696.054,2000,6452.866,6088.171,2000,6293.409,5811.212,2000,6328.487,6128.631,2000,6386.714,5889.972,2000,6626.094,5617.729,2000,6336.338,5755.587,2000,6086.888,5727.911,2000,6549.101,6081.992,2000,6534.657,4754.059,2000,5855.075,5883.873,2000,6255.567,5273.799,2000,6247.292,5712.285,2000,6352.817,6135.416,2000,6664.008
6036.209,2000,6690.71,5735.984,2000,5986.992,5986.449,2000,6485.231,5817.146,2000,6502.713,5993.368,2000,6592.96,5862.002,2000,6412.116,5696.774,2000,6454.715,6089.882,2000,6294.415,5812.708,2000,6329.791,6130.341,2000,6387.722,5891.71,2000,6627.051,5618.834,2000,6337.981,5755.896,2000,6088.848,5728.385,2000,6551.028,6082.492,2000,6536.578,4752.117,2000,5855.487,5885.294,2000,6256.952,5275.199,2000,6248.699,5712.421,2000,6354.797,6137.078,2000,6665.093
6038.59,2000,6692.117,5736.415,2000,5989.725,5988.89,2000,6486.533,5817.54,2000,6505.451,5995.766,2000,6594.339,5863.337,2000,6414.539,5697.693,2000,6457.322,6092.266,2000,6295.819,5814.852,2000,6331.539,6132.726,2000,6389.124,5894.152,2000,6628.351,5620.298,2000,6340.32,5756.331,2000,6091.58,5729.045,2000,6553.714,6083.276,2000,6539.23,4749.412,2000,5856.062,5887.336,2000,6258.817,5277.151,2000,6250.659,5712.702,2000,6357.548,6139.442,2000,6666.529
6040.623,2000,6693.317,5736.785,2000,5992.056,5990.935,2000,6487.711,5817.953,2000,6507.776,5997.85,2000,6595.448,5864.528,2000,6416.577,5698.405,2000,6459.572,6094.301,2000,6297.016,5816.729,2000,6332.97,6134.76,2000,6390.322,5896.199,2000,6629.527,5621.482,2000,6342.356,5756.699,2000,6093.912,5729.608,2000,6556.007,6083.871,2000,6541.515,4747.102,2000,5856.552,5889.131,2000,6260.351,5278.817,2000,6252.332,5713.019,2000,6359.888,6141.475,2000,6667.729
6042.681,2000,6694.472,5737.153,2000,5994.387,5992.939,2000,6488.956,5818.441,2000,6510.084,5999.895,2000,6596.624,5865.699,2000,6418.625,5699.042,2000,6461.843,6096.333,2000,6298.213,5818.651,2000,6334.338,6136.793,2000,6391.518,5898.282,2000,6630.636,5622.597,2000,6344.427,5757.069,2000,6096.242,5730.171,2000,6558.298,6084.539,2000,6543.778,4744.794,2000,5857.042,5890.974,2000,6261.824,5280.481,2000,6254.003,5713.411,2000,6362.214,6143.506,2000,6668.929
6044.079,2000,6695.287,5737.407,2000,5995.985,5994.286,2000,6489.854,5818.828,2000,6511.656,6001.271,2000,6597.476,5866.488,2000,6420.039,5699.427,2000,6463.415,6097.729,2000,6299.033,5820,2000,6335.233,6138.188,2000,6392.339,5899.685,2000,6631.442,5623.315,2000,6345.872,5757.321,2000,6097.84,5730.558,2000,6559.87,6085.048,2000,6545.314,4743.211,2000,5857.377,5892.27,2000,6262.793,5281.624,2000,6255.15,5713.732,2000,6363.8,6144.918,2000,6669.721
6046.733,2000,6696.852,5737.887,2000,5999.029,5996.792,2000,6491.646,5819.661,2000,6514.623,6003.836,2000,6599.184,5867.969,2000,6422.741,5700.101,2000,6466.42,6100.384,2000,6300.597,5822.621,2000,6336.853,6140.844,2000,6393.9,5902.305,2000,6633.065,5624.591,2000,6348.666,5757.805,2000,6100.883,5731.293,2000,6562.862,6086.113,2000,6548.206,4740.197,2000,5858.017,5894.797,2000,6264.556,5283.798,2000,6257.334,5714.443,2000,6366.799,6147.581,2000,6671.272
6048.668,2000,6698.058,5738.245,2000,6001.281,5998.603,2000,6493.033,5820.349,2000,6516.796,6005.692,2000,6600.508,5869.034,2000,6424.757,5700.635,2000,6468.636,6102.35,2000,6301.753,5824.6,2000,6337.986,6142.809,2000,6395.058,5904.203,2000,6634.328,5625.466,2000,6350.762,5758.16,2000,6103.136,5731.851,2000,6565.073,6086.97,2000,6550.318,4737.967,2000,5858.491,5896.709,2000,6265.798,5285.407,2000,6258.95,5715.041,2000,6368.999,6149.544,2000,6672.431
6050.521,2000,6699.263,5738.589,2000,6003.464,6000.312,2000,6494.433,5821.084,2000,6518.88,6007.448,2000,6601.851,5870.041,2000,6426.724,5701.195,2000,6470.773,6104.254,2000,6302.875,5826.552,2000,6339.022,6144.714,2000,6396.178,5906.002,2000,6635.612,5626.248,2000,6352.82,5758.507,2000,6105.318,5732.443,2000,6567.202,6087.868,2000,6552.338,4735.805,2000,5858.95,5898.601,2000,6266.941,5286.966,2000,6260.516,5715.69,2000,6371.111,6151.42,2000,6673.6
6052.469,2000,6700.61,5738.961,2000,6005.804,6002.094,2000,6495.993,5821.945,2000,6521.087,6009.282,2000,6603.35,5871.093,2000,6428.846,5701.861,2000,6473.046,6106.296,2000,6304.075,5828.68,2000,6340.063,6146.755,2000,6397.38,5907.884,2000,6637.051,5627.013,2000,6355.051,5758.876,2000,6107.658,5733.138,2000,6569.466,6088.9,2000,6554.47,4733.488,2000,5859.441,5900.667,2000,6268.1,5288.637,2000,6262.194,5716.459,2000,6373.352,6153.406,2000,6674.891
6054.146,2000,6701.834,5739.284,2000,6007.854,6003.611,2000,6497.411,5822.713,2000,6523.016,6010.845,2000,6604.716,5871.988,2000,6430.72,5702.502,2000,6475.021,6108.084,2000,6305.128,5830.573,2000,6340.914,6148.545,2000,6398.432,5909.491,2000,6638.365,5627.618,2000,6357.026,5759.203,2000,6109.708,5733.808,2000,6571.432,6089.865,2000,6556.308,4731.458,2000,5859.873,5902.51,2000,6269.055,5290.102,2000,6263.666,5717.198,2000,6375.292,6155.113,2000,6676.071
6055.274,2000,6702.713,5739.509,2000,6009.267,6004.623,2000,6498.421,5823.253,2000,6524.34,6011.891,2000,6605.692,5872.587,2000,6432.019,5702.987,2000,6476.366,6109.317,2000,6305.854,5831.896,2000,6341.457,6149.777,2000,6399.158,5910.568,2000,6639.306,5627.991,2000,6358.399,5759.425,2000,6111.121,5734.294,2000,6572.777,6090.571,2000,6557.551,4730.059,2000,5860.169,5903.801,2000,6269.671,5291.111,2000,6264.679,5717.75,2000,6376.611,6156.268,2000,6676.915
6057.04,2000,6704.173,5739.866,2000,6011.531,6006.191,2000,6500.092,5824.124,2000,6526.46,6013.514,2000,6607.309,5873.526,2000,6434.109,5703.819,2000,6478.5,6111.292,2000,6307.017,5834.043,2000,6342.257,6151.753,2000,6400.319,5912.244,2000,6640.869,5628.515,2000,6360.617,5759.785,2000,6113.384,5735.115,2000,6574.916,6091.767,2000,6559.506,4727.817,2000,5860.645,5905.9,2000,6270.59,5292.728,2000,6266.303,5718.703,2000,6378.695,6158.076,2000,6678.323
6058.296,2000,6705.281,5740.129,2000,6013.185,6007.296,2000,6501.351,5824.767,2000,6528.006,6014.661,2000,6608.529,5874.188,2000,6435.647,5704.467,2000,6480.044,6112.735,2000,6307.865,5835.631,2000,6342.791,6153.196,2000,6401.169,5913.43,2000,6642.051,5628.844,2000,6362.249,5760.046,2000,6115.039,5735.737,2000,6576.471,6092.688,2000,6560.905,4726.179,2000,5860.993,5907.455,2000,6271.211,5293.91,2000,6267.489,5719.449,2000,6380.194,6159.367,2000,6679.39
6059.782,2000,6706.675,5740.446,2000,6015.198,6008.59,2000,6502.925,5825.548,2000,6529.888,6016.007,2000,6610.059,5875.053,2000,6437.492,5705.3,2000,6481.903,6114.491,2000,6308.9,5837.541,2000,6343.502,6154.953,2000,6402.202,5914.825,2000,6643.536,5629.18,2000,6364.245,5760.366,2000,6117.051,5736.523,2000,6578.351,6093.862,2000,6562.57,4724.185,2000,5861.416,5909.371,2000,6271.904,5295.348,2000,6268.933,5720.416,2000,6381.988,6160.896,2000,6680.737
6060.893,2000,6707.787,5740.693,2000,6016.75,6009.564,2000,6504.159,5826.185,2000,6531.325,6017.006,2000,6611.272,5875.767,2000,6438.893,5705.977,2000,6483.322,6115.846,2000,6309.696,5838.995,2000,6344.1,6156.307,2000,6403,5915.864,2000,6644.716,5629.389,2000,6365.791,5760.61,2000,6118.604,5737.146,2000,6579.794,6094.81,2000,6563.824,4722.647,2000,5861.742,5910.844,2000,6272.454,5296.457,2000,6270.047,5721.207,2000,6383.346,6162.042,2000,6681.813
6062.641,2000,6709.651,5741.091,2000,6019.274,6011.147,2000,6506.165,5827.272,2000,6533.638,6018.566,2000,6613.297,5877.001,2000,6441.13,5707.128,2000,6485.603,6118.048,2000,6310.994,5841.326,2000,6345.147,6158.51,2000,6404.295,5917.489,2000,6646.688,5629.645,2000,6368.313,5761.012,2000,6121.128,5738.214,2000,6582.115,6096.417,2000,6565.811,4720.147,2000,5862.273,5913.208,2000,6273.424,5298.26,2000,6271.858,5722.564,2000,6385.511,6163.848,2000,6683.621
6063.006,2000,6710.067,5741.178,2000,6019.821,6011.49,2000,6506.599,5827.521,2000,6534.132,6018.889,2000,6613.746,5877.285,2000,6441.606,5707.391,2000,6486.09,6118.525,2000,6311.274,5841.823,2000,6345.39,6158.986,2000,6404.576,5917.827,2000,6647.127,5629.682,2000,6368.861,5761.098,2000,6121.674,5738.457,2000,6582.613,6096.779,2000,6566.229,4719.606,2000,5862.388,5913.713,2000,6273.651,5298.65,2000,6272.25,5722.873,2000,6385.97,6164.226,2000,6684.024
6064.325,2000,6711.671,5741.501,2000,6021.873,6012.776,2000,6508.229,5828.508,2000,6535.96,6020.046,2000,6615.471,5878.405,2000,6443.355,5708.428,2000,6487.889,6120.314,2000,6312.328,5843.658,2000,6346.364,6160.777,2000,6405.629,5919.04,2000,6648.813,5629.756,2000,6370.917,5761.424,2000,6123.726,5739.419,2000,6584.454,6098.188,2000,6567.756,4717.574,2000,5862.819,5915.579,2000,6274.564,5300.116,2000,6273.722,5724.089,2000,6387.654,6165.597,2000,6685.585
6065.277,2000,6712.909,5741.746,2000,6023.415,6013.744,2000,6509.455,5829.292,2000,6537.311,6020.874,2000,6616.796,5879.29,2000,6444.642,5709.249,2000,6489.217,6121.661,2000,6313.12,5845.013,2000,6347.14,6162.123,2000,6406.421,5919.91,2000,6650.11,5629.761,2000,6372.463,5761.667,2000,6125.268,5740.18,2000,6585.817,6099.284,2000,6568.868,4716.047,2000,5863.143,5916.958,2000,6275.296,5301.218,2000,6274.828,5725.044,2000,6388.89,6166.589,2000,6686.791
6065.836,2000,6713.687,5741.896,2000,6024.361,6014.337,2000,6510.207,5829.797,2000,6538.125,6021.354,2000,6617.625,5879.858,2000,6445.413,5709.777,2000,6490.017,6122.486,2000,6313.605,5845.828,2000,6347.644,6162.948,2000,6406.907,5920.417,2000,6650.922,5629.732,2000,6373.411,5761.817,2000,6126.214,5740.672,2000,6586.639,6099.978,2000,6569.528,4715.11,2000,5863.342,5917.789,2000,6275.772,5301.894,2000,6275.507,5725.654,2000,6389.628,6167.173,2000,6687.55
6067.458,2000,6716.106,5742.353,2000,6027.238,6016.141,2000,6512.493,5831.411,2000,6540.549,6022.731,2000,6620.19,5881.661,2000,6447.699,5711.458,2000,6492.395,6124.997,2000,6315.082,5848.254,2000,6349.254,6165.458,2000,6408.385,5921.878,2000,6653.442,5629.553,2000,6376.284,5762.271,2000,6129.091,5742.243,2000,6589.092,6102.154,2000,6571.464,4712.261,2000,5863.946,5920.267,2000,6277.303,5303.948,2000,6277.57,5727.583,2000,6391.811,6168.873,2000,6689.915
6067.872,2000,6716.769,5742.474,2000,6028.01,6016.625,2000,6513.106,5831.864,2000,6541.186,6023.078,2000,6620.891,5882.165,2000,6448.297,5711.928,2000,6493.019,6125.67,2000,6315.478,5848.891,2000,6349.707,6166.132,2000,6408.781,5922.248,2000,6654.13,5629.479,2000,6377.051,5762.394,2000,6129.863,5742.685,2000,6589.736,6102.754,2000,6571.964,4711.497,2000,5864.108,5920.918,2000,6277.735,5304.5,2000,6278.124,5728.119,2000,6392.379,6169.308,2000,6690.564
6068.317,2000,6717.538,5742.613,2000,6028.888,6017.176,2000,6513.804,5832.403,2000,6541.893,6023.446,2000,6621.7,5882.76,2000,6448.958,5712.486,2000,6493.71,6126.437,2000,6315.928,5849.598,2000,6350.246,6166.898,2000,6409.232,5922.642,2000,6654.927,5629.368,2000,6377.92,5762.532,2000,6130.741,5743.21,2000,6590.453,6103.456,2000,6572.511,4710.627,2000,5864.293,5921.642,2000,6278.25,5305.126,2000,6278.754,5728.75,2000,6393.005,6169.778,2000,6691.318
6069.296,2000,6719.361,5742.936,2000,6030.932,6018.404,2000,6515.47,5833.708,2000,6543.498,6024.242,2000,6623.61,5884.194,2000,6450.449,5713.836,2000,6495.279,6128.22,2000,6316.978,5851.202,2000,6351.554,6168.682,2000,6410.28,5923.5,2000,6656.81,5629.174,2000,6379.95,5762.857,2000,6132.785,5744.486,2000,6592.082,6105.129,2000,6573.728,4708.603,2000,5864.723,5923.288,2000,6279.505,5306.586,2000,6280.22,5730.169,2000,6394.511,6170.816,2000,6693.108
6069.486,2000,6719.746,5743.003,2000,6031.355,6018.647,2000,6515.823,5833.99,2000,6543.822,6024.394,2000,6624.012,5884.498,2000,6450.752,5714.116,2000,6495.604,6128.59,2000,6317.196,5851.525,2000,6351.836,6169.052,2000,6410.498,5923.665,2000,6657.207,5629.147,2000,6380.371,5762.924,2000,6133.209,5744.762,2000,6592.411,6105.484,2000,6573.969,4708.183,2000,5864.812,5923.62,2000,6279.776,5306.889,2000,6280.524,5730.454,2000,6394.833,6171.019,2000,6693.487
6070.155,2000,6721.215,5743.255,2000,6032.949,6019.518,2000,6517.182,5835.079,2000,6545.013,6024.915,2000,6625.539,5885.638,2000,6451.894,5715.168,2000,6496.828,6129.98,2000,6318.014,5852.722,2000,6352.918,6170.443,2000,6411.315,5924.236,2000,6658.716,5629.1,2000,6381.957,5763.177,2000,6134.803,5745.817,2000,6593.631,6106.849,2000,6574.831,4706.604,2000,5865.147,5924.836,2000,6280.836,5308.028,2000,6281.668,5731.482,2000,6396.076,6171.735,2000,6694.933
6070.478,2000,6721.99,5743.387,2000,6033.778,6019.947,2000,6517.903,5835.65,2000,6545.628,6025.16,2000,6626.341,5886.233,2000,6452.486,5715.71,2000,6497.469,6130.704,2000,6318.439,5853.335,2000,6353.491,6171.167,2000,6411.741,5924.507,2000,6659.51,5629.103,2000,6382.781,5763.308,2000,6135.632,5746.374,2000,6594.259,6107.573,2000,6575.256,4705.783,2000,5865.321,5925.459,2000,6281.399,5308.62,2000,6282.263,5731.995,2000,6396.74,6172.083,2000,6695.697
6071.026,2000,6723.439,5743.628,2000,6035.309,6020.75,2000,6519.229,5836.715,2000,6546.755,6025.564,2000,6627.838,5887.328,2000,6453.583,5716.699,2000,6498.663,6132.04,2000,6319.226,5854.46,2000,6354.558,6172.503,2000,6412.526,5924.96,2000,6660.993,5629.157,2000,6384.3,5763.551,2000,6137.163,5747.402,2000,6595.419,6108.934,2000,6575.997,4704.267,2000,5865.643,5926.591,2000,6282.458,5309.714,2000,6283.361,5732.902,2000,6397.997,6172.679,2000,6697.127
6071.395,2000,6724.52,5743.808,2000,6036.437,6021.354,2000,6520.197,5837.497,2000,6547.586,6025.825,2000,6628.949,5888.134,2000,6454.391,5717.412,2000,6499.553,6133.023,2000,6319.804,5855.28,2000,6355.352,6173.487,2000,6413.105,5925.257,2000,6662.095,5629.233,2000,6385.415,5763.729,2000,6138.291,5748.159,2000,6596.274,6109.954,2000,6576.509,4703.15,2000,5865.88,5927.419,2000,6283.243,5310.519,2000,6284.169,5733.54,2000,6398.943,6173.083,2000,6698.195
6071.598,2000,6725.187,5743.917,2000,6037.126,6021.733,2000,6520.783,5837.975,2000,6548.095,6025.962,2000,6629.633,5888.624,2000,6454.888,5717.839,2000,6500.105,6133.625,2000,6320.158,5855.78,2000,6355.839,6174.088,2000,6413.459,5925.417,2000,6662.774,5629.302,2000,6386.094,5763.838,2000,6138.98,5748.616,2000,6596.801,6110.588,2000,6576.801,4702.467,2000,5866.025,5927.921,2000,6283.728,5311.012,2000,6284.664,5733.911,2000,6399.535,6173.308,2000,6698.855
6072.068,2000,6726.928,5744.199,2000,6038.907,6022.734,2000,6522.283,5839.2,2000,6549.418,6026.259,2000,6631.412,5889.887,2000,6456.175,5718.913,2000,6501.554,6135.18,2000,6321.071,5857.061,2000,6357.108,6175.642,2000,6414.374,5925.772,2000,6664.542,5629.538,2000,6387.842,5764.119,2000,6140.761,5749.787,2000,6598.172,6112.249,2000,6577.503,4700.704,2000,5866.399,5929.212,2000,6284.987,5312.284,2000,6285.942,5734.818,2000,6401.093,6173.834,2000,6700.58
6072.259,2000,6727.741,5744.33,2000,6039.732,6023.207,2000,6522.972,5839.764,2000,6550.035,6026.424,2000,6632.231,5890.468,2000,6456.776,5719.396,2000,6502.235,6135.9,2000,6321.495,5857.652,2000,6357.698,6176.363,2000,6414.797,5925.91,2000,6665.366,5629.673,2000,6388.646,5764.25,2000,6141.587,5750.32,2000,6598.816,6113.007,2000,6577.854,4699.886,2000,5866.573,5929.806,2000,6285.575,5312.874,2000,6286.534,5735.214,2000,6401.829,6174.052,2000,6701.387
6072.389,2000,6728.294,5744.418,2000,6040.293,6023.52,2000,6523.445,5840.143,2000,6550.458,6026.554,2000,6632.784,5890.861,2000,6457.186,5719.713,2000,6502.706,6136.389,2000,6321.783,5858.051,2000,6358.102,6176.852,2000,6415.085,5926.021,2000,6665.922,5629.783,2000,6389.189,5764.338,2000,6142.148,5750.676,2000,6599.258,6113.515,2000,6578.109,4699.331,2000,5866.69,5930.208,2000,6285.976,5313.275,2000,6286.937,5735.467,2000,6402.337,6174.182,2000,6701.94
6072.709,2000,6729.652,5744.636,2000,6041.671,6024.269,2000,6524.623,5841.065,2000,6551.506,6026.917,2000,6634.131,5891.817,2000,6458.203,5720.467,2000,6503.88,6137.592,2000,6322.491,5859.028,2000,6359.098,6178.055,2000,6415.792,5926.341,2000,6667.281,5630.096,2000,6390.514,5764.557,2000,6143.526,5751.534,2000,6600.359,6114.741,2000,6578.775,4697.965,2000,5866.98,5931.188,2000,6286.969,5314.26,2000,6287.925,5736.048,2000,6403.606,6174.501,2000,6703.298
6072.874,2000,6730.304,5744.741,2000,6042.335,6024.619,2000,6525.196,5841.502,2000,6552.016,6027.114,2000,6634.773,5892.274,2000,6458.695,5720.815,2000,6504.455,6138.171,2000,6322.831,5859.495,2000,6359.582,6178.634,2000,6416.133,5926.516,2000,6667.93,5630.267,2000,6391.146,5764.661,2000,6144.19,5751.938,2000,6600.896,6115.32,2000,6579.116,4697.308,2000,5867.12,5931.659,2000,6287.449,5314.734,2000,6288.401,5736.31,2000,6404.225,6174.655,2000,6703.953
6073.111,2000,6731.34,5744.899,2000,6043.387,6025.144,2000,6526.121,5842.167,2000,6552.846,6027.458,2000,6635.78,5892.973,2000,6459.498,5721.337,2000,6505.382,6139.07,2000,6323.4,5860.208,2000,6360.371,6179.533,2000,6416.702,5926.766,2000,6668.963,5630.571,2000,6392.137,5764.818,2000,6145.242,5752.55,2000,6601.765,6116.219,2000,6579.684,4696.275,2000,5867.375,5932.379,2000,6288.232,5315.459,2000,6289.179,5736.719,2000,6405.207,6174.865,2000,6704.996
6073.317,2000,6732.262,5745.032,2000,6044.322,6025.582,2000,6526.958,5842.733,2000,6553.602,6027.792,2000,6636.663,5893.569,2000,6460.23,5721.782,2000,6506.215,6139.851,2000,6323.931,5860.817,2000,6361.092,6180.313,2000,6417.233,5927.01,2000,6669.875,5630.869,2000,6393.006,5764.95,2000,6146.177,5753.068,2000,6602.555,6117,2000,6580.214,4695.367,2000,5867.63,5932.995,2000,6288.948,5316.081,2000,6289.891,5737.08,2000,6406.079,6175.021,2000,6705.927
6073.455,2000,6732.931,5745.122,2000,6045,6025.879,2000,6527.573,5843.125,2000,6554.162,6028.054,2000,6637.294,5893.983,2000,6460.774,5722.091,2000,6506.824,6140.404,2000,6324.333,5861.241,2000,6361.628,6180.866,2000,6417.636,5927.19,2000,6670.535,5631.105,2000,6393.628,5765.039,2000,6146.854,5753.424,2000,6603.138,6117.553,2000,6580.617,4694.715,2000,5867.837,5933.423,2000,6289.48,5316.515,2000,6290.418,5737.342,2000,6406.71,6175.111,2000,6706.604
6073.734,2000,6734.123,5745.274,2000,6046.214,6026.409,2000,6528.676,5843.792,2000,6555.188,6028.562,2000,6638.408,5894.692,2000,6461.771,5722.636,2000,6507.92,6141.369,2000,6325.085,5861.971,2000,6362.61,6181.831,2000,6418.39,5927.552,2000,6671.704,5631.557,2000,6394.73,5765.191,2000,6148.069,5754.04,2000,6604.196,6118.519,2000,6581.369,4693.562,2000,5868.246,5934.159,2000,6290.458,5317.292,2000,6291.364,5737.826,2000,6407.834,6175.278,2000,6707.817
6073.841,2000,6734.644,5745.335,2000,6046.743,6026.623,2000,6529.164,5844.068,2000,6555.643,6028.798,2000,6638.885,5894.986,2000,6462.215,5722.865,2000,6508.4,6141.778,2000,6325.426,5862.275,2000,6363.047,6182.239,2000,6418.731,5927.71,2000,6672.212,5631.756,2000,6395.208,5765.251,2000,6148.598,5754.292,2000,6604.665,6118.928,2000,6581.709,4693.066,2000,5868.439,5934.464,2000,6290.894,5317.63,2000,6291.775,5738.035,2000,6408.324,6175.333,2000,6708.346
6074.032,2000,6735.453,5745.424,2000,6047.569,6026.947,2000,6529.929,5844.476,2000,6556.367,6029.191,2000,6639.617,5895.422,2000,6462.923,5723.216,2000,6509.153,6142.398,2000,6325.979,5862.727,2000,6363.745,6182.859,2000,6419.284,5927.983,2000,6672.998,5632.067,2000,6395.954,5765.34,2000,6149.424,5754.675,2000,6605.403,6119.549,2000,6582.262,4692.302,2000,5868.768,5934.919,2000,6291.589,5318.157,2000,6292.417,5738.363,2000,6409.088,6175.421,2000,6709.173
6074.229,2000,6736.237,5745.507,2000,6048.373,6027.25,2000,6530.678,5844.852,2000,6557.083,6029.596,2000,6640.316,5895.823,2000,6463.625,5723.553,2000,6509.888,6142.984,2000,6326.536,5863.143,2000,6364.438,6183.444,2000,6419.842,5928.273,2000,6673.752,5632.372,2000,6396.678,5765.421,2000,6150.228,5755.032,2000,6606.128,6120.135,2000,6582.819,4691.57,2000,5869.11,5935.339,2000,6292.28,5318.669,2000,6293.043,5738.678,2000,6409.832,6175.526,2000,6709.974
6074.322,2000,6736.64,5745.546,2000,6048.785,6027.393,2000,6531.066,5845.032,2000,6557.455,6029.815,2000,6640.667,5896.017,2000,6463.991,5723.716,2000,6510.269,6143.274,2000,6326.831,5863.345,2000,6364.799,6183.735,2000,6420.137,5928.417,2000,6674.14,5632.524,2000,6397.05,5765.459,2000,6150.641,5755.203,2000,6606.505,6120.425,2000,6583.114,4691.201,2000,5869.298,5935.543,2000,6292.641,5318.932,2000,6293.364,5738.834,2000,6410.216,6175.566,2000,6710.386
6074.563,2000,6737.546,5745.629,2000,6049.718,6027.724,2000,6531.943,5845.424,2000,6558.307,6030.337,2000,6641.446,5896.428,2000,6464.833,5724.079,2000,6511.133,6143.91,2000,6327.52,5863.774,2000,6365.632,6184.37,2000,6420.827,5928.773,2000,6675.007,5632.863,2000,6397.896,5765.542,2000,6151.574,5755.582,2000,6607.362,6121.061,2000,6583.803,4690.38,2000,5869.751,5935.977,2000,6293.472,5319.524,2000,6294.09,5739.187,2000,6411.084,6175.688,2000,6711.315
6074.821,2000,6738.408,5745.706,2000,6050.615,6028.027,2000,6532.791,5845.783,2000,6559.132,6030.863,2000,6642.176,5896.799,2000,6465.653,5724.422,2000,6511.965,6144.498,2000,6328.201,5864.161,2000,6366.445,6184.958,2000,6421.508,5929.143,2000,6675.828,5633.187,2000,6398.708,5765.618,2000,6152.471,5755.934,2000,6608.19,6121.649,2000,6584.484,4689.607,2000,5870.211,5936.367,2000,6294.283,5320.093,2000,6294.787,5739.518,2000,6411.921,6175.834,2000,6712.204
6074.918,2000,6738.753,5745.733,2000,6050.973,6028.137,2000,6533.132,5845.915,2000,6559.466,6031.063,2000,6642.474,5896.936,2000,6465.985,5724.551,2000,6512.299,6144.723,2000,6328.48,5864.304,2000,6366.774,6185.183,2000,6421.787,5929.289,2000,6676.155,5633.311,2000,6399.034,5765.645,2000,6152.829,5756.064,2000,6608.524,6121.875,2000,6584.763,4689.305,2000,5870.404,5936.511,2000,6294.611,5320.32,2000,6295.065,5739.643,2000,6412.257,6175.881,2000,6712.559
6075.164,2000,6739.528,5745.793,2000,6051.783,6028.384,2000,6533.905,5846.197,2000,6560.227,6031.528,2000,6643.14,5897.224,2000,6466.744,5724.833,2000,6513.061,6145.212,2000,6329.128,5864.604,2000,6367.529,6185.671,2000,6422.436,5929.644,2000,6676.886,5633.583,2000,6399.774,5765.705,2000,6153.639,5756.351,2000,6609.285,6122.365,2000,6585.411,4688.636,2000,5870.864,5936.815,2000,6295.364,5320.832,2000,6295.695,5739.924,2000,6413.019,6176.013,2000,6713.36
6075.404,2000,6740.234,5745.847,2000,6052.527,6028.599,2000,6534.62,5846.442,2000,6560.932,6031.96,2000,6643.748,5897.469,2000,6467.449,5725.087,2000,6513.762,6145.642,2000,6329.738,5864.857,2000,6368.23,6186.101,2000,6423.045,5929.992,2000,6677.545,5633.832,2000,6400.454,5765.757,2000,6154.383,5756.602,2000,6609.987,6122.795,2000,6586.02,4688.035,2000,5871.307,5937.071,2000,6296.065,5321.302,2000,6296.274,5740.174,2000,6413.722,6176.157,2000,6714.092
6075.658,2000,6740.932,5745.897,2000,6053.268,6028.801,2000,6535.334,5846.67,2000,6561.638,6032.396,2000,6644.349,5897.695,2000,6468.156,5725.33,2000,6514.463,6146.05,2000,6330.358,5865.088,2000,6368.936,6186.508,2000,6423.666,5930.358,2000,6678.191,5634.071,2000,6401.134,5765.808,2000,6155.124,5756.842,2000,6610.689,6123.203,2000,6586.64,4687.452,2000,5871.766,5937.303,2000,6296.77,5321.77,2000,6296.851,5740.419,2000,6414.423,6176.316,2000,6714.817
6075.813,2000,6741.382,5745.928,2000,6053.743,6028.916,2000,6535.796,5846.802,2000,6562.096,6032.667,2000,6644.741,5897.825,2000,6468.614,5725.48,2000,6514.915,6146.298,2000,6330.764,5865.222,2000,6369.393,6186.756,2000,6424.072,5930.579,2000,6678.613,5634.223,2000,6401.57,5765.837,2000,6155.599,5756.985,2000,6611.143,6123.451,2000,6587.046,4687.088,2000,5872.073,5937.437,2000,6297.227,5322.069,2000,6297.221,5740.567,2000,6414.875,6176.403,2000,6715.285
6076.184,2000,6742.386,5745.995,2000,6054.812,6029.192,2000,6536.831,5847.092,2000,6563.126,6033.281,2000,6645.617,5898.103,2000,6469.648,5725.803,2000,6515.936,6146.826,2000,6331.695,5865.502,2000,6370.426,6187.283,2000,6425.004,5931.106,2000,6679.544,5634.547,2000,6402.558,5765.905,2000,6156.667,5757.295,2000,6612.168,6123.98,2000,6587.977,4686.292,2000,5872.789,5937.704,2000,6298.264,5322.743,2000,6298.054,5740.903,2000,6415.892,6176.633,2000,6716.331
6076.311,2000,6742.768,5746.02,2000,6055.213,6029.283,2000,6537.223,5847.188,2000,6563.517,6033.501,2000,6645.954,5898.195,2000,6470.04,5725.919,2000,6516.321,6147.013,2000,6332.052,5865.595,2000,6370.817,6187.47,2000,6425.36,5931.293,2000,6679.901,5634.669,2000,6402.928,5765.928,2000,6157.069,5757.404,2000,6612.555,6124.167,2000,6588.333,4686.002,2000,5873.068,5937.791,2000,6298.656,5322.996,2000,6298.367,5741.019,2000,6416.277,6176.706,2000,6716.727
6076.626,2000,6743.67,5746.074,2000,6056.168,6029.499,2000,6538.154,5847.41,2000,6564.447,6034.018,2000,6646.759,5898.4,2000,6470.973,5726.183,2000,6517.24,6147.429,2000,6332.913,5865.793,2000,6371.752,6187.885,2000,6426.221,5931.751,2000,6680.74,5634.938,2000,6403.816,5765.985,2000,6158.023,5757.651,2000,6613.479,6124.583,2000,6589.194,4685.335,2000,5873.752,5937.976,2000,6299.594,5323.596,2000,6299.111,5741.299,2000,6417.191,6176.911,2000,6717.661
6076.704,2000,6743.918,5746.089,2000,6056.427,6029.549,2000,6538.409,5847.462,2000,6564.702,6034.15,2000,6646.982,5898.448,2000,6471.229,5726.25,2000,6517.49,6147.535,2000,6333.15,5865.839,2000,6372.008,6187.99,2000,6426.458,5931.868,2000,6680.972,5635.013,2000,6404.056,5765.998,2000,6158.283,5757.712,2000,6613.731,6124.689,2000,6589.431,4685.16,2000,5873.944,5938.017,2000,6299.851,5323.759,2000,6299.313,5741.367,2000,6417.442,6176.958,2000,6717.916
6076.997,2000,6744.815,5746.137,2000,6057.37,6029.733,2000,6539.334,5847.645,2000,6565.627,6034.62,2000,6647.801,5898.607,2000,6472.158,5726.482,2000,6518.405,6147.889,2000,6334.024,5865.988,2000,6372.94,6188.344,2000,6427.333,5932.285,2000,6681.818,5635.256,2000,6404.938,5766.051,2000,6159.225,5757.926,2000,6614.65,6125.043,2000,6590.305,4684.547,2000,5874.662,5938.15,2000,6300.785,5324.351,2000,6300.048,5741.624,2000,6418.35,6177.16,2000,6718.838
6077.13,2000,6745.277,5746.164,2000,6057.849,6029.843,2000,6539.802,5847.725,2000,6566.101,6034.846,2000,6648.225,5898.675,2000,6472.634,5726.599,2000,6518.871,6148.055,2000,6334.475,5866.051,2000,6373.416,6188.509,2000,6427.784,5932.483,2000,6682.256,5635.386,2000,6405.385,5766.074,2000,6159.705,5758.027,2000,6615.12,6125.209,2000,6590.756,4684.247,2000,5875.037,5938.203,2000,6301.262,5324.651,2000,6300.422,5741.741,2000,6418.815,6177.247,2000,6719.31
6077.28,2000,6745.834,5746.192,2000,6058.426,6029.993,2000,6540.36,5847.813,2000,6566.672,6035.1,2000,6648.744,5898.746,2000,6473.207,5726.728,2000,6519.434,6148.236,2000,6335.023,5866.113,2000,6373.99,6188.69,2000,6428.333,5932.704,2000,6682.79,5635.527,2000,6405.927,5766.104,2000,6160.281,5758.143,2000,6615.686,6125.391,2000,6591.304,4683.901,2000,5875.5,5938.25,2000,6301.838,5325.013,2000,6300.873,5741.886,2000,6419.375,6177.333,2000,6719.881
6077.361,2000,6746.18,5746.21,2000,6058.78,6030.096,2000,6540.699,5847.857,2000,6567.024,6035.246,2000,6649.067,5898.778,2000,6473.56,5726.805,2000,6519.78,6148.336,2000,6335.364,5866.14,2000,6374.344,6188.791,2000,6428.673,5932.829,2000,6683.122,5635.617,2000,6406.259,5766.12,2000,6160.636,5758.207,2000,6616.035,6125.492,2000,6591.645,4683.698,2000,5875.791,5938.269,2000,6302.192,5325.235,2000,6301.149,5741.965,2000,6419.72,6177.374,2000,6720.233
6077.519,2000,6746.908,5746.245,2000,6059.525,6030.336,2000,6541.405,5847.946,2000,6567.764,6035.529,2000,6649.756,5898.838,2000,6474.303,5726.955,2000,6520.51,6148.524,2000,6336.085,5866.183,2000,6375.088,6188.978,2000,6429.395,5933.07,2000,6683.827,5635.785,2000,6406.961,5766.158,2000,6161.38,5758.333,2000,6616.769,6125.679,2000,6592.366,4683.292,2000,5876.416,5938.301,2000,6302.937,5325.701,2000,6301.731,5742.139,2000,6420.445,6177.463,2000,6720.973
6077.579,2000,6747.235,5746.262,2000,6059.856,6030.453,2000,6541.715,5847.976,2000,6568.095,6035.646,2000,6650.067,5898.854,2000,6474.634,5727.02,2000,6520.835,6148.597,2000,6336.409,5866.196,2000,6375.42,6189.05,2000,6429.719,5933.167,2000,6684.144,5635.865,2000,6407.272,5766.172,2000,6161.711,5758.384,2000,6617.097,6125.752,2000,6592.689,4683.12,2000,5876.7,5938.304,2000,6303.269,5325.908,2000,6301.99,5742.206,2000,6420.77,6177.492,2000,6721.304
6077.693,2000,6747.926,5746.292,2000,6060.557,6030.722,2000,6542.363,5848.036,2000,6568.793,6035.869,2000,6650.732,5898.887,2000,6475.334,5727.145,2000,6521.525,6148.728,2000,6337.097,5866.209,2000,6376.121,6189.181,2000,6430.407,5933.35,2000,6684.821,5636.012,2000,6407.935,5766.206,2000,6162.412,5758.484,2000,6617.791,6125.884,2000,6593.378,4682.777,2000,5877.311,5938.309,2000,6303.97,5326.346,2000,6302.538,5742.358,2000,6421.455,6177.539,2000,6722.003
6077.735,2000,6748.249,5746.309,2000,6060.882,6030.836,2000,6542.667,5848.057,2000,6569.118,6035.963,2000,6651.044,5898.892,2000,6475.66,5727.203,2000,6521.846,6148.779,2000,6337.419,5866.211,2000,6376.446,6189.231,2000,6430.729,5933.445,2000,6685.132,5636.086,2000,6408.242,5766.22,2000,6162.737,5758.526,2000,6618.114,6125.956,2000,6593.696,4682.627,2000,5877.6,5938.301,2000,6304.295,5326.549,2000,6302.792,5742.418,2000,6421.774,6177.549,2000,6722.328
6077.798,2000,6748.882,5746.336,2000,6061.518,6031.042,2000,6543.27,5848.093,2000,6569.753,6036.126,2000,6651.659,5898.902,2000,6476.296,5727.304,2000,6522.474,6148.857,2000,6338.05,5866.203,2000,6377.083,6189.309,2000,6431.361,5933.651,2000,6685.734,5636.212,2000,6408.845,5766.25,2000,6163.373,5758.603,2000,6618.746,6126.116,2000,6594.312,4682.354,2000,5878.174,5938.285,2000,6304.932,5326.946,2000,6303.29,5742.546,2000,6422.398,6177.554,2000,6722.964
6077.83,2000,6749.352,5746.358,2000,6061.988,6031.179,2000,6543.721,5848.115,2000,6570.224,6036.238,2000,6652.117,5898.901,2000,6476.768,5727.38,2000,6522.939,6148.899,2000,6338.52,5866.195,2000,6377.553,6189.351,2000,6431.83,5933.789,2000,6686.185,5636.311,2000,6409.29,5766.269,2000,6163.843,5758.654,2000,6619.214,6126.22,2000,6594.771,4682.165,2000,5878.606,5938.262,2000,6305.402,5327.24,2000,6303.658,5742.629,2000,6422.862,6177.542,2000,6723.435
6077.845,2000,6749.799,5746.377,2000,6062.435,6031.295,2000,6544.153,5848.13,2000,6570.671,6036.33,2000,6652.555,5898.897,2000,6477.215,5727.444,2000,6523.382,6148.925,2000,6338.966,5866.178,2000,6378,6189.376,2000,6432.277,5933.906,2000,6686.617,5636.396,2000,6409.714,5766.289,2000,6164.291,5758.701,2000,6619.659,6126.304,2000,6595.21,4681.999,2000,5879.021,5938.238,2000,6305.849,5327.519,2000,6304.008,5742.71,2000,6423.302,6177.516,2000,6723.882
6077.845,2000,6750.234,5746.397,2000,6062.869,6031.394,2000,6544.576,5848.142,2000,6571.105,6036.405,2000,6652.982,5898.886,2000,6477.649,5727.507,2000,6523.812,6148.936,2000,6339.4,5866.16,2000,6378.435,6189.387,2000,6432.711,5934.005,2000,6687.04,5636.481,2000,6410.126,5766.306,2000,6164.725,5758.741,2000,6620.091,6126.372,2000,6595.64,4681.851,2000,5879.43,5938.207,2000,6306.282,5327.789,2000,6304.348,5742.781,2000,6423.73,6177.476,2000,6724.314
6077.83,2000,6750.784,5746.42,2000,6063.419,6031.502,2000,6545.115,5848.151,2000,6571.655,6036.482,2000,6653.527,5898.872,2000,6478.199,5727.579,2000,6524.357,6148.932,2000,6339.951,5866.129,2000,6378.984,6189.382,2000,6433.261,5934.114,2000,6687.579,5636.579,2000,6410.649,5766.331,2000,6165.274,5758.79,2000,6620.639,6126.447,2000,6596.185,4681.68,2000,5879.953,5938.168,2000,6306.831,5328.132,2000,6304.778,5742.874,2000,6424.272,6177.408,2000,6724.86
6077.816,2000,6751.001,5746.43,2000,6063.637,6031.538,2000,6545.331,5848.15,2000,6571.874,6036.506,2000,6653.744,5898.859,2000,6478.417,5727.608,2000,6524.573,6148.923,2000,6340.168,5866.115,2000,6379.202,6189.374,2000,6433.479,5934.15,2000,6687.794,5636.623,2000,6410.855,5766.339,2000,6165.492,5758.807,2000,6620.856,6126.469,2000,6596.401,4681.62,2000,5880.163,5938.146,2000,6307.047,5328.268,2000,6304.949,5742.906,2000,6424.488,6177.374,2000,6725.076
6077.766,2000,6751.553,5746.453,2000,6064.189,6031.61,2000,6545.879,5848.148,2000,6572.427,6036.548,2000,6654.296,5898.831,2000,6478.969,5727.673,2000,6525.123,6148.882,2000,6340.72,5866.068,2000,6379.753,6189.333,2000,6434.031,5934.224,2000,6688.342,5636.717,2000,6411.382,5766.363,2000,6166.045,5758.845,2000,6621.409,6126.51,2000,6596.953,4681.483,2000,5880.699,5938.096,2000,6307.599,5328.612,2000,6305.382,5742.999,2000,6425.034,6177.27,2000,6725.619
6077.74,2000,6751.759,5746.462,2000,6064.397,6031.631,2000,6546.086,5848.143,2000,6572.635,6036.557,2000,6654.504,5898.814,2000,6479.177,5727.7,2000,6525.329,6148.86,2000,6340.927,5866.05,2000,6379.96,6189.311,2000,6434.238,5934.245,2000,6688.55,5636.759,2000,6411.58,5766.371,2000,6166.253,5758.859,2000,6621.617,6126.519,2000,6597.161,4681.438,2000,5880.902,5938.07,2000,6307.805,5328.741,2000,6305.545,5743.027,2000,6425.24,6177.224,2000,6725.822
6077.649,2000,6752.377,5746.487,2000,6065.022,6031.672,2000,6546.71,5848.13,2000,6573.26,6036.563,2000,6655.128,5898.771,2000,6479.8,5727.766,2000,6525.95,6148.774,2000,6341.546,5865.984,2000,6380.582,6189.224,2000,6434.856,5934.288,2000,6689.173,5636.866,2000,6412.174,5766.398,2000,6166.877,5758.893,2000,6622.241,6126.53,2000,6597.786,4681.324,2000,5881.517,5938.005,2000,6308.427,5329.129,2000,6306.035,5743.129,2000,6425.856,6177.079,2000,6726.43
6077.612,2000,6752.583,5746.497,2000,6065.23,6031.679,2000,6546.918,5848.123,2000,6573.468,6036.558,2000,6655.337,5898.751,2000,6480.008,5727.791,2000,6526.157,6148.738,2000,6341.751,5865.964,2000,6380.789,6189.188,2000,6435.062,5934.295,2000,6689.381,5636.907,2000,6412.372,5766.406,2000,6167.085,5758.904,2000,6622.449,6126.527,2000,6597.994,4681.293,2000,5881.723,5937.976,2000,6308.633,5329.259,2000,6306.198,5743.157,2000,6426.063,6177.023,2000,6726.63
6077.509,2000,6753.058,5746.515,2000,6065.716,6031.68,2000,6547.405,5848.105,2000,6573.954,6036.531,2000,6655.823,5898.71,2000,6480.493,5727.839,2000,6526.642,6148.64,2000,6342.228,5865.905,2000,6381.272,6189.089,2000,6435.538,5934.296,2000,6689.868,5636.989,2000,6412.835,5766.427,2000,6167.571,5758.927,2000,6622.935,6126.504,2000,6598.48,4681.236,2000,5882.206,5937.917,2000,6309.116,5329.561,2000,6306.579,5743.233,2000,6426.543,6176.879,2000,6727.095
6077.458,2000,6753.26,5746.524,2000,6065.924,6031.673,2000,6547.613,5848.095,2000,6574.162,6036.513,2000,6656.03,5898.688,2000,6480.7,5727.863,2000,6526.849,6148.591,2000,6342.43,5865.882,2000,6381.479,6189.04,2000,6435.741,5934.29,2000,6690.076,5637.029,2000,6413.032,5766.435,2000,6167.779,5758.937,2000,6623.143,6126.488,2000,6598.688,4681.218,2000,5882.414,5937.885,2000,6309.322,5329.69,2000,6306.743,5743.26,2000,6426.75,6176.812,2000,6727.292
6077.339,2000,6753.68,5746.541,2000,6066.36,6031.645,2000,6548.048,5848.075,2000,6574.598,6036.461,2000,6656.463,5898.646,2000,6481.134,5727.904,2000,6527.283,6148.475,2000,6342.851,5865.824,2000,6381.911,6188.924,2000,6436.161,5934.262,2000,6690.511,5637.101,2000,6413.448,5766.453,2000,6168.215,5758.954,2000,6623.579,6126.439,2000,6599.121,4681.195,2000,5882.849,5937.827,2000,6309.754,5329.961,2000,6307.084,5743.326,2000,6427.181,6176.656,2000,6727.699
6077.24,2000,6753.987,5746.555,2000,6066.683,6031.613,2000,6548.369,5848.06,2000,6574.92,6036.412,2000,6656.783,5898.61,2000,6481.455,5727.938,2000,6527.604,6148.378,2000,6343.159,5865.786,2000,6382.232,6188.828,2000,6436.469,5934.231,2000,6690.833,5637.158,2000,6413.754,5766.465,2000,6168.538,5758.965,2000,6623.901,6126.392,2000,6599.44,4681.189,2000,5883.172,5937.775,2000,6310.073,5330.161,2000,6307.338,5743.367,2000,6427.501,6176.53,2000,6727.997
6077.148,2000,6754.244,5746.566,2000,6066.955,6031.579,2000,6548.639,5848.044,2000,6575.192,6036.361,2000,6657.05,5898.581,2000,6481.725,5727.963,2000,6527.875,6148.289,2000,6343.416,5865.749,2000,6382.501,6188.738,2000,6436.726,5934.197,2000,6691.103,5637.203,2000,6414.014,5766.476,2000,6168.81,5758.976,2000,6624.173,6126.344,2000,6599.708,4681.192,2000,5883.444,5937.734,2000,6310.342,5330.33,2000,6307.551,5743.405,2000,6427.771,6176.417,2000,6728.244
6077.026,2000,6754.553,5746.58,2000,6067.288,6031.537,2000,6548.969,5848.026,2000,6575.525,6036.289,2000,6657.375,5898.542,2000,6482.056,5727.995,2000,6528.206,6148.169,2000,6343.726,5865.705,2000,6382.832,6188.618,2000,6437.037,5934.144,2000,6691.431,5637.259,2000,6414.33,5766.489,2000,6169.142,5758.985,2000,6624.506,6126.274,2000,6600.034,4681.208,2000,5883.776,5937.681,2000,6310.671,5330.537,2000,6307.813,5743.447,2000,6428.101,6176.268,2000,6728.542
6076.912,2000,6754.816,5746.592,2000,6067.574,6031.493,2000,6549.253,5848.008,2000,6575.812,6036.218,2000,6657.653,5898.508,2000,6482.341,5728.021,2000,6528.492,6148.058,2000,6343.99,5865.664,2000,6383.116,6188.506,2000,6437.301,5934.088,2000,6691.713,5637.306,2000,6414.604,5766.5,2000,6169.429,5758.995,2000,6624.793,6126.205,2000,6600.313,4681.23,2000,5884.063,5937.635,2000,6310.954,5330.714,2000,6308.038,5743.484,2000,6428.386,6176.131,2000,6728.794
6076.817,2000,6755.017,5746.601,2000,6067.795,6031.453,2000,6549.471,5847.993,2000,6576.032,6036.156,2000,6657.865,5898.48,2000,6482.561,5728.042,2000,6528.712,6147.965,2000,6344.191,5865.633,2000,6383.335,6188.413,2000,6437.501,5934.039,2000,6691.929,5637.344,2000,6414.814,5766.508,2000,6169.65,5759.001,2000,6625.014,6126.144,2000,6600.525,4681.254,2000,5884.282,5937.597,2000,6311.172,5330.852,2000,6308.211,5743.512,2000,6428.605,6176.019,2000,6728.985
6076.637,2000,6755.369,5746.617,2000,6068.191,6031.388,2000,6549.861,5847.968,2000,6576.427,6036.032,2000,6658.241,5898.433,2000,6482.954,5728.075,2000,6529.107,6147.789,2000,6344.545,5865.574,2000,6383.727,6188.234,2000,6437.855,5933.937,2000,6692.312,5637.404,2000,6415.191,5766.524,2000,6170.045,5759.01,2000,6625.41,6126.03,2000,6600.904,4681.311,2000,5884.674,5937.534,2000,6311.563,5331.097,2000,6308.522,5743.564,2000,6428.998,6175.808,2000,6729.32
6076.536,2000,6755.551,5746.625,2000,6068.399,6031.347,2000,6550.065,5847.953,2000,6576.635,6035.961,2000,6658.437,5898.405,2000,6483.16,5728.095,2000,6529.314,6147.69,2000,6344.729,5865.544,2000,6383.933,6188.135,2000,6438.038,5933.877,2000,6692.511,5637.441,2000,6415.389,5766.532,2000,6170.253,5759.016,2000,6625.619,6125.963,2000,6601.102,4681.348,2000,5884.879,5937.496,2000,6311.768,5331.226,2000,6308.686,5743.589,2000,6429.205,6175.691,2000,6729.492
6076.355,2000,6755.852,5746.639,2000,6068.75,6031.279,2000,6550.41,5847.928,2000,6576.985,6035.83,2000,6658.763,5898.362,2000,6483.508,5728.124,2000,6529.665,6147.517,2000,6345.034,5865.489,2000,6384.279,6187.957,2000,6438.341,5933.765,2000,6692.844,5637.494,2000,6415.724,5766.546,2000,6170.604,5759.023,2000,6625.97,6125.848,2000,6601.433,4681.42,2000,5885.222,5937.439,2000,6312.114,5331.443,2000,6308.962,5743.636,2000,6429.553,6175.485,2000,6729.776
6076.243,2000,6756.027,5746.648,2000,6068.958,6031.233,2000,6550.613,5847.913,2000,6577.193,6035.746,2000,6658.953,5898.333,2000,6483.715,5728.143,2000,6529.872,6147.409,2000,6345.212,5865.459,2000,6384.485,6187.845,2000,6438.517,5933.692,2000,6693.039,5637.531,2000,6415.922,5766.554,2000,6170.812,5759.028,2000,6626.178,6125.773,2000,6601.627,4681.47,2000,5885.424,5937.4,2000,6312.319,5331.572,2000,6309.125,5743.66,2000,6429.76,6175.357,2000,6729.941
6076.056,2000,6756.298,5746.661,2000,6069.286,6031.163,2000,6550.935,5847.889,2000,6577.521,6035.604,2000,6659.25,5898.291,2000,6484.041,5728.169,2000,6530.2,6147.231,2000,6345.489,5865.406,2000,6384.81,6187.664,2000,6438.791,5933.567,2000,6693.343,5637.58,2000,6416.235,5766.567,2000,6171.141,5759.034,2000,6626.507,6125.651,2000,6601.933,4681.56,2000,5885.741,5937.345,2000,6312.643,5331.775,2000,6309.384,5743.704,2000,6430.086,6175.147,2000,6730.194
6075.932,2000,6756.465,5746.669,2000,6069.494,6031.112,2000,6551.137,5847.873,2000,6577.729,6035.507,2000,6659.434,5898.261,2000,6484.247,5728.188,2000,6530.407,6147.116,2000,6345.663,5865.375,2000,6385.016,6187.543,2000,6438.961,5933.482,2000,6693.533,5637.617,2000,6416.433,5766.574,2000,6171.349,5759.039,2000,6626.715,6125.567,2000,6602.124,4681.623,2000,5885.939,5937.306,2000,6312.848,5331.904,2000,6309.547,5743.727,2000,6430.293,6175.009,2000,6730.35
6075.741,2000,6756.708,5746.682,2000,6069.802,6031.039,2000,6551.437,5847.849,2000,6578.036,6035.356,2000,6659.703,5898.221,2000,6484.553,5728.212,2000,6530.715,6146.94,2000,6345.916,5865.325,2000,6385.32,6187.365,2000,6439.213,5933.346,2000,6693.81,5637.663,2000,6416.727,5766.586,2000,6171.657,5759.044,2000,6627.024,6125.44,2000,6602.405,4681.726,2000,5886.23,5937.253,2000,6313.152,5332.095,2000,6309.79,5743.768,2000,6430.599,6174.798,2000,6730.575
6075.606,2000,6756.868,5746.69,2000,6070.01,6030.984,2000,6551.638,5847.832,2000,6578.244,6035.248,2000,6659.881,5898.19,2000,6484.759,5728.231,2000,6530.922,6146.821,2000,6346.086,5865.293,2000,6385.526,6187.24,2000,6439.38,5933.249,2000,6693.994,5637.7,2000,6416.925,5766.594,2000,6171.865,5759.048,2000,6627.232,6125.348,2000,6602.592,4681.801,2000,5886.424,5937.214,2000,6313.356,5332.224,2000,6309.954,5743.792,2000,6430.806,6174.651,2000,6730.722
6075.415,2000,6757.084,5746.702,2000,6070.3,6030.909,2000,6551.917,5847.809,2000,6578.532,6035.089,2000,6660.124,5898.151,2000,6485.046,5728.254,2000,6531.211,6146.651,2000,6346.32,5865.246,2000,6385.812,6187.068,2000,6439.613,5933.104,2000,6694.246,5637.744,2000,6417.201,5766.605,2000,6172.154,5759.054,2000,6627.522,6125.219,2000,6602.851,4681.916,2000,5886.69,5937.163,2000,6313.642,5332.403,2000,6310.181,5743.83,2000,6431.093,6174.442,2000,6730.922
6075.271,2000,6757.236,5746.71,2000,6070.508,6030.851,2000,6552.118,5847.792,2000,6578.74,6034.97,2000,6660.294,5898.121,2000,6485.252,5728.273,2000,6531.418,6146.53,2000,6346.49,5865.213,2000,6386.018,6186.941,2000,6439.778,5932.995,2000,6694.423,5637.781,2000,6417.398,5766.612,2000,6172.362,5759.057,2000,6627.73,6125.12,2000,6603.034,4682.004,2000,5886.879,5937.124,2000,6313.846,5332.532,2000,6310.345,5743.854,2000,6431.3,6174.287,2000,6731.062
6075.133,2000,6757.392,5746.718,2000,6070.716,6030.799,2000,6552.319,5847.778,2000,6578.948,6034.845,2000,6660.461,5898.096,2000,6485.459,5728.287,2000,6531.626,6146.403,2000,6346.655,5865.178,2000,6386.224,6186.819,2000,6439.947,5932.88,2000,6694.596,5637.811,2000,6417.597,5766.621,2000,6172.57,5759.058,2000,6627.939,6125.027,2000,6603.221,4682.092,2000,5887.067,5937.09,2000,6314.052,5332.661,2000,6310.509,5743.882,2000,6431.506,6174.136,2000,6731.206
6074.991,2000,6757.552,5746.727,2000,6070.93,6030.752,2000,6552.529,5847.766,2000,6579.162,6034.71,2000,6660.628,5898.071,2000,6485.672,5728.302,2000,6531.84,6146.278,2000,6346.829,5865.148,2000,6386.436,6186.688,2000,6440.118,5932.755,2000,6694.771,5637.839,2000,6417.802,5766.629,2000,6172.785,5759.058,2000,6628.153,6124.934,2000,6603.414,4682.183,2000,5887.262,5937.054,2000,6314.263,5332.793,2000,6310.678,5743.905,2000,6431.72,6173.986,2000,6731.359
6074.853,2000,6757.708,5746.734,2000,6071.138,6030.71,2000,6552.733,5847.753,2000,6579.37,6034.575,2000,6660.787,5898.05,2000,6485.879,5728.313,2000,6532.048,6146.151,2000,6346.995,5865.119,2000,6386.642,6186.566,2000,6440.287,5932.629,2000,6694.937,5637.861,2000,6418.002,5766.638,2000,6172.993,5759.06,2000,6628.362,6124.844,2000,6603.602,4682.271,2000,5887.45,5937.025,2000,6314.47,5332.922,2000,6310.842,5743.927,2000,6431.927,6173.846,2000,6731.513
6074.714,2000,6757.864,5746.743,2000,6071.346,6030.667,2000,6552.937,5847.744,2000,6579.578,6034.434,2000,6660.94,5898.029,2000,6486.086,5728.325,2000,6532.256,6146.029,2000,6347.164,5865.094,2000,6386.849,6186.44,2000,6440.452,5932.497,2000,6695.098,5637.882,2000,6418.202,5766.645,2000,6173.201,5759.059,2000,6628.57,6124.752,2000,6603.789,4682.36,2000,5887.639,5936.996,2000,6314.676,5333.051,2000,6311.006,5743.944,2000,6432.134,6173.708,2000,6731.668
6074.575,2000,6758.019,5746.75,2000,6071.554,6030.624,2000,6553.141,5847.733,2000,6579.786,6034.288,2000,6661.089,5898.012,2000,6486.294,5728.333,2000,6532.464,6145.903,2000,6347.329,5865.069,2000,6387.056,6186.318,2000,6440.621,5932.36,2000,6695.254,5637.898,2000,6418.402,5766.654,2000,6173.409,5759.06,2000,6628.779,6124.657,2000,6603.975,4682.448,2000,5887.827,5936.971,2000,6314.883,5333.18,2000,6311.17,5743.96,2000,6432.342,6173.569,2000,6731.824
6074.417,2000,6758.188,5746.76,2000,6071.785,6030.574,2000,6553.366,5847.725,2000,6580.017,6034.121,2000,6661.249,5897.992,2000,6486.524,5728.343,2000,6532.695,6145.768,2000,6347.517,5865.046,2000,6387.286,6186.177,2000,6440.805,5932.202,2000,6695.423,5637.916,2000,6418.624,5766.662,2000,6173.64,5759.059,2000,6629.01,6124.547,2000,6604.178,4682.546,2000,5888.037,5936.943,2000,6315.112,5333.323,2000,6311.352,5743.975,2000,6432.573,6173.415,2000,6731.996
6074.272,2000,6758.337,5746.768,2000,6071.993,6030.521,2000,6553.568,5847.715,2000,6580.225,6033.975,2000,6661.397,5897.978,2000,6486.732,5728.349,2000,6532.904,6145.641,2000,6347.682,5865.024,2000,6387.493,6186.055,2000,6440.974,5932.055,2000,6695.571,5637.928,2000,6418.825,5766.671,2000,6173.848,5759.059,2000,6629.219,6124.445,2000,6604.36,4682.635,2000,5888.225,5936.922,2000,6315.32,5333.452,2000,6311.516,5743.987,2000,6432.781,6173.272,2000,6732.148
6074.128,2000,6758.487,5746.776,2000,6072.201,6030.463,2000,6553.768,5847.708,2000,6580.433,6033.834,2000,6661.551,5897.962,2000,6486.94,5728.355,2000,6533.112,6145.519,2000,6347.851,5865.006,2000,6387.7,6185.929,2000,6441.139,5931.909,2000,6695.72,5637.94,2000,6419.025,5766.678,2000,6174.056,5759.057,2000,6629.427,6124.342,2000,6604.542,4682.723,2000,5888.414,5936.9,2000,6315.527,5333.581,2000,6311.68,5743.997,2000,6432.989,6173.127,2000,6732.298
6073.985,2000,6758.639,5746.784,2000,6072.409,6030.398,2000,6553.965,5847.699,2000,6580.641,6033.699,2000,6661.709,5897.95,2000,6487.148,5728.358,2000,6533.32,6145.393,2000,6348.017,5864.988,2000,6387.908,6185.807,2000,6441.308,5931.769,2000,6695.873,5637.949,2000,6419.226,5766.687,2000,6174.264,5759.057,2000,6629.636,6124.24,2000,6604.723,4682.812,2000,5888.602,5936.882,2000,6315.734,5333.71,2000,6311.844,5744.006,2000,6433.197,6172.983,2000,6732.448
6073.845,2000,6758.793,5746.792,2000,6072.617,6030.326,2000,6554.161,5847.693,2000,6580.849,6033.568,2000,6661.872,5897.936,2000,6487.356,5728.363,2000,6533.529,6145.271,2000,6348.186,5864.973,2000,6388.116,6185.68,2000,6441.474,5931.633,2000,6696.031,5637.958,2000,6419.427,5766.694,2000,6174.472,5759.055,2000,6629.844,6124.137,2000,6604.905,4682.9,2000,5888.791,5936.864,2000,6315.942,5333.839,2000,6312.008,5744.013,2000,6433.405,6172.84,2000,6732.6
6073.708,2000,6758.95,5746.8,2000,6072.825,6030.248,2000,6554.354,5847.685,2000,6581.057,6033.443,2000,6662.038,5897.925,2000,6487.564,5728.365,2000,6533.737,6145.144,2000,6348.351,5864.957,2000,6388.323,6185.558,2000,6441.643,5931.502,2000,6696.194,5637.965,2000,6419.627,5766.703,2000,6174.68,5759.054,2000,6630.053,6124.035,2000,6605.086,4682.988,2000,5888.979,5936.849,2000,6316.15,5333.968,2000,6312.172,5744.02,2000,6433.613,6172.701,2000,6732.754
6073.576,2000,6759.111,5746.809,2000,6073.033,6030.164,2000,6554.545,5847.679,2000,6581.266,6033.324,2000,6662.208,5897.913,2000,6487.772,5728.369,2000,6533.946,6145.022,2000,6348.52,5864.944,2000,6388.531,6185.432,2000,6441.808,5931.377,2000,6696.36,5637.972,2000,6419.828,5766.71,2000,6174.888,5759.05,2000,6630.261,6123.932,2000,6605.268,4683.077,2000,5889.167,5936.833,2000,6316.357,5334.097,2000,6312.336,5744.024,2000,6433.821,6172.564,2000,6732.911
6073.447,2000,6759.275,5746.816,2000,6073.241,6030.073,2000,6554.732,5847.671,2000,6581.474,6033.21,2000,6662.383,5897.904,2000,6487.98,5728.369,2000,6534.154,6144.896,2000,6348.686,5864.93,2000,6388.739,6185.31,2000,6441.977,5931.258,2000,6696.531,5637.976,2000,6420.029,5766.719,2000,6175.096,5759.049,2000,6630.47,6123.83,2000,6605.449,4683.165,2000,5889.356,5936.82,2000,6316.565,5334.226,2000,6312.5,5744.029,2000,6434.03,6172.431,2000,6733.072
6073.324,2000,6759.443,5746.825,2000,6073.449,6029.977,2000,6554.917,5847.666,2000,6581.682,6033.099,2000,6662.56,5897.893,2000,6488.188,5728.371,2000,6534.363,6144.773,2000,6348.854,5864.918,2000,6388.947,6185.183,2000,6442.143,5931.144,2000,6696.705,5637.98,2000,6420.229,5766.727,2000,6175.304,5759.045,2000,6630.678,6123.727,2000,6605.631,4683.253,2000,5889.544,5936.806,2000,6316.773,5334.354,2000,6312.665,5744.032,2000,6434.238,6172.303,2000,6733.236
6073.204,2000,6759.613,5746.832,2000,6073.657,6029.874,2000,6555.098,5847.658,2000,6581.89,6032.99,2000,6662.737,5897.884,2000,6488.396,5728.371,2000,6534.571,6144.647,2000,6349.02,5864.906,2000,6389.155,6185.061,2000,6442.312,5931.033,2000,6696.882,5637.983,2000,6420.43,5766.735,2000,6175.512,5759.044,2000,6630.887,6123.624,2000,6605.812,4683.342,2000,5889.733,5936.794,2000,6316.981,5334.483,2000,6312.829,5744.035,2000,6434.447,6172.179,2000,6733.404
6073.087,2000,6759.786,5746.841,2000,6073.865,6029.768,2000,6555.277,5847.653,2000,6582.099,6032.88,2000,6662.914,5897.875,2000,6488.604,5728.372,2000,6534.78,6144.525,2000,6349.189,5864.896,2000,6389.363,6184.935,2000,6442.477,5930.924,2000,6697.059,5637.986,2000,6420.631,5766.743,2000,6175.72,5759.04,2000,6631.095,6123.518,2000,6605.991,4683.43,2000,5889.921,5936.782,2000,6317.189,5334.612,2000,6312.993,5744.036,2000,6434.655,6172.06,2000,6733.574
6072.973,2000,6759.96,5746.848,2000,6074.073,6029.66,2000,6555.456,5847.646,2000,6582.307,6032.771,2000,6663.091,5897.867,2000,6488.812,5728.37,2000,6534.988,6144.398,2000,6349.354,5864.885,2000,6389.571,6184.813,2000,6442.646,5930.814,2000,6697.236,5637.987,2000,6420.832,5766.751,2000,6175.928,5759.038,2000,6631.304,6123.41,2000,6606.169,4683.519,2000,5890.11,5936.772,2000,6317.397,5334.741,2000,6313.157,5744.039,2000,6434.864,6171.943,2000,6733.747
6072.86,2000,6760.135,5746.857,2000,6074.281,6029.551,2000,6555.633,5847.642,2000,6582.515,6032.661,2000,6663.269,5897.858,2000,6489.02,5728.37,2000,6535.197,6144.276,2000,6349.523,5864.876,2000,6389.779,6184.686,2000,6442.812,5930.705,2000,6697.414,5637.989,2000,6421.032,5766.759,2000,6176.136,5759.034,2000,6631.512,6123.301,2000,6606.347,4683.607,2000,5890.298,5936.761,2000,6317.605,5334.87,2000,6313.321,5744.038,2000,6435.072,6171.829,2000,6733.921
6072.748,2000,6760.311,5746.864,2000,6074.489,6029.442,2000,6555.811,5847.635,2000,6582.723,6032.551,2000,6663.445,5897.852,2000,6489.228,5728.368,2000,6535.405,6144.15,2000,6349.689,5864.866,2000,6389.987,6184.564,2000,6442.98,5930.595,2000,6697.591,5637.989,2000,6421.233,5766.768,2000,6176.344,5759.031,2000,6631.721,6123.192,2000,6606.524,4683.695,2000,5890.487,5936.752,2000,6317.813,5334.999,2000,6313.485,5744.039,2000,6435.281,6171.715,2000,6734.096
6072.636,2000,6760.486,5746.873,2000,6074.697,6029.333,2000,6555.988,5847.631,2000,6582.932,6032.441,2000,6663.622,5897.843,2000,6489.436,5728.367,2000,6535.614,6144.028,2000,6349.858,5864.859,2000,6390.195,6184.438,2000,6443.146,5930.485,2000,6697.768,5637.99,2000,6421.434,5766.775,2000,6176.552,5759.027,2000,6631.929,6123.083,2000,6606.701,4683.784,2000,5890.675,5936.742,2000,6318.021,5335.128,2000,6313.649,5744.038,2000,6435.489,6171.603,2000,6734.271
6072.525,2000,6760.663,5746.88,2000,6074.905,6029.223,2000,6556.165,5847.625,2000,6583.14,6032.331,2000,6663.799,5897.837,2000,6489.644,5728.364,2000,6535.822,6143.901,2000,6350.023,5864.85,2000,6390.403,6184.315,2000,6443.315,5930.375,2000,6697.944,5637.988,2000,6421.634,5766.784,2000,6176.76,5759.024,2000,6632.138,6122.973,2000,6606.878,4683.872,2000,5890.864,5936.735,2000,6318.229,5335.257,2000,6313.813,5744.038,2000,6435.698,6171.492,2000,6734.447
6072.415,2000,6760.839,5746.889,2000,6075.113,6029.113,2000,6556.342,5847.62,2000,6583.348,6032.221,2000,6663.976,5897.83,2000,6489.852,5728.363,2000,6536.031,6143.779,2000,6350.192,5864.843,2000,6390.611,6184.189,2000,6443.48,5930.265,2000,6698.121,5637.989,2000,6421.835,5766.791,2000,6176.968,5759.02,2000,6632.346,6122.863,2000,6607.055,4683.96,2000,5891.052,5936.726,2000,6318.438,5335.386,2000,6313.977,5744.036,2000,6435.906,6171.38,2000,6734.624
6072.304,2000,6761.016,5746.896,2000,6075.321,6029.003,2000,6556.519,5847.614,2000,6583.556,6032.11,2000,6664.152,5897.824,2000,6490.061,5728.36,2000,6536.239,6143.653,2000,6350.358,5864.834,2000,6390.819,6184.067,2000,6443.649,5930.155,2000,6698.298,5637.987,2000,6422.035,5766.8,2000,6177.176,5759.017,2000,6632.555,6122.753,2000,6607.232,4684.049,2000,5891.241,5936.719,2000,6318.646,5335.515,2000,6314.141,5744.036,2000,6436.115,6171.27,2000,6734.8
6072.193,2000,6761.192,5746.905,2000,6075.529,6028.893,2000,6556.695,5847.61,2000,6583.765,6032,2000,6664.329,5897.817,2000,6490.269,5728.358,2000,6536.448,6143.531,2000,6350.527,5864.828,2000,6391.027,6183.94,2000,6443.815,5930.044,2000,6698.475,5637.986,2000,6422.235,5766.807,2000,6177.384,5759.012,2000,6632.763,6122.643,2000,6607.409,4684.137,2000,5891.429,5936.71,2000,6318.854,5335.644,2000,6314.305,5744.033,2000,6436.323,6171.159,2000,6734.977
6072.083,2000,6761.369,5746.913,2000,6075.737,6028.782,2000,6556.872,5847.604,2000,6583.973,6031.89,2000,6664.506,5897.812,2000,6490.477,5728.354,2000,6536.656,6143.404,2000,6350.692,5864.82,2000,6391.235,6183.818,2000,6443.984,5929.934,2000,6698.651,5637.983,2000,6422.436,5766.816,2000,6177.592,5759.009,2000,6632.972,6122.533,2000,6607.585,4684.226,2000,5891.618,5936.704,2000,6319.062,5335.772,2000,6314.469,5744.032,2000,6436.532,6171.048,2000,6735.153
6071.973,2000,6761.546,5746.921,2000,6075.945,6028.672,2000,6557.049,5847.6,2000,6584.181,6031.779,2000,6664.683,5897.805,2000,6490.685,5728.353,2000,6536.865,6143.282,2000,6350.861,5864.814,2000,6391.444,6183.692,2000,6444.149,5929.824,2000,6698.828,5637.982,2000,6422.636,5766.823,2000,6177.8,5759.004,2000,6633.18,6122.422,2000,6607.762,4684.314,2000,5891.806,5936.696,2000,6319.27,5335.901,2000,6314.633,5744.028,2000,6436.74,6170.938,2000,6735.33
6071.862,2000,6761.723,5746.929,2000,6076.153,6028.562,2000,6557.226,5847.594,2000,6584.389,6031.669,2000,6664.859,5897.8,2000,6490.894,5728.348,2000,6537.073,6143.156,2000,6351.027,5864.807,2000,6391.652,6183.57,2000,6444.318,5929.713,2000,6699.005,5637.979,2000,6422.836,5766.832,2000,6178.008,5759.001,2000,6633.389,6122.312,2000,6607.939,4684.402,2000,5891.995,5936.69,2000,6319.478,5336.03,2000,6314.797,5744.027,2000,6436.949,6170.827,2000,6735.507
6071.752,2000,6761.899,5746.938,2000,6076.361,6028.451,2000,6557.402,5847.59,2000,6584.598,6031.559,2000,6665.036,5897.793,2000,6491.102,5728.346,2000,6537.282,6143.034,2000,6351.196,5864.801,2000,6391.86,6183.443,2000,6444.484,5929.603,2000,6699.182,5637.978,2000,6423.036,5766.839,2000,6178.216,5758.997,2000,6633.597,6122.202,2000,6608.116,4684.491,2000,5892.183,5936.683,2000,6319.686,5336.159,2000,6314.961,5744.023,2000,6437.157,6170.717,2000,6735.684
6071.642,2000,6762.076,5746.945,2000,6076.569,6028.341,2000,6557.579,5847.584,2000,6584.806,6031.448,2000,6665.213,5897.789,2000,6491.31,5728.342,2000,6537.49,6142.907,2000,6351.361,5864.794,2000,6392.068,6183.321,2000,6444.653,5929.493,2000,6699.358,5637.974,2000,6423.236,5766.848,2000,6178.424,5758.994,2000,6633.806,6122.091,2000,6608.292,4684.579,2000,5892.372,5936.677,2000,6319.895,5336.288,2000,6315.125,5744.021,2000,6437.366,6170.606,2000,6735.86
6071.531,2000,6762.253,5746.954,2000,6076.777,6028.23,2000,6557.756,5847.58,2000,6585.014,6031.338,2000,6665.39,5897.782,2000,6491.518,5728.339,2000,6537.699,6142.785,2000,6351.53,5864.789,2000,6392.277,6183.195,2000,6444.818,5929.382,2000,6699.535,5637.973,2000,6423.437,5766.855,2000,6178.632,5758.988,2000,6634.014,6121.981,2000,6608.469,4684.667,2000,5892.56,5936.67,2000,6320.103,5336.417,2000,6315.29,5744.017,2000,6437.574,6170.496,2000,6736.037
6071.421,2000,6762.43,5746.961,2000,6076.985,6028.12,2000,6557.933,5847.574,2000,6585.222,6031.228,2000,6665.566,5897.777,2000,6491.727,5728.334,2000,6537.907,6142.659,2000,6351.696,5864.782,2000,6392.485,6183.073,2000,6444.987,5929.272,2000,6699.712,5637.969,2000,6423.637,5766.864,2000,6178.84,5758.985,2000,6634.223,6121.871,2000,6608.646,4684.756,2000,5892.749,5936.665,2000,6320.311,5336.546,2000,6315.454,5744.015,2000,6437.783,6170.386,2000,6736.214
6071.311,2000,6762.606,5746.97,2000,6077.193,6028.01,2000,6558.109,5847.571,2000,6585.431,6031.117,2000,6665.743,5897.771,2000,6491.935,5728.332,2000,6538.116,6142.537,2000,6351.865,5864.778,2000,6392.693,6182.946,2000,6445.153,5929.162,2000,6699.889,5637.967,2000,6423.837,5766.872,2000,6179.048,5758.98,2000,6634.431,6121.76,2000,6608.823,4684.844,2000,5892.937,5936.658,2000,6320.519,5336.675,2000,6315.618,5744.011,2000,6437.991,6170.275,2000,6736.391
6071.2,2000,6762.783,5746.977,2000,6077.401,6027.899,2000,6558.286,5847.565,2000,6585.639,6031.007,2000,6665.92,5897.767,2000,6492.143,5728.327,2000,6538.324,6142.41,2000,6352.03,5864.771,2000,6392.901,6182.824,2000,6445.322,5929.051,2000,6700.065,5637.962,2000,6424.037,5766.88,2000,6179.256,5758.977,2000,6634.64,6121.65,2000,6609,4684.933,2000,5893.125,5936.654,2000,6320.728,5336.804,2000,6315.782,5744.008,2000,6438.2,6170.165,2000,6736.567
6071.09,2000,6762.96,5746.986,2000,6077.609,6027.789,2000,6558.463,5847.562,2000,6585.847,6030.896,2000,6666.097,5897.761,2000,6492.351,5728.324,2000,6538.533,6142.288,2000,6352.199,5864.767,2000,6393.11,6182.698,2000,6445.487,5928.941,2000,6700.242,5637.96,2000,6424.237,5766.888,2000,6179.464,5758.972,2000,6634.848,6121.54,2000,6609.176,4685.021,2000,5893.314,5936.647,2000,6320.936,5336.933,2000,6315.946,5744.004,2000,6438.408,6170.055,2000,6736.744
6070.979,2000,6763.137,5746.993,2000,6077.817,6027.679,2000,6558.64,5847.556,2000,6586.056,6030.786,2000,6666.273,5897.757,2000,6492.56,5728.319,2000,6538.741,6142.162,2000,6352.365,5864.76,2000,6393.318,6182.576,2000,6445.656,5928.831,2000,6700.419,5637.956,2000,6424.438,5766.896,2000,6179.672,5758.969,2000,6635.057,6121.429,2000,6609.353,4685.109,2000,5893.502,5936.643,2000,6321.144,5337.062,2000,6316.11,5744.001,2000,6438.617,6169.944,2000,6736.921
6070.869,2000,6763.313,5747.002,2000,6078.025,6027.568,2000,6558.816,5847.552,2000,6586.264,6030.676,2000,6666.45,5897.75,2000,6492.768,5728.316,2000,6538.95,6142.04,2000,6352.534,5864.756,2000,6393.526,6182.449,2000,6445.822,5928.72,2000,6700.596,5637.953,2000,6424.638,5766.904,2000,6179.88,5758.963,2000,6635.265,6121.319,2000,6609.53,4685.198,2000,5893.691,5936.636,2000,6321.352,5337.19,2000,6316.274,5743.997,2000,6438.825,6169.834,2000,6737.098
6070.759,2000,6763.49,5747.009,2000,6078.233,6027.458,2000,6558.993,5847.546,2000,6586.473,6030.565,2000,6666.627,5897.747,2000,6492.976,5728.312,2000,6539.158,6141.913,2000,6352.699,5864.75,2000,6393.734,6182.327,2000,6445.991,5928.61,2000,6700.772,5637.949,2000,6424.838,5766.913,2000,6180.088,5758.96,2000,6635.474,6121.208,2000,6609.707,4685.286,2000,5893.879,5936.632,2000,6321.561,5337.319,2000,6316.438,5743.994,2000,6439.034,6169.724,2000,6737.274
6070.648,2000,6763.667,5747.018,2000,6078.441,6027.348,2000,6559.17,5847.543,2000,6586.681,6030.455,2000,6666.804,5897.741,2000,6493.184,5728.309,2000,6539.367,6141.791,2000,6352.868,5864.746,2000,6393.943,6182.201,2000,6446.156,5928.5,2000,6700.949,5637.946,2000,6425.038,5766.92,2000,6180.296,5758.955,2000,6635.682,6121.098,2000,6609.883,4685.375,2000,5894.068,5936.626,2000,6321.769,5337.448,2000,6316.602,5743.989,2000,6439.242,6169.613,2000,6737.451
6070.538,2000,6763.844,5747.025,2000,6078.649,6027.237,2000,6559.347,5847.537,2000,6586.89,6030.345,2000,6666.98,5897.737,2000,6493.393,5728.303,2000,6539.575,6141.665,2000,6353.034,5864.74,2000,6394.151,6182.079,2000,6446.325,5928.389,2000,6701.126,5637.941,2000,6425.238,5766.929,2000,6180.504,5758.951,2000,6635.891,6120.988,2000,6610.06,4685.463,2000,5894.256,5936.622,2000,6321.977,5337.577,2000,6316.766,5743.986,2000,6439.451,6169.503,2000,6737.628
6070.428,2000,6764.021,5747.034,2000,6078.857,6027.127,2000,6559.523,5847.534,2000,6587.098,6030.234,2000,6667.157,5897.731,2000,6493.601,5728.3,2000,6539.784,6141.542,2000,6353.203,5864.736,2000,6394.359,6181.952,2000,6446.491,5928.279,2000,6701.303,5637.938,2000,6425.438,5766.936,2000,6180.712,5758.946,2000,6636.099,6120.877,2000,6610.237,4685.551,2000,5894.445,5936.616,2000,6322.185,5337.706,2000,6316.93,5743.981,2000,6439.659,6169.393,2000,6737.805
6070.317,2000,6764.197,5747.042,2000,6079.065,6027.017,2000,6559.7,5847.528,2000,6587.307,6030.124,2000,6667.334,5897.727,2000,6493.809,5728.295,2000,6539.992,6141.416,2000,6353.368,5864.73,2000,6394.567,6181.83,2000,6446.66,5928.168,2000,6701.479,5637.934,2000,6425.638,5766.945,2000,6180.92,5758.942,2000,6636.308,6120.767,2000,6610.414,4685.64,2000,5894.633,5936.612,2000,6322.394,5337.835,2000,6317.094,5743.979,2000,6439.868,6169.282,2000,6737.981
6070.207,2000,6764.374,5747.05,2000,6079.273,6026.906,2000,6559.877,5847.524,2000,6587.515,6030.014,2000,6667.511,5897.721,2000,6494.017,5728.292,2000,6540.201,6141.294,2000,6353.537,5864.726,2000,6394.776,6181.704,2000,6446.825,5928.058,2000,6701.656,5637.931,2000,6425.838,5766.952,2000,6181.128,5758.937,2000,6636.516,6120.657,2000,6610.59,4685.728,2000,5894.822,5936.606,2000,6322.602,5337.964,2000,6317.258,5743.973,2000,6440.076,6169.172,2000,6738.158
6070.097,2000,6764.551,5747.058,2000,6079.481,6026.796,2000,6560.054,5847.519,2000,6587.724,6029.903,2000,6667.688,5897.718,2000,6494.226,5728.287,2000,6540.409,6141.167,2000,6353.703,5864.72,2000,6394.984,6181.582,2000,6446.994,5927.948,2000,6701.833,5637.926,2000,6426.038,5766.961,2000,6181.336,5758.934,2000,6636.725,6120.546,2000,6610.767,4685.816,2000,5895.01,5936.602,2000,6322.81,5338.093,2000,6317.422,5743.97,2000,6440.285,6169.062,2000,6738.335
6069.986,2000,6764.728,5747.066,2000,6079.689,6026.686,2000,6560.23,5847.515,2000,6587.932,6029.793,2000,6667.864,5897.712,2000,6494.434,5728.284,2000,6540.618,6141.045,2000,6353.872,5864.716,2000,6395.192,6181.455,2000,6447.16,5927.837,2000,6702.01,5637.923,2000,6426.237,5766.968,2000,6181.544,5758.928,2000,6636.933,6120.436,2000,6610.944,4685.905,2000,5895.199,5936.596,2000,6323.018,5338.222,2000,6317.586,5743.965,2000,6440.493,6168.951,2000,6738.512
6069.876,2000,6764.904,5747.074,2000,6079.897,6026.575,2000,6560.407,5847.509,2000,6588.141,6029.683,2000,6668.041,5897.708,2000,6494.643,5728.278,2000,6540.826,6140.919,2000,6354.037,5864.71,2000,6395.4,6181.333,2000,6447.329,5927.727,2000,6702.187,5637.918,2000,6426.437,5766.977,2000,6181.752,5758.925,2000,6637.142,6120.326,2000,6611.121,4685.993,2000,5895.387,5936.592,2000,6323.227,5338.351,2000,6317.75,5743.962,2000,6440.702,6168.841,2000,6738.688
6069.766,2000,6765.081,5747.083,2000,6080.105,6026.465,2000,6560.584,5847.506,2000,6588.349,6029.572,2000,6668.218,5897.703,2000,6494.851,5728.275,2000,6541.035,6140.797,2000,6354.206,5864.707,2000,6395.609,6181.207,2000,6447.494,5927.617,2000,6702.363,5637.915,2000,6426.637,5766.984,2000,6181.96,5758.919,2000,6637.35,6120.215,2000,6611.297,4686.082,2000,5895.576,5936.586,2000,6323.435,5338.479,2000,6317.915,5743.957,2000,6440.91,6168.73,2000,6738.865
6069.655,2000,6765.258,5747.09,2000,6080.313,6026.354,2000,6560.761,5847.5,2000,6588.558,6029.462,2000,6668.395,5897.699,2000,6495.06,5728.27,2000,6541.243,6140.67,2000,6354.372,5864.701,2000,6395.817,6181.084,2000,6447.663,5927.506,2000,6702.54,5637.91,2000,6426.836,5766.993,2000,6182.168,5758.916,2000,6637.559,6120.105,2000,6611.474,4686.17,2000,5895.764,5936.583,2000,6323.643,5338.608,2000,6318.079,5743.954,2000,6441.119,6168.62,2000,6739.042
6069.545,2000,6765.435,5747.099,2000,6080.521,6026.244,2000,6560.938,5847.497,2000,6588.766,6029.352,2000,6668.571,5897.693,2000,6495.268,5728.266,2000,6541.452,6140.548,2000,6354.541,5864.698,2000,6396.026,6180.958,2000,6447.829,5927.396,2000,6702.717,5637.907,2000,6427.036,5767,2000,6182.376,5758.911,2000,6637.767,6119.995,2000,6611.651,4686.258,2000,5895.953,5936.577,2000,6323.852,5338.737,2000,6318.243,5743.948,2000,6441.327,6168.51,2000,6739.219
6069.435,2000,6765.611,5747.106,2000,6080.729,6026.134,2000,6561.114,5847.491,2000,6588.975,6029.241,2000,6668.748,5897.69,2000,6495.477,5728.261,2000,6541.66,6140.422,2000,6354.706,5864.692,2000,6396.234,6180.836,2000,6447.998,5927.286,2000,6702.894,5637.902,2000,6427.236,5767.009,2000,6182.584,5758.907,2000,6637.976,6119.884,2000,6611.828,4686.347,2000,5896.141,5936.574,2000,6324.06,5338.866,2000,6318.407,5743.945,2000,6441.536,6168.399,2000,6739.396
6069.324,2000,6765.788,5747.115,2000,6080.938,6026.023,2000,6561.291,5847.488,2000,6589.183,6029.131,2000,6668.925,5897.684,2000,6495.685,5728.257,2000,6541.869,6140.3,2000,6354.875,5864.688,2000,6396.443,6180.709,2000,6448.163,5927.175,2000,6703.07,5637.899,2000,6427.436,5767.017,2000,6182.792,5758.902,2000,6638.184,6119.774,2000,6612.004,4686.435,2000,5896.33,5936.568,2000,6324.269,5338.995,2000,6318.571,5743.939,2000,6441.744,6168.289,2000,6739.572
6069.214,2000,6765.965,5747.122,2000,6081.146,6025.913,2000,6561.468,5847.482,2000,6589.392,6029.021,2000,6669.102,5897.681,2000,6495.894,5728.252,2000,6542.077,6140.173,2000,6355.041,5864.683,2000,6396.651,6180.587,2000,6448.332,5927.065,2000,6703.247,5637.894,2000,6427.635,5767.025,2000,6183,5758.898,2000,6638.393,6119.664,2000,6612.181,4686.523,2000,5896.518,5936.564,2000,6324.477,5339.124,2000,6318.735,5743.936,2000,6441.953,6168.179,2000,6739.749
6069.104,2000,6766.142,5747.131,2000,6081.354,6025.803,2000,6561.645,5847.479,2000,6589.6,6028.91,2000,6669.278,5897.675,2000,6496.102,5728.249,2000,6542.286,6140.051,2000,6355.209,5864.679,2000,6396.86,6180.461,2000,6448.498,5926.955,2000,6703.424,5637.891,2000,6427.835,5767.033,2000,6183.208,5758.893,2000,6638.601,6119.553,2000,6612.358,4686.612,2000,5896.707,5936.559,2000,6324.686,5339.253,2000,6318.899,5743.931,2000,6442.161,6168.068,2000,6739.926
6068.993,2000,6766.318,5747.138,2000,6081.562,6025.692,2000,6561.821,5847.474,2000,6589.809,6028.8,2000,6669.455,5897.671,2000,6496.311,5728.243,2000,6542.494,6139.925,2000,6355.375,5864.673,2000,6397.068,6180.339,2000,6448.667,5926.844,2000,6703.601,5637.886,2000,6428.035,5767.042,2000,6183.416,5758.89,2000,6638.81,6119.443,2000,6612.535,4686.7,2000,5896.895,5936.555,2000,6324.894,5339.382,2000,6319.063,5743.927,2000,6442.37,6167.958,2000,6740.103
6068.883,2000,6766.495,5747.147,2000,6081.77,6025.582,2000,6561.998,5847.47,2000,6590.017,6028.689,2000,6669.632,5897.666,2000,6496.519,5728.24,2000,6542.703,6139.803,2000,6355.544,5864.67,2000,6397.277,6180.212,2000,6448.832,5926.734,2000,6703.777,5637.883,2000,6428.234,5767.049,2000,6183.624,5758.884,2000,6639.018,6119.333,2000,6612.711,4686.789,2000,5897.083,5936.549,2000,6325.103,5339.511,2000,6319.227,5743.922,2000,6442.578,6167.848,2000,6740.279
6068.772,2000,6766.672,5747.154,2000,6081.978,6025.472,2000,6562.175,5847.465,2000,6590.226,6028.579,2000,6669.809,5897.662,2000,6496.728,5728.234,2000,6542.911,6139.676,2000,6355.709,5864.664,2000,6397.485,6180.09,2000,6449.001,5926.624,2000,6703.954,5637.877,2000,6428.434,5767.058,2000,6183.832,5758.881,2000,6639.227,6119.222,2000,6612.888,4686.877,2000,5897.272,5936.546,2000,6325.311,5339.64,2000,6319.391,5743.918,2000,6442.787,6167.737,2000,6740.456
6068.662,2000,6766.849,5747.163,2000,6082.186,6025.361,2000,6562.352,5847.461,2000,6590.434,6028.469,2000,6669.985,5897.656,2000,6496.936,5728.231,2000,6543.12,6139.554,2000,6355.878,5864.661,2000,6397.694,6179.964,2000,6449.167,5926.513,2000,6704.131,5637.875,2000,6428.634,5767.065,2000,6184.04,5758.875,2000,6639.435,6119.112,2000,6613.065,4686.965,2000,5897.46,5936.54,2000,6325.52,5339.769,2000,6319.555,5743.913,2000,6442.995,6167.627,2000,6740.633
6068.552,2000,6767.025,5747.17,2000,6082.394,6025.251,2000,6562.528,5847.456,2000,6590.643,6028.358,2000,6670.162,5897.653,2000,6497.145,5728.226,2000,6543.328,6139.428,2000,6356.044,5864.655,2000,6397.902,6179.842,2000,6449.335,5926.403,2000,6704.308,5637.869,2000,6428.833,5767.074,2000,6184.248,5758.872,2000,6639.644,6119.001,2000,6613.242,4687.054,2000,5897.649,5936.537,2000,6325.728,5339.897,2000,6319.719,5743.91,2000,6443.204,6167.517,2000,6740.81
6068.441,2000,6767.202,5747.179,2000,6082.602,6025.141,2000,6562.705,5847.453,2000,6590.851,6028.248,2000,6670.339,5897.647,2000,6497.353,5728.222,2000,6543.537,6139.306,2000,6356.213,5864.651,2000,6398.111,6179.715,2000,6449.501,5926.292,2000,6704.484,5637.866,2000,6429.033,5767.081,2000,6184.456,5758.867,2000,6639.852,6118.891,2000,6613.418,4687.142,2000,5897.837,5936.531,2000,6325.937,5340.026,2000,6319.883,5743.904,2000,6443.412,6167.406,2000,6740.986
6068.331,2000,6767.379,5747.187,2000,6082.81,6025.03,2000,6562.882,5847.447,2000,6591.06,6028.138,2000,6670.516,5897.644,2000,6497.562,5728.217,2000,6543.745,6139.179,2000,6356.378,5864.646,2000,6398.319,6179.593,2000,6449.67,5926.182,2000,6704.661,5637.861,2000,6429.232,5767.09,2000,6184.664,5758.863,2000,6640.061,6118.781,2000,6613.595,4687.23,2000,5898.026,5936.527,2000,6326.145,5340.155,2000,6320.047,5743.901,2000,6443.621,6167.296,2000,6741.163
6068.221,2000,6767.556,5747.195,2000,6083.018,6024.92,2000,6563.059,5847.444,2000,6591.268,6028.027,2000,6670.692,5897.639,2000,6497.77,5728.213,2000,6543.954,6139.057,2000,6356.547,5864.642,2000,6398.528,6179.467,2000,6449.835,5926.072,2000,6704.838,5637.858,2000,6429.432,5767.097,2000,6184.872,5758.858,2000,6640.269,6118.67,2000,6613.772,4687.319,2000,5898.214,5936.521,2000,6326.354,5340.284,2000,6320.211,5743.896,2000,6443.829,6167.186,2000,6741.34
6068.11,2000,6767.732,5747.203,2000,6083.226,6024.81,2000,6563.235,5847.438,2000,6591.477,6027.917,2000,6670.869,5897.635,2000,6497.979,5728.208,2000,6544.162,6138.931,2000,6356.713,5864.637,2000,6398.736,6179.345,2000,6450.004,5925.961,2000,6705.015,5637.853,2000,6429.631,5767.106,2000,6185.08,5758.854,2000,6640.478,6118.56,2000,6613.949,4687.407,2000,5898.403,5936.518,2000,6326.562,5340.413,2000,6320.375,5743.892,2000,6444.038,6167.075,2000,6741.517
6068,2000,6767.909,5747.211,2000,6083.434,6024.699,2000,6563.412,5847.435,2000,6591.685,6027.807,2000,6671.046,5897.63,2000,6498.187,5728.205,2000,6544.371,6138.809,2000,6356.882,5864.633,2000,6398.945,6179.218,2000,6450.17,5925.851,2000,6705.191,5637.849,2000,6429.83,5767.113,2000,6185.288,5758.849,2000,6640.686,6118.45,2000,6614.125,4687.496,2000,5898.591,5936.513,2000,6326.771,5340.542,2000,6320.54,5743.887,2000,6444.246,6166.965,2000,6741.693
6067.89,2000,6768.086,5747.219,2000,6083.642,6024.589,2000,6563.589,5847.43,2000,6591.894,6027.696,2000,6671.223,5897.626,2000,6498.396,5728.199,2000,6544.579,6138.682,2000,6357.047,5864.628,2000,6399.153,6179.096,2000,6450.339,5925.741,2000,6705.368,5637.844,2000,6430.029,5767.122,2000,6185.496,5758.846,2000,6640.895,6118.339,2000,6614.302,4687.584,2000,5898.78,5936.509,2000,6326.979,5340.671,2000,6320.704,5743.883,2000,6444.455,6166.854,2000,6741.87
6067.779,2000,6768.263,5747.228,2000,6083.85,6024.479,2000,6563.766,5847.426,2000,6592.102,6027.586,2000,6671.399,5897.621,2000,6498.604,5728.196,2000,6544.788,6138.56,2000,6357.216,5864.625,2000,6399.362,6178.97,2000,6450.504,5925.63,2000,6705.545,5637.84,2000,6430.229,5767.129,2000,6185.704,5758.84,2000,6641.103,6118.229,2000,6614.479,4687.672,2000,5898.968,5936.504,2000,6327.188,5340.8,2000,6320.868,5743.878,2000,6444.663,6166.744,2000,6742.047
6067.669,2000,6768.439,5747.235,2000,6084.058,6024.368,2000,6563.942,5847.421,2000,6592.311,6027.476,2000,6671.576,5897.618,2000,6498.813,5728.19,2000,6544.996,6138.434,2000,6357.382,5864.619,2000,6399.57,6178.848,2000,6450.673,5925.52,2000,6705.722,5637.835,2000,6430.428,5767.138,2000,6185.912,5758.837,2000,6641.312,6118.119,2000,6614.656,4687.761,2000,5899.157,5936.5,2000,6327.396,5340.929,2000,6321.032,5743.875,2000,6444.872,6166.634,2000,6742.224
6067.559,2000,6768.616,5747.244,2000,6084.266,6024.258,2000,6564.119,5847.417,2000,6592.519,6027.365,2000,6671.753,5897.612,2000,6499.021,5728.187,2000,6545.205,6138.312,2000,6357.551,5864.616,2000,6399.779,6178.721,2000,6450.839,5925.41,2000,6705.898,5637.832,2000,6430.627,5767.146,2000,6186.12,5758.832,2000,6641.52,6118.008,2000,6614.833,4687.849,2000,5899.345,5936.495,2000,6327.604,5341.058,2000,6321.196,5743.869,2000,6445.08,6166.523,2000,6742.4
6067.448,2000,6768.793,5747.251,2000,6084.474,6024.147,2000,6564.296,5847.412,2000,6592.728,6027.255,2000,6671.93,5897.609,2000,6499.229,5728.182,2000,6545.413,6138.185,2000,6357.716,5864.61,2000,6399.987,6178.599,2000,6451.008,5925.299,2000,6706.075,5637.826,2000,6430.826,5767.154,2000,6186.328,5758.828,2000,6641.729,6117.898,2000,6615.009,4687.938,2000,5899.534,5936.492,2000,6327.813,5341.187,2000,6321.36,5743.866,2000,6445.289,6166.413,2000,6742.577
6067.338,2000,6768.97,5747.26,2000,6084.682,6024.037,2000,6564.473,5847.409,2000,6592.936,6027.145,2000,6672.106,5897.604,2000,6499.438,5728.178,2000,6545.622,6138.063,2000,6357.885,5864.607,2000,6400.196,6178.473,2000,6451.173,5925.189,2000,6706.252,5637.823,2000,6431.025,5767.162,2000,6186.536,5758.823,2000,6641.937,6117.788,2000,6615.186,4688.026,2000,5899.722,5936.486,2000,6328.021,5341.315,2000,6321.524,5743.86,2000,6445.497,6166.303,2000,6742.754
6067.228,2000,6769.146,5747.267,2000,6084.89,6023.927,2000,6564.649,5847.403,2000,6593.145,6027.034,2000,6672.283,5897.6,2000,6499.646,5728.173,2000,6545.83,6137.937,2000,6358.051,5864.602,2000,6400.404,6178.351,2000,6451.342,5925.079,2000,6706.429,5637.817,2000,6431.225,5767.17,2000,6186.744,5758.819,2000,6642.146,6117.677,2000,6615.363,4688.114,2000,5899.911,5936.483,2000,6328.23,5341.444,2000,6321.688,5743.857,2000,6445.706,6166.192,2000,6742.931
6067.117,2000,6769.323,5747.276,2000,6085.098,6023.816,2000,6564.826,5847.4,2000,6593.353,6026.924,2000,6672.46,5897.595,2000,6499.855,5728.169,2000,6546.039,6137.814,2000,6358.22,5864.598,2000,6400.613,6178.224,2000,6451.508,5924.968,2000,6706.605,5637.814,2000,6431.424,5767.178,2000,6186.952,5758.814,2000,6642.354,6117.567,2000,6615.54,4688.203,2000,5900.099,5936.478,2000,6328.438,5341.573,2000,6321.852,5743.852,2000,6445.914,6166.082,2000,6743.107
6067.007,2000,6769.5,5747.283,2000,6085.306,6023.706,2000,6565.003,5847.395,2000,6593.562,6026.813,2000,6672.637,5897.591,2000,6500.063,5728.164,2000,6546.247,6137.688,2000,6358.385,5864.593,2000,6400.821,6178.102,2000,6451.677,5924.858,2000,6706.782,5637.809,2000,6431.623,5767.187,2000,6187.16,5758.811,2000,6642.563,6117.457,2000,6615.716,4688.291,2000,5900.288,5936.474,2000,6328.647,5341.702,2000,6322.016,5743.848,2000,6446.123,6165.972,2000,6743.284
6066.896,2000,6769.677,5747.292,2000,6085.514,6023.596,2000,6565.18,5847.391,2000,6593.77,6026.703,2000,6672.813,5897.586,2000,6500.272,5728.161,2000,6546.456,6137.566,2000,6358.554,5864.589,2000,6401.03,6177.976,2000,6451.842,5924.748,2000,6706.959,5637.805,2000,6431.822,5767.194,2000,6187.368,5758.805,2000,6642.771,6117.346,2000,6615.893,4688.379,2000,5900.476,5936.469,2000,6328.855,5341.831,2000,6322.18,5743.843,2000,6446.331,6165.861,2000,6743.461
6066.786,2000,6769.854,5747.299,2000,6085.722,6023.485,2000,6565.356,5847.386,2000,6593.979,6026.593,2000,6672.99,5897.583,2000,6500.48,5728.155,2000,6546.664,6137.439,2000,6358.72,5864.584,2000,6401.238,6177.854,2000,6452.011,5924.637,2000,6707.136,5637.8,2000,6432.021,5767.203,2000,6187.576,5758.802,2000,6642.979,6117.236,2000,6616.07,4688.468,2000,5900.665,5936.465,2000,6329.064,5341.96,2000,6322.344,5743.839,2000,6446.54,6165.751,2000,6743.638
6066.676,2000,6770.03,5747.308,2000,6085.93,6023.375,2000,6565.533,5847.382,2000,6594.187,6026.482,2000,6673.167,5897.577,2000,6500.689,5728.152,2000,6546.873,6137.317,2000,6358.889,5864.581,2000,6401.447,6177.727,2000,6452.177,5924.527,2000,6707.313,5637.796,2000,6432.221,5767.21,2000,6187.784,5758.796,2000,6643.188,6117.125,2000,6616.247,4688.556,2000,5900.853,5936.46,2000,6329.272,5342.089,2000,6322.508,5743.834,2000,6446.748,6165.641,2000,6743.814
6066.565,2000,6770.207,5747.315,2000,6086.138,6023.265,2000,6565.71,5847.377,2000,6594.396,6026.372,2000,6673.344,5897.574,2000,6500.897,5728.146,2000,6547.081,6137.191,2000,6359.054,5864.575,2000,6401.655,6177.605,2000,6452.346,5924.417,2000,6707.489,5637.791,2000,6432.42,5767.219,2000,6187.992,5758.793,2000,6643.396,6117.015,2000,6616.423,4688.645,2000,5901.042,5936.457,2000,6329.481,5342.218,2000,6322.672,5743.831,2000,6446.957,6165.53,2000,6743.991
6066.455,2000,6770.384,5747.324,2000,6086.346,6023.154,2000,6565.887,5847.374,2000,6594.604,6026.262,2000,6673.521,5897.568,2000,6501.106,5728.143,2000,6547.29,6137.069,2000,6359.223,5864.572,2000,6401.864,6177.479,2000,6452.511,5924.306,2000,6707.666,5637.788,2000,6432.619,5767.226,2000,6188.2,5758.788,2000,6643.605,6116.905,2000,6616.6,4688.733,2000,5901.23,5936.451,2000,6329.689,5342.347,2000,6322.836,5743.825,2000,6447.165,6165.42,2000,6744.168
6066.345,2000,6770.561,5747.332,2000,6086.554,6023.044,2000,6566.063,5847.368,2000,6594.813,6026.151,2000,6673.697,5897.565,2000,6501.314,5728.138,2000,6547.498,6136.942,2000,6359.389,5864.566,2000,6402.072,6177.356,2000,6452.68,5924.196,2000,6707.843,5637.782,2000,6432.818,5767.235,2000,6188.408,5758.784,2000,6643.813,6116.794,2000,6616.777,4688.821,2000,5901.418,5936.448,2000,6329.898,5342.476,2000,6323,5743.822,2000,6447.374,6165.31,2000,6744.345
6066.234,2000,6770.737,5747.34,2000,6086.762,6022.934,2000,6566.24,5847.365,2000,6595.021,6026.041,2000,6673.874,5897.56,2000,6501.523,5728.134,2000,6547.707,6136.82,2000,6359.558,5864.563,2000,6402.281,6177.23,2000,6452.846,5924.085,2000,6708.02,5637.779,2000,6433.018,5767.242,2000,6188.616,5758.779,2000,6644.022,6116.684,2000,6616.954,4688.91,2000,5901.607,5936.442,2000,6330.106,5342.604,2000,6323.165,5743.816,2000,6447.582,6165.199,2000,6744.521
6066.124,2000,6770.914,5747.348,2000,6086.97,6022.823,2000,6566.417,5847.359,2000,6595.229,6025.931,2000,6674.051,5897.556,2000,6501.731,5728.129,2000,6547.915,6136.694,2000,6359.723,5864.558,2000,6402.489,6177.108,2000,6453.015,5923.975,2000,6708.196,5637.773,2000,6433.217,5767.251,2000,6188.824,5758.775,2000,6644.23,6116.574,2000,6617.13,4688.998,2000,5901.795,5936.439,2000,6330.315,5342.733,2000,6323.329,5743.813,2000,6447.791,6165.089,2000,6744.698
6066.014,2000,6771.091,5747.356,2000,6087.178,6022.713,2000,6566.594,5847.356,2000,6595.438,6025.82,2000,6674.228,5897.551,2000,6501.94,5728.125,2000,6548.124,6136.572,2000,6359.892,5864.554,2000,6402.698,6176.981,2000,6453.18,5923.865,2000,6708.373,5637.77,2000,6433.416,5767.258,2000,6189.032,5758.77,2000,6644.439,6116.463,2000,6617.307,4689.086,2000,5901.984,5936.434,2000,6330.523,5342.862,2000,6323.493,5743.808,2000,6447.999,6164.979,2000,6744.875
6065.903,2000,6771.268,5747.364,2000,6087.386,6022.603,2000,6566.771,5847.351,2000,6595.646,6025.71,2000,6674.404,5897.547,2000,6502.148,5728.12,2000,6548.332,6136.445,2000,6360.058,5864.549,2000,6402.906,6176.859,2000,6453.349,5923.754,2000,6708.55,5637.765,2000,6433.615,5767.267,2000,6189.24,5758.767,2000,6644.647,6116.353,2000,6617.484,4689.175,2000,5902.172,5936.43,2000,6330.732,5342.991,2000,6323.657,5743.804,2000,6448.208,6164.868,2000,6745.052
6065.793,2000,6771.444,5747.373,2000,6087.594,6022.492,2000,6566.947,5847.347,2000,6595.855,6025.6,2000,6674.581,5897.542,2000,6502.357,5728.117,2000,6548.541,6136.323,2000,6360.227,5864.545,2000,6403.115,6176.733,2000,6453.515,5923.644,2000,6708.727,5637.761,2000,6433.814,5767.274,2000,6189.448,5758.761,2000,6644.856,6116.243,2000,6617.661,4689.263,2000,5902.361,5936.425,2000,6330.94,5343.12,2000,6323.821,5743.799,2000,6448.416,6164.758,2000,6745.229
6065.683,2000,6771.621,5747.38,2000,6087.802,6022.382,2000,6567.124,5847.342,2000,6596.063,6025.489,2000,6674.758,5897.539,2000,6502.565,5728.111,2000,6548.749,6136.197,2000,6360.392,5864.54,2000,6403.323,6176.611,2000,6453.684,5923.534,2000,6708.903,5637.756,2000,6434.013,5767.283,2000,6189.656,5758.758,2000,6645.064,6116.132,2000,6617.837,4689.352,2000,5902.549,5936.421,2000,6331.149,5343.249,2000,6323.985,5743.795,2000,6448.625,6164.647,2000,6745.405
6065.572,2000,6771.798,5747.389,2000,6088.01,6022.271,2000,6567.301,5847.338,2000,6596.272,6025.379,2000,6674.935,5897.533,2000,6502.774,5728.108,2000,6548.958,6136.075,2000,6360.561,5864.537,2000,6403.532,6176.484,2000,6453.849,5923.423,2000,6709.08,5637.752,2000,6434.212,5767.291,2000,6189.864,5758.752,2000,6645.273,6116.022,2000,6618.014,4689.44,2000,5902.738,5936.416,2000,6331.357,5343.378,2000,6324.149,5743.79,2000,6448.833,6164.537,2000,6745.582
6065.462,2000,6771.975,5747.396,2000,6088.218,6022.161,2000,6567.478,5847.333,2000,6596.48,6025.269,2000,6675.111,5897.53,2000,6502.982,5728.103,2000,6549.166,6135.948,2000,6360.727,5864.531,2000,6403.74,6176.362,2000,6454.018,5923.313,2000,6709.257,5637.747,2000,6434.411,5767.299,2000,6190.072,5758.749,2000,6645.481,6115.912,2000,6618.191,4689.528,2000,5902.926,5936.413,2000,6331.566,5343.507,2000,6324.313,5743.787,2000,6449.042,6164.427,2000,6745.759
6065.346,2000,6772.147,5747.405,2000,6088.426,6022.049,2000,6567.653,5847.323,2000,6596.688,6025.154,2000,6675.285,5897.52,2000,6503.19,5728.104,2000,6549.375,6135.827,2000,6360.896,5864.523,2000,6403.948,6176.235,2000,6454.183,5923.199,2000,6709.431,5637.748,2000,6434.61,5767.306,2000,6190.28,5758.749,2000,6645.69,6115.795,2000,6618.364,4689.623,2000,5903.112,5936.402,2000,6331.774,5343.635,2000,6324.478,5743.785,2000,6449.25,6164.311,2000,6745.932
6065.224,2000,6772.316,5747.413,2000,6088.634,6021.932,2000,6567.826,5847.311,2000,6596.896,6025.035,2000,6675.457,5897.502,2000,6503.398,5728.109,2000,6549.583,6135.704,2000,6361.063,5864.509,2000,6404.156,6176.109,2000,6454.349,5923.081,2000,6709.603,5637.756,2000,6434.809,5767.314,2000,6190.488,5758.749,2000,6645.898,6115.674,2000,6618.533,4689.724,2000,5903.294,5936.385,2000,6331.981,5343.763,2000,6324.642,5743.79,2000,6449.458,6164.189,2000,6746.101
6065.097,2000,6772.481,5747.422,2000,6088.842,6021.812,2000,6567.996,5847.297,2000,6597.104,6024.912,2000,6675.625,5897.482,2000,6503.605,5728.117,2000,6549.791,6135.581,2000,6361.232,5864.489,2000,6404.364,6175.981,2000,6454.513,5922.961,2000,6709.773,5637.77,2000,6435.007,5767.322,2000,6190.696,5758.75,2000,6646.107,6115.548,2000,6618.699,4689.83,2000,5903.474,5936.361,2000,6332.188,5343.891,2000,6324.807,5743.798,2000,6449.667,6164.062,2000,6746.266
6064.965,2000,6772.642,5747.43,2000,6089.05,6021.688,2000,6568.163,5847.282,2000,6597.313,6024.786,2000,6675.791,5897.458,2000,6503.813,5728.127,2000,6549.999,6135.457,2000,6361.399,5864.465,2000,6404.571,6175.854,2000,6454.678,5922.838,2000,6709.941,5637.791,2000,6435.205,5767.33,2000,6190.904,5758.751,2000,6646.315,6115.419,2000,6618.863,4689.942,2000,5903.649,5936.332,2000,6332.395,5344.019,2000,6324.971,5743.811,2000,6449.875,6163.93,2000,6746.426
6064.827,2000,6772.798,5747.438,2000,6089.258,6021.561,2000,6568.329,5847.265,2000,6597.52,6024.656,2000,6675.954,5897.432,2000,6504.019,5728.139,2000,6550.207,6135.333,2000,6361.567,5864.438,2000,6404.777,6175.725,2000,6454.842,5922.712,2000,6710.107,5637.818,2000,6435.402,5767.337,2000,6191.112,5758.753,2000,6646.524,6115.288,2000,6619.024,4690.061,2000,5903.821,5936.299,2000,6332.6,5344.146,2000,6325.136,5743.828,2000,6450.082,6163.792,2000,6746.583
6064.685,2000,6772.95,5747.446,2000,6089.466,6021.432,2000,6568.492,5847.248,2000,6597.728,6024.523,2000,6676.114,5897.403,2000,6504.226,5728.152,2000,6550.415,6135.209,2000,6361.734,5864.407,2000,6404.983,6175.597,2000,6455.007,5922.584,2000,6710.271,5637.848,2000,6435.599,5767.344,2000,6191.32,5758.755,2000,6646.732,6115.154,2000,6619.184,4690.184,2000,5903.989,5936.263,2000,6332.805,5344.274,2000,6325.3,5743.848,2000,6450.29,6163.649,2000,6746.734
6064.537,2000,6773.097,5747.454,2000,6089.674,6021.3,2000,6568.654,5847.229,2000,6597.935,6024.387,2000,6676.272,5897.374,2000,6504.432,5728.167,2000,6550.623,6135.085,2000,6361.901,5864.375,2000,6405.189,6175.469,2000,6455.171,5922.454,2000,6710.434,5637.88,2000,6435.795,5767.352,2000,6191.528,5758.758,2000,6646.941,6115.018,2000,6619.342,4690.313,2000,5904.152,5936.226,2000,6333.01,5344.402,2000,6325.465,5743.87,2000,6450.497,6163.502,2000,6746.881
6064.385,2000,6773.24,5747.462,2000,6089.882,6021.167,2000,6568.813,5847.211,2000,6598.143,6024.249,2000,6676.428,5897.343,2000,6504.638,5728.184,2000,6550.831,6134.96,2000,6362.068,5864.342,2000,6405.395,6175.34,2000,6455.335,5922.321,2000,6710.595,5637.913,2000,6435.992,5767.359,2000,6191.736,5758.76,2000,6647.149,6114.879,2000,6619.498,4690.447,2000,5904.312,5936.188,2000,6333.215,5344.53,2000,6325.629,5743.893,2000,6450.704,6163.35,2000,6747.023
6064.23,2000,6773.379,5747.471,2000,6090.09,6021.031,2000,6568.972,5847.192,2000,6598.35,6024.108,2000,6676.582,5897.312,2000,6504.844,5728.2,2000,6551.038,6134.836,2000,6362.235,5864.308,2000,6405.601,6175.212,2000,6455.499,5922.187,2000,6710.754,5637.947,2000,6436.188,5767.366,2000,6191.944,5758.763,2000,6647.358,6114.739,2000,6619.651,4690.586,2000,5904.466,5936.148,2000,6333.419,5344.658,2000,6325.794,5743.917,2000,6450.911,6163.193,2000,6747.161
6064.073,2000,6773.515,5747.479,2000,6090.298,6020.893,2000,6569.128,5847.173,2000,6598.558,6023.966,2000,6676.734,5897.279,2000,6505.05,5728.217,2000,6551.246,6134.711,2000,6362.402,5864.272,2000,6405.806,6175.083,2000,6455.663,5922.051,2000,6710.912,5637.982,2000,6436.383,5767.374,2000,6192.152,5758.766,2000,6647.566,6114.597,2000,6619.804,4690.731,2000,5904.617,5936.108,2000,6333.624,5344.786,2000,6325.958,5743.943,2000,6451.118,6163.032,2000,6747.292
6063.913,2000,6773.648,5747.487,2000,6090.506,6020.754,2000,6569.284,5847.153,2000,6598.765,6023.821,2000,6676.884,5897.247,2000,6505.255,5728.235,2000,6551.453,6134.587,2000,6362.569,5864.237,2000,6406.011,6174.955,2000,6455.827,5921.913,2000,6711.068,5638.018,2000,6436.579,5767.381,2000,6192.36,5758.769,2000,6647.775,6114.454,2000,6619.955,4690.88,2000,5904.762,5936.067,2000,6333.829,5344.914,2000,6326.123,5743.969,2000,6451.324,6162.866,2000,6747.419
6063.75,2000,6773.778,5747.496,2000,6090.714,6020.613,2000,6569.438,5847.134,2000,6598.973,6023.675,2000,6677.032,5897.214,2000,6505.461,5728.253,2000,6551.661,6134.462,2000,6362.736,5864.201,2000,6406.216,6174.827,2000,6455.991,5921.774,2000,6711.224,5638.054,2000,6436.775,5767.388,2000,6192.568,5758.772,2000,6647.983,6114.309,2000,6620.104,4691.034,2000,5904.903,5936.026,2000,6334.033,5345.042,2000,6326.288,5743.995,2000,6451.531,6162.697,2000,6747.54
6063.585,2000,6773.905,5747.504,2000,6090.922,6020.471,2000,6569.59,5847.114,2000,6599.18,6023.527,2000,6677.179,5897.182,2000,6505.667,5728.271,2000,6551.868,6134.338,2000,6362.903,5864.165,2000,6406.421,6174.698,2000,6456.155,5921.634,2000,6711.378,5638.089,2000,6436.971,5767.396,2000,6192.776,5758.776,2000,6648.192,6114.162,2000,6620.252,4691.189,2000,5905.042,5935.985,2000,6334.237,5345.17,2000,6326.452,5744.021,2000,6451.737,6162.523,2000,6747.655
6063.417,2000,6774.029,5747.512,2000,6091.13,6020.328,2000,6569.741,5847.095,2000,6599.388,6023.377,2000,6677.325,5897.149,2000,6505.872,5728.289,2000,6552.076,6134.213,2000,6363.07,5864.129,2000,6406.626,6174.57,2000,6456.319,5921.493,2000,6711.531,5638.125,2000,6437.167,5767.403,2000,6192.984,5758.779,2000,6648.4,6114.015,2000,6620.399,4691.344,2000,5905.182,5935.944,2000,6334.441,5345.298,2000,6326.617,5744.047,2000,6451.944,6162.349,2000,6747.769
6063.249,2000,6774.151,5747.521,2000,6091.338,6020.184,2000,6569.892,5847.075,2000,6599.595,6023.227,2000,6677.469,5897.116,2000,6506.078,5728.307,2000,6552.283,6134.089,2000,6363.237,5864.093,2000,6406.832,6174.441,2000,6456.483,5921.351,2000,6711.684,5638.162,2000,6437.362,5767.41,2000,6193.192,5758.783,2000,6648.609,6113.866,2000,6620.545,4691.499,2000,5905.322,5935.902,2000,6334.645,5345.426,2000,6326.781,5744.074,2000,6452.15,6162.172,2000,6747.879
6063.08,2000,6774.272,5747.529,2000,6091.546,6020.039,2000,6570.041,5847.056,2000,6599.803,6023.076,2000,6677.612,5897.083,2000,6506.283,5728.325,2000,6552.491,6133.964,2000,6363.404,5864.056,2000,6407.037,6174.313,2000,6456.647,5921.207,2000,6711.835,5638.198,2000,6437.558,5767.417,2000,6193.4,5758.786,2000,6648.817,6113.717,2000,6620.69,4691.653,2000,5905.461,5935.861,2000,6334.849,5345.554,2000,6326.946,5744.1,2000,6452.357,6161.995,2000,6747.989
6062.909,2000,6774.393,5747.537,2000,6091.754,6019.893,2000,6570.189,5847.036,2000,6600.01,6022.923,2000,6677.754,5897.05,2000,6506.489,5728.343,2000,6552.698,6133.84,2000,6363.571,5864.02,2000,6407.242,6174.184,2000,6456.812,5921.063,2000,6711.985,5638.234,2000,6437.754,5767.425,2000,6193.608,5758.79,2000,6649.026,6113.566,2000,6620.834,4691.808,2000,5905.601,5935.819,2000,6335.053,5345.682,2000,6327.11,5744.127,2000,6452.563,6161.817,2000,6748.098
6062.738,2000,6774.512,5747.545,2000,6091.962,6019.746,2000,6570.337,5847.017,2000,6600.218,6022.77,2000,6677.895,5897.017,2000,6506.694,5728.361,2000,6552.906,6133.715,2000,6363.738,5863.983,2000,6407.447,6174.056,2000,6456.976,5920.918,2000,6712.135,5638.27,2000,6437.95,5767.432,2000,6193.816,5758.793,2000,6649.234,6113.415,2000,6620.978,4691.963,2000,5905.741,5935.778,2000,6335.257,5345.81,2000,6327.275,5744.154,2000,6452.77,6161.639,2000,6748.206
6062.567,2000,6774.63,5747.554,2000,6092.17,6019.599,2000,6570.484,5846.997,2000,6600.425,6022.616,2000,6678.036,5896.984,2000,6506.9,5728.379,2000,6553.113,6133.591,2000,6363.905,5863.946,2000,6407.652,6173.927,2000,6457.14,5920.772,2000,6712.285,5638.306,2000,6438.146,5767.439,2000,6194.024,5758.796,2000,6649.443,6113.263,2000,6621.121,4692.118,2000,5905.88,5935.736,2000,6335.461,5345.938,2000,6327.439,5744.181,2000,6452.977,6161.46,2000,6748.313
6062.395,2000,6774.748,5747.562,2000,6092.378,6019.451,2000,6570.631,5846.978,2000,6600.633,6022.462,2000,6678.175,5896.951,2000,6507.105,5728.397,2000,6553.321,6133.466,2000,6364.072,5863.91,2000,6407.857,6173.799,2000,6457.304,5920.626,2000,6712.434,5638.342,2000,6438.341,5767.447,2000,6194.232,5758.8,2000,6649.651,6113.111,2000,6621.263,4692.272,2000,5906.02,5935.695,2000,6335.666,5346.065,2000,6327.604,5744.208,2000,6453.183,6161.282,2000,6748.42
6062.223,2000,6774.866,5747.57,2000,6092.586,6019.302,2000,6570.777,5846.958,2000,6600.84,6022.307,2000,6678.314,5896.917,2000,6507.311,5728.416,2000,6553.528,6133.342,2000,6364.239,5863.873,2000,6408.062,6173.67,2000,6457.468,5920.48,2000,6712.582,5638.378,2000,6438.537,5767.454,2000,6194.44,5758.803,2000,6649.86,6112.958,2000,6621.404,4692.427,2000,5906.16,5935.653,2000,6335.87,5346.193,2000,6327.769,5744.234,2000,6453.39,6161.103,2000,6748.527
6062.051,2000,6774.983,5747.579,2000,6092.794,6019.153,2000,6570.922,5846.938,2000,6601.048,6022.152,2000,6678.454,5896.884,2000,6507.517,5728.435,2000,6553.736,6133.217,2000,6364.406,5863.836,2000,6408.267,6173.542,2000,6457.632,5920.333,2000,6712.73,5638.415,2000,6438.733,5767.461,2000,6194.648,5758.807,2000,6650.068,6112.805,2000,6621.545,4692.582,2000,5906.299,5935.612,2000,6336.074,5346.321,2000,6327.933,5744.261,2000,6453.596,6160.923,2000,6748.633
6061.878,2000,6775.1,5747.587,2000,6093.002,6019.004,2000,6571.068,5846.919,2000,6601.255,6021.996,2000,6678.592,5896.851,2000,6507.722,5728.453,2000,6553.943,6133.093,2000,6364.573,5863.8,2000,6408.472,6173.414,2000,6457.796,5920.187,2000,6712.878,5638.451,2000,6438.929,5767.469,2000,6194.856,5758.81,2000,6650.277,6112.651,2000,6621.687,4692.737,2000,5906.439,5935.57,2000,6336.278,5346.449,2000,6328.098,5744.288,2000,6453.803,6160.744,2000,6748.738
6061.706,2000,6775.216,5747.595,2000,6093.21,6018.854,2000,6571.213,5846.899,2000,6601.463,6021.84,2000,6678.73,5896.818,2000,6507.928,5728.472,2000,6554.151,6132.968,2000,6364.74,5863.763,2000,6408.677,6173.285,2000,6457.96,5920.04,2000,6713.025,5638.487,2000,6439.125,5767.476,2000,6195.064,5758.813,2000,6650.485,6112.498,2000,6621.827,4692.892,2000,5906.579,5935.529,2000,6336.482,5346.577,2000,6328.262,5744.315,2000,6454.009,6160.564,2000,6748.844
6061.533,2000,6775.333,5747.603,2000,6093.418,6018.704,2000,6571.357,5846.881,2000,6601.67,6021.684,2000,6678.869,5896.786,2000,6508.134,5728.49,2000,6554.358,6132.843,2000,6364.907,5863.727,2000,6408.882,6173.157,2000,6458.125,5919.891,2000,6713.171,5638.522,2000,6439.321,5767.483,2000,6195.272,5758.816,2000,6650.694,6112.344,2000,6621.968,4693.046,2000,5906.718,5935.488,2000,6336.686,5346.705,2000,6328.427,5744.342,2000,6454.216,6160.385,2000,6748.951
6061.361,2000,6775.451,5747.611,2000,6093.626,6018.553,2000,6571.501,5846.862,2000,6601.878,6021.528,2000,6679.006,5896.754,2000,6508.34,5728.507,2000,6554.566,6132.719,2000,6365.074,5863.69,2000,6409.087,6173.029,2000,6458.289,5919.742,2000,6713.317,5638.557,2000,6439.517,5767.491,2000,6195.48,5758.819,2000,6650.902,6112.189,2000,6622.108,4693.201,2000,5906.858,5935.447,2000,6336.89,5346.833,2000,6328.591,5744.368,2000,6454.422,6160.207,2000,6749.058
6061.189,2000,6775.568,5747.619,2000,6093.834,6018.402,2000,6571.645,5846.844,2000,6602.085,6021.371,2000,6679.144,5896.722,2000,6508.546,5728.524,2000,6554.773,6132.594,2000,6365.24,5863.654,2000,6409.292,6172.901,2000,6458.453,5919.593,2000,6713.463,5638.591,2000,6439.713,5767.498,2000,6195.688,5758.822,2000,6651.111,6112.035,2000,6622.248,4693.356,2000,5906.998,5935.406,2000,6337.095,5346.961,2000,6328.756,5744.394,2000,6454.629,6160.029,2000,6749.166
6061.018,2000,6775.686,5747.627,2000,6094.042,6018.25,2000,6571.788,5846.825,2000,6602.293,6021.214,2000,6679.281,5896.691,2000,6508.752,5728.542,2000,6554.981,6132.469,2000,6365.407,5863.619,2000,6409.498,6172.772,2000,6458.617,5919.444,2000,6713.608,5638.625,2000,6439.91,5767.505,2000,6195.896,5758.825,2000,6651.319,6111.88,2000,6622.387,4693.511,2000,5907.137,5935.366,2000,6337.299,5347.089,2000,6328.92,5744.419,2000,6454.835,6159.851,2000,6749.274
6060.846,2000,6775.804,5747.635,2000,6094.25,6018.099,2000,6571.931,5846.807,2000,6602.5,6021.058,2000,6679.418,5896.66,2000,6508.958,5728.559,2000,6555.188,6132.344,2000,6365.574,5863.583,2000,6409.703,6172.645,2000,6458.781,5919.294,2000,6713.753,5638.66,2000,6440.106,5767.513,2000,6196.104,5758.828,2000,6651.528,6111.726,2000,6622.526,4693.666,2000,5907.277,5935.326,2000,6337.504,5347.217,2000,6329.085,5744.444,2000,6455.042,6159.672,2000,6749.382
6060.674,2000,6775.921,5747.644,2000,6094.458,6017.948,2000,6572.074,5846.789,2000,6602.708,6020.9,2000,6679.555,5896.628,2000,6509.164,5728.576,2000,6555.396,6132.219,2000,6365.741,5863.548,2000,6409.908,6172.516,2000,6458.945,5919.145,2000,6713.898,5638.694,2000,6440.302,5767.52,2000,6196.313,5758.831,2000,6651.736,6111.57,2000,6622.666,4693.82,2000,5907.417,5935.286,2000,6337.708,5347.345,2000,6329.25,5744.47,2000,6455.249,6159.494,2000,6749.49
6060.502,2000,6776.039,5747.652,2000,6094.666,6017.796,2000,6572.216,5846.771,2000,6602.916,6020.743,2000,6679.691,5896.598,2000,6509.37,5728.593,2000,6555.604,6132.094,2000,6365.907,5863.513,2000,6410.113,6172.388,2000,6459.11,5918.995,2000,6714.043,5638.728,2000,6440.499,5767.527,2000,6196.521,5758.833,2000,6651.945,6111.415,2000,6622.805,4693.975,2000,5907.556,5935.246,2000,6337.913,5347.473,2000,6329.414,5744.495,2000,6455.455,6159.316,2000,6749.598
6060.33,2000,6776.157,5747.66,2000,6094.874,6017.644,2000,6572.359,5846.752,2000,6603.123,6020.586,2000,6679.828,5896.567,2000,6509.576,5728.61,2000,6555.811,6131.969,2000,6366.074,5863.478,2000,6410.318,6172.26,2000,6459.274,5918.845,2000,6714.188,5638.761,2000,6440.696,5767.535,2000,6196.729,5758.836,2000,6652.153,6111.26,2000,6622.944,4694.13,2000,5907.696,5935.207,2000,6338.118,5347.601,2000,6329.579,5744.52,2000,6455.662,6159.138,2000,6749.707
6060.158,2000,6776.275,5747.668,2000,6095.082,6017.492,2000,6572.501,5846.734,2000,6603.331,6020.429,2000,6679.965,5896.536,2000,6509.782,5728.626,2000,6556.019,6131.844,2000,6366.241,5863.442,2000,6410.524,6172.132,2000,6459.438,5918.695,2000,6714.333,5638.794,2000,6440.893,5767.542,2000,6196.937,5758.838,2000,6652.362,6111.104,2000,6623.083,4694.285,2000,5907.835,5935.167,2000,6338.322,5347.729,2000,6329.743,5744.545,2000,6455.869,6158.96,2000,6749.815
6059.986,2000,6776.393,5747.677,2000,6095.29,6017.34,2000,6572.644,5846.716,2000,6603.538,6020.271,2000,6680.102,5896.505,2000,6509.988,5728.643,2000,6556.226,6131.719,2000,6366.408,5863.408,2000,6410.729,6172.003,2000,6459.602,5918.545,2000,6714.477,5638.828,2000,6441.089,5767.549,2000,6197.145,5758.841,2000,6652.57,6110.949,2000,6623.221,4694.439,2000,5907.975,5935.127,2000,6338.527,5347.856,2000,6329.908,5744.57,2000,6456.076,6158.783,2000,6749.923
6059.814,2000,6776.51,5747.685,2000,6095.498,6017.188,2000,6572.786,5846.698,2000,6603.746,6020.114,2000,6680.238,5896.475,2000,6510.194,5728.66,2000,6556.434,6131.594,2000,6366.574,5863.373,2000,6410.935,6171.875,2000,6459.766,5918.396,2000,6714.622,5638.861,2000,6441.286,5767.557,2000,6197.353,5758.843,2000,6652.779,6110.794,2000,6623.36,4694.594,2000,5908.115,5935.088,2000,6338.731,5347.984,2000,6330.072,5744.595,2000,6456.283,6158.605,2000,6750.032
6059.643,2000,6776.628,5747.693,2000,6095.706,6017.036,2000,6572.929,5846.68,2000,6603.953,6019.957,2000,6680.375,5896.444,2000,6510.4,5728.676,2000,6556.641,6131.469,2000,6366.741,5863.338,2000,6411.141,6171.748,2000,6459.93,5918.246,2000,6714.766,5638.894,2000,6441.483,5767.564,2000,6197.561,5758.846,2000,6652.987,6110.639,2000,6623.499,4694.749,2000,5908.254,5935.048,2000,6338.936,5348.112,2000,6330.237,5744.62,2000,6456.49,6158.427,2000,6750.14
6059.471,2000,6776.746,5747.702,2000,6095.914,6016.883,2000,6573.071,5846.662,2000,6604.161,6019.8,2000,6680.511,5896.413,2000,6510.606,5728.693,2000,6556.849,6131.344,2000,6366.908,5863.304,2000,6411.346,6171.619,2000,6460.094,5918.096,2000,6714.911,5638.927,2000,6441.68,5767.571,2000,6197.769,5758.848,2000,6653.196,6110.483,2000,6623.637,4694.903,2000,5908.394,5935.009,2000,6339.141,5348.24,2000,6330.401,5744.645,2000,6456.697,6158.249,2000,6750.248
6059.299,2000,6776.863,5747.709,2000,6096.122,6016.731,2000,6573.213,5846.644,2000,6604.368,6019.642,2000,6680.647,5896.382,2000,6510.813,5728.709,2000,6557.056,6131.219,2000,6367.075,5863.269,2000,6411.552,6171.491,2000,6460.258,5917.946,2000,6715.055,5638.96,2000,6441.876,5767.579,2000,6197.977,5758.851,2000,6653.404,6110.328,2000,6623.776,4695.058,2000,5908.534,5934.969,2000,6339.345,5348.368,2000,6330.566,5744.669,2000,6456.904,6158.07,2000,6750.356
6059.127,2000,6776.981,5747.718,2000,6096.33,6016.579,2000,6573.355,5846.626,2000,6604.576,6019.484,2000,6680.783,5896.352,2000,6511.019,5728.726,2000,6557.264,6131.094,2000,6367.242,5863.234,2000,6411.757,6171.362,2000,6460.422,5917.796,2000,6715.2,5638.994,2000,6442.073,5767.586,2000,6198.185,5758.853,2000,6653.613,6110.172,2000,6623.915,4695.213,2000,5908.673,5934.93,2000,6339.55,5348.496,2000,6330.73,5744.694,2000,6457.111,6157.892,2000,6750.464
6058.955,2000,6777.099,5747.726,2000,6096.538,6016.426,2000,6573.497,5846.608,2000,6604.783,6019.327,2000,6680.919,5896.321,2000,6511.225,5728.743,2000,6557.471,6130.969,2000,6367.409,5863.2,2000,6411.963,6171.234,2000,6460.586,5917.646,2000,6715.344,5639.027,2000,6442.27,5767.593,2000,6198.393,5758.855,2000,6653.821,6110.016,2000,6624.053,4695.368,2000,5908.813,5934.89,2000,6339.754,5348.624,2000,6330.895,5744.719,2000,6457.318,6157.714,2000,6750.572
6058.783,2000,6777.216,5747.734,2000,6096.746,6016.274,2000,6573.639,5846.59,2000,6604.991,6019.169,2000,6681.056,5896.29,2000,6511.431,5728.759,2000,6557.679,6130.844,2000,6367.576,5863.165,2000,6412.168,6171.105,2000,6460.75,5917.496,2000,6715.489,5639.06,2000,6442.467,5767.601,2000,6198.601,5758.858,2000,6654.03,6109.86,2000,6624.192,4695.522,2000,5908.953,5934.851,2000,6339.959,5348.752,2000,6331.06,5744.744,2000,6457.525,6157.536,2000,6750.68
6058.611,2000,6777.333,5747.743,2000,6096.954,6016.122,2000,6573.781,5846.572,2000,6605.198,6019.011,2000,6681.192,5896.259,2000,6511.637,5728.776,2000,6557.886,6130.719,2000,6367.743,5863.13,2000,6412.374,6170.977,2000,6460.915,5917.346,2000,6715.633,5639.093,2000,6442.664,5767.608,2000,6198.809,5758.86,2000,6654.238,6109.705,2000,6624.331,4695.677,2000,5909.092,5934.811,2000,6340.164,5348.88,2000,6331.224,5744.769,2000,6457.732,6157.357,2000,6750.788
6058.438,2000,6777.45,5747.751,2000,6097.162,6015.97,2000,6573.924,5846.553,2000,6605.406,6018.854,2000,6681.328,5896.228,2000,6511.843,5728.793,2000,6558.094,6130.595,2000,6367.91,5863.096,2000,6412.58,6170.849,2000,6461.079,5917.197,2000,6715.778,5639.127,2000,6442.86,5767.615,2000,6199.017,5758.863,2000,6654.447,6109.549,2000,6624.469,4695.832,2000,5909.232,5934.771,2000,6340.368,5349.008,2000,6331.389,5744.794,2000,6457.939,6157.179,2000,6750.895
6058.266,2000,6777.566,5747.759,2000,6097.37,6015.818,2000,6574.066,5846.535,2000,6605.613,6018.696,2000,6681.464,5896.197,2000,6512.049,5728.81,2000,6558.301,6130.47,2000,6368.077,5863.061,2000,6412.785,6170.72,2000,6461.243,5917.047,2000,6715.924,5639.162,2000,6443.057,5767.623,2000,6199.225,5758.866,2000,6654.655,6109.393,2000,6624.607,4695.987,2000,5909.372,5934.731,2000,6340.573,5349.136,2000,6331.553,5744.819,2000,6458.146,6157,2000,6751.001
6058.093,2000,6777.682,5747.768,2000,6097.578,6015.666,2000,6574.209,5846.516,2000,6605.821,6018.539,2000,6681.601,5896.165,2000,6512.255,5728.827,2000,6558.509,6130.345,2000,6368.244,5863.025,2000,6412.991,6170.592,2000,6461.407,5916.898,2000,6716.069,5639.196,2000,6443.254,5767.63,2000,6199.433,5758.869,2000,6654.864,6109.238,2000,6624.746,4696.142,2000,5909.511,5934.691,2000,6340.777,5349.264,2000,6331.718,5744.845,2000,6458.353,6156.82,2000,6751.107
6057.92,2000,6777.798,5747.775,2000,6097.786,6015.514,2000,6574.352,5846.498,2000,6606.028,6018.382,2000,6681.737,5896.133,2000,6512.461,5728.844,2000,6558.716,6130.22,2000,6368.411,5862.99,2000,6413.196,6170.463,2000,6461.571,5916.749,2000,6716.215,5639.231,2000,6443.451,5767.637,2000,6199.641,5758.872,2000,6655.072,6109.083,2000,6624.885,4696.296,2000,5909.651,5934.651,2000,6340.982,5349.392,2000,6331.882,5744.87,2000,6458.559,6156.641,2000,6751.213
6057.747,2000,6777.915,5747.784,2000,6097.994,6015.362,2000,6574.494,5846.479,2000,6606.236,6018.225,2000,6681.873,5896.102,2000,6512.667,5728.862,2000,6558.924,6130.096,2000,6368.578,5862.955,2000,6413.401,6170.335,2000,6461.735,5916.599,2000,6716.36,5639.266,2000,6443.647,5767.645,2000,6199.849,5758.875,2000,6655.281,6108.927,2000,6625.023,4696.451,2000,5909.791,5934.61,2000,6341.187,5349.52,2000,6332.047,5744.896,2000,6458.766,6156.462,2000,6751.319
6057.574,2000,6778.031,5747.792,2000,6098.202,6015.21,2000,6574.637,5846.46,2000,6606.443,6018.067,2000,6682.009,5896.07,2000,6512.873,5728.879,2000,6559.131,6129.971,2000,6368.745,5862.919,2000,6413.606,6170.207,2000,6461.899,5916.45,2000,6716.506,5639.3,2000,6443.844,5767.652,2000,6200.057,5758.878,2000,6655.489,6108.772,2000,6625.162,4696.606,2000,5909.93,5934.57,2000,6341.391,5349.647,2000,6332.211,5744.921,2000,6458.972,6156.283,2000,6751.425
6057.401,2000,6778.146,5747.8,2000,6098.41,6015.059,2000,6574.78,5846.441,2000,6606.651,6017.91,2000,6682.146,5896.038,2000,6513.079,5728.897,2000,6559.339,6129.846,2000,6368.912,5862.884,2000,6413.811,6170.078,2000,6462.063,5916.301,2000,6716.651,5639.335,2000,6444.041,5767.659,2000,6200.265,5758.881,2000,6655.698,6108.617,2000,6625.301,4696.761,2000,5910.07,5934.529,2000,6341.595,5349.775,2000,6332.376,5744.947,2000,6459.179,6156.103,2000,6751.53
6057.228,2000,6778.262,5747.809,2000,6098.618,6014.908,2000,6574.923,5846.422,2000,6606.858,6017.753,2000,6682.283,5896.005,2000,6513.285,5728.915,2000,6559.546,6129.722,2000,6369.079,5862.848,2000,6414.016,6169.95,2000,6462.227,5916.152,2000,6716.797,5639.371,2000,6444.238,5767.667,2000,6200.473,5758.884,2000,6655.906,6108.461,2000,6625.439,4696.916,2000,5910.209,5934.489,2000,6341.799,5349.903,2000,6332.541,5744.973,2000,6459.385,6155.923,2000,6751.636
6057.054,2000,6778.378,5747.817,2000,6098.826,6014.756,2000,6575.066,5846.403,2000,6607.066,6017.596,2000,6682.419,5895.973,2000,6513.491,5728.932,2000,6559.754,6129.597,2000,6369.246,5862.813,2000,6414.221,6169.821,2000,6462.391,5916.003,2000,6716.943,5639.406,2000,6444.435,5767.674,2000,6200.681,5758.887,2000,6656.115,6108.306,2000,6625.578,4697.07,2000,5910.349,5934.448,2000,6342.003,5350.031,2000,6332.705,5744.999,2000,6459.592,6155.744,2000,6751.741
6056.881,2000,6778.494,5747.825,2000,6099.034,6014.605,2000,6575.209,5846.384,2000,6607.273,6017.438,2000,6682.556,5895.941,2000,6513.697,5728.95,2000,6559.961,6129.473,2000,6369.413,5862.776,2000,6414.426,6169.693,2000,6462.555,5915.854,2000,6717.089,5639.441,2000,6444.631,5767.681,2000,6200.889,5758.891,2000,6656.323,6108.151,2000,6625.717,4697.225,2000,5910.489,5934.408,2000,6342.208,5350.159,2000,6332.87,5745.025,2000,6459.798,6155.564,2000,6751.846
6056.708,2000,6778.609,5747.833,2000,6099.242,6014.454,2000,6575.352,5846.365,2000,6607.481,6017.281,2000,6682.693,5895.909,2000,6513.903,5728.968,2000,6560.169,6129.348,2000,6369.58,5862.74,2000,6414.631,6169.564,2000,6462.719,5915.705,2000,6717.235,5639.477,2000,6444.828,5767.688,2000,6201.097,5758.894,2000,6656.532,6107.996,2000,6625.856,4697.38,2000,5910.628,5934.367,2000,6342.412,5350.287,2000,6333.034,5745.051,2000,6460.005,6155.384,2000,6751.951
6056.534,2000,6778.725,5747.842,2000,6099.45,6014.302,2000,6575.495,5846.346,2000,6607.688,6017.124,2000,6682.83,5895.876,2000,6514.109,5728.986,2000,6560.376,6129.224,2000,6369.747,5862.704,2000,6414.836,6169.436,2000,6462.883,5915.556,2000,6717.381,5639.512,2000,6445.025,5767.696,2000,6201.305,5758.897,2000,6656.74,6107.84,2000,6625.995,4697.535,2000,5910.768,5934.326,2000,6342.616,5350.415,2000,6333.199,5745.077,2000,6460.211,6155.205,2000,6752.056
6056.361,2000,6778.841,5747.85,2000,6099.658,6014.151,2000,6575.638,5846.327,2000,6607.896,6016.967,2000,6682.966,5895.844,2000,6514.315,5729.004,2000,6560.584,6129.099,2000,6369.914,5862.668,2000,6415.042,6169.308,2000,6463.047,5915.407,2000,6717.527,5639.548,2000,6445.222,5767.703,2000,6201.513,5758.9,2000,6656.949,6107.685,2000,6626.134,4697.689,2000,5910.908,5934.285,2000,6342.82,5350.543,2000,6333.363,5745.104,2000,6460.418,6155.025,2000,6752.161
6056.188,2000,6778.957,5747.858,2000,6099.866,6014,2000,6575.781,5846.308,2000,6608.104,6016.81,2000,6683.103,5895.812,2000,6514.521,5729.022,2000,6560.792,6128.975,2000,6370.081,5862.632,2000,6415.247,6169.179,2000,6463.211,5915.259,2000,6717.673,5639.583,2000,6445.418,5767.71,2000,6201.721,5758.904,2000,6657.157,6107.53,2000,6626.273,4697.844,2000,5911.047,5934.244,2000,6343.024,5350.671,2000,6333.528,5745.13,2000,6460.625,6154.845,2000,6752.266
6056.014,2000,6779.072,5747.867,2000,6100.074,6013.848,2000,6575.924,5846.289,2000,6608.311,6016.652,2000,6683.24,5895.78,2000,6514.727,5729.04,2000,6560.999,6128.85,2000,6370.248,5862.596,2000,6415.452,6169.051,2000,6463.375,5915.11,2000,6717.819,5639.619,2000,6445.615,5767.718,2000,6201.929,5758.907,2000,6657.366,6107.375,2000,6626.413,4697.999,2000,5911.187,5934.203,2000,6343.228,5350.799,2000,6333.692,5745.156,2000,6460.831,6154.665,2000,6752.371
6055.841,2000,6779.187,5747.875,2000,6100.282,6013.697,2000,6576.068,5846.27,2000,6608.519,6016.495,2000,6683.376,5895.748,2000,6514.932,5729.058,2000,6561.207,6128.726,2000,6370.415,5862.56,2000,6415.657,6168.922,2000,6463.54,5914.962,2000,6717.965,5639.655,2000,6445.812,5767.725,2000,6202.137,5758.911,2000,6657.574,6107.219,2000,6626.552,4698.153,2000,5911.327,5934.162,2000,6343.432,5350.927,2000,6333.857,5745.183,2000,6461.038,6154.484,2000,6752.476
6055.667,2000,6779.302,5747.883,2000,6100.49,6013.545,2000,6576.211,5846.251,2000,6608.726,6016.338,2000,6683.513,5895.715,2000,6515.138,5729.076,2000,6561.414,6128.601,2000,6370.582,5862.523,2000,6415.862,6168.794,2000,6463.704,5914.813,2000,6718.111,5639.69,2000,6446.009,5767.732,2000,6202.345,5758.914,2000,6657.783,6107.064,2000,6626.691,4698.308,2000,5911.466,5934.121,2000,6343.636,5351.055,2000,6334.021,5745.209,2000,6461.244,6154.304,2000,6752.581
6055.494,2000,6779.417,5747.892,2000,6100.698,6013.394,2000,6576.355,5846.232,2000,6608.934,6016.181,2000,6683.65,5895.682,2000,6515.343,5729.094,2000,6561.622,6128.477,2000,6370.749,5862.487,2000,6416.067,6168.666,2000,6463.868,5914.665,2000,6718.257,5639.726,2000,6446.206,5767.74,2000,6202.553,5758.917,2000,6657.991,6106.909,2000,6626.83,4698.463,2000,5911.606,5934.08,2000,6343.84,5351.183,2000,6334.186,5745.235,2000,6461.451,6154.124,2000,6752.686
6055.321,2000,6779.533,5747.9,2000,6100.906,6013.243,2000,6576.499,5846.213,2000,6609.141,6016.023,2000,6683.787,5895.649,2000,6515.549,5729.112,2000,6561.829,6128.352,2000,6370.916,5862.451,2000,6416.272,6168.537,2000,6464.032,5914.517,2000,6718.403,5639.762,2000,6446.402,5767.747,2000,6202.761,5758.921,2000,6658.2,6106.753,2000,6626.969,4698.618,2000,5911.746,5934.039,2000,6344.044,5351.311,2000,6334.351,5745.262,2000,6461.657,6153.944,2000,6752.791
6055.146,2000,6779.645,5747.908,2000,6101.114,6013.094,2000,6576.645,5846.191,2000,6609.348,6015.866,2000,6683.923,5895.615,2000,6515.754,5729.132,2000,6562.037,6128.229,2000,6371.084,5862.415,2000,6416.477,6168.407,2000,6464.195,5914.372,2000,6718.553,5639.801,2000,6446.599,5767.754,2000,6202.969,5758.926,2000,6658.408,6106.598,2000,6627.108,4698.772,2000,5911.885,5933.996,2000,6344.248,5351.438,2000,6334.515,5745.288,2000,6461.864,6153.761,2000,6752.891
6054.969,2000,6779.756,5747.917,2000,6101.322,6012.945,2000,6576.791,5846.17,2000,6609.555,6015.71,2000,6684.061,5895.579,2000,6515.959,5729.152,2000,6562.244,6128.105,2000,6371.251,5862.377,2000,6416.682,6168.278,2000,6464.358,5914.227,2000,6718.702,5639.841,2000,6446.795,5767.762,2000,6203.177,5758.931,2000,6658.617,6106.443,2000,6627.248,4698.927,2000,5912.025,5933.953,2000,6344.452,5351.566,2000,6334.68,5745.315,2000,6462.07,6153.578,2000,6752.99
6054.793,2000,6779.867,5747.925,2000,6101.53,6012.797,2000,6576.937,5846.148,2000,6609.762,6015.554,2000,6684.199,5895.543,2000,6516.165,5729.172,2000,6562.452,6127.981,2000,6371.419,5862.34,2000,6416.887,6168.149,2000,6464.521,5914.082,2000,6718.852,5639.881,2000,6446.991,5767.769,2000,6203.385,5758.936,2000,6658.825,6106.289,2000,6627.387,4699.082,2000,5912.165,5933.909,2000,6344.656,5351.694,2000,6334.844,5745.343,2000,6462.277,6153.394,2000,6753.087
6054.616,2000,6779.977,5747.933,2000,6101.738,6012.649,2000,6577.083,5846.126,2000,6609.969,6015.397,2000,6684.336,5895.506,2000,6516.37,5729.193,2000,6562.659,6127.857,2000,6371.587,5862.301,2000,6417.092,6168.02,2000,6464.685,5913.938,2000,6719.002,5639.922,2000,6447.188,5767.776,2000,6203.593,5758.94,2000,6659.034,6106.134,2000,6627.527,4699.237,2000,5912.304,5933.865,2000,6344.859,5351.822,2000,6335.009,5745.372,2000,6462.483,6153.209,2000,6753.185
6054.439,2000,6780.087,5747.941,2000,6101.946,6012.501,2000,6577.23,5846.104,2000,6610.176,6015.241,2000,6684.474,5895.47,2000,6516.575,5729.214,2000,6562.866,6127.734,2000,6371.754,5862.263,2000,6417.296,6167.89,2000,6464.848,5913.793,2000,6719.152,5639.963,2000,6447.384,5767.784,2000,6203.801,5758.945,2000,6659.242,6105.98,2000,6627.667,4699.391,2000,5912.444,5933.82,2000,6345.063,5351.95,2000,6335.173,5745.401,2000,6462.69,6153.025,2000,6753.282
6054.263,2000,6780.198,5747.95,2000,6102.154,6012.353,2000,6577.376,5846.082,2000,6610.383,6015.085,2000,6684.612,5895.433,2000,6516.78,5729.236,2000,6563.073,6127.61,2000,6371.922,5862.224,2000,6417.501,6167.761,2000,6465.011,5913.648,2000,6719.303,5640.004,2000,6447.58,5767.791,2000,6204.009,5758.951,2000,6659.451,6105.826,2000,6627.808,4699.546,2000,5912.583,5933.776,2000,6345.267,5352.078,2000,6335.338,5745.43,2000,6462.896,6152.841,2000,6753.379
6054.086,2000,6780.308,5747.958,2000,6102.362,6012.206,2000,6577.523,5846.066,2000,6610.591,6014.929,2000,6684.75,5895.396,2000,6516.985,5729.257,2000,6563.28,6127.487,2000,6372.089,5862.185,2000,6417.706,6167.631,2000,6465.174,5913.504,2000,6719.453,5640.045,2000,6447.776,5767.798,2000,6204.217,5758.949,2000,6659.659,6105.672,2000,6627.948,4699.701,2000,5912.723,5933.731,2000,6345.47,5352.206,2000,6335.502,5745.459,2000,6463.102,6152.657,2000,6753.477
6053.909,2000,6780.417,5747.966,2000,6102.57,6012.058,2000,6577.67,5846.057,2000,6610.799,6014.772,2000,6684.888,5895.361,2000,6517.19,5729.276,2000,6563.488,6127.363,2000,6372.257,5862.146,2000,6417.91,6167.502,2000,6465.337,5913.36,2000,6719.604,5640.087,2000,6447.972,5767.806,2000,6204.425,5758.941,2000,6659.867,6105.519,2000,6628.088,4699.855,2000,5912.863,5933.686,2000,6345.674,5352.334,2000,6335.667,5745.489,2000,6463.308,6152.472,2000,6753.574
6053.732,2000,6780.527,5747.975,2000,6102.778,6011.911,2000,6577.817,5846.055,2000,6611.007,6014.616,2000,6685.026,5895.329,2000,6517.396,5729.292,2000,6563.695,6127.24,2000,6372.424,5862.107,2000,6418.115,6167.373,2000,6465.5,5913.216,2000,6719.754,5640.128,2000,6448.168,5767.813,2000,6204.633,5758.926,2000,6660.075,6105.365,2000,6628.229,4700.01,2000,5913.002,5933.641,2000,6345.877,5352.462,2000,6335.832,5745.517,2000,6463.515,6152.288,2000,6753.671
6053.556,2000,6780.637,5747.983,2000,6102.986,6011.763,2000,6577.964,5846.06,2000,6611.216,6014.46,2000,6685.164,5895.299,2000,6517.603,5729.306,2000,6563.903,6127.116,2000,6372.592,5862.07,2000,6418.32,6167.243,2000,6465.664,5913.072,2000,6719.904,5640.169,2000,6448.365,5767.82,2000,6204.841,5758.904,2000,6660.282,6105.211,2000,6628.369,4700.165,2000,5913.142,5933.597,2000,6346.081,5352.59,2000,6335.996,5745.544,2000,6463.721,6152.103,2000,6753.768
