5790.071,2000,6245.762,5806.773,2000,6275.33,5778.142,2000,6289.533,5787.104,2000,6205.241,5832.638,2000,6294.792
5791.143,2000,6245.924,5807.712,2000,6274.789,5777.998,2000,6288.459,5788.041,2000,6204.697,5833.653,2000,6294.415
5792.162,2000,6246.29,5808.668,2000,6274.279,5777.819,2000,6287.391,5788.959,2000,6204.122,5834.681,2000,6294.071
5793.182,2000,6246.656,5809.64,2000,6273.801,5777.605,2000,6286.329,5789.858,2000,6203.518,5835.719,2000,6293.761
5794.201,2000,6247.021,5810.627,2000,6273.355,5777.357,2000,6285.274,5790.737,2000,6202.884,5836.767,2000,6293.485
5795.221,2000,6247.388,5811.629,2000,6272.942,5777.074,2000,6284.229,5791.594,2000,6202.222,5837.823,2000,6293.244
5796.12,2000,6247.991,5812.643,2000,6272.562,5776.757,2000,6283.192,5792.43,2000,6201.532,5838.886,2000,6293.037
5797.02,2000,6248.595,5813.669,2000,6272.214,5776.407,2000,6282.167,5793.242,2000,6200.815,5839.956,2000,6292.865
5797.919,2000,6249.198,5814.707,2000,6271.901,5776.023,2000,6281.154,5794.031,2000,6200.072,5841.031,2000,6292.729
5798.818,2000,6249.802,5815.753,2000,6271.622,5775.606,2000,6280.154,5794.794,2000,6199.304,5842.109,2000,6292.627
5799.718,2000,6250.405,5816.809,2000,6271.377,5775.157,2000,6279.168,5795.533,2000,6198.511,5843.191,2000,6292.561
5800.408,2000,6251.241,5817.872,2000,6271.167,5774.675,2000,6278.198,5796.245,2000,6197.694,5844.274,2000,6292.53
5801.098,2000,6252.076,5818.94,2000,6270.992,5774.163,2000,6277.244,5796.929,2000,6196.855,5845.357,2000,6292.535
5801.788,2000,6252.912,5820.015,2000,6270.852,5773.619,2000,6276.307,5797.586,2000,6195.994,5846.44,2000,6292.575
5802.478,2000,6253.747,5821.093,2000,6270.747,5773.044,2000,6275.388,5798.214,2000,6195.111,5847.521,2000,6292.651
5803.167,2000,6254.583,5822.174,2000,6270.678,5772.44,2000,6274.489,5798.813,2000,6194.209,5848.598,2000,6292.762
5803.596,2000,6255.578,5823.257,2000,6270.644,5771.808,2000,6273.609,5799.383,2000,6193.287,5849.671,2000,6292.908
5804.024,2000,6256.573,5824.34,2000,6270.645,5771.146,2000,6272.751,5799.922,2000,6192.347,5850.739,2000,6293.089
5804.452,2000,6257.568,5825.423,2000,6270.682,5770.457,2000,6271.916,5800.43,2000,6191.39,5851.801,2000,6293.305
5804.88,2000,6258.563,5826.504,2000,6270.754,5769.741,2000,6271.103,5800.906,2000,6190.417,5852.854,2000,6293.555
5805.309,2000,6259.558,5827.582,2000,6270.861,5768.999,2000,6270.313,5801.35,2000,6189.429,5853.9,2000,6293.84
5805.469,2000,6260.629,5828.656,2000,6271.004,5768.231,2000,6269.549,5801.762,2000,6188.427,5854.935,2000,6294.159
5805.63,2000,6261.701,5829.725,2000,6271.182,5767.438,2000,6268.811,5802.14,2000,6187.412,5855.959,2000,6294.512
5805.791,2000,6262.772,5830.787,2000,6271.394,5766.623,2000,6268.098,5802.485,2000,6186.385,5856.972,2000,6294.898
5805.952,2000,6263.843,5831.842,2000,6271.641,5765.784,2000,6267.413,5802.797,2000,6185.347,5857.971,2000,6295.317
5806.112,2000,6264.915,5832.888,2000,6271.923,5764.923,2000,6266.755,5803.074,2000,6184.3,5858.956,2000,6295.769
5806.025,2000,6265.995,5833.924,2000,6272.239,5764.041,2000,6266.126,5803.317,2000,6183.244,5859.925,2000,6296.252
5805.938,2000,6267.075,5834.949,2000,6272.588,5763.139,2000,6265.526,5803.525,2000,6182.181,5860.878,2000,6296.767
5805.852,2000,6268.155,5835.963,2000,6272.971,5762.218,2000,6264.956,5803.698,2000,6181.112,5861.814,2000,6297.313
5805.765,2000,6269.235,5836.963,2000,6273.387,5761.278,2000,6264.417,5803.836,2000,6180.037,5862.732,2000,6297.889
5805.678,2000,6270.315,5837.95,2000,6273.835,5760.322,2000,6263.908,5803.939,2000,6178.958,5863.63,2000,6298.495
5805.591,2000,6271.395,5838.95,2000,6274.251,5759.349,2000,6263.431,5804.078,2000,6177.884,5864.508,2000,6299.13
5805.26,2000,6272.427,5839.964,2000,6274.634,5758.361,2000,6262.986,5804.251,2000,6176.814,5865.364,2000,6299.793
5804.929,2000,6273.458,5840.989,2000,6274.984,5757.359,2000,6262.574,5804.459,2000,6175.751,5866.199,2000,6300.484
5804.598,2000,6274.49,5842.025,2000,6275.3,5756.345,2000,6262.194,5804.702,2000,6174.696,5867.01,2000,6301.202
5804.267,2000,6275.522,5843.071,2000,6275.582,5755.318,2000,6261.849,5804.979,2000,6173.648,5867.798,2000,6301.946
5803.937,2000,6276.554,5844.126,2000,6275.829,5754.28,2000,6261.537,5805.291,2000,6172.611,5868.561,2000,6302.715
5803.605,2000,6277.585,5845.188,2000,6276.041,5753.233,2000,6261.259,5805.636,2000,6171.584,5869.297,2000,6303.509
5803.275,2000,6278.617,5846.257,2000,6276.219,5752.178,2000,6261.015,5806.014,2000,6170.569,5870.012,2000,6304.323
5802.713,2000,6279.543,5847.331,2000,6276.361,5751.115,2000,6260.806,5806.426,2000,6169.567,5870.711,2000,6305.15
5802.151,2000,6280.47,5848.409,2000,6276.469,5750.045,2000,6260.632,5806.87,2000,6168.579,5871.395,2000,6305.991
5801.589,2000,6281.396,5849.49,2000,6276.541,5748.976,2000,6260.459,5807.346,2000,6167.605,5872.06,2000,6306.846
5801.027,2000,6282.322,5850.573,2000,6276.578,5747.901,2000,6260.322,5807.854,2000,6166.648,5872.707,2000,6307.715
5800.465,2000,6283.249,5851.656,2000,6276.579,5746.823,2000,6260.22,5808.393,2000,6165.708,5873.334,2000,6308.598
5799.903,2000,6284.174,5852.739,2000,6276.545,5745.742,2000,6260.154,5808.962,2000,6164.787,5873.942,2000,6309.495
5799.34,2000,6285.1,5853.82,2000,6276.476,5744.659,2000,6260.123,5809.562,2000,6163.884,5874.528,2000,6310.406
5798.594,2000,6285.885,5854.898,2000,6276.371,5743.575,2000,6260.127,5810.19,2000,6163.002,5875.093,2000,6311.331
5797.848,2000,6286.67,5855.973,2000,6276.23,5742.493,2000,6260.167,5810.847,2000,6162.141,5875.635,2000,6312.269
5797.102,2000,6287.456,5857.042,2000,6276.055,5741.412,2000,6260.242,5811.531,2000,6161.301,5876.154,2000,6313.22
5796.356,2000,6288.241,5858.104,2000,6275.845,5740.334,2000,6260.352,5812.243,2000,6160.485,5876.649,2000,6314.183
5795.61,2000,6289.026,5859.16,2000,6275.601,5739.261,2000,6260.498,5812.981,2000,6159.692,5877.121,2000,6315.158
5794.864,2000,6289.811,5860.207,2000,6275.321,5738.192,2000,6260.678,5813.745,2000,6158.923,5877.569,2000,6316.145
5794.118,2000,6290.596,5861.244,2000,6275.008,5737.131,2000,6260.894,5814.534,2000,6158.181,5877.993,2000,6317.142
5793.234,2000,6291.224,5862.27,2000,6274.661,5736.077,2000,6261.144,5815.346,2000,6157.464,5878.393,2000,6318.148
5792.351,2000,6291.851,5863.284,2000,6274.281,5735.031,2000,6261.429,5816.182,2000,6156.774,5878.77,2000,6319.164
5791.468,2000,6292.479,5864.286,2000,6273.867,5733.996,2000,6261.748,5817.039,2000,6156.112,5879.123,2000,6320.188
5790.584,2000,6293.106,5865.273,2000,6273.421,5732.971,2000,6262.1,5817.918,2000,6155.478,5879.454,2000,6321.22
5789.701,2000,6293.733,5866.245,2000,6272.943,5731.959,2000,6262.486,5818.817,2000,6154.874,5879.762,2000,6322.258
5788.818,2000,6294.361,5867.201,2000,6272.434,5730.96,2000,6262.904,5819.735,2000,6154.299,5880.048,2000,6323.303
5787.935,2000,6294.988,5868.14,2000,6271.893,5729.975,2000,6263.355,5820.672,2000,6153.754,5880.313,2000,6324.354
5787.052,2000,6295.616,5869.061,2000,6271.322,5729.005,2000,6263.838,5821.626,2000,6153.241,5880.558,2000,6325.409
5786.064,2000,6296.062,5869.962,2000,6270.722,5728.052,2000,6264.353,5822.596,2000,6152.759,5880.783,2000,6326.468
5785.077,2000,6296.508,5870.844,2000,6270.092,5727.116,2000,6264.898,5823.582,2000,6152.309,5880.989,2000,6327.532
5784.09,2000,6296.954,5871.704,2000,6269.433,5726.198,2000,6265.474,5824.581,2000,6151.891,5881.178,2000,6328.599
5783.103,2000,6297.4,5872.542,2000,6268.747,5725.3,2000,6266.08,5825.594,2000,6151.506,5881.349,2000,6329.668
5782.115,2000,6297.846,5873.358,2000,6268.034,5724.422,2000,6266.714,5826.619,2000,6151.155,5881.504,2000,6330.741
5781.128,2000,6298.292,5874.149,2000,6267.294,5723.565,2000,6267.377,5827.654,2000,6150.838,5881.644,2000,6331.815
5780.141,2000,6298.738,5874.917,2000,6266.529,5722.73,2000,6268.068,5828.7,2000,6150.554,5881.769,2000,6332.891
5779.153,2000,6299.184,5875.658,2000,6265.739,5721.919,2000,6268.786,5829.754,2000,6150.305,5881.88,2000,6333.969
5778.166,2000,6299.63,5876.374,2000,6264.926,5721.131,2000,6269.529,5830.816,2000,6150.091,5881.978,2000,6335.047
5777.111,2000,6299.875,5877.062,2000,6264.089,5720.368,2000,6270.298,5831.884,2000,6149.911,5882.064,2000,6336.127
5776.056,2000,6300.12,5877.723,2000,6263.23,5719.631,2000,6271.092,5832.958,2000,6149.767,5882.14,2000,6337.208
5775,2000,6300.364,5878.355,2000,6262.351,5718.92,2000,6271.909,5834.036,2000,6149.657,5882.204,2000,6338.29
5773.945,2000,6300.608,5878.958,2000,6261.451,5718.236,2000,6272.75,5835.116,2000,6149.583,5882.259,2000,6339.372
5772.89,2000,6300.853,5879.531,2000,6260.531,5717.58,2000,6273.612,5836.199,2000,6149.544,5882.305,2000,6340.454
5771.835,2000,6301.097,5880.074,2000,6259.594,5716.952,2000,6274.495,5837.282,2000,6149.541,5882.342,2000,6341.537
5770.78,2000,6301.341,5880.586,2000,6258.639,5716.354,2000,6275.398,5838.365,2000,6149.573,5882.372,2000,6342.62
5769.725,2000,6301.585,5881.066,2000,6257.668,5715.786,2000,6276.321,5839.446,2000,6149.641,5882.395,2000,6343.703
5768.669,2000,6301.83,5881.515,2000,6256.682,5715.248,2000,6277.261,5840.525,2000,6149.744,5882.412,2000,6344.786
5767.587,2000,6301.877,5881.931,2000,6255.681,5714.741,2000,6278.219,5841.6,2000,6149.882,5882.423,2000,6345.869
5766.504,2000,6301.925,5882.313,2000,6254.667,5714.266,2000,6279.192,5842.669,2000,6150.055,5882.429,2000,6346.953
5765.422,2000,6301.973,5882.663,2000,6253.642,5713.822,2000,6280.181,5843.732,2000,6150.263,5882.43,2000,6348.036
5764.339,2000,6302.021,5882.979,2000,6252.606,5713.412,2000,6281.184,5844.788,2000,6150.506,5882.428,2000,6349.12
5763.257,2000,6302.069,5883.261,2000,6251.56,5713.034,2000,6282.199,5845.835,2000,6150.783,5882.421,2000,6350.203
5762.174,2000,6302.117,5883.508,2000,6250.505,5712.69,2000,6283.227,5846.873,2000,6151.095,5882.412,2000,6351.287
5761.092,2000,6302.165,5883.72,2000,6249.443,5712.379,2000,6284.265,5847.899,2000,6151.44,5882.368,2000,6352.369
5760.009,2000,6302.212,5883.898,2000,6248.374,5712.103,2000,6285.312,5848.915,2000,6151.818,5882.288,2000,6353.45
5758.927,2000,6302.26,5884.041,2000,6247.3,5711.861,2000,6286.368,5849.917,2000,6152.23,5882.172,2000,6354.527
5757.845,2000,6302.308,5884.148,2000,6246.222,5711.654,2000,6287.432,5850.905,2000,6152.674,5882.022,2000,6355.6
5756.772,2000,6302.157,5884.291,2000,6245.148,5711.482,2000,6288.501,5851.907,2000,6153.086,5881.836,2000,6356.667
5755.7,2000,6302.005,5884.468,2000,6244.08,5711.345,2000,6289.576,5852.922,2000,6153.464,5881.616,2000,6357.728
5754.627,2000,6301.854,5884.681,2000,6243.017,5711.243,2000,6290.654,5853.949,2000,6153.81,5881.361,2000,6358.78
5753.554,2000,6301.703,5884.928,2000,6241.962,5711.176,2000,6291.735,5854.986,2000,6154.121,5881.072,2000,6359.824
5752.481,2000,6301.551,5885.209,2000,6240.917,5711.145,2000,6292.818,5856.034,2000,6154.398,5880.749,2000,6360.858
5751.409,2000,6301.4,5885.525,2000,6239.88,5711.149,2000,6293.902,5857.089,2000,6154.641,5880.392,2000,6361.881
5750.336,2000,6301.249,5885.875,2000,6238.855,5711.189,2000,6294.984,5858.152,2000,6154.849,5880.002,2000,6362.892
5749.263,2000,6301.097,5886.258,2000,6237.841,5711.264,2000,6296.065,5859.222,2000,6155.022,5879.579,2000,6363.889
5748.19,2000,6300.945,5886.674,2000,6236.841,5711.375,2000,6297.143,5860.296,2000,6155.161,5879.124,2000,6364.872
5747.118,2000,6300.794,5887.122,2000,6235.854,5711.52,2000,6298.216,5861.375,2000,6155.264,5878.636,2000,6365.839
5746.087,2000,6300.46,5887.603,2000,6234.883,5711.701,2000,6299.285,5862.456,2000,6155.331,5878.118,2000,6366.791
5745.056,2000,6300.126,5888.114,2000,6233.929,5711.917,2000,6300.346,5863.539,2000,6155.363,5877.568,2000,6367.724
5744.025,2000,6299.792,5888.657,2000,6232.991,5712.167,2000,6301.4,5864.623,2000,6155.36,5876.988,2000,6368.639
5742.995,2000,6299.458,5889.23,2000,6232.072,5712.451,2000,6302.446,5865.705,2000,6155.321,5876.378,2000,6369.535
5741.964,2000,6299.124,5889.833,2000,6231.172,5712.77,2000,6303.481,5866.786,2000,6155.247,5875.74,2000,6370.41
5740.934,2000,6298.79,5890.466,2000,6230.292,5713.123,2000,6304.506,5867.863,2000,6155.138,5875.073,2000,6371.264
5739.903,2000,6298.456,5891.126,2000,6229.433,5713.508,2000,6305.518,5868.937,2000,6154.993,5874.378,2000,6372.095
5738.873,2000,6298.122,5891.815,2000,6228.597,5713.927,2000,6306.517,5870.005,2000,6154.813,5873.657,2000,6372.904
5737.843,2000,6297.788,5892.53,2000,6227.783,5714.378,2000,6307.502,5871.067,2000,6154.599,5872.91,2000,6373.688
5736.813,2000,6297.454,5893.272,2000,6226.994,5714.861,2000,6308.472,5872.122,2000,6154.35,5872.138,2000,6374.447
5735.782,2000,6297.12,5894.039,2000,6226.229,5715.375,2000,6309.425,5873.167,2000,6154.066,5871.341,2000,6375.181
5734.826,2000,6296.611,5894.831,2000,6225.489,5715.921,2000,6310.361,5874.203,2000,6153.749,5870.521,2000,6375.889
5733.869,2000,6296.103,5895.646,2000,6224.775,5716.497,2000,6311.279,5875.228,2000,6153.398,5869.677,2000,6376.569
5732.913,2000,6295.595,5896.484,2000,6224.089,5717.102,2000,6312.177,5876.24,2000,6153.013,5868.812,2000,6377.221
5731.956,2000,6295.086,5897.345,2000,6223.431,5717.737,2000,6313.055,5877.24,2000,6152.596,5867.926,2000,6377.845
5731,2000,6294.578,5898.226,2000,6222.801,5718.4,2000,6313.912,5878.225,2000,6152.146,5867.021,2000,6378.439
5730.043,2000,6294.07,5899.127,2000,6222.2,5719.09,2000,6314.747,5879.195,2000,6151.664,5866.096,2000,6379.003
5729.086,2000,6293.562,5900.048,2000,6221.629,5719.808,2000,6315.558,5880.149,2000,6151.15,5865.153,2000,6379.537
5728.129,2000,6293.053,5900.987,2000,6221.089,5720.552,2000,6316.346,5881.086,2000,6150.605,5864.193,2000,6380.04
5727.172,2000,6292.545,5901.943,2000,6220.579,5721.321,2000,6317.109,5882.004,2000,6150.031,5863.217,2000,6380.51
5726.215,2000,6292.037,5902.916,2000,6220.101,5722.114,2000,6317.846,5882.903,2000,6149.426,5862.227,2000,6380.949
5725.258,2000,6291.529,5903.903,2000,6219.655,5722.932,2000,6318.557,5883.782,2000,6148.792,5861.222,2000,6381.355
5724.398,2000,6290.87,5904.904,2000,6219.242,5723.772,2000,6319.241,5884.64,2000,6148.13,5860.205,2000,6381.728
5723.539,2000,6290.21,5905.918,2000,6218.861,5724.634,2000,6319.897,5885.475,2000,6147.44,5859.176,2000,6382.067
5722.679,2000,6289.551,5906.945,2000,6218.514,5725.518,2000,6320.525,5886.288,2000,6146.724,5858.137,2000,6382.373
5721.819,2000,6288.892,5907.982,2000,6218.201,5726.421,2000,6321.123,5887.076,2000,6145.981,5857.088,2000,6382.645
5720.96,2000,6288.233,5909.029,2000,6217.922,5727.343,2000,6321.691,5887.84,2000,6145.212,5856.031,2000,6382.881
5720.101,2000,6287.574,5910.084,2000,6217.677,5728.284,2000,6322.229,5888.578,2000,6144.419,5854.966,2000,6383.083
5719.241,2000,6286.915,5911.147,2000,6217.467,5729.241,2000,6322.736,5889.29,2000,6143.603,5853.896,2000,6383.251
5718.381,2000,6286.255,5912.216,2000,6217.292,5730.215,2000,6323.211,5889.975,2000,6142.764,5852.821,2000,6383.383
5717.522,2000,6285.596,5913.29,2000,6217.152,5731.204,2000,6323.655,5890.631,2000,6141.902,5851.742,2000,6383.48
5716.663,2000,6284.937,5914.368,2000,6217.047,5732.206,2000,6324.065,5891.26,2000,6141.02,5850.66,2000,6383.542
5715.803,2000,6284.278,5915.449,2000,6216.978,5733.222,2000,6324.443,5891.859,2000,6140.118,5849.577,2000,6383.568
5714.944,2000,6283.619,5916.532,2000,6216.943,5734.249,2000,6324.787,5892.428,2000,6139.196,5848.494,2000,6383.559
5714.084,2000,6282.959,5917.616,2000,6216.945,5735.287,2000,6325.098,5892.967,2000,6138.256,5847.411,2000,6383.515
5713.355,2000,6282.158,5918.698,2000,6216.981,5736.334,2000,6325.374,5893.475,2000,6137.299,5846.331,2000,6383.435
5712.627,2000,6281.356,5919.779,2000,6217.054,5737.391,2000,6325.616,5893.951,2000,6136.326,5845.253,2000,6383.319
5711.898,2000,6280.554,5920.857,2000,6217.161,5738.454,2000,6325.823,5894.396,2000,6135.337,5844.181,2000,6383.169
5711.17,2000,6279.752,5921.931,2000,6217.304,5739.523,2000,6325.995,5894.807,2000,6134.335,5843.113,2000,6382.983
5710.442,2000,6278.95,5923,2000,6217.481,5740.598,2000,6326.132,5895.186,2000,6133.32,5842.053,2000,6382.763
5709.714,2000,6278.148,5924.063,2000,6217.694,5741.677,2000,6326.234,5895.531,2000,6132.293,5841,2000,6382.508
5708.985,2000,6277.346,5925.117,2000,6217.941,5742.758,2000,6326.301,5895.842,2000,6131.256,5839.956,2000,6382.219
5708.257,2000,6276.544,5926.163,2000,6218.223,5743.841,2000,6326.332,5896.12,2000,6130.208,5838.922,2000,6381.896
5707.529,2000,6275.742,5927.199,2000,6218.539,5744.924,2000,6326.328,5896.362,2000,6129.153,5837.899,2000,6381.539
5706.801,2000,6274.94,5928.225,2000,6218.888,5746.007,2000,6326.288,5896.57,2000,6128.09,5836.888,2000,6381.149
5706.072,2000,6274.138,5929.238,2000,6219.271,5747.087,2000,6326.213,5896.744,2000,6127.021,5835.891,2000,6380.726
5705.344,2000,6273.336,5930.239,2000,6219.687,5748.165,2000,6326.103,5896.882,2000,6125.946,5834.908,2000,6380.271
5704.754,2000,6272.428,5931.225,2000,6220.135,5749.239,2000,6325.957,5896.985,2000,6124.867,5833.941,2000,6379.783
5704.164,2000,6271.52,5932.196,2000,6220.616,5750.307,2000,6325.776,5897.052,2000,6123.786,5832.99,2000,6379.265
5703.573,2000,6270.611,5933.151,2000,6221.127,5751.369,2000,6325.561,5897.084,2000,6122.703,5832.022,2000,6378.777
5702.983,2000,6269.703,5934.088,2000,6221.67,5752.423,2000,6325.311,5897.081,2000,6121.62,5831.04,2000,6378.322
5702.393,2000,6268.795,5935.008,2000,6222.244,5753.468,2000,6325.026,5897.042,2000,6120.537,5830.042,2000,6377.899
5701.802,2000,6267.887,5935.908,2000,6222.847,5754.504,2000,6324.707,5896.968,2000,6119.457,5829.032,2000,6377.509
5701.212,2000,6266.979,5936.788,2000,6223.479,5755.528,2000,6324.354,5896.859,2000,6118.379,5828.009,2000,6377.152
5700.622,2000,6266.07,5937.646,2000,6224.14,5756.541,2000,6323.969,5896.714,2000,6117.305,5826.975,2000,6376.829
5700.031,2000,6265.161,5938.483,2000,6224.828,5757.54,2000,6323.55,5896.535,2000,6116.237,5825.931,2000,6376.54
5699.441,2000,6264.253,5939.296,2000,6225.543,5758.524,2000,6323.099,5896.32,2000,6115.175,5824.878,2000,6376.285
5698.851,2000,6263.344,5940.086,2000,6226.285,5759.494,2000,6322.616,5896.071,2000,6114.121,5823.817,2000,6376.064
5698.26,2000,6262.436,5940.851,2000,6227.052,5760.448,2000,6322.102,5895.788,2000,6113.075,5822.75,2000,6375.879
5697.67,2000,6261.527,5941.591,2000,6227.844,5761.384,2000,6321.556,5895.47,2000,6112.04,5821.677,2000,6375.729
5697.08,2000,6260.618,5942.304,2000,6228.659,5762.301,2000,6320.98,5895.119,2000,6111.015,5820.6,2000,6375.613
5696.654,2000,6259.622,5942.99,2000,6229.498,5763.2,2000,6320.375,5894.734,2000,6110.002,5819.52,2000,6375.533
5696.228,2000,6258.626,5943.649,2000,6230.358,5764.078,2000,6319.74,5894.317,2000,6109.002,5818.437,2000,6375.489
5695.802,2000,6257.63,5944.279,2000,6231.239,5764.935,2000,6319.077,5893.867,2000,6108.017,5817.354,2000,6375.479
5695.376,2000,6256.634,5944.879,2000,6232.141,5765.769,2000,6318.387,5893.385,2000,6107.047,5816.271,2000,6375.506
5694.951,2000,6255.638,5945.45,2000,6233.062,5766.581,2000,6317.669,5892.871,2000,6106.093,5815.189,2000,6375.567
5694.525,2000,6254.642,5945.991,2000,6234,5767.368,2000,6316.925,5892.327,2000,6105.156,5814.11,2000,6375.665
5694.099,2000,6253.646,5946.5,2000,6234.957,5768.131,2000,6316.156,5891.752,2000,6104.238,5813.035,2000,6375.797
5693.673,2000,6252.649,5946.979,2000,6235.929,5768.869,2000,6315.363,5891.147,2000,6103.339,5811.964,2000,6375.964
5693.248,2000,6251.653,5947.424,2000,6236.916,5769.58,2000,6314.545,5890.514,2000,6102.46,5810.9,2000,6376.167
5692.822,2000,6250.657,5947.838,2000,6237.917,5770.264,2000,6313.705,5889.852,2000,6101.603,5809.843,2000,6376.403
5692.396,2000,6249.661,5948.218,2000,6238.932,5770.92,2000,6312.843,5889.162,2000,6100.767,5808.794,2000,6376.675
5691.969,2000,6248.665,5948.565,2000,6239.958,5771.547,2000,6311.959,5888.445,2000,6099.955,5807.754,2000,6376.98
5691.543,2000,6247.669,5948.878,2000,6240.995,5772.146,2000,6311.056,5887.702,2000,6099.166,5806.726,2000,6377.32
5691.117,2000,6246.673,5949.158,2000,6242.042,5772.714,2000,6310.134,5886.934,2000,6098.402,5805.708,2000,6377.693
5690.861,2000,6245.62,5949.402,2000,6243.097,5773.252,2000,6309.193,5886.141,2000,6097.664,5804.704,2000,6378.099
5690.605,2000,6244.567,5949.612,2000,6244.16,5773.759,2000,6308.236,5885.324,2000,6096.952,5803.713,2000,6378.538
5690.35,2000,6243.515,5949.788,2000,6245.229,5774.234,2000,6307.262,5884.485,2000,6096.268,5802.738,2000,6379.008
5690.094,2000,6242.462,5949.928,2000,6246.303,5774.677,2000,6306.273,5883.624,2000,6095.611,5801.778,2000,6379.511
5689.838,2000,6241.409,5950.033,2000,6247.381,5775.088,2000,6305.271,5882.741,2000,6094.982,5800.835,2000,6380.044
5689.582,2000,6240.356,5950.102,2000,6248.462,5775.465,2000,6304.255,5881.839,2000,6094.383,5799.91,2000,6380.609
5689.326,2000,6239.304,5950.136,2000,6249.545,5775.81,2000,6303.228,5880.917,2000,6093.814,5799.004,2000,6381.203
5689.07,2000,6238.251,5950.135,2000,6250.629,5776.12,2000,6302.19,5879.977,2000,6093.275,5798.119,2000,6381.827
5688.815,2000,6237.198,5950.098,2000,6251.711,5776.396,2000,6301.143,5879.02,2000,6092.767,5797.253,2000,6382.479
5688.56,2000,6236.146,5950.026,2000,6252.792,5776.638,2000,6300.086,5878.047,2000,6092.291,5796.41,2000,6383.159
5688.304,2000,6235.093,5949.918,2000,6253.871,5776.845,2000,6299.023,5877.059,2000,6091.847,5795.59,2000,6383.867
5688.048,2000,6234.04,5949.776,2000,6254.944,5777.018,2000,6297.954,5876.057,2000,6091.435,5794.793,2000,6384.601
5687.792,2000,6232.987,5949.598,2000,6256.013,5777.155,2000,6296.879,5875.042,2000,6091.057,5794.021,2000,6385.36
5687.537,2000,6231.935,5949.386,2000,6257.076,5777.257,2000,6295.8,5874.015,2000,6090.711,5793.273,2000,6386.144
5687.451,2000,6230.854,5949.139,2000,6258.13,5777.323,2000,6294.719,5872.977,2000,6090.4,5792.552,2000,6386.953
5687.364,2000,6229.774,5948.857,2000,6259.176,5777.354,2000,6293.636,5871.93,2000,6090.123,5791.858,2000,6387.784
5687.277,2000,6228.694,5948.541,2000,6260.212,5777.35,2000,6292.553,5870.874,2000,6089.88,5791.191,2000,6388.638
5687.19,2000,6227.614,5948.191,2000,6261.238,5777.311,2000,6291.47,5869.811,2000,6089.672,5790.552,2000,6389.513
5687.104,2000,6226.534,5947.809,2000,6262.251,5777.235,2000,6290.39,5868.742,2000,6089.499,5789.943,2000,6390.409
5687.017,2000,6225.454,5947.393,2000,6263.252,5777.125,2000,6289.312,5867.667,2000,6089.36,5789.304,2000,6391.284
5686.931,2000,6224.374,5946.944,2000,6264.238,5776.979,2000,6288.238,5866.588,2000,6089.257,5788.637,2000,6392.138
5686.844,2000,6223.294,5946.464,2000,6265.209,5776.799,2000,6287.17,5865.507,2000,6089.19,5787.943,2000,6392.969
5686.757,2000,6222.214,5945.952,2000,6266.164,5776.583,2000,6286.108,5864.424,2000,6089.158,5787.222,2000,6393.778
5686.67,2000,6221.134,5945.409,2000,6267.102,5776.333,2000,6285.054,5863.341,2000,6089.161,5786.475,2000,6394.562
5686.583,2000,6220.054,5944.836,2000,6268.021,5776.048,2000,6284.009,5862.258,2000,6089.2,5785.702,2000,6395.321
5686.497,2000,6218.974,5944.233,2000,6268.921,5775.729,2000,6282.973,5861.178,2000,6089.274,5784.905,2000,6396.055
5686.41,2000,6217.894,5943.601,2000,6269.801,5775.377,2000,6281.949,5860.1,2000,6089.383,5784.085,2000,6396.763
5686.324,2000,6216.813,5942.94,2000,6270.66,5774.991,2000,6280.937,5859.026,2000,6089.528,5783.242,2000,6397.443
5686.237,2000,6215.733,5942.251,2000,6271.496,5774.573,2000,6279.938,5857.958,2000,6089.708,5782.376,2000,6398.095
5686.323,2000,6214.653,5941.536,2000,6272.31,5774.122,2000,6278.953,5856.896,2000,6089.922,5781.491,2000,6398.719
5686.41,2000,6213.573,5940.794,2000,6273.099,5773.639,2000,6277.983,5855.842,2000,6090.171,5780.585,2000,6399.313
5686.497,2000,6212.493,5940.027,2000,6273.864,5773.124,2000,6277.029,5854.796,2000,6090.455,5779.66,2000,6399.877
5686.583,2000,6211.413,5939.236,2000,6274.604,5772.579,2000,6276.093,5853.761,2000,6090.772,5778.717,2000,6400.411
5686.67,2000,6210.333,5938.42,2000,6275.317,5772.003,2000,6275.176,5852.736,2000,6091.123,5777.757,2000,6400.914
5686.757,2000,6209.253,5937.582,2000,6276.003,5771.397,2000,6274.277,5851.723,2000,6091.508,5776.782,2000,6401.384
5686.843,2000,6208.173,5936.722,2000,6276.662,5770.763,2000,6273.399,5850.724,2000,6091.925,5775.791,2000,6401.823
5686.93,2000,6207.093,5935.84,2000,6277.292,5770.1,2000,6272.542,5849.738,2000,6092.375,5774.787,2000,6402.229
5687.017,2000,6206.013,5934.939,2000,6277.893,5769.409,2000,6271.708,5848.768,2000,6092.857,5773.77,2000,6402.602
5687.104,2000,6204.933,5934.018,2000,6278.463,5768.691,2000,6270.896,5847.814,2000,6093.371,5772.741,2000,6402.941
5687.19,2000,6203.853,5933.079,2000,6279.004,5767.948,2000,6270.109,5846.877,2000,6093.916,5771.701,2000,6403.247
5687.277,2000,6202.772,5932.123,2000,6279.514,5767.179,2000,6269.346,5845.959,2000,6094.49,5770.652,2000,6403.519
5687.363,2000,6201.692,5931.151,2000,6279.992,5766.385,2000,6268.608,5845.06,2000,6095.095,5769.595,2000,6403.755
5687.45,2000,6200.612,5930.164,2000,6280.438,5765.568,2000,6267.897,5844.163,2000,6095.701,5768.531,2000,6403.958
5687.537,2000,6199.532,5929.162,2000,6280.851,5764.747,2000,6267.19,5843.262,2000,6096.304,5767.46,2000,6404.125
5687.624,2000,6198.452,5928.148,2000,6281.231,5763.932,2000,6266.477,5842.359,2000,6096.902,5766.385,2000,6404.257
5687.884,2000,6197.401,5927.122,2000,6281.579,5763.124,2000,6265.756,5841.454,2000,6097.497,5765.306,2000,6404.354
5688.145,2000,6196.35,5926.084,2000,6281.892,5762.322,2000,6265.027,5840.545,2000,6098.087,5764.225,2000,6404.416
5688.406,2000,6195.298,5925.038,2000,6282.171,5761.527,2000,6264.292,5839.635,2000,6098.674,5763.142,2000,6404.442
5688.667,2000,6194.247,5923.982,2000,6282.416,5760.739,2000,6263.548,5838.722,2000,6099.258,5762.058,2000,6404.433
5688.927,2000,6193.196,5922.919,2000,6282.625,5759.958,2000,6262.797,5837.806,2000,6099.837,5760.976,2000,6404.389
5689.188,2000,6192.145,5921.851,2000,6282.801,5759.184,2000,6262.039,5836.888,2000,6100.413,5759.895,2000,6404.309
5689.449,2000,6191.093,5920.776,2000,6282.941,5758.417,2000,6261.273,5835.968,2000,6100.985,5758.818,2000,6404.193
5689.709,2000,6190.041,5919.698,2000,6283.046,5757.658,2000,6260.5,5835.045,2000,6101.552,5757.745,2000,6404.043
5689.97,2000,6188.989,5918.617,2000,6283.115,5756.906,2000,6259.721,5834.12,2000,6102.116,5756.678,2000,6403.857
5690.231,2000,6187.938,5917.534,2000,6283.149,5756.162,2000,6258.934,5833.192,2000,6102.675,5755.617,2000,6403.637
5690.492,2000,6186.886,5916.451,2000,6283.148,5755.424,2000,6258.14,5832.262,2000,6103.229,5754.564,2000,6403.382
5690.752,2000,6185.834,5915.368,2000,6283.111,5754.695,2000,6257.339,5831.329,2000,6103.78,5753.521,2000,6403.093
5691.013,2000,6184.782,5914.287,2000,6283.039,5753.973,2000,6256.532,5830.393,2000,6104.326,5752.486,2000,6402.77
5691.274,2000,6183.73,5913.209,2000,6282.932,5753.258,2000,6255.717,5829.455,2000,6104.868,5751.463,2000,6402.413
5691.535,2000,6182.679,5912.135,2000,6282.789,5752.551,2000,6254.896,5828.514,2000,6105.405,5750.453,2000,6402.023
5691.795,2000,6181.627,5911.066,2000,6282.611,5751.852,2000,6254.069,5827.57,2000,6105.937,5749.456,2000,6401.6
5692.056,2000,6180.575,5910.004,2000,6282.399,5751.161,2000,6253.235,5826.624,2000,6106.464,5748.473,2000,6401.145
5692.486,2000,6179.581,5908.949,2000,6282.152,5750.477,2000,6252.395,5825.675,2000,6106.987,5747.505,2000,6400.657
5692.917,2000,6178.587,5907.903,2000,6281.87,5749.802,2000,6251.547,5824.724,2000,6107.505,5746.554,2000,6400.139
5693.348,2000,6177.593,5906.867,2000,6281.554,5749.136,2000,6250.692,5823.771,2000,6108.02,5745.621,2000,6399.589
5693.778,2000,6176.599,5905.842,2000,6281.205,5748.479,2000,6249.831,5822.814,2000,6108.529,5744.706,2000,6399.009
5694.208,2000,6175.604,5904.828,2000,6280.822,5747.831,2000,6248.963,5821.856,2000,6109.035,5743.81,2000,6398.399
5694.639,2000,6174.61,5903.828,2000,6280.406,5747.191,2000,6248.088,5820.896,2000,6109.536,5742.935,2000,6397.761
5695.069,2000,6173.616,5902.841,2000,6279.958,5746.561,2000,6247.207,5819.933,2000,6110.032,5742.081,2000,6397.094
5695.5,2000,6172.622,5901.87,2000,6279.477,5745.94,2000,6246.319,5818.968,2000,6110.523,5741.25,2000,6396.399
5695.93,2000,6171.628,5900.908,2000,6278.979,5745.328,2000,6245.425,5818,2000,6111.01,5740.441,2000,6395.678
5696.36,2000,6170.634,5899.949,2000,6278.477,5744.726,2000,6244.525,5817.03,2000,6111.492,5739.657,2000,6394.931
5696.791,2000,6169.64,5898.991,2000,6277.969,5744.132,2000,6243.619,5816.057,2000,6111.969,5738.897,2000,6394.159
5697.221,2000,6168.646,5898.036,2000,6277.458,5743.548,2000,6242.706,5815.082,2000,6112.44,5738.164,2000,6393.362
5697.652,2000,6167.651,5897.083,2000,6276.941,5742.974,2000,6241.788,5814.104,2000,6112.907,5737.456,2000,6392.542
5698.082,2000,6166.657,5896.133,2000,6276.421,5742.409,2000,6240.863,5813.124,2000,6113.368,5736.776,2000,6391.698
5698.513,2000,6165.663,5895.186,2000,6275.896,5741.853,2000,6239.933,5812.141,2000,6113.823,5736.124,2000,6390.833
5698.943,2000,6164.669,5894.241,2000,6275.366,5741.307,2000,6238.998,5811.155,2000,6114.273,5735.5,2000,6389.947
5699.374,2000,6163.675,5893.298,2000,6274.832,5740.771,2000,6238.056,5810.167,2000,6114.717,5734.906,2000,6389.042
5699.957,2000,6162.762,5892.358,2000,6274.293,5740.244,2000,6237.109,5809.176,2000,6115.155,5734.341,2000,6388.117
5700.54,2000,6161.849,5891.421,2000,6273.75,5739.728,2000,6236.157,5808.183,2000,6115.588,5733.808,2000,6387.174
5701.123,2000,6160.936,5890.487,2000,6273.202,5739.222,2000,6235.199,5807.188,2000,6116.016,5733.305,2000,6386.214
5701.706,2000,6160.022,5889.555,2000,6272.65,5738.728,2000,6234.235,5806.19,2000,6116.438,5732.834,2000,6385.238
5702.289,2000,6159.109,5888.626,2000,6272.093,5738.244,2000,6233.266,5805.19,2000,6116.855,5732.396,2000,6384.248
5702.872,2000,6158.196,5887.7,2000,6271.531,5737.771,2000,6232.291,5804.188,2000,6117.267,5731.99,2000,6383.243
5703.455,2000,6157.283,5886.776,2000,6270.965,5737.31,2000,6231.311,5803.184,2000,6117.672,5731.617,2000,6382.226
5704.038,2000,6156.37,5885.855,2000,6270.394,5736.859,2000,6230.326,5802.177,2000,6118.072,5731.277,2000,6381.197
5704.621,2000,6155.457,5884.938,2000,6269.818,5736.42,2000,6229.335,5801.167,2000,6118.466,5730.972,2000,6380.158
5705.204,2000,6154.544,5884.022,2000,6269.238,5735.992,2000,6228.34,5800.156,2000,6118.854,5730.7,2000,6379.109
5705.787,2000,6153.631,5883.11,2000,6268.653,5735.575,2000,6227.34,5799.142,2000,6119.235,5730.463,2000,6378.052
5706.37,2000,6152.718,5882.202,2000,6268.064,5735.169,2000,6226.336,5798.125,2000,6119.61,5730.261,2000,6376.987
5706.953,2000,6151.805,5881.296,2000,6267.47,5734.774,2000,6225.327,5797.106,2000,6119.978,5730.094,2000,6375.917
5707.536,2000,6150.892,5880.393,2000,6266.871,5734.391,2000,6224.314,5796.084,2000,6120.338,5729.961,2000,6374.842
5708.119,2000,6149.979,5879.494,2000,6266.267,5734.019,2000,6223.296,5795.061,2000,6120.692,5729.854,2000,6373.764
5708.702,2000,6149.065,5878.597,2000,6265.659,5733.658,2000,6222.275,5794.034,2000,6121.038,5729.749,2000,6372.686
5709.285,2000,6148.152,5877.704,2000,6265.046,5733.309,2000,6221.25,5793.004,2000,6121.375,5729.647,2000,6371.607
5709.868,2000,6147.239,5876.814,2000,6264.428,5732.97,2000,6220.22,5791.973,2000,6121.706,5729.549,2000,6370.528
5710.59,2000,6146.432,5875.927,2000,6263.806,5732.643,2000,6219.188,5790.938,2000,6122.027,5729.454,2000,6369.449
5711.312,2000,6145.624,5875.044,2000,6263.179,5732.329,2000,6218.151,5789.901,2000,6122.342,5729.363,2000,6368.369
5712.034,2000,6144.816,5874.164,2000,6262.547,5732.027,2000,6217.11,5788.863,2000,6122.65,5729.275,2000,6367.29
5712.756,2000,6144.009,5873.288,2000,6261.91,5731.738,2000,6216.066,5787.822,2000,6122.95,5729.192,2000,6366.209
5713.479,2000,6143.201,5872.415,2000,6261.269,5731.462,2000,6215.019,5786.779,2000,6123.243,5729.112,2000,6365.129
5714.201,2000,6142.394,5871.545,2000,6260.623,5731.199,2000,6213.968,5785.733,2000,6123.527,5729.036,2000,6364.048
5714.923,2000,6141.586,5870.679,2000,6259.972,5730.949,2000,6212.914,5784.686,2000,6123.804,5728.963,2000,6362.967
5715.645,2000,6140.778,5869.816,2000,6259.316,5730.711,2000,6211.857,5783.636,2000,6124.071,5728.895,2000,6361.886
5716.367,2000,6139.971,5868.958,2000,6258.656,5730.487,2000,6210.797,5782.584,2000,6124.33,5728.83,2000,6360.805
5717.089,2000,6139.163,5868.103,2000,6257.991,5730.275,2000,6209.735,5781.53,2000,6124.579,5728.769,2000,6359.723
5717.812,2000,6138.356,5867.251,2000,6257.321,5730.028,2000,6208.68,5780.468,2000,6124.793,5728.712,2000,6358.641
5718.534,2000,6137.549,5866.403,2000,6256.646,5729.748,2000,6207.634,5779.399,2000,6124.973,5728.658,2000,6357.559
5719.256,2000,6136.742,5865.56,2000,6255.967,5729.433,2000,6206.597,5778.326,2000,6125.117,5728.608,2000,6356.477
5719.978,2000,6135.935,5864.72,2000,6255.282,5729.084,2000,6205.571,5777.248,2000,6125.227,5728.563,2000,6355.395
5720.7,2000,6135.127,5863.884,2000,6254.593,5728.702,2000,6204.558,5776.167,2000,6125.301,5728.52,2000,6354.312
5721.422,2000,6134.32,5863.052,2000,6253.899,5728.287,2000,6203.557,5775.085,2000,6125.339,5728.481,2000,6353.229
5722.145,2000,6133.513,5862.224,2000,6253.201,5727.839,2000,6202.57,5774.001,2000,6125.342,5728.447,2000,6352.146
5722.867,2000,6132.706,5861.4,2000,6252.497,5727.36,2000,6201.599,5772.918,2000,6125.31,5728.416,2000,6351.063
5723.706,2000,6132.02,5860.581,2000,6251.789,5726.849,2000,6200.644,5771.837,2000,6125.242,5728.388,2000,6349.98
5724.544,2000,6131.334,5859.766,2000,6251.075,5726.307,2000,6199.706,5770.759,2000,6125.139,5728.365,2000,6348.897
5725.383,2000,6130.649,5858.955,2000,6250.357,5725.734,2000,6198.786,5769.684,2000,6125.001,5728.346,2000,6347.814
5726.222,2000,6129.963,5858.148,2000,6249.634,5725.132,2000,6197.886,5768.615,2000,6124.828,5728.331,2000,6346.731
5727.061,2000,6129.278,5857.346,2000,6248.906,5724.501,2000,6197.005,5767.552,2000,6124.619,5728.32,2000,6345.648
5727.9,2000,6128.592,5856.548,2000,6248.173,5723.841,2000,6196.146,5766.496,2000,6124.376,5728.314,2000,6344.564
5728.739,2000,6127.907,5855.754,2000,6247.435,5723.154,2000,6195.309,5765.449,2000,6124.099,5728.312,2000,6343.481
5729.578,2000,6127.221,5854.965,2000,6246.693,5722.439,2000,6194.495,5764.411,2000,6123.787,5728.314,2000,6342.397
5730.417,2000,6126.536,5854.181,2000,6245.946,5721.698,2000,6193.705,5763.384,2000,6123.442,5728.32,2000,6341.314
5731.255,2000,6125.85,5853.401,2000,6245.194,5720.932,2000,6192.939,5762.369,2000,6123.063,5728.331,2000,6340.23
5732.094,2000,6125.165,5852.626,2000,6244.437,5720.141,2000,6192.199,5761.367,2000,6122.651,5728.346,2000,6339.147
5732.933,2000,6124.48,5851.856,2000,6243.674,5719.326,2000,6191.485,5760.379,2000,6122.207,5728.365,2000,6338.064
5733.772,2000,6123.795,5851.091,2000,6242.907,5718.488,2000,6190.798,5759.406,2000,6121.73,5728.388,2000,6336.981
5734.611,2000,6123.109,5850.331,2000,6242.135,5717.628,2000,6190.139,5758.449,2000,6121.223,5728.415,2000,6335.898
5735.45,2000,6122.424,5849.576,2000,6241.358,5716.748,2000,6189.508,5757.509,2000,6120.684,5728.447,2000,6334.815
5736.289,2000,6121.739,5848.826,2000,6240.577,5715.847,2000,6188.906,5756.587,2000,6120.114,5728.482,2000,6333.733
5737.127,2000,6121.054,5848.081,2000,6239.79,5714.926,2000,6188.334,5755.685,2000,6119.515,5728.522,2000,6332.65
5737.966,2000,6120.369,5847.341,2000,6238.999,5713.988,2000,6187.793,5754.803,2000,6118.887,5728.566,2000,6331.568
5738.805,2000,6119.684,5846.606,2000,6238.202,5713.032,2000,6187.283,5753.941,2000,6118.229,5728.615,2000,6330.486
5739.742,2000,6119.139,5845.877,2000,6237.401,5712.061,2000,6186.804,5753.102,2000,6117.544,5728.667,2000,6329.404
5740.678,2000,6118.594,5845.154,2000,6236.595,5711.074,2000,6186.357,5752.286,2000,6116.833,5728.724,2000,6328.322
5741.615,2000,6118.049,5844.436,2000,6235.784,5710.073,2000,6185.943,5751.493,2000,6116.094,5728.786,2000,6327.24
5742.551,2000,6117.504,5843.723,2000,6234.968,5709.059,2000,6185.562,5750.725,2000,6115.331,5728.852,2000,6326.159
5743.488,2000,6116.959,5843.016,2000,6234.147,5708.033,2000,6185.214,5749.982,2000,6114.542,5728.923,2000,6325.078
5744.424,2000,6116.414,5842.315,2000,6233.321,5706.996,2000,6184.9,5749.265,2000,6113.729,5728.999,2000,6323.997
5745.361,2000,6115.869,5841.62,2000,6232.491,5705.95,2000,6184.621,5748.576,2000,6112.894,5729.079,2000,6322.917
5746.297,2000,6115.324,5840.93,2000,6231.655,5704.895,2000,6184.375,5747.914,2000,6112.037,5729.164,2000,6321.836
5747.233,2000,6114.779,5840.247,2000,6230.815,5703.832,2000,6184.164,5747.28,2000,6111.158,5729.253,2000,6320.757
5748.169,2000,6114.234,5839.569,2000,6229.97,5702.763,2000,6183.988,5746.675,2000,6110.259,5729.347,2000,6319.678
5749.105,2000,6113.689,5838.897,2000,6229.12,5701.689,2000,6183.847,5746.101,2000,6109.34,5729.446,2000,6318.599
5750.042,2000,6113.145,5838.232,2000,6228.265,5700.611,2000,6183.741,5745.556,2000,6108.404,5729.549,2000,6317.521
5750.978,2000,6112.6,5837.574,2000,6227.405,5699.53,2000,6183.671,5745.042,2000,6107.45,5729.657,2000,6316.442
5751.914,2000,6112.055,5836.921,2000,6226.54,5698.447,2000,6183.636,5744.561,2000,6106.479,5729.77,2000,6315.365
5752.851,2000,6111.51,5836.275,2000,6225.67,5697.363,2000,6183.636,5744.111,2000,6105.494,5729.887,2000,6314.288
5753.787,2000,6110.965,5835.636,2000,6224.796,5696.281,2000,6183.672,5743.693,2000,6104.495,5730.009,2000,6313.211
5754.723,2000,6110.42,5835.004,2000,6223.917,5695.2,2000,6183.744,5743.309,2000,6103.482,5730.136,2000,6312.135
5755.659,2000,6109.875,5834.378,2000,6223.032,5694.122,2000,6183.85,5742.958,2000,6102.457,5730.267,2000,6311.06
5756.595,2000,6109.33,5833.76,2000,6222.143,5693.047,2000,6183.992,5742.64,2000,6101.421,5730.402,2000,6309.985
5757.531,2000,6108.785,5833.148,2000,6221.249,5691.979,2000,6184.169,5742.357,2000,6100.376,5730.542,2000,6308.911
5758.542,2000,6108.396,5832.543,2000,6220.35,5690.916,2000,6184.381,5742.108,2000,6099.322,5730.688,2000,6307.837
5759.554,2000,6108.008,5831.946,2000,6219.446,5689.861,2000,6184.627,5741.894,2000,6098.26,5730.837,2000,6306.765
5760.565,2000,6107.619,5831.356,2000,6218.538,5688.799,2000,6184.839,5741.714,2000,6097.191,5730.992,2000,6305.692
5761.576,2000,6107.23,5830.773,2000,6217.625,5687.73,2000,6185.016,5741.569,2000,6096.118,5731.152,2000,6304.621
5762.587,2000,6106.842,5830.198,2000,6216.707,5686.656,2000,6185.158,5741.46,2000,6095.04,5731.317,2000,6303.55
5763.599,2000,6106.453,5829.63,2000,6215.784,5685.578,2000,6185.265,5741.386,2000,6093.959,5731.487,2000,6302.48
5764.61,2000,6106.064,5829.07,2000,6214.856,5684.497,2000,6185.336,5741.347,2000,6092.877,5731.663,2000,6301.412
5765.621,2000,6105.676,5828.518,2000,6213.924,5683.414,2000,6185.372,5741.344,2000,6091.793,5731.843,2000,6300.343
5766.632,2000,6105.287,5827.973,2000,6212.988,5682.331,2000,6185.373,5741.376,2000,6090.71,5732.028,2000,6299.276
5767.644,2000,6104.898,5827.437,2000,6212.046,5681.248,2000,6185.337,5741.444,2000,6089.629,5732.218,2000,6298.209
5768.655,2000,6104.51,5826.909,2000,6211.101,5680.167,2000,6185.267,5741.547,2000,6088.551,5732.414,2000,6297.144
5769.666,2000,6104.121,5826.39,2000,6210.15,5679.088,2000,6185.161,5741.686,2000,6087.476,5732.614,2000,6296.08
5770.677,2000,6103.732,5825.878,2000,6209.195,5678.014,2000,6185.02,5741.859,2000,6086.407,5732.819,2000,6295.016
5771.688,2000,6103.344,5825.376,2000,6208.235,5676.945,2000,6184.844,5742.067,2000,6085.344,5733.029,2000,6293.954
5772.7,2000,6102.955,5824.882,2000,6207.271,5675.883,2000,6184.633,5742.311,2000,6084.288,5733.245,2000,6292.892
5773.711,2000,6102.567,5824.397,2000,6206.302,5674.828,2000,6184.388,5742.588,2000,6083.241,5733.465,2000,6291.832
5774.722,2000,6102.178,5823.922,2000,6205.329,5673.781,2000,6184.108,5742.899,2000,6082.203,5733.69,2000,6290.772
5775.733,2000,6101.79,5823.456,2000,6204.351,5672.745,2000,6183.794,5743.245,2000,6081.176,5733.92,2000,6289.713
5776.745,2000,6101.402,5822.999,2000,6203.368,5671.719,2000,6183.446,5743.624,2000,6080.161,5734.156,2000,6288.656
5777.756,2000,6101.013,5822.551,2000,6202.381,5670.705,2000,6183.065,5744.035,2000,6079.159,5734.396,2000,6287.6
5778.815,2000,6100.786,5822.113,2000,6201.391,5669.704,2000,6182.651,5744.479,2000,6078.171,5734.641,2000,6286.544
5779.874,2000,6100.559,5821.685,2000,6200.396,5668.717,2000,6182.204,5744.956,2000,6077.198,5734.892,2000,6285.491
5780.933,2000,6100.332,5821.266,2000,6199.396,5667.745,2000,6181.726,5745.464,2000,6076.241,5735.147,2000,6284.438
5781.992,2000,6100.104,5820.857,2000,6198.393,5666.79,2000,6181.215,5746.003,2000,6075.301,5735.409,2000,6283.387
5783.051,2000,6099.877,5820.459,2000,6197.386,5665.851,2000,6180.674,5746.572,2000,6074.379,5735.676,2000,6282.337
5784.11,2000,6099.65,5820.071,2000,6196.375,5664.931,2000,6180.102,5747.171,2000,6073.477,5735.948,2000,6281.289
5785.169,2000,6099.423,5819.693,2000,6195.359,5664.03,2000,6179.5,5747.8,2000,6072.595,5736.226,2000,6280.241
5786.229,2000,6099.195,5819.327,2000,6194.339,5663.149,2000,6178.87,5748.457,2000,6071.733,5736.509,2000,6279.195
5787.288,2000,6098.968,5818.971,2000,6193.316,5662.289,2000,6178.21,5749.142,2000,6070.894,5736.798,2000,6278.151
5788.347,2000,6098.741,5818.626,2000,6192.29,5661.451,2000,6177.523,5749.854,2000,6070.078,5737.092,2000,6277.108
5789.406,2000,6098.514,5818.292,2000,6191.259,5660.636,2000,6176.81,5750.592,2000,6069.285,5737.391,2000,6276.067
5790.465,2000,6098.287,5817.97,2000,6190.225,5659.845,2000,6176.069,5751.356,2000,6068.517,5737.696,2000,6275.027
5791.524,2000,6098.059,5817.66,2000,6189.187,5659.079,2000,6175.304,5752.145,2000,6067.774,5738.006,2000,6273.989
5792.583,2000,6097.832,5817.361,2000,6188.145,5658.338,2000,6174.513,5752.957,2000,6067.057,5738.321,2000,6272.953
5793.642,2000,6097.604,5817.074,2000,6187.1,5657.624,2000,6173.699,5753.792,2000,6066.368,5738.642,2000,6271.918
5794.701,2000,6097.377,5816.8,2000,6186.052,5656.936,2000,6172.862,5754.65,2000,6065.706,5738.968,2000,6270.885
5795.76,2000,6097.15,5816.538,2000,6185.001,5656.276,2000,6172.003,5755.529,2000,6065.072,5739.3,2000,6269.854
5796.819,2000,6096.923,5816.289,2000,6183.947,5655.645,2000,6171.123,5756.428,2000,6064.467,5739.636,2000,6268.824
5797.878,2000,6096.695,5816.052,2000,6182.89,5655.043,2000,6170.222,5757.346,2000,6063.893,5739.978,2000,6267.796
5798.938,2000,6096.468,5815.829,2000,6181.83,5654.471,2000,6169.302,5758.283,2000,6063.348,5740.325,2000,6266.77
5799.997,2000,6096.241,5815.618,2000,6180.767,5653.929,2000,6168.364,5759.237,2000,6062.834,5740.678,2000,6265.745
5801.078,2000,6096.183,5815.421,2000,6179.702,5653.417,2000,6167.409,5760.207,2000,6062.353,5741.036,2000,6264.723
5802.16,2000,6096.124,5815.238,2000,6178.634,5652.938,2000,6166.438,5761.192,2000,6061.903,5741.399,2000,6263.702
5803.241,2000,6096.065,5815.068,2000,6177.564,5652.49,2000,6165.451,5762.192,2000,6061.485,5741.769,2000,6262.684
5804.323,2000,6096.007,5814.913,2000,6176.492,5652.075,2000,6164.451,5763.205,2000,6061.101,5742.144,2000,6261.667
5805.404,2000,6095.948,5814.771,2000,6175.417,5651.693,2000,6163.437,5764.229,2000,6060.75,5742.524,2000,6260.653
5806.486,2000,6095.89,5814.645,2000,6174.342,5651.345,2000,6162.411,5765.265,2000,6060.432,5742.911,2000,6259.641
5807.567,2000,6095.831,5814.533,2000,6173.264,5651.03,2000,6161.375,5766.311,2000,6060.149,5743.303,2000,6258.631
5808.649,2000,6095.772,5814.436,2000,6172.185,5650.749,2000,6160.328,5767.365,2000,6059.9,5743.701,2000,6257.623
5809.73,2000,6095.714,5814.354,2000,6171.105,5650.502,2000,6159.273,5768.427,2000,6059.686,5744.104,2000,6256.618
5810.812,2000,6095.655,5814.287,2000,6170.023,5650.291,2000,6158.211,5769.495,2000,6059.506,5744.513,2000,6255.615
5811.894,2000,6095.597,5814.236,2000,6168.941,5650.114,2000,6157.142,5770.569,2000,6059.361,5744.928,2000,6254.614
5812.975,2000,6095.538,5814.202,2000,6167.858,5649.972,2000,6156.068,5771.646,2000,6059.252,5745.349,2000,6253.615
5814.057,2000,6095.479,5814.183,2000,6166.775,5649.865,2000,6154.99,5772.727,2000,6059.178,5745.775,2000,6252.619
5815.138,2000,6095.421,5814.181,2000,6165.692,5649.794,2000,6153.909,5773.81,2000,6059.139,5746.207,2000,6251.625
5816.22,2000,6095.362,5814.196,2000,6164.609,5649.758,2000,6152.826,5774.893,2000,6059.136,5746.644,2000,6250.634
5817.301,2000,6095.304,5814.228,2000,6163.526,5649.757,2000,6151.743,5775.976,2000,6059.168,5747.087,2000,6249.646
5818.383,2000,6095.245,5814.276,2000,6162.444,5649.792,2000,6150.66,5777.057,2000,6059.236,5747.536,2000,6248.659
5819.464,2000,6095.187,5814.342,2000,6161.362,5649.863,2000,6149.579,5778.136,2000,6059.339,5747.99,2000,6247.676
5820.546,2000,6095.128,5814.426,2000,6160.282,5649.969,2000,6148.5,5779.21,2000,6059.478,5748.45,2000,6246.695
5821.627,2000,6095.069,5814.527,2000,6159.204,5650.11,2000,6147.426,5780.28,2000,6059.651,5748.915,2000,6245.716
5822.709,2000,6095.01,5814.646,2000,6158.127,5650.286,2000,6146.357,5781.343,2000,6059.859,5749.386,2000,6244.741
5823.787,2000,6095.117,5814.783,2000,6157.052,5650.497,2000,6145.295,5782.398,2000,6060.103,5749.862,2000,6243.768
5824.865,2000,6095.224,5814.939,2000,6155.98,5650.742,2000,6144.24,5783.446,2000,6060.38,5750.345,2000,6242.797
5825.943,2000,6095.331,5815.114,2000,6154.911,5651.022,2000,6143.193,5784.483,2000,6060.691,5750.833,2000,6241.831
5827.021,2000,6095.438,5815.323,2000,6153.848,5651.336,2000,6142.157,5785.531,2000,6060.969,5751.327,2000,6240.867
5828.1,2000,6095.545,5815.567,2000,6152.792,5651.684,2000,6141.131,5786.586,2000,6061.212,5751.827,2000,6239.906
5829.178,2000,6095.652,5815.846,2000,6151.745,5652.065,2000,6140.117,5787.649,2000,6061.42,5752.333,2000,6238.948
5830.256,2000,6095.759,5816.159,2000,6150.708,5652.479,2000,6139.116,5788.719,2000,6061.594,5752.845,2000,6237.993
5831.334,2000,6095.866,5816.505,2000,6149.682,5652.926,2000,6138.129,5789.793,2000,6061.732,5753.363,2000,6237.042
5832.412,2000,6095.973,5816.885,2000,6148.667,5653.404,2000,6137.157,5790.872,2000,6061.835,5753.887,2000,6236.093
5833.49,2000,6096.08,5817.298,2000,6147.666,5653.915,2000,6136.202,5791.953,2000,6061.903,5754.417,2000,6235.148
5834.568,2000,6096.187,5817.744,2000,6146.678,5654.456,2000,6135.263,5793.036,2000,6061.935,5754.953,2000,6234.207
5835.646,2000,6096.293,5818.221,2000,6145.706,5655.028,2000,6134.343,5794.12,2000,6061.932,5755.494,2000,6233.268
5836.725,2000,6096.4,5818.73,2000,6144.75,5655.629,2000,6133.442,5795.202,2000,6061.894,5756.042,2000,6232.333
5837.803,2000,6096.507,5819.271,2000,6143.811,5656.26,2000,6132.561,5796.283,2000,6061.819,5756.594,2000,6231.401
5838.881,2000,6096.614,5819.841,2000,6142.89,5656.919,2000,6131.701,5797.36,2000,6061.71,5757.153,2000,6230.473
5839.959,2000,6096.72,5820.441,2000,6141.988,5657.606,2000,6130.863,5798.434,2000,6061.565,5757.717,2000,6229.548
5841.037,2000,6096.827,5821.071,2000,6141.106,5658.32,2000,6130.048,5799.502,2000,6061.386,5758.288,2000,6228.627
5842.115,2000,6096.934,5821.729,2000,6140.246,5659.061,2000,6129.257,5800.564,2000,6061.171,5758.864,2000,6227.71
5843.193,2000,6097.041,5822.415,2000,6139.407,5659.826,2000,6128.491,5801.619,2000,6060.922,5759.445,2000,6226.796
5844.271,2000,6097.147,5823.128,2000,6138.591,5660.617,2000,6127.75,5802.664,2000,6060.639,5760.033,2000,6225.886
5845.35,2000,6097.254,5823.867,2000,6137.799,5661.431,2000,6127.036,5803.7,2000,6060.322,5760.626,2000,6224.979
5846.428,2000,6097.36,5824.632,2000,6137.032,5662.268,2000,6126.348,5804.725,2000,6059.971,5761.225,2000,6224.076
5847.477,2000,6097.632,5825.421,2000,6136.291,5663.127,2000,6125.688,5805.737,2000,6059.586,5761.829,2000,6223.177
5848.525,2000,6097.903,5826.235,2000,6135.575,5664.007,2000,6125.057,5806.737,2000,6059.168,5762.439,2000,6222.282
5849.574,2000,6098.175,5827.071,2000,6134.886,5664.908,2000,6124.455,5807.722,2000,6058.719,5763.056,2000,6221.392
5850.623,2000,6098.446,5827.93,2000,6134.225,5665.828,2000,6123.883,5808.692,2000,6058.237,5763.679,2000,6220.505
5851.672,2000,6098.718,5828.809,2000,6133.593,5666.766,2000,6123.341,5809.646,2000,6057.723,5764.307,2000,6219.623
5852.721,2000,6098.989,5829.709,2000,6132.989,5667.721,2000,6122.83,5810.583,2000,6057.179,5764.941,2000,6218.745
5853.77,2000,6099.261,5830.628,2000,6132.416,5668.692,2000,6122.35,5811.501,2000,6056.604,5765.582,2000,6217.871
5854.818,2000,6099.532,5831.565,2000,6131.872,5669.679,2000,6121.902,5812.4,2000,6056,5766.229,2000,6217.002
5855.867,2000,6099.804,5832.52,2000,6131.36,5670.679,2000,6121.487,5813.279,2000,6055.366,5766.881,2000,6216.137
5856.916,2000,6100.076,5833.491,2000,6130.879,5671.693,2000,6121.105,5814.137,2000,6054.704,5767.539,2000,6215.277
5857.965,2000,6100.348,5834.477,2000,6130.43,5672.719,2000,6120.757,5814.972,2000,6054.014,5768.203,2000,6214.421
5859.014,2000,6100.62,5835.477,2000,6130.014,5673.755,2000,6120.442,5815.785,2000,6053.297,5768.873,2000,6213.569
5860.063,2000,6100.891,5836.49,2000,6129.631,5674.802,2000,6120.161,5816.573,2000,6052.555,5769.549,2000,6212.723
5861.111,2000,6101.163,5837.515,2000,6129.281,5675.856,2000,6119.915,5817.337,2000,6051.787,5770.23,2000,6211.88
5862.16,2000,6101.435,5838.551,2000,6128.964,5676.919,2000,6119.703,5818.075,2000,6050.994,5770.918,2000,6211.043
5863.209,2000,6101.707,5839.597,2000,6128.682,5677.988,2000,6119.526,5818.787,2000,6050.177,5771.611,2000,6210.21
5864.258,2000,6101.978,5840.652,2000,6128.435,5679.062,2000,6119.384,5819.472,2000,6049.338,5772.31,2000,6209.383
5865.307,2000,6102.25,5841.714,2000,6128.222,5680.14,2000,6119.277,5820.129,2000,6048.477,5773.014,2000,6208.56
5866.355,2000,6102.522,5842.782,2000,6128.043,5681.219,2000,6119.178,5820.758,2000,6047.594,5773.724,2000,6207.742
5867.404,2000,6102.793,5843.856,2000,6127.9,5682.298,2000,6119.081,5821.357,2000,6046.692,5774.44,2000,6206.929
5868.453,2000,6103.065,5844.934,2000,6127.792,5683.377,2000,6118.986,5821.926,2000,6045.771,5775.162,2000,6206.121
5869.502,2000,6103.337,5846.015,2000,6127.72,5684.457,2000,6118.894,5822.465,2000,6044.831,5775.889,2000,6205.318
5870.551,2000,6103.609,5847.098,2000,6127.683,5685.536,2000,6118.803,5822.973,2000,6043.874,5776.621,2000,6204.52
5871.544,2000,6104.041,5848.181,2000,6127.681,5686.616,2000,6118.714,5823.45,2000,6042.9,5777.359,2000,6203.727
5872.538,2000,6104.473,5849.264,2000,6127.714,5687.696,2000,6118.628,5823.894,2000,6041.912,5778.104,2000,6202.939
5873.532,2000,6104.905,5850.345,2000,6127.783,5688.776,2000,6118.545,5824.306,2000,6040.91,5778.854,2000,6202.158
5874.525,2000,6105.337,5851.423,2000,6127.888,5689.856,2000,6118.466,5824.685,2000,6039.895,5779.609,2000,6201.381
5875.519,2000,6105.77,5852.498,2000,6128.027,5690.937,2000,6118.389,5825.03,2000,6038.868,5780.371,2000,6200.611
5876.513,2000,6106.202,5853.567,2000,6128.202,5692.018,2000,6118.315,5825.341,2000,6037.831,5781.138,2000,6199.846
5877.506,2000,6106.634,5854.63,2000,6128.412,5693.099,2000,6118.245,5825.619,2000,6036.783,5781.911,2000,6199.087
5878.5,2000,6107.066,5855.686,2000,6128.656,5694.18,2000,6118.177,5825.862,2000,6035.728,5782.69,2000,6198.334
5879.494,2000,6107.498,5856.732,2000,6128.935,5695.262,2000,6118.112,5826.07,2000,6034.665,5783.474,2000,6197.587
5880.487,2000,6107.93,5857.77,2000,6129.247,5696.343,2000,6118.049,5826.244,2000,6033.595,5784.264,2000,6196.846
5881.48,2000,6108.362,5858.816,2000,6129.526,5697.425,2000,6117.99,5826.452,2000,6032.532,5785.029,2000,6196.08
5882.474,2000,6108.794,5859.872,2000,6129.77,5698.507,2000,6117.933,5826.695,2000,6031.477,5785.769,2000,6195.288
5883.467,2000,6109.227,5860.935,2000,6129.979,5699.589,2000,6117.879,5826.973,2000,6030.429,5786.482,2000,6194.473
5884.461,2000,6109.659,5862.004,2000,6130.154,5700.671,2000,6117.829,5827.284,2000,6029.392,5787.169,2000,6193.635
5885.454,2000,6110.091,5863.079,2000,6130.294,5701.753,2000,6117.78,5827.629,2000,6028.365,5787.828,2000,6192.775
5886.448,2000,6110.523,5864.157,2000,6130.398,5702.835,2000,6117.735,5828.008,2000,6027.35,5788.458,2000,6191.894
5887.441,2000,6110.955,5865.238,2000,6130.467,5703.918,2000,6117.692,5828.42,2000,6026.348,5789.059,2000,6190.993
5888.434,2000,6111.387,5866.321,2000,6130.501,5705,2000,6117.653,5828.864,2000,6025.359,5789.63,2000,6190.072
5889.428,2000,6111.819,5867.404,2000,6130.499,5706.083,2000,6117.616,5829.341,2000,6024.386,5790.171,2000,6189.134
5890.421,2000,6112.251,5868.487,2000,6130.462,5707.166,2000,6117.582,5829.849,2000,6023.429,5790.681,2000,6188.178
5891.415,2000,6112.684,5869.568,2000,6130.389,5708.249,2000,6117.55,5830.388,2000,6022.489,5791.16,2000,6187.206
5892.408,2000,6113.116,5870.646,2000,6130.281,5709.332,2000,6117.521,5830.957,2000,6021.568,5791.606,2000,6186.218
5893.401,2000,6113.548,5871.72,2000,6130.138,5710.415,2000,6117.495,5831.556,2000,6020.666,5792.02,2000,6185.217
5894.395,2000,6113.98,5872.788,2000,6129.96,5711.498,2000,6117.472,5832.185,2000,6019.783,5792.4,2000,6184.203
5895.307,2000,6114.564,5873.85,2000,6129.747,5712.581,2000,6117.451,5832.842,2000,6018.922,5792.748,2000,6183.176
5896.22,2000,6115.148,5874.905,2000,6129.5,5713.664,2000,6117.434,5833.527,2000,6018.083,5793.061,2000,6182.139
5897.132,2000,6115.732,5875.951,2000,6129.217,5714.747,2000,6117.42,5834.239,2000,6017.266,5793.34,2000,6181.092
5898.045,2000,6116.316,5876.987,2000,6128.901,5715.831,2000,6117.411,5834.977,2000,6016.473,5793.585,2000,6180.037
5898.958,2000,6116.9,5878.012,2000,6128.551,5716.913,2000,6117.365,5835.741,2000,6015.705,5793.865,2000,6178.99
5899.87,2000,6117.484,5879.025,2000,6128.167,5717.993,2000,6117.284,5836.529,2000,6014.962,5794.178,2000,6177.953
5900.783,2000,6118.068,5880.025,2000,6127.751,5719.07,2000,6117.168,5837.342,2000,6014.246,5794.525,2000,6176.927
5901.695,2000,6118.652,5881.011,2000,6127.303,5720.143,2000,6117.017,5838.177,2000,6013.556,5794.906,2000,6175.913
5902.608,2000,6119.236,5881.982,2000,6126.822,5721.21,2000,6116.83,5839.035,2000,6012.894,5795.32,2000,6174.911
5903.521,2000,6119.819,5882.937,2000,6126.31,5722.271,2000,6116.609,5839.914,2000,6012.26,5795.766,2000,6173.924
5904.433,2000,6120.403,5883.887,2000,6125.79,5723.324,2000,6116.353,5840.813,2000,6011.656,5796.245,2000,6172.952
5905.346,2000,6120.987,5884.841,2000,6125.277,5724.368,2000,6116.063,5841.731,2000,6011.081,5796.754,2000,6171.996
5906.258,2000,6121.571,5885.798,2000,6124.769,5725.401,2000,6115.739,5842.667,2000,6010.537,5797.295,2000,6171.057
5907.171,2000,6122.154,5886.758,2000,6124.267,5726.424,2000,6115.381,5843.622,2000,6010.023,5797.867,2000,6170.137
5908.083,2000,6122.738,5887.734,2000,6123.797,5727.434,2000,6114.99,5844.592,2000,6009.541,5798.468,2000,6169.235
5908.996,2000,6123.322,5888.725,2000,6123.359,5728.431,2000,6114.566,5845.577,2000,6009.091,5799.098,2000,6168.354
5909.909,2000,6123.906,5889.729,2000,6122.953,5729.414,2000,6114.11,5846.577,2000,6008.674,5799.757,2000,6167.494
5910.821,2000,6124.489,5890.747,2000,6122.581,5730.381,2000,6113.622,5847.589,2000,6008.289,5800.443,2000,6166.656
5911.734,2000,6125.073,5891.775,2000,6122.242,5731.332,2000,6113.102,5848.614,2000,6007.938,5801.157,2000,6165.841
5912.646,2000,6125.657,5892.815,2000,6121.937,5732.265,2000,6112.552,5849.65,2000,6007.621,5801.896,2000,6165.05
5913.559,2000,6126.241,5893.864,2000,6121.666,5733.179,2000,6111.971,5850.695,2000,6007.337,5802.662,2000,6164.283
5914.472,2000,6126.824,5894.921,2000,6121.429,5734.074,2000,6111.361,5851.75,2000,6007.088,5803.452,2000,6163.542
5915.384,2000,6127.408,5895.985,2000,6121.228,5734.949,2000,6110.722,5852.812,2000,6006.874,5804.266,2000,6162.827
5916.297,2000,6127.992,5897.056,2000,6121.061,5735.802,2000,6110.054,5853.88,2000,6006.694,5805.103,2000,6162.139
5917.108,2000,6128.709,5898.131,2000,6120.929,5736.633,2000,6109.359,5854.954,2000,6006.55,5805.961,2000,6161.479
5917.92,2000,6129.426,5899.21,2000,6120.832,5737.441,2000,6108.638,5856.031,2000,6006.44,5806.841,2000,6160.847
5918.731,2000,6130.144,5900.292,2000,6120.771,5738.225,2000,6107.89,5857.112,2000,6006.366,5807.742,2000,6160.245
5919.543,2000,6130.861,5901.375,2000,6120.745,5738.983,2000,6107.117,5858.194,2000,6006.328,5808.661,2000,6159.672
5920.354,2000,6131.578,5902.458,2000,6120.755,5739.717,2000,6106.319,5859.278,2000,6006.325,5809.599,2000,6159.129
5921.166,2000,6132.295,5903.541,2000,6120.8,5740.423,2000,6105.498,5860.361,2000,6006.357,5810.554,2000,6158.618
5921.978,2000,6133.013,5904.621,2000,6120.88,5741.103,2000,6104.654,5861.442,2000,6006.425,5811.525,2000,6158.138
5922.789,2000,6133.73,5905.698,2000,6120.996,5741.754,2000,6103.789,5862.521,2000,6006.528,5812.511,2000,6157.69
5923.601,2000,6134.448,5906.771,2000,6121.147,5742.377,2000,6102.902,5863.595,2000,6006.666,5813.512,2000,6157.274
5924.412,2000,6135.165,5907.838,2000,6121.333,5742.971,2000,6101.996,5864.665,2000,6006.839,5814.525,2000,6156.892
5925.224,2000,6135.882,5908.911,2000,6121.484,5743.535,2000,6101.071,5865.728,2000,6007.048,5815.551,2000,6156.543
5926.035,2000,6136.6,5909.988,2000,6121.6,5744.068,2000,6100.127,5866.783,2000,6007.291,5816.587,2000,6156.228
5926.847,2000,6137.317,5911.069,2000,6121.68,5744.57,2000,6099.167,5867.831,2000,6007.568,5817.634,2000,6155.946
5927.658,2000,6138.035,5912.151,2000,6121.725,5745.04,2000,6098.191,5868.868,2000,6007.88,5818.688,2000,6155.699
5928.47,2000,6138.752,5913.235,2000,6121.735,5745.478,2000,6097.201,5869.895,2000,6008.225,5819.751,2000,6155.487
5929.281,2000,6139.47,5914.318,2000,6121.709,5745.883,2000,6096.196,5870.91,2000,6008.604,5820.82,2000,6155.31
5930.093,2000,6140.187,5915.399,2000,6121.648,5746.255,2000,6095.178,5871.912,2000,6009.016,5821.894,2000,6155.167
5930.904,2000,6140.904,5916.479,2000,6121.551,5746.594,2000,6094.149,5872.9,2000,6009.46,5822.972,2000,6155.06
5931.716,2000,6141.622,5917.554,2000,6121.419,5746.899,2000,6093.11,5873.874,2000,6009.937,5824.053,2000,6154.988
5932.527,2000,6142.339,5918.624,2000,6121.252,5747.169,2000,6092.061,5874.831,2000,6010.444,5825.135,2000,6154.952
5933.339,2000,6143.057,5919.688,2000,6121.051,5747.474,2000,6091.021,5875.771,2000,6010.983,5826.219,2000,6154.951
5934.15,2000,6143.774,5920.746,2000,6120.814,5747.813,2000,6089.993,5876.692,2000,6011.553,5827.302,2000,6154.985
5934.962,2000,6144.492,5921.794,2000,6120.543,5748.185,2000,6088.975,5877.594,2000,6012.152,5828.383,2000,6155.055
5935.773,2000,6145.209,5922.834,2000,6120.238,5748.59,2000,6087.97,5878.477,2000,6012.78,5829.461,2000,6155.161
5936.585,2000,6145.926,5923.863,2000,6119.899,5749.028,2000,6086.979,5879.338,2000,6013.438,5830.535,2000,6155.301
5937.275,2000,6146.761,5924.88,2000,6119.527,5749.499,2000,6086.003,5880.177,2000,6014.123,5831.604,2000,6155.477
5937.965,2000,6147.596,5925.891,2000,6119.137,5750,2000,6085.043,5880.994,2000,6014.834,5832.667,2000,6155.687
5938.655,2000,6148.431,5926.914,2000,6118.781,5750.534,2000,6084.1,5881.787,2000,6015.573,5833.735,2000,6155.862
5939.345,2000,6149.266,5927.948,2000,6118.458,5751.097,2000,6083.175,5882.555,2000,6016.336,5834.81,2000,6156.003
5940.035,2000,6150.101,5928.992,2000,6118.169,5751.691,2000,6082.269,5883.297,2000,6017.125,5835.888,2000,6156.108
5940.725,2000,6150.936,5930.045,2000,6117.915,5752.314,2000,6081.382,5884.014,2000,6017.938,5836.969,2000,6156.178
5941.415,2000,6151.771,5931.106,2000,6117.695,5752.965,2000,6080.517,5884.704,2000,6018.773,5838.052,2000,6156.213
5942.104,2000,6152.606,5932.173,2000,6117.51,5753.645,2000,6079.673,5885.366,2000,6019.63,5839.135,2000,6156.212
5942.794,2000,6153.441,5933.246,2000,6117.36,5754.352,2000,6078.852,5886,2000,6020.509,5840.218,2000,6156.175
5943.484,2000,6154.276,5934.323,2000,6117.246,5755.085,2000,6078.054,5886.604,2000,6021.408,5841.301,2000,6156.146
5944.174,2000,6155.111,5935.404,2000,6117.166,5755.844,2000,6077.281,5887.179,2000,6022.327,5842.384,2000,6156.126
5944.864,2000,6155.946,5936.486,2000,6117.122,5756.627,2000,6076.533,5887.723,2000,6023.263,5843.467,2000,6156.116
5945.554,2000,6156.781,5937.57,2000,6117.113,5757.435,2000,6075.812,5888.237,2000,6024.217,5844.551,2000,6156.114
5946.244,2000,6157.616,5938.653,2000,6117.14,5758.266,2000,6075.117,5888.719,2000,6025.188,5845.634,2000,6156.121
5946.934,2000,6158.451,5939.734,2000,6117.203,5759.12,2000,6074.449,5889.168,2000,6026.173,5846.717,2000,6156.137
5947.624,2000,6159.286,5940.813,2000,6117.3,5759.994,2000,6073.81,5889.602,2000,6027.166,5847.8,2000,6156.162
5948.314,2000,6160.121,5941.889,2000,6117.433,5760.889,2000,6073.2,5890.038,2000,6028.157,5848.883,2000,6156.196
5949.004,2000,6160.956,5942.959,2000,6117.601,5761.804,2000,6072.619,5890.475,2000,6029.148,5849.966,2000,6156.239
5949.694,2000,6161.791,5944.023,2000,6117.804,5762.737,2000,6072.069,5890.915,2000,6030.139,5851.048,2000,6156.291
5950.384,2000,6162.625,5945.08,2000,6118.042,5763.688,2000,6071.549,5891.356,2000,6031.128,5852.129,2000,6156.351
5951.074,2000,6163.46,5946.129,2000,6118.314,5764.655,2000,6071.061,5891.8,2000,6032.116,5853.21,2000,6156.419
5951.764,2000,6164.295,5947.168,2000,6118.62,5765.637,2000,6070.605,5892.246,2000,6033.104,5854.291,2000,6156.497
5952.454,2000,6165.13,5948.196,2000,6118.96,5766.634,2000,6070.181,5892.694,2000,6034.09,5855.371,2000,6156.583
5953.144,2000,6165.965,5949.213,2000,6119.334,5767.645,2000,6069.79,5893.144,2000,6035.076,5856.45,2000,6156.679
5953.834,2000,6166.8,5950.242,2000,6119.674,5768.667,2000,6069.432,5893.595,2000,6036.061,5857.526,2000,6156.809
5954.39,2000,6167.73,5951.281,2000,6119.98,5769.701,2000,6069.108,5894.048,2000,6037.044,5858.597,2000,6156.975
5954.945,2000,6168.661,5952.33,2000,6120.252,5770.745,2000,6068.818,5894.502,2000,6038.028,5859.661,2000,6157.175
5955.5,2000,6169.591,5953.387,2000,6120.49,5771.797,2000,6068.562,5894.958,2000,6039.011,5860.719,2000,6157.41
5956.055,2000,6170.521,5954.451,2000,6120.693,5772.858,2000,6068.341,5895.413,2000,6039.994,5861.768,2000,6157.679
5956.61,2000,6171.451,5955.508,2000,6120.931,5773.925,2000,6068.154,5895.836,2000,6040.991,5862.808,2000,6157.983
5957.166,2000,6172.381,5956.557,2000,6121.203,5774.998,2000,6068.003,5896.227,2000,6042.002,5863.837,2000,6158.32
5957.721,2000,6173.312,5957.601,2000,6121.492,5776.075,2000,6067.887,5896.584,2000,6043.025,5864.855,2000,6158.691
5958.276,2000,6174.242,5958.647,2000,6121.774,5777.155,2000,6067.806,5896.908,2000,6044.059,5865.86,2000,6159.096
5958.831,2000,6175.172,5959.683,2000,6122.091,5778.238,2000,6067.76,5897.198,2000,6045.103,5866.877,2000,6159.467
5959.386,2000,6176.102,5960.708,2000,6122.442,5779.321,2000,6067.75,5897.453,2000,6046.155,5867.907,2000,6159.804
5959.941,2000,6177.032,5961.721,2000,6122.826,5780.404,2000,6067.776,5897.674,2000,6047.216,5868.947,2000,6160.108
5960.497,2000,6177.962,5962.746,2000,6123.176,5781.486,2000,6067.837,5897.86,2000,6048.283,5869.976,2000,6160.445
5961.052,2000,6178.893,5963.782,2000,6123.493,5782.565,2000,6067.933,5898.011,2000,6049.356,5870.994,2000,6160.816
5961.607,2000,6179.823,5964.807,2000,6123.844,5783.64,2000,6068.064,5898.126,2000,6050.433,5872.023,2000,6161.154
5962.162,2000,6180.753,5965.82,2000,6124.228,5784.71,2000,6068.231,5898.207,2000,6051.514,5873.063,2000,6161.458
5962.717,2000,6181.683,5966.845,2000,6124.578,5785.775,2000,6068.433,5898.251,2000,6052.596,5874.092,2000,6161.795
5963.272,2000,6182.613,5967.881,2000,6124.895,5786.832,2000,6068.669,5898.261,2000,6053.68,5875.11,2000,6162.166
5963.828,2000,6183.543,5968.927,2000,6125.178,5787.881,2000,6068.939,5898.235,2000,6054.763,5876.115,2000,6162.57
5964.383,2000,6184.474,5969.963,2000,6125.495,5788.92,2000,6069.244,5898.173,2000,6055.844,5877.132,2000,6162.941
5964.938,2000,6185.404,5970.988,2000,6125.845,5789.949,2000,6069.583,5898.147,2000,6056.927,5878.162,2000,6163.279
5965.493,2000,6186.334,5972.001,2000,6126.229,5790.967,2000,6069.955,5898.157,2000,6058.011,5879.202,2000,6163.583
5966.048,2000,6187.264,5973.001,2000,6126.646,5791.972,2000,6070.36,5898.202,2000,6059.093,5880.249,2000,6163.859
5966.604,2000,6188.194,5974.015,2000,6127.03,5792.962,2000,6070.798,5898.282,2000,6060.174,5881.287,2000,6164.169
5967.159,2000,6189.125,5975.04,2000,6127.38,5793.938,2000,6071.269,5898.397,2000,6061.251,5882.314,2000,6164.514
5967.714,2000,6190.055,5976.076,2000,6127.697,5794.898,2000,6071.771,5898.548,2000,6062.324,5883.33,2000,6164.891
5968.269,2000,6190.985,5977.122,2000,6127.98,5795.842,2000,6072.304,5898.734,2000,6063.391,5884.333,2000,6165.302
5968.674,2000,6191.989,5978.158,2000,6128.297,5796.767,2000,6072.867,5898.955,2000,6064.452,5885.348,2000,6165.679
5969.08,2000,6192.994,5979.183,2000,6128.647,5797.673,2000,6073.461,5899.21,2000,6065.504,5886.375,2000,6166.023
5969.486,2000,6193.998,5980.196,2000,6129.031,5798.562,2000,6074.081,5899.5,2000,6066.548,5887.405,2000,6166.359
5969.892,2000,6195.002,5981.196,2000,6129.448,5799.449,2000,6074.703,5899.824,2000,6067.582,5888.432,2000,6166.705
5970.297,2000,6196.007,5982.209,2000,6129.832,5800.334,2000,6075.327,5900.181,2000,6068.605,5889.447,2000,6167.084
5970.703,2000,6197.011,5983.234,2000,6130.183,5801.217,2000,6075.955,5900.572,2000,6069.616,5890.449,2000,6167.496
5971.109,2000,6198.016,5984.247,2000,6130.566,5802.08,2000,6076.61,5900.995,2000,6070.613,5891.437,2000,6167.941
5971.515,2000,6199.02,5985.247,2000,6130.983,5802.92,2000,6077.294,5901.451,2000,6071.596,5892.409,2000,6168.417
5971.92,2000,6200.024,5986.233,2000,6131.433,5803.737,2000,6078.005,5901.938,2000,6072.563,5893.366,2000,6168.926
5972.326,2000,6201.029,5987.204,2000,6131.914,5804.531,2000,6078.742,5902.458,2000,6073.514,5894.305,2000,6169.465
5972.732,2000,6202.033,5988.158,2000,6132.427,5805.301,2000,6079.505,5903.007,2000,6074.447,5895.227,2000,6170.035
5973.138,2000,6203.038,5989.095,2000,6132.971,5806.045,2000,6080.292,5903.587,2000,6075.362,5896.129,2000,6170.635
5973.543,2000,6204.042,5990.013,2000,6133.545,5806.763,2000,6081.104,5904.197,2000,6076.258,5897.011,2000,6171.264
5973.949,2000,6205.046,5990.913,2000,6134.149,5807.454,2000,6081.938,5904.836,2000,6077.133,5897.872,2000,6171.921
5974.355,2000,6206.051,5991.792,2000,6134.783,5808.117,2000,6082.795,5905.503,2000,6077.986,5898.711,2000,6172.606
5974.761,2000,6207.055,5992.649,2000,6135.444,5808.751,2000,6083.673,5906.197,2000,6078.818,5899.528,2000,6173.318
5975.167,2000,6208.06,5993.485,2000,6136.134,5809.357,2000,6084.571,5906.918,2000,6079.626,5900.32,2000,6174.057
5975.572,2000,6209.064,5994.298,2000,6136.85,5809.934,2000,6085.488,5907.666,2000,6080.41,5901.088,2000,6174.821
5975.978,2000,6210.068,5995.087,2000,6137.593,5810.479,2000,6086.424,5908.438,2000,6081.169,5901.831,2000,6175.61
5976.384,2000,6211.073,5995.852,2000,6138.361,5810.994,2000,6087.377,5909.236,2000,6081.903,5902.547,2000,6176.423
5976.79,2000,6212.077,5996.59,2000,6139.153,5811.478,2000,6088.347,5910.057,2000,6082.61,5903.237,2000,6177.259
5977.195,2000,6213.082,5997.303,2000,6139.97,5811.929,2000,6089.332,5910.9,2000,6083.29,5903.898,2000,6178.117
5977.601,2000,6214.086,5997.988,2000,6140.809,5812.348,2000,6090.331,5911.765,2000,6083.941,5904.532,2000,6178.996
5978.007,2000,6215.09,5998.645,2000,6141.669,5812.733,2000,6091.343,5912.651,2000,6084.564,5905.136,2000,6179.895
5978.413,2000,6216.095,5999.274,2000,6142.552,5813.152,2000,6092.342,5913.557,2000,6085.158,5905.71,2000,6180.813
5978.818,2000,6217.099,5999.874,2000,6143.454,5813.604,2000,6093.327,5914.482,2000,6085.722,5906.254,2000,6181.75
5979.224,2000,6218.104,6000.443,2000,6144.375,5814.087,2000,6094.297,5915.425,2000,6086.255,5906.767,2000,6182.705
5979.468,2000,6219.159,6000.983,2000,6145.315,5814.602,2000,6095.25,5916.385,2000,6086.758,5907.249,2000,6183.675
5979.713,2000,6220.214,6001.491,2000,6146.271,5815.147,2000,6096.186,5917.36,2000,6087.229,5907.698,2000,6184.661
5979.958,2000,6221.269,6001.968,2000,6147.244,5815.724,2000,6097.104,5918.351,2000,6087.667,5908.115,2000,6185.661
5980.202,2000,6222.324,6002.413,2000,6148.232,5816.33,2000,6098.001,5919.355,2000,6088.073,5908.5,2000,6186.674
5980.447,2000,6223.379,6002.825,2000,6149.234,5816.964,2000,6098.879,5920.373,2000,6088.445,5908.85,2000,6187.699
5980.691,2000,6224.435,6003.205,2000,6150.249,5817.627,2000,6099.736,5921.401,2000,6088.785,5909.167,2000,6188.735
5980.936,2000,6225.49,6003.55,2000,6151.275,5818.318,2000,6100.57,5922.418,2000,6089.157,5909.518,2000,6189.76
5981.181,2000,6226.545,6003.862,2000,6152.313,5819.036,2000,6101.382,5923.423,2000,6089.563,5909.902,2000,6190.773
5981.425,2000,6227.6,6004.14,2000,6153.36,5819.78,2000,6102.169,5924.414,2000,6090.001,5910.319,2000,6191.773
5981.67,2000,6228.655,6004.384,2000,6154.416,5820.55,2000,6102.932,5925.389,2000,6090.472,5910.769,2000,6192.759
5981.915,2000,6229.71,6004.593,2000,6155.479,5821.344,2000,6103.669,5926.349,2000,6090.975,5911.25,2000,6193.729
5982.16,2000,6230.766,6004.767,2000,6156.548,5822.161,2000,6104.38,5927.292,2000,6091.508,5911.763,2000,6194.683
5982.405,2000,6231.821,6004.905,2000,6157.622,5823.001,2000,6105.064,5928.217,2000,6092.072,5912.307,2000,6195.62
5982.649,2000,6232.876,6005.009,2000,6158.7,5823.85,2000,6105.738,5929.123,2000,6092.666,5912.881,2000,6196.539
5982.895,2000,6233.931,6005.147,2000,6159.774,5824.695,2000,6106.416,5930.009,2000,6093.289,5913.425,2000,6197.476
5983.139,2000,6234.986,6005.321,2000,6160.844,5825.539,2000,6107.095,5930.874,2000,6093.94,5913.938,2000,6198.43
5983.384,2000,6236.042,6005.53,2000,6161.907,5826.38,2000,6107.778,5931.717,2000,6094.62,5914.42,2000,6199.4
5983.629,2000,6237.097,6005.774,2000,6162.962,5827.219,2000,6108.463,5932.583,2000,6095.272,5914.87,2000,6200.386
5983.874,2000,6238.152,6006.052,2000,6164.009,5828.056,2000,6109.151,5933.469,2000,6095.895,5915.287,2000,6201.386
5984.119,2000,6239.207,6006.364,2000,6165.047,5828.89,2000,6109.842,5934.375,2000,6096.489,5915.671,2000,6202.399
5984.363,2000,6240.262,6006.709,2000,6166.074,5829.722,2000,6110.536,5935.299,2000,6097.053,5916.021,2000,6203.424
5984.608,2000,6241.317,6007.089,2000,6167.088,5830.552,2000,6111.232,5936.242,2000,6097.586,5916.338,2000,6204.46
5984.853,2000,6242.373,6007.501,2000,6168.09,5831.38,2000,6111.931,5937.202,2000,6098.088,5916.621,2000,6205.506
5985.098,2000,6243.428,6007.946,2000,6169.078,5832.206,2000,6112.632,5938.178,2000,6098.559,5916.87,2000,6206.56
5985.343,2000,6244.483,6008.423,2000,6170.051,5833.029,2000,6113.336,5939.168,2000,6098.998,5917.083,2000,6207.622
5985.587,2000,6245.538,6008.931,2000,6171.007,5833.85,2000,6114.043,5940.173,2000,6099.403,5917.263,2000,6208.69
5985.833,2000,6246.593,6009.471,2000,6171.947,5834.668,2000,6114.753,5941.19,2000,6099.776,5917.407,2000,6209.764
5985.914,2000,6247.673,6010.041,2000,6172.868,5835.485,2000,6115.465,5942.219,2000,6100.115,5917.516,2000,6210.842
5985.996,2000,6248.753,6010.64,2000,6173.771,5836.298,2000,6116.18,5943.258,2000,6100.42,5917.66,2000,6211.916
5986.077,2000,6249.833,6011.269,2000,6174.653,5837.109,2000,6116.898,5944.307,2000,6100.691,5917.839,2000,6212.984
5986.159,2000,6250.914,6011.926,2000,6175.514,5837.917,2000,6117.62,5945.364,2000,6100.928,5918.053,2000,6214.046
5986.24,2000,6251.994,6012.611,2000,6176.353,5838.723,2000,6118.344,5946.429,2000,6101.13,5918.301,2000,6215.1
5986.322,2000,6253.074,6013.269,2000,6177.213,5839.526,2000,6119.071,5947.486,2000,6101.367,5918.584,2000,6216.146
5986.403,2000,6254.154,6013.897,2000,6178.096,5840.326,2000,6119.802,5948.535,2000,6101.638,5918.901,2000,6217.182
5986.485,2000,6255.234,6014.497,2000,6178.998,5841.124,2000,6120.535,5949.574,2000,6101.943,5919.251,2000,6218.207
5986.566,2000,6256.314,6015.067,2000,6179.919,5841.918,2000,6121.271,5950.603,2000,6102.283,5919.636,2000,6219.22
5986.648,2000,6257.394,6015.606,2000,6180.859,5842.71,2000,6122.011,5951.62,2000,6102.655,5920.053,2000,6220.22
5986.729,2000,6258.474,6016.115,2000,6181.815,5843.499,2000,6122.753,5952.625,2000,6103.061,5920.502,2000,6221.206
5986.811,2000,6259.554,6016.592,2000,6182.788,5844.286,2000,6123.498,5953.615,2000,6103.5,5920.984,2000,6222.176
5986.893,2000,6260.634,6017.037,2000,6183.776,5845.069,2000,6124.246,5954.591,2000,6103.97,5921.497,2000,6223.13
5986.974,2000,6261.714,6017.449,2000,6184.778,5845.85,2000,6124.997,5955.551,2000,6104.473,5922.041,2000,6224.067
5987.056,2000,6262.794,6017.828,2000,6185.792,5846.628,2000,6125.751,5956.494,2000,6105.006,5922.615,2000,6224.986
5987.137,2000,6263.875,6018.174,2000,6186.819,5847.404,2000,6126.508,5957.418,2000,6105.57,5923.219,2000,6225.885
5987.219,2000,6264.955,6018.486,2000,6187.857,5848.176,2000,6127.267,5958.324,2000,6106.164,5923.853,2000,6226.764
5987.301,2000,6266.035,6018.764,2000,6188.904,5848.946,2000,6128.029,5959.21,2000,6106.787,5924.514,2000,6227.622
5987.383,2000,6267.115,6019.007,2000,6189.959,5849.713,2000,6128.794,5960.076,2000,6107.438,5925.204,2000,6228.458
5987.464,2000,6268.195,6019.216,2000,6191.022,5850.478,2000,6129.563,5960.919,2000,6108.118,5925.92,2000,6229.271
5987.546,2000,6269.275,6019.39,2000,6192.092,5851.239,2000,6130.333,5961.74,2000,6108.825,5926.663,2000,6230.06
5987.628,2000,6270.355,6019.529,2000,6193.166,5851.998,2000,6131.106,5962.537,2000,6109.559,5927.431,2000,6230.824
5987.71,2000,6271.435,6019.703,2000,6194.235,5852.753,2000,6131.882,5963.31,2000,6110.318,5928.173,2000,6231.613
5987.792,2000,6272.515,6019.912,2000,6195.298,5853.506,2000,6132.661,5964.057,2000,6111.102,5928.89,2000,6232.425
5987.874,2000,6273.595,6020.155,2000,6196.354,5854.257,2000,6133.442,5964.778,2000,6111.91,5929.579,2000,6233.261
5987.955,2000,6274.675,6020.433,2000,6197.401,5855.004,2000,6134.227,5965.473,2000,6112.742,5930.241,2000,6234.119
5988.037,2000,6275.755,6020.745,2000,6198.438,5855.749,2000,6135.013,5966.14,2000,6113.595,5930.874,2000,6234.998
5988.119,2000,6276.835,6021.091,2000,6199.465,5856.491,2000,6135.803,5966.778,2000,6114.47,5931.478,2000,6235.897
5988.034,2000,6277.916,6021.47,2000,6200.48,5857.23,2000,6136.595,5967.388,2000,6115.366,5932.052,2000,6236.816
5987.949,2000,6278.996,6021.882,2000,6201.482,5857.966,2000,6137.39,5967.968,2000,6116.281,5932.596,2000,6237.753
5987.864,2000,6280.076,6022.327,2000,6202.47,5858.699,2000,6138.188,5968.518,2000,6117.214,5933.109,2000,6238.707
5987.779,2000,6281.156,6022.804,2000,6203.442,5859.428,2000,6138.989,5969.037,2000,6118.165,5933.591,2000,6239.677
5987.694,2000,6282.236,6023.313,2000,6204.399,5860.154,2000,6139.793,5969.525,2000,6119.132,5934.041,2000,6240.663
5987.609,2000,6283.316,6023.852,2000,6205.338,5860.877,2000,6140.6,5969.98,2000,6120.115,5934.458,2000,6241.663
5987.524,2000,6284.396,6024.422,2000,6206.26,5861.596,2000,6141.41,5970.404,2000,6121.112,5934.842,2000,6242.676
5987.439,2000,6285.476,6025.021,2000,6207.162,5862.312,2000,6142.223,5970.794,2000,6122.123,5935.192,2000,6243.701
5987.354,2000,6286.556,6025.65,2000,6208.044,5863.025,2000,6143.039,5971.152,2000,6123.146,5935.509,2000,6244.737
5987.269,2000,6287.636,6026.308,2000,6208.905,5863.734,2000,6143.858,5971.476,2000,6124.18,5935.792,2000,6245.783
5987.184,2000,6288.716,6026.993,2000,6209.744,5864.44,2000,6144.68,5971.765,2000,6125.224,5936.041,2000,6246.837
5987.099,2000,6289.796,6027.705,2000,6210.561,5865.143,2000,6145.504,5972.021,2000,6126.276,5936.254,2000,6247.899
5987.014,2000,6290.876,6028.444,2000,6211.353,5865.842,2000,6146.332,5972.241,2000,6127.337,5936.434,2000,6248.968
5986.929,2000,6291.957,6029.208,2000,6212.121,5866.538,2000,6147.162,5972.427,2000,6128.404,5936.578,2000,6250.042
5986.844,2000,6293.037,6029.947,2000,6212.914,5867.23,2000,6147.995,5972.578,2000,6129.477,5936.757,2000,6251.11
5986.759,2000,6294.117,6030.659,2000,6213.73,5867.92,2000,6148.831,5972.694,2000,6130.554,5936.971,2000,6252.172
5986.674,2000,6295.197,6031.344,2000,6214.569,5868.606,2000,6149.669,5972.787,2000,6131.634,5937.219,2000,6253.226
5986.589,2000,6296.277,6032.001,2000,6215.43,5869.289,2000,6150.51,5972.878,2000,6132.713,5937.502,2000,6254.272
5986.504,2000,6297.357,6032.63,2000,6216.312,5869.968,2000,6151.354,5972.969,2000,6133.793,5937.819,2000,6255.308
5986.419,2000,6298.437,6033.23,2000,6217.214,5870.644,2000,6152.201,5973.058,2000,6134.873,5938.169,2000,6256.333
5986.334,2000,6299.517,6033.8,2000,6218.136,5871.316,2000,6153.051,5973.146,2000,6135.952,5938.554,2000,6257.346
5986.25,2000,6300.597,6034.339,2000,6219.075,5871.985,2000,6153.903,5973.233,2000,6137.032,5938.971,2000,6258.346
5986.165,2000,6301.677,6034.848,2000,6220.032,5872.65,2000,6154.757,5973.319,2000,6138.112,5939.42,2000,6259.332
5986.08,2000,6302.757,6035.325,2000,6221.004,5873.313,2000,6155.615,5973.404,2000,6139.192,5939.902,2000,6260.302
5985.995,2000,6303.837,6035.77,2000,6221.992,5873.972,2000,6156.475,5973.488,2000,6140.272,5940.415,2000,6261.256
5985.91,2000,6304.917,6036.182,2000,6222.994,5874.627,2000,6157.337,5973.571,2000,6141.352,5940.959,2000,6262.193
5985.825,2000,6305.998,6036.561,2000,6224.009,5875.28,2000,6158.202,5973.652,2000,6142.432,5941.533,2000,6263.112
5985.74,2000,6307.078,6036.907,2000,6225.036,5875.903,2000,6159.088,5973.769,2000,6143.509,5942.137,2000,6264.011
5985.494,2000,6308.133,6037.219,2000,6226.073,5876.498,2000,6159.994,5973.921,2000,6144.582,5942.771,2000,6264.89
5985.248,2000,6309.188,6037.497,2000,6227.12,5877.062,2000,6160.918,5974.108,2000,6145.649,5943.432,2000,6265.748
5985.001,2000,6310.243,6037.74,2000,6228.176,5877.596,2000,6161.861,5974.33,2000,6146.709,5944.122,2000,6266.584
5984.755,2000,6311.298,6037.949,2000,6229.239,5878.098,2000,6162.821,5974.586,2000,6147.762,5944.838,2000,6267.396
5984.509,2000,6312.354,6038.123,2000,6230.308,5878.569,2000,6163.796,5974.876,2000,6148.806,5945.567,2000,6268.198
5984.263,2000,6313.409,6038.262,2000,6231.382,5879.008,2000,6164.787,5975.201,2000,6149.839,5946.284,2000,6269.011
5984.017,2000,6314.464,6038.436,2000,6232.452,5879.414,2000,6165.792,5975.56,2000,6150.862,5946.973,2000,6269.846
5983.77,2000,6315.519,6038.645,2000,6233.515,5879.787,2000,6166.809,5975.951,2000,6151.872,5947.635,2000,6270.704
5983.524,2000,6316.574,6038.888,2000,6234.57,5880.126,2000,6167.837,5976.375,2000,6152.869,5948.269,2000,6271.583
5983.277,2000,6317.629,6039.166,2000,6235.617,5880.432,2000,6168.876,5976.833,2000,6153.851,5948.873,2000,6272.481
5983.031,2000,6318.685,6039.478,2000,6236.655,5880.704,2000,6169.925,5977.321,2000,6154.818,5949.448,2000,6273.4
5982.785,2000,6319.74,6039.824,2000,6237.682,5880.941,2000,6170.982,5977.841,2000,6155.768,5949.992,2000,6274.336
5982.538,2000,6320.795,6040.203,2000,6238.696,5881.143,2000,6172.047,5978.392,2000,6156.701,5950.505,2000,6275.291
5982.292,2000,6321.85,6040.615,2000,6239.698,5881.311,2000,6173.117,5978.973,2000,6157.615,5950.987,2000,6276.261
5982.045,2000,6322.905,6041.06,2000,6240.686,5881.443,2000,6174.192,5979.584,2000,6158.509,5951.437,2000,6277.246
5981.799,2000,6323.96,6041.537,2000,6241.659,5881.54,2000,6175.271,5980.224,2000,6159.384,5951.854,2000,6278.246
5981.553,2000,6325.016,6042.045,2000,6242.615,5881.602,2000,6176.353,5980.892,2000,6160.237,5952.239,2000,6279.258
5981.306,2000,6326.071,6042.585,2000,6243.555,5881.699,2000,6177.432,5981.531,2000,6161.111,5952.59,2000,6280.283
5981.06,2000,6327.126,6043.155,2000,6244.476,5881.831,2000,6178.507,5982.142,2000,6162.006,5952.907,2000,6281.319
5980.813,2000,6328.181,6043.754,2000,6245.378,5881.999,2000,6179.578,5982.723,2000,6162.92,5953.19,2000,6282.364
5980.567,2000,6329.236,6044.383,2000,6246.261,5882.201,2000,6180.642,5983.274,2000,6163.853,5953.439,2000,6283.418
5980.321,2000,6330.292,6045.041,2000,6247.122,5882.438,2000,6181.699,5983.794,2000,6164.803,5953.654,2000,6284.48
5980.074,2000,6331.347,6045.726,2000,6247.96,5882.709,2000,6182.748,5984.283,2000,6165.77,5953.833,2000,6285.549
5979.828,2000,6332.402,6046.438,2000,6248.777,5883.015,2000,6183.787,5984.74,2000,6166.752,5953.978,2000,6286.623
5979.582,2000,6333.457,6047.177,2000,6249.569,5883.354,2000,6184.816,5985.164,2000,6167.749,5954.087,2000,6287.7
5979.335,2000,6334.512,6047.889,2000,6250.386,5883.728,2000,6185.833,5985.556,2000,6168.759,5954.232,2000,6288.774
5979.089,2000,6335.567,6048.574,2000,6251.225,5884.134,2000,6186.837,5985.914,2000,6169.781,5954.412,2000,6289.842
5978.842,2000,6336.623,6049.231,2000,6252.085,5884.573,2000,6187.828,5986.239,2000,6170.815,5954.626,2000,6290.904
5978.596,2000,6337.678,6049.86,2000,6252.968,5885.043,2000,6188.804,5986.529,2000,6171.858,5954.875,2000,6291.958
5978.35,2000,6338.733,6050.46,2000,6253.87,5885.546,2000,6189.763,5986.786,2000,6172.911,5955.158,2000,6293.004
5977.941,2000,6339.736,6051.03,2000,6254.792,5886.08,2000,6190.706,5987.007,2000,6173.972,5955.476,2000,6294.04
5977.533,2000,6340.74,6051.569,2000,6255.731,5886.644,2000,6191.631,5987.194,2000,6175.039,5955.827,2000,6295.064
5977.125,2000,6341.743,6052.078,2000,6256.688,5887.208,2000,6192.556,5987.346,2000,6176.111,5956.211,2000,6296.077
5976.717,2000,6342.747,6052.555,2000,6257.66,5887.767,2000,6193.483,5987.463,2000,6177.188,5956.628,2000,6297.077
5976.309,2000,6343.75,6053,2000,6258.648,5888.322,2000,6194.414,5987.544,2000,6178.269,5957.064,2000,6298.068
5975.9,2000,6344.753,6053.412,2000,6259.65,5888.872,2000,6195.348,5987.591,2000,6179.351,5957.485,2000,6299.067
5975.492,2000,6345.757,6053.791,2000,6260.665,5889.417,2000,6196.284,5987.602,2000,6180.435,5957.89,2000,6300.072
5975.084,2000,6346.76,6054.137,2000,6261.691,5889.931,2000,6197.237,5987.648,2000,6181.517,5958.279,2000,6301.083
5974.676,2000,6347.764,6054.449,2000,6262.729,5890.414,2000,6198.207,5987.729,2000,6182.597,5958.653,2000,6302.099
5974.268,2000,6348.767,6054.727,2000,6263.776,5890.865,2000,6199.192,5987.846,2000,6183.674,5959.012,2000,6303.122
5973.859,2000,6349.771,6054.97,2000,6264.832,5891.283,2000,6200.191,5987.998,2000,6184.747,5959.355,2000,6304.149
5973.451,2000,6350.774,6055.179,2000,6265.895,5891.668,2000,6201.204,5988.185,2000,6185.814,5959.684,2000,6305.181
5973.043,2000,6351.777,6055.353,2000,6266.964,5892.021,2000,6202.228,5988.407,2000,6186.875,5959.997,2000,6306.218
5972.635,2000,6352.781,6055.492,2000,6268.038,5892.339,2000,6203.264,5988.663,2000,6187.927,5960.295,2000,6307.26
5972.227,2000,6353.784,6055.595,2000,6269.116,5892.623,2000,6204.309,5988.954,2000,6188.971,5960.578,2000,6308.305
5971.818,2000,6354.788,6055.664,2000,6270.197,5892.873,2000,6205.363,5989.278,2000,6190.004,5960.847,2000,6309.354
5971.41,2000,6355.791,6055.696,2000,6271.28,5893.088,2000,6206.425,5989.637,2000,6191.027,5961.101,2000,6310.408
5971.002,2000,6356.794,6055.694,2000,6272.364,5893.269,2000,6207.493,5990.028,2000,6192.037,5961.341,2000,6311.464
5970.594,2000,6357.798,6055.656,2000,6273.446,5893.415,2000,6208.567,5990.453,2000,6193.034,5961.566,2000,6312.524
5970.186,2000,6358.801,6055.583,2000,6274.527,5893.525,2000,6209.645,5990.91,2000,6194.016,5961.778,2000,6313.586
5969.777,2000,6359.805,6055.474,2000,6275.605,5893.6,2000,6210.725,5991.398,2000,6194.983,5961.977,2000,6314.651
5969.369,2000,6360.808,6055.33,2000,6276.679,5893.64,2000,6211.808,5991.918,2000,6195.933,5962.161,2000,6315.719
5968.961,2000,6361.812,6055.15,2000,6277.747,5893.644,2000,6212.891,5992.469,2000,6196.866,5962.332,2000,6316.789
5968.553,2000,6362.815,6054.937,2000,6278.809,5893.684,2000,6213.974,5992.989,2000,6197.816,5962.49,2000,6317.86
5968.145,2000,6363.818,6054.688,2000,6279.863,5893.759,2000,6215.054,5993.478,2000,6198.783,5962.635,2000,6318.934
5967.736,2000,6364.822,6054.405,2000,6280.909,5893.869,2000,6216.132,5993.935,2000,6199.765,5962.767,2000,6320.009
5967.328,2000,6365.825,6054.157,2000,6281.963,5894.015,2000,6217.206,5994.359,2000,6200.762,5962.863,2000,6321.088
5966.919,2000,6366.829,6053.943,2000,6283.025,5894.195,2000,6218.274,5994.751,2000,6201.772,5962.925,2000,6322.17
5966.511,2000,6367.832,6053.764,2000,6284.094,5894.411,2000,6219.335,5995.109,2000,6202.794,5962.951,2000,6323.253
5966.102,2000,6368.835,6053.62,2000,6285.167,5894.661,2000,6220.39,5995.434,2000,6203.828,5962.941,2000,6324.336
5965.544,2000,6369.764,6053.511,2000,6286.245,5894.945,2000,6221.435,5995.725,2000,6204.872,5962.896,2000,6325.419
5964.987,2000,6370.693,6053.438,2000,6287.326,5895.263,2000,6222.471,5995.981,2000,6205.924,5962.816,2000,6326.5
5964.429,2000,6371.622,6053.399,2000,6288.409,5895.615,2000,6223.495,5996.203,2000,6206.985,5962.701,2000,6327.577
5963.872,2000,6372.55,6053.397,2000,6289.492,5896,2000,6224.507,5996.39,2000,6208.052,5962.55,2000,6328.649
5963.314,2000,6373.479,6053.43,2000,6290.575,5896.419,2000,6225.507,5996.542,2000,6209.125,5962.364,2000,6329.717
5962.756,2000,6374.408,6053.498,2000,6291.656,5896.865,2000,6226.494,5996.658,2000,6210.202,5962.143,2000,6330.777
5962.199,2000,6375.336,6053.602,2000,6292.734,5897.306,2000,6227.484,5996.74,2000,6211.282,5961.888,2000,6331.83
5961.641,2000,6376.265,6053.74,2000,6293.809,5897.742,2000,6228.476,5996.786,2000,6212.364,5961.598,2000,6332.874
5961.083,2000,6377.194,6053.914,2000,6294.878,5898.171,2000,6229.47,5996.797,2000,6213.448,5961.343,2000,6333.927
5960.526,2000,6378.123,6054.123,2000,6295.941,5898.568,2000,6230.478,5996.843,2000,6214.53,5961.122,2000,6334.987
5959.968,2000,6379.051,6054.367,2000,6296.997,5898.932,2000,6231.499,5996.925,2000,6215.61,5960.936,2000,6336.055
5959.411,2000,6379.98,6054.645,2000,6298.043,5899.263,2000,6232.53,5997.042,2000,6216.688,5960.785,2000,6337.127
5958.853,2000,6380.909,6054.957,2000,6299.081,5899.559,2000,6233.572,5997.193,2000,6217.76,5960.669,2000,6338.205
5958.295,2000,6381.837,6055.302,2000,6300.108,5899.821,2000,6234.624,5997.38,2000,6218.827,5960.589,2000,6339.285
5957.738,2000,6382.767,6055.682,2000,6301.123,5900.049,2000,6235.683,5997.602,2000,6219.888,5960.531,2000,6340.367
5957.181,2000,6383.695,6056.094,2000,6302.125,5900.242,2000,6236.749,5997.858,2000,6220.94,5960.46,2000,6341.448
5956.624,2000,6384.625,6056.539,2000,6303.112,5900.399,2000,6237.82,5998.149,2000,6221.984,5960.376,2000,6342.528
5956.066,2000,6385.553,6057.016,2000,6304.085,5900.522,2000,6238.896,5998.474,2000,6223.018,5960.28,2000,6343.607
5955.509,2000,6386.482,6057.524,2000,6305.042,5900.609,2000,6239.976,5998.832,2000,6224.04,5960.171,2000,6344.685
5954.951,2000,6387.411,6058.001,2000,6306.014,5900.662,2000,6241.058,5999.224,2000,6225.05,5960.051,2000,6345.762
5954.394,2000,6388.34,6058.446,2000,6307.002,5900.678,2000,6242.141,5999.648,2000,6226.047,5959.919,2000,6346.837
5953.836,2000,6389.269,6058.858,2000,6308.004,5900.73,2000,6243.223,6000.04,2000,6227.057,5959.776,2000,6347.911
5953.279,2000,6390.198,6059.237,2000,6309.019,5900.818,2000,6244.303,6000.398,2000,6228.08,5959.623,2000,6348.983
5952.722,2000,6391.127,6059.583,2000,6310.045,5900.94,2000,6245.379,6000.723,2000,6229.113,5959.458,2000,6350.054
5952.165,2000,6392.056,6059.895,2000,6311.083,5901.098,2000,6246.451,6001.013,2000,6230.157,5959.283,2000,6351.123
5951.607,2000,6392.985,6060.173,2000,6312.13,5901.291,2000,6247.517,6001.27,2000,6231.209,5959.097,2000,6352.19
5951.05,2000,6393.914,6060.417,2000,6313.186,5901.519,2000,6248.576,6001.491,2000,6232.27,5958.901,2000,6353.255
5950.492,2000,6394.843,6060.625,2000,6314.249,5901.781,2000,6249.627,6001.678,2000,6233.337,5958.696,2000,6354.319
5949.935,2000,6395.772,6060.799,2000,6315.318,5902.077,2000,6250.669,6001.83,2000,6234.41,5958.481,2000,6355.381
5949.377,2000,6396.701,6060.938,2000,6316.392,5902.408,2000,6251.701,6001.947,2000,6235.487,5958.257,2000,6356.441
5948.687,2000,6397.535,6061.042,2000,6317.47,5902.742,2000,6252.731,6002.028,2000,6236.567,5958.023,2000,6357.499
5947.996,2000,6398.37,6061.11,2000,6318.551,5903.069,2000,6253.764,6002.075,2000,6237.649,5957.777,2000,6358.554
5947.305,2000,6399.204,6061.143,2000,6319.634,5903.391,2000,6254.799,6002.085,2000,6238.733,5957.519,2000,6359.606
5946.614,2000,6400.039,6061.14,2000,6320.718,5903.678,2000,6255.843,6002.132,2000,6239.815,5957.249,2000,6360.655
5945.923,2000,6400.873,6061.102,2000,6321.8,5903.931,2000,6256.896,6002.213,2000,6240.896,5956.966,2000,6361.701
5945.232,2000,6401.708,6061.029,2000,6322.881,5904.149,2000,6257.958,6002.33,2000,6241.973,5956.672,2000,6362.744
5944.541,2000,6402.542,6060.991,2000,6323.964,5904.333,2000,6259.025,6002.482,2000,6243.045,5956.367,2000,6363.783
5943.85,2000,6403.376,6060.988,2000,6325.047,5904.481,2000,6260.099,6002.669,2000,6244.112,5956.051,2000,6364.819
5943.159,2000,6404.211,6061.021,2000,6326.13,5904.595,2000,6261.176,6002.891,2000,6245.173,5955.724,2000,6365.852
5942.469,2000,6405.045,6061.089,2000,6327.211,5904.673,2000,6262.256,6003.147,2000,6246.226,5955.387,2000,6366.881
5941.778,2000,6405.88,6061.193,2000,6328.29,5904.715,2000,6263.339,6003.438,2000,6247.269,5955.04,2000,6367.908
5941.087,2000,6406.714,6061.332,2000,6329.364,5904.793,2000,6264.419,6003.694,2000,6248.322,5954.682,2000,6368.931
5940.397,2000,6407.549,6061.505,2000,6330.433,5904.907,2000,6265.497,6003.916,2000,6249.382,5954.315,2000,6369.95
5939.707,2000,6408.383,6061.714,2000,6331.496,5905.055,2000,6266.57,6004.103,2000,6250.449,5953.939,2000,6370.966
5939.016,2000,6409.218,6061.958,2000,6332.552,5905.239,2000,6267.638,6004.254,2000,6251.522,5953.554,2000,6371.979
5938.325,2000,6410.052,6062.236,2000,6333.599,5905.457,2000,6268.699,6004.371,2000,6252.599,5953.16,2000,6372.988
5937.635,2000,6410.887,6062.548,2000,6334.636,5905.702,2000,6269.754,6004.453,2000,6253.679,5952.758,2000,6373.994
5936.944,2000,6411.721,6062.894,2000,6335.663,5905.941,2000,6270.811,6004.499,2000,6254.762,5952.347,2000,6374.997
5936.254,2000,6412.556,6063.273,2000,6336.678,5906.146,2000,6271.875,6004.581,2000,6255.842,5951.928,2000,6375.996
5935.563,2000,6413.39,6063.685,2000,6337.68,5906.315,2000,6272.944,6004.697,2000,6256.919,5951.501,2000,6376.991
5934.873,2000,6414.225,6064.064,2000,6338.694,5906.45,2000,6274.02,6004.849,2000,6257.992,5951.066,2000,6377.983
5934.182,2000,6415.059,6064.41,2000,6339.721,5906.549,2000,6275.098,6005.036,2000,6259.059,5950.625,2000,6378.973
5933.491,2000,6415.894,6064.722,2000,6340.759,5906.613,2000,6276.18,6005.258,2000,6260.119,5950.175,2000,6379.958
5932.801,2000,6416.728,6065,2000,6341.806,5906.641,2000,6277.263,6005.514,2000,6261.172,5949.719,2000,6380.941
5932.11,2000,6417.563,6065.244,2000,6342.861,5906.705,2000,6278.344,6005.736,2000,6262.232,5949.256,2000,6381.92
5931.42,2000,6418.397,6065.453,2000,6343.924,5906.804,2000,6279.423,6005.923,2000,6263.299,5948.787,2000,6382.896
5930.729,2000,6419.231,6065.626,2000,6344.994,5906.938,2000,6280.498,6006.075,2000,6264.372,5948.311,2000,6383.87
5930.039,2000,6420.066,6065.765,2000,6346.068,5907.108,2000,6281.568,6006.191,2000,6265.449,5947.828,2000,6384.84
5929.348,2000,6420.9,6065.869,2000,6347.146,5907.285,2000,6282.637,6006.273,2000,6266.529,5947.34,2000,6385.807
5928.658,2000,6421.735,6065.937,2000,6348.227,5907.456,2000,6283.707,6006.319,2000,6267.612,5946.846,2000,6386.771
5927.967,2000,6422.569,6065.97,2000,6349.31,5907.62,2000,6284.777,6006.33,2000,6268.695,5946.346,2000,6387.731
5927.158,2000,6423.29,6065.967,2000,6350.394,5907.778,2000,6285.849,6006.305,2000,6269.778,5945.84,2000,6388.689
5926.349,2000,6424.01,6065.929,2000,6351.476,5907.901,2000,6286.925,6006.316,2000,6270.862,5945.326,2000,6389.643
5925.54,2000,6424.73,6065.856,2000,6352.557,5907.989,2000,6288.005,6006.362,2000,6271.944,5944.802,2000,6390.591
5924.73,2000,6425.45,6065.747,2000,6353.635,5908.042,2000,6289.087,6006.444,2000,6273.024,5944.27,2000,6391.534
5923.921,2000,6426.17,6065.603,2000,6354.708,5908.059,2000,6290.17,6006.561,2000,6274.102,5943.729,2000,6392.473
5923.112,2000,6426.891,6065.494,2000,6355.786,5908.04,2000,6291.253,6006.712,2000,6275.174,5943.18,2000,6393.407
5922.303,2000,6427.611,6065.421,2000,6356.867,5907.986,2000,6292.335,6006.899,2000,6276.241,5942.623,2000,6394.336
5921.494,2000,6428.331,6065.383,2000,6357.95,5907.968,2000,6293.418,6007.051,2000,6277.314,5942.059,2000,6395.261
5920.685,2000,6429.051,6065.38,2000,6359.033,5907.985,2000,6294.501,6007.168,2000,6278.391,5941.486,2000,6396.181
5919.876,2000,6429.771,6065.413,2000,6360.116,5908.037,2000,6295.583,6007.25,2000,6279.471,5940.907,2000,6397.096
5919.067,2000,6430.492,6065.481,2000,6361.197,5908.125,2000,6296.663,6007.296,2000,6280.554,5940.321,2000,6398.007
5918.258,2000,6431.212,6065.585,2000,6362.275,5908.213,2000,6297.742,6007.307,2000,6281.637,5939.728,2000,6398.914
5917.448,2000,6431.932,6065.724,2000,6363.35,5908.295,2000,6298.822,6007.282,2000,6282.72,5939.128,2000,6399.816
5916.639,2000,6432.652,6065.897,2000,6364.419,5908.369,2000,6299.903,6007.222,2000,6283.802,5938.522,2000,6400.714
5915.83,2000,6433.373,6066.106,2000,6365.482,5908.437,2000,6300.984,6007.126,2000,6284.881,5937.91,2000,6401.608
5915.02,2000,6434.093,6066.35,2000,6366.538,5908.468,2000,6302.067,6007.066,2000,6285.962,5937.292,2000,6402.498
5914.211,2000,6434.813,6066.559,2000,6367.601,5908.465,2000,6303.15,6007.041,2000,6287.045,5936.667,2000,6403.383
5913.401,2000,6435.533,6066.733,2000,6368.67,5908.426,2000,6304.233,6007.052,2000,6288.129,5936.038,2000,6404.264
5912.592,2000,6436.253,6066.872,2000,6369.744,5908.352,2000,6305.313,6007.098,2000,6289.211,5935.402,2000,6405.142
5911.783,2000,6436.974,6066.975,2000,6370.822,5908.313,2000,6306.396,6007.109,2000,6290.295,5934.762,2000,6406.015
5910.973,2000,6437.694,6067.043,2000,6371.903,5908.309,2000,6307.479,6007.084,2000,6291.378,5934.116,2000,6406.885
5910.164,2000,6438.414,6067.076,2000,6372.986,5908.331,2000,6308.563,6007.024,2000,6292.459,5933.465,2000,6407.751
5909.354,2000,6439.134,6067.074,2000,6374.07,5908.318,2000,6309.646,6006.999,2000,6293.542,5932.81,2000,6408.614
5908.545,2000,6439.854,6067.036,2000,6375.152,5908.269,2000,6310.728,6007.01,2000,6294.626,5932.15,2000,6409.473
5907.735,2000,6440.575,6066.962,2000,6376.233,5908.256,2000,6311.811,6006.985,2000,6295.709,5931.485,2000,6410.328
5906.926,2000,6441.295,6066.854,2000,6377.311,5908.251,2000,6312.894,6006.925,2000,6296.791,5930.816,2000,6411.18
5906.117,2000,6442.015,6066.709,2000,6378.385,5908.211,2000,6313.977,6006.9,2000,6297.874,5930.143,2000,6412.029
5905.307,2000,6442.735,6066.53,2000,6379.453,5908.136,2000,6315.057,6006.911,2000,6298.957,5929.466,2000,6412.874
5904.498,2000,6443.456,6066.316,2000,6380.515,5908.096,2000,6316.14,6006.886,2000,6300.04,5928.785,2000,6413.716
5903.688,2000,6444.176,6066.068,2000,6381.569,5908.021,2000,6317.22,6006.826,2000,6301.122,5928.131,2000,6414.581
5902.879,2000,6444.896,6065.854,2000,6382.631,5907.911,2000,6318.298,6006.73,2000,6302.201,5927.506,2000,6415.465
5902.07,2000,6445.616,6065.675,2000,6383.7,5907.765,2000,6319.371,6006.599,2000,6303.276,5926.911,2000,6416.37
5901.16,2000,6446.204,6065.531,2000,6384.773,5907.584,2000,6320.439,6006.433,2000,6304.347,5926.345,2000,6417.294
5900.25,2000,6446.792,6065.422,2000,6385.851,5907.369,2000,6321.501,6006.232,2000,6305.411,5925.81,2000,6418.236
5899.339,2000,6447.38,6065.349,2000,6386.932,5907.118,2000,6322.555,6005.997,2000,6306.469,5925.306,2000,6419.195
5898.429,2000,6447.968,6065.311,2000,6388.015,5906.833,2000,6323.601,6005.727,2000,6307.518,5924.834,2000,6420.17
5897.519,2000,6448.556,6065.237,2000,6389.096,5906.515,2000,6324.636,6005.423,2000,6308.558,5924.394,2000,6421.16
5896.609,2000,6449.144,6065.128,2000,6390.173,5906.162,2000,6325.661,6005.085,2000,6309.587,5923.986,2000,6422.164
5895.699,2000,6449.731,6064.984,2000,6391.247,5905.776,2000,6326.673,6004.713,2000,6310.604,5923.611,2000,6423.18
5894.789,2000,6450.319,6064.805,2000,6392.315,5905.358,2000,6327.672,6004.309,2000,6311.609,5923.271,2000,6424.208
5893.878,2000,6450.907,6064.591,2000,6393.377,5904.907,2000,6328.657,6003.871,2000,6312.601,5922.963,2000,6425.248
5892.968,2000,6451.495,6064.343,2000,6394.432,5904.424,2000,6329.626,6003.401,2000,6313.577,5922.69,2000,6426.296
5892.058,2000,6452.083,6064.06,2000,6395.478,5903.909,2000,6330.58,6002.9,2000,6314.537,5922.452,2000,6427.353
5891.148,2000,6452.671,6063.743,2000,6396.514,5903.364,2000,6331.516,6002.368,2000,6315.48,5922.248,2000,6428.417
5890.238,2000,6453.259,6063.393,2000,6397.539,5902.788,2000,6332.433,6001.805,2000,6316.406,5922.079,2000,6429.487
5889.328,2000,6453.847,6063.009,2000,6398.552,5902.183,2000,6333.332,6001.212,2000,6317.313,5921.945,2000,6430.562
5888.417,2000,6454.435,6062.592,2000,6399.552,5901.548,2000,6334.209,6000.59,2000,6318.2,5921.846,2000,6431.641
5887.507,2000,6455.022,6062.143,2000,6400.538,5900.885,2000,6335.066,5999.939,2000,6319.065,5921.783,2000,6432.722
5886.597,2000,6455.61,6061.661,2000,6401.508,5900.194,2000,6335.901,5999.261,2000,6319.91,5921.755,2000,6433.805
5885.687,2000,6456.198,6061.148,2000,6402.462,5899.531,2000,6336.758,5998.569,2000,6320.743,5921.691,2000,6434.887
5884.777,2000,6456.786,6060.604,2000,6403.399,5898.896,2000,6337.636,5997.875,2000,6321.575,5921.593,2000,6435.965
5883.867,2000,6457.373,6060.03,2000,6404.318,5898.291,2000,6338.534,5997.181,2000,6322.406,5921.459,2000,6437.041
5882.957,2000,6457.961,6059.426,2000,6405.217,5897.715,2000,6339.452,5996.484,2000,6323.236,5921.29,2000,6438.111
5882.046,2000,6458.549,6058.792,2000,6406.096,5897.17,2000,6340.388,5995.786,2000,6324.064,5921.086,2000,6439.175
5881.136,2000,6459.136,6058.131,2000,6406.954,5896.594,2000,6341.305,5995.115,2000,6324.915,5920.847,2000,6440.231
5880.226,2000,6459.724,6057.441,2000,6407.79,5895.989,2000,6342.204,5994.473,2000,6325.787,5920.574,2000,6441.28
5879.316,2000,6460.312,6056.725,2000,6408.603,5895.354,2000,6343.082,5993.859,2000,6326.68,5920.267,2000,6442.319
5878.406,2000,6460.899,6055.982,2000,6409.392,5894.691,2000,6343.938,5993.275,2000,6327.593,5919.926,2000,6443.347
5877.496,2000,6461.487,6055.214,2000,6410.156,5894,2000,6344.773,5992.721,2000,6328.524,5919.552,2000,6444.364
5876.585,2000,6462.075,6054.422,2000,6410.895,5893.337,2000,6345.63,5992.137,2000,6329.437,5919.144,2000,6445.368
5875.675,2000,6462.663,6053.605,2000,6411.607,5892.703,2000,6346.508,5991.523,2000,6330.33,5918.704,2000,6446.357
5874.765,2000,6463.25,6052.767,2000,6412.292,5892.097,2000,6347.406,5990.881,2000,6331.202,5918.231,2000,6447.333
5873.855,2000,6463.838,6051.906,2000,6412.95,5891.521,2000,6348.324,5990.21,2000,6332.052,5917.728,2000,6448.292
5872.945,2000,6464.425,6051.023,2000,6413.579,5890.976,2000,6349.26,5989.512,2000,6332.881,5917.192,2000,6449.233
5871.957,2000,6464.87,6050.121,2000,6414.178,5890.4,2000,6350.177,5988.842,2000,6333.731,5916.627,2000,6450.157
5870.968,2000,6465.314,6049.2,2000,6414.748,5889.795,2000,6351.076,5988.199,2000,6334.604,5916.031,2000,6451.062
5869.98,2000,6465.758,6048.26,2000,6415.288,5889.16,2000,6351.954,5987.585,2000,6335.497,5915.406,2000,6451.947
5868.992,2000,6466.203,6047.304,2000,6415.796,5888.497,2000,6352.811,5987.001,2000,6336.409,5914.753,2000,6452.811
5868.003,2000,6466.646,6046.364,2000,6416.335,5887.807,2000,6353.645,5986.388,2000,6337.302,5914.072,2000,6453.653
5867.015,2000,6467.091,6045.443,2000,6416.905,5887.089,2000,6354.457,5985.745,2000,6338.174,5913.363,2000,6454.473
5866.027,2000,6467.535,6044.541,2000,6417.505,5886.345,2000,6355.244,5985.075,2000,6339.025,5912.628,2000,6455.269
5865.039,2000,6467.979,6043.658,2000,6418.134,5885.627,2000,6356.056,5984.376,2000,6339.854,5911.868,2000,6456.04
5864.05,2000,6468.423,6042.797,2000,6418.791,5884.937,2000,6356.89,5983.652,2000,6340.659,5911.082,2000,6456.786
5863.062,2000,6468.868,6041.958,2000,6419.476,5884.274,2000,6357.747,5982.901,2000,6341.439,5910.272,2000,6457.506
5862.074,2000,6469.312,6041.142,2000,6420.188,5883.583,2000,6358.582,5982.125,2000,6342.195,5909.44,2000,6458.199
5861.085,2000,6469.756,6040.35,2000,6420.927,5882.866,2000,6359.393,5981.325,2000,6342.925,5908.585,2000,6458.864
5860.097,2000,6470.2,6039.582,2000,6421.691,5882.122,2000,6360.181,5980.501,2000,6343.629,5907.709,2000,6459.501
5859.109,2000,6470.644,6038.839,2000,6422.48,5881.353,2000,6360.943,5979.655,2000,6344.305,5906.813,2000,6460.109
5858.121,2000,6471.088,6038.123,2000,6423.293,5880.56,2000,6361.681,5978.787,2000,6344.954,5905.896,2000,6460.688
5857.132,2000,6471.532,6037.433,2000,6424.129,5879.742,2000,6362.392,5977.898,2000,6345.573,5904.962,2000,6461.236
5856.144,2000,6471.977,6036.771,2000,6424.987,5878.902,2000,6363.076,5976.989,2000,6346.163,5904.01,2000,6461.754
5855.156,2000,6472.421,6036.138,2000,6425.866,5878.04,2000,6363.732,5976.062,2000,6346.723,5903.042,2000,6462.24
5854.167,2000,6472.865,6035.534,2000,6426.766,5877.156,2000,6364.359,5975.117,2000,6347.252,5902.059,2000,6462.694
5853.179,2000,6473.309,6034.96,2000,6427.684,5876.253,2000,6364.958,5974.155,2000,6347.75,5901.061,2000,6463.115
5852.191,2000,6473.753,6034.356,2000,6428.583,5875.331,2000,6365.526,5973.209,2000,6348.28,5900.049,2000,6463.504
5851.203,2000,6474.197,6033.723,2000,6429.462,5874.39,2000,6366.064,5972.282,2000,6348.84,5899.026,2000,6463.859
5850.214,2000,6474.642,6033.061,2000,6430.32,5873.433,2000,6366.571,5971.374,2000,6349.43,5897.991,2000,6464.181
5849.226,2000,6475.086,6032.372,2000,6431.156,5872.459,2000,6367.046,5970.485,2000,6350.049,5896.947,2000,6464.469
5848.238,2000,6475.53,6031.655,2000,6431.969,5871.47,2000,6367.489,5969.617,2000,6350.698,5895.894,2000,6464.722
5847.25,2000,6475.974,6030.913,2000,6432.758,5870.468,2000,6367.899,5968.771,2000,6351.374,5894.837,2000,6464.962
5846.261,2000,6476.418,6030.145,2000,6433.522,5869.452,2000,6368.277,5967.947,2000,6352.078,5893.781,2000,6465.206
5845.273,2000,6476.862,6029.352,2000,6434.261,5868.425,2000,6368.621,5967.146,2000,6352.808,5892.734,2000,6465.485
5844.285,2000,6477.307,6028.536,2000,6434.974,5867.387,2000,6368.931,5966.371,2000,6353.563,5891.697,2000,6465.798
5843.296,2000,6477.75,6027.697,2000,6435.659,5866.339,2000,6369.208,5965.61,2000,6354.334,5890.671,2000,6466.145
5842.308,2000,6478.195,6026.836,2000,6436.316,5865.283,2000,6369.449,5964.847,2000,6355.104,5889.656,2000,6466.524
5841.32,2000,6478.639,6025.954,2000,6436.945,5864.236,2000,6369.726,5964.083,2000,6355.872,5888.63,2000,6466.871
5840.332,2000,6479.083,6025.051,2000,6437.544,5863.198,2000,6370.036,5963.317,2000,6356.638,5887.593,2000,6467.184
5839.343,2000,6479.527,6024.13,2000,6438.114,5862.17,2000,6370.38,5962.549,2000,6357.402,5886.546,2000,6467.463
5838.298,2000,6479.812,6023.19,2000,6438.654,5861.155,2000,6370.757,5961.78,2000,6358.165,5885.496,2000,6467.731
5837.252,2000,6480.097,6022.234,2000,6439.162,5860.127,2000,6371.102,5961.008,2000,6358.925,5884.456,2000,6468.033
5836.207,2000,6480.381,6021.261,2000,6439.639,5859.089,2000,6371.412,5960.234,2000,6359.683,5883.426,2000,6468.37
5835.162,2000,6480.666,6020.273,2000,6440.084,5858.042,2000,6371.688,5959.458,2000,6360.438,5882.408,2000,6468.739
5834.116,2000,6480.951,6019.271,2000,6440.496,5857.004,2000,6371.998,5958.679,2000,6361.191,5881.378,2000,6469.076
5833.071,2000,6481.235,6018.284,2000,6440.941,5855.977,2000,6372.342,5957.876,2000,6361.919,5880.338,2000,6469.378
5832.025,2000,6481.52,6017.311,2000,6441.418,5854.961,2000,6372.72,5957.05,2000,6362.62,5879.289,2000,6469.646
5830.98,2000,6481.805,6016.354,2000,6441.926,5853.934,2000,6373.064,5956.201,2000,6363.293,5878.249,2000,6469.948
5829.935,2000,6482.089,6015.415,2000,6442.466,5852.896,2000,6373.374,5955.331,2000,6363.938,5877.219,2000,6470.285
5828.889,2000,6482.374,6014.494,2000,6443.036,5851.848,2000,6373.65,5954.44,2000,6364.554,5876.201,2000,6470.654
5827.844,2000,6482.659,6013.591,2000,6443.635,5850.81,2000,6373.96,5953.529,2000,6365.141,5875.171,2000,6470.991
5826.798,2000,6482.943,6012.709,2000,6444.264,5849.783,2000,6374.305,5952.6,2000,6365.698,5874.131,2000,6471.293
5825.753,2000,6483.228,6011.848,2000,6444.921,5848.745,2000,6374.615,5951.653,2000,6366.224,5873.101,2000,6471.629
5824.708,2000,6483.513,6011.009,2000,6445.606,5847.717,2000,6374.959,5950.689,2000,6366.718,5872.061,2000,6471.932
5823.662,2000,6483.797,6010.193,2000,6446.319,5846.679,2000,6375.269,5949.709,2000,6367.181,5871.031,2000,6472.268
5822.617,2000,6484.082,6009.4,2000,6447.058,5845.652,2000,6375.613,5948.715,2000,6367.612,5869.991,2000,6472.57
5821.571,2000,6484.367,6008.632,2000,6447.822,5844.614,2000,6375.923,5947.708,2000,6368.01,5868.961,2000,6472.907
5820.526,2000,6484.651,6007.84,2000,6448.561,5843.566,2000,6376.2,5946.713,2000,6368.44,5867.943,2000,6473.276
5819.48,2000,6484.936,6007.023,2000,6449.273,5842.528,2000,6376.51,5945.734,2000,6368.903,5866.914,2000,6473.613
5818.435,2000,6485.221,6006.185,2000,6449.958,5841.501,2000,6376.854,5944.77,2000,6369.398,5865.874,2000,6473.915
5817.39,2000,6485.505,6005.324,2000,6450.615,5840.485,2000,6377.231,5943.823,2000,6369.924,5864.824,2000,6474.183
5816.344,2000,6485.79,6004.441,2000,6451.244,5839.458,2000,6377.576,5942.894,2000,6370.48,5863.784,2000,6474.485
5815.299,2000,6486.075,6003.539,2000,6451.844,5838.42,2000,6377.886,5941.983,2000,6371.067,5862.754,2000,6474.822
5814.253,2000,6486.359,6002.618,2000,6452.414,5837.373,2000,6378.162,5941.092,2000,6371.684,5861.736,2000,6475.191
5813.208,2000,6486.644,6001.678,2000,6452.953,5836.334,2000,6378.472,5940.222,2000,6372.329,5860.706,2000,6475.528
5812.163,2000,6486.929,6000.722,2000,6453.461,5835.307,2000,6378.816,5939.373,2000,6373.002,5859.666,2000,6475.83
5811.117,2000,6487.213,5999.749,2000,6453.938,5834.292,2000,6379.194,5938.547,2000,6373.703,5858.616,2000,6476.098
5810.072,2000,6487.498,5998.761,2000,6454.383,5833.264,2000,6379.538,5937.738,2000,6374.423,5857.576,2000,6476.4
5809.026,2000,6487.783,5997.759,2000,6454.795,5832.226,2000,6379.848,5936.927,2000,6375.142,5856.546,2000,6476.737
5807.981,2000,6488.067,5996.745,2000,6455.175,5831.179,2000,6380.125,5936.114,2000,6375.857,5855.528,2000,6477.106
5806.936,2000,6488.352,5995.743,2000,6455.587,5830.123,2000,6380.366,5935.278,2000,6376.546,5854.523,2000,6477.509
5805.89,2000,6488.636,5994.755,2000,6456.032,5829.075,2000,6380.643,5934.42,2000,6377.208,5853.505,2000,6477.879
5804.845,2000,6488.921,5993.782,2000,6456.509,5828.037,2000,6380.953,5933.541,2000,6377.84,5852.475,2000,6478.215
5803.769,2000,6489.046,5992.826,2000,6457.017,5827.01,2000,6381.297,5932.641,2000,6378.444,5851.435,2000,6478.518
5802.692,2000,6489.172,5991.886,2000,6457.557,5825.994,2000,6381.674,5931.722,2000,6379.019,5850.385,2000,6478.786
5801.616,2000,6489.297,5990.965,2000,6458.126,5824.992,2000,6382.085,5930.785,2000,6379.562,5849.328,2000,6479.02
5800.54,2000,6489.423,5990.063,2000,6458.726,5823.976,2000,6382.462,5929.831,2000,6380.075,5848.278,2000,6479.288
5799.464,2000,6489.548,5989.18,2000,6459.355,5822.949,2000,6382.807,5928.86,2000,6380.556,5847.238,2000,6479.59
5798.388,2000,6489.674,5988.319,2000,6460.012,5821.911,2000,6383.117,5927.875,2000,6381.005,5846.208,2000,6479.926
5797.312,2000,6489.799,5987.48,2000,6460.697,5820.863,2000,6383.393,5926.875,2000,6381.421,5845.19,2000,6480.296
5796.235,2000,6489.925,5986.664,2000,6461.41,5819.807,2000,6383.635,5925.861,2000,6381.805,5844.185,2000,6480.699
5795.159,2000,6490.05,5985.825,2000,6462.095,5818.76,2000,6383.911,5924.861,2000,6382.222,5843.167,2000,6481.068
5794.083,2000,6490.176,5984.964,2000,6462.752,5817.722,2000,6384.221,5923.875,2000,6382.671,5842.137,2000,6481.405
5793.007,2000,6490.301,5984.082,2000,6463.381,5816.694,2000,6384.565,5922.905,2000,6383.152,5841.097,2000,6481.707
5791.931,2000,6490.427,5983.18,2000,6463.98,5815.679,2000,6384.943,5921.951,2000,6383.665,5840.047,2000,6481.975
5790.854,2000,6490.552,5982.258,2000,6464.55,5814.676,2000,6385.354,5921.014,2000,6384.208,5838.989,2000,6482.209
5789.778,2000,6490.678,5981.319,2000,6465.09,5813.661,2000,6385.731,5920.095,2000,6384.782,5837.939,2000,6482.477
5788.702,2000,6490.803,5980.362,2000,6465.598,5812.633,2000,6386.075,5919.195,2000,6385.386,5836.899,2000,6482.779
5787.626,2000,6490.929,5979.39,2000,6466.075,5811.595,2000,6386.385,5918.316,2000,6386.019,5835.87,2000,6483.116
5786.55,2000,6491.054,5978.402,2000,6466.52,5810.548,2000,6386.662,5917.458,2000,6386.68,5834.852,2000,6483.485
5785.474,2000,6491.18,5977.4,2000,6466.932,5809.492,2000,6386.903,5916.611,2000,6387.355,5833.846,2000,6483.888
5784.397,2000,6491.305,5976.385,2000,6467.312,5808.428,2000,6387.11,5915.762,2000,6388.028,5832.854,2000,6484.324
5783.321,2000,6491.431,5975.383,2000,6467.724,5807.372,2000,6387.352,5914.891,2000,6388.672,5831.849,2000,6484.727
5782.245,2000,6491.556,5974.396,2000,6468.168,5806.325,2000,6387.628,5913.999,2000,6389.288,5830.831,2000,6485.096
5781.169,2000,6491.682,5973.423,2000,6468.646,5805.287,2000,6387.938,5913.088,2000,6389.874,5829.801,2000,6485.433
5780.093,2000,6491.807,5972.466,2000,6469.154,5804.259,2000,6388.283,5912.158,2000,6390.429,5828.761,2000,6485.735
5779.017,2000,6491.933,5971.527,2000,6469.693,5803.244,2000,6388.66,5911.21,2000,6390.954,5827.711,2000,6486.003
5777.94,2000,6492.058,5970.605,2000,6470.263,5802.241,2000,6389.071,5910.246,2000,6391.448,5826.654,2000,6486.237
5776.864,2000,6492.184,5969.703,2000,6470.863,5801.252,2000,6389.514,5909.266,2000,6391.91,5825.589,2000,6486.436
5775.788,2000,6492.309,5968.821,2000,6471.492,5800.25,2000,6389.924,5908.271,2000,6392.339,5824.531,2000,6486.67
5774.712,2000,6492.435,5967.96,2000,6472.149,5799.234,2000,6390.302,5907.264,2000,6392.736,5823.481,2000,6486.938
5773.636,2000,6492.56,5967.121,2000,6472.834,5798.207,2000,6390.646,5906.243,2000,6393.1,5822.441,2000,6487.24
5772.56,2000,6492.686,5966.26,2000,6473.491,5797.169,2000,6390.956,5905.235,2000,6393.497,5821.412,2000,6487.577
5771.483,2000,6492.811,5965.378,2000,6474.12,5796.122,2000,6391.232,5904.241,2000,6393.927,5820.394,2000,6487.946
5770.407,2000,6492.937,5964.476,2000,6474.72,5795.065,2000,6391.474,5903.261,2000,6394.389,5819.388,2000,6488.349
5769.331,2000,6493.062,5963.554,2000,6475.29,5794.002,2000,6391.681,5902.296,2000,6394.882,5818.396,2000,6488.785
5768.255,2000,6493.188,5962.615,2000,6475.829,5792.946,2000,6391.923,5901.349,2000,6395.407,5817.391,2000,6489.188
5767.179,2000,6493.313,5961.658,2000,6476.337,5791.898,2000,6392.199,5900.419,2000,6395.963,5816.373,2000,6489.557
5766.096,2000,6493.271,5960.686,2000,6476.814,5790.86,2000,6392.509,5899.508,2000,6396.549,5815.343,2000,6489.894
5765.014,2000,6493.229,5959.698,2000,6477.259,5789.833,2000,6392.854,5898.616,2000,6397.164,5814.303,2000,6490.196
5763.931,2000,6493.187,5958.696,2000,6477.671,5788.817,2000,6393.231,5897.737,2000,6397.796,5813.253,2000,6490.464
5762.849,2000,6493.145,5957.681,2000,6478.051,5787.815,2000,6393.642,5896.854,2000,6398.425,5812.196,2000,6490.698
5761.766,2000,6493.103,5956.654,2000,6478.396,5786.826,2000,6394.084,5895.97,2000,6399.051,5811.131,2000,6490.897
5760.684,2000,6493.061,5955.64,2000,6478.776,5785.824,2000,6394.495,5895.065,2000,6399.647,5810.073,2000,6491.131
5759.601,2000,6493.019,5954.638,2000,6479.188,5784.808,2000,6394.873,5894.141,2000,6400.213,5809.023,2000,6491.399
5758.519,2000,6492.977,5953.65,2000,6479.633,5783.781,2000,6395.217,5893.199,2000,6400.749,5807.983,2000,6491.701
5757.436,2000,6492.935,5952.677,2000,6480.11,5782.743,2000,6395.527,5892.241,2000,6401.253,5806.954,2000,6492.038
5756.354,2000,6492.893,5951.721,2000,6480.618,5781.695,2000,6395.803,5891.266,2000,6401.726,5805.936,2000,6492.407
5755.271,2000,6492.851,5950.781,2000,6481.158,5780.639,2000,6396.045,5890.276,2000,6402.167,5804.93,2000,6492.81
5754.188,2000,6492.809,5949.86,2000,6481.728,5779.576,2000,6396.252,5889.273,2000,6402.575,5803.938,2000,6493.246
5753.106,2000,6492.767,5948.958,2000,6482.327,5778.52,2000,6396.494,5888.257,2000,6402.95,5802.933,2000,6493.648
5752.023,2000,6492.725,5948.075,2000,6482.956,5777.472,2000,6396.77,5887.229,2000,6403.292,5801.915,2000,6494.018
5750.941,2000,6492.683,5947.173,2000,6483.556,5776.434,2000,6397.08,5886.212,2000,6403.667,5800.885,2000,6494.354
5749.858,2000,6492.641,5946.251,2000,6484.125,5775.407,2000,6397.424,5885.209,2000,6404.075,5799.845,2000,6494.657
5748.776,2000,6492.599,5945.312,2000,6484.665,5774.391,2000,6397.802,5884.219,2000,6404.516,5798.795,2000,6494.925
5747.693,2000,6492.557,5944.355,2000,6485.173,5773.389,2000,6398.212,5883.245,2000,6404.988,5797.738,2000,6495.159
5746.611,2000,6492.515,5943.383,2000,6485.65,5772.373,2000,6398.59,5882.286,2000,6405.493,5796.688,2000,6495.427
5745.528,2000,6492.473,5942.395,2000,6486.095,5771.346,2000,6398.934,5881.344,2000,6406.028,5795.648,2000,6495.729
5744.446,2000,6492.431,5941.393,2000,6486.507,5770.308,2000,6399.244,5880.42,2000,6406.594,5794.618,2000,6496.065
5743.363,2000,6492.389,5940.378,2000,6486.887,5769.26,2000,6399.521,5879.504,2000,6407.172,5793.6,2000,6496.435
5742.281,2000,6492.347,5939.352,2000,6487.232,5768.204,2000,6399.762,5878.586,2000,6407.747,5792.595,2000,6496.838
5741.198,2000,6492.305,5938.314,2000,6487.544,5767.157,2000,6400.039,5877.666,2000,6408.318,5791.577,2000,6497.208
5740.116,2000,6492.263,5937.287,2000,6487.89,5766.119,2000,6400.349,5876.727,2000,6408.859,5790.547,2000,6497.544
5739.033,2000,6492.22,5936.272,2000,6488.27,5765.091,2000,6400.693,5875.771,2000,6409.369,5789.507,2000,6497.846
5737.951,2000,6492.178,5935.271,2000,6488.682,5764.076,2000,6401.07,5874.799,2000,6409.848,5788.457,2000,6498.114
5736.868,2000,6492.136,5934.283,2000,6489.126,5763.073,2000,6401.481,5873.812,2000,6410.294,5787.399,2000,6498.348
5735.786,2000,6492.094,5933.31,2000,6489.604,5762.058,2000,6401.858,5872.81,2000,6410.708,5786.35,2000,6498.616
5734.703,2000,6492.051,5932.354,2000,6490.112,5761.03,2000,6402.203,5871.796,2000,6411.088,5785.31,2000,6498.918
5733.621,2000,6492.009,5931.414,2000,6490.651,5759.992,2000,6402.513,5870.77,2000,6411.436,5784.28,2000,6499.255
5732.538,2000,6491.967,5930.493,2000,6491.221,5758.945,2000,6402.789,5869.732,2000,6411.749,5783.262,2000,6499.625
5731.456,2000,6491.925,5929.553,2000,6491.761,5757.889,2000,6403.031,5868.706,2000,6412.096,5782.256,2000,6500.027
5730.373,2000,6491.882,5928.597,2000,6492.269,5756.841,2000,6403.307,5867.692,2000,6412.477,5781.238,2000,6500.397
5729.291,2000,6491.84,5927.624,2000,6492.746,5755.803,2000,6403.617,5866.69,2000,6412.891,5780.208,2000,6500.733
5728.227,2000,6491.634,5926.636,2000,6493.191,5754.776,2000,6403.961,5865.703,2000,6413.337,5779.168,2000,6501.036
5727.164,2000,6491.428,5925.634,2000,6493.603,5753.76,2000,6404.339,5864.731,2000,6413.815,5778.119,2000,6501.304
5726.1,2000,6491.222,5924.62,2000,6493.982,5752.733,2000,6404.683,5863.775,2000,6414.325,5777.079,2000,6501.606
5725.037,2000,6491.016,5923.593,2000,6494.328,5751.695,2000,6404.993,5862.829,2000,6414.854,5776.049,2000,6501.942
5723.973,2000,6490.81,5922.555,2000,6494.64,5750.647,2000,6405.27,5861.881,2000,6415.377,5775.031,2000,6502.312
5722.91,2000,6490.604,5921.528,2000,6494.986,5749.609,2000,6405.58,5860.916,2000,6415.87,5774.001,2000,6502.648
5721.846,2000,6490.398,5920.514,2000,6495.365,5748.582,2000,6405.924,5859.936,2000,6416.331,5772.961,2000,6502.951
5720.783,2000,6490.192,5919.512,2000,6495.777,5747.566,2000,6406.301,5858.94,2000,6416.76,5771.911,2000,6503.219
5719.719,2000,6489.986,5918.524,2000,6496.222,5746.539,2000,6406.646,5857.932,2000,6417.156,5770.871,2000,6503.521
5718.656,2000,6489.78,5917.551,2000,6496.699,5745.501,2000,6406.956,5856.911,2000,6417.519,5769.841,2000,6503.857
5717.592,2000,6489.574,5916.595,2000,6497.208,5744.454,2000,6407.232,5855.879,2000,6417.848,5768.823,2000,6504.227
5716.529,2000,6489.368,5915.655,2000,6497.747,5743.416,2000,6407.542,5854.836,2000,6418.143,5767.793,2000,6504.563
5715.465,2000,6489.162,5914.699,2000,6498.255,5742.388,2000,6407.886,5853.804,2000,6418.472,5766.753,2000,6504.866
5714.402,2000,6488.956,5913.726,2000,6498.732,5741.35,2000,6408.196,5852.783,2000,6418.834,5765.724,2000,6505.202
5713.338,2000,6488.75,5912.738,2000,6499.177,5740.323,2000,6408.541,5851.775,2000,6419.23,5764.684,2000,6505.504
5712.275,2000,6488.543,5911.736,2000,6499.589,5739.285,2000,6408.851,5850.78,2000,6419.659,5763.654,2000,6505.841
5711.211,2000,6488.337,5910.722,2000,6499.969,5738.257,2000,6409.195,5849.799,2000,6420.12,5762.614,2000,6506.143
5710.148,2000,6488.131,5909.695,2000,6500.314,5737.219,2000,6409.505,5848.827,2000,6420.599,5761.584,2000,6506.479
5709.084,2000,6487.925,5908.657,2000,6500.626,5736.172,2000,6409.781,5847.853,2000,6421.073,5760.566,2000,6506.849
5708.021,2000,6487.719,5907.61,2000,6500.904,5735.134,2000,6410.091,5846.877,2000,6421.543,5759.536,2000,6507.186
5706.958,2000,6487.513,5906.573,2000,6501.216,5734.106,2000,6410.436,5845.886,2000,6421.981,5758.496,2000,6507.488
5705.894,2000,6487.307,5905.546,2000,6501.562,5733.091,2000,6410.813,5844.881,2000,6422.386,5757.446,2000,6507.756
5704.831,2000,6487.102,5904.531,2000,6501.941,5732.063,2000,6411.157,5843.864,2000,6422.758,5756.406,2000,6508.058
5703.767,2000,6486.896,5903.529,2000,6502.354,5731.025,2000,6411.467,5842.835,2000,6423.097,5755.376,2000,6508.395
5702.704,2000,6486.69,5902.542,2000,6502.798,5729.978,2000,6411.744,5841.795,2000,6423.402,5754.358,2000,6508.764
5701.64,2000,6486.484,5901.569,2000,6503.275,5728.94,2000,6412.054,5840.747,2000,6423.672,5753.329,2000,6509.101
5700.577,2000,6486.278,5900.581,2000,6503.72,5727.913,2000,6412.398,5839.707,2000,6423.977,5752.289,2000,6509.403
5699.513,2000,6486.073,5899.579,2000,6504.132,5726.897,2000,6412.775,5838.678,2000,6424.316,5751.239,2000,6509.671
5698.45,2000,6485.867,5898.564,2000,6504.512,5725.87,2000,6413.12,5837.661,2000,6424.688,5750.199,2000,6509.973
5697.386,2000,6485.661,5897.538,2000,6504.857,5724.832,2000,6413.43,5836.656,2000,6425.093,5749.169,2000,6510.31
5696.323,2000,6485.455,5896.5,2000,6505.169,5723.784,2000,6413.706,5835.662,2000,6425.525,5748.151,2000,6510.679
5695.259,2000,6485.25,5895.453,2000,6505.447,5722.728,2000,6413.948,5834.667,2000,6425.954,5747.146,2000,6511.082
5694.196,2000,6485.043,5894.397,2000,6505.691,5721.681,2000,6414.224,5833.67,2000,6426.377,5746.127,2000,6511.452
5693.132,2000,6484.838,5893.351,2000,6505.969,5720.643,2000,6414.534,5832.66,2000,6426.769,5745.098,2000,6511.788
5692.069,2000,6484.632,5892.313,2000,6506.281,5719.615,2000,6414.878,5831.637,2000,6427.126,5744.058,2000,6512.09
5691.048,2000,6484.27,5891.286,2000,6506.626,5718.6,2000,6415.256,5830.604,2000,6427.451,5743.008,2000,6512.358
5690.027,2000,6483.907,5890.271,2000,6507.006,5717.597,2000,6415.667,5829.56,2000,6427.741,5741.95,2000,6512.592
5689.006,2000,6483.545,5889.27,2000,6507.418,5716.582,2000,6416.044,5828.507,2000,6427.997,5740.9,2000,6512.86
5687.985,2000,6483.183,5888.282,2000,6507.863,5715.554,2000,6416.388,5827.446,2000,6428.218,5739.86,2000,6513.163
5686.964,2000,6482.82,5887.28,2000,6508.275,5714.516,2000,6416.698,5826.394,2000,6428.474,5738.831,2000,6513.499
5685.943,2000,6482.458,5886.265,2000,6508.654,5713.469,2000,6416.975,5825.35,2000,6428.765,5737.813,2000,6513.869
5684.922,2000,6482.096,5885.238,2000,6509,5712.413,2000,6417.216,5824.316,2000,6429.089,5736.807,2000,6514.271
5683.901,2000,6481.733,5884.201,2000,6509.312,5711.365,2000,6417.493,5823.293,2000,6429.447,5735.789,2000,6514.641
5682.88,2000,6481.371,5883.154,2000,6509.59,5710.327,2000,6417.803,5822.279,2000,6429.827,5734.759,2000,6514.978
5681.859,2000,6481.009,5882.098,2000,6509.833,5709.3,2000,6418.147,5821.263,2000,6430.203,5733.719,2000,6515.28
5680.838,2000,6480.646,5881.035,2000,6510.042,5708.284,2000,6418.524,5820.245,2000,6430.574,5732.669,2000,6515.548
5679.817,2000,6480.284,5879.966,2000,6510.216,5707.282,2000,6418.935,5819.226,2000,6430.94,5731.612,2000,6515.782
5678.796,2000,6479.922,5878.903,2000,6510.425,5706.266,2000,6419.313,5818.195,2000,6431.272,5730.562,2000,6516.05
5677.775,2000,6479.56,5877.847,2000,6510.669,5705.239,2000,6419.657,5817.153,2000,6431.571,5729.522,2000,6516.352
5676.754,2000,6479.197,5876.8,2000,6510.947,5704.201,2000,6419.967,5816.103,2000,6431.836,5728.492,2000,6516.688
5675.733,2000,6478.835,5875.763,2000,6511.259,5703.153,2000,6420.243,5815.044,2000,6432.066,5727.474,2000,6517.058
5674.712,2000,6478.473,5874.736,2000,6511.604,5702.097,2000,6420.485,5813.979,2000,6432.261,5726.469,2000,6517.461
5673.691,2000,6478.11,5873.721,2000,6511.984,5701.034,2000,6420.692,5812.907,2000,6432.421,5725.477,2000,6517.896
5672.67,2000,6477.748,5872.694,2000,6512.33,5699.978,2000,6420.934,5811.842,2000,6432.617,5724.472,2000,6518.299
5671.649,2000,6477.386,5871.657,2000,6512.642,5698.93,2000,6421.21,5810.783,2000,6432.847,5723.454,2000,6518.669
5670.628,2000,6477.023,5870.61,2000,6512.919,5697.892,2000,6421.52,5809.732,2000,6433.111,5722.424,2000,6519.005
5669.607,2000,6476.661,5869.554,2000,6513.163,5696.865,2000,6421.864,5808.691,2000,6433.41,5721.384,2000,6519.308
5668.586,2000,6476.299,5868.491,2000,6513.372,5695.849,2000,6422.242,5807.656,2000,6433.732,5720.334,2000,6519.576
5667.565,2000,6475.937,5867.422,2000,6513.546,5694.847,2000,6422.652,5806.62,2000,6434.049,5719.276,2000,6519.81
5666.544,2000,6475.574,5866.348,2000,6513.685,5693.858,2000,6423.095,5805.583,2000,6434.361,5718.211,2000,6520.009
5665.523,2000,6475.212,5865.278,2000,6513.858,5692.855,2000,6423.506,5804.536,2000,6434.64,5717.154,2000,6520.243
5664.502,2000,6474.85,5864.215,2000,6514.067,5691.84,2000,6423.883,5803.48,2000,6434.884,5716.104,2000,6520.511
5663.481,2000,6474.487,5863.16,2000,6514.311,5690.813,2000,6424.228,5802.417,2000,6435.093,5715.064,2000,6520.813
5662.46,2000,6474.125,5862.113,2000,6514.589,5689.774,2000,6424.538,5801.348,2000,6435.268,5714.034,2000,6521.149
5661.439,2000,6473.763,5861.075,2000,6514.901,5688.727,2000,6424.814,5800.274,2000,6435.407,5713.016,2000,6521.519
5660.418,2000,6473.401,5860.028,2000,6515.179,5687.671,2000,6425.056,5799.205,2000,6435.581,5712.011,2000,6521.922
5659.397,2000,6473.039,5858.973,2000,6515.422,5686.607,2000,6425.263,5798.142,2000,6435.791,5711.019,2000,6522.357
5658.376,2000,6472.677,5857.91,2000,6515.631,5685.551,2000,6425.504,5797.086,2000,6436.035,5710.014,2000,6522.76
5657.355,2000,6472.315,5856.84,2000,6515.805,5684.504,2000,6425.781,5796.039,2000,6436.312,5708.996,2000,6523.13
5656.334,2000,6471.953,5855.766,2000,6515.944,5683.466,2000,6426.091,5794.99,2000,6436.583,5707.966,2000,6523.466
5655.313,2000,6471.591,5854.697,2000,6516.118,5682.438,2000,6426.435,5793.933,2000,6436.821,5706.926,2000,6523.769
5654.292,2000,6471.229,5853.634,2000,6516.327,5681.423,2000,6426.813,5792.869,2000,6437.024,5705.876,2000,6524.037
5653.339,2000,6470.714,5852.578,2000,6516.57,5680.42,2000,6427.223,5791.799,2000,6437.192,5704.818,2000,6524.271
5652.386,2000,6470.199,5851.531,2000,6516.848,5679.432,2000,6427.666,5790.724,2000,6437.325,5703.753,2000,6524.47
5651.433,2000,6469.684,5850.476,2000,6517.092,5678.429,2000,6428.077,5789.653,2000,6437.493,5702.696,2000,6524.704
5650.479,2000,6469.168,5849.413,2000,6517.301,5677.414,2000,6428.454,5788.589,2000,6437.696,5701.646,2000,6524.972
5649.526,2000,6468.653,5848.343,2000,6517.475,5676.386,2000,6428.798,5787.532,2000,6437.934,5700.606,2000,6525.274
5648.573,2000,6468.138,5847.269,2000,6517.613,5675.348,2000,6429.108,5786.475,2000,6438.169,5699.576,2000,6525.61
5647.62,2000,6467.623,5846.191,2000,6517.717,5674.301,2000,6429.385,5785.416,2000,6438.399,5698.558,2000,6525.98
5646.667,2000,6467.108,5845.117,2000,6517.855,5673.245,2000,6429.626,5784.351,2000,6438.595,5697.553,2000,6526.383
5645.714,2000,6466.592,5844.047,2000,6518.029,5672.181,2000,6429.833,5783.279,2000,6438.755,5696.561,2000,6526.818
5644.761,2000,6466.077,5842.984,2000,6518.238,5671.125,2000,6430.075,5782.203,2000,6438.88,5695.556,2000,6527.221
5643.808,2000,6465.561,5841.929,2000,6518.482,5670.078,2000,6430.352,5781.124,2000,6438.97,5694.538,2000,6527.591
5642.854,2000,6465.046,5840.866,2000,6518.691,5669.04,2000,6430.662,5780.047,2000,6439.095,5693.508,2000,6527.927
5641.901,2000,6464.53,5839.796,2000,6518.865,5668.012,2000,6431.006,5778.976,2000,6439.255,5692.468,2000,6528.229
5640.948,2000,6464.015,5838.722,2000,6519.003,5666.997,2000,6431.383,5777.911,2000,6439.45,5691.418,2000,6528.498
5639.995,2000,6463.499,5837.644,2000,6519.107,5665.994,2000,6431.794,5776.844,2000,6439.642,5690.36,2000,6528.731
5639.042,2000,6462.984,5836.563,2000,6519.175,5664.979,2000,6432.171,5775.777,2000,6439.828,5689.311,2000,6529
5638.089,2000,6462.468,5835.485,2000,6519.279,5663.951,2000,6432.516,5774.704,2000,6439.979,5688.271,2000,6529.302
5637.136,2000,6461.953,5834.411,2000,6519.417,5662.913,2000,6432.826,5773.627,2000,6440.094,5687.241,2000,6529.638
5636.184,2000,6461.438,5833.341,2000,6519.591,5661.866,2000,6433.102,5772.546,2000,6440.175,5686.223,2000,6530.008
5635.23,2000,6460.922,5832.267,2000,6519.73,5660.81,2000,6433.344,5771.469,2000,6440.291,5685.217,2000,6530.411
5634.278,2000,6460.407,5831.189,2000,6519.833,5659.762,2000,6433.62,5770.396,2000,6440.441,5684.199,2000,6530.78
5633.325,2000,6459.892,5830.115,2000,6519.972,5658.724,2000,6433.93,5769.319,2000,6440.557,5683.169,2000,6531.117
5632.372,2000,6459.376,5829.037,2000,6520.076,5657.697,2000,6434.274,5768.247,2000,6440.708,5682.129,2000,6531.419
5631.419,2000,6458.861,5827.962,2000,6520.214,5656.681,2000,6434.652,5767.169,2000,6440.824,5681.08,2000,6531.687
5630.466,2000,6458.345,5826.893,2000,6520.388,5655.679,2000,6435.063,5766.089,2000,6440.904,5680.022,2000,6531.921
5629.513,2000,6457.83,5825.819,2000,6520.527,5654.663,2000,6435.44,5765.012,2000,6441.02,5678.972,2000,6532.189
5628.561,2000,6457.314,5824.741,2000,6520.63,5653.636,2000,6435.784,5763.937,2000,6441.153,5677.932,2000,6532.491
5627.607,2000,6456.799,5823.66,2000,6520.699,5652.598,2000,6436.094,5762.861,2000,6441.282,5676.902,2000,6532.828
5626.655,2000,6456.284,5822.577,2000,6520.731,5651.55,2000,6436.371,5761.785,2000,6441.405,5675.884,2000,6533.197
5625.702,2000,6455.769,5821.496,2000,6520.8,5650.494,2000,6436.612,5760.705,2000,6441.494,5674.879,2000,6533.6
5624.749,2000,6455.253,5820.417,2000,6520.903,5649.447,2000,6436.889,5759.623,2000,6441.546,5673.861,2000,6533.97
5623.796,2000,6454.738,5819.343,2000,6521.042,5648.409,2000,6437.199,5758.54,2000,6441.564,5672.831,2000,6534.306
5622.843,2000,6454.222,5818.265,2000,6521.146,5647.381,2000,6437.543,5757.458,2000,6441.617,5671.791,2000,6534.608
5621.89,2000,6453.707,5817.184,2000,6521.214,5646.366,2000,6437.92,5756.378,2000,6441.705,5670.741,2000,6534.876
5620.938,2000,6453.191,5816.101,2000,6521.247,5645.338,2000,6438.265,5755.299,2000,6441.801,5669.701,2000,6535.179
5619.984,2000,6452.676,5815.018,2000,6521.244,5644.3,2000,6438.575,5754.22,2000,6441.893,5668.671,2000,6535.515
5619.032,2000,6452.161,5813.935,2000,6521.277,5643.253,2000,6438.851,5753.138,2000,6441.949,5667.653,2000,6535.885
5618.168,2000,6451.507,5812.854,2000,6521.345,5642.215,2000,6439.161,5752.055,2000,6441.969,5666.624,2000,6536.221
5617.304,2000,6450.853,5811.775,2000,6521.449,5641.188,2000,6439.505,5750.972,2000,6441.955,5665.583,2000,6536.523
5616.44,2000,6450.198,5810.694,2000,6521.517,5640.172,2000,6439.883,5749.889,2000,6441.975,5664.534,2000,6536.792
5615.577,2000,6449.544,5809.611,2000,6521.55,5639.145,2000,6440.227,5748.807,2000,6442.031,5663.494,2000,6537.094
5614.713,2000,6448.89,5808.528,2000,6521.547,5638.106,2000,6440.537,5747.725,2000,6442.092,5662.464,2000,6537.43
5613.849,2000,6448.236,5807.445,2000,6521.509,5637.059,2000,6440.813,5746.643,2000,6442.147,5661.446,2000,6537.8
5612.985,2000,6447.582,5806.362,2000,6521.507,5636.021,2000,6441.124,5745.56,2000,6442.167,5660.416,2000,6538.136
5612.122,2000,6446.928,5805.279,2000,6521.54,5634.978,2000,6441.416,5744.477,2000,6442.152,5659.376,2000,6538.438
5611.258,2000,6446.273,5804.198,2000,6521.608,5633.926,2000,6441.674,5743.395,2000,6442.101,5658.326,2000,6538.707
5610.394,2000,6445.619,5803.115,2000,6521.641,5632.866,2000,6441.898,5742.312,2000,6442.085,5657.269,2000,6538.94
5609.53,2000,6444.965,5802.031,2000,6521.638,5631.799,2000,6442.087,5741.229,2000,6442.105,5656.204,2000,6539.14
5608.667,2000,6444.311,5800.949,2000,6521.6,5630.727,2000,6442.241,5740.146,2000,6442.129,5655.133,2000,6539.304
5607.803,2000,6443.657,5799.868,2000,6521.527,5629.65,2000,6442.359,5739.063,2000,6442.147,5654.057,2000,6539.433
5606.939,2000,6443.002,5798.785,2000,6521.489,5628.57,2000,6442.443,5737.98,2000,6442.129,5652.978,2000,6539.526
5606.075,2000,6442.349,5797.702,2000,6521.486,5627.488,2000,6442.491,5736.898,2000,6442.077,5651.896,2000,6539.584
5605.211,2000,6441.694,5796.619,2000,6521.448,5626.404,2000,6442.503,5735.815,2000,6442.059,5650.813,2000,6539.607
5604.348,2000,6441.04,5795.536,2000,6521.446,5625.321,2000,6442.48,5734.733,2000,6442.006,5649.73,2000,6539.595
5603.484,2000,6440.386,5794.453,2000,6521.408,5624.24,2000,6442.422,5733.65,2000,6441.989,5648.648,2000,6539.547
5602.62,2000,6439.732,5793.372,2000,6521.334,5623.161,2000,6442.328,5732.567,2000,6441.976,5647.568,2000,6539.463
5601.756,2000,6439.078,5792.29,2000,6521.296,5622.085,2000,6442.199,5731.485,2000,6441.927,5646.491,2000,6539.345
5600.893,2000,6438.423,5791.206,2000,6521.294,5621.014,2000,6442.035,5730.405,2000,6441.843,5645.419,2000,6539.191
5600.029,2000,6437.769,5790.124,2000,6521.256,5619.948,2000,6441.844,5729.323,2000,6441.794,5644.352,2000,6539.002
5599.165,2000,6437.115,5789.042,2000,6521.183,5618.886,2000,6441.626,5728.24,2000,6441.76,5643.292,2000,6538.778
5598.301,2000,6436.461,5787.965,2000,6521.074,5617.83,2000,6441.385,5727.157,2000,6441.721,5642.24,2000,6538.52
5597.438,2000,6435.807,5786.884,2000,6521,5616.78,2000,6441.12,5726.077,2000,6441.647,5641.197,2000,6538.228
5596.574,2000,6435.152,5785.801,2000,6520.962,5615.735,2000,6440.833,5724.999,2000,6441.537,5640.164,2000,6537.901
5595.71,2000,6434.499,5784.72,2000,6520.889,5614.697,2000,6440.525,5723.918,2000,6441.463,5639.142,2000,6537.541
5594.846,2000,6433.844,5783.643,2000,6520.78,5613.664,2000,6440.197,5722.837,2000,6441.404,5638.132,2000,6537.148
5593.982,2000,6433.19,5782.562,2000,6520.707,5612.643,2000,6439.836,5721.758,2000,6441.31,5637.11,2000,6536.788
5593.119,2000,6432.536,5781.484,2000,6520.598,5611.634,2000,6439.441,5720.677,2000,6441.241,5636.077,2000,6536.461
5592.255,2000,6431.882,5780.403,2000,6520.525,5610.619,2000,6439.063,5719.599,2000,6441.137,5635.055,2000,6536.102
5591.391,2000,6431.228,5779.32,2000,6520.487,5609.61,2000,6438.668,5718.524,2000,6440.998,5634.046,2000,6535.708
5590.527,2000,6430.573,5778.239,2000,6520.414,5608.607,2000,6438.259,5717.446,2000,6440.894,5633.05,2000,6535.282
5589.664,2000,6429.919,5777.162,2000,6520.305,5607.61,2000,6437.835,5716.367,2000,6440.806,5632.068,2000,6534.824
5588.8,2000,6429.265,5776.088,2000,6520.161,5606.619,2000,6437.398,5715.287,2000,6440.713,5631.103,2000,6534.333
5587.936,2000,6428.611,5775.02,2000,6519.981,5605.642,2000,6436.929,5714.208,2000,6440.616,5630.121,2000,6533.875
5587.072,2000,6427.957,5773.946,2000,6519.837,5604.682,2000,6436.428,5713.133,2000,6440.483,5629.125,2000,6533.449
5586.316,2000,6427.181,5772.868,2000,6519.729,5603.706,2000,6435.958,5712.063,2000,6440.315,5628.144,2000,6532.99
5585.56,2000,6426.405,5771.794,2000,6519.584,5602.738,2000,6435.47,5710.987,2000,6440.182,5627.178,2000,6532.5
5584.803,2000,6425.629,5770.726,2000,6519.405,5601.78,2000,6434.964,5709.911,2000,6440.064,5626.229,2000,6531.979
5584.047,2000,6424.853,5769.652,2000,6519.261,5600.831,2000,6434.442,5708.838,2000,6439.911,5625.297,2000,6531.426
5583.291,2000,6424.077,5768.575,2000,6519.152,5599.891,2000,6433.905,5707.771,2000,6439.722,5624.384,2000,6530.844
5582.534,2000,6423.301,5767.501,2000,6519.008,5598.968,2000,6433.337,5706.699,2000,6439.569,5623.452,2000,6530.292
5581.778,2000,6422.526,5766.433,2000,6518.829,5598.065,2000,6432.739,5705.625,2000,6439.428,5622.503,2000,6529.77
5581.021,2000,6421.75,5765.371,2000,6518.615,5597.147,2000,6432.164,5704.552,2000,6439.282,5621.571,2000,6529.218
5580.265,2000,6420.974,5764.302,2000,6518.436,5596.237,2000,6431.576,5703.484,2000,6439.1,5620.658,2000,6528.635
5579.509,2000,6420.199,5763.229,2000,6518.292,5595.334,2000,6430.977,5702.422,2000,6438.884,5619.765,2000,6528.023
5578.752,2000,6419.423,5762.16,2000,6518.113,5594.438,2000,6430.367,5701.354,2000,6438.702,5618.892,2000,6527.382
5577.996,2000,6418.647,5761.098,2000,6517.899,5593.55,2000,6429.747,5700.284,2000,6438.534,5618.04,2000,6526.712
5577.24,2000,6417.872,5760.03,2000,6517.72,5592.668,2000,6429.118,5699.22,2000,6438.331,5617.21,2000,6526.016
5576.483,2000,6417.096,5758.968,2000,6517.506,5591.807,2000,6428.46,5698.152,2000,6438.151,5616.359,2000,6525.346
5575.727,2000,6416.32,5757.899,2000,6517.327,5590.968,2000,6427.774,5697.09,2000,6437.938,5615.486,2000,6524.705
5574.971,2000,6415.544,5756.837,2000,6517.113,5590.152,2000,6427.062,5696.023,2000,6437.748,5614.592,2000,6524.093
5574.214,2000,6414.769,5755.769,2000,6516.934,5589.313,2000,6426.376,5694.964,2000,6437.523,5613.719,2000,6523.452
5573.458,2000,6413.993,5754.707,2000,6516.72,5588.455,2000,6425.716,5693.899,2000,6437.322,5612.868,2000,6522.782
5572.702,2000,6413.218,5753.653,2000,6516.471,5587.601,2000,6425.049,5692.836,2000,6437.116,5612.038,2000,6522.085
5571.945,2000,6412.442,5752.591,2000,6516.257,5586.753,2000,6424.375,5691.78,2000,6436.875,5611.232,2000,6521.362
5571.189,2000,6411.666,5751.522,2000,6516.078,5585.909,2000,6423.695,5690.732,2000,6436.601,5610.45,2000,6520.612
5570.433,2000,6410.891,5750.46,2000,6515.864,5585.088,2000,6422.988,5689.676,2000,6436.36,5609.644,2000,6519.889
5569.676,2000,6410.115,5749.406,2000,6515.616,5584.291,2000,6422.255,5688.616,2000,6436.134,5608.814,2000,6519.192
5568.92,2000,6409.339,5748.36,2000,6515.333,5583.518,2000,6421.496,5687.558,2000,6435.902,5607.962,2000,6518.522
5568.164,2000,6408.563,5747.324,2000,6515.016,5582.721,2000,6420.762,5686.501,2000,6435.666,5607.133,2000,6517.826
5567.407,2000,6407.788,5746.278,2000,6514.733,5581.9,2000,6420.055,5685.452,2000,6435.395,5606.327,2000,6517.102
5566.651,2000,6407.012,5745.224,2000,6514.485,5581.073,2000,6419.355,5684.413,2000,6435.089,5605.544,2000,6516.353
5565.895,2000,6406.236,5744.178,2000,6514.202,5580.25,2000,6418.651,5683.364,2000,6434.818,5604.787,2000,6515.578
5565.138,2000,6405.461,5743.142,2000,6513.885,5579.451,2000,6417.92,5682.311,2000,6434.562,5604.005,2000,6514.828
5564.382,2000,6404.685,5742.096,2000,6513.603,5578.675,2000,6417.163,5681.268,2000,6434.271,5603.199,2000,6514.104
5563.625,2000,6403.91,5741.042,2000,6513.354,5577.925,2000,6416.381,5680.234,2000,6433.947,5602.369,2000,6513.408
5562.869,2000,6403.134,5739.996,2000,6513.071,5577.15,2000,6415.625,5679.19,2000,6433.657,5601.563,2000,6512.684
5562.113,2000,6402.358,5738.96,2000,6512.754,5576.351,2000,6414.894,5678.143,2000,6433.382,5600.781,2000,6511.935
5561.356,2000,6401.583,5737.914,2000,6512.472,5575.538,2000,6414.178,5677.104,2000,6433.073,5600.023,2000,6511.16
5560.6,2000,6400.807,5736.878,2000,6512.155,5574.728,2000,6413.458,5676.059,2000,6432.789,5599.292,2000,6510.36
5559.844,2000,6400.031,5735.832,2000,6511.872,5573.941,2000,6412.713,5675.023,2000,6432.47,5598.535,2000,6509.585
5559.087,2000,6399.255,5734.796,2000,6511.555,5573.18,2000,6411.942,5673.98,2000,6432.177,5597.752,2000,6508.836
5558.331,2000,6398.48,5733.75,2000,6511.272,5572.445,2000,6411.146,5672.948,2000,6431.849,5596.946,2000,6508.112
5557.7,2000,6397.6,5732.714,2000,6510.956,5571.684,2000,6410.375,5671.908,2000,6431.546,5596.164,2000,6507.363
5557.069,2000,6396.719,5731.689,2000,6510.605,5570.897,2000,6409.63,5670.869,2000,6431.238,5595.407,2000,6506.588
5556.438,2000,6395.839,5730.653,2000,6510.288,5570.105,2000,6408.891,5669.841,2000,6430.896,5594.675,2000,6505.789
5555.808,2000,6394.958,5729.628,2000,6509.938,5569.338,2000,6408.126,5668.806,2000,6430.576,5593.918,2000,6505.014
5555.177,2000,6394.078,5728.592,2000,6509.621,5568.597,2000,6407.336,5667.782,2000,6430.222,5593.136,2000,6504.264
5554.546,2000,6393.197,5727.567,2000,6509.27,5567.881,2000,6406.523,5666.75,2000,6429.891,5592.33,2000,6503.541
5553.915,2000,6392.317,5726.531,2000,6508.953,5567.14,2000,6405.733,5665.73,2000,6429.526,5591.547,2000,6502.791
5553.284,2000,6391.437,5725.506,2000,6508.603,5566.379,2000,6404.962,5664.703,2000,6429.184,5590.79,2000,6502.016
5552.653,2000,6390.556,5724.493,2000,6508.219,5565.626,2000,6404.184,5663.677,2000,6428.836,5590.059,2000,6501.217
5552.022,2000,6389.676,5723.493,2000,6507.802,5564.879,2000,6403.399,5662.653,2000,6428.483,5589.354,2000,6500.394
5551.392,2000,6388.795,5722.479,2000,6507.418,5564.138,2000,6402.608,5661.641,2000,6428.097,5588.676,2000,6499.549
5550.761,2000,6387.915,5721.455,2000,6507.067,5563.424,2000,6401.794,5660.642,2000,6427.678,5587.972,2000,6498.726
5550.13,2000,6387.034,5720.441,2000,6506.684,5562.736,2000,6400.957,5659.629,2000,6427.292,5587.24,2000,6497.927
5549.499,2000,6386.154,5719.441,2000,6506.267,5562.022,2000,6400.142,5658.613,2000,6426.917,5586.536,2000,6497.104
5548.868,2000,6385.273,5718.428,2000,6505.883,5561.299,2000,6399.335,5657.609,2000,6426.511,5585.858,2000,6496.259
5548.237,2000,6384.393,5717.403,2000,6505.532,5560.604,2000,6398.504,5656.619,2000,6426.071,5585.153,2000,6495.436
5547.606,2000,6383.512,5716.39,2000,6505.148,5559.881,2000,6397.697,5655.644,2000,6425.6,5584.422,2000,6494.637
5546.976,2000,6382.632,5715.39,2000,6504.731,5559.132,2000,6396.914,5654.684,2000,6425.096,5583.665,2000,6493.862
5546.345,2000,6381.751,5714.404,2000,6504.282,5558.358,2000,6396.156,5653.742,2000,6424.562,5582.882,2000,6493.112
5545.714,2000,6380.871,5713.434,2000,6503.801,5557.56,2000,6395.423,5652.817,2000,6423.997,5582.076,2000,6492.389
5545.083,2000,6379.991,5712.479,2000,6503.288,5556.738,2000,6394.717,5651.912,2000,6423.402,5581.247,2000,6491.692
5544.452,2000,6379.11,5711.542,2000,6502.744,5555.894,2000,6394.039,5651.027,2000,6422.778,5580.395,2000,6491.022
5543.821,2000,6378.229,5710.624,2000,6502.169,5555.028,2000,6393.388,5650.163,2000,6422.125,5579.522,2000,6490.381
5543.19,2000,6377.349,5709.725,2000,6501.565,5554.141,2000,6392.766,5649.32,2000,6421.444,5578.628,2000,6489.769
5542.56,2000,6376.469,5708.846,2000,6500.932,5553.234,2000,6392.173,5648.5,2000,6420.736,5577.715,2000,6489.187
5541.929,2000,6375.588,5707.979,2000,6500.283,5552.308,2000,6391.61,5647.704,2000,6420.002,5576.784,2000,6488.634
5541.298,2000,6374.708,5707.112,2000,6499.633,5551.364,2000,6391.078,5646.932,2000,6419.242,5575.834,2000,6488.113
5540.667,2000,6373.828,5706.247,2000,6498.981,5550.404,2000,6390.577,5646.185,2000,6418.457,5574.869,2000,6487.623
5540.036,2000,6372.947,5705.383,2000,6498.328,5549.427,2000,6390.108,5645.464,2000,6417.647,5573.887,2000,6487.164
5539.405,2000,6372.066,5704.52,2000,6497.673,5548.436,2000,6389.671,5644.771,2000,6416.815,5572.891,2000,6486.738
5538.774,2000,6371.186,5703.657,2000,6497.017,5547.459,2000,6389.202,5644.05,2000,6416.006,5571.91,2000,6486.279
5538.144,2000,6370.306,5702.796,2000,6496.36,5546.499,2000,6388.701,5643.303,2000,6415.221,5570.944,2000,6485.789
5537.513,2000,6369.425,5701.936,2000,6495.701,5545.555,2000,6388.168,5642.531,2000,6414.461,5569.995,2000,6485.268
5536.882,2000,6368.544,5701.076,2000,6495.042,5544.629,2000,6387.606,5641.735,2000,6413.727,5569.063,2000,6484.715
5536.251,2000,6367.664,5700.218,2000,6494.38,5543.723,2000,6387.013,5640.915,2000,6413.019,5568.15,2000,6484.133
5535.62,2000,6366.784,5699.36,2000,6493.718,5542.835,2000,6386.391,5640.072,2000,6412.338,5567.256,2000,6483.521
5534.989,2000,6365.903,5698.504,2000,6493.054,5541.969,2000,6385.74,5639.208,2000,6411.685,5566.383,2000,6482.879
5534.358,2000,6365.023,5697.649,2000,6492.389,5541.125,2000,6385.062,5638.323,2000,6411.061,5565.532,2000,6482.21
5533.728,2000,6364.143,5696.795,2000,6491.723,5540.303,2000,6384.355,5637.417,2000,6410.466,5564.702,2000,6481.513
5533.237,2000,6363.176,5695.942,2000,6491.056,5539.505,2000,6383.623,5636.493,2000,6409.901,5563.896,2000,6480.79
5532.747,2000,6362.21,5695.091,2000,6490.386,5538.731,2000,6382.865,5635.551,2000,6409.367,5563.114,2000,6480.04
5532.257,2000,6361.244,5694.241,2000,6489.715,5537.982,2000,6382.082,5634.591,2000,6408.863,5562.356,2000,6479.265
5531.767,2000,6360.277,5693.392,2000,6489.042,5537.26,2000,6381.274,5633.616,2000,6408.392,5561.625,2000,6478.466
5531.276,2000,6359.311,5692.545,2000,6488.367,5536.564,2000,6380.444,5632.637,2000,6407.929,5560.92,2000,6477.643
5530.786,2000,6358.345,5691.699,2000,6487.69,5535.841,2000,6379.637,5631.673,2000,6407.434,5560.243,2000,6476.798
5530.296,2000,6357.378,5690.855,2000,6487.011,5535.093,2000,6378.854,5630.726,2000,6406.908,5559.538,2000,6475.975
5529.806,2000,6356.412,5690.012,2000,6486.331,5534.319,2000,6378.095,5629.796,2000,6406.352,5558.807,2000,6475.176
5529.315,2000,6355.446,5689.171,2000,6485.648,5533.521,2000,6377.363,5628.885,2000,6405.765,5558.049,2000,6474.401
5528.825,2000,6354.479,5688.331,2000,6484.964,5532.699,2000,6376.657,5627.994,2000,6405.149,5557.267,2000,6473.651
5528.335,2000,6353.513,5687.493,2000,6484.278,5531.854,2000,6375.978,5627.124,2000,6404.504,5556.461,2000,6472.928
5527.845,2000,6352.547,5686.656,2000,6483.591,5530.988,2000,6375.327,5626.275,2000,6403.831,5555.631,2000,6472.231
5527.354,2000,6351.581,5685.82,2000,6482.901,5530.144,2000,6374.648,5625.449,2000,6403.13,5554.78,2000,6471.562
5526.864,2000,6350.614,5684.986,2000,6482.21,5529.322,2000,6373.942,5624.646,2000,6402.403,5553.907,2000,6470.92
5526.374,2000,6349.648,5684.154,2000,6481.517,5528.478,2000,6373.264,5623.867,2000,6401.65,5553.013,2000,6470.308
5525.884,2000,6348.682,5683.323,2000,6480.822,5527.612,2000,6372.613,5623.113,2000,6400.872,5552.1,2000,6469.726
5525.394,2000,6347.715,5682.493,2000,6480.126,5526.725,2000,6371.991,5622.385,2000,6400.07,5551.168,2000,6469.173
5524.903,2000,6346.749,5681.665,2000,6479.428,5525.818,2000,6371.398,5621.684,2000,6399.244,5550.219,2000,6468.652
5524.413,2000,6345.783,5680.838,2000,6478.728,5524.892,2000,6370.835,5621.01,2000,6398.396,5549.253,2000,6468.162
5523.923,2000,6344.816,5680.012,2000,6478.026,5523.948,2000,6370.303,5620.364,2000,6397.526,5548.304,2000,6467.64
5523.433,2000,6343.85,5679.188,2000,6477.323,5523.022,2000,6369.741,5619.69,2000,6396.678,5547.373,2000,6467.088
5522.942,2000,6342.884,5678.365,2000,6476.618,5522.116,2000,6369.148,5618.989,2000,6395.853,5546.459,2000,6466.505
5522.452,2000,6341.917,5677.544,2000,6475.912,5521.229,2000,6368.526,5618.261,2000,6395.05,5545.566,2000,6465.893
5521.962,2000,6340.951,5676.724,2000,6475.204,5520.362,2000,6367.875,5617.507,2000,6394.272,5544.693,2000,6465.252
5521.472,2000,6339.985,5675.906,2000,6474.494,5519.518,2000,6367.196,5616.729,2000,6393.519,5543.841,2000,6464.583
5520.981,2000,6339.019,5675.089,2000,6473.782,5518.696,2000,6366.49,5615.925,2000,6392.792,5543.012,2000,6463.886
5520.491,2000,6338.052,5674.273,2000,6473.069,5517.898,2000,6365.758,5615.099,2000,6392.091,5542.206,2000,6463.162
5520.001,2000,6337.086,5673.459,2000,6472.354,5517.124,2000,6365,5614.25,2000,6391.418,5541.423,2000,6462.413
5519.511,2000,6336.12,5672.647,2000,6471.638,5516.375,2000,6364.216,5613.38,2000,6390.773,5540.666,2000,6461.638
5519.021,2000,6335.153,5671.835,2000,6470.92,5515.653,2000,6363.409,5612.489,2000,6390.157,5539.935,2000,6460.838
5518.531,2000,6334.187,5671.025,2000,6470.201,5514.957,2000,6362.579,5611.578,2000,6389.571,5539.23,2000,6460.016
5518.041,2000,6333.221,5670.217,2000,6469.479,5514.289,2000,6361.726,5610.648,2000,6389.014,5538.552,2000,6459.17
5517.551,2000,6332.254,5669.41,2000,6468.757,5513.648,2000,6360.852,5609.721,2000,6388.455,5537.903,2000,6458.303
5517.061,2000,6331.288,5668.604,2000,6468.033,5512.98,2000,6360,5608.812,2000,6387.866,5537.282,2000,6457.416
5516.57,2000,6330.322,5667.8,2000,6467.307,5512.284,2000,6359.169,5607.922,2000,6387.247,5536.633,2000,6456.548
5516.081,2000,6329.355,5666.972,2000,6466.608,5511.562,2000,6358.362,5607.054,2000,6386.6,5535.955,2000,6455.703
5515.59,2000,6328.389,5666.122,2000,6465.937,5510.813,2000,6357.579,5606.207,2000,6385.924,5535.25,2000,6454.88
5515.101,2000,6327.423,5665.25,2000,6465.293,5510.039,2000,6356.82,5605.382,2000,6385.222,5534.519,2000,6454.081
5514.61,2000,6326.457,5664.358,2000,6464.678,5509.241,2000,6356.088,5604.581,2000,6384.492,5533.762,2000,6453.306
5514.12,2000,6325.49,5663.487,2000,6464.035,5508.419,2000,6355.382,5603.804,2000,6383.737,5532.979,2000,6452.557
5513.784,2000,6324.46,5662.637,2000,6463.363,5507.575,2000,6354.703,5603.052,2000,6382.957,5532.173,2000,6451.833
5513.447,2000,6323.431,5661.809,2000,6462.664,5506.708,2000,6354.052,5602.327,2000,6382.152,5531.344,2000,6451.136
5513.111,2000,6322.401,5661.005,2000,6461.938,5505.821,2000,6353.43,5601.627,2000,6381.325,5530.492,2000,6450.467
5512.774,2000,6321.371,5660.217,2000,6461.195,5504.915,2000,6352.837,5600.956,2000,6380.475,5529.619,2000,6449.826
5512.438,2000,6320.341,5659.431,2000,6460.449,5503.989,2000,6352.275,5600.313,2000,6379.603,5528.726,2000,6449.213
5512.102,2000,6319.312,5658.646,2000,6459.702,5503.082,2000,6351.682,5599.698,2000,6378.711,5527.813,2000,6448.631
5511.765,2000,6318.282,5657.864,2000,6458.952,5502.195,2000,6351.06,5599.055,2000,6377.839,5526.919,2000,6448.019
5511.429,2000,6317.252,5657.084,2000,6458.201,5501.329,2000,6350.409,5598.383,2000,6376.989,5526.046,2000,6447.377
5511.092,2000,6316.222,5656.306,2000,6457.447,5500.484,2000,6349.73,5597.684,2000,6376.162,5525.194,2000,6446.708
5510.756,2000,6315.192,5655.529,2000,6456.692,5499.663,2000,6349.024,5596.958,2000,6375.357,5524.365,2000,6446.011
5510.419,2000,6314.163,5654.754,2000,6455.935,5498.864,2000,6348.292,5596.207,2000,6374.577,5523.559,2000,6445.288
5510.083,2000,6313.133,5653.981,2000,6455.175,5498.09,2000,6347.534,5595.43,2000,6373.822,5522.776,2000,6444.538
5509.747,2000,6312.103,5653.21,2000,6454.414,5497.342,2000,6346.75,5594.629,2000,6373.092,5522.019,2000,6443.763
5509.41,2000,6311.073,5652.441,2000,6453.651,5496.619,2000,6345.943,5593.804,2000,6372.39,5521.288,2000,6442.964
5509.074,2000,6310.043,5651.674,2000,6452.887,5495.923,2000,6345.113,5592.957,2000,6371.714,5520.583,2000,6442.141
5508.737,2000,6309.014,5650.909,2000,6452.12,5495.255,2000,6344.26,5592.088,2000,6371.067,5519.905,2000,6441.296
5508.401,2000,6307.984,5650.145,2000,6451.352,5494.615,2000,6343.386,5591.22,2000,6370.42,5519.256,2000,6440.429
5508.064,2000,6306.954,5649.383,2000,6450.581,5494.004,2000,6342.492,5590.354,2000,6369.768,5518.635,2000,6439.541
5507.728,2000,6305.924,5648.624,2000,6449.809,5493.422,2000,6341.578,5589.493,2000,6369.11,5518.044,2000,6438.633
5507.392,2000,6304.895,5647.866,2000,6449.035,5492.812,2000,6340.683,5588.654,2000,6368.425,5517.423,2000,6437.746
5507.055,2000,6303.865,5647.109,2000,6448.259,5492.171,2000,6339.809,5587.837,2000,6367.713,5516.774,2000,6436.878
5506.719,2000,6302.835,5646.355,2000,6447.481,5491.503,2000,6338.957,5587.045,2000,6366.974,5516.096,2000,6436.033
5506.382,2000,6301.805,5645.576,2000,6446.729,5490.807,2000,6338.126,5586.277,2000,6366.21,5515.392,2000,6435.21
5506.046,2000,6300.775,5644.772,2000,6446.002,5490.084,2000,6337.319,5585.534,2000,6365.421,5514.66,2000,6434.411
5505.709,2000,6299.746,5643.993,2000,6445.25,5489.336,2000,6336.536,5584.818,2000,6364.609,5513.903,2000,6433.636
5505.373,2000,6298.716,5643.238,2000,6444.472,5488.562,2000,6335.777,5584.128,2000,6363.773,5513.121,2000,6432.887
5505.037,2000,6297.686,5642.494,2000,6443.685,5487.764,2000,6335.045,5583.467,2000,6362.916,5512.314,2000,6432.163
5504.7,2000,6296.656,5641.751,2000,6442.896,5486.942,2000,6334.339,5582.833,2000,6362.037,5511.485,2000,6431.466
5504.364,2000,6295.626,5641.01,2000,6442.106,5486.098,2000,6333.66,5582.229,2000,6361.137,5510.633,2000,6430.797
5504.027,2000,6294.597,5640.271,2000,6441.314,5485.231,2000,6333.009,5581.655,2000,6360.219,5509.76,2000,6430.156
5503.691,2000,6293.567,5639.534,2000,6440.52,5484.387,2000,6332.331,5581.051,2000,6359.319,5508.909,2000,6429.486
5503.354,2000,6292.537,5638.799,2000,6439.725,5483.565,2000,6331.625,5580.418,2000,6358.44,5508.079,2000,6428.79
5503.018,2000,6291.507,5638.065,2000,6438.927,5482.767,2000,6330.892,5579.756,2000,6357.583,5507.273,2000,6428.066
5502.681,2000,6290.478,5637.333,2000,6438.128,5481.993,2000,6330.134,5579.067,2000,6356.747,5506.491,2000,6427.316
5502.345,2000,6289.448,5636.604,2000,6437.328,5481.245,2000,6329.351,5578.351,2000,6355.935,5505.733,2000,6426.542
5502.008,2000,6288.418,5635.875,2000,6436.526,5480.522,2000,6328.543,5577.608,2000,6355.146,5505.002,2000,6425.742
5501.671,2000,6287.388,5635.149,2000,6435.722,5479.826,2000,6327.713,5576.84,2000,6354.382,5504.297,2000,6424.919
5501.334,2000,6286.358,5634.424,2000,6434.917,5479.158,2000,6326.86,5576.047,2000,6353.643,5503.62,2000,6424.074
5500.998,2000,6285.329,5633.702,2000,6434.11,5478.518,2000,6325.986,5575.242,2000,6352.918,5502.97,2000,6423.207
5500.661,2000,6284.299,5632.98,2000,6433.301,5477.907,2000,6325.092,5574.441,2000,6352.188,5502.35,2000,6422.319
5500.484,2000,6283.23,5632.261,2000,6432.491,5477.325,2000,6324.178,5573.644,2000,6351.455,5501.758,2000,6421.412
5500.307,2000,6282.161,5631.544,2000,6431.679,5476.774,2000,6323.245,5572.851,2000,6350.716,5501.197,2000,6420.485
5500.129,2000,6281.092,5630.801,2000,6430.891,5476.192,2000,6322.331,5572.083,2000,6349.952,5500.666,2000,6419.541
5499.951,2000,6280.023,5630.033,2000,6430.127,5475.582,2000,6321.437,5571.341,2000,6349.163,5500.104,2000,6418.614
5499.774,2000,6278.955,5629.24,2000,6429.39,5474.941,2000,6320.563,5570.625,2000,6348.35,5499.513,2000,6417.706
5499.596,2000,6277.886,5628.471,2000,6428.626,5474.273,2000,6319.71,5569.937,2000,6347.514,5498.893,2000,6416.818
5499.419,2000,6276.817,5627.728,2000,6427.838,5473.577,2000,6318.879,5569.275,2000,6346.656,5498.243,2000,6415.951
5499.241,2000,6275.748,5627.011,2000,6427.026,5472.854,2000,6318.072,5568.643,2000,6345.777,5497.565,2000,6415.106
5499.064,2000,6274.679,5626.312,2000,6426.198,5472.106,2000,6317.289,5568.039,2000,6344.877,5496.861,2000,6414.283
5498.886,2000,6273.61,5625.615,2000,6425.369,5471.332,2000,6316.531,5567.464,2000,6343.958,5496.129,2000,6413.484
5498.709,2000,6272.542,5624.921,2000,6424.537,5470.534,2000,6315.798,5566.921,2000,6343.021,5495.372,2000,6412.709
5498.531,2000,6271.473,5624.229,2000,6423.704,5469.76,2000,6315.04,5566.408,2000,6342.067,5494.59,2000,6411.959
5498.354,2000,6270.404,5623.539,2000,6422.868,5469.011,2000,6314.257,5565.865,2000,6341.13,5493.833,2000,6411.185
5498.176,2000,6269.335,5622.852,2000,6422.031,5468.289,2000,6313.45,5565.291,2000,6340.211,5493.101,2000,6410.385
5497.999,2000,6268.266,5622.167,2000,6421.191,5467.593,2000,6312.619,5564.687,2000,6339.312,5492.396,2000,6409.563
5497.821,2000,6267.197,5621.484,2000,6420.351,5466.924,2000,6311.767,5564.054,2000,6338.433,5491.719,2000,6408.717
5497.644,2000,6266.128,5620.803,2000,6419.508,5466.284,2000,6310.893,5563.393,2000,6337.575,5491.069,2000,6407.85
5497.466,2000,6265.06,5620.125,2000,6418.663,5465.673,2000,6309.998,5562.704,2000,6336.739,5490.449,2000,6406.962
5497.289,2000,6263.991,5619.449,2000,6417.816,5465.092,2000,6309.084,5561.988,2000,6335.926,5489.857,2000,6406.055
5497.111,2000,6262.922,5618.775,2000,6416.968,5464.541,2000,6308.151,5561.263,2000,6335.12,5489.296,2000,6405.128
5496.934,2000,6261.853,5618.104,2000,6416.118,5464.02,2000,6307.201,5560.543,2000,6334.31,5488.765,2000,6404.184
5496.756,2000,6260.784,5617.435,2000,6415.266,5463.531,2000,6306.234,5559.829,2000,6333.496,5488.266,2000,6403.222
5496.579,2000,6259.715,5616.768,2000,6414.413,5463.074,2000,6305.252,5559.141,2000,6332.659,5487.735,2000,6402.278
5496.401,2000,6258.646,5616.103,2000,6413.557,5462.584,2000,6304.286,5558.481,2000,6331.8,5487.173,2000,6401.351
5496.224,2000,6257.578,5615.44,2000,6412.7,5462.064,2000,6303.335,5557.85,2000,6330.92,5486.582,2000,6400.443
5496.046,2000,6256.509,5614.78,2000,6411.841,5461.513,2000,6302.403,5557.247,2000,6330.02,5485.961,2000,6399.556
5495.869,2000,6255.44,5614.123,2000,6410.98,5460.931,2000,6301.489,5556.674,2000,6329.1,5485.312,2000,6398.688
5495.691,2000,6254.371,5613.467,2000,6410.118,5460.32,2000,6300.594,5556.132,2000,6328.162,5484.634,2000,6397.843
5495.514,2000,6253.302,5612.813,2000,6409.253,5459.68,2000,6299.72,5555.621,2000,6327.207,5483.93,2000,6397.021
5495.336,2000,6252.233,5612.162,2000,6408.388,5459.012,2000,6298.868,5555.142,2000,6326.236,5483.252,2000,6396.175
5495.159,2000,6251.165,5611.513,2000,6407.521,5458.316,2000,6298.037,5554.694,2000,6325.25,5482.603,2000,6395.308
5494.981,2000,6250.096,5610.836,2000,6406.675,5457.647,2000,6297.185,5554.214,2000,6324.278,5481.982,2000,6394.42
5494.803,2000,6249.027,5610.132,2000,6405.852,5457.007,2000,6296.311,5553.703,2000,6323.323,5481.391,2000,6393.513
5494.626,2000,6247.958,5609.401,2000,6405.052,5456.396,2000,6295.416,5553.161,2000,6322.385,5480.829,2000,6392.586
5494.448,2000,6246.889,5608.644,2000,6404.276,5455.815,2000,6294.502,5552.588,2000,6321.466,5480.298,2000,6391.642
5494.271,2000,6245.82,5607.862,2000,6403.526,5455.264,2000,6293.569,5551.986,2000,6320.565,5479.799,2000,6390.68
5494.093,2000,6244.751,5607.105,2000,6402.751,5454.743,2000,6292.619,5551.354,2000,6319.685,5479.331,2000,6389.703
5493.916,2000,6243.683,5606.375,2000,6401.951,5454.254,2000,6291.652,5550.697,2000,6318.824,5478.896,2000,6388.711
5493.738,2000,6242.614,5605.67,2000,6401.128,5453.797,2000,6290.67,5550.043,2000,6317.96,5478.493,2000,6387.706
5493.561,2000,6241.545,5604.993,2000,6400.282,5453.372,2000,6289.674,5549.419,2000,6317.075,5478.057,2000,6386.714
5493.383,2000,6240.476,5604.344,2000,6399.415,5452.915,2000,6288.692,5548.824,2000,6316.169,5477.589,2000,6385.737
5493.37,2000,6239.393,5603.724,2000,6398.527,5452.426,2000,6287.725,5548.258,2000,6315.245,5477.09,2000,6384.776
5493.357,2000,6238.309,5603.107,2000,6397.637,5451.905,2000,6286.775,5547.724,2000,6314.303,5476.559,2000,6383.832
5493.344,2000,6237.226,5602.492,2000,6396.745,5451.354,2000,6285.842,5547.22,2000,6313.344,5475.998,2000,6382.905
5493.331,2000,6236.142,5601.88,2000,6395.851,5450.772,2000,6284.928,5546.748,2000,6312.369,5475.406,2000,6381.997
5493.317,2000,6235.059,5601.271,2000,6394.955,5450.162,2000,6284.034,5546.308,2000,6311.378,5474.786,2000,6381.109
5493.304,2000,6233.975,5600.666,2000,6394.057,5449.521,2000,6283.16,5545.901,2000,6310.375,5474.136,2000,6380.242
5493.291,2000,6232.892,5600.062,2000,6393.157,5448.911,2000,6282.265,5545.461,2000,6309.384,5473.516,2000,6379.354
5493.278,2000,6231.808,5599.43,2000,6392.277,5448.329,2000,6281.351,5544.989,2000,6308.409,5472.924,2000,6378.447
5493.265,2000,6230.725,5598.769,2000,6391.419,5447.778,2000,6280.418,5544.485,2000,6307.45,5472.363,2000,6377.52
5493.251,2000,6229.641,5598.08,2000,6390.583,5447.257,2000,6279.468,5543.951,2000,6306.508,5471.832,2000,6376.576
5493.238,2000,6228.558,5597.364,2000,6389.769,5446.768,2000,6278.501,5543.385,2000,6305.583,5471.333,2000,6375.614
5493.225,2000,6227.474,5596.676,2000,6388.933,5446.311,2000,6277.52,5542.794,2000,6304.676,5470.865,2000,6374.637
5493.212,2000,6226.391,5596.015,2000,6388.074,5445.886,2000,6276.523,5542.208,2000,6303.764,5470.429,2000,6373.646
5493.199,2000,6225.307,5595.382,2000,6387.195,5445.494,2000,6275.513,5541.629,2000,6302.849,5470.026,2000,6372.64
5493.186,2000,6224.224,5594.779,2000,6386.295,5445.069,2000,6274.517,5541.08,2000,6301.916,5469.591,2000,6371.648
5493.172,2000,6223.14,5594.204,2000,6385.377,5444.612,2000,6273.535,5540.561,2000,6300.964,5469.123,2000,6370.671
5493.159,2000,6222.057,5593.631,2000,6384.458,5444.123,2000,6272.568,5540.074,2000,6299.997,5468.624,2000,6369.71
5493.146,2000,6220.973,5593.061,2000,6383.536,5443.603,2000,6271.618,5539.619,2000,6299.014,5468.093,2000,6368.766
5493.133,2000,6219.89,5592.494,2000,6382.613,5443.051,2000,6270.685,5539.196,2000,6298.016,5467.531,2000,6367.839
5493.12,2000,6218.806,5591.957,2000,6381.672,5442.47,2000,6269.771,5538.806,2000,6297.005,5467,2000,6366.895
5493.106,2000,6217.723,5591.451,2000,6380.714,5441.918,2000,6268.838,5538.383,2000,6296.008,5466.501,2000,6365.933
5493.093,2000,6216.639,5590.977,2000,6379.74,5441.398,2000,6267.888,5537.928,2000,6295.025,5466.033,2000,6364.956
5493.08,2000,6215.556,5590.535,2000,6378.751,5440.909,2000,6266.921,5537.441,2000,6294.057,5465.598,2000,6363.964
5493.067,2000,6214.473,5590.126,2000,6377.748,5440.452,2000,6265.939,5536.922,2000,6293.106,5465.195,2000,6362.959
5493.054,2000,6213.39,5589.75,2000,6376.732,5440.027,2000,6264.943,5536.373,2000,6292.172,5464.825,2000,6361.941
5493.041,2000,6212.307,5589.407,2000,6375.704,5439.635,2000,6263.933,5535.854,2000,6291.221,5464.422,2000,6360.936
5493.027,2000,6211.224,5589.03,2000,6374.688,5439.276,2000,6262.911,5535.367,2000,6290.253,5463.987,2000,6359.944
5493.014,2000,6210.141,5588.621,2000,6373.685,5438.884,2000,6261.901,5534.912,2000,6289.271,5463.519,2000,6358.967
5493.001,2000,6209.058,5588.179,2000,6372.696,5438.459,2000,6260.904,5534.489,2000,6288.273,5463.02,2000,6358.005
5492.988,2000,6207.975,5587.705,2000,6371.722,5438.002,2000,6259.922,5534.1,2000,6287.262,5462.489,2000,6357.061
5492.975,2000,6206.892,5587.199,2000,6370.764,5437.513,2000,6258.956,5533.743,2000,6286.239,5461.927,2000,6356.134
5492.961,2000,6205.809,5586.663,2000,6369.823,5437.056,2000,6257.974,5533.354,2000,6285.229,5461.396,2000,6355.19
5492.948,2000,6204.726,5586.157,2000,6368.865,5436.631,2000,6256.977,5532.931,2000,6284.231,5460.897,2000,6354.229
5492.935,2000,6203.643,5585.683,2000,6367.891,5436.239,2000,6255.967,5532.476,2000,6283.248,5460.429,2000,6353.251
5492.922,2000,6202.56,5585.241,2000,6366.901,5435.88,2000,6254.945,5531.988,2000,6282.28,5459.994,2000,6352.26
5492.909,2000,6201.477,5584.832,2000,6365.898,5435.488,2000,6253.935,5531.533,2000,6281.297,5459.591,2000,6351.254
5492.896,2000,6200.394,5584.455,2000,6364.882,5435.063,2000,6252.938,5531.11,2000,6280.3,5459.221,2000,6350.236
5492.882,2000,6199.311,5584.112,2000,6363.854,5434.606,2000,6251.957,5530.721,2000,6279.289,5458.885,2000,6349.207
5492.869,2000,6198.228,5583.736,2000,6362.838,5434.117,2000,6250.99,5530.364,2000,6278.266,5458.583,2000,6348.167
5492.855,2000,6197.145,5583.327,2000,6361.835,5433.66,2000,6250.008,5529.975,2000,6277.255,5458.314,2000,6347.117
5492.842,2000,6196.062,5582.885,2000,6360.846,5433.235,2000,6249.011,5529.552,2000,6276.258,5458.081,2000,6346.059
5492.991,2000,6194.988,5582.476,2000,6359.843,5432.843,2000,6248.001,5529.162,2000,6275.247,5457.813,2000,6345.009
5493.14,2000,6193.915,5582.099,2000,6358.827,5432.484,2000,6246.979,5528.806,2000,6274.224,5457.51,2000,6343.969
5493.289,2000,6192.842,5581.756,2000,6357.799,5432.159,2000,6245.946,5528.483,2000,6273.19,5457.174,2000,6342.939
5493.438,2000,6191.769,5581.447,2000,6356.761,5431.868,2000,6244.902,5528.194,2000,6272.146,5456.804,2000,6341.921
5493.586,2000,6190.695,5581.172,2000,6355.713,5431.611,2000,6243.85,5527.939,2000,6271.093,5456.401,2000,6340.916
5493.735,2000,6189.622,5580.932,2000,6354.657,5431.389,2000,6242.79,5527.719,2000,6270.032,5455.966,2000,6339.924
5493.884,2000,6188.549,5580.727,2000,6353.594,5431.201,2000,6241.723,5527.465,2000,6268.979,5455.563,2000,6338.919
5494.033,2000,6187.476,5580.556,2000,6352.524,5431.049,2000,6240.65,5527.176,2000,6267.935,5455.193,2000,6337.901
5494.182,2000,6186.402,5580.35,2000,6351.46,5430.861,2000,6239.583,5526.921,2000,6266.882,5454.857,2000,6336.871
5494.331,2000,6185.329,5580.11,2000,6350.404,5430.639,2000,6238.523,5526.701,2000,6265.821,5454.555,2000,6335.831
5494.48,2000,6184.256,5579.835,2000,6349.356,5430.382,2000,6237.471,5526.516,2000,6264.754,5454.287,2000,6334.781
5494.629,2000,6183.183,5579.526,2000,6348.318,5430.091,2000,6236.428,5526.366,2000,6263.681,5454.053,2000,6333.724
5494.778,2000,6182.109,5579.251,2000,6347.271,5429.834,2000,6235.375,5526.181,2000,6262.614,5453.854,2000,6332.659
5494.927,2000,6181.036,5579.011,2000,6346.214,5429.612,2000,6234.315,5525.96,2000,6261.553,5453.689,2000,6331.588
5495.076,2000,6179.963,5578.805,2000,6345.151,5429.425,2000,6233.249,5525.706,2000,6260.5,5453.561,2000,6330.512
5495.225,2000,6178.89,5578.634,2000,6344.081,5429.272,2000,6232.176,5525.417,2000,6259.456,5453.467,2000,6329.433
5495.374,2000,6177.816,5578.499,2000,6343.006,5429.085,2000,6231.109,5525.163,2000,6258.403,5453.409,2000,6328.352
5495.522,2000,6176.743,5578.328,2000,6341.937,5428.863,2000,6230.049,5524.942,2000,6257.342,5453.386,2000,6327.269
5495.671,2000,6175.67,5578.122,2000,6340.873,5428.606,2000,6228.997,5524.757,2000,6256.275,5453.398,2000,6326.185
5495.82,2000,6174.597,5577.882,2000,6339.817,5428.315,2000,6227.953,5524.607,2000,6255.202,5453.375,2000,6325.102
5495.969,2000,6173.523,5577.676,2000,6338.753,5428.058,2000,6226.901,5524.492,2000,6254.125,5453.317,2000,6324.021
5496.118,2000,6172.45,5577.505,2000,6337.684,5427.836,2000,6225.841,5524.412,2000,6253.044,5453.224,2000,6322.941
5496.267,2000,6171.377,5577.37,2000,6336.609,5427.648,2000,6224.774,5524.368,2000,6251.962,5453.095,2000,6321.866
5496.416,2000,6170.304,5577.269,2000,6335.53,5427.496,2000,6223.701,5524.359,2000,6250.878,5452.931,2000,6320.795
5496.565,2000,6169.23,5577.204,2000,6334.449,5427.379,2000,6222.624,5524.385,2000,6249.795,5452.731,2000,6319.73
5496.714,2000,6168.157,5577.174,2000,6333.366,5427.297,2000,6221.544,5524.376,2000,6248.712,5452.567,2000,6318.659
5496.863,2000,6167.084,5577.18,2000,6332.282,5427.25,2000,6220.461,5524.332,2000,6247.629,5452.438,2000,6317.583
5497.012,2000,6166.011,5577.221,2000,6331.2,5427.239,2000,6219.378,5524.252,2000,6246.549,5452.345,2000,6316.504
5497.161,2000,6164.938,5577.297,2000,6330.119,5427.264,2000,6218.295,5524.137,2000,6245.472,5452.287,2000,6315.423
5497.31,2000,6163.864,5577.409,2000,6329.042,5427.323,2000,6217.213,5523.987,2000,6244.399,5452.264,2000,6314.34
5497.458,2000,6162.791,5577.486,2000,6327.961,5427.418,2000,6216.134,5523.802,2000,6243.332,5452.276,2000,6313.256
5497.607,2000,6161.718,5577.527,2000,6326.878,5427.549,2000,6215.059,5523.582,2000,6242.271,5452.324,2000,6312.174
5497.756,2000,6160.645,5577.533,2000,6325.795,5427.644,2000,6213.979,5523.396,2000,6241.204,5452.337,2000,6311.091
5497.905,2000,6159.571,5577.503,2000,6324.712,5427.704,2000,6212.898,5523.246,2000,6240.131,5452.314,2000,6310.008
5498.054,2000,6158.498,5577.438,2000,6323.63,5427.728,2000,6211.815,5523.131,2000,6239.054,5452.256,2000,6308.926
5498.203,2000,6157.425,5577.337,2000,6322.552,5427.717,2000,6210.731,5523.051,2000,6237.973,5452.162,2000,6307.847
5498.352,2000,6156.352,5577.201,2000,6321.477,5427.67,2000,6209.649,5523.007,2000,6236.891,5452.033,2000,6306.771
5498.501,2000,6155.278,5577.03,2000,6320.407,5427.588,2000,6208.569,5522.998,2000,6235.807,5451.869,2000,6305.701
5498.65,2000,6154.205,5576.825,2000,6319.344,5427.471,2000,6207.492,5523.024,2000,6234.724,5451.67,2000,6304.636
5498.799,2000,6153.132,5576.584,2000,6318.288,5427.319,2000,6206.419,5523.086,2000,6233.643,5451.436,2000,6303.578
5498.948,2000,6152.059,5576.31,2000,6317.24,5427.131,2000,6205.352,5523.184,2000,6232.563,5451.237,2000,6302.513
5499.097,2000,6150.985,5576.069,2000,6316.184,5426.909,2000,6204.292,5523.316,2000,6231.488,5451.073,2000,6301.442
5499.247,2000,6149.912,5575.864,2000,6315.12,5426.722,2000,6203.225,5523.414,2000,6230.409,5450.944,2000,6300.367
5499.559,2000,6148.875,5575.693,2000,6314.05,5426.569,2000,6202.152,5523.476,2000,6229.328,5450.85,2000,6299.288
5499.872,2000,6147.838,5575.557,2000,6312.976,5426.452,2000,6201.075,5523.502,2000,6228.245,5450.792,2000,6298.206
5500.184,2000,6146.801,5575.457,2000,6311.897,5426.37,2000,6199.995,5523.493,2000,6227.161,5450.769,2000,6297.123
5500.497,2000,6145.764,5575.391,2000,6310.815,5426.324,2000,6198.913,5523.449,2000,6226.079,5450.782,2000,6296.04
5500.809,2000,6144.727,5575.361,2000,6309.732,5426.313,2000,6197.829,5523.369,2000,6224.998,5450.83,2000,6294.958
5501.122,2000,6143.689,5575.367,2000,6308.649,5426.337,2000,6196.746,5523.254,2000,6223.921,5450.913,2000,6293.877
5501.434,2000,6142.652,5575.408,2000,6307.566,5426.396,2000,6195.665,5523.104,2000,6222.848,5451.032,2000,6292.801
5501.747,2000,6141.615,5575.485,2000,6306.486,5426.492,2000,6194.585,5522.918,2000,6221.781,5451.186,2000,6291.729
5502.059,2000,6140.578,5575.597,2000,6305.408,5426.622,2000,6193.51,5522.698,2000,6220.72,5451.375,2000,6290.662
5502.372,2000,6139.541,5575.744,2000,6304.335,5426.717,2000,6192.431,5522.513,2000,6219.653,5451.528,2000,6289.589
5502.684,2000,6138.504,5575.855,2000,6303.257,5426.777,2000,6191.349,5522.363,2000,6218.58,5451.647,2000,6288.513
5502.997,2000,6137.467,5575.932,2000,6302.177,5426.801,2000,6190.266,5522.248,2000,6217.503,5451.73,2000,6287.433
5503.309,2000,6136.43,5575.973,2000,6301.094,5426.79,2000,6189.183,5522.168,2000,6216.422,5451.778,2000,6286.351
5503.622,2000,6135.393,5575.979,2000,6300.011,5426.744,2000,6188.1,5522.124,2000,6215.34,5451.791,2000,6285.267
5503.934,2000,6134.355,5575.949,2000,6298.928,5426.662,2000,6187.02,5522.115,2000,6214.256,5451.768,2000,6284.184
5504.247,2000,6133.318,5575.884,2000,6297.846,5426.544,2000,6185.943,5522.141,2000,6213.173,5451.71,2000,6283.103
5504.559,2000,6132.281,5575.783,2000,6296.768,5426.392,2000,6184.87,5522.203,2000,6212.092,5451.616,2000,6282.023
5504.872,2000,6131.244,5575.647,2000,6295.693,5426.205,2000,6183.803,5522.3,2000,6211.013,5451.487,2000,6280.948
5505.184,2000,6130.207,5575.477,2000,6294.623,5425.982,2000,6182.743,5522.433,2000,6209.938,5451.323,2000,6279.877
5505.497,2000,6129.17,5575.341,2000,6293.548,5425.795,2000,6181.676,5522.56,2000,6208.862,5451.124,2000,6278.812
5505.809,2000,6128.133,5575.24,2000,6292.47,5425.643,2000,6180.604,5522.688,2000,6207.786,5450.89,2000,6277.754
5506.122,2000,6127.096,5575.175,2000,6291.388,5425.525,2000,6179.526,5522.782,2000,6206.707,5450.691,2000,6276.689
5506.434,2000,6126.059,5575.145,2000,6290.305,5425.443,2000,6178.446,5522.84,2000,6205.625,5450.527,2000,6275.619
5506.747,2000,6125.021,5575.151,2000,6289.222,5425.397,2000,6177.364,5522.863,2000,6204.542,5450.398,2000,6274.543
5507.059,2000,6123.984,5575.192,2000,6288.139,5425.386,2000,6176.28,5522.851,2000,6203.459,5450.304,2000,6273.464
5507.371,2000,6122.947,5575.269,2000,6287.059,5425.41,2000,6175.197,5522.803,2000,6202.377,5450.246,2000,6272.382
5507.683,2000,6121.909,5575.38,2000,6285.981,5425.47,2000,6174.116,5522.719,2000,6201.297,5450.223,2000,6271.299
5507.996,2000,6120.872,5575.527,2000,6284.908,5425.565,2000,6173.037,5522.601,2000,6200.22,5450.236,2000,6270.216
5508.308,2000,6119.834,5575.709,2000,6283.84,5425.695,2000,6171.961,5522.447,2000,6199.148,5450.284,2000,6269.134
5508.62,2000,6118.797,5575.856,2000,6282.767,5425.861,2000,6170.89,5522.258,2000,6198.081,5450.367,2000,6268.054
5508.932,2000,6117.76,5575.968,2000,6281.689,5426.062,2000,6169.826,5522.074,2000,6197.013,5450.486,2000,6266.977
5509.245,2000,6116.723,5576.045,2000,6280.608,5426.227,2000,6168.755,5521.926,2000,6195.94,5450.64,2000,6265.905
5509.557,2000,6115.685,5576.086,2000,6279.526,5426.357,2000,6167.679,5521.813,2000,6194.863,5450.758,2000,6264.828
5509.869,2000,6114.648,5576.092,2000,6278.442,5426.453,2000,6166.6,5521.734,2000,6193.782,5450.842,2000,6263.748
5510.181,2000,6113.61,5576.062,2000,6277.359,5426.512,2000,6165.519,5521.691,2000,6192.7,5450.89,2000,6262.666
5510.494,2000,6112.573,5575.997,2000,6276.278,5426.537,2000,6164.436,5521.684,2000,6191.616,5450.902,2000,6261.583
5510.806,2000,6111.536,5575.896,2000,6275.199,5426.525,2000,6163.352,5521.712,2000,6190.533,5450.879,2000,6260.5
5511.118,2000,6110.499,5575.76,2000,6274.125,5426.479,2000,6162.27,5521.776,2000,6189.452,5450.821,2000,6259.418
5511.43,2000,6109.461,5575.589,2000,6273.055,5426.397,2000,6161.189,5521.875,2000,6188.373,5450.728,2000,6258.339
5511.743,2000,6108.424,5575.384,2000,6271.991,5426.28,2000,6160.112,5522.009,2000,6187.298,5450.599,2000,6257.263
5512.055,2000,6107.386,5575.144,2000,6270.935,5426.127,2000,6159.04,5522.179,2000,6186.228,5450.435,2000,6256.192
5512.367,2000,6106.349,5574.938,2000,6269.872,5425.94,2000,6157.973,5522.383,2000,6185.164,5450.306,2000,6255.117
5512.83,2000,6105.37,5574.767,2000,6268.802,5425.788,2000,6156.9,5522.552,2000,6184.094,5450.212,2000,6254.038
5513.293,2000,6104.39,5574.631,2000,6267.727,5425.67,2000,6155.823,5522.687,2000,6183.019,5450.154,2000,6252.956
5513.756,2000,6103.411,5574.531,2000,6266.648,5425.588,2000,6154.743,5522.786,2000,6181.94,5450.131,2000,6251.873
5514.219,2000,6102.431,5574.465,2000,6265.567,5425.542,2000,6153.66,5522.849,2000,6180.859,5450.144,2000,6250.79
5514.682,2000,6101.452,5574.436,2000,6264.484,5425.531,2000,6152.577,5522.877,2000,6179.776,5450.191,2000,6249.708
5515.145,2000,6100.472,5574.441,2000,6263.4,5425.555,2000,6151.494,5522.87,2000,6178.692,5450.275,2000,6248.627
5515.607,2000,6099.493,5574.482,2000,6262.318,5425.615,2000,6150.412,5522.827,2000,6177.61,5450.394,2000,6247.551
5516.07,2000,6098.513,5574.559,2000,6261.237,5425.71,2000,6149.333,5522.749,2000,6176.529,5450.547,2000,6246.479
5516.533,2000,6097.534,5574.671,2000,6260.16,5425.84,2000,6148.257,5522.636,2000,6175.452,5450.736,2000,6245.412
5516.996,2000,6096.554,5574.818,2000,6259.086,5426.006,2000,6147.187,5522.487,2000,6174.379,5450.96,2000,6244.352
5517.459,2000,6095.575,5575,2000,6258.019,5426.207,2000,6146.122,5522.304,2000,6173.311,5451.218,2000,6243.299
5517.922,2000,6094.595,5575.217,2000,6256.957,5426.372,2000,6145.051,5522.155,2000,6172.238,5451.442,2000,6242.239
5518.385,2000,6093.616,5575.468,2000,6255.903,5426.502,2000,6143.976,5522.042,2000,6171.161,5451.631,2000,6241.172
5518.848,2000,6092.636,5575.685,2000,6254.842,5426.598,2000,6142.896,5521.964,2000,6170.08,5451.785,2000,6240.1
5519.311,2000,6091.657,5575.867,2000,6253.774,5426.657,2000,6141.815,5521.921,2000,6168.998,5451.903,2000,6239.023
5519.774,2000,6090.677,5576.014,2000,6252.701,5426.682,2000,6140.732,5521.914,2000,6167.914,5451.987,2000,6237.943
5520.237,2000,6089.698,5576.126,2000,6251.623,5426.67,2000,6139.648,5521.942,2000,6166.831,5452.035,2000,6236.861
5520.701,2000,6088.718,5576.203,2000,6250.542,5426.624,2000,6138.566,5522.005,2000,6165.75,5452.047,2000,6235.778
5521.164,2000,6087.739,5576.244,2000,6249.46,5426.542,2000,6137.486,5522.104,2000,6164.671,5452.024,2000,6234.695
5521.627,2000,6086.759,5576.25,2000,6248.376,5426.425,2000,6136.409,5522.239,2000,6163.596,5451.966,2000,6233.613
5522.09,2000,6085.78,5576.22,2000,6247.293,5426.272,2000,6135.336,5522.408,2000,6162.526,5451.873,2000,6232.534
5522.553,2000,6084.8,5576.154,2000,6246.212,5426.085,2000,6134.269,5522.612,2000,6161.462,5451.744,2000,6231.458
5523.017,2000,6083.821,5576.054,2000,6245.133,5425.933,2000,6133.196,5522.851,2000,6160.405,5451.58,2000,6230.388
5523.48,2000,6082.841,5575.918,2000,6244.059,5425.815,2000,6132.119,5523.125,2000,6159.357,5451.38,2000,6229.323
5523.943,2000,6081.862,5575.817,2000,6242.98,5425.733,2000,6131.039,5523.363,2000,6158.3,5451.216,2000,6228.252
5524.406,2000,6080.882,5575.752,2000,6241.898,5425.687,2000,6129.957,5523.567,2000,6157.236,5451.087,2000,6227.176
5524.869,2000,6079.903,5575.722,2000,6240.815,5425.676,2000,6128.873,5523.737,2000,6156.167,5450.994,2000,6226.097
5525.333,2000,6078.923,5575.728,2000,6239.732,5425.7,2000,6127.79,5523.871,2000,6155.091,5450.936,2000,6225.016
5525.796,2000,6077.944,5575.769,2000,6238.649,5425.76,2000,6126.708,5523.97,2000,6154.013,5450.913,2000,6223.933
5526.259,2000,6076.964,5575.846,2000,6237.569,5425.855,2000,6125.629,5524.034,2000,6152.931,5450.925,2000,6222.849
5526.722,2000,6075.985,5575.958,2000,6236.491,5425.985,2000,6124.554,5524.062,2000,6151.848,5450.973,2000,6221.767
5527.186,2000,6075.005,5576.104,2000,6235.418,5426.151,2000,6123.483,5524.055,2000,6150.765,5451.057,2000,6220.687
5527.648,2000,6074.026,5576.287,2000,6234.35,5426.352,2000,6122.418,5524.012,2000,6149.682,5451.175,2000,6219.61
5528.112,2000,6073.046,5576.503,2000,6233.289,5426.587,2000,6121.361,5523.934,2000,6148.602,5451.329,2000,6218.538
5528.575,2000,6072.067,5576.755,2000,6232.235,5426.856,2000,6120.312,5523.82,2000,6147.524,5451.518,2000,6217.471
5529.038,2000,6071.087,5577.041,2000,6231.19,5427.16,2000,6119.271,5523.672,2000,6146.451,5451.742,2000,6216.411
5529.501,2000,6070.108,5577.292,2000,6230.136,5427.498,2000,6118.242,5523.559,2000,6145.374,5452,2000,6215.359
5529.965,2000,6069.128,5577.509,2000,6229.075,5427.802,2000,6117.202,5523.48,2000,6144.293,5452.292,2000,6214.316
5530.428,2000,6068.149,5577.691,2000,6228.007,5428.071,2000,6116.153,5523.438,2000,6143.211,5452.551,2000,6213.264
5530.891,2000,6067.169,5577.838,2000,6226.934,5428.307,2000,6115.095,5523.43,2000,6142.127,5452.774,2000,6212.204
5531.354,2000,6066.19,5577.95,2000,6225.856,5428.507,2000,6114.031,5523.458,2000,6141.044,5452.963,2000,6211.137
5531.817,2000,6065.21,5578.026,2000,6224.775,5428.673,2000,6112.96,5523.522,2000,6139.963,5453.117,2000,6210.064
5532.281,2000,6064.231,5578.067,2000,6223.693,5428.803,2000,6111.884,5523.621,2000,6138.884,5453.236,2000,6208.988
5532.744,2000,6063.251,5578.073,2000,6222.609,5428.898,2000,6110.805,5523.755,2000,6137.809,5453.319,2000,6207.908
5533.351,2000,6062.354,5578.043,2000,6221.526,5428.958,2000,6109.724,5523.925,2000,6136.739,5453.367,2000,6206.826
5533.958,2000,6061.458,5577.978,2000,6220.445,5428.982,2000,6108.641,5524.129,2000,6135.675,5453.38,2000,6205.742
5534.566,2000,6060.561,5577.877,2000,6219.366,5428.971,2000,6107.557,5524.368,2000,6134.619,5453.357,2000,6204.659
5535.173,2000,6059.664,5577.742,2000,6218.292,5428.925,2000,6106.475,5524.641,2000,6133.57,5453.299,2000,6203.578
5535.781,2000,6058.767,5577.641,2000,6217.213,5428.843,2000,6105.395,5524.949,2000,6132.532,5453.205,2000,6202.499
5536.388,2000,6057.87,5577.576,2000,6216.131,5428.726,2000,6104.317,5525.29,2000,6131.503,5453.147,2000,6201.417
5536.996,2000,6056.973,5577.546,2000,6215.048,5428.644,2000,6103.237,5525.598,2000,6130.465,5453.124,2000,6200.334
5537.603,2000,6056.076,5577.552,2000,6213.965,5428.597,2000,6102.155,5525.871,2000,6129.417,5453.137,2000,6199.25
5538.21,2000,6055.179,5577.593,2000,6212.882,5428.586,2000,6101.071,5526.11,2000,6128.36,5453.185,2000,6198.168
5538.818,2000,6054.282,5577.669,2000,6211.802,5428.61,2000,6099.988,5526.314,2000,6127.296,5453.268,2000,6197.088
5539.425,2000,6053.385,5577.781,2000,6210.724,5428.67,2000,6098.907,5526.483,2000,6126.226,5453.387,2000,6196.012
5540.033,2000,6052.488,5577.928,2000,6209.651,5428.765,2000,6097.828,5526.618,2000,6125.151,5453.541,2000,6194.939
5540.64,2000,6051.591,5578.11,2000,6208.583,5428.896,2000,6096.752,5526.717,2000,6124.072,5453.729,2000,6193.873
5541.248,2000,6050.694,5578.327,2000,6207.521,5429.061,2000,6095.681,5526.78,2000,6122.991,5453.953,2000,6192.813
5541.855,2000,6049.797,5578.579,2000,6206.468,5429.262,2000,6094.617,5526.809,2000,6121.908,5454.211,2000,6191.76
5542.462,2000,6048.9,5578.864,2000,6205.423,5429.497,2000,6093.559,5526.801,2000,6120.824,5454.504,2000,6190.717
5543.069,2000,6048.003,5579.184,2000,6204.388,5429.767,2000,6092.51,5526.758,2000,6119.742,5454.831,2000,6189.684
5543.676,2000,6047.106,5579.538,2000,6203.364,5430.07,2000,6091.47,5526.68,2000,6118.661,5455.19,2000,6188.662
5544.283,2000,6046.209,5579.924,2000,6202.352,5430.408,2000,6090.44,5526.567,2000,6117.584,5455.583,2000,6187.653
5544.89,2000,6045.312,5580.278,2000,6201.328,5430.712,2000,6089.4,5526.489,2000,6116.503,5455.943,2000,6186.631
5545.497,2000,6044.415,5580.598,2000,6200.293,5430.981,2000,6088.351,5526.446,2000,6115.421,5456.27,2000,6185.598
5546.104,2000,6043.518,5580.883,2000,6199.248,5431.217,2000,6087.293,5526.438,2000,6114.337,5456.563,2000,6184.555
5546.711,2000,6042.621,5581.135,2000,6198.194,5431.417,2000,6086.229,5526.467,2000,6113.254,5456.821,2000,6183.502
5547.318,2000,6041.724,5581.352,2000,6197.133,5431.583,2000,6085.158,5526.53,2000,6112.173,5457.044,2000,6182.442
5547.925,2000,6040.827,5581.534,2000,6196.065,5431.713,2000,6084.083,5526.629,2000,6111.094,5457.233,2000,6181.375
5548.532,2000,6039.93,5581.681,2000,6194.992,5431.809,2000,6083.003,5526.764,2000,6110.019,5457.387,2000,6180.303
5549.139,2000,6039.033,5581.792,2000,6193.914,5431.868,2000,6081.922,5526.933,2000,6108.949,5457.506,2000,6179.227
5549.747,2000,6038.136,5581.869,2000,6192.833,5431.893,2000,6080.839,5527.137,2000,6107.885,5457.589,2000,6178.146
5550.354,2000,6037.239,5581.91,2000,6191.751,5431.881,2000,6079.755,5527.376,2000,6106.829,5457.637,2000,6177.064
5550.96,2000,6036.342,5581.916,2000,6190.667,5431.835,2000,6078.673,5527.649,2000,6105.78,5457.65,2000,6175.981
5551.567,2000,6035.445,5581.886,2000,6189.584,5431.753,2000,6077.593,5527.957,2000,6104.742,5457.627,2000,6174.898
5552.174,2000,6034.548,5581.821,2000,6188.503,5431.636,2000,6076.516,5528.298,2000,6103.713,5457.569,2000,6173.816
5552.782,2000,6033.651,5581.72,2000,6187.424,5431.554,2000,6075.436,5528.673,2000,6102.697,5457.475,2000,6172.737
5553.389,2000,6032.754,5581.655,2000,6186.343,5431.507,2000,6074.353,5529.015,2000,6101.668,5457.346,2000,6171.662
5553.996,2000,6031.857,5581.625,2000,6185.26,5431.496,2000,6073.27,5529.322,2000,6100.63,5457.252,2000,6170.583
5554.603,2000,6030.96,5581.631,2000,6184.176,5431.521,2000,6072.187,5529.596,2000,6099.582,5457.194,2000,6169.501
5555.209,2000,6030.063,5581.672,2000,6183.094,5431.58,2000,6071.105,5529.834,2000,6098.525,5457.171,2000,6168.418
5555.817,2000,6029.167,5581.749,2000,6182.013,5431.675,2000,6070.026,5530.039,2000,6097.461,5457.184,2000,6167.334
5556.424,2000,6028.27,5581.86,2000,6180.936,5431.806,2000,6068.95,5530.208,2000,6096.391,5457.232,2000,6166.252
5557.031,2000,6027.373,5582.007,2000,6179.862,5431.971,2000,6067.879,5530.342,2000,6095.316,5457.315,2000,6165.172
5557.638,2000,6026.476,5582.189,2000,6178.794,5432.172,2000,6066.815,5530.441,2000,6094.237,5457.434,2000,6164.096
5558.245,2000,6025.579,5582.406,2000,6177.733,5432.407,2000,6065.757,5530.505,2000,6093.156,5457.588,2000,6163.023
5558.852,2000,6024.682,5582.658,2000,6176.679,5432.677,2000,6064.708,5530.533,2000,6092.073,5457.777,2000,6161.957
5559.459,2000,6023.784,5582.943,2000,6175.634,5432.98,2000,6063.668,5530.526,2000,6090.989,5458,2000,6160.896
5560.194,2000,6022.989,5583.263,2000,6174.599,5433.318,2000,6062.639,5530.483,2000,6089.907,5458.259,2000,6159.844
5560.93,2000,6022.193,5583.617,2000,6173.575,5433.689,2000,6061.621,5530.405,2000,6088.826,5458.551,2000,6158.801
5561.665,2000,6021.398,5583.937,2000,6172.54,5434.094,2000,6060.616,5530.362,2000,6087.744,5458.878,2000,6157.768
5562.4,2000,6020.603,5584.222,2000,6171.495,5434.531,2000,6059.625,5530.354,2000,6086.66,5459.238,2000,6156.746
5563.136,2000,6019.807,5584.474,2000,6170.441,5434.935,2000,6058.62,5530.383,2000,6085.577,5459.564,2000,6155.713
5563.871,2000,6019.012,5584.69,2000,6169.38,5435.306,2000,6057.603,5530.446,2000,6084.496,5459.857,2000,6154.67
5564.606,2000,6018.216,5584.873,2000,6168.312,5435.644,2000,6056.573,5530.545,2000,6083.417,5460.115,2000,6153.618
5565.342,2000,6017.421,5585.02,2000,6167.239,5435.948,2000,6055.533,5530.68,2000,6082.342,5460.339,2000,6152.558
5566.078,2000,6016.625,5585.131,2000,6166.161,5436.217,2000,6054.484,5530.849,2000,6081.272,5460.528,2000,6151.491
5566.813,2000,6015.83,5585.208,2000,6165.081,5436.453,2000,6053.426,5531.053,2000,6080.208,5460.682,2000,6150.418
5567.549,2000,6015.035,5585.249,2000,6163.998,5436.653,2000,6052.362,5531.292,2000,6079.151,5460.8,2000,6149.342
5568.285,2000,6014.239,5585.255,2000,6162.915,5436.819,2000,6051.291,5531.565,2000,6078.103,5460.884,2000,6148.262
5569.021,2000,6013.444,5585.225,2000,6161.832,5436.949,2000,6050.215,5531.873,2000,6077.064,5460.932,2000,6147.18
5569.756,2000,6012.648,5585.16,2000,6160.75,5437.044,2000,6049.136,5532.214,2000,6076.036,5460.944,2000,6146.096
5570.492,2000,6011.853,5585.13,2000,6159.667,5437.104,2000,6048.055,5532.589,2000,6075.02,5460.921,2000,6145.013
5571.228,2000,6011.058,5585.136,2000,6158.583,5437.128,2000,6046.972,5532.997,2000,6074.016,5460.934,2000,6143.93
5571.963,2000,6010.262,5585.177,2000,6157.501,5437.117,2000,6045.888,5533.438,2000,6073.026,5460.982,2000,6142.848
5572.699,2000,6009.467,5585.253,2000,6156.42,5437.071,2000,6044.806,5533.845,2000,6072.023,5461.065,2000,6141.768
5573.435,2000,6008.671,5585.365,2000,6155.343,5436.989,2000,6043.726,5534.22,2000,6071.006,5461.184,2000,6140.691
5574.17,2000,6007.876,5585.512,2000,6154.27,5436.872,2000,6042.648,5534.562,2000,6069.978,5461.338,2000,6139.619
5574.906,2000,6007.081,5585.694,2000,6153.202,5436.79,2000,6041.568,5534.869,2000,6068.939,5461.527,2000,6138.552
5575.642,2000,6006.285,5585.911,2000,6152.14,5436.743,2000,6040.486,5535.143,2000,6067.891,5461.75,2000,6137.492
5576.377,2000,6005.49,5586.163,2000,6151.086,5436.732,2000,6039.402,5535.381,2000,6066.834,5462.009,2000,6136.439
5577.113,2000,6004.694,5586.448,2000,6150.042,5436.756,2000,6038.319,5535.585,2000,6065.771,5462.301,2000,6135.396
5577.849,2000,6003.899,5586.768,2000,6149.006,5436.816,2000,6037.238,5535.755,2000,6064.701,5462.628,2000,6134.363
5578.584,2000,6003.104,5587.122,2000,6147.982,5436.911,2000,6036.159,5535.889,2000,6063.625,5462.988,2000,6133.341
5579.32,2000,6002.308,5587.508,2000,6146.971,5437.042,2000,6035.083,5535.988,2000,6062.547,5463.381,2000,6132.332
5580.056,2000,6001.513,5587.928,2000,6145.972,5437.207,2000,6034.012,5536.052,2000,6061.465,5463.807,2000,6131.336
5580.792,2000,6000.717,5588.38,2000,6144.988,5437.408,2000,6032.948,5536.08,2000,6060.382,5464.266,2000,6130.354
5581.527,2000,5999.922,5588.865,2000,6144.019,5437.643,2000,6031.89,5536.073,2000,6059.299,5464.756,2000,6129.389
5582.263,2000,5999.126,5589.38,2000,6143.066,5437.913,2000,6030.841,5536.101,2000,6058.216,5465.214,2000,6128.407
5582.999,2000,5998.331,5589.865,2000,6142.097,5438.216,2000,6029.801,5536.165,2000,6057.134,5465.641,2000,6127.411
5583.734,2000,5997.536,5590.317,2000,6141.112,5438.554,2000,6028.771,5536.264,2000,6056.056,5466.034,2000,6126.402
5584.47,2000,5996.74,5590.737,2000,6140.114,5438.925,2000,6027.754,5536.398,2000,6054.98,5466.394,2000,6125.38
5585.206,2000,5995.945,5591.124,2000,6139.102,5439.33,2000,6026.749,5536.567,2000,6053.911,5466.72,2000,6124.347
5585.941,2000,5995.149,5591.477,2000,6138.078,5439.767,2000,6025.758,5536.771,2000,6052.847,5467.013,2000,6123.304
5586.677,2000,5994.354,5591.797,2000,6137.043,5440.236,2000,6024.781,5537.01,2000,6051.79,5467.271,2000,6122.251
5587.413,2000,5993.559,5592.083,2000,6135.998,5440.737,2000,6023.821,5537.284,2000,6050.742,5467.495,2000,6121.191
5588.148,2000,5992.763,5592.334,2000,6134.944,5441.269,2000,6022.877,5537.591,2000,6049.703,5467.684,2000,6120.125
5588.884,2000,5991.968,5592.551,2000,6133.883,5441.77,2000,6021.917,5537.933,2000,6048.675,5467.837,2000,6119.052
5589.62,2000,5991.172,5592.733,2000,6132.815,5442.239,2000,6020.94,5538.308,2000,6047.658,5467.956,2000,6117.976
5590.355,2000,5990.377,5592.88,2000,6131.742,5442.676,2000,6019.949,5538.715,2000,6046.655,5468.04,2000,6116.896
5591.091,2000,5989.582,5592.992,2000,6130.664,5443.081,2000,6018.944,5539.156,2000,6045.665,5468.087,2000,6115.813
5591.827,2000,5988.786,5593.068,2000,6129.583,5443.452,2000,6017.926,5539.628,2000,6044.69,5468.1,2000,6114.73
5592.563,2000,5987.991,5593.109,2000,6128.501,5443.79,2000,6016.897,5540.133,2000,6043.731,5468.148,2000,6113.648
5593.41,2000,5987.316,5593.186,2000,6127.42,5444.093,2000,6015.857,5540.605,2000,6042.757,5468.231,2000,6112.568
5594.258,2000,5986.642,5593.298,2000,6126.343,5444.363,2000,6014.808,5541.046,2000,6041.767,5468.35,2000,6111.491
5595.105,2000,5985.968,5593.445,2000,6125.27,5444.598,2000,6013.75,5541.454,2000,6040.764,5468.504,2000,6110.419
5595.953,2000,5985.293,5593.627,2000,6124.202,5444.799,2000,6012.686,5541.829,2000,6039.747,5468.693,2000,6109.352
5596.801,2000,5984.619,5593.844,2000,6123.14,5444.964,2000,6011.615,5542.17,2000,6038.719,5468.917,2000,6108.292
5597.648,2000,5983.945,5594.095,2000,6122.086,5445.095,2000,6010.539,5542.478,2000,6037.68,5469.175,2000,6107.24
5598.496,2000,5983.271,5594.381,2000,6121.042,5445.19,2000,6009.46,5542.751,2000,6036.632,5469.467,2000,6106.197
5599.344,2000,5982.596,5594.701,2000,6120.006,5445.25,2000,6008.378,5542.99,2000,6035.575,5469.794,2000,6105.164
5600.191,2000,5981.922,5595.054,2000,6118.982,5445.274,2000,6007.295,5543.194,2000,6034.511,5470.154,2000,6104.142
5601.039,2000,5981.248,5595.441,2000,6117.971,5445.263,2000,6006.212,5543.363,2000,6033.441,5470.547,2000,6103.132
5601.887,2000,5980.573,5595.861,2000,6116.972,5445.287,2000,6005.129,5543.498,2000,6032.366,5470.973,2000,6102.136
5602.734,2000,5979.899,5596.313,2000,6115.988,5445.347,2000,6004.047,5543.597,2000,6031.288,5471.432,2000,6101.155
5603.582,2000,5979.225,5596.797,2000,6115.019,5445.442,2000,6002.968,5543.66,2000,6030.206,5471.922,2000,6100.189
5604.43,2000,5978.55,5597.25,2000,6114.034,5445.572,2000,6001.893,5543.759,2000,6029.127,5472.443,2000,6099.24
5605.277,2000,5977.876,5597.669,2000,6113.036,5445.738,2000,6000.822,5543.894,2000,6028.052,5472.996,2000,6098.308
5606.125,2000,5977.202,5598.056,2000,6112.024,5445.938,2000,5999.757,5544.063,2000,6026.982,5473.517,2000,6097.359
5606.973,2000,5976.527,5598.41,2000,6111,5446.174,2000,5998.7,5544.267,2000,6025.918,5474.007,2000,6096.393
5607.82,2000,5975.853,5598.729,2000,6109.965,5446.443,2000,5997.65,5544.506,2000,6024.862,5474.466,2000,6095.412
5608.668,2000,5975.179,5599.015,2000,6108.92,5446.747,2000,5996.61,5544.779,2000,6023.813,5474.892,2000,6094.416
5609.516,2000,5974.504,5599.267,2000,6107.866,5447.085,2000,5995.581,5545.087,2000,6022.775,5475.285,2000,6093.406
5610.363,2000,5973.83,5599.483,2000,6106.805,5447.456,2000,5994.563,5545.428,2000,6021.747,5475.645,2000,6092.384
5611.211,2000,5973.156,5599.666,2000,6105.737,5447.86,2000,5993.559,5545.803,2000,6020.73,5475.972,2000,6091.351
5612.059,2000,5972.481,5599.813,2000,6104.664,5448.297,2000,5992.567,5546.211,2000,6019.727,5476.264,2000,6090.308
5612.906,2000,5971.807,5599.924,2000,6103.586,5448.767,2000,5991.591,5546.651,2000,6018.737,5476.522,2000,6089.256
5613.754,2000,5971.133,5600.031,2000,6102.508,5449.268,2000,5990.63,5547.124,2000,6017.762,5476.746,2000,6088.196
5614.602,2000,5970.458,5600.172,2000,6101.434,5449.8,2000,5989.687,5547.564,2000,6016.772,5476.935,2000,6087.129
5615.449,2000,5969.784,5600.349,2000,6100.365,5450.362,2000,5988.761,5547.972,2000,6015.769,5477.089,2000,6086.057
5616.297,2000,5969.11,5600.56,2000,6099.302,5450.955,2000,5987.854,5548.347,2000,6014.752,5477.208,2000,6084.98
5617.145,2000,5968.436,5600.806,2000,6098.247,5451.577,2000,5986.967,5548.688,2000,6013.724,5477.291,2000,6083.9
5617.992,2000,5967.761,5601.086,2000,6097.201,5452.228,2000,5986.101,5548.996,2000,6012.686,5477.41,2000,6082.823
5618.84,2000,5967.087,5601.401,2000,6096.164,5452.85,2000,5985.213,5549.27,2000,6011.637,5477.563,2000,6081.751
5619.688,2000,5966.413,5601.749,2000,6095.138,5453.443,2000,5984.307,5549.577,2000,6010.599,5477.752,2000,6080.684
5620.535,2000,5965.738,5602.131,2000,6094.125,5454.005,2000,5983.381,5549.918,2000,6009.57,5477.976,2000,6079.624
5621.383,2000,5965.064,5602.545,2000,6093.124,5454.538,2000,5982.437,5550.293,2000,6008.554,5478.234,2000,6078.572
5622.23,2000,5964.39,5602.993,2000,6092.137,5455.039,2000,5981.477,5550.701,2000,6007.55,5478.527,2000,6077.529
5623.078,2000,5963.715,5603.472,2000,6091.165,5455.508,2000,5980.5,5551.142,2000,6006.561,5478.854,2000,6076.496
5623.926,2000,5963.041,5603.982,2000,6090.209,5455.945,2000,5979.509,5551.614,2000,6005.586,5479.213,2000,6075.474
5624.773,2000,5962.367,5604.524,2000,6089.271,5456.349,2000,5978.504,5552.119,2000,6004.627,5479.606,2000,6074.464
5625.621,2000,5961.692,5605.096,2000,6088.352,5456.72,2000,5977.486,5552.654,2000,6003.685,5480.033,2000,6073.468
5626.469,2000,5961.018,5605.698,2000,6087.451,5457.058,2000,5976.457,5553.22,2000,6002.761,5480.491,2000,6072.487
5627.316,2000,5960.344,5606.329,2000,6086.57,5457.362,2000,5975.417,5553.815,2000,6001.856,5480.981,2000,6071.521
5628.164,2000,5959.669,5606.989,2000,6085.711,5457.631,2000,5974.368,5554.381,2000,6000.933,5481.503,2000,6070.572
5629.012,2000,5958.995,5607.676,2000,6084.874,5457.867,2000,5973.31,5554.917,2000,5999.991,5482.055,2000,6069.64
5629.859,2000,5958.32,5608.391,2000,6084.059,5458.067,2000,5972.246,5555.421,2000,5999.032,5482.638,2000,6068.727
5630.707,2000,5957.646,5609.078,2000,6083.222,5458.233,2000,5971.175,5555.956,2000,5998.09,5483.25,2000,6067.833
5631.646,2000,5957.105,5609.738,2000,6082.362,5458.363,2000,5970.099,5556.522,2000,5997.166,5483.891,2000,6066.96
5632.585,2000,5956.565,5610.369,2000,6081.482,5458.529,2000,5969.028,5557.118,2000,5996.261,5484.561,2000,6066.109
5633.524,2000,5956.025,5610.971,2000,6080.581,5458.729,2000,5967.964,5557.743,2000,5995.376,5485.257,2000,6065.279
5634.463,2000,5955.485,5611.543,2000,6079.661,5458.965,2000,5966.906,5558.396,2000,5994.513,5485.981,2000,6064.473
5635.402,2000,5954.945,5612.084,2000,6078.723,5459.234,2000,5965.857,5559.078,2000,5993.671,5486.73,2000,6063.691
5636.341,2000,5954.405,5612.595,2000,6077.768,5459.538,2000,5964.817,5559.787,2000,5992.852,5487.505,2000,6062.934
5637.28,2000,5953.865,5613.137,2000,6076.83,5459.876,2000,5963.788,5560.469,2000,5992.01,5488.305,2000,6062.202
5638.219,2000,5953.325,5613.709,2000,6075.91,5460.247,2000,5962.77,5561.123,2000,5991.146,5489.127,2000,6061.498
5639.158,2000,5952.785,5614.311,2000,6075.009,5460.651,2000,5961.765,5561.748,2000,5990.261,5489.973,2000,6060.82
5640.098,2000,5952.245,5614.942,2000,6074.128,5461.088,2000,5960.774,5562.343,2000,5989.356,5490.84,2000,6060.17
5641.037,2000,5951.705,5615.602,2000,6073.269,5461.558,2000,5959.797,5562.909,2000,5988.433,5491.718,2000,6059.536
5641.977,2000,5951.165,5616.289,2000,6072.432,5462.059,2000,5958.837,5563.444,2000,5987.491,5492.596,2000,6058.901
5642.916,2000,5950.625,5616.949,2000,6071.572,5462.591,2000,5957.893,5564.01,2000,5986.567,5493.475,2000,6058.268
5643.855,2000,5950.085,5617.58,2000,6070.692,5463.153,2000,5956.967,5564.606,2000,5985.662,5494.354,2000,6057.634
5644.795,2000,5949.545,5618.182,2000,6069.791,5463.746,2000,5956.061,5565.231,2000,5984.777,5495.233,2000,6057.001
5645.734,2000,5949.005,5618.754,2000,6068.871,5464.368,2000,5955.173,5565.885,2000,5983.914,5496.113,2000,6056.369
5646.674,2000,5948.465,5619.295,2000,6067.933,5465.019,2000,5954.307,5566.566,2000,5983.072,5496.993,2000,6055.737
5647.613,2000,5947.925,5619.868,2000,6067.013,5465.698,2000,5953.463,5567.22,2000,5982.208,5497.873,2000,6055.106
5648.553,2000,5947.385,5620.47,2000,6066.112,5466.404,2000,5952.641,5567.845,2000,5981.323,5498.754,2000,6054.476
5649.492,2000,5946.845,5621.101,2000,6065.232,5467.136,2000,5951.843,5568.441,2000,5980.418,5499.635,2000,6053.846
5650.432,2000,5946.305,5621.76,2000,6064.373,5467.895,2000,5951.069,5569.007,2000,5979.495,5500.517,2000,6053.217
5651.371,2000,5945.765,5622.448,2000,6063.535,5468.678,2000,5950.32,5569.542,2000,5978.553,5501.399,2000,6052.588
5652.311,2000,5945.225,5623.107,2000,6062.676,5469.485,2000,5949.598,5570.108,2000,5977.629,5502.281,2000,6051.959
5653.25,2000,5944.685,5623.738,2000,6061.795,5470.315,2000,5948.902,5570.704,2000,5976.724,5503.164,2000,6051.332
5654.189,2000,5944.145,5624.34,2000,6060.895,5471.168,2000,5948.233,5571.329,2000,5975.839,5504.047,2000,6050.704
5655.129,2000,5943.604,5624.913,2000,6059.975,5472.042,2000,5947.593,5571.982,2000,5974.976,5504.93,2000,6050.077
5656.068,2000,5943.064,5625.454,2000,6059.037,5472.937,2000,5946.982,5572.664,2000,5974.134,5505.814,2000,6049.451
5657.008,2000,5942.524,5626.026,2000,6058.117,5473.851,2000,5946.401,5573.318,2000,5973.27,5506.698,2000,6048.825
5657.947,2000,5941.984,5626.628,2000,6057.216,5474.783,2000,5945.85,5573.943,2000,5972.385,5507.583,2000,6048.199
5658.887,2000,5941.444,5627.259,2000,6056.335,5475.733,2000,5945.329,5574.539,2000,5971.48,5508.467,2000,6047.574
5659.826,2000,5940.904,5627.919,2000,6055.476,5476.7,2000,5944.84,5575.104,2000,5970.557,5509.353,2000,6046.95
5660.766,2000,5940.364,5628.55,2000,6054.596,5477.682,2000,5944.383,5575.7,2000,5969.652,5510.238,2000,6046.326
5661.705,2000,5939.824,5629.152,2000,6053.695,5478.679,2000,5943.958,5576.325,2000,5968.767,5511.124,2000,6045.702
5662.645,2000,5939.284,5629.724,2000,6052.775,5479.688,2000,5943.566,5576.979,2000,5967.903,5512.01,2000,6045.079
5663.584,2000,5938.744,5630.326,2000,6051.874,5480.711,2000,5943.207,5577.604,2000,5967.019,5512.897,2000,6044.457
5664.523,2000,5938.204,5630.957,2000,6050.994,5481.721,2000,5942.815,5578.24,2000,5966.142,5513.784,2000,6043.834
5665.463,2000,5937.664,5631.617,2000,6050.134,5482.717,2000,5942.39,5578.875,2000,5965.264,5514.671,2000,6043.213
5666.402,2000,5937.124,5632.304,2000,6049.297,5483.699,2000,5941.933,5579.508,2000,5964.385,5515.559,2000,6042.592
5667.342,2000,5936.584,5633.019,2000,6048.482,5484.666,2000,5941.444,5580.14,2000,5963.505,5516.446,2000,6041.971
5668.281,2000,5936.044,5633.706,2000,6047.645,5485.616,2000,5940.923,5580.8,2000,5962.646,5517.334,2000,6041.351
5669.221,2000,5935.504,5634.366,2000,6046.786,5486.549,2000,5940.372,5581.487,2000,5961.809,5518.223,2000,6040.73
5670.16,2000,5934.964,5634.997,2000,6045.905,5487.463,2000,5939.791,5582.202,2000,5960.995,5519.111,2000,6040.111
5671.1,2000,5934.424,5635.656,2000,6045.046,5488.357,2000,5939.18,5582.89,2000,5960.158,5520,2000,6039.492
5672.039,2000,5933.884,5636.344,2000,6044.208,5489.231,2000,5938.54,5583.55,2000,5959.299,5520.89,2000,6038.874
5672.979,2000,5933.344,5637.058,2000,6043.394,5490.084,2000,5937.871,5584.181,2000,5958.419,5521.78,2000,6038.255
5673.918,2000,5932.804,5637.746,2000,6042.557,5490.915,2000,5937.175,5584.841,2000,5957.56,5522.67,2000,6037.638
5674.928,2000,5932.412,5638.405,2000,6041.697,5491.722,2000,5936.453,5585.529,2000,5956.723,5523.56,2000,6037.021
5675.938,2000,5932.02,5639.036,2000,6040.817,5492.505,2000,5935.704,5586.244,2000,5955.909,5524.451,2000,6036.405
5676.947,2000,5931.627,5639.696,2000,6039.958,5493.263,2000,5934.93,5586.931,2000,5955.072,5525.343,2000,6035.79
5677.957,2000,5931.235,5640.383,2000,6039.12,5493.996,2000,5934.132,5587.591,2000,5954.213,5526.236,2000,6035.177
5678.967,2000,5930.843,5641.098,2000,6038.306,5494.702,2000,5933.31,5588.223,2000,5953.333,5527.13,2000,6034.564
5679.977,2000,5930.451,5641.785,2000,6037.468,5495.38,2000,5932.466,5588.883,2000,5952.474,5528.024,2000,6033.954
5680.986,2000,5930.059,5642.445,2000,6036.609,5496.031,2000,5931.6,5589.57,2000,5951.637,5528.92,2000,6033.344
5681.996,2000,5929.667,5643.076,2000,6035.729,5496.653,2000,5930.712,5590.285,2000,5950.823,5529.816,2000,6032.735
5683.006,2000,5929.275,5643.735,2000,6034.869,5497.246,2000,5929.806,5590.973,2000,5949.986,5530.713,2000,6032.127
5684.016,2000,5928.883,5644.423,2000,6034.032,5497.809,2000,5928.88,5591.633,2000,5949.127,5531.611,2000,6031.521
5685.025,2000,5928.491,5645.137,2000,6033.217,5498.341,2000,5927.936,5592.264,2000,5948.247,5532.509,2000,6030.916
5686.035,2000,5928.099,5645.825,2000,6032.38,5498.842,2000,5926.976,5592.924,2000,5947.388,5533.409,2000,6030.312
5687.045,2000,5927.707,5646.484,2000,6031.521,5499.311,2000,5925.999,5593.612,2000,5946.551,5534.309,2000,6029.709
5688.055,2000,5927.314,5647.115,2000,6030.64,5499.748,2000,5925.008,5594.327,2000,5945.737,5535.21,2000,6029.108
5689.064,2000,5926.922,5647.775,2000,6029.781,5500.152,2000,5924.003,5595.014,2000,5944.9,5536.112,2000,6028.507
5690.074,2000,5926.53,5648.462,2000,6028.943,5500.523,2000,5922.985,5595.674,2000,5944.042,5537.014,2000,6027.908
5691.084,2000,5926.138,5649.177,2000,6028.129,5500.861,2000,5921.956,5596.306,2000,5943.161,5537.917,2000,6027.31
5692.094,2000,5925.746,5649.864,2000,6027.292,5501.165,2000,5920.916,5596.966,2000,5942.302,5538.821,2000,6026.713
5693.104,2000,5925.354,5650.524,2000,6026.432,5501.435,2000,5919.867,5597.653,2000,5941.465,5539.726,2000,6026.117
5694.113,2000,5924.962,5651.155,2000,6025.552,5501.67,2000,5918.809,5598.368,2000,5940.651,5540.631,2000,6025.522
5695.123,2000,5924.57,5651.814,2000,6024.692,5501.871,2000,5917.745,5599.056,2000,5939.814,5541.538,2000,6024.929
5696.133,2000,5924.178,5652.502,2000,6023.855,5502.036,2000,5916.674,5599.716,2000,5938.956,5542.444,2000,6024.336
5697.143,2000,5923.786,5653.216,2000,6023.041,5502.237,2000,5915.609,5600.347,2000,5938.075,5543.352,2000,6023.745
5698.152,2000,5923.394,5653.904,2000,6022.203,5502.472,2000,5914.552,5601.007,2000,5937.216,5544.26,2000,6023.154
5699.162,2000,5923.001,5654.563,2000,6021.344,5502.742,2000,5913.502,5601.695,2000,5936.379,5545.169,2000,6022.565
5700.172,2000,5922.609,5655.194,2000,6020.463,5503.045,2000,5912.462,5602.41,2000,5935.565,5546.079,2000,6021.977
5701.182,2000,5922.217,5655.854,2000,6019.604,5503.383,2000,5911.433,5603.097,2000,5934.729,5546.99,2000,6021.39
5702.191,2000,5921.825,5656.542,2000,6018.767,5503.754,2000,5910.416,5603.757,2000,5933.87,5547.901,2000,6020.804
5703.201,2000,5921.433,5657.256,2000,6017.952,5504.159,2000,5909.411,5604.389,2000,5932.989,5548.813,2000,6020.219
5704.211,2000,5921.041,5657.943,2000,6017.115,5504.596,2000,5908.419,5605.049,2000,5932.13,5549.725,2000,6019.635
5705.221,2000,5920.649,5658.603,2000,6016.255,5505.065,2000,5907.443,5605.736,2000,5931.293,5550.638,2000,6019.052
5706.23,2000,5920.257,5659.234,2000,6015.375,5505.566,2000,5906.482,5606.451,2000,5930.479,5551.552,2000,6018.47
5707.24,2000,5919.865,5659.894,2000,6014.516,5506.098,2000,5905.539,5607.139,2000,5929.643,5552.467,2000,6017.89
5708.25,2000,5919.473,5660.581,2000,6013.678,5506.661,2000,5904.613,5607.799,2000,5928.784,5553.382,2000,6017.31
5709.26,2000,5919.081,5661.295,2000,6012.864,5507.253,2000,5903.706,5608.43,2000,5927.903,5554.298,2000,6016.731
5710.27,2000,5918.688,5661.983,2000,6012.026,5507.875,2000,5902.819,5609.09,2000,5927.044,5555.214,2000,6016.154
5711.279,2000,5918.296,5662.643,2000,6011.167,5508.526,2000,5901.953,5609.778,2000,5926.208,5556.131,2000,6015.577
5712.289,2000,5917.904,5663.273,2000,6010.287,5509.205,2000,5901.108,5610.493,2000,5925.394,5557.049,2000,6015.001
5713.299,2000,5917.512,5663.933,2000,6009.427,5509.911,2000,5900.287,5611.18,2000,5924.557,5557.968,2000,6014.427
5714.309,2000,5917.12,5664.621,2000,6008.59,5510.644,2000,5899.488,5611.84,2000,5923.698,5558.887,2000,6013.854
5715.318,2000,5916.728,5665.335,2000,6007.775,5511.402,2000,5898.714,5612.472,2000,5922.817,5559.807,2000,6013.282
5716.328,2000,5916.336,5666.022,2000,6006.938,5512.185,2000,5897.966,5613.132,2000,5921.958,5560.727,2000,6012.71
5717.338,2000,5915.944,5666.682,2000,6006.079,5512.992,2000,5897.243,5613.819,2000,5921.122,5561.648,2000,6012.14
5718.348,2000,5915.552,5667.313,2000,6005.198,5513.823,2000,5896.547,5614.534,2000,5920.308,5562.569,2000,6011.571
5719.357,2000,5915.159,5667.973,2000,6004.339,5514.675,2000,5895.879,5615.222,2000,5919.471,5563.492,2000,6011.002
5720.367,2000,5914.767,5668.66,2000,6003.501,5515.549,2000,5895.239,5615.882,2000,5918.612,5564.415,2000,6010.435
5721.377,2000,5914.375,5669.375,2000,6002.687,5516.444,2000,5894.628,5616.513,2000,5917.731,5565.338,2000,6009.869
5722.435,2000,5914.14,5670.062,2000,6001.85,5517.358,2000,5894.046,5617.173,2000,5916.873,5566.262,2000,6009.303
5723.492,2000,5913.906,5670.722,2000,6000.99,5518.291,2000,5893.495,5617.861,2000,5916.036,5567.187,2000,6008.74
5724.55,2000,5913.671,5671.353,2000,6000.11,5519.241,2000,5892.975,5618.576,2000,5915.222,5568.113,2000,6008.178
5725.607,2000,5913.437,5672.012,2000,5999.25,5520.208,2000,5892.485,5619.263,2000,5914.385,5569.041,2000,6007.618
5726.665,2000,5913.203,5672.7,2000,5998.413,5521.189,2000,5892.028,5619.923,2000,5913.526,5569.969,2000,6007.059
5727.723,2000,5912.968,5673.414,2000,5997.599,5522.186,2000,5891.604,5620.555,2000,5912.646,5570.898,2000,6006.502
5728.78,2000,5912.734,5674.102,2000,5996.761,5523.196,2000,5891.211,5621.215,2000,5911.787,5571.828,2000,6005.947
5729.838,2000,5912.5,5674.761,2000,5995.902,5524.218,2000,5890.853,5621.902,2000,5910.95,5572.76,2000,6005.394
5730.896,2000,5912.265,5675.392,2000,5995.021,5525.228,2000,5890.46,5622.617,2000,5910.136,5573.692,2000,6004.843
5731.953,2000,5912.031,5676.052,2000,5994.162,5526.225,2000,5890.036,5623.305,2000,5909.299,5574.626,2000,6004.293
5733.011,2000,5911.796,5676.739,2000,5993.325,5527.207,2000,5889.579,5623.965,2000,5908.44,5575.561,2000,6003.745
5734.068,2000,5911.562,5677.454,2000,5992.51,5528.173,2000,5889.089,5624.596,2000,5907.56,5576.496,2000,6003.199
5735.126,2000,5911.328,5678.141,2000,5991.673,5529.124,2000,5888.569,5625.256,2000,5906.701,5577.433,2000,6002.654
5736.184,2000,5911.093,5678.801,2000,5990.813,5530.056,2000,5888.018,5625.944,2000,5905.864,5578.37,2000,6002.111
5737.241,2000,5910.859,5679.434,2000,5989.934,5530.97,2000,5887.436,5626.659,2000,5905.05,5579.309,2000,6001.57
5738.299,2000,5910.625,5680.095,2000,5989.076,5531.865,2000,5886.825,5627.346,2000,5904.213,5580.248,2000,6001.031
5739.356,2000,5910.39,5680.784,2000,5988.24,5532.739,2000,5886.185,5628.006,2000,5903.354,5581.188,2000,6000.493
5740.414,2000,5910.156,5681.5,2000,5987.427,5533.591,2000,5885.517,5628.638,2000,5902.474,5582.13,2000,5999.957
5741.472,2000,5909.921,5682.188,2000,5986.591,5534.422,2000,5884.821,5629.298,2000,5901.615,5583.072,2000,5999.422
5742.529,2000,5909.687,5682.904,2000,5985.778,5535.229,2000,5884.098,5629.985,2000,5900.778,5583.997,2000,5998.857
5743.587,2000,5909.453,5683.646,2000,5984.989,5536.012,2000,5883.35,5630.7,2000,5899.964,5584.902,2000,5998.262
5744.645,2000,5909.218,5684.414,2000,5984.225,5536.771,2000,5882.576,5631.441,2000,5899.173,5585.787,2000,5997.637
5745.702,2000,5908.984,5685.207,2000,5983.486,5537.503,2000,5881.777,5632.208,2000,5898.408,5586.651,2000,5996.984
5746.76,2000,5908.75,5686.022,2000,5982.773,5538.209,2000,5880.956,5632.999,2000,5897.667,5587.494,2000,5996.303
5747.817,2000,5908.515,5686.861,2000,5982.088,5538.888,2000,5880.111,5633.814,2000,5896.954,5588.314,2000,5995.595
5748.875,2000,5908.281,5687.722,2000,5981.43,5539.539,2000,5879.245,5634.652,2000,5896.267,5589.11,2000,5994.861
5749.933,2000,5908.046,5688.604,2000,5980.801,5540.161,2000,5878.358,5635.512,2000,5895.607,5589.882,2000,5994.101
5750.99,2000,5907.812,5689.506,2000,5980.201,5540.753,2000,5877.451,5636.393,2000,5894.977,5590.629,2000,5993.315
5752.048,2000,5907.578,5690.427,2000,5979.63,5541.316,2000,5876.525,5637.293,2000,5894.375,5591.349,2000,5992.506
5753.105,2000,5907.343,5691.367,2000,5979.091,5541.848,2000,5875.582,5638.214,2000,5893.804,5592.042,2000,5991.674
5754.163,2000,5907.109,5692.288,2000,5978.521,5542.349,2000,5874.621,5639.152,2000,5893.263,5592.763,2000,5990.865
5755.221,2000,5906.875,5693.19,2000,5977.92,5542.818,2000,5873.645,5640.108,2000,5892.752,5593.509,2000,5990.08
5756.278,2000,5906.64,5694.072,2000,5977.291,5543.255,2000,5872.653,5641.08,2000,5892.274,5594.281,2000,5989.32
5757.336,2000,5906.406,5694.933,2000,5976.633,5543.66,2000,5871.648,5642.066,2000,5891.827,5595.078,2000,5988.585
5758.394,2000,5906.171,5695.814,2000,5976.004,5544.097,2000,5870.657,5643.038,2000,5891.349,5595.897,2000,5987.877
5759.451,2000,5905.937,5696.716,2000,5975.404,5544.566,2000,5869.681,5643.994,2000,5890.838,5596.74,2000,5987.196
5760.509,2000,5905.703,5697.638,2000,5974.833,5545.067,2000,5868.72,5644.932,2000,5890.297,5597.604,2000,5986.543
5761.566,2000,5905.469,5698.577,2000,5974.294,5545.599,2000,5867.776,5645.853,2000,5889.726,5598.49,2000,5985.919
5762.624,2000,5905.235,5699.534,2000,5973.785,5546.162,2000,5866.851,5646.753,2000,5889.124,5599.395,2000,5985.324
5763.682,2000,5905,5700.506,2000,5973.308,5546.754,2000,5865.944,5647.634,2000,5888.494,5600.319,2000,5984.759
5764.739,2000,5904.767,5701.494,2000,5972.863,5547.376,2000,5865.057,5648.494,2000,5887.834,5601.262,2000,5984.224
5765.797,2000,5904.532,5702.467,2000,5972.386,5548.027,2000,5864.19,5649.375,2000,5887.204,5602.221,2000,5983.721
5766.854,2000,5904.298,5703.423,2000,5971.877,5548.706,2000,5863.346,5650.276,2000,5886.603,5603.196,2000,5983.249
5767.912,2000,5904.064,5704.363,2000,5971.338,5549.412,2000,5862.524,5651.196,2000,5886.031,5604.172,2000,5982.778
5768.97,2000,5903.83,5705.284,2000,5970.768,5550.145,2000,5861.726,5652.135,2000,5885.49,5605.148,2000,5982.309
5770.027,2000,5903.596,5706.186,2000,5970.167,5550.903,2000,5860.952,5653.09,2000,5884.979,5606.125,2000,5981.84
5771.085,2000,5903.362,5707.068,2000,5969.538,5551.686,2000,5860.204,5654.062,2000,5884.501,5607.103,2000,5981.374
5772.166,2000,5903.289,5707.929,2000,5968.88,5552.493,2000,5859.481,5655.049,2000,5884.054,5608.081,2000,5980.908
5773.247,2000,5903.215,5708.811,2000,5968.251,5553.324,2000,5858.785,5656.021,2000,5883.576,5609.061,2000,5980.445
5774.328,2000,5903.142,5709.712,2000,5967.651,5554.176,2000,5858.117,5656.976,2000,5883.065,5610.041,2000,5979.984
5775.409,2000,5903.069,5710.634,2000,5967.081,5555.05,2000,5857.477,5657.915,2000,5882.524,5611.022,2000,5979.525
5776.49,2000,5902.996,5711.573,2000,5966.541,5555.945,2000,5856.866,5658.835,2000,5881.953,5612.005,2000,5979.068
5777.571,2000,5902.922,5712.53,2000,5966.032,5556.859,2000,5856.284,5659.736,2000,5881.351,5612.988,2000,5978.613
5778.652,2000,5902.849,5713.502,2000,5965.555,5557.792,2000,5855.733,5660.617,2000,5880.721,5613.973,2000,5978.161
5779.733,2000,5902.776,5714.49,2000,5965.11,5558.742,2000,5855.212,5661.477,2000,5880.062,5614.958,2000,5977.71
5780.814,2000,5902.703,5715.463,2000,5964.633,5559.708,2000,5854.723,5662.357,2000,5879.431,5615.944,2000,5977.262
5781.896,2000,5902.629,5716.419,2000,5964.125,5560.69,2000,5854.266,5663.258,2000,5878.83,5616.932,2000,5976.815
5782.977,2000,5902.556,5717.359,2000,5963.585,5561.687,2000,5853.841,5664.179,2000,5878.258,5617.919,2000,5976.371
5784.058,2000,5902.483,5718.28,2000,5963.015,5562.697,2000,5853.449,5665.117,2000,5877.717,5618.908,2000,5975.929
5785.139,2000,5902.41,5719.182,2000,5962.415,5563.719,2000,5853.09,5666.073,2000,5877.207,5619.898,2000,5975.488
5786.22,2000,5902.336,5720.064,2000,5961.785,5564.752,2000,5852.765,5667.044,2000,5876.728,5620.889,2000,5975.05
5787.301,2000,5902.263,5720.925,2000,5961.127,5565.796,2000,5852.474,5668.031,2000,5876.281,5621.88,2000,5974.614
5788.382,2000,5902.19,5721.807,2000,5960.498,5566.848,2000,5852.217,5669.003,2000,5875.803,5622.857,2000,5974.146
5789.463,2000,5902.117,5722.708,2000,5959.898,5567.908,2000,5851.995,5669.958,2000,5875.292,5623.818,2000,5973.646
5790.544,2000,5902.043,5723.63,2000,5959.328,5568.975,2000,5851.808,5670.897,2000,5874.751,5624.763,2000,5973.115
5791.625,2000,5901.97,5724.569,2000,5958.788,5570.048,2000,5851.655,5671.817,2000,5874.18,5625.689,2000,5972.553
5792.706,2000,5901.897,5725.526,2000,5958.279,5571.125,2000,5851.538,5672.718,2000,5873.578,5626.596,2000,5971.961
5793.787,2000,5901.824,5726.499,2000,5957.802,5572.205,2000,5851.456,5673.599,2000,5872.948,5627.484,2000,5971.34
5794.868,2000,5901.75,5727.486,2000,5957.357,5573.288,2000,5851.41,5674.459,2000,5872.289,5628.351,2000,5970.69
5795.949,2000,5901.677,5728.459,2000,5956.88,5574.371,2000,5851.398,5675.34,2000,5871.658,5629.238,2000,5970.069
5797.03,2000,5901.604,5729.416,2000,5956.372,5575.454,2000,5851.423,5676.241,2000,5871.057,5630.146,2000,5969.477
5798.111,2000,5901.531,5730.355,2000,5955.832,5576.536,2000,5851.482,5677.161,2000,5870.485,5631.072,2000,5968.915
5799.192,2000,5901.458,5731.276,2000,5955.262,5577.615,2000,5851.578,5678.1,2000,5869.944,5632.016,2000,5968.384
5800.273,2000,5901.384,5732.178,2000,5954.662,5578.69,2000,5851.708,5679.055,2000,5869.434,5632.977,2000,5967.884
5801.354,2000,5901.311,5733.06,2000,5954.032,5579.761,2000,5851.874,5680.027,2000,5868.955,5633.954,2000,5967.416
5802.436,2000,5901.238,5733.921,2000,5953.375,5580.826,2000,5852.074,5681.014,2000,5868.508,5634.946,2000,5966.979
5803.517,2000,5901.165,5734.803,2000,5952.745,5581.883,2000,5852.309,5682.015,2000,5868.094,5635.923,2000,5966.511
5804.598,2000,5901.091,5735.705,2000,5952.145,5582.941,2000,5852.542,5683.001,2000,5867.647,5636.884,2000,5966.011
5805.679,2000,5901.018,5736.626,2000,5951.575,5584,2000,5852.774,5683.973,2000,5867.169,5637.828,2000,5965.48
5806.76,2000,5900.945,5737.565,2000,5951.035,5585.058,2000,5853.005,5684.929,2000,5866.659,5638.754,2000,5964.918
5807.841,2000,5900.872,5738.522,2000,5950.526,5586.117,2000,5853.234,5685.867,2000,5866.118,5639.662,2000,5964.326
5808.922,2000,5900.798,5739.495,2000,5950.049,5587.176,2000,5853.461,5686.788,2000,5865.546,5640.549,2000,5963.705
5810.003,2000,5900.725,5740.482,2000,5949.604,5588.236,2000,5853.688,5687.688,2000,5864.944,5641.416,2000,5963.055
5811.084,2000,5900.652,5741.484,2000,5949.192,5589.295,2000,5853.912,5688.569,2000,5864.314,5642.261,2000,5962.377
5812.165,2000,5900.579,5742.472,2000,5948.747,5590.347,2000,5854.171,5689.47,2000,5863.712,5643.127,2000,5961.728
5813.246,2000,5900.506,5743.445,2000,5948.27,5591.39,2000,5854.465,5690.391,2000,5863.141,5644.015,2000,5961.106
5814.327,2000,5900.433,5744.401,2000,5947.761,5592.423,2000,5854.792,5691.329,2000,5862.6,5644.922,2000,5960.515
5815.408,2000,5900.36,5745.341,2000,5947.222,5593.444,2000,5855.154,5692.285,2000,5862.089,5645.849,2000,5959.953
5816.489,2000,5900.287,5746.262,2000,5946.651,5594.453,2000,5855.548,5693.256,2000,5861.611,5646.793,2000,5959.421
5817.57,2000,5900.214,5747.167,2000,5946.055,5595.449,2000,5855.976,5694.243,2000,5861.164,5647.754,2000,5958.921
5818.651,2000,5900.141,5748.074,2000,5945.463,5596.43,2000,5856.435,5695.244,2000,5860.75,5648.731,2000,5958.453
5819.732,2000,5900.068,5749.001,2000,5944.902,5597.395,2000,5856.926,5696.231,2000,5860.303,5649.723,2000,5958.017
5820.813,2000,5899.995,5749.945,2000,5944.372,5598.344,2000,5857.449,5697.203,2000,5859.825,5650.728,2000,5957.614
5821.895,2000,5899.922,5750.907,2000,5943.873,5599.275,2000,5858.003,5698.158,2000,5859.314,5651.746,2000,5957.243
5822.976,2000,5899.849,5751.884,2000,5943.405,5600.188,2000,5858.586,5699.097,2000,5858.773,5652.773,2000,5956.897
5824.055,2000,5899.939,5752.876,2000,5942.969,5601.081,2000,5859.2,5700.017,2000,5858.202,5653.8,2000,5956.553
5825.135,2000,5900.03,5753.882,2000,5942.566,5601.953,2000,5859.842,5700.918,2000,5857.6,5654.828,2000,5956.211
5826.214,2000,5900.121,5754.9,2000,5942.197,5602.804,2000,5860.512,5701.838,2000,5857.028,5655.844,2000,5955.836
5827.294,2000,5900.212,5755.93,2000,5941.861,5603.633,2000,5861.21,5702.777,2000,5856.487,5656.848,2000,5955.428
5828.374,2000,5900.303,5756.949,2000,5941.491,5604.438,2000,5861.935,5703.732,2000,5855.977,5657.864,2000,5955.052
5829.453,2000,5900.394,5757.955,2000,5941.088,5605.219,2000,5862.685,5704.704,2000,5855.499,5658.892,2000,5954.71
5830.533,2000,5900.484,5758.973,2000,5940.719,5605.976,2000,5863.461,5705.691,2000,5855.052,5659.908,2000,5954.335
5831.612,2000,5900.575,5760.003,2000,5940.383,5606.757,2000,5864.211,5706.692,2000,5854.638,5660.911,2000,5953.927
5832.692,2000,5900.666,5761.021,2000,5940.013,5607.562,2000,5864.936,5707.706,2000,5854.257,5661.927,2000,5953.551
5833.771,2000,5900.757,5762.027,2000,5939.61,5608.391,2000,5865.634,5708.732,2000,5853.909,5662.955,2000,5953.209
5834.851,2000,5900.848,5763.02,2000,5939.175,5609.242,2000,5866.304,5709.769,2000,5853.595,5663.991,2000,5952.892
5835.931,2000,5900.938,5764.025,2000,5938.772,5610.114,2000,5866.946,5710.815,2000,5853.315,5665.015,2000,5952.54
5837.01,2000,5901.029,5765.044,2000,5938.402,5611.007,2000,5867.56,5711.87,2000,5853.07,5666.028,2000,5952.155
5838.09,2000,5901.12,5766.074,2000,5938.066,5611.92,2000,5868.143,5712.933,2000,5852.859,5667.027,2000,5951.737
5839.169,2000,5901.211,5767.114,2000,5937.764,5612.851,2000,5868.697,5714.001,2000,5852.683,5668.013,2000,5951.286
5840.249,2000,5901.302,5768.144,2000,5937.428,5613.8,2000,5869.22,5715.076,2000,5852.542,5669.012,2000,5950.868
5841.329,2000,5901.393,5769.163,2000,5937.059,5614.765,2000,5869.711,5716.154,2000,5852.437,5670.025,2000,5950.483
5842.408,2000,5901.483,5770.192,2000,5936.723,5615.746,2000,5870.17,5717.228,2000,5852.296,5671.049,2000,5950.131
5843.488,2000,5901.574,5771.233,2000,5936.42,5616.742,2000,5870.598,5718.297,2000,5852.121,5672.085,2000,5949.813
5844.567,2000,5901.665,5772.283,2000,5936.152,5617.75,2000,5870.992,5719.359,2000,5851.91,5673.13,2000,5949.529
5845.647,2000,5901.756,5773.341,2000,5935.919,5618.772,2000,5871.354,5720.415,2000,5851.664,5674.185,2000,5949.28
5846.727,2000,5901.847,5774.406,2000,5935.72,5619.805,2000,5871.681,5721.461,2000,5851.384,5675.247,2000,5949.065
5847.806,2000,5901.938,5775.477,2000,5935.557,5620.848,2000,5871.975,5722.498,2000,5851.07,5676.315,2000,5948.885
5848.886,2000,5902.028,5776.552,2000,5935.428,5621.899,2000,5872.234,5723.523,2000,5850.723,5677.389,2000,5948.74
5849.965,2000,5902.119,5777.631,2000,5935.335,5622.959,2000,5872.458,5724.538,2000,5850.342,5678.466,2000,5948.63
5851.045,2000,5902.209,5778.707,2000,5935.207,5624.025,2000,5872.648,5725.563,2000,5849.994,5679.547,2000,5948.555
5852.125,2000,5902.3,5779.778,2000,5935.043,5625.098,2000,5872.803,5726.6,2000,5849.68,5680.629,2000,5948.516
5853.204,2000,5902.391,5780.843,2000,5934.844,5626.174,2000,5872.923,5727.646,2000,5849.4,5681.713,2000,5948.512
5854.284,2000,5902.481,5781.901,2000,5934.611,5627.254,2000,5873.007,5728.702,2000,5849.155,5682.796,2000,5948.544
5855.363,2000,5902.572,5782.951,2000,5934.343,5628.336,2000,5873.057,5729.764,2000,5848.944,5683.877,2000,5948.611
5856.443,2000,5902.663,5783.991,2000,5934.041,5629.419,2000,5873.07,5730.833,2000,5848.768,5684.956,2000,5948.714
5857.522,2000,5902.753,5785.021,2000,5933.705,5630.502,2000,5873.048,5731.907,2000,5848.627,5686.03,2000,5948.852
5858.602,2000,5902.844,5786.04,2000,5933.335,5631.584,2000,5872.991,5732.985,2000,5848.522,5687.1,2000,5949.024
5859.682,2000,5902.934,5787.045,2000,5932.932,5632.664,2000,5872.898,5734.066,2000,5848.452,5688.163,2000,5949.232
5860.761,2000,5903.025,5788.064,2000,5932.563,5633.74,2000,5872.771,5735.145,2000,5848.346,5689.218,2000,5949.474
5861.841,2000,5903.115,5789.094,2000,5932.227,5634.811,2000,5872.607,5736.219,2000,5848.206,5690.266,2000,5949.751
5862.92,2000,5903.206,5790.134,2000,5931.924,5635.875,2000,5872.41,5737.288,2000,5848.03,5691.303,2000,5950.062
5864,2000,5903.296,5791.184,2000,5931.656,5636.934,2000,5872.177,5738.35,2000,5847.819,5692.33,2000,5950.407
5865.08,2000,5903.387,5792.242,2000,5931.423,5637.983,2000,5871.91,5739.405,2000,5847.573,5693.345,2000,5950.785
5866.159,2000,5903.478,5793.307,2000,5931.224,5639.024,2000,5871.609,5740.452,2000,5847.293,5694.348,2000,5951.196
5867.239,2000,5903.568,5794.378,2000,5931.061,5640.054,2000,5871.273,5741.488,2000,5846.979,5695.336,2000,5951.64
5868.318,2000,5903.659,5795.454,2000,5930.932,5641.073,2000,5870.905,5742.514,2000,5846.632,5696.309,2000,5952.116
5869.398,2000,5903.75,5796.533,2000,5930.839,5642.079,2000,5870.503,5743.528,2000,5846.251,5697.266,2000,5952.623
5870.478,2000,5903.84,5797.614,2000,5930.781,5643.071,2000,5870.068,5744.529,2000,5845.837,5698.206,2000,5953.162
5871.557,2000,5903.931,5798.693,2000,5930.688,5644.048,2000,5869.602,5745.543,2000,5845.456,5699.128,2000,5953.73
5872.637,2000,5904.021,5799.769,2000,5930.559,5645.041,2000,5869.167,5746.569,2000,5845.108,5700.068,2000,5954.269
5873.716,2000,5904.112,5800.84,2000,5930.396,5646.046,2000,5868.765,5747.606,2000,5844.794,5701.025,2000,5954.776
5874.796,2000,5904.202,5801.905,2000,5930.197,5647.065,2000,5868.396,5748.652,2000,5844.515,5701.998,2000,5955.252
5875.85,2000,5904.453,5802.963,2000,5929.963,5648.095,2000,5868.061,5749.708,2000,5844.269,5702.986,2000,5955.696
5876.904,2000,5904.703,5804.013,2000,5929.695,5649.136,2000,5867.76,5750.77,2000,5844.058,5703.989,2000,5956.107
5877.958,2000,5904.954,5805.053,2000,5929.393,5650.186,2000,5867.493,5751.839,2000,5843.882,5705.004,2000,5956.485
5879.013,2000,5905.204,5806.083,2000,5929.057,5651.244,2000,5867.26,5752.913,2000,5843.742,5706.031,2000,5956.83
5880.067,2000,5905.455,5807.113,2000,5928.72,5652.309,2000,5867.063,5753.991,2000,5843.636,5707.068,2000,5957.141
5881.121,2000,5905.705,5808.145,2000,5928.391,5653.379,2000,5866.899,5755.072,2000,5843.566,5708.116,2000,5957.418
5882.175,2000,5905.956,5809.18,2000,5928.069,5654.455,2000,5866.771,5756.155,2000,5843.531,5709.171,2000,5957.66
5883.229,2000,5906.206,5810.224,2000,5927.782,5655.535,2000,5866.679,5757.236,2000,5843.461,5710.234,2000,5957.868
5884.284,2000,5906.457,5811.277,2000,5927.528,5656.617,2000,5866.622,5758.314,2000,5843.355,5711.304,2000,5958.041
5885.338,2000,5906.707,5812.338,2000,5927.31,5657.7,2000,5866.6,5759.389,2000,5843.215,5712.378,2000,5958.178
5886.392,2000,5906.958,5813.406,2000,5927.126,5658.783,2000,5866.613,5760.458,2000,5843.039,5713.457,2000,5958.281
5887.446,2000,5907.208,5814.479,2000,5926.977,5659.865,2000,5866.663,5761.52,2000,5842.828,5714.538,2000,5958.348
5888.5,2000,5907.458,5815.556,2000,5926.863,5660.945,2000,5866.747,5762.575,2000,5842.583,5715.621,2000,5958.38
5889.555,2000,5907.709,5816.637,2000,5926.785,5662.021,2000,5866.867,5763.622,2000,5842.303,5716.705,2000,5958.376
5890.609,2000,5907.959,5817.719,2000,5926.742,5663.094,2000,5867.021,5764.658,2000,5841.989,5717.787,2000,5958.337
5891.663,2000,5908.21,5818.803,2000,5926.735,5664.16,2000,5867.211,5765.684,2000,5841.641,5718.868,2000,5958.262
5892.717,2000,5908.46,5819.885,2000,5926.692,5665.226,2000,5867.404,5766.721,2000,5841.327,5719.945,2000,5958.152
5893.771,2000,5908.711,5820.966,2000,5926.614,5666.292,2000,5867.596,5767.767,2000,5841.047,5721.019,2000,5958.007
5894.826,2000,5908.961,5822.043,2000,5926.5,5667.358,2000,5867.789,5768.822,2000,5840.802,5722.087,2000,5957.827
5895.88,2000,5909.212,5823.116,2000,5926.351,5668.424,2000,5867.981,5769.885,2000,5840.591,5723.149,2000,5957.612
5896.934,2000,5909.462,5824.184,2000,5926.167,5669.49,2000,5868.174,5770.954,2000,5840.415,5724.204,2000,5957.363
5897.988,2000,5909.713,5825.245,2000,5925.949,5670.556,2000,5868.368,5772.028,2000,5840.274,5725.249,2000,5957.079
5899.042,2000,5909.963,5826.302,2000,5925.713,5671.622,2000,5868.562,5773.106,2000,5840.169,5726.294,2000,5956.792
5900.097,2000,5910.214,5827.36,2000,5925.484,5672.688,2000,5868.755,5774.187,2000,5840.099,5727.339,2000,5956.509
5901.151,2000,5910.464,5828.42,2000,5925.261,5673.753,2000,5868.95,5775.27,2000,5840.064,5728.386,2000,5956.229
5902.205,2000,5910.715,5829.482,2000,5925.045,5674.819,2000,5869.144,5776.354,2000,5840.064,5729.433,2000,5955.951
5903.259,2000,5910.965,5830.545,2000,5924.836,5675.885,2000,5869.339,5777.436,2000,5840.101,5730.481,2000,5955.677
5904.313,2000,5911.216,5831.609,2000,5924.633,5676.95,2000,5869.534,5778.517,2000,5840.172,5731.53,2000,5955.405
5905.368,2000,5911.466,5832.679,2000,5924.465,5678.016,2000,5869.729,5779.6,2000,5840.208,5732.579,2000,5955.137
5906.422,2000,5911.717,5833.754,2000,5924.332,5679.081,2000,5869.925,5780.683,2000,5840.208,5733.629,2000,5954.871
5907.476,2000,5911.967,5834.833,2000,5924.234,5680.146,2000,5870.121,5781.766,2000,5840.174,5734.681,2000,5954.608
5908.53,2000,5912.218,5835.915,2000,5924.172,5681.212,2000,5870.317,5782.847,2000,5840.104,5735.732,2000,5954.349
5909.584,2000,5912.468,5836.998,2000,5924.145,5682.277,2000,5870.513,5783.925,2000,5839.998,5736.785,2000,5954.092
5910.639,2000,5912.719,5838.082,2000,5924.153,5683.349,2000,5870.674,5785,2000,5839.857,5737.846,2000,5953.87
5911.693,2000,5912.969,5839.164,2000,5924.197,5684.425,2000,5870.8,5786.068,2000,5839.682,5738.913,2000,5953.683
5912.747,2000,5913.22,5840.245,2000,5924.277,5685.504,2000,5870.891,5787.131,2000,5839.471,5739.985,2000,5953.53
5913.801,2000,5913.47,5841.327,2000,5924.321,5686.586,2000,5870.947,5788.2,2000,5839.295,5741.063,2000,5953.413
5914.854,2000,5913.721,5842.411,2000,5924.329,5687.669,2000,5870.967,5789.274,2000,5839.154,5742.143,2000,5953.332
5915.908,2000,5913.971,5843.494,2000,5924.302,5688.752,2000,5870.952,5790.352,2000,5839.049,5743.225,2000,5953.285
5916.962,2000,5914.222,5844.575,2000,5924.24,5689.834,2000,5870.901,5791.433,2000,5838.979,5744.309,2000,5953.274
5918.016,2000,5914.472,5845.654,2000,5924.142,5690.915,2000,5870.815,5792.516,2000,5838.944,5745.392,2000,5953.299
5919.069,2000,5914.723,5846.729,2000,5924.009,5691.991,2000,5870.693,5793.6,2000,5838.944,5746.473,2000,5953.359
5920.123,2000,5914.973,5847.804,2000,5923.872,5693.063,2000,5870.537,5794.682,2000,5838.98,5747.552,2000,5953.454
5921.177,2000,5915.224,5848.879,2000,5923.739,5694.129,2000,5870.345,5795.763,2000,5839.052,5748.627,2000,5953.584
5922.23,2000,5915.474,5849.958,2000,5923.642,5695.189,2000,5870.119,5796.846,2000,5839.088,5749.698,2000,5953.75
5923.284,2000,5915.725,5851.04,2000,5923.581,5696.24,2000,5869.858,5797.929,2000,5839.088,5750.763,2000,5953.951
5924.338,2000,5915.975,5852.123,2000,5923.554,5697.3,2000,5869.631,5799.012,2000,5839.054,5751.833,2000,5954.116
5925.392,2000,5916.226,5853.207,2000,5923.563,5698.366,2000,5869.44,5800.093,2000,5838.983,5752.909,2000,5954.247
5926.445,2000,5916.476,5854.289,2000,5923.608,5699.438,2000,5869.283,5801.171,2000,5838.878,5753.988,2000,5954.342
5927.499,2000,5916.727,5855.373,2000,5923.617,5700.515,2000,5869.162,5802.252,2000,5838.808,5755.069,2000,5954.402
5928.502,2000,5917.136,5856.456,2000,5923.591,5701.595,2000,5869.076,5803.335,2000,5838.773,5756.152,2000,5954.426
5929.506,2000,5917.544,5857.537,2000,5923.529,5702.677,2000,5869.025,5804.419,2000,5838.773,5757.236,2000,5954.416
5930.509,2000,5917.953,5858.617,2000,5923.439,5703.76,2000,5869.01,5805.501,2000,5838.81,5758.318,2000,5954.369
5931.513,2000,5918.362,5859.699,2000,5923.385,5704.843,2000,5869.03,5806.585,2000,5838.81,5759.398,2000,5954.288
5932.516,2000,5918.771,5860.782,2000,5923.366,5705.925,2000,5869.085,5807.668,2000,5838.775,5760.476,2000,5954.17
5933.52,2000,5919.179,5861.865,2000,5923.383,5707.004,2000,5869.176,5808.749,2000,5838.705,5761.548,2000,5954.018
5934.523,2000,5919.588,5862.947,2000,5923.435,5708.081,2000,5869.302,5809.827,2000,5838.6,5762.615,2000,5953.831
5935.526,2000,5919.997,5864.03,2000,5923.451,5709.152,2000,5869.463,5810.908,2000,5838.529,5763.678,2000,5953.62
5936.53,2000,5920.405,5865.113,2000,5923.432,5710.217,2000,5869.66,5811.991,2000,5838.495,5764.741,2000,5953.412
5937.533,2000,5920.814,5866.195,2000,5923.386,5711.289,2000,5869.821,5813.075,2000,5838.495,5765.81,2000,5953.238
5938.537,2000,5921.223,5867.278,2000,5923.347,5712.365,2000,5869.947,5814.157,2000,5838.531,5766.885,2000,5953.1
5939.54,2000,5921.631,5868.361,2000,5923.315,5713.444,2000,5870.038,5815.238,2000,5838.603,5767.963,2000,5952.997
5940.543,2000,5922.04,5869.444,2000,5923.318,5714.526,2000,5870.093,5816.321,2000,5838.639,5769.044,2000,5952.93
5941.547,2000,5922.449,5870.527,2000,5923.356,5715.609,2000,5870.113,5817.404,2000,5838.639,5770.127,2000,5952.897
5942.55,2000,5922.857,5871.607,2000,5923.431,5716.692,2000,5870.098,5818.487,2000,5838.604,5771.211,2000,5952.901
5943.554,2000,5923.266,5872.69,2000,5923.469,5717.774,2000,5870.047,5819.571,2000,5838.605,5772.293,2000,5952.94
5944.557,2000,5923.675,5873.773,2000,5923.472,5718.854,2000,5869.961,5820.653,2000,5838.641,5773.374,2000,5953.014
5945.561,2000,5924.083,5874.857,2000,5923.475,5719.931,2000,5869.84,5821.734,2000,5838.712,5774.452,2000,5953.124
5946.564,2000,5924.492,5875.94,2000,5923.484,5721.003,2000,5869.683,5822.813,2000,5838.819,5775.525,2000,5953.268
5947.567,2000,5924.901,5877.023,2000,5923.529,5722.069,2000,5869.492,5823.894,2000,5838.891,5776.594,2000,5953.448
5948.571,2000,5925.31,5878.104,2000,5923.609,5723.141,2000,5869.335,5824.976,2000,5838.927,5777.667,2000,5953.592
5949.574,2000,5925.718,5879.181,2000,5923.725,5724.218,2000,5869.213,5826.06,2000,5838.927,5778.745,2000,5953.702
5950.578,2000,5926.127,5880.261,2000,5923.805,5725.298,2000,5869.127,5827.142,2000,5838.963,5779.826,2000,5953.776
5951.581,2000,5926.536,5881.344,2000,5923.85,5726.38,2000,5869.077,5828.223,2000,5839.035,5780.908,2000,5953.815
5952.584,2000,5926.944,5882.426,2000,5923.891,5727.463,2000,5869.062,5829.301,2000,5839.142,5781.992,2000,5953.818
5953.588,2000,5927.353,5883.509,2000,5923.938,5728.546,2000,5869.082,5830.375,2000,5839.284,5783.075,2000,5953.786
5954.591,2000,5927.762,5884.589,2000,5924.021,5729.628,2000,5869.137,5831.454,2000,5839.391,5784.156,2000,5953.719
5955.595,2000,5928.17,5885.666,2000,5924.138,5730.708,2000,5869.228,5832.535,2000,5839.462,5785.234,2000,5953.616
5956.598,2000,5928.579,5886.738,2000,5924.291,5731.784,2000,5869.354,5833.617,2000,5839.498,5786.309,2000,5953.478
5957.602,2000,5928.988,5887.815,2000,5924.409,5732.855,2000,5869.515,5834.698,2000,5839.569,5787.381,2000,5953.321
5958.605,2000,5929.396,5888.896,2000,5924.491,5733.931,2000,5869.641,5835.776,2000,5839.676,5788.458,2000,5953.199
5959.608,2000,5929.805,5889.976,2000,5924.567,5735.011,2000,5869.732,5836.851,2000,5839.818,5789.538,2000,5953.113
5960.612,2000,5930.213,5891.056,2000,5924.648,5736.093,2000,5869.788,5837.919,2000,5839.996,5790.62,2000,5953.062
5961.615,2000,5930.622,5892.133,2000,5924.765,5737.176,2000,5869.808,5838.994,2000,5840.138,5791.703,2000,5953.046
5962.619,2000,5931.03,5893.206,2000,5924.917,5738.259,2000,5869.792,5840.072,2000,5840.245,5792.786,2000,5953.066
5963.622,2000,5931.438,5894.273,2000,5925.104,5739.341,2000,5869.742,5841.153,2000,5840.316,5793.868,2000,5953.122
5964.625,2000,5931.847,5895.346,2000,5925.255,5740.421,2000,5869.656,5842.231,2000,5840.423,5794.947,2000,5953.212
5965.629,2000,5932.255,5896.423,2000,5925.372,5741.498,2000,5869.534,5843.305,2000,5840.565,5796.023,2000,5953.338
5966.632,2000,5932.664,5897.501,2000,5925.479,5742.569,2000,5869.377,5844.374,2000,5840.742,5797.095,2000,5953.5
5967.636,2000,5933.072,5898.579,2000,5925.591,5743.646,2000,5869.256,5845.437,2000,5840.954,5798.171,2000,5953.625
5968.639,2000,5933.481,5899.652,2000,5925.738,5744.726,2000,5869.17,5846.505,2000,5841.131,5799.25,2000,5953.716
5969.643,2000,5933.889,5900.72,2000,5925.92,5745.808,2000,5869.119,5847.58,2000,5841.273,5800.333,2000,5953.771
5970.646,2000,5934.298,5901.781,2000,5926.137,5746.891,2000,5869.104,5848.658,2000,5841.38,5801.416,2000,5953.792
5971.649,2000,5934.706,5902.849,2000,5926.319,5747.974,2000,5869.124,5849.732,2000,5841.522,5802.499,2000,5953.776
5972.653,2000,5935.115,5903.922,2000,5926.466,5749.056,2000,5869.18,5850.801,2000,5841.7,5803.581,2000,5953.725
5973.656,2000,5935.523,5904.997,2000,5926.602,5750.136,2000,5869.271,5851.863,2000,5841.912,5804.661,2000,5953.639
5974.66,2000,5935.932,5906.067,2000,5926.772,5751.212,2000,5869.396,5852.932,2000,5842.089,5805.738,2000,5953.523
5975.663,2000,5936.34,5907.13,2000,5926.977,5752.283,2000,5869.558,5854.006,2000,5842.231,5806.815,2000,5953.411
5976.667,2000,5936.749,5908.2,2000,5927.147,5753.349,2000,5869.754,5855.075,2000,5842.408,5807.893,2000,5953.302
5977.67,2000,5937.157,5909.273,2000,5927.298,5754.42,2000,5869.915,5856.138,2000,5842.62,5808.974,2000,5953.229
5978.6,2000,5937.712,5910.34,2000,5927.483,5755.496,2000,5870.041,5857.207,2000,5842.797,5810.057,2000,5953.19
5979.53,2000,5938.267,5911.401,2000,5927.704,5756.576,2000,5870.132,5858.281,2000,5842.939,5811.14,2000,5953.188
5980.46,2000,5938.822,5912.468,2000,5927.889,5757.658,2000,5870.188,5859.35,2000,5843.117,5812.223,2000,5953.22
5981.391,2000,5939.377,5913.538,2000,5928.061,5758.741,2000,5870.208,5860.412,2000,5843.329,5813.304,2000,5953.288
5982.321,2000,5939.933,5914.606,2000,5928.239,5759.824,2000,5870.192,5861.467,2000,5843.575,5814.383,2000,5953.392
5983.251,2000,5940.488,5915.668,2000,5928.452,5760.906,2000,5870.142,5862.529,2000,5843.787,5815.457,2000,5953.53
5984.181,2000,5941.043,5916.723,2000,5928.7,5761.986,2000,5870.056,5863.598,2000,5843.964,5816.526,2000,5953.704
5985.111,2000,5941.598,5917.785,2000,5928.913,5763.063,2000,5869.934,5864.661,2000,5844.176,5817.589,2000,5953.913
5986.042,2000,5942.153,5918.85,2000,5929.113,5764.143,2000,5869.848,5865.715,2000,5844.423,5818.659,2000,5954.086
5986.972,2000,5942.708,5919.907,2000,5929.349,5765.225,2000,5869.797,5866.778,2000,5844.635,5819.733,2000,5954.225
5987.902,2000,5943.264,5920.957,2000,5929.619,5766.308,2000,5869.782,5867.847,2000,5844.812,5820.812,2000,5954.329
5988.832,2000,5943.819,5922.014,2000,5929.854,5767.391,2000,5869.802,5868.909,2000,5845.024,5821.893,2000,5954.396
5989.762,2000,5944.374,5923.075,2000,5930.076,5768.473,2000,5869.858,5869.964,2000,5845.271,5822.976,2000,5954.429
5990.692,2000,5944.929,5924.134,2000,5930.303,5769.552,2000,5869.949,5871.01,2000,5845.551,5824.059,2000,5954.426
5991.623,2000,5945.484,5925.192,2000,5930.535,5770.628,2000,5870.075,5872.047,2000,5845.866,5825.142,2000,5954.388
5992.553,2000,5946.04,5926.242,2000,5930.802,5771.7,2000,5870.236,5873.093,2000,5846.147,5826.224,2000,5954.331
5993.483,2000,5946.595,5927.282,2000,5931.104,5772.765,2000,5870.432,5874.148,2000,5846.394,5827.306,2000,5954.277
5994.413,2000,5947.15,5928.313,2000,5931.438,5773.824,2000,5870.663,5875.21,2000,5846.605,5828.388,2000,5954.227
5995.343,2000,5947.706,5929.353,2000,5931.74,5774.889,2000,5870.859,5876.265,2000,5846.852,5829.471,2000,5954.212
5996.273,2000,5948.262,5930.403,2000,5932.007,5775.96,2000,5871.021,5877.312,2000,5847.133,5830.554,2000,5954.233
5997.204,2000,5948.817,5931.455,2000,5932.267,5777.037,2000,5871.146,5878.348,2000,5847.448,5831.636,2000,5954.29
5998.134,2000,5949.373,5932.505,2000,5932.531,5778.116,2000,5871.237,5879.374,2000,5847.796,5832.715,2000,5954.381
5999.064,2000,5949.928,5933.555,2000,5932.8,5779.198,2000,5871.293,5880.388,2000,5848.179,5833.791,2000,5954.508
5999.994,2000,5950.483,5934.595,2000,5933.104,5780.281,2000,5871.313,5881.414,2000,5848.527,5834.862,2000,5954.67
6000.924,2000,5951.039,5935.624,2000,5933.441,5781.364,2000,5871.298,5882.45,2000,5848.842,5835.928,2000,5954.868
6001.854,2000,5951.594,5936.642,2000,5933.812,5782.446,2000,5871.247,5883.497,2000,5849.123,5836.986,2000,5955.1
6002.785,2000,5952.15,5937.647,2000,5934.215,5783.529,2000,5871.232,5884.551,2000,5849.37,5838.051,2000,5955.297
6003.715,2000,5952.705,5938.666,2000,5934.586,5784.612,2000,5871.252,5885.598,2000,5849.65,5839.123,2000,5955.459
6004.645,2000,5953.261,5939.695,2000,5934.923,5785.694,2000,5871.308,5886.634,2000,5849.965,5840.198,2000,5955.586
6005.575,2000,5953.816,5940.735,2000,5935.227,5786.774,2000,5871.398,5887.66,2000,5850.314,5841.278,2000,5955.678
6006.505,2000,5954.372,5941.776,2000,5935.525,5787.85,2000,5871.524,5888.674,2000,5850.696,5842.36,2000,5955.734
6007.436,2000,5954.927,5942.816,2000,5935.828,5788.921,2000,5871.686,5889.674,2000,5851.111,5843.443,2000,5955.755
6008.366,2000,5955.482,5943.855,2000,5936.135,5789.987,2000,5871.882,5890.661,2000,5851.559,5844.526,2000,5955.75
6009.296,2000,5956.038,5944.884,2000,5936.476,5791.045,2000,5872.113,5891.661,2000,5851.974,5845.61,2000,5955.748
6010.226,2000,5956.593,5945.9,2000,5936.85,5792.111,2000,5872.309,5892.675,2000,5852.356,5846.693,2000,5955.781
6011.156,2000,5957.149,5946.904,2000,5937.257,5793.182,2000,5872.47,5893.701,2000,5852.705,5847.774,2000,5955.85
6012.086,2000,5957.704,5947.894,2000,5937.697,5794.258,2000,5872.596,5894.737,2000,5853.02,5848.852,2000,5955.955
6013.017,2000,5958.26,5948.869,2000,5938.169,5795.338,2000,5872.687,5895.784,2000,5853.301,5849.926,2000,5956.094
6013.947,2000,5958.815,5949.859,2000,5938.609,5796.42,2000,5872.743,5896.82,2000,5853.616,5850.996,2000,5956.269
6014.877,2000,5959.371,5950.863,2000,5939.017,5797.503,2000,5872.763,5897.846,2000,5853.964,5852.059,2000,5956.479
6015.807,2000,5959.926,5951.879,2000,5939.391,5798.586,2000,5872.748,5898.86,2000,5854.347,5853.114,2000,5956.723
6016.737,2000,5960.481,5952.908,2000,5939.732,5799.669,2000,5872.768,5899.86,2000,5854.762,5854.177,2000,5956.932
6017.667,2000,5961.037,5953.938,2000,5940.067,5800.751,2000,5872.823,5900.847,2000,5855.209,5855.247,2000,5957.107
6018.598,2000,5961.592,5954.967,2000,5940.405,5801.831,2000,5872.914,5901.818,2000,5855.689,5856.321,2000,5957.247
6019.528,2000,5962.148,5955.995,2000,5940.748,5802.907,2000,5873.04,5902.773,2000,5856.2,5857.399,2000,5957.351
6020.458,2000,5962.703,5957.011,2000,5941.123,5803.978,2000,5873.201,5903.744,2000,5856.68,5858.473,2000,5957.491
6021.388,2000,5963.259,5958.015,2000,5941.532,5805.043,2000,5873.397,5904.73,2000,5857.127,5859.542,2000,5957.666
6022.318,2000,5963.814,5959.004,2000,5941.973,5806.102,2000,5873.628,5905.731,2000,5857.542,5860.605,2000,5957.875
6023.249,2000,5964.37,5959.991,2000,5942.418,5807.152,2000,5873.894,5906.745,2000,5857.925,5861.661,2000,5958.119
6024.179,2000,5964.925,5960.978,2000,5942.865,5808.193,2000,5874.194,5907.771,2000,5858.273,5862.708,2000,5958.398
6025.016,2000,5965.613,5961.964,2000,5943.313,5809.224,2000,5874.527,5908.807,2000,5858.588,5863.745,2000,5958.711
6025.853,2000,5966.301,5962.965,2000,5943.729,5810.243,2000,5874.895,5909.833,2000,5858.937,5864.771,2000,5959.058
6026.689,2000,5966.989,5963.979,2000,5944.111,5811.25,2000,5875.295,5910.847,2000,5859.319,5865.786,2000,5959.438
6027.526,2000,5967.677,5965.004,2000,5944.46,5812.247,2000,5875.719,5911.847,2000,5859.734,5866.788,2000,5959.851
6028.363,2000,5968.365,5966.041,2000,5944.776,5813.243,2000,5876.145,5912.833,2000,5860.182,5867.775,2000,5960.296
6029.2,2000,5969.053,5967.066,2000,5945.125,5814.238,2000,5876.572,5913.834,2000,5860.597,5868.747,2000,5960.773
6030.037,2000,5969.741,5968.08,2000,5945.507,5815.233,2000,5877,5914.848,2000,5860.979,5869.703,2000,5961.283
6030.874,2000,5970.429,5969.08,2000,5945.923,5816.228,2000,5877.43,5915.874,2000,5861.328,5870.642,2000,5961.823
6031.711,2000,5971.117,5970.067,2000,5946.369,5817.222,2000,5877.86,5916.91,2000,5861.643,5871.563,2000,5962.394
6032.548,2000,5971.805,5971.068,2000,5946.783,5818.216,2000,5878.292,5917.936,2000,5861.992,5872.465,2000,5962.994
6033.385,2000,5972.493,5972.083,2000,5947.164,5819.208,2000,5878.726,5918.95,2000,5862.374,5873.347,2000,5963.624
6034.222,2000,5973.181,5973.084,2000,5947.577,5820.201,2000,5879.16,5919.95,2000,5862.789,5874.249,2000,5964.224
6035.059,2000,5973.869,5974.083,2000,5947.996,5821.192,2000,5879.596,5920.937,2000,5863.237,5875.169,2000,5964.795
6035.896,2000,5974.557,5975.08,2000,5948.419,5822.184,2000,5880.033,5921.908,2000,5863.716,5876.108,2000,5965.335
6036.732,2000,5975.245,5976.075,2000,5948.847,5823.174,2000,5880.471,5922.863,2000,5864.228,5877.064,2000,5965.844
6037.569,2000,5975.933,5977.056,2000,5949.307,5824.165,2000,5880.91,5923.834,2000,5864.707,5878.037,2000,5966.322
6038.406,2000,5976.621,5978.021,2000,5949.799,5825.154,2000,5881.351,5924.82,2000,5865.155,5879.024,2000,5966.767
6039.243,2000,5977.309,5978.97,2000,5950.322,5826.144,2000,5881.793,5925.821,2000,5865.57,5880.025,2000,5967.18
6040.08,2000,5977.997,5979.936,2000,5950.814,5827.132,2000,5882.236,5926.807,2000,5866.018,5881.04,2000,5967.56
6040.917,2000,5978.685,5980.917,2000,5951.274,5828.12,2000,5882.68,5927.778,2000,5866.497,5882.066,2000,5967.907
6041.754,2000,5979.372,5981.902,2000,5951.725,5829.107,2000,5883.125,5928.733,2000,5867.008,5883.104,2000,5968.22
6042.591,2000,5980.06,5982.885,2000,5952.179,5830.094,2000,5883.572,5929.671,2000,5867.55,5884.15,2000,5968.499
6043.428,2000,5980.748,5983.854,2000,5952.665,5831.081,2000,5884.02,5930.626,2000,5868.062,5885.206,2000,5968.743
6044.265,2000,5981.435,5984.837,2000,5953.119,5832.066,2000,5884.469,5931.598,2000,5868.541,5886.253,2000,5969.021
6045.102,2000,5982.123,5985.824,2000,5953.565,5833.052,2000,5884.919,5932.584,2000,5868.989,5887.29,2000,5969.334
6045.938,2000,5982.811,5986.811,2000,5954.012,5834.037,2000,5885.371,5933.584,2000,5869.404,5888.316,2000,5969.681
6046.775,2000,5983.498,5987.798,2000,5954.459,5835.021,2000,5885.823,5934.598,2000,5869.786,5889.331,2000,5970.061
6047.612,2000,5984.186,5988.784,2000,5954.908,5836.005,2000,5886.277,5935.624,2000,5870.135,5890.333,2000,5970.474
6048.449,2000,5984.873,5989.785,2000,5955.323,5836.988,2000,5886.732,5936.638,2000,5870.517,5891.32,2000,5970.919
6049.286,2000,5985.561,5990.798,2000,5955.706,5837.971,2000,5887.188,5937.638,2000,5870.932,5892.292,2000,5971.397
6050.123,2000,5986.249,5991.824,2000,5956.055,5838.953,2000,5887.645,5938.625,2000,5871.38,5893.248,2000,5971.906
6050.96,2000,5986.936,5992.86,2000,5956.371,5839.934,2000,5888.104,5939.596,2000,5871.859,5894.187,2000,5972.446
6051.797,2000,5987.624,5993.886,2000,5956.72,5840.915,2000,5888.563,5940.582,2000,5872.307,5895.108,2000,5973.017
6052.634,2000,5988.312,5994.899,2000,5957.103,5841.896,2000,5889.023,5941.583,2000,5872.722,5896.047,2000,5973.557
6053.471,2000,5988.999,5995.9,2000,5957.518,5842.875,2000,5889.485,5942.596,2000,5873.104,5897.003,2000,5974.066
6054.308,2000,5989.687,5996.886,2000,5957.966,5843.855,2000,5889.948,5943.622,2000,5873.453,5897.975,2000,5974.544
6055.145,2000,5990.375,5997.857,2000,5958.446,5844.834,2000,5890.412,5944.659,2000,5873.768,5898.962,2000,5974.989
6055.981,2000,5991.062,5998.813,2000,5958.958,5845.813,2000,5890.877,5945.685,2000,5874.117,5899.964,2000,5975.402
6056.818,2000,5991.75,5999.757,2000,5959.488,5846.791,2000,5891.344,5946.698,2000,5874.499,5900.979,2000,5975.782
6057.655,2000,5992.438,6000.7,2000,5960.021,5847.768,2000,5891.811,5947.699,2000,5874.914,5902.005,2000,5976.129
6058.492,2000,5993.125,6001.642,2000,5960.557,5848.745,2000,5892.279,5948.685,2000,5875.362,5903.042,2000,5976.442
6059.329,2000,5993.813,6002.6,2000,5961.062,5849.722,2000,5892.749,5949.656,2000,5875.841,5904.068,2000,5976.789
6060.166,2000,5994.5,6003.575,2000,5961.535,5850.697,2000,5893.219,5950.611,2000,5876.353,5905.083,2000,5977.168
6061.003,2000,5995.188,6004.564,2000,5961.976,5851.672,2000,5893.691,5951.549,2000,5876.895,5906.084,2000,5977.582
6061.84,2000,5995.875,6005.568,2000,5962.384,5852.663,2000,5894.13,5952.469,2000,5877.467,5907.072,2000,5978.027
6062.677,2000,5996.563,6006.584,2000,5962.76,5853.667,2000,5894.537,5953.369,2000,5878.07,5908.044,2000,5978.504
6063.514,2000,5997.251,6007.612,2000,5963.102,5854.657,2000,5894.977,5954.25,2000,5878.701,5909,2000,5979.014
6064.351,2000,5997.938,6008.628,2000,5963.477,5855.632,2000,5895.448,5955.15,2000,5879.304,5909.939,2000,5979.554
6065.188,2000,5998.626,6009.631,2000,5963.885,5856.604,2000,5895.926,5956.069,2000,5879.876,5910.86,2000,5980.125
6066.024,2000,5999.314,6010.621,2000,5964.326,5857.576,2000,5896.404,5957.007,2000,5880.418,5911.799,2000,5980.665
6066.861,2000,6000.001,6011.596,2000,5964.799,5858.547,2000,5896.884,5957.962,2000,5880.93,5912.755,2000,5981.174
6067.585,2000,6000.807,6012.554,2000,5965.304,5859.518,2000,5897.364,5958.934,2000,5881.409,5913.727,2000,5981.651
6068.31,2000,6001.613,6013.496,2000,5965.84,5860.488,2000,5897.847,5959.92,2000,5881.857,5914.714,2000,5982.097
6069.034,2000,6002.418,6014.419,2000,5966.406,5861.458,2000,5898.331,5960.92,2000,5882.272,5915.716,2000,5982.51
6069.758,2000,6003.224,6015.323,2000,5967.002,5862.426,2000,5898.816,5961.934,2000,5882.654,5916.73,2000,5982.89
6070.483,2000,6004.03,6016.247,2000,5967.569,5863.394,2000,5899.303,5962.96,2000,5883.003,5917.732,2000,5983.303
6071.208,2000,6004.835,6017.188,2000,5968.104,5864.36,2000,5899.792,5963.997,2000,5883.318,5918.719,2000,5983.748
6071.932,2000,6005.641,6018.146,2000,5968.609,5865.326,2000,5900.283,5965.022,2000,5883.667,5919.691,2000,5984.226
6072.656,2000,6006.447,6019.121,2000,5969.083,5866.292,2000,5900.775,5966.036,2000,5884.049,5920.647,2000,5984.735
6073.381,2000,6007.252,6020.111,2000,5969.523,5867.256,2000,5901.269,5967.037,2000,5884.464,5921.586,2000,5985.275
6074.105,2000,6008.058,6021.114,2000,5969.932,5868.219,2000,5901.764,5968.023,2000,5884.912,5922.507,2000,5985.846
6074.83,2000,6008.864,6022.13,2000,5970.307,5869.182,2000,5902.261,5968.994,2000,5885.391,5923.409,2000,5986.446
6075.554,2000,6009.669,6023.134,2000,5970.715,5870.144,2000,5902.759,5969.949,2000,5885.902,5924.33,2000,5987.017
6076.279,2000,6010.475,6024.124,2000,5971.156,5871.104,2000,5903.259,5970.887,2000,5886.444,5925.269,2000,5987.557
6077.003,2000,6011.281,6025.098,2000,5971.629,5872.064,2000,5903.761,5971.807,2000,5887.017,5926.225,2000,5988.066
6077.728,2000,6012.086,6026.057,2000,5972.134,5873.024,2000,5904.265,5972.745,2000,5887.559,5927.197,2000,5988.544
6078.452,2000,6012.892,6026.998,2000,5972.67,5873.982,2000,5904.77,5973.7,2000,5888.07,5928.185,2000,5988.989
6079.177,2000,6013.698,6027.921,2000,5973.236,5874.94,2000,5905.276,5974.671,2000,5888.55,5929.186,2000,5989.402
6079.901,2000,6014.503,6028.826,2000,5973.833,5875.897,2000,5905.784,5975.626,2000,5889.061,5930.201,2000,5989.782
6080.625,2000,6015.309,6029.749,2000,5974.399,5876.853,2000,5906.293,5976.564,2000,5889.603,5931.202,2000,5990.195
6081.35,2000,6016.115,6030.69,2000,5974.935,5877.825,2000,5906.771,5977.483,2000,5890.176,5932.189,2000,5990.641
6082.075,2000,6016.92,6031.649,2000,5975.439,5878.813,2000,5907.217,5978.384,2000,5890.778,5933.162,2000,5991.118
6082.799,2000,6017.726,6032.624,2000,5975.913,5879.814,2000,5907.63,5979.264,2000,5891.41,5934.118,2000,5991.627
6083.523,2000,6018.532,6033.611,2000,5976.359,5880.801,2000,5908.076,5980.165,2000,5892.012,5935.057,2000,5992.167
6084.248,2000,6019.337,6034.599,2000,5976.804,5881.773,2000,5908.554,5981.084,2000,5892.585,5935.978,2000,5992.738
6084.972,2000,6020.143,6035.587,2000,5977.248,5882.729,2000,5909.063,5982.022,2000,5893.127,5936.879,2000,5993.339
6085.697,2000,6020.949,6036.56,2000,5977.724,5883.679,2000,5909.585,5982.977,2000,5893.638,5937.8,2000,5993.91
6086.421,2000,6021.754,6037.517,2000,5978.232,5884.628,2000,5910.108,5983.948,2000,5894.118,5938.739,2000,5994.45
6087.146,2000,6022.56,6038.457,2000,5978.771,5885.576,2000,5910.632,5984.935,2000,5894.565,5939.695,2000,5994.959
6087.87,2000,6023.366,6039.379,2000,5979.34,5886.523,2000,5911.158,5985.935,2000,5894.98,5940.667,2000,5995.437
6088.595,2000,6024.171,6040.282,2000,5979.939,5887.469,2000,5911.686,5986.949,2000,5895.363,5941.655,2000,5995.882
6089.319,2000,6024.977,6041.204,2000,5980.508,5888.415,2000,5912.214,5987.975,2000,5895.711,5942.627,2000,5996.359
6090.043,2000,6025.783,6042.144,2000,5981.047,5889.359,2000,5912.745,5988.988,2000,5896.094,5943.583,2000,5996.869
6090.768,2000,6026.588,6043.101,2000,5981.555,5890.303,2000,5913.276,5989.989,2000,5896.509,5944.522,2000,5997.409
6091.493,2000,6027.394,6044.074,2000,5982.031,5891.246,2000,5913.81,5990.975,2000,5896.957,5945.443,2000,5997.979
6092.217,2000,6028.2,6045.062,2000,5982.475,5892.188,2000,5914.344,5991.946,2000,5897.436,5946.345,2000,5998.58
6092.941,2000,6029.005,6046.035,2000,5982.951,5893.13,2000,5914.88,5992.901,2000,5897.947,5947.266,2000,5999.151
6093.666,2000,6029.811,6046.992,2000,5983.458,5894.071,2000,5915.417,5993.839,2000,5898.489,5948.205,2000,5999.691
6094.391,2000,6030.617,6047.932,2000,5983.997,5895.011,2000,5915.956,5994.759,2000,5899.062,5949.161,2000,6000.2
6095.115,2000,6031.422,6048.854,2000,5984.566,5895.95,2000,5916.496,5995.659,2000,5899.665,5950.133,2000,6000.678
6095.839,2000,6032.228,6049.757,2000,5985.166,5896.888,2000,5917.038,5996.54,2000,5900.296,5951.12,2000,6001.123
6096.564,2000,6033.034,6050.679,2000,5985.735,5897.826,2000,5917.581,5997.398,2000,5900.956,5952.092,2000,6001.601
6097.289,2000,6033.839,6051.619,2000,5986.273,5898.762,2000,5918.125,5998.235,2000,5901.644,5953.048,2000,6002.11
6098.013,2000,6034.645,6052.576,2000,5986.781,5899.698,2000,5918.67,5999.049,2000,5902.358,5953.987,2000,6002.65
6098.737,2000,6035.451,6053.549,2000,5987.257,5900.651,2000,5919.185,5999.886,2000,5903.046,5954.908,2000,6003.221
6099.462,2000,6036.256,6054.537,2000,5987.701,5901.587,2000,5919.73,6000.745,2000,5903.706,5955.81,2000,6003.821
6100.187,2000,6037.062,6055.51,2000,5988.177,5902.521,2000,5920.28,6001.625,2000,5904.337,5956.731,2000,6004.392
6100.911,2000,6037.868,6056.467,2000,5988.685,5903.454,2000,5920.831,6002.526,2000,5904.94,5957.67,2000,6004.932
6101.635,2000,6038.673,6057.407,2000,5989.224,5904.386,2000,5921.383,6003.445,2000,5905.513,5958.626,2000,6005.441
6102.36,2000,6039.479,6058.329,2000,5989.793,5905.317,2000,5921.937,6004.383,2000,5906.055,5959.598,2000,6005.919
6103.084,2000,6040.285,6059.232,2000,5990.392,5906.266,2000,5922.46,6005.338,2000,5906.566,5960.554,2000,6006.428
6103.809,2000,6041.09,6060.154,2000,5990.961,5907.231,2000,5922.952,6006.31,2000,5907.045,5961.493,2000,6006.968
6104.533,2000,6041.896,6061.094,2000,5991.5,5908.18,2000,5923.475,6007.296,2000,5907.493,5962.414,2000,6007.539
6105.127,2000,6042.802,6062.051,2000,5992.008,5909.111,2000,5924.028,6008.296,2000,5907.908,5963.316,2000,6008.14
6105.722,2000,6043.708,6062.991,2000,5992.546,5910.038,2000,5924.59,6009.31,2000,5908.291,5964.237,2000,6008.71
6106.316,2000,6044.613,6063.913,2000,5993.116,5910.963,2000,5925.153,6010.336,2000,5908.639,5965.176,2000,6009.25
6106.91,2000,6045.519,6064.815,2000,5993.715,5911.887,2000,5925.718,6011.35,2000,5909.021,5966.132,2000,6009.76
6107.504,2000,6046.425,6065.737,2000,5994.284,5912.81,2000,5926.285,6012.35,2000,5909.437,5967.071,2000,6010.3
6108.099,2000,6047.331,6066.677,2000,5994.823,5913.732,2000,5926.854,6013.336,2000,5909.884,5967.992,2000,6010.871
6108.693,2000,6048.236,6067.634,2000,5995.331,5914.653,2000,5927.425,6014.308,2000,5910.364,5968.894,2000,6011.471
6109.287,2000,6049.142,6068.574,2000,5995.869,5915.572,2000,5927.998,6015.263,2000,5910.875,5969.814,2000,6012.042
6109.881,2000,6050.048,6069.496,2000,5996.438,5916.491,2000,5928.572,6016.201,2000,5911.417,5970.753,2000,6012.582
6110.476,2000,6050.954,6070.399,2000,5997.038,5917.408,2000,5929.148,6017.12,2000,5911.99,5971.709,2000,6013.091
6111.07,2000,6051.859,6071.321,2000,5997.607,5918.344,2000,5929.694,6018.021,2000,5912.592,5972.648,2000,6013.631
6111.664,2000,6052.765,6072.261,2000,5998.146,5919.297,2000,5930.209,6018.901,2000,5913.224,5973.569,2000,6014.202
6112.258,2000,6053.671,6073.218,2000,5998.653,5920.232,2000,5930.755,6019.76,2000,5913.884,5974.471,2000,6014.803
6112.853,2000,6054.577,6074.158,2000,5999.192,5921.15,2000,5931.331,6020.597,2000,5914.571,5975.392,2000,6015.374
6113.447,2000,6055.482,6075.08,2000,5999.761,5922.061,2000,5931.917,6021.411,2000,5915.286,5976.331,2000,6015.914
6114.042,2000,6056.388,6075.982,2000,6000.36,5922.971,2000,5932.504,6022.201,2000,5916.027,5977.287,2000,6016.423
6114.636,2000,6057.294,6076.904,2000,6000.93,5923.9,2000,5933.062,6022.967,2000,5916.794,5978.226,2000,6016.963
6115.23,2000,6058.2,6077.844,2000,6001.468,5924.847,2000,5933.589,6023.757,2000,5917.535,5979.147,2000,6017.534
6115.825,2000,6059.105,6078.801,2000,6001.976,5925.81,2000,5934.084,6024.571,2000,5918.25,5980.049,2000,6018.134
6116.42,2000,6060.011,6079.741,2000,6002.515,5926.757,2000,5934.611,6025.408,2000,5918.938,5980.97,2000,6018.705
6117.014,2000,6060.917,6080.663,2000,6003.084,5927.686,2000,5935.169,6026.267,2000,5919.598,5981.909,2000,6019.245
6117.609,2000,6061.823,6081.566,2000,6003.683,5928.596,2000,5935.756,6027.147,2000,5920.229,5982.865,2000,6019.754
6118.204,2000,6062.729,6082.449,2000,6004.311,5929.486,2000,5936.374,6028.048,2000,5920.832,5983.837,2000,6020.232
6118.798,2000,6063.634,6083.352,2000,6004.91,5930.356,2000,5937.02,6028.967,2000,5921.404,5984.793,2000,6020.741
6119.393,2000,6064.54,6084.273,2000,6005.479,5931.204,2000,5937.693,6029.905,2000,5921.946,5985.732,2000,6021.281
6119.987,2000,6065.446,6085.213,2000,6006.018,5932.03,2000,5938.395,6030.86,2000,5922.458,5986.653,2000,6021.852
6120.582,2000,6066.352,6086.17,2000,6006.526,5932.878,2000,5939.068,6031.832,2000,5922.937,5987.555,2000,6022.453
6121.176,2000,6067.257,6087.144,2000,6007.002,5933.748,2000,5939.714,6032.818,2000,5923.385,5988.437,2000,6023.082
6121.771,2000,6068.163,6088.101,2000,6007.51,5934.638,2000,5940.332,6033.818,2000,5923.8,5989.297,2000,6023.74
6122.365,2000,6069.069,6089.041,2000,6008.048,5935.548,2000,5940.919,6034.832,2000,5924.182,5990.135,2000,6024.426
6122.96,2000,6069.975,6089.962,2000,6008.618,5936.477,2000,5941.477,6035.858,2000,5924.531,5990.951,2000,6025.139
6123.554,2000,6070.88,6090.865,2000,6009.217,5937.424,2000,5942.003,6036.895,2000,5924.846,5991.743,2000,6025.878
6124.149,2000,6071.786,6091.748,2000,6009.845,5938.387,2000,5942.499,6037.92,2000,5925.194,5992.51,2000,6026.643
6124.744,2000,6072.692,6092.61,2000,6010.501,5939.334,2000,5943.026,6038.934,2000,5925.577,5993.302,2000,6027.382
6125.338,2000,6073.598,6093.45,2000,6011.186,5940.263,2000,5943.583,6039.935,2000,5925.992,5994.117,2000,6028.095
6125.933,2000,6074.503,6094.267,2000,6011.897,5941.173,2000,5944.171,6040.921,2000,5926.439,5994.956,2000,6028.781
6126.527,2000,6075.409,6095.06,2000,6012.635,5942.063,2000,5944.788,6041.892,2000,5926.919,5995.816,2000,6029.439
6127.122,2000,6076.315,6095.828,2000,6013.399,5942.948,2000,5945.414,6042.847,2000,5927.43,5996.698,2000,6030.069
6127.716,2000,6077.221,6096.571,2000,6014.187,5943.831,2000,5946.042,6043.785,2000,5927.972,5997.6,2000,6030.669
6128.311,2000,6078.126,6097.288,2000,6014.999,5944.712,2000,5946.67,6044.705,2000,5928.545,5998.521,2000,6031.24
6128.905,2000,6079.032,6097.978,2000,6015.834,5945.593,2000,5947.301,6045.605,2000,5929.147,5999.459,2000,6031.78
6129.5,2000,6079.938,6098.695,2000,6016.646,5946.473,2000,5947.934,6046.485,2000,5929.779,6000.38,2000,6032.351
6130.095,2000,6080.844,6099.438,2000,6017.435,5947.352,2000,5948.567,6047.344,2000,5930.439,6001.282,2000,6032.952
6130.689,2000,6081.75,6100.207,2000,6018.198,5948.229,2000,5949.203,6048.181,2000,5931.126,6002.164,2000,6033.581
6131.284,2000,6082.655,6101,2000,6018.936,5949.105,2000,5949.839,6048.995,2000,5931.841,6003.024,2000,6034.239
6131.878,2000,6083.561,6101.816,2000,6019.647,5949.981,2000,5950.478,6049.786,2000,5932.583,6003.863,2000,6034.925
6132.473,2000,6084.467,6102.656,2000,6020.332,5950.855,2000,5951.117,6050.551,2000,5933.349,6004.678,2000,6035.638
6133.067,2000,6085.373,6103.518,2000,6020.989,5951.729,2000,5951.758,6051.292,2000,5934.14,6005.47,2000,6036.377
6133.662,2000,6086.278,6104.401,2000,6021.617,5952.601,2000,5952.401,6052.005,2000,5934.955,6006.237,2000,6037.142
6134.256,2000,6087.184,6105.304,2000,6022.216,5953.472,2000,5953.045,6052.692,2000,5935.793,6006.979,2000,6037.932
6134.851,2000,6088.09,6106.226,2000,6022.785,5954.342,2000,5953.69,6053.352,2000,5936.653,6007.695,2000,6038.745
6135.445,2000,6088.996,6107.166,2000,6023.324,5955.211,2000,5954.337,6053.982,2000,5937.534,6008.383,2000,6039.582
6136.04,2000,6089.901,6108.087,2000,6023.893,5956.079,2000,5954.986,6054.583,2000,5938.435,6009.099,2000,6040.395
6136.49,2000,6090.887,6108.99,2000,6024.492,5956.925,2000,5955.662,6055.214,2000,5939.315,6009.841,2000,6041.185
6136.939,2000,6091.872,6109.873,2000,6025.12,5957.749,2000,5956.366,6055.873,2000,5940.175,6010.608,2000,6041.949
6137.389,2000,6092.857,6110.735,2000,6025.777,5958.549,2000,5957.096,6056.56,2000,5941.013,6011.4,2000,6042.688
6137.839,2000,6093.843,6111.575,2000,6026.461,5959.325,2000,5957.853,6057.274,2000,5941.828,6012.215,2000,6043.401
6138.289,2000,6094.828,6112.392,2000,6027.173,5960.075,2000,5958.634,6058.014,2000,5942.619,6013.054,2000,6044.087
6138.738,2000,6095.813,6113.185,2000,6027.911,5960.8,2000,5959.439,6058.78,2000,5943.386,6013.914,2000,6044.746
6139.188,2000,6096.799,6113.953,2000,6028.674,5961.498,2000,5960.268,6059.57,2000,5944.127,6014.796,2000,6045.375
6139.638,2000,6097.784,6114.696,2000,6029.462,5962.168,2000,5961.119,6060.384,2000,5944.842,6015.698,2000,6045.976
6140.088,2000,6098.77,6115.413,2000,6030.274,5962.81,2000,5961.991,6061.221,2000,5945.529,6016.619,2000,6046.546
6140.538,2000,6099.755,6116.103,2000,6031.11,5963.423,2000,5962.884,6062.08,2000,5946.189,6017.558,2000,6047.086
6140.988,2000,6100.74,6116.82,2000,6031.922,5964.065,2000,5963.757,6062.917,2000,5946.877,6018.479,2000,6047.657
6141.438,2000,6101.726,6117.563,2000,6032.71,5964.736,2000,5964.608,6063.731,2000,5947.592,6019.38,2000,6048.258
6141.888,2000,6102.711,6118.332,2000,6033.474,5965.434,2000,5965.437,6064.521,2000,5948.333,6020.262,2000,6048.887
6142.337,2000,6103.696,6119.125,2000,6034.211,5966.158,2000,5966.242,6065.287,2000,5949.1,6021.123,2000,6049.545
6142.787,2000,6104.682,6119.941,2000,6034.923,5966.909,2000,5967.023,6066.027,2000,5949.891,6021.961,2000,6050.231
6143.237,2000,6105.667,6120.781,2000,6035.607,5967.685,2000,5967.779,6066.741,2000,5950.706,6022.776,2000,6050.944
6143.687,2000,6106.652,6121.643,2000,6036.264,5968.485,2000,5968.51,6067.428,2000,5951.543,6023.568,2000,6051.684
6144.137,2000,6107.638,6122.526,2000,6036.892,5969.309,2000,5969.213,6068.087,2000,5952.403,6024.335,2000,6052.448
6144.587,2000,6108.623,6123.429,2000,6037.491,5970.155,2000,5969.89,6068.718,2000,5953.284,6025.077,2000,6053.238
6145.037,2000,6109.608,6124.351,2000,6038.061,5970.979,2000,5970.593,6069.377,2000,5954.144,6025.793,2000,6054.051
6145.487,2000,6110.594,6125.291,2000,6038.599,5971.779,2000,5971.324,6070.064,2000,5954.982,6026.481,2000,6054.888
6145.937,2000,6111.579,6126.212,2000,6039.168,5972.555,2000,5972.08,6070.778,2000,5955.797,6027.143,2000,6055.746
6146.387,2000,6112.564,6127.115,2000,6039.768,5973.305,2000,5972.861,6071.518,2000,5956.588,6027.775,2000,6056.625
6146.836,2000,6113.55,6127.998,2000,6040.396,5974.03,2000,5973.667,6072.284,2000,5957.354,6028.378,2000,6057.525
6147.286,2000,6114.535,6128.86,2000,6041.052,5974.728,2000,5974.495,6073.074,2000,5958.096,6028.968,2000,6058.435
6147.736,2000,6115.521,6129.7,2000,6041.737,5975.398,2000,5975.346,6073.888,2000,5958.811,6029.556,2000,6059.344
6148.186,2000,6116.506,6130.517,2000,6042.448,5976.04,2000,5976.219,6074.725,2000,5959.498,6030.143,2000,6060.255
6148.636,2000,6117.491,6131.31,2000,6043.186,5976.71,2000,5977.07,6075.584,2000,5960.158,6030.729,2000,6061.166
6149.086,2000,6118.477,6132.078,2000,6043.95,5977.408,2000,5977.898,6076.464,2000,5960.79,6031.314,2000,6062.077
6149.536,2000,6119.462,6132.821,2000,6044.738,5978.133,2000,5978.704,6077.323,2000,5961.45,6031.899,2000,6062.989
6149.986,2000,6120.447,6133.538,2000,6045.55,5978.883,2000,5979.485,6078.16,2000,5962.137,6032.481,2000,6063.902
6150.436,2000,6121.433,6134.228,2000,6046.385,5979.659,2000,5980.241,6078.974,2000,5962.852,6033.062,2000,6064.817
6150.885,2000,6122.418,6134.89,2000,6047.243,5980.459,2000,5980.972,6079.765,2000,5963.593,6033.672,2000,6065.712
6151.335,2000,6123.403,6135.524,2000,6048.121,5981.283,2000,5981.675,6080.53,2000,5964.36,6034.312,2000,6066.586
6151.785,2000,6124.389,6136.129,2000,6049.02,5982.115,2000,5982.369,6081.271,2000,5965.151,6034.979,2000,6067.439
6152.235,2000,6125.374,6136.704,2000,6049.938,5982.946,2000,5983.064,6081.984,2000,5965.966,6035.674,2000,6068.271
6152.685,2000,6126.359,6137.249,2000,6050.875,5983.775,2000,5983.761,6082.671,2000,5966.804,6036.396,2000,6069.078
6153.135,2000,6127.345,6137.763,2000,6051.828,5984.603,2000,5984.46,6083.331,2000,5967.664,6037.144,2000,6069.862
6153.585,2000,6128.33,6138.245,2000,6052.798,5985.429,2000,5985.161,6083.961,2000,5968.544,6037.917,2000,6070.621
6154.035,2000,6129.315,6138.695,2000,6053.784,5986.231,2000,5985.888,6084.62,2000,5969.404,6038.714,2000,6071.354
6154.485,2000,6130.301,6139.113,2000,6054.783,5987.01,2000,5986.641,6085.307,2000,5970.242,6039.536,2000,6072.06
6154.935,2000,6131.286,6139.498,2000,6055.796,5987.764,2000,5987.419,6086.021,2000,5971.057,6040.379,2000,6072.739
6155.384,2000,6132.271,6139.85,2000,6056.821,5988.492,2000,5988.221,6086.761,2000,5971.848,6041.245,2000,6073.391
6155.834,2000,6133.257,6140.234,2000,6057.833,5989.193,2000,5989.047,6087.527,2000,5972.615,6042.089,2000,6074.07
6156.284,2000,6134.242,6140.652,2000,6058.833,5989.867,2000,5989.895,6088.317,2000,5973.356,6042.91,2000,6074.776
6156.734,2000,6135.228,6141.103,2000,6059.818,5990.513,2000,5990.765,6089.131,2000,5974.071,6043.708,2000,6075.509
6157.184,2000,6136.213,6141.585,2000,6060.789,5991.187,2000,5991.613,6089.922,2000,5974.812,6044.48,2000,6076.268
6157.634,2000,6137.198,6142.099,2000,6061.742,5991.888,2000,5992.439,6090.688,2000,5975.579,6045.229,2000,6077.052
6158.084,2000,6138.184,6142.644,2000,6062.679,5992.616,2000,5993.241,6091.428,2000,5976.37,6045.95,2000,6077.859
6158.534,2000,6139.169,6143.219,2000,6063.597,5993.37,2000,5994.02,6092.142,2000,5977.185,6046.646,2000,6078.69
6158.983,2000,6140.154,6143.824,2000,6064.496,5994.148,2000,5994.772,6092.829,2000,5978.022,6047.313,2000,6079.543
6159.434,2000,6141.14,6144.458,2000,6065.374,5994.951,2000,5995.5,6093.488,2000,5978.882,6047.952,2000,6080.418
6159.883,2000,6142.125,6145.12,2000,6066.231,5995.73,2000,5996.252,6094.175,2000,5979.72,6048.563,2000,6081.313
6160.18,2000,6143.167,6145.81,2000,6067.067,5996.484,2000,5997.031,6094.889,2000,5980.535,6049.143,2000,6082.228
6160.477,2000,6144.209,6146.526,2000,6067.879,5997.212,2000,5997.833,6095.629,2000,5981.326,6049.693,2000,6083.161
6160.774,2000,6145.251,6147.27,2000,6068.667,5997.913,2000,5998.659,6096.395,2000,5982.093,6050.213,2000,6084.111
6161.071,2000,6146.293,6148.038,2000,6069.431,5998.587,2000,5999.507,6097.185,2000,5982.834,6050.701,2000,6085.079
6161.368,2000,6147.335,6148.831,2000,6070.168,5999.232,2000,6000.377,6097.999,2000,5983.549,6051.158,2000,6086.061
6161.665,2000,6148.377,6149.648,2000,6070.88,5999.906,2000,6001.225,6098.79,2000,5984.29,6051.582,2000,6087.058
6161.961,2000,6149.419,6150.488,2000,6071.564,6000.607,2000,6002.051,6099.555,2000,5985.057,6051.973,2000,6088.068
6162.258,2000,6150.461,6151.35,2000,6072.221,6001.335,2000,6002.853,6100.295,2000,5985.848,6052.331,2000,6089.091
6162.555,2000,6151.503,6152.189,2000,6072.906,6002.089,2000,6003.631,6101.009,2000,5986.663,6052.722,2000,6090.101
6162.852,2000,6152.545,6153.006,2000,6073.617,6002.868,2000,6004.384,6101.696,2000,5987.5,6053.146,2000,6091.098
6163.149,2000,6153.587,6153.799,2000,6074.355,6003.663,2000,6005.121,6102.355,2000,5988.36,6053.602,2000,6092.081
6163.446,2000,6154.629,6154.568,2000,6075.119,6004.456,2000,6005.859,6102.986,2000,5989.241,6054.09,2000,6093.048
6163.743,2000,6155.671,6155.311,2000,6075.907,6005.225,2000,6006.623,6103.645,2000,5990.101,6054.61,2000,6093.999
6164.04,2000,6156.713,6156.028,2000,6076.719,6005.968,2000,6007.411,6104.332,2000,5990.939,6055.16,2000,6094.932
6164.336,2000,6157.755,6156.718,2000,6077.554,6006.685,2000,6008.224,6105.046,2000,5991.754,6055.741,2000,6095.846
6164.633,2000,6158.797,6157.38,2000,6078.412,6007.375,2000,6009.059,6105.786,2000,5992.545,6056.351,2000,6096.741
6164.93,2000,6159.839,6158.014,2000,6079.29,6008.037,2000,6009.917,6106.552,2000,5993.312,6056.99,2000,6097.616
6165.227,2000,6160.881,6158.619,2000,6080.189,6008.67,2000,6010.795,6107.342,2000,5994.053,6057.658,2000,6098.469
6165.524,2000,6161.923,6159.194,2000,6081.107,6009.333,2000,6011.652,6108.108,2000,5994.819,6058.353,2000,6099.3
6165.821,2000,6162.965,6159.739,2000,6082.043,6010.022,2000,6012.488,6108.848,2000,5995.61,6059.075,2000,6100.107
6166.118,2000,6164.007,6160.252,2000,6082.997,6010.739,2000,6013.3,6109.562,2000,5996.425,6059.823,2000,6100.891
6166.415,2000,6165.049,6160.735,2000,6083.967,6011.482,2000,6014.089,6110.249,2000,5997.263,6060.596,2000,6101.65
6166.711,2000,6166.091,6161.185,2000,6084.953,6012.251,2000,6014.853,6110.908,2000,5998.123,6061.393,2000,6102.383
6167.008,2000,6167.133,6161.603,2000,6085.952,6013.025,2000,6015.61,6111.539,2000,5999.004,6062.214,2000,6103.089
6167.305,2000,6168.175,6161.988,2000,6086.965,6013.774,2000,6016.393,6112.198,2000,5999.864,6063.058,2000,6103.769
6167.602,2000,6169.217,6162.339,2000,6087.99,6014.497,2000,6017.2,6112.885,2000,6000.702,6063.924,2000,6104.42
6167.899,2000,6170.259,6162.724,2000,6089.002,6015.193,2000,6018.03,6113.599,2000,6001.517,6064.768,2000,6105.099
6168.196,2000,6171.301,6163.142,2000,6090.002,6015.861,2000,6018.883,6114.339,2000,6002.308,6065.589,2000,6105.806
6168.493,2000,6172.343,6163.592,2000,6090.987,6016.501,2000,6019.757,6115.104,2000,6003.074,6066.386,2000,6106.539
6168.79,2000,6173.385,6164.075,2000,6091.958,6017.17,2000,6020.609,6115.845,2000,6003.865,6067.159,2000,6107.297
6169.086,2000,6174.427,6164.588,2000,6092.911,6017.866,2000,6021.439,6116.559,2000,6004.68,6067.907,2000,6108.081
6169.383,2000,6175.469,6165.133,2000,6093.848,6018.589,2000,6022.247,6117.246,2000,6005.518,6068.629,2000,6108.889
6169.68,2000,6176.511,6165.708,2000,6094.766,6019.338,2000,6023.029,6117.905,2000,6006.378,6069.324,2000,6109.72
6169.977,2000,6177.553,6166.313,2000,6095.665,6020.061,2000,6023.836,6118.592,2000,6007.216,6069.992,2000,6110.573
6170.274,2000,6178.595,6166.947,2000,6096.543,6020.757,2000,6024.667,6119.306,2000,6008.031,6070.631,2000,6111.447
6170.571,2000,6179.637,6167.609,2000,6097.4,6021.425,2000,6025.519,6120.046,2000,6008.822,6071.241,2000,6112.342
6170.868,2000,6180.679,6168.299,2000,6098.236,6022.122,2000,6026.349,6120.76,2000,6009.637,6071.822,2000,6113.257
6171.165,2000,6181.721,6169.016,2000,6099.048,6022.844,2000,6027.156,6121.447,2000,6010.475,6072.372,2000,6114.19
6171.461,2000,6182.763,6169.759,2000,6099.836,6023.593,2000,6027.939,6122.106,2000,6011.334,6072.892,2000,6115.141
6171.758,2000,6183.805,6170.528,2000,6100.6,6024.316,2000,6028.746,6122.793,2000,6012.172,6073.38,2000,6116.108
6172.055,2000,6184.847,6171.321,2000,6101.337,6025.012,2000,6029.576,6123.507,2000,6012.987,6073.836,2000,6117.09
6172.352,2000,6185.889,6172.138,2000,6102.049,6025.681,2000,6030.429,6124.247,2000,6013.778,6074.26,2000,6118.087
6172.649,2000,6186.931,6172.978,2000,6102.733,6026.321,2000,6031.303,6125.013,2000,6014.545,6074.651,2000,6119.098
6172.946,2000,6187.973,6173.839,2000,6103.39,6026.989,2000,6032.155,6125.753,2000,6015.336,6075.009,2000,6120.12
6173.243,2000,6189.015,6174.679,2000,6104.075,6027.686,2000,6032.985,6126.467,2000,6016.151,6075.4,2000,6121.13
6173.54,2000,6190.057,6175.496,2000,6104.786,6028.408,2000,6033.792,6127.154,2000,6016.989,6075.824,2000,6122.127
6173.836,2000,6191.099,6176.289,2000,6105.524,6029.146,2000,6034.586,6127.813,2000,6017.849,6076.281,2000,6123.11
6174.133,2000,6192.141,6177.058,2000,6106.288,6029.881,2000,6035.382,6128.443,2000,6018.729,6076.769,2000,6124.077
6174.43,2000,6193.183,6177.801,2000,6107.076,6030.59,2000,6036.201,6129.103,2000,6019.589,6077.289,2000,6125.028
6174.727,2000,6194.225,6178.518,2000,6107.888,6031.271,2000,6037.043,6129.79,2000,6020.427,6077.839,2000,6125.961
6175.024,2000,6195.267,6179.208,2000,6108.723,6031.925,2000,6037.907,6130.503,2000,6021.242,6078.419,2000,6126.875
6175.321,2000,6196.309,6179.87,2000,6109.581,6032.551,2000,6038.792,6131.244,2000,6022.033,6079.03,2000,6127.771
6175.619,2000,6197.351,6180.503,2000,6110.459,6033.205,2000,6039.655,6131.958,2000,6022.848,6079.669,2000,6128.645
6175.916,2000,6198.393,6181.108,2000,6111.358,6033.886,2000,6040.497,6132.645,2000,6023.686,6080.336,2000,6129.498
6176.052,2000,6199.467,6181.684,2000,6112.276,6034.595,2000,6041.316,6133.304,2000,6024.546,6081.032,2000,6130.329
6176.188,2000,6200.542,6182.229,2000,6113.212,6035.317,2000,6042.124,6133.934,2000,6025.427,6081.753,2000,6131.137
6176.324,2000,6201.617,6182.742,2000,6114.166,6036.037,2000,6042.934,6134.536,2000,6026.328,6082.501,2000,6131.92
6176.46,2000,6202.691,6183.225,2000,6115.136,6036.73,2000,6043.766,6135.166,2000,6027.208,6083.274,2000,6132.679
6176.597,2000,6203.766,6183.675,2000,6116.122,6037.396,2000,6044.621,6135.825,2000,6028.068,6084.072,2000,6133.412
6176.733,2000,6204.841,6184.093,2000,6117.121,6038.033,2000,6045.497,6136.512,2000,6028.906,6084.893,2000,6134.119
6176.869,2000,6205.916,6184.478,2000,6118.134,6038.641,2000,6046.394,6137.226,2000,6029.721,6085.737,2000,6134.798
6177.005,2000,6206.99,6184.829,2000,6119.159,6039.219,2000,6047.31,6137.966,2000,6030.512,6086.591,2000,6135.464
6177.142,2000,6208.065,6185.214,2000,6120.171,6039.827,2000,6048.206,6138.68,2000,6031.327,6087.423,2000,6136.158
6177.278,2000,6209.14,6185.632,2000,6121.171,6040.464,2000,6049.082,6139.367,2000,6032.165,6088.231,2000,6136.879
6177.414,2000,6210.214,6186.082,2000,6122.156,6041.13,2000,6049.937,6140.026,2000,6033.025,6089.016,2000,6137.626
6177.55,2000,6211.289,6186.564,2000,6123.126,6041.823,2000,6050.77,6140.657,2000,6033.906,6089.776,2000,6138.398
6177.687,2000,6212.364,6187.078,2000,6124.08,6042.542,2000,6051.579,6141.258,2000,6034.807,6090.51,2000,6139.195
6177.823,2000,6213.438,6187.623,2000,6125.017,6043.289,2000,6052.365,6141.83,2000,6035.727,6091.217,2000,6140.016
6177.959,2000,6214.513,6188.198,2000,6125.935,6044.008,2000,6053.174,6142.432,2000,6036.628,6091.897,2000,6140.858
6178.095,2000,6215.588,6188.803,2000,6126.833,6044.701,2000,6054.007,6143.062,2000,6037.509,6092.55,2000,6141.723
6178.231,2000,6216.663,6189.437,2000,6127.712,6045.367,2000,6054.862,6143.721,2000,6038.369,6093.174,2000,6142.609
6178.368,2000,6217.737,6190.099,2000,6128.569,6046.004,2000,6055.738,6144.408,2000,6039.207,6093.769,2000,6143.515
6178.504,2000,6218.812,6190.789,2000,6129.405,6046.612,2000,6056.634,6145.122,2000,6040.021,6094.333,2000,6144.439
6178.64,2000,6219.887,6191.506,2000,6130.217,6047.19,2000,6057.55,6145.862,2000,6040.813,6094.867,2000,6145.382
6178.776,2000,6220.961,6192.249,2000,6131.005,6047.798,2000,6058.447,6146.576,2000,6041.627,6095.37,2000,6146.341
6178.913,2000,6222.036,6193.018,2000,6131.769,6048.436,2000,6059.323,6147.263,2000,6042.465,6095.841,2000,6147.317
6179.049,2000,6223.111,6193.811,2000,6132.506,6049.101,2000,6060.178,6147.922,2000,6043.325,6096.28,2000,6148.307
6179.185,2000,6224.186,6194.627,2000,6133.218,6049.794,2000,6061.01,6148.553,2000,6044.206,6096.687,2000,6149.312
6179.321,2000,6225.26,6195.467,2000,6133.902,6050.514,2000,6061.82,6149.154,2000,6045.107,6097.06,2000,6150.329
6179.458,2000,6226.335,6196.329,2000,6134.559,6051.207,2000,6062.652,6149.726,2000,6046.027,6097.4,2000,6151.357
6179.594,2000,6227.41,6197.169,2000,6135.244,6051.872,2000,6063.507,6150.328,2000,6046.928,6097.773,2000,6152.375
6179.73,2000,6228.484,6197.986,2000,6135.955,6052.509,2000,6064.383,6150.958,2000,6047.809,6098.18,2000,6153.379
6179.866,2000,6229.559,6198.779,2000,6136.693,6053.117,2000,6065.28,6151.617,2000,6048.669,6098.619,2000,6154.369
6180.002,2000,6230.634,6199.547,2000,6137.457,6053.696,2000,6066.196,6152.304,2000,6049.507,6099.09,2000,6155.345
6180.139,2000,6231.708,6200.291,2000,6138.245,6054.304,2000,6067.092,6153.018,2000,6050.322,6099.593,2000,6156.304
6180.275,2000,6232.783,6201.007,2000,6139.057,6054.941,2000,6067.968,6153.758,2000,6051.113,6100.127,2000,6157.247
6180.411,2000,6233.858,6201.697,2000,6139.892,6055.597,2000,6068.831,6154.524,2000,6051.879,6100.691,2000,6158.171
6180.547,2000,6234.933,6202.359,2000,6140.75,6056.25,2000,6069.695,6155.314,2000,6052.621,6101.286,2000,6159.077
6180.684,2000,6236.007,6202.993,2000,6141.628,6056.901,2000,6070.561,6156.128,2000,6053.335,6101.91,2000,6159.963
6180.819,2000,6237.082,6203.598,2000,6142.527,6057.55,2000,6071.428,6156.965,2000,6054.023,6102.563,2000,6160.828
6180.955,2000,6238.157,6204.173,2000,6143.445,6058.197,2000,6072.297,6157.779,2000,6054.738,6103.243,2000,6161.67
6181.091,2000,6239.231,6204.718,2000,6144.381,6058.842,2000,6073.168,6158.57,2000,6055.479,6103.95,2000,6162.491
6181.227,2000,6240.306,6205.232,2000,6145.335,6059.484,2000,6074.041,6159.335,2000,6056.246,6104.684,2000,6163.288
6181.363,2000,6241.381,6205.714,2000,6146.305,6060.124,2000,6074.915,6160.076,2000,6057.037,6105.444,2000,6164.06
6181.499,2000,6242.456,6206.165,2000,6147.291,6060.762,2000,6075.79,6160.79,2000,6057.852,6106.203,2000,6164.833
6181.635,2000,6243.53,6206.583,2000,6148.29,6061.428,2000,6076.645,6161.477,2000,6058.689,6106.936,2000,6165.63
6181.771,2000,6244.605,6206.967,2000,6149.303,6062.122,2000,6077.477,6162.136,2000,6059.549,6107.643,2000,6166.451
6181.907,2000,6245.68,6207.319,2000,6150.328,6062.842,2000,6078.286,6162.766,2000,6060.43,6108.322,2000,6167.295
6182.043,2000,6246.754,6207.637,2000,6151.363,6063.589,2000,6079.071,6163.368,2000,6061.331,6108.974,2000,6168.161
6182.179,2000,6247.829,6207.92,2000,6152.409,6064.361,2000,6079.831,6163.939,2000,6062.251,6109.597,2000,6169.047
6182.315,2000,6248.904,6208.238,2000,6153.444,6065.107,2000,6080.616,6164.48,2000,6063.19,6110.19,2000,6169.953
6182.451,2000,6249.979,6208.59,2000,6154.469,6065.828,2000,6081.425,6164.991,2000,6064.146,6110.754,2000,6170.878
6182.587,2000,6251.053,6208.975,2000,6155.482,6066.522,2000,6082.257,6165.469,2000,6065.117,6111.287,2000,6171.822
6182.723,2000,6252.128,6209.393,2000,6156.481,6067.188,2000,6083.112,6165.916,2000,6066.104,6111.789,2000,6172.782
6182.859,2000,6253.203,6209.843,2000,6157.467,6067.826,2000,6083.987,6166.33,2000,6067.105,6112.259,2000,6173.758
6182.995,2000,6254.277,6210.325,2000,6158.437,6068.435,2000,6084.883,6166.777,2000,6068.092,6112.697,2000,6174.749
6183.131,2000,6255.352,6210.839,2000,6159.391,6069.014,2000,6085.799,6167.255,2000,6069.063,6113.103,2000,6175.753
6183.267,2000,6256.427,6211.384,2000,6160.327,6069.563,2000,6086.733,6167.766,2000,6070.019,6113.475,2000,6176.771
6183.241,2000,6257.51,6211.959,2000,6161.245,6070.081,2000,6087.685,6168.307,2000,6070.958,6113.813,2000,6177.8
6183.215,2000,6258.593,6212.564,2000,6162.144,6070.567,2000,6088.652,6168.878,2000,6071.878,6114.118,2000,6178.839
6183.189,2000,6259.676,6213.198,2000,6163.022,6071.022,2000,6089.636,6169.48,2000,6072.779,6114.389,2000,6179.888
6183.164,2000,6260.759,6213.803,2000,6163.921,6071.444,2000,6090.633,6170.11,2000,6073.66,6114.693,2000,6180.928
6183.138,2000,6261.842,6214.378,2000,6164.839,6071.899,2000,6091.617,6170.712,2000,6074.561,6115.032,2000,6181.957
6183.112,2000,6262.925,6214.923,2000,6165.776,6072.386,2000,6092.584,6171.284,2000,6075.481,6115.404,2000,6182.974
6183.086,2000,6264.008,6215.437,2000,6166.729,6072.904,2000,6093.536,6171.825,2000,6076.419,6115.81,2000,6183.979
6183.06,2000,6265.091,6215.919,2000,6167.7,6073.453,2000,6094.47,6172.335,2000,6077.375,6116.248,2000,6184.97
6183.034,2000,6266.174,6216.369,2000,6168.685,6074.032,2000,6095.386,6172.813,2000,6078.347,6116.718,2000,6185.946
6183.008,2000,6267.257,6216.787,2000,6169.685,6074.615,2000,6096.299,6173.26,2000,6079.333,6117.22,2000,6186.906
6182.982,2000,6268.34,6217.172,2000,6170.697,6075.195,2000,6097.214,6173.674,2000,6080.334,6117.753,2000,6187.849
6182.957,2000,6269.423,6217.523,2000,6171.722,6075.745,2000,6098.147,6174.121,2000,6081.321,6118.316,2000,6188.774
6182.931,2000,6270.506,6217.841,2000,6172.758,6076.264,2000,6099.098,6174.6,2000,6082.293,6118.91,2000,6189.681
6182.905,2000,6271.589,6218.125,2000,6173.803,6076.751,2000,6100.065,6175.11,2000,6083.249,6119.533,2000,6190.567
6182.879,2000,6272.672,6218.375,2000,6174.857,6077.207,2000,6101.048,6175.651,2000,6084.187,6120.185,2000,6191.433
6182.853,2000,6273.755,6218.658,2000,6175.903,6077.63,2000,6102.045,6176.223,2000,6085.107,6120.808,2000,6192.319
6182.827,2000,6274.838,6218.976,2000,6176.938,6078.086,2000,6103.028,6176.764,2000,6086.046,6121.401,2000,6193.225
6182.801,2000,6275.921,6219.328,2000,6177.963,6078.574,2000,6103.996,6177.274,2000,6087.001,6121.965,2000,6194.15
6182.775,2000,6277.004,6219.712,2000,6178.976,6079.093,2000,6104.946,6177.752,2000,6087.973,6122.498,2000,6195.094
6182.75,2000,6278.087,6220.13,2000,6179.976,6079.643,2000,6105.88,6178.199,2000,6088.96,6123,2000,6196.054
6182.724,2000,6279.17,6220.581,2000,6180.961,6080.162,2000,6106.831,6178.678,2000,6089.932,6123.47,2000,6197.03
6182.698,2000,6280.253,6221.063,2000,6181.931,6080.649,2000,6107.798,6179.188,2000,6090.887,6123.908,2000,6198.021
6182.672,2000,6281.336,6221.577,2000,6182.885,6081.105,2000,6108.781,6179.729,2000,6091.826,6124.313,2000,6199.025
6182.646,2000,6282.419,6222.122,2000,6183.821,6081.593,2000,6109.748,6180.239,2000,6092.781,6124.686,2000,6200.043
6182.62,2000,6283.502,6222.697,2000,6184.739,6082.112,2000,6110.699,6180.718,2000,6093.753,6125.024,2000,6201.072
6182.594,2000,6284.585,6223.302,2000,6185.638,6082.656,2000,6111.635,6181.165,2000,6094.74,6125.329,2000,6202.111
6182.568,2000,6285.668,6223.936,2000,6186.517,6083.17,2000,6112.589,6181.643,2000,6095.711,6125.6,2000,6203.16
6182.542,2000,6286.751,6224.598,2000,6187.374,6083.652,2000,6113.559,6182.153,2000,6096.667,6125.836,2000,6204.217
6182.517,2000,6287.834,6225.231,2000,6188.252,6084.103,2000,6114.544,6182.694,2000,6097.605,6126.106,2000,6205.266
6182.491,2000,6288.917,6225.836,2000,6189.151,6084.521,2000,6115.544,6183.205,2000,6098.561,6126.411,2000,6206.306
6182.465,2000,6290,6226.412,2000,6190.069,6084.905,2000,6116.557,6183.683,2000,6099.533,6126.75,2000,6207.334
6182.439,2000,6291.083,6226.957,2000,6191.006,6085.257,2000,6117.582,6184.13,2000,6100.52,6127.122,2000,6208.352
6182.413,2000,6292.166,6227.47,2000,6191.959,6085.575,2000,6118.617,6184.544,2000,6101.521,6127.527,2000,6209.357
6182.387,2000,6293.249,6227.953,2000,6192.93,6085.858,2000,6119.663,6184.925,2000,6102.535,6127.965,2000,6210.348
6182.361,2000,6294.332,6228.403,2000,6193.915,6086.108,2000,6120.717,6185.272,2000,6103.561,6128.421,2000,6211.33
6182.335,2000,6295.415,6228.821,2000,6194.915,6086.392,2000,6121.762,6185.586,2000,6104.597,6128.91,2000,6212.297
6182.31,2000,6296.498,6229.206,2000,6195.927,6086.709,2000,6122.798,6185.866,2000,6105.644,6129.429,2000,6213.248
6182.284,2000,6297.581,6229.557,2000,6196.952,6087.061,2000,6123.823,6186.112,2000,6106.699,6129.979,2000,6214.181
6182.258,2000,6298.664,6229.875,2000,6197.988,6087.446,2000,6124.835,6186.323,2000,6107.761,6130.555,2000,6215.099
6182.232,2000,6299.747,6230.159,2000,6199.033,6087.864,2000,6125.835,6186.499,2000,6108.83,6131.125,2000,6216.021
6182.206,2000,6300.83,6230.408,2000,6200.087,6088.314,2000,6126.82,6186.639,2000,6109.904,6131.689,2000,6216.945
6182.18,2000,6301.913,6230.623,2000,6201.149,6088.732,2000,6127.82,6186.815,2000,6110.973,6132.249,2000,6217.874
6182.154,2000,6302.996,6230.873,2000,6202.204,6089.117,2000,6128.833,6187.026,2000,6112.036,6132.777,2000,6218.819
6182.128,2000,6304.079,6231.156,2000,6203.249,6089.468,2000,6129.857,6187.271,2000,6113.091,6133.274,2000,6219.782
6182.103,2000,6305.162,6231.474,2000,6204.285,6089.786,2000,6130.893,6187.551,2000,6114.137,6133.739,2000,6220.76
6182.077,2000,6306.245,6231.826,2000,6205.31,6090.07,2000,6131.938,6187.865,2000,6115.174,6134.172,2000,6221.753
6182.051,2000,6307.328,6232.21,2000,6206.322,6090.319,2000,6132.993,6188.213,2000,6116.2,6134.573,2000,6222.76
6182.025,2000,6308.411,6232.628,2000,6207.322,6090.534,2000,6134.055,6188.594,2000,6117.214,6134.94,2000,6223.779
6181.999,2000,6309.494,6233.079,2000,6208.307,6090.714,2000,6135.123,6189.008,2000,6118.215,6135.273,2000,6224.81
6181.973,2000,6310.577,6233.561,2000,6209.277,6090.859,2000,6136.197,6189.455,2000,6119.202,6135.573,2000,6225.851
6181.947,2000,6311.66,6234.075,2000,6210.231,6091.039,2000,6137.265,6189.869,2000,6120.203,6135.839,2000,6226.901
6181.921,2000,6312.743,6234.62,2000,6211.167,6091.253,2000,6138.327,6190.25,2000,6121.217,6136.07,2000,6227.96
6181.896,2000,6313.826,6235.195,2000,6212.085,6091.503,2000,6139.381,6190.597,2000,6122.243,6136.266,2000,6229.025
6181.87,2000,6314.909,6235.74,2000,6213.022,6091.787,2000,6140.427,6190.911,2000,6123.279,6136.497,2000,6230.084
6181.844,2000,6315.992,6236.253,2000,6213.976,6092.104,2000,6141.462,6191.191,2000,6124.326,6136.763,2000,6231.134
6181.656,2000,6317.059,6236.736,2000,6214.946,6092.456,2000,6142.487,6191.437,2000,6125.381,6137.063,2000,6232.175
6181.468,2000,6318.126,6237.186,2000,6215.931,6092.841,2000,6143.5,6191.647,2000,6126.443,6137.396,2000,6233.206
6181.28,2000,6319.193,6237.604,2000,6216.931,6093.259,2000,6144.5,6191.823,2000,6127.512,6137.763,2000,6234.225
6181.092,2000,6320.26,6237.989,2000,6217.943,6093.709,2000,6145.485,6191.964,2000,6128.586,6138.164,2000,6235.232
6180.904,2000,6321.327,6238.34,2000,6218.968,6094.127,2000,6146.484,6192.14,2000,6129.655,6138.597,2000,6236.225
6180.716,2000,6322.394,6238.658,2000,6220.004,6094.512,2000,6147.497,6192.351,2000,6130.718,6139.062,2000,6237.204
6180.528,2000,6323.46,6238.942,2000,6221.049,6094.863,2000,6148.522,6192.596,2000,6131.773,6139.538,2000,6238.177
6180.34,2000,6324.527,6239.191,2000,6222.104,6095.181,2000,6149.558,6192.876,2000,6132.819,6140.007,2000,6239.153
6180.152,2000,6325.594,6239.406,2000,6223.166,6095.465,2000,6150.603,6193.19,2000,6133.856,6140.47,2000,6240.133
6179.964,2000,6326.661,6239.586,2000,6224.234,6095.714,2000,6151.657,6193.538,2000,6134.882,6140.926,2000,6241.115
6179.776,2000,6327.728,6239.731,2000,6225.308,6095.929,2000,6152.719,6193.918,2000,6135.896,6141.376,2000,6242.101
6179.588,2000,6328.795,6239.911,2000,6226.376,6096.109,2000,6153.788,6194.333,2000,6136.897,6141.793,2000,6243.1
6179.4,2000,6329.862,6240.125,2000,6227.438,6096.254,2000,6154.861,6194.779,2000,6137.884,6142.178,2000,6244.113
6179.211,2000,6330.929,6240.375,2000,6228.492,6096.364,2000,6155.939,6195.258,2000,6138.855,6142.529,2000,6245.138
6179.023,2000,6331.996,6240.659,2000,6229.538,6096.509,2000,6157.013,6195.705,2000,6139.842,6142.846,2000,6246.173
6178.835,2000,6333.063,6240.977,2000,6230.573,6096.688,2000,6158.081,6196.119,2000,6140.843,6143.129,2000,6247.219
6178.647,2000,6334.129,6241.328,2000,6231.598,6096.903,2000,6159.143,6196.5,2000,6141.857,6143.378,2000,6248.273
6178.458,2000,6335.196,6241.713,2000,6232.611,6097.153,2000,6160.197,6196.847,2000,6142.883,6143.593,2000,6249.335
6178.271,2000,6336.263,6242.131,2000,6233.61,6097.437,2000,6161.243,6197.161,2000,6143.92,6143.772,2000,6250.404
6178.082,2000,6337.33,6242.581,2000,6234.596,6097.754,2000,6162.278,6197.441,2000,6144.966,6143.917,2000,6251.478
6177.894,2000,6338.397,6242.999,2000,6235.595,6098.106,2000,6163.303,6197.687,2000,6146.021,6144.096,2000,6252.546
6177.706,2000,6339.464,6243.384,2000,6236.608,6098.491,2000,6164.316,6197.897,2000,6147.084,6144.31,2000,6253.608
6177.518,2000,6340.531,6243.735,2000,6237.633,6098.909,2000,6165.315,6198.073,2000,6148.153,6144.559,2000,6254.662
6177.329,2000,6341.598,6244.053,2000,6238.668,6099.352,2000,6166.304,6198.214,2000,6149.227,6144.842,2000,6255.708
6177.141,2000,6342.665,6244.337,2000,6239.714,6099.792,2000,6167.293,6198.319,2000,6150.305,6145.16,2000,6256.744
6176.953,2000,6343.731,6244.586,2000,6240.768,6100.2,2000,6168.297,6198.46,2000,6151.379,6145.511,2000,6257.769
6176.765,2000,6344.798,6244.801,2000,6241.83,6100.575,2000,6169.314,6198.636,2000,6152.448,6145.883,2000,6258.786
6176.576,2000,6345.865,6244.981,2000,6242.898,6100.916,2000,6170.342,6198.847,2000,6153.511,6146.249,2000,6259.806
6176.388,2000,6346.932,6245.126,2000,6243.972,6101.223,2000,6171.381,6199.092,2000,6154.566,6146.609,2000,6260.828
6176.2,2000,6347.999,6245.306,2000,6245.041,6101.496,2000,6172.43,6199.372,2000,6155.612,6146.936,2000,6261.861
6176.012,2000,6349.066,6245.521,2000,6246.103,6101.735,2000,6173.486,6199.686,2000,6156.649,6147.228,2000,6262.904
6175.823,2000,6350.133,6245.77,2000,6247.157,6101.939,2000,6174.55,6200.034,2000,6157.675,6147.486,2000,6263.956
6175.635,2000,6351.2,6246.054,2000,6248.202,6102.108,2000,6175.62,6200.415,2000,6158.689,6147.71,2000,6265.016
6175.447,2000,6352.267,6246.372,2000,6249.238,6102.242,2000,6176.695,6200.829,2000,6159.69,6147.899,2000,6266.083
6175.259,2000,6353.333,6246.723,2000,6250.263,6102.411,2000,6177.765,6201.209,2000,6160.704,6148.053,2000,6267.155
6175.07,2000,6354.4,6247.041,2000,6251.298,6102.615,2000,6178.829,6201.557,2000,6161.73,6148.242,2000,6268.222
6174.882,2000,6355.467,6247.325,2000,6252.344,6102.854,2000,6179.886,6201.871,2000,6162.767,6148.465,2000,6269.282
6174.694,2000,6356.534,6247.574,2000,6253.398,6103.126,2000,6180.934,6202.151,2000,6163.813,6148.724,2000,6270.334
6174.505,2000,6357.601,6247.789,2000,6254.46,6103.434,2000,6181.973,6202.396,2000,6164.868,6149.016,2000,6271.377
6174.317,2000,6358.668,6247.969,2000,6255.528,6103.775,2000,6183.001,6202.607,2000,6165.931,6149.323,2000,6272.417
6174.129,2000,6359.735,6248.114,2000,6256.602,6104.149,2000,6184.018,6202.783,2000,6167,6149.625,2000,6273.457
6173.941,2000,6360.802,6248.293,2000,6257.67,6104.55,2000,6185.024,6202.924,2000,6168.074,6149.892,2000,6274.507
6173.752,2000,6361.869,6248.508,2000,6258.732,6104.918,2000,6186.043,6203.1,2000,6169.143,6150.125,2000,6275.565
6173.564,2000,6362.936,6248.758,2000,6259.787,6105.252,2000,6187.074,6203.311,2000,6170.205,6150.323,2000,6276.63
6173.376,2000,6364.002,6249.042,2000,6260.832,6105.552,2000,6188.115,6203.556,2000,6171.26,6150.486,2000,6277.701
6173.188,2000,6365.069,6249.359,2000,6261.868,6105.818,2000,6189.165,6203.836,2000,6172.307,6150.614,2000,6278.776
6173,2000,6366.136,6249.643,2000,6262.913,6106.05,2000,6190.223,6204.15,2000,6173.343,6150.777,2000,6279.847
6172.812,2000,6367.203,6249.893,2000,6263.967,6106.247,2000,6191.289,6204.498,2000,6174.369,6150.976,2000,6280.912
6172.623,2000,6368.27,6250.107,2000,6265.029,6106.408,2000,6192.36,6204.878,2000,6175.383,6151.208,2000,6281.97
6172.435,2000,6369.337,6250.287,2000,6266.098,6106.535,2000,6193.436,6205.292,2000,6176.384,6151.469,2000,6283.021
6172.247,2000,6370.404,6250.432,2000,6267.171,6106.696,2000,6194.507,6205.673,2000,6177.398,6151.725,2000,6284.074
6172.059,2000,6371.471,6250.542,2000,6268.249,6106.893,2000,6195.572,6206.021,2000,6178.424,6151.976,2000,6285.128
6171.87,2000,6372.538,6250.616,2000,6269.33,6107.125,2000,6196.63,6206.335,2000,6179.461,6152.221,2000,6286.184
6171.682,2000,6373.604,6250.726,2000,6270.407,6107.391,2000,6197.681,6206.615,2000,6180.507,6152.432,2000,6287.246
6171.494,2000,6374.671,6250.871,2000,6271.481,6107.691,2000,6198.722,6206.86,2000,6181.563,6152.608,2000,6288.315
6171.306,2000,6375.738,6251.051,2000,6272.549,6108.025,2000,6199.752,6207.071,2000,6182.625,6152.749,2000,6289.389
6170.958,2000,6376.765,6251.266,2000,6273.611,6108.392,2000,6200.771,6207.247,2000,6183.694,6152.854,2000,6290.467
6170.611,2000,6377.791,6251.515,2000,6274.666,6108.754,2000,6201.792,6207.388,2000,6184.768,6152.924,2000,6291.548
6170.264,2000,6378.817,6251.73,2000,6275.728,6109.114,2000,6202.814,6207.493,2000,6185.846,6153.03,2000,6292.626
6169.917,2000,6379.844,6251.91,2000,6276.796,6109.439,2000,6203.848,6207.634,2000,6186.92,6153.17,2000,6293.701
6169.57,2000,6380.87,6252.055,2000,6277.87,6109.731,2000,6204.891,6207.81,2000,6187.989,6153.346,2000,6294.77
6169.223,2000,6381.896,6252.165,2000,6278.947,6109.988,2000,6205.943,6208.021,2000,6189.052,6153.557,2000,6295.832
6168.875,2000,6382.923,6252.239,2000,6280.028,6110.211,2000,6207.003,6208.266,2000,6190.107,6153.803,2000,6296.887
6168.528,2000,6383.949,6252.349,2000,6281.105,6110.399,2000,6208.07,6208.546,2000,6191.153,6154.014,2000,6297.95
6168.181,2000,6384.976,6252.494,2000,6282.179,6110.552,2000,6209.143,6208.86,2000,6192.19,6154.189,2000,6299.019
6167.834,2000,6386.002,6252.673,2000,6283.248,6110.669,2000,6210.22,6209.208,2000,6193.216,6154.33,2000,6300.093
6167.487,2000,6387.028,6252.888,2000,6284.31,6110.752,2000,6211.3,6209.588,2000,6194.23,6154.436,2000,6301.171
6167.14,2000,6388.055,6253.138,2000,6285.364,6110.799,2000,6212.382,6209.936,2000,6195.256,6154.506,2000,6302.252
6166.792,2000,6389.081,6253.421,2000,6286.409,6110.811,2000,6213.466,6210.25,2000,6196.292,6154.611,2000,6303.33
6166.445,2000,6390.107,6253.739,2000,6287.445,6110.787,2000,6214.549,6210.53,2000,6197.339,6154.752,2000,6304.404
6166.098,2000,6391.134,6254.091,2000,6288.47,6110.798,2000,6215.632,6210.775,2000,6198.394,6154.898,2000,6305.478
6165.751,2000,6392.16,6254.476,2000,6289.482,6110.845,2000,6216.715,6210.986,2000,6199.457,6155.039,2000,6306.552
6165.404,2000,6393.187,6254.894,2000,6290.482,6110.928,2000,6217.795,6211.162,2000,6200.525,6155.173,2000,6307.626
6165.057,2000,6394.213,6255.278,2000,6291.495,6111.045,2000,6218.872,6211.303,2000,6201.6,6155.302,2000,6308.702
6164.709,2000,6395.239,6255.63,2000,6292.52,6111.198,2000,6219.944,6211.408,2000,6202.678,6155.424,2000,6309.778
6164.362,2000,6396.266,6255.948,2000,6293.555,6111.386,2000,6221.011,6211.479,2000,6203.759,6155.542,2000,6310.855
6164.015,2000,6397.292,6256.231,2000,6294.601,6111.609,2000,6222.071,6211.513,2000,6204.842,6155.653,2000,6311.933
6163.668,2000,6398.318,6256.481,2000,6295.655,6111.866,2000,6223.124,6211.513,2000,6205.925,6155.758,2000,6313.011
6163.321,2000,6399.345,6256.696,2000,6296.717,6112.158,2000,6224.167,6211.477,2000,6207.008,6155.858,2000,6314.09
6162.974,2000,6400.371,6256.875,2000,6297.785,6112.415,2000,6225.219,6211.405,2000,6208.089,6155.994,2000,6315.165
6162.626,2000,6401.397,6257.021,2000,6298.859,6112.638,2000,6226.279,6211.298,2000,6209.167,6156.164,2000,6316.234
6162.279,2000,6402.424,6257.13,2000,6299.937,6112.826,2000,6227.346,6211.156,2000,6210.241,6156.369,2000,6317.298
6161.932,2000,6403.45,6257.205,2000,6301.017,6112.979,2000,6228.418,6211.049,2000,6211.319,6156.609,2000,6318.354
6161.585,2000,6404.477,6257.244,2000,6302.1,6113.096,2000,6229.496,6210.978,2000,6212.4,6156.883,2000,6319.402
6161.238,2000,6405.503,6257.247,2000,6303.183,6113.179,2000,6230.576,6210.942,2000,6213.483,6157.123,2000,6320.459
6160.891,2000,6406.529,6257.215,2000,6304.266,6113.226,2000,6231.658,6210.941,2000,6214.566,6157.328,2000,6321.522
6160.543,2000,6407.556,6257.148,2000,6305.347,6113.237,2000,6232.742,6210.976,2000,6215.649,6157.499,2000,6322.592
6160.196,2000,6408.582,6257.045,2000,6306.426,6113.213,2000,6233.825,6211.046,2000,6216.73,6157.634,2000,6323.667
6159.849,2000,6409.608,6256.908,2000,6307.5,6113.154,2000,6234.906,6211.152,2000,6217.809,6157.734,2000,6324.746
6159.502,2000,6410.635,6256.735,2000,6308.57,6113.06,2000,6235.985,6211.292,2000,6218.883,6157.798,2000,6325.827
6159.155,2000,6411.661,6256.527,2000,6309.633,6112.93,2000,6237.061,6211.468,2000,6219.952,6157.828,2000,6326.91
6158.808,2000,6412.688,6256.284,2000,6310.688,6112.835,2000,6238.14,6211.609,2000,6221.026,6157.845,2000,6327.993
6158.46,2000,6413.714,6256.076,2000,6311.751,6112.776,2000,6239.222,6211.714,2000,6222.104,6157.826,2000,6329.076
6158.113,2000,6414.74,6255.903,2000,6312.821,6112.752,2000,6240.305,6211.785,2000,6223.185,6157.772,2000,6330.158
6157.766,2000,6415.766,6255.766,2000,6313.896,6112.764,2000,6241.388,6211.819,2000,6224.268,6157.683,2000,6331.238
6157.418,2000,6416.792,6255.663,2000,6314.974,6112.811,2000,6242.471,6211.819,2000,6225.352,6157.559,2000,6332.314
6157.071,2000,6417.817,6255.596,2000,6316.055,6112.893,2000,6243.551,6211.783,2000,6226.434,6157.399,2000,6333.385
6156.724,2000,6418.843,6255.564,2000,6317.138,6113.011,2000,6244.628,6211.711,2000,6227.515,6157.204,2000,6334.451
6156.376,2000,6419.869,6255.567,2000,6318.222,6113.164,2000,6245.7,6211.604,2000,6228.593,6156.975,2000,6335.51
6156.029,2000,6420.895,6255.606,2000,6319.304,6113.281,2000,6246.777,6211.533,2000,6229.674,6156.78,2000,6336.576
6155.682,2000,6421.921,6255.681,2000,6320.385,6113.364,2000,6247.857,6211.497,2000,6230.757,6156.62,2000,6337.647
6155.334,2000,6422.947,6255.791,2000,6321.462,6113.411,2000,6248.94,6211.497,2000,6231.84,6156.496,2000,6338.723
6154.987,2000,6423.973,6255.936,2000,6322.536,6113.422,2000,6250.023,6211.531,2000,6232.923,6156.406,2000,6339.803
6154.64,2000,6424.999,6256.045,2000,6323.614,6113.398,2000,6251.106,6211.602,2000,6234.004,6156.353,2000,6340.885
6154.292,2000,6426.024,6256.12,2000,6324.694,6113.339,2000,6252.188,6211.707,2000,6235.083,6156.334,2000,6341.968
6153.945,2000,6427.051,6256.159,2000,6325.777,6113.245,2000,6253.267,6211.848,2000,6236.157,6156.351,2000,6343.051
6153.598,2000,6428.077,6256.233,2000,6326.857,6113.115,2000,6254.343,6211.953,2000,6237.235,6156.403,2000,6344.133
6153.25,2000,6429.103,6256.343,2000,6327.935,6112.95,2000,6255.414,6212.023,2000,6238.316,6156.491,2000,6345.212
6152.903,2000,6430.129,6256.488,2000,6329.009,6112.75,2000,6256.479,6212.058,2000,6239.399,6156.614,2000,6346.289
6152.556,2000,6431.155,6256.598,2000,6330.086,6112.515,2000,6257.536,6212.058,2000,6240.482,6156.772,2000,6347.36
6152.208,2000,6432.181,6256.672,2000,6331.167,6112.315,2000,6258.601,6212.021,2000,6241.565,6156.896,2000,6348.437
6151.861,2000,6433.208,6256.711,2000,6332.25,6112.15,2000,6259.672,6211.95,2000,6242.646,6156.983,2000,6349.516
6151.364,2000,6434.17,6256.714,2000,6333.333,6112.021,2000,6260.748,6211.843,2000,6243.724,6157.036,2000,6350.598
6150.868,2000,6435.133,6256.683,2000,6334.416,6111.926,2000,6261.827,6211.701,2000,6244.798,6157.053,2000,6351.681
6150.371,2000,6436.096,6256.615,2000,6335.497,6111.867,2000,6262.908,6211.524,2000,6245.867,6157.034,2000,6352.764
6149.875,2000,6437.059,6256.513,2000,6336.576,6111.843,2000,6263.991,6211.312,2000,6246.93,6156.98,2000,6353.846
6149.378,2000,6438.022,6256.375,2000,6337.65,6111.854,2000,6265.075,6211.065,2000,6247.984,6156.891,2000,6354.926
6148.881,2000,6438.985,6256.202,2000,6338.72,6111.901,2000,6266.157,6210.785,2000,6249.031,6156.793,2000,6356.005
6148.385,2000,6439.948,6255.994,2000,6339.783,6111.984,2000,6267.237,6210.47,2000,6250.067,6156.69,2000,6357.083
6147.888,2000,6440.911,6255.751,2000,6340.838,6112.031,2000,6268.32,6210.189,2000,6251.114,6156.583,2000,6358.162
6147.392,2000,6441.874,6255.475,2000,6341.886,6112.042,2000,6269.403,6209.942,2000,6252.168,6156.469,2000,6359.239
6146.895,2000,6442.836,6255.164,2000,6342.923,6112.019,2000,6270.486,6209.73,2000,6253.231,6156.351,2000,6360.316
6146.398,2000,6443.799,6254.819,2000,6343.95,6111.959,2000,6271.568,6209.553,2000,6254.3,6156.228,2000,6361.392
6145.902,2000,6444.762,6254.44,2000,6344.965,6111.865,2000,6272.647,6209.411,2000,6255.374,6156.099,2000,6362.468
6145.405,2000,6445.725,6254.096,2000,6345.992,6111.735,2000,6273.723,6209.304,2000,6256.452,6155.936,2000,6363.539
6144.909,2000,6446.688,6253.785,2000,6347.03,6111.57,2000,6274.793,6209.233,2000,6257.533,6155.737,2000,6364.604
6144.412,2000,6447.651,6253.508,2000,6348.077,6111.37,2000,6275.858,6209.197,2000,6258.616,6155.504,2000,6365.662
6143.916,2000,6448.614,6253.265,2000,6349.133,6111.135,2000,6276.916,6209.196,2000,6259.699,6155.237,2000,6366.711
6143.419,2000,6449.577,6253.057,2000,6350.196,6110.866,2000,6277.965,6209.231,2000,6260.782,6154.935,2000,6367.752
6142.922,2000,6450.54,6252.884,2000,6351.265,6110.563,2000,6279.005,6209.301,2000,6261.863,6154.599,2000,6368.782
6142.426,2000,6451.502,6252.747,2000,6352.34,6110.226,2000,6280.035,6209.336,2000,6262.946,6154.23,2000,6369.8
6141.929,2000,6452.465,6252.644,2000,6353.418,6109.855,2000,6281.053,6209.335,2000,6264.03,6153.894,2000,6370.83
6141.433,2000,6453.428,6252.577,2000,6354.5,6109.451,2000,6282.058,6209.299,2000,6265.112,6153.592,2000,6371.871
6140.936,2000,6454.391,6252.545,2000,6355.583,6109.081,2000,6283.076,6209.228,2000,6266.193,6153.325,2000,6372.92
6140.439,2000,6455.354,6252.548,2000,6356.666,6108.743,2000,6284.105,6209.121,2000,6267.271,6153.092,2000,6373.979
6139.943,2000,6456.317,6252.587,2000,6357.749,6108.44,2000,6285.146,6208.979,2000,6268.346,6152.894,2000,6375.043
6139.446,2000,6457.28,6252.662,2000,6358.829,6108.171,2000,6286.195,6208.802,2000,6269.415,6152.723,2000,6376.113
6138.95,2000,6458.243,6252.771,2000,6359.907,6107.936,2000,6287.252,6208.59,2000,6270.477,6152.548,2000,6377.183
6138.453,2000,6459.206,6252.917,2000,6360.98,6107.736,2000,6288.317,6208.343,2000,6271.532,6152.369,2000,6378.251
6137.957,2000,6460.168,6253.096,2000,6362.049,6107.571,2000,6289.388,6208.063,2000,6272.578,6152.186,2000,6379.319
6137.46,2000,6461.131,6253.241,2000,6363.123,6107.441,2000,6290.464,6207.748,2000,6273.615,6151.998,2000,6380.386
6136.963,2000,6462.094,6253.351,2000,6364.2,6107.347,2000,6291.543,6207.399,2000,6274.641,6151.806,2000,6381.452
6136.467,2000,6463.057,6253.425,2000,6365.281,6107.288,2000,6292.625,6207.018,2000,6275.655,6151.609,2000,6382.518
6135.97,2000,6464.02,6253.464,2000,6366.363,6107.264,2000,6293.708,6206.637,2000,6276.669,6151.409,2000,6383.582
6135.473,2000,6464.983,6253.468,2000,6367.447,6107.275,2000,6294.791,6206.254,2000,6277.683,6151.205,2000,6384.646
6134.976,2000,6465.946,6253.436,2000,6368.53,6107.322,2000,6295.874,6205.872,2000,6278.696,6150.997,2000,6385.709
6134.479,2000,6466.909,6253.369,2000,6369.611,6107.334,2000,6296.957,6205.488,2000,6279.709,6150.824,2000,6386.778
6133.982,2000,6467.872,6253.266,2000,6370.689,6107.31,2000,6298.04,6205.138,2000,6280.734,6150.686,2000,6387.853
6133.485,2000,6468.834,6253.128,2000,6371.764,6107.251,2000,6299.122,6204.822,2000,6281.771,6150.583,2000,6388.932
6132.988,2000,6469.797,6252.956,2000,6372.833,6107.156,2000,6300.201,6204.54,2000,6282.816,6150.515,2000,6390.013
6132.492,2000,6470.76,6252.748,2000,6373.896,6107.026,2000,6301.276,6204.292,2000,6283.871,6150.482,2000,6391.096
6131.995,2000,6471.723,6252.505,2000,6374.952,6106.861,2000,6302.347,6204.078,2000,6284.933,6150.486,2000,6392.179
6131.498,2000,6472.686,6252.228,2000,6376,6106.662,2000,6303.412,6203.899,2000,6286.001,6150.524,2000,6393.262
6131.001,2000,6473.649,6251.917,2000,6377.037,6106.427,2000,6304.47,6203.756,2000,6287.075,6150.599,2000,6394.342
6130.504,2000,6474.612,6251.572,2000,6378.064,6106.158,2000,6305.519,6203.647,2000,6288.153,6150.637,2000,6395.425
6130.007,2000,6475.575,6251.194,2000,6379.079,6105.854,2000,6306.559,6203.575,2000,6289.234,6150.641,2000,6396.508
6129.51,2000,6476.538,6250.783,2000,6380.082,6105.517,2000,6307.588,6203.537,2000,6290.317,6150.608,2000,6397.591
6129.013,2000,6477.5,6250.339,2000,6381.07,6105.146,2000,6308.606,6203.535,2000,6291.4,6150.541,2000,6398.672
6128.516,2000,6478.463,6249.863,2000,6382.043,6104.743,2000,6309.612,6203.568,2000,6292.483,6150.438,2000,6399.751
6128.019,2000,6479.426,6249.355,2000,6383,6104.372,2000,6310.63,6203.566,2000,6293.567,6150.299,2000,6400.826
6127.522,2000,6480.389,6248.816,2000,6383.94,6104.035,2000,6311.659,6203.529,2000,6294.649,6150.126,2000,6401.895
6127.025,2000,6481.352,6248.247,2000,6384.862,6103.731,2000,6312.699,6203.456,2000,6295.73,6149.918,2000,6402.958
6126.528,2000,6482.315,6247.708,2000,6385.802,6103.462,2000,6313.749,6203.348,2000,6296.809,6149.675,2000,6404.014
6126.031,2000,6483.278,6247.201,2000,6386.759,6103.228,2000,6314.806,6203.204,2000,6297.882,6149.398,2000,6405.061
6125.535,2000,6484.241,6246.725,2000,6387.732,6103.028,2000,6315.871,6203.025,2000,6298.951,6149.086,2000,6406.099
6125.038,2000,6485.204,6246.281,2000,6388.72,6102.863,2000,6316.942,6202.812,2000,6300.013,6148.741,2000,6407.125
6124.541,2000,6486.167,6245.87,2000,6389.723,6102.733,2000,6318.018,6202.564,2000,6301.067,6148.363,2000,6408.141
6124.044,2000,6487.129,6245.491,2000,6390.738,6102.638,2000,6319.097,6202.282,2000,6302.113,6147.951,2000,6409.143
6123.547,2000,6488.092,6245.146,2000,6391.765,6102.579,2000,6320.178,6201.965,2000,6303.149,6147.507,2000,6410.131
6122.911,2000,6488.969,6244.835,2000,6392.802,6102.555,2000,6321.261,6201.615,2000,6304.175,6147.031,2000,6411.104
6122.275,2000,6489.847,6244.559,2000,6393.85,6102.567,2000,6322.345,6201.232,2000,6305.188,6146.523,2000,6412.061
6121.64,2000,6490.724,6244.316,2000,6394.905,6102.543,2000,6323.428,6200.815,2000,6306.188,6146.037,2000,6413.029
6121.004,2000,6491.601,6244.108,2000,6395.968,6102.484,2000,6324.509,6200.432,2000,6307.201,6145.548,2000,6413.996
6120.368,2000,6492.478,6243.935,2000,6397.038,6102.389,2000,6325.588,6200.082,2000,6308.227,6145.091,2000,6414.978
6119.732,2000,6493.355,6243.797,2000,6398.112,6102.259,2000,6326.664,6199.766,2000,6309.263,6144.666,2000,6415.975
6119.097,2000,6494.232,6243.695,2000,6399.191,6102.094,2000,6327.735,6199.483,2000,6310.309,6144.274,2000,6416.984
6118.461,2000,6495.11,6243.627,2000,6400.272,6101.895,2000,6328.8,6199.235,2000,6311.363,6143.916,2000,6418.007
6117.825,2000,6495.987,6243.596,2000,6401.355,6101.66,2000,6329.857,6199.022,2000,6312.425,6143.59,2000,6419.04
6117.189,2000,6496.864,6243.599,2000,6402.438,6101.391,2000,6330.907,6198.843,2000,6313.494,6143.299,2000,6420.083
6116.554,2000,6497.742,6243.638,2000,6403.521,6101.087,2000,6331.947,6198.7,2000,6314.567,6143.042,2000,6421.136
6115.918,2000,6498.619,6243.712,2000,6404.602,6100.75,2000,6332.976,6198.591,2000,6315.646,6142.82,2000,6422.196
6115.282,2000,6499.496,6243.822,2000,6405.679,6100.379,2000,6333.994,6198.519,2000,6316.727,6142.633,2000,6423.263
6114.646,2000,6500.373,6243.967,2000,6406.753,6099.976,2000,6335,6198.481,2000,6317.809,6142.48,2000,6424.336
6114.011,2000,6501.25,6244.147,2000,6407.821,6099.539,2000,6335.991,6198.479,2000,6318.893,6142.363,2000,6425.413
6113.375,2000,6502.128,6244.362,2000,6408.883,6099.07,2000,6336.968,6198.441,2000,6319.975,6142.281,2000,6426.493
6112.739,2000,6503.005,6244.542,2000,6409.952,6098.57,2000,6337.929,6198.369,2000,6321.056,6142.235,2000,6427.576
6112.104,2000,6503.882,6244.687,2000,6411.025,6098.038,2000,6338.873,6198.26,2000,6322.134,6142.224,2000,6428.659
6111.468,2000,6504.759,6244.796,2000,6412.103,6097.538,2000,6339.833,6198.117,2000,6323.208,6142.177,2000,6429.742
6110.832,2000,6505.637,6244.871,2000,6413.184,6097.069,2000,6340.81,6197.938,2000,6324.276,6142.095,2000,6430.822
6110.196,2000,6506.514,6244.91,2000,6414.266,6096.632,2000,6341.802,6197.725,2000,6325.338,6141.978,2000,6431.899
6109.561,2000,6507.391,6244.913,2000,6415.35,6096.229,2000,6342.807,6197.477,2000,6326.393,6141.826,2000,6432.972
6108.925,2000,6508.269,6244.881,2000,6416.433,6095.858,2000,6343.825,6197.194,2000,6327.439,6141.638,2000,6434.039
6108.289,2000,6509.146,6244.814,2000,6417.514,6095.521,2000,6344.854,6196.878,2000,6328.475,6141.416,2000,6435.099
6107.653,2000,6510.023,6244.711,2000,6418.592,6095.217,2000,6345.895,6196.528,2000,6329.5,6141.159,2000,6436.151
6107.018,2000,6510.9,6244.574,2000,6419.667,6094.948,2000,6346.944,6196.145,2000,6330.514,6140.868,2000,6437.195
6106.382,2000,6511.777,6244.401,2000,6420.736,6094.713,2000,6348.001,6195.728,2000,6331.514,6140.543,2000,6438.228
6105.746,2000,6512.654,6244.193,2000,6421.799,6094.514,2000,6349.066,6195.279,2000,6332.5,6140.185,2000,6439.25
6105.11,2000,6513.532,6243.95,2000,6422.855,6094.349,2000,6350.137,6194.798,2000,6333.47,6139.792,2000,6440.26
6104.475,2000,6514.409,6243.673,2000,6423.902,6094.219,2000,6351.213,6194.315,2000,6334.44,6139.368,2000,6441.257
6103.839,2000,6515.286,6243.362,2000,6424.94,6094.124,2000,6352.292,6193.832,2000,6335.409,6138.911,2000,6442.239
6103.203,2000,6516.164,6243.018,2000,6425.967,6094.065,2000,6353.374,6193.347,2000,6336.378,6138.442,2000,6443.216
6102.567,2000,6517.041,6242.639,2000,6426.982,6094.041,2000,6354.457,6192.861,2000,6337.346,6137.971,2000,6444.191
6101.932,2000,6517.918,6242.228,2000,6427.984,6093.982,2000,6355.538,6192.375,2000,6338.314,6137.532,2000,6445.182
6101.296,2000,6518.795,6241.784,2000,6428.973,6093.887,2000,6356.617,6191.92,2000,6339.297,6137.125,2000,6446.186
6100.66,2000,6519.672,6241.308,2000,6429.946,6093.757,2000,6357.693,6191.499,2000,6340.295,6136.752,2000,6447.203
6100.024,2000,6520.55,6240.8,2000,6430.903,6093.592,2000,6358.764,6191.109,2000,6341.306,6136.412,2000,6448.232
6099.389,2000,6521.427,6240.262,2000,6431.843,6093.393,2000,6359.829,6190.753,2000,6342.33,6136.106,2000,6449.271
6098.753,2000,6522.304,6239.692,2000,6432.765,6093.158,2000,6360.886,6190.431,2000,6343.364,6135.834,2000,6450.32
6098.117,2000,6523.181,6239.093,2000,6433.667,6092.889,2000,6361.936,6190.143,2000,6344.408,6135.597,2000,6451.377
6097.481,2000,6524.059,6238.465,2000,6434.55,6092.585,2000,6362.976,6189.889,2000,6345.461,6135.394,2000,6452.441
6096.846,2000,6524.936,6237.809,2000,6435.412,6092.248,2000,6364.005,6189.67,2000,6346.522,6135.226,2000,6453.511
6096.21,2000,6525.813,6237.124,2000,6436.252,6091.877,2000,6365.023,6189.485,2000,6347.59,6135.093,2000,6454.586
6095.574,2000,6526.69,6236.413,2000,6437.069,6091.474,2000,6366.028,6189.336,2000,6348.663,6134.996,2000,6455.666
6094.938,2000,6527.567,6235.675,2000,6437.862,6091.037,2000,6367.02,6189.222,2000,6349.74,6134.934,2000,6456.747
6094.303,2000,6528.445,6234.963,2000,6438.679,6090.568,2000,6367.997,6189.143,2000,6350.82,6134.907,2000,6457.83
6093.667,2000,6529.322,6234.279,2000,6439.519,6090.132,2000,6368.988,6189.028,2000,6351.897,6134.845,2000,6458.912
6093.031,2000,6530.199,6233.622,2000,6440.38,6089.728,2000,6369.994,6188.879,2000,6352.97,6134.747,2000,6459.991
6092.396,2000,6531.076,6232.994,2000,6441.263,6089.357,2000,6371.012,6188.694,2000,6354.038,6134.614,2000,6461.066
6091.76,2000,6531.954,6232.395,2000,6442.166,6089.02,2000,6372.041,6188.475,2000,6355.099,6134.446,2000,6462.136
6091.124,2000,6532.831,6231.826,2000,6443.088,6088.717,2000,6373.081,6188.221,2000,6356.152,6134.244,2000,6463.2
6090.488,2000,6533.708,6231.287,2000,6444.028,6088.448,2000,6374.13,6187.933,2000,6357.196,6134.006,2000,6464.257
6089.853,2000,6534.585,6230.779,2000,6444.985,6088.213,2000,6375.188,6187.611,2000,6358.23,6133.734,2000,6465.306
6089.217,2000,6535.462,6230.303,2000,6445.958,6088.013,2000,6376.253,6187.255,2000,6359.254,6133.428,2000,6466.345
6088.581,2000,6536.34,6229.859,2000,6446.946,6087.848,2000,6377.324,6186.866,2000,6360.265,6133.088,2000,6467.374
6087.945,2000,6537.217,6229.448,2000,6447.949,6087.718,2000,6378.399,6186.444,2000,6361.263,6132.715,2000,6468.391
6087.31,2000,6538.094,6229.07,2000,6448.964,6087.624,2000,6379.479,6185.989,2000,6362.246,6132.309,2000,6469.396
6086.674,2000,6538.972,6228.725,2000,6449.991,6087.494,2000,6380.554,6185.567,2000,6363.244,6131.87,2000,6470.386
6085.913,2000,6539.743,6228.414,2000,6451.028,6087.329,2000,6381.625,6185.178,2000,6364.255,6131.398,2000,6471.361
6085.151,2000,6540.514,6228.137,2000,6452.076,6087.129,2000,6382.69,6184.822,2000,6365.278,6130.923,2000,6472.335
6084.39,2000,6541.285,6227.895,2000,6453.131,6086.894,2000,6383.748,6184.5,2000,6366.313,6130.447,2000,6473.308
6083.629,2000,6542.056,6227.687,2000,6454.194,6086.625,2000,6384.797,6184.212,2000,6367.357,6129.969,2000,6474.28
6082.868,2000,6542.827,6227.514,2000,6455.264,6086.322,2000,6385.837,6183.958,2000,6368.41,6129.489,2000,6475.251
6082.107,2000,6543.598,6227.376,2000,6456.338,6085.984,2000,6386.866,6183.739,2000,6369.471,6129.042,2000,6476.238
6081.346,2000,6544.369,6227.273,2000,6457.417,6085.614,2000,6387.884,6183.554,2000,6370.539,6128.627,2000,6477.239
6080.585,2000,6545.14,6227.206,2000,6458.498,6085.21,2000,6388.89,6183.405,2000,6371.611,6128.245,2000,6478.252
6079.824,2000,6545.911,6227.174,2000,6459.581,6084.773,2000,6389.881,6183.291,2000,6372.688,6127.896,2000,6479.278
6079.063,2000,6546.682,6227.178,2000,6460.665,6084.305,2000,6390.858,6183.141,2000,6373.761,6127.582,2000,6480.315
6078.302,2000,6547.453,6227.217,2000,6461.747,6083.804,2000,6391.819,6182.957,2000,6374.829,6127.301,2000,6481.361
6077.541,2000,6548.224,6227.291,2000,6462.828,6083.272,2000,6392.763,6182.737,2000,6375.89,6127.054,2000,6482.417
6076.78,2000,6548.995,6227.401,2000,6463.905,6082.71,2000,6393.689,6182.483,2000,6376.943,6126.842,2000,6483.479
6076.019,2000,6549.766,6227.546,2000,6464.979,6082.179,2000,6394.633,6182.195,2000,6377.987,6126.596,2000,6484.534
6075.258,2000,6550.537,6227.726,2000,6466.047,6081.678,2000,6395.594,6181.873,2000,6379.021,6126.315,2000,6485.581
6074.498,2000,6551.308,6227.94,2000,6467.109,6081.209,2000,6396.57,6181.517,2000,6380.045,6126,2000,6486.617
6073.736,2000,6552.079,6228.19,2000,6468.164,6080.773,2000,6397.562,6181.128,2000,6381.056,6125.651,2000,6487.643
6072.976,2000,6552.85,6228.474,2000,6469.209,6080.369,2000,6398.567,6180.706,2000,6382.054,6125.27,2000,6488.657
6072.214,2000,6553.621,6228.792,2000,6470.245,6079.999,2000,6399.585,6180.251,2000,6383.037,6124.854,2000,6489.657
6071.454,2000,6554.392,6229.143,2000,6471.27,6079.661,2000,6400.615,6179.765,2000,6384.005,6124.407,2000,6490.644
6070.693,2000,6555.163,6229.461,2000,6472.305,6079.358,2000,6401.655,6179.248,2000,6384.957,6123.928,2000,6491.616
6069.932,2000,6555.934,6229.745,2000,6473.351,6079.089,2000,6402.704,6178.699,2000,6385.891,6123.417,2000,6492.571
6069.171,2000,6556.705,6229.994,2000,6474.405,6078.854,2000,6403.762,6178.12,2000,6386.806,6122.875,2000,6493.509
6068.41,2000,6557.476,6230.209,2000,6475.467,6078.585,2000,6404.811,6177.535,2000,6387.718,6122.363,2000,6494.464
6067.649,2000,6558.247,6230.389,2000,6476.535,6078.282,2000,6405.851,6176.949,2000,6388.629,6121.884,2000,6495.436
6066.888,2000,6559.018,6230.534,2000,6477.609,6077.944,2000,6406.88,6176.362,2000,6389.54,6121.437,2000,6496.422
6066.127,2000,6559.789,6230.644,2000,6478.687,6077.574,2000,6407.898,6175.805,2000,6390.469,6121.021,2000,6497.423
6065.366,2000,6560.56,6230.718,2000,6479.767,6077.17,2000,6408.904,6175.279,2000,6391.417,6120.64,2000,6498.437
6064.605,2000,6561.331,6230.757,2000,6480.85,6076.733,2000,6409.896,6174.785,2000,6392.38,6120.291,2000,6499.462
6063.844,2000,6562.102,6230.76,2000,6481.933,6076.265,2000,6410.872,6174.322,2000,6393.36,6119.976,2000,6500.499
6063.083,2000,6562.873,6230.729,2000,6483.016,6075.764,2000,6411.833,6173.891,2000,6394.354,6119.695,2000,6501.545
6062.322,2000,6563.644,6230.661,2000,6484.097,6075.232,2000,6412.777,6173.493,2000,6395.362,6119.449,2000,6502.601
6061.562,2000,6564.415,6230.559,2000,6485.176,6074.67,2000,6413.703,6173.128,2000,6396.382,6119.168,2000,6503.647
6060.8,2000,6565.186,6230.421,2000,6486.25,6074.078,2000,6414.61,6172.797,2000,6397.413,6118.853,2000,6504.684
6060.04,2000,6565.957,6230.248,2000,6487.32,6073.516,2000,6415.537,6172.433,2000,6398.433,6118.504,2000,6505.709
6059.279,2000,6566.728,6230.04,2000,6488.383,6072.984,2000,6416.48,6172.035,2000,6399.441,6118.123,2000,6506.723
6058.518,2000,6567.499,6229.797,2000,6489.438,6072.484,2000,6417.441,6171.604,2000,6400.435,6117.708,2000,6507.724
6057.757,2000,6568.27,6229.521,2000,6490.486,6072.015,2000,6418.418,6171.141,2000,6401.415,6117.26,2000,6508.71
6056.996,2000,6569.041,6229.209,2000,6491.523,6071.579,2000,6419.41,6170.646,2000,6402.378,6116.781,2000,6509.682
6056.235,2000,6569.812,6228.865,2000,6492.55,6071.175,2000,6420.415,6170.121,2000,6403.326,6116.27,2000,6510.637
6055.474,2000,6570.583,6228.486,2000,6493.565,6070.804,2000,6421.433,6169.564,2000,6404.255,6115.728,2000,6511.575
6054.713,2000,6571.354,6228.075,2000,6494.568,6070.467,2000,6422.462,6168.977,2000,6405.166,6115.155,2000,6512.495
6053.952,2000,6572.125,6227.631,2000,6495.556,6070.164,2000,6423.502,6168.363,2000,6406.058,6114.553,2000,6513.396
6053.191,2000,6572.896,6227.155,2000,6496.529,6069.826,2000,6424.532,6167.779,2000,6406.97,6113.922,2000,6514.276
6052.43,2000,6573.667,6226.647,2000,6497.486,6069.456,2000,6425.55,6167.225,2000,6407.901,6113.32,2000,6515.176
6051.669,2000,6574.438,6226.109,2000,6498.426,6069.052,2000,6426.555,6166.701,2000,6408.85,6112.748,2000,6516.096
6050.908,2000,6575.208,6225.54,2000,6499.348,6068.615,2000,6427.547,6166.209,2000,6409.815,6112.206,2000,6517.034
6050.147,2000,6575.979,6224.94,2000,6500.251,6068.146,2000,6428.523,6165.749,2000,6410.796,6111.694,2000,6517.989
6049.386,2000,6576.75,6224.313,2000,6501.134,6067.646,2000,6429.484,6165.321,2000,6411.792,6111.215,2000,6518.961
6048.625,2000,6577.521,6223.656,2000,6501.996,6067.114,2000,6430.428,6164.926,2000,6412.8,6110.768,2000,6519.948
6047.865,2000,6578.292,6222.971,2000,6502.835,6066.552,2000,6431.354,6164.564,2000,6413.821,6110.353,2000,6520.948
6047.104,2000,6579.063,6222.26,2000,6503.652,6065.96,2000,6432.262,6164.236,2000,6414.854,6109.971,2000,6521.962
6046.343,2000,6579.834,6221.522,2000,6504.445,6065.338,2000,6433.149,6163.942,2000,6415.896,6109.622,2000,6522.988
6045.582,2000,6580.605,6220.758,2000,6505.214,6064.746,2000,6434.056,6163.614,2000,6416.928,6109.24,2000,6524.001
6044.821,2000,6581.376,6219.97,2000,6505.957,6064.184,2000,6434.982,6163.252,2000,6417.949,6108.825,2000,6525.002
6044.06,2000,6582.147,6219.158,2000,6506.674,6063.652,2000,6435.926,6162.857,2000,6418.958,6108.378,2000,6525.989
6043.299,2000,6582.918,6218.323,2000,6507.364,6063.152,2000,6436.887,6162.429,2000,6419.953,6107.898,2000,6526.96
6042.538,2000,6583.689,6217.465,2000,6508.026,6062.683,2000,6437.864,6161.969,2000,6420.934,6107.387,2000,6527.916
6041.67,2000,6584.338,6216.587,2000,6508.66,6062.247,2000,6438.855,6161.477,2000,6421.899,6106.845,2000,6528.854
6040.803,2000,6584.986,6215.688,2000,6509.265,6061.843,2000,6439.861,6160.954,2000,6422.848,6106.273,2000,6529.773
6039.935,2000,6585.635,6214.77,2000,6509.84,6061.472,2000,6440.879,6160.399,2000,6423.779,6105.671,2000,6530.674
6039.067,2000,6586.283,6213.833,2000,6510.385,6061.135,2000,6441.908,6159.815,2000,6424.691,6105.04,2000,6531.554
6038.2,2000,6586.932,6212.88,2000,6510.898,6060.764,2000,6442.926,6159.201,2000,6425.584,6104.438,2000,6532.455
6037.332,2000,6587.58,6211.91,2000,6511.381,6060.36,2000,6443.932,6158.617,2000,6426.496,6103.865,2000,6533.375
6036.464,2000,6588.229,6210.924,2000,6511.831,6059.924,2000,6444.923,6158.063,2000,6427.427,6103.323,2000,6534.313
6035.597,2000,6588.877,6209.954,2000,6512.313,6059.455,2000,6445.9,6157.478,2000,6428.339,6102.812,2000,6535.268
6034.729,2000,6589.525,6209,2000,6512.827,6058.955,2000,6446.861,6156.864,2000,6429.232,6102.333,2000,6536.239
6033.861,2000,6590.174,6208.064,2000,6513.372,6058.423,2000,6447.805,6156.222,2000,6430.104,6101.885,2000,6537.226
6032.994,2000,6590.822,6207.146,2000,6513.947,6057.861,2000,6448.731,6155.551,2000,6430.955,6101.47,2000,6538.227
6032.126,2000,6591.471,6206.247,2000,6514.552,6057.269,2000,6449.638,6154.853,2000,6431.783,6101.088,2000,6539.24
6031.258,2000,6592.119,6205.369,2000,6515.186,6056.647,2000,6450.525,6154.127,2000,6432.588,6100.74,2000,6540.266
6030.391,2000,6592.768,6204.511,2000,6515.848,6055.997,2000,6451.392,6153.376,2000,6433.369,6100.425,2000,6541.303
6029.523,2000,6593.416,6203.676,2000,6516.538,6055.318,2000,6452.237,6152.6,2000,6434.125,6100.076,2000,6542.329
6028.655,2000,6594.064,6202.864,2000,6517.255,6054.613,2000,6453.059,6151.8,2000,6434.854,6099.694,2000,6543.342
6027.788,2000,6594.713,6202.076,2000,6517.998,6053.881,2000,6453.857,6150.976,2000,6435.558,6099.279,2000,6544.343
6026.92,2000,6595.361,6201.312,2000,6518.767,6053.123,2000,6454.632,6150.129,2000,6436.234,6098.832,2000,6545.33
6026.052,2000,6596.01,6200.574,2000,6519.56,6052.34,2000,6455.381,6149.261,2000,6436.882,6098.353,2000,6546.301
6025.185,2000,6596.658,6199.863,2000,6520.376,6051.534,2000,6456.104,6148.373,2000,6437.501,6097.841,2000,6547.256
6024.317,2000,6597.307,6199.178,2000,6521.216,6050.704,2000,6456.8,6147.464,2000,6438.091,6097.299,2000,6548.194
6023.449,2000,6597.955,6198.521,2000,6522.078,6049.851,2000,6457.469,6146.537,2000,6438.651,6096.727,2000,6549.114
6022.582,2000,6598.604,6197.894,2000,6522.961,6048.978,2000,6458.109,6145.591,2000,6439.18,6096.125,2000,6550.015
6021.714,2000,6599.252,6197.294,2000,6523.864,6048.083,2000,6458.721,6144.629,2000,6439.678,6095.494,2000,6550.895
6020.846,2000,6599.9,6196.725,2000,6524.786,6047.17,2000,6459.303,6143.651,2000,6440.145,6094.834,2000,6551.754
6019.979,2000,6600.549,6196.187,2000,6525.726,6046.238,2000,6459.854,6142.659,2000,6440.579,6094.146,2000,6552.592
6019.111,2000,6601.197,6195.617,2000,6526.647,6045.288,2000,6460.375,6141.681,2000,6441.045,6093.432,2000,6553.406
6018.243,2000,6601.846,6195.018,2000,6527.55,6044.322,2000,6460.865,6140.719,2000,6441.543,6092.691,2000,6554.197
6017.375,2000,6602.494,6194.39,2000,6528.433,6043.34,2000,6461.323,6139.773,2000,6442.072,6091.925,2000,6554.962
6016.508,2000,6603.143,6193.733,2000,6529.295,6042.343,2000,6461.748,6138.846,2000,6442.632,6091.134,2000,6555.703
6015.64,2000,6603.791,6193.049,2000,6530.135,6041.333,2000,6462.141,6137.938,2000,6443.222,6090.319,2000,6556.417
6014.772,2000,6604.439,6192.337,2000,6530.952,6040.312,2000,6462.5,6137.049,2000,6443.841,6089.481,2000,6557.104
6013.905,2000,6605.088,6191.6,2000,6531.745,6039.278,2000,6462.826,6136.181,2000,6444.489,6088.622,2000,6557.763
6013.037,2000,6605.736,6190.836,2000,6532.513,6038.235,2000,6463.117,6135.334,2000,6445.165,6087.741,2000,6558.394
6012.169,2000,6606.385,6190.048,2000,6533.256,6037.183,2000,6463.375,6134.51,2000,6445.869,6086.84,2000,6558.995
6011.302,2000,6607.033,6189.236,2000,6533.973,6036.123,2000,6463.597,6133.71,2000,6446.599,6085.925,2000,6559.576
6010.434,2000,6607.682,6188.4,2000,6534.663,6035.056,2000,6463.785,6132.934,2000,6447.354,6085.011,2000,6560.157
6009.566,2000,6608.33,6187.543,2000,6535.325,6033.987,2000,6463.964,6132.183,2000,6448.135,6084.098,2000,6560.739
6008.699,2000,6608.979,6186.665,2000,6535.959,6032.918,2000,6464.137,6131.458,2000,6448.94,6083.185,2000,6561.322
6007.831,2000,6609.627,6185.766,2000,6536.564,6031.847,2000,6464.302,6130.759,2000,6449.769,6082.272,2000,6561.906
6006.963,2000,6610.275,6184.848,2000,6537.139,6030.775,2000,6464.459,6130.088,2000,6450.619,6081.36,2000,6562.491
6006.096,2000,6610.924,6183.911,2000,6537.684,6029.709,2000,6464.652,6129.427,2000,6451.477,6080.448,2000,6563.076
6005.228,2000,6611.572,6182.958,2000,6538.198,6028.65,2000,6464.879,6128.764,2000,6452.334,6079.537,2000,6563.663
6004.36,2000,6612.221,6181.987,2000,6538.68,6027.599,2000,6465.141,6128.1,2000,6453.19,6078.626,2000,6564.25
6003.493,2000,6612.87,6181.002,2000,6539.13,6026.557,2000,6465.437,6127.435,2000,6454.045,6077.716,2000,6564.837
6002.625,2000,6613.518,6180.002,2000,6539.548,6025.525,2000,6465.767,6126.769,2000,6454.899,6076.807,2000,6565.426
6001.757,2000,6614.167,6179.017,2000,6539.999,6024.505,2000,6466.13,6126.075,2000,6455.731,6075.897,2000,6566.015
6000.89,2000,6614.815,6178.047,2000,6540.481,6023.497,2000,6466.527,6125.354,2000,6456.54,6074.989,2000,6566.605
6000.022,2000,6615.464,6177.093,2000,6540.995,6022.502,2000,6466.957,6124.607,2000,6457.324,6074.081,2000,6567.196
5999.154,2000,6616.113,6176.157,2000,6541.54,6021.522,2000,6467.419,6123.834,2000,6458.084,6073.173,2000,6567.787
5998.287,2000,6616.762,6175.239,2000,6542.115,6020.558,2000,6467.913,6123.038,2000,6458.818,6072.266,2000,6568.379
5997.419,2000,6617.41,6174.34,2000,6542.72,6019.61,2000,6468.438,6122.217,2000,6459.525,6071.359,2000,6568.972
5996.551,2000,6618.059,6173.461,2000,6543.354,6018.68,2000,6468.993,6121.375,2000,6460.206,6070.453,2000,6569.566
5995.684,2000,6618.708,6172.604,2000,6544.016,6017.769,2000,6469.579,6120.51,2000,6460.858,6069.547,2000,6570.16
5994.816,2000,6619.356,6171.769,2000,6544.706,6016.877,2000,6470.194,6119.624,2000,6461.482,6068.642,2000,6570.755
5993.948,2000,6620.005,6170.957,2000,6545.422,6016.006,2000,6470.838,6118.718,2000,6462.077,6067.737,2000,6571.351
5993.081,2000,6620.654,6170.168,2000,6546.166,6015.156,2000,6471.511,6117.793,2000,6462.642,6066.833,2000,6571.947
5992.213,2000,6621.303,6169.405,2000,6546.934,6014.329,2000,6472.21,6116.851,2000,6463.176,6065.929,2000,6572.544
5991.345,2000,6621.951,6168.667,2000,6547.727,6013.525,2000,6472.937,6115.892,2000,6463.679,6065.025,2000,6573.142
5990.39,2000,6622.462,6167.956,2000,6548.544,6012.746,2000,6473.689,6114.916,2000,6464.15,6064.122,2000,6573.74
5989.434,2000,6622.973,6167.271,2000,6549.384,6011.992,2000,6474.467,6113.926,2000,6464.589,6063.218,2000,6574.337
5988.479,2000,6623.483,6166.56,2000,6550.201,6011.263,2000,6475.269,6112.95,2000,6465.06,6062.314,2000,6574.934
5987.523,2000,6623.994,6165.822,2000,6550.994,6010.561,2000,6476.094,6111.991,2000,6465.563,6061.409,2000,6575.529
5986.567,2000,6624.505,6165.058,2000,6551.762,6009.886,2000,6476.941,6111.048,2000,6466.097,6060.503,2000,6576.123
5985.612,2000,6625.016,6164.27,2000,6552.505,6009.24,2000,6477.811,6110.124,2000,6466.662,6059.597,2000,6576.716
5984.656,2000,6625.526,6163.458,2000,6553.222,6008.622,2000,6478.701,6109.218,2000,6467.256,6058.689,2000,6577.309
5983.701,2000,6626.037,6162.623,2000,6553.912,6008.034,2000,6479.61,6108.332,2000,6467.88,6057.782,2000,6577.9
5982.745,2000,6626.548,6161.765,2000,6554.574,6007.476,2000,6480.539,6107.467,2000,6468.533,6056.874,2000,6578.49
5981.79,2000,6627.059,6160.887,2000,6555.208,6006.948,2000,6481.485,6106.625,2000,6469.213,6055.964,2000,6579.08
5980.834,2000,6627.569,6159.988,2000,6555.813,6006.452,2000,6482.448,6105.804,2000,6469.921,6055.055,2000,6579.668
5979.878,2000,6628.08,6159.07,2000,6556.388,6005.988,2000,6483.426,6105.007,2000,6470.655,6054.145,2000,6580.255
5978.923,2000,6628.591,6158.133,2000,6556.933,6005.492,2000,6484.389,6104.235,2000,6471.415,6053.234,2000,6580.842
5977.967,2000,6629.102,6157.18,2000,6557.447,6004.964,2000,6485.335,6103.488,2000,6472.199,6052.322,2000,6581.427
5977.012,2000,6629.612,6156.209,2000,6557.929,6004.406,2000,6486.264,6102.767,2000,6473.008,6051.41,2000,6582.012
5976.056,2000,6630.123,6155.224,2000,6558.379,6003.818,2000,6487.173,6102.073,2000,6473.84,6050.498,2000,6582.596
5975.101,2000,6630.634,6154.254,2000,6558.862,6003.2,2000,6488.063,6101.353,2000,6474.648,6049.584,2000,6583.179
5974.145,2000,6631.145,6153.3,2000,6559.375,6002.554,2000,6488.933,6100.605,2000,6475.433,6048.671,2000,6583.761
5973.189,2000,6631.655,6152.364,2000,6559.92,6001.879,2000,6489.78,6099.833,2000,6476.193,6047.757,2000,6584.342
5972.234,2000,6632.166,6151.446,2000,6560.496,6001.177,2000,6490.605,6099.036,2000,6476.927,6046.842,2000,6584.922
5971.278,2000,6632.677,6150.547,2000,6561.101,6000.448,2000,6491.407,6098.216,2000,6477.634,6045.927,2000,6585.502
5970.323,2000,6633.188,6149.668,2000,6561.734,5999.694,2000,6492.185,6097.373,2000,6478.315,6045.012,2000,6586.081
5969.367,2000,6633.698,6148.811,2000,6562.396,5998.915,2000,6492.937,6096.508,2000,6478.967,6044.095,2000,6586.659
5968.412,2000,6634.209,6147.976,2000,6563.086,5998.111,2000,6493.664,6095.623,2000,6479.591,6043.178,2000,6587.236
5967.456,2000,6634.72,6147.164,2000,6563.803,5997.284,2000,6494.363,6094.717,2000,6480.186,6042.261,2000,6587.812
5966.5,2000,6635.23,6146.375,2000,6564.546,5996.434,2000,6495.036,6093.792,2000,6480.75,6041.343,2000,6588.388
5965.545,2000,6635.741,6145.612,2000,6565.315,5995.563,2000,6495.68,6092.85,2000,6481.285,6040.424,2000,6588.962
5964.589,2000,6636.252,6144.874,2000,6566.108,5994.671,2000,6496.295,6091.89,2000,6481.788,6039.505,2000,6589.536
5963.634,2000,6636.763,6144.163,2000,6566.925,5993.76,2000,6496.881,6090.915,2000,6482.259,6038.586,2000,6590.109
5962.678,2000,6637.273,6143.425,2000,6567.718,5992.83,2000,6497.437,6089.955,2000,6482.762,6037.666,2000,6590.682
5961.723,2000,6637.784,6142.661,2000,6568.486,5991.882,2000,6497.961,6089.013,2000,6483.296,6036.746,2000,6591.253
5960.767,2000,6638.295,6141.873,2000,6569.229,5990.918,2000,6498.455,6088.088,2000,6483.86,6035.825,2000,6591.824
5959.812,2000,6638.806,6141.061,2000,6569.946,5989.938,2000,6498.917,6087.182,2000,6484.455,6034.904,2000,6592.395
5958.857,2000,6639.316,6140.226,2000,6570.636,5988.943,2000,6499.347,6086.296,2000,6485.079,6033.983,2000,6592.964
5957.902,2000,6639.827,6139.368,2000,6571.298,5987.935,2000,6499.744,6085.432,2000,6485.731,6033.061,2000,6593.533
5956.947,2000,6640.338,6138.49,2000,6571.932,5986.915,2000,6500.107,6084.589,2000,6486.412,6032.139,2000,6594.101
5955.992,2000,6640.849,6137.591,2000,6572.537,5985.883,2000,6500.438,6083.769,2000,6487.12,6031.216,2000,6594.668
5955.037,2000,6641.359,6136.673,2000,6573.112,5984.841,2000,6500.733,6082.972,2000,6487.854,6030.292,2000,6595.235
5954.081,2000,6641.87,6135.736,2000,6573.657,5983.79,2000,6500.995,6082.199,2000,6488.613,6029.369,2000,6595.801
5953.126,2000,6642.381,6134.783,2000,6574.171,5982.73,2000,6501.222,6081.452,2000,6489.398,6028.445,2000,6596.367
5952.171,2000,6642.892,6133.813,2000,6574.653,5981.665,2000,6501.415,6080.731,2000,6490.207,6027.521,2000,6596.932
5951.216,2000,6643.402,6132.859,2000,6575.167,5980.593,2000,6501.572,6079.984,2000,6490.991,6026.596,2000,6597.496
5950.261,2000,6643.913,6131.922,2000,6575.712,5979.517,2000,6501.695,6079.212,2000,6491.751,6025.67,2000,6598.059
5949.306,2000,6644.424,6131.004,2000,6576.287,5978.445,2000,6501.853,6078.415,2000,6492.485,6024.745,2000,6598.622
5948.351,2000,6644.935,6130.105,2000,6576.892,5977.379,2000,6502.045,6077.595,2000,6493.192,6023.818,2000,6599.184
5947.396,2000,6645.445,6129.227,2000,6577.526,5976.32,2000,6502.272,6076.752,2000,6493.873,6022.892,2000,6599.746
5946.44,2000,6645.956,6128.37,2000,6578.188,5975.269,2000,6502.534,6075.887,2000,6494.525,6021.965,2000,6600.307
5945.485,2000,6646.467,6127.534,2000,6578.878,5974.227,2000,6502.83,6075.001,2000,6495.149,6021.038,2000,6600.867
5944.53,2000,6646.978,6126.722,2000,6579.595,5973.195,2000,6503.16,6074.096,2000,6495.744,6020.111,2000,6601.427
5943.575,2000,6647.488,6125.934,2000,6580.338,5972.174,2000,6503.523,6073.171,2000,6496.309,6019.183,2000,6601.986
5942.62,2000,6647.999,6125.17,2000,6581.106,5971.166,2000,6503.92,6072.229,2000,6496.843,6018.255,2000,6602.545
5941.665,2000,6648.51,6124.433,2000,6581.899,5970.171,2000,6504.35,6071.269,2000,6497.346,6017.326,2000,6603.103
5940.709,2000,6649.021,6123.721,2000,6582.716,5969.191,2000,6504.812,6070.293,2000,6497.817,6016.397,2000,6603.661
5939.754,2000,6649.531,6122.983,2000,6583.509,5968.227,2000,6505.306,6069.334,2000,6498.32,6015.468,2000,6604.218
5938.799,2000,6650.042,6122.22,2000,6584.278,5967.279,2000,6505.831,6068.392,2000,6498.854,6014.539,2000,6604.774
5937.844,2000,6650.553,6121.432,2000,6585.021,5966.349,2000,6506.386,6067.467,2000,6499.418,6013.609,2000,6605.33
5936.889,2000,6651.063,6120.62,2000,6585.738,5965.438,2000,6506.972,6066.561,2000,6500.013,6012.679,2000,6605.885
5935.934,2000,6651.574,6119.784,2000,6586.428,5964.546,2000,6507.587,6065.675,2000,6500.637,6011.748,2000,6606.439
5934.979,2000,6652.085,6118.927,2000,6587.09,5963.675,2000,6508.231,6064.811,2000,6501.29,6010.817,2000,6606.994
5934.024,2000,6652.596,6118.048,2000,6587.724,5962.826,2000,6508.904,6063.968,2000,6501.97,6009.886,2000,6607.547
5933.002,2000,6652.956,6117.149,2000,6588.329,5961.999,2000,6509.604,6063.147,2000,6502.678,6008.954,2000,6608.101
5931.981,2000,6653.316,6116.231,2000,6588.904,5961.195,2000,6510.33,6062.351,2000,6503.412,6008.021,2000,6608.651
5930.959,2000,6653.677,6115.295,2000,6589.449,5960.416,2000,6511.083,6061.578,2000,6504.171,6007.087,2000,6609.2
5929.938,2000,6654.037,6114.341,2000,6589.962,5959.661,2000,6511.86,6060.831,2000,6504.956,6006.152,2000,6609.747
5928.917,2000,6654.397,6113.371,2000,6590.445,5958.933,2000,6512.662,6060.11,2000,6505.765,6005.215,2000,6610.291
5927.895,2000,6654.758,6112.386,2000,6590.895,5958.23,2000,6513.487,6059.394,2000,6506.577,6004.277,2000,6610.833
5926.874,2000,6655.118,6111.416,2000,6591.377,5957.556,2000,6514.334,6058.65,2000,6507.365,6003.338,2000,6611.373
5925.852,2000,6655.479,6110.462,2000,6591.891,5956.909,2000,6515.204,6057.882,2000,6508.128,6002.398,2000,6611.911
5924.831,2000,6655.839,6109.525,2000,6592.436,5956.292,2000,6516.094,6057.089,2000,6508.866,6001.457,2000,6612.447
5923.809,2000,6656.199,6108.607,2000,6593.011,5955.703,2000,6517.003,6056.272,2000,6509.578,6000.514,2000,6612.98
5922.788,2000,6656.56,6107.708,2000,6593.616,5955.145,2000,6517.932,6055.432,2000,6510.263,5999.57,2000,6613.512
5921.766,2000,6656.92,6106.83,2000,6594.25,5954.618,2000,6518.878,6054.57,2000,6510.919,5998.625,2000,6614.042
5920.745,2000,6657.28,6105.973,2000,6594.912,5954.122,2000,6519.841,6053.688,2000,6511.548,5997.679,2000,6614.57
5919.723,2000,6657.641,6105.137,2000,6595.602,5953.594,2000,6520.787,6052.785,2000,6512.147,5996.731,2000,6615.096
5918.702,2000,6658.001,6104.325,2000,6596.319,5953.036,2000,6521.715,6051.863,2000,6512.716,5995.783,2000,6615.62
5917.68,2000,6658.361,6103.537,2000,6597.062,5952.448,2000,6522.625,6050.923,2000,6513.255,5994.834,2000,6616.142
5916.659,2000,6658.722,6102.773,2000,6597.831,5951.83,2000,6523.515,6049.966,2000,6513.763,5993.884,2000,6616.662
5915.637,2000,6659.082,6102.036,2000,6598.624,5951.184,2000,6524.384,6048.993,2000,6514.239,5992.933,2000,6617.18
5914.616,2000,6659.442,6101.324,2000,6599.44,5950.509,2000,6525.232,6048.004,2000,6514.683,5991.98,2000,6617.696
5913.594,2000,6659.803,6100.586,2000,6600.233,5949.807,2000,6526.057,6047.031,2000,6515.159,5991.027,2000,6618.21
5912.573,2000,6660.163,6099.823,2000,6601.002,5949.078,2000,6526.859,6046.074,2000,6515.667,5990.072,2000,6618.723
5911.551,2000,6660.523,6099.035,2000,6601.745,5948.324,2000,6527.636,6045.134,2000,6516.205,5989.117,2000,6619.234
5910.53,2000,6660.884,6098.223,2000,6602.462,5947.544,2000,6528.389,6044.212,2000,6516.774,5988.161,2000,6619.743
5909.508,2000,6661.244,6097.387,2000,6603.152,5946.741,2000,6529.115,6043.31,2000,6517.374,5987.222,2000,6620.283
5908.487,2000,6661.604,6096.53,2000,6603.814,5945.914,2000,6529.815,6042.427,2000,6518.002,5986.301,2000,6620.854
5907.465,2000,6661.965,6095.651,2000,6604.448,5945.064,2000,6530.487,6041.565,2000,6518.659,5985.399,2000,6621.454
5906.444,2000,6662.325,6094.752,2000,6605.053,5944.193,2000,6531.131,6040.725,2000,6519.343,5984.517,2000,6622.083
5905.422,2000,6662.686,6093.834,2000,6605.628,5943.301,2000,6531.747,6039.908,2000,6520.055,5983.657,2000,6622.742
5904.401,2000,6663.046,6092.898,2000,6606.173,5942.39,2000,6532.333,6039.115,2000,6520.793,5982.818,2000,6623.428
5903.379,2000,6663.406,6091.944,2000,6606.687,5941.46,2000,6532.888,6038.347,2000,6521.557,5982.002,2000,6624.141
5902.358,2000,6663.767,6090.974,2000,6607.169,5940.512,2000,6533.413,6037.604,2000,6522.345,5981.21,2000,6624.88
5901.336,2000,6664.127,6089.989,2000,6607.619,5939.548,2000,6533.907,6036.887,2000,6523.157,5980.395,2000,6625.593
5900.315,2000,6664.487,6089.019,2000,6608.102,5938.568,2000,6534.369,6036.144,2000,6523.945,5979.556,2000,6626.279
5899.293,2000,6664.848,6088.065,2000,6608.615,5937.573,2000,6534.798,6035.375,2000,6524.708,5978.696,2000,6626.937
5898.272,2000,6665.208,6087.128,2000,6609.16,5936.565,2000,6535.195,6034.582,2000,6525.446,5977.814,2000,6627.566
5897.25,2000,6665.568,6086.21,2000,6609.735,5935.544,2000,6535.559,6033.765,2000,6526.158,5976.912,2000,6628.167
5896.229,2000,6665.929,6085.312,2000,6610.34,5934.513,2000,6535.889,6032.925,2000,6526.843,5975.991,2000,6628.737
5895.208,2000,6666.289,6084.433,2000,6610.974,5933.471,2000,6536.185,6032.063,2000,6527.5,5975.052,2000,6629.277
5894.186,2000,6666.649,6083.576,2000,6611.636,5932.419,2000,6536.447,6031.181,2000,6528.128,5974.096,2000,6629.787
5893.165,2000,6667.01,6082.74,2000,6612.326,5931.36,2000,6536.674,6030.278,2000,6528.727,5973.124,2000,6630.264
5892.143,2000,6667.37,6081.928,2000,6613.043,5930.294,2000,6536.866,6029.356,2000,6529.296,5972.139,2000,6630.716
5891.122,2000,6667.73,6081.14,2000,6613.786,5929.223,2000,6537.024,6028.416,2000,6529.835,5971.154,2000,6631.167
5890.1,2000,6668.091,6080.376,2000,6614.555,5928.146,2000,6537.146,6027.459,2000,6530.343,5970.169,2000,6631.618
5889.079,2000,6668.451,6079.639,2000,6615.348,5927.067,2000,6537.233,6026.486,2000,6530.819,5969.183,2000,6632.067
5888.057,2000,6668.812,6078.927,2000,6616.165,5925.986,2000,6537.303,6025.498,2000,6531.263,5968.197,2000,6632.515
5887.036,2000,6669.172,6078.189,2000,6616.958,5924.904,2000,6537.369,6024.524,2000,6531.739,5967.21,2000,6632.962
5886.014,2000,6669.532,6077.426,2000,6617.726,5923.823,2000,6537.43,6023.567,2000,6532.247,5966.223,2000,6633.408
5884.993,2000,6669.893,6076.638,2000,6618.469,5922.741,2000,6537.486,6022.627,2000,6532.785,5965.235,2000,6633.853
5883.971,2000,6670.253,6075.826,2000,6619.186,5921.659,2000,6537.537,6021.706,2000,6533.354,5964.247,2000,6634.296
5882.95,2000,6670.613,6074.99,2000,6619.876,5920.579,2000,6537.623,6020.803,2000,6533.954,5963.258,2000,6634.739
5881.928,2000,6670.974,6074.133,2000,6620.538,5919.502,2000,6537.745,6019.92,2000,6534.582,5962.269,2000,6635.181
5880.907,2000,6671.334,6073.254,2000,6621.172,5918.43,2000,6537.901,6019.058,2000,6535.239,5961.279,2000,6635.622
5879.885,2000,6671.695,6072.355,2000,6621.777,5917.364,2000,6538.093,6018.218,2000,6535.923,5960.289,2000,6636.062
5878.864,2000,6672.056,6071.438,2000,6622.352,5916.304,2000,6538.32,6017.401,2000,6536.635,5959.298,2000,6636.501
5877.842,2000,6672.416,6070.501,2000,6622.897,5915.253,2000,6538.581,6016.608,2000,6537.373,5958.308,2000,6636.939
5876.821,2000,6672.777,6069.547,2000,6623.411,5914.21,2000,6538.876,6015.832,2000,6538.128,5957.316,2000,6637.376
5875.799,2000,6673.137,6068.577,2000,6623.893,5913.178,2000,6539.206,6015.054,2000,6538.882,5956.325,2000,6637.812
5874.778,2000,6673.498,6067.592,2000,6624.343,5912.157,2000,6539.568,6014.274,2000,6539.634,5955.333,2000,6638.247
5873.756,2000,6673.858,6066.592,2000,6624.761,5911.149,2000,6539.964,6013.492,2000,6540.384,5954.34,2000,6638.681
5872.735,2000,6674.219,6065.607,2000,6625.211,5910.154,2000,6540.393,6012.687,2000,6541.108,5953.347,2000,6639.115
5871.671,2000,6674.422,6064.637,2000,6625.694,5909.174,2000,6540.854,6011.857,2000,6541.806,5952.354,2000,6639.547
5870.607,2000,6674.626,6063.683,2000,6626.208,5908.209,2000,6541.347,6011.006,2000,6542.476,5951.359,2000,6639.977
5869.543,2000,6674.83,6062.747,2000,6626.752,5907.261,2000,6541.872,6010.133,2000,6543.117,5950.364,2000,6640.404
5868.479,2000,6675.033,6061.829,2000,6627.328,5906.331,2000,6542.427,6009.239,2000,6543.73,5949.367,2000,6640.829
5867.415,2000,6675.237,6060.93,2000,6627.933,5905.419,2000,6543.012,6008.326,2000,6544.313,5948.37,2000,6641.25
5866.351,2000,6675.44,6060.051,2000,6628.566,5904.527,2000,6543.626,6007.395,2000,6544.866,5947.371,2000,6641.67
5865.287,2000,6675.644,6059.194,2000,6629.229,5903.655,2000,6544.27,6006.445,2000,6545.388,5946.371,2000,6642.087
5864.223,2000,6675.848,6058.358,2000,6629.918,5902.805,2000,6544.942,6005.479,2000,6545.879,5945.37,2000,6642.501
5863.159,2000,6676.051,6057.546,2000,6630.635,5901.978,2000,6545.641,6004.498,2000,6546.338,5944.368,2000,6642.913
5862.095,2000,6676.255,6056.758,2000,6631.378,5901.173,2000,6546.367,6003.502,2000,6546.765,5943.365,2000,6643.322
5861.031,2000,6676.458,6055.995,2000,6632.147,5900.394,2000,6547.119,6002.493,2000,6547.159,5942.361,2000,6643.729
5859.967,2000,6676.662,6055.207,2000,6632.89,5899.639,2000,6547.896,6001.498,2000,6547.585,5941.356,2000,6644.133
5858.903,2000,6676.866,6054.395,2000,6633.607,5898.91,2000,6548.697,6000.516,2000,6548.044,5940.35,2000,6644.535
5857.839,2000,6677.069,6053.559,2000,6634.297,5898.207,2000,6549.522,5999.55,2000,6548.535,5939.343,2000,6644.935
5856.775,2000,6677.273,6052.702,2000,6634.959,5897.532,2000,6550.369,5998.601,2000,6549.057,5938.335,2000,6645.332
5855.711,2000,6677.477,6051.823,2000,6635.593,5896.885,2000,6551.238,5997.669,2000,6549.61,5937.327,2000,6645.727
5854.647,2000,6677.68,6050.924,2000,6636.198,5896.267,2000,6552.127,5996.756,2000,6550.193,5936.317,2000,6646.12
5853.583,2000,6677.884,6050.006,2000,6636.773,5895.678,2000,6553.037,5995.863,2000,6550.806,5935.306,2000,6646.51
5852.52,2000,6678.087,6049.07,2000,6637.318,5895.119,2000,6553.965,5994.99,2000,6551.448,5934.295,2000,6646.898
5851.456,2000,6678.291,6048.116,2000,6637.832,5894.53,2000,6554.874,5994.138,2000,6552.118,5933.283,2000,6647.285
5850.392,2000,6678.495,6047.146,2000,6638.314,5893.912,2000,6555.764,5993.309,2000,6552.815,5932.27,2000,6647.668
5849.328,2000,6678.698,6046.161,2000,6638.764,5893.265,2000,6556.632,5992.503,2000,6553.539,5931.27,2000,6648.085
5848.264,2000,6678.902,6045.161,2000,6639.182,5892.589,2000,6557.479,5991.722,2000,6554.289,5930.284,2000,6648.535
5847.2,2000,6679.105,6044.148,2000,6639.567,5891.887,2000,6558.304,5990.965,2000,6555.064,5929.313,2000,6649.016
5846.136,2000,6679.309,6043.149,2000,6639.985,5891.158,2000,6559.105,5990.183,2000,6555.814,5928.359,2000,6649.529
5845.072,2000,6679.513,6042.164,2000,6640.435,5890.403,2000,6559.882,5989.377,2000,6556.539,5927.422,2000,6650.073
5844.008,2000,6679.716,6041.193,2000,6640.917,5889.623,2000,6560.634,5988.548,2000,6557.236,5926.503,2000,6650.647
5842.944,2000,6679.92,6040.24,2000,6641.431,5888.819,2000,6561.36,5987.697,2000,6557.906,5925.604,2000,6651.251
5841.88,2000,6680.124,6039.303,2000,6641.976,5887.991,2000,6562.06,5986.824,2000,6558.547,5924.724,2000,6651.884
5840.816,2000,6680.327,6038.385,2000,6642.551,5887.141,2000,6562.731,5985.93,2000,6559.16,5923.866,2000,6652.545
5839.752,2000,6680.531,6037.486,2000,6643.156,5886.27,2000,6563.375,5985.017,2000,6559.743,5923.03,2000,6653.234
5838.688,2000,6680.734,6036.608,2000,6643.79,5885.377,2000,6563.99,5984.085,2000,6560.296,5922.217,2000,6653.951
5837.624,2000,6680.938,6035.75,2000,6644.452,5884.466,2000,6564.575,5983.136,2000,6560.818,5921.428,2000,6654.693
5836.56,2000,6681.142,6034.915,2000,6645.142,5883.536,2000,6565.13,5982.17,2000,6561.309,5920.664,2000,6655.46
5835.496,2000,6681.345,6034.103,2000,6645.859,5882.587,2000,6565.654,5981.189,2000,6561.768,5919.925,2000,6656.253
5834.432,2000,6681.549,6033.315,2000,6646.602,5881.623,2000,6566.147,5980.193,2000,6562.195,5919.213,2000,6657.069
5833.368,2000,6681.752,6032.551,2000,6647.371,5880.642,2000,6566.608,5979.184,2000,6562.589,5918.527,2000,6657.908
5832.304,2000,6681.956,6031.763,2000,6648.114,5879.647,2000,6567.037,5978.188,2000,6563.016,5917.87,2000,6658.769
5831.24,2000,6682.159,6030.951,2000,6648.831,5878.639,2000,6567.433,5977.207,2000,6563.475,5917.241,2000,6659.65
5830.176,2000,6682.363,6030.116,2000,6649.521,5877.618,2000,6567.796,5976.241,2000,6563.965,5916.641,2000,6660.552
5829.112,2000,6682.566,6029.258,2000,6650.183,5876.586,2000,6568.125,5975.292,2000,6564.487,5916.012,2000,6661.434
5828.048,2000,6682.769,6028.38,2000,6650.816,5875.543,2000,6568.42,5974.36,2000,6565.041,5915.354,2000,6662.295
5826.984,2000,6682.973,6027.481,2000,6651.421,5874.492,2000,6568.682,5973.447,2000,6565.624,5914.668,2000,6663.134
5825.92,2000,6683.176,6026.563,2000,6651.997,5873.433,2000,6568.908,5972.554,2000,6566.236,5913.956,2000,6663.95
5824.856,2000,6683.379,6025.626,2000,6652.542,5872.366,2000,6569.1,5971.681,2000,6566.878,5913.217,2000,6664.742
5823.792,2000,6683.583,6024.673,2000,6653.055,5871.294,2000,6569.257,5970.829,2000,6567.548,5912.453,2000,6665.51
5822.729,2000,6683.786,6023.703,2000,6653.538,5870.218,2000,6569.378,5970,2000,6568.245,5911.664,2000,6666.252
5821.665,2000,6683.989,6022.717,2000,6653.988,5869.138,2000,6569.465,5969.194,2000,6568.969,5910.851,2000,6666.968
5820.601,2000,6684.193,6021.718,2000,6654.406,5868.061,2000,6569.586,5968.365,2000,6569.667,5910.015,2000,6667.657
5819.537,2000,6684.396,6020.705,2000,6654.791,5866.989,2000,6569.743,5967.514,2000,6570.336,5909.157,2000,6668.319
5818.473,2000,6684.6,6019.706,2000,6655.208,5865.923,2000,6569.935,5966.641,2000,6570.978,5908.278,2000,6668.952
5817.409,2000,6684.803,6018.72,2000,6655.659,5864.863,2000,6570.162,5965.747,2000,6571.591,5907.378,2000,6669.556
5816.345,2000,6685.006,6017.75,2000,6656.141,5863.812,2000,6570.423,5964.834,2000,6572.174,5906.459,2000,6670.13
5815.281,2000,6685.209,6016.796,2000,6656.655,5862.77,2000,6570.718,5963.902,2000,6572.727,5905.522,2000,6670.674
5814.217,2000,6685.413,6015.86,2000,6657.2,5861.737,2000,6571.047,5962.953,2000,6573.249,5904.568,2000,6671.187
5813.153,2000,6685.616,6014.942,2000,6657.775,5860.716,2000,6571.41,5961.987,2000,6573.74,5903.598,2000,6671.668
5812.089,2000,6685.819,6014.043,2000,6658.38,5859.708,2000,6571.806,5961.006,2000,6574.199,5902.612,2000,6672.117
5811.025,2000,6686.023,6013.165,2000,6659.014,5858.713,2000,6572.235,5960.01,2000,6574.625,5901.612,2000,6672.534
5809.961,2000,6686.226,6012.307,2000,6659.676,5857.733,2000,6572.696,5959.001,2000,6575.02,5900.599,2000,6672.918
5808.897,2000,6686.43,6011.429,2000,6660.31,5856.768,2000,6573.189,5958.005,2000,6575.446,5899.574,2000,6673.269
5807.833,2000,6686.633,6010.53,2000,6660.915,5855.82,2000,6573.713,5957.024,2000,6575.905,5898.538,2000,6673.585
5806.75,2000,6686.674,6009.612,2000,6661.49,5854.89,2000,6574.269,5956.058,2000,6576.396,5897.492,2000,6673.868
5805.668,2000,6686.715,6008.675,2000,6662.035,5853.978,2000,6574.854,5955.109,2000,6576.918,5896.437,2000,6674.117
5804.585,2000,6686.756,6007.722,2000,6662.548,5853.086,2000,6575.468,5954.177,2000,6577.471,5895.375,2000,6674.331
5803.503,2000,6686.797,6006.751,2000,6663.031,5852.214,2000,6576.112,5953.264,2000,6578.054,5894.307,2000,6674.509
5802.42,2000,6686.838,6005.766,2000,6663.481,5851.364,2000,6576.784,5952.371,2000,6578.667,5893.233,2000,6674.655
5801.338,2000,6686.879,6004.767,2000,6663.899,5850.537,2000,6577.483,5951.492,2000,6579.301,5892.159,2000,6674.799
5800.255,2000,6686.92,6003.781,2000,6664.349,5849.732,2000,6578.209,5950.593,2000,6579.905,5891.085,2000,6674.942
5799.173,2000,6686.961,6002.811,2000,6664.832,5848.953,2000,6578.961,5949.675,2000,6580.48,5890.011,2000,6675.083
5798.09,2000,6687.002,6001.857,2000,6665.345,5848.198,2000,6579.738,5948.739,2000,6581.025,5888.937,2000,6675.224
5797.008,2000,6687.043,6000.921,2000,6665.89,5847.469,2000,6580.539,5947.785,2000,6581.539,5887.863,2000,6675.363
5795.925,2000,6687.084,6000.003,2000,6666.465,5846.766,2000,6581.364,5946.815,2000,6582.021,5886.788,2000,6675.501
5794.843,2000,6687.125,5999.104,2000,6667.07,5846.091,2000,6582.211,5945.83,2000,6582.471,5885.713,2000,6675.638
5793.76,2000,6687.166,5998.226,2000,6667.704,5845.388,2000,6583.036,5944.83,2000,6582.889,5884.639,2000,6675.774
5792.678,2000,6687.207,5997.327,2000,6668.309,5844.659,2000,6583.837,5943.845,2000,6583.339,5883.564,2000,6675.909
5791.595,2000,6687.248,5996.409,2000,6668.884,5843.904,2000,6584.614,5942.875,2000,6583.822,5882.494,2000,6676.079
5790.513,2000,6687.289,5995.472,2000,6669.429,5843.125,2000,6585.366,5941.921,2000,6584.335,5881.43,2000,6676.283
5789.43,2000,6687.33,5994.519,2000,6669.943,5842.32,2000,6586.092,5940.984,2000,6584.88,5880.374,2000,6676.522
5788.348,2000,6687.371,5993.548,2000,6670.425,5841.493,2000,6586.791,5940.066,2000,6585.455,5879.325,2000,6676.796
5787.265,2000,6687.412,5992.563,2000,6670.875,5840.643,2000,6587.463,5939.167,2000,6586.06,5878.287,2000,6677.104
5786.183,2000,6687.453,5991.563,2000,6671.293,5839.771,2000,6588.106,5938.289,2000,6586.693,5877.259,2000,6677.446
5785.1,2000,6687.494,5990.578,2000,6671.744,5838.879,2000,6588.721,5937.39,2000,6587.298,5876.243,2000,6677.822
5784.018,2000,6687.535,5989.608,2000,6672.226,5837.967,2000,6589.306,5936.472,2000,6587.873,5875.239,2000,6678.23
5782.935,2000,6687.576,5988.654,2000,6672.74,5837.037,2000,6589.861,5935.536,2000,6588.417,5874.25,2000,6678.671
5781.853,2000,6687.617,5987.718,2000,6673.285,5836.089,2000,6590.386,5934.582,2000,6588.931,5873.275,2000,6679.144
5780.77,2000,6687.658,5986.8,2000,6673.86,5835.124,2000,6590.879,5933.612,2000,6589.414,5872.316,2000,6679.649
5779.688,2000,6687.7,5985.901,2000,6674.465,5834.144,2000,6591.34,5932.626,2000,6589.864,5871.375,2000,6680.185
5778.605,2000,6687.741,5985.022,2000,6675.099,5833.149,2000,6591.769,5931.627,2000,6590.282,5870.452,2000,6680.751
5777.522,2000,6687.782,5984.124,2000,6675.704,5832.141,2000,6592.165,5930.642,2000,6590.732,5869.547,2000,6681.347
5776.44,2000,6687.823,5983.206,2000,6676.279,5831.12,2000,6592.527,5929.671,2000,6591.214,5868.663,2000,6681.973
5775.357,2000,6687.865,5982.269,2000,6676.824,5830.087,2000,6592.856,5928.718,2000,6591.728,5867.799,2000,6682.627
5774.275,2000,6687.906,5981.315,2000,6677.337,5829.045,2000,6593.152,5927.781,2000,6592.272,5866.958,2000,6683.309
5773.192,2000,6687.947,5980.345,2000,6677.82,5827.994,2000,6593.413,5926.863,2000,6592.848,5866.139,2000,6684.018
5772.11,2000,6687.988,5979.36,2000,6678.27,5826.934,2000,6593.64,5925.964,2000,6593.452,5865.343,2000,6684.754
5771.027,2000,6688.03,5978.36,2000,6678.688,5825.868,2000,6593.832,5925.086,2000,6594.086,5864.572,2000,6685.515
5769.945,2000,6688.071,5977.375,2000,6679.138,5824.796,2000,6593.988,5924.187,2000,6594.69,5863.827,2000,6686.301
5768.862,2000,6688.112,5976.405,2000,6679.621,5823.719,2000,6594.11,5923.269,2000,6595.266,5863.056,2000,6687.063
5767.78,2000,6688.153,5975.451,2000,6680.134,5822.639,2000,6594.196,5922.333,2000,6595.81,5862.26,2000,6687.798
5766.697,2000,6688.195,5974.515,2000,6680.679,5821.557,2000,6594.247,5921.379,2000,6596.324,5861.441,2000,6688.507
5765.615,2000,6688.236,5973.597,2000,6681.254,5820.474,2000,6594.263,5920.409,2000,6596.806,5860.6,2000,6689.189
5764.532,2000,6688.277,5972.698,2000,6681.859,5819.391,2000,6594.243,5919.423,2000,6597.256,5859.736,2000,6689.844
5763.45,2000,6688.318,5971.819,2000,6682.493,5818.308,2000,6594.258,5918.424,2000,6597.674,5858.852,2000,6690.469
5762.367,2000,6688.36,5970.92,2000,6683.098,5817.226,2000,6594.309,5917.438,2000,6598.125,5857.947,2000,6691.065
5761.285,2000,6688.401,5970.002,2000,6683.673,5816.146,2000,6594.396,5916.468,2000,6598.607,5857.024,2000,6691.632
5760.202,2000,6688.442,5969.066,2000,6684.218,5815.069,2000,6594.517,5915.515,2000,6599.121,5856.083,2000,6692.167
5759.12,2000,6688.483,5968.112,2000,6684.732,5813.998,2000,6594.674,5914.576,2000,6599.661,5855.124,2000,6692.672
5758.037,2000,6688.525,5967.142,2000,6685.214,5812.931,2000,6594.866,5913.635,2000,6600.198,5854.149,2000,6693.146
5756.955,2000,6688.566,5966.157,2000,6685.665,5811.872,2000,6595.092,5912.693,2000,6600.733,5853.16,2000,6693.586
5755.872,2000,6688.607,5965.157,2000,6686.083,5810.82,2000,6595.354,5911.75,2000,6601.265,5852.156,2000,6693.995
5754.79,2000,6688.648,5964.145,2000,6686.467,5809.778,2000,6595.649,5910.804,2000,6601.795,5851.14,2000,6694.37
5753.707,2000,6688.69,5963.12,2000,6686.819,5808.746,2000,6595.978,5909.857,2000,6602.322,5850.112,2000,6694.712
5752.625,2000,6688.731,5962.107,2000,6687.204,5807.725,2000,6596.341,5908.894,2000,6602.817,5849.074,2000,6695.02
5751.542,2000,6688.772,5961.107,2000,6687.622,5806.716,2000,6596.737,5907.915,2000,6603.281,5848.025,2000,6695.294
5750.459,2000,6688.813,5960.122,2000,6688.072,5805.722,2000,6597.166,5906.921,2000,6603.713,5846.969,2000,6695.533
5749.377,2000,6688.855,5959.152,2000,6688.554,5804.741,2000,6597.626,5905.914,2000,6604.112,5845.905,2000,6695.738
5748.294,2000,6688.896,5958.198,2000,6689.068,5803.776,2000,6598.12,5904.895,2000,6604.478,5844.835,2000,6695.908
5747.212,2000,6688.938,5957.262,2000,6689.613,5802.828,2000,6598.644,5903.863,2000,6604.81,5843.76,2000,6696.042
5746.129,2000,6688.979,5956.308,2000,6690.126,5801.898,2000,6599.199,5902.844,2000,6605.175,5842.682,2000,6696.142
5745.047,2000,6689.02,5955.338,2000,6690.609,5800.986,2000,6599.784,5901.836,2000,6605.574,5841.6,2000,6696.206
5743.964,2000,6689.061,5954.353,2000,6691.059,5800.094,2000,6600.399,5900.843,2000,6606.006,5840.517,2000,6696.235
5742.882,2000,6689.103,5953.353,2000,6691.477,5799.223,2000,6601.042,5899.864,2000,6606.47,5839.434,2000,6696.228
5741.799,2000,6689.144,5952.34,2000,6691.862,5798.373,2000,6601.714,5898.9,2000,6606.965,5838.351,2000,6696.186
5740.717,2000,6689.185,5951.315,2000,6692.213,5797.545,2000,6602.414,5897.94,2000,6607.467,5837.271,2000,6696.108
5739.641,2000,6689.062,5950.28,2000,6692.531,5796.741,2000,6603.14,5896.979,2000,6607.967,5836.19,2000,6696.031
5738.564,2000,6688.939,5949.255,2000,6692.883,5795.961,2000,6603.892,5896.002,2000,6608.435,5835.109,2000,6695.953
5737.488,2000,6688.816,5948.242,2000,6693.268,5795.206,2000,6604.668,5895.01,2000,6608.87,5834.029,2000,6695.875
5736.412,2000,6688.693,5947.243,2000,6693.686,5794.426,2000,6605.42,5894.005,2000,6609.273,5832.946,2000,6695.832
5735.336,2000,6688.57,5946.257,2000,6694.136,5793.622,2000,6606.146,5892.987,2000,6609.643,5831.863,2000,6695.824
5734.26,2000,6688.447,5945.287,2000,6694.618,5792.794,2000,6606.846,5891.957,2000,6609.979,5830.78,2000,6695.852
5733.184,2000,6688.324,5944.302,2000,6695.068,5791.944,2000,6607.518,5890.939,2000,6610.349,5829.698,2000,6695.915
5732.107,2000,6688.201,5943.302,2000,6695.486,5791.073,2000,6608.161,5889.934,2000,6610.751,5828.62,2000,6696.013
5731.031,2000,6688.078,5942.29,2000,6695.871,5790.181,2000,6608.776,5888.942,2000,6611.187,5827.544,2000,6696.147
5729.955,2000,6687.955,5941.265,2000,6696.223,5789.269,2000,6609.361,5887.965,2000,6611.655,5826.474,2000,6696.316
5728.879,2000,6687.832,5940.252,2000,6696.607,5788.339,2000,6609.916,5886.973,2000,6612.09,5825.41,2000,6696.52
5727.803,2000,6687.708,5939.252,2000,6697.025,5787.391,2000,6610.44,5885.968,2000,6612.493,5824.354,2000,6696.758
5726.727,2000,6687.585,5938.267,2000,6697.476,5786.426,2000,6610.934,5884.95,2000,6612.863,5823.305,2000,6697.031
5725.65,2000,6687.462,5937.268,2000,6697.894,5785.445,2000,6611.395,5883.944,2000,6613.266,5822.266,2000,6697.338
5724.574,2000,6687.339,5936.255,2000,6698.278,5784.451,2000,6611.823,5882.953,2000,6613.701,5821.238,2000,6697.679
5723.498,2000,6687.216,5935.255,2000,6698.696,5783.442,2000,6612.219,5881.947,2000,6614.104,5820.221,2000,6698.054
5722.422,2000,6687.093,5934.27,2000,6699.146,5782.421,2000,6612.582,5880.929,2000,6614.474,5819.217,2000,6698.461
5721.346,2000,6686.97,5933.271,2000,6699.564,5781.389,2000,6612.911,5879.924,2000,6614.876,5818.228,2000,6698.901
5720.27,2000,6686.847,5932.258,2000,6699.949,5780.347,2000,6613.207,5878.932,2000,6615.312,5817.252,2000,6699.374
5719.193,2000,6686.724,5931.233,2000,6700.301,5779.295,2000,6613.468,5877.955,2000,6615.78,5816.293,2000,6699.877
5718.117,2000,6686.601,5930.22,2000,6700.686,5778.236,2000,6613.694,5876.963,2000,6616.215,5815.352,2000,6700.413
5717.041,2000,6686.478,5929.221,2000,6701.104,5777.169,2000,6613.886,5875.958,2000,6616.618,5814.428,2000,6700.978
5715.965,2000,6686.355,5928.235,2000,6701.554,5776.098,2000,6614.043,5874.94,2000,6616.988,5813.523,2000,6701.574
5714.889,2000,6686.232,5927.265,2000,6702.036,5775.021,2000,6614.165,5873.91,2000,6617.324,5812.638,2000,6702.199
5713.813,2000,6686.109,5926.28,2000,6702.486,5773.941,2000,6614.251,5872.892,2000,6617.694,5811.773,2000,6702.852
5712.736,2000,6685.986,5925.28,2000,6702.904,5772.859,2000,6614.302,5871.887,2000,6618.097,5810.931,2000,6703.533
5711.66,2000,6685.863,5924.268,2000,6703.289,5771.776,2000,6614.317,5870.895,2000,6618.532,5810.112,2000,6704.242
5710.584,2000,6685.74,5923.243,2000,6703.641,5770.693,2000,6614.297,5869.918,2000,6619,5809.316,2000,6704.977
5709.508,2000,6685.617,5922.207,2000,6703.958,5769.611,2000,6614.242,5868.957,2000,6619.5,5808.544,2000,6705.737
5708.432,2000,6685.494,5921.182,2000,6704.31,5768.531,2000,6614.151,5867.979,2000,6619.967,5807.798,2000,6706.523
5707.355,2000,6685.371,5920.169,2000,6704.695,5767.45,2000,6614.088,5866.988,2000,6620.403,5807.027,2000,6707.284
5706.279,2000,6685.248,5919.17,2000,6705.113,5766.369,2000,6614.02,5865.982,2000,6620.806,5806.231,2000,6708.019
5705.203,2000,6685.125,5918.185,2000,6705.563,5765.288,2000,6613.946,5864.964,2000,6621.175,5805.412,2000,6708.727
5704.127,2000,6685.001,5917.214,2000,6706.045,5764.207,2000,6613.868,5863.935,2000,6621.512,5804.569,2000,6709.408
5703.051,2000,6684.878,5916.261,2000,6706.559,5763.125,2000,6613.825,5862.895,2000,6621.814,5803.705,2000,6710.062
5701.975,2000,6684.755,5915.291,2000,6707.042,5762.041,2000,6613.817,5861.865,2000,6622.15,5802.82,2000,6710.687
5700.898,2000,6684.632,5914.305,2000,6707.492,5760.958,2000,6613.845,5860.847,2000,6622.52,5801.915,2000,6711.282
5699.822,2000,6684.509,5913.306,2000,6707.91,5759.876,2000,6613.909,5859.837,2000,6622.912,5800.991,2000,6711.848
5698.746,2000,6684.386,5912.293,2000,6708.294,5758.798,2000,6614.007,5858.826,2000,6623.301,5800.049,2000,6712.383
5697.67,2000,6684.263,5911.268,2000,6708.646,5757.723,2000,6614.141,5857.813,2000,6623.688,5799.09,2000,6712.887
5696.594,2000,6684.14,5910.232,2000,6708.964,5756.653,2000,6614.31,5856.8,2000,6624.071,5798.115,2000,6713.359
5695.518,2000,6684.017,5909.187,2000,6709.248,5755.589,2000,6614.514,5855.786,2000,6624.451,5797.125,2000,6713.799
5694.441,2000,6683.894,5908.133,2000,6709.497,5754.532,2000,6614.753,5854.771,2000,6624.829,5796.122,2000,6714.207
5693.365,2000,6683.771,5907.071,2000,6709.712,5753.484,2000,6615.026,5853.754,2000,6625.203,5795.105,2000,6714.581
5692.289,2000,6683.648,5906.017,2000,6709.961,5752.445,2000,6615.333,5852.726,2000,6625.544,5794.077,2000,6714.922
5691.213,2000,6683.525,5904.971,2000,6710.245,5751.417,2000,6615.674,5851.687,2000,6625.851,5793.038,2000,6715.229
5690.137,2000,6683.402,5903.936,2000,6710.563,5750.4,2000,6616.049,5850.638,2000,6626.124,5791.989,2000,6715.502
5689.061,2000,6683.279,5902.911,2000,6710.915,5749.396,2000,6616.457,5849.582,2000,6626.363,5790.933,2000,6715.741
5687.984,2000,6683.156,5901.898,2000,6711.299,5748.406,2000,6616.897,5848.518,2000,6626.567,5789.869,2000,6715.944
5686.908,2000,6683.033,5900.873,2000,6711.651,5747.431,2000,6617.369,5847.461,2000,6626.806,5788.798,2000,6716.113
5685.832,2000,6682.91,5899.837,2000,6711.969,5746.472,2000,6617.873,5846.413,2000,6627.079,5787.723,2000,6716.247
5684.756,2000,6682.787,5898.792,2000,6712.252,5745.53,2000,6618.408,5845.374,2000,6627.386,5786.645,2000,6716.346
5683.68,2000,6682.664,5897.738,2000,6712.502,5744.606,2000,6618.974,5844.345,2000,6627.727,5785.563,2000,6716.409
5682.604,2000,6682.541,5896.676,2000,6712.717,5743.702,2000,6619.57,5843.32,2000,6628.077,5784.48,2000,6716.437
5681.527,2000,6682.418,5895.607,2000,6712.896,5742.778,2000,6620.136,5842.307,2000,6628.461,5783.396,2000,6716.429
5680.451,2000,6682.295,5894.545,2000,6713.111,5741.836,2000,6620.671,5841.282,2000,6628.812,5782.314,2000,6716.386
5679.375,2000,6682.172,5893.491,2000,6713.361,5740.877,2000,6621.175,5840.246,2000,6629.128,5781.233,2000,6716.307
5678.299,2000,6682.049,5892.446,2000,6713.645,5739.902,2000,6621.647,5839.2,2000,6629.411,5780.156,2000,6716.193
5677.223,2000,6681.927,5891.41,2000,6713.962,5738.912,2000,6622.087,5838.146,2000,6629.66,5779.083,2000,6716.044
5676.146,2000,6681.804,5890.385,2000,6714.314,5737.908,2000,6622.495,5837.083,2000,6629.874,5778.016,2000,6715.86
5675.07,2000,6681.681,5889.373,2000,6714.699,5736.892,2000,6622.87,5836.015,2000,6630.052,5776.955,2000,6715.642
5673.994,2000,6681.559,5888.348,2000,6715.05,5735.863,2000,6623.211,5834.953,2000,6630.266,5775.901,2000,6715.388
5672.948,2000,6681.276,5887.312,2000,6715.368,5734.824,2000,6623.518,5833.898,2000,6630.515,5774.857,2000,6715.101
5671.902,2000,6680.993,5886.267,2000,6715.652,5733.776,2000,6623.791,5832.853,2000,6630.797,5773.804,2000,6714.847
5670.856,2000,6680.71,5885.212,2000,6715.901,5732.719,2000,6624.03,5831.816,2000,6631.114,5772.743,2000,6714.628
5669.811,2000,6680.428,5884.15,2000,6716.116,5731.655,2000,6624.234,5830.792,2000,6631.465,5771.675,2000,6714.444
5668.765,2000,6680.145,5883.082,2000,6716.296,5730.585,2000,6624.403,5829.778,2000,6631.849,5770.602,2000,6714.295
5667.719,2000,6679.862,5882.02,2000,6716.511,5729.51,2000,6624.537,5828.753,2000,6632.199,5769.525,2000,6714.182
5666.673,2000,6679.58,5880.966,2000,6716.76,5728.432,2000,6624.635,5827.717,2000,6632.516,5768.444,2000,6714.103
5665.627,2000,6679.297,5879.92,2000,6717.044,5727.35,2000,6624.699,5826.671,2000,6632.799,5767.362,2000,6714.06
5664.581,2000,6679.014,5878.885,2000,6717.362,5726.267,2000,6624.727,5825.617,2000,6633.047,5766.278,2000,6714.052
5663.535,2000,6678.731,5877.86,2000,6717.713,5725.184,2000,6624.719,5824.555,2000,6633.261,5765.195,2000,6714.08
5662.489,2000,6678.449,5876.847,2000,6718.098,5724.101,2000,6624.676,5823.486,2000,6633.44,5764.114,2000,6714.143
5661.443,2000,6678.166,5875.822,2000,6718.45,5723.021,2000,6624.598,5822.424,2000,6633.654,5763.035,2000,6714.242
5660.397,2000,6677.883,5874.787,2000,6718.768,5721.943,2000,6624.484,5821.37,2000,6633.902,5761.96,2000,6714.375
5659.352,2000,6677.601,5873.741,2000,6719.051,5720.87,2000,6624.335,5820.324,2000,6634.185,5760.89,2000,6714.544
5658.306,2000,6677.318,5872.687,2000,6719.301,5719.803,2000,6624.151,5819.269,2000,6634.434,5759.826,2000,6714.748
5657.26,2000,6677.035,5871.625,2000,6719.516,5718.742,2000,6623.933,5818.207,2000,6634.647,5758.769,2000,6714.987
5656.214,2000,6676.752,5870.557,2000,6719.695,5717.688,2000,6623.679,5817.139,2000,6634.826,5757.721,2000,6715.26
5655.168,2000,6676.47,5869.483,2000,6719.84,5716.644,2000,6623.392,5816.077,2000,6635.04,5756.682,2000,6715.567
5654.122,2000,6676.187,5868.405,2000,6719.95,5715.591,2000,6623.138,5815.022,2000,6635.289,5755.633,2000,6715.84
5653.076,2000,6675.904,5867.325,2000,6720.024,5714.53,2000,6622.919,5813.972,2000,6635.556,5754.577,2000,6716.079
5652.03,2000,6675.622,5866.247,2000,6720.134,5713.462,2000,6622.735,5812.914,2000,6635.788,5753.513,2000,6716.282
5650.984,2000,6675.339,5865.173,2000,6720.279,5712.389,2000,6622.586,5811.849,2000,6635.986,5752.442,2000,6716.451
5649.938,2000,6675.056,5864.105,2000,6720.459,5711.312,2000,6622.473,5810.778,2000,6636.148,5751.367,2000,6716.585
5648.893,2000,6674.773,5863.043,2000,6720.674,5710.231,2000,6622.395,5809.702,2000,6636.276,5750.297,2000,6716.754
5647.847,2000,6674.491,5861.989,2000,6720.923,5709.149,2000,6622.352,5808.623,2000,6636.368,5749.222,2000,6716.888
5646.801,2000,6674.208,5860.943,2000,6721.207,5708.065,2000,6622.344,5807.541,2000,6636.425,5748.143,2000,6716.986
5645.755,2000,6673.925,5859.889,2000,6721.457,5706.982,2000,6622.372,5806.461,2000,6636.518,5747.062,2000,6717.049
5644.709,2000,6673.643,5858.827,2000,6721.671,5705.901,2000,6622.436,5805.385,2000,6636.645,5745.979,2000,6717.077
5643.663,2000,6673.36,5857.759,2000,6721.851,5704.822,2000,6622.534,5804.306,2000,6636.737,5744.897,2000,6717.14
5642.617,2000,6673.077,5856.685,2000,6721.996,5703.747,2000,6622.668,5803.224,2000,6636.794,5743.818,2000,6717.239
5641.571,2000,6672.794,5855.607,2000,6722.106,5702.677,2000,6622.837,5802.144,2000,6636.887,5742.737,2000,6717.302
5640.525,2000,6672.512,5854.527,2000,6722.18,5701.613,2000,6623.041,5801.062,2000,6636.944,5741.658,2000,6717.4
5639.479,2000,6672.229,5853.444,2000,6722.219,5700.557,2000,6623.28,5799.982,2000,6637.036,5740.577,2000,6717.463
5638.434,2000,6671.946,5852.361,2000,6722.223,5699.508,2000,6623.553,5798.9,2000,6637.093,5739.498,2000,6717.562
5637.388,2000,6671.664,5851.278,2000,6722.191,5698.469,2000,6623.86,5797.821,2000,6637.186,5738.417,2000,6717.625
5636.342,2000,6671.381,5850.197,2000,6722.124,5697.441,2000,6624.201,5796.739,2000,6637.243,5737.338,2000,6717.724
5635.296,2000,6671.098,5849.118,2000,6722.021,5696.424,2000,6624.576,5795.659,2000,6637.335,5736.256,2000,6717.787
5634.25,2000,6670.815,5848.043,2000,6721.883,5695.42,2000,6624.983,5794.583,2000,6637.462,5735.173,2000,6717.814
5633.204,2000,6670.533,5846.965,2000,6721.781,5694.404,2000,6625.358,5793.504,2000,6637.555,5734.092,2000,6717.877
5632.158,2000,6670.25,5845.884,2000,6721.713,5693.375,2000,6625.699,5792.422,2000,6637.612,5733.013,2000,6717.976
5631.112,2000,6669.967,5844.801,2000,6721.682,5692.336,2000,6626.006,5791.339,2000,6637.633,5731.938,2000,6718.11
5630.066,2000,6669.685,5843.717,2000,6721.685,5691.288,2000,6626.279,5790.256,2000,6637.619,5730.859,2000,6718.208
5629.021,2000,6669.402,5842.635,2000,6721.724,5690.231,2000,6626.518,5789.174,2000,6637.57,5729.778,2000,6718.271
5627.975,2000,6669.119,5841.554,2000,6721.798,5689.167,2000,6626.722,5788.094,2000,6637.485,5728.699,2000,6718.37
5626.929,2000,6668.836,5840.477,2000,6721.908,5688.098,2000,6626.891,5787.017,2000,6637.365,5727.624,2000,6718.504
5625.883,2000,6668.554,5839.396,2000,6721.982,5687.022,2000,6627.025,5785.945,2000,6637.209,5726.554,2000,6718.673
5624.837,2000,6668.271,5838.313,2000,6722.021,5685.944,2000,6627.124,5784.878,2000,6637.019,5725.49,2000,6718.876
5623.791,2000,6667.988,5837.23,2000,6722.025,5684.862,2000,6627.187,5783.819,2000,6636.794,5724.433,2000,6719.115
5622.745,2000,6667.706,5836.147,2000,6721.993,5683.779,2000,6627.215,5782.767,2000,6636.534,5723.369,2000,6719.319
5621.699,2000,6667.423,5835.066,2000,6721.926,5682.696,2000,6627.208,5781.725,2000,6636.24,5722.299,2000,6719.488
5620.653,2000,6667.14,5833.987,2000,6721.823,5681.613,2000,6627.165,5780.692,2000,6635.913,5721.224,2000,6719.622
5619.607,2000,6666.857,5832.913,2000,6721.686,5680.533,2000,6627.086,5779.67,2000,6635.551,5720.145,2000,6719.72
5618.562,2000,6666.574,5831.843,2000,6721.513,5679.453,2000,6626.994,5778.662,2000,6635.157,5719.063,2000,6719.783
5617.516,2000,6666.291,5830.78,2000,6721.305,5678.374,2000,6626.905,5777.666,2000,6634.729,5717.98,2000,6719.811
5616.47,2000,6666.008,5829.725,2000,6721.062,5677.293,2000,6626.82,5776.685,2000,6634.27,5716.897,2000,6719.803
5615.424,2000,6665.725,5828.676,2000,6720.791,5676.213,2000,6626.739,5775.72,2000,6633.778,5715.814,2000,6719.76
5614.378,2000,6665.442,5827.627,2000,6720.52,5675.133,2000,6626.663,5774.771,2000,6633.255,5714.734,2000,6719.682
5613.332,2000,6665.159,5826.578,2000,6720.249,5674.052,2000,6626.591,5773.84,2000,6632.701,5713.657,2000,6719.568
5612.286,2000,6664.876,5825.529,2000,6719.978,5672.97,2000,6626.525,5772.927,2000,6632.117,5712.583,2000,6719.419
5611.24,2000,6664.593,5824.48,2000,6719.707,5671.887,2000,6626.494,5771.996,2000,6631.563,5711.516,2000,6719.235
5610.194,2000,6664.31,5823.432,2000,6719.436,5670.804,2000,6626.499,5771.047,2000,6631.041,5710.455,2000,6719.016
5609.148,2000,6664.027,5822.383,2000,6719.165,5669.721,2000,6626.539,5770.082,2000,6630.549,5709.402,2000,6718.763
5608.103,2000,6663.744,5821.334,2000,6718.894,5668.641,2000,6626.615,5769.101,2000,6630.089,5708.357,2000,6718.475
5607.111,2000,6663.307,5820.285,2000,6718.623,5667.563,2000,6626.726,5768.105,2000,6629.662,5707.323,2000,6718.153
5606.12,2000,6662.87,5819.236,2000,6718.351,5666.482,2000,6626.801,5767.097,2000,6629.267,5706.278,2000,6717.866
5605.129,2000,6662.433,5818.188,2000,6718.078,5665.4,2000,6626.841,5766.075,2000,6628.906,5705.225,2000,6717.612
5604.138,2000,6661.996,5817.14,2000,6717.804,5664.316,2000,6626.846,5765.042,2000,6628.578,5704.164,2000,6717.394
5603.146,2000,6661.559,5816.092,2000,6717.53,5663.233,2000,6626.815,5764,2000,6628.284,5703.097,2000,6717.209
5602.155,2000,6661.122,5815.044,2000,6717.254,5662.152,2000,6626.749,5762.948,2000,6628.024,5702.023,2000,6717.061
5601.164,2000,6660.685,5813.997,2000,6716.978,5661.073,2000,6626.647,5761.889,2000,6627.799,5700.946,2000,6716.947
5600.173,2000,6660.248,5812.949,2000,6716.701,5659.999,2000,6626.511,5760.822,2000,6627.609,5699.866,2000,6716.868
5599.182,2000,6659.811,5811.902,2000,6716.423,5658.929,2000,6626.339,5759.75,2000,6627.454,5698.783,2000,6716.825
5598.19,2000,6659.374,5810.855,2000,6716.145,5657.865,2000,6626.132,5758.673,2000,6627.333,5697.7,2000,6716.817
5597.199,2000,6658.937,5809.809,2000,6715.865,5656.809,2000,6625.891,5757.593,2000,6627.249,5696.617,2000,6716.845
5596.208,2000,6658.5,5808.762,2000,6715.585,5655.761,2000,6625.615,5756.511,2000,6627.199,5695.535,2000,6716.908
5595.217,2000,6658.063,5807.716,2000,6715.304,5654.723,2000,6625.305,5755.428,2000,6627.185,5694.457,2000,6717.007
5594.226,2000,6657.625,5806.67,2000,6715.022,5653.696,2000,6624.961,5754.345,2000,6627.207,5693.381,2000,6717.141
5593.234,2000,6657.188,5805.624,2000,6714.74,5652.658,2000,6624.651,5753.263,2000,6627.264,5692.303,2000,6717.239
5592.243,2000,6656.751,5804.579,2000,6714.457,5651.61,2000,6624.375,5752.184,2000,6627.356,5691.221,2000,6717.302
5591.252,2000,6656.314,5803.533,2000,6714.172,5650.554,2000,6624.133,5751.108,2000,6627.483,5690.138,2000,6717.33
5590.261,2000,6655.877,5802.488,2000,6713.887,5649.49,2000,6623.927,5750.037,2000,6627.646,5689.055,2000,6717.322
5589.27,2000,6655.44,5801.443,2000,6713.602,5648.42,2000,6623.755,5748.97,2000,6627.834,5687.972,2000,6717.279
5588.278,2000,6655.003,5800.398,2000,6713.315,5647.346,2000,6623.618,5747.902,2000,6628.019,5686.892,2000,6717.201
5587.287,2000,6654.566,5799.354,2000,6713.028,5646.267,2000,6623.517,5746.834,2000,6628.2,5685.814,2000,6717.087
5586.296,2000,6654.129,5798.3,2000,6712.775,5645.186,2000,6623.45,5745.76,2000,6628.345,5684.741,2000,6716.938
5585.305,2000,6653.692,5797.239,2000,6712.557,5644.103,2000,6623.419,5744.683,2000,6628.456,5683.674,2000,6716.754
5584.313,2000,6653.255,5796.171,2000,6712.373,5643.019,2000,6623.424,5743.602,2000,6628.531,5682.613,2000,6716.535
5583.322,2000,6652.818,5795.098,2000,6712.225,5641.937,2000,6623.464,5742.52,2000,6628.57,5681.56,2000,6716.282
5582.331,2000,6652.381,5794.021,2000,6712.111,5640.856,2000,6623.54,5741.436,2000,6628.575,5680.515,2000,6715.994
5581.34,2000,6651.944,5792.94,2000,6712.033,5639.778,2000,6623.651,5740.353,2000,6628.543,5679.48,2000,6715.672
5580.349,2000,6651.507,5791.857,2000,6711.991,5638.705,2000,6623.797,5739.272,2000,6628.477,5678.457,2000,6715.317
5579.357,2000,6651.07,5790.774,2000,6711.984,5637.627,2000,6623.908,5738.193,2000,6628.375,5677.422,2000,6714.995
5578.366,2000,6650.633,5789.691,2000,6712.012,5636.547,2000,6623.983,5737.119,2000,6628.237,5676.378,2000,6714.708
5577.375,2000,6650.196,5788.609,2000,6712.076,5635.464,2000,6624.023,5736.049,2000,6628.065,5675.325,2000,6714.454
5576.384,2000,6649.759,5787.531,2000,6712.175,5634.381,2000,6624.028,5734.986,2000,6627.858,5674.264,2000,6714.235
5575.393,2000,6649.322,5786.456,2000,6712.31,5633.298,2000,6623.998,5733.93,2000,6627.616,5673.196,2000,6714.051
5574.401,2000,6648.885,5785.386,2000,6712.479,5632.216,2000,6623.931,5732.882,2000,6627.34,5672.123,2000,6713.902
5573.41,2000,6648.448,5784.311,2000,6712.613,5631.138,2000,6623.83,5731.826,2000,6627.098,5671.046,2000,6713.789
5572.419,2000,6648.011,5783.232,2000,6712.712,5630.063,2000,6623.693,5730.763,2000,6626.891,5669.965,2000,6713.71
5571.428,2000,6647.574,5782.15,2000,6712.776,5628.993,2000,6623.521,5729.693,2000,6626.719,5668.883,2000,6713.667
5570.437,2000,6647.137,5781.067,2000,6712.805,5627.93,2000,6623.314,5728.619,2000,6626.582,5667.799,2000,6713.659
5569.445,2000,6646.7,5779.984,2000,6712.798,5626.874,2000,6623.073,5727.54,2000,6626.479,5666.716,2000,6713.687
5568.454,2000,6646.263,5778.901,2000,6712.755,5625.826,2000,6622.797,5726.459,2000,6626.413,5665.635,2000,6713.75
5567.463,2000,6645.827,5777.821,2000,6712.677,5624.788,2000,6622.487,5725.376,2000,6626.381,5664.556,2000,6713.849
5566.472,2000,6645.39,5776.743,2000,6712.564,5623.76,2000,6622.143,5724.292,2000,6626.386,5663.481,2000,6713.982
5565.48,2000,6644.953,5775.67,2000,6712.416,5622.722,2000,6621.833,5723.21,2000,6626.425,5662.402,2000,6714.081
5564.489,2000,6644.517,5774.602,2000,6712.232,5621.674,2000,6621.557,5722.129,2000,6626.5,5661.321,2000,6714.144
5563.498,2000,6644.08,5773.541,2000,6712.014,5620.618,2000,6621.315,5721.052,2000,6626.611,5660.238,2000,6714.172
5562.507,2000,6643.643,5772.488,2000,6711.761,5619.555,2000,6621.109,5719.975,2000,6626.73,5659.154,2000,6714.164
5561.516,2000,6643.207,5771.427,2000,6711.542,5618.485,2000,6620.937,5718.895,2000,6626.814,5658.072,2000,6714.121
5560.524,2000,6642.77,5770.359,2000,6711.359,5617.41,2000,6620.8,5717.813,2000,6626.863,5656.991,2000,6714.042
5559.533,2000,6642.333,5769.286,2000,6711.21,5616.332,2000,6620.699,5716.729,2000,6626.876,5655.914,2000,6713.929
5558.542,2000,6641.896,5768.208,2000,6711.097,5615.25,2000,6620.632,5715.646,2000,6626.854,5654.841,2000,6713.78
5557.551,2000,6641.459,5767.127,2000,6711.019,5614.167,2000,6620.602,5714.564,2000,6626.797,5653.773,2000,6713.596
5556.56,2000,6641.023,5766.045,2000,6710.977,5613.083,2000,6620.606,5713.485,2000,6626.704,5652.712,2000,6713.377
5555.568,2000,6640.586,5764.961,2000,6710.97,5612.001,2000,6620.646,5712.41,2000,6626.576,5651.659,2000,6713.124
5554.577,2000,6640.149,5763.878,2000,6710.998,5610.92,2000,6620.722,5711.339,2000,6626.412,5650.615,2000,6712.836
5553.586,2000,6639.713,5762.797,2000,6711.062,5609.843,2000,6620.833,5710.274,2000,6626.214,5649.58,2000,6712.514
5552.595,2000,6639.276,5761.718,2000,6711.161,5608.762,2000,6620.909,5709.216,2000,6625.981,5648.536,2000,6712.227
5551.604,2000,6638.839,5760.637,2000,6711.225,5607.68,2000,6620.949,5708.151,2000,6625.783,5647.482,2000,6711.973
5550.612,2000,6638.403,5759.554,2000,6711.253,5606.596,2000,6620.954,5707.08,2000,6625.619,5646.421,2000,6711.754
5549.621,2000,6637.966,5758.47,2000,6711.247,5605.513,2000,6620.923,5706.004,2000,6625.491,5645.354,2000,6711.57
5548.63,2000,6637.529,5757.388,2000,6711.204,5604.432,2000,6620.856,5704.925,2000,6625.398,5644.281,2000,6711.421
5547.639,2000,6637.093,5756.307,2000,6711.126,5603.353,2000,6620.755,5703.843,2000,6625.34,5643.204,2000,6711.308
5546.647,2000,6636.656,5755.229,2000,6711.013,5602.278,2000,6620.618,5702.76,2000,6625.318,5642.123,2000,6711.229
5545.656,2000,6636.219,5754.156,2000,6710.864,5601.208,2000,6620.446,5701.677,2000,6625.332,5641.041,2000,6711.186
5544.741,2000,6635.64,5753.088,2000,6710.681,5600.145,2000,6620.24,5700.595,2000,6625.38,5639.957,2000,6711.178
5543.826,2000,6635.06,5752.027,2000,6710.462,5599.089,2000,6619.998,5699.514,2000,6625.452,5638.874,2000,6711.206
5542.911,2000,6634.48,5750.959,2000,6710.279,5598.041,2000,6619.722,5698.431,2000,6625.487,5637.792,2000,6711.269
5541.996,2000,6633.901,5749.886,2000,6710.13,5597.003,2000,6619.412,5697.348,2000,6625.488,5636.714,2000,6711.368
5541.081,2000,6633.321,5748.809,2000,6710.017,5595.955,2000,6619.136,5696.265,2000,6625.453,5635.632,2000,6711.431
5540.166,2000,6632.742,5747.728,2000,6709.939,5594.899,2000,6618.895,5695.184,2000,6625.382,5634.549,2000,6711.458
5539.251,2000,6632.162,5746.646,2000,6709.896,5593.835,2000,6618.688,5694.106,2000,6625.276,5633.466,2000,6711.451
5538.336,2000,6631.583,5745.562,2000,6709.89,5592.766,2000,6618.516,5693.032,2000,6625.135,5632.383,2000,6711.408
5537.421,2000,6631.003,5744.479,2000,6709.918,5591.691,2000,6618.379,5691.963,2000,6624.959,5631.303,2000,6711.329
5536.506,2000,6630.423,5743.397,2000,6709.982,5590.612,2000,6618.278,5690.9,2000,6624.748,5630.226,2000,6711.215
5535.591,2000,6629.844,5742.314,2000,6710.01,5589.531,2000,6618.211,5689.832,2000,6624.572,5629.152,2000,6711.066
5534.676,2000,6629.264,5741.231,2000,6710.003,5588.448,2000,6618.181,5688.757,2000,6624.431,5628.085,2000,6710.882
5533.761,2000,6628.685,5740.148,2000,6709.961,5587.364,2000,6618.186,5687.679,2000,6624.325,5627.024,2000,6710.664
5532.846,2000,6628.105,5739.068,2000,6709.883,5586.282,2000,6618.226,5686.598,2000,6624.254,5625.971,2000,6710.41
5531.931,2000,6627.525,5737.99,2000,6709.77,5585.201,2000,6618.301,5685.516,2000,6624.219,5624.926,2000,6710.123
5531.016,2000,6626.946,5736.917,2000,6709.621,5584.124,2000,6618.412,5684.432,2000,6624.22,5623.892,2000,6709.801
5530.101,2000,6626.366,5735.849,2000,6709.438,5583.043,2000,6618.488,5683.349,2000,6624.239,5622.847,2000,6709.513
5529.186,2000,6625.787,5734.788,2000,6709.219,5581.96,2000,6618.528,5682.266,2000,6624.254,5621.794,2000,6709.26
5528.271,2000,6625.207,5733.72,2000,6709.036,5580.877,2000,6618.533,5681.183,2000,6624.233,5620.733,2000,6709.041
5527.355,2000,6624.627,5732.647,2000,6708.887,5579.794,2000,6618.502,5680.101,2000,6624.178,5619.666,2000,6708.857
5526.44,2000,6624.048,5731.569,2000,6708.774,5578.712,2000,6618.436,5679.021,2000,6624.086,5618.592,2000,6708.708
5525.525,2000,6623.468,5730.489,2000,6708.696,5577.634,2000,6618.334,5677.946,2000,6623.96,5617.515,2000,6708.594
5524.61,2000,6622.889,5729.406,2000,6708.653,5576.559,2000,6618.197,5676.875,2000,6623.798,5616.435,2000,6708.516
5523.695,2000,6622.309,5728.323,2000,6708.646,5575.489,2000,6618.025,5675.809,2000,6623.602,5615.352,2000,6708.473
5522.78,2000,6621.729,5727.24,2000,6708.675,5574.426,2000,6617.819,5674.751,2000,6623.37,5614.269,2000,6708.465
5521.865,2000,6621.15,5726.156,2000,6708.668,5573.37,2000,6617.577,5673.686,2000,6623.173,5613.186,2000,6708.493
5520.95,2000,6620.57,5725.074,2000,6708.625,5572.322,2000,6617.301,5672.614,2000,6623.012,5612.104,2000,6708.556
5520.035,2000,6619.991,5723.993,2000,6708.547,5571.284,2000,6616.991,5671.539,2000,6622.885,5611.025,2000,6708.654
5519.12,2000,6619.411,5722.916,2000,6708.434,5570.256,2000,6616.647,5670.459,2000,6622.794,5609.95,2000,6708.788
5518.205,2000,6618.832,5721.842,2000,6708.286,5569.218,2000,6616.337,5669.377,2000,6622.738,5608.872,2000,6708.887
5517.29,2000,6618.252,5720.774,2000,6708.102,5568.17,2000,6616.062,5668.294,2000,6622.71,5607.79,2000,6708.95
5516.375,2000,6617.672,5719.713,2000,6707.884,5567.114,2000,6615.82,5667.211,2000,6622.679,5606.707,2000,6708.978
5515.46,2000,6617.093,5718.66,2000,6707.631,5566.051,2000,6615.613,5666.128,2000,6622.643,5605.624,2000,6708.97
5514.545,2000,6616.513,5717.599,2000,6707.413,5564.981,2000,6615.441,5665.047,2000,6622.571,5604.541,2000,6708.927
5513.63,2000,6615.934,5716.531,2000,6707.229,5563.906,2000,6615.305,5663.969,2000,6622.465,5603.46,2000,6708.848
5512.715,2000,6615.354,5715.458,2000,6707.081,5562.828,2000,6615.203,5662.895,2000,6622.323,5602.383,2000,6708.734
5511.8,2000,6614.774,5714.38,2000,6706.967,5561.746,2000,6615.137,5661.826,2000,6622.146,5601.31,2000,6708.585
5510.885,2000,6614.194,5713.3,2000,6706.889,5560.663,2000,6615.106,5660.764,2000,6621.934,5600.243,2000,6708.401
5509.97,2000,6613.615,5712.217,2000,6706.847,5559.58,2000,6615.086,5659.709,2000,6621.688,5599.182,2000,6708.183
5509.055,2000,6613.035,5711.137,2000,6706.769,5558.497,2000,6615.054,5658.646,2000,6621.476,5598.128,2000,6707.929
5508.14,2000,6612.455,5710.059,2000,6706.655,5557.415,2000,6615.009,5657.578,2000,6621.299,5597.084,2000,6707.642
5507.225,2000,6611.875,5708.986,2000,6706.507,5556.333,2000,6614.953,5656.503,2000,6621.157,5596.049,2000,6707.32
5506.31,2000,6611.295,5707.918,2000,6706.323,5555.251,2000,6614.885,5655.425,2000,6621.05,5595.026,2000,6706.964
5505.395,2000,6610.716,5706.857,2000,6706.105,5554.171,2000,6614.806,5654.344,2000,6620.979,5594.015,2000,6706.576
5504.479,2000,6610.136,5705.804,2000,6705.852,5553.091,2000,6614.716,5653.264,2000,6620.905,5593.017,2000,6706.154
5503.564,2000,6609.556,5704.743,2000,6705.634,5552.015,2000,6614.59,5652.186,2000,6620.795,5592.005,2000,6705.766
5502.649,2000,6608.976,5703.675,2000,6705.45,5550.944,2000,6614.429,5651.112,2000,6620.65,5590.982,2000,6705.41
5501.734,2000,6608.396,5702.602,2000,6705.302,5549.878,2000,6614.233,5650.044,2000,6620.47,5589.947,2000,6705.088
5500.819,2000,6607.817,5701.524,2000,6705.188,5548.82,2000,6614.002,5648.982,2000,6620.255,5588.903,2000,6704.801
5499.904,2000,6607.237,5700.443,2000,6705.11,5547.77,2000,6613.737,5647.928,2000,6620.005,5587.85,2000,6704.547
5498.989,2000,6606.657,5699.366,2000,6704.997,5546.729,2000,6613.438,5646.866,2000,6619.791,5586.789,2000,6704.329
5498.074,2000,6606.077,5698.292,2000,6704.849,5545.698,2000,6613.104,5645.797,2000,6619.61,5585.721,2000,6704.145
5497.159,2000,6605.498,5697.225,2000,6704.665,5544.678,2000,6612.738,5644.724,2000,6619.465,5584.648,2000,6703.996
5496.244,2000,6604.917,5696.164,2000,6704.447,5543.671,2000,6612.338,5643.646,2000,6619.355,5583.571,2000,6703.882
5495.329,2000,6604.338,5695.096,2000,6704.263,5542.678,2000,6611.905,5642.572,2000,6619.21,5582.49,2000,6703.803
5494.414,2000,6603.758,5694.022,2000,6704.115,5541.671,2000,6611.505,5641.504,2000,6619.03,5581.413,2000,6703.689
5493.499,2000,6603.178,5692.945,2000,6704.001,5540.652,2000,6611.139,5640.442,2000,6618.815,5580.34,2000,6703.541
5492.584,2000,6602.599,5691.872,2000,6703.853,5539.621,2000,6610.805,5639.374,2000,6618.635,5579.272,2000,6703.356
5491.669,2000,6602.019,5690.804,2000,6703.669,5538.58,2000,6610.506,5638.3,2000,6618.49,5578.211,2000,6703.138
5490.754,2000,6601.439,5689.743,2000,6703.451,5537.53,2000,6610.241,5637.223,2000,6618.369,5577.158,2000,6702.884
5489.839,2000,6600.859,5688.675,2000,6703.268,5536.471,2000,6610.01,5636.151,2000,6618.213,5576.114,2000,6702.597
5488.924,2000,6600.279,5687.602,2000,6703.119,5535.408,2000,6609.802,5635.084,2000,6618.022,5575.079,2000,6702.275
5488.009,2000,6599.7,5686.524,2000,6703.006,5534.347,2000,6609.584,5634.025,2000,6617.796,5574.056,2000,6701.919
5487.094,2000,6599.12,5685.451,2000,6702.857,5533.287,2000,6609.358,5632.958,2000,6617.605,5573.044,2000,6701.531
5486.276,2000,6598.409,5684.383,2000,6702.674,5532.229,2000,6609.124,5631.886,2000,6617.449,5572.046,2000,6701.109
5485.458,2000,6597.699,5683.322,2000,6702.456,5531.174,2000,6608.878,5630.812,2000,6617.308,5571.063,2000,6700.655
5484.64,2000,6596.988,5682.269,2000,6702.203,5530.112,2000,6608.667,5629.743,2000,6617.133,5570.095,2000,6700.169
5483.822,2000,6596.278,5681.208,2000,6701.984,5529.057,2000,6608.42,5628.681,2000,6616.922,5569.111,2000,6699.715
5483.004,2000,6595.567,5680.14,2000,6701.801,5528.01,2000,6608.14,5627.625,2000,6616.677,5568.113,2000,6699.294
5482.187,2000,6594.857,5679.079,2000,6701.583,5526.974,2000,6607.826,5626.579,2000,6616.398,5567.102,2000,6698.905
5481.369,2000,6594.146,5678.025,2000,6701.33,5525.948,2000,6607.478,5625.542,2000,6616.084,5566.079,2000,6698.55
5480.551,2000,6593.436,5676.981,2000,6701.042,5524.934,2000,6607.096,5624.515,2000,6615.737,5565.044,2000,6698.228
5479.733,2000,6592.726,5675.946,2000,6700.721,5523.933,2000,6606.681,5623.501,2000,6615.356,5564,2000,6697.94
5478.915,2000,6592.015,5674.923,2000,6700.366,5522.946,2000,6606.234,5622.5,2000,6614.943,5562.946,2000,6697.687
5478.097,2000,6591.305,5673.912,2000,6699.978,5521.975,2000,6605.755,5621.512,2000,6614.497,5561.885,2000,6697.468
5477.279,2000,6590.594,5672.914,2000,6699.557,5520.988,2000,6605.308,5620.54,2000,6614.018,5560.832,2000,6697.215
5476.461,2000,6589.884,5671.93,2000,6699.104,5519.987,2000,6604.893,5619.584,2000,6613.508,5559.788,2000,6696.927
5475.644,2000,6589.173,5670.961,2000,6698.618,5518.973,2000,6604.511,5618.646,2000,6612.967,5558.753,2000,6696.605
5474.826,2000,6588.463,5670.009,2000,6698.101,5517.952,2000,6604.15,5617.689,2000,6612.458,5557.729,2000,6696.25
5474.008,2000,6587.752,5669.065,2000,6697.57,5516.934,2000,6603.78,5616.717,2000,6611.979,5556.718,2000,6695.861
5473.19,2000,6587.042,5668.121,2000,6697.039,5515.919,2000,6603.401,5615.73,2000,6611.533,5555.72,2000,6695.44
5472.372,2000,6586.332,5667.178,2000,6696.507,5514.907,2000,6603.014,5614.729,2000,6611.119,5554.737,2000,6694.986
5471.554,2000,6585.621,5666.235,2000,6695.974,5513.899,2000,6602.618,5613.714,2000,6610.738,5553.769,2000,6694.5
5470.736,2000,6584.911,5665.292,2000,6695.439,5512.894,2000,6602.215,5612.688,2000,6610.391,5552.817,2000,6693.982
5469.918,2000,6584.201,5664.351,2000,6694.904,5511.892,2000,6601.803,5611.651,2000,6610.078,5551.882,2000,6693.434
5469.101,2000,6583.491,5663.392,2000,6694.4,5510.903,2000,6601.359,5610.625,2000,6609.73,5550.931,2000,6692.917
5468.283,2000,6582.781,5662.417,2000,6693.928,5509.93,2000,6600.883,5609.61,2000,6609.35,5549.962,2000,6692.431
5467.465,2000,6582.07,5661.427,2000,6693.488,5508.973,2000,6600.375,5608.609,2000,6608.936,5548.979,2000,6691.977
5466.647,2000,6581.36,5660.423,2000,6693.08,5508.033,2000,6599.837,5607.622,2000,6608.49,5547.981,2000,6691.555
5465.829,2000,6580.65,5659.406,2000,6692.706,5507.076,2000,6599.329,5606.649,2000,6608.011,5546.998,2000,6691.101
5465.011,2000,6579.94,5658.378,2000,6692.365,5506.103,2000,6598.853,5605.693,2000,6607.501,5546.029,2000,6690.615
5464.193,2000,6579.23,5657.339,2000,6692.058,5505.115,2000,6598.409,5604.755,2000,6606.96,5545.078,2000,6690.098
5463.375,2000,6578.521,5656.311,2000,6691.717,5504.134,2000,6597.949,5603.799,2000,6606.451,5544.143,2000,6689.549
5462.558,2000,6577.81,5655.294,2000,6691.342,5503.168,2000,6597.458,5602.827,2000,6605.972,5543.191,2000,6689.032
5461.74,2000,6577.1,5654.29,2000,6690.935,5502.22,2000,6596.935,5601.839,2000,6605.526,5542.223,2000,6688.546
5460.922,2000,6576.39,5653.3,2000,6690.494,5501.289,2000,6596.381,5600.867,2000,6605.047,5541.24,2000,6688.092
5460.104,2000,6575.68,5652.325,2000,6690.022,5500.34,2000,6595.858,5599.911,2000,6604.538,5540.271,2000,6687.606
5459.286,2000,6574.97,5651.366,2000,6689.518,5499.375,2000,6595.366,5598.973,2000,6603.997,5539.32,2000,6687.088
5458.468,2000,6574.26,5650.424,2000,6688.983,5498.394,2000,6594.906,5598.052,2000,6603.425,5538.385,2000,6686.54
5457.65,2000,6573.55,5649.495,2000,6688.427,5497.428,2000,6594.415,5597.114,2000,6602.884,5537.434,2000,6686.022
5456.833,2000,6572.84,5648.565,2000,6687.871,5496.479,2000,6593.892,5596.158,2000,6602.375,5536.465,2000,6685.537
5456.015,2000,6572.13,5647.636,2000,6687.313,5495.548,2000,6593.338,5595.186,2000,6601.896,5535.482,2000,6685.083
5455.197,2000,6571.42,5646.707,2000,6686.755,5494.6,2000,6592.815,5594.198,2000,6601.45,5534.514,2000,6684.597
5454.379,2000,6570.71,5645.779,2000,6686.196,5493.634,2000,6592.323,5593.226,2000,6600.971,5533.562,2000,6684.079
5453.561,2000,6570,5644.851,2000,6685.637,5492.653,2000,6591.863,5592.27,2000,6600.461,5532.627,2000,6683.531
5452.743,2000,6569.29,5643.924,2000,6685.076,5491.658,2000,6591.436,5591.332,2000,6599.92,5531.711,2000,6682.952
5451.925,2000,6568.58,5642.997,2000,6684.515,5490.677,2000,6590.976,5590.375,2000,6599.411,5530.777,2000,6682.404
5451.107,2000,6567.87,5642.071,2000,6683.953,5489.711,2000,6590.484,5589.403,2000,6598.932,5529.825,2000,6681.886
5450.29,2000,6567.16,5641.145,2000,6683.39,5488.763,2000,6589.961,5588.416,2000,6598.486,5528.857,2000,6681.4
5449.472,2000,6566.45,5640.201,2000,6682.858,5487.832,2000,6589.408,5587.444,2000,6598.007,5527.874,2000,6680.946
5448.654,2000,6565.74,5639.241,2000,6682.357,5486.919,2000,6588.824,5586.488,2000,6597.498,5526.875,2000,6680.525
5447.836,2000,6565.029,5638.264,2000,6681.888,5485.988,2000,6588.27,5585.549,2000,6596.957,5525.892,2000,6680.071
5447.018,2000,6564.319,5637.273,2000,6681.451,5485.039,2000,6587.747,5584.629,2000,6596.385,5524.924,2000,6679.585
5446.2,2000,6563.609,5636.296,2000,6680.981,5484.074,2000,6587.255,5583.728,2000,6595.784,5523.972,2000,6679.067
5445.382,2000,6562.899,5635.336,2000,6680.48,5483.125,2000,6586.732,5582.807,2000,6595.213,5523.038,2000,6678.519
5444.564,2000,6562.189,5634.392,2000,6679.948,5482.194,2000,6586.179,5581.869,2000,6594.672,5522.122,2000,6677.94
5443.747,2000,6561.479,5633.466,2000,6679.385,5481.28,2000,6585.596,5580.913,2000,6594.162,5521.225,2000,6677.332
5442.929,2000,6560.769,5632.546,2000,6678.813,5480.348,2000,6585.044,5579.974,2000,6593.621,5520.349,2000,6676.695
5442.111,2000,6560.059,5631.626,2000,6678.241,5479.435,2000,6584.461,5579.054,2000,6593.05,5519.453,2000,6676.086
5441.293,2000,6559.349,5630.707,2000,6677.667,5478.541,2000,6583.85,5578.152,2000,6592.449,5518.537,2000,6675.508
5440.475,2000,6558.639,5629.788,2000,6677.094,5477.627,2000,6583.267,5577.271,2000,6591.818,5517.64,2000,6674.899
5439.657,2000,6557.929,5628.87,2000,6676.519,5476.733,2000,6582.655,5576.37,2000,6591.217,5516.724,2000,6674.321
5438.839,2000,6557.219,5627.952,2000,6675.944,5475.832,2000,6582.054,5575.449,2000,6590.646,5515.828,2000,6673.712
5438.021,2000,6556.509,5627.034,2000,6675.368,5474.911,2000,6581.483,5574.548,2000,6590.045,5514.952,2000,6673.075
5437.204,2000,6555.799,5626.117,2000,6674.791,5474.01,2000,6580.882,5573.627,2000,6589.474,5514.055,2000,6672.467
5436.386,2000,6555.089,5625.201,2000,6674.214,5473.128,2000,6580.251,5572.726,2000,6588.873,5513.139,2000,6671.888
5435.568,2000,6554.379,5624.285,2000,6673.636,5472.249,2000,6579.62,5571.845,2000,6588.242,5512.205,2000,6671.34
5434.75,2000,6553.669,5623.369,2000,6673.057,5471.348,2000,6579.017,5570.985,2000,6587.583,5511.289,2000,6670.761
5433.932,2000,6552.959,5622.453,2000,6672.478,5470.458,2000,6578.4,5570.104,2000,6586.953,5510.392,2000,6670.153
5433.23,2000,6552.134,5621.538,2000,6671.897,5469.568,2000,6577.781,5569.202,2000,6586.352,5509.516,2000,6669.516
5432.529,2000,6551.309,5620.624,2000,6671.316,5468.683,2000,6577.157,5568.282,2000,6585.781,5508.661,2000,6668.85
5431.827,2000,6550.483,5619.711,2000,6670.733,5467.778,2000,6576.562,5567.38,2000,6585.18,5507.829,2000,6668.157
5431.125,2000,6549.658,5618.798,2000,6670.149,5466.893,2000,6575.937,5566.499,2000,6584.549,5506.974,2000,6667.491
5430.424,2000,6548.833,5617.887,2000,6669.564,5466.012,2000,6575.306,5565.639,2000,6583.891,5506.098,2000,6666.854
5429.722,2000,6548.008,5616.976,2000,6668.978,5465.132,2000,6574.674,5564.801,2000,6583.204,5505.201,2000,6666.246
5429.021,2000,6547.183,5616.066,2000,6668.39,5464.272,2000,6574.015,5563.941,2000,6582.545,5504.285,2000,6665.667
5428.319,2000,6546.357,5615.157,2000,6667.801,5463.411,2000,6573.358,5563.06,2000,6581.915,5503.389,2000,6665.059
5427.617,2000,6545.532,5614.249,2000,6667.21,5462.552,2000,6572.698,5562.159,2000,6581.314,5502.513,2000,6664.421
5426.916,2000,6544.707,5613.341,2000,6666.619,5461.672,2000,6572.065,5561.277,2000,6580.684,5501.658,2000,6663.756
5426.214,2000,6543.882,5612.434,2000,6666.026,5460.772,2000,6571.462,5560.417,2000,6580.025,5500.825,2000,6663.063
5425.512,2000,6543.057,5611.528,2000,6665.432,5459.893,2000,6570.83,5559.536,2000,6579.395,5499.97,2000,6662.397
5424.811,2000,6542.231,5610.623,2000,6664.836,5459.034,2000,6570.169,5558.635,2000,6578.793,5499.094,2000,6661.76
5424.109,2000,6541.406,5609.719,2000,6664.24,5458.154,2000,6569.537,5557.753,2000,6578.163,5498.198,2000,6661.151
5423.407,2000,6540.581,5608.815,2000,6663.642,5457.274,2000,6568.905,5556.894,2000,6577.504,5497.282,2000,6660.573
5422.706,2000,6539.756,5607.913,2000,6663.043,5456.374,2000,6568.303,5556.056,2000,6576.818,5496.385,2000,6659.964
5422.004,2000,6538.931,5607.011,2000,6662.443,5455.494,2000,6567.671,5555.196,2000,6576.159,5495.509,2000,6659.327
5421.302,2000,6538.105,5606.11,2000,6661.841,5454.635,2000,6567.011,5554.314,2000,6575.529,5494.654,2000,6658.662
5420.601,2000,6537.28,5605.209,2000,6661.239,5453.798,2000,6566.323,5553.413,2000,6574.928,5493.822,2000,6657.968
5419.899,2000,6536.455,5604.31,2000,6660.635,5452.939,2000,6565.663,5552.532,2000,6574.297,5493.012,2000,6657.248
5419.197,2000,6535.63,5603.412,2000,6660.03,5452.06,2000,6565.031,5551.672,2000,6573.639,5492.18,2000,6656.555
5418.496,2000,6534.805,5602.514,2000,6659.423,5451.179,2000,6564.399,5550.834,2000,6572.952,5491.325,2000,6655.889
5417.794,2000,6533.979,5601.617,2000,6658.816,5450.32,2000,6563.74,5549.974,2000,6572.293,5490.449,2000,6655.252
5417.092,2000,6533.154,5600.721,2000,6658.207,5449.482,2000,6563.052,5549.093,2000,6571.663,5489.552,2000,6654.644
5416.391,2000,6532.329,5599.825,2000,6657.597,5448.623,2000,6562.393,5548.233,2000,6571.004,5488.636,2000,6654.065
5415.689,2000,6531.504,5598.931,2000,6656.986,5447.743,2000,6561.761,5547.395,2000,6570.318,5487.74,2000,6653.457
5414.987,2000,6530.679,5598.037,2000,6656.374,5446.883,2000,6561.102,5546.535,2000,6569.659,5486.864,2000,6652.819
5414.286,2000,6529.854,5597.144,2000,6655.761,5446.046,2000,6560.414,5545.654,2000,6569.029,5486.009,2000,6652.154
5413.584,2000,6529.028,5596.251,2000,6655.146,5445.187,2000,6559.754,5544.794,2000,6568.37,5485.176,2000,6651.46
5412.882,2000,6528.203,5595.36,2000,6654.531,5444.306,2000,6559.123,5543.956,2000,6567.684,5484.367,2000,6650.74
5412.181,2000,6527.378,5594.469,2000,6653.914,5443.447,2000,6558.463,5543.096,2000,6567.025,5483.534,2000,6650.047
5411.479,2000,6526.553,5593.579,2000,6653.296,5442.609,2000,6557.776,5542.215,2000,6566.395,5482.679,2000,6649.381
5410.777,2000,6525.728,5592.69,2000,6652.678,5441.75,2000,6557.116,5541.355,2000,6565.736,5481.803,2000,6648.744
5410.076,2000,6524.902,5591.802,2000,6652.058,5440.87,2000,6556.484,5540.517,2000,6565.049,5480.907,2000,6648.136
5409.374,2000,6524.077,5590.914,2000,6651.437,5440.011,2000,6555.824,5539.657,2000,6564.391,5480.031,2000,6647.499
5408.672,2000,6523.252,5590.027,2000,6650.814,5439.174,2000,6555.136,5538.776,2000,6563.76,5479.176,2000,6646.833
5407.971,2000,6522.427,5589.141,2000,6650.191,5438.315,2000,6554.476,5537.916,2000,6563.102,5478.343,2000,6646.14
5407.269,2000,6521.602,5588.256,2000,6649.566,5437.436,2000,6553.844,5537.078,2000,6562.415,5477.534,2000,6645.419
5406.567,2000,6520.776,5587.371,2000,6648.941,5436.577,2000,6553.184,5536.218,2000,6561.756,5476.701,2000,6644.726
5405.866,2000,6519.951,5586.487,2000,6648.314,5435.74,2000,6552.496,5535.337,2000,6561.126,5475.846,2000,6644.061
5405.164,2000,6519.126,5585.604,2000,6647.687,5434.881,2000,6551.836,5534.477,2000,6560.467,5474.97,2000,6643.423
5404.462,2000,6518.301,5584.722,2000,6647.059,5434.001,2000,6551.204,5533.639,2000,6559.781,5474.074,2000,6642.815
5403.761,2000,6517.476,5583.84,2000,6646.429,5433.142,2000,6550.544,5532.779,2000,6559.122,5473.158,2000,6642.236
5403.059,2000,6516.65,5582.959,2000,6645.798,5432.305,2000,6549.856,5531.898,2000,6558.492,5472.261,2000,6641.628
5402.357,2000,6515.825,5582.08,2000,6645.166,5431.446,2000,6549.196,5531.038,2000,6557.833,5471.385,2000,6640.991
5401.656,2000,6515,5581.2,2000,6644.533,5430.566,2000,6548.564,5530.2,2000,6557.146,5470.53,2000,6640.325
5400.954,2000,6514.175,5580.322,2000,6643.899,5429.708,2000,6547.904,5529.34,2000,6556.488,5469.698,2000,6639.632
5400.252,2000,6513.35,5579.444,2000,6643.265,5428.871,2000,6547.216,5528.459,2000,6555.857,5468.888,2000,6638.912
5399.551,2000,6512.524,5578.567,2000,6642.629,5428.012,2000,6546.556,5527.599,2000,6555.199,5468.103,2000,6638.166
5398.849,2000,6511.699,5577.69,2000,6641.992,5427.132,2000,6545.924,5526.761,2000,6554.512,5467.293,2000,6637.445
5398.147,2000,6510.874,5576.815,2000,6641.354,5426.251,2000,6545.293,5525.946,2000,6553.799,5466.46,2000,6636.752
5397.446,2000,6510.049,5575.94,2000,6640.716,5425.392,2000,6544.634,5525.108,2000,6553.112,5465.605,2000,6636.086
5396.744,2000,6509.224,5575.066,2000,6640.076,5424.554,2000,6543.947,5524.249,2000,6552.454,5464.729,2000,6635.449
5396.042,2000,6508.398,5574.192,2000,6639.435,5423.74,2000,6543.232,5523.367,2000,6551.823,5463.833,2000,6634.841
5395.341,2000,6507.573,5573.32,2000,6638.792,5422.902,2000,6542.545,5522.507,2000,6551.165,5462.917,2000,6634.262
5394.639,2000,6506.748,5572.448,2000,6638.149,5422.043,2000,6541.886,5521.669,2000,6550.478,5462.021,2000,6633.654
5393.938,2000,6505.923,5571.577,2000,6637.505,5421.162,2000,6541.255,5520.854,2000,6549.765,5461.145,2000,6633.017
5393.236,2000,6505.098,5570.706,2000,6636.86,5420.303,2000,6540.596,5520.017,2000,6549.078,5460.29,2000,6632.351
5392.534,2000,6504.272,5569.836,2000,6636.214,5419.465,2000,6539.909,5519.157,2000,6548.419,5459.457,2000,6631.658
5391.833,2000,6503.447,5568.967,2000,6635.567,5418.651,2000,6539.195,5518.275,2000,6547.789,5458.647,2000,6630.938
5391.131,2000,6502.622,5568.099,2000,6634.92,5417.813,2000,6538.508,5517.416,2000,6547.13,5457.862,2000,6630.191
5390.429,2000,6501.797,5567.231,2000,6634.271,5416.954,2000,6537.849,5516.578,2000,6546.444,5457.101,2000,6629.42
5389.728,2000,6500.972,5566.364,2000,6633.622,5416.074,2000,6537.218,5515.763,2000,6545.73,5456.315,2000,6628.674
5389.026,2000,6500.146,5565.498,2000,6632.971,5415.214,2000,6536.558,5514.925,2000,6545.044,5455.506,2000,6627.954
5388.324,2000,6499.321,5564.632,2000,6632.32,5414.377,2000,6535.871,5514.065,2000,6544.385,5454.673,2000,6627.26
5387.623,2000,6498.496,5563.768,2000,6631.667,5413.563,2000,6535.156,5513.184,2000,6543.755,5453.818,2000,6626.595
5387.054,2000,6497.574,5562.903,2000,6631.014,5412.725,2000,6534.469,5512.324,2000,6543.096,5452.942,2000,6625.958
5386.485,2000,6496.652,5562.041,2000,6630.359,5411.866,2000,6533.809,5511.486,2000,6542.41,5452.046,2000,6625.349
5385.916,2000,6495.73,5561.179,2000,6629.703,5410.985,2000,6533.178,5510.671,2000,6541.696,5451.13,2000,6624.771
5385.347,2000,6494.809,5560.318,2000,6629.045,5410.126,2000,6532.519,5509.833,2000,6541.01,5450.233,2000,6624.162
5384.778,2000,6493.887,5559.458,2000,6628.386,5409.289,2000,6531.831,5508.973,2000,6540.351,5449.357,2000,6623.525
5384.209,2000,6492.965,5558.6,2000,6627.725,5408.474,2000,6531.117,5508.092,2000,6539.721,5448.502,2000,6622.859
5383.641,2000,6492.043,5557.743,2000,6627.062,5407.637,2000,6530.429,5507.232,2000,6539.062,5447.67,2000,6622.166
5383.072,2000,6491.121,5556.887,2000,6626.398,5406.777,2000,6529.77,5506.394,2000,6538.375,5446.86,2000,6621.446
5382.503,2000,6490.199,5556.032,2000,6625.732,5405.897,2000,6529.139,5505.579,2000,6537.662,5446.075,2000,6620.7
5381.934,2000,6489.277,5555.178,2000,6625.065,5405.038,2000,6528.479,5504.741,2000,6536.976,5445.265,2000,6619.979
5381.365,2000,6488.355,5554.325,2000,6624.397,5404.2,2000,6527.792,5503.881,2000,6536.317,5444.433,2000,6619.286
5380.796,2000,6487.434,5553.474,2000,6623.727,5403.386,2000,6527.077,5503,2000,6535.687,5443.578,2000,6618.621
5380.228,2000,6486.512,5552.623,2000,6623.056,5402.548,2000,6526.39,5502.14,2000,6535.028,5442.702,2000,6617.983
5379.659,2000,6485.59,5551.774,2000,6622.383,5401.689,2000,6525.73,5501.302,2000,6534.341,5441.847,2000,6617.318
5379.09,2000,6484.668,5550.926,2000,6621.709,5400.809,2000,6525.099,5500.487,2000,6533.628,5441.014,2000,6616.625
5378.521,2000,6483.746,5550.079,2000,6621.034,5399.949,2000,6524.439,5499.649,2000,6532.941,5440.159,2000,6615.959
5377.952,2000,6482.824,5549.233,2000,6620.357,5399.112,2000,6523.752,5498.79,2000,6532.283,5439.283,2000,6615.322
5377.383,2000,6481.902,5548.388,2000,6619.679,5398.297,2000,6523.038,5497.908,2000,6531.652,5438.387,2000,6614.713
5376.814,2000,6480.98,5547.544,2000,6618.999,5397.46,2000,6522.35,5497.048,2000,6530.994,5437.511,2000,6614.076
5376.246,2000,6480.059,5546.702,2000,6618.318,5396.601,2000,6521.69,5496.21,2000,6530.307,5436.656,2000,6613.411
5375.677,2000,6479.137,5545.861,2000,6617.635,5395.72,2000,6521.06,5495.396,2000,6529.594,5435.823,2000,6612.717
5375.108,2000,6478.215,5545.021,2000,6616.952,5394.861,2000,6520.4,5494.558,2000,6528.907,5435.014,2000,6611.997
5374.539,2000,6477.293,5544.181,2000,6616.267,5394.023,2000,6519.712,5493.698,2000,6528.249,5434.228,2000,6611.251
5373.97,2000,6476.371,5543.343,2000,6615.58,5393.209,2000,6518.998,5492.816,2000,6527.618,5433.418,2000,6610.531
5373.401,2000,6475.449,5542.506,2000,6614.892,5392.372,2000,6518.311,5491.957,2000,6526.959,5432.586,2000,6609.837
5372.833,2000,6474.527,5541.67,2000,6614.203,5391.512,2000,6517.651,5491.119,2000,6526.273,5431.731,2000,6609.172
5372.264,2000,6473.605,5540.835,2000,6613.512,5390.632,2000,6517.02,5490.304,2000,6525.56,5430.855,2000,6608.535
5371.695,2000,6472.684,5540.002,2000,6612.82,5389.772,2000,6516.36,5489.466,2000,6524.873,5429.958,2000,6607.926
5371.126,2000,6471.762,5539.169,2000,6612.127,5388.935,2000,6515.673,5488.606,2000,6524.214,5429.042,2000,6607.348
5370.557,2000,6470.84,5538.338,2000,6611.433,5388.121,2000,6514.958,5487.725,2000,6523.584,5428.146,2000,6606.739
5369.988,2000,6469.918,5537.507,2000,6610.737,5387.283,2000,6514.271,5486.865,2000,6522.925,5427.27,2000,6606.102
5369.419,2000,6468.996,5536.678,2000,6610.04,5386.424,2000,6513.611,5486.027,2000,6522.239,5426.415,2000,6605.437
5368.851,2000,6468.074,5535.85,2000,6609.341,5385.543,2000,6512.98,5485.212,2000,6521.525,5425.583,2000,6604.743
5368.282,2000,6467.152,5535.023,2000,6608.642,5384.684,2000,6512.321,5484.374,2000,6520.839,5424.773,2000,6604.023
5367.713,2000,6466.23,5534.197,2000,6607.94,5383.847,2000,6511.633,5483.514,2000,6520.18,5423.987,2000,6603.277
5367.144,2000,6465.309,5533.372,2000,6607.238,5383.032,2000,6510.919,5482.633,2000,6519.55,5423.227,2000,6602.505
5366.575,2000,6464.387,5532.548,2000,6606.535,5382.195,2000,6510.231,5481.773,2000,6518.891,5422.492,2000,6601.709
5366.006,2000,6463.465,5531.725,2000,6605.83,5381.335,2000,6509.572,5480.935,2000,6518.205,5421.731,2000,6600.938
5365.438,2000,6462.543,5530.903,2000,6605.124,5380.455,2000,6508.941,5480.12,2000,6517.491,5420.945,2000,6600.192
5364.869,2000,6461.621,5530.083,2000,6604.417,5379.596,2000,6508.281,5479.282,2000,6516.805,5420.136,2000,6599.472
5364.3,2000,6460.699,5529.263,2000,6603.708,5378.758,2000,6507.594,5478.422,2000,6516.146,5419.303,2000,6598.778
5363.731,2000,6459.777,5528.444,2000,6602.999,5377.944,2000,6506.879,5477.541,2000,6515.516,5418.448,2000,6598.113
5363.162,2000,6458.855,5527.627,2000,6602.288,5377.106,2000,6506.192,5476.681,2000,6514.857,5417.572,2000,6597.476
5362.594,2000,6457.934,5526.811,2000,6601.576,5376.247,2000,6505.532,5475.843,2000,6514.17,5416.676,2000,6596.867
5362.025,2000,6457.012,5525.995,2000,6600.863,5375.367,2000,6504.901,5475.028,2000,6513.457,5415.76,2000,6596.289
5361.457,2000,6456.089,5525.181,2000,6600.148,5374.507,2000,6504.242,5474.19,2000,6512.771,5414.825,2000,6595.74
5360.888,2000,6455.167,5524.367,2000,6599.433,5373.67,2000,6503.554,5473.331,2000,6512.112,5413.874,2000,6595.223
5360.319,2000,6454.245,5523.555,2000,6598.716,5372.855,2000,6502.84,5472.449,2000,6511.481,5412.939,2000,6594.674
5359.75,2000,6453.323,5522.744,2000,6597.998,5372.018,2000,6502.152,5471.589,2000,6510.823,5412.023,2000,6594.096
5359.182,2000,6452.401,5521.934,2000,6597.279,5371.159,2000,6501.493,5470.751,2000,6510.136,5411.126,2000,6593.487
5358.613,2000,6451.479,5521.125,2000,6596.559,5370.278,2000,6500.862,5469.937,2000,6509.423,5410.25,2000,6592.85
5358.045,2000,6450.557,5520.316,2000,6595.837,5369.419,2000,6500.202,5469.099,2000,6508.736,5409.396,2000,6592.185
5357.476,2000,6449.635,5519.509,2000,6595.114,5368.582,2000,6499.515,5468.239,2000,6508.078,5408.563,2000,6591.491
5356.908,2000,6448.712,5518.703,2000,6594.391,5367.767,2000,6498.8,5467.357,2000,6507.447,5407.753,2000,6590.771
5356.339,2000,6447.791,5517.898,2000,6593.666,5366.93,2000,6498.113,5466.498,2000,6506.789,5406.968,2000,6590.025
5355.771,2000,6446.868,5517.094,2000,6592.939,5366.07,2000,6497.453,5465.66,2000,6506.102,5406.207,2000,6589.253
5355.202,2000,6445.946,5516.291,2000,6592.212,5365.19,2000,6496.822,5464.845,2000,6505.389,5405.472,2000,6588.458
5354.633,2000,6445.024,5515.488,2000,6591.484,5364.331,2000,6496.163,5464.007,2000,6504.702,5404.764,2000,6587.638
5354.064,2000,6444.102,5514.687,2000,6590.755,5363.493,2000,6495.475,5463.147,2000,6504.043,5404.083,2000,6586.796
5353.496,2000,6443.18,5513.887,2000,6590.024,5362.679,2000,6494.761,5462.266,2000,6503.413,5403.374,2000,6585.977
5352.927,2000,6442.258,5513.088,2000,6589.293,5361.841,2000,6494.073,5461.406,2000,6502.754,5402.639,2000,6585.181
5352.359,2000,6441.335,5512.291,2000,6588.561,5360.982,2000,6493.414,5460.568,2000,6502.068,5401.878,2000,6584.409
5351.79,2000,6440.414,5511.494,2000,6587.827,5360.102,2000,6492.783,5459.753,2000,6501.354,5401.093,2000,6583.663
5351.222,2000,6439.491,5510.698,2000,6587.092,5359.242,2000,6492.123,5458.915,2000,6500.668,5400.283,2000,6582.943
5350.653,2000,6438.569,5509.903,2000,6586.356,5358.405,2000,6491.436,5458.055,2000,6500.009,5399.451,2000,6582.25
5350.084,2000,6437.647,5509.109,2000,6585.619,5357.59,2000,6490.721,5457.174,2000,6499.379,5398.596,2000,6581.584
5349.66,2000,6436.65,5508.316,2000,6584.881,5356.753,2000,6490.034,5456.314,2000,6498.72,5397.72,2000,6580.947
5349.236,2000,6435.653,5507.524,2000,6584.142,5355.894,2000,6489.374,5455.476,2000,6498.034,5396.823,2000,6580.338
5348.812,2000,6434.656,5506.734,2000,6583.4,5355.013,2000,6488.743,5454.661,2000,6497.32,5395.907,2000,6579.76
5348.387,2000,6433.659,5505.946,2000,6582.658,5354.154,2000,6488.083,5453.823,2000,6496.634,5394.973,2000,6579.211
5347.963,2000,6432.662,5505.159,2000,6581.914,5353.316,2000,6487.396,5452.963,2000,6495.975,5394.021,2000,6578.694
5347.539,2000,6431.665,5504.373,2000,6581.167,5352.502,2000,6486.682,5452.082,2000,6495.345,5393.053,2000,6578.208
5347.114,2000,6430.667,5503.589,2000,6580.42,5351.665,2000,6485.994,5451.222,2000,6494.686,5392.101,2000,6577.69
5346.69,2000,6429.67,5502.806,2000,6579.671,5350.805,2000,6485.334,5450.384,2000,6494,5391.167,2000,6577.142
5346.266,2000,6428.673,5502.025,2000,6578.92,5349.925,2000,6484.704,5449.569,2000,6493.286,5390.25,2000,6576.563
5345.841,2000,6427.676,5501.245,2000,6578.168,5349.065,2000,6484.044,5448.731,2000,6492.6,5389.354,2000,6575.955
5345.417,2000,6426.679,5500.467,2000,6577.415,5348.228,2000,6483.356,5447.872,2000,6491.941,5388.478,2000,6575.318
5344.993,2000,6425.682,5499.69,2000,6576.66,5347.414,2000,6482.642,5446.99,2000,6491.311,5387.623,2000,6574.652
5344.568,2000,6424.685,5498.915,2000,6575.903,5346.576,2000,6481.955,5446.13,2000,6490.652,5386.791,2000,6573.959
5344.144,2000,6423.688,5498.141,2000,6575.145,5345.717,2000,6481.295,5445.292,2000,6489.965,5385.981,2000,6573.239
5343.72,2000,6422.691,5497.368,2000,6574.385,5344.836,2000,6480.664,5444.478,2000,6489.252,5385.195,2000,6572.493
5343.295,2000,6421.694,5496.597,2000,6573.624,5343.977,2000,6480.004,5443.64,2000,6488.565,5384.435,2000,6571.721
5342.871,2000,6420.697,5495.828,2000,6572.861,5343.14,2000,6479.317,5442.78,2000,6487.907,5383.7,2000,6570.925
5342.447,2000,6419.7,5495.06,2000,6572.097,5342.325,2000,6478.603,5441.898,2000,6487.276,5382.991,2000,6570.106
5342.022,2000,6418.703,5494.293,2000,6571.331,5341.488,2000,6477.915,5441.039,2000,6486.618,5382.31,2000,6569.264
5341.598,2000,6417.706,5493.528,2000,6570.564,5340.628,2000,6477.255,5440.201,2000,6485.931,5381.657,2000,6568.399
5341.174,2000,6416.708,5492.764,2000,6569.795,5339.748,2000,6476.625,5439.386,2000,6485.218,5380.976,2000,6567.557
5340.75,2000,6415.711,5492.002,2000,6569.025,5338.889,2000,6475.965,5438.548,2000,6484.531,5380.267,2000,6566.738
5340.325,2000,6414.714,5491.215,2000,6568.281,5338.051,2000,6475.277,5437.733,2000,6483.818,5379.532,2000,6565.942
5339.901,2000,6413.717,5490.404,2000,6567.563,5337.237,2000,6474.563,5436.941,2000,6483.078,5378.771,2000,6565.17
5339.477,2000,6412.72,5489.57,2000,6566.871,5336.446,2000,6473.822,5436.175,2000,6482.313,5377.986,2000,6564.424
5339.052,2000,6411.723,5488.759,2000,6566.153,5335.68,2000,6473.056,5435.383,2000,6481.573,5377.176,2000,6563.704
5338.628,2000,6410.726,5487.972,2000,6565.408,5334.939,2000,6472.266,5434.568,2000,6480.86,5376.344,2000,6563.011
5338.204,2000,6409.729,5487.209,2000,6564.638,5334.173,2000,6471.5,5433.777,2000,6480.12,5375.489,2000,6562.345
5337.779,2000,6408.732,5486.422,2000,6563.894,5333.383,2000,6470.759,5433.01,2000,6479.355,5374.613,2000,6561.708
5337.355,2000,6407.735,5485.611,2000,6563.175,5332.568,2000,6470.044,5432.269,2000,6478.565,5373.716,2000,6561.1
5336.931,2000,6406.738,5484.824,2000,6562.431,5331.778,2000,6469.304,5431.502,2000,6477.8,5372.8,2000,6560.521
5336.506,2000,6405.741,5484.062,2000,6561.661,5331.012,2000,6468.538,5430.711,2000,6477.06,5371.904,2000,6559.913
5336.082,2000,6404.744,5483.317,2000,6560.874,5330.271,2000,6467.747,5429.896,2000,6476.347,5371.028,2000,6559.275
5335.658,2000,6403.747,5482.547,2000,6560.112,5329.505,2000,6466.981,5429.104,2000,6475.607,5370.173,2000,6558.61
5335.233,2000,6402.75,5481.753,2000,6559.375,5328.714,2000,6466.24,5428.338,2000,6474.842,5369.34,2000,6557.917
5334.809,2000,6401.752,5480.935,2000,6558.666,5327.9,2000,6465.526,5427.597,2000,6474.052,5368.531,2000,6557.196
5334.385,2000,6400.755,5480.14,2000,6557.929,5327.109,2000,6464.785,5426.83,2000,6473.287,5367.745,2000,6556.45
5333.96,2000,6399.758,5479.37,2000,6557.167,5326.343,2000,6464.019,5426.039,2000,6472.547,5366.984,2000,6555.679
5333.536,2000,6398.761,5478.625,2000,6556.38,5325.603,2000,6463.229,5425.224,2000,6471.833,5366.25,2000,6554.883
5333.112,2000,6397.764,5477.855,2000,6555.618,5324.836,2000,6462.462,5424.432,2000,6471.094,5365.541,2000,6554.063
5332.688,2000,6396.767,5477.061,2000,6554.882,5324.046,2000,6461.722,5423.666,2000,6470.329,5364.86,2000,6553.221
5332.264,2000,6395.77,5476.291,2000,6554.12,5323.231,2000,6461.007,5422.924,2000,6469.539,5364.207,2000,6552.357
5331.839,2000,6394.773,5475.546,2000,6553.333,5322.441,2000,6460.267,5422.158,2000,6468.773,5363.582,2000,6551.472
5331.416,2000,6393.776,5474.819,2000,6552.53,5321.675,2000,6459.5,5421.366,2000,6468.034,5362.986,2000,6550.567
5330.991,2000,6392.779,5474.065,2000,6551.752,5320.934,2000,6458.71,5420.6,2000,6467.269,5362.361,2000,6549.682
5330.567,2000,6391.782,5473.287,2000,6550.999,5320.22,2000,6457.896,5419.858,2000,6466.479,5361.708,2000,6548.817
5330.143,2000,6390.785,5472.484,2000,6550.271,5319.533,2000,6457.058,5419.144,2000,6465.665,5361.026,2000,6547.975
5329.719,2000,6389.788,5471.706,2000,6549.518,5318.818,2000,6456.244,5418.456,2000,6464.828,5360.318,2000,6547.156
5329.294,2000,6388.791,5470.953,2000,6548.739,5318.131,2000,6455.406,5417.741,2000,6464.014,5359.583,2000,6546.36
5328.871,2000,6387.793,5470.225,2000,6547.937,5317.417,2000,6454.592,5417.053,2000,6463.177,5358.822,2000,6545.588
5328.446,2000,6386.796,5469.508,2000,6547.125,5316.73,2000,6453.754,5416.338,2000,6462.363,5358.037,2000,6544.842
5328.022,2000,6385.799,5468.792,2000,6546.311,5316.016,2000,6452.94,5415.65,2000,6461.526,5357.276,2000,6544.071
5327.598,2000,6384.802,5468.078,2000,6545.497,5315.329,2000,6452.103,5414.935,2000,6460.712,5356.541,2000,6543.275
5327.174,2000,6383.805,5467.365,2000,6544.681,5314.614,2000,6451.288,5414.247,2000,6459.875,5355.833,2000,6542.456
5326.75,2000,6382.808,5466.653,2000,6543.864,5313.927,2000,6450.451,5413.532,2000,6459.061,5355.151,2000,6541.613
5326.326,2000,6381.811,5465.943,2000,6543.046,5313.213,2000,6449.636,5412.844,2000,6458.224,5354.498,2000,6540.749
5325.901,2000,6380.814,5465.234,2000,6542.228,5312.526,2000,6448.799,5412.129,2000,6457.41,5353.873,2000,6539.864
5325.477,2000,6379.817,5464.526,2000,6541.407,5311.812,2000,6447.984,5411.441,2000,6456.573,5353.277,2000,6538.959
5325.053,2000,6378.82,5463.819,2000,6540.586,5311.071,2000,6447.194,5410.781,2000,6455.714,5352.652,2000,6538.074
5324.629,2000,6377.823,5463.114,2000,6539.764,5310.356,2000,6446.379,5410.093,2000,6454.877,5351.999,2000,6537.209
5324.205,2000,6376.826,5462.41,2000,6538.94,5309.669,2000,6445.542,5409.378,2000,6454.063,5351.318,2000,6536.367
5323.781,2000,6375.829,5461.708,2000,6538.116,5309.01,2000,6444.683,5408.637,2000,6453.273,5350.609,2000,6535.548
5323.356,2000,6374.832,5461.006,2000,6537.291,5308.323,2000,6443.845,5407.922,2000,6452.459,5349.875,2000,6534.752
5322.932,2000,6373.834,5460.306,2000,6536.464,5307.608,2000,6443.031,5407.234,2000,6451.623,5349.114,2000,6533.98
5322.508,2000,6372.837,5459.606,2000,6535.636,5306.868,2000,6442.24,5406.574,2000,6450.764,5348.328,2000,6533.234
5322.084,2000,6371.84,5458.909,2000,6534.808,5306.153,2000,6441.426,5405.886,2000,6449.927,5347.519,2000,6532.514
5321.813,2000,6370.792,5458.212,2000,6533.978,5305.466,2000,6440.588,5405.171,2000,6449.113,5346.733,2000,6531.768
5321.541,2000,6369.743,5457.517,2000,6533.147,5304.807,2000,6439.729,5404.43,2000,6448.323,5345.972,2000,6530.997
5321.27,2000,6368.694,5456.824,2000,6532.314,5304.12,2000,6438.892,5403.715,2000,6447.509,5345.237,2000,6530.201
5320.998,2000,6367.645,5456.133,2000,6531.48,5303.405,2000,6438.077,5403.027,2000,6446.672,5344.529,2000,6529.381
5320.727,2000,6366.596,5455.444,2000,6530.644,5302.665,2000,6437.287,5402.367,2000,6445.813,5343.848,2000,6528.539
5320.455,2000,6365.547,5454.756,2000,6529.807,5301.95,2000,6436.472,5401.679,2000,6444.976,5343.194,2000,6527.675
5320.184,2000,6364.499,5454.071,2000,6528.968,5301.263,2000,6435.635,5400.964,2000,6444.162,5342.569,2000,6526.79
5319.912,2000,6363.45,5453.387,2000,6528.127,5300.604,2000,6434.775,5400.223,2000,6443.372,5341.974,2000,6525.885
5319.641,2000,6362.401,5452.705,2000,6527.286,5299.917,2000,6433.938,5399.508,2000,6442.558,5341.408,2000,6524.961
5319.369,2000,6361.352,5452.024,2000,6526.442,5299.202,2000,6433.124,5398.82,2000,6441.721,5340.873,2000,6524.019
5319.098,2000,6360.303,5451.346,2000,6525.598,5298.461,2000,6432.333,5398.16,2000,6440.862,5340.308,2000,6523.095
5318.826,2000,6359.254,5450.669,2000,6524.752,5297.747,2000,6431.519,5397.472,2000,6440.025,5339.712,2000,6522.19
5318.555,2000,6358.206,5449.994,2000,6523.905,5297.06,2000,6430.681,5396.757,2000,6439.211,5339.087,2000,6521.305
5318.283,2000,6357.157,5449.321,2000,6523.056,5296.4,2000,6429.822,5396.016,2000,6438.421,5338.434,2000,6520.441
5318.012,2000,6356.108,5448.649,2000,6522.206,5295.713,2000,6428.984,5395.301,2000,6437.607,5337.752,2000,6519.599
5317.74,2000,6355.059,5447.979,2000,6521.354,5294.999,2000,6428.17,5394.613,2000,6436.771,5337.044,2000,6518.779
5317.469,2000,6354.01,5447.312,2000,6520.501,5294.258,2000,6427.379,5393.953,2000,6435.912,5336.309,2000,6517.983
5317.197,2000,6352.961,5446.646,2000,6519.647,5293.544,2000,6426.565,5393.265,2000,6435.075,5335.548,2000,6517.212
5316.926,2000,6351.913,5445.981,2000,6518.792,5292.857,2000,6425.728,5392.55,2000,6434.261,5334.763,2000,6516.466
5316.654,2000,6350.864,5445.318,2000,6517.935,5292.197,2000,6424.868,5391.817,2000,6433.463,5333.953,2000,6515.746
5316.383,2000,6349.815,5444.628,2000,6517.1,5291.51,2000,6424.031,5391.111,2000,6432.642,5333.167,2000,6515
5316.111,2000,6348.766,5443.911,2000,6516.288,5290.796,2000,6423.216,5390.432,2000,6431.797,5332.407,2000,6514.228
5315.84,2000,6347.717,5443.167,2000,6515.5,5290.109,2000,6422.379,5389.781,2000,6430.932,5331.672,2000,6513.432
5315.568,2000,6346.668,5442.45,2000,6514.688,5289.449,2000,6421.52,5389.102,2000,6430.087,5330.963,2000,6512.613
5315.297,2000,6345.62,5441.759,2000,6513.853,5288.818,2000,6420.639,5388.396,2000,6429.266,5330.282,2000,6511.771
5315.025,2000,6344.571,5441.097,2000,6512.996,5288.159,2000,6419.779,5387.717,2000,6428.422,5329.629,2000,6510.906
5314.754,2000,6343.522,5440.447,2000,6512.128,5287.472,2000,6418.942,5387.066,2000,6427.556,5329.004,2000,6510.021
5314.482,2000,6342.473,5439.8,2000,6511.26,5286.757,2000,6418.127,5386.443,2000,6426.669,5328.408,2000,6509.116
5314.211,2000,6341.424,5439.154,2000,6510.39,5286.07,2000,6417.29,5385.792,2000,6425.804,5327.843,2000,6508.192
5313.939,2000,6340.375,5438.51,2000,6509.519,5285.411,2000,6416.431,5385.113,2000,6424.959,5327.308,2000,6507.25
5313.668,2000,6339.327,5437.867,2000,6508.647,5284.78,2000,6415.55,5384.416,2000,6424.13,5326.804,2000,6506.292
5313.396,2000,6338.278,5437.227,2000,6507.773,5284.178,2000,6414.649,5383.722,2000,6423.298,5326.332,2000,6505.316
5313.125,2000,6337.229,5436.558,2000,6506.921,5283.547,2000,6413.768,5383.056,2000,6422.444,5325.828,2000,6504.357
5312.854,2000,6336.18,5435.861,2000,6506.092,5282.887,2000,6412.909,5382.417,2000,6421.569,5325.292,2000,6503.416
5312.582,2000,6335.131,5435.192,2000,6505.24,5282.2,2000,6412.071,5381.809,2000,6420.673,5324.727,2000,6502.492
5312.311,2000,6334.083,5434.552,2000,6504.366,5281.486,2000,6411.257,5381.229,2000,6419.757,5324.131,2000,6501.587
5312.039,2000,6333.034,5433.92,2000,6503.486,5280.799,2000,6410.419,5380.68,2000,6418.824,5323.506,2000,6500.702
5311.768,2000,6331.985,5433.29,2000,6502.605,5280.139,2000,6409.56,5380.161,2000,6417.873,5322.853,2000,6499.837
5311.496,2000,6330.936,5432.662,2000,6501.723,5279.508,2000,6408.679,5379.612,2000,6416.939,5322.172,2000,6498.995
5311.225,2000,6329.887,5432.035,2000,6500.839,5278.906,2000,6407.778,5379.032,2000,6416.023,5321.463,2000,6498.176
5310.953,2000,6328.838,5431.41,2000,6499.954,5278.334,2000,6406.858,5378.423,2000,6415.127,5320.729,2000,6497.38
5310.682,2000,6327.79,5430.786,2000,6499.068,5277.793,2000,6405.92,5377.785,2000,6414.252,5319.968,2000,6496.608
5310.41,2000,6326.741,5430.164,2000,6498.181,5277.282,2000,6404.965,5377.121,2000,6413.396,5319.233,2000,6495.813
5310.139,2000,6325.692,5429.543,2000,6497.293,5276.803,2000,6403.993,5376.46,2000,6412.538,5318.524,2000,6494.993
5309.867,2000,6324.643,5428.925,2000,6496.404,5276.356,2000,6403.006,5375.803,2000,6411.677,5317.843,2000,6494.151
5309.596,2000,6323.594,5428.308,2000,6495.514,5275.877,2000,6402.035,5375.174,2000,6410.795,5317.19,2000,6493.287
5309.324,2000,6322.545,5427.692,2000,6494.622,5275.366,2000,6401.079,5374.574,2000,6409.893,5316.565,2000,6492.401
5309.053,2000,6321.497,5427.078,2000,6493.729,5274.825,2000,6400.141,5374.004,2000,6408.971,5315.969,2000,6491.497
5308.781,2000,6320.448,5426.466,2000,6492.836,5274.253,2000,6399.221,5373.465,2000,6408.032,5315.404,2000,6490.573
5308.51,2000,6319.399,5425.855,2000,6491.941,5273.651,2000,6398.32,5372.957,2000,6407.075,5314.869,2000,6489.631
5308.239,2000,6318.35,5425.246,2000,6491.045,5273.02,2000,6397.439,5372.479,2000,6406.103,5314.365,2000,6488.672
5307.968,2000,6317.301,5424.607,2000,6490.17,5272.36,2000,6396.58,5372.035,2000,6405.115,5313.893,2000,6487.697
5307.696,2000,6316.252,5423.941,2000,6489.316,5271.729,2000,6395.699,5371.558,2000,6404.142,5313.453,2000,6486.707
5307.425,2000,6315.204,5423.247,2000,6488.484,5271.127,2000,6394.798,5371.049,2000,6403.186,5313.045,2000,6485.703
5307.154,2000,6314.155,5422.58,2000,6487.63,5270.556,2000,6393.878,5370.51,2000,6402.246,5312.67,2000,6484.687
5306.883,2000,6313.106,5421.942,2000,6486.755,5270.014,2000,6392.94,5369.94,2000,6401.325,5312.33,2000,6483.658
5306.611,2000,6312.057,5421.333,2000,6485.859,5269.503,2000,6391.985,5369.34,2000,6400.422,5312.022,2000,6482.619
5306.34,2000,6311.008,5420.736,2000,6484.955,5269.024,2000,6391.013,5368.713,2000,6399.539,5311.75,2000,6481.571
5306.069,2000,6309.959,5420.141,2000,6484.049,5268.577,2000,6390.026,5368.116,2000,6398.636,5311.442,2000,6480.532
5305.798,2000,6308.911,5419.547,2000,6483.143,5268.098,2000,6389.055,5367.548,2000,6397.713,5311.102,2000,6479.503
5305.526,2000,6307.862,5418.955,2000,6482.236,5267.587,2000,6388.099,5367.01,2000,6396.773,5310.727,2000,6478.487
5305.255,2000,6306.813,5418.364,2000,6481.328,5267.046,2000,6387.161,5366.504,2000,6395.815,5310.319,2000,6477.483
5304.984,2000,6305.764,5417.774,2000,6480.418,5266.474,2000,6386.241,5366.029,2000,6394.842,5309.879,2000,6476.493
5304.713,2000,6304.715,5417.187,2000,6479.508,5265.872,2000,6385.34,5365.586,2000,6393.853,5309.407,2000,6475.518
5304.441,2000,6303.667,5416.569,2000,6478.618,5265.3,2000,6384.42,5365.176,2000,6392.85,5308.903,2000,6474.559
5304.17,2000,6302.618,5415.923,2000,6477.749,5264.759,2000,6383.482,5364.799,2000,6391.834,5308.368,2000,6473.617
5303.899,2000,6301.569,5415.249,2000,6476.9,5264.248,2000,6382.527,5364.456,2000,6390.807,5307.803,2000,6472.693
5303.628,2000,6300.52,5414.547,2000,6476.075,5263.769,2000,6381.555,5364.146,2000,6389.769,5307.207,2000,6471.789
5303.519,2000,6299.442,5413.819,2000,6475.272,5263.322,2000,6380.568,5363.87,2000,6388.721,5306.582,2000,6470.903
5303.409,2000,6298.365,5413.065,2000,6474.495,5262.907,2000,6379.567,5363.56,2000,6387.683,5305.986,2000,6469.999
5303.3,2000,6297.287,5412.287,2000,6473.742,5262.526,2000,6378.553,5363.216,2000,6386.656,5305.421,2000,6469.075
5303.19,2000,6296.209,5411.483,2000,6473.015,5262.178,2000,6377.527,5362.839,2000,6385.64,5304.886,2000,6468.133
5303.081,2000,6295.132,5410.705,2000,6472.262,5261.863,2000,6376.491,5362.429,2000,6384.637,5304.382,2000,6467.174
5302.972,2000,6294.054,5409.951,2000,6471.484,5261.583,2000,6375.444,5361.986,2000,6383.648,5303.91,2000,6466.199
5302.862,2000,6292.977,5409.223,2000,6470.682,5261.337,2000,6374.389,5361.511,2000,6382.675,5303.47,2000,6465.209
5302.753,2000,6291.899,5408.521,2000,6469.856,5261.125,2000,6373.327,5361.005,2000,6381.717,5303.062,2000,6464.205
5302.644,2000,6290.821,5407.847,2000,6469.008,5260.949,2000,6372.258,5360.467,2000,6380.777,5302.688,2000,6463.188
5302.534,2000,6289.744,5407.201,2000,6468.138,5260.738,2000,6371.195,5359.961,2000,6379.819,5302.347,2000,6462.16
5302.425,2000,6288.666,5406.583,2000,6467.248,5260.492,2000,6370.14,5359.486,2000,6378.846,5302.04,2000,6461.121
5302.315,2000,6287.588,5405.996,2000,6466.338,5260.211,2000,6369.094,5359.043,2000,6377.857,5301.767,2000,6460.073
5302.206,2000,6286.511,5405.438,2000,6465.409,5259.897,2000,6368.057,5358.633,2000,6376.854,5301.528,2000,6459.016
5302.097,2000,6285.433,5404.896,2000,6464.471,5259.549,2000,6367.031,5358.256,2000,6375.838,5301.324,2000,6457.952
5301.987,2000,6284.355,5404.357,2000,6463.531,5259.167,2000,6366.017,5357.913,2000,6374.811,5301.085,2000,6456.896
5301.877,2000,6283.278,5403.819,2000,6462.591,5258.753,2000,6365.016,5357.603,2000,6373.773,5300.813,2000,6455.847
5301.768,2000,6282.2,5403.284,2000,6461.649,5258.306,2000,6364.029,5357.327,2000,6372.725,5300.505,2000,6454.808
5301.658,2000,6281.123,5402.75,2000,6460.706,5257.827,2000,6363.058,5357.085,2000,6371.669,5300.165,2000,6453.78
5301.549,2000,6280.045,5402.219,2000,6459.762,5257.316,2000,6362.102,5356.879,2000,6370.605,5299.79,2000,6452.763
5301.439,2000,6278.967,5401.69,2000,6458.817,5256.774,2000,6361.164,5356.707,2000,6369.536,5299.449,2000,6451.735
5301.33,2000,6277.89,5401.13,2000,6457.89,5256.264,2000,6360.208,5356.5,2000,6368.472,5299.142,2000,6450.696
5301.22,2000,6276.812,5400.54,2000,6456.981,5255.785,2000,6359.237,5356.259,2000,6367.416,5298.869,2000,6449.647
5301.11,2000,6275.734,5399.92,2000,6456.092,5255.337,2000,6358.25,5355.983,2000,6366.368,5298.63,2000,6448.591
5301,2000,6274.657,5399.271,2000,6455.224,5254.923,2000,6357.249,5355.673,2000,6365.33,5298.427,2000,6447.527
5300.891,2000,6273.579,5398.595,2000,6454.378,5254.542,2000,6356.235,5355.33,2000,6364.303,5298.258,2000,6446.457
5300.782,2000,6272.501,5397.892,2000,6453.554,5254.193,2000,6355.209,5354.953,2000,6363.287,5298.124,2000,6445.381
5300.672,2000,6271.424,5397.162,2000,6452.754,5253.879,2000,6354.172,5354.609,2000,6362.26,5297.955,2000,6444.311
5300.563,2000,6270.346,5396.458,2000,6451.93,5253.599,2000,6353.126,5354.299,2000,6361.222,5297.751,2000,6443.247
5300.453,2000,6269.269,5395.782,2000,6451.084,5253.353,2000,6352.071,5354.023,2000,6360.174,5297.513,2000,6442.19
5300.343,2000,6268.191,5395.133,2000,6450.216,5253.141,2000,6351.008,5353.782,2000,6359.118,5297.24,2000,6441.142
5300.233,2000,6267.113,5394.514,2000,6449.327,5252.965,2000,6349.939,5353.575,2000,6358.054,5296.933,2000,6440.103
5300.124,2000,6266.036,5393.923,2000,6448.418,5252.824,2000,6348.865,5353.403,2000,6356.984,5296.592,2000,6439.075
5300.014,2000,6264.958,5393.363,2000,6447.491,5252.718,2000,6347.787,5353.267,2000,6355.91,5296.217,2000,6438.058
5299.905,2000,6263.88,5392.834,2000,6446.546,5252.647,2000,6346.706,5353.095,2000,6354.84,5295.81,2000,6437.054
5299.795,2000,6262.803,5392.336,2000,6445.584,5252.612,2000,6345.624,5352.888,2000,6353.776,5295.37,2000,6436.064
5299.686,2000,6261.725,5391.87,2000,6444.606,5252.612,2000,6344.54,5352.647,2000,6352.72,5294.897,2000,6435.089
5299.576,2000,6260.647,5391.436,2000,6443.614,5252.577,2000,6343.458,5352.371,2000,6351.672,5294.394,2000,6434.13
5299.466,2000,6259.57,5391.034,2000,6442.607,5252.506,2000,6342.376,5352.061,2000,6350.634,5293.858,2000,6433.188
5299.356,2000,6258.492,5390.666,2000,6441.589,5252.4,2000,6341.298,5351.785,2000,6349.586,5293.293,2000,6432.265
5299.247,2000,6257.415,5390.331,2000,6440.559,5252.259,2000,6340.224,5351.544,2000,6348.53,5292.697,2000,6431.36
5299.137,2000,6256.337,5390.03,2000,6439.518,5252.083,2000,6339.155,5351.337,2000,6347.467,5292.072,2000,6430.475
5299.028,2000,6255.259,5389.764,2000,6438.468,5251.871,2000,6338.093,5351.166,2000,6346.397,5291.419,2000,6429.61
5298.918,2000,6254.182,5389.531,2000,6437.41,5251.625,2000,6337.038,5351.029,2000,6345.322,5290.738,2000,6428.768
5298.809,2000,6253.104,5389.333,2000,6436.345,5251.345,2000,6335.991,5350.927,2000,6344.244,5290.029,2000,6427.949
5298.699,2000,6252.026,5389.171,2000,6435.274,5251.03,2000,6334.955,5350.861,2000,6343.162,5289.294,2000,6427.153
5298.589,2000,6250.949,5389.043,2000,6434.198,5250.682,2000,6333.929,5350.76,2000,6342.083,5288.534,2000,6426.381
5298.48,2000,6249.871,5388.951,2000,6433.119,5250.301,2000,6332.915,5350.623,2000,6341.009,5287.748,2000,6425.635
5298.37,2000,6248.793,5388.895,2000,6432.037,5249.895,2000,6331.91,5350.451,2000,6339.939,5286.938,2000,6424.915
5298.261,2000,6247.716,5388.873,2000,6430.954,5249.522,2000,6330.893,5350.245,2000,6338.875,5286.153,2000,6424.169
5298.151,2000,6246.638,5388.887,2000,6429.871,5249.183,2000,6329.864,5350.003,2000,6337.819,5285.392,2000,6423.397
5298.042,2000,6245.561,5388.937,2000,6428.789,5248.878,2000,6328.825,5349.728,2000,6336.771,5284.657,2000,6422.602
5297.932,2000,6244.483,5388.951,2000,6427.706,5248.607,2000,6327.776,5349.417,2000,6335.733,5283.949,2000,6421.782
5297.822,2000,6243.405,5388.929,2000,6426.623,5248.37,2000,6326.719,5349.074,2000,6334.706,5283.268,2000,6420.94
5297.712,2000,6242.328,5388.873,2000,6425.541,5248.168,2000,6325.654,5348.697,2000,6333.69,5282.614,2000,6420.076
5297.603,2000,6241.25,5388.78,2000,6424.461,5248.001,2000,6324.584,5348.287,2000,6332.688,5281.989,2000,6419.19
5297.493,2000,6240.172,5388.653,2000,6423.385,5247.869,2000,6323.509,5347.844,2000,6331.699,5281.394,2000,6418.286
5297.384,2000,6239.095,5388.49,2000,6422.314,5247.772,2000,6322.43,5347.369,2000,6330.725,5280.828,2000,6417.362
5297.274,2000,6238.017,5388.292,2000,6421.249,5247.641,2000,6321.354,5346.926,2000,6329.736,5280.293,2000,6416.42
5297.165,2000,6236.939,5388.06,2000,6420.191,5247.474,2000,6320.284,5346.516,2000,6328.733,5279.789,2000,6415.461
5297.055,2000,6235.862,5387.793,2000,6419.141,5247.271,2000,6319.22,5346.139,2000,6327.718,5279.317,2000,6414.486
5296.945,2000,6234.784,5387.493,2000,6418.101,5247.035,2000,6318.163,5345.795,2000,6326.69,5278.877,2000,6413.496
5296.836,2000,6233.707,5387.158,2000,6417.07,5246.764,2000,6317.114,5345.485,2000,6325.652,5278.469,2000,6412.492
5296.726,2000,6232.629,5386.79,2000,6416.052,5246.458,2000,6316.074,5345.209,2000,6324.604,5278.095,2000,6411.476
5296.617,2000,6231.551,5386.388,2000,6415.045,5246.119,2000,6315.045,5344.968,2000,6323.548,5277.754,2000,6410.447
5296.507,2000,6230.474,5385.954,2000,6414.053,5245.747,2000,6314.028,5344.762,2000,6322.485,5277.447,2000,6409.408
5296.397,2000,6229.396,5385.488,2000,6413.075,5245.341,2000,6313.024,5344.59,2000,6321.415,5277.174,2000,6408.36
5296.288,2000,6228.318,5385.015,2000,6412.101,5244.902,2000,6312.033,5344.453,2000,6320.34,5276.935,2000,6407.303
5296.178,2000,6227.241,5384.544,2000,6411.125,5244.432,2000,6311.058,5344.352,2000,6319.262,5276.731,2000,6406.239
5296.231,2000,6226.159,5384.075,2000,6410.148,5243.993,2000,6310.067,5344.215,2000,6318.187,5276.563,2000,6405.169
5296.285,2000,6225.077,5383.608,2000,6409.171,5243.587,2000,6309.063,5344.043,2000,6317.117,5276.429,2000,6404.094
5296.338,2000,6223.995,5383.144,2000,6408.192,5243.215,2000,6308.045,5343.836,2000,6316.054,5276.33,2000,6403.015
5296.391,2000,6222.913,5382.682,2000,6407.212,5242.875,2000,6307.017,5343.595,2000,6314.998,5276.267,2000,6401.934
5296.444,2000,6221.831,5382.222,2000,6406.231,5242.57,2000,6305.977,5343.319,2000,6313.95,5276.239,2000,6400.851
5296.498,2000,6220.749,5381.765,2000,6405.249,5242.299,2000,6304.928,5343.009,2000,6312.912,5276.247,2000,6399.767
5296.551,2000,6219.667,5381.311,2000,6404.265,5242.063,2000,6303.871,5342.666,2000,6311.884,5276.29,2000,6398.685
5296.604,2000,6218.584,5380.858,2000,6403.281,5241.86,2000,6302.807,5342.289,2000,6310.869,5276.369,2000,6397.604
5296.657,2000,6217.502,5380.409,2000,6402.295,5241.693,2000,6301.736,5341.878,2000,6309.866,5276.482,2000,6396.527
5296.71,2000,6216.42,5379.961,2000,6401.308,5241.562,2000,6300.661,5341.436,2000,6308.877,5276.604,2000,6395.45
5296.764,2000,6215.338,5379.517,2000,6400.32,5241.465,2000,6299.582,5340.964,2000,6307.902,5276.725,2000,6394.374
5296.817,2000,6214.256,5379.074,2000,6399.332,5241.333,2000,6298.507,5340.524,2000,6306.912,5276.845,2000,6393.297
5296.87,2000,6213.174,5378.634,2000,6398.342,5241.166,2000,6297.437,5340.118,2000,6305.908,5276.965,2000,6392.22
5296.923,2000,6212.092,5378.197,2000,6397.351,5240.964,2000,6296.372,5339.744,2000,6304.891,5277.085,2000,6391.144
5296.977,2000,6211.01,5377.762,2000,6396.358,5240.727,2000,6295.315,5339.403,2000,6303.863,5277.205,2000,6390.067
5297.03,2000,6209.928,5377.329,2000,6395.365,5240.456,2000,6294.266,5339.097,2000,6302.824,5277.324,2000,6388.99
5297.083,2000,6208.846,5376.898,2000,6394.371,5240.151,2000,6293.227,5338.824,2000,6301.775,5277.442,2000,6387.914
5297.136,2000,6207.764,5376.5,2000,6393.363,5239.812,2000,6292.198,5338.586,2000,6300.719,5277.525,2000,6386.833
5297.189,2000,6206.682,5376.135,2000,6392.343,5239.439,2000,6291.181,5338.383,2000,6299.655,5277.573,2000,6385.751
5297.243,2000,6205.6,5375.804,2000,6391.312,5239.033,2000,6290.176,5338.215,2000,6298.584,5277.585,2000,6384.667
5297.296,2000,6204.518,5375.507,2000,6390.27,5238.595,2000,6289.186,5338.082,2000,6297.509,5277.563,2000,6383.584
5297.349,2000,6203.436,5375.245,2000,6389.219,5238.124,2000,6288.21,5337.983,2000,6296.43,5277.504,2000,6382.503
5297.402,2000,6202.354,5375.016,2000,6388.16,5237.686,2000,6287.219,5337.85,2000,6295.355,5277.41,2000,6381.424
5297.456,2000,6201.272,5374.823,2000,6387.094,5237.28,2000,6286.215,5337.682,2000,6294.285,5277.281,2000,6380.348
5297.509,2000,6200.19,5374.664,2000,6386.022,5236.907,2000,6285.198,5337.479,2000,6293.221,5277.117,2000,6379.277
5297.562,2000,6199.108,5374.541,2000,6384.946,5236.568,2000,6284.169,5337.241,2000,6292.164,5276.917,2000,6378.212
5297.615,2000,6198.026,5374.453,2000,6383.866,5236.263,2000,6283.129,5336.968,2000,6291.116,5276.684,2000,6377.155
5297.668,2000,6196.944,5374.4,2000,6382.784,5235.992,2000,6282.081,5336.662,2000,6290.077,5276.415,2000,6376.105
5297.722,2000,6195.862,5374.383,2000,6381.701,5235.755,2000,6281.023,5336.321,2000,6289.048,5276.112,2000,6375.065
5297.775,2000,6194.78,5374.401,2000,6380.618,5235.553,2000,6279.959,5335.947,2000,6288.032,5275.776,2000,6374.036
5297.828,2000,6193.698,5374.455,2000,6379.536,5235.386,2000,6278.889,5335.541,2000,6287.028,5275.406,2000,6373.018
5297.881,2000,6192.616,5374.543,2000,6378.457,5235.254,2000,6277.813,5335.135,2000,6286.023,5275.002,2000,6372.012
5297.935,2000,6191.534,5374.667,2000,6377.38,5235.157,2000,6276.734,5334.733,2000,6285.017,5274.566,2000,6371.021
5297.988,2000,6190.452,5374.756,2000,6376.301,5235.025,2000,6275.659,5334.365,2000,6283.998,5274.163,2000,6370.015
5298.041,2000,6189.37,5374.81,2000,6375.219,5234.858,2000,6274.589,5334.031,2000,6282.968,5273.793,2000,6368.997
5298.094,2000,6188.288,5374.828,2000,6374.136,5234.656,2000,6273.524,5333.73,2000,6281.927,5273.457,2000,6367.967
5298.147,2000,6187.206,5374.811,2000,6373.053,5234.419,2000,6272.467,5333.463,2000,6280.877,5273.154,2000,6366.927
5298.201,2000,6186.124,5374.758,2000,6371.971,5234.148,2000,6271.418,5333.231,2000,6279.819,5272.885,2000,6365.878
5298.254,2000,6185.042,5374.67,2000,6370.891,5233.843,2000,6270.379,5333.034,2000,6278.754,5272.651,2000,6364.82
5298.307,2000,6183.959,5374.547,2000,6369.815,5233.504,2000,6269.35,5332.872,2000,6277.683,5272.452,2000,6363.755
5298.36,2000,6182.877,5374.388,2000,6368.743,5233.131,2000,6268.333,5332.745,2000,6276.607,5272.288,2000,6362.685
5298.414,2000,6181.795,5374.195,2000,6367.677,5232.726,2000,6267.329,5332.653,2000,6275.527,5272.159,2000,6361.609
5298.467,2000,6180.713,5373.966,2000,6366.618,5232.353,2000,6266.312,5332.525,2000,6274.452,5272.065,2000,6360.53
5298.52,2000,6179.631,5373.704,2000,6365.567,5232.014,2000,6265.283,5332.363,2000,6273.38,5272.006,2000,6359.448
5298.573,2000,6178.549,5373.407,2000,6364.525,5231.708,2000,6264.243,5332.166,2000,6272.315,5271.983,2000,6358.365
5298.626,2000,6177.467,5373.076,2000,6363.494,5231.438,2000,6263.194,5331.934,2000,6271.257,5271.996,2000,6357.282
5298.68,2000,6176.385,5372.711,2000,6362.474,5231.201,2000,6262.137,5331.667,2000,6270.207,5272.043,2000,6356.199
5298.733,2000,6175.303,5372.313,2000,6361.466,5230.999,2000,6261.073,5331.367,2000,6269.167,5272.126,2000,6355.119
5298.787,2000,6174.221,5371.915,2000,6360.458,5230.832,2000,6260.002,5331.032,2000,6268.136,5272.245,2000,6354.042
5298.84,2000,6173.139,5371.549,2000,6359.438,5230.7,2000,6258.927,5330.681,2000,6267.112,5272.328,2000,6352.962
5298.894,2000,6172.057,5371.218,2000,6358.407,5230.603,2000,6257.848,5330.333,2000,6266.086,5272.376,2000,6351.88
5298.947,2000,6170.975,5370.92,2000,6357.366,5230.542,2000,6256.767,5329.989,2000,6265.059,5272.388,2000,6350.796
5299,2000,6169.893,5370.657,2000,6356.315,5230.445,2000,6255.688,5329.68,2000,6264.021,5272.365,2000,6349.713
5299.054,2000,6168.811,5370.428,2000,6355.256,5230.313,2000,6254.612,5329.404,2000,6262.973,5272.307,2000,6348.632
5299.107,2000,6167.729,5370.234,2000,6354.19,5230.146,2000,6253.542,5329.163,2000,6261.917,5272.213,2000,6347.553
5299.161,2000,6166.647,5370.075,2000,6353.118,5229.944,2000,6252.478,5328.957,2000,6260.853,5272.083,2000,6346.477
5299.214,2000,6165.565,5369.951,2000,6352.042,5229.708,2000,6251.42,5328.785,2000,6259.783,5271.919,2000,6345.406
5299.268,2000,6164.483,5369.863,2000,6350.962,5229.437,2000,6250.372,5328.648,2000,6258.708,5271.72,2000,6344.341
5299.321,2000,6163.401,5369.81,2000,6349.88,5229.131,2000,6249.332,5328.547,2000,6257.63,5271.486,2000,6343.284
5299.375,2000,6162.319,5369.792,2000,6348.797,5228.792,2000,6248.303,5328.481,2000,6256.548,5271.218,2000,6342.234
5299.428,2000,6161.237,5369.81,2000,6347.714,5228.487,2000,6247.264,5328.38,2000,6255.47,5270.915,2000,6341.194
5299.481,2000,6160.155,5369.863,2000,6346.632,5228.216,2000,6246.215,5328.244,2000,6254.395,5270.579,2000,6340.165
5299.535,2000,6159.073,5369.951,2000,6345.553,5227.979,2000,6245.158,5328.072,2000,6253.325,5270.208,2000,6339.146
5299.588,2000,6157.991,5370.075,2000,6344.477,5227.777,2000,6244.093,5327.866,2000,6252.262,5269.805,2000,6338.141
5299.642,2000,6156.909,5370.163,2000,6343.397,5227.61,2000,6243.023,5327.625,2000,6251.206,5269.435,2000,6337.123
5299.695,2000,6155.827,5370.216,2000,6342.315,5227.478,2000,6241.948,5327.349,2000,6250.158,5269.099,2000,6336.093
5299.749,2000,6154.745,5370.234,2000,6341.232,5227.381,2000,6240.869,5327.044,2000,6249.118,5268.796,2000,6335.053
5299.802,2000,6153.663,5370.216,2000,6340.149,5227.32,2000,6239.787,5326.744,2000,6248.078,5268.527,2000,6334.004
5299.856,2000,6152.581,5370.163,2000,6339.067,5227.224,2000,6238.708,5326.477,2000,6247.028,5268.293,2000,6332.946
5300.072,2000,6151.519,5370.075,2000,6337.987,5227.092,2000,6237.633,5326.245,2000,6245.97,5268.094,2000,6331.881
5300.288,2000,6150.458,5369.951,2000,6336.911,5226.925,2000,6236.563,5326.047,2000,6244.905,5267.93,2000,6330.811
5300.503,2000,6149.396,5369.792,2000,6335.839,5226.723,2000,6235.498,5325.884,2000,6243.833,5267.801,2000,6329.735
5300.719,2000,6148.334,5369.598,2000,6334.773,5226.486,2000,6234.441,5325.757,2000,6242.758,5267.707,2000,6328.656
5300.935,2000,6147.273,5369.369,2000,6333.714,5226.215,2000,6233.392,5325.665,2000,6241.678,5267.648,2000,6327.574
5301.151,2000,6146.211,5369.105,2000,6332.664,5225.91,2000,6232.353,5325.608,2000,6240.596,5267.625,2000,6326.491
5301.367,2000,6145.15,5368.808,2000,6331.622,5225.639,2000,6231.304,5325.516,2000,6239.517,5267.638,2000,6325.408
5301.583,2000,6144.088,5368.477,2000,6330.591,5225.402,2000,6230.247,5325.388,2000,6238.441,5267.686,2000,6324.325
5301.798,2000,6143.027,5368.111,2000,6329.571,5225.2,2000,6229.182,5325.226,2000,6237.37,5267.769,2000,6323.245
5302.014,2000,6141.965,5367.749,2000,6328.55,5225.033,2000,6228.112,5325.028,2000,6236.305,5267.887,2000,6322.168
5302.23,2000,6140.904,5367.389,2000,6327.528,5224.901,2000,6227.037,5324.795,2000,6235.247,5268.041,2000,6321.096
5302.446,2000,6139.842,5367.063,2000,6326.495,5224.804,2000,6225.958,5324.543,2000,6234.193,5268.16,2000,6320.02
5302.662,2000,6138.781,5366.77,2000,6325.452,5224.743,2000,6224.876,5324.296,2000,6233.138,5268.243,2000,6318.939
5302.877,2000,6137.719,5366.512,2000,6324.4,5224.646,2000,6223.797,5324.084,2000,6232.076,5268.291,2000,6317.857
5303.093,2000,6136.658,5366.288,2000,6323.34,5224.515,2000,6222.722,5323.906,2000,6231.007,5268.303,2000,6316.773
5303.309,2000,6135.596,5366.1,2000,6322.273,5224.348,2000,6221.651,5323.764,2000,6229.933,5268.28,2000,6315.69
5303.525,2000,6134.535,5365.946,2000,6321.201,5224.146,2000,6220.587,5323.656,2000,6228.855,5268.221,2000,6314.609
5303.741,2000,6133.473,5365.827,2000,6320.124,5223.909,2000,6219.53,5323.584,2000,6227.774,5268.127,2000,6313.53
5303.957,2000,6132.412,5365.744,2000,6319.044,5223.707,2000,6218.465,5323.477,2000,6226.696,5267.998,2000,6312.454
5304.172,2000,6131.35,5365.696,2000,6317.961,5223.54,2000,6217.395,5323.334,2000,6225.622,5267.834,2000,6311.383
5304.388,2000,6130.289,5365.684,2000,6316.878,5223.408,2000,6216.32,5323.157,2000,6224.553,5267.635,2000,6310.318
5304.604,2000,6129.227,5365.707,2000,6315.795,5223.311,2000,6215.241,5322.945,2000,6223.491,5267.401,2000,6309.261
5304.82,2000,6128.166,5365.766,2000,6314.713,5223.179,2000,6214.166,5322.769,2000,6222.422,5267.132,2000,6308.211
5305.036,2000,6127.104,5365.859,2000,6313.634,5223.012,2000,6213.095,5322.627,2000,6221.348,5266.83,2000,6307.171
5305.251,2000,6126.042,5365.988,2000,6312.559,5222.81,2000,6212.031,5322.521,2000,6220.27,5266.493,2000,6306.142
5305.467,2000,6124.981,5366.152,2000,6311.488,5222.643,2000,6210.96,5322.379,2000,6219.195,5266.123,2000,6305.124
5305.683,2000,6123.919,5366.281,2000,6310.412,5222.511,2000,6209.885,5322.202,2000,6218.126,5265.787,2000,6304.094
5305.899,2000,6122.858,5366.375,2000,6309.333,5222.415,2000,6208.806,5322.015,2000,6217.06,5265.484,2000,6303.054
5306.115,2000,6121.796,5366.434,2000,6308.251,5222.283,2000,6207.731,5321.863,2000,6215.987,5265.215,2000,6302.004
5306.331,2000,6120.735,5366.457,2000,6307.168,5222.116,2000,6206.661,5321.747,2000,6214.91,5264.981,2000,6300.947
5306.546,2000,6119.673,5366.444,2000,6306.085,5221.914,2000,6205.596,5321.665,2000,6213.83,5264.782,2000,6299.882
5306.762,2000,6118.612,5366.396,2000,6305.002,5221.747,2000,6204.526,5321.548,2000,6212.752,5264.618,2000,6298.811
5306.978,2000,6117.55,5366.313,2000,6303.922,5221.615,2000,6203.451,5321.396,2000,6211.68,5264.489,2000,6297.735
5307.194,2000,6116.489,5366.195,2000,6302.846,5221.518,2000,6202.372,5321.232,2000,6210.609,5264.395,2000,6296.656
5307.41,2000,6115.427,5366.041,2000,6301.773,5221.457,2000,6201.29,5321.073,2000,6209.538,5264.336,2000,6295.575
5307.625,2000,6114.366,5365.853,2000,6300.707,5221.36,2000,6200.211,5320.948,2000,6208.461,5264.313,2000,6294.492
5307.841,2000,6113.304,5365.629,2000,6299.646,5221.229,2000,6199.136,5320.859,2000,6207.382,5264.326,2000,6293.408
5308.057,2000,6112.243,5365.371,2000,6298.594,5221.062,2000,6198.065,5320.805,2000,6206.3,5264.374,2000,6292.326
5308.273,2000,6111.181,5365.078,2000,6297.551,5220.93,2000,6196.99,5320.715,2000,6205.22,5264.457,2000,6291.246
5308.489,2000,6110.12,5364.762,2000,6296.515,5220.833,2000,6195.911,5320.591,2000,6204.144,5264.575,2000,6290.169
5308.705,2000,6109.058,5364.449,2000,6295.478,5220.772,2000,6194.83,5320.453,2000,6203.069,5264.729,2000,6289.097
5308.92,2000,6107.997,5364.17,2000,6294.431,5220.746,2000,6193.747,5320.318,2000,6201.994,5264.848,2000,6288.02
5309.136,2000,6106.935,5363.926,2000,6293.376,5220.685,2000,6192.665,5320.219,2000,6200.916,5264.931,2000,6286.94
5309.352,2000,6105.874,5363.716,2000,6292.313,5220.588,2000,6191.586,5320.155,2000,6199.834,5264.979,2000,6285.857
5309.568,2000,6104.812,5363.541,2000,6291.244,5220.457,2000,6190.511,5320.127,2000,6198.751,5264.991,2000,6284.774
5309.784,2000,6103.75,5363.4,2000,6290.169,5220.36,2000,6189.432,5320.063,2000,6197.669,5264.968,2000,6283.691
5310,2000,6102.689,5363.295,2000,6289.091,5220.299,2000,6188.35,5319.964,2000,6196.591,5264.909,2000,6282.609
5310.215,2000,6101.627,5363.226,2000,6288.01,5220.273,2000,6187.267,5319.85,2000,6195.514,5264.815,2000,6281.53
5310.431,2000,6100.566,5363.192,2000,6286.927,5220.212,2000,6186.186,5319.771,2000,6194.433,5264.686,2000,6280.455
5310.646,2000,6099.504,5363.193,2000,6285.844,5220.115,2000,6185.106,5319.727,2000,6193.351,5264.522,2000,6279.384
5310.862,2000,6098.443,5363.23,2000,6284.761,5219.983,2000,6184.031,5319.719,2000,6192.267,5264.323,2000,6278.319
5311.078,2000,6097.381,5363.303,2000,6283.68,5219.887,2000,6182.952,5319.675,2000,6191.185,5264.089,2000,6277.261
5311.293,2000,6096.32,5363.41,2000,6282.602,5219.826,2000,6181.871,5319.596,2000,6190.104,5263.82,2000,6276.212
5311.509,2000,6095.258,5363.553,2000,6281.528,5219.8,2000,6180.788,5319.5,2000,6189.025,5263.518,2000,6275.172
5311.724,2000,6094.197,5363.661,2000,6280.45,5219.81,2000,6179.704,5319.409,2000,6187.945,5263.249,2000,6274.123
5311.94,2000,6093.135,5363.733,2000,6279.369,5219.784,2000,6178.621,5319.352,2000,6186.863,5263.015,2000,6273.065
5312.155,2000,6092.074,5363.77,2000,6278.287,5219.723,2000,6177.54,5319.331,2000,6185.78,5262.816,2000,6272
5312.371,2000,6091.012,5363.771,2000,6277.203,5219.626,2000,6176.46,5319.345,2000,6184.697,5262.652,2000,6270.929
5312.586,2000,6089.951,5363.737,2000,6276.12,5219.565,2000,6175.379,5319.324,2000,6183.614,5262.522,2000,6269.854
5312.802,2000,6088.889,5363.668,2000,6275.039,5219.539,2000,6174.296,5319.268,2000,6182.532,5262.429,2000,6268.774
5313.018,2000,6087.828,5363.563,2000,6273.961,5219.549,2000,6173.212,5319.193,2000,6181.452,5262.37,2000,6267.693
5313.233,2000,6086.766,5363.423,2000,6272.887,5219.523,2000,6172.129,5319.154,2000,6180.369,5262.347,2000,6266.61
5313.449,2000,6085.705,5363.248,2000,6271.817,5219.462,2000,6171.048,5319.15,2000,6179.286,5262.359,2000,6265.526
5313.664,2000,6084.643,5363.038,2000,6270.754,5219.436,2000,6169.965,5319.111,2000,6178.203,5262.407,2000,6264.444
5313.88,2000,6083.582,5362.793,2000,6269.699,5219.446,2000,6168.881,5319.048,2000,6177.122,5262.49,2000,6263.364
5314.095,2000,6082.52,5362.518,2000,6268.651,5219.42,2000,6167.798,5319.021,2000,6176.039,5262.609,2000,6262.287
5314.311,2000,6081.458,5362.245,2000,6267.603,5219.359,2000,6166.717,5319.028,2000,6174.955,5262.763,2000,6261.215
5314.526,2000,6080.397,5362.006,2000,6266.546,5219.333,2000,6165.634,5319.001,2000,6173.872,5262.881,2000,6260.138
5314.742,2000,6079.335,5361.803,2000,6265.482,5219.343,2000,6164.55,5318.949,2000,6172.79,5262.964,2000,6259.058
5315.114,2000,6078.318,5361.634,2000,6264.412,5219.317,2000,6163.467,5318.933,2000,6171.707,5263.012,2000,6257.976
5315.486,2000,6077.3,5361.5,2000,6263.337,5219.256,2000,6162.386,5318.952,2000,6170.624,5263.024,2000,6256.892
5315.858,2000,6076.283,5361.402,2000,6262.258,5219.23,2000,6161.303,5318.935,2000,6169.541,5263.001,2000,6255.809
5316.23,2000,6075.265,5361.339,2000,6261.176,5219.24,2000,6160.219,5318.899,2000,6168.458,5262.943,2000,6254.728
5316.602,2000,6074.248,5361.312,2000,6260.093,5219.214,2000,6159.136,5318.899,2000,6167.375,5262.849,2000,6253.648
5316.974,2000,6073.23,5361.32,2000,6259.01,5219.224,2000,6158.053,5318.872,2000,6166.292,5262.72,2000,6252.573
5317.346,2000,6072.212,5361.363,2000,6257.927,5219.198,2000,6156.97,5318.881,2000,6165.208,5262.556,2000,6251.502
5317.718,2000,6071.195,5361.442,2000,6256.847,5219.208,2000,6155.886,5318.863,2000,6164.125,5262.356,2000,6250.437
5318.09,2000,6070.177,5361.556,2000,6255.77,5219.182,2000,6154.803,5318.88,2000,6163.042,5262.123,2000,6249.379
5318.462,2000,6069.16,5361.706,2000,6254.696,5219.191,2000,6153.72,5318.871,2000,6161.959,5261.854,2000,6248.33
5318.833,2000,6068.142,5361.82,2000,6253.619,5219.236,2000,6152.637,5318.866,2000,6160.875,5261.62,2000,6247.272
5319.206,2000,6067.125,5361.898,2000,6252.539,5219.246,2000,6151.554,5318.897,2000,6159.792,5261.421,2000,6246.208
5319.577,2000,6066.107,5361.942,2000,6251.456,5219.22,2000,6150.471,5318.963,2000,6158.711,5261.257,2000,6245.137
5319.949,2000,6065.089,5361.95,2000,6250.373,5219.23,2000,6149.387,5318.994,2000,6157.628,5261.127,2000,6244.061
5320.321,2000,6064.072,5361.922,2000,6249.29,5219.275,2000,6148.305,5319.005,2000,6156.544,5261.034,2000,6242.982
5320.693,2000,6063.054,5361.859,2000,6248.208,5219.355,2000,6147.224,5319.021,2000,6155.461,5260.975,2000,6241.9
5321.064,2000,6062.037,5361.761,2000,6247.129,5219.471,2000,6146.147,5319.04,2000,6154.378,5260.952,2000,6240.817
5321.437,2000,6061.019,5361.627,2000,6246.054,5219.552,2000,6145.066,5319.095,2000,6153.296,5260.964,2000,6239.734
5321.809,2000,6060.001,5361.459,2000,6244.983,5219.597,2000,6143.984,5319.186,2000,6152.217,5261.012,2000,6238.651
5322.18,2000,6058.984,5361.255,2000,6243.919,5219.606,2000,6142.9,5319.311,2000,6151.141,5261.095,2000,6237.571
5322.552,2000,6057.966,5361.031,2000,6242.859,5219.651,2000,6141.818,5319.401,2000,6150.061,5261.214,2000,6236.495
5322.924,2000,6056.949,5360.811,2000,6241.799,5219.732,2000,6140.737,5319.457,2000,6148.979,5261.368,2000,6235.422
5323.296,2000,6055.931,5360.625,2000,6240.731,5219.848,2000,6139.66,5319.498,2000,6147.896,5261.486,2000,6234.346
5323.667,2000,6054.914,5360.474,2000,6239.659,5219.928,2000,6138.58,5319.574,2000,6146.816,5261.569,2000,6233.266
5324.04,2000,6053.896,5360.358,2000,6238.582,5219.973,2000,6137.497,5319.685,2000,6145.738,5261.617,2000,6232.183
5324.411,2000,6052.878,5360.277,2000,6237.501,5220.054,2000,6136.417,5319.761,2000,6144.658,5261.629,2000,6231.1
5324.783,2000,6051.861,5360.232,2000,6236.418,5220.169,2000,6135.339,5319.816,2000,6143.576,5261.606,2000,6230.017
5325.155,2000,6050.843,5360.223,2000,6235.335,5220.25,2000,6134.259,5319.906,2000,6142.496,5261.548,2000,6228.935
5325.527,2000,6049.826,5360.249,2000,6234.252,5220.295,2000,6133.176,5320.032,2000,6141.42,5261.454,2000,6227.856
5325.898,2000,6048.808,5360.31,2000,6233.17,5220.375,2000,6132.096,5320.122,2000,6140.34,5261.325,2000,6226.78
5326.271,2000,6047.791,5360.407,2000,6232.091,5220.491,2000,6131.019,5320.19,2000,6139.259,5261.161,2000,6225.709
5326.643,2000,6046.773,5360.539,2000,6231.016,5220.642,2000,6129.946,5320.262,2000,6138.178,5260.961,2000,6224.645
5327.014,2000,6045.755,5360.706,2000,6229.946,5220.758,2000,6128.869,5320.37,2000,6137.1,5260.728,2000,6223.587
5327.386,2000,6044.738,5360.837,2000,6228.871,5220.838,2000,6127.788,5320.512,2000,6136.026,5260.528,2000,6222.522
5327.758,2000,6043.72,5360.934,2000,6227.792,5220.954,2000,6126.711,5320.62,2000,6134.948,5260.364,2000,6221.451
5328.13,2000,6042.703,5360.996,2000,6226.71,5221.105,2000,6125.638,5320.704,2000,6133.868,5260.235,2000,6220.375
5328.501,2000,6041.685,5361.021,2000,6225.627,5221.221,2000,6124.561,5320.824,2000,6132.792,5260.141,2000,6219.296
5328.874,2000,6040.667,5361.012,2000,6224.543,5221.301,2000,6123.48,5320.979,2000,6131.719,5260.083,2000,6218.215
5329.245,2000,6039.65,5360.967,2000,6223.461,5221.417,2000,6122.403,5321.098,2000,6130.643,5260.06,2000,6217.132
5329.617,2000,6038.632,5360.886,2000,6222.38,5221.568,2000,6121.331,5321.195,2000,6129.563,5260.072,2000,6216.048
5329.989,2000,6037.615,5360.771,2000,6221.303,5221.684,2000,6120.253,5321.327,2000,6128.488,5260.12,2000,6214.966
5330.361,2000,6036.597,5360.62,2000,6220.23,5221.764,2000,6119.173,5321.494,2000,6127.418,5260.203,2000,6213.886
5330.732,2000,6035.58,5360.443,2000,6219.162,5221.88,2000,6118.096,5321.625,2000,6126.343,5260.321,2000,6212.809
5331.104,2000,6034.562,5360.271,2000,6218.092,5222.031,2000,6117.023,5321.734,2000,6125.265,5260.475,2000,6211.737
5331.477,2000,6033.544,5360.132,2000,6217.018,5222.217,2000,6115.956,5321.845,2000,6124.187,5260.594,2000,6210.66
5331.848,2000,6032.527,5360.03,2000,6215.939,5222.368,2000,6114.883,5321.992,2000,6123.114,5260.677,2000,6209.58
5332.22,2000,6031.509,5359.962,2000,6214.858,5222.483,2000,6113.806,5322.173,2000,6122.046,5260.725,2000,6208.498
5332.592,2000,6030.492,5359.93,2000,6213.775,5222.634,2000,6112.733,5322.32,2000,6120.973,5260.737,2000,6207.414
5332.964,2000,6029.474,5359.934,2000,6212.691,5222.82,2000,6111.666,5322.442,2000,6119.896,5260.714,2000,6206.331
5333.335,2000,6028.457,5359.973,2000,6211.609,5222.971,2000,6110.593,5322.599,2000,6118.824,5260.655,2000,6205.25
5333.708,2000,6027.439,5360.047,2000,6210.528,5223.087,2000,6109.516,5322.792,2000,6117.758,5260.562,2000,6204.17
5334.079,2000,6026.421,5360.156,2000,6209.451,5223.238,2000,6108.443,5322.949,2000,6116.687,5260.432,2000,6203.095
5334.451,2000,6025.404,5360.301,2000,6208.377,5223.424,2000,6107.375,5323.071,2000,6115.61,5260.268,2000,6202.024
5334.823,2000,6024.386,5360.481,2000,6207.309,5223.575,2000,6106.303,5323.228,2000,6114.538,5260.139,2000,6200.948
5335.195,2000,6023.369,5360.696,2000,6206.247,5223.69,2000,6105.226,5323.42,2000,6113.472,5260.045,2000,6199.869
5335.567,2000,6022.351,5360.945,2000,6205.192,5223.841,2000,6104.153,5323.578,2000,6112.4,5259.986,2000,6198.788
5335.938,2000,6021.333,5361.16,2000,6204.13,5224.027,2000,6103.085,5323.721,2000,6111.327,5259.963,2000,6197.705
5336.311,2000,6020.316,5361.34,2000,6203.062,5224.248,2000,6102.025,5323.866,2000,6110.253,5259.976,2000,6196.621
5336.682,2000,6019.298,5361.485,2000,6201.988,5224.434,2000,6100.958,5324.047,2000,6109.185,5260.023,2000,6195.539
5337.054,2000,6018.281,5361.594,2000,6200.911,5224.585,2000,6099.885,5324.263,2000,6108.123,5260.106,2000,6194.458
5337.426,2000,6017.263,5361.668,2000,6199.83,5224.771,2000,6098.817,5324.443,2000,6107.055,5260.225,2000,6193.382
5337.798,2000,6016.246,5361.778,2000,6198.752,5224.992,2000,6097.757,5324.589,2000,6105.981,5260.379,2000,6192.31
5338.169,2000,6015.228,5361.923,2000,6197.679,5225.178,2000,6096.689,5324.77,2000,6104.913,5260.567,2000,6191.243
5338.542,2000,6014.21,5362.103,2000,6196.61,5225.329,2000,6095.617,5324.985,2000,6103.851,5260.791,2000,6190.183
5338.913,2000,6013.193,5362.317,2000,6195.548,5225.444,2000,6094.54,5325.236,2000,6102.797,5261.049,2000,6189.13
5339.285,2000,6012.175,5362.567,2000,6194.494,5225.595,2000,6093.467,5325.452,2000,6101.735,5261.341,2000,6188.087
5339.657,2000,6011.158,5362.851,2000,6193.449,5225.781,2000,6092.399,5325.632,2000,6100.667,5261.667,2000,6187.054
5340.029,2000,6010.14,5363.168,2000,6192.413,5226.002,2000,6091.339,5325.778,2000,6099.593,5262.027,2000,6186.032
5340.401,2000,6009.123,5363.452,2000,6191.368,5226.257,2000,6090.286,5325.948,2000,6098.523,5262.42,2000,6185.023
5340.772,2000,6008.105,5363.702,2000,6190.313,5226.547,2000,6089.242,5326.121,2000,6097.454,5262.846,2000,6184.027
5341.293,2000,6007.155,5363.917,2000,6189.251,5226.802,2000,6088.189,5326.329,2000,6096.391,5263.285,2000,6183.036
5341.813,2000,6006.205,5364.096,2000,6188.183,5227.023,2000,6087.129,5326.572,2000,6095.335,5263.725,2000,6182.046
5342.334,2000,6005.254,5364.241,2000,6187.109,5227.209,2000,6086.062,5326.849,2000,6094.288,5264.165,2000,6181.056
5342.854,2000,6004.304,5364.351,2000,6186.032,5227.36,2000,6084.989,5327.16,2000,6093.25,5264.605,2000,6180.066
5343.375,2000,6003.354,5364.496,2000,6184.958,5227.546,2000,6083.921,5327.437,2000,6092.203,5265.013,2000,6179.062
5343.896,2000,6002.404,5364.675,2000,6183.89,5227.767,2000,6082.861,5327.679,2000,6091.147,5265.387,2000,6178.045
5344.416,2000,6001.454,5364.89,2000,6182.828,5228.022,2000,6081.808,5327.887,2000,6090.084,5265.728,2000,6177.017
5344.937,2000,6000.503,5365.14,2000,6181.773,5228.312,2000,6080.764,5328.06,2000,6089.015,5266.035,2000,6175.978
5345.457,2000,5999.553,5365.423,2000,6180.728,5228.635,2000,6079.73,5328.198,2000,6087.94,5266.308,2000,6174.93
5345.978,2000,5998.603,5365.741,2000,6179.692,5228.925,2000,6078.687,5328.371,2000,6086.871,5266.547,2000,6173.873
5346.498,2000,5997.653,5366.093,2000,6178.667,5229.18,2000,6077.634,5328.579,2000,6085.808,5266.751,2000,6172.809
5347.019,2000,5996.703,5366.478,2000,6177.655,5229.401,2000,6076.573,5328.821,2000,6084.752,5266.92,2000,6171.739
5347.539,2000,5995.752,5366.896,2000,6176.655,5229.587,2000,6075.506,5329.098,2000,6083.705,5267.054,2000,6170.664
5348.06,2000,5994.802,5367.28,2000,6175.643,5229.738,2000,6074.433,5329.409,2000,6082.667,5267.223,2000,6169.594
5348.58,2000,5993.852,5367.632,2000,6174.618,5229.924,2000,6073.366,5329.686,2000,6081.62,5267.427,2000,6168.53
5349.101,2000,5992.902,5367.95,2000,6173.582,5230.145,2000,6072.305,5329.929,2000,6080.564,5267.666,2000,6167.474
5349.621,2000,5991.952,5368.233,2000,6172.537,5230.4,2000,6071.252,5330.16,2000,6079.506,5267.938,2000,6166.425
5350.141,2000,5991.001,5368.483,2000,6171.482,5230.689,2000,6070.208,5330.395,2000,6078.449,5268.246,2000,6165.386
5350.661,2000,5990.051,5368.698,2000,6170.42,5231.013,2000,6069.175,5330.634,2000,6077.392,5268.586,2000,6164.358
5351.181,2000,5989.101,5368.877,2000,6169.352,5231.303,2000,6068.131,5330.907,2000,6076.344,5268.961,2000,6163.341
5351.702,2000,5988.151,5369.022,2000,6168.278,5231.558,2000,6067.078,5331.214,2000,6075.305,5269.369,2000,6162.337
5352.222,2000,5987.201,5369.202,2000,6167.21,5231.779,2000,6066.018,5331.555,2000,6074.276,5269.743,2000,6161.321
5352.742,2000,5986.25,5369.417,2000,6166.148,5232.034,2000,6064.965,5331.862,2000,6073.237,5270.084,2000,6160.292
5353.262,2000,5985.3,5369.667,2000,6165.094,5232.324,2000,6063.921,5332.135,2000,6072.189,5270.391,2000,6159.253
5353.783,2000,5984.35,5369.95,2000,6164.048,5232.647,2000,6062.887,5332.391,2000,6071.136,5270.664,2000,6158.205
5354.303,2000,5983.4,5370.268,2000,6163.013,5233.005,2000,6061.864,5332.65,2000,6070.084,5270.903,2000,6157.148
5354.823,2000,5982.45,5370.62,2000,6161.988,5233.329,2000,6060.831,5332.943,2000,6069.042,5271.107,2000,6156.084
5355.343,2000,5981.5,5371.004,2000,6160.975,5233.618,2000,6059.787,5333.271,2000,6068.009,5271.276,2000,6155.015
5355.864,2000,5980.549,5371.422,2000,6159.976,5233.874,2000,6058.734,5333.632,2000,6066.987,5271.41,2000,6153.939
5356.384,2000,5979.599,5371.807,2000,6158.963,5234.163,2000,6057.69,5333.96,2000,6065.955,5271.579,2000,6152.87
5356.904,2000,5978.649,5372.159,2000,6157.938,5234.487,2000,6056.656,5334.253,2000,6064.912,5271.783,2000,6151.806
5357.424,2000,5977.699,5372.477,2000,6156.902,5234.844,2000,6055.633,5334.528,2000,6063.864,5272.021,2000,6150.749
5357.944,2000,5976.749,5372.76,2000,6155.857,5235.235,2000,6054.623,5334.807,2000,6062.817,5272.294,2000,6149.701
5358.465,2000,5975.798,5373.01,2000,6154.803,5235.592,2000,6053.6,5335.119,2000,6061.78,5272.602,2000,6148.662
5358.985,2000,5974.848,5373.225,2000,6153.741,5235.916,2000,6052.566,5335.465,2000,6060.753,5272.942,2000,6147.633
5359.505,2000,5973.898,5373.404,2000,6152.672,5236.206,2000,6051.522,5335.845,2000,6059.739,5273.317,2000,6146.617
5360.025,2000,5972.948,5373.549,2000,6151.599,5236.461,2000,6050.47,5336.257,2000,6058.737,5273.725,2000,6145.613
5360.546,2000,5971.998,5373.659,2000,6150.521,5236.75,2000,6049.426,5336.637,2000,6057.722,5274.165,2000,6144.623
5361.066,2000,5971.047,5373.804,2000,6149.447,5237.074,2000,6048.392,5336.983,2000,6056.696,5274.573,2000,6143.619
5361.586,2000,5970.097,5373.983,2000,6148.379,5237.432,2000,6047.369,5337.295,2000,6055.659,5274.947,2000,6142.603
5362.106,2000,5969.147,5374.198,2000,6147.317,5237.822,2000,6046.359,5337.574,2000,6054.612,5275.288,2000,6141.574
5362.627,2000,5968.197,5374.448,2000,6146.263,5238.246,2000,6045.362,5337.817,2000,6053.556,5275.595,2000,6140.535
5363.147,2000,5967.247,5374.731,2000,6145.217,5238.636,2000,6044.352,5338.096,2000,6052.509,5275.868,2000,6139.487
5363.667,2000,5966.296,5375.049,2000,6144.182,5238.994,2000,6043.329,5338.408,2000,6051.472,5276.107,2000,6138.43
5364.188,2000,5965.346,5375.401,2000,6143.157,5239.317,2000,6042.295,5338.754,2000,6050.446,5276.311,2000,6137.366
5364.708,2000,5964.396,5375.786,2000,6142.144,5239.607,2000,6041.251,5339.134,2000,6049.431,5276.48,2000,6136.296
5365.228,2000,5963.446,5376.204,2000,6141.145,5239.862,2000,6040.198,5339.546,2000,6048.429,5276.614,2000,6135.221
5365.748,2000,5962.496,5376.654,2000,6140.159,5240.152,2000,6039.154,5339.926,2000,6047.415,5276.712,2000,6134.143
5366.269,2000,5961.545,5377.136,2000,6139.189,5240.476,2000,6038.121,5340.272,2000,6046.388,5276.846,2000,6133.067
5366.789,2000,5960.595,5377.65,2000,6138.235,5240.833,2000,6037.098,5340.584,2000,6045.351,5277.015,2000,6131.998
5367.309,2000,5959.645,5378.132,2000,6137.265,5241.224,2000,6036.087,5340.904,2000,6044.316,5277.219,2000,6130.934
5367.829,2000,5958.695,5378.583,2000,6136.28,5241.647,2000,6035.09,5341.227,2000,6043.282,5277.458,2000,6129.877
5368.35,2000,5957.745,5379,2000,6135.28,5242.038,2000,6034.08,5341.583,2000,6042.259,5277.731,2000,6128.829
5368.87,2000,5956.794,5379.385,2000,6134.268,5242.395,2000,6033.057,5341.972,2000,6041.248,5278.038,2000,6127.79
5369.39,2000,5955.844,5379.737,2000,6133.243,5242.719,2000,6032.023,5342.395,2000,6040.25,5278.379,2000,6126.761
5369.91,2000,5954.894,5380.055,2000,6132.207,5243.076,2000,6031,5342.784,2000,6039.24,5278.753,2000,6125.745
5370.43,2000,5953.944,5380.338,2000,6131.162,5243.467,2000,6029.99,5343.14,2000,6038.217,5279.161,2000,6124.741
5370.951,2000,5952.994,5380.588,2000,6130.107,5243.89,2000,6028.993,5343.474,2000,6037.186,5279.602,2000,6123.751
5371.471,2000,5952.043,5380.803,2000,6129.045,5244.281,2000,6027.983,5343.841,2000,6036.167,5280.074,2000,6122.776
5371.991,2000,5951.093,5381.052,2000,6127.991,5244.638,2000,6026.96,5344.242,2000,6035.16,5280.578,2000,6121.817
5372.511,2000,5950.143,5381.336,2000,6126.946,5244.962,2000,6025.926,5344.675,2000,6034.167,5281.089,2000,6120.862
5373.032,2000,5949.193,5381.654,2000,6125.91,5245.319,2000,6024.903,5345.075,2000,6033.16,5281.6,2000,6119.907
5373.552,2000,5948.243,5382.005,2000,6124.885,5245.71,2000,6023.893,5345.442,2000,6032.141,5282.111,2000,6118.952
5374.072,2000,5947.292,5382.39,2000,6123.873,5246.133,2000,6022.896,5345.776,2000,6031.11,5282.623,2000,6117.997
5374.592,2000,5946.342,5382.808,2000,6122.873,5246.524,2000,6021.886,5346.144,2000,6030.091,5283.103,2000,6117.025
5375.113,2000,5945.392,5383.258,2000,6121.888,5246.881,2000,6020.863,5346.544,2000,6029.084,5283.55,2000,6116.039
5375.633,2000,5944.442,5383.741,2000,6120.917,5247.272,2000,6019.853,5346.911,2000,6028.065,5283.966,2000,6115.039
5376.153,2000,5943.492,5384.254,2000,6119.964,5247.629,2000,6018.83,5347.312,2000,6027.059,5284.348,2000,6114.025
5376.673,2000,5942.542,5384.799,2000,6119.027,5248.02,2000,6017.819,5347.679,2000,6026.04,5284.764,2000,6113.024
5377.193,2000,5941.591,5385.313,2000,6118.074,5248.377,2000,6016.796,5348.079,2000,6025.033,5285.211,2000,6112.038
5377.714,2000,5940.641,5385.795,2000,6117.104,5248.768,2000,6015.786,5348.446,2000,6024.014,5285.691,2000,6111.067
5378.372,2000,5939.78,5386.245,2000,6116.118,5249.191,2000,6014.789,5348.805,2000,6022.992,5286.203,2000,6110.112
5379.029,2000,5938.919,5386.663,2000,6115.119,5249.582,2000,6013.779,5349.197,2000,6021.982,5286.718,2000,6109.159
5379.687,2000,5938.059,5387.048,2000,6114.106,5249.939,2000,6012.756,5349.622,2000,6020.985,5287.235,2000,6108.207
5380.345,2000,5937.198,5387.466,2000,6113.106,5250.33,2000,6011.746,5350.014,2000,6019.976,5287.72,2000,6107.238
5381.002,2000,5936.337,5387.916,2000,6112.121,5250.753,2000,6010.749,5350.387,2000,6018.958,5288.173,2000,6106.254
5381.66,2000,5935.476,5388.398,2000,6111.151,5251.144,2000,6009.738,5350.792,2000,6017.954,5288.593,2000,6105.256
5382.318,2000,5934.615,5388.912,2000,6110.197,5251.501,2000,6008.715,5351.231,2000,6016.963,5288.981,2000,6104.244
5382.976,2000,5933.754,5389.395,2000,6109.227,5251.892,2000,6007.705,5351.637,2000,6015.959,5289.401,2000,6103.246
5383.633,2000,5932.894,5389.845,2000,6108.242,5252.315,2000,6006.708,5352.022,2000,6014.947,5289.854,2000,6102.262
5384.291,2000,5932.033,5390.263,2000,6107.242,5252.771,2000,6005.725,5352.412,2000,6013.936,5290.339,2000,6101.293
5384.949,2000,5931.172,5390.647,2000,6106.229,5253.195,2000,6004.728,5352.834,2000,6012.938,5290.856,2000,6100.341
5385.606,2000,5930.311,5391.065,2000,6105.23,5253.585,2000,6003.718,5353.289,2000,6011.955,5291.341,2000,6099.372
5386.264,2000,5929.45,5391.516,2000,6104.245,5254.009,2000,6002.721,5353.711,2000,6010.958,5291.794,2000,6098.388
5386.922,2000,5928.589,5391.998,2000,6103.274,5254.465,2000,6001.738,5354.113,2000,6009.952,5292.214,2000,6097.39
5387.58,2000,5927.729,5392.512,2000,6102.321,5254.888,2000,6000.741,5354.548,2000,6008.959,5292.602,2000,6096.378
5388.237,2000,5926.868,5392.994,2000,6101.351,5255.279,2000,5999.73,5355.015,2000,6007.982,5293.022,2000,6095.379
5388.895,2000,5926.007,5393.444,2000,6100.365,5255.702,2000,5998.733,5355.449,2000,6006.99,5293.476,2000,6094.396
5389.553,2000,5925.146,5393.862,2000,6099.366,5256.158,2000,5997.75,5355.863,2000,6005.988,5293.96,2000,6093.427
5390.21,2000,5924.285,5394.247,2000,6098.353,5256.646,2000,5996.783,5356.279,2000,6004.988,5294.477,2000,6092.475
5390.868,2000,5923.424,5394.665,2000,6097.354,5257.102,2000,5995.8,5356.729,2000,6004.002,5294.962,2000,6091.506
5391.526,2000,5922.563,5395.115,2000,6096.368,5257.525,2000,5994.803,5357.21,2000,6003.032,5295.415,2000,6090.522
5392.184,2000,5921.703,5395.598,2000,6095.398,5257.981,2000,5993.82,5357.659,2000,6002.046,5295.835,2000,6089.523
5392.841,2000,5920.842,5396.111,2000,6094.444,5258.469,2000,5992.853,5358.087,2000,6001.051,5296.223,2000,6088.512
5393.499,2000,5919.981,5396.594,2000,6093.474,5258.925,2000,5991.87,5358.547,2000,6000.07,5296.644,2000,6087.513
5394.157,2000,5919.12,5397.044,2000,6092.489,5259.349,2000,5990.873,5359.039,2000,5999.104,5297.097,2000,6086.529
5394.814,2000,5918.259,5397.462,2000,6091.489,5259.805,2000,5989.89,5359.499,2000,5998.124,5297.582,2000,6085.561
5395.472,2000,5917.398,5397.847,2000,6090.477,5260.292,2000,5988.923,5359.937,2000,5997.133,5298.098,2000,6084.608
5396.13,2000,5916.538,5398.265,2000,6089.477,5260.749,2000,5987.94,5360.407,2000,5996.157,5298.583,2000,6083.64
5396.788,2000,5915.677,5398.715,2000,6088.492,5261.172,2000,5986.943,5360.909,2000,5995.197,5299.036,2000,6082.656
5397.445,2000,5914.816,5399.197,2000,6087.521,5261.628,2000,5985.96,5361.379,2000,5994.221,5299.457,2000,6081.657
5398.103,2000,5913.955,5399.711,2000,6086.568,5262.116,2000,5984.993,5361.827,2000,5993.234,5299.844,2000,6080.646
5398.761,2000,5913.094,5400.193,2000,6085.598,5262.635,2000,5984.042,5362.278,2000,5992.249,5300.265,2000,6079.647
5399.418,2000,5912.233,5400.644,2000,6084.612,5263.123,2000,5983.075,5362.761,2000,5991.279,5300.718,2000,6078.663
5400.076,2000,5911.373,5401.062,2000,6083.613,5263.579,2000,5982.092,5363.275,2000,5990.326,5301.203,2000,6077.694
5400.734,2000,5910.512,5401.446,2000,6082.6,5264.066,2000,5981.125,5363.758,2000,5989.356,5301.719,2000,6076.742
5401.392,2000,5909.651,5401.864,2000,6081.601,5264.585,2000,5980.174,5364.218,2000,5988.375,5302.204,2000,6075.773
5402.049,2000,5908.79,5402.314,2000,6080.615,5265.073,2000,5979.207,5364.709,2000,5987.41,5302.657,2000,6074.79
5402.707,2000,5907.929,5402.797,2000,6079.645,5265.529,2000,5978.224,5365.232,2000,5986.461,5303.078,2000,6073.791
5403.364,2000,5907.068,5403.311,2000,6078.691,5266.017,2000,5977.256,5365.724,2000,5985.496,5303.465,2000,6072.779
5404.021,2000,5906.208,5403.793,2000,6077.721,5266.536,2000,5976.306,5366.193,2000,5984.519,5303.886,2000,6071.781
5404.679,2000,5905.347,5404.243,2000,6076.736,5267.024,2000,5975.338,5366.693,2000,5983.558,5304.339,2000,6070.797
5405.336,2000,5904.486,5404.661,2000,6075.736,5267.543,2000,5974.388,5367.167,2000,5982.583,5304.824,2000,6069.828
5405.994,2000,5903.625,5405.046,2000,6074.724,5268.031,2000,5973.42,5367.671,2000,5981.625,5305.34,2000,6068.876
5406.651,2000,5902.764,5405.464,2000,6073.724,5268.487,2000,5972.438,5368.208,2000,5980.684,5305.825,2000,6067.907
5407.308,2000,5901.903,5405.914,2000,6072.739,5268.975,2000,5971.47,5368.712,2000,5979.725,5306.278,2000,6066.923
5407.965,2000,5901.042,5406.396,2000,6071.769,5269.494,2000,5970.52,5369.194,2000,5978.754,5306.699,2000,6065.925
5408.623,2000,5900.182,5406.91,2000,6070.815,5270.043,2000,5969.586,5369.677,2000,5977.785,5307.086,2000,6064.913
5409.28,2000,5899.321,5407.455,2000,6069.878,5270.563,2000,5968.635,5370.192,2000,5976.832,5307.441,2000,6063.889
5409.938,2000,5898.46,5407.968,2000,6068.925,5271.05,2000,5967.668,5370.738,2000,5975.896,5307.829,2000,6062.877
5410.595,2000,5897.599,5408.451,2000,6067.955,5271.569,2000,5966.717,5371.253,2000,5974.943,5308.249,2000,6061.879
5411.252,2000,5896.738,5408.901,2000,6066.969,5272.119,2000,5965.784,5371.745,2000,5973.978,5308.702,2000,6060.895
5411.91,2000,5895.877,5409.319,2000,6065.97,5272.638,2000,5964.833,5372.267,2000,5973.028,5309.187,2000,6059.926
5412.567,2000,5895.017,5409.704,2000,6064.957,5273.126,2000,5963.866,5372.82,2000,5972.097,5309.704,2000,6058.974
5413.224,2000,5894.156,5410.122,2000,6063.958,5273.645,2000,5962.915,5373.343,2000,5971.147,5310.251,2000,6058.039
5413.882,2000,5893.295,5410.572,2000,6062.972,5274.195,2000,5961.981,5373.834,2000,5970.182,5310.827,2000,6057.122
5414.539,2000,5892.434,5411.054,2000,6062.002,5274.714,2000,5961.031,5374.356,2000,5969.232,5311.373,2000,6056.186
5415.196,2000,5891.573,5411.568,2000,6061.048,5275.202,2000,5960.063,5374.91,2000,5968.301,5311.888,2000,6055.233
5415.854,2000,5890.712,5412.112,2000,6060.112,5275.721,2000,5959.113,5375.432,2000,5967.352,5312.372,2000,6054.264
5416.511,2000,5889.852,5412.688,2000,6059.194,5276.271,2000,5958.179,5375.923,2000,5966.386,5312.824,2000,6053.279
5417.168,2000,5888.991,5413.292,2000,6058.295,5276.79,2000,5957.229,5376.446,2000,5965.437,5313.308,2000,6052.31
5417.826,2000,5888.13,5413.926,2000,6057.417,5277.277,2000,5956.261,5376.999,2000,5964.505,5313.823,2000,6051.356
5418.483,2000,5887.269,5414.588,2000,6056.559,5277.796,2000,5955.311,5377.521,2000,5963.556,5314.369,2000,6050.421
5419.14,2000,5886.408,5415.222,2000,6055.681,5278.346,2000,5954.377,5378.034,2000,5962.601,5314.945,2000,6049.503
5419.798,2000,5885.547,5415.826,2000,6054.782,5278.926,2000,5953.462,5378.548,2000,5961.647,5315.528,2000,6048.59
5420.455,2000,5884.687,5416.401,2000,6053.864,5279.476,2000,5952.528,5379.094,2000,5960.711,5316.111,2000,6047.678
5421.112,2000,5883.826,5416.946,2000,6052.927,5279.995,2000,5951.578,5379.669,2000,5959.793,5316.695,2000,6046.765
5421.77,2000,5882.965,5417.459,2000,6051.974,5280.545,2000,5950.644,5380.215,2000,5958.857,5317.28,2000,6045.853
5422.427,2000,5882.104,5417.942,2000,6051.003,5281.125,2000,5949.729,5380.735,2000,5957.907,5317.865,2000,6044.941
5423.084,2000,5881.243,5418.392,2000,6050.018,5281.675,2000,5948.795,5381.287,2000,5956.975,5318.45,2000,6044.029
5423.742,2000,5880.382,5418.81,2000,6049.019,5282.194,2000,5947.845,5381.868,2000,5956.061,5319.036,2000,6043.118
5424.399,2000,5879.521,5419.26,2000,6048.033,5282.744,2000,5946.911,5382.419,2000,5955.128,5319.592,2000,6042.188
5425.178,2000,5878.769,5419.743,2000,6047.063,5283.324,2000,5945.996,5382.94,2000,5954.178,5320.117,2000,6041.24
5425.957,2000,5878.016,5420.256,2000,6046.109,5283.874,2000,5945.063,5383.491,2000,5953.245,5320.61,2000,6040.276
5426.735,2000,5877.263,5420.801,2000,6045.173,5284.393,2000,5944.112,5384.073,2000,5952.331,5321.072,2000,6039.296
5427.514,2000,5876.51,5421.376,2000,6044.255,5284.942,2000,5943.178,5384.624,2000,5951.398,5321.502,2000,6038.301
5428.293,2000,5875.757,5421.98,2000,6043.356,5285.522,2000,5942.263,5385.145,2000,5950.448,5321.964,2000,6037.321
5429.072,2000,5875.004,5422.614,2000,6042.478,5286.072,2000,5941.33,5385.696,2000,5949.516,5322.458,2000,6036.357
5429.851,2000,5874.251,5423.219,2000,6041.579,5286.591,2000,5940.379,5386.277,2000,5948.602,5322.982,2000,6035.409
5430.629,2000,5873.498,5423.794,2000,6040.661,5287.141,2000,5939.445,5386.829,2000,5947.669,5323.538,2000,6034.479
5431.408,2000,5872.745,5424.338,2000,6039.724,5287.721,2000,5938.53,5387.38,2000,5946.736,5324.124,2000,6033.568
5432.187,2000,5871.992,5424.852,2000,6038.771,5288.271,2000,5937.597,5387.961,2000,5945.822,5324.725,2000,6032.667
5432.966,2000,5871.239,5425.334,2000,6037.8,5288.851,2000,5936.682,5388.518,2000,5944.893,5325.327,2000,6031.766
5433.745,2000,5870.486,5425.848,2000,6036.847,5289.461,2000,5935.786,5389.044,2000,5943.946,5325.931,2000,6030.866
5434.523,2000,5869.733,5426.393,2000,6035.91,5290.041,2000,5934.871,5389.601,2000,5943.017,5326.535,2000,6029.967
5435.302,2000,5868.98,5426.968,2000,6034.992,5290.591,2000,5933.938,5390.188,2000,5942.106,5327.141,2000,6029.069
5436.081,2000,5868.228,5427.572,2000,6034.093,5291.11,2000,5932.987,5390.804,2000,5941.215,5327.747,2000,6028.171
5436.86,2000,5867.475,5428.206,2000,6033.215,5291.66,2000,5932.053,5391.391,2000,5940.304,5328.354,2000,6027.274
5437.639,2000,5866.722,5428.868,2000,6032.357,5292.24,2000,5931.138,5391.947,2000,5939.375,5328.963,2000,6026.378
5438.417,2000,5865.969,5429.502,2000,6031.479,5292.85,2000,5930.243,5392.524,2000,5938.458,5329.572,2000,6025.483
5439.196,2000,5865.216,5430.106,2000,6030.58,5293.488,2000,5929.368,5393.104,2000,5937.542,5330.183,2000,6024.588
5439.975,2000,5864.463,5430.682,2000,6029.662,5294.098,2000,5928.472,5393.712,2000,5936.646,5330.795,2000,6023.694
5440.754,2000,5863.71,5431.226,2000,6028.726,5294.678,2000,5927.557,5394.351,2000,5935.771,5331.408,2000,6022.8
5441.533,2000,5862.957,5431.801,2000,6027.808,5295.288,2000,5926.662,5394.959,2000,5934.875,5331.991,2000,6021.887
5442.312,2000,5862.204,5432.406,2000,6026.909,5295.927,2000,5925.787,5395.539,2000,5933.959,5332.543,2000,6020.956
5443.09,2000,5861.451,5433.04,2000,6026.03,5296.537,2000,5924.891,5396.148,2000,5933.063,5333.126,2000,6020.042
5443.869,2000,5860.698,5433.644,2000,6025.131,5297.117,2000,5923.976,5396.786,2000,5932.188,5333.739,2000,6019.149
5444.648,2000,5859.945,5434.278,2000,6024.253,5297.727,2000,5923.081,5397.395,2000,5931.292,5334.357,2000,6018.259
5445.427,2000,5859.192,5434.882,2000,6023.354,5298.365,2000,5922.206,5397.993,2000,5930.389,5334.977,2000,6017.37
5446.206,2000,5858.439,5435.458,2000,6022.436,5298.975,2000,5921.31,5398.621,2000,5929.505,5335.597,2000,6016.482
5446.984,2000,5857.687,5436.062,2000,6021.537,5299.555,2000,5920.395,5399.266,2000,5928.635,5336.218,2000,6015.594
5447.763,2000,5856.934,5436.696,2000,6020.659,5300.165,2000,5919.5,5399.882,2000,5927.744,5336.84,2000,6014.708
5448.542,2000,5856.181,5437.358,2000,6019.801,5300.804,2000,5918.625,5400.469,2000,5926.833,5337.463,2000,6013.821
5449.321,2000,5855.428,5437.992,2000,6018.923,5301.471,2000,5917.771,5401.078,2000,5925.938,5338.087,2000,6012.936
5450.1,2000,5854.675,5438.596,2000,6018.024,5302.109,2000,5916.896,5401.716,2000,5925.063,5338.712,2000,6012.051
5450.878,2000,5853.922,5439.171,2000,6017.106,5302.719,2000,5916,5402.383,2000,5924.208,5339.338,2000,6011.167
5451.657,2000,5853.169,5439.776,2000,6016.207,5303.358,2000,5915.125,5403.021,2000,5923.333,5339.965,2000,6010.283
5452.436,2000,5852.416,5440.41,2000,6015.329,5304.025,2000,5914.272,5403.63,2000,5922.438,5340.563,2000,6009.379
5453.215,2000,5851.663,5441.072,2000,6014.471,5304.664,2000,5913.397,5404.269,2000,5921.563,5341.189,2000,6008.495
5453.994,2000,5850.91,5441.762,2000,6013.636,5305.273,2000,5912.501,5404.914,2000,5920.692,5341.819,2000,6007.614
5454.772,2000,5850.157,5442.479,2000,6012.824,5305.854,2000,5911.586,5405.559,2000,5919.822,5342.45,2000,6006.733
5455.551,2000,5849.404,5443.168,2000,6011.988,5306.463,2000,5910.691,5406.184,2000,5918.937,5343.081,2000,6005.853
5456.33,2000,5848.651,5443.831,2000,6011.131,5307.102,2000,5909.816,5406.811,2000,5918.054,5343.713,2000,6004.973
5457.109,2000,5847.898,5444.464,2000,6010.252,5307.769,2000,5908.962,5407.44,2000,5917.172,5344.347,2000,6004.094
5457.888,2000,5847.146,5445.069,2000,6009.354,5308.464,2000,5908.131,5408.071,2000,5916.292,5344.981,2000,6003.216
5458.667,2000,5846.393,5445.644,2000,6008.436,5309.131,2000,5907.277,5408.731,2000,5915.432,5345.616,2000,6002.338
5459.445,2000,5845.64,5446.188,2000,6007.499,5309.77,2000,5906.402,5409.418,2000,5914.595,5346.251,2000,6001.461
5460.224,2000,5844.887,5446.764,2000,6006.581,5310.379,2000,5905.507,5410.078,2000,5913.735,5346.888,2000,6000.584
5461.003,2000,5844.134,5447.368,2000,6005.682,5311.018,2000,5904.632,5410.709,2000,5912.855,5347.526,2000,5999.708
5461.782,2000,5843.381,5448.002,2000,6004.804,5311.685,2000,5903.778,5411.312,2000,5911.955,5348.164,2000,5998.833
5462.561,2000,5842.628,5448.664,2000,6003.946,5312.324,2000,5902.903,5411.943,2000,5911.074,5348.803,2000,5997.958
5463.339,2000,5841.875,5449.354,2000,6003.111,5312.934,2000,5902.008,5412.588,2000,5910.204,5349.443,2000,5997.084
5464.118,2000,5841.122,5450.071,2000,6002.299,5313.514,2000,5901.093,5413.234,2000,5909.334,5350.084,2000,5996.211
5464.897,2000,5840.369,5450.814,2000,6001.511,5314.124,2000,5900.197,5413.85,2000,5908.443,5350.726,2000,5995.338
5465.676,2000,5839.616,5451.531,2000,6000.699,5314.762,2000,5899.322,5414.496,2000,5907.573,5351.369,2000,5994.466
5466.455,2000,5838.863,5452.221,2000,5999.863,5315.429,2000,5898.469,5415.147,2000,5906.708,5352.012,2000,5993.594
5467.233,2000,5838.11,5452.883,2000,5999.006,5316.124,2000,5897.637,5415.801,2000,5905.844,5352.656,2000,5992.723
5468.012,2000,5837.357,5453.517,2000,5998.127,5316.846,2000,5896.829,5416.456,2000,5904.981,5353.301,2000,5991.853
5468.791,2000,5836.604,5454.121,2000,5997.229,5317.541,2000,5895.998,5417.139,2000,5904.14,5353.947,2000,5990.983
5469.57,2000,5835.852,5454.696,2000,5996.311,5318.208,2000,5895.144,5417.849,2000,5903.322,5354.594,2000,5990.114
5470.349,2000,5835.099,5455.241,2000,5995.374,5318.846,2000,5894.269,5418.585,2000,5902.528,5355.241,2000,5989.245
5471.127,2000,5834.346,5455.816,2000,5994.456,5319.513,2000,5893.416,5419.295,2000,5901.71,5355.889,2000,5988.377
5471.906,2000,5833.593,5456.42,2000,5993.557,5320.208,2000,5892.584,5419.979,2000,5900.869,5356.538,2000,5987.51
5472.685,2000,5832.84,5457.054,2000,5992.679,5320.93,2000,5891.776,5420.634,2000,5900.006,5357.188,2000,5986.643
5473.464,2000,5832.087,5457.716,2000,5991.821,5321.677,2000,5890.992,5421.26,2000,5899.123,5357.838,2000,5985.777
5474.243,2000,5831.334,5458.406,2000,5990.986,5322.399,2000,5890.184,5421.906,2000,5898.253,5358.49,2000,5984.911
5475.021,2000,5830.581,5459.123,2000,5990.174,5323.094,2000,5889.352,5422.552,2000,5897.383,5359.142,2000,5984.046
5475.8,2000,5829.828,5459.866,2000,5989.386,5323.761,2000,5888.499,5423.197,2000,5896.513,5359.794,2000,5983.181
5476.579,2000,5829.075,5460.635,2000,5988.622,5324.399,2000,5887.624,5423.842,2000,5895.642,5360.448,2000,5982.317
5477.358,2000,5828.322,5461.428,2000,5987.884,5325.009,2000,5886.728,5424.487,2000,5894.771,5361.102,2000,5981.454
5478.137,2000,5827.569,5462.196,2000,5987.121,5325.589,2000,5885.813,5425.16,2000,5893.922,5361.757,2000,5980.591
5478.916,2000,5826.816,5462.939,2000,5986.333,5326.139,2000,5884.879,5425.86,2000,5893.096,5362.413,2000,5979.729
5479.694,2000,5826.063,5463.656,2000,5985.521,5326.719,2000,5883.964,5426.537,2000,5892.25,5363.069,2000,5978.867
5480.473,2000,5825.31,5464.346,2000,5984.685,5327.329,2000,5883.069,5427.215,2000,5891.405,5363.727,2000,5978.006
5481.356,2000,5824.682,5465.008,2000,5983.828,5327.968,2000,5882.194,5427.895,2000,5890.562,5364.385,2000,5977.145
5482.239,2000,5824.055,5465.642,2000,5982.949,5328.635,2000,5881.34,5428.577,2000,5889.72,5365.044,2000,5976.286
5483.122,2000,5823.427,5466.247,2000,5982.05,5329.33,2000,5880.509,5429.263,2000,5888.881,5365.705,2000,5975.427
5484.004,2000,5822.8,5466.822,2000,5981.132,5330.051,2000,5879.701,5429.951,2000,5888.045,5366.367,2000,5974.57
5484.887,2000,5822.172,5467.366,2000,5980.196,5330.799,2000,5878.917,5430.642,2000,5887.21,5367.031,2000,5973.713
5485.77,2000,5821.545,5467.941,2000,5979.278,5331.572,2000,5878.157,5431.306,2000,5886.354,5367.696,2000,5972.858
5486.653,2000,5820.917,5468.546,2000,5978.379,5332.369,2000,5877.424,5431.941,2000,5885.477,5368.362,2000,5972.004
5487.536,2000,5820.29,5469.18,2000,5977.5,5333.142,2000,5876.665,5432.586,2000,5884.606,5369.03,2000,5971.151
5488.418,2000,5819.663,5469.842,2000,5976.643,5333.89,2000,5875.88,5433.231,2000,5883.736,5369.7,2000,5970.299
5489.301,2000,5819.035,5470.532,2000,5975.808,5334.611,2000,5875.072,5433.875,2000,5882.865,5370.37,2000,5969.448
5490.184,2000,5818.408,5471.249,2000,5974.996,5335.306,2000,5874.241,5434.52,2000,5881.994,5371.042,2000,5968.599
5491.067,2000,5817.78,5471.992,2000,5974.208,5335.973,2000,5873.387,5435.164,2000,5881.123,5371.715,2000,5967.75
5491.95,2000,5817.153,5472.708,2000,5973.396,5336.612,2000,5872.512,5435.835,2000,5880.273,5372.39,2000,5966.902
5492.833,2000,5816.525,5473.398,2000,5972.56,5337.222,2000,5871.617,5436.535,2000,5879.446,5373.066,2000,5966.056
5493.715,2000,5815.898,5474.061,2000,5971.703,5337.802,2000,5870.702,5437.261,2000,5878.643,5373.743,2000,5965.21
5494.598,2000,5815.271,5474.694,2000,5970.824,5338.352,2000,5869.768,5438.013,2000,5877.863,5374.422,2000,5964.365
5495.481,2000,5814.643,5475.356,2000,5969.967,5338.871,2000,5868.817,5438.739,2000,5877.059,5375.102,2000,5963.522
5496.364,2000,5814.016,5476.046,2000,5969.131,5339.42,2000,5867.884,5439.439,2000,5876.232,5375.783,2000,5962.68
5497.247,2000,5813.388,5476.763,2000,5968.319,5340,2000,5866.969,5440.111,2000,5875.382,5376.465,2000,5961.838
5498.129,2000,5812.761,5477.506,2000,5967.531,5340.61,2000,5866.073,5440.755,2000,5874.511,5377.149,2000,5960.998
5499.012,2000,5812.133,5478.223,2000,5966.719,5341.249,2000,5865.198,5441.427,2000,5873.662,5377.834,2000,5960.159
5499.895,2000,5811.506,5478.913,2000,5965.884,5341.916,2000,5864.345,5442.126,2000,5872.834,5378.52,2000,5959.32
5500.778,2000,5810.878,5479.575,2000,5965.026,5342.611,2000,5863.513,5442.853,2000,5872.031,5379.208,2000,5958.483
5501.661,2000,5810.251,5480.265,2000,5964.191,5343.333,2000,5862.705,5443.552,2000,5871.204,5379.896,2000,5957.646
5502.543,2000,5809.624,5480.982,2000,5963.379,5344.08,2000,5861.921,5444.224,2000,5870.354,5380.586,2000,5956.811
5503.426,2000,5808.996,5481.672,2000,5962.543,5344.853,2000,5861.162,5444.924,2000,5869.527,5381.277,2000,5955.977
5504.309,2000,5808.369,5482.334,2000,5961.686,5345.65,2000,5860.428,5445.65,2000,5868.723,5381.97,2000,5955.144
5505.192,2000,5807.741,5483.024,2000,5960.851,5346.471,2000,5859.721,5446.35,2000,5867.896,5382.663,2000,5954.312
5506.075,2000,5807.114,5483.741,2000,5960.039,5347.314,2000,5859.042,5447.021,2000,5867.046,5383.358,2000,5953.481
5506.958,2000,5806.486,5484.484,2000,5959.25,5348.18,2000,5858.39,5447.666,2000,5866.175,5384.054,2000,5952.651
5507.84,2000,5805.859,5485.201,2000,5958.438,5349.023,2000,5857.71,5448.337,2000,5865.326,5384.751,2000,5951.822
5508.723,2000,5805.231,5485.891,2000,5957.603,5349.844,2000,5857.003,5449.037,2000,5864.499,5385.449,2000,5950.994
5509.606,2000,5804.604,5486.553,2000,5956.746,5350.641,2000,5856.27,5449.763,2000,5863.695,5386.149,2000,5950.167
5510.489,2000,5803.977,5487.187,2000,5955.867,5351.414,2000,5855.51,5450.515,2000,5862.915,5386.85,2000,5949.34
5511.372,2000,5803.349,5487.849,2000,5955.01,5352.162,2000,5854.726,5451.241,2000,5862.111,5387.551,2000,5948.515
5512.254,2000,5802.722,5488.539,2000,5954.174,5352.883,2000,5853.918,5451.941,2000,5861.284,5388.254,2000,5947.691
5513.137,2000,5802.094,5489.255,2000,5953.362,5353.578,2000,5853.086,5452.613,2000,5860.435,5388.958,2000,5946.868
5514.02,2000,5801.467,5489.999,2000,5952.574,5354.245,2000,5852.233,5453.257,2000,5859.563,5389.664,2000,5946.045
5514.903,2000,5800.839,5490.715,2000,5951.762,5354.884,2000,5851.358,5453.929,2000,5858.714,5390.37,2000,5945.224
5515.786,2000,5800.212,5491.405,2000,5950.927,5355.494,2000,5850.462,5454.628,2000,5857.887,5391.078,2000,5944.404
5516.668,2000,5799.584,5492.067,2000,5950.069,5356.074,2000,5849.547,5455.354,2000,5857.083,5391.786,2000,5943.584
5517.551,2000,5798.957,5492.757,2000,5949.234,5356.624,2000,5848.614,5456.054,2000,5856.256,5392.496,2000,5942.766
5518.434,2000,5798.33,5493.474,2000,5948.422,5357.143,2000,5847.663,5456.726,2000,5855.406,5393.207,2000,5941.949
5519.317,2000,5797.702,5494.164,2000,5947.586,5357.63,2000,5846.696,5457.426,2000,5854.579,5393.919,2000,5941.132
5520.2,2000,5797.075,5494.826,2000,5946.729,5358.149,2000,5845.745,5458.152,2000,5853.775,5394.632,2000,5940.317
5521.083,2000,5796.447,5495.516,2000,5945.894,5358.699,2000,5844.812,5458.852,2000,5852.948,5395.346,2000,5939.502
5521.965,2000,5795.82,5496.233,2000,5945.082,5359.279,2000,5843.896,5459.523,2000,5852.099,5396.062,2000,5938.689
5522.849,2000,5795.192,5496.976,2000,5944.293,5359.889,2000,5843.001,5460.167,2000,5851.228,5396.778,2000,5937.876
5523.731,2000,5794.565,5497.693,2000,5943.481,5360.528,2000,5842.126,5460.839,2000,5850.378,5397.495,2000,5937.064
5524.614,2000,5793.938,5498.383,2000,5942.646,5361.195,2000,5841.272,5461.539,2000,5849.551,5398.213,2000,5936.253
5525.497,2000,5793.31,5499.045,2000,5941.789,5361.89,2000,5840.441,5462.265,2000,5848.747,5398.933,2000,5935.443
5526.38,2000,5792.683,5499.679,2000,5940.91,5362.611,2000,5839.633,5463.017,2000,5847.967,5399.653,2000,5934.634
5527.263,2000,5792.055,5500.341,2000,5940.053,5363.359,2000,5838.849,5463.743,2000,5847.164,5400.375,2000,5933.826
5528.146,2000,5791.428,5501.031,2000,5939.217,5364.132,2000,5838.089,5464.443,2000,5846.336,5401.097,2000,5933.019
5529.029,2000,5790.8,5501.748,2000,5938.405,5364.929,2000,5837.356,5465.115,2000,5845.487,5401.821,2000,5932.213
5529.912,2000,5790.173,5502.491,2000,5937.617,5365.75,2000,5836.649,5465.759,2000,5844.616,5402.545,2000,5931.408
5530.794,2000,5789.545,5503.259,2000,5936.854,5366.593,2000,5835.969,5466.374,2000,5843.724,5403.271,2000,5930.603
5531.677,2000,5788.918,5504.002,2000,5936.065,5367.458,2000,5835.317,5467.018,2000,5842.853,5403.998,2000,5929.799
5532.561,2000,5788.291,5504.719,2000,5935.253,5368.302,2000,5834.638,5467.69,2000,5842.003,5404.725,2000,5928.997
5533.443,2000,5787.663,5505.409,2000,5934.418,5369.123,2000,5833.931,5468.39,2000,5841.176,5405.454,2000,5928.195
5534.326,2000,5787.036,5506.071,2000,5933.561,5369.92,2000,5833.197,5469.116,2000,5840.373,5406.183,2000,5927.394
5535.209,2000,5786.408,5506.705,2000,5932.682,5370.693,2000,5832.438,5469.868,2000,5839.593,5406.914,2000,5926.594
5536.092,2000,5785.781,5507.367,2000,5931.825,5371.44,2000,5831.654,5470.645,2000,5838.838,5407.618,2000,5925.771
5536.975,2000,5785.153,5508.057,2000,5930.989,5372.162,2000,5830.846,5471.397,2000,5838.058,5408.294,2000,5924.924
5537.858,2000,5784.526,5508.774,2000,5930.177,5372.857,2000,5830.014,5472.123,2000,5837.254,5408.943,2000,5924.057
5538.741,2000,5783.898,5509.517,2000,5929.389,5373.524,2000,5829.161,5472.823,2000,5836.427,5409.62,2000,5923.21
5539.624,2000,5783.271,5510.286,2000,5928.625,5374.163,2000,5828.286,5473.495,2000,5835.578,5410.324,2000,5922.387
5540.506,2000,5782.644,5511.029,2000,5927.837,5374.772,2000,5827.39,5474.194,2000,5834.75,5411.054,2000,5921.587
5541.389,2000,5782.016,5511.746,2000,5927.025,5375.353,2000,5826.475,5474.92,2000,5833.947,5411.792,2000,5920.794
5542.272,2000,5781.389,5512.436,2000,5926.19,5375.902,2000,5825.542,5475.672,2000,5833.167,5412.532,2000,5920.002
5543.155,2000,5780.761,5513.098,2000,5925.333,5376.482,2000,5824.626,5476.45,2000,5832.412,5413.272,2000,5919.211
5544.038,2000,5780.134,5513.788,2000,5924.497,5377.092,2000,5823.731,5477.202,2000,5831.632,5414.013,2000,5918.421
5544.921,2000,5779.506,5514.504,2000,5923.685,5377.731,2000,5822.856,5477.928,2000,5830.829,5414.728,2000,5917.607
5545.889,2000,5779.019,5515.248,2000,5922.897,5378.398,2000,5822.002,5478.627,2000,5830.001,5415.416,2000,5916.771
5546.856,2000,5778.532,5516.016,2000,5922.133,5379.093,2000,5821.171,5479.299,2000,5829.152,5416.131,2000,5915.957
5547.824,2000,5778.044,5516.809,2000,5921.396,5379.814,2000,5820.363,5479.943,2000,5828.281,5416.872,2000,5915.167
5548.792,2000,5777.557,5517.578,2000,5920.632,5380.562,2000,5819.579,5480.615,2000,5827.431,5417.62,2000,5914.383
5549.76,2000,5777.07,5518.321,2000,5919.844,5381.335,2000,5818.819,5481.315,2000,5826.604,5418.37,2000,5913.601
5550.728,2000,5776.583,5519.038,2000,5919.032,5382.132,2000,5818.086,5482.041,2000,5825.8,5419.121,2000,5912.82
5551.695,2000,5776.095,5519.728,2000,5918.196,5382.953,2000,5817.379,5482.793,2000,5825.021,5419.874,2000,5912.041
5552.663,2000,5775.608,5520.39,2000,5917.339,5383.796,2000,5816.699,5483.57,2000,5824.266,5420.628,2000,5911.263
5553.631,2000,5775.121,5521.08,2000,5916.503,5384.662,2000,5816.047,5484.372,2000,5823.537,5421.356,2000,5910.461
5554.599,2000,5774.633,5521.796,2000,5915.691,5385.505,2000,5815.368,5485.149,2000,5822.782,5422.058,2000,5909.636
5555.566,2000,5774.146,5522.54,2000,5914.903,5386.326,2000,5814.661,5485.901,2000,5822.002,5422.732,2000,5908.788
5556.534,2000,5773.659,5523.308,2000,5914.14,5387.123,2000,5813.927,5486.627,2000,5821.198,5423.378,2000,5907.918
5557.502,2000,5773.171,5524.101,2000,5913.402,5387.896,2000,5813.168,5487.327,2000,5820.371,5424.053,2000,5907.071
5558.47,2000,5772.684,5524.87,2000,5912.638,5388.644,2000,5812.384,5488.053,2000,5819.567,5424.754,2000,5906.246
5559.438,2000,5772.197,5525.613,2000,5911.85,5389.365,2000,5811.576,5488.805,2000,5818.788,5425.483,2000,5905.444
5560.405,2000,5771.709,5526.33,2000,5911.038,5390.06,2000,5810.744,5489.582,2000,5818.033,5426.237,2000,5904.666
5561.373,2000,5771.222,5527.02,2000,5910.203,5390.727,2000,5809.891,5490.383,2000,5817.304,5427.007,2000,5903.903
5562.341,2000,5770.735,5527.736,2000,5909.391,5391.366,2000,5809.016,5491.161,2000,5816.549,5427.778,2000,5903.142
5563.309,2000,5770.248,5528.479,2000,5908.603,5392.033,2000,5808.162,5491.913,2000,5815.769,5428.55,2000,5902.382
5564.276,2000,5769.76,5529.248,2000,5907.839,5392.728,2000,5807.331,5492.639,2000,5814.965,5429.324,2000,5901.624
5565.244,2000,5769.273,5530.041,2000,5907.101,5393.449,2000,5806.522,5493.338,2000,5814.138,5430.099,2000,5900.867
5566.212,2000,5768.786,5530.858,2000,5906.389,5394.197,2000,5805.738,5494.01,2000,5813.289,5430.875,2000,5900.111
5567.18,2000,5768.298,5531.651,2000,5905.651,5394.97,2000,5804.979,5494.71,2000,5812.461,5431.652,2000,5899.356
5568.147,2000,5767.811,5532.419,2000,5904.888,5395.767,2000,5804.246,5495.436,2000,5811.658,5432.431,2000,5898.604
5569.115,2000,5767.324,5533.163,2000,5904.1,5396.54,2000,5803.486,5496.188,2000,5810.878,5433.211,2000,5897.852
5570.083,2000,5766.836,5533.879,2000,5903.288,5397.288,2000,5802.702,5496.965,2000,5810.123,5433.992,2000,5897.101
5571.051,2000,5766.349,5534.569,2000,5902.452,5398.009,2000,5801.894,5497.767,2000,5809.394,5434.775,2000,5896.352
5572.019,2000,5765.862,5535.286,2000,5901.64,5398.757,2000,5801.11,5498.591,2000,5808.692,5435.533,2000,5895.578
5572.986,2000,5765.375,5536.029,2000,5900.852,5399.53,2000,5800.351,5499.393,2000,5807.963,5436.265,2000,5894.779
5573.954,2000,5764.887,5536.798,2000,5900.088,5400.327,2000,5799.617,5500.17,2000,5807.208,5436.97,2000,5893.957
5574.922,2000,5764.4,5537.591,2000,5899.351,5401.148,2000,5798.91,5500.922,2000,5806.428,5437.702,2000,5893.158
5575.89,2000,5763.913,5538.408,2000,5898.639,5401.991,2000,5798.23,5501.648,2000,5805.625,5438.46,2000,5892.383
5576.857,2000,5763.425,5539.201,2000,5897.901,5402.812,2000,5797.523,5502.4,2000,5804.845,5439.243,2000,5891.634
5577.825,2000,5762.938,5539.969,2000,5897.137,5403.609,2000,5796.79,5503.177,2000,5804.09,5440.035,2000,5890.896
5578.793,2000,5762.451,5540.712,2000,5896.349,5404.382,2000,5796.031,5503.979,2000,5803.361,5440.829,2000,5890.159
5579.761,2000,5761.963,5541.481,2000,5895.585,5405.13,2000,5795.247,5504.756,2000,5802.606,5441.624,2000,5889.423
5580.729,2000,5761.476,5542.274,2000,5894.848,5405.852,2000,5794.438,5505.508,2000,5801.826,5442.42,2000,5888.688
5581.696,2000,5760.989,5543.042,2000,5894.084,5406.546,2000,5793.607,5506.285,2000,5801.071,5443.218,2000,5887.955
5582.664,2000,5760.501,5543.786,2000,5893.296,5407.268,2000,5792.799,5507.086,2000,5800.342,5444.016,2000,5887.223
5583.632,2000,5760.014,5544.554,2000,5892.532,5408.016,2000,5792.015,5507.864,2000,5799.587,5444.79,2000,5886.465
5584.6,2000,5759.527,5545.347,2000,5891.794,5408.789,2000,5791.255,5508.616,2000,5798.808,5445.539,2000,5885.682
5585.567,2000,5759.04,5546.164,2000,5891.083,5409.586,2000,5790.522,5509.342,2000,5798.004,5446.262,2000,5884.875
5586.535,2000,5758.552,5546.957,2000,5890.345,5410.407,2000,5789.815,5510.094,2000,5797.224,5447.011,2000,5884.093
5587.503,2000,5758.065,5547.726,2000,5889.581,5411.204,2000,5789.082,5510.871,2000,5796.469,5447.785,2000,5883.335
5588.471,2000,5757.578,5548.469,2000,5888.793,5411.977,2000,5788.322,5511.672,2000,5795.74,5448.583,2000,5882.603
5589.438,2000,5757.09,5549.186,2000,5887.981,5412.725,2000,5787.538,5512.497,2000,5795.038,5449.391,2000,5881.881
5590.406,2000,5756.603,5549.929,2000,5887.193,5413.498,2000,5786.779,5513.298,2000,5794.309,5450.175,2000,5881.133
5591.374,2000,5756.116,5550.697,2000,5886.429,5414.295,2000,5786.045,5514.076,2000,5793.554,5450.934,2000,5880.36
5592.341,2000,5755.628,5551.49,2000,5885.691,5415.116,2000,5785.338,5514.828,2000,5792.774,5451.667,2000,5879.562
5593.308,2000,5755.141,5552.307,2000,5884.979,5415.913,2000,5784.605,5515.554,2000,5791.971,5452.425,2000,5878.789
5594.276,2000,5754.654,5553.1,2000,5884.242,5416.686,2000,5783.846,5516.306,2000,5791.191,5453.209,2000,5878.041
5595.243,2000,5754.167,5553.869,2000,5883.478,5417.434,2000,5783.062,5517.083,2000,5790.436,5454.017,2000,5877.319
5596.211,2000,5753.679,5554.612,2000,5882.69,5418.155,2000,5782.253,5517.884,2000,5789.707,5454.833,2000,5876.607
5597.178,2000,5753.192,5555.38,2000,5881.926,5418.903,2000,5781.469,5518.662,2000,5788.952,5455.626,2000,5875.869
5598.146,2000,5752.705,5556.173,2000,5881.188,5419.676,2000,5780.71,5519.414,2000,5788.172,5456.394,2000,5875.105
5599.113,2000,5752.217,5556.99,2000,5880.477,5420.473,2000,5779.977,5520.191,2000,5787.417,5457.137,2000,5874.316
5600.081,2000,5751.73,5557.783,2000,5879.739,5421.246,2000,5779.217,5520.992,2000,5786.688,5457.905,2000,5873.553
5601.048,2000,5751.243,5558.552,2000,5878.975,5422.043,2000,5778.484,5521.817,2000,5785.986,5458.698,2000,5872.814
5602.016,2000,5750.755,5559.345,2000,5878.237,5422.864,2000,5777.777,5522.618,2000,5785.257,5459.514,2000,5872.103
5602.983,2000,5750.268,5560.162,2000,5877.525,5423.708,2000,5777.097,5523.396,2000,5784.502,5460.339,2000,5871.4
5603.95,2000,5749.781,5560.955,2000,5876.788,5424.528,2000,5776.39,5524.197,2000,5783.773,5461.165,2000,5870.699
5604.918,2000,5749.293,5561.771,2000,5876.076,5425.326,2000,5775.657,5525.021,2000,5783.071,5461.967,2000,5869.971
5605.885,2000,5748.806,5562.611,2000,5875.391,5426.099,2000,5774.897,5525.869,2000,5782.396,5462.745,2000,5869.217
5606.853,2000,5748.319,5563.473,2000,5874.734,5426.896,2000,5774.164,5526.694,2000,5781.694,5463.547,2000,5868.489
5607.82,2000,5747.832,5564.313,2000,5874.05,5427.717,2000,5773.457,5527.542,2000,5781.02,5464.373,2000,5867.788
5608.788,2000,5747.344,5565.129,2000,5873.338,5428.56,2000,5772.777,5528.411,2000,5780.373,5465.204,2000,5867.093
5609.755,2000,5746.857,5565.969,2000,5872.653,5429.425,2000,5772.125,5529.258,2000,5779.698,5466.036,2000,5866.399
5610.723,2000,5746.37,5566.831,2000,5871.997,5430.312,2000,5771.502,5530.083,2000,5778.996,5466.869,2000,5865.707
5611.69,2000,5745.882,5567.713,2000,5871.368,5431.218,2000,5770.909,5530.884,2000,5778.267,5467.703,2000,5865.015
5612.658,2000,5745.395,5568.575,2000,5870.711,5432.104,2000,5770.286,5531.709,2000,5777.564,5468.538,2000,5864.324
5613.625,2000,5744.908,5569.415,2000,5870.027,5432.969,2000,5769.634,5532.557,2000,5776.89,5469.373,2000,5863.635
5614.592,2000,5744.42,5570.231,2000,5869.315,5433.813,2000,5768.954,5533.426,2000,5776.243,5470.209,2000,5862.946
5615.56,2000,5743.933,5571.024,2000,5868.577,5434.633,2000,5768.247,5534.315,2000,5775.625,5471.047,2000,5862.259
5616.59,2000,5743.596,5571.841,2000,5867.865,5435.431,2000,5767.514,5535.185,2000,5774.978,5471.885,2000,5861.573
5617.62,2000,5743.259,5572.681,2000,5867.181,5436.251,2000,5766.807,5536.032,2000,5774.303,5472.725,2000,5860.888
5618.649,2000,5742.922,5573.542,2000,5866.524,5437.095,2000,5766.127,5536.857,2000,5773.601,5473.566,2000,5860.206
5619.679,2000,5742.585,5574.425,2000,5865.896,5437.96,2000,5765.475,5537.658,2000,5772.872,5474.409,2000,5859.524
5620.709,2000,5742.249,5575.287,2000,5865.239,5438.803,2000,5764.795,5538.483,2000,5772.169,5475.252,2000,5858.845
5621.739,2000,5741.912,5576.126,2000,5864.554,5439.624,2000,5764.088,5539.331,2000,5771.495,5476.098,2000,5858.167
5622.769,2000,5741.575,5576.943,2000,5863.842,5440.421,2000,5763.355,5540.2,2000,5770.848,5476.944,2000,5857.492
5623.798,2000,5741.238,5577.783,2000,5863.158,5441.242,2000,5762.648,5541.047,2000,5770.173,5477.792,2000,5856.817
5624.827,2000,5740.901,5578.645,2000,5862.501,5442.085,2000,5761.968,5541.872,2000,5769.471,5478.642,2000,5856.145
5625.856,2000,5740.564,5579.484,2000,5861.816,5442.951,2000,5761.316,5542.72,2000,5768.796,5479.493,2000,5855.474
5626.886,2000,5740.227,5580.301,2000,5861.104,5443.837,2000,5760.693,5543.589,2000,5768.149,5480.345,2000,5854.805
5627.915,2000,5739.89,5581.141,2000,5860.42,5444.743,2000,5760.1,5544.437,2000,5767.474,5481.198,2000,5854.138
5628.944,2000,5739.553,5582.002,2000,5859.763,5445.629,2000,5759.477,5545.261,2000,5766.772,5482.053,2000,5853.472
5629.974,2000,5739.216,5582.885,2000,5859.135,5446.495,2000,5758.825,5546.063,2000,5766.043,5482.909,2000,5852.808
5631.003,2000,5738.879,5583.747,2000,5858.478,5447.338,2000,5758.145,5546.887,2000,5765.341,5483.767,2000,5852.146
5632.032,2000,5738.542,5584.586,2000,5857.793,5448.159,2000,5757.438,5547.735,2000,5764.666,5484.625,2000,5851.485
5633.062,2000,5738.206,5585.403,2000,5857.082,5448.956,2000,5756.705,5548.604,2000,5764.019,5485.485,2000,5850.827
5634.091,2000,5737.869,5586.196,2000,5856.344,5449.729,2000,5755.945,5549.494,2000,5763.401,5486.347,2000,5850.169
5635.12,2000,5737.532,5587.013,2000,5855.632,5450.526,2000,5755.212,5550.363,2000,5762.754,5487.209,2000,5849.514
5636.149,2000,5737.195,5587.853,2000,5854.947,5451.347,2000,5754.505,5551.21,2000,5762.079,5488.049,2000,5848.83
5637.179,2000,5736.857,5588.714,2000,5854.291,5452.19,2000,5753.825,5552.035,2000,5761.377,5488.867,2000,5848.12
5638.208,2000,5736.521,5589.597,2000,5853.662,5453.056,2000,5753.173,5552.836,2000,5760.648,5489.708,2000,5847.436
5639.237,2000,5736.184,5590.458,2000,5853.005,5453.942,2000,5752.55,5553.661,2000,5759.946,5490.57,2000,5846.78
5640.267,2000,5735.846,5591.298,2000,5852.321,5454.807,2000,5751.898,5554.509,2000,5759.271,5491.439,2000,5846.134
5641.296,2000,5735.509,5592.115,2000,5851.609,5455.65,2000,5751.219,5555.378,2000,5758.624,5492.31,2000,5845.489
5642.325,2000,5735.172,5592.955,2000,5850.924,5456.516,2000,5750.567,5556.226,2000,5757.949,5493.158,2000,5844.815
5643.354,2000,5734.835,5593.816,2000,5850.268,5457.359,2000,5749.887,5557.05,2000,5757.247,5493.984,2000,5844.115
5644.384,2000,5734.498,5594.656,2000,5849.583,5458.18,2000,5749.18,5557.898,2000,5756.572,5494.833,2000,5843.441
5645.413,2000,5734.161,5595.473,2000,5848.871,5458.977,2000,5748.447,5558.767,2000,5755.925,5495.704,2000,5842.796
5646.442,2000,5733.824,5596.313,2000,5848.187,5459.798,2000,5747.74,5559.615,2000,5755.25,5496.552,2000,5842.123
5647.472,2000,5733.487,5597.174,2000,5847.53,5460.641,2000,5747.06,5560.439,2000,5754.548,5497.378,2000,5841.422
5648.501,2000,5733.15,5598.057,2000,5846.901,5461.506,2000,5746.408,5561.241,2000,5753.819,5498.182,2000,5840.695
5649.53,2000,5732.813,5598.918,2000,5846.245,5462.393,2000,5745.785,5562.065,2000,5753.117,5499.008,2000,5839.995
5650.56,2000,5732.476,5599.758,2000,5845.56,5463.258,2000,5745.133,5562.913,2000,5752.442,5499.856,2000,5839.321
5651.589,2000,5732.139,5600.575,2000,5844.848,5464.101,2000,5744.454,5563.782,2000,5751.795,5500.727,2000,5838.676
5652.618,2000,5731.801,5601.368,2000,5844.11,5464.922,2000,5743.747,5564.672,2000,5751.177,5501.612,2000,5838.051
5653.647,2000,5731.464,5602.185,2000,5843.398,5465.765,2000,5743.067,5565.541,2000,5750.53,5502.476,2000,5837.398
5654.677,2000,5731.127,5603.025,2000,5842.714,5466.63,2000,5742.415,5566.389,2000,5749.855,5503.318,2000,5836.716
5655.706,2000,5730.79,5603.886,2000,5842.057,5467.517,2000,5741.792,5567.213,2000,5749.153,5504.137,2000,5836.008
5656.735,2000,5730.453,5604.769,2000,5841.429,5468.382,2000,5741.14,5568.015,2000,5748.424,5504.933,2000,5835.273
5657.765,2000,5730.116,5605.63,2000,5840.772,5469.225,2000,5740.46,5568.839,2000,5747.722,5505.752,2000,5834.564
5658.794,2000,5729.779,5606.47,2000,5840.087,5470.046,2000,5739.753,5569.687,2000,5747.047,5506.595,2000,5833.883
5659.823,2000,5729.442,5607.287,2000,5839.375,5470.843,2000,5739.02,5570.556,2000,5746.4,5507.458,2000,5833.229
5660.853,2000,5729.105,5608.127,2000,5838.691,5471.616,2000,5738.261,5571.404,2000,5745.726,5508.343,2000,5832.604
5661.882,2000,5728.768,5608.988,2000,5838.034,5472.414,2000,5737.527,5572.229,2000,5745.023,5509.207,2000,5831.951
5662.911,2000,5728.431,5609.871,2000,5837.406,5473.234,2000,5736.82,5573.076,2000,5744.349,5510.049,2000,5831.27
5663.94,2000,5728.093,5610.732,2000,5836.749,5474.078,2000,5736.141,5573.945,2000,5743.702,5510.913,2000,5830.616
5664.97,2000,5727.756,5611.572,2000,5836.064,5474.943,2000,5735.489,5574.835,2000,5743.083,5511.798,2000,5829.991
5665.999,2000,5727.419,5612.434,2000,5835.408,5475.829,2000,5734.866,5575.704,2000,5742.437,5512.662,2000,5829.338
5667.028,2000,5727.082,5613.316,2000,5834.779,5476.735,2000,5734.272,5576.552,2000,5741.762,5513.504,2000,5828.656
5668.058,2000,5726.745,5614.178,2000,5834.123,5477.66,2000,5733.708,5577.421,2000,5741.115,5514.368,2000,5828.003
5669.087,2000,5726.408,5615.061,2000,5833.494,5478.603,2000,5733.175,5578.311,2000,5740.497,5515.21,2000,5827.321
5670.116,2000,5726.071,5615.963,2000,5832.895,5479.528,2000,5732.611,5579.18,2000,5739.85,5516.074,2000,5826.668
5671.146,2000,5725.734,5616.846,2000,5832.267,5480.434,2000,5732.017,5580.069,2000,5739.231,5516.958,2000,5826.043
5672.175,2000,5725.397,5617.708,2000,5831.61,5481.32,2000,5731.394,5580.979,2000,5738.643,5517.863,2000,5825.447
5673.204,2000,5725.06,5618.59,2000,5830.981,5482.186,2000,5730.742,5581.869,2000,5738.025,5518.772,2000,5824.858
5674.233,2000,5724.723,5619.493,2000,5830.382,5483.029,2000,5730.063,5582.738,2000,5737.378,5519.682,2000,5824.27
5675.263,2000,5724.386,5620.415,2000,5829.813,5483.85,2000,5729.355,5583.627,2000,5736.76,5520.572,2000,5823.652
5676.292,2000,5724.048,5621.318,2000,5829.214,5484.693,2000,5728.676,5584.537,2000,5736.171,5521.482,2000,5823.064
5677.321,2000,5723.711,5622.201,2000,5828.585,5485.558,2000,5728.024,5585.465,2000,5735.613,5522.395,2000,5822.481
5678.351,2000,5723.375,5623.104,2000,5827.986,5486.444,2000,5727.401,5586.375,2000,5735.024,5523.288,2000,5821.868
5679.38,2000,5723.037,5624.025,2000,5827.417,5487.351,2000,5726.807,5587.265,2000,5734.406,5524.2,2000,5821.284
5680.409,2000,5722.7,5624.928,2000,5826.818,5488.275,2000,5726.243,5588.174,2000,5733.818,5525.116,2000,5820.705
5681.438,2000,5722.363,5625.85,2000,5826.249,5489.218,2000,5725.71,5589.064,2000,5733.2,5526.012,2000,5820.095
5682.468,2000,5722.026,5626.753,2000,5825.649,5490.178,2000,5725.208,5589.974,2000,5732.611,5526.927,2000,5819.516
5683.497,2000,5721.689,5627.636,2000,5825.021,5491.154,2000,5724.737,5590.902,2000,5732.053,5527.845,2000,5818.94
5684.526,2000,5721.352,5628.539,2000,5824.422,5492.145,2000,5724.299,5591.812,2000,5731.464,5528.744,2000,5818.335
5685.556,2000,5721.015,5629.46,2000,5823.853,5493.12,2000,5723.828,5592.701,2000,5730.846,5529.622,2000,5817.701
5686.585,2000,5720.678,5630.363,2000,5823.253,5494.08,2000,5723.326,5593.611,2000,5730.258,5530.521,2000,5817.096
5687.614,2000,5720.341,5631.285,2000,5822.684,5495.023,2000,5722.793,5594.5,2000,5729.64,5531.438,2000,5816.521
5688.644,2000,5720.003,5632.188,2000,5822.085,5495.948,2000,5722.229,5595.41,2000,5729.051,5532.361,2000,5815.953
5689.673,2000,5719.667,5633.071,2000,5821.457,5496.854,2000,5721.635,5596.338,2000,5728.493,5533.284,2000,5815.386
5690.703,2000,5719.329,5633.974,2000,5820.857,5497.74,2000,5721.012,5597.248,2000,5727.904,5534.188,2000,5814.79
5691.732,2000,5718.992,5634.896,2000,5820.288,5498.605,2000,5720.36,5598.138,2000,5727.286,5535.073,2000,5814.164
5692.801,2000,5718.813,5635.798,2000,5819.689,5499.449,2000,5719.681,5599.047,2000,5726.698,5535.977,2000,5813.567
5693.869,2000,5718.635,5636.72,2000,5819.12,5500.27,2000,5718.974,5599.937,2000,5726.08,5536.9,2000,5813
5694.938,2000,5718.456,5637.623,2000,5818.521,5501.067,2000,5718.24,5600.847,2000,5725.491,5537.829,2000,5812.442
5696.006,2000,5718.277,5638.545,2000,5817.951,5501.888,2000,5717.533,5601.775,2000,5724.933,5538.739,2000,5811.854
5697.074,2000,5718.099,5639.485,2000,5817.413,5502.731,2000,5716.854,5602.721,2000,5724.405,5539.629,2000,5811.236
5698.143,2000,5717.92,5640.407,2000,5816.843,5503.596,2000,5716.202,5603.684,2000,5723.908,5540.539,2000,5810.647
5699.211,2000,5717.741,5641.347,2000,5816.305,5504.482,2000,5715.579,5604.629,2000,5723.38,5541.467,2000,5810.089
5700.279,2000,5717.563,5642.304,2000,5815.797,5505.389,2000,5714.985,5605.558,2000,5722.822,5542.402,2000,5809.542
5701.348,2000,5717.384,5643.277,2000,5815.321,5506.313,2000,5714.421,5606.467,2000,5722.233,5543.338,2000,5808.997
5702.416,2000,5717.205,5644.234,2000,5814.813,5507.256,2000,5713.888,5607.396,2000,5721.675,5544.275,2000,5808.453
5703.484,2000,5717.026,5645.174,2000,5814.274,5508.216,2000,5713.386,5608.341,2000,5721.147,5545.214,2000,5807.912
5704.553,2000,5716.848,5646.096,2000,5813.705,5509.192,2000,5712.915,5609.304,2000,5720.65,5546.153,2000,5807.372
5705.621,2000,5716.669,5646.999,2000,5813.106,5510.183,2000,5712.477,5610.283,2000,5720.186,5547.094,2000,5806.834
5706.689,2000,5716.49,5647.92,2000,5812.537,5511.187,2000,5712.071,5611.246,2000,5719.689,5548.036,2000,5806.299
5707.758,2000,5716.312,5648.86,2000,5811.998,5512.204,2000,5711.698,5612.191,2000,5719.161,5548.979,2000,5805.765
5708.826,2000,5716.133,5649.817,2000,5811.49,5513.233,2000,5711.359,5613.12,2000,5718.603,5549.922,2000,5805.233
5709.895,2000,5715.954,5650.791,2000,5811.014,5514.272,2000,5711.054,5614.029,2000,5718.014,5550.867,2000,5804.704
5710.963,2000,5715.775,5651.748,2000,5810.506,5515.301,2000,5710.714,5614.958,2000,5717.456,5551.813,2000,5804.176
5712.031,2000,5715.597,5652.688,2000,5809.968,5516.318,2000,5710.342,5615.903,2000,5716.928,5552.76,2000,5803.65
5713.1,2000,5715.418,5653.609,2000,5809.398,5517.323,2000,5709.936,5616.866,2000,5716.431,5553.708,2000,5803.126
5714.168,2000,5715.239,5654.549,2000,5808.86,5518.313,2000,5709.498,5617.812,2000,5715.903,5554.658,2000,5802.604
5715.236,2000,5715.061,5655.506,2000,5808.352,5519.289,2000,5709.027,5618.74,2000,5715.345,5555.624,2000,5802.113
5716.305,2000,5714.882,5656.446,2000,5807.813,5520.249,2000,5708.525,5619.686,2000,5714.817,5556.605,2000,5801.654
5717.373,2000,5714.703,5657.403,2000,5807.306,5521.192,2000,5707.992,5620.614,2000,5714.258,5557.601,2000,5801.227
5718.441,2000,5714.524,5658.376,2000,5806.83,5522.117,2000,5707.428,5621.56,2000,5713.73,5558.582,2000,5800.768
5719.51,2000,5714.346,5659.365,2000,5806.386,5523.023,2000,5706.834,5622.523,2000,5713.234,5559.548,2000,5800.277
5720.578,2000,5714.167,5660.338,2000,5805.91,5523.909,2000,5706.211,5623.501,2000,5712.769,5560.502,2000,5799.765
5721.646,2000,5713.988,5661.295,2000,5805.402,5524.774,2000,5705.559,5624.495,2000,5712.336,5561.458,2000,5799.254
5722.715,2000,5713.81,5662.235,2000,5804.863,5525.618,2000,5704.879,5625.501,2000,5711.937,5562.415,2000,5798.745
5723.783,2000,5713.631,5663.192,2000,5804.355,5526.483,2000,5704.228,5626.495,2000,5711.504,5563.372,2000,5798.238
5724.852,2000,5713.452,5664.165,2000,5803.879,5527.369,2000,5703.604,5627.473,2000,5711.039,5564.33,2000,5797.732
5725.92,2000,5713.273,5665.153,2000,5803.436,5528.275,2000,5703.011,5628.436,2000,5710.542,5565.289,2000,5797.229
5726.988,2000,5713.095,5666.155,2000,5803.024,5529.2,2000,5702.447,5629.382,2000,5710.015,5566.249,2000,5796.727
5728.057,2000,5712.916,5667.144,2000,5802.58,5530.143,2000,5701.914,5630.345,2000,5709.518,5567.209,2000,5796.227
5729.125,2000,5712.737,5668.117,2000,5802.104,5531.103,2000,5701.412,5631.323,2000,5709.053,5568.171,2000,5795.729
5730.193,2000,5712.559,5669.074,2000,5801.596,5532.079,2000,5700.941,5632.316,2000,5708.621,5569.134,2000,5795.232
5731.262,2000,5712.38,5670.047,2000,5801.12,5533.069,2000,5700.502,5633.295,2000,5708.156,5570.098,2000,5794.738
5732.33,2000,5712.201,5671.035,2000,5800.676,5534.074,2000,5700.097,5634.258,2000,5707.659,5571.063,2000,5794.245
5733.398,2000,5712.022,5672.008,2000,5800.2,5535.091,2000,5699.724,5635.236,2000,5707.194,5572.028,2000,5793.753
5734.467,2000,5711.844,5672.965,2000,5799.692,5536.12,2000,5699.385,5636.229,2000,5706.762,5572.995,2000,5793.264
5735.535,2000,5711.665,5673.938,2000,5799.216,5537.159,2000,5699.08,5637.208,2000,5706.297,5573.962,2000,5792.776
5736.604,2000,5711.486,5674.927,2000,5798.772,5538.208,2000,5698.809,5638.171,2000,5705.8,5574.93,2000,5792.291
5737.672,2000,5711.308,5675.929,2000,5798.361,5539.265,2000,5698.572,5639.117,2000,5705.272,5575.899,2000,5791.806
5738.74,2000,5711.129,5676.917,2000,5797.917,5540.33,2000,5698.37,5640.08,2000,5704.776,5576.869,2000,5791.324
5739.809,2000,5710.95,5677.89,2000,5797.441,5541.387,2000,5698.133,5641.058,2000,5704.311,5577.854,2000,5790.873
5740.877,2000,5710.771,5678.847,2000,5796.933,5542.436,2000,5697.862,5642.051,2000,5703.878,5578.854,2000,5790.455
5741.945,2000,5710.593,5679.787,2000,5796.395,5543.475,2000,5697.557,5643.058,2000,5703.479,5579.867,2000,5790.07
5743.014,2000,5710.414,5680.744,2000,5795.887,5544.504,2000,5697.217,5644.051,2000,5703.046,5580.891,2000,5789.718
5744.082,2000,5710.235,5681.717,2000,5795.411,5545.521,2000,5696.845,5645.03,2000,5702.581,5581.927,2000,5789.399
5745.15,2000,5710.057,5682.706,2000,5794.967,5546.525,2000,5696.439,5645.993,2000,5702.084,5582.972,2000,5789.115
5746.219,2000,5709.878,5683.708,2000,5794.555,5547.516,2000,5696,5646.938,2000,5701.557,5584.026,2000,5788.865
5747.287,2000,5709.699,5684.723,2000,5794.177,5548.492,2000,5695.53,5647.901,2000,5701.06,5585.088,2000,5788.65
5748.355,2000,5709.521,5685.75,2000,5793.832,5549.452,2000,5695.028,5648.88,2000,5700.595,5586.142,2000,5788.4
5749.424,2000,5709.342,5686.787,2000,5793.521,5550.395,2000,5694.495,5649.873,2000,5700.163,5587.188,2000,5788.116
5750.492,2000,5709.163,5687.834,2000,5793.244,5551.319,2000,5693.931,5650.88,2000,5699.763,5588.223,2000,5787.797
5751.561,2000,5708.984,5688.89,2000,5793.001,5552.226,2000,5693.337,5651.899,2000,5699.396,5589.248,2000,5787.445
5752.629,2000,5708.806,5689.953,2000,5792.793,5553.112,2000,5692.714,5652.93,2000,5699.063,5590.26,2000,5787.06
5753.697,2000,5708.627,5691.022,2000,5792.621,5554.018,2000,5692.12,5653.971,2000,5698.764,5591.26,2000,5786.642
5754.766,2000,5708.448,5692.097,2000,5792.482,5554.943,2000,5691.556,5655.021,2000,5698.499,5592.245,2000,5786.191
5755.834,2000,5708.27,5693.167,2000,5792.31,5555.886,2000,5691.023,5656.08,2000,5698.268,5593.222,2000,5785.724
5756.902,2000,5708.091,5694.229,2000,5792.102,5556.846,2000,5690.521,5657.146,2000,5698.072,5594.2,2000,5785.258
5757.971,2000,5707.912,5695.285,2000,5791.859,5557.821,2000,5690.05,5658.217,2000,5697.912,5595.179,2000,5784.794
5759.039,2000,5707.733,5696.333,2000,5791.582,5558.812,2000,5689.612,5659.293,2000,5697.786,5596.159,2000,5784.332
5760.107,2000,5707.555,5697.37,2000,5791.271,5559.816,2000,5689.206,5660.373,2000,5697.696,5597.139,2000,5783.871
5761.176,2000,5707.376,5698.397,2000,5790.926,5560.833,2000,5688.833,5661.455,2000,5697.641,5598.12,2000,5783.411
5762.244,2000,5707.197,5699.412,2000,5790.548,5561.862,2000,5688.494,5662.538,2000,5697.621,5599.102,2000,5782.953
5763.313,2000,5707.019,5700.439,2000,5790.203,5562.902,2000,5688.189,5663.62,2000,5697.566,5600.084,2000,5782.497
5764.381,2000,5706.84,5701.477,2000,5789.892,5563.951,2000,5687.918,5664.699,2000,5697.476,5601.068,2000,5782.042
5765.449,2000,5706.661,5702.524,2000,5789.615,5565.008,2000,5687.681,5665.775,2000,5697.35,5602.052,2000,5781.589
5766.518,2000,5706.483,5703.58,2000,5789.373,5566.072,2000,5687.479,5666.847,2000,5697.189,5603.037,2000,5781.138
5767.586,2000,5706.304,5704.643,2000,5789.165,5567.143,2000,5687.312,5667.912,2000,5696.994,5604.022,2000,5780.688
5768.654,2000,5706.126,5705.712,2000,5788.992,5568.218,2000,5687.18,5668.971,2000,5696.763,5605.008,2000,5780.239
5769.723,2000,5705.947,5706.787,2000,5788.854,5569.297,2000,5687.083,5670.021,2000,5696.498,5605.995,2000,5779.792
5770.791,2000,5705.769,5707.865,2000,5788.751,5570.372,2000,5686.952,5671.062,2000,5696.199,5606.996,2000,5779.378
5771.874,2000,5705.751,5708.946,2000,5788.684,5571.442,2000,5686.785,5672.093,2000,5695.866,5608.01,2000,5778.997
5772.957,2000,5705.734,5710.029,2000,5788.651,5572.507,2000,5686.583,5673.112,2000,5695.499,5609.036,2000,5778.648
5774.04,2000,5705.716,5711.11,2000,5788.584,5573.564,2000,5686.346,5674.143,2000,5695.166,5610.073,2000,5778.334
5775.123,2000,5705.699,5712.189,2000,5788.481,5574.613,2000,5686.075,5675.184,2000,5694.867,5611.119,2000,5778.054
5776.206,2000,5705.681,5713.264,2000,5788.343,5575.652,2000,5685.77,5676.234,2000,5694.602,5612.174,2000,5777.808
5777.289,2000,5705.664,5714.333,2000,5788.17,5576.681,2000,5685.43,5677.293,2000,5694.371,5613.237,2000,5777.597
5778.372,2000,5705.646,5715.396,2000,5787.962,5577.698,2000,5685.058,5678.358,2000,5694.175,5614.306,2000,5777.421
5779.455,2000,5705.628,5716.452,2000,5787.72,5578.703,2000,5684.652,5679.43,2000,5694.015,5615.38,2000,5777.28
5780.538,2000,5705.611,5717.499,2000,5787.443,5579.693,2000,5684.213,5680.506,2000,5693.889,5616.458,2000,5777.174
5781.621,2000,5705.593,5718.537,2000,5787.132,5580.669,2000,5683.743,5681.585,2000,5693.799,5617.539,2000,5777.103
5782.704,2000,5705.576,5719.563,2000,5786.787,5581.66,2000,5683.304,5682.667,2000,5693.744,5618.617,2000,5776.997
5783.787,2000,5705.558,5720.579,2000,5786.409,5582.664,2000,5682.898,5683.75,2000,5693.724,5619.691,2000,5776.856
5784.87,2000,5705.541,5721.605,2000,5786.064,5583.681,2000,5682.526,5684.833,2000,5693.669,5620.76,2000,5776.68
5785.953,2000,5705.523,5722.643,2000,5785.753,5584.71,2000,5682.187,5685.912,2000,5693.579,5621.823,2000,5776.469
5787.036,2000,5705.505,5723.69,2000,5785.476,5585.75,2000,5681.881,5686.988,2000,5693.453,5622.878,2000,5776.223
5788.119,2000,5705.488,5724.746,2000,5785.233,5586.798,2000,5681.61,5688.06,2000,5693.292,5623.924,2000,5775.943
5789.202,2000,5705.47,5725.809,2000,5785.025,5587.855,2000,5681.374,5689.125,2000,5693.097,5624.961,2000,5775.628
5790.285,2000,5705.453,5726.878,2000,5784.853,5588.92,2000,5681.171,5690.184,2000,5692.866,5625.987,2000,5775.28
5791.368,2000,5705.435,5727.953,2000,5784.714,5589.99,2000,5681.004,5691.234,2000,5692.601,5627.001,2000,5774.899
5792.451,2000,5705.417,5729.032,2000,5784.612,5591.065,2000,5680.873,5692.275,2000,5692.302,5628.002,2000,5774.484
5793.534,2000,5705.4,5730.113,2000,5784.544,5592.145,2000,5680.776,5693.306,2000,5691.969,5629.001,2000,5774.065
5794.617,2000,5705.382,5731.196,2000,5784.512,5593.226,2000,5680.715,5694.325,2000,5691.602,5630.001,2000,5773.648
5795.7,2000,5705.365,5732.279,2000,5784.516,5594.305,2000,5680.618,5695.332,2000,5691.202,5631.014,2000,5773.264
5796.783,2000,5705.347,5733.362,2000,5784.483,5595.38,2000,5680.486,5696.352,2000,5690.835,5632.039,2000,5772.913
5797.866,2000,5705.33,5734.443,2000,5784.416,5596.451,2000,5680.319,5697.382,2000,5690.502,5633.074,2000,5772.595
5798.949,2000,5705.312,5735.522,2000,5784.313,5597.515,2000,5680.117,5698.423,2000,5690.203,5634.12,2000,5772.312
5800.032,2000,5705.294,5736.597,2000,5784.175,5598.572,2000,5679.88,5699.474,2000,5689.938,5635.174,2000,5772.063
5801.115,2000,5705.277,5737.666,2000,5784.002,5599.621,2000,5679.609,5700.532,2000,5689.708,5636.236,2000,5771.849
5802.198,2000,5705.259,5738.729,2000,5783.794,5600.661,2000,5679.304,5701.598,2000,5689.512,5637.305,2000,5771.669
5803.281,2000,5705.242,5739.785,2000,5783.552,5601.689,2000,5678.965,5702.669,2000,5689.351,5638.378,2000,5771.525
5804.364,2000,5705.224,5740.832,2000,5783.275,5602.707,2000,5678.592,5703.745,2000,5689.226,5639.456,2000,5771.417
5805.447,2000,5705.207,5741.87,2000,5782.964,5603.711,2000,5678.187,5704.825,2000,5689.135,5640.537,2000,5771.343
5806.53,2000,5705.189,5742.896,2000,5782.619,5604.728,2000,5677.814,5705.907,2000,5689.08,5641.615,2000,5771.234
5807.613,2000,5705.171,5743.912,2000,5782.241,5605.757,2000,5677.475,5706.99,2000,5689.061,5642.688,2000,5771.09
5808.696,2000,5705.154,5744.914,2000,5781.829,5606.796,2000,5677.169,5708.073,2000,5689.077,5643.757,2000,5770.911
5809.779,2000,5705.136,5745.929,2000,5781.451,5607.845,2000,5676.898,5709.156,2000,5689.057,5644.819,2000,5770.696
5810.862,2000,5705.119,5746.956,2000,5781.106,5608.902,2000,5676.662,5710.238,2000,5689.002,5645.873,2000,5770.447
5811.945,2000,5705.101,5747.993,2000,5780.795,5609.967,2000,5676.459,5711.317,2000,5688.912,5646.919,2000,5770.164
5813.028,2000,5705.083,5749.041,2000,5780.518,5611.037,2000,5676.292,5712.394,2000,5688.786,5647.955,2000,5769.847
5814.111,2000,5705.066,5750.096,2000,5780.275,5612.112,2000,5676.161,5713.465,2000,5688.625,5648.979,2000,5769.496
5815.194,2000,5705.048,5751.159,2000,5780.067,5613.191,2000,5676.064,5714.53,2000,5688.43,5649.992,2000,5769.111
5816.277,2000,5705.031,5752.229,2000,5779.895,5614.273,2000,5676.003,5715.589,2000,5688.199,5651.002,2000,5768.72
5817.36,2000,5705.013,5753.303,2000,5779.756,5615.352,2000,5675.906,5716.639,2000,5687.934,5652.025,2000,5768.361
5818.443,2000,5704.996,5754.382,2000,5779.654,5616.427,2000,5675.774,5717.68,2000,5687.635,5653.059,2000,5768.037
5819.526,2000,5704.978,5755.463,2000,5779.586,5617.498,2000,5675.607,5718.711,2000,5687.302,5654.102,2000,5767.746
5820.609,2000,5704.96,5756.546,2000,5779.554,5618.562,2000,5675.405,5719.73,2000,5686.935,5655.155,2000,5767.489
5821.692,2000,5704.943,5757.629,2000,5779.558,5619.619,2000,5675.168,5720.737,2000,5686.535,5656.215,2000,5767.268
5822.775,2000,5704.925,5758.712,2000,5779.525,5620.668,2000,5674.897,5721.757,2000,5686.168,5657.282,2000,5767.081
5823.858,2000,5704.908,5759.793,2000,5779.458,5621.708,2000,5674.592,5722.788,2000,5685.835,5658.355,2000,5766.929
5824.941,2000,5704.89,5760.872,2000,5779.355,5622.736,2000,5674.253,5723.829,2000,5685.536,5659.432,2000,5766.812
5826.024,2000,5704.873,5761.947,2000,5779.217,5623.753,2000,5673.88,5724.879,2000,5685.271,5660.512,2000,5766.73
5827.107,2000,5704.855,5763.016,2000,5779.044,5624.758,2000,5673.475,5725.938,2000,5685.041,5661.595,2000,5766.684
5828.19,2000,5704.837,5764.079,2000,5778.836,5625.775,2000,5673.102,5727.003,2000,5684.845,5662.675,2000,5766.603
5829.273,2000,5704.82,5765.135,2000,5778.594,5626.804,2000,5672.763,5728.074,2000,5684.684,5663.752,2000,5766.486
5830.356,2000,5704.802,5766.182,2000,5778.317,5627.843,2000,5672.458,5729.15,2000,5684.559,5664.825,2000,5766.334
5831.439,2000,5704.785,5767.22,2000,5778.006,5628.892,2000,5672.187,5730.23,2000,5684.468,5665.892,2000,5766.147
5832.522,2000,5704.767,5768.247,2000,5777.661,5629.949,2000,5671.95,5731.312,2000,5684.413,5666.952,2000,5765.925
5833.605,2000,5704.75,5769.262,2000,5777.283,5631.014,2000,5671.748,5732.395,2000,5684.394,5668.005,2000,5765.669
5834.688,2000,5704.732,5770.289,2000,5776.938,5632.084,2000,5671.581,5733.477,2000,5684.338,5669.048,2000,5765.378
5835.771,2000,5704.714,5771.326,2000,5776.627,5633.159,2000,5671.449,5734.557,2000,5684.248,5670.082,2000,5765.053
5836.854,2000,5704.697,5772.374,2000,5776.35,5634.238,2000,5671.352,5735.633,2000,5684.123,5671.104,2000,5764.695
5837.938,2000,5704.679,5773.429,2000,5776.107,5635.32,2000,5671.291,5736.704,2000,5683.962,5672.123,2000,5764.326
5839.021,2000,5704.662,5774.492,2000,5775.899,5636.403,2000,5671.265,5737.77,2000,5683.766,5673.143,2000,5763.959
5840.104,2000,5704.644,5775.562,2000,5775.727,5637.484,2000,5671.204,5738.828,2000,5683.536,5674.173,2000,5763.626
5841.187,2000,5704.626,5776.636,2000,5775.588,5638.563,2000,5671.107,5739.878,2000,5683.271,5675.214,2000,5763.327
5842.27,2000,5704.609,5777.715,2000,5775.486,5639.639,2000,5670.976,5740.919,2000,5682.971,5676.265,2000,5763.062
5843.353,2000,5704.591,5778.796,2000,5775.418,5640.709,2000,5670.809,5741.95,2000,5682.638,5677.323,2000,5762.832
5844.436,2000,5704.574,5779.879,2000,5775.386,5641.773,2000,5670.606,5742.97,2000,5682.271,5678.389,2000,5762.636
5845.519,2000,5704.556,5780.96,2000,5775.319,5642.831,2000,5670.37,5744,2000,5681.938,5679.46,2000,5762.475
5846.602,2000,5704.539,5782.039,2000,5775.216,5643.879,2000,5670.099,5745.042,2000,5681.639,5680.536,2000,5762.35
5847.685,2000,5704.521,5783.113,2000,5775.078,5644.919,2000,5669.793,5746.092,2000,5681.374,5681.616,2000,5762.259
5848.768,2000,5704.503,5784.183,2000,5774.905,5645.948,2000,5669.454,5747.15,2000,5681.144,5682.698,2000,5762.204
5849.851,2000,5704.486,5785.246,2000,5774.697,5646.965,2000,5669.082,5748.216,2000,5680.948,5683.781,2000,5762.185
5850.934,2000,5704.468,5786.301,2000,5774.455,5647.994,2000,5668.742,5749.287,2000,5680.787,5684.863,2000,5762.129
5852.017,2000,5704.45,5787.349,2000,5774.178,5649.033,2000,5668.437,5750.363,2000,5680.662,5685.942,2000,5762.039
5853.09,2000,5704.595,5788.386,2000,5773.867,5650.082,2000,5668.166,5751.443,2000,5680.571,5687.019,2000,5761.914
5854.164,2000,5704.739,5789.413,2000,5773.522,5651.139,2000,5667.929,5752.525,2000,5680.516,5688.09,2000,5761.753
5855.238,2000,5704.884,5790.428,2000,5773.144,5652.204,2000,5667.727,5753.608,2000,5680.497,5689.155,2000,5761.557
5856.312,2000,5705.028,5791.455,2000,5772.799,5653.274,2000,5667.56,5754.69,2000,5680.441,5690.214,2000,5761.327
5857.385,2000,5705.173,5792.493,2000,5772.488,5654.349,2000,5667.428,5755.77,2000,5680.351,5691.264,2000,5761.062
5858.459,2000,5705.317,5793.54,2000,5772.211,5655.428,2000,5667.332,5756.846,2000,5680.226,5692.305,2000,5760.762
5859.533,2000,5705.462,5794.596,2000,5771.968,5656.51,2000,5667.271,5757.917,2000,5680.065,5693.336,2000,5760.429
5860.606,2000,5705.606,5795.659,2000,5771.76,5657.593,2000,5667.245,5758.982,2000,5679.869,5694.364,2000,5760.089
5861.68,2000,5705.751,5796.728,2000,5771.587,5658.674,2000,5667.184,5760.041,2000,5679.639,5695.403,2000,5759.783
5862.754,2000,5705.896,5797.803,2000,5771.449,5659.753,2000,5667.087,5761.091,2000,5679.374,5696.452,2000,5759.511
5863.828,2000,5706.04,5798.881,2000,5771.347,5660.829,2000,5666.955,5762.132,2000,5679.074,5697.509,2000,5759.273
5864.901,2000,5706.185,5799.962,2000,5771.279,5661.899,2000,5666.788,5763.163,2000,5678.741,5698.573,2000,5759.07
5865.975,2000,5706.329,5801.045,2000,5771.247,5662.963,2000,5666.586,5764.183,2000,5678.375,5699.644,2000,5758.902
5867.049,2000,5706.474,5802.129,2000,5771.25,5664.021,2000,5666.349,5765.189,2000,5677.975,5700.719,2000,5758.769
5868.123,2000,5706.618,5803.212,2000,5771.218,5665.069,2000,5666.078,5766.209,2000,5677.608,5701.798,2000,5758.671
5869.196,2000,5706.763,5804.293,2000,5771.151,5666.109,2000,5665.773,5767.24,2000,5677.275,5702.879,2000,5758.609
5870.27,2000,5706.907,5805.372,2000,5771.048,5667.138,2000,5665.434,5768.281,2000,5676.976,5703.962,2000,5758.582
5871.344,2000,5707.052,5806.446,2000,5770.91,5668.177,2000,5665.128,5769.331,2000,5676.71,5705.044,2000,5758.52
5872.417,2000,5707.196,5807.516,2000,5770.737,5669.226,2000,5664.857,5770.39,2000,5676.48,5706.123,2000,5758.422
5873.491,2000,5707.341,5808.579,2000,5770.529,5670.283,2000,5664.621,5771.455,2000,5676.284,5707.198,2000,5758.289
5874.565,2000,5707.485,5809.634,2000,5770.287,5671.348,2000,5664.418,5772.526,2000,5676.124,5708.269,2000,5758.121
5875.639,2000,5707.63,5810.682,2000,5770.01,5672.418,2000,5664.251,5773.603,2000,5675.998,5709.333,2000,5757.918
5876.712,2000,5707.774,5811.719,2000,5769.699,5673.493,2000,5664.12,5774.682,2000,5675.908,5710.39,2000,5757.68
5877.786,2000,5707.919,5812.746,2000,5769.354,5674.572,2000,5664.023,5775.764,2000,5675.853,5711.438,2000,5757.408
5878.86,2000,5708.063,5813.761,2000,5768.976,5675.654,2000,5663.962,5776.847,2000,5675.833,5712.478,2000,5757.102
5879.934,2000,5708.208,5814.763,2000,5768.564,5676.737,2000,5663.936,5777.93,2000,5675.849,5713.517,2000,5756.796
5881.007,2000,5708.353,5815.778,2000,5768.186,5677.818,2000,5663.875,5779.013,2000,5675.83,5714.565,2000,5756.524
5882.081,2000,5708.497,5816.805,2000,5767.841,5678.897,2000,5663.778,5780.095,2000,5675.774,5715.623,2000,5756.286
5883.155,2000,5708.642,5817.843,2000,5767.53,5679.973,2000,5663.646,5781.175,2000,5675.684,5716.687,2000,5756.083
5884.229,2000,5708.786,5818.89,2000,5767.253,5681.043,2000,5663.479,5782.251,2000,5675.559,5717.757,2000,5755.915
5885.302,2000,5708.931,5819.946,2000,5767.01,5682.107,2000,5663.277,5783.322,2000,5675.398,5718.832,2000,5755.782
5886.376,2000,5709.075,5821.009,2000,5766.802,5683.165,2000,5663.041,5784.388,2000,5675.202,5719.911,2000,5755.685
5887.45,2000,5709.22,5822.078,2000,5766.629,5684.213,2000,5662.77,5785.446,2000,5674.972,5720.993,2000,5755.622
5888.523,2000,5709.364,5823.153,2000,5766.491,5685.253,2000,5662.464,5786.497,2000,5674.707,5722.076,2000,5755.595
5889.597,2000,5709.509,5824.231,2000,5766.389,5686.302,2000,5662.193,5787.538,2000,5674.407,5723.157,2000,5755.533
5890.671,2000,5709.653,5825.313,2000,5766.321,5687.359,2000,5661.957,5788.568,2000,5674.074,5724.236,2000,5755.435
5891.745,2000,5709.798,5826.396,2000,5766.289,5688.423,2000,5661.754,5789.588,2000,5673.708,5725.312,2000,5755.302
5892.818,2000,5709.942,5827.479,2000,5766.292,5689.494,2000,5661.587,5790.595,2000,5673.308,5726.382,2000,5755.134
5893.892,2000,5710.087,5828.562,2000,5766.26,5690.569,2000,5661.456,5791.614,2000,5672.941,5727.446,2000,5754.931
5894.966,2000,5710.231,5829.643,2000,5766.193,5691.648,2000,5661.359,5792.645,2000,5672.608,5728.503,2000,5754.693
5896.04,2000,5710.376,5830.722,2000,5766.09,5692.729,2000,5661.298,5793.686,2000,5672.309,5729.552,2000,5754.421
5897.113,2000,5710.521,5831.796,2000,5765.952,5693.813,2000,5661.272,5794.736,2000,5672.043,5730.599,2000,5754.145
5898.187,2000,5710.665,5832.866,2000,5765.779,5694.894,2000,5661.211,5795.795,2000,5671.813,5731.655,2000,5753.902
5899.261,2000,5710.81,5833.929,2000,5765.571,5695.973,2000,5661.114,5796.86,2000,5671.617,5732.718,2000,5753.694
5900.334,2000,5710.954,5834.984,2000,5765.329,5697.048,2000,5660.982,5797.932,2000,5671.457,5733.787,2000,5753.521
5901.408,2000,5711.099,5836.032,2000,5765.052,5698.119,2000,5660.815,5799.008,2000,5671.331,5734.862,2000,5753.383
5902.482,2000,5711.243,5837.069,2000,5764.741,5699.183,2000,5660.613,5800.087,2000,5671.241,5735.94,2000,5753.28
5903.556,2000,5711.388,5838.096,2000,5764.396,5700.24,2000,5660.376,5801.169,2000,5671.186,5737.021,2000,5753.213
5904.629,2000,5711.532,5839.111,2000,5764.018,5701.289,2000,5660.105,5802.252,2000,5671.166,5738.104,2000,5753.181
5905.703,2000,5711.677,5840.138,2000,5763.673,5702.346,2000,5659.869,5803.334,2000,5671.111,5739.186,2000,5753.113
5906.777,2000,5711.821,5841.176,2000,5763.362,5703.411,2000,5659.667,5804.414,2000,5671.021,5740.264,2000,5753.011
5907.851,2000,5711.966,5842.223,2000,5763.085,5704.481,2000,5659.5,5805.49,2000,5670.895,5741.339,2000,5752.873
5908.924,2000,5712.11,5843.279,2000,5762.842,5705.556,2000,5659.368,5806.562,2000,5670.734,5742.408,2000,5752.7
5909.998,2000,5712.255,5844.342,2000,5762.634,5706.635,2000,5659.271,5807.627,2000,5670.539,5743.471,2000,5752.492
5911.072,2000,5712.399,5845.411,2000,5762.461,5707.717,2000,5659.21,5808.686,2000,5670.308,5744.527,2000,5752.249
5912.146,2000,5712.544,5846.486,2000,5762.323,5708.8,2000,5659.184,5809.736,2000,5670.043,5745.581,2000,5751.997
5913.219,2000,5712.688,5847.564,2000,5762.221,5709.881,2000,5659.123,5810.777,2000,5669.744,5746.642,2000,5751.78
5914.293,2000,5712.833,5848.646,2000,5762.153,5710.96,2000,5659.026,5811.808,2000,5669.411,5747.709,2000,5751.597
5915.367,2000,5712.978,5849.729,2000,5762.121,5712.036,2000,5658.895,5812.827,2000,5669.044,5748.783,2000,5751.45
5916.44,2000,5713.122,5850.81,2000,5762.054,5713.106,2000,5658.728,5813.858,2000,5668.711,5749.86,2000,5751.337
5917.514,2000,5713.267,5851.888,2000,5761.951,5714.17,2000,5658.525,5814.899,2000,5668.412,5750.941,2000,5751.26
5918.588,2000,5713.412,5852.963,2000,5761.813,5715.228,2000,5658.289,5815.949,2000,5668.146,5752.023,2000,5751.219
5919.662,2000,5713.557,5854.032,2000,5761.64,5716.276,2000,5658.018,5817.008,2000,5667.916,5753.107,2000,5751.212
5920.735,2000,5713.701,5855.095,2000,5761.432,5717.333,2000,5657.781,5818.073,2000,5667.72,5754.189,2000,5751.171
5921.809,2000,5713.846,5856.151,2000,5761.189,5718.398,2000,5657.579,5819.145,2000,5667.56,5755.27,2000,5751.094
5922.883,2000,5713.991,5857.198,2000,5760.913,5719.468,2000,5657.412,5820.221,2000,5667.434,5756.348,2000,5750.981
5923.957,2000,5714.136,5858.236,2000,5760.602,5720.543,2000,5657.28,5821.3,2000,5667.344,5757.421,2000,5750.834
5925.03,2000,5714.28,5859.263,2000,5760.257,5721.623,2000,5657.183,5822.382,2000,5667.289,5758.489,2000,5750.651
5926.104,2000,5714.425,5860.278,2000,5759.878,5722.704,2000,5657.122,5823.465,2000,5667.269,5759.55,2000,5750.434
5927.178,2000,5714.57,5861.305,2000,5759.534,5723.787,2000,5657.096,5824.547,2000,5667.214,5760.609,2000,5750.205
5928.251,2000,5714.715,5862.342,2000,5759.223,5724.871,2000,5657.106,5825.627,2000,5667.124,5761.668,2000,5749.979
5929.325,2000,5714.86,5863.39,2000,5758.946,5725.954,2000,5657.08,5826.703,2000,5666.998,5762.735,2000,5749.787
5930.399,2000,5715.004,5864.445,2000,5758.703,5727.035,2000,5657.019,5827.774,2000,5666.837,5763.807,2000,5749.63
5931.473,2000,5715.149,5865.508,2000,5758.495,5728.114,2000,5656.922,5828.84,2000,5666.642,5764.883,2000,5749.508
5932.546,2000,5715.294,5866.578,2000,5758.322,5729.189,2000,5656.791,5829.898,2000,5666.411,5765.963,2000,5749.422
5933.62,2000,5715.439,5867.652,2000,5758.184,5730.26,2000,5656.624,5830.949,2000,5666.146,5767.045,2000,5749.371
5934.66,2000,5715.743,5868.731,2000,5758.082,5731.324,2000,5656.421,5831.99,2000,5665.847,5768.128,2000,5749.355
5935.699,2000,5716.047,5869.812,2000,5758.014,5732.381,2000,5656.185,5833.021,2000,5665.514,5769.211,2000,5749.375
5936.739,2000,5716.352,5870.895,2000,5757.982,5733.446,2000,5655.982,5834.04,2000,5665.147,5770.294,2000,5749.359
5937.778,2000,5716.656,5871.979,2000,5757.985,5734.516,2000,5655.815,5835.047,2000,5664.747,5771.376,2000,5749.308
5938.818,2000,5716.96,5873.062,2000,5757.953,5735.591,2000,5655.684,5836.066,2000,5664.38,5772.457,2000,5749.222
5939.857,2000,5717.264,5874.143,2000,5757.886,5736.67,2000,5655.587,5837.097,2000,5664.047,5773.533,2000,5749.1
5940.897,2000,5717.568,5875.221,2000,5757.783,5737.752,2000,5655.526,5838.138,2000,5663.748,5774.605,2000,5748.943
5941.937,2000,5717.873,5876.296,2000,5757.645,5738.835,2000,5655.5,5839.188,2000,5663.483,5775.671,2000,5748.751
5942.976,2000,5718.177,5877.365,2000,5757.472,5739.918,2000,5655.51,5840.247,2000,5663.252,5776.736,2000,5748.554
5944.016,2000,5718.481,5878.428,2000,5757.264,5741.001,2000,5655.555,5841.313,2000,5663.057,5777.802,2000,5748.359
5945.055,2000,5718.785,5879.484,2000,5757.021,5742.084,2000,5655.564,5842.384,2000,5662.896,5778.874,2000,5748.199
5946.095,2000,5719.089,5880.531,2000,5756.745,5743.167,2000,5655.539,5843.46,2000,5662.771,5779.95,2000,5748.075
5947.134,2000,5719.394,5881.569,2000,5756.434,5744.249,2000,5655.478,5844.54,2000,5662.68,5781.029,2000,5747.985
5948.174,2000,5719.698,5882.596,2000,5756.089,5745.328,2000,5655.381,5845.622,2000,5662.625,5782.111,2000,5747.931
5949.213,2000,5720.002,5883.611,2000,5755.71,5746.403,2000,5655.249,5846.705,2000,5662.605,5783.194,2000,5747.913
5950.253,2000,5720.306,5884.613,2000,5755.299,5747.474,2000,5655.082,5847.788,2000,5662.622,5784.277,2000,5747.93
5951.292,2000,5720.61,5885.628,2000,5754.92,5748.538,2000,5654.88,5848.871,2000,5662.602,5785.359,2000,5747.982
5952.332,2000,5720.915,5886.655,2000,5754.576,5749.608,2000,5654.713,5849.953,2000,5662.547,5786.442,2000,5747.999
5953.372,2000,5721.219,5887.692,2000,5754.265,5750.684,2000,5654.581,5851.032,2000,5662.457,5787.525,2000,5747.98
5954.411,2000,5721.523,5888.74,2000,5753.988,5751.763,2000,5654.484,5852.108,2000,5662.331,5788.607,2000,5747.926
5955.451,2000,5721.827,5889.795,2000,5753.745,5752.844,2000,5654.423,5853.18,2000,5662.17,5789.687,2000,5747.837
5956.49,2000,5722.131,5890.858,2000,5753.537,5753.927,2000,5654.397,5854.245,2000,5661.975,5790.763,2000,5747.712
5957.53,2000,5722.436,5891.928,2000,5753.364,5755.011,2000,5654.407,5855.304,2000,5661.744,5791.834,2000,5747.553
5958.569,2000,5722.74,5893.002,2000,5753.226,5756.093,2000,5654.452,5856.354,2000,5661.479,5792.906,2000,5747.39
5959.609,2000,5723.044,5894.081,2000,5753.124,5757.177,2000,5654.462,5857.395,2000,5661.18,5793.981,2000,5747.263
5960.648,2000,5723.348,5895.162,2000,5753.056,5758.26,2000,5654.436,5858.426,2000,5660.847,5795.061,2000,5747.171
5961.688,2000,5723.652,5896.245,2000,5753.024,5759.341,2000,5654.375,5859.445,2000,5660.48,5796.143,2000,5747.114
5962.728,2000,5723.957,5897.329,2000,5753.027,5760.42,2000,5654.278,5860.452,2000,5660.08,5797.226,2000,5747.093
5963.767,2000,5724.261,5898.411,2000,5753.066,5761.496,2000,5654.146,5861.445,2000,5659.647,5798.309,2000,5747.107
5964.807,2000,5724.565,5899.495,2000,5753.07,5762.566,2000,5653.979,5862.452,2000,5659.248,5799.391,2000,5747.157
5965.846,2000,5724.869,5900.578,2000,5753.038,5763.641,2000,5653.848,5863.472,2000,5658.881,5800.474,2000,5747.171
5966.886,2000,5725.173,5901.659,2000,5752.97,5764.711,2000,5653.681,5864.502,2000,5658.548,5801.557,2000,5747.15
5967.925,2000,5725.478,5902.737,2000,5752.868,5765.776,2000,5653.479,5865.543,2000,5658.249,5802.639,2000,5747.094
5968.965,2000,5725.782,5903.812,2000,5752.729,5766.833,2000,5653.242,5866.594,2000,5657.983,5803.719,2000,5747.002
5970.004,2000,5726.086,5904.881,2000,5752.557,5767.882,2000,5652.971,5867.652,2000,5657.753,5804.794,2000,5746.875
5971.044,2000,5726.39,5905.944,2000,5752.349,5768.921,2000,5652.666,5868.718,2000,5657.557,5805.869,2000,5746.739
5972.083,2000,5726.694,5907,2000,5752.106,5769.95,2000,5652.326,5869.789,2000,5657.396,5806.944,2000,5746.607
5973.123,2000,5726.999,5908.047,2000,5751.829,5770.967,2000,5651.954,5870.865,2000,5657.271,5808.02,2000,5746.477
5974.163,2000,5727.303,5909.085,2000,5751.518,5771.996,2000,5651.614,5871.945,2000,5657.181,5809.096,2000,5746.35
5975.202,2000,5727.607,5910.112,2000,5751.173,5773.036,2000,5651.309,5873.027,2000,5657.125,5810.172,2000,5746.226
5976.242,2000,5727.911,5911.13,2000,5750.805,5774.084,2000,5651.038,5874.11,2000,5657.106,5811.249,2000,5746.104
5977.281,2000,5728.215,5912.161,2000,5750.469,5775.142,2000,5650.801,5875.193,2000,5657.122,5812.32,2000,5745.948
5978.321,2000,5728.52,5913.201,2000,5750.168,5776.206,2000,5650.599,5876.275,2000,5657.173,5813.387,2000,5745.756
5979.36,2000,5728.824,5914.251,2000,5749.901,5777.276,2000,5650.432,5877.355,2000,5657.26,5814.446,2000,5745.53
5980.4,2000,5729.128,5915.309,2000,5749.668,5778.352,2000,5650.3,5878.437,2000,5657.312,5815.498,2000,5745.269
5981.439,2000,5729.432,5916.374,2000,5749.47,5779.431,2000,5650.204,5879.52,2000,5657.328,5816.54,2000,5744.974
5982.479,2000,5729.736,5917.445,2000,5749.307,5780.512,2000,5650.143,5880.603,2000,5657.308,5817.572,2000,5744.645
5983.519,2000,5730.041,5918.521,2000,5749.179,5781.595,2000,5650.117,5881.685,2000,5657.253,5818.593,2000,5744.282
5984.558,2000,5730.345,5919.6,2000,5749.086,5782.679,2000,5650.126,5882.765,2000,5657.163,5819.625,2000,5743.953
5985.598,2000,5730.649,5920.682,2000,5749.029,5783.761,2000,5650.171,5883.841,2000,5657.037,5820.668,2000,5743.657
5986.637,2000,5730.953,5921.765,2000,5749.007,5784.842,2000,5650.252,5884.912,2000,5656.876,5821.719,2000,5743.396
5987.677,2000,5731.257,5922.848,2000,5749.021,5785.919,2000,5650.368,5885.978,2000,5656.681,5822.779,2000,5743.17
5988.716,2000,5731.562,5923.93,2000,5749.07,5787,2000,5650.448,5887.036,2000,5656.45,5823.845,2000,5742.979
5989.756,2000,5731.866,5925.01,2000,5749.155,5788.082,2000,5650.493,5888.086,2000,5656.185,5824.917,2000,5742.822
5990.795,2000,5732.17,5926.092,2000,5749.204,5789.166,2000,5650.503,5889.145,2000,5655.955,5825.994,2000,5742.7
5991.835,2000,5732.474,5927.175,2000,5749.218,5790.249,2000,5650.477,5890.21,2000,5655.759,5827.074,2000,5742.614
5992.875,2000,5732.778,5928.258,2000,5749.196,5791.33,2000,5650.416,5891.282,2000,5655.598,5828.156,2000,5742.563
5993.914,2000,5733.083,5929.34,2000,5749.139,5792.409,2000,5650.319,5892.358,2000,5655.473,5829.239,2000,5742.548
5994.954,2000,5733.387,5930.42,2000,5749.046,5793.484,2000,5650.188,5893.438,2000,5655.382,5830.322,2000,5742.568
5995.993,2000,5733.691,5931.496,2000,5748.918,5794.555,2000,5650.021,5894.52,2000,5655.327,5831.404,2000,5742.624
5997.033,2000,5733.995,5932.566,2000,5748.755,5795.619,2000,5649.818,5895.603,2000,5655.308,5832.483,2000,5742.715
5998.072,2000,5734.299,5933.631,2000,5748.557,5796.676,2000,5649.582,5896.686,2000,5655.324,5833.56,2000,5742.841
5999.112,2000,5734.604,5934.689,2000,5748.324,5797.741,2000,5649.379,5897.768,2000,5655.375,5834.639,2000,5742.932
6000.151,2000,5734.908,5935.749,2000,5748.099,5798.811,2000,5649.212,5898.848,2000,5655.462,5835.721,2000,5742.987
6001.191,2000,5735.212,5936.815,2000,5747.908,5799.886,2000,5649.081,5899.93,2000,5655.513,5836.804,2000,5743.007
6002.23,2000,5735.517,5937.888,2000,5747.752,5800.965,2000,5648.984,5901.013,2000,5655.529,5837.887,2000,5742.992
6003.27,2000,5735.821,5938.964,2000,5747.631,5802.047,2000,5648.923,5902.096,2000,5655.51,5838.969,2000,5742.943
6004.31,2000,5736.125,5940.044,2000,5747.546,5803.13,2000,5648.897,5903.178,2000,5655.455,5840.052,2000,5742.896
6005.349,2000,5736.43,5941.126,2000,5747.496,5804.213,2000,5648.907,5904.257,2000,5655.364,5841.134,2000,5742.852
6006.389,2000,5736.734,5942.209,2000,5747.481,5805.296,2000,5648.952,5905.333,2000,5655.239,5842.217,2000,5742.809
6007.428,2000,5737.039,5943.292,2000,5747.502,5806.376,2000,5649.032,5906.405,2000,5655.078,5843.299,2000,5742.769
6008.468,2000,5737.343,5944.375,2000,5747.558,5807.454,2000,5649.148,5907.47,2000,5654.882,5844.382,2000,5742.731
6009.507,2000,5737.647,5945.454,2000,5747.65,5808.526,2000,5649.299,5908.529,2000,5654.652,5845.464,2000,5742.696
6010.547,2000,5737.952,5946.536,2000,5747.706,5809.594,2000,5649.485,5909.594,2000,5654.456,5846.547,2000,5742.663
6011.586,2000,5738.256,5947.619,2000,5747.727,5810.654,2000,5649.706,5910.666,2000,5654.295,5847.63,2000,5742.631
6012.626,2000,5738.561,5948.702,2000,5747.712,5811.707,2000,5649.961,5911.742,2000,5654.17,5848.713,2000,5742.603
6013.666,2000,5738.865,5949.784,2000,5747.662,5812.768,2000,5650.182,5912.821,2000,5654.08,5849.797,2000,5742.609
6014.647,2000,5739.323,5950.864,2000,5747.577,5813.835,2000,5650.368,5913.903,2000,5654.024,5850.879,2000,5742.651
6015.629,2000,5739.78,5951.941,2000,5747.456,5814.908,2000,5650.519,5914.986,2000,5654.005,5851.96,2000,5742.728
6016.611,2000,5740.238,5953.017,2000,5747.327,5815.985,2000,5650.634,5916.069,2000,5654.021,5853.038,2000,5742.841
6017.593,2000,5740.695,5954.093,2000,5747.207,5817.065,2000,5650.715,5917.151,2000,5654.072,5854.111,2000,5742.989
6018.575,2000,5741.153,5955.171,2000,5747.096,5818.148,2000,5650.76,5918.231,2000,5654.159,5855.179,2000,5743.172
6019.557,2000,5741.61,5956.25,2000,5746.995,5819.231,2000,5650.77,5919.308,2000,5654.281,5856.24,2000,5743.39
6020.539,2000,5742.068,5957.331,2000,5746.929,5820.314,2000,5650.744,5920.388,2000,5654.368,5857.293,2000,5743.642
6021.521,2000,5742.525,5958.414,2000,5746.899,5821.396,2000,5650.683,5921.47,2000,5654.419,5858.338,2000,5743.929
6022.503,2000,5742.983,5959.498,2000,5746.904,5822.479,2000,5650.657,5922.553,2000,5654.436,5859.392,2000,5744.181
6023.485,2000,5743.44,5960.58,2000,5746.944,5823.563,2000,5650.667,5923.636,2000,5654.416,5860.453,2000,5744.399
6024.467,2000,5743.898,5961.661,2000,5747.021,5824.645,2000,5650.711,5924.718,2000,5654.361,5861.521,2000,5744.582
6025.449,2000,5744.355,5962.738,2000,5747.132,5825.726,2000,5650.792,5925.798,2000,5654.271,5862.594,2000,5744.73
6026.431,2000,5744.813,5963.812,2000,5747.278,5826.803,2000,5650.908,5926.874,2000,5654.145,5863.672,2000,5744.843
6027.413,2000,5745.271,5964.889,2000,5747.39,5827.875,2000,5651.059,5927.954,2000,5654.055,5864.752,2000,5744.92
6028.395,2000,5745.728,5965.97,2000,5747.466,5828.943,2000,5651.245,5929.036,2000,5654,5865.835,2000,5744.962
6029.376,2000,5746.186,5967.052,2000,5747.506,5830.003,2000,5651.465,5930.119,2000,5653.98,5866.918,2000,5744.968
6030.358,2000,5746.643,5968.136,2000,5747.511,5831.056,2000,5651.721,5931.202,2000,5653.996,5868.002,2000,5744.977
6031.34,2000,5747.101,5969.219,2000,5747.496,5832.1,2000,5652.01,5932.284,2000,5654.047,5869.085,2000,5744.988
6032.322,2000,5747.558,5970.302,2000,5747.489,5833.134,2000,5652.334,5933.364,2000,5654.134,5870.168,2000,5745.002
6033.304,2000,5748.016,5971.386,2000,5747.49,5834.178,2000,5652.624,5934.44,2000,5654.256,5871.25,2000,5745.051
6034.286,2000,5748.473,5972.469,2000,5747.5,5835.23,2000,5652.879,5935.512,2000,5654.414,5872.331,2000,5745.136
6035.268,2000,5748.931,5973.552,2000,5747.517,5836.291,2000,5653.1,5936.578,2000,5654.605,5873.407,2000,5745.256
6036.25,2000,5749.388,5974.634,2000,5747.569,5837.358,2000,5653.286,5937.65,2000,5654.763,5874.479,2000,5745.412
6037.232,2000,5749.846,5975.714,2000,5747.657,5838.431,2000,5653.437,5938.727,2000,5654.885,5875.546,2000,5745.602
6038.214,2000,5750.303,5976.79,2000,5747.78,5839.508,2000,5653.552,5939.807,2000,5654.972,5876.605,2000,5745.827
6039.196,2000,5750.761,5977.862,2000,5747.938,5840.589,2000,5653.633,5940.889,2000,5655.023,5877.657,2000,5746.087
6040.178,2000,5751.219,5978.938,2000,5748.062,5841.671,2000,5653.678,5941.969,2000,5655.11,5878.7,2000,5746.381
6041.16,2000,5751.677,5980.018,2000,5748.149,5842.755,2000,5653.688,5943.045,2000,5655.232,5879.732,2000,5746.709
6042.142,2000,5752.134,5981.099,2000,5748.212,5843.837,2000,5653.732,5944.117,2000,5655.389,5880.775,2000,5747.003
6043.124,2000,5752.592,5982.178,2000,5748.31,5844.918,2000,5653.813,5945.194,2000,5655.511,5881.827,2000,5747.263
6044.105,2000,5753.05,5983.253,2000,5748.442,5845.995,2000,5653.929,5946.274,2000,5655.598,5882.886,2000,5747.488
6045.087,2000,5753.508,5984.324,2000,5748.61,5847.068,2000,5654.08,5947.356,2000,5655.649,5883.953,2000,5747.678
6046.069,2000,5753.966,5985.399,2000,5748.743,5848.135,2000,5654.266,5948.436,2000,5655.736,5885.025,2000,5747.833
6047.051,2000,5754.423,5986.478,2000,5748.841,5849.196,2000,5654.486,5949.513,2000,5655.858,5886.102,2000,5747.954
6048.033,2000,5754.881,5987.557,2000,5748.94,5850.249,2000,5654.742,5950.584,2000,5656.016,5887.182,2000,5748.039
6049.015,2000,5755.339,5988.635,2000,5749.046,5851.292,2000,5655.031,5951.65,2000,5656.208,5888.264,2000,5748.088
6049.997,2000,5755.797,5989.709,2000,5749.188,5852.326,2000,5655.355,5952.722,2000,5656.365,5889.346,2000,5748.137
6050.979,2000,5756.255,5990.778,2000,5749.364,5853.37,2000,5655.645,5953.799,2000,5656.487,5890.426,2000,5748.221
6051.961,2000,5756.712,5991.84,2000,5749.575,5854.423,2000,5655.9,5954.879,2000,5656.574,5891.502,2000,5748.341
6052.943,2000,5757.17,5992.909,2000,5749.751,5855.483,2000,5656.121,5955.956,2000,5656.696,5892.575,2000,5748.496
6053.925,2000,5757.628,5993.983,2000,5749.892,5856.551,2000,5656.307,5957.027,2000,5656.853,5893.641,2000,5748.686
6054.907,2000,5758.086,5995.058,2000,5750.031,5857.624,2000,5656.458,5958.093,2000,5657.045,5894.701,2000,5748.91
6055.889,2000,5758.543,5996.131,2000,5750.175,5858.701,2000,5656.573,5959.152,2000,5657.272,5895.752,2000,5749.169
6056.871,2000,5759.001,5997.2,2000,5750.355,5859.781,2000,5656.654,5960.218,2000,5657.464,5896.795,2000,5749.463
6057.853,2000,5759.459,5998.262,2000,5750.569,5860.864,2000,5656.699,5961.29,2000,5657.621,5897.828,2000,5749.791
6058.834,2000,5759.917,5999.33,2000,5750.749,5861.944,2000,5656.779,5962.356,2000,5657.813,5898.871,2000,5750.084
6059.816,2000,5760.375,6000.401,2000,5750.914,5863.021,2000,5656.895,5963.415,2000,5658.04,5899.923,2000,5750.343
6060.798,2000,5760.833,6001.466,2000,5751.114,5864.094,2000,5657.046,5964.481,2000,5658.232,5900.982,2000,5750.568
6061.78,2000,5761.291,6002.523,2000,5751.349,5865.162,2000,5657.232,5965.553,2000,5658.389,5902.049,2000,5750.758
6062.762,2000,5761.748,6003.588,2000,5751.548,5866.222,2000,5657.453,5966.619,2000,5658.581,5903.121,2000,5750.913
6063.744,2000,5762.206,6004.656,2000,5751.732,5867.275,2000,5657.708,5967.678,2000,5658.808,5904.198,2000,5751.032
6064.726,2000,5762.664,6005.723,2000,5751.921,5868.319,2000,5657.998,5968.729,2000,5659.069,5905.278,2000,5751.117
6065.708,2000,5763.122,6006.783,2000,5752.145,5869.353,2000,5658.321,5969.788,2000,5659.296,5906.358,2000,5751.195
6066.69,2000,5763.58,6007.835,2000,5752.403,5870.396,2000,5658.611,5970.854,2000,5659.488,5907.436,2000,5751.309
6067.672,2000,5764.037,6008.895,2000,5752.627,5871.449,2000,5658.866,5971.913,2000,5659.715,5908.509,2000,5751.458
6068.654,2000,5764.495,6009.958,2000,5752.833,5872.51,2000,5659.087,5972.964,2000,5659.977,5909.577,2000,5751.641
6069.636,2000,5764.953,6011.015,2000,5753.075,5873.577,2000,5659.273,5974.023,2000,5660.204,5910.638,2000,5751.86
6070.618,2000,5765.411,6012.063,2000,5753.35,5874.65,2000,5659.424,5975.089,2000,5660.396,5911.691,2000,5752.113
6071.6,2000,5765.868,6013.119,2000,5753.591,5875.727,2000,5659.54,5976.148,2000,5660.623,5912.735,2000,5752.401
6072.582,2000,5766.326,6014.179,2000,5753.814,5876.808,2000,5659.62,5977.2,2000,5660.884,5913.77,2000,5752.723
6073.563,2000,5766.784,6015.238,2000,5754.041,5877.885,2000,5659.736,5978.242,2000,5661.18,5914.814,2000,5753.01
6074.545,2000,5767.242,6016.289,2000,5754.302,5878.958,2000,5659.887,5979.293,2000,5661.441,5915.868,2000,5753.264
6075.527,2000,5767.7,6017.331,2000,5754.598,5880.025,2000,5660.073,5980.352,2000,5661.668,5916.929,2000,5753.482
6076.509,2000,5768.157,6018.382,2000,5754.859,5881.085,2000,5660.293,5981.403,2000,5661.929,5917.997,2000,5753.666
6077.491,2000,5768.615,6019.438,2000,5755.101,5882.138,2000,5660.549,5982.445,2000,5662.225,5919.07,2000,5753.815
6078.473,2000,5769.073,6020.486,2000,5755.377,5883.182,2000,5660.838,5983.497,2000,5662.486,5920.147,2000,5753.929
6079.455,2000,5769.531,6021.524,2000,5755.687,5884.216,2000,5661.162,5984.556,2000,5662.713,5921.226,2000,5754.032
6080.437,2000,5769.988,6022.571,2000,5755.963,5885.26,2000,5661.452,5985.607,2000,5662.975,5922.3,2000,5754.17
6081.419,2000,5770.446,6023.624,2000,5756.218,5886.313,2000,5661.707,5986.649,2000,5663.271,5923.369,2000,5754.343
6082.401,2000,5770.904,6024.676,2000,5756.477,5887.373,2000,5661.928,5987.681,2000,5663.6,5924.432,2000,5754.552
6083.383,2000,5771.362,6025.719,2000,5756.771,5888.44,2000,5662.114,5988.723,2000,5663.896,5925.488,2000,5754.795
6084.365,2000,5771.82,6026.751,2000,5757.098,5889.513,2000,5662.265,5989.774,2000,5664.157,5926.535,2000,5755.072
6085.347,2000,5772.277,6027.794,2000,5757.391,5890.59,2000,5662.38,5990.816,2000,5664.453,5927.573,2000,5755.384
6086.329,2000,5772.735,6028.843,2000,5757.663,5891.663,2000,5662.531,5991.848,2000,5664.783,5928.62,2000,5755.661
6087.311,2000,5773.193,6029.883,2000,5757.968,5892.73,2000,5662.717,5992.89,2000,5665.079,5929.676,2000,5755.904
6088.292,2000,5773.651,6030.912,2000,5758.308,5893.791,2000,5662.938,5993.941,2000,5665.34,5930.739,2000,5756.113
6089.274,2000,5774.108,6031.951,2000,5758.613,5894.844,2000,5663.193,5994.983,2000,5665.636,5931.808,2000,5756.286
6090.177,2000,5774.708,6032.997,2000,5758.896,5895.888,2000,5663.483,5996.015,2000,5665.965,5932.882,2000,5756.424
6091.079,2000,5775.308,6034.041,2000,5759.185,5896.921,2000,5663.807,5997.035,2000,5666.329,5933.958,2000,5756.549
6091.981,2000,5775.907,6035.075,2000,5759.507,5897.965,2000,5664.096,5998.067,2000,5666.658,5935.03,2000,5756.709
6092.884,2000,5776.507,6036.098,2000,5759.864,5899.018,2000,5664.352,5999.109,2000,5666.954,5936.095,2000,5756.905
6093.786,2000,5777.106,6037.132,2000,5760.187,5900.079,2000,5664.572,6000.141,2000,5667.284,5937.154,2000,5757.135
6094.688,2000,5777.706,6038.155,2000,5760.543,5901.146,2000,5664.758,6001.183,2000,5667.58,5938.205,2000,5757.399
6095.591,2000,5778.306,6039.189,2000,5760.866,5902.219,2000,5664.909,6002.214,2000,5667.909,5939.246,2000,5757.698
6096.493,2000,5778.905,6040.233,2000,5761.154,5903.296,2000,5665.025,6003.235,2000,5668.272,5940.277,2000,5758.031
6097.396,2000,5779.505,6041.268,2000,5761.477,5904.369,2000,5665.176,6004.267,2000,5668.602,5941.319,2000,5758.33
6098.298,2000,5780.104,6042.291,2000,5761.833,5905.436,2000,5665.362,6005.309,2000,5668.898,5942.35,2000,5758.662
6099.2,2000,5780.704,6043.325,2000,5762.156,5906.497,2000,5665.583,6006.36,2000,5669.159,5943.37,2000,5759.028
6100.103,2000,5781.304,6044.353,2000,5762.498,5907.549,2000,5665.838,6007.419,2000,5669.386,5944.401,2000,5759.361
6101.005,2000,5781.903,6045.379,2000,5762.844,5908.593,2000,5666.127,6008.485,2000,5669.578,5945.442,2000,5759.66
6101.907,2000,5782.503,6046.417,2000,5763.156,5909.627,2000,5666.451,6009.557,2000,5669.735,5946.474,2000,5759.992
6102.81,2000,5783.103,6047.463,2000,5763.435,5910.65,2000,5666.809,6010.633,2000,5669.857,5947.493,2000,5760.358
6103.712,2000,5783.702,6048.5,2000,5763.747,5911.66,2000,5667.199,6011.705,2000,5670.015,5948.524,2000,5760.691
6104.614,2000,5784.302,6049.527,2000,5764.093,5912.657,2000,5667.623,6012.771,2000,5670.207,5949.566,2000,5760.99
6105.517,2000,5784.901,6050.544,2000,5764.466,5913.64,2000,5668.079,6013.83,2000,5670.434,5950.617,2000,5761.254
6106.419,2000,5785.501,6051.573,2000,5764.806,5914.607,2000,5668.566,6014.881,2000,5670.695,5951.658,2000,5761.553
6107.321,2000,5786.101,6052.612,2000,5765.112,5915.558,2000,5669.085,6015.923,2000,5670.991,5952.689,2000,5761.886
6108.224,2000,5786.7,6053.661,2000,5765.383,5916.525,2000,5669.573,6016.955,2000,5671.32,5953.709,2000,5762.252
6109.126,2000,5787.3,6054.7,2000,5765.689,5917.508,2000,5670.029,6017.976,2000,5671.684,5954.716,2000,5762.651
6110.028,2000,5787.899,6055.729,2000,5766.029,5918.505,2000,5670.453,6018.984,2000,5672.08,5955.709,2000,5763.083
6110.931,2000,5788.499,6056.746,2000,5766.402,5919.516,2000,5670.843,6019.979,2000,5672.509,5956.688,2000,5763.548
6111.833,2000,5789.099,6057.75,2000,5766.808,5920.539,2000,5671.201,6020.958,2000,5672.971,5957.651,2000,5764.044
6112.735,2000,5789.698,6058.751,2000,5767.221,5921.572,2000,5671.524,6021.923,2000,5673.464,5958.598,2000,5764.571
6113.638,2000,5790.298,6059.751,2000,5767.637,5922.595,2000,5671.882,6022.871,2000,5673.988,5959.561,2000,5765.067
6114.54,2000,5790.897,6060.75,2000,5768.057,5923.605,2000,5672.272,6023.801,2000,5674.543,5960.54,2000,5765.532
6115.442,2000,5791.497,6061.747,2000,5768.48,5924.603,2000,5672.696,6024.712,2000,5675.129,5961.533,2000,5765.964
6116.345,2000,5792.097,6062.743,2000,5768.907,5925.585,2000,5673.152,6025.604,2000,5675.744,5962.54,2000,5766.363
6117.247,2000,5792.696,6063.737,2000,5769.337,5926.553,2000,5673.64,6026.475,2000,5676.388,5963.56,2000,5766.729
6118.149,2000,5793.296,6064.729,2000,5769.771,5927.503,2000,5674.159,6027.367,2000,5677.003,5964.591,2000,5767.062
6119.052,2000,5793.896,6065.721,2000,5770.208,5928.437,2000,5674.708,6028.278,2000,5677.589,5965.632,2000,5767.361
6119.954,2000,5794.495,6066.698,2000,5770.676,5929.388,2000,5675.228,6029.208,2000,5678.144,5966.664,2000,5767.693
6120.856,2000,5795.095,6067.659,2000,5771.177,5930.355,2000,5675.715,6030.156,2000,5678.668,5967.683,2000,5768.06
6121.759,2000,5795.694,6068.603,2000,5771.708,5931.338,2000,5676.171,6031.121,2000,5679.162,5968.69,2000,5768.459
6122.661,2000,5796.294,6069.528,2000,5772.271,5932.335,2000,5676.595,6032.101,2000,5679.623,5969.684,2000,5768.891
6123.563,2000,5796.894,6070.436,2000,5772.863,5933.345,2000,5676.985,6033.095,2000,5680.052,5970.663,2000,5769.355
6124.466,2000,5797.493,6071.361,2000,5773.426,5934.368,2000,5677.343,6034.104,2000,5680.449,5971.625,2000,5769.852
6125.368,2000,5798.093,6072.305,2000,5773.958,5935.402,2000,5677.667,6035.124,2000,5680.812,5972.572,2000,5770.379
6126.271,2000,5798.692,6073.266,2000,5774.458,5936.446,2000,5677.956,6036.156,2000,5681.142,5973.5,2000,5770.937
6127.173,2000,5799.292,6074.243,2000,5774.927,5937.479,2000,5678.28,6037.198,2000,5681.438,5974.41,2000,5771.525
6128.075,2000,5799.892,6075.234,2000,5775.363,5938.502,2000,5678.637,6038.249,2000,5681.699,5975.3,2000,5772.143
6128.978,2000,5800.491,6076.24,2000,5775.767,5939.513,2000,5679.028,6039.308,2000,5681.926,5976.169,2000,5772.789
6129.88,2000,5801.091,6077.231,2000,5776.204,5940.51,2000,5679.451,6040.374,2000,5682.118,5977.06,2000,5773.407
6130.782,2000,5801.69,6078.211,2000,5776.667,5941.493,2000,5679.907,6041.446,2000,5682.275,5977.969,2000,5773.995
6131.685,2000,5802.29,6079.189,2000,5777.132,5942.46,2000,5680.395,6042.522,2000,5682.397,5978.898,2000,5774.553
6132.587,2000,5802.89,6080.166,2000,5777.601,5943.411,2000,5680.914,6043.594,2000,5682.554,5979.844,2000,5775.08
6133.489,2000,5803.489,6081.142,2000,5778.071,5944.344,2000,5681.464,6044.66,2000,5682.746,5980.807,2000,5775.576
6134.392,2000,5804.089,6082.116,2000,5778.544,5945.259,2000,5682.044,6045.719,2000,5682.973,5981.786,2000,5776.041
6135.294,2000,5804.688,6083.089,2000,5779.02,5946.169,2000,5682.631,6046.771,2000,5683.234,5982.78,2000,5776.473
6136.196,2000,5805.288,6084.062,2000,5779.498,5947.08,2000,5683.219,6047.813,2000,5683.53,5983.787,2000,5776.872
6137.099,2000,5805.888,6085.033,2000,5779.979,5947.99,2000,5683.807,6048.844,2000,5683.86,5984.806,2000,5777.238
6138.001,2000,5806.487,6086.002,2000,5780.461,5948.9,2000,5684.395,6049.865,2000,5684.223,5985.837,2000,5777.571
6138.903,2000,5807.087,6086.971,2000,5780.946,5949.81,2000,5684.982,6050.873,2000,5684.62,5986.879,2000,5777.87
6139.806,2000,5807.687,6087.939,2000,5781.433,5950.72,2000,5685.569,6051.868,2000,5685.049,5987.93,2000,5778.134
6140.708,2000,5808.286,6088.906,2000,5781.922,5951.649,2000,5686.126,6052.848,2000,5685.51,5988.971,2000,5778.433
6141.61,2000,5808.886,6089.888,2000,5782.38,5952.596,2000,5686.653,6053.812,2000,5686.003,5990.002,2000,5778.766
6142.513,2000,5809.485,6090.884,2000,5782.805,5953.56,2000,5687.148,6054.76,2000,5686.528,5991.022,2000,5779.132
6143.415,2000,5810.085,6091.894,2000,5783.197,5954.539,2000,5687.611,6055.69,2000,5687.083,5992.029,2000,5779.531
6144.317,2000,5810.685,6092.916,2000,5783.556,5955.532,2000,5688.042,6056.602,2000,5687.668,5993.022,2000,5779.963
6145.22,2000,5811.284,6093.949,2000,5783.881,5956.54,2000,5688.441,6057.493,2000,5688.284,5994.001,2000,5780.428
6146.122,2000,5811.884,6094.971,2000,5784.24,5957.56,2000,5688.806,6058.364,2000,5688.928,5994.964,2000,5780.924
6147.024,2000,5812.483,6095.981,2000,5784.632,5958.591,2000,5689.138,6059.214,2000,5689.6,5995.911,2000,5781.451
6147.927,2000,5813.083,6096.978,2000,5785.057,5959.632,2000,5689.436,6060.041,2000,5690.299,5996.839,2000,5782.009
6148.829,2000,5813.682,6097.959,2000,5785.514,5960.683,2000,5689.699,6060.845,2000,5691.025,5997.749,2000,5782.597
6149.731,2000,5814.281,6098.926,2000,5786.003,5961.725,2000,5689.997,6061.625,2000,5691.777,5998.678,2000,5783.155
6150.634,2000,5814.881,6099.876,2000,5786.524,5962.756,2000,5690.329,6062.428,2000,5692.503,5999.624,2000,5783.683
6151.536,2000,5815.48,6100.822,2000,5787.052,5963.776,2000,5690.694,6063.255,2000,5693.203,6000.587,2000,5784.179
6152.438,2000,5816.079,6101.767,2000,5787.582,5964.783,2000,5691.092,6064.105,2000,5693.875,6001.566,2000,5784.643
6153.341,2000,5816.679,6102.711,2000,5788.113,5965.777,2000,5691.523,6064.976,2000,5694.519,6002.56,2000,5785.075
6154.243,2000,5817.278,6103.655,2000,5788.646,5966.756,2000,5691.987,6065.868,2000,5695.134,6003.566,2000,5785.475
6155.146,2000,5817.877,6104.598,2000,5789.179,5967.719,2000,5692.482,6066.779,2000,5695.72,6004.586,2000,5785.841
6156.048,2000,5818.477,6105.54,2000,5789.714,5968.666,2000,5693.008,6067.709,2000,5696.275,6005.617,2000,5786.173
6156.95,2000,5819.076,6106.499,2000,5790.218,5969.595,2000,5693.565,6068.657,2000,5696.799,6006.637,2000,5786.54
6157.853,2000,5819.675,6107.474,2000,5790.69,5970.505,2000,5694.153,6069.622,2000,5697.292,6007.644,2000,5786.939
6158.755,2000,5820.274,6108.463,2000,5791.13,5971.435,2000,5694.71,6070.602,2000,5697.754,6008.637,2000,5787.371
6159.657,2000,5820.874,6109.467,2000,5791.537,5972.381,2000,5695.236,6071.596,2000,5698.183,6009.616,2000,5787.835
6160.459,2000,5821.602,6110.484,2000,5791.912,5973.345,2000,5695.731,6072.604,2000,5698.58,6010.579,2000,5788.332
6161.261,2000,5822.331,6111.512,2000,5792.252,5974.324,2000,5696.195,6073.625,2000,5698.943,6011.525,2000,5788.859
6162.063,2000,5823.059,6112.529,2000,5792.627,5975.317,2000,5696.626,6074.657,2000,5699.272,6012.454,2000,5789.417
6162.864,2000,5823.788,6113.533,2000,5793.034,5976.325,2000,5697.024,6075.699,2000,5699.568,6013.364,2000,5790.005
6163.666,2000,5824.516,6114.522,2000,5793.474,5977.318,2000,5697.456,6076.75,2000,5699.83,6014.292,2000,5790.563
6164.468,2000,5825.245,6115.498,2000,5793.946,5978.297,2000,5697.919,6077.809,2000,5700.057,6015.239,2000,5791.09
6165.27,2000,5825.973,6116.457,2000,5794.45,5979.261,2000,5698.414,6078.875,2000,5700.249,6016.202,2000,5791.586
6166.071,2000,5826.702,6117.398,2000,5794.985,5980.208,2000,5698.94,6079.947,2000,5700.406,6017.181,2000,5792.051
6166.873,2000,5827.43,6118.322,2000,5795.55,5981.137,2000,5699.498,6081.023,2000,5700.528,6018.174,2000,5792.483
6167.675,2000,5828.159,6119.228,2000,5796.145,5982.047,2000,5700.085,6082.104,2000,5700.615,6019.181,2000,5792.882
6168.477,2000,5828.887,6120.132,2000,5796.742,5982.976,2000,5700.642,6083.18,2000,5700.737,6020.175,2000,5793.314
6169.278,2000,5829.616,6121.034,2000,5797.342,5983.923,2000,5701.168,6084.252,2000,5700.894,6021.154,2000,5793.779
6170.08,2000,5830.344,6121.956,2000,5797.912,5984.886,2000,5701.664,6085.318,2000,5701.086,6022.117,2000,5794.275
6170.882,2000,5831.073,6122.895,2000,5798.451,5985.865,2000,5702.127,6086.377,2000,5701.313,6023.063,2000,5794.802
6171.684,2000,5831.801,6123.852,2000,5798.959,5986.859,2000,5702.558,6087.428,2000,5701.574,6023.992,2000,5795.36
6172.485,2000,5832.53,6124.824,2000,5799.437,5987.866,2000,5702.957,6088.47,2000,5701.87,6024.901,2000,5795.948
6173.287,2000,5833.258,6125.812,2000,5799.881,5988.86,2000,5703.388,6089.502,2000,5702.2,6025.792,2000,5796.566
6174.089,2000,5833.987,6126.785,2000,5800.358,5989.839,2000,5703.851,6090.522,2000,5702.563,6026.701,2000,5797.154
6174.891,2000,5834.715,6127.741,2000,5800.867,5990.802,2000,5704.346,6091.531,2000,5702.959,6027.63,2000,5797.712
6175.693,2000,5835.444,6128.681,2000,5801.406,5991.749,2000,5704.873,6092.525,2000,5703.389,6028.576,2000,5798.239
6176.496,2000,5836.172,6129.602,2000,5801.976,5992.678,2000,5705.43,6093.505,2000,5703.85,6029.539,2000,5798.735
6177.298,2000,5836.901,6130.504,2000,5802.576,5993.588,2000,5706.017,6094.47,2000,5704.343,6030.518,2000,5799.2
6178.1,2000,5837.629,6131.386,2000,5803.205,5994.479,2000,5706.634,6095.417,2000,5704.868,6031.512,2000,5799.632
6178.902,2000,5838.358,6132.289,2000,5803.804,5995.361,2000,5707.263,6096.348,2000,5705.423,6032.491,2000,5800.096
6179.705,2000,5839.086,6133.21,2000,5804.374,5996.263,2000,5707.863,6097.259,2000,5706.008,6033.454,2000,5800.592
6180.507,2000,5839.815,6134.149,2000,5804.914,5997.184,2000,5708.434,6098.151,2000,5706.624,6034.4,2000,5801.12
6181.309,2000,5840.543,6135.106,2000,5805.422,5998.124,2000,5708.973,6099.022,2000,5707.268,6035.329,2000,5801.678
6182.111,2000,5841.272,6136.079,2000,5805.899,5999.08,2000,5709.482,6099.872,2000,5707.939,6036.238,2000,5802.266
6182.914,2000,5842,6137.066,2000,5806.344,6000.053,2000,5709.959,6100.699,2000,5708.639,6037.128,2000,5802.883
6183.716,2000,5842.729,6138.068,2000,5806.756,6001.009,2000,5710.468,6101.502,2000,5709.365,6037.998,2000,5803.53
6184.518,2000,5843.458,6139.056,2000,5807.201,6001.949,2000,5711.007,6102.282,2000,5710.117,6038.888,2000,5804.147
6185.32,2000,5844.186,6140.029,2000,5807.678,6002.87,2000,5711.578,6103.037,2000,5710.895,6039.797,2000,5804.735
6186.123,2000,5844.915,6140.985,2000,5808.186,6003.772,2000,5712.178,6103.766,2000,5711.696,6040.726,2000,5805.293
6186.925,2000,5845.643,6141.925,2000,5808.726,6004.654,2000,5712.807,6104.521,2000,5712.473,6041.672,2000,5805.821
6187.727,2000,5846.372,6142.846,2000,5809.295,6005.515,2000,5713.465,6105.301,2000,5713.225,6042.635,2000,5806.317
6188.529,2000,5847.1,6143.749,2000,5809.895,6006.354,2000,5714.15,6106.104,2000,5713.951,6043.582,2000,5806.844
6189.332,2000,5847.829,6144.63,2000,5810.524,6007.169,2000,5714.863,6106.932,2000,5714.651,6044.51,2000,5807.402
6190.134,2000,5848.557,6145.491,2000,5811.182,6007.962,2000,5715.602,6107.781,2000,5715.323,6045.42,2000,5807.99
6190.936,2000,5849.286,6146.33,2000,5811.867,6008.729,2000,5716.366,6108.652,2000,5715.967,6046.31,2000,5808.608
6191.738,2000,5850.014,6147.16,2000,5812.563,6009.472,2000,5717.155,6109.544,2000,5716.582,6047.179,2000,5809.254
6192.541,2000,5850.743,6147.99,2000,5813.26,6010.239,2000,5717.92,6110.415,2000,5717.226,6048.027,2000,5809.929
6193.343,2000,5851.471,6148.819,2000,5813.958,6011.032,2000,5718.659,6111.265,2000,5717.898,6048.852,2000,5810.63
6194.145,2000,5852.2,6149.647,2000,5814.656,6011.848,2000,5719.371,6112.092,2000,5718.598,6049.654,2000,5811.359
6194.947,2000,5852.928,6150.476,2000,5815.354,6012.687,2000,5720.057,6112.896,2000,5719.324,6050.431,2000,5812.113
6195.75,2000,5853.657,6151.303,2000,5816.054,6013.547,2000,5720.714,6113.675,2000,5720.076,6051.184,2000,5812.893
6196.552,2000,5854.385,6152.13,2000,5816.753,6014.429,2000,5721.344,6114.43,2000,5720.853,6051.91,2000,5813.696
6197.354,2000,5855.114,6152.957,2000,5817.454,6015.331,2000,5721.944,6115.159,2000,5721.654,6052.61,2000,5814.523
6198.156,2000,5855.842,6153.783,2000,5818.154,6016.252,2000,5722.514,6115.914,2000,5722.432,6053.282,2000,5815.372
6198.958,2000,5856.571,6154.609,2000,5818.855,6017.192,2000,5723.054,6116.694,2000,5723.184,6053.927,2000,5816.243
6199.761,2000,5857.299,6155.434,2000,5819.557,6018.113,2000,5723.624,6117.498,2000,5723.91,6054.599,2000,5817.092
6200.563,2000,5858.028,6156.259,2000,5820.26,6019.015,2000,5724.224,6118.325,2000,5724.609,6055.299,2000,5817.919
6201.365,2000,5858.756,6157.083,2000,5820.962,6019.897,2000,5724.854,6119.174,2000,5725.281,6056.025,2000,5818.723
6202.167,2000,5859.485,6157.908,2000,5821.666,6020.758,2000,5725.511,6120.045,2000,5725.925,6056.778,2000,5819.502
6202.97,2000,5860.213,6158.731,2000,5822.369,6021.597,2000,5726.197,6120.937,2000,5726.541,6057.555,2000,5820.256
6203.772,2000,5860.942,6159.555,2000,5823.073,6022.413,2000,5726.909,6121.849,2000,5727.126,6058.357,2000,5820.985
6204.574,2000,5861.67,6160.377,2000,5823.778,6023.205,2000,5727.648,6122.779,2000,5727.681,6059.182,2000,5821.687
6205.376,2000,5862.399,6161.2,2000,5824.483,6023.973,2000,5728.413,6123.727,2000,5728.206,6060.03,2000,5822.361
6206.179,2000,5863.127,6162.022,2000,5825.188,6024.715,2000,5729.202,6124.691,2000,5728.699,6060.899,2000,5823.007
6206.981,2000,5863.856,6162.844,2000,5825.895,6025.431,2000,5730.015,6125.671,2000,5729.16,6061.789,2000,5823.625
6207.783,2000,5864.584,6163.665,2000,5826.601,6026.173,2000,5730.804,6126.635,2000,5729.653,6062.699,2000,5824.213
6208.585,2000,5865.313,6164.486,2000,5827.308,6026.94,2000,5731.568,6127.583,2000,5730.178,6063.627,2000,5824.771
6209.388,2000,5866.041,6165.307,2000,5828.015,6027.733,2000,5732.307,6128.513,2000,5730.733,6064.574,2000,5825.298
6210.19,2000,5866.77,6166.127,2000,5828.723,6028.549,2000,5733.02,6129.425,2000,5731.318,6065.537,2000,5825.794
6210.992,2000,5867.498,6166.947,2000,5829.431,6029.388,2000,5733.705,6130.316,2000,5731.934,6066.483,2000,5826.322
6211.794,2000,5868.227,6167.766,2000,5830.139,6030.249,2000,5734.363,6131.188,2000,5732.578,6067.412,2000,5826.88
6212.597,2000,5868.955,6168.585,2000,5830.848,6031.13,2000,5734.992,6132.037,2000,5733.25,6068.321,2000,5827.468
6213.399,2000,5869.684,6169.404,2000,5831.557,6032.032,2000,5735.592,6132.864,2000,5733.949,6069.211,2000,5828.085
6214.201,2000,5870.412,6170.223,2000,5832.267,6032.954,2000,5736.163,6133.668,2000,5734.675,6070.081,2000,5828.732
6215.003,2000,5871.141,6171.042,2000,5832.977,6033.893,2000,5736.702,6134.448,2000,5735.427,6070.928,2000,5829.406
6215.806,2000,5871.869,6171.859,2000,5833.687,6034.85,2000,5737.211,6135.203,2000,5736.205,6071.753,2000,5830.108
6216.608,2000,5872.598,6172.677,2000,5834.397,6035.822,2000,5737.688,6135.932,2000,5737.006,6072.555,2000,5830.836
6217.41,2000,5873.326,6173.495,2000,5835.108,6036.779,2000,5738.197,6136.634,2000,5737.831,6073.38,2000,5831.538
6218.212,2000,5874.055,6174.312,2000,5835.82,6037.718,2000,5738.736,6137.363,2000,5738.632,6074.228,2000,5832.212
6219.015,2000,5874.783,6175.129,2000,5836.531,6038.64,2000,5739.307,6138.118,2000,5739.409,6075.097,2000,5832.859
6219.817,2000,5875.511,6175.946,2000,5837.243,6039.542,2000,5739.907,6138.897,2000,5740.161,6075.987,2000,5833.477
6220.619,2000,5876.24,6176.762,2000,5837.955,6040.423,2000,5740.536,6139.701,2000,5740.887,6076.897,2000,5834.064
6221.421,2000,5876.968,6177.602,2000,5838.64,6041.284,2000,5741.194,6140.528,2000,5741.587,6077.787,2000,5834.682
6222.223,2000,5877.696,6178.463,2000,5839.297,6042.123,2000,5741.879,6141.378,2000,5742.259,6078.656,2000,5835.329
6222.907,2000,5878.536,6179.345,2000,5839.926,6042.939,2000,5742.592,6142.249,2000,5742.903,6079.504,2000,5836.003
6223.592,2000,5879.376,6180.248,2000,5840.526,6043.731,2000,5743.331,6143.141,2000,5743.518,6080.329,2000,5836.705
6224.276,2000,5880.216,6181.169,2000,5841.096,6044.499,2000,5744.095,6144.052,2000,5744.104,6081.131,2000,5837.433
6224.961,2000,5881.056,6182.071,2000,5841.695,6045.241,2000,5744.884,6144.982,2000,5744.659,6081.956,2000,5838.135
6225.646,2000,5881.896,6182.954,2000,5842.324,6045.957,2000,5745.697,6145.93,2000,5745.183,6082.804,2000,5838.809
6226.33,2000,5882.735,6183.815,2000,5842.981,6046.646,2000,5746.533,6146.895,2000,5745.676,6083.673,2000,5839.456
6227.015,2000,5883.575,6184.654,2000,5843.667,6047.362,2000,5747.346,6147.842,2000,5746.201,6084.563,2000,5840.073
6227.699,2000,5884.415,6185.471,2000,5844.378,6048.104,2000,5748.135,6148.772,2000,5746.756,6085.432,2000,5840.72
6228.384,2000,5885.255,6186.263,2000,5845.117,6048.872,2000,5748.9,6149.684,2000,5747.341,6086.28,2000,5841.394
6229.068,2000,5886.095,6187.047,2000,5845.864,6049.664,2000,5749.639,6150.576,2000,5747.957,6087.105,2000,5842.096
6229.753,2000,5886.935,6187.83,2000,5846.613,6050.48,2000,5750.351,6151.447,2000,5748.601,6087.907,2000,5842.824
6230.438,2000,5887.774,6188.637,2000,5847.336,6051.319,2000,5751.037,6152.296,2000,5749.272,6088.684,2000,5843.579
6231.122,2000,5888.614,6189.419,2000,5848.085,6052.18,2000,5751.694,6153.124,2000,5749.972,6089.437,2000,5844.358
6231.806,2000,5889.454,6190.196,2000,5848.84,6053.062,2000,5752.324,6153.927,2000,5750.698,6090.163,2000,5845.162
6232.491,2000,5890.294,6190.972,2000,5849.597,6053.963,2000,5752.924,6154.707,2000,5751.45,6090.863,2000,5845.988
6233.175,2000,5891.134,6191.745,2000,5850.355,6054.845,2000,5753.553,6155.462,2000,5752.228,6091.589,2000,5846.792
6233.859,2000,5891.974,6192.517,2000,5851.115,6055.706,2000,5754.211,6156.191,2000,5753.029,6092.342,2000,5847.571
6234.544,2000,5892.813,6193.288,2000,5851.876,6056.563,2000,5754.874,6156.893,2000,5753.854,6093.119,2000,5848.326
6235.228,2000,5893.653,6194.057,2000,5852.64,6057.419,2000,5755.537,6157.568,2000,5754.701,6093.921,2000,5849.054
6235.913,2000,5894.493,6194.824,2000,5853.404,6058.275,2000,5756.202,6158.215,2000,5755.57,6094.746,2000,5849.756
6236.597,2000,5895.333,6195.59,2000,5854.17,6059.108,2000,5756.894,6158.89,2000,5756.418,6095.594,2000,5850.43
6237.281,2000,5896.173,6196.355,2000,5854.938,6059.918,2000,5757.613,6159.592,2000,5757.243,6096.463,2000,5851.077
6237.965,2000,5897.013,6197.144,2000,5855.68,6060.705,2000,5758.358,6160.321,2000,5758.044,6097.311,2000,5851.751
6238.65,2000,5897.853,6197.957,2000,5856.396,6061.466,2000,5759.129,6161.076,2000,5758.821,6098.136,2000,5852.453
6239.334,2000,5898.692,6198.793,2000,5857.085,6062.202,2000,5759.924,6161.855,2000,5759.573,6098.938,2000,5853.181
6240.019,2000,5899.532,6199.651,2000,5857.746,6062.912,2000,5760.743,6162.659,2000,5760.299,6099.715,2000,5853.936
6240.703,2000,5900.372,6200.487,2000,5858.435,6063.594,2000,5761.584,6163.486,2000,5760.999,6100.517,2000,5854.664
6241.387,2000,5901.212,6201.3,2000,5859.151,6064.248,2000,5762.447,6164.336,2000,5761.671,6101.342,2000,5855.366
6242.071,2000,5902.052,6202.089,2000,5859.893,6064.93,2000,5763.289,6165.163,2000,5762.371,6102.189,2000,5856.04
6242.756,2000,5902.892,6202.902,2000,5860.609,6065.64,2000,5764.107,6165.967,2000,5763.097,6103.015,2000,5856.742
6243.44,2000,5903.731,6203.738,2000,5861.298,6066.375,2000,5764.902,6166.747,2000,5763.849,6103.816,2000,5857.47
6244.125,2000,5904.571,6204.597,2000,5861.959,6067.137,2000,5765.673,6167.501,2000,5764.626,6104.594,2000,5858.225
6244.809,2000,5905.411,6205.433,2000,5862.648,6067.923,2000,5766.418,6168.23,2000,5765.427,6105.346,2000,5859.004
6245.493,2000,5906.251,6206.246,2000,5863.364,6068.733,2000,5767.137,6168.933,2000,5766.252,6106.073,2000,5859.808
6246.178,2000,5907.091,6207.035,2000,5864.106,6069.567,2000,5767.83,6169.607,2000,5767.1,6106.772,2000,5860.634
6246.862,2000,5907.931,6207.799,2000,5864.874,6070.422,2000,5768.494,6170.254,2000,5767.969,6107.445,2000,5861.483
6247.546,2000,5908.771,6208.539,2000,5865.666,6071.256,2000,5769.187,6170.929,2000,5768.816,6108.145,2000,5862.31
6248.23,2000,5909.61,6209.266,2000,5866.469,6072.066,2000,5769.906,6171.631,2000,5769.641,6108.871,2000,5863.114
6248.915,2000,5910.45,6209.992,2000,5867.272,6072.852,2000,5770.651,6172.36,2000,5770.442,6109.624,2000,5863.893
6249.599,2000,5911.29,6210.717,2000,5868.077,6073.614,2000,5771.421,6173.115,2000,5771.22,6110.401,2000,5864.647
6250.284,2000,5912.13,6211.441,2000,5868.882,6074.35,2000,5772.216,6173.895,2000,5771.972,6111.203,2000,5865.376
6250.968,2000,5912.97,6212.166,2000,5869.688,6075.059,2000,5773.035,6174.699,2000,5772.698,6112.028,2000,5866.078
6251.652,2000,5913.81,6212.889,2000,5870.495,6075.741,2000,5773.876,6175.526,2000,5773.397,6112.875,2000,5866.752
6252.336,2000,5914.649,6213.611,2000,5871.302,6076.396,2000,5774.74,6176.375,2000,5774.069,6113.745,2000,5867.398
6253.021,2000,5915.489,6214.36,2000,5872.085,6077.021,2000,5775.624,6177.247,2000,5774.713,6114.592,2000,5868.073
6253.705,2000,5916.329,6215.134,2000,5872.844,6077.676,2000,5776.487,6178.096,2000,5775.385,6115.417,2000,5868.774
6254.39,2000,5917.169,6215.932,2000,5873.576,6078.358,2000,5777.329,6178.923,2000,5776.085,6116.219,2000,5869.503
6255.074,2000,5918.009,6216.754,2000,5874.282,6079.067,2000,5778.147,6179.727,2000,5776.811,6116.997,2000,5870.257
6255.758,2000,5918.849,6217.598,2000,5874.961,6079.803,2000,5778.942,6180.507,2000,5777.563,6117.749,2000,5871.037
6256.442,2000,5919.688,6218.464,2000,5875.612,6080.565,2000,5779.713,6181.262,2000,5778.34,6118.476,2000,5871.84
6257.127,2000,5920.528,6219.309,2000,5876.291,6081.351,2000,5780.458,6181.991,2000,5779.142,6119.175,2000,5872.667
6257.812,2000,5921.368,6220.13,2000,5876.997,6082.161,2000,5781.177,6182.693,2000,5779.966,6119.848,2000,5873.516
6258.496,2000,5922.208,6220.929,2000,5877.729,6082.995,2000,5781.87,6183.368,2000,5780.814,6120.492,2000,5874.387
6259.18,2000,5923.048,6221.703,2000,5878.487,6083.85,2000,5782.534,6184.015,2000,5781.683,6121.107,2000,5875.279
6259.864,2000,5923.888,6222.451,2000,5879.271,6084.727,2000,5783.17,6184.633,2000,5782.573,6121.693,2000,5876.19
6260.549,2000,5924.728,6223.174,2000,5880.078,6085.583,2000,5783.835,6185.28,2000,5783.442,6122.309,2000,5877.082
6261.233,2000,5925.567,6223.87,2000,5880.908,6086.416,2000,5784.527,6185.955,2000,5784.29,6122.953,2000,5877.953
6261.917,2000,5926.407,6224.565,2000,5881.739,6087.226,2000,5785.247,6186.657,2000,5785.114,6123.625,2000,5878.802
6262.602,2000,5927.247,6225.26,2000,5882.57,6088.012,2000,5785.992,6187.386,2000,5785.916,6124.325,2000,5879.628
6263.286,2000,5928.087,6225.955,2000,5883.401,6088.774,2000,5786.762,6188.141,2000,5786.693,6125.052,2000,5880.432
6263.97,2000,5928.927,6226.649,2000,5884.233,6089.51,2000,5787.557,6188.92,2000,5787.445,6125.804,2000,5881.211
6264.655,2000,5929.767,6227.344,2000,5885.064,6090.219,2000,5788.376,6189.724,2000,5788.171,6126.582,2000,5881.966
6265.339,2000,5930.606,6228.038,2000,5885.896,6090.901,2000,5789.217,6190.551,2000,5788.871,6127.383,2000,5882.694
6266.023,2000,5931.446,6228.732,2000,5886.728,6091.556,2000,5790.081,6191.401,2000,5789.542,6128.208,2000,5883.396
6266.708,2000,5932.286,6229.426,2000,5887.56,6092.182,2000,5790.965,6192.272,2000,5790.187,6129.056,2000,5884.07
6267.392,2000,5933.126,6230.119,2000,5888.392,6092.836,2000,5791.828,6193.122,2000,5790.858,6129.925,2000,5884.717
6268.076,2000,5933.966,6230.813,2000,5889.224,6093.518,2000,5792.669,6193.949,2000,5791.558,6130.815,2000,5885.334
6268.761,2000,5934.806,6231.506,2000,5890.057,6094.228,2000,5793.488,6194.752,2000,5792.284,6131.685,2000,5885.981
6269.445,2000,5935.646,6232.226,2000,5890.866,6094.963,2000,5794.283,6195.532,2000,5793.036,6132.532,2000,5886.655
6270.129,2000,5936.485,6232.972,2000,5891.651,6095.725,2000,5795.054,6196.287,2000,5793.813,6133.357,2000,5887.357
6270.814,2000,5937.325,6233.744,2000,5892.411,6096.511,2000,5795.799,6197.016,2000,5794.615,6134.159,2000,5888.085
6271.498,2000,5938.165,6234.54,2000,5893.146,6097.321,2000,5796.518,6197.718,2000,5795.439,6134.937,2000,5888.84
6272.183,2000,5939.005,6235.359,2000,5893.854,6098.155,2000,5797.21,6198.393,2000,5796.287,6135.689,2000,5889.619
6272.867,2000,5939.845,6236.202,2000,5894.536,6099.01,2000,5797.875,6199.04,2000,5797.156,6136.416,2000,5890.423
6273.551,2000,5940.685,6237.066,2000,5895.189,6099.887,2000,5798.511,6199.658,2000,5798.046,6137.115,2000,5891.25
6274.235,2000,5941.524,6237.908,2000,5895.87,6100.743,2000,5799.176,6200.305,2000,5798.915,6137.788,2000,5892.099
6274.92,2000,5942.364,6238.728,2000,5896.579,6101.576,2000,5799.868,6200.98,2000,5799.763,6138.487,2000,5892.925
6275.604,2000,5943.204,6239.524,2000,5897.313,6102.386,2000,5800.587,6201.682,2000,5800.587,6139.214,2000,5893.729
6276.289,2000,5944.044,6240.295,2000,5898.074,6103.172,2000,5801.333,6202.411,2000,5801.389,6139.966,2000,5894.508
6276.839,2000,5944.977,6241.042,2000,5898.859,6103.934,2000,5802.103,6203.166,2000,5802.166,6140.744,2000,5895.263
6277.39,2000,5945.909,6241.762,2000,5899.668,6104.67,2000,5802.898,6203.946,2000,5802.918,6141.545,2000,5895.991
6277.941,2000,5946.842,6242.455,2000,5900.5,6105.379,2000,5803.717,6204.75,2000,5803.644,6142.371,2000,5896.693
6278.492,2000,5947.774,6243.121,2000,5901.355,6106.062,2000,5804.558,6205.577,2000,5804.344,6143.218,2000,5897.367
6279.042,2000,5948.707,6243.814,2000,5902.188,6106.716,2000,5805.421,6206.426,2000,5805.016,6144.043,2000,5898.069
6279.593,2000,5949.64,6244.534,2000,5902.997,6107.342,2000,5806.306,6207.297,2000,5805.66,6144.845,2000,5898.797
6280.144,2000,5950.572,6245.28,2000,5903.782,6107.938,2000,5807.21,6208.189,2000,5806.275,6145.623,2000,5899.552
6280.695,2000,5951.505,6246.052,2000,5904.542,6108.564,2000,5808.094,6209.06,2000,5806.919,6146.375,2000,5900.331
6281.246,2000,5952.438,6246.848,2000,5905.277,6109.219,2000,5808.958,6209.91,2000,5807.591,6147.102,2000,5901.135
6281.796,2000,5953.37,6247.667,2000,5905.985,6109.901,2000,5809.799,6210.737,2000,5808.291,6147.801,2000,5901.961
6282.347,2000,5954.303,6248.51,2000,5906.667,6110.61,2000,5810.618,6211.541,2000,5809.017,6148.474,2000,5902.811
6282.898,2000,5955.235,6249.33,2000,5907.375,6111.346,2000,5811.413,6212.32,2000,5809.769,6149.118,2000,5903.682
6283.449,2000,5956.168,6250.125,2000,5908.11,6112.108,2000,5812.183,6213.075,2000,5810.546,6149.733,2000,5904.573
6284,2000,5957.101,6250.897,2000,5908.87,6112.894,2000,5812.928,6213.804,2000,5811.347,6150.319,2000,5905.484
6284.55,2000,5958.033,6251.643,2000,5909.655,6113.704,2000,5813.647,6214.506,2000,5812.172,6150.875,2000,5906.414
6285.101,2000,5958.966,6252.363,2000,5910.464,6114.538,2000,5814.34,6215.181,2000,5813.02,6151.4,2000,5907.362
6285.652,2000,5959.898,6253.057,2000,5911.297,6115.364,2000,5815.041,6215.828,2000,5813.889,6151.956,2000,5908.292
6286.203,2000,5960.831,6253.722,2000,5912.151,6116.189,2000,5815.743,6216.446,2000,5814.778,6152.542,2000,5909.203
6286.753,2000,5961.764,6254.359,2000,5913.027,6117.013,2000,5816.446,6217.035,2000,5815.688,6153.157,2000,5910.094
6287.304,2000,5962.696,6254.968,2000,5913.924,6117.836,2000,5817.15,6217.593,2000,5816.616,6153.801,2000,5910.965
6287.855,2000,5963.629,6255.566,2000,5914.827,6118.635,2000,5817.881,6218.182,2000,5817.526,6154.474,2000,5911.814
6288.406,2000,5964.562,6256.164,2000,5915.73,6119.41,2000,5818.638,6218.8,2000,5818.416,6155.173,2000,5912.641
6288.957,2000,5965.494,6256.761,2000,5916.634,6120.16,2000,5819.42,6219.447,2000,5819.285,6155.9,2000,5913.445
6289.507,2000,5966.427,6257.357,2000,5917.539,6120.884,2000,5820.226,6220.122,2000,5820.132,6156.652,2000,5914.224
6290.058,2000,5967.359,6257.953,2000,5918.444,6121.582,2000,5821.055,6220.824,2000,5820.957,6157.43,2000,5914.979
6290.609,2000,5968.292,6258.547,2000,5919.35,6122.251,2000,5821.907,6221.553,2000,5821.758,6158.231,2000,5915.707
6291.16,2000,5969.225,6259.141,2000,5920.256,6122.893,2000,5822.78,6222.308,2000,5822.536,6159.057,2000,5916.409
6291.71,2000,5970.157,6259.733,2000,5921.163,6123.505,2000,5823.673,6223.087,2000,5823.288,6159.904,2000,5917.083
6292.261,2000,5971.09,6260.355,2000,5922.049,6124.088,2000,5824.586,6223.891,2000,5824.014,6160.729,2000,5917.785
6292.812,2000,5972.022,6261.006,2000,5922.915,6124.641,2000,5825.518,6224.718,2000,5824.713,6161.531,2000,5918.513
6293.363,2000,5972.955,6261.685,2000,5923.759,6125.224,2000,5826.431,6225.522,2000,5825.439,6162.309,2000,5919.268
6293.914,2000,5973.888,6262.391,2000,5924.581,6125.836,2000,5827.325,6226.302,2000,5826.191,6163.061,2000,5920.047
6294.464,2000,5974.82,6263.124,2000,5925.378,6126.478,2000,5828.198,6227.057,2000,5826.969,6163.788,2000,5920.851
6295.015,2000,5975.753,6263.882,2000,5926.152,6127.147,2000,5829.049,6227.786,2000,5827.77,6164.487,2000,5921.677
6295.566,2000,5976.686,6264.666,2000,5926.9,6127.844,2000,5829.878,6228.488,2000,5828.595,6165.16,2000,5922.526
6296.117,2000,5977.618,6265.473,2000,5927.623,6128.568,2000,5830.685,6229.163,2000,5829.442,6165.804,2000,5923.397
6296.667,2000,5978.551,6266.304,2000,5928.318,6129.318,2000,5831.466,6229.81,2000,5830.312,6166.419,2000,5924.289
6297.218,2000,5979.483,6267.157,2000,5928.986,6130.093,2000,5832.223,6230.428,2000,5831.201,6167.005,2000,5925.2
6297.769,2000,5980.416,6267.987,2000,5929.681,6130.893,2000,5832.954,6231.016,2000,5832.111,6167.621,2000,5926.092
6298.32,2000,5981.349,6268.795,2000,5930.403,6131.705,2000,5833.671,6231.575,2000,5833.039,6168.265,2000,5926.963
6298.871,2000,5982.281,6269.578,2000,5931.152,6132.493,2000,5834.415,6232.163,2000,5833.949,6168.938,2000,5927.812
6299.421,2000,5983.214,6270.336,2000,5931.925,6133.256,2000,5835.184,6232.781,2000,5834.838,6169.637,2000,5928.639
6299.972,2000,5984.146,6271.069,2000,5932.723,6133.994,2000,5835.978,6233.428,2000,5835.708,6170.364,2000,5929.442
6300.523,2000,5985.079,6271.775,2000,5933.544,6134.705,2000,5836.795,6234.103,2000,5836.555,6171.116,2000,5930.222
6301.074,2000,5986.012,6272.454,2000,5934.389,6135.389,2000,5837.635,6234.805,2000,5837.38,6171.894,2000,5930.976
6301.625,2000,5986.944,6273.105,2000,5935.254,6136.045,2000,5838.497,6235.534,2000,5838.181,6172.695,2000,5931.705
6302.175,2000,5987.877,6273.727,2000,5936.141,6136.673,2000,5839.379,6236.289,2000,5838.958,6173.521,2000,5932.406
6302.726,2000,5988.81,6274.32,2000,5937.048,6137.272,2000,5840.282,6237.069,2000,5839.71,6174.368,2000,5933.081
6303.277,2000,5989.742,6274.883,2000,5937.974,6137.84,2000,5841.204,6237.873,2000,5840.437,6175.193,2000,5933.782
6303.828,2000,5990.675,6275.476,2000,5938.88,6138.439,2000,5842.107,6238.652,2000,5841.188,6175.995,2000,5934.511
6304.378,2000,5991.607,6276.098,2000,5939.767,6139.067,2000,5842.99,6239.407,2000,5841.966,6176.772,2000,5935.265
6304.929,2000,5992.54,6276.749,2000,5940.633,6139.723,2000,5843.852,6240.136,2000,5842.767,6177.525,2000,5936.044
6305.48,2000,5993.473,6277.427,2000,5941.477,6140.407,2000,5844.691,6240.838,2000,5843.592,6178.251,2000,5936.848
6306.031,2000,5994.405,6278.133,2000,5942.298,6141.119,2000,5845.509,6241.513,2000,5844.439,6178.951,2000,5937.675
6306.582,2000,5995.338,6278.866,2000,5943.096,6141.856,2000,5846.302,6242.16,2000,5845.309,6179.624,2000,5938.524
6307.132,2000,5996.271,6279.625,2000,5943.87,6142.62,2000,5847.071,6242.778,2000,5846.198,6180.268,2000,5939.395
6307.683,2000,5997.203,6280.408,2000,5944.618,6143.408,2000,5847.815,6243.367,2000,5847.108,6180.883,2000,5940.287
6308.234,2000,5998.136,6281.215,2000,5945.34,6144.171,2000,5848.584,6243.985,2000,5847.998,6181.469,2000,5941.198
6308.785,2000,5999.068,6282.046,2000,5946.036,6144.909,2000,5849.377,6244.632,2000,5848.867,6182.025,2000,5942.127
6309.335,2000,6000.001,6282.854,2000,5946.758,6145.62,2000,5850.195,6245.307,2000,5849.714,6182.55,2000,5943.075
6309.886,2000,6000.934,6283.637,2000,5947.506,6146.304,2000,5851.035,6246.009,2000,5850.539,6183.043,2000,5944.04
6310.437,2000,6001.866,6284.395,2000,5948.28,6146.96,2000,5851.896,6246.738,2000,5851.34,6183.505,2000,5945.02
6310.988,2000,6002.799,6285.128,2000,5949.078,6147.588,2000,5852.779,6247.493,2000,5852.118,6183.999,2000,5945.984
6311.539,2000,6003.732,6285.834,2000,5949.899,6148.187,2000,5853.682,6248.272,2000,5852.87,6184.524,2000,5946.932
6312.089,2000,6004.665,6286.513,2000,5950.743,6148.815,2000,5854.565,6249.027,2000,5853.647,6185.08,2000,5947.861
6312.64,2000,6005.598,6287.164,2000,5951.609,6149.471,2000,5855.427,6249.756,2000,5854.448,6185.666,2000,5948.772
6313.191,2000,6006.53,6287.786,2000,5952.496,6150.155,2000,5856.267,6250.458,2000,5855.273,6186.281,2000,5949.664
6313.742,2000,6007.463,6288.378,2000,5953.402,6150.867,2000,5857.084,6251.133,2000,5856.121,6186.925,2000,5950.535
6314.292,2000,6008.396,6288.941,2000,5954.328,6151.604,2000,5857.877,6251.78,2000,5856.99,6187.598,2000,5951.384
6314.843,2000,6009.329,6289.474,2000,5955.271,6152.368,2000,5858.646,6252.398,2000,5857.879,6188.297,2000,5952.211
6315.394,2000,6010.262,6289.975,2000,5956.232,6153.156,2000,5859.39,6252.987,2000,5858.789,6189.024,2000,5953.015
6315.945,2000,6011.194,6290.444,2000,5957.208,6153.919,2000,5860.159,6253.605,2000,5859.679,6189.776,2000,5953.794
6316.496,2000,6012.127,6290.907,2000,5958.188,6154.657,2000,5860.953,6254.252,2000,5860.548,6190.554,2000,5954.548
6317.046,2000,6013.06,6291.372,2000,5959.167,6155.368,2000,5861.77,6254.927,2000,5861.396,6191.355,2000,5955.277
6317.597,2000,6013.993,6291.837,2000,5960.145,6156.052,2000,5862.61,6255.629,2000,5862.22,6192.181,2000,5955.979
6318.148,2000,6014.926,6292.335,2000,5961.107,6156.708,2000,5863.472,6256.358,2000,5863.021,6192.982,2000,5956.707
6318.699,2000,6015.859,6292.864,2000,5962.052,6157.336,2000,5864.354,6257.113,2000,5863.799,6193.76,2000,5957.461
6319.25,2000,6016.792,6293.423,2000,5962.98,6157.935,2000,5865.257,6257.893,2000,5864.551,6194.512,2000,5958.241
6319.8,2000,6017.725,6294.013,2000,5963.889,6158.503,2000,5866.179,6258.696,2000,5865.277,6195.239,2000,5959.044
6320.351,2000,6018.657,6294.632,2000,5964.778,6159.102,2000,5867.082,6259.476,2000,5866.029,6195.938,2000,5959.871
6320.755,2000,6019.662,6295.28,2000,5965.646,6159.73,2000,5867.965,6260.231,2000,5866.806,6196.611,2000,5960.72
6321.16,2000,6020.667,6295.956,2000,5966.493,6160.386,2000,5868.827,6260.96,2000,5867.607,6197.255,2000,5961.591
6321.564,2000,6021.672,6296.659,2000,5967.317,6161.07,2000,5869.667,6261.662,2000,5868.432,6197.871,2000,5962.483
6321.968,2000,6022.677,6297.389,2000,5968.118,6161.782,2000,5870.484,6262.337,2000,5869.28,6198.457,2000,5963.394
6322.373,2000,6023.682,6298.144,2000,5968.894,6162.52,2000,5871.277,6262.984,2000,5870.149,6199.012,2000,5964.324
6322.777,2000,6024.687,6298.925,2000,5969.645,6163.283,2000,5872.046,6263.602,2000,5871.039,6199.537,2000,5965.271
6323.181,2000,6025.691,6299.729,2000,5970.37,6164.065,2000,5872.795,6264.19,2000,5871.948,6200.031,2000,5966.236
6323.585,2000,6026.696,6300.558,2000,5971.069,6164.847,2000,5873.546,6264.749,2000,5872.876,6200.493,2000,5967.216
6323.99,2000,6027.701,6301.362,2000,5971.794,6165.603,2000,5874.322,6265.337,2000,5873.786,6200.986,2000,5968.18
6324.394,2000,6028.706,6302.143,2000,5972.545,6166.333,2000,5875.122,6265.956,2000,5874.676,6201.511,2000,5969.128
6324.798,2000,6029.711,6302.898,2000,5973.321,6167.037,2000,5875.946,6266.603,2000,5875.545,6202.067,2000,5970.058
6325.203,2000,6030.716,6303.628,2000,5974.122,6167.713,2000,5876.792,6267.277,2000,5876.393,6202.653,2000,5970.969
6325.607,2000,6031.721,6304.332,2000,5974.946,6168.362,2000,5877.66,6267.979,2000,5877.217,6203.268,2000,5971.86
6326.011,2000,6032.726,6305.007,2000,5975.793,6168.981,2000,5878.548,6268.708,2000,5878.019,6203.913,2000,5972.731
6326.416,2000,6033.73,6305.655,2000,5976.661,6169.572,2000,5879.457,6269.463,2000,5878.796,6204.585,2000,5973.581
6326.82,2000,6034.735,6306.274,2000,5977.55,6170.132,2000,5880.384,6270.243,2000,5879.548,6205.285,2000,5974.407
6327.224,2000,6035.74,6306.864,2000,5978.459,6170.722,2000,5881.292,6270.998,2000,5880.325,6206.011,2000,5975.211
6327.628,2000,6036.745,6307.423,2000,5979.387,6171.342,2000,5882.181,6271.727,2000,5881.126,6206.764,2000,5975.99
6328.033,2000,6037.75,6307.952,2000,5980.332,6171.99,2000,5883.048,6272.429,2000,5881.951,6207.541,2000,5976.745
6328.437,2000,6038.755,6308.45,2000,5981.294,6172.667,2000,5883.895,6273.104,2000,5882.799,6208.343,2000,5977.473
6328.841,2000,6039.76,6308.916,2000,5982.272,6173.37,2000,5884.718,6273.751,2000,5883.668,6209.168,2000,5978.175
6329.246,2000,6040.765,6309.413,2000,5983.235,6174.101,2000,5885.519,6274.369,2000,5884.558,6209.97,2000,5978.903
6329.65,2000,6041.77,6309.942,2000,5984.18,6174.857,2000,5886.294,6274.958,2000,5885.467,6210.747,2000,5979.658
6330.054,2000,6042.774,6310.501,2000,5985.108,6175.621,2000,5887.062,6275.516,2000,5886.396,6211.5,2000,5980.437
6330.458,2000,6043.779,6311.091,2000,5986.017,6176.36,2000,5887.854,6276.104,2000,5887.305,6212.226,2000,5981.241
6330.863,2000,6044.784,6311.71,2000,5986.906,6177.072,2000,5888.67,6276.723,2000,5888.195,6212.926,2000,5982.067
6331.267,2000,6045.789,6312.358,2000,5987.774,6177.758,2000,5889.509,6277.37,2000,5889.064,6213.598,2000,5982.917
6331.671,2000,6046.794,6313.034,2000,5988.621,6178.416,2000,5890.37,6278.044,2000,5889.912,6214.243,2000,5983.788
6332.076,2000,6047.799,6313.737,2000,5989.445,6179.044,2000,5891.252,6278.747,2000,5890.736,6214.858,2000,5984.679
6332.48,2000,6048.804,6314.467,2000,5990.246,6179.645,2000,5892.154,6279.476,2000,5891.538,6215.444,2000,5985.59
6332.884,2000,6049.809,6315.222,2000,5991.022,6180.214,2000,5893.075,6280.23,2000,5892.315,6216,2000,5986.52
6333.289,2000,6050.813,6316.003,2000,5991.773,6180.814,2000,5893.977,6280.959,2000,5893.116,6216.524,2000,5987.468
6333.693,2000,6051.818,6316.808,2000,5992.498,6181.443,2000,5894.859,6281.662,2000,5893.941,6217.018,2000,5988.432
6334.097,2000,6052.823,6317.636,2000,5993.197,6182.101,2000,5895.72,6282.336,2000,5894.789,6217.48,2000,5989.412
6334.501,2000,6053.828,6318.44,2000,5993.922,6182.787,2000,5896.559,6282.983,2000,5895.658,6217.974,2000,5990.376
6334.906,2000,6054.833,6319.221,2000,5994.673,6183.499,2000,5897.375,6283.602,2000,5896.547,6218.499,2000,5991.324
6335.31,2000,6055.838,6319.977,2000,5995.449,6184.238,2000,5898.167,6284.19,2000,5897.457,6219.054,2000,5992.254
6335.714,2000,6056.843,6320.707,2000,5996.25,6184.95,2000,5898.983,6284.808,2000,5898.347,6219.64,2000,5993.165
6336.119,2000,6057.848,6321.41,2000,5997.074,6185.636,2000,5899.822,6285.455,2000,5899.216,6220.255,2000,5994.057
6336.523,2000,6058.853,6322.085,2000,5997.921,6186.293,2000,5900.683,6286.13,2000,5900.063,6220.9,2000,5994.928
6336.927,2000,6059.857,6322.733,2000,5998.789,6186.922,2000,5901.564,6286.832,2000,5900.888,6221.572,2000,5995.777
6337.332,2000,6060.862,6323.353,2000,5999.678,6187.522,2000,5902.466,6287.561,2000,5901.689,6222.272,2000,5996.604
6337.736,2000,6061.867,6323.942,2000,6000.587,6188.151,2000,5903.348,6288.263,2000,5902.514,6222.999,2000,5997.407
6338.14,2000,6062.872,6324.501,2000,6001.515,6188.809,2000,5904.209,6288.938,2000,5903.362,6223.751,2000,5998.187
6338.544,2000,6063.877,6325.03,2000,6002.46,6189.495,2000,5905.048,6289.585,2000,5904.231,6224.528,2000,5998.941
6338.949,2000,6064.882,6325.528,2000,6003.422,6190.207,2000,5905.864,6290.203,2000,5905.121,6225.33,2000,5999.669
6339.353,2000,6065.887,6325.994,2000,6004.4,6190.893,2000,5906.703,6290.85,2000,5905.99,6226.155,2000,6000.371
6339.757,2000,6066.892,6326.491,2000,6005.363,6191.55,2000,5907.563,6291.525,2000,5906.837,6226.957,2000,6001.1
6340.162,2000,6067.896,6327.02,2000,6006.308,6192.179,2000,5908.445,6292.227,2000,5907.662,6227.734,2000,6001.854
6340.566,2000,6068.901,6327.58,2000,6007.236,6192.837,2000,5909.306,6292.902,2000,5908.51,6228.487,2000,6002.633
6340.97,2000,6069.906,6328.169,2000,6008.145,6193.522,2000,5910.145,6293.549,2000,5909.379,6229.213,2000,6003.437
6341.375,2000,6070.911,6328.788,2000,6009.034,6194.235,2000,5910.961,6294.167,2000,5910.269,6229.913,2000,6004.264
6341.779,2000,6071.916,6329.436,2000,6009.902,6194.92,2000,5911.8,6294.814,2000,5911.138,6230.585,2000,6005.113
6342.183,2000,6072.921,6330.112,2000,6010.749,6195.578,2000,5912.661,6295.489,2000,5911.985,6231.23,2000,6005.984
6342.587,2000,6073.926,6330.815,2000,6011.573,6196.207,2000,5913.542,6296.191,2000,5912.81,6231.845,2000,6006.875
6342.992,2000,6074.931,6331.545,2000,6012.374,6196.807,2000,5914.444,6296.92,2000,5913.611,6232.431,2000,6007.787
6343.396,2000,6075.936,6332.3,2000,6013.15,6197.436,2000,5915.326,6297.622,2000,5914.436,6232.987,2000,6008.716
6343.8,2000,6076.94,6333.081,2000,6013.901,6198.094,2000,5916.187,6298.297,2000,5915.284,6233.512,2000,6009.664
6344.205,2000,6077.945,6333.886,2000,6014.626,6198.779,2000,5917.026,6298.944,2000,5916.153,6234.005,2000,6010.628
6344.609,2000,6078.95,6334.714,2000,6015.325,6199.492,2000,5917.842,6299.562,2000,5917.042,6234.467,2000,6011.608
6345.013,2000,6079.955,6335.519,2000,6016.05,6200.217,2000,5918.647,6300.15,2000,5917.952,6234.961,2000,6012.573
6345.417,2000,6080.96,6336.299,2000,6016.801,6200.915,2000,5919.475,6300.769,2000,5918.842,6235.486,2000,6013.521
6345.822,2000,6081.965,6337.055,2000,6017.577,6201.586,2000,5920.326,6301.416,2000,5919.711,6236.042,2000,6014.45
6346.226,2000,6082.97,6337.785,2000,6018.378,6202.229,2000,5921.198,6302.09,2000,5920.559,6236.627,2000,6015.361
6346.63,2000,6083.975,6338.488,2000,6019.202,6202.842,2000,5922.09,6302.792,2000,5921.383,6237.243,2000,6016.253
6347.035,2000,6084.979,6339.164,2000,6020.049,6203.427,2000,5923.002,6303.521,2000,5922.185,6237.887,2000,6017.124
6347.439,2000,6085.984,6339.812,2000,6020.917,6204.041,2000,5923.895,6304.224,2000,5923.009,6238.56,2000,6017.973
6347.843,2000,6086.989,6340.431,2000,6021.806,6204.683,2000,5924.767,6304.898,2000,5923.857,6239.259,2000,6018.8
6348.248,2000,6087.994,6341.02,2000,6022.715,6205.354,2000,5925.618,6305.545,2000,5924.726,6239.986,2000,6019.604
6348.652,2000,6088.999,6341.58,2000,6023.643,6206.052,2000,5926.446,6306.164,2000,5925.616,6240.738,2000,6020.383
6349.056,2000,6090.004,6342.108,2000,6024.588,6206.767,2000,5927.26,6306.752,2000,5926.525,6241.516,2000,6021.137
6349.46,2000,6091.009,6342.606,2000,6025.55,6207.454,2000,5928.098,6307.37,2000,5927.415,6242.317,2000,6021.866
6349.865,2000,6092.014,6343.072,2000,6026.528,6208.114,2000,5928.957,6308.017,2000,5928.284,6243.143,2000,6022.567
6350.269,2000,6093.019,6343.505,2000,6027.521,6208.745,2000,5929.837,6308.692,2000,5929.132,6243.944,2000,6023.296
6350.673,2000,6094.023,6343.971,2000,6028.499,6209.347,2000,5930.738,6309.394,2000,5929.957,6244.722,2000,6024.05
6351.078,2000,6095.028,6344.469,2000,6029.461,6209.979,2000,5931.619,6310.069,2000,5930.804,6245.474,2000,6024.83
6351.482,2000,6096.033,6344.998,2000,6030.407,6210.638,2000,5932.478,6310.716,2000,5931.673,6246.201,2000,6025.633
6351.886,2000,6097.038,6345.557,2000,6031.334,6211.326,2000,5933.315,6311.334,2000,5932.563,6246.9,2000,6026.46
6352.291,2000,6098.043,6346.146,2000,6032.243,6212.04,2000,5934.13,6311.922,2000,5933.473,6247.573,2000,6027.309
6352.695,2000,6099.049,6346.766,2000,6033.132,6212.728,2000,5934.967,6312.541,2000,5934.362,6248.217,2000,6028.18
6352.945,2000,6100.103,6347.414,2000,6034,6213.387,2000,5935.827,6313.188,2000,5935.231,6248.833,2000,6029.072
6353.195,2000,6101.157,6348.089,2000,6034.847,6214.019,2000,5936.707,6313.862,2000,5936.079,6249.418,2000,6029.983
6353.445,2000,6102.211,6348.792,2000,6035.671,6214.621,2000,5937.608,6314.564,2000,5936.904,6249.974,2000,6030.913
6353.695,2000,6103.266,6349.522,2000,6036.472,6215.193,2000,5938.528,6315.293,2000,5937.705,6250.499,2000,6031.86
6353.945,2000,6104.32,6350.278,2000,6037.249,6215.795,2000,5939.429,6315.996,2000,5938.53,6250.993,2000,6032.825
6354.195,2000,6105.374,6351.059,2000,6038,6216.426,2000,5940.309,6316.67,2000,5939.377,6251.455,2000,6033.805
6354.445,2000,6106.428,6351.863,2000,6038.725,6217.086,2000,5941.168,6317.317,2000,5940.247,6251.884,2000,6034.799
6354.695,2000,6107.482,6352.644,2000,6039.476,6217.773,2000,5942.006,6317.936,2000,5941.136,6252.281,2000,6035.807
6354.945,2000,6108.537,6353.399,2000,6040.252,6218.488,2000,5942.82,6318.524,2000,5942.046,6252.655,2000,6036.824
6355.195,2000,6109.591,6354.129,2000,6041.053,6219.176,2000,5943.657,6319.083,2000,5942.974,6253.063,2000,6037.828
6355.445,2000,6110.645,6354.833,2000,6041.877,6219.837,2000,5944.515,6319.671,2000,5943.884,6253.502,2000,6038.818
6355.695,2000,6111.699,6355.508,2000,6042.724,6220.47,2000,5945.395,6320.289,2000,5944.773,6253.974,2000,6039.793
6355.945,2000,6112.753,6356.156,2000,6043.592,6221.073,2000,5946.294,6320.936,2000,5945.643,6254.478,2000,6040.752
6356.195,2000,6113.808,6356.775,2000,6044.481,6221.647,2000,5947.213,6321.611,2000,5946.49,6255.012,2000,6041.694
6356.445,2000,6114.862,6357.365,2000,6045.39,6222.19,2000,5948.151,6322.313,2000,5947.315,6255.578,2000,6042.619
6356.695,2000,6115.916,6357.924,2000,6046.317,6222.764,2000,5949.07,6322.988,2000,5948.163,6256.173,2000,6043.524
6356.945,2000,6116.97,6358.453,2000,6047.263,6223.367,2000,5949.97,6323.635,2000,5949.032,6256.797,2000,6044.409
6357.195,2000,6118.024,6358.951,2000,6048.225,6224,2000,5950.849,6324.253,2000,5949.921,6257.45,2000,6045.273
6357.445,2000,6119.079,6359.417,2000,6049.203,6224.661,2000,5951.708,6324.841,2000,5950.831,6258.131,2000,6046.116
6357.695,2000,6120.133,6359.85,2000,6050.196,6225.334,2000,5952.556,6325.4,2000,5951.759,6258.839,2000,6046.936
6357.945,2000,6121.187,6360.251,2000,6051.202,6226.005,2000,5953.406,6325.928,2000,5952.705,6259.574,2000,6047.732
6358.195,2000,6122.241,6360.619,2000,6052.221,6226.649,2000,5954.278,6326.486,2000,5953.633,6260.334,2000,6048.503
6358.445,2000,6123.295,6360.953,2000,6053.251,6227.263,2000,5955.17,6327.075,2000,5954.543,6261.12,2000,6049.25
6358.695,2000,6124.35,6361.321,2000,6054.271,6227.848,2000,5956.082,6327.693,2000,5955.433,6261.88,2000,6050.021
6358.945,2000,6125.404,6361.722,2000,6055.277,6228.403,2000,5957.012,6328.34,2000,5956.302,6262.615,2000,6050.818
6359.195,2000,6126.458,6362.155,2000,6056.27,6228.927,2000,5957.96,6329.015,2000,5957.149,6263.323,2000,6051.638
6359.445,2000,6127.512,6362.621,2000,6057.248,6229.481,2000,5958.891,6329.662,2000,5958.019,6264.004,2000,6052.48
6359.695,2000,6128.566,6363.119,2000,6058.21,6230.066,2000,5959.803,6330.28,2000,5958.908,6264.657,2000,6053.344
6359.945,2000,6129.621,6363.647,2000,6059.155,6230.681,2000,5960.695,6330.868,2000,5959.818,6265.281,2000,6054.229
6360.195,2000,6130.675,6364.207,2000,6060.083,6231.324,2000,5961.566,6331.427,2000,5960.746,6265.876,2000,6055.135
6360.445,2000,6131.729,6364.796,2000,6060.992,6231.996,2000,5962.417,6331.955,2000,5961.692,6266.442,2000,6056.059
6360.695,2000,6132.783,6365.416,2000,6061.881,6232.639,2000,5963.288,6332.513,2000,5962.62,6266.977,2000,6057.001
6360.945,2000,6133.837,6366.063,2000,6062.749,6233.253,2000,5964.18,6333.102,2000,5963.53,6267.48,2000,6057.96
6361.195,2000,6134.892,6366.739,2000,6063.596,6233.838,2000,5965.092,6333.72,2000,5964.419,6267.952,2000,6058.936
6361.445,2000,6135.946,6367.442,2000,6064.42,6234.393,2000,5966.022,6334.367,2000,5965.289,6268.392,2000,6059.926
6361.695,2000,6137,6368.172,2000,6065.221,6234.917,2000,5966.971,6335.042,2000,5966.136,6268.799,2000,6060.93
6361.945,2000,6138.054,6368.928,2000,6065.997,6235.472,2000,5967.901,6335.688,2000,5967.005,6269.173,2000,6061.946
6362.195,2000,6139.108,6369.708,2000,6066.748,6236.057,2000,5968.813,6336.307,2000,5967.895,6269.513,2000,6062.975
6362.445,2000,6140.163,6370.464,2000,6067.524,6236.671,2000,5969.705,6336.895,2000,5968.805,6269.876,2000,6063.996
6362.694,2000,6141.217,6371.194,2000,6068.325,6237.314,2000,5970.577,6337.454,2000,5969.733,6270.236,2000,6065.018
6362.944,2000,6142.271,6371.897,2000,6069.149,6237.956,2000,5971.45,6337.981,2000,5970.679,6270.629,2000,6066.027
6363.194,2000,6143.325,6372.573,2000,6069.996,6238.596,2000,5972.324,6338.478,2000,5971.642,6271.055,2000,6067.023
6363.444,2000,6144.379,6373.221,2000,6070.864,6239.207,2000,5973.219,6339.006,2000,5972.587,6271.513,2000,6068.004
6363.693,2000,6145.434,6373.84,2000,6071.753,6239.788,2000,5974.133,6339.564,2000,5973.516,6272.003,2000,6068.971
6363.943,2000,6146.488,6374.429,2000,6072.662,6240.338,2000,5975.065,6340.153,2000,5974.425,6272.525,2000,6069.92
6364.193,2000,6147.542,6374.989,2000,6073.59,6240.858,2000,5976.016,6340.771,2000,5975.315,6273.077,2000,6070.853
6364.443,2000,6148.596,6375.518,2000,6074.535,6241.347,2000,5976.982,6341.418,2000,5976.184,6273.66,2000,6071.766
6364.692,2000,6149.65,6376.015,2000,6075.498,6241.867,2000,5977.933,6342.036,2000,5977.074,6274.272,2000,6072.66
6364.942,2000,6150.705,6376.481,2000,6076.476,6242.418,2000,5978.865,6342.625,2000,5977.983,6274.913,2000,6073.534
6365.192,2000,6151.759,6376.915,2000,6077.468,6242.999,2000,5979.779,6343.183,2000,5978.912,6275.583,2000,6074.386
6365.442,2000,6152.813,6377.315,2000,6078.475,6243.61,2000,5980.674,6343.711,2000,5979.857,6276.279,2000,6075.215
6365.691,2000,6153.867,6377.683,2000,6079.494,6244.236,2000,5981.558,6344.208,2000,5980.82,6277.003,2000,6076.021
6365.941,2000,6154.921,6378.018,2000,6080.524,6244.833,2000,5982.462,6344.735,2000,5981.766,6277.7,2000,6076.851
6366.191,2000,6155.976,6378.318,2000,6081.565,6245.399,2000,5983.386,6345.294,2000,5982.694,6278.369,2000,6077.703
6366.441,2000,6157.03,6378.584,2000,6082.615,6245.936,2000,5984.327,6345.882,2000,5983.604,6279.01,2000,6078.577
6366.691,2000,6158.084,6378.884,2000,6083.656,6246.44,2000,5985.286,6346.5,2000,5984.494,6279.623,2000,6079.471
6366.94,2000,6159.138,6379.219,2000,6084.687,6246.977,2000,5986.227,6347.089,2000,5985.403,6280.205,2000,6080.384
6367.19,2000,6160.192,6379.586,2000,6085.706,6247.543,2000,5987.15,6347.647,2000,5986.332,6280.757,2000,6081.316
6367.44,2000,6161.247,6379.987,2000,6086.712,6248.14,2000,5988.055,6348.175,2000,5987.277,6281.279,2000,6082.266
6367.69,2000,6162.301,6380.421,2000,6087.705,6248.766,2000,5988.939,6348.672,2000,5988.24,6281.769,2000,6083.232
6367.939,2000,6163.355,6380.887,2000,6088.683,6249.363,2000,5989.843,6349.2,2000,5989.186,6282.228,2000,6084.214
6368.189,2000,6164.409,6381.384,2000,6089.645,6249.93,2000,5990.767,6349.758,2000,5990.114,6282.653,2000,6085.21
6368.439,2000,6165.463,6381.913,2000,6090.59,6250.466,2000,5991.708,6350.347,2000,5991.024,6283.046,2000,6086.219
6368.689,2000,6166.518,6382.473,2000,6091.518,6250.971,2000,5992.667,6350.965,2000,5991.914,6283.406,2000,6087.241
6368.938,2000,6167.572,6383.062,2000,6092.427,6251.444,2000,5993.641,6351.612,2000,5992.783,6283.732,2000,6088.274
6369.188,2000,6168.626,6383.681,2000,6093.316,6251.949,2000,5994.6,6352.23,2000,5993.672,6284.025,2000,6089.317
6369.438,2000,6169.68,6384.329,2000,6094.184,6252.485,2000,5995.541,6352.818,2000,5994.582,6284.283,2000,6090.37
6369.688,2000,6170.734,6384.948,2000,6095.073,6253.052,2000,5996.464,6353.377,2000,5995.51,6284.575,2000,6091.413
6369.938,2000,6171.789,6385.538,2000,6095.982,6253.649,2000,5997.369,6353.905,2000,5996.456,6284.901,2000,6092.446
6370.188,2000,6172.843,6386.097,2000,6096.91,6254.25,2000,5998.27,6354.401,2000,5997.419,6285.261,2000,6093.468
6370.437,2000,6173.897,6386.626,2000,6097.855,6254.849,2000,5999.172,6354.866,2000,5998.397,6285.654,2000,6094.477
6370.687,2000,6174.951,6387.124,2000,6098.817,6255.447,2000,6000.076,6355.299,2000,5999.391,6286.08,2000,6095.473
6370.937,2000,6176.005,6387.589,2000,6099.795,6256.015,2000,6000.998,6355.764,2000,6000.369,6286.539,2000,6096.455
6371.187,2000,6177.06,6388.023,2000,6100.788,6256.552,2000,6001.939,6356.26,2000,6001.332,6287.029,2000,6097.421
6371.436,2000,6178.114,6388.424,2000,6101.794,6257.058,2000,6002.896,6356.788,2000,6002.278,6287.55,2000,6098.371
6371.686,2000,6179.168,6388.792,2000,6102.813,6257.533,2000,6003.87,6357.347,2000,6003.206,6288.103,2000,6099.303
6371.936,2000,6180.222,6389.126,2000,6103.844,6257.975,2000,6004.859,6357.935,2000,6004.116,6288.685,2000,6100.216
6372.186,2000,6181.276,6389.426,2000,6104.885,6258.385,2000,6005.862,6358.553,2000,6005.005,6289.297,2000,6101.11
6372.436,2000,6182.331,6389.692,2000,6105.935,6258.828,2000,6006.851,6359.142,2000,6005.915,6289.938,2000,6101.984
6372.685,2000,6183.385,6389.993,2000,6106.976,6259.302,2000,6007.824,6359.7,2000,6006.843,6290.551,2000,6102.878
6372.935,2000,6184.439,6390.327,2000,6108.006,6259.809,2000,6008.782,6360.228,2000,6007.789,6291.133,2000,6103.792
6373.024,2000,6185.519,6390.695,2000,6109.025,6260.346,2000,6009.723,6360.725,2000,6008.752,6291.686,2000,6104.724
6373.113,2000,6186.598,6391.096,2000,6110.032,6260.914,2000,6010.645,6361.189,2000,6009.73,6292.207,2000,6105.673
6373.202,2000,6187.678,6391.529,2000,6111.024,6261.496,2000,6011.559,6361.622,2000,6010.724,6292.697,2000,6106.64
6373.291,2000,6188.757,6391.995,2000,6112.002,6262.076,2000,6012.474,6362.022,2000,6011.73,6293.156,2000,6107.621
6373.38,2000,6189.837,6392.493,2000,6112.965,6262.626,2000,6013.407,6362.455,2000,6012.724,6293.582,2000,6108.617
6373.469,2000,6190.917,6393.021,2000,6113.91,6263.145,2000,6014.357,6362.919,2000,6013.702,6293.975,2000,6109.626
6373.558,2000,6191.996,6393.581,2000,6114.838,6263.633,2000,6015.325,6363.416,2000,6014.665,6294.334,2000,6110.648
6373.647,2000,6193.076,6394.17,2000,6115.747,6264.089,2000,6016.308,6363.944,2000,6015.611,6294.661,2000,6111.682
6373.736,2000,6194.155,6394.79,2000,6116.636,6264.512,2000,6017.305,6364.502,2000,6016.539,6294.953,2000,6112.725
6373.825,2000,6195.235,6395.438,2000,6117.504,6264.903,2000,6018.315,6365.091,2000,6017.449,6295.211,2000,6113.777
6373.915,2000,6196.314,6396.057,2000,6118.393,6265.326,2000,6019.312,6365.649,2000,6018.377,6295.503,2000,6114.82
6374.003,2000,6197.394,6396.646,2000,6119.302,6265.782,2000,6020.295,6366.177,2000,6019.323,6295.83,2000,6115.853
6374.093,2000,6198.474,6397.206,2000,6120.229,6266.27,2000,6021.262,6366.674,2000,6020.286,6296.189,2000,6116.875
6374.182,2000,6199.553,6397.734,2000,6121.175,6266.789,2000,6022.213,6367.139,2000,6021.264,6296.583,2000,6117.884
6374.271,2000,6200.633,6398.232,2000,6122.137,6267.339,2000,6023.146,6367.571,2000,6022.257,6297.008,2000,6118.88
6374.36,2000,6201.712,6398.698,2000,6123.115,6267.898,2000,6024.074,6367.971,2000,6023.264,6297.467,2000,6119.862
6374.449,2000,6202.792,6399.131,2000,6124.108,6268.455,2000,6025.003,6368.338,2000,6024.284,6297.957,2000,6120.828
6374.538,2000,6203.872,6399.532,2000,6125.114,6268.981,2000,6025.95,6368.738,2000,6025.291,6298.479,2000,6121.778
6374.627,2000,6204.951,6399.9,2000,6126.133,6269.477,2000,6026.914,6369.17,2000,6026.284,6299.031,2000,6122.71
6374.716,2000,6206.031,6400.234,2000,6127.164,6269.94,2000,6027.893,6369.635,2000,6027.262,6299.613,2000,6123.624
6374.805,2000,6207.11,6400.535,2000,6128.205,6270.371,2000,6028.887,6370.132,2000,6028.225,6300.226,2000,6124.518
6374.895,2000,6208.19,6400.801,2000,6129.255,6270.769,2000,6029.895,6370.66,2000,6029.171,6300.867,2000,6125.391
6374.983,2000,6209.27,6401.032,2000,6130.313,6271.133,2000,6030.915,6371.218,2000,6030.099,6301.536,2000,6126.243
6375.073,2000,6210.349,6401.298,2000,6131.363,6271.531,2000,6031.922,6371.746,2000,6031.045,6302.177,2000,6127.117
6375.162,2000,6211.429,6401.599,2000,6132.404,6271.962,2000,6032.916,6372.243,2000,6032.008,6302.79,2000,6128.011
6375.251,2000,6212.508,6401.933,2000,6133.435,6272.425,2000,6033.896,6372.708,2000,6032.986,6303.372,2000,6128.924
6375.34,2000,6213.588,6402.301,2000,6134.454,6272.92,2000,6034.859,6373.14,2000,6033.979,6303.924,2000,6129.856
6375.429,2000,6214.667,6402.702,2000,6135.46,6273.447,2000,6035.806,6373.54,2000,6034.986,6304.446,2000,6130.806
6375.518,2000,6215.747,6403.135,2000,6136.453,6274.004,2000,6036.735,6373.907,2000,6036.006,6304.936,2000,6131.772
6375.607,2000,6216.827,6403.601,2000,6137.431,6274.53,2000,6037.682,6374.307,2000,6037.013,6305.395,2000,6132.754
6375.696,2000,6217.906,6404.099,2000,6138.393,6275.025,2000,6038.646,6374.739,2000,6038.006,6305.82,2000,6133.75
6375.786,2000,6218.986,6404.627,2000,6139.338,6275.489,2000,6039.625,6375.204,2000,6038.984,6306.213,2000,6134.759
6375.875,2000,6220.065,6405.187,2000,6140.266,6275.919,2000,6040.62,6375.701,2000,6039.947,6306.573,2000,6135.781
6375.964,2000,6221.145,6405.776,2000,6141.175,6276.317,2000,6041.627,6376.229,2000,6040.893,6306.899,2000,6136.814
6376.053,2000,6222.225,6406.396,2000,6142.064,6276.682,2000,6042.647,6376.787,2000,6041.821,6307.192,2000,6137.857
6376.142,2000,6223.304,6407.043,2000,6142.932,6277.08,2000,6043.654,6377.315,2000,6042.767,6307.45,2000,6138.91
6376.231,2000,6224.384,6407.719,2000,6143.779,6277.511,2000,6044.648,6377.812,2000,6043.73,6307.673,2000,6139.97
6376.32,2000,6225.463,6408.367,2000,6144.647,6277.974,2000,6045.628,6378.276,2000,6044.708,6307.931,2000,6141.022
6376.409,2000,6226.543,6408.986,2000,6145.536,6278.469,2000,6046.592,6378.709,2000,6045.702,6308.224,2000,6142.065
6376.499,2000,6227.623,6409.576,2000,6146.445,6278.987,2000,6047.543,6379.109,2000,6046.708,6308.55,2000,6143.098
6376.587,2000,6228.702,6410.135,2000,6147.373,6279.503,2000,6048.496,6379.476,2000,6047.728,6308.91,2000,6144.12
6376.677,2000,6229.782,6410.664,2000,6148.318,6279.987,2000,6049.465,6379.875,2000,6048.735,6309.303,2000,6145.129
6376.766,2000,6230.861,6411.162,2000,6149.28,6280.44,2000,6050.45,6380.308,2000,6049.728,6309.729,2000,6146.125
6376.855,2000,6231.941,6411.627,2000,6150.258,6280.86,2000,6051.448,6380.773,2000,6050.707,6310.187,2000,6147.107
6376.944,2000,6233.021,6412.061,2000,6151.251,6281.247,2000,6052.46,6381.27,2000,6051.669,6310.677,2000,6148.073
6377.033,2000,6234.1,6412.462,2000,6152.257,6281.667,2000,6053.458,6381.734,2000,6052.648,6311.199,2000,6149.023
6377.122,2000,6235.18,6412.83,2000,6153.276,6282.12,2000,6054.443,6382.167,2000,6053.641,6311.751,2000,6149.955
6377.211,2000,6236.259,6413.164,2000,6154.307,6282.604,2000,6055.412,6382.567,2000,6054.648,6312.333,2000,6150.869
6377.3,2000,6237.339,6413.464,2000,6155.348,6283.057,2000,6056.396,6383,2000,6055.641,6312.886,2000,6151.801
6377.39,2000,6238.418,6413.73,2000,6156.398,6283.477,2000,6057.395,6383.464,2000,6056.62,6313.407,2000,6152.75
6377.479,2000,6239.498,6413.962,2000,6157.456,6283.864,2000,6058.407,6383.961,2000,6057.583,6313.897,2000,6153.717
6377.568,2000,6240.578,6414.159,2000,6158.521,6284.284,2000,6059.405,6384.426,2000,6058.561,6314.356,2000,6154.698
6377.657,2000,6241.657,6414.39,2000,6159.58,6284.736,2000,6060.39,6384.858,2000,6059.554,6314.782,2000,6155.694
6377.746,2000,6242.737,6414.656,2000,6160.63,6285.221,2000,6061.359,6385.258,2000,6060.561,6315.175,2000,6156.704
6377.835,2000,6243.816,6414.957,2000,6161.671,6285.736,2000,6062.312,6385.625,2000,6061.581,6315.535,2000,6157.726
6377.924,2000,6244.896,6415.291,2000,6162.701,6286.221,2000,6063.281,6386.025,2000,6062.587,6315.861,2000,6158.759
6378.013,2000,6245.976,6415.659,2000,6163.72,6286.673,2000,6064.265,6386.458,2000,6063.581,6316.153,2000,6159.802
6378.103,2000,6247.055,6416.06,2000,6164.727,6287.093,2000,6065.264,6386.922,2000,6064.559,6316.411,2000,6160.854
6378.191,2000,6248.135,6416.493,2000,6165.719,6287.48,2000,6066.275,6387.419,2000,6065.522,6316.635,2000,6161.914
6378.281,2000,6249.214,6416.959,2000,6166.697,6287.834,2000,6067.299,6387.947,2000,6066.468,6316.823,2000,6162.981
6378.37,2000,6250.294,6417.393,2000,6167.69,6288.222,2000,6068.311,6388.443,2000,6067.431,6317.047,2000,6164.041
6378.458,2000,6251.374,6417.793,2000,6168.696,6288.642,2000,6069.31,6388.908,2000,6068.409,6317.305,2000,6165.093
6378.548,2000,6252.453,6418.161,2000,6169.715,6289.094,2000,6070.294,6389.341,2000,6069.402,6317.597,2000,6166.136
6378.637,2000,6253.533,6418.496,2000,6170.746,6289.579,2000,6071.263,6389.741,2000,6070.409,6317.906,2000,6167.175
6378.726,2000,6254.612,6418.796,2000,6171.787,6290.054,2000,6072.236,6390.107,2000,6071.429,6318.249,2000,6168.203
6378.815,2000,6255.692,6419.062,2000,6172.837,6290.528,2000,6073.21,6390.44,2000,6072.459,6318.625,2000,6169.219
6378.904,2000,6256.771,6419.293,2000,6173.895,6290.969,2000,6074.2,6390.807,2000,6073.479,6319.034,2000,6170.222
6378.993,2000,6257.851,6419.49,2000,6174.96,6291.378,2000,6075.203,6391.207,2000,6074.486,6319.476,2000,6171.211
6379.083,2000,6258.931,6419.652,2000,6176.032,6291.754,2000,6076.219,6391.64,2000,6075.479,6319.949,2000,6172.185
6379.171,2000,6260.01,6419.849,2000,6177.097,6292.097,2000,6077.247,6392.104,2000,6076.458,6320.391,2000,6173.174
6379.261,2000,6261.09,6420.081,2000,6178.155,6292.473,2000,6078.263,6392.537,2000,6077.451,6320.8,2000,6174.177
6379.35,2000,6262.169,6420.347,2000,6179.206,6292.882,2000,6079.267,6392.937,2000,6078.458,6321.176,2000,6175.193
6379.439,2000,6263.249,6420.647,2000,6180.247,6293.323,2000,6080.256,6393.304,2000,6079.477,6321.519,2000,6176.221
6379.528,2000,6264.329,6420.981,2000,6181.277,6293.732,2000,6081.259,6393.704,2000,6080.484,6321.828,2000,6177.26
6379.617,2000,6265.408,6421.349,2000,6182.296,6294.108,2000,6082.275,6394.136,2000,6081.477,6322.103,2000,6178.308
6379.706,2000,6266.488,6421.75,2000,6183.302,6294.518,2000,6083.279,6394.536,2000,6082.484,6322.343,2000,6179.364
6379.795,2000,6267.567,6422.184,2000,6184.295,6294.959,2000,6084.268,6394.903,2000,6083.503,6322.548,2000,6180.427
6379.884,2000,6268.647,6422.649,2000,6185.273,6295.368,2000,6085.271,6395.303,2000,6084.51,6322.719,2000,6181.497
6379.974,2000,6269.727,6423.083,2000,6186.266,6295.744,2000,6086.288,6395.735,2000,6085.503,6322.924,2000,6182.561
6380.063,2000,6270.806,6423.484,2000,6187.272,6296.086,2000,6087.315,6396.2,2000,6086.482,6323.165,2000,6183.617
6380.152,2000,6271.886,6423.852,2000,6188.291,6296.462,2000,6088.332,6396.633,2000,6087.475,6323.439,2000,6184.665
6380.241,2000,6272.965,6424.186,2000,6189.321,6296.872,2000,6089.335,6397.033,2000,6088.482,6323.748,2000,6185.703
6380.167,2000,6274.046,6424.486,2000,6190.362,6297.313,2000,6090.324,6397.399,2000,6089.501,6324.091,2000,6186.731
6380.092,2000,6275.126,6424.752,2000,6191.413,6297.758,2000,6091.312,6397.732,2000,6090.532,6324.467,2000,6187.747
6380.018,2000,6276.207,6424.984,2000,6192.471,6298.171,2000,6092.313,6398.099,2000,6091.552,6324.876,2000,6188.75
6379.944,2000,6277.288,6425.181,2000,6193.536,6298.551,2000,6093.328,6398.499,2000,6092.559,6325.318,2000,6189.739
6379.87,2000,6278.368,6425.412,2000,6194.594,6298.897,2000,6094.354,6398.932,2000,6093.552,6325.727,2000,6190.742
6379.795,2000,6279.449,6425.678,2000,6195.645,6299.277,2000,6095.369,6399.332,2000,6094.559,6326.103,2000,6191.758
6379.721,2000,6280.529,6425.979,2000,6196.686,6299.689,2000,6096.371,6399.698,2000,6095.578,6326.446,2000,6192.786
6379.647,2000,6281.61,6426.313,2000,6197.716,6300.121,2000,6097.364,6400.031,2000,6096.609,6326.754,2000,6193.825
6379.573,2000,6282.69,6426.681,2000,6198.735,6300.52,2000,6098.372,6400.398,2000,6097.628,6327.029,2000,6194.873
6379.499,2000,6283.771,6427.082,2000,6199.741,6300.886,2000,6099.391,6400.798,2000,6098.635,6327.27,2000,6195.929
6379.424,2000,6284.852,6427.515,2000,6200.734,6301.218,2000,6100.422,6401.23,2000,6099.628,6327.475,2000,6196.992
6379.35,2000,6285.932,6427.916,2000,6201.74,6301.584,2000,6101.442,6401.63,2000,6100.635,6327.715,2000,6198.048
6379.276,2000,6287.013,6428.284,2000,6202.759,6301.983,2000,6102.449,6401.997,2000,6101.655,6327.99,2000,6199.096
6379.202,2000,6288.093,6428.618,2000,6203.79,6302.401,2000,6103.448,6402.33,2000,6102.686,6328.299,2000,6200.135
6379.127,2000,6289.174,6428.918,2000,6204.831,6302.787,2000,6104.46,6402.697,2000,6103.705,6328.642,2000,6201.163
6379.053,2000,6290.254,6429.185,2000,6205.881,6303.139,2000,6105.485,6403.097,2000,6104.712,6329.018,2000,6202.179
6378.979,2000,6291.335,6429.416,2000,6206.939,6303.458,2000,6106.521,6403.529,2000,6105.705,6329.427,2000,6203.182
6378.905,2000,6292.416,6429.613,2000,6208.004,6303.81,2000,6107.545,6403.929,2000,6106.712,6329.869,2000,6204.171
6378.831,2000,6293.496,6429.844,2000,6209.063,6304.195,2000,6108.557,6404.296,2000,6107.731,6330.278,2000,6205.174
6378.756,2000,6294.577,6430.11,2000,6210.113,6304.601,2000,6109.562,6404.629,2000,6108.762,6330.654,2000,6206.19
6378.682,2000,6295.657,6430.411,2000,6211.154,6305.003,2000,6110.567,6404.928,2000,6109.803,6330.997,2000,6207.218
6378.608,2000,6296.738,6430.745,2000,6212.184,6305.374,2000,6111.585,6405.261,2000,6110.834,6331.305,2000,6208.256
6378.534,2000,6297.818,6431.113,2000,6213.203,6305.71,2000,6112.615,6405.628,2000,6111.854,6331.58,2000,6209.304
6378.459,2000,6298.899,6431.514,2000,6214.209,6306.013,2000,6113.655,6406.028,2000,6112.86,6331.82,2000,6210.36
6378.385,2000,6299.979,6431.947,2000,6215.202,6306.349,2000,6114.685,6406.395,2000,6113.88,6332.026,2000,6211.424
6378.311,2000,6301.06,6432.413,2000,6216.18,6306.719,2000,6115.703,6406.728,2000,6114.911,6332.196,2000,6212.494
6378.237,2000,6302.141,6432.847,2000,6217.173,6307.109,2000,6116.713,6407.027,2000,6115.952,6332.402,2000,6213.557
6378.163,2000,6303.221,6433.248,2000,6218.179,6307.466,2000,6117.736,6407.36,2000,6116.982,6332.642,2000,6214.613
6378.088,2000,6304.302,6433.615,2000,6219.198,6307.79,2000,6118.771,6407.727,2000,6118.002,6332.917,2000,6215.661
6378.014,2000,6305.382,6433.95,2000,6220.229,6308.079,2000,6119.814,6408.126,2000,6119.009,6333.226,2000,6216.7
6377.94,2000,6306.463,6434.25,2000,6221.27,6308.402,2000,6120.849,6408.493,2000,6120.028,6333.568,2000,6217.728
6377.866,2000,6307.543,6434.516,2000,6222.32,6308.759,2000,6121.872,6408.826,2000,6121.059,6333.944,2000,6218.744
6377.792,2000,6308.624,6434.748,2000,6223.378,6309.137,2000,6122.887,6409.125,2000,6122.1,6334.354,2000,6219.747
6377.717,2000,6309.705,6434.944,2000,6224.443,6309.481,2000,6123.914,6409.458,2000,6123.131,6334.795,2000,6220.736
6377.643,2000,6310.785,6435.106,2000,6225.515,6309.792,2000,6124.952,6409.825,2000,6124.15,6335.266,2000,6221.711
6377.569,2000,6311.866,6435.303,2000,6226.58,6310.136,2000,6125.979,6410.158,2000,6125.181,6335.705,2000,6222.702
6377.495,2000,6312.946,6435.535,2000,6227.638,6310.506,2000,6126.998,6410.458,2000,6126.222,6336.11,2000,6223.707
6377.42,2000,6314.027,6435.801,2000,6228.688,6310.842,2000,6128.027,6410.791,2000,6127.253,6336.483,2000,6224.724
6377.346,2000,6315.107,6436.101,2000,6229.729,6311.144,2000,6129.068,6411.157,2000,6128.272,6336.823,2000,6225.752
6377.272,2000,6316.188,6436.436,2000,6230.76,6311.48,2000,6130.098,6411.49,2000,6129.303,6337.128,2000,6226.792
6377.198,2000,6317.269,6436.803,2000,6231.779,6311.841,2000,6131.119,6411.79,2000,6130.344,6337.4,2000,6227.841
6377.124,2000,6318.349,6437.204,2000,6232.785,6312.169,2000,6132.152,6412.123,2000,6131.375,6337.637,2000,6228.898
6377.049,2000,6319.43,6437.638,2000,6233.778,6312.462,2000,6133.195,6412.489,2000,6132.395,6337.839,2000,6229.962
6376.975,2000,6320.51,6438.104,2000,6234.756,6312.79,2000,6134.228,6412.822,2000,6133.425,6338.006,2000,6231.033
6376.901,2000,6321.591,6438.537,2000,6235.749,6313.143,2000,6135.252,6413.122,2000,6134.466,6338.208,2000,6232.097
6376.827,2000,6322.671,6438.938,2000,6236.755,6313.462,2000,6136.287,6413.455,2000,6135.497,6338.445,2000,6233.154
6376.752,2000,6323.752,6439.306,2000,6237.774,6313.748,2000,6137.332,6413.821,2000,6136.517,6338.716,2000,6234.203
6376.678,2000,6324.833,6439.64,2000,6238.804,6314.067,2000,6138.367,6414.154,2000,6137.547,6339.022,2000,6235.243
6376.604,2000,6325.913,6439.94,2000,6239.845,6314.412,2000,6139.394,6414.454,2000,6138.588,6339.361,2000,6236.271
6376.53,2000,6326.994,6440.207,2000,6240.896,6314.754,2000,6140.422,6414.719,2000,6139.639,6339.734,2000,6237.289
6376.455,2000,6328.074,6440.438,2000,6241.954,6315.063,2000,6141.46,6415.018,2000,6140.68,6340.14,2000,6238.293
6376.381,2000,6329.155,6440.635,2000,6243.019,6315.338,2000,6142.508,6415.351,2000,6141.71,6340.546,2000,6239.297
6376.306,2000,6330.235,6440.797,2000,6244.09,6315.647,2000,6143.547,6415.65,2000,6142.751,6340.947,2000,6240.304
6376.232,2000,6331.316,6440.994,2000,6245.156,6315.982,2000,6144.577,6415.916,2000,6143.802,6341.315,2000,6241.323
6376.157,2000,6332.396,6441.225,2000,6246.214,6316.283,2000,6145.618,6416.215,2000,6144.843,6341.65,2000,6242.353
6376.083,2000,6333.477,6441.491,2000,6247.264,6316.55,2000,6146.667,6416.548,2000,6145.874,6341.951,2000,6243.394
6376.008,2000,6334.558,6441.792,2000,6248.305,6316.851,2000,6147.708,6416.847,2000,6146.915,6342.217,2000,6244.443
6375.934,2000,6335.638,6442.126,2000,6249.335,6317.117,2000,6148.758,6417.18,2000,6147.945,6342.449,2000,6245.501
6375.859,2000,6336.719,6442.494,2000,6250.354,6317.418,2000,6149.798,6417.479,2000,6148.986,6342.646,2000,6246.567
6375.785,2000,6337.799,6442.895,2000,6251.361,6317.741,2000,6150.833,6417.745,2000,6150.037,6342.809,2000,6247.638
6375.71,2000,6338.88,6443.262,2000,6252.38,6318.098,2000,6151.855,6417.975,2000,6151.095,6343.006,2000,6248.704
6375.636,2000,6339.96,6443.597,2000,6253.41,6318.421,2000,6152.89,6418.24,2000,6152.146,6343.238,2000,6249.762
6375.562,2000,6341.041,6443.897,2000,6254.451,6318.71,2000,6153.934,6418.54,2000,6153.187,6343.504,2000,6250.812
6375.487,2000,6342.122,6444.163,2000,6255.501,6318.965,2000,6154.986,6418.873,2000,6154.217,6343.805,2000,6251.852
6375.413,2000,6343.202,6444.395,2000,6256.56,6319.186,2000,6156.047,6419.239,2000,6155.237,6344.074,2000,6252.901
6375.338,2000,6344.283,6444.591,2000,6257.625,6319.44,2000,6157.1,6419.572,2000,6156.268,6344.377,2000,6253.941
6375.264,2000,6345.363,6444.753,2000,6258.696,6319.729,2000,6158.144,6419.872,2000,6157.309,6344.714,2000,6254.971
6375.189,2000,6346.444,6444.88,2000,6259.772,6320.053,2000,6159.178,6420.137,2000,6158.359,6345.018,2000,6256.011
6375.115,2000,6347.524,6445.042,2000,6260.843,6320.41,2000,6160.201,6420.367,2000,6159.417,6345.287,2000,6257.06
6375.041,2000,6348.605,6445.239,2000,6261.909,6320.733,2000,6161.235,6420.632,2000,6160.468,6345.521,2000,6258.118
6374.966,2000,6349.686,6445.471,2000,6262.967,6321.022,2000,6162.279,6420.932,2000,6161.509,6345.721,2000,6259.183
6374.892,2000,6350.766,6445.737,2000,6264.017,6321.277,2000,6163.332,6421.265,2000,6162.54,6345.886,2000,6260.253
6374.817,2000,6351.847,6446.037,2000,6265.058,6321.497,2000,6164.392,6421.631,2000,6163.559,6346.016,2000,6261.329
6374.743,2000,6352.927,6446.303,2000,6266.108,6321.683,2000,6165.459,6421.964,2000,6164.59,6346.181,2000,6262.4
6374.668,2000,6354.008,6446.535,2000,6267.167,6321.833,2000,6166.532,6422.264,2000,6165.631,6346.381,2000,6263.465
6374.594,2000,6355.088,6446.731,2000,6268.232,6321.948,2000,6167.609,6422.529,2000,6166.681,6346.616,2000,6264.522
6374.52,2000,6356.169,6446.894,2000,6269.303,6322.099,2000,6168.682,6422.759,2000,6167.74,6346.885,2000,6265.572
6374.445,2000,6357.25,6447.021,2000,6270.379,6322.284,2000,6169.75,6422.955,2000,6168.805,6347.188,2000,6266.612
6374.371,2000,6358.33,6447.183,2000,6271.45,6322.504,2000,6170.81,6423.116,2000,6169.876,6347.457,2000,6267.661
6374.296,2000,6359.411,6447.379,2000,6272.516,6322.759,2000,6171.863,6423.241,2000,6170.953,6347.692,2000,6268.719
6374.222,2000,6360.491,6447.611,2000,6273.574,6323.046,2000,6172.907,6423.332,2000,6172.032,6347.892,2000,6269.784
6374.147,2000,6361.572,6447.877,2000,6274.624,6323.332,2000,6173.952,6423.387,2000,6173.114,6348.057,2000,6270.854
6373.913,2000,6362.629,6448.177,2000,6275.665,6323.615,2000,6174.998,6423.406,2000,6174.197,6348.187,2000,6271.93
6373.678,2000,6363.687,6448.443,2000,6276.715,6323.864,2000,6176.052,6423.461,2000,6175.279,6348.352,2000,6273.001
6373.443,2000,6364.745,6448.675,2000,6277.773,6324.078,2000,6177.114,6423.552,2000,6176.359,6348.551,2000,6274.066
6373.208,2000,6365.802,6448.872,2000,6278.839,6324.257,2000,6178.182,6423.677,2000,6177.435,6348.786,2000,6275.124
6372.973,2000,6366.86,6449.034,2000,6279.91,6324.402,2000,6179.256,6423.838,2000,6178.506,6349.052,2000,6276.174
6372.738,2000,6367.917,6449.161,2000,6280.986,6324.511,2000,6180.333,6424.034,2000,6179.572,6349.328,2000,6277.221
6372.503,2000,6368.975,6449.323,2000,6282.057,6324.584,2000,6181.415,6424.264,2000,6180.63,6349.57,2000,6278.277
6372.269,2000,6370.033,6449.52,2000,6283.123,6324.623,2000,6182.497,6424.529,2000,6181.681,6349.777,2000,6279.341
6372.034,2000,6371.09,6449.751,2000,6284.181,6324.626,2000,6183.581,6424.829,2000,6182.722,6349.949,2000,6280.41
6371.799,2000,6372.148,6450.017,2000,6285.231,6324.665,2000,6184.663,6425.094,2000,6183.772,6350.086,2000,6281.485
6371.564,2000,6373.206,6450.249,2000,6286.289,6324.738,2000,6185.744,6425.324,2000,6184.831,6350.259,2000,6282.554
6371.329,2000,6374.263,6450.445,2000,6287.354,6324.847,2000,6186.822,6425.52,2000,6185.896,6350.466,2000,6283.618
6371.094,2000,6375.321,6450.607,2000,6288.426,6324.992,2000,6187.896,6425.681,2000,6186.967,6350.708,2000,6284.674
6370.859,2000,6376.378,6450.804,2000,6289.491,6325.171,2000,6188.964,6425.806,2000,6188.043,6350.915,2000,6285.737
6370.625,2000,6377.436,6451.036,2000,6290.549,6325.385,2000,6190.026,6425.896,2000,6189.123,6351.087,2000,6286.807
6370.39,2000,6378.494,6451.232,2000,6291.615,6325.634,2000,6191.08,6425.952,2000,6190.205,6351.294,2000,6287.87
6370.155,2000,6379.551,6451.395,2000,6292.686,6325.886,2000,6192.134,6425.971,2000,6191.288,6351.517,2000,6288.93
6369.92,2000,6380.609,6451.591,2000,6293.751,6326.135,2000,6193.188,6425.955,2000,6192.371,6351.706,2000,6289.997
6369.685,2000,6381.667,6451.823,2000,6294.81,6326.349,2000,6194.25,6425.975,2000,6193.454,6351.859,2000,6291.069
6369.45,2000,6382.724,6452.02,2000,6295.875,6326.529,2000,6195.318,6426.03,2000,6194.536,6352.047,2000,6292.136
6369.215,2000,6383.782,6452.182,2000,6296.946,6326.673,2000,6196.392,6426.12,2000,6195.616,6352.252,2000,6293.2
6368.98,2000,6384.839,6452.378,2000,6298.012,6326.783,2000,6197.47,6426.246,2000,6196.692,6352.421,2000,6294.27
6368.746,2000,6385.897,6452.541,2000,6299.083,6326.856,2000,6198.55,6426.406,2000,6197.763,6352.616,2000,6295.335
6368.511,2000,6386.955,6452.737,2000,6300.148,6326.895,2000,6199.633,6426.602,2000,6198.829,6352.776,2000,6296.407
6368.276,2000,6388.012,6452.899,2000,6301.22,6326.898,2000,6200.716,6426.833,2000,6199.887,6352.961,2000,6297.474
6368.041,2000,6389.07,6453.026,2000,6302.295,6326.866,2000,6201.799,6427.098,2000,6200.938,6353.142,2000,6298.542
6367.806,2000,6390.127,6453.188,2000,6303.367,6326.869,2000,6202.883,6427.328,2000,6201.996,6353.288,2000,6299.616
6367.571,2000,6391.185,6453.385,2000,6304.432,6326.907,2000,6203.965,6427.524,2000,6203.062,6353.398,2000,6300.694
6367.336,2000,6392.243,6453.547,2000,6305.503,6326.981,2000,6205.046,6427.685,2000,6204.133,6353.543,2000,6301.768
6367.102,2000,6393.3,6453.674,2000,6306.579,6327.09,2000,6206.124,6427.81,2000,6205.209,6353.707,2000,6302.838
6366.867,2000,6394.358,6453.766,2000,6307.659,6327.235,2000,6207.197,6427.9,2000,6206.289,6353.865,2000,6303.91
6366.632,2000,6395.416,6453.893,2000,6308.734,6327.415,2000,6208.266,6427.956,2000,6207.371,6353.989,2000,6304.986
6366.397,2000,6396.473,6454.055,2000,6309.806,6327.629,2000,6209.328,6427.975,2000,6208.454,6354.077,2000,6306.066
6366.162,2000,6397.531,6454.182,2000,6310.881,6327.849,2000,6210.389,6427.959,2000,6209.537,6354.201,2000,6307.142
6365.927,2000,6398.588,6454.273,2000,6311.961,6328.066,2000,6211.45,6427.908,2000,6210.619,6354.343,2000,6308.216
6365.692,2000,6399.646,6454.329,2000,6313.043,6328.249,2000,6212.518,6427.892,2000,6211.702,6354.48,2000,6309.291
6365.458,2000,6400.704,6454.42,2000,6314.123,6328.396,2000,6213.591,6427.911,2000,6212.785,6354.583,2000,6310.369
6365.223,2000,6401.761,6454.547,2000,6315.198,6328.508,2000,6214.669,6427.966,2000,6213.867,6354.65,2000,6311.45
6364.988,2000,6402.819,6454.709,2000,6316.27,6328.585,2000,6215.75,6428.057,2000,6214.946,6354.682,2000,6312.533
6364.753,2000,6403.876,6454.836,2000,6317.345,6328.626,2000,6216.832,6428.182,2000,6216.022,6354.75,2000,6313.614
6364.518,2000,6404.934,6454.928,2000,6318.425,6328.632,2000,6217.916,6428.343,2000,6217.094,6354.852,2000,6314.693
6364.283,2000,6405.992,6454.984,2000,6319.507,6328.603,2000,6218.999,6428.539,2000,6218.159,6354.967,2000,6315.77
6364.048,2000,6407.049,6455.005,2000,6320.59,6328.538,2000,6220.08,6428.769,2000,6219.218,6355.079,2000,6316.848
6363.813,2000,6408.107,6455.061,2000,6321.672,6328.509,2000,6221.163,6428.965,2000,6220.283,6355.155,2000,6317.928
6363.579,2000,6409.165,6455.152,2000,6322.751,6328.515,2000,6222.247,6429.125,2000,6221.354,6355.195,2000,6319.011
6363.344,2000,6410.222,6455.208,2000,6323.833,6328.556,2000,6223.329,6429.251,2000,6222.431,6355.271,2000,6320.091
6363.109,2000,6411.28,6455.229,2000,6324.917,6328.633,2000,6224.41,6429.341,2000,6223.51,6355.368,2000,6321.17
6362.874,2000,6412.337,6455.286,2000,6325.999,6328.745,2000,6225.487,6429.396,2000,6224.592,6355.43,2000,6322.252
6362.639,2000,6413.395,6455.377,2000,6327.078,6328.893,2000,6226.561,6429.416,2000,6225.675,6355.456,2000,6323.335
6362.404,2000,6414.453,6455.504,2000,6328.154,6329.075,2000,6227.628,6429.4,2000,6226.758,6355.446,2000,6324.418
6362.169,2000,6415.51,6455.595,2000,6329.233,6329.266,2000,6228.695,6429.349,2000,6227.84,6355.472,2000,6325.501
6361.935,2000,6416.568,6455.651,2000,6330.315,6329.454,2000,6229.762,6429.262,2000,6228.92,6355.533,2000,6326.583
6361.7,2000,6417.625,6455.672,2000,6331.398,6329.606,2000,6230.834,6429.21,2000,6230.002,6355.61,2000,6327.664
6361.465,2000,6418.683,6455.658,2000,6332.481,6329.724,2000,6231.911,6429.194,2000,6231.085,6355.683,2000,6328.745
6361.23,2000,6419.741,6455.607,2000,6333.563,6329.807,2000,6232.991,6429.214,2000,6232.168,6355.752,2000,6329.826
6360.995,2000,6420.798,6455.593,2000,6334.646,6329.854,2000,6234.074,6429.269,2000,6233.25,6355.787,2000,6330.909
6360.76,2000,6421.856,6455.614,2000,6335.729,6329.865,2000,6235.157,6429.359,2000,6234.33,6355.785,2000,6331.992
6360.525,2000,6422.914,6455.67,2000,6336.812,6329.841,2000,6236.24,6429.485,2000,6235.406,6355.749,2000,6333.075
6360.291,2000,6423.971,6455.761,2000,6337.891,6329.782,2000,6237.322,6429.646,2000,6236.478,6355.676,2000,6334.156
6360.056,2000,6425.029,6455.817,2000,6338.973,6329.688,2000,6238.401,6429.841,2000,6237.543,6355.64,2000,6335.238
6359.821,2000,6426.086,6455.838,2000,6340.056,6329.628,2000,6239.482,6430.002,2000,6238.614,6355.638,2000,6336.322
6359.586,2000,6427.144,6455.824,2000,6341.139,6329.604,2000,6240.565,6430.127,2000,6239.69,6355.672,2000,6337.405
6359.351,2000,6428.202,6455.773,2000,6342.221,6329.616,2000,6241.649,6430.218,2000,6240.77,6355.72,2000,6338.487
6359.116,2000,6429.259,6455.688,2000,6343.301,6329.663,2000,6242.731,6430.273,2000,6241.852,6355.764,2000,6339.57
6358.881,2000,6430.317,6455.638,2000,6344.383,6329.746,2000,6243.812,6430.292,2000,6242.935,6355.772,2000,6340.653
6358.646,2000,6431.375,6455.623,2000,6345.466,6329.863,2000,6244.889,6430.276,2000,6244.018,6355.745,2000,6341.736
6358.412,2000,6432.432,6455.644,2000,6346.549,6330.016,2000,6245.961,6430.225,2000,6245.1,6355.683,2000,6342.818
6358.177,2000,6433.49,6455.629,2000,6347.632,6330.179,2000,6247.032,6430.138,2000,6246.18,6355.656,2000,6343.901
6357.942,2000,6434.547,6455.579,2000,6348.714,6330.307,2000,6248.107,6430.087,2000,6247.262,6355.664,2000,6344.984
6357.707,2000,6435.605,6455.564,2000,6349.797,6330.4,2000,6249.187,6430.071,2000,6248.345,6355.637,2000,6346.067
6357.472,2000,6436.663,6455.585,2000,6350.88,6330.457,2000,6250.269,6430.09,2000,6249.428,6355.575,2000,6347.149
6357.237,2000,6437.72,6455.571,2000,6351.963,6330.479,2000,6251.352,6430.146,2000,6250.51,6355.548,2000,6348.232
6357.002,2000,6438.778,6455.521,2000,6353.045,6330.465,2000,6252.435,6430.236,2000,6251.59,6355.556,2000,6349.315
6356.768,2000,6439.835,6455.435,2000,6354.125,6330.417,2000,6253.517,6430.361,2000,6252.666,6355.574,2000,6350.398
6356.533,2000,6440.893,6455.385,2000,6355.208,6330.332,2000,6254.597,6430.522,2000,6253.737,6355.556,2000,6351.481
6356.298,2000,6441.951,6455.37,2000,6356.291,6330.283,2000,6255.679,6430.647,2000,6254.813,6355.502,2000,6352.563
6356.063,2000,6443.008,6455.391,2000,6357.374,6330.27,2000,6256.762,6430.738,2000,6255.893,6355.414,2000,6353.643
6355.828,2000,6444.066,6455.376,2000,6358.457,6330.292,2000,6257.845,6430.793,2000,6256.975,6355.36,2000,6354.725
6355.593,2000,6445.124,6455.326,2000,6359.539,6330.349,2000,6258.927,6430.813,2000,6258.058,6355.342,2000,6355.808
6355.358,2000,6446.181,6455.241,2000,6360.619,6330.441,2000,6260.007,6430.796,2000,6259.141,6355.345,2000,6356.892
6355.124,2000,6447.239,6455.19,2000,6361.701,6330.569,2000,6261.083,6430.745,2000,6260.223,6355.313,2000,6357.975
6354.889,2000,6448.296,6455.176,2000,6362.784,6330.711,2000,6262.157,6430.658,2000,6261.303,6355.245,2000,6359.056
6354.654,2000,6449.354,6455.125,2000,6363.866,6330.817,2000,6263.235,6430.607,2000,6262.385,6355.213,2000,6360.139
6354.263,2000,6450.364,6455.111,2000,6364.949,6330.889,2000,6264.316,6430.591,2000,6263.468,6355.145,2000,6361.22
6353.873,2000,6451.375,6455.061,2000,6366.031,6330.924,2000,6265.398,6430.61,2000,6264.551,6355.113,2000,6362.303
6353.482,2000,6452.385,6454.975,2000,6367.111,6330.925,2000,6266.482,6430.666,2000,6265.633,6355.116,2000,6363.386
6353.091,2000,6453.395,6454.925,2000,6368.193,6330.89,2000,6267.564,6430.756,2000,6266.713,6355.083,2000,6364.469
6352.701,2000,6454.405,6454.91,2000,6369.276,6330.819,2000,6268.646,6430.881,2000,6267.789,6355.016,2000,6365.55
6352.31,2000,6455.416,6454.931,2000,6370.359,6330.713,2000,6269.724,6430.972,2000,6268.869,6354.913,2000,6366.629
6351.919,2000,6456.426,6454.917,2000,6371.442,6330.572,2000,6270.798,6431.027,2000,6269.951,6354.845,2000,6367.71
6351.529,2000,6457.436,6454.866,2000,6372.524,6330.396,2000,6271.867,6431.046,2000,6271.034,6354.813,2000,6368.793
6351.138,2000,6458.446,6454.781,2000,6373.604,6330.185,2000,6272.929,6431.03,2000,6272.117,6354.815,2000,6369.876
6350.748,2000,6459.457,6454.66,2000,6374.681,6330.008,2000,6273.998,6430.979,2000,6273.199,6354.783,2000,6370.959
6350.357,2000,6460.467,6454.575,2000,6375.761,6329.867,2000,6275.072,6430.892,2000,6274.279,6354.715,2000,6372.041
6349.966,2000,6461.477,6454.524,2000,6376.843,6329.761,2000,6276.15,6430.77,2000,6275.355,6354.612,2000,6373.119
6349.576,2000,6462.487,6454.51,2000,6377.926,6329.69,2000,6277.231,6430.613,2000,6276.427,6354.474,2000,6374.193
6349.185,2000,6463.498,6454.459,2000,6379.008,6329.655,2000,6278.314,6430.421,2000,6277.493,6354.371,2000,6375.272
6348.794,2000,6464.508,6454.374,2000,6380.088,6329.656,2000,6279.397,6430.194,2000,6278.552,6354.303,2000,6376.353
6348.404,2000,6465.518,6454.253,2000,6381.165,6329.691,2000,6280.48,6429.933,2000,6279.604,6354.235,2000,6377.434
6348.013,2000,6466.528,6454.098,2000,6382.237,6329.763,2000,6281.561,6429.637,2000,6280.646,6354.164,2000,6378.515
6347.623,2000,6467.539,6453.907,2000,6383.303,6329.798,2000,6282.644,6429.375,2000,6281.697,6354.127,2000,6379.598
6347.232,2000,6468.549,6453.751,2000,6384.375,6329.799,2000,6283.727,6429.148,2000,6282.756,6354.056,2000,6380.679
6346.841,2000,6469.559,6453.63,2000,6385.452,6329.764,2000,6284.81,6428.957,2000,6283.822,6353.949,2000,6381.757
6346.451,2000,6470.569,6453.545,2000,6386.532,6329.693,2000,6285.891,6428.799,2000,6284.894,6353.807,2000,6382.831
6346.06,2000,6471.58,6453.495,2000,6387.614,6329.587,2000,6286.969,6428.677,2000,6285.97,6353.629,2000,6383.899
6345.669,2000,6472.59,6453.48,2000,6388.697,6329.446,2000,6288.043,6428.59,2000,6287.05,6353.417,2000,6384.962
6345.279,2000,6473.6,6453.43,2000,6389.779,6329.27,2000,6289.112,6428.539,2000,6288.132,6353.24,2000,6386.031
6344.888,2000,6474.61,6453.344,2000,6390.859,6329.059,2000,6290.174,6428.523,2000,6289.215,6353.098,2000,6387.104
6344.498,2000,6475.621,6453.224,2000,6391.936,6328.813,2000,6291.229,6428.542,2000,6290.298,6352.991,2000,6388.183
6344.107,2000,6476.631,6453.068,2000,6393.008,6328.533,2000,6292.276,6428.598,2000,6291.38,6352.919,2000,6389.264
6343.716,2000,6477.641,6452.877,2000,6394.075,6328.287,2000,6293.331,6428.617,2000,6292.463,6352.813,2000,6390.342
6343.326,2000,6478.651,6452.651,2000,6395.134,6328.076,2000,6294.394,6428.601,2000,6293.546,6352.7,2000,6391.419
6342.935,2000,6479.662,6452.391,2000,6396.186,6327.9,2000,6295.462,6428.55,2000,6294.628,6352.584,2000,6392.497
6342.544,2000,6480.672,6452.166,2000,6397.246,6327.759,2000,6296.537,6428.463,2000,6295.708,6352.434,2000,6393.569
6342.154,2000,6481.682,6451.975,2000,6398.312,6327.653,2000,6297.615,6428.341,2000,6296.785,6352.248,2000,6394.637
6341.763,2000,6482.692,6451.819,2000,6399.384,6327.582,2000,6298.696,6428.184,2000,6297.857,6352.027,2000,6395.697
6341.373,2000,6483.703,6451.698,2000,6400.461,6327.547,2000,6299.778,6427.992,2000,6298.923,6351.771,2000,6396.75
6340.982,2000,6484.713,6451.613,2000,6401.541,6327.476,2000,6300.859,6427.765,2000,6299.982,6351.482,2000,6397.794
6340.591,2000,6485.723,6451.492,2000,6402.618,6327.37,2000,6301.938,6427.503,2000,6301.033,6351.227,2000,6398.847
6340.201,2000,6486.733,6451.336,2000,6403.69,6327.229,2000,6303.012,6427.208,2000,6302.075,6351.006,2000,6399.907
6339.81,2000,6487.744,6451.146,2000,6404.756,6327.053,2000,6304.081,6426.946,2000,6303.126,6350.82,2000,6400.975
6339.419,2000,6488.754,6450.92,2000,6405.816,6326.842,2000,6305.143,6426.719,2000,6304.186,6350.669,2000,6402.047
6339.029,2000,6489.764,6450.66,2000,6406.868,6326.596,2000,6306.198,6426.527,2000,6305.251,6350.553,2000,6403.125
6338.638,2000,6490.774,6450.365,2000,6407.91,6326.316,2000,6307.245,6426.37,2000,6306.323,6350.473,2000,6404.205
6338.248,2000,6491.785,6450.105,2000,6408.962,6326.001,2000,6308.281,6426.178,2000,6307.389,6350.357,2000,6405.282
6337.857,2000,6492.795,6449.879,2000,6410.021,6325.721,2000,6309.328,6425.951,2000,6308.448,6350.206,2000,6406.355
6337.466,2000,6493.805,6449.688,2000,6411.088,6325.476,2000,6310.383,6425.69,2000,6309.5,6350.02,2000,6407.422
6337.076,2000,6494.815,6449.533,2000,6412.16,6325.265,2000,6311.445,6425.394,2000,6310.542,6349.799,2000,6408.483
6336.685,2000,6495.826,6449.412,2000,6413.237,6325.088,2000,6312.514,6425.064,2000,6311.573,6349.544,2000,6409.536
6336.294,2000,6496.836,6449.327,2000,6414.317,6324.877,2000,6313.577,6424.769,2000,6312.615,6349.254,2000,6410.58
6335.904,2000,6497.846,6449.206,2000,6415.394,6324.632,2000,6314.632,6424.507,2000,6313.667,6348.999,2000,6411.632
6335.513,2000,6498.856,6449.05,2000,6416.466,6324.352,2000,6315.678,6424.28,2000,6314.726,6348.778,2000,6412.693
6335.123,2000,6499.867,6448.859,2000,6417.532,6324.037,2000,6316.715,6424.088,2000,6315.792,6348.592,2000,6413.76
6334.732,2000,6500.877,6448.634,2000,6418.592,6323.757,2000,6317.761,6423.861,2000,6316.851,6348.425,2000,6414.831
6334.341,2000,6501.887,6448.374,2000,6419.644,6323.511,2000,6318.816,6423.6,2000,6317.902,6348.254,2000,6415.9
6333.951,2000,6502.897,6448.079,2000,6420.686,6323.3,2000,6319.879,6423.304,2000,6318.944,6348.082,2000,6416.97
6333.56,2000,6503.908,6447.75,2000,6421.718,6323.124,2000,6320.948,6422.975,2000,6319.976,6347.906,2000,6418.039
6333.169,2000,6504.918,6447.456,2000,6422.761,6322.913,2000,6322.01,6422.679,2000,6321.018,6347.695,2000,6419.101
6332.779,2000,6505.928,6447.196,2000,6423.813,6322.667,2000,6323.065,6422.417,2000,6322.069,6347.45,2000,6420.156
6332.388,2000,6506.938,6446.97,2000,6424.872,6322.387,2000,6324.112,6422.19,2000,6323.128,6347.17,2000,6421.203
6331.998,2000,6507.949,6446.779,2000,6425.938,6322.073,2000,6325.148,6421.999,2000,6324.194,6346.856,2000,6422.24
6331.607,2000,6508.959,6446.624,2000,6427.011,6321.725,2000,6326.174,6421.841,2000,6325.266,6346.509,2000,6423.266
6331.216,2000,6509.969,6446.433,2000,6428.077,6321.41,2000,6327.211,6421.649,2000,6326.332,6346.195,2000,6424.303
6330.826,2000,6510.979,6446.207,2000,6429.137,6321.13,2000,6328.257,6421.422,2000,6327.391,6345.915,2000,6425.349
6330.435,2000,6511.99,6445.947,2000,6430.188,6320.884,2000,6329.313,6421.161,2000,6328.442,6345.67,2000,6426.404
6330.044,2000,6513,6445.652,2000,6431.231,6320.673,2000,6330.375,6420.865,2000,6329.484,6345.459,2000,6427.467
6329.654,2000,6514.01,6445.324,2000,6432.263,6320.497,2000,6331.444,6420.536,2000,6330.516,6345.267,2000,6428.533
6329.263,2000,6515.021,6444.961,2000,6433.284,6320.356,2000,6332.518,6420.172,2000,6331.536,6345.072,2000,6429.599
6328.873,2000,6516.031,6444.633,2000,6434.316,6320.18,2000,6333.587,6419.843,2000,6332.568,6344.843,2000,6430.657
6328.482,2000,6517.041,6444.338,2000,6435.359,6319.969,2000,6334.649,6419.547,2000,6333.61,6344.579,2000,6431.708
6328.091,2000,6518.051,6444.078,2000,6436.411,6319.723,2000,6335.705,6419.286,2000,6334.661,6344.28,2000,6432.75
6327.7,2000,6519.062,6443.853,2000,6437.47,6319.443,2000,6336.751,6419.059,2000,6335.72,6343.948,2000,6433.781
6327.309,2000,6520.072,6443.662,2000,6438.537,6319.128,2000,6337.788,6418.867,2000,6336.786,6343.583,2000,6434.8
6326.918,2000,6521.082,6443.436,2000,6439.596,6318.78,2000,6338.813,6418.709,2000,6337.858,6343.25,2000,6435.832
6326.528,2000,6522.092,6443.176,2000,6440.648,6318.399,2000,6339.828,6418.587,2000,6338.935,6342.952,2000,6436.873
6326.137,2000,6523.103,6442.881,2000,6441.69,6318.051,2000,6340.854,6418.43,2000,6340.006,6342.688,2000,6437.924
6325.746,2000,6524.113,6442.553,2000,6442.723,6317.736,2000,6341.89,6418.238,2000,6341.072,6342.458,2000,6438.982
6325.355,2000,6525.123,6442.19,2000,6443.744,6317.456,2000,6342.937,6418.011,2000,6342.131,6342.25,2000,6440.045
6324.964,2000,6526.133,6441.795,2000,6444.752,6317.21,2000,6343.992,6417.75,2000,6343.183,6342.039,2000,6441.108
6324.574,2000,6527.144,6441.433,2000,6445.773,6317,2000,6345.054,6417.454,2000,6344.225,6341.793,2000,6442.163
6324.183,2000,6528.154,6441.104,2000,6446.806,6316.823,2000,6346.123,6417.125,2000,6345.256,6341.513,2000,6443.209
6323.792,2000,6529.164,6440.81,2000,6447.848,6316.682,2000,6347.197,6416.761,2000,6346.277,6341.199,2000,6444.246
6323.401,2000,6530.174,6440.549,2000,6448.9,6316.576,2000,6348.275,6416.365,2000,6347.285,6340.852,2000,6445.272
6323.01,2000,6531.185,6440.324,2000,6449.959,6316.435,2000,6349.35,6416.001,2000,6348.306,6340.47,2000,6446.286
6322.62,2000,6532.195,6440.133,2000,6451.026,6316.259,2000,6350.418,6415.672,2000,6349.337,6340.056,2000,6447.287
6322.229,2000,6533.205,6439.907,2000,6452.085,6316.048,2000,6351.481,6415.376,2000,6350.379,6339.675,2000,6448.301
6321.838,2000,6534.215,6439.647,2000,6453.137,6315.802,2000,6352.536,6415.115,2000,6351.431,6339.327,2000,6449.327
6321.299,2000,6535.155,6439.353,2000,6454.18,6315.522,2000,6353.583,6414.888,2000,6352.49,6339.013,2000,6450.364
6320.761,2000,6536.095,6439.024,2000,6455.212,6315.208,2000,6354.619,6414.696,2000,6353.556,6338.733,2000,6451.41
6320.223,2000,6537.035,6438.662,2000,6456.233,6314.859,2000,6355.645,6414.539,2000,6354.627,6338.487,2000,6452.465
6319.684,2000,6537.975,6438.266,2000,6457.242,6314.478,2000,6356.659,6414.417,2000,6355.704,6338.276,2000,6453.528
6319.146,2000,6538.915,6437.838,2000,6458.237,6314.063,2000,6357.66,6414.33,2000,6356.784,6338.1,2000,6454.597
6318.608,2000,6539.855,6437.442,2000,6459.246,6313.617,2000,6358.647,6414.208,2000,6357.861,6337.889,2000,6455.659
6318.069,2000,6540.795,6437.08,2000,6460.267,6313.202,2000,6359.648,6414.05,2000,6358.933,6337.644,2000,6456.714
6317.531,2000,6541.735,6436.751,2000,6461.299,6312.821,2000,6360.662,6413.858,2000,6359.999,6337.363,2000,6457.761
6316.993,2000,6542.675,6436.457,2000,6462.341,6312.473,2000,6361.688,6413.631,2000,6361.058,6337.049,2000,6458.797
6316.455,2000,6543.615,6436.197,2000,6463.393,6312.158,2000,6362.725,6413.37,2000,6362.109,6336.702,2000,6459.823
6315.917,2000,6544.555,6435.971,2000,6464.453,6311.878,2000,6363.771,6413.074,2000,6363.151,6336.32,2000,6460.837
6315.378,2000,6545.495,6435.78,2000,6465.519,6311.632,2000,6364.826,6412.745,2000,6364.183,6335.906,2000,6461.838
6314.84,2000,6546.435,6435.625,2000,6466.591,6311.421,2000,6365.889,6412.381,2000,6365.203,6335.459,2000,6462.825
6314.302,2000,6547.375,6435.434,2000,6467.658,6311.176,2000,6366.944,6411.985,2000,6366.211,6335.045,2000,6463.826
6313.764,2000,6548.314,6435.208,2000,6468.717,6310.896,2000,6367.99,6411.556,2000,6367.206,6334.664,2000,6464.84
6313.226,2000,6549.254,6434.948,2000,6469.769,6310.581,2000,6369.027,6411.094,2000,6368.186,6334.316,2000,6465.866
6312.687,2000,6550.194,6434.653,2000,6470.812,6310.233,2000,6370.053,6410.601,2000,6369.15,6334.002,2000,6466.903
6312.149,2000,6551.134,6434.325,2000,6471.844,6309.852,2000,6371.067,6410.086,2000,6370.104,6333.722,2000,6467.949
6311.611,2000,6552.074,6433.962,2000,6472.865,6309.437,2000,6372.068,6409.571,2000,6371.057,6333.477,2000,6469.004
6311.073,2000,6553.014,6433.567,2000,6473.874,6308.99,2000,6373.055,6409.055,2000,6372.009,6333.266,2000,6470.067
6310.534,2000,6553.954,6433.139,2000,6474.869,6308.576,2000,6374.056,6408.54,2000,6372.962,6333.02,2000,6471.122
6309.996,2000,6554.894,6432.678,2000,6475.849,6308.129,2000,6375.042,6408.055,2000,6373.931,6332.74,2000,6472.168
6309.458,2000,6555.834,6432.186,2000,6476.814,6307.65,2000,6376.014,6407.603,2000,6374.916,6332.453,2000,6473.213
6308.919,2000,6556.774,6431.726,2000,6477.794,6307.14,2000,6376.97,6407.183,2000,6375.914,6332.131,2000,6474.248
6308.381,2000,6557.714,6431.297,2000,6478.79,6306.661,2000,6377.941,6406.731,2000,6376.898,6331.776,2000,6475.271
6307.843,2000,6558.654,6430.902,2000,6479.798,6306.214,2000,6378.928,6406.247,2000,6377.868,6331.388,2000,6476.282
6307.305,2000,6559.594,6430.54,2000,6480.819,6305.799,2000,6379.929,6405.731,2000,6378.82,6330.967,2000,6477.28
6306.767,2000,6560.534,6430.211,2000,6481.852,6305.353,2000,6380.916,6405.247,2000,6379.79,6330.514,2000,6478.264
6306.229,2000,6561.474,6429.917,2000,6482.894,6304.874,2000,6381.888,6404.794,2000,6380.774,6330.028,2000,6479.232
6305.69,2000,6562.414,6429.656,2000,6483.946,6304.363,2000,6382.843,6404.375,2000,6381.772,6329.511,2000,6480.185
6305.152,2000,6563.354,6429.362,2000,6484.988,6303.884,2000,6383.815,6403.922,2000,6382.757,6329.026,2000,6481.153
6304.614,2000,6564.293,6429.033,2000,6486.021,6303.438,2000,6384.802,6403.438,2000,6383.726,6328.572,2000,6482.137
6304.076,2000,6565.233,6428.671,2000,6487.042,6303.023,2000,6385.803,6402.922,2000,6384.679,6328.151,2000,6483.135
6303.537,2000,6566.173,6428.275,2000,6488.05,6302.576,2000,6386.79,6402.438,2000,6385.648,6327.763,2000,6484.146
6302.999,2000,6567.113,6427.847,2000,6489.045,6302.097,2000,6387.761,6401.986,2000,6386.632,6327.408,2000,6485.169
6302.461,2000,6568.053,6427.387,2000,6490.026,6301.587,2000,6388.717,6401.566,2000,6387.631,6327.087,2000,6486.204
6301.922,2000,6568.993,6426.895,2000,6490.991,6301.045,2000,6389.655,6401.179,2000,6388.643,6326.775,2000,6487.242
6301.384,2000,6569.933,6426.371,2000,6491.939,6300.535,2000,6390.611,6400.759,2000,6389.641,6326.46,2000,6488.278
6300.846,2000,6570.873,6425.879,2000,6492.904,6300.056,2000,6391.583,6400.307,2000,6390.625,6326.111,2000,6489.304
6300.308,2000,6571.813,6425.418,2000,6493.884,6299.609,2000,6392.569,6399.823,2000,6391.595,6325.729,2000,6490.317
6299.77,2000,6572.753,6424.99,2000,6494.879,6299.195,2000,6393.57,6399.307,2000,6392.547,6325.314,2000,6491.318
6299.231,2000,6573.693,6424.595,2000,6495.888,6298.813,2000,6394.584,6398.783,2000,6393.496,6324.866,2000,6492.304
6298.693,2000,6574.633,6424.232,2000,6496.909,6298.399,2000,6395.585,6398.291,2000,6394.46,6324.386,2000,6493.275
6298.155,2000,6575.573,6423.904,2000,6497.941,6297.952,2000,6396.572,6397.83,2000,6395.441,6323.875,2000,6494.23
6297.617,2000,6576.513,6423.542,2000,6498.962,6297.473,2000,6397.544,6397.402,2000,6396.436,6323.395,2000,6495.202
6297.079,2000,6577.453,6423.146,2000,6499.971,6296.963,2000,6398.5,6397.006,2000,6397.445,6322.947,2000,6496.188
6296.54,2000,6578.393,6422.718,2000,6500.966,6296.484,2000,6399.471,6396.578,2000,6398.44,6322.532,2000,6497.188
6296.002,2000,6579.333,6422.257,2000,6501.947,6296.037,2000,6400.458,6396.118,2000,6399.42,6322.15,2000,6498.202
6295.464,2000,6580.272,6421.765,2000,6502.912,6295.623,2000,6401.459,6395.625,2000,6400.385,6321.801,2000,6499.228
6294.926,2000,6581.212,6421.242,2000,6503.86,6295.241,2000,6402.473,6395.101,2000,6401.333,6321.466,2000,6500.258
6294.387,2000,6582.152,6420.75,2000,6504.825,6294.827,2000,6403.474,6394.608,2000,6402.298,6321.098,2000,6501.276
6293.849,2000,6583.092,6420.289,2000,6505.805,6294.38,2000,6404.461,6394.148,2000,6403.279,6320.697,2000,6502.283
6293.311,2000,6584.032,6419.861,2000,6506.8,6293.901,2000,6405.433,6393.72,2000,6404.274,6320.263,2000,6503.275
6292.772,2000,6584.972,6419.465,2000,6507.809,6293.391,2000,6406.388,6393.324,2000,6405.283,6319.796,2000,6504.253
6292.234,2000,6585.912,6419.103,2000,6508.83,6292.849,2000,6407.327,6392.962,2000,6406.304,6319.298,2000,6505.215
6291.696,2000,6586.852,6418.774,2000,6509.862,6292.339,2000,6408.282,6392.566,2000,6407.313,6318.769,2000,6506.16
6291.158,2000,6587.792,6418.412,2000,6510.883,6291.86,2000,6409.254,6392.138,2000,6408.308,6318.271,2000,6507.122
6290.62,2000,6588.732,6418.017,2000,6511.892,6291.413,2000,6410.241,6391.678,2000,6409.288,6317.805,2000,6508.1
6290.082,2000,6589.672,6417.588,2000,6512.887,6290.999,2000,6411.242,6391.185,2000,6410.253,6317.371,2000,6509.092
6289.543,2000,6590.612,6417.128,2000,6513.868,6290.617,2000,6412.256,6390.661,2000,6411.201,6316.969,2000,6510.099
6289.005,2000,6591.552,6416.636,2000,6514.833,6290.269,2000,6413.282,6390.129,2000,6412.145,6316.601,2000,6511.117
6288.467,2000,6592.492,6416.112,2000,6515.781,6289.888,2000,6414.296,6389.628,2000,6413.105,6316.25,2000,6512.142
6287.929,2000,6593.432,6415.62,2000,6516.746,6289.473,2000,6415.297,6389.159,2000,6414.082,6315.865,2000,6513.155
6287.39,2000,6594.372,6415.16,2000,6517.726,6289.026,2000,6416.284,6388.722,2000,6415.073,6315.447,2000,6514.154
6286.852,2000,6595.312,6414.731,2000,6518.721,6288.547,2000,6417.255,6388.318,2000,6416.078,6314.997,2000,6515.14
6286.314,2000,6596.251,6414.336,2000,6519.73,6288.037,2000,6418.211,6387.947,2000,6417.096,6314.514,2000,6516.11
6285.776,2000,6597.191,6413.974,2000,6520.751,6287.496,2000,6419.149,6387.609,2000,6418.125,6314,2000,6517.063
6285.237,2000,6598.131,6413.578,2000,6521.76,6286.985,2000,6420.105,6387.238,2000,6419.143,6313.518,2000,6518.034
6284.699,2000,6599.071,6413.15,2000,6522.755,6286.506,2000,6421.077,6386.834,2000,6420.147,6313.068,2000,6519.019
6284.161,2000,6600.011,6412.689,2000,6523.735,6286.06,2000,6422.063,6386.397,2000,6421.139,6312.65,2000,6520.019
6283.623,2000,6600.951,6412.197,2000,6524.7,6285.645,2000,6423.064,6385.928,2000,6422.115,6312.265,2000,6521.031
6283.084,2000,6601.891,6411.737,2000,6525.681,6285.264,2000,6424.079,6385.427,2000,6423.076,6311.847,2000,6522.031
6282.546,2000,6602.831,6411.309,2000,6526.676,6284.916,2000,6425.104,6384.895,2000,6424.02,6311.397,2000,6523.016
6282.008,2000,6603.771,6410.913,2000,6527.685,6284.534,2000,6426.119,6384.394,2000,6424.98,6310.915,2000,6523.986
6281.47,2000,6604.711,6410.485,2000,6528.68,6284.12,2000,6427.12,6383.925,2000,6425.957,6310.464,2000,6524.972
6280.932,2000,6605.651,6410.024,2000,6529.66,6283.673,2000,6428.106,6383.488,2000,6426.948,6310.046,2000,6525.971
6280.394,2000,6606.591,6409.532,2000,6530.625,6283.194,2000,6429.078,6383.083,2000,6427.953,6309.662,2000,6526.984
6279.855,2000,6607.531,6409.072,2000,6531.605,6282.684,2000,6430.034,6382.712,2000,6428.97,6309.244,2000,6527.983
6279.317,2000,6608.471,6408.644,2000,6532.601,6282.205,2000,6431.005,6382.308,2000,6429.975,6308.793,2000,6528.969
6278.779,2000,6609.411,6408.248,2000,6533.609,6281.758,2000,6431.992,6381.871,2000,6430.966,6308.311,2000,6529.939
6278.24,2000,6610.351,6407.82,2000,6534.604,6281.343,2000,6432.993,6381.402,2000,6431.943,6307.861,2000,6530.924
6277.702,2000,6611.291,6407.359,2000,6535.585,6280.962,2000,6434.007,6380.901,2000,6432.903,6307.443,2000,6531.924
6277.164,2000,6612.23,6406.931,2000,6536.58,6280.547,2000,6435.008,6380.432,2000,6433.88,6306.993,2000,6532.909
6276.625,2000,6613.17,6406.471,2000,6537.561,6280.101,2000,6435.995,6379.995,2000,6434.871,6306.575,2000,6533.909
6275.953,2000,6614.02,6406.042,2000,6538.556,6279.622,2000,6436.967,6379.59,2000,6435.876,6306.125,2000,6534.894
6275.28,2000,6614.869,6405.647,2000,6539.564,6279.111,2000,6437.922,6379.219,2000,6436.894,6305.642,2000,6535.864
6274.607,2000,6615.718,6405.219,2000,6540.56,6278.632,2000,6438.894,6378.815,2000,6437.898,6305.192,2000,6536.85
6273.934,2000,6616.567,6404.758,2000,6541.54,6278.186,2000,6439.881,6378.378,2000,6438.89,6304.774,2000,6537.849
6273.261,2000,6617.416,6404.266,2000,6542.505,6277.771,2000,6440.882,6377.909,2000,6439.866,6304.379,2000,6538.858
6272.588,2000,6618.265,6403.806,2000,6543.485,6277.39,2000,6441.896,6377.408,2000,6440.827,6303.951,2000,6539.853
6271.916,2000,6619.114,6403.377,2000,6544.48,6277.042,2000,6442.922,6376.876,2000,6441.771,6303.491,2000,6540.833
6271.243,2000,6619.963,6402.982,2000,6545.489,6276.66,2000,6443.936,6376.375,2000,6442.731,6302.999,2000,6541.799
6270.57,2000,6620.813,6402.554,2000,6546.484,6276.246,2000,6444.937,6375.906,2000,6443.708,6302.538,2000,6542.779
6269.897,2000,6621.662,6402.093,2000,6547.465,6275.799,2000,6445.924,6375.469,2000,6444.699,6302.11,2000,6543.774
6269.224,2000,6622.511,6401.601,2000,6548.43,6275.32,2000,6446.896,6375.064,2000,6445.704,6301.696,2000,6544.775
6268.551,2000,6623.36,6401.141,2000,6549.41,6274.81,2000,6447.851,6374.693,2000,6446.721,6301.25,2000,6545.762
6267.878,2000,6624.209,6400.712,2000,6550.405,6274.268,2000,6448.79,6374.356,2000,6447.75,6300.771,2000,6546.734
6267.206,2000,6625.058,6400.252,2000,6551.386,6273.758,2000,6449.745,6373.985,2000,6448.768,6300.324,2000,6547.721
6266.533,2000,6625.907,6399.824,2000,6552.381,6273.279,2000,6450.717,6373.581,2000,6449.773,6299.846,2000,6548.692
6265.86,2000,6626.756,6399.363,2000,6553.361,6272.832,2000,6451.704,6373.144,2000,6450.764,6299.399,2000,6549.679
6265.187,2000,6627.605,6398.871,2000,6554.326,6272.417,2000,6452.705,6372.674,2000,6451.741,6298.967,2000,6550.672
6264.514,2000,6628.455,6398.411,2000,6555.307,6272.036,2000,6453.719,6372.173,2000,6452.701,6298.502,2000,6551.651
6263.841,2000,6629.304,6397.982,2000,6556.302,6271.688,2000,6454.745,6371.642,2000,6453.645,6298.006,2000,6552.614
6263.168,2000,6630.153,6397.522,2000,6557.282,6271.307,2000,6455.759,6371.141,2000,6454.605,6297.542,2000,6553.592
6262.496,2000,6631.002,6397.03,2000,6558.247,6270.892,2000,6456.76,6370.671,2000,6455.582,6297.098,2000,6554.581
6261.823,2000,6631.851,6396.569,2000,6559.228,6270.445,2000,6457.747,6370.234,2000,6456.573,6296.623,2000,6555.554
6261.15,2000,6632.7,6396.077,2000,6560.192,6269.966,2000,6458.718,6369.83,2000,6457.578,6296.173,2000,6556.54
6260.477,2000,6633.549,6395.617,2000,6561.173,6269.456,2000,6459.674,6369.459,2000,6458.596,6295.691,2000,6557.51
6259.804,2000,6634.398,6395.188,2000,6562.168,6268.977,2000,6460.646,6369.055,2000,6459.601,6295.178,2000,6558.464
6259.131,2000,6635.248,6394.728,2000,6563.148,6268.53,2000,6461.632,6368.618,2000,6460.592,6294.697,2000,6559.434
6258.458,2000,6636.097,6394.236,2000,6564.113,6268.116,2000,6462.633,6368.148,2000,6461.568,6294.237,2000,6560.415
6257.786,2000,6636.946,6393.712,2000,6565.062,6267.734,2000,6463.647,6367.647,2000,6462.529,6293.774,2000,6561.395
6257.113,2000,6637.795,6393.158,2000,6565.992,6267.32,2000,6464.648,6367.178,2000,6463.505,6293.308,2000,6562.373
6256.44,2000,6638.644,6392.635,2000,6566.94,6266.873,2000,6465.635,6366.741,2000,6464.497,6292.811,2000,6563.335
6255.767,2000,6639.493,6392.143,2000,6567.905,6266.394,2000,6466.607,6366.337,2000,6465.501,6292.282,2000,6564.28
6255.094,2000,6640.342,6391.682,2000,6568.886,6265.884,2000,6467.563,6365.966,2000,6466.519,6291.722,2000,6565.208
6254.421,2000,6641.191,6391.19,2000,6569.851,6265.405,2000,6468.534,6365.562,2000,6467.524,6291.193,2000,6566.153
6253.749,2000,6642.041,6390.667,2000,6570.799,6264.958,2000,6469.521,6365.125,2000,6468.515,6290.696,2000,6567.116
6253.076,2000,6642.89,6390.112,2000,6571.729,6264.543,2000,6470.522,6364.655,2000,6469.492,6290.217,2000,6568.087
6252.403,2000,6643.739,6389.589,2000,6572.678,6264.162,2000,6471.536,6364.154,2000,6470.452,6289.706,2000,6569.043
6251.73,2000,6644.588,6389.097,2000,6573.643,6263.748,2000,6472.537,6363.685,2000,6471.429,6289.165,2000,6569.981
6251.057,2000,6645.437,6388.636,2000,6574.623,6263.301,2000,6473.524,6363.248,2000,6472.42,6288.592,2000,6570.901
6250.384,2000,6646.286,6388.144,2000,6575.588,6262.822,2000,6474.496,6362.844,2000,6473.425,6288.051,2000,6571.839
6249.711,2000,6647.135,6387.621,2000,6576.536,6262.375,2000,6475.482,6362.407,2000,6474.416,6287.54,2000,6572.794
6249.039,2000,6647.984,6387.066,2000,6577.467,6261.96,2000,6476.483,6361.938,2000,6475.393,6287.049,2000,6573.76
6248.366,2000,6648.833,6386.482,2000,6578.379,6261.514,2000,6477.47,6361.5,2000,6476.384,6286.555,2000,6574.724
6247.693,2000,6649.683,6385.928,2000,6579.31,6261.035,2000,6478.442,6361.096,2000,6477.389,6286.03,2000,6575.672
6247.02,2000,6650.532,6385.404,2000,6580.258,6260.588,2000,6479.429,6360.659,2000,6478.38,6285.475,2000,6576.602
6246.347,2000,6651.381,6384.912,2000,6581.223,6260.173,2000,6480.43,6360.19,2000,6479.356,6284.889,2000,6577.513
6245.674,2000,6652.23,6384.389,2000,6582.171,6259.792,2000,6481.444,6359.689,2000,6480.317,6284.333,2000,6578.442
6245.001,2000,6653.079,6383.834,2000,6583.102,6259.377,2000,6482.445,6359.22,2000,6481.293,6283.808,2000,6579.39
6244.329,2000,6653.928,6383.25,2000,6584.014,6258.931,2000,6483.432,6358.783,2000,6482.285,6283.314,2000,6580.354
6243.656,2000,6654.777,6382.636,2000,6584.906,6258.452,2000,6484.403,6358.378,2000,6483.29,6282.853,2000,6581.334
6242.984,2000,6655.626,6382.051,2000,6585.818,6257.941,2000,6485.359,6358.007,2000,6484.307,6282.359,2000,6582.299
6242.312,2000,6656.476,6381.497,2000,6586.749,6257.4,2000,6486.297,6357.603,2000,6485.312,6281.834,2000,6583.247
6241.639,2000,6657.325,6380.974,2000,6587.697,6256.828,2000,6487.217,6357.166,2000,6486.303,6281.278,2000,6584.176
6240.966,2000,6658.174,6380.481,2000,6588.662,6256.227,2000,6488.118,6356.697,2000,6487.28,6280.692,2000,6585.087
6240.294,2000,6659.023,6380.021,2000,6589.643,6255.655,2000,6489.038,6356.196,2000,6488.24,6280.077,2000,6585.979
6239.621,2000,6659.872,6379.529,2000,6590.607,6255.053,2000,6489.939,6355.664,2000,6489.184,6279.491,2000,6586.89
6238.949,2000,6660.721,6379.005,2000,6591.556,6254.422,2000,6490.82,6355.102,2000,6490.11,6278.936,2000,6587.82
6238.276,2000,6661.57,6378.451,2000,6592.486,6253.821,2000,6491.721,6354.509,2000,6491.017,6278.411,2000,6588.768
6237.604,2000,6662.419,6377.867,2000,6593.398,6253.249,2000,6492.641,6353.899,2000,6491.912,6277.888,2000,6589.716
6236.931,2000,6663.269,6377.252,2000,6594.291,6252.708,2000,6493.579,6353.29,2000,6492.807,6277.363,2000,6590.664
6236.259,2000,6664.118,6376.668,2000,6595.203,6252.197,2000,6494.535,6352.679,2000,6493.701,6276.807,2000,6591.594
6235.586,2000,6664.967,6376.114,2000,6596.134,6251.718,2000,6495.506,6352.068,2000,6494.596,6276.221,2000,6592.505
6234.914,2000,6665.816,6375.59,2000,6597.082,6251.271,2000,6496.493,6351.457,2000,6495.49,6275.606,2000,6593.396
6234.241,2000,6666.665,6375.036,2000,6598.013,6250.792,2000,6497.465,6350.845,2000,6496.384,6275.02,2000,6594.308
6233.569,2000,6667.514,6374.452,2000,6598.925,6250.282,2000,6498.42,6350.233,2000,6497.278,6274.464,2000,6595.237
6232.896,2000,6668.363,6373.837,2000,6599.817,6249.741,2000,6499.359,6349.65,2000,6498.192,6273.939,2000,6596.185
6232.224,2000,6669.212,6373.253,2000,6600.729,6249.169,2000,6500.279,6349.098,2000,6499.124,6273.384,2000,6597.115
6231.551,2000,6670.062,6372.699,2000,6601.66,6248.567,2000,6501.18,6348.577,2000,6500.074,6272.798,2000,6598.026
6230.878,2000,6670.911,6372.175,2000,6602.608,6247.937,2000,6502.061,6348.024,2000,6501.006,6272.183,2000,6598.917
6230.206,2000,6671.76,6371.621,2000,6603.539,6247.277,2000,6502.92,6347.442,2000,6501.919,6271.597,2000,6599.829
6229.534,2000,6672.609,6371.037,2000,6604.451,6246.59,2000,6503.758,6346.83,2000,6502.813,6271.041,2000,6600.758
6228.861,2000,6673.458,6370.422,2000,6605.344,6245.931,2000,6504.618,6346.214,2000,6503.705,6270.499,2000,6601.696
6228.188,2000,6674.307,6369.838,2000,6606.256,6245.3,2000,6505.499,6345.598,2000,6504.596,6269.927,2000,6602.616
6227.516,2000,6675.156,6369.284,2000,6607.187,6244.699,2000,6506.399,6344.982,2000,6505.487,6269.325,2000,6603.517
6226.844,2000,6676.005,6368.699,2000,6608.099,6244.127,2000,6507.319,6344.365,2000,6506.377,6268.752,2000,6604.437
6226.171,2000,6676.854,6368.085,2000,6608.991,6243.585,2000,6508.258,6343.748,2000,6507.268,6268.205,2000,6605.372
6225.499,2000,6677.704,6367.5,2000,6609.903,6243.075,2000,6509.213,6343.131,2000,6508.158,6267.627,2000,6606.288
6224.826,2000,6678.553,6366.946,2000,6610.834,6242.596,2000,6510.185,6342.514,2000,6509.048,6267.02,2000,6607.185
6224.153,2000,6679.402,6366.423,2000,6611.782,6242.086,2000,6511.141,6341.926,2000,6509.958,6266.384,2000,6608.062
6223.481,2000,6680.251,6365.869,2000,6612.713,6241.544,2000,6512.079,6341.368,2000,6510.887,6265.776,2000,6608.958
6222.809,2000,6681.1,6365.284,2000,6613.625,6240.973,2000,6512.999,6340.841,2000,6511.833,6265.199,2000,6609.875
6222.136,2000,6681.949,6364.67,2000,6614.518,6240.371,2000,6513.9,6340.346,2000,6512.797,6264.651,2000,6610.81
6221.463,2000,6682.798,6364.027,2000,6615.39,6239.74,2000,6514.781,6339.882,2000,6513.776,6264.135,2000,6611.762
6220.791,2000,6683.647,6363.413,2000,6616.282,6239.139,2000,6515.682,6339.386,2000,6514.739,6263.587,2000,6612.697
6220.119,2000,6684.497,6362.828,2000,6617.194,6238.567,2000,6516.602,6338.859,2000,6515.686,6263.01,2000,6613.614
6219.446,2000,6685.346,6362.274,2000,6618.125,6238.025,2000,6517.54,6338.302,2000,6516.614,6262.402,2000,6614.511
6218.653,2000,6686.084,6361.75,2000,6619.073,6237.454,2000,6518.46,6337.714,2000,6517.524,6261.766,2000,6615.387
6217.861,2000,6686.823,6361.196,2000,6620.004,6236.852,2000,6519.361,6337.097,2000,6518.415,6261.159,2000,6616.284
6217.068,2000,6687.562,6360.612,2000,6620.916,6236.221,2000,6520.242,6336.471,2000,6519.299,6260.581,2000,6617.201
6216.276,2000,6688.301,6359.998,2000,6621.809,6235.562,2000,6521.102,6335.844,2000,6520.182,6260.034,2000,6618.136
6215.483,2000,6689.04,6359.354,2000,6622.681,6234.931,2000,6521.982,6335.216,2000,6521.065,6259.46,2000,6619.055
6214.691,2000,6689.778,6358.74,2000,6623.573,6234.33,2000,6522.883,6334.587,2000,6521.947,6258.857,2000,6619.955
6213.898,2000,6690.517,6358.156,2000,6624.485,6233.758,2000,6523.803,6333.957,2000,6522.829,6258.225,2000,6620.835
6213.106,2000,6691.256,6357.602,2000,6625.416,6233.216,2000,6524.742,6333.327,2000,6523.709,6257.564,2000,6621.693
6212.313,2000,6691.995,6357.017,2000,6626.328,6232.645,2000,6525.662,6332.695,2000,6524.59,6256.932,2000,6622.573
6211.521,2000,6692.733,6356.403,2000,6627.221,6232.043,2000,6526.563,6332.063,2000,6525.469,6256.329,2000,6623.473
6210.729,2000,6693.472,6355.76,2000,6628.093,6231.412,2000,6527.443,6331.43,2000,6526.348,6255.756,2000,6624.393
6209.936,2000,6694.211,6355.089,2000,6628.943,6230.753,2000,6528.303,6330.795,2000,6527.227,6255.213,2000,6625.33
6209.144,2000,6694.95,6354.446,2000,6629.815,6230.122,2000,6529.184,6330.16,2000,6528.104,6254.64,2000,6626.25
6208.351,2000,6695.688,6353.832,2000,6630.708,6229.521,2000,6530.085,6329.524,2000,6528.981,6254.037,2000,6627.149
6207.559,2000,6696.427,6353.247,2000,6631.62,6228.949,2000,6531.005,6328.887,2000,6529.857,6253.404,2000,6628.029
6206.766,2000,6697.166,6352.693,2000,6632.551,6228.347,2000,6531.906,6328.279,2000,6530.754,6252.744,2000,6628.888
6205.974,2000,6697.905,6352.108,2000,6633.463,6227.716,2000,6532.787,6327.701,2000,6531.67,6252.111,2000,6629.768
6205.181,2000,6698.644,6351.494,2000,6634.355,6227.057,2000,6533.646,6327.153,2000,6532.604,6251.504,2000,6630.665
6204.389,2000,6699.382,6350.851,2000,6635.228,6226.426,2000,6534.527,6326.575,2000,6533.521,6250.894,2000,6631.56
6203.596,2000,6700.121,6350.18,2000,6636.078,6225.825,2000,6535.428,6325.967,2000,6534.417,6250.281,2000,6632.453
6202.804,2000,6700.86,6349.537,2000,6636.95,6225.253,2000,6536.348,6325.331,2000,6535.293,6249.64,2000,6633.326
6202.011,2000,6701.599,6348.923,2000,6637.843,6224.651,2000,6537.249,6324.686,2000,6536.164,6248.97,2000,6634.178
6201.219,2000,6702.337,6348.28,2000,6638.715,6224.021,2000,6538.13,6324.041,2000,6537.034,6248.328,2000,6635.051
6200.426,2000,6703.076,6347.609,2000,6639.565,6223.361,2000,6538.99,6323.395,2000,6537.904,6247.715,2000,6635.944
6199.634,2000,6703.815,6346.966,2000,6640.438,6222.674,2000,6539.827,6322.748,2000,6538.773,6247.074,2000,6636.817
6198.841,2000,6704.554,6346.352,2000,6641.33,6222.015,2000,6540.687,6322.1,2000,6539.641,6246.404,2000,6637.669
6198.049,2000,6705.292,6345.708,2000,6642.202,6221.384,2000,6541.568,6321.451,2000,6540.509,6245.762,2000,6638.542
6197.256,2000,6706.031,6345.038,2000,6643.053,6220.725,2000,6542.428,6320.802,2000,6541.376,6245.149,2000,6639.436
6196.464,2000,6706.77,6344.395,2000,6643.925,6220.094,2000,6543.309,6320.152,2000,6542.243,6244.508,2000,6640.309
6195.671,2000,6707.509,6343.78,2000,6644.817,6219.493,2000,6544.209,6319.501,2000,6543.108,6243.838,2000,6641.16
6194.879,2000,6708.248,6343.137,2000,6645.689,6218.862,2000,6545.09,6318.849,2000,6543.974,6243.196,2000,6642.033
6194.086,2000,6708.986,6342.466,2000,6646.54,6218.203,2000,6545.95,6318.226,2000,6544.86,6242.583,2000,6642.927
6193.294,2000,6709.725,6341.823,2000,6647.412,6217.516,2000,6546.788,6317.574,2000,6545.725,6241.942,2000,6643.8
6192.501,2000,6710.464,6341.209,2000,6648.305,6216.856,2000,6547.647,6316.92,2000,6546.588,6241.272,2000,6644.651
6191.709,2000,6711.203,6340.566,2000,6649.177,6216.226,2000,6548.528,6316.265,2000,6547.451,6240.627,2000,6645.522
6190.917,2000,6711.941,6339.895,2000,6650.027,6215.624,2000,6549.429,6315.609,2000,6548.313,6239.98,2000,6646.391
6190.124,2000,6712.68,6339.252,2000,6650.899,6214.993,2000,6550.31,6314.982,2000,6549.197,6239.305,2000,6647.238
6189.332,2000,6713.419,6338.581,2000,6651.75,6214.334,2000,6551.17,6314.384,2000,6550.1,6238.658,2000,6648.106
6188.539,2000,6714.158,6337.938,2000,6652.622,6213.647,2000,6552.007,6313.756,2000,6550.983,6237.982,2000,6648.954
6187.747,2000,6714.896,6337.267,2000,6653.473,6212.933,2000,6552.822,6313.101,2000,6551.846,6237.335,2000,6649.822
6186.954,2000,6715.635,6336.624,2000,6654.345,6212.246,2000,6553.659,6312.44,2000,6552.705,6236.66,2000,6650.669
6186.162,2000,6716.374,6335.953,2000,6655.195,6211.587,2000,6554.519,6311.779,2000,6553.563,6236.002,2000,6651.53
6185.369,2000,6717.113,6335.254,2000,6656.023,6210.956,2000,6555.4,6311.118,2000,6554.421,6235.342,2000,6652.389
6184.577,2000,6717.852,6334.583,2000,6656.874,6210.354,2000,6556.301,6310.455,2000,6555.278,6234.654,2000,6653.226
6183.784,2000,6718.59,6333.94,2000,6657.746,6209.724,2000,6557.182,6309.792,2000,6556.135,6233.972,2000,6654.067
6182.992,2000,6719.329,6333.27,2000,6658.597,6209.064,2000,6558.042,6309.128,2000,6556.991,6233.318,2000,6654.931
6182.199,2000,6720.068,6332.571,2000,6659.425,6208.377,2000,6558.879,6308.463,2000,6557.846,6232.692,2000,6655.816
6181.407,2000,6720.807,6331.9,2000,6660.275,6207.664,2000,6559.693,6307.798,2000,6558.701,6232.039,2000,6656.68
6180.614,2000,6721.545,6331.257,2000,6661.147,6206.977,2000,6560.531,6307.132,2000,6559.556,6231.356,2000,6657.521
6179.822,2000,6722.284,6330.643,2000,6662.04,6206.317,2000,6561.391,6306.465,2000,6560.41,6230.647,2000,6658.34
6179.029,2000,6723.023,6330,2000,6662.912,6205.63,2000,6562.228,6305.797,2000,6561.263,6229.965,2000,6659.182
6178.237,2000,6723.762,6329.329,2000,6663.763,6204.917,2000,6563.042,6305.129,2000,6562.115,6229.312,2000,6660.046
6177.444,2000,6724.5,6328.63,2000,6664.591,6204.229,2000,6563.88,6304.46,2000,6562.967,6228.634,2000,6660.891
6176.652,2000,6725.239,6327.905,2000,6665.396,6203.57,2000,6564.74,6303.791,2000,6563.819,6227.955,2000,6661.735
6175.859,2000,6725.978,6327.154,2000,6666.176,6202.939,2000,6565.621,6303.12,2000,6564.67,6227.274,2000,6662.578
6175.067,2000,6726.717,6326.429,2000,6666.981,6202.28,2000,6566.48,6302.449,2000,6565.521,6226.592,2000,6663.42
6174.274,2000,6727.456,6325.73,2000,6667.809,6201.593,2000,6567.318,6301.777,2000,6566.371,6225.911,2000,6664.262
6173.482,2000,6728.194,6325.059,2000,6668.66,6200.879,2000,6568.132,6301.105,2000,6567.22,6225.229,2000,6665.104
6172.689,2000,6728.933,6324.416,2000,6669.532,6200.139,2000,6568.923,6300.432,2000,6568.069,6224.548,2000,6665.947
6171.897,2000,6729.672,6323.802,2000,6670.424,6199.425,2000,6569.738,6299.758,2000,6568.918,6223.839,2000,6666.767
6171.104,2000,6730.411,6323.159,2000,6671.296,6198.738,2000,6570.575,6299.084,2000,6569.766,6223.149,2000,6667.602
6170.312,2000,6731.149,6322.488,2000,6672.147,6198.079,2000,6571.435,6298.409,2000,6570.613,6222.458,2000,6668.436
6169.52,2000,6731.888,6321.789,2000,6672.975,6197.448,2000,6572.316,6297.733,2000,6571.459,6221.766,2000,6669.269
6168.727,2000,6732.627,6321.064,2000,6673.78,6196.789,2000,6573.176,6297.057,2000,6572.306,6221.101,2000,6670.125
6167.935,2000,6733.366,6320.313,2000,6674.561,6196.102,2000,6574.013,6296.38,2000,6573.151,6220.464,2000,6671.001
6167.142,2000,6734.104,6319.588,2000,6675.365,6195.443,2000,6574.873,6295.703,2000,6573.997,6219.799,2000,6671.856
6166.35,2000,6734.843,6318.889,2000,6676.193,6194.756,2000,6575.71,6295.024,2000,6574.841,6219.118,2000,6672.699
6165.557,2000,6735.582,6318.218,2000,6677.044,6194.097,2000,6576.57,6294.346,2000,6575.686,6218.409,2000,6673.519
6164.765,2000,6736.321,6317.575,2000,6677.916,6193.41,2000,6577.408,6293.666,2000,6576.529,6217.728,2000,6674.361
6163.972,2000,6737.06,6316.961,2000,6678.809,6192.696,2000,6578.222,6292.986,2000,6577.373,6217.047,2000,6675.203
6163.18,2000,6737.798,6316.376,2000,6679.721,6191.956,2000,6579.013,6292.305,2000,6578.215,6216.366,2000,6676.045
6162.387,2000,6738.537,6315.762,2000,6680.613,6191.242,2000,6579.828,6291.624,2000,6579.058,6215.659,2000,6676.866
6161.595,2000,6739.275,6315.119,2000,6681.485,6190.555,2000,6580.665,6290.941,2000,6579.899,6214.951,2000,6677.686
6160.802,2000,6740.014,6314.448,2000,6682.336,6189.896,2000,6581.525,6290.259,2000,6580.741,6214.241,2000,6678.505
6160.01,2000,6740.752,6313.75,2000,6683.164,6189.208,2000,6582.362,6289.576,2000,6581.582,6213.559,2000,6679.347
6159.217,2000,6741.49,6313.024,2000,6683.969,6188.495,2000,6583.177,6288.892,2000,6582.422,6212.905,2000,6680.21
6158.425,2000,6742.229,6312.273,2000,6684.75,6187.808,2000,6584.014,6288.207,2000,6583.262,6212.223,2000,6681.052
6157.632,2000,6742.967,6311.497,2000,6685.505,6187.148,2000,6584.874,6287.522,2000,6584.101,6211.513,2000,6681.871
6156.84,2000,6743.706,6310.696,2000,6686.235,6186.518,2000,6585.755,6286.836,2000,6584.94,6210.796,2000,6682.683
6156.047,2000,6744.444,6309.92,2000,6686.99,6185.858,2000,6586.615,6286.15,2000,6585.778,6210.107,2000,6683.519
6155.255,2000,6745.183,6309.169,2000,6687.771,6185.171,2000,6587.452,6285.463,2000,6586.616,6209.426,2000,6684.361
6154.462,2000,6745.921,6308.444,2000,6688.576,6184.458,2000,6588.267,6284.775,2000,6587.454,6208.745,2000,6685.203
6153.67,2000,6746.659,6307.745,2000,6689.404,6183.717,2000,6589.058,6284.087,2000,6588.291,6208.064,2000,6686.046
6152.877,2000,6747.398,6307.074,2000,6690.254,6182.952,2000,6589.824,6283.399,2000,6589.127,6207.383,2000,6686.889
6152.085,2000,6748.136,6306.431,2000,6691.126,6182.211,2000,6590.615,6282.709,2000,6589.963,6206.675,2000,6687.708
6151.292,2000,6748.875,6305.817,2000,6692.019,6181.498,2000,6591.429,6282.02,2000,6590.798,6205.941,2000,6688.505
6150.398,2000,6749.485,6305.232,2000,6692.931,6180.811,2000,6592.267,6281.33,2000,6591.633,6205.181,2000,6689.277
6149.503,2000,6750.096,6304.618,2000,6693.824,6180.151,2000,6593.126,6280.638,2000,6592.467,6204.446,2000,6690.073
6148.609,2000,6750.707,6303.975,2000,6694.696,6179.464,2000,6593.964,6279.945,2000,6593.3,6203.738,2000,6690.893
6147.714,2000,6751.318,6303.304,2000,6695.546,6178.75,2000,6594.778,6279.251,2000,6594.132,6203.058,2000,6691.736
6146.82,2000,6751.929,6302.605,2000,6696.375,6178.01,2000,6595.569,6278.556,2000,6594.963,6202.405,2000,6692.6
6145.925,2000,6752.54,6301.88,2000,6697.179,6177.296,2000,6596.384,6277.86,2000,6595.793,6201.724,2000,6693.443
6145.031,2000,6753.15,6301.129,2000,6697.96,6176.609,2000,6597.221,6277.162,2000,6596.622,6201.016,2000,6694.263
6144.136,2000,6753.761,6300.353,2000,6698.715,6175.95,2000,6598.081,6276.463,2000,6597.449,6200.282,2000,6695.059
6143.242,2000,6754.372,6299.552,2000,6699.445,6175.263,2000,6598.918,6275.763,2000,6598.276,6199.574,2000,6695.879
6142.347,2000,6754.983,6298.728,2000,6700.148,6174.549,2000,6599.733,6275.062,2000,6599.102,6198.893,2000,6696.722
6141.453,2000,6755.594,6297.927,2000,6700.878,6173.809,2000,6600.524,6274.36,2000,6599.926,6198.212,2000,6697.564
6140.558,2000,6756.205,6297.151,2000,6701.634,6173.095,2000,6601.338,6273.656,2000,6600.75,6197.504,2000,6698.384
6139.664,2000,6756.815,6296.4,2000,6702.415,6172.408,2000,6602.176,6272.952,2000,6601.573,6196.77,2000,6699.181
6138.769,2000,6757.426,6295.675,2000,6703.219,6171.749,2000,6603.036,6272.246,2000,6602.395,6196.01,2000,6699.953
6137.875,2000,6758.037,6294.976,2000,6704.047,6171.062,2000,6603.873,6271.539,2000,6603.215,6195.275,2000,6700.749
6136.98,2000,6758.648,6294.305,2000,6704.898,6170.348,2000,6604.688,6270.831,2000,6604.035,6194.567,2000,6701.569
6136.085,2000,6759.259,6293.662,2000,6705.77,6169.608,2000,6605.479,6270.122,2000,6604.854,6193.887,2000,6702.412
6135.191,2000,6759.87,6293.048,2000,6706.663,6168.842,2000,6606.245,6269.412,2000,6605.672,6193.206,2000,6703.254
6134.296,2000,6760.48,6292.463,2000,6707.575,6168.102,2000,6607.036,6268.701,2000,6606.489,6192.498,2000,6704.074
6133.402,2000,6761.091,6291.849,2000,6708.467,6167.388,2000,6607.85,6267.988,2000,6607.306,6191.764,2000,6704.871
6132.507,2000,6761.702,6291.206,2000,6709.339,6166.701,2000,6608.688,6267.275,2000,6608.121,6191.003,2000,6705.643
6131.613,2000,6762.313,6290.535,2000,6710.19,6165.987,2000,6609.502,6266.561,2000,6608.936,6190.269,2000,6706.439
6130.718,2000,6762.924,6289.836,2000,6711.018,6165.247,2000,6610.293,6265.845,2000,6609.749,6189.561,2000,6707.259
6129.824,2000,6763.535,6289.111,2000,6711.823,6164.481,2000,6611.059,6265.128,2000,6610.562,6188.88,2000,6708.102
6128.929,2000,6764.146,6288.36,2000,6712.604,6163.741,2000,6611.85,6264.41,2000,6611.373,6188.172,2000,6708.921
6128.035,2000,6764.756,6287.584,2000,6713.359,6163.027,2000,6612.665,6263.691,2000,6612.184,6187.438,2000,6709.718
6127.14,2000,6765.367,6286.783,2000,6714.089,6162.34,2000,6613.502,6262.972,2000,6612.993,6186.678,2000,6710.49
6126.246,2000,6765.978,6285.959,2000,6714.792,6161.626,2000,6614.316,6262.251,2000,6613.802,6185.943,2000,6711.286
6125.351,2000,6766.589,6285.112,2000,6715.468,6160.886,2000,6615.107,6261.529,2000,6614.609,6185.235,2000,6712.106
6124.457,2000,6767.2,6284.288,2000,6716.171,6160.172,2000,6615.922,6260.806,2000,6615.416,6184.501,2000,6712.902
6123.562,2000,6767.811,6283.487,2000,6716.901,6159.432,2000,6616.713,6260.082,2000,6616.222,6183.793,2000,6713.722
6122.667,2000,6768.421,6282.711,2000,6717.656,6158.718,2000,6617.527,6259.356,2000,6617.027,6183.059,2000,6714.519
6121.773,2000,6769.032,6281.96,2000,6718.437,6157.978,2000,6618.318,6258.63,2000,6617.832,6182.351,2000,6715.338
6120.878,2000,6769.643,6281.235,2000,6719.242,6157.264,2000,6619.133,6257.903,2000,6618.635,6181.616,2000,6716.135
6119.984,2000,6770.254,6280.536,2000,6720.07,6156.577,2000,6619.97,6257.175,2000,6619.437,6180.856,2000,6716.907
6119.089,2000,6770.865,6279.865,2000,6720.92,6155.863,2000,6620.785,6256.446,2000,6620.238,6180.122,2000,6717.703
6118.195,2000,6771.476,6279.222,2000,6721.792,6155.123,2000,6621.576,6255.716,2000,6621.039,6179.414,2000,6718.523
6117.3,2000,6772.086,6278.608,2000,6722.685,6154.357,2000,6622.342,6254.985,2000,6621.838,6178.733,2000,6719.366
6116.406,2000,6772.697,6278.023,2000,6723.597,6153.617,2000,6623.133,6254.253,2000,6622.637,6178.025,2000,6720.186
6115.511,2000,6773.308,6277.409,2000,6724.49,6152.903,2000,6623.947,6253.521,2000,6623.435,6177.291,2000,6720.982
6114.617,2000,6773.919,6276.766,2000,6725.362,6152.216,2000,6624.785,6252.787,2000,6624.231,6176.53,2000,6721.754
6113.722,2000,6774.53,6276.095,2000,6726.212,6151.502,2000,6625.599,6252.052,2000,6625.027,6175.796,2000,6722.55
6112.828,2000,6775.141,6275.396,2000,6727.041,6150.762,2000,6626.39,6251.316,2000,6625.822,6175.088,2000,6723.37
6111.933,2000,6775.751,6274.671,2000,6727.845,6149.997,2000,6627.156,6250.579,2000,6626.617,6174.407,2000,6724.213
6111.039,2000,6776.362,6273.92,2000,6728.626,6149.256,2000,6627.947,6249.841,2000,6627.41,6173.699,2000,6725.033
6110.144,2000,6776.973,6273.144,2000,6729.381,6148.542,2000,6628.762,6249.103,2000,6628.203,6172.965,2000,6725.829
6109.25,2000,6777.584,6272.343,2000,6730.111,6147.855,2000,6629.599,6248.363,2000,6628.994,6172.205,2000,6726.601
6108.355,2000,6778.195,6271.519,2000,6730.814,6147.196,2000,6630.459,6247.623,2000,6629.785,6171.419,2000,6727.348
6107.46,2000,6778.806,6270.672,2000,6731.49,6146.509,2000,6631.296,6246.882,2000,6630.575,6170.659,2000,6728.12
6106.566,2000,6779.417,6269.804,2000,6732.138,6145.795,2000,6632.111,6246.14,2000,6631.364,6169.925,2000,6728.916
6105.671,2000,6780.027,6268.958,2000,6732.814,6145.055,2000,6632.902,6245.396,2000,6632.152,6169.217,2000,6729.736
6104.777,2000,6780.638,6268.133,2000,6733.517,6144.29,2000,6633.668,6244.652,2000,6632.94,6168.536,2000,6730.579
6103.882,2000,6781.249,6267.333,2000,6734.247,6143.499,2000,6634.409,6243.907,2000,6633.727,6167.857,2000,6731.423
6102.988,2000,6781.86,6266.556,2000,6735.002,6142.733,2000,6635.175,6243.162,2000,6634.512,6167.15,2000,6732.244
6102.093,2000,6782.471,6265.805,2000,6735.783,6141.993,2000,6635.966,6242.415,2000,6635.297,6166.417,2000,6733.042
6101.199,2000,6783.082,6265.08,2000,6736.588,6141.279,2000,6636.78,6241.667,2000,6636.082,6165.659,2000,6733.815
6100.304,2000,6783.692,6264.381,2000,6737.416,6140.592,2000,6637.618,6240.919,2000,6636.865,6164.875,2000,6734.563
6099.41,2000,6784.303,6263.71,2000,6738.267,6139.878,2000,6638.432,6240.169,2000,6637.647,6164.116,2000,6735.337
6098.515,2000,6784.914,6263.067,2000,6739.139,6139.138,2000,6639.223,6239.419,2000,6638.429,6163.383,2000,6736.135
6097.621,2000,6785.525,6262.453,2000,6740.031,6138.373,2000,6639.989,6238.668,2000,6639.209,6162.677,2000,6736.956
6096.726,2000,6786.136,6261.869,2000,6740.943,6137.582,2000,6640.73,6237.917,2000,6639.989,6161.997,2000,6737.8
6095.832,2000,6786.747,6261.314,2000,6741.874,6136.816,2000,6641.496,6237.164,2000,6640.769,6161.291,2000,6738.621
6094.937,2000,6787.357,6260.73,2000,6742.786,6136.076,2000,6642.287,6236.41,2000,6641.547,6160.557,2000,6739.418
6094.042,2000,6787.968,6260.116,2000,6743.679,6135.362,2000,6643.102,6235.656,2000,6642.324,6159.798,2000,6740.191
6093.148,2000,6788.579,6259.473,2000,6744.551,6134.675,2000,6643.939,6234.9,2000,6643.101,6159.015,2000,6740.939
6092.253,2000,6789.19,6258.802,2000,6745.401,6134.016,2000,6644.799,6234.145,2000,6643.877,6158.207,2000,6741.661
6091.359,2000,6789.801,6258.103,2000,6746.229,6133.329,2000,6645.636,6233.388,2000,6644.652,6157.423,2000,6742.409
6090.464,2000,6790.412,6257.378,2000,6747.034,6132.615,2000,6646.451,6232.63,2000,6645.426,6156.664,2000,6743.182
6089.57,2000,6791.022,6256.627,2000,6747.815,6131.875,2000,6647.242,6231.872,2000,6646.2,6155.931,2000,6743.979
6088.675,2000,6791.633,6255.851,2000,6748.57,6131.109,2000,6648.008,6231.112,2000,6646.972,6155.224,2000,6744.8
6087.781,2000,6792.244,6255.05,2000,6749.3,6130.319,2000,6648.749,6230.352,2000,6647.744,6154.544,2000,6745.644
6086.886,2000,6792.855,6254.226,2000,6750.003,6129.504,2000,6649.463,6229.591,2000,6648.515,6153.893,2000,6746.509
6085.992,2000,6793.466,6253.379,2000,6750.679,6128.714,2000,6650.204,6228.83,2000,6649.286,6153.213,2000,6747.353
6085.097,2000,6794.077,6252.511,2000,6751.327,6127.948,2000,6650.97,6228.067,2000,6650.055,6152.507,2000,6748.174
6084.203,2000,6794.688,6251.622,2000,6751.946,6127.208,2000,6651.761,6227.304,2000,6650.824,6151.773,2000,6748.971
6083.308,2000,6795.298,6250.753,2000,6752.594,6126.494,2000,6652.575,6226.54,2000,6651.592,6151.015,2000,6749.744
6082.414,2000,6795.909,6249.907,2000,6753.27,6125.807,2000,6653.413,6225.775,2000,6652.36,6150.231,2000,6750.492
6081.519,2000,6796.52,6249.083,2000,6753.973,6125.093,2000,6654.227,6225.036,2000,6653.152,6149.423,2000,6751.214
6080.625,2000,6797.131,6248.282,2000,6754.703,6124.353,2000,6655.018,6224.323,2000,6653.968,6148.639,2000,6751.962
6079.73,2000,6797.742,6247.505,2000,6755.458,6123.587,2000,6655.784,6223.637,2000,6654.806,6147.88,2000,6752.735
6078.835,2000,6798.353,6246.754,2000,6756.239,6122.797,2000,6656.525,6222.924,2000,6655.622,6147.147,2000,6753.532
6077.941,2000,6798.963,6246.029,2000,6757.044,6122.031,2000,6657.291,6222.185,2000,6656.414,6146.388,2000,6754.305
6077.046,2000,6799.574,6245.331,2000,6757.872,6121.291,2000,6658.082,6221.42,2000,6657.182,6145.604,2000,6755.053
6076.152,2000,6800.186,6244.66,2000,6758.723,6120.525,2000,6658.848,6220.648,2000,6657.942,6144.846,2000,6755.826
6075.257,2000,6800.796,6244.017,2000,6759.595,6119.735,2000,6659.589,6219.876,2000,6658.702,6144.112,2000,6756.624
6074.363,2000,6801.408,6243.402,2000,6760.487,6118.969,2000,6660.355,6219.104,2000,6659.461,6143.354,2000,6757.396
6073.387,2000,6801.878,6242.759,2000,6761.359,6118.229,2000,6661.146,6218.33,2000,6660.22,6142.57,2000,6758.145
6072.411,2000,6802.348,6242.088,2000,6762.21,6117.515,2000,6661.96,6217.555,2000,6660.978,6141.762,2000,6758.866
6071.435,2000,6802.818,6241.39,2000,6763.038,6116.775,2000,6662.751,6216.779,2000,6661.733,6140.978,2000,6759.614
6070.458,2000,6803.289,6240.665,2000,6763.843,6116.009,2000,6663.518,6216.002,2000,6662.488,6140.219,2000,6760.387
6069.482,2000,6803.759,6239.914,2000,6764.624,6115.219,2000,6664.258,6215.25,2000,6663.268,6139.486,2000,6761.185
6068.506,2000,6804.229,6239.137,2000,6765.379,6114.404,2000,6664.973,6214.472,2000,6664.022,6138.779,2000,6762.005
6067.53,2000,6804.699,6238.336,2000,6766.109,6113.614,2000,6665.713,6213.691,2000,6664.772,6138.046,2000,6762.803
6066.554,2000,6805.169,6237.512,2000,6766.812,6112.848,2000,6666.479,6212.908,2000,6665.521,6137.287,2000,6763.576
6065.578,2000,6805.64,6236.666,2000,6767.488,6112.108,2000,6667.271,6212.125,2000,6666.27,6136.503,2000,6764.324
6064.602,2000,6806.11,6235.797,2000,6768.136,6111.394,2000,6668.085,6211.339,2000,6667.016,6135.695,2000,6765.045
6063.626,2000,6806.58,6234.908,2000,6768.755,6110.654,2000,6668.876,6210.579,2000,6667.788,6134.912,2000,6765.793
6062.65,2000,6807.05,6234,2000,6769.344,6109.888,2000,6669.642,6209.845,2000,6668.584,6134.153,2000,6766.566
6061.674,2000,6807.521,6233.11,2000,6769.963,6109.098,2000,6670.383,6209.137,2000,6669.404,6133.419,2000,6767.364
6060.698,2000,6807.991,6232.242,2000,6770.611,6108.283,2000,6671.097,6208.402,2000,6670.201,6132.713,2000,6768.185
6059.722,2000,6808.461,6231.396,2000,6771.287,6107.493,2000,6671.838,6207.642,2000,6670.973,6131.979,2000,6768.982
6058.746,2000,6808.931,6230.571,2000,6771.99,6106.727,2000,6672.604,6206.857,2000,6671.719,6131.221,2000,6769.755
6057.77,2000,6809.401,6229.771,2000,6772.72,6105.987,2000,6673.395,6206.062,2000,6672.456,6130.437,2000,6770.503
6056.793,2000,6809.872,6228.994,2000,6773.476,6105.273,2000,6674.209,6205.266,2000,6673.19,6129.629,2000,6771.225
6055.817,2000,6810.342,6228.243,2000,6774.256,6104.533,2000,6675,6204.495,2000,6673.951,6128.798,2000,6771.919
6054.841,2000,6810.812,6227.518,2000,6775.061,6103.767,2000,6675.767,6203.749,2000,6674.737,6127.99,2000,6772.641
6053.865,2000,6811.282,6226.819,2000,6775.889,6102.977,2000,6676.507,6203.028,2000,6675.546,6127.206,2000,6773.389
6052.889,2000,6811.752,6226.148,2000,6776.74,6102.162,2000,6677.222,6202.282,2000,6676.332,6126.447,2000,6774.162
6051.913,2000,6812.223,6225.505,2000,6777.612,6101.325,2000,6677.909,6201.511,2000,6677.093,6125.714,2000,6774.959
6050.937,2000,6812.693,6224.891,2000,6778.504,6100.51,2000,6678.624,6200.715,2000,6677.828,6124.955,2000,6775.732
6049.961,2000,6813.163,6224.307,2000,6779.417,6099.72,2000,6679.364,6199.91,2000,6678.553,6124.171,2000,6776.48
6048.985,2000,6813.633,6223.692,2000,6780.309,6098.954,2000,6680.13,6199.104,2000,6679.276,6123.363,2000,6777.202
6048.009,2000,6814.104,6223.049,2000,6781.181,6098.214,2000,6680.921,6198.296,2000,6679.999,6122.532,2000,6777.897
6047.033,2000,6814.574,6222.378,2000,6782.032,6097.448,2000,6681.688,6197.488,2000,6680.72,6121.724,2000,6778.619
6046.057,2000,6815.044,6221.68,2000,6782.86,6096.658,2000,6682.428,6196.679,2000,6681.44,6120.94,2000,6779.367
6045.081,2000,6815.515,6220.955,2000,6783.665,6095.843,2000,6683.143,6195.868,2000,6682.159,6120.182,2000,6780.14
6044.104,2000,6815.985,6220.204,2000,6784.445,6095.053,2000,6683.883,6195.057,2000,6682.877,6119.398,2000,6780.888
6043.128,2000,6816.456,6219.427,2000,6785.201,6094.287,2000,6684.649,6194.244,2000,6683.593,6118.59,2000,6781.609
6042.152,2000,6816.926,6218.626,2000,6785.931,6093.497,2000,6685.39,6193.456,2000,6684.336,6117.806,2000,6782.357
6041.176,2000,6817.397,6217.802,2000,6786.634,6092.682,2000,6686.104,6192.691,2000,6685.104,6117.047,2000,6783.13
6040.2,2000,6817.867,6216.956,2000,6787.31,6091.892,2000,6686.845,6191.903,2000,6685.847,6116.264,2000,6783.878
6039.224,2000,6818.338,6216.087,2000,6787.958,6091.126,2000,6687.611,6191.09,2000,6686.563,6115.456,2000,6784.6
6038.248,2000,6818.809,6215.198,2000,6788.577,6090.335,2000,6688.352,6190.302,2000,6687.306,6114.672,2000,6785.348
6037.272,2000,6819.279,6214.29,2000,6789.166,6089.521,2000,6689.066,6189.538,2000,6688.074,6113.864,2000,6786.07
6036.296,2000,6819.75,6213.362,2000,6789.726,6088.73,2000,6689.807,6188.749,2000,6688.816,6113.033,2000,6786.765
6035.32,2000,6820.22,6212.417,2000,6790.254,6087.916,2000,6690.521,6187.937,2000,6689.533,6112.225,2000,6787.486
6034.344,2000,6820.691,6211.454,2000,6790.752,6087.079,2000,6691.209,6187.114,2000,6690.237,6111.441,2000,6788.234
6033.368,2000,6821.161,6210.476,2000,6791.218,6086.264,2000,6691.923,6186.29,2000,6690.941,6110.633,2000,6788.956
6032.392,2000,6821.632,6209.514,2000,6791.715,6085.474,2000,6692.664,6185.465,2000,6691.643,6109.802,2000,6789.651
6031.416,2000,6822.103,6208.568,2000,6792.244,6084.659,2000,6693.378,6184.664,2000,6692.372,6108.994,2000,6790.373
6030.439,2000,6822.573,6207.641,2000,6792.804,6083.869,2000,6694.119,6183.839,2000,6693.074,6108.163,2000,6791.067
6029.463,2000,6823.043,6206.732,2000,6793.393,6083.054,2000,6694.833,6183.038,2000,6693.803,6107.354,2000,6791.789
6028.487,2000,6823.514,6205.843,2000,6794.012,6082.217,2000,6695.521,6182.261,2000,6694.558,6106.571,2000,6792.537
6027.511,2000,6823.985,6204.975,2000,6794.66,6081.402,2000,6696.235,6181.459,2000,6695.287,6105.763,2000,6793.259
6026.535,2000,6824.455,6204.128,2000,6795.336,6080.612,2000,6696.976,6180.635,2000,6695.989,6104.932,2000,6793.954
6025.559,2000,6824.926,6203.304,2000,6796.039,6079.797,2000,6697.69,6179.803,2000,6696.683,6104.124,2000,6794.675
6024.583,2000,6825.396,6202.503,2000,6796.769,6078.96,2000,6698.378,6178.97,2000,6697.375,6103.34,2000,6795.423
6023.607,2000,6825.867,6201.727,2000,6797.524,6078.146,2000,6699.092,6178.136,2000,6698.067,6102.532,2000,6796.145
6022.631,2000,6826.337,6200.976,2000,6798.305,6077.308,2000,6699.78,6177.325,2000,6698.785,6101.701,2000,6796.84
6021.655,2000,6826.808,6200.25,2000,6799.11,6076.494,2000,6700.494,6176.491,2000,6699.477,6100.847,2000,6797.507
6020.679,2000,6827.279,6199.552,2000,6799.938,6075.703,2000,6701.235,6175.654,2000,6700.165,6099.973,2000,6798.146
6019.703,2000,6827.75,6198.881,2000,6800.789,6074.889,2000,6701.949,6174.84,2000,6700.88,6099.119,2000,6798.814
6018.727,2000,6828.22,6198.238,2000,6801.661,6074.051,2000,6702.637,6174.05,2000,6701.621,6098.288,2000,6799.509
6017.75,2000,6828.69,6197.624,2000,6802.553,6073.192,2000,6703.296,6173.236,2000,6702.336,6097.48,2000,6800.23
6016.774,2000,6829.161,6196.98,2000,6803.425,6072.312,2000,6703.928,6172.399,2000,6703.024,6096.696,2000,6800.979
6015.798,2000,6829.631,6196.31,2000,6804.276,6071.452,2000,6704.587,6171.557,2000,6703.707,6095.888,2000,6801.7
6014.822,2000,6830.102,6195.611,2000,6805.104,6070.615,2000,6705.275,6170.715,2000,6704.388,6095.057,2000,6802.395
6013.846,2000,6830.573,6194.886,2000,6805.909,6069.8,2000,6705.989,6169.872,2000,6705.068,6094.204,2000,6803.063
6012.87,2000,6831.043,6194.135,2000,6806.689,6069.01,2000,6706.73,6169.027,2000,6705.747,6093.329,2000,6803.702
6011.894,2000,6831.514,6193.358,2000,6807.445,6068.195,2000,6707.444,6168.182,2000,6706.425,6092.476,2000,6804.369
6010.918,2000,6831.984,6192.558,2000,6808.175,6067.358,2000,6708.132,6167.36,2000,6707.13,6091.645,2000,6805.064
6009.942,2000,6832.455,6191.733,2000,6808.878,6066.499,2000,6708.792,6166.515,2000,6707.808,6090.836,2000,6805.786
6008.966,2000,6832.926,6190.887,2000,6809.554,6065.661,2000,6709.479,6165.667,2000,6708.482,6090.005,2000,6806.48
6007.99,2000,6833.396,6190.019,2000,6810.202,6064.847,2000,6710.193,6164.819,2000,6709.156,6089.152,2000,6807.148
6007.014,2000,6833.867,6189.129,2000,6810.821,6064.009,2000,6710.881,6163.993,2000,6709.857,6088.321,2000,6807.843
6006.038,2000,6834.337,6188.221,2000,6811.41,6063.15,2000,6711.541,6163.191,2000,6710.585,6087.513,2000,6808.564
6005.062,2000,6834.808,6187.293,2000,6811.97,6062.313,2000,6712.228,6162.365,2000,6711.286,6086.682,2000,6809.259
6004.085,2000,6835.278,6186.348,2000,6812.499,6061.498,2000,6712.942,6161.517,2000,6711.96,6085.828,2000,6809.927
6003.109,2000,6835.749,6185.385,2000,6812.996,6060.661,2000,6713.63,6160.664,2000,6712.628,6084.997,2000,6810.622
6002.133,2000,6836.22,6184.407,2000,6813.462,6059.801,2000,6714.29,6159.811,2000,6713.295,6084.189,2000,6811.343
6001.157,2000,6836.69,6183.415,2000,6813.896,6058.964,2000,6714.977,6158.956,2000,6713.961,6083.358,2000,6812.038
6000.181,2000,6837.161,6182.408,2000,6814.296,6058.104,2000,6715.637,6158.124,2000,6714.655,6082.504,2000,6812.706
5999.205,2000,6837.631,6181.416,2000,6814.73,6057.267,2000,6716.324,6157.27,2000,6715.321,6081.63,2000,6813.345
5998.229,2000,6838.102,6180.438,2000,6815.196,6056.453,2000,6717.039,6156.413,2000,6715.984,6080.735,2000,6813.955
5997.253,2000,6838.572,6179.475,2000,6815.693,6055.615,2000,6717.726,6155.578,2000,6716.674,6079.86,2000,6814.594
5996.277,2000,6839.043,6178.53,2000,6816.222,6054.756,2000,6718.386,6154.767,2000,6717.392,6079.007,2000,6815.262
5995.301,2000,6839.514,6177.602,2000,6816.782,6053.875,2000,6719.017,6153.932,2000,6718.083,6078.176,2000,6815.957
5994.325,2000,6839.984,6176.693,2000,6817.371,6052.975,2000,6719.619,6153.075,2000,6718.746,6077.368,2000,6816.678
5993.349,2000,6840.455,6175.804,2000,6817.99,6052.095,2000,6720.25,6152.214,2000,6719.403,6076.537,2000,6817.373
5992.373,2000,6840.925,6174.936,2000,6818.638,6051.235,2000,6720.91,6151.353,2000,6720.06,6075.683,2000,6818.041
5991.396,2000,6841.396,6174.089,2000,6819.314,6050.398,2000,6721.598,6150.49,2000,6720.716,6074.809,2000,6818.68
5990.42,2000,6841.866,6173.265,2000,6820.017,6049.583,2000,6722.312,6149.627,2000,6721.371,6073.914,2000,6819.29
5989.445,2000,6842.337,6172.464,2000,6820.747,6048.746,2000,6723,6148.763,2000,6722.024,6073.039,2000,6819.929
5988.409,2000,6842.656,6171.688,2000,6821.502,6047.887,2000,6723.659,6147.898,2000,6722.677,6072.186,2000,6820.597
5987.374,2000,6842.974,6170.937,2000,6822.283,6047.006,2000,6724.291,6147.033,2000,6723.329,6071.354,2000,6821.292
5986.338,2000,6843.293,6170.212,2000,6823.088,6046.147,2000,6724.95,6146.166,2000,6723.978,6070.501,2000,6821.959
5985.302,2000,6843.612,6169.513,2000,6823.916,6045.31,2000,6725.638,6145.298,2000,6724.626,6069.626,2000,6822.598
5984.267,2000,6843.93,6168.842,2000,6824.767,6044.45,2000,6726.297,6144.451,2000,6725.302,6068.773,2000,6823.266
5983.231,2000,6844.249,6168.144,2000,6825.595,6043.57,2000,6726.929,6143.583,2000,6725.95,6067.942,2000,6823.96
5982.195,2000,6844.568,6167.418,2000,6826.399,6042.71,2000,6727.588,6142.711,2000,6726.593,6067.088,2000,6824.628
5981.16,2000,6844.886,6166.667,2000,6827.18,6041.873,2000,6728.276,6141.838,2000,6727.235,6066.214,2000,6825.267
5980.124,2000,6845.205,6165.891,2000,6827.936,6041.014,2000,6728.936,6140.987,2000,6727.905,6065.36,2000,6825.935
5979.088,2000,6845.523,6165.09,2000,6828.666,6040.133,2000,6729.567,6140.158,2000,6728.602,6064.486,2000,6826.574
5978.053,2000,6845.842,6164.266,2000,6829.369,6039.274,2000,6730.227,6139.306,2000,6729.272,6063.591,2000,6827.184
5977.017,2000,6846.161,6163.419,2000,6830.044,6038.394,2000,6730.858,6138.433,2000,6729.914,6062.716,2000,6827.823
5975.981,2000,6846.479,6162.551,2000,6830.692,6037.493,2000,6731.46,6137.554,2000,6730.547,6061.863,2000,6828.491
5974.946,2000,6846.798,6161.662,2000,6831.312,6036.613,2000,6732.091,6136.674,2000,6731.178,6060.988,2000,6829.13
5973.91,2000,6847.117,6160.753,2000,6831.901,6035.753,2000,6732.751,6135.792,2000,6731.808,6060.093,2000,6829.74
5972.875,2000,6847.436,6159.826,2000,6832.46,6034.873,2000,6733.382,6134.91,2000,6732.437,6059.219,2000,6830.379
5971.839,2000,6847.754,6158.88,2000,6832.989,6034.014,2000,6734.042,6134.027,2000,6733.063,6058.324,2000,6830.99
5970.803,2000,6848.073,6157.918,2000,6833.487,6033.133,2000,6734.673,6133.143,2000,6733.689,6057.449,2000,6831.629
5969.768,2000,6848.392,6156.94,2000,6833.953,6032.233,2000,6735.275,6132.257,2000,6734.313,6056.596,2000,6832.296
5968.732,2000,6848.71,6155.947,2000,6834.386,6031.353,2000,6735.907,6131.37,2000,6734.936,6055.721,2000,6832.936
5967.696,2000,6849.029,6154.941,2000,6834.787,6030.493,2000,6736.566,6130.482,2000,6735.557,6054.826,2000,6833.546
5966.661,2000,6849.348,6153.922,2000,6835.155,6029.613,2000,6737.198,6129.616,2000,6736.207,6053.952,2000,6834.185
5965.625,2000,6849.667,6152.916,2000,6835.556,6028.712,2000,6737.8,6128.728,2000,6736.828,6053.098,2000,6834.853
5964.589,2000,6849.985,6151.923,2000,6835.989,6027.832,2000,6738.431,6127.837,2000,6737.444,6052.224,2000,6835.492
5963.554,2000,6850.304,6150.945,2000,6836.455,6026.973,2000,6739.091,6126.945,2000,6738.059,6051.329,2000,6836.102
5962.518,2000,6850.623,6149.982,2000,6836.953,6026.092,2000,6739.722,6126.074,2000,6738.702,6050.414,2000,6836.683
5961.482,2000,6850.941,6149.037,2000,6837.481,6025.192,2000,6740.324,6125.224,2000,6739.374,6049.519,2000,6837.293
5960.447,2000,6851.26,6148.109,2000,6838.041,6024.272,2000,6740.896,6124.353,2000,6740.018,6048.645,2000,6837.932
5959.411,2000,6851.579,6147.201,2000,6838.63,6023.372,2000,6741.499,6123.461,2000,6740.632,6047.75,2000,6838.542
5958.375,2000,6851.897,6146.312,2000,6839.25,6022.491,2000,6742.13,6122.563,2000,6741.239,6046.835,2000,6839.123
5957.34,2000,6852.216,6145.443,2000,6839.897,6021.632,2000,6742.79,6121.665,2000,6741.845,6045.902,2000,6839.673
5956.304,2000,6852.535,6144.597,2000,6840.573,6020.751,2000,6743.421,6120.766,2000,6742.449,6044.987,2000,6840.254
5955.269,2000,6852.853,6143.772,2000,6841.276,6019.851,2000,6744.023,6119.865,2000,6743.051,6044.092,2000,6840.864
5954.233,2000,6853.172,6142.972,2000,6842.006,6018.931,2000,6744.595,6118.964,2000,6743.652,6043.218,2000,6841.503
5953.197,2000,6853.49,6142.195,2000,6842.762,6017.993,2000,6745.137,6118.062,2000,6744.252,6042.364,2000,6842.171
5952.162,2000,6853.809,6141.444,2000,6843.542,6017.073,2000,6745.709,6117.159,2000,6744.85,6041.49,2000,6842.81
5951.126,2000,6854.128,6140.719,2000,6844.347,6016.173,2000,6746.312,6116.255,2000,6745.447,6040.595,2000,6843.42
5950.09,2000,6854.446,6139.968,2000,6845.128,6015.292,2000,6746.943,6115.35,2000,6746.043,6039.68,2000,6844.001
5949.055,2000,6854.765,6139.192,2000,6845.883,6014.433,2000,6747.603,6114.444,2000,6746.637,6038.747,2000,6844.551
5948.019,2000,6855.084,6138.391,2000,6846.613,6013.553,2000,6748.234,6113.538,2000,6747.23,6037.833,2000,6845.132
5946.983,2000,6855.402,6137.567,2000,6847.316,6012.652,2000,6748.836,6112.651,2000,6747.852,6036.938,2000,6845.742
5945.948,2000,6855.721,6136.72,2000,6847.992,6011.732,2000,6749.408,6111.744,2000,6748.445,6036.063,2000,6846.381
5944.912,2000,6856.04,6135.852,2000,6848.64,6010.794,2000,6749.95,6110.834,2000,6749.033,6035.209,2000,6847.049
5943.876,2000,6856.358,6134.963,2000,6849.259,6009.875,2000,6750.522,6109.924,2000,6749.62,6034.335,2000,6847.688
5942.841,2000,6856.677,6134.054,2000,6849.849,6008.974,2000,6751.125,6109.013,2000,6750.206,6033.44,2000,6848.298
5941.805,2000,6856.996,6133.126,2000,6850.408,6008.094,2000,6751.756,6108.101,2000,6750.791,6032.525,2000,6848.879
5940.77,2000,6857.314,6132.181,2000,6850.937,6007.234,2000,6752.416,6107.188,2000,6751.374,6031.592,2000,6849.429
5939.734,2000,6857.633,6131.219,2000,6851.435,6006.354,2000,6753.047,6106.294,2000,6751.986,6030.642,2000,6849.949
5938.698,2000,6857.952,6130.241,2000,6851.9,6005.454,2000,6753.649,6105.421,2000,6752.628,6029.708,2000,6850.499
5937.663,2000,6858.271,6129.248,2000,6852.334,6004.534,2000,6754.221,6104.569,2000,6753.298,6028.794,2000,6851.08
5936.627,2000,6858.589,6128.242,2000,6852.735,6003.596,2000,6754.763,6103.696,2000,6753.939,6027.899,2000,6851.69
5935.591,2000,6858.908,6127.223,2000,6853.103,6002.641,2000,6755.274,6102.803,2000,6754.552,6027.024,2000,6852.329
5934.556,2000,6859.227,6126.192,2000,6853.437,6001.703,2000,6755.816,6101.89,2000,6755.135,6026.129,2000,6852.939
5933.52,2000,6859.545,6125.151,2000,6853.737,6000.783,2000,6756.388,6100.97,2000,6755.708,6025.215,2000,6853.52
5932.484,2000,6859.864,6124.121,2000,6854.072,5999.882,2000,6756.99,6100.049,2000,6756.278,6024.282,2000,6854.07
5931.449,2000,6860.183,6123.102,2000,6854.439,5999.002,2000,6757.622,6099.127,2000,6756.848,6023.331,2000,6854.59
5930.413,2000,6860.501,6122.096,2000,6854.84,5998.102,2000,6758.224,6098.205,2000,6757.417,6022.398,2000,6855.14
5929.377,2000,6860.82,6121.103,2000,6855.274,5997.182,2000,6758.796,6097.282,2000,6757.983,6021.483,2000,6855.721
5928.342,2000,6861.139,6120.125,2000,6855.74,5996.244,2000,6759.338,6096.358,2000,6758.549,6020.588,2000,6856.331
5927.306,2000,6861.457,6119.163,2000,6856.237,5995.324,2000,6759.91,6095.434,2000,6759.114,6019.674,2000,6856.912
5926.271,2000,6861.776,6118.217,2000,6856.766,5994.423,2000,6760.512,6094.491,2000,6759.648,6018.741,2000,6857.462
5925.235,2000,6862.095,6117.29,2000,6857.326,5993.503,2000,6761.084,6093.532,2000,6760.151,6017.826,2000,6858.042
5924.199,2000,6862.413,6116.381,2000,6857.915,5992.565,2000,6761.626,6092.589,2000,6760.685,6016.931,2000,6858.653
5923.164,2000,6862.732,6115.492,2000,6858.534,5991.646,2000,6762.199,6091.662,2000,6761.245,6016.017,2000,6859.233
5922.128,2000,6863.051,6114.624,2000,6859.182,5990.745,2000,6762.801,6090.734,2000,6761.804,6015.083,2000,6859.784
5921.092,2000,6863.369,6113.777,2000,6859.858,5989.825,2000,6763.373,6089.825,2000,6762.393,6014.169,2000,6860.364
5920.057,2000,6863.688,6112.953,2000,6860.561,5988.887,2000,6763.915,6088.896,2000,6762.952,6013.274,2000,6860.975
5919.021,2000,6864.007,6112.152,2000,6861.291,5987.967,2000,6764.487,6087.966,2000,6763.507,6012.359,2000,6861.555
5917.985,2000,6864.325,6111.375,2000,6862.046,5987.067,2000,6765.089,6087.035,2000,6764.061,6011.426,2000,6862.105
5916.95,2000,6864.644,6110.625,2000,6862.827,5986.147,2000,6765.662,6086.123,2000,6764.645,6010.476,2000,6862.625
5915.914,2000,6864.962,6109.848,2000,6863.583,5985.209,2000,6766.204,6085.229,2000,6765.259,6009.542,2000,6863.175
5914.878,2000,6865.281,6109.047,2000,6864.313,5984.254,2000,6766.714,6084.317,2000,6765.843,6008.628,2000,6863.756
5913.843,2000,6865.6,6108.223,2000,6865.016,5983.316,2000,6767.256,6083.386,2000,6766.396,6007.695,2000,6864.306
5912.807,2000,6865.918,6107.376,2000,6865.691,5982.396,2000,6767.829,6082.451,2000,6766.943,6006.744,2000,6864.826
5911.771,2000,6866.237,6106.508,2000,6866.339,5981.496,2000,6768.431,6081.515,2000,6767.489,6005.777,2000,6865.314
5910.736,2000,6866.556,6105.619,2000,6866.958,5980.576,2000,6769.003,6080.579,2000,6768.034,6004.826,2000,6865.833
5909.7,2000,6866.875,6104.71,2000,6867.548,5979.638,2000,6769.545,6079.642,2000,6768.578,6003.893,2000,6866.384
5908.665,2000,6867.193,6103.783,2000,6868.107,5978.683,2000,6770.056,6078.704,2000,6769.12,6002.979,2000,6866.964
5907.629,2000,6867.512,6102.837,2000,6868.636,5977.711,2000,6770.535,6077.765,2000,6769.661,6002.083,2000,6867.575
5906.593,2000,6867.831,6101.875,2000,6869.134,5976.756,2000,6771.046,6076.826,2000,6770.201,6001.169,2000,6868.155
5905.558,2000,6868.149,6100.897,2000,6869.6,5975.818,2000,6771.588,6075.886,2000,6770.74,6000.236,2000,6868.706
5904.522,2000,6868.468,6099.904,2000,6870.033,5974.898,2000,6772.16,6074.946,2000,6771.278,5999.285,2000,6869.225
5903.486,2000,6868.787,6098.898,2000,6870.434,5973.998,2000,6772.762,6074.005,2000,6771.814,5998.318,2000,6869.713
5902.451,2000,6869.105,6097.879,2000,6870.802,5973.078,2000,6773.334,6073.063,2000,6772.35,5997.367,2000,6870.233
5901.415,2000,6869.424,6096.849,2000,6871.136,5972.14,2000,6773.876,6072.139,2000,6772.916,5996.434,2000,6870.783
5900.379,2000,6869.743,6095.808,2000,6871.437,5971.185,2000,6774.387,6071.197,2000,6773.452,5995.52,2000,6871.364
5899.344,2000,6870.062,6094.757,2000,6871.703,5970.213,2000,6774.867,6070.253,2000,6773.983,5994.625,2000,6871.974
5898.272,2000,6870.222,6093.699,2000,6871.934,5969.258,2000,6775.377,6069.309,2000,6774.514,5993.71,2000,6872.555
5897.201,2000,6870.383,6092.649,2000,6872.2,5968.32,2000,6775.919,6068.364,2000,6775.043,5992.777,2000,6873.105
5896.13,2000,6870.543,6091.608,2000,6872.5,5967.4,2000,6776.492,6067.417,2000,6775.57,5991.826,2000,6873.625
5895.059,2000,6870.704,6090.578,2000,6872.835,5966.5,2000,6777.094,6066.454,2000,6776.066,5990.859,2000,6874.113
5893.987,2000,6870.865,6089.559,2000,6873.203,5965.58,2000,6777.666,6065.475,2000,6776.531,5989.876,2000,6874.569
5892.916,2000,6871.025,6088.552,2000,6873.604,5964.642,2000,6778.208,6064.481,2000,6776.962,5988.909,2000,6875.057
5891.845,2000,6871.186,6087.56,2000,6874.037,5963.687,2000,6778.719,6063.474,2000,6777.361,5987.958,2000,6875.577
5890.773,2000,6871.347,6086.582,2000,6874.503,5962.715,2000,6779.198,6062.455,2000,6777.727,5987.025,2000,6876.127
5889.702,2000,6871.507,6085.619,2000,6875,5961.728,2000,6779.646,6061.423,2000,6778.06,5986.111,2000,6876.708
5888.631,2000,6871.668,6084.674,2000,6875.529,5960.727,2000,6780.061,6060.382,2000,6778.358,5985.178,2000,6877.258
5887.56,2000,6871.829,6083.746,2000,6876.089,5959.713,2000,6780.442,6059.351,2000,6778.69,5984.227,2000,6877.777
5886.488,2000,6871.989,6082.837,2000,6876.678,5958.688,2000,6780.791,6058.331,2000,6779.056,5983.26,2000,6878.266
5885.417,2000,6872.15,6081.948,2000,6877.297,5957.651,2000,6781.106,6057.324,2000,6779.455,5982.277,2000,6878.722
5884.346,2000,6872.311,6081.08,2000,6877.945,5956.604,2000,6781.387,6056.33,2000,6779.887,5981.28,2000,6879.146
5883.274,2000,6872.471,6080.233,2000,6878.621,5955.549,2000,6781.633,6055.351,2000,6780.351,5980.27,2000,6879.537
5882.203,2000,6872.632,6079.409,2000,6879.324,5954.487,2000,6781.844,6054.388,2000,6780.847,5979.248,2000,6879.894
5881.132,2000,6872.792,6078.563,2000,6880,5953.418,2000,6782.021,6053.441,2000,6781.375,5978.214,2000,6880.218
5880.061,2000,6872.953,6077.694,2000,6880.648,5952.355,2000,6782.232,6052.484,2000,6781.882,5977.17,2000,6880.508
5878.989,2000,6873.114,6076.805,2000,6881.267,5951.3,2000,6782.479,6051.526,2000,6782.388,5976.117,2000,6880.764
5877.918,2000,6873.274,6075.896,2000,6881.856,5950.254,2000,6782.759,6050.567,2000,6782.893,5975.057,2000,6880.985
5876.847,2000,6873.435,6074.969,2000,6882.416,5949.217,2000,6783.074,6049.607,2000,6783.395,5973.989,2000,6881.172
5875.775,2000,6873.596,6074.023,2000,6882.945,5948.191,2000,6783.423,6048.647,2000,6783.896,5972.917,2000,6881.323
5874.704,2000,6873.756,6073.061,2000,6883.442,5947.178,2000,6783.805,6047.686,2000,6784.395,5971.839,2000,6881.439
5873.633,2000,6873.917,6072.083,2000,6883.908,5946.177,2000,6784.22,6046.723,2000,6784.892,5970.759,2000,6881.52
5872.562,2000,6874.078,6071.09,2000,6884.342,5945.19,2000,6784.667,6045.76,2000,6785.387,5969.677,2000,6881.565
5871.49,2000,6874.238,6070.084,2000,6884.743,5944.189,2000,6785.082,6044.795,2000,6785.881,5968.597,2000,6881.646
5870.419,2000,6874.399,6069.065,2000,6885.11,5943.175,2000,6785.464,6043.83,2000,6786.373,5967.52,2000,6881.762
5869.348,2000,6874.56,6068.035,2000,6885.445,5942.149,2000,6785.813,6042.864,2000,6786.863,5966.447,2000,6881.914
5868.276,2000,6874.72,6066.994,2000,6885.745,5941.113,2000,6786.127,6041.897,2000,6787.352,5965.379,2000,6882.1
5867.205,2000,6874.881,6065.943,2000,6886.011,5940.066,2000,6786.408,6040.93,2000,6787.839,5964.319,2000,6882.321
5866.134,2000,6875.042,6064.885,2000,6886.243,5939.011,2000,6786.654,6039.961,2000,6788.324,5963.266,2000,6882.577
5865.063,2000,6875.202,6063.82,2000,6886.439,5937.949,2000,6786.866,6038.992,2000,6788.808,5962.222,2000,6882.867
5863.991,2000,6875.363,6062.749,2000,6886.602,5936.88,2000,6787.042,6038.021,2000,6789.29,5961.188,2000,6883.191
5862.92,2000,6875.523,6061.673,2000,6886.729,5935.806,2000,6787.184,6037.05,2000,6789.77,5960.166,2000,6883.549
5861.849,2000,6875.684,6060.593,2000,6886.82,5934.728,2000,6787.291,6036.079,2000,6790.249,5959.156,2000,6883.94
5860.777,2000,6875.845,6059.518,2000,6886.947,5933.646,2000,6787.362,6035.092,2000,6790.695,5958.159,2000,6884.364
5859.706,2000,6876.005,6058.446,2000,6887.109,5932.568,2000,6787.468,6034.091,2000,6791.109,5957.148,2000,6884.755
5858.635,2000,6876.166,6057.381,2000,6887.306,5931.494,2000,6787.61,6033.077,2000,6791.49,5956.126,2000,6885.112
5857.563,2000,6876.327,6056.323,2000,6887.537,5930.425,2000,6787.787,6032.051,2000,6791.837,5955.092,2000,6885.437
5856.492,2000,6876.487,6055.272,2000,6887.803,5929.363,2000,6787.998,6031.014,2000,6792.151,5954.048,2000,6885.727
5855.421,2000,6876.648,6054.231,2000,6888.104,5928.308,2000,6788.244,6029.967,2000,6792.431,5952.996,2000,6885.982
5854.35,2000,6876.809,6053.201,2000,6888.438,5927.261,2000,6788.525,6028.912,2000,6792.677,5951.935,2000,6886.204
5853.278,2000,6876.969,6052.182,2000,6888.806,5926.225,2000,6788.84,6027.85,2000,6792.888,5950.868,2000,6886.39
5852.207,2000,6877.13,6051.176,2000,6889.207,5925.199,2000,6789.188,6026.781,2000,6793.063,5949.795,2000,6886.542
5851.136,2000,6877.291,6050.183,2000,6889.64,5924.185,2000,6789.57,6025.707,2000,6793.204,5948.718,2000,6886.658
5850.064,2000,6877.451,6049.205,2000,6890.106,5923.184,2000,6789.985,6024.628,2000,6793.31,5947.638,2000,6886.738
5848.993,2000,6877.612,6048.243,2000,6890.604,5922.17,2000,6790.367,6023.547,2000,6793.38,5946.561,2000,6886.854
5847.922,2000,6877.773,6047.265,2000,6891.069,5921.145,2000,6790.716,6022.469,2000,6793.485,5945.488,2000,6887.006
5846.851,2000,6877.934,6046.272,2000,6891.503,5920.108,2000,6791.031,6021.395,2000,6793.626,5944.42,2000,6887.192
5845.779,2000,6878.095,6045.266,2000,6891.904,5919.062,2000,6791.312,6020.326,2000,6793.802,5943.36,2000,6887.414
5844.708,2000,6878.255,6044.247,2000,6892.271,5918.006,2000,6791.558,6019.264,2000,6794.013,5942.307,2000,6887.669
5843.637,2000,6878.417,6043.216,2000,6892.606,5916.944,2000,6791.769,6018.208,2000,6794.258,5941.263,2000,6887.959
5842.565,2000,6878.577,6042.175,2000,6892.906,5915.875,2000,6791.946,6017.162,2000,6794.538,5940.229,2000,6888.284
5841.494,2000,6878.738,6041.125,2000,6893.172,5914.801,2000,6792.087,6016.125,2000,6794.852,5939.207,2000,6888.641
5840.423,2000,6878.899,6040.067,2000,6893.404,5913.723,2000,6792.194,6015.099,2000,6795.2,5938.197,2000,6889.032
5839.352,2000,6879.06,6039.001,2000,6893.601,5912.642,2000,6792.265,6014.085,2000,6795.581,5937.2,2000,6889.456
5838.28,2000,6879.221,6037.93,2000,6893.763,5911.563,2000,6792.372,6013.084,2000,6795.995,5936.189,2000,6889.847
5837.209,2000,6879.382,6036.854,2000,6893.89,5910.489,2000,6792.513,6012.097,2000,6796.441,5935.167,2000,6890.205
5836.138,2000,6879.542,6035.775,2000,6893.981,5909.42,2000,6792.69,6011.118,2000,6796.905,5934.133,2000,6890.529
5835.066,2000,6879.704,6034.693,2000,6894.037,5908.358,2000,6792.901,6010.139,2000,6797.368,5933.089,2000,6890.819
5833.995,2000,6879.864,6033.613,2000,6894.128,5907.303,2000,6793.147,6009.145,2000,6797.798,5932.037,2000,6891.075
5832.924,2000,6880.025,6032.538,2000,6894.255,5906.256,2000,6793.428,6008.137,2000,6798.195,5930.976,2000,6891.296
5831.853,2000,6880.186,6031.466,2000,6894.417,5905.22,2000,6793.743,6007.117,2000,6798.56,5929.909,2000,6891.482
5830.781,2000,6880.347,6030.401,2000,6894.614,5904.194,2000,6794.092,6006.085,2000,6798.89,5928.836,2000,6891.634
5829.71,2000,6880.508,6029.343,2000,6894.846,5903.18,2000,6794.474,6005.043,2000,6799.187,5927.759,2000,6891.75
5828.639,2000,6880.668,6028.292,2000,6895.112,5902.179,2000,6794.889,6003.992,2000,6799.45,5926.679,2000,6891.831
5827.567,2000,6880.83,6027.251,2000,6895.412,5901.166,2000,6795.271,6002.933,2000,6799.678,5925.602,2000,6891.947
5826.496,2000,6880.99,6026.221,2000,6895.747,5900.14,2000,6795.619,6001.867,2000,6799.871,5924.529,2000,6892.098
5825.425,2000,6881.151,6025.202,2000,6896.114,5899.103,2000,6795.934,6000.795,2000,6800.029,5923.461,2000,6892.285
5824.354,2000,6881.312,6024.196,2000,6896.515,5898.057,2000,6796.215,5999.719,2000,6800.152,5922.401,2000,6892.506
5823.282,2000,6881.473,6023.203,2000,6896.949,5897.001,2000,6796.461,5998.64,2000,6800.24,5921.348,2000,6892.762
5822.211,2000,6881.634,6022.225,2000,6897.415,5895.939,2000,6796.672,5997.558,2000,6800.293,5920.304,2000,6893.052
5821.14,2000,6881.795,6021.232,2000,6897.848,5894.87,2000,6796.849,5996.478,2000,6800.381,5919.271,2000,6893.376
5820.068,2000,6881.956,6020.226,2000,6898.249,5893.796,2000,6796.991,5995.402,2000,6800.504,5918.248,2000,6893.733
5818.997,2000,6882.117,6019.207,2000,6898.617,5892.718,2000,6797.097,5994.33,2000,6800.662,5917.238,2000,6894.125
5817.926,2000,6882.277,6018.177,2000,6898.951,5891.644,2000,6797.239,5993.264,2000,6800.855,5916.215,2000,6894.482
5816.854,2000,6882.438,6017.136,2000,6899.251,5890.575,2000,6797.416,5992.205,2000,6801.083,5915.182,2000,6894.806
5815.783,2000,6882.599,6016.085,2000,6899.518,5889.512,2000,6797.627,5991.154,2000,6801.346,5914.138,2000,6895.096
5814.712,2000,6882.76,6015.027,2000,6899.749,5888.457,2000,6797.873,5990.112,2000,6801.643,5913.085,2000,6895.352
5813.641,2000,6882.921,6013.962,2000,6899.946,5887.411,2000,6798.154,5989.081,2000,6801.974,5912.024,2000,6895.573
5812.569,2000,6883.082,6012.891,2000,6900.108,5886.374,2000,6798.469,5988.061,2000,6802.338,5910.957,2000,6895.76
5811.498,2000,6883.243,6011.815,2000,6900.235,5885.348,2000,6798.817,5987.053,2000,6802.735,5909.884,2000,6895.911
5810.427,2000,6883.404,6010.735,2000,6900.326,5884.334,2000,6799.199,5986.059,2000,6803.166,5908.807,2000,6896.027
5809.355,2000,6883.564,6009.653,2000,6900.382,5883.309,2000,6799.548,5985.073,2000,6803.616,5907.734,2000,6896.179
5808.284,2000,6883.726,6008.574,2000,6900.474,5882.272,2000,6799.863,5984.074,2000,6804.033,5906.667,2000,6896.365
5807.213,2000,6883.886,6007.498,2000,6900.601,5881.226,2000,6800.144,5983.061,2000,6804.418,5905.606,2000,6896.586
5806.142,2000,6884.047,6006.427,2000,6900.763,5880.17,2000,6800.39,5982.036,2000,6804.77,5904.554,2000,6896.842
5805.07,2000,6884.208,6005.361,2000,6900.959,5879.108,2000,6800.601,5981,2000,6805.087,5903.51,2000,6897.132
5803.999,2000,6884.369,6004.303,2000,6901.191,5878.039,2000,6800.778,5979.955,2000,6805.371,5902.476,2000,6897.457
5802.916,2000,6884.366,6003.253,2000,6901.457,5876.965,2000,6800.919,5978.901,2000,6805.621,5901.454,2000,6897.814
5801.832,2000,6884.363,6002.212,2000,6901.757,5875.887,2000,6801.026,5977.839,2000,6805.835,5900.443,2000,6898.205
5800.749,2000,6884.36,6001.182,2000,6902.092,5874.813,2000,6801.167,5976.771,2000,6806.015,5899.421,2000,6898.563
5799.665,2000,6884.357,6000.163,2000,6902.459,5873.744,2000,6801.344,5975.697,2000,6806.16,5898.387,2000,6898.887
5798.582,2000,6884.354,5999.156,2000,6902.86,5872.681,2000,6801.556,5974.619,2000,6806.269,5897.343,2000,6899.177
5797.498,2000,6884.352,5998.164,2000,6903.294,5871.626,2000,6801.802,5973.539,2000,6806.343,5896.291,2000,6899.433
5796.415,2000,6884.349,5997.157,2000,6903.695,5870.58,2000,6802.083,5972.461,2000,6806.453,5895.23,2000,6899.654
5795.331,2000,6884.346,5996.138,2000,6904.063,5869.543,2000,6802.397,5971.387,2000,6806.597,5894.163,2000,6899.84
5794.248,2000,6884.343,5995.108,2000,6904.397,5868.517,2000,6802.746,5970.319,2000,6806.777,5893.09,2000,6899.992
5793.164,2000,6884.34,5994.067,2000,6904.697,5867.503,2000,6803.128,5969.257,2000,6806.992,5892.013,2000,6900.108
5792.081,2000,6884.337,5993.017,2000,6904.963,5866.502,2000,6803.543,5968.203,2000,6807.241,5890.933,2000,6900.188
5790.997,2000,6884.334,5991.958,2000,6905.195,5865.489,2000,6803.925,5967.157,2000,6807.525,5889.855,2000,6900.305
5789.914,2000,6884.331,5990.893,2000,6905.392,5864.463,2000,6804.273,5966.122,2000,6807.843,5888.783,2000,6900.456
5788.83,2000,6884.328,5989.822,2000,6905.554,5863.426,2000,6804.588,5965.097,2000,6808.194,5887.715,2000,6900.643
5787.747,2000,6884.325,5988.746,2000,6905.681,5862.38,2000,6804.869,5964.084,2000,6808.579,5886.655,2000,6900.864
5786.663,2000,6884.322,5987.667,2000,6905.772,5861.325,2000,6805.115,5963.084,2000,6808.997,5885.602,2000,6901.12
5785.58,2000,6884.319,5986.591,2000,6905.899,5860.262,2000,6805.327,5962.072,2000,6809.381,5884.558,2000,6901.41
5784.496,2000,6884.316,5985.52,2000,6906.061,5859.193,2000,6805.503,5961.047,2000,6809.733,5883.524,2000,6901.734
5783.413,2000,6884.313,5984.454,2000,6906.258,5858.119,2000,6805.645,5960.011,2000,6810.051,5882.502,2000,6902.091
5782.329,2000,6884.311,5983.396,2000,6906.489,5857.041,2000,6805.751,5958.966,2000,6810.334,5881.492,2000,6902.482
5781.246,2000,6884.308,5982.346,2000,6906.755,5855.96,2000,6805.823,5957.912,2000,6810.584,5880.495,2000,6902.906
5780.162,2000,6884.305,5981.305,2000,6907.056,5854.882,2000,6805.929,5956.85,2000,6810.799,5879.484,2000,6903.297
5779.079,2000,6884.302,5980.274,2000,6907.39,5853.808,2000,6806.071,5955.781,2000,6810.979,5878.462,2000,6903.655
5777.995,2000,6884.299,5979.255,2000,6907.758,5852.739,2000,6806.248,5954.708,2000,6811.123,5877.428,2000,6903.979
5776.912,2000,6884.296,5978.249,2000,6908.159,5851.676,2000,6806.459,5953.63,2000,6811.232,5876.384,2000,6904.269
5775.828,2000,6884.293,5977.23,2000,6908.526,5850.621,2000,6806.705,5952.556,2000,6811.377,5875.332,2000,6904.525
5774.745,2000,6884.29,5976.2,2000,6908.861,5849.575,2000,6806.986,5951.488,2000,6811.557,5874.271,2000,6904.746
