5789,791.5565,6245.6
5789,791.5565,6245.6
5789,791.5565,6245.6
5789,791.5565,6245.6
5789,791.5565,6245.6
5789,791.5565,6245.6
5789,791.5565,6245.6
5789,791.5565,6245.6
5789,791.5565,6245.6
5789,791.5565,6245.6
5789,791.5565,6245.6
5789,791.5565,6245.6
5789,791.5565,6245.6
5789,791.5565,6245.6
5789,791.5565,6245.601
5789,791.5565,6245.6
5789,791.5565,6245.6
5789,791.5565,6245.6
5789,791.5565,6245.6
5789,791.5565,6245.6
5789,791.5565,6245.6
5789,791.5566,6245.6
5789,791.5565,6245.6
5789,791.5565,6245.6
5789,791.5565,6245.6
5789,791.5565,6245.6
5789,791.5565,6245.6
5789,791.5565,6245.6
5789,791.5565,6245.601
5789,791.5565,6245.601
5789,791.5565,6245.601
5789,791.5565,6245.6
5789,791.5565,6245.6
5789,791.5565,6245.601
5789,791.5565,6245.6
5789,791.5565,6245.6
5789,791.5565,6245.6
5789,791.5565,6245.6
5789,791.5565,6245.6
5789,791.5565,6245.6
5789,791.5565,6245.6
5789,791.5565,6245.6
5789,791.5565,6245.6
5789,791.5565,6245.6
5789,791.5565,6245.6
5789,791.5566,6245.6
5789,791.5565,6245.6
5789,791.5565,6245.6
5789,791.5565,6245.6
5789,791.5565,6245.6
5789,791.5565,6245.6
5789,791.5565,6245.6
5789,791.5565,6245.6
5789,791.5565,6245.6
5789,791.5565,6245.6
5789,791.5565,6245.6
5789,791.5565,6245.6
5789,791.5565,6245.601
5789,791.5565,6245.6
5789,791.5565,6245.6
5789,791.5565,6245.6
5789,791.5565,6245.6
5789,791.5565,6245.6
5789,791.5565,6245.6
5789,791.5565,6245.6
5789,791.5565,6245.6
5789,791.5565,6245.6
5789,791.5565,6245.6
5789,791.5565,6245.6
5789,791.5565,6245.6
5789,791.5565,6245.6
5789,791.5565,6245.6
5789,791.5565,6245.6
5789,791.5565,6245.6
5789,791.5565,6245.6
5789,791.5565,6245.6
5789,791.5565,6245.601
5789,791.5565,6245.6
5789,791.5565,6245.6
5789,791.5565,6245.6
5789,791.5565,6245.6
5789,791.5565,6245.6
5789,791.5565,6245.6
5789,791.5565,6245.601
5789,791.5565,6245.6
5789,791.5565,6245.6
5789,791.5565,6245.601
5789,791.5565,6245.6
5789,791.5565,6245.6
5789,791.5566,6245.6
5789,791.5565,6245.6
5789,791.5565,6245.6
5789,791.5565,6245.6
5789,791.5565,6245.6
5789,791.5565,6245.6
5789,791.5565,6245.6
5789,791.5565,6245.6
5789,791.5565,6245.6
5789,791.5566,6245.61
5789,791.5567,6245.645
5789,791.5572,6245.823
5789,791.5574,6245.929
5789,791.5577,6246.182
5789,791.5577,6246.286
5789,791.5578,6246.524
5789,791.5578,6246.622
5789,791.5577,6246.845
5789,791.5577,6246.998
5789,791.5576,6247.132
5789,791.5576,6247.291
5789,791.5576,6247.416
5789,791.5575,6247.617
5789,791.5575,6247.66
5789,791.5574,6247.846
5789,791.5574,6247.944
5789,791.5574,6248.064
5789,791.5573,6248.179
5789,791.5573,6248.29
5789,791.5572,6248.366
5789,791.5571,6248.503
5789,791.5572,6248.575
5789,791.5571,6248.717
5789,791.5571,6248.78
5789,791.557,6248.928
5789,791.557,6248.958
5789,791.557,6249.069
5788.999,791.5569,6249.128
5788.999,791.5569,6249.234
5788.999,791.5569,6249.313
5788.999,791.5569,6249.36
5788.999,791.5569,6249.464
5788.999,791.5569,6249.509
5788.999,791.5568,6249.607
5788.999,791.5568,6249.647
5788.999,791.5568,6249.739
5788.999,791.5568,6249.804
5788.999,791.5568,6249.853
5788.999,791.5568,6249.924
5788.999,791.5568,6249.971
5788.999,791.5567,6250.06
5788.999,791.5568,6250.078
5788.999,791.5566,6250.145
5788.999,791.5567,6250.196
5788.999,791.5567,6250.225
5788.998,791.5567,6250.292
5788.998,791.5567,6250.339
5788.998,791.5567,6250.38
5788.998,791.5566,6250.428
5788.997,791.5566,6250.466
5788.997,791.5566,6250.527
5788.997,791.5566,6250.554
5788.997,791.5566,6250.574
5788.997,791.5566,6250.626
5788.997,791.5566,6250.648
5788.997,791.5566,6250.697
5788.997,791.5566,6250.718
5788.997,791.5566,6250.765
5788.997,791.5566,6250.796
5788.997,791.5566,6250.822
5788.994,791.5564,6250.811
5788.989,791.5562,6250.768
5788.973,791.5556,6250.575
5788.962,791.5554,6250.436
5788.938,791.5548,6250.133
5788.918,791.5545,6249.876
5788.886,791.554,6249.435
5788.857,791.5535,6249.049
5788.818,791.553,6248.517
5788.783,791.5527,6248.038
5788.719,791.5521,6247.147
5788.703,791.5521,6246.934
5788.651,791.5516,6246.22
5788.573,791.5511,6245.151
5788.555,791.551,6244.896
5788.474,791.5506,6243.767
5788.413,791.5504,6242.916
5788.361,791.5501,6242.199
5788.283,791.5499,6241.115
5788.22,791.5499,6240.235
5788.147,791.5502,6239.218
5788.1,791.5504,6238.556
5788.02,791.5508,6237.441
5788.001,791.5509,6237.183
5787.933,791.5513,6236.228
5787.879,791.5516,6235.499
5787.849,791.5518,6235.069
5787.78,791.5521,6234.108
5787.732,791.5523,6233.443
5787.686,791.5526,6232.803
5787.647,791.5528,6232.262
5787.599,791.553,6231.576
5787.557,791.5532,6230.992
5787.528,791.5533,6230.593
5787.471,791.5536,6229.805
5787.445,791.5536,6229.449
5787.401,791.5539,6228.829
5787.368,791.5541,6228.38
5787.33,791.5542,6227.845
5787.297,791.5543,6227.377
5787.271,791.5544,6227.013
5787.232,791.5546,6226.475
5787.205,791.5545,6226.096
5787.16,791.5543,6225.467
5787.13,791.5542,6225.048
5787.087,791.5541,6224.439
5787.058,791.5542,6224.045
5787.008,791.5543,6223.348
5786.997,791.5543,6223.192
5786.946,791.5541,6222.474
5786.922,791.5541,6222.141
5786.868,791.554,6221.382
5786.845,791.5539,6221.064
5786.794,791.554,6220.352
5786.759,791.5541,6219.859
5786.726,791.5542,6219.383
5786.697,791.5543,6218.983
5786.658,791.5544,6218.431
5786.622,791.5546,6217.929
5786.603,791.5546,6217.663
5786.56,791.5548,6217.055
5786.551,791.5548,6216.923
5786.516,791.5549,6216.438
5786.489,791.5551,6216.068
5786.463,791.5551,6215.708
5786.444,791.5552,6215.429
5786.415,791.5552,6215.023
5786.394,791.5554,6214.729
5786.36,791.5554,6214.257
5786.346,791.5555,6214.055
5786.335,791.5555,6213.895
5786.306,791.5555,6213.49
5786.286,791.5557,6213.21
5786.261,791.5557,6212.871
5786.255,791.5557,6212.783
5786.229,791.5558,6212.427
5786.211,791.5558,6212.18
5786.189,791.5559,6211.88
5786.184,791.5559,6211.801
5786.157,791.556,6211.444
5786.148,791.556,6211.314
5786.126,791.556,6211.006
5786.122,791.556,6210.937
5786.102,791.5561,6210.661
5786.088,791.5561,6210.47
5786.075,791.5562,6210.284
5786.063,791.5562,6210.128
5786.05,791.5562,6209.931
5786.038,791.5563,6209.762
5786.029,791.5562,6209.647
5786.016,791.5563,6209.44
5786.003,791.5563,6209.288
5785.994,791.5563,6209.139
5785.983,791.5563,6208.995
5785.974,791.5563,6208.873
5785.964,791.5563,6208.72
5785.957,791.5563,6208.616
5785.945,791.5563,6208.463
5785.935,791.5563,6208.316
5785.926,791.5563,6208.197
5785.92,791.5564,6208.104
5785.912,791.5564,6207.993
5785.904,791.5564,6207.885
5785.897,791.5564,6207.791
5785.89,791.5564,6207.678
5785.882,791.5564,6207.579
5785.875,791.5564,6207.483
5785.871,791.5564,6207.418
5785.862,791.5565,6207.301
5785.856,791.5565,6207.214
5785.853,791.5565,6207.163
5785.842,791.5565,6207.024
5785.836,791.5565,6206.938
5785.833,791.5565,6206.892
5785.828,791.5565,6206.817
5785.823,791.5565,6206.745
5785.817,791.5565,6206.675
5785.814,791.5565,6206.627
5785.806,791.5565,6206.516
5785.802,791.5565,6206.449
5785.796,791.5565,6206.368
5785.795,791.5565,6206.354
5785.79,791.5565,6206.276
5785.785,791.5565,6206.221
5785.783,791.5565,6206.195
5785.779,791.5565,6206.136
5785.774,791.5565,6206.085
5785.772,791.5565,6206.051
5785.768,791.5565,6205.976
5785.766,791.5565,6205.942
5785.762,791.5565,6205.888
5785.759,791.5565,6205.854
5785.756,791.5565,6205.811
5785.753,791.5565,6205.774
5785.75,791.5565,6205.73
5785.748,791.5565,6205.696
5785.743,791.5565,6205.641
5785.741,791.5565,6205.628
5785.739,791.5565,6205.584
5785.737,791.5565,6205.56
5785.735,791.5565,6205.517
5785.733,791.5565,6205.495
5785.73,791.5565,6205.451
5785.729,791.5566,6205.43
5785.726,791.5565,6205.385
5785.725,791.5565,6205.375
5785.722,791.5565,6205.333
5785.721,791.5565,6205.317
5785.719,791.5565,6205.289
5785.717,791.5565,6205.267
5785.715,791.5565,6205.24
5785.713,791.5565,6205.22
5785.711,791.5565,6205.195
5785.708,791.5565,6205.175
5785.707,791.5565,6205.152
5785.706,791.5565,6205.134
5785.705,791.5565,6205.112
5785.704,791.5565,6205.094
5785.703,791.5565,6205.074
5785.702,791.5565,6205.06
5785.708,791.5567,6205.089
5785.722,791.557,6205.176
5785.747,791.5574,6205.35
5785.789,791.5579,6205.64
5785.802,791.5581,6205.733
5785.857,791.5585,6206.119
5785.881,791.5586,6206.281
5785.933,791.5586,6206.642
5785.956,791.5586,6206.797
5786.038,791.5588,6207.373
5786.077,791.559,6207.646
5786.119,791.5593,6207.935
5786.195,791.5596,6208.479
5786.252,791.5597,6208.88
5786.32,791.5597,6209.356
5786.374,791.5596,6209.734
5786.438,791.5596,6210.181
5786.494,791.5594,6210.574
5786.548,791.5593,6210.955
5786.585,791.5591,6211.214
5786.652,791.559,6211.681
5786.687,791.5588,6211.924
5786.761,791.5587,6212.451
5786.795,791.5587,6212.688
5786.832,791.5585,6212.941
5786.912,791.5583,6213.502
5786.922,791.5583,6213.575
5786.967,791.5582,6213.893
5787.007,791.5581,6214.17
5787.033,791.558,6214.359
5787.087,791.558,6214.734
5787.11,791.5579,6214.905
5787.151,791.5577,6215.2
5787.186,791.5577,6215.438
5787.217,791.5577,6215.667
5787.248,791.5575,6215.892
5787.267,791.5576,6216.023
5787.309,791.5574,6216.317
5787.325,791.5574,6216.44
5787.373,791.5573,6216.776
5787.395,791.5573,6216.934
5787.417,791.5573,6217.094
5787.442,791.5572,6217.272
5787.468,791.5572,6217.447
5787.488,791.5571,6217.591
5787.515,791.5571,6217.776
5787.532,791.5571,6217.904
5787.563,791.557,6218.128
5787.57,791.557,6218.179
5787.604,791.5569,6218.422
5787.615,791.5569,6218.501
5787.639,791.5569,6218.667
5787.658,791.5569,6218.802
5787.673,791.5569,6218.913
5787.688,791.5569,6219.018
5787.711,791.5568,6219.184
5787.717,791.5568,6219.224
5787.744,791.5568,6219.414
5787.752,791.5568,6219.474
5787.773,791.5568,6219.621
5787.778,791.5568,6219.655
5787.798,791.5568,6219.793
5787.811,791.5568,6219.89
5787.825,791.5568,6219.982
5787.836,791.5567,6220.072
5787.845,791.5568,6220.133
5787.859,791.5567,6220.243
5787.872,791.5567,6220.325
5787.882,791.5568,6220.405
5787.892,791.5567,6220.475
5787.902,791.5566,6220.556
5787.912,791.5566,6220.622
5787.922,791.5566,6220.698
5787.935,791.5566,6220.785
5787.937,791.5566,6220.807
5787.949,791.5566,6220.896
5787.954,791.5566,6220.934
5787.966,791.5566,6221.017
5787.977,791.5566,6221.099
5787.982,791.5566,6221.137
5787.986,791.5566,6221.166
5787.996,791.5566,6221.24
5788,791.5566,6221.271
5788.009,791.5566,6221.341
5788.016,791.5566,6221.389
5788.023,791.5566,6221.441
5788.029,791.5565,6221.487
5788.033,791.5566,6221.518
5788.04,791.5566,6221.568
5788.044,791.5566,6221.602
5788.052,791.5566,6221.649
5788.057,791.5566,6221.688
5788.061,791.5566,6221.719
5788.066,791.5566,6221.764
5788.071,791.5566,6221.799
5788.075,791.5566,6221.822
5788.081,791.5566,6221.866
5788.084,791.5566,6221.888
5788.089,791.5566,6221.933
5788.093,791.5566,6221.959
5788.096,791.5566,6221.985
5788.101,791.5566,6222.018
5788.104,791.5566,6222.045
5788.109,791.5566,6222.08
5788.112,791.5566,6222.094
5788.116,791.5566,6222.123
5788.119,791.5566,6222.147
5788.122,791.5566,6222.179
5788.124,791.5566,6222.191
5788.128,791.5566,6222.223
5788.129,791.5566,6222.23
5788.133,791.5566,6222.26
5788.138,791.5565,6222.288
5788.142,791.5566,6222.314
5788.144,791.5566,6222.323
5788.145,791.5566,6222.334
5788.147,791.5566,6222.356
5788.149,791.5566,6222.375
5788.151,791.5566,6222.393
5788.153,791.5566,6222.404
5788.156,791.5566,6222.423
5788.158,791.5565,6222.438
5788.161,791.5566,6222.459
5788.162,791.5566,6222.464
5788.164,791.5566,6222.482
5788.167,791.5566,6222.496
5788.168,791.5566,6222.509
5788.17,791.5566,6222.521
5788.174,791.5566,6222.54
5788.174,791.5566,6222.543
5788.177,791.5566,6222.561
5788.179,791.5566,6222.568
5788.18,791.5566,6222.581
5788.182,791.5566,6222.591
5788.184,791.5566,6222.607
5788.184,791.5566,6222.61
5788.186,791.5566,6222.624
5788.187,791.5566,6222.631
5788.188,791.5566,6222.638
5788.189,791.5566,6222.651
5788.19,791.5566,6222.656
5788.191,791.5565,6222.667
5788.192,791.5566,6222.673
5788.194,791.5566,6222.685
5788.195,791.5566,6222.688
5788.197,791.5566,6222.7
5788.197,791.5566,6222.704
5788.2,791.5566,6222.714
5788.2,791.5565,6222.721
5788.202,791.5566,6222.727
5788.203,791.5566,6222.732
5788.205,791.5566,6222.741
5788.206,791.5566,6222.747
5788.208,791.5566,6222.754
5788.209,791.5566,6222.762
5788.21,791.5566,6222.766
5788.21,791.5566,6222.767
5788.212,791.5566,6222.774
5788.214,791.5566,6222.78
5788.215,791.5566,6222.785
5788.218,791.5566,6222.792
5788.219,791.5566,6222.796
5788.219,791.5566,6222.797
5788.222,791.5566,6222.803
5788.223,791.5566,6222.809
5788.225,791.5566,6222.812
5788.226,791.5566,6222.817
5788.226,791.5566,6222.82
5788.227,791.5566,6222.826
5788.227,791.5566,6222.827
5788.228,791.5566,6222.831
5788.228,791.5566,6222.834
5788.229,791.5566,6222.837
5788.229,791.5566,6222.841
5788.229,791.5566,6222.845
5788.23,791.5566,6222.848
5788.23,791.5565,6222.852
5788.231,791.5565,6222.854
5788.232,791.5565,6222.858
5788.232,791.5566,6222.86
5788.232,791.5566,6222.861
5788.233,791.5566,6222.865
5788.233,791.5566,6222.866
5788.234,791.5566,6222.869
5788.234,791.5566,6222.871
5788.235,791.5566,6222.874
5788.236,791.5566,6222.877
5788.237,791.5566,6222.878
5788.236,791.5566,6222.88
5788.237,791.5566,6222.884
5788.238,791.5566,6222.885
5788.239,791.5565,6222.888
5788.239,791.5566,6222.89
5788.24,791.5566,6222.893
5788.24,791.5566,6222.894
5788.241,791.5566,6222.896
5788.241,791.5566,6222.896
5788.242,791.5566,6222.897
5788.243,791.5566,6222.898
5788.244,791.5566,6222.9
5788.244,791.5566,6222.901
5788.244,791.5565,6222.902
5788.245,791.5566,6222.903
5788.246,791.5566,6222.904
5788.246,791.5566,6222.905
5788.247,791.5566,6222.907
5788.248,791.5566,6222.908
5788.249,791.5566,6222.91
5788.249,791.5566,6222.91
5788.25,791.5566,6222.912
5788.25,791.5566,6222.913
5788.251,791.5566,6222.914
5788.251,791.5566,6222.915
5788.252,791.5565,6222.916
5788.253,791.5566,6222.917
5788.253,791.5566,6222.918
5788.254,791.5566,6222.92
5788.254,791.5566,6222.92
5788.255,791.5566,6222.922
5788.255,791.5566,6222.922
5788.257,791.5565,6222.923
5788.257,791.5566,6222.924
5788.258,791.5566,6222.926
5788.258,791.5566,6222.927
5788.259,791.5565,6222.927
5788.259,791.5566,6222.929
5788.26,791.5566,6222.93
5788.261,791.5566,6222.931
5788.262,791.5566,6222.931
5788.263,791.5566,6222.931
5788.263,791.5566,6222.931
5788.264,791.5566,6222.931
5788.264,791.5566,6222.931
5788.265,791.5566,6222.931
5788.266,791.5566,6222.931
5788.266,791.5566,6222.931
5788.267,791.5566,6222.931
5788.268,791.5566,6222.931
5788.268,791.5566,6222.93
5788.269,791.5566,6222.93
5788.269,791.5566,6222.93
5788.27,791.5566,6222.93
5788.271,791.5566,6222.93
5788.271,791.5566,6222.93
5788.271,791.5566,6222.929
5788.272,791.5566,6222.929
5788.272,791.5566,6222.929
5788.273,791.5565,6222.929
5788.274,791.5566,6222.928
5788.274,791.5566,6222.929
5788.275,791.5565,6222.928
5788.275,791.5566,6222.927
5788.276,791.5566,6222.927
5788.277,791.5566,6222.928
5788.277,791.5566,6222.927
5788.278,791.5566,6222.926
5788.278,791.5566,6222.926
5788.279,791.5566,6222.926
5788.279,791.5566,6222.926
5788.28,791.5565,6222.925
5788.281,791.5566,6222.925
5788.281,791.5566,6222.925
5788.282,791.5566,6222.924
5788.282,791.5565,6222.924
5788.283,791.5566,6222.923
5788.283,791.5566,6222.923
5788.284,791.5565,6222.922
5788.285,791.5566,6222.922
5788.285,791.5566,6222.922
5788.286,791.5566,6222.921
5788.286,791.5566,6222.921
5788.286,791.5566,6222.92
5788.287,791.5566,6222.92
5788.287,791.5565,6222.92
5788.288,791.5566,6222.919
5788.288,791.5566,6222.92
5788.288,791.5566,6222.92
5788.288,791.5566,6222.92
5788.288,791.5566,6222.919
5788.288,791.5566,6222.919
5788.288,791.5566,6222.919
5788.288,791.5566,6222.919
5788.288,791.5566,6222.919
5788.288,791.5566,6222.919
5788.288,791.5566,6222.919
5788.288,791.5565,6222.919
5788.288,791.5566,6222.919
5788.288,791.5566,6222.919
5788.289,791.5566,6222.919
5788.288,791.5565,6222.919
5788.288,791.5566,6222.919
5788.288,791.5566,6222.919
5788.288,791.5566,6222.919
5788.288,791.5566,6222.919
5788.288,791.5566,6222.919
5788.288,791.5566,6222.919
5788.288,791.5566,6222.919
5788.288,791.5566,6222.919
5788.288,791.5566,6222.919
5788.288,791.5566,6222.919
5788.288,791.5566,6222.919
5788.288,791.5566,6222.919
5788.288,791.5566,6222.919
5788.288,791.5566,6222.919
5788.288,791.5566,6222.919
5788.288,791.5565,6222.919
5788.288,791.5565,6222.919
5788.288,791.5565,6222.919
5788.288,791.5565,6222.919
5788.288,791.5565,6222.919
5788.288,791.5565,6222.92
5788.288,791.5565,6222.919
5788.288,791.5565,6222.919
5788.288,791.5565,6222.919
5788.288,791.5565,6222.919
5788.288,791.5565,6222.919
5788.288,791.5565,6222.919
5788.288,791.5565,6222.919
5788.288,791.5565,6222.919
5788.288,791.5565,6222.919
5788.288,791.5565,6222.919
5788.288,791.5565,6222.919
5788.288,791.5565,6222.919
5788.288,791.5565,6222.919
5788.288,791.5565,6222.919
5788.288,791.5565,6222.92
5788.289,791.5566,6222.919
5788.288,791.5565,6222.919
5788.288,791.5565,6222.919
5788.288,791.5565,6222.919
5788.288,791.5565,6222.919
5788.288,791.5565,6222.919
5788.288,791.5565,6222.919
5788.288,791.5565,6222.919
5788.289,791.5565,6222.918
5788.289,791.5565,6222.918
5788.289,791.5565,6222.917
5788.29,791.5565,6222.917
5788.29,791.5565,6222.917
5788.29,791.5565,6222.917
5788.291,791.5566,6222.916
5788.292,791.5565,6222.916
5788.292,791.5566,6222.915
5788.292,791.5566,6222.915
5788.292,791.5566,6222.914
5788.292,791.5565,6222.914
5788.293,791.5566,6222.914
5788.293,791.5566,6222.913
5788.293,791.5566,6222.913
5788.293,791.5566,6222.913
5788.293,791.5566,6222.913
5788.293,791.5566,6222.913
5788.293,791.5565,6222.913
5788.293,791.5565,6222.913
5788.293,791.5566,6222.913
5788.293,791.5566,6222.913
5788.293,791.5565,6222.913
5788.293,791.5565,6222.913
5788.293,791.5565,6222.913
5788.293,791.5565,6222.913
5788.293,791.5565,6222.913
5788.293,791.5565,6222.913
5788.293,791.5565,6222.913
5788.294,791.5565,6222.913
5788.293,791.5565,6222.913
5788.293,791.5565,6222.914
5788.293,791.5565,6222.914
5788.293,791.5565,6222.914
5788.292,791.5565,6222.914
5788.292,791.5565,6222.915
5788.292,791.5566,6222.915
5788.291,791.5565,6222.915
5788.292,791.5565,6222.916
5788.291,791.5565,6222.916
5788.291,791.5565,6222.916
5788.291,791.5565,6222.916
5788.291,791.5565,6222.916
5788.291,791.5565,6222.916
5788.291,791.5565,6222.917
5788.29,791.5565,6222.917
5788.29,791.5565,6222.917
5788.289,791.5565,6222.918
5788.289,791.5565,6222.918
5788.289,791.5565,6222.919
5788.288,791.5566,6222.92
5788.288,791.5565,6222.919
5788.287,791.5566,6222.92
5788.287,791.5566,6222.92
5788.286,791.5566,6222.921
5788.286,791.5565,6222.921
5788.285,791.5566,6222.922
5788.285,791.5566,6222.922
5788.284,791.5566,6222.922
5788.283,791.5565,6222.923
5788.283,791.5566,6222.923
5788.283,791.5566,6222.924
5788.282,791.5566,6222.924
5788.281,791.5566,6222.924
5788.281,791.5566,6222.925
5788.28,791.5566,6222.925
5788.279,791.5565,6222.925
5788.279,791.5566,6222.926
5788.279,791.5566,6222.926
5788.278,791.5565,6222.926
5788.277,791.5566,6222.927
5788.277,791.5566,6222.927
5788.276,791.5565,6222.927
5788.276,791.5566,6222.927
5788.275,791.5565,6222.928
5788.275,791.5566,6222.928
5788.275,791.5566,6222.928
5788.275,791.5566,6222.928
5788.275,791.5566,6222.928
5788.274,791.5566,6222.928
5788.275,791.5566,6222.928
5788.274,791.5566,6222.928
5788.275,791.5566,6222.928
5788.275,791.5565,6222.928
5788.276,791.5566,6222.928
5788.276,791.5565,6222.927
5788.277,791.5566,6222.927
5788.277,791.5566,6222.927
5788.277,791.5566,6222.927
5788.278,791.5566,6222.926
5788.279,791.5566,6222.926
5788.279,791.5566,6222.926
5788.28,791.5566,6222.925
5788.28,791.5566,6222.925
5788.281,791.5566,6222.925
5788.282,791.5566,6222.924
5788.282,791.5566,6222.924
5788.283,791.5566,6222.923
5788.283,791.5566,6222.923
5788.284,791.5566,6222.923
5788.284,791.5565,6222.922
5788.285,791.5566,6222.922
5788.285,791.5566,6222.922
5788.286,791.5566,6222.922
5788.286,791.5566,6222.921
5788.287,791.5566,6222.92
5788.287,791.5566,6222.92
5788.287,791.5566,6222.92
5788.287,791.5566,6222.92
5788.286,791.5566,6222.917
5788.26,791.5569,6222.834
5788.248,791.5569,6222.795
5788.178,791.5574,6222.584
5788.13,791.5577,6222.436
5787.989,791.5584,6222
5787.903,791.5588,6221.739
5787.774,791.5591,6221.344
5787.646,791.5596,6220.951
5787.469,791.5599,6220.409
5787.292,791.5603,6219.866
5787.142,791.5605,6219.406
5786.894,791.561,6218.647
5786.721,791.5613,6218.117
5786.438,791.5615,6217.254
5786.19,791.5618,6216.495
5786.013,791.562,6215.949
5785.657,791.5622,6214.86
5785.372,791.5625,6213.986
5785.189,791.5626,6213.425
5784.769,791.5629,6212.138
5784.318,791.5631,6210.758
5784.208,791.5632,6210.42
5783.774,791.5635,6209.093
5783.422,791.5636,6208.019
5783.204,791.5637,6207.35
5782.691,791.5638,6205.78
5782.314,791.5639,6204.623
5781.997,791.564,6203.653
5781.528,791.5641,6202.219
5781.107,791.5641,6200.939
5780.76,791.5642,6199.885
5780.272,791.5642,6198.416
5779.834,791.5643,6197.105
5779.523,791.5643,6196.185
5778.865,791.5644,6194.252
5778.435,791.5645,6193.017
5778.03,791.5645,6191.861
5777.348,791.5645,6189.956
5776.686,791.5645,6188.132
5776.553,791.5645,6187.774
5775.753,791.5646,6185.645
5775.313,791.5646,6184.495
5774.734,791.5647,6183.008
5774.208,791.5647,6181.677
5773.301,791.5648,6179.425
5773.094,791.5648,6178.921
5772.122,791.5649,6176.577
5771.646,791.5649,6175.446
5770.71,791.5651,6173.259
5770.086,791.5651,6171.814
5769.894,791.5651,6171.374
5768.947,791.5652,6169.221
5767.956,791.5652,6167.002
5767.717,791.5653,6166.472
5766.641,791.5654,6164.103
5766.062,791.5654,6162.838
5765.308,791.5654,6161.21
5764.632,791.5654,6159.758
5763.784,791.5655,6157.955
5763.009,791.5655,6156.315
5762.224,791.5656,6154.669
5761.43,791.5656,6153.016
5760.629,791.5656,6151.357
5759.906,791.5656,6149.869
5758.68,791.5657,6147.362
5758.406,791.5657,6146.802
5756.998,791.5657,6143.959
5756.218,791.5657,6142.389
5755.99,791.5657,6141.933
5754.807,791.5657,6139.571
5753.953,791.5657,6137.876
5753.245,791.5657,6136.478
5752.215,791.5658,6134.449
5751.499,791.5658,6133.045
5750.449,791.5658,6130.994
5749.656,791.5658,6129.45
5748.314,791.5658,6126.852
5748.015,791.5658,6126.274
5746.624,791.5659,6123.595
5746.05,791.5659,6122.494
5744.675,791.5659,6119.865
5744.063,791.5659,6118.698
5743.198,791.5659,6117.051
5742.37,791.5659,6115.479
5741.34,791.5659,6113.528
5740.505,791.5659,6111.95
5739.096,791.5659,6109.298
5738.782,791.5659,6108.708
5737.575,791.5659,6106.444
5736.625,791.5659,6104.668
5736.031,791.5659,6103.558
5734.723,791.5659,6101.117
5733.372,791.5659,6098.607
5732.729,791.5659,6097.416
5732.197,791.5658,6096.436
5730.846,791.5657,6093.949
5729.865,791.5656,6092.156
5728.983,791.5656,6090.556
5727.49,791.5656,6087.865
5726.822,791.5655,6086.673
5725.869,791.5654,6084.986
5724.595,791.5655,6082.75
5724.232,791.5654,6082.122
5722.798,791.5656,6079.648
5721.763,791.5656,6077.88
5720.903,791.5656,6076.426
5719.654,791.5656,6074.328
5718.326,791.5656,6072.126
5717.302,791.5657,6070.436
5716.399,791.5657,6068.964
5715.493,791.5657,6067.49
5714.243,791.5657,6065.476
5713.37,791.5657,6064.076
5712.035,791.5657,6061.954
5711.15,791.5657,6060.556
5709.801,791.5658,6058.437
5708.686,791.5657,6056.695
5707.926,791.5656,6055.51
5706.548,791.5653,6053.358
5705.527,791.5649,6051.766
5704.158,791.5645,6049.629
5703.841,791.5643,6049.134
5702.208,791.5637,6046.586
5701.984,791.5635,6046.236
5700.886,791.5632,6044.521
5700.295,791.5629,6043.6
5699.095,791.5626,6041.731
5698.509,791.5626,6040.828
5697.485,791.5626,6039.258
5696.386,791.5627,6037.592
5695.531,791.5629,6036.3
5694.773,791.563,6035.162
5693.756,791.5632,6033.643
5692.944,791.5634,6032.439
5692.001,791.5634,6031.047
5690.943,791.5635,6029.493
5689.958,791.5637,6028.054
5689.288,791.5638,6027.078
5688.111,791.564,6025.371
5686.791,791.5641,6023.468
5686.115,791.5642,6022.496
5685.098,791.5643,6021.041
5684.074,791.5644,6019.579
5682.722,791.5646,6017.657
5681.863,791.5646,6016.439
5680.949,791.5647,6015.148
5680.278,791.5647,6014.202
5678.46,791.5648,6011.647
5678.169,791.5649,6011.239
5676.672,791.5649,6009.146
5675.584,791.5651,6007.629
5674.489,791.5651,6006.107
5673.39,791.5652,6004.58
5672.285,791.5652,6003.044
5671.593,791.5653,6002.085
5670.07,791.5654,5999.968
5668.505,791.5654,5997.791
5668.132,791.5654,5997.271
5666.557,791.5656,5995.078
5665.542,791.5656,5993.664
5664.293,791.5657,5991.92
5663.307,791.5657,5990.539
5662.174,791.5657,5988.948
5661.04,791.5657,5987.35
5659.905,791.5658,5985.743
5658.771,791.5658,5984.132
5658.077,791.5658,5983.142
5656.154,791.5659,5980.388
5655.222,791.5659,5979.045
5654.582,791.5659,5978.121
5652.962,791.5659,5975.77
5651.946,791.566,5974.283
5651.004,791.566,5972.901
5648.938,791.5659,5969.843
5648.377,791.566,5969.007
5647.818,791.566,5968.169
5646.216,791.566,5965.76
5645.212,791.566,5964.239
5644.282,791.566,5962.828
5642.647,791.566,5960.326
5641.901,791.566,5959.181
5640.793,791.566,5957.471
5639.915,791.566,5956.11
5638.296,791.566,5953.589
5637.905,791.566,5952.979
5636.375,791.566,5950.577
5635.283,791.566,5948.854
5634.384,791.5659,5947.432
5633.081,791.566,5945.363
5631.869,791.566,5943.427
5630.604,791.566,5941.401
5629.798,791.566,5940.107
5628.708,791.566,5938.35
5627.952,791.566,5937.126
5625.999,791.5661,5933.954
5625.728,791.5661,5933.511
5623.933,791.5662,5930.564
5623.008,791.5662,5929.037
5622.629,791.5662,5928.406
5621.142,791.5662,5925.925
5620.49,791.5662,5924.831
5619.014,791.5662,5922.335
5617.541,791.5662,5919.828
5617.19,791.5662,5919.227
5615.717,791.5662,5916.695
5614.997,791.5662,5915.448
5613.758,791.5662,5913.292
5612.72,791.5662,5911.47
5611.688,791.5663,5909.644
5610.662,791.5663,5907.814
5609.647,791.5662,5905.991
5608.601,791.5662,5904.092
5607.759,791.5662,5902.557
5606.613,791.5662,5900.448
5605.615,791.5662,5898.596
5604.928,791.5663,5897.309
5603.382,791.5663,5894.389
5602.764,791.5663,5893.212
5601.309,791.5663,5890.409
5600.987,791.5663,5889.783
5599.759,791.5662,5887.377
5598.567,791.5662,5885.02
5598.233,791.5662,5884.351
5596.927,791.5662,5881.73
5596.341,791.5663,5880.544
5595.07,791.5662,5877.953
5594.14,791.5662,5876.036
5593.319,791.5662,5874.334
5592.309,791.5661,5872.224
5591.401,791.5662,5870.312
5590.499,791.5662,5868.398
5589.875,791.5662,5867.069
5588.711,791.5662,5864.559
5587.827,791.5662,5862.635
5587.278,791.5662,5861.427
5585.91,791.5662,5858.394
5585.217,791.5662,5856.837
5584.36,791.5662,5854.897
5583.51,791.5662,5852.955
5582.577,791.5662,5850.801
5581.723,791.5662,5848.816
5581.152,791.5662,5847.476
5580.169,791.5662,5845.153
5579.348,791.5662,5843.196
5578.7,791.5662,5841.641
5577.721,791.5662,5839.272
5577.082,791.5661,5837.713
5576.03,791.566,5835.128
5575.22,791.5661,5833.121
5574.676,791.5661,5831.765
5573.745,791.5661,5829.432
5573.106,791.5661,5827.813
5572.181,791.5661,5825.463
5571.406,791.5661,5823.479
5570.478,791.5661,5821.085
5569.875,791.566,5819.527
5569.115,791.5659,5817.551
5568.311,791.5657,5815.46
5567.59,791.5653,5813.586
5566.977,791.565,5811.994
5566.418,791.5648,5810.543
5565.682,791.5643,5808.63
5565.058,791.564,5807.009
5564.636,791.5637,5805.912
5563.794,791.5631,5803.724
5563.404,791.5629,5802.711
5562.747,791.5625,5801.003
5562.271,791.5623,5799.764
5561.5,791.5618,5797.761
5561.334,791.5617,5797.329
5560.713,791.5614,5795.716
5560.242,791.5611,5794.494
5559.961,791.561,5793.763
5559.345,791.5605,5792.163
5558.916,791.5604,5791.049
5558.546,791.5602,5790.085
5557.791,791.5599,5788.126
5557.696,791.5598,5787.877
5557.333,791.5596,5786.936
5557.006,791.5594,5786.086
5556.615,791.5593,5785.066
5556.271,791.5591,5784.176
5555.939,791.559,5783.313
5555.714,791.5589,5782.727
5555.305,791.5588,5781.663
5555.001,791.5586,5780.875
5554.708,791.5585,5780.114
5554.366,791.5585,5779.226
5554.016,791.5583,5778.317
5553.95,791.5582,5778.145
5553.624,791.5581,5777.296
5553.449,791.558,5776.841
5553.131,791.5579,5776.015
5552.967,791.5579,5775.587
5552.667,791.5577,5774.811
5552.447,791.5577,5774.236
5552.232,791.5577,5773.68
5552.025,791.5576,5773.142
5551.824,791.5575,5772.619
5551.629,791.5575,5772.114
5551.513,791.5574,5771.81
5551.258,791.5574,5771.147
5551.081,791.5574,5770.687
5550.926,791.5573,5770.287
5550.742,791.5573,5769.807
5550.59,791.5573,5769.409
5550.309,791.5577,5768.649
5550.242,791.5579,5768.467
5549.969,791.5583,5767.715
5549.668,791.5588,5766.87
5549.537,791.559,5766.497
5549.162,791.5596,5765.423
5548.984,791.5598,5764.913
5548.755,791.5602,5764.251
5548.414,791.5605,5763.257
5548.112,791.5609,5762.374
5547.8,791.5612,5761.456
5547.578,791.5614,5760.802
5547.146,791.5618,5759.518
5546.803,791.562,5758.5
5546.455,791.5623,5757.458
5546.158,791.5624,5756.571
5545.724,791.5627,5755.266
5545.413,791.5628,5754.33
5544.956,791.563,5752.948
5544.603,791.5631,5751.881
5543.997,791.5634,5750.045
5543.86,791.5635,5749.629
5543.328,791.5637,5748.009
5542.902,791.5638,5746.712
5542.474,791.564,5745.405
5542.018,791.564,5744.011
5541.527,791.5641,5742.509
5541.272,791.5642,5741.73
5540.675,791.5643,5739.897
5540.211,791.5645,5738.47
5539.557,791.5646,5736.458
5539.397,791.5646,5735.97
5538.712,791.5646,5733.857
5538.358,791.5644,5732.769
5537.75,791.5639,5730.896
5537.47,791.5637,5730.037
5537.244,791.5635,5729.339
5536.691,791.563,5727.64
5536.309,791.5627,5726.463
5536.003,791.5625,5725.523
5535.577,791.5621,5724.207
5535.289,791.5619,5723.325
5534.886,791.5616,5722.083
5534.593,791.5614,5721.18
5534.24,791.5611,5720.095
5533.964,791.5609,5719.246
5533.633,791.5606,5718.228
5533.375,791.5604,5717.431
5533.064,791.5602,5716.474
5532.821,791.56,5715.726
5532.529,791.5597,5714.827
5532.302,791.5596,5714.125
5532.029,791.5593,5713.28
5531.815,791.5591,5712.622
5531.558,791.559,5711.828
5531.334,791.559,5711.138
5531.117,791.5588,5710.467
5530.905,791.5586,5709.816
5530.702,791.5585,5709.19
5530.539,791.5583,5708.689
5530.311,791.5582,5707.985
5530.144,791.5582,5707.472
5529.943,791.5581,5706.855
5529.77,791.558,5706.318
5529.6,791.5579,5705.797
5529.436,791.5579,5705.292
5529.277,791.5579,5704.805
5529.151,791.5577,5704.416
5528.974,791.5576,5703.871
5528.855,791.5576,5703.505
5528.688,791.5575,5702.994
5528.548,791.5574,5702.563
5528.438,791.5574,5702.225
5528.292,791.5574,5701.775
5528.193,791.5573,5701.472
5527.973,791.5573,5700.795
5527.945,791.5573,5700.707
5527.82,791.5573,5700.323
5527.668,791.5571,5699.854
5527.57,791.5571,5699.554
5527.541,791.5571,5699.463
5527.385,791.5571,5698.983
5527.308,791.5571,5698.746
5527.243,791.557,5698.545
5527.124,791.557,5698.182
5527.037,791.557,5697.913
5526.954,791.5569,5697.653
5526.885,791.5569,5697.446
5526.76,791.5569,5697.061
5526.734,791.5569,5696.982
5526.654,791.5569,5696.733
5526.566,791.5568,5696.464
5526.496,791.5568,5696.248
5526.448,791.5568,5696.103
5526.361,791.5568,5695.836
5526.317,791.5568,5695.699
5526.235,791.5568,5695.449
5526.193,791.5568,5695.321
5526.106,791.5568,5695.05
5526.062,791.5568,5694.914
5525.985,791.5567,5694.679
5525.95,791.5566,5694.572
5525.921,791.5567,5694.484
5525.853,791.5567,5694.272
5525.823,791.5568,5694.181
5525.758,791.5566,5693.98
5525.713,791.5566,5693.842
5525.669,791.5566,5693.707
5525.619,791.5566,5693.552
5525.587,791.5566,5693.452
5525.546,791.5566,5693.327
5525.513,791.5566,5693.221
5525.457,791.5566,5693.048
5525.434,791.5566,5692.975
5525.413,791.5566,5692.911
5525.356,791.5566,5692.732
5525.347,791.5566,5692.703
5525.297,791.5566,5692.547
5525.279,791.5565,5692.491
5525.236,791.5566,5692.354
5525.225,791.5566,5692.321
5525.176,791.5566,5692.167
5525.153,791.5566,5692.095
5525.134,791.5565,5692.035
5525.108,791.5566,5691.956
5525.083,791.5566,5691.878
5525.06,791.5566,5691.805
5525.042,791.5566,5691.745
5525.015,791.5565,5691.662
5524.987,791.5566,5691.576
5524.979,791.5566,5691.553
5524.952,791.5566,5691.464
5524.932,791.5566,5691.402
5524.916,791.5566,5691.354
5524.895,791.5566,5691.285
5524.879,791.5566,5691.238
5524.859,791.5566,5691.173
5524.841,791.5566,5691.114
5524.824,791.5566,5691.062
5524.81,791.5565,5691.018
5524.797,791.5566,5690.977
5524.78,791.5566,5690.924
5524.769,791.5566,5690.888
5524.751,791.5566,5690.835
5524.741,791.5566,5690.801
5524.726,791.5566,5690.751
5524.713,791.5566,5690.71
5524.704,791.5566,5690.684
5524.687,791.5566,5690.629
5524.679,791.5566,5690.604
5524.666,791.5565,5690.562
5524.656,791.5566,5690.531
5524.64,791.5566,5690.482
5524.637,791.5566,5690.472
5524.623,791.5566,5690.429
5524.616,791.5566,5690.407
5524.605,791.5566,5690.374
5524.597,791.5565,5690.349
5524.583,791.5566,5690.308
5524.582,791.5566,5690.299
5524.57,791.5566,5690.267
5524.563,791.5565,5690.242
5524.558,791.5566,5690.228
5524.547,791.5566,5690.195
5524.543,791.5565,5690.181
5524.531,791.5566,5690.145
5524.527,791.5566,5690.133
5524.52,791.5566,5690.11
5524.515,791.5566,5690.094
5524.505,791.5566,5690.066
5524.503,791.5566,5690.06
5524.493,791.5566,5690.029
5524.486,791.5566,5690.01
5524.483,791.5565,5690
5524.479,791.5566,5689.984
5524.473,791.5566,5689.969
5524.469,791.5566,5689.956
5524.463,791.5565,5689.938
5524.459,791.5566,5689.927
5524.454,791.5566,5689.91
5524.449,791.5565,5689.896
5524.446,791.5566,5689.887
5524.441,791.5566,5689.87
5524.438,791.5565,5689.861
5524.434,791.5565,5689.846
5524.431,791.5565,5689.838
5524.425,791.5565,5689.823
5524.423,791.5565,5689.815
5524.419,791.5565,5689.802
5524.417,791.5565,5689.795
5524.413,791.5565,5689.78
5524.41,791.5565,5689.772
5524.407,791.5565,5689.763
5524.404,791.5565,5689.754
5524.37,791.5566,5689.726
5524.346,791.5568,5689.711
5524.192,791.5571,5689.621
5524.012,791.5576,5689.52
5523.785,791.558,5689.393
5523.55,791.5583,5689.263
5523.164,791.5589,5689.053
5522.85,791.5592,5688.881
5522.351,791.5597,5688.61
5521.96,791.5599,5688.399
5521.355,791.5604,5688.073
5520.901,791.5606,5687.829
5520.257,791.5608,5687.482
5519.79,791.5608,5687.23
5519.226,791.5607,5686.927
5518.786,791.5605,5686.691
5518.257,791.5604,5686.406
5517.844,791.5602,5686.184
5517.177,791.5599,5685.824
5517.033,791.5598,5685.747
5516.495,791.5596,5685.457
5516.087,791.5594,5685.236
5515.843,791.5593,5685.105
5515.311,791.559,5684.817
5514.937,791.5589,5684.616
5514.491,791.5587,5684.375
5514.366,791.5587,5684.308
5513.896,791.5585,5684.054
5513.569,791.5584,5683.876
5513.253,791.5583,5683.706
5513.009,791.5582,5683.574
5512.649,791.558,5683.38
5512.361,791.5579,5683.224
5511.999,791.5578,5683.028
5511.849,791.5578,5682.948
5511.549,791.5577,5682.786
5511.347,791.5577,5682.676
5511.049,791.5576,5682.515
5510.812,791.5576,5682.386
5510.581,791.5575,5682.262
5510.356,791.5574,5682.141
5510.179,791.5574,5682.045
5509.848,791.5573,5681.866
5509.78,791.5573,5681.83
5509.502,791.5571,5681.679
5509.37,791.5571,5681.607
5509.151,791.5571,5681.489
5509.002,791.5571,5681.409
5508.728,791.557,5681.261
5508.672,791.557,5681.23
5508.398,791.557,5681.083
5508.264,791.557,5681.01
5508.208,791.5569,5680.979
5508.002,791.5569,5680.869
5507.857,791.5569,5680.79
5507.732,791.5569,5680.722
5507.581,791.5568,5680.641
5507.464,791.5568,5680.578
5507.322,791.5568,5680.501
5507.2,791.5568,5680.435
5507.08,791.5568,5680.371
5506.964,791.5568,5680.308
5506.853,791.5568,5680.248
5506.741,791.5568,5680.187
5506.625,791.5567,5680.124
5506.567,791.5567,5680.092
5506.411,791.5567,5680.007
5506.35,791.5567,5679.975
5506.211,791.5567,5679.9
5506.182,791.5567,5679.884
5506.058,791.5566,5679.818
5506,791.5566,5679.786
5505.903,791.5566,5679.732
5505.823,791.5566,5679.69
5505.746,791.5566,5679.648
5505.671,791.5566,5679.608
5505.6,791.5566,5679.569
5505.527,791.5566,5679.53
5505.47,791.5566,5679.499
5505.395,791.5566,5679.458
5505.344,791.5566,5679.431
5505.269,791.5566,5679.389
5505.221,791.5566,5679.363
5505.151,791.5566,5679.325
5505.094,791.5566,5679.294
5505.056,791.5566,5679.274
5504.987,791.5566,5679.237
5504.935,791.5565,5679.208
5504.903,791.5566,5679.192
5504.836,791.5566,5679.155
5504.808,791.5566,5679.14
5504.744,791.5566,5679.106
5504.684,791.5566,5679.073
5504.669,791.5566,5679.065
5504.616,791.5566,5679.037
5504.576,791.5566,5679.016
5504.552,791.5566,5679.001
5504.499,791.5566,5678.974
5504.448,791.5566,5678.947
5504.437,791.5566,5678.94
5504.392,791.5566,5678.917
5504.369,791.5566,5678.905
5504.322,791.5566,5678.879
5504.294,791.5566,5678.864
5504.269,791.5566,5678.851
5504.235,791.5566,5678.832
5504.212,791.5566,5678.82
5504.179,791.5566,5678.803
5504.158,791.5566,5678.791
5504.127,791.5565,5678.774
5504.108,791.5566,5678.764
5504.079,791.5566,5678.748
5504.061,791.5566,5678.738
5504.031,791.5566,5678.722
5504.009,791.5566,5678.71
5503.994,791.5566,5678.703
5503.97,791.5566,5678.689
5503.954,791.5566,5678.681
5503.931,791.5566,5678.669
5503.912,791.5566,5678.659
5503.896,791.5566,5678.65
5503.876,791.5566,5678.64
5503.863,791.5566,5678.632
5503.839,791.5565,5678.62
5503.833,791.5566,5678.617
5503.812,791.5566,5678.605
5503.797,791.5566,5678.597
5503.782,791.5566,5678.588
5503.771,791.5566,5678.583
5503.755,791.5565,5678.574
5503.745,791.5566,5678.568
5503.729,791.5566,5678.561
5503.718,791.5566,5678.554
5503.703,791.5565,5678.547
5503.693,791.5566,5678.542
5503.677,791.5566,5678.532
5503.673,791.5566,5678.53
5503.657,791.5566,5678.522
5503.65,791.5566,5678.519
5503.636,791.5566,5678.512
5503.625,791.5565,5678.506
5503.616,791.5566,5678.501
5503.608,791.5566,5678.497
5503.596,791.5566,5678.491
5503.588,791.5566,5678.486
5503.58,791.5566,5678.482
5503.57,791.5566,5678.478
5503.562,791.5566,5678.474
5503.552,791.5565,5678.468
5503.546,791.5566,5678.465
5503.538,791.5565,5678.461
5503.53,791.5566,5678.457
5503.524,791.5566,5678.455
5503.517,791.5566,5678.451
5503.51,791.5565,5678.447
5503.503,791.5566,5678.444
5503.498,791.5566,5678.442
5503.493,791.5566,5678.439
5503.487,791.5566,5678.436
5503.482,791.5566,5678.433
5503.477,791.5566,5678.43
5503.472,791.5566,5678.426
5503.468,791.5566,5678.424
5503.459,791.5566,5678.42
5503.458,791.5566,5678.419
5503.451,791.5566,5678.416
5503.45,791.5566,5678.415
5503.445,791.5566,5678.414
5503.441,791.5566,5678.412
5503.436,791.5566,5678.409
5503.434,791.5566,5678.407
5503.429,791.5566,5678.405
5503.428,791.5566,5678.404
5503.423,791.5566,5678.4
5503.42,791.5566,5678.399
5503.417,791.5565,5678.397
5503.415,791.5565,5678.396
5503.411,791.5565,5678.393
5503.409,791.5565,5678.392
5503.404,791.5565,5678.39
5503.402,791.5565,5678.389
5503.398,791.5565,5678.388
5503.396,791.5565,5678.387
5503.395,791.5565,5678.386
5503.392,791.5565,5678.384
5503.39,791.5565,5678.383
5503.388,791.5565,5678.383
5503.386,791.5565,5678.382
5503.384,791.5565,5678.381
5503.382,791.5565,5678.38
5503.38,791.5565,5678.379
5503.378,791.5565,5678.378
5503.375,791.5565,5678.377
5503.373,791.5565,5678.375
5503.37,791.5565,5678.375
5503.367,791.5565,5678.374
5503.364,791.5565,5678.373
5503.362,791.5566,5678.372
5503.359,791.5566,5678.371
5503.357,791.5566,5678.37
5503.356,791.5566,5678.369
5503.354,791.5566,5678.368
5503.353,791.5566,5678.367
5503.352,791.5566,5678.366
5503.35,791.5566,5678.365
5503.348,791.5566,5678.364
5503.347,791.5566,5678.364
5503.344,791.5566,5678.362
5503.343,791.5565,5678.361
5503.341,791.5566,5678.361
5503.34,791.5566,5678.36
5503.338,791.5566,5678.359
5503.336,791.5566,5678.358
5503.334,791.5566,5678.357
5503.333,791.5566,5678.357
5503.332,791.5566,5678.357
5503.33,791.5566,5678.358
5503.328,791.5566,5678.358
5503.327,791.5566,5678.358
5503.325,791.5566,5678.358
5503.323,791.5566,5678.359
5503.322,791.5565,5678.359
5503.32,791.5566,5678.359
5503.318,791.5565,5678.36
5503.317,791.5565,5678.36
5503.315,791.5566,5678.36
5503.313,791.5566,5678.36
5503.312,791.5566,5678.361
5503.311,791.5566,5678.361
5503.31,791.5566,5678.361
5503.308,791.5566,5678.361
5503.308,791.5566,5678.374
5503.313,791.5568,5678.418
5503.333,791.5572,5678.584
5503.352,791.5576,5678.736
5503.378,791.5579,5678.946
5503.45,791.5587,5679.515
5503.488,791.559,5679.817
5503.526,791.5593,5680.119
5503.57,791.5596,5680.464
5503.651,791.56,5681.096
5503.722,791.5604,5681.657
5503.804,791.5607,5682.292
5503.907,791.561,5683.092
5504,791.5613,5683.814
5504.092,791.5616,5684.52
5504.16,791.5618,5685.054
5504.279,791.5621,5685.985
5504.41,791.5623,5686.998
5504.497,791.5624,5687.674
5504.62,791.5626,5688.625
5504.788,791.5629,5689.923
5504.933,791.5631,5691.055
5505.042,791.5633,5691.899
5505.186,791.5635,5693.013
5505.328,791.5635,5694.122
5505.448,791.5637,5695.052
5505.649,791.5639,5696.609
5505.778,791.564,5697.606
5505.968,791.5641,5699.08
5506.104,791.5641,5700.122
5506.302,791.5643,5701.659
5506.442,791.5644,5702.745
5506.594,791.5646,5703.919
5506.841,791.5646,5705.837
5506.962,791.5646,5706.769
5507.207,791.5647,5708.663
5507.331,791.5648,5709.627
5507.583,791.5649,5711.58
5507.711,791.5649,5712.571
5507.897,791.565,5714.007
5508.228,791.5651,5716.563
5508.328,791.5652,5717.337
5508.428,791.5651,5718.115
5508.747,791.5652,5720.589
5508.899,791.5651,5721.766
5509.152,791.5652,5723.716
5509.406,791.5652,5725.659
5509.593,791.5652,5727.075
5509.757,791.5652,5728.298
5510.032,791.5652,5730.318
5510.312,791.5652,5732.328
5510.519,791.5652,5733.791
5510.728,791.5652,5735.241
5511.056,791.5653,5737.467
5511.316,791.5653,5739.202
5511.581,791.5654,5740.94
5511.762,791.5654,5742.111
5512.133,791.5654,5744.478
5512.417,791.5655,5746.257
5512.627,791.5655,5747.559
5512.974,791.5656,5749.682
5513.301,791.5656,5751.656
5513.605,791.5656,5753.472
5513.871,791.5656,5755.042
5514.136,791.5656,5756.596
5514.5,791.5657,5758.717
5514.773,791.5657,5760.285
5515.148,791.5657,5762.425
5515.427,791.5657,5764.003
5515.813,791.5657,5766.16
5516.099,791.5658,5767.753
5516.54,791.5657,5770.187
5516.886,791.5658,5772.079
5517.235,791.5658,5773.979
5517.588,791.5658,5775.885
5517.944,791.5658,5777.797
5518.229,791.5658,5779.319
5518.596,791.5659,5781.269
5519.031,791.5659,5783.564
5519.348,791.5659,5785.228
5519.662,791.5658,5786.872
5520.091,791.5659,5789.11
5520.41,791.5659,5790.76
5520.898,791.5659,5793.281
5521.251,791.5659,5795.097
5521.512,791.5659,5796.431
5522.049,791.5659,5799.167
5522.436,791.5659,5801.125
5522.695,791.5659,5802.44
5523.218,791.5659,5805.077
5523.48,791.5659,5806.397
5523.853,791.5659,5808.262
5524.294,791.5659,5810.465
5524.813,791.5657,5813.037
5525.188,791.5657,5814.887
5525.467,791.5658,5816.247
5526.014,791.5657,5818.884
5526.298,791.5657,5820.245
5526.862,791.5656,5822.888
5527.158,791.5656,5824.253
5527.772,791.5656,5827.042
5528.222,791.5656,5829.046
5528.681,791.5656,5831.055
5529.404,791.5656,5834.156
5529.763,791.5656,5835.684
5529.859,791.5657,5836.085
5530.752,791.5657,5839.784
5531.123,791.5657,5841.291
5531.574,791.5657,5843.109
5532.079,791.5657,5845.122
5532.589,791.5657,5847.133
5533.105,791.5658,5849.146
5533.628,791.5658,5851.159
5534.012,791.5658,5852.624
5534.64,791.5658,5855.003
5535.228,791.5658,5857.201
5535.659,791.5659,5858.802
5536.214,791.5659,5860.848
5536.871,791.5659,5863.248
5537.428,791.5659,5865.266
5537.989,791.5659,5867.283
5538.553,791.5659,5869.299
5539.125,791.5659,5871.319
5539.698,791.5659,5873.336
5540.156,791.5659,5874.939
5540.747,791.5659,5876.99
5541.445,791.5657,5879.394
5542.037,791.5657,5881.413
5542.634,791.5657,5883.432
5543.238,791.5656,5885.449
5543.85,791.5656,5887.465
5544.3,791.5656,5888.931
5545.04,791.5657,5891.308
5545.734,791.5656,5893.502
5546.377,791.5656,5895.512
5547.028,791.5656,5897.519
5547.687,791.5657,5899.524
5548.348,791.5657,5901.517
5548.797,791.5657,5902.853
5549.974,791.5658,5906.314
5550.319,791.5657,5907.313
5550.956,791.5657,5909.147
5551.79,791.5657,5911.525
5552.496,791.5657,5913.52
5553.208,791.5658,5915.511
5553.925,791.5658,5917.503
5554.649,791.5658,5919.495
5555.38,791.5658,5921.483
5556.115,791.5659,5923.472
5556.855,791.5659,5925.459
5557.599,791.5659,5927.444
5558.348,791.5659,5929.43
5559.103,791.5659,5931.412
5559.861,791.5659,5933.395
5560.625,791.5658,5935.375
5561.392,791.5659,5937.355
5562.164,791.5659,5939.336
5562.94,791.5659,5941.314
5563.719,791.5659,5943.291
5564.718,791.5659,5945.81
5565.483,791.5659,5947.729
5566.079,791.566,5949.218
5566.874,791.5659,5951.195
5567.671,791.5659,5953.167
5568.471,791.5659,5955.14
5569.274,791.5659,5957.112
5570.079,791.5659,5959.083
5570.884,791.5659,5961.042
5571.424,791.5659,5962.355
5572.84,791.5659,5965.772
5573.456,791.5659,5967.247
5574.16,791.5657,5968.928
5574.929,791.5657,5970.75
5575.506,791.5657,5972.108
5576.912,791.5657,5975.384
5577.336,791.5657,5976.362
5578.292,791.5657,5978.55
5579.23,791.5657,5980.677
5580.097,791.5657,5982.626
5581.093,791.5657,5984.845
5582.152,791.5657,5987.188
5582.816,791.5657,5988.642
5583.622,791.5657,5990.396
5584.518,791.5658,5992.333
5585.418,791.5658,5994.268
5586.323,791.5658,5996.2
5587.233,791.5658,5998.129
5588.15,791.5658,6000.057
5589.071,791.5658,6001.983
5589.996,791.5659,6003.907
5590.924,791.5659,6005.831
5591.858,791.5659,6007.751
5592.795,791.5658,6009.668
5593.737,791.5659,6011.585
5594.682,791.5659,6013.501
5595.631,791.5659,6015.416
5596.514,791.5659,6017.188
5597.176,791.5659,6018.512
5598.833,791.5659,6021.807
5599.555,791.5659,6023.237
5600.429,791.5659,6024.962
5601.398,791.5659,6026.868
5602.371,791.5659,6028.772
5603.346,791.5659,6030.676
5604.324,791.5659,6032.575
5605.305,791.5659,6034.476
5606.085,791.5659,6035.983
5607.087,791.566,6037.913
5608.468,791.566,6040.563
5609.442,791.566,6042.428
5609.938,791.566,6043.375
5611.243,791.566,6045.856
5612.241,791.566,6047.75
5612.968,791.566,6049.125
5614.152,791.566,6051.361
5615.247,791.566,6053.423
5616.252,791.566,6055.313
5617.26,791.566,6057.201
5618.196,791.566,6058.952
5618.886,791.5659,6060.242
5620.294,791.5659,6062.864
5621.308,791.566,6064.75
5622.324,791.566,6066.634
5623.342,791.566,6068.52
5624.361,791.566,6070.404
5625.382,791.566,6072.287
5626.405,791.566,6074.17
5627.429,791.566,6076.053
5628.453,791.566,6077.932
5629.479,791.566,6079.814
5630.507,791.566,6081.695
5631.535,791.566,6083.575
5632.489,791.5659,6085.316
5633.193,791.5659,6086.601
5634.704,791.566,6089.351
5636.064,791.566,6091.823
5636.581,791.566,6092.761
5637.532,791.566,6094.487
5638.766,791.566,6096.722
5639.803,791.566,6098.598
5640.841,791.5659,6100.474
5641.88,791.566,6102.35
5642.919,791.5659,6104.225
5643.96,791.566,6106.1
5645.001,791.566,6107.975
5645.896,791.566,6109.586
5646.782,791.566,6111.178
5648.128,791.566,6113.597
5649.096,791.566,6115.332
5649.811,791.566,6116.613
5651.339,791.566,6119.352
5652.717,791.566,6121.818
5653.241,791.566,6122.753
5654.205,791.5659,6124.476
5655.669,791.566,6127.09
5656.81,791.566,6129.127
5657.597,791.566,6130.531
5658.599,791.5659,6132.317
5659.649,791.566,6134.188
5660.7,791.566,6136.059
5661.751,791.566,6137.93
5662.802,791.566,6139.798
5663.854,791.566,6141.668
5664.907,791.566,6143.538
5665.742,791.566,6145.021
5666.813,791.566,6146.922
5668.285,791.566,6149.532
5669.321,791.566,6151.369
5669.848,791.566,6152.303
5671.231,791.5659,6154.753
5672.286,791.566,6156.621
5673.342,791.566,6158.489
5674.398,791.566,6160.358
5675.306,791.566,6161.964
5676.204,791.566,6163.553
5677.567,791.566,6165.962
5678.625,791.566,6167.829
5679.682,791.566,6169.698
5680.739,791.566,6171.564
5681.507,791.5659,6172.921
5682.76,791.566,6175.132
5683.625,791.566,6176.656
5684.877,791.566,6178.865
5685.742,791.566,6180.39
5686.995,791.566,6182.598
5688.149,791.5659,6184.632
5689.209,791.566,6186.5
5690.27,791.566,6188.367
5691.33,791.5659,6190.233
5692.382,791.566,6192.087
5693.09,791.566,6193.333
5694.51,791.566,6195.832
5695.571,791.566,6197.7
5696.342,791.5659,6199.056
5697.598,791.566,6201.264
5698.755,791.566,6203.297
5699.596,791.566,6204.777
5700.452,791.566,6206.283
5701.844,791.5659,6208.727
5703.001,791.566,6210.76
5704.064,791.566,6212.626
5705.126,791.566,6214.492
5706.187,791.566,6216.357
5707.243,791.566,6218.21
5707.951,791.5659,6219.454
5709.369,791.566,6221.942
5710.077,791.5659,6223.186
5711.493,791.566,6225.672
5712.202,791.566,6226.917
5713.213,791.566,6228.69
5714.612,791.566,6231.146
5715.338,791.5659,6232.42
5716.737,791.566,6234.875
5717.454,791.566,6236.132
5718.517,791.566,6237.996
5719.804,791.566,6240.252
5720.85,791.566,6242.084
5721.933,791.566,6243.982
5723.198,791.566,6246.2
5724.112,791.566,6247.802
5725.018,791.566,6249.389
5726.241,791.566,6251.533
5727.029,791.566,6252.913
5728.317,791.566,6255.17
5729.362,791.566,6257.002
5730.445,791.566,6258.899
5731.711,791.566,6261.117
5732.775,791.566,6262.982
5733.839,791.566,6264.848
5734.896,791.566,6266.699
5735.606,791.566,6267.943
5737.026,791.566,6270.428
5737.737,791.566,6271.672
5739.157,791.566,6274.158
5739.867,791.566,6275.4
5740.868,791.566,6277.154
5742.049,791.566,6279.223
5743.274,791.566,6281.366
5744.181,791.5659,6282.953
5745.404,791.566,6285.097
5746.194,791.566,6286.478
5747.482,791.566,6288.733
5748.528,791.566,6290.565
5749.388,791.5659,6292.07
5750.784,791.566,6294.513
5751.944,791.566,6296.544
5753.009,791.566,6298.409
5753.775,791.566,6299.75
5754.759,791.566,6301.473
5755.914,791.566,6303.494
5756.844,791.566,6305.123
5757.908,791.566,6306.986
5758.959,791.5659,6308.826
5759.978,791.5657,6310.607
5760.968,791.5654,6312.338
5761.925,791.5651,6314.014
5762.851,791.5646,6315.635
5763.933,791.5642,6317.528
5764.786,791.5638,6319.02
5765.465,791.5635,6320.208
5766.283,791.5632,6321.64
5767.382,791.5627,6323.562
5767.888,791.5624,6324.449
5768.875,791.5621,6326.176
5769.352,791.562,6327.009
5770.015,791.5616,6328.17
5770.901,791.5613,6329.719
5771.342,791.5611,6330.49
5772.044,791.5608,6331.719
5772.75,791.5605,6332.953
5773.19,791.5604,6333.724
5773.768,791.5602,6334.735
5774.329,791.56,6335.716
5775.08,791.5598,6337.027
5775.254,791.5597,6337.333
5776.039,791.5594,6338.707
5776.404,791.5593,6339.344
5776.882,791.5591,6340.182
5777.347,791.559,6340.994
5777.802,791.5588,6341.79
5778.34,791.5587,6342.733
5778.497,791.5587,6343.007
5779.187,791.5585,6344.215
5779.402,791.5584,6344.592
5779.966,791.5582,6345.578
5780.216,791.5582,6346.017
5780.576,791.5581,6346.646
5780.925,791.558,6347.257
5781.264,791.5579,6347.851
5781.592,791.5579,6348.426
5781.912,791.5578,6348.984
5782.238,791.5579,6349.555
5782.584,791.5581,6350.162
5782.956,791.5583,6350.81
5783.395,791.5588,6351.579
5783.872,791.5592,6352.413
5784.246,791.5595,6353.067
5784.77,791.5599,6353.981
5785.121,791.5602,6354.595
5785.612,791.5605,6355.453
5786.121,791.5609,6356.341
5786.863,791.5613,6357.634
5787.413,791.5616,6358.596
5787.822,791.5617,6359.31
5788.325,791.562,6360.188
5788.914,791.5623,6361.216
5789.521,791.5624,6362.275
5790.14,791.5627,6363.356
5790.773,791.5629,6364.461
5791.672,791.5631,6366.029
5791.893,791.5632,6366.414
5792.929,791.5634,6368.223
5793.438,791.5635,6369.11
5794.134,791.5637,6370.328
5794.842,791.5638,6371.563
5795.561,791.5639,6372.816
5796.374,791.564,6374.236
5797.226,791.5641,6375.722
5797.952,791.5642,6376.99
5798.914,791.5643,6378.667
5799.107,791.5645,6379.003
5800.295,791.5645,6381.08
5800.88,791.5646,6382.101
5801.677,791.5647,6383.491
5802.481,791.5648,6384.896
5803.295,791.5648,6386.315
5804.116,791.5649,6387.75
5804.945,791.565,6389.197
5805.78,791.5651,6390.655
5806.623,791.5651,6392.127
5807.473,791.5651,6393.611
5808.331,791.5652,6395.107
5809.193,791.5653,6396.614
5810.08,791.5654,6398.167
5811.487,791.5656,6400.642
5811.706,791.5656,6401.027
5812.785,791.5656,6402.938
5813.794,791.5657,6404.738
5814.444,791.5657,6405.908
5815.139,791.5659,6407.16
5816.618,791.5659,6409.866
5817.771,791.566,6412.006
5818.422,791.566,6413.233
5818.921,791.566,6414.174
5819.719,791.566,6415.703
5820.647,791.5662,6417.502
5821.393,791.5662,6418.967
5822.237,791.5662,6420.651
5823.074,791.5662,6422.35
5823.729,791.5663,6423.697
5824.928,791.5663,6426.215
5825.228,791.5663,6426.855
5826.332,791.5663,6429.256
5827.129,791.5664,6431.031
5828.145,791.5663,6433.353
5828.65,791.5664,6434.532
5829.275,791.5664,6436.022
5829.884,791.5664,6437.497
5830.858,791.5664,6439.917
5831.855,791.5664,6442.478
5832.317,791.5664,6443.698
5832.718,791.5664,6444.772
5833.755,791.5664,6447.629
5834.146,791.5664,6448.734
5835.08,791.5665,6451.46
5835.325,791.5665,6452.201
5836.265,791.5664,6455.108
5836.741,791.5664,6456.634
5837.318,791.5664,6458.532
5837.874,791.5665,6460.415
5838.33,791.5664,6462.01
5838.959,791.5664,6464.27
5839.417,791.5664,6465.98
5839.974,791.5664,6468.128
5840.458,791.5665,6470.069
5840.925,791.5664,6472.015
5841.379,791.5663,6473.968
5841.818,791.5664,6475.926
5842.195,791.5663,6477.671
5842.806,791.5663,6480.62
5842.938,791.5663,6481.279
5843.43,791.5663,6483.818
5843.8,791.5662,6485.804
5844.155,791.5662,6487.771
5844.517,791.5662,6489.882
5844.966,791.5662,6492.594
5845.154,791.5662,6493.766
5845.47,791.5662,6495.805
5845.737,791.5663,6497.595
5846.056,791.5663,6499.836
5846.36,791.5663,6502.085
5846.659,791.5663,6504.409
5846.841,791.5664,6505.913
5847.075,791.5664,6507.945
5847.296,791.5664,6509.981
5847.5,791.5665,6512.019
5847.688,791.5665,6514.061
5847.861,791.5665,6516.104
5848.017,791.5665,6518.15
5848.206,791.5665,6520.987
5848.245,791.5665,6521.668
5848.393,791.5665,6524.541
5848.454,791.5665,6525.989
5848.541,791.5664,6528.407
5848.589,791.5664,6530.232
5848.646,791.5663,6533.311
5848.654,791.5663,6533.996
5848.668,791.5663,6536.881
5848.665,791.5663,6538.337
5848.646,791.5663,6540.762
5848.618,791.5663,6542.594
5848.568,791.5663,6544.892
5848.51,791.5632,6546.957
5848.457,791.5461,6548.586
5848.338,791.4296,6551.61
5848.303,791.3839,6552.381
5848.163,791.1558,6555.229
5847.951,790.7413,6558.921
5847.919,790.6711,6559.438
5847.789,790.3788,6561.445
5847.642,790.0342,6563.518
5847.488,789.6514,6565.592
5847.376,789.3695,6567.02
5847.152,788.7744,6569.743
5846.971,788.2832,6571.819
5846.855,787.9604,6573.112
5846.584,787.1949,6575.974
5846.457,786.8305,6577.269
5846.166,785.9764,6580.131
5845.946,785.3228,6582.211
5845.743,784.7152,6584.058
5845.392,783.6427,6587.171
5845.311,783.3949,6587.864
5844.928,782.2087,6591.074
5844.768,781.7092,6592.385
5844.371,780.4561,6595.553
5844.011,779.3096,6598.329
5843.891,778.9257,6599.247
5843.649,778.147,6601.056
5843.424,777.4199,6602.727
5843.02,776.1088,6605.646
5842.91,775.7507,6606.429
5842.501,774.4131,6609.297
5842.192,773.3929,6611.434
5841.695,771.752,6614.79
5841.617,771.4927,6615.311
5841.184,770.0525,6618.169
5841.064,769.6536,6618.948
5840.618,768.1641,6621.821
5840.405,767.4502,6623.179
5839.894,765.7278,6626.402
5839.694,765.0541,6627.647
5839.198,763.375,6630.703
5839.069,762.9395,6631.487
5838.594,761.3265,6634.36
5838.376,760.584,6635.669
5837.893,758.9337,6638.544
5837.4,757.2512,6641.435
5837.28,756.8422,6642.133
5836.774,755.1079,6645.062
5836.434,753.9377,6647.015
5836.141,752.9308,6648.688
5835.623,751.1487,6651.617
5835.484,750.6674,6652.402
5834.851,748.4839,6655.934
5834.649,747.7852,6657.058
5834.212,746.2748,6659.467
5833.832,744.9532,6661.561
5833.568,744.0405,6662.999
5832.981,742.0162,6666.192
5832.682,741.0112,6667.805
5832.132,739.2468,6670.756
5831.871,738.4393,6672.152
5831.648,737.7657,6673.338
5831.105,736.1812,6676.219
5830.837,735.4283,6677.632
5830.177,733.6446,6681.101
5830.05,733.3124,6681.77
5829.515,731.9567,6684.563
5829.104,730.9603,6686.694
5828.699,730.0129,6688.79
5828.38,729.286,6690.439
5827.752,727.9184,6693.662
5827.477,727.3375,6695.077
5827.112,726.5945,6696.935
5826.654,725.6901,6699.269
5826.242,724.9067,6701.363
5825.739,723.9886,6703.907
5825.247,723.1213,6706.396
5824.89,722.512,6708.195
5824.58,721.9944,6709.75
5824.161,721.2813,6711.847
5823.742,720.5409,6713.944
5823.328,719.7848,6716.012
5822.878,718.9337,6718.247
5822.425,718.0558,6720.495
5822.055,717.3166,6722.33
5821.631,716.4497,6724.427
5821.206,715.5581,6726.524
5820.871,714.8428,6728.175
5820.354,713.7108,6730.719
5819.926,712.7549,6732.818
5819.499,711.78,6734.914
5819.07,710.7854,6737.012
5818.64,709.7698,6739.11
5818.21,708.7368,6741.207
5817.779,707.6864,6743.305
5817.348,706.6185,6745.403
5816.866,705.4071,6747.738
5816.433,704.3032,6749.841
5816.125,703.5099,6751.33
5815.616,702.1827,6753.793
5815.083,700.7703,6756.366
5814.538,699.3114,6758.995
5814.429,699.0176,6759.519
5813.825,697.3708,6762.426
5813.515,696.5156,6763.919
5813.009,695.109,6766.353
5812.541,693.796,6768.594
5812.073,692.4705,6770.839
5811.689,691.3857,6772.678
5811.257,690.1928,6774.747
5810.789,688.95,6776.988
5810.318,687.736,6779.234
5810.071,687.1146,6780.415
5809.442,685.5881,6783.412
5809.129,684.8553,6784.906
5808.612,683.6586,6787.367
5808.221,682.7408,6789.228
5807.73,681.5687,6791.564
5807.339,680.6197,6793.424
5806.846,679.4086,6795.761
5806.454,678.4305,6797.622
5805.962,677.1846,6799.958
5805.519,676.0485,6802.058
5805.075,674.8988,6804.156
5804.354,672.9948,6807.573
5804.109,672.3449,6808.729
5803.822,671.5851,6810.091
5803.308,670.259,6812.523
5802.934,669.3303,6814.288
5802.413,668.0712,6816.748
5801.968,667.0363,6818.848
5801.523,666.022,6820.946
5801.218,665.3223,6822.385
5800.637,663.9544,6825.125
5800.207,662.894,6827.153
5799.79,661.8174,6829.119
5799.343,660.5948,6831.225
5798.951,659.4839,6833.071
5798.681,658.6795,6834.343
5798.248,657.3444,6836.381
5797.932,656.321,6837.87
5797.549,655.0199,6839.683
5797.253,653.9906,6841.081
5796.77,652.3179,6843.353
5796.666,651.9554,6843.845
5796.274,650.596,6845.692
5795.979,649.5599,6847.081
5795.799,648.9048,6847.933
5795.25,646.7655,6850.523
5795.102,646.169,6851.218
5794.934,645.4694,6852.008
5794.544,643.8416,6853.849
5794.463,643.504,6854.23
5794.159,642.2341,6855.666
5794,641.5743,6856.412
5793.708,640.355,6857.791
5793.494,639.4577,6858.806
5793.362,638.9088,6859.426
5793.022,637.4904,6861.03
5792.864,636.8334,6861.773
5792.756,636.3869,6862.278
5792.494,635.2894,6863.519
5792.368,634.7609,6864.117
5792.167,633.9248,6865.063
5791.989,633.1823,6865.902
5791.86,632.6445,6866.51
5791.629,631.6819,6867.599
5791.528,631.2642,6868.072
5791.372,630.6096,6868.811
5791.219,629.9741,6869.53
5791.141,629.6484,6869.898
5790.963,628.9111,6870.731
5790.793,628.204,6871.532
5790.726,627.9227,6871.851
5790.572,627.3364,6872.573
5790.432,626.844,6873.236
5790.292,626.3666,6873.896
5790.203,626.061,6874.32
5790,625.3719,6875.272
5789.925,625.1127,6875.63
5789.744,624.4976,6876.48
5789.695,624.3301,6876.711
5789.516,623.7236,6877.55
5789.426,623.4141,6877.977
5789.317,623.0431,6878.491
5789.25,622.8148,6878.806
5789.108,622.3349,6879.469
5789.046,622.121,6879.764
5788.913,621.67,6880.387
5788.851,621.4604,6880.677
5788.731,621.0508,6881.243
5788.643,620.7473,6881.662
5788.558,620.4594,6882.06
5788.476,620.1799,6882.446
5788.372,619.8258,6882.935
5788.331,619.6854,6883.129
5788.227,619.33,6883.621
5788.199,619.2357,6883.75
5788.081,618.8338,6884.306
5788.043,618.7099,6884.478
5787.951,618.3964,6884.91
5787.924,618.3071,6885.034
5787.841,618.0267,6885.421
5787.78,617.819,6885.708
5787.729,617.6435,6885.951
5787.667,617.4295,6886.247
5787.613,617.2443,6886.502
5787.571,617.1021,6886.699
5787.496,616.8475,6887.051
5787.476,616.783,6887.139
5787.411,616.5573,6887.452
5787.381,616.457,6887.59
5787.319,616.2452,6887.883
5787.292,616.1509,6888.013
5787.233,615.9518,6888.287
5787.207,615.8631,6888.41
5787.153,615.6765,6888.668
5787.114,615.5451,6888.85
5787.081,615.4323,6889.006
5787.041,615.2945,6889.197
5787.006,615.1753,6889.361
5786.972,615.0596,6889.521
5786.938,614.9473,6889.677
5786.895,614.798,6889.882
5786.885,614.7631,6889.931
5786.846,614.6313,6890.114
5786.817,614.5323,6890.25
5786.798,614.4691,6890.337
5786.762,614.3454,6890.508
5786.734,614.2535,6890.635
5786.709,614.1666,6890.755
5786.689,614.0998,6890.847
5786.661,614.0001,6890.984
5786.642,613.9374,6891.071
5786.615,613.844,6891.2
5786.593,613.7695,6891.304
5786.579,613.7195,6891.373
5786.552,613.6273,6891.5
5786.538,613.5804,6891.564
5786.512,613.4938,6891.684
5786.5,613.4499,6891.745
5786.474,613.3616,6891.866
5786.458,613.3054,6891.944
5786.443,613.2596,6892.007
5786.424,613.1948,6892.098
5786.409,613.1405,6892.172
5786.397,613.1041,6892.223
5786.377,613.0367,6892.315
5786.368,613.0026,6892.362
5786.349,612.9394,6892.45
5786.34,612.9073,6892.495
5786.323,612.848,6892.576
5786.31,612.8043,6892.636
5786.302,612.7775,6892.673
5786.285,612.7209,6892.751
5786.274,612.6818,6892.806
5786.265,612.6494,6892.85
5786.251,612.6055,6892.912
5786.242,612.5735,6892.956
5786.227,612.5215,6893.027
5786.224,612.5101,6893.042
5786.211,612.4678,6893.102
5786.205,612.4459,6893.132
5786.193,612.4051,6893.188
5786.184,612.3751,6893.23
5786.178,612.3559,6893.256
5786.167,612.3187,6893.308
5786.159,612.2909,6893.346
5786.15,612.2646,6893.382
5786.146,612.2444,6893.411
5786.135,612.2083,6893.459
5786.132,612.199,6893.473
5786.122,612.167,6893.516
5786.118,612.1527,6893.536
5786.11,612.1227,6893.578
5786.105,612.1092,6893.597
5786.097,612.0811,6893.635
5786.094,612.0684,6893.653
5786.086,612.042,6893.689
5786.083,612.0302,6893.706
5786.076,612.0053,6893.74
5786.071,611.9877,6893.764
5786.065,611.9726,6893.785
5786.061,611.9542,6893.811
5786.056,611.9384,6893.833
5786.052,611.9261,6893.85
5786.045,611.9043,6893.879
5786.044,611.8988,6893.887
5786.039,611.8795,6893.914
5786.035,611.866,6893.932
5786.03,611.8519,6893.952
5786.027,611.8417,6893.966
5786.022,611.8275,6893.985
5786.02,611.8156,6894.002
5786.017,611.8075,6894.014
5786.013,611.7926,6894.034
5786.011,611.785,6894.044
5786.007,611.7689,6894.066
5786.004,611.761,6894.077
5786.001,611.7509,6894.091
5785.999,611.7423,6894.104
5785.995,611.7319,6894.117
5785.992,611.7239,6894.128
5785.989,611.7142,6894.143
5785.987,611.7067,6894.152
5785.984,611.6976,6894.166
5785.983,611.6906,6894.175
5785.98,611.6819,6894.188
5785.979,611.6752,6894.196
5785.977,611.6672,6894.208
5785.975,611.661,6894.216
5785.973,611.6534,6894.227
5785.971,611.6475,6894.234
5785.969,611.6404,6894.244
5785.967,611.6349,6894.252
5785.964,611.6259,6894.264
5785.963,611.6241,6894.268
5785.96,611.6168,6894.277
5785.959,611.613,6894.282
5785.957,611.606,6894.292
5785.956,611.6025,6894.296
5785.955,611.596,6894.306
5785.953,611.5927,6894.311
5785.953,611.5865,6894.319
5785.951,611.582,6894.325
5785.951,611.5791,6894.329
5785.949,611.5733,6894.337
5785.949,611.5706,6894.34
5785.947,611.5651,6894.348
5785.947,611.5626,6894.352
5785.945,611.5575,6894.358
5785.945,611.5552,6894.361
5785.943,611.5504,6894.368
5785.942,611.5482,6894.372
5785.941,611.5438,6894.378
5785.94,611.5405,6894.382
5785.938,611.5374,6894.387
5785.938,611.535,6894.389
5785.938,611.5316,6894.395
5785.937,611.5292,6894.397
5785.935,611.5251,6894.404
5785.934,611.5234,6894.406
5785.934,611.5211,6894.41
5785.932,611.5184,6894.413
5785.932,611.5162,6894.416
5785.93,611.5135,6894.419
5785.929,611.5117,6894.422
5785.928,611.5092,6894.425
5785.927,611.5073,6894.427
5785.926,611.5049,6894.431
5785.925,611.5032,6894.434
5785.924,611.501,6894.438
5785.924,611.501,6894.438
5785.924,611.501,6894.438
5785.924,611.501,6894.438
5785.924,611.501,6894.438
5785.924,611.501,6894.438
5785.924,611.501,6894.438
5785.924,611.501,6894.438
5785.924,611.501,6894.438
5785.924,611.501,6894.438
5785.924,611.501,6894.438
5785.924,611.501,6894.438
5785.924,611.501,6894.438
5785.924,611.501,6894.438
5785.924,611.501,6894.438
5785.924,611.501,6894.438
5785.924,611.501,6894.438
5785.924,611.501,6894.438
5785.924,611.501,6894.438
5785.924,611.501,6894.438
5785.924,611.501,6894.438
5785.924,611.501,6894.438
5785.924,611.501,6894.438
5785.924,611.501,6894.438
