267.8429
