9263,2000,5298,9263,2000,5298,9263,2000,5298,9263,2000,5298,9263,2000,5298,9263,2000,5298,9263,2000,5298,9263,2000,5298,9263,2000,5298,9263,2000,5298
9263.595,2000,5298.906,9263.754,2000,5298.778,9264.023,2000,5298.355,9264.022,2000,5298.357,9263.883,2000,5298.628,9263.791,2000,5298.74,9263.625,2000,5298.885,9263.617,2000,5298.891,9263.992,2000,5298.435,9263.651,2000,5298.866
9264.159,2000,5299.831,9264.481,2000,5299.58,9265.058,2000,5298.677,9265.057,2000,5298.681,9264.785,2000,5299.228,9264.606,2000,5299.454,9264.221,2000,5299.789,9264.204,2000,5299.801,9264.998,2000,5298.837,9264.274,2000,5299.752
9264.693,2000,5300.773,9265.183,2000,5300.406,9266.103,2000,5298.965,9266.101,2000,5298.971,9265.707,2000,5299.797,9265.444,2000,5300.141,9264.787,2000,5300.712,9264.762,2000,5300.73,9266.017,2000,5299.207,9264.867,2000,5300.659
9265.196,2000,5301.732,9265.856,2000,5301.254,9267.156,2000,5299.218,9267.153,2000,5299.226,9266.646,2000,5300.336,9266.305,2000,5300.799,9265.323,2000,5301.654,9265.288,2000,5301.677,9267.047,2000,5299.542,9265.431,2000,5301.584
9265.668,2000,5302.708,9266.502,2000,5302.124,9268.218,2000,5299.437,9268.214,2000,5299.447,9267.604,2000,5300.844,9267.186,2000,5301.43,9265.828,2000,5302.612,9265.783,2000,5302.64,9268.087,2000,5299.844,9265.963,2000,5302.527
9266.107,2000,5303.698,9267.119,2000,5303.014,9269.285,2000,5299.621,9269.281,2000,5299.633,9268.576,2000,5301.32,9268.087,2000,5302.031,9266.301,2000,5303.587,9266.247,2000,5303.619,9269.137,2000,5300.111,9266.465,2000,5303.488
9266.514,2000,5304.703,9267.707,2000,5303.924,9270.358,2000,5299.77,9270.354,2000,5299.784,9269.564,2000,5301.764,9269.007,2000,5302.602,9266.741,2000,5304.577,9266.679,2000,5304.613,9270.194,2000,5300.344,9266.935,2000,5304.464
9266.887,2000,5305.72,9268.265,2000,5304.853,9271.436,2000,5299.883,9271.432,2000,5299.899,9270.566,2000,5302.176,9269.945,2000,5303.143,9267.149,2000,5305.58,9267.077,2000,5305.62,9271.26,2000,5300.542,9267.372,2000,5305.455
9267.227,2000,5306.749,9268.791,2000,5305.8,9272.516,2000,5299.961,9272.512,2000,5299.98,9271.581,2000,5302.554,9270.901,2000,5303.653,9267.524,2000,5306.596,9267.442,2000,5306.64,9272.331,2000,5300.706,9267.777,2000,5306.46
9267.532,2000,5307.788,9269.286,2000,5306.763,9273.598,2000,5300.004,9273.594,2000,5300.025,9272.608,2000,5302.899,9271.873,2000,5304.131,9267.866,2000,5307.624,9267.774,2000,5307.671,9273.407,2000,5300.834,9268.149,2000,5307.478
9267.804,2000,5308.836,9269.75,2000,5307.742,9274.681,2000,5300.012,9274.677,2000,5300.034,9273.646,2000,5303.211,9272.86,2000,5304.578,9268.174,2000,5308.663,9268.072,2000,5308.713,9274.486,2000,5300.927,9268.488,2000,5308.507
9268.041,2000,5309.894,9270.182,2000,5308.736,9275.764,2000,5299.984,9275.76,2000,5300.008,9274.693,2000,5303.488,9273.861,2000,5304.992,9268.447,2000,5309.711,9268.336,2000,5309.764,9275.568,2000,5300.985,9268.793,2000,5309.546
9268.244,2000,5310.958,9270.58,2000,5309.743,9276.845,2000,5299.92,9276.842,2000,5299.947,9275.749,2000,5303.731,9274.876,2000,5305.373,9268.687,2000,5310.768,9268.565,2000,5310.822,9276.651,2000,5301.007,9269.063,2000,5310.595
9268.412,2000,5312.028,9270.945,2000,5310.763,9277.924,2000,5299.822,9277.921,2000,5299.85,9276.813,2000,5303.939,9275.902,2000,5305.72,9268.892,2000,5311.832,9268.76,2000,5311.888,9277.734,2000,5300.994,9269.3,2000,5311.652
9268.545,2000,5313.103,9271.277,2000,5311.794,9278.999,2000,5299.688,9278.996,2000,5299.718,9277.882,2000,5304.112,9276.939,2000,5306.034,9269.062,2000,5312.901,9268.919,2000,5312.96,9278.816,2000,5300.945,9269.501,2000,5312.717
9268.643,2000,5314.182,9271.575,2000,5312.836,9280.069,2000,5299.519,9280.066,2000,5299.551,9278.956,2000,5304.25,9277.986,2000,5306.314,9269.196,2000,5313.976,9269.043,2000,5314.036,9279.896,2000,5300.861,9269.667,2000,5313.787
9268.705,2000,5315.264,9271.857,2000,5313.882,9281.133,2000,5299.314,9281.131,2000,5299.349,9280.034,2000,5304.354,9279.042,2000,5306.559,9269.296,2000,5315.055,9269.132,2000,5315.116,9280.974,2000,5300.742,9269.798,2000,5314.862
9268.731,2000,5316.347,9272.146,2000,5314.926,9282.189,2000,5299.076,9282.188,2000,5299.112,9281.115,2000,5304.421,9280.104,2000,5306.77,9269.36,2000,5316.136,9269.186,2000,5316.198,9282.046,2000,5300.587,9269.894,2000,5315.941
9268.723,2000,5317.43,9272.443,2000,5315.968,9283.237,2000,5298.802,9283.237,2000,5298.841,9282.198,2000,5304.453,9281.17,2000,5306.967,9269.389,2000,5317.219,9269.204,2000,5317.281,9283.112,2000,5300.398,9269.954,2000,5317.023
9268.679,2000,5318.513,9272.748,2000,5317.007,9284.276,2000,5298.495,9284.276,2000,5298.536,9283.281,2000,5304.45,9282.234,2000,5307.168,9269.382,2000,5318.303,9269.187,2000,5318.364,9284.172,2000,5300.174,9269.979,2000,5318.106
9268.599,2000,5319.593,9273.062,2000,5318.044,9285.305,2000,5298.154,9285.306,2000,5298.197,9284.364,2000,5304.411,9283.298,2000,5307.374,9269.34,2000,5319.385,9269.134,2000,5319.446,9285.224,2000,5299.915,9269.969,2000,5319.189
9268.483,2000,5320.67,9273.382,2000,5319.079,9286.321,2000,5297.779,9286.323,2000,5297.824,9285.445,2000,5304.337,9284.36,2000,5307.584,9269.262,2000,5320.466,9269.046,2000,5320.525,9286.267,2000,5299.622,9269.923,2000,5320.272
9268.333,2000,5321.743,9273.709,2000,5320.112,9287.325,2000,5297.372,9287.328,2000,5297.418,9286.523,2000,5304.228,9285.422,2000,5307.8,9269.148,2000,5321.543,9268.923,2000,5321.602,9287.3,2000,5299.295,9269.842,2000,5321.352
9268.147,2000,5322.811,9274.042,2000,5321.143,9288.315,2000,5296.931,9288.318,2000,5296.98,9287.597,2000,5304.083,9286.482,2000,5308.021,9269,2000,5322.617,9268.765,2000,5322.673,9288.321,2000,5298.934,9269.726,2000,5322.429
9267.928,2000,5323.871,9274.381,2000,5322.171,9289.29,2000,5296.458,9289.294,2000,5296.509,9288.665,2000,5303.903,9287.542,2000,5308.247,9268.816,2000,5323.685,9268.571,2000,5323.739,9289.33,2000,5298.54,9269.574,2000,5323.502
9267.673,2000,5324.924,9274.725,2000,5323.199,9290.249,2000,5295.955,9290.254,2000,5296.007,9289.727,2000,5303.689,9288.601,2000,5308.477,9268.599,2000,5324.746,9268.343,2000,5324.798,9290.326,2000,5298.113,9269.388,2000,5324.569
9267.384,2000,5325.968,9275.073,2000,5324.225,9291.19,2000,5295.419,9291.197,2000,5295.474,9290.781,2000,5303.44,9289.658,2000,5308.712,9268.346,2000,5325.799,9268.08,2000,5325.849,9291.308,2000,5297.654,9269.166,2000,5325.629
9267.061,2000,5327.002,9275.426,2000,5325.249,9292.114,2000,5294.854,9292.122,2000,5294.91,9291.827,2000,5303.156,9290.715,2000,5308.951,9268.059,2000,5326.843,9267.783,2000,5326.891,9292.273,2000,5297.163,9268.91,2000,5326.682
9266.704,2000,5328.025,9275.783,2000,5326.272,9293.02,2000,5294.258,9293.028,2000,5294.316,9292.863,2000,5302.839,9291.771,2000,5309.193,9267.737,2000,5327.878,9267.452,2000,5327.923,9293.223,2000,5296.641,9268.62,2000,5327.726
9266.314,2000,5329.036,9276.145,2000,5327.293,9293.904,2000,5293.633,9293.914,2000,5293.693,9293.888,2000,5302.487,9292.825,2000,5309.439,9267.383,2000,5328.901,9267.088,2000,5328.943,9294.154,2000,5296.087,9268.296,2000,5328.759
9265.892,2000,5330.034,9276.509,2000,5328.313,9294.769,2000,5292.979,9294.779,2000,5293.041,9294.9,2000,5302.103,9293.879,2000,5309.689,9266.995,2000,5329.913,9266.69,2000,5329.951,9295.067,2000,5295.504,9267.938,2000,5329.782
9265.437,2000,5331.017,9276.877,2000,5329.333,9295.61,2000,5292.297,9295.623,2000,5292.361,9295.9,2000,5301.685,9294.933,2000,5309.942,9266.574,2000,5330.911,9266.26,2000,5330.945,9295.961,2000,5294.891,9267.561,2000,5330.797
9264.949,2000,5331.984,9277.248,2000,5330.35,9296.43,2000,5291.589,9296.443,2000,5291.654,9296.886,2000,5301.235,9295.985,2000,5310.198,9266.121,2000,5331.895,9265.797,2000,5331.924,9296.834,2000,5294.25,9267.188,2000,5331.815
9264.431,2000,5332.936,9277.623,2000,5331.367,9297.226,2000,5290.854,9297.24,2000,5290.921,9297.871,2000,5300.784,9297.037,2000,5310.457,9265.636,2000,5332.863,9265.303,2000,5332.888,9297.686,2000,5293.58,9266.826,2000,5332.836
9263.882,2000,5333.869,9278.001,2000,5332.382,9297.997,2000,5290.093,9298.013,2000,5290.162,9298.857,2000,5300.335,9298.089,2000,5310.717,9265.119,2000,5333.815,9264.776,2000,5333.835,9298.515,2000,5292.882,9266.476,2000,5333.861
9263.303,2000,5334.785,9278.382,2000,5333.396,9298.743,2000,5289.307,9298.76,2000,5289.377,9299.845,2000,5299.889,9299.14,2000,5310.98,9264.571,2000,5334.75,9264.22,2000,5334.765,9299.32,2000,5292.158,9266.138,2000,5334.89
9262.693,2000,5335.681,9278.766,2000,5334.409,9299.463,2000,5288.498,9299.481,2000,5288.569,9300.833,2000,5299.446,9300.19,2000,5311.246,9263.993,2000,5335.667,9263.633,2000,5335.675,9300.102,2000,5291.408,9265.81,2000,5335.923
9262.056,2000,5336.556,9279.152,2000,5335.421,9300.156,2000,5287.665,9300.176,2000,5287.738,9301.823,2000,5299.007,9301.24,2000,5311.514,9263.386,2000,5336.563,9263.017,2000,5336.566,9300.858,2000,5290.633,9265.49,2000,5336.958
9261.39,2000,5337.41,9279.542,2000,5336.433,9300.821,2000,5286.81,9300.843,2000,5286.884,9302.815,2000,5298.572,9302.29,2000,5311.783,9262.749,2000,5337.44,9262.372,2000,5337.437,9301.589,2000,5289.833,9265.178,2000,5337.996
9260.695,2000,5338.242,9279.934,2000,5337.442,9301.458,2000,5285.934,9301.481,2000,5286.009,9303.81,2000,5298.142,9303.339,2000,5312.054,9262.084,2000,5338.295,9261.699,2000,5338.286,9302.293,2000,5289.01,9264.871,2000,5339.035
9259.975,2000,5339.051,9280.328,2000,5338.451,9302.066,2000,5285.037,9302.091,2000,5285.114,9304.806,2000,5297.716,9304.388,2000,5312.327,9261.392,2000,5339.128,9260.999,2000,5339.112,9302.97,2000,5288.164,9264.568,2000,5340.075
9259.228,2000,5339.835,9280.725,2000,5339.459,9302.645,2000,5284.121,9302.671,2000,5284.199,9305.804,2000,5297.295,9305.436,2000,5312.601,9260.672,2000,5339.938,9260.271,2000,5339.915,9303.641,2000,5287.314,9264.27,2000,5341.116
9258.455,2000,5340.595,9281.124,2000,5340.466,9303.192,2000,5283.187,9303.221,2000,5283.265,9306.804,2000,5296.878,9306.483,2000,5312.877,9259.927,2000,5340.725,9259.519,2000,5340.693,9304.31,2000,5286.462,9263.974,2000,5342.158
9257.658,2000,5341.329,9281.525,2000,5341.473,9303.71,2000,5282.235,9303.74,2000,5282.314,9307.806,2000,5296.466,9307.53,2000,5313.155,9259.165,2000,5341.495,9258.74,2000,5341.447,9304.979,2000,5285.61,9263.681,2000,5343.201
9256.838,2000,5342.037,9281.929,2000,5342.478,9304.195,2000,5281.267,9304.228,2000,5281.347,9308.809,2000,5296.057,9308.577,2000,5313.434,9258.403,2000,5342.266,9257.938,2000,5342.175,9305.648,2000,5284.758,9263.39,2000,5344.245
9255.995,2000,5342.717,9282.334,2000,5343.483,9304.649,2000,5280.283,9304.684,2000,5280.364,9309.813,2000,5295.652,9309.623,2000,5313.715,9257.648,2000,5343.043,9257.111,2000,5342.876,9306.319,2000,5283.908,9263.101,2000,5345.289
9255.13,2000,5343.37,9282.741,2000,5344.487,9305.071,2000,5279.285,9305.107,2000,5279.367,9310.819,2000,5295.25,9310.669,2000,5313.997,9256.903,2000,5343.83,9256.263,2000,5343.55,9306.993,2000,5283.06,9262.813,2000,5346.333
9254.244,2000,5343.994,9283.149,2000,5345.49,9305.46,2000,5278.273,9305.498,2000,5278.356,9311.826,2000,5294.851,9311.715,2000,5314.281,9256.167,2000,5344.625,9255.393,2000,5344.196,9307.669,2000,5282.213,9262.528,2000,5347.378
9253.339,2000,5344.588,9283.56,2000,5346.493,9305.815,2000,5277.25,9305.855,2000,5277.333,9312.835,2000,5294.455,9312.76,2000,5314.566,9255.438,2000,5345.425,9254.502,2000,5344.813,9308.347,2000,5281.368,9262.244,2000,5348.423
9252.414,2000,5345.153,9283.972,2000,5347.495,9306.137,2000,5276.215,9306.194,2000,5276.305,9313.845,2000,5294.062,9313.805,2000,5314.853,9254.712,2000,5346.229,9253.592,2000,5345.4,9309.027,2000,5280.525,9261.962,2000,5349.469
9251.472,2000,5345.687,9284.386,2000,5348.496,9306.424,2000,5275.171,9306.536,2000,5275.277,9314.854,2000,5293.67,9314.85,2000,5315.14,9253.989,2000,5347.036,9252.663,2000,5345.957,9309.71,2000,5279.684,9261.682,2000,5350.516
9250.512,2000,5346.19,9284.801,2000,5349.496,9306.677,2000,5274.118,9306.889,2000,5274.252,9315.865,2000,5293.281,9315.894,2000,5315.429,9253.268,2000,5347.844,9251.717,2000,5346.483,9310.394,2000,5278.844,9261.402,2000,5351.563
9249.536,2000,5346.661,9285.218,2000,5350.496,9306.896,2000,5273.057,9307.243,2000,5273.229,9316.877,2000,5292.895,9316.938,2000,5315.719,9252.547,2000,5348.653,9250.753,2000,5346.979,9311.078,2000,5278.004,9261.125,2000,5352.61
9248.546,2000,5347.1,9285.636,2000,5351.496,9307.079,2000,5271.989,9307.594,2000,5272.204,9317.89,2000,5292.51,9317.98,2000,5316.011,9251.826,2000,5349.462,9249.773,2000,5347.442,9311.764,2000,5277.166,9260.849,2000,5353.657
9247.542,2000,5347.506,9286.055,2000,5352.495,9307.228,2000,5270.916,9307.939,2000,5271.177,9318.903,2000,5292.127,9319.023,2000,5316.304,9251.105,2000,5350.271,9248.787,2000,5347.89,9312.45,2000,5276.327,9260.573,2000,5354.705
9246.525,2000,5347.88,9286.475,2000,5353.493,9307.341,2000,5269.838,9308.279,2000,5270.148,9319.917,2000,5291.746,9320.066,2000,5316.598,9250.385,2000,5351.08,9247.799,2000,5348.333,9313.137,2000,5275.489,9260.299,2000,5355.753
9245.497,2000,5348.22,9286.896,2000,5354.491,9307.419,2000,5268.758,9308.614,2000,5269.118,9320.932,2000,5291.366,9321.108,2000,5316.894,9249.663,2000,5351.888,9246.81,2000,5348.776,9313.824,2000,5274.652,9260.026,2000,5356.802
9244.458,2000,5348.526,9287.318,2000,5355.489,9307.462,2000,5267.675,9308.915,2000,5268.078,9321.947,2000,5290.988,9322.15,2000,5317.19,9248.916,2000,5352.672,9245.807,2000,5349.186,9314.497,2000,5273.803,9259.788,2000,5357.858
9243.409,2000,5348.798,9287.742,2000,5356.486,9307.47,2000,5266.592,9309.182,2000,5267.028,9322.963,2000,5290.612,9323.192,2000,5317.488,9248.144,2000,5353.431,9244.791,2000,5349.562,9315.179,2000,5272.96,9259.584,2000,5358.922
9242.353,2000,5349.035,9288.167,2000,5357.482,9307.441,2000,5265.509,9309.414,2000,5265.97,9323.979,2000,5290.237,9324.233,2000,5317.788,9247.347,2000,5354.165,9243.764,2000,5349.905,9315.857,2000,5272.116,9259.415,2000,5359.993
9241.288,2000,5349.238,9288.593,2000,5358.479,9307.378,2000,5264.427,9309.611,2000,5264.905,9325.008,2000,5289.896,9325.274,2000,5318.088,9246.547,2000,5354.895,9242.726,2000,5350.215,9316.533,2000,5271.27,9259.281,2000,5361.068
9240.218,2000,5349.406,9289.02,2000,5359.475,9307.279,2000,5263.349,9309.774,2000,5263.833,9326.047,2000,5289.588,9326.315,2000,5318.389,9245.76,2000,5355.64,9241.678,2000,5350.49,9317.206,2000,5270.42,9259.183,2000,5362.146
9239.143,2000,5349.539,9289.446,2000,5360.47,9307.146,2000,5262.273,9309.902,2000,5262.758,9327.095,2000,5289.314,9327.355,2000,5318.692,9244.971,2000,5356.381,9240.621,2000,5350.731,9317.876,2000,5269.569,9259.119,2000,5363.228
9238.063,2000,5349.636,9289.874,2000,5361.465,9306.977,2000,5261.204,9309.994,2000,5261.678,9328.151,2000,5289.075,9328.396,2000,5318.995,9244.179,2000,5357.12,9239.558,2000,5350.937,9318.543,2000,5268.715,9259.092,2000,5364.311
9236.981,2000,5349.698,9290.334,2000,5362.446,9306.772,2000,5260.14,9310.051,2000,5260.596,9329.215,2000,5288.871,9329.436,2000,5319.3,9243.384,2000,5357.856,9238.488,2000,5351.108,9319.206,2000,5267.858,9259.1,2000,5365.395
9235.898,2000,5349.725,9290.826,2000,5363.411,9306.534,2000,5259.083,9310.072,2000,5259.513,9330.285,2000,5288.701,9330.475,2000,5319.605,9242.586,2000,5358.589,9237.413,2000,5351.245,9319.866,2000,5267,9259.143,2000,5366.477
9234.815,2000,5349.716,9291.35,2000,5364.36,9306.261,2000,5258.035,9310.059,2000,5258.43,9331.36,2000,5288.567,9331.514,2000,5319.911,9241.786,2000,5359.319,9236.334,2000,5351.346,9320.554,2000,5266.163,9259.222,2000,5367.558
9233.733,2000,5349.672,9291.903,2000,5365.291,9305.953,2000,5256.996,9310.009,2000,5257.348,9332.439,2000,5288.468,9332.542,2000,5320.251,9240.983,2000,5360.047,9235.253,2000,5351.411,9321.269,2000,5265.349,9259.336,2000,5368.635
9232.653,2000,5349.592,9292.487,2000,5366.203,9305.612,2000,5255.968,9309.924,2000,5256.268,9333.521,2000,5288.404,9333.559,2000,5320.625,9240.179,2000,5360.773,9234.17,2000,5351.441,9322.01,2000,5264.559,9259.485,2000,5369.708
9231.576,2000,5349.478,9293.102,2000,5367.095,9305.237,2000,5254.951,9309.804,2000,5255.191,9334.604,2000,5288.375,9334.563,2000,5321.031,9239.398,2000,5361.524,9233.087,2000,5351.436,9322.776,2000,5263.793,9259.67,2000,5370.775
9230.503,2000,5349.328,9293.744,2000,5367.967,9304.83,2000,5253.947,9309.648,2000,5254.119,9335.687,2000,5288.382,9335.553,2000,5321.47,9238.643,2000,5362.301,9232.004,2000,5351.395,9323.567,2000,5263.053,9259.889,2000,5371.836
9229.436,2000,5349.143,9294.415,2000,5368.818,9304.39,2000,5252.958,9309.458,2000,5253.053,9336.769,2000,5288.425,9336.528,2000,5321.941,9237.913,2000,5363.102,9230.923,2000,5351.319,9324.383,2000,5262.34,9260.143,2000,5372.89
9228.375,2000,5348.922,9295.113,2000,5369.646,9303.917,2000,5251.982,9309.233,2000,5251.993,9337.849,2000,5288.503,9337.488,2000,5322.444,9237.21,2000,5363.926,9229.846,2000,5351.208,9325.218,2000,5261.65,9260.431,2000,5373.934
9227.322,2000,5348.668,9295.839,2000,5370.451,9303.413,2000,5251.023,9308.974,2000,5250.941,9338.926,2000,5288.616,9338.431,2000,5322.978,9236.534,2000,5364.772,9228.772,2000,5351.061,9326.049,2000,5260.956,9260.742,2000,5374.972
9226.278,2000,5348.379,9296.59,2000,5371.231,9302.878,2000,5250.082,9308.68,2000,5249.899,9339.999,2000,5288.765,9339.355,2000,5323.542,9235.887,2000,5365.641,9227.704,2000,5350.879,9326.877,2000,5260.257,9261.053,2000,5376.01
9225.244,2000,5348.056,9297.366,2000,5371.987,9302.313,2000,5249.158,9308.352,2000,5248.866,9341.066,2000,5288.948,9340.261,2000,5324.137,9235.24,2000,5366.51,9226.643,2000,5350.662,9327.701,2000,5259.554,9261.362,2000,5377.048
9224.221,2000,5347.7,9298.167,2000,5372.717,9301.717,2000,5248.253,9307.99,2000,5247.845,9342.128,2000,5289.167,9341.146,2000,5324.761,9234.591,2000,5367.377,9225.589,2000,5350.411,9328.522,2000,5258.848,9261.67,2000,5378.086
9223.21,2000,5347.31,9298.991,2000,5373.42,9301.092,2000,5247.368,9307.596,2000,5246.836,9343.185,2000,5289.407,9342.012,2000,5325.414,9233.939,2000,5368.243,9224.544,2000,5350.125,9329.34,2000,5258.137,9261.976,2000,5379.125
9222.213,2000,5346.887,9299.838,2000,5374.096,9300.438,2000,5246.504,9307.177,2000,5245.837,9344.242,2000,5289.643,9342.854,2000,5326.094,9233.285,2000,5369.106,9223.509,2000,5349.805,9330.154,2000,5257.423,9262.279,2000,5380.166
9221.229,2000,5346.432,9300.687,2000,5374.769,9299.757,2000,5245.662,9306.752,2000,5244.84,9345.301,2000,5289.875,9343.675,2000,5326.802,9232.628,2000,5369.967,9222.484,2000,5349.452,9330.966,2000,5256.706,9262.58,2000,5381.206
9220.262,2000,5345.945,9301.535,2000,5375.442,9299.048,2000,5244.843,9306.321,2000,5243.846,9346.359,2000,5290.104,9344.472,2000,5327.536,9231.969,2000,5370.827,9221.473,2000,5349.065,9331.774,2000,5255.985,9262.878,2000,5382.248
9219.311,2000,5345.427,9302.384,2000,5376.116,9298.313,2000,5244.047,9305.886,2000,5242.854,9347.419,2000,5290.328,9345.245,2000,5328.294,9231.307,2000,5371.684,9220.474,2000,5348.646,9332.58,2000,5255.261,9263.173,2000,5383.29
9218.377,2000,5344.877,9303.231,2000,5376.791,9297.552,2000,5243.275,9305.445,2000,5241.865,9348.479,2000,5290.547,9346.02,2000,5329.052,9230.642,2000,5372.539,9219.489,2000,5348.193,9333.383,2000,5254.534,9263.464,2000,5384.333
9217.462,2000,5344.298,9304.078,2000,5377.466,9296.767,2000,5242.529,9305.001,2000,5240.877,9349.541,2000,5290.763,9346.794,2000,5329.809,9229.974,2000,5373.392,9218.521,2000,5347.709,9334.184,2000,5253.804,9263.751,2000,5385.378
9216.566,2000,5343.688,9304.925,2000,5378.142,9295.957,2000,5241.81,9304.553,2000,5239.891,9350.604,2000,5290.974,9347.593,2000,5330.541,9229.303,2000,5374.243,9217.555,2000,5347.219,9334.981,2000,5253.071,9264.034,2000,5386.424
9215.691,2000,5343.05,9305.771,2000,5378.819,9295.124,2000,5241.117,9304.108,2000,5238.903,9351.667,2000,5291.18,9348.367,2000,5331.298,9228.629,2000,5375.091,9216.589,2000,5346.729,9335.776,2000,5252.335,9264.352,2000,5387.459
9214.837,2000,5342.384,9306.615,2000,5379.498,9294.27,2000,5240.451,9303.66,2000,5237.917,9352.731,2000,5291.382,9349.116,2000,5332.08,9227.952,2000,5375.937,9215.622,2000,5346.24,9336.569,2000,5251.596,9264.702,2000,5388.484
9214.005,2000,5341.69,9307.459,2000,5380.177,9293.394,2000,5239.814,9303.208,2000,5236.933,9353.797,2000,5291.58,9349.84,2000,5332.887,9227.272,2000,5376.78,9214.653,2000,5345.756,9337.359,2000,5250.855,9265.087,2000,5389.497
9213.196,2000,5340.969,9308.28,2000,5380.884,9292.497,2000,5239.206,9302.752,2000,5235.95,9354.863,2000,5291.773,9350.536,2000,5333.716,9226.59,2000,5377.622,9213.682,2000,5345.278,9338.147,2000,5250.111,9265.504,2000,5390.497
9212.412,2000,5340.222,9309.124,2000,5381.564,9291.581,2000,5238.628,9302.293,2000,5234.969,9355.922,2000,5292.001,9351.205,2000,5334.568,9225.905,2000,5378.461,9212.726,2000,5344.768,9338.933,2000,5249.365,9265.954,2000,5391.482
9211.652,2000,5339.45,9309.989,2000,5382.216,9290.646,2000,5238.08,9301.83,2000,5233.989,9356.973,2000,5292.264,9351.846,2000,5335.442,9225.218,2000,5379.298,9211.783,2000,5344.233,9339.716,2000,5248.617,9266.436,2000,5392.453
9210.918,2000,5338.653,9310.876,2000,5382.839,9289.694,2000,5237.563,9301.364,2000,5233.011,9358.015,2000,5292.561,9352.458,2000,5336.336,9224.528,2000,5380.134,9210.835,2000,5343.71,9340.497,2000,5247.866,9266.949,2000,5393.407
9210.21,2000,5337.833,9311.782,2000,5383.433,9288.726,2000,5237.077,9300.896,2000,5232.035,9359.046,2000,5292.892,9353.04,2000,5337.25,9223.837,2000,5380.968,9209.88,2000,5343.198,9341.276,2000,5247.113,9267.493,2000,5394.343
9209.529,2000,5336.99,9312.707,2000,5383.996,9287.742,2000,5236.624,9300.424,2000,5231.06,9360.066,2000,5293.256,9353.592,2000,5338.182,9223.144,2000,5381.8,9208.92,2000,5342.697,9342.054,2000,5246.358,9268.067,2000,5395.262
9208.877,2000,5336.125,9313.65,2000,5384.529,9286.744,2000,5236.202,9299.949,2000,5230.085,9361.074,2000,5293.654,9354.113,2000,5339.131,9222.449,2000,5382.631,9207.955,2000,5342.205,9342.829,2000,5245.602,9268.672,2000,5396.161
9208.253,2000,5335.239,9314.61,2000,5385.031,9285.732,2000,5235.813,9299.473,2000,5229.113,9362.068,2000,5294.084,9354.608,2000,5340.095,9221.753,2000,5383.461,9206.986,2000,5341.721,9343.603,2000,5244.843,9269.306,2000,5397.04
9207.658,2000,5334.333,9315.586,2000,5385.501,9284.709,2000,5235.458,9298.993,2000,5228.141,9363.048,2000,5294.547,9355.095,2000,5341.063,9221.056,2000,5384.291,9206.014,2000,5341.243,9344.375,2000,5244.083,9269.96,2000,5397.903
9207.094,2000,5333.409,9316.577,2000,5385.939,9283.675,2000,5235.136,9298.512,2000,5227.17,9364.012,2000,5295.042,9355.572,2000,5342.036,9220.357,2000,5385.119,9205.039,2000,5340.771,9345.146,2000,5243.322,9270.614,2000,5398.766
9206.56,2000,5332.466,9317.582,2000,5386.345,9282.63,2000,5234.849,9298.028,2000,5226.201,9364.959,2000,5295.567,9356.042,2000,5343.012,9219.658,2000,5385.946,9204.063,2000,5340.303,9345.916,2000,5242.56,9271.269,2000,5399.629
9206.057,2000,5331.507,9318.599,2000,5386.718,9281.576,2000,5234.595,9297.543,2000,5225.233,9365.905,2000,5296.095,9356.543,2000,5343.972,9218.957,2000,5386.772,9203.084,2000,5339.837,9346.71,2000,5241.823,9271.923,2000,5400.493
9205.585,2000,5330.531,9319.618,2000,5387.084,9280.515,2000,5234.376,9297.055,2000,5224.266,9366.852,2000,5296.623,9357.075,2000,5344.916,9218.255,2000,5387.597,9202.105,2000,5339.373,9347.527,2000,5241.112,9272.576,2000,5401.357
9205.146,2000,5329.541,9320.625,2000,5387.483,9279.447,2000,5234.193,9296.599,2000,5223.283,9367.814,2000,5297.12,9357.639,2000,5345.841,9217.581,2000,5388.445,9201.126,2000,5338.91,9348.368,2000,5240.429,9273.229,2000,5402.222
9204.739,2000,5328.537,9321.619,2000,5387.915,9278.374,2000,5234.044,9296.175,2000,5222.286,9368.793,2000,5297.585,9358.231,2000,5346.748,9216.935,2000,5389.315,9200.146,2000,5338.447,9349.23,2000,5239.773,9273.88,2000,5403.087
9204.366,2000,5327.52,9322.599,2000,5388.378,9277.297,2000,5233.93,9295.784,2000,5221.275,9369.786,2000,5298.019,9358.854,2000,5347.634,9216.317,2000,5390.205,9199.167,2000,5337.985,9350.114,2000,5239.146,9274.503,2000,5403.974
9204.026,2000,5326.491,9323.562,2000,5388.874,9276.217,2000,5233.852,9295.427,2000,5220.253,9370.793,2000,5298.419,9359.505,2000,5348.5,9215.729,2000,5391.115,9198.173,2000,5337.555,9351.018,2000,5238.549,9275.097,2000,5404.88
9203.721,2000,5325.452,9324.508,2000,5389.401,9275.135,2000,5233.809,9295.104,2000,5219.219,9371.813,2000,5298.786,9360.184,2000,5349.344,9215.172,2000,5392.044,9197.165,2000,5337.157,9351.94,2000,5237.981,9275.66,2000,5405.805
9203.449,2000,5324.403,9325.437,2000,5389.958,9274.052,2000,5233.802,9294.813,2000,5218.175,9372.843,2000,5299.12,9360.89,2000,5350.166,9214.645,2000,5392.99,9196.145,2000,5336.793,9352.881,2000,5237.444,9276.193,2000,5406.748
9203.212,2000,5323.346,9326.347,2000,5390.546,9272.969,2000,5233.83,9294.558,2000,5217.123,9373.884,2000,5299.419,9361.622,2000,5350.963,9214.148,2000,5393.954,9195.113,2000,5336.462,9353.839,2000,5236.938,9276.695,2000,5407.708
9203.009,2000,5322.282,9327.237,2000,5391.163,9271.888,2000,5233.893,9294.337,2000,5216.062,9374.935,2000,5299.685,9362.381,2000,5351.737,9213.685,2000,5394.933,9194.071,2000,5336.166,9354.813,2000,5236.463,9277.166,2000,5408.684
9202.841,2000,5321.211,9328.107,2000,5391.809,9270.809,2000,5233.992,9294.15,2000,5214.995,9375.993,2000,5299.916,9363.164,2000,5352.485,9213.253,2000,5395.926,9193.021,2000,5335.903,9355.802,2000,5236.021,9277.604,2000,5409.675
9202.708,2000,5320.136,9328.956,2000,5392.483,9269.733,2000,5234.126,9293.959,2000,5213.928,9377.059,2000,5300.112,9363.972,2000,5353.207,9212.854,2000,5396.934,9191.961,2000,5335.675,9356.805,2000,5235.61,9278.01,2000,5410.679
9202.61,2000,5319.057,9329.781,2000,5393.184,9268.663,2000,5234.295,9293.764,2000,5212.863,9378.13,2000,5300.273,9364.803,2000,5353.902,9212.487,2000,5397.953,9190.895,2000,5335.482,9357.82,2000,5235.233,9278.382,2000,5411.697
9202.548,2000,5317.976,9330.584,2000,5393.912,9267.6,2000,5234.499,9293.564,2000,5211.798,9379.206,2000,5300.399,9365.656,2000,5354.57,9212.155,2000,5398.984,9189.823,2000,5335.324,9358.835,2000,5234.854,9278.721,2000,5412.726
9202.521,2000,5316.893,9331.362,2000,5394.666,9266.543,2000,5234.738,9293.36,2000,5210.734,9380.285,2000,5300.49,9366.53,2000,5355.21,9211.839,2000,5400.021,9188.752,2000,5335.165,9359.85,2000,5234.474,9279.025,2000,5413.765
9202.53,2000,5315.809,9332.115,2000,5395.445,9265.495,2000,5235.011,9293.152,2000,5209.671,9381.367,2000,5300.545,9367.425,2000,5355.82,9211.521,2000,5401.056,9187.681,2000,5335,9360.863,2000,5234.091,9279.296,2000,5414.814
9202.574,2000,5314.727,9332.843,2000,5396.248,9264.456,2000,5235.318,9292.939,2000,5208.609,9382.45,2000,5300.565,9368.339,2000,5356.401,9211.201,2000,5402.091,9186.61,2000,5334.832,9361.876,2000,5233.706,9279.532,2000,5415.871
9202.654,2000,5313.646,9333.543,2000,5397.075,9263.428,2000,5235.66,9292.722,2000,5207.547,9383.533,2000,5300.549,9369.271,2000,5356.952,9210.88,2000,5403.126,9185.541,2000,5334.659,9362.888,2000,5233.318,9279.733,2000,5416.936
9202.698,2000,5312.563,9334.216,2000,5397.924,9262.389,2000,5235.967,9292.5,2000,5206.487,9384.616,2000,5300.522,9370.222,2000,5357.472,9210.558,2000,5404.16,9184.473,2000,5334.482,9363.898,2000,5232.928,9279.9,2000,5418.006
9202.707,2000,5311.48,9334.86,2000,5398.794,9261.341,2000,5236.24,9292.274,2000,5205.427,9385.699,2000,5300.495,9371.179,2000,5357.979,9210.233,2000,5405.194,9183.404,2000,5334.301,9364.896,2000,5232.505,9280.032,2000,5419.081
9202.681,2000,5310.397,9335.477,2000,5399.686,9260.284,2000,5236.479,9292.045,2000,5204.369,9386.782,2000,5300.468,9372.136,2000,5358.487,9209.908,2000,5406.227,9182.337,2000,5334.118,9365.879,2000,5232.05,9280.129,2000,5420.16
9202.637,2000,5309.314,9336.087,2000,5400.58,9259.221,2000,5236.683,9291.813,2000,5203.311,9387.865,2000,5300.442,9373.093,2000,5358.994,9209.582,2000,5407.26,9181.27,2000,5333.933,9366.847,2000,5231.563,9280.215,2000,5421.24
9202.604,2000,5308.231,9336.697,2000,5401.475,9258.15,2000,5236.852,9291.577,2000,5202.253,9388.948,2000,5300.416,9374.05,2000,5359.501,9209.255,2000,5408.293,9180.202,2000,5333.746,9367.798,2000,5231.044,9280.301,2000,5422.32
9202.605,2000,5307.148,9337.308,2000,5402.369,9257.075,2000,5236.986,9291.34,2000,5201.196,9390.031,2000,5300.389,9375.007,2000,5360.008,9208.894,2000,5409.314,9179.135,2000,5333.558,9368.731,2000,5230.495,9280.387,2000,5423.4
9202.643,2000,5306.065,9337.918,2000,5403.264,9255.996,2000,5237.085,9291.101,2000,5200.139,9391.114,2000,5300.363,9375.964,2000,5360.515,9208.499,2000,5410.324,9178.068,2000,5333.368,9369.646,2000,5229.915,9280.473,2000,5424.48
9202.716,2000,5304.984,9338.528,2000,5404.159,9254.915,2000,5237.148,9290.859,2000,5199.083,9392.197,2000,5300.336,9376.921,2000,5361.021,9208.072,2000,5411.319,9177.002,2000,5333.176,9370.542,2000,5229.306,9280.559,2000,5425.561
9202.824,2000,5303.906,9339.139,2000,5405.054,9253.832,2000,5237.176,9290.617,2000,5198.027,9393.28,2000,5300.31,9377.878,2000,5361.528,9207.613,2000,5412.3,9175.937,2000,5332.982,9371.417,2000,5228.667,9280.646,2000,5426.641
9202.968,2000,5302.833,9339.749,2000,5405.949,9252.749,2000,5237.169,9290.373,2000,5196.972,9394.363,2000,5300.283,9378.835,2000,5362.035,9207.122,2000,5413.266,9174.871,2000,5332.785,9372.271,2000,5228.001,9280.732,2000,5427.721
9203.146,2000,5301.764,9340.359,2000,5406.844,9251.667,2000,5237.126,9290.128,2000,5195.917,9395.446,2000,5300.255,9379.792,2000,5362.542,9206.6,2000,5414.215,9173.807,2000,5332.584,9373.103,2000,5227.307,9280.819,2000,5428.801
9203.359,2000,5300.702,9340.97,2000,5407.739,9250.587,2000,5237.048,9289.882,2000,5194.861,9396.529,2000,5300.228,9380.749,2000,5363.049,9206.046,2000,5415.147,9172.743,2000,5332.38,9373.911,2000,5226.585,9280.906,2000,5429.881
9203.607,2000,5299.647,9341.58,2000,5408.634,9249.51,2000,5236.934,9289.635,2000,5193.807,9397.612,2000,5300.2,9381.706,2000,5363.556,9205.463,2000,5416.06,9171.68,2000,5332.172,9374.701,2000,5225.844,9280.992,2000,5430.961
9203.89,2000,5298.602,9342.19,2000,5409.529,9248.437,2000,5236.785,9289.387,2000,5192.752,9398.695,2000,5300.171,9382.663,2000,5364.063,9204.85,2000,5416.953,9170.617,2000,5331.961,9375.49,2000,5225.102,9281.078,2000,5432.041
9204.206,2000,5297.565,9342.801,2000,5410.425,9247.369,2000,5236.602,9289.139,2000,5191.697,9399.778,2000,5300.142,9383.621,2000,5364.569,9204.208,2000,5417.825,9169.556,2000,5331.745,9376.278,2000,5224.359,9281.163,2000,5433.121
9204.556,2000,5296.54,9343.411,2000,5411.32,9246.308,2000,5236.383,9288.89,2000,5190.643,9400.861,2000,5300.112,9384.578,2000,5365.076,9203.538,2000,5418.676,9168.495,2000,5331.525,9377.066,2000,5223.615,9281.248,2000,5434.201
9204.939,2000,5295.527,9344.021,2000,5412.215,9245.254,2000,5236.129,9288.641,2000,5189.589,9401.944,2000,5300.082,9385.536,2000,5365.582,9202.846,2000,5419.51,9167.436,2000,5331.3,9377.854,2000,5222.871,9281.332,2000,5435.281
9205.355,2000,5294.527,9344.632,2000,5413.111,9244.209,2000,5235.842,9288.392,2000,5188.535,9403.027,2000,5300.051,9386.494,2000,5366.088,9202.153,2000,5420.343,9166.377,2000,5331.07,9378.641,2000,5222.126,9281.415,2000,5436.361
9205.805,2000,5293.541,9345.242,2000,5414.006,9243.175,2000,5235.52,9288.143,2000,5187.48,9404.11,2000,5300.02,9387.452,2000,5366.595,9201.46,2000,5421.175,9165.319,2000,5330.836,9379.427,2000,5221.381,9281.498,2000,5437.441
9206.285,2000,5292.57,9345.853,2000,5414.902,9242.151,2000,5235.165,9287.894,2000,5186.426,9405.193,2000,5299.987,9388.41,2000,5367.101,9200.766,2000,5422.007,9164.263,2000,5330.597,9380.212,2000,5220.635,9281.58,2000,5438.521
9206.798,2000,5291.616,9346.463,2000,5415.797,9241.14,2000,5234.776,9287.646,2000,5185.372,9406.276,2000,5299.955,9389.368,2000,5367.607,9200.07,2000,5422.838,9163.207,2000,5330.352,9380.997,2000,5219.888,9281.661,2000,5439.602
9207.341,2000,5290.679,9347.073,2000,5416.693,9240.142,2000,5234.354,9287.397,2000,5184.317,9407.359,2000,5299.922,9390.326,2000,5368.114,9199.375,2000,5423.669,9162.153,2000,5330.103,9381.781,2000,5219.141,9281.742,2000,5440.682
9207.914,2000,5289.76,9347.684,2000,5417.588,9239.158,2000,5233.901,9287.185,2000,5183.255,9408.442,2000,5299.888,9391.284,2000,5368.62,9198.652,2000,5424.477,9161.092,2000,5329.888,9382.541,2000,5218.369,9281.822,2000,5441.762
9208.518,2000,5288.86,9348.293,2000,5418.484,9238.189,2000,5233.415,9287.006,2000,5182.187,9409.525,2000,5299.854,9392.242,2000,5369.126,9197.904,2000,5425.26,9160.023,2000,5329.708,9383.274,2000,5217.572,9281.901,2000,5442.843
9209.15,2000,5287.98,9348.902,2000,5419.379,9237.237,2000,5232.898,9286.862,2000,5181.113,9410.608,2000,5299.819,9393.2,2000,5369.632,9197.131,2000,5426.018,9158.95,2000,5329.563,9383.981,2000,5216.751,9281.98,2000,5443.923
9209.812,2000,5287.122,9349.512,2000,5420.275,9236.303,2000,5232.35,9286.754,2000,5180.035,9411.691,2000,5299.783,9394.158,2000,5370.138,9196.333,2000,5426.751,9157.872,2000,5329.453,9384.661,2000,5215.908,9282.059,2000,5445.004
9210.5,2000,5286.286,9350.121,2000,5421.17,9235.387,2000,5231.772,9286.681,2000,5178.954,9412.774,2000,5299.747,9395.116,2000,5370.644,9195.512,2000,5427.457,9156.791,2000,5329.378,9385.313,2000,5215.042,9282.135,2000,5446.084
9211.216,2000,5285.473,9350.73,2000,5422.066,9234.49,2000,5231.164,9286.644,2000,5177.871,9413.857,2000,5299.709,9396.074,2000,5371.149,9194.668,2000,5428.136,9155.708,2000,5329.339,9385.937,2000,5214.157,9282.21,2000,5447.165
9211.958,2000,5284.683,9351.34,2000,5422.962,9233.59,2000,5230.562,9286.642,2000,5176.788,9414.94,2000,5299.67,9397.032,2000,5371.655,9193.802,2000,5428.787,9154.625,2000,5329.335,9386.53,2000,5213.251,9282.284,2000,5448.246
9212.726,2000,5283.918,9351.949,2000,5423.858,9232.684,2000,5229.968,9286.675,2000,5175.705,9416.023,2000,5299.63,9397.99,2000,5372.161,9192.915,2000,5429.409,9153.542,2000,5329.367,9387.095,2000,5212.326,9282.357,2000,5449.327
9213.518,2000,5283.179,9352.559,2000,5424.754,9231.771,2000,5229.385,9286.744,2000,5174.624,9417.106,2000,5299.589,9398.948,2000,5372.667,9192.009,2000,5430.001,9152.461,2000,5329.434,9387.628,2000,5211.383,9282.429,2000,5450.408
9214.333,2000,5282.466,9353.168,2000,5425.65,9230.851,2000,5228.812,9286.849,2000,5173.545,9418.188,2000,5299.546,9399.906,2000,5373.172,9191.083,2000,5430.564,9151.383,2000,5329.537,9388.131,2000,5210.423,9282.498,2000,5451.489
9215.172,2000,5281.781,9353.777,2000,5426.546,9229.925,2000,5228.25,9286.988,2000,5172.471,9419.271,2000,5299.501,9400.864,2000,5373.678,9190.14,2000,5431.097,9150.309,2000,5329.674,9388.602,2000,5209.448,9282.566,2000,5452.57
9216.032,2000,5281.123,9354.387,2000,5427.442,9228.991,2000,5227.7,9287.163,2000,5171.402,9420.353,2000,5299.456,9401.822,2000,5374.183,9189.18,2000,5431.598,9149.239,2000,5329.847,9389.04,2000,5208.457,9282.633,2000,5453.651
9216.914,2000,5280.494,9354.995,2000,5428.338,9228.051,2000,5227.162,9287.372,2000,5170.339,9421.435,2000,5299.408,9402.78,2000,5374.688,9188.203,2000,5432.067,9148.176,2000,5330.055,9389.446,2000,5207.453,9282.697,2000,5454.733
9217.815,2000,5279.894,9355.604,2000,5429.234,9227.104,2000,5226.636,9287.616,2000,5169.283,9422.517,2000,5299.358,9403.738,2000,5375.194,9187.212,2000,5432.505,9147.12,2000,5330.297,9389.819,2000,5206.436,9282.76,2000,5455.814
9218.736,2000,5279.323,9356.212,2000,5430.13,9226.148,2000,5226.124,9287.895,2000,5168.236,9423.599,2000,5299.306,9404.696,2000,5375.699,9186.207,2000,5432.91,9146.072,2000,5330.574,9390.159,2000,5205.407,9282.819,2000,5456.896
9219.676,2000,5278.783,9356.82,2000,5431.026,9225.187,2000,5225.625,9288.207,2000,5167.199,9424.681,2000,5299.252,9405.654,2000,5376.205,9185.189,2000,5433.281,9145.034,2000,5330.885,9390.465,2000,5204.367,9282.877,2000,5457.978
9220.632,2000,5278.274,9357.429,2000,5431.923,9224.218,2000,5225.142,9288.554,2000,5166.173,9425.761,2000,5299.163,9406.612,2000,5376.709,9184.16,2000,5433.619,9144.007,2000,5331.229,9390.736,2000,5203.318,9282.899,2000,5459.061
9221.604,2000,5277.797,9358.037,2000,5432.819,9223.241,2000,5224.672,9288.934,2000,5165.158,9426.837,2000,5299.039,9407.57,2000,5377.214,9183.12,2000,5433.923,9142.991,2000,5331.607,9390.974,2000,5202.261,9282.886,2000,5460.145
9222.592,2000,5277.352,9358.646,2000,5433.715,9222.258,2000,5224.218,9289.347,2000,5164.157,9427.908,2000,5298.879,9408.528,2000,5377.719,9182.071,2000,5434.193,9141.989,2000,5332.019,9391.176,2000,5201.197,9282.837,2000,5461.227
9223.594,2000,5276.939,9359.253,2000,5434.612,9221.268,2000,5223.779,9289.792,2000,5163.169,9428.974,2000,5298.684,9409.487,2000,5378.224,9181.014,2000,5434.429,9141.001,2000,5332.462,9391.343,2000,5200.126,9282.753,2000,5462.307
9224.608,2000,5276.559,9359.86,2000,5435.509,9220.271,2000,5223.356,9290.27,2000,5162.196,9430.032,2000,5298.455,9410.446,2000,5378.728,9179.949,2000,5434.629,9140.027,2000,5332.938,9391.475,2000,5199.051,9282.634,2000,5463.383
9225.635,2000,5276.213,9360.467,2000,5436.407,9219.267,2000,5222.948,9290.778,2000,5161.24,9431.083,2000,5298.19,9411.405,2000,5379.231,9178.879,2000,5434.795,9139.07,2000,5333.445,9391.571,2000,5197.972,9282.479,2000,5464.456
9226.672,2000,5275.9,9361.073,2000,5437.304,9218.257,2000,5222.557,9291.318,2000,5160.301,9432.124,2000,5297.892,9412.364,2000,5379.734,9177.804,2000,5434.926,9138.13,2000,5333.984,9391.633,2000,5196.891,9282.29,2000,5465.522
9227.719,2000,5275.622,9361.679,2000,5438.202,9217.241,2000,5222.181,9291.889,2000,5159.38,9433.155,2000,5297.56,9413.324,2000,5380.237,9176.725,2000,5435.022,9137.208,2000,5334.553,9391.659,2000,5195.808,9282.065,2000,5466.582
9228.774,2000,5275.378,9362.284,2000,5439.101,9216.22,2000,5221.82,9292.489,2000,5158.478,9434.175,2000,5297.194,9414.284,2000,5380.739,9175.643,2000,5435.082,9136.306,2000,5335.151,9391.649,2000,5194.724,9281.807,2000,5467.634
9229.837,2000,5275.168,9362.889,2000,5440,9215.192,2000,5221.476,9293.119,2000,5157.596,9435.182,2000,5296.795,9415.245,2000,5381.24,9174.56,2000,5435.107,9135.423,2000,5335.779,9391.604,2000,5193.642,9281.514,2000,5468.677
9230.906,2000,5274.994,9363.492,2000,5440.899,9214.177,2000,5221.098,9293.777,2000,5156.735,9436.176,2000,5296.364,9416.206,2000,5381.74,9173.477,2000,5435.096,9134.562,2000,5336.436,9391.524,2000,5192.561,9281.187,2000,5469.709
9231.98,2000,5274.854,9364.095,2000,5441.8,9213.175,2000,5220.687,9294.463,2000,5155.896,9437.155,2000,5295.9,9417.168,2000,5382.239,9172.395,2000,5435.05,9133.722,2000,5337.121,9391.409,2000,5191.484,9280.826,2000,5470.731
9233.059,2000,5274.75,9364.696,2000,5442.701,9212.187,2000,5220.243,9295.176,2000,5155.081,9438.118,2000,5295.404,9418.13,2000,5382.737,9171.314,2000,5434.969,9132.904,2000,5337.832,9391.259,2000,5190.411,9280.433,2000,5471.74
9234.14,2000,5274.681,9365.297,2000,5443.603,9211.213,2000,5219.767,9295.915,2000,5154.289,9439.064,2000,5294.877,9419.093,2000,5383.234,9170.237,2000,5434.852,9132.111,2000,5338.57,9391.073,2000,5189.344,9280.006,2000,5472.736
9235.223,2000,5274.647,9365.896,2000,5444.505,9210.256,2000,5219.26,9296.68,2000,5153.521,9439.993,2000,5294.32,9420.056,2000,5383.729,9169.165,2000,5434.7,9131.343,2000,5339.333,9390.853,2000,5188.283,9279.547,2000,5473.717
9236.306,2000,5274.649,9366.494,2000,5445.408,9209.315,2000,5218.721,9297.469,2000,5152.779,9440.903,2000,5293.732,9421.02,2000,5384.224,9168.099,2000,5434.513,9130.6,2000,5340.121,9390.598,2000,5187.23,9279.056,2000,5474.683
9237.389,2000,5274.687,9367.091,2000,5446.313,9208.394,2000,5218.152,9298.233,2000,5152.011,9441.794,2000,5293.115,9421.984,2000,5384.716,9167.038,2000,5434.292,9129.883,2000,5340.933,9390.377,2000,5186.17,9278.533,2000,5475.632
9238.47,2000,5274.76,9367.686,2000,5447.218,9207.49,2000,5217.554,9298.973,2000,5151.219,9442.664,2000,5292.469,9422.95,2000,5385.208,9165.985,2000,5434.035,9129.192,2000,5341.768,9390.191,2000,5185.103,9277.98,2000,5476.564
9239.548,2000,5274.868,9368.278,2000,5448.124,9206.607,2000,5216.926,9299.686,2000,5150.403,9443.512,2000,5291.795,9423.917,2000,5385.697,9164.925,2000,5433.813,9128.476,2000,5342.58,9390.041,2000,5184.03,9277.397,2000,5477.477
9240.622,2000,5275.011,9368.87,2000,5449.032,9205.746,2000,5216.27,9300.371,2000,5149.564,9444.337,2000,5291.093,9424.885,2000,5386.185,9163.858,2000,5433.626,9127.732,2000,5343.368,9389.926,2000,5182.953,9276.784,2000,5478.371
9241.69,2000,5275.189,9369.46,2000,5449.94,9204.906,2000,5215.585,9301.029,2000,5148.704,9445.139,2000,5290.365,9425.854,2000,5386.67,9162.786,2000,5433.475,9126.964,2000,5344.131,9389.846,2000,5181.872,9276.143,2000,5479.243
9242.753,2000,5275.403,9370.048,2000,5450.851,9204.089,2000,5214.874,9301.659,2000,5147.822,9445.917,2000,5289.611,9426.823,2000,5387.154,9161.709,2000,5433.358,9126.171,2000,5344.869,9389.801,2000,5180.79,9275.473,2000,5480.095
9243.808,2000,5275.651,9370.634,2000,5451.762,9203.296,2000,5214.136,9302.26,2000,5146.92,9446.67,2000,5288.833,9427.794,2000,5387.636,9160.629,2000,5433.276,9125.354,2000,5345.581,9389.791,2000,5179.706,9274.775,2000,5480.924
9244.854,2000,5275.933,9371.189,2000,5452.692,9202.527,2000,5213.373,9302.83,2000,5145.999,9447.396,2000,5288.029,9428.779,2000,5388.085,9159.547,2000,5433.23,9124.514,2000,5346.265,9389.817,2000,5178.623,9274.051,2000,5481.729
9245.89,2000,5276.25,9371.715,2000,5453.64,9201.784,2000,5212.585,9303.37,2000,5145.06,9448.097,2000,5287.203,9429.779,2000,5388.502,9158.464,2000,5433.22,9123.652,2000,5346.922,9389.879,2000,5177.542,9273.301,2000,5482.511
9246.915,2000,5276.6,9372.209,2000,5454.604,9201.067,2000,5211.773,9303.879,2000,5144.104,9448.77,2000,5286.354,9430.792,2000,5388.887,9157.381,2000,5433.245,9122.77,2000,5347.55,9389.976,2000,5176.462,9272.525,2000,5483.268
9247.929,2000,5276.983,9372.671,2000,5455.584,9200.377,2000,5210.938,9304.356,2000,5143.131,9449.414,2000,5285.483,9431.817,2000,5389.237,9156.3,2000,5433.305,9121.867,2000,5348.148,9390.107,2000,5175.387,9271.726,2000,5483.999
9248.929,2000,5277.399,9373.101,2000,5456.579,9199.715,2000,5210.081,9304.802,2000,5142.143,9450.03,2000,5284.592,9432.854,2000,5389.554,9155.221,2000,5433.4,9120.945,2000,5348.717,9390.274,2000,5174.317,9270.902,2000,5484.703
9249.915,2000,5277.848,9373.497,2000,5457.586,9199.075,2000,5209.207,9305.215,2000,5141.142,9450.617,2000,5283.681,9433.899,2000,5389.837,9154.146,2000,5433.531,9120.005,2000,5349.256,9390.477,2000,5173.252,9270.057,2000,5485.38
9250.886,2000,5278.329,9373.86,2000,5458.607,9198.431,2000,5208.336,9305.595,2000,5140.127,9451.174,2000,5282.751,9434.954,2000,5390.086,9153.075,2000,5433.697,9119.048,2000,5349.763,9390.714,2000,5172.195,9269.189,2000,5486.029
9251.84,2000,5278.841,9374.19,2000,5459.639,9197.781,2000,5207.469,9305.941,2000,5139.101,9451.699,2000,5281.804,9436.016,2000,5390.3,9152.012,2000,5433.898,9118.074,2000,5350.239,9390.985,2000,5171.146,9268.301,2000,5486.649
9252.777,2000,5279.385,9374.486,2000,5460.681,9197.127,2000,5206.605,9306.254,2000,5138.063,9452.193,2000,5280.84,9437.084,2000,5390.479,9150.955,2000,5434.133,9117.086,2000,5350.683,9391.291,2000,5170.107,9267.393,2000,5487.24
9253.696,2000,5279.958,9374.748,2000,5461.732,9196.469,2000,5205.745,9306.532,2000,5137.017,9452.656,2000,5279.861,9438.157,2000,5390.623,9149.906,2000,5434.403,9116.084,2000,5351.094,9391.631,2000,5169.078,9266.466,2000,5487.8
9254.596,2000,5280.562,9374.976,2000,5462.791,9195.808,2000,5204.887,9306.776,2000,5135.961,9453.087,2000,5278.867,9439.235,2000,5390.732,9148.867,2000,5434.708,9115.069,2000,5351.472,9392.004,2000,5168.061,9265.521,2000,5488.331
9255.476,2000,5281.195,9375.168,2000,5463.857,9195.143,2000,5204.032,9306.985,2000,5134.898,9453.484,2000,5277.859,9440.316,2000,5390.806,9147.839,2000,5435.045,9114.042,2000,5351.816,9392.41,2000,5167.057,9264.56,2000,5488.83
9256.334,2000,5281.856,9375.325,2000,5464.929,9194.476,2000,5203.178,9307.16,2000,5133.829,9453.849,2000,5276.839,9441.399,2000,5390.844,9146.822,2000,5435.417,9113.004,2000,5352.127,9392.849,2000,5166.066,9263.582,2000,5489.297
9257.17,2000,5282.545,9375.447,2000,5466.005,9193.837,2000,5202.303,9307.3,2000,5132.754,9454.18,2000,5275.807,9442.482,2000,5390.847,9145.818,2000,5435.821,9111.957,2000,5352.404,9393.319,2000,5165.09,9262.59,2000,5489.732
9258.001,2000,5283.239,9375.534,2000,5467.084,9193.227,2000,5201.408,9307.404,2000,5131.676,9454.477,2000,5274.765,9443.565,2000,5390.814,9144.828,2000,5436.258,9110.901,2000,5352.646,9393.822,2000,5164.13,9261.584,2000,5490.134
9258.832,2000,5283.934,9375.586,2000,5468.167,9192.646,2000,5200.494,9307.474,2000,5130.595,9454.739,2000,5273.714,9444.646,2000,5390.746,9143.853,2000,5436.727,9109.838,2000,5352.854,9394.355,2000,5163.188,9260.565,2000,5490.503
9259.664,2000,5284.627,9375.603,2000,5469.25,9192.097,2000,5199.561,9307.507,2000,5129.512,9454.967,2000,5272.655,9445.725,2000,5390.642,9142.894,2000,5437.227,9108.769,2000,5353.027,9394.92,2000,5162.263,9259.535,2000,5490.839
9260.496,2000,5285.321,9375.583,2000,5470.333,9191.577,2000,5198.61,9307.505,2000,5128.429,9455.16,2000,5271.589,9446.799,2000,5390.503,9141.951,2000,5437.759,9107.694,2000,5353.165,9395.514,2000,5161.357,9258.495,2000,5491.141
9261.329,2000,5286.014,9375.528,2000,5471.415,9191.089,2000,5197.643,9307.468,2000,5127.346,9455.318,2000,5270.517,9447.868,2000,5390.33,9141.027,2000,5438.321,9106.616,2000,5353.267,9396.137,2000,5160.471,9257.445,2000,5491.408
9262.163,2000,5286.706,9375.438,2000,5472.494,9190.633,2000,5196.66,9307.395,2000,5126.265,9455.441,2000,5269.441,9448.932,2000,5390.121,9140.122,2000,5438.913,9105.535,2000,5353.334,9396.789,2000,5159.606,9256.388,2000,5491.641
9262.997,2000,5287.396,9375.313,2000,5473.57,9190.209,2000,5195.663,9307.286,2000,5125.187,9455.529,2000,5268.361,9449.987,2000,5389.878,9139.237,2000,5439.534,9104.452,2000,5353.366,9397.469,2000,5158.763,9255.322,2000,5491.839
9263.833,2000,5288.086,9375.153,2000,5474.642,9189.818,2000,5194.653,9307.143,2000,5124.113,9455.582,2000,5267.279,9451.034,2000,5389.6,9138.373,2000,5440.184,9103.369,2000,5353.362,9398.176,2000,5157.942,9254.251,2000,5492.003
9264.67,2000,5288.774,9374.958,2000,5475.707,9189.461,2000,5193.63,9306.964,2000,5123.045,9455.599,2000,5266.196,9452.071,2000,5389.288,9137.53,2000,5440.861,9102.287,2000,5353.323,9398.909,2000,5157.145,9253.175,2000,5492.131
9265.508,2000,5289.46,9374.728,2000,5476.766,9189.137,2000,5192.597,9306.751,2000,5121.983,9455.58,2000,5265.113,9453.098,2000,5388.942,9136.711,2000,5441.566,9101.206,2000,5353.249,9399.669,2000,5156.373,9252.096,2000,5492.224
9266.348,2000,5290.145,9374.463,2000,5477.816,9188.847,2000,5191.553,9306.503,2000,5120.928,9455.526,2000,5264.031,9454.112,2000,5388.563,9135.915,2000,5442.297,9100.129,2000,5353.139,9400.453,2000,5155.625,9251.014,2000,5492.282
9267.189,2000,5290.827,9374.164,2000,5478.857,9188.591,2000,5190.5,9306.221,2000,5119.882,9455.438,2000,5262.952,9455.114,2000,5388.151,9135.144,2000,5443.053,9099.056,2000,5352.994,9401.262,2000,5154.904,9249.931,2000,5492.304
9268.033,2000,5291.507,9373.831,2000,5479.888,9188.37,2000,5189.439,9305.904,2000,5118.846,9455.313,2000,5261.875,9456.103,2000,5387.707,9134.397,2000,5443.834,9097.987,2000,5352.813,9402.093,2000,5154.21,9248.848,2000,5492.291
9268.879,2000,5292.184,9373.465,2000,5480.908,9188.184,2000,5188.372,9305.555,2000,5117.821,9455.152,2000,5260.804,9457.075,2000,5387.23,9133.678,2000,5444.639,9096.926,2000,5352.599,9402.946,2000,5153.543,9247.766,2000,5492.242
9269.727,2000,5292.858,9373.065,2000,5481.915,9188.032,2000,5187.299,9305.171,2000,5116.808,9454.958,2000,5259.738,9458.032,2000,5386.722,9132.984,2000,5445.466,9095.872,2000,5352.349,9403.821,2000,5152.904,9246.686,2000,5492.158
9270.577,2000,5293.529,9372.633,2000,5482.908,9187.916,2000,5186.222,9304.755,2000,5115.808,9454.729,2000,5258.68,9458.972,2000,5386.183,9132.319,2000,5446.316,9094.827,2000,5352.065,9404.717,2000,5152.295,9245.608,2000,5492.039
9271.431,2000,5294.197,9372.168,2000,5483.886,9187.835,2000,5185.142,9304.306,2000,5114.822,9454.465,2000,5257.629,9459.894,2000,5385.613,9131.683,2000,5447.187,9093.792,2000,5351.748,9405.632,2000,5151.715,9244.536,2000,5491.884
9272.287,2000,5294.86,9371.672,2000,5484.849,9187.79,2000,5184.059,9303.825,2000,5113.851,9454.167,2000,5256.587,9460.796,2000,5385.013,9131.074,2000,5448.077,9092.768,2000,5351.396,9406.565,2000,5151.165,9243.47,2000,5491.695
9273.146,2000,5295.52,9371.145,2000,5485.795,9187.78,2000,5182.976,9303.313,2000,5112.896,9453.835,2000,5255.556,9461.678,2000,5384.384,9130.496,2000,5448.987,9091.755,2000,5351.011,9407.517,2000,5150.646,9242.41,2000,5491.471
9274.01,2000,5296.174,9370.586,2000,5486.724,9187.806,2000,5181.893,9302.77,2000,5111.959,9453.47,2000,5254.537,9462.539,2000,5383.727,9129.948,2000,5449.916,9090.756,2000,5350.593,9408.484,2000,5150.159,9241.358,2000,5491.212
9274.877,2000,5296.824,9369.998,2000,5487.633,9187.866,2000,5180.811,9302.196,2000,5111.041,9453.071,2000,5253.529,9463.378,2000,5383.042,9129.431,2000,5450.861,9089.771,2000,5350.143,9409.467,2000,5149.703,9240.315,2000,5490.919
9275.748,2000,5297.468,9369.38,2000,5488.523,9187.963,2000,5179.732,9301.593,2000,5110.141,9452.64,2000,5252.536,9464.194,2000,5382.33,9128.944,2000,5451.822,9088.801,2000,5349.66,9410.464,2000,5149.28,9239.282,2000,5490.592
9276.624,2000,5298.106,9368.733,2000,5489.393,9188.095,2000,5178.657,9300.96,2000,5109.261,9452.176,2000,5251.557,9464.987,2000,5381.591,9128.49,2000,5452.798,9087.848,2000,5349.146,9411.475,2000,5148.89,9238.261,2000,5490.231
9277.505,2000,5298.737,9368.059,2000,5490.24,9188.262,2000,5177.586,9300.299,2000,5108.403,9451.68,2000,5250.593,9465.755,2000,5380.827,9128.068,2000,5453.789,9086.911,2000,5348.602,9412.497,2000,5148.533,9237.252,2000,5489.837
9278.391,2000,5299.361,9367.356,2000,5491.065,9188.464,2000,5176.522,9299.61,2000,5107.566,9451.152,2000,5249.646,9466.497,2000,5380.038,9127.68,2000,5454.792,9085.993,2000,5348.026,9413.531,2000,5148.209,9236.256,2000,5489.41
9279.282,2000,5299.977,9366.628,2000,5491.867,9188.7,2000,5175.465,9298.895,2000,5106.753,9450.595,2000,5248.718,9467.214,2000,5379.226,9127.324,2000,5455.806,9085.095,2000,5347.421,9414.575,2000,5147.92,9235.274,2000,5488.951
9280.18,2000,5300.584,9365.873,2000,5492.645,9188.971,2000,5174.416,9298.152,2000,5105.964,9450.007,2000,5247.808,9467.903,2000,5378.39,9127.002,2000,5456.832,9084.217,2000,5346.788,9415.628,2000,5147.665,9234.309,2000,5488.46
9281.084,2000,5301.181,9365.094,2000,5493.397,9189.275,2000,5173.376,9297.385,2000,5105.199,9449.39,2000,5246.917,9468.565,2000,5377.532,9126.714,2000,5457.867,9083.359,2000,5346.125,9416.688,2000,5147.445,9233.359,2000,5487.938
9281.995,2000,5301.766,9364.29,2000,5494.124,9189.614,2000,5172.348,9296.593,2000,5104.46,9448.744,2000,5246.048,9469.198,2000,5376.653,9126.46,2000,5458.91,9082.524,2000,5345.436,9417.756,2000,5147.259,9232.428,2000,5487.384
9282.914,2000,5302.339,9363.463,2000,5494.823,9189.986,2000,5171.331,9295.777,2000,5103.747,9448.07,2000,5245.2,9469.803,2000,5375.754,9126.24,2000,5459.961,9081.713,2000,5344.719,9418.829,2000,5147.109,9231.515,2000,5486.801
9283.842,2000,5302.898,9362.613,2000,5495.496,9190.392,2000,5170.326,9294.938,2000,5103.062,9447.369,2000,5244.374,9470.377,2000,5374.835,9126.055,2000,5461.018,9080.925,2000,5343.976,9419.906,2000,5146.994,9230.621,2000,5486.188
9284.779,2000,5303.441,9361.742,2000,5496.14,9190.83,2000,5169.335,9294.078,2000,5102.403,9446.641,2000,5243.572,9470.921,2000,5373.898,9125.904,2000,5462.08,9080.161,2000,5343.207,9420.986,2000,5146.914,9229.748,2000,5485.546
9285.728,2000,5303.965,9360.851,2000,5496.755,9191.301,2000,5168.359,9293.196,2000,5101.774,9445.887,2000,5242.794,9471.434,2000,5372.944,9125.789,2000,5463.146,9079.424,2000,5342.414,9422.068,2000,5146.869,9228.896,2000,5484.876
9286.688,2000,5304.468,9359.939,2000,5497.341,9191.803,2000,5167.399,9292.295,2000,5101.174,9445.107,2000,5242.041,9471.915,2000,5371.974,9125.708,2000,5464.215,9078.713,2000,5341.597,9423.148,2000,5146.789,9228.067,2000,5484.179
9287.66,2000,5304.945,9359.01,2000,5497.896,9192.336,2000,5166.457,9291.374,2000,5100.604,9444.305,2000,5241.314,9472.364,2000,5370.988,9125.662,2000,5465.285,9078.028,2000,5340.757,9424.226,2000,5146.673,9227.262,2000,5483.455
9288.647,2000,5305.391,9358.063,2000,5498.421,9192.899,2000,5165.531,9290.435,2000,5100.063,9443.479,2000,5240.614,9472.781,2000,5369.988,9125.651,2000,5466.356,9077.372,2000,5339.896,9425.299,2000,5146.523,9226.48,2000,5482.705
9289.648,2000,5305.805,9357.099,2000,5498.915,9193.493,2000,5164.625,9289.479,2000,5099.555,9442.63,2000,5239.941,9473.165,2000,5368.976,9125.676,2000,5467.427,9076.744,2000,5339.013,9426.366,2000,5146.337,9225.724,2000,5481.93
9290.663,2000,5306.186,9356.119,2000,5499.377,9194.116,2000,5163.739,9288.506,2000,5099.077,9441.76,2000,5239.296,9473.516,2000,5367.951,9125.735,2000,5468.496,9076.146,2000,5338.11,9427.427,2000,5146.117,9224.993,2000,5481.13
9291.689,2000,5306.533,9355.125,2000,5499.807,9194.768,2000,5162.874,9287.519,2000,5098.632,9440.868,2000,5238.681,9473.833,2000,5366.915,9125.83,2000,5469.563,9075.576,2000,5337.188,9428.479,2000,5145.862,9224.289,2000,5480.307
9292.727,2000,5306.846,9354.117,2000,5500.204,9195.447,2000,5162.03,9286.517,2000,5098.219,9439.957,2000,5238.094,9474.116,2000,5365.869,9125.89,2000,5470.631,9075.038,2000,5336.248,9429.523,2000,5145.573,9223.612,2000,5479.461
9293.773,2000,5307.125,9353.097,2000,5500.567,9196.154,2000,5161.209,9285.502,2000,5097.839,9439.027,2000,5237.538,9474.365,2000,5364.815,9125.914,2000,5471.701,9074.53,2000,5335.291,9430.558,2000,5145.25,9222.963,2000,5478.593
9294.829,2000,5307.371,9352.064,2000,5500.897,9196.888,2000,5160.412,9284.476,2000,5097.493,9438.08,2000,5237.013,9474.579,2000,5363.753,9125.903,2000,5472.771,9074.055,2000,5334.318,9431.58,2000,5144.893,9222.343,2000,5477.705
9295.892,2000,5307.581,9351.022,2000,5501.193,9197.646,2000,5159.639,9283.438,2000,5097.181,9437.116,2000,5236.519,9474.758,2000,5362.685,9125.857,2000,5473.839,9073.611,2000,5333.33,9432.591,2000,5144.502,9221.752,2000,5476.797
9296.961,2000,5307.756,9349.972,2000,5501.455,9198.431,2000,5158.891,9282.392,2000,5096.902,9436.137,2000,5236.056,9474.902,2000,5361.611,9125.777,2000,5474.905,9073.2,2000,5332.327,9433.588,2000,5144.079,9221.191,2000,5475.87
9298.035,2000,5307.897,9348.912,2000,5501.682,9199.238,2000,5158.169,9281.336,2000,5096.658,9435.143,2000,5235.626,9475.012,2000,5360.533,9125.662,2000,5475.968,9072.822,2000,5331.312,9434.57,2000,5143.624,9220.661,2000,5474.925
9299.113,2000,5308.002,9347.846,2000,5501.875,9200.069,2000,5157.475,9280.273,2000,5096.449,9434.135,2000,5235.229,9475.085,2000,5359.452,9125.512,2000,5477.026,9072.478,2000,5330.285,9435.538,2000,5143.136,9220.162,2000,5473.964
9300.194,2000,5308.072,9346.773,2000,5502.032,9200.923,2000,5156.807,9279.204,2000,5096.274,9433.114,2000,5234.864,9475.123,2000,5358.37,9125.327,2000,5478.078,9072.167,2000,5329.248,9436.489,2000,5142.617,9219.695,2000,5472.986
9301.277,2000,5308.106,9345.697,2000,5502.155,9201.754,2000,5156.112,9278.142,2000,5096.064,9432.083,2000,5234.534,9475.126,2000,5357.286,9125.108,2000,5479.123,9071.891,2000,5328.2,9437.423,2000,5142.067,9219.261,2000,5471.994
9302.36,2000,5308.105,9344.617,2000,5502.242,9202.562,2000,5155.391,9277.086,2000,5095.82,9431.041,2000,5234.237,9475.094,2000,5356.203,9124.855,2000,5480.16,9071.648,2000,5327.145,9438.338,2000,5141.487,9218.858,2000,5470.988
9303.443,2000,5308.069,9343.535,2000,5502.293,9203.346,2000,5154.643,9276.039,2000,5095.542,9429.99,2000,5233.974,9475.025,2000,5355.122,9124.569,2000,5481.188,9071.44,2000,5326.082,9439.233,2000,5140.878,9218.489,2000,5469.97
9304.524,2000,5307.997,9342.452,2000,5502.31,9204.104,2000,5153.87,9275.002,2000,5095.229,9428.932,2000,5233.746,9474.922,2000,5354.043,9124.25,2000,5482.205,9071.268,2000,5325.012,9440.108,2000,5140.239,9218.153,2000,5468.94
9305.603,2000,5307.89,9341.369,2000,5502.291,9204.838,2000,5153.073,9273.976,2000,5094.883,9427.865,2000,5233.553,9474.783,2000,5352.969,9123.897,2000,5483.21,9071.13,2000,5323.938,9440.962,2000,5139.572,9217.852,2000,5467.899
9306.677,2000,5307.748,9340.287,2000,5502.236,9205.545,2000,5152.252,9272.961,2000,5094.503,9426.794,2000,5233.395,9474.609,2000,5351.9,9123.513,2000,5484.203,9071.027,2000,5322.859,9441.793,2000,5138.878,9217.584,2000,5466.85
9307.745,2000,5307.57,9339.207,2000,5502.146,9206.225,2000,5151.408,9271.959,2000,5094.091,9425.718,2000,5233.271,9474.4,2000,5350.837,9123.096,2000,5485.182,9070.96,2000,5321.778,9442.602,2000,5138.157,9217.351,2000,5465.792
9308.808,2000,5307.358,9338.131,2000,5502.021,9206.876,2000,5150.543,9270.972,2000,5093.646,9424.638,2000,5233.184,9474.157,2000,5349.781,9122.647,2000,5486.146,9070.929,2000,5320.695,9443.386,2000,5137.41,9217.152,2000,5464.727
9309.862,2000,5307.111,9337.06,2000,5501.86,9207.499,2000,5149.657,9269.999,2000,5093.168,9423.556,2000,5233.131,9473.88,2000,5348.734,9122.168,2000,5487.094,9070.933,2000,5319.611,9444.146,2000,5136.637,9216.989,2000,5463.656
9310.908,2000,5306.83,9335.994,2000,5501.665,9208.093,2000,5148.75,9269.043,2000,5092.659,9422.473,2000,5233.114,9473.568,2000,5347.696,9121.658,2000,5488.025,9070.972,2000,5318.529,9444.879,2000,5135.84,9216.861,2000,5462.58
9311.944,2000,5306.514,9334.936,2000,5501.435,9208.656,2000,5147.825,9268.104,2000,5092.119,9421.39,2000,5233.133,9473.223,2000,5346.669,9121.119,2000,5488.938,9071.046,2000,5317.448,9445.586,2000,5135.02,9216.769,2000,5461.501
9312.97,2000,5306.165,9333.885,2000,5501.17,9209.189,2000,5146.882,9267.183,2000,5091.549,9420.308,2000,5233.187,9472.844,2000,5345.655,9120.551,2000,5489.833,9071.156,2000,5316.371,9446.266,2000,5134.176,9216.711,2000,5460.419
9313.983,2000,5305.783,9332.844,2000,5500.872,9209.691,2000,5145.922,9266.281,2000,5090.949,9419.228,2000,5233.276,9472.432,2000,5344.653,9120.013,2000,5490.744,9071.302,2000,5315.297,9446.918,2000,5133.311,9216.688,2000,5459.336
9314.984,2000,5305.367,9331.813,2000,5500.539,9210.162,2000,5144.946,9265.399,2000,5090.319,9418.151,2000,5233.4,9471.987,2000,5343.665,9119.505,2000,5491.671,9071.481,2000,5314.229,9447.541,2000,5132.425,9216.702,2000,5458.253
9315.971,2000,5304.919,9330.793,2000,5500.172,9210.601,2000,5143.956,9264.539,2000,5089.661,9417.08,2000,5233.56,9471.511,2000,5342.692,9119.028,2000,5492.613,9071.696,2000,5313.167,9448.135,2000,5131.52,9216.751,2000,5457.171
9316.941,2000,5304.439,9329.786,2000,5499.773,9211.006,2000,5142.951,9263.7,2000,5088.976,9416.015,2000,5233.755,9471.003,2000,5341.736,9118.583,2000,5493.57,9071.946,2000,5312.112,9448.699,2000,5130.595,9216.835,2000,5456.091
9317.896,2000,5303.927,9328.793,2000,5499.341,9211.378,2000,5141.934,9262.885,2000,5088.263,9414.956,2000,5233.984,9470.464,2000,5340.796,9118.17,2000,5494.54,9072.23,2000,5311.067,9449.232,2000,5129.652,9216.954,2000,5455.014
9318.834,2000,5303.385,9327.814,2000,5498.876,9211.717,2000,5140.905,9262.093,2000,5087.523,9413.905,2000,5234.249,9469.895,2000,5339.875,9117.789,2000,5495.521,9072.549,2000,5310.031,9449.735,2000,5128.692,9217.108,2000,5453.942
9319.754,2000,5302.812,9326.852,2000,5498.38,9212.021,2000,5139.866,9261.325,2000,5086.759,9412.864,2000,5234.547,9469.295,2000,5338.973,9117.441,2000,5496.514,9072.9,2000,5309.007,9450.206,2000,5127.716,9217.298,2000,5452.875
9320.654,2000,5302.209,9325.905,2000,5497.853,9212.292,2000,5138.817,9260.583,2000,5085.969,9411.833,2000,5234.879,9468.666,2000,5338.09,9117.126,2000,5497.517,9073.285,2000,5307.994,9450.645,2000,5126.726,9217.522,2000,5451.815
9321.534,2000,5301.578,9324.977,2000,5497.295,9212.528,2000,5137.76,9259.867,2000,5085.156,9410.813,2000,5235.245,9468.009,2000,5337.229,9116.844,2000,5498.529,9073.703,2000,5306.995,9451.051,2000,5125.721,9217.781,2000,5450.764
9322.393,2000,5300.917,9324.066,2000,5496.707,9212.73,2000,5136.695,9259.179,2000,5084.32,9409.807,2000,5235.644,9467.323,2000,5336.39,9116.596,2000,5499.549,9074.153,2000,5306.009,9451.424,2000,5124.704,9218.074,2000,5449.721
9323.229,2000,5300.229,9323.177,2000,5496.089,9212.897,2000,5135.625,9258.518,2000,5083.461,9408.813,2000,5236.075,9466.611,2000,5335.573,9116.381,2000,5500.577,9074.636,2000,5305.04,9451.764,2000,5123.675,9218.401,2000,5448.688
9324.043,2000,5299.515,9322.308,2000,5495.442,9213.029,2000,5134.55,9257.885,2000,5082.582,9407.827,2000,5236.524,9465.873,2000,5334.781,9116.2,2000,5501.61,9075.149,2000,5304.086,9452.069,2000,5122.636,9218.762,2000,5447.667
9324.833,2000,5298.773,9321.46,2000,5494.768,9213.126,2000,5133.471,9257.281,2000,5081.682,9406.841,2000,5236.973,9465.109,2000,5334.013,9116.053,2000,5502.648,9075.694,2000,5303.149,9452.341,2000,5121.587,9219.155,2000,5446.657
9325.599,2000,5298.007,9320.635,2000,5494.065,9213.187,2000,5132.389,9256.708,2000,5080.763,9405.854,2000,5237.421,9464.32,2000,5333.27,9115.939,2000,5503.691,9076.27,2000,5302.231,9452.578,2000,5120.53,9219.582,2000,5445.662
9326.339,2000,5297.215,9319.833,2000,5493.337,9213.212,2000,5131.306,9256.165,2000,5079.826,9404.854,2000,5237.836,9463.508,2000,5332.554,9115.86,2000,5504.736,9076.874,2000,5301.333,9452.78,2000,5119.465,9220.041,2000,5444.68
9327.053,2000,5296.4,9319.056,2000,5492.583,9213.202,2000,5130.223,9255.652,2000,5078.872,9403.84,2000,5238.218,9462.672,2000,5331.864,9115.815,2000,5505.784,9077.508,2000,5300.454,9452.947,2000,5118.395,9220.503,2000,5443.7
9327.739,2000,5295.563,9318.304,2000,5491.803,9213.157,2000,5129.14,9255.172,2000,5077.901,9402.814,2000,5238.567,9461.814,2000,5331.203,9115.805,2000,5506.833,9078.17,2000,5299.597,9453.079,2000,5117.32,9220.966,2000,5442.721
9328.398,2000,5294.703,9317.577,2000,5491,9213.076,2000,5128.06,9254.723,2000,5076.915,9401.778,2000,5238.882,9460.936,2000,5330.569,9115.829,2000,5507.882,9078.86,2000,5298.762,9453.176,2000,5116.241,9221.43,2000,5441.742
9329.028,2000,5293.821,9316.877,2000,5490.172,9212.96,2000,5126.982,9254.307,2000,5075.915,9400.732,2000,5239.163,9460.036,2000,5329.965,9115.888,2000,5508.93,9079.577,2000,5297.95,9453.237,2000,5115.159,9221.895,2000,5440.763
9329.629,2000,5292.92,9316.205,2000,5489.323,9212.809,2000,5125.91,9253.923,2000,5074.902,9399.678,2000,5239.409,9459.117,2000,5329.391,9115.98,2000,5509.976,9080.32,2000,5297.162,9453.264,2000,5114.076,9222.36,2000,5439.785
9330.2,2000,5292,9315.561,2000,5488.452,9212.622,2000,5124.842,9253.573,2000,5073.876,9398.615,2000,5239.621,9458.181,2000,5328.847,9116.107,2000,5511.019,9081.089,2000,5296.398,9453.254,2000,5112.993,9222.826,2000,5438.807
9330.741,2000,5291.061,9314.945,2000,5487.56,9212.401,2000,5123.782,9253.257,2000,5072.84,9397.547,2000,5239.798,9457.227,2000,5328.334,9116.269,2000,5512.058,9081.882,2000,5295.661,9453.209,2000,5111.91,9223.293,2000,5437.83
9331.251,2000,5290.105,9314.359,2000,5486.649,9212.146,2000,5122.729,9252.975,2000,5071.794,9396.473,2000,5239.94,9456.256,2000,5327.853,9116.464,2000,5513.092,9082.699,2000,5294.949,9453.129,2000,5110.83,9223.761,2000,5436.853
9331.729,2000,5289.133,9313.804,2000,5485.719,9211.855,2000,5121.685,9252.727,2000,5070.74,9395.395,2000,5240.047,9455.271,2000,5327.403,9116.693,2000,5514.12,9083.539,2000,5294.265,9453.014,2000,5109.752,9224.229,2000,5435.875
9332.176,2000,5288.146,9313.278,2000,5484.771,9211.531,2000,5120.651,9252.514,2000,5069.678,9394.313,2000,5240.119,9454.271,2000,5326.986,9116.956,2000,5515.141,9084.4,2000,5293.608,9452.863,2000,5108.68,9224.697,2000,5434.899
9332.59,2000,5287.144,9312.784,2000,5483.807,9211.174,2000,5119.629,9252.335,2000,5068.609,9393.23,2000,5240.155,9453.258,2000,5326.602,9117.253,2000,5516.154,9085.283,2000,5292.98,9452.678,2000,5107.612,9225.166,2000,5433.922
9332.971,2000,5286.13,9312.322,2000,5482.827,9210.783,2000,5118.619,9252.191,2000,5067.536,9392.147,2000,5240.155,9452.232,2000,5326.251,9117.583,2000,5517.158,9086.186,2000,5292.381,9452.457,2000,5106.552,9225.603,2000,5432.931
9333.318,2000,5285.104,9311.893,2000,5481.832,9210.359,2000,5117.622,9252.083,2000,5066.458,9391.064,2000,5240.121,9451.2,2000,5325.923,9117.945,2000,5518.152,9087.107,2000,5291.813,9452.202,2000,5105.499,9226.007,2000,5431.926
9333.632,2000,5284.066,9311.496,2000,5480.824,9209.903,2000,5116.639,9252.01,2000,5065.376,9389.983,2000,5240.05,9450.168,2000,5325.594,9118.341,2000,5519.134,9088.048,2000,5291.274,9451.913,2000,5104.455,9226.378,2000,5430.908
9333.911,2000,5283.02,9311.133,2000,5479.804,9209.415,2000,5115.672,9251.973,2000,5064.294,9388.905,2000,5239.945,9449.137,2000,5325.262,9118.769,2000,5520.104,9089.005,2000,5290.767,9451.59,2000,5103.421,9226.715,2000,5429.878
9334.156,2000,5281.964,9310.803,2000,5478.772,9208.896,2000,5114.721,9251.971,2000,5063.21,9387.831,2000,5239.804,9448.105,2000,5324.929,9119.229,2000,5521.061,9089.979,2000,5290.291,9451.232,2000,5102.398,9227.019,2000,5428.838
9334.366,2000,5280.902,9310.507,2000,5477.73,9208.346,2000,5113.788,9252.004,2000,5062.127,9386.762,2000,5239.628,9447.075,2000,5324.594,9119.72,2000,5522.002,9090.967,2000,5289.847,9450.842,2000,5101.387,9227.288,2000,5427.789
9334.542,2000,5279.833,9310.245,2000,5476.679,9207.766,2000,5112.874,9252.073,2000,5061.046,9385.699,2000,5239.417,9446.046,2000,5324.257,9120.242,2000,5522.929,9091.969,2000,5289.436,9450.419,2000,5100.39,9227.522,2000,5426.731
9334.683,2000,5278.759,9310.018,2000,5475.62,9207.155,2000,5111.979,9252.178,2000,5059.968,9384.645,2000,5239.172,9445.017,2000,5323.918,9120.796,2000,5523.838,9092.984,2000,5289.058,9449.964,2000,5099.407,9227.723,2000,5425.667
9334.788,2000,5277.681,9309.825,2000,5474.554,9206.517,2000,5111.104,9252.317,2000,5058.894,9383.598,2000,5238.892,9443.988,2000,5323.577,9121.379,2000,5524.73,9094.012,2000,5288.713,9449.477,2000,5098.44,9227.888,2000,5424.596
9334.858,2000,5276.6,9309.668,2000,5473.482,9205.85,2000,5110.25,9252.492,2000,5057.825,9382.561,2000,5238.578,9442.961,2000,5323.234,9121.992,2000,5525.604,9095.05,2000,5288.402,9448.958,2000,5097.489,9228.018,2000,5423.521
9334.893,2000,5275.517,9309.546,2000,5472.406,9205.154,2000,5109.419,9252.701,2000,5056.762,9381.534,2000,5238.23,9441.934,2000,5322.89,9122.634,2000,5526.458,9096.098,2000,5288.125,9448.408,2000,5096.555,9228.112,2000,5422.441
9334.892,2000,5274.433,9309.459,2000,5471.326,9204.433,2000,5108.611,9252.945,2000,5055.706,9380.521,2000,5237.85,9440.907,2000,5322.543,9123.304,2000,5527.291,9097.153,2000,5287.883,9447.828,2000,5095.64,9228.172,2000,5421.36
9334.855,2000,5273.351,9309.407,2000,5470.244,9203.685,2000,5107.827,9253.224,2000,5054.659,9379.52,2000,5237.436,9439.882,2000,5322.194,9124.001,2000,5528.102,9098.217,2000,5287.676,9447.219,2000,5094.745,9228.196,2000,5420.277
9334.783,2000,5272.27,9309.391,2000,5469.161,9202.911,2000,5107.068,9253.536,2000,5053.622,9378.532,2000,5236.989,9438.856,2000,5321.843,9124.726,2000,5528.891,9099.286,2000,5287.503,9446.58,2000,5093.87,9228.185,2000,5419.193
9334.676,2000,5271.191,9309.41,2000,5468.078,9202.113,2000,5106.334,9253.883,2000,5052.596,9377.561,2000,5236.51,9437.832,2000,5321.49,9125.476,2000,5529.656,9100.36,2000,5287.365,9445.913,2000,5093.016,9228.138,2000,5418.111
9334.533,2000,5270.118,9309.465,2000,5466.996,9201.292,2000,5105.627,9254.263,2000,5051.581,9376.604,2000,5236,9436.809,2000,5321.135,9126.251,2000,5530.397,9101.438,2000,5287.263,9445.219,2000,5092.184,9228.056,2000,5417.031
9334.355,2000,5269.049,9309.555,2000,5465.917,9200.448,2000,5104.948,9254.676,2000,5050.58,9375.666,2000,5235.459,9435.786,2000,5320.778,9127.051,2000,5531.113,9102.52,2000,5287.195,9444.497,2000,5091.376,9227.938,2000,5415.954
9334.144,2000,5267.986,9309.68,2000,5464.84,9199.583,2000,5104.296,9255.121,2000,5049.592,9374.746,2000,5234.887,9434.764,2000,5320.419,9127.874,2000,5531.803,9103.603,2000,5287.164,9443.75,2000,5090.592,9227.786,2000,5414.881
9333.896,2000,5266.932,9309.84,2000,5463.769,9198.696,2000,5103.673,9255.599,2000,5048.619,9373.845,2000,5234.286,9433.742,2000,5320.058,9128.721,2000,5532.465,9104.686,2000,5287.157,9442.978,2000,5089.833,9227.599,2000,5413.814
9333.615,2000,5265.885,9310.035,2000,5462.704,9197.79,2000,5103.079,9256.107,2000,5047.663,9372.964,2000,5233.655,9432.722,2000,5319.695,9129.589,2000,5533.101,9105.769,2000,5287.148,9442.181,2000,5089.099,9227.376,2000,5412.754
9333.3,2000,5264.849,9310.266,2000,5461.645,9196.865,2000,5102.516,9256.647,2000,5046.724,9372.104,2000,5232.996,9431.701,2000,5319.331,9130.478,2000,5533.708,9106.852,2000,5287.135,9441.36,2000,5088.391,9227.119,2000,5411.702
9332.95,2000,5263.823,9310.53,2000,5460.595,9195.922,2000,5101.982,9257.218,2000,5045.803,9371.267,2000,5232.309,9430.682,2000,5318.965,9131.387,2000,5534.285,9107.935,2000,5287.12,9440.517,2000,5087.711,9226.828,2000,5410.659
9332.567,2000,5262.81,9310.829,2000,5459.553,9194.962,2000,5101.48,9257.818,2000,5044.901,9370.452,2000,5231.595,9429.663,2000,5318.597,9132.314,2000,5534.833,9109.018,2000,5287.101,9439.651,2000,5087.059,9226.503,2000,5409.625
9332.152,2000,5261.809,9311.162,2000,5458.522,9193.986,2000,5101.01,9258.448,2000,5044.019,9369.661,2000,5230.855,9428.645,2000,5318.227,9133.26,2000,5535.351,9110.101,2000,5287.079,9438.766,2000,5086.435,9226.144,2000,5408.604
9331.704,2000,5260.823,9311.528,2000,5457.503,9192.995,2000,5100.572,9259.106,2000,5043.158,9368.895,2000,5230.089,9427.627,2000,5317.854,9134.222,2000,5535.837,9111.184,2000,5287.054,9437.859,2000,5085.841,9225.751,2000,5407.594
9331.224,2000,5259.852,9311.928,2000,5456.496,9191.99,2000,5100.167,9259.792,2000,5042.319,9368.153,2000,5229.299,9426.61,2000,5317.48,9135.2,2000,5536.292,9112.267,2000,5287.025,9436.935,2000,5085.277,9225.326,2000,5406.597
9330.712,2000,5258.896,9312.36,2000,5455.503,9190.973,2000,5099.794,9260.505,2000,5041.503,9367.438,2000,5228.485,9425.594,2000,5317.105,9136.193,2000,5536.715,9113.35,2000,5286.994,9435.992,2000,5084.743,9224.869,2000,5405.615
9330.169,2000,5257.959,9312.76,2000,5454.496,9189.943,2000,5099.456,9261.244,2000,5040.711,9366.751,2000,5227.648,9424.578,2000,5316.728,9137.2,2000,5537.105,9114.433,2000,5286.96,9435.032,2000,5084.241,9224.444,2000,5404.619
9329.596,2000,5257.04,9313.126,2000,5453.477,9188.904,2000,5099.15,9262.009,2000,5039.944,9366.091,2000,5226.789,9423.563,2000,5316.348,9138.219,2000,5537.462,9115.516,2000,5286.922,9434.057,2000,5083.77,9224.052,2000,5403.609
9328.993,2000,5256.139,9313.459,2000,5452.446,9187.855,2000,5098.879,9262.798,2000,5039.202,9365.459,2000,5225.908,9422.55,2000,5315.967,9139.249,2000,5537.786,9116.599,2000,5286.882,9433.066,2000,5083.332,9223.692,2000,5402.587
9328.361,2000,5255.259,9313.758,2000,5451.404,9186.798,2000,5098.643,9263.611,2000,5038.486,9364.856,2000,5225.008,9421.536,2000,5315.584,9140.29,2000,5538.076,9117.681,2000,5286.838,9432.063,2000,5082.926,9223.367,2000,5401.554
9327.701,2000,5254.4,9314.022,2000,5450.354,9185.733,2000,5098.441,9264.447,2000,5037.797,9364.284,2000,5224.088,9420.523,2000,5315.2,9141.34,2000,5538.332,9118.763,2000,5286.791,9431.045,2000,5082.553,9223.076,2000,5400.51
9327.013,2000,5253.563,9314.253,2000,5449.295,9184.663,2000,5098.275,9265.306,2000,5037.136,9363.742,2000,5223.15,9419.512,2000,5314.813,9142.397,2000,5538.553,9119.845,2000,5286.741,9430.017,2000,5082.213,9222.819,2000,5399.458
9326.298,2000,5252.75,9314.448,2000,5448.23,9183.588,2000,5098.143,9266.185,2000,5036.503,9363.231,2000,5222.195,9418.5,2000,5314.425,9143.462,2000,5538.739,9120.927,2000,5286.688,9428.978,2000,5081.908,9222.597,2000,5398.398
9325.557,2000,5251.959,9314.608,2000,5447.159,9182.509,2000,5098.047,9267.084,2000,5035.899,9362.752,2000,5221.224,9417.489,2000,5314.036,9144.532,2000,5538.891,9122.009,2000,5286.632,9427.929,2000,5081.636,9222.409,2000,5397.331
9324.79,2000,5251.194,9314.733,2000,5446.083,9181.427,2000,5097.986,9268.003,2000,5035.326,9362.305,2000,5220.237,9416.479,2000,5313.644,9145.607,2000,5539.008,9123.091,2000,5286.573,9426.872,2000,5081.399,9222.257,2000,5396.259
9323.999,2000,5250.455,9314.823,2000,5445.003,9180.344,2000,5097.96,9268.94,2000,5034.782,9361.89,2000,5219.237,9415.47,2000,5313.251,9146.686,2000,5539.089,9124.172,2000,5286.51,9425.808,2000,5081.197,9222.14,2000,5395.182
9323.184,2000,5249.741,9314.878,2000,5443.921,9179.261,2000,5097.97,9269.895,2000,5034.27,9361.508,2000,5218.223,9414.461,2000,5312.856,9147.767,2000,5539.135,9125.253,2000,5286.445,9424.737,2000,5081.03,9222.058,2000,5394.102
9322.346,2000,5249.055,9314.897,2000,5442.838,9178.179,2000,5098.016,9270.865,2000,5033.789,9361.159,2000,5217.197,9413.453,2000,5312.459,9148.849,2000,5539.146,9126.334,2000,5286.376,9423.662,2000,5080.897,9222.011,2000,5393.019
9321.485,2000,5248.396,9314.881,2000,5441.755,9177.099,2000,5098.096,9271.852,2000,5033.339,9360.844,2000,5216.161,9412.445,2000,5312.062,9149.931,2000,5539.121,9127.415,2000,5286.305,9422.583,2000,5080.8,9221.999,2000,5391.936
9320.604,2000,5247.766,9314.829,2000,5440.673,9176.021,2000,5098.212,9272.852,2000,5032.923,9360.563,2000,5215.114,9411.438,2000,5311.662,9151.011,2000,5539.061,9128.496,2000,5286.23,9421.501,2000,5080.739,9222.023,2000,5390.853
9319.703,2000,5247.165,9314.742,2000,5439.593,9174.949,2000,5098.364,9273.864,2000,5032.539,9360.316,2000,5214.06,9410.433,2000,5311.261,9152.089,2000,5538.966,9129.576,2000,5286.152,9420.418,2000,5080.712,9222.083,2000,5389.771
9318.782,2000,5246.593,9314.62,2000,5438.517,9173.882,2000,5098.55,9274.89,2000,5032.189,9360.104,2000,5212.997,9409.427,2000,5310.858,9153.163,2000,5538.835,9130.656,2000,5286.072,9419.335,2000,5080.722,9222.178,2000,5388.692
9317.844,2000,5246.052,9314.463,2000,5437.445,9172.821,2000,5098.771,9275.926,2000,5031.873,9359.928,2000,5211.928,9408.422,2000,5310.454,9154.232,2000,5538.669,9131.736,2000,5285.988,9418.253,2000,5080.767,9222.308,2000,5387.616
9316.888,2000,5245.542,9314.271,2000,5436.379,9171.769,2000,5099.026,9276.972,2000,5031.59,9359.786,2000,5210.854,9407.417,2000,5310.048,9155.296,2000,5538.469,9132.816,2000,5285.902,9417.173,2000,5080.847,9222.473,2000,5386.545
9315.916,2000,5245.064,9314.043,2000,5435.32,9170.725,2000,5099.316,9278.026,2000,5031.342,9359.68,2000,5209.776,9406.413,2000,5309.641,9156.353,2000,5538.233,9133.896,2000,5285.813,9416.096,2000,5080.962,9222.673,2000,5385.481
9314.929,2000,5244.618,9313.781,2000,5434.269,9169.69,2000,5099.64,9279.089,2000,5031.129,9359.608,2000,5208.695,9405.41,2000,5309.232,9157.4,2000,5537.963,9134.976,2000,5285.72,9415.022,2000,5081.112,9222.907,2000,5384.423
9313.928,2000,5244.205,9313.485,2000,5433.227,9168.668,2000,5099.998,9280.157,2000,5030.95,9359.572,2000,5207.612,9404.407,2000,5308.822,9158.439,2000,5537.659,9136.055,2000,5285.625,9413.955,2000,5081.298,9223.177,2000,5383.374
9312.913,2000,5243.824,9313.171,2000,5432.19,9167.657,2000,5100.388,9281.231,2000,5030.807,9359.571,2000,5206.529,9403.405,2000,5308.411,9159.468,2000,5537.321,9137.134,2000,5285.527,9412.895,2000,5081.518,9223.48,2000,5382.334
9311.887,2000,5243.477,9312.857,2000,5431.153,9166.66,2000,5100.812,9282.31,2000,5030.698,9359.606,2000,5205.446,9402.403,2000,5307.999,9160.484,2000,5536.95,9138.213,2000,5285.427,9411.842,2000,5081.773,9223.817,2000,5381.305
9310.85,2000,5243.163,9312.544,2000,5430.116,9165.678,2000,5101.268,9283.391,2000,5030.625,9359.677,2000,5204.365,9401.402,2000,5307.585,9161.488,2000,5536.545,9139.291,2000,5285.324,9410.798,2000,5082.063,9224.188,2000,5380.287
9309.803,2000,5242.884,9312.23,2000,5429.079,9164.711,2000,5101.756,9284.474,2000,5030.588,9359.782,2000,5203.287,9400.401,2000,5307.17,9162.479,2000,5536.108,9140.369,2000,5285.218,9409.764,2000,5082.386,9224.593,2000,5379.281
9308.747,2000,5242.639,9311.951,2000,5428.033,9163.76,2000,5102.275,9285.557,2000,5030.586,9359.923,2000,5202.212,9399.401,2000,5306.754,9163.454,2000,5535.639,9141.447,2000,5285.109,9408.741,2000,5082.743,9224.964,2000,5378.263
9307.685,2000,5242.428,9311.706,2000,5426.978,9162.826,2000,5102.826,9286.64,2000,5030.619,9360.099,2000,5201.144,9398.401,2000,5306.337,9164.414,2000,5535.138,9142.525,2000,5284.999,9407.73,2000,5083.133,9225.301,2000,5377.234
9306.615,2000,5242.253,9311.495,2000,5425.915,9161.911,2000,5103.406,9287.721,2000,5030.688,9360.31,2000,5200.081,9397.402,2000,5305.919,9165.357,2000,5534.606,9143.603,2000,5284.885,9406.733,2000,5083.556,9225.604,2000,5376.194
9305.541,2000,5242.112,9311.319,2000,5424.846,9161.016,2000,5104.016,9288.799,2000,5030.792,9360.555,2000,5199.026,9396.403,2000,5305.5,9166.282,2000,5534.043,9144.68,2000,5284.77,9405.751,2000,5084.012,9225.874,2000,5375.145
9304.463,2000,5242.007,9311.179,2000,5423.772,9160.141,2000,5104.655,9289.873,2000,5030.931,9360.835,2000,5197.979,9395.404,2000,5305.081,9167.188,2000,5533.451,9145.757,2000,5284.651,9404.783,2000,5084.499,9226.108,2000,5374.087
9303.382,2000,5241.938,9311.073,2000,5422.694,9159.287,2000,5105.323,9290.942,2000,5031.105,9361.148,2000,5196.943,9394.406,2000,5304.66,9168.075,2000,5532.829,9146.833,2000,5284.531,9403.832,2000,5085.018,9226.309,2000,5373.022
9302.299,2000,5241.903,9311.003,2000,5421.613,9158.456,2000,5106.018,9292.005,2000,5031.315,9361.496,2000,5195.917,9393.408,2000,5304.238,9168.94,2000,5532.178,9147.909,2000,5284.408,9402.898,2000,5085.568,9226.474,2000,5371.952
9301.216,2000,5241.904,9310.968,2000,5420.53,9157.648,2000,5106.739,9293.061,2000,5031.559,9361.877,2000,5194.903,9392.411,2000,5303.815,9169.784,2000,5531.499,9148.985,2000,5284.284,9401.983,2000,5086.148,9226.604,2000,5370.876
9300.133,2000,5241.94,9310.969,2000,5419.446,9156.864,2000,5107.487,9294.107,2000,5031.837,9362.291,2000,5193.902,9391.414,2000,5303.392,9170.605,2000,5530.793,9150.062,2000,5284.157,9401.088,2000,5086.757,9226.698,2000,5369.797
9299.052,2000,5242.012,9311.005,2000,5418.364,9156.105,2000,5108.26,9295.145,2000,5032.15,9362.737,2000,5192.915,9390.417,2000,5302.967,9171.403,2000,5530.061,9151.137,2000,5284.029,9400.213,2000,5087.396,9226.758,2000,5368.715
9297.974,2000,5242.119,9311.076,2000,5417.283,9155.372,2000,5109.057,9296.171,2000,5032.496,9363.216,2000,5191.943,9389.421,2000,5302.542,9172.177,2000,5529.302,9152.212,2000,5283.898,9399.359,2000,5088.063,9226.782,2000,5367.632
9296.899,2000,5242.262,9311.183,2000,5416.205,9154.665,2000,5109.878,9297.186,2000,5032.875,9363.726,2000,5190.988,9388.425,2000,5302.116,9172.925,2000,5528.519,9153.287,2000,5283.766,9398.528,2000,5088.757,9226.771,2000,5366.549
9295.831,2000,5242.439,9311.325,2000,5415.131,9153.985,2000,5110.722,9298.188,2000,5033.288,9364.267,2000,5190.049,9387.429,2000,5301.689,9173.646,2000,5527.712,9154.362,2000,5283.632,9397.72,2000,5089.479,9226.724,2000,5365.466
9294.769,2000,5242.651,9311.502,2000,5414.062,9153.334,2000,5111.587,9299.175,2000,5033.733,9364.838,2000,5189.129,9386.434,2000,5301.262,9174.342,2000,5526.881,9155.438,2000,5283.497,9396.936,2000,5090.226,9226.642,2000,5364.386
9293.714,2000,5242.898,9311.714,2000,5413,9152.711,2000,5112.473,9300.147,2000,5034.21,9365.439,2000,5188.228,9385.438,2000,5300.834,9175.01,2000,5526.029,9156.512,2000,5283.36,9396.176,2000,5090.998,9226.524,2000,5363.309
9292.668,2000,5243.18,9311.961,2000,5411.945,9152.117,2000,5113.379,9301.104,2000,5034.719,9366.07,2000,5187.347,9384.443,2000,5300.406,9175.649,2000,5525.155,9157.586,2000,5283.222,9395.442,2000,5091.795,9226.372,2000,5362.236
9291.632,2000,5243.495,9312.242,2000,5410.898,9151.554,2000,5114.305,9302.043,2000,5035.259,9366.729,2000,5186.487,9383.448,2000,5299.978,9176.26,2000,5524.26,9158.66,2000,5283.083,9394.683,2000,5092.567,9226.185,2000,5361.169
9290.606,2000,5243.844,9312.558,2000,5409.862,9151.021,2000,5115.248,9302.964,2000,5035.83,9367.416,2000,5185.649,9382.453,2000,5299.548,9176.841,2000,5523.346,9159.734,2000,5282.943,9393.898,2000,5093.314,9225.962,2000,5360.109
9289.593,2000,5244.227,9312.906,2000,5408.836,9150.519,2000,5116.208,9303.866,2000,5036.43,9368.13,2000,5184.834,9381.459,2000,5299.119,9177.392,2000,5522.414,9160.809,2000,5282.802,9393.09,2000,5094.036,9225.705,2000,5359.057
9288.592,2000,5244.642,9313.222,2000,5407.8,9150.048,2000,5117.184,9304.748,2000,5037.059,9368.87,2000,5184.043,9380.465,2000,5298.689,9177.911,2000,5521.463,9161.878,2000,5282.625,9392.259,2000,5094.73,9225.482,2000,5357.997
9287.605,2000,5245.09,9313.503,2000,5406.753,9149.609,2000,5118.174,9305.608,2000,5037.717,9369.636,2000,5183.277,9379.471,2000,5298.259,9178.399,2000,5520.497,9162.94,2000,5282.414,9391.405,2000,5095.397,9225.295,2000,5356.93
9286.635,2000,5245.57,9313.75,2000,5405.699,9149.204,2000,5119.179,9306.447,2000,5038.402,9370.426,2000,5182.536,9378.477,2000,5297.829,9178.856,2000,5519.515,9163.995,2000,5282.168,9390.53,2000,5096.036,9225.143,2000,5355.857
9285.68,2000,5246.082,9313.962,2000,5404.636,9148.832,2000,5120.196,9307.263,2000,5039.115,9371.24,2000,5181.821,9377.482,2000,5297.398,9179.281,2000,5518.518,9165.042,2000,5281.888,9389.635,2000,5096.645,9225.025,2000,5354.78
9284.742,2000,5246.625,9314.139,2000,5403.567,9148.493,2000,5121.225,9308.055,2000,5039.854,9372.077,2000,5181.134,9376.488,2000,5296.968,9179.675,2000,5517.509,9166.079,2000,5281.573,9388.72,2000,5097.225,9224.943,2000,5353.7
9283.822,2000,5247.197,9314.281,2000,5402.494,9148.188,2000,5122.264,9308.822,2000,5040.619,9372.937,2000,5180.474,9375.494,2000,5296.537,9180.068,2000,5516.5,9167.104,2000,5281.225,9387.824,2000,5097.834,9224.896,2000,5352.618
9282.922,2000,5247.8,9314.388,2000,5401.416,9147.918,2000,5123.313,9309.564,2000,5041.408,9373.816,2000,5179.842,9374.5,2000,5296.106,9180.461,2000,5515.491,9168.118,2000,5280.844,9386.949,2000,5098.473,9224.885,2000,5351.534
9282.042,2000,5248.432,9314.459,2000,5400.334,9147.682,2000,5124.37,9310.28,2000,5042.221,9374.717,2000,5179.24,9373.506,2000,5295.676,9180.853,2000,5514.481,9169.119,2000,5280.429,9386.096,2000,5099.14,9224.909,2000,5350.451
9281.184,2000,5249.092,9314.495,2000,5399.252,9147.479,2000,5125.435,9310.969,2000,5043.057,9375.637,2000,5178.667,9372.512,2000,5295.245,9181.244,2000,5513.471,9170.105,2000,5279.982,9385.265,2000,5099.834,9224.969,2000,5349.37
9280.347,2000,5249.78,9314.496,2000,5398.168,9147.313,2000,5126.505,9311.63,2000,5043.915,9376.574,2000,5178.125,9371.518,2000,5294.815,9181.635,2000,5512.461,9171.077,2000,5279.503,9384.456,2000,5100.556,9225.063,2000,5348.291
9279.533,2000,5250.495,9314.461,2000,5397.085,9147.181,2000,5127.58,9312.263,2000,5044.794,9377.529,2000,5177.614,9370.523,2000,5294.385,9182.025,2000,5511.451,9172.032,2000,5278.992,9383.672,2000,5101.303,9225.193,2000,5347.215
9278.743,2000,5251.236,9314.391,2000,5396.004,9147.084,2000,5128.659,9312.866,2000,5045.694,9378.501,2000,5177.134,9369.529,2000,5293.955,9182.415,2000,5510.44,9172.971,2000,5278.451,9382.912,2000,5102.075,9225.358,2000,5346.144
9277.93,2000,5251.951,9314.285,2000,5394.926,9147.023,2000,5129.741,9313.44,2000,5046.613,9379.487,2000,5176.687,9368.521,2000,5293.558,9182.805,2000,5509.429,9173.891,2000,5277.878,9382.179,2000,5102.872,9225.559,2000,5345.08
9277.093,2000,5252.639,9314.145,2000,5393.852,9146.998,2000,5130.824,9313.984,2000,5047.55,9380.488,2000,5176.271,9367.501,2000,5293.194,9183.193,2000,5508.418,9174.791,2000,5277.276,9381.472,2000,5103.693,9225.793,2000,5344.022
9276.234,2000,5253.299,9313.969,2000,5392.783,9147.008,2000,5131.907,9314.497,2000,5048.504,9381.502,2000,5175.889,9366.469,2000,5292.864,9183.582,2000,5507.407,9175.672,2000,5276.646,9380.792,2000,5104.536,9226.063,2000,5342.973
9275.354,2000,5253.931,9313.758,2000,5391.721,9147.053,2000,5132.99,9314.979,2000,5049.475,9382.527,2000,5175.541,9365.427,2000,5292.568,9183.971,2000,5506.396,9176.531,2000,5275.986,9380.14,2000,5105.401,9226.366,2000,5341.933
9274.454,2000,5254.533,9313.582,2000,5390.652,9147.134,2000,5134.07,9315.428,2000,5050.461,9383.563,2000,5175.226,9364.376,2000,5292.306,9184.358,2000,5505.385,9177.369,2000,5275.299,9379.517,2000,5106.287,9226.703,2000,5340.903
9273.534,2000,5255.106,9313.415,2000,5389.582,9147.25,2000,5135.147,9315.845,2000,5051.461,9384.609,2000,5174.945,9363.316,2000,5292.078,9184.746,2000,5504.373,9178.184,2000,5274.584,9378.923,2000,5107.193,9227.074,2000,5339.885
9272.597,2000,5255.648,9313.283,2000,5388.506,9147.401,2000,5136.22,9316.229,2000,5052.474,9385.664,2000,5174.698,9362.25,2000,5291.885,9185.134,2000,5503.361,9178.975,2000,5273.844,9378.358,2000,5108.118,9227.411,2000,5338.856
9271.642,2000,5256.16,9313.187,2000,5387.427,9147.588,2000,5137.288,9316.579,2000,5053.5,9386.727,2000,5174.486,9361.178,2000,5291.728,9185.521,2000,5502.35,9179.74,2000,5273.078,9377.825,2000,5109.061,9227.715,2000,5337.816
9270.671,2000,5256.64,9313.125,2000,5386.346,9147.809,2000,5138.348,9316.896,2000,5054.536,9387.795,2000,5174.309,9360.102,2000,5291.605,9185.907,2000,5501.338,9180.48,2000,5272.287,9377.322,2000,5110.021,9227.984,2000,5336.767
9269.685,2000,5257.088,9313.1,2000,5385.263,9148.064,2000,5139.401,9317.178,2000,5055.582,9388.869,2000,5174.167,9359.021,2000,5291.518,9186.293,2000,5500.326,9181.194,2000,5271.473,9376.852,2000,5110.996,9228.219,2000,5335.709
9268.684,2000,5257.504,9313.109,2000,5384.179,9148.354,2000,5140.445,9317.426,2000,5056.636,9389.947,2000,5174.06,9357.939,2000,5291.466,9186.679,2000,5499.313,9181.882,2000,5270.635,9376.413,2000,5111.987,9228.419,2000,5334.645
9267.67,2000,5257.886,9313.154,2000,5383.097,9148.679,2000,5141.479,9317.64,2000,5057.698,9391.028,2000,5173.989,9356.856,2000,5291.449,9187.063,2000,5498.301,9182.541,2000,5269.776,9376.007,2000,5112.991,9228.584,2000,5333.574
9266.645,2000,5258.235,9313.234,2000,5382.016,9149.036,2000,5142.501,9317.818,2000,5058.767,9392.111,2000,5173.953,9355.773,2000,5291.468,9187.448,2000,5497.289,9183.172,2000,5268.896,9375.634,2000,5114.008,9228.714,2000,5332.498
9265.608,2000,5258.551,9313.351,2000,5380.939,9149.427,2000,5143.511,9317.962,2000,5059.84,9393.194,2000,5173.952,9354.691,2000,5291.523,9187.833,2000,5496.276,9183.773,2000,5267.995,9375.294,2000,5115.037,9228.809,2000,5331.419
9264.563,2000,5258.832,9313.502,2000,5379.866,9149.851,2000,5144.508,9318.07,2000,5060.918,9394.277,2000,5173.987,9353.608,2000,5291.542,9188.217,2000,5495.264,9184.346,2000,5267.075,9374.988,2000,5116.077,9228.868,2000,5330.337
9263.508,2000,5259.079,9313.688,2000,5378.799,9150.307,2000,5145.491,9318.144,2000,5062,9395.358,2000,5174.057,9352.525,2000,5291.525,9188.601,2000,5494.25,9184.888,2000,5266.137,9374.717,2000,5117.125,9228.893,2000,5329.254
9262.445,2000,5259.292,9313.908,2000,5377.738,9150.795,2000,5146.458,9318.181,2000,5063.082,9396.437,2000,5174.163,9351.443,2000,5291.474,9188.983,2000,5493.237,9185.398,2000,5265.181,9374.479,2000,5118.183,9228.881,2000,5328.171
9261.377,2000,5259.469,9314.164,2000,5376.686,9151.314,2000,5147.409,9318.183,2000,5064.166,9397.511,2000,5174.303,9350.363,2000,5291.386,9189.366,2000,5492.224,9185.878,2000,5264.209,9374.277,2000,5119.247,9228.834,2000,5327.088
9260.303,2000,5259.611,9314.454,2000,5375.642,9151.864,2000,5148.342,9318.149,2000,5065.249,9398.58,2000,5174.479,9349.287,2000,5291.264,9189.748,2000,5491.21,9186.325,2000,5263.223,9374.11,2000,5120.317,9228.752,2000,5326.008
9259.225,2000,5259.718,9314.777,2000,5374.608,9152.444,2000,5149.256,9318.081,2000,5066.33,9399.643,2000,5174.69,9348.215,2000,5291.106,9190.13,2000,5490.197,9186.74,2000,5262.222,9373.979,2000,5121.393,9228.635,2000,5324.931
9258.144,2000,5259.79,9315.135,2000,5373.585,9153.055,2000,5150.151,9317.977,2000,5067.408,9400.697,2000,5174.936,9347.148,2000,5290.913,9190.511,2000,5489.183,9187.122,2000,5261.208,9373.882,2000,5122.472,9228.482,2000,5323.858
9257.061,2000,5259.827,9315.525,2000,5372.575,9153.693,2000,5151.026,9317.837,2000,5068.482,9401.744,2000,5175.215,9346.089,2000,5290.686,9190.891,2000,5488.168,9187.471,2000,5260.182,9373.82,2000,5123.553,9228.295,2000,5322.792
9255.978,2000,5259.828,9315.949,2000,5371.578,9154.36,2000,5151.88,9317.662,2000,5069.551,9402.781,2000,5175.529,9345.038,2000,5290.423,9191.271,2000,5487.154,9187.785,2000,5259.146,9373.794,2000,5124.636,9228.072,2000,5321.731
9254.895,2000,5259.793,9316.405,2000,5370.595,9155.056,2000,5152.711,9317.453,2000,5070.614,9403.808,2000,5175.877,9343.996,2000,5290.127,9191.649,2000,5486.139,9188.065,2000,5258.099,9373.804,2000,5125.72,9227.815,2000,5320.679
9253.813,2000,5259.723,9316.894,2000,5369.628,9155.777,2000,5153.519,9317.209,2000,5071.67,9404.821,2000,5176.258,9342.964,2000,5289.797,9192.027,2000,5485.124,9188.312,2000,5257.044,9373.849,2000,5126.802,9227.524,2000,5319.636
9252.735,2000,5259.618,9317.413,2000,5368.677,9156.525,2000,5154.303,9316.931,2000,5072.717,9405.822,2000,5176.672,9341.943,2000,5289.433,9192.405,2000,5484.109,9188.522,2000,5255.981,9373.929,2000,5127.883,9227.199,2000,5318.603
9251.661,2000,5259.478,9317.963,2000,5367.744,9157.299,2000,5155.062,9316.618,2000,5073.754,9406.81,2000,5177.119,9340.936,2000,5289.036,9192.782,2000,5483.093,9188.699,2000,5254.913,9374.044,2000,5128.96,9226.84,2000,5317.581
9250.592,2000,5259.302,9318.543,2000,5366.829,9158.097,2000,5155.795,9316.271,2000,5074.78,9407.781,2000,5177.597,9339.941,2000,5288.606,9193.158,2000,5482.077,9188.841,2000,5253.838,9374.194,2000,5130.033,9226.447,2000,5316.571
9249.529,2000,5259.092,9319.153,2000,5365.934,9158.918,2000,5156.502,9315.892,2000,5075.795,9408.737,2000,5178.107,9338.962,2000,5288.145,9193.533,2000,5481.061,9188.947,2000,5252.76,9374.38,2000,5131.1,9226.022,2000,5315.574
9248.474,2000,5258.847,9319.792,2000,5365.059,9159.762,2000,5157.182,9315.479,2000,5076.796,9409.676,2000,5178.648,9337.998,2000,5287.651,9193.908,2000,5480.044,9189.019,2000,5251.679,9374.601,2000,5132.161,9225.565,2000,5314.592
9247.427,2000,5258.567,9320.459,2000,5364.205,9160.627,2000,5157.834,9315.033,2000,5077.784,9410.596,2000,5179.22,9337.051,2000,5287.126,9194.282,2000,5479.028,9189.054,2000,5250.597,9374.855,2000,5133.213,9225.076,2000,5313.626
9246.39,2000,5258.254,9321.153,2000,5363.374,9161.514,2000,5158.457,9314.556,2000,5078.757,9411.497,2000,5179.822,9336.121,2000,5286.57,9194.655,2000,5478.011,9189.054,2000,5249.513,9375.145,2000,5134.257,9224.556,2000,5312.676
9245.363,2000,5257.907,9321.875,2000,5362.566,9162.42,2000,5159.051,9314.047,2000,5079.713,9412.378,2000,5180.452,9335.21,2000,5285.984,9195.027,2000,5476.993,9189.019,2000,5248.431,9375.468,2000,5135.292,9224.004,2000,5311.743
9244.349,2000,5257.526,9322.623,2000,5361.782,9163.345,2000,5159.614,9313.507,2000,5080.653,9413.237,2000,5181.111,9334.318,2000,5285.369,9195.398,2000,5475.976,9188.947,2000,5247.35,9375.825,2000,5136.314,9223.422,2000,5310.829
9243.348,2000,5257.112,9323.396,2000,5361.022,9164.288,2000,5160.147,9312.937,2000,5081.574,9414.075,2000,5181.798,9333.447,2000,5284.725,9195.769,2000,5474.958,9188.841,2000,5246.271,9376.216,2000,5137.325,9222.811,2000,5309.935
9242.36,2000,5256.666,9324.192,2000,5360.289,9165.248,2000,5160.649,9312.336,2000,5082.476,9414.89,2000,5182.512,9332.598,2000,5284.052,9196.138,2000,5473.939,9188.699,2000,5245.197,9376.639,2000,5138.322,9222.17,2000,5309.061
9241.389,2000,5256.188,9325.014,2000,5359.582,9166.224,2000,5161.12,9311.707,2000,5083.357,9415.681,2000,5183.252,9331.771,2000,5283.353,9196.507,2000,5472.921,9188.522,2000,5244.128,9377.094,2000,5139.305,9221.501,2000,5308.208
9240.433,2000,5255.678,9325.857,2000,5358.902,9167.215,2000,5161.558,9311.049,2000,5084.218,9416.447,2000,5184.018,9330.967,2000,5282.626,9196.875,2000,5471.902,9188.312,2000,5243.066,9377.581,2000,5140.272,9220.805,2000,5307.378
9239.494,2000,5255.137,9326.723,2000,5358.25,9168.22,2000,5161.963,9310.363,2000,5085.057,9417.188,2000,5184.809,9330.188,2000,5281.874,9197.242,2000,5470.883,9188.065,2000,5242.011,9378.1,2000,5141.224,9220.082,2000,5306.571
9238.573,2000,5254.566,9327.608,2000,5357.627,9169.237,2000,5162.335,9309.65,2000,5085.873,9417.912,2000,5185.615,9329.434,2000,5281.096,9197.608,2000,5469.863,9187.785,2000,5240.964,9378.649,2000,5142.157,9219.333,2000,5305.788
9237.672,2000,5253.965,9328.515,2000,5357.034,9170.267,2000,5162.674,9308.911,2000,5086.665,9418.639,2000,5186.419,9328.705,2000,5280.294,9197.974,2000,5468.843,9187.471,2000,5239.928,9379.229,2000,5143.072,9218.559,2000,5305.03
9236.791,2000,5253.334,9329.439,2000,5356.47,9171.306,2000,5162.979,9308.146,2000,5087.433,9419.367,2000,5187.221,9328.003,2000,5279.469,9198.338,2000,5467.823,9187.122,2000,5238.902,9379.839,2000,5143.968,9217.76,2000,5304.298
9235.931,2000,5252.676,9330.383,2000,5355.937,9172.354,2000,5163.25,9307.357,2000,5088.175,9420.098,2000,5188.021,9327.328,2000,5278.622,9198.701,2000,5466.803,9186.74,2000,5237.888,9380.478,2000,5144.843,9216.938,2000,5303.593
9235.093,2000,5251.989,9331.343,2000,5355.435,9173.412,2000,5163.487,9306.544,2000,5088.891,9420.83,2000,5188.819,9326.682,2000,5277.752,9199.063,2000,5465.782,9186.326,2000,5236.887,9381.145,2000,5145.697,9216.093,2000,5302.915
9234.277,2000,5251.276,9332.318,2000,5354.964,9174.477,2000,5163.688,9305.708,2000,5089.58,9421.563,2000,5189.616,9326.064,2000,5276.862,9199.425,2000,5464.761,9185.879,2000,5235.9,9381.839,2000,5146.528,9215.227,2000,5302.264
9233.486,2000,5250.536,9333.309,2000,5354.526,9175.547,2000,5163.855,9304.85,2000,5090.241,9422.298,2000,5190.413,9325.477,2000,5275.953,9199.786,2000,5463.739,9185.399,2000,5234.929,9382.561,2000,5147.336,9214.34,2000,5301.643
9232.72,2000,5249.771,9334.313,2000,5354.12,9176.622,2000,5163.987,9303.971,2000,5090.874,9423.032,2000,5191.208,9324.919,2000,5275.024,9200.146,2000,5462.717,9184.889,2000,5233.973,9383.308,2000,5148.121,9213.433,2000,5301.05
9231.979,2000,5248.981,9335.331,2000,5353.748,9177.701,2000,5164.083,9303.071,2000,5091.477,9423.767,2000,5192.005,9324.392,2000,5274.078,9200.506,2000,5461.695,9184.347,2000,5233.035,9384.08,2000,5148.88,9212.507,2000,5300.488
9231.264,2000,5248.167,9336.36,2000,5353.409,9178.783,2000,5164.144,9302.152,2000,5092.051,9424.5,2000,5192.802,9323.896,2000,5273.115,9200.864,2000,5460.673,9183.774,2000,5232.115,9384.877,2000,5149.614,9211.563,2000,5299.956
9230.575,2000,5247.33,9337.399,2000,5353.104,9179.866,2000,5164.169,9301.253,2000,5092.654,9425.232,2000,5193.601,9323.431,2000,5272.136,9201.222,2000,5459.65,9183.173,2000,5231.214,9385.697,2000,5150.321,9210.602,2000,5299.456
9229.915,2000,5246.471,9338.448,2000,5352.833,9180.949,2000,5164.16,9300.374,2000,5093.287,9425.963,2000,5194.4,9322.999,2000,5271.142,9201.578,2000,5458.627,9182.542,2000,5230.334,9386.541,2000,5151.001,9209.625,2000,5298.987
9229.283,2000,5245.591,9339.506,2000,5352.596,9182.031,2000,5164.114,9299.516,2000,5093.948,9426.691,2000,5195.202,9322.6,2000,5270.135,9201.934,2000,5457.604,9181.883,2000,5229.475,9387.406,2000,5151.654,9208.634,2000,5298.55
9228.681,2000,5244.691,9340.57,2000,5352.394,9183.111,2000,5164.034,9298.68,2000,5094.637,9427.417,2000,5196.006,9322.233,2000,5269.116,9202.288,2000,5456.581,9181.195,2000,5228.637,9388.292,2000,5152.277,9207.629,2000,5298.146
9228.107,2000,5243.771,9341.641,2000,5352.227,9184.188,2000,5163.917,9297.866,2000,5095.353,9428.14,2000,5196.813,9321.9,2000,5268.085,9202.643,2000,5455.557,9180.481,2000,5227.823,9389.198,2000,5152.872,9206.611,2000,5297.775
9227.564,2000,5242.834,9342.716,2000,5352.095,9185.261,2000,5163.766,9297.077,2000,5096.095,9428.858,2000,5197.624,9321.602,2000,5267.043,9202.996,2000,5454.533,9179.741,2000,5227.032,9390.123,2000,5153.436,9205.582,2000,5297.438
9227.053,2000,5241.879,9343.795,2000,5351.999,9186.328,2000,5163.58,9296.313,2000,5096.863,9429.572,2000,5198.438,9321.337,2000,5265.993,9203.349,2000,5453.508,9178.976,2000,5226.266,9391.065,2000,5153.969,9204.542,2000,5297.134
9226.572,2000,5240.908,9344.877,2000,5351.938,9187.389,2000,5163.359,9295.573,2000,5097.655,9430.281,2000,5199.257,9321.107,2000,5264.934,9203.701,2000,5452.484,9178.185,2000,5225.525,9392.025,2000,5154.472,9203.492,2000,5296.865
9226.124,2000,5239.921,9345.96,2000,5351.912,9188.441,2000,5163.104,9294.86,2000,5098.471,9430.985,2000,5200.081,9320.912,2000,5263.869,9204.053,2000,5451.459,9177.37,2000,5224.811,9393.001,2000,5154.942,9202.435,2000,5296.63
9225.709,2000,5238.921,9347.043,2000,5351.921,9189.485,2000,5162.813,9294.175,2000,5099.31,9431.683,2000,5200.91,9320.752,2000,5262.797,9204.403,2000,5450.434,9176.533,2000,5224.124,9393.991,2000,5155.381,9201.37,2000,5296.43
9225.326,2000,5237.907,9348.125,2000,5351.966,9190.52,2000,5162.49,9293.517,2000,5100.17,9432.373,2000,5201.745,9320.627,2000,5261.721,9204.754,2000,5449.409,9175.674,2000,5223.464,9394.995,2000,5155.787,9200.3,2000,5296.265
9224.977,2000,5236.882,9349.205,2000,5352.047,9191.542,2000,5162.132,9292.888,2000,5101.052,9433.057,2000,5202.585,9320.537,2000,5260.642,9205.104,2000,5448.384,9174.793,2000,5222.833,9396.013,2000,5156.16,9199.225,2000,5296.135
9224.661,2000,5235.845,9350.282,2000,5352.163,9192.553,2000,5161.742,9292.287,2000,5101.954,9433.732,2000,5203.432,9320.482,2000,5259.56,9205.453,2000,5447.358,9173.893,2000,5222.231,9397.041,2000,5156.499,9198.146,2000,5296.04
9224.38,2000,5234.799,9351.355,2000,5352.313,9193.55,2000,5161.318,9291.717,2000,5102.875,9434.399,2000,5204.285,9320.464,2000,5258.477,9205.802,2000,5446.333,9172.973,2000,5221.659,9398.08,2000,5156.805,9197.063,2000,5295.98
9224.133,2000,5233.744,9352.423,2000,5352.5,9194.532,2000,5160.862,9291.177,2000,5103.814,9435.058,2000,5205.146,9320.48,2000,5257.394,9206.15,2000,5445.307,9172.034,2000,5221.117,9399.129,2000,5157.076,9195.98,2000,5295.957
9223.921,2000,5232.682,9353.496,2000,5352.65,9195.499,2000,5160.374,9290.668,2000,5104.771,9435.706,2000,5206.013,9320.532,2000,5256.312,9206.498,2000,5444.281,9171.079,2000,5220.606,9400.186,2000,5157.313,9194.897,2000,5295.968
9223.743,2000,5231.613,9354.573,2000,5352.766,9196.45,2000,5159.854,9290.19,2000,5105.744,9436.345,2000,5206.889,9320.619,2000,5255.232,9206.846,2000,5443.255,9170.107,2000,5220.127,9401.25,2000,5157.515,9193.815,2000,5296.015
9223.601,2000,5230.539,9355.653,2000,5352.847,9197.384,2000,5159.304,9289.745,2000,5106.731,9436.973,2000,5207.771,9320.741,2000,5254.156,9207.192,2000,5442.229,9169.121,2000,5219.68,9402.32,2000,5157.683,9192.735,2000,5296.097
9223.493,2000,5229.461,9356.735,2000,5352.892,9198.299,2000,5158.724,9289.332,2000,5107.733,9437.589,2000,5208.663,9320.898,2000,5253.084,9207.539,2000,5441.203,9168.12,2000,5219.266,9403.396,2000,5157.815,9191.658,2000,5296.214
9223.421,2000,5228.38,9357.818,2000,5352.901,9199.194,2000,5158.114,9288.952,2000,5108.748,9438.193,2000,5209.562,9321.021,2000,5252.008,9207.886,2000,5440.176,9167.106,2000,5218.884,9404.475,2000,5157.912,9190.586,2000,5296.367
9223.385,2000,5227.297,9358.901,2000,5352.875,9200.069,2000,5157.475,9288.605,2000,5109.774,9438.785,2000,5210.469,9321.107,2000,5250.928,9208.231,2000,5439.149,9166.081,2000,5218.536,9405.557,2000,5157.974,9189.519,2000,5296.555
9223.384,2000,5226.214,9359.983,2000,5352.814,9200.923,2000,5156.807,9288.293,2000,5110.811,9439.364,2000,5211.384,9321.159,2000,5249.846,9208.577,2000,5438.123,9165.044,2000,5218.221,9406.64,2000,5158,9188.458,2000,5296.778
9223.418,2000,5225.131,9361.063,2000,5352.718,9201.754,2000,5156.112,9288.015,2000,5111.858,9439.931,2000,5212.308,9321.176,2000,5248.763,9208.922,2000,5437.096,9163.997,2000,5217.941,9407.723,2000,5157.991,9187.405,2000,5297.035
9223.488,2000,5224.05,9362.138,2000,5352.586,9202.562,2000,5155.391,9287.771,2000,5112.914,9440.483,2000,5213.24,9321.157,2000,5247.68,9209.266,2000,5436.068,9162.942,2000,5217.695,9408.805,2000,5157.946,9186.362,2000,5297.327
9223.594,2000,5222.972,9363.208,2000,5352.419,9203.346,2000,5154.643,9287.562,2000,5113.977,9441.021,2000,5214.18,9321.103,2000,5246.598,9209.609,2000,5435.041,9161.88,2000,5217.483,9409.885,2000,5157.866,9185.329,2000,5297.652
9223.734,2000,5221.897,9364.272,2000,5352.217,9204.104,2000,5153.87,9287.387,2000,5115.046,9441.546,2000,5215.128,9321.013,2000,5245.519,9209.952,2000,5434.013,9160.811,2000,5217.307,9410.962,2000,5157.75,9184.307,2000,5298.011
9223.91,2000,5220.829,9365.33,2000,5351.98,9204.838,2000,5153.073,9287.247,2000,5116.12,9442.056,2000,5216.084,9320.888,2000,5244.442,9210.294,2000,5432.985,9159.736,2000,5217.165,9412.035,2000,5157.6,9183.297,2000,5298.403
9224.12,2000,5219.766,9366.379,2000,5351.709,9205.545,2000,5152.252,9287.143,2000,5117.198,9442.551,2000,5217.048,9320.798,2000,5243.363,9210.636,2000,5431.957,9158.659,2000,5217.049,9413.103,2000,5157.415,9182.301,2000,5298.828
9224.365,2000,5218.711,9367.418,2000,5351.404,9206.225,2000,5151.408,9287.074,2000,5118.279,9443.03,2000,5218.019,9320.743,2000,5242.281,9210.977,2000,5430.929,9157.582,2000,5216.938,9414.163,2000,5157.194,9181.318,2000,5299.286
9224.645,2000,5217.664,9368.447,2000,5351.065,9206.876,2000,5150.543,9287.041,2000,5119.362,9443.495,2000,5218.998,9320.725,2000,5241.198,9211.316,2000,5429.9,9156.504,2000,5216.832,9415.216,2000,5156.939,9180.352,2000,5299.775
9224.958,2000,5216.627,9369.465,2000,5350.693,9207.499,2000,5149.657,9287.043,2000,5120.446,9443.944,2000,5219.983,9320.741,2000,5240.115,9211.655,2000,5428.871,9155.426,2000,5216.73,9416.26,2000,5156.65,9179.401,2000,5300.295
9225.306,2000,5215.601,9370.47,2000,5350.287,9208.093,2000,5148.75,9287.08,2000,5121.528,9444.378,2000,5220.976,9320.793,2000,5239.033,9211.994,2000,5427.842,9154.347,2000,5216.633,9417.294,2000,5156.327,9178.469,2000,5300.847
9225.687,2000,5214.586,9371.46,2000,5349.849,9208.656,2000,5147.825,9287.153,2000,5122.609,9444.797,2000,5221.975,9320.88,2000,5237.953,9212.332,2000,5426.813,9153.268,2000,5216.541,9418.316,2000,5155.97,9177.555,2000,5301.429
9226.101,2000,5213.585,9372.436,2000,5349.378,9209.189,2000,5146.882,9287.262,2000,5123.688,9445.2,2000,5222.98,9321.002,2000,5236.877,9212.669,2000,5425.783,9152.188,2000,5216.452,9419.327,2000,5155.58,9176.66,2000,5302.04
9226.547,2000,5212.598,9373.396,2000,5348.876,9209.691,2000,5145.922,9287.405,2000,5124.761,9445.589,2000,5223.992,9321.159,2000,5235.805,9213.005,2000,5424.753,9151.107,2000,5216.368,9420.324,2000,5155.156,9175.786,2000,5302.68
9227.025,2000,5211.625,9374.339,2000,5348.343,9210.162,2000,5144.946,9287.584,2000,5125.83,9445.962,2000,5225.009,9321.352,2000,5234.739,9213.34,2000,5423.723,9150.027,2000,5216.287,9421.307,2000,5154.701,9174.934,2000,5303.349
9227.535,2000,5210.669,9375.264,2000,5347.779,9210.601,2000,5143.956,9287.798,2000,5126.892,9446.32,2000,5226.031,9321.579,2000,5233.68,9213.675,2000,5422.692,9148.946,2000,5216.21,9422.274,2000,5154.213,9174.104,2000,5304.045
9228.076,2000,5209.731,9376.17,2000,5347.186,9211.006,2000,5142.951,9288.046,2000,5127.946,9446.664,2000,5227.059,9321.841,2000,5232.629,9214.009,2000,5421.662,9147.865,2000,5216.137,9423.226,2000,5153.694,9173.297,2000,5304.768
9228.647,2000,5208.811,9377.056,2000,5346.563,9211.378,2000,5141.934,9288.328,2000,5128.992,9446.994,2000,5228.09,9322.137,2000,5231.587,9214.342,2000,5420.631,9146.784,2000,5216.067,9424.159,2000,5153.145,9172.514,2000,5305.517
9229.248,2000,5207.909,9377.921,2000,5345.911,9211.717,2000,5140.905,9288.645,2000,5130.028,9447.31,2000,5229.126,9322.467,2000,5230.555,9214.675,2000,5419.6,9145.703,2000,5216.001,9425.074,2000,5152.564,9171.756,2000,5306.291
9229.878,2000,5207.028,9378.765,2000,5345.231,9212.021,2000,5139.866,9288.995,2000,5131.054,9447.611,2000,5230.167,9322.83,2000,5229.535,9215.007,2000,5418.568,9144.622,2000,5215.938,9425.97,2000,5151.955,9171.023,2000,5307.089
9230.537,2000,5206.168,9379.586,2000,5344.524,9212.292,2000,5138.817,9289.379,2000,5132.067,9447.9,2000,5231.211,9323.227,2000,5228.527,9215.338,2000,5417.537,9143.543,2000,5215.839,9426.845,2000,5151.316,9170.317,2000,5307.911
9231.224,2000,5205.33,9380.383,2000,5343.791,9212.528,2000,5137.76,9289.796,2000,5133.067,9448.177,2000,5232.258,9323.656,2000,5227.532,9215.669,2000,5416.505,9142.468,2000,5215.705,9427.698,2000,5150.649,9169.639,2000,5308.755
9231.938,2000,5204.515,9381.155,2000,5343.031,9212.73,2000,5136.695,9290.245,2000,5134.053,9448.44,2000,5233.309,9324.118,2000,5226.552,9215.999,2000,5415.474,9141.397,2000,5215.536,9428.529,2000,5149.955,9168.988,2000,5309.622
9232.678,2000,5203.724,9381.903,2000,5342.247,9212.897,2000,5135.625,9290.727,2000,5135.023,9448.692,2000,5234.363,9324.612,2000,5225.588,9216.328,2000,5414.441,9140.334,2000,5215.332,9429.338,2000,5149.234,9168.366,2000,5310.509
9233.443,2000,5202.957,9382.625,2000,5341.439,9213.029,2000,5134.55,9291.239,2000,5135.978,9448.933,2000,5235.419,9325.138,2000,5224.64,9216.657,2000,5413.409,9139.277,2000,5215.093,9430.122,2000,5148.487,9167.773,2000,5311.416
9234.233,2000,5202.216,9383.319,2000,5340.608,9213.126,2000,5133.471,9291.783,2000,5136.915,9449.162,2000,5236.478,9325.693,2000,5223.71,9216.985,2000,5412.377,9138.214,2000,5214.889,9430.882,2000,5147.714,9167.211,2000,5312.342
9235.047,2000,5201.501,9383.986,2000,5339.754,9213.187,2000,5132.389,9292.357,2000,5137.834,9449.381,2000,5237.539,9326.279,2000,5222.799,9217.313,2000,5411.344,9137.144,2000,5214.72,9431.615,2000,5146.917,9166.68,2000,5313.286
9235.884,2000,5200.813,9384.625,2000,5338.879,9213.212,2000,5131.306,9292.961,2000,5138.733,9449.589,2000,5238.602,9326.895,2000,5221.908,9217.64,2000,5410.312,9136.068,2000,5214.586,9432.322,2000,5146.097,9166.179,2000,5314.247
9236.742,2000,5200.153,9385.235,2000,5337.984,9213.202,2000,5130.223,9293.594,2000,5139.613,9449.788,2000,5239.667,9327.539,2000,5221.037,9217.966,2000,5409.278,9134.998,2000,5214.417,9433.002,2000,5145.253,9165.71,2000,5315.223
9237.622,2000,5199.521,9385.815,2000,5337.069,9213.157,2000,5129.14,9294.255,2000,5140.471,9449.978,2000,5240.733,9328.212,2000,5220.187,9218.292,2000,5408.245,9133.935,2000,5214.213,9433.654,2000,5144.388,9165.273,2000,5316.214
9238.522,2000,5198.918,9386.365,2000,5336.136,9213.076,2000,5128.06,9294.943,2000,5141.307,9450.158,2000,5241.801,9328.912,2000,5219.36,9218.617,2000,5407.212,9132.878,2000,5213.975,9434.277,2000,5143.502,9164.869,2000,5317.22
9239.442,2000,5198.346,9386.885,2000,5335.185,9212.96,2000,5126.982,9295.659,2000,5142.12,9450.331,2000,5242.87,9329.639,2000,5218.556,9218.942,2000,5406.178,9131.83,2000,5213.702,9434.871,2000,5142.597,9164.498,2000,5318.238
9240.38,2000,5197.803,9387.373,2000,5334.218,9212.809,2000,5125.91,9296.401,2000,5142.909,9450.469,2000,5243.945,9330.392,2000,5217.777,9219.268,2000,5405.145,9130.791,2000,5213.395,9435.436,2000,5141.672,9164.161,2000,5319.267
9241.335,2000,5197.292,9387.829,2000,5333.235,9212.622,2000,5124.842,9297.169,2000,5143.674,9450.571,2000,5245.023,9331.169,2000,5217.022,9219.592,2000,5404.111,9129.763,2000,5213.053,9435.969,2000,5140.729,9163.857,2000,5320.307
9242.306,2000,5196.812,9388.253,2000,5332.238,9212.401,2000,5123.782,9297.961,2000,5144.413,9450.639,2000,5246.104,9331.971,2000,5216.294,9219.949,2000,5403.088,9128.746,2000,5212.679,9436.472,2000,5139.769,9163.588,2000,5321.356
9243.292,2000,5196.363,9388.644,2000,5331.228,9212.146,2000,5122.729,9298.776,2000,5145.125,9450.67,2000,5247.188,9332.796,2000,5215.592,9220.34,2000,5402.078,9127.742,2000,5212.271,9436.942,2000,5138.793,9163.284,2000,5322.396
9244.293,2000,5195.948,9389.001,2000,5330.205,9211.855,2000,5121.685,9299.615,2000,5145.811,9450.666,2000,5248.271,9333.644,2000,5214.918,9220.764,2000,5401.081,9126.752,2000,5211.831,9437.381,2000,5137.803,9162.947,2000,5323.426
9245.307,2000,5195.565,9389.324,2000,5329.171,9211.531,2000,5120.651,9300.476,2000,5146.469,9450.627,2000,5249.354,9334.513,2000,5214.271,9221.22,2000,5400.099,9125.777,2000,5211.358,9437.787,2000,5136.798,9162.576,2000,5324.444
9246.332,2000,5195.216,9389.614,2000,5328.127,9211.174,2000,5119.629,9301.357,2000,5147.098,9450.553,2000,5250.434,9335.402,2000,5213.654,9221.708,2000,5399.131,9124.818,2000,5210.854,9438.16,2000,5135.781,9162.172,2000,5325.449
9247.368,2000,5194.901,9389.87,2000,5327.075,9210.783,2000,5118.619,9302.26,2000,5147.698,9450.514,2000,5251.517,9336.313,2000,5213.065,9222.228,2000,5398.181,9123.876,2000,5210.319,9438.5,2000,5134.752,9161.735,2000,5326.44
9248.414,2000,5194.62,9390.091,2000,5326.014,9210.359,2000,5117.622,9303.181,2000,5148.269,9450.51,2000,5252.6,9337.241,2000,5212.507,9222.778,2000,5397.248,9122.952,2000,5209.753,9438.806,2000,5133.713,9161.267,2000,5327.417
9249.469,2000,5194.373,9390.276,2000,5324.947,9209.903,2000,5116.639,9304.12,2000,5148.809,9450.541,2000,5253.683,9338.188,2000,5211.98,9223.358,2000,5396.333,9122.047,2000,5209.157,9439.077,2000,5132.664,9160.766,2000,5328.378
9250.531,2000,5194.16,9390.428,2000,5323.874,9209.415,2000,5115.672,9305.076,2000,5149.317,9450.608,2000,5254.764,9339.15,2000,5211.484,9223.969,2000,5395.438,9121.162,2000,5208.532,9439.314,2000,5131.607,9160.234,2000,5329.322
9251.6,2000,5193.983,9390.544,2000,5322.797,9208.912,2000,5114.712,9306.049,2000,5149.794,9450.711,2000,5255.843,9340.129,2000,5211.02,9224.607,2000,5394.563,9120.298,2000,5207.879,9439.517,2000,5130.542,9159.672,2000,5330.248
9252.674,2000,5193.84,9390.624,2000,5321.716,9208.398,2000,5113.759,9307.036,2000,5150.24,9450.849,2000,5256.917,9341.122,2000,5210.587,9225.274,2000,5393.71,9119.456,2000,5207.197,9439.684,2000,5129.472,9159.079,2000,5331.155
9253.752,2000,5193.733,9390.669,2000,5320.634,9207.874,2000,5112.811,9308.038,2000,5150.652,9451.021,2000,5257.987,9342.129,2000,5210.188,9225.97,2000,5392.879,9118.637,2000,5206.489,9439.815,2000,5128.397,9158.457,2000,5332.042
9254.833,2000,5193.662,9390.679,2000,5319.55,9207.34,2000,5111.868,9309.053,2000,5151.032,9451.229,2000,5259.05,9343.148,2000,5209.822,9226.691,2000,5392.071,9117.841,2000,5205.754,9439.912,2000,5127.318,9157.807,2000,5332.908
9255.916,2000,5193.625,9390.653,2000,5318.467,9206.796,2000,5110.931,9310.079,2000,5151.378,9451.472,2000,5260.106,9344.18,2000,5209.489,9227.439,2000,5391.287,9117.069,2000,5204.993,9439.974,2000,5126.236,9157.128,2000,5333.753
9256.999,2000,5193.624,9390.592,2000,5317.386,9206.242,2000,5110,9311.116,2000,5151.69,9451.748,2000,5261.153,9345.221,2000,5209.19,9228.213,2000,5390.528,9116.323,2000,5204.208,9440,2000,5125.153,9156.422,2000,5334.575
9258.082,2000,5193.659,9390.495,2000,5316.307,9205.68,2000,5109.073,9312.163,2000,5151.969,9452.059,2000,5262.191,9346.271,2000,5208.926,9229.011,2000,5389.795,9115.604,2000,5203.398,9439.99,2000,5124.07,9155.689,2000,5335.373
9259.163,2000,5193.729,9390.363,2000,5315.231,9205.109,2000,5108.152,9313.219,2000,5152.213,9452.403,2000,5263.218,9347.33,2000,5208.696,9229.832,2000,5389.088,9114.91,2000,5202.565,9439.945,2000,5122.987,9154.932,2000,5336.147
9260.241,2000,5193.833,9390.196,2000,5314.161,9204.569,2000,5107.213,9314.281,2000,5152.422,9452.781,2000,5264.233,9348.396,2000,5208.5,9230.676,2000,5388.409,9114.245,2000,5201.71,9439.865,2000,5121.907,9154.148,2000,5336.896
9261.315,2000,5193.974,9389.994,2000,5313.097,9204.061,2000,5106.257,9315.351,2000,5152.597,9453.192,2000,5265.235,9349.467,2000,5208.34,9231.541,2000,5387.757,9113.608,2000,5200.834,9439.75,2000,5120.83,9153.342,2000,5337.619
9262.385,2000,5194.149,9389.758,2000,5312.04,9203.583,2000,5105.285,9316.425,2000,5152.736,9453.636,2000,5266.224,9350.543,2000,5208.215,9232.428,2000,5387.134,9113,2000,5199.938,9439.6,2000,5119.757,9152.512,2000,5338.315
9263.447,2000,5194.36,9389.486,2000,5310.991,9203.138,2000,5104.297,9317.503,2000,5152.84,9454.111,2000,5267.197,9351.623,2000,5208.125,9233.334,2000,5386.541,9112.422,2000,5199.022,9439.414,2000,5118.689,9151.659,2000,5338.983
9264.503,2000,5194.605,9389.181,2000,5309.951,9202.725,2000,5103.296,9318.584,2000,5152.909,9454.619,2000,5268.154,9352.705,2000,5208.071,9234.259,2000,5385.977,9111.874,2000,5198.087,9439.193,2000,5117.629,9150.785,2000,5339.624
9265.55,2000,5194.884,9388.842,2000,5308.922,9202.345,2000,5102.281,9319.667,2000,5152.942,9455.157,2000,5269.094,9353.788,2000,5208.052,9235.202,2000,5385.444,9111.356,2000,5197.136,9438.938,2000,5116.576,9149.891,2000,5340.235
9266.587,2000,5195.198,9388.47,2000,5307.905,9201.998,2000,5101.255,9320.75,2000,5152.94,9455.727,2000,5270.016,9354.871,2000,5208.068,9236.162,2000,5384.942,9110.871,2000,5196.167,9438.649,2000,5115.532,9148.977,2000,5340.816
9267.613,2000,5195.545,9388.064,2000,5306.901,9201.686,2000,5100.218,9321.833,2000,5152.902,9456.325,2000,5270.918,9355.953,2000,5208.12,9237.138,2000,5384.472,9110.417,2000,5195.184,9438.326,2000,5114.498,9148.044,2000,5341.368
9268.628,2000,5195.926,9387.626,2000,5305.91,9201.407,2000,5099.171,9322.914,2000,5152.83,9456.953,2000,5271.801,9357.033,2000,5208.208,9238.129,2000,5384.034,9109.995,2000,5194.186,9437.969,2000,5113.475,9147.094,2000,5341.889
9269.629,2000,5196.339,9387.155,2000,5304.934,9201.163,2000,5098.115,9323.992,2000,5152.721,9457.609,2000,5272.663,9358.109,2000,5208.33,9239.104,2000,5383.563,9109.606,2000,5193.174,9437.578,2000,5112.464,9146.127,2000,5342.378
9270.616,2000,5196.786,9386.653,2000,5303.974,9200.953,2000,5097.052,9325.066,2000,5152.578,9458.294,2000,5273.503,9359.182,2000,5208.488,9240.064,2000,5383.062,9109.251,2000,5192.151,9437.155,2000,5111.467,9145.145,2000,5342.835
9271.588,2000,5197.264,9386.12,2000,5303.031,9200.778,2000,5095.983,9326.135,2000,5152.399,9459.006,2000,5274.32,9360.258,2000,5208.61,9241.008,2000,5382.528,9108.93,2000,5191.116,9436.7,2000,5110.484,9144.148,2000,5343.261
9272.544,2000,5197.773,9385.557,2000,5302.106,9200.639,2000,5094.909,9327.197,2000,5152.186,9459.744,2000,5275.113,9361.338,2000,5208.698,9241.933,2000,5381.965,9108.643,2000,5190.072,9436.213,2000,5109.517,9143.139,2000,5343.653
9273.482,2000,5198.314,9384.963,2000,5301.2,9200.534,2000,5093.831,9328.252,2000,5151.938,9460.508,2000,5275.882,9362.42,2000,5208.75,9242.839,2000,5381.371,9108.39,2000,5189.019,9435.694,2000,5108.566,9142.116,2000,5344.012
9274.403,2000,5198.886,9384.34,2000,5300.314,9200.465,2000,5092.75,9329.298,2000,5151.655,9461.296,2000,5276.625,9363.503,2000,5208.766,9243.726,2000,5380.748,9108.171,2000,5187.958,9435.145,2000,5107.632,9141.083,2000,5344.337
9275.305,2000,5199.487,9383.688,2000,5299.449,9200.432,2000,5091.667,9330.334,2000,5151.339,9462.108,2000,5277.342,9364.586,2000,5208.76,9244.591,2000,5380.097,9107.987,2000,5186.89,9434.564,2000,5106.717,9140.04,2000,5344.628
9276.186,2000,5200.117,9383.009,2000,5298.605,9200.434,2000,5090.583,9331.359,2000,5150.989,9462.943,2000,5278.032,9365.669,2000,5208.747,9245.435,2000,5379.417,9107.839,2000,5185.817,9433.955,2000,5105.822,9138.987,2000,5344.886
9277.046,2000,5200.776,9382.302,2000,5297.784,9200.471,2000,5089.5,9332.372,2000,5150.605,9463.801,2000,5278.695,9366.752,2000,5208.725,9246.256,2000,5378.71,9107.726,2000,5184.74,9433.316,2000,5104.947,9137.927,2000,5345.108
9277.884,2000,5201.462,9381.568,2000,5296.987,9200.543,2000,5088.419,9333.372,2000,5150.188,9464.679,2000,5279.329,9367.835,2000,5208.696,9247.054,2000,5377.977,9107.647,2000,5183.659,9432.649,2000,5104.093,9136.859,2000,5345.296
9278.699,2000,5202.176,9380.81,2000,5296.214,9200.651,2000,5087.341,9334.358,2000,5149.739,9465.577,2000,5279.934,9368.918,2000,5208.659,9247.827,2000,5377.218,9107.604,2000,5182.577,9431.955,2000,5103.261,9135.787,2000,5345.449
9279.49,2000,5202.916,9380.025,2000,5295.466,9200.795,2000,5086.268,9335.329,2000,5149.258,9466.495,2000,5280.509,9370,2000,5208.614,9248.575,2000,5376.435,9107.597,2000,5181.493,9431.233,2000,5102.453,9134.71,2000,5345.567
9280.257,2000,5203.681,9379.218,2000,5294.745,9200.974,2000,5085.199,9336.283,2000,5148.746,9467.432,2000,5281.054,9371.082,2000,5208.562,9249.297,2000,5375.626,9107.625,2000,5180.41,9430.486,2000,5101.669,9133.63,2000,5345.649
9280.998,2000,5204.471,9378.387,2000,5294.05,9201.187,2000,5084.137,9337.221,2000,5148.202,9468.386,2000,5281.568,9372.164,2000,5208.502,9249.992,2000,5374.795,9107.688,2000,5179.329,9429.714,2000,5100.91,9132.548,2000,5345.696
9281.713,2000,5205.285,9377.533,2000,5293.383,9201.435,2000,5083.083,9338.14,2000,5147.628,9469.355,2000,5282.051,9373.245,2000,5208.436,9250.659,2000,5373.942,9107.787,2000,5178.25,9428.917,2000,5100.176,9131.465,2000,5345.707
9282.401,2000,5206.122,9376.658,2000,5292.744,9201.717,2000,5082.037,9339.039,2000,5147.025,9470.341,2000,5282.501,9374.326,2000,5208.362,9251.298,2000,5373.067,9107.921,2000,5177.175,9428.097,2000,5099.468,9130.382,2000,5345.683
9283.062,2000,5206.98,9375.763,2000,5292.134,9202.033,2000,5081,9339.918,2000,5146.392,9471.34,2000,5282.919,9375.406,2000,5208.283,9251.908,2000,5372.172,9108.09,2000,5176.105,9427.253,2000,5098.788,9129.3,2000,5345.624
9283.693,2000,5207.86,9374.848,2000,5291.554,9202.383,2000,5079.975,9340.776,2000,5145.731,9472.353,2000,5283.305,9376.486,2000,5208.197,9252.488,2000,5371.258,9108.294,2000,5175.041,9426.433,2000,5098.081,9128.221,2000,5345.529
9284.296,2000,5208.761,9373.914,2000,5291.004,9202.767,2000,5078.962,9341.612,2000,5145.042,9473.377,2000,5283.656,9377.565,2000,5208.106,9253.039,2000,5370.325,9108.532,2000,5173.984,9425.636,2000,5097.347,9127.146,2000,5345.399
9284.869,2000,5209.68,9372.963,2000,5290.485,9203.183,2000,5077.962,9342.426,2000,5144.326,9474.412,2000,5283.974,9378.645,2000,5208.01,9253.559,2000,5369.374,9108.806,2000,5172.936,9424.863,2000,5096.587,9126.075,2000,5345.234
9285.412,2000,5210.618,9371.995,2000,5289.998,9203.632,2000,5076.976,9343.215,2000,5143.584,9475.458,2000,5284.258,9379.724,2000,5207.909,9254.047,2000,5368.407,9109.113,2000,5171.897,9424.116,2000,5095.803,9125.011,2000,5345.034
9285.924,2000,5211.573,9371.013,2000,5289.542,9204.112,2000,5076.005,9343.979,2000,5142.816,9476.512,2000,5284.508,9380.802,2000,5207.804,9254.503,2000,5367.424,9109.454,2000,5170.869,9423.395,2000,5094.995,9123.953,2000,5344.799
9286.404,2000,5212.544,9370.016,2000,5289.118,9204.625,2000,5075.051,9344.719,2000,5142.024,9477.573,2000,5284.723,9381.88,2000,5207.695,9254.927,2000,5366.427,9109.829,2000,5169.852,9422.7,2000,5094.164,9122.904,2000,5344.529
9286.853,2000,5213.53,9369.005,2000,5288.728,9205.168,2000,5074.113,9345.432,2000,5141.208,9478.642,2000,5284.903,9382.957,2000,5207.583,9255.317,2000,5365.417,9110.236,2000,5168.848,9422.033,2000,5093.31,9121.864,2000,5344.226
9287.268,2000,5214.531,9367.982,2000,5288.37,9205.741,2000,5073.194,9346.117,2000,5140.37,9479.715,2000,5285.048,9384.034,2000,5207.468,9255.675,2000,5364.395,9110.677,2000,5167.858,9421.395,2000,5092.435,9120.835,2000,5343.888
9287.65,2000,5215.544,9366.948,2000,5288.046,9206.345,2000,5072.294,9346.775,2000,5139.509,9480.793,2000,5285.158,9385.111,2000,5207.351,9255.999,2000,5363.361,9111.149,2000,5166.883,9420.785,2000,5091.539,9119.817,2000,5343.517
9288,2000,5216.57,9365.904,2000,5287.757,9206.978,2000,5071.415,9347.404,2000,5138.627,9481.874,2000,5285.232,9386.188,2000,5207.232,9256.289,2000,5362.317,9111.653,2000,5165.924,9420.205,2000,5090.624,9118.813,2000,5343.113
9288.315,2000,5217.606,9364.852,2000,5287.501,9207.639,2000,5070.557,9348.005,2000,5137.725,9482.957,2000,5285.271,9387.265,2000,5207.111,9256.58,2000,5361.273,9112.188,2000,5164.982,9419.655,2000,5089.69,9117.821,2000,5342.677
9288.597,2000,5218.653,9363.791,2000,5287.281,9208.327,2000,5069.72,9348.575,2000,5136.804,9484.04,2000,5285.275,9388.341,2000,5206.99,9256.873,2000,5360.23,9112.754,2000,5164.059,9419.137,2000,5088.739,9116.845,2000,5342.208
9288.912,2000,5219.689,9362.724,2000,5287.095,9209.043,2000,5068.907,9349.115,2000,5135.865,9485.123,2000,5285.244,9389.418,2000,5206.872,9257.168,2000,5359.188,9113.35,2000,5163.154,9418.649,2000,5087.772,9115.884,2000,5341.708
9289.193,2000,5220.736,9361.65,2000,5286.944,9209.785,2000,5068.117,9349.624,2000,5134.908,9486.204,2000,5285.177,9390.496,2000,5206.766,9257.466,2000,5358.146,9113.975,2000,5162.269,9418.194,2000,5086.789,9114.94,2000,5341.176
9289.44,2000,5221.791,9360.573,2000,5286.828,9210.553,2000,5067.353,9350.102,2000,5133.936,9487.282,2000,5285.074,9391.575,2000,5206.673,9257.766,2000,5357.105,9114.628,2000,5161.405,9417.771,2000,5085.792,9114.015,2000,5340.613
9289.652,2000,5222.853,9359.493,2000,5286.748,9211.345,2000,5066.613,9350.547,2000,5132.948,9488.356,2000,5284.937,9392.655,2000,5206.593,9258.067,2000,5356.065,9115.31,2000,5160.563,9417.381,2000,5084.781,9113.107,2000,5340.021
9289.83,2000,5223.922,9358.411,2000,5286.703,9212.16,2000,5065.9,9350.96,2000,5131.946,9489.426,2000,5284.764,9393.736,2000,5206.524,9258.37,2000,5355.025,9116.019,2000,5159.744,9417.023,2000,5083.758,9112.221,2000,5339.399
9289.973,2000,5224.996,9357.328,2000,5286.693,9212.999,2000,5065.214,9351.34,2000,5130.932,9490.489,2000,5284.556,9394.818,2000,5206.467,9258.675,2000,5353.985,9116.754,2000,5158.948,9416.7,2000,5082.724,9111.354,2000,5338.749
9290.08,2000,5226.074,9356.245,2000,5286.719,9213.859,2000,5064.556,9351.687,2000,5129.905,9491.545,2000,5284.314,9395.9,2000,5206.421,9258.982,2000,5352.946,9117.515,2000,5158.176,9416.411,2000,5081.68,9110.51,2000,5338.071
9290.152,2000,5227.155,9355.163,2000,5286.78,9214.741,2000,5063.927,9351.999,2000,5128.868,9492.593,2000,5284.037,9396.983,2000,5206.386,9259.291,2000,5351.908,9118.3,2000,5157.43,9416.156,2000,5080.627,9109.688,2000,5337.365
9290.188,2000,5228.237,9354.084,2000,5286.876,9215.643,2000,5063.326,9352.277,2000,5127.821,9493.631,2000,5283.726,9398.066,2000,5206.361,9259.602,2000,5350.87,9119.109,2000,5156.71,9415.936,2000,5079.567,9108.889,2000,5336.633
9290.189,2000,5229.321,9353.009,2000,5287.008,9216.563,2000,5062.756,9352.521,2000,5126.766,9494.658,2000,5283.381,9399.149,2000,5206.346,9259.914,2000,5349.833,9119.942,2000,5156.018,9415.75,2000,5078.5,9108.114,2000,5335.875
9290.155,2000,5230.404,9351.938,2000,5287.175,9217.503,2000,5062.216,9352.73,2000,5125.703,9495.674,2000,5283.003,9400.232,2000,5206.34,9260.229,2000,5348.796,9120.797,2000,5155.352,9415.6,2000,5077.427,9107.365,2000,5335.093
9290.085,2000,5231.485,9350.874,2000,5287.377,9218.459,2000,5061.707,9352.905,2000,5124.633,9496.676,2000,5282.592,9401.315,2000,5206.343,9260.545,2000,5347.76,9121.673,2000,5154.715,9415.484,2000,5076.35,9106.643,2000,5334.286
9289.979,2000,5232.563,9349.816,2000,5287.614,9219.432,2000,5061.229,9353.045,2000,5123.559,9497.664,2000,5282.148,9402.398,2000,5206.355,9260.863,2000,5346.725,9122.569,2000,5154.107,9415.404,2000,5075.269,9105.946,2000,5333.456
9289.839,2000,5233.637,9348.768,2000,5287.885,9220.419,2000,5060.784,9353.149,2000,5122.481,9498.638,2000,5281.673,9403.481,2000,5206.375,9261.184,2000,5345.689,9123.485,2000,5153.528,9415.359,2000,5074.187,9105.277,2000,5332.604
9289.663,2000,5234.706,9347.729,2000,5288.19,9221.421,2000,5060.371,9353.218,2000,5121.4,9499.595,2000,5281.166,9404.564,2000,5206.402,9261.506,2000,5344.655,9124.42,2000,5152.98,9415.35,2000,5073.103,9104.637,2000,5331.729
9289.453,2000,5235.769,9346.699,2000,5288.529,9222.436,2000,5059.991,9353.251,2000,5120.317,9500.535,2000,5280.627,9405.647,2000,5206.437,9261.829,2000,5343.621,9125.372,2000,5152.463,9415.376,2000,5072.02,9104.025,2000,5330.835
9289.208,2000,5236.824,9345.682,2000,5288.901,9223.462,2000,5059.644,9353.249,2000,5119.233,9501.457,2000,5280.058,9406.729,2000,5206.507,9262.154,2000,5342.588,9126.341,2000,5151.977,9415.438,2000,5070.938,9103.443,2000,5329.921
9288.929,2000,5237.871,9344.677,2000,5289.307,9224.499,2000,5059.332,9353.212,2000,5118.151,9502.359,2000,5279.459,9407.807,2000,5206.612,9262.445,2000,5341.544,9127.324,2000,5151.523,9415.534,2000,5069.859,9102.892,2000,5328.988
9288.615,2000,5238.908,9343.687,2000,5289.746,9225.546,2000,5059.053,9353.139,2000,5117.07,9503.242,2000,5278.832,9408.881,2000,5206.753,9262.702,2000,5340.492,9128.322,2000,5151.102,9415.666,2000,5068.784,9102.371,2000,5328.039
9288.268,2000,5239.934,9342.711,2000,5290.216,9226.602,2000,5058.809,9353.03,2000,5115.992,9504.104,2000,5278.175,9409.95,2000,5206.929,9262.925,2000,5339.432,9129.334,2000,5150.713,9415.833,2000,5067.714,9101.882,2000,5327.072
9287.887,2000,5240.948,9341.751,2000,5290.718,9227.664,2000,5058.599,9352.887,2000,5114.918,9504.943,2000,5277.49,9411.013,2000,5207.139,9263.112,2000,5338.365,9130.357,2000,5150.357,9416.035,2000,5066.649,9101.425,2000,5326.09
9287.473,2000,5241.95,9340.808,2000,5291.251,9228.733,2000,5058.424,9352.708,2000,5113.85,9505.761,2000,5276.779,9412.068,2000,5207.384,9263.265,2000,5337.292,9131.392,2000,5150.036,9416.272,2000,5065.592,9101,2000,5325.094
9287.026,2000,5242.937,9339.883,2000,5291.815,9229.808,2000,5058.285,9352.494,2000,5112.788,9506.554,2000,5276.041,9413.115,2000,5207.664,9263.382,2000,5336.215,9132.437,2000,5149.748,9416.544,2000,5064.543,9100.607,2000,5324.084
9286.548,2000,5243.909,9338.977,2000,5292.409,9230.886,2000,5058.18,9352.246,2000,5111.733,9507.322,2000,5275.278,9414.152,2000,5207.978,9263.464,2000,5335.135,9133.49,2000,5149.495,9416.85,2000,5063.504,9100.248,2000,5323.062
9286.038,2000,5244.865,9338.091,2000,5293.032,9231.967,2000,5058.111,9351.964,2000,5110.687,9508.065,2000,5274.49,9415.179,2000,5208.325,9263.511,2000,5334.053,9134.552,2000,5149.276,9417.189,2000,5062.475,9099.923,2000,5322.029
9285.497,2000,5245.804,9337.226,2000,5293.684,9233.05,2000,5058.078,9351.647,2000,5109.651,9508.782,2000,5273.678,9416.193,2000,5208.706,9263.522,2000,5332.969,9135.619,2000,5149.092,9417.563,2000,5061.458,9099.632,2000,5320.985
9284.926,2000,5246.724,9336.382,2000,5294.363,9234.133,2000,5058.08,9351.297,2000,5108.625,9509.473,2000,5272.843,9417.194,2000,5209.12,9263.498,2000,5331.886,9136.692,2000,5148.943,9417.969,2000,5060.454,9099.375,2000,5319.933
9284.325,2000,5247.625,9335.561,2000,5295.07,9235.216,2000,5058.117,9350.913,2000,5107.612,9510.135,2000,5271.985,9418.182,2000,5209.566,9263.438,2000,5330.805,9137.77,2000,5148.83,9418.407,2000,5059.463,9099.152,2000,5318.873
9283.695,2000,5248.507,9334.764,2000,5295.804,9236.297,2000,5058.189,9350.496,2000,5106.612,9510.769,2000,5271.107,9419.153,2000,5210.044,9263.344,2000,5329.726,9138.85,2000,5148.751,9418.878,2000,5058.487,9098.965,2000,5317.806
9283.036,2000,5249.367,9333.991,2000,5296.563,9237.375,2000,5058.297,9350.047,2000,5105.626,9511.373,2000,5270.208,9420.109,2000,5210.554,9263.214,2000,5328.65,9139.932,2000,5148.708,9419.381,2000,5057.527,9098.813,2000,5316.734
9282.35,2000,5250.205,9333.243,2000,5297.347,9238.449,2000,5058.44,9349.565,2000,5104.656,9511.948,2000,5269.291,9421.048,2000,5211.095,9263.049,2000,5327.579,9141.015,2000,5148.701,9419.914,2000,5056.584,9098.695,2000,5315.657
9281.636,2000,5251.02,9332.521,2000,5298.155,9239.518,2000,5058.619,9349.053,2000,5103.701,9512.493,2000,5268.354,9421.969,2000,5211.667,9262.849,2000,5326.515,9142.098,2000,5148.729,9420.479,2000,5055.66,9098.613,2000,5314.577
9280.896,2000,5251.811,9331.827,2000,5298.986,9240.58,2000,5058.832,9348.509,2000,5102.764,9513.007,2000,5267.4,9422.87,2000,5212.268,9262.613,2000,5325.457,9143.179,2000,5148.792,9421.072,2000,5054.754,9098.566,2000,5313.494
9280.13,2000,5252.578,9331.16,2000,5299.84,9241.635,2000,5059.079,9347.935,2000,5101.845,9513.489,2000,5266.431,9423.751,2000,5212.898,9262.344,2000,5324.408,9144.258,2000,5148.891,9421.695,2000,5053.868,9098.555,2000,5312.411
9279.34,2000,5253.319,9330.521,2000,5300.715,9242.681,2000,5059.361,9347.331,2000,5100.946,9513.939,2000,5265.445,9424.611,2000,5213.557,9262.04,2000,5323.368,9145.333,2000,5149.025,9422.348,2000,5053.003,9098.579,2000,5311.328
9278.526,2000,5254.034,9329.911,2000,5301.61,9243.717,2000,5059.678,9346.698,2000,5100.066,9514.357,2000,5264.446,9425.449,2000,5214.243,9261.702,2000,5322.338,9146.403,2000,5149.194,9423.027,2000,5052.16,9098.639,2000,5310.246
9277.689,2000,5254.722,9329.331,2000,5302.525,9244.742,2000,5060.028,9346.037,2000,5099.208,9514.742,2000,5263.433,9426.265,2000,5214.957,9261.331,2000,5321.32,9147.467,2000,5149.398,9423.734,2000,5051.339,9098.733,2000,5309.167
9276.831,2000,5255.382,9328.781,2000,5303.458,9245.756,2000,5060.411,9345.349,2000,5098.372,9515.094,2000,5262.409,9427.056,2000,5215.697,9260.927,2000,5320.315,9148.523,2000,5149.637,9424.468,2000,5050.542,9098.863,2000,5308.091
9275.951,2000,5256.014,9328.262,2000,5304.409,9246.756,2000,5060.827,9344.633,2000,5097.559,9515.479,2000,5261.396,9427.822,2000,5216.462,9260.49,2000,5319.324,9149.571,2000,5149.91,9425.228,2000,5049.77,9099.028,2000,5307.021
9275.051,2000,5256.616,9327.773,2000,5305.376,9247.742,2000,5061.276,9343.891,2000,5096.77,9515.896,2000,5260.396,9428.563,2000,5217.252,9260.021,2000,5318.347,9150.61,2000,5150.217,9426.012,2000,5049.022,9099.229,2000,5305.956
9274.131,2000,5257.189,9327.317,2000,5306.359,9248.713,2000,5061.757,9343.123,2000,5096.005,9516.347,2000,5259.411,9429.278,2000,5218.066,9259.521,2000,5317.386,9151.639,2000,5150.558,9426.82,2000,5048.301,9099.463,2000,5304.898
9273.193,2000,5257.731,9326.894,2000,5307.356,9249.667,2000,5062.269,9342.331,2000,5095.267,9516.829,2000,5258.441,9429.966,2000,5218.903,9258.988,2000,5316.442,9152.655,2000,5150.933,9427.651,2000,5047.607,9099.732,2000,5303.849
9272.238,2000,5258.243,9326.503,2000,5308.367,9250.604,2000,5062.813,9341.516,2000,5094.554,9517.343,2000,5257.488,9430.626,2000,5219.762,9258.426,2000,5315.517,9153.671,2000,5151.31,9428.505,2000,5046.94,9100.036,2000,5302.809
9271.268,2000,5258.723,9326.146,2000,5309.389,9251.523,2000,5063.386,9340.677,2000,5093.868,9517.888,2000,5256.551,9431.258,2000,5220.642,9257.833,2000,5314.609,9154.686,2000,5151.688,9429.38,2000,5046.301,9100.373,2000,5301.78
9270.281,2000,5259.171,9325.822,2000,5310.423,9252.423,2000,5063.99,9339.861,2000,5093.155,9518.463,2000,5255.633,9431.86,2000,5221.542,9257.211,2000,5313.722,9155.7,2000,5152.068,9430.275,2000,5045.692,9100.744,2000,5300.762
9269.28,2000,5259.587,9325.532,2000,5311.467,9253.303,2000,5064.622,9339.069,2000,5092.417,9519.067,2000,5254.735,9432.434,2000,5222.462,9256.561,2000,5312.856,9156.715,2000,5152.449,9431.19,2000,5045.112,9101.148,2000,5299.756
9268.267,2000,5259.969,9325.276,2000,5312.52,9254.161,2000,5065.283,9338.302,2000,5091.652,9519.701,2000,5253.856,9432.976,2000,5223.4,9255.882,2000,5312.011,9157.729,2000,5152.831,9432.124,2000,5044.562,9101.585,2000,5298.765
9267.241,2000,5260.318,9325.056,2000,5313.58,9254.997,2000,5065.972,9337.56,2000,5090.863,9520.363,2000,5252.999,9433.487,2000,5224.355,9255.176,2000,5311.189,9158.742,2000,5153.213,9433.075,2000,5044.043,9102.054,2000,5297.789
9266.205,2000,5260.634,9324.87,2000,5314.647,9255.811,2000,5066.688,9336.844,2000,5090.05,9521.054,2000,5252.164,9433.967,2000,5225.326,9254.443,2000,5310.391,9159.755,2000,5153.598,9434.043,2000,5043.556,9102.555,2000,5296.828
9265.159,2000,5260.915,9324.719,2000,5315.72,9256.6,2000,5067.429,9336.155,2000,5089.214,9521.771,2000,5251.352,9434.415,2000,5226.313,9253.686,2000,5309.617,9160.768,2000,5153.983,9435.025,2000,5043.1,9103.086,2000,5295.884
9264.104,2000,5261.162,9324.603,2000,5316.797,9257.364,2000,5068.196,9335.494,2000,5088.355,9522.514,2000,5250.564,9434.83,2000,5227.313,9252.902,2000,5308.868,9161.779,2000,5154.371,9436.022,2000,5042.677,9103.648,2000,5294.958
9263.042,2000,5261.375,9324.522,2000,5317.878,9258.104,2000,5068.988,9334.861,2000,5087.476,9523.282,2000,5249.801,9435.213,2000,5228.327,9252.096,2000,5308.146,9162.791,2000,5154.759,9437.033,2000,5042.287,9104.241,2000,5294.051
9261.974,2000,5261.552,9324.478,2000,5318.96,9258.816,2000,5069.804,9334.258,2000,5086.577,9524.075,2000,5249.063,9435.562,2000,5229.352,9251.266,2000,5307.45,9163.802,2000,5155.148,9438.056,2000,5041.93,9104.863,2000,5293.164
9260.899,2000,5261.694,9324.468,2000,5320.044,9259.502,2000,5070.643,9333.684,2000,5085.658,9524.893,2000,5248.352,9435.877,2000,5230.389,9250.413,2000,5306.781,9164.812,2000,5155.54,9439.09,2000,5041.606,9105.514,2000,5292.297
9259.821,2000,5261.801,9324.493,2000,5321.127,9260.16,2000,5071.503,9333.14,2000,5084.721,9525.732,2000,5247.667,9436.158,2000,5231.435,9249.539,2000,5306.141,9165.821,2000,5155.932,9440.134,2000,5041.317,9106.192,2000,5291.453
9258.74,2000,5261.873,9324.555,2000,5322.208,9260.79,2000,5072.385,9332.627,2000,5083.766,9526.594,2000,5247.01,9436.405,2000,5232.49,9248.645,2000,5305.53,9166.83,2000,5156.327,9441.187,2000,5041.062,9106.898,2000,5290.631
9257.657,2000,5261.91,9324.651,2000,5323.288,9261.391,2000,5073.287,9332.146,2000,5082.795,9527.477,2000,5246.382,9436.617,2000,5233.552,9247.73,2000,5304.948,9167.839,2000,5156.723,9442.247,2000,5040.842,9107.631,2000,5289.833
9256.574,2000,5261.911,9324.783,2000,5324.363,9261.961,2000,5074.208,9331.696,2000,5081.81,9528.379,2000,5245.784,9436.795,2000,5234.621,9246.798,2000,5304.397,9168.847,2000,5157.12,9443.314,2000,5040.656,9108.389,2000,5289.059
9255.491,2000,5261.876,9324.95,2000,5325.433,9262.501,2000,5075.146,9331.279,2000,5080.81,9529.301,2000,5245.215,9436.938,2000,5235.695,9245.848,2000,5303.876,9169.854,2000,5157.52,9444.388,2000,5040.506,9109.172,2000,5288.31
9254.41,2000,5261.806,9325.152,2000,5326.498,9263.01,2000,5076.103,9330.896,2000,5079.796,9530.241,2000,5244.676,9437.045,2000,5236.773,9244.881,2000,5303.387,9170.859,2000,5157.921,9445.465,2000,5040.391,9109.979,2000,5287.587
9253.332,2000,5261.701,9325.389,2000,5327.555,9263.487,2000,5077.075,9330.545,2000,5078.771,9531.198,2000,5244.169,9437.116,2000,5237.854,9243.898,2000,5302.93,9171.865,2000,5158.324,9446.545,2000,5040.311,9110.809,2000,5286.891
9252.258,2000,5261.561,9325.66,2000,5328.604,9263.933,2000,5078.063,9330.229,2000,5077.735,9532.172,2000,5243.693,9437.152,2000,5238.937,9242.902,2000,5302.505,9172.87,2000,5158.729,9447.627,2000,5040.266,9111.661,2000,5286.222
9251.188,2000,5261.385,9325.966,2000,5329.643,9264.346,2000,5079.064,9329.946,2000,5076.689,9533.16,2000,5243.25,9437.153,2000,5240.02,9241.893,2000,5302.113,9173.874,2000,5159.136,9448.71,2000,5040.256,9112.535,2000,5285.582
9250.126,2000,5261.175,9326.305,2000,5330.672,9264.726,2000,5080.079,9329.698,2000,5075.634,9534.162,2000,5242.838,9437.119,2000,5241.103,9240.87,2000,5301.754,9174.877,2000,5159.545,9449.793,2000,5040.283,9113.43,2000,5284.971
9249.07,2000,5260.93,9326.677,2000,5331.689,9265.072,2000,5081.105,9329.484,2000,5074.572,9535.178,2000,5242.46,9437.049,2000,5242.184,9239.837,2000,5301.429,9175.879,2000,5159.957,9450.875,2000,5040.344,9114.344,2000,5284.389
9248.023,2000,5260.65,9327.082,2000,5332.693,9265.385,2000,5082.142,9329.306,2000,5073.504,9536.205,2000,5242.116,9436.943,2000,5243.262,9238.794,2000,5301.137,9176.88,2000,5160.37,9451.954,2000,5040.441,9115.276,2000,5283.837
9246.986,2000,5260.337,9327.521,2000,5333.684,9265.663,2000,5083.189,9329.162,2000,5072.43,9537.243,2000,5241.805,9436.803,2000,5244.336,9237.741,2000,5300.88,9177.88,2000,5160.785,9453.029,2000,5040.574,9116.227,2000,5283.317
9245.96,2000,5259.99,9327.991,2000,5334.66,9265.907,2000,5084.245,9329.054,2000,5071.352,9538.271,2000,5241.46,9436.627,2000,5245.405,9236.681,2000,5300.658,9178.88,2000,5161.203,9454.1,2000,5040.741,9117.193,2000,5282.828
9244.945,2000,5259.609,9328.493,2000,5335.62,9266.117,2000,5085.308,9328.98,2000,5070.271,9539.286,2000,5241.082,9436.416,2000,5246.468,9235.613,2000,5300.47,9179.879,2000,5161.623,9455.164,2000,5040.943,9118.176,2000,5282.37
9243.944,2000,5259.195,9329.026,2000,5336.563,9266.292,2000,5086.377,9328.943,2000,5069.188,9540.288,2000,5240.671,9436.171,2000,5247.523,9234.541,2000,5300.317,9180.877,2000,5162.045,9456.221,2000,5041.18,9119.172,2000,5281.945
9242.957,2000,5258.749,9329.59,2000,5337.488,9266.432,2000,5087.451,9328.941,2000,5068.105,9541.276,2000,5240.227,9435.892,2000,5248.57,9233.464,2000,5300.2,9181.874,2000,5162.47,9457.27,2000,5041.452,9120.18,2000,5281.547
9241.985,2000,5258.271,9330.184,2000,5338.394,9266.536,2000,5088.529,9328.975,2000,5067.022,9542.25,2000,5239.751,9435.578,2000,5249.607,9232.384,2000,5300.118,9182.87,2000,5162.897,9458.309,2000,5041.757,9121.188,2000,5281.151
9241.029,2000,5257.761,9330.807,2000,5339.28,9266.605,2000,5089.61,9329.043,2000,5065.941,9543.207,2000,5239.244,9435.23,2000,5250.633,9231.302,2000,5300.071,9183.864,2000,5163.327,9459.337,2000,5042.097,9122.197,2000,5280.757
9240.091,2000,5257.22,9331.458,2000,5340.146,9266.639,2000,5090.693,9329.147,2000,5064.863,9544.147,2000,5238.706,9434.85,2000,5251.647,9230.219,2000,5300.06,9184.857,2000,5163.758,9460.354,2000,5042.47,9123.207,2000,5280.364
9239.17,2000,5256.649,9332.138,2000,5340.989,9266.637,2000,5091.777,9329.287,2000,5063.789,9545.069,2000,5238.137,9434.436,2000,5252.648,9229.136,2000,5300.083,9185.85,2000,5164.192,9461.358,2000,5042.875,9124.217,2000,5279.972
9238.269,2000,5256.048,9332.845,2000,5341.81,9266.6,2000,5092.859,9329.462,2000,5062.719,9545.972,2000,5237.538,9433.989,2000,5253.635,9228.054,2000,5300.143,9186.841,2000,5164.629,9462.349,2000,5043.314,9125.228,2000,5279.581
9237.388,2000,5255.417,9333.578,2000,5342.607,9266.527,2000,5093.94,9329.671,2000,5061.656,9546.854,2000,5236.91,9433.511,2000,5254.607,9226.975,2000,5300.238,9187.831,2000,5165.068,9463.324,2000,5043.785,9126.238,2000,5279.192
9236.527,2000,5254.759,9334.337,2000,5343.38,9266.419,2000,5095.019,9329.915,2000,5060.601,9547.716,2000,5236.253,9433.001,2000,5255.563,9225.899,2000,5300.368,9188.82,2000,5165.509,9464.284,2000,5044.287,9127.25,2000,5278.804
9235.689,2000,5254.072,9335.121,2000,5344.128,9266.275,2000,5096.092,9330.193,2000,5059.554,9548.556,2000,5235.569,9432.46,2000,5256.502,9224.829,2000,5300.533,9189.809,2000,5165.953,9465.227,2000,5044.821,9128.248,2000,5278.383
9234.874,2000,5253.359,9335.929,2000,5344.85,9266.097,2000,5097.161,9330.506,2000,5058.517,9549.373,2000,5234.857,9431.889,2000,5257.422,9223.765,2000,5300.733,9190.811,2000,5166.364,9466.151,2000,5045.385,9129.231,2000,5277.929
9234.083,2000,5252.619,9336.76,2000,5345.544,9265.884,2000,5098.223,9330.853,2000,5057.49,9550.166,2000,5234.12,9431.287,2000,5258.324,9222.707,2000,5300.968,9191.826,2000,5166.742,9467.058,2000,5045.979,9130.2,2000,5277.444
9233.316,2000,5251.854,9337.613,2000,5346.211,9265.636,2000,5099.277,9331.232,2000,5056.476,9550.935,2000,5233.356,9430.657,2000,5259.205,9221.658,2000,5301.238,9192.854,2000,5167.087,9467.943,2000,5046.603,9131.152,2000,5276.927
9232.575,2000,5251.064,9338.488,2000,5346.85,9265.354,2000,5100.323,9331.646,2000,5055.474,9551.678,2000,5232.568,9429.998,2000,5260.064,9220.618,2000,5301.542,9193.869,2000,5167.465,9468.809,2000,5047.255,9132.087,2000,5276.379
9231.86,2000,5250.25,9339.384,2000,5347.46,9265.037,2000,5101.359,9332.091,2000,5054.486,9552.395,2000,5231.756,9429.312,2000,5260.902,9219.589,2000,5301.879,9194.871,2000,5167.876,9469.652,2000,5047.935,9133.003,2000,5275.801
9231.172,2000,5249.413,9340.299,2000,5348.04,9264.688,2000,5102.385,9332.568,2000,5053.514,9553.085,2000,5230.921,9428.598,2000,5261.717,9218.571,2000,5302.25,9195.859,2000,5168.32,9470.473,2000,5048.643,9133.899,2000,5275.194
9230.512,2000,5248.554,9341.232,2000,5348.59,9264.304,2000,5103.398,9333.077,2000,5052.557,9553.747,2000,5230.064,9427.857,2000,5262.509,9217.566,2000,5302.654,9196.833,2000,5168.796,9471.27,2000,5049.376,9134.776,2000,5274.557
9229.88,2000,5247.674,9342.184,2000,5349.109,9263.888,2000,5104.398,9333.617,2000,5051.618,9554.381,2000,5229.186,9427.092,2000,5263.275,9216.575,2000,5303.091,9197.79,2000,5169.303,9472.042,2000,5050.136,9135.632,2000,5273.892
9229.277,2000,5246.774,9343.151,2000,5349.597,9263.438,2000,5105.384,9334.188,2000,5050.697,9554.985,2000,5228.287,9426.302,2000,5264.017,9215.599,2000,5303.56,9198.73,2000,5169.842,9472.789,2000,5050.92,9136.465,2000,5273.2
9228.704,2000,5245.854,9344.134,2000,5350.053,9262.958,2000,5106.354,9334.788,2000,5049.795,9555.561,2000,5227.369,9425.488,2000,5264.731,9214.638,2000,5304.06,9199.652,2000,5170.411,9473.511,2000,5051.728,9137.274,2000,5272.48
9228.161,2000,5244.917,9345.131,2000,5350.476,9262.445,2000,5107.309,9335.417,2000,5048.913,9556.105,2000,5226.433,9424.651,2000,5265.419,9213.694,2000,5304.592,9200.555,2000,5171.009,9474.205,2000,5052.56,9138.061,2000,5271.734
9227.649,2000,5243.962,9346.142,2000,5350.867,9261.902,2000,5108.247,9336.075,2000,5048.052,9556.619,2000,5225.479,9423.792,2000,5266.08,9212.769,2000,5305.154,9201.438,2000,5171.637,9474.872,2000,5053.414,9138.821,2000,5270.963
9227.169,2000,5242.991,9347.164,2000,5351.224,9261.329,2000,5109.166,9336.761,2000,5047.213,9557.102,2000,5224.509,9422.912,2000,5266.711,9211.861,2000,5305.747,9202.299,2000,5172.294,9475.511,2000,5054.289,9139.557,2000,5270.168
9226.721,2000,5242.004,9348.198,2000,5351.548,9260.726,2000,5110.065,9337.474,2000,5046.397,9557.552,2000,5223.524,9422.012,2000,5267.314,9210.975,2000,5306.368,9203.139,2000,5172.979,9476.12,2000,5055.184,9140.266,2000,5269.349
9226.306,2000,5241.004,9349.242,2000,5351.837,9260.093,2000,5110.945,9338.213,2000,5045.605,9557.97,2000,5222.524,9421.092,2000,5267.887,9210.108,2000,5307.019,9203.956,2000,5173.69,9476.7,2000,5056.099,9140.947,2000,5268.507
9225.923,2000,5239.99,9350.295,2000,5352.093,9259.489,2000,5111.845,9338.978,2000,5044.838,9558.354,2000,5221.512,9420.154,2000,5268.429,9209.264,2000,5307.697,9204.749,2000,5174.428,9477.25,2000,5057.033,9141.602,2000,5267.644
9225.573,2000,5238.965,9351.355,2000,5352.313,9258.916,2000,5112.764,9339.767,2000,5044.096,9558.706,2000,5220.487,9419.199,2000,5268.94,9208.441,2000,5308.402,9205.518,2000,5175.191,9477.769,2000,5057.984,9142.227,2000,5266.759
9225.258,2000,5237.928,9352.423,2000,5352.5,9258.373,2000,5113.701,9340.58,2000,5043.38,9559.024,2000,5219.452,9418.228,2000,5269.42,9207.643,2000,5309.135,9206.261,2000,5175.979,9478.256,2000,5058.951,9142.822,2000,5265.854
9224.977,2000,5236.882,9353.496,2000,5352.65,9257.86,2000,5114.656,9341.416,2000,5042.691,9559.309,2000,5218.406,9417.241,2000,5269.868,9206.868,2000,5309.893,9206.978,2000,5176.792,9478.711,2000,5059.934,9143.389,2000,5264.93
9224.729,2000,5235.827,9354.573,2000,5352.766,9257.38,2000,5115.626,9342.274,2000,5042.03,9559.559,2000,5217.352,9416.24,2000,5270.284,9206.119,2000,5310.675,9207.668,2000,5177.626,9479.134,2000,5060.931,9143.924,2000,5263.989
9224.518,2000,5234.765,9355.653,2000,5352.847,9256.931,2000,5116.612,9343.153,2000,5041.397,9559.773,2000,5216.29,9415.227,2000,5270.666,9205.396,2000,5311.482,9208.33,2000,5178.484,9479.524,2000,5061.942,9144.429,2000,5263.03
9224.34,2000,5233.696,9356.735,2000,5352.892,9256.515,2000,5117.612,9344.053,2000,5040.793,9559.953,2000,5215.222,9414.201,2000,5271.015,9204.7,2000,5312.313,9208.964,2000,5179.362,9479.882,2000,5062.965,9144.901,2000,5262.056
9224.197,2000,5232.622,9357.818,2000,5352.901,9256.131,2000,5118.625,9344.972,2000,5040.22,9560.099,2000,5214.148,9413.165,2000,5271.331,9204.031,2000,5313.165,9209.568,2000,5180.261,9480.205,2000,5063.999,9145.342,2000,5261.066
9224.09,2000,5231.544,9358.9,2000,5352.946,9255.781,2000,5119.651,9345.909,2000,5039.676,9560.209,2000,5213.07,9412.119,2000,5271.612,9203.391,2000,5314.039,9210.144,2000,5181.179,9480.494,2000,5065.043,9145.75,2000,5260.063
9224.018,2000,5230.463,9359.98,2000,5353.027,9255.465,2000,5120.687,9346.863,2000,5039.164,9560.283,2000,5211.99,9411.064,2000,5271.858,9202.779,2000,5314.934,9210.688,2000,5182.116,9480.749,2000,5066.096,9146.125,2000,5259.046
9223.981,2000,5229.38,9361.058,2000,5353.143,9255.183,2000,5121.733,9347.834,2000,5038.683,9560.322,2000,5210.907,9410.002,2000,5272.071,9202.197,2000,5315.848,9211.202,2000,5183.069,9480.97,2000,5067.156,9146.467,2000,5258.019
9223.98,2000,5228.297,9362.131,2000,5353.293,9254.935,2000,5122.788,9348.82,2000,5038.233,9560.326,2000,5209.824,9408.934,2000,5272.248,9201.646,2000,5316.78,9211.747,2000,5184.006,9481.155,2000,5068.224,9146.774,2000,5256.98
9224.015,2000,5227.214,9363.198,2000,5353.479,9254.722,2000,5123.85,9349.82,2000,5037.817,9560.295,2000,5208.741,9407.859,2000,5272.39,9201.125,2000,5317.73,9212.322,2000,5184.924,9481.306,2000,5069.296,9147.048,2000,5255.932
9224.085,2000,5226.133,9364.259,2000,5353.7,9254.543,2000,5124.918,9350.833,2000,5037.433,9560.228,2000,5207.66,9406.781,2000,5272.497,9200.636,2000,5318.697,9212.927,2000,5185.823,9481.421,2000,5070.374,9147.287,2000,5254.875
9224.19,2000,5225.055,9365.312,2000,5353.956,9254.399,2000,5125.992,9351.858,2000,5037.083,9560.125,2000,5206.581,9405.7,2000,5272.569,9200.179,2000,5319.679,9213.561,2000,5186.701,9481.501,2000,5071.454,9147.491,2000,5253.811
9224.331,2000,5223.98,9366.355,2000,5354.245,9254.291,2000,5127.07,9352.895,2000,5036.767,9559.987,2000,5205.506,9404.617,2000,5272.605,9199.754,2000,5320.675,9214.223,2000,5187.559,9481.546,2000,5072.537,9147.661,2000,5252.741
9224.507,2000,5222.912,9367.39,2000,5354.569,9254.219,2000,5128.151,9353.94,2000,5036.484,9559.814,2000,5204.437,9403.534,2000,5272.606,9199.361,2000,5321.685,9214.913,2000,5188.394,9481.556,2000,5073.62,9147.796,2000,5251.667
9224.717,2000,5221.849,9368.412,2000,5354.926,9254.182,2000,5129.233,9354.995,2000,5036.236,9559.606,2000,5203.374,9402.451,2000,5272.571,9199.002,2000,5322.707,9215.63,2000,5189.206,9481.529,2000,5074.703,9147.896,2000,5250.588
9224.962,2000,5220.794,9369.423,2000,5355.317,9254.18,2000,5130.317,9356.058,2000,5036.023,9559.364,2000,5202.318,9401.37,2000,5272.501,9198.677,2000,5323.74,9216.373,2000,5189.994,9481.468,2000,5075.785,9147.959,2000,5249.506
9225.241,2000,5219.747,9370.42,2000,5355.74,9254.213,2000,5131.4,9357.126,2000,5035.844,9559.088,2000,5201.271,9400.292,2000,5272.396,9198.386,2000,5324.784,9217.142,2000,5190.757,9481.371,2000,5076.864,9147.987,2000,5248.423
9225.555,2000,5218.71,9371.402,2000,5356.196,9254.282,2000,5132.481,9358.2,2000,5035.701,9558.777,2000,5200.233,9399.218,2000,5272.255,9198.129,2000,5325.836,9217.935,2000,5191.495,9481.239,2000,5077.939,9147.98,2000,5247.34
9225.902,2000,5217.684,9372.37,2000,5356.684,9254.387,2000,5133.559,9359.278,2000,5035.592,9558.433,2000,5199.206,9398.148,2000,5272.08,9197.906,2000,5326.896,9218.752,2000,5192.207,9481.072,2000,5079.009,9147.938,2000,5246.257
9226.283,2000,5216.669,9373.321,2000,5357.203,9254.526,2000,5134.633,9360.359,2000,5035.52,9558.055,2000,5198.191,9397.086,2000,5271.869,9197.719,2000,5327.963,9219.592,2000,5192.891,9480.87,2000,5080.074,9147.86,2000,5245.177
9226.697,2000,5215.668,9374.255,2000,5357.753,9254.701,2000,5135.703,9361.442,2000,5035.482,9557.644,2000,5197.188,9396.03,2000,5271.624,9197.566,2000,5329.036,9220.453,2000,5193.548,9480.633,2000,5081.131,9147.747,2000,5244.099
9227.144,2000,5214.681,9375.17,2000,5358.333,9254.911,2000,5136.766,9362.525,2000,5035.48,9557.2,2000,5196.2,9394.983,2000,5271.344,9197.449,2000,5330.113,9221.336,2000,5194.176,9480.361,2000,5082.18,9147.599,2000,5243.026
9227.622,2000,5213.708,9376.065,2000,5358.943,9255.155,2000,5137.821,9363.608,2000,5035.513,9556.725,2000,5195.227,9393.946,2000,5271.031,9197.367,2000,5331.193,9222.238,2000,5194.774,9480.056,2000,5083.219,9147.415,2000,5241.958
9228.132,2000,5212.752,9376.94,2000,5359.582,9255.434,2000,5138.868,9364.689,2000,5035.582,9556.217,2000,5194.27,9392.92,2000,5270.683,9197.32,2000,5332.275,9223.16,2000,5195.343,9479.716,2000,5084.248,9147.197,2000,5240.897
9228.673,2000,5211.814,9377.794,2000,5360.249,9255.746,2000,5139.905,9365.768,2000,5035.686,9555.679,2000,5193.33,9391.905,2000,5270.302,9197.309,2000,5333.359,9224.101,2000,5195.882,9479.343,2000,5085.265,9146.944,2000,5239.844
9229.244,2000,5210.894,9378.625,2000,5360.943,9256.093,2000,5140.932,9366.842,2000,5035.825,9555.109,2000,5192.408,9390.904,2000,5269.889,9197.333,2000,5334.442,9225.058,2000,5196.389,9478.937,2000,5086.27,9146.657,2000,5238.799
9229.845,2000,5209.992,9379.433,2000,5361.665,9256.473,2000,5141.946,9367.911,2000,5036,9554.511,2000,5191.505,9389.917,2000,5269.442,9197.393,2000,5335.523,9226.031,2000,5196.865,9478.498,2000,5087.26,9146.336,2000,5237.765
9230.475,2000,5209.111,9380.217,2000,5362.413,9256.886,2000,5142.948,9368.974,2000,5036.209,9553.883,2000,5190.623,9388.945,2000,5268.964,9197.487,2000,5336.603,9227.02,2000,5197.309,9478.027,2000,5088.236,9145.981,2000,5236.741
9231.134,2000,5208.251,9380.976,2000,5363.186,9257.331,2000,5143.935,9370.029,2000,5036.453,9553.227,2000,5189.761,9387.989,2000,5268.454,9197.617,2000,5337.678,9228.021,2000,5197.72,9477.524,2000,5089.196,9145.594,2000,5235.73
9231.82,2000,5207.413,9381.709,2000,5363.983,9257.809,2000,5144.908,9371.076,2000,5036.731,9552.542,2000,5188.921,9387.051,2000,5267.913,9197.782,2000,5338.749,9229.037,2000,5198.098,9476.991,2000,5090.139,9145.173,2000,5234.732
9232.534,2000,5206.598,9382.416,2000,5364.804,9258.317,2000,5145.864,9372.113,2000,5037.044,9551.83,2000,5188.104,9386.13,2000,5267.342,9197.982,2000,5339.813,9230.064,2000,5198.443,9476.427,2000,5091.063,9144.72,2000,5233.748
9233.274,2000,5205.807,9383.096,2000,5365.647,9258.857,2000,5146.803,9373.14,2000,5037.39,9551.092,2000,5187.311,9385.229,2000,5266.741,9198.218,2000,5340.871,9231.103,2000,5198.754,9475.833,2000,5091.969,9144.234,2000,5232.779
9234.04,2000,5205.04,9383.747,2000,5366.513,9259.428,2000,5147.724,9374.154,2000,5037.77,9550.328,2000,5186.542,9384.348,2000,5266.11,9198.487,2000,5341.92,9232.15,2000,5199.031,9475.21,2000,5092.855,9143.718,2000,5231.827
9234.83,2000,5204.299,9384.427,2000,5367.356,9260.028,2000,5148.625,9375.156,2000,5038.182,9549.54,2000,5185.799,9383.487,2000,5265.452,9198.791,2000,5342.96,9233.206,2000,5199.273,9474.558,2000,5093.72,9143.17,2000,5230.893
9235.644,2000,5203.584,9385.134,2000,5368.177,9260.658,2000,5149.507,9376.144,2000,5038.627,9548.728,2000,5185.082,9382.646,2000,5264.77,9199.129,2000,5343.99,9234.27,2000,5199.48,9473.878,2000,5094.563,9142.592,2000,5229.976
9236.48,2000,5202.896,9385.867,2000,5368.975,9261.316,2000,5150.368,9377.116,2000,5039.104,9547.893,2000,5184.392,9381.807,2000,5264.084,9199.5,2000,5345.008,9235.339,2000,5199.653,9473.171,2000,5095.384,9141.984,2000,5229.079
9237.339,2000,5202.236,9386.626,2000,5369.748,9262.002,2000,5151.206,9378.072,2000,5039.613,9547.035,2000,5183.729,9380.97,2000,5263.396,9199.904,2000,5346.013,9236.413,2000,5199.791,9472.438,2000,5096.181,9141.348,2000,5228.203
9238.219,2000,5201.604,9387.41,2000,5370.495,9262.715,2000,5152.022,9379.012,2000,5040.153,9546.157,2000,5183.095,9380.136,2000,5262.704,9200.341,2000,5347.004,9237.491,2000,5199.894,9471.678,2000,5096.954,9140.683,2000,5227.348
9239.119,2000,5201.001,9388.218,2000,5371.217,9263.454,2000,5152.814,9379.933,2000,5040.724,9545.259,2000,5182.49,9379.305,2000,5262.009,9200.81,2000,5347.981,9238.565,2000,5200.031,9470.894,2000,5097.701,9140.046,2000,5226.471
9240.039,2000,5200.429,9389.049,2000,5371.912,9264.219,2000,5153.581,9380.835,2000,5041.324,9544.341,2000,5181.915,9378.477,2000,5261.311,9201.311,2000,5348.942,9239.635,2000,5200.204,9470.085,2000,5098.422,9139.438,2000,5225.574
9240.977,2000,5199.886,9389.902,2000,5372.579,9265.008,2000,5154.323,9381.717,2000,5041.953,9543.404,2000,5181.37,9377.651,2000,5260.609,9201.843,2000,5349.886,9240.698,2000,5200.412,9469.254,2000,5099.116,9138.86,2000,5224.658
9241.932,2000,5199.375,9390.777,2000,5373.217,9265.821,2000,5155.039,9382.577,2000,5042.611,9542.45,2000,5180.855,9376.829,2000,5259.904,9202.405,2000,5350.812,9241.754,2000,5200.654,9468.4,2000,5099.783,9138.313,2000,5223.723
9242.869,2000,5198.832,9391.673,2000,5373.827,9266.657,2000,5155.727,9383.416,2000,5043.296,9541.48,2000,5180.373,9376.01,2000,5259.196,9202.998,2000,5351.719,9242.802,2000,5200.931,9467.54,2000,5100.442,9137.796,2000,5222.771
9243.789,2000,5198.259,9392.588,2000,5374.407,9267.516,2000,5156.388,9384.231,2000,5044.009,9540.495,2000,5179.922,9375.193,2000,5258.484,9203.62,2000,5352.606,9243.84,2000,5201.242,9466.68,2000,5101.101,9137.311,2000,5221.802
9244.689,2000,5197.657,9393.521,2000,5374.957,9268.396,2000,5157.021,9385.023,2000,5044.748,9539.496,2000,5179.504,9374.38,2000,5257.769,9204.271,2000,5353.472,9244.867,2000,5201.586,9465.842,2000,5101.787,9136.857,2000,5220.818
9245.569,2000,5197.025,9394.473,2000,5375.476,9269.295,2000,5157.624,9385.791,2000,5045.513,9538.483,2000,5179.119,9373.569,2000,5257.05,9204.949,2000,5354.317,9245.883,2000,5201.964,9465.026,2000,5102.5,9136.437,2000,5219.82
9246.428,2000,5196.365,9395.44,2000,5375.964,9270.214,2000,5158.198,9386.533,2000,5046.302,9537.459,2000,5178.768,9372.762,2000,5256.327,9205.655,2000,5355.139,9246.885,2000,5202.375,9464.235,2000,5103.24,9136.049,2000,5218.809
9247.265,2000,5195.677,9396.423,2000,5376.42,9271.151,2000,5158.741,9387.249,2000,5047.115,9536.424,2000,5178.45,9371.958,2000,5255.601,9206.388,2000,5355.937,9247.873,2000,5202.819,9463.469,2000,5104.005,9135.694,2000,5217.786
9248.078,2000,5194.962,9397.42,2000,5376.843,9272.105,2000,5159.253,9387.938,2000,5047.951,9535.378,2000,5178.166,9371.157,2000,5254.871,9207.146,2000,5356.711,9248.847,2000,5203.295,9462.728,2000,5104.795,9135.373,2000,5216.751
9248.868,2000,5194.221,9398.431,2000,5377.234,9273.076,2000,5159.734,9388.599,2000,5048.809,9534.324,2000,5177.916,9370.36,2000,5254.137,9207.929,2000,5357.46,9249.804,2000,5203.803,9462.013,2000,5105.609,9135.086,2000,5215.707
9249.634,2000,5193.454,9399.453,2000,5377.591,9274.063,2000,5160.183,9389.231,2000,5049.688,9533.263,2000,5177.701,9369.567,2000,5253.399,9208.735,2000,5358.183,9250.744,2000,5204.341,9461.324,2000,5106.446,9134.833,2000,5214.653
9250.374,2000,5192.663,9400.487,2000,5377.915,9275.063,2000,5160.599,9389.835,2000,5050.588,9532.194,2000,5177.521,9368.778,2000,5252.658,9209.565,2000,5358.878,9251.666,2000,5204.91,9460.664,2000,5107.305,9134.615,2000,5213.592
9251.088,2000,5191.848,9401.531,2000,5378.205,9276.076,2000,5160.982,9390.409,2000,5051.507,9531.121,2000,5177.376,9367.992,2000,5251.912,9210.418,2000,5359.547,9252.568,2000,5205.509,9460.032,2000,5108.185,9134.432,2000,5212.524
9251.774,2000,5191.01,9402.584,2000,5378.46,9277.102,2000,5161.333,9390.953,2000,5052.444,9530.043,2000,5177.266,9367.21,2000,5251.162,9211.292,2000,5360.187,9253.451,2000,5206.137,9459.43,2000,5109.085,9134.283,2000,5211.451
9252.434,2000,5190.15,9403.645,2000,5378.681,9278.138,2000,5161.649,9391.466,2000,5053.398,9528.962,2000,5177.191,9366.433,2000,5250.408,9212.187,2000,5360.798,9254.313,2000,5206.793,9458.856,2000,5110.005,9134.17,2000,5210.374
9253.063,2000,5189.269,9404.712,2000,5378.867,9279.184,2000,5161.931,9391.947,2000,5054.369,9527.879,2000,5177.152,9365.659,2000,5249.649,9213.101,2000,5361.38,9255.152,2000,5207.478,9458.313,2000,5110.942,9134.092,2000,5209.293
9253.664,2000,5188.367,9405.785,2000,5379.018,9280.238,2000,5162.179,9392.396,2000,5055.355,9526.796,2000,5177.148,9364.89,2000,5248.887,9214.033,2000,5361.931,9255.97,2000,5208.189,9457.802,2000,5111.897,9134.05,2000,5208.21
9254.235,2000,5187.447,9406.862,2000,5379.133,9281.301,2000,5162.392,9392.813,2000,5056.355,9525.713,2000,5177.18,9364.124,2000,5248.121,9214.983,2000,5362.452,9256.763,2000,5208.927,9457.321,2000,5112.869,9134.043,2000,5207.127
9254.776,2000,5186.508,9407.942,2000,5379.214,9282.369,2000,5162.57,9393.197,2000,5057.368,9524.632,2000,5177.247,9363.363,2000,5247.35,9215.95,2000,5362.941,9257.531,2000,5209.691,9456.873,2000,5113.855,9134.071,2000,5206.044
9255.286,2000,5185.552,9409.024,2000,5379.259,9283.443,2000,5162.713,9393.548,2000,5058.394,9523.554,2000,5177.35,9362.606,2000,5246.575,9216.933,2000,5363.398,9258.274,2000,5210.479,9456.458,2000,5114.855,9134.135,2000,5204.962
9255.765,2000,5184.58,9410.107,2000,5379.269,9284.521,2000,5162.821,9393.864,2000,5059.43,9522.479,2000,5177.487,9361.854,2000,5245.795,9217.929,2000,5363.823,9258.991,2000,5211.291,9456.075,2000,5115.869,9134.234,2000,5203.884
9256.211,2000,5183.593,9411.19,2000,5379.243,9285.603,2000,5162.894,9394.146,2000,5060.476,9521.41,2000,5177.66,9361.105,2000,5245.012,9218.938,2000,5364.215,9259.682,2000,5212.126,9455.726,2000,5116.895,9134.369,2000,5202.809
9256.625,2000,5182.591,9412.272,2000,5379.182,9286.686,2000,5162.931,9394.395,2000,5061.53,9520.347,2000,5177.868,9360.362,2000,5244.224,9219.961,2000,5364.574,9260.344,2000,5212.983,9455.41,2000,5117.931,9134.539,2000,5201.739
9257.006,2000,5181.577,9413.352,2000,5379.085,9287.769,2000,5162.933,9394.608,2000,5062.592,9519.291,2000,5178.11,9359.623,2000,5243.432,9220.994,2000,5364.899,9260.978,2000,5213.862,9455.061,2000,5118.957,9134.743,2000,5200.675
9257.354,2000,5180.551,9414.427,2000,5378.953,9288.852,2000,5162.899,9394.787,2000,5063.661,9518.243,2000,5178.387,9358.889,2000,5242.635,9222.037,2000,5365.191,9261.582,2000,5214.761,9454.678,2000,5119.97,9134.982,2000,5199.619
9257.667,2000,5179.514,9415.497,2000,5378.786,9289.933,2000,5162.83,9394.931,2000,5064.734,9517.205,2000,5178.698,9358.159,2000,5241.834,9223.09,2000,5365.448,9262.157,2000,5215.679,9454.263,2000,5120.971,9135.256,2000,5198.57
9257.946,2000,5178.467,9416.562,2000,5378.584,9291.011,2000,5162.726,9395.039,2000,5065.813,9516.178,2000,5179.042,9357.456,2000,5241.01,9224.15,2000,5365.67,9262.702,2000,5216.615,9453.814,2000,5121.957,9135.563,2000,5197.532
9258.191,2000,5177.412,9417.619,2000,5378.348,9292.085,2000,5162.586,9395.112,2000,5066.894,9515.162,2000,5179.42,9356.78,2000,5240.164,9225.218,2000,5365.858,9263.216,2000,5217.569,9453.334,2000,5122.928,9135.905,2000,5196.504
9258.401,2000,5176.349,9418.668,2000,5378.077,9293.154,2000,5162.411,9395.149,2000,5067.976,9514.16,2000,5179.832,9356.133,2000,5239.295,9226.29,2000,5366.011,9263.698,2000,5218.539,9452.822,2000,5123.883,9136.28,2000,5195.488
9258.577,2000,5175.28,9419.707,2000,5377.771,9294.217,2000,5162.202,9395.151,2000,5069.06,9513.172,2000,5180.275,9355.514,2000,5238.406,9227.367,2000,5366.128,9264.148,2000,5219.524,9452.279,2000,5124.821,9136.688,2000,5194.484
9258.718,2000,5174.206,9420.736,2000,5377.433,9295.272,2000,5161.958,9395.118,2000,5070.143,9512.198,2000,5180.751,9354.924,2000,5237.498,9228.447,2000,5366.21,9264.566,2000,5220.524,9451.706,2000,5125.74,9137.129,2000,5193.495
9258.823,2000,5173.128,9421.754,2000,5377.06,9296.319,2000,5161.679,9395.05,2000,5071.224,9511.241,2000,5181.258,9354.364,2000,5236.57,9229.529,2000,5366.257,9264.951,2000,5221.537,9451.104,2000,5126.641,9137.602,2000,5192.52
9258.894,2000,5172.047,9422.759,2000,5376.654,9297.356,2000,5161.366,9394.945,2000,5072.302,9510.301,2000,5181.797,9353.835,2000,5235.625,9230.612,2000,5366.269,9265.303,2000,5222.561,9450.472,2000,5127.521,9138.106,2000,5191.562
9258.928,2000,5170.964,9423.749,2000,5376.216,9298.383,2000,5161.02,9394.806,2000,5073.376,9509.379,2000,5182.366,9353.337,2000,5234.662,9231.695,2000,5366.245,9265.621,2000,5223.597,9449.812,2000,5128.379,9138.642,2000,5190.62
9258.927,2000,5169.88,9424.725,2000,5375.746,9299.397,2000,5160.64,9394.631,2000,5074.445,9508.477,2000,5182.964,9352.871,2000,5233.684,9232.777,2000,5366.185,9265.905,2000,5224.642,9449.123,2000,5129.216,9139.208,2000,5189.696
9258.891,2000,5168.798,9425.685,2000,5375.244,9300.399,2000,5160.227,9394.422,2000,5075.508,9507.594,2000,5183.592,9352.438,2000,5232.691,9233.856,2000,5366.09,9266.155,2000,5225.696,9448.408,2000,5130.03,9139.804,2000,5188.792
9258.818,2000,5167.717,9426.628,2000,5374.71,9301.387,2000,5159.781,9394.178,2000,5076.564,9506.732,2000,5184.249,9352.036,2000,5231.685,9234.932,2000,5365.96,9266.37,2000,5226.758,9447.667,2000,5130.82,9140.429,2000,5187.907
9258.711,2000,5166.639,9427.553,2000,5374.146,9302.359,2000,5159.304,9393.899,2000,5077.611,9505.893,2000,5184.934,9351.668,2000,5230.666,9236.002,2000,5365.795,9266.55,2000,5227.827,9446.918,2000,5131.603,9141.083,2000,5187.043
9258.568,2000,5165.565,9428.459,2000,5373.553,9303.315,2000,5158.794,9393.587,2000,5078.648,9505.075,2000,5185.645,9351.334,2000,5229.636,9237.066,2000,5365.595,9266.695,2000,5228.9,9446.168,2000,5132.384,9141.765,2000,5186.201
9258.391,2000,5164.496,9429.345,2000,5372.93,9304.255,2000,5158.254,9393.24,2000,5079.674,9504.282,2000,5186.383,9351.033,2000,5228.595,9238.124,2000,5365.36,9266.805,2000,5229.978,9445.417,2000,5133.165,9142.474,2000,5185.382
9258.179,2000,5163.434,9430.21,2000,5372.278,9305.176,2000,5157.684,9392.86,2000,5080.689,9503.514,2000,5187.146,9350.767,2000,5227.544,9239.173,2000,5365.09,9266.879,2000,5231.059,9444.666,2000,5133.945,9143.209,2000,5184.587
9257.932,2000,5162.379,9431.054,2000,5371.598,9306.077,2000,5157.083,9392.447,2000,5081.69,9502.771,2000,5187.934,9350.535,2000,5226.486,9240.213,2000,5364.787,9266.918,2000,5232.141,9443.914,2000,5134.725,9143.97,2000,5183.816
9257.65,2000,5161.333,9431.875,2000,5370.891,9306.959,2000,5156.454,9392.002,2000,5082.678,9502.054,2000,5188.746,9350.338,2000,5225.421,9241.242,2000,5364.449,9266.922,2000,5233.225,9443.162,2000,5135.505,9144.756,2000,5183.07
9257.335,2000,5160.296,9432.672,2000,5370.158,9307.819,2000,5155.796,9391.524,2000,5083.651,9501.363,2000,5189.581,9350.176,2000,5224.35,9242.26,2000,5364.078,9266.89,2000,5234.308,9442.409,2000,5136.284,9145.565,2000,5182.351
9256.985,2000,5159.271,9433.444,2000,5369.398,9308.658,2000,5155.11,9391.016,2000,5084.607,9500.701,2000,5190.438,9350.049,2000,5223.274,9243.265,2000,5363.674,9266.822,2000,5235.389,9441.656,2000,5137.063,9146.398,2000,5181.658
9256.603,2000,5158.257,9434.192,2000,5368.614,9309.474,2000,5154.397,9390.476,2000,5085.547,9500.067,2000,5191.317,9349.957,2000,5222.194,9244.256,2000,5363.237,9266.72,2000,5236.467,9440.902,2000,5137.841,9147.254,2000,5180.993
9256.188,2000,5157.256,9434.914,2000,5367.806,9310.266,2000,5153.658,9389.905,2000,5086.468,9499.463,2000,5192.215,9349.9,2000,5221.112,9245.232,2000,5362.769,9266.582,2000,5237.542,9440.148,2000,5138.62,9148.131,2000,5180.356
9255.739,2000,5156.27,9435.608,2000,5366.975,9311.033,2000,5152.893,9389.305,2000,5087.37,9498.888,2000,5193.133,9349.88,2000,5220.029,9246.193,2000,5362.268,9266.409,2000,5238.611,9439.395,2000,5139.398,9149.027,2000,5179.749
9255.259,2000,5155.299,9436.275,2000,5366.122,9311.775,2000,5152.104,9388.676,2000,5088.251,9498.343,2000,5194.07,9349.895,2000,5218.946,9247.137,2000,5361.736,9266.201,2000,5239.674,9438.641,2000,5140.176,9149.943,2000,5179.171
9254.747,2000,5154.344,9436.914,2000,5365.247,9312.491,2000,5151.29,9388.018,2000,5089.112,9497.829,2000,5195.023,9349.944,2000,5217.864,9248.063,2000,5361.174,9265.959,2000,5240.73,9437.887,2000,5140.955,9150.878,2000,5178.623
9254.204,2000,5153.406,9437.524,2000,5364.351,9313.18,2000,5150.454,9387.332,2000,5089.951,9497.347,2000,5195.993,9350.029,2000,5216.784,9248.97,2000,5360.582,9265.683,2000,5241.777,9437.133,2000,5141.733,9151.83,2000,5178.106
9253.631,2000,5152.487,9438.104,2000,5363.436,9313.841,2000,5149.595,9386.619,2000,5090.767,9496.896,2000,5196.979,9350.15,2000,5215.708,9249.856,2000,5359.96,9265.372,2000,5242.815,9436.379,2000,5142.511,9152.799,2000,5177.621
9253.028,2000,5151.586,9438.654,2000,5362.503,9314.474,2000,5148.716,9385.88,2000,5091.559,9496.479,2000,5197.978,9350.307,2000,5214.635,9250.723,2000,5359.31,9265.027,2000,5243.842,9435.625,2000,5143.29,9153.782,2000,5177.167
9252.396,2000,5150.707,9439.174,2000,5361.552,9315.077,2000,5147.816,9385.115,2000,5092.327,9496.094,2000,5198.991,9350.497,2000,5213.569,9251.567,2000,5358.631,9264.649,2000,5244.857,9434.872,2000,5144.068,9154.78,2000,5176.747
9251.736,2000,5149.848,9439.662,2000,5360.585,9315.65,2000,5146.897,9384.326,2000,5093.069,9495.742,2000,5200.015,9350.723,2000,5212.509,9252.39,2000,5357.926,9264.238,2000,5245.859,9434.119,2000,5144.848,9155.792,2000,5176.358
9251.104,2000,5148.968,9440.118,2000,5359.602,9316.193,2000,5145.959,9383.513,2000,5093.785,9495.424,2000,5201.051,9350.982,2000,5211.458,9253.188,2000,5357.193,9263.795,2000,5246.848,9433.367,2000,5145.627,9156.79,2000,5175.938
9250.502,2000,5148.067,9440.542,2000,5358.605,9316.706,2000,5145.005,9382.677,2000,5094.474,9495.14,2000,5202.096,9351.276,2000,5210.415,9253.963,2000,5356.436,9263.319,2000,5247.821,9432.615,2000,5146.407,9157.773,2000,5175.484
9249.929,2000,5147.148,9440.933,2000,5357.595,9317.187,2000,5144.034,9381.818,2000,5095.135,9494.89,2000,5203.15,9351.604,2000,5209.383,9254.712,2000,5355.653,9262.812,2000,5248.778,9431.864,2000,5147.188,9158.742,2000,5174.999
9249.386,2000,5146.21,9441.29,2000,5356.572,9317.636,2000,5143.048,9380.939,2000,5095.768,9494.675,2000,5204.212,9351.967,2000,5208.362,9255.435,2000,5354.846,9262.273,2000,5249.718,9431.113,2000,5147.969,9159.694,2000,5174.482
9248.874,2000,5145.255,9441.613,2000,5355.539,9318.052,2000,5142.048,9380.04,2000,5096.371,9494.495,2000,5205.281,9352.362,2000,5207.353,9256.131,2000,5354.016,9261.704,2000,5250.64,9430.389,2000,5148.774,9160.629,2000,5173.934
9248.394,2000,5144.284,9441.903,2000,5354.495,9318.436,2000,5141.035,9379.121,2000,5096.945,9494.35,2000,5206.354,9352.79,2000,5206.358,9256.8,2000,5353.163,9261.166,2000,5251.58,9429.69,2000,5149.603,9161.545,2000,5173.356
9247.945,2000,5143.298,9442.159,2000,5353.442,9318.785,2000,5140.01,9378.184,2000,5097.488,9494.239,2000,5207.432,9353.25,2000,5205.377,9257.44,2000,5352.289,9260.658,2000,5252.537,9429.02,2000,5150.454,9162.441,2000,5172.749
9247.53,2000,5142.297,9442.38,2000,5352.381,9319.102,2000,5138.974,9377.229,2000,5098.001,9494.165,2000,5208.513,9353.742,2000,5204.413,9258.109,2000,5351.437,9260.12,2000,5253.477,9428.377,2000,5151.327,9163.318,2000,5172.112
9247.147,2000,5141.284,9442.565,2000,5351.314,9319.384,2000,5137.928,9376.259,2000,5098.482,9494.126,2000,5209.595,9354.266,2000,5203.464,9258.806,2000,5350.606,9259.551,2000,5254.398,9427.764,2000,5152.22,9164.174,2000,5171.447
9246.798,2000,5140.258,9442.717,2000,5350.241,9319.632,2000,5136.873,9375.272,2000,5098.931,9494.122,2000,5210.679,9354.82,2000,5202.534,9259.528,2000,5349.799,9258.952,2000,5255.301,9427.18,2000,5153.132,9165.007,2000,5170.754
9246.482,2000,5139.222,9442.833,2000,5349.164,9319.845,2000,5135.811,9374.272,2000,5099.348,9494.153,2000,5211.762,9355.404,2000,5201.622,9260.277,2000,5349.017,9258.324,2000,5256.184,9426.626,2000,5154.063,9165.816,2000,5170.035
9246.201,2000,5138.175,9442.913,2000,5348.083,9320.023,2000,5134.743,9373.26,2000,5099.731,9494.221,2000,5212.843,9356.019,2000,5200.729,9261.052,2000,5348.259,9257.668,2000,5257.046,9426.104,2000,5155.012,9166.603,2000,5169.289
9245.954,2000,5137.121,9442.958,2000,5347.001,9320.167,2000,5133.669,9372.234,2000,5100.082,9494.323,2000,5213.921,9356.661,2000,5199.857,9261.851,2000,5347.526,9256.983,2000,5257.886,9425.612,2000,5155.978,9167.363,2000,5168.518
9245.725,2000,5136.062,9442.968,2000,5345.917,9320.275,2000,5132.591,9371.198,2000,5100.398,9494.461,2000,5214.996,9357.332,2000,5199.006,9262.673,2000,5346.821,9256.271,2000,5258.703,9425.152,2000,5156.958,9168.099,2000,5167.723
9245.491,2000,5135.004,9442.942,2000,5344.834,9320.348,2000,5131.51,9370.152,2000,5100.68,9494.634,2000,5216.065,9358.03,2000,5198.178,9263.518,2000,5346.143,9255.533,2000,5259.496,9424.725,2000,5157.954,9168.808,2000,5166.904
9245.254,2000,5133.947,9442.881,2000,5343.753,9320.385,2000,5130.427,9369.098,2000,5100.928,9494.842,2000,5217.129,9358.756,2000,5197.374,9264.384,2000,5345.492,9254.77,2000,5260.264,9424.33,2000,5158.963,9169.489,2000,5166.062
9245.014,2000,5132.891,9442.784,2000,5342.674,9320.387,2000,5129.344,9368.035,2000,5101.142,9495.084,2000,5218.185,9359.507,2000,5196.593,9265.271,2000,5344.871,9253.981,2000,5261.007,9423.969,2000,5159.984,9170.144,2000,5165.198
9244.77,2000,5131.835,9442.652,2000,5341.599,9320.354,2000,5128.261,9366.967,2000,5101.32,9495.36,2000,5219.232,9360.283,2000,5195.837,9266.178,2000,5344.278,9253.169,2000,5261.725,9423.641,2000,5161.017,9170.769,2000,5164.313
9244.522,2000,5130.78,9442.485,2000,5340.528,9320.284,2000,5127.18,9365.893,2000,5101.464,9495.671,2000,5220.27,9361.084,2000,5195.107,9267.104,2000,5343.716,9252.334,2000,5262.415,9423.347,2000,5162.06,9171.364,2000,5163.409
9244.271,2000,5129.727,9442.283,2000,5339.464,9320.18,2000,5126.102,9364.814,2000,5101.572,9496.016,2000,5221.296,9361.908,2000,5194.404,9268.047,2000,5343.184,9251.477,2000,5263.077,9423.087,2000,5163.112,9171.931,2000,5162.485
9244.018,2000,5128.673,9442.047,2000,5338.407,9320.04,2000,5125.027,9363.733,2000,5101.645,9496.394,2000,5222.312,9362.755,2000,5193.728,9269.008,2000,5342.684,9250.598,2000,5263.711,9422.862,2000,5164.171,9172.466,2000,5161.543
9243.761,2000,5127.621,9441.775,2000,5337.358,9319.865,2000,5123.958,9362.65,2000,5101.683,9496.805,2000,5223.314,9363.623,2000,5193.08,9269.984,2000,5342.215,9249.699,2000,5264.316,9422.672,2000,5165.238,9172.971,2000,5160.585
9243.501,2000,5126.569,9441.47,2000,5336.318,9319.655,2000,5122.895,9361.567,2000,5101.685,9497.248,2000,5224.302,9364.512,2000,5192.461,9270.976,2000,5341.778,9248.781,2000,5264.891,9422.517,2000,5166.31,9173.443,2000,5159.61
9243.239,2000,5125.518,9441.131,2000,5335.29,9319.411,2000,5121.839,9360.484,2000,5101.651,9497.724,2000,5225.275,9365.421,2000,5191.871,9271.98,2000,5341.374,9247.845,2000,5265.436,9422.396,2000,5167.387,9173.884,2000,5158.621
9242.975,2000,5124.468,9440.759,2000,5334.272,9319.133,2000,5120.792,9359.403,2000,5101.583,9498.231,2000,5226.232,9366.349,2000,5191.312,9272.998,2000,5341.003,9246.891,2000,5265.95,9422.312,2000,5168.467,9174.292,2000,5157.617
9242.708,2000,5123.418,9440.354,2000,5333.268,9318.82,2000,5119.755,9358.325,2000,5101.479,9498.77,2000,5227.172,9367.294,2000,5190.783,9274.027,2000,5340.666,9245.921,2000,5266.433,9422.262,2000,5169.549,9174.667,2000,5156.601
9242.439,2000,5122.369,9439.915,2000,5332.277,9318.474,2000,5118.729,9357.251,2000,5101.339,9499.339,2000,5228.094,9368.256,2000,5190.285,9275.067,2000,5340.362,9244.936,2000,5266.883,9422.248,2000,5170.632,9175.009,2000,5155.573
9242.169,2000,5121.32,9439.444,2000,5331.301,9318.094,2000,5117.714,9356.182,2000,5101.165,9499.938,2000,5228.997,9369.233,2000,5189.819,9276.116,2000,5340.092,9243.937,2000,5267.301,9422.27,2000,5171.715,9175.316,2000,5154.535
9241.896,2000,5120.271,9438.942,2000,5330.341,9317.681,2000,5116.713,9355.119,2000,5100.956,9500.565,2000,5229.88,9370.227,2000,5189.386,9277.174,2000,5339.857,9242.924,2000,5267.687,9422.326,2000,5172.797,9175.59,2000,5153.486
9241.622,2000,5119.223,9438.409,2000,5329.398,9317.235,2000,5115.726,9354.063,2000,5100.711,9501.222,2000,5230.742,9371.233,2000,5188.985,9278.238,2000,5339.657,9241.899,2000,5268.038,9422.419,2000,5173.876,9175.829,2000,5152.43
9241.347,2000,5118.175,9437.846,2000,5328.474,9316.758,2000,5114.753,9353.017,2000,5100.433,9501.906,2000,5231.582,9372.252,2000,5188.617,9279.309,2000,5339.492,9240.864,2000,5268.356,9422.547,2000,5174.952,9176.033,2000,5151.366
9241.07,2000,5117.128,9437.252,2000,5327.567,9316.249,2000,5113.797,9351.979,2000,5100.121,9502.618,2000,5232.398,9373.282,2000,5188.282,9280.384,2000,5339.362,9239.818,2000,5268.64,9422.71,2000,5176.023,9176.203,2000,5150.296
9240.793,2000,5116.081,9436.629,2000,5326.681,9315.709,2000,5112.858,9350.953,2000,5099.774,9503.356,2000,5233.192,9374.323,2000,5187.982,9281.463,2000,5339.267,9238.765,2000,5268.89,9422.907,2000,5177.088,9176.338,2000,5149.221
9240.516,2000,5115.033,9436.006,2000,5325.794,9315.139,2000,5111.937,9349.938,2000,5099.395,9504.12,2000,5233.96,9375.373,2000,5187.716,9282.545,2000,5339.208,9237.703,2000,5269.104,9423.14,2000,5178.146,9176.438,2000,5148.143
9240.238,2000,5113.986,9435.385,2000,5324.907,9314.538,2000,5111.035,9348.937,2000,5098.982,9504.908,2000,5234.704,9376.432,2000,5187.484,9283.628,2000,5339.184,9236.635,2000,5269.285,9423.406,2000,5179.196,9176.501,2000,5147.061
9239.961,2000,5112.938,9434.765,2000,5324.018,9313.908,2000,5110.153,9347.949,2000,5098.537,9505.721,2000,5235.421,9377.497,2000,5187.287,9284.711,2000,5339.195,9235.562,2000,5269.43,9423.707,2000,5180.236,9176.529,2000,5145.978
9239.684,2000,5111.891,9434.146,2000,5323.128,9313.25,2000,5109.293,9346.977,2000,5098.06,9506.556,2000,5236.111,9378.568,2000,5187.125,9285.793,2000,5339.242,9234.483,2000,5269.54,9424.042,2000,5181.267,9176.522,2000,5144.895
9239.407,2000,5110.844,9433.529,2000,5322.238,9312.564,2000,5108.455,9346.021,2000,5097.551,9507.413,2000,5236.773,9379.645,2000,5186.998,9286.873,2000,5339.324,9233.402,2000,5269.614,9424.41,2000,5182.285,9176.48,2000,5143.812
9239.131,2000,5109.796,9432.914,2000,5321.346,9311.852,2000,5107.639,9345.081,2000,5097.011,9508.291,2000,5237.408,9380.724,2000,5186.906,9287.95,2000,5339.441,9232.319,2000,5269.653,9424.812,2000,5183.292,9176.402,2000,5142.731
9238.855,2000,5108.749,9432.3,2000,5320.454,9311.112,2000,5106.847,9344.16,2000,5096.441,9509.189,2000,5238.013,9381.806,2000,5186.85,9289.022,2000,5339.594,9231.236,2000,5269.657,9425.246,2000,5184.284,9176.289,2000,5141.654
9238.582,2000,5107.7,9431.688,2000,5319.56,9310.348,2000,5106.08,9343.258,2000,5095.841,9510.102,2000,5238.597,9382.889,2000,5186.829,9290.09,2000,5339.782,9230.153,2000,5269.625,9425.713,2000,5185.262,9176.141,2000,5140.581
9238.311,2000,5106.651,9431.076,2000,5318.666,9309.559,2000,5105.338,9342.376,2000,5095.211,9511.018,2000,5239.175,9383.972,2000,5186.843,9291.15,2000,5340.004,9229.072,2000,5269.558,9426.211,2000,5186.224,9175.957,2000,5139.513
9238.041,2000,5105.602,9430.467,2000,5317.77,9308.745,2000,5104.622,9341.516,2000,5094.554,9511.937,2000,5239.749,9385.054,2000,5186.893,9292.203,2000,5340.261,9227.994,2000,5269.456,9426.74,2000,5187.169,9175.739,2000,5138.452
9237.773,2000,5104.552,9429.858,2000,5316.874,9307.909,2000,5103.934,9340.677,2000,5093.868,9512.836,2000,5240.353,9386.134,2000,5186.979,9293.246,2000,5340.553,9226.92,2000,5269.318,9427.301,2000,5188.096,9175.486,2000,5137.398
9237.509,2000,5103.502,9429.252,2000,5315.976,9307.051,2000,5103.272,9339.861,2000,5093.155,9513.716,2000,5240.985,9387.21,2000,5187.099,9294.279,2000,5340.878,9225.851,2000,5269.145,9427.891,2000,5189.004,9175.199,2000,5136.354
9237.247,2000,5102.451,9428.646,2000,5315.078,9306.171,2000,5102.64,9339.069,2000,5092.417,9514.574,2000,5241.646,9388.282,2000,5187.255,9295.302,2000,5341.237,9224.787,2000,5268.938,9428.511,2000,5189.893,9174.878,2000,5135.319
9236.988,2000,5101.399,9428.043,2000,5314.178,9305.271,2000,5102.037,9338.302,2000,5091.652,9515.41,2000,5242.335,9389.349,2000,5187.446,9296.335,2000,5341.562,9223.731,2000,5268.695,9429.159,2000,5190.761,9174.523,2000,5134.296
9236.733,2000,5100.346,9427.44,2000,5313.278,9304.353,2000,5101.463,9337.56,2000,5090.863,9516.224,2000,5243.051,9390.408,2000,5187.671,9297.378,2000,5341.854,9222.684,2000,5268.418,9429.836,2000,5191.607,9174.136,2000,5133.285
9236.482,2000,5099.292,9426.84,2000,5312.376,9303.415,2000,5100.919,9336.844,2000,5090.05,9517.013,2000,5243.793,9391.46,2000,5187.932,9298.431,2000,5342.11,9221.646,2000,5268.107,9430.54,2000,5192.431,9173.715,2000,5132.287
9236.235,2000,5098.238,9426.241,2000,5311.473,9302.461,2000,5100.407,9336.155,2000,5089.214,9517.777,2000,5244.561,9392.503,2000,5188.226,9299.491,2000,5342.333,9220.618,2000,5267.763,9431.271,2000,5193.231,9173.262,2000,5131.303
9235.993,2000,5097.182,9425.645,2000,5310.569,9301.49,2000,5099.926,9335.494,2000,5088.355,9518.517,2000,5245.353,9393.535,2000,5188.555,9300.559,2000,5342.521,9219.603,2000,5267.385,9432.026,2000,5194.007,9172.776,2000,5130.334
9235.717,2000,5096.134,9425.05,2000,5309.664,9300.504,2000,5099.478,9334.861,2000,5087.476,9519.229,2000,5246.169,9394.557,2000,5188.917,9301.631,2000,5342.673,9218.601,2000,5266.974,9432.808,2000,5194.757,9172.26,2000,5129.382
9235.406,2000,5095.097,9424.456,2000,5308.758,9299.504,2000,5099.062,9334.258,2000,5086.577,9519.915,2000,5247.008,9395.565,2000,5189.312,9302.708,2000,5342.791,9217.612,2000,5266.53,9433.613,2000,5195.482,9171.712,2000,5128.447
9235.062,2000,5094.069,9423.864,2000,5307.85,9298.49,2000,5098.678,9333.684,2000,5085.658,9520.573,2000,5247.869,9396.561,2000,5189.74,9303.788,2000,5342.873,9216.639,2000,5266.054,9434.441,2000,5196.18,9171.134,2000,5127.531
9234.684,2000,5093.054,9423.274,2000,5306.941,9297.465,2000,5098.328,9333.14,2000,5084.721,9521.203,2000,5248.75,9397.541,2000,5190.2,9304.87,2000,5342.92,9215.682,2000,5265.546,9435.292,2000,5196.85,9170.526,2000,5126.634
9234.272,2000,5092.052,9422.687,2000,5306.031,9296.429,2000,5098.012,9332.627,2000,5083.766,9521.804,2000,5249.652,9398.506,2000,5190.692,9305.953,2000,5342.931,9214.741,2000,5265.008,9436.164,2000,5197.492,9169.89,2000,5125.757
9233.829,2000,5091.063,9422.101,2000,5305.12,9295.383,2000,5097.729,9332.146,2000,5082.795,9522.374,2000,5250.573,9399.454,2000,5191.216,9307.036,2000,5342.907,9213.819,2000,5264.439,9437.057,2000,5198.105,9169.225,2000,5124.902
9233.354,2000,5090.09,9421.517,2000,5304.208,9294.328,2000,5097.482,9331.696,2000,5081.81,9522.914,2000,5251.512,9400.385,2000,5191.77,9308.118,2000,5342.848,9212.917,2000,5263.84,9437.969,2000,5198.689,9168.532,2000,5124.069
9232.847,2000,5089.133,9420.935,2000,5303.294,9293.266,2000,5097.269,9331.279,2000,5080.81,9523.423,2000,5252.469,9401.297,2000,5192.354,9309.197,2000,5342.753,9212.034,2000,5263.212,9438.9,2000,5199.243,9167.813,2000,5123.259
9232.309,2000,5088.192,9420.354,2000,5302.379,9292.197,2000,5097.091,9330.896,2000,5079.796,9523.963,2000,5253.408,9402.189,2000,5192.968,9310.272,2000,5342.623,9211.173,2000,5262.556,9439.85,2000,5199.766,9167.066,2000,5122.473
9231.74,2000,5087.271,9419.776,2000,5301.462,9291.123,2000,5096.948,9330.545,2000,5078.771,9524.533,2000,5254.329,9403.062,2000,5193.611,9311.343,2000,5342.458,9210.333,2000,5261.871,9440.815,2000,5200.258,9166.296,2000,5121.712
9231.142,2000,5086.368,9419.2,2000,5300.545,9290.045,2000,5096.84,9330.229,2000,5077.735,9525.134,2000,5255.23,9403.912,2000,5194.282,9312.407,2000,5342.257,9209.516,2000,5261.16,9441.796,2000,5200.718,9165.5,2000,5120.977
9230.514,2000,5085.485,9418.626,2000,5299.626,9288.964,2000,5096.767,9329.946,2000,5076.689,9525.764,2000,5256.112,9404.74,2000,5194.98,9313.465,2000,5342.022,9208.723,2000,5260.422,9442.791,2000,5201.145,9164.681,2000,5120.268
9229.857,2000,5084.623,9418.054,2000,5298.706,9287.881,2000,5096.73,9329.698,2000,5075.634,9526.422,2000,5256.973,9405.545,2000,5195.705,9314.514,2000,5341.753,9207.954,2000,5259.658,9443.8,2000,5201.54,9163.839,2000,5119.586
9229.229,2000,5083.74,9417.459,2000,5297.8,9286.798,2000,5096.728,9329.484,2000,5074.572,9527.107,2000,5257.812,9406.325,2000,5196.456,9315.554,2000,5341.449,9207.211,2000,5258.87,9444.821,2000,5201.901,9162.976,2000,5118.932
9228.631,2000,5082.837,9416.835,2000,5296.915,9285.715,2000,5096.762,9329.306,2000,5073.504,9527.82,2000,5258.628,9407.081,2000,5197.232,9316.583,2000,5341.112,9206.494,2000,5258.058,9445.854,2000,5202.229,9162.091,2000,5118.307
9228.063,2000,5081.916,9416.183,2000,5296.05,9284.634,2000,5096.831,9329.162,2000,5072.43,9528.56,2000,5259.42,9407.811,2000,5198.033,9317.601,2000,5340.741,9205.804,2000,5257.223,9446.896,2000,5202.522,9161.187,2000,5117.71
9227.524,2000,5080.975,9415.502,2000,5295.207,9283.556,2000,5096.935,9329.054,2000,5071.352,9529.324,2000,5260.188,9408.514,2000,5198.857,9318.605,2000,5340.336,9205.142,2000,5256.366,9447.948,2000,5202.782,9160.263,2000,5117.144
9227.018,2000,5080.018,9414.794,2000,5294.387,9282.481,2000,5097.075,9328.98,2000,5070.271,9530.113,2000,5260.93,9409.189,2000,5199.704,9319.597,2000,5339.9,9204.508,2000,5255.487,9449.008,2000,5203.007,9159.321,2000,5116.608
9226.542,2000,5079.044,9414.06,2000,5293.59,9281.412,2000,5097.25,9328.943,2000,5069.188,9530.927,2000,5261.646,9409.837,2000,5200.572,9320.573,2000,5339.431,9203.903,2000,5254.588,9450.074,2000,5203.198,9158.362,2000,5116.104
9226.099,2000,5078.056,9413.3,2000,5292.818,9280.35,2000,5097.459,9328.941,2000,5068.105,9531.763,2000,5262.334,9410.456,2000,5201.461,9321.534,2000,5338.931,9203.328,2000,5253.67,9451.146,2000,5203.353,9157.388,2000,5115.631
9225.688,2000,5077.054,9412.515,2000,5292.071,9279.294,2000,5097.703,9328.975,2000,5067.022,9532.621,2000,5262.996,9411.046,2000,5202.37,9322.478,2000,5338.399,9202.783,2000,5252.734,9452.224,2000,5203.473,9156.398,2000,5115.19
9225.31,2000,5076.039,9411.706,2000,5291.351,9278.247,2000,5097.982,9329.043,2000,5065.941,9533.457,2000,5263.685,9411.605,2000,5203.298,9323.403,2000,5337.836,9202.27,2000,5251.78,9453.304,2000,5203.558,9155.395,2000,5114.782
9224.965,2000,5075.011,9410.874,2000,5290.657,9277.21,2000,5098.294,9329.147,2000,5064.863,9534.271,2000,5264.4,9412.135,2000,5204.243,9324.311,2000,5337.244,9201.787,2000,5250.81,9454.386,2000,5203.607,9154.378,2000,5114.407
9224.654,2000,5073.974,9410.02,2000,5289.99,9276.184,2000,5098.641,9329.287,2000,5063.789,9535.06,2000,5265.143,9412.633,2000,5205.206,9325.197,2000,5336.623,9201.337,2000,5249.825,9455.469,2000,5203.622,9153.35,2000,5114.065
9224.378,2000,5072.926,9409.145,2000,5289.352,9275.169,2000,5099.021,9329.462,2000,5062.719,9535.824,2000,5265.91,9413.099,2000,5206.184,9326.063,2000,5335.972,9200.919,2000,5248.825,9456.552,2000,5203.6,9152.311,2000,5113.757
9224.136,2000,5071.87,9408.249,2000,5288.743,9274.167,2000,5099.434,9329.671,2000,5061.656,9536.563,2000,5266.702,9413.532,2000,5207.176,9326.908,2000,5335.294,9200.534,2000,5247.813,9457.634,2000,5203.543,9151.263,2000,5113.484
9223.929,2000,5070.807,9407.334,2000,5288.164,9273.18,2000,5099.879,9329.915,2000,5060.601,9537.276,2000,5267.518,9413.934,2000,5208.183,9327.73,2000,5334.588,9200.183,2000,5246.788,9458.713,2000,5203.451,9150.206,2000,5113.245
9223.756,2000,5069.737,9406.4,2000,5287.614,9272.207,2000,5100.357,9330.193,2000,5059.554,9537.962,2000,5268.357,9414.302,2000,5209.202,9328.529,2000,5333.856,9199.864,2000,5245.752,9459.789,2000,5203.323,9149.143,2000,5113.04
9223.618,2000,5068.663,9405.449,2000,5287.096,9271.251,2000,5100.866,9330.506,2000,5058.517,9538.62,2000,5269.218,9414.636,2000,5210.232,9329.304,2000,5333.098,9199.58,2000,5244.707,9460.86,2000,5203.161,9148.072,2000,5112.871
9223.516,2000,5067.584,9404.481,2000,5286.609,9270.312,2000,5101.406,9330.853,2000,5057.49,9539.25,2000,5270.1,9414.937,2000,5211.273,9330.053,2000,5332.315,9199.33,2000,5243.653,9461.932,2000,5202.997,9146.997,2000,5112.736
9223.449,2000,5066.503,9403.498,2000,5286.154,9269.391,2000,5101.977,9331.232,2000,5056.476,9539.851,2000,5271.001,9415.203,2000,5212.323,9330.775,2000,5331.508,9199.115,2000,5242.591,9462.999,2000,5202.809,9145.918,2000,5112.637
9223.418,2000,5065.42,9402.501,2000,5285.731,9268.489,2000,5102.577,9331.646,2000,5055.474,9540.421,2000,5271.922,9415.435,2000,5213.381,9331.472,2000,5330.678,9198.936,2000,5241.522,9464.062,2000,5202.598,9144.837,2000,5112.573
9223.422,2000,5064.336,9401.49,2000,5285.342,9267.607,2000,5103.207,9332.091,2000,5054.486,9540.961,2000,5272.861,9415.632,2000,5214.447,9332.141,2000,5329.826,9198.79,2000,5240.449,9465.119,2000,5202.363,9143.754,2000,5112.545
9223.461,2000,5063.254,9400.467,2000,5284.985,9266.747,2000,5103.865,9332.568,2000,5053.514,9541.47,2000,5273.818,9415.794,2000,5215.518,9332.781,2000,5328.952,9198.681,2000,5239.371,9466.172,2000,5202.106,9142.671,2000,5112.552
9223.536,2000,5062.173,9399.433,2000,5284.663,9265.908,2000,5104.551,9333.077,2000,5052.557,9541.947,2000,5274.791,9415.921,2000,5216.594,9333.393,2000,5328.057,9198.606,2000,5238.291,9467.219,2000,5201.828,9141.589,2000,5112.594
9223.646,2000,5061.096,9398.389,2000,5284.374,9265.093,2000,5105.264,9333.617,2000,5051.618,9542.393,2000,5275.778,9416.013,2000,5217.673,9333.975,2000,5327.143,9198.567,2000,5237.208,9468.26,2000,5201.528,9140.509,2000,5112.672
9223.788,2000,5060.021,9397.336,2000,5284.12,9264.301,2000,5106.003,9334.188,2000,5050.697,9542.806,2000,5276.78,9416.069,2000,5218.755,9334.526,2000,5326.21,9198.563,2000,5236.125,9469.295,2000,5201.208,9139.432,2000,5112.785
9223.944,2000,5058.95,9396.275,2000,5283.9,9263.533,2000,5106.768,9334.788,2000,5049.795,9543.186,2000,5277.794,9416.09,2000,5219.838,9335.047,2000,5325.26,9198.596,2000,5235.042,9470.324,2000,5200.869,9138.358,2000,5112.934
9224.065,2000,5057.873,9395.208,2000,5283.715,9262.791,2000,5107.557,9335.417,2000,5048.913,9543.532,2000,5278.821,9416.075,2000,5220.921,9335.536,2000,5324.294,9198.663,2000,5233.96,9471.347,2000,5200.511,9137.291,2000,5113.117
9224.151,2000,5056.793,9394.135,2000,5283.565,9262.075,2000,5108.371,9336.075,2000,5048.052,9543.845,2000,5279.858,9416.025,2000,5222.003,9335.993,2000,5323.312,9198.766,2000,5232.882,9472.363,2000,5200.135,9136.229,2000,5113.335
9224.202,2000,5055.711,9393.058,2000,5283.45,9261.387,2000,5109.207,9336.761,2000,5047.213,9544.123,2000,5280.905,9415.94,2000,5223.083,9336.418,2000,5322.315,9198.903,2000,5231.807,9473.373,2000,5199.743,9135.176,2000,5113.588
9224.217,2000,5054.628,9391.978,2000,5283.371,9260.726,2000,5110.065,9337.474,2000,5046.397,9544.367,2000,5281.96,9415.819,2000,5224.16,9336.811,2000,5321.306,9199.076,2000,5230.738,9474.377,2000,5199.335,9134.131,2000,5113.875
9224.196,2000,5053.545,9390.896,2000,5283.327,9260.093,2000,5110.945,9338.213,2000,5045.605,9544.576,2000,5283.023,9415.663,2000,5225.232,9337.17,2000,5320.284,9199.284,2000,5229.675,9475.374,2000,5198.913,9133.097,2000,5114.196
9224.141,2000,5052.463,9389.813,2000,5283.318,9259.489,2000,5111.845,9338.978,2000,5044.838,9544.751,2000,5284.093,9415.473,2000,5226.299,9337.495,2000,5319.25,9199.526,2000,5228.619,9476.365,2000,5198.476,9132.073,2000,5114.551
9224.05,2000,5051.383,9388.729,2000,5283.345,9258.916,2000,5112.764,9339.767,2000,5044.096,9544.891,2000,5285.167,9415.247,2000,5227.358,9337.786,2000,5318.207,9199.803,2000,5227.572,9477.351,2000,5198.025,9131.062,2000,5114.939
9223.923,2000,5050.308,9387.647,2000,5283.407,9258.373,2000,5113.701,9340.58,2000,5043.38,9544.995,2000,5286.245,9414.987,2000,5228.41,9338.043,2000,5317.155,9200.113,2000,5226.534,9478.33,2000,5197.563,9130.063,2000,5115.36
9223.762,2000,5049.236,9386.568,2000,5283.504,9257.86,2000,5114.656,9341.416,2000,5042.691,9545.064,2000,5287.326,9414.693,2000,5229.453,9338.266,2000,5316.095,9200.458,2000,5225.507,9479.304,2000,5197.088,9129.08,2000,5115.814
9223.565,2000,5048.171,9385.493,2000,5283.637,9257.38,2000,5115.626,9342.274,2000,5042.03,9545.098,2000,5288.409,9414.365,2000,5230.485,9338.453,2000,5315.028,9200.836,2000,5224.492,9480.272,2000,5196.603,9128.111,2000,5116.299
9223.334,2000,5047.112,9384.423,2000,5283.805,9256.931,2000,5116.612,9343.153,2000,5041.397,9545.096,2000,5289.493,9414.003,2000,5231.506,9338.605,2000,5313.955,9201.247,2000,5223.49,9481.236,2000,5196.108,9127.159,2000,5116.816
9223.068,2000,5046.062,9383.358,2000,5284.008,9256.515,2000,5117.612,9344.053,2000,5040.793,9545.059,2000,5290.575,9413.607,2000,5232.515,9338.723,2000,5312.878,9201.69,2000,5222.501,9482.195,2000,5195.603,9126.225,2000,5117.364
9222.769,2000,5045.021,9382.302,2000,5284.245,9256.131,2000,5118.625,9344.972,2000,5040.22,9544.985,2000,5291.656,9413.18,2000,5233.51,9338.805,2000,5311.798,9202.166,2000,5221.528,9483.149,2000,5195.09,9125.309,2000,5117.942
9222.435,2000,5043.99,9381.253,2000,5284.517,9255.781,2000,5119.651,9345.909,2000,5039.676,9544.877,2000,5292.734,9412.72,2000,5234.49,9338.852,2000,5310.715,9202.674,2000,5220.571,9484.099,2000,5194.568,9124.412,2000,5118.549
9222.067,2000,5042.971,9380.214,2000,5284.823,9255.465,2000,5120.687,9346.863,2000,5039.164,9544.733,2000,5293.808,9412.228,2000,5235.455,9338.863,2000,5309.632,9203.212,2000,5219.631,9485.044,2000,5194.04,9123.535,2000,5119.186
9221.667,2000,5041.965,9379.186,2000,5285.163,9255.183,2000,5121.733,9347.834,2000,5038.683,9544.555,2000,5294.876,9411.704,2000,5236.403,9338.839,2000,5308.549,9203.781,2000,5218.709,9485.985,2000,5193.504,9122.68,2000,5119.851
9221.247,2000,5040.966,9378.169,2000,5285.537,9254.935,2000,5122.788,9348.82,2000,5038.233,9544.342,2000,5295.938,9411.149,2000,5237.334,9338.779,2000,5307.467,9204.38,2000,5217.807,9486.924,2000,5192.962,9121.847,2000,5120.543
9220.835,2000,5039.964,9377.165,2000,5285.943,9254.722,2000,5123.85,9349.82,2000,5037.817,9544.094,2000,5296.993,9410.565,2000,5238.246,9338.685,2000,5306.388,9205.008,2000,5216.924,9487.858,2000,5192.415,9121.037,2000,5121.263
9220.429,2000,5038.96,9376.175,2000,5286.382,9254.543,2000,5124.918,9350.833,2000,5037.433,9543.812,2000,5298.039,9409.951,2000,5239.139,9338.555,2000,5305.313,9205.664,2000,5216.062,9488.79,2000,5191.862,9120.251,2000,5122.009
9220.029,2000,5037.953,9375.199,2000,5286.854,9254.399,2000,5125.992,9351.858,2000,5037.083,9543.495,2000,5299.075,9409.309,2000,5240.011,9338.39,2000,5304.242,9206.349,2000,5215.222,9489.719,2000,5191.305,9119.49,2000,5122.78
9219.636,2000,5036.944,9374.239,2000,5287.356,9254.291,2000,5127.07,9352.895,2000,5036.767,9543.145,2000,5300.101,9408.638,2000,5240.861,9338.189,2000,5303.177,9207.061,2000,5214.405,9490.646,2000,5190.744,9118.755,2000,5123.575
9219.247,2000,5035.933,9373.297,2000,5287.891,9254.219,2000,5128.151,9353.94,2000,5036.484,9542.761,2000,5301.114,9407.939,2000,5241.689,9337.954,2000,5302.12,9207.799,2000,5213.612,9491.57,2000,5190.179,9118.046,2000,5124.394
9218.863,2000,5034.92,9372.372,2000,5288.455,9254.182,2000,5129.233,9354.995,2000,5036.236,9542.345,2000,5302.114,9407.214,2000,5242.494,9337.685,2000,5301.07,9208.563,2000,5212.844,9492.493,2000,5189.61,9117.364,2000,5125.236
9218.513,2000,5033.895,9371.467,2000,5289.05,9254.18,2000,5130.317,9356.058,2000,5036.023,9541.896,2000,5303.1,9406.516,2000,5243.322,9337.381,2000,5300.03,9209.351,2000,5212.101,9493.396,2000,5189.012,9116.71,2000,5126.1
9218.195,2000,5032.859,9370.581,2000,5289.674,9254.213,2000,5131.4,9357.126,2000,5035.844,9541.415,2000,5304.07,9405.845,2000,5244.173,9337.043,2000,5299.001,9210.163,2000,5211.383,9494.279,2000,5188.385,9116.085,2000,5126.984
9217.912,2000,5031.813,9369.717,2000,5290.326,9254.282,2000,5132.481,9358.2,2000,5035.701,9540.902,2000,5305.025,9405.202,2000,5245.045,9336.672,2000,5297.983,9210.998,2000,5210.693,9495.142,2000,5187.729,9115.489,2000,5127.889
9217.663,2000,5030.759,9368.874,2000,5291.007,9254.387,2000,5133.559,9359.278,2000,5035.592,9540.359,2000,5305.962,9404.588,2000,5245.938,9336.268,2000,5296.978,9211.855,2000,5210.031,9495.982,2000,5187.045,9114.923,2000,5128.813
9217.449,2000,5029.697,9368.054,2000,5291.714,9254.526,2000,5134.633,9360.359,2000,5035.52,9539.785,2000,5306.881,9404.004,2000,5246.85,9335.831,2000,5295.986,9212.734,2000,5209.397,9496.8,2000,5186.334,9114.388,2000,5129.754
9217.271,2000,5028.628,9367.257,2000,5292.449,9254.701,2000,5135.703,9361.442,2000,5035.482,9539.182,2000,5307.78,9403.449,2000,5247.78,9335.362,2000,5295.01,9213.633,2000,5208.792,9497.594,2000,5185.597,9113.883,2000,5130.713
9217.126,2000,5027.555,9366.484,2000,5293.208,9254.911,2000,5136.766,9362.525,2000,5035.48,9538.549,2000,5308.66,9402.926,2000,5248.729,9334.861,2000,5294.049,9214.551,2000,5208.217,9498.363,2000,5184.834,9113.41,2000,5131.688
9217.018,2000,5026.477,9365.737,2000,5293.993,9255.155,2000,5137.821,9363.608,2000,5035.513,9537.888,2000,5309.518,9402.434,2000,5249.693,9334.329,2000,5293.105,9215.487,2000,5207.672,9499.107,2000,5184.047,9112.97,2000,5132.677
9216.944,2000,5025.396,9365.017,2000,5294.802,9255.434,2000,5138.868,9364.689,2000,5035.582,9537.199,2000,5310.354,9401.974,2000,5250.674,9333.767,2000,5292.179,9216.441,2000,5207.158,9499.825,2000,5183.235,9112.562,2000,5133.681
9216.906,2000,5024.313,9364.322,2000,5295.634,9255.746,2000,5139.905,9365.768,2000,5035.686,9536.483,2000,5311.167,9401.546,2000,5251.669,9333.174,2000,5291.272,9217.411,2000,5206.675,9500.516,2000,5182.401,9112.187,2000,5134.697
9216.903,2000,5023.23,9363.656,2000,5296.488,9256.093,2000,5140.932,9366.842,2000,5035.825,9535.741,2000,5311.957,9401.15,2000,5252.678,9332.552,2000,5290.385,9218.396,2000,5206.225,9501.179,2000,5181.544,9111.845,2000,5135.725
9216.937,2000,5022.147,9363.019,2000,5297.363,9256.473,2000,5141.946,9367.911,2000,5036,9534.974,2000,5312.721,9400.788,2000,5253.699,9331.901,2000,5289.519,9219.396,2000,5205.807,9501.813,2000,5180.667,9111.537,2000,5136.763
9217.005,2000,5021.066,9362.409,2000,5298.259,9256.886,2000,5142.948,9368.974,2000,5036.209,9534.182,2000,5313.46,9400.46,2000,5254.731,9331.223,2000,5288.674,9220.408,2000,5205.421,9502.419,2000,5179.769,9111.264,2000,5137.812
9217.108,2000,5019.987,9361.83,2000,5299.175,9257.331,2000,5143.935,9370.029,2000,5036.453,9533.366,2000,5314.173,9400.166,2000,5255.773,9330.517,2000,5287.852,9221.433,2000,5205.07,9502.995,2000,5178.851,9111.024,2000,5138.868
9217.247,2000,5018.913,9361.281,2000,5300.108,9257.809,2000,5144.908,9371.076,2000,5036.731,9532.527,2000,5314.859,9399.906,2000,5256.825,9329.784,2000,5287.054,9222.468,2000,5204.752,9503.541,2000,5177.915,9110.82,2000,5139.932
9217.421,2000,5017.844,9360.763,2000,5301.06,9258.317,2000,5145.864,9372.113,2000,5037.044,9531.667,2000,5315.517,9399.681,2000,5257.885,9329.026,2000,5286.28,9223.514,2000,5204.468,9504.056,2000,5176.962,9110.65,2000,5141.002
9217.63,2000,5016.781,9360.275,2000,5302.027,9258.857,2000,5146.803,9373.14,2000,5037.39,9530.785,2000,5316.146,9399.49,2000,5258.951,9328.243,2000,5285.531,9224.567,2000,5204.219,9504.539,2000,5175.992,9110.516,2000,5142.077
9217.873,2000,5015.725,9359.82,2000,5303.01,9259.428,2000,5147.724,9374.154,2000,5037.77,9529.883,2000,5316.746,9399.334,2000,5260.023,9327.437,2000,5284.808,9225.629,2000,5204.004,9504.99,2000,5175.007,9110.416,2000,5143.155
9218.15,2000,5014.678,9359.397,2000,5304.008,9260.028,2000,5148.625,9375.156,2000,5038.182,9528.962,2000,5317.316,9399.213,2000,5261.1,9326.606,2000,5284.112,9226.697,2000,5203.824,9505.409,2000,5174.008,9110.353,2000,5144.237
9218.462,2000,5013.641,9359.008,2000,5305.019,9260.658,2000,5149.507,9376.144,2000,5038.627,9528.022,2000,5317.856,9399.128,2000,5262.18,9325.754,2000,5283.444,9227.771,2000,5203.679,9505.795,2000,5172.996,9110.324,2000,5145.32
9218.808,2000,5012.614,9358.651,2000,5306.042,9261.316,2000,5150.368,9377.116,2000,5039.104,9527.066,2000,5318.365,9399.078,2000,5263.262,9324.88,2000,5282.804,9228.849,2000,5203.569,9506.147,2000,5171.972,9110.331,2000,5146.403
9219.187,2000,5011.599,9358.328,2000,5307.076,9262.002,2000,5151.206,9378.072,2000,5039.613,9526.094,2000,5318.843,9399.063,2000,5264.345,9323.985,2000,5282.192,9229.93,2000,5203.494,9506.467,2000,5170.937,9110.373,2000,5147.486
9219.599,2000,5010.597,9358.039,2000,5308.12,9262.715,2000,5152.022,9379.012,2000,5040.153,9525.106,2000,5319.288,9399.084,2000,5265.428,9323.071,2000,5281.611,9231.013,2000,5203.455,9506.752,2000,5169.891,9110.451,2000,5148.566
9220.043,2000,5009.609,9357.784,2000,5309.173,9263.454,2000,5152.814,9379.933,2000,5040.724,9524.104,2000,5319.701,9399.141,2000,5266.51,9322.139,2000,5281.06,9232.096,2000,5203.451,9507.003,2000,5168.837,9110.564,2000,5149.644
9220.52,2000,5008.637,9357.564,2000,5310.233,9264.219,2000,5153.581,9380.835,2000,5041.324,9523.09,2000,5320.081,9399.232,2000,5267.59,9321.188,2000,5280.539,9233.179,2000,5203.483,9507.219,2000,5167.775,9110.713,2000,5150.717
9221.027,2000,5007.68,9357.38,2000,5311.301,9265.008,2000,5154.323,9381.717,2000,5041.953,9522.063,2000,5320.427,9399.359,2000,5268.666,9320.222,2000,5280.05,9234.26,2000,5203.55,9507.399,2000,5166.708,9110.896,2000,5151.785
9221.566,2000,5006.741,9357.229,2000,5312.374,9265.821,2000,5155.039,9382.577,2000,5042.611,9521.026,2000,5320.739,9399.521,2000,5269.737,9319.239,2000,5279.592,9235.338,2000,5203.653,9507.546,2000,5165.634,9111.114,2000,5152.846
9222.136,2000,5005.819,9357.114,2000,5313.451,9266.657,2000,5155.727,9383.416,2000,5043.296,9519.979,2000,5321.018,9399.719,2000,5270.802,9318.243,2000,5279.167,9236.412,2000,5203.791,9507.656,2000,5164.557,9111.367,2000,5153.899
9222.735,2000,5004.917,9357.035,2000,5314.531,9267.516,2000,5156.388,9384.231,2000,5044.009,9518.924,2000,5321.262,9399.95,2000,5271.86,9317.233,2000,5278.775,9237.481,2000,5203.963,9507.731,2000,5163.476,9111.654,2000,5154.944
9223.364,2000,5004.035,9356.991,2000,5315.614,9268.396,2000,5157.021,9385.023,2000,5044.748,9517.861,2000,5321.471,9400.217,2000,5272.911,9316.211,2000,5278.417,9238.545,2000,5204.171,9507.771,2000,5162.394,9111.976,2000,5155.979
9224.021,2000,5003.173,9356.982,2000,5316.697,9269.295,2000,5157.624,9385.791,2000,5045.513,9516.792,2000,5321.646,9400.518,2000,5273.952,9315.188,2000,5278.058,9239.601,2000,5204.413,9507.776,2000,5161.31,9112.33,2000,5157.002
9224.707,2000,5002.334,9356.999,2000,5317.78,9270.214,2000,5158.198,9386.533,2000,5046.302,9515.718,2000,5321.785,9400.852,2000,5274.982,9314.171,2000,5277.688,9240.648,2000,5204.69,9507.745,2000,5160.227,9112.718,2000,5158.013
9225.419,2000,5001.518,9357.011,2000,5318.864,9271.151,2000,5158.741,9387.249,2000,5047.115,9514.64,2000,5321.889,9401.22,2000,5276.001,9313.157,2000,5277.305,9241.687,2000,5205.001,9507.679,2000,5159.146,9113.139,2000,5159.011
9226.157,2000,5000.725,9357.017,2000,5319.947,9272.105,2000,5159.253,9387.938,2000,5047.951,9513.559,2000,5321.958,9401.621,2000,5277.007,9312.147,2000,5276.912,9242.714,2000,5205.346,9507.577,2000,5158.067,9113.592,2000,5159.995
9226.921,2000,4999.957,9357.018,2000,5321.031,9273.076,2000,5159.734,9388.599,2000,5048.809,9512.476,2000,5321.992,9402.055,2000,5278,9311.126,2000,5276.551,9243.729,2000,5205.724,9507.44,2000,5156.992,9114.077,2000,5160.964
9227.71,2000,4999.214,9357.014,2000,5322.114,9274.063,2000,5160.183,9389.231,2000,5049.688,9511.393,2000,5321.99,9402.521,2000,5278.978,9310.093,2000,5276.225,9244.731,2000,5206.135,9507.269,2000,5155.922,9114.594,2000,5161.916
9228.522,2000,4998.498,9357.005,2000,5323.198,9275.063,2000,5160.599,9389.835,2000,5050.588,9510.31,2000,5321.952,9403.019,2000,5279.94,9309.05,2000,5275.932,9245.72,2000,5206.579,9507.062,2000,5154.859,9115.142,2000,5162.851
9229.358,2000,4997.809,9356.992,2000,5324.281,9276.076,2000,5160.982,9390.409,2000,5051.507,9509.229,2000,5321.879,9403.548,2000,5280.886,9307.998,2000,5275.673,9246.693,2000,5207.055,9506.82,2000,5153.803,9115.72,2000,5163.767
9230.216,2000,4997.147,9356.976,2000,5325.364,9277.102,2000,5161.333,9390.953,2000,5052.444,9508.15,2000,5321.771,9404.107,2000,5281.813,9306.938,2000,5275.449,9247.65,2000,5207.562,9506.544,2000,5152.755,9116.327,2000,5164.664
9231.095,2000,4996.514,9356.955,2000,5326.447,9278.138,2000,5161.649,9391.466,2000,5053.398,9507.076,2000,5321.627,9404.697,2000,5282.722,9305.872,2000,5275.26,9248.591,2000,5208.101,9506.234,2000,5151.717,9116.964,2000,5165.541
9231.994,2000,4995.91,9356.931,2000,5327.53,9279.184,2000,5161.931,9391.947,2000,5054.369,9506.008,2000,5321.449,9405.316,2000,5283.611,9304.8,2000,5275.106,9249.513,2000,5208.669,9505.891,2000,5150.689,9117.629,2000,5166.396
9232.913,2000,4995.335,9356.903,2000,5328.613,9280.238,2000,5162.179,9392.396,2000,5055.355,9504.945,2000,5321.236,9405.964,2000,5284.479,9303.723,2000,5274.987,9250.415,2000,5209.268,9505.514,2000,5149.674,9118.321,2000,5167.229
9233.85,2000,4994.792,9356.872,2000,5329.696,9281.301,2000,5162.392,9392.813,2000,5056.355,9503.891,2000,5320.988,9406.64,2000,5285.326,9302.643,2000,5274.903,9251.298,2000,5209.896,9505.104,2000,5148.671,9119.041,2000,5168.039
9234.804,2000,4994.278,9356.838,2000,5330.779,9282.369,2000,5162.57,9393.197,2000,5057.368,9502.845,2000,5320.706,9407.343,2000,5286.15,9301.561,2000,5274.855,9252.159,2000,5210.553,9504.661,2000,5147.683,9119.787,2000,5168.825
9235.774,2000,4993.797,9356.802,2000,5331.862,9283.443,2000,5162.713,9393.548,2000,5058.394,9501.809,2000,5320.389,9408.072,2000,5286.951,9300.478,2000,5274.842,9252.999,2000,5211.237,9504.187,2000,5146.709,9120.558,2000,5169.586
9236.76,2000,4993.347,9356.763,2000,5332.944,9284.521,2000,5162.821,9393.864,2000,5059.43,9500.763,2000,5320.107,9408.828,2000,5287.728,9299.395,2000,5274.865,9253.816,2000,5211.949,9503.68,2000,5145.751,9121.354,2000,5170.321
9237.76,2000,4992.93,9356.722,2000,5334.027,9285.603,2000,5162.894,9394.146,2000,5060.476,9499.708,2000,5319.859,9409.608,2000,5288.479,9298.313,2000,5274.923,9254.609,2000,5212.687,9503.142,2000,5144.811,9122.173,2000,5171.03
9238.772,2000,4992.546,9356.678,2000,5335.109,9286.686,2000,5162.931,9394.395,2000,5061.53,9498.646,2000,5319.646,9410.413,2000,5289.204,9297.233,2000,5275.016,9255.378,2000,5213.45,9502.573,2000,5143.889,9123.015,2000,5171.712
9239.798,2000,4992.195,9356.633,2000,5336.192,9287.769,2000,5162.933,9394.608,2000,5062.592,9497.577,2000,5319.467,9411.241,2000,5289.902,9296.158,2000,5275.145,9256.121,2000,5214.238,9501.976,2000,5142.985,9123.878,2000,5172.366
9240.834,2000,4991.878,9356.586,2000,5337.274,9288.852,2000,5162.899,9394.787,2000,5063.661,9496.503,2000,5319.324,9412.092,2000,5290.573,9295.087,2000,5275.308,9256.838,2000,5215.05,9501.349,2000,5142.102,9124.763,2000,5172.991
9241.88,2000,4991.595,9356.537,2000,5338.356,9289.933,2000,5162.83,9394.931,2000,5064.734,9495.425,2000,5319.215,9412.964,2000,5291.215,9294.021,2000,5275.507,9257.528,2000,5215.885,9500.692,2000,5141.24,9125.667,2000,5173.587
9242.935,2000,4991.347,9356.487,2000,5339.438,9291.011,2000,5162.726,9395.039,2000,5065.813,9494.344,2000,5319.143,9413.856,2000,5291.829,9292.964,2000,5275.74,9258.19,2000,5216.743,9500.009,2000,5140.399,9126.591,2000,5174.154
9243.996,2000,4991.133,9356.437,2000,5340.521,9292.085,2000,5162.586,9395.112,2000,5066.894,9493.261,2000,5319.105,9414.769,2000,5292.414,9291.914,2000,5276.008,9258.824,2000,5217.621,9499.298,2000,5139.582,9127.532,2000,5174.689
9245.064,2000,4990.954,9356.385,2000,5341.603,9293.154,2000,5162.411,9395.149,2000,5067.976,9492.178,2000,5319.103,9415.699,2000,5292.968,9290.874,2000,5276.311,9259.429,2000,5218.52,9498.561,2000,5138.788,9128.491,2000,5175.194
9246.138,2000,4990.81,9356.332,2000,5342.685,9294.217,2000,5162.202,9395.151,2000,5069.06,9491.095,2000,5319.137,9416.647,2000,5293.491,9289.844,2000,5276.646,9260.004,2000,5219.438,9497.798,2000,5138.019,9129.466,2000,5175.667
9247.216,2000,4990.701,9356.279,2000,5343.767,9295.272,2000,5161.958,9395.118,2000,5070.143,9490.014,2000,5319.206,9417.612,2000,5293.983,9288.825,2000,5277.016,9260.549,2000,5220.375,9497.011,2000,5137.274,9130.455,2000,5176.108
9248.297,2000,4990.627,9356.226,2000,5344.849,9296.319,2000,5161.679,9395.05,2000,5071.224,9488.936,2000,5319.31,9418.593,2000,5294.444,9287.819,2000,5277.419,9261.063,2000,5221.328,9496.199,2000,5136.557,9131.459,2000,5176.516
9249.38,2000,4990.589,9356.172,2000,5345.931,9297.356,2000,5161.366,9394.945,2000,5072.302,9487.861,2000,5319.449,9419.588,2000,5294.872,9286.827,2000,5277.854,9261.545,2000,5222.298,9495.364,2000,5135.866,9132.476,2000,5176.891
9250.463,2000,4990.586,9356.119,2000,5347.013,9298.383,2000,5161.02,9394.806,2000,5073.376,9486.792,2000,5319.624,9420.597,2000,5295.267,9285.85,2000,5278.322,9261.995,2000,5223.284,9494.508,2000,5135.203,9133.504,2000,5177.233
9251.546,2000,4990.619,9356.066,2000,5348.095,9299.397,2000,5160.64,9394.631,2000,5074.445,9485.729,2000,5319.833,9421.618,2000,5295.629,9284.889,2000,5278.822,9262.413,2000,5224.283,9493.63,2000,5134.568,9134.543,2000,5177.541
9252.627,2000,4990.687,9356.014,2000,5349.177,9300.399,2000,5160.227,9394.422,2000,5075.508,9484.674,2000,5320.077,9422.65,2000,5295.958,9283.944,2000,5279.352,9262.798,2000,5225.296,9492.731,2000,5133.962,9135.591,2000,5177.814
9253.705,2000,4990.791,9355.926,2000,5350.256,9301.387,2000,5159.781,9394.178,2000,5076.564,9483.627,2000,5320.355,9423.693,2000,5296.252,9283.018,2000,5279.913,9263.149,2000,5226.32,9491.813,2000,5133.386,9136.647,2000,5178.053
9254.779,2000,4990.929,9355.803,2000,5351.333,9302.359,2000,5159.304,9393.899,2000,5077.611,9482.59,2000,5320.668,9424.745,2000,5296.512,9282.109,2000,5280.504,9263.468,2000,5227.356,9490.878,2000,5132.84,9137.711,2000,5178.258
9255.849,2000,4991.103,9355.645,2000,5352.404,9303.315,2000,5158.794,9393.587,2000,5078.648,9481.563,2000,5321.014,9425.805,2000,5296.738,9281.222,2000,5281.125,9263.752,2000,5228.401,9489.925,2000,5132.325,9138.781,2000,5178.427
9256.912,2000,4991.312,9355.451,2000,5353.47,9304.255,2000,5158.254,9393.24,2000,5079.674,9480.549,2000,5321.394,9426.871,2000,5296.929,9280.354,2000,5281.774,9264.002,2000,5229.456,9488.955,2000,5131.842,9139.856,2000,5178.562
9257.968,2000,4991.555,9355.224,2000,5354.529,9305.176,2000,5157.684,9392.86,2000,5080.689,9479.547,2000,5321.807,9427.943,2000,5297.084,9279.509,2000,5282.452,9264.217,2000,5230.518,9487.971,2000,5131.391,9140.933,2000,5178.686
9259.015,2000,4991.833,9354.961,2000,5355.581,9306.077,2000,5157.083,9392.447,2000,5081.69,9478.56,2000,5322.252,9429.02,2000,5297.205,9278.686,2000,5283.156,9264.396,2000,5231.586,9486.972,2000,5130.972,9142.009,2000,5178.813
9260.052,2000,4992.145,9354.664,2000,5356.623,9306.959,2000,5156.454,9392.012,2000,5082.683,9477.587,2000,5322.729,9430.1,2000,5297.291,9277.886,2000,5283.887,9264.542,2000,5232.66,9485.959,2000,5130.586,9143.084,2000,5178.942
9261.078,2000,4992.49,9354.333,2000,5357.654,9307.819,2000,5155.796,9391.577,2000,5083.675,9476.631,2000,5323.238,9431.182,2000,5297.34,9277.11,2000,5284.644,9264.651,2000,5233.737,9484.935,2000,5130.233,9144.159,2000,5179.075
9262.093,2000,4992.869,9353.969,2000,5358.674,9308.658,2000,5155.11,9391.144,2000,5084.667,9475.691,2000,5323.778,9432.265,2000,5297.355,9276.36,2000,5285.426,9264.726,2000,5234.818,9483.899,2000,5129.915,9145.234,2000,5179.209
9263.095,2000,4993.281,9353.571,2000,5359.682,9309.474,2000,5154.397,9390.711,2000,5085.661,9474.771,2000,5324.349,9433.348,2000,5297.334,9275.637,2000,5286.232,9264.765,2000,5235.9,9482.854,2000,5129.63,9146.309,2000,5179.347
9264.083,2000,4993.726,9353.141,2000,5360.676,9310.266,2000,5153.658,9390.278,2000,5086.654,9473.868,2000,5324.949,9434.43,2000,5297.278,9274.939,2000,5287.061,9264.769,2000,5236.984,9481.801,2000,5129.379,9147.383,2000,5179.487
9265.056,2000,4994.203,9352.678,2000,5361.656,9311.033,2000,5152.893,9389.847,2000,5087.647,9472.986,2000,5325.578,9435.509,2000,5297.186,9274.27,2000,5287.913,9264.736,2000,5238.067,9480.739,2000,5129.164,9148.457,2000,5179.63
9266.013,2000,4994.711,9352.184,2000,5362.62,9311.775,2000,5152.104,9389.383,2000,5088.626,9472.126,2000,5326.236,9436.585,2000,5297.059,9273.628,2000,5288.786,9264.669,2000,5239.148,9479.671,2000,5128.982,9149.53,2000,5179.775
9266.952,2000,4995.25,9351.658,2000,5363.567,9312.491,2000,5151.29,9388.887,2000,5089.59,9471.287,2000,5326.921,9437.656,2000,5296.897,9273.016,2000,5289.679,9264.566,2000,5240.227,9478.598,2000,5128.836,9150.604,2000,5179.924
9267.874,2000,4995.82,9351.102,2000,5364.497,9313.18,2000,5150.454,9388.359,2000,5090.536,9470.472,2000,5327.634,9438.722,2000,5296.7,9272.433,2000,5290.592,9264.429,2000,5241.301,9477.52,2000,5128.726,9151.677,2000,5180.075
9268.776,2000,4996.42,9350.515,2000,5365.407,9313.841,2000,5149.595,9387.802,2000,5091.465,9469.68,2000,5328.374,9439.78,2000,5296.468,9271.88,2000,5291.524,9264.256,2000,5242.371,9476.438,2000,5128.65,9152.749,2000,5180.229
9269.658,2000,4997.049,9349.898,2000,5366.298,9314.474,2000,5148.716,9387.214,2000,5092.375,9468.912,2000,5329.138,9440.83,2000,5296.202,9271.357,2000,5292.473,9264.048,2000,5243.434,9475.355,2000,5128.61,9153.821,2000,5180.385
9270.52,2000,4997.706,9349.254,2000,5367.169,9315.077,2000,5147.816,9386.597,2000,5093.265,9468.17,2000,5329.928,9441.871,2000,5295.901,9270.867,2000,5293.439,9263.806,2000,5244.489,9474.272,2000,5128.605,9154.893,2000,5180.543
9271.358,2000,4998.391,9348.581,2000,5368.018,9315.65,2000,5146.897,9385.95,2000,5094.134,9467.454,2000,5330.741,9442.901,2000,5295.567,9270.408,2000,5294.42,9263.529,2000,5245.537,9473.189,2000,5128.636,9155.964,2000,5180.705
9272.175,2000,4999.104,9347.881,2000,5368.845,9316.193,2000,5145.959,9385.276,2000,5094.982,9466.766,2000,5331.577,9443.92,2000,5295.199,9269.981,2000,5295.417,9263.219,2000,5246.574,9472.108,2000,5128.702,9157.035,2000,5180.869
9272.968,2000,4999.842,9347.154,2000,5369.648,9316.706,2000,5145.005,9384.574,2000,5095.807,9466.104,2000,5332.435,9444.927,2000,5294.798,9269.588,2000,5296.426,9262.874,2000,5247.601,9471.03,2000,5128.804,9158.105,2000,5181.036
9273.735,2000,5000.606,9346.401,2000,5370.427,9317.187,2000,5144.034,9383.846,2000,5096.609,9465.472,2000,5333.314,9445.92,2000,5294.364,9269.228,2000,5297.447,9262.496,2000,5248.616,9469.956,2000,5128.94,9159.176,2000,5181.206
9274.478,2000,5001.396,9345.623,2000,5371.181,9317.636,2000,5143.048,9383.092,2000,5097.387,9464.868,2000,5334.214,9446.897,2000,5293.898,9268.9,2000,5298.48,9262.085,2000,5249.619,9468.887,2000,5129.112,9160.245,2000,5181.377
9275.194,2000,5002.208,9344.821,2000,5371.909,9318.052,2000,5142.048,9382.313,2000,5098.139,9464.294,2000,5335.133,9447.859,2000,5293.401,9268.607,2000,5299.523,9261.642,2000,5250.607,9467.823,2000,5129.319,9161.314,2000,5181.552
9275.884,2000,5003.044,9343.996,2000,5372.61,9318.436,2000,5141.035,9381.509,2000,5098.866,9463.751,2000,5336.07,9448.805,2000,5292.872,9268.349,2000,5300.575,9261.166,2000,5251.58,9466.768,2000,5129.561,9162.383,2000,5181.729
9276.546,2000,5003.902,9343.148,2000,5373.284,9318.785,2000,5140.01,9380.682,2000,5099.566,9463.238,2000,5337.024,9449.732,2000,5292.313,9268.125,2000,5301.635,9260.658,2000,5252.537,9465.72,2000,5129.837,9163.451,2000,5181.909
9277.179,2000,5004.781,9342.278,2000,5373.93,9319.102,2000,5138.974,9379.832,2000,5100.239,9462.758,2000,5337.995,9450.642,2000,5291.723,9267.936,2000,5302.702,9260.12,2000,5253.477,9464.682,2000,5130.147,9164.52,2000,5182.091
9277.783,2000,5005.68,9341.388,2000,5374.547,9319.384,2000,5137.928,9378.961,2000,5100.883,9462.309,2000,5338.981,9451.53,2000,5291.104,9267.781,2000,5303.774,9259.551,2000,5254.399,9463.654,2000,5130.491,9165.587,2000,5182.275
9278.357,2000,5006.599,9340.478,2000,5375.135,9319.632,2000,5136.873,9378.069,2000,5101.499,9461.893,2000,5339.981,9452.398,2000,5290.456,9267.662,2000,5304.851,9258.952,2000,5255.302,9462.639,2000,5130.868,9166.654,2000,5182.462
9278.901,2000,5007.536,9339.549,2000,5375.693,9319.845,2000,5135.811,9377.158,2000,5102.085,9461.509,2000,5340.994,9453.245,2000,5289.78,9267.578,2000,5305.931,9258.324,2000,5256.185,9461.636,2000,5131.278,9167.721,2000,5182.651
9279.414,2000,5008.49,9338.603,2000,5376.22,9320.023,2000,5134.743,9376.229,2000,5102.641,9461.158,2000,5342.02,9454.069,2000,5289.077,9267.53,2000,5307.013,9257.668,2000,5257.046,9460.647,2000,5131.721,9168.787,2000,5182.843
9279.896,2000,5009.46,9337.674,2000,5376.777,9320.167,2000,5133.669,9375.281,2000,5103.167,9460.842,2000,5343.056,9454.87,2000,5288.347,9267.446,2000,5308.093,9256.983,2000,5257.886,9459.674,2000,5132.196,9169.853,2000,5183.037
9280.345,2000,5010.446,9336.764,2000,5377.365,9320.275,2000,5132.591,9374.317,2000,5103.661,9460.56,2000,5344.102,9455.646,2000,5287.591,9267.327,2000,5309.17,9256.271,2000,5258.703,9458.716,2000,5132.703,9170.918,2000,5183.232
9280.762,2000,5011.446,9335.873,2000,5377.982,9320.348,2000,5131.51,9373.338,2000,5104.123,9460.312,2000,5345.156,9456.397,2000,5286.81,9267.173,2000,5310.242,9255.533,2000,5259.496,9457.775,2000,5133.24,9171.983,2000,5183.431
9281.146,2000,5012.459,9335.003,2000,5378.628,9320.385,2000,5130.427,9372.344,2000,5104.553,9460.099,2000,5346.218,9457.123,2000,5286.005,9266.983,2000,5311.309,9254.77,2000,5260.265,9456.853,2000,5133.809,9173.048,2000,5183.631
9281.496,2000,5013.484,9334.155,2000,5379.302,9320.387,2000,5129.344,9371.336,2000,5104.95,9459.92,2000,5347.287,9457.821,2000,5285.177,9266.76,2000,5312.369,9253.981,2000,5261.008,9455.949,2000,5134.407,9174.112,2000,5183.834
9281.813,2000,5014.52,9333.33,2000,5380.004,9320.354,2000,5128.261,9370.315,2000,5105.313,9459.776,2000,5348.36,9458.492,2000,5284.327,9266.501,2000,5313.421,9253.169,2000,5261.725,9455.066,2000,5135.034,9175.176,2000,5184.039
9282.12,2000,5015.559,9332.528,2000,5380.732,9320.284,2000,5127.18,9369.284,2000,5105.644,9459.668,2000,5349.438,9459.135,2000,5283.455,9266.208,2000,5314.464,9252.334,2000,5262.415,9454.204,2000,5135.69,9176.239,2000,5184.246
9282.426,2000,5016.598,9331.75,2000,5381.486,9320.18,2000,5126.102,9368.242,2000,5105.94,9459.595,2000,5350.52,9459.749,2000,5282.562,9265.881,2000,5315.497,9251.477,2000,5263.078,9453.363,2000,5136.374,9177.302,2000,5184.456
9282.73,2000,5017.638,9330.997,2000,5382.265,9320.04,2000,5125.027,9367.191,2000,5106.203,9459.558,2000,5351.602,9460.333,2000,5281.65,9265.521,2000,5316.519,9250.598,2000,5263.711,9452.546,2000,5137.084,9178.364,2000,5184.667
9283.034,2000,5018.678,9330.271,2000,5383.068,9319.865,2000,5123.958,9366.132,2000,5106.43,9459.546,2000,5352.686,9460.888,2000,5280.719,9265.127,2000,5317.528,9249.699,2000,5264.316,9451.752,2000,5137.822,9179.427,2000,5184.881
9283.337,2000,5019.718,9329.57,2000,5383.895,9319.655,2000,5122.895,9365.065,2000,5106.623,9459.525,2000,5353.769,9461.411,2000,5279.771,9264.7,2000,5318.524,9248.781,2000,5264.892,9450.982,2000,5138.584,9180.488,2000,5185.097
9283.639,2000,5020.758,9328.897,2000,5384.744,9319.411,2000,5121.839,9363.994,2000,5106.781,9459.498,2000,5354.852,9461.903,2000,5278.806,9264.241,2000,5319.505,9247.845,2000,5265.437,9450.238,2000,5139.372,9181.55,2000,5185.314
9283.939,2000,5021.799,9328.253,2000,5385.614,9319.133,2000,5120.792,9362.918,2000,5106.903,9459.464,2000,5355.935,9462.363,2000,5277.826,9263.751,2000,5320.471,9246.891,2000,5265.951,9449.521,2000,5140.184,9182.61,2000,5185.535
9284.239,2000,5022.84,9327.637,2000,5386.505,9318.82,2000,5119.755,9361.838,2000,5106.991,9459.424,2000,5357.017,9462.791,2000,5276.831,9263.229,2000,5321.42,9245.921,2000,5266.433,9448.83,2000,5141.018,9183.671,2000,5185.757
9284.538,2000,5023.881,9327.05,2000,5387.416,9318.474,2000,5118.729,9360.756,2000,5107.043,9459.378,2000,5358.1,9463.187,2000,5275.822,9262.676,2000,5322.352,9244.936,2000,5266.884,9448.167,2000,5141.875,9184.73,2000,5185.981
9284.815,2000,5024.928,9326.493,2000,5388.346,9318.094,2000,5117.714,9359.673,2000,5107.06,9459.328,2000,5359.182,9463.549,2000,5274.801,9262.093,2000,5323.265,9243.937,2000,5267.302,9447.532,2000,5142.752,9185.792,2000,5186.195
9285.059,2000,5025.984,9325.968,2000,5389.293,9317.681,2000,5116.713,9358.59,2000,5107.041,9459.274,2000,5360.264,9463.877,2000,5273.769,9261.48,2000,5324.159,9242.924,2000,5267.687,9446.927,2000,5143.65,9186.86,2000,5186.374
9285.268,2000,5027.047,9325.474,2000,5390.257,9317.235,2000,5115.726,9357.508,2000,5106.986,9459.217,2000,5361.346,9464.171,2000,5272.726,9260.839,2000,5325.032,9241.899,2000,5268.039,9446.351,2000,5144.568,9187.934,2000,5186.518
9285.441,2000,5028.116,9325.011,2000,5391.236,9316.758,2000,5114.753,9356.428,2000,5106.896,9459.156,2000,5362.427,9464.431,2000,5271.674,9260.169,2000,5325.883,9240.864,2000,5268.356,9445.805,2000,5145.504,9189.012,2000,5186.627
9285.58,2000,5029.19,9324.58,2000,5392.23,9316.249,2000,5113.797,9355.352,2000,5106.771,9459.094,2000,5363.509,9464.656,2000,5270.615,9259.472,2000,5326.712,9239.818,2000,5268.64,9445.29,2000,5146.457,9190.093,2000,5186.701
9285.684,2000,5030.269,9324.183,2000,5393.238,9315.709,2000,5112.858,9354.28,2000,5106.611,9459.029,2000,5364.59,9464.847,2000,5269.548,9258.748,2000,5327.519,9238.765,2000,5268.89,9444.807,2000,5147.427,9191.176,2000,5186.739
9285.752,2000,5031.35,9323.818,2000,5394.258,9315.139,2000,5111.937,9353.215,2000,5106.417,9458.963,2000,5365.672,9465.003,2000,5268.476,9257.998,2000,5328.3,9237.703,2000,5269.104,9444.355,2000,5148.412,9192.259,2000,5186.741
9285.785,2000,5032.433,9323.487,2000,5395.29,9314.538,2000,5111.035,9352.156,2000,5106.187,9458.896,2000,5366.753,9465.124,2000,5267.399,9257.223,2000,5329.057,9236.635,2000,5269.285,9443.872,2000,5149.381,9193.342,2000,5186.708
9285.782,2000,5033.517,9323.19,2000,5396.332,9313.908,2000,5110.153,9351.091,2000,5105.992,9458.828,2000,5367.834,9465.209,2000,5266.319,9256.423,2000,5329.788,9235.562,2000,5269.43,9443.357,2000,5150.334,9194.423,2000,5186.64
9285.744,2000,5034.599,9322.928,2000,5397.383,9313.25,2000,5109.293,9350.02,2000,5105.832,9458.725,2000,5368.913,9465.259,2000,5265.237,9255.6,2000,5330.493,9234.483,2000,5269.54,9442.812,2000,5151.271,9195.501,2000,5186.537
9285.671,2000,5035.68,9322.7,2000,5398.442,9312.564,2000,5108.455,9348.943,2000,5105.707,9458.586,2000,5369.987,9465.273,2000,5264.154,9254.754,2000,5331.17,9233.402,2000,5269.614,9442.235,2000,5152.188,9196.575,2000,5186.398
9285.563,2000,5036.758,9322.507,2000,5399.508,9311.852,2000,5107.639,9347.863,2000,5105.617,9458.412,2000,5371.057,9465.253,2000,5263.071,9253.887,2000,5331.819,9232.319,2000,5269.653,9441.63,2000,5153.086,9197.645,2000,5186.224
9285.419,2000,5037.832,9322.349,2000,5400.58,9311.112,2000,5106.847,9346.781,2000,5105.563,9458.204,2000,5372.12,9465.196,2000,5261.989,9252.999,2000,5332.44,9231.236,2000,5269.657,9440.995,2000,5153.964,9198.708,2000,5186.016
9285.24,2000,5038.9,9322.226,2000,5401.656,9310.348,2000,5106.08,9345.698,2000,5105.543,9457.961,2000,5373.175,9465.104,2000,5260.91,9252.091,2000,5333.031,9230.153,2000,5269.625,9440.332,2000,5154.82,9199.764,2000,5185.772
9285.026,2000,5039.962,9322.138,2000,5402.736,9309.559,2000,5105.338,9344.615,2000,5105.56,9457.684,2000,5374.223,9464.978,2000,5259.834,9251.176,2000,5333.611,9229.072,2000,5269.558,9439.642,2000,5155.655,9200.811,2000,5185.495
9284.777,2000,5041.016,9322.085,2000,5403.818,9308.745,2000,5104.622,9343.533,2000,5105.612,9457.372,2000,5375.26,9464.815,2000,5258.763,9250.261,2000,5334.191,9227.989,2000,5269.526,9438.924,2000,5156.466,9201.848,2000,5185.183
9284.494,2000,5042.062,9321.997,2000,5404.897,9307.909,2000,5103.934,9342.453,2000,5105.7,9457.026,2000,5376.287,9464.618,2000,5257.697,9249.365,2000,5334.801,9226.906,2000,5269.53,9438.18,2000,5157.254,9202.874,2000,5184.837
9284.177,2000,5043.098,9321.874,2000,5405.974,9307.051,2000,5103.272,9341.377,2000,5105.822,9456.647,2000,5377.302,9464.387,2000,5256.639,9248.49,2000,5335.44,9225.823,2000,5269.569,9437.41,2000,5158.017,9203.889,2000,5184.458
9283.826,2000,5044.123,9321.716,2000,5407.045,9306.171,2000,5102.64,9340.306,2000,5105.98,9456.235,2000,5378.304,9464.12,2000,5255.589,9247.637,2000,5336.108,9224.742,2000,5269.644,9436.616,2000,5158.754,9204.891,2000,5184.046
9283.442,2000,5045.136,9321.522,2000,5408.111,9305.271,2000,5102.037,9339.239,2000,5106.173,9455.791,2000,5379.292,9463.819,2000,5254.548,9246.806,2000,5336.803,9223.664,2000,5269.754,9435.799,2000,5159.465,9205.879,2000,5183.601
9283.025,2000,5046.136,9321.295,2000,5409.17,9304.353,2000,5101.463,9338.18,2000,5106.4,9455.314,2000,5380.266,9463.553,2000,5253.498,9245.998,2000,5337.524,9222.591,2000,5269.899,9434.958,2000,5160.148,9206.852,2000,5183.125
9282.576,2000,5047.122,9321.032,2000,5410.222,9303.415,2000,5100.919,9337.129,2000,5106.663,9454.807,2000,5381.223,9463.321,2000,5252.439,9245.214,2000,5338.272,9221.522,2000,5270.079,9434.096,2000,5160.804,9207.809,2000,5182.616
9282.095,2000,5048.092,9320.735,2000,5411.264,9302.461,2000,5100.407,9336.087,2000,5106.959,9454.268,2000,5382.163,9463.124,2000,5251.374,9244.455,2000,5339.045,9220.461,2000,5270.294,9433.213,2000,5161.432,9208.748,2000,5182.077
9281.582,2000,5049.046,9320.404,2000,5412.295,9301.49,2000,5099.926,9335.056,2000,5107.29,9453.698,2000,5383.084,9462.962,2000,5250.303,9243.722,2000,5339.842,9219.407,2000,5270.543,9432.31,2000,5162.03,9209.669,2000,5181.507
9281.038,2000,5049.983,9320.04,2000,5413.315,9300.504,2000,5099.478,9334.035,2000,5107.653,9453.099,2000,5383.986,9462.835,2000,5249.227,9243.015,2000,5340.663,9218.351,2000,5270.783,9431.387,2000,5162.598,9210.571,2000,5180.907
9280.464,2000,5050.902,9319.643,2000,5414.323,9299.504,2000,5099.062,9333.027,2000,5108.05,9452.47,2000,5384.869,9462.743,2000,5248.147,9242.335,2000,5341.507,9217.292,2000,5271.012,9430.446,2000,5163.136,9211.453,2000,5180.278
9279.859,2000,5051.801,9319.212,2000,5415.317,9298.49,2000,5098.678,9332.033,2000,5108.48,9451.813,2000,5385.73,9462.687,2000,5247.065,9241.684,2000,5342.372,9216.23,2000,5271.23,9429.488,2000,5163.642,9212.314,2000,5179.621
9279.227,2000,5052.68,9318.749,2000,5416.297,9297.465,2000,5098.328,9331.054,2000,5108.942,9451.128,2000,5386.569,9462.666,2000,5245.982,9241.061,2000,5343.258,9215.167,2000,5271.438,9428.515,2000,5164.117,9213.153,2000,5178.936
9278.565,2000,5053.538,9318.255,2000,5417.261,9296.429,2000,5098.012,9330.09,2000,5109.437,9450.416,2000,5387.386,9462.681,2000,5244.899,9240.467,2000,5344.165,9214.102,2000,5271.637,9427.526,2000,5164.56,9213.97,2000,5178.224
9277.876,2000,5054.374,9317.729,2000,5418.208,9295.383,2000,5097.729,9329.143,2000,5109.962,9449.678,2000,5388.179,9462.73,2000,5243.817,9239.903,2000,5345.09,9213.035,2000,5271.825,9426.523,2000,5164.97,9214.763,2000,5177.485
9277.16,2000,5055.187,9317.173,2000,5419.138,9294.328,2000,5097.482,9328.213,2000,5110.518,9448.914,2000,5388.947,9462.815,2000,5242.737,9239.37,2000,5346.033,9211.967,2000,5272.005,9425.508,2000,5165.348,9215.53,2000,5176.721
9276.418,2000,5055.976,9316.586,2000,5420.048,9293.266,2000,5097.269,9327.302,2000,5111.104,9448.126,2000,5389.689,9462.937,2000,5241.661,9238.868,2000,5346.993,9210.897,2000,5272.176,9424.48,2000,5165.691,9216.272,2000,5175.932
9275.65,2000,5056.74,9315.97,2000,5420.939,9292.197,2000,5097.091,9326.41,2000,5111.72,9447.313,2000,5390.406,9463.093,2000,5240.588,9238.397,2000,5347.969,9209.826,2000,5272.339,9423.442,2000,5166.001,9216.988,2000,5175.119
9274.857,2000,5057.479,9315.325,2000,5421.81,9291.123,2000,5096.948,9325.539,2000,5112.364,9446.479,2000,5391.096,9463.283,2000,5239.522,9237.959,2000,5348.959,9208.754,2000,5272.494,9422.395,2000,5166.277,9217.678,2000,5174.283
9274.041,2000,5058.191,9314.652,2000,5422.659,9290.045,2000,5096.84,9324.689,2000,5113.037,9445.621,2000,5391.758,9463.509,2000,5238.462,9237.554,2000,5349.964,9207.681,2000,5272.642,9421.339,2000,5166.519,9218.339,2000,5173.425
9273.202,2000,5058.876,9313.952,2000,5423.486,9288.964,2000,5096.767,9323.862,2000,5113.737,9444.742,2000,5392.392,9463.769,2000,5237.411,9237.182,2000,5350.981,9206.606,2000,5272.783,9420.275,2000,5166.726,9218.972,2000,5172.546
9272.341,2000,5059.533,9313.226,2000,5424.289,9287.881,2000,5096.73,9323.059,2000,5114.464,9443.843,2000,5392.996,9464.063,2000,5236.368,9236.843,2000,5352.01,9205.528,2000,5272.889,9419.206,2000,5166.898,9219.633,2000,5171.688
9271.459,2000,5060.162,9312.473,2000,5425.068,9286.798,2000,5096.728,9322.279,2000,5115.216,9442.925,2000,5393.571,9464.391,2000,5235.336,9236.538,2000,5353.05,9204.447,2000,5272.96,9418.132,2000,5167.035,9220.322,2000,5170.853
9270.557,2000,5060.762,9311.694,2000,5425.822,9285.715,2000,5096.691,9321.525,2000,5115.994,9441.988,2000,5394.115,9464.753,2000,5234.315,9236.268,2000,5354.099,9203.364,2000,5272.995,9417.054,2000,5167.136,9220.983,2000,5169.995
9269.636,2000,5061.332,9310.893,2000,5426.55,9284.634,2000,5096.618,9320.797,2000,5116.796,9441.034,2000,5394.629,9465.148,2000,5233.306,9236.031,2000,5355.156,9202.281,2000,5272.995,9415.973,2000,5167.203,9221.616,2000,5169.116
9268.696,2000,5061.871,9310.067,2000,5427.251,9283.556,2000,5096.51,9320.095,2000,5117.621,9440.063,2000,5395.111,9465.576,2000,5232.311,9235.83,2000,5356.22,9201.198,2000,5272.959,9414.89,2000,5167.233,9222.221,2000,5168.216
9267.739,2000,5062.379,9309.22,2000,5427.925,9282.481,2000,5096.367,9319.421,2000,5118.469,9439.078,2000,5395.561,9466.036,2000,5231.331,9235.663,2000,5357.291,9200.117,2000,5272.889,9413.807,2000,5167.229,9222.795,2000,5167.298
9266.767,2000,5062.856,9308.35,2000,5428.571,9281.413,2000,5096.189,9318.774,2000,5119.338,9438.078,2000,5395.979,9466.528,2000,5230.366,9235.531,2000,5358.366,9199.039,2000,5272.782,9412.724,2000,5167.188,9223.339,2000,5166.361
9265.778,2000,5063.301,9307.459,2000,5429.188,9280.351,2000,5095.976,9318.157,2000,5120.229,9437.065,2000,5396.363,9467.052,2000,5229.417,9235.435,2000,5359.445,9197.965,2000,5272.641,9411.643,2000,5167.113,9223.852,2000,5165.407
9264.776,2000,5063.713,9306.549,2000,5429.776,9279.296,2000,5095.729,9317.569,2000,5121.138,9436.041,2000,5396.714,9467.606,2000,5228.487,9235.374,2000,5360.526,9196.896,2000,5272.464,9410.564,2000,5167.002,9224.333,2000,5164.437
9263.762,2000,5064.092,9305.658,2000,5430.394,9278.25,2000,5095.446,9317.012,2000,5122.067,9435.005,2000,5397.032,9468.19,2000,5227.575,9235.277,2000,5361.605,9195.833,2000,5272.252,9409.491,2000,5166.856,9224.782,2000,5163.451
9262.735,2000,5064.438,9304.788,2000,5431.04,9277.214,2000,5095.13,9316.484,2000,5123.013,9433.959,2000,5397.315,9468.805,2000,5226.682,9235.146,2000,5362.681,9194.778,2000,5272.006,9408.423,2000,5166.675,9225.199,2000,5162.451
9261.698,2000,5064.75,9303.94,2000,5431.713,9276.188,2000,5094.78,9315.988,2000,5123.977,9432.904,2000,5397.564,9469.447,2000,5225.81,9234.979,2000,5363.751,9193.731,2000,5271.726,9407.361,2000,5166.459,9225.583,2000,5161.438
9260.651,2000,5065.027,9303.115,2000,5432.415,9275.175,2000,5094.396,9315.524,2000,5124.956,9431.843,2000,5397.778,9470.118,2000,5224.959,9234.777,2000,5364.815,9192.694,2000,5271.412,9406.308,2000,5166.208,9225.934,2000,5160.413
9259.596,2000,5065.271,9302.313,2000,5433.143,9274.175,2000,5093.98,9315.093,2000,5125.949,9430.774,2000,5397.958,9470.816,2000,5224.131,9234.541,2000,5365.873,9191.669,2000,5271.063,9405.263,2000,5165.924,9226.251,2000,5159.376
9258.532,2000,5065.479,9301.535,2000,5433.897,9273.188,2000,5093.532,9314.693,2000,5126.957,9429.701,2000,5398.103,9471.542,2000,5223.327,9234.271,2000,5366.921,9190.655,2000,5270.682,9404.228,2000,5165.605,9226.534,2000,5158.331
9257.463,2000,5065.653,9300.782,2000,5434.676,9272.218,2000,5093.051,9314.327,2000,5127.976,9428.623,2000,5398.212,9472.293,2000,5222.546,9233.966,2000,5367.961,9189.654,2000,5270.267,9403.203,2000,5165.252,9226.783,2000,5157.276
9256.389,2000,5065.792,9300.056,2000,5435.479,9271.264,2000,5092.539,9313.995,2000,5129.007,9427.542,2000,5398.286,9473.069,2000,5221.79,9233.627,2000,5368.99,9188.668,2000,5269.82,9402.19,2000,5164.867,9226.997,2000,5156.214
9255.311,2000,5065.895,9299.355,2000,5436.306,9270.326,2000,5091.995,9313.696,2000,5130.049,9426.459,2000,5398.325,9473.87,2000,5221.06,9233.255,2000,5370.007,9187.696,2000,5269.341,9401.191,2000,5164.448,9227.176,2000,5155.146
9254.229,2000,5065.963,9298.683,2000,5437.155,9269.407,2000,5091.421,9313.432,2000,5131.1,9425.376,2000,5398.328,9474.694,2000,5220.357,9232.85,2000,5371.012,9186.741,2000,5268.83,9400.207,2000,5163.997,9227.32,2000,5154.072
9253.146,2000,5065.996,9298.038,2000,5438.025,9268.508,2000,5090.818,9313.202,2000,5132.158,9424.293,2000,5398.295,9475.541,2000,5219.681,9232.411,2000,5372.002,9185.803,2000,5268.289,9399.237,2000,5163.513,9227.429,2000,5152.995
9252.063,2000,5065.994,9297.422,2000,5438.917,9267.628,2000,5090.186,9313.007,2000,5133.224,9423.212,2000,5398.228,9476.409,2000,5219.033,9231.94,2000,5372.979,9184.883,2000,5267.716,9398.284,2000,5162.999,9227.502,2000,5151.914
9250.98,2000,5065.956,9296.835,2000,5439.827,9266.77,2000,5089.524,9312.847,2000,5134.295,9422.134,2000,5398.125,9477.298,2000,5218.414,9231.438,2000,5373.938,9183.982,2000,5267.114,9397.349,2000,5162.453,9227.54,2000,5150.831
9249.899,2000,5065.882,9296.278,2000,5440.757,9265.934,2000,5088.836,9312.722,2000,5135.371,9421.06,2000,5397.986,9478.207,2000,5217.824,9230.905,2000,5374.881,9183.102,2000,5266.483,9396.431,2000,5161.876,9227.543,2000,5149.748
9248.821,2000,5065.773,9295.753,2000,5441.704,9265.12,2000,5088.12,9312.632,2000,5136.451,9419.99,2000,5397.813,9479.135,2000,5217.265,9230.342,2000,5375.807,9182.242,2000,5265.824,9395.532,2000,5161.271,9227.51,2000,5148.665
9247.748,2000,5065.629,9295.259,2000,5442.668,9264.331,2000,5087.378,9312.577,2000,5137.533,9418.927,2000,5397.604,9480.044,2000,5216.675,9229.748,2000,5376.713,9181.405,2000,5265.136,9394.654,2000,5160.636,9227.441,2000,5147.583
9246.68,2000,5065.45,9294.796,2000,5443.647,9263.566,2000,5086.611,9312.559,2000,5138.616,9417.871,2000,5397.361,9480.933,2000,5216.056,9229.125,2000,5377.599,9180.591,2000,5264.422,9393.798,2000,5159.973,9227.338,2000,5146.505
9245.618,2000,5065.236,9294.365,2000,5444.642,9262.827,2000,5085.819,9312.575,2000,5139.699,9416.824,2000,5397.084,9481.801,2000,5215.408,9228.474,2000,5378.464,9179.8,2000,5263.681,9392.963,2000,5159.282,9227.199,2000,5145.431
9244.563,2000,5064.987,9293.968,2000,5445.649,9262.114,2000,5085.003,9312.627,2000,5140.781,9415.787,2000,5396.772,9482.647,2000,5214.732,9227.794,2000,5379.308,9179.034,2000,5262.915,9392.151,2000,5158.564,9227.025,2000,5144.361
9243.518,2000,5064.705,9293.604,2000,5446.669,9261.429,2000,5084.165,9312.715,2000,5141.86,9414.761,2000,5396.427,9483.472,2000,5214.029,9227.087,2000,5380.129,9178.294,2000,5262.125,9391.364,2000,5157.82,9226.816,2000,5143.298
9242.481,2000,5064.388,9293.272,2000,5447.701,9260.771,2000,5083.305,9312.838,2000,5142.937,9413.746,2000,5396.049,9484.272,2000,5213.299,9226.354,2000,5380.926,9177.58,2000,5261.31,9390.602,2000,5157.05,9226.573,2000,5142.243
9241.456,2000,5064.037,9292.976,2000,5448.743,9260.141,2000,5082.423,9312.996,2000,5144.008,9412.744,2000,5395.637,9485.049,2000,5212.543,9225.595,2000,5381.699,9176.893,2000,5260.473,9389.864,2000,5156.256,9226.296,2000,5141.196
9240.443,2000,5063.653,9292.713,2000,5449.794,9259.54,2000,5081.521,9313.188,2000,5145.074,9411.756,2000,5395.193,9485.8,2000,5211.762,9224.811,2000,5382.447,9176.233,2000,5259.613,9389.153,2000,5155.439,9225.984,2000,5140.158
9239.443,2000,5063.236,9292.485,2000,5450.854,9258.97,2000,5080.6,9313.416,2000,5146.133,9410.783,2000,5394.716,9486.525,2000,5210.958,9224.003,2000,5383.168,9175.603,2000,5258.732,9388.47,2000,5154.599,9225.639,2000,5139.131
9238.458,2000,5062.786,9292.292,2000,5451.919,9258.43,2000,5079.661,9313.678,2000,5147.185,9409.826,2000,5394.208,9487.224,2000,5210.129,9223.172,2000,5383.863,9175.001,2000,5257.832,9387.813,2000,5153.736,9225.26,2000,5138.117
9237.487,2000,5062.305,9292.134,2000,5452.991,9257.921,2000,5078.705,9313.975,2000,5148.227,9408.887,2000,5393.669,9487.895,2000,5209.279,9222.318,2000,5384.531,9174.429,2000,5256.912,9387.187,2000,5152.853,9224.848,2000,5137.115
9236.533,2000,5061.792,9292.011,2000,5454.067,9257.443,2000,5077.732,9314.305,2000,5149.258,9407.965,2000,5393.1,9488.537,2000,5208.407,9221.443,2000,5385.17,9173.887,2000,5255.974,9386.589,2000,5151.95,9224.403,2000,5136.127
9235.597,2000,5061.248,9291.923,2000,5455.147,9256.998,2000,5076.745,9314.669,2000,5150.279,9407.063,2000,5392.501,9489.151,2000,5207.514,9220.548,2000,5385.78,9173.376,2000,5255.018,9386.021,2000,5151.027,9223.927,2000,5135.154
9234.678,2000,5060.673,9291.87,2000,5456.229,9256.585,2000,5075.744,9315.066,2000,5151.287,9406.18,2000,5391.873,9489.735,2000,5206.602,9219.633,2000,5386.36,9172.896,2000,5254.046,9385.482,2000,5150.087,9223.418,2000,5134.198
9233.778,2000,5060.069,9291.782,2000,5457.309,9256.205,2000,5074.729,9315.496,2000,5152.281,9405.318,2000,5391.215,9490.29,2000,5205.671,9218.699,2000,5386.911,9172.449,2000,5253.06,9384.976,2000,5149.129,9222.879,2000,5133.258
9232.899,2000,5059.436,9291.659,2000,5458.385,9255.858,2000,5073.703,9315.958,2000,5153.261,9404.479,2000,5390.53,9490.813,2000,5204.723,9217.748,2000,5387.43,9172.035,2000,5252.059,9384.501,2000,5148.156,9222.31,2000,5132.337
9232.042,2000,5058.774,9291.501,2000,5459.457,9255.546,2000,5072.666,9316.452,2000,5154.225,9403.662,2000,5389.818,9491.306,2000,5203.758,9216.781,2000,5387.918,9171.653,2000,5251.044,9384.059,2000,5147.167,9221.71,2000,5131.435
9231.206,2000,5058.085,9291.308,2000,5460.522,9255.268,2000,5071.619,9316.914,2000,5155.205,9402.869,2000,5389.08,9491.766,2000,5202.778,9215.799,2000,5388.374,9171.305,2000,5250.019,9383.648,2000,5146.165,9221.081,2000,5130.552
9230.394,2000,5057.369,9291.08,2000,5461.582,9255.023,2000,5070.563,9317.344,2000,5156.199,9402.101,2000,5388.316,9492.193,2000,5201.783,9214.802,2000,5388.798,9170.99,2000,5248.982,9383.271,2000,5145.149,9220.424,2000,5129.691
9229.604,2000,5056.626,9290.817,2000,5462.633,9254.813,2000,5069.5,9317.741,2000,5157.207,9401.357,2000,5387.528,9492.589,2000,5200.774,9213.791,2000,5389.188,9170.71,2000,5247.936,9382.928,2000,5144.122,9219.738,2000,5128.852
9228.841,2000,5055.858,9290.521,2000,5463.675,9254.639,2000,5068.431,9318.105,2000,5158.228,9400.641,2000,5386.715,9492.951,2000,5199.753,9212.769,2000,5389.546,9170.464,2000,5246.88,9382.618,2000,5143.083,9219.026,2000,5128.035
9228.103,2000,5055.065,9290.189,2000,5464.707,9254.499,2000,5067.356,9318.436,2000,5159.259,9399.951,2000,5385.88,9493.279,2000,5198.721,9211.734,2000,5389.87,9170.253,2000,5245.818,9382.342,2000,5142.036,9218.288,2000,5127.243
9227.391,2000,5054.249,9289.825,2000,5465.727,9254.395,2000,5066.278,9318.732,2000,5160.301,9399.289,2000,5385.022,9493.573,2000,5197.678,9210.69,2000,5390.16,9170.076,2000,5244.749,9382.101,2000,5140.979,9217.524,2000,5126.475
9226.705,2000,5053.41,9289.428,2000,5466.734,9254.325,2000,5065.197,9318.994,2000,5161.353,9398.634,2000,5384.16,9493.833,2000,5196.626,9209.638,2000,5390.416,9169.935,2000,5243.675,9381.894,2000,5139.916,9216.735,2000,5125.732
9226.048,2000,5052.549,9288.997,2000,5467.729,9254.292,2000,5064.114,9319.222,2000,5162.412,9397.979,2000,5383.297,9494.059,2000,5195.567,9208.577,2000,5390.637,9169.828,2000,5242.597,9381.722,2000,5138.846,9215.923,2000,5125.016
9225.419,2000,5051.667,9288.534,2000,5468.708,9254.294,2000,5063.031,9319.414,2000,5163.478,9397.324,2000,5382.434,9494.249,2000,5194.5,9207.51,2000,5390.823,9169.758,2000,5241.516,9381.585,2000,5137.771,9215.087,2000,5124.326
9224.819,2000,5050.764,9288.04,2000,5469.672,9254.331,2000,5061.948,9319.572,2000,5164.549,9396.67,2000,5381.571,9494.405,2000,5193.428,9206.438,2000,5390.974,9169.723,2000,5240.433,9381.483,2000,5136.693,9214.229,2000,5123.665
9224.25,2000,5049.843,9287.515,2000,5470.619,9254.403,2000,5060.867,9319.695,2000,5165.625,9396.017,2000,5380.707,9494.526,2000,5192.352,9205.36,2000,5391.09,9169.723,2000,5239.35,9381.417,2000,5135.611,9213.351,2000,5123.031
9223.696,2000,5048.912,9286.958,2000,5471.549,9254.512,2000,5059.789,9319.783,2000,5166.705,9395.363,2000,5379.843,9494.611,2000,5191.271,9204.28,2000,5391.171,9169.758,2000,5238.267,9381.386,2000,5134.528,9212.451,2000,5122.427
9223.14,2000,5047.982,9286.371,2000,5472.459,9254.655,2000,5058.715,9319.835,2000,5167.787,9394.711,2000,5378.978,9494.661,2000,5190.189,9203.198,2000,5391.216,9169.829,2000,5237.186,9381.391,2000,5133.445,9211.532,2000,5121.853
9222.579,2000,5047.055,9285.755,2000,5473.351,9254.834,2000,5057.647,9319.852,2000,5168.87,9394.059,2000,5378.113,9494.676,2000,5189.106,9202.115,2000,5391.226,9169.936,2000,5236.108,9381.431,2000,5132.362,9210.596,2000,5121.309
9222.016,2000,5046.13,9285.11,2000,5474.221,9255.047,2000,5056.585,9319.833,2000,5169.953,9393.407,2000,5377.247,9494.655,2000,5188.023,9201.032,2000,5391.201,9170.077,2000,5235.034,9381.506,2000,5131.282,9209.642,2000,5120.796
9221.449,2000,5045.207,9284.438,2000,5475.07,9255.295,2000,5055.53,9319.778,2000,5171.035,9392.757,2000,5376.381,9494.599,2000,5186.941,9199.95,2000,5391.14,9170.254,2000,5233.965,9381.616,2000,5130.204,9208.671,2000,5120.314
9220.88,2000,5044.285,9283.737,2000,5475.897,9255.577,2000,5054.484,9319.688,2000,5172.115,9392.107,2000,5375.514,9494.507,2000,5185.862,9198.871,2000,5391.043,9170.465,2000,5232.902,9381.763,2000,5129.131,9207.686,2000,5119.865
9220.308,2000,5043.365,9283.011,2000,5476.7,9255.894,2000,5053.448,9319.563,2000,5173.191,9391.458,2000,5374.647,9494.38,2000,5184.786,9197.796,2000,5390.912,9170.711,2000,5231.847,9381.943,2000,5128.063,9206.686,2000,5119.448
9219.733,2000,5042.446,9282.258,2000,5477.479,9256.243,2000,5052.423,9319.403,2000,5174.262,9390.81,2000,5373.779,9494.218,2000,5183.715,9196.726,2000,5390.746,9170.991,2000,5230.801,9382.159,2000,5127.001,9205.673,2000,5119.063
9219.157,2000,5041.529,9281.479,2000,5478.233,9256.627,2000,5051.41,9319.208,2000,5175.328,9390.162,2000,5372.911,9494.021,2000,5182.649,9195.661,2000,5390.544,9171.306,2000,5229.764,9382.41,2000,5125.947,9204.647,2000,5118.713
9218.578,2000,5040.613,9280.678,2000,5478.961,9257.043,2000,5050.41,9318.979,2000,5176.386,9389.515,2000,5372.042,9493.789,2000,5181.591,9194.604,2000,5390.308,9171.654,2000,5228.738,9382.695,2000,5124.902,9203.611,2000,5118.396
9217.997,2000,5039.699,9279.853,2000,5479.663,9257.492,2000,5049.424,9318.714,2000,5177.437,9388.868,2000,5371.173,9493.522,2000,5180.541,9193.555,2000,5390.037,9172.036,2000,5227.725,9383.015,2000,5123.867,9202.565,2000,5118.113
9217.415,2000,5038.785,9279.005,2000,5480.336,9257.973,2000,5048.453,9318.415,2000,5178.479,9388.223,2000,5370.304,9493.222,2000,5179.5,9192.516,2000,5389.731,9172.451,2000,5226.724,9383.367,2000,5122.842,9201.511,2000,5117.864
9216.831,2000,5037.873,9278.135,2000,5480.982,9258.485,2000,5047.499,9318.083,2000,5179.51,9387.578,2000,5369.433,9492.888,2000,5178.47,9191.486,2000,5389.393,9172.898,2000,5225.737,9383.753,2000,5121.83,9200.449,2000,5117.65
9216.246,2000,5036.961,9277.244,2000,5481.6,9259.028,2000,5046.561,9317.717,2000,5180.529,9386.934,2000,5368.562,9492.52,2000,5177.451,9190.469,2000,5389.02,9173.378,2000,5224.765,9384.172,2000,5120.831,9199.381,2000,5117.471
9215.66,2000,5036.05,9276.334,2000,5482.188,9259.602,2000,5045.642,9317.317,2000,5181.537,9386.29,2000,5367.69,9492.118,2000,5176.444,9189.464,2000,5388.615,9173.889,2000,5223.81,9384.623,2000,5119.846,9198.308,2000,5117.327
9215.073,2000,5035.139,9275.405,2000,5482.745,9260.205,2000,5044.742,9316.886,2000,5182.53,9385.647,2000,5366.818,9491.685,2000,5175.452,9188.473,2000,5388.177,9174.431,2000,5222.872,9385.106,2000,5118.876,9197.229,2000,5117.218
9214.485,2000,5034.229,9274.459,2000,5483.272,9260.838,2000,5043.863,9316.422,2000,5183.509,9385.005,2000,5365.946,9491.219,2000,5174.474,9187.497,2000,5387.707,9175.003,2000,5221.952,9385.621,2000,5117.923,9196.148,2000,5117.145
9213.897,2000,5033.319,9273.496,2000,5483.768,9261.499,2000,5043.004,9315.926,2000,5184.473,9384.363,2000,5365.073,9490.721,2000,5173.511,9186.537,2000,5387.205,9175.604,2000,5221.051,9386.167,2000,5116.987,9195.065,2000,5117.106
9213.309,2000,5032.41,9272.517,2000,5484.231,9262.188,2000,5042.168,9315.398,2000,5185.419,9383.723,2000,5364.199,9490.191,2000,5172.566,9185.594,2000,5386.671,9176.235,2000,5220.17,9386.743,2000,5116.07,9193.982,2000,5117.104
9212.72,2000,5031.5,9271.522,2000,5484.663,9262.903,2000,5041.354,9314.841,2000,5186.348,9383.082,2000,5363.325,9489.632,2000,5171.638,9184.669,2000,5386.108,9176.895,2000,5219.311,9387.349,2000,5115.172,9192.899,2000,5117.137
9212.131,2000,5030.591,9270.516,2000,5485.062,9263.646,2000,5040.565,9314.253,2000,5187.257,9382.442,2000,5362.451,9489.042,2000,5170.729,9183.763,2000,5385.514,9177.582,2000,5218.474,9387.925,2000,5114.254,9191.818,2000,5117.205
9211.542,2000,5029.682,9269.496,2000,5485.428,9264.413,2000,5039.8,9313.636,2000,5188.147,9381.804,2000,5361.576,9488.423,2000,5169.84,9182.876,2000,5384.891,9178.296,2000,5217.659,9388.471,2000,5113.318,9190.74,2000,5117.309
9210.953,2000,5028.772,9268.465,2000,5485.76,9265.205,2000,5039.061,9312.989,2000,5189.017,9381.165,2000,5360.7,9487.775,2000,5168.972,9182.011,2000,5384.24,9179.036,2000,5216.869,9388.985,2000,5112.365,9189.666,2000,5117.447
9210.365,2000,5027.862,9267.424,2000,5486.058,9266.021,2000,5038.348,9312.315,2000,5189.865,9380.527,2000,5359.825,9487.1,2000,5168.125,9181.167,2000,5383.56,9179.802,2000,5216.103,9389.469,2000,5111.396,9188.588,2000,5117.551
9209.777,2000,5026.952,9266.373,2000,5486.322,9266.859,2000,5037.662,9311.613,2000,5190.69,9379.89,2000,5358.949,9486.396,2000,5167.301,9180.346,2000,5382.853,9180.593,2000,5215.362,9389.92,2000,5110.411,9187.507,2000,5117.619
9209.19,2000,5026.042,9265.314,2000,5486.552,9267.72,2000,5037.004,9310.885,2000,5191.492,9379.253,2000,5358.072,9485.667,2000,5166.5,9179.548,2000,5382.12,9181.407,2000,5214.647,9390.339,2000,5109.412,9186.424,2000,5117.652
9208.604,2000,5025.13,9264.249,2000,5486.747,9268.602,2000,5036.375,9310.131,2000,5192.27,9378.616,2000,5357.195,9484.911,2000,5165.724,9178.774,2000,5381.361,9182.245,2000,5213.96,9390.725,2000,5108.399,9185.341,2000,5117.649
9208.021,2000,5024.218,9263.178,2000,5486.906,9269.503,2000,5035.774,9309.352,2000,5193.022,9377.98,2000,5356.318,9484.131,2000,5164.973,9178.026,2000,5380.577,9183.104,2000,5213.301,9391.077,2000,5107.375,9184.258,2000,5117.611
9207.438,2000,5023.305,9262.102,2000,5487.031,9270.424,2000,5035.204,9308.548,2000,5193.749,9377.345,2000,5355.441,9483.326,2000,5164.248,9177.305,2000,5379.769,9183.985,2000,5212.67,9391.396,2000,5106.34,9183.177,2000,5117.538
9206.856,2000,5022.39,9261.021,2000,5487.12,9271.363,2000,5034.664,9307.721,2000,5194.449,9376.71,2000,5354.563,9482.498,2000,5163.55,9176.609,2000,5378.938,9184.886,2000,5212.068,9391.682,2000,5105.294,9182.099,2000,5117.429
9206.277,2000,5021.475,9259.939,2000,5487.174,9272.319,2000,5034.154,9306.871,2000,5195.122,9376.075,2000,5353.686,9481.647,2000,5162.879,9175.942,2000,5378.084,9185.806,2000,5211.496,9391.933,2000,5104.24,9181.022,2000,5117.307
9205.7,2000,5020.558,9258.856,2000,5487.192,9273.292,2000,5033.677,9306,2000,5195.766,9375.44,2000,5352.808,9480.775,2000,5162.236,9175.304,2000,5377.209,9186.744,2000,5210.954,9392.148,2000,5103.179,9179.945,2000,5117.195
9205.094,2000,5019.66,9257.773,2000,5487.175,9274.279,2000,5033.231,9305.108,2000,5196.382,9374.807,2000,5351.929,9479.883,2000,5161.623,9174.693,2000,5376.314,9187.699,2000,5210.443,9392.329,2000,5102.111,9178.872,2000,5117.048
9204.458,2000,5018.783,9256.691,2000,5487.123,9275.281,2000,5032.818,9304.197,2000,5196.968,9374.173,2000,5351.051,9478.971,2000,5161.038,9174.113,2000,5375.4,9188.671,2000,5209.964,9392.476,2000,5101.038,9177.804,2000,5116.866
9203.794,2000,5017.927,9255.611,2000,5487.035,9276.296,2000,5032.438,9303.268,2000,5197.524,9373.539,2000,5350.172,9478.04,2000,5160.484,9173.563,2000,5374.467,9189.657,2000,5209.517,9392.586,2000,5099.96,9176.742,2000,5116.649
9203.103,2000,5017.094,9254.535,2000,5486.912,9277.322,2000,5032.092,9302.32,2000,5198.049,9372.905,2000,5349.293,9477.092,2000,5159.96,9173.044,2000,5373.516,9190.658,2000,5209.103,9392.661,2000,5098.879,9175.688,2000,5116.397
9202.384,2000,5016.283,9253.464,2000,5486.754,9278.359,2000,5031.779,9301.356,2000,5198.543,9372.272,2000,5348.414,9476.127,2000,5159.468,9172.556,2000,5372.549,9191.672,2000,5208.721,9392.701,2000,5097.797,9174.644,2000,5116.111
9201.639,2000,5015.497,9252.397,2000,5486.561,9279.406,2000,5031.5,9300.377,2000,5199.006,9371.64,2000,5347.535,9475.146,2000,5159.008,9172.1,2000,5371.566,9192.697,2000,5208.373,9392.706,2000,5096.713,9173.608,2000,5115.792
9200.868,2000,5014.735,9251.339,2000,5486.333,9280.462,2000,5031.256,9299.383,2000,5199.436,9371.007,2000,5346.656,9474.151,2000,5158.58,9171.676,2000,5370.569,9193.734,2000,5208.059,9392.675,2000,5095.63,9172.584,2000,5115.438
9200.073,2000,5013.999,9250.288,2000,5486.07,9281.524,2000,5031.047,9298.375,2000,5199.833,9370.374,2000,5345.777,9473.143,2000,5158.185,9171.285,2000,5369.559,9194.781,2000,5207.778,9392.608,2000,5094.549,9171.572,2000,5115.051
9199.255,2000,5013.289,9249.246,2000,5485.773,9282.594,2000,5030.872,9297.354,2000,5200.196,9369.741,2000,5344.897,9472.121,2000,5157.823,9170.928,2000,5368.537,9195.836,2000,5207.532,9392.507,2000,5093.47,9170.573,2000,5114.631
9198.414,2000,5012.606,9248.215,2000,5485.442,9283.668,2000,5030.732,9296.323,2000,5200.527,9369.108,2000,5344.018,9471.089,2000,5157.494,9170.604,2000,5367.503,9196.898,2000,5207.321,9392.37,2000,5092.396,9169.589,2000,5114.179
9197.551,2000,5011.951,9247.194,2000,5485.078,9284.746,2000,5030.628,9295.303,2000,5200.891,9368.476,2000,5343.139,9470.046,2000,5157.2,9170.313,2000,5366.459,9197.968,2000,5207.145,9392.198,2000,5091.326,9168.62,2000,5113.694
9196.667,2000,5011.325,9246.187,2000,5484.681,9285.827,2000,5030.559,9294.295,2000,5201.288,9367.843,2000,5342.259,9468.994,2000,5156.939,9170.058,2000,5365.406,9199.042,2000,5207.003,9391.991,2000,5090.262,9167.667,2000,5113.179
9195.763,2000,5010.728,9245.192,2000,5484.25,9286.91,2000,5030.525,9293.301,2000,5201.717,9367.21,2000,5341.38,9467.935,2000,5156.714,9169.837,2000,5364.346,9200.12,2000,5206.897,9391.75,2000,5089.206,9166.731,2000,5112.632
9194.84,2000,5010.161,9244.213,2000,5483.788,9287.993,2000,5030.527,9292.321,2000,5202.18,9366.577,2000,5340.501,9466.868,2000,5156.523,9169.65,2000,5363.278,9201.194,2000,5206.756,9391.474,2000,5088.158,9165.814,2000,5112.055
9193.898,2000,5009.624,9243.249,2000,5483.294,9289.076,2000,5030.564,9291.357,2000,5202.674,9365.944,2000,5339.623,9465.796,2000,5156.367,9169.499,2000,5362.206,9202.264,2000,5206.58,9391.164,2000,5087.12,9164.917,2000,5111.449
9192.94,2000,5009.119,9242.302,2000,5482.769,9290.157,2000,5030.637,9290.41,2000,5203.199,9365.312,2000,5338.744,9464.72,2000,5156.247,9169.383,2000,5361.128,9203.326,2000,5206.369,9390.82,2000,5086.093,9164.04,2000,5110.813
9191.966,2000,5008.645,9241.372,2000,5482.212,9291.235,2000,5030.745,9289.48,2000,5203.755,9364.679,2000,5337.865,9463.64,2000,5156.161,9169.302,2000,5360.048,9204.381,2000,5206.123,9390.443,2000,5085.077,9163.184,2000,5110.149
9190.977,2000,5008.203,9240.461,2000,5481.626,9292.31,2000,5030.888,9288.569,2000,5204.341,9364.046,2000,5336.986,9462.558,2000,5156.111,9169.257,2000,5358.966,9205.428,2000,5205.842,9390.033,2000,5084.075,9162.35,2000,5109.457
9189.974,2000,5007.793,9239.569,2000,5481.01,9293.378,2000,5031.066,9287.678,2000,5204.957,9363.412,2000,5336.107,9461.475,2000,5156.097,9169.247,2000,5357.882,9206.465,2000,5205.528,9389.591,2000,5083.086,9161.539,2000,5108.738
9188.958,2000,5007.417,9238.699,2000,5480.366,9294.44,2000,5031.279,9286.807,2000,5205.602,9362.778,2000,5335.228,9460.392,2000,5156.118,9169.272,2000,5356.799,9207.49,2000,5205.18,9389.116,2000,5082.112,9160.752,2000,5107.994
9187.931,2000,5007.075,9237.851,2000,5479.693,9295.495,2000,5031.527,9285.957,2000,5206.274,9362.145,2000,5334.349,9459.31,2000,5156.174,9169.333,2000,5355.718,9208.504,2000,5204.798,9388.609,2000,5081.155,9159.99,2000,5107.224
9186.893,2000,5006.766,9237.024,2000,5478.993,9296.541,2000,5031.809,9285.13,2000,5206.975,9361.511,2000,5333.47,9458.23,2000,5156.266,9169.43,2000,5354.639,9209.505,2000,5204.384,9388.071,2000,5080.214,9159.254,2000,5106.429
9185.845,2000,5006.491,9236.222,2000,5478.266,9297.577,2000,5032.125,9284.326,2000,5207.701,9360.877,2000,5332.591,9457.153,2000,5156.378,9169.562,2000,5353.563,9210.491,2000,5203.937,9387.503,2000,5079.292,9158.544,2000,5105.611
9184.788,2000,5006.25,9235.442,2000,5477.513,9298.603,2000,5032.476,9283.547,2000,5208.454,9360.243,2000,5331.712,9456.075,2000,5156.489,9169.729,2000,5352.493,9211.463,2000,5203.458,9386.905,2000,5078.389,9157.861,2000,5104.77
9183.725,2000,5006.045,9234.688,2000,5476.735,9299.639,2000,5032.792,9282.793,2000,5209.231,9359.609,2000,5330.833,9454.997,2000,5156.599,9169.93,2000,5351.429,9212.418,2000,5202.947,9386.337,2000,5077.466,9157.206,2000,5103.907
9182.655,2000,5005.874,9233.96,2000,5475.933,9300.685,2000,5033.074,9282.064,2000,5210.033,9358.976,2000,5329.955,9453.919,2000,5156.706,9170.166,2000,5350.372,9213.356,2000,5202.405,9385.799,2000,5076.526,9156.58,2000,5103.023
9181.58,2000,5005.738,9233.259,2000,5475.107,9301.739,2000,5033.322,9281.362,2000,5210.858,9358.342,2000,5329.076,9452.841,2000,5156.812,9170.437,2000,5349.323,9214.276,2000,5201.833,9385.292,2000,5075.568,9155.983,2000,5102.12
9180.511,2000,5005.567,9232.585,2000,5474.259,9302.802,2000,5033.535,9280.688,2000,5211.706,9357.708,2000,5328.197,9451.763,2000,5156.915,9170.741,2000,5348.283,9215.177,2000,5201.231,9384.817,2000,5074.595,9155.357,2000,5101.236
9179.447,2000,5005.362,9231.939,2000,5473.389,9303.87,2000,5033.713,9280.042,2000,5212.576,9357.074,2000,5327.318,9450.685,2000,5157.017,9171.08,2000,5347.254,9216.058,2000,5200.6,9384.375,2000,5073.606,9154.702,2000,5100.373
9178.391,2000,5005.122,9231.322,2000,5472.499,9304.944,2000,5033.856,9279.425,2000,5213.466,9356.44,2000,5326.439,9449.605,2000,5157.116,9171.452,2000,5346.237,9216.917,2000,5199.94,9383.965,2000,5072.604,9154.02,2000,5099.532
9177.343,2000,5004.847,9230.734,2000,5471.589,9306.022,2000,5033.964,9278.837,2000,5214.375,9355.807,2000,5325.56,9448.526,2000,5157.214,9171.857,2000,5345.232,9217.755,2000,5199.253,9383.588,2000,5071.588,9153.31,2000,5098.714
9176.305,2000,5004.538,9230.177,2000,5470.66,9307.104,2000,5034.037,9278.279,2000,5215.304,9355.173,2000,5324.681,9447.447,2000,5157.31,9172.296,2000,5344.242,9218.569,2000,5198.539,9383.244,2000,5070.561,9152.573,2000,5097.919
9175.277,2000,5004.195,9229.649,2000,5469.713,9308.187,2000,5034.074,9277.752,2000,5216.25,9354.539,2000,5323.802,9446.368,2000,5157.403,9172.767,2000,5343.266,9219.36,2000,5197.798,9382.935,2000,5069.522,9151.812,2000,5097.149
9174.262,2000,5003.819,9229.153,2000,5468.75,9309.27,2000,5034.076,9277.256,2000,5217.214,9353.906,2000,5322.923,9445.289,2000,5157.495,9173.269,2000,5342.306,9220.126,2000,5197.032,9382.658,2000,5068.475,9151.024,2000,5096.405
9173.259,2000,5003.41,9228.689,2000,5467.771,9310.353,2000,5034.042,9276.792,2000,5218.193,9353.273,2000,5322.044,9444.209,2000,5157.585,9173.802,2000,5341.363,9220.866,2000,5196.242,9382.417,2000,5067.418,9150.214,2000,5095.686
9172.27,2000,5002.968,9228.258,2000,5466.777,9311.434,2000,5033.973,9276.36,2000,5219.187,9352.641,2000,5321.166,9443.129,2000,5157.673,9174.365,2000,5340.438,9221.58,2000,5195.427,9382.21,2000,5066.355,9149.38,2000,5094.994
9171.295,2000,5002.494,9227.859,2000,5465.77,9312.512,2000,5033.869,9275.961,2000,5220.194,9352.008,2000,5320.286,9442.049,2000,5157.759,9174.959,2000,5339.531,9222.268,2000,5194.59,9382.038,2000,5065.285,9148.523,2000,5094.33
9170.337,2000,5001.988,9227.494,2000,5464.75,9313.586,2000,5033.729,9275.595,2000,5221.213,9351.375,2000,5319.406,9440.969,2000,5157.843,9175.582,2000,5338.645,9222.927,2000,5193.73,9381.901,2000,5064.21,9147.646,2000,5093.694
9169.396,2000,5001.452,9227.162,2000,5463.719,9314.655,2000,5033.554,9275.263,2000,5222.245,9350.742,2000,5318.526,9439.889,2000,5157.925,9176.233,2000,5337.78,9223.558,2000,5192.85,9381.8,2000,5063.132,9146.749,2000,5093.088
9168.473,2000,5000.885,9226.864,2000,5462.678,9315.718,2000,5033.345,9274.964,2000,5223.286,9350.109,2000,5317.646,9438.809,2000,5158.004,9176.9,2000,5336.926,9224.159,2000,5191.949,9381.733,2000,5062.05,9145.832,2000,5092.511
9167.568,2000,5000.288,9226.601,2000,5461.627,9316.773,2000,5033.101,9274.699,2000,5224.337,9349.477,2000,5316.767,9437.729,2000,5158.083,9177.565,2000,5336.071,9224.731,2000,5191.029,9381.702,2000,5060.967,9144.896,2000,5091.964
9166.685,2000,4999.661,9226.371,2000,5460.568,9317.82,2000,5032.822,9274.47,2000,5225.396,9348.844,2000,5315.887,9436.647,2000,5158.158,9178.229,2000,5335.215,9225.273,2000,5190.091,9381.707,2000,5059.884,9143.943,2000,5091.449
9165.821,2000,4999.006,9226.177,2000,5459.502,9318.857,2000,5032.509,9274.274,2000,5226.461,9348.212,2000,5315.007,9435.566,2000,5158.232,9178.893,2000,5334.358,9225.784,2000,5189.136,9381.747,2000,5058.801,9142.975,2000,5090.964
9164.98,2000,4998.324,9226.017,2000,5458.431,9319.884,2000,5032.163,9274.114,2000,5227.532,9347.58,2000,5314.127,9434.485,2000,5158.304,9179.555,2000,5333.5,9226.264,2000,5188.164,9381.822,2000,5057.721,9141.99,2000,5090.512
9164.162,2000,4997.614,9225.892,2000,5457.355,9320.898,2000,5031.783,9273.989,2000,5228.608,9346.948,2000,5313.247,9433.404,2000,5158.374,9180.215,2000,5332.641,9226.711,2000,5187.177,9381.933,2000,5056.643,9140.991,2000,5090.092
9163.367,2000,4996.877,9225.803,2000,5456.275,9321.9,2000,5031.37,9273.899,2000,5229.688,9346.316,2000,5312.366,9432.323,2000,5158.441,9180.874,2000,5331.782,9227.126,2000,5186.176,9382.079,2000,5055.57,9139.979,2000,5089.705
9162.597,2000,4996.116,9225.749,2000,5455.193,9322.888,2000,5030.924,9273.845,2000,5230.77,9345.686,2000,5311.486,9431.242,2000,5158.507,9181.532,2000,5330.921,9227.508,2000,5185.163,9382.26,2000,5054.502,9138.955,2000,5089.352
9161.852,2000,4995.329,9225.73,2000,5454.11,9323.86,2000,5030.447,9273.826,2000,5231.853,9345.055,2000,5310.605,9430.161,2000,5158.571,9182.189,2000,5330.06,9227.856,2000,5184.137,9382.476,2000,5053.44,9137.92,2000,5089.032
9161.133,2000,4994.519,9225.747,2000,5453.027,9324.816,2000,5029.938,9273.843,2000,5232.936,9344.424,2000,5309.725,9429.079,2000,5158.633,9182.846,2000,5329.198,9228.171,2000,5183.1,9382.727,2000,5052.386,9136.875,2000,5088.746
9160.441,2000,4993.685,9225.8,2000,5451.945,9325.756,2000,5029.397,9273.895,2000,5234.018,9343.793,2000,5308.844,9427.997,2000,5158.693,9183.501,2000,5328.335,9228.451,2000,5182.054,9383.012,2000,5051.341,9135.821,2000,5088.494
9159.777,2000,4992.829,9225.888,2000,5450.866,9326.677,2000,5028.827,9273.982,2000,5235.098,9343.162,2000,5307.963,9426.915,2000,5158.751,9184.155,2000,5327.471,9228.697,2000,5180.999,9383.331,2000,5050.306,9134.76,2000,5088.277
9159.142,2000,4991.952,9226.011,2000,5449.79,9327.578,2000,5028.227,9274.105,2000,5236.174,9342.503,2000,5307.104,9425.833,2000,5158.808,9184.809,2000,5326.607,9228.908,2000,5179.936,9383.684,2000,5049.281,9133.691,2000,5088.095
9158.535,2000,4991.055,9226.169,2000,5448.718,9328.46,2000,5027.597,9274.193,2000,5237.253,9341.872,2000,5306.223,9424.751,2000,5158.863,9185.461,2000,5325.742,9229.085,2000,5178.867,9384.069,2000,5048.269,9132.618,2000,5087.948
9157.899,2000,4990.178,9226.337,2000,5447.647,9329.32,2000,5026.939,9274.245,2000,5238.335,9341.271,2000,5305.321,9423.669,2000,5158.916,9186.112,2000,5324.876,9229.227,2000,5177.793,9384.488,2000,5047.27,9131.541,2000,5087.836
9157.235,2000,4989.322,9226.505,2000,5446.577,9330.159,2000,5026.253,9274.262,2000,5239.418,9340.699,2000,5304.401,9422.587,2000,5158.967,9186.763,2000,5324.01,9229.333,2000,5176.715,9384.939,2000,5046.285,9130.46,2000,5087.76
9156.544,2000,4988.488,9226.673,2000,5445.507,9330.975,2000,5025.54,9274.243,2000,5240.501,9340.158,2000,5303.462,9421.505,2000,5159.016,9187.412,2000,5323.143,9229.404,2000,5175.634,9385.423,2000,5045.315,9129.377,2000,5087.719
9155.825,2000,4987.678,9226.841,2000,5444.437,9331.767,2000,5024.801,9274.188,2000,5241.583,9339.648,2000,5302.507,9420.423,2000,5159.064,9188.061,2000,5322.275,9229.439,2000,5174.551,9385.938,2000,5044.362,9128.294,2000,5087.713
9155.08,2000,4986.891,9227.008,2000,5443.366,9332.534,2000,5024.036,9274.099,2000,5242.663,9339.17,2000,5301.535,9419.341,2000,5159.11,9188.708,2000,5321.407,9229.439,2000,5173.468,9386.483,2000,5043.426,9127.211,2000,5087.743
9154.31,2000,4986.129,9227.175,2000,5442.296,9333.276,2000,5023.247,9273.974,2000,5243.739,9338.724,2000,5300.547,9418.259,2000,5159.155,9189.354,2000,5320.537,9229.404,2000,5172.385,9387.06,2000,5042.509,9126.13,2000,5087.808
9153.515,2000,4985.393,9227.342,2000,5441.226,9333.992,2000,5022.433,9273.813,2000,5244.811,9338.31,2000,5299.546,9417.177,2000,5159.199,9190,2000,5319.667,9229.334,2000,5171.304,9387.665,2000,5041.611,9125.051,2000,5087.908
9152.696,2000,4984.683,9227.508,2000,5440.155,9334.681,2000,5021.597,9273.618,2000,5245.876,9337.929,2000,5298.532,9416.094,2000,5159.241,9190.644,2000,5318.796,9229.228,2000,5170.226,9388.3,2000,5040.733,9123.976,2000,5088.044
9151.855,2000,4984,9227.673,2000,5439.084,9335.342,2000,5020.738,9273.389,2000,5246.935,9337.581,2000,5297.506,9415.011,2000,5159.281,9191.286,2000,5317.924,9229.086,2000,5169.152,9388.963,2000,5039.876,9122.906,2000,5088.215
9150.992,2000,4983.346,9227.838,2000,5438.014,9335.975,2000,5019.859,9273.124,2000,5247.985,9337.268,2000,5296.469,9413.928,2000,5159.321,9191.928,2000,5317.051,9228.909,2000,5168.083,9389.653,2000,5039.042,9121.843,2000,5088.42
9150.108,2000,4982.719,9228.002,2000,5436.943,9336.578,2000,5018.959,9272.825,2000,5249.027,9336.988,2000,5295.423,9412.845,2000,5159.359,9192.567,2000,5316.177,9228.698,2000,5167.021,9390.371,2000,5038.23,9120.786,2000,5088.661
9149.204,2000,4982.122,9228.166,2000,5435.872,9337.151,2000,5018.04,9272.493,2000,5250.058,9336.743,2000,5294.368,9411.762,2000,5159.396,9193.206,2000,5315.302,9228.452,2000,5165.965,9391.115,2000,5037.443,9119.738,2000,5088.936
9148.281,2000,4981.555,9228.329,2000,5434.801,9337.694,2000,5017.103,9272.127,2000,5251.078,9336.532,2000,5293.305,9410.679,2000,5159.432,9193.844,2000,5314.426,9228.172,2000,5164.919,9391.885,2000,5036.68,9118.7,2000,5089.245
9147.34,2000,4981.019,9228.491,2000,5433.73,9338.207,2000,5016.148,9271.728,2000,5252.085,9336.356,2000,5292.236,9409.596,2000,5159.467,9194.483,2000,5313.552,9227.857,2000,5163.882,9392.679,2000,5035.943,9117.673,2000,5089.587
9146.382,2000,4980.513,9228.653,2000,5432.659,9338.688,2000,5015.177,9271.361,2000,5253.104,9336.216,2000,5291.162,9408.513,2000,5159.502,9195.095,2000,5312.657,9227.509,2000,5162.856,9393.496,2000,5035.232,9116.657,2000,5089.964
9145.407,2000,4980.039,9228.814,2000,5431.587,9339.137,2000,5014.191,9270.962,2000,5254.112,9336.11,2000,5290.084,9407.43,2000,5159.536,9195.676,2000,5311.743,9227.194,2000,5161.82,9394.337,2000,5034.548,9115.654,2000,5090.373
9144.418,2000,4979.597,9228.975,2000,5430.516,9339.553,2000,5013.191,9270.53,2000,5255.105,9336.04,2000,5289.003,9406.347,2000,5159.569,9196.227,2000,5310.811,9226.914,2000,5160.773,9395.199,2000,5033.893,9114.665,2000,5090.815
9143.415,2000,4979.188,9229.134,2000,5429.445,9339.937,2000,5012.178,9270.066,2000,5256.084,9336.005,2000,5287.92,9405.264,2000,5159.602,9196.747,2000,5309.86,9226.668,2000,5159.718,9396.082,2000,5033.265,9113.69,2000,5091.289
9142.399,2000,4978.812,9229.293,2000,5428.373,9340.286,2000,5011.153,9269.57,2000,5257.048,9336.006,2000,5286.836,9404.181,2000,5159.634,9197.236,2000,5308.894,9226.457,2000,5158.656,9396.985,2000,5032.667,9112.732,2000,5091.794
9141.372,2000,4978.469,9229.451,2000,5427.301,9340.603,2000,5010.117,9269.043,2000,5257.994,9336.042,2000,5285.754,9403.098,2000,5159.666,9197.693,2000,5307.911,9226.28,2000,5157.587,9397.908,2000,5032.099,9111.791,2000,5092.331
9140.334,2000,4978.16,9229.608,2000,5426.229,9340.885,2000,5009.071,9268.485,2000,5258.923,9336.113,2000,5284.673,9402.015,2000,5159.698,9198.118,2000,5306.915,9226.139,2000,5156.513,9398.849,2000,5031.561,9110.868,2000,5092.898
9139.286,2000,4977.885,9229.765,2000,5425.158,9341.133,2000,5008.016,9267.897,2000,5259.833,9336.22,2000,5283.595,9400.932,2000,5159.729,9198.51,2000,5305.905,9226.032,2000,5155.435,9399.807,2000,5031.055,9109.964,2000,5093.496
9138.229,2000,4977.645,9229.92,2000,5424.085,9341.346,2000,5006.954,9267.28,2000,5260.723,9336.362,2000,5282.521,9399.849,2000,5159.76,9198.868,2000,5304.882,9225.962,2000,5154.354,9400.78,2000,5030.58,9109.08,2000,5094.122
9137.166,2000,4977.439,9230.074,2000,5423.013,9341.524,2000,5005.886,9266.634,2000,5261.592,9336.539,2000,5281.452,9398.766,2000,5159.791,9199.193,2000,5303.849,9225.927,2000,5153.271,9401.769,2000,5030.137,9108.217,2000,5094.777
9136.097,2000,4977.269,9230.228,2000,5421.941,9341.668,2000,5004.812,9265.96,2000,5262.44,9336.751,2000,5280.39,9397.683,2000,5159.822,9199.484,2000,5302.805,9225.927,2000,5152.188,9402.771,2000,5029.727,9107.376,2000,5095.459
9135.021,2000,4977.133,9230.38,2000,5420.869,9341.776,2000,5003.734,9265.258,2000,5263.265,9336.998,2000,5279.335,9396.6,2000,5159.853,9199.741,2000,5301.752,9225.962,2000,5151.105,9403.787,2000,5029.349,9106.558,2000,5096.169
9133.942,2000,4977.032,9230.531,2000,5419.796,9341.849,2000,5002.653,9264.529,2000,5264.067,9337.279,2000,5278.289,9395.517,2000,5159.883,9199.963,2000,5300.692,9226.033,2000,5150.024,9404.814,2000,5029.005,9105.763,2000,5096.906
9132.861,2000,4976.967,9230.682,2000,5418.723,9341.886,2000,5001.57,9263.775,2000,5264.845,9337.595,2000,5277.252,9394.434,2000,5159.914,9200.15,2000,5299.625,9226.14,2000,5148.946,9405.853,2000,5028.695,9104.992,2000,5097.668
9131.778,2000,4976.938,9230.831,2000,5417.65,9341.888,2000,5000.487,9262.996,2000,5265.597,9337.943,2000,5276.227,9393.351,2000,5159.945,9200.303,2000,5298.552,9226.281,2000,5147.872,9406.9,2000,5028.419,9104.247,2000,5098.455
9130.695,2000,4976.943,9230.979,2000,5416.577,9341.854,2000,4999.404,9262.192,2000,5266.324,9338.325,2000,5275.213,9392.268,2000,5159.977,9200.42,2000,5297.475,9226.458,2000,5146.803,9407.956,2000,5028.178,9103.528,2000,5099.265
9129.612,2000,4976.985,9231.127,2000,5415.504,9341.785,2000,4998.323,9261.365,2000,5267.024,9338.74,2000,5274.212,9391.185,2000,5160.009,9200.502,2000,5296.395,9226.669,2000,5145.74,9409.02,2000,5027.971,9102.837,2000,5100.099
9128.531,2000,4977.062,9231.273,2000,5414.431,9341.681,2000,4997.245,9260.516,2000,5267.697,9339.188,2000,5273.226,9390.102,2000,5160.042,9200.548,2000,5295.313,9226.915,2000,5144.685,9410.089,2000,5027.799,9102.173,2000,5100.955
9127.454,2000,4977.173,9231.419,2000,5413.357,9341.541,2000,4996.17,9259.645,2000,5268.341,9339.668,2000,5272.255,9389.019,2000,5160.074,9200.559,2000,5294.229,9227.195,2000,5143.639,9411.163,2000,5027.662,9101.537,2000,5101.833
9126.381,2000,4977.32,9231.563,2000,5412.283,9341.366,2000,4995.101,9258.753,2000,5268.957,9340.18,2000,5271.3,9387.936,2000,5160.107,9200.534,2000,5293.146,9227.51,2000,5142.602,9412.241,2000,5027.561,9100.931,2000,5102.73
9125.313,2000,4977.502,9231.706,2000,5411.209,9341.156,2000,4994.038,9257.842,2000,5269.543,9340.722,2000,5270.362,9386.853,2000,5160.141,9200.475,2000,5292.064,9227.858,2000,5141.576,9413.322,2000,5027.494,9100.354,2000,5103.647
9124.251,2000,4977.72,9231.848,2000,5410.135,9340.912,2000,4992.982,9256.912,2000,5270.099,9341.294,2000,5269.442,9385.77,2000,5160.176,9200.379,2000,5290.985,9228.24,2000,5140.563,9414.405,2000,5027.463,9099.807,2000,5104.583
9123.197,2000,4977.971,9231.988,2000,5409.061,9340.634,2000,4991.936,9255.965,2000,5270.625,9341.896,2000,5268.542,9384.687,2000,5160.211,9200.248,2000,5289.91,9228.655,2000,5139.562,9415.488,2000,5027.468,9099.291,2000,5105.535
9122.152,2000,4978.257,9232.127,2000,5407.987,9340.321,2000,4990.898,9255.001,2000,5271.119,9342.528,2000,5267.662,9383.604,2000,5160.247,9200.082,2000,5288.839,9229.103,2000,5138.575,9416.571,2000,5027.508,9098.807,2000,5106.504
9121.117,2000,4978.577,9232.265,2000,5406.912,9339.975,2000,4989.872,9254.021,2000,5271.581,9343.188,2000,5266.803,9382.521,2000,5160.284,9199.882,2000,5287.775,9229.582,2000,5137.603,9417.652,2000,5027.584,9098.354,2000,5107.489
9120.093,2000,4978.931,9232.401,2000,5405.837,9339.595,2000,4988.857,9253.027,2000,5272.011,9343.876,2000,5265.966,9381.438,2000,5160.322,9199.646,2000,5286.717,9230.093,2000,5136.647,9418.73,2000,5027.695,9097.935,2000,5108.487
9119.081,2000,4979.318,9232.536,2000,5404.763,9339.182,2000,4987.856,9252.02,2000,5272.408,9344.591,2000,5265.152,9380.354,2000,5160.36,9199.377,2000,5285.668,9230.635,2000,5135.709,9419.804,2000,5027.841,9097.548,2000,5109.499
9118.082,2000,4979.738,9232.67,2000,5403.688,9338.736,2000,4986.869,9250.999,2000,5272.771,9345.332,2000,5264.362,9379.271,2000,5160.4,9199.073,2000,5284.628,9231.207,2000,5134.79,9420.872,2000,5028.022,9097.194,2000,5110.523
9117.098,2000,4980.19,9232.802,2000,5402.612,9338.259,2000,4985.896,9249.968,2000,5273.102,9346.099,2000,5263.596,9378.188,2000,5160.44,9198.735,2000,5283.599,9231.809,2000,5133.889,9421.934,2000,5028.238,9096.874,2000,5111.558
9116.129,2000,4980.675,9232.932,2000,5401.537,9337.75,2000,4984.94,9248.926,2000,5273.398,9346.89,2000,5262.856,9377.105,2000,5160.482,9198.364,2000,5282.581,9232.439,2000,5133.008,9422.987,2000,5028.488,9096.588,2000,5112.603
9115.176,2000,4981.19,9233.061,2000,5400.461,9337.21,2000,4984.001,9247.875,2000,5273.661,9347.705,2000,5262.142,9376.023,2000,5160.525,9197.96,2000,5281.576,9233.099,2000,5132.149,9424.032,2000,5028.773,9096.336,2000,5113.657
9114.24,2000,4981.737,9233.188,2000,5399.385,9336.64,2000,4983.08,9246.833,2000,5273.957,9348.496,2000,5261.402,9374.941,2000,5160.569,9197.522,2000,5280.585,9233.786,2000,5131.312,9425.067,2000,5029.092,9096.119,2000,5114.718
9113.323,2000,4982.314,9233.313,2000,5398.309,9336.039,2000,4982.178,9245.802,2000,5274.288,9349.263,2000,5260.636,9373.859,2000,5160.614,9197.053,2000,5279.608,9234.5,2000,5130.497,9426.092,2000,5029.444,9095.937,2000,5115.786
9112.426,2000,4982.921,9233.438,2000,5397.233,9335.409,2000,4981.296,9244.781,2000,5274.651,9350.004,2000,5259.846,9372.777,2000,5160.66,9196.552,2000,5278.648,9235.24,2000,5129.707,9427.104,2000,5029.83,9095.789,2000,5116.859
9111.549,2000,4983.557,9233.56,2000,5396.156,9334.751,2000,4980.436,9243.773,2000,5275.048,9350.719,2000,5259.032,9371.695,2000,5160.708,9196.02,2000,5277.704,9236.006,2000,5128.94,9428.104,2000,5030.249,9095.677,2000,5117.937
9110.693,2000,4984.221,9233.68,2000,5395.08,9334.065,2000,4979.598,9242.779,2000,5275.478,9351.406,2000,5258.195,9370.612,2000,5160.719,9195.457,2000,5276.778,9236.797,2000,5128.2,9429.088,2000,5030.7,9095.601,2000,5119.018
9109.859,2000,4984.913,9233.798,2000,5394.003,9333.353,2000,4978.782,9241.8,2000,5275.94,9352.121,2000,5257.381,9369.529,2000,5160.696,9194.864,2000,5275.872,9237.611,2000,5127.485,9430.058,2000,5031.184,9095.56,2000,5120.1
9109.049,2000,4985.632,9233.914,2000,5392.926,9332.613,2000,4977.99,9240.836,2000,5276.435,9352.862,2000,5256.591,9368.447,2000,5160.637,9194.242,2000,5274.985,9238.449,2000,5126.798,9431.011,2000,5031.698,9095.554,2000,5121.184
9108.262,2000,4986.376,9234.028,2000,5391.849,9331.849,2000,4977.223,9239.889,2000,5276.96,9353.629,2000,5255.826,9367.368,2000,5160.542,9193.592,2000,5274.119,9239.309,2000,5126.139,9431.946,2000,5032.244,9095.583,2000,5122.267
9107.5,2000,4987.146,9234.142,2000,5390.771,9331.06,2000,4976.481,9238.959,2000,5277.516,9354.42,2000,5255.085,9366.293,2000,5160.413,9192.913,2000,5273.274,9240.189,2000,5125.508,9432.864,2000,5032.82,9095.648,2000,5123.348
9106.764,2000,4987.941,9234.253,2000,5389.693,9330.246,2000,4975.765,9238.048,2000,5278.102,9355.235,2000,5254.372,9365.223,2000,5160.249,9192.207,2000,5272.453,9241.09,2000,5124.906,9433.763,2000,5033.426,9095.749,2000,5124.427
9106.054,2000,4988.759,9234.362,2000,5388.616,9329.41,2000,4975.077,9237.156,2000,5278.718,9356.073,2000,5253.685,9364.158,2000,5160.049,9191.475,2000,5271.654,9242.01,2000,5124.333,9434.641,2000,5034.061,9095.885,2000,5125.501
9105.371,2000,4989.601,9234.47,2000,5387.538,9328.552,2000,4974.416,9236.285,2000,5279.362,9356.934,2000,5253.026,9363.101,2000,5159.814,9190.717,2000,5270.88,9242.948,2000,5123.792,9435.497,2000,5034.724,9096.056,2000,5126.571
9104.716,2000,4990.463,9234.575,2000,5386.459,9327.672,2000,4973.783,9235.436,2000,5280.035,9357.814,2000,5252.396,9362.051,2000,5159.545,9189.934,2000,5270.132,9243.903,2000,5123.281,9436.332,2000,5035.415,9096.262,2000,5127.635
9104.09,2000,4991.347,9234.679,2000,5385.381,9326.772,2000,4973.18,9234.608,2000,5280.735,9358.716,2000,5251.795,9361.011,2000,5159.242,9189.126,2000,5269.409,9244.875,2000,5122.802,9437.144,2000,5036.133,9096.502,2000,5128.691
9103.493,2000,4992.251,9234.78,2000,5384.302,9325.854,2000,4972.606,9233.805,2000,5281.462,9359.636,2000,5251.224,9359.981,2000,5158.905,9188.296,2000,5268.713,9245.861,2000,5122.355,9437.931,2000,5036.877,9096.776,2000,5129.739
9102.926,2000,4993.174,9234.88,2000,5383.224,9324.916,2000,4972.063,9233.025,2000,5282.214,9360.574,2000,5250.683,9358.964,2000,5158.535,9187.443,2000,5268.045,9246.862,2000,5121.94,9438.693,2000,5037.646,9097.085,2000,5130.777
9102.39,2000,4994.115,9234.978,2000,5382.145,9323.962,2000,4971.55,9232.271,2000,5282.992,9361.53,2000,5250.172,9357.958,2000,5158.131,9186.569,2000,5267.406,9247.876,2000,5121.559,9439.431,2000,5038.44,9097.428,2000,5131.805
9101.884,2000,4995.073,9235.11,2000,5381.069,9322.991,2000,4971.069,9231.543,2000,5283.794,9362.502,2000,5249.694,9356.967,2000,5157.695,9185.675,2000,5266.795,9248.901,2000,5121.211,9440.142,2000,5039.258,9097.804,2000,5132.821
9101.41,2000,4996.047,9235.278,2000,5379.999,9322.005,2000,4970.621,9230.841,2000,5284.619,9363.489,2000,5249.248,9355.99,2000,5157.227,9184.761,2000,5266.213,9249.938,2000,5120.896,9440.825,2000,5040.098,9098.213,2000,5133.824
9100.969,2000,4997.036,9235.481,2000,5378.935,9321.005,2000,4970.205,9230.167,2000,5285.467,9364.49,2000,5248.833,9355.029,2000,5156.727,9183.828,2000,5265.662,9250.985,2000,5120.616,9441.481,2000,5040.96,9098.654,2000,5134.813
9100.56,2000,4998.039,9235.719,2000,5377.878,9319.991,2000,4969.821,9229.521,2000,5286.336,9365.504,2000,5248.453,9354.085,2000,5156.196,9182.878,2000,5265.142,9252.04,2000,5120.37,9442.108,2000,5041.844,9099.128,2000,5135.788
9100.184,2000,4999.055,9235.991,2000,5376.829,9318.966,2000,4969.471,9228.903,2000,5287.227,9366.53,2000,5248.105,9353.159,2000,5155.634,9181.911,2000,5264.653,9253.103,2000,5120.159,9442.706,2000,5042.747,9099.634,2000,5136.746
9099.841,2000,5000.083,9236.298,2000,5375.79,9317.93,2000,4969.155,9228.315,2000,5288.136,9367.567,2000,5247.791,9352.252,2000,5155.042,9180.935,2000,5264.184,9254.172,2000,5119.982,9443.274,2000,5043.669,9100.171,2000,5137.687
9099.532,2000,5001.122,9236.638,2000,5374.761,9316.884,2000,4968.873,9227.758,2000,5289.065,9368.614,2000,5247.511,9351.364,2000,5154.421,9179.968,2000,5263.695,9255.246,2000,5119.841,9443.813,2000,5044.61,9100.738,2000,5138.609
9099.258,2000,5002.169,9237.011,2000,5373.744,9315.829,2000,4968.625,9227.23,2000,5290.011,9369.67,2000,5247.266,9350.498,2000,5153.771,9179.011,2000,5263.187,9256.324,2000,5119.735,9444.319,2000,5045.567,9101.335,2000,5139.513
9099.018,2000,5003.226,9237.417,2000,5372.74,9314.767,2000,4968.412,9226.734,2000,5290.975,9370.732,2000,5247.056,9349.653,2000,5153.093,9178.064,2000,5262.66,9257.405,2000,5119.665,9444.794,2000,5046.541,9101.961,2000,5140.397
9098.812,2000,5004.289,9237.856,2000,5371.75,9313.698,2000,4968.234,9226.271,2000,5291.954,9371.802,2000,5246.88,9348.831,2000,5152.388,9177.128,2000,5262.115,9258.483,2000,5119.559,9445.236,2000,5047.53,9102.616,2000,5141.26
9098.641,2000,5005.359,9238.328,2000,5370.774,9312.624,2000,4968.091,9225.839,2000,5292.947,9372.876,2000,5246.739,9348.032,2000,5151.656,9176.202,2000,5261.553,9259.558,2000,5119.417,9445.646,2000,5048.532,9103.299,2000,5142.101
9098.505,2000,5006.434,9238.831,2000,5369.814,9311.546,2000,4967.983,9225.439,2000,5293.955,9373.954,2000,5246.634,9347.258,2000,5150.899,9175.286,2000,5260.974,9260.627,2000,5119.241,9446.023,2000,5049.548,9104.009,2000,5142.919
9098.404,2000,5007.512,9239.365,2000,5368.872,9310.465,2000,4967.91,9225.073,2000,5294.974,9375.035,2000,5246.563,9346.509,2000,5150.117,9174.381,2000,5260.379,9261.689,2000,5119.03,9446.367,2000,5050.575,9104.745,2000,5143.713
9098.339,2000,5008.594,9239.93,2000,5367.948,9309.382,2000,4967.873,9224.741,2000,5296.005,9376.113,2000,5246.458,9345.785,2000,5149.31,9173.486,2000,5259.768,9262.744,2000,5118.784,9446.677,2000,5051.613,9105.507,2000,5144.483
9098.31,2000,5009.677,9240.524,2000,5367.042,9308.299,2000,4967.871,9224.442,2000,5297.047,9377.188,2000,5246.317,9345.089,2000,5148.48,9172.602,2000,5259.143,9263.791,2000,5118.503,9446.953,2000,5052.661,9106.294,2000,5145.228
9098.315,2000,5010.76,9241.148,2000,5366.156,9307.216,2000,4967.905,9224.178,2000,5298.098,9378.257,2000,5246.142,9344.42,2000,5147.628,9171.728,2000,5258.503,9264.828,2000,5118.189,9447.194,2000,5053.717,9107.104,2000,5145.947
9098.356,2000,5011.843,9241.801,2000,5365.292,9306.135,2000,4967.974,9223.948,2000,5299.156,9379.319,2000,5245.931,9343.779,2000,5146.755,9170.863,2000,5257.85,9265.854,2000,5117.841,9447.401,2000,5054.781,9107.938,2000,5146.639
9098.434,2000,5012.923,9242.481,2000,5364.449,9305.057,2000,4968.078,9223.753,2000,5300.222,9380.375,2000,5245.686,9343.168,2000,5145.861,9170.008,2000,5257.185,9266.867,2000,5117.459,9447.573,2000,5055.851,9108.795,2000,5147.303
9098.546,2000,5014.001,9243.189,2000,5363.628,9303.982,2000,4968.218,9223.593,2000,5301.293,9381.422,2000,5245.406,9342.586,2000,5144.947,9169.162,2000,5256.507,9267.868,2000,5117.045,9447.71,2000,5056.925,9109.672,2000,5147.938
9098.693,2000,5015.074,9243.924,2000,5362.832,9302.913,2000,4968.393,9223.468,2000,5302.369,9382.459,2000,5245.092,9342.034,2000,5144.015,9168.325,2000,5255.819,9268.854,2000,5116.598,9447.812,2000,5058.004,9110.569,2000,5148.545
9098.876,2000,5016.142,9244.684,2000,5362.06,9301.851,2000,4968.602,9223.378,2000,5303.449,9383.485,2000,5244.745,9341.513,2000,5143.065,9167.497,2000,5255.12,9269.826,2000,5116.119,9447.878,2000,5059.085,9111.486,2000,5149.122
9099.093,2000,5017.204,9245.469,2000,5361.313,9300.795,2000,4968.846,9223.323,2000,5304.531,9384.499,2000,5244.364,9341.022,2000,5142.099,9166.678,2000,5254.412,9270.781,2000,5115.608,9447.909,2000,5060.168,9112.422,2000,5149.668
9099.345,2000,5018.257,9246.277,2000,5360.592,9299.748,2000,4969.125,9223.305,2000,5305.614,9385.5,2000,5243.95,9340.564,2000,5141.117,9165.866,2000,5253.694,9271.72,2000,5115.066,9447.904,2000,5061.252,9113.375,2000,5150.184
9099.631,2000,5019.302,9247.109,2000,5359.898,9298.711,2000,4969.438,9223.321,2000,5306.697,9386.487,2000,5243.503,9340.139,2000,5140.121,9165.063,2000,5252.967,9272.64,2000,5114.494,9447.864,2000,5062.334,9114.344,2000,5150.668
9099.951,2000,5020.337,9247.964,2000,5359.232,9297.685,2000,4969.784,9223.373,2000,5307.779,9387.459,2000,5243.025,9339.746,2000,5139.111,9164.267,2000,5252.233,9273.54,2000,5113.892,9447.789,2000,5063.415,9115.328,2000,5151.121
9100.305,2000,5021.361,9248.84,2000,5358.594,9296.67,2000,4970.164,9223.461,2000,5308.858,9388.415,2000,5242.515,9339.387,2000,5138.089,9163.478,2000,5251.491,9274.421,2000,5113.261,9447.679,2000,5064.493,9116.327,2000,5151.541
9100.691,2000,5022.373,9249.735,2000,5357.985,9295.668,2000,4970.577,9223.584,2000,5309.935,9389.354,2000,5241.974,9339.061,2000,5137.056,9162.694,2000,5250.743,9275.28,2000,5112.602,9447.532,2000,5065.566,9117.339,2000,5151.928
9101.111,2000,5023.372,9250.65,2000,5357.405,9294.681,2000,4971.022,9223.742,2000,5311.006,9390.273,2000,5241.402,9338.769,2000,5136.013,9161.918,2000,5249.988,9276.118,2000,5111.915,9447.352,2000,5066.634,9118.363,2000,5152.281
9101.563,2000,5024.356,9251.584,2000,5356.856,9293.708,2000,4971.5,9223.935,2000,5312.072,9391.175,2000,5240.801,9338.511,2000,5134.96,9161.146,2000,5249.227,9276.933,2000,5111.2,9447.136,2000,5067.695,9119.398,2000,5152.601
9102.048,2000,5025.325,9252.535,2000,5356.338,9292.752,2000,4972.009,9224.162,2000,5313.131,9392.056,2000,5240.171,9338.288,2000,5133.9,9160.381,2000,5248.46,9277.724,2000,5110.459,9446.885,2000,5068.75,9120.443,2000,5152.887
9102.563,2000,5026.278,9253.503,2000,5355.851,9291.813,2000,4972.549,9224.424,2000,5314.183,9392.916,2000,5239.512,9338.1,2000,5132.833,9159.62,2000,5247.688,9278.489,2000,5109.693,9446.6,2000,5069.795,9121.497,2000,5153.139
9103.11,2000,5027.213,9254.486,2000,5355.396,9290.892,2000,4973.12,9224.721,2000,5315.225,9393.754,2000,5238.826,9337.946,2000,5131.761,9158.864,2000,5246.913,9279.229,2000,5108.903,9446.28,2000,5070.83,9122.559,2000,5153.355
9103.688,2000,5028.13,9255.483,2000,5354.974,9289.99,2000,4973.72,9225.051,2000,5316.256,9394.569,2000,5238.112,9337.828,2000,5130.685,9158.112,2000,5246.133,9279.943,2000,5108.088,9445.928,2000,5071.854,9123.627,2000,5153.538
9104.294,2000,5029.027,9256.494,2000,5354.584,9289.108,2000,4974.35,9225.415,2000,5317.277,9395.36,2000,5237.372,9337.745,2000,5129.604,9157.335,2000,5245.378,9280.631,2000,5107.251,9445.542,2000,5072.867,9124.7,2000,5153.685
9104.93,2000,5029.904,9257.518,2000,5354.228,9288.248,2000,4975.008,9225.813,2000,5318.285,9396.127,2000,5236.606,9337.697,2000,5128.522,9156.533,2000,5244.649,9281.29,2000,5106.392,9445.123,2000,5073.866,9125.777,2000,5153.796
9105.594,2000,5030.76,9258.552,2000,5353.905,9287.409,2000,4975.694,9226.177,2000,5319.305,9396.868,2000,5235.816,9337.686,2000,5127.438,9155.708,2000,5243.946,9281.921,2000,5105.511,9444.672,2000,5074.851,9126.858,2000,5153.873
9106.285,2000,5031.594,9259.596,2000,5353.616,9286.594,2000,4976.407,9226.507,2000,5320.337,9397.583,2000,5235.002,9337.709,2000,5126.355,9154.86,2000,5243.271,9282.522,2000,5104.61,9444.188,2000,5075.82,9127.941,2000,5153.914
9107.004,2000,5032.404,9260.648,2000,5353.362,9285.802,2000,4977.146,9226.804,2000,5321.379,9398.271,2000,5234.165,9337.768,2000,5125.274,9153.991,2000,5242.624,9283.095,2000,5103.69,9443.674,2000,5076.773,9129.024,2000,5153.92
9107.749,2000,5033.191,9261.709,2000,5353.142,9285.034,2000,4977.911,9227.065,2000,5322.43,9398.931,2000,5233.306,9337.862,2000,5124.195,9153.102,2000,5242.006,9283.637,2000,5102.752,9443.128,2000,5077.709,9130.107,2000,5153.89
9108.52,2000,5033.953,9262.776,2000,5352.957,9284.292,2000,4978.7,9227.293,2000,5323.489,9399.563,2000,5232.426,9337.992,2000,5123.119,9152.192,2000,5241.417,9284.147,2000,5101.797,9442.552,2000,5078.627,9131.188,2000,5153.825
9109.314,2000,5034.689,9263.85,2000,5352.807,9283.576,2000,4979.514,9227.485,2000,5324.555,9400.165,2000,5231.525,9338.157,2000,5122.048,9151.265,2000,5240.858,9284.627,2000,5100.825,9441.946,2000,5079.525,9132.268,2000,5153.725
9110.133,2000,5035.399,9264.927,2000,5352.692,9282.888,2000,4980.35,9227.644,2000,5325.627,9400.737,2000,5230.606,9338.356,2000,5120.983,9150.318,2000,5240.331,9285.074,2000,5099.838,9441.312,2000,5080.403,9133.343,2000,5153.589
9110.965,2000,5036.092,9266.007,2000,5352.613,9282.227,2000,4981.208,9227.767,2000,5326.703,9401.279,2000,5229.668,9338.591,2000,5119.926,9149.355,2000,5239.833,9285.489,2000,5098.837,9440.648,2000,5081.259,9134.412,2000,5153.418
9111.798,2000,5036.785,9267.089,2000,5352.569,9281.594,2000,4982.088,9227.854,2000,5327.783,9401.791,2000,5228.713,9338.859,2000,5118.876,9148.377,2000,5239.369,9285.871,2000,5097.824,9439.958,2000,5082.094,9135.476,2000,5153.212
9112.632,2000,5037.476,9268.172,2000,5352.56,9280.99,2000,4982.988,9227.906,2000,5328.865,9402.271,2000,5227.742,9339.162,2000,5117.836,9147.384,2000,5238.936,9286.22,2000,5096.798,9439.24,2000,5082.905,9136.532,2000,5152.972
9113.468,2000,5038.165,9269.255,2000,5352.587,9280.417,2000,4983.907,9227.923,2000,5329.948,9402.719,2000,5226.755,9339.499,2000,5116.807,9146.377,2000,5238.536,9286.534,2000,5095.761,9438.496,2000,5083.693,9137.58,2000,5152.697
9114.305,2000,5038.854,9270.337,2000,5352.649,9279.874,2000,4984.844,9227.904,2000,5331.031,9403.134,2000,5225.755,9339.869,2000,5115.789,9145.357,2000,5238.169,9286.814,2000,5094.715,9437.727,2000,5084.456,9138.618,2000,5152.388
9115.143,2000,5039.541,9271.416,2000,5352.747,9279.361,2000,4985.799,9227.85,2000,5332.113,9403.516,2000,5224.741,9340.272,2000,5114.783,9144.327,2000,5237.836,9287.061,2000,5093.66,9436.933,2000,5085.193,9139.646,2000,5152.045
9115.981,2000,5040.226,9272.491,2000,5352.879,9278.881,2000,4986.77,9227.76,2000,5333.192,9403.864,2000,5223.716,9340.709,2000,5113.792,9143.286,2000,5237.537,9287.271,2000,5092.597,9436.115,2000,5085.904,9140.661,2000,5151.669
9116.821,2000,5040.911,9273.562,2000,5353.047,9278.432,2000,4987.755,9227.635,2000,5334.269,9404.18,2000,5222.679,9341.178,2000,5112.814,9142.235,2000,5237.271,9287.448,2000,5091.528,9435.321,2000,5086.641,9141.664,2000,5151.26
9117.662,2000,5041.594,9274.626,2000,5353.25,9278.016,2000,4988.755,9227.475,2000,5335.34,9404.461,2000,5221.633,9341.678,2000,5111.854,9141.177,2000,5237.041,9287.59,2000,5090.454,9434.552,2000,5087.404,9142.653,2000,5150.818
9118.504,2000,5042.276,9275.683,2000,5353.488,9277.632,2000,4989.769,9227.279,2000,5336.405,9404.708,2000,5220.578,9342.209,2000,5110.909,9140.111,2000,5236.845,9287.696,2000,5089.376,9433.808,2000,5088.191,9143.628,2000,5150.344
9119.347,2000,5042.957,9276.731,2000,5353.76,9277.282,2000,4990.794,9227.05,2000,5337.464,9404.92,2000,5219.516,9342.771,2000,5109.983,9139.04,2000,5236.684,9287.768,2000,5088.295,9433.09,2000,5089.003,9144.586,2000,5149.838
9120.19,2000,5043.636,9277.771,2000,5354.066,9276.898,2000,4991.807,9226.785,2000,5338.515,9405.097,2000,5218.447,9343.362,2000,5109.076,9137.964,2000,5236.558,9287.803,2000,5087.212,9432.399,2000,5089.837,9145.527,2000,5149.302
9121.035,2000,5044.315,9278.807,2000,5354.382,9276.482,2000,4992.807,9226.486,2000,5339.556,9405.239,2000,5217.373,9343.983,2000,5108.188,9136.885,2000,5236.467,9287.803,2000,5086.129,9431.736,2000,5090.694,9146.45,2000,5148.734
9121.881,2000,5044.992,9279.849,2000,5354.677,9276.033,2000,4993.793,9226.154,2000,5340.587,9405.346,2000,5216.295,9344.634,2000,5107.321,9135.803,2000,5236.412,9287.768,2000,5085.046,9431.102,2000,5091.572,9147.354,2000,5148.137
9122.728,2000,5045.668,9280.896,2000,5354.952,9275.553,2000,4994.764,9225.788,2000,5341.607,9405.417,2000,5215.214,9345.312,2000,5106.477,9134.72,2000,5236.392,9287.697,2000,5083.965,9430.496,2000,5092.47,9148.238,2000,5147.511
9123.575,2000,5046.344,9281.949,2000,5355.207,9275.04,2000,4995.718,9225.389,2000,5342.614,9405.453,2000,5214.131,9346.017,2000,5105.654,9133.637,2000,5236.407,9287.591,2000,5082.887,9429.92,2000,5093.387,9149.102,2000,5146.856
9124.423,2000,5047.018,9283.007,2000,5355.442,9274.497,2000,4996.656,9224.957,2000,5343.608,9405.454,2000,5213.048,9346.748,2000,5104.855,9132.555,2000,5236.458,9287.449,2000,5081.813,9429.374,2000,5094.323,9149.942,2000,5146.173
9125.271,2000,5047.691,9284.068,2000,5355.659,9273.924,2000,4997.575,9224.493,2000,5344.587,9405.419,2000,5211.965,9347.506,2000,5104.081,9131.475,2000,5236.545,9287.272,2000,5080.744,9428.859,2000,5095.276,9150.761,2000,5145.463
9126.121,2000,5048.363,9285.134,2000,5355.856,9273.32,2000,4998.475,9223.997,2000,5345.55,9405.349,2000,5210.884,9348.288,2000,5103.332,9130.398,2000,5236.667,9287.062,2000,5079.682,9428.376,2000,5096.246,9151.556,2000,5144.727
9126.992,2000,5049.006,9286.202,2000,5356.037,9272.688,2000,4999.354,9223.47,2000,5346.497,9405.243,2000,5209.806,9349.095,2000,5102.609,9129.326,2000,5236.823,9286.815,2000,5078.626,9427.925,2000,5097.231,9152.374,2000,5144.017
9127.884,2000,5049.621,9287.273,2000,5356.2,9272.026,2000,5000.212,9222.912,2000,5347.425,9405.103,2000,5208.731,9349.925,2000,5101.913,9128.26,2000,5237.015,9286.535,2000,5077.58,9427.506,2000,5098.23,9153.215,2000,5143.334
9128.795,2000,5050.207,9288.347,2000,5356.346,9271.338,2000,5001.049,9222.324,2000,5348.335,9404.927,2000,5207.663,9350.777,2000,5101.244,9127.2,2000,5237.242,9286.221,2000,5076.543,9427.12,2000,5099.242,9154.078,2000,5142.68
9129.726,2000,5050.762,9289.422,2000,5356.477,9270.622,2000,5001.862,9221.707,2000,5349.225,9404.716,2000,5206.6,9351.651,2000,5100.603,9126.148,2000,5237.503,9285.872,2000,5075.518,9426.768,2000,5100.267,9154.962,2000,5142.053
9130.674,2000,5051.286,9290.499,2000,5356.592,9269.88,2000,5002.652,9221.061,2000,5350.095,9404.471,2000,5205.545,9352.546,2000,5099.991,9125.106,2000,5237.798,9285.49,2000,5074.503,9426.448,2000,5101.302,9155.866,2000,5141.456
9131.639,2000,5051.779,9291.578,2000,5356.693,9269.112,2000,5003.417,9220.387,2000,5350.942,9404.191,2000,5204.499,9353.46,2000,5099.409,9124.055,2000,5238.06,9285.076,2000,5073.502,9426.163,2000,5102.347,9156.789,2000,5140.889
9132.619,2000,5052.241,9292.658,2000,5356.78,9268.32,2000,5004.156,9219.685,2000,5351.768,9403.878,2000,5203.461,9354.393,2000,5098.857,9122.995,2000,5238.286,9284.629,2000,5072.516,9425.912,2000,5103.401,9157.73,2000,5140.352
9133.614,2000,5052.67,9293.739,2000,5356.854,9267.505,2000,5004.869,9218.956,2000,5352.569,9403.53,2000,5202.436,9355.343,2000,5098.336,9121.929,2000,5238.478,9284.149,2000,5071.544,9425.696,2000,5104.463,9158.688,2000,5139.847
9134.622,2000,5053.066,9294.821,2000,5356.917,9266.666,2000,5005.555,9218.202,2000,5353.347,9403.149,2000,5201.421,9356.309,2000,5097.847,9120.856,2000,5238.635,9283.639,2000,5070.588,9425.516,2000,5105.531,9159.663,2000,5139.373
9135.643,2000,5053.43,9295.903,2000,5356.967,9265.806,2000,5006.213,9217.423,2000,5354.1,9402.735,2000,5200.42,9357.29,2000,5097.389,9119.78,2000,5238.756,9283.097,2000,5069.65,9425.369,2000,5106.604,9160.652,2000,5138.931
9136.675,2000,5053.759,9296.986,2000,5357.006,9264.924,2000,5006.842,9216.619,2000,5354.826,9402.289,2000,5199.433,9358.286,2000,5096.963,9118.7,2000,5238.843,9282.524,2000,5068.73,9425.259,2000,5107.682,9161.655,2000,5138.521
9137.717,2000,5054.055,9298.069,2000,5357.036,9264.022,2000,5007.443,9215.792,2000,5355.526,9401.811,2000,5198.461,9359.296,2000,5096.57,9117.618,2000,5238.894,9281.923,2000,5067.83,9425.184,2000,5108.762,9162.671,2000,5138.145
9138.769,2000,5054.316,9299.152,2000,5357.056,9263.102,2000,5008.013,9214.942,2000,5356.199,9401.301,2000,5197.505,9360.317,2000,5096.211,9116.535,2000,5238.91,9281.292,2000,5066.949,9425.144,2000,5109.845,9163.698,2000,5137.802
9139.828,2000,5054.542,9300.235,2000,5357.067,9262.162,2000,5008.553,9214.071,2000,5356.844,9400.76,2000,5196.567,9361.351,2000,5095.885,9115.452,2000,5238.89,9280.633,2000,5066.089,9425.139,2000,5110.928,9164.736,2000,5137.493
9140.895,2000,5054.734,9301.318,2000,5357.07,9261.206,2000,5009.063,9213.18,2000,5357.459,9400.188,2000,5195.646,9362.394,2000,5095.593,9114.37,2000,5238.834,9279.945,2000,5065.252,9425.17,2000,5112.011,9165.784,2000,5137.218
9141.967,2000,5054.891,9302.401,2000,5357.065,9260.233,2000,5009.54,9212.269,2000,5358.045,9399.587,2000,5194.745,9363.446,2000,5095.335,9113.291,2000,5238.744,9279.231,2000,5064.438,9425.236,2000,5113.093,9166.841,2000,5136.978
9143.043,2000,5055.013,9303.484,2000,5357.053,9259.246,2000,5009.985,9211.339,2000,5358.602,9398.956,2000,5193.864,9364.507,2000,5095.112,9112.215,2000,5238.618,9278.491,2000,5063.647,9425.338,2000,5114.171,9167.904,2000,5136.772
9144.123,2000,5055.099,9304.567,2000,5357.035,9258.244,2000,5010.398,9210.392,2000,5359.127,9398.297,2000,5193.004,9365.573,2000,5094.924,9111.144,2000,5238.457,9277.726,2000,5062.881,9425.475,2000,5115.246,9168.974,2000,5136.602
9145.205,2000,5055.15,9305.65,2000,5357.011,9257.229,2000,5010.778,9209.428,2000,5359.621,9397.61,2000,5192.167,9366.646,2000,5094.771,9110.078,2000,5238.261,9276.935,2000,5062.14,9425.646,2000,5116.316,9170.049,2000,5136.466
9146.288,2000,5055.166,9306.733,2000,5356.982,9256.203,2000,5011.125,9208.448,2000,5360.083,9396.896,2000,5191.352,9367.712,2000,5094.582,9109.02,2000,5238.03,9276.12,2000,5061.426,9425.854,2000,5117.379,9171.128,2000,5136.365
9147.371,2000,5055.146,9307.816,2000,5356.948,9255.166,2000,5011.438,9207.454,2000,5360.513,9396.156,2000,5190.561,9368.772,2000,5094.359,9107.969,2000,5237.765,9275.283,2000,5060.738,9426.095,2000,5118.436,9172.209,2000,5136.3
9148.453,2000,5055.091,9308.897,2000,5356.878,9254.119,2000,5011.716,9206.446,2000,5360.91,9395.391,2000,5189.794,9369.825,2000,5094.101,9106.928,2000,5237.465,9274.424,2000,5060.079,9426.371,2000,5119.483,9173.292,2000,5136.271
9149.532,2000,5055.001,9309.976,2000,5356.773,9253.063,2000,5011.96,9205.426,2000,5361.274,9394.601,2000,5189.053,9370.868,2000,5093.809,9105.897,2000,5237.132,9273.543,2000,5059.448,9426.681,2000,5120.521,9174.375,2000,5136.276
9150.608,2000,5054.875,9311.05,2000,5356.633,9252.001,2000,5012.17,9204.395,2000,5361.604,9393.786,2000,5188.338,9371.901,2000,5093.483,9104.878,2000,5236.765,9272.643,2000,5058.846,9427.024,2000,5121.549,9175.458,2000,5136.317
9151.68,2000,5054.714,9312.119,2000,5356.458,9250.932,2000,5012.345,9203.353,2000,5361.901,9392.949,2000,5187.65,9372.923,2000,5093.124,9103.871,2000,5236.365,9271.723,2000,5058.273,9427.401,2000,5122.564,9176.539,2000,5136.394
9152.745,2000,5054.518,9313.182,2000,5356.248,9249.857,2000,5012.484,9202.302,2000,5362.163,9392.09,2000,5186.99,9373.933,2000,5092.731,9102.878,2000,5235.933,9270.784,2000,5057.732,9427.812,2000,5123.567,9177.616,2000,5136.506
9153.804,2000,5054.288,9314.237,2000,5356.003,9248.779,2000,5012.589,9201.242,2000,5362.391,9391.21,2000,5186.358,9374.929,2000,5092.306,9101.899,2000,5235.468,9269.829,2000,5057.221,9428.254,2000,5124.556,9178.689,2000,5136.653
9154.854,2000,5054.022,9315.284,2000,5355.724,9247.698,2000,5012.658,9200.176,2000,5362.583,9390.31,2000,5185.755,9375.91,2000,5091.848,9100.937,2000,5234.971,9268.857,2000,5056.742,9428.729,2000,5125.529,9179.758,2000,5136.835
9155.896,2000,5053.723,9316.321,2000,5355.411,9246.615,2000,5012.691,9199.104,2000,5362.741,9389.39,2000,5185.183,9376.876,2000,5091.358,9099.99,2000,5234.443,9267.871,2000,5056.295,9429.235,2000,5126.487,9180.819,2000,5137.052
9156.927,2000,5053.39,9317.348,2000,5355.063,9245.532,2000,5012.689,9198.028,2000,5362.864,9388.452,2000,5184.64,9377.826,2000,5090.837,9099.063,2000,5233.884,9266.87,2000,5055.88,9429.773,2000,5127.427,9181.873,2000,5137.303
9157.946,2000,5053.023,9318.362,2000,5354.683,9244.449,2000,5012.652,9196.948,2000,5362.951,9387.497,2000,5184.129,9378.759,2000,5090.285,9098.153,2000,5233.295,9265.856,2000,5055.499,9430.342,2000,5128.35,9182.918,2000,5137.589
9158.953,2000,5052.623,9319.363,2000,5354.27,9243.368,2000,5012.58,9195.866,2000,5363.003,9386.525,2000,5183.649,9379.673,2000,5089.703,9097.264,2000,5232.677,9264.831,2000,5055.15,9430.939,2000,5129.253,9183.953,2000,5137.909
9159.946,2000,5052.19,9320.351,2000,5353.824,9242.29,2000,5012.472,9194.783,2000,5363.02,9385.539,2000,5183.201,9380.567,2000,5089.091,9096.395,2000,5232.03,9263.794,2000,5054.836,9431.566,2000,5130.136,9184.978,2000,5138.263
9160.925,2000,5051.726,9321.323,2000,5353.346,9241.216,2000,5012.329,9193.7,2000,5363.001,9384.538,2000,5182.786,9381.441,2000,5088.451,9095.547,2000,5231.355,9262.747,2000,5054.556,9432.223,2000,5130.999,9185.989,2000,5138.65
9161.888,2000,5051.229,9322.279,2000,5352.836,9240.147,2000,5012.15,9192.618,2000,5362.947,9383.524,2000,5182.404,9382.294,2000,5087.782,9094.722,2000,5230.652,9261.692,2000,5054.31,9432.906,2000,5131.839,9186.988,2000,5139.07
9162.834,2000,5050.701,9323.218,2000,5352.295,9239.085,2000,5011.938,9191.538,2000,5362.857,9382.499,2000,5182.055,9383.124,2000,5087.085,9093.92,2000,5229.923,9260.63,2000,5054.098,9433.617,2000,5132.656,9187.973,2000,5139.522
9163.762,2000,5050.143,9324.139,2000,5351.725,9238.03,2000,5011.69,9190.462,2000,5362.732,9381.463,2000,5181.74,9383.931,2000,5086.362,9093.143,2000,5229.168,9259.561,2000,5053.921,9434.354,2000,5133.45,9188.941,2000,5140.006
9164.671,2000,5049.554,9325.04,2000,5351.124,9236.984,2000,5011.408,9189.391,2000,5362.572,9380.417,2000,5181.458,9384.713,2000,5085.613,9092.391,2000,5228.389,9258.486,2000,5053.78,9435.117,2000,5134.22,9189.895,2000,5140.522
9165.561,2000,5048.936,9325.921,2000,5350.494,9235.948,2000,5011.091,9188.325,2000,5362.377,9379.362,2000,5181.212,9385.471,2000,5084.839,9091.665,2000,5227.584,9257.408,2000,5053.673,9435.904,2000,5134.964,9190.83,2000,5141.068
9166.43,2000,5048.289,9326.781,2000,5349.835,9234.923,2000,5010.741,9187.267,2000,5362.147,9378.3,2000,5181,9386.202,2000,5084.04,9090.966,2000,5226.757,9256.327,2000,5053.603,9436.716,2000,5135.682,9191.747,2000,5141.646
9167.277,2000,5047.614,9327.619,2000,5349.149,9233.909,2000,5010.358,9186.216,2000,5361.883,9377.231,2000,5180.823,9386.907,2000,5083.218,9090.294,2000,5225.907,9255.244,2000,5053.567,9437.551,2000,5136.373,9192.645,2000,5142.252
9168.103,2000,5046.911,9328.435,2000,5348.436,9232.909,2000,5009.942,9185.175,2000,5361.584,9376.157,2000,5180.681,9387.585,2000,5082.373,9089.65,2000,5225.035,9254.161,2000,5053.567,9438.407,2000,5137.036,9193.521,2000,5142.888
9168.904,2000,5046.182,9329.227,2000,5347.696,9231.923,2000,5009.493,9184.144,2000,5361.252,9375.079,2000,5180.574,9388.235,2000,5081.506,9089.035,2000,5224.143,9253.078,2000,5053.602,9439.285,2000,5137.67,9194.378,2000,5143.552
9169.682,2000,5045.427,9329.993,2000,5346.931,9230.952,2000,5009.012,9183.124,2000,5360.886,9373.998,2000,5180.502,9388.856,2000,5080.619,9088.45,2000,5223.231,9251.997,2000,5053.673,9440.184,2000,5138.276,9195.255,2000,5144.188
9170.434,2000,5044.647,9330.734,2000,5346.141,9229.998,2000,5008.5,9182.117,2000,5360.487,9372.915,2000,5180.466,9389.448,2000,5079.711,9087.896,2000,5222.301,9250.919,2000,5053.779,9441.102,2000,5138.853,9196.152,2000,5144.794
9171.159,2000,5043.843,9331.449,2000,5345.328,9229.061,2000,5007.957,9181.124,2000,5360.055,9371.832,2000,5180.465,9390.01,2000,5078.785,9087.371,2000,5221.354,9249.845,2000,5053.92,9442.037,2000,5139.398,9197.069,2000,5145.371
9171.858,2000,5043.016,9332.138,2000,5344.491,9228.142,2000,5007.383,9180.146,2000,5359.59,9370.749,2000,5180.5,9390.541,2000,5077.841,9086.878,2000,5220.389,9248.775,2000,5054.096,9442.99,2000,5139.913,9198.005,2000,5145.917
9172.53,2000,5042.167,9332.798,2000,5343.632,9227.242,2000,5006.779,9179.183,2000,5359.094,9369.668,2000,5180.57,9391.041,2000,5076.88,9086.417,2000,5219.409,9247.713,2000,5054.308,9443.96,2000,5140.396,9198.958,2000,5146.433
9173.174,2000,5041.295,9333.43,2000,5342.752,9226.362,2000,5006.147,9178.236,2000,5358.567,9368.59,2000,5180.676,9391.51,2000,5075.903,9085.988,2000,5218.415,9246.658,2000,5054.554,9444.944,2000,5140.848,9199.927,2000,5146.917
9173.789,2000,5040.403,9334.032,2000,5341.853,9225.504,2000,5005.486,9177.308,2000,5358.009,9367.516,2000,5180.816,9391.946,2000,5074.911,9085.592,2000,5217.406,9245.611,2000,5054.834,9445.943,2000,5141.267,9200.911,2000,5147.37
9174.374,2000,5039.491,9334.605,2000,5340.933,9224.668,2000,5004.797,9176.397,2000,5357.421,9366.446,2000,5180.992,9392.35,2000,5073.906,9085.229,2000,5216.386,9244.574,2000,5055.148,9446.956,2000,5141.652,9201.91,2000,5147.79
9174.93,2000,5038.561,9335.148,2000,5339.996,9223.854,2000,5004.082,9175.507,2000,5356.804,9365.384,2000,5181.203,9392.72,2000,5072.888,9084.899,2000,5215.354,9243.549,2000,5055.497,9447.98,2000,5142.005,9202.922,2000,5148.177
9175.454,2000,5037.613,9335.66,2000,5339.041,9223.065,2000,5003.34,9174.638,2000,5356.158,9364.328,2000,5181.448,9393.057,2000,5071.858,9084.604,2000,5214.311,9242.535,2000,5055.878,9449.016,2000,5142.324,9203.946,2000,5148.53
9175.947,2000,5036.649,9336.141,2000,5338.07,9222.301,2000,5002.573,9173.79,2000,5355.483,9363.281,2000,5181.728,9393.359,2000,5070.818,9084.343,2000,5213.26,9241.534,2000,5056.292,9450.061,2000,5142.608,9204.97,2000,5148.885
9176.408,2000,5035.669,9336.589,2000,5337.083,9221.562,2000,5001.781,9172.965,2000,5354.782,9362.244,2000,5182.042,9393.628,2000,5069.769,9084.116,2000,5212.2,9240.548,2000,5056.74,9451.113,2000,5142.865,9205.981,2000,5149.274
9176.837,2000,5034.674,9337.005,2000,5336.083,9220.849,2000,5000.965,9172.163,2000,5354.053,9361.218,2000,5182.389,9393.862,2000,5068.711,9083.925,2000,5211.134,9239.576,2000,5057.219,9452.164,2000,5143.127,9206.979,2000,5149.695
9177.233,2000,5033.666,9337.388,2000,5335.069,9220.163,2000,5000.126,9171.386,2000,5353.299,9360.204,2000,5182.77,9394.062,2000,5067.646,9083.768,2000,5210.062,9238.621,2000,5057.729,9453.214,2000,5143.395,9207.963,2000,5150.149
9177.597,2000,5032.646,9337.737,2000,5334.044,9219.505,2000,4999.266,9170.633,2000,5352.52,9359.178,2000,5183.118,9394.227,2000,5066.575,9083.646,2000,5208.985,9237.683,2000,5058.271,9454.254,2000,5143.696,9208.932,2000,5150.635
9177.926,2000,5031.613,9338.053,2000,5333.008,9218.875,2000,4998.384,9169.906,2000,5351.716,9358.141,2000,5183.432,9394.356,2000,5065.5,9083.559,2000,5207.905,9236.763,2000,5058.843,9455.284,2000,5144.032,9209.884,2000,5151.152
9178.222,2000,5030.571,9338.334,2000,5331.962,9218.274,2000,4997.482,9169.206,2000,5350.89,9357.094,2000,5183.711,9394.451,2000,5064.42,9083.508,2000,5206.823,9235.862,2000,5059.445,9456.303,2000,5144.401,9210.818,2000,5151.7
9178.483,2000,5029.52,9338.581,2000,5330.907,9217.704,2000,4996.562,9168.533,2000,5350.041,9356.038,2000,5183.957,9394.51,2000,5063.339,9083.492,2000,5205.74,9234.981,2000,5060.076,9457.309,2000,5144.803,9211.734,2000,5152.278
9178.71,2000,5028.46,9338.794,2000,5329.845,9217.164,2000,4995.623,9167.889,2000,5349.17,9354.976,2000,5184.167,9394.533,2000,5062.256,9083.512,2000,5204.657,9234.122,2000,5060.736,9458.301,2000,5145.237,9212.631,2000,5152.886
9178.902,2000,5027.394,9338.972,2000,5328.776,9216.655,2000,4994.667,9167.273,2000,5348.278,9353.906,2000,5184.343,9394.521,2000,5061.172,9083.567,2000,5203.575,9233.284,2000,5061.423,9459.278,2000,5145.704,9213.507,2000,5153.523
9179.06,2000,5026.322,9339.114,2000,5327.702,9216.178,2000,4993.694,9166.688,2000,5347.367,9352.832,2000,5184.483,9394.474,2000,5060.09,9083.658,2000,5202.496,9232.47,2000,5062.137,9460.24,2000,5146.203,9214.361,2000,5154.188
9179.182,2000,5025.245,9339.222,2000,5326.624,9215.732,2000,4992.707,9166.132,2000,5346.438,9351.754,2000,5184.589,9394.391,2000,5059.01,9083.784,2000,5201.419,9231.679,2000,5062.878,9461.186,2000,5146.732,9215.194,2000,5154.881
9179.269,2000,5024.165,9339.294,2000,5325.543,9215.319,2000,4991.705,9165.606,2000,5345.49,9350.673,2000,5184.659,9394.272,2000,5057.933,9083.945,2000,5200.348,9230.913,2000,5063.644,9462.112,2000,5147.293,9216.004,2000,5155.601
9179.319,2000,5023.083,9339.331,2000,5324.46,9214.939,2000,4990.69,9165.112,2000,5344.526,9349.59,2000,5184.694,9394.119,2000,5056.861,9084.142,2000,5199.283,9230.173,2000,5064.435,9463.021,2000,5147.884,9216.789,2000,5156.347
9179.335,2000,5022,9339.332,2000,5323.377,9214.593,2000,4989.664,9164.65,2000,5343.546,9348.507,2000,5184.693,9393.931,2000,5055.794,9084.372,2000,5198.224,9229.459,2000,5065.249,9463.909,2000,5148.504,9217.55,2000,5157.118
9179.315,2000,5020.917,9339.298,2000,5322.294,9214.28,2000,4988.627,9164.221,2000,5342.552,9347.424,2000,5184.657,9393.708,2000,5054.734,9084.638,2000,5197.174,9228.771,2000,5066.086,9464.776,2000,5149.153,9218.285,2000,5157.914
9179.261,2000,5019.835,9339.229,2000,5321.213,9214.002,2000,4987.58,9163.823,2000,5341.544,9346.343,2000,5184.585,9393.45,2000,5053.682,9084.938,2000,5196.133,9228.112,2000,5066.946,9465.622,2000,5149.83,9218.994,2000,5158.733
9179.17,2000,5018.755,9339.124,2000,5320.135,9213.758,2000,4986.524,9163.459,2000,5340.523,9345.265,2000,5184.479,9393.158,2000,5052.638,9085.271,2000,5195.102,9227.481,2000,5067.826,9466.445,2000,5150.534,9219.676,2000,5159.576
9179.044,2000,5017.679,9338.984,2000,5319.061,9213.548,2000,4985.461,9163.129,2000,5339.492,9344.19,2000,5184.336,9392.832,2000,5051.605,9085.638,2000,5194.083,9226.88,2000,5068.727,9467.245,2000,5151.264,9220.329,2000,5160.439
9178.883,2000,5016.608,9338.81,2000,5317.992,9213.373,2000,4984.392,9162.832,2000,5338.45,9343.122,2000,5184.159,9392.473,2000,5050.583,9086.038,2000,5193.076,9226.308,2000,5069.647,9468.021,2000,5152.021,9220.954,2000,5161.324
9178.687,2000,5015.542,9338.6,2000,5316.929,9213.233,2000,4983.318,9162.57,2000,5337.398,9342.06,2000,5183.947,9392.08,2000,5049.573,9086.471,2000,5192.083,9225.766,2000,5070.585,9468.771,2000,5152.802,9221.55,2000,5162.229
9178.456,2000,5014.484,9338.354,2000,5315.874,9213.129,2000,4982.24,9162.343,2000,5336.339,9341.005,2000,5183.701,9391.654,2000,5048.577,9086.936,2000,5191.104,9225.255,2000,5071.541,9469.495,2000,5153.607,9222.115,2000,5163.153
9178.19,2000,5013.434,9338.075,2000,5314.827,9213.06,2000,4981.159,9162.15,2000,5335.273,9339.959,2000,5183.419,9391.196,2000,5047.595,9087.433,2000,5190.141,9224.775,2000,5072.512,9470.192,2000,5154.436,9222.65,2000,5164.095
9177.891,2000,5012.393,9337.762,2000,5313.79,9213.026,2000,4980.076,9161.992,2000,5334.202,9338.923,2000,5183.104,9390.706,2000,5046.629,9087.961,2000,5189.195,9224.328,2000,5073.499,9470.862,2000,5155.287,9223.154,2000,5165.054
9177.558,2000,5011.362,9337.415,2000,5312.763,9213.028,2000,4978.992,9161.869,2000,5333.125,9337.897,2000,5182.755,9390.185,2000,5045.679,9088.52,2000,5188.267,9223.913,2000,5074.5,9471.504,2000,5156.16,9223.627,2000,5166.028
9177.19,2000,5010.342,9337.034,2000,5311.749,9213.065,2000,4977.91,9161.781,2000,5332.046,9336.884,2000,5182.373,9389.633,2000,5044.747,9089.108,2000,5187.358,9223.531,2000,5075.514,9472.117,2000,5157.053,9224.067,2000,5167.018
9176.79,2000,5009.335,9336.621,2000,5310.748,9213.138,2000,4976.829,9161.729,2000,5330.964,9335.883,2000,5181.958,9389.051,2000,5043.833,9089.727,2000,5186.468,9223.183,2000,5076.54,9472.701,2000,5157.965,9224.476,2000,5168.022
9176.357,2000,5008.342,9336.184,2000,5309.757,9213.246,2000,4975.75,9161.713,2000,5329.881,9334.896,2000,5181.51,9388.439,2000,5042.939,9090.374,2000,5185.599,9222.868,2000,5077.576,9473.255,2000,5158.896,9224.851,2000,5169.039
9175.893,2000,5007.364,9335.745,2000,5308.766,9213.39,2000,4974.677,9161.731,2000,5328.798,9333.925,2000,5181.03,9387.799,2000,5042.066,9091.049,2000,5184.752,9222.588,2000,5078.623,9473.777,2000,5159.845,9225.191,2000,5170.067
9175.396,2000,5006.401,9335.306,2000,5307.776,9213.568,2000,4973.608,9161.786,2000,5327.716,9332.97,2000,5180.519,9387.13,2000,5041.214,9091.751,2000,5183.927,9222.342,2000,5079.678,9474.269,2000,5160.811,9225.499,2000,5171.105
9174.867,2000,5005.455,9334.866,2000,5306.786,9213.781,2000,4972.546,9161.876,2000,5326.636,9332.016,2000,5180.005,9386.434,2000,5040.384,9092.48,2000,5183.126,9222.131,2000,5080.74,9474.728,2000,5161.792,9225.772,2000,5172.154
9174.309,2000,5004.527,9334.426,2000,5305.796,9214.029,2000,4971.492,9162.001,2000,5325.56,9331.06,2000,5179.496,9385.71,2000,5039.578,9093.235,2000,5182.349,9221.954,2000,5081.809,9475.154,2000,5162.787,9226.012,2000,5173.21
9173.72,2000,5003.618,9333.984,2000,5304.807,9214.312,2000,4970.446,9162.161,2000,5324.489,9330.102,2000,5178.991,9384.961,2000,5038.795,9094.016,2000,5181.597,9221.813,2000,5082.883,9475.549,2000,5163.796,9226.216,2000,5174.274
9173.102,2000,5002.728,9333.543,2000,5303.817,9214.628,2000,4969.41,9162.356,2000,5323.423,9329.141,2000,5178.491,9384.187,2000,5038.038,9094.819,2000,5180.871,9221.706,2000,5083.961,9475.91,2000,5164.818,9226.385,2000,5175.344
9172.455,2000,5001.859,9333.101,2000,5302.829,9214.978,2000,4968.384,9162.586,2000,5322.365,9328.178,2000,5177.995,9383.388,2000,5037.306,9095.646,2000,5180.172,9221.635,2000,5085.042,9476.237,2000,5165.851,9226.519,2000,5176.419
9171.78,2000,5001.012,9332.657,2000,5301.84,9215.361,2000,4967.371,9162.851,2000,5321.314,9327.212,2000,5177.504,9382.565,2000,5036.601,9096.496,2000,5179.5,9221.6,2000,5086.125,9476.53,2000,5166.894,9226.617,2000,5177.498
9171.078,2000,5000.187,9332.213,2000,5300.853,9215.777,2000,4966.371,9163.149,2000,5320.272,9326.23,2000,5177.045,9381.721,2000,5035.923,9097.367,2000,5178.856,9221.6,2000,5087.208,9476.789,2000,5167.945,9226.681,2000,5178.58
9170.349,2000,4999.386,9331.768,2000,5299.865,9216.227,2000,4965.385,9163.481,2000,5319.241,9325.265,2000,5176.555,9380.854,2000,5035.273,9098.259,2000,5178.242,9221.564,2000,5088.291,9477.014,2000,5169.005,9226.709,2000,5179.663
9169.594,2000,4998.609,9331.32,2000,5298.878,9216.707,2000,4964.415,9163.848,2000,5318.222,9324.315,2000,5176.032,9379.967,2000,5034.652,9099.17,2000,5177.656,9221.493,2000,5089.372,9477.203,2000,5170.071,9226.701,2000,5180.746
9168.813,2000,4997.857,9330.872,2000,5297.892,9217.22,2000,4963.46,9164.247,2000,5317.214,9323.384,2000,5175.479,9379.06,2000,5034.061,9100.101,2000,5177.101,9221.387,2000,5090.45,9477.357,2000,5171.144,9226.658,2000,5181.829
9168.01,2000,4997.131,9330.423,2000,5296.906,9217.763,2000,4962.522,9164.679,2000,5316.221,9322.471,2000,5174.896,9378.134,2000,5033.499,9101.049,2000,5176.577,9221.245,2000,5091.524,9477.477,2000,5172.22,9226.58,2000,5182.909
9167.183,2000,4996.432,9329.972,2000,5295.921,9218.336,2000,4961.604,9165.143,2000,5315.242,9321.577,2000,5174.283,9377.189,2000,5032.967,9102.014,2000,5176.083,9221.068,2000,5092.593,9477.561,2000,5173.3,9226.467,2000,5183.986
9166.333,2000,4995.76,9329.52,2000,5294.937,9218.939,2000,4960.704,9165.639,2000,5314.278,9320.704,2000,5173.642,9376.229,2000,5032.467,9102.994,2000,5175.622,9220.857,2000,5093.656,9477.609,2000,5174.382,9226.318,2000,5185.06
9165.462,2000,4995.116,9329.065,2000,5293.953,9219.572,2000,4959.824,9166.152,2000,5313.325,9319.853,2000,5172.972,9375.252,2000,5031.999,9103.989,2000,5175.193,9220.611,2000,5094.711,9477.623,2000,5175.465,9226.135,2000,5186.127
9164.57,2000,4994.501,9328.61,2000,5292.97,9220.233,2000,4958.966,9166.666,2000,5312.371,9319.023,2000,5172.274,9374.261,2000,5031.563,9104.997,2000,5174.797,9220.331,2000,5095.757,9477.602,2000,5176.548,9225.916,2000,5187.188
9163.659,2000,4993.916,9328.153,2000,5291.988,9220.922,2000,4958.129,9167.179,2000,5311.417,9318.218,2000,5171.55,9373.255,2000,5031.16,9106.018,2000,5174.434,9220.017,2000,5096.794,9477.544,2000,5177.63,9225.663,2000,5188.242
9162.729,2000,4993.361,9327.694,2000,5291.007,9221.638,2000,4957.316,9167.691,2000,5310.462,9317.437,2000,5170.8,9372.237,2000,5030.789,9107.05,2000,5174.104,9219.668,2000,5097.82,9477.451,2000,5178.71,9225.376,2000,5189.286
9161.78,2000,4992.836,9327.233,2000,5290.026,9222.38,2000,4956.526,9168.203,2000,5309.507,9316.68,2000,5170.025,9371.208,2000,5030.452,9108.092,2000,5173.809,9219.286,2000,5098.833,9477.323,2000,5179.786,9225.055,2000,5190.321
9160.815,2000,4992.343,9326.771,2000,5289.047,9223.147,2000,4955.762,9168.714,2000,5308.551,9315.949,2000,5169.225,9370.168,2000,5030.149,9109.144,2000,5173.548,9218.871,2000,5099.834,9477.16,2000,5180.856,9224.699,2000,5191.344
9159.835,2000,4991.882,9326.306,2000,5288.068,9223.939,2000,4955.022,9169.224,2000,5307.596,9315.245,2000,5168.402,9369.118,2000,5029.88,9110.203,2000,5173.321,9218.424,2000,5100.821,9476.962,2000,5181.921,9224.311,2000,5192.355
9158.84,2000,4991.453,9325.839,2000,5287.091,9224.755,2000,4954.31,9169.732,2000,5306.64,9314.568,2000,5167.556,9368.061,2000,5029.646,9111.266,2000,5173.108,9217.944,2000,5101.793,9476.729,2000,5182.979,9223.89,2000,5193.354
9157.832,2000,4991.056,9325.37,2000,5286.114,9225.594,2000,4953.624,9170.24,2000,5305.683,9313.919,2000,5166.688,9366.996,2000,5029.446,9112.328,2000,5172.896,9217.434,2000,5102.749,9476.462,2000,5184.029,9223.436,2000,5194.337
9156.812,2000,4990.693,9324.899,2000,5285.139,9226.454,2000,4952.965,9170.747,2000,5304.725,9313.299,2000,5165.8,9365.926,2000,5029.281,9113.391,2000,5172.684,9216.892,2000,5103.687,9476.16,2000,5185.07,9222.95,2000,5195.306
9155.779,2000,4990.363,9324.427,2000,5284.164,9227.336,2000,4952.336,9171.253,2000,5303.767,9312.708,2000,5164.892,9364.851,2000,5029.152,9114.453,2000,5172.473,9216.319,2000,5104.606,9475.825,2000,5186.1,9222.433,2000,5196.258
9154.737,2000,4990.068,9323.951,2000,5283.19,9228.237,2000,4951.735,9171.758,2000,5302.809,9312.147,2000,5163.965,9363.771,2000,5029.058,9115.516,2000,5172.262,9215.718,2000,5105.507,9475.456,2000,5187.119,9221.885,2000,5197.192
9153.686,2000,4989.807,9323.474,2000,5282.218,9229.158,2000,4951.165,9172.262,2000,5301.85,9311.617,2000,5163.021,9362.689,2000,5028.999,9116.578,2000,5172.052,9215.087,2000,5106.388,9475.054,2000,5188.125,9221.307,2000,5198.108
9152.626,2000,4989.58,9322.994,2000,5281.247,9230.098,2000,4950.625,9172.765,2000,5300.89,9311.118,2000,5162.059,9361.606,2000,5028.975,9117.641,2000,5171.842,9214.428,2000,5107.247,9474.619,2000,5189.117,9220.726,2000,5199.022
9151.56,2000,4989.388,9322.513,2000,5280.276,9231.054,2000,4950.116,9173.266,2000,5299.93,9310.651,2000,5161.082,9360.523,2000,5028.987,9118.704,2000,5171.633,9213.74,2000,5108.084,9474.152,2000,5190.094,9220.153,2000,5199.942
9150.487,2000,4989.231,9322.028,2000,5279.307,9232.025,2000,4949.636,9173.766,2000,5298.969,9310.217,2000,5160.089,9359.441,2000,5029.035,9119.768,2000,5171.425,9213.026,2000,5108.899,9473.653,2000,5191.056,9219.589,2000,5200.867
9149.411,2000,4989.11,9321.542,2000,5278.339,9233,2000,4949.163,9174.265,2000,5298.007,9309.814,2000,5159.083,9358.361,2000,5029.118,9120.831,2000,5171.218,9212.286,2000,5109.689,9473.123,2000,5192.001,9219.033,2000,5201.797
9148.331,2000,4989.023,9321.054,2000,5277.372,9233.978,2000,4948.695,9174.762,2000,5297.044,9309.38,2000,5158.091,9357.284,2000,5029.236,9121.895,2000,5171.011,9211.521,2000,5110.456,9472.563,2000,5192.928,9218.509,2000,5202.745
9147.249,2000,4988.972,9320.563,2000,5276.406,9234.958,2000,4948.234,9175.258,2000,5296.082,9308.913,2000,5157.114,9356.212,2000,5029.389,9122.958,2000,5170.805,9210.729,2000,5111.196,9471.972,2000,5193.836,9218.016,2000,5203.709
9146.166,2000,4988.957,9320.069,2000,5275.442,9235.94,2000,4947.777,9175.753,2000,5295.118,9308.414,2000,5156.152,9355.146,2000,5029.578,9124.027,2000,5170.633,9209.915,2000,5111.911,9471.352,2000,5194.725,9217.554,2000,5204.689
9145.083,2000,4988.976,9319.573,2000,5274.479,9236.925,2000,4947.326,9176.279,2000,5294.171,9307.884,2000,5155.208,9354.085,2000,5029.801,9125.091,2000,5170.427,9209.077,2000,5112.598,9470.703,2000,5195.592,9217.124,2000,5205.684
9144.001,2000,4989.031,9319.075,2000,5273.517,9237.924,2000,4946.906,9176.836,2000,5293.242,9307.323,2000,5154.281,9353.032,2000,5030.059,9126.147,2000,5170.187,9208.218,2000,5113.257,9470.026,2000,5196.438,9216.728,2000,5206.692
9142.922,2000,4989.122,9318.574,2000,5272.556,9238.936,2000,4946.52,9177.423,2000,5292.331,9306.732,2000,5153.373,9351.989,2000,5030.351,9127.195,2000,5169.911,9207.337,2000,5113.888,9469.322,2000,5197.261,9216.364,2000,5207.712
9141.846,2000,4989.248,9318.07,2000,5271.597,9239.96,2000,4946.167,9178.039,2000,5291.44,9306.112,2000,5152.484,9350.956,2000,5030.676,9128.233,2000,5169.602,9206.437,2000,5114.49,9468.592,2000,5198.061,9216.034,2000,5208.744
9140.774,2000,4989.409,9317.563,2000,5270.64,9240.995,2000,4945.848,9178.685,2000,5290.57,9305.463,2000,5151.617,9349.935,2000,5031.036,9129.261,2000,5169.258,9205.517,2000,5115.063,9467.835,2000,5198.836,9215.738,2000,5209.786
9139.709,2000,4989.604,9317.054,2000,5269.684,9242.04,2000,4945.563,9179.357,2000,5289.721,9304.786,2000,5150.771,9348.925,2000,5031.428,9130.276,2000,5168.882,9204.578,2000,5115.604,9467.054,2000,5199.587,9215.477,2000,5210.837
9138.65,2000,4989.835,9316.541,2000,5268.729,9243.094,2000,4945.312,9180.059,2000,5288.895,9304.082,2000,5149.948,9347.929,2000,5031.854,9131.279,2000,5168.472,9203.623,2000,5116.115,9466.248,2000,5200.312,9215.25,2000,5211.896
9137.6,2000,4990.1,9316.025,2000,5267.776,9244.155,2000,4945.095,9180.786,2000,5288.092,9303.352,2000,5149.148,9346.947,2000,5032.312,9132.269,2000,5168.03,9202.651,2000,5116.594,9465.419,2000,5201.009,9215.058,2000,5212.962
9136.559,2000,4990.399,9315.507,2000,5266.825,9245.224,2000,4944.914,9181.539,2000,5287.313,9302.595,2000,5148.373,9345.981,2000,5032.802,9133.242,2000,5167.555,9201.665,2000,5117.041,9464.567,2000,5201.679,9214.9,2000,5214.034
9135.527,2000,4990.733,9314.985,2000,5265.875,9246.297,2000,4944.767,9182.317,2000,5286.56,9301.813,2000,5147.623,9345.031,2000,5033.323,9134.2,2000,5167.049,9200.664,2000,5117.456,9463.694,2000,5202.321,9214.778,2000,5215.111
9134.508,2000,4991.1,9314.461,2000,5264.927,9247.374,2000,4944.656,9183.12,2000,5285.833,9301.008,2000,5146.898,9344.099,2000,5033.875,9135.141,2000,5166.512,9199.65,2000,5117.837,9462.801,2000,5202.935,9214.691,2000,5216.191
9133.501,2000,4991.5,9313.934,2000,5263.98,9248.455,2000,4944.58,9183.946,2000,5285.131,9300.179,2000,5146.201,9343.185,2000,5034.457,9136.063,2000,5165.945,9198.625,2000,5118.185,9461.888,2000,5203.518,9214.64,2000,5217.273
9132.508,2000,4991.932,9313.403,2000,5263.036,9249.538,2000,4944.54,9184.795,2000,5284.458,9299.327,2000,5145.531,9342.29,2000,5035.068,9136.967,2000,5165.347,9197.588,2000,5118.5,9460.956,2000,5204.071,9214.624,2000,5218.356
9131.529,2000,4992.397,9312.87,2000,5262.093,9250.621,2000,4944.535,9185.665,2000,5283.812,9298.454,2000,5144.89,9341.416,2000,5035.709,9137.851,2000,5164.72,9196.541,2000,5118.78,9460.007,2000,5204.594,9214.644,2000,5219.439
9130.566,2000,4992.894,9312.334,2000,5261.152,9251.704,2000,4944.565,9186.556,2000,5283.195,9297.561,2000,5144.277,9340.563,2000,5036.378,9138.713,2000,5164.065,9195.486,2000,5119.026,9459.041,2000,5205.085,9214.698,2000,5220.521
9129.62,2000,4993.421,9311.794,2000,5260.212,9252.785,2000,4944.631,9187.466,2000,5282.608,9296.647,2000,5143.694,9339.733,2000,5037.074,9139.554,2000,5163.382,9194.424,2000,5119.237,9458.06,2000,5205.544,9214.788,2000,5221.601
9128.692,2000,4993.98,9311.251,2000,5259.275,9253.863,2000,4944.732,9188.395,2000,5282.051,9295.716,2000,5143.141,9338.927,2000,5037.797,9140.372,2000,5162.671,9193.354,2000,5119.414,9457.063,2000,5205.972,9214.914,2000,5222.677
9127.783,2000,4994.569,9310.705,2000,5258.339,9254.938,2000,4944.868,9189.342,2000,5281.524,9294.767,2000,5142.618,9338.145,2000,5038.546,9141.166,2000,5161.935,9192.28,2000,5119.555,9456.055,2000,5206.366,9215.075,2000,5223.748
9126.894,2000,4995.187,9310.155,2000,5257.406,9256.008,2000,4945.04,9190.306,2000,5281.029,9293.801,2000,5142.127,9337.387,2000,5039.321,9141.936,2000,5161.172,9191.202,2000,5119.661,9455.033,2000,5206.727,9215.271,2000,5224.813
9126.024,2000,4995.834,9309.637,2000,5256.455,9257.071,2000,4945.246,9191.285,2000,5280.566,9292.819,2000,5141.668,9336.63,2000,5040.096,9142.68,2000,5160.385,9190.121,2000,5119.731,9454.001,2000,5207.054,9215.501,2000,5225.872
9125.177,2000,4996.509,9309.149,2000,5255.487,9258.128,2000,4945.487,9192.279,2000,5280.135,9291.823,2000,5141.242,9335.872,2000,5040.87,9143.397,2000,5159.574,9189.038,2000,5119.767,9452.958,2000,5207.347,9215.766,2000,5226.922
9124.352,2000,4997.211,9308.694,2000,5254.504,9259.176,2000,4945.763,9193.287,2000,5279.736,9290.814,2000,5140.848,9335.114,2000,5041.644,9144.089,2000,5158.74,9187.955,2000,5119.767,9451.906,2000,5207.606,9216.064,2000,5227.963
9123.55,2000,4997.94,9308.271,2000,5253.506,9260.214,2000,4946.072,9194.307,2000,5279.371,9289.793,2000,5140.487,9334.355,2000,5042.417,9144.753,2000,5157.884,9186.872,2000,5119.731,9450.847,2000,5207.831,9216.397,2000,5228.994
9122.772,2000,4998.695,9307.882,2000,5252.496,9261.241,2000,4946.416,9195.338,2000,5279.04,9288.76,2000,5140.16,9333.597,2000,5043.19,9145.389,2000,5157.006,9185.791,2000,5119.66,9449.78,2000,5208.021,9216.696,2000,5230.035
9122.021,2000,4999.475,9307.525,2000,5251.473,9262.257,2000,4946.792,9196.38,2000,5278.742,9287.717,2000,5139.867,9332.837,2000,5043.963,9145.995,2000,5156.108,9184.713,2000,5119.554,9448.708,2000,5208.176,9216.961,2000,5231.085
9121.295,2000,5000.279,9307.202,2000,5250.438,9263.26,2000,4947.203,9197.431,2000,5278.479,9286.665,2000,5139.608,9332.077,2000,5044.735,9146.571,2000,5155.191,9183.639,2000,5119.412,9447.631,2000,5208.295,9217.191,2000,5232.144
9120.596,2000,5001.106,9306.913,2000,5249.395,9264.249,2000,4947.645,9198.489,2000,5278.25,9285.605,2000,5139.384,9331.316,2000,5045.506,9147.117,2000,5154.256,9182.569,2000,5119.235,9446.551,2000,5208.38,9217.387,2000,5233.209
9119.924,2000,5001.956,9306.658,2000,5248.342,9265.223,2000,4948.12,9199.555,2000,5278.055,9284.539,2000,5139.194,9330.556,2000,5046.277,9147.633,2000,5153.303,9181.507,2000,5119.024,9445.469,2000,5208.429,9217.548,2000,5234.281
9119.28,2000,5002.828,9306.438,2000,5247.281,9266.181,2000,4948.626,9200.626,2000,5277.896,9283.467,2000,5139.04,9329.794,2000,5047.048,9148.116,2000,5152.333,9180.452,2000,5118.778,9444.386,2000,5208.442,9217.674,2000,5235.357
9118.665,2000,5003.72,9306.252,2000,5246.214,9267.121,2000,4949.163,9201.702,2000,5277.772,9282.39,2000,5138.921,9329.032,2000,5047.818,9148.568,2000,5151.349,9179.405,2000,5118.498,9443.303,2000,5208.42,9217.764,2000,5236.437
9118.08,2000,5004.631,9306.102,2000,5245.141,9268.044,2000,4949.731,9202.782,2000,5277.683,9281.31,2000,5138.837,9328.271,2000,5048.588,9148.987,2000,5150.35,9178.368,2000,5118.183,9442.221,2000,5208.363,9217.818,2000,5237.519
9117.524,2000,5005.562,9305.986,2000,5244.064,9268.947,2000,4950.329,9203.864,2000,5277.63,9280.228,2000,5138.788,9327.508,2000,5049.357,9149.374,2000,5149.338,9177.343,2000,5117.835,9441.142,2000,5208.271,9217.838,2000,5238.602
9117,2000,5006.509,9305.906,2000,5242.983,9269.831,2000,4950.956,9204.947,2000,5277.612,9279.145,2000,5138.775,9326.745,2000,5050.126,9149.728,2000,5148.314,9176.329,2000,5117.453,9440.065,2000,5208.143,9217.822,2000,5239.685
9116.507,2000,5007.474,9305.861,2000,5241.901,9270.693,2000,4951.611,9206.03,2000,5277.629,9278.062,2000,5138.797,9325.957,2000,5050.87,9150.047,2000,5147.279,9175.328,2000,5117.039,9438.994,2000,5207.979,9217.771,2000,5240.767
9116.046,2000,5008.454,9305.853,2000,5240.817,9271.534,2000,4952.294,9207.112,2000,5277.683,9276.979,2000,5138.855,9325.146,2000,5051.587,9150.332,2000,5146.234,9174.342,2000,5116.591,9437.929,2000,5207.781,9217.684,2000,5241.847
9115.617,2000,5009.448,9305.879,2000,5239.734,9272.352,2000,4953.005,9208.192,2000,5277.771,9275.9,2000,5138.948,9324.311,2000,5052.278,9150.583,2000,5145.18,9173.37,2000,5116.112,9436.871,2000,5207.548,9217.562,2000,5242.923
9115.221,2000,5010.457,9305.94,2000,5238.653,9273.146,2000,4953.742,9209.269,2000,5277.895,9274.824,2000,5139.077,9323.453,2000,5052.94,9150.8,2000,5144.119,9172.415,2000,5115.602,9435.821,2000,5207.281,9217.404,2000,5243.995
9114.857,2000,5011.477,9306.037,2000,5237.574,9273.915,2000,4954.504,9210.34,2000,5278.053,9273.753,2000,5139.24,9322.575,2000,5053.575,9150.981,2000,5143.051,9171.477,2000,5115.06,9434.781,2000,5206.979,9217.212,2000,5245.061
9114.528,2000,5012.509,9306.17,2000,5236.499,9274.659,2000,4955.292,9211.405,2000,5278.247,9272.688,2000,5139.438,9321.677,2000,5054.18,9151.128,2000,5141.978,9170.557,2000,5114.488,9433.747,2000,5206.658,9216.985,2000,5246.12
9114.232,2000,5013.552,9306.338,2000,5235.428,9275.377,2000,4956.103,9212.464,2000,5278.476,9271.63,2000,5139.671,9320.759,2000,5054.756,9151.239,2000,5140.9,9169.656,2000,5113.886,9432.712,2000,5206.337,9216.724,2000,5247.171
9113.971,2000,5014.603,9306.54,2000,5234.364,9276.068,2000,4956.937,9213.515,2000,5278.739,9270.58,2000,5139.939,9319.822,2000,5055.301,9151.315,2000,5139.819,9168.775,2000,5113.255,9431.677,2000,5206.018,9216.428,2000,5248.213
9113.744,2000,5015.663,9306.777,2000,5233.307,9276.731,2000,4957.793,9214.557,2000,5279.036,9269.54,2000,5140.241,9318.869,2000,5055.815,9151.356,2000,5138.737,9167.916,2000,5112.595,9430.642,2000,5205.699,9216.098,2000,5249.245
9113.552,2000,5016.729,9307.049,2000,5232.258,9277.366,2000,4958.671,9215.588,2000,5279.367,9268.51,2000,5140.577,9317.899,2000,5056.298,9151.361,2000,5137.653,9167.079,2000,5111.908,9429.605,2000,5205.381,9215.734,2000,5250.266
9113.395,2000,5017.801,9307.354,2000,5231.219,9277.973,2000,4959.569,9216.608,2000,5279.732,9267.47,2000,5140.878,9316.914,2000,5056.749,9151.331,2000,5136.57,9166.265,2000,5111.193,9428.569,2000,5205.064,9215.338,2000,5251.274
9113.272,2000,5018.877,9307.694,2000,5230.19,9278.549,2000,4960.486,9217.616,2000,5280.13,9266.42,2000,5141.146,9315.915,2000,5057.167,9151.266,2000,5135.489,9165.474,2000,5110.453,9427.533,2000,5204.748,9214.908,2000,5252.269
9113.186,2000,5019.958,9308.067,2000,5229.173,9279.095,2000,4961.422,9218.61,2000,5280.561,9265.362,2000,5141.379,9314.902,2000,5057.553,9151.165,2000,5134.41,9164.708,2000,5109.687,9426.497,2000,5204.433,9214.446,2000,5253.249
9113.135,2000,5021.04,9308.474,2000,5228.168,9279.609,2000,4962.375,9219.59,2000,5281.023,9264.297,2000,5141.577,9313.878,2000,5057.905,9151.029,2000,5133.335,9163.968,2000,5108.896,9425.46,2000,5204.119,9213.953,2000,5254.213
9113.119,2000,5022.123,9308.912,2000,5227.178,9280.093,2000,4963.344,9220.554,2000,5281.518,9263.226,2000,5141.741,9312.843,2000,5058.223,9150.858,2000,5132.266,9163.254,2000,5108.082,9424.423,2000,5203.806,9213.429,2000,5255.161
9113.068,2000,5023.205,9309.383,2000,5226.202,9280.545,2000,4964.329,9221.501,2000,5282.044,9262.149,2000,5141.869,9311.798,2000,5058.507,9150.652,2000,5131.202,9162.566,2000,5107.244,9423.386,2000,5203.494,9212.873,2000,5256.091
9112.981,2000,5024.285,9309.886,2000,5225.243,9281.028,2000,4965.298,9222.431,2000,5282.601,9261.07,2000,5141.962,9310.763,2000,5058.826,9150.411,2000,5130.146,9161.907,2000,5106.385,9422.348,2000,5203.183,9212.287,2000,5257.002
9112.859,2000,5025.361,9310.42,2000,5224.3,9281.543,2000,4966.251,9223.341,2000,5283.188,9259.988,2000,5142.02,9309.738,2000,5059.178,9150.136,2000,5129.098,9161.276,2000,5105.504,9421.31,2000,5202.873,9211.672,2000,5257.894
9112.702,2000,5026.433,9310.984,2000,5223.375,9282.089,2000,4967.187,9224.231,2000,5283.804,9258.905,2000,5142.042,9308.726,2000,5059.563,9149.826,2000,5128.06,9160.675,2000,5104.603,9420.271,2000,5202.563,9211.028,2000,5258.765
9112.51,2000,5027.5,9311.579,2000,5222.469,9282.665,2000,4968.104,9225.102,2000,5284.449,9257.822,2000,5142.057,9307.727,2000,5059.981,9149.483,2000,5127.033,9160.103,2000,5103.683,9419.233,2000,5202.254,9210.356,2000,5259.615
9112.283,2000,5028.559,9312.203,2000,5221.583,9283.271,2000,4969.002,9225.95,2000,5285.122,9256.739,2000,5142.08,9306.741,2000,5060.432,9149.106,2000,5126.017,9159.561,2000,5102.745,9418.194,2000,5201.947,9209.657,2000,5260.442
9112.021,2000,5029.61,9312.855,2000,5220.719,9283.906,2000,4969.88,9226.776,2000,5285.823,9255.656,2000,5142.112,9305.771,2000,5060.915,9148.696,2000,5125.014,9159.05,2000,5101.79,9417.155,2000,5201.64,9208.931,2000,5261.246
9111.726,2000,5030.653,9313.536,2000,5219.875,9284.569,2000,4970.736,9227.579,2000,5286.55,9254.573,2000,5142.153,9304.818,2000,5061.429,9148.254,2000,5124.025,9158.57,2000,5100.818,9416.116,2000,5201.333,9208.179,2000,5262.025
9111.396,2000,5031.685,9314.243,2000,5219.055,9285.261,2000,4971.571,9228.357,2000,5287.304,9253.491,2000,5142.203,9303.882,2000,5061.975,9147.779,2000,5123.051,9158.123,2000,5099.831,9415.077,2000,5201.028,9207.401,2000,5262.78
9111.033,2000,5032.706,9314.978,2000,5218.258,9285.979,2000,4972.382,9229.111,2000,5288.082,9252.409,2000,5142.262,9302.964,2000,5062.55,9147.273,2000,5122.093,9157.709,2000,5098.83,9414.037,2000,5200.724,9206.6,2000,5263.509
9110.637,2000,5033.714,9315.737,2000,5217.486,9286.723,2000,4973.169,9229.843,2000,5288.881,9251.328,2000,5142.329,9302.065,2000,5063.156,9146.736,2000,5121.152,9157.327,2000,5097.816,9413.008,2000,5200.385,9205.774,2000,5264.211
9110.208,2000,5034.708,9316.521,2000,5216.739,9287.492,2000,4973.932,9230.6,2000,5289.656,9250.247,2000,5142.404,9301.188,2000,5063.79,9146.169,2000,5120.229,9156.979,2000,5096.79,9411.99,2000,5200.014,9204.927,2000,5264.886
9109.747,2000,5035.688,9317.33,2000,5216.018,9288.286,2000,4974.668,9231.379,2000,5290.409,9249.167,2000,5142.487,9300.33,2000,5064.453,9145.571,2000,5119.326,9156.664,2000,5095.753,9410.985,2000,5199.609,9204.058,2000,5265.532
9109.254,2000,5036.653,9318.114,2000,5215.271,9289.104,2000,4975.379,9232.18,2000,5291.138,9248.09,2000,5142.605,9299.495,2000,5065.143,9144.944,2000,5118.442,9156.384,2000,5094.707,9409.994,2000,5199.171,9203.168,2000,5266.15
9108.729,2000,5037.601,9318.874,2000,5214.498,9289.944,2000,4976.063,9233.001,2000,5291.845,9247.018,2000,5142.758,9298.684,2000,5065.86,9144.289,2000,5117.579,9156.138,2000,5093.652,9409.018,2000,5198.702,9202.259,2000,5266.739
9108.174,2000,5038.531,9319.608,2000,5213.701,9290.807,2000,4976.718,9233.84,2000,5292.53,9245.951,2000,5142.947,9297.896,2000,5066.604,9143.605,2000,5116.738,9155.927,2000,5092.589,9408.058,2000,5198.2,9201.33,2000,5267.297
9107.589,2000,5039.442,9320.315,2000,5212.881,9291.69,2000,4977.345,9234.695,2000,5293.194,9244.891,2000,5143.17,9297.133,2000,5067.373,9142.896,2000,5115.92,9155.75,2000,5091.521,9407.114,2000,5197.667,9200.384,2000,5267.825
9106.974,2000,5040.334,9320.996,2000,5212.038,9292.594,2000,4977.942,9235.566,2000,5293.838,9243.839,2000,5143.428,9296.396,2000,5068.167,9142.159,2000,5115.126,9155.608,2000,5090.446,9406.188,2000,5197.104,9199.421,2000,5268.322
9106.33,2000,5041.206,9321.648,2000,5211.173,9293.517,2000,4978.51,9236.451,2000,5294.463,9242.796,2000,5143.72,9295.685,2000,5068.984,9141.396,2000,5114.356,9155.502,2000,5089.368,9405.282,2000,5196.511,9198.442,2000,5268.787
9105.658,2000,5042.056,9322.272,2000,5210.287,9294.457,2000,4979.047,9237.349,2000,5295.07,9241.763,2000,5144.046,9295.001,2000,5069.824,9140.609,2000,5113.612,9155.432,2000,5088.287,9404.396,2000,5195.889,9197.449,2000,5269.219
9104.959,2000,5042.883,9322.867,2000,5209.381,9295.415,2000,4979.554,9238.258,2000,5295.659,9240.741,2000,5144.406,9294.345,2000,5070.686,9139.799,2000,5112.894,9155.396,2000,5087.205,9403.529,2000,5195.237,9196.442,2000,5269.619
9104.233,2000,5043.687,9323.432,2000,5208.457,9296.389,2000,4980.028,9239.178,2000,5296.231,9239.731,2000,5144.799,9293.717,2000,5071.568,9138.965,2000,5112.203,9155.396,2000,5086.121,9402.686,2000,5194.558,9195.423,2000,5269.986
9103.481,2000,5044.467,9323.966,2000,5207.514,9297.378,2000,4980.471,9240.106,2000,5296.789,9238.735,2000,5145.225,9293.118,2000,5072.471,9138.108,2000,5111.539,9155.432,2000,5085.039,9401.864,2000,5193.852,9194.392,2000,5270.319
9102.704,2000,5045.222,9324.469,2000,5206.554,9298.381,2000,4980.881,9241.044,2000,5297.332,9237.754,2000,5145.683,9292.55,2000,5073.394,9137.23,2000,5110.904,9155.503,2000,5083.958,9401.066,2000,5193.119,9193.351,2000,5270.618
9101.902,2000,5045.951,9324.939,2000,5205.579,9299.396,2000,4981.258,9241.989,2000,5297.861,9236.788,2000,5146.172,9292.012,2000,5074.334,9136.333,2000,5110.297,9155.609,2000,5082.879,9400.293,2000,5192.36,9192.3,2000,5270.883
9101.077,2000,5046.653,9325.378,2000,5204.588,9300.424,2000,4981.601,9242.941,2000,5298.378,9235.839,2000,5146.694,9291.505,2000,5075.292,9135.416,2000,5109.721,9155.751,2000,5081.805,9399.545,2000,5191.576,9191.241,2000,5271.113
9100.229,2000,5047.328,9325.784,2000,5203.583,9301.462,2000,4981.911,9243.899,2000,5298.883,9234.907,2000,5147.246,9291.029,2000,5076.265,9134.48,2000,5109.174,9155.928,2000,5080.736,9398.823,2000,5190.769,9190.176,2000,5271.309
9099.36,2000,5047.975,9326.157,2000,5202.566,9302.51,2000,4982.186,9244.863,2000,5299.378,9233.994,2000,5147.829,9290.586,2000,5077.253,9133.527,2000,5108.659,9156.139,2000,5079.674,9398.128,2000,5189.938,9189.104,2000,5271.47
9098.471,2000,5048.593,9326.497,2000,5201.538,9303.566,2000,4982.427,9245.832,2000,5299.863,9233.101,2000,5148.44,9290.175,2000,5078.256,9132.558,2000,5108.175,9156.385,2000,5078.619,9397.46,2000,5189.085,9188.028,2000,5271.595
9097.562,2000,5049.182,9326.803,2000,5200.499,9304.63,2000,4982.634,9246.806,2000,5300.339,9232.228,2000,5149.081,9289.797,2000,5079.271,9131.573,2000,5107.724,9156.665,2000,5077.572,9396.82,2000,5188.21,9186.949,2000,5271.686
9096.634,2000,5049.741,9327.074,2000,5199.45,9305.699,2000,4982.805,9247.783,2000,5300.807,9231.375,2000,5149.75,9289.452,2000,5080.298,9130.574,2000,5107.304,9156.979,2000,5076.536,9396.21,2000,5187.315,9185.867,2000,5271.74
9095.688,2000,5050.269,9327.312,2000,5198.393,9306.774,2000,4982.941,9248.764,2000,5301.267,9230.545,2000,5150.447,9289.142,2000,5081.336,9129.563,2000,5106.917,9157.328,2000,5075.51,9395.629,2000,5186.401,9184.784,2000,5271.76
9094.725,2000,5050.765,9327.514,2000,5197.328,9307.853,2000,4983.042,9249.747,2000,5301.721,9229.738,2000,5151.17,9288.865,2000,5082.384,9128.538,2000,5106.564,9157.71,2000,5074.496,9395.078,2000,5185.468,9183.701,2000,5271.744
9093.746,2000,5051.23,9327.682,2000,5196.258,9308.928,2000,4983.179,9250.733,2000,5302.168,9228.956,2000,5151.919,9288.623,2000,5083.44,9127.503,2000,5106.245,9158.125,2000,5073.495,9394.559,2000,5184.517,9182.619,2000,5271.692
9092.753,2000,5051.663,9327.814,2000,5195.183,9309.997,2000,4983.35,9251.723,2000,5302.611,9228.198,2000,5152.694,9288.416,2000,5084.503,9126.458,2000,5105.959,9158.572,2000,5072.508,9394.07,2000,5183.55,9181.539,2000,5271.605
9091.746,2000,5052.063,9327.911,2000,5194.104,9311.061,2000,4983.557,9252.714,2000,5303.049,9227.467,2000,5153.493,9288.243,2000,5085.573,9125.404,2000,5105.708,9159.052,2000,5071.537,9393.613,2000,5182.568,9180.463,2000,5271.483
9090.727,2000,5052.429,9327.973,2000,5193.022,9312.117,2000,4983.798,9253.707,2000,5303.482,9226.744,2000,5154.3,9288.105,2000,5086.647,9124.343,2000,5105.492,9159.563,2000,5070.581,9393.189,2000,5181.571,9179.391,2000,5271.326
9089.695,2000,5052.763,9327.999,2000,5191.939,9313.165,2000,4984.073,9254.701,2000,5303.913,9226.017,2000,5155.102,9288.003,2000,5087.726,9123.274,2000,5105.311,9160.104,2000,5069.643,9392.798,2000,5180.561,9178.324,2000,5271.134
9088.654,2000,5053.062,9327.99,2000,5190.855,9314.203,2000,4984.383,9255.696,2000,5304.34,9225.283,2000,5155.899,9287.937,2000,5088.807,9122.201,2000,5105.164,9160.677,2000,5068.723,9392.439,2000,5179.538,9177.265,2000,5270.907
9087.604,2000,5053.327,9327.945,2000,5189.773,9315.23,2000,4984.726,9256.692,2000,5304.765,9224.544,2000,5156.691,9287.905,2000,5089.89,9121.124,2000,5105.053,9161.278,2000,5067.822,9392.115,2000,5178.504,9176.213,2000,5270.645
9086.545,2000,5053.558,9327.865,2000,5188.692,9316.246,2000,4985.103,9257.689,2000,5305.188,9223.799,2000,5157.478,9287.909,2000,5090.974,9120.043,2000,5104.977,9161.909,2000,5066.942,9391.825,2000,5177.461,9175.171,2000,5270.349
9085.479,2000,5053.753,9327.75,2000,5187.615,9317.249,2000,4985.513,9258.688,2000,5305.609,9223.047,2000,5158.257,9287.949,2000,5092.056,9118.96,2000,5104.936,9162.568,2000,5066.083,9391.569,2000,5176.408,9174.139,2000,5270.02
9084.408,2000,5053.915,9327.6,2000,5186.542,9318.238,2000,4985.956,9259.686,2000,5306.029,9222.288,2000,5159.031,9288.024,2000,5093.137,9117.877,2000,5104.931,9163.256,2000,5065.245,9391.348,2000,5175.348,9173.118,2000,5269.656
9083.332,2000,5054.041,9327.414,2000,5185.475,9319.212,2000,4986.43,9260.685,2000,5306.449,9221.523,2000,5159.798,9288.135,2000,5094.214,9116.794,2000,5104.961,9163.97,2000,5064.431,9391.161,2000,5174.281,9172.11,2000,5269.26
9082.253,2000,5054.131,9327.193,2000,5184.415,9320.17,2000,4986.937,9261.684,2000,5306.868,9220.752,2000,5160.558,9288.28,2000,5095.288,9115.713,2000,5105.026,9164.71,2000,5063.64,9391.01,2000,5173.208,9171.111,2000,5268.84
9081.171,2000,5054.186,9326.938,2000,5183.362,9321.11,2000,4987.474,9262.683,2000,5307.288,9219.973,2000,5161.311,9288.461,2000,5096.356,9114.634,2000,5105.127,9165.476,2000,5062.874,9390.894,2000,5172.131,9170.112,2000,5268.421
9080.088,2000,5054.206,9326.649,2000,5182.318,9322.033,2000,4988.042,9263.694,2000,5307.674,9219.187,2000,5162.057,9288.677,2000,5097.418,9113.559,2000,5105.264,9166.267,2000,5062.133,9390.813,2000,5171.051,9169.128,2000,5267.969
9079.005,2000,5054.19,9326.326,2000,5181.284,9322.937,2000,4988.639,9264.719,2000,5308.028,9218.394,2000,5162.794,9288.927,2000,5098.472,9112.489,2000,5105.435,9167.081,2000,5061.419,9390.767,2000,5169.968,9168.158,2000,5267.485
9077.923,2000,5054.139,9325.97,2000,5180.261,9323.82,2000,4989.266,9265.754,2000,5308.348,9217.593,2000,5163.524,9289.211,2000,5099.518,9111.426,2000,5105.641,9167.919,2000,5060.732,9390.756,2000,5168.885,9167.205,2000,5266.97
9076.843,2000,5054.052,9325.58,2000,5179.25,9324.683,2000,4989.921,9266.799,2000,5308.633,9216.785,2000,5164.246,9289.529,2000,5100.553,9110.369,2000,5105.882,9168.778,2000,5060.072,9390.781,2000,5167.802,9166.27,2000,5266.424
9075.767,2000,5053.931,9325.157,2000,5178.252,9325.523,2000,4990.605,9267.853,2000,5308.885,9215.97,2000,5164.96,9289.882,2000,5101.578,9109.321,2000,5106.157,9169.659,2000,5059.441,9390.842,2000,5166.72,9165.353,2000,5265.847
9074.694,2000,5053.774,9324.702,2000,5177.27,9326.341,2000,4991.315,9268.914,2000,5309.102,9215.147,2000,5165.665,9290.268,2000,5102.59,9108.283,2000,5106.467,9170.56,2000,5058.839,9390.938,2000,5165.641,9164.455,2000,5265.241
9073.628,2000,5053.582,9324.215,2000,5176.302,9327.135,2000,4992.052,9269.982,2000,5309.284,9214.317,2000,5166.362,9290.686,2000,5103.589,9107.256,2000,5106.81,9171.479,2000,5058.267,9391.068,2000,5164.566,9163.577,2000,5264.606
9072.568,2000,5053.355,9323.696,2000,5175.351,9327.904,2000,4992.815,9271.056,2000,5309.431,9213.48,2000,5167.05,9291.137,2000,5104.574,9106.24,2000,5107.187,9172.418,2000,5057.726,9391.234,2000,5163.496,9162.721,2000,5263.942
9071.517,2000,5053.094,9323.146,2000,5174.417,9328.648,2000,4993.602,9272.133,2000,5309.542,9212.637,2000,5167.729,9291.619,2000,5105.544,9105.237,2000,5107.596,9173.373,2000,5057.215,9391.436,2000,5162.431,9161.887,2000,5263.251
9070.475,2000,5052.799,9322.566,2000,5173.502,9329.366,2000,4994.413,9273.214,2000,5309.619,9211.815,2000,5168.436,9292.134,2000,5106.498,9104.248,2000,5108.039,9174.312,2000,5056.673,9391.671,2000,5161.374,9161.075,2000,5262.533
9069.442,2000,5052.469,9321.957,2000,5172.606,9330.058,2000,4995.248,9274.297,2000,5309.66,9210.972,2000,5169.115,9292.679,2000,5107.434,9103.274,2000,5108.513,9175.231,2000,5056.101,9391.941,2000,5160.325,9160.288,2000,5261.789
9068.422,2000,5052.106,9321.318,2000,5171.731,9330.721,2000,4996.104,9275.38,2000,5309.665,9210.105,2000,5169.766,9293.254,2000,5108.352,9102.316,2000,5109.019,9176.132,2000,5055.499,9392.246,2000,5159.286,9159.525,2000,5261.019
9067.414,2000,5051.709,9320.651,2000,5170.877,9331.355,2000,4996.981,9276.463,2000,5309.635,9209.219,2000,5170.388,9293.859,2000,5109.25,9101.376,2000,5109.556,9177.013,2000,5054.868,9392.584,2000,5158.256,9158.789,2000,5260.225
9066.419,2000,5051.28,9319.957,2000,5170.045,9331.962,2000,4997.879,9277.544,2000,5309.57,9208.313,2000,5170.981,9294.494,2000,5110.128,9100.453,2000,5110.124,9177.891,2000,5054.233,9392.956,2000,5157.239,9158.079,2000,5259.407
9065.438,2000,5050.819,9319.236,2000,5169.237,9332.538,2000,4998.797,9278.623,2000,5309.469,9207.387,2000,5171.544,9295.157,2000,5110.985,9099.55,2000,5110.721,9178.77,2000,5053.6,9393.361,2000,5156.234,9157.396,2000,5258.566
9064.474,2000,5050.326,9318.489,2000,5168.452,9333.084,2000,4999.732,9279.698,2000,5309.333,9206.443,2000,5172.077,9295.848,2000,5111.82,9098.666,2000,5111.348,9179.648,2000,5052.966,9393.799,2000,5155.243,9156.74,2000,5257.703
9063.525,2000,5049.801,9317.717,2000,5167.692,9333.599,2000,5000.686,9280.768,2000,5309.163,9205.483,2000,5172.579,9296.565,2000,5112.632,9097.804,2000,5112.003,9180.527,2000,5052.332,9394.269,2000,5154.267,9156.057,2000,5256.862
9062.595,2000,5049.246,9316.92,2000,5166.958,9334.082,2000,5001.655,9281.831,2000,5308.957,9204.507,2000,5173.048,9297.309,2000,5113.42,9096.963,2000,5112.687,9181.427,2000,5051.728,9394.77,2000,5153.306,9155.347,2000,5256.044
9061.684,2000,5048.661,9316.1,2000,5166.251,9334.534,2000,5002.64,9282.888,2000,5308.716,9203.516,2000,5173.486,9298.077,2000,5114.184,9096.145,2000,5113.397,9182.345,2000,5051.153,9395.302,2000,5152.363,9154.61,2000,5255.25
9060.792,2000,5048.046,9315.257,2000,5165.571,9334.953,2000,5003.639,9283.936,2000,5308.441,9202.511,2000,5173.891,9298.871,2000,5114.921,9095.351,2000,5114.134,9183.281,2000,5050.608,9395.865,2000,5151.438,9153.848,2000,5254.48
9059.921,2000,5047.402,9314.392,2000,5164.918,9335.34,2000,5004.651,9284.974,2000,5308.132,9201.493,2000,5174.262,9299.688,2000,5115.633,9094.581,2000,5114.896,9184.235,2000,5050.095,9396.458,2000,5150.531,9153.061,2000,5253.736
9059.071,2000,5046.73,9313.506,2000,5164.295,9335.692,2000,5005.675,9286.001,2000,5307.789,9200.464,2000,5174.601,9300.528,2000,5116.317,9093.837,2000,5115.683,9185.205,2000,5049.613,9397.08,2000,5149.644,9152.249,2000,5253.018
9058.244,2000,5046.031,9312.6,2000,5163.701,9336.012,2000,5006.71,9287.017,2000,5307.413,9199.424,2000,5174.905,9301.391,2000,5116.973,9093.119,2000,5116.494,9186.19,2000,5049.163,9397.731,2000,5148.778,9151.415,2000,5252.327
9057.44,2000,5045.305,9311.675,2000,5163.136,9336.297,2000,5007.755,9288.02,2000,5307.003,9198.375,2000,5175.175,9302.273,2000,5117.601,9092.428,2000,5117.328,9187.19,2000,5048.745,9398.41,2000,5147.934,9150.559,2000,5251.663
9056.66,2000,5044.553,9310.732,2000,5162.603,9336.548,2000,5008.809,9289.009,2000,5306.561,9197.317,2000,5175.411,9303.177,2000,5118.199,9091.764,2000,5118.185,9188.203,2000,5048.36,9399.116,2000,5147.113,9149.681,2000,5251.028
9055.905,2000,5043.776,9309.772,2000,5162.1,9336.764,2000,5009.871,9289.982,2000,5306.087,9196.253,2000,5175.612,9304.099,2000,5118.768,9091.128,2000,5119.062,9189.228,2000,5048.009,9399.849,2000,5146.315,9148.783,2000,5250.422
9055.176,2000,5042.975,9308.797,2000,5161.629,9336.945,2000,5010.938,9290.94,2000,5305.581,9195.183,2000,5175.778,9305.039,2000,5119.306,9090.521,2000,5119.96,9190.264,2000,5047.692,9400.607,2000,5145.542,9147.866,2000,5249.845
9054.474,2000,5042.15,9307.807,2000,5161.19,9337.092,2000,5012.012,9291.882,2000,5305.044,9194.107,2000,5175.909,9305.996,2000,5119.813,9089.945,2000,5120.877,9191.31,2000,5047.409,9401.391,2000,5144.793,9146.931,2000,5249.299
9053.799,2000,5041.303,9306.803,2000,5160.784,9337.203,2000,5013.089,9292.805,2000,5304.477,9193.028,2000,5176.004,9306.97,2000,5120.288,9089.399,2000,5121.813,9192.364,2000,5047.16,9402.198,2000,5144.071,9145.978,2000,5248.784
9053.152,2000,5040.434,9305.786,2000,5160.411,9337.279,2000,5014.17,9293.709,2000,5303.879,9191.946,2000,5176.065,9307.958,2000,5120.731,9088.884,2000,5122.766,9193.426,2000,5046.945,9403.029,2000,5143.376,9145.008,2000,5248.3
9052.534,2000,5039.544,9304.758,2000,5160.071,9337.319,2000,5015.252,9294.593,2000,5303.253,9190.863,2000,5176.09,9308.96,2000,5121.142,9088.4,2000,5123.735,9194.494,2000,5046.766,9403.883,2000,5142.708,9144.023,2000,5247.848
9051.945,2000,5038.635,9303.719,2000,5159.765,9337.324,2000,5016.336,9295.456,2000,5302.598,9189.78,2000,5176.079,9309.976,2000,5121.52,9087.948,2000,5124.719,9195.567,2000,5046.621,9404.757,2000,5142.068,9143.024,2000,5247.429
9051.387,2000,5037.707,9302.67,2000,5159.494,9337.294,2000,5017.419,9296.297,2000,5301.915,9188.698,2000,5176.033,9311.003,2000,5121.864,9087.529,2000,5125.718,9196.646,2000,5046.512,9405.651,2000,5141.458,9142.013,2000,5247.042
9050.858,2000,5036.761,9301.613,2000,5159.256,9337.229,2000,5018.5,9297.115,2000,5301.205,9187.618,2000,5175.952,9312.041,2000,5122.175,9087.143,2000,5126.73,9197.727,2000,5046.438,9406.565,2000,5140.877,9140.988,2000,5246.689
9050.361,2000,5035.798,9300.549,2000,5159.054,9337.127,2000,5019.579,9297.91,2000,5300.468,9186.541,2000,5175.835,9313.089,2000,5122.451,9086.789,2000,5127.754,9198.81,2000,5046.399,9407.498,2000,5140.326,9139.953,2000,5246.37
9049.896,2000,5034.82,9299.479,2000,5158.886,9336.99,2000,5020.654,9298.68,2000,5299.706,9185.469,2000,5175.683,9314.145,2000,5122.693,9086.47,2000,5128.79,9199.893,2000,5046.396,9408.448,2000,5139.806,9138.908,2000,5246.084
9049.464,2000,5033.827,9298.403,2000,5158.754,9336.818,2000,5021.724,9299.424,2000,5298.919,9184.401,2000,5175.496,9315.208,2000,5122.901,9086.185,2000,5129.834,9200.976,2000,5046.428,9409.415,2000,5139.318,9137.854,2000,5245.833
9049.063,2000,5032.82,9297.324,2000,5158.657,9336.612,2000,5022.787,9300.143,2000,5298.108,9183.341,2000,5175.274,9316.277,2000,5123.073,9085.934,2000,5130.888,9202.057,2000,5046.496,9410.397,2000,5138.861,9136.793,2000,5245.617
9048.696,2000,5031.8,9296.242,2000,5158.595,9336.371,2000,5023.843,9300.834,2000,5297.274,9182.288,2000,5175.018,9317.352,2000,5123.21,9085.717,2000,5131.95,9203.135,2000,5046.599,9411.395,2000,5138.437,9135.725,2000,5245.435
9048.363,2000,5030.77,9295.159,2000,5158.568,9336.096,2000,5024.891,9301.498,2000,5296.418,9181.244,2000,5174.728,9318.43,2000,5123.313,9085.535,2000,5133.018,9204.209,2000,5046.737,9412.404,2000,5138.046,9134.651,2000,5245.289
9048.063,2000,5029.729,9294.076,2000,5158.578,9335.786,2000,5025.929,9302.134,2000,5295.541,9180.211,2000,5174.403,9319.504,2000,5123.45,9085.389,2000,5134.091,9205.278,2000,5046.911,9413.427,2000,5137.688,9133.574,2000,5245.177
9047.798,2000,5028.678,9292.994,2000,5158.622,9335.442,2000,5026.957,9302.74,2000,5294.643,9179.188,2000,5174.044,9320.573,2000,5123.622,9085.277,2000,5135.168,9206.342,2000,5047.119,9414.46,2000,5137.364,9132.493,2000,5245.101
9047.567,2000,5027.62,9291.914,2000,5158.702,9335.065,2000,5027.972,9303.317,2000,5293.726,9178.179,2000,5173.653,9321.637,2000,5123.83,9085.201,2000,5136.249,9207.397,2000,5047.362,9415.504,2000,5137.073,9131.41,2000,5245.061
9047.371,2000,5026.554,9290.837,2000,5158.817,9334.655,2000,5028.975,9303.864,2000,5292.791,9177.182,2000,5173.229,9322.692,2000,5124.072,9085.16,2000,5137.332,9208.444,2000,5047.64,9416.557,2000,5136.817,9130.327,2000,5245.055
9047.21,2000,5025.483,9289.764,2000,5158.968,9334.213,2000,5029.964,9304.38,2000,5291.838,9176.199,2000,5172.772,9323.74,2000,5124.348,9085.084,2000,5138.412,9209.481,2000,5047.951,9417.617,2000,5136.595,9129.244,2000,5245.085
9047.084,2000,5024.407,9288.696,2000,5159.153,9333.738,2000,5030.938,9304.864,2000,5290.869,9175.232,2000,5172.283,9324.778,2000,5124.659,9084.973,2000,5139.49,9210.508,2000,5048.296,9418.685,2000,5136.409,9128.163,2000,5245.151
9046.993,2000,5023.327,9287.636,2000,5159.374,9333.232,2000,5031.896,9305.316,2000,5289.884,9174.282,2000,5171.763,9325.806,2000,5125.003,9084.826,2000,5140.563,9211.522,2000,5048.675,9419.757,2000,5136.257,9127.084,2000,5245.252
9046.938,2000,5022.245,9286.583,2000,5159.628,9332.695,2000,5032.836,9305.736,2000,5288.886,9173.35,2000,5171.212,9326.821,2000,5125.381,9084.645,2000,5141.631,9212.524,2000,5049.086,9420.834,2000,5136.14,9126.009,2000,5245.388
9046.919,2000,5021.162,9285.539,2000,5159.917,9332.128,2000,5033.759,9306.123,2000,5287.874,9172.436,2000,5170.631,9327.823,2000,5125.792,9084.428,2000,5142.692,9213.513,2000,5049.531,9421.914,2000,5136.059,9124.939,2000,5245.56
9046.935,2000,5020.079,9284.505,2000,5160.241,9331.53,2000,5034.663,9306.477,2000,5286.85,9171.541,2000,5170.021,9328.812,2000,5126.235,9084.177,2000,5143.746,9214.485,2000,5050.007,9422.996,2000,5136.013,9123.876,2000,5245.766
9046.985,2000,5018.997,9283.482,2000,5160.598,9330.903,2000,5035.546,9306.796,2000,5285.815,9170.667,2000,5169.381,9329.785,2000,5126.71,9083.892,2000,5144.791,9215.442,2000,5050.515,9424.079,2000,5136.003,9122.819,2000,5246.006
9047.072,2000,5017.917,9282.472,2000,5160.988,9330.248,2000,5036.408,9307.082,2000,5284.77,9169.814,2000,5168.713,9330.742,2000,5127.217,9083.572,2000,5145.826,9216.382,2000,5051.054,9425.162,2000,5136.028,9121.771,2000,5246.282
9047.194,2000,5016.84,9281.475,2000,5161.411,9329.564,2000,5037.249,9307.333,2000,5283.716,9168.983,2000,5168.018,9331.683,2000,5127.755,9083.219,2000,5146.85,9217.304,2000,5051.623,9426.244,2000,5136.088,9120.733,2000,5246.591
9047.352,2000,5015.769,9280.491,2000,5161.866,9328.854,2000,5038.067,9307.55,2000,5282.655,9168.176,2000,5167.295,9332.604,2000,5128.324,9082.832,2000,5147.862,9218.206,2000,5052.222,9427.323,2000,5136.184,9119.706,2000,5246.935
9047.544,2000,5014.702,9279.523,2000,5162.354,9328.116,2000,5038.861,9307.731,2000,5281.587,9167.393,2000,5166.547,9333.508,2000,5128.922,9082.413,2000,5148.861,9219.089,2000,5052.851,9428.403,2000,5136.273,9118.69,2000,5247.312
9047.771,2000,5013.643,9278.572,2000,5162.872,9327.354,2000,5039.63,9307.878,2000,5280.514,9166.634,2000,5165.774,9334.391,2000,5129.55,9081.961,2000,5149.846,9219.95,2000,5053.508,9429.483,2000,5136.356,9117.688,2000,5247.721
9048.032,2000,5012.591,9277.639,2000,5163.421,9326.566,2000,5040.375,9307.989,2000,5279.436,9165.901,2000,5164.976,9335.253,2000,5130.206,9081.478,2000,5150.815,9220.79,2000,5054.193,9430.564,2000,5136.434,9116.698,2000,5248.164
9048.328,2000,5011.549,9276.7,2000,5163.962,9325.755,2000,5041.093,9308.065,2000,5278.355,9165.195,2000,5164.155,9336.093,2000,5130.89,9080.962,2000,5151.768,9221.606,2000,5054.905,9431.646,2000,5136.504,9115.725,2000,5248.638
9048.657,2000,5010.517,9275.754,2000,5164.489,9324.921,2000,5041.784,9308.106,2000,5277.273,9164.517,2000,5163.311,9336.91,2000,5131.602,9080.416,2000,5152.704,9222.399,2000,5055.643,9432.727,2000,5136.568,9114.767,2000,5249.144
9049.021,2000,5009.496,9274.8,2000,5165.002,9324.064,2000,5042.447,9308.112,2000,5276.189,9163.865,2000,5162.445,9337.704,2000,5132.339,9079.84,2000,5153.621,9223.168,2000,5056.407,9433.809,2000,5136.624,9113.826,2000,5249.681
9049.417,2000,5008.488,9273.838,2000,5165.501,9323.187,2000,5043.083,9308.082,2000,5275.106,9163.243,2000,5161.558,9338.473,2000,5133.103,9079.233,2000,5154.519,9223.911,2000,5057.195,9434.891,2000,5136.672,9112.868,2000,5250.187
9049.846,2000,5007.493,9272.869,2000,5165.987,9322.288,2000,5043.688,9308.017,2000,5274.025,9162.65,2000,5160.651,9339.216,2000,5133.891,9078.598,2000,5155.396,9224.628,2000,5058.008,9435.974,2000,5136.712,9111.895,2000,5250.662
9050.307,2000,5006.513,9271.894,2000,5166.458,9321.371,2000,5044.265,9307.916,2000,5272.946,9162.087,2000,5159.726,9339.934,2000,5134.703,9077.934,2000,5156.252,9225.317,2000,5058.843,9437.057,2000,5136.744,9110.905,2000,5251.104
9050.8,2000,5005.549,9270.912,2000,5166.917,9320.436,2000,5044.811,9307.78,2000,5271.872,9161.555,2000,5158.783,9340.624,2000,5135.538,9077.242,2000,5157.086,9225.979,2000,5059.701,9438.14,2000,5136.767,9109.902,2000,5251.514
9051.324,2000,5004.601,9269.924,2000,5167.361,9319.482,2000,5045.326,9307.609,2000,5270.802,9161.054,2000,5157.822,9341.287,2000,5136.395,9076.524,2000,5157.897,9226.613,2000,5060.58,9439.223,2000,5136.781,9108.913,2000,5251.956
9051.88,2000,5003.671,9268.93,2000,5167.792,9318.513,2000,5045.81,9307.403,2000,5269.738,9160.584,2000,5156.846,9341.922,2000,5137.273,9075.78,2000,5158.685,9227.218,2000,5061.479,9440.306,2000,5136.785,9107.939,2000,5252.431
9052.465,2000,5002.759,9267.931,2000,5168.21,9317.528,2000,5046.261,9307.163,2000,5268.682,9160.146,2000,5155.855,9342.527,2000,5138.171,9075.011,2000,5159.447,9227.793,2000,5062.397,9441.389,2000,5136.78,9106.981,2000,5252.937
9053.08,2000,5001.867,9266.926,2000,5168.615,9316.529,2000,5046.681,9306.888,2000,5267.634,9159.741,2000,5154.85,9343.103,2000,5139.089,9074.217,2000,5160.184,9228.337,2000,5063.333,9442.472,2000,5136.765,9106.041,2000,5253.474
9053.724,2000,5000.996,9265.916,2000,5169.007,9315.518,2000,5047.067,9306.578,2000,5266.596,9159.369,2000,5153.833,9343.647,2000,5140.025,9073.398,2000,5160.894,9228.851,2000,5064.288,9443.555,2000,5136.739,9105.118,2000,5254.042
9054.396,2000,5000.146,9264.901,2000,5169.385,9314.493,2000,5047.42,9306.235,2000,5265.568,9159.031,2000,5152.803,9344.162,2000,5140.979,9072.558,2000,5161.577,9229.333,2000,5065.258,9444.638,2000,5136.704,9104.215,2000,5254.639
9055.095,2000,4999.319,9263.882,2000,5169.751,9313.458,2000,5047.739,9305.859,2000,5264.553,9158.727,2000,5151.764,9344.707,2000,5141.915,9071.695,2000,5162.232,9229.783,2000,5066.243,9445.721,2000,5136.704,9103.331,2000,5255.266
9055.82,2000,4998.515,9262.857,2000,5170.104,9312.413,2000,5048.024,9305.45,2000,5263.55,9158.456,2000,5150.714,9345.282,2000,5142.833,9070.812,2000,5162.859,9230.201,2000,5067.243,9446.804,2000,5136.739,9102.469,2000,5255.921
9056.572,2000,4997.735,9261.829,2000,5170.444,9311.378,2000,5048.344,9305.008,2000,5262.561,9158.221,2000,5149.657,9345.888,2000,5143.731,9069.908,2000,5163.457,9230.586,2000,5068.255,9447.885,2000,5136.81,9101.628,2000,5256.604
9057.35,2000,4996.98,9260.797,2000,5170.772,9310.354,2000,5048.697,9304.533,2000,5261.586,9158.02,2000,5148.592,9346.522,2000,5144.61,9068.985,2000,5164.024,9230.938,2000,5069.28,9448.963,2000,5136.916,9100.81,2000,5257.315
9058.151,2000,4996.251,9259.761,2000,5171.088,9309.342,2000,5049.083,9304.027,2000,5260.628,9157.854,2000,5147.522,9347.186,2000,5145.467,9068.045,2000,5164.562,9231.255,2000,5070.316,9450.037,2000,5137.057,9100.016,2000,5258.052
9058.977,2000,4995.548,9258.715,2000,5171.371,9308.343,2000,5049.502,9303.49,2000,5259.688,9157.723,2000,5146.447,9347.876,2000,5146.302,9067.087,2000,5165.067,9231.538,2000,5071.361,9451.106,2000,5137.233,9099.246,2000,5258.814
9059.824,2000,4994.874,9257.66,2000,5171.618,9307.358,2000,5049.954,9302.923,2000,5258.765,9157.627,2000,5145.368,9348.594,2000,5147.114,9066.113,2000,5165.542,9231.787,2000,5072.416,9452.169,2000,5137.444,9098.502,2000,5259.601
9060.693,2000,4994.227,9256.598,2000,5171.831,9306.389,2000,5050.438,9302.325,2000,5257.861,9157.566,2000,5144.286,9349.337,2000,5147.902,9065.124,2000,5165.984,9232.002,2000,5073.478,9453.224,2000,5137.69,9097.784,2000,5260.412
9061.583,2000,4993.608,9255.529,2000,5172.009,9305.436,2000,5050.953,9301.698,2000,5256.977,9157.541,2000,5143.203,9350.105,2000,5148.665,9064.121,2000,5166.394,9232.182,2000,5074.546,9454.271,2000,5137.97,9097.093,2000,5261.246
9062.492,2000,4993.02,9254.455,2000,5172.152,9304.5,2000,5051.499,9301.043,2000,5256.114,9157.552,2000,5142.12,9350.899,2000,5149.403,9063.105,2000,5166.771,9232.326,2000,5075.62,9455.308,2000,5138.285,9096.429,2000,5262.103
9063.42,2000,4992.461,9253.387,2000,5172.331,9303.583,2000,5052.075,9300.36,2000,5255.273,9157.598,2000,5141.037,9351.717,2000,5150.114,9062.078,2000,5167.114,9232.436,2000,5076.697,9456.334,2000,5138.633,9095.794,2000,5262.98
9064.366,2000,4991.933,9252.324,2000,5172.543,9302.685,2000,5052.681,9299.65,2000,5254.455,9157.679,2000,5139.957,9352.511,2000,5150.852,9061.04,2000,5167.423,9232.51,2000,5077.778,9457.348,2000,5139.014,9095.188,2000,5263.878
9065.329,2000,4991.437,9251.27,2000,5172.791,9301.807,2000,5053.316,9298.914,2000,5253.661,9157.725,2000,5138.875,9353.279,2000,5151.615,9060.013,2000,5167.767,9232.549,2000,5078.86,9458.349,2000,5139.429,9094.611,2000,5264.795
9066.308,2000,4990.972,9250.224,2000,5173.073,9300.95,2000,5053.98,9298.152,2000,5252.891,9157.735,2000,5137.791,9354.022,2000,5152.403,9058.997,2000,5168.143,9232.552,2000,5079.944,9459.336,2000,5139.875,9094.065,2000,5265.73
9067.301,2000,4990.539,9249.188,2000,5173.39,9300.116,2000,5054.671,9297.365,2000,5252.146,9157.71,2000,5136.708,9354.74,2000,5153.215,9057.994,2000,5168.553,9232.52,2000,5081.027,9460.308,2000,5140.354,9093.55,2000,5266.684
9068.308,2000,4990.139,9248.162,2000,5173.74,9299.305,2000,5055.389,9296.555,2000,5251.428,9157.649,2000,5135.626,9355.431,2000,5154.05,9057.005,2000,5168.995,9232.452,2000,5082.108,9461.263,2000,5140.865,9093.066,2000,5267.653
9069.327,2000,4989.772,9247.148,2000,5174.123,9298.518,2000,5056.133,9295.721,2000,5250.736,9157.554,2000,5134.547,9356.094,2000,5154.907,9056.031,2000,5169.47,9232.349,2000,5083.187,9462.201,2000,5141.407,9092.614,2000,5268.637
9070.358,2000,4989.439,9246.148,2000,5174.539,9297.755,2000,5056.903,9294.864,2000,5250.072,9157.423,2000,5133.472,9356.729,2000,5155.786,9055.073,2000,5169.976,9232.21,2000,5084.261,9463.121,2000,5141.979,9092.195,2000,5269.636
9071.399,2000,4989.14,9245.162,2000,5174.988,9297.018,2000,5057.697,9293.987,2000,5249.437,9157.257,2000,5132.402,9357.334,2000,5156.684,9054.133,2000,5170.513,9232.036,2000,5085.331,9464.021,2000,5142.58,9091.809,2000,5270.648
9072.45,2000,4988.875,9244.191,2000,5175.469,9296.307,2000,5058.515,9293.09,2000,5248.831,9157.056,2000,5131.337,9357.909,2000,5157.602,9053.21,2000,5171.08,9231.828,2000,5086.394,9464.902,2000,5143.211,9091.455,2000,5271.672
9073.509,2000,4988.644,9243.237,2000,5175.981,9295.623,2000,5059.355,9292.173,2000,5248.254,9156.82,2000,5130.28,9358.454,2000,5158.538,9052.307,2000,5171.678,9231.585,2000,5087.449,9465.762,2000,5143.87,9091.136,2000,5272.708
9074.574,2000,4988.448,9242.3,2000,5176.524,9294.968,2000,5060.218,9291.237,2000,5247.708,9156.55,2000,5129.23,9358.969,2000,5159.492,9051.423,2000,5172.305,9231.308,2000,5088.497,9466.6,2000,5144.557,9090.851,2000,5273.752
9075.646,2000,4988.287,9241.381,2000,5177.098,9294.341,2000,5061.101,9290.284,2000,5247.192,9156.245,2000,5128.191,9359.451,2000,5160.461,9050.561,2000,5172.96,9230.996,2000,5089.534,9467.414,2000,5145.271,9090.6,2000,5274.806
9076.722,2000,4988.161,9240.481,2000,5177.702,9293.743,2000,5062.004,9289.315,2000,5246.708,9155.907,2000,5127.162,9359.902,2000,5161.446,9049.72,2000,5173.643,9230.65,2000,5090.561,9468.205,2000,5146.012,9090.383,2000,5275.868
9077.801,2000,4988.071,9239.602,2000,5178.334,9293.176,2000,5062.927,9288.331,2000,5246.256,9155.535,2000,5126.144,9360.32,2000,5162.446,9048.901,2000,5174.354,9230.271,2000,5091.576,9468.972,2000,5146.778,9090.201,2000,5276.936
9078.883,2000,4988.016,9238.743,2000,5178.995,9292.639,2000,5063.868,9287.332,2000,5245.836,9155.13,2000,5125.139,9360.706,2000,5163.458,9048.107,2000,5175.09,9229.859,2000,5092.578,9469.712,2000,5147.568,9090.055,2000,5278.009
9079.966,2000,4987.996,9237.907,2000,5179.684,9292.133,2000,5064.826,9286.32,2000,5245.45,9154.692,2000,5124.148,9361.059,2000,5164.482,9047.338,2000,5175.853,9229.415,2000,5093.566,9470.427,2000,5148.383,9089.943,2000,5279.086
9081.049,2000,4988.012,9237.049,2000,5180.345,9291.658,2000,5065.8,9285.296,2000,5245.096,9154.223,2000,5123.172,9361.377,2000,5165.518,9046.594,2000,5176.64,9228.938,2000,5094.54,9471.114,2000,5149.22,9089.867,2000,5280.167
9082.131,2000,4988.063,9236.169,2000,5180.977,9291.216,2000,5066.789,9284.261,2000,5244.776,9153.722,2000,5122.211,9361.661,2000,5166.563,9045.876,2000,5177.451,9228.431,2000,5095.497,9471.773,2000,5150.08,9089.826,2000,5281.25
9083.211,2000,4988.149,9235.27,2000,5181.581,9290.806,2000,5067.792,9283.216,2000,5244.491,9153.189,2000,5121.268,9361.911,2000,5167.618,9045.185,2000,5178.285,9227.892,2000,5096.437,9472.404,2000,5150.96,9089.821,2000,5282.333
9084.287,2000,4988.271,9234.351,2000,5182.154,9290.429,2000,5068.807,9282.162,2000,5244.239,9152.626,2000,5120.343,9362.127,2000,5168.679,9044.521,2000,5179.141,9227.322,2000,5097.358,9473.006,2000,5151.861,9089.852,2000,5283.416
9085.359,2000,4988.428,9233.413,2000,5182.698,9290.085,2000,5069.834,9281.101,2000,5244.022,9152.033,2000,5119.436,9362.308,2000,5169.748,9043.885,2000,5180.019,9226.723,2000,5098.261,9473.578,2000,5152.781,9089.917,2000,5284.498
9086.426,2000,4988.62,9232.459,2000,5183.21,9289.775,2000,5070.873,9280.032,2000,5243.84,9151.411,2000,5118.549,9362.453,2000,5170.821,9043.278,2000,5180.917,9226.094,2000,5099.143,9474.12,2000,5153.719,9090.018,2000,5285.576
9087.485,2000,4988.846,9231.488,2000,5183.691,9289.5,2000,5071.92,9278.959,2000,5243.693,9150.76,2000,5117.684,9362.563,2000,5171.899,9042.702,2000,5181.833,9225.437,2000,5100.004,9474.631,2000,5154.674,9090.154,2000,5286.651
9088.537,2000,4989.107,9230.502,2000,5184.14,9289.259,2000,5072.977,9277.882,2000,5243.582,9150.081,2000,5116.839,9362.639,2000,5172.979,9042.156,2000,5182.769,9224.752,2000,5100.844,9475.11,2000,5155.646,9090.325,2000,5287.721
9089.579,2000,4989.403,9229.502,2000,5184.556,9289.053,2000,5074.04,9276.801,2000,5243.505,9149.375,2000,5116.018,9362.679,2000,5174.062,9041.641,2000,5183.722,9224.04,2000,5101.66,9475.558,2000,5156.633,9090.531,2000,5288.784
9090.611,2000,4989.732,9228.492,2000,5184.948,9288.881,2000,5075.11,9275.718,2000,5243.464,9148.643,2000,5115.22,9362.683,2000,5175.146,9041.157,2000,5184.691,9223.302,2000,5102.453,9475.973,2000,5157.634,9090.772,2000,5289.84
9091.632,2000,4990.096,9227.482,2000,5185.341,9288.744,2000,5076.185,9274.635,2000,5243.459,9147.884,2000,5114.447,9362.651,2000,5176.229,9040.705,2000,5185.676,9222.538,2000,5103.221,9476.354,2000,5158.647,9091.048,2000,5290.888
9092.64,2000,4990.492,9226.473,2000,5185.733,9288.643,2000,5077.263,9273.552,2000,5243.489,9147.101,2000,5113.699,9362.585,2000,5177.31,9040.286,2000,5186.675,9221.75,2000,5103.964,9476.703,2000,5159.673,9091.357,2000,5291.926
9093.635,2000,4990.921,9225.463,2000,5186.126,9288.577,2000,5078.345,9272.471,2000,5243.554,9146.293,2000,5112.977,9362.482,2000,5178.388,9039.899,2000,5187.687,9220.938,2000,5104.681,9477.018,2000,5160.71,9091.701,2000,5292.954
9094.615,2000,4991.383,9224.453,2000,5186.519,9288.547,2000,5079.428,9271.392,2000,5243.655,9145.462,2000,5112.281,9362.345,2000,5179.463,9039.546,2000,5188.711,9220.103,2000,5105.37,9477.298,2000,5161.756,9092.078,2000,5293.969
9095.58,2000,4991.876,9223.443,2000,5186.911,9288.552,2000,5080.511,9270.316,2000,5243.791,9144.609,2000,5111.613,9362.172,2000,5180.532,9039.227,2000,5189.746,9219.245,2000,5106.032,9477.544,2000,5162.812,9092.488,2000,5294.972
9096.528,2000,4992.4,9222.434,2000,5187.304,9288.592,2000,5081.594,9269.247,2000,5243.961,9143.735,2000,5110.974,9361.965,2000,5181.596,9038.941,2000,5190.791,9218.366,2000,5106.666,9477.756,2000,5163.874,9092.931,2000,5295.961
9097.459,2000,4992.956,9221.424,2000,5187.696,9288.668,2000,5082.674,9268.184,2000,5244.167,9142.841,2000,5110.363,9361.723,2000,5182.652,9038.69,2000,5191.845,9217.467,2000,5107.271,9477.933,2000,5164.943,9093.405,2000,5296.935
9098.37,2000,4993.541,9220.414,2000,5188.088,9288.779,2000,5083.752,9267.127,2000,5244.408,9141.927,2000,5109.782,9361.446,2000,5183.699,9038.474,2000,5192.906,9216.549,2000,5107.845,9478.074,2000,5166.017,9093.911,2000,5297.893
9099.262,2000,4994.156,9219.404,2000,5188.48,9288.926,2000,5084.825,9266.079,2000,5244.683,9140.994,2000,5109.231,9361.136,2000,5184.737,9038.292,2000,5193.974,9215.612,2000,5108.39,9478.181,2000,5167.095,9094.448,2000,5298.834
9100.133,2000,4994.799,9218.395,2000,5188.873,9289.107,2000,5085.893,9265.041,2000,5244.992,9140.044,2000,5108.711,9360.791,2000,5185.765,9038.146,2000,5195.047,9214.658,2000,5108.903,9478.252,2000,5168.176,9095.016,2000,5299.757
9100.982,2000,4995.471,9217.385,2000,5189.265,9289.323,2000,5086.955,9264.014,2000,5245.335,9139.077,2000,5108.222,9360.413,2000,5186.78,9038.034,2000,5196.125,9213.688,2000,5109.385,9478.287,2000,5169.259,9095.613,2000,5300.661
9101.81,2000,4996.17,9216.375,2000,5189.657,9289.574,2000,5088.008,9262.998,2000,5245.711,9138.095,2000,5107.766,9360.002,2000,5187.782,9037.958,2000,5197.206,9212.703,2000,5109.835,9478.287,2000,5170.342,9096.24,2000,5301.544
9102.613,2000,4996.896,9215.365,2000,5190.048,9289.859,2000,5089.053,9261.995,2000,5246.121,9137.098,2000,5107.341,9359.559,2000,5188.771,9037.917,2000,5198.288,9211.703,2000,5110.253,9478.252,2000,5171.425,9096.896,2000,5302.407
9103.394,2000,4997.648,9214.355,2000,5190.44,9290.179,2000,5090.088,9261.006,2000,5246.563,9136.088,2000,5106.95,9359.083,2000,5189.744,9037.912,2000,5199.372,9210.69,2000,5110.638,9478.182,2000,5172.506,9097.579,2000,5303.248
9104.148,2000,4998.425,9213.346,2000,5190.832,9290.531,2000,5091.113,9260.032,2000,5247.037,9135.065,2000,5106.591,9358.576,2000,5190.702,9037.942,2000,5200.455,9209.666,2000,5110.989,9478.075,2000,5173.584,9098.289,2000,5304.066
9104.878,2000,4999.227,9212.336,2000,5191.223,9290.918,2000,5092.125,9259.074,2000,5247.543,9134.032,2000,5106.267,9358.038,2000,5191.642,9038.008,2000,5201.536,9208.63,2000,5111.306,9477.934,2000,5174.658,9099.025,2000,5304.86
9105.58,2000,5000.051,9211.326,2000,5191.615,9291.337,2000,5093.124,9258.133,2000,5248.08,9132.988,2000,5105.976,9357.47,2000,5192.564,9038.108,2000,5202.615,9207.584,2000,5111.589,9477.757,2000,5175.727,9099.788,2000,5305.63
9106.255,2000,5000.898,9210.316,2000,5192.006,9291.789,2000,5094.109,9257.21,2000,5248.647,9131.936,2000,5105.72,9356.871,2000,5193.467,9038.244,2000,5203.689,9206.529,2000,5111.838,9477.546,2000,5176.79,9100.575,2000,5306.374
9106.901,2000,5001.768,9209.307,2000,5192.397,9292.272,2000,5095.078,9256.306,2000,5249.245,9130.875,2000,5105.498,9356.243,2000,5194.35,9038.415,2000,5204.759,9205.468,2000,5112.053,9477.3,2000,5177.845,9101.387,2000,5307.092
9107.52,2000,5002.657,9208.297,2000,5192.788,9292.787,2000,5096.031,9255.422,2000,5249.871,9129.808,2000,5105.311,9355.587,2000,5195.212,9038.621,2000,5205.823,9204.399,2000,5112.232,9477.02,2000,5178.891,9102.221,2000,5307.784
9108.108,2000,5003.566,9207.286,2000,5193.179,9293.333,2000,5096.967,9254.559,2000,5250.526,9128.735,2000,5105.159,9354.903,2000,5196.052,9038.862,2000,5206.879,9203.326,2000,5112.377,9476.705,2000,5179.928,9103.077,2000,5308.447
9108.667,2000,5004.495,9206.275,2000,5193.569,9293.909,2000,5097.884,9253.718,2000,5251.209,9127.658,2000,5105.042,9354.192,2000,5196.869,9039.138,2000,5207.927,9202.248,2000,5112.486,9476.357,2000,5180.954,9103.955,2000,5309.083
9109.213,2000,5005.43,9205.266,2000,5193.96,9294.516,2000,5098.782,9252.899,2000,5251.919,9126.58,2000,5104.935,9353.455,2000,5197.663,9039.447,2000,5208.965,9201.167,2000,5112.561,9475.976,2000,5181.968,9104.853,2000,5309.688
9109.756,2000,5006.368,9204.255,2000,5194.351,9295.15,2000,5099.66,9252.104,2000,5252.656,9125.502,2000,5104.825,9352.692,2000,5198.432,9039.79,2000,5209.992,9200.084,2000,5112.599,9475.562,2000,5182.969,9105.77,2000,5310.265
9110.329,2000,5007.287,9203.244,2000,5194.742,9295.813,2000,5100.516,9251.335,2000,5253.418,9124.421,2000,5104.75,9351.904,2000,5199.175,9040.167,2000,5211.008,9199.001,2000,5112.602,9475.114,2000,5183.956,9106.705,2000,5310.812
9110.932,2000,5008.187,9202.233,2000,5195.132,9296.505,2000,5101.351,9250.591,2000,5254.205,9123.338,2000,5104.71,9351.093,2000,5199.893,9040.577,2000,5212.011,9197.918,2000,5112.57,9474.635,2000,5184.927,9107.658,2000,5311.327
9111.563,2000,5009.067,9201.223,2000,5195.523,9297.223,2000,5102.162,9249.872,2000,5255.016,9122.255,2000,5104.707,9350.258,2000,5200.583,9041.02,2000,5213,9196.837,2000,5112.502,9474.124,2000,5185.883,9108.628,2000,5311.811
9112.224,2000,5009.926,9200.212,2000,5195.914,9297.914,2000,5102.996,9249.181,2000,5255.85,9121.172,2000,5104.738,9349.4,2000,5201.246,9041.494,2000,5213.974,9195.759,2000,5112.399,9473.582,2000,5186.821,9109.612,2000,5312.262
9112.912,2000,5010.762,9199.201,2000,5196.304,9298.577,2000,5103.853,9248.517,2000,5256.706,9120.091,2000,5104.805,9348.522,2000,5201.88,9042,2000,5214.932,9194.685,2000,5112.261,9473.01,2000,5187.741,9110.611,2000,5312.682
9113.627,2000,5011.576,9198.19,2000,5196.695,9299.212,2000,5104.73,9247.881,2000,5257.583,9119.013,2000,5104.907,9347.624,2000,5202.485,9042.537,2000,5215.873,9193.615,2000,5112.087,9472.408,2000,5188.642,9111.623,2000,5313.068
9114.368,2000,5012.365,9197.18,2000,5197.085,9299.818,2000,5105.628,9247.274,2000,5258.481,9117.938,2000,5105.044,9346.706,2000,5203.061,9043.104,2000,5216.795,9192.552,2000,5111.879,9471.777,2000,5189.523,9112.647,2000,5313.421
9115.135,2000,5013.13,9196.169,2000,5197.476,9300.395,2000,5106.545,9246.697,2000,5259.398,9116.869,2000,5105.216,9345.77,2000,5203.606,9043.702,2000,5217.699,9191.496,2000,5111.636,9471.118,2000,5190.382,9113.683,2000,5313.741
9115.927,2000,5013.87,9195.159,2000,5197.867,9300.94,2000,5107.481,9246.15,2000,5260.333,9115.806,2000,5105.424,9344.816,2000,5204.121,9044.329,2000,5218.583,9190.449,2000,5111.358,9470.431,2000,5191.22,9114.728,2000,5314.026
9116.742,2000,5014.583,9194.149,2000,5198.258,9301.455,2000,5108.434,9245.635,2000,5261.286,9114.75,2000,5105.666,9343.847,2000,5204.604,9044.984,2000,5219.446,9189.412,2000,5111.047,9469.717,2000,5192.034,9115.781,2000,5314.277
9117.58,2000,5015.27,9193.14,2000,5198.649,9301.938,2000,5109.403,9245.15,2000,5262.255,9113.702,2000,5105.942,9342.861,2000,5205.054,9045.668,2000,5220.287,9188.386,2000,5110.702,9468.977,2000,5192.825,9116.843,2000,5314.494
9118.44,2000,5015.928,9192.13,2000,5199.041,9302.391,2000,5110.388,9244.698,2000,5263.24,9112.664,2000,5106.253,9341.862,2000,5205.473,9046.378,2000,5221.104,9187.371,2000,5110.323,9468.211,2000,5193.591,9117.911,2000,5314.675
9119.322,2000,5016.558,9191.12,2000,5199.433,9302.81,2000,5111.387,9244.278,2000,5264.238,9111.637,2000,5106.597,9340.85,2000,5205.858,9047.114,2000,5221.899,9186.369,2000,5109.912,9467.42,2000,5194.332,9118.984,2000,5314.822
9120.224,2000,5017.158,9190.11,2000,5199.824,9303.196,2000,5112.399,9243.892,2000,5265.25,9110.621,2000,5106.975,9339.825,2000,5206.21,9047.877,2000,5222.668,9185.381,2000,5109.467,9466.605,2000,5195.046,9120.062,2000,5314.933
9121.145,2000,5017.729,9189.101,2000,5200.216,9303.549,2000,5113.424,9243.538,2000,5266.274,9109.619,2000,5107.386,9338.79,2000,5206.528,9048.664,2000,5223.413,9184.408,2000,5108.991,9465.769,2000,5195.734,9121.143,2000,5315.009
9122.083,2000,5018.27,9188.091,2000,5200.608,9303.868,2000,5114.459,9243.219,2000,5267.309,9108.631,2000,5107.829,9337.766,2000,5206.88,9049.475,2000,5224.131,9183.451,2000,5108.483,9464.909,2000,5196.394,9122.226,2000,5315.05
9123.039,2000,5018.779,9187.081,2000,5201,9304.153,2000,5115.504,9242.933,2000,5268.354,9107.657,2000,5108.305,9336.753,2000,5207.266,9050.309,2000,5224.822,9182.512,2000,5107.944,9464.028,2000,5197.025,9123.309,2000,5315.055
9124.012,2000,5019.257,9186.071,2000,5201.393,9304.404,2000,5116.558,9242.682,2000,5269.408,9106.7,2000,5108.812,9335.754,2000,5207.684,9051.165,2000,5225.486,9181.59,2000,5107.375,9463.128,2000,5197.627,9124.392,2000,5315.025
9124.999,2000,5019.703,9185.062,2000,5201.786,9304.62,2000,5117.619,9242.465,2000,5270.469,9105.76,2000,5109.35,9334.769,2000,5208.135,9052.043,2000,5226.121,9180.688,2000,5106.776,9462.208,2000,5198.199,9125.473,2000,5314.959
9126,2000,5020.116,9184.052,2000,5202.179,9304.802,2000,5118.687,9242.283,2000,5271.537,9104.838,2000,5109.919,9333.799,2000,5208.618,9052.94,2000,5226.728,9179.805,2000,5106.147,9461.27,2000,5198.741,9126.551,2000,5314.858
9127.015,2000,5020.497,9183.042,2000,5202.572,9304.948,2000,5119.76,9242.137,2000,5272.61,9103.935,2000,5110.518,9332.846,2000,5209.132,9053.857,2000,5227.304,9178.943,2000,5105.49,9460.314,2000,5199.252,9127.626,2000,5314.722
9128.041,2000,5020.844,9182.032,2000,5202.965,9305.06,2000,5120.838,9242.025,2000,5273.688,9103.052,2000,5111.146,9331.909,2000,5209.677,9054.793,2000,5227.851,9178.104,2000,5104.805,9459.343,2000,5199.731,9128.695,2000,5314.551
9129.078,2000,5021.157,9181.022,2000,5203.358,9305.136,2000,5121.918,9241.949,2000,5274.769,9102.189,2000,5111.802,9330.991,2000,5210.253,9055.746,2000,5228.366,9177.287,2000,5104.093,9458.356,2000,5200.179,9129.759,2000,5314.345
9130.125,2000,5021.436,9180.013,2000,5203.751,9305.176,2000,5123.001,9241.908,2000,5275.851,9101.35,2000,5112.486,9330.093,2000,5210.858,9056.716,2000,5228.85,9176.494,2000,5103.355,9457.355,2000,5200.593,9130.815,2000,5314.104
9131.181,2000,5021.681,9178.991,2000,5204.112,9305.181,2000,5124.084,9241.902,2000,5276.935,9100.516,2000,5113.178,9329.215,2000,5211.493,9057.7,2000,5229.301,9175.726,2000,5102.591,9456.342,2000,5200.975,9131.863,2000,5313.829
9132.243,2000,5021.891,9177.958,2000,5204.438,9305.15,2000,5125.167,9241.933,2000,5278.018,9099.683,2000,5113.87,9328.357,2000,5212.155,9058.699,2000,5229.721,9174.982,2000,5101.803,9455.316,2000,5201.323,9132.901,2000,5313.519
9133.313,2000,5022.066,9176.915,2000,5204.731,9305.085,2000,5126.249,9241.998,2000,5279.099,9098.851,2000,5114.563,9327.522,2000,5212.846,9059.711,2000,5230.107,9174.266,2000,5100.99,9454.279,2000,5201.638,9133.929,2000,5313.176
9134.387,2000,5022.206,9175.863,2000,5204.99,9304.983,2000,5127.328,9242.099,2000,5280.178,9098.02,2000,5115.258,9326.711,2000,5213.563,9060.735,2000,5230.46,9173.576,2000,5100.155,9453.233,2000,5201.918,9134.944,2000,5312.799
9135.465,2000,5022.311,9174.804,2000,5205.214,9304.847,2000,5128.402,9242.164,2000,5281.259,9097.189,2000,5115.954,9325.923,2000,5214.307,9061.771,2000,5230.78,9172.914,2000,5099.297,9452.179,2000,5202.165,9135.947,2000,5312.389
9136.546,2000,5022.38,9173.737,2000,5205.403,9304.675,2000,5129.472,9242.194,2000,5282.342,9096.337,2000,5116.623,9325.16,2000,5215.076,9062.815,2000,5231.065,9172.28,2000,5098.418,9451.116,2000,5202.376,9136.937,2000,5311.947
9137.629,2000,5022.415,9172.665,2000,5205.557,9304.469,2000,5130.536,9242.188,2000,5283.426,9095.463,2000,5117.263,9324.423,2000,5215.869,9063.869,2000,5231.316,9171.676,2000,5097.52,9450.048,2000,5202.553,9137.91,2000,5311.472
9138.712,2000,5022.413,9171.588,2000,5205.676,9304.228,2000,5131.592,9242.147,2000,5284.508,9094.568,2000,5117.874,9323.712,2000,5216.687,9064.931,2000,5231.533,9171.101,2000,5096.601,9448.974,2000,5202.694,9138.868,2000,5310.966
9139.795,2000,5022.376,9170.508,2000,5205.76,9303.952,2000,5132.64,9242.071,2000,5285.589,9093.654,2000,5118.456,9323.028,2000,5217.526,9065.999,2000,5231.714,9170.557,2000,5095.665,9447.896,2000,5202.801,9139.809,2000,5310.429
9140.876,2000,5022.304,9169.426,2000,5205.808,9303.643,2000,5133.678,9241.96,2000,5286.667,9092.722,2000,5119.007,9322.372,2000,5218.388,9067.072,2000,5231.861,9170.043,2000,5094.71,9446.814,2000,5202.872,9140.731,2000,5309.861
9141.954,2000,5022.197,9168.343,2000,5205.821,9303.299,2000,5134.705,9241.813,2000,5287.74,9091.771,2000,5119.527,9321.744,2000,5219.271,9068.149,2000,5231.972,9169.561,2000,5093.74,9445.731,2000,5202.907,9141.635,2000,5309.264
9143.028,2000,5022.054,9167.26,2000,5205.798,9302.922,2000,5135.721,9241.632,2000,5288.808,9090.805,2000,5120.017,9321.146,2000,5220.174,9069.23,2000,5232.048,9169.11,2000,5092.755,9444.648,2000,5202.907,9142.519,2000,5308.637
9144.097,2000,5021.876,9166.178,2000,5205.74,9302.512,2000,5136.724,9241.415,2000,5289.869,9089.822,2000,5120.474,9320.577,2000,5221.096,9070.313,2000,5232.089,9168.692,2000,5091.755,9443.565,2000,5202.872,9143.381,2000,5307.981
9145.159,2000,5021.664,9165.099,2000,5205.647,9302.069,2000,5137.712,9241.233,2000,5290.937,9088.826,2000,5120.899,9320.039,2000,5222.037,9071.395,2000,5232.165,9168.308,2000,5090.743,9442.484,2000,5202.801,9144.222,2000,5307.298
9146.214,2000,5021.417,9164.023,2000,5205.518,9301.595,2000,5138.686,9241.087,2000,5292.01,9087.816,2000,5121.292,9319.532,2000,5222.994,9072.472,2000,5232.276,9167.956,2000,5089.718,9441.403,2000,5202.729,9145.04,2000,5306.588
9147.26,2000,5021.135,9162.952,2000,5205.354,9301.089,2000,5139.644,9240.976,2000,5293.088,9086.809,2000,5121.688,9319.057,2000,5223.968,9073.545,2000,5232.423,9167.639,2000,5088.682,9440.322,2000,5202.659,9145.834,2000,5305.851
9148.296,2000,5020.819,9161.887,2000,5205.156,9300.552,2000,5140.585,9240.899,2000,5294.168,9085.806,2000,5122.098,9318.613,2000,5224.956,9074.613,2000,5232.604,9167.355,2000,5087.637,9439.241,2000,5202.59,9146.604,2000,5305.089
9149.321,2000,5020.469,9160.829,2000,5204.922,9299.984,2000,5141.508,9240.858,2000,5295.251,9084.808,2000,5122.52,9318.202,2000,5225.958,9075.675,2000,5232.821,9167.106,2000,5086.583,9438.16,2000,5202.523,9147.348,2000,5304.302
9150.335,2000,5020.086,9159.779,2000,5204.654,9299.387,2000,5142.411,9240.853,2000,5296.334,9083.814,2000,5122.954,9317.824,2000,5226.974,9076.729,2000,5233.072,9166.892,2000,5085.521,9437.079,2000,5202.458,9148.065,2000,5303.491
9151.335,2000,5019.67,9158.739,2000,5204.352,9298.76,2000,5143.294,9240.883,2000,5297.417,9082.827,2000,5123.398,9317.479,2000,5228.001,9077.773,2000,5233.357,9166.712,2000,5084.452,9435.998,2000,5202.394,9148.757,2000,5302.657
9152.321,2000,5019.222,9157.709,2000,5204.016,9298.104,2000,5144.157,9240.948,2000,5298.499,9081.845,2000,5123.854,9317.169,2000,5229.039,9078.809,2000,5233.677,9166.567,2000,5083.378,9434.916,2000,5202.333,9149.475,2000,5301.846
9153.292,2000,5018.742,9156.69,2000,5203.646,9297.421,2000,5144.998,9241.049,2000,5299.578,9080.867,2000,5124.321,9316.893,2000,5230.086,9079.833,2000,5234.03,9166.458,2000,5082.301,9433.834,2000,5202.272,9150.219,2000,5301.059
9154.247,2000,5018.23,9155.685,2000,5203.244,9296.71,2000,5145.815,9241.185,2000,5300.652,9079.895,2000,5124.799,9316.65,2000,5231.143,9080.845,2000,5234.417,9166.384,2000,5081.22,9432.752,2000,5202.214,9150.988,2000,5300.296
9155.185,2000,5017.687,9154.692,2000,5202.808,9295.973,2000,5146.609,9241.355,2000,5301.722,9078.927,2000,5125.286,9316.443,2000,5232.206,9081.844,2000,5234.836,9166.345,2000,5080.138,9431.67,2000,5202.158,9151.782,2000,5299.56
9156.104,2000,5017.114,9153.715,2000,5202.34,9295.21,2000,5147.379,9241.562,2000,5302.786,9077.964,2000,5125.783,9316.271,2000,5233.275,9082.828,2000,5235.288,9166.342,2000,5079.054,9430.588,2000,5202.104,9152.601,2000,5298.849
9157.004,2000,5016.511,9152.754,2000,5201.841,9294.423,2000,5148.123,9241.802,2000,5303.842,9077.006,2000,5126.29,9316.133,2000,5234.35,9083.798,2000,5235.771,9166.374,2000,5077.971,9429.506,2000,5202.051,9153.441,2000,5298.166
9157.884,2000,5015.878,9151.81,2000,5201.311,9293.611,2000,5148.841,9242.077,2000,5304.89,9076.065,2000,5126.827,9316.03,2000,5235.429,9084.751,2000,5236.287,9166.441,2000,5076.89,9428.424,2000,5202,9154.304,2000,5297.511
9158.742,2000,5015.218,9150.883,2000,5200.75,9292.777,2000,5149.532,9242.387,2000,5305.928,9075.143,2000,5127.395,9315.964,2000,5236.51,9085.687,2000,5236.833,9166.545,2000,5075.812,9427.342,2000,5201.951,9155.188,2000,5296.884
9159.579,2000,5014.529,9149.975,2000,5200.158,9291.921,2000,5150.196,9242.729,2000,5306.956,9074.239,2000,5127.993,9315.933,2000,5237.593,9086.604,2000,5237.41,9166.684,2000,5074.737,9426.26,2000,5201.904,9156.091,2000,5296.286
9160.393,2000,5013.814,9149.087,2000,5199.538,9291.043,2000,5150.831,9243.105,2000,5307.971,9073.355,2000,5128.62,9315.937,2000,5238.676,9087.501,2000,5238.016,9166.857,2000,5073.667,9425.178,2000,5201.859,9157.014,2000,5295.718
9161.183,2000,5013.072,9148.22,2000,5198.888,9290.145,2000,5151.437,9243.515,2000,5308.974,9072.493,2000,5129.275,9315.977,2000,5239.759,9088.379,2000,5238.651,9167.065,2000,5072.604,9424.096,2000,5201.816,9157.954,2000,5295.181
9161.947,2000,5012.305,9147.374,2000,5198.211,9289.228,2000,5152.013,9243.957,2000,5309.963,9071.652,2000,5129.959,9316.052,2000,5240.839,9089.235,2000,5239.315,9167.309,2000,5071.549,9423.013,2000,5201.775,9158.912,2000,5294.675
9162.687,2000,5011.514,9146.551,2000,5197.506,9288.292,2000,5152.559,9244.366,2000,5310.966,9070.835,2000,5130.669,9316.162,2000,5241.917,9090.069,2000,5240.006,9167.586,2000,5070.501,9421.93,2000,5201.736,9159.886,2000,5294.201
9163.399,2000,5010.698,9145.751,2000,5196.775,9287.339,2000,5153.074,9244.742,2000,5311.982,9070.041,2000,5131.406,9316.308,2000,5242.991,9090.88,2000,5240.725,9167.897,2000,5069.464,9420.847,2000,5201.7,9160.875,2000,5293.758
9164.086,2000,5009.86,9144.976,2000,5196.019,9286.369,2000,5153.558,9245.085,2000,5313.01,9069.271,2000,5132.169,9316.488,2000,5244.059,9091.667,2000,5241.469,9168.243,2000,5068.437,9419.764,2000,5201.665,9161.878,2000,5293.349
9164.744,2000,5009,9144.226,2000,5195.237,9285.385,2000,5154.01,9245.395,2000,5314.048,9068.478,2000,5132.906,9316.704,2000,5245.121,9092.43,2000,5242.238,9168.622,2000,5067.422,9418.681,2000,5201.632,9162.894,2000,5292.972
9165.374,2000,5008.118,9143.502,2000,5194.431,9284.386,2000,5154.429,9245.672,2000,5315.095,9067.66,2000,5133.616,9316.954,2000,5246.175,9093.166,2000,5243.033,9169.034,2000,5066.42,9417.598,2000,5201.602,9163.921,2000,5292.628
9165.975,2000,5007.217,9142.805,2000,5193.602,9283.374,2000,5154.815,9245.94,2000,5316.145,9066.819,2000,5134.3,9317.238,2000,5247.22,9093.876,2000,5243.851,9169.479,2000,5065.432,9416.515,2000,5201.574,9164.959,2000,5292.319
9166.546,2000,5006.296,9142.135,2000,5192.75,9282.35,2000,5155.168,9246.199,2000,5317.197,9065.957,2000,5134.956,9317.557,2000,5248.256,9094.56,2000,5244.691,9169.955,2000,5064.458,9415.432,2000,5201.547,9166.007,2000,5292.043
9167.086,2000,5005.357,9141.493,2000,5191.877,9281.314,2000,5155.488,9246.448,2000,5318.251,9065.073,2000,5135.583,9317.909,2000,5249.28,9095.215,2000,5245.554,9170.463,2000,5063.501,9414.349,2000,5201.523,9167.063,2000,5291.803
9167.596,2000,5004.401,9140.881,2000,5190.983,9280.29,2000,5155.841,9246.688,2000,5319.308,9064.17,2000,5136.18,9318.295,2000,5250.292,9095.842,2000,5246.438,9171.002,2000,5062.562,9413.266,2000,5201.501,9168.127,2000,5291.597
9168.073,2000,5003.429,9140.298,2000,5190.07,9279.278,2000,5156.227,9246.918,2000,5320.366,9063.247,2000,5136.748,9318.713,2000,5251.292,9096.439,2000,5247.342,9171.571,2000,5061.64,9412.183,2000,5201.481,9169.196,2000,5291.425
9168.52,2000,5002.441,9139.745,2000,5189.139,9278.279,2000,5156.646,9247.139,2000,5321.427,9062.307,2000,5137.286,9319.164,2000,5252.277,9097.007,2000,5248.265,9172.171,2000,5060.737,9411.1,2000,5201.464,9170.271,2000,5291.289
9168.933,2000,5001.44,9139.224,2000,5188.189,9277.295,2000,5157.098,9247.35,2000,5322.489,9061.349,2000,5137.792,9319.646,2000,5253.247,9097.544,2000,5249.206,9172.8,2000,5059.855,9410.017,2000,5201.448,9171.351,2000,5291.188
9169.313,2000,5000.426,9138.733,2000,5187.224,9276.325,2000,5157.582,9247.595,2000,5323.544,9060.375,2000,5138.267,9320.098,2000,5254.231,9098.05,2000,5250.164,9173.457,2000,5058.994,9408.934,2000,5201.435,9172.432,2000,5291.123
9169.659,2000,4999.399,9138.274,2000,5186.242,9275.372,2000,5158.097,9247.874,2000,5324.591,9059.386,2000,5138.709,9320.516,2000,5255.231,9098.524,2000,5251.138,9174.142,2000,5058.154,9407.851,2000,5201.424,9173.515,2000,5291.092
9169.973,2000,4998.362,9137.848,2000,5185.246,9274.435,2000,5158.64,9248.188,2000,5325.628,9058.383,2000,5139.12,9320.901,2000,5256.243,9098.967,2000,5252.126,9174.854,2000,5057.338,9406.768,2000,5201.416,9174.598,2000,5291.098
9170.252,2000,4997.315,9137.454,2000,5184.237,9273.497,2000,5159.182,9248.535,2000,5326.654,9057.367,2000,5139.497,9321.254,2000,5257.268,9099.377,2000,5253.129,9175.592,2000,5056.545,9405.685,2000,5201.41,9175.681,2000,5291.138
9170.497,2000,4996.26,9137.094,2000,5183.215,9272.56,2000,5159.726,9248.916,2000,5327.668,9056.34,2000,5139.84,9321.572,2000,5258.303,9099.754,2000,5254.145,9176.355,2000,5055.777,9404.602,2000,5201.407,9176.762,2000,5291.214
9170.707,2000,4995.197,9136.767,2000,5182.183,9271.622,2000,5160.269,9249.33,2000,5328.669,9055.302,2000,5140.15,9321.856,2000,5259.349,9100.097,2000,5255.172,9177.144,2000,5055.034,9403.519,2000,5201.438,9177.845,2000,5291.255
9170.882,2000,4994.128,9136.474,2000,5181.14,9270.686,2000,5160.813,9249.776,2000,5329.656,9054.254,2000,5140.426,9322.106,2000,5260.403,9100.406,2000,5256.21,9177.956,2000,5054.317,9402.437,2000,5201.5,9178.928,2000,5291.26
9171.021,2000,4993.054,9136.215,2000,5180.087,9269.749,2000,5161.358,9250.255,2000,5330.628,9053.198,2000,5140.667,9322.322,2000,5261.464,9100.682,2000,5257.258,9178.791,2000,5053.628,9401.354,2000,5201.526,9180.011,2000,5291.23
9171.126,2000,4991.976,9135.991,2000,5179.027,9268.813,2000,5161.904,9250.701,2000,5331.616,9052.135,2000,5140.874,9322.503,2000,5262.533,9100.923,2000,5258.314,9179.648,2000,5052.966,9400.271,2000,5201.517,9181.092,2000,5291.165
9171.195,2000,4990.895,9135.802,2000,5177.96,9267.878,2000,5162.45,9251.115,2000,5332.617,9051.065,2000,5141.045,9322.648,2000,5263.606,9101.129,2000,5259.378,9180.527,2000,5052.332,9399.188,2000,5201.473,9182.171,2000,5291.063
9171.229,2000,4989.812,9135.647,2000,5176.888,9266.942,2000,5162.996,9251.496,2000,5333.631,9049.991,2000,5141.182,9322.759,2000,5264.684,9101.3,2000,5260.448,9181.427,2000,5051.728,9398.108,2000,5201.393,9183.246,2000,5290.927
9171.229,2000,4988.729,9135.528,2000,5175.812,9266.007,2000,5163.542,9251.844,2000,5334.657,9048.913,2000,5141.284,9322.834,2000,5265.765,9101.436,2000,5261.522,9182.345,2000,5051.153,9397.031,2000,5201.277,9184.315,2000,5290.756
9171.191,2000,4987.646,9135.444,2000,5174.731,9265.071,2000,5164.088,9252.157,2000,5335.694,9047.832,2000,5141.35,9322.874,2000,5266.847,9101.536,2000,5262.601,9183.281,2000,5050.608,9395.958,2000,5201.127,9185.379,2000,5290.55
9171.119,2000,4986.565,9135.396,2000,5173.649,9264.136,2000,5164.635,9252.437,2000,5336.74,9046.749,2000,5141.38,9322.878,2000,5267.931,9101.602,2000,5263.683,9184.235,2000,5050.095,9394.891,2000,5200.941,9186.436,2000,5290.309
9171.012,2000,4985.487,9135.384,2000,5172.566,9263.2,2000,5165.181,9252.682,2000,5337.795,9045.666,2000,5141.375,9322.847,2000,5269.014,9101.632,2000,5264.766,9185.205,2000,5049.613,9393.83,2000,5200.721,9187.483,2000,5290.034
9170.869,2000,4984.413,9135.406,2000,5171.483,9262.265,2000,5165.728,9252.893,2000,5338.858,9044.583,2000,5141.335,9322.78,2000,5270.095,9101.627,2000,5265.849,9186.19,2000,5049.163,9392.777,2000,5200.466,9188.521,2000,5289.724
9170.691,2000,4983.344,9135.464,2000,5170.401,9261.329,2000,5166.273,9253.068,2000,5339.927,9043.502,2000,5141.259,9322.749,2000,5271.178,9101.586,2000,5266.932,9187.19,2000,5048.745,9391.733,2000,5200.177,9189.549,2000,5289.381
9170.479,2000,4982.282,9135.558,2000,5169.322,9260.394,2000,5166.819,9253.209,2000,5341.001,9042.425,2000,5141.148,9322.753,2000,5272.261,9101.51,2000,5268.012,9188.203,2000,5048.36,9390.699,2000,5199.854,9190.564,2000,5289.004
9170.231,2000,4981.228,9135.687,2000,5168.247,9259.457,2000,5167.364,9253.314,2000,5342.079,9041.352,2000,5141.002,9322.793,2000,5273.344,9101.398,2000,5269.09,9189.228,2000,5048.009,9389.677,2000,5199.497,9191.567,2000,5288.594
9169.95,2000,4980.182,9135.851,2000,5167.176,9258.521,2000,5167.908,9253.385,2000,5343.16,9040.283,2000,5140.821,9322.868,2000,5274.424,9101.252,2000,5270.163,9190.264,2000,5047.692,9388.666,2000,5199.107,9192.557,2000,5288.152
9169.638,2000,4979.144,9136.05,2000,5166.111,9257.583,2000,5168.452,9253.42,2000,5344.243,9039.222,2000,5140.605,9322.979,2000,5275.502,9101.07,2000,5271.231,9191.31,2000,5047.409,9387.644,2000,5198.75,9193.53,2000,5287.677
9169.31,2000,4978.111,9136.283,2000,5165.053,9256.646,2000,5168.994,9253.433,2000,5345.327,9038.168,2000,5140.354,9323.124,2000,5276.576,9100.854,2000,5272.292,9192.364,2000,5047.16,9386.609,2000,5198.427,9194.488,2000,5287.171
9168.967,2000,4977.084,9136.551,2000,5164.003,9255.707,2000,5169.536,9253.433,2000,5346.41,9037.106,2000,5140.138,9323.305,2000,5277.644,9100.603,2000,5273.346,9193.426,2000,5046.945,9385.565,2000,5198.138,9195.429,2000,5286.634
9168.608,2000,4976.062,9136.853,2000,5162.962,9254.769,2000,5170.076,9253.42,2000,5347.494,9036.038,2000,5139.957,9323.521,2000,5278.706,9100.317,2000,5274.391,9194.494,2000,5046.766,9384.513,2000,5197.883,9196.352,2000,5286.066
9168.236,2000,4975.044,9137.188,2000,5161.933,9253.829,2000,5170.616,9253.395,2000,5348.577,9034.965,2000,5139.811,9323.771,2000,5279.76,9099.998,2000,5275.426,9195.567,2000,5046.621,9383.452,2000,5197.663,9197.255,2000,5285.469
9167.85,2000,4974.032,9137.558,2000,5160.914,9252.89,2000,5171.155,9253.356,2000,5349.659,9033.888,2000,5139.7,9324.055,2000,5280.805,9099.645,2000,5276.45,9196.646,2000,5046.512,9382.385,2000,5197.477,9198.139,2000,5284.842
9167.449,2000,4973.025,9137.96,2000,5159.908,9251.949,2000,5171.693,9253.306,2000,5350.741,9032.807,2000,5139.624,9324.373,2000,5281.841,9099.258,2000,5277.462,9197.727,2000,5046.438,9381.312,2000,5197.327,9199.001,2000,5284.187
9167.036,2000,4972.024,9138.396,2000,5158.916,9251.009,2000,5172.231,9253.242,2000,5351.823,9031.724,2000,5139.583,9324.726,2000,5282.865,9098.839,2000,5278.461,9198.81,2000,5046.399,9380.234,2000,5197.211,9199.842,2000,5283.503
9166.61,2000,4971.028,9138.863,2000,5157.939,9250.067,2000,5172.768,9253.166,2000,5352.903,9030.641,2000,5139.579,9325.111,2000,5283.877,9098.452,2000,5279.474,9199.893,2000,5046.396,9379.154,2000,5197.131,9200.66,2000,5282.793
9166.173,2000,4970.037,9139.362,2000,5156.978,9249.126,2000,5173.304,9253.078,2000,5353.983,9029.558,2000,5139.609,9325.529,2000,5284.877,9098.099,2000,5280.498,9200.976,2000,5046.428,9378.072,2000,5197.087,9201.454,2000,5282.056
9165.724,2000,4969.051,9139.893,2000,5156.033,9248.185,2000,5173.839,9253.025,2000,5355.065,9028.477,2000,5139.675,9325.915,2000,5285.889,9097.779,2000,5281.533,9202.057,2000,5046.496,9376.989,2000,5197.078,9202.224,2000,5281.294
9165.264,2000,4968.07,9140.454,2000,5155.106,9247.243,2000,5174.375,9253.008,2000,5356.148,9027.398,2000,5139.777,9326.268,2000,5286.914,9097.494,2000,5282.578,9203.135,2000,5046.599,9375.906,2000,5197.104,9202.968,2000,5280.507
9164.793,2000,4967.094,9141.045,2000,5154.199,9246.302,2000,5174.911,9253.025,2000,5357.231,9026.324,2000,5139.914,9326.586,2000,5287.949,9097.243,2000,5283.631,9204.209,2000,5046.737,9374.824,2000,5197.166,9203.686,2000,5279.696
9164.313,2000,4966.124,9141.665,2000,5153.311,9245.36,2000,5175.447,9253.079,2000,5358.313,9025.255,2000,5140.085,9326.87,2000,5288.995,9097.026,2000,5284.693,9205.278,2000,5046.911,9373.743,2000,5197.239,9204.377,2000,5278.862
9163.822,2000,4965.157,9142.314,2000,5152.443,9244.419,2000,5175.983,9253.168,2000,5359.393,9024.191,2000,5140.292,9327.12,2000,5290.049,9096.845,2000,5285.761,9206.342,2000,5047.119,9372.662,2000,5197.314,9205.041,2000,5278.005
9163.323,2000,4964.196,9142.992,2000,5151.598,9243.479,2000,5176.521,9253.292,2000,5360.469,9023.136,2000,5140.533,9327.336,2000,5291.11,9096.698,2000,5286.834,9207.397,2000,5047.362,9371.581,2000,5197.39,9205.676,2000,5277.128
9162.816,2000,4963.239,9143.697,2000,5150.775,9242.538,2000,5177.06,9253.451,2000,5361.541,9022.088,2000,5140.809,9327.517,2000,5292.179,9096.587,2000,5287.912,9208.444,2000,5047.64,9370.501,2000,5197.468,9206.282,2000,5276.23
9162.301,2000,4962.286,9144.429,2000,5149.976,9241.599,2000,5177.599,9253.646,2000,5362.606,9021.05,2000,5141.119,9327.662,2000,5293.252,9096.511,2000,5288.992,9209.481,2000,5047.951,9369.421,2000,5197.546,9206.858,2000,5275.313
9161.778,2000,4961.337,9145.186,2000,5149.201,9240.66,2000,5178.14,9253.874,2000,5363.666,9020.022,2000,5141.462,9327.772,2000,5294.33,9096.47,2000,5290.075,9210.508,2000,5048.296,9368.341,2000,5197.626,9207.404,2000,5274.377
9161.249,2000,4960.392,9145.917,2000,5148.401,9239.739,2000,5178.711,9254.138,2000,5364.716,9019.007,2000,5141.839,9327.848,2000,5295.411,9096.465,2000,5291.158,9211.522,2000,5048.675,9367.261,2000,5197.708,9207.92,2000,5273.424
9160.688,2000,4959.465,9146.622,2000,5147.579,9238.838,2000,5179.313,9254.436,2000,5365.758,9018.004,2000,5142.25,9327.888,2000,5296.493,9096.495,2000,5292.241,9212.524,2000,5049.086,9366.181,2000,5197.79,9208.466,2000,5272.489
9160.099,2000,4958.557,9147.3,2000,5146.733,9237.957,2000,5179.943,9254.699,2000,5366.809,9017.015,2000,5142.692,9327.892,2000,5297.577,9096.561,2000,5293.323,9213.513,2000,5049.531,9365.101,2000,5197.873,9209.042,2000,5271.572
9159.479,2000,4957.668,9147.949,2000,5145.866,9237.097,2000,5180.602,9254.928,2000,5367.868,9016.041,2000,5143.167,9327.86,2000,5298.66,9096.661,2000,5294.401,9214.485,2000,5050.007,9364.021,2000,5197.958,9209.648,2000,5270.674
9158.83,2000,4956.8,9148.569,2000,5144.978,9236.259,2000,5181.288,9255.122,2000,5368.934,9015.083,2000,5143.673,9327.794,2000,5299.741,9096.797,2000,5295.476,9215.442,2000,5050.515,9362.94,2000,5198.043,9210.283,2000,5269.796
9158.153,2000,4955.954,9149.16,2000,5144.07,9235.443,2000,5182.001,9255.281,2000,5370.005,9014.143,2000,5144.211,9327.691,2000,5300.819,9096.968,2000,5296.546,9216.382,2000,5051.054,9361.86,2000,5198.13,9210.947,2000,5268.94
9157.449,2000,4955.13,9149.722,2000,5143.143,9234.652,2000,5182.741,9255.405,2000,5371.082,9013.22,2000,5144.779,9327.554,2000,5301.894,9097.174,2000,5297.609,9217.304,2000,5051.623,9360.78,2000,5198.218,9211.639,2000,5268.106
9156.719,2000,4954.33,9150.252,2000,5142.199,9233.886,2000,5183.506,9255.494,2000,5372.161,9012.316,2000,5145.376,9327.451,2000,5302.973,9097.415,2000,5298.666,9218.206,2000,5052.222,9359.7,2000,5198.308,9212.356,2000,5267.295
9155.963,2000,4953.554,9150.751,2000,5141.237,9233.145,2000,5184.296,9255.548,2000,5373.243,9011.433,2000,5146.003,9327.385,2000,5304.054,9097.69,2000,5299.713,9219.089,2000,5052.851,9358.621,2000,5198.398,9213.101,2000,5266.508
9155.182,2000,4952.804,9151.219,2000,5140.26,9232.43,2000,5185.11,9255.565,2000,5374.326,9010.57,2000,5146.659,9327.354,2000,5305.137,9098,2000,5300.751,9219.95,2000,5053.508,9357.542,2000,5198.49,9213.87,2000,5265.746
9154.376,2000,4952.079,9151.654,2000,5139.268,9231.742,2000,5185.947,9255.548,2000,5375.409,9009.729,2000,5147.343,9327.357,2000,5306.22,9098.343,2000,5301.779,9220.79,2000,5054.193,9356.463,2000,5198.583,9214.664,2000,5265.009
9153.548,2000,4951.381,9152.057,2000,5138.262,9231.082,2000,5186.806,9255.495,2000,5376.491,9008.912,2000,5148.053,9327.397,2000,5307.303,9098.72,2000,5302.794,9221.606,2000,5054.905,9355.384,2000,5198.678,9215.482,2000,5264.298
9152.697,2000,4950.711,9152.426,2000,5137.244,9230.45,2000,5187.686,9255.407,2000,5377.571,9008.118,2000,5148.79,9327.473,2000,5308.383,9099.13,2000,5303.797,9222.399,2000,5055.643,9354.305,2000,5198.774,9216.323,2000,5263.615
9151.825,2000,4950.069,9152.762,2000,5136.214,9229.848,2000,5188.586,9255.283,2000,5378.647,9007.349,2000,5149.553,9327.583,2000,5309.461,9099.572,2000,5304.786,9223.168,2000,5056.407,9353.226,2000,5198.872,9217.186,2000,5262.96
9150.933,2000,4949.456,9153.063,2000,5135.173,9229.274,2000,5189.506,9255.124,2000,5379.719,9006.604,2000,5150.34,9327.658,2000,5310.542,9100.047,2000,5305.76,9223.911,2000,5057.195,9352.146,2000,5198.971,9218.069,2000,5262.333
9150.021,2000,4948.872,9153.331,2000,5134.124,9228.732,2000,5190.443,9254.931,2000,5380.785,9005.887,2000,5151.151,9327.698,2000,5311.624,9100.553,2000,5306.718,9224.628,2000,5058.008,9351.068,2000,5199.072,9218.973,2000,5261.735
9149.089,2000,4948.318,9153.564,2000,5133.065,9228.221,2000,5191.398,9254.702,2000,5381.844,9005.195,2000,5151.985,9327.702,2000,5312.708,9101.09,2000,5307.659,9225.317,2000,5058.843,9349.99,2000,5199.175,9219.896,2000,5261.167
9148.14,2000,4947.795,9153.764,2000,5132,9227.74,2000,5192.37,9254.439,2000,5382.895,9004.532,2000,5152.842,9327.671,2000,5313.791,9101.657,2000,5308.582,9225.979,2000,5059.701,9348.912,2000,5199.28,9220.836,2000,5260.63
9147.174,2000,4947.303,9153.928,2000,5130.93,9227.292,2000,5193.356,9254.143,2000,5383.936,9003.897,2000,5153.72,9327.604,2000,5314.872,9102.255,2000,5309.486,9226.613,2000,5060.58,9347.834,2000,5199.387,9221.794,2000,5260.125
9146.193,2000,4946.844,9154.057,2000,5129.854,9226.877,2000,5194.356,9253.812,2000,5384.967,9003.292,2000,5154.618,9327.502,2000,5315.95,9102.882,2000,5310.37,9227.218,2000,5061.479,9346.756,2000,5199.495,9222.768,2000,5259.65
9145.198,2000,4946.417,9154.15,2000,5128.775,9226.494,2000,5195.37,9253.446,2000,5385.987,9002.716,2000,5155.535,9327.364,2000,5317.025,9103.537,2000,5311.232,9227.793,2000,5062.397,9345.678,2000,5199.605,9223.757,2000,5259.208
9144.189,2000,4946.022,9154.208,2000,5127.693,9226.146,2000,5196.396,9253.048,2000,5386.995,9002.17,2000,5156.471,9327.191,2000,5318.094,9104.221,2000,5312.073,9228.397,2000,5063.296,9344.601,2000,5199.718,9224.76,2000,5258.798
9143.168,2000,4945.661,9154.23,2000,5126.61,9225.83,2000,5197.432,9252.617,2000,5387.989,9001.655,2000,5157.424,9326.984,2000,5319.158,9104.931,2000,5312.891,9229.031,2000,5064.175,9343.523,2000,5199.833,9225.775,2000,5258.421
9142.136,2000,4945.333,9154.218,2000,5125.527,9225.481,2000,5198.458,9252.154,2000,5388.969,9001.172,2000,5158.393,9326.742,2000,5320.214,9105.667,2000,5313.686,9229.693,2000,5065.032,9342.446,2000,5199.949,9226.803,2000,5258.078
9141.093,2000,4945.039,9154.17,2000,5124.445,9225.099,2000,5199.471,9251.659,2000,5389.933,9000.721,2000,5159.378,9326.466,2000,5321.261,9106.43,2000,5314.455,9230.383,2000,5065.868,9341.369,2000,5200.068,9227.841,2000,5257.768
9140.041,2000,4944.78,9154.086,2000,5123.365,9224.684,2000,5200.472,9251.133,2000,5390.879,9000.302,2000,5160.377,9326.155,2000,5322.299,9107.217,2000,5315.199,9231.1,2000,5066.68,9340.293,2000,5200.189,9228.889,2000,5257.493
9138.981,2000,4944.555,9153.967,2000,5122.288,9224.235,2000,5201.458,9250.576,2000,5391.809,8999.916,2000,5161.389,9325.811,2000,5323.327,9108.027,2000,5315.917,9231.843,2000,5067.469,9339.217,2000,5200.312,9229.945,2000,5257.252
9137.915,2000,4944.365,9153.813,2000,5121.216,9223.755,2000,5202.429,9249.989,2000,5392.719,8999.563,2000,5162.414,9325.433,2000,5324.342,9108.861,2000,5316.609,9232.611,2000,5068.232,9338.141,2000,5200.438,9231.009,2000,5257.046
9136.843,2000,4944.209,9153.623,2000,5120.149,9223.243,2000,5203.384,9249.373,2000,5393.61,8999.244,2000,5163.449,9325.021,2000,5325.344,9109.718,2000,5317.272,9233.404,2000,5068.971,9337.064,2000,5200.565,9232.078,2000,5256.875
9135.766,2000,4944.089,9153.399,2000,5119.089,9222.701,2000,5204.322,9248.728,2000,5394.48,8998.959,2000,5164.494,9324.578,2000,5326.333,9110.596,2000,5317.908,9234.221,2000,5069.683,9335.989,2000,5200.695,9233.153,2000,5256.738
9134.686,2000,4944.005,9153.141,2000,5118.037,9222.128,2000,5205.241,9248.055,2000,5395.329,8998.708,2000,5165.547,9324.103,2000,5327.306,9111.493,2000,5318.514,9235.061,2000,5070.368,9334.914,2000,5200.827,9234.232,2000,5256.637
9133.604,2000,4943.956,9152.848,2000,5116.994,9221.525,2000,5206.142,9247.354,2000,5396.155,8998.492,2000,5166.609,9323.596,2000,5328.264,9112.41,2000,5319.091,9235.922,2000,5071.025,9333.839,2000,5200.961,9235.313,2000,5256.572
9132.521,2000,4943.942,9152.521,2000,5115.961,9220.894,2000,5207.021,9246.626,2000,5396.958,8998.311,2000,5167.677,9323.058,2000,5329.204,9113.346,2000,5319.637,9236.805,2000,5071.653,9332.765,2000,5201.098,9236.396,2000,5256.542
9131.438,2000,4943.963,9152.16,2000,5114.939,9220.233,2000,5207.88,9245.873,2000,5397.737,8998.164,2000,5168.75,9322.489,2000,5330.126,9114.299,2000,5320.152,9237.707,2000,5072.252,9331.69,2000,5201.237,9237.479,2000,5256.547
9130.355,2000,4944.021,9151.767,2000,5113.93,9219.546,2000,5208.717,9245.095,2000,5398.49,8998.053,2000,5169.828,9321.891,2000,5331.029,9115.269,2000,5320.636,9238.629,2000,5072.822,9330.616,2000,5201.379,9238.563,2000,5256.587
9129.276,2000,4944.113,9151.34,2000,5112.934,9218.831,2000,5209.531,9244.292,2000,5399.218,8997.977,2000,5170.908,9321.263,2000,5331.912,9116.253,2000,5321.088,9239.568,2000,5073.361,9329.543,2000,5201.523,9239.644,2000,5256.664
9128.2,2000,4944.24,9150.881,2000,5111.953,9218.09,2000,5210.321,9243.466,2000,5399.919,8997.937,2000,5171.991,9320.606,2000,5332.774,9117.252,2000,5321.507,9240.525,2000,5073.869,9328.47,2000,5201.669,9240.721,2000,5256.775
9127.129,2000,4944.403,9150.391,2000,5110.987,9217.323,2000,5211.086,9242.617,2000,5400.593,8997.932,2000,5173.074,9319.923,2000,5333.614,9118.264,2000,5321.894,9241.498,2000,5074.345,9327.396,2000,5201.819,9241.794,2000,5256.921
9126.063,2000,4944.601,9149.869,2000,5110.038,9216.532,2000,5211.826,9241.747,2000,5401.238,8997.962,2000,5174.157,9319.212,2000,5334.431,9119.288,2000,5322.247,9242.486,2000,5074.789,9326.324,2000,5201.971,9242.862,2000,5257.103
9125.006,2000,4944.833,9149.316,2000,5109.106,9215.717,2000,5212.54,9240.856,2000,5401.855,8998.028,2000,5175.239,9318.475,2000,5335.225,9120.323,2000,5322.566,9243.488,2000,5075.201,9325.248,2000,5202.096,9243.924,2000,5257.319
9123.956,2000,4945.1,9148.733,2000,5108.193,9214.879,2000,5213.226,9239.946,2000,5402.442,8998.13,2000,5176.317,9317.712,2000,5335.994,9121.368,2000,5322.852,9244.477,2000,5075.645,9324.168,2000,5202.186,9244.978,2000,5257.57
9122.915,2000,4945.401,9148.181,2000,5107.261,9214.019,2000,5213.885,9239.018,2000,5403,8998.267,2000,5177.392,9316.924,2000,5336.737,9122.422,2000,5323.103,9245.449,2000,5076.121,9323.086,2000,5202.24,9246.022,2000,5257.856
9121.885,2000,4945.736,9147.659,2000,5106.312,9213.138,2000,5214.515,9238.07,2000,5403.526,8998.438,2000,5178.462,9316.112,2000,5337.455,9123.483,2000,5323.319,9246.406,2000,5076.629,9322.003,2000,5202.259,9247.058,2000,5258.175
9120.866,2000,4946.105,9147.169,2000,5105.346,9212.236,2000,5215.116,9237.106,2000,5404.021,8998.646,2000,5179.525,9315.277,2000,5338.145,9124.552,2000,5323.501,9247.346,2000,5077.168,9320.92,2000,5202.243,9248.082,2000,5258.528
9119.86,2000,4946.507,9146.71,2000,5104.365,9211.315,2000,5215.688,9236.127,2000,5404.484,8998.887,2000,5180.582,9314.42,2000,5338.808,9125.625,2000,5323.647,9248.268,2000,5077.737,9319.838,2000,5202.191,9249.094,2000,5258.915
9118.868,2000,4946.941,9146.283,2000,5103.369,9210.377,2000,5216.229,9235.133,2000,5404.916,8999.162,2000,5181.629,9313.542,2000,5339.442,9126.702,2000,5323.759,9249.17,2000,5078.336,9318.758,2000,5202.104,9250.093,2000,5259.334
9117.891,2000,4947.408,9145.89,2000,5102.359,9209.421,2000,5216.738,9234.125,2000,5405.314,8999.472,2000,5182.667,9312.644,2000,5340.047,9127.783,2000,5323.835,9250.053,2000,5078.965,9317.682,2000,5201.981,9251.077,2000,5259.786
9116.929,2000,4947.907,9145.529,2000,5101.338,9208.449,2000,5217.217,9233.105,2000,5405.679,8999.815,2000,5183.695,9311.726,2000,5340.623,9128.866,2000,5323.875,9250.914,2000,5079.622,9316.609,2000,5201.823,9252.047,2000,5260.27
9115.983,2000,4948.437,9145.202,2000,5100.305,9207.462,2000,5217.663,9232.074,2000,5406.011,9000.192,2000,5184.71,9310.789,2000,5341.168,9129.949,2000,5323.881,9251.754,2000,5080.307,9315.543,2000,5201.631,9253,2000,5260.785
9115.057,2000,4948.997,9144.909,2000,5099.262,9206.461,2000,5218.077,9231.032,2000,5406.309,9000.603,2000,5185.713,9309.871,2000,5341.744,9131.032,2000,5323.851,9252.57,2000,5081.019,9314.483,2000,5201.403,9253.936,2000,5261.332
9114.148,2000,4949.587,9144.65,2000,5098.21,9205.446,2000,5218.458,9229.981,2000,5406.572,9001.045,2000,5186.702,9308.973,2000,5342.35,9132.113,2000,5323.785,9253.363,2000,5081.757,9313.433,2000,5201.142,9254.853,2000,5261.908
9113.26,2000,4950.207,9144.427,2000,5097.15,9204.42,2000,5218.805,9228.923,2000,5406.801,9001.52,2000,5187.676,9308.095,2000,5342.984,9133.192,2000,5323.684,9254.132,2000,5082.521,9312.391,2000,5200.845,9255.75,2000,5262.514
9112.392,2000,4950.855,9144.237,2000,5096.083,9203.383,2000,5219.118,9227.857,2000,5406.995,9002.026,2000,5188.633,9307.237,2000,5343.646,9134.268,2000,5323.548,9254.875,2000,5083.31,9311.358,2000,5200.515,9256.628,2000,5263.149
9111.546,2000,4951.531,9144.083,2000,5095.011,9202.336,2000,5219.397,9226.786,2000,5407.154,9002.563,2000,5189.574,9306.402,2000,5344.337,9135.337,2000,5323.376,9255.592,2000,5084.122,9310.338,2000,5200.151,9257.484,2000,5263.813
9110.723,2000,4952.235,9143.964,2000,5093.934,9201.28,2000,5219.643,9225.71,2000,5407.278,9003.132,2000,5190.496,9305.591,2000,5345.054,9136.4,2000,5323.17,9256.281,2000,5084.958,9309.33,2000,5199.754,9258.318,2000,5264.504
9109.923,2000,4952.965,9143.88,2000,5092.854,9200.218,2000,5219.853,9224.63,2000,5407.367,9003.729,2000,5191.399,9304.803,2000,5345.798,9137.457,2000,5322.93,9256.943,2000,5085.815,9308.336,2000,5199.325,9259.13,2000,5265.223
9109.147,2000,4953.722,9143.832,2000,5091.772,9199.148,2000,5220.029,9223.548,2000,5407.42,9004.356,2000,5192.283,9304.04,2000,5346.567,9138.505,2000,5322.654,9257.577,2000,5086.694,9307.356,2000,5198.863,9259.917,2000,5265.967
9108.396,2000,4954.503,9143.819,2000,5090.688,9198.074,2000,5220.169,9222.465,2000,5407.438,9005.012,2000,5193.145,9303.303,2000,5347.36,9139.543,2000,5322.345,9258.182,2000,5087.593,9306.393,2000,5198.369,9260.68,2000,5266.736
9107.672,2000,4955.308,9143.842,2000,5089.605,9196.996,2000,5220.275,9221.382,2000,5407.421,9005.695,2000,5193.985,9302.592,2000,5348.178,9140.57,2000,5322.001,9258.757,2000,5088.511,9305.445,2000,5197.844,9261.416,2000,5267.531
9106.974,2000,4956.137,9143.899,2000,5088.524,9195.915,2000,5220.345,9220.3,2000,5407.368,9006.406,2000,5194.803,9301.908,2000,5349.018,9141.586,2000,5321.625,9259.301,2000,5089.448,9304.516,2000,5197.289,9262.126,2000,5268.349
9106.303,2000,4956.988,9143.993,2000,5087.445,9194.832,2000,5220.379,9219.22,2000,5407.279,9007.144,2000,5195.597,9301.252,2000,5349.879,9142.589,2000,5321.215,9259.814,2000,5090.402,9303.604,2000,5196.703,9262.81,2000,5269.189
9105.66,2000,4957.86,9144.122,2000,5086.369,9193.749,2000,5220.378,9218.144,2000,5407.156,9007.906,2000,5196.367,9300.624,2000,5350.762,9143.578,2000,5320.773,9260.297,2000,5091.372,9302.713,2000,5196.087,9263.465,2000,5270.052
9105.047,2000,4958.753,9144.286,2000,5085.298,9192.666,2000,5220.342,9217.063,2000,5407.067,9008.693,2000,5197.111,9300.025,2000,5351.665,9144.552,2000,5320.298,9260.747,2000,5092.357,9301.842,2000,5195.443,9264.092,2000,5270.936
9104.463,2000,4959.666,9144.485,2000,5084.233,9191.585,2000,5220.27,9215.981,2000,5407.014,9009.505,2000,5197.829,9299.457,2000,5352.587,9145.51,2000,5319.792,9261.165,2000,5093.357,9300.992,2000,5194.771,9264.689,2000,5271.84
9103.909,2000,4960.597,9144.719,2000,5083.175,9190.507,2000,5220.163,9214.898,2000,5406.997,9010.339,2000,5198.52,9298.919,2000,5353.528,9146.45,2000,5319.255,9261.55,2000,5094.37,9300.165,2000,5194.071,9265.257,2000,5272.763
9103.387,2000,4961.546,9144.986,2000,5082.125,9189.433,2000,5220.021,9213.815,2000,5407.015,9011.195,2000,5199.183,9298.412,2000,5354.485,9147.373,2000,5318.688,9261.901,2000,5095.395,9299.361,2000,5193.345,9265.794,2000,5273.704
9102.896,2000,4962.511,9145.288,2000,5081.085,9188.364,2000,5219.844,9212.733,2000,5407.068,9012.073,2000,5199.818,9297.937,2000,5355.459,9148.276,2000,5318.09,9262.219,2000,5096.43,9298.582,2000,5192.592,9266.3,2000,5274.662
9102.436,2000,4963.492,9145.624,2000,5080.055,9187.302,2000,5219.631,9211.653,2000,5407.157,9012.972,2000,5200.424,9297.493,2000,5356.447,9149.16,2000,5317.463,9262.502,2000,5097.476,9297.828,2000,5191.815,9266.774,2000,5275.636
9102.008,2000,4964.488,9145.993,2000,5079.037,9186.247,2000,5219.384,9210.577,2000,5407.281,9013.889,2000,5201,9297.082,2000,5357.45,9150.022,2000,5316.808,9262.751,2000,5098.53,9297.1,2000,5191.013,9267.217,2000,5276.625
9101.613,2000,4965.497,9146.396,2000,5078.031,9185.201,2000,5219.103,9209.506,2000,5407.44,9014.824,2000,5201.546,9296.704,2000,5358.465,9150.863,2000,5316.125,9262.966,2000,5099.592,9296.397,2000,5190.188,9267.627,2000,5277.627
9101.252,2000,4966.518,9146.831,2000,5077.039,9184.165,2000,5218.788,9208.43,2000,5407.564,9015.777,2000,5202.061,9296.359,2000,5359.492,9151.682,2000,5315.415,9263.146,2000,5100.66,9295.723,2000,5189.34,9268.004,2000,5278.643
9100.924,2000,4967.551,9147.299,2000,5076.062,9183.14,2000,5218.438,9207.35,2000,5407.653,9016.747,2000,5202.544,9296.049,2000,5360.53,9152.476,2000,5314.678,9263.29,2000,5101.734,9295.076,2000,5188.471,9268.348,2000,5279.67
9100.63,2000,4968.594,9147.798,2000,5075.1,9182.126,2000,5218.056,9206.268,2000,5407.706,9017.731,2000,5202.996,9295.772,2000,5361.578,9153.245,2000,5313.916,9263.399,2000,5102.812,9294.459,2000,5187.581,9268.657,2000,5280.708
9100.37,2000,4969.646,9148.328,2000,5074.156,9181.125,2000,5217.641,9205.185,2000,5407.724,9018.73,2000,5203.415,9295.53,2000,5362.634,9153.989,2000,5313.128,9263.474,2000,5103.892,9293.871,2000,5186.671,9268.933,2000,5281.756
9100.146,2000,4970.705,9148.89,2000,5073.229,9180.139,2000,5217.193,9204.102,2000,5407.707,9019.742,2000,5203.801,9295.323,2000,5363.697,9154.759,2000,5312.366,9263.513,2000,5104.975,9293.313,2000,5185.743,9269.174,2000,5282.813
9099.955,2000,4971.771,9149.48,2000,5072.321,9179.167,2000,5216.713,9203.02,2000,5407.653,9020.767,2000,5204.154,9295.15,2000,5364.767,9155.553,2000,5311.629,9263.516,2000,5106.058,9292.726,2000,5184.833,9269.38,2000,5283.876
9099.8,2000,4972.844,9150.101,2000,5071.433,9178.212,2000,5216.201,9201.939,2000,5407.565,9021.802,2000,5204.474,9295.013,2000,5365.841,9156.371,2000,5310.919,9263.483,2000,5107.141,9292.108,2000,5183.943,9269.551,2000,5284.946
9099.68,2000,4973.92,9150.75,2000,5070.566,9177.274,2000,5215.659,9200.863,2000,5407.441,9022.847,2000,5204.759,9294.91,2000,5366.92,9157.212,2000,5310.236,9263.416,2000,5108.222,9291.462,2000,5183.074,9269.688,2000,5286.021
9099.595,2000,4975,9151.428,2000,5069.72,9176.354,2000,5215.086,9199.792,2000,5407.283,9023.9,2000,5205.01,9294.844,2000,5368.001,9158.074,2000,5309.581,9263.313,2000,5109.301,9290.787,2000,5182.226,9269.788,2000,5287.099
9099.545,2000,4976.083,9152.133,2000,5068.897,9175.454,2000,5214.483,9198.727,2000,5407.089,9024.962,2000,5205.226,9294.813,2000,5369.084,9158.958,2000,5308.954,9263.174,2000,5110.375,9290.085,2000,5181.401,9269.854,2000,5288.181
9099.531,2000,4977.166,9152.864,2000,5068.098,9174.574,2000,5213.852,9197.668,2000,5406.86,9026.03,2000,5205.407,9294.816,2000,5370.167,9159.861,2000,5308.356,9263,2000,5111.445,9289.356,2000,5180.599,9269.884,2000,5289.264
9099.553,2000,4978.249,9153.621,2000,5067.323,9173.715,2000,5213.191,9196.617,2000,5406.597,9027.104,2000,5205.553,9294.856,2000,5371.25,9160.784,2000,5307.789,9262.792,2000,5112.508,9288.603,2000,5179.822,9269.879,2000,5290.347
9099.609,2000,4979.331,9154.403,2000,5066.573,9172.878,2000,5212.503,9195.575,2000,5406.3,9028.181,2000,5205.664,9294.932,2000,5372.331,9161.725,2000,5307.251,9262.549,2000,5113.563,9287.823,2000,5179.069,9269.838,2000,5291.43
9099.702,2000,4980.41,9155.209,2000,5065.849,9172.064,2000,5211.789,9194.544,2000,5405.969,9029.262,2000,5205.74,9295.042,2000,5373.408,9162.683,2000,5306.746,9262.271,2000,5114.611,9287.02,2000,5178.343,9269.762,2000,5292.51
9099.83,2000,4981.486,9156.038,2000,5065.152,9171.274,2000,5211.047,9193.523,2000,5405.604,9030.345,2000,5205.78,9295.188,2000,5374.482,9163.656,2000,5306.271,9261.96,2000,5115.648,9286.192,2000,5177.643,9269.65,2000,5293.588
9099.993,2000,4982.557,9156.89,2000,5064.482,9170.509,2000,5210.281,9192.516,2000,5405.206,9031.428,2000,5205.799,9295.368,2000,5375.55,9164.646,2000,5305.829,9261.614,2000,5116.675,9285.343,2000,5176.971,9269.504,2000,5294.661
9100.121,2000,4983.632,9157.763,2000,5063.841,9169.769,2000,5209.489,9191.521,2000,5404.775,9032.511,2000,5205.817,9295.584,2000,5376.612,9165.648,2000,5305.419,9261.235,2000,5117.69,9284.472,2000,5176.327,9269.322,2000,5295.729
9100.214,2000,4984.712,9158.656,2000,5063.229,9169.055,2000,5208.674,9190.542,2000,5404.313,9033.594,2000,5205.836,9295.834,2000,5377.666,9166.664,2000,5305.042,9260.823,2000,5118.692,9283.58,2000,5175.711,9269.105,2000,5296.791
9100.271,2000,4985.794,9159.569,2000,5062.646,9168.368,2000,5207.836,9189.578,2000,5403.818,9034.677,2000,5205.855,9296.118,2000,5378.711,9167.691,2000,5304.699,9260.379,2000,5119.681,9282.669,2000,5175.125,9268.854,2000,5297.844
9100.292,2000,4986.877,9160.501,2000,5062.093,9167.709,2000,5206.977,9188.631,2000,5403.292,9035.76,2000,5205.874,9296.437,2000,5379.747,9168.729,2000,5304.39,9259.902,2000,5120.654,9281.739,2000,5174.57,9268.569,2000,5298.889
9100.278,2000,4987.96,9161.45,2000,5061.571,9167.079,2000,5206.095,9187.701,2000,5402.735,9036.843,2000,5205.893,9296.789,2000,5380.771,9169.777,2000,5304.114,9259.395,2000,5121.611,9280.792,2000,5174.045,9268.318,2000,5299.943
9100.229,2000,4989.042,9162.416,2000,5061.08,9166.478,2000,5205.194,9186.791,2000,5402.148,9037.926,2000,5205.912,9297.149,2000,5381.793,9170.834,2000,5303.874,9258.855,2000,5122.551,9279.828,2000,5173.551,9268.102,2000,5301.004
9100.144,2000,4990.122,9163.397,2000,5060.621,9165.906,2000,5204.273,9185.861,2000,5401.592,9039.009,2000,5205.931,9297.516,2000,5382.813,9171.882,2000,5303.598,9258.286,2000,5123.473,9278.849,2000,5173.089,9267.92,2000,5302.072
9100.023,2000,4991.199,9164.394,2000,5060.195,9165.365,2000,5203.335,9184.914,2000,5401.066,9040.092,2000,5205.949,9297.889,2000,5383.83,9172.92,2000,5303.289,9257.687,2000,5124.375,9277.854,2000,5172.66,9267.773,2000,5303.146
9099.868,2000,4992.271,9165.403,2000,5059.801,9164.855,2000,5202.379,9183.95,2000,5400.571,9041.175,2000,5205.968,9298.268,2000,5384.845,9173.947,2000,5302.945,9257.058,2000,5125.257,9276.847,2000,5172.263,9267.662,2000,5304.223
9099.678,2000,4993.337,9166.425,2000,5059.441,9164.377,2000,5201.407,9182.971,2000,5400.108,9042.258,2000,5205.986,9298.652,2000,5385.858,9174.963,2000,5302.569,9256.4,2000,5126.119,9275.826,2000,5171.899,9267.586,2000,5305.304
9099.453,2000,4994.397,9167.458,2000,5059.114,9163.931,2000,5200.419,9181.977,2000,5399.678,9043.341,2000,5206.004,9299.042,2000,5386.869,9175.966,2000,5302.159,9255.716,2000,5126.958,9274.794,2000,5171.569,9267.545,2000,5306.386
9099.193,2000,4995.449,9168.501,2000,5058.821,9163.517,2000,5199.418,9180.969,2000,5399.28,9044.424,2000,5206.021,9299.437,2000,5387.877,9176.955,2000,5301.717,9255.004,2000,5127.774,9273.752,2000,5171.272,9267.54,2000,5307.47
9098.899,2000,4996.492,9169.553,2000,5058.563,9163.136,2000,5198.404,9179.948,2000,5398.915,9045.507,2000,5206.039,9299.836,2000,5388.884,9177.929,2000,5301.242,9254.266,2000,5128.567,9272.701,2000,5171.011,9267.57,2000,5308.553
9098.571,2000,4997.524,9170.612,2000,5058.339,9162.788,2000,5197.377,9178.917,2000,5398.584,9046.59,2000,5206.056,9300.239,2000,5389.89,9178.887,2000,5300.736,9253.502,2000,5129.335,9271.642,2000,5170.783,9267.636,2000,5309.634
9098.21,2000,4998.546,9171.679,2000,5058.15,9162.475,2000,5196.34,9177.875,2000,5398.287,9047.673,2000,5206.072,9300.647,2000,5390.894,9179.827,2000,5300.199,9252.714,2000,5130.078,9270.575,2000,5170.591,9267.736,2000,5310.713
9097.815,2000,4999.555,9172.751,2000,5057.996,9162.195,2000,5195.293,9176.824,2000,5398.023,9048.756,2000,5206.087,9301.059,2000,5391.896,9180.75,2000,5299.632,9251.901,2000,5130.795,9269.503,2000,5170.433,9267.873,2000,5311.788
9097.388,2000,5000.55,9173.828,2000,5057.876,9161.95,2000,5194.238,9175.766,2000,5397.795,9049.839,2000,5206.103,9301.474,2000,5392.896,9181.653,2000,5299.034,9251.066,2000,5131.484,9268.427,2000,5170.311,9268.044,2000,5312.857
9096.928,2000,5001.531,9174.908,2000,5057.793,9161.74,2000,5193.176,9174.7,2000,5397.601,9050.922,2000,5206.117,9301.892,2000,5393.896,9182.537,2000,5298.407,9250.209,2000,5132.146,9267.347,2000,5170.223,9268.25,2000,5313.921
9096.437,2000,5002.497,9175.99,2000,5057.745,9161.564,2000,5192.107,9173.629,2000,5397.442,9052.005,2000,5206.131,9302.312,2000,5394.895,9183.399,2000,5297.752,9249.33,2000,5132.78,9266.265,2000,5170.171,9268.491,2000,5314.977
9095.914,2000,5003.445,9177.073,2000,5057.732,9161.424,2000,5191.033,9172.563,2000,5397.249,9053.088,2000,5206.144,9302.733,2000,5395.892,9184.24,2000,5297.069,9248.431,2000,5133.385,9265.182,2000,5170.155,9268.767,2000,5316.025
9095.36,2000,5004.376,9178.156,2000,5057.754,9161.318,2000,5189.955,9171.505,2000,5397.02,9054.171,2000,5206.156,9303.157,2000,5396.889,9185.059,2000,5296.358,9247.513,2000,5133.959,9264.099,2000,5170.174,9269.076,2000,5317.063
9094.776,2000,5005.289,9179.238,2000,5057.813,9161.248,2000,5188.874,9170.454,2000,5396.757,9055.254,2000,5206.167,9303.583,2000,5397.885,9185.853,2000,5295.622,9246.576,2000,5134.504,9263.017,2000,5170.229,9269.42,2000,5318.09
9094.163,2000,5006.182,9180.317,2000,5057.906,9161.214,2000,5187.791,9169.412,2000,5396.459,9056.337,2000,5206.178,9304.01,2000,5398.881,9186.622,2000,5294.859,9245.622,2000,5135.018,9261.937,2000,5170.318,9269.797,2000,5319.106
9093.579,2000,5007.095,9181.393,2000,5058.035,9161.144,2000,5186.709,9168.381,2000,5396.128,9057.42,2000,5206.187,9304.437,2000,5399.877,9187.366,2000,5294.072,9244.652,2000,5135.5,9260.86,2000,5170.443,9270.207,2000,5320.109
9093.025,2000,5008.026,9182.464,2000,5058.198,9161.038,2000,5185.631,9167.361,2000,5395.764,9058.503,2000,5206.195,9304.863,2000,5400.873,9188.084,2000,5293.261,9243.667,2000,5135.95,9259.789,2000,5170.604,9270.649,2000,5321.098
9092.503,2000,5008.975,9183.539,2000,5058.327,9160.897,2000,5184.557,9166.354,2000,5395.366,9059.586,2000,5206.202,9305.29,2000,5401.868,9188.775,2000,5292.427,9242.667,2000,5136.367,9258.724,2000,5170.799,9271.124,2000,5322.072
9092.012,2000,5009.94,9184.618,2000,5058.42,9160.722,2000,5183.488,9165.359,2000,5394.935,9060.669,2000,5206.208,9305.717,2000,5402.864,9189.439,2000,5291.571,9241.654,2000,5136.752,9257.665,2000,5171.029,9271.63,2000,5323.03
9091.552,2000,5010.921,9185.7,2000,5058.479,9160.512,2000,5182.426,9164.38,2000,5394.472,9061.752,2000,5206.212,9306.143,2000,5403.86,9190.075,2000,5290.693,9240.63,2000,5137.103,9256.614,2000,5171.293,9272.167,2000,5323.971
9091.124,2000,5011.917,9186.783,2000,5058.501,9160.267,2000,5181.371,9163.416,2000,5393.978,9062.835,2000,5206.216,9306.566,2000,5404.857,9190.682,2000,5289.795,9239.594,2000,5137.42,9255.573,2000,5171.592,9272.734,2000,5324.894
9090.729,2000,5012.925,9187.866,2000,5058.488,9159.987,2000,5180.324,9162.469,2000,5393.452,9063.918,2000,5206.184,9306.988,2000,5405.855,9191.258,2000,5288.878,9238.548,2000,5137.704,9254.542,2000,5171.925,9273.332,2000,5325.797
9090.368,2000,5013.947,9188.948,2000,5058.44,9159.674,2000,5179.287,9161.539,2000,5392.895,9065.001,2000,5206.187,9307.408,2000,5406.854,9191.804,2000,5287.943,9237.493,2000,5137.953,9253.522,2000,5172.291,9273.959,2000,5326.681
9090.04,2000,5014.979,9190.028,2000,5058.356,9159.326,2000,5178.26,9160.629,2000,5392.308,9066.084,2000,5206.226,9307.825,2000,5407.854,9192.319,2000,5286.99,9236.432,2000,5138.167,9252.516,2000,5172.69,9274.614,2000,5327.544
9089.746,2000,5016.022,9191.105,2000,5058.237,9158.945,2000,5177.246,9159.738,2000,5391.692,9067.165,2000,5206.3,9308.239,2000,5408.854,9192.803,2000,5286.021,9235.363,2000,5138.347,9251.522,2000,5173.123,9275.298,2000,5328.385
9089.486,2000,5017.074,9192.178,2000,5058.083,9158.531,2000,5176.245,9158.868,2000,5391.047,9068.243,2000,5206.409,9308.649,2000,5409.857,9193.255,2000,5285.036,9234.29,2000,5138.491,9250.544,2000,5173.587,9276.008,2000,5329.203
9089.262,2000,5018.134,9193.244,2000,5057.894,9158.085,2000,5175.257,9158.02,2000,5390.374,9069.316,2000,5206.554,9309.056,2000,5410.861,9193.674,2000,5284.037,9233.212,2000,5138.601,9249.581,2000,5174.083,9276.744,2000,5329.997
9089.071,2000,5019.2,9194.304,2000,5057.67,9157.606,2000,5174.285,9157.193,2000,5389.673,9070.385,2000,5206.733,9309.458,2000,5411.867,9194.061,2000,5283.025,9232.131,2000,5138.675,9248.635,2000,5174.61,9277.507,2000,5330.767
9088.916,2000,5020.272,9195.355,2000,5057.412,9157.097,2000,5173.329,9156.391,2000,5388.945,9071.446,2000,5206.948,9309.855,2000,5412.875,9194.414,2000,5282.001,9231.048,2000,5138.713,9247.706,2000,5175.168,9278.294,2000,5331.511
9088.796,2000,5021.349,9196.398,2000,5057.119,9156.556,2000,5172.391,9155.612,2000,5388.192,9072.501,2000,5207.197,9310.247,2000,5413.885,9194.733,2000,5280.966,9229.965,2000,5138.716,9246.796,2000,5175.757,9279.105,2000,5332.229
9088.711,2000,5022.429,9197.432,2000,5056.792,9155.984,2000,5171.47,9154.858,2000,5387.414,9073.547,2000,5207.48,9310.633,2000,5414.897,9195.019,2000,5279.921,9228.882,2000,5138.684,9245.906,2000,5176.375,9279.939,2000,5332.92
9088.661,2000,5023.511,9198.453,2000,5056.432,9155.383,2000,5170.569,9154.131,2000,5386.611,9074.583,2000,5207.798,9311.013,2000,5415.912,9195.27,2000,5278.867,9227.801,2000,5138.616,9245.037,2000,5177.021,9280.796,2000,5333.584
9088.647,2000,5024.594,9199.463,2000,5056.038,9154.753,2000,5169.688,9153.43,2000,5385.785,9075.607,2000,5208.149,9311.386,2000,5416.929,9195.486,2000,5277.806,9226.723,2000,5138.513,9244.189,2000,5177.695,9281.674,2000,5334.219
9088.669,2000,5025.677,9200.459,2000,5055.612,9154.094,2000,5168.828,9152.756,2000,5384.937,9076.62,2000,5208.534,9311.752,2000,5417.948,9195.668,2000,5276.738,9225.648,2000,5138.375,9243.364,2000,5178.397,9282.571,2000,5334.825
9088.726,2000,5026.759,9201.44,2000,5055.153,9153.407,2000,5167.99,9152.11,2000,5384.066,9077.62,2000,5208.951,9312.11,2000,5418.97,9195.814,2000,5275.665,9224.579,2000,5138.202,9242.563,2000,5179.125,9283.488,2000,5335.402
9088.818,2000,5027.839,9202.406,2000,5054.662,9152.693,2000,5167.175,9151.494,2000,5383.176,9078.605,2000,5209.401,9312.461,2000,5419.995,9195.926,2000,5274.587,9223.516,2000,5137.993,9241.785,2000,5179.88,9284.424,2000,5335.948
9088.946,2000,5028.915,9203.355,2000,5054.14,9151.953,2000,5166.383,9150.907,2000,5382.266,9079.575,2000,5209.883,9312.804,2000,5421.023,9196.002,2000,5273.506,9222.46,2000,5137.75,9241.033,2000,5180.659,9285.377,2000,5336.463
9089.109,2000,5029.985,9204.287,2000,5053.587,9151.188,2000,5165.617,9150.351,2000,5381.336,9080.529,2000,5210.397,9313.138,2000,5422.053,9196.043,2000,5272.424,9221.413,2000,5137.473,9240.307,2000,5181.463,9286.347,2000,5336.947
9089.307,2000,5031.05,9205.2,2000,5053.004,9150.397,2000,5164.875,9149.824,2000,5380.39,9081.466,2000,5210.941,9313.463,2000,5423.086,9196.055,2000,5271.34,9220.376,2000,5137.161,9239.606,2000,5182.29,9287.331,2000,5337.399
9089.539,2000,5032.108,9206.094,2000,5052.392,9149.584,2000,5164.161,9149.329,2000,5379.426,9082.384,2000,5211.516,9313.779,2000,5424.123,9196.031,2000,5270.257,9219.35,2000,5136.816,9238.934,2000,5183.14,9288.33,2000,5337.818
9089.806,2000,5033.158,9206.967,2000,5051.75,9148.747,2000,5163.473,9148.866,2000,5378.447,9083.283,2000,5212.121,9314.086,2000,5425.162,9195.972,2000,5269.176,9218.335,2000,5136.438,9238.289,2000,5184.011,9289.342,2000,5338.205
9090.106,2000,5034.199,9207.818,2000,5051.081,9147.888,2000,5162.813,9148.436,2000,5377.454,9084.162,2000,5212.754,9314.383,2000,5426.204,9195.877,2000,5268.097,9217.333,2000,5136.026,9237.674,2000,5184.902,9290.366,2000,5338.558
9090.441,2000,5035.229,9208.647,2000,5050.384,9147.008,2000,5162.181,9148.037,2000,5376.446,9085.02,2000,5213.417,9314.669,2000,5427.249,9195.747,2000,5267.021,9216.345,2000,5135.582,9237.088,2000,5185.813,9291.401,2000,5338.877
9090.81,2000,5036.248,9209.453,2000,5049.66,9146.107,2000,5161.578,9147.672,2000,5375.426,9085.854,2000,5214.106,9314.944,2000,5428.296,9195.582,2000,5265.95,9215.372,2000,5135.105,9236.532,2000,5186.743,9292.446,2000,5339.163
9091.211,2000,5037.254,9210.235,2000,5048.91,9145.188,2000,5161.005,9147.341,2000,5374.395,9086.667,2000,5214.823,9315.209,2000,5429.347,9195.382,2000,5264.885,9214.415,2000,5134.598,9236.007,2000,5187.691,9293.5,2000,5339.414
9091.646,2000,5038.246,9210.992,2000,5048.135,9144.25,2000,5160.463,9147.043,2000,5373.354,9087.455,2000,5215.566,9315.463,2000,5430.4,9195.147,2000,5263.828,9213.476,2000,5134.059,9235.513,2000,5188.655,9294.562,2000,5339.63
9092.112,2000,5039.224,9211.724,2000,5047.335,9143.298,2000,5159.947,9146.779,2000,5372.303,9088.219,2000,5216.334,9315.706,2000,5431.456,9194.878,2000,5262.778,9212.554,2000,5133.489,9235.051,2000,5189.635,9295.63,2000,5339.812
9092.61,2000,5040.186,9212.429,2000,5046.513,9142.354,2000,5159.417,9146.551,2000,5371.244,9088.957,2000,5217.127,9315.938,2000,5432.514,9194.574,2000,5261.738,9211.651,2000,5132.89,9234.621,2000,5190.63,9296.703,2000,5339.958
9093.14,2000,5041.13,9213.106,2000,5045.667,9141.416,2000,5158.873,9146.356,2000,5370.178,9089.669,2000,5217.943,9316.158,2000,5433.574,9194.237,2000,5260.709,9210.769,2000,5132.262,9234.225,2000,5191.638,9297.78,2000,5340.07
9093.7,2000,5042.058,9213.756,2000,5044.8,9140.485,2000,5158.318,9146.197,2000,5369.106,9090.354,2000,5218.783,9316.367,2000,5434.637,9193.866,2000,5259.691,9209.907,2000,5131.604,9233.861,2000,5192.658,9298.861,2000,5340.146
9094.29,2000,5042.966,9214.376,2000,5043.912,9139.562,2000,5157.752,9146.073,2000,5368.03,9091.011,2000,5219.644,9316.564,2000,5435.703,9193.463,2000,5258.686,9209.067,2000,5130.919,9233.531,2000,5193.69,9299.944,2000,5340.187
9094.88,2000,5043.875,9214.967,2000,5043.004,9138.657,2000,5157.156,9145.984,2000,5366.951,9091.639,2000,5220.526,9316.75,2000,5436.77,9193.026,2000,5257.694,9208.251,2000,5130.208,9233.235,2000,5194.732,9301.027,2000,5340.192
9095.47,2000,5044.784,9215.528,2000,5042.077,9137.772,2000,5156.531,9145.931,2000,5365.869,9092.238,2000,5221.429,9316.924,2000,5437.839,9192.558,2000,5256.717,9207.458,2000,5129.469,9232.974,2000,5195.783,9302.11,2000,5340.162
9096.06,2000,5045.692,9216.059,2000,5041.133,9136.908,2000,5155.877,9145.913,2000,5364.786,9092.808,2000,5222.351,9317.086,2000,5438.911,9192.058,2000,5255.756,9206.689,2000,5128.706,9232.746,2000,5196.842,9303.191,2000,5340.096
9096.649,2000,5046.601,9216.558,2000,5040.171,9136.066,2000,5155.196,9145.931,2000,5363.703,9093.347,2000,5223.291,9317.236,2000,5439.983,9191.526,2000,5254.813,9205.946,2000,5127.917,9232.554,2000,5197.908,9304.271,2000,5339.995
9097.239,2000,5047.51,9217.025,2000,5039.194,9135.247,2000,5154.487,9145.983,2000,5362.621,9093.854,2000,5224.248,9317.352,2000,5441.061,9190.964,2000,5253.886,9205.229,2000,5127.104,9232.396,2000,5198.98,9305.346,2000,5339.859
9097.829,2000,5048.418,9217.461,2000,5038.202,9134.451,2000,5153.751,9146.071,2000,5361.541,9094.331,2000,5225.221,9317.432,2000,5442.141,9190.372,2000,5252.979,9204.54,2000,5126.269,9232.274,2000,5200.056,9306.415,2000,5339.688
9098.42,2000,5049.327,9217.863,2000,5037.196,9133.68,2000,5152.991,9146.195,2000,5360.465,9094.775,2000,5226.209,9317.477,2000,5443.224,9189.751,2000,5252.092,9203.878,2000,5125.412,9232.188,2000,5201.136,9307.479,2000,5339.481
9099.011,2000,5050.235,9218.232,2000,5036.178,9132.934,2000,5152.205,9146.354,2000,5359.393,9095.187,2000,5227.211,9317.486,2000,5444.307,9189.101,2000,5251.225,9203.244,2000,5124.533,9232.136,2000,5202.218,9308.535,2000,5339.241
9099.602,2000,5051.143,9218.568,2000,5035.148,9132.203,2000,5151.405,9146.548,2000,5358.327,9095.565,2000,5228.226,9317.46,2000,5445.39,9188.423,2000,5250.38,9202.64,2000,5123.634,9232.119,2000,5203.301,9309.583,2000,5338.965
9100.192,2000,5052.05,9218.87,2000,5034.107,9131.464,2000,5150.613,9146.776,2000,5357.268,9095.91,2000,5229.253,9317.398,2000,5446.472,9187.718,2000,5249.558,9202.064,2000,5122.715,9232.139,2000,5204.384,9310.621,2000,5338.656
9100.784,2000,5052.958,9219.138,2000,5033.058,9130.717,2000,5149.829,9147.039,2000,5356.217,9096.222,2000,5230.291,9317.302,2000,5447.551,9186.985,2000,5248.759,9201.521,2000,5121.779,9232.193,2000,5205.466,9311.648,2000,5338.313
9101.376,2000,5053.866,9219.371,2000,5032,9129.962,2000,5149.052,9147.336,2000,5355.176,9096.499,2000,5231.338,9317.17,2000,5448.626,9186.228,2000,5247.985,9201.007,2000,5120.825,9232.283,2000,5206.545,9312.664,2000,5337.936
9101.997,2000,5054.753,9219.591,2000,5030.938,9129.182,2000,5148.3,9147.667,2000,5354.145,9096.742,2000,5232.394,9317.003,2000,5449.696,9185.445,2000,5247.236,9200.524,2000,5119.854,9232.408,2000,5207.622,9313.667,2000,5337.526
9102.646,2000,5055.621,9219.818,2000,5029.879,9128.377,2000,5147.575,9148.032,2000,5353.125,9096.95,2000,5233.457,9316.801,2000,5450.761,9184.639,2000,5246.513,9200.074,2000,5118.869,9232.568,2000,5208.693,9314.656,2000,5337.083
9103.324,2000,5056.466,9220.053,2000,5028.822,9127.549,2000,5146.876,9148.431,2000,5352.117,9097.123,2000,5234.526,9316.564,2000,5451.818,9183.809,2000,5245.816,9199.656,2000,5117.87,9232.764,2000,5209.758,9315.63,2000,5336.609
9104.029,2000,5057.289,9220.295,2000,5027.766,9126.698,2000,5146.205,9148.828,2000,5351.109,9097.262,2000,5235.601,9316.293,2000,5452.867,9182.956,2000,5245.147,9199.271,2000,5116.857,9232.994,2000,5210.817,9316.588,2000,5336.103
9104.761,2000,5058.088,9220.544,2000,5026.711,9125.826,2000,5145.562,9149.222,2000,5350.1,9097.364,2000,5236.679,9315.987,2000,5453.906,9182.082,2000,5244.507,9198.92,2000,5115.832,9233.259,2000,5211.868,9317.528,2000,5335.566
9105.518,2000,5058.863,9220.8,2000,5025.659,9124.934,2000,5144.947,9149.612,2000,5349.09,9097.432,2000,5237.76,9315.648,2000,5454.935,9181.188,2000,5243.896,9198.603,2000,5114.796,9233.558,2000,5212.909,9318.451,2000,5334.998
9106.3,2000,5059.612,9221.062,2000,5024.607,9124.021,2000,5144.362,9150,2000,5348.079,9097.464,2000,5238.843,9315.275,2000,5455.952,9180.273,2000,5243.313,9198.319,2000,5113.751,9233.891,2000,5213.94,9319.354,2000,5334.4
9107.106,2000,5060.336,9221.329,2000,5023.558,9123.091,2000,5143.808,9150.385,2000,5347.066,9097.461,2000,5239.927,9314.87,2000,5456.957,9179.341,2000,5242.762,9198.07,2000,5112.697,9234.257,2000,5214.959,9320.238,2000,5333.773
9107.936,2000,5061.033,9221.603,2000,5022.509,9122.143,2000,5143.284,9150.767,2000,5346.052,9097.422,2000,5241.009,9314.432,2000,5457.947,9178.391,2000,5242.241,9197.855,2000,5111.635,9234.656,2000,5215.966,9321.101,2000,5333.118
9108.787,2000,5061.702,9221.882,2000,5021.462,9121.178,2000,5142.791,9151.146,2000,5345.037,9097.348,2000,5242.09,9313.961,2000,5458.923,9177.424,2000,5241.751,9197.676,2000,5110.566,9235.088,2000,5216.96,9321.941,2000,5332.435
9109.66,2000,5062.343,9222.166,2000,5020.417,9120.197,2000,5142.33,9151.521,2000,5344.021,9097.238,2000,5243.167,9313.459,2000,5459.883,9176.442,2000,5241.293,9197.531,2000,5109.493,9235.553,2000,5217.938,9322.76,2000,5331.725
9110.554,2000,5062.956,9222.455,2000,5019.373,9119.202,2000,5141.902,9151.893,2000,5343.003,9097.094,2000,5244.241,9312.926,2000,5460.826,9175.446,2000,5240.868,9197.422,2000,5108.415,9236.049,2000,5218.901,9323.554,2000,5330.988
9111.467,2000,5063.538,9222.748,2000,5018.33,9118.193,2000,5141.506,9152.261,2000,5341.985,9096.914,2000,5245.31,9312.362,2000,5461.75,9174.437,2000,5240.476,9197.348,2000,5107.334,9236.576,2000,5219.848,9324.323,2000,5330.226
9112.398,2000,5064.091,9223.045,2000,5017.288,9117.173,2000,5141.144,9152.626,2000,5340.965,9096.699,2000,5246.372,9311.769,2000,5462.657,9173.414,2000,5240.116,9197.309,2000,5106.252,9237.134,2000,5220.776,9325.067,2000,5329.438
9113.348,2000,5064.612,9223.346,2000,5016.248,9116.141,2000,5140.815,9152.987,2000,5339.943,9096.45,2000,5247.426,9311.146,2000,5463.543,9172.381,2000,5239.791,9197.306,2000,5105.168,9237.722,2000,5221.686,9325.785,2000,5328.627
9114.313,2000,5065.103,9223.65,2000,5015.208,9115.099,2000,5140.52,9153.345,2000,5338.921,9096.167,2000,5248.471,9310.493,2000,5464.408,9171.338,2000,5239.499,9197.338,2000,5104.085,9238.339,2000,5222.576,9326.477,2000,5327.793
9115.295,2000,5065.561,9223.958,2000,5014.169,9114.047,2000,5140.259,9153.699,2000,5337.897,9095.85,2000,5249.507,9309.813,2000,5465.251,9170.285,2000,5239.242,9197.405,2000,5103.004,9238.985,2000,5223.445,9327.141,2000,5326.937
9116.291,2000,5065.987,9224.269,2000,5013.131,9112.987,2000,5140.033,9154.02,2000,5336.862,9095.498,2000,5250.532,9309.106,2000,5466.072,9169.225,2000,5239.019,9197.509,2000,5101.926,9239.66,2000,5224.293,9327.775,2000,5326.06
9117.301,2000,5066.381,9224.581,2000,5012.094,9111.921,2000,5139.842,9154.374,2000,5335.838,9095.113,2000,5251.544,9308.373,2000,5466.87,9168.172,2000,5238.762,9197.647,2000,5100.851,9240.362,2000,5225.118,9328.382,2000,5325.162
9118.322,2000,5066.741,9224.896,2000,5011.058,9110.849,2000,5139.686,9154.762,2000,5334.827,9094.695,2000,5252.544,9307.614,2000,5467.643,9167.129,2000,5238.47,9197.821,2000,5099.782,9241.091,2000,5225.92,9328.958,2000,5324.245
9119.355,2000,5067.067,9225.212,2000,5010.021,9109.772,2000,5139.564,9155.182,2000,5333.828,9094.245,2000,5253.529,9306.83,2000,5468.39,9166.096,2000,5238.145,9198.029,2000,5098.719,9241.845,2000,5226.697,9329.504,2000,5323.309
9120.398,2000,5067.36,9225.529,2000,5008.986,9108.692,2000,5139.479,9155.635,2000,5332.844,9093.763,2000,5254.5,9306.021,2000,5469.111,9165.073,2000,5237.785,9198.272,2000,5097.663,9242.624,2000,5227.45,9330.02,2000,5322.356
9121.45,2000,5067.618,9225.848,2000,5007.95,9107.61,2000,5139.428,9156.119,2000,5331.875,9093.249,2000,5255.454,9305.19,2000,5469.806,9164.063,2000,5237.393,9198.55,2000,5096.616,9243.428,2000,5228.176,9330.503,2000,5321.387
9122.51,2000,5067.842,9226.166,2000,5006.915,9106.527,2000,5139.413,9156.636,2000,5330.922,9092.704,2000,5256.39,9304.337,2000,5470.473,9163.067,2000,5236.967,9198.861,2000,5095.578,9244.255,2000,5228.876,9330.955,2000,5320.402
9123.576,2000,5068.031,9226.484,2000,5005.879,9105.444,2000,5139.434,9157.183,2000,5329.987,9092.129,2000,5257.309,9303.462,2000,5471.112,9162.086,2000,5236.51,9199.207,2000,5094.551,9245.104,2000,5229.548,9331.374,2000,5319.403
9124.648,2000,5068.185,9226.803,2000,5004.844,9104.362,2000,5139.489,9157.76,2000,5329.071,9091.524,2000,5258.208,9302.566,2000,5471.722,9161.119,2000,5236.02,9199.586,2000,5093.536,9245.976,2000,5230.192,9331.761,2000,5318.391
9125.726,2000,5068.303,9227.12,2000,5003.809,9103.283,2000,5139.581,9158.367,2000,5328.173,9090.891,2000,5259.086,9301.651,2000,5472.302,9160.169,2000,5235.499,9199.998,2000,5092.534,9246.867,2000,5230.808,9332.114,2000,5317.367
9126.806,2000,5068.387,9227.437,2000,5002.772,9102.207,2000,5139.707,9159.003,2000,5327.296,9090.229,2000,5259.944,9300.718,2000,5472.852,9159.236,2000,5234.947,9200.442,2000,5091.546,9247.778,2000,5231.394,9332.434,2000,5316.332
9127.888,2000,5068.435,9227.752,2000,5001.736,9101.136,2000,5139.869,9159.667,2000,5326.441,9089.539,2000,5260.779,9299.767,2000,5473.371,9158.322,2000,5234.365,9200.919,2000,5090.573,9248.708,2000,5231.949,9332.719,2000,5315.287
9128.971,2000,5068.447,9228.065,2000,5000.699,9100.07,2000,5140.065,9160.359,2000,5325.607,9088.822,2000,5261.592,9298.799,2000,5473.858,9157.428,2000,5233.754,9201.427,2000,5089.616,9249.655,2000,5232.474,9332.97,2000,5314.233
9130.054,2000,5068.424,9228.376,2000,4999.661,9099.012,2000,5140.297,9161.078,2000,5324.797,9088.079,2000,5262.38,9297.816,2000,5474.314,9156.554,2000,5233.113,9201.966,2000,5088.676,9250.619,2000,5232.968,9333.187,2000,5313.172
9131.136,2000,5068.366,9228.685,2000,4998.623,9097.962,2000,5140.563,9161.823,2000,5324.011,9087.311,2000,5263.144,9296.819,2000,5474.737,9155.701,2000,5232.444,9202.535,2000,5087.754,9251.599,2000,5233.43,9333.368,2000,5312.104
9132.215,2000,5068.272,9228.989,2000,4997.583,9096.921,2000,5140.862,9162.594,2000,5323.249,9086.518,2000,5263.882,9295.809,2000,5475.128,9154.871,2000,5231.748,9203.135,2000,5086.852,9252.593,2000,5233.859,9333.515,2000,5311.031
9133.29,2000,5068.144,9229.291,2000,4996.542,9095.891,2000,5141.196,9163.389,2000,5322.513,9085.701,2000,5264.594,9294.786,2000,5475.485,9154.064,2000,5231.025,9203.764,2000,5085.969,9253.601,2000,5234.256,9333.626,2000,5309.953
9134.361,2000,5067.979,9229.589,2000,4995.501,9094.871,2000,5141.564,9164.207,2000,5321.804,9084.861,2000,5265.279,9293.752,2000,5475.809,9153.282,2000,5230.276,9204.421,2000,5085.108,9254.621,2000,5234.62,9333.702,2000,5308.873
9135.426,2000,5067.78,9229.882,2000,4994.458,9093.864,2000,5141.964,9165.049,2000,5321.122,9084,2000,5265.936,9292.708,2000,5476.099,9152.524,2000,5229.501,9205.105,2000,5084.269,9255.629,2000,5235.017,9333.743,2000,5307.79
9136.483,2000,5067.546,9230.17,2000,4993.414,9092.871,2000,5142.397,9165.912,2000,5320.467,9083.117,2000,5266.564,9291.655,2000,5476.354,9151.792,2000,5228.703,9205.817,2000,5083.452,9256.623,2000,5235.447,9333.748,2000,5306.707
9137.533,2000,5067.278,9230.453,2000,4992.368,9091.893,2000,5142.863,9166.796,2000,5319.841,9082.215,2000,5267.163,9290.595,2000,5476.575,9151.087,2000,5227.88,9206.556,2000,5082.659,9257.603,2000,5235.909,9333.718,2000,5305.624
9138.573,2000,5066.976,9230.73,2000,4991.32,9090.93,2000,5143.361,9167.7,2000,5319.245,9081.293,2000,5267.732,9289.527,2000,5476.761,9150.409,2000,5227.036,9207.319,2000,5081.891,9258.566,2000,5236.402,9333.652,2000,5304.542
9139.604,2000,5066.64,9231.002,2000,4990.271,9089.984,2000,5143.889,9168.623,2000,5318.678,9080.359,2000,5268.282,9288.454,2000,5476.912,9149.759,2000,5226.169,9208.107,2000,5081.148,9259.514,2000,5236.927,9333.552,2000,5303.463
9140.622,2000,5066.27,9231.267,2000,4989.221,9089.057,2000,5144.448,9169.564,2000,5318.142,9079.434,2000,5268.844,9287.377,2000,5477.027,9149.138,2000,5225.282,9208.92,2000,5080.432,9260.478,2000,5237.421,9333.486,2000,5302.382
9141.628,2000,5065.867,9231.524,2000,4988.169,9088.147,2000,5145.038,9170.522,2000,5317.637,9078.515,2000,5269.418,9286.297,2000,5477.108,9148.546,2000,5224.375,9209.755,2000,5079.742,9261.457,2000,5237.883,9333.456,2000,5301.299
9142.62,2000,5065.432,9231.775,2000,4987.115,9087.22,2000,5145.597,9171.497,2000,5317.163,9077.604,2000,5270.004,9285.215,2000,5477.153,9147.983,2000,5223.448,9210.612,2000,5079.08,9262.451,2000,5238.313,9333.461,2000,5300.215
9143.598,2000,5064.964,9232.019,2000,4986.059,9086.274,2000,5146.125,9172.486,2000,5316.722,9076.7,2000,5270.602,9284.132,2000,5477.163,9147.452,2000,5222.504,9211.491,2000,5078.446,9263.459,2000,5238.709,9333.502,2000,5299.133
9144.559,2000,5064.464,9232.254,2000,4985.001,9085.312,2000,5146.623,9173.489,2000,5316.313,9075.805,2000,5271.211,9283.049,2000,5477.137,9146.952,2000,5221.543,9212.391,2000,5077.842,9264.479,2000,5239.073,9333.578,2000,5298.052
9145.503,2000,5063.934,9232.48,2000,4983.942,9084.333,2000,5147.088,9174.505,2000,5315.938,9074.916,2000,5271.831,9281.967,2000,5477.075,9146.483,2000,5220.567,9213.309,2000,5077.267,9265.512,2000,5239.403,9333.689,2000,5296.975
9146.43,2000,5063.372,9232.698,2000,4982.881,9083.34,2000,5147.521,9175.533,2000,5315.595,9074.035,2000,5272.462,9280.888,2000,5476.979,9146.047,2000,5219.575,9214.245,2000,5076.723,9266.554,2000,5239.7,9333.836,2000,5295.901
9147.337,2000,5062.781,9232.907,2000,4981.818,9082.333,2000,5147.922,9176.549,2000,5315.22,9073.162,2000,5273.103,9279.813,2000,5476.847,9145.644,2000,5218.57,9215.199,2000,5076.209,9267.604,2000,5239.961,9334.018,2000,5294.833
9148.225,2000,5062.16,9233.107,2000,4980.753,9081.313,2000,5148.29,9177.552,2000,5314.811,9072.297,2000,5273.754,9278.742,2000,5476.68,9145.272,2000,5217.552,9216.169,2000,5075.727,9268.664,2000,5240.189,9334.234,2000,5293.772
9149.092,2000,5061.511,9233.298,2000,4979.687,9080.283,2000,5148.624,9178.541,2000,5314.37,9071.438,2000,5274.416,9277.678,2000,5476.478,9144.936,2000,5216.522,9217.154,2000,5075.277,9269.73,2000,5240.381,9334.485,2000,5292.718
9149.938,2000,5060.833,9233.479,2000,4978.618,9079.242,2000,5148.923,9179.516,2000,5313.896,9070.588,2000,5275.086,9276.62,2000,5476.241,9144.632,2000,5215.482,9218.154,2000,5074.859,9270.803,2000,5240.539,9334.771,2000,5291.673
9150.76,2000,5060.128,9233.648,2000,4977.548,9078.192,2000,5149.189,9180.474,2000,5313.391,9069.744,2000,5275.765,9275.571,2000,5475.97,9144.362,2000,5214.433,9219.167,2000,5074.475,9271.879,2000,5240.662,9335.09,2000,5290.638
9151.559,2000,5059.397,9233.809,2000,4976.477,9077.134,2000,5149.42,9181.415,2000,5312.855,9068.907,2000,5276.453,9274.532,2000,5475.665,9144.128,2000,5213.375,9220.191,2000,5074.124,9272.959,2000,5240.749,9335.443,2000,5289.614
9152.333,2000,5058.64,9233.958,2000,4975.404,9076.068,2000,5149.617,9182.338,2000,5312.288,9068.077,2000,5277.149,9273.503,2000,5475.325,9143.928,2000,5212.311,9221.228,2000,5073.806,9274.041,2000,5240.801,9335.83,2000,5288.602
9153.083,2000,5057.857,9234.097,2000,4974.33,9074.997,2000,5149.779,9183.242,2000,5311.691,9067.254,2000,5277.854,9272.485,2000,5474.953,9143.763,2000,5211.24,9222.273,2000,5073.523,9275.124,2000,5240.817,9336.249,2000,5287.603
9153.807,2000,5057.051,9234.225,2000,4973.254,9073.921,2000,5149.905,9184.126,2000,5311.065,9066.454,2000,5278.584,9271.48,2000,5474.547,9143.633,2000,5210.164,9223.328,2000,5073.274,9276.207,2000,5240.798,9336.701,2000,5286.619
9154.504,2000,5056.222,9234.317,2000,4972.175,9072.842,2000,5149.997,9184.989,2000,5310.411,9065.679,2000,5279.34,9270.49,2000,5474.108,9143.538,2000,5209.085,9224.39,2000,5073.06,9277.289,2000,5240.744,9337.185,2000,5285.649
9155.173,2000,5055.37,9234.375,2000,4971.093,9071.76,2000,5150.052,9185.831,2000,5309.729,9064.928,2000,5280.122,9269.515,2000,5473.638,9143.479,2000,5208.003,9225.458,2000,5072.88,9278.369,2000,5240.654,9337.7,2000,5284.696
9155.814,2000,5054.497,9234.397,2000,4970.01,9070.677,2000,5150.073,9186.649,2000,5309.02,9064.203,2000,5280.927,9268.555,2000,5473.135,9143.455,2000,5206.92,9226.531,2000,5072.735,9279.445,2000,5240.529,9338.246,2000,5283.761
9156.427,2000,5053.604,9234.384,2000,4968.927,9069.594,2000,5150.058,9187.444,2000,5308.284,9063.505,2000,5281.755,9267.611,2000,5472.602,9143.467,2000,5205.837,9227.609,2000,5072.626,9280.517,2000,5240.369,9338.822,2000,5282.844
9157.01,2000,5052.69,9234.335,2000,4967.845,9068.512,2000,5150.007,9188.215,2000,5307.522,9062.835,2000,5282.606,9266.687,2000,5472.038,9143.514,2000,5204.754,9228.69,2000,5072.552,9281.582,2000,5240.173,9339.429,2000,5281.946
9157.563,2000,5051.759,9234.251,2000,4966.765,9067.432,2000,5149.921,9188.96,2000,5306.736,9062.192,2000,5283.479,9265.78,2000,5471.444,9143.596,2000,5203.674,9229.773,2000,5072.513,9282.641,2000,5239.943,9340.063,2000,5281.068
9158.084,2000,5050.81,9234.132,2000,4965.688,9066.355,2000,5149.8,9189.679,2000,5305.925,9061.579,2000,5284.372,9264.895,2000,5470.821,9143.714,2000,5202.597,9230.856,2000,5072.51,9283.691,2000,5239.679,9340.728,2000,5280.212
9158.574,2000,5049.844,9233.978,2000,4964.616,9065.283,2000,5149.644,9190.371,2000,5305.092,9060.995,2000,5285.285,9264.029,2000,5470.169,9143.867,2000,5201.525,9231.939,2000,5072.542,9284.732,2000,5239.38,9341.419,2000,5279.378
9159.032,2000,5048.862,9233.788,2000,4963.549,9064.217,2000,5149.453,9191.035,2000,5304.236,9060.441,2000,5286.216,9263.186,2000,5469.49,9144.055,2000,5200.458,9233.021,2000,5072.61,9285.764,2000,5239.047,9342.137,2000,5278.567
9159.458,2000,5047.866,9233.563,2000,4962.489,9063.157,2000,5149.227,9191.671,2000,5303.359,9059.919,2000,5287.165,9262.365,2000,5468.783,9144.277,2000,5199.398,9234.099,2000,5072.713,9286.783,2000,5238.681,9342.881,2000,5277.78
9159.852,2000,5046.857,9233.305,2000,4961.438,9062.105,2000,5148.966,9192.278,2000,5302.462,9059.428,2000,5288.13,9261.568,2000,5468.049,9144.535,2000,5198.346,9235.173,2000,5072.852,9287.79,2000,5238.282,9343.65,2000,5277.018
9160.212,2000,5045.835,9233.012,2000,4960.395,9061.063,2000,5148.671,9192.855,2000,5301.545,9058.968,2000,5289.111,9260.796,2000,5467.29,9144.827,2000,5197.302,9236.242,2000,5073.025,9288.783,2000,5237.85,9344.444,2000,5276.281
9160.538,2000,5044.802,9232.685,2000,4959.362,9060.031,2000,5148.342,9193.402,2000,5300.61,9058.541,2000,5290.106,9260.049,2000,5466.506,9145.152,2000,5196.269,9237.306,2000,5073.233,9289.762,2000,5237.385,9345.263,2000,5275.57
9160.831,2000,5043.759,9232.324,2000,4958.34,9059.011,2000,5147.979,9193.919,2000,5299.658,9058.146,2000,5291.115,9259.327,2000,5465.698,9145.512,2000,5195.247,9238.361,2000,5073.477,9290.725,2000,5236.889,9346.104,2000,5274.887
9161.089,2000,5042.707,9231.931,2000,4957.331,9058.002,2000,5147.584,9194.403,2000,5298.689,9057.785,2000,5292.137,9258.633,2000,5464.866,9145.904,2000,5194.237,9239.408,2000,5073.754,9291.671,2000,5236.362,9346.966,2000,5274.232
9161.313,2000,5041.646,9231.504,2000,4956.335,9057.007,2000,5147.156,9194.856,2000,5297.705,9057.458,2000,5293.169,9257.966,2000,5464.013,9146.33,2000,5193.241,9240.445,2000,5074.065,9292.6,2000,5235.804,9347.85,2000,5273.605
9161.501,2000,5040.58,9231.045,2000,4955.354,9056.026,2000,5146.695,9195.276,2000,5296.706,9057.164,2000,5294.212,9257.327,2000,5463.138,9146.788,2000,5192.259,9241.472,2000,5074.411,9293.51,2000,5235.215,9348.753,2000,5273.007
9161.655,2000,5039.507,9230.554,2000,4954.388,9055.062,2000,5146.202,9195.664,2000,5295.694,9056.904,2000,5295.264,9256.718,2000,5462.242,9147.277,2000,5191.292,9242.486,2000,5074.789,9294.399,2000,5234.598,9349.676,2000,5272.439
9161.774,2000,5038.431,9230.031,2000,4953.439,9054.113,2000,5145.678,9196.019,2000,5294.67,9056.68,2000,5296.324,9256.138,2000,5461.327,9147.798,2000,5190.343,9243.488,2000,5075.201,9295.269,2000,5233.951,9350.616,2000,5271.902
9161.857,2000,5037.351,9229.479,2000,4952.507,9053.183,2000,5145.124,9196.339,2000,5293.636,9056.489,2000,5297.39,9255.588,2000,5460.394,9148.35,2000,5189.411,9244.477,2000,5075.645,9296.116,2000,5233.277,9351.574,2000,5271.396
9161.905,2000,5036.269,9228.896,2000,4951.594,9052.271,2000,5144.539,9196.625,2000,5292.591,9056.334,2000,5298.462,9255.068,2000,5459.443,9148.932,2000,5188.497,9245.459,2000,5076.101,9296.941,2000,5232.575,9352.548,2000,5270.922
9161.918,2000,5035.185,9228.282,2000,4950.701,9051.378,2000,5143.924,9196.877,2000,5291.537,9056.214,2000,5299.539,9254.581,2000,5458.476,9149.543,2000,5187.603,9246.437,2000,5076.567,9297.743,2000,5231.847,9353.537,2000,5270.479
9161.896,2000,5034.102,9227.641,2000,4949.829,9050.506,2000,5143.281,9197.095,2000,5290.476,9056.129,2000,5300.619,9254.125,2000,5457.493,9150.184,2000,5186.729,9247.409,2000,5077.043,9298.521,2000,5231.092,9354.54,2000,5270.07
9161.837,2000,5033.021,9226.971,2000,4948.978,9049.655,2000,5142.61,9197.277,2000,5289.408,9056.08,2000,5301.701,9253.701,2000,5456.496,9150.853,2000,5185.877,9248.377,2000,5077.53,9299.272,2000,5230.313,9355.556,2000,5269.693
9161.743,2000,5031.941,9226.273,2000,4948.148,9048.827,2000,5141.911,9197.425,2000,5288.335,9056.066,2000,5302.784,9253.311,2000,5455.485,9151.549,2000,5185.047,9249.34,2000,5078.025,9299.999,2000,5229.509,9356.583,2000,5269.35
9161.614,2000,5030.866,9225.549,2000,4947.343,9048.022,2000,5141.186,9197.537,2000,5287.257,9056.088,2000,5303.867,9252.953,2000,5454.462,9152.271,2000,5184.24,9250.299,2000,5078.53,9300.699,2000,5228.682,9357.621,2000,5269.04
9161.521,2000,5029.787,9224.799,2000,4946.561,9047.242,2000,5140.434,9197.614,2000,5286.177,9056.146,2000,5304.949,9252.63,2000,5453.428,9153.021,2000,5183.458,9251.24,2000,5079.065,9301.372,2000,5227.833,9358.669,2000,5268.765
9161.462,2000,5028.705,9224.023,2000,4945.805,9046.487,2000,5139.657,9197.684,2000,5285.096,9056.238,2000,5306.029,9252.34,2000,5452.384,9153.795,2000,5182.7,9252.164,2000,5079.631,9302.017,2000,5226.961,9359.726,2000,5268.524
9161.439,2000,5027.622,9223.224,2000,4945.074,9045.758,2000,5138.856,9197.755,2000,5284.015,9056.366,2000,5307.104,9252.085,2000,5451.332,9154.594,2000,5181.968,9253.068,2000,5080.227,9302.632,2000,5226.07,9360.789,2000,5268.318
9161.452,2000,5026.539,9222.4,2000,4944.37,9045.055,2000,5138.032,9197.829,2000,5282.934,9056.529,2000,5308.175,9251.864,2000,5450.271,9155.416,2000,5181.262,9253.953,2000,5080.852,9303.218,2000,5225.159,9361.858,2000,5268.146
9161.5,2000,5025.457,9221.555,2000,4943.693,9044.379,2000,5137.186,9197.906,2000,5281.854,9056.728,2000,5309.24,9251.664,2000,5449.207,9156.261,2000,5180.584,9254.817,2000,5081.506,9303.773,2000,5224.229,9362.934,2000,5268.01
9161.583,2000,5024.376,9220.688,2000,4943.044,9043.731,2000,5136.317,9197.986,2000,5280.773,9056.96,2000,5310.298,9251.465,2000,5448.142,9157.127,2000,5179.934,9255.659,2000,5082.188,9304.299,2000,5223.281,9364.013,2000,5267.909
9161.702,2000,5023.3,9219.799,2000,4942.424,9043.112,2000,5135.428,9198.069,2000,5279.693,9057.228,2000,5311.348,9251.267,2000,5447.077,9158.015,2000,5179.312,9256.479,2000,5082.896,9304.793,2000,5222.317,9365.094,2000,5267.844
9161.785,2000,5022.22,9218.932,2000,4941.775,9042.523,2000,5134.519,9198.155,2000,5278.613,9057.529,2000,5312.389,9251.07,2000,5446.011,9158.922,2000,5178.72,9257.274,2000,5083.632,9305.255,2000,5221.337,9366.177,2000,5267.813
9161.833,2000,5021.138,9218.086,2000,4941.098,9041.964,2000,5133.591,9198.244,2000,5277.533,9057.864,2000,5313.419,9250.875,2000,5444.946,9159.848,2000,5178.158,9258.046,2000,5084.393,9305.685,2000,5220.342,9367.26,2000,5267.819
9161.846,2000,5020.054,9217.263,2000,4940.394,9041.436,2000,5132.645,9198.336,2000,5276.454,9058.233,2000,5314.438,9250.681,2000,5443.88,9160.792,2000,5177.626,9258.792,2000,5085.178,9306.081,2000,5219.334,9368.343,2000,5267.859
9161.823,2000,5018.971,9216.463,2000,4939.663,9040.938,2000,5131.683,9198.431,2000,5275.375,9058.636,2000,5315.443,9250.488,2000,5442.814,9161.753,2000,5177.125,9259.512,2000,5085.988,9306.444,2000,5218.314,9369.424,2000,5267.936
9161.765,2000,5017.89,9215.688,2000,4938.907,9040.473,2000,5130.705,9198.529,2000,5274.296,9059.07,2000,5316.436,9250.297,2000,5441.748,9162.729,2000,5176.657,9260.204,2000,5086.821,9306.774,2000,5217.282,9370.501,2000,5268.047
9161.671,2000,5016.811,9214.938,2000,4938.125,9040.039,2000,5129.712,9198.631,2000,5273.217,9059.537,2000,5317.413,9250.106,2000,5440.681,9163.721,2000,5176.22,9260.869,2000,5087.676,9307.07,2000,5216.24,9371.574,2000,5268.193
9161.542,2000,5015.735,9214.213,2000,4937.319,9039.639,2000,5128.706,9198.736,2000,5272.139,9060.035,2000,5318.375,9249.917,2000,5439.614,9164.726,2000,5175.816,9261.506,2000,5088.552,9307.332,2000,5215.189,9372.643,2000,5268.375
9161.378,2000,5014.664,9213.516,2000,4936.49,9039.271,2000,5127.687,9198.845,2000,5271.062,9060.564,2000,5319.32,9249.729,2000,5438.547,9165.743,2000,5175.446,9262.113,2000,5089.449,9307.56,2000,5214.13,9373.704,2000,5268.591
9161.179,2000,5013.599,9212.846,2000,4935.639,9038.938,2000,5126.656,9198.957,2000,5269.984,9061.125,2000,5320.247,9249.543,2000,5437.48,9166.772,2000,5175.109,9262.691,2000,5090.365,9307.752,2000,5213.064,9374.758,2000,5268.842
9160.945,2000,5012.542,9212.204,2000,4934.767,9038.638,2000,5125.615,9199.104,2000,5268.911,9061.716,2000,5321.155,9249.357,2000,5436.413,9167.79,2000,5174.738,9263.239,2000,5091.3,9307.909,2000,5211.992,9375.803,2000,5269.128
9160.677,2000,5011.492,9211.591,2000,4933.874,9038.372,2000,5124.564,9199.287,2000,5267.843,9062.336,2000,5322.044,9249.173,2000,5435.345,9168.795,2000,5174.334,9263.756,2000,5092.252,9308.031,2000,5210.916,9376.838,2000,5269.447
9160.374,2000,5010.452,9211.008,2000,4932.96,9038.141,2000,5123.506,9199.505,2000,5266.781,9062.984,2000,5322.912,9248.99,2000,5434.277,9169.786,2000,5173.898,9264.241,2000,5093.22,9308.118,2000,5209.836,9377.862,2000,5269.8
9160.038,2000,5009.422,9210.455,2000,4932.029,9037.944,2000,5122.44,9199.757,2000,5265.728,9063.661,2000,5323.758,9248.809,2000,5433.209,9170.763,2000,5173.429,9264.694,2000,5094.204,9308.17,2000,5208.754,9378.874,2000,5270.187
9159.668,2000,5008.404,9209.933,2000,4931.08,9037.783,2000,5121.369,9200.043,2000,5264.683,9064.365,2000,5324.581,9248.628,2000,5432.141,9171.724,2000,5172.929,9265.115,2000,5095.202,9308.187,2000,5207.671,9379.873,2000,5270.606
9159.265,2000,5007.398,9209.441,2000,4930.114,9037.657,2000,5120.293,9200.363,2000,5263.648,9065.096,2000,5325.381,9248.449,2000,5431.073,9172.668,2000,5172.397,9265.504,2000,5096.213,9308.167,2000,5206.588,9380.857,2000,5271.058
9158.829,2000,5006.407,9208.982,2000,4929.132,9037.566,2000,5119.213,9200.718,2000,5262.624,9065.852,2000,5326.157,9248.271,2000,5430.004,9173.594,2000,5171.835,9265.858,2000,5097.237,9308.112,2000,5205.506,9381.827,2000,5271.542
9158.361,2000,5005.43,9208.556,2000,4928.137,9037.511,2000,5118.131,9201.105,2000,5261.612,9066.633,2000,5326.907,9248.095,2000,5428.935,9174.501,2000,5171.243,9266.18,2000,5098.271,9308.022,2000,5204.427,9382.78,2000,5272.057
9157.861,2000,5004.468,9208.162,2000,4927.127,9037.49,2000,5117.048,9201.525,2000,5260.614,9067.438,2000,5327.632,9247.92,2000,5427.866,9175.389,2000,5170.621,9266.467,2000,5099.316,9307.897,2000,5203.351,9383.75,2000,5272.541
9157.33,2000,5003.524,9207.802,2000,4926.106,9037.505,2000,5115.965,9201.979,2000,5259.629,9068.268,2000,5328.33,9247.746,2000,5426.796,9176.255,2000,5169.971,9266.72,2000,5100.369,9307.737,2000,5202.279,9384.703,2000,5273.056
9156.769,2000,5002.597,9207.475,2000,4925.073,9037.556,2000,5114.883,9202.463,2000,5258.661,9069.118,2000,5329,9247.574,2000,5425.727,9177.1,2000,5169.292,9266.938,2000,5101.43,9307.542,2000,5201.214,9385.639,2000,5273.603
9156.177,2000,5001.689,9207.182,2000,4924.03,9037.642,2000,5113.803,9202.979,2000,5257.708,9069.99,2000,5329.642,9247.403,2000,5424.657,9177.922,2000,5168.587,9267.122,2000,5102.498,9307.312,2000,5200.155,9386.556,2000,5274.179
9155.556,2000,5000.802,9206.923,2000,4922.979,9037.763,2000,5112.727,9203.525,2000,5256.773,9070.883,2000,5330.255,9247.233,2000,5423.587,9178.721,2000,5167.855,9267.271,2000,5103.571,9307.047,2000,5199.104,9387.453,2000,5274.785
9154.906,2000,4999.935,9206.698,2000,4921.918,9037.919,2000,5111.655,9204.103,2000,5255.856,9071.795,2000,5330.839,9247.065,2000,5422.517,9179.495,2000,5167.097,9267.384,2000,5104.649,9306.748,2000,5198.063,9388.331,2000,5275.42
9154.229,2000,4999.089,9206.509,2000,4920.852,9038.11,2000,5110.588,9204.71,2000,5254.959,9072.727,2000,5331.393,9246.898,2000,5421.447,9180.244,2000,5166.314,9267.462,2000,5105.729,9306.415,2000,5197.032,9389.188,2000,5276.084
9153.523,2000,4998.267,9206.354,2000,4919.78,9038.337,2000,5109.529,9205.346,2000,5254.082,9073.676,2000,5331.916,9246.732,2000,5420.376,9180.967,2000,5165.508,9267.505,2000,5106.812,9306.116,2000,5195.991,9390.021,2000,5276.775
9152.792,2000,4997.467,9206.235,2000,4918.703,9038.598,2000,5108.478,9206.01,2000,5253.227,9074.642,2000,5332.407,9246.568,2000,5419.305,9181.663,2000,5164.678,9267.512,2000,5107.896,9305.852,2000,5194.94,9390.833,2000,5277.494
9152.035,2000,4996.692,9206.151,2000,4917.623,9038.893,2000,5107.435,9206.702,2000,5252.393,9075.623,2000,5332.866,9246.405,2000,5418.234,9182.332,2000,5163.825,9267.483,2000,5108.979,9305.621,2000,5193.881,9391.62,2000,5278.238
9151.253,2000,4995.943,9206.103,2000,4916.541,9039.222,2000,5106.403,9207.421,2000,5251.583,9076.618,2000,5333.293,9246.244,2000,5417.163,9182.973,2000,5162.952,9267.42,2000,5110.06,9305.426,2000,5192.816,9392.383,2000,5279.007
9150.446,2000,4995.219,9206.089,2000,4915.458,9039.584,2000,5105.382,9208.166,2000,5250.796,9077.627,2000,5333.688,9246.084,2000,5416.092,9183.584,2000,5162.058,9267.392,2000,5111.143,9305.266,2000,5191.745,9393.119,2000,5279.802
9149.617,2000,4994.522,9206.111,2000,4914.375,9039.979,2000,5104.374,9208.937,2000,5250.034,9078.648,2000,5334.049,9245.926,2000,5415.02,9184.166,2000,5161.144,9267.398,2000,5112.227,9305.141,2000,5190.668,9393.829,2000,5280.62
9148.766,2000,4993.853,9206.169,2000,4913.293,9040.408,2000,5103.378,9209.731,2000,5249.298,9079.681,2000,5334.377,9245.769,2000,5413.948,9184.718,2000,5160.212,9267.441,2000,5113.309,9305.051,2000,5189.589,9394.513,2000,5281.46
9147.893,2000,4993.212,9206.262,2000,4912.214,9040.869,2000,5102.398,9210.55,2000,5248.589,9080.724,2000,5334.67,9245.613,2000,5412.876,9185.238,2000,5159.262,9267.52,2000,5114.39,9304.996,2000,5188.507,9395.168,2000,5282.323
9146.999,2000,4992.6,9206.39,2000,4911.138,9041.361,2000,5101.433,9211.392,2000,5247.906,9081.775,2000,5334.93,9245.46,2000,5411.804,9185.728,2000,5158.296,9267.633,2000,5115.467,9304.977,2000,5187.424,9395.795,2000,5283.207
9146.086,2000,4992.017,9206.553,2000,4910.067,9041.885,2000,5100.485,9212.255,2000,5247.251,9082.835,2000,5335.154,9245.309,2000,5410.731,9186.186,2000,5157.314,9267.781,2000,5116.541,9304.993,2000,5186.341,9396.393,2000,5284.111
9145.154,2000,4991.464,9206.751,2000,4909.002,9042.439,2000,5099.554,9213.139,2000,5246.625,9083.901,2000,5335.344,9245.158,2000,5409.658,9186.611,2000,5156.317,9267.965,2000,5117.608,9305.045,2000,5185.259,9396.96,2000,5285.034
9144.205,2000,4990.943,9206.984,2000,4907.944,9043.024,2000,5098.642,9214.043,2000,5246.029,9084.974,2000,5335.499,9245.01,2000,5408.585,9187.004,2000,5155.308,9268.184,2000,5118.669,9305.132,2000,5184.179,9397.497,2000,5285.975
9143.239,2000,4990.453,9207.252,2000,4906.895,9043.639,2000,5097.75,9214.966,2000,5245.462,9086.05,2000,5335.619,9244.863,2000,5407.512,9187.363,2000,5154.286,9268.437,2000,5119.723,9305.254,2000,5183.103,9398.003,2000,5286.933
9142.258,2000,4989.994,9207.554,2000,4905.854,9044.282,2000,5096.878,9215.907,2000,5244.926,9087.13,2000,5335.703,9244.719,2000,5406.438,9187.688,2000,5153.252,9268.724,2000,5120.767,9305.411,2000,5182.031,9398.478,2000,5287.907
9141.262,2000,4989.568,9207.89,2000,4904.824,9044.954,2000,5096.028,9216.865,2000,5244.42,9088.212,2000,5335.752,9244.576,2000,5405.364,9187.98,2000,5152.209,9269.045,2000,5121.802,9305.604,2000,5180.965,9398.92,2000,5288.896
9140.252,2000,4989.174,9208.259,2000,4903.805,9045.653,2000,5095.201,9217.84,2000,5243.947,9089.295,2000,5335.766,9244.436,2000,5404.29,9188.238,2000,5151.157,9269.399,2000,5122.825,9305.831,2000,5179.906,9399.33,2000,5289.898
9139.23,2000,4988.814,9208.661,2000,4902.799,9046.379,2000,5094.396,9218.829,2000,5243.505,9090.378,2000,5335.744,9244.297,2000,5403.215,9188.461,2000,5150.097,9269.788,2000,5123.836,9306.093,2000,5178.855,9399.707,2000,5290.914
9138.197,2000,4988.488,9209.096,2000,4901.807,9047.131,2000,5093.616,9219.832,2000,5243.097,9091.46,2000,5335.687,9244.161,2000,5402.141,9188.648,2000,5149.03,9270.209,2000,5124.834,9306.389,2000,5177.813,9400.051,2000,5291.941
9137.154,2000,4988.195,9209.563,2000,4900.83,9047.907,2000,5092.86,9220.848,2000,5242.721,9092.539,2000,5335.595,9244.027,2000,5401.065,9188.802,2000,5147.958,9270.662,2000,5125.818,9306.719,2000,5176.781,9400.36,2000,5292.979
9136.103,2000,4987.937,9210.062,2000,4899.868,9048.708,2000,5092.131,9221.851,2000,5242.312,9093.615,2000,5335.467,9243.896,2000,5399.99,9188.92,2000,5146.88,9271.147,2000,5126.787,9307.082,2000,5175.761,9400.636,2000,5294.027
9135.043,2000,4987.713,9210.592,2000,4898.923,9049.532,2000,5091.428,9222.84,2000,5241.871,9094.687,2000,5335.304,9243.766,2000,5398.915,9189.002,2000,5145.8,9271.664,2000,5127.739,9307.479,2000,5174.753,9400.877,2000,5295.083
9133.977,2000,4987.524,9211.152,2000,4897.997,9050.379,2000,5090.752,9223.814,2000,5241.397,9095.752,2000,5335.106,9243.639,2000,5397.839,9189.049,2000,5144.718,9272.212,2000,5128.673,9307.908,2000,5173.758,9401.083,2000,5296.147
9132.904,2000,4987.371,9211.743,2000,4897.088,9051.247,2000,5090.104,9224.772,2000,5240.892,9096.81,2000,5334.874,9243.514,2000,5396.763,9189.061,2000,5143.634,9272.79,2000,5129.589,9308.37,2000,5172.778,9401.254,2000,5297.217
9131.827,2000,4987.252,9212.363,2000,4896.2,9052.137,2000,5089.486,9225.714,2000,5240.355,9097.859,2000,5334.606,9243.391,2000,5395.687,9189.037,2000,5142.551,9273.397,2000,5130.486,9308.864,2000,5171.814,9401.391,2000,5298.292
9130.747,2000,4987.168,9213.012,2000,4895.333,9053.046,2000,5088.896,9226.637,2000,5239.789,9098.9,2000,5334.305,9243.271,2000,5394.61,9188.978,2000,5141.47,9274.034,2000,5131.363,9309.39,2000,5170.866,9401.491,2000,5299.37
9129.665,2000,4987.121,9213.688,2000,4894.487,9053.974,2000,5088.337,9227.541,2000,5239.192,9099.931,2000,5333.97,9243.152,2000,5393.533,9188.883,2000,5140.391,9274.699,2000,5132.218,9309.945,2000,5169.937,9401.557,2000,5300.452
9128.582,2000,4987.108,9214.393,2000,4893.664,9054.919,2000,5087.809,9228.425,2000,5238.566,9100.949,2000,5333.602,9243.036,2000,5392.456,9188.753,2000,5139.315,9275.392,2000,5133.051,9310.531,2000,5169.025,9401.587,2000,5301.535
9127.499,2000,4987.131,9215.123,2000,4892.864,9055.882,2000,5087.312,9229.288,2000,5237.911,9101.955,2000,5333.2,9242.923,2000,5391.379,9188.588,2000,5138.244,9276.111,2000,5133.86,9311.146,2000,5168.134,9401.582,2000,5302.618
9126.417,2000,4987.189,9215.88,2000,4892.088,9056.86,2000,5086.846,9230.13,2000,5237.229,9102.947,2000,5332.765,9242.812,2000,5390.301,9188.388,2000,5137.179,9276.857,2000,5134.646,9311.791,2000,5167.263,9401.541,2000,5303.701
9125.338,2000,4987.283,9216.661,2000,4891.338,9057.854,2000,5086.413,9230.948,2000,5236.519,9103.925,2000,5332.298,9242.703,2000,5389.224,9188.153,2000,5136.122,9277.629,2000,5135.407,9312.464,2000,5166.413,9401.465,2000,5304.781
9124.263,2000,4987.412,9217.467,2000,4890.614,9058.86,2000,5086.012,9231.743,2000,5235.783,9104.887,2000,5331.8,9242.597,2000,5388.146,9187.884,2000,5135.072,9278.425,2000,5136.142,9313.164,2000,5165.586,9401.354,2000,5305.859
9123.191,2000,4987.576,9218.296,2000,4889.917,9059.88,2000,5085.645,9232.514,2000,5235.021,9105.832,2000,5331.27,9242.492,2000,5387.067,9187.58,2000,5134.032,9279.244,2000,5136.851,9313.891,2000,5164.782,9401.207,2000,5306.932
9122.127,2000,4987.775,9219.147,2000,4889.247,9060.91,2000,5085.311,9233.259,2000,5234.235,9106.759,2000,5330.709,9242.391,2000,5385.989,9187.243,2000,5133.003,9280.086,2000,5137.533,9314.643,2000,5164.003,9401.025,2000,5308
9121.069,2000,4988.009,9220.021,2000,4888.605,9061.951,2000,5085.011,9233.978,2000,5233.424,9107.667,2000,5330.119,9242.291,2000,5384.91,9186.872,2000,5131.985,9280.95,2000,5138.187,9315.42,2000,5163.249,9400.809,2000,5309.062
9120.02,2000,4988.277,9220.914,2000,4887.993,9063.001,2000,5084.745,9234.67,2000,5232.591,9108.556,2000,5329.5,9242.194,2000,5383.831,9186.469,2000,5130.979,9281.835,2000,5138.812,9316.222,2000,5162.52,9400.558,2000,5310.115
9118.979,2000,4988.579,9221.827,2000,4887.409,9064.06,2000,5084.514,9235.334,2000,5231.735,9109.424,2000,5328.851,9242.1,2000,5382.752,9186.032,2000,5129.988,9282.739,2000,5139.407,9317.047,2000,5161.818,9400.272,2000,5311.16
9117.949,2000,4988.916,9222.759,2000,4886.856,9065.125,2000,5084.317,9235.97,2000,5230.858,9110.27,2000,5328.174,9242.007,2000,5381.672,9185.563,2000,5129.011,9283.663,2000,5139.973,9317.895,2000,5161.144,9399.953,2000,5312.195
9116.931,2000,4989.285,9223.708,2000,4886.333,9066.196,2000,5084.155,9236.577,2000,5229.961,9111.093,2000,5327.47,9241.917,2000,5380.593,9185.063,2000,5128.05,9284.604,2000,5140.509,9318.764,2000,5160.498,9399.6,2000,5313.219
9115.925,2000,4989.688,9224.674,2000,4885.842,9067.272,2000,5084.029,9237.154,2000,5229.044,9111.893,2000,5326.74,9241.829,2000,5379.513,9184.595,2000,5127.074,9285.563,2000,5141.013,9319.653,2000,5159.88,9399.213,2000,5314.231
9114.933,2000,4990.124,9225.655,2000,4885.383,9068.352,2000,5083.938,9237.701,2000,5228.109,9112.668,2000,5325.983,9241.744,2000,5378.433,9184.158,2000,5126.082,9286.538,2000,5141.486,9320.563,2000,5159.292,9398.794,2000,5315.23
9113.955,2000,4990.591,9226.651,2000,4884.957,9069.434,2000,5083.882,9238.278,2000,5227.193,9113.419,2000,5325.202,9241.661,2000,5377.353,9183.755,2000,5125.077,9287.527,2000,5141.926,9321.492,2000,5158.733,9398.342,2000,5316.215
9112.994,2000,4991.091,9227.66,2000,4884.563,9070.517,2000,5083.861,9238.886,2000,5226.295,9114.144,2000,5324.397,9241.58,2000,5376.273,9183.384,2000,5124.059,9288.531,2000,5142.334,9322.438,2000,5158.206,9397.858,2000,5317.184
9112.05,2000,4991.622,9228.682,2000,4884.202,9071.6,2000,5083.876,9239.521,2000,5225.418,9114.842,2000,5323.568,9241.502,2000,5375.192,9183.047,2000,5123.029,9289.548,2000,5142.709,9323.401,2000,5157.71,9397.343,2000,5318.137
9111.123,2000,4992.183,9229.715,2000,4883.875,9072.682,2000,5083.927,9240.186,2000,5224.563,9115.534,2000,5322.735,9241.426,2000,5374.112,9182.743,2000,5121.989,9290.576,2000,5143.051,9324.38,2000,5157.246,9396.797,2000,5319.073
9110.179,2000,4992.714,9230.758,2000,4883.582,9073.762,2000,5084.013,9240.878,2000,5223.729,9116.228,2000,5321.903,9241.353,2000,5373.031,9182.474,2000,5120.94,9291.615,2000,5143.358,9325.373,2000,5156.813,9396.221,2000,5319.99
9109.218,2000,4993.213,9231.81,2000,4883.323,9074.838,2000,5084.134,9241.597,2000,5222.919,9116.921,2000,5321.071,9241.282,2000,5371.95,9182.239,2000,5119.882,9292.663,2000,5143.632,9326.38,2000,5156.414,9395.614,2000,5320.888
9108.24,2000,4993.681,9232.869,2000,4883.099,9075.91,2000,5084.29,9242.342,2000,5222.132,9117.615,2000,5320.239,9241.214,2000,5370.869,9182.039,2000,5118.817,9293.72,2000,5143.871,9327.399,2000,5156.048,9394.979,2000,5321.765
9107.248,2000,4994.117,9233.936,2000,4882.909,9076.977,2000,5084.481,9243.112,2000,5221.371,9118.31,2000,5319.408,9241.148,2000,5369.787,9181.874,2000,5117.747,9294.783,2000,5144.076,9328.431,2000,5155.715,9394.315,2000,5322.622
9106.242,2000,4994.52,9235.008,2000,4882.754,9078.036,2000,5084.708,9243.907,2000,5220.635,9119.005,2000,5318.577,9241.086,2000,5368.706,9181.744,2000,5116.671,9295.854,2000,5144.245,9329.472,2000,5155.417,9393.624,2000,5323.456
9105.224,2000,4994.889,9236.085,2000,4882.635,9079.088,2000,5084.968,9244.726,2000,5219.925,9119.7,2000,5317.746,9241.026,2000,5367.624,9181.649,2000,5115.592,9296.929,2000,5144.379,9330.522,2000,5155.152,9392.906,2000,5324.267
9104.193,2000,4995.226,9237.165,2000,4882.551,9080.13,2000,5085.263,9245.567,2000,5219.243,9120.396,2000,5316.916,9240.97,2000,5366.542,9181.59,2000,5114.51,9298.008,2000,5144.479,9331.581,2000,5154.922,9392.162,2000,5325.054
9103.153,2000,4995.528,9238.247,2000,4882.502,9081.162,2000,5085.592,9246.431,2000,5218.588,9121.094,2000,5316.086,9240.916,2000,5365.46,9181.566,2000,5113.427,9299.089,2000,5144.542,9332.646,2000,5154.727,9391.393,2000,5325.816
9102.104,2000,4995.796,9239.33,2000,4882.489,9082.183,2000,5085.955,9247.314,2000,5217.962,9121.791,2000,5315.258,9240.864,2000,5364.378,9181.578,2000,5112.344,9300.172,2000,5144.571,9333.718,2000,5154.566,9390.599,2000,5326.553
9101.046,2000,4996.03,9240.413,2000,4882.511,9083.191,2000,5086.35,9248.219,2000,5217.365,9122.489,2000,5314.43,9240.816,2000,5363.296,9181.625,2000,5111.261,9301.255,2000,5144.563,9334.794,2000,5154.441,9389.78,2000,5327.263
9099.981,2000,4996.229,9241.495,2000,4882.568,9084.187,2000,5086.778,9249.142,2000,5216.798,9123.188,2000,5313.602,9240.771,2000,5362.213,9181.707,2000,5110.181,9302.337,2000,5144.521,9335.874,2000,5154.352,9388.939,2000,5327.946
9098.91,2000,4996.393,9242.574,2000,4882.661,9085.167,2000,5087.239,9250.083,2000,5216.262,9123.889,2000,5312.775,9240.729,2000,5361.131,9181.825,2000,5109.104,9303.417,2000,5144.443,9336.956,2000,5154.297,9388.077,2000,5328.602
9097.835,2000,4996.522,9243.65,2000,4882.79,9086.132,2000,5087.732,9251.041,2000,5215.757,9124.589,2000,5311.949,9240.69,2000,5360.048,9181.979,2000,5108.032,9304.494,2000,5144.33,9338.039,2000,5154.278,9387.193,2000,5329.229
9096.756,2000,4996.616,9244.722,2000,4882.953,9087.08,2000,5088.256,9252.016,2000,5215.283,9125.29,2000,5311.123,9240.654,2000,5358.966,9182.166,2000,5106.965,9305.567,2000,5144.181,9339.122,2000,5154.294,9386.29,2000,5329.826
9095.674,2000,4996.674,9245.787,2000,4883.151,9088.011,2000,5088.811,9253.005,2000,5214.842,9125.992,2000,5310.298,9240.621,2000,5357.883,9182.389,2000,5105.905,9306.635,2000,5143.998,9340.204,2000,5154.346,9385.367,2000,5330.394
9094.591,2000,4996.697,9246.845,2000,4883.384,9088.923,2000,5089.396,9254.008,2000,5214.433,9126.695,2000,5309.474,9240.591,2000,5356.8,9182.646,2000,5104.853,9307.696,2000,5143.779,9341.284,2000,5154.434,9384.427,2000,5330.931
9093.508,2000,4996.684,9247.895,2000,4883.652,9089.815,2000,5090.01,9255.023,2000,5214.057,9127.399,2000,5308.651,9240.563,2000,5355.717,9182.938,2000,5103.809,9308.75,2000,5143.526,9342.36,2000,5154.556,9383.469,2000,5331.437
9092.426,2000,4996.636,9248.935,2000,4883.954,9090.688,2000,5090.653,9256.051,2000,5213.715,9128.104,2000,5307.829,9240.539,2000,5354.634,9183.264,2000,5102.776,9309.795,2000,5143.239,9343.433,2000,5154.714,9382.495,2000,5331.912
9091.346,2000,4996.553,9249.965,2000,4884.289,9091.538,2000,5091.324,9257.089,2000,5213.406,9128.811,2000,5307.007,9240.519,2000,5353.551,9183.623,2000,5101.754,9310.829,2000,5142.918,9344.499,2000,5154.906,9381.506,2000,5332.354
9090.269,2000,4996.434,9250.983,2000,4884.658,9092.366,2000,5092.023,9258.137,2000,5213.132,9129.518,2000,5306.186,9240.501,2000,5352.468,9184.016,2000,5100.744,9311.853,2000,5142.563,9345.559,2000,5155.134,9380.503,2000,5332.764
9089.196,2000,4996.28,9251.989,2000,4885.061,9093.171,2000,5092.749,9259.193,2000,5212.892,9130.226,2000,5305.366,9240.486,2000,5351.385,9184.441,2000,5099.748,9312.864,2000,5142.175,9346.609,2000,5155.396,9379.487,2000,5333.141
9088.13,2000,4996.091,9252.981,2000,4885.496,9093.951,2000,5093.5,9260.257,2000,5212.687,9130.935,2000,5304.547,9240.475,2000,5350.301,9184.899,2000,5098.766,9313.862,2000,5141.753,9347.651,2000,5155.692,9378.46,2000,5333.484
9087.07,2000,4995.868,9253.959,2000,4885.963,9094.706,2000,5094.277,9261.327,2000,5212.516,9131.645,2000,5303.729,9240.467,2000,5349.218,9185.389,2000,5097.799,9314.846,2000,5141.3,9348.684,2000,5156.022,9377.422,2000,5333.793
9086.019,2000,4995.609,9254.921,2000,4886.462,9095.436,2000,5095.078,9262.402,2000,5212.381,9132.356,2000,5302.913,9240.462,2000,5348.134,9185.909,2000,5096.85,9315.814,2000,5140.814,9349.704,2000,5156.386,9376.374,2000,5334.069
9084.976,2000,4995.317,9255.865,2000,4886.992,9096.139,2000,5095.902,9263.481,2000,5212.281,9133.069,2000,5302.097,9240.46,2000,5347.051,9186.461,2000,5095.917,9316.767,2000,5140.297,9350.712,2000,5156.783,9375.317,2000,5334.31
9083.924,2000,4995.059,9256.792,2000,4887.553,9096.814,2000,5096.749,9264.563,2000,5212.216,9133.783,2000,5301.282,9240.462,2000,5345.967,9187.043,2000,5095.004,9317.701,2000,5139.75,9351.706,2000,5157.212,9374.254,2000,5334.516
9082.864,2000,4994.835,9257.7,2000,4888.144,9097.462,2000,5097.617,9265.646,2000,5212.187,9134.498,2000,5300.468,9240.467,2000,5344.884,9187.654,2000,5094.11,9318.617,2000,5139.171,9352.686,2000,5157.674,9373.185,2000,5334.687
9081.798,2000,4994.646,9258.589,2000,4888.764,9098.081,2000,5098.506,9266.729,2000,5212.193,9135.214,2000,5299.655,9240.475,2000,5343.8,9188.295,2000,5093.236,9319.514,2000,5138.563,9353.649,2000,5158.168,9372.109,2000,5334.823
9080.726,2000,4994.492,9259.456,2000,4889.413,9098.67,2000,5099.416,9267.812,2000,5212.234,9135.931,2000,5298.843,9240.485,2000,5342.717,9188.964,2000,5092.384,9320.39,2000,5137.927,9354.597,2000,5158.693,9371.03,2000,5334.924
9079.648,2000,4994.374,9260.302,2000,4890.089,9099.229,2000,5100.343,9268.893,2000,5212.312,9136.649,2000,5298.032,9240.5,2000,5341.634,9189.66,2000,5091.554,9321.245,2000,5137.262,9355.526,2000,5159.249,9369.949,2000,5334.99
9078.568,2000,4994.29,9261.125,2000,4890.793,9099.758,2000,5101.289,9269.97,2000,5212.424,9137.369,2000,5297.222,9240.518,2000,5340.551,9190.383,2000,5090.747,9322.078,2000,5136.569,9356.438,2000,5159.833,9368.866,2000,5335.02
9077.486,2000,4994.242,9261.925,2000,4891.524,9100.255,2000,5102.251,9271.043,2000,5212.571,9138.09,2000,5296.413,9240.538,2000,5339.468,9191.132,2000,5089.964,9322.888,2000,5135.849,9357.336,2000,5160.441,9367.783,2000,5335.015
9076.403,2000,4994.229,9262.7,2000,4892.281,9100.721,2000,5103.229,9272.11,2000,5212.754,9138.812,2000,5295.605,9240.562,2000,5338.385,9191.906,2000,5089.207,9323.674,2000,5135.104,9358.218,2000,5161.07,9366.7,2000,5334.974
9075.32,2000,4994.252,9263.45,2000,4893.063,9101.154,2000,5104.222,9273.172,2000,5212.971,9139.534,2000,5294.798,9240.588,2000,5337.302,9192.705,2000,5088.475,9324.435,2000,5134.333,9359.084,2000,5161.721,9365.619,2000,5334.898
9074.238,2000,4994.311,9264.175,2000,4893.868,9101.555,2000,5105.229,9274.226,2000,5213.223,9140.259,2000,5293.993,9240.617,2000,5336.219,9193.527,2000,5087.769,9325.17,2000,5133.537,9359.934,2000,5162.393,9364.542,2000,5334.787
9073.159,2000,4994.404,9264.872,2000,4894.697,9101.922,2000,5106.248,9275.271,2000,5213.509,9140.984,2000,5293.188,9240.649,2000,5335.136,9194.372,2000,5087.091,9325.879,2000,5132.718,9360.805,2000,5163.037,9363.469,2000,5334.64
9072.084,2000,4994.533,9265.542,2000,4895.548,9102.256,2000,5107.278,9276.306,2000,5213.83,9141.711,2000,5292.384,9240.685,2000,5334.053,9195.238,2000,5086.44,9326.561,2000,5131.876,9361.696,2000,5163.651,9362.4,2000,5334.458
9071.013,2000,4994.697,9266.184,2000,4896.421,9102.556,2000,5108.319,9277.329,2000,5214.184,9142.438,2000,5291.582,9240.723,2000,5332.971,9196.126,2000,5085.819,9327.215,2000,5131.012,9362.608,2000,5164.237,9361.339,2000,5334.242
9069.948,2000,4994.896,9266.797,2000,4897.314,9102.821,2000,5109.37,9278.341,2000,5214.571,9143.167,2000,5290.78,9240.764,2000,5331.888,9197.033,2000,5085.227,9327.84,2000,5130.127,9363.539,2000,5164.792,9360.285,2000,5333.991
9068.891,2000,4995.13,9267.38,2000,4898.227,9103.053,2000,5110.428,9279.339,2000,5214.991,9143.896,2000,5289.979,9240.808,2000,5330.806,9197.959,2000,5084.665,9328.436,2000,5129.223,9364.487,2000,5165.316,9359.24,2000,5333.706
9067.841,2000,4995.398,9267.933,2000,4899.159,9103.249,2000,5111.494,9280.323,2000,5215.444,9144.627,2000,5289.179,9240.854,2000,5329.723,9198.903,2000,5084.133,9329.002,2000,5128.299,9365.452,2000,5165.81,9358.205,2000,5333.386
9066.801,2000,4995.701,9268.455,2000,4900.108,9103.41,2000,5112.565,9281.292,2000,5215.929,9145.358,2000,5288.38,9240.904,2000,5328.641,9199.864,2000,5083.632,9329.537,2000,5127.357,9366.433,2000,5166.271,9357.181,2000,5333.033
9065.771,2000,4996.037,9268.946,2000,4901.074,9103.606,2000,5113.63,9282.244,2000,5216.445,9146.091,2000,5287.583,9240.957,2000,5327.559,9200.841,2000,5083.164,9330.041,2000,5126.398,9367.428,2000,5166.7,9356.169,2000,5332.646
9064.752,2000,4996.407,9269.405,2000,4902.055,9103.838,2000,5114.689,9283.18,2000,5216.992,9146.825,2000,5286.786,9241.013,2000,5326.477,9201.832,2000,5082.727,9330.514,2000,5125.423,9368.436,2000,5167.096,9355.17,2000,5332.227
9063.746,2000,4996.81,9269.832,2000,4903.051,9104.104,2000,5115.739,9284.097,2000,5217.569,9147.561,2000,5285.99,9241.071,2000,5325.396,9202.837,2000,5082.323,9330.954,2000,5124.434,9369.456,2000,5167.458,9354.186,2000,5331.775
9062.754,2000,4997.245,9270.226,2000,4904.06,9104.403,2000,5116.78,9284.994,2000,5218.176,9148.297,2000,5285.195,9241.133,2000,5324.314,9203.854,2000,5081.953,9331.362,2000,5123.43,9370.488,2000,5167.788,9353.216,2000,5331.292
9061.776,2000,4997.713,9270.586,2000,4905.082,9104.737,2000,5117.811,9285.871,2000,5218.812,9149.007,2000,5284.376,9241.229,2000,5323.235,9204.884,2000,5081.616,9331.737,2000,5122.414,9371.53,2000,5168.083,9352.263,2000,5330.776
9060.815,2000,4998.212,9270.913,2000,4906.114,9105.104,2000,5118.83,9286.727,2000,5219.477,9149.689,2000,5283.535,9241.361,2000,5322.16,9205.924,2000,5081.313,9332.079,2000,5121.385,9372.582,2000,5168.345,9351.327,2000,5330.23
9059.871,2000,4998.743,9271.206,2000,4907.157,9105.505,2000,5119.836,9287.561,2000,5220.168,9150.344,2000,5282.671,9241.528,2000,5321.089,9206.974,2000,5081.043,9332.387,2000,5120.347,9373.642,2000,5168.571,9350.41,2000,5329.653
9058.944,2000,4999.305,9271.465,2000,4908.209,9105.938,2000,5120.829,9288.416,2000,5220.833,9150.97,2000,5281.787,9241.73,2000,5320.025,9208.031,2000,5080.809,9332.66,2000,5119.298,9374.693,2000,5168.833,9349.513,2000,5329.047
9058.037,2000,4999.896,9271.689,2000,4909.269,9106.404,2000,5121.807,9289.293,2000,5221.469,9151.566,2000,5280.883,9241.967,2000,5318.968,9209.096,2000,5080.609,9332.899,2000,5118.242,9375.735,2000,5169.128,9348.635,2000,5328.412
9057.149,2000,5000.517,9271.879,2000,4910.335,9106.901,2000,5122.77,9290.19,2000,5222.076,9152.133,2000,5279.959,9242.238,2000,5317.919,9210.166,2000,5080.444,9333.104,2000,5117.178,9376.768,2000,5169.458,9347.778,2000,5327.749
9056.282,2000,5001.166,9272.033,2000,4911.408,9107.43,2000,5123.715,9291.107,2000,5222.653,9152.669,2000,5279.018,9242.544,2000,5316.879,9211.241,2000,5080.314,9333.273,2000,5116.108,9377.788,2000,5169.82,9346.944,2000,5327.057
9055.437,2000,5001.844,9272.152,2000,4912.484,9107.989,2000,5124.643,9292.043,2000,5223.2,9153.174,2000,5278.06,9242.883,2000,5315.851,9212.32,2000,5080.219,9333.408,2000,5115.033,9378.796,2000,5170.216,9346.133,2000,5326.339
9054.614,2000,5002.548,9272.236,2000,4913.564,9108.578,2000,5125.552,9292.995,2000,5223.716,9153.647,2000,5277.085,9243.256,2000,5314.833,9213.402,2000,5080.16,9333.507,2000,5113.954,9379.791,2000,5170.645,9345.346,2000,5325.595
9053.815,2000,5003.28,9272.285,2000,4914.646,9109.197,2000,5126.441,9293.964,2000,5224.201,9154.089,2000,5276.096,9243.661,2000,5313.829,9214.485,2000,5080.136,9333.57,2000,5112.873,9380.771,2000,5171.106,9344.583,2000,5324.825
9053.041,2000,5004.037,9272.299,2000,4915.729,9109.845,2000,5127.31,9294.948,2000,5224.654,9154.498,2000,5275.092,9244.1,2000,5312.838,9215.568,2000,5080.148,9333.599,2000,5111.79,9381.736,2000,5171.6,9343.847,2000,5324.031
9052.291,2000,5004.819,9272.276,2000,4916.813,9110.521,2000,5128.157,9295.946,2000,5225.074,9154.874,2000,5274.076,9244.57,2000,5311.863,9216.65,2000,5080.195,9333.592,2000,5110.706,9382.685,2000,5172.124,9343.137,2000,5323.213
9051.567,2000,5005.625,9272.219,2000,4917.895,9111.224,2000,5128.981,9296.958,2000,5225.461,9155.216,2000,5273.048,9245.072,2000,5310.903,9217.73,2000,5080.277,9333.549,2000,5109.624,9383.615,2000,5172.679,9342.453,2000,5322.372
9050.87,2000,5006.455,9272.126,2000,4918.974,9111.953,2000,5129.782,9297.981,2000,5225.815,9155.524,2000,5272.01,9245.543,2000,5309.927,9218.808,2000,5080.395,9333.471,2000,5108.543,9384.527,2000,5173.265,9341.798,2000,5321.509
9050.201,2000,5007.307,9271.998,2000,4920.049,9112.708,2000,5130.559,9299.017,2000,5226.136,9155.799,2000,5270.962,9245.981,2000,5308.937,9219.88,2000,5080.548,9333.357,2000,5107.465,9385.419,2000,5173.879,9341.171,2000,5320.625
9049.56,2000,5008.18,9271.835,2000,4921.12,9113.488,2000,5131.31,9300.062,2000,5226.422,9156.039,2000,5269.905,9246.387,2000,5307.932,9220.947,2000,5080.736,9333.209,2000,5106.392,9386.29,2000,5174.523,9340.573,2000,5319.722
9048.947,2000,5009.073,9271.669,2000,4922.19,9114.293,2000,5132.036,9301.115,2000,5226.674,9156.244,2000,5268.841,9246.76,2000,5306.915,9222.008,2000,5080.958,9333.025,2000,5105.324,9387.14,2000,5175.195,9340.006,2000,5318.799
9048.364,2000,5009.986,9271.505,2000,4923.261,9115.121,2000,5132.734,9302.177,2000,5226.891,9156.414,2000,5267.771,9247.099,2000,5305.886,9223.061,2000,5081.216,9332.807,2000,5104.263,9387.967,2000,5175.894,9339.469,2000,5317.858
9047.812,2000,5010.918,9271.343,2000,4924.333,9115.972,2000,5133.406,9303.244,2000,5227.074,9156.549,2000,5266.697,9247.404,2000,5304.847,9224.104,2000,5081.507,9332.554,2000,5103.21,9388.816,2000,5176.566,9338.963,2000,5316.9
9047.29,2000,5011.867,9271.184,2000,4925.404,9116.844,2000,5134.049,9304.317,2000,5227.221,9156.648,2000,5265.618,9247.676,2000,5303.798,9225.137,2000,5081.833,9332.267,2000,5102.166,9389.688,2000,5177.209,9338.488,2000,5315.926
9046.8,2000,5012.833,9271.026,2000,4926.476,9117.736,2000,5134.663,9305.395,2000,5227.333,9156.713,2000,5264.537,9247.912,2000,5302.741,9226.159,2000,5082.192,9331.945,2000,5101.131,9390.579,2000,5177.824,9338.046,2000,5314.937
9046.342,2000,5013.814,9270.871,2000,4927.548,9118.648,2000,5135.248,9306.476,2000,5227.411,9156.742,2000,5263.454,9248.114,2000,5301.676,9227.169,2000,5082.585,9331.591,2000,5100.107,9391.491,2000,5178.41,9337.636,2000,5313.934
9045.916,2000,5014.811,9270.719,2000,4928.62,9119.579,2000,5135.803,9307.559,2000,5227.452,9156.736,2000,5262.37,9248.281,2000,5300.606,9228.165,2000,5083.01,9331.202,2000,5099.096,9392.422,2000,5178.965,9337.259,2000,5312.918
9045.522,2000,5015.82,9270.568,2000,4929.693,9120.527,2000,5136.327,9308.642,2000,5227.458,9156.694,2000,5261.288,9248.413,2000,5299.531,9229.146,2000,5083.468,9330.781,2000,5098.098,9393.37,2000,5179.489,9336.915,2000,5311.891
9045.162,2000,5016.842,9270.42,2000,4930.766,9121.492,2000,5136.819,9309.725,2000,5227.429,9156.617,2000,5260.207,9248.51,2000,5298.452,9230.113,2000,5083.958,9330.328,2000,5097.114,9394.335,2000,5179.982,9336.605,2000,5310.853
9044.836,2000,5017.875,9270.273,2000,4931.839,9122.473,2000,5137.28,9310.806,2000,5227.364,9156.505,2000,5259.129,9248.571,2000,5297.37,9231.063,2000,5084.479,9329.843,2000,5096.146,9395.315,2000,5180.444,9336.33,2000,5309.805
9044.543,2000,5018.918,9270.13,2000,4932.913,9123.468,2000,5137.708,9311.885,2000,5227.264,9156.357,2000,5258.056,9248.598,2000,5296.287,9231.996,2000,5085.03,9329.39,2000,5095.162,9396.311,2000,5180.873,9336.089,2000,5308.749
9044.285,2000,5019.97,9269.988,2000,4933.987,9124.477,2000,5138.104,9312.96,2000,5227.129,9156.175,2000,5256.988,9248.588,2000,5295.204,9232.91,2000,5085.612,9328.969,2000,5094.164,9397.318,2000,5181.269,9335.883,2000,5307.686
9044.062,2000,5021.03,9269.849,2000,4935.062,9125.497,2000,5138.466,9314.03,2000,5226.958,9156.027,2000,5255.915,9248.543,2000,5294.121,9233.805,2000,5086.224,9328.58,2000,5093.153,9398.339,2000,5181.631,9335.712,2000,5306.616
9043.873,2000,5022.097,9269.712,2000,4936.136,9126.529,2000,5138.795,9315.094,2000,5226.753,9155.915,2000,5254.837,9248.463,2000,5293.041,9234.679,2000,5086.864,9328.226,2000,5092.129,9399.371,2000,5181.961,9335.575,2000,5305.541
9043.719,2000,5023.169,9269.577,2000,4937.211,9127.571,2000,5139.09,9316.15,2000,5226.513,9155.838,2000,5253.757,9248.348,2000,5291.963,9235.531,2000,5087.533,9327.904,2000,5091.095,9400.413,2000,5182.256,9335.475,2000,5304.462
9043.6,2000,5024.246,9269.445,2000,4938.286,9128.623,2000,5139.351,9317.198,2000,5226.239,9155.796,2000,5252.674,9248.197,2000,5290.891,9236.361,2000,5088.229,9327.617,2000,5090.05,9401.465,2000,5182.518,9335.409,2000,5303.381
9043.517,2000,5025.326,9269.315,2000,4939.362,9129.683,2000,5139.577,9318.236,2000,5225.93,9155.719,2000,5251.594,9248.012,2000,5289.823,9237.168,2000,5088.953,9327.364,2000,5088.997,9402.524,2000,5182.744,9335.379,2000,5302.298
9043.469,2000,5026.408,9269.188,2000,4940.438,9130.749,2000,5139.769,9319.264,2000,5225.588,9155.606,2000,5250.516,9247.791,2000,5288.763,9237.95,2000,5089.702,9327.146,2000,5087.936,9403.591,2000,5182.936,9335.384,2000,5301.214
9043.456,2000,5027.492,9269.063,2000,4941.514,9131.821,2000,5139.925,9320.279,2000,5225.212,9155.459,2000,5249.443,9247.536,2000,5287.71,9238.708,2000,5090.476,9326.962,2000,5086.868,9404.663,2000,5183.093,9335.425,2000,5300.132
9043.479,2000,5028.575,9268.941,2000,4942.59,9132.896,2000,5140.058,9321.282,2000,5224.803,9155.276,2000,5248.375,9247.246,2000,5286.666,9239.44,2000,5091.275,9326.813,2000,5085.795,9405.739,2000,5183.214,9335.501,2000,5299.051
9043.537,2000,5029.656,9268.822,2000,4943.667,9133.972,2000,5140.192,9322.271,2000,5224.362,9155.059,2000,5247.314,9246.923,2000,5285.632,9240.146,2000,5092.097,9326.7,2000,5084.717,9406.819,2000,5183.301,9335.612,2000,5297.974
9043.631,2000,5030.735,9268.705,2000,4944.744,9135.047,2000,5140.327,9323.246,2000,5223.888,9154.807,2000,5246.26,9246.565,2000,5284.609,9240.823,2000,5092.942,9326.622,2000,5083.637,9407.901,2000,5183.352,9335.759,2000,5296.9
9043.76,2000,5031.811,9268.591,2000,4945.821,9136.122,2000,5140.462,9324.204,2000,5223.383,9154.521,2000,5245.215,9246.175,2000,5283.599,9241.474,2000,5093.809,9326.579,2000,5082.554,9408.984,2000,5183.368,9335.94,2000,5295.833
9043.924,2000,5032.882,9268.479,2000,4946.899,9137.197,2000,5140.598,9325.146,2000,5222.847,9154.2,2000,5244.181,9245.751,2000,5282.602,9242.095,2000,5094.696,9326.572,2000,5081.471,9410.067,2000,5183.348,9336.157,2000,5294.771
9044.123,2000,5033.947,9268.369,2000,4947.977,9138.271,2000,5140.735,9326.068,2000,5222.28,9153.846,2000,5243.157,9245.295,2000,5281.619,9242.687,2000,5095.603,9326.601,2000,5080.388,9411.149,2000,5183.292,9336.408,2000,5293.717
9044.356,2000,5035.004,9268.263,2000,4949.055,9139.346,2000,5140.873,9326.973,2000,5221.683,9153.458,2000,5242.145,9244.808,2000,5280.652,9243.249,2000,5096.529,9326.664,2000,5079.306,9412.229,2000,5183.202,9336.693,2000,5292.672
9044.625,2000,5036.054,9268.158,2000,4950.133,9140.42,2000,5141.011,9327.856,2000,5221.057,9153.038,2000,5241.146,9244.288,2000,5279.701,9243.78,2000,5097.473,9326.763,2000,5078.228,9413.305,2000,5183.076,9337.013,2000,5291.637
9044.928,2000,5037.094,9268.057,2000,4951.211,9141.498,2000,5141.114,9328.72,2000,5220.402,9152.585,2000,5240.162,9243.738,2000,5278.768,9244.28,2000,5098.434,9326.897,2000,5077.152,9414.376,2000,5182.915,9337.366,2000,5290.613
9045.264,2000,5038.124,9267.958,2000,4952.29,9142.579,2000,5141.181,9329.562,2000,5219.72,9152.101,2000,5239.193,9243.158,2000,5277.853,9244.749,2000,5099.411,9327.067,2000,5076.083,9415.441,2000,5182.719,9337.753,2000,5289.601
9045.634,2000,5039.142,9267.862,2000,4953.369,9143.662,2000,5141.213,9330.38,2000,5219.01,9151.584,2000,5238.241,9242.549,2000,5276.957,9245.186,2000,5100.402,9327.271,2000,5075.019,9416.5,2000,5182.488,9338.172,2000,5288.602
9046.037,2000,5040.147,9267.769,2000,4954.448,9144.745,2000,5141.21,9331.175,2000,5218.274,9151.037,2000,5237.306,9241.91,2000,5276.082,9245.589,2000,5101.408,9327.511,2000,5073.962,9417.551,2000,5182.223,9338.624,2000,5287.618
9046.473,2000,5041.139,9267.678,2000,4955.528,9145.828,2000,5141.171,9331.945,2000,5217.513,9150.46,2000,5236.389,9241.243,2000,5275.229,9245.96,2000,5102.426,9327.784,2000,5072.914,9418.592,2000,5181.923,9339.107,2000,5286.648
9046.94,2000,5042.116,9267.59,2000,4956.607,9146.909,2000,5141.097,9332.69,2000,5216.726,9149.853,2000,5235.492,9240.549,2000,5274.397,9246.297,2000,5103.455,9328.092,2000,5071.875,9419.622,2000,5181.59,9339.623,2000,5285.695
9047.44,2000,5043.078,9267.504,2000,4957.688,9147.987,2000,5140.988,9333.409,2000,5215.916,9149.217,2000,5234.615,9239.827,2000,5273.589,9246.601,2000,5104.495,9328.434,2000,5070.847,9420.642,2000,5181.223,9340.169,2000,5284.76
9047.972,2000,5044.022,9267.421,2000,4958.768,9149.061,2000,5140.843,9334.102,2000,5215.082,9148.553,2000,5233.759,9239.133,2000,5272.757,9246.87,2000,5105.544,9328.809,2000,5069.83,9421.648,2000,5180.823,9340.745,2000,5283.843
9048.533,2000,5044.949,9267.341,2000,4959.848,9150.129,2000,5140.664,9334.766,2000,5214.227,9147.86,2000,5232.926,9238.466,2000,5271.904,9247.104,2000,5106.602,9329.217,2000,5068.827,9422.657,2000,5180.428,9341.352,2000,5282.945
9049.125,2000,5045.856,9267.263,2000,4960.929,9151.19,2000,5140.449,9335.401,2000,5213.35,9147.142,2000,5232.115,9237.827,2000,5271.029,9247.305,2000,5107.667,9329.657,2000,5067.837,9423.668,2000,5180.039,9341.986,2000,5282.067
9049.746,2000,5046.744,9267.188,2000,4962.009,9152.245,2000,5140.2,9336.009,2000,5212.452,9146.396,2000,5231.329,9237.218,2000,5270.133,9247.47,2000,5108.738,9330.13,2000,5066.862,9424.682,2000,5179.657,9342.65,2000,5281.211
9050.396,2000,5047.611,9267.115,2000,4963.09,9153.291,2000,5139.916,9336.586,2000,5211.536,9145.626,2000,5230.567,9236.638,2000,5269.218,9247.6,2000,5109.813,9330.634,2000,5065.903,9425.697,2000,5179.281,9343.342,2000,5280.377
9051.073,2000,5048.457,9267.045,2000,4964.171,9154.327,2000,5139.598,9337.133,2000,5210.601,9144.831,2000,5229.832,9236.088,2000,5268.285,9247.765,2000,5110.884,9331.169,2000,5064.961,9426.716,2000,5178.912,9344.06,2000,5279.566
9051.778,2000,5049.279,9266.978,2000,4965.252,9155.352,2000,5139.247,9337.648,2000,5209.648,9144.013,2000,5229.122,9235.568,2000,5267.334,9247.965,2000,5111.949,9331.735,2000,5064.038,9427.737,2000,5178.551,9344.804,2000,5278.779
9052.51,2000,5050.079,9266.913,2000,4966.334,9156.364,2000,5138.862,9338.133,2000,5208.679,9143.171,2000,5228.439,9235.081,2000,5266.367,9248.199,2000,5113.007,9332.331,2000,5063.133,9428.762,2000,5178.197,9345.573,2000,5278.017
9053.267,2000,5050.854,9266.852,2000,4967.416,9157.364,2000,5138.444,9338.586,2000,5207.695,9142.308,2000,5227.785,9234.625,2000,5265.384,9248.469,2000,5114.056,9332.956,2000,5062.248,9429.788,2000,5177.852,9346.367,2000,5277.28
9054.049,2000,5051.603,9266.793,2000,4968.497,9158.35,2000,5137.994,9339.006,2000,5206.696,9141.424,2000,5227.159,9234.201,2000,5264.387,9248.772,2000,5115.096,9333.61,2000,5061.384,9430.817,2000,5177.515,9347.186,2000,5276.569
9054.855,2000,5052.327,9266.737,2000,4969.579,9159.319,2000,5137.512,9339.394,2000,5205.685,9140.52,2000,5226.563,9233.811,2000,5263.376,9249.109,2000,5116.125,9334.292,2000,5060.542,9431.85,2000,5177.187,9348.026,2000,5275.886
9055.685,2000,5053.023,9266.685,2000,4970.661,9160.273,2000,5136.999,9339.748,2000,5204.661,9139.597,2000,5225.996,9233.453,2000,5262.354,9249.48,2000,5117.144,9334.946,2000,5059.679,9432.885,2000,5176.868,9348.889,2000,5275.231
9056.536,2000,5053.693,9266.635,2000,4971.743,9161.21,2000,5136.454,9340.068,2000,5203.626,9138.655,2000,5225.459,9233.13,2000,5261.32,9249.884,2000,5118.149,9335.571,2000,5058.794,9433.923,2000,5176.558,9349.772,2000,5274.604
9057.409,2000,5054.334,9266.588,2000,4972.826,9162.128,2000,5135.879,9340.354,2000,5202.581,9137.697,2000,5224.955,9232.84,2000,5260.276,9250.32,2000,5119.141,9336.167,2000,5057.889,9434.964,2000,5176.258,9350.676,2000,5274.006
9058.303,2000,5054.946,9266.544,2000,4973.908,9163.026,2000,5135.275,9340.606,2000,5201.527,9136.723,2000,5224.481,9232.585,2000,5259.223,9250.789,2000,5120.117,9336.733,2000,5056.965,9436.008,2000,5175.967,9351.599,2000,5273.438
9059.216,2000,5055.529,9266.503,2000,4974.991,9163.905,2000,5134.641,9340.824,2000,5200.466,9135.733,2000,5224.04,9232.364,2000,5258.163,9251.289,2000,5121.078,9337.269,2000,5056.023,9437.055,2000,5175.687,9352.539,2000,5272.901
9060.147,2000,5056.082,9266.465,2000,4976.073,9164.763,2000,5133.979,9341.007,2000,5199.398,9134.73,2000,5223.631,9232.179,2000,5257.095,9251.82,2000,5122.022,9337.772,2000,5055.064,9438.104,2000,5175.417,9353.497,2000,5272.396
9061.097,2000,5056.603,9266.43,2000,4977.156,9165.598,2000,5133.289,9341.154,2000,5198.325,9133.715,2000,5223.255,9232.028,2000,5256.022,9252.383,2000,5122.948,9338.245,2000,5054.09,9439.144,2000,5175.113,9354.471,2000,5271.921
9062.063,2000,5057.093,9266.397,2000,4978.239,9166.41,2000,5132.572,9341.267,2000,5197.247,9132.687,2000,5222.913,9231.913,2000,5254.945,9252.975,2000,5123.855,9338.686,2000,5053.1,9440.173,2000,5174.774,9355.46,2000,5271.479
9063.039,2000,5057.563,9266.368,2000,4979.322,9167.198,2000,5131.829,9341.344,2000,5196.167,9131.648,2000,5222.604,9231.833,2000,5253.865,9253.596,2000,5124.743,9339.094,2000,5052.097,9441.19,2000,5174.403,9356.463,2000,5271.069
9064.016,2000,5058.032,9266.342,2000,4980.405,9167.962,2000,5131.061,9341.386,2000,5195.084,9130.601,2000,5222.33,9231.788,2000,5252.782,9254.246,2000,5125.609,9339.469,2000,5051.08,9442.195,2000,5173.998,9357.479,2000,5270.692
9064.993,2000,5058.5,9266.318,2000,4981.488,9168.7,2000,5130.268,9341.392,2000,5194,9129.544,2000,5222.09,9231.778,2000,5251.699,9254.924,2000,5126.454,9339.811,2000,5050.052,9443.187,2000,5173.561,9358.506,2000,5270.349
9065.971,2000,5058.966,9266.26,2000,4982.569,9169.412,2000,5129.451,9341.362,2000,5192.917,9128.48,2000,5221.885,9231.805,2000,5250.616,9255.629,2000,5127.276,9340.118,2000,5049.013,9444.163,2000,5173.091,9359.544,2000,5270.039
9066.949,2000,5059.431,9266.166,2000,4983.648,9170.097,2000,5128.611,9341.298,2000,5191.836,9127.424,2000,5221.646,9231.866,2000,5249.534,9256.361,2000,5128.075,9340.46,2000,5047.985,9445.123,2000,5172.589,9360.592,2000,5269.764
9067.929,2000,5059.895,9266.037,2000,4984.724,9170.754,2000,5127.75,9341.198,2000,5190.757,9126.376,2000,5221.371,9231.963,2000,5248.455,9257.119,2000,5128.85,9340.835,2000,5046.968,9446.066,2000,5172.057,9361.648,2000,5269.523
9068.908,2000,5060.357,9265.873,2000,4985.795,9171.382,2000,5126.868,9341.063,2000,5189.683,9125.338,2000,5221.063,9232.095,2000,5247.38,9257.901,2000,5129.599,9341.243,2000,5045.965,9446.992,2000,5171.494,9362.712,2000,5269.317
9069.889,2000,5060.818,9265.674,2000,4986.86,9171.98,2000,5125.965,9340.893,2000,5188.613,9124.31,2000,5220.72,9232.262,2000,5246.31,9258.708,2000,5130.322,9341.684,2000,5044.975,9447.898,2000,5170.901,9363.781,2000,5269.146
9070.87,2000,5061.277,9265.439,2000,4987.917,9172.55,2000,5125.043,9340.688,2000,5187.549,9123.294,2000,5220.345,9232.464,2000,5245.245,9259.538,2000,5131.018,9342.156,2000,5044,9448.785,2000,5170.278,9364.856,2000,5269.009
9071.852,2000,5061.735,9265.171,2000,4988.967,9173.089,2000,5124.103,9340.518,2000,5186.479,9122.291,2000,5219.936,9232.7,2000,5244.188,9260.391,2000,5131.687,9342.66,2000,5043.042,9449.651,2000,5169.627,9365.936,2000,5268.908
9072.834,2000,5062.192,9264.868,2000,4990.007,9173.597,2000,5123.146,9340.382,2000,5185.405,9121.302,2000,5219.495,9232.972,2000,5243.139,9261.265,2000,5132.328,9343.195,2000,5042.1,9450.495,2000,5168.948,9367.017,2000,5268.843
9073.817,2000,5062.646,9264.531,2000,4991.037,9174.073,2000,5122.173,9340.282,2000,5184.326,9120.327,2000,5219.021,9233.277,2000,5242.1,9262.159,2000,5132.939,9343.762,2000,5041.176,9451.316,2000,5168.242,9368.1,2000,5268.813
9074.802,2000,5063.1,9264.161,2000,4992.055,9174.518,2000,5121.185,9340.218,2000,5183.245,9119.369,2000,5218.516,9233.588,2000,5241.062,9263.073,2000,5133.521,9344.357,2000,5040.271,9452.114,2000,5167.509,9369.183,2000,5268.818
9075.786,2000,5063.551,9263.758,2000,4993.06,9174.929,2000,5120.183,9340.188,2000,5182.162,9118.428,2000,5217.98,9233.9,2000,5240.025,9264.006,2000,5134.073,9344.982,2000,5039.386,9452.888,2000,5166.751,9370.266,2000,5268.858
9076.771,2000,5064,9263.322,2000,4994.052,9175.308,2000,5119.167,9340.194,2000,5181.078,9117.505,2000,5217.413,9234.215,2000,5238.988,9264.956,2000,5134.594,9345.637,2000,5038.522,9453.636,2000,5165.968,9371.347,2000,5268.935
9077.758,2000,5064.448,9262.854,2000,4995.029,9175.652,2000,5118.141,9340.236,2000,5179.996,9116.601,2000,5216.816,9234.531,2000,5237.952,9265.923,2000,5135.083,9346.318,2000,5037.681,9454.358,2000,5165.16,9372.424,2000,5269.046
9078.745,2000,5064.894,9262.354,2000,4995.99,9175.964,2000,5117.103,9340.313,2000,5178.915,9115.717,2000,5216.19,9234.85,2000,5236.917,9266.904,2000,5135.541,9347.027,2000,5036.861,9455.054,2000,5164.33,9373.497,2000,5269.192
9079.733,2000,5065.338,9261.823,2000,4996.934,9176.241,2000,5116.056,9340.426,2000,5177.837,9114.854,2000,5215.536,9235.169,2000,5235.881,9267.9,2000,5135.966,9347.763,2000,5036.066,9455.722,2000,5163.477,9374.565,2000,5269.374
9080.723,2000,5065.78,9261.262,2000,4997.86,9176.484,2000,5115,9340.573,2000,5176.764,9114.012,2000,5214.854,9235.49,2000,5234.847,9268.91,2000,5136.359,9348.523,2000,5035.295,9456.361,2000,5162.602,9375.627,2000,5269.59
9081.713,2000,5066.219,9260.67,2000,4998.768,9176.692,2000,5113.937,9340.756,2000,5175.696,9113.193,2000,5214.144,9235.813,2000,5233.813,9269.933,2000,5136.718,9349.31,2000,5034.549,9456.972,2000,5161.707,9376.681,2000,5269.841
9082.704,2000,5066.657,9260.049,2000,4999.656,9176.865,2000,5112.868,9340.974,2000,5174.635,9112.398,2000,5213.408,9236.139,2000,5232.78,9270.966,2000,5137.044,9350.119,2000,5033.83,9457.553,2000,5160.792,9377.742,2000,5270.058
9083.696,2000,5067.092,9259.399,2000,5000.522,9177.003,2000,5111.793,9341.226,2000,5173.581,9111.628,2000,5212.646,9236.466,2000,5231.747,9272.009,2000,5137.335,9350.952,2000,5033.137,9458.104,2000,5159.86,9378.811,2000,5270.239
9084.689,2000,5067.525,9258.722,2000,5001.368,9177.105,2000,5110.714,9341.512,2000,5172.536,9110.883,2000,5211.86,9236.826,2000,5230.726,9273.062,2000,5137.593,9351.808,2000,5032.472,9458.623,2000,5158.91,9379.884,2000,5270.386
9085.684,2000,5067.956,9258.017,2000,5002.19,9177.173,2000,5109.633,9341.832,2000,5171.501,9110.164,2000,5211.05,9237.153,2000,5229.693,9274.122,2000,5137.815,9352.684,2000,5031.835,9459.111,2000,5157.943,9380.961,2000,5270.497
9086.691,2000,5068.354,9257.285,2000,5002.99,9177.275,2000,5108.555,9342.187,2000,5170.478,9109.472,2000,5210.216,9237.446,2000,5228.65,9275.189,2000,5138.003,9353.58,2000,5031.227,9459.568,2000,5156.96,9382.042,2000,5270.573
9087.712,2000,5068.719,9256.58,2000,5003.813,9177.413,2000,5107.48,9342.574,2000,5169.466,9108.808,2000,5209.361,9237.705,2000,5227.598,9276.262,2000,5138.156,9354.496,2000,5030.649,9459.993,2000,5155.964,9383.125,2000,5270.614
9088.743,2000,5069.05,9255.902,2000,5004.658,9177.586,2000,5106.411,9342.994,2000,5168.467,9108.172,2000,5208.484,9237.93,2000,5226.538,9277.339,2000,5138.274,9355.431,2000,5030.101,9460.385,2000,5154.954,9384.208,2000,5270.619
9089.785,2000,5069.347,9255.253,2000,5005.524,9177.794,2000,5105.348,9343.447,2000,5167.483,9107.564,2000,5207.586,9238.119,2000,5225.472,9278.419,2000,5138.356,9356.383,2000,5029.584,9460.743,2000,5153.931,9385.291,2000,5270.589
9090.836,2000,5069.61,9254.632,2000,5006.412,9178.037,2000,5104.292,9343.932,2000,5166.514,9106.987,2000,5206.67,9238.273,2000,5224.399,9279.501,2000,5138.403,9357.352,2000,5029.099,9461.067,2000,5152.897,9386.372,2000,5270.523
9091.895,2000,5069.838,9254.04,2000,5007.32,9178.314,2000,5103.245,9344.447,2000,5165.562,9106.44,2000,5205.735,9238.393,2000,5223.323,9280.584,2000,5138.415,9358.335,2000,5028.645,9461.358,2000,5151.854,9387.451,2000,5270.422
9092.96,2000,5070.032,9253.479,2000,5008.246,9178.626,2000,5102.207,9344.994,2000,5164.626,9105.924,2000,5204.782,9238.477,2000,5222.243,9281.667,2000,5138.391,9359.333,2000,5028.224,9461.614,2000,5150.801,9388.526,2000,5270.286
9094.031,2000,5070.191,9252.947,2000,5009.19,9178.971,2000,5101.18,9345.571,2000,5163.71,9105.439,2000,5203.813,9238.525,2000,5221.161,9282.749,2000,5138.332,9360.345,2000,5027.835,9461.836,2000,5149.741,9389.596,2000,5270.115
9095.107,2000,5070.314,9252.447,2000,5010.151,9179.35,2000,5100.165,9346.179,2000,5162.813,9104.986,2000,5202.829,9238.539,2000,5220.077,9283.828,2000,5138.237,9361.368,2000,5027.48,9462.022,2000,5148.674,9390.659,2000,5269.909
9096.188,2000,5070.403,9251.979,2000,5011.128,9179.761,2000,5099.163,9346.814,2000,5161.936,9104.566,2000,5201.831,9238.517,2000,5218.994,9284.903,2000,5138.107,9362.402,2000,5027.159,9462.175,2000,5147.601,9391.716,2000,5269.668
9097.27,2000,5070.456,9251.544,2000,5012.12,9180.205,2000,5098.175,9347.479,2000,5161.08,9104.179,2000,5200.819,9238.459,2000,5217.912,9285.974,2000,5137.942,9363.447,2000,5026.872,9462.292,2000,5146.524,9392.764,2000,5269.393
9098.353,2000,5070.473,9251.141,2000,5013.125,9180.682,2000,5097.202,9348.171,2000,5160.247,9103.824,2000,5199.795,9238.366,2000,5216.833,9287.038,2000,5137.743,9364.501,2000,5026.619,9462.373,2000,5145.444,9393.802,2000,5269.083
9099.436,2000,5070.455,9250.771,2000,5014.144,9181.189,2000,5096.245,9348.89,2000,5159.436,9103.504,2000,5198.76,9238.238,2000,5215.757,9288.096,2000,5137.508,9365.563,2000,5026.401,9462.419,2000,5144.361,9394.829,2000,5268.74
9100.518,2000,5070.401,9250.434,2000,5015.173,9181.729,2000,5095.305,9349.635,2000,5158.649,9103.218,2000,5197.715,9238.075,2000,5214.687,9289.146,2000,5137.239,9366.63,2000,5026.217,9462.43,2000,5143.278,9395.845,2000,5268.363
9101.598,2000,5070.313,9250.131,2000,5016.213,9182.298,2000,5094.383,9350.405,2000,5157.888,9102.966,2000,5196.662,9237.877,2000,5213.622,9290.186,2000,5136.936,9367.703,2000,5026.069,9462.405,2000,5142.195,9396.848,2000,5267.953
9102.674,2000,5070.188,9249.862,2000,5017.263,9182.896,2000,5093.48,9351.2,2000,5157.152,9102.748,2000,5195.601,9237.644,2000,5212.563,9291.215,2000,5136.599,9368.78,2000,5025.956,9462.345,2000,5141.113,9397.837,2000,5267.511
9103.745,2000,5070.029,9249.628,2000,5018.32,9183.524,2000,5092.598,9352.019,2000,5156.442,9102.565,2000,5194.533,9237.376,2000,5211.514,9292.232,2000,5136.228,9369.86,2000,5025.877,9462.249,2000,5140.034,9398.811,2000,5267.036
9104.811,2000,5069.835,9249.429,2000,5019.385,9184.182,2000,5091.736,9352.86,2000,5155.76,9102.418,2000,5193.459,9237.074,2000,5210.473,9293.237,2000,5135.824,9370.942,2000,5025.835,9462.118,2000,5138.959,9399.769,2000,5266.53
9105.869,2000,5069.606,9249.265,2000,5020.456,9184.866,2000,5090.897,9353.724,2000,5155.105,9102.306,2000,5192.382,9236.738,2000,5209.443,9294.229,2000,5135.388,9372.025,2000,5025.828,9461.952,2000,5137.889,9400.709,2000,5265.993
9106.92,2000,5069.342,9249.136,2000,5021.532,9185.578,2000,5090.08,9354.607,2000,5154.479,9102.229,2000,5191.301,9236.369,2000,5208.425,9295.205,2000,5134.919,9373.108,2000,5025.856,9461.751,2000,5136.824,9401.632,2000,5265.425
9107.962,2000,5069.044,9249.042,2000,5022.611,9186.316,2000,5089.287,9355.512,2000,5153.882,9102.187,2000,5190.219,9235.967,2000,5207.419,9296.166,2000,5134.418,9374.189,2000,5025.92,9461.516,2000,5135.767,9402.535,2000,5264.828
9108.993,2000,5068.713,9248.983,2000,5023.692,9187.08,2000,5088.519,9356.435,2000,5153.315,9102.181,2000,5189.135,9235.532,2000,5206.427,9297.11,2000,5133.887,9375.269,2000,5026.019,9461.245,2000,5134.717,9403.419,2000,5264.201
9110.013,2000,5068.348,9248.96,2000,5024.775,9187.868,2000,5087.775,9357.376,2000,5152.779,9102.21,2000,5188.052,9235.065,2000,5205.449,9298.036,2000,5133.325,9376.344,2000,5026.153,9460.94,2000,5133.678,9404.281,2000,5263.545
9111.021,2000,5067.949,9248.973,2000,5025.859,9188.681,2000,5087.059,9358.334,2000,5152.274,9102.274,2000,5186.971,9234.566,2000,5204.488,9298.943,2000,5132.732,9377.414,2000,5026.323,9460.603,2000,5132.648,9405.122,2000,5262.862
9112.015,2000,5067.518,9249.021,2000,5026.941,9189.516,2000,5086.369,9359.309,2000,5151.8,9102.374,2000,5185.892,9234.036,2000,5203.543,9299.831,2000,5132.111,9378.478,2000,5026.527,9460.23,2000,5131.631,9405.94,2000,5262.152
9112.994,2000,5067.055,9249.104,2000,5028.021,9190.373,2000,5085.707,9360.298,2000,5151.359,9102.509,2000,5184.817,9233.476,2000,5202.616,9300.697,2000,5131.46,9379.534,2000,5026.767,9459.826,2000,5130.626,9406.734,2000,5261.415
9113.958,2000,5066.56,9249.222,2000,5029.098,9191.252,2000,5085.073,9361.301,2000,5150.95,9102.679,2000,5183.748,9232.885,2000,5201.708,9301.542,2000,5130.782,9380.582,2000,5027.04,9459.389,2000,5129.635,9407.504,2000,5260.653
9114.905,2000,5066.033,9249.375,2000,5030.17,9192.15,2000,5084.468,9362.316,2000,5150.574,9102.884,2000,5182.684,9232.265,2000,5200.82,9302.364,2000,5130.077,9381.621,2000,5027.348,9458.919,2000,5128.659,9408.248,2000,5259.866
9115.834,2000,5065.476,9249.563,2000,5031.237,9193.068,2000,5083.894,9363.344,2000,5150.232,9103.124,2000,5181.627,9231.615,2000,5199.952,9303.163,2000,5129.345,9382.649,2000,5027.689,9458.481,2000,5127.667,9408.966,2000,5259.055
9116.744,2000,5064.889,9249.787,2000,5032.297,9194.005,2000,5083.349,9364.382,2000,5149.923,9103.398,2000,5180.579,9230.995,2000,5199.064,9303.938,2000,5128.587,9383.666,2000,5028.064,9458.077,2000,5126.663,9409.657,2000,5258.221
9117.635,2000,5064.272,9250.045,2000,5033.35,9194.959,2000,5082.835,9365.43,2000,5149.649,9103.707,2000,5179.541,9230.404,2000,5198.156,9304.687,2000,5127.804,9384.67,2000,5028.472,9457.705,2000,5125.645,9410.321,2000,5257.364
9118.505,2000,5063.626,9250.337,2000,5034.393,9195.929,2000,5082.354,9366.486,2000,5149.409,9104.049,2000,5178.513,9229.844,2000,5197.229,9305.409,2000,5126.998,9385.659,2000,5028.913,9457.367,2000,5124.616,9410.956,2000,5256.487
9119.354,2000,5062.953,9250.663,2000,5035.426,9196.914,2000,5081.903,9367.55,2000,5149.204,9104.425,2000,5177.497,9229.313,2000,5196.284,9306.105,2000,5126.167,9386.634,2000,5029.385,9457.063,2000,5123.576,9411.563,2000,5255.589
9120.18,2000,5062.251,9251.023,2000,5036.448,9197.914,2000,5081.486,9368.62,2000,5149.033,9104.834,2000,5176.493,9228.814,2000,5195.323,9306.774,2000,5125.315,9387.593,2000,5029.89,9456.792,2000,5122.527,9412.139,2000,5254.672
9120.982,2000,5061.524,9251.417,2000,5037.457,9198.927,2000,5081.101,9369.695,2000,5148.898,9105.275,2000,5175.504,9228.348,2000,5194.345,9307.415,2000,5124.441,9388.534,2000,5030.425,9456.557,2000,5121.469,9412.685,2000,5253.736
9121.761,2000,5060.771,9251.843,2000,5038.453,9199.951,2000,5080.75,9370.774,2000,5148.798,9105.749,2000,5174.529,9227.913,2000,5193.353,9308.026,2000,5123.547,9389.458,2000,5030.991,9456.355,2000,5120.405,9413.2,2000,5252.783
9122.514,2000,5059.992,9252.301,2000,5039.435,9200.987,2000,5080.432,9371.855,2000,5148.733,9106.254,2000,5173.571,9227.511,2000,5192.347,9308.608,2000,5122.634,9390.362,2000,5031.587,9456.189,2000,5119.334,9413.684,2000,5251.814
9123.241,2000,5059.189,9252.791,2000,5040.401,9202.033,2000,5080.148,9372.938,2000,5148.704,9106.79,2000,5172.629,9227.142,2000,5191.329,9309.16,2000,5121.702,9391.247,2000,5032.212,9456.059,2000,5118.259,9414.136,2000,5250.83
9123.941,2000,5058.363,9253.313,2000,5041.351,9203.088,2000,5079.899,9374.021,2000,5148.71,9107.356,2000,5171.706,9226.806,2000,5190.299,9309.681,2000,5120.752,9392.111,2000,5032.866,9455.963,2000,5117.18,9414.555,2000,5249.831
9124.614,2000,5057.514,9253.865,2000,5042.283,9204.149,2000,5079.684,9375.104,2000,5148.751,9107.953,2000,5170.802,9226.504,2000,5189.258,9310.17,2000,5119.786,9392.953,2000,5033.547,9455.902,2000,5116.099,9414.941,2000,5248.818
9125.26,2000,5056.644,9254.447,2000,5043.196,9205.218,2000,5079.504,9376.186,2000,5148.829,9108.579,2000,5169.917,9226.236,2000,5188.208,9310.628,2000,5118.804,9393.772,2000,5034.256,9455.878,2000,5115.016,9415.295,2000,5247.794
9125.876,2000,5055.753,9255.06,2000,5044.09,9206.291,2000,5079.36,9377.263,2000,5148.941,9109.233,2000,5169.054,9226.003,2000,5187.15,9311.054,2000,5117.807,9394.568,2000,5034.992,9455.889,2000,5113.932,9415.614,2000,5246.759
9126.463,2000,5054.842,9255.7,2000,5044.964,9207.369,2000,5079.25,9378.336,2000,5149.088,9109.916,2000,5168.213,9225.805,2000,5186.085,9311.446,2000,5116.797,9395.388,2000,5035.701,9455.935,2000,5112.85,9415.899,2000,5245.714
9127.02,2000,5053.913,9256.369,2000,5045.816,9208.45,2000,5079.176,9379.403,2000,5149.271,9110.626,2000,5167.394,9225.642,2000,5185.015,9311.806,2000,5115.775,9396.229,2000,5036.382,9456.016,2000,5111.77,9416.15,2000,5244.661
9127.546,2000,5052.966,9257.065,2000,5046.646,9209.533,2000,5079.138,9380.465,2000,5149.488,9111.362,2000,5166.599,9225.514,2000,5183.939,9312.131,2000,5114.742,9397.094,2000,5037.036,9456.133,2000,5110.692,9416.367,2000,5243.599
9128.041,2000,5052.002,9257.789,2000,5047.452,9210.616,2000,5079.134,9381.519,2000,5149.74,9112.124,2000,5165.829,9225.421,2000,5182.86,9312.423,2000,5113.699,9397.979,2000,5037.661,9456.285,2000,5109.62,9416.549,2000,5242.531
9128.504,2000,5051.022,9258.539,2000,5048.234,9211.699,2000,5079.167,9382.563,2000,5150.026,9112.91,2000,5165.083,9225.363,2000,5181.778,9312.681,2000,5112.646,9398.883,2000,5038.257,9456.472,2000,5108.553,9416.766,2000,5241.47
9128.935,2000,5050.028,9259.313,2000,5048.991,9212.78,2000,5079.234,9383.599,2000,5150.347,9113.721,2000,5164.364,9225.341,2000,5180.695,9312.903,2000,5111.586,9399.807,2000,5038.823,9456.693,2000,5107.492,9417.017,2000,5240.416
9129.332,2000,5049.021,9260.112,2000,5049.723,9213.858,2000,5079.337,9384.622,2000,5150.701,9114.554,2000,5163.672,9225.354,2000,5179.611,9313.091,2000,5110.52,9400.748,2000,5039.358,9456.949,2000,5106.439,9417.302,2000,5239.371
9129.696,2000,5048,9260.935,2000,5050.428,9214.933,2000,5079.475,9385.634,2000,5151.088,9115.409,2000,5163.008,9225.403,2000,5178.529,9313.244,2000,5109.447,9401.707,2000,5039.863,9457.24,2000,5105.396,9417.621,2000,5238.336
9130.027,2000,5046.969,9261.779,2000,5051.105,9216.011,2000,5079.578,9386.632,2000,5151.508,9116.286,2000,5162.372,9225.487,2000,5177.449,9313.362,2000,5108.37,9402.682,2000,5040.335,9457.564,2000,5104.362,9417.975,2000,5237.312
9130.324,2000,5045.927,9262.646,2000,5051.755,9217.092,2000,5079.646,9387.616,2000,5151.961,9117.184,2000,5161.765,9225.606,2000,5176.373,9313.444,2000,5107.29,9403.671,2000,5040.776,9457.923,2000,5103.34,9418.361,2000,5236.3
9130.587,2000,5044.876,9263.534,2000,5052.376,9218.175,2000,5079.678,9388.585,2000,5152.446,9118.101,2000,5161.187,9225.761,2000,5175.3,9313.491,2000,5106.208,9404.675,2000,5041.184,9458.314,2000,5102.33,9418.78,2000,5235.301
9130.815,2000,5043.817,9264.441,2000,5052.968,9219.258,2000,5079.674,9389.537,2000,5152.962,9119.035,2000,5160.64,9225.95,2000,5174.234,9313.573,2000,5105.127,9405.691,2000,5041.559,9458.739,2000,5101.333,9419.232,2000,5234.316
9131.009,2000,5042.751,9265.368,2000,5053.529,9220.341,2000,5079.636,9390.473,2000,5153.509,9119.987,2000,5160.124,9226.175,2000,5173.174,9313.691,2000,5104.05,9406.72,2000,5041.9,9459.196,2000,5100.351,9419.716,2000,5233.347
9131.167,2000,5041.679,9266.313,2000,5054.06,9221.422,2000,5079.562,9391.39,2000,5154.086,9120.956,2000,5159.639,9226.434,2000,5172.122,9313.845,2000,5102.978,9407.759,2000,5042.208,9459.685,2000,5099.384,9420.231,2000,5232.394
9131.29,2000,5040.603,9267.273,2000,5054.56,9222.5,2000,5079.452,9392.287,2000,5154.693,9121.94,2000,5159.187,9226.727,2000,5171.079,9314.032,2000,5101.911,9408.807,2000,5042.481,9460.204,2000,5098.434,9420.777,2000,5231.458
9131.378,2000,5039.523,9268.25,2000,5055.028,9223.573,2000,5079.308,9393.164,2000,5155.329,9122.938,2000,5158.766,9227.054,2000,5170.046,9314.255,2000,5100.851,9409.863,2000,5042.721,9460.755,2000,5097.501,9421.354,2000,5230.542
9131.501,2000,5038.447,9269.242,2000,5055.464,9224.642,2000,5079.128,9394.02,2000,5155.994,9123.95,2000,5158.378,9227.414,2000,5169.025,9314.513,2000,5099.799,9410.927,2000,5042.925,9461.336,2000,5096.586,9421.96,2000,5229.644
9131.659,2000,5037.375,9270.248,2000,5055.868,9225.703,2000,5078.913,9394.854,2000,5156.686,9124.969,2000,5158.01,9227.808,2000,5168.016,9314.805,2000,5098.755,9411.997,2000,5043.095,9461.946,2000,5095.691,9422.595,2000,5228.766
9131.853,2000,5036.31,9271.267,2000,5056.238,9226.758,2000,5078.664,9395.664,2000,5157.404,9125.987,2000,5157.64,9228.234,2000,5167.02,9315.13,2000,5097.722,9413.072,2000,5043.229,9462.586,2000,5094.817,9423.259,2000,5227.91
9132.081,2000,5035.25,9272.296,2000,5056.574,9227.804,2000,5078.38,9396.45,2000,5158.149,9127.006,2000,5157.27,9228.693,2000,5166.039,9315.489,2000,5096.7,9414.151,2000,5043.328,9463.254,2000,5093.964,9423.95,2000,5227.076
9132.344,2000,5034.2,9273.336,2000,5056.877,9228.84,2000,5078.063,9397.212,2000,5158.92,9128.023,2000,5156.899,9229.185,2000,5165.073,9315.882,2000,5095.69,9415.232,2000,5043.392,9463.949,2000,5093.133,9424.668,2000,5226.265
9132.641,2000,5033.158,9274.386,2000,5057.146,9229.864,2000,5077.711,9397.948,2000,5159.715,9129.041,2000,5156.527,9229.707,2000,5164.124,9316.308,2000,5094.694,9416.315,2000,5043.42,9464.672,2000,5092.326,9425.412,2000,5225.478
9132.972,2000,5032.126,9275.443,2000,5057.379,9230.877,2000,5077.326,9398.658,2000,5160.533,9130.046,2000,5156.123,9230.26,2000,5163.192,9316.766,2000,5093.712,9417.398,2000,5043.413,9465.42,2000,5091.542,9426.182,2000,5224.715
9133.336,2000,5031.106,9276.508,2000,5057.579,9231.877,2000,5076.909,9399.341,2000,5161.375,9131.037,2000,5155.686,9230.843,2000,5162.279,9317.255,2000,5092.746,9418.48,2000,5043.371,9466.193,2000,5090.784,9426.976,2000,5223.979
9133.733,2000,5030.098,9277.579,2000,5057.743,9232.862,2000,5076.458,9399.995,2000,5162.238,9132.014,2000,5155.216,9231.456,2000,5161.385,9317.775,2000,5091.796,9419.561,2000,5043.292,9466.991,2000,5090.051,9427.794,2000,5223.268
9134.164,2000,5029.104,9278.654,2000,5057.872,9233.832,2000,5075.977,9400.621,2000,5163.122,9132.975,2000,5154.715,9232.098,2000,5160.512,9318.327,2000,5090.864,9420.638,2000,5043.179,9467.813,2000,5089.345,9428.635,2000,5222.585
9134.627,2000,5028.125,9279.733,2000,5057.966,9234.786,2000,5075.463,9401.218,2000,5164.026,9133.918,2000,5154.183,9232.768,2000,5159.661,9318.909,2000,5089.95,9421.711,2000,5043.031,9468.656,2000,5088.666,9429.497,2000,5221.93
9135.122,2000,5027.161,9280.815,2000,5058.024,9235.723,2000,5074.918,9401.844,2000,5164.911,9134.844,2000,5153.62,9233.465,2000,5158.832,9319.521,2000,5089.056,9422.778,2000,5042.847,9469.522,2000,5088.015,9430.381,2000,5221.303
9135.648,2000,5026.213,9281.898,2000,5058.047,9236.641,2000,5074.344,9402.498,2000,5165.774,9135.75,2000,5153.027,9234.189,2000,5158.026,9320.161,2000,5088.183,9423.84,2000,5042.629,9470.409,2000,5087.393,9431.284,2000,5220.705
9136.205,2000,5025.284,9282.981,2000,5058.035,9237.539,2000,5073.739,9403.181,2000,5166.615,9136.637,2000,5152.405,9234.939,2000,5157.244,9320.83,2000,5087.33,9424.894,2000,5042.376,9471.315,2000,5086.799,9432.207,2000,5220.137
9136.792,2000,5024.374,9284.063,2000,5057.987,9238.418,2000,5073.105,9403.891,2000,5167.434,9137.503,2000,5151.754,9235.715,2000,5156.487,9321.526,2000,5086.5,9425.938,2000,5042.089,9472.241,2000,5086.236,9433.147,2000,5219.6
9137.408,2000,5023.482,9285.144,2000,5057.904,9239.275,2000,5072.443,9404.627,2000,5168.229,9138.348,2000,5151.076,9236.515,2000,5155.756,9322.249,2000,5085.693,9426.973,2000,5041.768,9473.185,2000,5085.704,9434.105,2000,5219.094
9138.054,2000,5022.612,9286.221,2000,5057.786,9240.11,2000,5071.753,9405.389,2000,5168.999,9139.169,2000,5150.37,9237.338,2000,5155.052,9322.998,2000,5084.911,9427.996,2000,5041.413,9474.145,2000,5085.203,9435.079,2000,5218.62
9138.727,2000,5021.764,9287.293,2000,5057.632,9240.923,2000,5071.037,9406.175,2000,5169.744,9139.967,2000,5149.637,9238.184,2000,5154.375,9323.772,2000,5084.153,9429.008,2000,5041.024,9475.121,2000,5084.733,9436.068,2000,5218.177
9139.427,2000,5020.938,9288.359,2000,5057.443,9241.711,2000,5070.293,9406.985,2000,5170.463,9140.74,2000,5148.879,9239.051,2000,5153.727,9324.571,2000,5083.421,9430.006,2000,5040.603,9476.112,2000,5084.295,9437.071,2000,5217.768
9140.154,2000,5020.135,9289.419,2000,5057.22,9242.475,2000,5069.525,9407.819,2000,5171.155,9141.488,2000,5148.096,9239.939,2000,5153.106,9325.394,2000,5082.715,9430.989,2000,5040.149,9477.117,2000,5083.891,9438.087,2000,5217.391
9140.907,2000,5019.356,9290.471,2000,5056.962,9243.213,2000,5068.732,9408.675,2000,5171.819,9142.211,2000,5147.289,9240.848,2000,5152.516,9326.238,2000,5082.037,9431.958,2000,5039.664,9478.135,2000,5083.519,9439.114,2000,5217.047
9141.686,2000,5018.603,9291.514,2000,5056.669,9243.925,2000,5067.915,9409.552,2000,5172.456,9142.906,2000,5146.458,9241.774,2000,5151.955,9327.104,2000,5081.387,9432.91,2000,5039.147,9479.164,2000,5083.181,9440.152,2000,5216.738
9142.488,2000,5017.875,9292.547,2000,5056.343,9244.609,2000,5067.076,9410.449,2000,5173.063,9143.574,2000,5145.605,9242.719,2000,5151.424,9327.992,2000,5080.765,9433.845,2000,5038.599,9480.204,2000,5082.876,9441.2,2000,5216.462
9143.314,2000,5017.174,9293.568,2000,5055.983,9245.267,2000,5066.214,9411.366,2000,5173.64,9144.214,2000,5144.731,9243.681,2000,5150.925,9328.899,2000,5080.173,9434.761,2000,5038.021,9481.253,2000,5082.606,9442.257,2000,5216.222
9144.163,2000,5016.5,9294.578,2000,5055.59,9245.895,2000,5065.332,9412.302,2000,5174.187,9144.824,2000,5143.836,9244.658,2000,5150.458,9329.825,2000,5079.611,9435.657,2000,5037.413,9482.311,2000,5082.371,9443.32,2000,5216.016
9145.033,2000,5015.854,9295.574,2000,5055.165,9246.493,2000,5064.429,9413.254,2000,5174.703,9145.464,2000,5142.962,9245.65,2000,5150.023,9330.77,2000,5079.079,9436.533,2000,5036.776,9483.375,2000,5082.169,9444.39,2000,5215.844
9145.924,2000,5015.238,9296.556,2000,5054.706,9247.063,2000,5063.507,9414.223,2000,5175.188,9146.132,2000,5142.109,9246.656,2000,5149.621,9331.73,2000,5078.579,9437.389,2000,5036.111,9484.445,2000,5082.003,9445.465,2000,5215.708
9146.834,2000,5014.65,9297.521,2000,5054.216,9247.602,2000,5062.567,9415.207,2000,5175.64,9146.827,2000,5141.279,9247.675,2000,5149.251,9332.707,2000,5078.11,9438.222,2000,5035.418,9485.521,2000,5081.873,9446.544,2000,5215.607
9147.763,2000,5014.093,9298.471,2000,5053.694,9248.109,2000,5061.61,9416.205,2000,5176.061,9147.55,2000,5140.472,9248.705,2000,5148.916,9333.698,2000,5077.673,9439.031,2000,5034.699,9486.6,2000,5081.777,9447.625,2000,5215.542
9148.71,2000,5013.567,9299.402,2000,5053.142,9248.586,2000,5060.637,9417.217,2000,5176.448,9148.298,2000,5139.688,9249.745,2000,5148.614,9334.703,2000,5077.27,9439.817,2000,5033.953,9487.682,2000,5081.717,9448.708,2000,5215.511
9149.674,2000,5013.072,9300.315,2000,5052.56,9249.03,2000,5059.649,9418.24,2000,5176.802,9149.071,2000,5138.93,9250.795,2000,5148.347,9335.721,2000,5076.899,9440.578,2000,5033.182,9488.765,2000,5081.692,9449.791,2000,5215.517
9150.653,2000,5012.608,9301.209,2000,5051.947,9249.441,2000,5058.647,9419.275,2000,5177.122,9149.869,2000,5138.198,9251.853,2000,5148.114,9336.75,2000,5076.562,9441.313,2000,5032.387,9489.848,2000,5081.703,9450.874,2000,5215.557
9151.647,2000,5012.177,9302.082,2000,5051.306,9249.82,2000,5057.632,9420.32,2000,5177.408,9150.69,2000,5137.492,9252.918,2000,5147.916,9337.79,2000,5076.259,9442.022,2000,5031.567,9490.93,2000,5081.749,9451.955,2000,5215.633
9152.655,2000,5011.779,9302.934,2000,5050.637,9250.165,2000,5056.605,9421.374,2000,5177.66,9151.535,2000,5136.813,9253.989,2000,5147.752,9338.84,2000,5075.99,9442.704,2000,5030.726,9492.01,2000,5081.83,9453.032,2000,5215.745
9153.675,2000,5011.414,9303.763,2000,5049.94,9250.477,2000,5055.567,9422.436,2000,5177.877,9152.401,2000,5136.162,9255.065,2000,5147.624,9339.897,2000,5075.755,9443.358,2000,5029.862,9493.087,2000,5081.947,9454.105,2000,5215.891
9154.706,2000,5011.082,9304.569,2000,5049.216,9250.754,2000,5054.52,9423.503,2000,5178.06,9153.288,2000,5135.54,9256.145,2000,5147.53,9340.962,2000,5075.555,9443.983,2000,5028.977,9494.159,2000,5082.099,9455.174,2000,5216.073
9155.748,2000,5010.784,9305.352,2000,5048.467,9250.997,2000,5053.464,9424.576,2000,5178.208,9154.194,2000,5134.947,9257.227,2000,5147.473,9342.032,2000,5075.39,9444.579,2000,5028.072,9495.227,2000,5082.286,9456.235,2000,5216.289
9156.799,2000,5010.521,9306.108,2000,5047.692,9251.205,2000,5052.401,9425.653,2000,5178.32,9155.12,2000,5134.384,9258.31,2000,5147.45,9343.107,2000,5075.26,9445.146,2000,5027.148,9496.287,2000,5082.507,9457.289,2000,5216.54
9157.857,2000,5010.292,9306.84,2000,5046.893,9251.378,2000,5051.332,9426.734,2000,5178.397,9156.063,2000,5133.852,9259.393,2000,5147.463,9344.187,2000,5075.166,9445.681,2000,5026.207,9497.34,2000,5082.764,9458.334,2000,5216.826
9158.923,2000,5010.097,9307.545,2000,5046.07,9251.516,2000,5050.257,9427.817,2000,5178.438,9157.024,2000,5133.351,9260.475,2000,5147.512,9345.269,2000,5075.106,9446.185,2000,5025.248,9498.384,2000,5083.054,9459.369,2000,5217.145
9159.994,2000,5009.938,9308.223,2000,5045.225,9251.618,2000,5049.179,9428.9,2000,5178.445,9158.001,2000,5132.882,9261.555,2000,5147.596,9346.352,2000,5075.083,9446.657,2000,5024.273,9499.417,2000,5083.379,9460.394,2000,5217.498
9161.06,2000,5009.744,9308.872,2000,5044.358,9251.686,2000,5048.098,9429.983,2000,5178.416,9158.992,2000,5132.445,9262.632,2000,5147.715,9347.435,2000,5075.094,9447.098,2000,5023.283,9500.439,2000,5083.737,9461.405,2000,5217.885
9162.118,2000,5009.515,9309.493,2000,5043.47,9251.718,2000,5047.015,9431.064,2000,5178.351,9159.997,2000,5132.04,9263.712,2000,5147.799,9348.517,2000,5075.141,9447.506,2000,5022.28,9501.449,2000,5084.129,9462.404,2000,5218.304
9163.169,2000,5009.251,9310.085,2000,5042.563,9251.715,2000,5045.931,9432.144,2000,5178.25,9161.015,2000,5131.668,9264.794,2000,5147.848,9349.597,2000,5075.224,9447.881,2000,5021.263,9502.446,2000,5084.553,9463.389,2000,5218.756
9164.211,2000,5008.953,9310.646,2000,5041.636,9251.676,2000,5044.849,9433.219,2000,5178.115,9162.044,2000,5131.331,9265.877,2000,5147.861,9350.674,2000,5075.341,9448.223,2000,5020.235,9503.429,2000,5085.01,9464.358,2000,5219.24
9165.242,2000,5008.622,9311.178,2000,5040.692,9251.602,2000,5043.768,9434.289,2000,5177.945,9163.075,2000,5130.999,9266.96,2000,5147.839,9351.746,2000,5075.494,9448.53,2000,5019.196,9504.396,2000,5085.499,9465.312,2000,5219.755
9166.262,2000,5008.256,9311.678,2000,5039.731,9251.492,2000,5042.69,9435.353,2000,5177.74,9164.106,2000,5130.666,9268.042,2000,5147.781,9352.813,2000,5075.682,9448.804,2000,5018.148,9505.346,2000,5086.019,9466.247,2000,5220.301
9167.27,2000,5007.858,9312.146,2000,5038.754,9251.348,2000,5041.617,9436.409,2000,5177.5,9165.137,2000,5130.332,9269.121,2000,5147.688,9353.874,2000,5075.905,9449.043,2000,5017.091,9506.278,2000,5086.569,9467.164,2000,5220.878
9168.264,2000,5007.427,9312.581,2000,5037.762,9251.168,2000,5040.548,9437.457,2000,5177.225,9166.167,2000,5129.997,9270.197,2000,5147.56,9354.927,2000,5076.162,9449.247,2000,5016.027,9507.192,2000,5087.15,9468.062,2000,5221.484
9169.243,2000,5006.963,9312.984,2000,5036.757,9250.953,2000,5039.486,9438.495,2000,5176.917,9167.197,2000,5129.661,9271.269,2000,5147.396,9355.97,2000,5076.454,9449.417,2000,5014.958,9508.087,2000,5087.761,9468.939,2000,5222.119
9170.207,2000,5006.468,9313.356,2000,5035.739,9250.704,2000,5038.432,9439.522,2000,5176.574,9168.227,2000,5129.324,9272.334,2000,5147.198,9357.003,2000,5076.779,9449.552,2000,5013.882,9508.961,2000,5088.401,9469.796,2000,5222.783
9171.154,2000,5005.942,9313.733,2000,5034.724,9250.421,2000,5037.387,9440.538,2000,5176.198,9169.256,2000,5128.985,9273.392,2000,5146.965,9358.025,2000,5077.139,9449.65,2000,5012.804,9509.813,2000,5089.069,9470.63,2000,5223.474
9172.083,2000,5005.385,9314.116,2000,5033.71,9250.104,2000,5036.351,9441.541,2000,5175.79,9170.284,2000,5128.646,9274.441,2000,5146.697,9359.035,2000,5077.531,9449.714,2000,5011.722,9510.645,2000,5089.764,9471.441,2000,5224.192
9172.993,2000,5004.797,9314.504,2000,5032.698,9249.752,2000,5035.326,9442.53,2000,5175.348,9171.313,2000,5128.305,9275.481,2000,5146.396,9360.031,2000,5077.957,9449.742,2000,5010.639,9511.452,2000,5090.486,9472.229,2000,5224.937
9173.884,2000,5004.181,9314.896,2000,5031.688,9249.367,2000,5034.313,9443.505,2000,5174.875,9172.341,2000,5127.962,9276.512,2000,5146.06,9361.013,2000,5078.414,9449.735,2000,5009.556,9512.235,2000,5091.234,9472.991,2000,5225.706
9174.754,2000,5003.535,9315.294,2000,5030.681,9248.949,2000,5033.314,9444.463,2000,5174.369,9173.368,2000,5127.619,9277.53,2000,5145.691,9361.979,2000,5078.904,9449.692,2000,5008.473,9512.994,2000,5092.008,9473.728,2000,5226.5
9175.603,2000,5002.861,9315.696,2000,5029.675,9248.499,2000,5032.329,9445.404,2000,5173.833,9174.396,2000,5127.273,9278.536,2000,5145.289,9362.93,2000,5079.425,9449.614,2000,5007.393,9513.727,2000,5092.806,9474.438,2000,5227.318
9176.429,2000,5002.16,9316.104,2000,5028.671,9248.017,2000,5031.358,9446.327,2000,5173.266,9175.422,2000,5126.927,9279.528,2000,5144.854,9363.862,2000,5079.977,9449.501,2000,5006.315,9514.433,2000,5093.627,9475.121,2000,5228.159
9177.231,2000,5001.433,9316.518,2000,5027.67,9247.503,2000,5030.405,9447.231,2000,5172.669,9176.448,2000,5126.579,9280.506,2000,5144.386,9364.776,2000,5080.559,9449.353,2000,5005.242,9515.111,2000,5094.471,9475.776,2000,5229.022
9178.01,2000,5000.679,9316.936,2000,5026.67,9246.958,2000,5029.468,9448.115,2000,5172.043,9177.474,2000,5126.229,9281.468,2000,5143.887,9365.671,2000,5081.17,9449.169,2000,5004.174,9515.763,2000,5095.337,9476.403,2000,5229.906
9178.763,2000,4999.9,9317.358,2000,5025.673,9246.383,2000,5028.55,9448.979,2000,5171.389,9178.499,2000,5125.878,9282.412,2000,5143.357,9366.545,2000,5081.811,9448.95,2000,5003.113,9516.385,2000,5096.224,9477.001,2000,5230.81
9179.49,2000,4999.098,9317.785,2000,5024.677,9245.778,2000,5027.651,9449.82,2000,5170.706,9179.523,2000,5125.525,9283.339,2000,5142.796,9367.397,2000,5082.479,9448.697,2000,5002.06,9516.978,2000,5097.13,9477.568,2000,5231.732
9180.19,2000,4998.271,9318.217,2000,5023.684,9245.145,2000,5026.773,9450.639,2000,5169.997,9180.547,2000,5125.171,9284.247,2000,5142.205,9368.228,2000,5083.176,9448.41,2000,5001.015,9517.6,2000,5098.017,9478.105,2000,5232.673
9180.863,2000,4997.423,9318.653,2000,5022.692,9244.482,2000,5025.916,9451.434,2000,5169.261,9181.57,2000,5124.816,9285.136,2000,5141.585,9369.034,2000,5083.899,9448.089,2000,4999.98,9518.251,2000,5098.883,9478.611,2000,5233.631
9181.509,2000,4996.553,9319.095,2000,5021.703,9243.793,2000,5025.08,9452.204,2000,5168.499,9182.593,2000,5124.458,9286.003,2000,5140.936,9369.816,2000,5084.648,9447.734,2000,4998.957,9518.93,2000,5099.727,9479.086,2000,5234.605
9182.125,2000,4995.662,9319.54,2000,5020.715,9243.076,2000,5024.268,9452.949,2000,5167.712,9183.615,2000,5124.1,9286.849,2000,5140.259,9370.574,2000,5085.422,9447.346,2000,4997.946,9519.636,2000,5100.548,9479.528,2000,5235.594
9182.712,2000,4994.751,9319.99,2000,5019.73,9242.333,2000,5023.479,9453.668,2000,5166.902,9184.637,2000,5123.739,9287.672,2000,5139.555,9371.307,2000,5086.221,9446.925,2000,4996.948,9520.368,2000,5101.346,9479.938,2000,5236.597
9183.269,2000,4993.822,9320.444,2000,5018.747,9241.564,2000,5022.715,9454.36,2000,5166.068,9185.657,2000,5123.377,9288.472,2000,5138.824,9372.064,2000,5086.996,9446.472,2000,4995.964,9521.127,2000,5102.12,9480.32,2000,5237.611
9183.795,2000,4992.875,9320.902,2000,5017.765,9240.771,2000,5021.977,9455.024,2000,5165.213,9186.678,2000,5123.013,9289.247,2000,5138.067,9372.847,2000,5087.745,9445.986,2000,4994.996,9521.91,2000,5102.868,9480.689,2000,5238.629
9184.29,2000,4991.911,9321.363,2000,5016.785,9239.955,2000,5021.265,9455.66,2000,5164.336,9187.697,2000,5122.646,9289.997,2000,5137.286,9373.653,2000,5088.468,9445.47,2000,4994.043,9522.718,2000,5103.59,9481.047,2000,5239.652
9184.753,2000,4990.931,9321.827,2000,5015.806,9239.115,2000,5020.581,9456.268,2000,5163.438,9188.716,2000,5122.279,9290.722,2000,5136.48,9374.483,2000,5089.164,9444.922,2000,4993.109,9523.549,2000,5104.285,9481.393,2000,5240.678
9185.184,2000,4989.937,9322.294,2000,5014.828,9238.254,2000,5019.924,9456.845,2000,5162.522,9189.734,2000,5121.909,9291.419,2000,5135.651,9375.336,2000,5089.833,9444.344,2000,4992.193,9524.401,2000,5104.953,9481.728,2000,5241.708
9185.581,2000,4988.929,9322.763,2000,5013.852,9237.371,2000,5019.295,9457.392,2000,5161.587,9190.752,2000,5121.537,9292.089,2000,5134.799,9376.21,2000,5090.474,9443.736,2000,4991.296,9525.275,2000,5105.593,9482.053,2000,5242.742
9185.945,2000,4987.909,9323.233,2000,5012.875,9236.469,2000,5018.696,9457.907,2000,5160.634,9191.769,2000,5121.163,9292.73,2000,5133.926,9377.104,2000,5091.085,9443.1,2000,4990.419,9526.17,2000,5106.204,9482.368,2000,5243.779
9186.276,2000,4986.877,9323.705,2000,5011.9,9235.547,2000,5018.127,9458.392,2000,5159.666,9192.784,2000,5120.786,9293.344,2000,5133.033,9378.019,2000,5091.667,9442.435,2000,4989.564,9527.084,2000,5106.785,9482.674,2000,5244.818
9186.573,2000,4985.835,9324.178,2000,5010.925,9234.607,2000,5017.588,9458.845,2000,5158.681,9193.799,2000,5120.408,9293.927,2000,5132.12,9378.951,2000,5092.219,9441.742,2000,4988.731,9528.017,2000,5107.335,9482.971,2000,5245.86
9186.836,2000,4984.785,9324.65,2000,5009.95,9233.65,2000,5017.081,9459.265,2000,5157.683,9194.801,2000,5119.996,9294.479,2000,5131.188,9379.901,2000,5092.74,9441.022,2000,4987.922,9528.967,2000,5107.855,9483.26,2000,5246.904
9187.064,2000,4983.726,9325.124,2000,5008.976,9232.678,2000,5016.604,9459.652,2000,5156.671,9195.789,2000,5119.552,9295.002,2000,5130.239,9380.868,2000,5093.229,9440.276,2000,4987.136,9529.934,2000,5108.344,9483.541,2000,5247.95
9187.258,2000,4982.66,9325.629,2000,5008.017,9231.689,2000,5016.161,9460.007,2000,5155.647,9196.762,2000,5119.076,9295.555,2000,5129.307,9381.85,2000,5093.687,9439.505,2000,4986.375,9530.916,2000,5108.801,9483.815,2000,5248.998
9187.416,2000,4981.588,9326.165,2000,5007.076,9230.688,2000,5015.749,9460.327,2000,5154.612,9197.719,2000,5118.568,9296.138,2000,5128.394,9382.846,2000,5094.112,9438.709,2000,4985.64,9531.913,2000,5109.225,9484.083,2000,5250.048
9187.539,2000,4980.512,9326.731,2000,5006.152,9229.673,2000,5015.371,9460.613,2000,5153.567,9198.658,2000,5118.03,9296.751,2000,5127.5,9383.855,2000,5094.505,9437.89,2000,4984.931,9532.923,2000,5109.617,9484.345,2000,5251.099
9187.627,2000,4979.432,9327.328,2000,5005.248,9228.646,2000,5015.025,9460.934,2000,5152.533,9199.58,2000,5117.46,9297.393,2000,5126.627,9384.878,2000,5094.864,9437.048,2000,4984.25,9533.945,2000,5109.975,9484.572,2000,5252.158
9187.68,2000,4978.35,9327.954,2000,5004.364,9227.607,2000,5014.714,9461.288,2000,5151.509,9200.482,2000,5116.861,9298.063,2000,5125.776,9385.911,2000,5095.19,9436.184,2000,4983.596,9534.979,2000,5110.3,9484.765,2000,5253.224
9187.697,2000,4977.267,9328.608,2000,5003.5,9226.561,2000,5014.437,9461.676,2000,5150.497,9201.365,2000,5116.233,9298.76,2000,5124.947,9386.954,2000,5095.481,9435.299,2000,4982.971,9536.022,2000,5110.59,9484.922,2000,5254.296
9187.68,2000,4976.184,9329.291,2000,5002.659,9225.505,2000,5014.194,9462.096,2000,5149.499,9202.227,2000,5115.576,9299.484,2000,5124.141,9388.007,2000,5095.739,9434.395,2000,4982.375,9537.075,2000,5110.847,9485.044,2000,5255.373
9187.626,2000,4975.102,9330,2000,5001.84,9224.441,2000,5013.986,9462.549,2000,5148.514,9203.066,2000,5114.892,9300.234,2000,5123.359,9389.067,2000,5095.961,9433.471,2000,4981.809,9538.136,2000,5111.068,9485.131,2000,5256.453
9187.537,2000,4974.022,9330.735,2000,5001.045,9223.372,2000,5013.813,9463.033,2000,5147.545,9203.883,2000,5114.18,9301.01,2000,5122.603,9390.135,2000,5096.149,9432.529,2000,4981.273,9539.203,2000,5111.255,9485.183,2000,5257.535
9187.413,2000,4972.946,9331.497,2000,5000.274,9222.298,2000,5013.674,9463.549,2000,5146.593,9204.676,2000,5113.441,9301.81,2000,5121.872,9391.207,2000,5096.302,9431.57,2000,4980.769,9540.275,2000,5111.407,9485.199,2000,5258.618
9187.254,2000,4971.875,9332.283,2000,4999.529,9221.22,2000,5013.571,9464.096,2000,5145.658,9205.444,2000,5112.678,9302.633,2000,5121.167,9392.284,2000,5096.42,9430.596,2000,4980.296,9541.353,2000,5111.524,9485.18,2000,5259.701
9187.06,2000,4970.809,9333.094,2000,4998.81,9220.139,2000,5013.504,9464.673,2000,5144.741,9206.188,2000,5111.889,9303.479,2000,5120.491,9393.364,2000,5096.502,9429.606,2000,4979.856,9542.433,2000,5111.605,9485.125,2000,5260.783
9186.83,2000,4969.75,9333.88,2000,4998.065,9219.061,2000,5013.401,9465.28,2000,5143.844,9206.904,2000,5111.077,9304.346,2000,5119.842,9394.446,2000,5096.549,9428.632,2000,4979.383,9543.515,2000,5111.651,9485.035,2000,5261.862
9186.566,2000,4968.699,9334.642,2000,4997.294,9217.986,2000,5013.263,9465.916,2000,5142.967,9207.594,2000,5110.241,9305.234,2000,5119.222,9395.529,2000,5096.561,9427.673,2000,4978.879,9544.598,2000,5111.662,9484.91,2000,5262.938
9186.269,2000,4967.657,9335.377,2000,4996.5,9216.917,2000,5013.089,9466.58,2000,5142.111,9208.256,2000,5109.384,9306.143,2000,5118.631,9396.612,2000,5096.537,9426.731,2000,4978.343,9545.681,2000,5111.637,9484.75,2000,5264.01
9185.937,2000,4966.626,9336.086,2000,4995.681,9215.854,2000,5012.881,9467.272,2000,5141.278,9208.89,2000,5108.505,9307.069,2000,5118.07,9397.694,2000,5096.478,9425.808,2000,4977.777,9546.763,2000,5111.577,9484.555,2000,5265.075
9185.571,2000,4965.606,9336.769,2000,4994.839,9214.798,2000,5012.639,9467.991,2000,5140.467,9209.494,2000,5107.606,9308.014,2000,5117.54,9398.773,2000,5096.383,9424.903,2000,4977.182,9547.842,2000,5111.481,9484.324,2000,5266.134
9185.173,2000,4964.599,9337.423,2000,4993.976,9213.751,2000,5012.361,9468.736,2000,5139.681,9210.069,2000,5106.688,9308.976,2000,5117.041,9399.849,2000,5096.253,9424.019,2000,4976.557,9548.917,2000,5111.351,9484.06,2000,5267.184
9184.741,2000,4963.605,9338.049,2000,4993.091,9212.713,2000,5012.05,9469.507,2000,5138.919,9210.614,2000,5105.752,9309.953,2000,5116.573,9400.919,2000,5096.088,9423.154,2000,4975.903,9549.987,2000,5111.185,9483.761,2000,5268.225
9184.277,2000,4962.626,9338.646,2000,4992.187,9211.686,2000,5011.705,9470.302,2000,5138.183,9211.128,2000,5104.798,9310.945,2000,5116.138,9401.983,2000,5095.889,9422.313,2000,4975.221,9551.052,2000,5110.983,9483.428,2000,5269.256
9183.782,2000,4961.663,9339.212,2000,4991.264,9210.671,2000,5011.326,9471.12,2000,5137.474,9211.673,2000,5103.862,9311.923,2000,5115.671,9403.041,2000,5095.654,9421.493,2000,4974.512,9552.109,2000,5110.748,9483.062,2000,5270.275
9183.267,2000,4960.71,9339.748,2000,4990.322,9209.669,2000,5010.915,9471.962,2000,5136.791,9212.248,2000,5102.944,9312.885,2000,5115.172,9404.091,2000,5095.385,9420.697,2000,4973.777,9553.158,2000,5110.478,9482.662,2000,5271.282
9182.763,2000,4959.751,9340.253,2000,4989.364,9208.681,2000,5010.471,9472.825,2000,5136.136,9212.853,2000,5102.045,9313.829,2000,5114.642,9405.131,2000,5095.082,9419.926,2000,4973.016,9554.198,2000,5110.173,9482.229,2000,5272.275
9182.27,2000,4958.786,9340.727,2000,4988.389,9207.708,2000,5009.995,9473.709,2000,5135.51,9213.486,2000,5101.167,9314.756,2000,5114.081,9406.16,2000,5094.745,9419.18,2000,4972.23,9555.23,2000,5109.844,9481.765,2000,5273.254
9181.787,2000,4957.816,9341.168,2000,4987.4,9206.751,2000,5009.487,9474.613,2000,5134.914,9214.148,2000,5100.309,9315.664,2000,5113.49,9407.178,2000,5094.374,9418.46,2000,4971.421,9556.264,2000,5109.519,9481.269,2000,5274.217
9181.315,2000,4956.84,9341.576,2000,4986.396,9205.812,2000,5008.948,9475.536,2000,5134.347,9214.838,2000,5099.474,9316.553,2000,5112.87,9408.183,2000,5093.97,9417.768,2000,4970.588,9557.298,2000,5109.197,9480.741,2000,5275.163
9180.854,2000,4955.86,9341.951,2000,4985.38,9204.89,2000,5008.379,9476.478,2000,5133.811,9215.555,2000,5098.661,9317.42,2000,5112.221,9409.174,2000,5093.534,9417.103,2000,4969.733,9558.333,2000,5108.879,9480.183,2000,5276.091
9180.403,2000,4954.875,9342.293,2000,4984.353,9203.987,2000,5007.78,9477.436,2000,5133.305,9216.298,2000,5097.873,9318.266,2000,5111.544,9410.15,2000,5093.065,9416.466,2000,4968.856,9559.369,2000,5108.563,9479.594,2000,5277.001
9179.962,2000,4953.886,9342.602,2000,4983.314,9203.104,2000,5007.151,9478.41,2000,5132.832,9217.066,2000,5097.109,9319.089,2000,5110.84,9411.111,2000,5092.564,9415.858,2000,4967.959,9560.406,2000,5108.25,9478.976,2000,5277.891
9179.53,2000,4952.892,9342.876,2000,4982.266,9202.243,2000,5006.495,9479.399,2000,5132.39,9217.859,2000,5096.371,9319.889,2000,5110.109,9412.056,2000,5092.033,9415.28,2000,4967.043,9561.444,2000,5107.939,9478.329,2000,5278.76
9179.107,2000,4951.895,9343.115,2000,4981.209,9201.403,2000,5005.81,9480.402,2000,5131.981,9218.676,2000,5095.659,9320.664,2000,5109.352,9412.981,2000,5091.471,9414.732,2000,4966.109,9562.482,2000,5107.63,9477.654,2000,5279.607
9178.693,2000,4950.894,9343.32,2000,4980.146,9200.587,2000,5005.098,9481.418,2000,5131.605,9219.516,2000,5094.974,9321.414,2000,5108.57,9413.889,2000,5090.878,9414.216,2000,4965.157,9563.521,2000,5107.322,9476.952,2000,5280.433
9178.288,2000,4949.889,9343.49,2000,4979.076,9199.794,2000,5004.36,9482.445,2000,5131.263,9220.377,2000,5094.317,9322.139,2000,5107.765,9414.776,2000,5090.257,9413.73,2000,4964.188,9564.561,2000,5107.015,9476.224,2000,5281.234
9177.891,2000,4948.881,9343.625,2000,4978.001,9199.025,2000,5003.596,9483.483,2000,5130.955,9221.26,2000,5093.689,9322.836,2000,5106.936,9415.643,2000,5089.606,9413.277,2000,4963.205,9565.6,2000,5106.708,9475.469,2000,5282.012
9177.5,2000,4947.871,9343.725,2000,4976.922,9198.282,2000,5002.808,9484.531,2000,5130.68,9222.162,2000,5093.09,9323.506,2000,5106.084,9416.487,2000,5088.928,9412.856,2000,4962.207,9566.639,2000,5106.401,9474.689,2000,5282.764
9177.116,2000,4946.857,9343.789,2000,4975.841,9197.565,2000,5001.995,9485.588,2000,5130.44,9223.084,2000,5092.521,9324.147,2000,5105.211,9417.31,2000,5088.223,9412.468,2000,4961.195,9567.678,2000,5106.094,9473.886,2000,5283.491
9176.739,2000,4945.842,9343.818,2000,4974.758,9196.876,2000,5001.16,9486.651,2000,5130.235,9224.023,2000,5091.982,9324.761,2000,5104.317,9418.108,2000,5087.491,9412.113,2000,4960.172,9568.717,2000,5105.786,9473.059,2000,5284.19
9176.369,2000,4944.824,9343.812,2000,4973.674,9196.214,2000,5000.302,9487.722,2000,5130.064,9224.98,2000,5091.474,9325.344,2000,5103.404,9418.883,2000,5086.733,9411.792,2000,4959.137,9569.755,2000,5105.477,9472.209,2000,5284.863
9176.004,2000,4943.804,9343.77,2000,4972.592,9195.58,2000,4999.424,9488.797,2000,5129.929,9225.953,2000,5090.998,9325.896,2000,5102.473,9419.632,2000,5085.95,9411.505,2000,4958.093,9570.793,2000,5105.166,9471.338,2000,5285.507
9175.645,2000,4942.782,9343.692,2000,4971.511,9194.976,2000,4998.525,9489.876,2000,5129.829,9226.941,2000,5090.554,9326.419,2000,5101.523,9420.354,2000,5085.144,9411.252,2000,4957.04,9571.83,2000,5104.853,9470.446,2000,5286.122
9175.29,2000,4941.758,9343.58,2000,4970.434,9194.342,2000,4997.646,9490.957,2000,5129.764,9227.943,2000,5090.143,9326.91,2000,5100.558,9421.051,2000,5084.313,9411.033,2000,4955.979,9572.866,2000,5104.537,9469.535,2000,5286.708
9174.94,2000,4940.733,9343.433,2000,4969.36,9193.68,2000,4996.789,9492.04,2000,5129.735,9228.958,2000,5089.764,9327.433,2000,5099.608,9421.72,2000,5083.461,9410.85,2000,4954.911,9573.901,2000,5104.218,9468.605,2000,5287.264
9174.597,2000,4939.706,9343.25,2000,4968.292,9192.99,2000,4995.954,9493.123,2000,5129.741,9229.985,2000,5089.419,9327.985,2000,5098.677,9422.36,2000,5082.587,9410.701,2000,4953.837,9574.936,2000,5103.896,9467.658,2000,5287.789
9174.26,2000,4938.676,9343.032,2000,4967.231,9192.273,2000,4995.141,9494.206,2000,5129.783,9231,2000,5089.041,9328.568,2000,5097.764,9422.972,2000,5081.693,9410.588,2000,4952.76,9575.969,2000,5103.57,9466.693,2000,5288.282
9173.931,2000,4937.644,9342.78,2000,4966.178,9191.53,2000,4994.353,9495.287,2000,5129.86,9232.002,2000,5088.629,9329.182,2000,5096.87,9423.554,2000,5080.78,9410.51,2000,4951.679,9577,2000,5103.239,9465.713,2000,5288.744
9173.609,2000,4936.609,9342.493,2000,4965.133,9190.762,2000,4993.589,9496.364,2000,5129.972,9232.99,2000,5088.185,9329.823,2000,5095.997,9424.105,2000,5079.848,9410.467,2000,4950.597,9578.03,2000,5102.904,9464.719,2000,5289.173
9173.297,2000,4935.571,9342.173,2000,4964.098,9189.969,2000,4992.851,9497.438,2000,5130.12,9233.963,2000,5087.709,9330.493,2000,5095.146,9424.626,2000,5078.898,9410.46,2000,4949.513,9579.059,2000,5102.563,9463.711,2000,5289.57
9172.994,2000,4934.531,9341.818,2000,4963.074,9189.152,2000,4992.139,9498.505,2000,5130.302,9234.92,2000,5087.201,9331.19,2000,5094.316,9425.115,2000,5077.932,9410.488,2000,4948.43,9580.085,2000,5102.216,9462.69,2000,5289.933
9172.701,2000,4933.488,9341.431,2000,4962.063,9188.313,2000,4991.454,9499.566,2000,5130.52,9235.859,2000,5086.663,9331.915,2000,5093.511,9425.573,2000,5076.95,9410.552,2000,4947.349,9581.109,2000,5101.864,9461.658,2000,5290.263
9172.42,2000,4932.442,9341.01,2000,4961.064,9187.451,2000,4990.797,9500.62,2000,5130.771,9236.781,2000,5086.093,9332.665,2000,5092.729,9425.999,2000,5075.953,9410.65,2000,4946.27,9582.132,2000,5101.504,9460.616,2000,5290.559
9172.149,2000,4931.393,9340.557,2000,4960.08,9186.568,2000,4990.169,9501.665,2000,5131.058,9237.684,2000,5085.494,9333.44,2000,5091.972,9426.392,2000,5074.943,9410.785,2000,4945.195,9583.151,2000,5101.138,9459.565,2000,5290.821
9171.892,2000,4930.341,9340.071,2000,4959.111,9185.666,2000,4989.57,9502.7,2000,5131.378,9238.566,2000,5084.866,9334.24,2000,5091.241,9426.751,2000,5073.921,9410.955,2000,4944.125,9584.168,2000,5100.765,9458.506,2000,5291.048
9171.646,2000,4929.286,9339.555,2000,4958.159,9184.744,2000,4989,9503.724,2000,5131.732,9239.428,2000,5084.209,9335.063,2000,5090.537,9427.076,2000,5072.888,9411.159,2000,4943.061,9585.182,2000,5100.384,9457.439,2000,5291.24
9171.414,2000,4928.228,9339.008,2000,4957.224,9183.805,2000,4988.462,9504.735,2000,5132.119,9240.268,2000,5083.524,9335.909,2000,5089.86,9427.368,2000,5071.845,9411.398,2000,4942.004,9586.192,2000,5099.995,9456.367,2000,5291.397
9171.195,2000,4927.167,9338.431,2000,4956.308,9182.848,2000,4987.954,9505.733,2000,5132.54,9241.084,2000,5082.813,9336.776,2000,5089.211,9427.626,2000,5070.792,9411.672,2000,4940.956,9587.2,2000,5099.597,9455.291,2000,5291.52
9170.991,2000,4926.103,9337.823,2000,4955.411,9181.875,2000,4987.478,9506.718,2000,5132.992,9241.877,2000,5082.074,9337.665,2000,5088.591,9427.878,2000,5069.739,9411.979,2000,4939.917,9588.204,2000,5099.191,9454.211,2000,5291.606
9170.802,2000,4925.036,9337.187,2000,4954.534,9180.887,2000,4987.034,9507.687,2000,5133.477,9242.646,2000,5081.311,9338.573,2000,5088,9428.164,2000,5068.694,9412.321,2000,4938.889,9589.205,2000,5098.776,9453.129,2000,5291.658
9170.628,2000,4923.966,9336.521,2000,4953.678,9179.885,2000,4986.623,9508.639,2000,5133.993,9243.389,2000,5080.522,9339.5,2000,5087.439,9428.484,2000,5067.659,9412.696,2000,4937.873,9590.202,2000,5098.352,9452.046,2000,5291.674
9170.47,2000,4922.895,9335.829,2000,4952.845,9178.87,2000,4986.244,9509.574,2000,5134.54,9244.105,2000,5079.709,9340.444,2000,5086.909,9428.838,2000,5066.635,9413.104,2000,4936.869,9591.195,2000,5097.918,9450.963,2000,5291.655
9170.327,2000,4921.821,9335.11,2000,4952.035,9177.843,2000,4985.899,9510.491,2000,5135.117,9244.795,2000,5078.874,9341.406,2000,5086.41,9429.225,2000,5065.623,9413.545,2000,4935.879,9592.184,2000,5097.475,9449.881,2000,5291.6
9170.201,2000,4920.745,9334.365,2000,4951.249,9176.805,2000,4985.587,9511.389,2000,5135.724,9245.457,2000,5078.017,9342.384,2000,5085.943,9429.645,2000,5064.625,9414.018,2000,4934.905,9593.168,2000,5097.021,9448.802,2000,5291.51
9170.092,2000,4919.667,9333.595,2000,4950.487,9175.758,2000,4985.31,9512.266,2000,5136.36,9246.091,2000,5077.138,9343.376,2000,5085.508,9430.097,2000,5063.64,9414.521,2000,4933.946,9594.147,2000,5096.558,9447.726,2000,5291.384
9169.999,2000,4918.588,9332.8,2000,4949.751,9174.702,2000,4985.067,9513.121,2000,5137.025,9246.695,2000,5076.239,9344.382,2000,5085.105,9430.581,2000,5062.671,9415.057,2000,4933.004,9595.122,2000,5096.084,9446.654,2000,5291.224
9169.923,2000,4917.507,9331.981,2000,4949.042,9173.639,2000,4984.859,9513.955,2000,5137.717,9247.271,2000,5075.321,9345.4,2000,5084.736,9431.097,2000,5061.718,9415.623,2000,4932.08,9596.092,2000,5095.601,9445.589,2000,5291.028
9169.863,2000,4916.426,9331.14,2000,4948.36,9172.569,2000,4984.686,9514.766,2000,5138.436,9247.815,2000,5074.385,9346.431,2000,5084.401,9431.644,2000,5060.783,9416.219,2000,4931.175,9597.056,2000,5095.106,9444.53,2000,5290.798
9169.82,2000,4915.343,9330.276,2000,4947.706,9171.495,2000,4984.548,9515.552,2000,5139.181,9248.329,2000,5073.431,9347.471,2000,5084.099,9432.221,2000,5059.866,9416.844,2000,4930.291,9598.015,2000,5094.602,9443.479,2000,5290.533
9169.794,2000,4914.26,9329.392,2000,4947.08,9170.417,2000,4984.445,9516.313,2000,5139.951,9248.812,2000,5072.461,9348.521,2000,5083.832,9432.827,2000,5058.969,9417.498,2000,4929.427,9598.968,2000,5094.086,9442.438,2000,5290.234
9169.784,2000,4913.177,9328.487,2000,4946.484,9169.336,2000,4984.377,9517.05,2000,5140.746,9249.325,2000,5071.507,9349.578,2000,5083.599,9433.463,2000,5058.092,9418.18,2000,4928.585,9599.915,2000,5093.561,9441.407,2000,5289.901
9169.791,2000,4912.093,9327.563,2000,4945.917,9168.253,2000,4984.345,9517.76,2000,5141.564,9249.87,2000,5070.571,9350.644,2000,5083.4,9434.127,2000,5057.236,9418.889,2000,4927.766,9600.856,2000,5093.024,9440.388,2000,5289.535
9169.814,2000,4911.01,9326.622,2000,4945.381,9167.17,2000,4984.349,9518.442,2000,5142.406,9250.445,2000,5069.653,9351.715,2000,5083.237,9434.818,2000,5056.402,9419.624,2000,4926.97,9601.792,2000,5092.478,9439.381,2000,5289.135
9169.854,2000,4909.928,9325.664,2000,4944.876,9166.087,2000,4984.387,9519.097,2000,5143.269,9251.05,2000,5068.754,9352.791,2000,5083.108,9435.537,2000,5055.592,9420.385,2000,4926.199,9602.722,2000,5091.921,9438.388,2000,5288.703
9169.908,2000,4908.846,9324.689,2000,4944.403,9165.006,2000,4984.461,9519.723,2000,5144.153,9251.684,2000,5067.875,9353.87,2000,5083.015,9436.282,2000,5054.805,9421.171,2000,4925.454,9603.645,2000,5091.354,9437.409,2000,5288.238
9169.979,2000,4907.765,9323.7,2000,4943.962,9163.928,2000,4984.571,9520.319,2000,5145.058,9252.346,2000,5067.018,9354.952,2000,5082.958,9437.053,2000,5054.043,9421.98,2000,4924.734,9604.562,2000,5090.778,9436.446,2000,5287.742
9170.063,2000,4906.685,9322.697,2000,4943.554,9162.854,2000,4984.715,9520.886,2000,5145.981,9253.035,2000,5066.183,9356.035,2000,5082.935,9437.848,2000,5053.307,9422.813,2000,4924.041,9605.459,2000,5090.171,9435.5,2000,5287.214
9170.163,2000,4905.606,9321.681,2000,4943.178,9161.786,2000,4984.895,9521.422,2000,5146.922,9253.752,2000,5065.37,9357.118,2000,5082.948,9438.666,2000,5052.597,9423.669,2000,4923.376,9606.336,2000,5089.536,9434.571,2000,5286.656
9170.277,2000,4904.529,9320.652,2000,4942.836,9160.725,2000,4985.11,9521.927,2000,5147.881,9254.495,2000,5064.582,9358.2,2000,5082.997,9439.507,2000,5051.915,9424.545,2000,4922.739,9607.192,2000,5088.872,9433.662,2000,5286.067
9170.405,2000,4903.453,9319.614,2000,4942.528,9159.67,2000,4985.359,9522.4,2000,5148.855,9255.264,2000,5063.818,9359.28,2000,5083.081,9440.37,2000,5051.26,9425.441,2000,4922.131,9608.026,2000,5088.18,9432.772,2000,5285.45
9170.546,2000,4902.379,9318.566,2000,4942.254,9158.624,2000,4985.643,9522.842,2000,5149.844,9256.057,2000,5063.08,9360.357,2000,5083.2,9441.254,2000,5050.633,9426.357,2000,4921.553,9608.837,2000,5087.461,9431.903,2000,5284.803
9170.699,2000,4901.307,9317.51,2000,4942.015,9157.588,2000,4985.96,9523.251,2000,5150.848,9256.873,2000,5062.368,9361.43,2000,5083.354,9442.158,2000,5050.036,9427.292,2000,4921.005,9609.624,2000,5086.717,9431.056,2000,5284.128
9170.865,2000,4900.236,9316.446,2000,4941.81,9156.563,2000,4986.312,9523.627,2000,5151.864,9257.713,2000,5061.683,9362.496,2000,5083.544,9443.081,2000,5049.469,9428.244,2000,4920.488,9610.386,2000,5085.947,9430.23,2000,5283.426
9171.043,2000,4899.167,9315.376,2000,4941.64,9155.551,2000,4986.697,9523.97,2000,5152.892,9258.574,2000,5061.026,9363.556,2000,5083.768,9444.022,2000,5048.933,9429.213,2000,4920.003,9611.122,2000,5085.152,9429.429,2000,5282.698
9171.231,2000,4898.1,9314.301,2000,4941.505,9154.551,2000,4987.114,9524.278,2000,5153.93,9259.457,2000,5060.398,9364.607,2000,5084.027,9444.98,2000,5048.427,9430.196,2000,4919.549,9611.832,2000,5084.334,9428.651,2000,5281.943
9171.431,2000,4897.035,9313.222,2000,4941.405,9153.565,2000,4987.564,9524.553,2000,5154.978,9260.359,2000,5059.799,9365.65,2000,5084.32,9445.955,2000,5047.953,9431.194,2000,4919.128,9612.515,2000,5083.493,9427.899,2000,5281.164
9171.641,2000,4895.972,9312.141,2000,4941.341,9152.596,2000,4988.046,9524.793,2000,5156.035,9261.281,2000,5059.229,9366.684,2000,5084.647,9446.942,2000,5047.506,9432.206,2000,4918.74,9613.17,2000,5082.63,9427.173,2000,5280.36
9171.86,2000,4894.911,9311.058,2000,4941.312,9151.642,2000,4988.56,9524.998,2000,5157.098,9262.221,2000,5058.691,9367.705,2000,5085.008,9447.926,2000,5047.051,9433.229,2000,4918.385,9613.796,2000,5081.747,9426.474,2000,5279.533
9172.089,2000,4893.852,9309.975,2000,4941.318,9150.705,2000,4989.104,9525.168,2000,5158.168,9263.178,2000,5058.183,9368.714,2000,5085.402,9448.905,2000,5046.588,9434.264,2000,4918.063,9614.393,2000,5080.843,9425.802,2000,5278.683
9172.326,2000,4892.795,9308.893,2000,4941.36,9149.787,2000,4989.679,9525.304,2000,5159.243,9264.15,2000,5057.707,9369.71,2000,5085.829,9449.881,2000,5046.116,9435.309,2000,4917.776,9614.96,2000,5079.92,9425.157,2000,5277.812
9172.571,2000,4891.74,9307.813,2000,4941.438,9148.889,2000,4990.284,9525.403,2000,5160.321,9265.139,2000,5057.263,9370.691,2000,5086.288,9450.852,2000,5045.635,9436.362,2000,4917.523,9615.497,2000,5078.979,9424.542,2000,5276.92
9172.852,2000,4890.693,9306.735,2000,4941.55,9148.01,2000,4990.917,9525.468,2000,5161.403,9266.141,2000,5056.852,9371.657,2000,5086.778,9451.817,2000,5045.145,9437.424,2000,4917.305,9616.003,2000,5078.021,9423.956,2000,5276.009
9173.165,2000,4889.657,9305.662,2000,4941.698,9147.152,2000,4991.58,9525.497,2000,5162.486,9267.155,2000,5056.473,9372.606,2000,5087.301,9452.778,2000,5044.645,9438.491,2000,4917.122,9616.477,2000,5077.047,9423.4,2000,5275.079
9173.513,2000,4888.631,9304.595,2000,4941.881,9146.317,2000,4992.27,9525.491,2000,5163.569,9268.179,2000,5056.117,9373.538,2000,5087.854,9453.734,2000,5044.136,9439.564,2000,4916.973,9616.919,2000,5076.058,9422.876,2000,5274.131
9173.894,2000,4887.617,9303.533,2000,4942.099,9145.505,2000,4992.986,9525.449,2000,5164.652,9269.203,2000,5055.764,9374.451,2000,5088.438,9454.686,2000,5043.618,9440.642,2000,4916.86,9617.328,2000,5075.055,9422.383,2000,5273.167
9174.308,2000,4886.616,9302.479,2000,4942.352,9144.717,2000,4993.729,9525.372,2000,5165.732,9270.228,2000,5055.413,9375.345,2000,5089.05,9455.631,2000,5043.089,9441.722,2000,4916.782,9617.704,2000,5074.039,9421.921,2000,5272.187
9174.754,2000,4885.629,9301.435,2000,4942.638,9143.953,2000,4994.498,9525.26,2000,5166.81,9271.253,2000,5055.064,9376.218,2000,5089.692,9456.571,2000,5042.551,9442.804,2000,4916.739,9618.047,2000,5073.011,9421.491,2000,5271.192
9175.232,2000,4884.657,9300.399,2000,4942.959,9143.215,2000,4995.291,9525.112,2000,5167.883,9272.279,2000,5054.718,9377.069,2000,5090.362,9457.506,2000,5042.003,9443.887,2000,4916.732,9618.355,2000,5071.973,9421.095,2000,5270.184
9175.742,2000,4883.702,9299.376,2000,4943.313,9142.503,2000,4996.108,9524.93,2000,5168.951,9273.307,2000,5054.375,9377.898,2000,5091.059,9458.435,2000,5041.445,9444.97,2000,4916.76,9618.63,2000,5070.925,9420.731,2000,5269.164
9176.283,2000,4882.763,9298.364,2000,4943.701,9141.818,2000,4996.947,9524.712,2000,5170.013,9274.335,2000,5054.036,9378.704,2000,5091.783,9459.356,2000,5040.876,9446.051,2000,4916.824,9618.87,2000,5069.869,9420.401,2000,5268.132
9176.854,2000,4881.843,9297.366,2000,4944.122,9141.161,2000,4997.809,9524.46,2000,5171.066,9275.364,2000,5053.699,9379.485,2000,5092.533,9460.272,2000,5040.298,9447.13,2000,4916.923,9619.076,2000,5068.805,9420.105,2000,5267.09
9177.456,2000,4880.942,9296.382,2000,4944.575,9140.533,2000,4998.691,9524.174,2000,5172.111,9276.395,2000,5053.366,9380.242,2000,5093.309,9461.183,2000,5039.71,9448.205,2000,4917.058,9619.247,2000,5067.735,9419.844,2000,5266.039
9178.087,2000,4880.061,9295.413,2000,4945.06,9139.935,2000,4999.594,9523.854,2000,5173.146,9277.427,2000,5053.036,9380.973,2000,5094.108,9462.086,2000,5039.112,9449.275,2000,4917.227,9619.383,2000,5066.661,9419.616,2000,5264.979
9178.746,2000,4879.201,9294.461,2000,4945.576,9139.365,2000,5000.516,9523.499,2000,5174.17,9278.46,2000,5052.709,9381.677,2000,5094.932,9462.982,2000,5038.504,9450.339,2000,4917.432,9619.483,2000,5065.582,9419.424,2000,5263.914
9179.433,2000,4878.363,9293.526,2000,4946.124,9138.826,2000,5001.456,9523.111,2000,5175.182,9279.494,2000,5052.386,9382.354,2000,5095.777,9463.872,2000,5037.886,9451.396,2000,4917.671,9619.549,2000,5064.5,9419.267,2000,5262.842
9180.146,2000,4877.548,9292.61,2000,4946.701,9138.318,2000,5002.413,9522.691,2000,5176.18,9280.529,2000,5052.066,9383.003,2000,5096.645,9464.755,2000,5037.259,9452.443,2000,4917.944,9619.578,2000,5063.417,9419.145,2000,5261.765
9180.887,2000,4876.757,9291.713,2000,4947.309,9137.842,2000,5003.386,9522.238,2000,5177.165,9281.565,2000,5051.75,9383.68,2000,5097.491,9465.617,2000,5036.603,9453.482,2000,4918.252,9619.572,2000,5062.334,9419.056,2000,5260.686
9181.652,2000,4875.991,9290.836,2000,4947.945,9137.397,2000,5004.374,9521.754,2000,5178.133,9282.603,2000,5051.438,9384.384,2000,5098.314,9466.458,2000,5035.919,9454.511,2000,4918.593,9619.531,2000,5061.251,9418.969,2000,5259.606
9182.442,2000,4875.25,9289.98,2000,4948.609,9136.986,2000,5005.376,9521.238,2000,5179.086,9283.641,2000,5051.129,9385.114,2000,5099.114,9467.275,2000,5035.208,9455.527,2000,4918.968,9619.455,2000,5060.171,9418.883,2000,5258.526
9183.257,2000,4874.535,9289.147,2000,4949.302,9136.607,2000,5006.391,9520.691,2000,5180.021,9284.681,2000,5050.825,9385.871,2000,5099.889,9468.069,2000,5034.471,9456.531,2000,4919.376,9619.343,2000,5059.093,9418.799,2000,5257.446
9184.094,2000,4873.848,9288.337,2000,4950.021,9136.263,2000,5007.418,9520.114,2000,5180.938,9285.722,2000,5050.524,9386.652,2000,5100.639,9468.839,2000,5033.708,9457.521,2000,4919.817,9619.195,2000,5058.02,9418.717,2000,5256.366
9184.953,2000,4873.188,9287.551,2000,4950.766,9135.951,2000,5008.456,9519.507,2000,5181.835,9286.771,2000,5050.257,9387.458,2000,5101.363,9469.583,2000,5032.921,9458.495,2000,4920.29,9619.014,2000,5056.952,9418.636,2000,5255.285
9185.833,2000,4872.556,9286.74,2000,4951.485,9135.674,2000,5009.503,9518.871,2000,5182.712,9287.83,2000,5050.025,9388.287,2000,5102.061,9470.301,2000,5032.109,9459.454,2000,4920.794,9618.797,2000,5055.891,9418.557,2000,5254.205
9186.733,2000,4871.954,9285.907,2000,4952.178,9135.431,2000,5010.559,9518.207,2000,5183.567,9288.896,2000,5049.828,9389.139,2000,5102.73,9470.991,2000,5031.275,9460.396,2000,4921.33,9618.545,2000,5054.837,9418.479,2000,5253.124
9187.653,2000,4871.381,9285.052,2000,4952.842,9135.223,2000,5011.622,9517.515,2000,5184.401,9289.967,2000,5049.665,9390.012,2000,5103.372,9471.654,2000,5030.418,9461.319,2000,4921.896,9618.259,2000,5053.792,9418.403,2000,5252.043
9188.591,2000,4870.839,9284.175,2000,4953.479,9135.05,2000,5012.691,9516.796,2000,5185.211,9291.043,2000,5049.538,9390.905,2000,5103.985,9472.289,2000,5029.541,9462.224,2000,4922.491,9617.938,2000,5052.757,9418.329,2000,5250.963
9189.546,2000,4870.328,9283.277,2000,4954.086,9134.912,2000,5013.766,9516.051,2000,5185.998,9292.122,2000,5049.445,9391.818,2000,5104.568,9472.895,2000,5028.643,9463.108,2000,4923.116,9617.585,2000,5051.733,9418.257,2000,5249.882
9190.518,2000,4869.848,9282.361,2000,4954.664,9134.81,2000,5014.844,9515.28,2000,5186.76,9293.204,2000,5049.389,9392.75,2000,5105.122,9473.471,2000,5027.725,9463.973,2000,4923.77,9617.198,2000,5050.721,9418.186,2000,5248.801
9191.504,2000,4869.4,9281.427,2000,4955.211,9134.742,2000,5015.925,9514.485,2000,5187.496,9294.287,2000,5049.367,9393.699,2000,5105.644,9474.017,2000,5026.789,9464.814,2000,4924.452,9616.778,2000,5049.723,9418.116,2000,5247.72
9192.505,2000,4868.985,9280.475,2000,4955.728,9134.71,2000,5017.008,9513.667,2000,5188.205,9295.37,2000,5049.381,9394.665,2000,5106.135,9474.531,2000,5025.836,9465.634,2000,4925.161,9616.326,2000,5048.738,9418.049,2000,5246.639
9193.519,2000,4868.603,9279.506,2000,4956.212,9134.713,2000,5018.092,9512.825,2000,5188.888,9296.452,2000,5049.431,9395.646,2000,5106.594,9475.015,2000,5024.866,9466.43,2000,4925.896,9615.842,2000,5047.769,9417.982,2000,5245.557
9194.544,2000,4868.254,9278.521,2000,4956.666,9134.752,2000,5019.174,9511.962,2000,5189.542,9297.532,2000,5049.516,9396.643,2000,5107.021,9475.529,2000,5023.913,9467.249,2000,4926.605,9615.326,2000,5046.816,9417.918,2000,5244.476
9195.58,2000,4867.939,9277.523,2000,4957.086,9134.826,2000,5020.255,9511.078,2000,5190.168,9298.608,2000,5049.636,9397.651,2000,5107.415,9476.075,2000,5022.977,9468.091,2000,4927.287,9614.779,2000,5045.881,9417.854,2000,5243.394
9196.626,2000,4867.659,9276.512,2000,4957.474,9134.936,2000,5021.333,9510.174,2000,5190.765,9299.681,2000,5049.791,9398.673,2000,5107.775,9476.651,2000,5022.06,9468.955,2000,4927.94,9614.202,2000,5044.964,9417.793,2000,5242.313
9197.681,2000,4867.412,9275.488,2000,4957.828,9135.08,2000,5022.406,9509.251,2000,5191.332,9300.747,2000,5049.981,9399.706,2000,5108.103,9477.257,2000,5021.162,9469.84,2000,4928.565,9613.596,2000,5044.066,9417.733,2000,5241.231
9198.743,2000,4867.2,9274.453,2000,4958.149,9135.26,2000,5023.475,9508.31,2000,5191.868,9301.807,2000,5050.207,9400.749,2000,5108.396,9477.892,2000,5020.284,9470.744,2000,4929.161,9612.96,2000,5043.189,9417.676,2000,5240.149
9199.812,2000,4867.023,9273.408,2000,4958.436,9135.475,2000,5024.537,9507.352,2000,5192.374,9302.858,2000,5050.466,9401.801,2000,5108.654,9478.555,2000,5019.427,9471.668,2000,4929.727,9612.296,2000,5042.333,9417.619,2000,5239.067
9200.886,2000,4866.881,9272.354,2000,4958.688,9135.724,2000,5025.591,9506.377,2000,5192.847,9303.901,2000,5050.76,9402.86,2000,5108.878,9479.245,2000,5018.593,9472.609,2000,4930.263,9611.604,2000,5041.499,9417.564,2000,5237.985
9201.964,2000,4866.774,9271.293,2000,4958.906,9136.007,2000,5026.636,9505.388,2000,5193.289,9304.934,2000,5051.088,9403.927,2000,5109.068,9479.963,2000,5017.781,9473.568,2000,4930.767,9610.886,2000,5040.688,9417.475,2000,5236.906
9203.045,2000,4866.703,9270.226,2000,4959.089,9136.324,2000,5027.672,9504.385,2000,5193.697,9305.955,2000,5051.45,9404.999,2000,5109.222,9480.707,2000,5016.994,9474.543,2000,4931.24,9610.141,2000,5039.902,9417.35,2000,5235.83
9204.128,2000,4866.667,9269.152,2000,4959.237,9136.676,2000,5028.697,9503.369,2000,5194.073,9306.964,2000,5051.845,9406.076,2000,5109.341,9481.477,2000,5016.231,9475.532,2000,4931.68,9609.37,2000,5039.14,9417.189,2000,5234.758
9205.211,2000,4866.666,9268.085,2000,4959.42,9137.061,2000,5029.709,9502.342,2000,5194.416,9307.985,2000,5052.206,9407.156,2000,5109.425,9482.271,2000,5015.494,9476.536,2000,4932.088,9608.575,2000,5038.403,9416.994,2000,5233.693
9206.294,2000,4866.701,9267.023,2000,4959.638,9137.479,2000,5030.709,9501.304,2000,5194.724,9309.018,2000,5052.534,9408.238,2000,5109.474,9483.088,2000,5014.783,9477.553,2000,4932.463,9607.757,2000,5037.693,9416.765,2000,5232.634
9207.375,2000,4866.771,9265.97,2000,4959.89,9137.929,2000,5031.694,9500.256,2000,5194.999,9310.061,2000,5052.828,9409.321,2000,5109.487,9483.929,2000,5014.099,9478.581,2000,4932.805,9606.916,2000,5037.011,9416.5,2000,5231.583
9208.453,2000,4866.876,9264.925,2000,4960.177,9138.411,2000,5032.665,9499.199,2000,5195.239,9311.112,2000,5053.088,9410.404,2000,5109.465,9484.791,2000,5013.443,9479.62,2000,4933.112,9606.053,2000,5036.356,9416.201,2000,5230.542
9209.527,2000,4867.017,9263.89,2000,4960.498,9138.925,2000,5033.618,9498.136,2000,5195.444,9312.172,2000,5053.313,9411.486,2000,5109.407,9485.674,2000,5012.816,9480.668,2000,4933.386,9605.169,2000,5035.729,9415.868,2000,5229.511
9210.597,2000,4867.193,9262.866,2000,4960.852,9139.47,2000,5034.555,9497.065,2000,5195.614,9313.238,2000,5053.503,9412.565,2000,5109.314,9486.577,2000,5012.218,9481.725,2000,4933.625,9604.265,2000,5035.132,9415.502,2000,5228.491
9211.659,2000,4867.404,9261.854,2000,4961.24,9140.045,2000,5035.473,9495.99,2000,5195.75,9314.311,2000,5053.659,9413.642,2000,5109.186,9487.5,2000,5011.649,9482.788,2000,4933.83,9603.342,2000,5034.565,9415.103,2000,5227.484
9212.714,2000,4867.649,9260.856,2000,4961.66,9140.649,2000,5036.372,9494.911,2000,5195.85,9315.387,2000,5053.779,9414.713,2000,5109.022,9488.44,2000,5011.112,9483.858,2000,4933.999,9602.4,2000,5034.028,9414.671,2000,5226.491
9213.761,2000,4867.929,9259.872,2000,4962.113,9141.283,2000,5037.25,9493.83,2000,5195.915,9316.467,2000,5053.864,9415.778,2000,5108.824,9489.398,2000,5010.605,9484.934,2000,4934.133,9601.442,2000,5033.522,9414.207,2000,5225.512
9214.798,2000,4868.243,9258.903,2000,4962.598,9141.945,2000,5038.107,9492.747,2000,5195.944,9317.549,2000,5053.913,9416.836,2000,5108.591,9490.372,2000,5010.13,9486.013,2000,4934.232,9600.469,2000,5033.048,9413.711,2000,5224.549
9215.824,2000,4868.591,9257.951,2000,4963.115,9142.635,2000,5038.943,9491.664,2000,5195.938,9318.632,2000,5053.927,9417.886,2000,5108.323,9491.36,2000,5009.687,9487.094,2000,4934.296,9599.479,2000,5032.606,9413.184,2000,5223.603
9216.838,2000,4868.972,9257.017,2000,4963.662,9143.352,2000,5039.755,9490.581,2000,5195.896,9319.715,2000,5053.906,9418.926,2000,5108.021,9492.363,2000,5009.277,9488.177,2000,4934.325,9598.477,2000,5032.197,9412.626,2000,5222.674
9217.839,2000,4869.386,9256.101,2000,4964.24,9144.095,2000,5040.544,9489.5,2000,5195.819,9320.797,2000,5053.849,9419.956,2000,5107.686,9493.379,2000,5008.899,9489.26,2000,4934.317,9597.461,2000,5031.821,9412.038,2000,5221.764
9218.826,2000,4869.833,9255.203,2000,4964.847,9144.863,2000,5041.308,9488.423,2000,5195.707,9321.876,2000,5053.757,9420.975,2000,5107.317,9494.406,2000,5008.556,9490.342,2000,4934.275,9596.434,2000,5031.478,9411.421,2000,5220.874
9219.798,2000,4870.311,9254.326,2000,4965.483,9145.656,2000,5042.046,9487.35,2000,5195.559,9322.952,2000,5053.629,9421.98,2000,5106.915,9495.444,2000,5008.246,9491.422,2000,4934.197,9595.396,2000,5031.169,9410.774,2000,5220.005
9220.754,2000,4870.821,9253.471,2000,4966.148,9146.473,2000,5042.758,9486.282,2000,5195.376,9324.023,2000,5053.467,9422.973,2000,5106.479,9496.492,2000,5007.97,9492.499,2000,4934.083,9594.348,2000,5030.894,9410.1,2000,5219.157
9221.692,2000,4871.362,9252.638,2000,4966.84,9147.313,2000,5043.442,9485.221,2000,5195.159,9325.089,2000,5053.27,9423.95,2000,5106.012,9497.548,2000,5007.728,9493.572,2000,4933.935,9593.291,2000,5030.654,9409.397,2000,5218.332
9222.612,2000,4871.934,9251.827,2000,4967.56,9148.174,2000,5044.099,9484.167,2000,5194.907,9326.148,2000,5053.043,9424.912,2000,5105.513,9498.611,2000,5007.521,9494.64,2000,4933.751,9592.228,2000,5030.448,9408.669,2000,5217.53
9223.551,2000,4872.475,9251.041,2000,4968.305,9149.057,2000,5044.728,9483.122,2000,5194.621,9327.209,2000,5052.823,9425.856,2000,5104.983,9499.681,2000,5007.349,9495.701,2000,4933.533,9591.158,2000,5030.277,9407.915,2000,5216.753
9224.507,2000,4872.985,9250.279,2000,4969.075,9149.959,2000,5045.327,9482.087,2000,5194.301,9328.271,2000,5052.611,9426.783,2000,5104.422,9500.755,2000,5007.212,9496.755,2000,4933.28,9590.083,2000,5030.142,9407.136,2000,5216
9225.479,2000,4873.464,9249.544,2000,4969.87,9150.881,2000,5045.896,9481.063,2000,5193.947,9329.335,2000,5052.405,9427.691,2000,5103.831,9501.833,2000,5007.111,9497.8,2000,4932.993,9589.004,2000,5030.041,9406.332,2000,5215.274
9226.466,2000,4873.911,9248.835,2000,4970.689,9151.82,2000,5046.435,9480.052,2000,5193.56,9330.4,2000,5052.207,9428.58,2000,5103.211,9502.914,2000,5007.044,9498.834,2000,4932.672,9587.923,2000,5029.976,9405.505,2000,5214.574
9227.467,2000,4874.325,9248.152,2000,4971.531,9152.777,2000,5046.942,9479.054,2000,5193.139,9331.467,2000,5052.016,9429.447,2000,5102.562,9503.997,2000,5007.014,9499.857,2000,4932.317,9586.84,2000,5029.946,9404.655,2000,5213.902
9228.48,2000,4874.706,9247.498,2000,4972.394,9153.75,2000,5047.418,9478.069,2000,5192.687,9332.534,2000,5051.833,9430.293,2000,5101.885,9505.08,2000,5007.018,9500.869,2000,4931.929,9585.757,2000,5029.952,9403.784,2000,5213.257
9229.507,2000,4875.053,9246.872,2000,4973.278,9154.738,2000,5047.862,9477.101,2000,5192.202,9333.604,2000,5051.656,9431.116,2000,5101.181,9506.163,2000,5007.058,9501.867,2000,4931.507,9584.674,2000,5029.993,9402.893,2000,5212.642
9230.544,2000,4875.367,9246.275,2000,4974.183,9155.74,2000,5048.274,9476.148,2000,5191.686,9334.674,2000,5051.487,9431.916,2000,5100.45,9507.244,2000,5007.134,9502.851,2000,4931.054,9583.593,2000,5030.07,9401.981,2000,5212.056
9231.57,2000,4875.715,9245.709,2000,4975.106,9156.755,2000,5048.652,9475.213,2000,5191.139,9335.745,2000,5051.326,9432.691,2000,5099.693,9508.322,2000,5007.245,9503.819,2000,4930.568,9582.516,2000,5030.182,9401.052,2000,5211.5
9232.584,2000,4876.096,9245.173,2000,4976.047,9157.782,2000,5048.998,9474.296,2000,5190.562,9336.817,2000,5051.171,9433.441,2000,5098.912,9509.396,2000,5007.391,9504.771,2000,4930.051,9581.442,2000,5030.329,9400.104,2000,5210.976
9233.585,2000,4876.51,9244.668,2000,4977.006,9158.82,2000,5049.309,9473.398,2000,5189.955,9337.891,2000,5051.024,9434.166,2000,5098.106,9510.464,2000,5007.572,9505.706,2000,4929.503,9580.374,2000,5030.511,9399.141,2000,5210.482
9234.572,2000,4876.957,9244.194,2000,4977.98,9159.867,2000,5049.586,9472.521,2000,5189.318,9338.965,2000,5050.885,9434.863,2000,5097.277,9511.525,2000,5007.788,9506.622,2000,4928.925,9579.313,2000,5030.728,9398.161,2000,5210.02
9235.544,2000,4877.435,9243.753,2000,4978.97,9160.923,2000,5049.829,9471.666,2000,5188.654,9340.04,2000,5050.753,9435.533,2000,5096.425,9512.579,2000,5008.038,9507.519,2000,4928.317,9578.259,2000,5030.979,9397.167,2000,5209.59
9236.5,2000,4877.945,9243.345,2000,4979.973,9161.986,2000,5050.037,9470.832,2000,5187.962,9341.116,2000,5050.628,9436.175,2000,5095.552,9513.624,2000,5008.323,9508.395,2000,4927.681,9577.214,2000,5031.265,9396.159,2000,5209.193
9237.438,2000,4878.486,9242.97,2000,4980.989,9163.056,2000,5050.21,9470.021,2000,5187.243,9342.193,2000,5050.511,9436.788,2000,5094.659,9514.659,2000,5008.642,9509.25,2000,4927.016,9576.179,2000,5031.584,9395.139,2000,5208.83
9238.358,2000,4879.058,9242.628,2000,4982.017,9164.13,2000,5050.349,9469.235,2000,5186.498,9343.271,2000,5050.401,9437.371,2000,5093.746,9515.684,2000,5008.994,9510.083,2000,4926.323,9575.154,2000,5031.938,9394.106,2000,5208.5
9239.26,2000,4879.66,9242.319,2000,4983.056,9165.208,2000,5050.452,9468.474,2000,5185.728,9344.35,2000,5050.299,9437.924,2000,5092.814,9516.696,2000,5009.38,9510.893,2000,4925.603,9574.143,2000,5032.325,9393.064,2000,5208.203
9240.141,2000,4880.29,9242.045,2000,4984.104,9166.289,2000,5050.519,9467.737,2000,5184.933,9345.429,2000,5050.203,9438.446,2000,5091.865,9517.695,2000,5009.799,9511.679,2000,4924.857,9573.144,2000,5032.745,9392.014,2000,5207.941
9241,2000,4880.949,9241.806,2000,4985.16,9167.367,2000,5050.622,9467.027,2000,5184.114,9346.509,2000,5050.115,9438.938,2000,5090.899,9518.68,2000,5010.25,9512.439,2000,4924.086,9572.159,2000,5033.197,9390.954,2000,5207.713
9241.838,2000,4881.636,9241.601,2000,4986.224,9168.441,2000,5050.76,9466.345,2000,5183.273,9347.589,2000,5050.034,9439.396,2000,5089.917,9519.649,2000,5010.733,9513.175,2000,4923.291,9571.19,2000,5033.681,9389.888,2000,5207.521
9242.652,2000,4882.35,9241.431,2000,4987.294,9169.511,2000,5050.934,9465.69,2000,5182.41,9348.666,2000,5049.917,9439.823,2000,5088.922,9520.603,2000,5011.248,9513.884,2000,4922.472,9570.237,2000,5034.197,9388.815,2000,5207.363
9243.443,2000,4883.09,9241.296,2000,4988.369,9170.574,2000,5051.142,9465.064,2000,5181.525,9349.738,2000,5049.766,9440.282,2000,5087.94,9521.538,2000,5011.794,9514.565,2000,4921.63,9569.302,2000,5034.743,9387.739,2000,5207.24
9244.21,2000,4883.856,9241.196,2000,4989.447,9171.63,2000,5051.384,9464.468,2000,5180.621,9350.806,2000,5049.58,9440.773,2000,5086.975,9522.456,2000,5012.37,9515.22,2000,4920.766,9568.385,2000,5035.32,9386.659,2000,5207.153
9244.951,2000,4884.646,9241.132,2000,4990.529,9172.677,2000,5051.662,9463.901,2000,5179.698,9351.866,2000,5049.358,9441.296,2000,5086.025,9523.354,2000,5012.976,9515.845,2000,4919.881,9567.487,2000,5035.926,9385.577,2000,5207.101
9245.666,2000,4885.46,9241.103,2000,4991.612,9173.715,2000,5051.973,9463.365,2000,5178.756,9352.919,2000,5049.103,9441.849,2000,5085.094,9524.232,2000,5013.61,9516.44,2000,4918.977,9566.61,2000,5036.562,9384.494,2000,5207.084
9246.354,2000,4886.297,9241.109,2000,4992.695,9174.742,2000,5052.318,9462.86,2000,5177.798,9353.963,2000,5048.813,9442.432,2000,5084.181,9525.089,2000,5014.273,9517.007,2000,4918.053,9565.754,2000,5037.226,9383.411,2000,5207.104
9247.014,2000,4887.156,9241.151,2000,4993.778,9175.757,2000,5052.697,9462.387,2000,5176.824,9354.996,2000,5048.488,9443.045,2000,5083.287,9525.924,2000,5014.964,9517.542,2000,4917.111,9564.92,2000,5037.917,9382.329,2000,5207.158
9247.664,2000,4888.022,9241.229,2000,4994.858,9176.759,2000,5053.108,9461.945,2000,5175.834,9356.019,2000,5048.13,9443.687,2000,5082.414,9526.735,2000,5015.682,9518.046,2000,4916.152,9564.109,2000,5038.636,9381.249,2000,5207.248
9248.315,2000,4888.888,9241.341,2000,4995.936,9177.747,2000,5053.552,9461.536,2000,5174.831,9357.029,2000,5047.739,9444.356,2000,5081.563,9527.522,2000,5016.426,9518.519,2000,4915.177,9563.322,2000,5039.381,9380.173,2000,5207.373
9248.968,2000,4889.753,9241.488,2000,4997.009,9178.72,2000,5054.028,9461.16,2000,5173.815,9358.026,2000,5047.315,9445.054,2000,5080.733,9528.285,2000,5017.196,9518.959,2000,4914.188,9562.561,2000,5040.151,9379.102,2000,5207.533
9249.62,2000,4890.618,9241.671,2000,4998.077,9179.677,2000,5054.536,9460.817,2000,5172.787,9359.009,2000,5046.859,9445.778,2000,5079.928,9529.022,2000,5017.99,9519.367,2000,4913.184,9561.824,2000,5040.945,9378.036,2000,5207.728
9250.273,2000,4891.482,9241.889,2000,4999.138,9180.616,2000,5055.075,9460.509,2000,5171.749,9359.976,2000,5046.371,9446.528,2000,5079.146,9529.733,2000,5018.807,9519.742,2000,4912.167,9561.114,2000,5041.764,9376.978,2000,5207.958
9250.928,2000,4892.345,9242.141,2000,5000.192,9181.538,2000,5055.644,9460.234,2000,5170.701,9360.926,2000,5045.851,9447.304,2000,5078.389,9530.417,2000,5019.647,9520.084,2000,4911.139,9560.432,2000,5042.604,9375.927,2000,5208.223
9251.583,2000,4893.208,9242.428,2000,5001.237,9182.44,2000,5056.243,9459.994,2000,5169.644,9361.858,2000,5045.301,9448.104,2000,5077.658,9531.073,2000,5020.51,9520.392,2000,4910.101,9559.776,2000,5043.467,9374.886,2000,5208.521
9252.239,2000,4894.069,9242.748,2000,5002.271,9183.323,2000,5056.872,9459.789,2000,5168.581,9362.772,2000,5044.72,9448.927,2000,5076.954,9531.7,2000,5021.393,9520.665,2000,4909.052,9559.15,2000,5044.351,9373.854,2000,5208.854
9252.896,2000,4894.93,9243.103,2000,5003.295,9184.185,2000,5057.528,9459.619,2000,5167.511,9363.668,2000,5044.11,9449.727,2000,5076.223,9532.356,2000,5022.255,9520.904,2000,4907.996,9558.554,2000,5045.255,9372.835,2000,5209.22
9253.555,2000,4895.791,9243.49,2000,5004.307,9185.024,2000,5058.213,9459.483,2000,5166.436,9364.543,2000,5043.471,9450.502,2000,5075.466,9533.04,2000,5023.096,9521.108,2000,4906.932,9557.986,2000,5046.178,9371.828,2000,5209.62
9254.214,2000,4896.65,9243.911,2000,5005.306,9185.841,2000,5058.925,9459.384,2000,5165.357,9365.396,2000,5042.803,9451.252,2000,5074.685,9533.751,2000,5023.913,9521.278,2000,4905.862,9557.449,2000,5047.119,9370.835,2000,5210.052
9254.875,2000,4897.508,9244.364,2000,5006.29,9186.634,2000,5059.663,9459.319,2000,5164.276,9366.228,2000,5042.108,9451.977,2000,5073.879,9534.488,2000,5024.707,9521.413,2000,4904.787,9556.943,2000,5048.077,9369.856,2000,5210.516
9255.537,2000,4898.366,9244.85,2000,5007.258,9187.402,2000,5060.427,9459.29,2000,5163.193,9367.035,2000,5041.386,9452.674,2000,5073.05,9535.251,2000,5025.477,9521.512,2000,4903.708,9556.47,2000,5049.051,9368.863,2000,5210.948
9256.2,2000,4899.222,9245.366,2000,5008.21,9188.146,2000,5061.215,9459.296,2000,5162.109,9367.818,2000,5040.638,9453.344,2000,5072.198,9536.038,2000,5026.221,9521.575,2000,4902.626,9556.027,2000,5050.04,9367.856,2000,5211.348
9256.864,2000,4900.078,9245.913,2000,5009.146,9188.862,2000,5062.028,9459.338,2000,5161.027,9368.577,2000,5039.864,9453.985,2000,5071.325,9536.85,2000,5026.938,9521.604,2000,4901.543,9555.618,2000,5051.043,9366.837,2000,5211.714
9257.53,2000,4900.932,9246.49,2000,5010.062,9189.552,2000,5062.863,9459.415,2000,5159.946,9369.311,2000,5039.066,9454.599,2000,5070.432,9537.685,2000,5027.629,9521.597,2000,4900.46,9555.242,2000,5052.059,9365.806,2000,5212.046
9258.197,2000,4901.786,9247.098,2000,5010.959,9190.214,2000,5063.721,9459.527,2000,5158.869,9370.018,2000,5038.245,9455.182,2000,5069.519,9538.541,2000,5028.292,9521.554,2000,4899.377,9554.899,2000,5053.087,9364.765,2000,5212.345
9258.866,2000,4902.638,9247.734,2000,5011.836,9190.848,2000,5064.599,9459.675,2000,5157.795,9370.697,2000,5037.401,9455.734,2000,5068.587,9539.419,2000,5028.927,9521.476,2000,4898.297,9554.591,2000,5054.125,9363.714,2000,5212.61
9259.536,2000,4903.489,9248.399,2000,5012.691,9191.452,2000,5065.498,9459.857,2000,5156.728,9371.349,2000,5036.536,9456.257,2000,5067.638,9540.317,2000,5029.533,9521.362,2000,4897.219,9554.316,2000,5055.173,9362.655,2000,5212.84
9260.208,2000,4904.339,9249.092,2000,5013.525,9192.027,2000,5066.416,9460.075,2000,5155.666,9371.972,2000,5035.649,9456.748,2000,5066.672,9541.235,2000,5030.109,9521.214,2000,4896.146,9554.076,2000,5056.229,9361.59,2000,5213.035
9260.881,2000,4905.188,9249.811,2000,5014.335,9192.572,2000,5067.353,9460.327,2000,5154.612,9372.565,2000,5034.743,9457.207,2000,5065.69,9542.171,2000,5030.655,9521.03,2000,4895.078,9553.87,2000,5057.292,9360.519,2000,5213.195
9261.556,2000,4906.036,9250.556,2000,5015.121,9193.086,2000,5068.306,9460.613,2000,5153.567,9373.129,2000,5033.817,9457.634,2000,5064.695,9543.124,2000,5031.169,9520.812,2000,4894.017,9553.699,2000,5058.362,9359.442,2000,5213.32
9262.231,2000,4906.882,9251.326,2000,5015.882,9193.568,2000,5069.276,9460.934,2000,5152.533,9373.662,2000,5032.874,9458.027,2000,5063.686,9544.094,2000,5031.653,9520.559,2000,4892.964,9553.563,2000,5059.437,9358.362,2000,5213.41
9262.909,2000,4907.728,9252.121,2000,5016.618,9194.019,2000,5070.262,9461.288,2000,5151.509,9374.164,2000,5031.914,9458.388,2000,5062.664,9545.078,2000,5032.104,9520.271,2000,4891.919,9553.463,2000,5060.516,9357.28,2000,5213.464
9263.589,2000,4908.571,9252.939,2000,5017.328,9194.437,2000,5071.261,9461.676,2000,5150.497,9374.634,2000,5030.938,9458.715,2000,5061.631,9546.077,2000,5032.523,9519.95,2000,4890.885,9553.397,2000,5061.597,9356.197,2000,5213.483
9264.27,2000,4909.414,9253.781,2000,5018.01,9194.821,2000,5072.274,9462.096,2000,5149.499,9375.071,2000,5029.947,9459.008,2000,5060.588,9547.09,2000,5032.909,9519.596,2000,4889.861,9553.368,2000,5062.68,9355.114,2000,5213.467
9264.952,2000,4910.255,9254.645,2000,5018.664,9195.173,2000,5073.299,9462.549,2000,5148.514,9375.477,2000,5028.942,9459.267,2000,5059.537,9548.114,2000,5033.261,9519.207,2000,4888.85,9553.374,2000,5063.764,9354.032,2000,5213.415
9265.637,2000,4911.095,9255.529,2000,5019.29,9195.49,2000,5074.334,9463.033,2000,5147.545,9375.849,2000,5027.925,9459.491,2000,5058.477,9549.149,2000,5033.58,9518.786,2000,4887.852,9553.415,2000,5064.846,9352.952,2000,5213.328
9266.323,2000,4911.933,9256.434,2000,5019.886,9195.773,2000,5075.38,9463.549,2000,5146.593,9376.188,2000,5026.896,9459.681,2000,5057.41,9550.194,2000,5033.865,9518.333,2000,4886.868,9553.491,2000,5065.927,9351.876,2000,5213.205
9267.012,2000,4912.77,9257.357,2000,5020.452,9196.022,2000,5076.434,9464.096,2000,5145.658,9376.492,2000,5025.856,9459.835,2000,5056.338,9551.248,2000,5034.115,9517.848,2000,4885.9,9553.604,2000,5067.004,9350.804,2000,5213.047
9267.701,2000,4913.605,9258.299,2000,5020.988,9196.237,2000,5077.496,9464.673,2000,5144.741,9376.763,2000,5024.807,9459.954,2000,5055.261,9552.31,2000,5034.331,9517.331,2000,4884.948,9553.751,2000,5068.078,9349.737,2000,5212.854
9268.393,2000,4914.439,9259.257,2000,5021.493,9196.417,2000,5078.564,9465.28,2000,5143.844,9376.999,2000,5023.75,9460.038,2000,5054.181,9553.378,2000,5034.512,9516.783,2000,4884.013,9553.933,2000,5069.146,9348.678,2000,5212.627
9269.086,2000,4915.272,9260.231,2000,5021.966,9196.562,2000,5079.638,9465.916,2000,5142.967,9377.2,2000,5022.686,9460.087,2000,5053.099,9554.451,2000,5034.658,9516.205,2000,4883.097,9554.149,2000,5070.207,9347.627,2000,5212.365
9269.781,2000,4916.103,9261.221,2000,5022.407,9196.671,2000,5080.716,9466.58,2000,5142.111,9377.366,2000,5021.615,9460.101,2000,5052.016,9555.529,2000,5034.769,9515.598,2000,4882.2,9554.401,2000,5071.261,9346.585,2000,5212.068
9270.479,2000,4916.932,9262.224,2000,5022.816,9196.745,2000,5081.796,9467.272,2000,5141.278,9377.497,2000,5020.54,9460.078,2000,5050.933,9556.61,2000,5034.845,9514.961,2000,4881.324,9554.688,2000,5072.306,9345.553,2000,5211.738
9271.178,2000,4917.759,9263.24,2000,5023.191,9196.784,2000,5082.879,9467.991,2000,5140.467,9377.593,2000,5019.461,9460.021,2000,5049.851,9557.693,2000,5034.885,9514.296,2000,4880.469,9555.008,2000,5073.341,9344.532,2000,5211.375
9271.879,2000,4918.585,9264.269,2000,5023.533,9196.787,2000,5083.962,9468.736,2000,5139.681,9377.653,2000,5018.379,9459.928,2000,5048.771,9558.776,2000,5034.889,9513.604,2000,4879.636,9555.361,2000,5074.365,9343.524,2000,5210.978
9272.582,2000,4919.41,9265.307,2000,5023.841,9196.755,2000,5085.045,9469.507,2000,5138.919,9377.679,2000,5017.296,9459.8,2000,5047.696,9559.859,2000,5034.858,9512.884,2000,4878.826,9555.748,2000,5075.376,9342.53,2000,5210.548
9273.287,2000,4920.232,9266.354,2000,5024.115,9196.688,2000,5086.126,9470.302,2000,5138.183,9377.669,2000,5016.213,9459.65,2000,5046.623,9560.94,2000,5034.792,9512.138,2000,4878.041,9556.168,2000,5076.375,9341.551,2000,5210.086
9273.994,2000,4921.054,9267.411,2000,5024.355,9196.585,2000,5087.205,9471.12,2000,5137.474,9377.623,2000,5015.13,9459.536,2000,5045.546,9562.019,2000,5034.69,9511.366,2000,4877.28,9556.555,2000,5077.387,9340.587,2000,5209.592
9274.703,2000,4921.873,9268.475,2000,5024.56,9196.447,2000,5088.28,9471.962,2000,5136.791,9377.542,2000,5014.05,9459.457,2000,5044.465,9563.093,2000,5034.554,9510.57,2000,4876.544,9556.908,2000,5078.411,9339.64,2000,5209.067
9275.414,2000,4922.691,9269.545,2000,5024.73,9196.274,2000,5089.349,9472.825,2000,5136.136,9377.426,2000,5012.973,9459.413,2000,5043.383,9564.162,2000,5034.382,9509.751,2000,4875.835,9557.229,2000,5079.446,9338.71,2000,5208.512
9276.127,2000,4923.507,9270.62,2000,5024.865,9196.066,2000,5090.412,9473.709,2000,5135.51,9377.274,2000,5011.9,9459.405,2000,5042.299,9565.226,2000,5034.175,9508.909,2000,4875.154,9557.515,2000,5080.491,9337.799,2000,5207.926
9276.842,2000,4924.321,9271.699,2000,5024.964,9195.823,2000,5091.468,9474.613,2000,5134.914,9377.088,2000,5010.833,9459.433,2000,5041.216,9566.281,2000,5033.933,9508.045,2000,4874.5,9557.767,2000,5081.544,9336.907,2000,5207.311
9277.583,2000,4925.111,9272.774,2000,5025.099,9195.615,2000,5092.531,9475.536,2000,5134.347,9376.866,2000,5009.772,9459.495,2000,5040.135,9567.329,2000,5033.657,9507.16,2000,4873.875,9558.053,2000,5082.589,9336.036,2000,5206.666
9278.35,2000,4925.877,9273.845,2000,5025.269,9195.442,2000,5093.6,9476.478,2000,5133.811,9376.61,2000,5008.72,9459.593,2000,5039.056,9568.367,2000,5033.347,9506.256,2000,4873.279,9558.373,2000,5083.625,9335.187,2000,5205.994
9279.141,2000,4926.617,9274.908,2000,5025.474,9195.305,2000,5094.675,9477.436,2000,5133.305,9376.32,2000,5007.676,9459.726,2000,5037.98,9569.395,2000,5033.003,9505.332,2000,4872.713,9558.727,2000,5084.648,9334.359,2000,5205.294
9279.955,2000,4927.331,9275.965,2000,5025.714,9195.202,2000,5095.753,9478.41,2000,5132.832,9375.996,2000,5006.642,9459.894,2000,5036.91,9570.41,2000,5032.626,9504.391,2000,4872.178,9559.113,2000,5085.66,9333.556,2000,5204.567
9280.793,2000,4928.018,9277.013,2000,5025.988,9195.135,2000,5096.834,9479.399,2000,5132.39,9375.639,2000,5005.62,9460.097,2000,5035.846,9571.413,2000,5032.216,9503.432,2000,4871.673,9559.533,2000,5086.659,9332.776,2000,5203.815
9281.652,2000,4928.677,9278.051,2000,5026.296,9195.103,2000,5097.917,9480.402,2000,5131.981,9375.247,2000,5004.609,9460.335,2000,5034.79,9572.401,2000,5031.773,9502.457,2000,4871.201,9559.985,2000,5087.643,9332.022,2000,5203.038
9282.533,2000,4929.308,9279.079,2000,5026.638,9195.105,2000,5099.001,9481.418,2000,5131.605,9374.89,2000,5003.587,9460.607,2000,5033.741,9573.375,2000,5031.298,9501.468,2000,4870.76,9560.47,2000,5088.612,9331.294,2000,5202.236
9283.435,2000,4929.91,9280.096,2000,5027.013,9195.145,2000,5100.083,9482.445,2000,5131.263,9374.565,2000,5002.553,9460.914,2000,5032.702,9574.333,2000,5030.791,9500.464,2000,4870.352,9560.985,2000,5089.565,9330.592,2000,5201.411
9284.354,2000,4930.481,9281.099,2000,5027.422,9195.219,2000,5101.164,9483.483,2000,5130.955,9374.275,2000,5001.509,9461.255,2000,5031.674,9575.273,2000,5030.253,9499.447,2000,4869.977,9561.532,2000,5090.5,9329.917,2000,5200.563
9285.293,2000,4931.023,9282.088,2000,5027.863,9195.328,2000,5102.242,9484.531,2000,5130.68,9374.02,2000,5000.457,9461.629,2000,5030.657,9576.196,2000,5029.685,9498.419,2000,4869.636,9562.109,2000,5091.417,9329.271,2000,5199.694
9286.249,2000,4931.533,9283.063,2000,5028.336,9195.473,2000,5103.315,9485.588,2000,5130.44,9373.798,2000,4999.396,9462.036,2000,5029.653,9577.1,2000,5029.087,9497.38,2000,4869.328,9562.716,2000,5092.315,9328.653,2000,5198.804
9287.221,2000,4932.012,9284.021,2000,5028.841,9195.652,2000,5104.384,9486.651,2000,5130.235,9373.611,2000,4998.329,9462.476,2000,5028.663,9577.982,2000,5028.459,9496.332,2000,4869.055,9563.352,2000,5093.192,9328.065,2000,5197.894
9288.208,2000,4932.458,9284.962,2000,5029.377,9195.867,2000,5105.446,9487.722,2000,5130.064,9373.46,2000,4997.256,9462.947,2000,5027.688,9578.845,2000,5027.804,9495.275,2000,4868.815,9564.016,2000,5094.048,9327.508,2000,5196.965
9289.209,2000,4932.873,9285.886,2000,5029.943,9196.116,2000,5106.5,9488.797,2000,5129.929,9373.344,2000,4996.179,9463.451,2000,5026.729,9579.686,2000,5027.12,9494.212,2000,4868.611,9564.707,2000,5094.882,9326.98,2000,5196.019
9290.223,2000,4933.254,9286.79,2000,5030.54,9196.399,2000,5107.545,9489.876,2000,5129.829,9373.263,2000,4995.099,9463.985,2000,5025.786,9580.503,2000,5026.409,9493.142,2000,4868.441,9565.426,2000,5095.693,9326.484,2000,5195.056
9291.249,2000,4933.602,9287.675,2000,5031.165,9196.717,2000,5108.581,9490.957,2000,5129.764,9373.217,2000,4994.016,9464.551,2000,5024.862,9581.297,2000,5025.672,9492.066,2000,4868.307,9566.171,2000,5096.479,9326.021,2000,5194.077
9292.286,2000,4933.916,9288.538,2000,5031.819,9197.068,2000,5109.606,9492.04,2000,5129.735,9373.172,2000,4992.934,9465.146,2000,5023.957,9582.066,2000,5024.909,9490.987,2000,4868.208,9566.941,2000,5097.242,9325.589,2000,5193.083
9293.333,2000,4934.195,9289.38,2000,5032.501,9197.453,2000,5110.619,9493.123,2000,5129.741,9373.115,2000,4991.852,9465.77,2000,5023.071,9582.811,2000,5024.122,9489.906,2000,4868.144,9567.736,2000,5097.978,9325.189,2000,5192.077
9294.388,2000,4934.441,9290.198,2000,5033.211,9197.871,2000,5111.618,9494.206,2000,5129.783,9373.094,2000,4990.769,9466.423,2000,5022.207,9583.528,2000,5023.31,9488.823,2000,4868.116,9568.555,2000,5098.688,9324.823,2000,5191.057
9295.45,2000,4934.652,9290.993,2000,5033.947,9198.321,2000,5112.604,9495.287,2000,5129.86,9373.107,2000,4989.686,9467.104,2000,5021.364,9584.219,2000,5022.476,9487.74,2000,4868.123,9569.394,2000,5099.374,9324.49,2000,5190.026
9296.52,2000,4934.828,9291.764,2000,5034.708,9198.804,2000,5113.574,9496.364,2000,5129.972,9373.156,2000,4988.604,9467.812,2000,5020.544,9584.882,2000,5021.619,9486.658,2000,4868.166,9570.232,2000,5100.059,9324.191,2000,5188.984
9297.594,2000,4934.969,9292.509,2000,5035.494,9199.317,2000,5114.527,9497.438,2000,5130.12,9373.241,2000,4987.523,9468.546,2000,5019.748,9585.517,2000,5020.741,9485.578,2000,4868.244,9571.071,2000,5100.745,9323.927,2000,5187.934
9298.672,2000,4935.075,9293.228,2000,5036.304,9199.862,2000,5115.464,9498.505,2000,5130.302,9373.361,2000,4986.447,9469.254,2000,5018.928,9586.122,2000,5019.843,9484.501,2000,4868.357,9571.91,2000,5101.43,9323.697,2000,5186.875
9299.753,2000,4935.145,9293.92,2000,5037.138,9200.438,2000,5116.382,9499.566,2000,5130.52,9373.517,2000,4985.375,9469.935,2000,5018.085,9586.698,2000,5018.926,9483.428,2000,4868.505,9572.75,2000,5102.115,9323.502,2000,5185.81
9300.836,2000,4935.18,9294.585,2000,5037.993,9201.042,2000,5117.281,9500.62,2000,5130.771,9373.707,2000,4984.308,9470.588,2000,5017.221,9587.244,2000,5017.99,9482.36,2000,4868.689,9573.59,2000,5102.799,9323.342,2000,5184.738
9301.919,2000,4935.18,9295.222,2000,5038.87,9201.676,2000,5118.159,9501.665,2000,5131.058,9373.932,2000,4983.249,9471.212,2000,5016.336,9587.759,2000,5017.037,9481.299,2000,4868.907,9574.431,2000,5103.482,9323.217,2000,5183.662
9303.002,2000,4935.144,9295.829,2000,5039.767,9202.338,2000,5119.017,9502.7,2000,5131.378,9374.191,2000,4982.197,9471.807,2000,5015.431,9588.242,2000,5016.067,9480.245,2000,4869.16,9575.272,2000,5104.164,9323.127,2000,5182.583
9304.083,2000,4935.072,9296.406,2000,5040.684,9203.027,2000,5119.852,9503.724,2000,5131.732,9374.485,2000,4981.154,9472.372,2000,5014.506,9588.693,2000,5015.082,9479.2,2000,4869.447,9576.115,2000,5104.844,9323.072,2000,5181.5
9305.161,2000,4934.966,9296.953,2000,5041.619,9203.744,2000,5120.665,9504.735,2000,5132.119,9374.813,2000,4980.121,9472.906,2000,5013.564,9589.112,2000,5014.083,9478.166,2000,4869.769,9576.96,2000,5105.523,9323.054,2000,5180.417
9306.235,2000,4934.824,9297.47,2000,5042.571,9204.487,2000,5121.453,9505.733,2000,5132.54,9375.175,2000,4979.1,9473.41,2000,5012.604,9589.498,2000,5013.071,9477.143,2000,4870.124,9577.806,2000,5106.2,9323.07,2000,5179.334
9307.304,2000,4934.647,9298.017,2000,5043.506,9205.256,2000,5122.217,9506.718,2000,5132.992,9375.569,2000,4978.091,9473.882,2000,5011.629,9589.851,2000,5012.046,9476.131,2000,4870.512,9578.653,2000,5106.875,9323.122,2000,5178.252
9308.366,2000,4934.435,9298.594,2000,5044.422,9206.049,2000,5122.955,9507.687,2000,5133.477,9375.997,2000,4977.095,9474.321,2000,5010.639,9590.17,2000,5011.011,9475.133,2000,4870.933,9579.502,2000,5107.547,9323.209,2000,5177.173
9309.421,2000,4934.188,9299.201,2000,5045.319,9206.865,2000,5123.667,9508.639,2000,5133.993,9376.457,2000,4976.114,9474.729,2000,5009.635,9590.455,2000,5009.966,9474.149,2000,4871.387,9580.353,2000,5108.218,9323.331,2000,5176.097
9310.467,2000,4933.908,9299.838,2000,5046.196,9207.705,2000,5124.352,9509.574,2000,5134.54,9376.948,2000,4975.149,9475.103,2000,5008.619,9590.706,2000,5008.912,9473.181,2000,4871.872,9581.206,2000,5108.885,9323.488,2000,5175.025
9311.503,2000,4933.593,9300.503,2000,5047.052,9208.566,2000,5125.008,9510.491,2000,5135.117,9377.471,2000,4974.2,9475.443,2000,5007.59,9590.922,2000,5007.85,9472.229,2000,4872.389,9582.08,2000,5109.525,9323.681,2000,5173.959
9312.528,2000,4933.244,9301.195,2000,5047.885,9209.449,2000,5125.637,9511.389,2000,5135.724,9378.024,2000,4973.269,9475.75,2000,5006.551,9591.103,2000,5006.782,9471.294,2000,4872.937,9582.975,2000,5110.135,9323.908,2000,5172.9
9313.542,2000,4932.862,9301.914,2000,5048.695,9210.352,2000,5126.236,9512.266,2000,5136.36,9378.608,2000,4972.356,9476.022,2000,5005.503,9591.248,2000,5005.709,9470.378,2000,4873.515,9583.889,2000,5110.716,9324.17,2000,5171.849
9314.543,2000,4932.447,9302.659,2000,5049.481,9211.273,2000,5126.805,9513.121,2000,5137.025,9379.222,2000,4971.463,9476.261,2000,5004.446,9591.358,2000,5004.631,9469.481,2000,4874.123,9584.821,2000,5111.267,9324.466,2000,5170.807
9315.529,2000,4932,9303.43,2000,5050.243,9212.213,2000,5127.344,9513.955,2000,5137.717,9379.864,2000,4970.591,9476.464,2000,5003.382,9591.434,2000,5003.551,9468.605,2000,4874.76,9585.771,2000,5111.787,9324.796,2000,5169.775
9316.501,2000,4931.52,9304.225,2000,5050.979,9213.17,2000,5127.852,9514.766,2000,5138.436,9380.534,2000,4969.74,9476.632,2000,5002.312,9591.474,2000,5002.468,9467.75,2000,4875.425,9586.738,2000,5112.275,9325.159,2000,5168.754
9317.456,2000,4931.009,9305.043,2000,5051.688,9214.143,2000,5128.328,9515.552,2000,5139.181,9381.232,2000,4968.911,9476.765,2000,5001.237,9591.479,2000,5001.385,9466.917,2000,4876.118,9587.721,2000,5112.732,9325.556,2000,5167.747
9318.394,2000,4930.467,9305.885,2000,5052.37,9215.131,2000,5128.771,9516.313,2000,5139.951,9381.957,2000,4968.106,9476.862,2000,5000.158,9591.447,2000,5000.302,9466.107,2000,4876.837,9588.718,2000,5113.156,9325.985,2000,5166.752
9319.313,2000,4929.895,9306.748,2000,5053.024,9216.133,2000,5129.183,9517.05,2000,5140.746,9382.708,2000,4967.325,9476.925,2000,4999.076,9591.381,2000,4999.22,9465.321,2000,4877.583,9589.728,2000,5113.547,9326.447,2000,5165.772
9320.214,2000,4929.292,9307.633,2000,5053.65,9217.147,2000,5129.562,9517.76,2000,5141.564,9383.483,2000,4966.568,9477.022,2000,4997.997,9591.279,2000,4998.142,9464.561,2000,4878.354,9590.75,2000,5113.905,9326.941,2000,5164.808
9321.094,2000,4928.661,9308.537,2000,5054.246,9218.175,2000,5129.907,9518.442,2000,5142.406,9384.283,2000,4965.838,9477.155,2000,4996.922,9591.143,2000,4997.067,9463.825,2000,4879.149,9591.783,2000,5114.229,9327.449,2000,5163.851
9321.953,2000,4928.001,9309.461,2000,5054.813,9219.213,2000,5130.218,9519.097,2000,5143.269,9385.106,2000,4965.134,9477.323,2000,4995.852,9590.971,2000,4995.997,9463.116,2000,4879.969,9592.827,2000,5114.52,9327.958,2000,5162.895
9322.79,2000,4927.314,9310.402,2000,5055.349,9220.26,2000,5130.496,9519.723,2000,5144.153,9385.952,2000,4964.458,9477.526,2000,4994.788,9590.764,2000,4994.934,9462.435,2000,4880.811,9593.88,2000,5114.776,9328.469,2000,5161.939
9323.604,2000,4926.599,9311.36,2000,5055.854,9221.315,2000,5130.738,9520.319,2000,5145.058,9386.82,2000,4963.809,9477.765,2000,4993.731,9590.522,2000,4993.877,9461.78,2000,4881.674,9594.94,2000,5114.998,9328.981,2000,5160.984
9324.395,2000,4925.858,9312.335,2000,5056.327,9222.379,2000,5130.946,9520.886,2000,5145.981,9387.709,2000,4963.189,9478.037,2000,4992.683,9590.246,2000,4992.83,9461.155,2000,4882.559,9596.008,2000,5115.185,9329.495,2000,5160.031
9325.16,2000,4925.092,9313.324,2000,5056.768,9223.448,2000,5131.12,9521.422,2000,5146.922,9388.617,2000,4962.599,9478.344,2000,4991.644,9589.937,2000,4991.792,9460.56,2000,4883.464,9597.08,2000,5115.336,9330.011,2000,5159.078
9325.9,2000,4924.301,9314.327,2000,5057.176,9224.522,2000,5131.258,9521.927,2000,5147.881,9389.544,2000,4962.039,9478.685,2000,4990.615,9589.593,2000,4990.765,9459.993,2000,4884.388,9598.157,2000,5115.453,9330.528,2000,5158.126
9326.614,2000,4923.486,9315.344,2000,5057.552,9225.601,2000,5131.361,9522.4,2000,5148.855,9390.489,2000,4961.509,9479.059,2000,4989.599,9589.216,2000,4989.749,9459.458,2000,4885.33,9599.237,2000,5115.534,9331.048,2000,5157.176
9327.301,2000,4922.648,9316.372,2000,5057.894,9226.682,2000,5131.428,9522.842,2000,5149.844,9391.451,2000,4961.011,9479.466,2000,4988.595,9588.806,2000,4988.747,9458.954,2000,4886.289,9600.319,2000,5115.58,9331.598,2000,5156.243
9327.96,2000,4921.788,9317.41,2000,5058.202,9227.765,2000,5131.46,9523.251,2000,5150.848,9392.429,2000,4960.544,9479.905,2000,4987.604,9588.362,2000,4987.758,9458.481,2000,4887.263,9601.402,2000,5115.59,9332.178,2000,5155.328
9328.591,2000,4920.907,9318.458,2000,5058.476,9228.848,2000,5131.457,9523.627,2000,5151.864,9393.421,2000,4960.109,9480.377,2000,4986.629,9587.888,2000,4986.784,9458.041,2000,4888.253,9602.485,2000,5115.565,9332.788,2000,5154.433
9329.192,2000,4920.006,9319.515,2000,5058.715,9229.931,2000,5131.418,9523.97,2000,5152.892,9394.427,2000,4959.708,9480.881,2000,4985.67,9587.381,2000,4985.827,9457.633,2000,4889.256,9603.567,2000,5115.505,9333.427,2000,5153.558
9329.764,2000,4919.086,9320.578,2000,5058.92,9231.012,2000,5131.344,9524.278,2000,5153.93,9395.445,2000,4959.339,9481.415,2000,4984.728,9586.843,2000,4984.886,9457.192,2000,4890.246,9604.646,2000,5115.409,9334.094,2000,5152.704
9330.305,2000,4918.147,9321.648,2000,5059.09,9232.09,2000,5131.235,9524.553,2000,5154.978,9396.476,2000,4959.004,9481.98,2000,4983.803,9586.274,2000,4983.964,9456.72,2000,4891.221,9605.722,2000,5115.278,9334.788,2000,5151.873
9330.815,2000,4917.192,9322.724,2000,5059.225,9233.163,2000,5131.09,9524.793,2000,5156.035,9397.517,2000,4958.703,9482.575,2000,4982.898,9585.677,2000,4983.061,9456.216,2000,4892.18,9606.792,2000,5115.112,9335.51,2000,5151.065
9331.294,2000,4916.22,9323.803,2000,5059.325,9234.231,2000,5130.911,9524.998,2000,5157.098,9398.566,2000,4958.436,9483.199,2000,4982.013,9585.05,2000,4982.177,9455.681,2000,4893.122,9607.856,2000,5114.911,9336.258,2000,5150.281
9331.74,2000,4915.233,9324.884,2000,5059.389,9235.293,2000,5130.696,9525.168,2000,5158.168,9399.624,2000,4958.203,9483.853,2000,4981.148,9584.394,2000,4981.315,9455.114,2000,4894.045,9608.914,2000,5114.675,9337.03,2000,5149.521
9332.154,2000,4914.232,9325.967,2000,5059.418,9236.348,2000,5130.447,9525.304,2000,5159.243,9400.689,2000,4958.005,9484.533,2000,4980.306,9583.71,2000,4980.475,9454.519,2000,4894.95,9609.963,2000,5114.405,9337.827,2000,5148.788
9332.535,2000,4913.218,9327.05,2000,5059.412,9237.394,2000,5130.163,9525.403,2000,5160.321,9401.761,2000,4957.843,9485.241,2000,4979.486,9583.054,2000,4979.612,9453.894,2000,4895.835,9611.003,2000,5114.1,9338.648,2000,5148.081
9332.883,2000,4912.192,9328.132,2000,5059.37,9238.43,2000,5129.845,9525.468,2000,5161.403,9402.837,2000,4957.715,9485.976,2000,4978.689,9582.427,2000,4978.729,9453.239,2000,4896.699,9612.032,2000,5113.762,9339.492,2000,5147.401
9333.197,2000,4911.156,9329.212,2000,5059.292,9239.454,2000,5129.494,9525.497,2000,5162.486,9403.916,2000,4957.623,9486.735,2000,4977.917,9581.829,2000,4977.826,9452.558,2000,4897.541,9613.05,2000,5113.39,9340.357,2000,5146.75
9333.478,2000,4910.109,9330.289,2000,5059.18,9240.467,2000,5129.109,9525.491,2000,5163.569,9404.998,2000,4957.566,9487.521,2000,4977.171,9581.261,2000,4976.903,9451.849,2000,4898.36,9614.055,2000,5112.985,9341.243,2000,5146.126
9333.723,2000,4909.054,9331.362,2000,5059.032,9241.467,2000,5128.691,9525.449,2000,5164.652,9406.081,2000,4957.544,9488.329,2000,4976.451,9580.723,2000,4975.963,9451.113,2000,4899.155,9615.046,2000,5112.547,9342.149,2000,5145.533
9333.934,2000,4907.992,9332.43,2000,5058.849,9242.452,2000,5128.241,9525.372,2000,5165.732,9407.164,2000,4957.558,9489.161,2000,4975.757,9580.216,2000,4975.005,9450.353,2000,4899.926,9616.022,2000,5112.078,9343.074,2000,5144.969
9334.109,2000,4906.923,9333.491,2000,5058.631,9243.422,2000,5127.759,9525.26,2000,5166.81,9408.246,2000,4957.607,9490.016,2000,4975.091,9579.741,2000,4974.032,9449.566,2000,4900.672,9616.982,2000,5111.576,9344.018,2000,5144.436
9334.25,2000,4905.849,9334.545,2000,5058.378,9244.389,2000,5127.271,9525.112,2000,5167.883,9409.326,2000,4957.692,9490.892,2000,4974.454,9579.298,2000,4973.043,9448.757,2000,4901.392,9617.926,2000,5111.043,9344.978,2000,5143.934
9334.355,2000,4904.771,9335.59,2000,5058.092,9245.355,2000,5126.782,9524.93,2000,5168.951,9410.403,2000,4957.812,9491.788,2000,4973.845,9578.888,2000,4972.041,9447.924,2000,4902.084,9618.852,2000,5110.48,9345.953,2000,5143.463
9334.426,2000,4903.689,9336.625,2000,5057.771,9246.322,2000,5126.294,9524.712,2000,5170.013,9411.476,2000,4957.967,9492.704,2000,4973.266,9578.511,2000,4971.025,9447.068,2000,4902.75,9619.758,2000,5109.887,9346.944,2000,5143.025
9334.461,2000,4902.606,9337.648,2000,5057.417,9247.289,2000,5125.805,9524.46,2000,5171.066,9412.542,2000,4958.157,9493.638,2000,4972.717,9578.167,2000,4969.998,9446.192,2000,4903.386,9620.645,2000,5109.265,9347.949,2000,5142.62
9334.461,2000,4901.523,9338.66,2000,5057.029,9248.256,2000,5125.317,9524.174,2000,5172.111,9413.602,2000,4958.382,9494.589,2000,4972.199,9577.857,2000,4968.959,9445.296,2000,4903.994,9621.511,2000,5108.613,9348.967,2000,5142.247
9334.425,2000,4900.44,9339.658,2000,5056.608,9249.223,2000,5124.829,9523.854,2000,5173.146,9414.653,2000,4958.642,9495.557,2000,4971.712,9577.581,2000,4967.912,9444.38,2000,4904.572,9622.354,2000,5107.934,9349.996,2000,5141.908
9334.354,2000,4899.359,9340.643,2000,5056.155,9250.189,2000,5124.34,9523.499,2000,5174.17,9415.696,2000,4958.936,9496.54,2000,4971.258,9577.34,2000,4966.856,9443.445,2000,4905.12,9623.176,2000,5107.228,9351.035,2000,5141.603
9334.317,2000,4898.277,9341.611,2000,5055.67,9251.156,2000,5123.852,9523.111,2000,5175.182,9416.729,2000,4959.263,9497.538,2000,4970.835,9577.133,2000,4965.792,9442.493,2000,4905.637,9623.974,2000,5106.495,9352.084,2000,5141.332
9334.317,2000,4897.193,9342.563,2000,5055.154,9252.123,2000,5123.364,9522.691,2000,5176.18,9417.75,2000,4959.625,9498.549,2000,4970.446,9576.961,2000,4964.723,9441.524,2000,4906.123,9624.747,2000,5105.736,9353.142,2000,5141.096
9334.353,2000,4896.11,9343.498,2000,5054.606,9253.09,2000,5122.875,9522.238,2000,5177.165,9418.759,2000,4960.019,9499.572,2000,4970.09,9576.824,2000,4963.648,9440.541,2000,4906.576,9625.495,2000,5104.952,9354.206,2000,5140.894
9334.423,2000,4895.029,9344.414,2000,5054.029,9254.057,2000,5122.387,9521.754,2000,5178.133,9419.754,2000,4960.446,9500.606,2000,4969.768,9576.723,2000,4962.569,9439.543,2000,4906.998,9626.217,2000,5104.145,9355.276,2000,5140.727
9334.528,2000,4893.951,9345.312,2000,5053.421,9255.023,2000,5121.899,9521.238,2000,5179.086,9420.735,2000,4960.906,9501.65,2000,4969.48,9576.656,2000,4961.488,9438.531,2000,4907.386,9626.912,2000,5103.314,9356.352,2000,5140.595
9334.669,2000,4892.877,9346.188,2000,5052.785,9255.99,2000,5121.411,9520.691,2000,5180.021,9421.701,2000,4961.397,9502.703,2000,4969.226,9576.625,2000,4960.405,9437.508,2000,4907.741,9627.58,2000,5102.461,9357.431,2000,5140.499
9334.845,2000,4891.808,9347.044,2000,5052.121,9256.957,2000,5120.922,9520.114,2000,5180.938,9422.65,2000,4961.92,9503.764,2000,4969.007,9576.63,2000,4959.321,9436.474,2000,4908.062,9628.22,2000,5101.586,9358.513,2000,5140.438
9335.056,2000,4890.746,9347.877,2000,5051.428,9257.924,2000,5120.434,9519.507,2000,5181.835,9423.582,2000,4962.474,9504.831,2000,4968.822,9576.67,2000,4958.239,9435.429,2000,4908.349,9628.83,2000,5100.691,9359.596,2000,5140.412
9335.301,2000,4889.69,9348.688,2000,5050.709,9258.891,2000,5119.946,9518.871,2000,5182.712,9424.494,2000,4963.058,9505.904,2000,4968.673,9576.745,2000,4957.158,9434.375,2000,4908.602,9629.411,2000,5099.777,9360.679,2000,5140.421
9335.581,2000,4888.644,9349.474,2000,5049.964,9259.857,2000,5119.458,9518.207,2000,5183.567,9425.387,2000,4963.671,9506.981,2000,4968.559,9576.855,2000,4956.081,9433.313,2000,4908.82,9629.962,2000,5098.844,9361.761,2000,5140.467
9335.826,2000,4887.589,9350.235,2000,5049.193,9260.824,2000,5118.969,9517.515,2000,5184.401,9426.259,2000,4964.313,9508.062,2000,4968.479,9577.001,2000,4955.007,9432.246,2000,4909.004,9630.481,2000,5097.893,9362.841,2000,5140.547
9336.037,2000,4886.526,9350.971,2000,5048.398,9261.791,2000,5118.481,9516.796,2000,5185.211,9427.109,2000,4964.984,9509.144,2000,4968.436,9577.182,2000,4953.939,9431.173,2000,4909.152,9630.97,2000,5096.926,9363.918,2000,5140.663
9336.213,2000,4885.458,9351.68,2000,5047.58,9262.759,2000,5117.993,9516.051,2000,5185.998,9427.938,2000,4965.682,9510.227,2000,4968.428,9577.397,2000,4952.878,9430.096,2000,4909.266,9631.427,2000,5095.944,9364.99,2000,5140.814
9336.354,2000,4884.383,9352.362,2000,5046.738,9263.726,2000,5117.505,9515.28,2000,5186.76,9428.743,2000,4966.406,9511.31,2000,4968.455,9577.648,2000,4951.824,9429.016,2000,4909.344,9631.851,2000,5094.947,9366.058,2000,5141
9336.459,2000,4883.305,9353.017,2000,5045.875,9264.693,2000,5117.017,9514.485,2000,5187.496,9429.524,2000,4967.157,9512.391,2000,4968.518,9577.934,2000,4950.778,9427.934,2000,4909.386,9632.242,2000,5093.937,9367.118,2000,5141.221
9336.529,2000,4882.224,9353.643,2000,5044.99,9265.66,2000,5116.529,9513.667,2000,5188.205,9430.28,2000,4967.933,9513.47,2000,4968.616,9578.253,2000,4949.743,9426.851,2000,4909.394,9632.601,2000,5092.914,9368.171,2000,5141.476
9336.564,2000,4881.141,9354.239,2000,5044.086,9266.627,2000,5116.041,9512.825,2000,5188.888,9431.011,2000,4968.733,9514.545,2000,4968.749,9578.605,2000,4948.719,9425.768,2000,4909.365,9632.925,2000,5091.88,9369.215,2000,5141.766
9336.564,2000,4880.058,9354.806,2000,5043.163,9267.594,2000,5115.552,9511.962,2000,5189.542,9431.715,2000,4969.557,9515.615,2000,4968.917,9578.991,2000,4947.707,9424.687,2000,4909.301,9633.215,2000,5090.837,9370.249,2000,5142.089
9336.528,2000,4878.975,9355.402,2000,5042.258,9268.561,2000,5115.064,9511.078,2000,5190.168,9432.392,2000,4970.403,9516.68,2000,4969.121,9579.41,2000,4946.708,9423.607,2000,4909.202,9633.471,2000,5089.784,9371.293,2000,5142.379
9336.457,2000,4877.894,9356.028,2000,5041.374,9269.527,2000,5114.576,9510.174,2000,5190.765,9433.04,2000,4971.271,9517.736,2000,4969.358,9579.861,2000,4945.723,9422.532,2000,4909.068,9633.692,2000,5088.724,9372.346,2000,5142.634
9336.351,2000,4876.816,9356.683,2000,5040.511,9270.494,2000,5114.087,9509.251,2000,5191.332,9433.66,2000,4972.159,9518.785,2000,4969.631,9580.345,2000,4944.753,9421.462,2000,4908.898,9633.879,2000,5087.657,9373.406,2000,5142.855
9336.209,2000,4875.742,9357.365,2000,5039.669,9271.461,2000,5113.598,9508.31,2000,5191.868,9434.25,2000,4973.067,9519.824,2000,4969.938,9580.859,2000,4943.8,9420.398,2000,4908.694,9634.03,2000,5086.584,9374.474,2000,5143.041
9336.032,2000,4874.673,9358.074,2000,5038.85,9272.428,2000,5113.109,9507.352,2000,5192.374,9434.811,2000,4973.995,9520.853,2000,4970.278,9581.405,2000,4942.864,9419.342,2000,4908.455,9634.146,2000,5085.507,9375.546,2000,5143.192
9335.82,2000,4873.61,9358.81,2000,5038.055,9273.395,2000,5112.62,9506.377,2000,5192.847,9435.34,2000,4974.939,9521.869,2000,4970.652,9581.981,2000,4941.946,9418.294,2000,4908.181,9634.228,2000,5084.427,9376.623,2000,5143.308
9335.574,2000,4872.556,9359.519,2000,5037.236,9274.361,2000,5112.131,9505.388,2000,5193.289,9435.838,2000,4975.901,9522.873,2000,4971.059,9582.587,2000,4941.048,9417.255,2000,4907.874,9634.273,2000,5083.344,9377.703,2000,5143.388
9335.293,2000,4871.509,9360.201,2000,5036.395,9275.328,2000,5111.642,9504.385,2000,5193.697,9436.305,2000,4976.879,9523.863,2000,4971.499,9583.222,2000,4940.17,9416.227,2000,4907.532,9634.284,2000,5082.261,9378.785,2000,5143.434
9334.979,2000,4870.473,9360.855,2000,5035.531,9276.295,2000,5111.152,9503.369,2000,5194.073,9436.739,2000,4977.871,9524.839,2000,4971.97,9583.885,2000,4939.314,9415.21,2000,4907.157,9634.259,2000,5081.178,9379.868,2000,5143.443
9334.63,2000,4869.447,9361.481,2000,5034.647,9277.262,2000,5110.663,9502.342,2000,5194.416,9437.141,2000,4978.877,9525.798,2000,4972.474,9584.575,2000,4938.479,9414.206,2000,4906.749,9634.198,2000,5080.096,9380.951,2000,5143.417
9334.248,2000,4868.433,9362.078,2000,5033.743,9278.228,2000,5110.172,9501.304,2000,5194.724,9437.509,2000,4979.896,9526.74,2000,4973.008,9585.293,2000,4937.668,9413.217,2000,4906.309,9634.103,2000,5079.017,9382.033,2000,5143.356
9333.833,2000,4867.433,9362.645,2000,5032.819,9279.193,2000,5109.682,9500.256,2000,5194.999,9437.844,2000,4980.926,9527.664,2000,4973.573,9586.037,2000,4936.88,9412.242,2000,4905.836,9633.972,2000,5077.942,9383.112,2000,5143.26
9333.386,2000,4866.446,9363.181,2000,5031.878,9280.159,2000,5109.19,9499.199,2000,5195.239,9438.178,2000,4981.957,9528.569,2000,4974.168,9586.807,2000,4936.118,9411.283,2000,4905.332,9633.806,2000,5076.872,9384.188,2000,5143.128
9332.906,2000,4865.475,9363.686,2000,5030.919,9281.124,2000,5108.699,9498.136,2000,5195.444,9438.537,2000,4982.979,9529.455,2000,4974.793,9587.601,2000,4935.38,9410.342,2000,4904.796,9633.604,2000,5075.807,9385.258,2000,5142.961
9332.396,2000,4864.52,9364.159,2000,5029.945,9282.089,2000,5108.207,9497.065,2000,5195.614,9438.92,2000,4983.992,9530.319,2000,4975.446,9588.418,2000,4934.669,9409.418,2000,4904.23,9633.368,2000,5074.75,9386.322,2000,5142.759
9331.854,2000,4863.582,9364.601,2000,5028.956,9283.054,2000,5107.713,9495.99,2000,5195.75,9439.322,2000,4984.998,9531.162,2000,4976.126,9589.259,2000,4933.986,9408.514,2000,4903.634,9633.098,2000,5073.701,9387.38,2000,5142.523
9331.281,2000,4862.662,9365.009,2000,5027.952,9284.018,2000,5107.22,9494.911,2000,5195.85,9439.742,2000,4985.997,9531.982,2000,4976.834,9590.121,2000,4933.33,9407.629,2000,4903.009,9632.793,2000,5072.662,9388.429,2000,5142.252
9330.679,2000,4861.761,9365.384,2000,5026.936,9284.981,2000,5106.726,9493.83,2000,5195.915,9440.178,2000,4986.989,9532.778,2000,4977.569,9590.988,2000,4932.681,9406.765,2000,4902.355,9632.455,2000,5071.632,9389.468,2000,5141.947
9330.047,2000,4860.881,9365.726,2000,5025.908,9285.945,2000,5106.23,9492.747,2000,5195.944,9440.626,2000,4987.975,9533.55,2000,4978.329,9591.846,2000,4932.02,9405.923,2000,4901.674,9632.083,2000,5070.615,9390.497,2000,5141.608
9329.387,2000,4860.021,9366.034,2000,5024.87,9286.908,2000,5105.734,9491.664,2000,5195.938,9441.084,2000,4988.957,9534.296,2000,4979.114,9592.694,2000,4931.346,9405.104,2000,4900.965,9631.678,2000,5069.61,9391.515,2000,5141.235
9328.699,2000,4859.185,9366.309,2000,5023.822,9287.871,2000,5105.237,9490.581,2000,5195.896,9441.551,2000,4989.934,9535.017,2000,4979.923,9593.533,2000,4930.66,9404.308,2000,4900.229,9631.24,2000,5068.619,9392.52,2000,5140.83
9327.984,2000,4858.371,9366.548,2000,5022.765,9288.833,2000,5104.739,9489.5,2000,5195.819,9442.024,2000,4990.909,9535.71,2000,4980.755,9594.362,2000,4929.962,9403.536,2000,4899.469,9630.771,2000,5067.643,9393.511,2000,5140.392
9327.243,2000,4857.58,9366.753,2000,5021.701,9289.795,2000,5104.241,9488.423,2000,5195.707,9442.503,2000,4991.881,9536.376,2000,4981.61,9595.182,2000,4929.253,9402.79,2000,4898.683,9630.269,2000,5066.682,9394.486,2000,5139.921
9326.477,2000,4856.814,9366.923,2000,5020.631,9290.756,2000,5103.741,9487.35,2000,5195.559,9443.013,2000,4992.837,9537.014,2000,4982.486,9595.991,2000,4928.533,9402.07,2000,4897.874,9629.736,2000,5065.739,9395.446,2000,5139.419
9325.686,2000,4856.074,9367.058,2000,5019.557,9291.717,2000,5103.24,9486.282,2000,5195.376,9443.554,2000,4993.776,9537.622,2000,4983.382,9596.791,2000,4927.801,9401.378,2000,4897.041,9629.173,2000,5064.813,9396.39,2000,5138.886
9324.871,2000,4855.36,9367.157,2000,5018.478,9292.677,2000,5102.738,9485.221,2000,5195.159,9444.125,2000,4994.696,9538.201,2000,4984.297,9597.581,2000,4927.06,9400.713,2000,4896.186,9628.58,2000,5063.907,9397.314,2000,5138.322
9324.033,2000,4854.673,9367.222,2000,5017.396,9293.636,2000,5102.235,9484.167,2000,5194.907,9444.726,2000,4995.598,9538.75,2000,4985.231,9598.361,2000,4926.308,9400.076,2000,4895.309,9627.958,2000,5063.021,9398.221,2000,5137.729
9323.174,2000,4854.014,9367.251,2000,5016.313,9294.595,2000,5101.73,9483.122,2000,5194.621,9445.355,2000,4996.479,9539.268,2000,4986.183,9599.132,2000,4925.546,9399.469,2000,4894.412,9627.307,2000,5062.155,9399.106,2000,5137.105
9322.293,2000,4853.383,9367.244,2000,5015.23,9295.553,2000,5101.225,9482.087,2000,5194.301,9446.014,2000,4997.339,9539.754,2000,4987.151,9599.893,2000,4924.775,9398.891,2000,4893.496,9626.628,2000,5061.311,9399.972,2000,5136.454
9321.392,2000,4852.782,9367.202,2000,5014.147,9296.511,2000,5100.718,9481.063,2000,5193.947,9446.7,2000,4998.178,9540.23,2000,4988.124,9600.645,2000,4923.995,9398.343,2000,4892.562,9625.922,2000,5060.49,9400.815,2000,5135.774
9320.472,2000,4852.21,9367.125,2000,5013.067,9297.468,2000,5100.21,9480.028,2000,5193.626,9447.414,2000,4998.993,9540.713,2000,4989.094,9601.388,2000,4923.207,9397.826,2000,4891.609,9625.188,2000,5059.692,9401.637,2000,5135.067
9319.533,2000,4851.668,9367.013,2000,5011.989,9298.424,2000,5099.701,9478.983,2000,5193.34,9448.153,2000,4999.785,9541.2,2000,4990.062,9602.121,2000,4922.41,9397.341,2000,4890.641,9624.43,2000,5058.918,9402.434,2000,5134.333
9318.577,2000,4851.158,9366.865,2000,5010.916,9299.379,2000,5099.191,9477.93,2000,5193.088,9448.919,2000,5000.551,9541.691,2000,4991.027,9602.846,2000,4921.604,9396.888,2000,4889.657,9623.646,2000,5058.17,9403.206,2000,5133.574
9317.605,2000,4850.68,9366.683,2000,5009.848,9300.334,2000,5098.679,9476.868,2000,5192.871,9449.709,2000,5001.292,9542.188,2000,4991.99,9603.562,2000,4920.792,9396.467,2000,4888.659,9622.839,2000,5057.448,9403.954,2000,5132.79
9316.63,2000,4850.209,9366.465,2000,5008.787,9301.288,2000,5098.166,9475.801,2000,5192.688,9450.522,2000,5002.008,9542.688,2000,4992.951,9604.269,2000,4919.971,9396.078,2000,4887.648,9622.008,2000,5056.753,9404.676,2000,5131.982
9315.65,2000,4849.748,9366.213,2000,5007.733,9302.241,2000,5097.652,9474.728,2000,5192.541,9451.313,2000,5002.749,9543.191,2000,4993.91,9604.967,2000,4919.143,9395.724,2000,4886.625,9621.154,2000,5056.085,9405.37,2000,5131.151
9314.666,2000,4849.294,9365.926,2000,5006.688,9303.194,2000,5097.136,9473.65,2000,5192.429,9452.078,2000,5003.516,9543.664,2000,4994.885,9605.657,2000,4918.308,9395.402,2000,4885.59,9620.28,2000,5055.446,9406.037,2000,5130.297
9313.678,2000,4848.85,9365.605,2000,5005.654,9304.146,2000,5096.62,9472.569,2000,5192.352,9452.817,2000,5004.307,9544.104,2000,4995.875,9606.339,2000,4917.466,9395.115,2000,4884.545,9619.386,2000,5054.835,9406.676,2000,5129.422
9312.686,2000,4848.415,9365.251,2000,5004.63,9305.098,2000,5096.102,9471.486,2000,5192.31,9453.531,2000,5005.123,9544.577,2000,4996.85,9606.992,2000,4916.603,9394.862,2000,4883.492,9618.472,2000,5054.254,9407.286,2000,5128.527
9311.689,2000,4847.99,9364.863,2000,5003.618,9306.049,2000,5095.583,9470.403,2000,5192.304,9454.218,2000,5005.961,9545.081,2000,4997.809,9607.617,2000,4915.718,9394.644,2000,4882.431,9617.539,2000,5053.704,9407.866,2000,5127.612
9310.688,2000,4847.574,9364.442,2000,5002.62,9306.999,2000,5095.062,9469.32,2000,5192.333,9454.876,2000,5006.821,9545.616,2000,4998.751,9608.213,2000,4914.813,9394.46,2000,4881.363,9616.589,2000,5053.184,9408.416,2000,5126.679
9309.684,2000,4847.169,9363.989,2000,5001.636,9307.948,2000,5094.541,9468.239,2000,5192.398,9455.506,2000,5007.703,9546.182,2000,4999.675,9608.778,2000,4913.889,9394.312,2000,4880.29,9615.622,2000,5052.695,9408.936,2000,5125.729
9308.675,2000,4846.774,9363.504,2000,5000.667,9308.897,2000,5094.018,9467.16,2000,5192.498,9456.106,2000,5008.604,9546.777,2000,5000.58,9609.313,2000,4912.947,9394.198,2000,4879.212,9614.64,2000,5052.239,9409.424,2000,5124.761
9307.662,2000,4846.39,9362.987,2000,4999.715,9309.846,2000,5093.494,9466.085,2000,5192.633,9456.678,2000,5009.524,9547.402,2000,5001.464,9609.817,2000,4911.988,9394.12,2000,4878.132,9613.643,2000,5051.814,9409.88,2000,5123.778
9306.646,2000,4846.016,9362.44,2000,4998.78,9310.793,2000,5092.969,9465.015,2000,5192.804,9457.219,2000,5010.463,9548.056,2000,5002.329,9610.29,2000,4911.014,9394.077,2000,4877.049,9612.633,2000,5051.423,9410.304,2000,5122.781
9305.625,2000,4845.654,9361.863,2000,4997.863,9311.74,2000,5092.443,9463.951,2000,5193.009,9457.729,2000,5011.419,9548.737,2000,5003.171,9610.73,2000,4910.024,9394.07,2000,4875.966,9611.61,2000,5051.065,9410.694,2000,5121.771
9304.601,2000,4845.303,9361.256,2000,4996.966,9312.687,2000,5091.917,9462.895,2000,5193.249,9458.207,2000,5012.392,9549.446,2000,5003.99,9611.139,2000,4909.021,9394.099,2000,4874.883,9610.577,2000,5050.741,9411.052,2000,5120.749
9303.572,2000,4844.963,9360.619,2000,4996.089,9313.633,2000,5091.389,9461.847,2000,5193.523,9458.653,2000,5013.379,9550.182,2000,5004.786,9611.514,2000,4908.004,9394.162,2000,4873.801,9609.533,2000,5050.451,9411.376,2000,5119.715
9302.54,2000,4844.634,9359.954,2000,4995.234,9314.578,2000,5090.859,9460.809,2000,5193.832,9459.066,2000,5014.38,9550.942,2000,5005.558,9611.855,2000,4906.976,9394.261,2000,4872.723,9608.48,2000,5050.194,9411.666,2000,5118.671
9301.504,2000,4844.317,9359.317,2000,4994.357,9315.506,2000,5090.3,9459.781,2000,5194.174,9459.447,2000,5015.395,9551.728,2000,5006.304,9612.163,2000,4905.937,9394.396,2000,4871.647,9607.42,2000,5049.973,9411.922,2000,5117.618
9300.465,2000,4844.011,9358.71,2000,4993.46,9316.415,2000,5089.71,9458.766,2000,5194.55,9459.794,2000,5016.421,9552.537,2000,5007.023,9612.437,2000,4904.889,9394.565,2000,4870.578,9606.353,2000,5049.786,9412.143,2000,5116.558
9299.422,2000,4843.717,9358.133,2000,4992.543,9317.304,2000,5089.091,9457.763,2000,5194.959,9460.107,2000,5017.458,9553.37,2000,5007.716,9612.676,2000,4903.832,9394.77,2000,4869.514,9605.28,2000,5049.634,9412.398,2000,5115.505
9298.376,2000,4843.434,9357.586,2000,4991.608,9318.172,2000,5088.443,9456.773,2000,5195.4,9460.387,2000,5018.505,9554.225,2000,5008.382,9612.88,2000,4902.768,9395.009,2000,4868.457,9604.203,2000,5049.518,9412.688,2000,5114.461
9297.327,2000,4843.163,9357.069,2000,4990.656,9319.019,2000,5087.767,9455.799,2000,5195.874,9460.632,2000,5019.56,9555.101,2000,5009.019,9613.049,2000,4901.698,9395.282,2000,4867.409,9603.123,2000,5049.437,9413.013,2000,5113.427
9296.271,2000,4842.925,9356.584,2000,4989.688,9319.843,2000,5087.064,9454.841,2000,5196.379,9460.842,2000,5020.623,9555.997,2000,5009.627,9613.183,2000,4900.623,9395.59,2000,4866.37,9602.041,2000,5049.391,9413.37,2000,5112.405
9295.206,2000,4842.723,9356.131,2000,4988.704,9320.644,2000,5086.334,9453.899,2000,5196.916,9461.018,2000,5021.691,9556.913,2000,5010.206,9613.281,2000,4899.544,9395.932,2000,4865.342,9600.958,2000,5049.38,9413.761,2000,5111.395
9294.136,2000,4842.555,9355.71,2000,4987.705,9321.42,2000,5085.578,9452.977,2000,5197.482,9461.158,2000,5022.766,9557.848,2000,5010.754,9613.345,2000,4898.463,9396.307,2000,4864.325,9599.875,2000,5049.405,9414.185,2000,5110.397
9293.061,2000,4842.423,9355.322,2000,4986.693,9322.171,2000,5084.797,9452.072,2000,5198.079,9461.264,2000,5023.844,9558.8,2000,5011.271,9613.373,2000,4897.38,9396.715,2000,4863.322,9598.793,2000,5049.466,9414.641,2000,5109.415
9291.981,2000,4842.326,9354.968,2000,4985.669,9322.896,2000,5083.993,9451.188,2000,5198.705,9461.333,2000,5024.925,9559.768,2000,5011.757,9613.366,2000,4896.296,9397.155,2000,4862.332,9597.714,2000,5049.562,9415.129,2000,5108.447
9290.899,2000,4842.264,9354.647,2000,4984.635,9323.595,2000,5083.165,9450.325,2000,5199.36,9461.367,2000,5026.008,9560.751,2000,5012.211,9613.323,2000,4895.214,9397.628,2000,4861.357,9596.639,2000,5049.692,9415.648,2000,5107.497
9289.816,2000,4842.238,9354.36,2000,4983.59,9324.266,2000,5082.314,9449.483,2000,5200.042,9461.437,2000,5027.089,9561.749,2000,5012.632,9613.245,2000,4894.133,9398.132,2000,4860.398,9595.568,2000,5049.858,9416.198,2000,5106.563
9288.733,2000,4842.247,9354.108,2000,4982.536,9324.908,2000,5081.442,9448.665,2000,5200.752,9461.542,2000,5028.167,9562.76,2000,5013.021,9613.132,2000,4893.056,9398.667,2000,4859.457,9594.504,2000,5050.06,9416.778,2000,5105.649
9287.651,2000,4842.292,9353.891,2000,4981.475,9325.522,2000,5080.549,9447.823,2000,5201.435,9461.683,2000,5029.241,9563.783,2000,5013.376,9612.983,2000,4891.983,9399.233,2000,4858.533,9593.446,2000,5050.295,9417.389,2000,5104.753
9286.571,2000,4842.372,9353.708,2000,4980.407,9326.106,2000,5079.637,9446.96,2000,5202.089,9461.858,2000,5030.31,9564.817,2000,5013.698,9612.8,2000,4890.915,9399.829,2000,4857.628,9592.397,2000,5050.566,9418.027,2000,5103.878
9285.494,2000,4842.487,9353.561,2000,4979.334,9326.66,2000,5078.707,9446.076,2000,5202.715,9462.068,2000,5031.373,9565.862,2000,5013.986,9612.581,2000,4889.854,9400.454,2000,4856.743,9591.357,2000,5050.871,9418.694,2000,5103.025
9284.421,2000,4842.637,9353.448,2000,4978.256,9327.184,2000,5077.758,9445.172,2000,5203.312,9462.313,2000,5032.428,9566.916,2000,5014.239,9612.328,2000,4888.801,9401.108,2000,4855.879,9590.328,2000,5051.209,9419.389,2000,5102.194
9283.354,2000,4842.823,9353.371,2000,4977.176,9327.676,2000,5076.792,9444.249,2000,5203.879,9462.593,2000,5033.475,9567.977,2000,5014.458,9612.041,2000,4887.756,9401.79,2000,4855.038,9589.311,2000,5051.581,9420.11,2000,5101.386
9282.293,2000,4843.043,9353.329,2000,4976.093,9328.136,2000,5075.812,9443.308,2000,5204.415,9462.906,2000,5034.512,9569.044,2000,5014.642,9611.72,2000,4886.722,9402.499,2000,4854.218,9588.306,2000,5051.986,9420.858,2000,5100.602
9281.24,2000,4843.298,9353.322,2000,4975.01,9328.563,2000,5074.816,9442.35,2000,5204.92,9463.253,2000,5035.538,9570.117,2000,5014.791,9611.364,2000,4885.698,9403.234,2000,4853.423,9587.314,2000,5052.423,9421.631,2000,5099.842
9280.196,2000,4843.587,9353.352,2000,4973.927,9328.959,2000,5073.808,9441.375,2000,5205.394,9463.634,2000,5036.552,9571.194,2000,5014.905,9610.976,2000,4884.687,9403.995,2000,4852.652,9586.338,2000,5052.893,9422.428,2000,5099.109
9279.162,2000,4843.91,9353.416,2000,4972.845,9329.321,2000,5072.787,9440.386,2000,5205.835,9464.047,2000,5037.554,9572.274,2000,5014.983,9610.555,2000,4883.689,9404.781,2000,4851.906,9585.378,2000,5053.395,9423.249,2000,5098.402
9278.14,2000,4844.267,9353.516,2000,4971.767,9329.649,2000,5071.754,9439.383,2000,5206.244,9464.493,2000,5038.541,9573.356,2000,5015.026,9610.101,2000,4882.705,9405.591,2000,4851.187,9584.435,2000,5053.927,9424.093,2000,5097.722
9277.129,2000,4844.657,9353.65,2000,4970.692,9329.943,2000,5070.712,9438.367,2000,5206.62,9464.972,2000,5039.513,9574.439,2000,5015.033,9609.615,2000,4881.737,9406.424,2000,4850.494,9583.509,2000,5054.49,9424.958,2000,5097.07
9276.132,2000,4845.08,9353.82,2000,4969.622,9330.203,2000,5069.66,9437.34,2000,5206.962,9465.481,2000,5040.469,9575.522,2000,5015.005,9609.099,2000,4880.785,9407.279,2000,4849.829,9582.603,2000,5055.083,9425.844,2000,5096.447
9275.148,2000,4845.536,9354.025,2000,4968.558,9330.429,2000,5068.601,9436.302,2000,5207.271,9466.022,2000,5041.408,9576.604,2000,5014.942,9608.551,2000,4879.85,9408.155,2000,4849.192,9581.716,2000,5055.706,9426.75,2000,5095.854
9274.181,2000,4846.023,9354.265,2000,4967.501,9330.688,2000,5067.549,9435.254,2000,5207.545,9466.594,2000,5042.329,9577.683,2000,5014.843,9607.973,2000,4878.934,9409.052,2000,4848.584,9580.85,2000,5056.357,9427.675,2000,5095.29
9273.229,2000,4846.542,9354.539,2000,4966.454,9330.982,2000,5066.506,9434.197,2000,5207.786,9467.194,2000,5043.23,9578.758,2000,5014.709,9607.365,2000,4878.038,9409.968,2000,4848.006,9580.006,2000,5057.037,9428.618,2000,5094.756
9272.296,2000,4847.091,9354.848,2000,4965.415,9331.311,2000,5065.474,9433.134,2000,5207.991,9467.824,2000,5044.111,9579.828,2000,5014.541,9606.729,2000,4877.161,9410.902,2000,4847.458,9579.185,2000,5057.743,9429.578,2000,5094.254
9271.381,2000,4847.67,9355.189,2000,4964.387,9331.673,2000,5064.453,9432.063,2000,5208.161,9468.482,2000,5044.972,9580.892,2000,5014.336,9606.063,2000,4876.306,9411.854,2000,4846.941,9578.387,2000,5058.476,9430.554,2000,5093.784
9270.485,2000,4848.28,9355.564,2000,4963.371,9332.068,2000,5063.444,9430.988,2000,5208.296,9469.169,2000,5045.81,9581.948,2000,5014.098,9605.371,2000,4875.473,9412.823,2000,4846.456,9577.613,2000,5059.235,9431.545,2000,5093.346
9269.61,2000,4848.918,9355.973,2000,4962.368,9332.496,2000,5062.449,9429.909,2000,5208.396,9469.883,2000,5046.625,9582.997,2000,5013.825,9604.651,2000,4874.664,9413.807,2000,4846.002,9576.865,2000,5060.019,9432.55,2000,5092.94
9268.757,2000,4849.584,9356.414,2000,4961.378,9332.956,2000,5061.468,9428.828,2000,5208.461,9470.622,2000,5047.417,9584.036,2000,5013.518,9603.905,2000,4873.878,9414.805,2000,4845.581,9576.144,2000,5060.826,9433.567,2000,5092.568
9267.925,2000,4850.279,9356.888,2000,4960.404,9333.448,2000,5060.503,9427.745,2000,5208.491,9471.388,2000,5048.184,9585.064,2000,5013.176,9603.134,2000,4873.117,9415.816,2000,4845.192,9575.448,2000,5061.657,9434.597,2000,5092.229
9267.116,2000,4851,9357.393,2000,4959.445,9333.972,2000,5059.554,9426.662,2000,5208.484,9472.178,2000,5048.925,9586.081,2000,5012.802,9602.338,2000,4872.382,9416.84,2000,4844.837,9574.78,2000,5062.51,9435.636,2000,5091.924
9266.332,2000,4851.747,9357.929,2000,4958.504,9334.525,2000,5058.624,9425.579,2000,5208.443,9472.991,2000,5049.64,9587.085,2000,5012.394,9601.519,2000,4871.673,9417.874,2000,4844.516,9574.141,2000,5063.384,9436.685,2000,5091.653
9265.572,2000,4852.52,9358.495,2000,4957.581,9335.109,2000,5057.711,9424.498,2000,5208.366,9473.828,2000,5050.328,9588.075,2000,5011.954,9600.677,2000,4870.991,9418.919,2000,4844.229,9573.53,2000,5064.279,9437.742,2000,5091.417
9264.839,2000,4853.316,9359.092,2000,4956.676,9335.724,2000,5056.819,9423.421,2000,5208.253,9474.687,2000,5050.988,9589.05,2000,5011.481,9599.813,2000,4870.337,9419.973,2000,4843.976,9572.949,2000,5065.194,9438.807,2000,5091.215
9264.132,2000,4854.137,9359.718,2000,4955.792,9336.366,2000,5055.947,9422.348,2000,5208.106,9475.566,2000,5051.62,9590.009,2000,5010.978,9598.928,2000,4869.712,9421.034,2000,4843.758,9572.398,2000,5066.127,9439.877,2000,5091.048
9263.451,2000,4854.98,9360.372,2000,4954.929,9337.037,2000,5055.096,9421.28,2000,5207.923,9476.467,2000,5052.223,9590.951,2000,5010.442,9598.023,2000,4869.117,9422.102,2000,4843.574,9571.879,2000,5067.078,9440.952,2000,5090.916
9262.799,2000,4855.845,9361.055,2000,4954.087,9337.735,2000,5054.268,9420.219,2000,5207.706,9477.386,2000,5052.796,9591.875,2000,5009.877,9597.1,2000,4868.551,9423.175,2000,4843.426,9571.391,2000,5068.044,9442.031,2000,5090.819
9262.175,2000,4856.73,9361.764,2000,4953.268,9338.461,2000,5053.463,9419.165,2000,5207.454,9478.323,2000,5053.339,9592.78,2000,5009.281,9596.158,2000,4868.016,9424.252,2000,4843.313,9570.934,2000,5069.027,9443.113,2000,5090.758
9261.58,2000,4857.636,9362.499,2000,4952.473,9339.212,2000,5052.683,9418.12,2000,5207.168,9479.278,2000,5053.851,9593.665,2000,5008.656,9595.199,2000,4867.511,9425.332,2000,4843.234,9570.51,2000,5070.024,9444.196,2000,5090.732
9261.016,2000,4858.561,9363.261,2000,4951.703,9339.988,2000,5051.927,9417.085,2000,5206.848,9480.249,2000,5054.331,9594.529,2000,5008.003,9594.225,2000,4867.039,9426.414,2000,4843.192,9570.118,2000,5071.034,9445.279,2000,5090.742
9260.481,2000,4859.504,9364.047,2000,4950.958,9340.789,2000,5051.197,9416.062,2000,5206.494,9481.235,2000,5054.779,9595.371,2000,5007.321,9593.235,2000,4866.598,9427.497,2000,4843.185,9569.76,2000,5072.057,9446.361,2000,5090.788
9259.979,2000,4860.463,9364.857,2000,4950.238,9341.613,2000,5050.494,9415.05,2000,5206.106,9482.235,2000,5055.194,9596.19,2000,5006.613,9592.231,2000,4866.19,9428.58,2000,4843.213,9569.436,2000,5073.09,9447.441,2000,5090.868
9259.508,2000,4861.439,9365.69,2000,4949.546,9342.46,2000,5049.818,9414.052,2000,5205.686,9483.249,2000,5055.577,9596.986,2000,5005.878,9591.215,2000,4865.815,9429.661,2000,4843.277,9569.146,2000,5074.134,9448.519,2000,5090.984
9259.069,2000,4862.43,9366.546,2000,4948.881,9343.328,2000,5049.17,9413.067,2000,5205.233,9484.274,2000,5055.926,9597.758,2000,5005.117,9590.187,2000,4865.474,9430.74,2000,4843.376,9568.89,2000,5075.187,9449.591,2000,5091.135
9258.663,2000,4863.434,9367.423,2000,4948.245,9344.217,2000,5048.551,9412.099,2000,5204.749,9485.311,2000,5056.242,9598.504,2000,5004.332,9589.147,2000,4865.167,9431.815,2000,4843.51,9568.668,2000,5076.247,9450.658,2000,5091.321
9258.29,2000,4864.451,9368.32,2000,4947.638,9345.126,2000,5047.961,9411.146,2000,5204.232,9486.356,2000,5056.523,9599.224,2000,5003.522,9588.1,2000,4864.893,9432.886,2000,4843.68,9568.481,2000,5077.314,9451.719,2000,5091.542
9257.95,2000,4865.48,9369.236,2000,4947.06,9346.054,2000,5047.401,9410.211,2000,5203.686,9487.411,2000,5056.77,9599.917,2000,5002.689,9587.043,2000,4864.654,9433.949,2000,4843.884,9568.33,2000,5078.387,9452.771,2000,5091.797
9257.645,2000,4866.519,9370.171,2000,4946.513,9346.999,2000,5046.872,9409.294,2000,5203.108,9488.474,2000,5056.982,9600.582,2000,5001.834,9585.979,2000,4864.45,9435.006,2000,4844.124,9568.214,2000,5079.464,9453.815,2000,5092.086
9257.373,2000,4867.568,9371.123,2000,4945.996,9347.961,2000,5046.374,9408.396,2000,5202.501,9489.542,2000,5057.16,9601.219,2000,5000.958,9584.909,2000,4864.281,9436.054,2000,4844.397,9568.133,2000,5080.544,9454.85,2000,5092.41
9257.136,2000,4868.625,9372.092,2000,4945.511,9348.938,2000,5045.908,9407.52,2000,5201.865,9490.616,2000,5057.303,9601.827,2000,5000.062,9583.834,2000,4864.146,9437.093,2000,4844.705,9568.087,2000,5081.626,9455.872,2000,5092.768
9256.934,2000,4869.689,9373.076,2000,4945.058,9349.931,2000,5045.474,9406.664,2000,5201.201,9491.694,2000,5057.41,9602.405,2000,4999.146,9582.755,2000,4864.047,9438.121,2000,4845.046,9568.076,2000,5082.71,9456.883,2000,5093.158
9256.767,2000,4870.76,9374.074,2000,4944.638,9350.937,2000,5045.072,9405.83,2000,5200.509,9492.775,2000,5057.482,9602.953,2000,4998.211,9581.674,2000,4863.984,9439.138,2000,4845.421,9568.102,2000,5083.793,9457.88,2000,5093.582
9256.634,2000,4871.835,9375.086,2000,4944.25,9351.949,2000,5044.688,9405.02,2000,5199.79,9493.858,2000,5057.519,9603.471,2000,4997.26,9580.591,2000,4863.956,9440.142,2000,4845.829,9568.162,2000,5084.875,9458.862,2000,5094.038
9256.537,2000,4872.914,9376.109,2000,4943.896,9352.963,2000,5044.306,9404.233,2000,5199.045,9494.941,2000,5057.52,9603.957,2000,4996.292,9579.508,2000,4863.963,9441.131,2000,4846.27,9568.258,2000,5085.954,9459.829,2000,5094.525
9256.476,2000,4873.996,9377.145,2000,4943.575,9353.978,2000,5043.926,9403.472,2000,5198.274,9496.024,2000,5057.485,9604.411,2000,4995.308,9578.426,2000,4864.005,9442.105,2000,4846.742,9568.389,2000,5087.029,9460.78,2000,5095.044
9256.449,2000,4875.079,9378.189,2000,4943.288,9354.992,2000,5043.547,9402.735,2000,5197.479,9497.105,2000,5057.416,9604.833,2000,4994.31,9577.346,2000,4864.083,9443.064,2000,4847.247,9568.555,2000,5088.099,9461.714,2000,5095.595
9256.458,2000,4876.162,9379.243,2000,4943.036,9356.008,2000,5043.17,9402.025,2000,5196.661,9498.184,2000,5057.311,9605.222,2000,4993.299,9576.269,2000,4864.197,9444.006,2000,4847.782,9568.756,2000,5089.164,9462.629,2000,5096.175
9256.503,2000,4877.245,9380.305,2000,4942.818,9357.024,2000,5042.795,9401.343,2000,5195.82,9499.258,2000,5057.17,9605.577,2000,4992.275,9575.195,2000,4864.345,9444.93,2000,4848.348,9568.992,2000,5090.221,9463.524,2000,5096.785
9256.583,2000,4878.325,9381.372,2000,4942.635,9358.041,2000,5042.422,9400.688,2000,5194.957,9500.327,2000,5056.995,9605.898,2000,4991.241,9574.128,2000,4864.529,9445.834,2000,4848.944,9569.263,2000,5091.27,9464.399,2000,5097.423
9256.698,2000,4879.402,9382.445,2000,4942.487,9359.059,2000,5042.05,9400.063,2000,5194.072,9501.39,2000,5056.785,9606.187,2000,4990.196,9573.066,2000,4864.747,9446.719,2000,4849.569,9569.567,2000,5092.309,9465.253,2000,5098.09
9256.849,2000,4880.475,9383.522,2000,4942.374,9360.077,2000,5041.68,9399.466,2000,5193.168,9502.445,2000,5056.54,9606.439,2000,4989.143,9572.013,2000,4865,9447.583,2000,4850.223,9569.905,2000,5093.338,9466.084,2000,5098.785
9257.034,2000,4881.542,9384.603,2000,4942.297,9361.096,2000,5041.312,9398.899,2000,5192.245,9503.492,2000,5056.26,9606.658,2000,4988.082,9570.968,2000,4865.288,9448.425,2000,4850.904,9570.277,2000,5094.356,9466.892,2000,5099.507
9257.255,2000,4882.603,9385.685,2000,4942.255,9362.115,2000,5040.945,9398.363,2000,5191.303,9504.529,2000,5055.947,9606.842,2000,4987.015,9569.934,2000,4865.609,9449.244,2000,4851.613,9570.683,2000,5095.361,9467.676,2000,5100.254
9257.51,2000,4883.656,9386.768,2000,4942.249,9363.136,2000,5040.581,9397.858,2000,5190.345,9505.556,2000,5055.6,9606.99,2000,4985.941,9568.91,2000,4865.964,9450.04,2000,4852.349,9571.12,2000,5096.352,9468.435,2000,5101.027
9257.799,2000,4884.7,9387.851,2000,4942.277,9364.156,2000,5040.217,9397.385,2000,5189.371,9506.57,2000,5055.219,9607.104,2000,4984.864,9567.898,2000,4866.352,9450.812,2000,4853.109,9571.59,2000,5097.328,9469.168,2000,5101.825
9258.122,2000,4885.734,9388.932,2000,4942.342,9365.188,2000,5039.888,9396.943,2000,5188.381,9507.571,2000,5054.806,9607.182,2000,4983.784,9566.9,2000,4866.773,9451.558,2000,4853.895,9572.092,2000,5098.289,9469.875,2000,5102.646
9258.479,2000,4886.757,9390.011,2000,4942.441,9366.23,2000,5039.592,9396.534,2000,5187.378,9508.559,2000,5054.359,9607.225,2000,4982.701,9565.917,2000,4867.227,9452.277,2000,4854.705,9572.624,2000,5099.232,9470.555,2000,5103.489
9258.868,2000,4887.768,9391.086,2000,4942.576,9367.282,2000,5039.33,9396.158,2000,5186.362,9509.53,2000,5053.881,9607.232,2000,4981.618,9564.948,2000,4867.713,9452.97,2000,4855.538,9573.188,2000,5100.157,9471.206,2000,5104.354
9259.291,2000,4888.765,9392.165,2000,4942.676,9368.342,2000,5039.103,9395.815,2000,5185.334,9510.486,2000,5053.372,9607.204,2000,4980.535,9563.996,2000,4868.23,9453.635,2000,4856.393,9573.78,2000,5101.063,9471.829,2000,5105.241
9259.746,2000,4889.748,9393.246,2000,4942.74,9369.408,2000,5038.911,9395.507,2000,5184.295,9511.425,2000,5052.831,9607.141,2000,4979.453,9563.062,2000,4868.778,9454.271,2000,4857.269,9574.402,2000,5101.95,9472.423,2000,5106.147
9260.233,2000,4890.716,9394.329,2000,4942.769,9370.48,2000,5038.753,9395.232,2000,5183.248,9512.346,2000,5052.26,9607.042,2000,4978.375,9562.146,2000,4869.356,9454.879,2000,4858.166,9575.054,2000,5102.816,9472.986,2000,5107.072
9260.752,2000,4891.667,9395.412,2000,4942.763,9371.557,2000,5038.631,9394.992,2000,5182.191,9513.247,2000,5051.659,9606.908,2000,4977.299,9561.249,2000,4869.964,9455.457,2000,4859.082,9575.732,2000,5103.66,9473.52,2000,5108.015
9261.302,2000,4892.601,9396.494,2000,4942.721,9372.637,2000,5038.544,9394.787,2000,5181.127,9514.128,2000,5051.029,9606.739,2000,4976.229,9560.373,2000,4870.601,9456.005,2000,4860.017,9576.438,2000,5104.481,9474.021,2000,5108.975
9261.882,2000,4893.516,9397.574,2000,4942.644,9373.719,2000,5038.493,9394.617,2000,5180.058,9514.988,2000,5050.37,9606.535,2000,4975.166,9559.518,2000,4871.266,9456.521,2000,4860.969,9577.172,2000,5105.279,9474.492,2000,5109.951
9262.491,2000,4894.411,9398.651,2000,4942.531,9374.802,2000,5038.477,9394.481,2000,5178.983,9515.826,2000,5049.684,9606.297,2000,4974.109,9558.685,2000,4871.958,9457.007,2000,4861.937,9577.931,2000,5106.052,9474.931,2000,5110.942
9263.13,2000,4895.286,9399.725,2000,4942.383,9375.885,2000,5038.497,9394.382,2000,5177.904,9516.642,2000,5048.97,9606.023,2000,4973.061,9557.875,2000,4872.678,9457.523,2000,4862.889,9578.714,2000,5106.8,9475.336,2000,5111.946
9263.797,2000,4896.14,9400.792,2000,4942.2,9376.967,2000,5038.551,9394.317,2000,5176.823,9517.433,2000,5048.23,9605.716,2000,4972.021,9557.089,2000,4873.424,9458.071,2000,4863.824,9579.507,2000,5107.539,9475.708,2000,5112.963
9264.491,2000,4896.972,9401.854,2000,4941.982,9378.046,2000,5038.642,9394.288,2000,5175.74,9518.199,2000,5047.465,9605.375,2000,4970.993,9556.328,2000,4874.195,9458.649,2000,4864.74,9580.29,2000,5108.287,9476.047,2000,5113.992
9265.212,2000,4897.78,9402.907,2000,4941.729,9379.122,2000,5038.767,9394.294,2000,5174.656,9518.94,2000,5046.675,9605,2000,4969.977,9555.593,2000,4874.99,9459.257,2000,4865.637,9581.063,2000,5109.045,9476.352,2000,5115.032
9265.959,2000,4898.565,9403.952,2000,4941.443,9380.193,2000,5038.928,9394.336,2000,5173.574,9519.655,2000,5045.861,9604.593,2000,4968.973,9554.884,2000,4875.81,9459.894,2000,4866.513,9581.828,2000,5109.813,9476.622,2000,5116.081
9266.731,2000,4899.325,9405.006,2000,4941.19,9381.27,2000,5039.053,9394.413,2000,5172.493,9520.344,2000,5045.024,9604.152,2000,4967.983,9554.202,2000,4876.651,9460.559,2000,4867.368,9582.583,2000,5110.59,9476.858,2000,5117.138
9267.528,2000,4900.059,9406.067,2000,4940.973,9382.349,2000,5039.144,9394.455,2000,5171.411,9521.004,2000,5044.166,9603.68,2000,4967.008,9553.549,2000,4877.515,9461.251,2000,4868.201,9583.329,2000,5111.375,9477.129,2000,5118.187
9268.349,2000,4900.766,9407.135,2000,4940.79,9383.431,2000,5039.198,9394.461,2000,5170.327,9521.636,2000,5043.286,9603.176,2000,4966.049,9552.924,2000,4878.4,9461.971,2000,4869.011,9584.065,2000,5112.17,9477.434,2000,5119.226
9269.191,2000,4901.446,9408.208,2000,4940.642,9384.514,2000,5039.218,9394.432,2000,5169.244,9522.238,2000,5042.386,9602.641,2000,4965.107,9552.328,2000,4879.305,9462.717,2000,4869.796,9584.793,2000,5112.973,9477.772,2000,5120.255
9270.057,2000,4902.099,9409.285,2000,4940.529,9385.597,2000,5039.202,9394.367,2000,5168.163,9522.812,2000,5041.466,9602.137,2000,4964.148,9551.703,2000,4880.189,9463.488,2000,4870.557,9585.512,2000,5113.783,9478.145,2000,5121.272
9270.942,2000,4902.722,9410.365,2000,4940.452,9386.679,2000,5039.15,9394.268,2000,5167.084,9523.354,2000,5040.529,9601.664,2000,4963.173,9551.05,2000,4881.053,9464.284,2000,4871.292,9586.222,2000,5114.602,9478.55,2000,5122.276
9271.849,2000,4903.316,9411.447,2000,4940.41,9387.759,2000,5039.063,9394.132,2000,5166.009,9523.866,2000,5039.574,9601.224,2000,4962.183,9550.368,2000,4881.895,9465.104,2000,4872.001,9586.923,2000,5115.428,9478.988,2000,5123.267
9272.773,2000,4903.881,9412.53,2000,4940.403,9388.835,2000,5038.941,9393.962,2000,5164.939,9524.347,2000,5038.603,9600.816,2000,4961.179,9549.659,2000,4882.714,9465.945,2000,4872.683,9587.615,2000,5116.261,9479.459,2000,5124.243
9273.716,2000,4904.415,9413.613,2000,4940.432,9389.907,2000,5038.784,9393.757,2000,5163.876,9524.85,2000,5037.643,9600.441,2000,4960.163,9548.924,2000,4883.51,9466.81,2000,4873.337,9588.28,2000,5117.116,9479.961,2000,5125.203
9274.676,2000,4904.917,9414.694,2000,4940.497,9390.974,2000,5038.592,9393.517,2000,5162.819,9525.344,2000,5036.679,9600.101,2000,4959.134,9548.163,2000,4884.281,9467.694,2000,4873.962,9588.917,2000,5117.993,9480.494,2000,5126.146
9275.65,2000,4905.39,9415.773,2000,4940.596,9392.046,2000,5038.435,9393.242,2000,5161.771,9525.807,2000,5035.7,9599.793,2000,4958.095,9547.377,2000,4885.026,9468.599,2000,4874.558,9589.524,2000,5118.89,9481.058,2000,5127.071
9276.625,2000,4905.863,9416.849,2000,4940.731,9393.122,2000,5038.313,9392.934,2000,5160.733,9526.236,2000,5034.706,9599.52,2000,4957.047,9546.567,2000,4885.746,9469.522,2000,4875.124,9590.103,2000,5119.806,9481.651,2000,5127.978
9277.601,2000,4906.334,9417.919,2000,4940.901,9394.199,2000,5038.197,9392.591,2000,5159.705,9526.634,2000,5033.698,9599.281,2000,4955.99,9545.734,2000,4886.439,9470.464,2000,4875.659,9590.65,2000,5120.741,9482.274,2000,5128.864
9278.576,2000,4906.805,9418.982,2000,4941.106,9395.277,2000,5038.088,9392.215,2000,5158.689,9526.998,2000,5032.677,9599.077,2000,4954.926,9544.879,2000,4887.104,9471.423,2000,4876.164,9591.167,2000,5121.693,9482.926,2000,5129.729
9279.552,2000,4907.275,9420.053,2000,4941.276,9396.358,2000,5038.014,9391.806,2000,5157.686,9527.329,2000,5031.646,9598.908,2000,4953.856,9544.003,2000,4887.741,9472.397,2000,4876.636,9591.652,2000,5122.662,9483.605,2000,5130.573
9280.528,2000,4907.745,9421.128,2000,4941.411,9397.441,2000,5037.975,9391.364,2000,5156.696,9527.626,2000,5030.604,9598.774,2000,4952.781,9543.106,2000,4888.349,9473.387,2000,4877.077,9592.105,2000,5123.646,9484.313,2000,5131.394
9281.505,2000,4908.213,9422.207,2000,4941.51,9398.524,2000,5037.972,9390.891,2000,5155.722,9527.889,2000,5029.552,9598.676,2000,4951.703,9542.19,2000,4888.927,9474.391,2000,4877.485,9592.526,2000,5124.644,9485.046,2000,5132.191
9282.482,2000,4908.68,9423.288,2000,4941.575,9399.607,2000,5038.004,9390.386,2000,5154.764,9528.116,2000,5028.493,9598.612,2000,4950.621,9541.256,2000,4889.475,9475.407,2000,4877.86,9592.914,2000,5125.655,9485.805,2000,5132.964
9283.46,2000,4909.146,9424.371,2000,4941.604,9400.688,2000,5038.071,9389.85,2000,5153.822,9528.31,2000,5027.427,9598.584,2000,4949.538,9540.304,2000,4889.992,9476.436,2000,4878.201,9593.269,2000,5126.678,9486.589,2000,5133.711
9284.438,2000,4909.612,9425.454,2000,4941.597,9401.767,2000,5038.174,9389.283,2000,5152.899,9528.468,2000,5026.355,9598.592,2000,4948.455,9539.335,2000,4890.478,9477.475,2000,4878.509,9593.59,2000,5127.713,9487.396,2000,5134.433
9285.417,2000,4910.076,9426.536,2000,4941.555,9402.841,2000,5038.313,9388.687,2000,5151.995,9528.591,2000,5025.279,9598.635,2000,4947.372,9538.352,2000,4890.931,9478.522,2000,4878.782,9593.877,2000,5128.757,9488.228,2000,5135.128
9286.396,2000,4910.54,9427.616,2000,4941.478,9403.91,2000,5038.486,9388.12,2000,5151.071,9528.679,2000,5024.2,9598.713,2000,4946.292,9537.354,2000,4891.353,9479.579,2000,4879.021,9594.13,2000,5129.811,9489.081,2000,5135.795
9287.376,2000,4911.002,9428.693,2000,4941.365,9404.974,2000,5038.694,9387.584,2000,5150.13,9528.731,2000,5023.118,9598.826,2000,4945.214,9536.342,2000,4891.741,9480.643,2000,4879.226,9594.348,2000,5130.872,9489.956,2000,5136.434
9288.356,2000,4911.463,9429.773,2000,4941.288,9406.043,2000,5038.867,9387.079,2000,5149.171,9528.748,2000,5022.035,9598.975,2000,4944.141,9535.318,2000,4892.096,9481.713,2000,4879.396,9594.531,2000,5131.939,9490.852,2000,5137.043
9289.337,2000,4911.923,9430.855,2000,4941.246,9407.117,2000,5039.005,9386.605,2000,5148.197,9528.729,2000,5020.952,9599.158,2000,4943.074,9534.284,2000,4892.417,9482.788,2000,4879.53,9594.68,2000,5133.013,9491.767,2000,5137.624
9290.318,2000,4912.382,9431.938,2000,4941.24,9408.195,2000,5039.108,9386.164,2000,5147.208,9528.676,2000,5019.87,9599.377,2000,4942.013,9533.239,2000,4892.705,9483.867,2000,4879.629,9594.793,2000,5134.09,9492.7,2000,5138.174
9291.301,2000,4912.84,9433.021,2000,4941.269,9409.276,2000,5039.176,9385.755,2000,5146.205,9528.586,2000,5018.79,9599.63,2000,4940.959,9532.186,2000,4892.958,9484.948,2000,4879.693,9594.871,2000,5135.171,9493.651,2000,5138.693
9292.283,2000,4913.296,9434.103,2000,4941.333,9410.359,2000,5039.208,9385.379,2000,5145.188,9528.461,2000,5017.714,9599.918,2000,4939.915,9531.124,2000,4893.176,9486.031,2000,4879.721,9594.913,2000,5136.253,9494.618,2000,5139.181
9293.267,2000,4913.751,9435.182,2000,4941.433,9411.442,2000,5039.205,9385.036,2000,5144.161,9528.301,2000,5016.643,9600.239,2000,4938.88,9530.057,2000,4893.359,9487.114,2000,4879.714,9594.92,2000,5137.337,9495.601,2000,5139.637
9294.25,2000,4914.205,9436.257,2000,4941.567,9412.525,2000,5039.166,9384.728,2000,5143.122,9528.106,2000,5015.577,9600.595,2000,4937.857,9528.983,2000,4893.508,9488.196,2000,4879.671,9594.962,2000,5138.419,9496.567,2000,5140.125
9295.234,2000,4914.657,9437.327,2000,4941.737,9413.606,2000,5039.092,9384.453,2000,5142.074,9527.877,2000,5014.518,9600.983,2000,4936.846,9527.906,2000,4893.621,9489.276,2000,4879.593,9595.04,2000,5139.5,9497.519,2000,5140.644
9296.22,2000,4915.107,9438.391,2000,4941.942,9414.685,2000,5038.982,9384.213,2000,5141.018,9527.613,2000,5013.467,9601.405,2000,4935.848,9526.826,2000,4893.699,9490.354,2000,4879.48,9595.153,2000,5140.578,9498.452,2000,5141.194
9297.205,2000,4915.557,9439.461,2000,4942.112,9415.766,2000,5038.908,9384.008,2000,5139.954,9527.315,2000,5012.426,9601.859,2000,4934.864,9525.744,2000,4893.742,9491.427,2000,4879.332,9595.302,2000,5141.651,9499.367,2000,5141.774
9298.191,2000,4916.005,9440.524,2000,4942.317,9416.849,2000,5038.87,9383.838,2000,5138.884,9526.983,2000,5011.395,9602.346,2000,4933.896,9524.661,2000,4893.749,9492.494,2000,4879.148,9595.485,2000,5142.719,9500.263,2000,5142.384
9299.179,2000,4916.452,9441.581,2000,4942.557,9417.932,2000,5038.866,9383.702,2000,5137.81,9526.617,2000,5010.375,9602.863,2000,4932.944,9523.578,2000,4893.721,9493.556,2000,4878.93,9595.703,2000,5143.78,9501.138,2000,5143.022
9300.166,2000,4916.897,9442.629,2000,4942.831,9419.015,2000,5038.898,9383.603,2000,5136.731,9526.218,2000,5009.368,9603.411,2000,4932.01,9522.497,2000,4893.657,9494.609,2000,4878.677,9595.956,2000,5144.833,9501.991,2000,5143.689
9301.154,2000,4917.341,9443.667,2000,4943.139,9420.096,2000,5038.966,9383.538,2000,5135.649,9525.786,2000,5008.374,9603.989,2000,4931.094,9521.418,2000,4893.558,9495.654,2000,4878.39,9596.243,2000,5145.877,9502.822,2000,5144.384
9302.144,2000,4917.783,9444.695,2000,4943.481,9421.174,2000,5039.069,9383.509,2000,5134.566,9525.322,2000,5007.395,9604.598,2000,4930.197,9520.343,2000,4893.424,9496.688,2000,4878.068,9596.564,2000,5146.912,9503.63,2000,5145.106
9303.133,2000,4918.224,9445.712,2000,4943.856,9422.248,2000,5039.207,9383.515,2000,5133.483,9524.826,2000,5006.432,9605.234,2000,4929.321,9519.272,2000,4893.254,9497.712,2000,4877.713,9596.919,2000,5147.936,9504.414,2000,5145.854
9304.123,2000,4918.664,9446.715,2000,4944.265,9423.317,2000,5039.38,9383.557,2000,5132.4,9524.299,2000,5005.485,9605.899,2000,4928.466,9518.209,2000,4893.05,9498.724,2000,4877.325,9597.307,2000,5148.947,9505.173,2000,5146.626
9305.114,2000,4919.102,9447.704,2000,4944.706,9424.381,2000,5039.588,9383.634,2000,5131.32,9523.803,2000,5004.522,9606.593,2000,4927.634,9517.152,2000,4892.812,9499.722,2000,4876.904,9597.728,2000,5149.945,9505.906,2000,5147.424
9306.105,2000,4919.539,9448.679,2000,4945.179,9425.437,2000,5039.831,9383.746,2000,5130.242,9523.339,2000,5003.543,9607.313,2000,4926.824,9516.104,2000,4892.538,9500.705,2000,4876.45,9598.181,2000,5150.929,9506.613,2000,5148.245
9307.098,2000,4919.974,9449.637,2000,4945.684,9426.483,2000,5040.108,9383.823,2000,5129.162,9522.907,2000,5002.549,9608.059,2000,4926.039,9515.065,2000,4892.23,9501.674,2000,4875.965,9598.666,2000,5151.897,9507.293,2000,5149.088
9308.09,2000,4920.408,9450.578,2000,4946.22,9427.521,2000,5040.42,9383.865,2000,5128.079,9522.508,2000,5001.542,9608.83,2000,4925.278,9514.037,2000,4891.889,9502.626,2000,4875.448,9599.183,2000,5152.85,9507.944,2000,5149.954
9309.083,2000,4920.841,9451.502,2000,4946.787,9428.549,2000,5040.765,9383.871,2000,5126.996,9522.142,2000,5000.522,9609.576,2000,4924.492,9513.021,2000,4891.514,9503.561,2000,4874.9,9599.73,2000,5153.784,9508.567,2000,5150.84
9310.077,2000,4921.272,9452.406,2000,4947.383,9429.563,2000,5041.144,9383.842,2000,5125.913,9521.81,2000,4999.491,9610.296,2000,4923.683,9512.017,2000,4891.106,9504.477,2000,4874.322,9600.309,2000,5154.701,9509.161,2000,5151.746
9311.071,2000,4921.703,9453.291,2000,4948.008,9430.575,2000,5041.532,9383.777,2000,5124.831,9521.512,2000,4998.45,9610.989,2000,4922.85,9511.027,2000,4890.666,9505.373,2000,4873.714,9600.916,2000,5155.598,9509.725,2000,5152.671
9312.066,2000,4922.131,9454.154,2000,4948.663,9431.583,2000,5041.929,9383.678,2000,5123.752,9521.248,2000,4997.399,9611.654,2000,4921.995,9510.053,2000,4890.193,9506.249,2000,4873.077,9601.553,2000,5156.474,9510.258,2000,5153.614
9313.062,2000,4922.559,9454.996,2000,4949.345,9432.588,2000,5042.334,9383.542,2000,5122.678,9521.019,2000,4996.34,9612.291,2000,4921.119,9509.094,2000,4889.689,9507.104,2000,4872.412,9602.218,2000,5157.33,9510.76,2000,5154.574
9314.058,2000,4922.985,9455.814,2000,4950.054,9433.579,2000,5042.772,9383.372,2000,5121.608,9520.824,2000,4995.274,9612.899,2000,4920.223,9508.152,2000,4889.154,9507.938,2000,4871.719,9602.91,2000,5158.163,9511.23,2000,5155.55
9315.054,2000,4923.41,9456.609,2000,4950.79,9434.555,2000,5043.243,9383.167,2000,5120.544,9520.664,2000,4994.203,9613.478,2000,4919.307,9507.229,2000,4888.588,9508.747,2000,4871,9603.63,2000,5158.973,9511.669,2000,5156.541
9316.051,2000,4923.833,9457.38,2000,4951.551,9435.515,2000,5043.745,9382.927,2000,5119.488,9520.539,2000,4993.127,9614.025,2000,4918.372,9506.324,2000,4887.992,9509.533,2000,4870.254,9604.375,2000,5159.759,9512.074,2000,5157.545
9317.049,2000,4924.256,9458.125,2000,4952.337,9436.458,2000,5044.278,9382.652,2000,5118.44,9520.449,2000,4992.047,9614.543,2000,4917.42,9505.439,2000,4887.367,9510.294,2000,4869.483,9605.146,2000,5160.52,9512.446,2000,5158.563
9318.047,2000,4924.677,9458.844,2000,4953.147,9437.383,2000,5044.841,9382.344,2000,5117.401,9520.396,2000,4990.965,9615.029,2000,4916.452,9504.575,2000,4886.713,9511.029,2000,4868.688,9605.94,2000,5161.255,9512.785,2000,5159.591
9319.046,2000,4925.096,9459.536,2000,4953.981,9438.289,2000,5045.435,9382.001,2000,5116.374,9520.377,2000,4989.882,9615.483,2000,4915.469,9503.733,2000,4886.032,9511.738,2000,4867.868,9606.76,2000,5161.964,9513.09,2000,5160.631
9320.045,2000,4925.514,9460.201,2000,4954.836,9439.176,2000,5046.058,9381.625,2000,5115.357,9520.394,2000,4988.799,9615.905,2000,4914.471,9502.914,2000,4885.323,9512.42,2000,4867.026,9607.602,2000,5162.646,9513.36,2000,5161.68
9321.045,2000,4925.931,9460.838,2000,4955.713,9440.041,2000,5046.71,9381.216,2000,5114.354,9520.446,2000,4987.717,9616.294,2000,4913.459,9502.118,2000,4884.587,9513.074,2000,4866.163,9608.465,2000,5163.301,9513.597,2000,5162.737
9322.045,2000,4926.347,9461.445,2000,4956.61,9440.885,2000,5047.39,9380.774,2000,5113.365,9520.534,2000,4986.638,9616.649,2000,4912.436,9501.299,2000,4883.878,9513.699,2000,4865.278,9609.35,2000,5163.926,9513.799,2000,5163.801
9323.046,2000,4926.761,9462.022,2000,4957.527,9441.75,2000,5048.042,9380.301,2000,5112.391,9520.657,2000,4985.562,9616.971,2000,4911.401,9500.457,2000,4883.197,9514.3,2000,4864.376,9610.254,2000,5164.522,9513.966,2000,5164.872
9324.047,2000,4927.174,9462.569,2000,4958.462,9442.637,2000,5048.665,9379.796,2000,5111.432,9520.815,2000,4984.49,9617.259,2000,4910.357,9499.593,2000,4882.543,9514.93,2000,4863.495,9611.178,2000,5165.089,9514.098,2000,5165.947
9325.049,2000,4927.585,9463.086,2000,4959.414,9443.543,2000,5049.258,9379.26,2000,5110.491,9521.009,2000,4983.424,9617.512,2000,4909.304,9498.708,2000,4881.918,9515.588,2000,4862.635,9612.119,2000,5165.625,9514.194,2000,5167.026
9326.052,2000,4927.996,9463.571,2000,4960.383,9444.468,2000,5049.822,9378.693,2000,5109.567,9521.236,2000,4982.365,9617.73,2000,4908.243,9497.804,2000,4881.322,9516.274,2000,4861.796,9613.078,2000,5166.129,9514.256,2000,5168.107
9327.055,2000,4928.406,9464.024,2000,4961.367,9445.407,2000,5050.362,9378.097,2000,5108.663,9521.499,2000,4981.313,9617.914,2000,4907.175,9496.899,2000,4880.726,9516.988,2000,4860.981,9614.053,2000,5166.603,9514.281,2000,5169.19
9328.058,2000,4928.814,9464.445,2000,4962.365,9446.341,2000,5050.911,9377.471,2000,5107.779,9521.796,2000,4980.271,9618.063,2000,4906.102,9496,2000,4880.123,9517.728,2000,4860.189,9615.042,2000,5167.043,9514.271,2000,5170.274
9329.062,2000,4929.222,9464.833,2000,4963.377,9447.27,2000,5051.469,9376.816,2000,5106.916,9522.127,2000,4979.24,9618.176,2000,4905.025,9495.104,2000,4879.513,9518.493,2000,4859.423,9616.046,2000,5167.452,9514.227,2000,5171.356
9330.065,2000,4929.628,9465.188,2000,4964.401,9448.192,2000,5052.036,9376.134,2000,5106.074,9522.491,2000,4978.219,9618.254,2000,4903.944,9494.213,2000,4878.898,9519.283,2000,4858.682,9617.063,2000,5167.827,9514.146,2000,5172.437
9331.07,2000,4930.033,9465.508,2000,4965.436,9449.11,2000,5052.61,9375.424,2000,5105.256,9522.889,2000,4977.211,9618.297,2000,4902.862,9493.325,2000,4878.278,9520.097,2000,4857.966,9618.091,2000,5168.168,9514.03,2000,5173.514
9332.075,2000,4930.438,9465.795,2000,4966.48,9450.023,2000,5053.193,9374.688,2000,5104.461,9523.318,2000,4976.217,9618.305,2000,4901.778,9492.44,2000,4877.652,9520.934,2000,4857.278,9619.13,2000,5168.477,9513.879,2000,5174.587
9333.081,2000,4930.841,9466.047,2000,4967.534,9450.932,2000,5053.784,9373.926,2000,5103.69,9523.781,2000,4975.238,9618.276,2000,4900.695,9491.56,2000,4877.022,9521.792,2000,4856.618,9620.178,2000,5168.75,9513.692,2000,5175.654
9334.087,2000,4931.243,9466.265,2000,4968.595,9451.835,2000,5054.382,9373.14,2000,5102.945,9524.275,2000,4974.274,9618.213,2000,4899.614,9490.682,2000,4876.388,9522.672,2000,4855.986,9621.234,2000,5168.99,9513.472,2000,5176.715
9335.093,2000,4931.645,9466.447,2000,4969.663,9452.733,2000,5054.987,9372.329,2000,5102.227,9524.801,2000,4973.327,9618.114,2000,4898.535,9489.807,2000,4875.749,9523.572,2000,4855.383,9622.298,2000,5169.194,9513.216,2000,5177.768
9336.1,2000,4932.045,9466.595,2000,4970.736,9453.628,2000,5055.598,9371.495,2000,5101.535,9525.357,2000,4972.397,9617.98,2000,4897.46,9488.936,2000,4875.105,9524.491,2000,4854.81,9623.368,2000,5169.364,9512.926,2000,5178.812
9337.106,2000,4932.445,9466.707,2000,4971.814,9454.519,2000,5056.215,9370.64,2000,5100.87,9525.943,2000,4971.486,9617.812,2000,4896.39,9488.067,2000,4874.458,9525.429,2000,4854.268,9624.443,2000,5169.499,9512.602,2000,5179.845
9338.113,2000,4932.844,9466.784,2000,4972.895,9455.405,2000,5056.838,9369.763,2000,5100.234,9526.56,2000,4970.595,9617.607,2000,4895.326,9487.202,2000,4873.806,9526.382,2000,4853.752,9625.522,2000,5169.599,9512.244,2000,5180.868
9339.121,2000,4933.243,9466.826,2000,4973.977,9456.288,2000,5057.466,9368.865,2000,5099.627,9527.204,2000,4969.724,9617.369,2000,4894.27,9486.316,2000,4873.183,9527.347,2000,4853.259,9626.604,2000,5169.663,9511.854,2000,5181.878
9340.129,2000,4933.641,9466.833,2000,4975.061,9457.168,2000,5058.099,9367.948,2000,5099.05,9527.877,2000,4968.875,9617.165,2000,4893.206,9485.41,2000,4872.589,9528.294,2000,4852.734,9627.687,2000,5169.691,9511.43,2000,5182.875
9341.137,2000,4934.038,9466.804,2000,4976.144,9458.045,2000,5058.735,9367.013,2000,5098.503,9528.577,2000,4968.048,9616.996,2000,4892.136,9484.485,2000,4872.025,9529.224,2000,4852.178,9628.77,2000,5169.685,9510.974,2000,5183.858
9342.145,2000,4934.435,9466.739,2000,4977.225,9458.919,2000,5059.375,9366.061,2000,5097.987,9529.304,2000,4967.245,9616.862,2000,4891.061,9483.542,2000,4871.492,9530.135,2000,4851.592,9629.852,2000,5169.642,9510.485,2000,5184.825
9343.152,2000,4934.832,9466.64,2000,4978.304,9459.771,2000,5060.044,9365.125,2000,5097.44,9530.057,2000,4966.466,9616.764,2000,4889.982,9482.582,2000,4870.989,9531.026,2000,4850.977,9630.932,2000,5169.564,9509.966,2000,5185.776
9344.161,2000,4935.227,9466.505,2000,4979.378,9460.602,2000,5060.74,9364.208,2000,5096.863,9530.835,2000,4965.712,9616.7,2000,4888.9,9481.606,2000,4870.519,9531.897,2000,4850.333,9632.009,2000,5169.452,9509.416,2000,5186.709
9345.17,2000,4935.622,9466.335,2000,4980.448,9461.408,2000,5061.462,9363.311,2000,5096.256,9531.637,2000,4964.984,9616.672,2000,4887.817,9480.616,2000,4870.08,9532.747,2000,4849.661,9633.082,2000,5169.304,9508.836,2000,5187.624
9346.179,2000,4936.017,9466.13,2000,4981.512,9462.191,2000,5062.211,9362.434,2000,5095.62,9532.462,2000,4964.283,9616.68,2000,4886.734,9479.611,2000,4869.674,9533.574,2000,4848.961,9634.149,2000,5169.121,9508.226,2000,5188.519
9347.188,2000,4936.411,9465.891,2000,4982.569,9462.949,2000,5062.985,9361.578,2000,5094.955,9533.31,2000,4963.608,9616.723,2000,4885.651,9478.594,2000,4869.302,9534.378,2000,4848.234,9635.211,2000,5168.902,9507.587,2000,5189.394
9348.196,2000,4936.805,9465.616,2000,4983.617,9463.682,2000,5063.784,9360.744,2000,5094.263,9534.18,2000,4962.962,9616.801,2000,4884.571,9477.564,2000,4868.962,9535.157,2000,4847.482,9636.265,2000,5168.65,9506.92,2000,5190.248
9349.205,2000,4937.198,9465.308,2000,4984.655,9464.388,2000,5064.605,9359.934,2000,5093.544,9535.07,2000,4962.345,9616.914,2000,4883.494,9476.525,2000,4868.657,9535.912,2000,4846.705,9637.31,2000,5168.363,9506.226,2000,5191.079
9350.214,2000,4937.592,9464.966,2000,4985.683,9465.066,2000,5065.45,9359.147,2000,5092.799,9535.98,2000,4961.757,9617.063,2000,4882.42,9475.477,2000,4868.386,9536.641,2000,4845.903,9638.345,2000,5168.042,9505.504,2000,5191.887
9351.224,2000,4937.985,9464.591,2000,4986.699,9465.717,2000,5066.316,9358.386,2000,5092.029,9536.909,2000,4961.2,9617.246,2000,4881.353,9474.419,2000,4868.149,9537.343,2000,4845.078,9639.368,2000,5167.688,9504.756,2000,5192.671
9352.233,2000,4938.378,9464.183,2000,4987.703,9466.339,2000,5067.204,9357.649,2000,5091.234,9537.855,2000,4960.673,9617.465,2000,4880.292,9473.354,2000,4867.947,9538.018,2000,4844.23,9640.38,2000,5167.299,9503.983,2000,5193.43
9353.243,2000,4938.771,9463.741,2000,4988.692,9466.932,2000,5068.111,9356.939,2000,5090.416,9538.818,2000,4960.177,9617.718,2000,4879.239,9472.284,2000,4867.78,9538.664,2000,4843.361,9641.378,2000,5166.878,9503.187,2000,5194.164
9354.253,2000,4939.164,9463.268,2000,4989.667,9467.494,2000,5069.037,9356.257,2000,5089.574,9539.797,2000,4959.713,9618.006,2000,4878.194,9471.209,2000,4867.648,9539.282,2000,4842.471,9642.362,2000,5166.425,9502.365,2000,5194.871
9355.263,2000,4939.557,9462.763,2000,4990.625,9468.026,2000,5069.98,9355.603,2000,5088.711,9540.79,2000,4959.282,9618.327,2000,4877.16,9470.13,2000,4867.552,9539.87,2000,4841.561,9643.331,2000,5165.94,9501.521,2000,5195.55
9356.272,2000,4939.95,9462.227,2000,4991.566,9468.527,2000,5070.941,9354.977,2000,5087.827,9541.795,2000,4958.878,9618.683,2000,4876.136,9469.048,2000,4867.49,9540.429,2000,4840.633,9644.283,2000,5165.423,9500.656,2000,5196.202
9357.282,2000,4940.343,9461.66,2000,4992.49,9468.996,2000,5071.918,9354.38,2000,5086.922,9542.797,2000,4958.466,9619.071,2000,4875.125,9467.965,2000,4867.464,9540.956,2000,4839.687,9645.218,2000,5164.876,9499.771,2000,5196.825
9358.292,2000,4940.736,9461.063,2000,4993.394,9469.433,2000,5072.909,9353.813,2000,5085.999,9543.796,2000,4958.047,9619.493,2000,4874.127,9466.882,2000,4867.474,9541.452,2000,4838.724,9646.134,2000,5164.298,9498.864,2000,5197.419
9359.301,2000,4941.13,9460.438,2000,4994.278,9469.837,2000,5073.915,9353.277,2000,5085.058,9544.792,2000,4957.622,9619.947,2000,4873.144,9465.8,2000,4867.519,9541.917,2000,4837.745,9647.03,2000,5163.691,9497.939,2000,5197.983
9360.31,2000,4941.523,9459.783,2000,4995.142,9470.208,2000,5074.933,9352.772,2000,5084.099,9545.785,2000,4957.19,9620.434,2000,4872.175,9464.72,2000,4867.6,9542.35,2000,4836.752,9647.907,2000,5163.054,9496.996,2000,5198.516
9361.318,2000,4941.917,9459.101,2000,4995.983,9470.546,2000,5075.962,9352.299,2000,5083.125,9546.776,2000,4956.752,9620.951,2000,4871.224,9463.643,2000,4867.715,9542.749,2000,4835.745,9648.763,2000,5162.389,9496.036,2000,5199.018
9362.327,2000,4942.312,9458.392,2000,4996.802,9470.85,2000,5077.002,9351.857,2000,5082.136,9547.766,2000,4956.31,9621.499,2000,4870.289,9462.569,2000,4867.866,9543.115,2000,4834.726,9649.596,2000,5161.697,9495.061,2000,5199.488
9363.336,2000,4942.707,9457.656,2000,4997.597,9471.119,2000,5078.051,9351.448,2000,5081.132,9548.752,2000,4955.863,9622.077,2000,4869.373,9461.502,2000,4868.052,9543.448,2000,4833.695,9650.405,2000,5160.978,9494.069,2000,5199.926
9364.345,2000,4943.102,9456.895,2000,4998.368,9471.354,2000,5079.109,9351.072,2000,5080.116,9549.753,2000,4955.448,9622.686,2000,4868.477,9460.441,2000,4868.273,9543.747,2000,4832.653,9651.191,2000,5160.232,9493.064,2000,5200.332
9365.354,2000,4943.497,9456.108,2000,4999.113,9471.555,2000,5080.173,9350.729,2000,5079.088,9550.739,2000,4955.001,9623.322,2000,4867.601,9459.389,2000,4868.528,9544.012,2000,4831.603,9651.952,2000,5159.461,9492.047,2000,5200.705
9366.361,2000,4943.894,9455.298,2000,4999.832,9471.758,2000,5081.237,9350.421,2000,5078.05,9551.711,2000,4954.522,9623.987,2000,4866.746,9458.345,2000,4868.818,9544.242,2000,4830.544,9652.688,2000,5158.666,9491.018,2000,5201.043
9367.369,2000,4944.291,9454.465,2000,5000.524,9471.973,2000,5082.299,9350.146,2000,5077.002,9552.666,2000,4954.011,9624.681,2000,4865.913,9457.311,2000,4869.142,9544.438,2000,4829.479,9653.396,2000,5157.847,9489.979,2000,5201.349
9368.377,2000,4944.688,9453.609,2000,5001.189,9472.199,2000,5083.359,9349.906,2000,5075.945,9553.604,2000,4953.47,9625.4,2000,4865.104,9456.288,2000,4869.499,9544.598,2000,4828.408,9654.078,2000,5157.005,9488.93,2000,5201.62
9369.385,2000,4945.086,9452.732,2000,5001.825,9472.438,2000,5084.416,9349.701,2000,5074.882,9554.524,2000,4952.897,9626.146,2000,4864.318,9455.277,2000,4869.89,9544.723,2000,4827.332,9654.732,2000,5156.141,9487.872,2000,5201.856
9370.379,2000,4945.517,9451.835,2000,5002.433,9472.689,2000,5085.469,9349.531,2000,5073.812,9555.425,2000,4952.295,9626.918,2000,4863.557,9454.28,2000,4870.313,9544.813,2000,4826.252,9655.357,2000,5155.256,9486.808,2000,5202.058
9371.387,2000,4945.915,9450.919,2000,5003.01,9472.953,2000,5086.52,9349.396,2000,5072.737,9556.306,2000,4951.665,9627.714,2000,4862.822,9453.298,2000,4870.769,9544.867,2000,4825.17,9655.953,2000,5154.352,9485.737,2000,5202.225
9372.407,2000,4946.279,9449.984,2000,5003.558,9473.229,2000,5087.567,9349.296,2000,5071.659,9557.165,2000,4951.005,9628.533,2000,4862.114,9452.33,2000,4871.256,9544.887,2000,4824.087,9656.52,2000,5153.429,9484.662,2000,5202.356
9373.438,2000,4946.61,9449.032,2000,5004.074,9473.519,2000,5088.611,9349.231,2000,5070.577,9558.003,2000,4950.318,9629.375,2000,4861.432,9451.379,2000,4871.775,9544.87,2000,4823.004,9657.056,2000,5152.487,9483.583,2000,5202.453
9374.48,2000,4946.907,9448.063,2000,5004.559,9473.82,2000,5089.652,9349.202,2000,5069.494,9558.817,2000,4949.604,9630.239,2000,4860.779,9450.445,2000,4872.325,9544.818,2000,4821.922,9657.561,2000,5151.529,9482.501,2000,5202.514
9375.531,2000,4947.17,9447.079,2000,5005.012,9474.134,2000,5090.689,9349.208,2000,5068.411,9559.608,2000,4948.863,9631.124,2000,4860.154,9449.53,2000,4872.905,9544.731,2000,4820.842,9658.033,2000,5150.554,9481.418,2000,5202.54
9376.59,2000,4947.398,9446.081,2000,5005.433,9474.46,2000,5091.722,9349.25,2000,5067.328,9560.374,2000,4948.097,9632.029,2000,4859.558,9448.635,2000,4873.515,9544.609,2000,4819.766,9658.474,2000,5149.564,9480.335,2000,5202.53
9377.655,2000,4947.592,9445.069,2000,5005.82,9474.799,2000,5092.751,9349.327,2000,5066.248,9561.114,2000,4947.306,9632.953,2000,4858.993,9447.76,2000,4874.154,9544.452,2000,4818.694,9658.882,2000,5148.561,9479.253,2000,5202.485
9378.727,2000,4947.75,9444.046,2000,5006.175,9475.149,2000,5093.776,9349.439,2000,5065.17,9561.828,2000,4946.492,9633.896,2000,4858.458,9446.906,2000,4874.821,9544.26,2000,4817.628,9659.257,2000,5147.545,9478.173,2000,5202.404
9379.792,2000,4947.944,9443.011,2000,5006.496,9475.512,2000,5094.797,9349.587,2000,5064.097,9562.516,2000,4945.654,9634.854,2000,4857.954,9446.031,2000,4875.459,9544.032,2000,4816.569,9659.599,2000,5146.517,9477.096,2000,5202.289
9380.851,2000,4948.172,9441.966,2000,5006.782,9475.886,2000,5095.814,9349.77,2000,5063.029,9563.175,2000,4944.795,9635.829,2000,4857.481,9445.136,2000,4876.069,9543.771,2000,4815.518,9659.906,2000,5145.479,9476.023,2000,5202.138
9381.901,2000,4948.435,9440.912,2000,5007.035,9476.271,2000,5096.826,9349.987,2000,5061.967,9563.806,2000,4943.915,9636.819,2000,4857.041,9444.221,2000,4876.649,9543.475,2000,4814.476,9660.18,2000,5144.43,9474.956,2000,5201.952
9382.943,2000,4948.732,9439.851,2000,5007.252,9476.668,2000,5097.834,9350.239,2000,5060.914,9564.407,2000,4943.014,9637.823,2000,4856.633,9443.287,2000,4877.199,9543.145,2000,4813.444,9660.419,2000,5143.374,9473.896,2000,5201.731
9383.975,2000,4949.063,9438.783,2000,5007.436,9477.076,2000,5098.837,9350.525,2000,5059.869,9564.979,2000,4942.094,9638.84,2000,4856.259,9442.336,2000,4877.718,9542.781,2000,4812.423,9660.624,2000,5142.31,9472.843,2000,5201.476
9384.995,2000,4949.428,9437.71,2000,5007.583,9477.495,2000,5099.836,9350.846,2000,5058.834,9565.521,2000,4941.156,9639.868,2000,4855.917,9441.368,2000,4878.206,9542.385,2000,4811.415,9660.794,2000,5141.24,9471.799,2000,5201.186
9386.003,2000,4949.826,9436.643,2000,5007.767,9477.946,2000,5100.821,9351.2,2000,5057.81,9566.032,2000,4940.2,9640.907,2000,4855.61,9440.386,2000,4878.662,9541.955,2000,4810.42,9660.929,2000,5140.165,9470.765,2000,5200.862
9386.997,2000,4950.256,9435.581,2000,5007.984,9478.43,2000,5101.791,9351.521,2000,5056.775,9566.512,2000,4939.229,9641.956,2000,4855.337,9439.389,2000,4879.085,9541.493,2000,4809.44,9661.028,2000,5139.086,9469.742,2000,5200.505
9387.977,2000,4950.719,9434.527,2000,5008.237,9478.944,2000,5102.744,9351.807,2000,5055.73,9566.959,2000,4938.242,9643.013,2000,4855.099,9438.378,2000,4879.476,9541,2000,4808.476,9661.093,2000,5138.005,9468.708,2000,5200.181
9388.94,2000,4951.214,9433.482,2000,5008.523,9479.49,2000,5103.68,9352.059,2000,5054.677,9567.374,2000,4937.241,9644.076,2000,4854.895,9437.355,2000,4879.833,9540.476,2000,4807.528,9661.121,2000,5136.922,9467.664,2000,5199.892
9389.888,2000,4951.74,9432.447,2000,5008.844,9480.066,2000,5104.598,9352.276,2000,5053.615,9567.756,2000,4936.227,9645.146,2000,4854.726,9436.321,2000,4880.157,9539.92,2000,4806.598,9661.114,2000,5135.838,9466.611,2000,5199.636
9390.817,2000,4952.296,9431.424,2000,5009.199,9480.672,2000,5105.496,9352.459,2000,5052.547,9568.104,2000,4935.201,9646.222,2000,4854.592,9435.277,2000,4880.446,9539.334,2000,4805.687,9661.072,2000,5134.756,9465.551,2000,5199.416
9391.729,2000,4952.883,9430.412,2000,5009.586,9481.307,2000,5106.374,9352.606,2000,5051.474,9568.419,2000,4934.165,9647.301,2000,4854.493,9434.225,2000,4880.702,9538.719,2000,4804.795,9660.994,2000,5133.675,9464.483,2000,5199.229
9392.619,2000,4953.5,9429.414,2000,5010.007,9481.97,2000,5107.231,9352.719,2000,5050.396,9568.699,2000,4933.118,9648.382,2000,4854.43,9433.164,2000,4880.922,9538.074,2000,4803.924,9660.881,2000,5132.598,9463.411,2000,5199.079
9393.489,2000,4954.145,9428.43,2000,5010.46,9482.66,2000,5108.065,9352.796,2000,5049.316,9568.945,2000,4932.063,9649.465,2000,4854.402,9432.097,2000,4881.108,9537.402,2000,4803.075,9660.732,2000,5131.524,9462.334,2000,5198.963
9394.338,2000,4954.818,9427.461,2000,5010.945,9483.378,2000,5108.877,9352.838,2000,5048.233,9569.156,2000,4931,9650.548,2000,4854.409,9431.023,2000,4881.259,9536.703,2000,4802.248,9660.549,2000,5130.457,9461.254,2000,5198.882
9395.164,2000,4955.519,9426.509,2000,5011.461,9484.122,2000,5109.665,9352.844,2000,5047.15,9569.333,2000,4929.932,9651.63,2000,4854.452,9429.946,2000,4881.375,9535.977,2000,4801.444,9660.331,2000,5129.396,9460.172,2000,5198.837
9395.967,2000,4956.246,9425.574,2000,5012.009,9484.892,2000,5110.427,9352.814,2000,5046.067,9569.475,2000,4928.857,9652.71,2000,4854.53,9428.866,2000,4881.456,9535.225,2000,4800.664,9660.078,2000,5128.342,9459.089,2000,5198.827
9396.793,2000,4956.946,9424.658,2000,5012.586,9485.686,2000,5111.165,9352.75,2000,5044.985,9569.581,2000,4927.779,9653.787,2000,4854.644,9427.784,2000,4881.5,9534.447,2000,4799.91,9659.791,2000,5127.298,9458.006,2000,5198.853
9397.642,2000,4957.62,9423.761,2000,5013.194,9486.503,2000,5111.875,9352.65,2000,5043.907,9569.652,2000,4926.698,9654.86,2000,4854.793,9426.701,2000,4881.51,9533.646,2000,4799.181,9659.47,2000,5126.263,9456.924,2000,5198.914
9398.512,2000,4958.265,9422.884,2000,5013.83,9487.343,2000,5112.56,9352.515,2000,5042.832,9569.688,2000,4925.616,9655.928,2000,4854.977,9425.618,2000,4881.484,9532.82,2000,4798.479,9659.115,2000,5125.24,9455.845,2000,5199.011
9399.402,2000,4958.881,9422.028,2000,5014.495,9488.205,2000,5113.216,9352.345,2000,5041.762,9569.688,2000,4924.532,9656.988,2000,4855.196,9424.536,2000,4881.423,9531.973,2000,4797.804,9658.728,2000,5124.229,9454.77,2000,5199.143
9400.313,2000,4959.468,9421.195,2000,5015.187,9489.088,2000,5113.843,9352.14,2000,5040.699,9569.652,2000,4923.45,9658.042,2000,4855.449,9423.457,2000,4881.326,9531.104,2000,4797.158,9658.307,2000,5123.23,9453.699,2000,5199.31
9401.243,2000,4960.024,9420.385,2000,5015.906,9489.991,2000,5114.441,9351.899,2000,5039.642,9569.581,2000,4922.369,9659.087,2000,4855.737,9422.382,2000,4881.194,9530.214,2000,4796.54,9657.854,2000,5122.247,9452.635,2000,5199.511
9402.19,2000,4960.55,9419.599,2000,5016.651,9490.913,2000,5115.01,9351.625,2000,5038.594,9569.475,2000,4921.291,9660.121,2000,4856.059,9421.312,2000,4881.027,9529.305,2000,4795.952,9657.368,2000,5121.278,9451.577,2000,5199.748
9403.154,2000,4961.045,9418.837,2000,5017.422,9491.854,2000,5115.548,9351.316,2000,5037.556,9569.333,2000,4920.216,9661.145,2000,4856.414,9420.247,2000,4880.825,9528.376,2000,4795.394,9656.852,2000,5120.326,9450.528,2000,5200.019
9404.134,2000,4961.508,9418.102,2000,5018.217,9492.811,2000,5116.055,9350.974,2000,5036.528,9569.156,2000,4919.147,9662.155,2000,4856.803,9419.189,2000,4880.588,9527.43,2000,4794.866,9656.304,2000,5119.391,9449.489,2000,5200.324
9405.128,2000,4961.938,9417.393,2000,5019.036,9493.784,2000,5116.53,9350.598,2000,5035.512,9568.945,2000,4918.085,9663.153,2000,4857.224,9418.141,2000,4880.317,9526.467,2000,4794.369,9655.726,2000,5118.475,9448.46,2000,5200.663
9406.136,2000,4962.336,9416.71,2000,5019.877,9494.772,2000,5116.973,9350.188,2000,5034.508,9568.699,2000,4917.03,9664.137,2000,4857.678,9417.102,2000,4880.012,9525.488,2000,4793.905,9655.118,2000,5117.578,9447.442,2000,5201.035
9407.156,2000,4962.701,9416.056,2000,5020.741,9495.775,2000,5117.383,9349.747,2000,5033.519,9568.419,2000,4915.983,9665.104,2000,4858.164,9416.072,2000,4879.673,9524.495,2000,4793.473,9654.481,2000,5116.701,9446.438,2000,5201.441
9408.188,2000,4963.032,9415.43,2000,5021.625,9496.791,2000,5117.761,9349.273,2000,5032.545,9568.104,2000,4914.947,9666.057,2000,4858.681,9415.055,2000,4879.3,9523.488,2000,4793.073,9653.816,2000,5115.846,9445.446,2000,5201.879
9409.229,2000,4963.329,9414.833,2000,5022.529,9497.818,2000,5118.105,9348.769,2000,5031.586,9567.756,2000,4913.921,9666.991,2000,4859.229,9414.05,2000,4878.895,9522.469,2000,4792.707,9653.124,2000,5115.013,9444.471,2000,5202.349
9410.28,2000,4963.592,9414.267,2000,5023.453,9498.856,2000,5118.415,9348.232,2000,5030.645,9567.374,2000,4912.907,9667.907,2000,4859.808,9413.06,2000,4878.456,9521.438,2000,4792.374,9652.404,2000,5114.203,9443.511,2000,5202.851
9411.339,2000,4963.82,9413.73,2000,5024.394,9499.904,2000,5118.691,9347.666,2000,5029.722,9566.96,2000,4911.906,9668.804,2000,4860.416,9412.084,2000,4877.985,9520.396,2000,4792.075,9651.659,2000,5113.417,9442.535,2000,5203.321
9412.404,2000,4964.014,9413.226,2000,5025.353,9500.96,2000,5118.933,9347.069,2000,5028.817,9566.513,2000,4910.919,9669.68,2000,4861.053,9411.124,2000,4877.483,9519.346,2000,4791.811,9650.889,2000,5112.655,9441.544,2000,5203.759
9413.476,2000,4964.172,9412.752,2000,5026.327,9502.023,2000,5119.14,9346.443,2000,5027.933,9566.033,2000,4909.948,9670.534,2000,4861.719,9410.181,2000,4876.95,9518.287,2000,4791.58,9650.094,2000,5111.92,9440.539,2000,5204.165
9414.552,2000,4964.296,9412.311,2000,5027.316,9503.093,2000,5119.313,9345.789,2000,5027.07,9565.522,2000,4908.992,9671.367,2000,4862.412,9409.256,2000,4876.386,9517.222,2000,4791.385,9649.274,2000,5111.211,9439.521,2000,5204.538
9415.632,2000,4964.384,9411.902,2000,5028.32,9504.167,2000,5119.45,9345.106,2000,5026.229,9564.98,2000,4908.054,9672.177,2000,4863.131,9408.35,2000,4875.792,9516.15,2000,4791.224,9648.433,2000,5110.529,9438.492,2000,5204.876
9416.714,2000,4964.437,9411.527,2000,5029.336,9505.245,2000,5119.552,9344.396,2000,5025.41,9564.408,2000,4907.134,9672.962,2000,4863.877,9407.464,2000,4875.169,9515.074,2000,4791.099,9647.569,2000,5109.875,9437.453,2000,5205.182
9417.797,2000,4964.454,9411.186,2000,5030.364,9506.326,2000,5119.618,9343.66,2000,5024.615,9563.807,2000,4906.233,9673.723,2000,4864.649,9406.599,2000,4874.517,9513.995,2000,4791.008,9646.685,2000,5109.249,9436.404,2000,5205.453
9418.88,2000,4964.436,9410.877,2000,5031.402,9507.409,2000,5119.649,9342.898,2000,5023.845,9563.176,2000,4905.353,9674.458,2000,4865.445,9405.755,2000,4873.837,9512.913,2000,4790.954,9645.794,2000,5108.633,9435.347,2000,5205.689
9419.962,2000,4964.382,9410.603,2000,5032.45,9508.492,2000,5119.645,9342.112,2000,5023.1,9562.517,2000,4904.494,9675.167,2000,4866.264,9404.935,2000,4873.13,9511.83,2000,4790.934,9644.902,2000,5108.017,9434.282,2000,5205.891
9421.042,2000,4964.293,9410.363,2000,5033.507,9509.575,2000,5119.605,9341.302,2000,5022.381,9561.829,2000,4903.656,9675.849,2000,4867.106,9404.138,2000,4872.397,9510.747,2000,4790.95,9644.011,2000,5107.402,9433.212,2000,5206.058
9422.118,2000,4964.169,9410.158,2000,5034.571,9510.656,2000,5119.53,9340.468,2000,5021.689,9561.115,2000,4902.842,9676.502,2000,4867.971,9403.365,2000,4871.638,9509.665,2000,4791.002,9643.119,2000,5106.787,9432.137,2000,5206.189
9423.189,2000,4964.01,9409.988,2000,5035.641,9511.734,2000,5119.419,9339.612,2000,5021.024,9560.375,2000,4902.051,9677.127,2000,4868.855,9402.618,2000,4870.854,9508.585,2000,4791.089,9642.227,2000,5106.173,9431.058,2000,5206.286
9424.266,2000,4963.886,9409.854,2000,5036.715,9512.808,2000,5119.274,9338.735,2000,5020.388,9559.609,2000,4901.285,9677.723,2000,4869.76,9401.896,2000,4870.045,9507.509,2000,4791.211,9641.334,2000,5105.559,9429.976,2000,5206.347
9425.346,2000,4963.797,9409.754,2000,5037.794,9513.876,2000,5119.093,9337.838,2000,5019.781,9558.818,2000,4900.544,9678.288,2000,4870.684,9401.202,2000,4869.214,9506.437,2000,4791.368,9640.44,2000,5104.946,9428.893,2000,5206.373
9426.428,2000,4963.743,9409.689,2000,5038.875,9514.938,2000,5118.877,9336.921,2000,5019.204,9558.004,2000,4899.83,9678.823,2000,4871.626,9400.535,2000,4868.36,9505.37,2000,4791.561,9639.547,2000,5104.333,9427.81,2000,5206.363
9427.511,2000,4963.718,9409.66,2000,5039.958,9515.991,2000,5118.627,9335.985,2000,5018.657,9557.166,2000,4899.143,9679.327,2000,4872.585,9399.896,2000,4867.485,9504.311,2000,4791.788,9638.653,2000,5103.721,9426.728,2000,5206.318
9428.593,2000,4963.658,9409.667,2000,5041.042,9517.036,2000,5118.342,9335.033,2000,5018.141,9556.307,2000,4898.483,9679.8,2000,4873.56,9399.287,2000,4866.59,9503.26,2000,4792.049,9637.759,2000,5103.11,9425.647,2000,5206.237
9429.672,2000,4963.563,9409.709,2000,5042.125,9518.071,2000,5118.023,9334.064,2000,5017.656,9555.426,2000,4897.852,9680.24,2000,4874.55,9398.707,2000,4865.675,9502.218,2000,4792.345,9636.864,2000,5102.499,9424.57,2000,5206.122
9430.747,2000,4963.432,9409.786,2000,5043.205,9519.096,2000,5117.671,9333.08,2000,5017.204,9554.525,2000,4897.25,9680.647,2000,4875.554,9398.157,2000,4864.741,9501.186,2000,4792.675,9635.969,2000,5101.889,9423.498,2000,5205.971
9431.817,2000,4963.266,9409.898,2000,5044.283,9520.108,2000,5117.285,9332.082,2000,5016.783,9553.605,2000,4896.678,9681.022,2000,4876.57,9397.638,2000,4863.791,9500.165,2000,4793.039,9635.073,2000,5101.279,9422.431,2000,5205.785
9432.882,2000,4963.064,9410.046,2000,5045.356,9521.107,2000,5116.867,9331.07,2000,5016.396,9552.667,2000,4896.136,9681.363,2000,4877.599,9397.15,2000,4862.823,9499.157,2000,4793.435,9634.178,2000,5100.67,9421.37,2000,5205.564
9433.939,2000,4962.829,9410.229,2000,5046.424,9522.093,2000,5116.416,9330.053,2000,5016.023,9551.712,2000,4895.625,9681.671,2000,4878.638,9396.694,2000,4861.84,9498.163,2000,4793.865,9633.281,2000,5100.062,9420.317,2000,5205.309
9434.988,2000,4962.559,9410.446,2000,5047.485,9523.063,2000,5115.933,9329.04,2000,5015.639,9550.74,2000,4895.146,9681.944,2000,4879.686,9396.271,2000,4860.843,9497.183,2000,4794.327,9632.385,2000,5099.454,9419.273,2000,5205.019
9436.028,2000,4962.254,9410.698,2000,5048.539,9524.016,2000,5115.418,9328.031,2000,5015.244,9549.754,2000,4894.699,9682.183,2000,4880.743,9395.88,2000,4859.833,9496.218,2000,4794.82,9631.488,2000,5098.846,9418.239,2000,5204.695
9437.058,2000,4961.916,9410.985,2000,5049.583,9524.951,2000,5114.873,9327.026,2000,5014.839,9548.753,2000,4894.285,9682.387,2000,4881.807,9395.522,2000,4858.81,9495.271,2000,4795.345,9630.591,2000,5098.238,9417.217,2000,5204.338
9438.075,2000,4961.544,9411.306,2000,5050.618,9525.869,2000,5114.297,9326.025,2000,5014.425,9547.739,2000,4893.903,9682.556,2000,4882.876,9395.199,2000,4857.776,9494.341,2000,4795.901,9629.693,2000,5097.631,9416.206,2000,5203.947
9439.08,2000,4961.14,9411.66,2000,5051.642,9526.768,2000,5113.691,9325.028,2000,5014.002,9546.714,2000,4893.555,9682.689,2000,4883.952,9394.909,2000,4856.732,9493.43,2000,4796.487,9628.796,2000,5097.025,9415.209,2000,5203.524
9440.071,2000,4960.702,9412.048,2000,5052.654,9527.646,2000,5113.057,9324.035,2000,5013.57,9545.677,2000,4893.24,9682.788,2000,4885.03,9394.654,2000,4855.68,9492.538,2000,4797.102,9627.898,2000,5096.418,9414.227,2000,5203.068
9441.048,2000,4960.232,9412.469,2000,5053.652,9528.502,2000,5112.394,9323.045,2000,5013.131,9544.63,2000,4892.96,9682.852,2000,4886.112,9394.434,2000,4854.619,9491.667,2000,4797.746,9627.001,2000,5095.813,9413.26,2000,5202.58
9442.008,2000,4959.731,9412.915,2000,5054.64,9529.337,2000,5111.703,9322.059,2000,5012.684,9543.575,2000,4892.714,9682.88,2000,4887.195,9394.248,2000,4853.552,9490.817,2000,4798.418,9626.123,2000,5095.177,9412.309,2000,5202.061
9442.951,2000,4959.199,9413.328,2000,5055.641,9530.148,2000,5110.985,9321.087,2000,5012.205,9542.513,2000,4892.502,9682.872,2000,4888.278,9394.097,2000,4852.479,9489.99,2000,4799.118,9625.267,2000,5094.514,9411.375,2000,5201.511
9443.911,2000,4958.697,9413.774,2000,5056.628,9530.937,2000,5110.242,9320.132,2000,5011.694,9541.443,2000,4892.326,9682.829,2000,4889.361,9393.981,2000,4851.402,9489.187,2000,4799.845,9624.433,2000,5093.823,9410.46,2000,5200.931
9444.888,2000,4958.228,9414.252,2000,5057.601,9531.699,2000,5109.473,9319.193,2000,5011.152,9540.369,2000,4892.185,9682.751,2000,4890.441,9393.901,2000,4850.321,9488.407,2000,4800.597,9623.621,2000,5093.104,9409.564,2000,5200.321
9445.879,2000,4957.79,9414.762,2000,5058.557,9532.437,2000,5108.679,9318.273,2000,5010.58,9539.291,2000,4892.078,9682.638,2000,4891.519,9393.856,2000,4849.239,9487.652,2000,4801.375,9622.834,2000,5092.36,9408.689,2000,5199.682
9446.884,2000,4957.385,9415.303,2000,5059.496,9533.147,2000,5107.862,9317.373,2000,5009.978,9538.21,2000,4892.007,9682.489,2000,4892.592,9393.847,2000,4848.155,9486.924,2000,4802.176,9622.071,2000,5091.591,9407.836,2000,5199.015
9447.901,2000,4957.014,9415.874,2000,5060.416,9533.831,2000,5107.021,9316.492,2000,5009.347,9537.127,2000,4891.972,9682.306,2000,4893.659,9393.873,2000,4847.072,9486.222,2000,4803.001,9621.334,2000,5090.797,9407.005,2000,5198.32
9448.931,2000,4956.675,9416.475,2000,5061.317,9534.487,2000,5106.159,9315.633,2000,5008.688,9536.044,2000,4891.972,9682.087,2000,4894.72,9393.935,2000,4845.991,9485.547,2000,4803.849,9620.623,2000,5089.979,9406.197,2000,5197.599
9449.971,2000,4956.371,9417.104,2000,5062.199,9535.115,2000,5105.276,9314.796,2000,5008,9534.961,2000,4892.007,9681.834,2000,4895.773,9394.031,2000,4844.912,9484.9,2000,4804.718,9619.939,2000,5089.138,9405.413,2000,5196.851
9451.02,2000,4956.101,9417.763,2000,5063.059,9535.714,2000,5104.373,9313.981,2000,5007.286,9533.88,2000,4892.078,9681.546,2000,4896.818,9394.093,2000,4843.83,9484.282,2000,4805.608,9619.284,2000,5088.276,9404.654,2000,5196.078
9452.077,2000,4955.865,9418.449,2000,5063.897,9536.282,2000,5103.45,9313.19,2000,5006.545,9532.802,2000,4892.184,9681.225,2000,4897.853,9394.119,2000,4842.747,9483.636,2000,4806.478,9618.657,2000,5087.393,9403.921,2000,5195.281
9453.142,2000,4955.664,9419.162,2000,5064.713,9536.82,2000,5102.51,9312.425,2000,5005.779,9531.728,2000,4892.326,9680.869,2000,4898.876,9394.109,2000,4841.664,9482.961,2000,4807.325,9618.06,2000,5086.489,9403.214,2000,5194.46
9454.212,2000,4955.498,9419.901,2000,5065.504,9537.327,2000,5101.552,9311.685,2000,5004.988,9530.658,2000,4892.502,9680.48,2000,4899.887,9394.064,2000,4840.581,9482.259,2000,4808.15,9617.492,2000,5085.566,9402.534,2000,5193.616
9455.287,2000,4955.367,9420.666,2000,5066.271,9537.803,2000,5100.579,9310.971,2000,5004.174,9529.596,2000,4892.713,9680.059,2000,4900.885,9393.984,2000,4839.5,9481.53,2000,4808.952,9616.955,2000,5084.625,9401.883,2000,5192.751
9456.366,2000,4955.271,9421.456,2000,5067.013,9538.246,2000,5099.59,9310.283,2000,5003.336,9528.541,2000,4892.959,9679.604,2000,4901.869,9393.869,2000,4838.423,9480.775,2000,4809.729,9616.449,2000,5083.667,9401.26,2000,5191.865
9457.448,2000,4955.211,9422.27,2000,5067.729,9538.656,2000,5098.587,9309.624,2000,5002.477,9527.494,2000,4893.24,9679.118,2000,4902.837,9393.718,2000,4837.351,9479.996,2000,4810.482,9615.975,2000,5082.694,9400.666,2000,5190.958
9458.531,2000,4955.187,9423.106,2000,5068.417,9539.034,2000,5097.572,9308.993,2000,5001.597,9526.457,2000,4893.554,9678.601,2000,4903.789,9393.532,2000,4836.283,9479.192,2000,4811.208,9615.532,2000,5081.705,9400.103,2000,5190.033
9459.614,2000,4955.197,9423.965,2000,5069.078,9539.378,2000,5096.544,9308.392,2000,5000.696,9525.432,2000,4893.902,9678.053,2000,4904.723,9393.312,2000,4835.223,9478.365,2000,4811.908,9615.122,2000,5080.702,9399.569,2000,5189.09
9460.696,2000,4955.243,9424.845,2000,5069.709,9539.688,2000,5095.506,9307.819,2000,4999.776,9524.418,2000,4894.284,9677.475,2000,4905.639,9393.057,2000,4834.17,9477.516,2000,4812.581,9614.745,2000,5079.687,9399.067,2000,5188.13
9461.776,2000,4955.325,9425.745,2000,5070.313,9539.965,2000,5094.459,9307.277,2000,4998.838,9523.417,2000,4894.698,9676.866,2000,4906.536,9392.767,2000,4833.126,9476.645,2000,4813.225,9614.401,2000,5078.659,9398.597,2000,5187.154
9462.854,2000,4955.441,9426.664,2000,5070.886,9540.207,2000,5093.403,9306.767,2000,4997.882,9522.431,2000,4895.146,9676.229,2000,4907.412,9392.443,2000,4832.092,9475.753,2000,4813.84,9614.092,2000,5077.621,9398.158,2000,5186.164
9463.926,2000,4955.593,9427.602,2000,5071.429,9540.414,2000,5092.339,9306.287,2000,4996.911,9521.459,2000,4895.625,9675.564,2000,4908.267,9392.086,2000,4831.069,9474.842,2000,4814.426,9613.816,2000,5076.573,9397.753,2000,5185.159
9464.993,2000,4955.78,9428.557,2000,5071.94,9540.586,2000,5091.27,9305.84,2000,4995.924,9520.504,2000,4896.135,9674.871,2000,4909.099,9391.695,2000,4830.059,9473.912,2000,4814.981,9613.575,2000,5075.517,9397.381,2000,5184.142
9466.054,2000,4956.002,9429.527,2000,5072.421,9540.723,2000,5090.195,9305.426,2000,4994.923,9519.565,2000,4896.677,9674.151,2000,4909.909,9391.271,2000,4829.062,9472.965,2000,4815.506,9613.369,2000,5074.454,9397.042,2000,5183.113
9467.106,2000,4956.258,9430.514,2000,5072.869,9540.824,2000,5089.117,9305.044,2000,4993.909,9518.646,2000,4897.249,9673.405,2000,4910.694,9390.815,2000,4828.079,9472,2000,4816,9613.197,2000,5073.384,9396.737,2000,5182.074
9468.15,2000,4956.549,9431.514,2000,5073.285,9540.891,2000,5088.036,9304.695,2000,4992.883,9517.745,2000,4897.851,9672.634,2000,4911.455,9390.328,2000,4827.112,9471.02,2000,4816.462,9613.061,2000,5072.309,9396.467,2000,5181.025
9469.184,2000,4956.874,9432.527,2000,5073.668,9540.922,2000,5086.953,9304.381,2000,4991.847,9516.864,2000,4898.482,9671.838,2000,4912.19,9389.809,2000,4826.161,9470.025,2000,4816.892,9612.959,2000,5071.23,9396.23,2000,5179.968
9470.206,2000,4957.232,9433.553,2000,5074.018,9540.918,2000,5085.869,9304.101,2000,4990.8,9516.005,2000,4899.142,9671.019,2000,4912.898,9389.259,2000,4825.228,9469.018,2000,4817.288,9612.894,2000,5070.149,9396.028,2000,5178.903
9471.216,2000,4957.624,9434.589,2000,5074.333,9540.878,2000,5084.787,9303.854,2000,4989.745,9515.167,2000,4899.829,9670.177,2000,4913.58,9388.679,2000,4824.313,9467.997,2000,4817.651,9612.863,2000,5069.066,9395.861,2000,5177.833
9472.213,2000,4958.048,9435.635,2000,5074.615,9540.803,2000,5083.706,9303.644,2000,4988.683,9514.353,2000,4900.543,9669.313,2000,4914.233,9388.069,2000,4823.417,9466.965,2000,4817.981,9612.868,2000,5067.982,9395.729,2000,5176.758
9473.195,2000,4958.504,9436.689,2000,5074.862,9540.692,2000,5082.628,9303.467,2000,4987.614,9513.562,2000,4901.284,9668.428,2000,4914.858,9387.431,2000,4822.542,9465.923,2000,4818.277,9612.908,2000,5066.9,9395.633,2000,5175.679
9474.162,2000,4958.993,9437.752,2000,5075.075,9540.547,2000,5081.555,9303.325,2000,4986.54,9512.796,2000,4902.05,9667.522,2000,4915.454,9386.764,2000,4821.688,9464.872,2000,4818.539,9612.984,2000,5065.819,9395.571,2000,5174.597
9475.112,2000,4959.513,9438.82,2000,5075.252,9540.366,2000,5080.487,9303.219,2000,4985.461,9512.056,2000,4902.84,9666.599,2000,4916.02,9386.069,2000,4820.857,9463.813,2000,4818.766,9613.096,2000,5064.742,9395.546,2000,5173.514
9476.045,2000,4960.064,9439.895,2000,5075.395,9540.15,2000,5079.425,9303.147,2000,4984.38,9511.342,2000,4903.655,9665.656,2000,4916.555,9385.348,2000,4820.049,9462.746,2000,4818.958,9613.242,2000,5063.668,9395.556,2000,5172.431
9476.959,2000,4960.645,9440.973,2000,5075.502,9539.9,2000,5078.371,9303.112,2000,4983.298,9510.654,2000,4904.492,9664.697,2000,4917.059,9384.601,2000,4819.265,9461.674,2000,4819.116,9613.424,2000,5062.601,9395.601,2000,5171.348
9477.854,2000,4961.256,9442.047,2000,5075.645,9539.616,2000,5077.326,9303.112,2000,4982.214,9509.995,2000,4905.352,9663.723,2000,4917.531,9383.828,2000,4818.505,9460.598,2000,4819.238,9613.64,2000,5061.539,9395.681,2000,5170.268
9478.728,2000,4961.896,9443.115,2000,5075.823,9539.298,2000,5076.29,9303.147,2000,4981.132,9509.364,2000,4906.232,9662.732,2000,4917.971,9383.031,2000,4817.772,9459.518,2000,4819.325,9613.891,2000,5060.485,9395.797,2000,5169.19
9479.58,2000,4962.563,9444.178,2000,5076.035,9538.945,2000,5075.266,9303.219,2000,4980.051,9508.705,2000,4907.091,9661.729,2000,4918.379,9382.211,2000,4817.065,9458.441,2000,4819.447,9614.176,2000,5059.44,9395.948,2000,5168.118
9480.411,2000,4963.259,9445.232,2000,5076.282,9538.56,2000,5074.253,9303.325,2000,4978.973,9508.018,2000,4907.929,9660.712,2000,4918.753,9381.367,2000,4816.385,9457.369,2000,4819.604,9614.495,2000,5058.405,9396.135,2000,5167.05
9481.219,2000,4963.981,9446.278,2000,5076.564,9538.141,2000,5073.254,9303.467,2000,4977.898,9507.304,2000,4908.743,9659.69,2000,4919.114,9380.502,2000,4815.733,9456.303,2000,4819.796,9614.848,2000,5057.381,9396.355,2000,5165.99
9482.002,2000,4964.729,9447.314,2000,5076.88,9537.689,2000,5072.27,9303.644,2000,4976.83,9506.563,2000,4909.534,9658.669,2000,4919.476,9379.616,2000,4815.11,9455.243,2000,4820.023,9615.234,2000,5056.369,9396.611,2000,5164.937
9482.761,2000,4965.502,9448.34,2000,5077.229,9537.206,2000,5071.3,9303.854,2000,4975.767,9505.798,2000,4910.3,9657.648,2000,4919.838,9378.71,2000,4814.517,9454.192,2000,4820.285,9615.653,2000,5055.37,9396.901,2000,5163.893
9483.493,2000,4966.3,9449.354,2000,5077.612,9536.691,2000,5070.347,9304.101,2000,4974.712,9505.007,2000,4911.041,9656.628,2000,4920.201,9377.785,2000,4813.953,9453.15,2000,4820.581,9616.105,2000,5054.385,9397.226,2000,5162.859
9484.199,2000,4967.122,9450.379,2000,5077.962,9536.146,2000,5069.411,9304.381,2000,4973.666,9504.192,2000,4911.755,9655.607,2000,4920.565,9376.842,2000,4813.419,9452.118,2000,4820.911,9616.589,2000,5053.416,9397.516,2000,5161.815
9484.878,2000,4967.966,9451.415,2000,5078.278,9535.569,2000,5068.493,9304.695,2000,4972.629,9503.354,2000,4912.442,9654.588,2000,4920.931,9375.882,2000,4812.917,9451.098,2000,4821.274,9617.104,2000,5052.462,9397.771,2000,5160.763
9485.529,2000,4968.832,9452.461,2000,5078.56,9534.964,2000,5067.595,9305.044,2000,4971.603,9502.495,2000,4913.102,9653.568,2000,4921.297,9374.906,2000,4812.446,9450.09,2000,4821.671,9617.649,2000,5051.527,9397.992,2000,5159.702
9486.151,2000,4969.718,9453.516,2000,5078.807,9534.329,2000,5066.717,9305.426,2000,4970.589,9501.614,2000,4913.732,9652.55,2000,4921.665,9373.916,2000,4812.008,9449.096,2000,4822.101,9618.226,2000,5050.609,9398.179,2000,5158.635
9486.744,2000,4970.625,9454.578,2000,5079.019,9533.666,2000,5065.86,9305.841,2000,4969.588,9500.714,2000,4914.334,9651.531,2000,4922.034,9372.911,2000,4811.602,9448.115,2000,4822.563,9618.832,2000,5049.711,9398.33,2000,5157.562
9487.308,2000,4971.55,9455.646,2000,5079.197,9532.976,2000,5065.025,9306.288,2000,4968.602,9499.794,2000,4914.907,9650.513,2000,4922.404,9371.894,2000,4811.229,9447.15,2000,4823.056,9619.467,2000,5048.834,9398.446,2000,5156.485
9487.84,2000,4972.494,9456.721,2000,5079.339,9532.258,2000,5064.214,9306.768,2000,4967.63,9498.855,2000,4915.448,9649.495,2000,4922.775,9370.864,2000,4810.89,9446.203,2000,4823.581,9620.13,2000,5047.978,9398.526,2000,5155.404
9488.341,2000,4973.454,9457.799,2000,5079.447,9531.567,2000,5063.379,9307.278,2000,4966.674,9497.9,2000,4915.959,9648.478,2000,4923.147,9369.825,2000,4810.585,9445.273,2000,4824.137,9620.821,2000,5047.144,9398.571,2000,5154.322
9488.811,2000,4974.43,9458.88,2000,5079.519,9530.85,2000,5062.568,9307.82,2000,4965.736,9496.929,2000,4916.438,9647.461,2000,4923.521,9368.776,2000,4810.314,9444.362,2000,4824.723,9621.539,2000,5046.333,9398.581,2000,5153.238
9489.248,2000,4975.421,9459.963,2000,5079.556,9530.105,2000,5061.78,9308.393,2000,4964.816,9495.942,2000,4916.885,9646.444,2000,4923.896,9367.719,2000,4810.077,9443.471,2000,4825.338,9622.283,2000,5045.545,9398.556,2000,5152.155
9489.652,2000,4976.426,9461.046,2000,5079.557,9529.336,2000,5061.018,9308.994,2000,4963.916,9494.941,2000,4917.3,9645.429,2000,4924.272,9366.657,2000,4809.863,9442.6,2000,4825.982,9623.053,2000,5044.783,9398.494,2000,5151.074
9490.024,2000,4977.444,9462.129,2000,5079.523,9528.542,2000,5060.28,9309.625,2000,4963.035,9493.928,2000,4917.681,9644.413,2000,4924.65,9365.598,2000,4809.638,9441.75,2000,4826.654,9623.847,2000,5044.046,9398.397,2000,5149.995
9490.362,2000,4978.473,9463.21,2000,5079.454,9527.725,2000,5059.569,9310.284,2000,4962.176,9492.902,2000,4918.029,9643.398,2000,4925.029,9364.54,2000,4809.402,9440.923,2000,4827.354,9624.664,2000,5043.335,9398.266,2000,5148.919
9490.667,2000,4979.513,9464.288,2000,5079.349,9526.885,2000,5058.885,9310.972,2000,4961.338,9491.865,2000,4918.344,9642.384,2000,4925.409,9363.485,2000,4809.154,9440.119,2000,4828.081,9625.505,2000,5042.652,9398.099,2000,5147.849
9490.938,2000,4980.562,9465.362,2000,5079.208,9526.022,2000,5058.229,9311.686,2000,4960.524,9490.818,2000,4918.624,9641.37,2000,4925.79,9362.434,2000,4808.894,9439.34,2000,4828.833,9626.367,2000,5041.997,9397.896,2000,5146.785
9491.173,2000,4981.62,9466.432,2000,5079.033,9525.183,2000,5057.545,9312.426,2000,4959.733,9489.764,2000,4918.87,9640.356,2000,4926.172,9361.385,2000,4808.622,9438.585,2000,4829.61,9627.208,2000,5041.313,9397.66,2000,5145.728
9491.374,2000,4982.684,9467.494,2000,5078.823,9524.365,2000,5056.834,9313.191,2000,4958.967,9488.701,2000,4919.082,9639.344,2000,4926.556,9360.34,2000,4808.338,9437.856,2000,4830.412,9628.025,2000,5040.603,9397.39,2000,5144.679
9491.609,2000,4983.742,9468.563,2000,5078.648,9523.571,2000,5056.097,9313.982,2000,4958.227,9487.632,2000,4919.258,9638.331,2000,4926.941,9359.298,2000,4808.041,9437.154,2000,4831.237,9628.819,2000,5039.866,9397.085,2000,5143.639
9491.88,2000,4984.791,9469.638,2000,5078.508,9522.802,2000,5055.334,9314.797,2000,4957.512,9486.558,2000,4919.399,9637.318,2000,4927.327,9358.26,2000,4807.732,9436.479,2000,4832.085,9629.589,2000,5039.103,9396.746,2000,5142.61
9492.185,2000,4985.831,9470.716,2000,5078.403,9522.058,2000,5054.546,9315.635,2000,4956.825,9485.479,2000,4919.505,9636.307,2000,4927.713,9357.226,2000,4807.41,9435.833,2000,4832.954,9630.333,2000,5038.316,9396.374,2000,5141.593
9492.522,2000,4986.86,9471.797,2000,5078.333,9521.34,2000,5053.735,9316.494,2000,4956.166,9484.398,2000,4919.576,9635.295,2000,4928.102,9356.195,2000,4807.075,9435.215,2000,4833.844,9631.051,2000,5037.505,9395.969,2000,5140.589
9492.895,2000,4987.877,9472.88,2000,5078.299,9520.649,2000,5052.9,9317.375,2000,4955.535,9483.315,2000,4919.612,9634.284,2000,4928.491,9355.169,2000,4806.727,9434.627,2000,4834.754,9631.742,2000,5036.671,9395.53,2000,5139.598
9493.299,2000,4988.882,9473.963,2000,5078.301,9519.986,2000,5052.043,9318.275,2000,4954.933,9482.232,2000,4919.612,9633.273,2000,4928.881,9354.147,2000,4806.367,9434.068,2000,4835.682,9632.405,2000,5035.814,9395.06,2000,5138.622
9493.736,2000,4989.874,9475.046,2000,5078.337,9519.352,2000,5051.166,9319.195,2000,4954.36,9481.149,2000,4919.576,9632.263,2000,4929.272,9353.131,2000,4805.994,9433.541,2000,4836.628,9633.04,2000,5034.937,9394.558,2000,5137.662
9494.206,2000,4990.85,9476.127,2000,5078.41,9518.746,2000,5050.267,9320.134,2000,4953.819,9480.068,2000,4919.505,9631.253,2000,4929.664,9352.118,2000,4805.608,9433.045,2000,4837.591,9633.646,2000,5034.039,9394.024,2000,5136.719
9494.707,2000,4991.81,9477.205,2000,5078.517,9518.17,2000,5049.35,9321.089,2000,4953.308,9478.99,2000,4919.399,9630.243,2000,4930.057,9351.11,2000,4805.21,9432.58,2000,4838.57,9634.223,2000,5033.122,9393.522,2000,5135.759
9495.239,2000,4992.753,9478.279,2000,5078.66,9517.624,2000,5048.414,9322.061,2000,4952.829,9477.916,2000,4919.257,9629.234,2000,4930.451,9350.107,2000,4804.799,9432.147,2000,4839.563,9634.769,2000,5032.186,9393.052,2000,5134.783
9495.803,2000,4993.679,9479.348,2000,5078.837,9517.109,2000,5047.46,9323.047,2000,4952.382,9476.847,2000,4919.081,9628.226,2000,4930.846,9349.11,2000,4804.376,9431.748,2000,4840.57,9635.283,2000,5031.233,9392.613,2000,5133.792
9496.396,2000,4994.585,9480.41,2000,5079.05,9516.626,2000,5046.491,9324.048,2000,4951.967,9475.784,2000,4918.87,9627.204,2000,4931.208,9348.118,2000,4803.942,9431.382,2000,4841.589,9635.767,2000,5030.264,9392.208,2000,5132.788
9497.018,2000,4995.472,9481.465,2000,5079.297,9516.175,2000,5045.506,9325.062,2000,4951.586,9474.729,2000,4918.624,9626.172,2000,4931.536,9347.131,2000,4803.496,9431.049,2000,4842.62,9636.281,2000,5029.311,9391.836,2000,5131.771
9497.669,2000,4996.338,9482.511,2000,5079.579,9515.756,2000,5044.507,9326.087,2000,4951.238,9473.683,2000,4918.343,9625.129,2000,4931.83,9346.149,2000,4803.038,9430.75,2000,4843.662,9636.827,2000,5028.375,9391.497,2000,5130.742
9498.348,2000,4997.182,9483.547,2000,5079.895,9515.37,2000,5043.495,9327.124,2000,4950.923,9472.646,2000,4918.029,9624.077,2000,4932.09,9345.173,2000,4802.569,9430.485,2000,4844.712,9637.403,2000,5027.458,9391.192,2000,5129.703
9499.054,2000,4998.003,9484.572,2000,5080.244,9515.018,2000,5042.47,9328.171,2000,4950.643,9471.62,2000,4917.681,9623.018,2000,4932.315,9344.201,2000,4802.089,9430.255,2000,4845.771,9638.01,2000,5026.56,9390.922,2000,5128.654
9499.786,2000,4998.801,9485.586,2000,5080.627,9514.699,2000,5041.435,9329.226,2000,4950.397,9470.606,2000,4917.299,9621.951,2000,4932.505,9343.235,2000,4801.599,9430.06,2000,4846.836,9638.645,2000,5025.682,9390.686,2000,5127.597
9500.545,2000,4999.575,9486.586,2000,5081.043,9514.415,2000,5040.389,9330.288,2000,4950.186,9469.605,2000,4916.884,9620.879,2000,4932.661,9342.274,2000,4801.098,9429.899,2000,4847.907,9639.308,2000,5024.826,9390.483,2000,5126.532
9501.328,2000,5000.323,9487.572,2000,5081.491,9514.165,2000,5039.335,9331.357,2000,4950.009,9468.619,2000,4916.437,9619.803,2000,4932.782,9341.319,2000,4800.588,9429.774,2000,4848.983,9639.999,2000,5023.992,9390.316,2000,5125.462
9502.136,2000,5001.045,9488.543,2000,5081.972,9513.949,2000,5038.273,9332.432,2000,4949.868,9467.647,2000,4915.958,9618.723,2000,4932.867,9340.348,2000,4800.109,9429.614,2000,4850.055,9640.717,2000,5023.181,9390.185,2000,5124.387
9502.967,2000,5001.74,9489.498,2000,5082.483,9513.769,2000,5037.205,9333.51,2000,4949.762,9466.692,2000,4915.447,9617.641,2000,4932.917,9339.36,2000,4799.662,9429.419,2000,4851.12,9641.461,2000,5022.394,9390.088,2000,5123.308
9503.819,2000,5002.408,9490.436,2000,5083.026,9513.623,2000,5036.132,9334.591,2000,4949.691,9465.754,2000,4914.906,9616.558,2000,4932.931,9338.359,2000,4799.248,9429.188,2000,4852.179,9642.23,2000,5021.631,9390.026,2000,5122.226
9504.693,2000,5003.048,9491.354,2000,5083.6,9513.513,2000,5035.054,9335.674,2000,4949.655,9464.834,2000,4914.333,9615.475,2000,4932.91,9337.346,2000,4798.866,9428.924,2000,4853.229,9643.024,2000,5020.894,9390.001,2000,5121.143
9505.588,2000,5003.659,9492.255,2000,5084.203,9513.438,2000,5033.974,9336.757,2000,4949.655,9463.934,2000,4913.731,9614.393,2000,4932.853,9336.319,2000,4798.518,9428.625,2000,4854.271,9643.842,2000,5020.184,9390.011,2000,5120.06
9506.502,2000,5004.24,9493.135,2000,5084.834,9513.397,2000,5032.891,9337.84,2000,4949.691,9463.053,2000,4913.101,9613.313,2000,4932.761,9335.282,2000,4798.204,9428.292,2000,4855.301,9644.683,2000,5019.5,9390.056,2000,5118.977
9507.435,2000,5004.791,9493.993,2000,5085.495,9513.394,2000,5031.808,9338.921,2000,4949.762,9462.152,2000,4912.499,9612.237,2000,4932.634,9334.235,2000,4797.923,9427.926,2000,4856.321,9645.545,2000,5018.845,9390.136,2000,5117.896
9508.385,2000,5005.311,9494.83,2000,5086.184,9513.425,2000,5030.725,9340.001,2000,4949.844,9461.232,2000,4911.926,9611.166,2000,4932.471,9333.181,2000,4797.678,9427.526,2000,4857.328,9646.429,2000,5018.218,9390.252,2000,5116.819
9509.352,2000,5005.799,9495.644,2000,5086.899,9513.491,2000,5029.644,9341.081,2000,4949.925,9460.294,2000,4911.385,9610.101,2000,4932.274,9332.118,2000,4797.467,9427.094,2000,4858.321,9647.332,2000,5017.62,9390.403,2000,5115.747
9510.334,2000,5006.256,9496.434,2000,5087.641,9513.593,2000,5028.565,9342.161,2000,4950.004,9459.339,2000,4910.874,9609.042,2000,4932.042,9331.049,2000,4797.291,9426.629,2000,4859.299,9648.255,2000,5017.052,9390.59,2000,5114.679
9511.331,2000,5006.68,9497.198,2000,5088.408,9513.729,2000,5027.49,9343.241,2000,4950.082,9458.367,2000,4910.395,9607.992,2000,4931.775,9329.975,2000,4797.149,9426.133,2000,4860.262,9649.195,2000,5016.515,9390.811,2000,5113.619
9512.341,2000,5007.072,9497.938,2000,5089.199,9513.901,2000,5026.421,9344.322,2000,4950.158,9457.381,2000,4909.948,9606.951,2000,4931.475,9328.896,2000,4797.043,9425.605,2000,4861.208,9650.153,2000,5016.009,9391.066,2000,5112.566
9513.363,2000,5007.43,9498.65,2000,5090.015,9514.108,2000,5025.357,9345.403,2000,4950.231,9456.38,2000,4909.533,9605.921,2000,4931.14,9327.815,2000,4796.973,9425.047,2000,4862.137,9651.127,2000,5015.534,9391.356,2000,5111.522
9514.396,2000,5007.755,9499.337,2000,5090.853,9514.351,2000,5024.301,9346.484,2000,4950.303,9455.366,2000,4909.151,9604.902,2000,4930.772,9326.732,2000,4796.938,9424.459,2000,4863.046,9652.116,2000,5015.092,9391.681,2000,5110.488
9515.44,2000,5008.045,9499.995,2000,5091.713,9514.627,2000,5023.254,9347.565,2000,4950.373,9454.341,2000,4908.803,9603.896,2000,4930.371,9325.649,2000,4796.938,9423.841,2000,4863.937,9653.119,2000,5014.682,9392.038,2000,5109.466
9516.493,2000,5008.302,9500.625,2000,5092.595,9514.938,2000,5022.216,9348.646,2000,4950.44,9453.304,2000,4908.489,9602.904,2000,4929.937,9324.566,2000,4796.974,9423.194,2000,4864.806,9654.135,2000,5014.305,9392.429,2000,5108.456
9517.554,2000,5008.523,9501.226,2000,5093.496,9515.281,2000,5021.188,9349.728,2000,4950.506,9452.257,2000,4908.208,9601.927,2000,4929.47,9323.485,2000,4797.045,9422.52,2000,4865.653,9655.162,2000,5013.961,9392.853,2000,5107.458
9518.621,2000,5008.71,9501.797,2000,5094.417,9515.659,2000,5020.173,9350.809,2000,4950.569,9451.202,2000,4907.962,9600.965,2000,4928.972,9322.407,2000,4797.151,9421.817,2000,4866.479,9656.2,2000,5013.652,9393.309,2000,5106.476
9519.693,2000,5008.862,9502.338,2000,5095.355,9516.003,2000,5019.146,9351.891,2000,4950.63,9450.14,2000,4907.751,9599.987,2000,4928.506,9321.333,2000,4797.293,9421.089,2000,4867.28,9657.228,2000,5013.309,9393.797,2000,5105.508
9520.771,2000,5008.979,9502.848,2000,5096.312,9516.313,2000,5018.107,9352.973,2000,4950.688,9449.07,2000,4907.575,9598.995,2000,4928.072,9320.265,2000,4797.47,9420.334,2000,4868.058,9658.243,2000,5012.932,9394.316,2000,5104.558
9521.851,2000,5009.061,9503.325,2000,5097.284,9516.59,2000,5017.06,9354.055,2000,4950.744,9447.996,2000,4907.433,9597.989,2000,4927.67,9319.202,2000,4797.681,9419.555,2000,4868.81,9659.246,2000,5012.521,9394.866,2000,5103.625
9522.933,2000,5009.106,9503.771,2000,5098.271,9516.832,2000,5016.004,9355.137,2000,4950.797,9446.918,2000,4907.327,9596.971,2000,4927.302,9318.147,2000,4797.927,9418.751,2000,4869.537,9660.235,2000,5012.079,9395.446,2000,5102.71
9524.016,2000,5009.117,9504.185,2000,5099.272,9517.039,2000,5014.94,9356.219,2000,4950.848,9445.837,2000,4907.256,9595.94,2000,4926.968,9317.102,2000,4798.208,9417.924,2000,4870.236,9661.209,2000,5011.604,9396.057,2000,5101.814
9525.099,2000,5009.092,9504.565,2000,5100.287,9517.211,2000,5013.871,9357.299,2000,4950.934,9444.754,2000,4907.22,9594.899,2000,4926.667,9316.065,2000,4798.523,9417.074,2000,4870.909,9662.167,2000,5011.098,9396.669,2000,5100.92
9526.181,2000,5009.032,9504.912,2000,5101.313,9517.348,2000,5012.796,9358.375,2000,4951.056,9443.671,2000,4907.22,9593.85,2000,4926.4,9315.04,2000,4798.872,9416.203,2000,4871.553,9663.107,2000,5010.561,9397.28,2000,5100.026
9527.26,2000,5008.937,9505.226,2000,5102.35,9517.449,2000,5011.718,9359.447,2000,4951.212,9442.588,2000,4907.256,9592.791,2000,4926.168,9314.026,2000,4799.253,9415.312,2000,4872.168,9664.03,2000,5009.993,9397.892,2000,5099.131
9528.335,2000,5008.806,9505.505,2000,5103.397,9517.516,2000,5010.637,9360.514,2000,4951.404,9441.507,2000,4907.327,9591.726,2000,4925.971,9313.025,2000,4799.668,9414.4,2000,4872.754,9664.934,2000,5009.396,9398.502,2000,5098.236
9529.405,2000,5008.64,9505.75,2000,5104.452,9517.547,2000,5009.554,9361.573,2000,4951.63,9440.429,2000,4907.433,9590.654,2000,4925.809,9312.039,2000,4800.116,9413.471,2000,4873.31,9665.817,2000,5008.769,9399.112,2000,5097.341
9530.47,2000,5008.438,9505.96,2000,5105.515,9517.543,2000,5008.47,9362.625,2000,4951.891,9439.354,2000,4907.574,9589.578,2000,4925.681,9311.067,2000,4800.595,9412.523,2000,4873.834,9666.68,2000,5008.113,9399.722,2000,5096.446
9531.54,2000,5008.272,9506.135,2000,5106.584,9517.503,2000,5007.388,9363.667,2000,4952.186,9438.285,2000,4907.75,9588.499,2000,4925.589,9310.112,2000,4801.106,9411.559,2000,4874.328,9667.521,2000,5007.43,9400.33,2000,5095.55
9532.615,2000,5008.142,9506.274,2000,5107.658,9517.428,2000,5006.307,9364.699,2000,4952.515,9437.223,2000,4907.962,9587.417,2000,4925.533,9309.174,2000,4801.648,9410.578,2000,4874.79,9668.338,2000,5006.719,9400.938,2000,5094.653
9533.694,2000,5008.046,9506.379,2000,5108.736,9517.317,2000,5005.229,9365.72,2000,4952.878,9436.168,2000,4908.208,9586.338,2000,4925.441,9308.254,2000,4802.22,9409.584,2000,4875.22,9669.132,2000,5005.982,9401.546,2000,5093.756
9534.776,2000,5007.986,9506.448,2000,5109.817,9517.172,2000,5004.156,9366.729,2000,4953.274,9435.121,2000,4908.488,9585.262,2000,4925.313,9307.354,2000,4802.822,9408.576,2000,4875.616,9669.901,2000,5005.22,9402.152,2000,5092.858
9535.859,2000,5007.961,9506.482,2000,5110.9,9516.991,2000,5003.088,9367.724,2000,4953.703,9434.084,2000,4908.803,9584.19,2000,4925.151,9306.473,2000,4803.454,9407.556,2000,4875.979,9670.646,2000,5004.433,9402.758,2000,5091.959
9536.942,2000,5007.972,9506.481,2000,5111.984,9516.775,2000,5002.026,9368.704,2000,4954.164,9433.059,2000,4909.151,9583.125,2000,4924.954,9305.613,2000,4804.113,9406.523,2000,4876.31,9671.363,2000,5003.622,9403.361,2000,5091.06
9538.024,2000,5008.018,9506.444,2000,5113.066,9516.525,2000,5000.972,9369.669,2000,4954.656,9432.045,2000,4909.532,9582.066,2000,4924.722,9304.776,2000,4804.801,9405.481,2000,4876.605,9672.055,2000,5002.788,9403.964,2000,5090.16
9539.104,2000,5008.099,9506.372,2000,5114.147,9516.241,2000,4999.927,9370.617,2000,4955.18,9431.044,2000,4909.947,9581.017,2000,4924.455,9303.962,2000,4805.515,9404.431,2000,4876.867,9672.718,2000,5001.931,9404.565,2000,5089.259
9540.182,2000,5008.216,9506.265,2000,5115.226,9515.923,2000,4998.891,9371.548,2000,4955.735,9430.058,2000,4910.394,9579.976,2000,4924.154,9303.172,2000,4806.256,9403.371,2000,4877.094,9673.353,2000,5001.054,9405.165,2000,5088.357
9541.254,2000,5008.368,9506.122,2000,5116.299,9515.57,2000,4997.867,9372.46,2000,4956.32,9429.086,2000,4910.873,9578.945,2000,4923.82,9302.406,2000,4807.022,9402.305,2000,4877.287,9673.959,2000,5000.156,9405.764,2000,5087.454
9542.321,2000,5008.555,9505.944,2000,5117.368,9515.185,2000,4996.854,9373.353,2000,4956.935,9428.131,2000,4911.384,9577.927,2000,4923.452,9301.666,2000,4807.813,9401.232,2000,4877.444,9674.535,2000,4999.238,9406.36,2000,5086.55
9543.382,2000,5008.776,9505.731,2000,5118.431,9514.766,2000,4995.855,9374.224,2000,4957.578,9427.192,2000,4911.925,9576.921,2000,4923.05,9300.952,2000,4808.627,9400.156,2000,4877.566,9675.081,2000,4998.303,9406.955,2000,5085.645
9544.435,2000,5009.033,9505.484,2000,5119.485,9514.314,2000,4994.871,9375.073,2000,4958.25,9426.272,2000,4912.498,9575.929,2000,4922.616,9300.265,2000,4809.465,9399.076,2000,4877.653,9675.596,2000,4997.35,9407.549,2000,5084.738
9545.479,2000,5009.323,9505.203,2000,5120.531,9513.831,2000,4993.901,9375.9,2000,4958.949,9425.372,2000,4913.1,9574.951,2000,4922.15,9299.605,2000,4810.325,9397.994,2000,4877.705,9676.079,2000,4996.38,9408.141,2000,5083.831
9546.512,2000,5009.648,9504.888,2000,5121.567,9513.316,2000,4992.948,9376.705,2000,4959.674,9424.491,2000,4913.73,9573.989,2000,4921.652,9298.975,2000,4811.206,9396.911,2000,4877.721,9676.531,2000,4995.396,9408.73,2000,5082.922
9547.534,2000,5010.006,9504.538,2000,5122.593,9512.771,2000,4992.012,9377.485,2000,4960.426,9423.632,2000,4914.39,9573.044,2000,4921.123,9298.373,2000,4812.106,9395.828,2000,4877.701,9676.95,2000,4994.396,9409.318,2000,5082.012
9548.544,2000,5010.398,9504.155,2000,5123.606,9512.194,2000,4991.094,9378.24,2000,4961.203,9422.794,2000,4915.077,9572.116,2000,4920.563,9297.801,2000,4813.026,9394.746,2000,4877.646,9677.337,2000,4993.384,9409.903,2000,5081.1
9549.541,2000,5010.822,9503.739,2000,5124.607,9511.589,2000,4990.196,9378.97,2000,4962.004,9421.979,2000,4915.792,9571.208,2000,4919.973,9297.26,2000,4813.965,9393.667,2000,4877.556,9677.689,2000,4992.36,9410.486,2000,5080.187
9550.523,2000,5011.279,9503.291,2000,5125.593,9510.954,2000,4989.318,9379.673,2000,4962.829,9421.188,2000,4916.532,9570.319,2000,4919.354,9296.749,2000,4814.92,9392.591,2000,4877.431,9678.009,2000,4991.325,9411.066,2000,5079.272
9551.49,2000,5011.768,9502.811,2000,5126.564,9510.291,2000,4988.461,9380.349,2000,4963.676,9420.423,2000,4917.298,9569.451,2000,4918.706,9296.271,2000,4815.892,9391.52,2000,4877.27,9678.294,2000,4990.28,9411.645,2000,5078.356
9552.44,2000,5012.288,9502.299,2000,5127.519,9509.601,2000,4987.626,9380.996,2000,4964.544,9419.683,2000,4918.089,9568.604,2000,4918.029,9295.823,2000,4816.879,9390.454,2000,4877.075,9678.545,2000,4989.226,9412.22,2000,5077.438
9553.373,2000,5012.838,9501.756,2000,5128.457,9508.883,2000,4986.815,9381.614,2000,4965.434,9418.969,2000,4918.903,9567.78,2000,4917.326,9295.409,2000,4817.88,9389.396,2000,4876.844,9678.761,2000,4988.165,9412.792,2000,5076.518
9554.287,2000,5013.419,9501.183,2000,5129.376,9508.139,2000,4986.027,9382.203,2000,4966.343,9418.281,2000,4919.741,9566.979,2000,4916.596,9295.027,2000,4818.894,9388.345,2000,4876.58,9678.942,2000,4987.097,9413.361,2000,5075.597
9555.182,2000,5014.03,9500.58,2000,5130.276,9507.369,2000,4985.265,9382.762,2000,4967.271,9417.622,2000,4920.6,9566.203,2000,4915.84,9294.68,2000,4819.92,9387.304,2000,4876.281,9679.089,2000,4986.023,9413.928,2000,5074.673
9556.056,2000,5014.67,9499.948,2000,5131.156,9506.575,2000,4984.527,9383.29,2000,4968.217,9416.991,2000,4921.48,9565.452,2000,4915.059,9294.365,2000,4820.957,9386.272,2000,4875.948,9679.2,2000,4984.946,9414.491,2000,5073.748
9556.95,2000,5015.281,9499.288,2000,5132.015,9505.758,2000,4983.816,9383.787,2000,4969.179,9416.39,2000,4922.381,9564.728,2000,4914.254,9294.085,2000,4822.003,9385.253,2000,4875.582,9679.276,2000,4983.865,9415.051,2000,5072.821
9557.864,2000,5015.862,9498.6,2000,5132.851,9504.918,2000,4983.132,9384.253,2000,4970.158,9415.817,2000,4923.301,9564.029,2000,4913.426,9293.839,2000,4823.058,9384.246,2000,4875.182,9679.316,2000,4982.783,9415.607,2000,5071.891
9558.786,2000,5016.432,9497.885,2000,5133.665,9504.056,2000,4982.476,9384.686,2000,4971.151,9415.275,2000,4924.239,9563.358,2000,4912.575,9293.628,2000,4824.121,9383.253,2000,4874.75,9679.321,2000,4981.699,9416.16,2000,5070.959
9559.707,2000,5017.003,9497.144,2000,5134.455,9503.173,2000,4981.849,9385.086,2000,4972.158,9414.765,2000,4925.195,9562.716,2000,4911.703,9293.452,2000,4825.189,9382.274,2000,4874.286,9679.291,2000,4980.616,9416.709,2000,5070.025
9560.627,2000,5017.575,9496.377,2000,5135.22,9502.27,2000,4981.25,9385.453,2000,4973.177,9414.285,2000,4926.167,9562.103,2000,4910.811,9293.311,2000,4826.264,9381.312,2000,4873.789,9679.226,2000,4979.535,9417.254,2000,5069.089
9561.547,2000,5018.147,9495.585,2000,5135.959,9501.348,2000,4980.682,9385.787,2000,4974.208,9413.838,2000,4927.153,9561.519,2000,4909.898,9293.205,2000,4827.342,9380.365,2000,4873.261,9679.124,2000,4978.456,9417.795,2000,5068.151
9562.467,2000,5018.72,9494.77,2000,5136.673,9500.407,2000,4980.144,9386.087,2000,4975.249,9413.423,2000,4928.154,9560.965,2000,4908.967,9293.063,2000,4828.416,9379.437,2000,4872.703,9678.987,2000,4977.381,9418.366,2000,5067.23
9563.387,2000,5019.292,9493.932,2000,5137.359,9499.45,2000,4979.637,9386.353,2000,4976.299,9413.041,2000,4929.168,9560.441,2000,4908.018,9292.888,2000,4829.485,9378.527,2000,4872.115,9678.815,2000,4976.312,9418.968,2000,5066.329
9564.308,2000,5019.862,9493.071,2000,5138.018,9498.477,2000,4979.162,9386.584,2000,4977.357,9412.692,2000,4930.194,9559.949,2000,4907.053,9292.677,2000,4830.547,9377.638,2000,4871.497,9678.609,2000,4975.248,9419.598,2000,5065.448
9565.229,2000,5020.432,9492.19,2000,5138.647,9497.488,2000,4978.719,9386.78,2000,4978.423,9412.311,2000,4931.208,9559.489,2000,4906.072,9292.431,2000,4831.603,9376.769,2000,4870.851,9678.368,2000,4974.192,9420.257,2000,5064.588
9566.152,2000,5021,9491.289,2000,5139.248,9496.485,2000,4978.309,9386.941,2000,4979.494,9411.896,2000,4932.208,9559.062,2000,4905.077,9292.15,2000,4832.649,9375.921,2000,4870.176,9678.093,2000,4973.144,9420.943,2000,5063.75
9567.076,2000,5021.566,9490.368,2000,5139.819,9495.47,2000,4977.931,9387.067,2000,4980.57,9411.448,2000,4933.195,9558.667,2000,4904.068,9291.836,2000,4833.686,9375.096,2000,4869.474,9677.783,2000,4972.106,9421.657,2000,5062.936
9568.001,2000,5022.13,9489.43,2000,5140.359,9494.442,2000,4977.587,9387.158,2000,4981.65,9410.969,2000,4934.167,9558.306,2000,4903.047,9291.488,2000,4834.711,9374.294,2000,4868.745,9677.439,2000,4971.079,9422.397,2000,5062.144
9568.928,2000,5022.691,9488.474,2000,5140.869,9493.404,2000,4977.277,9387.214,2000,4982.732,9410.458,2000,4935.123,9557.978,2000,4902.015,9291.106,2000,4835.726,9373.517,2000,4867.991,9677.063,2000,4970.063,9423.163,2000,5061.377
9569.856,2000,5023.249,9487.501,2000,5141.347,9492.356,2000,4977,9387.234,2000,4983.815,9409.916,2000,4936.061,9557.684,2000,4900.972,9290.692,2000,4836.727,9372.765,2000,4867.211,9676.652,2000,4969.06,9423.953,2000,5060.636
9570.787,2000,5023.804,9486.514,2000,5141.793,9491.318,2000,4976.69,9387.219,2000,4984.898,9409.344,2000,4936.98,9557.355,2000,4899.94,9290.245,2000,4837.713,9372.038,2000,4866.407,9676.21,2000,4968.071,9424.767,2000,5059.921
9571.719,2000,5024.356,9485.513,2000,5142.207,9490.291,2000,4976.346,9387.168,2000,4985.98,9408.742,2000,4937.881,9556.994,2000,4898.919,9289.767,2000,4838.685,9371.339,2000,4865.58,9675.735,2000,4967.098,9425.604,2000,5059.233
9572.652,2000,5024.907,9484.498,2000,5142.587,9489.275,2000,4975.969,9387.082,2000,4987.06,9408.111,2000,4938.762,9556.6,2000,4897.91,9289.256,2000,4839.641,9370.667,2000,4864.73,9675.229,2000,4966.14,9426.463,2000,5058.573
9573.587,2000,5025.455,9483.472,2000,5142.934,9488.272,2000,4975.558,9386.961,2000,4988.137,9407.452,2000,4939.621,9556.172,2000,4896.915,9288.715,2000,4840.579,9370.022,2000,4863.859,9674.692,2000,4965.199,9427.343,2000,5057.941
9574.522,2000,5026.002,9482.435,2000,5143.248,9487.284,2000,4975.115,9386.805,2000,4989.208,9406.765,2000,4940.458,9555.712,2000,4895.934,9288.143,2000,4841.499,9369.407,2000,4862.968,9674.125,2000,4964.276,9428.243,2000,5057.339
9575.439,2000,5026.579,9481.388,2000,5143.527,9486.311,2000,4974.64,9386.613,2000,4990.275,9406.051,2000,4941.273,9555.22,2000,4894.969,9287.541,2000,4842.4,9368.821,2000,4862.057,9673.527,2000,4963.373,9429.163,2000,5056.766
9576.337,2000,5027.186,9480.332,2000,5143.771,9485.354,2000,4974.133,9386.387,2000,4991.334,9405.311,2000,4942.063,9554.696,2000,4894.02,9286.91,2000,4843.281,9368.266,2000,4861.126,9672.9,2000,4962.489,9430.101,2000,5056.224
9577.214,2000,5027.822,9479.27,2000,5143.981,9484.413,2000,4973.595,9386.126,2000,4992.386,9404.545,2000,4942.83,9554.143,2000,4893.089,9286.251,2000,4844.141,9367.741,2000,4860.179,9672.245,2000,4961.627,9431.056,2000,5055.712
9578.069,2000,5028.486,9478.2,2000,5144.157,9483.491,2000,4973.027,9385.831,2000,4993.428,9403.754,2000,4943.57,9553.559,2000,4892.176,9285.563,2000,4844.978,9367.248,2000,4859.214,9671.562,2000,4960.786,9432.027,2000,5055.232
9578.903,2000,5029.178,9477.126,2000,5144.297,9482.588,2000,4972.429,9385.502,2000,4994.46,9402.939,2000,4944.285,9552.945,2000,4891.284,9284.85,2000,4845.792,9366.786,2000,4858.234,9670.851,2000,4959.968,9433.014,2000,5054.785
9579.714,2000,5029.897,9476.057,2000,5144.472,9481.705,2000,4971.801,9385.14,2000,4995.481,9402.102,2000,4944.972,9552.303,2000,4890.412,9284.109,2000,4846.583,9366.356,2000,4857.24,9670.113,2000,4959.174,9434.015,2000,5054.369
9580.5,2000,5030.642,9474.994,2000,5144.682,9480.843,2000,4971.145,9384.744,2000,4996.49,9401.242,2000,4945.631,9551.632,2000,4889.561,9283.344,2000,4847.35,9365.96,2000,4856.231,9669.351,2000,4958.405,9435.028,2000,5053.987
9581.262,2000,5031.413,9473.938,2000,5144.927,9480.003,2000,4970.461,9384.315,2000,4997.485,9400.361,2000,4946.262,9550.934,2000,4888.733,9282.554,2000,4848.09,9365.597,2000,4855.211,9668.563,2000,4957.661,9436.054,2000,5053.638
9581.998,2000,5032.208,9472.892,2000,5145.206,9479.186,2000,4969.75,9383.854,2000,4998.465,9399.461,2000,4946.864,9550.209,2000,4887.928,9281.739,2000,4848.805,9365.267,2000,4854.179,9667.752,2000,4956.942,9437.09,2000,5053.322
9582.708,2000,5033.026,9471.854,2000,5145.52,9478.392,2000,4969.013,9383.361,2000,4999.43,9398.541,2000,4947.437,9549.458,2000,4887.147,9280.902,2000,4849.492,9364.971,2000,4853.137,9666.918,2000,4956.251,9438.136,2000,5053.041
9583.391,2000,5033.867,9470.828,2000,5145.867,9477.622,2000,4968.25,9382.837,2000,5000.378,9397.603,2000,4947.978,9548.682,2000,4886.391,9280.043,2000,4850.152,9364.709,2000,4852.086,9666.062,2000,4955.588,9439.19,2000,5052.794
9584.045,2000,5034.73,9469.813,2000,5146.247,9476.878,2000,4967.462,9382.282,2000,5001.309,9396.647,2000,4948.489,9547.881,2000,4885.661,9279.162,2000,4850.783,9364.481,2000,4851.027,9665.184,2000,4954.953,9440.253,2000,5052.582
9584.671,2000,5035.615,9468.813,2000,5146.661,9476.16,2000,4966.651,9381.697,2000,5002.221,9395.676,2000,4948.968,9547.057,2000,4884.958,9278.262,2000,4851.385,9364.289,2000,4849.961,9664.286,2000,4954.347,9441.321,2000,5052.404
9585.268,2000,5036.519,9467.825,2000,5147.106,9475.47,2000,4965.816,9381.083,2000,5003.113,9394.689,2000,4949.415,9546.21,2000,4884.281,9277.342,2000,4851.958,9364.132,2000,4848.889,9663.369,2000,4953.771,9442.396,2000,5052.262
9585.834,2000,5037.442,9466.853,2000,5147.584,9474.807,2000,4964.959,9380.439,2000,5003.984,9393.688,2000,4949.83,9545.342,2000,4883.633,9276.403,2000,4852.5,9364.01,2000,4847.813,9662.434,2000,4953.225,9443.474,2000,5052.155
9586.37,2000,5038.384,9465.896,2000,5148.094,9474.172,2000,4964.082,9379.768,2000,5004.834,9392.675,2000,4950.211,9544.453,2000,4883.014,9275.448,2000,4853.01,9363.923,2000,4846.733,9661.48,2000,4952.709,9444.555,2000,5052.083
9586.875,2000,5039.342,9464.958,2000,5148.635,9473.566,2000,4963.183,9379.068,2000,5005.662,9391.649,2000,4950.559,9543.545,2000,4882.424,9274.477,2000,4853.49,9363.871,2000,4845.651,9660.511,2000,4952.226,9445.638,2000,5052.047
9587.349,2000,5040.316,9464.037,2000,5149.206,9472.99,2000,4962.266,9378.343,2000,5006.466,9390.612,2000,4950.874,9542.617,2000,4881.864,9273.49,2000,4853.937,9363.854,2000,4844.568,9659.526,2000,4951.774,9446.721,2000,5052.046
9587.79,2000,5041.306,9463.136,2000,5149.806,9472.444,2000,4961.33,9377.591,2000,5007.247,9389.565,2000,4951.154,9541.672,2000,4881.335,9272.489,2000,4854.352,9363.874,2000,4843.485,9658.527,2000,4951.354,9447.804,2000,5052.081
9588.199,2000,5042.309,9462.255,2000,5150.436,9471.93,2000,4960.376,9376.814,2000,5008.001,9388.511,2000,4951.4,9540.71,2000,4880.837,9271.476,2000,4854.734,9363.929,2000,4842.403,9657.516,2000,4950.968,9448.885,2000,5052.151
9588.575,2000,5043.325,9461.395,2000,5151.095,9471.446,2000,4959.407,9376.014,2000,5008.731,9387.448,2000,4951.611,9539.732,2000,4880.371,9270.45,2000,4855.083,9364.019,2000,4841.323,9656.491,2000,4950.615,9449.963,2000,5052.256
9588.918,2000,5044.353,9460.557,2000,5151.781,9470.995,2000,4958.422,9375.189,2000,5009.434,9386.379,2000,4951.788,9538.74,2000,4879.937,9269.414,2000,4855.397,9364.144,2000,4840.247,9655.456,2000,4950.296,9451.037,2000,5052.397
9589.227,2000,5045.392,9459.741,2000,5152.494,9470.576,2000,4957.423,9374.343,2000,5010.109,9385.305,2000,4951.929,9537.734,2000,4879.535,9268.368,2000,4855.678,9364.304,2000,4839.176,9654.411,2000,4950.011,9452.106,2000,5052.573
9589.501,2000,5046.439,9458.903,2000,5153.18,9470.19,2000,4956.411,9373.474,2000,5010.756,9384.227,2000,4952.035,9536.716,2000,4879.167,9267.313,2000,4855.924,9364.499,2000,4838.11,9653.357,2000,4949.76,9453.169,2000,5052.783
9589.741,2000,5047.496,9458.043,2000,5153.839,9469.838,2000,4955.386,9372.584,2000,5011.375,9383.146,2000,4952.106,9535.686,2000,4878.833,9266.251,2000,4856.136,9364.729,2000,4837.052,9652.296,2000,4949.543,9454.225,2000,5053.028
9589.946,2000,5048.56,9457.162,2000,5154.469,9469.52,2000,4954.351,9371.675,2000,5011.964,9382.063,2000,4952.142,9534.645,2000,4878.532,9265.196,2000,4856.382,9364.994,2000,4836.001,9651.228,2000,4949.362,9455.271,2000,5053.308
9590.117,2000,5049.629,9456.261,2000,5155.069,9469.235,2000,4953.305,9370.747,2000,5012.523,9380.979,2000,4952.142,9533.614,2000,4878.197,9264.15,2000,4856.663,9365.293,2000,4834.96,9650.154,2000,4949.215,9456.309,2000,5053.622
9590.253,2000,5050.704,9455.34,2000,5155.64,9468.985,2000,4952.251,9369.802,2000,5013.051,9379.896,2000,4952.106,9532.596,2000,4877.829,9263.114,2000,4856.978,9365.626,2000,4833.929,9649.077,2000,4949.104,9457.335,2000,5053.969
9590.354,2000,5051.783,9454.401,2000,5156.181,9468.77,2000,4951.189,9368.843,2000,5013.556,9378.815,2000,4952.035,9531.59,2000,4877.428,9262.089,2000,4857.326,9365.992,2000,4832.91,9647.996,2000,4949.028,9458.35,2000,5054.35
9590.418,2000,5052.864,9453.445,2000,5156.69,9468.589,2000,4950.121,9367.888,2000,5014.067,9377.737,2000,4951.929,9530.598,2000,4876.994,9261.075,2000,4857.708,9366.392,2000,4831.903,9646.913,2000,4948.988,9459.351,2000,5054.764
9590.447,2000,5053.947,9452.473,2000,5157.168,9468.443,2000,4949.048,9366.949,2000,5014.609,9376.663,2000,4951.787,9529.62,2000,4876.527,9260.074,2000,4858.123,9366.824,2000,4830.91,9645.83,2000,4948.983,9460.365,2000,5055.145
9590.441,2000,5055.031,9451.485,2000,5157.614,9468.333,2000,4947.97,9366.029,2000,5015.182,9375.594,2000,4951.611,9528.658,2000,4876.029,9259.088,2000,4858.57,9367.289,2000,4829.931,9644.747,2000,4949.013,9461.392,2000,5055.492
9590.399,2000,5056.113,9450.484,2000,5158.028,9468.258,2000,4946.89,9365.129,2000,5015.784,9374.531,2000,4951.399,9527.713,2000,4875.5,9258.116,2000,4859.05,9367.785,2000,4828.968,9643.666,2000,4949.079,9462.429,2000,5055.806
9590.322,2000,5057.194,9449.47,2000,5158.408,9468.218,2000,4945.807,9364.249,2000,5016.415,9373.477,2000,4951.153,9526.785,2000,4874.94,9257.161,2000,4859.561,9368.313,2000,4828.022,9642.588,2000,4949.18,9463.476,2000,5056.085
9590.21,2000,5058.271,9448.443,2000,5158.755,9468.214,2000,4944.724,9363.39,2000,5017.075,9372.43,2000,4950.873,9525.877,2000,4874.35,9256.223,2000,4860.103,9368.871,2000,4827.094,9641.513,2000,4949.316,9464.531,2000,5056.331
9590.063,2000,5059.345,9447.406,2000,5159.069,9468.245,2000,4943.641,9362.553,2000,5017.762,9371.393,2000,4950.559,9524.988,2000,4873.731,9255.303,2000,4860.675,9369.459,2000,4826.184,9640.442,2000,4949.483,9465.594,2000,5056.541
9589.88,2000,5060.413,9446.359,2000,5159.348,9468.312,2000,4942.56,9361.738,2000,5018.477,9370.367,2000,4950.21,9524.12,2000,4873.083,9254.402,2000,4861.277,9370.077,2000,4825.294,9639.372,2000,4949.65,9466.663,2000,5056.717
9589.662,2000,5061.474,9445.304,2000,5159.593,9468.413,2000,4941.481,9360.948,2000,5019.217,9369.354,2000,4949.829,9523.273,2000,4872.407,9253.521,2000,4861.908,9370.724,2000,4824.425,9638.302,2000,4949.816,9467.737,2000,5056.857
9589.41,2000,5062.528,9444.241,2000,5159.803,9468.55,2000,4940.406,9360.183,2000,5019.983,9368.353,2000,4949.414,9522.449,2000,4871.703,9252.662,2000,4862.568,9371.398,2000,4823.577,9637.231,2000,4949.981,9468.815,2000,5056.963
9589.124,2000,5063.573,9443.172,2000,5159.978,9468.651,2000,4939.328,9359.442,2000,5020.774,9367.366,2000,4948.967,9521.648,2000,4870.973,9251.825,2000,4863.255,9372.101,2000,4822.752,9636.161,2000,4950.146,9469.896,2000,5057.033
9588.804,2000,5064.607,9442.098,2000,5160.118,9468.718,2000,4938.247,9358.729,2000,5021.589,9366.395,2000,4948.488,9520.872,2000,4870.217,9251.011,2000,4863.97,9372.829,2000,4821.95,9635.09,2000,4950.309,9470.979,2000,5057.067
9588.45,2000,5065.631,9441.02,2000,5160.223,9468.749,2000,4937.164,9358.042,2000,5022.427,9365.439,2000,4947.977,9520.121,2000,4869.437,9250.221,2000,4864.71,9373.584,2000,4821.173,9634.019,2000,4950.472,9472.063,2000,5057.066
9588.063,2000,5066.643,9439.938,2000,5160.292,9468.745,2000,4936.08,9357.383,2000,5023.287,9364.501,2000,4947.436,9519.396,2000,4868.631,9249.455,2000,4865.477,9374.363,2000,4820.42,9632.947,2000,4950.633,9473.146,2000,5057.03
9587.643,2000,5067.642,9438.855,2000,5160.327,9468.705,2000,4934.998,9356.752,2000,5024.168,9363.581,2000,4946.863,9518.698,2000,4867.803,9248.715,2000,4866.268,9375.167,2000,4819.694,9631.876,2000,4950.794,9474.227,2000,5056.958
9587.189,2000,5068.626,9437.772,2000,5160.325,9468.63,2000,4933.917,9356.15,2000,5025.069,9362.681,2000,4946.261,9518.027,2000,4866.953,9248.001,2000,4867.082,9375.994,2000,4818.994,9630.805,2000,4950.953,9475.305,2000,5056.852
9586.705,2000,5069.595,9436.689,2000,5160.289,9468.52,2000,4932.839,9355.579,2000,5025.989,9361.8,2000,4945.63,9517.385,2000,4866.081,9247.313,2000,4867.919,9376.844,2000,4818.322,9629.733,2000,4951.111,9476.379,2000,5056.709
9586.189,2000,5070.547,9435.608,2000,5160.216,9468.374,2000,4931.766,9355.038,2000,5026.928,9360.94,2000,4944.971,9516.771,2000,4865.188,9246.654,2000,4868.779,9377.715,2000,4817.678,9628.661,2000,4951.268,9477.447,2000,5056.532
9585.643,2000,5071.482,9434.53,2000,5160.109,9468.193,2000,4930.698,9354.527,2000,5027.883,9360.103,2000,4944.283,9516.188,2000,4864.275,9246.023,2000,4869.66,9378.606,2000,4817.063,9627.589,2000,4951.423,9478.51,2000,5056.32
9585.065,2000,5072.399,9433.456,2000,5159.966,9467.978,2000,4929.636,9354.049,2000,5028.855,9359.288,2000,4943.569,9515.634,2000,4863.344,9245.422,2000,4870.561,9379.518,2000,4816.477,9626.517,2000,4951.577,9479.564,2000,5056.073
9584.458,2000,5073.296,9432.388,2000,5159.789,9467.728,2000,4928.582,9353.603,2000,5029.842,9358.497,2000,4942.828,9515.11,2000,4862.396,9244.85,2000,4871.481,9380.447,2000,4815.921,9625.444,2000,4951.73,9480.61,2000,5055.792
9583.822,2000,5074.173,9431.325,2000,5159.576,9467.443,2000,4927.537,9353.188,2000,5030.843,9357.731,2000,4942.062,9514.618,2000,4861.43,9244.309,2000,4872.419,9381.395,2000,4815.396,9624.372,2000,4951.881,9481.646,2000,5055.476
9583.158,2000,5075.029,9430.271,2000,5159.329,9467.125,2000,4926.501,9352.808,2000,5031.857,9356.991,2000,4941.271,9514.158,2000,4860.449,9243.798,2000,4873.375,9382.359,2000,4814.902,9623.299,2000,4952.031,9482.672,2000,5055.127
9582.466,2000,5075.863,9429.225,2000,5159.047,9466.772,2000,4925.477,9352.46,2000,5032.883,9356.277,2000,4940.457,9513.73,2000,4859.454,9243.319,2000,4874.347,9383.34,2000,4814.44,9622.226,2000,4952.179,9483.686,2000,5054.745
9581.747,2000,5076.673,9428.188,2000,5158.731,9466.387,2000,4924.464,9352.146,2000,5033.919,9355.59,2000,4939.62,9513.336,2000,4858.445,9242.872,2000,4875.333,9384.334,2000,4814.011,9621.152,2000,4952.325,9484.687,2000,5054.329
9581.055,2000,5077.507,9427.163,2000,5158.382,9465.968,2000,4923.465,9351.865,2000,5034.966,9354.931,2000,4938.76,9512.975,2000,4857.424,9242.458,2000,4876.334,9385.342,2000,4813.614,9620.079,2000,4952.47,9485.673,2000,5053.881
9580.391,2000,5078.363,9426.149,2000,5157.999,9465.517,2000,4922.48,9351.619,2000,5036.021,9354.3,2000,4937.88,9512.646,2000,4856.392,9242.076,2000,4877.349,9386.362,2000,4813.251,9619.005,2000,4952.613,9486.645,2000,5053.401
9579.755,2000,5079.24,9425.149,2000,5157.583,9465.033,2000,4921.511,9351.408,2000,5037.083,9353.698,2000,4936.979,9512.353,2000,4855.35,9241.729,2000,4878.375,9387.395,2000,4812.921,9617.931,2000,4952.754,9487.6,2000,5052.89
9579.147,2000,5080.137,9424.163,2000,5157.135,9464.519,2000,4920.558,9351.232,2000,5038.152,9353.126,2000,4936.059,9512.093,2000,4854.298,9241.414,2000,4879.411,9388.437,2000,4812.625,9616.856,2000,4952.894,9488.537,2000,5052.348
9578.57,2000,5081.054,9423.192,2000,5156.654,9463.973,2000,4919.622,9351.092,2000,5039.227,9352.584,2000,4935.121,9511.867,2000,4853.238,9241.134,2000,4880.458,9389.487,2000,4812.363,9615.782,2000,4953.032,9489.457,2000,5051.775
9578.023,2000,5081.989,9422.237,2000,5156.143,9463.396,2000,4918.704,9350.986,2000,5040.305,9352.073,2000,4934.166,9511.677,2000,4852.172,9240.888,2000,4881.513,9390.547,2000,4812.136,9614.708,2000,4953.169,9490.357,2000,5051.172
9577.508,2000,5082.941,9421.3,2000,5155.6,9462.791,2000,4917.806,9350.916,2000,5041.386,9351.594,2000,4933.194,9511.521,2000,4851.1,9240.677,2000,4882.575,9391.613,2000,4811.944,9613.633,2000,4953.304,9491.237,2000,5050.541
9577.023,2000,5083.91,9420.381,2000,5155.026,9462.156,2000,4916.928,9350.881,2000,5042.469,9351.146,2000,4932.207,9511.401,2000,4850.023,9240.501,2000,4883.644,9392.686,2000,4811.787,9612.558,2000,4953.437,9492.097,2000,5049.88
9576.57,2000,5084.895,9419.48,2000,5154.423,9461.493,2000,4916.071,9350.881,2000,5043.552,9350.732,2000,4931.206,9511.316,2000,4848.943,9240.359,2000,4884.718,9393.762,2000,4811.665,9611.482,2000,4953.569,9492.934,2000,5049.192
9576.15,2000,5085.893,9418.601,2000,5153.792,9460.803,2000,4915.236,9350.917,2000,5044.635,9350.351,2000,4930.192,9511.267,2000,4847.861,9240.254,2000,4885.796,9394.842,2000,4811.578,9610.407,2000,4953.699,9493.747,2000,5048.478
9575.763,2000,5086.905,9417.742,2000,5153.131,9460.085,2000,4914.425,9350.988,2000,5045.716,9350.002,2000,4929.167,9511.252,2000,4846.778,9240.184,2000,4886.877,9395.924,2000,4811.526,9609.331,2000,4953.827,9494.537,2000,5047.736
9575.409,2000,5087.929,9416.905,2000,5152.442,9459.341,2000,4913.637,9351.095,2000,5046.794,9349.688,2000,4928.13,9511.273,2000,4845.695,9240.148,2000,4887.96,9397.007,2000,4811.51,9608.255,2000,4953.954,9495.303,2000,5046.97
9575.089,2000,5088.963,9416.092,2000,5151.727,9458.571,2000,4912.875,9351.236,2000,5047.868,9349.407,2000,4927.083,9511.33,2000,4844.613,9240.148,2000,4889.043,9398.09,2000,4811.529,9607.179,2000,4954.08,9496.043,2000,5046.178
9574.803,2000,5090.008,9415.302,2000,5150.985,9457.777,2000,4912.137,9351.413,2000,5048.937,9349.161,2000,4926.028,9511.422,2000,4843.533,9240.185,2000,4890.126,9399.172,2000,4811.584,9606.103,2000,4954.204,9496.757,2000,5045.363
9574.551,2000,5091.062,9414.537,2000,5150.218,9456.96,2000,4911.426,9351.625,2000,5050,9348.95,2000,4924.966,9511.549,2000,4842.458,9240.256,2000,4891.207,9400.251,2000,4811.674,9605.026,2000,4954.326,9497.443,2000,5044.525
9574.333,2000,5092.124,9413.798,2000,5149.427,9456.12,2000,4910.742,9351.871,2000,5051.055,9348.773,2000,4923.897,9511.711,2000,4841.386,9240.362,2000,4892.285,9401.327,2000,4811.8,9603.95,2000,4954.446,9498.103,2000,5043.666
9574.15,2000,5093.191,9413.085,2000,5148.611,9455.258,2000,4910.086,9352.151,2000,5052.101,9348.632,2000,4922.823,9511.908,2000,4840.321,9240.504,2000,4893.359,9402.398,2000,4811.96,9602.873,2000,4954.565,9498.732,2000,5042.785
9574.003,2000,5094.265,9412.398,2000,5147.773,9454.375,2000,4909.458,9352.466,2000,5053.138,9348.525,2000,4921.745,9512.141,2000,4839.263,9240.681,2000,4894.428,9403.464,2000,4812.156,9601.796,2000,4954.683,9499.334,2000,5041.883
9573.891,2000,5095.342,9411.74,2000,5146.913,9453.472,2000,4908.86,9352.814,2000,5054.164,9348.454,2000,4920.664,9512.407,2000,4838.213,9240.893,2000,4895.491,9404.522,2000,4812.386,9600.719,2000,4954.799,9499.905,2000,5040.963
9573.813,2000,5096.423,9411.11,2000,5146.031,9452.55,2000,4908.292,9353.196,2000,5055.177,9348.419,2000,4919.581,9512.708,2000,4837.172,9241.139,2000,4896.546,9405.573,2000,4812.651,9599.642,2000,4954.914,9500.446,2000,5040.024
9573.771,2000,5097.505,9410.51,2000,5145.13,9451.609,2000,4907.754,9353.611,2000,5056.178,9348.419,2000,4918.498,9513.043,2000,4836.142,9241.419,2000,4897.592,9406.614,2000,4812.95,9598.564,2000,4955.027,9500.956,2000,5039.068
9573.766,2000,5098.589,9409.938,2000,5144.209,9450.652,2000,4907.247,9354.059,2000,5057.165,9348.454,2000,4917.415,9513.411,2000,4835.123,9241.733,2000,4898.629,9407.646,2000,4813.283,9597.487,2000,4955.139,9501.435,2000,5038.096
9573.795,2000,5099.672,9409.397,2000,5143.271,9449.679,2000,4906.772,9354.538,2000,5058.136,9348.525,2000,4916.334,9513.813,2000,4834.117,9242.082,2000,4899.655,9408.665,2000,4813.649,9596.409,2000,4955.25,9501.881,2000,5037.109
9573.859,2000,5100.753,9408.888,2000,5142.314,9448.69,2000,4906.329,9355.049,2000,5059.091,9348.632,2000,4915.256,9514.246,2000,4833.124,9242.464,2000,4900.668,9409.672,2000,4814.048,9595.331,2000,4955.358,9502.295,2000,5036.108
9573.96,2000,5101.832,9408.41,2000,5141.342,9447.688,2000,4905.918,9355.528,2000,5060.063,9348.773,2000,4914.182,9514.713,2000,4832.146,9242.879,2000,4901.669,9410.665,2000,4814.48,9594.253,2000,4955.466,9502.676,2000,5035.094
9574.096,2000,5102.907,9407.964,2000,5140.355,9446.672,2000,4905.541,9355.976,2000,5061.05,9348.88,2000,4913.104,9515.211,2000,4831.184,9243.326,2000,4902.656,9411.672,2000,4814.88,9593.175,2000,4955.573,9503.023,2000,5034.068
9574.267,2000,5103.977,9407.551,2000,5139.354,9445.645,2000,4905.197,9356.391,2000,5062.05,9348.951,2000,4912.022,9515.678,2000,4830.206,9243.806,2000,4903.628,9412.691,2000,4815.246,9592.097,2000,4955.678,9503.337,2000,5033.031
9574.402,2000,5105.051,9407.17,2000,5138.339,9444.606,2000,4904.887,9356.772,2000,5063.064,9348.986,2000,4910.94,9516.111,2000,4829.213,9244.316,2000,4904.583,9413.723,2000,4815.579,9591.019,2000,4955.781,9503.616,2000,5031.984
9574.503,2000,5106.13,9406.823,2000,5137.313,9443.559,2000,4904.61,9357.121,2000,5064.09,9348.986,2000,4909.856,9516.513,2000,4828.207,9244.858,2000,4905.521,9414.764,2000,4815.878,9589.94,2000,4955.883,9503.861,2000,5030.929
9574.567,2000,5107.211,9406.51,2000,5136.276,9442.503,2000,4904.369,9357.436,2000,5065.126,9348.951,2000,4908.774,9516.881,2000,4827.188,9245.431,2000,4906.441,9415.814,2000,4816.143,9588.861,2000,4955.984,9504.072,2000,5029.866
9574.597,2000,5108.294,9406.23,2000,5135.229,9441.439,2000,4904.162,9357.716,2000,5066.173,9348.88,2000,4907.693,9517.216,2000,4826.158,9246.033,2000,4907.341,9416.873,2000,4816.373,9587.782,2000,4956.084,9504.248,2000,5028.797
9574.591,2000,5109.378,9405.985,2000,5134.174,9440.37,2000,4903.989,9357.962,2000,5067.228,9348.773,2000,4906.615,9517.584,2000,4825.139,9246.664,2000,4908.222,9417.938,2000,4816.568,9586.703,2000,4956.182,9504.389,2000,5027.723
9574.549,2000,5110.46,9405.775,2000,5133.111,9439.296,2000,4903.852,9358.174,2000,5068.291,9348.632,2000,4905.541,9517.985,2000,4824.132,9247.324,2000,4909.081,9419.01,2000,4816.729,9585.624,2000,4956.279,9504.494,2000,5026.645
9574.472,2000,5111.541,9405.601,2000,5132.042,9438.218,2000,4903.75,9358.351,2000,5069.359,9348.455,2000,4904.472,9518.419,2000,4823.14,9248.012,2000,4909.918,9420.086,2000,4816.854,9584.545,2000,4956.374,9504.564,2000,5025.564
9574.359,2000,5112.619,9405.461,2000,5130.968,9437.137,2000,4903.684,9358.492,2000,5070.434,9348.244,2000,4903.409,9518.886,2000,4822.162,9248.727,2000,4910.733,9421.165,2000,4816.945,9583.466,2000,4956.467,9504.599,2000,5024.481
9574.212,2000,5113.692,9405.356,2000,5129.89,9436.054,2000,4903.652,9358.599,2000,5071.512,9348.067,2000,4902.34,9519.384,2000,4821.2,9249.414,2000,4911.57,9422.247,2000,4817,9582.387,2000,4956.559,9504.598,2000,5023.397
9574.029,2000,5114.76,9405.287,2000,5128.809,9434.971,2000,4903.657,9358.67,2000,5072.593,9347.926,2000,4901.266,9519.913,2000,4820.254,9250.074,2000,4912.43,9423.33,2000,4817.019,9581.308,2000,4956.649,9504.562,2000,5022.315
9573.812,2000,5115.821,9405.253,2000,5127.726,9433.888,2000,4903.697,9358.706,2000,5073.675,9347.819,2000,4900.188,9520.473,2000,4819.327,9250.705,2000,4913.31,9424.413,2000,4817.003,9580.228,2000,4956.738,9504.49,2000,5021.234
9573.56,2000,5116.875,9405.254,2000,5126.642,9432.807,2000,4903.772,9358.706,2000,5074.759,9347.748,2000,4899.107,9521.063,2000,4818.418,9251.308,2000,4914.21,9425.495,2000,4816.951,9579.146,2000,4956.792,9504.383,2000,5020.156
9573.273,2000,5117.92,9405.291,2000,5125.56,9431.729,2000,4903.882,9358.671,2000,5075.842,9347.693,2000,4898.025,9521.682,2000,4817.53,9251.88,2000,4915.13,9426.575,2000,4816.864,9578.063,2000,4956.81,9504.24,2000,5019.082
9572.953,2000,5118.955,9405.363,2000,5124.479,9430.655,2000,4904.028,9358.601,2000,5076.923,9347.636,2000,4896.943,9522.33,2000,4816.662,9252.422,2000,4916.068,9427.651,2000,4816.742,9576.979,2000,4956.792,9504.063,2000,5018.013
9572.6,2000,5119.979,9405.471,2000,5123.4,9429.587,2000,4904.208,9358.495,2000,5078.001,9347.574,2000,4895.862,9523.006,2000,4815.815,9252.933,2000,4917.023,9428.724,2000,4816.585,9575.897,2000,4956.739,9503.851,2000,5016.951
9572.212,2000,5120.99,9405.613,2000,5122.327,9428.525,2000,4904.424,9358.354,2000,5079.075,9347.51,2000,4894.78,9523.709,2000,4814.992,9253.412,2000,4917.995,9429.79,2000,4816.393,9574.817,2000,4956.651,9503.604,2000,5015.896
9571.792,2000,5121.989,9405.791,2000,5121.258,9427.472,2000,4904.675,9358.179,2000,5080.144,9347.443,2000,4893.699,9524.439,2000,4814.191,9253.859,2000,4918.982,9430.85,2000,4816.166,9573.741,2000,4956.527,9503.322,2000,5014.85
9571.339,2000,5122.973,9406.004,2000,5120.195,9426.427,2000,4904.959,9357.968,2000,5081.207,9347.374,2000,4892.618,9525.195,2000,4813.416,9254.274,2000,4919.983,9431.9,2000,4815.904,9572.67,2000,4956.369,9503.007,2000,5013.813
9570.854,2000,5123.942,9406.251,2000,5119.141,9425.392,2000,4905.278,9357.722,2000,5082.262,9347.303,2000,4891.537,9525.977,2000,4812.665,9254.656,2000,4920.997,9432.942,2000,4815.608,9571.604,2000,4956.175,9502.658,2000,5012.788
9570.339,2000,5124.895,9406.532,2000,5118.095,9424.367,2000,4905.631,9357.441,2000,5083.308,9347.23,2000,4890.456,9526.781,2000,4811.939,9255.005,2000,4922.022,9433.975,2000,4815.278,9570.546,2000,4955.946,9502.275,2000,5011.774
9569.792,2000,5125.83,9406.848,2000,5117.059,9423.354,2000,4906.017,9357.127,2000,5084.345,9347.157,2000,4889.375,9527.609,2000,4811.241,9255.319,2000,4923.059,9434.995,2000,4814.915,9569.495,2000,4955.683,9501.86,2000,5010.773
9569.215,2000,5126.746,9407.197,2000,5116.033,9422.355,2000,4906.435,9356.779,2000,5085.371,9347.083,2000,4888.294,9528.46,2000,4810.57,9255.6,2000,4924.105,9436.003,2000,4814.518,9568.453,2000,4955.386,9501.412,2000,5009.787
9568.607,2000,5127.644,9407.58,2000,5115.02,9421.37,2000,4906.886,9356.398,2000,5086.385,9347.009,2000,4887.213,9529.332,2000,4809.928,9255.846,2000,4925.161,9436.997,2000,4814.088,9567.422,2000,4955.055,9500.933,2000,5008.816
9567.972,2000,5128.521,9407.996,2000,5114.019,9420.4,2000,4907.369,9355.984,2000,5087.386,9346.936,2000,4886.132,9530.225,2000,4809.314,9256.058,2000,4926.223,9437.978,2000,4813.626,9566.401,2000,4954.69,9500.421,2000,5007.861
9567.308,2000,5129.376,9408.444,2000,5113.033,9419.447,2000,4907.884,9355.538,2000,5088.373,9346.863,2000,4885.051,9531.137,2000,4808.73,9256.234,2000,4927.292,9438.942,2000,4813.133,9565.394,2000,4954.292,9499.879,2000,5006.923
9566.615,2000,5130.21,9408.925,2000,5112.062,9418.512,2000,4908.429,9355.06,2000,5089.344,9346.792,2000,4883.97,9532.067,2000,4808.176,9256.376,2000,4928.366,9439.89,2000,4812.608,9564.399,2000,4953.861,9499.306,2000,5006.003
9565.896,2000,5131.021,9409.437,2000,5111.107,9417.594,2000,4909.005,9354.549,2000,5090.3,9346.686,2000,4882.892,9533.016,2000,4807.652,9256.553,2000,4929.435,9440.819,2000,4812.052,9563.42,2000,4953.398,9498.703,2000,5005.103
9565.151,2000,5131.807,9409.979,2000,5110.169,9416.695,2000,4909.61,9354.008,2000,5091.238,9346.544,2000,4881.818,9533.98,2000,4807.161,9256.765,2000,4930.498,9441.73,2000,4811.466,9562.456,2000,4952.904,9498.071,2000,5004.223
9564.381,2000,5132.569,9410.553,2000,5109.25,9415.817,2000,4910.245,9353.437,2000,5092.159,9346.367,2000,4880.749,9534.961,2000,4806.701,9257.011,2000,4931.553,9442.622,2000,4810.851,9561.509,2000,4952.378,9497.411,2000,5003.364
9563.586,2000,5133.305,9411.155,2000,5108.35,9414.961,2000,4910.908,9352.835,2000,5093.06,9346.155,2000,4879.687,9535.956,2000,4806.273,9257.291,2000,4932.599,9443.493,2000,4810.207,9560.579,2000,4951.821,9496.724,2000,5002.527
9562.768,2000,5134.015,9411.787,2000,5107.47,9414.126,2000,4911.599,9352.204,2000,5093.94,9345.909,2000,4878.631,9536.965,2000,4805.878,9257.605,2000,4933.636,9444.343,2000,4809.535,9559.669,2000,4951.234,9496.009,2000,5001.713
9561.927,2000,5134.697,9412.447,2000,5106.611,9413.314,2000,4912.316,9351.545,2000,5094.8,9345.629,2000,4877.585,9537.986,2000,4805.516,9257.954,2000,4934.662,9445.17,2000,4808.835,9558.778,2000,4950.618,9495.268,2000,5000.923
9561.063,2000,5135.352,9413.136,2000,5105.775,9412.526,2000,4913.06,9350.858,2000,5095.638,9345.314,2000,4876.548,9539.019,2000,4805.188,9258.336,2000,4935.675,9445.974,2000,4808.108,9557.908,2000,4949.973,9494.501,2000,5000.158
9560.18,2000,5135.978,9413.851,2000,5104.961,9411.764,2000,4913.829,9350.145,2000,5096.453,9344.966,2000,4875.522,9540.062,2000,4804.894,9258.751,2000,4936.676,9446.753,2000,4807.356,9557.06,2000,4949.3,9493.71,2000,4999.418
9559.275,2000,5136.575,9414.592,2000,5104.171,9411.026,2000,4914.623,9349.404,2000,5097.244,9344.584,2000,4874.509,9541.113,2000,4804.634,9259.198,2000,4937.663,9447.508,2000,4806.579,9556.233,2000,4948.599,9492.895,2000,4998.704
9558.353,2000,5137.142,9415.358,2000,5103.406,9410.315,2000,4915.44,9348.639,2000,5098.01,9344.169,2000,4873.508,9542.173,2000,4804.409,9259.678,2000,4938.635,9448.236,2000,4805.777,9555.431,2000,4947.872,9492.057,2000,4998.018
9557.411,2000,5137.678,9416.15,2000,5102.667,9409.632,2000,4916.28,9347.849,2000,5098.751,9343.722,2000,4872.521,9543.239,2000,4804.219,9260.188,2000,4939.59,9448.938,2000,4804.952,9554.652,2000,4947.118,9491.196,2000,4997.359
9556.453,2000,5138.183,9416.966,2000,5101.953,9408.976,2000,4917.143,9347.034,2000,5099.465,9343.242,2000,4871.549,9544.312,2000,4804.063,9260.73,2000,4940.528,9449.613,2000,4804.104,9553.898,2000,4946.34,9490.315,2000,4996.729
9555.479,2000,5138.657,9417.804,2000,5101.267,9408.348,2000,4918.026,9346.197,2000,5100.153,9342.731,2000,4870.594,9545.388,2000,4803.942,9261.303,2000,4941.448,9450.26,2000,4803.235,9553.171,2000,4945.537,9489.414,2000,4996.127
9554.489,2000,5139.098,9418.664,2000,5100.608,9407.749,2000,4918.929,9345.338,2000,5100.813,9342.189,2000,4869.656,9546.468,2000,4803.857,9261.905,2000,4942.348,9450.878,2000,4802.345,9552.47,2000,4944.711,9488.493,2000,4995.556
9553.486,2000,5139.507,9419.545,2000,5099.979,9407.181,2000,4919.852,9344.458,2000,5101.444,9341.617,2000,4868.736,9547.55,2000,4803.808,9262.536,2000,4943.229,9451.466,2000,4801.435,9551.796,2000,4943.863,9487.555,2000,4995.015
9552.471,2000,5139.883,9420.446,2000,5099.378,9406.643,2000,4920.792,9343.558,2000,5102.046,9341.016,2000,4867.835,9548.633,2000,4803.793,9263.196,2000,4944.088,9452.024,2000,4800.507,9551.15,2000,4942.993,9486.599,2000,4994.505
9551.443,2000,5140.225,9421.367,2000,5098.807,9406.136,2000,4921.75,9342.638,2000,5102.618,9340.385,2000,4866.955,9549.716,2000,4803.814,9263.884,2000,4944.925,9452.552,2000,4799.561,9550.533,2000,4942.102,9485.627,2000,4994.027
9550.405,2000,5140.534,9422.306,2000,5098.267,9405.66,2000,4922.723,9341.699,2000,5103.16,9339.726,2000,4866.096,9550.798,2000,4803.862,9264.599,2000,4945.74,9453.048,2000,4798.598,9549.946,2000,4941.192,9484.64,2000,4993.581
9549.357,2000,5140.808,9423.262,2000,5097.757,9405.217,2000,4923.712,9340.744,2000,5103.671,9339.038,2000,4865.258,9551.88,2000,4803.92,9265.34,2000,4946.53,9453.513,2000,4797.619,9549.389,2000,4940.263,9483.639,2000,4993.167
9548.301,2000,5141.048,9424.234,2000,5097.279,9404.807,2000,4924.714,9339.772,2000,5104.151,9338.323,2000,4864.444,9552.961,2000,4803.989,9266.106,2000,4947.296,9453.945,2000,4796.626,9548.862,2000,4939.316,9482.624,2000,4992.786
9547.237,2000,5141.254,9425.222,2000,5096.833,9404.429,2000,4925.73,9338.786,2000,5104.598,9337.583,2000,4863.653,9554.041,2000,4804.07,9266.897,2000,4948.036,9454.345,2000,4795.619,9548.367,2000,4938.353,9481.598,2000,4992.438
9546.167,2000,5141.424,9426.223,2000,5096.419,9404.085,2000,4926.757,9337.785,2000,5105.013,9336.816,2000,4862.887,9555.118,2000,4804.186,9267.712,2000,4948.75,9454.777,2000,4794.626,9547.903,2000,4937.374,9480.561,2000,4992.125
9545.092,2000,5141.56,9427.237,2000,5096.039,9403.774,2000,4927.795,9336.771,2000,5105.395,9336.031,2000,4862.141,9556.191,2000,4804.336,9268.55,2000,4949.437,9455.242,2000,4793.647,9547.473,2000,4936.38,9479.514,2000,4991.845
9544.013,2000,5141.66,9428.264,2000,5095.692,9403.431,2000,4928.823,9335.746,2000,5105.744,9335.253,2000,4861.387,9557.259,2000,4804.522,9269.409,2000,4950.096,9455.738,2000,4792.685,9547.074,2000,4935.373,9478.458,2000,4991.6
9542.932,2000,5141.725,9429.301,2000,5095.378,9403.053,2000,4929.838,9334.71,2000,5106.059,9334.482,2000,4860.625,9558.319,2000,4804.743,9270.29,2000,4950.727,9456.266,2000,4791.738,9546.709,2000,4934.353,9477.396,2000,4991.39
9541.849,2000,5141.754,9430.348,2000,5095.099,9402.643,2000,4930.841,9333.664,2000,5106.339,9333.72,2000,4859.856,9559.372,2000,4804.999,9271.191,2000,4951.329,9456.824,2000,4790.81,9546.377,2000,4933.321,9476.326,2000,4991.214
9540.766,2000,5141.748,9431.403,2000,5094.854,9402.199,2000,4931.83,9332.609,2000,5106.586,9332.965,2000,4859.079,9560.416,2000,4805.288,9272.111,2000,4951.9,9457.412,2000,4789.9,9546.079,2000,4932.28,9475.252,2000,4991.073
9539.683,2000,5141.706,9432.466,2000,5094.645,9401.724,2000,4932.803,9331.547,2000,5106.798,9332.186,2000,4858.327,9561.45,2000,4805.612,9273.05,2000,4952.442,9458.03,2000,4789.01,9545.815,2000,4931.229,9474.174,2000,4990.968
9538.602,2000,5141.629,9433.521,2000,5094.4,9401.217,2000,4933.761,9330.479,2000,5106.975,9331.382,2000,4857.601,9562.473,2000,4805.969,9274.005,2000,4952.952,9458.677,2000,4788.141,9545.587,2000,4930.17,9473.093,2000,4990.898
9537.524,2000,5141.517,9434.568,2000,5094.121,9400.679,2000,4934.701,9329.404,2000,5107.116,9330.555,2000,4856.901,9563.483,2000,4806.36,9274.977,2000,4953.431,9459.352,2000,4787.293,9545.393,2000,4929.104,9472.01,2000,4990.863
9536.451,2000,5141.369,9435.605,2000,5093.807,9400.11,2000,4935.624,9328.326,2000,5107.223,9329.705,2000,4856.229,9564.48,2000,4806.783,9275.964,2000,4953.878,9460.054,2000,4786.468,9545.233,2000,4928.032,9470.927,2000,4990.864
9535.384,2000,5141.187,9436.632,2000,5093.46,9399.512,2000,4936.527,9327.245,2000,5107.294,9328.834,2000,4855.585,9565.463,2000,4807.239,9276.965,2000,4954.292,9460.782,2000,4785.667,9545.109,2000,4926.956,9469.844,2000,4990.9
9534.322,2000,5140.969,9437.646,2000,5093.08,9398.884,2000,4937.41,9326.162,2000,5107.33,9327.942,2000,4854.97,9566.431,2000,4807.727,9277.979,2000,4954.674,9461.537,2000,4784.889,9545.021,2000,4925.876,9468.763,2000,4990.972
9533.269,2000,5140.717,9438.647,2000,5092.666,9398.228,2000,4938.272,9325.079,2000,5107.33,9327.031,2000,4854.384,9567.382,2000,4808.246,9279.005,2000,4955.022,9462.316,2000,4784.137,9544.896,2000,4924.8,9467.685,2000,4991.079
9532.224,2000,5140.431,9439.635,2000,5092.22,9397.544,2000,4939.113,9323.996,2000,5107.295,9326.102,2000,4853.829,9568.315,2000,4808.795,9280.042,2000,4955.336,9463.12,2000,4783.41,9544.737,2000,4923.729,9466.61,2000,4991.221
9531.188,2000,5140.111,9440.607,2000,5091.742,9396.833,2000,4939.93,9322.915,2000,5107.225,9325.153,2000,4853.304,9569.23,2000,4809.375,9281.089,2000,4955.617,9463.947,2000,4782.71,9544.543,2000,4922.663,9465.542,2000,4991.398
9530.165,2000,5139.757,9441.563,2000,5091.232,9396.096,2000,4940.724,9321.837,2000,5107.119,9324.188,2000,4852.81,9570.126,2000,4809.985,9282.144,2000,4955.862,9464.797,2000,4782.038,9544.314,2000,4921.604,9464.479,2000,4991.611
9529.153,2000,5139.37,9442.502,2000,5090.692,9395.333,2000,4941.493,9320.763,2000,5106.978,9323.208,2000,4852.349,9571.001,2000,4810.624,9283.206,2000,4956.073,9465.668,2000,4781.394,9544.051,2000,4920.553,9463.425,2000,4991.858
9528.13,2000,5139.016,9443.423,2000,5090.121,9394.545,2000,4942.236,9319.693,2000,5106.801,9322.213,2000,4851.919,9571.854,2000,4811.291,9284.275,2000,4956.25,9466.56,2000,4780.779,9543.753,2000,4919.511,9462.379,2000,4992.139
9527.095,2000,5138.695,9444.324,2000,5089.521,9393.733,2000,4942.954,9318.631,2000,5106.59,9321.205,2000,4851.523,9572.686,2000,4811.985,9285.35,2000,4956.391,9467.471,2000,4780.193,9543.421,2000,4918.48,9461.324,2000,4992.386
9526.05,2000,5138.409,9445.205,2000,5088.891,9392.898,2000,4943.645,9317.576,2000,5106.345,9320.185,2000,4851.16,9573.494,2000,4812.707,9286.428,2000,4956.497,9468.4,2000,4779.637,9543.056,2000,4917.46,9460.262,2000,4992.599
9524.996,2000,5138.157,9446.065,2000,5088.232,9392.042,2000,4944.308,9316.529,2000,5106.065,9319.152,2000,4850.83,9574.278,2000,4813.454,9287.509,2000,4956.567,9469.348,2000,4779.112,9542.657,2000,4916.453,9459.193,2000,4992.776
9523.935,2000,5137.94,9446.903,2000,5087.546,9391.164,2000,4944.942,9315.492,2000,5105.751,9318.11,2000,4850.534,9575.038,2000,4814.227,9288.592,2000,4956.603,9470.313,2000,4778.619,9542.227,2000,4915.459,9458.119,2000,4992.918
9522.867,2000,5137.757,9447.719,2000,5086.833,9390.266,2000,4945.548,9314.466,2000,5105.403,9317.059,2000,4850.272,9575.771,2000,4815.024,9289.675,2000,4956.612,9471.293,2000,4778.157,9541.763,2000,4914.48,9457.041,2000,4993.025
9521.794,2000,5137.61,9448.511,2000,5086.093,9389.348,2000,4946.124,9313.452,2000,5105.022,9315.999,2000,4850.045,9576.479,2000,4815.845,9290.758,2000,4956.622,9472.287,2000,4777.727,9541.268,2000,4913.517,9455.96,2000,4993.097
9520.717,2000,5137.498,9449.277,2000,5085.328,9388.412,2000,4946.669,9312.451,2000,5104.608,9314.933,2000,4849.853,9577.158,2000,4816.688,9291.84,2000,4956.667,9473.295,2000,4777.331,9540.741,2000,4912.57,9454.877,2000,4993.133
9519.636,2000,5137.42,9450.019,2000,5084.538,9387.459,2000,4947.184,9311.464,2000,5104.161,9313.86,2000,4849.696,9577.811,2000,4817.554,9292.92,2000,4956.748,9474.315,2000,4776.967,9540.184,2000,4911.641,9453.794,2000,4993.134
9518.553,2000,5137.379,9450.733,2000,5083.724,9386.489,2000,4947.667,9310.492,2000,5103.682,9312.784,2000,4849.574,9578.434,2000,4818.44,9293.997,2000,4956.864,9475.348,2000,4776.637,9539.597,2000,4910.73,9452.711,2000,4993.099
9517.47,2000,5137.373,9451.422,2000,5082.888,9385.504,2000,4948.118,9309.536,2000,5103.172,9311.704,2000,4849.487,9579.027,2000,4819.346,9295.069,2000,4957.016,9476.39,2000,4776.341,9538.979,2000,4909.84,9451.63,2000,4993.029
9516.387,2000,5137.402,9452.082,2000,5082.029,9384.505,2000,4948.536,9308.598,2000,5102.63,9310.622,2000,4849.436,9579.65,2000,4820.232,9296.137,2000,4957.202,9477.44,2000,4776.08,9538.334,2000,4908.97,9450.552,2000,4992.924
9515.306,2000,5137.467,9452.714,2000,5081.149,9383.492,2000,4948.922,9307.678,2000,5102.059,9309.539,2000,4849.419,9580.303,2000,4821.097,9297.197,2000,4957.423,9478.5,2000,4775.853,9537.66,2000,4908.121,9449.478,2000,4992.783
9514.227,2000,5137.567,9453.316,2000,5080.249,9382.468,2000,4949.274,9306.776,2000,5101.457,9308.456,2000,4849.439,9580.982,2000,4821.94,9298.25,2000,4957.678,9479.566,2000,4775.66,9536.959,2000,4907.295,9448.408,2000,4992.607
9513.151,2000,5137.702,9453.89,2000,5079.33,9381.433,2000,4949.593,9305.896,2000,5100.826,9307.374,2000,4849.494,9581.689,2000,4822.761,9299.294,2000,4957.968,9480.639,2000,4775.503,9536.231,2000,4906.493,9447.346,2000,4992.397
9512.081,2000,5137.873,9454.433,2000,5078.392,9380.388,2000,4949.878,9305.036,2000,5100.167,9306.295,2000,4849.584,9582.423,2000,4823.559,9300.328,2000,4958.292,9481.715,2000,4775.381,9535.478,2000,4905.714,9446.29,2000,4992.152
9511.018,2000,5138.078,9454.944,2000,5077.438,9379.334,2000,4950.128,9304.198,2000,5099.48,9305.219,2000,4849.709,9583.183,2000,4824.332,9301.351,2000,4958.649,9482.795,2000,4775.294,9534.699,2000,4904.961,9445.243,2000,4991.872
9509.961,2000,5138.318,9455.425,2000,5076.466,9378.272,2000,4950.344,9303.384,2000,5098.766,9304.147,2000,4849.87,9583.967,2000,4825.079,9302.361,2000,4959.04,9483.877,2000,4775.242,9533.896,2000,4904.233,9444.206,2000,4991.559
9508.913,2000,5138.593,9455.873,2000,5075.48,9377.204,2000,4950.525,9302.593,2000,5098.026,9303.082,2000,4850.066,9584.775,2000,4825.8,9303.358,2000,4959.464,9484.96,2000,4775.226,9533.07,2000,4903.533,9443.18,2000,4991.211
9507.875,2000,5138.901,9456.289,2000,5074.479,9376.131,2000,4950.67,9301.826,2000,5097.26,9302.023,2000,4850.296,9585.606,2000,4826.495,9304.341,2000,4959.92,9486.043,2000,4775.246,9532.222,2000,4902.859,9442.165,2000,4990.83
9506.848,2000,5139.244,9456.672,2000,5073.466,9375.053,2000,4950.781,9301.085,2000,5096.47,9300.973,2000,4850.562,9586.46,2000,4827.162,9305.308,2000,4960.408,9487.125,2000,4775.3,9531.352,2000,4902.214,9441.164,2000,4990.417
9505.832,2000,5139.62,9457.021,2000,5072.44,9373.972,2000,4950.856,9300.37,2000,5095.655,9299.932,2000,4850.861,9587.335,2000,4827.8,9306.259,2000,4960.927,9488.204,2000,4775.391,9530.461,2000,4901.598,9440.177,2000,4989.97
9504.829,2000,5140.028,9457.337,2000,5071.404,9372.889,2000,4950.896,9299.683,2000,5094.818,9298.9,2000,4851.194,9588.23,2000,4828.41,9307.192,2000,4961.478,9489.28,2000,4775.516,9529.551,2000,4901.011,9439.205,2000,4989.492
9503.84,2000,5140.47,9457.618,2000,5070.358,9371.806,2000,4950.9,9299.022,2000,5093.958,9297.881,2000,4851.561,9589.146,2000,4828.99,9308.107,2000,4962.058,9490.352,2000,4775.677,9528.621,2000,4900.455,9438.249,2000,4988.982
9502.865,2000,5140.943,9457.865,2000,5069.304,9370.723,2000,4950.869,9298.392,2000,5093.078,9296.874,2000,4851.96,9590.079,2000,4829.54,9309.003,2000,4962.668,9491.417,2000,4775.872,9527.674,2000,4899.929,9437.311,2000,4988.441
9501.907,2000,5141.449,9458.078,2000,5068.241,9369.642,2000,4950.803,9297.789,2000,5092.178,9295.881,2000,4852.393,9591.03,2000,4830.059,9309.878,2000,4963.307,9492.476,2000,4776.103,9526.71,2000,4899.434,9436.39,2000,4987.87
9500.966,2000,5141.985,9458.256,2000,5067.172,9368.563,2000,4950.701,9297.217,2000,5091.258,9294.902,2000,4852.858,9591.998,2000,4830.547,9310.731,2000,4963.975,9493.526,2000,4776.367,9525.73,2000,4898.971,9435.488,2000,4987.269
9500.043,2000,5142.552,9458.398,2000,5066.099,9367.489,2000,4950.563,9296.675,2000,5090.32,9293.939,2000,4853.354,9592.98,2000,4831.002,9311.563,2000,4964.669,9494.567,2000,4776.666,9524.736,2000,4898.541,9434.607,2000,4986.638
9499.139,2000,5143.148,9458.506,2000,5065.021,9366.42,2000,4950.391,9296.164,2000,5089.365,9292.993,2000,4853.882,9593.978,2000,4831.426,9312.37,2000,4965.391,9495.599,2000,4776.999,9523.729,2000,4898.143,9433.747,2000,4985.979
9498.255,2000,5143.774,9458.578,2000,5063.939,9365.356,2000,4950.184,9295.685,2000,5088.393,9292.064,2000,4854.441,9594.988,2000,4831.816,9313.154,2000,4966.139,9496.618,2000,4777.365,9522.708,2000,4897.778,9432.909,2000,4985.293
9497.392,2000,5144.429,9458.615,2000,5062.857,9364.301,2000,4949.942,9295.237,2000,5087.406,9291.155,2000,4855.029,9596.011,2000,4832.174,9313.913,2000,4966.912,9497.625,2000,4777.765,9521.677,2000,4897.447,9432.094,2000,4984.579
9496.551,2000,5145.112,9458.616,2000,5061.773,9363.253,2000,4949.666,9294.822,2000,5086.406,9290.266,2000,4855.647,9597.045,2000,4832.498,9314.646,2000,4967.709,9498.618,2000,4778.197,9520.635,2000,4897.149,9431.303,2000,4983.839
9495.732,2000,5145.821,9458.582,2000,5060.69,9362.215,2000,4949.356,9294.44,2000,5085.392,9289.396,2000,4856.294,9598.067,2000,4832.855,9315.354,2000,4968.53,9499.597,2000,4778.661,9519.584,2000,4896.886,9430.536,2000,4983.074
9494.938,2000,5146.558,9458.513,2000,5059.609,9361.188,2000,4949.012,9294.092,2000,5084.366,9288.549,2000,4856.969,9599.078,2000,4833.246,9316.033,2000,4969.374,9500.56,2000,4779.158,9518.525,2000,4896.658,9429.795,2000,4982.284
9494.167,2000,5147.319,9458.408,2000,5058.531,9360.172,2000,4948.634,9293.777,2000,5083.33,9287.724,2000,4857.671,9600.075,2000,4833.669,9316.685,2000,4970.239,9501.506,2000,4779.686,9517.46,2000,4896.464,9429.08,2000,4981.47
9493.422,2000,5148.106,9458.269,2000,5057.457,9359.169,2000,4948.224,9293.497,2000,5082.283,9286.922,2000,4858.4,9601.058,2000,4834.125,9317.308,2000,4971.125,9502.435,2000,4780.244,9516.389,2000,4896.305,9428.393,2000,4980.633
9492.703,2000,5148.917,9458.164,2000,5056.379,9358.181,2000,4947.781,9293.251,2000,5081.228,9286.145,2000,4859.155,9602.025,2000,4834.612,9317.901,2000,4972.031,9503.344,2000,4780.832,9515.313,2000,4896.182,9427.732,2000,4979.774
9492.011,2000,5149.75,9458.095,2000,5055.298,9357.207,2000,4947.306,9293.039,2000,5080.166,9285.393,2000,4859.935,9602.977,2000,4835.131,9318.465,2000,4972.957,9504.233,2000,4781.45,9514.232,2000,4896.093,9427.101,2000,4978.894
9491.292,2000,5150.561,9458.061,2000,5054.215,9356.25,2000,4946.799,9292.862,2000,5079.097,9284.666,2000,4860.739,9603.91,2000,4835.681,9318.998,2000,4973.899,9505.103,2000,4782.096,9513.15,2000,4896.041,9426.498,2000,4977.994
9490.547,2000,5151.347,9458.062,2000,5053.131,9355.31,2000,4946.261,9292.721,2000,5078.022,9283.967,2000,4861.566,9604.825,2000,4836.261,9319.5,2000,4974.859,9505.95,2000,4782.771,9512.067,2000,4896.023,9425.925,2000,4977.074
9489.776,2000,5152.109,9458.099,2000,5052.049,9354.388,2000,4945.692,9292.614,2000,5076.944,9283.295,2000,4862.416,9605.721,2000,4836.871,9319.971,2000,4975.835,9506.775,2000,4783.473,9510.984,2000,4896.041,9425.383,2000,4976.136
9488.981,2000,5152.845,9458.171,2000,5050.968,9353.484,2000,4945.094,9292.543,2000,5075.863,9282.651,2000,4863.287,9606.596,2000,4837.51,9320.409,2000,4976.826,9507.577,2000,4784.202,9509.902,2000,4896.094,9424.871,2000,4975.181
9488.163,2000,5153.555,9458.278,2000,5049.89,9352.602,2000,4944.467,9292.507,2000,5074.781,9282.036,2000,4864.178,9607.449,2000,4838.177,9320.814,2000,4977.831,9508.354,2000,4784.956,9508.822,2000,4896.183,9424.392,2000,4974.21
9487.322,2000,5154.237,9458.421,2000,5048.816,9351.739,2000,4943.811,9292.507,2000,5073.697,9281.45,2000,4865.09,9608.28,2000,4838.871,9321.187,2000,4978.848,9509.106,2000,4785.736,9507.746,2000,4896.307,9423.943,2000,4973.224
9486.459,2000,5154.892,9458.599,2000,5047.747,9350.899,2000,4943.126,9292.471,2000,5072.615,9280.895,2000,4866.02,9609.089,2000,4839.592,9321.525,2000,4979.877,9509.833,2000,4786.54,9506.675,2000,4896.466,9423.528,2000,4972.223
9485.575,2000,5155.518,9458.812,2000,5046.685,9350.082,2000,4942.416,9292.399,2000,5071.534,9280.37,2000,4866.968,9609.873,2000,4840.34,9321.83,2000,4980.917,9510.532,2000,4787.367,9505.609,2000,4896.661,9423.146,2000,4971.209
9484.671,2000,5156.115,9459.059,2000,5045.63,9349.288,2000,4941.678,9292.293,2000,5070.456,9279.877,2000,4867.932,9610.633,2000,4841.113,9322.101,2000,4981.965,9511.204,2000,4788.216,9504.551,2000,4896.89,9422.797,2000,4970.184
9483.748,2000,5156.682,9459.34,2000,5044.584,9348.519,2000,4940.916,9292.151,2000,5069.381,9279.415,2000,4868.912,9611.366,2000,4841.91,9322.337,2000,4983.022,9511.849,2000,4789.087,9503.5,2000,4897.153,9422.481,2000,4969.147
9482.807,2000,5157.218,9459.655,2000,5043.548,9347.774,2000,4940.128,9291.975,2000,5068.313,9278.922,2000,4869.876,9612.073,2000,4842.731,9322.538,2000,4984.087,9512.464,2000,4789.979,9502.458,2000,4897.451,9422.2,2000,4968.101
9481.849,2000,5157.723,9460.005,2000,5042.522,9347.057,2000,4939.316,9291.763,2000,5067.25,9278.397,2000,4870.824,9612.753,2000,4843.574,9322.705,2000,4985.157,9513.05,2000,4790.89,9501.427,2000,4897.783,9421.953,2000,4967.046
9480.874,2000,5158.197,9460.388,2000,5041.509,9346.366,2000,4938.482,9291.517,2000,5066.195,9277.842,2000,4871.754,9613.405,2000,4844.439,9322.837,2000,4986.232,9513.605,2000,4791.82,9500.407,2000,4898.148,9421.741,2000,4965.984
9479.885,2000,5158.638,9460.804,2000,5040.508,9345.703,2000,4937.625,9291.236,2000,5065.148,9277.256,2000,4872.666,9614.028,2000,4845.326,9322.934,2000,4987.312,9514.13,2000,4792.768,9499.399,2000,4898.546,9421.563,2000,4964.915
9478.882,2000,5159.047,9461.252,2000,5039.522,9345.068,2000,4936.747,9290.922,2000,5064.112,9276.641,2000,4873.558,9614.622,2000,4846.231,9322.994,2000,4988.393,9514.623,2000,4793.732,9498.405,2000,4898.978,9421.421,2000,4963.841
9477.866,2000,5159.423,9461.732,2000,5038.551,9344.463,2000,4935.849,9290.573,2000,5063.086,9275.997,2000,4874.429,9615.187,2000,4847.156,9323.02,2000,4989.476,9515.085,2000,4794.712,9497.397,2000,4899.376,9421.313,2000,4962.763
9476.839,2000,5159.765,9462.244,2000,5037.596,9343.887,2000,4934.931,9290.191,2000,5062.072,9275.325,2000,4875.278,9615.72,2000,4848.099,9323.08,2000,4990.558,9515.515,2000,4795.707,9496.378,2000,4899.741,9421.171,2000,4961.689
9475.801,2000,5160.074,9462.787,2000,5036.659,9343.341,2000,4933.995,9289.776,2000,5061.072,9274.626,2000,4876.105,9616.222,2000,4849.059,9323.177,2000,4991.637,9515.911,2000,4796.715,9495.347,2000,4900.073,9420.993,2000,4960.621
9474.753,2000,5160.348,9463.36,2000,5035.739,9342.826,2000,4933.042,9289.329,2000,5060.085,9273.899,2000,4876.909,9616.692,2000,4850.035,9323.309,2000,4992.712,9516.274,2000,4797.736,9494.305,2000,4900.371,9420.781,2000,4959.558
9473.696,2000,5160.588,9463.963,2000,5034.839,9342.343,2000,4932.072,9288.85,2000,5059.113,9273.147,2000,4877.689,9617.131,2000,4851.025,9323.476,2000,4993.782,9516.604,2000,4798.768,9493.254,2000,4900.634,9420.534,2000,4958.503
9472.633,2000,5160.794,9464.595,2000,5033.959,9341.892,2000,4931.087,9288.339,2000,5058.158,9272.37,2000,4878.444,9617.537,2000,4852.03,9323.677,2000,4994.847,9516.9,2000,4799.81,9492.195,2000,4900.863,9420.253,2000,4957.457
9471.563,2000,5160.964,9465.255,2000,5033.101,9341.473,2000,4930.088,9287.797,2000,5057.22,9271.568,2000,4879.173,9617.91,2000,4853.047,9323.913,2000,4995.904,9517.162,2000,4800.861,9491.13,2000,4901.058,9419.938,2000,4956.42
9470.487,2000,5161.1,9465.943,2000,5032.264,9341.087,2000,4929.076,9287.225,2000,5056.3,9270.743,2000,4879.875,9618.249,2000,4854.076,9324.184,2000,4996.953,9517.39,2000,4801.92,9490.059,2000,4901.217,9419.589,2000,4955.395
9469.408,2000,5161.2,9466.658,2000,5031.451,9340.734,2000,4928.052,9286.622,2000,5055.4,9269.896,2000,4880.55,9618.555,2000,4855.115,9324.488,2000,4997.992,9517.582,2000,4802.986,9488.982,2000,4901.341,9419.206,2000,4954.381
9468.327,2000,5161.265,9467.399,2000,5030.661,9340.416,2000,4927.016,9285.991,2000,5054.52,9269.026,2000,4881.197,9618.826,2000,4856.164,9324.827,2000,4999.021,9517.739,2000,4804.058,9487.902,2000,4901.43,9418.791,2000,4953.381
9467.244,2000,5161.294,9468.166,2000,5029.896,9340.132,2000,4925.971,9285.331,2000,5053.66,9268.137,2000,4881.815,9619.063,2000,4857.221,9325.199,2000,5000.039,9517.861,2000,4805.134,9486.82,2000,4901.483,9418.343,2000,4952.395
9466.161,2000,5161.288,9468.958,2000,5029.156,9339.882,2000,4924.917,9284.644,2000,5052.823,9267.228,2000,4882.403,9619.265,2000,4858.286,9325.604,2000,5001.043,9517.948,2000,4806.214,9485.737,2000,4901.501,9417.863,2000,4951.423
9465.078,2000,5161.246,9469.773,2000,5028.442,9339.666,2000,4923.855,9283.929,2000,5052.008,9266.299,2000,4882.962,9619.432,2000,4859.356,9326.043,2000,5002.034,9518,2000,4807.296,9484.654,2000,4901.483,9417.352,2000,4950.468
9463.997,2000,5161.169,9470.611,2000,5027.756,9339.485,2000,4922.787,9283.188,2000,5051.218,9265.353,2000,4883.49,9619.563,2000,4860.431,9326.514,2000,5003.01,9518.087,2000,4808.376,9483.571,2000,4901.501,9416.81,2000,4949.53
9462.92,2000,5161.057,9471.472,2000,5027.098,9339.34,2000,4921.713,9282.421,2000,5050.452,9264.39,2000,4883.986,9619.66,2000,4861.51,9327.016,2000,5003.97,9518.209,2000,4809.452,9482.489,2000,4901.555,9416.236,2000,4948.611
9461.847,2000,5160.909,9472.353,2000,5026.468,9339.229,2000,4920.636,9281.63,2000,5049.712,9263.411,2000,4884.451,9619.722,2000,4862.592,9327.549,2000,5004.913,9518.366,2000,4810.524,9481.409,2000,4901.644,9415.634,2000,4947.71
9460.779,2000,5160.727,9473.254,2000,5025.867,9339.154,2000,4919.555,9280.815,2000,5048.998,9262.418,2000,4884.884,9619.748,2000,4863.675,9328.112,2000,5005.838,9518.559,2000,4811.59,9480.333,2000,4901.768,9415.002,2000,4946.831
9459.718,2000,5160.509,9474.175,2000,5025.296,9339.114,2000,4918.473,9279.978,2000,5048.311,9261.411,2000,4885.284,9619.738,2000,4864.758,9328.706,2000,5006.744,9518.786,2000,4812.649,9479.262,2000,4901.927,9414.342,2000,4945.972
9458.664,2000,5160.257,9475.113,2000,5024.756,9339.11,2000,4917.389,9279.118,2000,5047.652,9260.392,2000,4885.65,9619.693,2000,4865.841,9329.329,2000,5007.63,9519.048,2000,4813.7,9478.196,2000,4902.121,9413.654,2000,4945.135
9457.619,2000,5159.971,9476.034,2000,5024.185,9339.142,2000,4916.306,9278.237,2000,5047.021,9259.36,2000,4885.983,9619.613,2000,4866.921,9329.98,2000,5008.496,9519.344,2000,4814.742,9477.138,2000,4902.35,9412.939,2000,4944.321
9456.584,2000,5159.651,9476.936,2000,5023.584,9339.208,2000,4915.225,9277.336,2000,5046.419,9258.319,2000,4886.283,9619.498,2000,4867.999,9330.66,2000,5009.339,9519.674,2000,4815.774,9476.087,2000,4902.614,9412.198,2000,4943.531
9455.561,2000,5159.297,9477.816,2000,5022.955,9339.31,2000,4914.146,9276.416,2000,5045.848,9257.269,2000,4886.548,9619.348,2000,4869.071,9331.367,2000,5010.16,9520.037,2000,4816.794,9475.045,2000,4902.912,9411.432,2000,4942.765
9454.549,2000,5158.91,9478.677,2000,5022.296,9339.413,2000,4913.068,9275.478,2000,5045.306,9256.21,2000,4886.778,9619.162,2000,4870.139,9332.101,2000,5010.958,9520.434,2000,4817.803,9474.014,2000,4903.243,9410.641,2000,4942.025
9453.551,2000,5158.489,9479.515,2000,5021.61,9339.516,2000,4911.99,9274.521,2000,5044.796,9255.145,2000,4886.974,9618.941,2000,4871.199,9332.859,2000,5011.73,9520.863,2000,4818.797,9472.994,2000,4903.608,9409.825,2000,4941.312
9452.566,2000,5158.037,9480.33,2000,5020.896,9339.616,2000,4910.911,9273.55,2000,5044.317,9254.073,2000,4887.135,9618.687,2000,4872.252,9333.644,2000,5012.478,9521.325,2000,4819.777,9471.986,2000,4904.007,9408.987,2000,4940.625
9451.598,2000,5157.552,9481.122,2000,5020.157,9339.752,2000,4909.836,9272.563,2000,5043.87,9252.997,2000,4887.26,9618.396,2000,4873.296,9334.451,2000,5013.2,9521.818,2000,4820.742,9470.992,2000,4904.438,9408.127,2000,4939.966
9450.646,2000,5157.036,9481.889,2000,5019.392,9339.923,2000,4908.767,9271.562,2000,5043.456,9251.918,2000,4887.351,9618.073,2000,4874.33,9335.282,2000,5013.895,9522.343,2000,4821.689,9470.013,2000,4904.901,9407.246,2000,4939.336
9449.71,2000,5156.489,9482.63,2000,5018.602,9340.129,2000,4907.703,9270.548,2000,5043.075,9250.836,2000,4887.405,9617.716,2000,4875.353,9336.136,2000,5014.562,9522.898,2000,4822.62,9469.049,2000,4905.396,9406.345,2000,4938.735
9448.793,2000,5155.912,9483.345,2000,5017.788,9340.369,2000,4906.647,9269.521,2000,5042.727,9249.753,2000,4887.425,9617.325,2000,4876.363,9337.011,2000,5015.201,9523.484,2000,4823.531,9468.102,2000,4905.923,9405.424,2000,4938.164
9447.896,2000,5155.305,9484.033,2000,5016.952,9340.645,2000,4905.599,9268.484,2000,5042.413,9248.67,2000,4887.409,9616.902,2000,4877.36,9337.906,2000,5015.811,9524.1,2000,4824.422,9467.173,2000,4906.48,9404.485,2000,4937.623
9447.019,2000,5154.669,9484.693,2000,5016.093,9340.953,2000,4904.561,9267.438,2000,5042.133,9247.588,2000,4887.357,9616.446,2000,4878.343,9338.821,2000,5016.392,9524.744,2000,4825.293,9466.263,2000,4907.067,9403.529,2000,4937.113
9446.163,2000,5154.005,9485.325,2000,5015.213,9341.296,2000,4903.533,9266.383,2000,5041.888,9246.508,2000,4887.271,9615.959,2000,4879.311,9339.755,2000,5016.942,9525.359,2000,4826.185,9465.372,2000,4907.684,9402.558,2000,4936.634
9445.329,2000,5153.313,9485.928,2000,5014.313,9341.649,2000,4902.509,9265.32,2000,5041.677,9245.432,2000,4887.148,9615.44,2000,4880.261,9340.706,2000,5017.461,9525.945,2000,4827.096,9464.502,2000,4908.33,9401.57,2000,4936.188
9444.519,2000,5152.594,9486.501,2000,5013.394,9342.006,2000,4901.486,9264.251,2000,5041.5,9244.359,2000,4886.991,9614.891,2000,4881.195,9341.673,2000,5017.949,9526.501,2000,4828.026,9463.653,2000,4909.003,9400.569,2000,4935.774
9443.732,2000,5151.849,9487.044,2000,5012.456,9342.365,2000,4900.464,9263.177,2000,5041.359,9243.288,2000,4886.832,9614.311,2000,4882.11,9342.655,2000,5018.405,9527.025,2000,4828.974,9462.827,2000,4909.705,9399.555,2000,4935.394
9442.971,2000,5151.079,9487.556,2000,5011.501,9342.691,2000,4899.431,9262.099,2000,5041.253,9242.212,2000,4886.708,9613.701,2000,4883.005,9343.652,2000,5018.829,9527.519,2000,4829.938,9462.024,2000,4910.432,9398.528,2000,4935.046
9442.234,2000,5150.284,9488.036,2000,5010.53,9342.983,2000,4898.388,9261.018,2000,5041.183,9241.132,2000,4886.619,9613.063,2000,4883.88,9344.663,2000,5019.22,9527.98,2000,4830.918,9461.246,2000,4911.186,9397.491,2000,4934.732
9441.524,2000,5149.465,9488.484,2000,5009.544,9343.241,2000,4897.336,9259.935,2000,5041.148,9240.05,2000,4886.566,9612.396,2000,4884.734,9345.66,2000,5019.644,9528.41,2000,4831.913,9460.493,2000,4911.964,9396.465,2000,4934.385
9440.842,2000,5148.624,9488.9,2000,5008.543,9343.465,2000,4896.276,9258.852,2000,5041.148,9238.967,2000,4886.548,9611.757,2000,4885.609,9346.643,2000,5020.1,9528.807,2000,4832.921,9459.766,2000,4912.767,9395.45,2000,4934.004
9440.188,2000,5147.761,9489.283,2000,5007.53,9343.653,2000,4895.209,9257.769,2000,5041.184,9237.884,2000,4886.565,9611.147,2000,4886.504,9347.609,2000,5020.587,9529.17,2000,4833.942,9459.064,2000,4913.593,9394.449,2000,4933.59
9439.562,2000,5146.876,9489.699,2000,5006.529,9343.807,2000,4894.137,9256.688,2000,5041.255,9236.802,2000,4886.619,9610.567,2000,4887.419,9348.561,2000,5021.107,9529.5,2000,4834.974,9458.337,2000,4914.396,9393.462,2000,4933.144
9438.965,2000,5145.972,9490.147,2000,5005.543,9343.925,2000,4893.06,9255.609,2000,5041.362,9235.722,2000,4886.707,9610.018,2000,4888.353,9349.494,2000,5021.657,9529.796,2000,4836.016,9457.584,2000,4915.175,9392.49,2000,4932.666
9438.398,2000,5145.049,9490.628,2000,5004.572,9344.008,2000,4891.98,9254.535,2000,5041.503,9234.646,2000,4886.831,9609.499,2000,4889.304,9350.409,2000,5022.238,9530.058,2000,4837.067,9456.806,2000,4915.928,9391.534,2000,4932.156
9437.862,2000,5144.107,9491.14,2000,5003.617,9344.056,2000,4890.897,9253.467,2000,5041.68,9233.574,2000,4886.989,9609.012,2000,4890.271,9351.305,2000,5022.848,9530.285,2000,4838.126,9456.003,2000,4916.656,9390.596,2000,4931.615
9437.357,2000,5143.149,9491.683,2000,5002.68,9344.068,2000,4889.814,9252.403,2000,5041.885,9232.509,2000,4887.183,9608.556,2000,4891.254,9352.18,2000,5023.487,9530.478,2000,4839.192,9455.177,2000,4917.357,9389.675,2000,4931.043
9436.884,2000,5142.175,9492.256,2000,5001.76,9344.045,2000,4888.731,9251.333,2000,5042.055,9231.45,2000,4887.412,9608.133,2000,4892.251,9353.033,2000,5024.154,9530.635,2000,4840.264,9454.328,2000,4918.031,9388.773,2000,4930.442
9436.442,2000,5141.186,9492.858,2000,5000.86,9343.986,2000,4887.649,9250.258,2000,5042.189,9230.399,2000,4887.675,9607.742,2000,4893.262,9353.908,2000,5024.793,9530.757,2000,4841.34,9453.458,2000,4918.676,9387.853,2000,4929.871
9436.033,2000,5140.182,9493.49,2000,4999.98,9343.893,2000,4886.57,9249.179,2000,5042.289,9229.357,2000,4887.972,9607.385,2000,4894.285,9354.804,2000,5025.403,9530.844,2000,4842.42,9452.567,2000,4919.293,9386.914,2000,4929.33
9435.657,2000,5139.166,9494.15,2000,4999.122,9343.764,2000,4885.495,9248.098,2000,5042.353,9228.326,2000,4888.303,9607.062,2000,4895.318,9355.719,2000,5025.984,9530.896,2000,4843.502,9451.657,2000,4919.88,9385.958,2000,4928.82
9435.314,2000,5138.138,9494.839,2000,4998.285,9343.6,2000,4884.424,9247.015,2000,5042.382,9227.306,2000,4888.668,9606.771,2000,4896.362,9356.652,2000,5026.534,9530.912,2000,4844.585,9450.729,2000,4920.438,9384.986,2000,4928.342
9435.006,2000,5137.1,9495.554,2000,4997.472,9343.4,2000,4883.359,9245.932,2000,5042.375,9226.298,2000,4889.066,9606.517,2000,4897.415,9357.604,2000,5027.054,9530.893,2000,4845.668,9449.781,2000,4920.964,9383.999,2000,4927.896
9434.731,2000,5136.052,9496.295,2000,4996.682,9343.166,2000,4882.301,9244.85,2000,5042.333,9225.304,2000,4889.497,9606.296,2000,4898.476,9358.57,2000,5027.542,9530.838,2000,4846.75,9448.817,2000,4921.459,9382.998,2000,4927.482
9434.491,2000,5134.995,9497.062,2000,4995.917,9342.897,2000,4881.252,9243.77,2000,5042.255,9224.324,2000,4889.959,9606.11,2000,4899.543,9359.553,2000,5027.998,9530.748,2000,4847.83,9447.838,2000,4921.922,9381.983,2000,4927.101
9434.286,2000,5133.932,9497.854,2000,4995.177,9342.595,2000,4880.212,9242.692,2000,5042.143,9223.36,2000,4890.454,9605.96,2000,4900.616,9360.55,2000,5028.421,9530.623,2000,4848.906,9446.844,2000,4922.354,9380.957,2000,4926.753
9434.099,2000,5132.865,9498.669,2000,4994.463,9342.258,2000,4879.182,9241.619,2000,5041.995,9222.413,2000,4890.98,9605.845,2000,4901.693,9361.561,2000,5028.812,9530.463,2000,4849.977,9445.836,2000,4922.752,9379.92,2000,4926.44
9433.911,2000,5131.798,9499.507,2000,4993.777,9341.888,2000,4878.164,9240.552,2000,5041.812,9221.483,2000,4891.537,9605.765,2000,4902.773,9362.583,2000,5029.169,9530.268,2000,4851.042,9444.816,2000,4923.117,9378.873,2000,4926.16
9433.723,2000,5130.731,9500.367,2000,4993.119,9341.484,2000,4877.159,9239.49,2000,5041.594,9220.573,2000,4892.124,9605.72,2000,4903.856,9363.617,2000,5029.493,9530.037,2000,4852.101,9443.785,2000,4923.449,9377.817,2000,4925.915
9433.533,2000,5129.664,9501.248,2000,4992.489,9341.049,2000,4876.167,9238.437,2000,5041.341,9219.683,2000,4892.74,9605.71,2000,4904.939,9364.661,2000,5029.783,9529.772,2000,4853.151,9442.743,2000,4923.747,9376.755,2000,4925.705
9433.344,2000,5128.598,9502.149,2000,4991.888,9340.581,2000,4875.19,9237.392,2000,5041.055,9218.813,2000,4893.385,9605.736,2000,4906.022,9365.714,2000,5030.039,9529.474,2000,4854.193,9441.692,2000,4924.01,9375.686,2000,4925.529
9433.153,2000,5127.531,9503.07,2000,4991.317,9340.081,2000,4874.229,9236.356,2000,5040.734,9217.964,2000,4894.058,9605.798,2000,4907.104,9366.774,2000,5030.26,9529.141,2000,4855.224,9440.634,2000,4924.239,9374.611,2000,4925.388
9432.963,2000,5126.465,9504.009,2000,4990.777,9339.55,2000,4873.285,9235.333,2000,5040.379,9217.138,2000,4894.759,9605.895,2000,4908.183,9367.842,2000,5030.446,9528.774,2000,4856.243,9439.568,2000,4924.434,9373.533,2000,4925.283
9432.772,2000,5125.398,9504.965,2000,4990.267,9338.988,2000,4872.358,9234.321,2000,5039.992,9216.335,2000,4895.486,9606.026,2000,4909.258,9368.914,2000,5030.597,9528.375,2000,4857.25,9438.497,2000,4924.593,9372.452,2000,4925.213
9432.581,2000,5124.332,9505.938,2000,4989.789,9338.409,2000,4871.443,9233.323,2000,5039.571,9215.557,2000,4896.24,9606.193,2000,4910.329,9369.991,2000,5030.713,9527.942,2000,4858.243,9437.421,2000,4924.717,9371.369,2000,4925.178
9432.389,2000,5123.266,9506.925,2000,4989.343,9337.843,2000,4870.52,9232.339,2000,5039.118,9214.803,2000,4897.018,9606.396,2000,4911.393,9371.071,2000,5030.794,9527.478,2000,4859.222,9436.341,2000,4924.806,9370.286,2000,4925.179
9432.196,2000,5122.199,9507.926,2000,4988.93,9337.29,2000,4869.588,9231.37,2000,5038.632,9214.075,2000,4897.821,9606.632,2000,4912.45,9372.153,2000,5030.839,9526.981,2000,4860.185,9435.259,2000,4924.859,9369.203,2000,4925.215
9432.004,2000,5121.133,9508.94,2000,4988.549,9336.751,2000,4868.648,9230.418,2000,5038.116,9213.374,2000,4898.647,9606.903,2000,4913.499,9373.236,2000,5030.849,9526.454,2000,4861.131,9434.176,2000,4924.877,9368.122,2000,4925.287
9431.811,2000,5120.067,9509.967,2000,4988.202,9336.227,2000,4867.701,9229.483,2000,5037.568,9212.7,2000,4899.496,9607.209,2000,4914.539,9374.319,2000,5030.824,9525.896,2000,4862.059,9433.093,2000,4924.859,9367.044,2000,4925.394
9431.617,2000,5119.001,9511.004,2000,4987.889,9335.716,2000,4866.745,9228.567,2000,5036.991,9212.055,2000,4900.366,9607.548,2000,4915.567,9375.401,2000,5030.763,9525.308,2000,4862.969,9432.011,2000,4924.807,9365.97,2000,4925.536
9431.424,2000,5117.936,9512.03,2000,4987.542,9335.22,2000,4865.782,9227.67,2000,5036.383,9211.438,2000,4901.256,9607.921,2000,4916.584,9376.48,2000,5030.667,9524.689,2000,4863.859,9430.931,2000,4924.718,9364.901,2000,4925.713
9431.23,2000,5116.87,9513.045,2000,4987.161,9334.739,2000,4864.811,9226.793,2000,5035.747,9210.852,2000,4902.167,9608.327,2000,4917.589,9377.556,2000,5030.535,9524.043,2000,4864.728,9429.854,2000,4924.595,9363.839,2000,4925.926
9431.037,2000,5115.804,9514.046,2000,4986.748,9334.273,2000,4863.833,9225.938,2000,5035.082,9210.295,2000,4903.096,9608.766,2000,4918.58,9378.626,2000,5030.368,9523.368,2000,4865.576,9428.783,2000,4924.436,9362.784,2000,4926.173
9430.879,2000,5114.732,9515.033,2000,4986.302,9333.823,2000,4862.848,9225.104,2000,5034.39,9209.769,2000,4904.043,9609.172,2000,4919.584,9379.69,2000,5030.167,9522.666,2000,4866.401,9427.718,2000,4924.242,9361.738,2000,4926.454
9430.756,2000,5113.656,9516.006,2000,4985.824,9333.388,2000,4861.855,9224.295,2000,5033.67,9209.273,2000,4905.006,9609.545,2000,4920.601,9380.748,2000,5029.93,9521.938,2000,4867.203,9426.659,2000,4924.014,9360.702,2000,4926.77
9430.668,2000,5112.576,9516.962,2000,4985.314,9332.968,2000,4860.857,9223.509,2000,5032.925,9208.811,2000,4905.986,9609.884,2000,4921.63,9381.797,2000,5029.659,9521.183,2000,4867.98,9425.608,2000,4923.75,9359.677,2000,4927.119
9430.616,2000,5111.494,9517.9,2000,4984.773,9332.563,2000,4859.852,9222.747,2000,5032.154,9208.38,2000,4906.979,9610.189,2000,4922.669,9382.836,2000,5029.354,9520.403,2000,4868.732,9424.566,2000,4923.453,9358.663,2000,4927.501
9430.6,2000,5110.411,9518.821,2000,4984.203,9332.173,2000,4858.841,9222.012,2000,5031.358,9207.981,2000,4907.987,9610.461,2000,4923.718,9383.865,2000,5029.015,9519.618,2000,4869.479,9423.535,2000,4923.122,9357.662,2000,4927.917
9430.618,2000,5109.328,9519.723,2000,4983.602,9331.798,2000,4857.825,9221.303,2000,5030.54,9207.616,2000,4909.007,9610.697,2000,4924.775,9384.883,2000,5028.643,9518.833,2000,4870.226,9422.515,2000,4922.757,9356.676,2000,4928.364
9430.672,2000,5108.246,9520.604,2000,4982.972,9331.438,2000,4856.804,9220.621,2000,5029.698,9207.285,2000,4910.038,9610.899,2000,4925.84,9385.888,2000,5028.237,9518.047,2000,4870.971,9421.507,2000,4922.359,9355.704,2000,4928.844
9430.762,2000,5107.167,9521.464,2000,4982.313,9331.092,2000,4855.777,9219.967,2000,5028.834,9206.987,2000,4911.08,9611.066,2000,4926.91,9386.879,2000,5027.799,9517.26,2000,4871.715,9420.513,2000,4921.929,9354.749,2000,4929.355
9430.887,2000,5106.09,9522.302,2000,4981.627,9330.76,2000,4854.746,9219.341,2000,5027.95,9206.724,2000,4912.13,9611.198,2000,4927.985,9387.854,2000,5027.329,9516.472,2000,4872.458,9419.533,2000,4921.466,9353.812,2000,4929.898
9431.047,2000,5105.019,9523.117,2000,4980.914,9330.442,2000,4853.71,9218.744,2000,5027.045,9206.495,2000,4913.189,9611.295,2000,4929.064,9388.814,2000,5026.827,9515.683,2000,4873.2,9418.569,2000,4920.971,9352.892,2000,4930.471
9431.242,2000,5103.954,9523.909,2000,4980.174,9330.139,2000,4852.67,9218.178,2000,5026.122,9206.301,2000,4914.255,9611.356,2000,4930.146,9389.758,2000,5026.294,9514.893,2000,4873.941,9417.622,2000,4920.445,9351.991,2000,4931.073
9431.472,2000,5102.895,9524.676,2000,4979.409,9329.848,2000,4851.627,9217.642,2000,5025.181,9206.142,2000,4915.327,9611.383,2000,4931.229,9390.683,2000,5025.73,9514.102,2000,4874.682,9416.692,2000,4919.889,9351.111,2000,4931.705
9431.736,2000,5101.844,9525.417,2000,4978.619,9329.569,2000,4850.58,9217.137,2000,5024.222,9206.018,2000,4916.403,9611.444,2000,4932.311,9391.589,2000,5025.137,9513.31,2000,4875.421,9415.782,2000,4919.302,9350.252,2000,4932.365
9432.035,2000,5100.803,9526.132,2000,4977.806,9329.304,2000,4849.53,9216.664,2000,5023.248,9205.929,2000,4917.483,9611.541,2000,4933.39,9392.476,2000,5024.514,9512.517,2000,4876.16,9414.892,2000,4918.686,9349.415,2000,4933.053
9432.367,2000,5099.771,9526.82,2000,4976.969,9329.05,2000,4848.477,9216.223,2000,5022.258,9205.875,2000,4918.565,9611.673,2000,4934.465,9393.341,2000,5023.862,9511.724,2000,4876.897,9414.021,2000,4918.041,9348.602,2000,4933.768
9432.733,2000,5098.752,9527.48,2000,4976.11,9328.808,2000,4847.42,9215.814,2000,5021.254,9205.857,2000,4919.648,9611.84,2000,4935.535,9394.185,2000,5023.182,9510.93,2000,4877.634,9413.173,2000,4917.367,9347.812,2000,4934.509
9433.133,2000,5097.745,9528.169,2000,4975.274,9328.576,2000,4846.362,9215.439,2000,5020.238,9205.875,2000,4920.731,9612.042,2000,4936.6,9395.006,2000,5022.475,9510.111,2000,4878.345,9412.347,2000,4916.667,9347.046,2000,4935.276
9433.564,2000,5096.751,9528.884,2000,4974.46,9328.355,2000,4845.301,9215.031,2000,5019.235,9205.857,2000,4921.814,9612.278,2000,4937.657,9395.85,2000,5021.795,9509.271,2000,4879.028,9411.544,2000,4915.939,9346.256,2000,4936.017
9434.028,2000,5095.772,9529.625,2000,4973.67,9328.146,2000,4844.238,9214.59,2000,5018.245,9205.804,2000,4922.896,9612.55,2000,4938.706,9396.715,2000,5021.144,9508.408,2000,4879.683,9410.766,2000,4915.186,9345.442,2000,4936.732
9434.524,2000,5094.809,9530.392,2000,4972.905,9327.946,2000,4843.173,9214.117,2000,5017.271,9205.715,2000,4923.976,9612.855,2000,4939.745,9397.602,2000,5020.521,9507.524,2000,4880.31,9410.012,2000,4914.407,9344.605,2000,4937.42
9435.052,2000,5093.862,9531.184,2000,4972.166,9327.758,2000,4842.106,9213.612,2000,5016.312,9205.591,2000,4925.052,9613.194,2000,4940.774,9398.508,2000,5019.927,9506.621,2000,4880.907,9409.284,2000,4913.604,9343.746,2000,4938.08
9435.609,2000,5092.934,9531.999,2000,4971.452,9327.58,2000,4841.038,9213.076,2000,5015.371,9205.432,2000,4926.124,9613.567,2000,4941.791,9399.433,2000,5019.363,9505.698,2000,4881.475,9408.583,2000,4912.779,9342.866,2000,4938.712
9436.197,2000,5092.023,9532.837,2000,4970.766,9327.412,2000,4839.967,9212.51,2000,5014.447,9205.237,2000,4927.189,9613.974,2000,4942.795,9400.365,2000,5018.812,9504.758,2000,4882.012,9407.909,2000,4911.93,9341.966,2000,4939.314
9436.814,2000,5091.133,9533.697,2000,4970.107,9327.279,2000,4838.892,9211.913,2000,5013.543,9205.009,2000,4928.249,9614.412,2000,4943.786,9401.292,2000,5018.25,9503.8,2000,4882.518,9407.264,2000,4911.06,9341.046,2000,4939.887
9437.461,2000,5090.264,9534.578,2000,4969.478,9327.183,2000,4837.813,9211.287,2000,5012.659,9204.745,2000,4929.299,9614.883,2000,4944.762,9402.213,2000,5017.68,9502.826,2000,4882.992,9406.646,2000,4910.169,9340.108,2000,4940.43
9438.135,2000,5089.416,9535.479,2000,4968.877,9327.121,2000,4836.731,9210.633,2000,5011.795,9204.447,2000,4930.341,9615.385,2000,4945.722,9403.128,2000,5017.101,9501.837,2000,4883.434,9406.06,2000,4909.259,9339.153,2000,4940.941
9438.836,2000,5088.59,9536.4,2000,4968.306,9327.095,2000,4835.648,9209.951,2000,5010.953,9204.116,2000,4931.372,9615.918,2000,4946.665,9404.037,2000,5016.512,9500.834,2000,4883.844,9405.502,2000,4908.33,9338.182,2000,4941.421
9439.564,2000,5087.788,9537.339,2000,4967.766,9327.104,2000,4834.565,9209.242,2000,5010.134,9203.751,2000,4932.392,9616.482,2000,4947.589,9404.94,2000,5015.914,9499.818,2000,4884.22,9404.976,2000,4907.383,9337.195,2000,4941.869
9440.318,2000,5087.01,9538.295,2000,4967.256,9327.148,2000,4833.482,9208.507,2000,5009.339,9203.353,2000,4933.399,9617.076,2000,4948.495,9405.823,2000,5015.286,9498.791,2000,4884.563,9404.48,2000,4906.42,9336.224,2000,4942.349
9441.098,2000,5086.257,9539.268,2000,4966.778,9327.229,2000,4832.402,9207.745,2000,5008.568,9202.922,2000,4934.393,9617.699,2000,4949.381,9406.686,2000,5014.63,9497.753,2000,4884.873,9404.017,2000,4905.441,9335.265,2000,4942.853
9441.901,2000,5085.53,9540.255,2000,4966.332,9327.344,2000,4831.325,9206.959,2000,5007.822,9202.459,2000,4935.373,9618.352,2000,4950.247,9407.525,2000,5013.947,9496.705,2000,4885.148,9403.586,2000,4904.447,9334.313,2000,4943.371
9442.729,2000,5084.83,9541.256,2000,4965.918,9327.494,2000,4830.252,9206.149,2000,5007.103,9201.964,2000,4936.336,9619.031,2000,4951.09,9408.343,2000,5013.236,9495.648,2000,4885.389,9403.188,2000,4903.44,9333.369,2000,4943.901
9443.578,2000,5084.157,9542.271,2000,4965.538,9327.68,2000,4829.185,9205.316,2000,5006.411,9201.438,2000,4937.283,9619.738,2000,4951.911,9409.137,2000,5012.499,9494.585,2000,4885.595,9402.807,2000,4902.426,9332.432,2000,4944.444
9444.449,2000,5083.513,9543.297,2000,4965.191,9327.9,2000,4828.124,9204.461,2000,5005.746,9200.881,2000,4938.212,9620.472,2000,4952.708,9409.906,2000,5011.736,9493.516,2000,4885.767,9402.425,2000,4901.412,9331.502,2000,4945
9445.341,2000,5082.897,9544.334,2000,4964.877,9328.155,2000,4827.071,9203.584,2000,5005.109,9200.294,2000,4939.123,9621.231,2000,4953.481,9410.65,2000,5010.948,9492.44,2000,4885.903,9402.043,2000,4900.398,9330.579,2000,4945.567
9446.252,2000,5082.311,9545.381,2000,4964.598,9328.444,2000,4826.027,9202.687,2000,5004.502,9199.678,2000,4940.013,9622.016,2000,4954.229,9411.368,2000,5010.137,9491.361,2000,4886.004,9401.66,2000,4899.385,9329.663,2000,4946.146
9447.182,2000,5081.754,9546.437,2000,4964.354,9328.768,2000,4824.993,9201.771,2000,5003.924,9199.032,2000,4940.883,9622.824,2000,4954.95,9412.059,2000,5009.302,9490.28,2000,4886.069,9401.276,2000,4898.372,9328.755,2000,4946.735
9448.129,2000,5081.229,9547.499,2000,4964.144,9329.124,2000,4823.97,9200.836,2000,5003.377,9198.358,2000,4941.732,9623.655,2000,4955.644,9412.722,2000,5008.445,9489.197,2000,4886.1,9400.893,2000,4897.359,9327.854,2000,4947.336
9449.093,2000,5080.735,9548.568,2000,4963.968,9329.514,2000,4822.959,9199.884,2000,5002.86,9197.657,2000,4942.558,9624.509,2000,4956.311,9413.356,2000,5007.567,9488.114,2000,4886.094,9400.508,2000,4896.346,9326.959,2000,4947.948
9450.072,2000,5080.272,9549.643,2000,4963.828,9329.937,2000,4821.962,9198.915,2000,5002.375,9196.93,2000,4943.361,9625.384,2000,4956.95,9413.962,2000,5006.669,9487.031,2000,4886.053,9400.122,2000,4895.334,9326.072,2000,4948.57
9451.066,2000,5079.842,9550.721,2000,4963.723,9330.392,2000,4820.979,9197.931,2000,5001.922,9196.176,2000,4944.139,9626.279,2000,4957.56,9414.538,2000,5005.751,9485.95,2000,4885.977,9399.735,2000,4894.322,9325.192,2000,4949.203
9452.074,2000,5079.445,9551.795,2000,4963.583,9330.879,2000,4820.011,9196.933,2000,5001.501,9195.397,2000,4944.893,9627.194,2000,4958.14,9415.084,2000,5004.815,9484.873,2000,4885.866,9399.348,2000,4893.31,9324.32,2000,4949.845
9453.095,2000,5079.081,9552.864,2000,4963.408,9331.397,2000,4819.06,9195.921,2000,5001.113,9194.595,2000,4945.62,9628.128,2000,4958.689,9415.599,2000,5003.862,9483.8,2000,4885.719,9398.96,2000,4892.299,9323.455,2000,4950.497
9454.126,2000,5078.75,9553.927,2000,4963.198,9331.885,2000,4818.092,9194.897,2000,5000.759,9193.769,2000,4946.321,9629.079,2000,4959.208,9416.082,2000,5002.893,9482.731,2000,4885.538,9398.605,2000,4891.275,9322.597,2000,4951.158
9455.168,2000,5078.454,9554.982,2000,4962.953,9332.34,2000,4817.109,9193.862,2000,5000.438,9192.92,2000,4946.994,9630.047,2000,4959.696,9416.533,2000,5001.908,9481.67,2000,4885.321,9398.284,2000,4890.241,9321.746,2000,4951.828
9456.219,2000,5078.191,9556.029,2000,4962.674,9332.763,2000,4816.112,9192.817,2000,5000.151,9192.05,2000,4947.639,9631.029,2000,4960.152,9416.952,2000,5000.909,9480.616,2000,4885.07,9397.997,2000,4889.196,9320.902,2000,4952.507
9457.278,2000,5077.964,9557.066,2000,4962.36,9333.152,2000,4815.101,9191.764,2000,4999.899,9191.159,2000,4948.255,9632.026,2000,4960.575,9417.338,2000,4999.896,9479.571,2000,4884.784,9397.744,2000,4888.143,9320.065,2000,4953.195
9458.345,2000,5077.771,9558.093,2000,4962.013,9333.509,2000,4814.078,9190.702,2000,4999.681,9190.249,2000,4948.842,9633.037,2000,4960.966,9417.69,2000,4998.872,9478.536,2000,4884.464,9397.457,2000,4887.099,9319.251,2000,4953.909
9459.416,2000,5077.613,9559.107,2000,4961.633,9333.832,2000,4813.044,9189.635,2000,4999.498,9189.319,2000,4949.399,9634.06,2000,4961.323,9418.009,2000,4997.837,9477.512,2000,4884.111,9397.136,2000,4886.064,9318.461,2000,4954.65
9460.492,2000,5077.49,9560.108,2000,4961.219,9334.121,2000,4812,9188.562,2000,4999.35,9188.372,2000,4949.925,9635.094,2000,4961.647,9418.294,2000,4996.792,9476.5,2000,4883.724,9396.781,2000,4885.041,9317.695,2000,4955.416
9461.572,2000,5077.402,9561.096,2000,4960.773,9334.376,2000,4810.947,9187.484,2000,4999.237,9187.408,2000,4950.419,9636.138,2000,4961.937,9418.544,2000,4995.737,9475.501,2000,4883.305,9396.394,2000,4884.029,9316.955,2000,4956.207
9462.654,2000,5077.35,9562.068,2000,4960.295,9334.597,2000,4809.887,9186.404,2000,4999.16,9186.429,2000,4950.882,9637.19,2000,4962.192,9418.76,2000,4994.676,9474.517,2000,4882.853,9395.973,2000,4883.031,9316.241,2000,4957.022
9463.737,2000,5077.333,9563.024,2000,4959.786,9334.782,2000,4808.819,9185.322,2000,4999.118,9185.435,2000,4951.313,9638.251,2000,4962.413,9418.94,2000,4993.607,9473.548,2000,4882.369,9395.52,2000,4882.047,9315.555,2000,4957.859
9464.82,2000,5077.352,9563.963,2000,4959.245,9334.933,2000,4807.747,9184.239,2000,4999.111,9184.427,2000,4951.711,9639.318,2000,4962.599,9419.086,2000,4992.534,9472.595,2000,4881.853,9395.034,2000,4881.079,9314.896,2000,4958.719
9465.902,2000,5077.406,9564.884,2000,4958.674,9335.048,2000,4806.669,9183.156,2000,4999.14,9183.406,2000,4952.076,9640.392,2000,4962.75,9419.196,2000,4991.457,9471.659,2000,4881.307,9394.518,2000,4880.126,9314.265,2000,4959.6
9466.982,2000,5077.496,9565.785,2000,4958.074,9335.128,2000,4805.589,9182.075,2000,4999.204,9182.375,2000,4952.407,9641.469,2000,4962.865,9419.271,2000,4990.376,9470.742,2000,4880.73,9393.97,2000,4879.192,9313.663,2000,4960.501
9468.059,2000,5077.621,9566.666,2000,4957.444,9335.173,2000,4804.506,9180.996,2000,4999.303,9181.333,2000,4952.704,9642.549,2000,4962.946,9419.312,2000,4989.293,9469.845,2000,4880.124,9393.392,2000,4878.275,9313.091,2000,4961.421
9469.139,2000,5077.71,9567.526,2000,4956.785,9335.182,2000,4803.423,9179.921,2000,4999.438,9180.282,2000,4952.967,9643.629,2000,4963.024,9419.316,2000,4988.21,9468.967,2000,4879.488,9392.784,2000,4877.378,9312.55,2000,4962.359
9470.221,2000,5077.764,9568.364,2000,4956.099,9335.155,2000,4802.34,9178.851,2000,4999.608,9179.224,2000,4953.196,9644.709,2000,4963.112,9419.285,2000,4987.127,9468.11,2000,4878.825,9392.147,2000,4876.502,9312.039,2000,4963.315
9471.304,2000,5077.783,9569.18,2000,4955.386,9335.094,2000,4801.258,9177.787,2000,4999.813,9178.158,2000,4953.39,9645.788,2000,4963.211,9419.219,2000,4986.045,9467.276,2000,4878.133,9391.482,2000,4875.646,9311.561,2000,4964.287
9472.387,2000,5077.766,9569.972,2000,4954.646,9334.997,2000,4800.179,9176.73,2000,5000.052,9177.087,2000,4953.548,9646.866,2000,4963.321,9419.117,2000,4984.967,9466.466,2000,4877.415,9390.79,2000,4874.813,9311.113,2000,4965.273
9473.469,2000,5077.714,9570.738,2000,4953.881,9334.864,2000,4799.104,9175.683,2000,5000.326,9176.011,2000,4953.672,9647.942,2000,4963.443,9418.98,2000,4983.892,9465.679,2000,4876.67,9390.07,2000,4874.003,9310.699,2000,4966.274
9474.549,2000,5077.626,9571.479,2000,4953.091,9334.696,2000,4798.034,9174.644,2000,5000.634,9174.931,2000,4953.76,9649.018,2000,4963.576,9418.809,2000,4982.822,9464.916,2000,4875.9,9389.325,2000,4873.217,9310.318,2000,4967.289
9475.625,2000,5077.503,9572.194,2000,4952.277,9334.494,2000,4796.969,9173.615,2000,5000.976,9173.849,2000,4953.813,9650.091,2000,4963.721,9418.602,2000,4981.759,9464.18,2000,4875.106,9388.555,2000,4872.456,9309.971,2000,4968.314
9476.696,2000,5077.345,9572.883,2000,4951.441,9334.257,2000,4795.912,9172.599,2000,5001.351,9172.766,2000,4953.831,9651.163,2000,4963.878,9418.36,2000,4980.703,9463.47,2000,4874.288,9387.76,2000,4871.721,9309.656,2000,4969.351
9477.763,2000,5077.152,9573.543,2000,4950.582,9333.985,2000,4794.863,9171.596,2000,5001.759,9171.683,2000,4953.813,9652.233,2000,4964.048,9418.084,2000,4979.655,9462.786,2000,4873.447,9386.94,2000,4871.012,9309.376,2000,4970.397
9478.822,2000,5076.925,9574.175,2000,4949.702,9333.68,2000,4793.824,9170.606,2000,5002.2,9170.601,2000,4953.76,9653.301,2000,4964.231,9417.773,2000,4978.617,9462.131,2000,4872.584,9386.099,2000,4870.33,9309.13,2000,4971.453
9479.873,2000,5076.663,9574.777,2000,4948.802,9333.34,2000,4792.795,9169.632,2000,5002.673,9169.521,2000,4953.671,9654.366,2000,4964.427,9417.43,2000,4977.59,9461.504,2000,4871.701,9385.235,2000,4869.675,9308.919,2000,4972.515
9480.915,2000,5076.366,9575.351,2000,4947.883,9332.967,2000,4791.778,9168.673,2000,5003.178,9168.444,2000,4953.547,9655.43,2000,4964.635,9417.067,2000,4976.569,9460.906,2000,4870.797,9384.351,2000,4869.05,9308.743,2000,4973.584
9481.946,2000,5076.036,9575.894,2000,4946.945,9332.561,2000,4790.774,9167.731,2000,5003.714,9167.373,2000,4953.388,9656.49,2000,4964.857,9416.699,2000,4975.55,9460.339,2000,4869.874,9383.446,2000,4868.454,9308.603,2000,4974.658
9482.967,2000,5075.671,9576.405,2000,4945.991,9332.122,2000,4789.783,9166.808,2000,5004.28,9166.308,2000,4953.194,9657.548,2000,4965.092,9416.326,2000,4974.533,9459.802,2000,4868.933,9382.522,2000,4867.887,9308.497,2000,4975.736
9483.975,2000,5075.274,9576.886,2000,4945.02,9331.651,2000,4788.808,9165.903,2000,5004.876,9165.249,2000,4952.965,9658.603,2000,4965.34,9415.947,2000,4973.518,9459.296,2000,4867.975,9381.581,2000,4867.352,9308.427,2000,4976.817
9484.969,2000,5074.844,9577.334,2000,4944.033,9331.148,2000,4787.848,9165.019,2000,5005.502,9164.198,2000,4952.702,9659.654,2000,4965.601,9415.563,2000,4972.504,9458.821,2000,4867.001,9380.622,2000,4866.847,9308.392,2000,4977.9
9485.948,2000,5074.381,9577.75,2000,4943.033,9330.614,2000,4786.905,9164.155,2000,5006.156,9163.156,2000,4952.404,9660.702,2000,4965.875,9415.174,2000,4971.494,9458.379,2000,4866.012,9379.647,2000,4866.374,9308.392,2000,4978.984
9486.912,2000,5073.887,9578.133,2000,4942.019,9330.05,2000,4785.98,9163.313,2000,5006.838,9162.125,2000,4952.072,9661.747,2000,4966.163,9414.779,2000,4970.485,9457.97,2000,4865.009,9378.658,2000,4865.933,9308.428,2000,4980.066
9487.859,2000,5073.362,9578.482,2000,4940.994,9329.487,2000,4785.055,9162.494,2000,5007.548,9161.105,2000,4951.707,9662.788,2000,4966.463,9414.379,2000,4969.478,9457.593,2000,4863.994,9377.654,2000,4865.524,9308.499,2000,4981.147
9488.789,2000,5072.806,9578.798,2000,4939.958,9328.931,2000,4784.125,9161.699,2000,5008.284,9160.098,2000,4951.309,9663.825,2000,4966.777,9413.973,2000,4968.474,9457.25,2000,4862.966,9376.638,2000,4865.149,9308.605,2000,4982.226
9489.7,2000,5072.219,9579.079,2000,4938.912,9328.381,2000,4783.191,9160.929,2000,5009.045,9159.104,2000,4950.877,9664.858,2000,4967.103,9413.562,2000,4967.471,9456.94,2000,4861.928,9375.609,2000,4864.808,9308.747,2000,4983.3
9490.592,2000,5071.604,9579.326,2000,4937.857,9327.838,2000,4782.254,9160.184,2000,5009.831,9158.124,2000,4950.414,9665.888,2000,4967.441,9413.145,2000,4966.471,9456.665,2000,4860.88,9374.57,2000,4864.5,9308.924,2000,4984.369
9491.463,2000,5070.959,9579.539,2000,4936.794,9327.303,2000,4781.312,9159.464,2000,5010.641,9157.16,2000,4949.919,9666.913,2000,4967.792,9412.723,2000,4965.474,9456.424,2000,4859.824,9373.522,2000,4864.226,9309.136,2000,4985.431
9492.313,2000,5070.286,9579.717,2000,4935.726,9326.775,2000,4780.366,9158.771,2000,5011.474,9156.213,2000,4949.393,9667.934,2000,4968.154,9412.296,2000,4964.478,9456.218,2000,4858.761,9372.466,2000,4863.986,9309.382,2000,4986.486
9493.14,2000,5069.586,9579.859,2000,4934.652,9326.256,2000,4779.415,9158.106,2000,5012.33,9155.284,2000,4948.835,9668.95,2000,4968.527,9411.863,2000,4963.485,9456.047,2000,4857.691,9371.402,2000,4863.782,9309.662,2000,4987.533
9493.943,2000,5068.859,9579.967,2000,4933.574,9325.745,2000,4778.46,9157.47,2000,5013.206,9154.374,2000,4948.248,9669.963,2000,4968.913,9411.426,2000,4962.494,9455.911,2000,4856.616,9370.332,2000,4863.612,9309.977,2000,4988.569
9494.723,2000,5068.106,9580.039,2000,4932.493,9325.242,2000,4777.5,9156.862,2000,5014.103,9153.483,2000,4947.631,9670.972,2000,4969.309,9410.983,2000,4961.505,9455.811,2000,4855.538,9369.257,2000,4863.477,9310.325,2000,4989.595
9495.477,2000,5067.329,9580.076,2000,4931.41,9324.748,2000,4776.536,9156.284,2000,5015.02,9152.613,2000,4946.986,9671.976,2000,4969.715,9410.536,2000,4960.518,9455.745,2000,4854.456,9368.178,2000,4863.377,9310.707,2000,4990.609
9496.205,2000,5066.526,9580.077,2000,4930.327,9324.264,2000,4775.567,9155.736,2000,5015.955,9151.765,2000,4946.313,9672.976,2000,4970.132,9410.084,2000,4959.534,9455.715,2000,4853.373,9367.097,2000,4863.313,9311.122,2000,4991.61
9496.906,2000,5065.701,9580.043,2000,4929.244,9323.788,2000,4774.593,9155.22,2000,5016.907,9150.938,2000,4945.611,9673.961,2000,4970.582,9409.627,2000,4958.551,9455.72,2000,4852.29,9366.014,2000,4863.285,9311.569,2000,4992.597
9497.58,2000,5064.853,9579.974,2000,4928.163,9323.322,2000,4773.615,9154.734,2000,5017.875,9150.136,2000,4944.884,9674.932,2000,4971.063,9409.166,2000,4957.571,9455.761,2000,4851.207,9364.931,2000,4863.292,9312.049,2000,4993.568
9498.227,2000,5063.983,9579.869,2000,4927.084,9322.866,2000,4772.632,9154.281,2000,5018.859,9149.357,2000,4944.13,9675.886,2000,4971.576,9408.7,2000,4956.593,9455.837,2000,4850.126,9363.849,2000,4863.334,9312.56,2000,4994.523
9498.844,2000,5063.093,9579.729,2000,4926.01,9322.42,2000,4771.645,9153.86,2000,5019.857,9148.604,2000,4943.352,9676.822,2000,4972.12,9408.23,2000,4955.617,9455.948,2000,4849.049,9362.769,2000,4863.412,9313.102,2000,4995.461
9499.432,2000,5062.183,9579.555,2000,4924.941,9321.941,2000,4770.673,9153.473,2000,5020.869,9147.877,2000,4942.549,9677.741,2000,4972.694,9407.756,2000,4954.643,9456.095,2000,4847.976,9361.691,2000,4863.524,9313.674,2000,4996.381
9499.989,2000,5061.254,9579.345,2000,4923.878,9321.432,2000,4769.717,9153.118,2000,5021.893,9147.176,2000,4941.723,9678.641,2000,4973.298,9407.277,2000,4953.671,9456.276,2000,4846.908,9360.618,2000,4863.672,9314.276,2000,4997.282
9500.517,2000,5060.308,9579.1,2000,4922.823,9320.891,2000,4768.778,9152.797,2000,5022.927,9146.502,2000,4940.875,9679.52,2000,4973.931,9406.794,2000,4952.701,9456.493,2000,4845.846,9359.551,2000,4863.855,9314.907,2000,4998.162
9501.013,2000,5059.344,9578.82,2000,4921.776,9320.319,2000,4767.857,9152.51,2000,5023.972,9145.856,2000,4940.004,9680.378,2000,4974.592,9406.279,2000,4951.748,9456.744,2000,4844.792,9358.485,2000,4864.053,9315.567,2000,4999.021
9501.477,2000,5058.365,9578.507,2000,4920.739,9319.719,2000,4766.956,9152.257,2000,5025.025,9145.24,2000,4939.113,9681.214,2000,4975.281,9405.796,2000,4950.778,9456.961,2000,4843.731,9357.414,2000,4864.216,9316.255,2000,4999.859
9501.908,2000,5057.372,9578.16,2000,4919.713,9319.089,2000,4766.075,9152.039,2000,5026.086,9144.653,2000,4938.203,9682.026,2000,4975.998,9405.345,2000,4949.793,9457.143,2000,4842.663,9356.338,2000,4864.344,9316.97,2000,5000.673
9502.308,2000,5056.364,9577.779,2000,4918.699,9318.431,2000,4765.214,9151.856,2000,5027.154,9144.097,2000,4937.273,9682.815,2000,4976.74,9404.926,2000,4948.794,9457.289,2000,4841.59,9355.259,2000,4864.437,9317.711,2000,5001.464
9502.674,2000,5055.345,9577.366,2000,4917.697,9317.744,2000,4764.376,9151.708,2000,5028.228,9143.57,2000,4936.327,9683.58,2000,4977.507,9404.54,2000,4947.782,9457.4,2000,4840.512,9354.177,2000,4864.494,9318.478,2000,5002.229
9503.006,2000,5054.313,9576.92,2000,4916.71,9317.03,2000,4763.561,9151.595,2000,5029.305,9143.075,2000,4935.363,9684.319,2000,4978.3,9404.188,2000,4946.758,9457.477,2000,4839.432,9353.094,2000,4864.515,9319.269,2000,5002.97
9503.305,2000,5053.272,9576.442,2000,4915.738,9316.291,2000,4762.769,9151.518,2000,5030.386,9142.612,2000,4934.383,9685.032,2000,4979.116,9403.869,2000,4945.723,9457.518,2000,4838.349,9352.011,2000,4864.501,9320.083,2000,5003.684
9503.569,2000,5052.221,9575.933,2000,4914.782,9315.525,2000,4762.002,9151.476,2000,5031.468,9142.182,2000,4933.389,9685.718,2000,4979.955,9403.584,2000,4944.677,9457.522,2000,4837.266,9350.929,2000,4864.452,9320.921,2000,5004.371
9503.799,2000,5051.163,9575.392,2000,4913.843,9314.735,2000,4761.261,9151.469,2000,5032.552,9141.783,2000,4932.381,9686.375,2000,4980.815,9403.334,2000,4943.623,9457.492,2000,4836.183,9349.849,2000,4864.368,9321.78,2000,5005.03
9503.994,2000,5050.097,9574.82,2000,4912.922,9313.922,2000,4760.546,9151.497,2000,5033.635,9141.418,2000,4931.361,9687.004,2000,4981.697,9403.118,2000,4942.562,9457.427,2000,4835.101,9348.771,2000,4864.248,9322.661,2000,5005.661
9504.154,2000,5049.026,9574.22,2000,4912.021,9313.085,2000,4759.858,9151.562,2000,5034.716,9141.087,2000,4930.33,9687.604,2000,4982.599,9402.938,2000,4941.494,9457.326,2000,4834.022,9347.699,2000,4864.093,9323.563,2000,5006.262
9504.279,2000,5047.95,9573.59,2000,4911.14,9312.227,2000,4759.198,9151.661,2000,5035.795,9140.79,2000,4929.289,9688.174,2000,4983.521,9402.792,2000,4940.42,9457.19,2000,4832.948,9346.633,2000,4863.903,9324.482,2000,5006.834
9504.369,2000,5046.87,9572.932,2000,4910.279,9311.347,2000,4758.566,9151.796,2000,5036.87,9140.527,2000,4928.238,9688.714,2000,4984.46,9402.682,2000,4939.343,9457.02,2000,4831.878,9345.573,2000,4863.679,9325.421,2000,5007.375
9504.423,2000,5045.788,9572.245,2000,4909.441,9310.446,2000,4757.963,9151.966,2000,5037.939,9140.299,2000,4927.179,9689.223,2000,4985.417,9402.606,2000,4938.262,9456.813,2000,4830.814,9344.521,2000,4863.419,9326.377,2000,5007.886
9504.441,2000,5044.705,9571.532,2000,4908.625,9309.527,2000,4757.39,9152.171,2000,5039.003,9140.105,2000,4926.113,9689.699,2000,4986.389,9402.566,2000,4937.18,9456.572,2000,4829.758,9343.479,2000,4863.126,9327.349,2000,5008.365
9504.425,2000,5043.622,9570.793,2000,4907.834,9308.59,2000,4756.847,9152.41,2000,5040.06,9139.946,2000,4925.041,9690.145,2000,4987.377,9402.562,2000,4936.096,9456.297,2000,4828.71,9342.446,2000,4862.798,9328.336,2000,5008.812
9504.373,2000,5042.54,9570.028,2000,4907.067,9307.635,2000,4756.335,9152.684,2000,5041.108,9139.822,2000,4923.965,9690.557,2000,4988.379,9402.593,2000,4935.013,9455.987,2000,4827.672,9341.425,2000,4862.437,9329.337,2000,5009.226
9504.285,2000,5041.46,9569.238,2000,4906.325,9306.664,2000,4755.855,9152.991,2000,5042.147,9139.733,2000,4922.885,9690.936,2000,4989.394,9402.659,2000,4933.932,9455.645,2000,4826.645,9340.416,2000,4862.042,9330.351,2000,5009.607
9504.162,2000,5040.384,9568.425,2000,4905.61,9305.678,2000,4755.407,9153.333,2000,5043.175,9139.681,2000,4921.803,9691.281,2000,4990.42,9402.761,2000,4932.853,9455.268,2000,4825.629,9339.421,2000,4861.615,9331.377,2000,5009.955
9504.004,2000,5039.313,9567.588,2000,4904.921,9304.678,2000,4754.992,9153.708,2000,5044.191,9139.663,2000,4920.72,9691.594,2000,4991.458,9402.897,2000,4931.778,9454.858,2000,4824.626,9338.439,2000,4861.156,9332.414,2000,5010.269
9503.811,2000,5038.247,9566.729,2000,4904.261,9303.664,2000,4754.609,9154.116,2000,5045.194,9139.681,2000,4919.637,9691.872,2000,4992.505,9403.069,2000,4930.708,9454.416,2000,4823.638,9337.474,2000,4860.665,9333.461,2000,5010.549
9503.583,2000,5037.188,9565.85,2000,4903.629,9302.639,2000,4754.26,9154.558,2000,5046.184,9139.734,2000,4918.555,9692.115,2000,4993.561,9403.276,2000,4929.645,9453.941,2000,4822.664,9336.524,2000,4860.142,9334.516,2000,5010.795
9503.32,2000,5036.136,9564.949,2000,4903.026,9301.603,2000,4753.944,9155.03,2000,5047.159,9139.823,2000,4917.476,9692.324,2000,4994.624,9403.518,2000,4928.589,9453.436,2000,4821.706,9335.593,2000,4859.588,9335.578,2000,5011.006
9503.023,2000,5035.094,9564.03,2000,4902.453,9300.557,2000,4753.663,9155.535,2000,5048.117,9139.947,2000,4916.399,9692.498,2000,4995.693,9403.794,2000,4927.542,9452.898,2000,4820.765,9334.68,2000,4859.004,9336.647,2000,5011.182
9502.693,2000,5034.063,9563.093,2000,4901.91,9299.502,2000,4753.416,9156.071,2000,5049.059,9140.106,2000,4915.328,9692.637,2000,4996.767,9404.104,2000,4926.503,9452.331,2000,4819.842,9333.787,2000,4858.391,9337.722,2000,5011.323
9502.329,2000,5033.042,9562.138,2000,4901.398,9298.439,2000,4753.204,9156.638,2000,5049.982,9140.301,2000,4914.262,9692.74,2000,4997.845,9404.448,2000,4925.476,9451.733,2000,4818.938,9332.915,2000,4857.749,9338.8,2000,5011.429
9501.932,2000,5032.034,9561.167,2000,4900.917,9297.371,2000,4753.026,9157.234,2000,5050.886,9140.529,2000,4913.203,9692.809,2000,4998.926,9404.825,2000,4924.46,9451.106,2000,4818.054,9332.064,2000,4857.079,9339.881,2000,5011.5
9501.502,2000,5031.04,9560.181,2000,4900.469,9296.297,2000,4752.883,9157.86,2000,5051.771,9140.793,2000,4912.152,9692.842,2000,5000.009,9405.235,2000,4923.458,9450.451,2000,4817.191,9331.235,2000,4856.381,9340.964,2000,5011.535
9501.04,2000,5030.06,9559.181,2000,4900.053,9295.219,2000,4752.776,9158.515,2000,5052.634,9141.091,2000,4911.11,9692.84,2000,5001.093,9405.679,2000,4922.469,9449.768,2000,4816.351,9330.43,2000,4855.656,9342.047,2000,5011.534
9500.546,2000,5029.096,9558.167,2000,4899.67,9294.138,2000,4752.704,9159.196,2000,5053.476,9141.422,2000,4910.079,9692.802,2000,5002.175,9406.089,2000,4921.467,9449.058,2000,4815.533,9329.648,2000,4854.906,9343.13,2000,5011.499
9500.021,2000,5028.149,9557.142,2000,4899.321,9293.055,2000,4752.667,9159.905,2000,5054.295,9141.787,2000,4909.059,9692.729,2000,5003.256,9406.466,2000,4920.451,9448.321,2000,4814.738,9328.843,2000,4854.181,9344.211,2000,5011.427
9499.465,2000,5027.219,9556.105,2000,4899.005,9291.972,2000,4752.667,9160.641,2000,5055.09,9142.186,2000,4908.052,9692.62,2000,5004.334,9406.81,2000,4919.424,9447.559,2000,4813.968,9328.014,2000,4853.483,9345.289,2000,5011.321
9498.879,2000,5026.308,9555.06,2000,4898.723,9290.889,2000,4752.701,9161.402,2000,5055.861,9142.616,2000,4907.058,9692.477,2000,5005.408,9407.12,2000,4918.386,9446.771,2000,4813.224,9327.163,2000,4852.813,9346.363,2000,5011.179
9498.263,2000,5025.417,9554.005,2000,4898.476,9289.808,2000,4752.771,9162.188,2000,5056.607,9143.079,2000,4906.079,9692.298,2000,5006.476,9407.396,2000,4917.338,9445.961,2000,4812.505,9326.291,2000,4852.171,9347.432,2000,5011.002
9497.618,2000,5024.546,9552.942,2000,4898.264,9288.729,2000,4752.875,9162.998,2000,5057.326,9143.574,2000,4905.115,9692.084,2000,5007.538,9407.638,2000,4916.282,9445.127,2000,4811.814,9325.398,2000,4851.558,9348.494,2000,5010.791
9496.945,2000,5023.697,9551.874,2000,4898.086,9287.655,2000,4753.016,9163.831,2000,5058.019,9144.101,2000,4904.168,9691.836,2000,5008.593,9407.845,2000,4915.219,9444.271,2000,4811.15,9324.485,2000,4850.974,9349.549,2000,5010.544
9496.258,2000,5022.86,9550.8,2000,4897.943,9286.586,2000,4753.191,9164.687,2000,5058.684,9144.657,2000,4903.239,9691.554,2000,5009.639,9408.017,2000,4914.149,9443.393,2000,4810.515,9323.554,2000,4850.42,9350.595,2000,5010.264
9495.568,2000,5022.024,9549.722,2000,4897.836,9285.523,2000,4753.401,9165.563,2000,5059.32,9145.244,2000,4902.329,9691.237,2000,5010.675,9408.153,2000,4913.074,9442.495,2000,4809.909,9322.604,2000,4849.897,9351.631,2000,5009.949
9494.878,2000,5021.189,9548.641,2000,4897.764,9284.468,2000,4753.646,9166.461,2000,5059.927,9145.86,2000,4901.438,9690.887,2000,5011.7,9408.255,2000,4911.996,9441.578,2000,4809.332,9321.639,2000,4849.406,9352.656,2000,5009.6
9494.187,2000,5020.356,9547.558,2000,4897.727,9283.421,2000,4753.926,9167.377,2000,5060.505,9146.506,2000,4900.568,9690.503,2000,5012.713,9408.321,2000,4910.914,9440.643,2000,4808.786,9320.657,2000,4848.947,9353.67,2000,5009.218
9493.493,2000,5019.523,9546.475,2000,4897.726,9282.384,2000,4754.239,9168.312,2000,5061.052,9147.18,2000,4899.719,9690.086,2000,5013.713,9408.353,2000,4909.831,9439.689,2000,4808.27,9319.662,2000,4848.52,9354.671,2000,5008.803
9492.799,2000,5018.692,9545.392,2000,4897.76,9281.357,2000,4754.586,9169.264,2000,5061.569,9147.881,2000,4898.893,9689.637,2000,5014.699,9408.348,2000,4908.748,9438.721,2000,4807.786,9318.653,2000,4848.125,9355.657,2000,5008.356
9492.103,2000,5017.862,9544.311,2000,4897.829,9280.343,2000,4754.967,9170.232,2000,5062.054,9148.608,2000,4898.09,9689.155,2000,5015.669,9408.308,2000,4907.665,9437.736,2000,4807.334,9317.632,2000,4847.764,9356.629,2000,5007.876
9491.405,2000,5017.033,9543.232,2000,4897.934,9279.342,2000,4755.38,9171.217,2000,5062.507,9149.362,2000,4897.312,9688.643,2000,5016.624,9408.232,2000,4906.584,9436.737,2000,4806.915,9316.6,2000,4847.436,9357.584,2000,5007.366
9490.706,2000,5016.205,9542.158,2000,4898.074,9278.327,2000,4755.761,9172.215,2000,5062.928,9150.141,2000,4896.559,9688.099,2000,5017.561,9408.122,2000,4905.507,9435.726,2000,4806.528,9315.557,2000,4847.143,9358.522,2000,5006.824
9490.006,2000,5015.379,9541.089,2000,4898.25,9277.301,2000,4756.108,9173.227,2000,5063.316,9150.943,2000,4895.831,9687.524,2000,5018.479,9407.977,2000,4904.434,9434.701,2000,4806.174,9314.505,2000,4846.883,9359.442,2000,5006.251
9489.304,2000,5014.554,9540.025,2000,4898.455,9276.264,2000,4756.421,9174.25,2000,5063.67,9151.77,2000,4895.13,9686.921,2000,5019.378,9407.796,2000,4903.366,9433.666,2000,4805.854,9313.445,2000,4846.659,9360.343,2000,5005.649
9488.6,2000,5013.73,9538.961,2000,4898.659,9275.217,2000,4756.701,9175.285,2000,5063.991,9152.618,2000,4894.457,9686.288,2000,5020.258,9407.58,2000,4902.304,9432.621,2000,4805.569,9312.379,2000,4846.469,9361.224,2000,5005.018
9487.895,2000,5012.908,9537.896,2000,4898.861,9274.161,2000,4756.946,9176.33,2000,5064.278,9153.488,2000,4893.812,9685.627,2000,5021.116,9407.33,2000,4901.25,9431.586,2000,4805.249,9311.307,2000,4846.314,9362.083,2000,5004.358
9487.188,2000,5012.087,9536.832,2000,4899.061,9273.099,2000,4757.156,9177.384,2000,5064.53,9154.379,2000,4893.196,9684.938,2000,5021.952,9407.045,2000,4900.205,9430.562,2000,4804.896,9310.229,2000,4846.194,9362.92,2000,5003.671
9486.479,2000,5011.268,9535.767,2000,4899.259,9272.029,2000,4757.332,9178.445,2000,5064.748,9155.289,2000,4892.609,9684.222,2000,5022.765,9406.727,2000,4899.169,9429.55,2000,4804.509,9309.149,2000,4846.11,9363.734,2000,5002.957
9485.77,2000,5010.449,9534.701,2000,4899.456,9270.955,2000,4757.472,9179.513,2000,5064.931,9156.219,2000,4892.052,9683.479,2000,5023.554,9406.374,2000,4898.145,9428.551,2000,4804.089,9308.067,2000,4846.061,9364.524,2000,5002.216
9485.058,2000,5009.632,9533.636,2000,4899.65,9269.877,2000,4757.577,9180.586,2000,5065.079,9157.166,2000,4891.526,9682.712,2000,5024.318,9405.988,2000,4897.133,9427.566,2000,4803.637,9306.984,2000,4846.047,9365.29,2000,5001.45
9484.345,2000,5008.817,9532.569,2000,4899.842,9268.796,2000,4757.646,9181.663,2000,5065.192,9158.13,2000,4891.032,9681.92,2000,5025.057,9405.569,2000,4896.134,9426.598,2000,4803.153,9305.901,2000,4846.068,9366.03,2000,5000.659
9483.63,2000,5008.003,9531.503,2000,4900.033,9267.713,2000,4757.681,9182.743,2000,5065.27,9159.109,2000,4890.569,9681.104,2000,5025.769,9405.118,2000,4895.149,9425.645,2000,4802.638,9304.819,2000,4846.125,9366.744,2000,4999.844
9482.913,2000,5007.19,9530.437,2000,4900.221,9266.63,2000,4757.68,9183.825,2000,5065.312,9160.104,2000,4890.138,9680.265,2000,5026.455,9404.635,2000,4894.179,9424.709,2000,4802.091,9303.74,2000,4846.218,9367.431,2000,4999.006
9482.195,2000,5006.379,9529.369,2000,4900.407,9265.547,2000,4757.643,9184.908,2000,5065.318,9161.111,2000,4889.74,9679.403,2000,5027.112,9404.12,2000,4893.226,9423.792,2000,4801.515,9302.664,2000,4846.346,9368.09,2000,4998.146
9481.476,2000,5005.57,9528.302,2000,4900.591,9264.466,2000,4757.571,9185.991,2000,5065.29,9162.132,2000,4889.375,9678.521,2000,5027.741,9403.574,2000,4892.29,9422.895,2000,4800.908,9301.593,2000,4846.509,9368.721,2000,4997.266
9480.754,2000,5004.762,9527.233,2000,4900.773,9263.388,2000,4757.464,9187.072,2000,5065.226,9163.163,2000,4889.044,9677.619,2000,5028.341,9402.998,2000,4891.373,9422.017,2000,4800.273,9300.527,2000,4846.707,9369.322,2000,4996.365
9480.031,2000,5003.955,9526.165,2000,4900.953,9262.313,2000,4757.321,9188.151,2000,5065.126,9164.205,2000,4888.747,9676.698,2000,5028.911,9402.393,2000,4890.474,9421.16,2000,4799.609,9299.47,2000,4846.939,9369.895,2000,4995.445
9479.307,2000,5003.149,9525.097,2000,4901.131,9261.245,2000,4757.144,9189.227,2000,5064.991,9165.256,2000,4888.484,9675.759,2000,5029.451,9401.758,2000,4889.596,9420.326,2000,4798.918,9298.42,2000,4847.206,9370.436,2000,4994.506
9478.581,2000,5002.345,9524.027,2000,4901.306,9260.183,2000,4756.931,9190.297,2000,5064.821,9166.314,2000,4888.255,9674.802,2000,5029.959,9401.095,2000,4888.74,9419.516,2000,4798.2,9297.379,2000,4847.507,9370.946,2000,4993.551
9477.854,2000,5001.542,9522.958,2000,4901.479,9259.128,2000,4756.684,9191.36,2000,5064.617,9167.38,2000,4888.062,9673.829,2000,5030.437,9400.404,2000,4887.905,9418.729,2000,4797.455,9296.349,2000,4847.842,9371.425,2000,4992.579
9477.124,2000,5000.741,9521.889,2000,4901.65,9258.082,2000,4756.403,9192.417,2000,5064.377,9168.451,2000,4887.903,9672.842,2000,5030.881,9399.687,2000,4887.094,9417.966,2000,4796.685,9295.33,2000,4848.211,9371.872,2000,4991.592
9476.394,2000,4999.941,9520.818,2000,4901.819,9257.046,2000,4756.087,9193.465,2000,5064.104,9169.527,2000,4887.779,9671.84,2000,5031.293,9398.942,2000,4886.306,9417.229,2000,4795.891,9294.324,2000,4848.613,9372.286,2000,4990.591
9475.661,2000,4999.143,9519.748,2000,4901.986,9256.021,2000,4755.738,9194.504,2000,5063.795,9170.607,2000,4887.691,9670.825,2000,5031.673,9398.173,2000,4885.543,9416.52,2000,4795.073,9293.332,2000,4849.047,9372.667,2000,4989.577
9474.928,2000,4998.346,9518.678,2000,4902.15,9254.984,2000,4755.423,9195.532,2000,5063.454,9171.689,2000,4887.638,9669.799,2000,5032.019,9397.379,2000,4884.806,9415.836,2000,4794.232,9292.354,2000,4849.514,9373.015,2000,4988.551
9474.192,2000,4997.55,9517.606,2000,4902.313,9253.938,2000,4755.142,9196.549,2000,5063.078,9172.772,2000,4887.62,9668.762,2000,5032.331,9396.562,2000,4884.095,9415.181,2000,4793.369,9291.393,2000,4850.013,9373.329,2000,4987.515
9473.456,2000,4996.755,9516.535,2000,4902.473,9252.884,2000,4754.895,9197.552,2000,5062.67,9173.855,2000,4887.638,9667.715,2000,5032.608,9395.722,2000,4883.412,9414.554,2000,4792.485,9290.447,2000,4850.542,9373.609,2000,4986.468
9472.746,2000,4995.938,9515.463,2000,4902.63,9251.821,2000,4754.682,9198.541,2000,5062.229,9174.938,2000,4887.691,9666.659,2000,5032.852,9394.859,2000,4882.756,9413.956,2000,4791.582,9289.521,2000,4851.103,9373.855,2000,4985.413
9472.063,2000,4995.097,9514.391,2000,4902.786,9250.753,2000,4754.504,9199.516,2000,5061.756,9176.018,2000,4887.771,9665.597,2000,5033.061,9393.977,2000,4882.128,9413.389,2000,4790.659,9288.612,2000,4851.693,9374.066,2000,4984.351
9471.408,2000,4994.234,9513.318,2000,4902.94,9249.679,2000,4754.362,9200.475,2000,5061.251,9177.099,2000,4887.847,9664.527,2000,5033.235,9393.073,2000,4881.53,9412.852,2000,4789.718,9287.724,2000,4852.313,9374.242,2000,4983.282
9470.781,2000,4993.35,9512.241,2000,4903.059,9248.601,2000,4754.254,9201.416,2000,5060.715,9178.18,2000,4887.921,9663.453,2000,5033.375,9392.15,2000,4880.962,9412.346,2000,4788.76,9286.855,2000,4852.961,9374.383,2000,4982.208
9470.126,2000,4992.487,9511.161,2000,4903.142,9247.52,2000,4754.183,9202.34,2000,5060.149,9179.261,2000,4887.993,9662.375,2000,5033.479,9391.21,2000,4880.424,9411.871,2000,4787.786,9286.01,2000,4853.638,9374.488,2000,4981.129
9469.443,2000,4991.646,9510.079,2000,4903.189,9246.437,2000,4754.146,9203.244,2000,5059.553,9180.342,2000,4888.063,9661.294,2000,5033.547,9390.252,2000,4879.917,9411.429,2000,4786.797,9285.187,2000,4854.342,9374.559,2000,4980.048
9468.733,2000,4990.829,9508.996,2000,4903.202,9245.354,2000,4754.145,9204.129,2000,5058.927,9181.423,2000,4888.129,9660.211,2000,5033.58,9389.278,2000,4879.442,9411.02,2000,4785.794,9284.387,2000,4855.073,9374.594,2000,4978.965
9467.997,2000,4990.034,9507.913,2000,4903.179,9244.271,2000,4754.179,9204.992,2000,5058.273,9182.504,2000,4888.194,9659.128,2000,5033.578,9388.29,2000,4879,9410.643,2000,4784.778,9283.611,2000,4855.829,9374.594,2000,4977.882
9467.235,2000,4989.264,9506.831,2000,4903.12,9243.189,2000,4754.249,9205.834,2000,5057.591,9183.585,2000,4888.257,9658.045,2000,5033.54,9387.287,2000,4878.589,9410.3,2000,4783.751,9282.86,2000,4856.61,9374.558,2000,4976.799
9466.448,2000,4988.52,9505.752,2000,4903.026,9242.111,2000,4754.354,9206.653,2000,5056.881,9184.667,2000,4888.317,9656.964,2000,5033.466,9386.271,2000,4878.212,9409.99,2000,4782.713,9282.136,2000,4857.416,9374.486,2000,4975.718
9465.638,2000,4987.801,9504.677,2000,4902.897,9241.037,2000,4754.494,9207.448,2000,5056.146,9185.749,2000,4888.376,9655.886,2000,5033.358,9385.244,2000,4877.868,9409.715,2000,4781.665,9281.438,2000,4858.244,9374.38,2000,4974.64
9464.804,2000,4987.11,9503.605,2000,4902.732,9239.968,2000,4754.669,9208.219,2000,5055.384,9186.828,2000,4888.47,9654.812,2000,5033.214,9384.206,2000,4877.558,9409.474,2000,4780.609,9280.768,2000,4859.095,9374.238,2000,4973.566
9463.947,2000,4986.446,9502.541,2000,4902.533,9238.905,2000,4754.88,9208.965,2000,5054.599,9187.903,2000,4888.599,9653.743,2000,5033.036,9383.179,2000,4877.214,9409.198,2000,4779.561,9280.125,2000,4859.968,9374.062,2000,4972.497
