13174.79,1983.353,5393.027,13157.95,1950.195,5480.074,13238.48,1980.544,5479.245,13157.26,1976.692,5421.134,13189.74,2022.614,5467.687,13147.82,2012.767,5420.981,13225.42,1973.057,5400.747,13236.86,1984.858,5394.87,13198.29,1977.858,5419.978,13171.23,2009.544,5407.481,13160.13,1963.221,5458.448,13146.47,1969.389,5436.298,13176.4,1979.789,5473.604,13205.87,1989.36,5393.928,13211.99,2042.597,5429.242
13174.38,1983.353,5392.947,13157.91,1950.195,5479.659,13238.07,1980.544,5479.166,13157.03,1976.692,5420.787,13190.11,2022.614,5467.88,13147.65,2012.767,5420.601,13225.49,1973.057,5400.338,13237.22,1984.858,5394.655,13198.71,1977.858,5419.985,13171.03,2009.544,5407.117,13160.31,1963.221,5458.828,13146.69,1969.389,5435.944,13175.99,1979.789,5473.544,13205.47,1989.36,5393.829,13212.23,2042.597,5429.578
13173.97,1983.353,5392.854,13157.87,1950.195,5479.245,13237.66,1980.544,5479.101,13156.79,1976.692,5420.445,13190.47,2022.614,5468.081,13147.47,2012.767,5420.224,13225.58,1973.057,5399.931,13237.58,1984.858,5394.441,13199.12,1977.858,5419.986,13170.82,2009.544,5406.752,13160.47,1963.221,5459.211,13146.9,1969.389,5435.585,13175.57,1979.789,5473.498,13205.07,1989.36,5393.716,13212.48,2042.597,5429.912
13173.57,1983.353,5392.749,13157.82,1950.195,5478.832,13237.25,1980.544,5479.049,13156.54,1976.692,5420.109,13190.83,2022.614,5468.289,13147.29,2012.767,5419.851,13225.68,1973.057,5399.527,13237.94,1984.858,5394.231,13199.54,1977.858,5419.981,13170.62,2009.544,5406.387,13160.62,1963.221,5459.599,13147.11,1969.389,5435.22,13175.16,1979.789,5473.465,13204.67,1989.36,5393.591,13212.74,2042.597,5430.242
13173.37,1983.353,5392.69,13157.79,1950.195,5478.625,13237.04,1980.544,5479.029,13156.42,1976.692,5419.945,13191.01,2022.614,5468.397,13147.19,2012.767,5419.667,13225.74,1973.057,5399.326,13238.12,1984.858,5394.127,13199.75,1977.858,5419.976,13170.52,2009.544,5406.205,13160.69,1963.221,5459.795,13147.2,1969.389,5435.035,13174.95,1979.789,5473.455,13204.47,1989.36,5393.521,13212.87,2042.597,5430.406
13173.17,1983.353,5392.625,13157.76,1950.195,5478.42,13236.83,1980.544,5479.017,13156.29,1976.692,5419.784,13191.19,2022.614,5468.508,13147.09,2012.767,5419.485,13225.8,1973.057,5399.127,13238.3,1984.858,5394.025,13199.95,1977.858,5419.968,13170.42,2009.544,5406.022,13160.76,1963.221,5459.992,13147.29,1969.389,5434.848,13174.74,1979.789,5473.452,13204.28,1989.36,5393.446,13213,2042.597,5430.569
13172.97,1983.353,5392.553,13157.72,1950.195,5478.215,13236.62,1980.544,5479.011,13156.15,1976.692,5419.625,13191.36,2022.614,5468.624,13146.98,2012.767,5419.306,13225.87,1973.057,5398.929,13238.48,1984.858,5393.925,13200.16,1977.858,5419.957,13170.32,2009.544,5405.84,13160.82,1963.221,5460.191,13147.38,1969.389,5434.658,13174.54,1979.789,5473.456,13204.09,1989.36,5393.364,13213.13,2042.597,5430.73
13172.78,1983.353,5392.475,13157.68,1950.195,5478.01,13236.42,1980.544,5479.012,13156.01,1976.692,5419.471,13191.53,2022.614,5468.742,13146.87,2012.767,5419.129,13225.94,1973.057,5398.733,13238.67,1984.858,5393.825,13200.37,1977.858,5419.944,13170.22,2009.544,5405.658,13160.88,1963.221,5460.391,13147.46,1969.389,5434.466,13174.33,1979.789,5473.467,13203.9,1989.36,5393.276,13213.26,2042.597,5430.891
13172.59,1983.353,5392.391,13157.64,1950.195,5477.806,13236.21,1980.544,5479.019,13155.87,1976.692,5419.319,13191.7,2022.614,5468.864,13146.76,2012.767,5418.956,13226.01,1973.057,5398.54,13238.85,1984.858,5393.726,13200.58,1977.858,5419.929,13170.12,2009.544,5405.476,13160.93,1963.221,5460.593,13147.53,1969.389,5434.271,13174.12,1979.789,5473.484,13203.71,1989.36,5393.182,13213.39,2042.597,5431.049
13172.4,1983.353,5392.3,13157.59,1950.195,5477.603,13236,1980.544,5479.033,13155.72,1976.692,5419.171,13191.87,2022.614,5468.989,13146.64,2012.767,5418.784,13226.09,1973.057,5398.348,13239.03,1984.858,5393.627,13200.78,1977.858,5419.911,13170.02,2009.544,5405.293,13160.98,1963.221,5460.795,13147.6,1969.389,5434.075,13173.91,1979.789,5473.509,13203.53,1989.36,5393.082,13213.53,2042.597,5431.207
13172.22,1983.353,5392.204,13157.54,1950.195,5477.401,13235.79,1980.544,5479.054,13155.57,1976.692,5419.026,13192.03,2022.614,5469.118,13146.52,2012.767,5418.616,13226.18,1973.057,5398.158,13239.22,1984.858,5393.529,13200.99,1977.858,5419.892,13169.92,2009.544,5405.111,13161.02,1963.221,5460.999,13147.67,1969.389,5433.877,13173.71,1979.789,5473.54,13203.35,1989.36,5392.976,13213.67,2042.597,5431.363
13172.04,1983.353,5392.102,13157.49,1950.195,5477.2,13235.59,1980.544,5479.082,13155.42,1976.692,5418.885,13192.19,2022.614,5469.249,13146.39,2012.767,5418.45,13226.27,1973.057,5397.97,13239.4,1984.858,5393.43,13201.2,1977.858,5419.87,13169.82,2009.544,5404.929,13161.06,1963.221,5461.204,13147.73,1969.389,5433.677,13173.5,1979.789,5473.577,13203.17,1989.36,5392.864,13213.81,2042.597,5431.518
13171.86,1983.353,5391.994,13157.43,1950.195,5477,13235.38,1980.544,5479.116,13155.26,1976.692,5418.747,13192.35,2022.614,5469.384,13146.26,2012.767,5418.286,13226.36,1973.057,5397.784,13239.58,1984.858,5393.33,13201.41,1977.858,5419.846,13169.72,2009.544,5404.747,13161.09,1963.221,5461.409,13147.78,1969.389,5433.476,13173.3,1979.789,5473.622,13203,1989.36,5392.746,13213.95,2042.597,5431.671
13171.68,1983.353,5391.881,13157.37,1950.195,5476.8,13235.18,1980.544,5479.157,13155.1,1976.692,5418.611,13192.51,2022.614,5469.521,13146.13,2012.767,5418.125,13226.46,1973.057,5397.601,13239.76,1984.858,5393.23,13201.61,1977.858,5419.821,13169.62,2009.544,5404.565,13161.12,1963.221,5461.615,13147.83,1969.389,5433.273,13173.1,1979.789,5473.672,13202.83,1989.36,5392.623,13214.09,2042.597,5431.823
13171.51,1983.353,5391.762,13157.31,1950.195,5476.603,13234.97,1980.544,5479.205,13154.94,1976.692,5418.479,13192.66,2022.614,5469.662,13145.99,2012.767,5417.967,13226.57,1973.057,5397.42,13239.95,1984.858,5393.129,13201.82,1977.858,5419.794,13169.52,2009.544,5404.383,13161.15,1963.221,5461.822,13147.87,1969.389,5433.069,13172.9,1979.789,5473.73,13202.67,1989.36,5392.495,13214.24,2042.597,5431.974
13171.34,1983.353,5391.638,13157.24,1950.195,5476.406,13234.77,1980.544,5479.259,13154.78,1976.692,5418.351,13192.81,2022.614,5469.805,13145.86,2012.767,5417.811,13226.67,1973.057,5397.241,13240.13,1984.858,5393.029,13202.02,1977.858,5419.765,13169.42,2009.544,5404.201,13161.17,1963.221,5462.03,13147.9,1969.389,5432.864,13172.7,1979.789,5473.794,13202.51,1989.36,5392.361,13214.38,2042.597,5432.123
13171.18,1983.353,5391.509,13157.17,1950.195,5476.21,13234.57,1980.544,5479.32,13154.61,1976.692,5418.225,13192.96,2022.614,5469.95,13145.71,2012.767,5417.658,13226.79,1973.057,5397.065,13240.31,1984.858,5392.928,13202.23,1977.858,5419.735,13169.32,2009.544,5404.019,13161.18,1963.221,5462.237,13147.93,1969.389,5432.658,13172.5,1979.789,5473.864,13202.36,1989.36,5392.222,13214.53,2042.597,5432.271
13171.02,1983.353,5391.375,13157.09,1950.195,5476.017,13234.38,1980.544,5479.387,13154.45,1976.692,5418.103,13193.11,2022.614,5470.099,13145.57,2012.767,5417.507,13226.9,1973.057,5396.891,13240.49,1984.858,5392.828,13202.44,1977.858,5419.704,13169.21,2009.544,5403.836,13161.19,1963.221,5462.445,13147.96,1969.389,5432.451,13172.31,1979.789,5473.941,13202.21,1989.36,5392.078,13214.67,2042.597,5432.419
13170.87,1983.353,5391.235,13157.01,1950.195,5475.824,13234.18,1980.544,5479.46,13154.28,1976.692,5417.983,13193.25,2022.614,5470.25,13145.42,2012.767,5417.359,13227.02,1973.057,5396.72,13240.68,1984.858,5392.727,13202.64,1977.858,5419.671,13169.11,2009.544,5403.654,13161.2,1963.221,5462.653,13147.98,1969.389,5432.243,13172.12,1979.789,5474.024,13202.06,1989.36,5391.929,13214.82,2042.597,5432.565
13170.72,1983.353,5391.091,13156.92,1950.195,5475.634,13233.99,1980.544,5479.54,13154.1,1976.692,5417.866,13193.39,2022.614,5470.403,13145.27,2012.767,5417.214,13227.14,1973.057,5396.551,13240.86,1984.858,5392.626,13202.85,1977.858,5419.637,13169.01,2009.544,5403.472,13161.2,1963.221,5462.862,13147.99,1969.389,5432.035,13171.93,1979.789,5474.113,13201.92,1989.36,5391.775,13214.97,2042.597,5432.71
13170.57,1983.353,5390.943,13156.84,1950.195,5475.445,13233.8,1980.544,5479.626,13153.93,1976.692,5417.751,13193.53,2022.614,5470.558,13145.12,2012.767,5417.071,13227.27,1973.057,5396.384,13241.04,1984.858,5392.526,13203.05,1977.858,5419.602,13168.91,2009.544,5403.29,13161.2,1963.221,5463.07,13148,1969.389,5431.827,13171.74,1979.789,5474.208,13201.78,1989.36,5391.617,13215.12,2042.597,5432.854
13170.43,1983.353,5390.79,13156.75,1950.195,5475.258,13233.61,1980.544,5479.718,13153.75,1976.692,5417.64,13193.67,2022.614,5470.716,13144.97,2012.767,5416.931,13227.39,1973.057,5396.22,13241.22,1984.858,5392.426,13203.26,1977.858,5419.565,13168.81,2009.544,5403.108,13161.2,1963.221,5463.278,13148,1969.389,5431.619,13171.56,1979.789,5474.31,13201.65,1989.36,5391.454,13215.27,2042.597,5432.997
13170.29,1983.353,5390.633,13156.65,1950.195,5475.073,13233.43,1980.544,5479.816,13153.58,1976.692,5417.53,13193.8,2022.614,5470.875,13144.81,2012.767,5416.793,13227.52,1973.057,5396.058,13241.41,1984.858,5392.326,13203.46,1977.858,5419.528,13168.71,2009.544,5402.926,13161.19,1963.221,5463.486,13147.99,1969.389,5431.411,13171.38,1979.789,5474.417,13201.53,1989.36,5391.288,13215.43,2042.597,5433.139
13170.16,1983.353,5390.472,13156.55,1950.195,5474.891,13233.25,1980.544,5479.92,13153.4,1976.692,5417.423,13193.93,2022.614,5471.037,13144.65,2012.767,5416.659,13227.66,1973.057,5395.898,13241.59,1984.858,5392.226,13203.67,1977.858,5419.491,13168.61,2009.544,5402.744,13161.17,1963.221,5463.694,13147.98,1969.389,5431.203,13171.21,1979.789,5474.529,13201.41,1989.36,5391.117,13215.58,2042.597,5433.279
13170.03,1983.353,5390.307,13156.45,1950.195,5474.71,13233.07,1980.544,5480.03,13153.22,1976.692,5417.318,13194.06,2022.614,5471.201,13144.49,2012.767,5416.526,13227.79,1973.057,5395.741,13241.77,1984.858,5392.126,13203.87,1977.858,5419.452,13168.51,2009.544,5402.562,13161.16,1963.221,5463.902,13147.96,1969.389,5430.995,13171.04,1979.789,5474.648,13201.29,1989.36,5390.943,13215.73,2042.597,5433.419
13169.91,1983.353,5390.138,13156.34,1950.195,5474.532,13232.9,1980.544,5480.146,13153.04,1976.692,5417.216,13194.18,2022.614,5471.366,13144.33,2012.767,5416.396,13227.93,1973.057,5395.585,13241.95,1984.858,5392.026,13204.08,1977.858,5419.413,13168.41,2009.544,5402.379,13161.13,1963.221,5464.109,13147.94,1969.389,5430.788,13170.87,1979.789,5474.772,13201.19,1989.36,5390.765,13215.89,2042.597,5433.558
13169.79,1983.353,5389.966,13156.23,1950.195,5474.356,13232.73,1980.544,5480.267,13152.85,1976.692,5417.115,13194.31,2022.614,5471.533,13144.17,2012.767,5416.269,13228.07,1973.057,5395.432,13242.14,1984.858,5391.93,13204.28,1977.858,5419.373,13168.31,2009.544,5402.197,13161.11,1963.221,5464.315,13147.91,1969.389,5430.582,13170.71,1979.789,5474.901,13201.08,1989.36,5390.583,13216.04,2042.597,5433.695
13169.68,1983.353,5389.792,13156.11,1950.195,5474.183,13232.56,1980.544,5480.394,13152.67,1976.692,5417.017,13194.43,2022.614,5471.702,13144,2012.767,5416.144,13228.22,1973.057,5395.281,13242.33,1984.858,5391.839,13204.49,1977.858,5419.333,13168.21,2009.544,5402.015,13161.08,1963.221,5464.522,13147.88,1969.389,5430.376,13170.55,1979.789,5475.036,13200.99,1989.36,5390.398,13216.2,2042.597,5433.832
13169.57,1983.353,5389.614,13155.99,1950.195,5474.012,13232.4,1980.544,5480.525,13152.49,1976.692,5416.919,13194.55,2022.614,5471.872,13143.83,2012.767,5416.021,13228.36,1973.057,5395.131,13242.51,1984.858,5391.736,13204.69,1977.858,5419.292,13168.11,2009.544,5401.833,13161.05,1963.221,5464.728,13147.84,1969.389,5430.172,13170.39,1979.789,5475.176,13200.9,1989.36,5390.21,13216.36,2042.597,5433.968
13169.47,1983.353,5389.433,13155.87,1950.195,5473.843,13232.25,1980.544,5480.663,13152.3,1976.692,5416.824,13194.67,2022.614,5472.042,13143.66,2012.767,5415.9,13228.51,1973.057,5394.984,13242.69,1984.858,5391.638,13204.89,1977.858,5419.25,13168.01,2009.544,5401.651,13161.01,1963.221,5464.933,13147.79,1969.389,5429.969,13170.24,1979.789,5475.32,13200.81,1989.36,5390.02,13216.52,2042.597,5434.103
13169.37,1983.353,5389.25,13155.74,1950.195,5473.678,13232.09,1980.544,5480.805,13152.12,1976.692,5416.73,13194.79,2022.614,5472.215,13143.49,2012.767,5415.782,13228.66,1973.057,5394.838,13242.88,1984.858,5391.546,13205.1,1977.858,5419.208,13167.91,2009.544,5401.469,13160.97,1963.221,5465.138,13147.74,1969.389,5429.767,13170.1,1979.789,5475.47,13200.74,1989.36,5389.827,13216.68,2042.597,5434.237
13169.27,1983.353,5389.065,13155.61,1950.195,5473.515,13231.95,1980.544,5480.952,13151.93,1976.692,5416.638,13194.9,2022.614,5472.388,13143.32,2012.767,5415.666,13228.81,1973.057,5394.694,13243.07,1984.858,5391.458,13205.3,1977.858,5419.166,13167.81,2009.544,5401.287,13160.93,1963.221,5465.342,13147.68,1969.389,5429.567,13169.96,1979.789,5475.624,13200.66,1989.36,5389.631,13216.84,2042.597,5434.37
13169.18,1983.353,5388.878,13155.48,1950.195,5473.355,13231.8,1980.544,5481.104,13151.74,1976.692,5416.547,13195.01,2022.614,5472.563,13143.14,2012.767,5415.552,13228.96,1973.057,5394.551,13243.26,1984.858,5391.373,13205.51,1977.858,5419.124,13167.71,2009.544,5401.104,13160.89,1963.221,5465.545,13147.62,1969.389,5429.369,13169.82,1979.789,5475.783,13200.6,1989.36,5389.433,13217,2042.597,5434.503
13169.09,1983.353,5388.689,13155.34,1950.195,5473.199,13231.67,1980.544,5481.26,13151.55,1976.692,5416.458,13195.13,2022.614,5472.739,13142.97,2012.767,5415.44,13229.11,1973.057,5394.411,13243.45,1984.858,5391.289,13205.71,1977.858,5419.081,13167.61,2009.544,5400.922,13160.84,1963.221,5465.749,13147.55,1969.389,5429.172,13169.69,1979.789,5475.946,13200.54,1989.36,5389.233,13217.16,2042.597,5434.635
13169.01,1983.353,5388.499,13155.2,1950.195,5473.045,13231.53,1980.544,5481.42,13151.36,1976.692,5416.37,13195.24,2022.614,5472.916,13142.79,2012.767,5415.331,13229.27,1973.057,5394.271,13243.64,1984.858,5391.205,13205.91,1977.858,5419.038,13167.5,2009.544,5400.74,13160.79,1963.221,5465.951,13147.47,1969.389,5428.978,13169.57,1979.789,5476.113,13200.49,1989.36,5389.031,13217.32,2042.597,5434.766
13168.92,1983.353,5388.308,13155.06,1950.195,5472.895,13231.41,1980.544,5481.585,13151.17,1976.692,5416.283,13195.34,2022.614,5473.093,13142.61,2012.767,5415.223,13229.42,1973.057,5394.134,13243.83,1984.858,5391.121,13206.12,1977.858,5418.995,13167.4,2009.544,5400.558,13160.74,1963.221,5466.153,13147.39,1969.389,5428.785,13169.45,1979.789,5476.284,13200.44,1989.36,5388.828,13217.48,2042.597,5434.896
13168.84,1983.353,5388.115,13154.91,1950.195,5472.747,13231.28,1980.544,5481.754,13150.99,1976.692,5416.197,13195.45,2022.614,5473.272,13142.43,2012.767,5415.118,13229.58,1973.057,5393.998,13244.02,1984.858,5391.037,13206.32,1977.858,5418.952,13167.3,2009.544,5400.376,13160.69,1963.221,5466.354,13147.31,1969.389,5428.595,13169.33,1979.789,5476.458,13200.41,1989.36,5388.623,13217.65,2042.597,5435.025
13168.77,1983.353,5387.922,13154.76,1950.195,5472.603,13231.17,1980.544,5481.927,13150.79,1976.692,5416.112,13195.56,2022.614,5473.451,13142.25,2012.767,5415.014,13229.74,1973.057,5393.864,13244.21,1984.858,5390.952,13206.53,1977.858,5418.909,13167.2,2009.544,5400.194,13160.63,1963.221,5466.555,13147.22,1969.389,5428.408,13169.23,1979.789,5476.637,13200.37,1989.36,5388.417,13217.81,2042.597,5435.154
13168.69,1983.353,5387.729,13154.61,1950.195,5472.462,13231.06,1980.544,5482.104,13150.6,1976.692,5416.028,13195.66,2022.614,5473.631,13142.07,2012.767,5414.912,13229.9,1973.057,5393.73,13244.39,1984.858,5390.86,13206.73,1977.858,5418.865,13167.1,2009.544,5400.012,13160.58,1963.221,5466.756,13147.12,1969.389,5428.223,13169.13,1979.789,5476.818,13200.35,1989.36,5388.21,13217.97,2042.597,5435.282
13168.62,1983.353,5387.534,13154.45,1950.195,5472.325,13230.95,1980.544,5482.284,13150.41,1976.692,5415.944,13195.77,2022.614,5473.812,13141.89,2012.767,5414.812,13230.06,1973.057,5393.6,13244.58,1984.858,5390.773,13206.93,1977.858,5418.822,13167,2009.544,5399.83,13160.52,1963.221,5466.956,13147.02,1969.389,5428.04,13169.03,1979.789,5477.003,13200.33,1989.36,5388.002,13218.14,2042.597,5435.41
13168.54,1983.353,5387.339,13154.29,1950.195,5472.192,13230.85,1980.544,5482.467,13150.22,1976.692,5415.862,13195.87,2022.614,5473.993,13141.7,2012.767,5414.713,13230.23,1973.057,5393.471,13244.77,1984.858,5390.687,13207.14,1977.858,5418.778,13166.9,2009.544,5399.647,13160.46,1963.221,5467.156,13146.92,1969.389,5427.86,13168.94,1979.789,5477.191,13200.32,1989.36,5387.794,13218.3,2042.597,5435.536
13168.47,1983.353,5387.145,13154.13,1950.195,5472.062,13230.76,1980.544,5482.654,13150.03,1976.692,5415.78,13195.97,2022.614,5474.175,13141.52,2012.767,5414.616,13230.39,1973.057,5393.344,13244.96,1984.858,5390.603,13207.34,1977.858,5418.735,13166.8,2009.544,5399.465,13160.41,1963.221,5467.356,13146.81,1969.389,5427.684,13168.86,1979.789,5477.381,13200.31,1989.36,5387.586,13218.47,2042.597,5435.662
13168.4,1983.353,5386.949,13153.96,1950.195,5471.936,13230.67,1980.544,5482.843,13149.84,1976.692,5415.699,13196.07,2022.614,5474.357,13141.33,2012.767,5414.521,13230.56,1973.057,5393.219,13245.15,1984.858,5390.518,13207.55,1977.858,5418.691,13166.7,2009.544,5399.283,13160.35,1963.221,5467.555,13146.69,1969.389,5427.51,13168.78,1979.789,5477.575,13200.32,1989.36,5387.377,13218.64,2042.597,5435.788
13168.32,1983.353,5386.753,13153.79,1950.195,5471.813,13230.59,1980.544,5483.035,13149.65,1976.692,5415.619,13196.17,2022.614,5474.539,13141.15,2012.767,5414.428,13230.73,1973.057,5393.095,13245.34,1984.858,5390.424,13207.75,1977.858,5418.648,13166.6,2009.544,5399.101,13160.29,1963.221,5467.754,13146.57,1969.389,5427.339,13168.71,1979.789,5477.77,13200.32,1989.36,5387.169,13218.8,2042.597,5435.912
13168.25,1983.353,5386.558,13153.62,1950.195,5471.695,13230.52,1980.544,5483.229,13149.46,1976.692,5415.539,13196.27,2022.614,5474.722,13140.96,2012.767,5414.335,13230.9,1973.057,5392.973,13245.53,1984.858,5390.336,13207.96,1977.858,5418.605,13166.5,2009.544,5398.919,13160.22,1963.221,5467.953,13146.45,1969.389,5427.171,13168.64,1979.789,5477.968,13200.34,1989.36,5386.962,13218.97,2042.597,5436.036
13168.18,1983.353,5386.362,13153.45,1950.195,5471.58,13230.45,1980.544,5483.426,13149.26,1976.692,5415.46,13196.37,2022.614,5474.905,13140.77,2012.767,5414.244,13231.07,1973.057,5392.852,13245.72,1984.858,5390.252,13208.16,1977.858,5418.562,13166.4,2009.544,5398.737,13160.16,1963.221,5468.152,13146.32,1969.389,5427.007,13168.58,1979.789,5478.167,13200.36,1989.36,5386.755,13219.14,2042.597,5436.16
13168.11,1983.353,5386.166,13153.27,1950.195,5471.469,13230.39,1980.544,5483.625,13149.07,1976.692,5415.379,13196.47,2022.614,5475.088,13140.58,2012.767,5414.153,13231.24,1973.057,5392.732,13245.91,1984.858,5390.167,13208.36,1977.858,5418.519,13166.3,2009.544,5398.555,13160.1,1963.221,5468.35,13146.19,1969.389,5426.846,13168.53,1979.789,5478.369,13200.39,1989.36,5386.549,13219.31,2042.597,5436.282
13168.04,1983.353,5385.97,13153.09,1950.195,5471.362,13230.33,1980.544,5483.826,13148.88,1976.692,5415.298,13196.57,2022.614,5475.271,13140.4,2012.767,5414.063,13231.41,1973.057,5392.614,13246.09,1984.858,5390.081,13208.57,1977.858,5418.476,13166.2,2009.544,5398.373,13160.04,1963.221,5468.548,13146.05,1969.389,5426.688,13168.48,1979.789,5478.571,13200.43,1989.36,5386.344,13219.48,2042.597,5436.404
13167.97,1983.353,5385.773,13152.91,1950.195,5471.26,13230.28,1980.544,5484.028,13148.69,1976.692,5415.215,13196.67,2022.614,5475.455,13140.21,2012.767,5413.974,13231.58,1973.057,5392.496,13246.28,1984.858,5389.995,13208.77,1977.858,5418.434,13166.1,2009.544,5398.19,13159.97,1963.221,5468.747,13145.91,1969.389,5426.534,13168.43,1979.789,5478.773,13200.47,1989.36,5386.14,13219.64,2042.597,5436.526
13167.9,1983.353,5385.577,13152.73,1950.195,5471.161,13230.24,1980.544,5484.232,13148.5,1976.692,5415.132,13196.76,2022.614,5475.639,13140.02,2012.767,5413.886,13231.75,1973.057,5392.379,13246.47,1984.858,5389.909,13208.98,1977.858,5418.391,13166,2009.544,5398.008,13159.91,1963.221,5468.944,13145.77,1969.389,5426.383,13168.38,1979.789,5478.976,13200.52,1989.36,5385.937,13219.81,2042.597,5436.647
13167.83,1983.353,5385.381,13152.54,1950.195,5471.066,13230.21,1980.544,5484.438,13148.31,1976.692,5415.048,13196.86,2022.614,5475.823,13139.83,2012.767,5413.798,13231.92,1973.057,5392.264,13246.66,1984.858,5389.823,13209.18,1977.858,5418.349,13165.9,2009.544,5397.826,13159.84,1963.221,5469.142,13145.62,1969.389,5426.236,13168.32,1979.789,5479.177,13200.58,1989.36,5385.736,13219.98,2042.597,5436.767
13167.76,1983.353,5385.185,13152.35,1950.195,5470.976,13230.18,1980.544,5484.644,13148.12,1976.692,5414.963,13196.96,2022.614,5476.007,13139.64,2012.767,5413.711,13232.1,1973.057,5392.149,13246.85,1984.858,5389.737,13209.38,1977.858,5418.307,13165.79,2009.544,5397.644,13159.78,1963.221,5469.34,13145.47,1969.389,5426.093,13168.27,1979.789,5479.379,13200.64,1989.36,5385.538,13220.15,2042.597,5436.887
13167.7,1983.353,5384.988,13152.17,1950.195,5470.89,13230.15,1980.544,5484.851,13147.93,1976.692,5414.877,13197.06,2022.614,5476.191,13139.45,2012.767,5413.625,13232.27,1973.057,5392.035,13247.04,1984.858,5389.651,13209.59,1977.858,5418.265,13165.69,2009.544,5397.462,13159.71,1963.221,5469.537,13145.32,1969.389,5425.954,13168.23,1979.789,5479.583,13200.71,1989.36,5385.341,13220.33,2042.597,5437.006
13167.63,1983.353,5384.792,13151.97,1950.195,5470.808,13230.14,1980.544,5485.058,13147.74,1976.692,5414.79,13197.15,2022.614,5476.376,13139.26,2012.767,5413.54,13232.45,1973.057,5391.922,13247.23,1984.858,5389.566,13209.79,1977.858,5418.223,13165.59,2009.544,5397.28,13159.64,1963.221,5469.734,13145.16,1969.389,5425.818,13168.19,1979.789,5479.787,13200.77,1989.36,5385.141,13220.5,2042.597,5437.125
13167.56,1983.353,5384.596,13151.78,1950.195,5470.73,13230.13,1980.544,5485.266,13147.55,1976.692,5414.701,13197.25,2022.614,5476.561,13139.07,2012.767,5413.456,13232.62,1973.057,5391.81,13247.42,1984.858,5389.48,13210,1977.858,5418.181,13165.49,2009.544,5397.098,13159.58,1963.221,5469.932,13145,1969.389,5425.686,13168.16,1979.789,5479.993,13200.83,1989.36,5384.943,13220.67,2042.597,5437.244
13167.49,1983.353,5384.399,13151.58,1950.195,5470.657,13230.13,1980.544,5485.475,13147.36,1976.692,5414.612,13197.34,2022.614,5476.746,13138.88,2012.767,5413.372,13232.8,1973.057,5391.699,13247.61,1984.858,5389.395,13210.2,1977.858,5418.14,13165.39,2009.544,5396.916,13159.51,1963.221,5470.129,13144.83,1969.389,5425.558,13168.13,1979.789,5480.199,13200.9,1989.36,5384.747,13220.84,2042.597,5437.362
13167.42,1983.353,5384.203,13151.39,1950.195,5470.587,13230.13,1980.544,5485.683,13147.17,1976.692,5414.522,13197.44,2022.614,5476.931,13138.69,2012.767,5413.288,13232.98,1973.057,5391.588,13247.8,1984.858,5389.309,13210.4,1977.858,5418.099,13165.29,2009.544,5396.733,13159.44,1963.221,5470.326,13144.67,1969.389,5425.433,13168.1,1979.789,5480.405,13200.96,1989.36,5384.546,13221.01,2042.597,5437.48
13167.35,1983.353,5384.006,13151.19,1950.195,5470.522,13230.14,1980.544,5485.891,13146.99,1976.692,5414.432,13197.54,2022.614,5477.116,13138.5,2012.767,5413.205,13233.15,1973.057,5391.478,13247.99,1984.858,5389.22,13210.61,1977.858,5418.058,13165.19,2009.544,5396.551,13159.38,1963.221,5470.523,13144.5,1969.389,5425.313,13168.08,1979.789,5480.612,13201.02,1989.36,5384.348,13221.18,2042.597,5437.598
13167.28,1983.353,5383.81,13150.99,1950.195,5470.462,13230.16,1980.544,5486.099,13146.8,1976.692,5414.341,13197.63,2022.614,5477.301,13138.31,2012.767,5413.123,13233.33,1973.057,5391.369,13248.18,1984.858,5389.13,13210.81,1977.858,5418.017,13165.09,2009.544,5396.369,13159.31,1963.221,5470.721,13144.32,1969.389,5425.196,13168.05,1979.789,5480.819,13201.09,1989.36,5384.151,13221.35,2042.597,5437.715
13167.21,1983.353,5383.613,13150.79,1950.195,5470.406,13230.18,1980.544,5486.306,13146.61,1976.692,5414.249,13197.72,2022.614,5477.486,13138.12,2012.767,5413.042,13233.51,1973.057,5391.26,13248.37,1984.858,5389.044,13211.02,1977.858,5417.976,13164.99,2009.544,5396.187,13159.24,1963.221,5470.918,13144.15,1969.389,5425.083,13168.03,1979.789,5481.026,13201.17,1989.36,5383.957,13221.53,2042.597,5437.832
13167.15,1983.353,5383.416,13150.59,1950.195,5470.354,13230.21,1980.544,5486.512,13146.42,1976.692,5414.157,13197.82,2022.614,5477.672,13137.93,2012.767,5412.96,13233.68,1973.057,5391.151,13248.56,1984.858,5388.959,13211.22,1977.858,5417.936,13164.89,2009.544,5396.005,13159.17,1963.221,5471.115,13143.97,1969.389,5424.974,13168,1979.789,5481.231,13201.24,1989.36,5383.764,13221.7,2042.597,5437.948
13167.08,1983.353,5383.219,13150.39,1950.195,5470.306,13230.25,1980.544,5486.717,13146.24,1976.692,5414.064,13197.91,2022.614,5477.857,13137.73,2012.767,5412.88,13233.86,1973.057,5391.043,13248.75,1984.858,5388.875,13211.42,1977.858,5417.896,13164.79,2009.544,5395.823,13159.11,1963.221,5471.313,13143.79,1969.389,5424.869,13167.98,1979.789,5481.438,13201.32,1989.36,5383.572,13221.87,2042.597,5438.064
13167.01,1983.353,5383.022,13150.18,1950.195,5470.262,13230.29,1980.544,5486.92,13146.05,1976.692,5413.972,13198.01,2022.614,5478.043,13137.54,2012.767,5412.8,13234.04,1973.057,5390.937,13248.94,1984.858,5388.791,13211.63,1977.858,5417.855,13164.69,2009.544,5395.641,13159.04,1963.221,5471.51,13143.61,1969.389,5424.768,13167.95,1979.789,5481.645,13201.4,1989.36,5383.377,13222.04,2042.597,5438.18
13166.94,1983.353,5382.826,13149.98,1950.195,5470.223,13230.34,1980.544,5487.123,13145.87,1976.692,5413.878,13198.1,2022.614,5478.228,13137.35,2012.767,5412.72,13234.22,1973.057,5390.83,13249.13,1984.858,5388.707,13211.83,1977.858,5417.816,13164.59,2009.544,5395.458,13158.97,1963.221,5471.707,13143.43,1969.389,5424.67,13167.92,1979.789,5481.851,13201.48,1989.36,5383.186,13222.22,2042.597,5438.296
13166.86,1983.353,5382.591,13149.73,1950.195,5470.182,13230.41,1980.544,5487.363,13145.64,1976.692,5413.767,13198.22,2022.614,5478.449,13137.12,2012.767,5412.625,13234.43,1973.057,5390.703,13249.36,1984.858,5388.612,13212.08,1977.858,5417.769,13164.47,2009.544,5395.241,13158.89,1963.221,5471.942,13143.2,1969.389,5424.558,13167.89,1979.789,5482.097,13201.59,1989.36,5382.96,13222.42,2042.597,5438.434
13166.74,1983.353,5382.246,13149.37,1950.195,5470.128,13230.52,1980.544,5487.711,13145.32,1976.692,5413.603,13198.39,2022.614,5478.773,13136.78,2012.767,5412.487,13234.75,1973.057,5390.518,13249.7,1984.858,5388.478,13212.44,1977.858,5417.7,13164.29,2009.544,5394.921,13158.78,1963.221,5472.289,13142.88,1969.389,5424.399,13167.83,1979.789,5482.458,13201.75,1989.36,5382.634,13222.73,2042.597,5438.635
13166.59,1983.353,5381.81,13148.91,1950.195,5470.069,13230.67,1980.544,5488.148,13144.9,1976.692,5413.395,13198.6,2022.614,5479.183,13136.35,2012.767,5412.313,13235.15,1973.057,5390.284,13250.13,1984.858,5388.321,13212.89,1977.858,5417.613,13164.07,2009.544,5394.517,13158.63,1963.221,5472.727,13142.45,1969.389,5424.207,13167.75,1979.789,5482.911,13201.97,1989.36,5382.228,13223.12,2042.597,5438.89
13166.47,1983.353,5381.487,13148.57,1950.195,5470.033,13230.79,1980.544,5488.47,13144.6,1976.692,5413.239,13198.76,2022.614,5479.487,13136.03,2012.767,5412.184,13235.44,1973.057,5390.11,13250.46,1984.858,5388.214,13213.23,1977.858,5417.549,13163.9,2009.544,5394.215,13158.52,1963.221,5473.054,13142.14,1969.389,5424.07,13167.69,1979.789,5483.25,13202.13,1989.36,5381.921,13223.4,2042.597,5439.08
13166.32,1983.353,5381.061,13148.12,1950.195,5469.993,13230.96,1980.544,5488.887,13144.2,1976.692,5413.035,13198.97,2022.614,5479.887,13135.62,2012.767,5412.016,13235.83,1973.057,5389.883,13250.89,1984.858,5388.084,13213.67,1977.858,5417.465,13163.68,2009.544,5393.82,13158.38,1963.221,5473.483,13141.72,1969.389,5423.897,13167.6,1979.789,5483.693,13202.35,1989.36,5381.525,13223.78,2042.597,5439.327
13166.17,1983.353,5380.629,13147.66,1950.195,5469.962,13231.15,1980.544,5489.304,13143.79,1976.692,5412.827,13199.19,2022.614,5480.291,13135.19,2012.767,5411.846,13236.23,1973.057,5389.653,13251.33,1984.858,5387.947,13214.12,1977.858,5417.381,13163.46,2009.544,5393.419,13158.24,1963.221,5473.918,13141.3,1969.389,5423.728,13167.53,1979.789,5484.145,13202.56,1989.36,5381.122,13224.16,2042.597,5439.577
13166.01,1983.353,5380.161,13147.17,1950.195,5469.939,13231.37,1980.544,5489.749,13143.35,1976.692,5412.603,13199.42,2022.614,5480.728,13134.73,2012.767,5411.663,13236.66,1973.057,5389.409,13251.8,1984.858,5387.81,13214.61,1977.858,5417.291,13163.22,2009.544,5392.986,13158.09,1963.221,5474.389,13140.83,1969.389,5423.55,13167.45,1979.789,5484.634,13202.8,1989.36,5380.688,13224.58,2042.597,5439.846
13165.78,1983.353,5379.475,13146.45,1950.195,5469.918,13231.71,1980.544,5490.389,13142.7,1976.692,5412.274,13199.76,2022.614,5481.365,13134.06,2012.767,5411.397,13237.29,1973.057,5389.058,13252.5,1984.858,5387.625,13215.32,1977.858,5417.16,13162.88,2009.544,5392.353,13157.87,1963.221,5475.077,13140.16,1969.389,5423.3,13167.34,1979.789,5485.347,13203.21,1989.36,5380.092,13225.19,2042.597,5440.238
13165.7,1983.353,5379.238,13146.2,1950.195,5469.916,13231.83,1980.544,5490.605,13142.48,1976.692,5412.163,13199.88,2022.614,5481.585,13133.83,2012.767,5411.306,13237.51,1973.057,5388.938,13252.74,1984.858,5387.562,13215.56,1977.858,5417.115,13162.75,2009.544,5392.135,13157.79,1963.221,5475.314,13139.92,1969.389,5423.216,13167.29,1979.789,5485.592,13203.34,1989.36,5379.882,13225.4,2042.597,5440.373
13165.51,1983.353,5378.637,13145.57,1950.195,5469.922,13232.16,1980.544,5491.146,13141.91,1976.692,5411.887,13200.17,2022.614,5482.142,13133.24,2012.767,5411.075,13238.07,1973.057,5388.641,13253.36,1984.858,5387.411,13216.19,1977.858,5417.002,13162.45,2009.544,5391.581,13157.6,1963.221,5475.916,13139.33,1969.389,5423.012,13167.19,1979.789,5486.216,13203.71,1989.36,5379.368,13225.93,2042.597,5440.715
13165.36,1983.353,5378.193,13145.1,1950.195,5469.936,13232.41,1980.544,5491.538,13141.49,1976.692,5411.687,13200.4,2022.614,5482.553,13132.8,2012.767,5410.905,13238.48,1973.057,5388.425,13253.81,1984.858,5387.29,13216.65,1977.858,5416.919,13162.22,2009.544,5391.172,13157.46,1963.221,5476.361,13138.88,1969.389,5422.868,13167.12,1979.789,5486.679,13203.97,1989.36,5378.979,13226.32,2042.597,5440.967
13165.23,1983.353,5377.761,13144.65,1950.195,5469.956,13232.67,1980.544,5491.91,13141.08,1976.692,5411.496,13200.61,2022.614,5482.952,13132.38,2012.767,5410.74,13238.89,1973.057,5388.218,13254.24,1984.858,5387.153,13217.09,1977.858,5416.84,13162,2009.544,5390.777,13157.32,1963.221,5476.792,13138.45,1969.389,5422.735,13167.06,1979.789,5487.126,13204.24,1989.36,5378.618,13226.7,2042.597,5441.212
13165.09,1983.353,5377.346,13144.21,1950.195,5469.981,13232.93,1980.544,5492.264,13140.68,1976.692,5411.305,13200.81,2022.614,5483.339,13131.98,2012.767,5410.582,13239.28,1973.057,5388.02,13254.66,1984.858,5387.033,13217.52,1977.858,5416.764,13161.79,2009.544,5390.397,13157.19,1963.221,5477.21,13138.03,1969.389,5422.614,13167,1979.789,5487.56,13204.49,1989.36,5378.26,13227.07,2042.597,5441.449
13164.94,1983.353,5376.946,13143.79,1950.195,5470.011,13233.19,1980.544,5492.599,13140.3,1976.692,5411.115,13201.01,2022.614,5483.714,13131.58,2012.767,5410.429,13239.66,1973.057,5387.83,13255.07,1984.858,5386.926,13217.94,1977.858,5416.69,13161.57,2009.544,5390.029,13157.06,1963.221,5477.615,13137.62,1969.389,5422.502,13166.94,1979.789,5487.977,13204.73,1989.36,5377.904,13227.43,2042.597,5441.678
13164.79,1983.353,5376.56,13143.37,1950.195,5470.045,13233.45,1980.544,5492.918,13139.94,1976.692,5410.926,13201.21,2022.614,5484.08,13131.19,2012.767,5410.282,13240.03,1973.057,5387.646,13255.47,1984.858,5386.83,13218.35,1977.858,5416.62,13161.36,2009.544,5389.673,13156.94,1963.221,5478.009,13137.22,1969.389,5422.4,13166.87,1979.789,5488.383,13204.94,1989.36,5377.551,13227.77,2042.597,5441.901
13164.65,1983.353,5376.187,13142.97,1950.195,5470.083,13233.72,1980.544,5493.222,13139.58,1976.692,5410.738,13201.39,2022.614,5484.436,13130.82,2012.767,5410.141,13240.39,1973.057,5387.469,13255.86,1984.858,5386.732,13218.74,1977.858,5416.551,13161.16,2009.544,5389.329,13156.82,1963.221,5478.393,13136.83,1969.389,5422.306,13166.81,1979.789,5488.78,13205.15,1989.36,5377.207,13228.11,2042.597,5442.118
13164.5,1983.353,5375.833,13142.59,1950.195,5470.123,13233.98,1980.544,5493.505,13139.24,1976.692,5410.556,13201.57,2022.614,5484.777,13130.46,2012.767,5410.006,13240.73,1973.057,5387.301,13256.24,1984.858,5386.646,13219.12,1977.858,5416.486,13160.95,2009.544,5389.002,13156.7,1963.221,5478.759,13136.45,1969.389,5422.222,13166.75,1979.789,5489.16,13205.36,1989.36,5376.882,13228.43,2042.597,5442.326
13164.35,1983.353,5375.489,13142.22,1950.195,5470.166,13234.24,1980.544,5493.774,13138.91,1976.692,5410.376,13201.74,2022.614,5485.11,13130.1,2012.767,5409.877,13241.07,1973.057,5387.139,13256.6,1984.858,5386.565,13219.49,1977.858,5416.424,13160.75,2009.544,5388.686,13156.58,1963.221,5479.115,13136.08,1969.389,5422.145,13166.7,1979.789,5489.53,13205.55,1989.36,5376.559,13228.75,2042.597,5442.528
13164.2,1983.353,5375.157,13141.86,1950.195,5470.211,13234.5,1980.544,5494.029,13138.6,1976.692,5410.199,13201.91,2022.614,5485.434,13129.76,2012.767,5409.752,13241.4,1973.057,5386.982,13256.96,1984.858,5386.489,13219.85,1977.858,5416.363,13160.55,2009.544,5388.381,13156.47,1963.221,5479.461,13135.73,1969.389,5422.075,13166.65,1979.789,5489.891,13205.72,1989.36,5376.239,13229.05,2042.597,5442.726
13164.05,1983.353,5374.837,13141.51,1950.195,5470.26,13234.75,1980.544,5494.273,13138.29,1976.692,5410.025,13202.07,2022.614,5485.748,13129.43,2012.767,5409.633,13241.72,1973.057,5386.832,13257.3,1984.858,5386.413,13220.2,1977.858,5416.305,13160.36,2009.544,5388.088,13156.36,1963.221,5479.796,13135.38,1969.389,5422.011,13166.61,1979.789,5490.241,13205.89,1989.36,5375.929,13229.35,2042.597,5442.918
13163.91,1983.353,5374.528,13141.17,1950.195,5470.313,13235,1980.544,5494.508,13137.99,1976.692,5409.854,13202.22,2022.614,5486.053,13129.11,2012.767,5409.518,13242.03,1973.057,5386.687,13257.63,1984.858,5386.328,13220.54,1977.858,5416.249,13160.17,2009.544,5387.804,13156.25,1963.221,5480.121,13135.04,1969.389,5421.954,13166.57,1979.789,5490.582,13206.05,1989.36,5375.629,13229.63,2042.597,5443.107
13163.76,1983.353,5374.229,13140.84,1950.195,5470.367,13235.24,1980.544,5494.733,13137.71,1976.692,5409.687,13202.37,2022.614,5486.35,13128.8,2012.767,5409.407,13242.33,1973.057,5386.546,13257.94,1984.858,5386.195,13220.86,1977.858,5416.195,13159.98,2009.544,5387.529,13156.15,1963.221,5480.437,13134.72,1969.389,5421.903,13166.54,1979.789,5490.913,13206.25,1989.36,5375.358,13229.91,2042.597,5443.292
13163.62,1983.353,5373.942,13140.53,1950.195,5470.423,13235.48,1980.544,5494.946,13137.43,1976.692,5409.525,13202.52,2022.614,5486.635,13128.5,2012.767,5409.301,13242.62,1973.057,5386.413,13258.23,1984.858,5386.077,13221.18,1977.858,5416.145,13159.8,2009.544,5387.266,13156.05,1963.221,5480.739,13134.4,1969.389,5421.857,13166.52,1979.789,5491.23,13206.42,1989.36,5375.092,13230.17,2042.597,5443.471
13163.48,1983.353,5373.665,13140.22,1950.195,5470.48,13235.71,1980.544,5495.151,13137.17,1976.692,5409.366,13202.65,2022.614,5486.913,13128.2,2012.767,5409.2,13242.9,1973.057,5386.284,13258.52,1984.858,5385.971,13221.49,1977.858,5416.098,13159.63,2009.544,5387.01,13155.95,1963.221,5481.033,13134.09,1969.389,5421.816,13166.5,1979.789,5491.541,13206.58,1989.36,5374.828,13230.43,2042.597,5443.646
13163.35,1983.353,5373.396,13139.93,1950.195,5470.539,13235.94,1980.544,5495.348,13136.91,1976.692,5409.212,13202.79,2022.614,5487.181,13127.92,2012.767,5409.102,13243.17,1973.057,5386.16,13258.81,1984.858,5385.878,13221.78,1977.858,5416.055,13159.46,2009.544,5386.764,13155.85,1963.221,5481.317,13133.79,1969.389,5421.78,13166.49,1979.789,5491.84,13206.74,1989.36,5374.574,13230.68,2042.597,5443.817
13163.22,1983.353,5373.136,13139.64,1950.195,5470.599,13236.16,1980.544,5495.537,13136.66,1976.692,5409.061,13202.92,2022.614,5487.443,13127.64,2012.767,5409.007,13243.44,1973.057,5386.04,13259.08,1984.858,5385.76,13222.07,1977.858,5416.013,13159.29,2009.544,5386.525,13155.76,1963.221,5481.593,13133.5,1969.389,5421.748,13166.48,1979.789,5492.132,13206.89,1989.36,5374.321,13230.92,2042.597,5443.985
13163.09,1983.353,5372.883,13139.37,1950.195,5470.66,13236.38,1980.544,5495.72,13136.42,1976.692,5408.913,13203.04,2022.614,5487.699,13127.37,2012.767,5408.916,13243.7,1973.057,5385.924,13259.34,1984.858,5385.654,13222.35,1977.858,5415.974,13159.12,2009.544,5386.292,13155.66,1963.221,5481.862,13133.22,1969.389,5421.72,13166.48,1979.789,5492.417,13207.04,1989.36,5374.081,13231.15,2042.597,5444.149
13162.96,1983.353,5372.639,13139.1,1950.195,5470.722,13236.59,1980.544,5495.895,13136.18,1976.692,5408.769,13203.16,2022.614,5487.945,13127.11,2012.767,5408.827,13243.95,1973.057,5385.813,13259.59,1984.858,5385.547,13222.63,1977.858,5415.936,13158.96,2009.544,5386.069,13155.57,1963.221,5482.122,13132.95,1969.389,5421.695,13166.47,1979.789,5492.691,13207.18,1989.36,5373.844,13231.37,2042.597,5444.309
13162.84,1983.353,5372.403,13138.84,1950.195,5470.784,13236.8,1980.544,5496.063,13135.95,1976.692,5408.629,13203.28,2022.614,5488.185,13126.86,2012.767,5408.742,13244.19,1973.057,5385.705,13259.84,1984.858,5385.438,13222.89,1977.858,5415.9,13158.81,2009.544,5385.853,13155.49,1963.221,5482.373,13132.68,1969.389,5421.674,13166.47,1979.789,5492.957,13207.33,1989.36,5373.621,13231.59,2042.597,5444.465
13162.72,1983.353,5372.175,13138.59,1950.195,5470.846,13237,1980.544,5496.223,13135.74,1976.692,5408.494,13203.39,2022.614,5488.416,13126.62,2012.767,5408.66,13244.43,1973.057,5385.602,13260.07,1984.858,5385.342,13223.14,1977.858,5415.867,13158.66,2009.544,5385.645,13155.4,1963.221,5482.615,13132.43,1969.389,5421.656,13166.47,1979.789,5493.213,13207.48,1989.36,5373.412,13231.79,2042.597,5444.616
13162.6,1983.353,5371.956,13138.35,1950.195,5470.908,13237.19,1980.544,5496.377,13135.53,1976.692,5408.363,13203.5,2022.614,5488.639,13126.38,2012.767,5408.581,13244.66,1973.057,5385.503,13260.31,1984.858,5385.256,13223.39,1977.858,5415.834,13158.51,2009.544,5385.444,13155.32,1963.221,5482.849,13132.18,1969.389,5421.641,13166.47,1979.789,5493.461,13207.62,1989.36,5373.208,13231.99,2042.597,5444.764
13162.49,1983.353,5371.742,13138.12,1950.195,5470.97,13237.38,1980.544,5496.526,13135.32,1976.692,5408.235,13203.6,2022.614,5488.856,13126.15,2012.767,5408.504,13244.88,1973.057,5385.407,13260.54,1984.858,5385.179,13223.63,1977.858,5415.804,13158.37,2009.544,5385.249,13155.24,1963.221,5483.076,13131.94,1969.389,5421.628,13166.46,1979.789,5493.702,13207.75,1989.36,5373.005,13232.19,2042.597,5444.908
13162.38,1983.353,5371.534,13137.89,1950.195,5471.033,13237.57,1980.544,5496.671,13135.12,1976.692,5408.11,13203.7,2022.614,5489.068,13125.93,2012.767,5408.43,13245.09,1973.057,5385.314,13260.76,1984.858,5385.097,13223.86,1977.858,5415.774,13158.24,2009.544,5385.059,13155.16,1963.221,5483.298,13131.71,1969.389,5421.618,13166.46,1979.789,5493.937,13207.87,1989.36,5372.806,13232.37,2042.597,5445.049
13162.28,1983.353,5371.332,13137.67,1950.195,5471.096,13237.75,1980.544,5496.811,13134.93,1976.692,5407.988,13203.8,2022.614,5489.275,13125.71,2012.767,5408.359,13245.3,1973.057,5385.225,13260.97,1984.858,5385.024,13224.09,1977.858,5415.746,13158.1,2009.544,5384.874,13155.09,1963.221,5483.514,13131.48,1969.389,5421.61,13166.46,1979.789,5494.166,13207.99,1989.36,5372.608,13232.56,2042.597,5445.188
13162.18,1983.353,5371.139,13137.46,1950.195,5471.158,13237.92,1980.544,5496.943,13134.74,1976.692,5407.871,13203.89,2022.614,5489.472,13125.5,2012.767,5408.292,13245.5,1973.057,5385.139,13261.18,1984.858,5384.962,13224.3,1977.858,5415.72,13157.97,2009.544,5384.698,13155.01,1963.221,5483.719,13131.26,1969.389,5421.604,13166.46,1979.789,5494.384,13208.11,1989.36,5372.429,13232.73,2042.597,5445.322
13162.08,1983.353,5370.952,13137.26,1950.195,5471.219,13238.09,1980.544,5497.07,13134.57,1976.692,5407.758,13203.98,2022.614,5489.664,13125.3,2012.767,5408.229,13245.7,1973.057,5385.057,13261.39,1984.858,5384.908,13224.51,1977.858,5415.694,13157.85,2009.544,5384.527,13154.94,1963.221,5483.918,13131.05,1969.389,5421.6,13166.45,1979.789,5494.595,13208.23,1989.36,5372.251,13232.89,2042.597,5445.452
13161.98,1983.353,5370.766,13137.06,1950.195,5471.283,13238.26,1980.544,5497.195,13134.39,1976.692,5407.646,13204.07,2022.614,5489.853,13125.1,2012.767,5408.168,13245.89,1973.057,5384.977,13261.59,1984.858,5384.848,13224.72,1977.858,5415.67,13157.73,2009.544,5384.358,13154.87,1963.221,5484.115,13130.84,1969.389,5421.597,13166.44,1979.789,5494.803,13208.35,1989.36,5372.081,13233.06,2042.597,5445.581
13161.89,1983.353,5370.578,13136.87,1950.195,5471.349,13238.42,1980.544,5497.32,13134.21,1976.692,5407.534,13204.15,2022.614,5490.043,13124.91,2012.767,5408.109,13246.08,1973.057,5384.896,13261.79,1984.858,5384.799,13224.93,1977.858,5415.646,13157.6,2009.544,5384.19,13154.8,1963.221,5484.311,13130.63,1969.389,5421.595,13166.43,1979.789,5495.011,13208.46,1989.36,5371.908,13233.22,2042.597,5445.71
13161.81,1983.353,5370.388,13136.67,1950.195,5471.417,13238.59,1980.544,5497.444,13134.04,1976.692,5407.421,13204.24,2022.614,5490.234,13124.71,2012.767,5408.05,13246.27,1973.057,5384.816,13261.99,1984.858,5384.744,13225.14,1977.858,5415.622,13157.48,2009.544,5384.021,13154.73,1963.221,5484.507,13130.42,1969.389,5421.595,13166.42,1979.789,5495.219,13208.59,1989.36,5371.74,13233.38,2042.597,5445.841
13161.71,1983.353,5370.164,13136.44,1950.195,5471.501,13238.79,1980.544,5497.588,13133.83,1976.692,5407.29,13204.33,2022.614,5490.458,13124.47,2012.767,5407.983,13246.5,1973.057,5384.723,13262.23,1984.858,5384.691,13225.38,1977.858,5415.594,13157.34,2009.544,5383.825,13154.65,1963.221,5484.736,13130.18,1969.389,5421.597,13166.4,1979.789,5495.462,13208.73,1989.36,5371.54,13233.57,2042.597,5445.995
13161.63,1983.353,5369.972,13136.25,1950.195,5471.575,13238.95,1980.544,5497.711,13133.66,1976.692,5407.177,13204.41,2022.614,5490.649,13124.27,2012.767,5407.927,13246.69,1973.057,5384.643,13262.43,1984.858,5384.639,13225.58,1977.858,5415.57,13157.21,2009.544,5383.656,13154.58,1963.221,5484.932,13129.97,1969.389,5421.599,13166.38,1979.789,5495.669,13208.84,1989.36,5371.364,13233.73,2042.597,5446.127
13161.56,1983.353,5369.778,13136.05,1950.195,5471.651,13239.12,1980.544,5497.834,13133.48,1976.692,5407.064,13204.49,2022.614,5490.842,13124.07,2012.767,5407.872,13246.88,1973.057,5384.564,13262.63,1984.858,5384.581,13225.79,1977.858,5415.549,13157.09,2009.544,5383.488,13154.51,1963.221,5485.128,13129.76,1969.389,5421.603,13166.37,1979.789,5495.877,13208.94,1989.36,5371.186,13233.89,2042.597,5446.261
13161.48,1983.353,5369.583,13135.86,1950.195,5471.729,13239.29,1980.544,5497.956,13133.31,1976.692,5406.951,13204.57,2022.614,5491.036,13123.87,2012.767,5407.818,13247.08,1973.057,5384.485,13262.83,1984.858,5384.516,13226,1977.858,5415.529,13156.97,2009.544,5383.319,13154.44,1963.221,5485.325,13129.56,1969.389,5421.608,13166.35,1979.789,5496.084,13209.04,1989.36,5371.003,13234.05,2042.597,5446.395
13161.41,1983.353,5369.387,13135.67,1950.195,5471.811,13239.46,1980.544,5498.078,13133.13,1976.692,5406.837,13204.65,2022.614,5491.229,13123.67,2012.767,5407.765,13247.27,1973.057,5384.406,13263.03,1984.858,5384.456,13226.21,1977.858,5415.514,13156.85,2009.544,5383.151,13154.38,1963.221,5485.522,13129.35,1969.389,5421.614,13166.34,1979.789,5496.292,13209.16,1989.36,5370.833,13234.21,2042.597,5446.53
13161.34,1983.353,5369.191,13135.48,1950.195,5471.894,13239.63,1980.544,5498.199,13132.96,1976.692,5406.724,13204.72,2022.614,5491.424,13123.47,2012.767,5407.713,13247.46,1973.057,5384.328,13263.22,1984.858,5384.389,13226.42,1977.858,5415.502,13156.72,2009.544,5382.983,13154.31,1963.221,5485.72,13129.14,1969.389,5421.622,13166.33,1979.789,5496.5,13209.29,1989.36,5370.665,13234.37,2042.597,5446.666
13161.27,1983.353,5368.991,13135.29,1950.195,5471.981,13239.8,1980.544,5498.321,13132.78,1976.692,5406.608,13204.79,2022.614,5491.622,13123.26,2012.767,5407.661,13247.66,1973.057,5384.249,13263.42,1984.858,5384.315,13226.63,1977.858,5415.494,13156.6,2009.544,5382.813,13154.24,1963.221,5485.92,13128.93,1969.389,5421.63,13166.33,1979.789,5496.711,13209.4,1989.36,5370.49,13234.53,2042.597,5446.804
13161.21,1983.353,5368.793,13135.1,1950.195,5472.069,13239.97,1980.544,5498.442,13132.61,1976.692,5406.495,13204.86,2022.614,5491.818,13123.06,2012.767,5407.611,13247.85,1973.057,5384.17,13263.62,1984.858,5384.238,13226.83,1977.858,5415.489,13156.48,2009.544,5382.645,13154.18,1963.221,5486.119,13128.72,1969.389,5421.639,13166.33,1979.789,5496.919,13209.52,1989.36,5370.314,13234.68,2042.597,5446.941
13161.14,1983.353,5368.595,13134.91,1950.195,5472.159,13240.14,1980.544,5498.562,13132.44,1976.692,5406.38,13204.93,2022.614,5492.014,13122.86,2012.767,5407.563,13248.04,1973.057,5384.093,13263.81,1984.858,5384.166,13227.04,1977.858,5415.487,13156.35,2009.544,5382.477,13154.12,1963.221,5486.317,13128.51,1969.389,5421.649,13166.33,1979.789,5497.127,13209.64,1989.36,5370.15,13234.84,2042.597,5447.08
13161.08,1983.353,5368.396,13134.72,1950.195,5472.251,13240.31,1980.544,5498.682,13132.26,1976.692,5406.266,13205,2022.614,5492.211,13122.66,2012.767,5407.515,13248.24,1973.057,5384.015,13264,1984.858,5384.089,13227.25,1977.858,5415.489,13156.23,2009.544,5382.309,13154.06,1963.221,5486.516,13128.31,1969.389,5421.661,13166.33,1979.789,5497.335,13209.77,1989.36,5369.982,13234.99,2042.597,5447.219
13161.02,1983.353,5368.197,13134.54,1950.195,5472.346,13240.48,1980.544,5498.801,13132.09,1976.692,5406.152,13205.07,2022.614,5492.408,13122.45,2012.767,5407.467,13248.43,1973.057,5383.938,13264.2,1984.858,5384.01,13227.46,1977.858,5415.495,13156.11,2009.544,5382.141,13154,1963.221,5486.715,13128.1,1969.389,5421.673,13166.33,1979.789,5497.543,13209.89,1989.36,5369.812,13235.15,2042.597,5447.359
13160.96,1983.353,5367.998,13134.35,1950.195,5472.443,13240.65,1980.544,5498.92,13131.91,1976.692,5406.037,13205.13,2022.614,5492.606,13122.25,2012.767,5407.421,13248.62,1973.057,5383.861,13264.38,1984.858,5383.911,13227.67,1977.858,5415.503,13155.98,2009.544,5381.973,13153.94,1963.221,5486.915,13127.89,1969.389,5421.686,13166.34,1979.789,5497.751,13210,1989.36,5369.638,13235.3,2042.597,5447.5
13160.9,1983.353,5367.798,13134.17,1950.195,5472.542,13240.82,1980.544,5499.039,13131.74,1976.692,5405.922,13205.2,2022.614,5492.804,13122.05,2012.767,5407.375,13248.82,1973.057,5383.784,13264.57,1984.858,5383.819,13227.87,1977.858,5415.515,13155.86,2009.544,5381.805,13153.88,1963.221,5487.114,13127.68,1969.389,5421.699,13166.35,1979.789,5497.959,13210.12,1989.36,5369.468,13235.45,2042.597,5447.641
13160.85,1983.353,5367.598,13133.99,1950.195,5472.642,13240.99,1980.544,5499.158,13131.57,1976.692,5405.808,13205.26,2022.614,5493.003,13121.84,2012.767,5407.331,13249.01,1973.057,5383.708,13264.76,1984.858,5383.732,13228.08,1977.858,5415.529,13155.74,2009.544,5381.637,13153.82,1963.221,5487.314,13127.47,1969.389,5421.714,13166.36,1979.789,5498.167,13210.24,1989.36,5369.293,13235.61,2042.597,5447.783
13160.79,1983.353,5367.397,13133.81,1950.195,5472.745,13241.17,1980.544,5499.276,13131.39,1976.692,5405.692,13205.32,2022.614,5493.202,13121.64,2012.767,5407.288,13249.2,1973.057,5383.63,13264.94,1984.858,5383.63,13228.29,1977.858,5415.547,13155.62,2009.544,5381.468,13153.76,1963.221,5487.514,13127.27,1969.389,5421.729,13166.37,1979.789,5498.375,13210.35,1989.36,5369.115,13235.76,2042.597,5447.926
13160.73,1983.353,5367.197,13133.63,1950.195,5472.849,13241.34,1980.544,5499.394,13131.22,1976.692,5405.577,13205.38,2022.614,5493.402,13121.44,2012.767,5407.245,13249.4,1973.057,5383.551,13265.12,1984.858,5383.533,13228.5,1977.858,5415.568,13155.5,2009.544,5381.298,13153.7,1963.221,5487.714,13127.06,1969.389,5421.744,13166.38,1979.789,5498.583,13210.45,1989.36,5368.934,13235.91,2042.597,5448.07
13160.68,1983.353,5366.996,13133.45,1950.195,5472.956,13241.51,1980.544,5499.512,13131.05,1976.692,5405.462,13205.44,2022.614,5493.602,13121.23,2012.767,5407.203,13249.59,1973.057,5383.472,13265.31,1984.858,5383.442,13228.7,1977.858,5415.592,13155.38,2009.544,5381.127,13153.65,1963.221,5487.915,13126.85,1969.389,5421.758,13166.4,1979.789,5498.791,13210.55,1989.36,5368.75,13236.06,2042.597,5448.215
13160.62,1983.353,5366.795,13133.27,1950.195,5473.063,13241.68,1980.544,5499.629,13130.87,1976.692,5405.346,13205.49,2022.614,5493.802,13121.03,2012.767,5407.162,13249.78,1973.057,5383.392,13265.49,1984.858,5383.339,13228.91,1977.858,5415.619,13155.26,2009.544,5380.956,13153.59,1963.221,5488.115,13126.64,1969.389,5421.771,13166.42,1979.789,5498.999,13210.64,1989.36,5368.562,13236.21,2042.597,5448.36
13160.57,1983.353,5366.594,13133.09,1950.195,5473.173,13241.85,1980.544,5499.746,13130.7,1976.692,5405.233,13205.55,2022.614,5494.003,13120.82,2012.767,5407.123,13249.97,1973.057,5383.311,13265.67,1984.858,5383.241,13229.12,1977.858,5415.649,13155.14,2009.544,5380.783,13153.53,1963.221,5488.315,13126.43,1969.389,5421.783,13166.43,1979.789,5499.206,13210.72,1989.36,5368.372,13236.36,2042.597,5448.506
13160.52,1983.353,5366.393,13132.92,1950.195,5473.285,13242.03,1980.544,5499.863,13130.52,1976.692,5405.123,13205.6,2022.614,5494.204,13120.62,2012.767,5407.085,13250.17,1973.057,5383.229,13265.86,1984.858,5383.15,13229.32,1977.858,5415.682,13155.03,2009.544,5380.609,13153.47,1963.221,5488.514,13126.23,1969.389,5421.795,13166.44,1979.789,5499.414,13210.8,1989.36,5368.179,13236.5,2042.597,5448.653
13160.46,1983.353,5366.191,13132.74,1950.195,5473.398,13242.2,1980.544,5499.979,13130.34,1976.692,5405.015,13205.65,2022.614,5494.406,13120.41,2012.767,5407.048,13250.36,1973.057,5383.147,13266.04,1984.858,5383.043,13229.53,1977.858,5415.717,13154.91,2009.544,5380.435,13153.41,1963.221,5488.713,13126.02,1969.389,5421.806,13166.45,1979.789,5499.622,13210.87,1989.36,5367.983,13236.65,2042.597,5448.801
13160.41,1983.353,5365.989,13132.57,1950.195,5473.513,13242.37,1980.544,5500.096,13130.16,1976.692,5404.909,13205.7,2022.614,5494.607,13120.21,2012.767,5407.013,13250.55,1973.057,5383.063,13266.22,1984.858,5382.942,13229.73,1977.858,5415.755,13154.8,2009.544,5380.259,13153.35,1963.221,5488.912,13125.81,1969.389,5421.817,13166.46,1979.789,5499.83,13210.94,1989.36,5367.788,13236.8,2042.597,5448.949
13160.36,1983.353,5365.788,13132.4,1950.195,5473.629,13242.54,1980.544,5500.212,13129.99,1976.692,5404.803,13205.75,2022.614,5494.81,13120,2012.767,5406.979,13250.74,1973.057,5382.979,13266.41,1984.858,5382.848,13229.94,1977.858,5415.796,13154.69,2009.544,5380.083,13153.28,1963.221,5489.11,13125.6,1969.389,5421.827,13166.47,1979.789,5500.038,13211.01,1989.36,5367.591,13236.94,2042.597,5449.098
13160.31,1983.353,5365.586,13132.22,1950.195,5473.747,13242.72,1980.544,5500.328,13129.81,1976.692,5404.697,13205.8,2022.614,5495.012,13119.8,2012.767,5406.945,13250.93,1973.057,5382.895,13266.6,1984.858,5382.757,13230.14,1977.858,5415.839,13154.58,2009.544,5379.906,13153.22,1963.221,5489.308,13125.39,1969.389,5421.837,13166.48,1979.789,5500.246,13211.08,1989.36,5367.395,13237.09,2042.597,5449.247
13160.26,1983.353,5365.384,13132.05,1950.195,5473.866,13242.89,1980.544,5500.443,13129.63,1976.692,5404.59,13205.85,2022.614,5495.215,13119.59,2012.767,5406.914,13251.12,1973.057,5382.81,13266.79,1984.858,5382.673,13230.34,1977.858,5415.886,13154.47,2009.544,5379.729,13153.15,1963.221,5489.505,13125.19,1969.389,5421.846,13166.49,1979.789,5500.454,13211.15,1989.36,5367.197,13237.23,2042.597,5449.396
13160.21,1983.353,5365.182,13131.88,1950.195,5473.986,13243.06,1980.544,5500.559,13129.45,1976.692,5404.483,13205.9,2022.614,5495.418,13119.38,2012.767,5406.883,13251.31,1973.057,5382.724,13266.98,1984.858,5382.595,13230.54,1977.858,5415.935,13154.37,2009.544,5379.55,13153.08,1963.221,5489.702,13124.98,1969.389,5421.855,13166.49,1979.789,5500.662,13211.21,1989.36,5367,13237.38,2042.597,5449.545
13160.16,1983.353,5364.98,13131.71,1950.195,5474.108,13243.24,1980.544,5500.674,13129.27,1976.692,5404.376,13205.94,2022.614,5495.621,13119.18,2012.767,5406.854,13251.5,1973.057,5382.637,13267.17,1984.858,5382.518,13230.75,1977.858,5415.987,13154.26,2009.544,5379.371,13153.02,1963.221,5489.899,13124.77,1969.389,5421.863,13166.5,1979.789,5500.87,13211.28,1989.36,5366.802,13237.52,2042.597,5449.695
13160.11,1983.353,5364.778,13131.55,1950.195,5474.232,13243.41,1980.544,5500.789,13129.09,1976.692,5404.269,13205.98,2022.614,5495.825,13118.97,2012.767,5406.825,13251.69,1973.057,5382.55,13267.37,1984.858,5382.44,13230.95,1977.858,5416.042,13154.15,2009.544,5379.191,13152.95,1963.221,5490.095,13124.56,1969.389,5421.871,13166.5,1979.789,5501.078,13211.34,1989.36,5366.604,13237.67,2042.597,5449.845
13160.06,1983.353,5364.576,13131.38,1950.195,5474.357,13243.58,1980.544,5500.903,13128.91,1976.692,5404.162,13206.03,2022.614,5496.029,13118.77,2012.767,5406.798,13251.87,1973.057,5382.462,13267.56,1984.858,5382.363,13231.15,1977.858,5416.099,13154.05,2009.544,5379.011,13152.88,1963.221,5490.292,13124.35,1969.389,5421.878,13166.51,1979.789,5501.286,13211.41,1989.36,5366.406,13237.81,2042.597,5449.996
13160.01,1983.353,5364.374,13131.21,1950.195,5474.483,13243.76,1980.544,5501.018,13128.74,1976.692,5404.054,13206.07,2022.614,5496.233,13118.56,2012.767,5406.772,13252.06,1973.057,5382.374,13267.75,1984.858,5382.285,13231.35,1977.858,5416.158,13153.95,2009.544,5378.83,13152.81,1963.221,5490.487,13124.15,1969.389,5421.885,13166.51,1979.789,5501.494,13211.47,1989.36,5366.208,13237.95,2042.597,5450.146
13159.96,1983.353,5364.171,13131.05,1950.195,5474.611,13243.93,1980.544,5501.132,13128.56,1976.692,5403.946,13206.11,2022.614,5496.437,13118.35,2012.767,5406.747,13252.25,1973.057,5382.285,13267.95,1984.858,5382.208,13231.55,1977.858,5416.22,13153.85,2009.544,5378.647,13152.74,1963.221,5490.683,13123.94,1969.389,5421.892,13166.52,1979.789,5501.702,13211.53,1989.36,5366.009,13238.1,2042.597,5450.298
13159.91,1983.353,5363.969,13130.88,1950.195,5474.74,13244.11,1980.544,5501.246,13128.38,1976.692,5403.838,13206.15,2022.614,5496.642,13118.15,2012.767,5406.723,13252.44,1973.057,5382.195,13268.14,1984.858,5382.141,13231.74,1977.858,5416.285,13153.75,2009.544,5378.465,13152.66,1963.221,5490.878,13123.73,1969.389,5421.898,13166.52,1979.789,5501.91,13211.6,1989.36,5365.811,13238.24,2042.597,5450.45
13159.86,1983.353,5363.766,13130.72,1950.195,5474.87,13244.28,1980.544,5501.359,13128.2,1976.692,5403.729,13206.18,2022.614,5496.846,13117.94,2012.767,5406.701,13252.63,1973.057,5382.105,13268.34,1984.858,5382.067,13231.94,1977.858,5416.352,13153.65,2009.544,5378.282,13152.59,1963.221,5491.073,13123.52,1969.389,5421.905,13166.52,1979.789,5502.118,13211.66,1989.36,5365.612,13238.38,2042.597,5450.602
13159.81,1983.353,5363.563,13130.56,1950.195,5475.001,13244.46,1980.544,5501.473,13128.02,1976.692,5403.621,13206.22,2022.614,5497.051,13117.73,2012.767,5406.679,13252.81,1973.057,5382.015,13268.54,1984.858,5382.011,13232.14,1977.858,5416.421,13153.55,2009.544,5378.098,13152.52,1963.221,5491.268,13123.31,1969.389,5421.911,13166.53,1979.789,5502.326,13211.72,1989.36,5365.413,13238.52,2042.597,5450.754
13159.76,1983.353,5363.361,13130.4,1950.195,5475.133,13244.63,1980.544,5501.586,13127.85,1976.692,5403.512,13206.26,2022.614,5497.256,13117.52,2012.767,5406.659,13253,1973.057,5381.923,13268.74,1984.858,5381.948,13232.33,1977.858,5416.493,13153.45,2009.544,5377.913,13152.44,1963.221,5491.462,13123.11,1969.389,5421.916,13166.53,1979.789,5502.534,13211.78,1989.36,5365.214,13238.67,2042.597,5450.907
13159.72,1983.353,5363.158,13130.24,1950.195,5475.267,13244.81,1980.544,5501.699,13127.67,1976.692,5403.403,13206.29,2022.614,5497.462,13117.32,2012.767,5406.639,13253.19,1973.057,5381.832,13268.94,1984.858,5381.897,13232.53,1977.858,5416.567,13153.36,2009.544,5377.728,13152.37,1963.221,5491.656,13122.9,1969.389,5421.921,13166.54,1979.789,5502.742,13211.84,1989.36,5365.015,13238.81,2042.597,5451.06
13159.67,1983.353,5362.956,13130.08,1950.195,5475.401,13244.98,1980.544,5501.812,13127.49,1976.692,5403.294,13206.32,2022.614,5497.667,13117.11,2012.767,5406.621,13253.38,1973.057,5381.739,13269.14,1984.858,5381.839,13232.72,1977.858,5416.644,13153.26,2009.544,5377.542,13152.29,1963.221,5491.85,13122.69,1969.389,5421.927,13166.54,1979.789,5502.95,13211.9,1989.36,5364.815,13238.95,2042.597,5451.213
13159.62,1983.353,5362.753,13129.92,1950.195,5475.537,13245.16,1980.544,5501.924,13127.31,1976.692,5403.185,13206.36,2022.614,5497.873,13116.9,2012.767,5406.603,13253.56,1973.057,5381.646,13269.34,1984.858,5381.775,13232.91,1977.858,5416.722,13153.17,2009.544,5377.356,13152.21,1963.221,5492.044,13122.48,1969.389,5421.932,13166.54,1979.789,5503.158,13211.96,1989.36,5364.616,13239.09,2042.597,5451.367
13159.58,1983.353,5362.55,13129.76,1950.195,5475.674,13245.33,1980.544,5502.036,13127.14,1976.692,5403.075,13206.39,2022.614,5498.079,13116.7,2012.767,5406.586,13253.75,1973.057,5381.553,13269.53,1984.858,5381.705,13233.1,1977.858,5416.803,13153.08,2009.544,5377.169,13152.14,1963.221,5492.237,13122.27,1969.389,5421.937,13166.55,1979.789,5503.366,13212.02,1989.36,5364.417,13239.23,2042.597,5451.521
13159.53,1983.353,5362.347,13129.61,1950.195,5475.812,13245.51,1980.544,5502.148,13126.96,1976.692,5402.965,13206.42,2022.614,5498.285,13116.49,2012.767,5406.571,13253.93,1973.057,5381.459,13269.73,1984.858,5381.648,13233.29,1977.858,5416.887,13152.99,2009.544,5376.982,13152.06,1963.221,5492.431,13122.07,1969.389,5421.941,13166.55,1979.789,5503.574,13212.08,1989.36,5364.218,13239.37,2042.597,5451.676
13159.48,1983.353,5362.144,13129.45,1950.195,5475.95,13245.68,1980.544,5502.26,13126.78,1976.692,5402.855,13206.45,2022.614,5498.491,13116.28,2012.767,5406.556,13254.12,1973.057,5381.365,13269.93,1984.858,5381.584,13233.48,1977.858,5416.972,13152.9,2009.544,5376.794,13151.98,1963.221,5492.624,13121.86,1969.389,5421.946,13166.56,1979.789,5503.782,13212.14,1989.36,5364.019,13239.51,2042.597,5451.831
13159.44,1983.353,5361.941,13129.3,1950.195,5476.09,13245.86,1980.544,5502.371,13126.61,1976.692,5402.745,13206.47,2022.614,5498.698,13116.07,2012.767,5406.542,13254.31,1973.057,5381.273,13270.13,1984.858,5381.515,13233.67,1977.858,5417.06,13152.81,2009.544,5376.605,13151.9,1963.221,5492.816,13121.65,1969.389,5421.95,13166.56,1979.789,5503.99,13212.2,1989.36,5363.819,13239.65,2042.597,5451.985
13159.39,1983.353,5361.738,13129.14,1950.195,5476.23,13246.04,1980.544,5502.482,13126.43,1976.692,5402.635,13206.5,2022.614,5498.904,13115.86,2012.767,5406.53,13254.49,1973.057,5381.183,13270.33,1984.858,5381.462,13233.86,1977.858,5417.149,13152.72,2009.544,5376.417,13151.82,1963.221,5493.009,13121.44,1969.389,5421.955,13166.57,1979.789,5504.198,13212.26,1989.36,5363.62,13239.79,2042.597,5452.139
13159.34,1983.353,5361.535,13128.99,1950.195,5476.372,13246.21,1980.544,5502.593,13126.25,1976.692,5402.524,13206.53,2022.614,5499.111,13115.66,2012.767,5406.518,13254.68,1973.057,5381.095,13270.53,1984.858,5381.402,13234.05,1977.858,5417.241,13152.63,2009.544,5376.227,13151.74,1963.221,5493.201,13121.23,1969.389,5421.958,13166.57,1979.789,5504.406,13212.32,1989.36,5363.42,13239.93,2042.597,5452.292
13159.3,1983.353,5361.332,13128.84,1950.195,5476.514,13246.39,1980.544,5502.704,13126.08,1976.692,5402.414,13206.55,2022.614,5499.317,13115.45,2012.767,5406.507,13254.87,1973.057,5381.009,13270.73,1984.858,5381.354,13234.23,1977.858,5417.334,13152.55,2009.544,5376.037,13151.66,1963.221,5493.393,13121.03,1969.389,5421.962,13166.58,1979.789,5504.614,13212.38,1989.36,5363.221,13240.07,2042.597,5452.445
13159.25,1983.353,5361.128,13128.69,1950.195,5476.657,13246.56,1980.544,5502.814,13125.9,1976.692,5402.303,13206.57,2022.614,5499.524,13115.24,2012.767,5406.498,13255.06,1973.057,5380.924,13270.93,1984.858,5381.298,13234.42,1977.858,5417.43,13152.46,2009.544,5375.847,13151.58,1963.221,5493.585,13120.82,1969.389,5421.966,13166.58,1979.789,5504.822,13212.44,1989.36,5363.021,13240.21,2042.597,5452.598
13159.21,1983.353,5360.925,13128.54,1950.195,5476.801,13246.74,1980.544,5502.925,13125.73,1976.692,5402.191,13206.6,2022.614,5499.731,13115.03,2012.767,5406.489,13255.25,1973.057,5380.842,13271.13,1984.858,5381.245,13234.6,1977.858,5417.528,13152.38,2009.544,5375.656,13151.5,1963.221,5493.777,13120.61,1969.389,5421.97,13166.59,1979.789,5505.03,13212.5,1989.36,5362.821,13240.35,2042.597,5452.75
13159.16,1983.353,5360.722,13128.39,1950.195,5476.946,13246.92,1980.544,5503.035,13125.55,1976.692,5402.08,13206.62,2022.614,5499.938,13114.82,2012.767,5406.481,13255.44,1973.057,5380.761,13271.33,1984.858,5381.186,13234.78,1977.858,5417.627,13152.3,2009.544,5375.465,13151.42,1963.221,5493.968,13120.4,1969.389,5421.974,13166.59,1979.789,5505.238,13212.56,1989.36,5362.622,13240.5,2042.597,5452.901
13159.12,1983.353,5360.519,13128.24,1950.195,5477.091,13247.09,1980.544,5503.145,13125.37,1976.692,5401.969,13206.64,2022.614,5500.146,13114.62,2012.767,5406.474,13255.64,1973.057,5380.681,13271.53,1984.858,5381.126,13234.96,1977.858,5417.728,13152.21,2009.544,5375.274,13151.34,1963.221,5494.16,13120.19,1969.389,5421.978,13166.6,1979.789,5505.446,13212.62,1989.36,5362.422,13240.64,2042.597,5453.052
13159.07,1983.353,5360.315,13128.09,1950.195,5477.238,13247.27,1980.544,5503.254,13125.2,1976.692,5401.857,13206.66,2022.614,5500.353,13114.41,2012.767,5406.468,13255.83,1973.057,5380.603,13271.73,1984.858,5381.06,13235.15,1977.858,5417.831,13152.13,2009.544,5375.082,13151.25,1963.221,5494.351,13119.99,1969.389,5421.982,13166.61,1979.789,5505.654,13212.68,1989.36,5362.222,13240.79,2042.597,5453.202
13159.03,1983.353,5360.112,13127.94,1950.195,5477.385,13247.45,1980.544,5503.363,13125.02,1976.692,5401.745,13206.68,2022.614,5500.56,13114.2,2012.767,5406.463,13256.02,1973.057,5380.526,13271.93,1984.858,5380.997,13235.33,1977.858,5417.936,13152.05,2009.544,5374.89,13151.17,1963.221,5494.542,13119.78,1969.389,5421.986,13166.62,1979.789,5505.862,13212.74,1989.36,5362.022,13240.93,2042.597,5453.352
13158.99,1983.353,5359.908,13127.79,1950.195,5477.533,13247.63,1980.544,5503.472,13124.85,1976.692,5401.633,13206.69,2022.614,5500.768,13113.99,2012.767,5406.458,13256.22,1973.057,5380.451,13272.12,1984.858,5380.927,13235.5,1977.858,5418.042,13151.97,2009.544,5374.697,13151.09,1963.221,5494.732,13119.57,1969.389,5421.99,13166.62,1979.789,5506.07,13212.8,1989.36,5361.823,13241.08,2042.597,5453.501
13158.94,1983.353,5359.705,13127.65,1950.195,5477.681,13247.8,1980.544,5503.581,13124.67,1976.692,5401.521,13206.71,2022.614,5500.975,13113.78,2012.767,5406.455,13256.41,1973.057,5380.377,13272.32,1984.858,5380.851,13235.68,1977.858,5418.15,13151.9,2009.544,5374.504,13151,1963.221,5494.923,13119.36,1969.389,5421.994,13166.63,1979.789,5506.278,13212.86,1989.36,5361.623,13241.22,2042.597,5453.649
13158.9,1983.353,5359.5,13127.5,1950.195,5477.83,13247.98,1980.544,5503.689,13124.5,1976.692,5401.408,13206.73,2022.614,5501.183,13113.58,2012.767,5406.453,13256.61,1973.057,5380.302,13272.51,1984.858,5380.791,13235.86,1977.858,5418.26,13151.82,2009.544,5374.311,13150.92,1963.221,5495.113,13119.15,1969.389,5421.998,13166.64,1979.789,5506.486,13212.92,1989.36,5361.423,13241.37,2042.597,5453.797
13158.87,1983.353,5359.295,13127.36,1950.195,5477.98,13248.16,1980.544,5503.798,13124.32,1976.692,5401.295,13206.74,2022.614,5501.39,13113.37,2012.767,5406.451,13256.8,1973.057,5380.225,13272.71,1984.858,5380.724,13236.03,1977.858,5418.371,13151.74,2009.544,5374.117,13150.83,1963.221,5495.304,13118.95,1969.389,5422.001,13166.65,1979.789,5506.694,13212.98,1989.36,5361.224,13241.51,2042.597,5453.945
13158.84,1983.353,5359.089,13127.21,1950.195,5478.13,13248.34,1980.544,5503.906,13124.15,1976.692,5401.183,13206.76,2022.614,5501.598,13113.16,2012.767,5406.45,13256.99,1973.057,5380.146,13272.91,1984.858,5380.671,13236.21,1977.858,5418.484,13151.67,2009.544,5373.922,13150.75,1963.221,5495.494,13118.74,1969.389,5422.005,13166.66,1979.789,5506.902,13213.04,1989.36,5361.024,13241.66,2042.597,5454.092
13158.81,1983.353,5358.882,13127.07,1950.195,5478.281,13248.52,1980.544,5504.014,13123.97,1976.692,5401.069,13206.77,2022.614,5501.806,13112.95,2012.767,5406.45,13257.18,1973.057,5380.066,13273.11,1984.858,5380.612,13236.38,1977.858,5418.6,13151.6,2009.544,5373.726,13150.66,1963.221,5495.684,13118.53,1969.389,5422.009,13166.67,1979.789,5507.11,13213.1,1989.36,5360.824,13241.81,2042.597,5454.238
13158.79,1983.353,5358.675,13126.93,1950.195,5478.433,13248.69,1980.544,5504.121,13123.8,1976.692,5400.956,13206.79,2022.614,5502.014,13112.74,2012.767,5406.45,13257.38,1973.057,5379.984,13273.31,1984.858,5380.547,13236.55,1977.858,5418.717,13151.53,2009.544,5373.529,13150.58,1963.221,5495.874,13118.32,1969.389,5422.013,13166.68,1979.789,5507.318,13213.16,1989.36,5360.625,13241.96,2042.597,5454.384
13158.77,1983.353,5358.468,13126.79,1950.195,5478.585,13248.87,1980.544,5504.229,13123.62,1976.692,5400.843,13206.8,2022.614,5502.222,13112.54,2012.767,5406.452,13257.57,1973.057,5379.9,13273.51,1984.858,5380.479,13236.72,1977.858,5418.837,13151.46,2009.544,5373.332,13150.49,1963.221,5496.063,13118.11,1969.389,5422.017,13166.69,1979.789,5507.526,13213.22,1989.36,5360.425,13242.11,2042.597,5454.53
13158.75,1983.353,5358.26,13126.65,1950.195,5478.738,13249.05,1980.544,5504.337,13123.45,1976.692,5400.729,13206.81,2022.614,5502.43,13112.33,2012.767,5406.454,13257.76,1973.057,5379.815,13273.7,1984.858,5380.405,13236.89,1977.858,5418.958,13151.4,2009.544,5373.134,13150.41,1963.221,5496.255,13117.91,1969.389,5422.021,13166.7,1979.789,5507.734,13213.28,1989.36,5360.225,13242.26,2042.597,5454.675
13158.74,1983.353,5358.052,13126.5,1950.195,5478.892,13249.23,1980.544,5504.448,13123.27,1976.692,5400.618,13206.82,2022.614,5502.638,13112.12,2012.767,5406.457,13257.95,1973.057,5379.728,13273.9,1984.858,5380.329,13237.06,1977.858,5419.082,13151.34,2009.544,5372.935,13150.33,1963.221,5496.447,13117.7,1969.389,5422.025,13166.71,1979.789,5507.942,13213.34,1989.36,5360.025,13242.41,2042.597,5454.819
13158.73,1983.353,5357.844,13126.36,1950.195,5479.045,13249.4,1980.544,5504.559,13123.09,1976.692,5400.509,13206.83,2022.614,5502.846,13111.91,2012.767,5406.461,13258.13,1973.057,5379.64,13274.09,1984.858,5380.262,13237.23,1977.858,5419.208,13151.28,2009.544,5372.735,13150.25,1963.221,5496.639,13117.49,1969.389,5422.029,13166.73,1979.789,5508.15,13213.4,1989.36,5359.826,13242.56,2042.597,5454.963
13158.72,1983.353,5357.636,13126.22,1950.195,5479.2,13249.58,1980.544,5504.672,13122.91,1976.692,5400.403,13206.83,2022.614,5503.054,13111.7,2012.767,5406.466,13258.32,1973.057,5379.55,13274.29,1984.858,5380.213,13237.39,1977.858,5419.334,13151.22,2009.544,5372.534,13150.17,1963.221,5496.832,13117.28,1969.389,5422.033,13166.74,1979.789,5508.358,13213.46,1989.36,5359.626,13242.71,2042.597,5455.107
13158.72,1983.353,5357.428,13126.09,1950.195,5479.354,13249.75,1980.544,5504.786,13122.74,1976.692,5400.296,13206.84,2022.614,5503.262,13111.5,2012.767,5406.471,13258.51,1973.057,5379.458,13274.5,1984.858,5380.158,13237.56,1977.858,5419.463,13151.17,2009.544,5372.333,13150.09,1963.221,5497.025,13117.07,1969.389,5422.04,13166.75,1979.789,5508.566,13213.51,1989.36,5359.425,13242.86,2042.597,5455.25
13158.72,1983.353,5357.219,13125.95,1950.195,5479.51,13249.93,1980.544,5504.9,13122.56,1976.692,5400.187,13206.85,2022.614,5503.47,13111.29,2012.767,5406.478,13258.7,1973.057,5379.366,13274.7,1984.858,5380.096,13237.72,1977.858,5419.594,13151.12,2009.544,5372.131,13150.02,1963.221,5497.219,13116.87,1969.389,5422.051,13166.75,1979.789,5508.775,13213.56,1989.36,5359.222,13243.01,2042.597,5455.393
13158.73,1983.353,5357.011,13125.81,1950.195,5479.666,13250.1,1980.544,5505.016,13122.38,1976.692,5400.077,13206.86,2022.614,5503.678,13111.08,2012.767,5406.484,13258.88,1973.057,5379.271,13274.9,1984.858,5380.037,13237.88,1977.858,5419.727,13151.07,2009.544,5371.929,13149.94,1963.221,5497.414,13116.66,1969.389,5422.064,13166.75,1979.789,5508.983,13213.6,1989.36,5359.018,13243.17,2042.597,5455.533
13158.74,1983.353,5356.803,13125.67,1950.195,5479.822,13250.27,1980.544,5505.133,13122.21,1976.692,5399.965,13206.86,2022.614,5503.886,13110.87,2012.767,5406.492,13259.07,1973.057,5379.176,13275.1,1984.858,5379.981,13238.04,1977.858,5419.864,13151.02,2009.544,5371.726,13149.87,1963.221,5497.608,13116.45,1969.389,5422.081,13166.74,1979.789,5509.191,13213.63,1989.36,5358.813,13243.32,2042.597,5455.67
13158.76,1983.353,5356.596,13125.54,1950.195,5479.979,13250.44,1980.544,5505.25,13122.03,1976.692,5399.853,13206.87,2022.614,5504.094,13110.66,2012.767,5406.5,13259.25,1973.057,5379.079,13275.3,1984.858,5379.929,13238.19,1977.858,5420.005,13150.98,2009.544,5371.522,13149.79,1963.221,5497.803,13116.24,1969.389,5422.101,13166.73,1979.789,5509.399,13213.67,1989.36,5358.607,13243.48,2042.597,5455.806
13158.78,1983.353,5356.389,13125.4,1950.195,5480.136,13250.62,1980.544,5505.369,13121.86,1976.692,5399.738,13206.87,2022.614,5504.302,13110.46,2012.767,5406.51,13259.43,1973.057,5378.981,13275.5,1984.858,5379.878,13238.34,1977.858,5420.15,13150.94,2009.544,5371.318,13149.72,1963.221,5497.998,13116.04,1969.389,5422.124,13166.72,1979.789,5509.607,13213.69,1989.36,5358.4,13243.64,2042.597,5455.938
13158.8,1983.353,5356.182,13125.26,1950.195,5480.293,13250.79,1980.544,5505.488,13121.68,1976.692,5399.623,13206.88,2022.614,5504.51,13110.25,2012.767,5406.52,13259.62,1973.057,5378.881,13275.7,1984.858,5379.831,13238.48,1977.858,5420.299,13150.9,2009.544,5371.113,13149.65,1963.221,5498.194,13115.83,1969.389,5422.15,13166.7,1979.789,5509.815,13213.71,1989.36,5358.192,13243.8,2042.597,5456.069
13158.83,1983.353,5355.976,13125.13,1950.195,5480.452,13250.96,1980.544,5505.607,13121.51,1976.692,5399.506,13206.89,2022.614,5504.718,13110.04,2012.767,5406.53,13259.8,1973.057,5378.78,13275.91,1984.858,5379.785,13238.63,1977.858,5420.451,13150.86,2009.544,5370.908,13149.58,1963.221,5498.39,13115.62,1969.389,5422.178,13166.68,1979.789,5510.022,13213.72,1989.36,5357.984,13243.97,2042.597,5456.197
13158.86,1983.353,5355.771,13124.99,1950.195,5480.61,13251.13,1980.544,5505.728,13121.34,1976.692,5399.389,13206.89,2022.614,5504.926,13109.83,2012.767,5406.542,13259.98,1973.057,5378.678,13276.11,1984.858,5379.741,13238.76,1977.858,5420.607,13150.82,2009.544,5370.703,13149.51,1963.221,5498.586,13115.42,1969.389,5422.209,13166.65,1979.789,5510.229,13213.73,1989.36,5357.776,13244.13,2042.597,5456.322
13158.9,1983.353,5355.565,13124.86,1950.195,5480.77,13251.3,1980.544,5505.849,13121.17,1976.692,5399.27,13206.9,2022.614,5505.134,13109.62,2012.767,5406.554,13260.16,1973.057,5378.575,13276.31,1984.858,5379.698,13238.9,1977.858,5420.767,13150.79,2009.544,5370.498,13149.44,1963.221,5498.782,13115.21,1969.389,5422.243,13166.63,1979.789,5510.436,13213.74,1989.36,5357.568,13244.3,2042.597,5456.445
13158.94,1983.353,5355.361,13124.72,1950.195,5480.929,13251.46,1980.544,5505.971,13121,1976.692,5399.149,13206.91,2022.614,5505.342,13109.42,2012.767,5406.566,13260.34,1973.057,5378.47,13276.52,1984.858,5379.657,13239.03,1977.858,5420.93,13150.76,2009.544,5370.292,13149.37,1963.221,5498.979,13115.01,1969.389,5422.279,13166.6,1979.789,5510.642,13213.74,1989.36,5357.36,13244.47,2042.597,5456.565
13158.98,1983.353,5355.157,13124.59,1950.195,5481.089,13251.63,1980.544,5506.093,13120.83,1976.692,5399.028,13206.92,2022.614,5505.55,13109.21,2012.767,5406.58,13260.52,1973.057,5378.364,13276.72,1984.858,5379.618,13239.15,1977.858,5421.097,13150.73,2009.544,5370.085,13149.31,1963.221,5499.176,13114.8,1969.389,5422.318,13166.56,1979.789,5510.847,13213.74,1989.36,5357.152,13244.64,2042.597,5456.682
13159.03,1983.353,5354.954,13124.46,1950.195,5481.249,13251.8,1980.544,5506.215,13120.66,1976.692,5398.906,13206.92,2022.614,5505.758,13109,2012.767,5406.594,13260.7,1973.057,5378.256,13276.93,1984.858,5379.58,13239.27,1977.858,5421.266,13150.71,2009.544,5369.879,13149.24,1963.221,5499.374,13114.6,1969.389,5422.36,13166.53,1979.789,5511.052,13213.73,1989.36,5356.944,13244.82,2042.597,5456.797
13159.07,1983.353,5354.751,13124.32,1950.195,5481.41,13251.97,1980.544,5506.338,13120.49,1976.692,5398.783,13206.93,2022.614,5505.966,13108.79,2012.767,5406.609,13260.88,1973.057,5378.147,13277.13,1984.858,5379.542,13239.39,1977.858,5421.439,13150.68,2009.544,5369.672,13149.17,1963.221,5499.571,13114.39,1969.389,5422.403,13166.49,1979.789,5511.257,13213.72,1989.36,5356.736,13244.99,2042.597,5456.909
13159.13,1983.353,5354.549,13124.19,1950.195,5481.571,13252.14,1980.544,5506.462,13120.32,1976.692,5398.658,13206.94,2022.614,5506.174,13108.58,2012.767,5406.625,13261.05,1973.057,5378.038,13277.34,1984.858,5379.506,13239.5,1977.858,5421.615,13150.66,2009.544,5369.465,13149.11,1963.221,5499.769,13114.19,1969.389,5422.449,13166.45,1979.789,5511.461,13213.71,1989.36,5356.528,13245.17,2042.597,5457.018
13159.18,1983.353,5354.348,13124.06,1950.195,5481.732,13252.31,1980.544,5506.585,13120.16,1976.692,5398.533,13206.95,2022.614,5506.382,13108.38,2012.767,5406.641,13261.23,1973.057,5377.926,13277.54,1984.858,5379.471,13239.61,1977.858,5421.793,13150.64,2009.544,5369.257,13149.04,1963.221,5499.967,13113.99,1969.389,5422.497,13166.41,1979.789,5511.666,13213.69,1989.36,5356.32,13245.35,2042.597,5457.125
13159.23,1983.353,5354.147,13123.93,1950.195,5481.894,13252.47,1980.544,5506.709,13119.99,1976.692,5398.406,13206.96,2022.614,5506.59,13108.17,2012.767,5406.657,13261.4,1973.057,5377.814,13277.75,1984.858,5379.437,13239.71,1977.858,5421.974,13150.62,2009.544,5369.05,13148.98,1963.221,5500.166,13113.79,1969.389,5422.547,13166.37,1979.789,5511.869,13213.67,1989.36,5356.113,13245.53,2042.597,5457.228
13159.29,1983.353,5353.947,13123.8,1950.195,5482.056,13252.64,1980.544,5506.833,13119.83,1976.692,5398.279,13206.97,2022.614,5506.798,13107.96,2012.767,5406.675,13261.58,1973.057,5377.7,13277.95,1984.858,5379.404,13239.81,1977.858,5422.158,13150.61,2009.544,5368.842,13148.92,1963.221,5500.364,13113.58,1969.389,5422.6,13166.32,1979.789,5512.072,13213.65,1989.36,5355.905,13245.71,2042.597,5457.329
13159.35,1983.353,5353.748,13123.67,1950.195,5482.218,13252.81,1980.544,5506.958,13119.66,1976.692,5398.15,13206.97,2022.614,5507.006,13107.75,2012.767,5406.693,13261.75,1973.057,5377.585,13278.16,1984.858,5379.372,13239.9,1977.858,5422.344,13150.59,2009.544,5368.634,13148.86,1963.221,5500.563,13113.38,1969.389,5422.654,13166.27,1979.789,5512.275,13213.63,1989.36,5355.698,13245.9,2042.597,5457.427
13159.41,1983.353,5353.549,13123.54,1950.195,5482.38,13252.97,1980.544,5507.083,13119.5,1976.692,5398.021,13206.98,2022.614,5507.214,13107.55,2012.767,5406.711,13261.92,1973.057,5377.469,13278.36,1984.858,5379.34,13239.99,1977.858,5422.532,13150.58,2009.544,5368.426,13148.79,1963.221,5500.761,13113.18,1969.389,5422.71,13166.23,1979.789,5512.478,13213.61,1989.36,5355.491,13246.08,2042.597,5457.522
13159.48,1983.353,5353.351,13123.41,1950.195,5482.543,13253.14,1980.544,5507.208,13119.34,1976.692,5397.891,13206.99,2022.614,5507.422,13107.34,2012.767,5406.731,13262.1,1973.057,5377.352,13278.57,1984.858,5379.309,13240.08,1977.858,5422.723,13150.57,2009.544,5368.218,13148.73,1963.221,5500.96,13112.98,1969.389,5422.768,13166.18,1979.789,5512.681,13213.59,1989.36,5355.284,13246.27,2042.597,5457.614
13159.54,1983.353,5353.153,13123.28,1950.195,5482.707,13253.31,1980.544,5507.333,13119.18,1976.692,5397.76,13207,2022.614,5507.63,13107.13,2012.767,5406.751,13262.27,1973.057,5377.233,13278.78,1984.858,5379.278,13240.16,1977.858,5422.916,13150.56,2009.544,5368.01,13148.67,1963.221,5501.16,13112.78,1969.389,5422.828,13166.13,1979.789,5512.883,13213.57,1989.36,5355.077,13246.46,2042.597,5457.704
13159.61,1983.353,5352.956,13123.15,1950.195,5482.87,13253.47,1980.544,5507.458,13119.02,1976.692,5397.628,13207.01,2022.614,5507.838,13106.92,2012.767,5406.771,13262.44,1973.057,5377.114,13278.98,1984.858,5379.249,13240.23,1977.858,5423.11,13150.56,2009.544,5367.802,13148.61,1963.221,5501.359,13112.58,1969.389,5422.89,13166.08,1979.789,5513.085,13213.54,1989.36,5354.87,13246.65,2042.597,5457.79
13159.68,1983.353,5352.759,13123.02,1950.195,5483.034,13253.64,1980.544,5507.583,13118.86,1976.692,5397.496,13207.02,2022.614,5508.046,13106.72,2012.767,5406.792,13262.61,1973.057,5376.993,13279.19,1984.858,5379.219,13240.3,1977.858,5423.307,13150.55,2009.544,5367.594,13148.55,1963.221,5501.559,13112.39,1969.389,5422.953,13166.03,1979.789,5513.287,13213.52,1989.36,5354.663,13246.84,2042.597,5457.874
13159.75,1983.353,5352.563,13122.89,1950.195,5483.198,13253.8,1980.544,5507.709,13118.7,1976.692,5397.362,13207.03,2022.614,5508.254,13106.51,2012.767,5406.814,13262.78,1973.057,5376.871,13279.39,1984.858,5379.19,13240.36,1977.858,5423.505,13150.55,2009.544,5367.386,13148.5,1963.221,5501.758,13112.19,1969.389,5423.018,13165.97,1979.789,5513.488,13213.49,1989.36,5354.457,13247.03,2042.597,5457.954
13159.82,1983.353,5352.367,13122.76,1950.195,5483.361,13253.97,1980.544,5507.834,13118.54,1976.692,5397.228,13207.04,2022.614,5508.462,13106.3,2012.767,5406.839,13262.94,1973.057,5376.747,13279.6,1984.858,5379.163,13240.42,1977.858,5423.705,13150.55,2009.544,5367.178,13148.44,1963.221,5501.958,13111.99,1969.389,5423.084,13165.92,1979.789,5513.69,13213.47,1989.36,5354.25,13247.22,2042.597,5458.031
13159.89,1983.353,5352.171,13122.63,1950.195,5483.523,13254.14,1980.544,5507.96,13118.38,1976.692,5397.093,13207.04,2022.614,5508.67,13106.1,2012.767,5406.866,13263.11,1973.057,5376.623,13279.81,1984.858,5379.135,13240.48,1977.858,5423.906,13150.55,2009.544,5366.97,13148.38,1963.221,5502.158,13111.79,1969.389,5423.152,13165.87,1979.789,5513.891,13213.44,1989.36,5354.043,13247.42,2042.597,5458.105
13159.96,1983.353,5351.976,13122.5,1950.195,5483.683,13254.3,1980.544,5508.086,13118.22,1976.692,5396.957,13207.05,2022.614,5508.878,13105.89,2012.767,5406.896,13263.28,1973.057,5376.497,13280.01,1984.858,5379.108,13240.53,1977.858,5424.108,13150.56,2009.544,5366.762,13148.32,1963.221,5502.358,13111.6,1969.389,5423.222,13165.81,1979.789,5514.092,13213.42,1989.36,5353.837,13247.61,2042.597,5458.176
13160.04,1983.353,5351.781,13122.37,1950.195,5483.842,13254.47,1980.544,5508.212,13118.06,1976.692,5396.82,13207.06,2022.614,5509.086,13105.69,2012.767,5406.929,13263.44,1973.057,5376.37,13280.22,1984.858,5379.082,13240.57,1977.858,5424.312,13150.56,2009.544,5366.554,13148.26,1963.221,5502.559,13111.4,1969.389,5423.292,13165.76,1979.789,5514.293,13213.39,1989.36,5353.63,13247.81,2042.597,5458.244
13160.11,1983.353,5351.587,13122.23,1950.195,5484,13254.63,1980.544,5508.338,13117.91,1976.692,5396.683,13207.07,2022.614,5509.294,13105.48,2012.767,5406.964,13263.61,1973.057,5376.242,13280.42,1984.858,5379.056,13240.61,1977.858,5424.516,13150.57,2009.544,5366.346,13148.21,1963.221,5502.759,13111.21,1969.389,5423.365,13165.7,1979.789,5514.494,13213.37,1989.36,5353.424,13248.01,2042.597,5458.309
13160.19,1983.353,5351.393,13122.09,1950.195,5484.157,13254.8,1980.544,5508.464,13117.75,1976.692,5396.545,13207.08,2022.614,5509.502,13105.28,2012.767,5407.001,13263.77,1973.057,5376.113,13280.63,1984.858,5379.031,13240.65,1977.858,5424.722,13150.58,2009.544,5366.138,13148.15,1963.221,5502.96,13111.01,1969.389,5423.438,13165.65,1979.789,5514.695,13213.34,1989.36,5353.217,13248.21,2042.597,5458.371
13160.26,1983.353,5351.199,13121.96,1950.195,5484.313,13254.97,1980.544,5508.59,13117.59,1976.692,5396.406,13207.09,2022.614,5509.71,13105.07,2012.767,5407.042,13263.93,1973.057,5375.983,13280.84,1984.858,5379.006,13240.67,1977.858,5424.928,13150.58,2009.544,5365.93,13148.1,1963.221,5503.161,13110.82,1969.389,5423.513,13165.59,1979.789,5514.896,13213.31,1989.36,5353.011,13248.41,2042.597,5458.43
13160.34,1983.353,5351.006,13121.82,1950.195,5484.468,13255.13,1980.544,5508.716,13117.44,1976.692,5396.267,13207.1,2022.614,5509.918,13104.87,2012.767,5407.084,13264.09,1973.057,5375.852,13281.05,1984.858,5378.981,13240.7,1977.858,5425.135,13150.6,2009.544,5365.722,13148.04,1963.221,5503.361,13110.62,1969.389,5423.588,13165.54,1979.789,5515.096,13213.29,1989.36,5352.804,13248.61,2042.597,5458.485
13160.42,1983.353,5350.813,13121.67,1950.195,5484.621,13255.3,1980.544,5508.842,13117.29,1976.692,5396.126,13207.11,2022.614,5510.126,13104.66,2012.767,5407.129,13264.25,1973.057,5375.719,13281.25,1984.858,5378.958,13240.72,1977.858,5425.342,13150.61,2009.544,5365.514,13147.99,1963.221,5503.563,13110.43,1969.389,5423.666,13165.48,1979.789,5515.297,13213.26,1989.36,5352.598,13248.81,2042.597,5458.538
13160.5,1983.353,5350.62,13121.53,1950.195,5484.773,13255.46,1980.544,5508.968,13117.13,1976.692,5395.985,13207.12,2022.614,5510.334,13104.46,2012.767,5407.176,13264.41,1973.057,5375.586,13281.46,1984.858,5378.934,13240.73,1977.858,5425.55,13150.62,2009.544,5365.307,13147.93,1963.221,5503.764,13110.24,1969.389,5423.744,13165.43,1979.789,5515.498,13213.24,1989.36,5352.391,13249.01,2042.597,5458.587
13160.58,1983.353,5350.428,13121.39,1950.195,5484.925,13255.63,1980.544,5509.094,13116.98,1976.692,5395.844,13207.13,2022.614,5510.542,13104.26,2012.767,5407.226,13264.57,1973.057,5375.451,13281.67,1984.858,5378.911,13240.74,1977.858,5425.758,13150.64,2009.544,5365.099,13147.88,1963.221,5503.965,13110.04,1969.389,5423.823,13165.37,1979.789,5515.698,13213.21,1989.36,5352.185,13249.21,2042.597,5458.634
13160.66,1983.353,5350.235,13121.25,1950.195,5485.075,13255.8,1980.544,5509.22,13116.83,1976.692,5395.702,13207.14,2022.614,5510.75,13104.06,2012.767,5407.278,13264.73,1973.057,5375.315,13281.87,1984.858,5378.889,13240.75,1977.858,5425.966,13150.66,2009.544,5364.892,13147.83,1963.221,5504.166,13109.85,1969.389,5423.903,13165.31,1979.789,5515.898,13213.19,1989.36,5351.978,13249.42,2042.597,5458.677
13160.74,1983.353,5350.043,13121.1,1950.195,5485.225,13255.96,1980.544,5509.346,13116.68,1976.692,5395.559,13207.15,2022.614,5510.958,13103.86,2012.767,5407.332,13264.89,1973.057,5375.179,13282.08,1984.858,5378.867,13240.75,1977.858,5426.174,13150.68,2009.544,5364.684,13147.77,1963.221,5504.368,13109.66,1969.389,5423.984,13165.26,1979.789,5516.098,13213.16,1989.36,5351.771,13249.62,2042.597,5458.717
13160.82,1983.353,5349.852,13120.95,1950.195,5485.373,13256.13,1980.544,5509.472,13116.53,1976.692,5395.415,13207.16,2022.614,5511.166,13103.66,2012.767,5407.388,13265.04,1973.057,5375.041,13282.29,1984.858,5378.845,13240.75,1977.858,5426.382,13150.7,2009.544,5364.477,13147.72,1963.221,5504.569,13109.47,1969.389,5424.066,13165.2,1979.789,5516.298,13213.14,1989.36,5351.565,13249.83,2042.597,5458.754
13160.9,1983.353,5349.661,13120.81,1950.195,5485.521,13256.29,1980.544,5509.598,13116.38,1976.692,5395.271,13207.17,2022.614,5511.374,13103.46,2012.767,5407.446,13265.2,1973.057,5374.902,13282.5,1984.858,5378.824,13240.74,1977.858,5426.59,13150.72,2009.544,5364.27,13147.67,1963.221,5504.771,13109.28,1969.389,5424.149,13165.14,1979.789,5516.499,13213.11,1989.36,5351.358,13250.03,2042.597,5458.788
13160.98,1983.353,5349.47,13120.66,1950.195,5485.667,13256.46,1980.544,5509.724,13116.23,1976.692,5395.126,13207.18,2022.614,5511.582,13103.26,2012.767,5407.506,13265.35,1973.057,5374.763,13282.7,1984.858,5378.804,13240.72,1977.858,5426.798,13150.74,2009.544,5364.063,13147.62,1963.221,5504.973,13109.09,1969.389,5424.233,13165.08,1979.789,5516.699,13213.08,1989.36,5351.152,13250.24,2042.597,5458.818
13161.07,1983.353,5349.279,13120.51,1950.195,5485.813,13256.63,1980.544,5509.85,13116.08,1976.692,5394.98,13207.19,2022.614,5511.79,13103.06,2012.767,5407.568,13265.51,1973.057,5374.622,13282.91,1984.858,5378.784,13240.71,1977.858,5427.006,13150.77,2009.544,5363.856,13147.57,1963.221,5505.174,13108.9,1969.389,5424.318,13165.03,1979.789,5516.899,13213.06,1989.36,5350.945,13250.44,2042.597,5458.846
13161.15,1983.353,5349.088,13120.36,1950.195,5485.957,13256.79,1980.544,5509.975,13115.93,1976.692,5394.834,13207.2,2022.614,5511.998,13102.86,2012.767,5407.632,13265.66,1973.057,5374.48,13283.12,1984.858,5378.764,13240.68,1977.858,5427.213,13150.79,2009.544,5363.65,13147.52,1963.221,5505.376,13108.71,1969.389,5424.403,13164.97,1979.789,5517.099,13213.04,1989.36,5350.738,13250.65,2042.597,5458.87
13161.23,1983.353,5348.897,13120.21,1950.195,5486.101,13256.96,1980.544,5510.101,13115.78,1976.692,5394.688,13207.21,2022.614,5512.206,13102.66,2012.767,5407.698,13265.81,1973.057,5374.338,13283.32,1984.858,5378.745,13240.66,1977.858,5427.419,13150.82,2009.544,5363.443,13147.47,1963.221,5505.579,13108.52,1969.389,5424.49,13164.91,1979.789,5517.299,13213.01,1989.36,5350.532,13250.86,2042.597,5458.891
13161.32,1983.353,5348.707,13120.06,1950.195,5486.244,13257.13,1980.544,5510.226,13115.63,1976.692,5394.541,13207.22,2022.614,5512.414,13102.46,2012.767,5407.766,13265.96,1973.057,5374.194,13283.53,1984.858,5378.727,13240.62,1977.858,5427.625,13150.85,2009.544,5363.237,13147.42,1963.221,5505.781,13108.33,1969.389,5424.577,13164.85,1979.789,5517.5,13212.99,1989.36,5350.325,13251.06,2042.597,5458.909
13161.4,1983.353,5348.517,13119.91,1950.195,5486.386,13257.29,1980.544,5510.352,13115.49,1976.692,5394.394,13207.23,2022.614,5512.622,13102.27,2012.767,5407.836,13266.11,1973.057,5374.05,13283.74,1984.858,5378.708,13240.59,1977.858,5427.831,13150.88,2009.544,5363.031,13147.37,1963.221,5505.983,13108.14,1969.389,5424.665,13164.8,1979.789,5517.7,13212.96,1989.36,5350.118,13251.27,2042.597,5458.924
13161.49,1983.353,5348.327,13119.75,1950.195,5486.527,13257.46,1980.544,5510.477,13115.34,1976.692,5394.245,13207.24,2022.614,5512.83,13102.07,2012.767,5407.907,13266.26,1973.057,5373.904,13283.94,1984.858,5378.691,13240.55,1977.858,5428.035,13150.91,2009.544,5362.825,13147.32,1963.221,5506.185,13107.95,1969.389,5424.753,13164.74,1979.789,5517.9,13212.94,1989.36,5349.911,13251.48,2042.597,5458.936
13161.58,1983.353,5348.138,13119.6,1950.195,5486.667,13257.62,1980.544,5510.602,13115.2,1976.692,5394.096,13207.25,2022.614,5513.038,13101.88,2012.767,5407.98,13266.41,1973.057,5373.758,13284.15,1984.858,5378.675,13240.5,1977.858,5428.239,13150.94,2009.544,5362.62,13147.27,1963.221,5506.388,13107.76,1969.389,5424.842,13164.68,1979.789,5518.1,13212.92,1989.36,5349.704,13251.69,2042.597,5458.944
13161.66,1983.353,5347.948,13119.44,1950.195,5486.807,13257.79,1980.544,5510.727,13115.05,1976.692,5393.947,13207.26,2022.614,5513.246,13101.68,2012.767,5408.055,13266.56,1973.057,5373.61,13284.36,1984.858,5378.659,13240.46,1977.858,5428.441,13150.97,2009.544,5362.414,13147.22,1963.221,5506.59,13107.57,1969.389,5424.932,13164.62,1979.789,5518.299,13212.89,1989.36,5349.497,13251.9,2042.597,5458.95
13161.75,1983.353,5347.759,13119.29,1950.195,5486.946,13257.96,1980.544,5510.852,13114.91,1976.692,5393.797,13207.27,2022.614,5513.454,13101.49,2012.767,5408.131,13266.7,1973.057,5373.462,13284.57,1984.858,5378.643,13240.41,1977.858,5428.643,13151.01,2009.544,5362.208,13147.17,1963.221,5506.793,13107.39,1969.389,5425.022,13164.56,1979.789,5518.499,13212.87,1989.36,5349.29,13252.1,2042.597,5458.952
13161.83,1983.353,5347.57,13119.13,1950.195,5487.084,13258.12,1980.544,5510.977,13114.76,1976.692,5393.646,13207.28,2022.614,5513.662,13101.3,2012.767,5408.209,13266.85,1973.057,5373.313,13284.78,1984.858,5378.628,13240.35,1977.858,5428.844,13151.04,2009.544,5362.003,13147.13,1963.221,5506.996,13107.2,1969.389,5425.113,13164.5,1979.789,5518.699,13212.84,1989.36,5349.083,13252.31,2042.597,5458.952
13161.92,1983.353,5347.381,13118.98,1950.195,5487.221,13258.29,1980.544,5511.102,13114.62,1976.692,5393.496,13207.29,2022.614,5513.87,13101.1,2012.767,5408.289,13266.99,1973.057,5373.163,13284.98,1984.858,5378.613,13240.29,1977.858,5429.043,13151.08,2009.544,5361.798,13147.08,1963.221,5507.198,13107.01,1969.389,5425.204,13164.45,1979.789,5518.898,13212.82,1989.36,5348.875,13252.52,2042.597,5458.948
13162.01,1983.353,5347.192,13118.82,1950.195,5487.358,13258.46,1980.544,5511.226,13114.48,1976.692,5393.344,13207.3,2022.614,5514.078,13100.91,2012.767,5408.37,13267.14,1973.057,5373.012,13285.19,1984.858,5378.599,13240.23,1977.858,5429.242,13151.12,2009.544,5361.594,13147.03,1963.221,5507.401,13106.83,1969.389,5425.296,13164.39,1979.789,5519.098,13212.8,1989.36,5348.668,13252.73,2042.597,5458.941
13162.1,1983.353,5347.003,13118.66,1950.195,5487.494,13258.62,1980.544,5511.351,13114.33,1976.692,5393.192,13207.31,2022.614,5514.286,13100.72,2012.767,5408.453,13267.28,1973.057,5372.86,13285.4,1984.858,5378.586,13240.16,1977.858,5429.439,13151.16,2009.544,5361.389,13146.99,1963.221,5507.604,13106.64,1969.389,5425.388,13164.33,1979.789,5519.298,13212.78,1989.36,5348.461,13252.94,2042.597,5458.932
13162.19,1983.353,5346.815,13118.5,1950.195,5487.629,13258.79,1980.544,5511.475,13114.19,1976.692,5393.04,13207.32,2022.614,5514.494,13100.53,2012.767,5408.537,13267.42,1973.057,5372.708,13285.61,1984.858,5378.573,13240.09,1977.858,5429.635,13151.2,2009.544,5361.185,13146.94,1963.221,5507.807,13106.45,1969.389,5425.481,13164.27,1979.789,5519.498,13212.75,1989.36,5348.254,13253.14,2042.597,5458.919
13162.28,1983.353,5346.626,13118.34,1950.195,5487.764,13258.96,1980.544,5511.599,13114.05,1976.692,5392.887,13207.33,2022.614,5514.702,13100.34,2012.767,5408.622,13267.56,1973.057,5372.554,13285.82,1984.858,5378.561,13240.01,1977.858,5429.83,13151.24,2009.544,5360.981,13146.89,1963.221,5508.01,13106.27,1969.389,5425.574,13164.21,1979.789,5519.697,13212.73,1989.36,5348.047,13253.35,2042.597,5458.903
13162.37,1983.353,5346.438,13118.19,1950.195,5487.898,13259.13,1980.544,5511.723,13113.91,1976.692,5392.734,13207.34,2022.614,5514.91,13100.15,2012.767,5408.709,13267.7,1973.057,5372.4,13286.02,1984.858,5378.549,13239.94,1977.858,5430.023,13151.28,2009.544,5360.777,13146.85,1963.221,5508.213,13106.08,1969.389,5425.668,13164.15,1979.789,5519.897,13212.71,1989.36,5347.84,13253.56,2042.597,5458.885
13162.46,1983.353,5346.25,13118.03,1950.195,5488.032,13259.29,1980.544,5511.847,13113.77,1976.692,5392.58,13207.35,2022.614,5515.118,13099.96,2012.767,5408.797,13267.84,1973.057,5372.245,13286.23,1984.858,5378.538,13239.86,1977.858,5430.215,13151.32,2009.544,5360.573,13146.8,1963.221,5508.417,13105.89,1969.389,5425.762,13164.09,1979.789,5520.097,13212.69,1989.36,5347.633,13253.77,2042.597,5458.863
13162.55,1983.353,5346.063,13117.87,1950.195,5488.165,13259.46,1980.544,5511.971,13113.63,1976.692,5392.426,13207.36,2022.614,5515.326,13099.77,2012.767,5408.886,13267.98,1973.057,5372.089,13286.44,1984.858,5378.528,13239.77,1977.858,5430.405,13151.37,2009.544,5360.37,13146.76,1963.221,5508.62,13105.71,1969.389,5425.857,13164.04,1979.789,5520.296,13212.67,1989.36,5347.426,13253.97,2042.597,5458.839
13162.64,1983.353,5345.875,13117.7,1950.195,5488.297,13259.63,1980.544,5512.094,13113.49,1976.692,5392.271,13207.37,2022.614,5515.534,13099.59,2012.767,5408.977,13268.12,1973.057,5371.933,13286.65,1984.858,5378.518,13239.69,1977.858,5430.594,13151.41,2009.544,5360.167,13146.71,1963.221,5508.823,13105.52,1969.389,5425.952,13163.98,1979.789,5520.496,13212.65,1989.36,5347.219,13254.18,2042.597,5458.812
13162.73,1983.353,5345.688,13117.54,1950.195,5488.429,13259.8,1980.544,5512.218,13113.35,1976.692,5392.116,13207.38,2022.614,5515.742,13099.4,2012.767,5409.069,13268.25,1973.057,5371.776,13286.86,1984.858,5378.509,13239.6,1977.858,5430.782,13151.46,2009.544,5359.963,13146.67,1963.221,5509.027,13105.34,1969.389,5426.047,13163.92,1979.789,5520.696,13212.63,1989.36,5347.012,13254.39,2042.597,5458.781
13162.82,1983.353,5345.5,13117.38,1950.195,5488.56,13259.96,1980.544,5512.341,13113.21,1976.692,5391.96,13207.39,2022.614,5515.95,13099.21,2012.767,5409.162,13268.39,1973.057,5371.618,13287.06,1984.858,5378.5,13239.5,1977.858,5430.968,13151.51,2009.544,5359.76,13146.63,1963.221,5509.23,13105.15,1969.389,5426.143,13163.86,1979.789,5520.896,13212.61,1989.36,5346.805,13254.59,2042.597,5458.748
13162.91,1983.353,5345.313,13117.22,1950.195,5488.688,13260.13,1980.544,5512.464,13113.07,1976.692,5391.806,13207.4,2022.614,5516.158,13099.03,2012.767,5409.256,13268.52,1973.057,5371.459,13287.27,1984.858,5378.492,13239.41,1977.858,5431.153,13151.55,2009.544,5359.558,13146.58,1963.221,5509.434,13104.97,1969.389,5426.237,13163.8,1979.789,5521.095,13212.58,1989.36,5346.598,13254.8,2042.597,5458.712
13163,1983.353,5345.125,13117.05,1950.195,5488.813,13260.3,1980.544,5512.587,13112.93,1976.692,5391.654,13207.41,2022.614,5516.366,13098.84,2012.767,5409.352,13268.66,1973.057,5371.3,13287.48,1984.858,5378.485,13239.31,1977.858,5431.337,13151.6,2009.544,5359.355,13146.54,1963.221,5509.638,13104.78,1969.389,5426.329,13163.74,1979.789,5521.295,13212.56,1989.36,5346.391,13255,2042.597,5458.674
13163.09,1983.353,5344.937,13116.88,1950.195,5488.934,13260.47,1980.544,5512.709,13112.79,1976.692,5391.503,13207.42,2022.614,5516.574,13098.66,2012.767,5409.449,13268.79,1973.057,5371.14,13287.69,1984.858,5378.478,13239.21,1977.858,5431.519,13151.65,2009.544,5359.153,13146.5,1963.221,5509.841,13104.59,1969.389,5426.419,13163.68,1979.789,5521.495,13212.54,1989.36,5346.184,13255.21,2042.597,5458.632
13163.18,1983.353,5344.748,13116.71,1950.195,5489.051,13260.64,1980.544,5512.832,13112.64,1976.692,5391.354,13207.43,2022.614,5516.782,13098.48,2012.767,5409.546,13268.92,1973.057,5370.979,13287.9,1984.858,5378.472,13239.1,1977.858,5431.7,13151.7,2009.544,5358.951,13146.45,1963.221,5510.045,13104.41,1969.389,5426.508,13163.63,1979.789,5521.694,13212.52,1989.36,5345.977,13255.41,2042.597,5458.588
13163.27,1983.353,5344.56,13116.53,1950.195,5489.166,13260.8,1980.544,5512.955,13112.49,1976.692,5391.207,13207.44,2022.614,5516.99,13098.29,2012.767,5409.645,13269.05,1973.057,5370.818,13288.1,1984.858,5378.466,13239,1977.858,5431.879,13151.75,2009.544,5358.749,13146.41,1963.221,5510.249,13104.22,1969.389,5426.595,13163.57,1979.789,5521.894,13212.5,1989.36,5345.769,13255.61,2042.597,5458.542
13163.35,1983.353,5344.371,13116.36,1950.195,5489.276,13260.97,1980.544,5513.077,13112.34,1976.692,5391.062,13207.44,2022.614,5517.198,13098.11,2012.767,5409.745,13269.19,1973.057,5370.657,13288.31,1984.858,5378.461,13238.89,1977.858,5432.057,13151.81,2009.544,5358.547,13146.37,1963.221,5510.453,13104.03,1969.389,5426.681,13163.51,1979.789,5522.094,13212.48,1989.36,5345.562,13255.81,2042.597,5458.492
13163.44,1983.353,5344.182,13116.18,1950.195,5489.384,13261.14,1980.544,5513.199,13112.19,1976.692,5390.917,13207.45,2022.614,5517.406,13097.93,2012.767,5409.846,13269.32,1973.057,5370.494,13288.52,1984.858,5378.457,13238.78,1977.858,5432.233,13151.86,2009.544,5358.346,13146.33,1963.221,5510.657,13103.84,1969.389,5426.765,13163.45,1979.789,5522.293,13212.46,1989.36,5345.354,13256.02,2042.597,5458.44
13163.53,1983.353,5343.993,13116,1950.195,5489.488,13261.31,1980.544,5513.32,13112.04,1976.692,5390.775,13207.46,2022.614,5517.614,13097.75,2012.767,5409.948,13269.45,1973.057,5370.331,13288.73,1984.858,5378.454,13238.66,1977.858,5432.408,13151.91,2009.544,5358.145,13146.29,1963.221,5510.861,13103.64,1969.389,5426.847,13163.39,1979.789,5522.493,13212.44,1989.36,5345.146,13256.22,2042.597,5458.385
13163.62,1983.353,5343.804,13115.82,1950.195,5489.588,13261.48,1980.544,5513.442,13111.89,1976.692,5390.634,13207.47,2022.614,5517.822,13097.56,2012.767,5410.051,13269.57,1973.057,5370.167,13288.94,1984.858,5378.451,13238.55,1977.858,5432.581,13151.97,2009.544,5357.943,13146.25,1963.221,5511.065,13103.45,1969.389,5426.928,13163.33,1979.789,5522.693,13212.42,1989.36,5344.939,13256.42,2042.597,5458.328
13163.7,1983.353,5343.615,13115.63,1950.195,5489.686,13261.65,1980.544,5513.563,13111.73,1976.692,5390.495,13207.48,2022.614,5518.03,13097.38,2012.767,5410.155,13269.7,1973.057,5370.003,13289.14,1984.858,5378.448,13238.43,1977.858,5432.753,13152.02,2009.544,5357.743,13146.2,1963.221,5511.27,13103.26,1969.389,5427.008,13163.27,1979.789,5522.893,13212.41,1989.36,5344.731,13256.62,2042.597,5458.269
13163.79,1983.353,5343.425,13115.45,1950.195,5489.779,13261.82,1980.544,5513.685,13111.58,1976.692,5390.357,13207.49,2022.614,5518.238,13097.2,2012.767,5410.26,13269.83,1973.057,5369.839,13289.35,1984.858,5378.446,13238.31,1977.858,5432.923,13152.08,2009.544,5357.542,13146.16,1963.221,5511.474,13103.07,1969.389,5427.086,13163.21,1979.789,5523.092,13212.39,1989.36,5344.524,13256.82,2042.597,5458.207
13163.88,1983.353,5343.236,13115.26,1950.195,5489.87,13261.99,1980.544,5513.806,13111.42,1976.692,5390.221,13207.5,2022.614,5518.446,13097.02,2012.767,5410.366,13269.96,1973.057,5369.674,13289.56,1984.858,5378.445,13238.19,1977.858,5433.092,13152.13,2009.544,5357.342,13146.12,1963.221,5511.678,13102.87,1969.389,5427.163,13163.15,1979.789,5523.292,13212.37,1989.36,5344.317,13257.01,2042.597,5458.142
13163.96,1983.353,5343.046,13115.07,1950.195,5489.957,13262.16,1980.544,5513.926,13111.26,1976.692,5390.086,13207.51,2022.614,5518.654,13096.85,2012.767,5410.473,13270.08,1973.057,5369.508,13289.77,1984.858,5378.445,13238.06,1977.858,5433.26,13152.19,2009.544,5357.142,13146.08,1963.221,5511.882,13102.68,1969.389,5427.238,13163.09,1979.789,5523.492,13212.35,1989.36,5344.109,13257.21,2042.597,5458.075
13164.05,1983.353,5342.857,13114.88,1950.195,5490.04,13262.33,1980.544,5514.047,13111.1,1976.692,5389.954,13207.51,2022.614,5518.862,13096.67,2012.767,5410.581,13270.21,1973.057,5369.342,13289.98,1984.858,5378.445,13237.94,1977.858,5433.426,13152.25,2009.544,5356.941,13146.04,1963.221,5512.086,13102.49,1969.389,5427.312,13163.03,1979.789,5523.691,13212.33,1989.36,5343.902,13257.41,2042.597,5458.006
13164.13,1983.353,5342.667,13114.69,1950.195,5490.121,13262.5,1980.544,5514.167,13110.94,1976.692,5389.822,13207.52,2022.614,5519.07,13096.49,2012.767,5410.689,13270.33,1973.057,5369.175,13290.18,1984.858,5378.446,13237.81,1977.858,5433.591,13152.31,2009.544,5356.742,13146,1963.221,5512.291,13102.29,1969.389,5427.385,13162.97,1979.789,5523.891,13212.31,1989.36,5343.695,13257.6,2042.597,5457.934
13164.22,1983.353,5342.477,13114.49,1950.195,5490.198,13262.67,1980.544,5514.29,13110.78,1976.692,5389.692,13207.53,2022.614,5519.278,13096.31,2012.767,5410.798,13270.46,1973.057,5369.008,13290.39,1984.858,5378.447,13237.68,1977.858,5433.754,13152.37,2009.544,5356.542,13145.96,1963.221,5512.496,13102.09,1969.389,5427.457,13162.92,1979.789,5524.092,13212.29,1989.36,5343.487,13257.8,2042.597,5457.86
13164.3,1983.353,5342.285,13114.3,1950.195,5490.272,13262.83,1980.544,5514.415,13110.61,1976.692,5389.564,13207.54,2022.614,5519.486,13096.13,2012.767,5410.907,13270.58,1973.057,5368.84,13290.6,1984.858,5378.449,13237.55,1977.858,5433.917,13152.43,2009.544,5356.343,13145.93,1963.221,5512.7,13101.9,1969.389,5427.527,13162.87,1979.789,5524.295,13212.27,1989.36,5343.28,13257.99,2042.597,5457.784
13164.38,1983.353,5342.092,13114.1,1950.195,5490.343,13263,1980.544,5514.542,13110.45,1976.692,5389.437,13207.55,2022.614,5519.694,13095.96,2012.767,5411.016,13270.7,1973.057,5368.672,13290.81,1984.858,5378.452,13237.42,1977.858,5434.078,13152.49,2009.544,5356.144,13145.89,1963.221,5512.905,13101.7,1969.389,5427.596,13162.83,1979.789,5524.499,13212.25,1989.36,5343.072,13258.18,2042.597,5457.705
13164.46,1983.353,5341.899,13113.91,1950.195,5490.411,13263.16,1980.544,5514.671,13110.28,1976.692,5389.311,13207.56,2022.614,5519.902,13095.78,2012.767,5411.125,13270.82,1973.057,5368.504,13291.02,1984.858,5378.456,13237.29,1977.858,5434.237,13152.55,2009.544,5355.944,13145.85,1963.221,5513.109,13101.51,1969.389,5427.665,13162.79,1979.789,5524.704,13212.23,1989.36,5342.865,13258.38,2042.597,5457.625
13164.53,1983.353,5341.705,13113.71,1950.195,5490.476,13263.32,1980.544,5514.802,13110.11,1976.692,5389.186,13207.57,2022.614,5520.11,13095.6,2012.767,5411.235,13270.95,1973.057,5368.335,13291.22,1984.858,5378.459,13237.15,1977.858,5434.396,13152.61,2009.544,5355.746,13145.81,1963.221,5513.314,13101.31,1969.389,5427.731,13162.76,1979.789,5524.91,13212.22,1989.36,5342.658,13258.57,2042.597,5457.542
13164.6,1983.353,5341.51,13113.51,1950.195,5490.538,13263.48,1980.544,5514.935,13109.95,1976.692,5389.063,13207.58,2022.614,5520.318,13095.43,2012.767,5411.346,13271.07,1973.057,5368.166,13291.43,1984.858,5378.464,13237.02,1977.858,5434.553,13152.67,2009.544,5355.547,13145.77,1963.221,5513.519,13101.11,1969.389,5427.797,13162.74,1979.789,5525.117,13212.2,1989.36,5342.45,13258.76,2042.597,5457.457
13164.68,1983.353,5341.314,13113.31,1950.195,5490.597,13263.64,1980.544,5515.069,13109.78,1976.692,5388.941,13207.58,2022.614,5520.526,13095.25,2012.767,5411.456,13271.19,1973.057,5367.996,13291.64,1984.858,5378.469,13236.88,1977.858,5434.709,13152.74,2009.544,5355.349,13145.74,1963.221,5513.723,13100.91,1969.389,5427.862,13162.72,1979.789,5525.325,13212.18,1989.36,5342.243,13258.95,2042.597,5457.37
13164.75,1983.353,5341.118,13113.11,1950.195,5490.653,13263.8,1980.544,5515.205,13109.61,1976.692,5388.82,13207.59,2022.614,5520.734,13095.07,2012.767,5411.567,13271.31,1973.057,5367.826,13291.85,1984.858,5378.475,13236.74,1977.858,5434.865,13152.8,2009.544,5355.15,13145.7,1963.221,5513.928,13100.71,1969.389,5427.926,13162.71,1979.789,5525.533,13212.17,1989.36,5342.035,13259.13,2042.597,5457.28
13164.81,1983.353,5340.921,13112.91,1950.195,5490.707,13263.96,1980.544,5515.343,13109.44,1976.692,5388.701,13207.6,2022.614,5520.942,13094.9,2012.767,5411.678,13271.43,1973.057,5367.655,13292.06,1984.858,5378.481,13236.6,1977.858,5435.019,13152.86,2009.544,5354.952,13145.66,1963.221,5514.133,13100.52,1969.389,5427.989,13162.71,1979.789,5525.741,13212.15,1989.36,5341.828,13259.32,2042.597,5457.189
13164.88,1983.353,5340.723,13112.71,1950.195,5490.757,13264.11,1980.544,5515.482,13109.26,1976.692,5388.583,13207.61,2022.614,5521.15,13094.72,2012.767,5411.79,13271.55,1973.057,5367.484,13292.26,1984.858,5378.489,13236.46,1977.858,5435.171,13152.93,2009.544,5354.754,13145.62,1963.221,5514.338,13100.32,1969.389,5428.051,13162.71,1979.789,5525.949,13212.13,1989.36,5341.62,13259.51,2042.597,5457.096
13164.94,1983.353,5340.525,13112.5,1950.195,5490.806,13264.26,1980.544,5515.623,13109.09,1976.692,5388.466,13207.62,2022.614,5521.358,13094.55,2012.767,5411.902,13271.66,1973.057,5367.313,13292.47,1984.858,5378.497,13236.31,1977.858,5435.323,13152.99,2009.544,5354.557,13145.59,1963.221,5514.543,13100.12,1969.389,5428.112,13162.71,1979.789,5526.157,13212.12,1989.36,5341.413,13259.69,2042.597,5457
13165,1983.353,5340.326,13112.3,1950.195,5490.851,13264.42,1980.544,5515.764,13108.92,1976.692,5388.351,13207.63,2022.614,5521.566,13094.37,2012.767,5412.014,13271.78,1973.057,5367.142,13292.68,1984.858,5378.505,13236.17,1977.858,5435.474,13153.06,2009.544,5354.359,13145.55,1963.221,5514.749,13099.92,1969.389,5428.173,13162.73,1979.789,5526.365,13212.1,1989.36,5341.205,13259.88,2042.597,5456.903
13165.07,1983.353,5340.127,13112.1,1950.195,5490.894,13264.57,1980.544,5515.907,13108.75,1976.692,5388.236,13207.64,2022.614,5521.774,13094.2,2012.767,5412.127,13271.9,1973.057,5366.97,13292.89,1984.858,5378.514,13236.03,1977.858,5435.624,13153.13,2009.544,5354.162,13145.52,1963.221,5514.954,13099.72,1969.389,5428.232,13162.75,1979.789,5526.573,13212.09,1989.36,5340.998,13260.06,2042.597,5456.805
13165.13,1983.353,5339.927,13111.89,1950.195,5490.935,13264.72,1980.544,5516.051,13108.57,1976.692,5388.123,13207.65,2022.614,5521.982,13094.02,2012.767,5412.24,13272.02,1973.057,5366.798,13293.1,1984.858,5378.523,13235.88,1977.858,5435.773,13153.19,2009.544,5353.965,13145.48,1963.221,5515.159,13099.52,1969.389,5428.291,13162.77,1979.789,5526.78,13212.07,1989.36,5340.79,13260.25,2042.597,5456.704
13165.18,1983.353,5339.728,13111.69,1950.195,5490.973,13264.87,1980.544,5516.196,13108.4,1976.692,5388.01,13207.66,2022.614,5522.19,13093.85,2012.767,5412.354,13272.13,1973.057,5366.625,13293.3,1984.858,5378.534,13235.73,1977.858,5435.921,13153.26,2009.544,5353.768,13145.44,1963.221,5515.364,13099.32,1969.389,5428.345,13162.8,1979.789,5526.986,13212.06,1989.36,5340.582,13260.43,2042.597,5456.602
13165.24,1983.353,5339.527,13111.48,1950.195,5491.008,13265.02,1980.544,5516.343,13108.22,1976.692,5387.899,13207.66,2022.614,5522.398,13093.67,2012.767,5412.467,13272.25,1973.057,5366.453,13293.51,1984.858,5378.544,13235.59,1977.858,5436.068,13153.33,2009.544,5353.57,13145.41,1963.221,5515.569,13099.12,1969.389,5428.395,13162.84,1979.789,5527.191,13212.05,1989.36,5340.374,13260.61,2042.597,5456.498
13165.3,1983.353,5339.327,13111.28,1950.195,5491.042,13265.16,1980.544,5516.49,13108.04,1976.692,5387.789,13207.67,2022.614,5522.606,13093.5,2012.767,5412.582,13272.37,1973.057,5366.28,13293.72,1984.858,5378.556,13235.44,1977.858,5436.214,13153.39,2009.544,5353.373,13145.37,1963.221,5515.774,13098.91,1969.389,5428.44,13162.88,1979.789,5527.395,13212.03,1989.36,5340.166,13260.79,2042.597,5456.392
13165.35,1983.353,5339.125,13111.07,1950.195,5491.073,13265.31,1980.544,5516.638,13107.87,1976.692,5387.679,13207.68,2022.614,5522.814,13093.32,2012.767,5412.696,13272.48,1973.057,5366.106,13293.93,1984.858,5378.568,13235.29,1977.858,5436.359,13153.46,2009.544,5353.175,13145.34,1963.221,5515.979,13098.71,1969.389,5428.481,13162.92,1979.789,5527.598,13212.02,1989.36,5339.958,13260.97,2042.597,5456.284
13165.41,1983.353,5338.924,13110.86,1950.195,5491.102,13265.46,1980.544,5516.787,13107.69,1976.692,5387.571,13207.69,2022.614,5523.022,13093.15,2012.767,5412.812,13272.6,1973.057,5365.933,13294.14,1984.858,5378.581,13235.14,1977.858,5436.503,13153.52,2009.544,5352.978,13145.3,1963.221,5516.184,13098.5,1969.389,5428.518,13162.97,1979.789,5527.8,13212.01,1989.36,5339.75,13261.14,2042.597,5456.175
13165.46,1983.353,5338.723,13110.66,1950.195,5491.128,13265.6,1980.544,5516.937,13107.51,1976.692,5387.463,13207.7,2022.614,5523.23,13092.98,2012.767,5412.927,13272.71,1973.057,5365.759,13294.34,1984.858,5378.594,13234.99,1977.858,5436.644,13153.59,2009.544,5352.78,13145.27,1963.221,5516.389,13098.3,1969.389,5428.55,13163.03,1979.789,5528,13212,1989.36,5339.542,13261.32,2042.597,5456.064
13165.51,1983.353,5338.521,13110.45,1950.195,5491.153,13265.74,1980.544,5517.087,13107.33,1976.692,5387.357,13207.71,2022.614,5523.438,13092.8,2012.767,5413.042,13272.83,1973.057,5365.585,13294.55,1984.858,5378.607,13234.83,1977.858,5436.78,13153.65,2009.544,5352.582,13145.23,1963.221,5516.594,13098.09,1969.389,5428.578,13163.09,1979.789,5528.2,13212,1989.36,5339.333,13261.5,2042.597,5455.952
13165.56,1983.353,5338.319,13110.24,1950.195,5491.176,13265.89,1980.544,5517.239,13107.15,1976.692,5387.251,13207.72,2022.614,5523.646,13092.63,2012.767,5413.159,13272.94,1973.057,5365.411,13294.76,1984.858,5378.622,13234.67,1977.858,5436.914,13153.72,2009.544,5352.384,13145.19,1963.221,5516.799,13097.89,1969.389,5428.608,13163.16,1979.789,5528.397,13212,1989.36,5339.125,13261.67,2042.597,5455.838
13165.61,1983.353,5338.117,13110.04,1950.195,5491.197,13266.03,1980.544,5517.391,13106.97,1976.692,5387.146,13207.73,2022.614,5523.854,13092.46,2012.767,5413.275,13273.05,1973.057,5365.237,13294.97,1984.858,5378.637,13234.5,1977.858,5437.043,13153.78,2009.544,5352.186,13145.15,1963.221,5517.003,13097.68,1969.389,5428.641,13163.23,1979.789,5528.594,13212.01,1989.36,5338.917,13261.84,2042.597,5455.723
13165.66,1983.353,5337.914,13109.83,1950.195,5491.216,13266.17,1980.544,5517.543,13106.79,1976.692,5387.042,13207.73,2022.614,5524.063,13092.29,2012.767,5413.393,13273.17,1973.057,5365.063,13295.18,1984.858,5378.652,13234.34,1977.858,5437.168,13153.85,2009.544,5351.988,13145.11,1963.221,5517.206,13097.47,1969.389,5428.676,13163.3,1979.789,5528.788,13212.02,1989.36,5338.709,13262.02,2042.597,5455.606
13165.7,1983.353,5337.711,13109.62,1950.195,5491.233,13266.31,1980.544,5517.696,13106.61,1976.692,5386.938,13207.74,2022.614,5524.271,13092.12,2012.767,5413.51,13273.28,1973.057,5364.888,13295.38,1984.858,5378.668,13234.17,1977.858,5437.291,13153.91,2009.544,5351.79,13145.06,1963.221,5517.409,13097.27,1969.389,5428.713,13163.38,1979.789,5528.981,13212.04,1989.36,5338.501,13262.19,2042.597,5455.488
13165.75,1983.353,5337.508,13109.42,1950.195,5491.249,13266.45,1980.544,5517.85,13106.43,1976.692,5386.836,13207.75,2022.614,5524.479,13091.94,2012.767,5413.628,13273.39,1973.057,5364.713,13295.59,1984.858,5378.685,13234,1977.858,5437.409,13153.97,2009.544,5351.591,13145.01,1963.221,5517.61,13097.07,1969.389,5428.752,13163.46,1979.789,5529.172,13212.04,1989.36,5338.294,13262.36,2042.597,5455.368
13165.8,1983.353,5337.305,13109.21,1950.195,5491.263,13266.59,1980.544,5518.004,13106.25,1976.692,5386.734,13207.76,2022.614,5524.687,13091.77,2012.767,5413.747,13273.51,1973.057,5364.538,13295.8,1984.858,5378.702,13233.83,1977.858,5437.523,13154.04,2009.544,5351.393,13144.95,1963.221,5517.811,13096.86,1969.389,5428.794,13163.55,1979.789,5529.362,13212.06,1989.36,5338.086,13262.53,2042.597,5455.247
13165.84,1983.353,5337.102,13109,1950.195,5491.275,13266.73,1980.544,5518.159,13106.07,1976.692,5386.633,13207.77,2022.614,5524.895,13091.6,2012.767,5413.866,13273.62,1973.057,5364.363,13296.01,1984.858,5378.72,13233.65,1977.858,5437.635,13154.1,2009.544,5351.194,13144.89,1963.221,5518.011,13096.66,1969.389,5428.838,13163.64,1979.789,5529.55,13212.07,1989.36,5337.878,13262.69,2042.597,5455.125
13165.89,1983.353,5336.898,13108.79,1950.195,5491.286,13266.87,1980.544,5518.313,13105.88,1976.692,5386.532,13207.78,2022.614,5525.103,13091.43,2012.767,5413.986,13273.73,1973.057,5364.188,13296.21,1984.858,5378.739,13233.47,1977.858,5437.742,13154.16,2009.544,5350.996,13144.83,1963.221,5518.209,13096.46,1969.389,5428.884,13163.73,1979.789,5529.736,13212.08,1989.36,5337.67,13262.86,2042.597,5455.001
13165.93,1983.353,5336.695,13108.58,1950.195,5491.294,13267.01,1980.544,5518.469,13105.7,1976.692,5386.432,13207.79,2022.614,5525.311,13091.26,2012.767,5414.106,13273.84,1973.057,5364.012,13296.42,1984.858,5378.758,13233.29,1977.858,5437.846,13154.22,2009.544,5350.797,13144.77,1963.221,5518.407,13096.25,1969.389,5428.932,13163.83,1979.789,5529.92,13212.09,1989.36,5337.462,13263.03,2042.597,5454.876
13165.97,1983.353,5336.491,13108.38,1950.195,5491.302,13267.15,1980.544,5518.625,13105.52,1976.692,5386.333,13207.79,2022.614,5525.519,13091.09,2012.767,5414.227,13273.96,1973.057,5363.836,13296.63,1984.858,5378.777,13233.11,1977.858,5437.947,13154.29,2009.544,5350.598,13144.7,1963.221,5518.604,13096.05,1969.389,5428.982,13163.93,1979.789,5530.104,13212.11,1989.36,5337.254,13263.19,2042.597,5454.75
13166.01,1983.353,5336.287,13108.17,1950.195,5491.308,13267.29,1980.544,5518.781,13105.33,1976.692,5386.234,13207.8,2022.614,5525.727,13090.92,2012.767,5414.348,13274.07,1973.057,5363.661,13296.83,1984.858,5378.797,13232.92,1977.858,5438.044,13154.35,2009.544,5350.399,13144.63,1963.221,5518.8,13095.85,1969.389,5429.035,13164.03,1979.789,5530.285,13212.12,1989.36,5337.046,13263.36,2042.597,5454.623
13166.06,1983.353,5336.083,13107.96,1950.195,5491.312,13267.42,1980.544,5518.937,13105.15,1976.692,5386.136,13207.81,2022.614,5525.935,13090.75,2012.767,5414.469,13274.18,1973.057,5363.485,13297.04,1984.858,5378.818,13232.74,1977.858,5438.139,13154.41,2009.544,5350.201,13144.55,1963.221,5518.994,13095.65,1969.389,5429.089,13164.14,1979.789,5530.465,13212.14,1989.36,5336.839,13263.52,2042.597,5454.494
13166.1,1983.353,5335.879,13107.75,1950.195,5491.315,13267.56,1980.544,5519.094,13104.97,1976.692,5386.039,13207.82,2022.614,5526.143,13090.58,2012.767,5414.591,13274.29,1973.057,5363.309,13297.25,1984.858,5378.839,13232.55,1977.858,5438.23,13154.47,2009.544,5350.002,13144.48,1963.221,5519.188,13095.45,1969.389,5429.145,13164.24,1979.789,5530.644,13212.17,1989.36,5336.632,13263.69,2042.597,5454.364
13166.14,1983.353,5335.675,13107.54,1950.195,5491.317,13267.7,1980.544,5519.25,13104.78,1976.692,5385.941,13207.83,2022.614,5526.351,13090.41,2012.767,5414.714,13274.4,1973.057,5363.133,13297.46,1984.858,5378.861,13232.36,1977.858,5438.318,13154.53,2009.544,5349.803,13144.4,1963.221,5519.379,13095.25,1969.389,5429.203,13164.35,1979.789,5530.821,13212.19,1989.36,5336.425,13263.85,2042.597,5454.233
13166.18,1983.353,5335.47,13107.33,1950.195,5491.318,13267.83,1980.544,5519.408,13104.6,1976.692,5385.845,13207.83,2022.614,5526.559,13090.25,2012.767,5414.837,13274.51,1973.057,5362.957,13297.66,1984.858,5378.884,13232.17,1977.858,5438.403,13154.59,2009.544,5349.604,13144.31,1963.221,5519.57,13095.05,1969.389,5429.263,13164.46,1979.789,5530.997,13212.21,1989.36,5336.218,13264.01,2042.597,5454.102
13166.22,1983.353,5335.266,13107.13,1950.195,5491.317,13267.97,1980.544,5519.565,13104.41,1976.692,5385.749,13207.84,2022.614,5526.767,13090.08,2012.767,5414.96,13274.62,1973.057,5362.781,13297.87,1984.858,5378.907,13231.98,1977.858,5438.485,13154.66,2009.544,5349.404,13144.22,1963.221,5519.759,13094.85,1969.389,5429.325,13164.58,1979.789,5531.171,13212.24,1989.36,5336.012,13264.17,2042.597,5453.969
13166.26,1983.353,5335.061,13106.92,1950.195,5491.315,13268.11,1980.544,5519.723,13104.23,1976.692,5385.653,13207.85,2022.614,5526.975,13089.91,2012.767,5415.084,13274.74,1973.057,5362.604,13298.08,1984.858,5378.931,13231.79,1977.858,5438.565,13154.72,2009.544,5349.205,13144.13,1963.221,5519.946,13094.65,1969.389,5429.389,13164.69,1979.789,5531.345,13212.26,1989.36,5335.805,13264.33,2042.597,5453.834
13166.29,1983.353,5334.856,13106.71,1950.195,5491.313,13268.24,1980.544,5519.88,13104.04,1976.692,5385.558,13207.86,2022.614,5527.183,13089.74,2012.767,5415.209,13274.85,1973.057,5362.428,13298.28,1984.858,5378.955,13231.59,1977.858,5438.642,13154.78,2009.544,5349.006,13144.04,1963.221,5520.132,13094.45,1969.389,5429.454,13164.81,1979.789,5531.517,13212.29,1989.36,5335.598,13264.49,2042.597,5453.699
13166.33,1983.353,5334.652,13106.5,1950.195,5491.312,13268.38,1980.544,5520.038,13103.86,1976.692,5385.463,13207.86,2022.614,5527.391,13089.58,2012.767,5415.332,13274.96,1973.057,5362.252,13298.49,1984.858,5378.98,13231.4,1977.858,5438.717,13154.84,2009.544,5348.807,13143.95,1963.221,5520.317,13094.26,1969.389,5429.521,13164.93,1979.789,5531.688,13212.31,1989.36,5335.392,13264.64,2042.597,5453.563
13166.37,1983.353,5334.447,13106.29,1950.195,5491.314,13268.51,1980.544,5520.196,13103.67,1976.692,5385.369,13207.87,2022.614,5527.599,13089.41,2012.767,5415.454,13275.07,1973.057,5362.076,13298.7,1984.858,5379.005,13231.21,1977.858,5438.789,13154.9,2009.544,5348.607,13143.85,1963.221,5520.5,13094.06,1969.389,5429.59,13165.05,1979.789,5531.858,13212.34,1989.36,5335.185,13264.8,2042.597,5453.426
13166.41,1983.353,5334.242,13106.09,1950.195,5491.318,13268.65,1980.544,5520.354,13103.49,1976.692,5385.274,13207.88,2022.614,5527.807,13089.24,2012.767,5415.574,13275.18,1973.057,5361.899,13298.91,1984.858,5379.031,13231.01,1977.858,5438.859,13154.96,2009.544,5348.408,13143.74,1963.221,5520.682,13093.86,1969.389,5429.66,13165.17,1979.789,5532.027,13212.36,1989.36,5334.978,13264.96,2042.597,5453.288
13166.44,1983.353,5334.037,13105.88,1950.195,5491.325,13268.79,1980.544,5520.513,13103.3,1976.692,5385.181,13207.89,2022.614,5528.015,13089.07,2012.767,5415.694,13275.29,1973.057,5361.723,13299.11,1984.858,5379.058,13230.81,1977.858,5438.928,13155.02,2009.544,5348.209,13143.64,1963.221,5520.861,13093.67,1969.389,5429.732,13165.29,1979.789,5532.195,13212.39,1989.36,5334.771,13265.11,2042.597,5453.149
13166.48,1983.353,5333.832,13105.67,1950.195,5491.333,13268.92,1980.544,5520.671,13103.11,1976.692,5385.087,13207.9,2022.614,5528.223,13088.89,2012.767,5415.812,13275.4,1973.057,5361.547,13299.32,1984.858,5379.078,13230.62,1977.858,5438.994,13155.08,2009.544,5348.01,13143.53,1963.221,5521.04,13093.47,1969.389,5429.806,13165.42,1979.789,5532.362,13212.41,1989.36,5334.565,13265.27,2042.597,5453.01
13166.51,1983.353,5333.627,13105.46,1950.195,5491.344,13269.05,1980.544,5520.83,13102.93,1976.692,5384.994,13207.9,2022.614,5528.431,13088.72,2012.767,5415.929,13275.51,1973.057,5361.371,13299.53,1984.858,5379.092,13230.42,1977.858,5439.058,13155.14,2009.544,5347.811,13143.42,1963.221,5521.216,13093.28,1969.389,5429.881,13165.54,1979.789,5532.528,13212.44,1989.36,5334.358,13265.42,2042.597,5452.872
13166.55,1983.353,5333.422,13105.25,1950.195,5491.357,13269.19,1980.544,5520.988,13102.74,1976.692,5384.901,13207.91,2022.614,5528.639,13088.55,2012.767,5416.045,13275.62,1973.057,5361.194,13299.73,1984.858,5379.099,13230.22,1977.858,5439.121,13155.2,2009.544,5347.611,13143.31,1963.221,5521.391,13093.09,1969.389,5429.958,13165.67,1979.789,5532.693,13212.46,1989.36,5334.152,13265.58,2042.597,5452.733
13166.58,1983.353,5333.217,13105.05,1950.195,5491.373,13269.32,1980.544,5521.147,13102.55,1976.692,5384.809,13207.92,2022.614,5528.847,13088.38,2012.767,5416.16,13275.73,1973.057,5361.018,13299.94,1984.858,5379.099,13230.02,1977.858,5439.182,13155.26,2009.544,5347.412,13143.19,1963.221,5521.563,13092.89,1969.389,5430.036,13165.8,1979.789,5532.857,13212.49,1989.36,5333.945,13265.73,2042.597,5452.594
13166.62,1983.353,5333.012,13104.84,1950.195,5491.39,13269.46,1980.544,5521.306,13102.37,1976.692,5384.716,13207.93,2022.614,5529.055,13088.2,2012.767,5416.273,13275.84,1973.057,5360.842,13300.15,1984.858,5379.094,13229.82,1977.858,5439.241,13155.32,2009.544,5347.212,13143.07,1963.221,5521.734,13092.7,1969.389,5430.116,13165.93,1979.789,5533.02,13212.51,1989.36,5333.739,13265.89,2042.597,5452.456
13166.65,1983.353,5332.806,13104.63,1950.195,5491.409,13269.59,1980.544,5521.464,13102.18,1976.692,5384.624,13207.93,2022.614,5529.263,13088.03,2012.767,5416.386,13275.95,1973.057,5360.666,13300.36,1984.858,5379.097,13229.62,1977.858,5439.299,13155.38,2009.544,5347.012,13142.95,1963.221,5521.903,13092.51,1969.389,5430.198,13166.06,1979.789,5533.182,13212.54,1989.36,5333.532,13266.04,2042.597,5452.317
13166.69,1983.353,5332.601,13104.42,1950.195,5491.43,13269.73,1980.544,5521.623,13102,1976.692,5384.532,13207.94,2022.614,5529.471,13087.85,2012.767,5416.498,13276.06,1973.057,5360.489,13300.57,1984.858,5379.093,13229.42,1977.858,5439.356,13155.44,2009.544,5346.813,13142.83,1963.221,5522.071,13092.32,1969.389,5430.28,13166.19,1979.789,5533.343,13212.56,1989.36,5333.326,13266.2,2042.597,5452.178
13166.72,1983.353,5332.395,13104.22,1950.195,5491.453,13269.86,1980.544,5521.782,13101.81,1976.692,5384.44,13207.95,2022.614,5529.679,13087.67,2012.767,5416.609,13276.17,1973.057,5360.313,13300.77,1984.858,5379.084,13229.22,1977.858,5439.411,13155.5,2009.544,5346.613,13142.7,1963.221,5522.236,13092.13,1969.389,5430.364,13166.33,1979.789,5533.503,13212.59,1989.36,5333.119,13266.36,2042.597,5452.04
13166.76,1983.353,5332.189,13104.01,1950.195,5491.478,13270,1980.544,5521.94,13101.62,1976.692,5384.349,13207.96,2022.614,5529.887,13087.5,2012.767,5416.719,13276.28,1973.057,5360.137,13300.98,1984.858,5379.083,13229.02,1977.858,5439.465,13155.55,2009.544,5346.413,13142.57,1963.221,5522.4,13091.94,1969.389,5430.45,13166.46,1979.789,5533.663,13212.61,1989.36,5332.913,13266.51,2042.597,5451.901
13166.79,1983.353,5331.984,13103.8,1950.195,5491.504,13270.13,1980.544,5522.099,13101.43,1976.692,5384.257,13207.97,2022.614,5530.095,13087.32,2012.767,5416.828,13276.39,1973.057,5359.96,13301.19,1984.858,5379.075,13228.82,1977.858,5439.519,13155.61,2009.544,5346.213,13142.44,1963.221,5522.562,13091.75,1969.389,5430.537,13166.59,1979.789,5533.821,13212.64,1989.36,5332.706,13266.67,2042.597,5451.762
13166.82,1983.353,5331.778,13103.6,1950.195,5491.532,13270.27,1980.544,5522.258,13101.25,1976.692,5384.166,13207.97,2022.614,5530.303,13087.14,2012.767,5416.936,13276.5,1973.057,5359.784,13301.4,1984.858,5379.062,13228.62,1977.858,5439.571,13155.67,2009.544,5346.014,13142.3,1963.221,5522.721,13091.56,1969.389,5430.625,13166.73,1979.789,5533.979,13212.67,1989.36,5332.5,13266.82,2042.597,5451.624
13166.85,1983.353,5331.573,13103.39,1950.195,5491.562,13270.4,1980.544,5522.417,13101.06,1976.692,5384.075,13207.98,2022.614,5530.511,13086.96,2012.767,5417.042,13276.62,1973.057,5359.608,13301.61,1984.858,5379.041,13228.41,1977.858,5439.622,13155.73,2009.544,5345.814,13142.17,1963.221,5522.878,13091.37,1969.389,5430.714,13166.87,1979.789,5534.136,13212.71,1989.36,5332.296,13266.98,2042.597,5451.485
13166.89,1983.353,5331.351,13103.17,1950.195,5491.596,13270.55,1980.544,5522.588,13100.86,1976.692,5383.977,13208,2022.614,5530.735,13086.77,2012.767,5417.157,13276.74,1973.057,5359.417,13301.83,1984.858,5379.012,13228.19,1977.858,5439.676,13155.8,2009.544,5345.598,13142.02,1963.221,5523.046,13091.17,1969.389,5430.813,13167.02,1979.789,5534.304,13212.76,1989.36,5332.076,13267.15,2042.597,5451.336
13166.93,1983.353,5331.071,13102.89,1950.195,5491.641,13270.73,1980.544,5522.803,13100.6,1976.692,5383.854,13208.01,2022.614,5531.017,13086.53,2012.767,5417.299,13276.89,1973.057,5359.179,13302.11,1984.858,5378.966,13227.92,1977.858,5439.743,13155.88,2009.544,5345.327,13141.83,1963.221,5523.254,13090.92,1969.389,5430.938,13167.21,1979.789,5534.515,13212.83,1989.36,5331.803,13267.36,2042.597,5451.15
13167.01,1983.353,5330.605,13102.43,1950.195,5491.72,13271.04,1980.544,5523.162,13100.18,1976.692,5383.648,13208.05,2022.614,5531.487,13086.12,2012.767,5417.534,13277.14,1973.057,5358.78,13302.57,1984.858,5378.876,13227.46,1977.858,5439.854,13156.01,2009.544,5344.874,13141.5,1963.221,5523.597,13090.5,1969.389,5431.149,13167.52,1979.789,5534.866,13212.97,1989.36,5331.351,13267.71,2042.597,5450.84
13167.08,1983.353,5330.132,13101.95,1950.195,5491.803,13271.35,1980.544,5523.527,13099.75,1976.692,5383.439,13208.09,2022.614,5531.964,13085.7,2012.767,5417.768,13277.39,1973.057,5358.376,13303.04,1984.858,5378.771,13227,1977.858,5439.964,13156.13,2009.544,5344.413,13141.17,1963.221,5523.94,13090.07,1969.389,5431.366,13167.84,1979.789,5535.219,13213.12,1989.36,5330.896,13268.07,2042.597,5450.526
13167.12,1983.353,5329.854,13101.68,1950.195,5491.854,13271.53,1980.544,5523.742,13099.5,1976.692,5383.317,13208.11,2022.614,5532.245,13085.45,2012.767,5417.904,13277.54,1973.057,5358.138,13303.31,1984.858,5378.701,13226.72,1977.858,5440.028,13156.21,2009.544,5344.14,13140.97,1963.221,5524.14,13089.82,1969.389,5431.496,13168.04,1979.789,5535.424,13213.21,1989.36,5330.631,13268.29,2042.597,5450.341
13167.2,1983.353,5329.321,13101.15,1950.195,5491.956,13271.88,1980.544,5524.151,13099.01,1976.692,5383.083,13208.17,2022.614,5532.78,13084.98,2012.767,5418.16,13277.83,1973.057,5357.684,13303.83,1984.858,5378.553,13226.2,1977.858,5440.149,13156.34,2009.544,5343.619,13140.58,1963.221,5524.515,13089.34,1969.389,5431.747,13168.41,1979.789,5535.814,13213.42,1989.36,5330.132,13268.69,2042.597,5449.99
13167.33,1983.353,5328.445,13100.28,1950.195,5492.129,13272.45,1980.544,5524.825,13098.21,1976.692,5382.697,13208.27,2022.614,5533.661,13084.2,2012.767,5418.575,13278.31,1973.057,5356.936,13304.67,1984.858,5378.288,13225.33,1977.858,5440.346,13156.55,2009.544,5342.758,13139.94,1963.221,5525.123,13088.56,1969.389,5432.165,13169.03,1979.789,5536.447,13213.78,1989.36,5329.322,13269.37,2042.597,5449.415
13167.46,1983.353,5327.561,13099.4,1950.195,5492.309,13273.03,1980.544,5525.505,13097.41,1976.692,5382.308,13208.38,2022.614,5534.548,13083.4,2012.767,5418.987,13278.79,1973.057,5356.182,13305.53,1984.858,5378.038,13224.46,1977.858,5440.529,13156.76,2009.544,5341.888,13139.28,1963.221,5525.728,13087.78,1969.389,5432.592,13169.65,1979.789,5537.093,13214.17,1989.36,5328.517,13270.05,2042.597,5448.835
13167.54,1983.353,5327.011,13098.86,1950.195,5492.425,13273.4,1980.544,5525.926,13096.91,1976.692,5382.066,13208.45,2022.614,5535.099,13082.91,2012.767,5419.239,13279.09,1973.057,5355.714,13306.07,1984.858,5377.893,13223.91,1977.858,5440.629,13156.88,2009.544,5341.347,13138.87,1963.221,5526.098,13087.29,1969.389,5432.861,13170.04,1979.789,5537.482,13214.43,1989.36,5328.025,13270.47,2042.597,5448.476
13167.66,1983.353,5326.249,13098.11,1950.195,5492.59,13273.9,1980.544,5526.511,13096.21,1976.692,5381.73,13208.55,2022.614,5535.862,13082.22,2012.767,5419.583,13279.51,1973.057,5355.066,13306.82,1984.858,5377.705,13223.15,1977.858,5440.747,13157.04,2009.544,5340.594,13138.29,1963.221,5526.603,13086.62,1969.389,5433.238,13170.61,1979.789,5538.006,13214.81,1989.36,5327.355,13271.06,2042.597,5447.979
13167.79,1983.353,5325.35,13097.22,1950.195,5492.79,13274.51,1980.544,5527.186,13095.4,1976.692,5381.334,13208.69,2022.614,5536.762,13081.4,2012.767,5419.983,13280,1973.057,5354.301,13307.7,1984.858,5377.497,13222.25,1977.858,5440.863,13157.23,2009.544,5339.704,13137.59,1963.221,5527.189,13085.83,1969.389,5433.688,13171.29,1979.789,5538.603,13215.28,1989.36,5326.579,13271.77,2042.597,5447.405
13167.82,1983.353,5325.137,13097.01,1950.195,5492.838,13274.65,1980.544,5527.342,13095.2,1976.692,5381.24,13208.72,2022.614,5536.974,13081.21,2012.767,5420.076,13280.12,1973.057,5354.121,13307.91,1984.858,5377.451,13222.03,1977.858,5440.889,13157.27,2009.544,5339.493,13137.43,1963.221,5527.325,13085.64,1969.389,5433.795,13171.46,1979.789,5538.746,13215.4,1989.36,5326.4,13271.94,2042.597,5447.272
13168,1983.353,5323.861,13095.76,1950.195,5493.137,13275.57,1980.544,5528.253,13094.04,1976.692,5380.677,13208.93,2022.614,5538.245,13080.04,2012.767,5420.625,13280.82,1973.057,5353.039,13309.17,1984.858,5377.193,13220.75,1977.858,5441.037,13157.51,2009.544,5338.227,13136.42,1963.221,5528.128,13084.53,1969.389,5434.448,13172.42,1979.789,5539.602,13216.15,1989.36,5325.347,13272.96,2042.597,5446.489
13168.09,1983.353,5323.241,13095.15,1950.195,5493.285,13276.02,1980.544,5528.685,13093.48,1976.692,5380.402,13209.04,2022.614,5538.862,13079.47,2012.767,5420.889,13281.16,1973.057,5352.513,13309.79,1984.858,5377.076,13220.13,1977.858,5441.105,13157.62,2009.544,5337.609,13135.92,1963.221,5528.512,13083.99,1969.389,5434.77,13172.9,1979.789,5540.009,13216.52,1989.36,5324.847,13273.46,2042.597,5446.117
13168.23,1983.353,5322.261,13094.19,1950.195,5493.525,13276.76,1980.544,5529.347,13092.59,1976.692,5379.968,13209.22,2022.614,5539.835,13078.57,2012.767,5421.298,13281.7,1973.057,5351.683,13310.76,1984.858,5376.902,13219.15,1977.858,5441.208,13157.79,2009.544,5336.634,13135.13,1963.221,5529.107,13083.15,1969.389,5435.283,13173.67,1979.789,5540.632,13217.15,1989.36,5324.077,13274.27,2042.597,5445.542
13168.4,1983.353,5321.032,13092.99,1950.195,5493.832,13277.7,1980.544,5530.154,13091.48,1976.692,5379.423,13209.46,2022.614,5541.053,13077.44,2012.767,5421.802,13282.37,1973.057,5350.643,13311.99,1984.858,5376.699,13217.91,1977.858,5441.33,13157.98,2009.544,5335.409,13134.13,1963.221,5529.84,13082.09,1969.389,5435.934,13174.65,1979.789,5541.392,13217.96,1989.36,5323.138,13275.29,2042.597,5444.837
13168.55,1983.353,5319.975,13091.95,1950.195,5494.102,13278.53,1980.544,5530.828,13090.52,1976.692,5378.953,13209.67,2022.614,5542.099,13076.46,2012.767,5422.229,13282.96,1973.057,5349.749,13313.04,1984.858,5376.535,13216.85,1977.858,5441.431,13158.14,2009.544,5334.353,13133.26,1963.221,5530.459,13081.18,1969.389,5436.5,13175.5,1979.789,5542.029,13218.68,1989.36,5322.353,13276.18,2042.597,5444.245
13168.67,1983.353,5319.09,13091.09,1950.195,5494.344,13279.24,1980.544,5531.373,13089.71,1976.692,5378.558,13209.86,2022.614,5542.973,13075.64,2012.767,5422.581,13283.44,1973.057,5349,13313.93,1984.858,5376.406,13215.96,1977.858,5441.511,13158.26,2009.544,5333.468,13132.53,1963.221,5530.968,13080.43,1969.389,5436.98,13176.22,1979.789,5542.563,13219.31,1989.36,5321.716,13276.93,2042.597,5443.762
13168.83,1983.353,5317.958,13090,1950.195,5494.676,13280.16,1980.544,5532.047,13088.69,1976.692,5378.052,13210.11,2022.614,5544.088,13074.58,2012.767,5423.023,13284.07,1973.057,5348.044,13315.06,1984.858,5376.253,13214.82,1977.858,5441.609,13158.41,2009.544,5332.335,13131.58,1963.221,5531.605,13079.47,1969.389,5437.602,13177.13,1979.789,5543.248,13220.14,1989.36,5320.928,13277.9,2042.597,5443.161
13168.97,1983.353,5316.777,13088.87,1950.195,5495.043,13281.14,1980.544,5532.725,13087.64,1976.692,5377.5,13210.37,2022.614,5545.247,13073.49,2012.767,5423.477,13284.72,1973.057,5347.049,13316.24,1984.858,5376.105,13213.64,1977.858,5441.708,13158.55,2009.544,5331.154,13130.58,1963.221,5532.255,13078.48,1969.389,5438.256,13178.09,1979.789,5543.96,13221.03,1989.36,5320.137,13278.92,2042.597,5442.551
13169.12,1983.353,5315.244,13087.42,1950.195,5495.546,13282.42,1980.544,5533.571,13086.29,1976.692,5376.752,13210.71,2022.614,5546.75,13072.06,2012.767,5424.054,13285.56,1973.057,5345.76,13317.77,1984.858,5375.926,13212.1,1977.858,5441.83,13158.72,2009.544,5329.623,13129.32,1963.221,5533.137,13077.2,1969.389,5439.114,13179.32,1979.789,5544.881,13222.21,1989.36,5319.15,13280.26,2042.597,5441.784
13169.15,1983.353,5314.815,13087.01,1950.195,5495.695,13282.79,1980.544,5533.798,13085.92,1976.692,5376.534,13210.8,2022.614,5547.171,13071.66,2012.767,5424.212,13285.8,1973.057,5345.4,13318.2,1984.858,5375.88,13211.67,1977.858,5441.863,13158.76,2009.544,5329.195,13128.97,1963.221,5533.395,13076.84,1969.389,5439.357,13179.67,1979.789,5545.137,13222.55,1989.36,5318.885,13280.64,2042.597,5441.575
13169.27,1983.353,5312.768,13085.1,1950.195,5496.438,13284.56,1980.544,5534.836,13084.17,1976.692,5375.454,13211.21,2022.614,5549.18,13069.75,2012.767,5424.955,13286.92,1973.057,5343.686,13320.24,1984.858,5375.677,13209.63,1977.858,5442.016,13158.95,2009.544,5327.152,13127.37,1963.221,5534.67,13075.16,1969.389,5440.528,13181.32,1979.789,5546.35,13224.21,1989.36,5317.675,13282.45,2042.597,5440.613
13169.31,1983.353,5311.704,13084.11,1950.195,5496.841,13285.49,1980.544,5535.353,13083.28,1976.692,5374.872,13211.42,2022.614,5550.224,13068.75,2012.767,5425.333,13287.51,1973.057,5342.795,13321.3,1984.858,5375.581,13208.57,1977.858,5442.092,13159.03,2009.544,5326.091,13126.55,1963.221,5535.359,13074.29,1969.389,5441.145,13182.18,1979.789,5546.974,13225.09,1989.36,5317.076,13283.4,2042.597,5440.129
13169.34,1983.353,5310.369,13082.89,1950.195,5497.369,13286.67,1980.544,5535.97,13082.18,1976.692,5374.117,13211.67,2022.614,5551.535,13067.5,2012.767,5425.799,13288.24,1973.057,5341.68,13322.63,1984.858,5375.47,13207.24,1977.858,5442.187,13159.13,2009.544,5324.76,13125.56,1963.221,5536.253,13073.21,1969.389,5441.927,13183.27,1979.789,5547.75,13226.21,1989.36,5316.359,13284.59,2042.597,5439.543
13169.34,1983.353,5308.564,13081.24,1950.195,5498.113,13288.29,1980.544,5536.766,13080.72,1976.692,5373.061,13211.99,2022.614,5553.31,13065.81,2012.767,5426.418,13289.23,1973.057,5340.171,13324.42,1984.858,5375.334,13205.44,1977.858,5442.371,13159.23,2009.544,5322.959,13124.26,1963.221,5537.505,13071.76,1969.389,5443,13184.74,1979.789,5548.788,13227.77,1989.36,5315.44,13286.23,2042.597,5438.781
13169.32,1983.353,5307.736,13080.49,1950.195,5498.467,13289.05,1980.544,5537.112,13080.06,1976.692,5372.56,13212.13,2022.614,5554.126,13065.03,2012.767,5426.697,13289.68,1973.057,5339.479,13325.25,1984.858,5375.279,13204.62,1977.858,5442.481,13159.28,2009.544,5322.132,13123.68,1963.221,5538.098,13071.1,1969.389,5443.499,13185.43,1979.789,5549.258,13228.49,1989.36,5315.041,13286.99,2042.597,5438.445
13169.28,1983.353,5306.595,13079.47,1950.195,5498.974,13290.09,1980.544,5537.565,13079.17,1976.692,5371.85,13212.31,2022.614,5555.253,13063.95,2012.767,5427.074,13290.31,1973.057,5338.524,13326.39,1984.858,5375.21,13203.49,1977.858,5442.67,13159.32,2009.544,5320.991,13122.91,1963.221,5538.941,13070.2,1969.389,5444.196,13186.37,1979.789,5549.897,13229.51,1989.36,5314.522,13288.04,2042.597,5438.003
13169.21,1983.353,5305.42,13078.42,1950.195,5499.515,13291.19,1980.544,5538.005,13078.27,1976.692,5371.088,13212.49,2022.614,5556.417,13062.83,2012.767,5427.456,13290.95,1973.057,5337.54,13327.57,1984.858,5375.148,13202.34,1977.858,5442.901,13159.34,2009.544,5319.813,13122.15,1963.221,5539.835,13069.27,1969.389,5444.925,13187.35,1979.789,5550.546,13230.58,1989.36,5314.02,13289.13,2042.597,5437.568
13169.13,1983.353,5304.284,13077.42,1950.195,5500.055,13292.25,1980.544,5538.405,13077.42,1976.692,5370.325,13212.65,2022.614,5557.544,13061.75,2012.767,5427.817,13291.58,1973.057,5336.587,13328.7,1984.858,5375.096,13201.23,1977.858,5443.157,13159.33,2009.544,5318.674,13121.43,1963.221,5540.723,13068.39,1969.389,5445.641,13188.31,1979.789,5551.164,13231.62,1989.36,5313.566,13290.2,2042.597,5437.169
13169.02,1983.353,5303.178,13076.45,1950.195,5500.598,13293.3,1980.544,5538.77,13076.62,1976.692,5369.554,13212.8,2022.614,5558.646,13060.7,2012.767,5428.162,13292.19,1973.057,5335.658,13329.81,1984.858,5375.053,13200.15,1977.858,5443.437,13159.29,2009.544,5317.563,13120.76,1963.221,5541.612,13067.53,1969.389,5446.348,13189.25,1979.789,5551.755,13232.65,1989.36,5313.154,13291.25,2042.597,5436.8
13168.9,1983.353,5302.109,13075.52,1950.195,5501.139,13294.33,1980.544,5539.098,13075.87,1976.692,5368.784,13212.93,2022.614,5559.713,13059.67,2012.767,5428.489,13292.77,1973.057,5334.758,13330.89,1984.858,5375.019,13199.12,1977.858,5443.737,13159.22,2009.544,5316.49,13120.15,1963.221,5542.492,13066.71,1969.389,5447.043,13190.17,1979.789,5552.317,13233.67,1989.36,5312.785,13292.27,2042.597,5436.464
13168.77,1983.353,5301.079,13074.63,1950.195,5501.676,13295.32,1980.544,5539.392,13075.17,1976.692,5368.017,13213.05,2022.614,5560.746,13058.68,2012.767,5428.798,13293.34,1973.057,5333.888,13331.93,1984.858,5374.992,13198.13,1977.858,5444.056,13159.13,2009.544,5315.454,13119.58,1963.221,5543.361,13065.92,1969.389,5447.724,13191.06,1979.789,5552.848,13234.65,1989.36,5312.456,13293.26,2042.597,5436.159
13168.62,1983.353,5300.085,13073.78,1950.195,5502.208,13296.29,1980.544,5539.653,13074.51,1976.692,5367.255,13213.15,2022.614,5561.745,13057.72,2012.767,5429.09,13293.89,1973.057,5333.048,13332.93,1984.858,5374.972,13197.18,1977.858,5444.392,13159.02,2009.544,5314.456,13119.05,1963.221,5544.218,13065.17,1969.389,5448.39,13191.93,1979.789,5553.35,13235.61,1989.36,5312.166,13294.23,2042.597,5435.885
13168.42,1983.353,5298.834,13072.72,1950.195,5502.898,13297.53,1980.544,5539.955,13073.72,1976.692,5366.268,13213.26,2022.614,5563.007,13056.51,2012.767,5429.45,13294.58,1973.057,5331.985,13334.2,1984.858,5374.955,13196,1977.858,5444.851,13158.85,2009.544,5313.199,13118.43,1963.221,5545.322,13064.24,1969.389,5449.244,13193.04,1979.789,5553.968,13236.84,1989.36,5311.832,13295.46,2042.597,5435.564
13168.28,1983.353,5298.063,13072.07,1950.195,5503.334,13298.29,1980.544,5540.123,13073.24,1976.692,5365.642,13213.33,2022.614,5563.789,13055.75,2012.767,5429.667,13295.01,1973.057,5331.329,13334.98,1984.858,5374.949,13195.28,1977.858,5445.156,13158.73,2009.544,5312.426,13118.06,1963.221,5546.016,13063.66,1969.389,5449.779,13193.73,1979.789,5554.34,13237.6,1989.36,5311.645,13296.22,2042.597,5435.382
13168.12,1983.353,5297.284,13071.41,1950.195,5503.787,13299.07,1980.544,5540.276,13072.79,1976.692,5364.992,13213.38,2022.614,5564.582,13054.99,2012.767,5429.881,13295.44,1973.057,5330.662,13335.78,1984.858,5374.948,13194.55,1977.858,5445.487,13158.58,2009.544,5311.644,13117.71,1963.221,5546.731,13063.09,1969.389,5450.33,13194.43,1979.789,5554.707,13238.38,1989.36,5311.476,13297,2042.597,5435.213
13167.93,1983.353,5296.411,13070.69,1950.195,5504.306,13299.95,1980.544,5540.428,13072.29,1976.692,5364.247,13213.43,2022.614,5565.474,13054.13,2012.767,5430.116,13295.93,1973.057,5329.912,13336.67,1984.858,5374.951,13193.75,1977.858,5445.883,13158.39,2009.544,5310.771,13117.28,1963.221,5547.513,13062.45,1969.389,5450.957,13195.23,1979.789,5555.107,13239.25,1989.36,5311.307,13297.87,2042.597,5435.043
13167.73,1983.353,5295.578,13070,1950.195,5504.813,13300.8,1980.544,5540.554,13071.84,1976.692,5363.519,13213.47,2022.614,5566.328,13053.3,2012.767,5430.334,13296.39,1973.057,5329.194,13337.53,1984.858,5374.958,13193,1977.858,5446.287,13158.19,2009.544,5309.939,13116.83,1963.221,5548.239,13061.85,1969.389,5451.565,13196,1979.789,5555.479,13240.09,1989.36,5311.165,13298.71,2042.597,5434.898
13167.53,1983.353,5294.76,13069.33,1950.195,5505.324,13301.63,1980.544,5540.706,13071.42,1976.692,5362.787,13213.51,2022.614,5567.17,13052.48,2012.767,5430.544,13296.85,1973.057,5328.485,13338.37,1984.858,5374.969,13192.27,1977.858,5446.709,13157.97,2009.544,5309.125,13116.38,1963.221,5548.951,13061.27,1969.389,5452.173,13196.77,1979.789,5555.833,13240.93,1989.36,5311.039,13299.55,2042.597,5434.774
13167.3,1983.353,5293.917,13068.64,1950.195,5505.862,13302.48,1980.544,5540.892,13071.01,1976.692,5362.016,13213.57,2022.614,5568.042,13051.63,2012.767,5430.754,13297.32,1973.057,5327.75,13339.24,1984.858,5374.985,13191.53,1977.858,5447.171,13157.73,2009.544,5308.287,13115.93,1963.221,5549.703,13060.67,1969.389,5452.811,13197.57,1979.789,5556.186,13241.79,1989.36,5310.928,13300.42,2042.597,5434.665
13167.05,1983.353,5293.03,13067.92,1950.195,5506.44,13303.38,1980.544,5541.117,13070.6,1976.692,5361.19,13213.65,2022.614,5568.959,13050.74,2012.767,5430.969,13297.82,1973.057,5326.975,13340.16,1984.858,5375.007,13190.76,1977.858,5447.683,13157.44,2009.544,5307.411,13115.49,1963.221,5550.51,13060.05,1969.389,5453.492,13198.42,1979.789,5556.545,13242.71,1989.36,5310.832,13301.33,2042.597,5434.57
13166.68,1983.353,5291.797,13066.93,1950.195,5507.262,13304.61,1980.544,5541.472,13070.07,1976.692,5360.018,13213.76,2022.614,5570.242,13049.49,2012.767,5431.26,13298.51,1973.057,5325.89,13341.45,1984.858,5375.042,13189.71,1977.858,5448.434,13157.01,2009.544,5306.196,13114.87,1963.221,5551.638,13059.2,1969.389,5454.457,13199.61,1979.789,5557.026,13243.99,1989.36,5310.724,13302.62,2042.597,5434.466
13166.48,1983.353,5291.149,13066.41,1950.195,5507.702,13305.26,1980.544,5541.681,13069.81,1976.692,5359.391,13213.83,2022.614,5570.917,13048.82,2012.767,5431.408,13298.87,1973.057,5325.316,13342.13,1984.858,5375.064,13189.17,1977.858,5448.848,13156.77,2009.544,5305.562,13114.56,1963.221,5552.243,13058.76,1969.389,5454.973,13200.24,1979.789,5557.269,13244.67,1989.36,5310.682,13303.29,2042.597,5434.427
13166.15,1983.353,5290.14,13065.6,1950.195,5508.383,13306.26,1980.544,5542.04,13069.43,1976.692,5358.398,13213.94,2022.614,5571.974,13047.79,2012.767,5431.646,13299.44,1973.057,5324.418,13343.19,1984.858,5375.103,13188.35,1977.858,5449.523,13156.37,2009.544,5304.579,13114.03,1963.221,5553.168,13058.08,1969.389,5455.79,13201.24,1979.789,5557.631,13245.73,1989.36,5310.619,13304.36,2042.597,5434.39
13165.75,1983.353,5288.984,13064.65,1950.195,5509.156,13307.4,1980.544,5542.491,13069.03,1976.692,5357.244,13214.08,2022.614,5573.188,13046.6,2012.767,5431.929,13300.09,1973.057,5323.385,13344.41,1984.858,5375.152,13187.44,1977.858,5450.33,13155.87,2009.544,5303.461,13113.47,1963.221,5554.252,13057.31,1969.389,5456.74,13202.4,1979.789,5558.027,13246.95,1989.36,5310.573,13305.58,2042.597,5434.376
13165.42,1983.353,5288.06,13063.89,1950.195,5509.77,13308.3,1980.544,5542.883,13068.73,1976.692,5356.308,13214.2,2022.614,5574.162,13045.64,2012.767,5432.163,13300.61,1973.057,5322.553,13345.39,1984.858,5375.196,13186.72,1977.858,5451.001,13155.45,2009.544,5302.573,13113.04,1963.221,5555.137,13056.68,1969.389,5457.497,13203.33,1979.789,5558.328,13247.94,1989.36,5310.559,13306.56,2042.597,5434.388
13165.01,1983.353,5286.972,13062.97,1950.195,5510.486,13309.35,1980.544,5543.381,13068.4,1976.692,5355.193,13214.35,2022.614,5575.313,13044.52,2012.767,5432.447,13301.23,1973.057,5321.567,13346.55,1984.858,5375.252,13185.9,1977.858,5451.823,13154.93,2009.544,5301.537,13112.57,1963.221,5556.199,13055.93,1969.389,5458.381,13204.45,1979.789,5558.663,13249.1,1989.36,5310.569,13307.72,2042.597,5434.429
13164.58,1983.353,5285.851,13062.02,1950.195,5511.22,13310.42,1980.544,5543.924,13068.1,1976.692,5354.031,13214.51,2022.614,5576.504,13043.36,2012.767,5432.748,13301.86,1973.057,5320.545,13347.75,1984.858,5375.314,13185.08,1977.858,5452.701,13154.36,2009.544,5300.479,13112.02,1963.221,5557.269,13055.14,1969.389,5459.287,13205.6,1979.789,5558.987,13250.3,1989.36,5310.608,13308.92,2042.597,5434.5
13164.14,1983.353,5284.75,13061.08,1950.195,5511.934,13311.46,1980.544,5544.486,13067.82,1976.692,5352.877,13214.68,2022.614,5577.677,13042.21,2012.767,5433.051,13302.48,1973.057,5319.536,13348.94,1984.858,5375.38,13184.3,1977.858,5453.593,13153.77,2009.544,5299.449,13111.52,1963.221,5558.34,13054.35,1969.389,5460.17,13206.75,1979.789,5559.284,13251.48,1989.36,5310.674,13310.1,2042.597,5434.598
13163.57,1983.353,5283.374,13059.88,1950.195,5512.821,13312.75,1980.544,5545.224,13067.52,1976.692,5351.419,13214.89,2022.614,5579.15,13040.77,2012.767,5433.44,13303.26,1973.057,5318.265,13350.42,1984.858,5375.469,13183.35,1977.858,5454.745,13153.01,2009.544,5298.169,13110.92,1963.221,5559.706,13053.34,1969.389,5461.267,13208.2,1979.789,5559.628,13252.97,1989.36,5310.773,13311.58,2042.597,5434.756
13163.22,1983.353,5282.529,13059.14,1950.195,5513.361,13313.54,1980.544,5545.698,13067.35,1976.692,5350.517,13215.03,2022.614,5580.058,13039.89,2012.767,5433.685,13303.73,1973.057,5317.479,13351.34,1984.858,5375.526,13182.79,1977.858,5455.474,13152.53,2009.544,5297.389,13110.58,1963.221,5560.557,13052.72,1969.389,5461.936,13209.1,1979.789,5559.821,13253.88,1989.36,5310.845,13312.49,2042.597,5434.876
13162.84,1983.353,5281.669,13058.38,1950.195,5513.907,13314.33,1980.544,5546.202,13067.2,1976.692,5349.591,13215.17,2022.614,5580.985,13038.99,2012.767,5433.94,13304.21,1973.057,5316.675,13352.27,1984.858,5375.588,13182.25,1977.858,5456.236,13152.02,2009.544,5296.601,13110.19,1963.221,5561.405,13052.07,1969.389,5462.611,13210.02,1979.789,5560,13254.82,1989.36,5310.931,13313.42,2042.597,5435.021
13162.25,1983.353,5280.341,13057.19,1950.195,5514.743,13315.54,1980.544,5547.011,13067.01,1976.692,5348.149,13215.38,2022.614,5582.423,13037.59,2012.767,5434.342,13304.95,1973.057,5315.424,13353.72,1984.858,5375.689,13181.44,1977.858,5457.447,13151.21,2009.544,5295.392,13109.62,1963.221,5562.747,13051.04,1969.389,5463.647,13211.45,1979.789,5560.258,13256.26,1989.36,5311.087,13314.85,2042.597,5435.281
13161.97,1983.353,5279.73,13056.63,1950.195,5515.125,13316.09,1980.544,5547.396,13066.94,1976.692,5347.482,13215.49,2022.614,5583.086,13036.95,2012.767,5434.531,13305.29,1973.057,5314.845,13354.39,1984.858,5375.737,13181.08,1977.858,5458.017,13150.83,2009.544,5294.841,13109.38,1963.221,5563.374,13050.57,1969.389,5464.119,13212.11,1979.789,5560.367,13256.93,1989.36,5311.17,13315.51,2042.597,5435.417
13161.61,1983.353,5278.893,13055.88,1950.195,5515.638,13316.83,1980.544,5547.937,13066.86,1976.692,5346.572,13215.62,2022.614,5583.989,13036.07,2012.767,5434.792,13305.75,1973.057,5314.055,13355.3,1984.858,5375.806,13180.63,1977.858,5458.809,13150.29,2009.544,5294.102,13109.08,1963.221,5564.237,13049.91,1969.389,5464.754,13213.01,1979.789,5560.502,13257.83,1989.36,5311.287,13316.4,2042.597,5435.624
13161.24,1983.353,5278.019,13055.09,1950.195,5516.164,13317.58,1980.544,5548.513,13066.75,1976.692,5345.631,13215.76,2022.614,5584.924,13035.16,2012.767,5435.044,13306.22,1973.057,5313.234,13356.25,1984.858,5375.88,13180.18,1977.858,5459.644,13149.72,2009.544,5293.345,13108.8,1963.221,5565.141,13049.22,1969.389,5465.404,13213.95,1979.789,5560.628,13258.77,1989.36,5311.415,13317.31,2042.597,5435.861
13160.84,1983.353,5276.994,13054.17,1950.195,5516.769,13318.44,1980.544,5549.202,13066.59,1976.692,5344.541,13215.93,2022.614,5586.014,13034.09,2012.767,5435.317,13306.76,1973.057,5312.274,13357.35,1984.858,5375.969,13179.7,1977.858,5460.633,13149.04,2009.544,5292.477,13108.51,1963.221,5566.204,13048.42,1969.389,5466.152,13215.05,1979.789,5560.757,13259.86,1989.36,5311.573,13318.37,2042.597,5436.165
13160.53,1983.353,5276.163,13053.43,1950.195,5517.251,13319.12,1980.544,5549.769,13066.43,1976.692,5343.668,13216.06,2022.614,5586.891,13033.23,2012.767,5435.52,13307.19,1973.057,5311.5,13358.23,1984.858,5376.042,13179.33,1977.858,5461.441,13148.48,2009.544,5291.789,13108.3,1963.221,5567.066,13047.76,1969.389,5466.746,13215.93,1979.789,5560.847,13260.74,1989.36,5311.71,13319.22,2042.597,5436.43
13160.3,1983.353,5275.511,13052.84,1950.195,5517.623,13319.64,1980.544,5550.221,13066.28,1976.692,5342.993,13216.16,2022.614,5587.575,13032.55,2012.767,5435.664,13307.53,1973.057,5310.894,13358.92,1984.858,5376.102,13179.07,1977.858,5462.081,13148.04,2009.544,5291.261,13108.16,1963.221,5567.744,13047.24,1969.389,5467.202,13216.62,1979.789,5560.905,13261.42,1989.36,5311.826,13319.87,2042.597,5436.653
13160.03,1983.353,5274.715,13052.13,1950.195,5518.069,13320.27,1980.544,5550.781,13066.07,1976.692,5342.179,13216.28,2022.614,5588.406,13031.73,2012.767,5435.822,13307.93,1973.057,5310.156,13359.75,1984.858,5376.175,13178.77,1977.858,5462.867,13147.48,2009.544,5290.631,13108.01,1963.221,5568.571,13046.6,1969.389,5467.749,13217.46,1979.789,5560.961,13262.25,1989.36,5311.98,13320.66,2042.597,5436.944
13159.79,1983.353,5273.938,13051.44,1950.195,5518.498,13320.87,1980.544,5551.335,13065.85,1976.692,5341.395,13216.39,2022.614,5589.214,13030.92,2012.767,5435.96,13308.31,1973.057,5309.436,13360.57,1984.858,5376.249,13178.51,1977.858,5463.639,13146.93,2009.544,5290.03,13107.9,1963.221,5569.378,13045.98,1969.389,5468.273,13218.27,1979.789,5561.001,13263.04,1989.36,5312.143,13321.42,2042.597,5437.246
13159.56,1983.353,5273.183,13050.77,1950.195,5518.908,13321.44,1980.544,5551.879,13065.61,1976.692,5340.645,13216.49,2022.614,5589.995,13030.15,2012.767,5436.077,13308.67,1973.057,5308.738,13361.35,1984.858,5376.321,13178.28,1977.858,5464.394,13146.39,2009.544,5289.46,13107.81,1963.221,5570.161,13045.37,1969.389,5468.772,13219.06,1979.789,5561.025,13263.81,1989.36,5312.315,13322.14,2042.597,5437.556
13159.36,1983.353,5272.449,13050.11,1950.195,5519.3,13321.98,1980.544,5552.412,13065.37,1976.692,5339.922,13216.59,2022.614,5590.75,13029.39,2012.767,5436.175,13309.02,1973.057,5308.062,13362.11,1984.858,5376.392,13178.08,1977.858,5465.129,13145.85,2009.544,5288.92,13107.76,1963.221,5570.92,13044.77,1969.389,5469.247,13219.82,1979.789,5561.035,13264.55,1989.36,5312.498,13322.83,2042.597,5437.873
13159.13,1983.353,5271.522,13049.29,1950.195,5519.789,13322.65,1980.544,5553.091,13065.06,1976.692,5339.015,13216.71,2022.614,5591.699,13028.44,2012.767,5436.279,13309.45,1973.057,5307.208,13363.06,1984.858,5376.483,13177.87,1977.858,5466.062,13145.16,2009.544,5288.256,13107.71,1963.221,5571.876,13044.02,1969.389,5469.835,13220.78,1979.789,5561.029,13265.48,1989.36,5312.747,13323.69,2042.597,5438.294
13159.03,1983.353,5271.13,13048.94,1950.195,5519.992,13322.93,1980.544,5553.381,13064.93,1976.692,5338.635,13216.75,2022.614,5592.099,13028.04,2012.767,5436.314,13309.63,1973.057,5306.847,13363.46,1984.858,5376.522,13177.79,1977.858,5466.457,13144.87,2009.544,5287.982,13107.71,1963.221,5572.279,13043.7,1969.389,5470.079,13221.18,1979.789,5561.019,13265.86,1989.36,5312.861,13324.05,2042.597,5438.481
13158.85,1983.353,5270.292,13048.2,1950.195,5520.422,13323.52,1980.544,5554.003,13064.64,1976.692,5337.827,13216.85,2022.614,5592.951,13027.18,2012.767,5436.372,13310.01,1973.057,5306.075,13364.31,1984.858,5376.606,13177.65,1977.858,5467.304,13144.22,2009.544,5287.412,13107.72,1963.221,5573.138,13043.01,1969.389,5470.589,13222.04,1979.789,5560.981,13266.68,1989.36,5313.125,13324.8,2042.597,5438.898
13158.72,1983.353,5269.615,13047.6,1950.195,5520.764,13323.99,1980.544,5554.508,13064.39,1976.692,5337.184,13216.92,2022.614,5593.637,13026.49,2012.767,5436.404,13310.3,1973.057,5305.453,13365,1984.858,5376.674,13177.56,1977.858,5467.988,13143.71,2009.544,5286.95,13107.76,1963.221,5573.827,13042.45,1969.389,5470.993,13222.72,1979.789,5560.937,13267.33,1989.36,5313.353,13325.4,2042.597,5439.249
13158.62,1983.353,5269.053,13047.11,1950.195,5521.045,13324.38,1980.544,5554.929,13064.17,1976.692,5336.659,13216.97,2022.614,5594.205,13025.92,2012.767,5436.419,13310.55,1973.057,5304.936,13365.57,1984.858,5376.731,13177.5,1977.858,5468.557,13143.29,2009.544,5286.565,13107.81,1963.221,5574.396,13041.98,1969.389,5471.321,13223.29,1979.789,5560.89,13267.86,1989.36,5313.555,13325.88,2042.597,5439.551
13158.5,1983.353,5268.353,13046.49,1950.195,5521.391,13324.85,1980.544,5555.456,13063.87,1976.692,5336.016,13217.04,2022.614,5594.911,13025.21,2012.767,5436.423,13310.84,1973.057,5304.291,13366.27,1984.858,5376.804,13177.46,1977.858,5469.265,13142.77,2009.544,5286.083,13107.89,1963.221,5575.1,13041.4,1969.389,5471.722,13224,1979.789,5560.816,13268.52,1989.36,5313.825,13326.47,2042.597,5439.943
13158.43,1983.353,5267.831,13046.02,1950.195,5521.646,13325.22,1980.544,5555.836,13063.63,1976.692,5335.544,13217.08,2022.614,5595.437,13024.69,2012.767,5436.416,13311.05,1973.057,5303.809,13366.8,1984.858,5376.858,13177.44,1977.858,5469.792,13142.39,2009.544,5285.721,13107.96,1963.221,5575.623,13040.96,1969.389,5472.014,13224.52,1979.789,5560.751,13269,1989.36,5314.039,13326.9,2042.597,5440.246
13158.33,1983.353,5266.969,13045.26,1950.195,5522.063,13325.84,1980.544,5556.441,13063.21,1976.692,5334.782,13217.15,2022.614,5596.302,13023.82,2012.767,5436.384,13311.4,1973.057,5303.013,13367.66,1984.858,5376.948,13177.44,1977.858,5470.66,13141.76,2009.544,5285.122,13108.12,1963.221,5576.477,13040.23,1969.389,5472.485,13225.38,1979.789,5560.627,13269.79,1989.36,5314.412,13327.6,2042.597,5440.761
13158.3,1983.353,5266.748,13045.07,1950.195,5522.169,13326,1980.544,5556.591,13063.1,1976.692,5334.589,13217.16,2022.614,5596.524,13023.6,2012.767,5436.372,13311.49,1973.057,5302.808,13367.88,1984.858,5376.971,13177.45,1977.858,5470.883,13141.6,2009.544,5284.967,13108.17,1963.221,5576.695,13040.04,1969.389,5472.604,13225.6,1979.789,5560.591,13269.98,1989.36,5314.514,13327.78,2042.597,5440.898
13158.21,1983.353,5265.656,13044.1,1950.195,5522.687,13326.84,1980.544,5557.302,13062.52,1976.692,5333.661,13217.23,2022.614,5597.617,13022.5,2012.767,5436.287,13311.91,1973.057,5301.797,13368.97,1984.858,5377.086,13177.52,1977.858,5471.976,13140.82,2009.544,5284.2,13108.43,1963.221,5577.758,13039.11,1969.389,5473.175,13226.67,1979.789,5560.391,13270.94,1989.36,5315.041,13328.62,2042.597,5441.594
13158.18,1983.353,5265.095,13043.61,1950.195,5522.951,13327.28,1980.544,5557.653,13062.21,1976.692,5333.193,13217.25,2022.614,5598.178,13021.94,2012.767,5436.232,13312.12,1973.057,5301.275,13369.53,1984.858,5377.145,13177.58,1977.858,5472.536,13140.42,2009.544,5283.803,13108.58,1963.221,5578.3,13038.62,1969.389,5473.461,13227.23,1979.789,5560.276,13271.43,1989.36,5315.325,13329.05,2042.597,5441.963
13158.14,1983.353,5264.281,13042.89,1950.195,5523.331,13327.93,1980.544,5558.14,13061.73,1976.692,5332.53,13217.29,2022.614,5598.992,13021.14,2012.767,5436.136,13312.42,1973.057,5300.518,13370.34,1984.858,5377.231,13177.68,1977.858,5473.344,13139.85,2009.544,5283.225,13108.83,1963.221,5579.077,13037.92,1969.389,5473.867,13228.02,1979.789,5560.094,13272.12,1989.36,5315.758,13329.65,2042.597,5442.512
13158.12,1983.353,5263.423,13042.13,1950.195,5523.729,13328.64,1980.544,5558.63,13061.21,1976.692,5331.848,13217.32,2022.614,5599.85,13020.29,2012.767,5436.017,13312.72,1973.057,5299.716,13371.19,1984.858,5377.322,13177.83,1977.858,5474.191,13139.25,2009.544,5282.611,13109.11,1963.221,5579.888,13037.17,1969.389,5474.285,13228.85,1979.789,5559.882,13272.83,1989.36,5316.235,13330.27,2042.597,5443.107
13158.11,1983.353,5262.518,13041.32,1950.195,5524.146,13329.4,1980.544,5559.123,13060.64,1976.692,5331.145,13217.34,2022.614,5600.754,13019.39,2012.767,5435.872,13313.04,1973.057,5298.867,13372.09,1984.858,5377.418,13177.94,1977.858,5475.089,13138.62,2009.544,5281.96,13109.43,1963.221,5580.733,13036.37,1969.389,5474.714,13229.73,1979.789,5559.663,13273.57,1989.36,5316.761,13330.9,2042.597,5443.752
13158.13,1983.353,5261.565,13040.48,1950.195,5524.582,13330.21,1980.544,5559.615,13060.02,1976.692,5330.424,13217.35,2022.614,5601.707,13018.46,2012.767,5435.701,13313.36,1973.057,5297.97,13373.04,1984.858,5377.52,13178.04,1977.858,5476.037,13137.96,2009.544,5281.271,13109.8,1963.221,5581.611,13035.52,1969.389,5475.155,13230.66,1979.789,5559.438,13274.33,1989.36,5317.337,13331.56,2042.597,5444.447
13158.17,1983.353,5260.356,13039.4,1950.195,5525.133,13331.27,1980.544,5560.206,13059.2,1976.692,5329.534,13217.35,2022.614,5602.917,13017.27,2012.767,5435.458,13313.79,1973.057,5296.842,13374.25,1984.858,5377.618,13178.12,1977.858,5477.245,13137.13,2009.544,5280.391,13110.31,1963.221,5582.711,13034.44,1969.389,5475.699,13231.83,1979.789,5559.156,13275.27,1989.36,5318.099,13332.36,2042.597,5445.352
13158.22,1983.353,5259.319,13038.47,1950.195,5525.604,13332.19,1980.544,5560.682,13058.47,1976.692,5328.792,13217.35,2022.614,5603.955,13016.26,2012.767,5435.229,13314.2,1973.057,5295.886,13375.28,1984.858,5377.676,13178.15,1977.858,5478.283,13136.42,2009.544,5279.632,13110.77,1963.221,5583.641,13033.51,1969.389,5476.153,13232.84,1979.789,5558.918,13276.06,1989.36,5318.775,13333.03,2042.597,5446.146
13158.3,1983.353,5258.266,13037.53,1950.195,5526.081,13333.15,1980.544,5561.136,13057.71,1976.692,5328.06,13217.33,2022.614,5605.01,13015.23,2012.767,5434.974,13314.64,1973.057,5294.925,13376.34,1984.858,5377.708,13178.15,1977.858,5479.339,13135.71,2009.544,5278.855,13111.27,1963.221,5584.571,13032.55,1969.389,5476.602,13233.87,1979.789,5558.68,13276.84,1989.36,5319.488,13333.69,2042.597,5446.971
13158.43,1983.353,5256.847,13036.26,1950.195,5526.722,13334.45,1980.544,5561.707,13056.65,1976.692,5327.104,13217.28,2022.614,5606.435,13013.86,2012.767,5434.602,13315.26,1973.057,5293.644,13377.76,1984.858,5377.715,13178.11,1977.858,5480.764,13134.75,2009.544,5277.802,13111.98,1963.221,5585.806,13031.25,1969.389,5477.189,13235.26,1979.789,5558.36,13277.86,1989.36,5320.482,13334.55,2042.597,5448.107
13158.54,1983.353,5255.959,13035.46,1950.195,5527.123,13335.28,1980.544,5562.037,13055.97,1976.692,5326.526,13217.25,2022.614,5607.327,13013,2012.767,5434.35,13315.68,1973.057,5292.852,13378.66,1984.858,5377.691,13178.05,1977.858,5481.656,13134.15,2009.544,5277.139,13112.45,1963.221,5586.566,13030.44,1969.389,5477.546,13236.13,1979.789,5558.161,13278.48,1989.36,5321.125,13335.11,2042.597,5448.801
13158.57,1983.353,5255.718,13035.24,1950.195,5527.231,13335.51,1980.544,5562.12,13055.78,1976.692,5326.374,13217.23,2022.614,5607.571,13012.77,2012.767,5434.276,13315.79,1973.057,5292.638,13378.9,1984.858,5377.676,13178.03,1977.858,5481.898,13133.99,2009.544,5276.957,13112.59,1963.221,5586.769,13030.21,1969.389,5477.64,13236.37,1979.789,5558.107,13278.64,1989.36,5321.305,13335.27,2042.597,5448.986
13158.81,1983.353,5254.182,13033.85,1950.195,5527.925,13336.99,1980.544,5562.599,13054.54,1976.692,5325.442,13217.13,2022.614,5609.123,13011.29,2012.767,5433.775,13316.58,1973.057,5291.297,13380.45,1984.858,5377.532,13177.83,1977.858,5483.441,13132.96,2009.544,5275.792,13113.49,1963.221,5588.04,13028.77,1969.389,5478.219,13237.88,1979.789,5557.761,13279.65,1989.36,5322.488,13336.33,2042.597,5450.128
13158.96,1983.353,5253.352,13033.11,1950.195,5528.324,13337.8,1980.544,5562.833,13053.85,1976.692,5324.957,13217.07,2022.614,5609.963,13010.5,2012.767,5433.487,13317.02,1973.057,5290.58,13381.29,1984.858,5377.427,13177.69,1977.858,5484.273,13132.4,2009.544,5275.158,13113.96,1963.221,5588.738,13027.98,1969.389,5478.521,13238.7,1979.789,5557.572,13280.18,1989.36,5323.146,13336.92,2042.597,5450.728
13159.08,1983.353,5252.773,13032.6,1950.195,5528.619,13338.37,1980.544,5562.978,13053.35,1976.692,5324.633,13217.02,2022.614,5610.551,13009.95,2012.767,5433.274,13317.35,1973.057,5290.084,13381.87,1984.858,5377.334,13177.57,1977.858,5484.853,13132.01,2009.544,5274.712,13114.28,1963.221,5589.234,13027.43,1969.389,5478.725,13239.28,1979.789,5557.439,13280.54,1989.36,5323.618,13337.35,2042.597,5451.134
13159.31,1983.353,5251.724,13031.68,1950.195,5529.183,13339.42,1980.544,5563.208,13052.44,1976.692,5324.07,13216.91,2022.614,5611.62,13008.96,2012.767,5432.865,13317.95,1973.057,5289.195,13382.93,1984.858,5377.13,13177.33,1977.858,5485.899,13131.31,2009.544,5273.897,13114.84,1963.221,5590.147,13026.41,1969.389,5479.081,13240.33,1979.789,5557.194,13281.16,1989.36,5324.497,13338.15,2042.597,5451.848
13159.38,1983.353,5251.439,13031.44,1950.195,5529.345,13339.71,1980.544,5563.261,13052.18,1976.692,5323.924,13216.87,2022.614,5611.911,13008.69,2012.767,5432.748,13318.12,1973.057,5288.955,13383.21,1984.858,5377.065,13177.26,1977.858,5486.183,13131.13,2009.544,5273.674,13114.99,1963.221,5590.4,13026.13,1969.389,5479.173,13240.61,1979.789,5557.126,13281.32,1989.36,5324.742,13338.38,2042.597,5452.036
13159.71,1983.353,5250.204,13030.39,1950.195,5530.082,13340.98,1980.544,5563.452,13051.05,1976.692,5323.322,13216.71,2022.614,5613.18,13007.53,2012.767,5432.211,13318.87,1973.057,5287.921,13384.47,1984.858,5376.823,13176.89,1977.858,5487.408,13130.3,2009.544,5272.696,13115.68,1963.221,5591.479,13024.92,1969.389,5479.56,13241.85,1979.789,5556.826,13281.99,1989.36,5325.832,13339.33,2042.597,5452.886
13159.93,1983.353,5249.457,13029.77,1950.195,5530.548,13341.75,1980.544,5563.543,13050.36,1976.692,5322.977,13216.6,2022.614,5613.951,13006.83,2012.767,5431.871,13319.34,1973.057,5287.298,13385.24,1984.858,5376.701,13176.64,1977.858,5488.145,13129.8,2009.544,5272.099,13116.12,1963.221,5592.122,13024.17,1969.389,5479.783,13242.61,1979.789,5556.64,13282.37,1989.36,5326.507,13339.9,2042.597,5453.421
13160.16,1983.353,5248.74,13029.18,1950.195,5531.018,13342.5,1980.544,5563.607,13049.67,1976.692,5322.664,13216.49,2022.614,5614.694,13006.16,2012.767,5431.527,13319.8,1973.057,5286.702,13385.98,1984.858,5376.607,13176.37,1977.858,5488.849,13129.32,2009.544,5271.52,13116.57,1963.221,5592.728,13023.45,1969.389,5479.987,13243.34,1979.789,5556.456,13282.73,1989.36,5327.171,13340.43,2042.597,5453.957
13160.34,1983.353,5248.184,13028.73,1950.195,5531.397,13343.08,1980.544,5563.677,13049.13,1976.692,5322.437,13216.39,2022.614,5615.273,13005.64,2012.767,5431.249,13320.16,1973.057,5286.24,13386.57,1984.858,5376.553,13176.15,1977.858,5489.392,13128.94,2009.544,5271.078,13116.93,1963.221,5593.19,13022.88,1969.389,5480.138,13243.91,1979.789,5556.31,13282.99,1989.36,5327.698,13340.82,2042.597,5454.388
13160.59,1983.353,5247.515,13028.2,1950.195,5531.874,13343.79,1980.544,5563.739,13048.47,1976.692,5322.183,13216.27,2022.614,5615.973,13005.02,2012.767,5430.898,13320.6,1973.057,5285.683,13387.28,1984.858,5376.511,13175.85,1977.858,5490.04,13128.45,2009.544,5270.556,13117.39,1963.221,5593.735,13022.19,1969.389,5480.31,13244.59,1979.789,5556.127,13283.28,1989.36,5328.346,13341.29,2042.597,5454.926
13160.83,1983.353,5246.873,13027.7,1950.195,5532.349,13344.48,1980.544,5563.793,13047.81,1976.692,5321.959,13216.14,2022.614,5616.649,13004.43,2012.767,5430.547,13321.03,1973.057,5285.146,13387.97,1984.858,5376.492,13175.55,1977.858,5490.658,13127.97,2009.544,5270.063,13117.85,1963.221,5594.248,13021.52,1969.389,5480.465,13245.26,1979.789,5555.946,13283.55,1989.36,5328.981,13341.72,2042.597,5455.461
13161.09,1983.353,5246.254,13027.23,1950.195,5532.826,13345.14,1980.544,5563.848,13047.17,1976.692,5321.762,13216,2022.614,5617.304,13003.86,2012.767,5430.194,13321.45,1973.057,5284.626,13388.64,1984.858,5376.496,13175.24,1977.858,5491.248,13127.49,2009.544,5269.597,13118.31,1963.221,5594.73,13020.86,1969.389,5480.606,13245.9,1979.789,5555.766,13283.79,1989.36,5329.606,13342.13,2042.597,5455.994
13161.35,1983.353,5245.665,13026.79,1950.195,5533.297,13345.78,1980.544,5563.907,13046.57,1976.692,5321.553,13215.87,2022.614,5617.933,13003.32,2012.767,5429.844,13321.86,1973.057,5284.126,13389.28,1984.858,5376.485,13174.92,1977.858,5491.806,13127.02,2009.544,5269.162,13118.77,1963.221,5595.182,13020.23,1969.389,5480.731,13246.52,1979.789,5555.587,13284,1989.36,5330.215,13342.53,2042.597,5456.497
13161.61,1983.353,5245.096,13026.38,1950.195,5533.769,13346.4,1980.544,5564.008,13045.98,1976.692,5321.33,13215.73,2022.614,5618.544,13002.8,2012.767,5429.492,13322.25,1973.057,5283.64,13389.91,1984.858,5376.459,13174.58,1977.858,5492.338,13126.54,2009.544,5268.751,13119.23,1963.221,5595.607,13019.62,1969.389,5480.843,13247.12,1979.789,5555.407,13284.18,1989.36,5330.813,13342.94,2042.597,5456.975
13161.88,1983.353,5244.544,13025.99,1950.195,5534.242,13346.99,1980.544,5564.159,13045.4,1976.692,5321.128,13215.58,2022.614,5619.14,13002.3,2012.767,5429.138,13322.64,1973.057,5283.165,13390.52,1984.858,5376.418,13174.25,1977.858,5492.849,13126.07,2009.544,5268.362,13119.69,1963.221,5596.01,13019.01,1969.389,5480.942,13247.71,1979.789,5555.226,13284.35,1989.36,5331.404,13343.34,2042.597,5457.432
13162.23,1983.353,5243.854,13025.52,1950.195,5534.855,13347.75,1980.544,5564.325,13044.66,1976.692,5320.896,13215.39,2022.614,5619.892,13001.68,2012.767,5428.678,13323.13,1973.057,5282.562,13391.29,1984.858,5376.347,13173.79,1977.858,5493.48,13125.46,2009.544,5267.886,13120.29,1963.221,5596.502,13018.24,1969.389,5481.055,13248.45,1979.789,5554.99,13284.53,1989.36,5332.158,13343.88,2042.597,5457.996
13162.42,1983.353,5243.518,13025.29,1950.195,5535.165,13348.13,1980.544,5564.395,13044.29,1976.692,5320.792,13215.29,2022.614,5620.261,13001.38,2012.767,5428.445,13323.37,1973.057,5282.264,13391.67,1984.858,5376.302,13173.56,1977.858,5493.784,13125.15,2009.544,5267.66,13120.6,1963.221,5596.735,13017.86,1969.389,5481.104,13248.81,1979.789,5554.87,13284.61,1989.36,5332.532,13344.15,2042.597,5458.267
13162.71,1983.353,5242.991,13024.95,1950.195,5535.664,13348.73,1980.544,5564.485,13043.71,1976.692,5320.644,13215.13,2022.614,5620.845,13000.9,2012.767,5428.066,13323.75,1973.057,5281.792,13392.27,1984.858,5376.214,13173.18,1977.858,5494.252,13124.65,2009.544,5267.315,13121.09,1963.221,5597.09,13017.26,1969.389,5481.172,13249.38,1979.789,5554.673,13284.72,1989.36,5333.129,13344.59,2042.597,5458.683
13163.07,1983.353,5242.399,13024.58,1950.195,5536.243,13349.41,1980.544,5564.568,13043.03,1976.692,5320.495,13214.94,2022.614,5621.506,13000.37,2012.767,5427.626,13324.17,1973.057,5281.253,13392.95,1984.858,5376.096,13172.72,1977.858,5494.771,13124.07,2009.544,5266.939,13121.66,1963.221,5597.477,13016.58,1969.389,5481.239,13250.03,1979.789,5554.443,13284.82,1989.36,5333.81,13345.1,2042.597,5459.143
13163.32,1983.353,5241.994,13024.33,1950.195,5536.652,13349.89,1980.544,5564.611,13042.56,1976.692,5320.407,13214.8,2022.614,5621.963,13000.01,2012.767,5427.314,13324.47,1973.057,5280.878,13393.42,1984.858,5376.009,13172.4,1977.858,5495.12,13123.67,2009.544,5266.69,13122.06,1963.221,5597.732,13016.1,1969.389,5481.277,13250.48,1979.789,5554.278,13284.87,1989.36,5334.285,13345.45,2042.597,5459.472
13163.5,1983.353,5241.71,13024.16,1950.195,5536.946,13350.22,1980.544,5564.634,13042.23,1976.692,5320.356,13214.7,2022.614,5622.286,12999.76,2012.767,5427.088,13324.68,1973.057,5280.611,13393.75,1984.858,5375.949,13172.16,1977.858,5495.359,13123.37,2009.544,5266.521,13122.35,1963.221,5597.904,13015.76,1969.389,5481.298,13250.8,1979.789,5554.157,13284.9,1989.36,5334.623,13345.69,2042.597,5459.713
13163.8,1983.353,5241.269,13023.91,1950.195,5537.418,13350.75,1980.544,5564.688,13041.7,1976.692,5320.292,13214.54,2022.614,5622.793,12999.37,2012.767,5426.725,13325.01,1973.057,5280.19,13394.27,1984.858,5375.846,13171.77,1977.858,5495.724,13122.9,2009.544,5266.269,13122.82,1963.221,5598.159,13015.23,1969.389,5481.323,13251.29,1979.789,5553.961,13284.93,1989.36,5335.155,13346.05,2042.597,5460.103
13164.12,1983.353,5240.824,13023.67,1950.195,5537.908,13351.3,1980.544,5564.725,13041.15,1976.692,5320.245,13214.36,2022.614,5623.31,12998.98,2012.767,5426.346,13325.34,1973.057,5279.758,13394.81,1984.858,5375.732,13171.36,1977.858,5496.084,13122.42,2009.544,5266.023,13123.31,1963.221,5598.405,13014.68,1969.389,5481.339,13251.8,1979.789,5553.77,13284.94,1989.36,5335.701,13346.41,2042.597,5460.512
13164.32,1983.353,5240.552,13023.53,1950.195,5538.214,13351.64,1980.544,5564.737,13040.82,1976.692,5320.227,13214.25,2022.614,5623.629,12998.74,2012.767,5426.107,13325.54,1973.057,5279.49,13395.14,1984.858,5375.66,13171.1,1977.858,5496.299,13122.11,2009.544,5265.88,13123.61,1963.221,5598.547,13014.35,1969.389,5481.343,13252.12,1979.789,5553.656,13284.94,1989.36,5336.038,13346.63,2042.597,5460.771
13164.59,1983.353,5240.199,13023.36,1950.195,5538.625,13352.08,1980.544,5564.74,13040.37,1976.692,5320.217,13214.1,2022.614,5624.048,12998.43,2012.767,5425.787,13325.81,1973.057,5279.135,13395.57,1984.858,5375.557,13170.75,1977.858,5496.57,13121.7,2009.544,5265.702,13124.02,1963.221,5598.721,13013.9,1969.389,5481.342,13252.54,1979.789,5553.512,13284.92,1989.36,5336.483,13346.9,2042.597,5461.122
13164.94,1983.353,5239.767,13023.15,1950.195,5539.14,13352.63,1980.544,5564.725,13039.82,1976.692,5320.223,13213.91,2022.614,5624.567,12998.05,2012.767,5425.382,13326.15,1973.057,5278.693,13396.11,1984.858,5375.417,13170.3,1977.858,5496.893,13121.19,2009.544,5265.495,13124.54,1963.221,5598.921,13013.35,1969.389,5481.331,13253.07,1979.789,5553.341,13284.89,1989.36,5337.035,13347.23,2042.597,5461.567
13165.09,1983.353,5239.586,13023.08,1950.195,5539.36,13352.87,1980.544,5564.712,13039.58,1976.692,5320.232,13213.83,2022.614,5624.787,12997.9,2012.767,5425.208,13326.29,1973.057,5278.505,13396.33,1984.858,5375.352,13170.11,1977.858,5497.036,13120.97,2009.544,5265.413,13124.76,1963.221,5598.999,13013.12,1969.389,5481.322,13253.29,1979.789,5553.262,13284.87,1989.36,5337.269,13347.37,2042.597,5461.754
13165.47,1983.353,5239.135,13022.89,1950.195,5539.927,13353.46,1980.544,5564.661,13038.99,1976.692,5320.271,13213.61,2022.614,5625.343,12997.5,2012.767,5424.758,13326.64,1973.057,5278.025,13396.9,1984.858,5375.167,13169.65,1977.858,5497.415,13120.41,2009.544,5265.221,13125.33,1963.221,5599.181,13012.52,1969.389,5481.291,13253.84,1979.789,5553.048,13284.79,1989.36,5337.86,13347.74,2042.597,5462.227
13165.65,1983.353,5238.943,13022.81,1950.195,5540.173,13353.72,1980.544,5564.631,13038.73,1976.692,5320.295,13213.52,2022.614,5625.582,12997.34,2012.767,5424.561,13326.79,1973.057,5277.818,13397.14,1984.858,5375.081,13169.46,1977.858,5497.584,13120.16,2009.544,5265.145,13125.58,1963.221,5599.252,13012.26,1969.389,5481.273,13254.08,1979.789,5552.95,13284.75,1989.36,5338.114,13347.89,2042.597,5462.429
13165.9,1983.353,5238.664,13022.71,1950.195,5540.541,13354.09,1980.544,5564.576,13038.36,1976.692,5320.341,13213.38,2022.614,5625.935,12997.1,2012.767,5424.265,13327.02,1973.057,5277.51,13397.5,1984.858,5374.942,13169.18,1977.858,5497.844,13119.79,2009.544,5265.041,13125.94,1963.221,5599.347,13011.88,1969.389,5481.241,13254.43,1979.789,5552.796,13284.68,1989.36,5338.489,13348.13,2042.597,5462.727
13166.12,1983.353,5238.438,13022.64,1950.195,5540.844,13354.4,1980.544,5564.521,13038.05,1976.692,5320.387,13213.26,2022.614,5626.222,12996.91,2012.767,5424.02,13327.2,1973.057,5277.258,13397.78,1984.858,5374.819,13168.96,1977.858,5498.064,13119.49,2009.544,5264.965,13126.25,1963.221,5599.416,13011.57,1969.389,5481.21,13254.71,1979.789,5552.663,13284.61,1989.36,5338.793,13348.33,2042.597,5462.968
13166.49,1983.353,5238.064,13022.53,1950.195,5541.358,13354.92,1980.544,5564.415,13037.53,1976.692,5320.479,13213.05,2022.614,5626.707,12996.59,2012.767,5423.601,13327.51,1973.057,5276.83,13398.26,1984.858,5374.598,13168.6,1977.858,5498.448,13118.98,2009.544,5264.85,13126.76,1963.221,5599.516,13011.05,1969.389,5481.149,13255.18,1979.789,5552.426,13284.49,1989.36,5339.305,13348.67,2042.597,5463.373
13166.65,1983.353,5237.905,13022.49,1950.195,5541.583,13355.14,1980.544,5564.361,13037.3,1976.692,5320.524,13212.96,2022.614,5626.916,12996.45,2012.767,5423.417,13327.64,1973.057,5276.645,13398.46,1984.858,5374.495,13168.45,1977.858,5498.62,13118.75,2009.544,5264.806,13126.99,1963.221,5599.552,13010.82,1969.389,5481.119,13255.38,1979.789,5552.318,13284.42,1989.36,5339.524,13348.81,2042.597,5463.546
13166.92,1983.353,5237.656,13022.43,1950.195,5541.939,13355.49,1980.544,5564.266,13036.95,1976.692,5320.608,13212.81,2022.614,5627.247,12996.24,2012.767,5423.124,13327.85,1973.057,5276.35,13398.78,1984.858,5374.323,13168.2,1977.858,5498.883,13118.4,2009.544,5264.745,13127.35,1963.221,5599.599,13010.47,1969.389,5481.066,13255.7,1979.789,5552.141,13284.32,1989.36,5339.87,13349.04,2042.597,5463.829
13167.16,1983.353,5237.43,13022.38,1950.195,5542.271,13355.81,1980.544,5564.167,13036.63,1976.692,5320.697,13212.68,2022.614,5627.552,12996.05,2012.767,5422.848,13328.04,1973.057,5276.077,13399.07,1984.858,5374.154,13167.96,1977.858,5499.119,13118.07,2009.544,5264.698,13127.68,1963.221,5599.631,13010.14,1969.389,5481.013,13255.98,1979.789,5551.969,13284.21,1989.36,5340.187,13349.24,2042.597,5464.098
13167.32,1983.353,5237.291,13022.36,1950.195,5542.478,13356,1980.544,5564.1,13036.43,1976.692,5320.758,13212.59,2022.614,5627.741,12995.94,2012.767,5422.675,13328.16,1973.057,5275.906,13399.25,1984.858,5374.043,13167.81,1977.858,5499.261,13117.86,2009.544,5264.674,13127.89,1963.221,5599.645,13009.93,1969.389,5480.976,13256.16,1979.789,5551.858,13284.14,1989.36,5340.383,13349.36,2042.597,5464.269
13167.53,1983.353,5237.107,13022.33,1950.195,5542.757,13356.27,1980.544,5564,13036.17,1976.692,5320.85,13212.47,2022.614,5627.996,12995.78,2012.767,5422.44,13328.32,1973.057,5275.676,13399.48,1984.858,5373.887,13167.6,1977.858,5499.446,13117.58,2009.544,5264.648,13128.17,1963.221,5599.653,13009.66,1969.389,5480.923,13256.4,1979.789,5551.703,13284.04,1989.36,5340.644,13349.51,2042.597,5464.504
13167.69,1983.353,5236.973,13022.32,1950.195,5542.965,13356.46,1980.544,5563.919,13035.97,1976.692,5320.924,13212.38,2022.614,5628.184,12995.67,2012.767,5422.264,13328.44,1973.057,5275.505,13399.65,1984.858,5373.765,13167.43,1977.858,5499.578,13117.37,2009.544,5264.635,13128.38,1963.221,5599.653,13009.45,1969.389,5480.88,13256.57,1979.789,5551.584,13283.96,1989.36,5340.836,13349.62,2042.597,5464.682
13167.85,1983.353,5236.84,13022.31,1950.195,5543.173,13356.65,1980.544,5563.832,13035.78,1976.692,5321.004,13212.29,2022.614,5628.372,12995.56,2012.767,5422.086,13328.56,1973.057,5275.334,13399.81,1984.858,5373.637,13167.27,1977.858,5499.704,13117.16,2009.544,5264.626,13128.59,1963.221,5599.646,13009.25,1969.389,5480.835,13256.74,1979.789,5551.462,13283.87,1989.36,5341.026,13349.72,2042.597,5464.864
13168.01,1983.353,5236.71,13022.31,1950.195,5543.381,13356.84,1980.544,5563.739,13035.59,1976.692,5321.091,13212.2,2022.614,5628.56,12995.46,2012.767,5421.907,13328.68,1973.057,5275.163,13399.97,1984.858,5373.505,13167.1,1977.858,5499.825,13116.96,2009.544,5264.623,13128.79,1963.221,5599.632,13009.05,1969.389,5480.787,13256.9,1979.789,5551.336,13283.78,1989.36,5341.214,13349.81,2042.597,5465.049
13168.24,1983.353,5236.53,13022.3,1950.195,5543.673,13357.09,1980.544,5563.602,13035.33,1976.692,5321.218,13212.07,2022.614,5628.821,12995.31,2012.767,5421.654,13328.84,1973.057,5274.923,13400.19,1984.858,5373.314,13166.87,1977.858,5500.002,13116.66,2009.544,5264.625,13129.09,1963.221,5599.622,13008.76,1969.389,5480.715,13257.13,1979.789,5551.155,13283.65,1989.36,5341.475,13349.95,2042.597,5465.306
13168.41,1983.353,5236.404,13022.31,1950.195,5543.881,13357.27,1980.544,5563.498,13035.14,1976.692,5321.312,13211.98,2022.614,5629.008,12995.21,2012.767,5421.472,13328.96,1973.057,5274.751,13400.35,1984.858,5373.174,13166.71,1977.858,5500.134,13116.46,2009.544,5264.632,13129.29,1963.221,5599.622,13008.56,1969.389,5480.661,13257.29,1979.789,5551.022,13283.56,1989.36,5341.66,13350.05,2042.597,5465.489
13168.61,1983.353,5236.253,13022.32,1950.195,5544.132,13357.49,1980.544,5563.367,13034.92,1976.692,5321.43,13211.87,2022.614,5629.233,12995.09,2012.767,5421.251,13329.11,1973.057,5274.544,13400.53,1984.858,5373.001,13166.52,1977.858,5500.3,13116.21,2009.544,5264.646,13129.55,1963.221,5599.629,13008.32,1969.389,5480.593,13257.48,1979.789,5550.858,13283.44,1989.36,5341.881,13350.17,2042.597,5465.708
13168.97,1983.353,5235.991,13022.34,1950.195,5544.576,13357.86,1980.544,5563.125,13034.53,1976.692,5321.644,13211.68,2022.614,5629.636,12994.88,2012.767,5420.858,13329.36,1973.057,5274.178,13400.85,1984.858,5372.688,13166.19,1977.858,5500.603,13115.76,2009.544,5264.681,13129.99,1963.221,5599.658,13007.89,1969.389,5480.467,13257.83,1979.789,5550.581,13283.22,1989.36,5342.268,13350.4,2042.597,5466.092
13169.18,1983.353,5235.839,13022.36,1950.195,5544.835,13358.08,1980.544,5562.977,13034.3,1976.692,5321.772,13211.58,2022.614,5629.875,12994.76,2012.767,5420.627,13329.5,1973.057,5273.963,13401.03,1984.858,5372.5,13166.01,1977.858,5500.786,13115.5,2009.544,5264.708,13130.25,1963.221,5599.683,13007.65,1969.389,5480.39,13258.04,1979.789,5550.425,13283.09,1989.36,5342.493,13350.53,2042.597,5466.315
13169.59,1983.353,5235.552,13022.4,1950.195,5545.333,13358.48,1980.544,5562.682,13033.87,1976.692,5322.028,13211.4,2022.614,5630.343,12994.54,2012.767,5420.18,13329.79,1973.057,5273.55,13401.36,1984.858,5372.129,13165.66,1977.858,5501.15,13115.01,2009.544,5264.769,13130.74,1963.221,5599.747,13007.17,1969.389,5480.236,13258.45,1979.789,5550.138,13282.83,1989.36,5342.923,13350.79,2042.597,5466.743
13170.07,1983.353,5235.216,13022.45,1950.195,5545.922,13358.95,1980.544,5562.321,13033.37,1976.692,5322.337,13211.21,2022.614,5630.901,12994.28,2012.767,5419.649,13330.12,1973.057,5273.062,13401.76,1984.858,5371.697,13165.27,1977.858,5501.594,13114.42,2009.544,5264.854,13131.33,1963.221,5599.841,13006.61,1969.389,5480.048,13258.94,1979.789,5549.814,13282.53,1989.36,5343.428,13351.1,2042.597,5467.244
13170.41,1983.353,5234.987,13022.5,1950.195,5546.328,13359.26,1980.544,5562.062,13033.03,1976.692,5322.563,13211.06,2022.614,5631.283,12994.11,2012.767,5419.28,13330.35,1973.057,5272.724,13402.03,1984.858,5371.389,13164.99,1977.858,5501.892,13114.02,2009.544,5264.92,13131.73,1963.221,5599.894,13006.22,1969.389,5479.914,13259.28,1979.789,5549.58,13282.31,1989.36,5343.776,13351.31,2042.597,5467.597
13170.88,1983.353,5234.677,13022.57,1950.195,5546.884,13359.68,1980.544,5561.692,13032.57,1976.692,5322.886,13210.84,2022.614,5631.799,12993.87,2012.767,5418.771,13330.66,1973.057,5272.261,13402.39,1984.858,5370.955,13164.59,1977.858,5502.287,13113.47,2009.544,5265.023,13132.29,1963.221,5599.947,13005.7,1969.389,5479.724,13259.73,1979.789,5549.244,13282.01,1989.36,5344.251,13351.58,2042.597,5468.09
13171.33,1983.353,5234.381,13022.64,1950.195,5547.42,13360.08,1980.544,5561.321,13032.14,1976.692,5323.213,13210.61,2022.614,5632.291,12993.65,2012.767,5418.277,13330.97,1973.057,5271.813,13402.72,1984.858,5370.524,13164.2,1977.858,5502.657,13112.94,2009.544,5265.133,13132.83,1963.221,5599.981,13005.19,1969.389,5479.536,13260.15,1979.789,5548.905,13281.73,1989.36,5344.709,13351.82,2042.597,5468.575
13171.77,1983.353,5234.096,13022.72,1950.195,5547.941,13360.45,1980.544,5560.949,13031.73,1976.692,5323.545,13210.38,2022.614,5632.762,12993.44,2012.767,5417.793,13331.26,1973.057,5271.376,13403.02,1984.858,5370.095,13163.8,1977.858,5503.003,13112.42,2009.544,5265.25,13133.36,1963.221,5599.998,13004.7,1969.389,5479.348,13260.55,1979.789,5548.562,13281.44,1989.36,5345.153,13352.04,2042.597,5469.054
13172.21,1983.353,5233.823,13022.8,1950.195,5548.444,13360.8,1980.544,5560.577,13031.34,1976.692,5323.879,13210.13,2022.614,5633.209,12993.24,2012.767,5417.324,13331.55,1973.057,5270.955,13403.3,1984.858,5369.67,13163.41,1977.858,5503.326,13111.93,2009.544,5265.372,13133.87,1963.221,5599.997,13004.22,1969.389,5479.162,13260.92,1979.789,5548.217,13281.17,1989.36,5345.581,13352.24,2042.597,5469.524
13172.62,1983.353,5233.563,13022.89,1950.195,5548.93,13361.13,1980.544,5560.207,13030.98,1976.692,5324.214,13209.88,2022.614,5633.635,12993.05,2012.767,5416.868,13331.83,1973.057,5270.546,13403.56,1984.858,5369.25,13163.01,1977.858,5503.625,13111.45,2009.544,5265.498,13134.36,1963.221,5599.979,13003.76,1969.389,5478.979,13261.28,1979.789,5547.872,13280.9,1989.36,5345.994,13352.41,2042.597,5469.984
13173.03,1983.353,5233.312,13022.98,1950.195,5549.4,13361.43,1980.544,5559.838,13030.64,1976.692,5324.551,13209.63,2022.614,5634.04,12992.88,2012.767,5416.424,13332.09,1973.057,5270.15,13403.8,1984.858,5368.835,13162.62,1977.858,5503.903,13110.99,2009.544,5265.627,13134.84,1963.221,5599.947,13003.32,1969.389,5478.798,13261.61,1979.789,5547.526,13280.63,1989.36,5346.395,13352.57,2042.597,5470.437
13173.43,1983.353,5233.072,13023.07,1950.195,5549.855,13361.72,1980.544,5559.474,13030.3,1976.692,5324.866,13209.39,2022.614,5634.438,12992.71,2012.767,5415.992,13332.35,1973.057,5269.767,13404.03,1984.858,5368.433,13162.26,1977.858,5504.184,13110.55,2009.544,5265.76,13135.3,1963.221,5599.931,13002.89,1969.389,5478.62,13261.92,1979.789,5547.183,13280.38,1989.36,5346.781,13352.72,2042.597,5470.875
13173.81,1983.353,5232.842,13023.16,1950.195,5550.293,13361.99,1980.544,5559.117,13029.96,1976.692,5325.159,13209.18,2022.614,5634.831,12992.55,2012.767,5415.573,13332.61,1973.057,5269.396,13404.26,1984.858,5368.044,13161.91,1977.858,5504.468,13110.12,2009.544,5265.895,13135.75,1963.221,5599.93,13002.48,1969.389,5478.446,13262.21,1979.789,5546.841,13280.13,1989.36,5347.155,13352.86,2042.597,5471.301
13174.11,1983.353,5232.665,13023.23,1950.195,5550.634,13362.21,1980.544,5558.846,13029.69,1976.692,5325.378,13209.02,2022.614,5635.141,12992.43,2012.767,5415.247,13332.8,1973.057,5269.107,13404.43,1984.858,5367.742,13161.65,1977.858,5504.697,13109.79,2009.544,5266.004,13136.1,1963.221,5599.941,13002.16,1969.389,5478.309,13262.43,1979.789,5546.569,13279.94,1989.36,5347.445,13352.97,2042.597,5471.629
13174.67,1983.353,5232.341,13023.37,1950.195,5551.26,13362.63,1980.544,5558.359,13029.18,1976.692,5325.766,13208.74,2022.614,5635.721,12992.21,2012.767,5414.642,13333.16,1973.057,5268.575,13404.75,1984.858,5367.185,13161.15,1977.858,5505.104,13109.18,2009.544,5266.214,13136.74,1963.221,5599.981,13001.57,1969.389,5478.053,13262.81,1979.789,5546.056,13279.58,1989.36,5347.979,13353.21,2042.597,5472.225
13174.89,1983.353,5232.211,13023.43,1950.195,5551.512,13362.8,1980.544,5558.168,13028.97,1976.692,5325.916,13208.64,2022.614,5635.958,12992.13,2012.767,5414.397,13333.31,1973.057,5268.36,13404.88,1984.858,5366.96,13160.94,1977.858,5505.261,13108.94,2009.544,5266.301,13137,1963.221,5600.003,13001.33,1969.389,5477.948,13262.96,1979.789,5545.844,13279.44,1989.36,5348.195,13353.32,2042.597,5472.463
13175.19,1983.353,5232.042,13023.51,1950.195,5551.842,13363.04,1980.544,5557.926,13028.68,1976.692,5326.103,13208.51,2022.614,5636.272,12992.02,2012.767,5414.075,13333.5,1973.057,5268.079,13405.05,1984.858,5366.666,13160.67,1977.858,5505.459,13108.62,2009.544,5266.419,13137.34,1963.221,5600.039,13001.02,1969.389,5477.811,13263.15,1979.789,5545.561,13279.25,1989.36,5348.477,13353.46,2042.597,5472.77
13175.53,1983.353,5231.845,13023.61,1950.195,5552.229,13363.33,1980.544,5557.65,13028.34,1976.692,5326.312,13208.37,2022.614,5636.646,12991.9,2012.767,5413.695,13333.72,1973.057,5267.748,13405.25,1984.858,5366.319,13160.33,1977.858,5505.682,13108.25,2009.544,5266.563,13137.73,1963.221,5600.09,13000.66,1969.389,5477.647,13263.36,1979.789,5545.221,13279.03,1989.36,5348.809,13353.65,2042.597,5473.125
13175.82,1983.353,5231.685,13023.69,1950.195,5552.546,13363.56,1980.544,5557.417,13028.07,1976.692,5326.492,13208.26,2022.614,5636.954,12991.8,2012.767,5413.384,13333.9,1973.057,5267.478,13405.4,1984.858,5366.03,13160.06,1977.858,5505.855,13107.94,2009.544,5266.683,13138.06,1963.221,5600.14,13000.36,1969.389,5477.513,13263.52,1979.789,5544.938,13278.85,1989.36,5349.08,13353.79,2042.597,5473.419
13176,1983.353,5231.583,13023.75,1950.195,5552.747,13363.7,1980.544,5557.264,13027.9,1976.692,5326.612,13208.2,2022.614,5637.152,12991.74,2012.767,5413.186,13334.02,1973.057,5267.305,13405.49,1984.858,5365.843,13159.88,1977.858,5505.959,13107.75,2009.544,5266.761,13138.26,1963.221,5600.176,13000.17,1969.389,5477.427,13263.62,1979.789,5544.754,13278.73,1989.36,5349.253,13353.87,2042.597,5473.61
13176.18,1983.353,5231.483,13023.8,1950.195,5552.948,13363.84,1980.544,5557.106,13027.74,1976.692,5326.738,13208.14,2022.614,5637.352,12991.68,2012.767,5412.986,13334.13,1973.057,5267.129,13405.58,1984.858,5365.653,13159.69,1977.858,5506.059,13107.56,2009.544,5266.841,13138.47,1963.221,5600.217,12999.98,1969.389,5477.341,13263.71,1979.789,5544.567,13278.61,1989.36,5349.422,13353.95,2042.597,5473.804
13176.44,1983.353,5231.341,13023.88,1950.195,5553.233,13364.02,1980.544,5556.876,13027.51,1976.692,5326.924,13208.06,2022.614,5637.638,12991.59,2012.767,5412.703,13334.28,1973.057,5266.874,13405.69,1984.858,5365.38,13159.43,1977.858,5506.19,13107.29,2009.544,5266.956,13138.75,1963.221,5600.281,12999.71,1969.389,5477.218,13263.83,1979.789,5544.298,13278.43,1989.36,5349.656,13354.05,2042.597,5474.082
13176.7,1983.353,5231.199,13023.96,1950.195,5553.517,13364.2,1980.544,5556.641,13027.27,1976.692,5327.104,13207.99,2022.614,5637.925,12991.51,2012.767,5412.42,13334.42,1973.057,5266.614,13405.79,1984.858,5365.103,13159.16,1977.858,5506.313,13107.01,2009.544,5267.073,13139.04,1963.221,5600.353,12999.45,1969.389,5477.094,13263.95,1979.789,5544.025,13278.24,1989.36,5349.884,13354.14,2042.597,5474.362
13176.88,1983.353,5231.1,13024.02,1950.195,5553.717,13364.32,1980.544,5556.47,13027.1,1976.692,5327.227,13207.95,2022.614,5638.129,12991.44,2012.767,5412.222,13334.51,1973.057,5266.427,13405.86,1984.858,5364.906,13158.97,1977.858,5506.394,13106.82,2009.544,5267.157,13139.24,1963.221,5600.408,12999.26,1969.389,5477.007,13264.02,1979.789,5543.831,13278.1,1989.36,5350.04,13354.2,2042.597,5474.563
13177.08,1983.353,5230.994,13024.08,1950.195,5553.932,13364.46,1980.544,5556.292,13026.92,1976.692,5327.354,13207.91,2022.614,5638.348,12991.37,2012.767,5412.011,13334.61,1973.057,5266.224,13405.93,1984.858,5364.694,13158.76,1977.858,5506.474,13106.62,2009.544,5267.249,13139.46,1963.221,5600.472,12999.05,1969.389,5476.914,13264.09,1979.789,5543.619,13277.95,1989.36,5350.203,13354.27,2042.597,5474.775
13177.27,1983.353,5230.891,13024.14,1950.195,5554.139,13364.59,1980.544,5556.124,13026.74,1976.692,5327.472,13207.88,2022.614,5638.562,12991.3,2012.767,5411.807,13334.69,1973.057,5266.024,13406,1984.858,5364.489,13158.56,1977.858,5506.545,13106.42,2009.544,5267.338,13139.66,1963.221,5600.539,12998.86,1969.389,5476.823,13264.16,1979.789,5543.413,13277.79,1989.36,5350.355,13354.34,2042.597,5474.979
13177.46,1983.353,5230.792,13024.2,1950.195,5554.341,13364.73,1980.544,5555.964,13026.56,1976.692,5327.582,13207.85,2022.614,5638.771,12991.23,2012.767,5411.61,13334.76,1973.057,5265.828,13406.07,1984.858,5364.29,13158.36,1977.858,5506.607,13106.23,2009.544,5267.426,13139.86,1963.221,5600.609,12998.67,1969.389,5476.735,13264.21,1979.789,5543.209,13277.64,1989.36,5350.499,13354.42,2042.597,5475.174
13177.64,1983.353,5230.694,13024.26,1950.195,5554.54,13364.87,1980.544,5555.811,13026.38,1976.692,5327.686,13207.83,2022.614,5638.978,12991.15,2012.767,5411.416,13334.83,1973.057,5265.631,13406.13,1984.858,5364.092,13158.15,1977.858,5506.663,13106.04,2009.544,5267.514,13140.05,1963.221,5600.683,12998.48,1969.389,5476.647,13264.26,1979.789,5543.007,13277.48,1989.36,5350.636,13354.5,2042.597,5475.365
13177.82,1983.353,5230.596,13024.32,1950.195,5554.739,13365.02,1980.544,5555.663,13026.19,1976.692,5327.785,13207.81,2022.614,5639.185,12991.07,2012.767,5411.222,13334.89,1973.057,5265.432,13406.2,1984.858,5363.895,13157.95,1977.858,5506.712,13105.85,2009.544,5267.602,13140.25,1963.221,5600.762,12998.29,1969.389,5476.56,13264.3,1979.789,5542.803,13277.32,1989.36,5350.768,13354.59,2042.597,5475.553
13178.01,1983.353,5230.499,13024.38,1950.195,5554.938,13365.17,1980.544,5555.519,13026.01,1976.692,5327.879,13207.8,2022.614,5639.393,12990.99,2012.767,5411.03,13334.95,1973.057,5265.23,13406.27,1984.858,5363.698,13157.75,1977.858,5506.754,13105.67,2009.544,5267.691,13140.44,1963.221,5600.846,12998.1,1969.389,5476.473,13264.34,1979.789,5542.598,13277.16,1989.36,5350.895,13354.69,2042.597,5475.738
13178.19,1983.353,5230.401,13024.45,1950.195,5555.136,13365.33,1980.544,5555.38,13025.82,1976.692,5327.968,13207.79,2022.614,5639.601,12990.91,2012.767,5410.839,13335,1973.057,5265.028,13406.33,1984.858,5363.5,13157.54,1977.858,5506.79,13105.48,2009.544,5267.781,13140.63,1963.221,5600.934,12997.91,1969.389,5476.386,13264.37,1979.789,5542.392,13276.99,1989.36,5351.016,13354.79,2042.597,5475.919
13178.38,1983.353,5230.304,13024.51,1950.195,5555.334,13365.49,1980.544,5555.247,13025.63,1976.692,5328.052,13207.79,2022.614,5639.81,12990.82,2012.767,5410.649,13335.04,1973.057,5264.824,13406.4,1984.858,5363.303,13157.34,1977.858,5506.819,13105.29,2009.544,5267.872,13140.81,1963.221,5601.027,12997.72,1969.389,5476.299,13264.4,1979.789,5542.185,13276.81,1989.36,5351.131,13354.9,2042.597,5476.098
13178.56,1983.353,5230.208,13024.57,1950.195,5555.533,13365.65,1980.544,5555.119,13025.44,1976.692,5328.13,13207.79,2022.614,5640.018,12990.73,2012.767,5410.461,13335.07,1973.057,5264.618,13406.47,1984.858,5363.106,13157.13,1977.858,5506.842,13105.1,2009.544,5267.962,13141,1963.221,5601.125,12997.53,1969.389,5476.212,13264.42,1979.789,5541.978,13276.64,1989.36,5351.24,13355.01,2042.597,5476.272
13178.75,1983.353,5230.111,13024.64,1950.195,5555.731,13365.82,1980.544,5554.997,13025.24,1976.692,5328.203,13207.8,2022.614,5640.226,12990.64,2012.767,5410.273,13335.1,1973.057,5264.412,13406.53,1984.858,5362.909,13156.92,1977.858,5506.857,13104.92,2009.544,5268.054,13141.18,1963.221,5601.227,12997.34,1969.389,5476.125,13264.43,1979.789,5541.77,13276.46,1989.36,5351.344,13355.13,2042.597,5476.443
13178.93,1983.353,5230.014,13024.7,1950.195,5555.929,13365.99,1980.544,5554.879,13025.04,1976.692,5328.27,13207.82,2022.614,5640.434,12990.55,2012.767,5410.087,13335.12,1973.057,5264.205,13406.6,1984.858,5362.711,13156.71,1977.858,5506.866,13104.73,2009.544,5268.146,13141.36,1963.221,5601.333,12997.15,1969.389,5476.039,13264.44,1979.789,5541.562,13276.27,1989.36,5351.441,13355.25,2042.597,5476.61
13179.11,1983.353,5229.918,13024.77,1950.195,5556.126,13366.17,1980.544,5554.768,13024.84,1976.692,5328.331,13207.83,2022.614,5640.641,12990.45,2012.767,5409.902,13335.14,1973.057,5263.997,13406.67,1984.858,5362.514,13156.51,1977.858,5506.869,13104.54,2009.544,5268.238,13141.53,1963.221,5601.445,12996.96,1969.389,5475.953,13264.44,1979.789,5541.353,13276.08,1989.36,5351.533,13355.38,2042.597,5476.773
13179.3,1983.353,5229.822,13024.83,1950.195,5556.324,13366.34,1980.544,5554.663,13024.64,1976.692,5328.387,13207.86,2022.614,5640.848,12990.36,2012.767,5409.719,13335.15,1973.057,5263.789,13406.73,1984.858,5362.317,13156.3,1977.858,5506.864,13104.36,2009.544,5268.33,13141.71,1963.221,5601.561,12996.77,1969.389,5475.868,13264.43,1979.789,5541.145,13275.89,1989.36,5351.619,13355.52,2042.597,5476.931
13179.48,1983.353,5229.726,13024.9,1950.195,5556.521,13366.52,1980.544,5554.551,13024.44,1976.692,5328.437,13207.89,2022.614,5641.055,12990.25,2012.767,5409.537,13335.15,1973.057,5263.58,13406.79,1984.858,5362.117,13156.09,1977.858,5506.853,13104.17,2009.544,5268.423,13141.88,1963.221,5601.681,12996.58,1969.389,5475.783,13264.42,1979.789,5540.937,13275.71,1989.36,5351.71,13355.65,2042.597,5477.094
13179.71,1983.353,5229.609,13024.98,1950.195,5556.761,13366.74,1980.544,5554.421,13024.19,1976.692,5328.49,13207.93,2022.614,5641.304,12990.13,2012.767,5409.317,13335.14,1973.057,5263.327,13406.86,1984.858,5361.873,13155.84,1977.858,5506.831,13103.94,2009.544,5268.536,13142.08,1963.221,5601.832,12996.35,1969.389,5475.68,13264.39,1979.789,5540.685,13275.48,1989.36,5351.829,13355.81,2042.597,5477.289
13179.99,1983.353,5229.463,13025.08,1950.195,5557.061,13367.01,1980.544,5554.266,13023.88,1976.692,5328.547,13207.99,2022.614,5641.615,12989.97,2012.767,5409.044,13335.12,1973.057,5263.011,13406.93,1984.858,5361.564,13155.52,1977.858,5506.793,13103.66,2009.544,5268.677,13142.33,1963.221,5602.027,12996.06,1969.389,5475.552,13264.35,1979.789,5540.371,13275.22,1989.36,5352.012,13356.02,2042.597,5477.528
13180.32,1983.353,5229.293,13025.2,1950.195,5557.41,13367.34,1980.544,5554.092,13023.52,1976.692,5328.603,13208.06,2022.614,5641.977,12989.78,2012.767,5408.728,13335.09,1973.057,5262.643,13407,1984.858,5361.202,13155.16,1977.858,5506.738,13103.33,2009.544,5268.843,13142.61,1963.221,5602.262,12995.72,1969.389,5475.403,13264.3,1979.789,5540.006,13274.92,1989.36,5352.225,13356.26,2042.597,5477.804
13180.67,1983.353,5229.113,13025.33,1950.195,5557.781,13367.69,1980.544,5553.916,13023.13,1976.692,5328.651,13208.15,2022.614,5642.359,12989.57,2012.767,5408.394,13335.04,1973.057,5262.254,13407.06,1984.858,5360.814,13154.77,1977.858,5506.667,13102.98,2009.544,5269.019,13142.91,1963.221,5602.52,12995.37,1969.389,5475.246,13264.22,1979.789,5539.621,13274.6,1989.36,5352.452,13356.53,2042.597,5478.092
13181,1983.353,5228.938,13025.46,1950.195,5558.14,13368.03,1980.544,5553.753,13022.75,1976.692,5328.687,13208.25,2022.614,5642.727,12989.37,2012.767,5408.074,13334.98,1973.057,5261.878,13407.11,1984.858,5360.438,13154.4,1977.858,5506.585,13102.64,2009.544,5269.19,13143.19,1963.221,5602.776,12995.02,1969.389,5475.094,13264.14,1979.789,5539.25,13274.29,1989.36,5352.675,13356.79,2042.597,5478.366
13181.33,1983.353,5228.769,13025.58,1950.195,5558.488,13368.37,1980.544,5553.604,13022.38,1976.692,5328.711,13208.34,2022.614,5643.082,12989.17,2012.767,5407.765,13334.91,1973.057,5261.516,13407.14,1984.858,5360.07,13154.04,1977.858,5506.495,13102.31,2009.544,5269.356,13143.45,1963.221,5603.032,12994.68,1969.389,5474.949,13264.04,1979.789,5538.894,13273.99,1989.36,5352.887,13357.05,2042.597,5478.627
13181.65,1983.353,5228.604,13025.7,1950.195,5558.826,13368.7,1980.544,5553.468,13022.02,1976.692,5328.724,13208.45,2022.614,5643.425,12988.97,2012.767,5407.468,13334.83,1973.057,5261.167,13407.17,1984.858,5359.713,13153.7,1977.858,5506.396,13101.99,2009.544,5269.518,13143.71,1963.221,5603.287,12994.35,1969.389,5474.809,13263.94,1979.789,5538.55,13273.7,1989.36,5353.097,13357.31,2042.597,5478.875
13181.92,1983.353,5228.466,13025.8,1950.195,5559.111,13368.98,1980.544,5553.36,13021.72,1976.692,5328.725,13208.54,2022.614,5643.712,12988.8,2012.767,5407.219,13334.75,1973.057,5260.875,13407.18,1984.858,5359.411,13153.41,1977.858,5506.303,13101.72,2009.544,5269.655,13143.91,1963.221,5603.508,12994.07,1969.389,5474.691,13263.84,1979.789,5538.264,13273.46,1989.36,5353.273,13357.53,2042.597,5479.081
13182.2,1983.353,5228.321,13025.9,1950.195,5559.408,13369.28,1980.544,5553.255,13021.41,1976.692,5328.717,13208.65,2022.614,5644.011,12988.62,2012.767,5406.96,13334.66,1973.057,5260.572,13407.17,1984.858,5359.095,13153.11,1977.858,5506.196,13101.44,2009.544,5269.798,13144.12,1963.221,5603.744,12993.78,1969.389,5474.569,13263.73,1979.789,5537.967,13273.2,1989.36,5353.456,13357.77,2042.597,5479.291
13182.63,1983.353,5228.099,13026.07,1950.195,5559.863,13369.74,1980.544,5553.104,13020.92,1976.692,5328.691,13208.82,2022.614,5644.464,12988.33,2012.767,5406.568,13334.51,1973.057,5260.112,13407.16,1984.858,5358.611,13152.66,1977.858,5506.018,13101.01,2009.544,5270.017,13144.44,1963.221,5604.113,12993.33,1969.389,5474.385,13263.55,1979.789,5537.519,13272.8,1989.36,5353.728,13358.14,2042.597,5479.606
13182.83,1983.353,5227.992,13026.15,1950.195,5560.083,13369.97,1980.544,5553.037,13020.69,1976.692,5328.671,13208.9,2022.614,5644.683,12988.19,2012.767,5406.379,13334.42,1973.057,5259.892,13407.14,1984.858,5358.376,13152.45,1977.858,5505.925,13100.8,2009.544,5270.124,13144.58,1963.221,5604.296,12993.12,1969.389,5474.296,13263.45,1979.789,5537.305,13272.6,1989.36,5353.852,13358.32,2042.597,5479.755
13183.17,1983.353,5227.822,13026.28,1950.195,5560.432,13370.33,1980.544,5552.94,13020.32,1976.692,5328.629,13209.05,2022.614,5645.025,12987.97,2012.767,5406.083,13334.28,1973.057,5259.548,13407.11,1984.858,5358.007,13152.11,1977.858,5505.766,13100.47,2009.544,5270.292,13144.81,1963.221,5604.592,12992.77,1969.389,5474.157,13263.29,1979.789,5536.971,13272.29,1989.36,5354.048,13358.61,2042.597,5479.985
13183.38,1983.353,5227.709,13026.36,1950.195,5560.663,13370.56,1980.544,5552.881,13020.07,1976.692,5328.594,13209.15,2022.614,5645.25,12987.82,2012.767,5405.889,13334.18,1973.057,5259.323,13407.07,1984.858,5357.763,13151.89,1977.858,5505.653,13100.25,2009.544,5270.404,13144.95,1963.221,5604.79,12992.54,1969.389,5474.066,13263.18,1979.789,5536.753,13272.08,1989.36,5354.185,13358.81,2042.597,5480.133
13183.57,1983.353,5227.614,13026.44,1950.195,5560.857,13370.77,1980.544,5552.837,13019.87,1976.692,5328.558,13209.23,2022.614,5645.439,12987.69,2012.767,5405.726,13334.09,1973.057,5259.136,13407.04,1984.858,5357.558,13151.71,1977.858,5505.552,13100.06,2009.544,5270.499,13145.08,1963.221,5604.958,12992.35,1969.389,5473.99,13263.07,1979.789,5536.573,13271.9,1989.36,5354.29,13358.98,2042.597,5480.255
13183.92,1983.353,5227.435,13026.57,1950.195,5561.223,13371.15,1980.544,5552.763,13019.49,1976.692,5328.479,13209.41,2022.614,5645.79,12987.44,2012.767,5405.422,13333.91,1973.057,5258.79,13406.96,1984.858,5357.174,13151.38,1977.858,5505.351,13099.72,2009.544,5270.676,13145.3,1963.221,5605.279,12991.99,1969.389,5473.849,13262.87,1979.789,5536.24,13271.57,1989.36,5354.496,13359.3,2042.597,5480.478
13184.16,1983.353,5227.312,13026.67,1950.195,5561.475,13371.42,1980.544,5552.718,13019.22,1976.692,5328.417,13209.53,2022.614,5646.03,12987.27,2012.767,5405.214,13333.78,1973.057,5258.556,13406.9,1984.858,5356.912,13151.15,1977.858,5505.205,13099.48,2009.544,5270.799,13145.45,1963.221,5605.502,12991.73,1969.389,5473.753,13262.72,1979.789,5536.015,13271.34,1989.36,5354.645,13359.52,2042.597,5480.626
13184.39,1983.353,5227.193,13026.76,1950.195,5561.719,13371.68,1980.544,5552.682,13018.97,1976.692,5328.349,13209.65,2022.614,5646.26,12987.1,2012.767,5405.015,13333.64,1973.057,5258.334,13406.83,1984.858,5356.66,13150.93,1977.858,5505.057,13099.24,2009.544,5270.917,13145.59,1963.221,5605.72,12991.49,1969.389,5473.661,13262.57,1979.789,5535.802,13271.13,1989.36,5354.795,13359.74,2042.597,5480.765
13184.61,1983.353,5227.077,13026.85,1950.195,5561.955,13371.93,1980.544,5552.652,13018.73,1976.692,5328.275,13209.77,2022.614,5646.482,12986.94,2012.767,5404.823,13333.5,1973.057,5258.123,13406.76,1984.858,5356.418,13150.73,1977.858,5504.906,13099.02,2009.544,5271.033,13145.73,1963.221,5605.934,12991.25,1969.389,5473.572,13262.41,1979.789,5535.601,13270.93,1989.36,5354.946,13359.96,2042.597,5480.896
13184.83,1983.353,5226.965,13026.94,1950.195,5562.183,13372.17,1980.544,5552.63,13018.5,1976.692,5328.198,13209.9,2022.614,5646.693,12986.78,2012.767,5404.64,13333.36,1973.057,5257.923,13406.69,1984.858,5356.185,13150.54,1977.858,5504.759,13098.8,2009.544,5271.144,13145.86,1963.221,5606.142,12991.02,1969.389,5473.488,13262.27,1979.789,5535.401,13270.73,1989.36,5355.086,13360.17,2042.597,5481.017
13185.04,1983.353,5226.85,13027.03,1950.195,5562.403,13372.41,1980.544,5552.615,13018.28,1976.692,5328.116,13210.02,2022.614,5646.896,12986.62,2012.767,5404.464,13333.21,1973.057,5257.735,13406.62,1984.858,5355.958,13150.35,1977.858,5504.618,13098.59,2009.544,5271.245,13145.98,1963.221,5606.346,12990.8,1969.389,5473.408,13262.14,1979.789,5535.204,13270.53,1989.36,5355.215,13360.38,2042.597,5481.129
13185.24,1983.353,5226.731,13027.11,1950.195,5562.617,13372.64,1980.544,5552.605,13018.06,1976.692,5328.029,13210.14,2022.614,5647.091,12986.46,2012.767,5404.294,13333.07,1973.057,5257.556,13406.55,1984.858,5355.738,13150.16,1977.858,5504.486,13098.38,2009.544,5271.336,13146.09,1963.221,5606.546,12990.58,1969.389,5473.331,13262.02,1979.789,5535.008,13270.33,1989.36,5355.335,13360.58,2042.597,5481.235
13185.42,1983.353,5226.61,13027.2,1950.195,5562.826,13372.86,1980.544,5552.602,13017.86,1976.692,5327.939,13210.26,2022.614,5647.28,12986.31,2012.767,5404.131,13332.92,1973.057,5257.386,13406.48,1984.858,5355.523,13149.97,1977.858,5504.363,13098.17,2009.544,5271.418,13146.2,1963.221,5606.743,12990.37,1969.389,5473.256,13261.91,1979.789,5534.813,13270.14,1989.36,5355.446,13360.79,2042.597,5481.333
13185.6,1983.353,5226.488,13027.28,1950.195,5563.024,13373.08,1980.544,5552.604,13017.67,1976.692,5327.848,13210.38,2022.614,5647.457,12986.16,2012.767,5403.977,13332.78,1973.057,5257.229,13406.42,1984.858,5355.319,13149.79,1977.858,5504.252,13097.96,2009.544,5271.49,13146.3,1963.221,5606.932,12990.17,1969.389,5473.187,13261.81,1979.789,5534.625,13269.95,1989.36,5355.546,13360.98,2042.597,5481.422
13185.77,1983.353,5226.364,13027.35,1950.195,5563.217,13373.28,1980.544,5552.61,13017.48,1976.692,5327.753,13210.5,2022.614,5647.628,12986.02,2012.767,5403.827,13332.63,1973.057,5257.081,13406.36,1984.858,5355.12,13149.61,1977.858,5504.149,13097.77,2009.544,5271.554,13146.39,1963.221,5607.118,12989.97,1969.389,5473.12,13261.72,1979.789,5534.438,13269.76,1989.36,5355.637,13361.17,2042.597,5481.504
13186,1983.353,5226.177,13027.46,1950.195,5563.497,13373.58,1980.544,5552.628,13017.22,1976.692,5327.607,13210.67,2022.614,5647.874,12985.8,2012.767,5403.613,13332.41,1973.057,5256.873,13406.27,1984.858,5354.832,13149.34,1977.858,5504.01,13097.48,2009.544,5271.636,13146.52,1963.221,5607.389,12989.69,1969.389,5473.024,13261.59,1979.789,5534.163,13269.49,1989.36,5355.761,13361.45,2042.597,5481.618
13186.16,1983.353,5226.042,13027.54,1950.195,5563.689,13373.79,1980.544,5552.645,13017.04,1976.692,5327.501,13210.8,2022.614,5648.042,12985.66,2012.767,5403.467,13332.26,1973.057,5256.734,13406.21,1984.858,5354.633,13149.15,1977.858,5503.919,13097.27,2009.544,5271.687,13146.61,1963.221,5607.579,12989.49,1969.389,5472.959,13261.51,1979.789,5533.97,13269.29,1989.36,5355.84,13361.65,2042.597,5481.691
13186.32,1983.353,5225.902,13027.62,1950.195,5563.885,13374,1980.544,5552.667,13016.86,1976.692,5327.39,13210.92,2022.614,5648.208,12985.51,2012.767,5403.322,13332.1,1973.057,5256.601,13406.15,1984.858,5354.434,13148.96,1977.858,5503.835,13097.07,2009.544,5271.73,13146.69,1963.221,5607.77,12989.29,1969.389,5472.899,13261.44,1979.789,5533.775,13269.1,1989.36,5355.913,13361.84,2042.597,5481.761
13186.47,1983.353,5225.757,13027.68,1950.195,5564.083,13374.21,1980.544,5552.694,13016.69,1976.692,5327.274,13211.05,2022.614,5648.373,12985.36,2012.767,5403.178,13331.93,1973.057,5256.473,13406.09,1984.858,5354.234,13148.77,1977.858,5503.757,13096.87,2009.544,5271.767,13146.77,1963.221,5607.962,12989.09,1969.389,5472.845,13261.38,1979.789,5533.578,13268.9,1989.36,5355.98,13362.04,2042.597,5481.825
13186.61,1983.353,5225.607,13027.74,1950.195,5564.282,13374.41,1980.544,5552.727,13016.52,1976.692,5327.152,13211.18,2022.614,5648.535,12985.2,2012.767,5403.036,13331.77,1973.057,5256.35,13406.03,1984.858,5354.035,13148.57,1977.858,5503.685,13096.66,2009.544,5271.797,13146.85,1963.221,5608.156,12988.89,1969.389,5472.796,13261.31,1979.789,5533.379,13268.7,1989.36,5356.041,13362.24,2042.597,5481.885
13186.76,1983.353,5225.446,13027.79,1950.195,5564.493,13374.63,1980.544,5552.765,13016.35,1976.692,5327.021,13211.32,2022.614,5648.703,12985.04,2012.767,5402.889,13331.59,1973.057,5256.227,13405.97,1984.858,5353.827,13148.37,1977.858,5503.617,13096.44,2009.544,5271.822,13146.92,1963.221,5608.36,12988.67,1969.389,5472.751,13261.26,1979.789,5533.169,13268.49,1989.36,5356.097,13362.45,2042.597,5481.943
13186.89,1983.353,5225.287,13027.84,1950.195,5564.696,13374.83,1980.544,5552.807,13016.18,1976.692,5326.889,13211.45,2022.614,5648.863,12984.89,2012.767,5402.75,13331.41,1973.057,5256.115,13405.91,1984.858,5353.628,13148.17,1977.858,5503.559,13096.24,2009.544,5271.838,13146.99,1963.221,5608.557,12988.47,1969.389,5472.714,13261.21,1979.789,5532.966,13268.29,1989.36,5356.144,13362.65,2042.597,5481.993
13187.02,1983.353,5225.124,13027.88,1950.195,5564.9,13375.03,1980.544,5552.854,13016.03,1976.692,5326.753,13211.59,2022.614,5649.021,12984.73,2012.767,5402.611,13331.23,1973.057,5256.009,13405.85,1984.858,5353.429,13147.96,1977.858,5503.506,13096.03,2009.544,5271.848,13147.05,1963.221,5608.755,12988.26,1969.389,5472.682,13261.17,1979.789,5532.762,13268.08,1989.36,5356.185,13362.85,2042.597,5482.039
13187.16,1983.353,5224.965,13027.92,1950.195,5565.104,13375.23,1980.544,5552.906,13015.87,1976.692,5326.612,13211.72,2022.614,5649.177,12984.58,2012.767,5402.475,13331.05,1973.057,5255.909,13405.78,1984.858,5353.231,13147.76,1977.858,5503.448,13095.82,2009.544,5271.865,13147.11,1963.221,5608.955,12988.06,1969.389,5472.656,13261.12,1979.789,5532.56,13267.88,1989.36,5356.233,13363.06,2042.597,5482.079
13187.29,1983.353,5224.811,13027.98,1950.195,5565.305,13375.43,1980.544,5552.962,13015.72,1976.692,5326.467,13211.86,2022.614,5649.332,12984.42,2012.767,5402.339,13330.86,1973.057,5255.815,13405.7,1984.858,5353.037,13147.57,1977.858,5503.383,13095.61,2009.544,5271.888,13147.17,1963.221,5609.155,12987.85,1969.389,5472.635,13261.07,1979.789,5532.358,13267.68,1989.36,5356.287,13363.26,2042.597,5482.115
13187.44,1983.353,5224.661,13028.04,1950.195,5565.505,13375.63,1980.544,5553.024,13015.58,1976.692,5326.318,13212,2022.614,5649.485,12984.26,2012.767,5402.206,13330.67,1973.057,5255.728,13405.62,1984.858,5352.844,13147.37,1977.858,5503.311,13095.41,2009.544,5271.918,13147.22,1963.221,5609.357,12987.64,1969.389,5472.621,13261,1979.789,5532.159,13267.48,1989.36,5356.348,13363.47,2042.597,5482.146
13187.59,1983.353,5224.516,13028.1,1950.195,5565.703,13375.83,1980.544,5553.09,13015.44,1976.692,5326.164,13212.15,2022.614,5649.637,12984.1,2012.767,5402.073,13330.48,1973.057,5255.646,13405.54,1984.858,5352.655,13147.18,1977.858,5503.233,13095.2,2009.544,5271.956,13147.27,1963.221,5609.561,12987.43,1969.389,5472.612,13260.94,1979.789,5531.962,13267.28,1989.36,5356.416,13363.68,2042.597,5482.171
13187.74,1983.353,5224.376,13028.17,1950.195,5565.898,13376.03,1980.544,5553.161,13015.3,1976.692,5326.006,13212.29,2022.614,5649.787,12983.94,2012.767,5401.941,13330.29,1973.057,5255.571,13405.44,1984.858,5352.468,13146.99,1977.858,5503.148,13095,2009.544,5271.999,13147.31,1963.221,5609.765,12987.22,1969.389,5472.609,13260.86,1979.789,5531.767,13267.09,1989.36,5356.489,13363.88,2042.597,5482.192
13187.9,1983.353,5224.241,13028.25,1950.195,5566.091,13376.22,1980.544,5553.236,13015.17,1976.692,5325.845,13212.44,2022.614,5649.936,12983.77,2012.767,5401.812,13330.09,1973.057,5255.502,13405.35,1984.858,5352.285,13146.8,1977.858,5503.058,13094.79,2009.544,5272.049,13147.34,1963.221,5609.97,12987.02,1969.389,5472.611,13260.78,1979.789,5531.575,13266.9,1989.36,5356.569,13364.09,2042.597,5482.208
13188.06,1983.353,5224.101,13028.32,1950.195,5566.286,13376.41,1980.544,5553.315,13015.05,1976.692,5325.679,13212.58,2022.614,5650.083,12983.61,2012.767,5401.683,13329.89,1973.057,5255.439,13405.25,1984.858,5352.101,13146.61,1977.858,5502.974,13094.59,2009.544,5272.093,13147.38,1963.221,5610.175,12986.81,1969.389,5472.62,13260.71,1979.789,5531.38,13266.7,1989.36,5356.643,13364.3,2042.597,5482.219
13188.21,1983.353,5223.958,13028.39,1950.195,5566.484,13376.6,1980.544,5553.399,13014.92,1976.692,5325.51,13212.73,2022.614,5650.229,12983.45,2012.767,5401.556,13329.69,1973.057,5255.383,13405.15,1984.858,5351.917,13146.42,1977.858,5502.896,13094.39,2009.544,5272.13,13147.41,1963.221,5610.382,12986.6,1969.389,5472.634,13260.64,1979.789,5531.183,13266.5,1989.36,5356.71,13364.51,2042.597,5482.224
13188.36,1983.353,5223.81,13028.45,1950.195,5566.684,13376.79,1980.544,5553.488,13014.81,1976.692,5325.337,13212.88,2022.614,5650.374,12983.28,2012.767,5401.43,13329.49,1973.057,5255.334,13405.05,1984.858,5351.734,13146.22,1977.858,5502.824,13094.18,2009.544,5272.161,13147.43,1963.221,5610.589,12986.39,1969.389,5472.654,13260.58,1979.789,5530.984,13266.3,1989.36,5356.771,13364.72,2042.597,5482.225
13188.5,1983.353,5223.659,13028.5,1950.195,5566.885,13376.98,1980.544,5553.581,13014.7,1976.692,5325.161,13213.04,2022.614,5650.517,12983.11,2012.767,5401.305,13329.29,1973.057,5255.291,13404.95,1984.858,5351.55,13146.02,1977.858,5502.758,13093.97,2009.544,5272.185,13147.45,1963.221,5610.796,12986.19,1969.389,5472.68,13260.52,1979.789,5530.784,13266.1,1989.36,5356.826,13364.92,2042.597,5482.22
13188.64,1983.353,5223.504,13028.55,1950.195,5567.088,13377.16,1980.544,5553.677,13014.59,1976.692,5324.982,13213.19,2022.614,5650.659,12982.94,2012.767,5401.182,13329.08,1973.057,5255.255,13404.85,1984.858,5351.367,13145.82,1977.858,5502.699,13093.76,2009.544,5272.202,13147.46,1963.221,5611.004,12985.98,1969.389,5472.711,13260.47,1979.789,5530.582,13265.9,1989.36,5356.875,13365.13,2042.597,5482.21
13188.77,1983.353,5223.346,13028.59,1950.195,5567.293,13377.35,1980.544,5553.778,13014.49,1976.692,5324.8,13213.34,2022.614,5650.8,12982.78,2012.767,5401.06,13328.88,1973.057,5255.225,13404.75,1984.858,5351.183,13145.62,1977.858,5502.647,13093.56,2009.544,5272.212,13147.47,1963.221,5611.212,12985.78,1969.389,5472.749,13260.43,1979.789,5530.378,13265.7,1989.36,5356.917,13365.34,2042.597,5482.195
13188.91,1983.353,5223.184,13028.62,1950.195,5567.499,13377.53,1980.544,5553.883,13014.39,1976.692,5324.615,13213.5,2022.614,5650.939,12982.61,2012.767,5400.939,13328.67,1973.057,5255.202,13404.66,1984.858,5351,13145.42,1977.858,5502.601,13093.35,2009.544,5272.216,13147.47,1963.221,5611.42,12985.57,1969.389,5472.792,13260.39,1979.789,5530.173,13265.49,1989.36,5356.952,13365.55,2042.597,5482.175
13189.03,1983.353,5223.019,13028.64,1950.195,5567.705,13377.7,1980.544,5553.992,13014.3,1976.692,5324.427,13213.65,2022.614,5651.077,12982.43,2012.767,5400.819,13328.46,1973.057,5255.186,13404.56,1984.858,5350.816,13145.21,1977.858,5502.562,13093.14,2009.544,5272.213,13147.47,1963.221,5611.629,12985.37,1969.389,5472.841,13260.36,1979.789,5529.968,13265.29,1989.36,5356.98,13365.75,2042.597,5482.149
13189.15,1983.353,5222.85,13028.66,1950.195,5567.913,13377.88,1980.544,5554.104,13014.22,1976.692,5324.237,13213.81,2022.614,5651.214,12982.26,2012.767,5400.701,13328.25,1973.057,5255.176,13404.46,1984.858,5350.632,13145.01,1977.858,5502.529,13092.93,2009.544,5272.204,13147.47,1963.221,5611.837,12985.17,1969.389,5472.895,13260.33,1979.789,5529.761,13265.08,1989.36,5357.002,13365.96,2042.597,5482.119
13189.27,1983.353,5222.677,13028.67,1950.195,5568.121,13378.05,1980.544,5554.221,13014.13,1976.692,5324.048,13213.97,2022.614,5651.35,12982.09,2012.767,5400.584,13328.04,1973.057,5255.173,13404.36,1984.858,5350.449,13144.8,1977.858,5502.503,13092.72,2009.544,5272.188,13147.46,1963.221,5612.045,12984.97,1969.389,5472.955,13260.31,1979.789,5529.554,13264.87,1989.36,5357.018,13366.17,2042.597,5482.083
13189.38,1983.353,5222.501,13028.68,1950.195,5568.329,13378.22,1980.544,5554.341,13014.04,1976.692,5323.86,13214.13,2022.614,5651.484,12981.92,2012.767,5400.468,13327.84,1973.057,5255.177,13404.26,1984.858,5350.265,13144.59,1977.858,5502.484,13092.52,2009.544,5272.167,13147.44,1963.221,5612.252,12984.77,1969.389,5473.021,13260.29,1979.789,5529.347,13264.66,1989.36,5357.026,13366.37,2042.597,5482.043
13189.49,1983.353,5222.322,13028.68,1950.195,5568.538,13378.39,1980.544,5554.464,13013.95,1976.692,5323.673,13214.29,2022.614,5651.618,12981.74,2012.767,5400.354,13327.63,1973.057,5255.188,13404.16,1984.858,5350.082,13144.38,1977.858,5502.472,13092.31,2009.544,5272.139,13147.42,1963.221,5612.459,12984.58,1969.389,5473.091,13260.27,1979.789,5529.139,13264.45,1989.36,5357.028,13366.57,2042.597,5481.997
13189.59,1983.353,5222.14,13028.67,1950.195,5568.746,13378.55,1980.544,5554.591,13013.86,1976.692,5323.487,13214.45,2022.614,5651.75,12981.57,2012.767,5400.241,13327.42,1973.057,5255.206,13404.06,1984.858,5349.898,13144.18,1977.858,5502.467,13092.11,2009.544,5272.106,13147.39,1963.221,5612.666,12984.38,1969.389,5473.167,13260.26,1979.789,5528.931,13264.25,1989.36,5357.023,13366.77,2042.597,5481.946
13189.68,1983.353,5221.955,13028.65,1950.195,5568.954,13378.72,1980.544,5554.722,13013.76,1976.692,5323.302,13214.61,2022.614,5651.881,12981.39,2012.767,5400.129,13327.21,1973.057,5255.229,13403.96,1984.858,5349.714,13143.97,1977.858,5502.468,13091.9,2009.544,5272.067,13147.36,1963.221,5612.872,12984.19,1969.389,5473.249,13260.25,1979.789,5528.723,13264.04,1989.36,5357.011,13366.97,2042.597,5481.891
13189.78,1983.353,5221.773,13028.64,1950.195,5569.162,13378.88,1980.544,5554.855,13013.66,1976.692,5323.118,13214.77,2022.614,5652.012,12981.22,2012.767,5400.018,13327.01,1973.057,5255.26,13403.86,1984.858,5349.534,13143.76,1977.858,5502.462,13091.7,2009.544,5272.022,13147.32,1963.221,5613.077,12984,1969.389,5473.336,13260.23,1979.789,5528.516,13263.83,1989.36,5357.006,13367.17,2042.597,5481.83
13189.89,1983.353,5221.594,13028.64,1950.195,5569.37,13379.03,1980.544,5554.992,13013.56,1976.692,5322.935,13214.93,2022.614,5652.141,12981.04,2012.767,5399.909,13326.8,1973.057,5255.298,13403.75,1984.858,5349.357,13143.55,1977.858,5502.45,13091.5,2009.544,5271.971,13147.28,1963.221,5613.281,12983.81,1969.389,5473.428,13260.21,1979.789,5528.309,13263.62,1989.36,5357.008,13367.37,2042.597,5481.764
13190,1983.353,5221.419,13028.65,1950.195,5569.579,13379.19,1980.544,5555.132,13013.46,1976.692,5322.753,13215.1,2022.614,5652.269,12980.86,2012.767,5399.8,13326.6,1973.057,5255.342,13403.63,1984.858,5349.185,13143.34,1977.858,5502.431,13091.29,2009.544,5271.914,13147.23,1963.221,5613.483,12983.63,1969.389,5473.525,13260.18,1979.789,5528.103,13263.41,1989.36,5357.017,13367.57,2042.597,5481.693
13190.12,1983.353,5221.248,13028.66,1950.195,5569.787,13379.34,1980.544,5555.275,13013.36,1976.692,5322.572,13215.26,2022.614,5652.396,12980.68,2012.767,5399.693,13326.4,1973.057,5255.393,13403.51,1984.858,5349.016,13143.14,1977.858,5502.405,13091.1,2009.544,5271.851,13147.18,1963.221,5613.685,12983.45,1969.389,5473.627,13260.14,1979.789,5527.897,13263.21,1989.36,5357.033,13367.76,2042.597,5481.617
13190.25,1983.353,5221.08,13028.68,1950.195,5569.994,13379.49,1980.544,5555.421,13013.26,1976.692,5322.392,13215.43,2022.614,5652.521,12980.5,2012.767,5399.587,13326.2,1973.057,5255.451,13403.38,1984.858,5348.851,13142.93,1977.858,5502.373,13090.9,2009.544,5271.782,13147.12,1963.221,5613.885,12983.27,1969.389,5473.735,13260.09,1979.789,5527.694,13263,1989.36,5357.055,13367.95,2042.597,5481.537
13190.38,1983.353,5220.917,13028.7,1950.195,5570.201,13379.63,1980.544,5555.57,13013.15,1976.692,5322.212,13215.6,2022.614,5652.646,12980.32,2012.767,5399.482,13326,1973.057,5255.515,13403.25,1984.858,5348.69,13142.73,1977.858,5502.333,13090.71,2009.544,5271.707,13147.05,1963.221,5614.083,12983.09,1969.389,5473.847,13260.04,1979.789,5527.492,13262.79,1989.36,5357.084,13368.14,2042.597,5481.452
13190.51,1983.353,5220.757,13028.74,1950.195,5570.406,13379.78,1980.544,5555.721,13013.04,1976.692,5322.034,13215.76,2022.614,5652.771,12980.14,2012.767,5399.379,13325.8,1973.057,5255.585,13403.11,1984.858,5348.534,13142.52,1977.858,5502.287,13090.51,2009.544,5271.626,13146.99,1963.221,5614.28,12982.92,1969.389,5473.963,13259.98,1979.789,5527.292,13262.59,1989.36,5357.12,13368.33,2042.597,5481.362
13190.64,1983.353,5220.595,13028.76,1950.195,5570.613,13379.92,1980.544,5555.875,13012.94,1976.692,5321.856,13215.93,2022.614,5652.894,12979.96,2012.767,5399.276,13325.61,1973.057,5255.662,13402.98,1984.858,5348.376,13142.32,1977.858,5502.248,13090.32,2009.544,5271.541,13146.91,1963.221,5614.475,12982.75,1969.389,5474.085,13259.92,1979.789,5527.093,13262.38,1989.36,5357.149,13368.52,2042.597,5481.268
13190.76,1983.353,5220.428,13028.78,1950.195,5570.82,13380.05,1980.544,5556.032,13012.83,1976.692,5321.679,13216.1,2022.614,5653.017,12979.78,2012.767,5399.175,13325.42,1973.057,5255.745,13402.84,1984.858,5348.218,13142.11,1977.858,5502.215,13090.14,2009.544,5271.449,13146.83,1963.221,5614.668,12982.59,1969.389,5474.211,13259.85,1979.789,5526.897,13262.17,1989.36,5357.172,13368.7,2042.597,5481.168
13190.88,1983.353,5220.258,13028.8,1950.195,5571.028,13380.19,1980.544,5556.191,13012.71,1976.692,5321.503,13216.27,2022.614,5653.138,12979.6,2012.767,5399.075,13325.23,1973.057,5255.833,13402.71,1984.858,5348.059,13141.91,1977.858,5502.189,13089.95,2009.544,5271.351,13146.75,1963.221,5614.859,12982.42,1969.389,5474.341,13259.77,1979.789,5526.704,13261.97,1989.36,5357.188,13368.88,2042.597,5481.065
13191,1983.353,5220.085,13028.81,1950.195,5571.236,13380.32,1980.544,5556.352,13012.6,1976.692,5321.329,13216.44,2022.614,5653.259,12979.41,2012.767,5398.976,13325.04,1973.057,5255.929,13402.57,1984.858,5347.9,13141.7,1977.858,5502.169,13089.77,2009.544,5271.248,13146.66,1963.221,5615.047,12982.26,1969.389,5474.476,13259.69,1979.789,5526.513,13261.76,1989.36,5357.197,13369.06,2042.597,5480.957
13191.11,1983.353,5219.908,13028.81,1950.195,5571.444,13380.45,1980.544,5556.516,13012.49,1976.692,5321.155,13216.61,2022.614,5653.378,12979.23,2012.767,5398.878,13324.86,1973.057,5256.03,13402.44,1984.858,5347.742,13141.49,1977.858,5502.157,13089.59,2009.544,5271.14,13146.57,1963.221,5615.233,12982.11,1969.389,5474.615,13259.6,1979.789,5526.325,13261.55,1989.36,5357.199,13369.24,2042.597,5480.845
13191.21,1983.353,5219.728,13028.8,1950.195,5571.653,13380.58,1980.544,5556.682,13012.37,1976.692,5320.982,13216.78,2022.614,5653.498,12979.05,2012.767,5398.782,13324.68,1973.057,5256.137,13402.3,1984.858,5347.583,13141.28,1977.858,5502.151,13089.42,2009.544,5271.026,13146.47,1963.221,5615.417,12981.96,1969.389,5474.757,13259.5,1979.789,5526.14,13261.34,1989.36,5357.195,13369.41,2042.597,5480.728
13191.31,1983.353,5219.545,13028.79,1950.195,5571.861,13380.7,1980.544,5556.85,13012.25,1976.692,5320.81,13216.95,2022.614,5653.616,12978.86,2012.767,5398.686,13324.51,1973.057,5256.25,13402.17,1984.858,5347.424,13141.08,1977.858,5502.152,13089.25,2009.544,5270.907,13146.37,1963.221,5615.598,12981.81,1969.389,5474.904,13259.4,1979.789,5525.958,13261.13,1989.36,5357.184,13369.58,2042.597,5480.607
13191.42,1983.353,5219.365,13028.79,1950.195,5572.069,13380.82,1980.544,5557.02,13012.13,1976.692,5320.638,13217.12,2022.614,5653.733,12978.68,2012.767,5398.591,13324.34,1973.057,5256.368,13402.03,1984.858,5347.27,13140.87,1977.858,5502.146,13089.08,2009.544,5270.783,13146.26,1963.221,5615.776,12981.67,1969.389,5475.054,13259.29,1979.789,5525.78,13260.93,1989.36,5357.179,13369.75,2042.597,5480.482
13191.53,1983.353,5219.189,13028.8,1950.195,5572.278,13380.94,1980.544,5557.191,13012.02,1976.692,5320.468,13217.29,2022.614,5653.85,12978.49,2012.767,5398.498,13324.17,1973.057,5256.492,13401.88,1984.858,5347.12,13140.66,1977.858,5502.133,13088.92,2009.544,5270.653,13146.15,1963.221,5615.952,12981.53,1969.389,5475.208,13259.18,1979.789,5525.605,13260.72,1989.36,5357.182,13369.91,2042.597,5480.354
13191.65,1983.353,5219.016,13028.81,1950.195,5572.486,13381.05,1980.544,5557.365,13011.89,1976.692,5320.298,13217.47,2022.614,5653.96,12978.3,2012.767,5398.406,13324,1973.057,5256.621,13401.73,1984.858,5346.975,13140.45,1977.858,5502.114,13088.76,2009.544,5270.519,13146.03,1963.221,5616.123,12981.39,1969.389,5475.366,13259.06,1979.789,5525.435,13260.51,1989.36,5357.191,13370.07,2042.597,5480.221
13191.77,1983.353,5218.847,13028.82,1950.195,5572.693,13381.16,1980.544,5557.541,13011.77,1976.692,5320.129,13217.65,2022.614,5654.065,12978.12,2012.767,5398.314,13323.85,1973.057,5256.755,13401.58,1984.858,5346.835,13140.25,1977.858,5502.087,13088.6,2009.544,5270.38,13145.9,1963.221,5616.291,12981.26,1969.389,5475.527,13258.94,1979.789,5525.268,13260.3,1989.36,5357.207,13370.23,2042.597,5480.084
13191.9,1983.353,5218.682,13028.85,1950.195,5572.9,13381.27,1980.544,5557.718,13011.65,1976.692,5319.961,13217.83,2022.614,5654.165,12977.93,2012.767,5398.224,13323.69,1973.057,5256.895,13401.42,1984.858,5346.7,13140.04,1977.858,5502.054,13088.45,2009.544,5270.236,13145.78,1963.221,5616.454,12981.13,1969.389,5475.691,13258.81,1979.789,5525.104,13260.1,1989.36,5357.23,13370.38,2042.597,5479.944
13192.03,1983.353,5218.521,13028.88,1950.195,5573.106,13381.38,1980.544,5557.898,13011.53,1976.692,5319.793,13218.02,2022.614,5654.257,12977.74,2012.767,5398.135,13323.54,1973.057,5257.04,13401.26,1984.858,5346.571,13139.84,1977.858,5502.015,13088.31,2009.544,5270.088,13145.64,1963.221,5616.613,12981.01,1969.389,5475.859,13258.67,1979.789,5524.946,13259.89,1989.36,5357.26,13370.53,2042.597,5479.799
13192.16,1983.353,5218.357,13028.9,1950.195,5573.313,13381.49,1980.544,5558.076,13011.4,1976.692,5319.627,13218.21,2022.614,5654.356,12977.55,2012.767,5398.046,13323.4,1973.057,5257.189,13401.1,1984.858,5346.437,13139.63,1977.858,5501.981,13088.17,2009.544,5269.935,13145.51,1963.221,5616.776,12980.89,1969.389,5476.029,13258.53,1979.789,5524.792,13259.68,1989.36,5357.283,13370.68,2042.597,5479.659
13192.32,1983.353,5218.141,13028.93,1950.195,5573.581,13381.63,1980.544,5558.299,13011.24,1976.692,5319.414,13218.44,2022.614,5654.492,12977.31,2012.767,5397.934,13323.21,1973.057,5257.387,13400.9,1984.858,5346.258,13139.36,1977.858,5501.948,13087.99,2009.544,5269.733,13145.35,1963.221,5616.992,12980.74,1969.389,5476.252,13258.35,1979.789,5524.6,13259.42,1989.36,5357.304,13370.89,2042.597,5479.485
13192.5,1983.353,5217.869,13028.95,1950.195,5573.911,13381.83,1980.544,5558.569,13011.04,1976.692,5319.152,13218.72,2022.614,5654.667,12977.01,2012.767,5397.797,13323,1973.057,5257.639,13400.66,1984.858,5346.032,13139.04,1977.858,5501.917,13087.78,2009.544,5269.477,13145.16,1963.221,5617.263,12980.56,1969.389,5476.532,13258.11,1979.789,5524.37,13259.08,1989.36,5357.319,13371.15,2042.597,5479.279
13192.72,1983.353,5217.539,13028.96,1950.195,5574.304,13382.07,1980.544,5558.881,13010.79,1976.692,5318.842,13219.04,2022.614,5654.887,12976.65,2012.767,5397.637,13322.75,1973.057,5257.945,13400.38,1984.858,5345.757,13138.64,1977.858,5501.892,13087.54,2009.544,5269.166,13144.95,1963.221,5617.592,12980.36,1969.389,5476.869,13257.82,1979.789,5524.107,13258.69,1989.36,5357.325,13371.46,2042.597,5479.044
13192.96,1983.353,5217.144,13028.96,1950.195,5574.765,13382.36,1980.544,5559.238,13010.51,1976.692,5318.48,13219.42,2022.614,5655.157,12976.23,2012.767,5397.45,13322.48,1973.057,5258.314,13400.05,1984.858,5345.428,13138.18,1977.858,5501.879,13087.27,2009.544,5268.792,13144.71,1963.221,5617.985,12980.13,1969.389,5477.269,13257.46,1979.789,5523.81,13258.23,1989.36,5357.316,13371.84,2042.597,5478.781
13193.21,1983.353,5216.693,13028.95,1950.195,5575.282,13382.7,1980.544,5559.628,13010.19,1976.692,5318.076,13219.83,2022.614,5655.474,12975.75,2012.767,5397.243,13322.18,1973.057,5258.738,13399.69,1984.858,5345.063,13137.66,1977.858,5501.881,13086.98,2009.544,5268.363,13144.45,1963.221,5618.436,12979.88,1969.389,5477.725,13257.06,1979.789,5523.489,13257.71,1989.36,5357.291,13372.28,2042.597,5478.5
13193.48,1983.353,5216.187,13028.91,1950.195,5575.854,13383.09,1980.544,5560.047,13009.83,1976.692,5317.631,13220.27,2022.614,5655.839,12975.23,2012.767,5397.017,13321.87,1973.057,5259.216,13399.29,1984.858,5344.653,13137.09,1977.858,5501.901,13086.67,2009.544,5267.879,13144.19,1963.221,5618.942,12979.62,1969.389,5478.234,13256.6,1979.789,5523.149,13257.14,1989.36,5357.243,13372.77,2042.597,5478.205
13193.75,1983.353,5215.618,13028.85,1950.195,5576.483,13383.54,1980.544,5560.496,13009.43,1976.692,5317.141,13220.74,2022.614,5656.258,12974.65,2012.767,5396.77,13321.54,1973.057,5259.756,13398.85,1984.858,5344.196,13136.46,1977.858,5501.945,13086.35,2009.544,5267.334,13143.91,1963.221,5619.511,12979.35,1969.389,5478.803,13256.08,1979.789,5522.791,13256.52,1989.36,5357.171,13373.32,2042.597,5477.896
13194.25,1983.353,5214.589,13028.71,1950.195,5577.619,13384.37,1980.544,5561.28,13008.7,1976.692,5316.258,13221.57,2022.614,5657.044,12973.59,2012.767,5396.328,13320.97,1973.057,5260.751,13398.07,1984.858,5343.363,13135.32,1977.858,5502.061,13085.8,2009.544,5266.331,13143.44,1963.221,5620.556,12978.87,1969.389,5479.844,13255.11,1979.789,5522.172,13255.38,1989.36,5357.003,13374.34,2042.597,5477.372
13194.35,1983.353,5214.401,13028.68,1950.195,5577.825,13384.53,1980.544,5561.417,13008.57,1976.692,5316.098,13221.72,2022.614,5657.192,12973.4,2012.767,5396.249,13320.87,1973.057,5260.935,13397.92,1984.858,5343.211,13135.12,1977.858,5502.088,13085.71,2009.544,5266.146,13143.36,1963.221,5620.749,12978.79,1969.389,5480.036,13254.93,1979.789,5522.065,13255.18,1989.36,5356.966,13374.52,2042.597,5477.282
13194.87,1983.353,5213.324,13028.46,1950.195,5579.002,13385.45,1980.544,5562.18,13007.8,1976.692,5315.182,13222.53,2022.614,5658.07,12972.29,2012.767,5395.797,13320.35,1973.057,5262.011,13397.11,1984.858,5342.338,13133.94,1977.858,5502.287,13085.2,2009.544,5265.062,13142.94,1963.221,5621.871,12978.34,1969.389,5481.146,13253.89,1979.789,5521.486,13254.01,1989.36,5356.714,13375.62,2042.597,5476.804
13195.24,1983.353,5212.564,13028.28,1950.195,5579.828,13386.12,1980.544,5562.695,13007.25,1976.692,5314.539,13223.09,2022.614,5658.708,12971.51,2012.767,5395.483,13320,1973.057,5262.782,13396.53,1984.858,5341.724,13133.11,1977.858,5502.454,13084.86,2009.544,5264.287,13142.67,1963.221,5622.671,12978.04,1969.389,5481.935,13253.13,1979.789,5521.102,13253.19,1989.36,5356.509,13376.41,2042.597,5476.492
13195.37,1983.353,5212.304,13028.21,1950.195,5580.108,13386.35,1980.544,5562.865,13007.06,1976.692,5314.319,13223.27,2022.614,5658.933,12971.24,2012.767,5395.376,13319.89,1973.057,5263.049,13396.33,1984.858,5341.514,13132.83,1977.858,5502.521,13084.75,2009.544,5264.018,13142.59,1963.221,5622.948,12977.95,1969.389,5482.208,13252.87,1979.789,5520.978,13252.91,1989.36,5356.43,13376.68,2042.597,5476.394
13195.93,1983.353,5211.141,13027.85,1950.195,5581.352,13387.43,1980.544,5563.586,13006.22,1976.692,5313.341,13224.05,2022.614,5659.962,12970.03,2012.767,5394.906,13319.43,1973.057,5264.259,13395.43,1984.858,5340.58,13131.58,1977.858,5502.858,13084.31,2009.544,5262.802,13142.25,1963.221,5624.197,12977.54,1969.389,5483.435,13251.69,1979.789,5520.466,13251.68,1989.36,5356.037,13377.91,2042.597,5475.996
13196.19,1983.353,5210.602,13027.67,1950.195,5581.922,13387.93,1980.544,5563.904,13005.82,1976.692,5312.89,13224.4,2022.614,5660.451,12969.47,2012.767,5394.691,13319.24,1973.057,5264.826,13395.02,1984.858,5340.15,13131,1977.858,5503.034,13084.13,2009.544,5262.233,13142.12,1963.221,5624.781,12977.36,1969.389,5484.007,13251.13,1979.789,5520.247,13251.11,1989.36,5355.836,13378.49,2042.597,5475.83
13196.54,1983.353,5209.89,13027.41,1950.195,5582.667,13388.62,1980.544,5564.307,13005.3,1976.692,5312.296,13224.83,2022.614,5661.111,12968.74,2012.767,5394.41,13318.96,1973.057,5265.566,13394.45,1984.858,5339.6,13130.25,1977.858,5503.29,13083.9,2009.544,5261.474,13141.96,1963.221,5625.557,12977.14,1969.389,5484.768,13250.38,1979.789,5519.981,13250.38,1989.36,5355.547,13379.25,2042.597,5475.632
13196.87,1983.353,5209.199,13027.12,1950.195,5583.382,13389.29,1980.544,5564.681,13004.79,1976.692,5311.722,13225.24,2022.614,5661.766,12968.01,2012.767,5394.16,13318.66,1973.057,5266.275,13393.88,1984.858,5339.084,13129.54,1977.858,5503.563,13083.71,2009.544,5260.731,13141.84,1963.221,5626.314,12976.91,1969.389,5485.5,13249.65,1979.789,5519.748,13249.67,1989.36,5355.243,13380,2042.597,5475.459
13197.2,1983.353,5208.53,13026.83,1950.195,5584.065,13389.94,1980.544,5565.028,13004.29,1976.692,5311.167,13225.61,2022.614,5662.408,12967.3,2012.767,5393.938,13318.35,1973.057,5266.952,13393.31,1984.858,5338.603,13128.85,1977.858,5503.849,13083.54,2009.544,5260.005,13141.74,1963.221,5627.052,12976.66,1969.389,5486.202,13248.94,1979.789,5519.544,13249,1989.36,5354.927,13380.73,2042.597,5475.311
13197.51,1983.353,5207.881,13026.52,1950.195,5584.718,13390.59,1980.544,5565.347,13003.81,1976.692,5310.632,13225.96,2022.614,5663.038,12966.6,2012.767,5393.745,13318.03,1973.057,5267.598,13392.74,1984.858,5338.155,13128.19,1977.858,5504.148,13083.4,2009.544,5259.298,13141.66,1963.221,5627.768,12976.4,1969.389,5486.875,13248.24,1979.789,5519.37,13248.36,1989.36,5354.6,13381.44,2042.597,5475.187
13197.82,1983.353,5207.253,13026.21,1950.195,5585.341,13391.22,1980.544,5565.641,13003.36,1976.692,5310.1,13226.29,2022.614,5663.655,12965.92,2012.767,5393.578,13317.7,1973.057,5268.214,13392.18,1984.858,5337.739,13127.57,1977.858,5504.459,13083.25,2009.544,5258.618,13141.6,1963.221,5628.464,12976.14,1969.389,5487.521,13247.55,1979.789,5519.224,13247.74,1989.36,5354.263,13382.13,2042.597,5475.085
13198.12,1983.353,5206.645,13025.88,1950.195,5585.934,13391.84,1980.544,5565.909,13002.94,1976.692,5309.571,13226.59,2022.614,5664.26,12965.26,2012.767,5393.437,13317.36,1973.057,5268.798,13391.63,1984.858,5337.355,13126.97,1977.858,5504.779,13083.07,2009.544,5257.964,13141.56,1963.221,5629.139,12975.86,1969.389,5488.138,13246.89,1979.789,5519.103,13247.16,1989.36,5353.918,13382.8,2042.597,5475.005
13198.4,1983.353,5206.053,13025.55,1950.195,5586.5,13392.46,1980.544,5566.154,13002.54,1976.692,5309.045,13226.87,2022.614,5664.856,12964.62,2012.767,5393.318,13317.01,1973.057,5269.356,13391.07,1984.858,5336.999,13126.4,1977.858,5505.11,13082.88,2009.544,5257.334,13141.54,1963.221,5629.797,12975.58,1969.389,5488.731,13246.25,1979.789,5518.959,13246.61,1989.36,5353.564,13383.46,2042.597,5474.945
13198.68,1983.353,5205.483,13025.21,1950.195,5587.035,13393.05,1980.544,5566.375,13002.18,1976.692,5308.527,13227.13,2022.614,5665.436,12963.99,2012.767,5393.224,13316.66,1973.057,5269.883,13390.53,1984.858,5336.673,13125.86,1977.858,5505.446,13082.68,2009.544,5256.733,13141.54,1963.221,5630.431,12975.29,1969.389,5489.297,13245.62,1979.789,5518.841,13246.08,1989.36,5353.206,13384.09,2042.597,5474.904
13198.96,1983.353,5204.913,13024.85,1950.195,5587.559,13393.65,1980.544,5566.581,13001.83,1976.692,5307.998,13227.37,2022.614,5666.022,12963.36,2012.767,5393.148,13316.29,1973.057,5270.398,13389.97,1984.858,5336.365,13125.34,1977.858,5505.8,13082.46,2009.544,5256.139,13141.56,1963.221,5631.064,12974.99,1969.389,5489.856,13245,1979.789,5518.74,13245.57,1989.36,5352.831,13384.72,2042.597,5474.88
13199.25,1983.353,5204.304,13024.45,1950.195,5588.105,13394.29,1980.544,5566.784,13001.44,1976.692,5307.446,13227.61,2022.614,5666.653,12962.69,2012.767,5393.079,13315.88,1973.057,5270.935,13389.37,1984.858,5336.054,13124.79,1977.858,5506.195,13082.2,2009.544,5255.514,13141.59,1963.221,5631.74,12974.66,1969.389,5490.446,13244.33,1979.789,5518.653,13245.04,1989.36,5352.414,13385.4,2042.597,5474.873
13199.46,1983.353,5203.915,13024.18,1950.195,5588.453,13394.72,1980.544,5566.905,13001.17,1976.692,5307.095,13227.76,2022.614,5667.069,12962.25,2012.767,5393.048,13315.6,1973.057,5271.275,13388.98,1984.858,5335.863,13124.42,1977.858,5506.441,13082.02,2009.544,5255.112,13141.63,1963.221,5632.179,12974.46,1969.389,5490.838,13243.89,1979.789,5518.583,13244.68,1989.36,5352.153,13385.84,2042.597,5474.881
13200.07,1983.353,5202.846,13023.4,1950.195,5589.398,13395.91,1980.544,5567.21,13000.39,1976.692,5306.141,13228.13,2022.614,5668.239,12961.02,2012.767,5393.002,13314.79,1973.057,5272.2,13387.85,1984.858,5335.364,13123.42,1977.858,5507.159,13081.48,2009.544,5254.008,13141.76,1963.221,5633.402,12973.93,1969.389,5491.947,13242.68,1979.789,5518.366,13243.71,1989.36,5351.396,13387.07,2042.597,5474.936
13200.33,1983.353,5202.426,13023.07,1950.195,5589.767,13396.39,1980.544,5567.32,13000.07,1976.692,5305.769,13228.27,2022.614,5668.712,12960.53,2012.767,5392.999,13314.45,1973.057,5272.56,13387.4,1984.858,5335.177,13123.01,1977.858,5507.434,13081.25,2009.544,5253.573,13141.82,1963.221,5633.891,12973.73,1969.389,5492.398,13242.2,1979.789,5518.269,13243.32,1989.36,5351.106,13387.56,2042.597,5474.972
13201.11,1983.353,5201.245,13022.1,1950.195,5590.796,13397.78,1980.544,5567.597,12999.11,1976.692,5304.73,13228.63,2022.614,5670.082,12959.11,2012.767,5393.023,13313.45,1973.057,5273.561,13386.07,1984.858,5334.681,13121.87,1977.858,5508.261,13080.54,2009.544,5252.345,13142.04,1963.221,5635.289,12973.2,1969.389,5493.711,13240.81,1979.789,5518.018,13242.15,1989.36,5350.311,13388.97,2042.597,5475.116
13201.65,1983.353,5200.484,13021.43,1950.195,5591.452,13398.7,1980.544,5567.754,12998.45,1976.692,5304.068,13228.84,2022.614,5670.989,12958.18,2012.767,5393.065,13312.77,1973.057,5274.199,13385.19,1984.858,5334.382,13121.13,1977.858,5508.83,13080.05,2009.544,5251.552,13142.21,1963.221,5636.205,12972.88,1969.389,5494.587,13239.88,1979.789,5517.881,13241.36,1989.36,5349.812,13389.89,2042.597,5475.236
13201.84,1983.353,5200.227,13021.2,1950.195,5591.671,13399.02,1980.544,5567.8,12998.22,1976.692,5303.846,13228.91,2022.614,5671.305,12957.86,2012.767,5393.09,13312.53,1973.057,5274.412,13384.88,1984.858,5334.288,13120.87,1977.858,5509.018,13079.88,2009.544,5251.284,13142.28,1963.221,5636.52,12972.78,1969.389,5494.893,13239.56,1979.789,5517.864,13241.08,1989.36,5349.648,13390.21,2042.597,5475.288
13202.92,1983.353,5198.895,13019.9,1950.195,5592.798,13400.72,1980.544,5567.994,12996.93,1976.692,5302.709,13229.2,2022.614,5672.996,12956.15,2012.767,5393.264,13311.2,1973.057,5275.501,13383.22,1984.858,5333.838,13119.51,1977.858,5510.065,13078.88,2009.544,5249.887,13142.69,1963.221,5638.187,12972.3,1969.389,5496.539,13237.85,1979.789,5517.717,13239.57,1989.36,5348.828,13391.9,2042.597,5475.608
13203.9,1983.353,5197.764,13018.75,1950.195,5593.745,13402.21,1980.544,5568.12,12995.78,1976.692,5301.753,13229.41,2022.614,5674.478,12954.67,2012.767,5393.462,13310.02,1973.057,5276.414,13381.77,1984.858,5333.491,13118.29,1977.858,5510.94,13077.97,2009.544,5248.698,13143.08,1963.221,5639.63,12971.92,1969.389,5497.987,13236.37,1979.789,5517.54,13238.24,1989.36,5348.155,13393.36,2042.597,5475.931
13204.65,1983.353,5196.954,13017.87,1950.195,5594.416,13403.31,1980.544,5568.18,12994.91,1976.692,5301.076,13229.53,2022.614,5675.576,12953.58,2012.767,5393.643,13309.12,1973.057,5277.059,13380.69,1984.858,5333.269,13117.37,1977.858,5511.556,13077.27,2009.544,5247.842,13143.4,1963.221,5640.688,12971.68,1969.389,5499.065,13235.27,1979.789,5517.417,13237.23,1989.36,5347.691,13394.43,2042.597,5476.202
13204.86,1983.353,5196.749,13017.63,1950.195,5594.583,13403.6,1980.544,5568.187,12994.67,1976.692,5300.907,13229.55,2022.614,5675.862,12953.3,2012.767,5393.699,13308.88,1973.057,5277.219,13380.4,1984.858,5333.22,13117.13,1977.858,5511.708,13077.08,2009.544,5247.625,13143.49,1963.221,5640.96,12971.63,1969.389,5499.348,13234.98,1979.789,5517.375,13236.97,1989.36,5347.579,13394.71,2042.597,5476.281
13206.27,1983.353,5195.407,13016.08,1950.195,5595.768,13405.55,1980.544,5568.175,12993.06,1976.692,5299.814,13229.64,2022.614,5677.813,12951.39,2012.767,5394.139,13307.22,1973.057,5278.253,13378.47,1984.858,5332.948,13115.5,1977.858,5512.789,13075.75,2009.544,5246.198,13144.17,1963.221,5642.791,12971.28,1969.389,5501.268,13233.04,1979.789,5517.156,13235.15,1989.36,5346.876,13396.56,2042.597,5476.876
13206.67,1983.353,5195.054,13015.67,1950.195,5596.104,13406.09,1980.544,5568.155,12992.61,1976.692,5299.531,13229.65,2022.614,5678.344,12950.88,2012.767,5394.275,13306.76,1973.057,5278.52,13377.94,1984.858,5332.891,13115.05,1977.858,5513.069,13075.37,2009.544,5245.821,13144.37,1963.221,5643.283,12971.2,1969.389,5501.794,13232.51,1979.789,5517.121,13234.65,1989.36,5346.702,13397.07,2042.597,5477.054
13207.24,1983.353,5194.58,13015.11,1950.195,5596.592,13406.83,1980.544,5568.104,12991.97,1976.692,5299.157,13229.63,2022.614,5679.086,12950.17,2012.767,5394.487,13306.11,1973.057,5278.872,13377.2,1984.858,5332.834,13114.41,1977.858,5513.438,13074.83,2009.544,5245.313,13144.67,1963.221,5643.962,12971.12,1969.389,5502.531,13231.78,1979.789,5517.048,13233.94,1989.36,5346.48,13397.76,2042.597,5477.325
13208.05,1983.353,5193.951,13014.36,1950.195,5597.292,13407.85,1980.544,5568.003,12991.06,1976.692,5298.667,13229.58,2022.614,5680.111,12949.2,2012.767,5394.812,13305.19,1973.057,5279.329,13376.18,1984.858,5332.788,13113.5,1977.858,5513.92,13074.06,2009.544,5244.634,13145.11,1963.221,5644.888,12971.03,1969.389,5503.554,13230.76,1979.789,5516.916,13232.95,1989.36,5346.207,13398.7,2042.597,5477.728
13209.14,1983.353,5193.106,13013.38,1950.195,5598.265,13409.21,1980.544,5567.83,12989.83,1976.692,5298.046,13229.48,2022.614,5681.485,12947.89,2012.767,5395.259,13303.94,1973.057,5279.902,13374.8,1984.858,5332.771,13112.31,1977.858,5514.606,13073,2009.544,5243.757,13145.74,1963.221,5646.117,12970.87,1969.389,5504.922,13229.39,1979.789,5516.782,13231.61,1989.36,5345.883,13399.95,2042.597,5478.302
13209.4,1983.353,5192.904,13013.16,1950.195,5598.504,13409.54,1980.544,5567.779,12989.54,1976.692,5297.907,13229.45,2022.614,5681.813,12947.58,2012.767,5395.37,13303.63,1973.057,5280.03,13374.47,1984.858,5332.777,13112.03,1977.858,5514.78,13072.74,2009.544,5243.556,13145.89,1963.221,5646.407,12970.82,1969.389,5505.248,13229.06,1979.789,5516.76,13231.29,1989.36,5345.815,13400.25,2042.597,5478.447
13210.54,1983.353,5192.022,13012.21,1950.195,5599.583,13410.95,1980.544,5567.522,12988.22,1976.692,5297.337,13229.26,2022.614,5683.238,12946.24,2012.767,5395.865,13302.29,1973.057,5280.544,13373.03,1984.858,5332.851,13110.83,1977.858,5515.576,13071.57,2009.544,5242.716,13146.6,1963.221,5647.659,12970.57,1969.389,5506.664,13227.62,1979.789,5516.711,13229.87,1989.36,5345.567,13401.52,2042.597,5479.112
13211.11,1983.353,5191.576,13011.74,1950.195,5600.146,13411.67,1980.544,5567.373,12987.54,1976.692,5297.068,13229.19,2022.614,5683.962,12945.55,2012.767,5396.124,13301.6,1973.057,5280.783,13372.31,1984.858,5332.911,13110.24,1977.858,5515.999,13070.97,2009.544,5242.311,13146.94,1963.221,5648.304,12970.43,1969.389,5507.376,13226.89,1979.789,5516.706,13229.15,1989.36,5345.465,13402.16,2042.597,5479.464
13212.51,1983.353,5190.495,13010.67,1950.195,5601.542,13413.38,1980.544,5566.965,12985.88,1976.692,5296.468,13229.08,2022.614,5685.723,12943.91,2012.767,5396.767,13299.92,1973.057,5281.309,13370.56,1984.858,5333.114,13108.83,1977.858,5517.069,13069.47,2009.544,5241.376,13147.7,1963.221,5649.893,12970.01,1969.389,5509.091,13225.13,1979.789,5516.697,13227.4,1989.36,5345.272,13403.68,2042.597,5480.357
13212.81,1983.353,5190.259,13010.44,1950.195,5601.854,13413.76,1980.544,5566.888,12985.52,1976.692,5296.348,13229.06,2022.614,5686.107,12943.55,2012.767,5396.897,13299.55,1973.057,5281.412,13370.18,1984.858,5333.171,13108.54,1977.858,5517.312,13069.14,2009.544,5241.183,13147.86,1963.221,5650.245,12969.91,1969.389,5509.462,13224.75,1979.789,5516.688,13227.01,1989.36,5345.242,13404.02,2042.597,5480.541
13214,1983.353,5189.335,13009.6,1950.195,5603.104,13415.24,1980.544,5566.636,12984.07,1976.692,5295.921,13229.07,2022.614,5687.613,12942.12,2012.767,5397.362,13298.09,1973.057,5281.768,13368.69,1984.858,5333.44,13107.4,1977.858,5518.302,13067.81,2009.544,5240.471,13148.42,1963.221,5651.641,12969.47,1969.389,5510.9,13223.25,1979.789,5516.514,13225.51,1989.36,5345.173,13405.36,2042.597,5481.216
13214.99,1983.353,5188.62,13008.96,1950.195,5604.139,13416.45,1980.544,5566.472,12982.89,1976.692,5295.613,13229.03,2022.614,5688.832,12940.97,2012.767,5397.769,13296.89,1973.057,5282.019,13367.5,1984.858,5333.696,13106.51,1977.858,5519.134,13066.72,2009.544,5239.929,13148.84,1963.221,5652.786,12969.14,1969.389,5512.077,13222.04,1979.789,5516.413,13224.29,1989.36,5345.156,13406.43,2042.597,5481.798
13216.03,1983.353,5187.916,13008.33,1950.195,5605.226,13417.7,1980.544,5566.343,12981.67,1976.692,5295.335,13228.95,2022.614,5690.086,12939.8,2012.767,5398.217,13295.66,1973.057,5282.238,13366.28,1984.858,5334,13105.62,1977.858,5520.02,13065.58,2009.544,5239.408,13149.23,1963.221,5653.979,12968.85,1969.389,5513.298,13220.78,1979.789,5516.35,13223.03,1989.36,5345.179,13407.52,2042.597,5482.434
13217.08,1983.353,5187.253,13007.74,1950.195,5606.321,13418.94,1980.544,5566.256,12980.44,1976.692,5295.1,13228.83,2022.614,5691.324,12938.65,2012.767,5398.693,13294.43,1973.057,5282.417,13365.09,1984.858,5334.339,13104.77,1977.858,5520.926,13064.43,2009.544,5238.929,13149.58,1963.221,5655.173,12968.6,1969.389,5514.517,13219.56,1979.789,5516.127,13221.79,1989.36,5345.24,13408.57,2042.597,5483.098
13218.12,1983.353,5186.645,13007.2,1950.195,5607.402,13420.15,1980.544,5566.211,12979.25,1976.692,5294.909,13228.67,2022.614,5692.52,12937.55,2012.767,5399.185,13293.23,1973.057,5282.551,13363.94,1984.858,5334.705,13103.97,1977.858,5521.831,13063.3,2009.544,5238.502,13149.88,1963.221,5656.341,12968.4,1969.389,5515.706,13218.37,1979.789,5515.913,13220.59,1989.36,5345.338,13409.57,2042.597,5483.775
13219.15,1983.353,5186.087,13006.72,1950.195,5608.468,13421.32,1980.544,5566.207,12978.09,1976.692,5294.762,13228.48,2022.614,5693.676,12936.49,2012.767,5399.694,13292.06,1973.057,5282.645,13362.83,1984.858,5335.096,13103.22,1977.858,5522.734,13062.19,2009.544,5238.123,13150.14,1963.221,5657.484,12968.24,1969.389,5516.866,13217.21,1979.789,5515.743,13219.43,1989.36,5345.469,13410.52,2042.597,5484.464
13220.17,1983.353,5185.575,13006.28,1950.195,5609.524,13422.46,1980.544,5566.239,12976.95,1976.692,5294.654,13228.26,2022.614,5694.799,12935.48,2012.767,5400.222,13290.92,1973.057,5282.7,13361.77,1984.858,5335.513,13102.52,1977.858,5523.64,13061.1,2009.544,5237.789,13150.35,1963.221,5658.608,12968.12,1969.389,5518.004,13216.08,1979.789,5515.613,13218.29,1989.36,5345.633,13411.42,2042.597,5485.167
13221.79,1983.353,5184.833,13005.65,1950.195,5611.187,13424.24,1980.544,5566.348,12975.18,1976.692,5294.544,13227.86,2022.614,5696.531,12933.92,2012.767,5401.072,13289.14,1973.057,5282.729,13360.13,1984.858,5336.214,13101.49,1977.858,5525.083,13059.38,2009.544,5237.325,13150.63,1963.221,5660.365,12967.99,1969.389,5519.777,13214.3,1979.789,5515.47,13216.54,1989.36,5345.942,13412.79,2042.597,5486.305
13222.03,1983.353,5184.73,13005.56,1950.195,5611.435,13424.5,1980.544,5566.372,12974.91,1976.692,5294.536,13227.81,2022.614,5696.789,12933.68,2012.767,5401.191,13288.88,1973.057,5282.726,13359.9,1984.858,5336.326,13101.34,1977.858,5525.301,13059.13,2009.544,5237.265,13150.66,1963.221,5660.625,12967.96,1969.389,5520.038,13214.04,1979.789,5515.458,13216.29,1989.36,5345.996,13412.99,2042.597,5486.466
13223.41,1983.353,5184.202,13005.13,1950.195,5612.848,13425.97,1980.544,5566.559,12973.44,1976.692,5294.534,13227.57,2022.614,5698.247,12932.34,2012.767,5401.821,13287.4,1973.057,5282.656,13358.58,1984.858,5336.995,13100.56,1977.858,5526.554,13057.68,2009.544,5236.973,13150.79,1963.221,5662.098,12967.76,1969.389,5521.502,13212.56,1979.789,5515.435,13214.85,1989.36,5346.343,13414.19,2042.597,5487.335
13224.05,1983.353,5183.982,13004.95,1950.195,5613.495,13426.63,1980.544,5566.665,12972.77,1976.692,5294.553,13227.48,2022.614,5698.912,12931.73,2012.767,5402.088,13286.73,1973.057,5282.603,13357.99,1984.858,5337.318,13100.22,1977.858,5527.133,13057.01,2009.544,5236.862,13150.83,1963.221,5662.767,12967.65,1969.389,5522.163,13211.89,1979.789,5515.446,13214.2,1989.36,5346.52,13414.74,2042.597,5487.712
13225.2,1983.353,5183.623,13004.68,1950.195,5614.676,13427.82,1980.544,5566.896,12971.56,1976.692,5294.624,13227.37,2022.614,5700.119,12930.6,2012.767,5402.539,13285.53,1973.057,5282.469,13356.95,1984.858,5337.936,13099.64,1977.858,5528.202,13055.81,2009.544,5236.702,13150.86,1963.221,5663.979,12967.4,1969.389,5523.351,13210.68,1979.789,5515.505,13213.04,1989.36,5346.876,13415.77,2042.597,5488.359
13225.52,1983.353,5183.535,13004.61,1950.195,5615.001,13428.14,1980.544,5566.97,12971.23,1976.692,5294.653,13227.34,2022.614,5700.45,12930.29,2012.767,5402.652,13285.2,1973.057,5282.421,13356.67,1984.858,5338.114,13099.5,1977.858,5528.499,13055.48,2009.544,5236.668,13150.85,1963.221,5664.311,12967.36,1969.389,5523.679,13210.35,1979.789,5515.532,13212.73,1989.36,5346.983,13416.05,2042.597,5488.527
13226.93,1983.353,5183.199,13004.26,1950.195,5616.399,13429.54,1980.544,5567.337,12969.79,1976.692,5294.823,13227.24,2022.614,5701.887,12928.92,2012.767,5403.106,13283.78,1973.057,5282.171,13355.48,1984.858,5338.928,13098.9,1977.858,5529.81,13054.04,2009.544,5236.571,13150.79,1963.221,5665.751,12967.11,1969.389,5525.099,13208.91,1979.789,5515.52,13211.38,1989.36,5347.489,13417.32,2042.597,5489.216
13227.62,1983.353,5183.057,13004.11,1950.195,5617.088,13430.21,1980.544,5567.539,12969.1,1976.692,5294.929,13227.16,2022.614,5702.587,12928.26,2012.767,5403.348,13283.09,1973.057,5282.026,13354.91,1984.858,5339.344,13098.63,1977.858,5530.46,13053.34,2009.544,5236.547,13150.74,1963.221,5666.454,12967.01,1969.389,5525.796,13208.21,1979.789,5515.537,13210.73,1989.36,5347.756,13417.93,2042.597,5489.572
13228.71,1983.353,5182.87,13003.91,1950.195,5618.179,13431.26,1980.544,5567.891,12968.01,1976.692,5295.131,13227.01,2022.614,5703.685,12927.23,2012.767,5403.757,13282.01,1973.057,5281.765,13354.04,1984.858,5340.027,13098.23,1977.858,5531.496,13052.23,2009.544,5236.544,13150.62,1963.221,5667.556,12966.89,1969.389,5526.898,13207.1,1979.789,5515.6,13209.72,1989.36,5348.206,13418.87,2042.597,5490.164
13229.38,1983.353,5182.776,13003.81,1950.195,5618.851,13431.9,1980.544,5568.127,12967.34,1976.692,5295.277,13226.89,2022.614,5704.355,12926.61,2012.767,5404.028,13281.36,1973.057,5281.583,13353.52,1984.858,5340.464,13098.01,1977.858,5532.139,13051.55,2009.544,5236.565,13150.53,1963.221,5668.229,12966.84,1969.389,5527.576,13206.42,1979.789,5515.66,13209.1,1989.36,5348.499,13419.43,2042.597,5490.546
13230.31,1983.353,5182.679,13003.71,1950.195,5619.778,13432.76,1980.544,5568.48,12966.44,1976.692,5295.506,13226.71,2022.614,5705.268,12925.77,2012.767,5404.426,13280.47,1973.057,5281.306,13352.82,1984.858,5341.085,13097.74,1977.858,5533.031,13050.62,2009.544,5236.625,13150.37,1963.221,5669.147,12966.8,1969.389,5528.508,13205.5,1979.789,5515.771,13208.27,1989.36,5348.926,13420.18,2042.597,5491.095
13230.95,1983.353,5182.633,13003.66,1950.195,5620.416,13433.35,1980.544,5568.737,12965.82,1976.692,5295.683,13226.55,2022.614,5705.89,12925.2,2012.767,5404.717,13279.86,1973.057,5281.097,13352.36,1984.858,5341.527,13097.57,1977.858,5533.649,13049.98,2009.544,5236.686,13150.24,1963.221,5669.774,12966.8,1969.389,5529.148,13204.86,1979.789,5515.827,13207.72,1989.36,5349.237,13420.71,2042.597,5491.459
13231.6,1983.353,5182.607,13003.63,1950.195,5621.068,13433.94,1980.544,5569.013,12965.2,1976.692,5295.885,13226.38,2022.614,5706.52,12924.62,2012.767,5405.033,13279.25,1973.057,5280.865,13351.9,1984.858,5341.994,13097.42,1977.858,5534.285,13049.34,2009.544,5236.77,13150.08,1963.221,5670.409,12966.81,1969.389,5529.801,13204.21,1979.789,5515.841,13207.16,1989.36,5349.574,13421.25,2042.597,5491.82
13232.33,1983.353,5182.603,13003.61,1950.195,5621.799,13434.59,1980.544,5569.337,12964.51,1976.692,5296.132,13226.16,2022.614,5707.217,12924,2012.767,5405.406,13278.58,1973.057,5280.584,13351.41,1984.858,5342.531,13097.28,1977.858,5535.001,13048.62,2009.544,5236.888,13149.89,1963.221,5671.113,12966.85,1969.389,5530.531,13203.48,1979.789,5515.88,13206.54,1989.36,5349.97,13421.87,2042.597,5492.21
13233.04,1983.353,5182.621,13003.63,1950.195,5622.505,13435.22,1980.544,5569.665,12963.86,1976.692,5296.393,13225.93,2022.614,5707.884,12923.4,2012.767,5405.786,13277.93,1973.057,5280.293,13350.94,1984.858,5343.066,13097.16,1977.858,5535.697,13047.92,2009.544,5237.024,13149.67,1963.221,5671.787,12966.92,1969.389,5531.234,13202.77,1979.789,5515.9,13205.96,1989.36,5350.373,13422.47,2042.597,5492.573
13233.72,1983.353,5182.661,13003.66,1950.195,5623.188,13435.82,1980.544,5569.997,12963.23,1976.692,5296.667,13225.68,2022.614,5708.522,12922.84,2012.767,5406.173,13277.32,1973.057,5279.993,13350.51,1984.858,5343.598,13097.07,1977.858,5536.375,13047.26,2009.544,5237.178,13149.45,1963.221,5672.432,12967,1969.389,5531.913,13202.09,1979.789,5515.942,13205.41,1989.36,5350.78,13423.07,2042.597,5492.912
13234.38,1983.353,5182.722,13003.71,1950.195,5623.851,13436.39,1980.544,5570.333,12962.63,1976.692,5296.952,13225.42,2022.614,5709.134,12922.3,2012.767,5406.567,13276.73,1973.057,5279.683,13350.11,1984.858,5344.129,13097,1977.858,5537.037,13046.61,2009.544,5237.349,13149.21,1963.221,5673.052,12967.1,1969.389,5532.57,13201.43,1979.789,5515.99,13204.89,1989.36,5351.194,13423.65,2042.597,5493.228
13235.02,1983.353,5182.802,13003.79,1950.195,5624.492,13436.94,1980.544,5570.671,12962.06,1976.692,5297.248,13225.15,2022.614,5709.72,12921.79,2012.767,5406.966,13276.17,1973.057,5279.366,13349.74,1984.858,5344.656,13096.96,1977.858,5537.68,13046,2009.544,5237.535,13148.96,1963.221,5673.646,12967.22,1969.389,5533.204,13200.79,1979.789,5516.058,13204.4,1989.36,5351.612,13424.23,2042.597,5493.521
13235.64,1983.353,5182.899,13003.88,1950.195,5625.107,13437.46,1980.544,5571.009,12961.51,1976.692,5297.552,13224.88,2022.614,5710.276,12921.32,2012.767,5407.367,13275.64,1973.057,5279.045,13349.4,1984.858,5345.176,13096.94,1977.858,5538.302,13045.41,2009.544,5237.733,13148.7,1963.221,5674.21,12967.36,1969.389,5533.811,13200.17,1979.789,5516.144,13203.94,1989.36,5352.031,13424.79,2042.597,5493.791
13236.23,1983.353,5183.013,13003.99,1950.195,5625.701,13437.96,1980.544,5571.348,12961,1976.692,5297.863,13224.59,2022.614,5710.806,12920.87,2012.767,5407.77,13275.13,1973.057,5278.72,13349.09,1984.858,5345.691,13096.94,1977.858,5538.905,13044.84,2009.544,5237.945,13148.42,1963.221,5674.749,12967.51,1969.389,5534.395,13199.57,1979.789,5516.247,13203.51,1989.36,5352.451,13425.34,2042.597,5494.039
13236.97,1983.353,5183.181,13004.15,1950.195,5626.442,13438.58,1980.544,5571.789,12960.36,1976.692,5298.275,13224.2,2022.614,5711.46,12920.32,2012.767,5408.296,13274.48,1973.057,5278.332,13348.67,1984.858,5346.325,13096.96,1977.858,5539.664,13044.14,2009.544,5238.234,13148.06,1963.221,5675.415,12967.72,1969.389,5535.123,13198.83,1979.789,5516.367,13202.98,1989.36,5352.997,13426.04,2042.597,5494.335
13237.28,1983.353,5183.261,13004.23,1950.195,5626.75,13438.84,1980.544,5571.964,12960.1,1976.692,5298.454,13224.03,2022.614,5711.728,12920.1,2012.767,5408.523,13274.2,1973.057,5278.179,13348.49,1984.858,5346.584,13096.96,1977.858,5539.981,13043.85,2009.544,5238.363,13147.9,1963.221,5675.688,12967.82,1969.389,5535.424,13198.51,1979.789,5516.427,13202.75,1989.36,5353.217,13426.32,2042.597,5494.469
13238.1,1983.353,5183.446,13004.46,1950.195,5627.559,13439.52,1980.544,5572.465,12959.41,1976.692,5298.937,13223.59,2022.614,5712.442,12919.53,2012.767,5409.144,13273.45,1973.057,5277.796,13347.98,1984.858,5347.255,13096.93,1977.858,5540.822,13043.09,2009.544,5238.725,13147.45,1963.221,5676.399,12968.03,1969.389,5536.239,13197.69,1979.789,5516.614,13202.13,1989.36,5353.783,13427.08,2042.597,5494.847
13238.61,1983.353,5183.545,13004.62,1950.195,5628.058,13439.95,1980.544,5572.763,12958.99,1976.692,5299.246,13223.3,2022.614,5712.878,12919.19,2012.767,5409.542,13272.97,1973.057,5277.574,13347.65,1984.858,5347.663,13096.89,1977.858,5541.346,13042.62,2009.544,5238.962,13147.15,1963.221,5676.833,12968.18,1969.389,5536.742,13197.19,1979.789,5516.748,13201.73,1989.36,5354.123,13427.54,2042.597,5495.098
13238.82,1983.353,5183.591,13004.69,1950.195,5628.254,13440.12,1980.544,5572.887,12958.82,1976.692,5299.374,13223.18,2022.614,5713.048,12919.06,2012.767,5409.705,13272.78,1973.057,5277.491,13347.51,1984.858,5347.821,13096.87,1977.858,5541.553,13042.44,2009.544,5239.062,13147.03,1963.221,5677.001,12968.24,1969.389,5536.94,13196.99,1979.789,5516.807,13201.57,1989.36,5354.252,13427.71,2042.597,5495.204
13239.43,1983.353,5183.752,13004.92,1950.195,5628.848,13440.61,1980.544,5573.291,12958.33,1976.692,5299.774,13222.79,2022.614,5713.554,12918.68,2012.767,5410.216,13272.19,1973.057,5277.258,13347.08,1984.858,5348.29,13096.79,1977.858,5542.186,13041.89,2009.544,5239.381,13146.65,1963.221,5677.514,12968.46,1969.389,5537.539,13196.38,1979.789,5517.009,13201.05,1989.36,5354.633,13428.25,2042.597,5495.545
13239.91,1983.353,5183.86,13005.12,1950.195,5629.294,13441.02,1980.544,5573.557,12957.95,1976.692,5300.088,13222.48,2022.614,5713.93,12918.4,2012.767,5410.615,13271.73,1973.057,5277.096,13346.74,1984.858,5348.637,13096.71,1977.858,5542.666,13041.47,2009.544,5239.634,13146.35,1963.221,5677.895,12968.65,1969.389,5537.99,13195.93,1979.789,5517.178,13200.66,1989.36,5354.911,13428.66,2042.597,5495.819
13240.37,1983.353,5183.949,13005.32,1950.195,5629.718,13441.41,1980.544,5573.826,12957.6,1976.692,5300.4,13222.17,2022.614,5714.283,12918.15,2012.767,5411.009,13271.28,1973.057,5276.953,13346.4,1984.858,5348.96,13096.62,1977.858,5543.126,13041.08,2009.544,5239.888,13146.04,1963.221,5678.252,12968.84,1969.389,5538.42,13195.49,1979.789,5517.356,13200.26,1989.36,5355.166,13429.04,2042.597,5496.096
13240.77,1983.353,5184.013,13005.47,1950.195,5630.095,13441.73,1980.544,5574.07,12957.3,1976.692,5300.675,13221.89,2022.614,5714.581,12917.93,2012.767,5411.358,13270.89,1973.057,5276.842,13346.09,1984.858,5349.231,13096.52,1977.858,5543.523,13040.74,2009.544,5240.112,13145.77,1963.221,5678.554,12969.01,1969.389,5538.788,13195.12,1979.789,5517.522,13199.91,1989.36,5355.375,13429.37,2042.597,5496.335
13241.43,1983.353,5184.096,13005.74,1950.195,5630.7,13442.25,1980.544,5574.484,12956.82,1976.692,5301.13,13221.42,2022.614,5715.049,12917.61,2012.767,5411.936,13270.25,1973.057,5276.683,13345.58,1984.858,5349.655,13096.35,1977.858,5544.162,13040.19,2009.544,5240.483,13145.31,1963.221,5679.03,12969.38,1969.389,5539.335,13194.52,1979.789,5517.812,13199.33,1989.36,5355.697,13429.94,2042.597,5496.673
13241.98,1983.353,5184.147,13005.99,1950.195,5631.201,13442.69,1980.544,5574.818,12956.42,1976.692,5301.521,13221.02,2022.614,5715.43,12917.35,2012.767,5412.43,13269.7,1973.057,5276.566,13345.15,1984.858,5349.997,13096.19,1977.858,5544.695,13039.73,2009.544,5240.799,13144.94,1963.221,5679.449,12969.68,1969.389,5539.806,13194.03,1979.789,5518.072,13198.84,1989.36,5355.952,13430.41,2042.597,5496.974
13242.19,1983.353,5184.16,13006.08,1950.195,5631.385,13442.87,1980.544,5574.928,12956.28,1976.692,5301.67,13220.86,2022.614,5715.567,12917.26,2012.767,5412.618,13269.5,1973.057,5276.529,13344.98,1984.858,5350.12,13096.12,1977.858,5544.892,13039.56,2009.544,5240.921,13144.8,1963.221,5679.602,12969.77,1969.389,5539.994,13193.85,1979.789,5518.176,13198.65,1989.36,5356.042,13430.58,2042.597,5497.092
13242.44,1983.353,5184.167,13006.21,1950.195,5631.599,13443.08,1980.544,5575.065,12956.11,1976.692,5301.851,13220.67,2022.614,5715.723,12917.17,2012.767,5412.844,13269.25,1973.057,5276.493,13344.77,1984.858,5350.258,13096.03,1977.858,5545.122,13039.36,2009.544,5241.067,13144.62,1963.221,5679.776,12969.89,1969.389,5540.211,13193.64,1979.789,5518.305,13198.42,1989.36,5356.14,13430.78,2042.597,5497.238
13242.9,1983.353,5184.165,13006.45,1950.195,5631.995,13443.45,1980.544,5575.336,12955.8,1976.692,5302.198,13220.32,2022.614,5716.03,12916.99,2012.767,5413.275,13268.79,1973.057,5276.44,13344.38,1984.858,5350.506,13095.85,1977.858,5545.551,13038.99,2009.544,5241.346,13144.29,1963.221,5680.094,12970.12,1969.389,5540.616,13193.25,1979.789,5518.561,13197.99,1989.36,5356.311,13431.16,2042.597,5497.5
13243.28,1983.353,5184.151,13006.66,1950.195,5632.31,13443.75,1980.544,5575.566,12955.56,1976.692,5302.486,13220.06,2022.614,5716.307,12916.86,2012.767,5413.63,13268.42,1973.057,5276.41,13344.05,1984.858,5350.697,13095.7,1977.858,5545.895,13038.69,2009.544,5241.575,13144,1963.221,5680.344,12970.3,1969.389,5540.943,13192.95,1979.789,5518.779,13197.64,1989.36,5356.438,13431.46,2042.597,5497.722
13243.64,1983.353,5184.125,13006.86,1950.195,5632.613,13444.04,1980.544,5575.797,12955.33,1976.692,5302.77,13219.81,2022.614,5716.566,12916.75,2012.767,5413.977,13268.05,1973.057,5276.392,13343.73,1984.858,5350.872,13095.54,1977.858,5546.221,13038.4,2009.544,5241.801,13143.72,1963.221,5680.576,12970.49,1969.389,5541.253,13192.66,1979.789,5519,13197.29,1989.36,5356.551,13431.75,2042.597,5497.946
13244.1,1983.353,5184.079,13007.13,1950.195,5632.986,13444.38,1980.544,5576.1,12955.05,1976.692,5303.136,13219.47,2022.614,5716.882,12916.62,2012.767,5414.418,13267.59,1973.057,5276.385,13343.32,1984.858,5351.078,13095.32,1977.858,5546.626,13038.05,2009.544,5242.091,13143.36,1963.221,5680.856,12970.75,1969.389,5541.636,13192.3,1979.789,5519.29,13196.85,1989.36,5356.68,13432.1,2042.597,5498.24
13244.38,1983.353,5184.041,13007.3,1950.195,5633.209,13444.59,1980.544,5576.292,12954.89,1976.692,5303.365,13219.26,2022.614,5717.069,12916.55,2012.767,5414.692,13267.31,1973.057,5276.39,13343.07,1984.858,5351.196,13095.18,1977.858,5546.87,13037.83,2009.544,5242.273,13143.13,1963.221,5681.021,12970.91,1969.389,5541.866,13192.09,1979.789,5519.475,13196.58,1989.36,5356.751,13432.31,2042.597,5498.428
13244.66,1983.353,5183.993,13007.48,1950.195,5633.431,13444.79,1980.544,5576.495,12954.73,1976.692,5303.604,13219.04,2022.614,5717.252,12916.49,2012.767,5414.973,13267.02,1973.057,5276.404,13342.8,1984.858,5351.308,13095.02,1977.858,5547.113,13037.62,2009.544,5242.463,13142.89,1963.221,5681.181,12971.09,1969.389,5542.094,13191.88,1979.789,5519.671,13196.3,1989.36,5356.816,13432.52,2042.597,5498.626
13245.1,1983.353,5183.904,13007.78,1950.195,5633.766,13445.1,1980.544,5576.815,12954.49,1976.692,5303.98,13218.69,2022.614,5717.526,12916.41,2012.767,5415.411,13266.58,1973.057,5276.44,13342.39,1984.858,5351.468,13094.77,1977.858,5547.483,13037.29,2009.544,5242.761,13142.51,1963.221,5681.417,12971.37,1969.389,5542.44,13191.56,1979.789,5519.985,13195.86,1989.36,5356.902,13432.83,2042.597,5498.944
13245.3,1983.353,5183.856,13007.92,1950.195,5633.918,13445.24,1980.544,5576.969,12954.38,1976.692,5304.16,13218.52,2022.614,5717.648,12916.38,2012.767,5415.617,13266.37,1973.057,5276.464,13342.19,1984.858,5351.536,13094.68,1977.858,5547.669,13037.13,2009.544,5242.903,13142.33,1963.221,5681.521,12971.51,1969.389,5542.597,13191.41,1979.789,5520.13,13195.65,1989.36,5356.937,13432.98,2042.597,5499.097
13245.69,1983.353,5183.751,13008.2,1950.195,5634.203,13445.5,1980.544,5577.274,12954.19,1976.692,5304.509,13218.19,2022.614,5717.872,12916.33,2012.767,5416.015,13265.98,1973.057,5276.522,13341.81,1984.858,5351.655,13094.49,1977.858,5548.021,13036.84,2009.544,5243.175,13141.99,1963.221,5681.733,12971.78,1969.389,5542.89,13191.13,1979.789,5520.418,13195.26,1989.36,5356.991,13433.24,2042.597,5499.4
13245.89,1983.353,5183.69,13008.35,1950.195,5634.346,13445.63,1980.544,5577.437,12954.09,1976.692,5304.694,13218.01,2022.614,5717.983,12916.31,2012.767,5416.222,13265.77,1973.057,5276.56,13341.61,1984.858,5351.71,13094.38,1977.858,5548.201,13036.69,2009.544,5243.318,13141.81,1963.221,5681.84,12971.92,1969.389,5543.037,13190.99,1979.789,5520.573,13195.05,1989.36,5357.012,13433.37,2042.597,5499.563
13246.24,1983.353,5183.568,13008.64,1950.195,5634.597,13445.88,1980.544,5577.721,12953.93,1976.692,5305.035,13217.69,2022.614,5718.174,12916.29,2012.767,5416.6,13265.4,1973.057,5276.639,13341.24,1984.858,5351.799,13094.18,1977.858,5548.521,13036.41,2009.544,5243.576,13141.48,1963.221,5682.023,12972.2,1969.389,5543.296,13190.75,1979.789,5520.861,13194.67,1989.36,5357.04,13433.6,2042.597,5499.864
13246.44,1983.353,5183.494,13008.8,1950.195,5634.73,13446.01,1980.544,5577.882,12953.83,1976.692,5305.219,13217.5,2022.614,5718.273,12916.29,2012.767,5416.808,13265.2,1973.057,5276.689,13341.03,1984.858,5351.833,13094.07,1977.858,5548.693,13036.26,2009.544,5243.724,13141.29,1963.221,5682.118,12972.35,1969.389,5543.442,13190.61,1979.789,5521.017,13194.46,1989.36,5357.048,13433.72,2042.597,5500.035
13246.67,1983.353,5183.398,13008.99,1950.195,5634.884,13446.17,1980.544,5578.08,12953.71,1976.692,5305.437,13217.28,2022.614,5718.385,12916.29,2012.767,5417.058,13264.96,1973.057,5276.758,13340.79,1984.858,5351.882,13093.92,1977.858,5548.895,13036.09,2009.544,5243.906,13141.07,1963.221,5682.225,12972.53,1969.389,5543.613,13190.45,1979.789,5521.209,13194.21,1989.36,5357.05,13433.85,2042.597,5500.243
13246.98,1983.353,5183.257,13009.27,1950.195,5635.083,13446.36,1980.544,5578.356,12953.54,1976.692,5305.73,13216.97,2022.614,5718.527,12916.31,2012.767,5417.397,13264.63,1973.057,5276.861,13340.46,1984.858,5351.96,13093.71,1977.858,5549.164,13035.87,2009.544,5244.161,13140.77,1963.221,5682.383,12972.79,1969.389,5543.836,13190.25,1979.789,5521.483,13193.88,1989.36,5357.042,13434.03,2042.597,5500.533
13247.17,1983.353,5183.165,13009.44,1950.195,5635.2,13446.48,1980.544,5578.53,12953.44,1976.692,5305.914,13216.78,2022.614,5718.607,12916.33,2012.767,5417.605,13264.44,1973.057,5276.931,13340.26,1984.858,5352.014,13093.58,1977.858,5549.324,13035.74,2009.544,5244.322,13140.58,1963.221,5682.474,12972.95,1969.389,5543.968,13190.12,1979.789,5521.647,13193.67,1989.36,5357.031,13434.13,2042.597,5500.714
13247.4,1983.353,5183.039,13009.66,1950.195,5635.354,13446.62,1980.544,5578.756,12953.31,1976.692,5306.145,13216.53,2022.614,5718.703,12916.36,2012.767,5417.87,13264.19,1973.057,5277.029,13340,1984.858,5352.092,13093.4,1977.858,5549.523,13035.58,2009.544,5244.534,13140.34,1963.221,5682.589,12973.16,1969.389,5544.13,13189.96,1979.789,5521.862,13193.4,1989.36,5357.008,13434.26,2042.597,5500.95
13247.64,1983.353,5182.901,13009.89,1950.195,5635.505,13446.76,1980.544,5578.993,12953.16,1976.692,5306.376,13216.27,2022.614,5718.792,12916.39,2012.767,5418.141,13263.94,1973.057,5277.137,13339.74,1984.858,5352.172,13093.21,1977.858,5549.721,13035.42,2009.544,5244.756,13140.09,1963.221,5682.7,12973.38,1969.389,5544.289,13189.79,1979.789,5522.078,13193.13,1989.36,5356.976,13434.39,2042.597,5501.188
13247.81,1983.353,5182.791,13010.07,1950.195,5635.615,13446.86,1980.544,5579.172,12953.06,1976.692,5306.557,13216.07,2022.614,5718.854,12916.43,2012.767,5418.346,13263.75,1973.057,5277.226,13339.54,1984.858,5352.24,13093.06,1977.858,5549.868,13035.3,2009.544,5244.929,13139.9,1963.221,5682.778,12973.56,1969.389,5544.404,13189.66,1979.789,5522.237,13192.92,1989.36,5356.958,13434.49,2042.597,5501.373
13248.02,1983.353,5182.649,13010.28,1950.195,5635.748,13446.98,1980.544,5579.396,12952.93,1976.692,5306.781,13215.82,2022.614,5718.921,12916.48,2012.767,5418.595,13263.52,1973.057,5277.342,13339.3,1984.858,5352.331,13092.88,1977.858,5550.041,13035.17,2009.544,5245.146,13139.66,1963.221,5682.865,12973.77,1969.389,5544.539,13189.49,1979.789,5522.427,13192.67,1989.36,5356.944,13434.61,2042.597,5501.598
13248.19,1983.353,5182.528,13010.46,1950.195,5635.85,13447.08,1980.544,5579.583,12952.83,1976.692,5306.959,13215.62,2022.614,5718.969,12916.53,2012.767,5418.797,13263.34,1973.057,5277.442,13339.11,1984.858,5352.412,13092.72,1977.858,5550.178,13035.06,2009.544,5245.326,13139.46,1963.221,5682.931,12973.95,1969.389,5544.643,13189.35,1979.789,5522.578,13192.46,1989.36,5356.939,13434.7,2042.597,5501.786
13248.4,1983.353,5182.365,13010.7,1950.195,5635.974,13447.19,1980.544,5579.825,12952.7,1976.692,5307.192,13215.36,2022.614,5719.022,12916.61,2012.767,5419.054,13263.11,1973.057,5277.579,13338.87,1984.858,5352.513,13092.51,1977.858,5550.347,13034.92,2009.544,5245.555,13139.2,1963.221,5683.006,12974.19,1969.389,5544.768,13189.16,1979.789,5522.765,13192.19,1989.36,5356.943,13434.81,2042.597,5502.029
13248.57,1983.353,5182.233,13010.89,1950.195,5636.065,13447.27,1980.544,5580.017,12952.59,1976.692,5307.372,13215.16,2022.614,5719.058,12916.67,2012.767,5419.252,13262.94,1973.057,5277.691,13338.68,1984.858,5352.599,13092.35,1977.858,5550.475,13034.82,2009.544,5245.737,13139,1963.221,5683.058,12974.38,1969.389,5544.86,13189.01,1979.789,5522.914,13191.98,1989.36,5356.952,13434.88,2042.597,5502.222
13248.72,1983.353,5182.096,13011.08,1950.195,5636.15,13447.34,1980.544,5580.211,12952.49,1976.692,5307.555,13214.95,2022.614,5719.086,12916.74,2012.767,5419.449,13262.76,1973.057,5277.809,13338.49,1984.858,5352.691,13092.18,1977.858,5550.6,13034.73,2009.544,5245.922,13138.8,1963.221,5683.104,12974.57,1969.389,5544.946,13188.86,1979.789,5523.058,13191.78,1989.36,5356.968,13434.96,2042.597,5502.417
13248.9,1983.353,5181.926,13011.31,1950.195,5636.244,13447.42,1980.544,5580.446,12952.38,1976.692,5307.776,13214.7,2022.614,5719.112,12916.83,2012.767,5419.68,13262.56,1973.057,5277.957,13338.27,1984.858,5352.808,13091.98,1977.858,5550.745,13034.62,2009.544,5246.147,13138.55,1963.221,5683.15,12974.79,1969.389,5545.042,13188.68,1979.789,5523.224,13191.53,1989.36,5356.996,13435.04,2042.597,5502.653
13249.05,1983.353,5181.778,13011.5,1950.195,5636.316,13447.49,1980.544,5580.646,12952.29,1976.692,5307.965,13214.5,2022.614,5719.126,12916.91,2012.767,5419.872,13262.4,1973.057,5278.085,13338.09,1984.858,5352.912,13091.81,1977.858,5550.864,13034.54,2009.544,5246.339,13138.35,1963.221,5683.182,12974.99,1969.389,5545.115,13188.52,1979.789,5523.357,13191.32,1989.36,5357.025,13435.09,2042.597,5502.853
13249.19,1983.353,5181.626,13011.7,1950.195,5636.382,13447.54,1980.544,5580.846,12952.21,1976.692,5308.157,13214.29,2022.614,5719.134,12917,2012.767,5420.06,13262.24,1973.057,5278.22,13337.91,1984.858,5353.022,13091.64,1977.858,5550.98,13034.46,2009.544,5246.533,13138.14,1963.221,5683.208,12975.19,1969.389,5545.182,13188.35,1979.789,5523.486,13191.12,1989.36,5357.062,13435.15,2042.597,5503.055
13249.33,1983.353,5181.47,13011.9,1950.195,5636.441,13447.59,1980.544,5581.049,12952.14,1976.692,5308.352,13214.08,2022.614,5719.135,12917.09,2012.767,5420.246,13262.08,1973.057,5278.359,13337.73,1984.858,5353.126,13091.46,1977.858,5551.094,13034.4,2009.544,5246.729,13137.93,1963.221,5683.226,12975.39,1969.389,5545.242,13188.18,1979.789,5523.609,13190.91,1989.36,5357.105,13435.19,2042.597,5503.258
13249.46,1983.353,5181.309,13012.1,1950.195,5636.494,13447.63,1980.544,5581.253,12952.07,1976.692,5308.548,13213.87,2022.614,5719.129,12917.19,2012.767,5420.428,13261.93,1973.057,5278.503,13337.55,1984.858,5353.236,13091.29,1977.858,5551.204,13034.33,2009.544,5246.928,13137.73,1963.221,5683.238,12975.59,1969.389,5545.296,13188.01,1979.789,5523.727,13190.71,1989.36,5357.155,13435.23,2042.597,5503.462
13249.59,1983.353,5181.144,13012.31,1950.195,5636.541,13447.67,1980.544,5581.458,12952,1976.692,5308.745,13213.66,2022.614,5719.13,12917.29,2012.767,5420.611,13261.79,1973.057,5278.652,13337.38,1984.858,5353.352,13091.11,1977.858,5551.311,13034.26,2009.544,5247.124,13137.52,1963.221,5683.243,12975.79,1969.389,5545.344,13187.84,1979.789,5523.839,13190.51,1989.36,5357.211,13435.28,2042.597,5503.666
13249.71,1983.353,5180.975,13012.51,1950.195,5636.581,13447.68,1980.544,5581.667,12951.94,1976.692,5308.943,13213.46,2022.614,5719.135,12917.39,2012.767,5420.793,13261.65,1973.057,5278.806,13337.21,1984.858,5353.473,13090.93,1977.858,5551.413,13034.19,2009.544,5247.318,13137.31,1963.221,5683.241,12975.99,1969.389,5545.397,13187.66,1979.789,5523.95,13190.31,1989.36,5357.274,13435.32,2042.597,5503.87
13249.83,1983.353,5180.802,13012.72,1950.195,5636.614,13447.7,1980.544,5581.875,12951.87,1976.692,5309.14,13213.25,2022.614,5719.144,12917.5,2012.767,5420.976,13261.51,1973.057,5278.964,13337.05,1984.858,5353.6,13090.74,1977.858,5551.513,13034.12,2009.544,5247.515,13137.1,1963.221,5683.211,12976.19,1969.389,5545.447,13187.48,1979.789,5524.056,13190.12,1989.36,5357.343,13435.37,2042.597,5504.073
13249.94,1983.353,5180.625,13012.92,1950.195,5636.642,13447.71,1980.544,5582.083,12951.79,1976.692,5309.334,13213.04,2022.614,5719.145,12917.6,2012.767,5421.159,13261.38,1973.057,5279.126,13336.89,1984.858,5353.732,13090.56,1977.858,5551.609,13034.05,2009.544,5247.711,13136.9,1963.221,5683.189,12976.4,1969.389,5545.5,13187.3,1979.789,5524.155,13189.92,1989.36,5357.419,13435.41,2042.597,5504.277
13250.04,1983.353,5180.445,13013.13,1950.195,5636.663,13447.73,1980.544,5582.29,12951.71,1976.692,5309.523,13212.83,2022.614,5719.145,12917.7,2012.767,5421.341,13261.26,1973.057,5279.293,13336.73,1984.858,5353.869,13090.38,1977.858,5551.709,13033.97,2009.544,5247.905,13136.69,1963.221,5683.158,12976.6,1969.389,5545.549,13187.13,1979.789,5524.276,13189.73,1989.36,5357.501,13435.45,2042.597,5504.481
13250.14,1983.353,5180.262,13013.34,1950.195,5636.677,13447.75,1980.544,5582.497,12951.62,1976.692,5309.712,13212.62,2022.614,5719.145,12917.8,2012.767,5421.524,13261.13,1973.057,5279.456,13336.58,1984.858,5354.012,13090.19,1977.858,5551.809,13033.89,2009.544,5248.096,13136.48,1963.221,5683.134,12976.8,1969.389,5545.59,13186.96,1979.789,5524.391,13189.54,1989.36,5357.589,13435.48,2042.597,5504.687
13250.24,1983.353,5180.075,13013.54,1950.195,5636.698,13447.76,1980.544,5582.705,12951.51,1976.692,5309.892,13212.42,2022.614,5719.155,12917.9,2012.767,5421.707,13260.99,1973.057,5279.614,13336.43,1984.858,5354.159,13090.01,1977.858,5551.907,13033.83,2009.544,5248.295,13136.28,1963.221,5683.117,12977.01,1969.389,5545.625,13186.79,1979.789,5524.52,13189.36,1989.36,5357.684,13435.51,2042.597,5504.893
13250.32,1983.353,5179.886,13013.75,1950.195,5636.726,13447.76,1980.544,5582.913,12951.41,1976.692,5310.075,13212.21,2022.614,5719.158,12918,2012.767,5421.889,13260.85,1973.057,5279.767,13336.29,1984.858,5354.311,13089.83,1977.858,5552.004,13033.76,2009.544,5248.492,13136.07,1963.221,5683.107,12977.21,1969.389,5545.654,13186.62,1979.789,5524.644,13189.17,1989.36,5357.784,13435.53,2042.597,5505.1
13250.4,1983.353,5179.693,13013.96,1950.195,5636.76,13447.75,1980.544,5583.121,12951.32,1976.692,5310.261,13212,2022.614,5719.163,12918.1,2012.767,5422.072,13260.7,1973.057,5279.916,13336.14,1984.858,5354.454,13089.64,1977.858,5552.101,13033.68,2009.544,5248.686,13135.86,1963.221,5683.104,12977.42,1969.389,5545.676,13186.45,1979.789,5524.762,13189,1989.36,5357.891,13435.55,2042.597,5505.308
13250.48,1983.353,5179.499,13014.16,1950.195,5636.801,13447.74,1980.544,5583.329,12951.23,1976.692,5310.45,13211.79,2022.614,5719.161,12918.2,2012.767,5422.254,13260.55,1973.057,5280.06,13335.99,1984.858,5354.601,13089.46,1977.858,5552.197,13033.6,2009.544,5248.878,13135.65,1963.221,5683.107,12977.63,1969.389,5545.692,13186.28,1979.789,5524.875,13188.82,1989.36,5358.003,13435.55,2042.597,5505.516
13250.54,1983.353,5179.301,13014.36,1950.195,5636.835,13447.74,1980.544,5583.538,12951.15,1976.692,5310.642,13211.58,2022.614,5719.166,12918.3,2012.767,5422.437,13260.4,1973.057,5280.199,13335.84,1984.858,5354.748,13089.27,1977.858,5552.292,13033.54,2009.544,5249.076,13135.45,1963.221,5683.14,12977.84,1969.389,5545.713,13186.1,1979.789,5524.982,13188.65,1989.36,5358.121,13435.55,2042.597,5505.725
13250.61,1983.353,5179.102,13014.57,1950.195,5636.863,13447.74,1980.544,5583.746,12951.07,1976.692,5310.835,13211.38,2022.614,5719.178,12918.41,2012.767,5422.616,13260.24,1973.057,5280.333,13335.69,1984.858,5354.89,13089.09,1977.858,5552.385,13033.46,2009.544,5249.272,13135.24,1963.221,5683.176,12978.04,1969.389,5545.736,13185.93,1979.789,5525.104,13188.48,1989.36,5358.244,13435.55,2042.597,5505.933
13250.66,1983.353,5178.901,13014.78,1950.195,5636.885,13447.74,1980.544,5583.954,12951,1976.692,5311.029,13211.17,2022.614,5719.196,12918.52,2012.767,5422.792,13260.07,1973.057,5280.461,13335.53,1984.858,5355.027,13088.9,1977.858,5552.479,13033.39,2009.544,5249.466,13135.04,1963.221,5683.205,12978.25,1969.389,5545.767,13185.76,1979.789,5525.222,13188.31,1989.36,5358.364,13435.55,2042.597,5506.141
13250.71,1983.353,5178.698,13014.99,1950.195,5636.899,13447.74,1980.544,5584.163,12950.93,1976.692,5311.225,13210.96,2022.614,5719.222,12918.63,2012.767,5422.965,13259.91,1973.057,5280.584,13335.39,1984.858,5355.181,13088.72,1977.858,5552.574,13033.3,2009.544,5249.656,13134.83,1963.221,5683.227,12978.46,1969.389,5545.792,13185.58,1979.789,5525.335,13188.14,1989.36,5358.49,13435.55,2042.597,5506.35
13250.75,1983.353,5178.494,13015.19,1950.195,5636.908,13447.76,1980.544,5584.37,12950.85,1976.692,5311.42,13210.75,2022.614,5719.24,12918.75,2012.767,5423.134,13259.73,1973.057,5280.702,13335.25,1984.858,5355.33,13088.53,1977.858,5552.667,13033.22,2009.544,5249.848,13134.62,1963.221,5683.242,12978.66,1969.389,5545.811,13185.41,1979.789,5525.442,13187.97,1989.36,5358.606,13435.54,2042.597,5506.558
13250.78,1983.353,5178.289,13015.4,1950.195,5636.91,13447.77,1980.544,5584.577,12950.78,1976.692,5311.616,13210.55,2022.614,5719.252,12918.88,2012.767,5423.299,13259.56,1973.057,5280.814,13335.09,1984.858,5355.474,13088.34,1977.858,5552.759,13033.15,2009.544,5250.042,13134.41,1963.221,5683.25,12978.87,1969.389,5545.841,13185.22,1979.789,5525.543,13187.8,1989.36,5358.729,13435.54,2042.597,5506.766
13250.81,1983.353,5178.067,13015.62,1950.195,5636.919,13447.78,1980.544,5584.8,12950.71,1976.692,5311.826,13210.32,2022.614,5719.263,12919.02,2012.767,5423.472,13259.37,1973.057,5280.927,13334.93,1984.858,5355.623,13088.14,1977.858,5552.856,13033.07,2009.544,5250.253,13134.19,1963.221,5683.251,12979.09,1969.389,5545.866,13185.03,1979.789,5525.645,13187.64,1989.36,5358.878,13435.55,2042.597,5506.989
13250.86,1983.353,5177.654,13016.04,1950.195,5636.949,13447.79,1980.544,5585.215,12950.57,1976.692,5312.219,13209.91,2022.614,5719.301,12919.3,2012.767,5423.786,13259,1973.057,5281.127,13334.61,1984.858,5355.889,13087.77,1977.858,5553.035,13032.95,2009.544,5250.648,13133.77,1963.221,5683.268,12979.5,1969.389,5545.899,13184.67,1979.789,5525.866,13187.32,1989.36,5359.147,13435.55,2042.597,5507.404
13250.88,1983.353,5177.365,13016.33,1950.195,5636.979,13447.82,1980.544,5585.503,12950.48,1976.692,5312.494,13209.62,2022.614,5719.318,12919.49,2012.767,5423.999,13258.74,1973.057,5281.258,13334.38,1984.858,5356.068,13087.51,1977.858,5553.16,13032.85,2009.544,5250.921,13133.48,1963.221,5683.255,12979.79,1969.389,5545.914,13184.42,1979.789,5526.013,13187.09,1989.36,5359.327,13435.55,2042.597,5507.694
13250.88,1983.353,5177.088,13016.6,1950.195,5637.017,13447.86,1980.544,5585.776,12950.4,1976.692,5312.756,13209.34,2022.614,5719.325,12919.69,2012.767,5424.196,13258.49,1973.057,5281.375,13334.16,1984.858,5356.232,13087.26,1977.858,5553.279,13032.76,2009.544,5251.185,13133.21,1963.221,5683.243,12980.07,1969.389,5545.918,13184.18,1979.789,5526.145,13186.87,1989.36,5359.492,13435.53,2042.597,5507.97
13250.89,1983.353,5176.754,13016.93,1950.195,5637.052,13447.9,1980.544,5586.108,12950.29,1976.692,5313.074,13209.01,2022.614,5719.322,12919.93,2012.767,5424.426,13258.18,1973.057,5281.505,13333.88,1984.858,5356.42,13086.96,1977.858,5553.433,13032.62,2009.544,5251.486,13132.88,1963.221,5683.202,12980.4,1969.389,5545.935,13183.89,1979.789,5526.305,13186.6,1989.36,5359.682,13435.52,2042.597,5508.304
13250.88,1983.353,5176.538,13017.15,1950.195,5637.068,13447.92,1980.544,5586.324,12950.23,1976.692,5313.28,13208.79,2022.614,5719.313,12920.09,2012.767,5424.571,13257.98,1973.057,5281.583,13333.7,1984.858,5356.537,13086.77,1977.858,5553.539,13032.53,2009.544,5251.684,13132.66,1963.221,5683.172,12980.62,1969.389,5545.953,13183.69,1979.789,5526.402,13186.42,1989.36,5359.799,13435.5,2042.597,5508.52
13250.86,1983.353,5176.166,13017.52,1950.195,5637.084,13447.94,1980.544,5586.697,12950.11,1976.692,5313.634,13208.42,2022.614,5719.287,12920.38,2012.767,5424.812,13257.63,1973.057,5281.707,13333.38,1984.858,5356.727,13086.45,1977.858,5553.731,13032.39,2009.544,5252.031,13132.29,1963.221,5683.133,12980.99,1969.389,5545.996,13183.37,1979.789,5526.581,13186.09,1989.36,5359.991,13435.48,2042.597,5508.893
13250.83,1983.353,5175.951,13017.74,1950.195,5637.1,13447.94,1980.544,5586.913,12950.04,1976.692,5313.838,13208.21,2022.614,5719.264,12920.54,2012.767,5424.945,13257.42,1973.057,5281.771,13333.19,1984.858,5356.83,13086.27,1977.858,5553.848,13032.32,2009.544,5252.233,13132.08,1963.221,5683.143,12981.21,1969.389,5546.014,13183.18,1979.789,5526.681,13185.91,1989.36,5360.095,13435.46,2042.597,5509.107
13250.81,1983.353,5175.745,13017.94,1950.195,5637.122,13447.94,1980.544,5587.121,12949.98,1976.692,5314.036,13208,2022.614,5719.249,12920.71,2012.767,5425.069,13257.22,1973.057,5281.828,13333.01,1984.858,5356.924,13086.1,1977.858,5553.966,13032.23,2009.544,5252.421,13131.87,1963.221,5683.145,12981.41,1969.389,5546.024,13182.99,1979.789,5526.776,13185.72,1989.36,5360.19,13435.45,2042.597,5509.315
13250.78,1983.353,5175.539,13018.15,1950.195,5637.138,13447.93,1980.544,5587.33,12949.92,1976.692,5314.234,13207.79,2022.614,5719.222,12920.88,2012.767,5425.188,13257.02,1973.057,5281.877,13332.82,1984.858,5357.012,13085.93,1977.858,5554.089,13032.15,2009.544,5252.612,13131.66,1963.221,5683.14,12981.62,1969.389,5546.042,13182.81,1979.789,5526.876,13185.53,1989.36,5360.279,13435.45,2042.597,5509.523
13250.74,1983.353,5175.334,13018.36,1950.195,5637.147,13447.92,1980.544,5587.538,12949.85,1976.692,5314.432,13207.59,2022.614,5719.201,12921.06,2012.767,5425.302,13256.82,1973.057,5281.919,13332.63,1984.858,5357.094,13085.77,1977.858,5554.218,13032.07,2009.544,5252.806,13131.45,1963.221,5683.13,12981.83,1969.389,5546.066,13182.63,1979.789,5526.983,13185.34,1989.36,5360.362,13435.46,2042.597,5509.731
13250.69,1983.353,5175.131,13018.57,1950.195,5637.163,13447.92,1980.544,5587.746,12949.79,1976.692,5314.63,13207.38,2022.614,5719.187,12921.23,2012.767,5425.41,13256.61,1973.057,5281.956,13332.43,1984.858,5357.169,13085.61,1977.858,5554.352,13032,2009.544,5253.002,13131.24,1963.221,5683.114,12982.04,1969.389,5546.084,13182.45,1979.789,5527.096,13185.15,1989.36,5360.439,13435.46,2042.597,5509.94
13250.63,1983.353,5174.93,13018.77,1950.195,5637.185,13447.94,1980.544,5587.954,12949.72,1976.692,5314.828,13207.17,2022.614,5719.167,12921.42,2012.767,5425.513,13256.41,1973.057,5281.985,13332.24,1984.858,5357.238,13085.45,1977.858,5554.491,13031.94,2009.544,5253.201,13131.04,1963.221,5683.091,12982.25,1969.389,5546.095,13182.28,1979.789,5527.214,13184.95,1989.36,5360.509,13435.45,2042.597,5510.148
13250.58,1983.353,5174.73,13018.98,1950.195,5637.202,13447.95,1980.544,5588.162,12949.66,1976.692,5315.027,13206.96,2022.614,5719.141,12921.6,2012.767,5425.609,13256.2,1973.057,5282.007,13332.04,1984.858,5357.3,13085.3,1977.858,5554.634,13031.88,2009.544,5253.401,13130.83,1963.221,5683.062,12982.45,1969.389,5546.112,13182.11,1979.789,5527.337,13184.75,1989.36,5360.573,13435.46,2042.597,5510.357
13250.51,1983.353,5174.533,13019.19,1950.195,5637.212,13447.98,1980.544,5588.368,12949.6,1976.692,5315.227,13206.76,2022.614,5719.136,12921.79,2012.767,5425.7,13255.99,1973.057,5282.023,13331.84,1984.858,5357.356,13085.15,1977.858,5554.782,13031.85,2009.544,5253.608,13130.63,1963.221,5683.027,12982.66,1969.389,5546.137,13181.95,1979.789,5527.466,13184.55,1989.36,5360.635,13435.46,2042.597,5510.565
13250.44,1983.353,5174.338,13019.4,1950.195,5637.23,13448,1980.544,5588.576,12949.54,1976.692,5315.427,13206.55,2022.614,5719.125,12921.98,2012.767,5425.785,13255.78,1973.057,5282.032,13331.63,1984.858,5357.406,13085.01,1977.858,5554.935,13031.82,2009.544,5253.814,13130.42,1963.221,5682.987,12982.87,1969.389,5546.155,13181.79,1979.789,5527.601,13184.35,1989.36,5360.69,13435.45,2042.597,5510.773
13250.36,1983.353,5174.145,13019.61,1950.195,5637.254,13448.01,1980.544,5588.784,12949.49,1976.692,5315.629,13206.34,2022.614,5719.107,12922.17,2012.767,5425.864,13255.58,1973.057,5282.035,13331.43,1984.858,5357.449,13084.88,1977.858,5555.091,13031.78,2009.544,5254.019,13130.22,1963.221,5682.942,12983.08,1969.389,5546.166,13181.64,1979.789,5527.74,13184.15,1989.36,5360.739,13435.44,2042.597,5510.981
13250.27,1983.353,5173.955,13019.81,1950.195,5637.285,13448.03,1980.544,5588.991,12949.44,1976.692,5315.831,13206.13,2022.614,5719.088,12922.37,2012.767,5425.938,13255.37,1973.057,5282.03,13331.23,1984.858,5357.485,13084.74,1977.858,5555.252,13031.74,2009.544,5254.222,13130.02,1963.221,5682.894,12983.28,1969.389,5546.17,13181.49,1979.789,5527.885,13183.95,1989.36,5360.781,13435.44,2042.597,5511.189
13250.18,1983.353,5173.767,13020.02,1950.195,5637.31,13448.04,1980.544,5589.199,12949.39,1976.692,5316.033,13205.93,2022.614,5719.062,12922.56,2012.767,5426.004,13255.16,1973.057,5282.019,13331.02,1984.858,5357.514,13084.62,1977.858,5555.417,13031.69,2009.544,5254.425,13129.81,1963.221,5682.843,12983.49,1969.389,5546.182,13181.34,1979.789,5528.034,13183.74,1989.36,5360.817,13435.45,2042.597,5511.397
13250.09,1983.353,5173.583,13020.22,1950.195,5637.341,13448.05,1980.544,5589.408,12949.34,1976.692,5316.235,13205.72,2022.614,5719.033,12922.76,2012.767,5426.065,13254.95,1973.057,5282.001,13330.81,1984.858,5357.538,13084.49,1977.858,5555.586,13031.64,2009.544,5254.627,13129.61,1963.221,5682.792,12983.7,1969.389,5546.2,13181.2,1979.789,5528.188,13183.54,1989.36,5360.846,13435.48,2042.597,5511.604
13249.98,1983.353,5173.401,13020.43,1950.195,5637.379,13448.06,1980.544,5589.616,12949.29,1976.692,5316.438,13205.51,2022.614,5718.997,12922.96,2012.767,5426.12,13254.75,1973.057,5281.977,13330.6,1984.858,5357.554,13084.38,1977.858,5555.759,13031.58,2009.544,5254.828,13129.41,1963.221,5682.737,12983.91,1969.389,5546.225,13181.07,1979.789,5528.347,13183.33,1989.36,5360.868,13435.51,2042.597,5511.811
13249.88,1983.353,5173.223,13020.63,1950.195,5637.424,13448.08,1980.544,5589.823,12949.24,1976.692,5316.64,13205.31,2022.614,5718.954,12923.17,2012.767,5426.168,13254.54,1973.057,5281.946,13330.4,1984.858,5357.564,13084.27,1977.858,5555.936,13031.5,2009.544,5255.021,13129.21,1963.221,5682.681,12984.11,1969.389,5546.256,13180.94,1979.789,5528.51,13183.12,1989.36,5360.883,13435.52,2042.597,5512.018
13249.76,1983.353,5173.048,13020.83,1950.195,5637.475,13448.09,1980.544,5590.031,12949.19,1976.692,5316.841,13205.11,2022.614,5718.904,12923.37,2012.767,5426.21,13254.33,1973.057,5281.908,13330.19,1984.858,5357.567,13084.16,1977.858,5556.116,13031.43,2009.544,5255.217,13129.01,1963.221,5682.62,12984.32,1969.389,5546.295,13180.81,1979.789,5528.677,13182.91,1989.36,5360.891,13435.57,2042.597,5512.222
13249.64,1983.353,5172.877,13021.04,1950.195,5637.533,13448.11,1980.544,5590.239,12949.14,1976.692,5317.043,13204.9,2022.614,5718.873,12923.58,2012.767,5426.246,13254.13,1973.057,5281.864,13329.98,1984.858,5357.567,13084.06,1977.858,5556.3,13031.37,2009.544,5255.415,13128.81,1963.221,5682.556,12984.52,1969.389,5546.34,13180.68,1979.789,5528.835,13182.7,1989.36,5360.893,13435.6,2042.597,5512.427
13249.52,1983.353,5172.71,13021.23,1950.195,5637.597,13448.13,1980.544,5590.445,12949.09,1976.692,5317.245,13204.7,2022.614,5718.834,12923.78,2012.767,5426.275,13253.93,1973.057,5281.813,13329.77,1984.858,5357.561,13083.97,1977.858,5556.486,13031.31,2009.544,5255.615,13128.61,1963.221,5682.493,12984.72,1969.389,5546.392,13180.55,1979.789,5528.998,13182.5,1989.36,5360.887,13435.63,2042.597,5512.634
13249.39,1983.353,5172.548,13021.43,1950.195,5637.668,13448.19,1980.544,5590.647,12949.04,1976.692,5317.446,13204.49,2022.614,5718.789,12923.99,2012.767,5426.298,13253.73,1973.057,5281.756,13329.56,1984.858,5357.548,13083.89,1977.858,5556.676,13031.26,2009.544,5255.816,13128.42,1963.221,5682.43,12984.92,1969.389,5546.451,13180.42,1979.789,5529.163,13182.29,1989.36,5360.875,13435.65,2042.597,5512.841
13249.25,1983.353,5172.39,13021.62,1950.195,5637.745,13448.23,1980.544,5590.85,12948.98,1976.692,5317.648,13204.29,2022.614,5718.75,12924.2,2012.767,5426.315,13253.53,1973.057,5281.692,13329.36,1984.858,5357.528,13083.81,1977.858,5556.868,13031.21,2009.544,5256.02,13128.22,1963.221,5682.365,12985.12,1969.389,5546.515,13180.3,1979.789,5529.331,13182.08,1989.36,5360.856,13435.68,2042.597,5513.047
13249.11,1983.353,5172.236,13021.81,1950.195,5637.829,13448.29,1980.544,5591.051,12948.93,1976.692,5317.85,13204.09,2022.614,5718.704,12924.4,2012.767,5426.325,13253.33,1973.057,5281.623,13329.15,1984.858,5357.501,13083.73,1977.858,5557.063,13031.17,2009.544,5256.223,13128.02,1963.221,5682.295,12985.32,1969.389,5546.585,13180.18,1979.789,5529.503,13181.87,1989.36,5360.831,13435.71,2042.597,5513.252
13248.96,1983.353,5172.086,13022,1950.195,5637.918,13448.34,1980.544,5591.253,12948.88,1976.692,5318.052,13203.88,2022.614,5718.665,12924.61,2012.767,5426.328,13253.14,1973.057,5281.546,13328.94,1984.858,5357.467,13083.66,1977.858,5557.26,13031.11,2009.544,5256.424,13127.83,1963.221,5682.228,12985.51,1969.389,5546.662,13180.07,1979.789,5529.68,13181.67,1989.36,5360.798,13435.74,2042.597,5513.459
13248.81,1983.353,5171.942,13022.19,1950.195,5638.014,13448.39,1980.544,5591.456,12948.83,1976.692,5318.254,13203.68,2022.614,5718.618,12924.82,2012.767,5426.325,13252.95,1973.057,5281.464,13328.74,1984.858,5357.427,13083.6,1977.858,5557.459,13031.07,2009.544,5256.627,13127.63,1963.221,5682.152,12985.7,1969.389,5546.744,13179.96,1979.789,5529.859,13181.46,1989.36,5360.759,13435.77,2042.597,5513.666
13248.66,1983.353,5171.802,13022.37,1950.195,5638.115,13448.45,1980.544,5591.655,12948.78,1976.692,5318.456,13203.48,2022.614,5718.569,12925.03,2012.767,5426.316,13252.76,1973.057,5281.375,13328.54,1984.858,5357.38,13083.55,1977.858,5557.661,13031.02,2009.544,5256.829,13127.44,1963.221,5682.08,12985.89,1969.389,5546.832,13179.86,1979.789,5530.042,13181.26,1989.36,5360.713,13435.8,2042.597,5513.871
13248.5,1983.353,5171.668,13022.55,1950.195,5638.223,13448.5,1980.544,5591.857,12948.73,1976.692,5318.658,13203.27,2022.614,5718.533,12925.24,2012.767,5426.3,13252.57,1973.057,5281.292,13328.34,1984.858,5357.327,13083.5,1977.858,5557.863,13030.97,2009.544,5257.032,13127.24,1963.221,5682.012,12986.08,1969.389,5546.926,13179.77,1979.789,5530.229,13181.06,1989.36,5360.661,13435.85,2042.597,5514.075
13248.34,1983.353,5171.539,13022.72,1950.195,5638.336,13448.57,1980.544,5592.051,12948.69,1976.692,5318.861,13203.07,2022.614,5718.489,12925.44,2012.767,5426.277,13252.38,1973.057,5281.211,13328.13,1984.858,5357.274,13083.46,1977.858,5558.067,13030.92,2009.544,5257.234,13127.04,1963.221,5681.947,12986.26,1969.389,5547.026,13179.68,1979.789,5530.418,13180.86,1989.36,5360.603,13435.89,2042.597,5514.279
13248.17,1983.353,5171.415,13022.89,1950.195,5638.455,13448.64,1980.544,5592.248,12948.64,1976.692,5319.063,13202.86,2022.614,5718.458,12925.65,2012.767,5426.249,13252.18,1973.057,5281.135,13327.93,1984.858,5357.216,13083.43,1977.858,5558.273,13030.87,2009.544,5257.437,13126.84,1963.221,5681.884,12986.44,1969.389,5547.132,13179.6,1979.789,5530.61,13180.66,1989.36,5360.538,13435.93,2042.597,5514.482
13248,1983.353,5171.296,13023.06,1950.195,5638.579,13448.7,1980.544,5592.447,12948.59,1976.692,5319.266,13202.66,2022.614,5718.419,12925.85,2012.767,5426.213,13251.99,1973.057,5281.063,13327.74,1984.858,5357.152,13083.4,1977.858,5558.479,13030.83,2009.544,5257.641,13126.65,1963.221,5681.815,12986.62,1969.389,5547.244,13179.53,1979.789,5530.805,13180.46,1989.36,5360.466,13435.97,2042.597,5514.687
13247.82,1983.353,5171.184,13023.22,1950.195,5638.708,13448.76,1980.544,5592.647,12948.54,1976.692,5319.469,13202.45,2022.614,5718.374,12926.06,2012.767,5426.172,13251.79,1973.057,5280.996,13327.54,1984.858,5357.081,13083.38,1977.858,5558.687,13030.81,2009.544,5257.849,13126.46,1963.221,5681.736,12986.79,1969.389,5547.361,13179.46,1979.789,5531.001,13180.27,1989.36,5360.388,13436.02,2042.597,5514.89
13247.64,1983.353,5171.077,13023.38,1950.195,5638.842,13448.81,1980.544,5592.85,12948.5,1976.692,5319.672,13202.25,2022.614,5718.322,12926.26,2012.767,5426.124,13251.59,1973.057,5280.935,13327.35,1984.858,5357.004,13083.36,1977.858,5558.895,13030.79,2009.544,5258.055,13126.26,1963.221,5681.663,12986.96,1969.389,5547.483,13179.4,1979.789,5531.201,13180.08,1989.36,5360.304,13436.06,2042.597,5515.095
13247.46,1983.353,5170.976,13023.54,1950.195,5638.982,13448.86,1980.544,5593.052,12948.46,1976.692,5319.876,13202.05,2022.614,5718.264,12926.46,2012.767,5426.07,13251.39,1973.057,5280.878,13327.15,1984.858,5356.921,13083.35,1977.858,5559.103,13030.76,2009.544,5258.261,13126.07,1963.221,5681.585,12987.12,1969.389,5547.611,13179.34,1979.789,5531.401,13179.89,1989.36,5360.214,13436.11,2042.597,5515.298
13247.28,1983.353,5170.88,13023.69,1950.195,5639.126,13448.91,1980.544,5593.255,12948.41,1976.692,5320.08,13201.85,2022.614,5718.199,12926.66,2012.767,5426.01,13251.19,1973.057,5280.817,13326.96,1984.858,5356.844,13083.35,1977.858,5559.311,13030.72,2009.544,5258.466,13125.87,1963.221,5681.512,12987.28,1969.389,5547.745,13179.29,1979.789,5531.604,13179.71,1989.36,5360.118,13436.16,2042.597,5515.5
13247.09,1983.353,5170.792,13023.83,1950.195,5639.275,13448.94,1980.544,5593.46,12948.37,1976.692,5320.284,13201.66,2022.614,5718.128,12926.86,2012.767,5425.944,13251,1973.057,5280.753,13326.76,1984.858,5356.774,13083.34,1977.858,5559.519,13030.71,2009.544,5258.674,13125.68,1963.221,5681.438,12987.44,1969.389,5547.883,13179.25,1979.789,5531.808,13179.53,1989.36,5360.016,13436.21,2042.597,5515.701
13246.9,1983.353,5170.708,13023.98,1950.195,5639.428,13448.97,1980.544,5593.667,12948.33,1976.692,5320.489,13201.46,2022.614,5718.05,12927.05,2012.767,5425.872,13250.8,1973.057,5280.683,13326.57,1984.858,5356.71,13083.34,1977.858,5559.727,13030.69,2009.544,5258.881,13125.48,1963.221,5681.368,12987.59,1969.389,5548.026,13179.22,1979.789,5532.014,13179.34,1989.36,5359.919,13436.27,2042.597,5515.902
13246.7,1983.353,5170.632,13024.11,1950.195,5639.584,13449,1980.544,5593.873,12948.29,1976.692,5320.694,13201.28,2022.614,5717.959,12927.25,2012.767,5425.794,13250.61,1973.057,5280.606,13326.36,1984.858,5356.659,13083.35,1977.858,5559.935,13030.66,2009.544,5259.088,13125.29,1963.221,5681.293,12987.74,1969.389,5548.174,13179.19,1979.789,5532.22,13179.15,1989.36,5359.83,13436.32,2042.597,5516.104
13246.51,1983.353,5170.562,13024.25,1950.195,5639.745,13449.02,1980.544,5594.081,12948.26,1976.692,5320.899,13201.09,2022.614,5717.866,12927.44,2012.767,5425.71,13250.41,1973.057,5280.523,13326.16,1984.858,5356.602,13083.35,1977.858,5560.143,13030.63,2009.544,5259.293,13125.09,1963.221,5681.215,12987.88,1969.389,5548.327,13179.17,1979.789,5532.427,13178.96,1989.36,5359.746,13436.36,2042.597,5516.309
13246.31,1983.353,5170.498,13024.38,1950.195,5639.908,13449.02,1980.544,5594.289,12948.22,1976.692,5321.104,13200.91,2022.614,5717.765,12927.63,2012.767,5425.621,13250.23,1973.057,5280.434,13325.97,1984.858,5356.539,13083.36,1977.858,5560.351,13030.61,2009.544,5259.501,13124.9,1963.221,5681.142,12988.01,1969.389,5548.484,13179.15,1979.789,5532.635,13178.77,1989.36,5359.659,13436.39,2042.597,5516.514
13246.11,1983.353,5170.44,13024.5,1950.195,5640.073,13449.03,1980.544,5594.497,12948.19,1976.692,5321.309,13200.72,2022.614,5717.669,12927.81,2012.767,5425.525,13250.04,1973.057,5280.34,13325.77,1984.858,5356.469,13083.37,1977.858,5560.559,13030.58,2009.544,5259.708,13124.71,1963.221,5681.064,12988.15,1969.389,5548.646,13179.15,1979.789,5532.843,13178.58,1989.36,5359.597,13436.43,2042.597,5516.72
13245.91,1983.353,5170.39,13024.63,1950.195,5640.237,13449.05,1980.544,5594.704,12948.15,1976.692,5321.514,13200.54,2022.614,5717.562,12928,2012.767,5425.425,13249.86,1973.057,5280.24,13325.58,1984.858,5356.393,13083.38,1977.858,5560.767,13030.55,2009.544,5259.913,13124.51,1963.221,5680.982,12988.27,1969.389,5548.811,13179.14,1979.789,5533.052,13178.38,1989.36,5359.535,13436.46,2042.597,5516.926
13245.7,1983.353,5170.346,13024.75,1950.195,5640.404,13449.08,1980.544,5594.911,12948.12,1976.692,5321.72,13200.36,2022.614,5717.461,12928.17,2012.767,5425.319,13249.68,1973.057,5280.135,13325.38,1984.858,5356.311,13083.39,1977.858,5560.975,13030.51,2009.544,5260.118,13124.32,1963.221,5680.9,12988.39,1969.389,5548.981,13179.15,1979.789,5533.26,13178.18,1989.36,5359.467,13436.48,2042.597,5517.133
13245.5,1983.353,5170.308,13024.88,1950.195,5640.57,13449.13,1980.544,5595.114,12948.08,1976.692,5321.925,13200.18,2022.614,5717.366,12928.35,2012.767,5425.208,13249.5,1973.057,5280.035,13325.2,1984.858,5356.223,13083.4,1977.858,5561.183,13030.45,2009.544,5260.317,13124.13,1963.221,5680.813,12988.51,1969.389,5549.155,13179.16,1979.789,5533.468,13177.99,1989.36,5359.392,13436.49,2042.597,5517.341
13245.25,1983.353,5170.271,13025.02,1950.195,5640.771,13449.17,1980.544,5595.356,12948.04,1976.692,5322.167,13199.95,2022.614,5717.26,12928.56,2012.767,5425.069,13249.28,1973.057,5279.922,13324.97,1984.858,5356.111,13083.41,1977.858,5561.429,13030.38,2009.544,5260.555,13123.91,1963.221,5680.719,12988.64,1969.389,5549.365,13179.19,1979.789,5533.714,13177.76,1989.36,5359.296,13436.52,2042.597,5517.587
13244.95,1983.353,5170.236,13025.19,1950.195,5641.029,13449.22,1980.544,5595.662,12947.98,1976.692,5322.472,13199.67,2022.614,5717.137,12928.81,2012.767,5424.889,13249,1973.057,5279.787,13324.7,1984.858,5355.963,13083.43,1977.858,5561.738,13030.31,2009.544,5260.855,13123.62,1963.221,5680.609,12988.79,1969.389,5549.633,13179.22,1979.789,5534.021,13177.48,1989.36,5359.167,13436.56,2042.597,5517.894
13244.58,1983.353,5170.205,13025.39,1950.195,5641.346,13449.27,1980.544,5596.031,12947.92,1976.692,5322.838,13199.34,2022.614,5716.967,12929.1,2012.767,5424.663,13248.66,1973.057,5279.632,13324.38,1984.858,5355.776,13083.45,1977.858,5562.109,13030.24,2009.544,5261.22,13123.26,1963.221,5680.488,12988.97,1969.389,5549.962,13179.28,1979.789,5534.389,13177.14,1989.36,5359,13436.62,2042.597,5518.26
13244.13,1983.353,5170.183,13025.61,1950.195,5641.73,13449.34,1980.544,5596.468,12947.84,1976.692,5323.272,13198.94,2022.614,5716.777,12929.45,2012.767,5424.385,13248.25,1973.057,5279.459,13324.01,1984.858,5355.542,13083.48,1977.858,5562.551,13030.14,2009.544,5261.653,13122.84,1963.221,5680.359,12989.16,1969.389,5550.359,13179.37,1979.789,5534.823,13176.75,1989.36,5358.79,13436.68,2042.597,5518.698
13243.48,1983.353,5170.171,13025.92,1950.195,5642.31,13449.51,1980.544,5597.099,12947.71,1976.692,5323.916,13198.34,2022.614,5716.516,12929.94,2012.767,5423.958,13247.64,1973.057,5279.218,13323.46,1984.858,5355.179,13083.52,1977.858,5563.204,13030.03,2009.544,5262.297,13122.21,1963.221,5680.188,12989.43,1969.389,5550.956,13179.51,1979.789,5535.461,13176.19,1989.36,5358.459,13436.78,2042.597,5519.346
13243.02,1983.353,5170.178,13026.12,1950.195,5642.72,13449.62,1980.544,5597.542,12947.65,1976.692,5324.367,13197.92,2022.614,5716.326,12930.3,2012.767,5423.672,13247.23,1973.057,5279.036,13323.07,1984.858,5354.939,13083.55,1977.858,5563.659,13029.96,2009.544,5262.749,13121.76,1963.221,5680.083,12989.6,1969.389,5551.378,13179.63,1979.789,5535.903,13175.79,1989.36,5358.242,13436.86,2042.597,5519.795
13242.71,1983.353,5170.192,13026.24,1950.195,5643.001,13449.7,1980.544,5597.84,12947.61,1976.692,5324.673,13197.64,2022.614,5716.207,12930.55,2012.767,5423.487,13246.95,1973.057,5278.904,13322.81,1984.858,5354.776,13083.58,1977.858,5563.966,13029.92,2009.544,5263.055,13121.46,1963.221,5680.022,12989.71,1969.389,5551.667,13179.7,1979.789,5536.204,13175.51,1989.36,5358.104,13436.88,2042.597,5520.103
13241.56,1983.353,5170.285,13026.68,1950.195,5644.074,13449.97,1980.544,5598.967,12947.51,1976.692,5325.828,13196.55,2022.614,5715.794,12931.5,2012.767,5422.822,13245.92,1973.057,5278.374,13321.81,1984.858,5354.198,13083.73,1977.858,5565.116,13029.89,2009.544,5264.214,13120.32,1963.221,5679.831,12990.08,1969.389,5552.765,13179.92,1979.789,5537.342,13174.46,1989.36,5357.621,13436.97,2042.597,5521.259
13241.01,1983.353,5170.346,13026.87,1950.195,5644.589,13450.08,1980.544,5599.505,12947.48,1976.692,5326.376,13196.04,2022.614,5715.616,12931.96,2012.767,5422.522,13245.44,1973.057,5278.106,13321.35,1984.858,5353.896,13083.82,1977.858,5565.658,13029.85,2009.544,5264.762,13119.78,1963.221,5679.725,12990.24,1969.389,5553.291,13180,1979.789,5537.884,13173.95,1989.36,5357.416,13437.03,2042.597,5521.804
13240.32,1983.353,5170.447,13027.09,1950.195,5645.253,13450.2,1980.544,5600.195,12947.46,1976.692,5327.076,13195.37,2022.614,5715.395,12932.55,2012.767,5422.159,13244.82,1973.057,5277.77,13320.79,1984.858,5353.47,13083.95,1977.858,5566.345,13029.77,2009.544,5265.457,13119.1,1963.221,5679.571,12990.42,1969.389,5553.967,13180.12,1979.789,5538.573,13173.31,1989.36,5357.134,13437.1,2042.597,5522.5
13239.63,1983.353,5170.525,13027.29,1950.195,5645.923,13450.3,1980.544,5600.887,12947.47,1976.692,5327.775,13194.7,2022.614,5715.188,12933.16,2012.767,5421.815,13244.2,1973.057,5277.454,13320.24,1984.858,5353.04,13084.11,1977.858,5567.026,13029.71,2009.544,5266.153,13118.41,1963.221,5679.433,12990.58,1969.389,5554.648,13180.26,1979.789,5539.259,13172.68,1989.36,5356.833,13437.2,2042.597,5523.193
13238.81,1983.353,5170.591,13027.5,1950.195,5646.717,13450.38,1980.544,5601.704,12947.51,1976.692,5328.596,13193.93,2022.614,5714.907,12933.89,2012.767,5421.436,13243.46,1973.057,5277.107,13319.58,1984.858,5352.557,13084.32,1977.858,5567.82,13029.66,2009.544,5266.973,13117.6,1963.221,5679.292,12990.74,1969.389,5555.454,13180.44,1979.789,5540.061,13171.95,1989.36,5356.454,13437.34,2042.597,5524.002
13237.45,1983.353,5170.654,13027.81,1950.195,5648.04,13450.57,1980.544,5603.049,12947.61,1976.692,5329.949,13192.64,2022.614,5714.485,12935.12,2012.767,5420.849,13242.21,1973.057,5276.574,13318.46,1984.858,5351.795,13084.71,1977.858,5569.121,13029.55,2009.544,5268.326,13116.26,1963.221,5679.092,12990.96,1969.389,5556.793,13180.77,1979.789,5541.376,13170.76,1989.36,5355.79,13437.56,2042.597,5525.342
13236.73,1983.353,5170.665,13027.95,1950.195,5648.747,13450.64,1980.544,5603.766,12947.68,1976.692,5330.667,13191.95,2022.614,5714.283,12935.77,2012.767,5420.556,13241.54,1973.057,5276.313,13317.85,1984.858,5351.41,13084.94,1977.858,5569.804,13029.52,2009.544,5269.046,13115.55,1963.221,5679.004,12991.05,1969.389,5557.508,13180.97,1979.789,5542.068,13170.13,1989.36,5355.458,13437.65,2042.597,5526.057
13235.77,1983.353,5170.646,13028.1,1950.195,5649.694,13450.75,1980.544,5604.719,12947.78,1976.692,5331.62,13191.02,2022.614,5714.045,12936.66,2012.767,5420.193,13240.63,1973.057,5275.99,13317.02,1984.858,5350.925,13085.22,1977.858,5570.721,13029.5,2009.544,5270.005,13114.59,1963.221,5678.915,12991.15,1969.389,5558.463,13181.27,1979.789,5542.979,13169.26,1989.36,5355.044,13437.81,2042.597,5527.003
13234.95,1983.353,5170.604,13028.21,1950.195,5650.513,13450.8,1980.544,5605.543,12947.88,1976.692,5332.439,13190.21,2022.614,5713.866,12937.43,2012.767,5419.904,13239.88,1973.057,5275.651,13316.29,1984.858,5350.53,13085.44,1977.858,5571.516,13029.51,2009.544,5270.831,13113.77,1963.221,5678.86,12991.2,1969.389,5559.287,13181.55,1979.789,5543.756,13168.51,1989.36,5354.692,13438.03,2042.597,5527.798
13233.86,1983.353,5170.513,13028.31,1950.195,5651.597,13450.91,1980.544,5606.628,12948.03,1976.692,5333.518,13189.14,2022.614,5713.665,12938.47,2012.767,5419.552,13238.87,1973.057,5275.238,13315.32,1984.858,5350.042,13085.76,1977.858,5572.556,13029.56,2009.544,5271.919,13112.68,1963.221,5678.818,12991.24,1969.389,5560.376,13181.89,1979.789,5544.792,13167.51,1989.36,5354.261,13438.29,2042.597,5528.856
13232.53,1983.353,5170.357,13028.4,1950.195,5652.933,13451.08,1980.544,5607.955,12948.24,1976.692,5334.839,13187.82,2022.614,5713.461,12939.74,2012.767,5419.158,13237.68,1973.057,5274.632,13314.18,1984.858,5349.346,13086.21,1977.858,5573.819,13029.67,2009.544,5273.253,13111.34,1963.221,5678.806,12991.24,1969.389,5561.715,13182.27,1979.789,5546.077,13166.29,1989.36,5353.715,13438.57,2042.597,5530.166
13230.88,1983.353,5170.108,13028.45,1950.195,5654.6,13451.14,1980.544,5609.622,12948.53,1976.692,5336.481,13186.16,2022.614,5713.262,12941.35,2012.767,5418.714,13236.17,1973.057,5273.926,13312.76,1984.858,5348.464,13086.81,1977.858,5575.376,13029.86,2009.544,5274.911,13109.67,1963.221,5678.839,12991.18,1969.389,5563.382,13182.79,1979.789,5547.663,13164.77,1989.36,5353.021,13438.93,2042.597,5531.794
13228.96,1983.353,5169.754,13028.45,1950.195,5656.557,13451.28,1980.544,5611.574,12948.9,1976.692,5338.402,13184.21,2022.614,5713.091,12943.25,2012.767,5418.25,13234.37,1973.057,5273.157,13311.1,1984.858,5347.426,13087.46,1977.858,5577.22,13030.14,2009.544,5276.846,13107.72,1963.221,5678.936,12991.05,1969.389,5565.334,13183.45,1979.789,5549.501,13163.02,1989.36,5352.149,13439.29,2042.597,5533.717
13228.75,1983.353,5169.712,13028.45,1950.195,5656.767,13451.31,1980.544,5611.783,12948.95,1976.692,5338.607,13184,2022.614,5713.079,12943.46,2012.767,5418.206,13234.18,1973.057,5273.053,13310.92,1984.858,5347.32,13087.52,1977.858,5577.42,13030.18,2009.544,5277.053,13107.51,1963.221,5678.952,12991.03,1969.389,5565.544,13183.53,1979.789,5549.697,13162.83,1989.36,5352.062,13439.32,2042.597,5533.925
13228.55,1983.353,5169.664,13028.43,1950.195,5656.977,13451.32,1980.544,5611.993,12948.99,1976.692,5338.813,13183.79,2022.614,5713.075,12943.67,2012.767,5418.168,13234,1973.057,5272.956,13310.73,1984.858,5347.221,13087.58,1977.858,5577.622,13030.22,2009.544,5277.26,13107.3,1963.221,5678.975,12991.01,1969.389,5565.752,13183.62,1979.789,5549.889,13162.64,1989.36,5351.968,13439.35,2042.597,5534.134
13226.34,1983.353,5169.068,13028.21,1950.195,5659.251,13451.5,1980.544,5614.271,12949.54,1976.692,5341.031,13181.51,2022.614,5712.923,12945.93,2012.767,5417.825,13232.03,1973.057,5271.787,13308.69,1984.858,5346.204,13088.17,1977.858,5579.831,13030.55,2009.544,5279.521,13105.04,1963.221,5679.29,12990.63,1969.389,5568.008,13184.6,1979.789,5551.951,13160.54,1989.36,5351.079,13439.55,2042.597,5536.412
13224.87,1983.353,5168.618,13028.01,1950.195,5660.777,13451.63,1980.544,5615.804,12949.93,1976.692,5342.518,13179.98,2022.614,5712.871,12947.45,2012.767,5417.639,13230.68,1973.057,5271.044,13307.33,1984.858,5345.474,13088.62,1977.858,5581.304,13030.82,2009.544,5281.036,13103.52,1963.221,5679.547,12990.34,1969.389,5569.517,13185.22,1979.789,5553.359,13159.14,1989.36,5350.435,13439.63,2042.597,5537.948
13224,1983.353,5168.321,13027.86,1950.195,5661.683,13451.67,1980.544,5616.721,12950.18,1976.692,5343.401,13179.06,2022.614,5712.87,12948.37,2012.767,5417.555,13229.87,1973.057,5270.627,13306.51,1984.858,5345.066,13088.91,1977.858,5582.173,13031.02,2009.544,5281.933,13102.62,1963.221,5679.729,12990.13,1969.389,5570.411,13185.57,1979.789,5554.211,13158.32,1989.36,5350.024,13439.71,2042.597,5538.862
13223.21,1983.353,5168.024,13027.7,1950.195,5662.507,13451.74,1980.544,5617.558,12950.43,1976.692,5344.205,13178.22,2022.614,5712.896,12949.21,2012.767,5417.503,13229.11,1973.057,5270.27,13305.75,1984.858,5344.717,13089.2,1977.858,5582.96,13031.22,2009.544,5282.748,13101.8,1963.221,5679.921,12989.91,1969.389,5571.222,13185.85,1979.789,5555,13157.58,1989.36,5349.624,13439.87,2042.597,5539.687
13221.92,1983.353,5167.484,13027.39,1950.195,5663.875,13451.9,1980.544,5618.952,12950.85,1976.692,5345.541,13176.82,2022.614,5712.986,12950.61,2012.767,5417.457,13227.82,1973.057,5269.715,13304.45,1984.858,5344.176,13089.73,1977.858,5584.261,13031.49,2009.544,5284.126,13100.45,1963.221,5680.287,12989.59,1969.389,5572.589,13186.39,1979.789,5556.299,13156.37,1989.36,5348.916,13440.08,2042.597,5541.074
13220.62,1983.353,5166.993,13027.03,1950.195,5665.217,13452.02,1980.544,5620.336,12951.3,1976.692,5346.856,13175.44,2022.614,5713.121,12952,2012.767,5417.451,13226.56,1973.057,5269.124,13303.22,1984.858,5343.54,13090.29,1977.858,5585.533,13031.73,2009.544,5285.493,13099.12,1963.221,5680.693,12989.32,1969.389,5573.952,13186.87,1979.789,5557.601,13155.15,1989.36,5348.255,13440.26,2042.597,5542.453
13219.86,1983.353,5166.677,13026.8,1950.195,5666.004,13452.12,1980.544,5621.151,12951.58,1976.692,5347.629,13174.62,2022.614,5713.228,12952.82,2012.767,5417.472,13225.84,1973.057,5268.73,13302.48,1984.858,5343.188,13090.64,1977.858,5586.275,13031.9,2009.544,5286.296,13098.34,1963.221,5680.959,12989.19,1969.389,5574.763,13187.18,1979.789,5558.364,13154.41,1989.36,5347.888,13440.33,2042.597,5543.271
13218.9,1983.353,5166.241,13026.46,1950.195,5667.002,13452.34,1980.544,5622.181,12951.95,1976.692,5348.613,13173.58,2022.614,5713.398,12953.87,2012.767,5417.529,13224.95,1973.057,5268.167,13301.49,1984.858,5342.809,13091.12,1977.858,5587.212,13032.15,2009.544,5287.318,13097.36,1963.221,5681.332,12989.05,1969.389,5575.806,13187.6,1979.789,5559.328,13153.49,1989.36,5347.387,13440.46,2042.597,5544.314
13217.99,1983.353,5165.788,13026.11,1950.195,5667.959,13452.62,1980.544,5623.162,12952.32,1976.692,5349.56,13172.58,2022.614,5713.596,12954.88,2012.767,5417.614,13224.07,1973.057,5267.648,13300.56,1984.858,5342.41,13091.61,1977.858,5588.105,13032.43,2009.544,5288.299,13096.42,1963.221,5681.724,12988.96,1969.389,5576.821,13187.99,1979.789,5560.271,13152.6,1989.36,5346.873,13440.52,2042.597,5545.333
13217.12,1983.353,5165.319,13025.74,1950.195,5668.875,13452.86,1980.544,5624.122,12952.71,1976.692,5350.473,13171.62,2022.614,5713.819,12955.87,2012.767,5417.725,13223.21,1973.057,5267.174,13299.66,1984.858,5341.993,13092.11,1977.858,5588.958,13032.65,2009.544,5289.264,13095.52,1963.221,5682.134,12988.89,1969.389,5577.809,13188.37,1979.789,5561.182,13151.75,1989.36,5346.372,13440.61,2042.597,5546.319
13216.32,1983.353,5164.779,13025.34,1950.195,5669.752,13453.06,1980.544,5625.061,12953.09,1976.692,5351.352,13170.69,2022.614,5714.067,12956.82,2012.767,5417.859,13222.39,1973.057,5266.66,13298.79,1984.858,5341.575,13092.63,1977.858,5589.769,13032.9,2009.544,5290.192,13094.66,1963.221,5682.561,12988.82,1969.389,5578.767,13188.78,1979.789,5562.052,13150.91,1989.36,5345.914,13440.73,2042.597,5547.272
13215.54,1983.353,5164.28,13024.95,1950.195,5670.596,13453.23,1980.544,5625.978,12953.48,1976.692,5352.198,13169.8,2022.614,5714.336,12957.74,2012.767,5418.017,13221.63,1973.057,5266.122,13297.97,1984.858,5341.143,13093.15,1977.858,5590.54,13033.17,2009.544,5291.084,13093.83,1963.221,5683.002,12988.73,1969.389,5579.693,13189.2,1979.789,5562.884,13150.1,1989.36,5345.442,13440.87,2042.597,5548.192
13214.72,1983.353,5163.892,13024.55,1950.195,5671.409,13453.39,1980.544,5626.867,12953.87,1976.692,5353.013,13168.94,2022.614,5714.626,12958.62,2012.767,5418.195,13220.88,1973.057,5265.623,13297.18,1984.858,5340.696,13093.63,1977.858,5591.304,13033.45,2009.544,5291.942,13093.05,1963.221,5683.456,12988.61,1969.389,5580.59,13189.63,1979.789,5563.678,13149.34,1989.36,5344.96,13440.99,2042.597,5549.089
13213.95,1983.353,5163.494,13024.16,1950.195,5672.184,13453.52,1980.544,5627.728,12954.26,1976.692,5353.789,13168.13,2022.614,5714.932,12959.47,2012.767,5418.39,13220.14,1973.057,5265.167,13296.44,1984.858,5340.243,13094.08,1977.858,5592.053,13033.76,2009.544,5292.758,13092.31,1963.221,5683.917,12988.47,1969.389,5581.449,13190.08,1979.789,5564.427,13148.62,1989.36,5344.473,13441.14,2042.597,5549.947
13213.21,1983.353,5163.082,13023.76,1950.195,5672.931,13453.64,1980.544,5628.563,12954.66,1976.692,5354.537,13167.35,2022.614,5715.255,12960.29,2012.767,5418.603,13219.4,1973.057,5264.747,13295.73,1984.858,5339.778,13094.48,1977.858,5592.793,13034.06,2009.544,5293.547,13091.61,1963.221,5684.388,12988.31,1969.389,5582.279,13190.53,1979.789,5565.14,13147.93,1989.36,5343.977,13441.37,2042.597,5550.76
13212.47,1983.353,5162.722,13023.37,1950.195,5673.649,13453.79,1980.544,5629.37,12955.05,1976.692,5355.254,13166.6,2022.614,5715.592,12961.08,2012.767,5418.832,13218.67,1973.057,5264.375,13295.03,1984.858,5339.351,13094.85,1977.858,5593.524,13034.34,2009.544,5294.317,13090.95,1963.221,5684.867,12988.13,1969.389,5583.079,13190.99,1979.789,5565.817,13147.25,1989.36,5343.518,13441.57,2042.597,5551.555
13211.63,1983.353,5162.417,13022.93,1950.195,5674.431,13453.97,1980.544,5630.25,12955.5,1976.692,5356.032,13165.79,2022.614,5715.989,12961.93,2012.767,5419.107,13217.89,1973.057,5263.941,13294.26,1984.858,5338.887,13095.29,1977.858,5594.312,13034.68,2009.544,5295.151,13090.24,1963.221,5685.416,12987.91,1969.389,5583.949,13191.47,1979.789,5566.576,13146.49,1989.36,5343.039,13441.76,2042.597,5552.433
13210.8,1983.353,5162.088,13022.48,1950.195,5675.201,13454.18,1980.544,5631.119,12955.96,1976.692,5356.796,13165,2022.614,5716.409,12962.77,2012.767,5419.403,13217.09,1973.057,5263.537,13293.54,1984.858,5338.359,13095.74,1977.858,5595.08,13035.04,2009.544,5295.967,13089.55,1963.221,5685.983,12987.66,1969.389,5584.805,13191.93,1979.789,5567.344,13145.79,1989.36,5342.492,13441.94,2042.597,5553.308
13210.46,1983.353,5161.939,13022.29,1950.195,5675.521,13454.25,1980.544,5631.484,12956.16,1976.692,5357.112,13164.68,2022.614,5716.595,12963.12,2012.767,5419.537,13216.77,1973.057,5263.357,13293.24,1984.858,5338.149,13095.94,1977.858,5595.395,13035.2,2009.544,5296.303,13089.27,1963.221,5686.23,12987.54,1969.389,5585.16,13192.1,1979.789,5567.674,13145.49,1989.36,5342.272,13442.02,2042.597,5553.67
13209.71,1983.353,5161.63,13021.86,1950.195,5676.207,13454.42,1980.544,5632.272,12956.6,1976.692,5357.785,13164,2022.614,5717.02,12963.87,2012.767,5419.846,13216.03,1973.057,5263.04,13292.56,1984.858,5337.717,13096.39,1977.858,5596.061,13035.57,2009.544,5297.018,13088.68,1963.221,5686.782,12987.27,1969.389,5585.917,13192.5,1979.789,5568.373,13144.82,1989.36,5341.817,13442.25,2042.597,5554.443
13209.15,1983.353,5161.483,13021.55,1950.195,5676.7,13454.48,1980.544,5632.851,12956.93,1976.692,5358.265,13163.51,2022.614,5717.343,12964.4,2012.767,5420.084,13215.5,1973.057,5262.793,13292.05,1984.858,5337.42,13096.74,1977.858,5596.532,13035.86,2009.544,5297.526,13088.27,1963.221,5687.195,12987.05,1969.389,5586.459,13192.81,1979.789,5568.869,13144.33,1989.36,5341.502,13442.42,2042.597,5555.002
13208.38,1983.353,5161.257,13021.12,1950.195,5677.375,13454.6,1980.544,5633.645,12957.4,1976.692,5358.917,13162.86,2022.614,5717.81,12965.12,2012.767,5420.432,13214.78,1973.057,5262.43,13291.35,1984.858,5337.035,13097.19,1977.858,5597.195,13036.27,2009.544,5298.212,13087.72,1963.221,5687.782,12986.73,1969.389,5587.196,13193.25,1979.789,5569.538,13143.64,1989.36,5341.089,13442.62,2042.597,5555.778
13207.69,1983.353,5161.042,13020.72,1950.195,5677.978,13454.73,1980.544,5634.354,12957.83,1976.692,5359.494,13162.29,2022.614,5718.248,12965.76,2012.767,5420.762,13214.13,1973.057,5262.125,13290.73,1984.858,5336.66,13097.58,1977.858,5597.802,13036.66,2009.544,5298.817,13087.25,1963.221,5688.325,12986.43,1969.389,5587.848,13193.67,1979.789,5570.126,13143.02,1989.36,5340.734,13442.78,2042.597,5556.482
13207.09,1983.353,5160.833,13020.37,1950.195,5678.508,13454.87,1980.544,5634.978,12958.23,1976.692,5359.997,13161.79,2022.614,5718.652,12966.32,2012.767,5421.068,13213.53,1973.057,5261.894,13290.18,1984.858,5336.346,13097.94,1977.858,5598.328,13037.03,2009.544,5299.341,13086.84,1963.221,5688.819,12986.14,1969.389,5588.416,13194.02,1979.789,5570.658,13142.45,1989.36,5340.435,13442.9,2042.597,5557.108
13206.51,1983.353,5160.611,13020.02,1950.195,5679.019,13455.08,1980.544,5635.559,12958.62,1976.692,5360.475,13161.33,2022.614,5719.059,12966.86,2012.767,5421.38,13212.95,1973.057,5261.694,13289.63,1984.858,5336.059,13098.3,1977.858,5598.827,13037.39,2009.544,5299.838,13086.47,1963.221,5689.31,12985.84,1969.389,5588.958,13194.34,1979.789,5571.185,13141.91,1989.36,5340.142,13443.03,2042.597,5557.711
13205.98,1983.353,5160.427,13019.71,1950.195,5679.479,13455.25,1980.544,5636.09,12958.98,1976.692,5360.9,13160.92,2022.614,5719.441,12967.33,2012.767,5421.674,13212.41,1973.057,5261.536,13289.13,1984.858,5335.816,13098.62,1977.858,5599.287,13037.74,2009.544,5300.276,13086.14,1963.221,5689.765,12985.55,1969.389,5589.438,13194.65,1979.789,5571.652,13141.41,1989.36,5339.89,13443.17,2042.597,5558.252
13205.61,1983.353,5160.285,13019.48,1950.195,5679.804,13455.36,1980.544,5636.47,12959.24,1976.692,5361.195,13160.64,2022.614,5719.718,12967.66,2012.767,5421.891,13212.04,1973.057,5261.412,13288.77,1984.858,5335.656,13098.83,1977.858,5599.619,13038,2009.544,5300.579,13085.92,1963.221,5690.092,12985.34,1969.389,5589.772,13194.88,1979.789,5571.976,13141.05,1989.36,5339.716,13443.29,2042.597,5558.632
13204.9,1983.353,5159.942,13019.03,1950.195,5680.446,13455.61,1980.544,5637.218,12959.78,1976.692,5361.77,13160.09,2022.614,5720.284,12968.31,2012.767,5422.339,13211.3,1973.057,5261.14,13288.05,1984.858,5335.324,13099.24,1977.858,5600.292,13038.52,2009.544,5301.165,13085.49,1963.221,5690.753,12984.9,1969.389,5590.422,13195.35,1979.789,5572.603,13140.34,1989.36,5339.389,13443.58,2042.597,5559.363
13204.41,1983.353,5159.71,13018.71,1950.195,5680.89,13455.79,1980.544,5637.731,12960.16,1976.692,5362.16,13159.72,2022.614,5720.687,12968.75,2012.767,5422.662,13210.77,1973.057,5260.987,13287.55,1984.858,5335.109,13099.54,1977.858,5600.75,13038.9,2009.544,5301.56,13085.21,1963.221,5691.218,12984.57,1969.389,5590.863,13195.67,1979.789,5573.049,13139.84,1989.36,5339.171,13443.83,2042.597,5559.85
13203.92,1983.353,5159.502,13018.4,1950.195,5681.317,13455.99,1980.544,5638.221,12960.54,1976.692,5362.528,13159.38,2022.614,5721.084,12969.17,2012.767,5422.983,13210.27,1973.057,5260.838,13287.06,1984.858,5334.918,13099.84,1977.858,5601.182,13039.27,2009.544,5301.93,13084.94,1963.221,5691.672,12984.25,1969.389,5591.278,13196.01,1979.789,5573.453,13139.35,1989.36,5338.973,13444.05,2042.597,5560.327
13203.58,1983.353,5159.359,13018.18,1950.195,5681.62,13456.14,1980.544,5638.564,12960.81,1976.692,5362.784,13159.14,2022.614,5721.373,12969.46,2012.767,5423.22,13209.91,1973.057,5260.721,13286.71,1984.858,5334.794,13100.07,1977.858,5601.483,13039.55,2009.544,5302.185,13084.76,1963.221,5692,12984.01,1969.389,5591.566,13196.24,1979.789,5573.748,13139,1989.36,5338.83,13444.24,2042.597,5560.65
13203.03,1983.353,5159.155,13017.83,1950.195,5682.091,13456.4,1980.544,5639.092,12961.25,1976.692,5363.172,13158.78,2022.614,5721.833,12969.9,2012.767,5423.6,13209.36,1973.057,5260.519,13286.17,1984.858,5334.568,13100.43,1977.858,5601.941,13039.96,2009.544,5302.598,13084.48,1963.221,5692.517,12983.62,1969.389,5592.004,13196.64,1979.789,5574.175,13138.45,1989.36,5338.625,13444.52,2042.597,5561.164
13202.66,1983.353,5158.997,13017.59,1950.195,5682.411,13456.57,1980.544,5639.45,12961.56,1976.692,5363.43,13158.54,2022.614,5722.153,12970.2,2012.767,5423.866,13208.99,1973.057,5260.37,13285.79,1984.858,5334.427,13100.69,1977.858,5602.245,13040.24,2009.544,5302.888,13084.3,1963.221,5692.872,12983.35,1969.389,5592.294,13196.93,1979.789,5574.446,13138.08,1989.36,5338.498,13444.7,2042.597,5561.52
13202.18,1983.353,5158.729,13017.27,1950.195,5682.851,13456.83,1980.544,5639.934,12961.98,1976.692,5363.774,13158.22,2022.614,5722.603,12970.6,2012.767,5424.243,13208.48,1973.057,5260.18,13285.29,1984.858,5334.215,13101.06,1977.858,5602.652,13040.6,2009.544,5303.299,13084.07,1963.221,5693.367,12982.96,1969.389,5592.681,13197.33,1979.789,5574.826,13137.55,1989.36,5338.339,13444.93,2042.597,5562.019
13201.74,1983.353,5158.501,13016.97,1950.195,5683.246,13457.11,1980.544,5640.345,12962.38,1976.692,5364.074,13157.95,2022.614,5723.014,12970.95,2012.767,5424.59,13208,1973.057,5260.039,13284.83,1984.858,5334.039,13101.4,1977.858,5603.007,13040.92,2009.544,5303.681,13083.86,1963.221,5693.816,12982.59,1969.389,5593.018,13197.68,1979.789,5575.18,13137.07,1989.36,5338.212,13445.13,2042.597,5562.471
13201.43,1983.353,5158.35,13016.76,1950.195,5683.525,13457.29,1980.544,5640.642,12962.66,1976.692,5364.28,13157.76,2022.614,5723.311,12971.19,2012.767,5424.842,13207.67,1973.057,5259.927,13284.49,1984.858,5333.925,13101.65,1977.858,5603.251,13041.13,2009.544,5303.958,13083.72,1963.221,5694.137,12982.33,1969.389,5593.248,13197.95,1979.789,5575.403,13136.73,1989.36,5338.134,13445.28,2042.597,5562.789
13201.05,1983.353,5158.151,13016.5,1950.195,5683.866,13457.52,1980.544,5641.009,12963.01,1976.692,5364.522,13157.54,2022.614,5723.679,12971.49,2012.767,5425.157,13207.27,1973.057,5259.778,13284.08,1984.858,5333.8,13101.97,1977.858,5603.54,13041.38,2009.544,5304.306,13083.55,1963.221,5694.533,12982,1969.389,5593.519,13198.27,1979.789,5575.688,13136.31,1989.36,5338.051,13445.46,2042.597,5563.177
13200.6,1983.353,5157.937,13016.2,1950.195,5684.256,13457.77,1980.544,5641.432,12963.43,1976.692,5364.791,13157.3,2022.614,5724.109,12971.81,2012.767,5425.526,13206.82,1973.057,5259.582,13283.62,1984.858,5333.64,13102.35,1977.858,5603.859,13041.66,2009.544,5304.714,13083.37,1963.221,5694.99,12981.61,1969.389,5593.818,13198.64,1979.789,5576.009,13135.82,1989.36,5337.972,13445.68,2042.597,5563.617
13200.29,1983.353,5157.791,13015.99,1950.195,5684.529,13457.94,1980.544,5641.732,12963.72,1976.692,5364.972,13157.14,2022.614,5724.414,12972.03,2012.767,5425.79,13206.5,1973.057,5259.452,13283.29,1984.858,5333.548,13102.62,1977.858,5604.075,13041.84,2009.544,5305.006,13083.25,1963.221,5695.313,12981.33,1969.389,5594.019,13198.89,1979.789,5576.249,13135.48,1989.36,5337.928,13445.85,2042.597,5563.919
13199.99,1983.353,5157.662,13015.79,1950.195,5684.787,13458.12,1980.544,5642.002,12964,1976.692,5365.135,13157,2022.614,5724.707,12972.24,2012.767,5426.044,13206.19,1973.057,5259.34,13282.97,1984.858,5333.45,13102.88,1977.858,5604.27,13042.01,2009.544,5305.288,13083.14,1963.221,5695.62,12981.05,1969.389,5594.199,13199.13,1979.789,5576.467,13135.16,1989.36,5337.896,13446,2042.597,5564.208
13199.61,1983.353,5157.454,13015.52,1950.195,5685.132,13458.38,1980.544,5642.358,12964.39,1976.692,5365.344,13156.81,2022.614,5725.104,12972.5,2012.767,5426.39,13205.78,1973.057,5259.203,13282.56,1984.858,5333.306,13103.23,1977.858,5604.52,13042.21,2009.544,5305.673,13083,1963.221,5696.033,12980.68,1969.389,5594.43,13199.45,1979.789,5576.76,13134.72,1989.36,5337.869,13446.22,2042.597,5564.588
13199.33,1983.353,5157.316,13015.33,1950.195,5685.374,13458.54,1980.544,5642.613,12964.66,1976.692,5365.483,13156.69,2022.614,5725.385,12972.69,2012.767,5426.637,13205.49,1973.057,5259.092,13282.27,1984.858,5333.214,13103.49,1977.858,5604.687,13042.35,2009.544,5305.947,13082.9,1963.221,5696.325,12980.42,1969.389,5594.584,13199.69,1979.789,5576.958,13134.41,1989.36,5337.859,13446.38,2042.597,5564.85
13198.97,1983.353,5157.117,13015.08,1950.195,5685.696,13458.82,1980.544,5642.921,12965.03,1976.692,5365.66,13156.54,2022.614,5725.766,12972.92,2012.767,5426.972,13205.11,1973.057,5258.934,13281.88,1984.858,5333.078,13103.84,1977.858,5604.899,13042.52,2009.544,5306.32,13082.78,1963.221,5696.716,12980.06,1969.389,5594.778,13200.01,1979.789,5577.213,13134,1989.36,5337.858,13446.6,2042.597,5565.192
13198.72,1983.353,5156.985,13014.9,1950.195,5685.922,13459.01,1980.544,5643.131,12965.29,1976.692,5365.776,13156.44,2022.614,5726.036,12973.08,2012.767,5427.209,13204.84,1973.057,5258.833,13281.61,1984.858,5333,13104.09,1977.858,5605.04,13042.63,2009.544,5306.584,13082.7,1963.221,5696.992,12979.8,1969.389,5594.905,13200.24,1979.789,5577.384,13133.72,1989.36,5337.865,13446.77,2042.597,5565.427
13198.37,1983.353,5156.82,13014.66,1950.195,5686.224,13459.27,1980.544,5643.42,12965.65,1976.692,5365.923,13156.32,2022.614,5726.4,12973.29,2012.767,5427.533,13204.48,1973.057,5258.708,13281.24,1984.858,5332.882,13104.43,1977.858,5605.218,13042.77,2009.544,5306.943,13082.59,1963.221,5697.362,12979.45,1969.389,5595.065,13200.55,1979.789,5577.618,13133.33,1989.36,5337.885,13446.98,2042.597,5565.747
13198.12,1983.353,5156.712,13014.49,1950.195,5686.436,13459.44,1980.544,5643.628,12965.9,1976.692,5366.019,13156.24,2022.614,5726.658,12973.43,2012.767,5427.763,13204.22,1973.057,5258.629,13280.98,1984.858,5332.823,13104.68,1977.858,5605.335,13042.86,2009.544,5307.199,13082.52,1963.221,5697.623,12979.2,1969.389,5595.169,13200.77,1979.789,5577.775,13133.06,1989.36,5337.906,13447.14,2042.597,5565.967
13197.75,1983.353,5156.554,13014.24,1950.195,5686.75,13459.72,1980.544,5643.919,12966.28,1976.692,5366.152,13156.13,2022.614,5727.045,12973.64,2012.767,5428.108,13203.83,1973.057,5258.524,13280.59,1984.858,5332.722,13105.04,1977.858,5605.498,13042.98,2009.544,5307.583,13082.42,1963.221,5698.012,12978.82,1969.389,5595.313,13201.1,1979.789,5577.999,13132.66,1989.36,5337.95,13447.38,2042.597,5566.287
13197.49,1983.353,5156.453,13014.07,1950.195,5686.969,13459.9,1980.544,5644.127,12966.55,1976.692,5366.237,13156.06,2022.614,5727.316,12973.78,2012.767,5428.351,13203.56,1973.057,5258.46,13280.31,1984.858,5332.686,13105.3,1977.858,5605.604,13043.06,2009.544,5307.852,13082.36,1963.221,5698.283,12978.56,1969.389,5595.403,13201.34,1979.789,5578.146,13132.39,1989.36,5337.989,13447.56,2042.597,5566.503
13197.3,1983.353,5156.383,13013.93,1950.195,5687.128,13460.04,1980.544,5644.287,12966.75,1976.692,5366.295,13156.02,2022.614,5727.519,12973.88,2012.767,5428.534,13203.36,1973.057,5258.419,13280.1,1984.858,5332.652,13105.5,1977.858,5605.676,13043.11,2009.544,5308.054,13082.31,1963.221,5698.485,12978.37,1969.389,5595.478,13201.52,1979.789,5578.25,13132.18,1989.36,5338.023,13447.68,2042.597,5566.676
13197,1983.353,5156.277,13013.72,1950.195,5687.36,13460.23,1980.544,5644.534,12967.05,1976.692,5366.374,13155.95,2022.614,5727.827,12974.02,2012.767,5428.813,13203.05,1973.057,5258.367,13279.79,1984.858,5332.591,13105.79,1977.858,5605.777,13043.17,2009.544,5308.36,13082.24,1963.221,5698.791,12978.08,1969.389,5595.599,13201.79,1979.789,5578.398,13131.87,1989.36,5338.085,13447.86,2042.597,5566.929
13196.7,1983.353,5156.179,13013.5,1950.195,5687.589,13460.42,1980.544,5644.789,12967.36,1976.692,5366.445,13155.9,2022.614,5728.14,12974.16,2012.767,5429.097,13202.73,1973.057,5258.325,13279.48,1984.858,5332.54,13106.1,1977.858,5605.869,13043.23,2009.544,5308.673,13082.17,1963.221,5699.102,12977.79,1969.389,5595.732,13202.08,1979.789,5578.539,13131.56,1989.36,5338.157,13448.03,2042.597,5567.201
13196.48,1983.353,5156.117,13013.34,1950.195,5687.746,13460.55,1980.544,5644.968,12967.58,1976.692,5366.489,13155.87,2022.614,5728.362,12974.26,2012.767,5429.299,13202.51,1973.057,5258.302,13279.26,1984.858,5332.501,13106.32,1977.858,5605.927,13043.26,2009.544,5308.895,13082.13,1963.221,5699.321,12977.59,1969.389,5595.832,13202.28,1979.789,5578.631,13131.35,1989.36,5338.214,13448.15,2042.597,5567.388
13196.19,1983.353,5156.043,13013.12,1950.195,5687.947,13460.75,1980.544,5645.194,12967.88,1976.692,5366.54,13155.83,2022.614,5728.659,12974.38,2012.767,5429.571,13202.21,1973.057,5258.281,13278.97,1984.858,5332.425,13106.61,1977.858,5605.996,13043.29,2009.544,5309.192,13082.07,1963.221,5699.614,12977.32,1969.389,5595.975,13202.56,1979.789,5578.745,13131.06,1989.36,5338.299,13448.32,2042.597,5567.632
13195.99,1983.353,5155.999,13012.96,1950.195,5688.083,13460.9,1980.544,5645.344,12968.08,1976.692,5366.569,13155.81,2022.614,5728.868,12974.47,2012.767,5429.763,13202,1973.057,5258.272,13278.77,1984.858,5332.379,13106.81,1977.858,5606.038,13043.31,2009.544,5309.401,13082.03,1963.221,5699.82,12977.14,1969.389,5596.081,13202.76,1979.789,5578.819,13130.86,1989.36,5338.365,13448.45,2042.597,5567.8
13195.71,1983.353,5155.947,13012.74,1950.195,5688.26,13461.09,1980.544,5645.552,12968.36,1976.692,5366.601,13155.79,2022.614,5729.149,12974.58,2012.767,5430.022,13201.72,1973.057,5258.262,13278.49,1984.858,5332.326,13107.09,1977.858,5606.084,13043.33,2009.544,5309.682,13081.98,1963.221,5700.097,12976.9,1969.389,5596.23,13203.02,1979.789,5578.909,13130.6,1989.36,5338.461,13448.63,2042.597,5568.019
13195.51,1983.353,5155.908,13012.58,1950.195,5688.385,13461.22,1980.544,5645.71,12968.57,1976.692,5366.623,13155.79,2022.614,5729.357,12974.66,2012.767,5430.216,13201.51,1973.057,5258.259,13278.28,1984.858,5332.293,13107.3,1977.858,5606.113,13043.33,2009.544,5309.89,13081.94,1963.221,5700.302,12976.73,1969.389,5596.347,13203.22,1979.789,5578.97,13130.4,1989.36,5338.538,13448.76,2042.597,5568.176
13195.24,1983.353,5155.866,13012.35,1950.195,5688.542,13461.4,1980.544,5645.918,12968.84,1976.692,5366.65,13155.78,2022.614,5729.631,12974.75,2012.767,5430.472,13201.24,1973.057,5258.264,13278.01,1984.858,5332.259,13107.57,1977.858,5606.141,13043.34,2009.544,5310.164,13081.9,1963.221,5700.572,12976.51,1969.389,5596.508,13203.49,1979.789,5579.041,13130.15,1989.36,5338.647,13448.93,2042.597,5568.389
13195.02,1983.353,5155.839,13012.17,1950.195,5688.663,13461.54,1980.544,5646.088,12969.06,1976.692,5366.669,13155.78,2022.614,5729.85,12974.83,2012.767,5430.677,13201.02,1973.057,5258.275,13277.79,1984.858,5332.238,13107.79,1977.858,5606.157,13043.35,2009.544,5310.383,13081.86,1963.221,5700.789,12976.33,1969.389,5596.63,13203.7,1979.789,5579.09,13129.95,1989.36,5338.741,13449.08,2042.597,5568.555
13194.81,1983.353,5155.82,13011.99,1950.195,5688.771,13461.68,1980.544,5646.243,12969.27,1976.692,5366.686,13155.79,2022.614,5730.058,12974.9,2012.767,5430.874,13200.81,1973.057,5258.292,13277.59,1984.858,5332.223,13108,1977.858,5606.165,13043.35,2009.544,5310.591,13081.83,1963.221,5700.994,12976.16,1969.389,5596.752,13203.91,1979.789,5579.131,13129.77,1989.36,5338.836,13449.21,2042.597,5568.717
13194.6,1983.353,5155.808,13011.81,1950.195,5688.875,13461.81,1980.544,5646.403,12969.48,1976.692,5366.701,13155.8,2022.614,5730.267,12974.97,2012.767,5431.071,13200.6,1973.057,5258.31,13277.38,1984.858,5332.215,13108.2,1977.858,5606.167,13043.36,2009.544,5310.8,13081.8,1963.221,5701.2,12976,1969.389,5596.883,13204.11,1979.789,5579.165,13129.59,1989.36,5338.938,13449.36,2042.597,5568.858
13194.4,1983.353,5155.802,13011.62,1950.195,5688.972,13461.94,1980.544,5646.571,12969.68,1976.692,5366.714,13155.82,2022.614,5730.474,12975.03,2012.767,5431.27,13200.4,1973.057,5258.334,13277.17,1984.858,5332.213,13108.41,1977.858,5606.162,13043.36,2009.544,5311.008,13081.77,1963.221,5701.406,12975.83,1969.389,5597.009,13204.32,1979.789,5579.192,13129.41,1989.36,5339.044,13449.51,2042.597,5569.004
13194.19,1983.353,5155.804,13011.44,1950.195,5689.063,13462.07,1980.544,5646.734,12969.89,1976.692,5366.726,13155.85,2022.614,5730.681,12975.09,2012.767,5431.468,13200.19,1973.057,5258.365,13276.96,1984.858,5332.219,13108.62,1977.858,5606.15,13043.35,2009.544,5311.216,13081.74,1963.221,5701.612,12975.66,1969.389,5597.129,13204.53,1979.789,5579.213,13129.23,1989.36,5339.156,13449.66,2042.597,5569.155
13193.98,1983.353,5155.812,13011.25,1950.195,5689.149,13462.2,1980.544,5646.898,12970.1,1976.692,5366.734,13155.87,2022.614,5730.888,12975.15,2012.767,5431.668,13199.98,1973.057,5258.402,13276.75,1984.858,5332.231,13108.83,1977.858,5606.145,13043.35,2009.544,5311.424,13081.71,1963.221,5701.819,12975.49,1969.389,5597.243,13204.73,1979.789,5579.227,13129.06,1989.36,5339.273,13449.79,2042.597,5569.31
13193.77,1983.353,5155.827,13011.05,1950.195,5689.229,13462.3,1980.544,5647.076,12970.31,1976.692,5366.741,13155.91,2022.614,5731.093,12975.21,2012.767,5431.868,13199.78,1973.057,5258.445,13276.55,1984.858,5332.25,13109.04,1977.858,5606.147,13043.34,2009.544,5311.632,13081.69,1963.221,5702.026,12975.32,1969.389,5597.361,13204.94,1979.789,5579.233,13128.89,1989.36,5339.396,13449.93,2042.597,5569.464
13193.57,1983.353,5155.849,13010.86,1950.195,5689.302,13462.42,1980.544,5647.249,12970.52,1976.692,5366.746,13155.95,2022.614,5731.298,12975.26,2012.767,5432.069,13199.58,1973.057,5258.495,13276.34,1984.858,5332.276,13109.24,1977.858,5606.156,13043.33,2009.544,5311.84,13081.67,1963.221,5702.233,12975.14,1969.389,5597.476,13205.15,1979.789,5579.233,13128.73,1989.36,5339.524,13450.07,2042.597,5569.622
13193.36,1983.353,5155.878,13010.66,1950.195,5689.37,13462.52,1980.544,5647.433,12970.72,1976.692,5366.749,13155.99,2022.614,5731.501,12975.32,2012.767,5432.271,13199.38,1973.057,5258.54,13276.13,1984.858,5332.309,13109.45,1977.858,5606.171,13043.32,2009.544,5312.048,13081.65,1963.221,5702.44,12974.96,1969.389,5597.585,13205.36,1979.789,5579.227,13128.57,1989.36,5339.658,13450.2,2042.597,5569.785
13193.15,1983.353,5155.914,13010.46,1950.195,5689.432,13462.62,1980.544,5647.614,12970.93,1976.692,5366.749,13156.04,2022.614,5731.704,12975.37,2012.767,5432.473,13199.17,1973.057,5258.591,13275.93,1984.858,5332.348,13109.66,1977.858,5606.193,13043.31,2009.544,5312.255,13081.64,1963.221,5702.648,12974.78,1969.389,5597.689,13205.57,1979.789,5579.213,13128.41,1989.36,5339.796,13450.33,2042.597,5569.952
13192.95,1983.353,5155.956,13010.26,1950.195,5689.487,13462.71,1980.544,5647.804,12971.14,1976.692,5366.746,13156.09,2022.614,5731.905,12975.42,2012.767,5432.675,13198.97,1973.057,5258.649,13275.73,1984.858,5332.394,13109.87,1977.858,5606.222,13043.29,2009.544,5312.463,13081.62,1963.221,5702.856,12974.6,1969.389,5597.787,13205.77,1979.789,5579.192,13128.26,1989.36,5339.939,13450.44,2042.597,5570.123
13192.75,1983.353,5156.004,13010.06,1950.195,5689.537,13462.8,1980.544,5647.991,12971.35,1976.692,5366.741,13156.15,2022.614,5732.105,12975.46,2012.767,5432.878,13198.77,1973.057,5258.708,13275.52,1984.858,5332.447,13110.07,1977.858,5606.258,13043.27,2009.544,5312.67,13081.62,1963.221,5703.064,12974.41,1969.389,5597.878,13205.98,1979.789,5579.171,13128.11,1989.36,5340.087,13450.56,2042.597,5570.297
13192.55,1983.353,5156.06,13009.85,1950.195,5689.58,13462.89,1980.544,5648.178,12971.56,1976.692,5366.734,13156.21,2022.614,5732.304,12975.51,2012.767,5433.082,13198.58,1973.057,5258.774,13275.32,1984.858,5332.506,13110.27,1977.858,5606.3,13043.25,2009.544,5312.877,13081.61,1963.221,5703.272,12974.22,1969.389,5597.964,13206.19,1979.789,5579.143,13127.97,1989.36,5340.239,13450.67,2042.597,5570.476
13192.35,1983.353,5156.122,13009.65,1950.195,5689.617,13462.97,1980.544,5648.371,12971.76,1976.692,5366.724,13156.28,2022.614,5732.5,12975.55,2012.767,5433.286,13198.38,1973.057,5258.846,13275.12,1984.858,5332.565,13110.48,1977.858,5606.349,13043.22,2009.544,5313.084,13081.61,1963.221,5703.48,12974.03,1969.389,5598.043,13206.39,1979.789,5579.108,13127.83,1989.36,5340.396,13450.77,2042.597,5570.654
13192.15,1983.353,5156.19,13009.44,1950.195,5689.648,13463.04,1980.544,5648.567,12971.97,1976.692,5366.711,13156.35,2022.614,5732.696,12975.59,2012.767,5433.49,13198.19,1973.057,5258.924,13274.92,1984.858,5332.624,13110.68,1977.858,5606.405,13043.2,2009.544,5313.291,13081.61,1963.221,5703.688,12973.83,1969.389,5598.116,13206.59,1979.789,5579.066,13127.7,1989.36,5340.557,13450.87,2042.597,5570.836
13191.86,1983.353,5156.277,13009.15,1950.195,5689.685,13463.14,1980.544,5648.847,12972.27,1976.692,5366.689,13156.46,2022.614,5732.974,12975.65,2012.767,5433.784,13197.91,1973.057,5259.045,13274.64,1984.858,5332.718,13110.96,1977.858,5606.494,13043.15,2009.544,5313.586,13081.62,1963.221,5703.987,12973.55,1969.389,5598.211,13206.89,1979.789,5578.998,13127.52,1989.36,5340.795,13451.01,2042.597,5571.103
13191.67,1983.353,5156.344,13008.94,1950.195,5689.704,13463.21,1980.544,5649.044,12972.48,1976.692,5366.671,13156.55,2022.614,5733.166,12975.69,2012.767,5433.988,13197.72,1973.057,5259.134,13274.44,1984.858,5332.791,13111.16,1977.858,5606.563,13043.12,2009.544,5313.792,13081.62,1963.221,5704.195,12973.35,1969.389,5598.271,13207.09,1979.789,5578.943,13127.4,1989.36,5340.964,13451.1,2042.597,5571.292
13191.47,1983.353,5156.417,13008.73,1950.195,5689.729,13463.27,1980.544,5649.244,12972.68,1976.692,5366.65,13156.63,2022.614,5733.356,12975.72,2012.767,5434.193,13197.54,1973.057,5259.229,13274.25,1984.858,5332.869,13111.35,1977.858,5606.638,13043.08,2009.544,5313.997,13081.63,1963.221,5704.403,12973.15,1969.389,5598.325,13207.29,1979.789,5578.885,13127.28,1989.36,5341.137,13451.18,2042.597,5571.482
13191.28,1983.353,5156.497,13008.53,1950.195,5689.76,13463.34,1980.544,5649.441,12972.89,1976.692,5366.626,13156.72,2022.614,5733.544,12975.76,2012.767,5434.399,13197.35,1973.057,5259.324,13274.06,1984.858,5332.954,13111.55,1977.858,5606.72,13043.04,2009.544,5314.201,13081.65,1963.221,5704.611,12972.95,1969.389,5598.372,13207.49,1979.789,5578.827,13127.17,1989.36,5341.313,13451.26,2042.597,5571.676
13191.09,1983.353,5156.583,13008.32,1950.195,5689.797,13463.42,1980.544,5649.634,12973.1,1976.692,5366.6,13156.81,2022.614,5733.735,12975.79,2012.767,5434.604,13197.17,1973.057,5259.414,13273.87,1984.858,5333.044,13111.74,1977.858,5606.807,13042.99,2009.544,5314.404,13081.67,1963.221,5704.819,12972.74,1969.389,5598.413,13207.69,1979.789,5578.775,13127.07,1989.36,5341.494,13451.34,2042.597,5571.87
13190.9,1983.353,5156.675,13008.12,1950.195,5689.84,13463.49,1980.544,5649.83,12973.3,1976.692,5366.569,13156.88,2022.614,5733.928,12975.82,2012.767,5434.811,13196.98,1973.057,5259.509,13273.68,1984.858,5333.129,13111.92,1977.858,5606.901,13042.95,2009.544,5314.607,13081.69,1963.221,5705.025,12972.54,1969.389,5598.446,13207.89,1979.789,5578.717,13126.97,1989.36,5341.677,13451.42,2042.597,5572.061
13190.71,1983.353,5156.738,13007.91,1950.195,5689.888,13463.56,1980.544,5650.026,12973.51,1976.692,5366.536,13156.95,2022.614,5734.124,12975.85,2012.767,5435.017,13196.8,1973.057,5259.61,13273.48,1984.858,5333.192,13112.11,1977.858,5606.988,13042.89,2009.544,5314.809,13081.73,1963.221,5705.231,12972.33,1969.389,5598.474,13208.09,1979.789,5578.665,13126.88,1989.36,5341.863,13451.52,2042.597,5572.245
13190.51,1983.353,5156.808,13007.71,1950.195,5689.942,13463.63,1980.544,5650.221,12973.71,1976.692,5366.5,13157.02,2022.614,5734.322,12975.88,2012.767,5435.223,13196.62,1973.057,5259.713,13273.29,1984.858,5333.261,13112.3,1977.858,5607.081,13042.84,2009.544,5315.009,13081.77,1963.221,5705.436,12972.13,1969.389,5598.494,13208.29,1979.789,5578.62,13126.79,1989.36,5342.052,13451.61,2042.597,5572.432
13190.31,1983.353,5156.883,13007.51,1950.195,5690.001,13463.71,1980.544,5650.413,12973.92,1976.692,5366.46,13157.09,2022.614,5734.519,12975.91,2012.767,5435.429,13196.44,1973.057,5259.816,13273.09,1984.858,5333.336,13112.48,1977.858,5607.18,13042.78,2009.544,5315.209,13081.81,1963.221,5705.639,12971.92,1969.389,5598.508,13208.5,1979.789,5578.582,13126.71,1989.36,5342.244,13451.69,2042.597,5572.622
13190.12,1983.353,5156.965,13007.31,1950.195,5690.054,13463.8,1980.544,5650.603,12974.12,1976.692,5366.417,13157.15,2022.614,5734.718,12975.93,2012.767,5435.636,13196.26,1973.057,5259.921,13272.9,1984.858,5333.417,13112.66,1977.858,5607.285,13042.72,2009.544,5315.408,13081.87,1963.221,5705.84,12971.71,1969.389,5598.529,13208.7,1979.789,5578.55,13126.63,1989.36,5342.438,13451.79,2042.597,5572.804
13189.93,1983.353,5157.043,13007.11,1950.195,5690.101,13463.89,1980.544,5650.791,12974.33,1976.692,5366.371,13157.2,2022.614,5734.919,12975.96,2012.767,5435.842,13196.08,1973.057,5260.027,13272.71,1984.858,5333.504,13112.84,1977.858,5607.396,13042.65,2009.544,5315.605,13081.93,1963.221,5706.04,12971.5,1969.389,5598.557,13208.91,1979.789,5578.525,13126.56,1989.36,5342.635,13451.89,2042.597,5572.989
13189.74,1983.353,5157.127,13006.9,1950.195,5690.142,13463.98,1980.544,5650.978,12974.53,1976.692,5366.321,13157.24,2022.614,5735.124,12975.98,2012.767,5436.049,13195.9,1973.057,5260.135,13272.53,1984.858,5333.596,13113.01,1977.858,5607.513,13042.58,2009.544,5315.801,13081.99,1963.221,5706.238,12971.3,1969.389,5598.591,13209.12,1979.789,5578.507,13126.5,1989.36,5342.834,13452,2042.597,5573.166
13189.55,1983.353,5157.218,13006.7,1950.195,5690.176,13464.08,1980.544,5651.162,12974.73,1976.692,5366.268,13157.29,2022.614,5735.327,12976,2012.767,5436.256,13195.73,1973.057,5260.247,13272.34,1984.858,5333.686,13113.18,1977.858,5607.632,13042.51,2009.544,5315.995,13082.07,1963.221,5706.433,12971.09,1969.389,5598.632,13209.33,1979.789,5578.496,13126.45,1989.36,5343.035,13452.11,2042.597,5573.345
13189.37,1983.353,5157.314,13006.49,1950.195,5690.205,13464.16,1980.544,5651.353,12974.93,1976.692,5366.211,13157.34,2022.614,5735.53,12976.02,2012.767,5436.463,13195.55,1973.057,5260.352,13272.15,1984.858,5333.781,13113.36,1977.858,5607.746,13042.43,2009.544,5316.188,13082.14,1963.221,5706.626,12970.9,1969.389,5598.695,13209.54,1979.789,5578.492,13126.4,1989.36,5343.237,13452.21,2042.597,5573.528
13189.18,1983.353,5157.396,13006.29,1950.195,5690.227,13464.25,1980.544,5651.541,12975.13,1976.692,5366.15,13157.39,2022.614,5735.73,12976.04,2012.767,5436.67,13195.37,1973.057,5260.462,13271.96,1984.858,5333.857,13113.54,1977.858,5607.835,13042.35,2009.544,5316.379,13082.23,1963.221,5706.816,12970.7,1969.389,5598.752,13209.74,1979.789,5578.494,13126.35,1989.36,5343.44,13452.32,2042.597,5573.705
13188.99,1983.353,5157.484,13006.08,1950.195,5690.243,13464.35,1980.544,5651.726,12975.33,1976.692,5366.086,13157.45,2022.614,5735.929,12976.06,2012.767,5436.878,13195.19,1973.057,5260.571,13271.77,1984.858,5333.939,13113.73,1977.858,5607.931,13042.26,2009.544,5316.569,13082.32,1963.221,5707.004,12970.49,1969.389,5598.803,13209.95,1979.789,5578.503,13126.32,1989.36,5343.646,13452.42,2042.597,5573.884
13188.8,1983.353,5157.575,13005.87,1950.195,5690.266,13464.42,1980.544,5651.919,12975.52,1976.692,5366.019,13157.52,2022.614,5736.126,12976.08,2012.767,5437.085,13195.02,1973.057,5260.683,13271.58,1984.858,5334.028,13113.91,1977.858,5608.033,13042.17,2009.544,5316.756,13082.42,1963.221,5707.188,12970.29,1969.389,5598.847,13210.16,1979.789,5578.52,13126.29,1989.36,5343.852,13452.52,2042.597,5574.067
13188.62,1983.353,5157.671,13005.66,1950.195,5690.294,13464.49,1980.544,5652.116,12975.72,1976.692,5365.948,13157.6,2022.614,5736.32,12976.1,2012.767,5437.293,13194.84,1973.057,5260.791,13271.39,1984.858,5334.124,13114.09,1977.858,5608.141,13042.07,2009.544,5316.942,13082.52,1963.221,5707.37,12970.08,1969.389,5598.884,13210.37,1979.789,5578.542,13126.26,1989.36,5344.059,13452.62,2042.597,5574.253
13188.43,1983.353,5157.773,13005.46,1950.195,5690.328,13464.57,1980.544,5652.31,12975.91,1976.692,5365.873,13157.68,2022.614,5736.512,12976.11,2012.767,5437.5,13194.66,1973.057,5260.901,13271.21,1984.858,5334.222,13114.27,1977.858,5608.243,13041.97,2009.544,5317.125,13082.63,1963.221,5707.548,12969.88,1969.389,5598.915,13210.57,1979.789,5578.572,13126.25,1989.36,5344.266,13452.71,2042.597,5574.44
13188.25,1983.353,5157.875,13005.25,1950.195,5690.368,13464.65,1980.544,5652.501,12976.11,1976.692,5365.794,13157.76,2022.614,5736.702,12976.13,2012.767,5437.708,13194.49,1973.057,5261.017,13271.03,1984.858,5334.327,13114.46,1977.858,5608.326,13041.87,2009.544,5317.307,13082.74,1963.221,5707.724,12969.67,1969.389,5598.938,13210.78,1979.789,5578.608,13126.23,1989.36,5344.474,13452.79,2042.597,5574.629
13188.07,1983.353,5157.981,13005.05,1950.195,5690.413,13464.74,1980.544,5652.689,12976.3,1976.692,5365.712,13157.85,2022.614,5736.89,12976.14,2012.767,5437.916,13194.32,1973.057,5261.134,13270.85,1984.858,5334.437,13114.65,1977.858,5608.414,13041.76,2009.544,5317.485,13082.85,1963.221,5707.899,12969.46,1969.389,5598.956,13210.98,1979.789,5578.651,13126.23,1989.36,5344.683,13452.88,2042.597,5574.822
13187.9,1983.353,5158.094,13004.85,1950.195,5690.464,13464.83,1980.544,5652.878,12976.49,1976.692,5365.626,13157.95,2022.614,5737.076,12976.15,2012.767,5438.124,13194.15,1973.057,5261.256,13270.67,1984.858,5334.534,13114.84,1977.858,5608.508,13041.65,2009.544,5317.662,13082.97,1963.221,5708.072,12969.26,1969.389,5598.967,13211.18,1979.789,5578.701,13126.23,1989.36,5344.891,13452.93,2042.597,5575.022
13187.73,1983.353,5158.213,13004.65,1950.195,5690.509,13464.91,1980.544,5653.07,12976.67,1976.692,5365.536,13158.05,2022.614,5737.26,12976.17,2012.767,5438.332,13193.97,1973.057,5261.369,13270.49,1984.858,5334.636,13115.02,1977.858,5608.608,13041.54,2009.544,5317.835,13083.09,1963.221,5708.243,12969.05,1969.389,5598.984,13211.38,1979.789,5578.757,13126.24,1989.36,5345.099,13453,2042.597,5575.221
13187.55,1983.353,5158.326,13004.44,1950.195,5690.547,13464.98,1980.544,5653.264,12976.86,1976.692,5365.442,13158.15,2022.614,5737.441,12976.18,2012.767,5438.54,13193.8,1973.057,5261.486,13270.3,1984.858,5334.738,13115.2,1977.858,5608.714,13041.42,2009.544,5318.006,13083.21,1963.221,5708.413,12968.84,1969.389,5599.009,13211.58,1979.789,5578.82,13126.26,1989.36,5345.307,13453.06,2042.597,5575.417
13187.38,1983.353,5158.44,13004.24,1950.195,5690.58,13465.05,1980.544,5653.46,12977.05,1976.692,5365.345,13158.25,2022.614,5737.621,12976.19,2012.767,5438.748,13193.63,1973.057,5261.608,13270.13,1984.858,5334.845,13115.38,1977.858,5608.826,13041.3,2009.544,5318.174,13083.33,1963.221,5708.58,12968.63,1969.389,5599.04,13211.78,1979.789,5578.89,13126.28,1989.36,5345.514,13453.13,2042.597,5575.615
13187.21,1983.353,5158.561,13004.03,1950.195,5690.605,13465.12,1980.544,5653.659,12977.23,1976.692,5365.244,13158.36,2022.614,5737.798,12976.2,2012.767,5438.956,13193.47,1973.057,5261.735,13269.94,1984.858,5334.948,13115.55,1977.858,5608.944,13041.17,2009.544,5318.339,13083.46,1963.221,5708.746,12968.43,1969.389,5599.078,13211.97,1979.789,5578.965,13126.31,1989.36,5345.72,13453.22,2042.597,5575.803
13187.03,1983.353,5158.665,13003.82,1950.195,5690.625,13465.18,1980.544,5653.856,12977.41,1976.692,5365.14,13158.48,2022.614,5737.973,12976.21,2012.767,5439.164,13193.3,1973.057,5261.852,13269.77,1984.858,5335.057,13115.73,1977.858,5609.036,13041.04,2009.544,5318.5,13083.58,1963.221,5708.91,12968.23,1969.389,5599.123,13212.16,1979.789,5579.047,13126.35,1989.36,5345.925,13453.3,2042.597,5575.993
13186.84,1983.353,5158.766,13003.61,1950.195,5690.639,13465.26,1980.544,5654.051,12977.59,1976.692,5365.031,13158.59,2022.614,5738.145,12976.21,2012.767,5439.372,13193.13,1973.057,5261.974,13269.59,1984.858,5335.172,13115.92,1977.858,5609.134,13040.9,2009.544,5318.659,13083.71,1963.221,5709.072,12968.02,1969.389,5599.169,13212.35,1979.789,5579.136,13126.39,1989.36,5346.129,13453.38,2042.597,5576.187
13186.67,1983.353,5158.874,13003.41,1950.195,5690.647,13465.32,1980.544,5654.249,12977.76,1976.692,5364.919,13158.71,2022.614,5738.315,12976.22,2012.767,5439.58,13192.95,1973.057,5262.089,13269.42,1984.858,5335.292,13116.1,1977.858,5609.238,13040.76,2009.544,5318.814,13083.85,1963.221,5709.232,12967.82,1969.389,5599.212,13212.54,1979.789,5579.23,13126.44,1989.36,5346.332,13453.47,2042.597,5576.373
13186.49,1983.353,5158.986,13003.2,1950.195,5690.661,13465.4,1980.544,5654.443,12977.93,1976.692,5364.803,13158.84,2022.614,5738.483,12976.23,2012.767,5439.788,13192.78,1973.057,5262.199,13269.27,1984.858,5335.437,13116.28,1977.858,5609.334,13040.62,2009.544,5318.966,13083.98,1963.221,5709.391,12967.61,1969.389,5599.249,13212.73,1979.789,5579.319,13126.49,1989.36,5346.532,13453.56,2042.597,5576.563
13186.3,1983.353,5159.079,13002.99,1950.195,5690.681,13465.48,1980.544,5654.636,12978.11,1976.692,5364.684,13158.96,2022.614,5738.648,12976.23,2012.767,5439.996,13192.6,1973.057,5262.315,13269.12,1984.858,5335.581,13116.46,1977.858,5609.436,13040.48,2009.544,5319.114,13084.12,1963.221,5709.548,12967.41,1969.389,5599.279,13212.91,1979.789,5579.414,13126.56,1989.36,5346.731,13453.64,2042.597,5576.754
13186.12,1983.353,5159.173,13002.78,1950.195,5690.707,13465.56,1980.544,5654.825,12978.27,1976.692,5364.561,13159.09,2022.614,5738.812,12976.24,2012.767,5440.204,13192.43,1973.057,5262.437,13268.97,1984.858,5335.719,13116.64,1977.858,5609.543,13040.33,2009.544,5319.259,13084.26,1963.221,5709.703,12967.2,1969.389,5599.302,13213.09,1979.789,5579.515,13126.62,1989.36,5346.928,13453.72,2042.597,5576.949
13185.94,1983.353,5159.272,13002.58,1950.195,5690.739,13465.65,1980.544,5655.017,12978.44,1976.692,5364.434,13159.23,2022.614,5738.972,12976.24,2012.767,5440.412,13192.26,1973.057,5262.555,13268.82,1984.858,5335.868,13116.82,1977.858,5609.656,13040.17,2009.544,5319.399,13084.4,1963.221,5709.855,12966.99,1969.389,5599.319,13213.28,1979.789,5579.602,13126.7,1989.36,5347.123,13453.77,2042.597,5577.149
13185.76,1983.353,5159.378,13002.37,1950.195,5690.776,13465.72,1980.544,5655.211,12978.6,1976.692,5364.304,13159.36,2022.614,5739.13,12976.25,2012.767,5440.62,13192.09,1973.057,5262.678,13268.67,1984.858,5336.012,13116.99,1977.858,5609.775,13040.01,2009.544,5319.536,13084.54,1963.221,5710.006,12966.79,1969.389,5599.329,13213.47,1979.789,5579.695,13126.78,1989.36,5347.315,13453.82,2042.597,5577.353
13185.58,1983.353,5159.489,13002.17,1950.195,5690.82,13465.79,1980.544,5655.408,12978.76,1976.692,5364.17,13159.5,2022.614,5739.286,12976.25,2012.767,5440.828,13191.93,1973.057,5262.807,13268.52,1984.858,5336.151,13117.17,1977.858,5609.886,13039.85,2009.544,5319.669,13084.69,1963.221,5710.155,12966.58,1969.389,5599.333,13213.65,1979.789,5579.794,13126.86,1989.36,5347.505,13453.87,2042.597,5577.555
13185.41,1983.353,5159.606,13001.96,1950.195,5690.857,13465.85,1980.544,5655.606,12978.92,1976.692,5364.033,13159.64,2022.614,5739.439,12976.25,2012.767,5441.036,13191.76,1973.057,5262.931,13268.36,1984.858,5336.29,13117.34,1977.858,5610.002,13039.69,2009.544,5319.797,13084.84,1963.221,5710.302,12966.37,1969.389,5599.343,13213.84,1979.789,5579.896,13126.96,1989.36,5347.692,13453.89,2042.597,5577.762
13185.24,1983.353,5159.729,13001.76,1950.195,5690.888,13465.91,1980.544,5655.807,12979.07,1976.692,5363.892,13159.78,2022.614,5739.59,12976.25,2012.767,5441.244,13191.6,1973.057,5263.06,13268.2,1984.858,5336.423,13117.51,1977.858,5610.124,13039.52,2009.544,5319.921,13084.99,1963.221,5710.447,12966.16,1969.389,5599.348,13214.01,1979.789,5580.003,13127.05,1989.36,5347.876,13453.91,2042.597,5577.97
13185.08,1983.353,5159.857,13001.55,1950.195,5690.912,13465.96,1980.544,5656.01,12979.22,1976.692,5363.748,13159.93,2022.614,5739.739,12976.25,2012.767,5441.452,13191.44,1973.057,5263.195,13268.04,1984.858,5336.551,13117.67,1977.858,5610.25,13039.35,2009.544,5320.042,13085.14,1963.221,5710.59,12965.95,1969.389,5599.36,13214.19,1979.789,5580.116,13127.16,1989.36,5348.057,13453.92,2042.597,5578.178
13184.92,1983.353,5159.99,13001.34,1950.195,5690.93,13466,1980.544,5656.214,12979.37,1976.692,5363.601,13160.08,2022.614,5739.885,12976.25,2012.767,5441.66,13191.29,1973.057,5263.335,13267.88,1984.858,5336.685,13117.84,1977.858,5610.372,13039.18,2009.544,5320.157,13085.29,1963.221,5710.731,12965.75,1969.389,5599.379,13214.36,1979.789,5580.235,13127.27,1989.36,5348.235,13453.94,2042.597,5578.385
13184.76,1983.353,5160.129,13001.13,1950.195,5690.942,13466.04,1980.544,5656.419,12979.51,1976.692,5363.451,13160.23,2022.614,5740.029,12976.25,2012.767,5441.868,13191.14,1973.057,5263.48,13267.72,1984.858,5336.823,13118.01,1977.858,5610.488,13039,2009.544,5320.268,13085.45,1963.221,5710.871,12965.54,1969.389,5599.405,13214.53,1979.789,5580.36,13127.38,1989.36,5348.409,13453.94,2042.597,5578.594
13184.61,1983.353,5160.272,13000.93,1950.195,5690.948,13466.07,1980.544,5656.625,12979.66,1976.692,5363.297,13160.38,2022.614,5740.17,12976.25,2012.767,5442.076,13190.99,1973.057,5263.63,13267.55,1984.858,5336.949,13118.18,1977.858,5610.61,13038.82,2009.544,5320.374,13085.6,1963.221,5711.007,12965.33,1969.389,5599.431,13214.7,1979.789,5580.479,13127.5,1989.36,5348.579,13453.95,2042.597,5578.802
13184.46,1983.353,5160.421,13000.72,1950.195,5690.948,13466.09,1980.544,5656.832,12979.79,1976.692,5363.141,13160.54,2022.614,5740.31,12976.25,2012.767,5442.284,13190.85,1973.057,5263.784,13267.39,1984.858,5337.08,13118.35,1977.858,5610.738,13038.64,2009.544,5320.476,13085.76,1963.221,5711.142,12965.13,1969.389,5599.451,13214.88,1979.789,5580.577,13127.63,1989.36,5348.746,13453.96,2042.597,5579.01
13184.32,1983.353,5160.574,13000.51,1950.195,5690.943,13466.1,1980.544,5657.04,12979.93,1976.692,5362.981,13160.69,2022.614,5740.447,12976.25,2012.767,5442.492,13190.72,1973.057,5263.943,13267.24,1984.858,5337.216,13118.51,1977.858,5610.868,13038.46,2009.544,5320.572,13085.92,1963.221,5711.275,12964.92,1969.389,5599.463,13215.06,1979.789,5580.681,13127.75,1989.36,5348.908,13453.97,2042.597,5579.218
13184.19,1983.353,5160.732,13000.3,1950.195,5690.932,13466.11,1980.544,5657.248,12980.06,1976.692,5362.818,13160.85,2022.614,5740.582,12976.24,2012.767,5442.7,13190.59,1973.057,5264.106,13267.08,1984.858,5337.357,13118.68,1977.858,5610.992,13038.27,2009.544,5320.664,13086.08,1963.221,5711.406,12964.71,1969.389,5599.469,13215.24,1979.789,5580.791,13127.89,1989.36,5349.067,13453.99,2042.597,5579.425
13184.05,1983.353,5160.892,13000.09,1950.195,5690.916,13466.13,1980.544,5657.455,12980.18,1976.692,5362.653,13161.01,2022.614,5740.715,12976.24,2012.767,5442.908,13190.46,1973.057,5264.274,13266.93,1984.858,5337.504,13118.84,1977.858,5611.119,13038.08,2009.544,5320.751,13086.25,1963.221,5711.535,12964.5,1969.389,5599.468,13215.41,1979.789,5580.907,13128.03,1989.36,5349.221,13454,2042.597,5579.633
13183.92,1983.353,5161.05,12999.89,1950.195,5690.905,13466.15,1980.544,5657.662,12980.31,1976.692,5362.484,13161.17,2022.614,5740.846,12976.24,2012.767,5443.116,13190.35,1973.057,5264.445,13266.79,1984.858,5337.655,13119,1977.858,5611.252,13037.89,2009.544,5320.833,13086.41,1963.221,5711.662,12964.29,1969.389,5599.461,13215.58,1979.789,5581.028,13128.17,1989.36,5349.372,13453.99,2042.597,5579.841
13183.79,1983.353,5161.212,12999.68,1950.195,5690.901,13466.18,1980.544,5657.869,12980.43,1976.692,5362.313,13161.34,2022.614,5740.975,12976.23,2012.767,5443.324,13190.23,1973.057,5264.621,13266.65,1984.858,5337.807,13119.17,1977.858,5611.38,13037.7,2009.544,5320.91,13086.58,1963.221,5711.787,12964.08,1969.389,5599.447,13215.75,1979.789,5581.154,13128.32,1989.36,5349.518,13453.98,2042.597,5580.05
13183.66,1983.353,5161.379,12999.47,1950.195,5690.903,13466.2,1980.544,5658.076,12980.54,1976.692,5362.14,13161.5,2022.614,5741.102,12976.23,2012.767,5443.532,13190.13,1973.057,5264.799,13266.51,1984.858,5337.961,13119.33,1977.858,5611.509,13037.5,2009.544,5320.982,13086.75,1963.221,5711.91,12963.88,1969.389,5599.426,13215.93,1979.789,5581.263,13128.48,1989.36,5349.659,13453.99,2042.597,5580.258
13183.53,1983.353,5161.539,12999.26,1950.195,5690.899,13466.21,1980.544,5658.284,12980.65,1976.692,5361.963,13161.67,2022.614,5741.227,12976.22,2012.767,5443.74,13190.03,1973.057,5264.981,13266.37,1984.858,5338.121,13119.5,1977.858,5611.633,13037.3,2009.544,5321.049,13086.92,1963.221,5712.031,12963.67,1969.389,5599.412,13216.1,1979.789,5581.37,13128.63,1989.36,5349.796,13454,2042.597,5580.466
13183.4,1983.353,5161.703,12999.05,1950.195,5690.89,13466.22,1980.544,5658.492,12980.76,1976.692,5361.785,13161.84,2022.614,5741.35,12976.22,2012.767,5443.948,13189.93,1973.057,5265.167,13266.24,1984.858,5338.284,13119.67,1977.858,5611.752,13037.11,2009.544,5321.11,13087.09,1963.221,5712.149,12963.46,1969.389,5599.404,13216.28,1979.789,5581.482,13128.79,1989.36,5349.928,13454,2042.597,5580.675
13183.28,1983.353,5161.871,12998.85,1950.195,5690.875,13466.22,1980.544,5658.7,12980.86,1976.692,5361.604,13162,2022.614,5741.471,12976.21,2012.767,5444.156,13189.84,1973.057,5265.355,13266.12,1984.858,5338.452,13119.84,1977.858,5611.871,13036.91,2009.544,5321.167,13087.26,1963.221,5712.266,12963.25,1969.389,5599.412,13216.47,1979.789,5581.575,13128.96,1989.36,5350.056,13454,2042.597,5580.883
13183.16,1983.353,5162.043,12998.64,1950.195,5690.855,13466.22,1980.544,5658.909,12980.96,1976.692,5361.42,13162.18,2022.614,5741.59,12976.21,2012.767,5444.364,13189.76,1973.057,5265.547,13266,1984.858,5338.623,13120.01,1977.858,5611.984,13036.7,2009.544,5321.218,13087.43,1963.221,5712.381,12963.05,1969.389,5599.418,13216.65,1979.789,5581.674,13129.13,1989.36,5350.179,13454.03,2042.597,5581.09
13183.05,1983.353,5162.219,12998.43,1950.195,5690.842,13466.22,1980.544,5659.117,12981.06,1976.692,5361.235,13162.35,2022.614,5741.708,12976.2,2012.767,5444.572,13189.68,1973.057,5265.741,13265.89,1984.858,5338.798,13120.18,1977.858,5612.11,13036.5,2009.544,5321.264,13087.61,1963.221,5712.494,12962.84,1969.389,5599.418,13216.83,1979.789,5581.779,13129.3,1989.36,5350.297,13454.06,2042.597,5581.296
13182.94,1983.353,5162.398,12998.22,1950.195,5690.834,13466.24,1980.544,5659.325,12981.15,1976.692,5361.047,13162.52,2022.614,5741.824,12976.19,2012.767,5444.78,13189.61,1973.057,5265.937,13265.78,1984.858,5338.977,13120.35,1977.858,5612.23,13036.3,2009.544,5321.305,13087.79,1963.221,5712.604,12962.63,1969.389,5599.412,13217.01,1979.789,5581.89,13129.47,1989.36,5350.411,13454.08,2042.597,5581.504
13182.84,1983.353,5162.581,12998.02,1950.195,5690.833,13466.24,1980.544,5659.534,12981.23,1976.692,5360.858,13162.69,2022.614,5741.939,12976.18,2012.767,5444.988,13189.55,1973.057,5266.135,13265.68,1984.858,5339.159,13120.51,1977.858,5612.361,13036.09,2009.544,5321.34,13087.96,1963.221,5712.713,12962.42,1969.389,5599.398,13217.19,1979.789,5581.992,13129.65,1989.36,5350.52,13454.09,2042.597,5581.712
13182.75,1983.353,5162.767,12997.81,1950.195,5690.837,13466.23,1980.544,5659.742,12981.32,1976.692,5360.667,13162.87,2022.614,5742.052,12976.18,2012.767,5445.196,13189.49,1973.057,5266.335,13265.59,1984.858,5339.344,13120.67,1977.858,5612.493,13035.88,2009.544,5321.371,13088.14,1963.221,5712.82,12962.21,1969.389,5599.378,13217.37,1979.789,5582.1,13129.83,1989.36,5350.634,13454.11,2042.597,5581.919
13182.66,1983.353,5162.956,12997.6,1950.195,5690.836,13466.23,1980.544,5659.95,12981.39,1976.692,5360.473,13163.04,2022.614,5742.163,12976.17,2012.767,5445.404,13189.44,1973.057,5266.538,13265.5,1984.858,5339.532,13120.84,1977.858,5612.62,13035.68,2009.544,5321.396,13088.32,1963.221,5712.925,12962.01,1969.389,5599.365,13217.54,1979.789,5582.214,13130,1989.36,5350.755,13454.11,2042.597,5582.127
13182.58,1983.353,5163.147,12997.39,1950.195,5690.829,13466.24,1980.544,5660.158,12981.47,1976.692,5360.278,13163.22,2022.614,5742.273,12976.16,2012.767,5445.612,13189.4,1973.057,5266.741,13265.41,1984.858,5339.723,13121.01,1977.858,5612.741,13035.47,2009.544,5321.418,13088.5,1963.221,5713.028,12961.8,1969.389,5599.359,13217.71,1979.789,5582.333,13130.16,1989.36,5350.881,13454.15,2042.597,5582.333
13182.5,1983.353,5163.341,12997.18,1950.195,5690.816,13466.24,1980.544,5660.367,12981.54,1976.692,5360.082,13163.4,2022.614,5742.382,12976.15,2012.767,5445.82,13189.36,1973.057,5266.946,13265.33,1984.858,5339.916,13121.17,1977.858,5612.874,13035.26,2009.544,5321.435,13088.68,1963.221,5713.129,12961.59,1969.389,5599.346,13217.88,1979.789,5582.458,13130.32,1989.36,5351.012,13454.17,2042.597,5582.541
13182.43,1983.353,5163.538,12996.98,1950.195,5690.798,13466.25,1980.544,5660.575,12981.6,1976.692,5359.884,13163.58,2022.614,5742.489,12976.14,2012.767,5446.028,13189.33,1973.057,5267.152,13265.26,1984.858,5340.112,13121.32,1977.858,5613.015,13035.05,2009.544,5321.446,13088.87,1963.221,5713.229,12961.38,1969.389,5599.325,13218.06,1979.789,5582.566,13130.48,1989.36,5351.149,13454.21,2042.597,5582.745
13182.37,1983.353,5163.737,12996.77,1950.195,5690.775,13466.27,1980.544,5660.782,12981.66,1976.692,5359.685,13163.76,2022.614,5742.595,12976.13,2012.767,5446.236,13189.31,1973.057,5267.359,13265.2,1984.858,5340.31,13121.48,1977.858,5613.15,13034.85,2009.544,5321.453,13089.05,1963.221,5713.326,12961.18,1969.389,5599.311,13218.23,1979.789,5582.68,13130.63,1989.36,5351.291,13454.25,2042.597,5582.949
13182.31,1983.353,5163.938,12996.56,1950.195,5690.747,13466.3,1980.544,5660.989,12981.72,1976.692,5359.484,13163.94,2022.614,5742.7,12976.12,2012.767,5446.444,13189.29,1973.057,5267.567,13265.14,1984.858,5340.51,13121.64,1977.858,5613.281,13034.64,2009.544,5321.455,13089.23,1963.221,5713.422,12960.97,1969.389,5599.29,13218.4,1979.789,5582.799,13130.78,1989.36,5351.437,13454.3,2042.597,5583.151
13182.26,1983.353,5164.14,12996.36,1950.195,5690.726,13466.33,1980.544,5661.195,12981.77,1976.692,5359.283,13164.12,2022.614,5742.804,12976.11,2012.767,5446.652,13189.28,1973.057,5267.775,13265.09,1984.858,5340.712,13121.81,1977.858,5613.406,13034.43,2009.544,5321.451,13089.42,1963.221,5713.516,12960.76,1969.389,5599.262,13218.58,1979.789,5582.9,13130.92,1989.36,5351.588,13454.35,2042.597,5583.355
13182.22,1983.353,5164.344,12996.15,1950.195,5690.699,13466.37,1980.544,5661.399,12981.82,1976.692,5359.08,13164.3,2022.614,5742.906,12976.1,2012.767,5446.86,13189.28,1973.057,5267.983,13265.04,1984.858,5340.916,13121.98,1977.858,5613.53,13034.22,2009.544,5321.442,13089.61,1963.221,5713.607,12960.56,1969.389,5599.242,13218.76,1979.789,5583.007,13131.06,1989.36,5351.744,13454.38,2042.597,5583.56
13182.18,1983.353,5164.549,12995.94,1950.195,5690.679,13466.42,1980.544,5661.603,12981.86,1976.692,5358.876,13164.48,2022.614,5743.008,12976.09,2012.767,5447.068,13189.27,1973.057,5268.191,13265.01,1984.858,5341.12,13122.15,1977.858,5613.648,13034.01,2009.544,5321.428,13089.79,1963.221,5713.697,12960.35,1969.389,5599.214,13218.94,1979.789,5583.12,13131.2,1989.36,5351.904,13454.41,2042.597,5583.766
13182.14,1983.353,5164.753,12995.74,1950.195,5690.654,13466.46,1980.544,5661.807,12981.9,1976.692,5358.672,13164.66,2022.614,5743.108,12976.08,2012.767,5447.276,13189.27,1973.057,5268.4,13264.98,1984.858,5341.326,13122.32,1977.858,5613.761,13033.81,2009.544,5321.409,13089.98,1963.221,5713.785,12960.15,1969.389,5599.173,13219.12,1979.789,5583.215,13131.32,1989.36,5352.069,13454.45,2042.597,5583.971
13182.11,1983.353,5164.959,12995.53,1950.195,5690.625,13466.49,1980.544,5662.013,12981.93,1976.692,5358.466,13164.85,2022.614,5743.207,12976.07,2012.767,5447.484,13189.26,1973.057,5268.608,13264.95,1984.858,5341.533,13122.5,1977.858,5613.868,13033.6,2009.544,5321.384,13090.17,1963.221,5713.872,12959.95,1969.389,5599.115,13219.3,1979.789,5583.317,13131.45,1989.36,5352.237,13454.48,2042.597,5584.177
13182.08,1983.353,5165.166,12995.32,1950.195,5690.591,13466.51,1980.544,5662.22,12981.96,1976.692,5358.26,13165.03,2022.614,5743.305,12976.06,2012.767,5447.692,13189.27,1973.057,5268.817,13264.93,1984.858,5341.741,13122.68,1977.858,5613.969,13033.39,2009.544,5321.354,13090.36,1963.221,5713.956,12959.74,1969.389,5599.063,13219.49,1979.789,5583.411,13131.56,1989.36,5352.41,13454.5,2042.597,5584.384
13182.06,1983.353,5165.373,12995.12,1950.195,5690.554,13466.54,1980.544,5662.425,12981.99,1976.692,5358.054,13165.21,2022.614,5743.402,12976.04,2012.767,5447.9,13189.27,1973.057,5269.025,13264.92,1984.858,5341.949,13122.87,1977.858,5614.064,13033.19,2009.544,5321.318,13090.55,1963.221,5714.039,12959.54,1969.389,5599.008,13219.67,1979.789,5583.511,13131.67,1989.36,5352.586,13454.51,2042.597,5584.592
13182.05,1983.353,5165.581,12994.92,1950.195,5690.514,13466.57,1980.544,5662.632,12982.01,1976.692,5357.847,13165.4,2022.614,5743.499,12976.03,2012.767,5448.108,13189.29,1973.057,5269.233,13264.92,1984.858,5342.157,13123.06,1977.858,5614.153,13032.99,2009.544,5321.277,13090.75,1963.221,5714.12,12959.35,1969.389,5598.938,13219.86,1979.789,5583.605,13131.78,1989.36,5352.766,13454.52,2042.597,5584.8
13182.02,1983.353,5165.788,12994.71,1950.195,5690.472,13466.59,1980.544,5662.839,12982.02,1976.692,5357.639,13165.58,2022.614,5743.595,12976.02,2012.767,5448.316,13189.3,1973.057,5269.441,13264.92,1984.858,5342.366,13123.23,1977.858,5614.269,13032.78,2009.544,5321.23,13090.94,1963.221,5714.199,12959.15,1969.389,5598.873,13220.04,1979.789,5583.699,13131.88,1989.36,5352.949,13454.52,2042.597,5585.008
13182.01,1983.353,5165.996,12994.51,1950.195,5690.428,13466.6,1980.544,5663.047,12982.04,1976.692,5357.431,13165.77,2022.614,5743.689,12976.01,2012.767,5448.524,13189.32,1973.057,5269.649,13264.92,1984.858,5342.574,13123.41,1977.858,5614.379,13032.58,2009.544,5321.179,13091.13,1963.221,5714.276,12958.95,1969.389,5598.811,13220.23,1979.789,5583.792,13131.97,1989.36,5353.135,13454.52,2042.597,5585.217
13182,1983.353,5166.204,12994.3,1950.195,5690.391,13466.61,1980.544,5663.256,12982.04,1976.692,5357.223,13165.95,2022.614,5743.783,12976,2012.767,5448.732,13189.31,1973.057,5269.857,13264.92,1984.858,5342.782,13123.59,1977.858,5614.483,13032.38,2009.544,5321.122,13091.32,1963.221,5714.354,12958.75,1969.389,5598.751,13220.42,1979.789,5583.892,13132.06,1989.36,5353.325,13454.52,2042.597,5585.425
13181.99,1983.353,5166.412,12994.1,1950.195,5690.36,13466.61,1980.544,5663.464,12982.05,1976.692,5357.015,13166.14,2022.614,5743.876,12975.98,2012.767,5448.94,13189.31,1973.057,5270.065,13264.92,1984.858,5342.991,13123.77,1977.858,5614.592,13032.18,2009.544,5321.059,13091.52,1963.221,5714.431,12958.55,1969.389,5598.699,13220.59,1979.789,5583.997,13132.14,1989.36,5353.517,13454.53,2042.597,5585.633
13181.96,1983.353,5166.619,12993.89,1950.195,5690.336,13466.61,1980.544,5663.673,12982.05,1976.692,5356.807,13166.33,2022.614,5743.969,12975.97,2012.767,5449.148,13189.32,1973.057,5270.273,13264.93,1984.858,5343.199,13123.95,1977.858,5614.695,13031.98,2009.544,5320.991,13091.71,1963.221,5714.509,12958.34,1969.389,5598.65,13220.77,1979.789,5584.107,13132.21,1989.36,5353.711,13454.53,2042.597,5585.842
13181.94,1983.353,5166.826,12993.68,1950.195,5690.319,13466.61,1980.544,5663.881,12982.04,1976.692,5356.599,13166.51,2022.614,5744.061,12975.96,2012.767,5449.356,13189.33,1973.057,5270.481,13264.94,1984.858,5343.407,13124.12,1977.858,5614.814,13031.79,2009.544,5320.918,13091.9,1963.221,5714.586,12958.14,1969.389,5598.608,13220.95,1979.789,5584.212,13132.28,1989.36,5353.908,13454.5,2042.597,5586.048
13181.93,1983.353,5167.034,12993.47,1950.195,5690.309,13466.6,1980.544,5664.089,12982.03,1976.692,5356.391,13166.7,2022.614,5744.152,12975.95,2012.767,5449.564,13189.35,1973.057,5270.689,13264.95,1984.858,5343.615,13124.29,1977.858,5614.928,13031.6,2009.544,5320.839,13092.1,1963.221,5714.664,12957.94,1969.389,5598.556,13221.13,1979.789,5584.321,13132.34,1989.36,5354.107,13454.48,2042.597,5586.255
13181.93,1983.353,5167.243,12993.27,1950.195,5690.305,13466.6,1980.544,5664.297,12982.02,1976.692,5356.183,13166.89,2022.614,5744.242,12975.93,2012.767,5449.771,13189.37,1973.057,5270.896,13264.97,1984.858,5343.822,13124.47,1977.858,5615.036,13031.41,2009.544,5320.755,13092.29,1963.221,5714.742,12957.74,1969.389,5598.51,13221.3,1979.789,5584.436,13132.4,1989.36,5354.308,13454.46,2042.597,5586.463
13181.93,1983.353,5167.451,12993.06,1950.195,5690.309,13466.62,1980.544,5664.504,12982,1976.692,5355.975,13167.08,2022.614,5744.332,12975.9,2012.767,5449.978,13189.4,1973.057,5271.103,13265,1984.858,5344.029,13124.65,1977.858,5615.138,13031.22,2009.544,5320.666,13092.48,1963.221,5714.819,12957.53,1969.389,5598.471,13221.46,1979.789,5584.571,13132.45,1989.36,5354.51,13454.46,2042.597,5586.671
13181.92,1983.353,5167.659,12992.85,1950.195,5690.319,13466.63,1980.544,5664.712,12981.97,1976.692,5355.769,13167.26,2022.614,5744.421,12975.87,2012.767,5450.184,13189.43,1973.057,5271.308,13265.02,1984.858,5344.236,13124.83,1977.858,5615.246,13031.03,2009.544,5320.572,13092.68,1963.221,5714.897,12957.33,1969.389,5598.439,13221.62,1979.789,5584.702,13132.49,1989.36,5354.714,13454.45,2042.597,5586.88
13181.92,1983.353,5167.868,12992.64,1950.195,5690.336,13466.66,1980.544,5664.919,12981.94,1976.692,5355.563,13167.45,2022.614,5744.51,12975.83,2012.767,5450.388,13189.45,1973.057,5271.515,13265.05,1984.858,5344.443,13125.01,1977.858,5615.348,13030.85,2009.544,5320.472,13092.87,1963.221,5714.975,12957.12,1969.389,5598.413,13221.79,1979.789,5584.827,13132.52,1989.36,5354.919,13454.44,2042.597,5587.087
13181.92,1983.353,5168.076,12992.43,1950.195,5690.36,13466.68,1980.544,5665.126,12981.9,1976.692,5355.357,13167.64,2022.614,5744.599,12975.78,2012.767,5450.591,13189.47,1973.057,5271.722,13265.09,1984.858,5344.647,13125.19,1977.858,5615.456,13030.67,2009.544,5320.368,13093.06,1963.221,5715.052,12956.91,1969.389,5598.394,13221.96,1979.789,5584.946,13132.55,1989.36,5355.126,13454.42,2042.597,5587.295
13181.93,1983.353,5168.284,12992.23,1950.195,5690.39,13466.69,1980.544,5665.334,12981.86,1976.692,5355.154,13167.83,2022.614,5744.687,12975.73,2012.767,5450.793,13189.49,1973.057,5271.93,13265.12,1984.858,5344.854,13125.37,1977.858,5615.568,13030.49,2009.544,5320.258,13093.26,1963.221,5715.13,12956.7,1969.389,5598.382,13222.13,1979.789,5585.063,13132.58,1989.36,5355.333,13454.42,2042.597,5587.504
13181.93,1983.353,5168.493,12992.02,1950.195,5690.427,13466.7,1980.544,5665.542,12981.81,1976.692,5354.951,13168.02,2022.614,5744.774,12975.67,2012.767,5450.993,13189.51,1973.057,5272.138,13265.14,1984.858,5345.061,13125.55,1977.858,5615.675,13030.32,2009.544,5320.144,13093.45,1963.221,5715.208,12956.5,1969.389,5598.376,13222.29,1979.789,5585.198,13132.59,1989.36,5355.541,13454.42,2042.597,5587.712
13181.94,1983.353,5168.701,12991.82,1950.195,5690.471,13466.72,1980.544,5665.75,12981.75,1976.692,5354.75,13168.21,2022.614,5744.861,12975.6,2012.767,5451.19,13189.53,1973.057,5272.345,13265.19,1984.858,5345.264,13125.73,1977.858,5615.778,13030.15,2009.544,5320.024,13093.64,1963.221,5715.286,12956.29,1969.389,5598.378,13222.46,1979.789,5585.327,13132.6,1989.36,5355.749,13454.39,2042.597,5587.919
13181.95,1983.353,5168.909,12991.62,1950.195,5690.522,13466.73,1980.544,5665.958,12981.69,1976.692,5354.551,13168.4,2022.614,5744.947,12975.53,2012.767,5451.386,13189.55,1973.057,5272.552,13265.23,1984.858,5345.468,13125.92,1977.858,5615.868,13029.98,2009.544,5319.9,13093.84,1963.221,5715.364,12956.08,1969.389,5598.386,13222.63,1979.789,5585.45,13132.6,1989.36,5355.957,13454.37,2042.597,5588.126
13181.96,1983.353,5169.117,12991.42,1950.195,5690.579,13466.74,1980.544,5666.167,12981.63,1976.692,5354.353,13168.59,2022.614,5745.033,12975.45,2012.767,5451.579,13189.58,1973.057,5272.759,13265.27,1984.858,5345.674,13126.1,1977.858,5615.965,13029.82,2009.544,5319.771,13094.03,1963.221,5715.442,12955.87,1969.389,5598.401,13222.8,1979.789,5585.568,13132.6,1989.36,5356.166,13454.36,2042.597,5588.334
13181.98,1983.353,5169.325,12991.22,1950.195,5690.643,13466.74,1980.544,5666.375,12981.56,1976.692,5354.157,13168.78,2022.614,5745.119,12975.37,2012.767,5451.769,13189.62,1973.057,5272.964,13265.32,1984.858,5345.876,13126.28,1977.858,5616.062,13029.66,2009.544,5319.638,13094.22,1963.221,5715.521,12955.66,1969.389,5598.423,13222.97,1979.789,5585.68,13132.59,1989.36,5356.374,13454.35,2042.597,5588.543
13181.99,1983.353,5169.533,12991.02,1950.195,5690.713,13466.73,1980.544,5666.583,12981.48,1976.692,5353.964,13168.97,2022.614,5745.204,12975.28,2012.767,5451.956,13189.65,1973.057,5273.169,13265.37,1984.858,5346.077,13126.45,1977.858,5616.187,13029.5,2009.544,5319.5,13094.42,1963.221,5715.599,12955.46,1969.389,5598.452,13223.15,1979.789,5585.789,13132.57,1989.36,5356.581,13454.32,2042.597,5588.748
13182.02,1983.353,5169.74,12990.83,1950.195,5690.79,13466.71,1980.544,5666.791,12981.4,1976.692,5353.772,13169.16,2022.614,5745.289,12975.18,2012.767,5452.14,13189.68,1973.057,5273.376,13265.43,1984.858,5346.276,13126.62,1977.858,5616.306,13029.35,2009.544,5319.358,13094.61,1963.221,5715.677,12955.25,1969.389,5598.488,13223.32,1979.789,5585.904,13132.55,1989.36,5356.788,13454.29,2042.597,5588.954
13182.01,1983.353,5169.948,12990.64,1950.195,5690.873,13466.69,1980.544,5666.998,12981.31,1976.692,5353.583,13169.35,2022.614,5745.373,12975.07,2012.767,5452.321,13189.7,1973.057,5273.583,13265.49,1984.858,5346.477,13126.79,1977.858,5616.431,13029.2,2009.544,5319.211,13094.8,1963.221,5715.755,12955.05,1969.389,5598.53,13223.5,1979.789,5586.022,13132.52,1989.36,5356.994,13454.26,2042.597,5589.161
13182.02,1983.353,5170.157,12990.45,1950.195,5690.961,13466.66,1980.544,5667.205,12981.21,1976.692,5353.397,13169.54,2022.614,5745.457,12974.96,2012.767,5452.499,13189.71,1973.057,5273.792,13265.54,1984.858,5346.679,13126.96,1977.858,5616.551,13029.06,2009.544,5319.061,13095,1963.221,5715.833,12954.85,1969.389,5598.579,13223.66,1979.789,5586.146,13132.48,1989.36,5357.199,13454.25,2042.597,5589.369
13182.03,1983.353,5170.365,12990.26,1950.195,5691.056,13466.64,1980.544,5667.412,12981.12,1976.692,5353.214,13169.73,2022.614,5745.541,12974.85,2012.767,5452.672,13189.72,1973.057,5274,13265.58,1984.858,5346.882,13127.13,1977.858,5616.665,13028.92,2009.544,5318.906,13095.19,1963.221,5715.912,12954.65,1969.389,5598.634,13223.84,1979.789,5586.264,13132.43,1989.36,5357.403,13454.22,2042.597,5589.576
13182.03,1983.353,5170.573,12990.08,1950.195,5691.157,13466.64,1980.544,5667.62,12981.01,1976.692,5353.033,13169.92,2022.614,5745.625,12974.73,2012.767,5452.842,13189.74,1973.057,5274.207,13265.62,1984.858,5347.087,13127.31,1977.858,5616.773,13028.78,2009.544,5318.747,13095.38,1963.221,5715.991,12954.45,1969.389,5598.696,13223.99,1979.789,5586.405,13132.38,1989.36,5357.605,13454.2,2042.597,5589.783
13182.04,1983.353,5170.781,12989.9,1950.195,5691.263,13466.63,1980.544,5667.828,12980.9,1976.692,5352.855,13170.11,2022.614,5745.708,12974.6,2012.767,5453.008,13189.76,1973.057,5274.414,13265.67,1984.858,5347.289,13127.5,1977.858,5616.87,13028.65,2009.544,5318.584,13095.58,1963.221,5716.069,12954.25,1969.389,5598.764,13224.15,1979.789,5586.542,13132.33,1989.36,5357.806,13454.18,2042.597,5589.99
13182.06,1983.353,5170.989,12989.73,1950.195,5691.375,13466.61,1980.544,5668.036,12980.79,1976.692,5352.681,13170.3,2022.614,5745.791,12974.47,2012.767,5453.17,13189.77,1973.057,5274.622,13265.72,1984.858,5347.492,13127.68,1977.858,5616.972,13028.53,2009.544,5318.418,13095.77,1963.221,5716.148,12954.05,1969.389,5598.839,13224.31,1979.789,5586.673,13132.27,1989.36,5358.004,13454.16,2042.597,5590.197
13182.07,1983.353,5171.197,12989.55,1950.195,5691.493,13466.59,1980.544,5668.244,12980.67,1976.692,5352.51,13170.49,2022.614,5745.873,12974.33,2012.767,5453.327,13189.78,1973.057,5274.831,13265.76,1984.858,5347.696,13127.87,1977.858,5617.061,13028.4,2009.544,5318.249,13095.96,1963.221,5716.227,12953.86,1969.389,5598.92,13224.47,1979.789,5586.799,13132.2,1989.36,5358.201,13454.13,2042.597,5590.403
13182.09,1983.353,5171.404,12989.39,1950.195,5691.616,13466.58,1980.544,5668.452,12980.55,1976.692,5352.343,13170.68,2022.614,5745.956,12974.19,2012.767,5453.48,13189.78,1973.057,5275.039,13265.79,1984.858,5347.902,13128.05,1977.858,5617.155,13028.29,2009.544,5318.076,13096.15,1963.221,5716.305,12953.67,1969.389,5599.007,13224.64,1979.789,5586.92,13132.12,1989.36,5358.396,13454.09,2042.597,5590.608
13182.1,1983.353,5171.612,12989.22,1950.195,5691.745,13466.58,1980.544,5668.66,12980.42,1976.692,5352.179,13170.88,2022.614,5746.038,12974.05,2012.767,5453.628,13189.77,1973.057,5275.247,13265.82,1984.858,5348.108,13128.24,1977.858,5617.255,13028.18,2009.544,5317.9,13096.35,1963.221,5716.384,12953.49,1969.389,5599.101,13224.82,1979.789,5587.035,13132.04,1989.36,5358.587,13454.06,2042.597,5590.815
13182.12,1983.353,5171.82,12989.06,1950.195,5691.878,13466.59,1980.544,5668.868,12980.29,1976.692,5352.019,13171.07,2022.614,5746.12,12973.9,2012.767,5453.771,13189.75,1973.057,5275.455,13265.85,1984.858,5348.315,13128.42,1977.858,5617.35,13028.07,2009.544,5317.721,13096.54,1963.221,5716.463,12953.3,1969.389,5599.2,13225,1979.789,5587.144,13131.95,1989.36,5358.776,13454.04,2042.597,5591.022
13182.13,1983.353,5172.028,12988.91,1950.195,5692.017,13466.59,1980.544,5669.076,12980.15,1976.692,5351.862,13171.26,2022.614,5746.201,12973.74,2012.767,5453.91,13189.73,1973.057,5275.662,13265.86,1984.858,5348.522,13128.6,1977.858,5617.452,13027.97,2009.544,5317.539,13096.73,1963.221,5716.542,12953.12,1969.389,5599.306,13225.18,1979.789,5587.247,13131.86,1989.36,5358.963,13454.03,2042.597,5591.23
13182.14,1983.353,5172.236,12988.76,1950.195,5692.161,13466.6,1980.544,5669.285,12980.01,1976.692,5351.71,13171.45,2022.614,5746.283,12973.58,2012.767,5454.044,13189.72,1973.057,5275.87,13265.87,1984.858,5348.73,13128.78,1977.858,5617.569,13027.88,2009.544,5317.354,13096.92,1963.221,5716.622,12952.95,1969.389,5599.417,13225.36,1979.789,5587.344,13131.76,1989.36,5359.146,13454.02,2042.597,5591.438
13182.14,1983.353,5172.445,12988.61,1950.195,5692.309,13466.59,1980.544,5669.493,12979.86,1976.692,5351.562,13171.64,2022.614,5746.364,12973.42,2012.767,5454.173,13189.7,1973.057,5276.077,13265.87,1984.858,5348.939,13128.95,1977.858,5617.68,13027.79,2009.544,5317.166,13097.12,1963.221,5716.701,12952.78,1969.389,5599.534,13225.54,1979.789,5587.447,13131.66,1989.36,5359.326,13454.02,2042.597,5591.646
13182.15,1983.353,5172.652,12988.47,1950.195,5692.462,13466.57,1980.544,5669.701,12979.71,1976.692,5351.417,13171.83,2022.614,5746.445,12973.25,2012.767,5454.298,13189.68,1973.057,5276.284,13265.87,1984.858,5349.147,13129.13,1977.858,5617.795,13027.7,2009.544,5316.975,13097.31,1963.221,5716.78,12952.61,1969.389,5599.657,13225.73,1979.789,5587.527,13131.55,1989.36,5359.503,13454.01,2042.597,5591.854
13182.16,1983.353,5172.86,12988.33,1950.195,5692.619,13466.56,1980.544,5669.909,12979.56,1976.692,5351.278,13172.02,2022.614,5746.526,12973.08,2012.767,5454.417,13189.65,1973.057,5276.49,13265.86,1984.858,5349.355,13129.3,1977.858,5617.904,13027.62,2009.544,5316.783,13097.5,1963.221,5716.859,12952.44,1969.389,5599.785,13225.92,1979.789,5587.614,13131.43,1989.36,5359.676,13453.99,2042.597,5592.063
13182.17,1983.353,5173.069,12988.2,1950.195,5692.781,13466.54,1980.544,5670.116,12979.4,1976.692,5351.143,13172.22,2022.614,5746.607,12972.91,2012.767,5454.532,13189.61,1973.057,5276.695,13265.84,1984.858,5349.563,13129.48,1977.858,5618.007,13027.55,2009.544,5316.588,13097.69,1963.221,5716.939,12952.28,1969.389,5599.918,13226.11,1979.789,5587.707,13131.31,1989.36,5359.846,13453.98,2042.597,5592.271
13182.16,1983.353,5173.277,12988.07,1950.195,5692.947,13466.51,1980.544,5670.323,12979.24,1976.692,5351.012,13172.41,2022.614,5746.688,12972.73,2012.767,5454.641,13189.57,1973.057,5276.899,13265.83,1984.858,5349.771,13129.67,1977.858,5618.104,13027.48,2009.544,5316.391,13097.88,1963.221,5717.019,12952.13,1969.389,5600.057,13226.29,1979.789,5587.805,13131.18,1989.36,5360.012,13453.98,2042.597,5592.479
13182.15,1983.353,5173.485,12987.95,1950.195,5693.117,13466.49,1980.544,5670.53,12979.07,1976.692,5350.886,13172.6,2022.614,5746.768,12972.55,2012.767,5454.744,13189.52,1973.057,5277.102,13265.81,1984.858,5349.978,13129.86,1977.858,5618.195,13027.42,2009.544,5316.192,13098.08,1963.221,5717.098,12951.98,1969.389,5600.2,13226.48,1979.789,5587.898,13131.05,1989.36,5360.173,13453.97,2042.597,5592.687
13182.13,1983.353,5173.693,12987.84,1950.195,5693.291,13466.48,1980.544,5670.738,12978.9,1976.692,5350.764,13172.79,2022.614,5746.848,12972.36,2012.767,5454.842,13189.46,1973.057,5277.303,13265.78,1984.858,5350.184,13130.04,1977.858,5618.297,13027.36,2009.544,5315.992,13098.27,1963.221,5717.178,12951.83,1969.389,5600.349,13226.67,1979.789,5587.984,13130.92,1989.36,5360.331,13453.95,2042.597,5592.894
13182.11,1983.353,5173.9,12987.73,1950.195,5693.468,13466.46,1980.544,5670.946,12978.73,1976.692,5350.647,13172.99,2022.614,5746.928,12972.18,2012.767,5454.935,13189.4,1973.057,5277.501,13265.74,1984.858,5350.389,13130.22,1977.858,5618.393,13027.31,2009.544,5315.791,13098.46,1963.221,5717.258,12951.69,1969.389,5600.501,13226.86,1979.789,5588.077,13130.78,1989.36,5360.484,13453.94,2042.597,5593.102
13182.08,1983.353,5174.106,12987.63,1950.195,5693.648,13466.44,1980.544,5671.154,12978.55,1976.692,5350.536,13173.18,2022.614,5747.008,12971.99,2012.767,5455.021,13189.36,1973.057,5277.705,13265.7,1984.858,5350.593,13130.41,1977.858,5618.482,13027.26,2009.544,5315.587,13098.65,1963.221,5717.338,12951.55,1969.389,5600.659,13227.04,1979.789,5588.176,13130.63,1989.36,5360.633,13453.92,2042.597,5593.31
13182.04,1983.353,5174.311,12987.53,1950.195,5693.833,13466.42,1980.544,5671.361,12978.37,1976.692,5350.429,13173.37,2022.614,5747.088,12971.8,2012.767,5455.103,13189.3,1973.057,5277.906,13265.65,1984.858,5350.796,13130.6,1977.858,5618.566,13027.22,2009.544,5315.383,13098.85,1963.221,5717.418,12951.42,1969.389,5600.821,13227.23,1979.789,5588.269,13130.48,1989.36,5360.778,13453.9,2042.597,5593.517
13182.01,1983.353,5174.517,12987.44,1950.195,5694.02,13466.42,1980.544,5671.57,12978.19,1976.692,5350.328,13173.56,2022.614,5747.168,12971.6,2012.767,5455.178,13189.25,1973.057,5278.106,13265.61,1984.858,5351,13130.79,1977.858,5618.656,13027.19,2009.544,5315.177,13099.04,1963.221,5717.499,12951.29,1969.389,5600.987,13227.42,1979.789,5588.355,13130.33,1989.36,5360.918,13453.85,2042.597,5593.719
13181.98,1983.353,5174.723,12987.35,1950.195,5694.209,13466.41,1980.544,5671.778,12978.01,1976.692,5350.231,13173.76,2022.614,5747.248,12971.41,2012.767,5455.247,13189.18,1973.057,5278.304,13265.56,1984.858,5351.203,13130.98,1977.858,5618.739,13027.16,2009.544,5314.971,13099.23,1963.221,5717.58,12951.17,1969.389,5601.158,13227.6,1979.789,5588.448,13130.17,1989.36,5361.053,13453.81,2042.597,5593.923
13181.95,1983.353,5174.929,12987.27,1950.195,5694.402,13466.39,1980.544,5671.985,12977.82,1976.692,5350.14,13173.95,2022.614,5747.327,12971.21,2012.767,5455.31,13189.11,1973.057,5278.5,13265.5,1984.858,5351.403,13131.18,1977.858,5618.808,13027.14,2009.544,5314.764,13099.42,1963.221,5717.66,12951.06,1969.389,5601.332,13227.79,1979.789,5588.537,13130.01,1989.36,5361.184,13453.77,2042.597,5594.128
13181.91,1983.353,5175.133,12987.2,1950.195,5694.598,13466.37,1980.544,5672.192,12977.63,1976.692,5350.054,13174.14,2022.614,5747.407,12971.01,2012.767,5455.366,13189.03,1973.057,5278.693,13265.44,1984.858,5351.602,13131.37,1977.858,5618.882,13027.12,2009.544,5314.556,13099.62,1963.221,5717.741,12950.95,1969.389,5601.509,13227.98,1979.789,5588.619,13129.84,1989.36,5361.31,13453.74,2042.597,5594.333
13181.87,1983.353,5175.336,12987.13,1950.195,5694.795,13466.37,1980.544,5672.401,12977.44,1976.692,5349.974,13174.33,2022.614,5747.486,12970.8,2012.767,5455.417,13188.95,1973.057,5278.883,13265.37,1984.858,5351.799,13131.57,1977.858,5618.939,13027.11,2009.544,5314.348,13099.81,1963.221,5717.822,12950.85,1969.389,5601.69,13228.17,1979.789,5588.696,13129.67,1989.36,5361.431,13453.71,2042.597,5594.54
13181.81,1983.353,5175.538,12987.07,1950.195,5694.994,13466.36,1980.544,5672.609,12977.24,1976.692,5349.898,13174.53,2022.614,5747.565,12970.6,2012.767,5455.461,13188.86,1973.057,5279.072,13265.29,1984.858,5351.993,13131.77,1977.858,5619.002,13027.1,2009.544,5314.14,13100,1963.221,5717.903,12950.75,1969.389,5601.875,13228.37,1979.789,5588.768,13129.5,1989.36,5361.546,13453.69,2042.597,5594.748
13181.76,1983.353,5175.739,12987.02,1950.195,5695.195,13466.34,1980.544,5672.816,12977.05,1976.692,5349.829,13174.72,2022.614,5747.644,12970.4,2012.767,5455.5,13188.77,1973.057,5279.263,13265.21,1984.858,5352.185,13131.97,1977.858,5619.071,13027.1,2009.544,5313.932,13100.19,1963.221,5717.985,12950.66,1969.389,5602.063,13228.56,1979.789,5588.86,13129.32,1989.36,5361.657,13453.68,2042.597,5594.956
13181.7,1983.353,5175.938,12986.97,1950.195,5695.398,13466.3,1980.544,5673.02,12976.85,1976.692,5349.764,13174.91,2022.614,5747.723,12970.19,2012.767,5455.531,13188.69,1973.057,5279.453,13265.13,1984.858,5352.374,13132.16,1977.858,5619.147,13027.11,2009.544,5313.724,13100.38,1963.221,5718.066,12950.58,1969.389,5602.253,13228.74,1979.789,5588.962,13129.14,1989.36,5361.763,13453.68,2042.597,5595.164
13181.63,1983.353,5176.135,12986.93,1950.195,5695.603,13466.26,1980.544,5673.224,12976.65,1976.692,5349.705,13175.1,2022.614,5747.802,12969.98,2012.767,5455.557,13188.6,1973.057,5279.641,13265.04,1984.858,5352.563,13132.36,1977.858,5619.208,13027.12,2009.544,5313.516,13100.57,1963.221,5718.148,12950.5,1969.389,5602.446,13228.92,1979.789,5589.058,13128.96,1989.36,5361.864,13453.67,2042.597,5595.372
13181.56,1983.353,5176.33,12986.9,1950.195,5695.808,13466.22,1980.544,5673.43,12976.45,1976.692,5349.651,13175.29,2022.614,5747.881,12969.78,2012.767,5455.576,13188.51,1973.057,5279.827,13264.95,1984.858,5352.75,13132.56,1977.858,5619.275,13027.14,2009.544,5313.308,13100.76,1963.221,5718.23,12950.43,1969.389,5602.641,13229.11,1979.789,5589.147,13128.78,1989.36,5361.961,13453.66,2042.597,5595.58
13181.48,1983.353,5176.522,12986.87,1950.195,5696.015,13466.2,1980.544,5673.636,12976.24,1976.692,5349.603,13175.49,2022.614,5747.959,12969.57,2012.767,5455.588,13188.41,1973.057,5280.011,13264.86,1984.858,5352.939,13132.76,1977.858,5619.33,13027.16,2009.544,5313.101,13100.96,1963.221,5718.313,12950.36,1969.389,5602.839,13229.3,1979.789,5589.231,13128.59,1989.36,5362.053,13453.66,2042.597,5595.789
13181.39,1983.353,5176.714,12986.85,1950.195,5696.222,13466.18,1980.544,5673.844,12976.04,1976.692,5349.561,13175.68,2022.614,5748.038,12969.36,2012.767,5455.595,13188.31,1973.057,5280.196,13264.77,1984.858,5353.126,13132.96,1977.858,5619.391,13027.19,2009.544,5312.895,13101.15,1963.221,5718.395,12950.3,1969.389,5603.039,13229.49,1979.789,5589.31,13128.4,1989.36,5362.14,13453.66,2042.597,5595.997
13181.3,1983.353,5176.902,12986.83,1950.195,5696.43,13466.15,1980.544,5674.05,12975.83,1976.692,5349.523,13175.87,2022.614,5748.117,12969.15,2012.767,5455.594,13188.21,1973.057,5280.378,13264.67,1984.858,5353.31,13133.15,1977.858,5619.458,13027.22,2009.544,5312.689,13101.34,1963.221,5718.478,12950.25,1969.389,5603.24,13229.69,1979.789,5589.383,13128.21,1989.36,5362.225,13453.65,2042.597,5596.205
13181.21,1983.353,5177.088,12986.83,1950.195,5696.638,13466.13,1980.544,5674.257,12975.63,1976.692,5349.492,13176.06,2022.614,5748.195,12968.94,2012.767,5455.587,13188.1,1973.057,5280.557,13264.56,1984.858,5353.49,13133.35,1977.858,5619.533,13027.26,2009.544,5312.484,13101.53,1963.221,5718.561,12950.2,1969.389,5603.443,13229.89,1979.789,5589.433,13128.02,1989.36,5362.306,13453.64,2042.597,5596.413
13181.11,1983.353,5177.27,12986.83,1950.195,5696.847,13466.11,1980.544,5674.464,12975.42,1976.692,5349.465,13176.26,2022.614,5748.274,12968.74,2012.767,5455.574,13187.99,1973.057,5280.731,13264.49,1984.858,5353.684,13133.55,1977.858,5619.6,13027.31,2009.544,5312.281,13101.72,1963.221,5718.644,12950.16,1969.389,5603.648,13230.09,1979.789,5589.481,13127.82,1989.36,5362.385,13453.62,2042.597,5596.621
13181,1983.353,5177.449,12986.83,1950.195,5697.055,13466.11,1980.544,5674.673,12975.21,1976.692,5349.444,13176.45,2022.614,5748.353,12968.53,2012.767,5455.555,13187.87,1973.057,5280.903,13264.41,1984.858,5353.875,13133.73,1977.858,5619.693,13027.36,2009.544,5312.079,13101.91,1963.221,5718.728,12950.13,1969.389,5603.854,13230.29,1979.789,5589.537,13127.63,1989.36,5362.46,13453.61,2042.597,5596.829
13180.91,1983.353,5177.637,12986.85,1950.195,5697.263,13466.1,1980.544,5674.881,12975.01,1976.692,5349.429,13176.64,2022.614,5748.431,12968.32,2012.767,5455.529,13187.75,1973.057,5281.07,13264.32,1984.858,5354.064,13133.92,1977.858,5619.781,13027.41,2009.544,5311.878,13102.1,1963.221,5718.812,12950.11,1969.389,5604.06,13230.49,1979.789,5589.599,13127.43,1989.36,5362.532,13453.6,2042.597,5597.037
13180.82,1983.353,5177.822,12986.87,1950.195,5697.47,13466.09,1980.544,5675.089,12974.8,1976.692,5349.418,13176.84,2022.614,5748.509,12968.12,2012.767,5455.497,13187.62,1973.057,5281.233,13264.22,1984.858,5354.251,13134.11,1977.858,5619.862,13027.47,2009.544,5311.679,13102.29,1963.221,5718.896,12950.09,1969.389,5604.268,13230.69,1979.789,5589.667,13127.24,1989.36,5362.6,13453.59,2042.597,5597.245
13180.71,1983.353,5178.003,12986.89,1950.195,5697.677,13466.07,1980.544,5675.297,12974.59,1976.692,5349.414,13177.03,2022.614,5748.587,12967.91,2012.767,5455.458,13187.48,1973.057,5281.392,13264.13,1984.858,5354.435,13134.31,1977.858,5619.937,13027.54,2009.544,5311.481,13102.48,1963.221,5718.98,12950.08,1969.389,5604.476,13230.89,1979.789,5589.742,13127.04,1989.36,5362.665,13453.57,2042.597,5597.452
13180.61,1983.353,5178.182,12986.93,1950.195,5697.882,13466.05,1980.544,5675.504,12974.38,1976.692,5349.414,13177.22,2022.614,5748.665,12967.71,2012.767,5455.413,13187.34,1973.057,5281.546,13264.02,1984.858,5354.615,13134.5,1977.858,5620.018,13027.61,2009.544,5311.285,13102.67,1963.221,5719.065,12950.07,1969.389,5604.684,13231.09,1979.789,5589.796,13126.84,1989.36,5362.726,13453.57,2042.597,5597.661
13180.49,1983.353,5178.356,12986.97,1950.195,5698.087,13466.01,1980.544,5675.708,12974.17,1976.692,5349.419,13177.42,2022.614,5748.743,12967.51,2012.767,5455.362,13187.2,1973.057,5281.7,13263.91,1984.858,5354.792,13134.7,1977.858,5620.092,13027.68,2009.544,5311.09,13102.86,1963.221,5719.15,12950.07,1969.389,5604.893,13231.29,1979.789,5589.858,13126.64,1989.36,5362.783,13453.57,2042.597,5597.869
13180.37,1983.353,5178.527,12987.01,1950.195,5698.29,13465.98,1980.544,5675.915,12973.97,1976.692,5349.43,13177.61,2022.614,5748.821,12967.31,2012.767,5455.304,13187.06,1973.057,5281.849,13263.79,1984.858,5354.964,13134.89,1977.858,5620.161,13027.76,2009.544,5310.898,13103.05,1963.221,5719.235,12950.08,1969.389,5605.101,13231.48,1979.789,5589.926,13126.44,1989.36,5362.842,13453.55,2042.597,5598.077
13180.25,1983.353,5178.693,12987.07,1950.195,5698.492,13465.95,1980.544,5676.121,12973.76,1976.692,5349.446,13177.8,2022.614,5748.899,12967.11,2012.767,5455.241,13186.93,1973.057,5282.015,13263.67,1984.858,5355.133,13135.09,1977.858,5620.235,13027.85,2009.544,5310.708,13103.24,1963.221,5719.321,12950.1,1969.389,5605.309,13231.68,1979.789,5590,13126.24,1989.36,5362.897,13453.54,2042.597,5598.285
13180.12,1983.353,5178.859,12987.13,1950.195,5698.691,13465.92,1980.544,5676.328,12973.55,1976.692,5349.466,13178,2022.614,5748.978,12966.91,2012.767,5455.171,13186.8,1973.057,5282.176,13263.55,1984.858,5355.298,13135.29,1977.858,5620.282,13027.94,2009.544,5310.519,13103.43,1963.221,5719.408,12950.12,1969.389,5605.516,13231.87,1979.789,5590.081,13126.04,1989.36,5362.951,13453.53,2042.597,5598.493
13179.99,1983.353,5179.021,12987.19,1950.195,5698.889,13465.89,1980.544,5676.534,12973.34,1976.692,5349.492,13178.19,2022.614,5749.055,12966.72,2012.767,5455.095,13186.66,1973.057,5282.333,13263.41,1984.858,5355.459,13135.49,1977.858,5620.334,13028.03,2009.544,5310.333,13103.62,1963.221,5719.495,12950.15,1969.389,5605.722,13232.06,1979.789,5590.16,13125.84,1989.36,5363.004,13453.5,2042.597,5598.7
13179.85,1983.353,5179.179,12987.26,1950.195,5699.084,13465.86,1980.544,5676.74,12973.14,1976.692,5349.521,13178.38,2022.614,5749.133,12966.53,2012.767,5455.014,13186.52,1973.057,5282.484,13263.28,1984.858,5355.615,13135.69,1977.858,5620.394,13028.13,2009.544,5310.148,13103.81,1963.221,5719.582,12950.18,1969.389,5605.927,13232.26,1979.789,5590.236,13125.64,1989.36,5363.06,13453.47,2042.597,5598.906
13179.71,1983.353,5179.332,12987.34,1950.195,5699.277,13465.83,1980.544,5676.946,12972.93,1976.692,5349.556,13178.58,2022.614,5749.21,12966.34,2012.767,5454.926,13186.37,1973.057,5282.632,13263.13,1984.858,5355.767,13135.89,1977.858,5620.453,13028.23,2009.544,5309.966,13104,1963.221,5719.669,12950.22,1969.389,5606.131,13232.45,1979.789,5590.305,13125.44,1989.36,5363.113,13453.44,2042.597,5599.111
13179.56,1983.353,5179.478,12987.43,1950.195,5699.468,13465.79,1980.544,5677.15,12972.73,1976.692,5349.595,13178.77,2022.614,5749.288,12966.15,2012.767,5454.833,13186.22,1973.057,5282.774,13263.01,1984.858,5355.936,13136.09,1977.858,5620.498,13028.33,2009.544,5309.787,13104.19,1963.221,5719.757,12950.27,1969.389,5606.334,13232.65,1979.789,5590.368,13125.23,1989.36,5363.162,13453.4,2042.597,5599.316
13179.42,1983.353,5179.629,12987.52,1950.195,5699.655,13465.76,1980.544,5677.356,12972.53,1976.692,5349.639,13178.96,2022.614,5749.366,12965.97,2012.767,5454.734,13186.06,1973.057,5282.912,13262.88,1984.858,5356.1,13136.3,1977.858,5620.55,13028.44,2009.544,5309.609,13104.38,1963.221,5719.845,12950.33,1969.389,5606.535,13232.85,1979.789,5590.425,13125.03,1989.36,5363.209,13453.35,2042.597,5599.519
13179.28,1983.353,5179.783,12987.62,1950.195,5699.84,13465.72,1980.544,5677.562,12972.32,1976.692,5349.687,13179.16,2022.614,5749.443,12965.79,2012.767,5454.63,13185.9,1973.057,5283.044,13262.75,1984.858,5356.26,13136.5,1977.858,5620.608,13028.55,2009.544,5309.434,13104.56,1963.221,5719.934,12950.39,1969.389,5606.733,13233.05,1979.789,5590.481,13124.83,1989.36,5363.252,13453.29,2042.597,5599.719
13179.14,1983.353,5179.933,12987.72,1950.195,5700.021,13465.68,1980.544,5677.766,12972.12,1976.692,5349.738,13179.35,2022.614,5749.521,12965.61,2012.767,5454.52,13185.75,1973.057,5283.188,13262.61,1984.858,5356.416,13136.7,1977.858,5620.651,13028.67,2009.544,5309.261,13104.75,1963.221,5720.024,12950.46,1969.389,5606.93,13233.25,1979.789,5590.544,13124.62,1989.36,5363.292,13453.24,2042.597,5599.92
13178.98,1983.353,5180.071,12987.83,1950.195,5700.199,13465.63,1980.544,5677.968,12971.92,1976.692,5349.794,13179.54,2022.614,5749.599,12965.43,2012.767,5454.405,13185.59,1973.057,5283.326,13262.48,1984.858,5356.575,13136.9,1977.858,5620.701,13028.79,2009.544,5309.09,13104.94,1963.221,5720.114,12950.53,1969.389,5607.125,13233.45,1979.789,5590.601,13124.42,1989.36,5363.331,13453.18,2042.597,5600.12
13178.83,1983.353,5180.214,12987.94,1950.195,5700.373,13465.58,1980.544,5678.169,12971.72,1976.692,5349.854,13179.74,2022.614,5749.676,12965.26,2012.767,5454.285,13185.43,1973.057,5283.459,13262.34,1984.858,5356.73,13137.1,1977.858,5620.757,13028.91,2009.544,5308.922,13105.13,1963.221,5720.205,12950.61,1969.389,5607.316,13233.65,1979.789,5590.674,13124.21,1989.36,5363.368,13453.15,2042.597,5600.326
13178.69,1983.353,5180.37,12988.06,1950.195,5700.543,13465.53,1980.544,5678.372,12971.52,1976.692,5349.917,13179.93,2022.614,5749.754,12965.1,2012.767,5454.159,13185.27,1973.057,5283.587,13262.2,1984.858,5356.886,13137.3,1977.858,5620.82,13029.04,2009.544,5308.756,13105.31,1963.221,5720.296,12950.7,1969.389,5607.505,13233.83,1979.789,5590.762,13124.01,1989.36,5363.403,13453.11,2042.597,5600.531
13178.55,1983.353,5180.521,12988.19,1950.195,5700.71,13465.5,1980.544,5678.578,12971.33,1976.692,5349.984,13180.13,2022.614,5749.832,12964.94,2012.767,5454.029,13185.12,1973.057,5283.735,13262.06,1984.858,5357.044,13137.5,1977.858,5620.89,13029.17,2009.544,5308.592,13105.5,1963.221,5720.388,12950.79,1969.389,5607.691,13234.03,1979.789,5590.844,13123.8,1989.36,5363.443,13453.06,2042.597,5600.734
13178.4,1983.353,5180.667,12988.32,1950.195,5700.872,13465.46,1980.544,5678.783,12971.13,1976.692,5350.055,13180.32,2022.614,5749.909,12964.78,2012.767,5453.894,13184.97,1973.057,5283.878,13261.92,1984.858,5357.199,13137.7,1977.858,5620.945,13029.3,2009.544,5308.43,13105.69,1963.221,5720.481,12950.89,1969.389,5607.875,13234.22,1979.789,5590.929,13123.6,1989.36,5363.482,13453.01,2042.597,5600.937
13178.25,1983.353,5180.817,12988.45,1950.195,5701.03,13465.42,1980.544,5678.987,12970.93,1976.692,5350.128,13180.51,2022.614,5749.986,12964.62,2012.767,5453.754,13184.82,1973.057,5284.016,13261.8,1984.858,5357.364,13137.9,1977.858,5621.006,13029.43,2009.544,5308.271,13105.87,1963.221,5720.574,12951,1969.389,5608.054,13234.41,1979.789,5591.007,13123.4,1989.36,5363.524,13452.96,2042.597,5601.138
13178.11,1983.353,5180.969,12988.59,1950.195,5701.184,13465.37,1980.544,5679.19,12970.74,1976.692,5350.205,13180.71,2022.614,5750.063,12964.47,2012.767,5453.609,13184.66,1973.057,5284.149,13261.66,1984.858,5357.525,13138.1,1977.858,5621.058,13029.57,2009.544,5308.113,13106.06,1963.221,5720.668,12951.11,1969.389,5608.23,13234.6,1979.789,5591.079,13123.19,1989.36,5363.562,13452.91,2042.597,5601.34
13177.97,1983.353,5181.118,12988.74,1950.195,5701.333,13465.32,1980.544,5679.391,12970.55,1976.692,5350.285,13180.9,2022.614,5750.14,12964.33,2012.767,5453.46,13184.49,1973.057,5284.276,13261.53,1984.858,5357.682,13138.3,1977.858,5621.117,13029.71,2009.544,5307.958,13106.24,1963.221,5720.763,12951.23,1969.389,5608.403,13234.79,1979.789,5591.166,13122.99,1989.36,5363.597,13452.86,2042.597,5601.544
13177.82,1983.353,5181.262,12988.89,1950.195,5701.477,13465.27,1980.544,5679.593,12970.36,1976.692,5350.367,13181.09,2022.614,5750.217,12964.19,2012.767,5453.307,13184.32,1973.057,5284.398,13261.38,1984.858,5357.833,13138.5,1977.858,5621.182,13029.85,2009.544,5307.805,13106.43,1963.221,5720.859,12951.35,1969.389,5608.571,13234.99,1979.789,5591.246,13122.78,1989.36,5363.629,13452.81,2042.597,5601.747
13177.66,1983.353,5181.401,12989.04,1950.195,5701.616,13465.24,1980.544,5679.799,12970.17,1976.692,5350.453,13181.29,2022.614,5750.294,12964.05,2012.767,5453.15,13184.15,1973.057,5284.517,13261.24,1984.858,5357.98,13138.69,1977.858,5621.253,13029.99,2009.544,5307.653,13106.61,1963.221,5720.956,12951.48,1969.389,5608.736,13235.18,1979.789,5591.32,13122.57,1989.36,5363.657,13452.76,2042.597,5601.948
13177.5,1983.353,5181.541,12989.2,1950.195,5701.75,13465.2,1980.544,5680.003,12969.98,1976.692,5350.541,13181.48,2022.614,5750.372,12963.92,2012.767,5452.989,13183.98,1973.057,5284.63,13261.08,1984.858,5358.123,13138.89,1977.858,5621.331,13030.14,2009.544,5307.504,13106.8,1963.221,5721.053,12951.61,1969.389,5608.896,13235.37,1979.789,5591.401,13122.37,1989.36,5363.682,13452.71,2042.597,5602.15
13177.35,1983.353,5181.675,12989.37,1950.195,5701.879,13465.15,1980.544,5680.207,12969.79,1976.692,5350.631,13181.67,2022.614,5750.449,12963.79,2012.767,5452.824,13183.81,1973.057,5284.762,13260.93,1984.858,5358.26,13139.08,1977.858,5621.415,13030.28,2009.544,5307.356,13106.98,1963.221,5721.151,12951.75,1969.389,5609.052,13235.56,1979.789,5591.488,13122.16,1989.36,5363.703,13452.69,2042.597,5602.357
13177.18,1983.353,5181.805,12989.53,1950.195,5702.003,13465.11,1980.544,5680.411,12969.6,1976.692,5350.723,13181.87,2022.614,5750.526,12963.67,2012.767,5452.655,13183.65,1973.057,5284.889,13260.77,1984.858,5358.392,13139.26,1977.858,5621.505,13030.43,2009.544,5307.21,13107.16,1963.221,5721.25,12951.9,1969.389,5609.203,13235.75,1979.789,5591.568,13121.95,1989.36,5363.725,13452.67,2042.597,5602.564
13177.03,1983.353,5181.945,12989.7,1950.195,5702.123,13465.06,1980.544,5680.615,12969.42,1976.692,5350.817,13182.06,2022.614,5750.603,12963.55,2012.767,5452.483,13183.48,1973.057,5285.01,13260.6,1984.858,5358.518,13139.43,1977.858,5621.625,13030.58,2009.544,5307.065,13107.35,1963.221,5721.35,12952.04,1969.389,5609.349,13235.94,1979.789,5591.655,13121.75,1989.36,5363.744,13452.65,2042.597,5602.771
13176.88,1983.353,5182.092,12989.88,1950.195,5702.236,13465.02,1980.544,5680.819,12969.23,1976.692,5350.914,13182.25,2022.614,5750.68,12963.44,2012.767,5452.308,13183.3,1973.057,5285.125,13260.43,1984.858,5358.639,13139.61,1977.858,5621.744,13030.73,2009.544,5306.923,13107.53,1963.221,5721.451,12952.2,1969.389,5609.49,13236.13,1979.789,5591.747,13121.54,1989.36,5363.76,13452.62,2042.597,5602.979
13176.73,1983.353,5182.234,12990.06,1950.195,5702.345,13464.99,1980.544,5681.025,12969.05,1976.692,5351.012,13182.45,2022.614,5750.757,12963.32,2012.767,5452.137,13183.13,1973.057,5285.234,13260.26,1984.858,5358.755,13139.78,1977.858,5621.857,13030.89,2009.544,5306.782,13107.71,1963.221,5721.554,12952.35,1969.389,5609.626,13236.31,1979.789,5591.846,13121.33,1989.36,5363.779,13452.59,2042.597,5603.185
13176.57,1983.353,5182.371,12990.24,1950.195,5702.448,13464.95,1980.544,5681.23,12968.87,1976.692,5351.112,13182.64,2022.614,5750.833,12963.2,2012.767,5451.969,13182.95,1973.057,5285.343,13260.08,1984.858,5358.865,13139.96,1977.858,5621.968,13031.04,2009.544,5306.642,13107.89,1963.221,5721.657,12952.52,1969.389,5609.757,13236.5,1979.789,5591.95,13121.12,1989.36,5363.793,13452.57,2042.597,5603.392
13176.41,1983.353,5182.503,12990.42,1950.195,5702.557,13464.92,1980.544,5681.436,12968.69,1976.692,5351.213,13182.83,2022.614,5750.91,12963.07,2012.767,5451.806,13182.77,1973.057,5285.449,13259.9,1984.858,5358.97,13140.12,1977.858,5622.094,13031.2,2009.544,5306.503,13108.07,1963.221,5721.762,12952.68,1969.389,5609.886,13236.68,1979.789,5592.048,13120.92,1989.36,5363.813,13452.55,2042.597,5603.599
13176.25,1983.353,5182.629,12990.59,1950.195,5702.663,13464.9,1980.544,5681.643,12968.51,1976.692,5351.316,13183.03,2022.614,5750.987,12962.93,2012.767,5451.647,13182.59,1973.057,5285.549,13259.72,1984.858,5359.081,13140.29,1977.858,5622.213,13031.35,2009.544,5306.366,13108.25,1963.221,5721.868,12952.85,1969.389,5610.009,13236.86,1979.789,5592.153,13120.71,1989.36,5363.827,13452.52,2042.597,5603.805
13176.08,1983.353,5182.75,12990.78,1950.195,5702.764,13464.87,1980.544,5681.849,12968.33,1976.692,5351.421,13183.22,2022.614,5751.063,12962.79,2012.767,5451.493,13182.4,1973.057,5285.648,13259.56,1984.858,5359.206,13140.46,1977.858,5622.343,13031.51,2009.544,5306.229,13108.43,1963.221,5721.975,12953.01,1969.389,5610.141,13237.04,1979.789,5592.25,13120.5,1989.36,5363.837,13452.46,2042.597,5604.005
13175.9,1983.353,5182.866,12990.95,1950.195,5702.875,13464.83,1980.544,5682.054,12968.15,1976.692,5351.527,13183.41,2022.614,5751.14,12962.65,2012.767,5451.343,13182.22,1973.057,5285.742,13259.39,1984.858,5359.325,13140.62,1977.858,5622.467,13031.67,2009.544,5306.094,13108.61,1963.221,5722.083,12953.17,1969.389,5610.267,13237.22,1979.789,5592.354,13120.29,1989.36,5363.84,13452.41,2042.597,5604.207
13175.73,1983.353,5182.976,12991.13,1950.195,5702.981,13464.8,1980.544,5682.26,12967.97,1976.692,5351.634,13183.61,2022.614,5751.217,12962.5,2012.767,5451.198,13182.03,1973.057,5285.829,13259.21,1984.858,5359.439,13140.79,1977.858,5622.585,13031.83,2009.544,5305.96,13108.78,1963.221,5722.193,12953.34,1969.389,5610.388,13237.41,1979.789,5592.458,13120.08,1989.36,5363.836,13452.35,2042.597,5604.405
13175.54,1983.353,5183.08,12991.31,1950.195,5703.082,13464.76,1980.544,5682.465,12967.79,1976.692,5351.742,13183.8,2022.614,5751.293,12962.35,2012.767,5451.058,13181.84,1973.057,5285.918,13259.03,1984.858,5359.547,13140.97,1977.858,5622.698,13031.99,2009.544,5305.827,13108.96,1963.221,5722.304,12953.51,1969.389,5610.517,13237.58,1979.789,5592.565,13119.88,1989.36,5363.825,13452.29,2042.597,5604.606
13175.36,1983.353,5183.178,12991.5,1950.195,5703.177,13464.72,1980.544,5682.668,12967.61,1976.692,5351.851,13183.99,2022.614,5751.37,12962.19,2012.767,5450.923,13181.65,1973.057,5286.002,13258.86,1984.858,5359.664,13141.13,1977.858,5622.833,13032.15,2009.544,5305.694,13109.13,1963.221,5722.416,12953.68,1969.389,5610.641,13237.76,1979.789,5592.679,13119.67,1989.36,5363.808,13452.23,2042.597,5604.804
13175.17,1983.353,5183.271,12991.69,1950.195,5703.267,13464.66,1980.544,5682.87,12967.44,1976.692,5351.96,13184.19,2022.614,5751.446,12962.02,2012.767,5450.793,13181.46,1973.057,5286.094,13258.69,1984.858,5359.775,13141.29,1977.858,5622.961,13032.31,2009.544,5305.563,13109.31,1963.221,5722.53,12953.85,1969.389,5610.759,13237.93,1979.789,5592.798,13119.46,1989.36,5363.784,13452.17,2042.597,5605.003
13174.99,1983.353,5183.357,12991.88,1950.195,5703.353,13464.62,1980.544,5683.073,12967.26,1976.692,5352.071,13184.38,2022.614,5751.522,12961.86,2012.767,5450.668,13181.28,1973.057,5286.188,13258.51,1984.858,5359.881,13141.46,1977.858,5623.085,13032.47,2009.544,5305.433,13109.48,1963.221,5722.646,12954.02,1969.389,5610.871,13238.11,1979.789,5592.903,13119.25,1989.36,5363.753,13452.11,2042.597,5605.205
13174.8,1983.353,5183.45,12992.06,1950.195,5703.448,13464.58,1980.544,5683.278,12967.08,1976.692,5352.183,13184.57,2022.614,5751.599,12961.69,2012.767,5450.55,13181.09,1973.057,5286.277,13258.32,1984.858,5359.98,13141.63,1977.858,5623.203,13032.63,2009.544,5305.303,13109.65,1963.221,5722.763,12954.2,1969.389,5610.978,13238.29,1979.789,5593.015,13119.05,1989.36,5363.716,13452.07,2042.597,5605.407
13174.61,1983.353,5183.542,12992.25,1950.195,5703.548,13464.55,1980.544,5683.483,12966.91,1976.692,5352.295,13184.77,2022.614,5751.675,12961.51,2012.767,5450.437,13180.9,1973.057,5286.359,13258.14,1984.858,5360.08,13141.8,1977.858,5623.322,13032.8,2009.544,5305.173,13109.82,1963.221,5722.881,12954.39,1969.389,5611.078,13238.47,1979.789,5593.101,13118.85,1989.36,5363.671,13452.01,2042.597,5605.608
13174.43,1983.353,5183.638,12992.43,1950.195,5703.646,13464.51,1980.544,5683.688,12966.73,1976.692,5352.409,13184.96,2022.614,5751.751,12961.33,2012.767,5450.329,13180.7,1973.057,5286.435,13257.96,1984.858,5360.19,13141.98,1977.858,5623.435,13032.96,2009.544,5305.045,13109.99,1963.221,5723.002,12954.57,1969.389,5611.173,13238.66,1979.789,5593.194,13118.64,1989.36,5363.621,13451.96,2042.597,5605.81
13174.24,1983.353,5183.728,12992.62,1950.195,5703.739,13464.48,1980.544,5683.894,12966.56,1976.692,5352.522,13185.15,2022.614,5751.827,12961.15,2012.767,5450.228,13180.51,1973.057,5286.504,13257.78,1984.858,5360.294,13142.16,1977.858,5623.542,13033.13,2009.544,5304.917,13110.16,1963.221,5723.124,12954.75,1969.389,5611.273,13238.84,1979.789,5593.292,13118.44,1989.36,5363.563,13451.92,2042.597,5606.014
13174.05,1983.353,5183.812,12992.8,1950.195,5703.826,13464.44,1980.544,5684.099,12966.39,1976.692,5352.637,13185.35,2022.614,5751.903,12960.96,2012.767,5450.132,13180.31,1973.057,5286.576,13257.6,1984.858,5360.393,13142.35,1977.858,5623.621,13033.29,2009.544,5304.79,13110.33,1963.221,5723.248,12954.94,1969.389,5611.368,13239.02,1979.789,5593.397,13118.25,1989.36,5363.499,13451.86,2042.597,5606.215
13173.87,1983.353,5183.912,12992.99,1950.195,5703.92,13464.4,1980.544,5684.303,12966.21,1976.692,5352.752,13185.54,2022.614,5751.979,12960.78,2012.767,5450.043,13180.12,1973.057,5286.642,13257.41,1984.858,5360.486,13142.54,1977.858,5623.707,13033.46,2009.544,5304.663,13110.49,1963.221,5723.374,12955.13,1969.389,5611.458,13239.21,1979.789,5593.496,13118.05,1989.36,5363.429,13451.81,2042.597,5606.417
13173.68,1983.353,5184.005,12993.18,1950.195,5704.009,13464.35,1980.544,5684.505,12966.04,1976.692,5352.868,13185.74,2022.614,5752.055,12960.58,2012.767,5449.96,13179.92,1973.057,5286.701,13257.22,1984.858,5360.572,13142.73,1977.858,5623.798,13033.62,2009.544,5304.536,13110.66,1963.221,5723.502,12955.32,1969.389,5611.539,13239.39,1979.789,5593.588,13117.86,1989.36,5363.352,13451.77,2042.597,5606.621
13173.49,1983.353,5184.093,12993.37,1950.195,5704.097,13464.3,1980.544,5684.708,12965.87,1976.692,5352.984,13185.93,2022.614,5752.13,12960.39,2012.767,5449.883,13179.71,1973.057,5286.754,13257.03,1984.858,5360.652,13142.91,1977.858,5623.896,13033.79,2009.544,5304.41,13110.82,1963.221,5723.632,12955.51,1969.389,5611.613,13239.58,1979.789,5593.675,13117.66,1989.36,5363.281,13451.72,2042.597,5606.823
13173.3,1983.353,5184.176,12993.56,1950.195,5704.18,13464.26,1980.544,5684.913,12965.69,1976.692,5353.1,13186.12,2022.614,5752.206,12960.2,2012.767,5449.813,13179.51,1973.057,5286.801,13256.84,1984.858,5360.733,13143.1,1977.858,5623.981,13033.95,2009.544,5304.285,13110.98,1963.221,5723.764,12955.71,1969.389,5611.688,13239.77,1979.789,5593.768,13117.46,1989.36,5363.217,13451.66,2042.597,5607.023
13173.11,1983.353,5184.254,12993.75,1950.195,5704.256,13464.22,1980.544,5685.116,12965.52,1976.692,5353.217,13186.32,2022.614,5752.282,12960,2012.767,5449.749,13179.31,1973.057,5286.841,13256.65,1984.858,5360.813,13143.29,1977.858,5624.073,13034.12,2009.544,5304.16,13111.14,1963.221,5723.897,12955.91,1969.389,5611.736,13239.95,1979.789,5593.866,13117.26,1989.36,5363.16,13451.6,2042.597,5607.222
13172.91,1983.353,5184.333,12993.95,1950.195,5704.327,13464.16,1980.544,5685.317,12965.35,1976.692,5353.334,13186.51,2022.614,5752.357,12959.8,2012.767,5449.691,13179.1,1973.057,5286.875,13256.45,1984.858,5360.886,13143.47,1977.858,5624.168,13034.29,2009.544,5304.035,13111.3,1963.221,5724.034,12956.11,1969.389,5611.791,13240.14,1979.789,5593.967,13117.06,1989.36,5363.108,13451.54,2042.597,5607.421
13172.72,1983.353,5184.405,12994.15,1950.195,5704.391,13464.1,1980.544,5685.517,12965.18,1976.692,5353.452,13186.71,2022.614,5752.433,12959.59,2012.767,5449.641,13178.89,1973.057,5286.902,13256.26,1984.858,5360.953,13143.65,1977.858,5624.268,13034.45,2009.544,5303.91,13111.45,1963.221,5724.172,12956.31,1969.389,5611.853,13240.33,1979.789,5594.043,13116.86,1989.36,5363.063,13451.47,2042.597,5607.618
13172.52,1983.353,5184.471,12994.35,1950.195,5704.449,13464.05,1980.544,5685.717,12965,1976.692,5353.569,13186.9,2022.614,5752.508,12959.39,2012.767,5449.596,13178.69,1973.057,5286.923,13256.06,1984.858,5361.013,13143.84,1977.858,5624.364,13034.62,2009.544,5303.786,13111.61,1963.221,5724.313,12956.51,1969.389,5611.922,13240.52,1979.789,5594.125,13116.65,1989.36,5363.025,13451.43,2042.597,5607.822
13172.32,1983.353,5184.53,12994.55,1950.195,5704.502,13463.98,1980.544,5685.916,12964.83,1976.692,5353.688,13187.1,2022.614,5752.583,12959.19,2012.767,5449.559,13178.48,1973.057,5286.937,13255.86,1984.858,5361.067,13144.02,1977.858,5624.467,13034.79,2009.544,5303.662,13111.76,1963.221,5724.455,12956.71,1969.389,5611.985,13240.71,1979.789,5594.214,13116.44,1989.36,5362.994,13451.38,2042.597,5608.024
13172.12,1983.353,5184.583,12994.75,1950.195,5704.55,13463.91,1980.544,5686.111,12964.66,1976.692,5353.806,13187.29,2022.614,5752.658,12958.98,2012.767,5449.528,13178.27,1973.057,5286.944,13255.65,1984.858,5361.121,13144.21,1977.858,5624.554,13034.95,2009.544,5303.538,13111.91,1963.221,5724.6,12956.91,1969.389,5612.041,13240.9,1979.789,5594.295,13116.24,1989.36,5362.969,13451.33,2042.597,5608.226
13171.92,1983.353,5184.63,12994.95,1950.195,5704.597,13463.84,1980.544,5686.308,12964.49,1976.692,5353.924,13187.48,2022.614,5752.733,12958.77,2012.767,5449.504,13178.06,1973.057,5286.945,13255.45,1984.858,5361.168,13144.4,1977.858,5624.648,13035.12,2009.544,5303.415,13112.06,1963.221,5724.748,12957.1,1969.389,5612.116,13241.1,1979.789,5594.365,13116.03,1989.36,5362.95,13451.27,2042.597,5608.426
13171.71,1983.353,5184.669,12995.16,1950.195,5704.639,13463.78,1980.544,5686.506,12964.32,1976.692,5354.043,13187.68,2022.614,5752.815,12958.57,2012.767,5449.487,13177.85,1973.057,5286.939,13255.25,1984.858,5361.209,13144.58,1977.858,5624.748,13035.29,2009.544,5303.291,13112.21,1963.221,5724.891,12957.3,1969.389,5612.185,13241.29,1979.789,5594.442,13115.82,1989.36,5362.938,13451.21,2042.597,5608.625
13171.51,1983.353,5184.703,12995.36,1950.195,5704.682,13463.72,1980.544,5686.706,12964.15,1976.692,5354.162,13187.87,2022.614,5752.902,12958.36,2012.767,5449.477,13177.65,1973.057,5286.926,13255.04,1984.858,5361.243,13144.76,1977.858,5624.853,13035.46,2009.544,5303.168,13112.36,1963.221,5725.032,12957.5,1969.389,5612.248,13241.49,1979.789,5594.521,13115.61,1989.36,5362.934,13451.14,2042.597,5608.822
13171.3,1983.353,5184.729,12995.56,1950.195,5704.729,13463.68,1980.544,5686.911,12963.98,1976.692,5354.281,13188.05,2022.614,5752.996,12958.15,2012.767,5449.473,13177.44,1973.057,5286.907,13254.83,1984.858,5361.271,13144.93,1977.858,5624.964,13035.63,2009.544,5303.045,13112.51,1963.221,5725.174,12957.7,1969.389,5612.304,13241.68,1979.789,5594.605,13115.41,1989.36,5362.935,13451.05,2042.597,5609.012
13171.09,1983.353,5184.749,12995.77,1950.195,5704.775,13463.64,1980.544,5687.115,12963.81,1976.692,5354.4,13188.23,2022.614,5753.096,12957.94,2012.767,5449.477,13177.23,1973.057,5286.881,13254.63,1984.858,5361.291,13145.11,1977.858,5625.082,13035.79,2009.544,5302.922,13112.67,1963.221,5725.315,12957.89,1969.389,5612.382,13241.86,1979.789,5594.697,13115.2,1989.36,5362.943,13450.97,2042.597,5609.205
13170.89,1983.353,5184.761,12995.97,1950.195,5704.824,13463.6,1980.544,5687.318,12963.64,1976.692,5354.52,13188.41,2022.614,5753.201,12957.73,2012.767,5449.486,13177.03,1973.057,5286.848,13254.42,1984.858,5361.305,13145.27,1977.858,5625.204,13035.96,2009.544,5302.799,13112.82,1963.221,5725.455,12958.08,1969.389,5612.454,13242.05,1979.789,5594.794,13114.99,1989.36,5362.958,13450.9,2042.597,5609.4
13170.68,1983.353,5184.767,12996.17,1950.195,5704.875,13463.55,1980.544,5687.521,12963.47,1976.692,5354.64,13188.59,2022.614,5753.313,12957.53,2012.767,5449.503,13176.82,1973.057,5286.809,13254.21,1984.858,5361.312,13145.45,1977.858,5625.321,13036.13,2009.544,5302.677,13112.97,1963.221,5725.6,12958.28,1969.389,5612.519,13242.23,1979.789,5594.897,13114.78,1989.36,5362.98,13450.83,2042.597,5609.595
13170.47,1983.353,5184.766,12996.37,1950.195,5704.926,13463.5,1980.544,5687.724,12963.3,1976.692,5354.759,13188.76,2022.614,5753.429,12957.32,2012.767,5449.526,13176.62,1973.057,5286.763,13254,1984.858,5361.312,13145.61,1977.858,5625.444,13036.3,2009.544,5302.554,13113.12,1963.221,5725.748,12958.48,1969.389,5612.578,13242.41,1979.789,5595.006,13114.58,1989.36,5363.008,13450.76,2042.597,5609.792
13170.26,1983.353,5184.758,12996.58,1950.195,5704.974,13463.45,1980.544,5687.925,12963.13,1976.692,5354.879,13188.93,2022.614,5753.552,12957.11,2012.767,5449.557,13176.42,1973.057,5286.711,13253.8,1984.858,5361.306,13145.78,1977.858,5625.572,13036.47,2009.544,5302.432,13113.26,1963.221,5725.901,12958.68,1969.389,5612.63,13242.58,1979.789,5595.12,13114.37,1989.36,5363.043,13450.7,2042.597,5609.99
13170.05,1983.353,5184.744,12996.78,1950.195,5705.024,13463.4,1980.544,5688.127,12962.96,1976.692,5355,13189.1,2022.614,5753.68,12956.91,2012.767,5449.594,13176.22,1973.057,5286.652,13253.59,1984.858,5361.292,13145.95,1977.858,5625.688,13036.63,2009.544,5302.31,13113.4,1963.221,5726.058,12958.89,1969.389,5612.675,13242.76,1979.789,5595.231,13114.17,1989.36,5363.084,13450.64,2042.597,5610.189
13169.85,1983.353,5184.722,12996.98,1950.195,5705.071,13463.36,1980.544,5688.332,12962.79,1976.692,5355.12,13189.26,2022.614,5753.812,12956.7,2012.767,5449.638,13176.02,1973.057,5286.587,13253.38,1984.858,5361.272,13146.12,1977.858,5625.811,13036.8,2009.544,5302.188,13113.53,1963.221,5726.218,12959.09,1969.389,5612.696,13242.93,1979.789,5595.348,13113.96,1989.36,5363.132,13450.58,2042.597,5610.391
13169.64,1983.353,5184.694,12997.19,1950.195,5705.111,13463.31,1980.544,5688.534,12962.62,1976.692,5355.24,13189.41,2022.614,5753.95,12956.5,2012.767,5449.688,13175.82,1973.057,5286.516,13253.17,1984.858,5361.246,13146.28,1977.858,5625.939,13036.97,2009.544,5302.066,13113.66,1963.221,5726.382,12959.3,1969.389,5612.724,13243.11,1979.789,5595.458,13113.76,1989.36,5363.186,13450.54,2042.597,5610.594
13169.44,1983.353,5184.66,12997.39,1950.195,5705.157,13463.25,1980.544,5688.735,12962.45,1976.692,5355.36,13189.57,2022.614,5754.092,12956.3,2012.767,5449.745,13175.63,1973.057,5286.438,13252.97,1984.858,5361.213,13146.44,1977.858,5626.072,13037.14,2009.544,5301.944,13113.78,1963.221,5726.55,12959.51,1969.389,5612.759,13243.28,1979.789,5595.573,13113.56,1989.36,5363.247,13450.52,2042.597,5610.801
13169.23,1983.353,5184.618,12997.59,1950.195,5705.197,13463.2,1980.544,5688.937,12962.28,1976.692,5355.48,13189.71,2022.614,5754.24,12956.1,2012.767,5449.809,13175.43,1973.057,5286.367,13252.76,1984.858,5361.173,13146.6,1977.858,5626.21,13037.31,2009.544,5301.822,13113.9,1963.221,5726.722,12959.71,1969.389,5612.778,13243.45,1979.789,5595.695,13113.36,1989.36,5363.3,13450.49,2042.597,5611.008
13169.03,1983.353,5184.583,12997.8,1950.195,5705.231,13463.14,1980.544,5689.136,12962.11,1976.692,5355.601,13189.86,2022.614,5754.385,12955.91,2012.767,5449.878,13175.24,1973.057,5286.302,13252.56,1984.858,5361.127,13146.77,1977.858,5626.333,13037.48,2009.544,5301.695,13114.01,1963.221,5726.896,12959.92,1969.389,5612.805,13243.61,1979.789,5595.822,13113.16,1989.36,5363.36,13450.46,2042.597,5611.213
13168.82,1983.353,5184.555,12998,1950.195,5705.259,13463.07,1980.544,5689.333,12961.94,1976.692,5355.722,13190.01,2022.614,5754.535,12955.71,2012.767,5449.955,13175.04,1973.057,5286.244,13252.36,1984.858,5361.076,13146.93,1977.858,5626.462,13037.64,2009.544,5301.564,13114.13,1963.221,5727.068,12960.13,1969.389,5612.824,13243.78,1979.789,5595.954,13112.97,1989.36,5363.427,13450.42,2042.597,5611.418
13168.61,1983.353,5184.533,12998.21,1950.195,5705.295,13463,1980.544,5689.529,12961.77,1976.692,5355.842,13190.15,2022.614,5754.689,12955.52,2012.767,5450.037,13174.83,1973.057,5286.192,13252.16,1984.858,5361.019,13147.09,1977.858,5626.596,13037.8,2009.544,5301.428,13114.25,1963.221,5727.241,12960.33,1969.389,5612.855,13243.93,1979.789,5596.091,13112.77,1989.36,5363.5,13450.37,2042.597,5611.621
13168.41,1983.353,5184.519,12998.42,1950.195,5705.324,13462.92,1980.544,5689.722,12961.6,1976.692,5355.963,13190.28,2022.614,5754.848,12955.33,2012.767,5450.126,13174.63,1973.057,5286.146,13251.96,1984.858,5360.957,13147.25,1977.858,5626.735,13037.95,2009.544,5301.288,13114.36,1963.221,5727.417,12960.54,1969.389,5612.88,13244.08,1979.789,5596.234,13112.58,1989.36,5363.579,13450.32,2042.597,5611.823
13168.2,1983.353,5184.511,12998.62,1950.195,5705.348,13462.83,1980.544,5689.912,12961.43,1976.692,5356.083,13190.42,2022.614,5755,12955.15,2012.767,5450.221,13174.42,1973.057,5286.108,13251.76,1984.858,5360.89,13147.4,1977.858,5626.879,13038.1,2009.544,5301.144,13114.46,1963.221,5727.595,12960.75,1969.389,5612.919,13244.23,1979.789,5596.381,13112.39,1989.36,5363.664,13450.26,2042.597,5612.022
13167.99,1983.353,5184.51,12998.83,1950.195,5705.383,13462.74,1980.544,5690.099,12961.26,1976.692,5356.204,13190.56,2022.614,5755.156,12954.96,2012.767,5450.322,13174.22,1973.057,5286.076,13251.57,1984.858,5360.819,13147.54,1977.858,5627.028,13038.25,2009.544,5300.995,13114.57,1963.221,5727.775,12960.95,1969.389,5612.951,13244.37,1979.789,5596.533,13112.2,1989.36,5363.754,13450.19,2042.597,5612.22
13167.78,1983.353,5184.516,12999.03,1950.195,5705.413,13462.65,1980.544,5690.283,12961.09,1976.692,5356.331,13190.69,2022.614,5755.317,12954.79,2012.767,5450.429,13174.01,1973.057,5286.051,13251.37,1984.858,5360.745,13147.68,1977.858,5627.182,13038.39,2009.544,5300.842,13114.67,1963.221,5727.958,12961.16,1969.389,5612.977,13244.51,1979.789,5596.69,13112.02,1989.36,5363.852,13450.12,2042.597,5612.416
13167.57,1983.353,5184.528,12999.24,1950.195,5705.445,13462.54,1980.544,5690.463,12960.93,1976.692,5356.462,13190.82,2022.614,5755.483,12954.61,2012.767,5450.542,13173.8,1973.057,5286.032,13251.18,1984.858,5360.667,13147.82,1977.858,5627.34,13038.53,2009.544,5300.684,13114.76,1963.221,5728.144,12961.37,1969.389,5612.995,13244.64,1979.789,5596.851,13111.83,1989.36,5363.955,13450.04,2042.597,5612.608
13167.37,1983.353,5184.548,12999.44,1950.195,5705.485,13462.43,1980.544,5690.641,12960.77,1976.692,5356.599,13190.94,2022.614,5755.652,12954.44,2012.767,5450.66,13173.6,1973.057,5286.021,13250.99,1984.858,5360.584,13147.95,1977.858,5627.502,13038.66,2009.544,5300.522,13114.85,1963.221,5728.332,12961.57,1969.389,5613.021,13244.77,1979.789,5597.017,13111.66,1989.36,5364.063,13449.96,2042.597,5612.798
13167.16,1983.353,5184.574,12999.65,1950.195,5705.518,13462.32,1980.544,5690.814,12960.62,1976.692,5356.741,13191.06,2022.614,5755.826,12954.27,2012.767,5450.784,13173.39,1973.057,5286.016,13250.79,1984.858,5360.503,13148.08,1977.858,5627.669,13038.78,2009.544,5300.356,13114.94,1963.221,5728.523,12961.78,1969.389,5613.035,13244.89,1979.789,5597.186,13111.48,1989.36,5364.177,13449.86,2042.597,5612.985
13166.95,1983.353,5184.607,12999.86,1950.195,5705.545,13462.2,1980.544,5690.989,12960.47,1976.692,5356.888,13191.17,2022.614,5756.002,12954.11,2012.767,5450.914,13173.18,1973.057,5286.018,13250.6,1984.858,5360.418,13148.19,1977.858,5627.839,13038.9,2009.544,5300.187,13115.01,1963.221,5728.716,12961.99,1969.389,5613.057,13245.01,1979.789,5597.359,13111.31,1989.36,5364.297,13449.77,2042.597,5613.169
13166.75,1983.353,5184.646,13000.06,1950.195,5705.566,13462.08,1980.544,5691.16,12960.33,1976.692,5357.036,13191.27,2022.614,5756.183,12953.95,2012.767,5451.048,13172.97,1973.057,5286.026,13250.42,1984.858,5360.332,13148.31,1977.858,5628.014,13039.02,2009.544,5300.013,13115.08,1963.221,5728.912,12962.19,1969.389,5613.09,13245.12,1979.789,5597.536,13111.14,1989.36,5364.422,13449.66,2042.597,5613.35
13166.55,1983.353,5184.693,13000.27,1950.195,5705.584,13461.96,1980.544,5691.327,12960.18,1976.692,5357.186,13191.37,2022.614,5756.367,12953.8,2012.767,5451.188,13172.76,1973.057,5286.042,13250.22,1984.858,5360.251,13148.42,1977.858,5628.192,13039.13,2009.544,5299.835,13115.15,1963.221,5729.11,12962.4,1969.389,5613.118,13245.22,1979.789,5597.717,13110.98,1989.36,5364.552,13449.55,2042.597,5613.527
13166.34,1983.353,5184.729,13000.48,1950.195,5705.599,13461.83,1980.544,5691.489,12960.04,1976.692,5357.341,13191.46,2022.614,5756.554,12953.65,2012.767,5451.333,13172.56,1973.057,5286.064,13250.03,1984.858,5360.177,13148.52,1977.858,5628.374,13039.23,2009.544,5299.655,13115.21,1963.221,5729.31,12962.61,1969.389,5613.143,13245.32,1979.789,5597.9,13110.82,1989.36,5364.688,13449.44,2042.597,5613.701
13166.14,1983.353,5184.771,13000.69,1950.195,5705.613,13461.69,1980.544,5691.647,12959.91,1976.692,5357.5,13191.55,2022.614,5756.744,12953.5,2012.767,5451.482,13172.35,1973.057,5286.094,13249.83,1984.858,5360.109,13148.62,1977.858,5628.558,13039.33,2009.544,5299.471,13115.26,1963.221,5729.511,12962.81,1969.389,5613.162,13245.41,1979.789,5598.087,13110.67,1989.36,5364.828,13449.32,2042.597,5613.871
13165.93,1983.353,5184.817,13000.9,1950.195,5705.625,13461.55,1980.544,5691.801,12959.76,1976.692,5357.648,13191.63,2022.614,5756.936,12953.36,2012.767,5451.636,13172.15,1973.057,5286.129,13249.63,1984.858,5360.047,13148.71,1977.858,5628.746,13039.42,2009.544,5299.284,13115.31,1963.221,5729.714,12963.02,1969.389,5613.2,13245.5,1979.789,5598.277,13110.52,1989.36,5364.974,13449.19,2042.597,5614.037
13165.73,1983.353,5184.871,13001.1,1950.195,5705.64,13461.41,1980.544,5691.95,12959.62,1976.692,5357.8,13191.7,2022.614,5757.131,12953.23,2012.767,5451.795,13171.94,1973.057,5286.172,13249.43,1984.858,5359.993,13148.79,1977.858,5628.937,13039.51,2009.544,5299.094,13115.35,1963.221,5729.919,12963.22,1969.389,5613.232,13245.58,1979.789,5598.47,13110.38,1989.36,5365.124,13449.06,2042.597,5614.198
13165.53,1983.353,5184.931,13001.31,1950.195,5705.655,13461.26,1980.544,5692.094,12959.48,1976.692,5357.958,13191.77,2022.614,5757.328,12953.1,2012.767,5451.958,13171.74,1973.057,5286.221,13249.23,1984.858,5359.944,13148.87,1977.858,5629.13,13039.59,2009.544,5298.901,13115.38,1963.221,5730.125,12963.43,1969.389,5613.257,13245.65,1979.789,5598.665,13110.24,1989.36,5365.278,13448.92,2042.597,5614.355
13165.34,1983.353,5184.997,13001.52,1950.195,5705.672,13461.1,1980.544,5692.233,12959.34,1976.692,5358.11,13191.83,2022.614,5757.527,12952.97,2012.767,5452.125,13171.54,1973.057,5286.277,13249.02,1984.858,5359.903,13148.94,1977.858,5629.326,13039.66,2009.544,5298.707,13115.41,1963.221,5730.331,12963.64,1969.389,5613.275,13245.72,1979.789,5598.862,13110.1,1989.36,5365.438,13448.78,2042.597,5614.508
13165.14,1983.353,5185.07,13001.73,1950.195,5705.685,13460.94,1980.544,5692.368,12959.2,1976.692,5358.267,13191.88,2022.614,5757.729,12952.85,2012.767,5452.296,13171.34,1973.057,5286.339,13248.82,1984.858,5359.868,13149,1977.858,5629.523,13039.73,2009.544,5298.509,13115.43,1963.221,5730.539,12963.85,1969.389,5613.286,13245.78,1979.789,5599.061,13109.97,1989.36,5365.601,13448.63,2042.597,5614.656
13164.95,1983.353,5185.149,13001.93,1950.195,5705.707,13460.79,1980.544,5692.508,12959.07,1976.692,5358.428,13191.93,2022.614,5757.932,12952.74,2012.767,5452.471,13171.14,1973.057,5286.408,13248.61,1984.858,5359.84,13149.06,1977.858,5629.724,13039.79,2009.544,5298.31,13115.44,1963.221,5730.747,12964.06,1969.389,5613.291,13245.83,1979.789,5599.262,13109.85,1989.36,5365.768,13448.48,2042.597,5614.799
13164.76,1983.353,5185.234,13002.14,1950.195,5705.723,13460.63,1980.544,5692.645,12958.93,1976.692,5358.58,13191.97,2022.614,5758.136,12952.63,2012.767,5452.65,13170.95,1973.057,5286.483,13248.41,1984.858,5359.819,13149.11,1977.858,5629.925,13039.84,2009.544,5298.109,13115.45,1963.221,5730.955,12964.26,1969.389,5613.302,13245.88,1979.789,5599.465,13109.73,1989.36,5365.939,13448.33,2042.597,5614.937
13164.57,1983.353,5185.326,13002.35,1950.195,5705.734,13460.47,1980.544,5692.776,12958.79,1976.692,5358.736,13192.01,2022.614,5758.341,12952.51,2012.767,5452.82,13170.76,1973.057,5286.565,13248.2,1984.858,5359.804,13149.16,1977.858,5630.129,13039.89,2009.544,5297.906,13115.45,1963.221,5731.163,12964.47,1969.389,5613.341,13245.92,1979.789,5599.669,13109.62,1989.36,5366.114,13448.17,2042.597,5615.069
13164.39,1983.353,5185.424,13002.56,1950.195,5705.75,13460.3,1980.544,5692.902,12958.65,1976.692,5358.888,13192.03,2022.614,5758.548,12952.4,2012.767,5452.995,13170.56,1973.057,5286.642,13247.99,1984.858,5359.796,13149.2,1977.858,5630.333,13039.93,2009.544,5297.702,13115.44,1963.221,5731.371,12964.67,1969.389,5613.373,13245.96,1979.789,5599.875,13109.51,1989.36,5366.292,13448,2042.597,5615.197
13164.21,1983.353,5185.527,13002.77,1950.195,5705.768,13460.13,1980.544,5693.022,12958.5,1976.692,5359.035,13192.05,2022.614,5758.755,12952.29,2012.767,5453.173,13170.37,1973.057,5286.725,13247.78,1984.858,5359.795,13149.23,1977.858,5630.54,13039.97,2009.544,5297.497,13115.43,1963.221,5731.579,12964.88,1969.389,5613.399,13245.98,1979.789,5600.082,13109.41,1989.36,5366.474,13447.83,2042.597,5615.319
13164.03,1983.353,5185.637,13002.97,1950.195,5705.783,13459.96,1980.544,5693.138,12958.35,1976.692,5359.177,13192.07,2022.614,5758.963,12952.19,2012.767,5453.354,13170.18,1973.057,5286.813,13247.57,1984.858,5359.801,13149.25,1977.858,5630.747,13040,2009.544,5297.291,13115.41,1963.221,5731.787,12965.09,1969.389,5613.418,13246,1979.789,5600.289,13109.31,1989.36,5366.659,13447.66,2042.597,5615.435
13163.86,1983.353,5185.752,13003.18,1950.195,5705.796,13459.78,1980.544,5693.247,12958.19,1976.692,5359.314,13192.07,2022.614,5759.171,12952.08,2012.767,5453.535,13170,1973.057,5286.909,13247.37,1984.858,5359.814,13149.27,1977.858,5630.954,13040.02,2009.544,5297.083,13115.38,1963.221,5731.993,12965.3,1969.389,5613.43,13246.02,1979.789,5600.497,13109.21,1989.36,5366.841,13447.48,2042.597,5615.546
13163.69,1983.353,5185.873,13003.39,1950.195,5705.807,13459.6,1980.544,5693.351,12958.03,1976.692,5359.446,13192.07,2022.614,5759.38,12951.97,2012.767,5453.711,13169.82,1973.057,5287.01,13247.16,1984.858,5359.833,13149.29,1977.858,5631.162,13040.03,2009.544,5296.875,13115.35,1963.221,5732.199,12965.5,1969.389,5613.466,13246.02,1979.789,5600.705,13109.1,1989.36,5367.019,13447.3,2042.597,5615.651
13163.52,1983.353,5185.996,13003.6,1950.195,5705.812,13459.42,1980.544,5693.45,12957.87,1976.692,5359.583,13192.07,2022.614,5759.588,12951.86,2012.767,5453.885,13169.64,1973.057,5287.117,13246.95,1984.858,5359.86,13149.29,1977.858,5631.371,13040.04,2009.544,5296.667,13115.31,1963.221,5732.403,12965.71,1969.389,5613.495,13246.02,1979.789,5600.914,13108.99,1989.36,5367.194,13447.12,2042.597,5615.75
13163.35,1983.353,5186.124,13003.81,1950.195,5705.821,13459.23,1980.544,5693.544,12957.72,1976.692,5359.724,13192.05,2022.614,5759.796,12951.74,2012.767,5454.054,13169.46,1973.057,5287.229,13246.75,1984.858,5359.893,13149.29,1977.858,5631.579,13040.04,2009.544,5296.459,13115.26,1963.221,5732.606,12965.92,1969.389,5613.518,13246.02,1979.789,5601.122,13108.87,1989.36,5367.365,13446.93,2042.597,5615.843
13163.19,1983.353,5186.257,13004.01,1950.195,5705.834,13459.04,1980.544,5693.631,12957.57,1976.692,5359.869,13192.03,2022.614,5760.003,12951.62,2012.767,5454.228,13169.29,1973.057,5287.348,13246.54,1984.858,5359.933,13149.28,1977.858,5631.787,13040.04,2009.544,5296.25,13115.21,1963.221,5732.808,12966.12,1969.389,5613.541,13246,1979.789,5601.33,13108.74,1989.36,5367.532,13446.75,2042.597,5615.949
13163.04,1983.353,5186.396,13004.22,1950.195,5705.85,13458.85,1980.544,5693.713,12957.43,1976.692,5360.019,13192.01,2022.614,5760.21,12951.5,2012.767,5454.397,13169.13,1973.057,5287.472,13246.34,1984.858,5359.979,13149.26,1977.858,5631.995,13040.03,2009.544,5296.042,13115.15,1963.221,5733.008,12966.33,1969.389,5613.568,13245.98,1979.789,5601.537,13108.61,1989.36,5367.694,13446.57,2042.597,5616.05
13162.87,1983.353,5186.525,13004.43,1950.195,5705.867,13458.66,1980.544,5693.788,12957.29,1976.692,5360.172,13191.97,2022.614,5760.416,12951.37,2012.767,5454.562,13168.96,1973.057,5287.602,13246.14,1984.858,5360.033,13149.24,1977.858,5632.202,13040.01,2009.544,5295.835,13115.08,1963.221,5733.206,12966.54,1969.389,5613.588,13245.96,1979.789,5601.744,13108.48,1989.36,5367.853,13446.39,2042.597,5616.145
13162.72,1983.353,5186.661,13004.64,1950.195,5705.883,13458.46,1980.544,5693.865,12957.15,1976.692,5360.33,13191.93,2022.614,5760.62,12951.25,2012.767,5454.73,13168.8,1973.057,5287.734,13245.94,1984.858,5360.092,13149.21,1977.858,5632.408,13039.99,2009.544,5295.628,13115.01,1963.221,5733.401,12966.74,1969.389,5613.602,13245.92,1979.789,5601.949,13108.34,1989.36,5368.006,13446.2,2042.597,5616.233
13162.56,1983.353,5186.801,13004.85,1950.195,5705.897,13458.27,1980.544,5693.935,12957.02,1976.692,5360.491,13191.88,2022.614,5760.823,12951.13,2012.767,5454.902,13168.64,1973.057,5287.862,13245.74,1984.858,5360.159,13149.18,1977.858,5632.613,13039.96,2009.544,5295.422,13114.93,1963.221,5733.594,12966.95,1969.389,5613.624,13245.88,1979.789,5602.153,13108.19,1989.36,5368.155,13446.01,2042.597,5616.315
13162.41,1983.353,5186.946,13005.05,1950.195,5705.915,13458.07,1980.544,5693.999,12956.89,1976.692,5360.656,13191.83,2022.614,5761.024,12951.02,2012.767,5455.078,13168.48,1973.057,5287.996,13245.54,1984.858,5360.231,13149.13,1977.858,5632.817,13039.92,2009.544,5295.217,13114.85,1963.221,5733.784,12967.16,1969.389,5613.639,13245.83,1979.789,5602.356,13108.04,1989.36,5368.299,13445.82,2042.597,5616.406
13162.27,1983.353,5187.096,13005.26,1950.195,5705.932,13457.87,1980.544,5694.069,12956.77,1976.692,5360.825,13191.77,2022.614,5761.223,12950.91,2012.767,5455.253,13168.32,1973.057,5288.128,13245.35,1984.858,5360.311,13149.08,1977.858,5633.019,13039.87,2009.544,5295.013,13114.76,1963.221,5733.972,12967.36,1969.389,5613.68,13245.78,1979.789,5602.557,13107.89,1989.36,5368.438,13445.63,2042.597,5616.49
13162.11,1983.353,5187.236,13005.47,1950.195,5705.954,13457.68,1980.544,5694.133,12956.65,1976.692,5360.997,13191.7,2022.614,5761.42,12950.8,2012.767,5455.432,13168.16,1973.057,5288.265,13245.16,1984.858,5360.396,13149.03,1977.858,5633.22,13039.82,2009.544,5294.811,13114.66,1963.221,5734.156,12967.57,1969.389,5613.718,13245.72,1979.789,5602.756,13107.73,1989.36,5368.573,13445.43,2042.597,5616.568
13161.96,1983.353,5187.379,13005.67,1950.195,5705.97,13457.48,1980.544,5694.191,12956.54,1976.692,5361.172,13191.63,2022.614,5761.615,12950.7,2012.767,5455.614,13168,1973.057,5288.396,13244.97,1984.858,5360.487,13148.96,1977.858,5633.418,13039.77,2009.544,5294.611,13114.56,1963.221,5734.337,12967.77,1969.389,5613.764,13245.65,1979.789,5602.954,13107.56,1989.36,5368.702,13445.24,2042.597,5616.64
13161.8,1983.353,5187.504,13005.88,1950.195,5705.989,13457.27,1980.544,5694.244,12956.43,1976.692,5361.35,13191.55,2022.614,5761.808,12950.61,2012.767,5455.799,13167.83,1973.057,5288.523,13244.79,1984.858,5360.585,13148.9,1977.858,5633.615,13039.7,2009.544,5294.413,13114.45,1963.221,5734.515,12967.98,1969.389,5613.803,13245.58,1979.789,5603.148,13107.4,1989.36,5368.825,13445.04,2042.597,5616.706
13161.63,1983.353,5187.635,13006.09,1950.195,5706.012,13457.07,1980.544,5694.29,12956.33,1976.692,5361.532,13191.46,2022.614,5761.998,12950.52,2012.767,5455.988,13167.66,1973.057,5288.644,13244.61,1984.858,5360.688,13148.82,1977.858,5633.81,13039.63,2009.544,5294.216,13114.33,1963.221,5734.689,12968.18,1969.389,5613.847,13245.5,1979.789,5603.341,13107.22,1989.36,5368.943,13444.84,2042.597,5616.77
13161.47,1983.353,5187.77,13006.3,1950.195,5706.036,13456.87,1980.544,5694.35,12956.23,1976.692,5361.716,13191.37,2022.614,5762.185,12950.43,2012.767,5456.179,13167.5,1973.057,5288.771,13244.43,1984.858,5360.798,13148.74,1977.858,5634.001,13039.56,2009.544,5294.022,13114.21,1963.221,5734.86,12968.38,1969.389,5613.891,13245.41,1979.789,5603.531,13107.05,1989.36,5369.055,13444.64,2042.597,5616.827
13161.32,1983.353,5187.909,13006.5,1950.195,5706.057,13456.67,1980.544,5694.402,12956.14,1976.692,5361.904,13191.27,2022.614,5762.368,12950.36,2012.767,5456.373,13167.34,1973.057,5288.902,13244.26,1984.858,5360.913,13148.65,1977.858,5634.19,13039.47,2009.544,5293.831,13114.09,1963.221,5735.026,12968.59,1969.389,5613.928,13245.32,1979.789,5603.718,13106.87,1989.36,5369.162,13444.44,2042.597,5616.886
13161.17,1983.353,5188.054,13006.71,1950.195,5706.079,13456.47,1980.544,5694.449,12956.06,1976.692,5362.094,13191.17,2022.614,5762.548,12950.29,2012.767,5456.569,13167.17,1973.057,5289.029,13244.09,1984.858,5361.034,13148.56,1977.858,5634.376,13039.38,2009.544,5293.643,13113.96,1963.221,5735.189,12968.79,1969.389,5613.958,13245.22,1979.789,5603.901,13106.69,1989.36,5369.262,13444.24,2042.597,5616.939
13161.02,1983.353,5188.203,13006.92,1950.195,5706.099,13456.26,1980.544,5694.488,12955.98,1976.692,5362.286,13191.06,2022.614,5762.725,12950.22,2012.767,5456.768,13166.99,1973.057,5289.133,13243.92,1984.858,5361.16,13148.46,1977.858,5634.559,13039.29,2009.544,5293.457,13113.82,1963.221,5735.347,12969,1969.389,5613.981,13245.12,1979.789,5604.082,13106.5,1989.36,5369.356,13444.04,2042.597,5616.985
13160.89,1983.353,5188.366,13007.12,1950.195,5706.116,13456.06,1980.544,5694.537,12955.9,1976.692,5362.481,13190.94,2022.614,5762.898,12950.17,2012.767,5456.968,13166.81,1973.057,5289.243,13243.76,1984.858,5361.291,13148.35,1977.858,5634.738,13039.19,2009.544,5293.275,13113.68,1963.221,5735.501,12969.21,1969.389,5614.023,13245.01,1979.789,5604.258,13106.31,1989.36,5369.445,13443.83,2042.597,5617.024
13160.76,1983.353,5188.524,13007.33,1950.195,5706.132,13455.86,1980.544,5694.584,12955.84,1976.692,5362.678,13190.82,2022.614,5763.068,12950.12,2012.767,5457.17,13166.64,1973.057,5289.358,13243.6,1984.858,5361.418,13148.24,1977.858,5634.914,13039.08,2009.544,5293.096,13113.54,1963.221,5735.65,12969.41,1969.389,5614.059,13244.89,1979.789,5604.432,13106.12,1989.36,5369.527,13443.63,2042.597,5617.078
13160.63,1983.353,5188.685,13007.54,1950.195,5706.139,13455.65,1980.544,5694.625,12955.77,1976.692,5362.877,13190.69,2022.614,5763.233,12950.07,2012.767,5457.374,13166.47,1973.057,5289.479,13243.43,1984.858,5361.55,13148.12,1977.858,5635.085,13038.97,2009.544,5292.921,13113.39,1963.221,5735.794,12969.62,1969.389,5614.087,13244.77,1979.789,5604.601,13105.93,1989.36,5369.603,13443.43,2042.597,5617.125
13160.49,1983.353,5188.842,13007.75,1950.195,5706.151,13455.45,1980.544,5694.659,12955.72,1976.692,5363.078,13190.56,2022.614,5763.394,12950.04,2012.767,5457.579,13166.3,1973.057,5289.592,13243.28,1984.858,5361.687,13148,1977.858,5635.253,13038.85,2009.544,5292.75,13113.23,1963.221,5735.933,12969.82,1969.389,5614.109,13244.64,1979.789,5604.766,13105.73,1989.36,5369.672,13443.23,2042.597,5617.167
13160.35,1983.353,5188.994,13007.95,1950.195,5706.154,13455.25,1980.544,5694.703,12955.67,1976.692,5363.281,13190.42,2022.614,5763.551,12950,2012.767,5457.785,13166.12,1973.057,5289.71,13243.13,1984.858,5361.83,13147.87,1977.858,5635.417,13038.73,2009.544,5292.582,13113.07,1963.221,5736.067,12970.03,1969.389,5614.125,13244.51,1979.789,5604.927,13105.53,1989.36,5369.735,13443.02,2042.597,5617.203
13160.2,1983.353,5189.142,13008.16,1950.195,5706.162,13455.04,1980.544,5694.741,12955.63,1976.692,5363.485,13190.28,2022.614,5763.703,12949.98,2012.767,5457.992,13165.96,1973.057,5289.834,13242.97,1984.858,5361.967,13147.73,1977.858,5635.577,13038.6,2009.544,5292.418,13112.91,1963.221,5736.196,12970.24,1969.389,5614.133,13244.37,1979.789,5605.084,13105.33,1989.36,5369.792,13442.81,2042.597,5617.231
13160.05,1983.353,5189.293,13008.37,1950.195,5706.171,13454.83,1980.544,5694.773,12955.59,1976.692,5363.69,13190.13,2022.614,5763.85,12949.96,2012.767,5458.199,13165.79,1973.057,5289.964,13242.8,1984.858,5362.085,13147.6,1977.858,5635.732,13038.46,2009.544,5292.259,13112.74,1963.221,5736.32,12970.45,1969.389,5614.134,13244.23,1979.789,5605.236,13105.13,1989.36,5369.841,13442.61,2042.597,5617.253
13159.91,1983.353,5189.441,13008.58,1950.195,5706.181,13454.63,1980.544,5694.805,12955.56,1976.692,5363.896,13189.98,2022.614,5763.993,12949.96,2012.767,5458.407,13165.63,1973.057,5290.088,13242.63,1984.858,5362.207,13147.45,1977.858,5635.883,13038.33,2009.544,5292.104,13112.57,1963.221,5736.438,12970.65,1969.389,5614.105,13244.08,1979.789,5605.383,13104.93,1989.36,5369.884,13442.4,2042.597,5617.282
13159.77,1983.353,5189.594,13008.79,1950.195,5706.185,13454.42,1980.544,5694.841,12955.54,1976.692,5364.103,13189.83,2022.614,5764.13,12949.95,2012.767,5458.616,13165.46,1973.057,5290.218,13242.46,1984.858,5362.333,13147.3,1977.858,5636.029,13038.18,2009.544,5291.954,13112.39,1963.221,5736.551,12970.86,1969.389,5614.083,13243.93,1979.789,5605.526,13104.72,1989.36,5369.921,13442.2,2042.597,5617.316
13159.61,1983.353,5189.735,13008.99,1950.195,5706.185,13454.22,1980.544,5694.875,12955.52,1976.692,5364.311,13189.66,2022.614,5764.262,12949.94,2012.767,5458.824,13165.29,1973.057,5290.343,13242.3,1984.858,5362.465,13147.15,1977.858,5636.169,13038.03,2009.544,5291.809,13112.21,1963.221,5736.658,12971.07,1969.389,5614.061,13243.77,1979.789,5605.663,13104.51,1989.36,5369.951,13441.99,2042.597,5617.347
13159.46,1983.353,5189.877,13009.2,1950.195,5706.187,13454.01,1980.544,5694.901,12955.51,1976.692,5364.519,13189.5,2022.614,5764.389,12949.94,2012.767,5459.032,13165.14,1973.057,5290.486,13242.14,1984.858,5362.602,13146.99,1977.858,5636.305,13037.88,2009.544,5291.668,13112.03,1963.221,5736.759,12971.27,1969.389,5614.029,13243.61,1979.789,5605.795,13104.31,1989.36,5370.002,13441.78,2042.597,5617.372
13159.31,1983.353,5190.025,13009.41,1950.195,5706.184,13453.8,1980.544,5694.935,12955.51,1976.692,5364.727,13189.33,2022.614,5764.51,12949.95,2012.767,5459.241,13164.99,1973.057,5290.625,13241.99,1984.858,5362.744,13146.83,1977.858,5636.436,13037.72,2009.544,5291.532,13111.85,1963.221,5736.854,12971.48,1969.389,5614.003,13243.45,1979.789,5605.928,13104.12,1989.36,5370.069,13441.58,2042.597,5617.414
13159.17,1983.353,5190.177,13009.62,1950.195,5706.188,13453.6,1980.544,5694.961,12955.51,1976.692,5364.936,13189.16,2022.614,5764.626,12949.96,2012.767,5459.449,13164.83,1973.057,5290.757,13241.84,1984.858,5362.891,13146.66,1977.858,5636.561,13037.56,2009.544,5291.402,13111.67,1963.221,5736.955,12971.69,1969.389,5613.966,13243.29,1979.789,5606.055,13103.92,1989.36,5370.13,13441.37,2042.597,5617.449
13159.03,1983.353,5190.33,13009.83,1950.195,5706.2,13453.39,1980.544,5695.01,12955.52,1976.692,5365.144,13188.98,2022.614,5764.736,12949.97,2012.767,5459.657,13164.66,1973.057,5290.888,13241.69,1984.858,5363.033,13146.49,1977.858,5636.68,13037.39,2009.544,5291.277,13111.49,1963.221,5737.062,12971.89,1969.389,5613.936,13243.12,1979.789,5606.176,13103.71,1989.36,5370.184,13441.17,2042.597,5617.48
13158.88,1983.353,5190.475,13010.03,1950.195,5706.218,13453.19,1980.544,5695.052,12955.53,1976.692,5365.351,13188.8,2022.614,5764.84,12949.98,2012.767,5459.864,13164.51,1973.057,5291.023,13241.54,1984.858,5363.18,13146.32,1977.858,5636.794,13037.22,2009.544,5291.157,13111.31,1963.221,5737.175,12972.1,1969.389,5613.913,13242.94,1979.789,5606.293,13103.51,1989.36,5370.231,13440.96,2042.597,5617.519
13158.74,1983.353,5190.625,13010.24,1950.195,5706.242,13452.99,1980.544,5695.087,12955.55,1976.692,5365.558,13188.62,2022.614,5764.938,12950,2012.767,5460.071,13164.34,1973.057,5291.153,13241.38,1984.858,5363.306,13146.14,1977.858,5636.902,13037.05,2009.544,5291.043,13111.14,1963.221,5737.293,12972.31,1969.389,5613.896,13242.77,1979.789,5606.404,13103.31,1989.36,5370.285,13440.76,2042.597,5617.571
13158.6,1983.353,5190.78,13010.45,1950.195,5706.273,13452.78,1980.544,5695.115,12955.58,1976.692,5365.765,13188.43,2022.614,5765.03,12950.03,2012.767,5460.277,13164.18,1973.057,5291.278,13241.21,1984.858,5363.428,13145.97,1977.858,5637.027,13036.87,2009.544,5290.935,13110.97,1963.221,5737.417,12972.52,1969.389,5613.886,13242.6,1979.789,5606.521,13103.11,1989.36,5370.332,13440.56,2042.597,5617.616
13158.47,1983.353,5190.943,13010.65,1950.195,5706.312,13452.57,1980.544,5695.137,12955.62,1976.692,5365.97,13188.24,2022.614,5765.118,12950.07,2012.767,5460.482,13164,1973.057,5291.397,13241.04,1984.858,5363.555,13145.8,1977.858,5637.146,13036.69,2009.544,5290.832,13110.81,1963.221,5737.547,12972.72,1969.389,5613.883,13242.42,1979.789,5606.639,13102.91,1989.36,5370.405,13440.35,2042.597,5617.661
13158.33,1983.353,5191.103,13010.86,1950.195,5706.356,13452.37,1980.544,5695.165,12955.66,1976.692,5366.174,13188.06,2022.614,5765.222,12950.11,2012.767,5460.687,13163.84,1973.057,5291.522,13240.88,1984.858,5363.688,13145.63,1977.858,5637.259,13036.5,2009.544,5290.735,13110.65,1963.221,5737.682,12972.93,1969.389,5613.887,13242.25,1979.789,5606.751,13102.71,1989.36,5370.472,13440.15,2042.597,5617.698
13158.19,1983.353,5191.257,13011.06,1950.195,5706.408,13452.16,1980.544,5695.187,12955.71,1976.692,5366.377,13187.88,2022.614,5765.334,12950.15,2012.767,5460.893,13163.66,1973.057,5291.634,13240.71,1984.858,5363.802,13145.46,1977.858,5637.383,13036.31,2009.544,5290.645,13110.5,1963.221,5737.822,12973.14,1969.389,5613.892,13242.07,1979.789,5606.858,13102.52,1989.36,5370.532,13439.95,2042.597,5617.754
13158.06,1983.353,5191.416,13011.26,1950.195,5706.466,13451.95,1980.544,5695.213,12955.76,1976.692,5366.578,13187.71,2022.614,5765.441,12950.18,2012.767,5461.097,13163.49,1973.057,5291.751,13240.53,1984.858,5363.903,13145.29,1977.858,5637.506,13036.12,2009.544,5290.56,13110.35,1963.221,5737.967,12973.35,1969.389,5613.904,13241.91,1979.789,5606.986,13102.31,1989.36,5370.586,13439.75,2042.597,5617.806
13157.92,1983.353,5191.571,13011.46,1950.195,5706.53,13451.75,1980.544,5695.246,12955.82,1976.692,5366.778,13187.53,2022.614,5765.556,12950.23,2012.767,5461.3,13163.32,1973.057,5291.867,13240.35,1984.858,5364.01,13145.13,1977.858,5637.633,13035.93,2009.544,5290.481,13110.2,1963.221,5738.117,12973.55,1969.389,5613.922,13241.74,1979.789,5607.108,13102.11,1989.36,5370.633,13439.54,2042.597,5617.852
13157.78,1983.353,5191.721,13011.65,1950.195,5706.601,13451.54,1980.544,5695.283,12955.89,1976.692,5366.975,13187.35,2022.614,5765.666,12950.28,2012.767,5461.502,13163.15,1973.057,5291.988,13240.17,1984.858,5364.123,13144.96,1977.858,5637.755,13035.74,2009.544,5290.409,13110.06,1963.221,5738.271,12973.76,1969.389,5613.948,13241.57,1979.789,5607.226,13101.91,1989.36,5370.687,13439.34,2042.597,5617.892
13157.64,1983.353,5191.881,13011.85,1950.195,5706.678,13451.34,1980.544,5695.326,12955.96,1976.692,5367.17,13187.17,2022.614,5765.769,12950.34,2012.767,5461.702,13162.97,1973.057,5292.103,13240,1984.858,5364.241,13144.8,1977.858,5637.891,13035.54,2009.544,5290.343,13109.93,1963.221,5738.43,12973.97,1969.389,5613.98,13241.39,1979.789,5607.337,13101.7,1989.36,5370.714,13439.13,2042.597,5617.928
13157.5,1983.353,5192.036,13012.04,1950.195,5706.762,13451.13,1980.544,5695.374,12956.04,1976.692,5367.363,13187,2022.614,5765.878,12950.41,2012.767,5461.899,13162.8,1973.057,5292.221,13239.82,1984.858,5364.348,13144.65,1977.858,5638.031,13035.34,2009.544,5290.284,13109.8,1963.221,5738.593,12974.17,1969.389,5614.019,13241.21,1979.789,5607.442,13101.5,1989.36,5370.748,13438.93,2042.597,5617.958
13157.36,1983.353,5192.189,13012.22,1950.195,5706.852,13450.93,1980.544,5695.427,12956.12,1976.692,5367.554,13186.81,2022.614,5765.978,12950.47,2012.767,5462.097,13162.63,1973.057,5292.338,13239.65,1984.858,5364.461,13144.49,1977.858,5638.166,13035.14,2009.544,5290.231,13109.67,1963.221,5738.76,12974.38,1969.389,5614.064,13241.03,1979.789,5607.548,13101.29,1989.36,5370.788,13438.72,2042.597,5617.983
13157.21,1983.353,5192.337,13012.41,1950.195,5706.947,13450.73,1980.544,5695.485,12956.21,1976.692,5367.742,13186.63,2022.614,5766.083,12950.55,2012.767,5462.292,13162.46,1973.057,5292.46,13239.48,1984.858,5364.58,13144.32,1977.858,5638.296,13034.93,2009.544,5290.185,13109.56,1963.221,5738.932,12974.58,1969.389,5614.117,13240.84,1979.789,5607.636,13101.09,1989.36,5370.835,13438.51,2042.597,5618.002
13157.06,1983.353,5192.48,13012.59,1950.195,5707.049,13450.53,1980.544,5695.537,12956.31,1976.692,5367.927,13186.46,2022.614,5766.195,12950.63,2012.767,5462.484,13162.3,1973.057,5292.59,13239.31,1984.858,5364.704,13144.16,1977.858,5638.42,13034.73,2009.544,5290.145,13109.44,1963.221,5739.107,12974.78,1969.389,5614.154,13240.65,1979.789,5607.708,13100.89,1989.36,5370.889,13438.31,2042.597,5618.029
13156.91,1983.353,5192.621,13012.77,1950.195,5707.157,13450.33,1980.544,5695.582,12956.41,1976.692,5368.108,13186.29,2022.614,5766.312,12950.71,2012.767,5462.674,13162.13,1973.057,5292.715,13239.15,1984.858,5364.833,13143.99,1977.858,5638.54,13034.52,2009.544,5290.111,13109.33,1963.221,5739.28,12974.99,1969.389,5614.198,13240.45,1979.789,5607.786,13100.69,1989.36,5370.949,13438.1,2042.597,5618.033
13156.76,1983.353,5192.767,13012.94,1950.195,5707.271,13450.12,1980.544,5695.62,12956.52,1976.692,5368.287,13186.12,2022.614,5766.435,12950.8,2012.767,5462.861,13161.96,1973.057,5292.834,13238.98,1984.858,5364.963,13143.83,1977.858,5638.68,13034.32,2009.544,5290.084,13109.21,1963.221,5739.452,12975.19,1969.389,5614.249,13240.26,1979.789,5607.87,13100.49,1989.36,5371.016,13437.89,2042.597,5618.044
13156.61,1983.353,5192.91,13013.11,1950.195,5707.39,13449.92,1980.544,5695.651,12956.63,1976.692,5368.462,13185.95,2022.614,5766.563,12950.9,2012.767,5463.044,13161.79,1973.057,5292.958,13238.83,1984.858,5365.098,13143.67,1977.858,5638.815,13034.11,2009.544,5290.064,13109.1,1963.221,5739.628,12975.39,1969.389,5614.306,13240.08,1979.789,5607.96,13100.31,1989.36,5371.114,13437.68,2042.597,5618.063
13156.48,1983.353,5193.069,13013.28,1950.195,5707.515,13449.71,1980.544,5695.676,12956.75,1976.692,5368.634,13185.79,2022.614,5766.696,12951.01,2012.767,5463.225,13161.63,1973.057,5293.088,13238.68,1984.858,5365.252,13143.51,1977.858,5638.945,13033.9,2009.544,5290.051,13108.99,1963.221,5739.808,12975.59,1969.389,5614.37,13239.89,1979.789,5608.057,13100.12,1989.36,5371.207,13437.48,2042.597,5618.087
13156.34,1983.353,5193.224,13013.44,1950.195,5707.646,13449.5,1980.544,5695.694,12956.87,1976.692,5368.802,13185.64,2022.614,5766.834,12951.1,2012.767,5463.41,13161.47,1973.057,5293.224,13238.55,1984.858,5365.412,13143.33,1977.858,5639.053,13033.69,2009.544,5290.044,13108.89,1963.221,5739.991,12975.78,1969.389,5614.44,13239.71,1979.789,5608.16,13099.93,1989.36,5371.293,13437.27,2042.597,5618.105
13156.2,1983.353,5193.384,13013.6,1950.195,5707.781,13449.29,1980.544,5695.713,12957,1976.692,5368.966,13185.49,2022.614,5766.978,12951.2,2012.767,5463.592,13161.32,1973.057,5293.364,13238.41,1984.858,5365.568,13143.16,1977.858,5639.163,13033.49,2009.544,5290.044,13108.79,1963.221,5740.171,12975.98,1969.389,5614.517,13239.52,1979.789,5608.256,13099.74,1989.36,5371.373,13437.06,2042.597,5618.145
13156.07,1983.353,5193.541,13013.76,1950.195,5707.921,13449.09,1980.544,5695.739,12957.13,1976.692,5369.125,13185.34,2022.614,5767.126,12951.31,2012.767,5463.771,13161.14,1973.057,5293.479,13238.27,1984.858,5365.719,13142.97,1977.858,5639.267,13033.28,2009.544,5290.051,13108.68,1963.221,5740.349,12976.17,1969.389,5614.6,13239.34,1979.789,5608.347,13099.55,1989.36,5371.45,13436.86,2042.597,5618.177
13155.92,1983.353,5193.692,13013.91,1950.195,5708.067,13448.88,1980.544,5695.758,12957.27,1976.692,5369.281,13185.2,2022.614,5767.28,12951.42,2012.767,5463.946,13160.97,1973.057,5293.601,13238.12,1984.858,5365.865,13142.8,1977.858,5639.376,13033.07,2009.544,5290.064,13108.58,1963.221,5740.529,12976.36,1969.389,5614.689,13239.16,1979.789,5608.461,13099.36,1989.36,5371.533,13436.65,2042.597,5618.214
13155.78,1983.353,5193.838,13014.05,1950.195,5708.217,13448.67,1980.544,5695.763,12957.42,1976.692,5369.433,13185.06,2022.614,5767.438,12951.54,2012.767,5464.118,13160.8,1973.057,5293.711,13237.98,1984.858,5366.019,13142.63,1977.858,5639.492,13032.86,2009.544,5290.084,13108.48,1963.221,5740.713,12976.54,1969.389,5614.784,13238.99,1979.789,5608.579,13099.17,1989.36,5371.621,13436.45,2042.597,5618.245
13155.62,1983.353,5193.98,13014.19,1950.195,5708.372,13448.46,1980.544,5695.76,12957.56,1976.692,5369.58,13184.93,2022.614,5767.6,12951.66,2012.767,5464.285,13160.62,1973.057,5293.828,13237.83,1984.858,5366.168,13142.46,1977.858,5639.614,13032.66,2009.544,5290.11,13108.39,1963.221,5740.9,12976.72,1969.389,5614.885,13238.82,1979.789,5608.691,13098.99,1989.36,5371.722,13436.24,2042.597,5618.268
13155.47,1983.353,5194.117,13014.32,1950.195,5708.531,13448.26,1980.544,5695.764,12957.72,1976.692,5369.722,13184.79,2022.614,5767.749,12951.79,2012.767,5464.449,13160.45,1973.057,5293.946,13237.68,1984.858,5366.312,13142.29,1977.858,5639.741,13032.45,2009.544,5290.144,13108.3,1963.221,5741.09,12976.9,1969.389,5614.992,13238.64,1979.789,5608.808,13098.8,1989.36,5371.819,13436.03,2042.597,5618.285
13155.3,1983.353,5194.245,13014.45,1950.195,5708.695,13448.05,1980.544,5695.794,12957.87,1976.692,5369.859,13184.65,2022.614,5767.902,12951.93,2012.767,5464.608,13160.27,1973.057,5294.053,13237.53,1984.858,5366.451,13142.13,1977.858,5639.873,13032.25,2009.544,5290.183,13108.22,1963.221,5741.281,12977.08,1969.389,5615.105,13238.48,1979.789,5608.933,13098.61,1989.36,5371.911,13435.82,2042.597,5618.295
13155.13,1983.353,5194.358,13014.58,1950.195,5708.863,13447.84,1980.544,5695.818,12958.03,1976.692,5369.992,13184.5,2022.614,5768.053,12952.07,2012.767,5464.762,13160.09,1973.057,5294.156,13237.37,1984.858,5366.585,13141.96,1977.858,5639.996,13032.04,2009.544,5290.229,13108.13,1963.221,5741.471,12977.25,1969.389,5615.224,13238.31,1979.789,5609.065,13098.42,1989.36,5371.996,13435.61,2042.597,5618.297
13154.96,1983.353,5194.477,13014.69,1950.195,5709.035,13447.63,1980.544,5695.835,12958.2,1976.692,5370.12,13184.36,2022.614,5768.202,12952.21,2012.767,5464.912,13159.9,1973.057,5294.247,13237.21,1984.858,5366.713,13141.8,1977.858,5640.124,13031.84,2009.544,5290.281,13108.05,1963.221,5741.663,12977.42,1969.389,5615.348,13238.15,1979.789,5609.192,13098.24,1989.36,5372.086,13435.41,2042.597,5618.305
13154.78,1983.353,5194.583,13014.81,1950.195,5709.21,13447.43,1980.544,5695.852,12958.36,1976.692,5370.243,13184.21,2022.614,5768.354,12952.36,2012.767,5465.057,13159.72,1973.057,5294.344,13237.04,1984.858,5366.836,13141.64,1977.858,5640.257,13031.64,2009.544,5290.34,13107.98,1963.221,5741.858,12977.58,1969.389,5615.477,13237.99,1979.789,5609.32,13098.05,1989.36,5372.184,13435.2,2042.597,5618.284
13154.6,1983.353,5194.695,13014.91,1950.195,5709.389,13447.22,1980.544,5695.861,12958.54,1976.692,5370.36,13184.07,2022.614,5768.502,12952.52,2012.767,5465.197,13159.54,1973.057,5294.448,13236.87,1984.858,5366.954,13141.48,1977.858,5640.394,13031.44,2009.544,5290.405,13107.91,1963.221,5742.055,12977.76,1969.389,5615.58,13237.82,1979.789,5609.443,13097.86,1989.36,5372.273,13434.99,2042.597,5618.27
13154.43,1983.353,5194.813,13015.01,1950.195,5709.571,13447.01,1980.544,5695.864,12958.71,1976.692,5370.473,13183.93,2022.614,5768.655,12952.67,2012.767,5465.332,13159.36,1973.057,5294.557,13236.69,1984.858,5367.066,13141.32,1977.858,5640.529,13031.25,2009.544,5290.476,13107.85,1963.221,5742.254,12977.94,1969.389,5615.689,13237.65,1979.789,5609.561,13097.68,1989.36,5372.367,13434.78,2042.597,5618.263
13154.26,1983.353,5194.937,13015.11,1950.195,5709.756,13446.8,1980.544,5695.86,12958.89,1976.692,5370.58,13183.77,2022.614,5768.796,12952.83,2012.767,5465.471,13159.18,1973.057,5294.652,13236.52,1984.858,5367.184,13141.16,1977.858,5640.664,13031.05,2009.544,5290.553,13107.8,1963.221,5742.456,12978.11,1969.389,5615.804,13237.47,1979.789,5609.673,13097.49,1989.36,5372.467,13434.58,2042.597,5618.262
13154.1,1983.353,5195.066,13015.2,1950.195,5709.945,13446.59,1980.544,5695.85,12959.07,1976.692,5370.682,13183.63,2022.614,5768.942,12952.98,2012.767,5465.612,13158.99,1973.057,5294.753,13236.33,1984.858,5367.282,13141,1977.858,5640.798,13030.86,2009.544,5290.636,13107.75,1963.221,5742.657,12978.28,1969.389,5615.924,13237.29,1979.789,5609.779,13097.31,1989.36,5372.573,13434.37,2042.597,5618.266
13153.94,1983.353,5195.2,13015.28,1950.195,5710.136,13446.39,1980.544,5695.832,12959.26,1976.692,5370.778,13183.48,2022.614,5769.091,12953.14,2012.767,5465.749,13158.81,1973.057,5294.86,13236.16,1984.858,5367.387,13140.84,1977.858,5640.931,13030.67,2009.544,5290.725,13107.7,1963.221,5742.86,12978.45,1969.389,5616.05,13237.11,1979.789,5609.879,13097.14,1989.36,5372.685,13434.16,2042.597,5618.263
13153.78,1983.353,5195.34,13015.36,1950.195,5710.33,13446.18,1980.544,5695.833,12959.44,1976.692,5370.87,13183.34,2022.614,5769.244,12953.3,2012.767,5465.879,13158.64,1973.057,5294.973,13235.98,1984.858,5367.498,13140.68,1977.858,5641.063,13030.49,2009.544,5290.819,13107.65,1963.221,5743.063,12978.61,1969.389,5616.182,13236.92,1979.789,5609.973,13096.97,1989.36,5372.802,13433.95,2042.597,5618.282
13153.63,1983.353,5195.484,13015.43,1950.195,5710.525,13445.97,1980.544,5695.828,12959.63,1976.692,5370.956,13183.2,2022.614,5769.4,12953.47,2012.767,5466.005,13158.47,1973.057,5295.092,13235.8,1984.858,5367.609,13140.52,1977.858,5641.191,13030.3,2009.544,5290.92,13107.61,1963.221,5743.267,12978.77,1969.389,5616.318,13236.73,1979.789,5610.061,13096.8,1989.36,5372.925,13433.74,2042.597,5618.299
13153.48,1983.353,5195.63,13015.49,1950.195,5710.724,13445.76,1980.544,5695.83,12959.83,1976.692,5371.036,13183.07,2022.614,5769.56,12953.64,2012.767,5466.125,13158.3,1973.057,5295.216,13235.63,1984.858,5367.727,13140.36,1977.858,5641.319,13030.13,2009.544,5291.026,13107.57,1963.221,5743.471,12978.92,1969.389,5616.459,13236.55,1979.789,5610.155,13096.62,1989.36,5373.031,13433.54,2042.597,5618.31
13153.34,1983.353,5195.78,13015.55,1950.195,5710.924,13445.55,1980.544,5695.842,12960.02,1976.692,5371.111,13182.94,2022.614,5769.723,12953.81,2012.767,5466.239,13158.14,1973.057,5295.345,13235.46,1984.858,5367.85,13140.19,1977.858,5641.445,13029.95,2009.544,5291.137,13107.53,1963.221,5743.675,12979.07,1969.389,5616.606,13236.37,1979.789,5610.255,13096.44,1989.36,5373.143,13433.33,2042.597,5618.315
13153.19,1983.353,5195.923,13015.6,1950.195,5711.126,13445.35,1980.544,5695.848,12960.22,1976.692,5371.181,13182.81,2022.614,5769.89,12953.99,2012.767,5466.348,13157.96,1973.057,5295.459,13235.3,1984.858,5367.978,13140.03,1977.858,5641.574,13029.78,2009.544,5291.254,13107.49,1963.221,5743.88,12979.21,1969.389,5616.757,13236.18,1979.789,5610.35,13096.27,1989.36,5373.26,13433.12,2042.597,5618.327
13153.04,1983.353,5196.065,13015.64,1950.195,5711.33,13445.14,1980.544,5695.847,12960.42,1976.692,5371.245,13182.69,2022.614,5770.059,12954.17,2012.767,5466.451,13157.79,1973.057,5295.579,13235.13,1984.858,5368.098,13139.86,1977.858,5641.704,13029.61,2009.544,5291.375,13107.46,1963.221,5744.086,12979.35,1969.389,5616.913,13235.99,1979.789,5610.425,13096.1,1989.36,5373.38,13432.91,2042.597,5618.333
13152.89,1983.353,5196.212,13015.68,1950.195,5711.534,13444.93,1980.544,5695.867,12960.62,1976.692,5371.304,13182.57,2022.614,5770.232,12954.36,2012.767,5466.547,13157.63,1973.057,5295.705,13234.95,1984.858,5368.21,13139.7,1977.858,5641.831,13029.44,2009.544,5291.502,13107.43,1963.221,5744.292,12979.48,1969.389,5617.073,13235.79,1979.789,5610.506,13095.94,1989.36,5373.506,13432.7,2042.597,5618.333
13152.74,1983.353,5196.359,13015.71,1950.195,5711.74,13444.72,1980.544,5695.88,12960.82,1976.692,5371.357,13182.46,2022.614,5770.408,12954.54,2012.767,5466.643,13157.47,1973.057,5295.835,13234.78,1984.858,5368.328,13139.53,1977.858,5641.957,13029.28,2009.544,5291.633,13107.4,1963.221,5744.498,12979.61,1969.389,5617.236,13235.6,1979.789,5610.57,13095.77,1989.36,5373.632,13432.5,2042.597,5618.321
13152.59,1983.353,5196.506,13015.74,1950.195,5711.947,13444.52,1980.544,5695.887,12961.02,1976.692,5371.405,13182.35,2022.614,5770.586,12954.73,2012.767,5466.735,13157.31,1973.057,5295.971,13234.61,1984.858,5368.451,13139.37,1977.858,5642.079,13029.12,2009.544,5291.768,13107.37,1963.221,5744.705,12979.74,1969.389,5617.403,13235.4,1979.789,5610.641,13095.61,1989.36,5373.763,13432.29,2042.597,5618.315
13152.45,1983.353,5196.658,13015.76,1950.195,5712.155,13444.31,1980.544,5695.886,12961.22,1976.692,5371.447,13182.25,2022.614,5770.768,12954.92,2012.767,5466.821,13157.15,1973.057,5296.107,13234.45,1984.858,5368.58,13139.2,1977.858,5642.201,13028.97,2009.544,5291.907,13107.35,1963.221,5744.912,12979.86,1969.389,5617.574,13235.21,1979.789,5610.717,13095.44,1989.36,5373.892,13432.08,2042.597,5618.316
13152.31,1983.353,5196.815,13015.77,1950.195,5712.363,13444.1,1980.544,5695.907,12961.43,1976.692,5371.483,13182.15,2022.614,5770.952,12955.11,2012.767,5466.901,13157,1973.057,5296.249,13234.28,1984.858,5368.699,13139.03,1977.858,5642.327,13028.81,2009.544,5292.05,13107.32,1963.221,5745.119,12979.97,1969.389,5617.749,13235.01,1979.789,5610.8,13095.28,1989.36,5374.026,13431.87,2042.597,5618.334
13152.17,1983.353,5196.962,13015.77,1950.195,5712.571,13443.89,1980.544,5695.921,12961.63,1976.692,5371.515,13182.06,2022.614,5771.138,12955.3,2012.767,5466.975,13156.85,1973.057,5296.395,13234.11,1984.858,5368.824,13138.86,1977.858,5642.449,13028.67,2009.544,5292.195,13107.3,1963.221,5745.326,12980.08,1969.389,5617.928,13234.83,1979.789,5610.889,13095.13,1989.36,5374.166,13431.67,2042.597,5618.381
13152.02,1983.353,5197.114,13015.77,1950.195,5712.78,13443.69,1980.544,5695.942,12961.84,1976.692,5371.54,13181.97,2022.614,5771.327,12955.5,2012.767,5467.05,13156.69,1973.057,5296.536,13233.95,1984.858,5368.955,13138.7,1977.858,5642.575,13028.52,2009.544,5292.344,13107.29,1963.221,5745.534,12980.18,1969.389,5618.11,13234.64,1979.789,5610.984,13094.98,1989.36,5374.31,13431.46,2042.597,5618.422
13151.87,1983.353,5197.251,13015.76,1950.195,5712.988,13443.48,1980.544,5695.957,12962.05,1976.692,5371.56,13181.89,2022.614,5771.518,12955.7,2012.767,5467.119,13156.55,1973.057,5296.682,13233.79,1984.858,5369.09,13138.53,1977.858,5642.705,13028.38,2009.544,5292.496,13107.27,1963.221,5745.741,12980.27,1969.389,5618.295,13234.45,1979.789,5611.063,13094.83,1989.36,5374.459,13431.26,2042.597,5618.456
13151.71,1983.353,5197.395,13015.75,1950.195,5713.195,13443.27,1980.544,5695.97,12962.26,1976.692,5371.575,13181.81,2022.614,5771.71,12955.89,2012.767,5467.192,13156.38,1973.057,5296.809,13233.63,1984.858,5369.225,13138.37,1977.858,5642.837,13028.24,2009.544,5292.65,13107.26,1963.221,5745.949,12980.36,1969.389,5618.483,13234.26,1979.789,5611.148,13094.69,1989.36,5374.613,13431.05,2042.597,5618.482
13151.52,1983.353,5197.545,13015.72,1950.195,5713.438,13443.03,1980.544,5695.989,12962.5,1976.692,5371.6,13181.73,2022.614,5771.938,12956.12,2012.767,5467.271,13156.19,1973.057,5296.964,13233.43,1984.858,5369.366,13138.18,1977.858,5642.99,13028.08,2009.544,5292.836,13107.25,1963.221,5746.192,12980.46,1969.389,5618.706,13234.04,1979.789,5611.254,13094.52,1989.36,5374.788,13430.81,2042.597,5618.506
13151.28,1983.353,5197.751,13015.68,1950.195,5713.754,13442.71,1980.544,5696.013,12962.82,1976.692,5371.644,13181.62,2022.614,5772.24,12956.43,2012.767,5467.363,13155.95,1973.057,5297.176,13233.18,1984.858,5369.559,13137.94,1977.858,5643.197,13027.88,2009.544,5293.087,13107.24,1963.221,5746.512,12980.58,1969.389,5619.003,13233.76,1979.789,5611.403,13094.31,1989.36,5375.023,13430.49,2042.597,5618.527
13151.06,1983.353,5197.947,13015.63,1950.195,5714.042,13442.42,1980.544,5696.024,12963.1,1976.692,5371.693,13181.53,2022.614,5772.519,12956.71,2012.767,5467.448,13155.74,1973.057,5297.376,13232.95,1984.858,5369.744,13137.72,1977.858,5643.392,13027.71,2009.544,5293.322,13107.24,1963.221,5746.804,12980.68,1969.389,5619.278,13233.5,1979.789,5611.548,13094.09,1989.36,5375.224,13430.2,2042.597,5618.536
13150.57,1983.353,5198.42,13015.49,1950.195,5714.711,13441.73,1980.544,5696.03,12963.77,1976.692,5371.83,13181.34,2022.614,5773.175,12957.37,2012.767,5467.625,13155.23,1973.057,5297.828,13232.44,1984.858,5370.192,13137.23,1977.858,5643.863,13027.32,2009.544,5293.884,13107.23,1963.221,5747.487,12980.89,1969.389,5619.928,13232.92,1979.789,5611.905,13093.61,1989.36,5375.708,13429.52,2042.597,5618.581
13150.33,1983.353,5198.666,13015.41,1950.195,5715.043,13441.39,1980.544,5696.041,12964.11,1976.692,5371.91,13181.26,2022.614,5773.506,12957.7,2012.767,5467.704,13154.96,1973.057,5298.041,13232.19,1984.858,5370.425,13136.98,1977.858,5644.104,13027.13,2009.544,5294.172,13107.23,1963.221,5747.829,12980.98,1969.389,5620.257,13232.63,1979.789,5612.094,13093.38,1989.36,5375.958,13429.17,2042.597,5618.594
13149.79,1983.353,5199.185,13015.21,1950.195,5715.766,13440.64,1980.544,5696.085,12964.83,1976.692,5372.108,13181.09,2022.614,5774.237,12958.44,2012.767,5467.83,13154.39,1973.057,5298.525,13231.62,1984.858,5370.917,13136.47,1977.858,5644.649,13026.75,2009.544,5294.815,13107.24,1963.221,5748.578,12981.17,1969.389,5620.984,13232.02,1979.789,5612.527,13092.89,1989.36,5376.522,13428.42,2042.597,5618.604
13149.48,1983.353,5199.462,13015.08,1950.195,5716.162,13440.23,1980.544,5696.114,12965.23,1976.692,5372.23,13181.01,2022.614,5774.643,12958.84,2012.767,5467.913,13154.08,1973.057,5298.803,13231.32,1984.858,5371.2,13136.19,1977.858,5644.957,13026.55,2009.544,5295.178,13107.25,1963.221,5748.992,12981.25,1969.389,5621.389,13231.69,1979.789,5612.777,13092.62,1989.36,5376.843,13428.01,2042.597,5618.623
13148.97,1983.353,5199.894,13014.86,1950.195,5716.795,13439.56,1980.544,5696.138,12965.86,1976.692,5372.449,13180.89,2022.614,5775.302,12959.5,2012.767,5468.069,13153.6,1973.057,5299.268,13230.83,1984.858,5371.665,13135.73,1977.858,5645.442,13026.24,2009.544,5295.774,13107.28,1963.221,5749.661,12981.38,1969.389,5622.048,13231.15,1979.789,5613.17,13092.22,1989.36,5377.375,13427.34,2042.597,5618.664
13148.43,1983.353,5200.369,13014.6,1950.195,5717.47,13438.84,1980.544,5696.126,12966.53,1976.692,5372.708,13180.78,2022.614,5776.017,12960.19,2012.767,5468.26,13153.05,1973.057,5299.736,13230.32,1984.858,5372.171,13135.25,1977.858,5645.979,13025.93,2009.544,5296.428,13107.31,1963.221,5750.383,12981.48,1969.389,5622.763,13230.57,1979.789,5613.606,13091.8,1989.36,5377.964,13426.63,2042.597,5618.796
13147.82,1983.353,5200.844,13014.31,1950.195,5718.178,13438.07,1980.544,5696.133,12967.24,1976.692,5373.006,13180.68,2022.614,5776.78,12960.93,2012.767,5468.487,13152.48,1973.057,5300.252,13229.75,1984.858,5372.691,13134.75,1977.858,5646.564,13025.63,2009.544,5297.133,13107.36,1963.221,5751.149,12981.57,1969.389,5623.526,13229.97,1979.789,5614.09,13091.33,1989.36,5378.574,13425.87,2042.597,5618.918
13147.17,1983.353,5201.338,13013.96,1950.195,5718.921,13437.25,1980.544,5696.162,12967.98,1976.692,5373.348,13180.6,2022.614,5777.594,12961.7,2012.767,5468.754,13151.89,1973.057,5300.821,13229.08,1984.858,5373.163,13134.23,1977.858,5647.201,13025.33,2009.544,5297.895,13107.42,1963.221,5751.965,12981.64,1969.389,5624.341,13229.36,1979.789,5614.625,13090.79,1989.36,5379.187,13425.06,2042.597,5619.026
13146.48,1983.353,5201.869,13013.57,1950.195,5719.698,13436.38,1980.544,5696.215,12968.76,1976.692,5373.737,13180.54,2022.614,5778.46,12962.51,2012.767,5469.064,13151.25,1973.057,5301.405,13228.39,1984.858,5373.687,13133.71,1977.858,5647.892,13025.04,2009.544,5298.713,13107.49,1963.221,5752.831,12981.68,1969.389,5625.209,13228.72,1979.789,5615.215,13090.23,1989.36,5379.852,13424.2,2042.597,5619.12
13145.77,1983.353,5202.447,13013.19,1950.195,5720.529,13435.47,1980.544,5696.293,12969.57,1976.692,5374.172,13180.5,2022.614,5779.374,12963.36,2012.767,5469.419,13150.59,1973.057,5302.041,13227.68,1984.858,5374.262,13133.17,1977.858,5648.633,13024.75,2009.544,5299.581,13107.55,1963.221,5753.744,12981.7,1969.389,5626.125,13228.07,1979.789,5615.857,13089.62,1989.36,5380.533,13423.29,2042.597,5619.194
13145.05,1983.353,5203.076,13012.82,1950.195,5721.411,13434.52,1980.544,5696.4,12970.39,1976.692,5374.652,13180.47,2022.614,5780.33,12964.23,2012.767,5469.819,13149.88,1973.057,5302.684,13226.95,1984.858,5374.888,13132.61,1977.858,5649.408,13024.47,2009.544,5300.495,13107.58,1963.221,5754.7,12981.69,1969.389,5627.081,13227.41,1979.789,5616.551,13088.96,1989.36,5381.224,13422.33,2042.597,5619.248
13144.32,1983.353,5203.756,13012.46,1950.195,5722.344,13433.53,1980.544,5696.538,12971.24,1976.692,5375.18,13180.48,2022.614,5781.33,12965.13,2012.767,5470.254,13149.16,1973.057,5303.379,13226.22,1984.858,5375.565,13132.04,1977.858,5650.233,13024.19,2009.544,5301.456,13107.59,1963.221,5755.699,12981.64,1969.389,5628.08,13226.74,1979.789,5617.297,13088.29,1989.36,5381.966,13421.33,2042.597,5619.279
13143.58,1983.353,5204.495,13012.12,1950.195,5723.335,13432.5,1980.544,5696.708,12972.12,1976.692,5375.76,13180.51,2022.614,5782.377,12966.05,2012.767,5470.741,13148.34,1973.057,5304.034,13225.47,1984.858,5376.301,13131.48,1977.858,5651.113,13023.93,2009.544,5302.469,13107.57,1963.221,5756.747,12981.56,1969.389,5629.125,13226.07,1979.789,5618.103,13087.56,1989.36,5382.721,13420.28,2042.597,5619.284
13142.79,1983.353,5205.241,13011.8,1950.195,5724.373,13431.43,1980.544,5696.912,12973,1976.692,5376.39,13180.57,2022.614,5783.462,12967,2012.767,5471.277,13147.52,1973.057,5304.741,13224.67,1984.858,5377.038,13130.91,1977.858,5652.041,13023.68,2009.544,5303.526,13107.52,1963.221,5757.833,12981.43,1969.389,5630.204,13225.33,1979.789,5618.896,13086.78,1989.36,5383.48,13419.2,2042.597,5619.262
13141.96,1983.353,5205.998,13011.5,1950.195,5725.456,13430.32,1980.544,5697.086,12973.9,1976.692,5377.068,13180.66,2022.614,5784.581,12967.96,2012.767,5471.863,13146.69,1973.057,5305.499,13223.97,1984.858,5377.91,13130.34,1977.858,5653.008,13023.44,2009.544,5304.624,13107.45,1963.221,5758.953,12981.27,1969.389,5631.315,13224.57,1979.789,5619.726,13085.96,1989.36,5384.241,13418.07,2042.597,5619.276
13141.06,1983.353,5206.698,13011.23,1950.195,5726.563,13429.19,1980.544,5697.227,12974.78,1976.692,5377.783,13180.77,2022.614,5785.713,12968.91,2012.767,5472.488,13145.88,1973.057,5306.294,13223.28,1984.858,5378.82,13129.73,1977.858,5653.97,13023.23,2009.544,5305.743,13107.34,1963.221,5760.086,12981.07,1969.389,5632.436,13223.83,1979.789,5620.592,13085.1,1989.36,5384.995,13416.94,2042.597,5619.327
13140.01,1983.353,5207.571,13010.96,1950.195,5727.9,13427.83,1980.544,5697.35,12975.82,1976.692,5378.673,13180.95,2022.614,5787.067,12970.03,2012.767,5473.274,13144.93,1973.057,5307.279,13222.43,1984.858,5379.885,13128.96,1977.858,5655.099,13023.01,2009.544,5307.09,13107.18,1963.221,5761.442,12980.95,1969.389,5633.796,13222.98,1979.789,5621.659,13084.08,1989.36,5385.898,13415.58,2042.597,5619.433
13139.71,1983.353,5207.835,13010.89,1950.195,5728.292,13427.44,1980.544,5697.373,12976.11,1976.692,5378.941,13181.01,2022.614,5787.459,12970.34,2012.767,5473.514,13144.66,1973.057,5307.575,13222.17,1984.858,5380.187,13128.73,1977.858,5655.42,13022.96,2009.544,5307.483,13107.12,1963.221,5761.835,12980.91,1969.389,5634.19,13222.74,1979.789,5621.978,13083.77,1989.36,5386.151,13415.18,2042.597,5619.451
13138.64,1983.353,5208.758,13010.7,1950.195,5729.689,13426.03,1980.544,5697.427,12977.12,1976.692,5379.923,13181.26,2022.614,5788.847,12971.47,2012.767,5474.356,13143.72,1973.057,5308.625,13221.43,1984.858,5381.386,13127.86,1977.858,5656.532,13022.79,2009.544,5308.884,13106.88,1963.221,5763.225,12980.69,1969.389,5635.584,13221.94,1979.789,5623.135,13082.68,1989.36,5387.048,13413.77,2042.597,5619.388
13137.9,1983.353,5209.442,13010.67,1950.195,5730.696,13425.02,1980.544,5697.432,12977.82,1976.692,5380.647,13181.47,2022.614,5789.833,12972.26,2012.767,5474.985,13143.07,1973.057,5309.395,13220.89,1984.858,5382.241,13127.21,1977.858,5657.306,13022.7,2009.544,5309.888,13106.69,1963.221,5764.213,12980.57,1969.389,5636.584,13221.39,1979.789,5623.98,13081.93,1989.36,5387.714,13412.76,2042.597,5619.344
13137.18,1983.353,5210.156,13010.6,1950.195,5731.711,13424,1980.544,5697.404,12978.51,1976.692,5381.399,13181.7,2022.614,5790.823,12973.04,2012.767,5475.645,13142.39,1973.057,5310.15,13220.33,1984.858,5383.086,13126.54,1977.858,5658.065,13022.6,2009.544,5310.898,13106.46,1963.221,5765.204,12980.48,1969.389,5637.597,13220.86,1979.789,5624.851,13081.19,1989.36,5388.41,13411.75,2042.597,5619.248
13136.44,1983.353,5210.907,13010.5,1950.195,5732.76,13422.95,1980.544,5697.341,12979.19,1976.692,5382.199,13181.96,2022.614,5791.844,12973.82,2012.767,5476.354,13141.71,1973.057,5310.957,13219.71,1984.858,5383.942,13125.86,1977.858,5658.874,13022.48,2009.544,5311.945,13106.2,1963.221,5766.226,12980.39,1969.389,5638.648,13220.29,1979.789,5625.735,13080.44,1989.36,5389.156,13410.71,2042.597,5619.077
13135.93,1983.353,5211.459,13010.41,1950.195,5733.505,13422.2,1980.544,5697.303,12979.67,1976.692,5382.784,13182.17,2022.614,5792.566,12974.35,2012.767,5476.878,13141.21,1973.057,5311.515,13219.26,1984.858,5384.538,13125.4,1977.858,5659.465,13022.38,2009.544,5312.69,13106,1963.221,5766.948,12980.36,1969.389,5639.399,13219.86,1979.789,5626.352,13079.93,1989.36,5389.704,13409.97,2042.597,5618.967
13134.83,1983.353,5212.743,13010.28,1950.195,5735.196,13420.51,1980.544,5697.195,12980.69,1976.692,5384.135,13182.67,2022.614,5794.184,12975.55,2012.767,5478.076,13140.09,1973.057,5312.787,13218.24,1984.858,5385.894,13124.4,1977.858,5660.833,13022.13,2009.544,5314.367,13105.49,1963.221,5768.567,12980.23,1969.389,5641.089,13218.98,1979.789,5627.801,13078.81,1989.36,5390.978,13408.3,2042.597,5618.634
13134.41,1983.353,5213.255,13010.21,1950.195,5735.851,13419.85,1980.544,5697.132,12981.07,1976.692,5384.672,13182.85,2022.614,5794.819,12976,2012.767,5478.556,13139.64,1973.057,5313.268,13217.83,1984.858,5386.407,13124.02,1977.858,5661.375,13022.03,2009.544,5315.016,13105.32,1963.221,5769.201,12980.2,1969.389,5641.747,13218.64,1979.789,5628.364,13078.39,1989.36,5391.486,13407.66,2042.597,5618.526
13133.42,1983.353,5214.404,13010.24,1950.195,5737.37,13418.35,1980.544,5696.937,12981.91,1976.692,5385.937,13183.2,2022.614,5796.295,12977.01,2012.767,5479.696,13138.6,1973.057,5314.373,13216.84,1984.858,5387.56,13123.2,1977.858,5662.654,13021.75,2009.544,5316.51,13104.96,1963.221,5770.677,12980.12,1969.389,5643.263,13217.81,1979.789,5629.636,13077.46,1989.36,5392.69,13406.17,2042.597,5618.211
13133.01,1983.353,5214.909,13010.23,1950.195,5738.019,13417.71,1980.544,5696.833,12982.25,1976.692,5386.488,13183.33,2022.614,5796.931,12977.42,2012.767,5480.197,13138.17,1973.057,5314.859,13216.4,1984.858,5388.038,13122.87,1977.858,5663.211,13021.63,2009.544,5317.146,13104.83,1963.221,5771.313,12980.1,1969.389,5643.912,13217.44,1979.789,5630.167,13077.08,1989.36,5393.217,13405.54,2042.597,5618.064
13132.54,1983.353,5215.668,13010.2,1950.195,5738.912,13416.83,1980.544,5696.66,12982.7,1976.692,5387.262,13183.48,2022.614,5797.811,12977.96,2012.767,5480.905,13137.6,1973.057,5315.547,13215.82,1984.858,5388.716,13122.43,1977.858,5663.991,13021.43,2009.544,5318.018,13104.67,1963.221,5772.193,12980.11,1969.389,5644.805,13216.95,1979.789,5630.916,13076.59,1989.36,5393.959,13404.66,2042.597,5617.891
13132.03,1983.353,5216.438,13010.2,1950.195,5739.837,13415.91,1980.544,5696.551,12983.14,1976.692,5388.078,13183.61,2022.614,5798.728,12978.5,2012.767,5481.657,13136.99,1973.057,5316.244,13215.24,1984.858,5389.438,13122.01,1977.858,5664.811,13021.21,2009.544,5318.917,13104.54,1963.221,5773.109,12980.15,1969.389,5645.73,13216.47,1979.789,5631.708,13076.1,1989.36,5394.745,13403.79,2042.597,5617.584
13131.49,1983.353,5217.195,13010.22,1950.195,5740.768,13414.99,1980.544,5696.411,12983.55,1976.692,5388.911,13183.71,2022.614,5799.653,12979.02,2012.767,5482.43,13136.36,1973.057,5316.928,13214.63,1984.858,5390.144,13121.6,1977.858,5665.646,13020.98,2009.544,5319.816,13104.44,1963.221,5774.034,12980.12,1969.389,5646.66,13215.89,1979.789,5632.439,13075.63,1989.36,5395.55,13402.9,2042.597,5617.304
13130.9,1983.353,5217.967,13010.32,1950.195,5741.734,13414.03,1980.544,5696.243,12983.96,1976.692,5389.794,13183.78,2022.614,5800.622,12979.54,2012.767,5483.254,13135.68,1973.057,5317.628,13214.05,1984.858,5390.92,13121.14,1977.858,5666.505,13020.71,2009.544,5320.75,13104.36,1963.221,5775.002,12980.12,1969.389,5647.631,13215.32,1979.789,5633.223,13075.17,1989.36,5396.407,13401.96,2042.597,5617.042
13130.24,1983.353,5218.768,13010.39,1950.195,5742.768,13413.02,1980.544,5696.031,12984.36,1976.692,5390.748,13183.82,2022.614,5801.657,12980.06,2012.767,5484.151,13134.96,1973.057,5318.365,13213.4,1984.858,5391.727,13120.63,1977.858,5667.405,13020.4,2009.544,5321.738,13104.31,1963.221,5776.037,12980.15,1969.389,5648.667,13214.73,1979.789,5634.078,13074.71,1989.36,5397.335,13400.96,2042.597,5616.796
13129.15,1983.353,5220.124,13010.45,1950.195,5744.508,13411.33,1980.544,5695.618,12984.99,1976.692,5392.373,13183.83,2022.614,5803.398,12980.9,2012.767,5485.673,13133.77,1973.057,5319.638,13212.26,1984.858,5393.046,13119.72,1977.858,5668.888,13019.84,2009.544,5323.386,13104.28,1963.221,5777.778,12980.26,1969.389,5650.404,13213.8,1979.789,5635.547,13073.99,1989.36,5398.92,13399.25,2042.597,5616.438
13128.96,1983.353,5220.324,13010.44,1950.195,5744.784,13411.06,1980.544,5695.562,12985.08,1976.692,5392.633,13183.84,2022.614,5803.675,12981.06,2012.767,5485.9,13133.59,1973.057,5319.845,13212.07,1984.858,5393.25,13119.56,1977.858,5669.118,13019.74,2009.544,5323.646,13104.28,1963.221,5778.054,12980.29,1969.389,5650.679,13213.66,1979.789,5635.785,13073.89,1989.36,5399.175,13398.98,2042.597,5616.38
13127.86,1983.353,5221.382,13010.35,1950.195,5746.307,13409.58,1980.544,5695.2,12985.54,1976.692,5394.088,13184.04,2022.614,5805.188,12981.88,2012.767,5487.183,13132.61,1973.057,5321.017,13211.01,1984.858,5394.34,13118.68,1977.858,5670.362,13019.18,2009.544,5325.064,13104.32,1963.221,5779.579,12980.39,1969.389,5652.202,13212.92,1979.789,5637.123,13073.35,1989.36,5400.603,13397.48,2042.597,5616.105
13126.81,1983.353,5222.46,13010.31,1950.195,5747.811,13408.1,1980.544,5694.892,12985.95,1976.692,5395.534,13184.19,2022.614,5806.685,12982.67,2012.767,5488.468,13131.61,1973.057,5322.145,13209.99,1984.858,5395.448,13117.77,1977.858,5671.56,13018.59,2009.544,5326.449,13104.41,1963.221,5781.081,12980.47,1969.389,5653.704,13212.25,1979.789,5638.464,13072.86,1989.36,5402.027,13395.99,2042.597,5615.913
13126.6,1983.353,5222.686,13010.31,1950.195,5748.117,13407.8,1980.544,5694.839,12986.03,1976.692,5395.83,13184.21,2022.614,5806.99,12982.82,2012.767,5488.734,13131.41,1973.057,5322.369,13209.79,1984.858,5395.676,13117.59,1977.858,5671.809,13018.47,2009.544,5326.727,13104.43,1963.221,5781.386,12980.49,1969.389,5654.009,13212.1,1979.789,5638.732,13072.77,1989.36,5402.319,13395.69,2042.597,5615.864
13125.31,1983.353,5224.091,13010.38,1950.195,5750.022,13405.91,1980.544,5694.571,12986.46,1976.692,5397.688,13184.32,2022.614,5808.894,12983.72,2012.767,5490.414,13130.09,1973.057,5323.746,13208.63,1984.858,5397.194,13116.54,1977.858,5673.397,13017.63,2009.544,5328.44,13104.62,1963.221,5783.282,12980.62,1969.389,5655.911,13211.13,1979.789,5640.374,13072.28,1989.36,5404.161,13393.82,2042.597,5615.497
13124.58,1983.353,5224.692,13010.35,1950.195,5750.97,13404.98,1980.544,5694.407,12986.64,1976.692,5398.618,13184.39,2022.614,5809.839,12984.15,2012.767,5491.261,13129.45,1973.057,5324.45,13208.03,1984.858,5397.931,13116.04,1977.858,5674.204,13017.19,2009.544,5329.281,13104.73,1963.221,5784.225,12980.72,1969.389,5656.855,13210.62,1979.789,5641.174,13072.06,1989.36,5405.084,13392.89,2042.597,5615.316
13123.59,1983.353,5225.561,13010.35,1950.195,5752.289,13403.66,1980.544,5694.339,12986.87,1976.692,5399.917,13184.48,2022.614,5811.155,12984.71,2012.767,5492.453,13128.6,1973.057,5325.453,13207.17,1984.858,5398.926,13115.38,1977.858,5675.346,13016.55,2009.544,5330.433,13104.89,1963.221,5785.534,12980.89,1969.389,5658.164,13209.87,1979.789,5642.263,13071.8,1989.36,5406.378,13391.58,2042.597,5615.108
13122.6,1983.353,5226.482,13010.39,1950.195,5753.638,13402.32,1980.544,5694.226,12987.07,1976.692,5401.251,13184.62,2022.614,5812.498,12985.26,2012.767,5493.686,13127.75,1973.057,5326.502,13206.25,1984.858,5399.916,13114.74,1977.858,5676.535,13015.86,2009.544,5331.592,13105.06,1963.221,5786.872,12981.08,1969.389,5659.499,13209.03,1979.789,5643.317,13071.58,1989.36,5407.709,13390.25,2042.597,5614.879
13121.61,1983.353,5227.473,13010.48,1950.195,5755.037,13400.92,1980.544,5694.091,12987.24,1976.692,5402.643,13184.76,2022.614,5813.893,12985.79,2012.767,5494.981,13126.9,1973.057,5327.618,13205.26,1984.858,5400.913,13114.04,1977.858,5677.748,13015.11,2009.544,5332.777,13105.27,1963.221,5788.258,12981.24,1969.389,5660.892,13208.19,1979.789,5644.44,13071.4,1989.36,5409.099,13388.88,2042.597,5614.616
13119.97,1983.353,5229.099,13010.71,1950.195,5757.333,13398.63,1980.544,5693.795,12987.45,1976.692,5404.939,13184.9,2022.614,5816.196,12986.63,2012.767,5497.132,13125.48,1973.057,5329.437,13203.7,1984.858,5402.605,13112.81,1977.858,5679.704,13013.82,2009.544,5334.689,13105.6,1963.221,5790.541,12981.43,1969.389,5663.191,13206.87,1979.789,5646.333,13071.17,1989.36,5411.395,13386.65,2042.597,5614.027
13119.72,1983.353,5229.362,13010.75,1950.195,5757.692,13398.28,1980.544,5693.737,12987.48,1976.692,5405.3,13184.92,2022.614,5816.557,12986.75,2012.767,5497.472,13125.26,1973.057,5329.719,13203.46,1984.858,5402.878,13112.61,1977.858,5680.003,13013.61,2009.544,5334.983,13105.66,1963.221,5790.897,12981.45,1969.389,5663.552,13206.67,1979.789,5646.635,13071.14,1989.36,5411.755,13386.29,2042.597,5613.947
13118.67,1983.353,5230.55,13010.9,1950.195,5759.27,13396.72,1980.544,5693.432,12987.54,1976.692,5406.883,13185.04,2022.614,5818.137,12987.26,2012.767,5498.973,13124.25,1973.057,5330.939,13202.44,1984.858,5404.094,13111.69,1977.858,5681.29,13012.65,2009.544,5336.243,13105.92,1963.221,5792.461,12981.5,1969.389,5665.136,13205.85,1979.789,5647.992,13071.09,1989.36,5413.339,13384.77,2042.597,5613.524
13117.68,1983.353,5231.505,13011.07,1950.195,5760.637,13395.38,1980.544,5693.122,12987.56,1976.692,5408.26,13185.2,2022.614,5819.505,12987.67,2012.767,5500.286,13123.35,1973.057,5331.983,13201.41,1984.858,5405.003,13110.85,1977.858,5682.38,13011.78,2009.544,5337.313,13106.16,1963.221,5793.816,12981.59,1969.389,5666.51,13205.18,1979.789,5649.193,13071.08,1989.36,5414.716,13383.43,2042.597,5613.201
13116.75,1983.353,5232.465,13011.28,1950.195,5761.958,13394.06,1980.544,5692.907,12987.54,1976.692,5409.598,13185.26,2022.614,5820.842,12988.05,2012.767,5501.57,13122.46,1973.057,5332.979,13200.43,1984.858,5405.919,13110.06,1977.858,5683.466,13010.91,2009.544,5338.328,13106.43,1963.221,5795.127,12981.71,1969.389,5667.843,13204.49,1979.789,5650.338,13071.13,1989.36,5416.054,13382.16,2042.597,5612.765
13115.08,1983.353,5234.031,13011.56,1950.195,5764.233,13391.81,1980.544,5692.465,12987.45,1976.692,5411.888,13185.45,2022.614,5823.126,12988.65,2012.767,5503.781,13120.88,1973.057,5334.646,13198.81,1984.858,5407.541,13108.78,1977.858,5685.367,13009.38,2009.544,5340.033,13106.9,1963.221,5797.369,12981.81,1969.389,5670.133,13203.24,1979.789,5652.26,13071.26,1989.36,5418.342,13379.97,2042.597,5612.091
13114.86,1983.353,5234.248,13011.56,1950.195,5764.541,13391.51,1980.544,5692.396,12987.43,1976.692,5412.194,13185.49,2022.614,5823.432,12988.72,2012.767,5504.079,13120.67,1973.057,5334.865,13198.58,1984.858,5407.736,13108.62,1977.858,5685.627,13009.17,2009.544,5340.257,13106.97,1963.221,5797.669,12981.83,1969.389,5670.44,13203.06,1979.789,5652.512,13071.28,1989.36,5418.648,13379.67,2042.597,5612.01
13113.63,1983.353,5235.347,13011.62,1950.195,5766.188,13389.87,1980.544,5692.233,12987.28,1976.692,5413.835,13185.73,2022.614,5825.062,12989.1,2012.767,5505.682,13119.47,1973.057,5336.003,13197.34,1984.858,5408.824,13107.79,1977.858,5687.05,13008.01,2009.544,5341.432,13107.29,1963.221,5799.284,12982.1,1969.389,5672.066,13202.17,1979.789,5653.895,13071.46,1989.36,5420.287,13378.12,2042.597,5611.471
13112.79,1983.353,5236.147,13011.7,1950.195,5767.345,13388.72,1980.544,5692.081,12987.14,1976.692,5414.987,13185.79,2022.614,5826.22,12989.35,2012.767,5506.814,13118.61,1973.057,5336.78,13196.49,1984.858,5409.618,13107.23,1977.858,5688.069,13007.18,2009.544,5342.238,13107.52,1963.221,5800.421,12982.25,1969.389,5673.216,13201.47,1979.789,5654.823,13071.62,1989.36,5421.436,13377.01,2042.597,5611.128
13112.16,1983.353,5236.68,13011.78,1950.195,5768.166,13387.91,1980.544,5691.957,12987.02,1976.692,5415.803,13185.87,2022.614,5827.042,12989.52,2012.767,5507.623,13117.98,1973.057,5337.314,13195.87,1984.858,5410.163,13106.81,1977.858,5688.78,13006.57,2009.544,5342.797,13107.67,1963.221,5801.232,12982.47,1969.389,5674.01,13201,1979.789,5655.5,13071.75,1989.36,5422.25,13376.22,2042.597,5610.897
13111.35,1983.353,5237.2,13011.91,1950.195,5769.121,13386.96,1980.544,5691.781,12986.85,1976.692,5416.752,13185.98,2022.614,5827.999,12989.7,2012.767,5508.568,13117.23,1973.057,5337.917,13195.13,1984.858,5410.775,13106.3,1977.858,5689.594,13005.85,2009.544,5343.431,13107.85,1963.221,5802.178,12982.7,1969.389,5674.946,13200.47,1979.789,5656.307,13071.93,1989.36,5423.196,13375.29,2042.597,5610.644
13110.11,1983.353,5238.051,13012.16,1950.195,5770.6,13385.47,1980.544,5691.586,12986.56,1976.692,5418.221,13186.21,2022.614,5829.48,12989.96,2012.767,5510.043,13116.03,1973.057,5338.818,13193.94,1984.858,5411.69,13105.46,1977.858,5690.835,13004.7,2009.544,5344.388,13108.12,1963.221,5803.652,12983.01,1969.389,5676.413,13199.7,1979.789,5657.589,13072.24,1989.36,5424.663,13373.83,2042.597,5610.298
13109.02,1983.353,5238.855,13012.42,1950.195,5771.928,13384.13,1980.544,5691.367,12986.25,1976.692,5419.542,13186.46,2022.614,5830.813,12990.18,2012.767,5511.379,13114.93,1973.057,5339.599,13192.84,1984.858,5412.482,13104.66,1977.858,5691.931,13003.63,2009.544,5345.226,13108.4,1963.221,5804.979,12983.3,1969.389,5677.738,13199.03,1979.789,5658.771,13072.55,1989.36,5425.981,13372.5,2042.597,5610.028
13108.21,1983.353,5239.5,13012.51,1950.195,5772.963,13383.1,1980.544,5691.328,12985.99,1976.692,5420.548,13186.61,2022.614,5831.84,12990.34,2012.767,5512.405,13114.06,1973.057,5340.172,13191.98,1984.858,5413.061,13104.08,1977.858,5692.79,13002.8,2009.544,5345.846,13108.63,1963.221,5805.99,12983.55,1969.389,5678.746,13198.49,1979.789,5659.66,13072.81,1989.36,5426.986,13371.47,2042.597,5609.855
13107.56,1983.353,5239.98,13012.61,1950.195,5773.767,13382.29,1980.544,5691.271,12985.77,1976.692,5421.326,13186.75,2022.614,5832.638,12990.46,2012.767,5513.205,13113.37,1973.057,5340.597,13191.29,1984.858,5413.49,13103.6,1977.858,5693.447,13002.13,2009.544,5346.311,13108.81,1963.221,5806.779,12983.77,1969.389,5679.524,13198.05,1979.789,5660.338,13073.04,1989.36,5427.764,13370.67,2042.597,5609.747
13107.38,1983.353,5240.125,13012.65,1950.195,5773.997,13382.06,1980.544,5691.247,12985.7,1976.692,5421.548,13186.77,2022.614,5832.87,12990.49,2012.767,5513.436,13113.17,1973.057,5340.713,13191.09,1984.858,5413.607,13103.46,1977.858,5693.632,13001.94,2009.544,5346.439,13108.87,1963.221,5807.005,12983.84,1969.389,5679.747,13197.92,1979.789,5660.53,13073.11,1989.36,5427.986,13370.44,2042.597,5609.723
13106.48,1983.353,5240.787,13012.85,1950.195,5775.093,13380.94,1980.544,5691.279,12985.34,1976.692,5422.604,13186.94,2022.614,5833.974,12990.64,2012.767,5514.541,13112.19,1973.057,5341.238,13190.11,1984.858,5414.135,13102.77,1977.858,5694.503,13000.99,2009.544,5347.028,13109.13,1963.221,5808.09,12984.22,1969.389,5680.797,13197.25,1979.789,5661.423,13073.46,1989.36,5429.044,13369.33,2042.597,5609.573
13105.74,1983.353,5241.299,13013.05,1950.195,5775.974,13380.04,1980.544,5691.285,12985.03,1976.692,5423.448,13187.09,2022.614,5834.861,12990.75,2012.767,5515.435,13111.38,1973.057,5341.637,13189.3,1984.858,5414.537,13102.19,1977.858,5695.201,13000.21,2009.544,5347.482,13109.34,1963.221,5808.965,12984.55,1969.389,5681.636,13196.69,1979.789,5662.126,13073.76,1989.36,5429.894,13368.44,2042.597,5609.481
13105.08,1983.353,5241.718,13013.24,1950.195,5776.725,13379.27,1980.544,5691.264,12984.74,1976.692,5424.167,13187.26,2022.614,5835.62,12990.85,2012.767,5516.205,13110.67,1973.057,5341.958,13188.6,1984.858,5414.859,13101.69,1977.858,5695.789,12999.53,2009.544,5347.854,13109.55,1963.221,5809.713,12984.85,1969.389,5682.348,13196.18,1979.789,5662.716,13074.04,1989.36,5430.619,13367.66,2042.597,5609.427
13104.31,1983.353,5242.204,13013.5,1950.195,5777.603,13378.35,1980.544,5691.21,12984.37,1976.692,5425.006,13187.47,2022.614,5836.507,12990.96,2012.767,5517.112,13109.83,1973.057,5342.309,13187.75,1984.858,5415.211,13101.08,1977.858,5696.47,12998.72,2009.544,5348.269,13109.81,1963.221,5810.589,12985.24,1969.389,5683.175,13195.56,1979.789,5663.39,13074.38,1989.36,5431.466,13366.76,2042.597,5609.314
13103.7,1983.353,5242.559,13013.71,1950.195,5778.271,13377.65,1980.544,5691.146,12984.08,1976.692,5425.644,13187.67,2022.614,5837.184,12991.03,2012.767,5517.81,13109.17,1973.057,5342.559,13187.1,1984.858,5415.462,13100.6,1977.858,5696.984,12998.08,2009.544,5348.569,13110.03,1963.221,5811.258,12985.56,1969.389,5683.801,13195.12,1979.789,5663.932,13074.65,1989.36,5432.114,13366.06,2042.597,5609.244
13103.01,1983.353,5242.931,13013.98,1950.195,5779.006,13376.88,1980.544,5691.048,12983.73,1976.692,5426.344,13187.9,2022.614,5837.93,12991.12,2012.767,5518.587,13108.43,1973.057,5342.813,13186.36,1984.858,5415.717,13100.08,1977.858,5697.565,12997.37,2009.544,5348.883,13110.29,1963.221,5811.995,12985.94,1969.389,5684.485,13194.6,1979.789,5664.518,13074.97,1989.36,5432.829,13365.28,2042.597,5609.233
13102.35,1983.353,5243.304,13014.26,1950.195,5779.712,13376.12,1980.544,5690.979,12983.37,1976.692,5427.017,13188.05,2022.614,5838.677,12991.2,2012.767,5519.343,13107.7,1973.057,5343.038,13185.63,1984.858,5415.942,13099.56,1977.858,5698.123,12996.66,2009.544,5349.168,13110.56,1963.221,5812.703,12986.33,1969.389,5685.139,13194.07,1979.789,5665.07,13075.29,1989.36,5433.518,13364.52,2042.597,5609.198
13101.7,1983.353,5243.643,13014.56,1950.195,5780.383,13375.39,1980.544,5690.896,12983.01,1976.692,5427.655,13188.21,2022.614,5839.391,12991.28,2012.767,5520.071,13107,1973.057,5343.231,13184.92,1984.858,5416.137,13099.06,1977.858,5698.655,12995.97,2009.544,5349.422,13110.85,1963.221,5813.379,12986.73,1969.389,5685.755,13193.55,1979.789,5665.586,13075.61,1989.36,5434.177,13363.78,2042.597,5609.227
13101.06,1983.353,5243.952,13014.87,1950.195,5781.028,13374.68,1980.544,5690.84,12982.65,1976.692,5428.269,13188.4,2022.614,5840.081,12991.35,2012.767,5520.781,13106.3,1973.057,5343.397,13184.23,1984.858,5416.308,13098.56,1977.858,5699.167,12995.3,2009.544,5349.65,13111.14,1963.221,5814.031,12987.13,1969.389,5686.344,13193.03,1979.789,5666.071,13075.93,1989.36,5434.815,13363.07,2042.597,5609.235
13100.18,1983.353,5244.337,13015.3,1950.195,5781.875,13373.73,1980.544,5690.795,12982.14,1976.692,5429.075,13188.67,2022.614,5840.994,12991.45,2012.767,5521.729,13105.37,1973.057,5343.59,13183.3,1984.858,5416.511,13097.89,1977.858,5699.846,12994.38,2009.544,5349.928,13111.55,1963.221,5814.891,12987.7,1969.389,5687.111,13192.35,1979.789,5666.742,13076.37,1989.36,5435.66,13362.12,2042.597,5609.215
13099.98,1983.353,5244.419,13015.41,1950.195,5782.068,13373.5,1980.544,5690.81,12982.02,1976.692,5429.259,13188.74,2022.614,5841.204,12991.47,2012.767,5521.949,13105.15,1973.057,5343.637,13183.08,1984.858,5416.559,13097.74,1977.858,5700.003,12994.17,2009.544,5349.986,13111.65,1963.221,5815.088,12987.84,1969.389,5687.285,13192.19,1979.789,5666.896,13076.48,1989.36,5435.854,13361.89,2042.597,5609.218
13099.2,1983.353,5244.704,13015.84,1950.195,5782.78,13372.69,1980.544,5690.942,12981.54,1976.692,5429.937,13189.03,2022.614,5841.981,12991.56,2012.767,5522.774,13104.34,1973.057,5343.827,13182.27,1984.858,5416.734,13097.15,1977.858,5700.592,12993.36,2009.544,5350.18,13112.05,1963.221,5815.814,12988.37,1969.389,5687.92,13191.58,1979.789,5667.452,13076.88,1989.36,5436.579,13361.06,2042.597,5609.217
13098.6,1983.353,5244.9,13016.18,1950.195,5783.307,13372.06,1980.544,5691.021,12981.17,1976.692,5430.442,13189.27,2022.614,5842.562,12991.6,2012.767,5523.401,13103.73,1973.057,5343.978,13181.66,1984.858,5416.887,13096.71,1977.858,5701.034,12992.75,2009.544,5350.308,13112.37,1963.221,5816.354,12988.79,1969.389,5688.387,13191.1,1979.789,5667.857,13077.19,1989.36,5437.123,13360.44,2042.597,5609.238
13098.02,1983.353,5245.071,13016.53,1950.195,5783.808,13371.46,1980.544,5691.12,12980.79,1976.692,5430.925,13189.52,2022.614,5843.118,12991.62,2012.767,5524.009,13103.15,1973.057,5344.133,13181.08,1984.858,5417.055,13096.27,1977.858,5701.462,12992.15,2009.544,5350.414,13112.7,1963.221,5816.869,12989.21,1969.389,5688.826,13190.65,1979.789,5668.265,13077.5,1989.36,5437.646,13359.83,2042.597,5609.252
13097.39,1983.353,5245.234,13016.92,1950.195,5784.331,13370.82,1980.544,5691.204,12980.39,1976.692,5431.433,13189.81,2022.614,5843.703,12991.63,2012.767,5524.66,13102.52,1973.057,5344.307,13180.46,1984.858,5417.254,13095.81,1977.858,5701.918,12991.5,2009.544,5350.508,13113.06,1963.221,5817.407,12989.68,1969.389,5689.28,13190.15,1979.789,5668.688,13077.84,1989.36,5438.203,13359.18,2042.597,5609.248
13096.82,1983.353,5245.36,13017.27,1950.195,5784.785,13370.24,1980.544,5691.259,12980.02,1976.692,5431.879,13190.08,2022.614,5844.216,12991.61,2012.767,5525.239,13101.96,1973.057,5344.469,13179.91,1984.858,5417.45,13095.41,1977.858,5702.338,12990.93,2009.544,5350.575,13113.4,1963.221,5817.876,12990.08,1969.389,5689.698,13189.69,1979.789,5669.035,13078.15,1989.36,5438.695,13358.6,2042.597,5609.263
13096.33,1983.353,5245.453,13017.6,1950.195,5785.166,13369.74,1980.544,5691.291,12979.69,1976.692,5432.256,13190.32,2022.614,5844.648,12991.58,2012.767,5525.737,13101.49,1973.057,5344.615,13179.45,1984.858,5417.634,13095.08,1977.858,5702.709,12990.43,2009.544,5350.617,13113.71,1963.221,5818.271,12990.41,1969.389,5690.069,13189.3,1979.789,5669.345,13078.41,1989.36,5439.116,13358.1,2042.597,5609.232
13095.75,1983.353,5245.544,13017.99,1950.195,5785.603,13369.15,1980.544,5691.309,12979.3,1976.692,5432.696,13190.63,2022.614,5845.15,12991.53,2012.767,5526.323,13100.93,1973.057,5344.794,13178.91,1984.858,5417.868,13094.67,1977.858,5703.134,12989.84,2009.544,5350.649,13114.08,1963.221,5818.725,12990.79,1969.389,5690.519,13188.85,1979.789,5669.727,13078.73,1989.36,5439.609,13357.51,2042.597,5609.215
13094.99,1983.353,5245.637,13018.52,1950.195,5786.153,13368.39,1980.544,5691.308,12978.81,1976.692,5433.28,13191.05,2022.614,5845.787,12991.43,2012.767,5527.08,13100.2,1973.057,5345.037,13178.22,1984.858,5418.195,13094.12,1977.858,5703.669,12989.08,2009.544,5350.668,13114.59,1963.221,5819.298,12991.27,1969.389,5691.119,13188.28,1979.789,5670.24,13079.13,1989.36,5440.263,13356.75,2042.597,5609.218
13094.71,1983.353,5245.682,13018.73,1950.195,5786.357,13368.1,1980.544,5691.297,12978.63,1976.692,5433.508,13191.22,2022.614,5846.025,12991.38,2012.767,5527.369,13099.92,1973.057,5345.121,13177.96,1984.858,5418.329,13093.91,1977.858,5703.867,12988.79,2009.544,5350.666,13114.79,1963.221,5819.512,12991.44,1969.389,5691.354,13188.07,1979.789,5670.444,13079.27,1989.36,5440.518,13356.46,2042.597,5609.209
13094.38,1983.353,5245.745,13018.97,1950.195,5786.583,13367.76,1980.544,5691.309,12978.43,1976.692,5433.774,13191.42,2022.614,5846.291,12991.32,2012.767,5527.696,13099.6,1973.057,5345.207,13177.67,1984.858,5418.491,13093.66,1977.858,5704.084,12988.46,2009.544,5350.654,13115.02,1963.221,5819.748,12991.63,1969.389,5691.629,13187.84,1979.789,5670.684,13079.42,1989.36,5440.814,13356.12,2042.597,5609.202
13093.47,1983.353,5245.948,13019.68,1950.195,5787.19,13366.83,1980.544,5691.309,12977.88,1976.692,5434.53,13192.01,2022.614,5847.013,12991.11,2012.767,5528.603,13098.69,1973.057,5345.416,13176.87,1984.858,5418.97,13092.93,1977.858,5704.667,12987.53,2009.544,5350.592,13115.7,1963.221,5820.385,12992.13,1969.389,5692.413,13187.22,1979.789,5671.375,13079.83,1989.36,5441.652,13355.2,2042.597,5609.075
13093.05,1983.353,5246.047,13020.01,1950.195,5787.463,13366.4,1980.544,5691.294,12977.64,1976.692,5434.889,13192.29,2022.614,5847.341,12991,2012.767,5529.022,13098.27,1973.057,5345.5,13176.5,1984.858,5419.205,13092.6,1977.858,5704.949,12987.1,2009.544,5350.55,13116.03,1963.221,5820.672,12992.35,1969.389,5692.786,13186.92,1979.789,5671.687,13080,1989.36,5442.049,13354.77,2042.597,5609.03
13092.67,1983.353,5246.149,13020.33,1950.195,5787.7,13366.01,1980.544,5691.269,12977.43,1976.692,5435.218,13192.56,2022.614,5847.627,12990.89,2012.767,5529.397,13097.88,1973.057,5345.563,13176.18,1984.858,5419.428,13092.31,1977.858,5705.213,12986.71,2009.544,5350.5,13116.33,1963.221,5820.921,12992.54,1969.389,5693.128,13186.64,1979.789,5671.959,13080.15,1989.36,5442.412,13354.38,2042.597,5608.99
13091.54,1983.353,5246.416,13021.27,1950.195,5788.374,13364.85,1980.544,5691.177,12976.83,1976.692,5436.209,13193.38,2022.614,5848.452,12990.52,2012.767,5530.498,13096.73,1973.057,5345.713,13175.25,1984.858,5420.119,13091.48,1977.858,5706.023,12985.56,2009.544,5350.317,13117.24,1963.221,5821.631,12993.06,1969.389,5694.162,13185.89,1979.789,5672.843,13080.55,1989.36,5443.501,13353.22,2042.597,5608.909
13090.91,1983.353,5246.543,13021.8,1950.195,5788.733,13364.21,1980.544,5691.104,12976.51,1976.692,5436.768,13193.84,2022.614,5848.895,12990.3,2012.767,5531.102,13096.1,1973.057,5345.817,13174.75,1984.858,5420.519,13091.04,1977.858,5706.489,12984.93,2009.544,5350.196,13117.77,1963.221,5822.009,12993.34,1969.389,5694.746,13185.45,1979.789,5673.32,13080.75,1989.36,5444.113,13352.58,2042.597,5608.848
13090.08,1983.353,5246.683,13022.52,1950.195,5789.183,13363.37,1980.544,5691.038,12976.1,1976.692,5437.509,13194.47,2022.614,5849.454,12989.98,2012.767,5531.883,13095.27,1973.057,5345.981,13174.1,1984.858,5421.064,13090.47,1977.858,5707.117,12984.11,2009.544,5350.012,13118.47,1963.221,5822.481,12993.67,1969.389,5695.521,13184.87,1979.789,5673.926,13080.99,1989.36,5444.923,13351.74,2042.597,5608.793
13089.19,1983.353,5246.802,13023.26,1950.195,5789.683,13362.48,1980.544,5690.938,12975.7,1976.692,5438.305,13195.16,2022.614,5850.025,12989.61,2012.767,5532.699,13094.4,1973.057,5346.183,13173.44,1984.858,5421.665,13089.9,1977.858,5707.801,12983.24,2009.544,5349.79,13119.22,1963.221,5822.958,12994,1969.389,5696.354,13184.26,1979.789,5674.583,13081.21,1989.36,5445.789,13350.85,2042.597,5608.707
13088.03,1983.353,5246.97,13024.21,1950.195,5790.369,13361.31,1980.544,5690.844,12975.19,1976.692,5439.361,13196.09,2022.614,5850.744,12989.1,2012.767,5533.754,13093.26,1973.057,5346.484,13172.6,1984.858,5422.48,13089.17,1977.858,5708.723,12982.11,2009.544,5349.465,13120.23,1963.221,5823.552,12994.39,1969.389,5697.46,13183.37,1979.789,5675.342,13081.46,1989.36,5446.934,13349.68,2042.597,5608.771
13087.67,1983.353,5247.035,13024.5,1950.195,5790.594,13360.94,1980.544,5690.827,12975.03,1976.692,5439.698,13196.39,2022.614,5850.961,12988.93,2012.767,5534.083,13092.91,1973.057,5346.59,13172.34,1984.858,5422.746,13088.95,1977.858,5709.021,12981.76,2009.544,5349.352,13120.56,1963.221,5823.729,12994.5,1969.389,5697.813,13183.09,1979.789,5675.591,13081.53,1989.36,5447.298,13349.31,2042.597,5608.794
13086.32,1983.353,5247.322,13025.57,1950.195,5791.468,13359.57,1980.544,5690.808,12974.49,1976.692,5440.964,13197.53,2022.614,5851.733,12988.28,2012.767,5535.298,13091.6,1973.057,5347.027,13171.41,1984.858,5423.766,13088.17,1977.858,5710.156,12980.46,2009.544,5348.889,13121.79,1963.221,5824.35,12994.88,1969.389,5699.139,13182.1,1979.789,5676.549,13081.75,1989.36,5448.66,13347.94,2042.597,5608.927
13085.27,1983.353,5247.58,13026.38,1950.195,5792.174,13358.49,1980.544,5690.828,12974.09,1976.692,5441.961,13198.41,2022.614,5852.355,12987.8,2012.767,5536.262,13090.59,1973.057,5347.4,13170.71,1984.858,5424.584,13087.59,1977.858,5711.06,12979.46,2009.544,5348.498,13122.76,1963.221,5824.804,12995.13,1969.389,5700.182,13181.35,1979.789,5677.321,13081.88,1989.36,5449.726,13346.87,2042.597,5609.067
13084.21,1983.353,5247.88,13027.19,1950.195,5792.926,13357.39,1980.544,5690.779,12973.7,1976.692,5442.996,13199.33,2022.614,5852.966,12987.35,2012.767,5537.269,13089.57,1973.057,5347.816,13170.03,1984.858,5425.449,13087.02,1977.858,5712.009,12978.45,2009.544,5348.063,13123.78,1963.221,5825.24,12995.37,1969.389,5701.263,13180.61,1979.789,5678.141,13081.98,1989.36,5450.828,13345.77,2042.597,5609.176
13083.12,1983.353,5248.227,13028.01,1950.195,5793.729,13356.24,1980.544,5690.767,12973.28,1976.692,5444.059,13200.3,2022.614,5853.566,12986.85,2012.767,5538.3,13088.52,1973.057,5348.279,13169.34,1984.858,5426.367,13086.46,1977.858,5713.009,12977.38,2009.544,5347.645,13124.84,1963.221,5825.661,12995.57,1969.389,5702.39,13179.87,1979.789,5679.014,13082.04,1989.36,5451.97,13344.63,2042.597,5609.252
13082,1983.353,5248.583,13028.82,1950.195,5794.582,13355.06,1980.544,5690.792,12972.81,1976.692,5445.144,13201.33,2022.614,5854.151,12986.35,2012.767,5539.371,13087.46,1973.057,5348.791,13168.67,1984.858,5427.336,13085.92,1977.858,5714.057,12976.27,2009.544,5347.246,13125.95,1963.221,5826.063,12995.74,1969.389,5703.557,13179.14,1979.789,5679.938,13082.07,1989.36,5453.149,13343.45,2042.597,5609.291
13081.27,1983.353,5248.837,13029.33,1950.195,5795.149,13354.3,1980.544,5690.876,12972.51,1976.692,5445.843,13202,2022.614,5854.526,12986.05,2012.767,5540.074,13086.78,1973.057,5349.143,13168.25,1984.858,5427.978,13085.59,1977.858,5714.747,12975.54,2009.544,5347.01,13126.67,1963.221,5826.322,12995.83,1969.389,5704.316,13178.68,1979.789,5680.551,13082.06,1989.36,5453.914,13342.69,2042.597,5609.317
13079.7,1983.353,5249.452,13030.43,1950.195,5796.438,13352.63,1980.544,5691.146,12971.81,1976.692,5447.384,13203.47,2022.614,5855.345,12985.34,2012.767,5541.609,13085.31,1973.057,5349.97,13167.38,1984.858,5429.426,13084.92,1977.858,5716.296,12973.92,2009.544,5346.535,13128.26,1963.221,5826.897,12995.96,1969.389,5706.001,13177.72,1979.789,5681.942,13081.99,1989.36,5455.604,13341,2042.597,5609.429
13078.07,1983.353,5250.15,13031.54,1950.195,5797.819,13350.88,1980.544,5691.371,12971.06,1976.692,5448.989,13205.03,2022.614,5856.193,12984.43,2012.767,5543.127,13083.79,1973.057,5350.883,13166.52,1984.858,5430.973,13084.25,1977.858,5717.94,12972.21,2009.544,5346.089,13129.93,1963.221,5827.498,12996.04,1969.389,5707.771,13176.76,1979.789,5683.431,13081.86,1989.36,5457.371,13339.24,2042.597,5609.605
13077.33,1983.353,5250.494,13032.03,1950.195,5798.467,13350.08,1980.544,5691.54,12970.74,1976.692,5449.733,13205.74,2022.614,5856.577,12984.04,2012.767,5543.836,13083.11,1973.057,5351.322,13166.15,1984.858,5431.695,13083.97,1977.858,5718.7,12971.42,2009.544,5345.905,13130.69,1963.221,5827.772,12996.06,1969.389,5708.583,13176.34,1979.789,5684.127,13081.77,1989.36,5458.178,13338.42,2042.597,5609.602
13076.33,1983.353,5251.005,13032.68,1950.195,5799.387,13348.97,1980.544,5691.738,12970.31,1976.692,5450.776,13206.74,2022.614,5857.105,12983.52,2012.767,5544.838,13082.18,1973.057,5351.96,13165.66,1984.858,5432.713,13083.6,1977.858,5719.766,12970.31,2009.544,5345.678,13131.75,1963.221,5828.153,12996.04,1969.389,5709.71,13175.79,1979.789,5685.112,13081.62,1989.36,5459.294,13337.3,2042.597,5609.63
13074.94,1983.353,5251.772,13033.56,1950.195,5800.713,13347.4,1980.544,5691.966,12969.75,1976.692,5452.265,13208.15,2022.614,5857.844,12982.78,2012.767,5546.25,13080.89,1973.057,5352.898,13165.03,1984.858,5434.172,13083.12,1977.858,5721.283,12968.75,2009.544,5345.397,13133.25,1963.221,5828.688,12995.96,1969.389,5711.3,13175.07,1979.789,5686.528,13081.34,1989.36,5460.862,13335.71,2042.597,5609.721
13073.98,1983.353,5252.337,13034.14,1950.195,5801.652,13346.3,1980.544,5692.089,12969.38,1976.692,5453.309,13209.13,2022.614,5858.353,12982.3,2012.767,5547.246,13080.02,1973.057,5353.576,13164.62,1984.858,5435.199,13082.81,1977.858,5722.345,12967.65,2009.544,5345.231,13134.29,1963.221,5829.059,12995.87,1969.389,5712.402,13174.59,1979.789,5687.528,13081.12,1989.36,5461.945,13334.61,2042.597,5609.801
13073.08,1983.353,5252.912,13034.68,1950.195,5802.575,13345.23,1980.544,5692.173,12969.06,1976.692,5454.326,13210.08,2022.614,5858.839,12981.87,2012.767,5548.223,13079.19,1973.057,5354.255,13164.25,1984.858,5436.204,13082.54,1977.858,5723.378,12966.59,2009.544,5345.1,13135.3,1963.221,5829.416,12995.74,1969.389,5713.463,13174.17,1979.789,5688.508,13080.87,1989.36,5462.983,13333.54,2042.597,5609.81
13072.2,1983.353,5253.521,13035.19,1950.195,5803.521,13344.16,1980.544,5692.223,12968.76,1976.692,5455.359,13211.04,2022.614,5859.326,12981.42,2012.767,5549.199,13078.38,1973.057,5354.962,13163.92,1984.858,5437.229,13082.29,1977.858,5724.426,12965.52,2009.544,5344.997,13136.31,1963.221,5829.774,12995.58,1969.389,5714.528,13173.77,1979.789,5689.509,13080.58,1989.36,5464.021,13332.46,2042.597,5609.854
13070.91,1983.353,5254.447,13035.91,1950.195,5804.937,13342.57,1980.544,5692.244,12968.35,1976.692,5456.894,13212.46,2022.614,5860.037,12980.8,2012.767,5550.66,13077.21,1973.057,5356.039,13163.48,1984.858,5438.753,13081.97,1977.858,5725.979,12963.94,2009.544,5344.889,13137.81,1963.221,5830.299,12995.3,1969.389,5716.089,13173.24,1979.789,5691.002,13080.11,1989.36,5465.536,13330.87,2042.597,5609.867
13069.95,1983.353,5255.186,13036.42,1950.195,5806.032,13341.37,1980.544,5692.39,12968.08,1976.692,5458.071,13213.54,2022.614,5860.575,12980.34,2012.767,5551.779,13076.35,1973.057,5356.884,13163.19,1984.858,5439.926,13081.75,1977.858,5727.168,12962.73,2009.544,5344.841,13138.95,1963.221,5830.697,12995.04,1969.389,5717.272,13172.87,1979.789,5692.154,13079.71,1989.36,5466.678,13329.68,2042.597,5610.048
13069.77,1983.353,5255.337,13036.52,1950.195,5806.25,13341.13,1980.544,5692.411,12968.03,1976.692,5458.304,13213.75,2022.614,5860.68,12980.25,2012.767,5552.002,13076.18,1973.057,5357.055,13163.14,1984.858,5440.158,13081.71,1977.858,5727.403,12962.49,2009.544,5344.839,13139.17,1963.221,5830.775,12994.98,1969.389,5717.503,13172.8,1979.789,5692.383,13079.62,1989.36,5466.9,13329.44,2042.597,5610.076
13068.55,1983.353,5256.404,13037.13,1950.195,5807.747,13339.53,1980.544,5692.607,12967.75,1976.692,5459.896,13215.2,2022.614,5861.389,12979.74,2012.767,5553.535,13075.09,1973.057,5358.247,13162.84,1984.858,5441.747,13081.5,1977.858,5729.005,12960.88,2009.544,5344.868,13140.7,1963.221,5831.301,12994.54,1969.389,5719.057,13172.41,1979.789,5693.95,13078.99,1989.36,5468.388,13327.83,2042.597,5610.212
13067.94,1983.353,5256.976,13037.42,1950.195,5808.53,13338.7,1980.544,5692.681,12967.63,1976.692,5460.722,13215.96,2022.614,5861.753,12979.5,2012.767,5554.335,13074.55,1973.057,5358.878,13162.72,1984.858,5442.573,13081.42,1977.858,5729.836,12960.04,2009.544,5344.907,13141.49,1963.221,5831.571,12994.28,1969.389,5719.852,13172.23,1979.789,5694.767,13078.64,1989.36,5469.146,13327,2042.597,5610.31
13066.74,1983.353,5258.186,13037.96,1950.195,5810.15,13337,1980.544,5692.863,12967.43,1976.692,5462.418,13217.49,2022.614,5862.493,12979.07,2012.767,5555.987,13073.41,1973.057,5360.153,13162.52,1984.858,5444.27,13081.29,1977.858,5731.539,12958.34,2009.544,5345.038,13143.11,1963.221,5832.119,12993.71,1969.389,5721.46,13171.93,1979.789,5696.448,13077.88,1989.36,5470.673,13325.34,2042.597,5610.689
13066.14,1983.353,5258.83,13038.22,1950.195,5810.993,13336.12,1980.544,5692.985,12967.35,1976.692,5463.296,13218.29,2022.614,5862.873,12978.87,2012.767,5556.846,13072.82,1973.057,5360.805,13162.44,1984.858,5445.147,13081.24,1977.858,5732.418,12957.46,2009.544,5345.122,13143.94,1963.221,5832.399,12993.38,1969.389,5722.279,13171.8,1979.789,5697.318,13077.45,1989.36,5471.446,13324.47,2042.597,5610.856
13065.21,1983.353,5259.702,13038.55,1950.195,5812.223,13334.87,1980.544,5693.203,12967.29,1976.692,5464.568,13219.44,2022.614,5863.418,12978.58,2012.767,5558.086,13071.99,1973.057,5361.775,13162.38,1984.858,5446.419,13081.21,1977.858,5733.691,12956.2,2009.544,5345.286,13145.15,1963.221,5832.801,12992.88,1969.389,5723.447,13171.65,1979.789,5698.584,13076.81,1989.36,5472.544,13323.21,2042.597,5611.058
13063.92,1983.353,5260.992,13038.97,1950.195,5813.995,13333.08,1980.544,5693.521,12967.25,1976.692,5466.39,13221.08,2022.614,5864.195,12978.23,2012.767,5559.874,13070.86,1973.057,5363.2,13162.34,1984.858,5448.241,13081.21,1977.858,5735.513,12954.4,2009.544,5345.578,13146.88,1963.221,5833.371,12992.1,1969.389,5725.094,13171.5,1979.789,5700.4,13075.83,1989.36,5474.083,13321.42,2042.597,5611.357
13063.28,1983.353,5261.683,13039.16,1950.195,5814.921,13332.14,1980.544,5693.656,12967.26,1976.692,5467.335,13221.94,2022.614,5864.597,12978.07,2012.767,5560.807,13070.29,1973.057,5363.958,13162.35,1984.858,5449.187,13081.24,1977.858,5736.458,12953.47,2009.544,5345.76,13147.78,1963.221,5833.664,12991.66,1969.389,5725.936,13171.46,1979.789,5701.345,13075.3,1989.36,5474.866,13320.51,2042.597,5611.639
13062.14,1983.353,5262.804,13039.44,1950.195,5816.494,13330.57,1980.544,5693.935,12967.33,1976.692,5468.931,13223.39,2022.614,5865.272,12977.86,2012.767,5562.39,13069.38,1973.057,5365.267,13162.43,1984.858,5450.782,13081.32,1977.858,5738.053,12951.92,2009.544,5346.119,13149.3,1963.221,5834.152,12990.89,1969.389,5727.332,13171.43,1979.789,5702.941,13074.36,1989.36,5476.157,13318.99,2042.597,5612.124
13061.12,1983.353,5263.881,13039.65,1950.195,5817.964,13329.11,1980.544,5694.229,12967.45,1976.692,5470.412,13224.73,2022.614,5865.898,12977.72,2012.767,5563.868,13068.57,1973.057,5366.51,13162.54,1984.858,5452.264,13081.44,1977.858,5739.534,12950.48,2009.544,5346.5,13150.71,1963.221,5834.602,12990.13,1969.389,5728.606,13171.45,1979.789,5704.427,13073.45,1989.36,5477.329,13317.56,2042.597,5612.529
13060.21,1983.353,5264.9,13039.81,1950.195,5819.318,13327.78,1980.544,5694.543,12967.51,1976.692,5471.775,13225.97,2022.614,5866.471,12977.63,2012.767,5565.229,13067.85,1973.057,5367.674,13162.7,1984.858,5453.619,13081.59,1977.858,5740.89,12949.18,2009.544,5346.894,13152.01,1963.221,5835.009,12989.39,1969.389,5729.753,13171.52,1979.789,5705.79,13072.58,1989.36,5478.376,13316.25,2042.597,5612.906
13059.42,1983.353,5265.855,13039.92,1950.195,5820.556,13326.57,1980.544,5694.817,12967.52,1976.692,5473.017,13227.1,2022.614,5866.991,12977.59,2012.767,5566.471,13067.24,1973.057,5368.754,13162.87,1984.858,5454.849,13081.76,1977.858,5742.121,12948,2009.544,5347.29,13153.2,1963.221,5835.375,12988.68,1969.389,5730.776,13171.62,1979.789,5707.028,13071.75,1989.36,5479.305,13315.05,2042.597,5613.211
13058.08,1983.353,5267.565,13040.05,1950.195,5822.719,13324.42,1980.544,5695.063,12967.48,1976.692,5475.184,13229.07,2022.614,5867.896,12977.56,2012.767,5568.638,13066.23,1973.057,5370.669,13163.25,1984.858,5456.982,13082.11,1977.858,5744.259,12945.97,2009.544,5348.049,13155.27,1963.221,5836.004,12987.39,1969.389,5732.518,13171.87,1979.789,5709.181,13070.26,1989.36,5480.876,13312.95,2042.597,5613.77
13057.74,1983.353,5268.042,13040.07,1950.195,5823.309,13323.83,1980.544,5695.072,12967.45,1976.692,5475.772,13229.6,2022.614,5868.141,12977.57,2012.767,5569.227,13065.97,1973.057,5371.199,13163.38,1984.858,5457.559,13082.22,1977.858,5744.838,12945.42,2009.544,5348.273,13155.84,1963.221,5836.172,12987.03,1969.389,5732.98,13171.95,1979.789,5709.764,13069.84,1989.36,5481.29,13312.38,2042.597,5613.903
13056.34,1983.353,5270.101,13040.07,1950.195,5825.798,13321.34,1980.544,5695.192,12967.23,1976.692,5478.252,13231.87,2022.614,5869.176,12977.65,2012.767,5571.715,13064.94,1973.057,5373.465,13163.97,1984.858,5459.976,13082.75,1977.858,5747.269,12943.15,2009.544,5349.295,13158.23,1963.221,5836.871,12985.42,1969.389,5734.88,13172.4,1979.789,5712.213,13068.01,1989.36,5482.979,13309.94,2042.597,5614.386
13055.64,1983.353,5271.205,13040.04,1950.195,5827.103,13320.04,1980.544,5695.297,12967.08,1976.692,5479.549,13233.05,2022.614,5869.718,12977.66,2012.767,5573.021,13064.43,1973.057,5374.668,13164.33,1984.858,5461.232,13083.07,1977.858,5748.535,12941.98,2009.544,5349.87,13159.48,1963.221,5837.229,12984.54,1969.389,5735.849,13172.67,1979.789,5713.489,13067.02,1989.36,5483.834,13308.66,2042.597,5614.634
13054.81,1983.353,5272.62,13039.96,1950.195,5828.742,13318.41,1980.544,5695.483,12966.83,1976.692,5481.171,13234.54,2022.614,5870.398,12977.6,2012.767,5574.661,13063.84,1973.057,5376.199,13164.83,1984.858,5462.796,13083.51,1977.858,5750.115,12940.53,2009.544,5350.641,13161.06,1963.221,5837.671,12983.4,1969.389,5737.03,13173.07,1979.789,5715.082,13065.75,1989.36,5484.867,13307.04,2042.597,5614.893
13054.03,1983.353,5274.044,13039.83,1950.195,5830.358,13316.8,1980.544,5695.72,12966.53,1976.692,5482.766,13236.02,2022.614,5871.07,12977.5,2012.767,5576.279,13063.3,1973.057,5377.727,13165.27,1984.858,5464.357,13083.91,1977.858,5751.688,12939.13,2009.544,5351.448,13162.63,1963.221,5838.098,12982.31,1969.389,5738.234,13173.52,1979.789,5716.642,13064.52,1989.36,5485.928,13305.46,2042.597,5615.299
13053.29,1983.353,5275.517,13039.66,1950.195,5831.997,13315.17,1980.544,5695.951,12966.18,1976.692,5484.375,13237.54,2022.614,5871.703,12977.42,2012.767,5577.925,13062.75,1973.057,5379.281,13165.66,1984.858,5465.956,13084.27,1977.858,5753.294,12937.72,2009.544,5352.315,13164.23,1963.221,5838.482,12981.25,1969.389,5739.492,13174.02,1979.789,5718.21,13063.31,1989.36,5487.044,13303.86,2042.597,5615.659
13052.59,1983.353,5277.045,13039.44,1950.195,5833.666,13313.49,1980.544,5696.069,12965.76,1976.692,5486.007,13239.12,2022.614,5872.299,12977.29,2012.767,5579.604,13062.24,1973.057,5380.885,13166.01,1984.858,5467.604,13084.6,1977.858,5754.945,12936.32,2009.544,5353.248,13165.88,1963.221,5838.822,12980.21,1969.389,5740.812,13174.58,1979.789,5719.796,13062.11,1989.36,5488.226,13302.25,2042.597,5616.157
13052.08,1983.353,5278.24,13039.24,1950.195,5834.947,13312.2,1980.544,5696.202,12965.4,1976.692,5487.253,13240.34,2022.614,5872.719,12977.14,2012.767,5580.893,13061.87,1973.057,5382.129,13166.24,1984.858,5468.88,13084.82,1977.858,5756.224,12935.27,2009.544,5354,13167.16,1963.221,5839.042,12979.43,1969.389,5741.854,13175.06,1979.789,5721.003,13061.22,1989.36,5489.165,13301,2042.597,5616.5
13051.54,1983.353,5279.597,13038.98,1950.195,5836.383,13310.76,1980.544,5696.399,12964.95,1976.692,5488.641,13241.74,2022.614,5873.145,12976.93,2012.767,5582.337,13061.5,1973.057,5383.54,13166.45,1984.858,5470.325,13085.03,1977.858,5757.668,12934.11,2009.544,5354.886,13168.6,1963.221,5839.244,12978.6,1969.389,5743.055,13175.64,1979.789,5722.342,13060.24,1989.36,5490.253,13299.58,2042.597,5616.839
13050.92,1983.353,5281.325,13038.6,1950.195,5838.18,13308.95,1980.544,5696.707,12964.33,1976.692,5490.369,13243.51,2022.614,5873.624,12976.61,2012.767,5584.145,13060.96,1973.057,5385.298,13166.65,1984.858,5472.15,13085.25,1977.858,5759.491,12932.68,2009.544,5356.048,13170.43,1963.221,5839.439,12977.61,1969.389,5744.599,13176.43,1979.789,5724.003,13059.06,1989.36,5491.661,13297.78,2042.597,5617.208
13050.64,1983.353,5282.188,13038.4,1950.195,5839.064,13308.06,1980.544,5696.883,12963.99,1976.692,5491.212,13244.4,2022.614,5873.832,12976.42,2012.767,5585.033,13060.67,1973.057,5386.158,13166.72,1984.858,5473.055,13085.33,1977.858,5760.396,12932,2009.544,5356.645,13171.33,1963.221,5839.507,12977.14,1969.389,5745.378,13176.84,1979.789,5724.811,13058.5,1989.36,5492.376,13296.88,2042.597,5617.361
13050.44,1983.353,5283.487,13038.07,1950.195,5840.335,13306.76,1980.544,5697.096,12963.47,1976.692,5492.417,13245.68,2022.614,5874.09,12976.1,2012.767,5586.308,13060.21,1973.057,5387.388,13166.78,1984.858,5474.368,13085.41,1977.858,5761.706,12931.04,2009.544,5357.541,13172.65,1963.221,5839.563,12976.5,1969.389,5746.527,13177.48,1979.789,5725.959,13057.73,1989.36,5493.436,13295.58,2042.597,5617.506
13050.21,1983.353,5284.739,13037.72,1950.195,5841.561,13305.5,1980.544,5697.261,12962.92,1976.692,5493.567,13246.94,2022.614,5874.3,12975.75,2012.767,5587.533,13059.93,1973.057,5388.629,13166.8,1984.858,5475.641,13085.46,1977.858,5762.979,12930.14,2009.544,5358.439,13173.92,1963.221,5839.575,12975.92,1969.389,5747.66,13178.13,1979.789,5727.052,13057.01,1989.36,5494.487,13294.32,2042.597,5617.688
13049.94,1983.353,5285.944,13037.36,1950.195,5842.741,13304.28,1980.544,5697.429,12962.36,1976.692,5494.664,13248.16,2022.614,5874.464,12975.4,2012.767,5588.714,13059.61,1973.057,5389.821,13166.78,1984.858,5476.875,13085.47,1977.858,5764.213,12929.29,2009.544,5359.338,13175.15,1963.221,5839.548,12975.4,1969.389,5748.776,13178.8,1979.789,5728.089,13056.34,1989.36,5495.527,13293.09,2042.597,5617.825
13049.85,1983.353,5287.141,13036.99,1950.195,5843.88,13303.08,1980.544,5697.553,12961.77,1976.692,5495.712,13249.36,2022.614,5874.584,12975.01,2012.767,5589.852,13059.36,1973.057,5390.995,13166.71,1984.858,5478.074,13085.52,1977.858,5765.412,12928.5,2009.544,5360.238,13176.35,1963.221,5839.482,12974.92,1969.389,5749.877,13179.42,1979.789,5729.119,13055.73,1989.36,5496.559,13291.9,2042.597,5617.919
13049.73,1983.353,5288.41,13036.56,1950.195,5845.083,13301.81,1980.544,5697.643,12961.12,1976.692,5496.805,13250.63,2022.614,5874.67,12974.57,2012.767,5591.046,13059.05,1973.057,5392.232,13166.6,1984.858,5479.344,13085.6,1977.858,5766.685,12927.69,2009.544,5361.222,13177.62,1963.221,5839.372,12974.45,1969.389,5751.063,13180.04,1979.789,5730.233,13055.12,1989.36,5497.676,13290.62,2042.597,5617.873
13049.56,1983.353,5289.694,13036.11,1950.195,5846.296,13300.51,1980.544,5697.692,12960.41,1976.692,5497.894,13251.92,2022.614,5874.715,12974.07,2012.767,5592.243,13058.82,1973.057,5393.508,13166.45,1984.858,5480.63,13085.72,1977.858,5767.974,12926.89,2009.544,5362.248,13178.91,1963.221,5839.218,12974.02,1969.389,5752.283,13180.63,1979.789,5731.385,13054.53,1989.36,5498.831,13289.33,2042.597,5617.869
13049.53,1983.353,5290.521,13035.81,1950.195,5847.065,13299.69,1980.544,5697.697,12959.94,1976.692,5498.574,13252.75,2022.614,5874.716,12973.73,2012.767,5592.998,13058.66,1973.057,5394.318,13166.33,1984.858,5481.449,13085.83,1977.858,5768.794,12926.41,2009.544,5362.919,13179.73,1963.221,5839.094,12973.76,1969.389,5753.071,13180.98,1979.789,5732.133,13054.18,1989.36,5499.58,13288.51,2042.597,5617.738
13049.45,1983.353,5291.675,13035.36,1950.195,5848.133,13298.53,1980.544,5697.665,12959.25,1976.692,5499.503,13253.91,2022.614,5874.681,12973.22,2012.767,5594.035,13058.38,1973.057,5395.442,13166.12,1984.858,5482.586,13086,1977.858,5769.937,12925.77,2009.544,5363.879,13180.86,1963.221,5838.883,12973.45,1969.389,5754.183,13181.45,1979.789,5733.193,13053.72,1989.36,5500.642,13287.36,2042.597,5617.593
13049.33,1983.353,5292.861,13034.89,1950.195,5849.225,13297.34,1980.544,5697.594,12958.51,1976.692,5500.438,13255.1,2022.614,5874.605,12972.66,2012.767,5595.087,13058.14,1973.057,5396.609,13165.86,1984.858,5483.75,13086.22,1977.858,5771.108,12925.13,2009.544,5364.89,13182.04,1963.221,5838.702,12973.16,1969.389,5755.339,13181.96,1979.789,5734.27,13053.28,1989.36,5501.752,13286.18,2042.597,5617.446
13049.17,1983.353,5294.075,13034.38,1950.195,5850.34,13296.12,1980.544,5697.56,12957.72,1976.692,5501.373,13256.32,2022.614,5874.585,12972.05,2012.767,5596.148,13057.85,1973.057,5397.799,13165.56,1984.858,5484.938,13086.48,1977.858,5772.305,12924.52,2009.544,5365.95,13183.26,1963.221,5838.554,12972.9,1969.389,5756.537,13182.52,1979.789,5735.358,13052.87,1989.36,5502.906,13284.97,2042.597,5617.235
13048.96,1983.353,5295.322,13033.84,1950.195,5851.482,13294.85,1980.544,5697.567,12956.88,1976.692,5502.311,13257.58,2022.614,5874.523,12971.38,2012.767,5597.223,13057.42,1973.057,5398.986,13165.21,1984.858,5486.152,13086.79,1977.858,5773.532,12923.92,2009.544,5367.063,13184.51,1963.221,5838.44,12972.67,1969.389,5757.78,13183.14,1979.789,5736.462,13052.49,1989.36,5504.11,13283.72,2042.597,5617.058
13048.7,1983.353,5296.594,13033.27,1950.195,5852.646,13293.56,1980.544,5697.513,12955.97,1976.692,5503.246,13258.88,2022.614,5874.417,12970.67,2012.767,5598.303,13057.01,1973.057,5400.219,13164.81,1984.858,5487.386,13087.14,1977.858,5774.78,12923.34,2009.544,5368.226,13185.81,1963.221,5838.362,12972.48,1969.389,5759.064,13183.8,1979.789,5737.574,13052.13,1989.36,5505.359,13282.44,2042.597,5616.843
13048.3,1983.353,5298.297,13032.47,1950.195,5854.203,13291.81,1980.544,5697.415,12954.72,1976.692,5504.466,13260.59,2022.614,5874.042,12969.65,2012.767,5599.727,13056.43,1973.057,5401.868,13164.22,1984.858,5489.032,13087.67,1977.858,5776.448,12922.62,2009.544,5369.818,13187.56,1963.221,5838.31,12972.28,1969.389,5760.802,13184.75,1979.789,5739.042,13051.71,1989.36,5507.056,13280.71,2042.597,5616.609
13048.11,1983.353,5299.013,13032.12,1950.195,5854.858,13291.07,1980.544,5697.397,12954.17,1976.692,5504.966,13261.32,2022.614,5873.908,12969.2,2012.767,5600.316,13056.2,1973.057,5402.573,13163.94,1984.858,5489.721,13087.91,1977.858,5777.148,12922.33,2009.544,5370.502,13188.3,1963.221,5838.302,12972.22,1969.389,5761.541,13185.18,1979.789,5739.651,13051.56,1989.36,5507.781,13279.97,2042.597,5616.535
13047.56,1983.353,5301.1,13031.09,1950.195,5856.75,13288.91,1980.544,5697.417,12952.53,1976.692,5506.368,13263.45,2022.614,5873.585,12967.83,2012.767,5601.986,13055.5,1973.057,5404.612,13163.08,1984.858,5491.698,13088.69,1977.858,5779.162,12921.57,2009.544,5372.52,13190.46,1963.221,5838.327,12972.11,1969.389,5763.696,13186.47,1979.789,5741.382,13051.17,1989.36,5509.904,13277.84,2042.597,5616.186
13047.16,1983.353,5302.455,13030.39,1950.195,5857.977,13287.5,1980.544,5697.477,12951.43,1976.692,5507.252,13264.85,2022.614,5873.419,12966.9,2012.767,5603.05,13055.08,1973.057,5405.963,13162.47,1984.858,5492.974,13089.15,1977.858,5780.497,12921.11,2009.544,5373.858,13191.87,1963.221,5838.389,12972.09,1969.389,5765.11,13187.34,1979.789,5742.489,13050.96,1989.36,5511.303,13276.44,2042.597,5616.003
13047,1983.353,5302.916,13030.14,1950.195,5858.394,13287.01,1980.544,5697.513,12951.06,1976.692,5507.569,13265.34,2022.614,5873.359,12966.57,2012.767,5603.406,13054.95,1973.057,5406.433,13162.25,1984.858,5493.407,13089.3,1977.858,5780.962,12920.97,2009.544,5374.324,13192.35,1963.221,5838.426,12972.1,1969.389,5765.597,13187.66,1979.789,5742.86,13050.91,1989.36,5511.787,13275.96,2042.597,5615.914
13046.33,1983.353,5305.092,13028.92,1950.195,5860.32,13284.75,1980.544,5697.756,12949.38,1976.692,5509.105,13267.6,2022.614,5873.149,12964.96,2012.767,5605.018,13054.28,1973.057,5408.608,13161.13,1984.858,5495.394,13089.92,1977.858,5783.154,12920.37,2009.544,5376.521,13194.62,1963.221,5838.672,12972.21,1969.389,5767.871,13189.18,1979.789,5744.55,13050.72,1989.36,5514.055,13273.71,2042.597,5615.57
13045.93,1983.353,5306.131,13028.31,1950.195,5861.25,13283.65,1980.544,5697.912,12948.58,1976.692,5509.884,13268.72,2022.614,5873.083,12964.15,2012.767,5605.781,13053.94,1973.057,5409.669,13160.56,1984.858,5496.348,13090.18,1977.858,5784.236,12920.12,2009.544,5377.606,13195.72,1963.221,5838.829,12972.3,1969.389,5768.981,13189.96,1979.789,5745.354,13050.54,1989.36,5515.155,13272.6,2042.597,5615.438
13045.42,1983.353,5307.577,13027.44,1950.195,5862.509,13282.14,1980.544,5698.175,12947.52,1976.692,5510.991,13270.25,2022.614,5873.042,12962.9,2012.767,5606.674,13053.51,1973.057,5411.142,13159.73,1984.858,5497.634,13090.51,1977.858,5785.734,12919.82,2009.544,5379.109,13197.23,1963.221,5839.092,12972.48,1969.389,5770.504,13191.05,1979.789,5746.425,13050.34,1989.36,5516.675,13271.08,2042.597,5615.306
13044.95,1983.353,5309.062,13026.52,1950.195,5863.766,13280.61,1980.544,5698.492,12946.48,1976.692,5512.148,13271.8,2022.614,5873.051,12961.67,2012.767,5607.622,13053.13,1973.057,5412.651,13158.84,1984.858,5498.912,13090.79,1977.858,5787.264,12919.56,2009.544,5380.644,13198.75,1963.221,5839.409,12972.7,1969.389,5772.044,13192.2,1979.789,5747.477,13050.19,1989.36,5518.224,13269.52,2042.597,5615.223
13044.45,1983.353,5310.591,13025.54,1950.195,5865.044,13279.05,1980.544,5698.872,12945.45,1976.692,5513.38,13273.41,2022.614,5873.086,12960.42,2012.767,5608.634,13052.79,1973.057,5414.224,13157.88,1984.858,5500.202,13091.12,1977.858,5788.84,12919.34,2009.544,5382.239,13200.32,1963.221,5839.773,12972.99,1969.389,5773.628,13193.42,1979.789,5748.526,13050.04,1989.36,5519.826,13267.91,2042.597,5615.19
13043.71,1983.353,5313.102,13024.02,1950.195,5867.172,13276.49,1980.544,5699.406,12943.83,1976.692,5515.438,13276.03,2022.614,5873.184,12958.44,2012.767,5610.346,13052.32,1973.057,5416.798,13156.24,1984.858,5502.248,13091.68,1977.858,5791.395,12919.08,2009.544,5384.843,13202.85,1963.221,5840.423,12973.54,1969.389,5776.187,13195.36,1979.789,5750.285,13049.87,1989.36,5522.437,13265.3,2042.597,5615.222
13043.59,1983.353,5313.494,13023.79,1950.195,5867.513,13276.08,1980.544,5699.476,12943.59,1976.692,5515.767,13276.43,2022.614,5873.205,12958.13,2012.767,5610.619,13052.18,1973.057,5417.186,13155.98,1984.858,5502.559,13091.75,1977.858,5791.797,12919.05,2009.544,5385.251,13203.25,1963.221,5840.534,12973.63,1969.389,5776.583,13195.65,1979.789,5750.568,13049.85,1989.36,5522.846,13264.89,2042.597,5615.24
13042.75,1983.353,5315.985,13022.41,1950.195,5869.749,13273.48,1980.544,5699.843,12942.1,1976.692,5517.938,13279.06,2022.614,5873.379,12956.24,2012.767,5612.441,13051.43,1973.057,5419.706,13154.21,1984.858,5504.504,13092.15,1977.858,5794.398,12918.96,2009.544,5387.88,13205.76,1963.221,5841.307,12974.34,1969.389,5779.118,13197.5,1979.789,5752.445,13049.85,1989.36,5525.477,13262.26,2042.597,5615.444
13042.1,1983.353,5318.108,13021.3,1950.195,5871.671,13271.27,1980.544,5700.081,12940.9,1976.692,5519.807,13281.27,2022.614,5873.557,12954.69,2012.767,5614.029,13050.81,1973.057,5421.837,13152.77,1984.858,5506.192,13092.41,1977.858,5796.601,12918.96,2009.544,5390.099,13207.87,1963.221,5842.009,12975,1969.389,5781.235,13199,1979.789,5754.073,13049.77,1989.36,5527.694,13260.06,2042.597,5615.688
13041.97,1983.353,5318.514,13021.1,1950.195,5872.046,13270.85,1980.544,5700.112,12940.69,1976.692,5520.173,13281.69,2022.614,5873.596,12954.4,2012.767,5614.343,13050.71,1973.057,5422.25,13152.5,1984.858,5506.525,13092.45,1977.858,5797.025,12918.97,2009.544,5390.524,13208.27,1963.221,5842.153,12975.14,1969.389,5781.637,13199.28,1979.789,5754.394,13049.74,1989.36,5528.119,13259.64,2042.597,5615.75
13041.1,1983.353,5320.68,13020.07,1950.195,5874.141,13268.52,1980.544,5700.21,12939.56,1976.692,5522.217,13284.01,2022.614,5873.842,12952.88,2012.767,5616.116,13049.93,1973.057,5424.45,13151.11,1984.858,5508.397,13092.57,1977.858,5799.356,12919.12,2009.544,5392.854,13210.44,1963.221,5842.996,12975.97,1969.389,5783.819,13200.76,1979.789,5756.199,13049.51,1989.36,5530.441,13257.32,2042.597,5616.014
13040.71,1983.353,5321.772,13019.59,1950.195,5875.201,13267.35,1980.544,5700.221,12939.03,1976.692,5523.252,13285.17,2022.614,5873.978,12952.15,2012.767,5617.024,13049.58,1973.057,5425.558,13150.44,1984.858,5509.351,13092.6,1977.858,5800.519,12919.23,2009.544,5394.011,13211.52,1963.221,5843.442,12976.42,1969.389,5784.893,13201.47,1979.789,5757.12,13049.36,1989.36,5531.594,13256.18,2042.597,5616.222
13040.19,1983.353,5323.339,13018.96,1950.195,5876.724,13265.71,1980.544,5700.182,12938.33,1976.692,5524.744,13286.8,2022.614,5874.188,12951.17,2012.767,5618.344,13049.06,1973.057,5427.121,13149.55,1984.858,5510.734,13092.58,1977.858,5802.167,12919.44,2009.544,5395.646,13213.02,1963.221,5844.111,12977.09,1969.389,5786.396,13202.44,1979.789,5758.456,13049.08,1989.36,5533.22,13254.55,2042.597,5616.464
13039.49,1983.353,5324.972,13018.33,1950.195,5878.386,13263.93,1980.544,5700.082,12937.63,1976.692,5526.376,13288.56,2022.614,5874.435,12950.15,2012.767,5619.801,13048.54,1973.057,5428.821,13148.63,1984.858,5512.256,13092.51,1977.858,5803.942,12919.73,2009.544,5397.4,13214.63,1963.221,5844.871,12977.79,1969.389,5788.029,13203.43,1979.789,5759.928,13048.74,1989.36,5534.962,13252.78,2042.597,5616.671
13038.84,1983.353,5326.641,13017.75,1950.195,5880.083,13262.15,1980.544,5699.922,12936.97,1976.692,5528.044,13290.33,2022.614,5874.701,12949.17,2012.767,5621.303,13048.07,1973.057,5430.551,13147.75,1984.858,5513.821,13092.38,1977.858,5805.73,12920.07,2009.544,5399.159,13216.23,1963.221,5845.677,12978.55,1969.389,5789.655,13204.39,1979.789,5761.444,13048.33,1989.36,5536.707,13251,2042.597,5616.821
13038.13,1983.353,5328.306,13017.22,1950.195,5881.812,13260.35,1980.544,5699.702,12936.36,1976.692,5529.748,13292.12,2022.614,5874.986,12948.24,2012.767,5622.851,13047.62,1973.057,5432.303,13146.92,1984.858,5515.428,13092.21,1977.858,5807.529,12920.48,2009.544,5400.921,13217.82,1963.221,5846.53,12979.36,1969.389,5791.272,13205.31,1979.789,5763.002,13047.86,1989.36,5538.453,13249.19,2042.597,5616.957
13037.48,1983.353,5330.009,13016.74,1950.195,5883.572,13258.55,1980.544,5699.421,12935.81,1976.692,5531.485,13293.92,2022.614,5875.289,12947.34,2012.767,5624.441,13047.22,1973.057,5434.082,13146.14,1984.858,5517.075,13091.97,1977.858,5809.338,12920.95,2009.544,5402.684,13219.41,1963.221,5847.429,12980.19,1969.389,5792.895,13206.18,1979.789,5764.602,13047.32,1989.36,5540.198,13247.37,2042.597,5617.034
13036.87,1983.353,5331.75,13016.32,1950.195,5885.365,13256.74,1980.544,5699.078,12935.3,1976.692,5533.257,13295.73,2022.614,5875.61,12946.49,2012.767,5626.077,13046.75,1973.057,5435.864,13145.4,1984.858,5518.764,13091.67,1977.858,5811.157,12921.48,2009.544,5404.449,13220.99,1963.221,5848.375,12981.05,1969.389,5794.521,13207.02,1979.789,5766.245,13046.73,1989.36,5541.943,13245.53,2042.597,5617.052
13036.33,1983.353,5333.506,13015.94,1950.195,5887.167,13254.94,1980.544,5698.677,12934.86,1976.692,5535.042,13297.54,2022.614,5875.944,12945.7,2012.767,5627.737,13046.41,1973.057,5437.672,13144.72,1984.858,5520.474,13091.32,1977.858,5812.963,12922.06,2009.544,5406.192,13222.54,1963.221,5849.359,12981.95,1969.389,5796.131,13207.8,1979.789,5767.911,13046.08,1989.36,5543.665,13243.69,2042.597,5617.01
13035.84,1983.353,5335.253,13015.63,1950.195,5888.952,13253.19,1980.544,5698.224,12934.47,1976.692,5536.813,13299.32,2022.614,5876.285,12944.97,2012.767,5629.396,13046.01,1973.057,5439.44,13144.11,1984.858,5522.179,13090.91,1977.858,5814.729,12922.7,2009.544,5407.89,13224.05,1963.221,5850.365,12982.85,1969.389,5797.698,13208.52,1979.789,5769.575,13045.39,1989.36,5545.338,13241.88,2042.597,5616.909
13034.88,1983.353,5338.374,13015.17,1950.195,5892.184,13250.06,1980.544,5697.304,12933.72,1976.692,5539.989,13302.52,2022.614,5876.918,12943.74,2012.767,5632.419,13045.19,1973.057,5442.602,13142.9,1984.858,5525.212,13090.08,1977.858,5817.886,12923.94,2009.544,5410.909,13226.72,1963.221,5852.244,12984.55,1969.389,5800.486,13209.71,1979.789,5772.612,13044.04,1989.36,5548.313,13238.63,2042.597,5616.621
13034.76,1983.353,5338.818,13015.12,1950.195,5892.641,13249.62,1980.544,5697.16,12933.6,1976.692,5540.434,13302.97,2022.614,5877.01,12943.58,2012.767,5632.849,13045.09,1973.057,5443.051,13142.72,1984.858,5525.634,13089.97,1977.858,5818.333,12924.13,2009.544,5411.329,13227.09,1963.221,5852.518,12984.8,1969.389,5800.873,13209.87,1979.789,5773.044,13043.84,1989.36,5548.725,13238.17,2042.597,5616.565
13033.84,1983.353,5341.146,13014.91,1950.195,5895.138,13247.27,1980.544,5696.299,12932.92,1976.692,5542.843,13305.42,2022.614,5877.521,12942.75,2012.767,5635.213,13044.48,1973.057,5445.482,13141.64,1984.858,5527.896,13089.43,1977.858,5820.78,12925.23,2009.544,5413.579,13229.07,1963.221,5854.059,12986.21,1969.389,5802.945,13210.64,1979.789,5775.428,13042.66,1989.36,5550.936,13235.69,2042.597,5616.181
13033.63,1983.353,5341.729,13014.88,1950.195,5895.757,13246.69,1980.544,5696.067,12932.73,1976.692,5543.436,13306.03,2022.614,5877.65,12942.56,2012.767,5635.803,13044.31,1973.057,5446.078,13141.36,1984.858,5528.447,13089.31,1977.858,5821.388,12925.52,2009.544,5414.126,13229.54,1963.221,5854.452,12986.57,1969.389,5803.448,13210.81,1979.789,5776.023,13042.35,1989.36,5551.473,13235.08,2042.597,5616.065
13032.73,1983.353,5344.484,13014.8,1950.195,5898.651,13244.04,1980.544,5694.896,12931.81,1976.692,5546.181,13308.85,2022.614,5878.262,12941.73,2012.767,5638.578,13043.43,1973.057,5448.834,13139.94,1984.858,5530.975,13088.81,1977.858,5824.238,12926.97,2009.544,5416.637,13231.74,1963.221,5856.342,12988.33,1969.389,5805.75,13211.53,1979.789,5778.828,13040.82,1989.36,5553.936,13232.26,2042.597,5615.436
13032.34,1983.353,5345.833,13014.8,1950.195,5900.056,13242.78,1980.544,5694.286,12931.33,1976.692,5547.501,13310.23,2022.614,5878.563,12941.36,2012.767,5639.933,13042.95,1973.057,5450.156,13139.3,1984.858,5532.224,13088.59,1977.858,5825.625,12927.71,2009.544,5417.832,13232.78,1963.221,5857.285,12989.21,1969.389,5806.842,13211.84,1979.789,5780.199,13040.04,1989.36,5555.105,13230.9,2042.597,5615.085
13031.79,1983.353,5347.663,13014.86,1950.195,5901.967,13241.08,1980.544,5693.4,12930.64,1976.692,5549.282,13312.09,2022.614,5878.977,12940.9,2012.767,5641.788,13042.34,1973.057,5451.968,13138.37,1984.858,5533.894,13088.32,1977.858,5827.518,12928.76,2009.544,5419.424,13234.17,1963.221,5858.602,12990.46,1969.389,5808.293,13212.2,1979.789,5782.077,13038.94,1989.36,5556.663,13229.06,2042.597,5614.548
13031.49,1983.353,5349.561,13014.96,1950.195,5903.884,13239.41,1980.544,5692.455,12929.9,1976.692,5551.053,13313.95,2022.614,5879.454,12940.48,2012.767,5643.661,13041.66,1973.057,5453.766,13137.38,1984.858,5535.541,13088.09,1977.858,5829.423,12929.88,2009.544,5420.988,13235.52,1963.221,5859.967,12991.75,1969.389,5809.712,13212.5,1979.789,5783.973,13037.8,1989.36,5558.212,13227.24,2042.597,5613.949
13030.99,1983.353,5352.221,13015.16,1950.195,5906.583,13237.1,1980.544,5691.046,12928.79,1976.692,5553.522,13316.55,2022.614,5880.212,12939.94,2012.767,5646.313,13040.9,1973.057,5456.362,13135.91,1984.858,5537.814,13087.86,1977.858,5832.12,12931.52,2009.544,5423.139,13237.36,1963.221,5861.947,12993.52,1969.389,5811.755,13212.85,1979.789,5786.658,13036.13,1989.36,5560.343,13224.69,2042.597,5613.02
13030.78,1983.353,5353.502,13015.28,1950.195,5907.875,13236.01,1980.544,5690.334,12928.3,1976.692,5554.723,13317.79,2022.614,5880.616,12939.64,2012.767,5647.576,13040.49,1973.057,5457.595,13135.18,1984.858,5538.885,13087.78,1977.858,5833.417,12932.34,2009.544,5424.148,13238.22,1963.221,5862.922,12994.35,1969.389,5812.756,13212.97,1979.789,5787.951,13035.3,1989.36,5561.339,13223.49,2042.597,5612.535
13030.5,1983.353,5355.341,13015.49,1950.195,5909.723,13234.42,1980.544,5689.366,12927.53,1976.692,5556.42,13319.53,2022.614,5881.253,12939.15,2012.767,5649.371,13039.85,1973.057,5459.342,13134.07,1984.858,5540.384,13087.74,1977.858,5835.276,12933.55,2009.544,5425.559,13239.41,1963.221,5864.354,12995.49,1969.389,5814.224,13213.11,1979.789,5789.806,13034.15,1989.36,5562.806,13221.79,2042.597,5611.783
13030.02,1983.353,5357.904,13015.82,1950.195,5912.309,13232.15,1980.544,5688.083,12926.39,1976.692,5558.762,13321.95,2022.614,5882.225,12938.38,2012.767,5651.863,13038.88,1973.057,5461.761,13132.46,1984.858,5542.433,13087.77,1977.858,5837.883,12935.31,2009.544,5427.489,13241.01,1963.221,5866.407,12997.04,1969.389,5816.326,13213.23,1979.789,5792.41,13032.62,1989.36,5564.912,13219.44,2042.597,5610.653
13029.74,1983.353,5359.208,13016,1950.195,5913.63,13230.97,1980.544,5687.465,12925.84,1976.692,5559.979,13323.17,2022.614,5882.762,12937.98,2012.767,5653.135,13038.34,1973.057,5462.983,13131.6,1984.858,5543.454,13087.82,1977.858,5839.216,12936.23,2009.544,5428.448,13241.81,1963.221,5867.479,12997.79,1969.389,5817.424,13213.25,1979.789,5793.744,13031.87,1989.36,5566.015,13218.25,2042.597,5610.035
13029.25,1983.353,5361.144,13016.29,1950.195,5915.605,13229.17,1980.544,5686.598,12924.96,1976.692,5561.772,13324.97,2022.614,5883.626,12937.32,2012.767,5655.019,13037.48,1973.057,5464.786,13130.37,1984.858,5545.023,13087.97,1977.858,5841.208,12937.67,2009.544,5429.84,13242.95,1963.221,5869.113,12998.88,1969.389,5819.103,13213.24,1979.789,5795.74,13030.8,1989.36,5567.701,13216.44,2042.597,5609.2
13028.7,1983.353,5363.074,13016.59,1950.195,5917.589,13227.34,1980.544,5685.786,12924.14,1976.692,5563.603,13326.75,2022.614,5884.553,12936.65,2012.767,5656.915,13036.56,1973.057,5466.571,13129.17,1984.858,5546.636,13088.19,1977.858,5843.204,12939.15,2009.544,5431.195,13244.07,1963.221,5870.784,12999.91,1969.389,5820.823,13213.16,1979.789,5797.746,13029.57,1989.36,5569.29,13214.63,2042.597,5608.333
13028.08,1983.353,5364.992,13016.95,1950.195,5919.569,13225.47,1980.544,5685.032,12923.25,1976.692,5565.412,13328.51,2022.614,5885.542,12935.93,2012.767,5658.793,13035.58,1973.057,5468.333,13128.02,1984.858,5548.287,13088.47,1977.858,5845.198,12940.67,2009.544,5432.509,13245.15,1963.221,5872.483,13000.89,1969.389,5822.582,13213.03,1979.789,5799.756,13028.39,1989.36,5570.923,13212.82,2042.597,5607.444
13027.41,1983.353,5366.9,13017.39,1950.195,5921.547,13223.57,1980.544,5684.336,12922.49,1976.692,5567.287,13330.24,2022.614,5886.592,12935.14,2012.767,5660.657,13034.66,1973.057,5470.134,13126.91,1984.858,5549.978,13088.82,1977.858,5847.192,12942.22,2009.544,5433.818,13246.2,1963.221,5874.212,13001.82,1969.389,5824.38,13212.84,1979.789,5801.771,13027.26,1989.36,5572.603,13211.01,2042.597,5606.539
13026.67,1983.353,5368.8,13017.85,1950.195,5923.531,13221.63,1980.544,5683.699,12921.66,1976.692,5569.148,13331.95,2022.614,5887.706,12934.4,2012.767,5662.558,13033.79,1973.057,5471.978,13125.83,1984.858,5551.711,13089.23,1977.858,5849.188,12943.78,2009.544,5435.125,13247.23,1963.221,5875.969,13002.7,1969.389,5826.221,13212.58,1979.789,5803.793,13026.18,1989.36,5574.331,13209.2,2042.597,5605.623
13025.87,1983.353,5370.683,13018.3,1950.195,5925.525,13219.67,1980.544,5683.124,12920.95,1976.692,5571.064,13333.62,2022.614,5888.878,12933.9,2012.767,5664.538,13032.98,1973.057,5473.854,13124.81,1984.858,5553.477,13089.71,1977.858,5851.174,12945.36,2009.544,5436.421,13248.25,1963.221,5877.743,13003.51,1969.389,5828.094,13212.26,1979.789,5805.812,13025,1989.36,5576,13207.37,2042.597,5604.706
13025.14,1983.353,5372.597,13018.77,1950.195,5927.522,13217.72,1980.544,5682.482,12920.17,1976.692,5572.962,13335.26,2022.614,5890.109,12933.32,2012.767,5666.507,13032.23,1973.057,5475.762,13123.82,1984.858,5555.276,13090.26,1977.858,5853.151,12946.9,2009.544,5437.774,13249.25,1963.221,5879.531,13004.27,1969.389,5830,13211.88,1979.789,5807.826,13023.87,1989.36,5577.712,13205.54,2042.597,5603.793
13024.45,1983.353,5374.573,13019.31,1950.195,5929.543,13215.76,1980.544,5681.763,12919.32,1976.692,5574.873,13336.89,2022.614,5891.419,12932.67,2012.767,5668.497,13031.53,1973.057,5477.733,13122.79,1984.858,5557.096,13090.89,1977.858,5855.148,12948.42,2009.544,5439.206,13250.26,1963.221,5881.361,13004.98,1969.389,5831.968,13211.42,1979.789,5809.869,13022.78,1989.36,5579.497,13203.66,2042.597,5602.87
13023.45,1983.353,5377.777,13019.9,1950.195,5932.847,13212.65,1980.544,5680.507,12917.85,1976.692,5577.889,13339.44,2022.614,5893.604,12931.53,2012.767,5671.65,13030.5,1973.057,5480.926,13121.11,1984.858,5559.996,13091.99,1977.858,5858.317,12950.83,2009.544,5441.549,13251.88,1963.221,5884.297,13006.02,1969.389,5835.159,13210.59,1979.789,5813.12,13021.12,1989.36,5582.414,13200.64,2042.597,5601.4
13023.31,1983.353,5378.279,13020.01,1950.195,5933.356,13212.17,1980.544,5680.296,12917.63,1976.692,5578.364,13339.82,2022.614,5893.956,12931.33,2012.767,5672.134,13030.35,1973.057,5481.426,13120.83,1984.858,5560.437,13092.18,1977.858,5858.803,12951.19,2009.544,5441.919,13252.13,1963.221,5884.751,13006.17,1969.389,5835.659,13210.45,1979.789,5813.62,13020.88,1989.36,5582.875,13200.17,2042.597,5601.188
13022.76,1983.353,5380.521,13020.54,1950.195,5935.601,13210.09,1980.544,5679.294,12916.62,1976.692,5580.439,13341.47,2022.614,5895.571,12930.4,2012.767,5674.247,13029.78,1973.057,5483.662,13119.54,1984.858,5562.353,13093.08,1977.858,5860.929,12952.76,2009.544,5443.611,13253.26,1963.221,5886.763,13006.73,1969.389,5837.896,13209.74,1979.789,5815.815,13019.87,1989.36,5584.952,13198.03,2042.597,5600.314
13022.34,1983.353,5382.517,13021.08,1950.195,5937.569,13208.28,1980.544,5678.344,12915.79,1976.692,5582.302,13342.88,2022.614,5897.045,12929.57,2012.767,5676.109,13029.33,1973.057,5485.652,13118.35,1984.858,5564.008,13093.93,1977.858,5862.781,12954.11,2009.544,5445.146,13254.27,1963.221,5888.536,13007.17,1969.389,5839.889,13209.05,1979.789,5817.736,13019.04,1989.36,5586.816,13196.12,2042.597,5599.604
13021.98,1983.353,5384.466,13021.67,1950.195,5939.464,13206.5,1980.544,5677.479,12915.04,1976.692,5584.137,13344.21,2022.614,5898.521,12928.64,2012.767,5677.86,13028.95,1973.057,5487.598,13117.14,1984.858,5565.577,13094.82,1977.858,5864.553,12955.37,2009.544,5446.674,13255.27,1963.221,5890.249,13007.54,1969.389,5841.837,13208.32,1979.789,5819.579,13018.2,1989.36,5588.611,13194.24,2042.597,5598.976
13021.69,1983.353,5386.345,13022.28,1950.195,5941.262,13204.76,1980.544,5676.705,12914.26,1976.692,5585.872,13345.43,2022.614,5899.977,12927.69,2012.767,5679.505,13028.64,1973.057,5489.474,13115.93,1984.858,5567.042,13095.73,1977.858,5866.223,12956.53,2009.544,5448.174,13256.24,1963.221,5891.883,13007.82,1969.389,5843.716,13207.56,1979.789,5821.323,13017.45,1989.36,5590.357,13192.42,2042.597,5598.432
13021.46,1983.353,5388.258,13022.96,1950.195,5943.066,13202.98,1980.544,5675.979,12913.42,1976.692,5587.604,13346.62,2022.614,5901.494,12926.78,2012.767,5681.204,13028.39,1973.057,5491.384,13114.65,1984.858,5568.488,13096.71,1977.858,5867.886,12957.67,2009.544,5449.729,13257.24,1963.221,5893.529,13008.05,1969.389,5845.63,13206.74,1979.789,5823.067,13016.63,1989.36,5592.102,13190.55,2042.597,5597.942
13021.23,1983.353,5390.688,13023.89,1950.195,5945.322,13200.69,1980.544,5675.133,12912.38,1976.692,5589.811,13348.06,2022.614,5903.462,12925.38,2012.767,5683.203,13028.14,1973.057,5493.812,13112.99,1984.858,5570.275,13098.01,1977.858,5869.95,12959.06,2009.544,5451.738,13258.53,1963.221,5895.598,13008.26,1969.389,5848.062,13205.63,1979.789,5825.24,13015.67,1989.36,5594.344,13188.19,2042.597,5597.333
13021.17,1983.353,5391.718,13024.31,1950.195,5946.265,13199.71,1980.544,5674.808,12911.9,1976.692,5590.73,13348.64,2022.614,5904.314,12924.81,2012.767,5684.068,13028.06,1973.057,5494.841,13112.27,1984.858,5571.013,13098.59,1977.858,5870.805,12959.62,2009.544,5452.604,13259.09,1963.221,5896.465,13008.32,1969.389,5849.093,13205.13,1979.789,5826.145,13015.23,1989.36,5595.279,13187.19,2042.597,5597.08
13021.08,1983.353,5394.207,13025.4,1950.195,5948.506,13197.32,1980.544,5674.1,12910.8,1976.692,5592.959,13349.98,2022.614,5906.415,12923.52,2012.767,5686.196,13027.95,1973.057,5497.329,13110.48,1984.858,5572.748,13100.05,1977.858,5872.82,12960.91,2009.544,5454.733,13260.46,1963.221,5898.54,13008.37,1969.389,5851.582,13203.86,1979.789,5828.285,13014.1,1989.36,5597.498,13184.77,2042.597,5596.479
13021.08,1983.353,5396.579,13026.49,1950.195,5950.61,13195.03,1980.544,5673.5,12909.67,1976.692,5595.048,13351.32,2022.614,5908.373,12922.36,2012.767,5688.264,13027.91,1973.057,5499.701,13108.76,1984.858,5574.382,13101.5,1977.858,5874.694,12962.08,2009.544,5456.795,13261.8,1963.221,5900.498,13008.34,1969.389,5853.955,13202.58,1979.789,5830.284,13012.95,1989.36,5599.575,13182.47,2042.597,5595.913
13021.12,1983.353,5398.116,13027.24,1950.195,5951.954,13193.53,1980.544,5673.16,12908.95,1976.692,5596.406,13352.04,2022.614,5909.734,12921.59,2012.767,5689.6,13027.93,1973.057,5501.238,13107.64,1984.858,5575.43,13102.48,1977.858,5875.878,12962.8,2009.544,5458.154,13262.69,1963.221,5901.752,13008.28,1969.389,5855.491,13201.71,1979.789,5831.553,13012.17,1989.36,5600.897,13180.98,2042.597,5595.548
13021.19,1983.353,5399.304,13027.85,1950.195,5952.977,13192.36,1980.544,5672.933,12908.36,1976.692,5597.438,13352.63,2022.614,5910.769,12920.88,2012.767,5690.556,13027.98,1973.057,5502.427,13106.76,1984.858,5576.232,13103.27,1977.858,5876.769,12963.33,2009.544,5459.221,13263.39,1963.221,5902.712,13008.18,1969.389,5856.678,13201.01,1979.789,5832.513,13011.52,1989.36,5601.899,13179.82,2042.597,5595.268
13021.24,1983.353,5399.959,13028.2,1950.195,5953.533,13191.72,1980.544,5672.787,12908.01,1976.692,5597.998,13352.97,2022.614,5911.33,12920.51,2012.767,5691.098,13028.03,1973.057,5503.083,13106.27,1984.858,5576.671,13103.73,1977.858,5877.247,12963.61,2009.544,5459.819,13263.79,1963.221,5903.237,13008.11,1969.389,5857.332,13200.6,1979.789,5833.031,13011.15,1989.36,5602.442,13179.18,2042.597,5595.113
13021.65,1983.353,5403.416,13030.14,1950.195,5956.425,13188.26,1980.544,5672.403,12906.08,1976.692,5600.897,13354.88,2022.614,5914.236,12918.63,2012.767,5694.025,13028.37,1973.057,5506.547,13103.66,1984.858,5578.966,13106.2,1977.858,5879.698,12964.96,2009.544,5463.023,13265.93,1963.221,5905.982,13007.62,1969.389,5860.778,13198.37,1979.789,5835.699,13009.09,1989.36,5605.245,13175.8,2042.597,5594.296
13021.79,1983.353,5404.375,13030.7,1950.195,5957.217,13187.3,1980.544,5672.265,12905.59,1976.692,5601.733,13355.37,2022.614,5915.074,12918.16,2012.767,5694.875,13028.49,1973.057,5507.508,13102.92,1984.858,5579.598,13106.86,1977.858,5880.402,12965.32,2009.544,5463.925,13266.54,1963.221,5906.736,13007.52,1969.389,5861.741,13197.72,1979.789,5836.421,13008.49,1989.36,5606.006,13174.86,2042.597,5594.068
13021.97,1983.353,5405.394,13031.31,1950.195,5958.047,13186.28,1980.544,5672.084,12905.04,1976.692,5602.609,13355.92,2022.614,5915.952,12917.78,2012.767,5695.838,13028.65,1973.057,5508.532,13102.13,1984.858,5580.266,13107.55,1977.858,5881.178,12965.67,2009.544,5464.9,13267.2,1963.221,5907.532,13007.44,1969.389,5862.773,13197.01,1979.789,5837.171,13007.82,1989.36,5606.799,13173.85,2042.597,5593.822
13022.37,1983.353,5407.262,13032.49,1950.195,5959.549,13184.39,1980.544,5671.823,12904.08,1976.692,5604.256,13356.99,2022.614,5917.537,12917.02,2012.767,5697.59,13028.99,1973.057,5510.41,13100.66,1984.858,5581.485,13108.77,1977.858,5882.649,12966.26,2009.544,5466.716,13268.37,1963.221,5909.038,13007.35,1969.389,5864.681,13195.74,1979.789,5838.595,13006.54,1989.36,5608.219,13172,2042.597,5593.365
13022.83,1983.353,5409.166,13033.74,1950.195,5961.058,13182.44,1980.544,5671.65,12903.06,1976.692,5605.928,13357.96,2022.614,5919.237,12916.31,2012.767,5699.415,13029.4,1973.057,5512.326,13099.14,1984.858,5582.722,13109.97,1977.858,5884.197,12966.81,2009.544,5468.595,13269.53,1963.221,5910.621,13007.33,1969.389,5866.64,13194.48,1979.789,5840.098,13005.19,1989.36,5609.631,13170.1,2042.597,5592.89
13023.01,1983.353,5409.801,13034.15,1950.195,5961.577,13181.78,1980.544,5671.57,12902.7,1976.692,5606.479,13358.3,2022.614,5919.798,12916.05,2012.767,5700.021,13029.54,1973.057,5512.969,13098.65,1984.858,5583.151,13110.35,1977.858,5884.731,12966.98,2009.544,5469.232,13269.9,1963.221,5911.166,13007.31,1969.389,5867.298,13194.07,1979.789,5840.617,13004.71,1989.36,5610.091,13169.46,2042.597,5592.728
13024.04,1983.353,5413.141,13036.21,1950.195,5964.396,13178.33,1980.544,5671.034,12900.78,1976.692,5609.403,13360.17,2022.614,5922.753,12914.57,2012.767,5703.188,13030.29,1973.057,5516.381,13096.06,1984.858,5585.503,13112.31,1977.858,5887.629,12967.77,2009.544,5472.637,13271.76,1963.221,5914.121,13007.08,1969.389,5870.786,13192.01,1979.789,5843.44,13002.13,1989.36,5612.45,13166.08,2042.597,5591.85
13024.25,1983.353,5413.764,13036.59,1950.195,5964.938,13177.68,1980.544,5670.912,12900.4,1976.692,5609.941,13360.49,2022.614,5923.332,12914.27,2012.767,5703.775,13030.43,1973.057,5517.023,13095.58,1984.858,5585.959,13112.66,1977.858,5888.187,12967.9,2009.544,5473.282,13272.1,1963.221,5914.688,13007.02,1969.389,5871.441,13191.64,1979.789,5843.984,13001.63,1989.36,5612.878,13165.44,2042.597,5591.681
13024.52,1983.353,5414.48,13037.01,1950.195,5965.579,13176.93,1980.544,5670.746,12899.99,1976.692,5610.589,13360.87,2022.614,5923.995,12913.9,2012.767,5704.446,13030.61,1973.057,5517.769,13095.05,1984.858,5586.504,13113.04,1977.858,5888.848,12968.03,2009.544,5474.037,13272.47,1963.221,5915.36,13006.92,1969.389,5872.201,13191.23,1979.789,5844.63,13001.04,1989.36,5613.357,13164.71,2042.597,5591.479
13025.53,1983.353,5416.912,13038.38,1950.195,5967.82,13174.38,1980.544,5670.089,12898.51,1976.692,5612.767,13362.11,2022.614,5926.318,12912.56,2012.767,5706.709,13031.22,1973.057,5520.327,13093.25,1984.858,5588.43,13114.29,1977.858,5891.164,12968.4,2009.544,5476.643,13273.66,1963.221,5917.704,13006.52,1969.389,5874.802,13189.89,1979.789,5846.897,12998.93,1989.36,5614.936,13162.17,2042.597,5590.766
13026.04,1983.353,5418.057,13039.07,1950.195,5968.873,13173.18,1980.544,5669.737,12897.82,1976.692,5613.81,13362.66,2022.614,5927.445,12911.88,2012.767,5707.767,13031.52,1973.057,5521.545,13092.42,1984.858,5589.372,13114.85,1977.858,5892.287,12968.54,2009.544,5477.89,13274.2,1963.221,5918.838,13006.37,1969.389,5876.048,13189.29,1979.789,5847.999,12997.9,1989.36,5615.655,13160.97,2042.597,5590.415
13026.8,1983.353,5419.6,13040.04,1950.195,5970.287,13171.55,1980.544,5669.201,12896.81,1976.692,5615.204,13363.37,2022.614,5929.01,12910.98,2012.767,5709.226,13031.95,1973.057,5523.208,13091.33,1984.858,5590.691,13115.57,1977.858,5893.848,12968.68,2009.544,5479.601,13274.88,1963.221,5920.412,13006.22,1969.389,5877.758,13188.52,1979.789,5849.531,12996.46,1989.36,5616.593,13159.33,2042.597,5589.919
13027.61,1983.353,5421.137,13041.06,1950.195,5971.692,13169.92,1980.544,5668.605,12895.75,1976.692,5616.581,13364.3,2022.614,5930.474,12910.01,2012.767,5710.671,13032.39,1973.057,5524.887,13090.25,1984.858,5592.058,13116.24,1977.858,5895.45,12968.77,2009.544,5481.336,13275.53,1963.221,5922.026,13006.13,1969.389,5879.493,13187.78,1979.789,5851.107,12994.98,1989.36,5617.495,13157.67,2042.597,5589.399
13028.47,1983.353,5422.66,13042.13,1950.195,5973.081,13168.29,1980.544,5667.952,12894.64,1976.692,5617.933,13365.2,2022.614,5931.979,12909,2012.767,5712.095,13032.85,1973.057,5526.575,13089.21,1984.858,5593.465,13116.87,1977.858,5897.086,12968.82,2009.544,5483.086,13276.13,1963.221,5923.67,13006.09,1969.389,5881.243,13187.1,1979.789,5852.718,12993.45,1989.36,5618.355,13156.01,2042.597,5588.855
13029.49,1983.353,5424.336,13043.36,1950.195,5974.606,13166.5,1980.544,5667.161,12893.35,1976.692,5619.408,13366.14,2022.614,5933.7,12907.8,2012.767,5713.654,13033.38,1973.057,5528.463,13088.09,1984.858,5595.076,13117.5,1977.858,5898.942,12968.81,2009.544,5485.049,13276.75,1963.221,5925.533,13006.11,1969.389,5883.207,13186.39,1979.789,5854.549,12991.77,1989.36,5619.364,13154.15,2042.597,5588.22
13030.48,1983.353,5425.854,13044.54,1950.195,5975.983,13164.81,1980.544,5666.485,12892.11,1976.692,5620.729,13366.96,2022.614,5935.315,12906.69,2012.767,5715.087,13033.9,1973.057,5530.201,13087.1,1984.858,5596.592,13118.04,1977.858,5900.674,12968.75,2009.544,5486.86,13277.27,1963.221,5927.27,13006.19,1969.389,5885.017,13185.79,1979.789,5856.26,12990.24,1989.36,5620.334,13152.44,2042.597,5587.61
13031.43,1983.353,5427.208,13045.65,1950.195,5977.209,13163.26,1980.544,5665.919,12890.94,1976.692,5621.897,13367.66,2022.614,5936.811,12905.64,2012.767,5716.359,13034.38,1973.057,5531.779,13086.23,1984.858,5597.999,13118.47,1977.858,5902.267,12968.64,2009.544,5488.508,13277.69,1963.221,5928.866,13006.31,1969.389,5886.664,13185.3,1979.789,5857.835,12988.87,1989.36,5621.254,13150.9,2042.597,5587.031
13032.62,1983.353,5428.799,13047.02,1950.195,5978.648,13161.37,1980.544,5665.301,12889.49,1976.692,5623.255,13368.46,2022.614,5938.631,12904.32,2012.767,5717.847,13034.99,1973.057,5533.67,13085.23,1984.858,5599.71,13118.93,1977.858,5904.2,12968.46,2009.544,5490.485,13278.21,1963.221,5930.781,13006.53,1969.389,5888.638,13184.76,1979.789,5859.749,12987.26,1989.36,5622.412,13149.05,2042.597,5586.304
13033.61,1983.353,5430.053,13048.08,1950.195,5979.844,13159.84,1980.544,5664.852,12888.29,1976.692,5624.313,13369.06,2022.614,5940.115,12903.22,2012.767,5719.012,13035.49,1973.057,5535.188,13084.44,1984.858,5601.105,13119.25,1977.858,5905.77,12968.26,2009.544,5492.075,13278.65,1963.221,5932.321,13006.75,1969.389,5890.224,13184.39,1979.789,5861.306,12985.99,1989.36,5623.387,13147.57,2042.597,5585.691
13035.29,1983.353,5432.021,13049.74,1950.195,5981.827,13157.33,1980.544,5664.209,12886.29,1976.692,5625.955,13369.97,2022.614,5942.533,12901.39,2012.767,5720.83,13036.35,1973.057,5537.625,13083.11,1984.858,5603.32,13119.69,1977.858,5908.315,12967.88,2009.544,5494.628,13279.37,1963.221,5934.799,13007.2,1969.389,5892.768,13183.86,1979.789,5863.833,12983.99,1989.36,5625.024,13145.2,2042.597,5584.662
13036.12,1983.353,5432.946,13050.5,1950.195,5982.809,13156.12,1980.544,5663.939,12885.31,1976.692,5626.716,13370.37,2022.614,5943.71,12900.48,2012.767,5721.678,13036.78,1973.057,5538.794,13082.45,1984.858,5604.373,13119.85,1977.858,5909.55,12967.65,2009.544,5495.854,13279.73,1963.221,5935.992,13007.45,1969.389,5893.987,13183.64,1979.789,5865.061,12983.05,1989.36,5625.844,13144.07,2042.597,5584.143
13038.37,1983.353,5435.281,13052.41,1950.195,5985.43,13152.93,1980.544,5663.338,12882.67,1976.692,5628.613,13371.35,2022.614,5946.803,12898.19,2012.767,5723.979,13037.94,1973.057,5541.818,13080.64,1984.858,5607.068,13120.19,1977.858,5912.776,12966.98,2009.544,5499.025,13280.69,1963.221,5939.087,13008.22,1969.389,5897.138,13183.19,1979.789,5868.272,12980.68,1989.36,5628.057,13141.15,2042.597,5582.734
13038.71,1983.353,5435.611,13052.68,1950.195,5985.821,13152.46,1980.544,5663.266,12882.28,1976.692,5628.877,13371.48,2022.614,5947.256,12897.85,2012.767,5724.307,13038.12,1973.057,5542.255,13080.37,1984.858,5607.454,13120.22,1977.858,5913.248,12966.86,2009.544,5499.484,13280.84,1963.221,5939.537,13008.35,1969.389,5897.593,13183.14,1979.789,5868.742,12980.34,1989.36,5628.39,13140.73,2042.597,5582.52
13040.63,1983.353,5437.372,13054.07,1950.195,5988.026,13149.87,1980.544,5662.95,12880.07,1976.692,5630.266,13372.13,2022.614,5949.783,12895.91,2012.767,5726.054,13039.15,1973.057,5544.654,13078.82,1984.858,5609.551,13120.32,1977.858,5915.855,12966.17,2009.544,5502,13281.65,1963.221,5942.015,13009.13,1969.389,5900.083,13182.94,1979.789,5871.344,12978.55,1989.36,5630.289,13138.43,2042.597,5581.288
13042.47,1983.353,5439.162,13055.37,1950.195,5990.234,13147.32,1980.544,5662.723,12877.86,1976.692,5631.559,13372.7,2022.614,5952.28,12893.96,2012.767,5727.706,13040.2,1973.057,5546.989,13077.25,1984.858,5611.574,13120.33,1977.858,5918.417,12965.41,2009.544,5504.447,13282.52,1963.221,5944.426,13009.98,1969.389,5902.5,13182.83,1979.789,5873.904,12976.86,1989.36,5632.209,13136.2,2042.597,5580.029
13043.06,1983.353,5439.782,13055.78,1950.195,5990.989,13146.46,1980.544,5662.675,12877.11,1976.692,5631.969,13372.87,2022.614,5953.123,12893.28,2012.767,5728.238,13040.57,1973.057,5547.765,13076.71,1984.858,5612.241,13120.3,1977.858,5919.276,12965.13,2009.544,5505.26,13282.83,1963.221,5945.227,13010.29,1969.389,5903.301,13182.82,1979.789,5874.763,12976.31,1989.36,5632.871,13135.46,2042.597,5579.59
13044.16,1983.353,5441.002,13056.52,1950.195,5992.453,13144.83,1980.544,5662.636,12875.69,1976.692,5632.798,13373.15,2022.614,5954.738,12891.96,2012.767,5729.21,13041.3,1973.057,5549.23,13075.65,1984.858,5613.492,13120.21,1977.858,5920.913,12964.56,2009.544,5506.794,13283.46,1963.221,5946.738,13010.93,1969.389,5904.81,13182.86,1979.789,5876.402,12975.31,1989.36,5634.167,13134.07,2042.597,5578.719
13045.53,1983.353,5442.631,13057.42,1950.195,5994.383,13142.7,1980.544,5662.656,12873.89,1976.692,5633.934,13373.58,2022.614,5956.822,12890.21,2012.767,5730.417,13042.3,1973.057,5551.11,13074.24,1984.858,5615.089,13120.04,1977.858,5923.034,12963.75,2009.544,5508.763,13284.22,1963.221,5948.727,13011.83,1969.389,5906.74,13182.98,1979.789,5878.528,12973.95,1989.36,5635.81,13132.3,2042.597,5577.546
13046.58,1983.353,5443.971,13058.09,1950.195,5995.951,13140.99,1980.544,5662.727,12872.48,1976.692,5634.891,13373.98,2022.614,5958.479,12888.77,2012.767,5731.336,13043.13,1973.057,5552.597,13073.09,1984.858,5616.348,13119.87,1977.858,5924.729,12963.05,2009.544,5510.32,13284.78,1963.221,5950.339,13012.6,1969.389,5908.261,13183.13,1979.789,5880.226,12972.83,1989.36,5637.091,13130.9,2042.597,5576.573
13047.75,1983.353,5445.554,13058.8,1950.195,5997.781,13139.03,1980.544,5662.873,12870.89,1976.692,5636.046,13374.5,2022.614,5960.374,12886.98,2012.767,5732.136,13044.13,1973.057,5554.288,13071.75,1984.858,5617.775,13119.63,1977.858,5926.68,12962.2,2009.544,5512.089,13285.36,1963.221,5952.217,13013.54,1969.389,5909.985,13183.37,1979.789,5882.177,12971.49,1989.36,5638.53,13129.31,2042.597,5575.412
13048.86,1983.353,5447.183,13059.46,1950.195,5999.642,13137.07,1980.544,5663.084,12869.33,1976.692,5637.249,13374.78,2022.614,5962.331,12885.2,2012.767,5732.998,13045.18,1973.057,5555.963,13070.37,1984.858,5619.19,13119.35,1977.858,5928.635,12961.28,2009.544,5513.84,13286.11,1963.221,5954.043,13014.43,1969.389,5911.749,13183.67,1979.789,5884.129,12970.1,1989.36,5639.937,13127.75,2042.597,5574.205
13049.93,1983.353,5448.855,13060.07,1950.195,6001.532,13135.1,1980.544,5663.36,12867.71,1976.692,5638.406,13375.12,2022.614,5964.287,12883.44,2012.767,5733.922,13046.27,1973.057,5557.621,13068.96,1984.858,5620.592,13119.03,1977.858,5930.594,12960.42,2009.544,5515.629,13286.81,1963.221,5955.903,13015.27,1969.389,5913.55,13184.04,1979.789,5886.081,12968.67,1989.36,5641.313,13126.21,2042.597,5572.953
13050.95,1983.353,5450.567,13060.62,1950.195,6003.446,13133.14,1980.544,5663.701,12866.29,1976.692,5639.794,13375.52,2022.614,5966.236,12881.71,2012.767,5734.906,13047.41,1973.057,5559.254,13067.54,1984.858,5621.981,13118.67,1977.858,5932.551,12959.62,2009.544,5517.45,13287.44,1963.221,5957.789,13016.05,1969.389,5915.382,13184.47,1979.789,5888.024,12967.2,1989.36,5642.655,13124.7,2042.597,5571.658
13051.92,1983.353,5452.319,13061.11,1950.195,6005.385,13131.18,1980.544,5664.107,12864.81,1976.692,5641.142,13375.99,2022.614,5968.181,12880.01,2012.767,5735.952,13048.6,1973.057,5560.863,13066.09,1984.858,5623.361,13118.25,1977.858,5934.509,12958.87,2009.544,5519.306,13288.02,1963.221,5959.705,13016.77,1969.389,5917.248,13184.97,1979.789,5889.962,12965.72,1989.36,5643.996,13123.21,2042.597,5570.317
13052.83,1983.353,5454.114,13061.55,1950.195,6007.352,13129.22,1980.544,5664.581,12863.32,1976.692,5642.497,13376.53,2022.614,5970.122,12878.32,2012.767,5737.06,13049.84,1973.057,5562.447,13064.62,1984.858,5624.736,13117.8,1977.858,5936.47,12958.17,2009.544,5521.197,13288.54,1963.221,5961.651,13017.44,1969.389,5919.149,13185.54,1979.789,5891.895,12964.21,1989.36,5645.331,13121.75,2042.597,5568.929
13053.69,1983.353,5455.939,13061.93,1950.195,6009.331,13127.28,1980.544,5665.119,12861.87,1976.692,5643.898,13377.02,2022.614,5972.078,12876.68,2012.767,5738.223,13051.13,1973.057,5563.994,13063.14,1984.858,5626.099,13117.29,1977.858,5938.42,12957.54,2009.544,5523.11,13288.96,1963.221,5963.622,13018.04,1969.389,5921.072,13186.17,1979.789,5893.81,12962.7,1989.36,5646.657,13120.33,2042.597,5567.501
13054.49,1983.353,5457.8,13062.25,1950.195,6011.332,13125.35,1980.544,5665.722,12860.37,1976.692,5645.258,13377.44,2022.614,5974.059,12875.06,2012.767,5739.445,13052.43,1973.057,5565.55,13061.63,1984.858,5627.448,13116.73,1977.858,5940.368,12956.96,2009.544,5525.052,13289.36,1963.221,5965.608,13018.58,1969.389,5923.024,13186.86,1979.789,5895.713,12961,1989.36,5647.759,13118.93,2042.597,5566.041
13055.23,1983.353,5459.691,13062.5,1950.195,6013.346,13123.43,1980.544,5666.39,12858.82,1976.692,5646.572,13377.8,2022.614,5976.057,12873.48,2012.767,5740.723,13053.73,1973.057,5567.111,13060.09,1984.858,5628.776,13116.13,1977.858,5942.306,12956.45,2009.544,5527.015,13289.7,1963.221,5967.61,13019.06,1969.389,5924.998,13187.62,1979.789,5897.597,12959.33,1989.36,5648.919,13117.55,2042.597,5564.551
13056.12,1983.353,5461.765,13062.73,1950.195,6015.593,13121.32,1980.544,5667.202,12857.15,1976.692,5648.088,13378.13,2022.614,5978.291,12871.77,2012.767,5742.196,13055.17,1973.057,5568.846,13058.36,1984.858,5630.224,13115.52,1977.858,5944.479,12955.94,2009.544,5529.215,13290.16,1963.221,5969.822,13019.52,1969.389,5927.208,13188.53,1979.789,5899.663,12957.52,1989.36,5650.268,13116.05,2042.597,5562.867
13057,1983.353,5463.636,13062.87,1950.195,6017.655,13119.42,1980.544,5668.008,12855.57,1976.692,5649.425,13378.46,2022.614,5980.331,12870.07,2012.767,5743.366,13056.49,1973.057,5570.433,13056.75,1984.858,5631.522,13115.02,1977.858,5946.484,12955.54,2009.544,5531.242,13290.51,1963.221,5971.859,13019.88,1969.389,5929.244,13189.43,1979.789,5901.525,12955.9,1989.36,5651.557,13114.7,2042.597,5561.299
13057.85,1983.353,5465.306,13062.94,1950.195,6019.527,13117.72,1980.544,5668.794,12854.12,1976.692,5650.615,13378.71,2022.614,5982.189,12868.56,2012.767,5744.476,13057.7,1973.057,5571.868,13055.27,1984.858,5632.672,13114.62,1977.858,5948.314,12955.23,2009.544,5533.09,13290.91,1963.221,5973.689,13020.14,1969.389,5931.099,13190.29,1979.789,5903.187,12954.4,1989.36,5652.678,13113.51,2042.597,5559.854
13058.93,1983.353,5467.269,13062.96,1950.195,6021.77,13115.71,1980.544,5669.801,12852.41,1976.692,5652.062,13378.87,2022.614,5984.425,12866.62,2012.767,5745.595,13059.14,1973.057,5573.581,13053.48,1984.858,5634.016,13114.2,1977.858,5950.517,12954.92,2009.544,5535.312,13291.32,1963.221,5975.894,13020.39,1969.389,5933.329,13191.39,1979.789,5905.14,12952.56,1989.36,5653.961,13112.12,2042.597,5558.098
13059.82,1983.353,5468.833,13062.92,1950.195,6023.57,13114.13,1980.544,5670.662,12851,1976.692,5653.178,13379.06,2022.614,5986.216,12865.09,2012.767,5746.544,13060.31,1973.057,5574.952,13052.02,1984.858,5635.066,13113.91,1977.858,5952.295,12954.73,2009.544,5537.103,13291.59,1963.221,5977.674,13020.52,1969.389,5935.125,13192.33,1979.789,5906.679,12951.05,1989.36,5654.944,13111.02,2042.597,5556.667
13061.27,1983.353,5471.306,13062.85,1950.195,6026.434,13111.66,1980.544,5672.113,12848.69,1976.692,5654.88,13379.31,2022.614,5989.072,12862.61,2012.767,5747.98,13062.18,1973.057,5577.123,13049.66,1984.858,5636.689,13113.54,1977.858,5955.136,12954.51,2009.544,5539.96,13292.17,1963.221,5980.481,13020.64,1969.389,5937.988,13193.9,1979.789,5909.077,12948.6,1989.36,5656.432,13109.33,2042.597,5554.355
13061.63,1983.353,5471.902,13062.83,1950.195,6027.129,13111.07,1980.544,5672.485,12848.13,1976.692,5655.289,13379.39,2022.614,5989.763,12861.98,2012.767,5748.278,13062.63,1973.057,5577.647,13049.07,1984.858,5637.071,13113.46,1977.858,5955.828,12954.48,2009.544,5540.655,13292.32,1963.221,5981.161,13020.65,1969.389,5938.684,13194.3,1979.789,5909.647,12948,1989.36,5656.774,13108.93,2042.597,5553.786
13063.14,1983.353,5474.379,13062.72,1950.195,6030.033,13108.67,1980.544,5674.118,12845.72,1976.692,5656.919,13379.74,2022.614,5992.648,12859.39,2012.767,5749.608,13064.56,1973.057,5579.824,13046.61,1984.858,5638.615,13113.25,1977.858,5958.727,12954.42,2009.544,5543.562,13292.85,1963.221,5984.019,13020.59,1969.389,5941.59,13196.04,1979.789,5911.971,12945.42,1989.36,5658.122,13107.31,2042.597,5551.376
13063.94,1983.353,5475.585,13062.66,1950.195,6031.475,13107.5,1980.544,5674.967,12844.5,1976.692,5657.69,13379.96,2022.614,5994.076,12858.11,2012.767,5750.279,13065.52,1973.057,5580.898,13045.37,1984.858,5639.354,13113.18,1977.858,5960.169,12954.44,2009.544,5545.006,13293.07,1963.221,5985.447,13020.51,1969.389,5943.032,13196.95,1979.789,5913.096,12944.12,1989.36,5658.75,13106.52,2042.597,5550.163
13065.84,1983.353,5478.269,13062.52,1950.195,6034.756,13104.91,1980.544,5676.986,12841.66,1976.692,5659.351,13380.35,2022.614,5997.338,12855.25,2012.767,5751.899,13067.74,1973.057,5583.322,13042.51,1984.858,5640.971,13113.13,1977.858,5963.455,12954.42,2009.544,5548.291,13293.46,1963.221,5988.709,13020.22,1969.389,5946.306,13199.09,1979.789,5915.588,12941.12,1989.36,5660.087,13104.79,2042.597,5547.37
13066.64,1983.353,5479.401,13062.45,1950.195,6036.145,13103.84,1980.544,5677.877,12840.47,1976.692,5660.064,13380.65,2022.614,5998.697,12854.02,2012.767,5752.545,13068.69,1973.057,5584.34,13041.28,1984.858,5641.626,13113.14,1977.858,5964.846,12954.39,2009.544,5549.681,13293.58,1963.221,5990.095,13020.05,1969.389,5947.687,13200.03,1979.789,5916.613,12939.83,1989.36,5660.612,13104.08,2042.597,5546.178
13067.8,1983.353,5481.001,13062.35,1950.195,6038.114,13102.36,1980.544,5679.188,12838.74,1976.692,5661.02,13381.1,2022.614,6000.619,12852.3,2012.767,5753.518,13070.04,1973.057,5585.769,13039.52,1984.858,5642.513,13113.22,1977.858,5966.817,12954.31,2009.544,5551.652,13293.69,1963.221,5992.065,13019.75,1969.389,5949.637,13201.41,1979.789,5918.022,12937.98,1989.36,5661.299,13103.08,2042.597,5544.477
13069.3,1983.353,5483.064,13062.14,1950.195,6040.658,13100.51,1980.544,5680.946,12836.57,1976.692,5662.353,13381.6,2022.614,6003.122,12850.04,2012.767,5754.703,13071.84,1973.057,5587.585,13037.22,1984.858,5643.604,13113.4,1977.858,5969.363,12954.17,2009.544,5554.199,13293.76,1963.221,5994.617,13019.28,1969.389,5952.146,13203.14,1979.789,5919.901,12935.56,1989.36,5662.113,13101.82,2042.597,5542.261
13070.87,1983.353,5485.209,13061.86,1950.195,6043.306,13098.64,1980.544,5682.842,12834.25,1976.692,5663.672,13382.04,2022.614,6005.749,12847.73,2012.767,5756.016,13073.75,1973.057,5589.441,13034.78,1984.858,5644.681,13113.68,1977.858,5972.012,12953.97,2009.544,5556.854,13293.74,1963.221,5997.28,13018.71,1969.389,5954.746,13204.88,1979.789,5921.917,12933.07,1989.36,5663.038,13100.52,2042.597,5539.935
13071.18,1983.353,5485.629,13061.79,1950.195,6043.825,13098.29,1980.544,5683.227,12833.79,1976.692,5663.917,13382.1,2022.614,6006.268,12847.3,2012.767,5756.313,13074.13,1973.057,5589.798,13034.3,1984.858,5644.88,13113.75,1977.858,5972.531,12953.95,2009.544,5557.377,13293.71,1963.221,5997.803,13018.58,1969.389,5955.253,13205.21,1979.789,5922.323,12932.58,1989.36,5663.234,13100.27,2042.597,5539.474
13073.38,1983.353,5488.564,13061.19,1950.195,6047.445,13095.89,1980.544,5686.003,12830.49,1976.692,5665.529,13382.47,2022.614,6009.919,12844.37,2012.767,5758.532,13076.87,1973.057,5592.241,13030.87,1984.858,5646.188,13114.36,1977.858,5976.15,12953.88,2009.544,5561.045,13293.45,1963.221,6001.463,13017.55,1969.389,5958.776,13207.44,1979.789,5925.242,12929.22,1989.36,5664.718,13098.56,2042.597,5536.23
13074.68,1983.353,5490.28,13060.78,1950.195,6049.558,13094.53,1980.544,5687.676,12828.53,1976.692,5666.413,13382.61,2022.614,6012.067,12842.62,2012.767,5759.776,13078.5,1973.057,5593.636,13028.84,1984.858,5646.901,13114.78,1977.858,5978.26,12953.89,2009.544,5563.197,13293.23,1963.221,6003.604,13016.88,1969.389,5960.822,13208.69,1979.789,5926.99,12927.28,1989.36,5665.648,13097.58,2042.597,5534.317
13074.97,1983.353,5490.658,13060.68,1950.195,6050.022,13094.25,1980.544,5688.056,12828.09,1976.692,5666.595,13382.62,2022.614,6012.542,12842.22,2012.767,5760.039,13078.87,1973.057,5593.936,13028.39,1984.858,5647.046,13114.89,1977.858,5978.723,12953.89,2009.544,5563.672,13293.17,1963.221,6004.075,13016.72,1969.389,5961.269,13208.96,1979.789,5927.378,12926.86,1989.36,5665.867,13097.37,2042.597,5533.892
13076.61,1983.353,5492.782,13060.04,1950.195,6052.626,13092.7,1980.544,5690.248,12825.58,1976.692,5667.543,13382.63,2022.614,6015.226,12839.93,2012.767,5761.444,13080.99,1973.057,5595.578,13025.81,1984.858,5647.798,13115.58,1977.858,5981.315,12953.77,2009.544,5566.353,13292.72,1963.221,6006.721,13015.89,1969.389,5963.82,13210.46,1979.789,5929.606,12924.52,1989.36,5667.178,13096.19,2042.597,5531.483
13077.35,1983.353,5493.737,13059.71,1950.195,6053.794,13092.03,1980.544,5691.26,12824.44,1976.692,5667.937,13382.59,2022.614,6016.437,12838.88,2012.767,5762.044,13081.97,1973.057,5596.296,13024.64,1984.858,5648.107,13115.93,1977.858,5982.476,12953.7,2009.544,5567.562,13292.51,1963.221,6007.915,13015.55,1969.389,5964.983,13211.1,1979.789,5930.633,12923.48,1989.36,5667.802,13095.66,2042.597,5530.391
13078.43,1983.353,5495.111,13059.21,1950.195,6055.465,13091.12,1980.544,5692.75,12822.77,1976.692,5668.453,13382.5,2022.614,6018.181,12837.34,2012.767,5762.86,13083.4,1973.057,5597.296,13022.94,1984.858,5648.507,13116.48,1977.858,5984.133,12953.56,2009.544,5569.303,13292.22,1963.221,6009.637,13015.12,1969.389,5966.676,13211.98,1979.789,5932.143,12922.01,1989.36,5668.75,13094.92,2042.597,5528.809
13079.48,1983.353,5496.44,13058.67,1950.195,6057.075,13090.28,1980.544,5694.225,12821.17,1976.692,5669.007,13382.36,2022.614,6019.872,12835.81,2012.767,5763.603,13084.81,1973.057,5598.233,13021.28,1984.858,5648.852,13117.07,1977.858,5985.725,12953.4,2009.544,5570.992,13291.94,1963.221,6011.309,13014.75,1969.389,5968.333,13212.79,1979.789,5933.635,12920.52,1989.36,5669.559,13094.22,2042.597,5527.267
13080.51,1983.353,5497.727,13058.11,1950.195,6058.625,13089.52,1980.544,5695.684,12819.63,1976.692,5669.597,13382.18,2022.614,6021.51,12834.31,2012.767,5764.275,13086.21,1973.057,5599.108,13019.66,1984.858,5649.144,13117.68,1977.858,5987.252,12953.2,2009.544,5572.626,13291.66,1963.221,6012.932,13014.45,1969.389,5969.952,13213.53,1979.789,5935.109,12919.1,1989.36,5670.39,13093.55,2042.597,5525.764
13081.89,1983.353,5499.443,13057.32,1950.195,6060.68,13088.55,1980.544,5697.667,12817.59,1976.692,5670.439,13381.88,2022.614,6023.693,12832.27,2012.767,5765.109,13088.12,1973.057,5600.218,13017.48,1984.858,5649.479,13118.57,1977.858,5989.27,12952.85,2009.544,5574.804,13291.29,1963.221,6015.105,13014.11,1969.389,5972.131,13214.45,1979.789,5937.111,12917.23,1989.36,5671.564,13092.65,2042.597,5523.753
13082.54,1983.353,5500.235,13056.92,1950.195,6061.623,13088.14,1980.544,5698.601,12816.65,1976.692,5670.846,13381.71,2022.614,6024.701,12831.38,2012.767,5765.605,13089.01,1973.057,5600.704,13016.46,1984.858,5649.608,13119.01,1977.858,5990.191,12952.66,2009.544,5575.807,13291.12,1963.221,6016.111,13013.99,1969.389,5973.146,13214.85,1979.789,5938.052,12916.39,1989.36,5672.137,13092.23,2042.597,5522.821
13083.79,1983.353,5501.774,13056.12,1950.195,6063.438,13087.39,1980.544,5700.443,12814.86,1976.692,5671.696,13381.33,2022.614,6026.652,12829.64,2012.767,5766.573,13090.79,1973.057,5601.591,13014.49,1984.858,5649.81,13119.93,1977.858,5991.958,12952.22,2009.544,5577.746,13290.79,1963.221,6018.071,13013.82,1969.389,5975.126,13215.56,1979.789,5939.907,12914.64,1989.36,5673.091,13091.42,2042.597,5521.008
13084.4,1983.353,5502.508,13055.75,1950.195,6064.316,13087.06,1980.544,5701.335,12813.99,1976.692,5672.091,13381.12,2022.614,6027.58,12828.79,2012.767,5767.008,13091.66,1973.057,5601.987,13013.54,1984.858,5649.937,13120.39,1977.858,5992.789,12951.98,2009.544,5578.667,13290.64,1963.221,6019.009,13013.71,1969.389,5976.071,13215.88,1979.789,5940.805,12913.81,1989.36,5673.548,13091.03,2042.597,5520.14
13085.26,1983.353,5503.544,13055.27,1950.195,6065.574,13086.64,1980.544,5702.614,12812.78,1976.692,5672.69,13380.79,2022.614,6028.885,12827.58,2012.767,5767.585,13092.9,1973.057,5602.509,13012.22,1984.858,5650.16,13121.01,1977.858,5993.986,12951.6,2009.544,5579.958,13290.41,1963.221,6020.336,13013.51,1969.389,5977.403,13216.28,1979.789,5942.089,12912.59,1989.36,5674.133,13090.47,2042.597,5518.913
13086.21,1983.353,5504.643,13054.79,1950.195,6066.947,13086.23,1980.544,5704.007,12811.5,1976.692,5673.373,13380.4,2022.614,6030.283,12826.24,2012.767,5768.165,13094.23,1973.057,5603.087,13010.79,1984.858,5650.446,13121.63,1977.858,5995.298,12951.15,2009.544,5581.339,13290.18,1963.221,6021.769,13013.25,1969.389,5978.833,13216.68,1979.789,5943.487,12911.31,1989.36,5674.806,13089.88,2042.597,5517.589
13087.2,1983.353,5505.746,13054.35,1950.195,6068.364,13085.85,1980.544,5705.442,12810.17,1976.692,5674.027,13379.96,2022.614,6031.698,12824.89,2012.767,5768.767,13095.58,1973.057,5603.692,13009.35,1984.858,5650.785,13122.22,1977.858,5996.658,12950.64,2009.544,5582.733,13289.94,1963.221,6023.231,13012.94,1969.389,5980.283,13217.03,1979.789,5944.927,12910.02,1989.36,5675.536,13089.27,2042.597,5516.238
13088.22,1983.353,5506.843,13053.95,1950.195,6069.813,13085.52,1980.544,5706.909,12808.8,1976.692,5674.645,13379.47,2022.614,6033.121,12823.51,2012.767,5769.371,13096.95,1973.057,5604.321,13007.9,1984.858,5651.175,13122.78,1977.858,5998.055,12950.09,2009.544,5584.13,13289.7,1963.221,6024.715,13012.58,1969.389,5981.744,13217.35,1979.789,5946.397,12908.73,1989.36,5676.319,13088.65,2042.597,5514.869
13089.3,1983.353,5507.95,13053.59,1950.195,6071.316,13085.23,1980.544,5708.428,12807.41,1976.692,5675.327,13379.02,2022.614,6034.6,12822.08,2012.767,5769.946,13098.33,1973.057,5605.014,13006.41,1984.858,5651.595,13123.3,1977.858,5999.51,12949.47,2009.544,5585.548,13289.5,1963.221,6026.249,13012.17,1969.389,5983.233,13217.63,1979.789,5947.919,12907.42,1989.36,5677.14,13088.01,2042.597,5513.462
13090.77,1983.353,5509.394,13053.16,1950.195,6073.332,13084.91,1980.544,5710.462,12805.54,1976.692,5676.186,13378.38,2022.614,6036.558,12820.15,2012.767,5770.668,13100.14,1973.057,5605.996,13004.43,1984.858,5652.178,13123.94,1977.858,6001.47,12948.59,2009.544,5587.411,13289.3,1963.221,6028.299,13011.55,1969.389,5985.199,13217.93,1979.789,5949.957,12905.71,1989.36,5678.289,13087.15,2042.597,5511.59
13091.55,1983.353,5510.126,13052.98,1950.195,6074.381,13084.78,1980.544,5711.52,12804.56,1976.692,5676.599,13378.07,2022.614,6037.579,12819.14,2012.767,5771.009,13101.06,1973.057,5606.534,13003.42,1984.858,5652.491,13124.23,1977.858,6002.495,12948.1,2009.544,5588.359,13289.16,1963.221,6029.356,13011.2,1969.389,5986.206,13218.05,1979.789,5951.015,12904.81,1989.36,5678.859,13086.71,2042.597,5510.623
13092.73,1983.353,5511.2,13052.75,1950.195,6075.963,13084.53,1980.544,5713.1,12803.06,1976.692,5677.169,13377.66,2022.614,6039.125,12817.61,2012.767,5771.479,13102.42,1973.057,5607.386,13001.9,1984.858,5653.008,13124.62,1977.858,6004.045,12947.33,2009.544,5589.76,13288.91,1963.221,6030.935,13010.63,1969.389,5987.699,13218.18,1979.789,5952.609,12903.43,1989.36,5679.669,13086.03,2042.597,5509.172
13093.96,1983.353,5512.266,13052.56,1950.195,6077.576,13084.25,1980.544,5714.7,12801.64,1976.692,5677.958,13377.41,2022.614,6040.728,12816.09,2012.767,5772.049,13103.76,1973.057,5608.294,13000.38,1984.858,5653.581,13124.97,1977.858,6005.631,12946.5,2009.544,5591.156,13288.7,1963.221,6032.544,13010,1969.389,5989.195,13218.26,1979.789,5954.231,12901.95,1989.36,5680.329,13085.35,2042.597,5507.702
13095.22,1983.353,5513.319,13052.42,1950.195,6079.216,13083.93,1980.544,5716.313,12800.18,1976.692,5678.71,13377.11,2022.614,6042.347,12814.57,2012.767,5772.677,13105.09,1973.057,5609.259,12998.86,1984.858,5654.208,13125.27,1977.858,6007.25,12945.62,2009.544,5592.545,13288.54,1963.221,6034.182,13009.31,1969.389,5990.691,13218.28,1979.789,5955.876,12900.47,1989.36,5681.046,13084.65,2042.597,5506.214
13096.52,1983.353,5514.359,13052.42,1950.195,6080.881,13083.54,1980.544,5717.932,12798.7,1976.692,5679.482,13376.76,2022.614,6043.975,12813.07,2012.767,5773.407,13106.41,1973.057,5610.279,12997.34,1984.858,5654.892,13125.51,1977.858,6008.896,12944.68,2009.544,5593.921,13288.6,1963.221,6035.846,13008.67,1969.389,5992.227,13218.25,1979.789,5957.541,12898.99,1989.36,5681.82,13083.93,2042.597,5504.711
13097.86,1983.353,5515.383,13052.37,1950.195,6082.565,13083.1,1980.544,5719.558,12797.25,1976.692,5680.327,13376.46,2022.614,6045.632,12811.65,2012.767,5774.307,13107.71,1973.057,5611.353,12995.83,1984.858,5655.63,13125.71,1977.858,6010.569,12943.69,2009.544,5595.284,13288.6,1963.221,6037.531,13008.07,1969.389,5993.801,13218.15,1979.789,5959.222,12897.47,1989.36,5682.542,13083.2,2042.597,5503.193
13099.18,1983.353,5516.358,13052.26,1950.195,6084.21,13082.61,1980.544,5721.133,12795.79,1976.692,5681.106,13376.22,2022.614,6047.264,12810.28,2012.767,5775.226,13108.94,1973.057,5612.445,12994.37,1984.858,5656.399,13125.85,1977.858,6012.212,12942.68,2009.544,5596.587,13288.56,1963.221,6039.179,13007.53,1969.389,5995.36,13218.09,1979.789,5960.87,12896.01,1989.36,5683.298,13082.48,2042.597,5501.711
13100.5,1983.353,5517.277,13052.1,1950.195,6085.805,13082.09,1980.544,5722.648,12794.38,1976.692,5681.868,13376.04,2022.614,6048.855,12808.92,2012.767,5776.075,13110.11,1973.057,5613.543,12992.98,1984.858,5657.19,13125.93,1977.858,6013.812,12941.66,2009.544,5597.821,13288.47,1963.221,6040.778,13007.06,1969.389,5996.891,13218.1,1979.789,5962.472,12894.61,1989.36,5684.078,13081.78,2042.597,5500.274
13101.78,1983.353,5518.138,13052.05,1950.195,6087.352,13081.54,1980.544,5724.094,12793.05,1976.692,5682.648,13376.02,2022.614,6050.402,12807.58,2012.767,5776.851,13111.2,1973.057,5614.641,12991.66,1984.858,5657.996,13125.96,1977.858,6015.359,12940.64,2009.544,5598.982,13288.48,1963.221,6042.326,13006.65,1969.389,5998.384,13218.05,1979.789,5964.019,12893.28,1989.36,5684.875,13081.09,2042.597,5498.889
13103.04,1983.353,5518.945,13052.08,1950.195,6088.851,13080.96,1980.544,5725.477,12791.73,1976.692,5683.361,13376.02,2022.614,6051.902,12806.26,2012.767,5777.561,13112.22,1973.057,5615.738,12990.4,1984.858,5658.815,13125.94,1977.858,6016.859,12939.61,2009.544,5600.076,13288.58,1963.221,6043.822,13006.31,1969.389,5999.843,13217.85,1979.789,5965.505,12892.02,1989.36,5685.689,13080.41,2042.597,5497.551
13104.53,1983.353,5519.85,13052.04,1950.195,6090.591,13080.23,1980.544,5727.058,12790.22,1976.692,5684.238,13376.07,2022.614,6053.641,12804.7,2012.767,5778.333,13113.37,1973.057,5617.049,12988.98,1984.858,5659.812,13125.86,1977.858,6018.597,12938.38,2009.544,5601.308,13288.64,1963.221,6045.561,13005.96,1969.389,6001.548,13217.57,1979.789,5967.222,12890.5,1989.36,5686.526,13079.62,2042.597,5496.003
13105.49,1983.353,5520.403,13051.98,1950.195,6091.695,13079.74,1980.544,5728.048,12789.3,1976.692,5684.838,13376.07,2022.614,6054.747,12803.69,2012.767,5778.792,13114.07,1973.057,5617.905,12988.09,1984.858,5660.473,13125.77,1977.858,6019.7,12937.58,2009.544,5602.066,13288.64,1963.221,6046.667,13005.77,1969.389,6002.638,13217.42,1979.789,5968.318,12889.54,1989.36,5687.087,13079.11,2042.597,5495.022
13106.71,1983.353,5521.076,13051.95,1950.195,6093.092,13079.08,1980.544,5729.277,12788.1,1976.692,5685.557,13376.02,2022.614,6056.144,12802.39,2012.767,5779.296,13114.92,1973.057,5619.014,12987,1984.858,5661.343,13125.61,1977.858,6021.088,12936.53,2009.544,5602.994,13288.74,1963.221,6048.062,13005.58,1969.389,6004.023,13217.29,1979.789,5969.708,12888.36,1989.36,5687.833,13078.46,2042.597,5493.787
13108.16,1983.353,5521.832,13051.92,1950.195,6094.729,13078.25,1980.544,5730.691,12786.68,1976.692,5686.376,13376.02,2022.614,6057.781,12800.88,2012.767,5779.937,13115.87,1973.057,5620.345,12985.75,1984.858,5662.402,13125.38,1977.858,6022.708,12935.28,2009.544,5604.042,13288.79,1963.221,6049.697,13005.42,1969.389,6005.651,13217.18,1979.789,5971.342,12887,1989.36,5688.747,13077.69,2042.597,5492.345
13108.6,1983.353,5522.049,13051.9,1950.195,6095.219,13077.99,1980.544,5731.107,12786.25,1976.692,5686.608,13376.02,2022.614,6058.271,12800.43,2012.767,5780.114,13116.14,1973.057,5620.753,12985.38,1984.858,5662.731,13125.29,1977.858,6023.191,12934.89,2009.544,5604.345,13288.79,1963.221,6050.188,13005.38,1969.389,6006.141,13217.13,1979.789,5971.83,12886.61,1989.36,5689.033,13077.45,2042.597,5491.914
13110.36,1983.353,5522.865,13051.75,1950.195,6097.151,13076.91,1980.544,5732.713,12784.53,1976.692,5687.506,13376.23,2022.614,6060.197,12798.59,2012.767,5780.723,13117.17,1973.057,5622.397,12983.99,1984.858,5664.074,13124.89,1977.858,6025.087,12933.33,2009.544,5605.493,13288.85,1963.221,6052.125,13005.31,1969.389,6008.077,13216.87,1979.789,5973.751,12885.06,1989.36,5690.208,13076.51,2042.597,5490.22
13111.23,1983.353,5523.278,13051.64,1950.195,6098.109,13076.34,1980.544,5733.495,12783.66,1976.692,5687.925,13376.31,2022.614,6061.159,12797.68,2012.767,5781.056,13117.65,1973.057,5623.232,12983.31,1984.858,5664.764,13124.66,1977.858,6026.023,12932.54,2009.544,5606.041,13288.97,1963.221,6053.083,13005.3,1969.389,6009.042,13216.72,1979.789,5974.703,12884.31,1989.36,5690.815,13076.04,2042.597,5489.38
13112.28,1983.353,5523.786,13051.47,1950.195,6099.262,13075.63,1980.544,5734.416,12782.63,1976.692,5688.465,13376.37,2022.614,6062.322,12796.57,2012.767,5781.407,13118.2,1973.057,5624.257,12982.52,1984.858,5665.622,13124.34,1977.858,6027.144,12931.56,2009.544,5606.672,13289.07,1963.221,6054.243,13005.34,1969.389,6010.206,13216.57,1979.789,5975.858,12883.43,1989.36,5691.574,13075.46,2042.597,5488.371
13113.3,1983.353,5524.29,13051.18,1950.195,6100.36,13074.9,1980.544,5735.292,12781.61,1976.692,5688.958,13376.39,2022.614,6063.458,12795.5,2012.767,5781.786,13118.72,1973.057,5625.272,12981.78,1984.858,5666.482,13124,1977.858,6028.228,12930.58,2009.544,5607.258,13289.13,1963.221,6055.378,13005.41,1969.389,6011.34,13216.46,1979.789,5976.989,12882.59,1989.36,5692.337,13074.89,2042.597,5487.39
13114.27,1983.353,5524.782,13050.9,1950.195,6101.414,13074.18,1980.544,5736.108,12780.61,1976.692,5689.401,13376.4,2022.614,6064.548,12794.43,2012.767,5782.011,13119.18,1973.057,5626.259,12981.1,1984.858,5667.33,13123.63,1977.858,6029.255,12929.63,2009.544,5607.792,13289.16,1963.221,6056.468,13005.51,1969.389,6012.426,13216.39,1979.789,5978.077,12881.8,1989.36,5693.091,13074.33,2042.597,5486.453
13115.21,1983.353,5525.267,13050.58,1950.195,6102.423,13073.45,1980.544,5736.877,12779.62,1976.692,5689.772,13376.39,2022.614,6065.606,12793.4,2012.767,5782.264,13119.6,1973.057,5627.23,12980.46,1984.858,5668.172,13123.25,1977.858,6030.24,12928.7,2009.544,5608.281,13289.15,1963.221,6057.526,13005.64,1969.389,6013.476,13216.35,1979.789,5979.134,12881.06,1989.36,5693.844,13073.78,2042.597,5485.548
13116.12,1983.353,5525.748,13050.31,1950.195,6103.417,13072.72,1980.544,5737.603,12778.66,1976.692,5690.166,13376.41,2022.614,6066.638,12792.41,2012.767,5782.543,13119.98,1973.057,5628.188,12979.86,1984.858,5669.013,13122.84,1977.858,6031.188,12927.77,2009.544,5608.729,13289.1,1963.221,6058.557,13005.8,1969.389,6014.494,13216.35,1979.789,5980.166,12880.35,1989.36,5694.596,13073.24,2042.597,5484.67
13116.68,1983.353,5526.05,13050.13,1950.195,6104.027,13072.25,1980.544,5738.036,12778.08,1976.692,5690.428,13376.41,2022.614,6067.274,12791.79,2012.767,5782.695,13120.2,1973.057,5628.785,12979.51,1984.858,5669.543,13122.57,1977.858,6031.765,12927.19,2009.544,5608.987,13289.06,1963.221,6059.191,13005.92,1969.389,6015.119,13216.36,1979.789,5980.802,12879.9,1989.36,5695.045,13072.9,2042.597,5484.132
13117.83,1983.353,5526.679,13049.79,1950.195,6105.291,13071.27,1980.544,5738.894,12776.86,1976.692,5690.893,13376.36,2022.614,6068.58,12790.52,2012.767,5782.986,13120.71,1973.057,5629.986,12978.82,1984.858,5670.653,13121.98,1977.858,6032.93,12925.98,2009.544,5609.48,13288.92,1963.221,6060.491,13006.21,1969.389,6016.394,13216.42,1979.789,5982.107,12878.95,1989.36,5695.937,13072.2,2042.597,5483.031
13118.97,1983.353,5527.319,13049.5,1950.195,6106.567,13070.25,1980.544,5739.719,12775.63,1976.692,5691.32,13376.37,2022.614,6069.888,12789.25,2012.767,5783.315,13121.18,1973.057,5631.206,12978.16,1984.858,5671.785,13121.35,1977.858,6034.077,12924.75,2009.544,5609.937,13288.74,1963.221,6061.787,13006.54,1969.389,6017.66,13216.51,1979.789,5983.412,12877.96,1989.36,5696.798,13071.49,2042.597,5481.935
13119.49,1983.353,5527.617,13049.38,1950.195,6107.152,13069.78,1980.544,5740.082,12775.05,1976.692,5691.499,13376.36,2022.614,6070.486,12788.68,2012.767,5783.484,13121.38,1973.057,5631.769,12977.88,1984.858,5672.313,13121.05,1977.858,6034.592,12924.18,2009.544,5610.127,13288.68,1963.221,6062.382,13006.71,1969.389,6018.234,13216.53,1979.789,5984.01,12877.5,1989.36,5697.178,13071.16,2042.597,5481.436
13120.79,1983.353,5528.377,13048.94,1950.195,6108.596,13068.55,1980.544,5740.955,12773.6,1976.692,5691.905,13376.3,2022.614,6071.994,12787.25,2012.767,5783.952,13121.86,1973.057,5633.201,12977.21,1984.858,5673.663,13120.25,1977.858,6035.869,12922.74,2009.544,5610.564,13288.57,1963.221,6063.886,13007.18,1969.389,6019.666,13216.53,1979.789,5985.519,12876.3,1989.36,5698.095,13070.32,2042.597,5480.185
13121.32,1983.353,5528.695,13048.78,1950.195,6109.195,13068.03,1980.544,5741.297,12773,1976.692,5692.053,13376.26,2022.614,6072.613,12786.66,2012.767,5784.163,13122.04,1973.057,5633.794,12976.95,1984.858,5674.227,13119.9,1977.858,6036.384,12922.14,2009.544,5610.725,13288.54,1963.221,6064.506,13007.4,1969.389,6020.249,13216.51,1979.789,5986.139,12875.8,1989.36,5698.456,13069.97,2042.597,5479.673
13121.73,1983.353,5528.941,13048.67,1950.195,6109.657,13067.63,1980.544,5741.546,12772.54,1976.692,5692.153,13376.21,2022.614,6073.085,12786.22,2012.767,5784.337,13122.17,1973.057,5634.25,12976.76,1984.858,5674.664,13119.62,1977.858,6036.769,12921.68,2009.544,5610.834,13288.51,1963.221,6064.979,13007.55,1969.389,6020.696,13216.48,1979.789,5986.612,12875.4,1989.36,5698.719,13069.69,2042.597,5479.284
13122.2,1983.353,5529.233,13048.56,1950.195,6110.202,13067.14,1980.544,5741.823,12771.99,1976.692,5692.253,13376.13,2022.614,6073.636,12785.71,2012.767,5784.557,13122.31,1973.057,5634.787,12976.56,1984.858,5675.183,13119.28,1977.858,6037.211,12921.13,2009.544,5610.945,13288.45,1963.221,6065.533,13007.73,1969.389,6021.223,13216.43,1979.789,5987.166,12874.93,1989.36,5699.012,13069.37,2042.597,5478.83
13122.97,1983.353,5529.72,13048.41,1950.195,6111.102,13066.33,1980.544,5742.25,12771.09,1976.692,5692.446,13376.08,2022.614,6074.547,12784.86,2012.767,5784.891,13122.55,1973.057,5635.668,12976.26,1984.858,5676.044,13118.71,1977.858,6037.923,12920.23,2009.544,5611.099,13288.33,1963.221,6066.438,13008.01,1969.389,6022.093,13216.31,1979.789,5988.071,12874.14,1989.36,5699.468,13068.84,2042.597,5478.089
13123.61,1983.353,5530.127,13048.3,1950.195,6111.85,13065.66,1980.544,5742.581,12770.36,1976.692,5692.63,13376.04,2022.614,6075.301,12784.15,2012.767,5785.144,13122.75,1973.057,5636.395,12976.03,1984.858,5676.764,13118.24,1977.858,6038.512,12919.48,2009.544,5611.203,13288.25,1963.221,6067.188,13008.23,1969.389,6022.816,13216.19,1979.789,5988.816,12873.47,1989.36,5699.823,13068.39,2042.597,5477.479
13124.34,1983.353,5530.603,13048.21,1950.195,6112.716,13064.86,1980.544,5742.937,12769.52,1976.692,5692.87,13375.96,2022.614,6076.169,12783.32,2012.767,5785.409,13122.97,1973.057,5637.238,12975.79,1984.858,5677.602,13117.71,1977.858,6039.201,12918.62,2009.544,5611.296,13288.13,1963.221,6068.052,13008.46,1969.389,6023.654,13216.02,1979.789,5989.671,12872.68,1989.36,5700.188,13067.88,2042.597,5476.78
13124.91,1983.353,5530.984,13048.16,1950.195,6113.404,13064.22,1980.544,5743.198,12768.87,1976.692,5693.082,13375.88,2022.614,6076.855,12782.67,2012.767,5785.647,13123.14,1973.057,5637.906,12975.63,1984.858,5678.271,13117.3,1977.858,6039.756,12917.93,2009.544,5611.349,13288.01,1963.221,6068.732,13008.63,1969.389,6024.322,13215.86,1979.789,5990.344,12872.06,1989.36,5700.498,13067.46,2042.597,5476.229
13125.37,1983.353,5531.29,13048.13,1950.195,6113.952,13063.71,1980.544,5743.389,12768.35,1976.692,5693.267,13375.8,2022.614,6077.397,12782.16,2012.767,5785.859,13123.27,1973.057,5638.438,12975.51,1984.858,5678.807,13116.98,1977.858,6040.204,12917.38,2009.544,5611.374,13287.9,1963.221,6069.269,13008.76,1969.389,6024.855,13215.72,1979.789,5990.874,12871.58,1989.36,5700.759,13067.13,2042.597,5475.793
13126.08,1983.353,5531.779,13048.12,1950.195,6114.817,13062.89,1980.544,5743.664,12767.55,1976.692,5693.586,13375.7,2022.614,6078.257,12781.37,2012.767,5786.197,13123.5,1973.057,5639.267,12975.35,1984.858,5679.659,13116.5,1977.858,6040.925,12916.51,2009.544,5611.386,13287.7,1963.221,6070.111,13008.94,1969.389,6025.702,13215.47,1979.789,5991.703,12870.83,1989.36,5701.198,13066.6,2042.597,5475.108
13126.5,1983.353,5532.087,13048.13,1950.195,6115.34,13062.39,1980.544,5743.813,12767.04,1976.692,5693.734,13375.62,2022.614,6078.774,12780.9,2012.767,5786.433,13123.63,1973.057,5639.774,12975.27,1984.858,5680.175,13116.22,1977.858,6041.368,12915.99,2009.544,5611.378,13287.59,1963.221,6070.623,13009.04,1969.389,6026.215,13215.31,1979.789,5992.198,12870.39,1989.36,5701.477,13066.29,2042.597,5474.685
13126.93,1983.353,5532.42,13048.15,1950.195,6115.878,13061.87,1980.544,5743.973,12766.53,1976.692,5693.904,13375.52,2022.614,6079.304,12780.41,2012.767,5786.661,13123.74,1973.057,5640.301,12975.21,1984.858,5680.71,13115.94,1977.858,6041.826,12915.45,2009.544,5611.353,13287.49,1963.221,6071.152,13009.13,1969.389,6026.747,13215.12,1979.789,5992.703,12869.94,1989.36,5701.768,13065.99,2042.597,5474.238
13127.39,1983.353,5532.806,13048.19,1950.195,6116.478,13061.3,1980.544,5744.166,12765.97,1976.692,5694.112,13375.43,2022.614,6079.898,12779.86,2012.767,5786.896,13123.85,1973.057,5640.893,12975.15,1984.858,5681.309,13115.64,1977.858,6042.343,12914.85,2009.544,5611.306,13287.36,1963.221,6071.738,13009.21,1969.389,6027.342,13214.92,1979.789,5993.268,12869.42,1989.36,5702.077,13065.67,2042.597,5473.729
13127.87,1983.353,5533.234,13048.25,1950.195,6117.118,13060.7,1980.544,5744.389,12765.37,1976.692,5694.354,13375.32,2022.614,6080.53,12779.26,2012.767,5787.128,13123.94,1973.057,5641.529,12975.12,1984.858,5681.951,13115.33,1977.858,6042.907,12914.21,2009.544,5611.237,13287.2,1963.221,6072.361,13009.28,1969.389,6027.981,13214.71,1979.789,5993.875,12868.86,1989.36,5702.388,13065.35,2042.597,5473.174
13128.28,1983.353,5533.63,13048.33,1950.195,6117.688,13060.17,1980.544,5744.604,12764.88,1976.692,5694.639,13375.2,2022.614,6081.092,12778.72,2012.767,5787.318,13124.01,1973.057,5642.1,12975.1,1984.858,5682.525,13115.07,1977.858,6043.419,12913.65,2009.544,5611.157,13287.04,1963.221,6072.912,13009.33,1969.389,6028.554,13214.52,1979.789,5994.418,12868.35,1989.36,5702.65,13065.07,2042.597,5472.668
13128.63,1983.353,5533.983,13048.4,1950.195,6118.178,13059.71,1980.544,5744.802,12764.44,1976.692,5694.871,13375.07,2022.614,6081.573,12778.24,2012.767,5787.453,13124.05,1973.057,5642.594,12975.1,1984.858,5683.021,13114.86,1977.858,6043.869,12913.16,2009.544,5611.074,13286.88,1963.221,6073.384,13009.36,1969.389,6029.049,13214.36,1979.789,5994.888,12867.9,1989.36,5702.862,13064.85,2042.597,5472.225
13129.03,1983.353,5534.41,13048.51,1950.195,6118.749,13059.19,1980.544,5745.051,12763.91,1976.692,5695.125,13374.91,2022.614,6082.13,12777.68,2012.767,5787.596,13124.08,1973.057,5643.174,12975.12,1984.858,5683.601,13114.63,1977.858,6044.403,12912.59,2009.544,5610.958,13286.68,1963.221,6073.929,13009.38,1969.389,6029.629,13214.17,1979.789,5995.438,12867.37,1989.36,5703.093,13064.61,2042.597,5471.697
13129.22,1983.353,5534.632,13048.57,1950.195,6119.037,13058.92,1980.544,5745.18,12763.64,1976.692,5695.244,13374.82,2022.614,6082.41,12777.39,2012.767,5787.672,13124.09,1973.057,5643.468,12975.14,1984.858,5683.895,13114.52,1977.858,6044.677,12912.3,2009.544,5610.892,13286.58,1963.221,6074.202,13009.38,1969.389,6029.923,13214.08,1979.789,5995.715,12867.09,1989.36,5703.201,13064.49,2042.597,5471.426
13129.75,1983.353,5535.285,13048.76,1950.195,6119.859,13058.17,1980.544,5745.574,12762.86,1976.692,5695.563,13374.54,2022.614,6083.206,12776.56,2012.767,5787.815,13124.08,1973.057,5644.313,12975.22,1984.858,5684.736,13114.24,1977.858,6045.474,12911.48,2009.544,5610.675,13286.24,1963.221,6074.976,13009.35,1969.389,6030.768,13213.81,1979.789,5996.517,12866.3,1989.36,5703.485,13064.18,2042.597,5470.643
13130,1983.353,5535.608,13048.86,1950.195,6120.255,13057.82,1980.544,5745.776,12762.48,1976.692,5695.706,13374.39,2022.614,6083.586,12776.16,2012.767,5787.896,13124.07,1973.057,5644.72,12975.24,1984.858,5685.144,13114.12,1977.858,6045.863,12911.09,2009.544,5610.583,13286.06,1963.221,6075.344,13009.33,1969.389,6031.176,13213.68,1979.789,5996.904,12865.91,1989.36,5703.609,13064.03,2042.597,5470.262
13130.13,1983.353,5535.776,13048.92,1950.195,6120.456,13057.64,1980.544,5745.875,12762.28,1976.692,5695.772,13374.31,2022.614,6083.777,12775.96,2012.767,5787.944,13124.05,1973.057,5644.928,12975.25,1984.858,5685.352,13114.06,1977.858,6046.064,12910.88,2009.544,5610.543,13285.96,1963.221,6075.529,13009.31,1969.389,6031.383,13213.61,1979.789,5997.1,12865.71,1989.36,5703.667,13063.96,2042.597,5470.066
13130.53,1983.353,5536.357,13049.12,1950.195,6121.13,13057.03,1980.544,5746.232,12761.61,1976.692,5695.978,13374.01,2022.614,6084.415,12775.28,2012.767,5788.126,13123.98,1973.057,5645.629,12975.24,1984.858,5686.057,13113.9,1977.858,6046.749,12910.19,2009.544,5610.43,13285.66,1963.221,6076.165,13009.22,1969.389,6032.083,13213.35,1979.789,5997.754,12865.03,1989.36,5703.837,13063.73,2042.597,5469.402
13130.71,1983.353,5536.651,13049.22,1950.195,6121.464,13056.73,1980.544,5746.418,12761.27,1976.692,5696.07,13373.85,2022.614,6084.726,12774.94,2012.767,5788.227,13123.93,1973.057,5645.976,12975.23,1984.858,5686.406,13113.82,1977.858,6047.091,12909.84,2009.544,5610.385,13285.5,1963.221,6076.475,13009.17,1969.389,6032.429,13213.21,1979.789,5998.075,12864.68,1989.36,5703.911,13063.61,2042.597,5469.071
13130.93,1983.353,5537.015,13049.36,1950.195,6121.866,13056.38,1980.544,5746.655,12760.86,1976.692,5696.168,13373.64,2022.614,6085.098,12774.54,2012.767,5788.361,13123.86,1973.057,5646.395,12975.2,1984.858,5686.83,13113.75,1977.858,6047.51,12909.42,2009.544,5610.344,13285.29,1963.221,6076.846,13009.09,1969.389,6032.847,13213.03,1979.789,5998.459,12864.27,1989.36,5703.987,13063.49,2042.597,5468.667
13131.22,1983.353,5537.512,13049.55,1950.195,6122.405,13055.92,1980.544,5746.989,12760.3,1976.692,5696.285,13373.35,2022.614,6085.589,12774,2012.767,5788.559,13123.74,1973.057,5646.955,12975.14,1984.858,5687.398,13113.67,1977.858,6048.076,12908.85,2009.544,5610.308,13285.02,1963.221,6077.348,13008.97,1969.389,6033.406,13212.76,1979.789,5998.967,12863.7,1989.36,5704.071,13063.32,2042.597,5468.119
13131.34,1983.353,5537.75,13049.64,1950.195,6122.657,13055.71,1980.544,5747.153,12760.04,1976.692,5696.375,13373.2,2022.614,6085.815,12773.75,2012.767,5788.643,13123.68,1973.057,5647.216,12975.1,1984.858,5687.665,13113.64,1977.858,6048.343,12908.58,2009.544,5610.3,13284.88,1963.221,6077.58,13008.91,1969.389,6033.667,13212.63,1979.789,5999.202,12863.43,1989.36,5704.102,13063.25,2042.597,5467.86
13131.57,1983.353,5538.206,13049.82,1950.195,6123.131,13055.31,1980.544,5747.476,12759.56,1976.692,5696.528,13372.91,2022.614,6086.234,12773.26,2012.767,5788.793,13123.55,1973.057,5647.708,12975.02,1984.858,5688.167,13113.6,1977.858,6048.85,12908.07,2009.544,5610.301,13284.67,1963.221,6078.042,13008.77,1969.389,6034.156,13212.37,1979.789,5999.637,12862.93,1989.36,5704.15,13063.12,2042.597,5467.368
13131.67,1983.353,5538.433,13049.92,1950.195,6123.363,13055.13,1980.544,5747.641,12759.32,1976.692,5696.596,13372.78,2022.614,6086.444,12773.02,2012.767,5788.866,13123.48,1973.057,5647.946,12974.97,1984.858,5688.411,13113.59,1977.858,6049.099,12907.82,2009.544,5610.31,13284.56,1963.221,6078.266,13008.69,1969.389,6034.393,13212.24,1979.789,5999.846,12862.68,1989.36,5704.166,13063.06,2042.597,5467.126
13131.81,1983.353,5538.754,13050.05,1950.195,6123.687,13054.87,1980.544,5747.879,12758.98,1976.692,5696.679,13372.6,2022.614,6086.744,12772.69,2012.767,5788.957,13123.36,1973.057,5648.276,12974.88,1984.858,5688.75,13113.58,1977.858,6049.448,12907.47,2009.544,5610.333,13284.39,1963.221,6078.573,13008.58,1969.389,6034.723,13212.04,1979.789,6000.133,12862.33,1989.36,5704.186,13062.99,2042.597,5466.785
13131.93,1983.353,5539.076,13050.17,1950.195,6124.01,13054.63,1980.544,5748.123,12758.64,1976.692,5696.751,13372.41,2022.614,6087.034,12772.35,2012.767,5789.035,13123.24,1973.057,5648.599,12974.79,1984.858,5689.083,13113.59,1977.858,6049.793,12907.13,2009.544,5610.368,13284.22,1963.221,6078.871,13008.47,1969.389,6035.051,13211.83,1979.789,6000.409,12861.99,1989.36,5704.205,13062.92,2042.597,5466.447
13132.05,1983.353,5539.4,13050.27,1950.195,6124.337,13054.39,1980.544,5748.375,12758.31,1976.692,5696.812,13372.22,2022.614,6087.317,12772.01,2012.767,5789.103,13123.11,1973.057,5648.918,12974.69,1984.858,5689.412,13113.61,1977.858,6050.137,12906.79,2009.544,5610.414,13284.04,1963.221,6079.163,13008.38,1969.389,6035.383,13211.63,1979.789,6000.691,12861.64,1989.36,5704.224,13062.86,2042.597,5466.107
13132.15,1983.353,5539.718,13050.37,1950.195,6124.657,13054.17,1980.544,5748.625,12757.98,1976.692,5696.859,13372.03,2022.614,6087.594,12771.68,2012.767,5789.158,13122.98,1973.057,5649.223,12974.58,1984.858,5689.728,13113.64,1977.858,6050.47,12906.46,2009.544,5610.469,13283.85,1963.221,6079.44,13008.3,1969.389,6035.708,13211.45,1979.789,6000.971,12861.31,1989.36,5704.242,13062.81,2042.597,5465.778
13132.24,1983.353,5540.022,13050.45,1950.195,6124.964,13053.97,1980.544,5748.871,12757.66,1976.692,5696.895,13371.87,2022.614,6087.866,12771.37,2012.767,5789.2,13122.84,1973.057,5649.508,12974.47,1984.858,5690.024,13113.68,1977.858,6050.785,12906.15,2009.544,5610.531,13283.67,1963.221,6079.697,13008.24,1969.389,6036.018,13211.28,1979.789,6001.241,12861,1989.36,5704.26,13062.77,2042.597,5465.463
13132.32,1983.353,5540.323,13050.52,1950.195,6125.268,13053.78,1980.544,5749.118,12757.35,1976.692,5696.919,13371.7,2022.614,6088.127,12771.06,2012.767,5789.23,13122.69,1973.057,5649.783,12974.35,1984.858,5690.311,13113.73,1977.858,6051.092,12905.84,2009.544,5610.603,13283.48,1963.221,6079.943,13008.18,1969.389,6036.324,13211.13,1979.789,6001.511,12860.69,1989.36,5704.278,13062.73,2042.597,5465.155
13132.38,1983.353,5540.615,13050.57,1950.195,6125.562,13053.61,1980.544,5749.361,12757.05,1976.692,5696.951,13371.53,2022.614,6088.373,12770.76,2012.767,5789.25,13122.54,1973.057,5650.043,12974.22,1984.858,5690.583,13113.78,1977.858,6051.386,12905.56,2009.544,5610.681,13283.3,1963.221,6080.187,13008.14,1969.389,6036.621,13210.97,1979.789,6001.765,12860.39,1989.36,5704.295,13062.7,2042.597,5464.856
13132.44,1983.353,5540.901,13050.62,1950.195,6125.85,13053.45,1980.544,5749.604,12756.76,1976.692,5696.973,13371.35,2022.614,6088.606,12770.47,2012.767,5789.274,13122.39,1973.057,5650.291,12974.09,1984.858,5690.843,13113.84,1977.858,6051.67,12905.28,2009.544,5610.765,13283.17,1963.221,6080.446,13008.11,1969.389,6036.91,13210.81,1979.789,6002.007,12860.1,1989.36,5704.319,13062.68,2042.597,5464.566
13132.49,1983.353,5541.183,13050.65,1950.195,6126.134,13053.29,1980.544,5749.847,12756.48,1976.692,5697.014,13371.19,2022.614,6088.842,12770.18,2012.767,5789.288,13122.23,1973.057,5650.53,12973.96,1984.858,5691.095,13113.92,1977.858,6051.948,12905.01,2009.544,5610.856,13283.03,1963.221,6080.696,13008.09,1969.389,6037.196,13210.64,1979.789,6002.24,12859.81,1989.36,5704.349,13062.67,2042.597,5464.28
13132.54,1983.353,5541.526,13050.74,1950.195,6126.469,13053.12,1980.544,5750.146,12756.14,1976.692,5697.052,13370.99,2022.614,6089.124,12769.84,2012.767,5789.335,13122.03,1973.057,5650.813,12973.78,1984.858,5691.394,13114.01,1977.858,6052.28,12904.68,2009.544,5610.977,13282.85,1963.221,6080.993,13008.07,1969.389,6037.542,13210.45,1979.789,6002.528,12859.47,1989.36,5704.386,13062.66,2042.597,5463.934
13132.56,1983.353,5541.733,13050.78,1950.195,6126.673,13053.02,1980.544,5750.33,12755.93,1976.692,5697.068,13370.87,2022.614,6089.292,12769.63,2012.767,5789.357,13121.91,1973.057,5650.98,12973.67,1984.858,5691.57,13114.08,1977.858,6052.478,12904.49,2009.544,5611.055,13282.74,1963.221,6081.168,13008.07,1969.389,6037.75,13210.34,1979.789,6002.704,12859.26,1989.36,5704.414,13062.66,2042.597,5463.726
13132.59,1983.353,5542.079,13050.88,1950.195,6127.006,13052.87,1980.544,5750.641,12755.58,1976.692,5697.051,13370.66,2022.614,6089.566,12769.29,2012.767,5789.389,13121.69,1973.057,5651.25,12973.48,1984.858,5691.857,13114.2,1977.858,6052.804,12904.17,2009.544,5611.194,13282.54,1963.221,6081.454,13008.08,1969.389,6038.097,13210.17,1979.789,6003.003,12858.92,1989.36,5704.47,13062.67,2042.597,5463.379
13132.6,1983.353,5542.426,13050.97,1950.195,6127.343,13052.73,1980.544,5750.958,12755.23,1976.692,5697.045,13370.44,2022.614,6089.834,12768.94,2012.767,5789.409,13121.46,1973.057,5651.515,12973.27,1984.858,5692.139,13114.33,1977.858,6053.127,12903.86,2009.544,5611.344,13282.33,1963.221,6081.734,13008.1,1969.389,6038.444,13210,1979.789,6003.308,12858.58,1989.36,5704.53,13062.69,2042.597,5463.031
13132.61,1983.353,5542.635,13051.03,1950.195,6127.541,13052.65,1980.544,5751.151,12755.03,1976.692,5697.025,13370.32,2022.614,6090.005,12768.73,2012.767,5789.414,13121.32,1973.057,5651.669,12973.15,1984.858,5692.303,13114.4,1977.858,6053.323,12903.67,2009.544,5611.44,13282.21,1963.221,6081.903,13008.12,1969.389,6038.652,13209.9,1979.789,6003.494,12858.37,1989.36,5704.569,13062.7,2042.597,5462.823
13132.61,1983.353,5542.843,13051.09,1950.195,6127.741,13052.57,1980.544,5751.346,12754.82,1976.692,5697.012,13370.19,2022.614,6090.171,12768.53,2012.767,5789.413,13121.18,1973.057,5651.818,12973.01,1984.858,5692.463,13114.46,1977.858,6053.521,12903.49,2009.544,5611.541,13282.1,1963.221,6082.077,13008.14,1969.389,6038.859,13209.82,1979.789,6003.683,12858.17,1989.36,5704.604,13062.72,2042.597,5462.616
13132.59,1983.353,5543.319,13051.21,1950.195,6128.203,13052.42,1980.544,5751.797,12754.34,1976.692,5696.998,13369.87,2022.614,6090.521,12768.05,2012.767,5789.394,13120.84,1973.057,5652.149,12972.7,1984.858,5692.82,13114.59,1977.858,6053.979,12903.08,2009.544,5611.785,13281.85,1963.221,6082.481,13008.21,1969.389,6039.33,13209.63,1979.789,6004.121,12857.7,1989.36,5704.698,13062.78,2042.597,5462.143
13132.58,1983.353,5543.533,13051.25,1950.195,6128.411,13052.36,1980.544,5752.001,12754.13,1976.692,5696.988,13369.72,2022.614,6090.677,12767.84,2012.767,5789.391,13120.68,1973.057,5652.293,12972.55,1984.858,5692.975,13114.65,1977.858,6054.186,12902.9,2009.544,5611.899,13281.73,1963.221,6082.659,13008.25,1969.389,6039.54,13209.55,1979.789,6004.32,12857.49,1989.36,5704.732,13062.8,2042.597,5461.93
13132.56,1983.353,5543.74,13051.31,1950.195,6128.613,13052.3,1980.544,5752.203,12753.92,1976.692,5696.986,13369.57,2022.614,6090.817,12767.63,2012.767,5789.381,13120.52,1973.057,5652.428,12972.4,1984.858,5693.122,13114.69,1977.858,6054.389,12902.73,2009.544,5612.017,13281.61,1963.221,6082.829,13008.27,1969.389,6039.747,13209.48,1979.789,6004.517,12857.29,1989.36,5704.772,13062.81,2042.597,5461.722
13132.52,1983.353,5544.021,13051.39,1950.195,6128.884,13052.24,1980.544,5752.479,12753.64,1976.692,5696.974,13369.35,2022.614,6091,12767.35,2012.767,5789.358,13120.3,1973.057,5652.605,12972.19,1984.858,5693.314,13114.74,1977.858,6054.667,12902.49,2009.544,5612.178,13281.44,1963.221,6083.053,13008.3,1969.389,6040.028,13209.38,1979.789,6004.781,12857.01,1989.36,5704.817,13062.81,2042.597,5461.439
13132.49,1983.353,5544.227,13051.44,1950.195,6129.085,13052.2,1980.544,5752.683,12753.43,1976.692,5696.958,13369.19,2022.614,6091.129,12767.14,2012.767,5789.335,13120.13,1973.057,5652.729,12972.04,1984.858,5693.451,13114.77,1977.858,6054.874,12902.32,2009.544,5612.294,13281.3,1963.221,6083.214,13008.33,1969.389,6040.234,13209.3,1979.789,6004.972,12856.8,1989.36,5704.843,13062.81,2042.597,5461.23
13132.43,1983.353,5544.545,13051.51,1950.195,6129.401,13052.15,1980.544,5753.003,12753.11,1976.692,5696.923,13368.93,2022.614,6091.322,12766.82,2012.767,5789.289,13119.86,1973.057,5652.915,12971.78,1984.858,5693.655,13114.81,1977.858,6055.196,12902.05,2009.544,5612.479,13281.09,1963.221,6083.459,13008.39,1969.389,6040.554,13209.19,1979.789,6005.279,12856.48,1989.36,5704.874,13062.8,2042.597,5460.906
13132.38,1983.353,5544.749,13051.56,1950.195,6129.605,13052.12,1980.544,5753.209,12752.9,1976.692,5696.894,13368.75,2022.614,6091.44,12766.61,2012.767,5789.252,13119.69,1973.057,5653.028,12971.62,1984.858,5693.781,13114.83,1977.858,6055.403,12901.88,2009.544,5612.594,13280.95,1963.221,6083.611,13008.42,1969.389,6040.759,13209.12,1979.789,6005.474,12856.27,1989.36,5704.886,13062.78,2042.597,5460.699
13132.33,1983.353,5544.95,13051.6,1950.195,6129.81,13052.08,1980.544,5753.415,12752.69,1976.692,5696.858,13368.58,2022.614,6091.553,12766.41,2012.767,5789.209,13119.51,1973.057,5653.136,12971.45,1984.858,5693.902,13114.84,1977.858,6055.611,12901.7,2009.544,5612.706,13280.8,1963.221,6083.759,13008.45,1969.389,6040.965,13209.04,1979.789,6005.667,12856.06,1989.36,5704.892,13062.76,2042.597,5460.492
13132.27,1983.353,5545.15,13051.64,1950.195,6130.014,13052.04,1980.544,5753.619,12752.49,1976.692,5696.815,13368.4,2022.614,6091.66,12766.21,2012.767,5789.159,13119.33,1973.057,5653.238,12971.27,1984.858,5694.017,13114.85,1977.858,6055.82,12901.53,2009.544,5612.813,13280.65,1963.221,6083.901,13008.49,1969.389,6041.171,13208.95,1979.789,6005.856,12855.85,1989.36,5704.891,13062.73,2042.597,5460.286
13132.21,1983.353,5545.349,13051.68,1950.195,6130.218,13052,1980.544,5753.822,12752.29,1976.692,5696.766,13368.22,2022.614,6091.761,12766.01,2012.767,5789.103,13119.14,1973.057,5653.334,12971.1,1984.858,5694.126,13114.85,1977.858,6056.028,12901.34,2009.544,5612.916,13280.49,1963.221,6084.039,13008.52,1969.389,6041.377,13208.86,1979.789,6006.042,12855.65,1989.36,5704.883,13062.69,2042.597,5460.081
13132.14,1983.353,5545.544,13051.71,1950.195,6130.424,13051.94,1980.544,5754.023,12752.09,1976.692,5696.709,13368.03,2022.614,6091.855,12765.81,2012.767,5789.04,13118.96,1973.057,5653.424,12970.92,1984.858,5694.23,13114.84,1977.858,6056.236,12901.16,2009.544,5613.014,13280.33,1963.221,6084.171,13008.54,1969.389,6041.584,13208.76,1979.789,6006.226,12855.44,1989.36,5704.869,13062.65,2042.597,5459.876
13132.07,1983.353,5545.742,13051.74,1950.195,6130.63,13051.88,1980.544,5754.223,12751.89,1976.692,5696.66,13367.85,2022.614,6091.957,12765.61,2012.767,5788.97,13118.77,1973.057,5653.508,12970.73,1984.858,5694.328,13114.84,1977.858,6056.445,12900.98,2009.544,5613.117,13280.15,1963.221,6084.28,13008.55,1969.389,6041.792,13208.66,1979.789,6006.406,12855.23,1989.36,5704.853,13062.6,2042.597,5459.674
13132.01,1983.353,5545.941,13051.77,1950.195,6130.836,13051.82,1980.544,5754.42,12751.68,1976.692,5696.613,13367.68,2022.614,6092.07,12765.41,2012.767,5788.911,13118.57,1973.057,5653.586,12970.55,1984.858,5694.42,13114.84,1977.858,6056.653,12900.8,2009.544,5613.225,13279.98,1963.221,6084.394,13008.57,1969.389,6042,13208.56,1979.789,6006.59,12855.02,1989.36,5704.844,13062.54,2042.597,5459.474
13131.95,1983.353,5546.142,13051.81,1950.195,6131.04,13051.74,1980.544,5754.615,12751.48,1976.692,5696.572,13367.5,2022.614,6092.179,12765.21,2012.767,5788.855,13118.38,1973.057,5653.659,12970.36,1984.858,5694.507,13114.83,1977.858,6056.861,12900.63,2009.544,5613.337,13279.81,1963.221,6084.513,13008.6,1969.389,6042.206,13208.45,1979.789,6006.771,12854.81,1989.36,5704.842,13062.48,2042.597,5459.275
13131.89,1983.353,5546.394,13051.86,1950.195,6131.296,13051.64,1980.544,5754.856,12751.22,1976.692,5696.529,13367.27,2022.614,6092.309,12764.95,2012.767,5788.818,13118.13,1973.057,5653.742,12970.12,1984.858,5694.608,13114.84,1977.858,6057.122,12900.41,2009.544,5613.483,13279.6,1963.221,6084.67,13008.65,1969.389,6042.462,13208.36,1979.789,6007.013,12854.55,1989.36,5704.847,13062.39,2042.597,5459.029
13131.81,1983.353,5546.708,13051.94,1950.195,6131.609,13051.51,1980.544,5755.151,12750.9,1976.692,5696.466,13366.98,2022.614,6092.448,12764.64,2012.767,5788.762,13117.82,1973.057,5653.835,12969.81,1984.858,5694.724,13114.83,1977.858,6057.446,12900.15,2009.544,5613.673,13279.35,1963.221,6084.873,13008.7,1969.389,6042.782,13208.23,1979.789,6007.312,12854.23,1989.36,5704.864,13062.28,2042.597,5458.728
13131.72,1983.353,5547.096,13052.03,1950.195,6131.998,13051.33,1980.544,5755.508,12750.51,1976.692,5696.401,13366.63,2022.614,6092.632,12764.25,2012.767,5788.679,13117.44,1973.057,5653.939,12969.44,1984.858,5694.856,13114.83,1977.858,6057.844,12899.83,2009.544,5613.915,13279.03,1963.221,6085.115,13008.75,1969.389,6043.178,13208.09,1979.789,6007.684,12853.83,1989.36,5704.897,13062.12,2042.597,5458.361
13131.62,1983.353,5547.541,13052.12,1950.195,6132.445,13051.12,1980.544,5755.91,12750.07,1976.692,5696.286,13366.23,2022.614,6092.854,12763.8,2012.767,5788.601,13116.99,1973.057,5654.045,12969,1984.858,5694.995,13114.81,1977.858,6058.299,12899.48,2009.544,5614.202,13278.68,1963.221,6085.404,13008.85,1969.389,6043.62,13207.95,1979.789,6008.115,12853.38,1989.36,5704.95,13061.93,2042.597,5457.949
13131.5,1983.353,5548.033,13052.22,1950.195,6132.941,13050.87,1980.544,5756.35,12749.58,1976.692,5696.174,13365.8,2022.614,6093.117,12763.3,2012.767,5788.498,13116.5,1973.057,5654.18,12968.52,1984.858,5695.135,13114.79,1977.858,6058.806,12899.1,2009.544,5614.532,13278.29,1963.221,6085.733,13008.96,1969.389,6044.116,13207.77,1979.789,6008.591,12852.88,1989.36,5705.025,13061.7,2042.597,5457.497
13131.28,1983.353,5548.809,13052.36,1950.195,6133.735,13050.44,1980.544,5757.036,12748.78,1976.692,5696.021,13365.12,2022.614,6093.557,12762.52,2012.767,5788.307,13115.73,1973.057,5654.418,12967.74,1984.858,5695.336,13114.78,1977.858,6059.612,12898.5,2009.544,5615.075,13277.7,1963.221,6086.277,13009.1,1969.389,6044.91,13207.47,1979.789,6009.338,12852.09,1989.36,5705.169,13061.31,2042.597,5456.791
13131.21,1983.353,5549.009,13052.4,1950.195,6133.943,13050.33,1980.544,5757.211,12748.58,1976.692,5695.988,13364.94,2022.614,6093.666,12762.32,2012.767,5788.251,13115.54,1973.057,5654.487,12967.53,1984.858,5695.382,13114.8,1977.858,6059.821,12898.35,2009.544,5615.221,13277.55,1963.221,6086.421,13009.15,1969.389,6045.114,13207.39,1979.789,6009.533,12851.88,1989.36,5705.213,13061.2,2042.597,5456.609
13130.79,1983.353,5550.191,13052.58,1950.195,6135.184,13049.6,1980.544,5758.233,12747.33,1976.692,5695.832,13363.89,2022.614,6094.351,12761.1,2012.767,5787.955,13114.36,1973.057,5654.937,12966.3,1984.858,5695.629,13114.88,1977.858,6061.073,12897.47,2009.544,5616.117,13276.66,1963.221,6087.312,13009.41,1969.389,6046.342,13206.77,1979.789,6010.628,12850.66,1989.36,5705.515,13060.53,2042.597,5455.551
13130.49,1983.353,5550.951,13052.68,1950.195,6135.996,13049.1,1980.544,5758.883,12746.52,1976.692,5695.706,13363.22,2022.614,6094.818,12760.3,2012.767,5787.786,13113.61,1973.057,5655.254,12965.5,1984.858,5695.77,13114.91,1977.858,6061.89,12896.91,2009.544,5616.716,13276,1963.221,6087.798,13009.58,1969.389,6047.142,13206.4,1979.789,6011.354,12849.88,1989.36,5705.737,13060.07,2042.597,5454.877
13130.41,1983.353,5551.143,13052.71,1950.195,6136.201,13048.97,1980.544,5759.044,12746.32,1976.692,5695.667,13363.04,2022.614,6094.932,12760.09,2012.767,5787.749,13113.42,1973.057,5655.341,12965.29,1984.858,5695.812,13114.92,1977.858,6062.099,12896.77,2009.544,5616.864,13275.84,1963.221,6087.927,13009.61,1969.389,6047.347,13206.31,1979.789,6011.544,12849.68,1989.36,5705.8,13059.94,2042.597,5454.709
13129.97,1983.353,5552.068,13052.84,1950.195,6137.217,13048.3,1980.544,5759.816,12745.32,1976.692,5695.448,13362.17,2022.614,6095.462,12759.08,2012.767,5787.599,13112.5,1973.057,5655.799,12964.3,1984.858,5696.053,13115.04,1977.858,6063.115,12896.02,2009.544,5617.568,13275.06,1963.221,6088.589,13009.76,1969.389,6048.36,13205.86,1979.789,6012.463,12848.71,1989.36,5706.14,13059.31,2042.597,5453.904
13129.51,1983.353,5552.963,13053,1950.195,6138.211,13047.61,1980.544,5760.552,12744.34,1976.692,5695.203,13361.27,2022.614,6095.92,12758.08,2012.767,5787.481,13111.62,1973.057,5656.279,12963.33,1984.858,5696.322,13115.13,1977.858,6064.116,12895.27,2009.544,5618.235,13274.3,1963.221,6089.246,13009.92,1969.389,6049.354,13205.4,1979.789,6013.36,12847.77,1989.36,5706.495,13058.67,2042.597,5453.134
13129.2,1983.353,5553.536,13053.13,1950.195,6138.852,13047.15,1980.544,5761.016,12743.7,1976.692,5695.064,13360.7,2022.614,6096.238,12757.43,2012.767,5787.383,13111.06,1973.057,5656.61,12962.7,1984.858,5696.518,13115.17,1977.858,6064.771,12894.77,2009.544,5618.653,13273.79,1963.221,6089.657,13010.03,1969.389,6049.999,13205.05,1979.789,6013.912,12847.16,1989.36,5706.733,13058.23,2042.597,5452.646
13128.67,1983.353,5554.415,13053.32,1950.195,6139.859,13046.41,1980.544,5761.718,12742.69,1976.692,5694.881,13359.78,2022.614,6096.678,12756.42,2012.767,5787.197,13110.19,1973.057,5657.156,12961.74,1984.858,5696.855,13115.2,1977.858,6065.794,12893.96,2009.544,5619.281,13272.93,1963.221,6090.214,13010.3,1969.389,6050.985,13204.48,1979.789,6014.762,12846.2,1989.36,5707.081,13057.56,2042.597,5451.874
13128.23,1983.353,5555.099,13053.5,1950.195,6140.651,13045.8,1980.544,5762.256,12741.89,1976.692,5694.761,13359.05,2022.614,6097.052,12755.63,2012.767,5787.023,13109.52,1973.057,5657.612,12960.98,1984.858,5697.148,13115.19,1977.858,6066.608,12893.3,2009.544,5619.758,13272.26,1963.221,6090.678,13010.49,1969.389,6051.776,13204.01,1979.789,6015.426,12845.42,1989.36,5707.337,13057.04,2042.597,5451.241
13127.86,1983.353,5555.633,13053.68,1950.195,6141.275,13045.29,1980.544,5762.669,12741.24,1976.692,5694.687,13358.47,2022.614,6097.332,12754.99,2012.767,5786.905,13108.99,1973.057,5657.993,12960.38,1984.858,5697.395,13115.26,1977.858,6067.254,12892.76,2009.544,5620.122,13271.74,1963.221,6091.066,13010.63,1969.389,6052.412,13203.65,1979.789,6015.968,12844.8,1989.36,5707.524,13056.62,2042.597,5450.75
13127.4,1983.353,5556.261,13053.87,1950.195,6142.033,13044.68,1980.544,5763.146,12740.47,1976.692,5694.573,13357.77,2022.614,6097.69,12754.22,2012.767,5786.786,13108.37,1973.057,5658.472,12959.66,1984.858,5697.712,13115.32,1977.858,6068.033,12892.1,2009.544,5620.538,13271.13,1963.221,6091.553,13010.76,1969.389,6053.182,13203.19,1979.789,6016.599,12844.05,1989.36,5707.737,13056.11,2042.597,5450.157
13126.92,1983.353,5556.855,13054.03,1950.195,6142.775,13044.06,1980.544,5763.59,12739.72,1976.692,5694.44,13357.06,2022.614,6097.96,12753.47,2012.767,5786.693,13107.79,1973.057,5658.957,12958.96,1984.858,5697.999,13115.36,1977.858,6068.791,12891.44,2009.544,5620.921,13270.55,1963.221,6092.039,13010.96,1969.389,6053.914,13202.76,1979.789,6017.227,12843.33,1989.36,5707.965,13055.61,2042.597,5449.589
13126.46,1983.353,5557.409,13054.16,1950.195,6143.488,13043.46,1980.544,5763.994,12739.01,1976.692,5694.337,13356.39,2022.614,6098.241,12752.75,2012.767,5786.582,13107.22,1973.057,5659.407,12958.3,1984.858,5698.298,13115.42,1977.858,6069.514,12890.81,2009.544,5621.266,13269.97,1963.221,6092.485,13011.13,1969.389,6054.619,13202.38,1979.789,6017.839,12842.64,1989.36,5708.203,13055.11,2042.597,5449.062
13125.98,1983.353,5557.933,13054.27,1950.195,6144.187,13042.86,1980.544,5764.369,12738.31,1976.692,5694.215,13355.75,2022.614,6098.52,12752.05,2012.767,5786.494,13106.68,1973.057,5659.863,12957.65,1984.858,5698.569,13115.5,1977.858,6070.216,12890.17,2009.544,5621.582,13269.43,1963.221,6092.941,13011.29,1969.389,6055.308,13202.02,1979.789,6018.449,12841.98,1989.36,5708.451,13054.64,2042.597,5448.533
13125.65,1983.353,5558.277,13054.33,1950.195,6144.662,13042.45,1980.544,5764.609,12737.84,1976.692,5694.148,13355.31,2022.614,6098.723,12751.58,2012.767,5786.419,13106.3,1973.057,5660.159,12957.22,1984.858,5698.778,13115.57,1977.858,6070.689,12889.74,2009.544,5621.782,13269.06,1963.221,6093.238,13011.38,1969.389,6055.777,13201.76,1979.789,6018.854,12841.53,1989.36,5708.617,13054.33,2042.597,5448.167
13124.84,1983.353,5559.065,13054.43,1950.195,6145.79,13041.46,1980.544,5765.166,12736.71,1976.692,5694.026,13354.3,2022.614,6099.237,12750.46,2012.767,5786.207,13105.34,1973.057,5660.761,12956.18,1984.858,5699.241,13115.77,1977.858,6071.805,12888.73,2009.544,5622.29,13268.14,1963.221,6093.908,13011.56,1969.389,6056.896,13201.19,1979.789,6019.832,12840.48,1989.36,5709.034,13053.66,2042.597,5447.253
13124.43,1983.353,5559.436,13054.5,1950.195,6146.336,13040.97,1980.544,5765.42,12736.17,1976.692,5693.95,13353.83,2022.614,6099.517,12749.92,2012.767,5786.12,13104.89,1973.057,5661.069,12955.67,1984.858,5699.449,13115.85,1977.858,6072.35,12888.23,2009.544,5622.52,13267.69,1963.221,6094.226,13011.71,1969.389,6057.426,13200.93,1979.789,6020.316,12839.97,1989.36,5709.242,13053.32,2042.597,5446.821
13124.24,1983.353,5559.6,13054.51,1950.195,6146.589,13040.74,1980.544,5765.529,12735.92,1976.692,5693.908,13353.61,2022.614,6099.638,12749.67,2012.767,5786.088,13104.67,1973.057,5661.203,12955.44,1984.858,5699.537,13115.88,1977.858,6072.601,12887.99,2009.544,5622.618,13267.49,1963.221,6094.376,13011.77,1969.389,6057.672,13200.82,1979.789,6020.543,12839.73,1989.36,5709.331,13053.16,2042.597,5446.627
13123.44,1983.353,5560.231,13054.59,1950.195,6147.602,13039.81,1980.544,5765.938,12734.92,1976.692,5693.707,13352.73,2022.614,6100.154,12748.66,2012.767,5785.989,13103.77,1973.057,5661.676,12954.47,1984.858,5699.859,13115.96,1977.858,6073.614,12887.04,2009.544,5622.982,13266.69,1963.221,6095.006,13011.98,1969.389,6058.666,13200.39,1979.789,6021.466,12838.79,1989.36,5709.698,13052.56,2042.597,5445.808
13123.27,1983.353,5560.355,13054.6,1950.195,6147.81,13039.62,1980.544,5766.016,12734.72,1976.692,5693.672,13352.55,2022.614,6100.254,12748.45,2012.767,5785.962,13103.59,1973.057,5661.767,12954.28,1984.858,5699.932,13115.97,1977.858,6073.822,12886.85,2009.544,5623.05,13266.53,1963.221,6095.136,13012.02,1969.389,6058.871,13200.31,1979.789,6021.658,12838.59,1989.36,5709.767,13052.43,2042.597,5445.644
13122.63,1983.353,5560.804,13054.68,1950.195,6148.592,13038.88,1980.544,5766.286,12733.94,1976.692,5693.567,13351.87,2022.614,6100.654,12747.67,2012.767,5785.835,13102.89,1973.057,5662.133,12953.55,1984.858,5700.229,13115.98,1977.858,6074.609,12886.1,2009.544,5623.284,13265.93,1963.221,6095.646,13012.13,1969.389,6059.65,13200.03,1979.789,6022.393,12837.85,1989.36,5710.028,13051.92,2042.597,5445.041
13121.99,1983.353,5561.215,13054.74,1950.195,6149.348,13038.16,1980.544,5766.521,12733.18,1976.692,5693.491,13351.23,2022.614,6101.06,12746.93,2012.767,5785.689,13102.22,1973.057,5662.483,12952.84,1984.858,5700.493,13115.97,1977.858,6075.366,12885.37,2009.544,5623.486,13265.37,1963.221,6096.156,13012.21,1969.389,6060.403,13199.74,1979.789,6023.093,12837.14,1989.36,5710.285,13051.42,2042.597,5444.477
13121.81,1983.353,5561.322,13054.75,1950.195,6149.556,13037.96,1980.544,5766.58,12732.98,1976.692,5693.464,13351.05,2022.614,6101.166,12746.72,2012.767,5785.656,13102.03,1973.057,5662.573,12952.64,1984.858,5700.559,13115.96,1977.858,6075.574,12885.16,2009.544,5623.535,13265.22,1963.221,6096.301,13012.23,1969.389,6060.61,13199.66,1979.789,6023.283,12836.94,1989.36,5710.349,13051.3,2042.597,5444.306
13121.24,1983.353,5561.643,13054.76,1950.195,6150.215,13037.32,1980.544,5766.743,12732.33,1976.692,5693.358,13350.5,2022.614,6101.52,12746.07,2012.767,5785.568,13101.43,1973.057,5662.849,12952.01,1984.858,5700.748,13115.92,1977.858,6076.232,12884.53,2009.544,5623.71,13264.77,1963.221,6096.775,13012.33,1969.389,6061.262,13199.37,1979.789,6023.877,12836.31,1989.36,5710.545,13050.9,2042.597,5443.78
13120.79,1983.353,5561.874,13054.75,1950.195,6150.72,13036.83,1980.544,5766.859,12731.83,1976.692,5693.262,13350.08,2022.614,6101.804,12745.57,2012.767,5785.517,13100.98,1973.057,5663.07,12951.52,1984.858,5700.877,13115.89,1977.858,6076.736,12884.03,2009.544,5623.807,13264.43,1963.221,6097.15,13012.39,1969.389,6061.763,13199.14,1979.789,6024.325,12835.83,1989.36,5710.702,13050.59,2042.597,5443.383
13120.35,1983.353,5562.083,13054.73,1950.195,6151.206,13036.35,1980.544,5766.956,12731.35,1976.692,5693.185,13349.68,2022.614,6102.087,12745.09,2012.767,5785.451,13100.53,1973.057,5663.27,12951.05,1984.858,5700.986,13115.84,1977.858,6077.22,12883.56,2009.544,5623.916,13264.11,1963.221,6097.521,13012.43,1969.389,6062.249,13198.9,1979.789,6024.75,12835.36,1989.36,5710.846,13050.29,2042.597,5442.995
13119.92,1983.353,5562.269,13054.69,1950.195,6151.673,13035.89,1980.544,5767.034,12730.88,1976.692,5693.125,13349.31,2022.614,6102.372,12744.63,2012.767,5785.374,13100.1,1973.057,5663.447,12950.59,1984.858,5701.093,13115.78,1977.858,6077.685,12883.1,2009.544,5623.992,13263.82,1963.221,6097.889,13012.46,1969.389,6062.716,13198.66,1979.789,6025.153,12834.92,1989.36,5710.986,13050,2042.597,5442.632
13119.33,1983.353,5562.503,13054.63,1950.195,6152.306,13035.26,1980.544,5767.05,12730.26,1976.692,5693.026,13348.82,2022.614,6102.775,12744,2012.767,5785.287,13099.5,1973.057,5663.668,12949.97,1984.858,5701.218,13115.69,1977.858,6078.314,12882.47,2009.544,5624.117,13263.44,1963.221,6098.399,13012.47,1969.389,6063.352,13198.32,1979.789,6025.688,12834.31,1989.36,5711.178,13049.58,2042.597,5442.152
13118.96,1983.353,5562.675,13054.57,1950.195,6152.709,13034.85,1980.544,5767.047,12729.85,1976.692,5692.976,13348.51,2022.614,6103.043,12743.59,2012.767,5785.219,13099.13,1973.057,5663.822,12949.57,1984.858,5701.285,13115.62,1977.858,6078.716,12882.07,2009.544,5624.175,13263.21,1963.221,6098.734,13012.47,1969.389,6063.76,13198.09,1979.789,6026.025,12833.92,1989.36,5711.299,13049.31,2042.597,5441.844
13118.77,1983.353,5562.757,13054.54,1950.195,6152.915,13034.64,1980.544,5767.039,12729.65,1976.692,5692.944,13348.36,2022.614,6103.186,12743.39,2012.767,5785.19,13098.94,1973.057,5663.907,12949.36,1984.858,5701.313,13115.58,1977.858,6078.92,12881.86,2009.544,5624.212,13263.1,1963.221,6098.909,13012.46,1969.389,6063.968,13197.96,1979.789,6026.193,12833.72,1989.36,5711.357,13049.17,2042.597,5441.691
13118.15,1983.353,5563.136,13054.4,1950.195,6153.627,13033.92,1980.544,5766.987,12728.93,1976.692,5692.811,13347.84,2022.614,6103.698,12742.67,2012.767,5785.112,13098.29,1973.057,5664.225,12948.65,1984.858,5701.431,13115.42,1977.858,6079.629,12881.14,2009.544,5624.276,13262.72,1963.221,6099.531,13012.4,1969.389,6064.691,13197.52,1979.789,6026.766,12833.03,1989.36,5711.557,13048.66,2042.597,5441.174
13117.85,1983.353,5563.303,13054.32,1950.195,6153.958,13033.58,1980.544,5766.951,12728.6,1976.692,5692.759,13347.6,2022.614,6103.93,12742.33,2012.767,5785.065,13097.98,1973.057,5664.383,12948.31,1984.858,5701.475,13115.34,1977.858,6079.959,12880.81,2009.544,5624.337,13262.56,1963.221,6099.828,13012.37,1969.389,6065.029,13197.3,1979.789,6027.026,12832.7,1989.36,5711.64,13048.43,2042.597,5440.924
13117.56,1983.353,5563.455,13054.24,1950.195,6154.275,13033.26,1980.544,5766.906,12728.27,1976.692,5692.699,13347.35,2022.614,6104.148,12742.01,2012.767,5785.009,13097.7,1973.057,5664.543,12947.98,1984.858,5701.506,13115.26,1977.858,6080.274,12880.48,2009.544,5624.385,13262.41,1963.221,6100.118,13012.32,1969.389,6065.352,13197.08,1979.789,6027.271,12832.38,1989.36,5711.711,13048.21,2042.597,5440.685
13117.17,1983.353,5563.645,13054.13,1950.195,6154.694,13032.83,1980.544,5766.833,12727.84,1976.692,5692.633,13347.04,2022.614,6104.448,12741.58,2012.767,5784.921,13097.33,1973.057,5664.768,12947.55,1984.858,5701.539,13115.13,1977.858,6080.691,12880.05,2009.544,5624.435,13262.22,1963.221,6100.51,13012.25,1969.389,6065.78,13196.79,1979.789,6027.587,12831.95,1989.36,5711.795,13047.9,2042.597,5440.375
13116.89,1983.353,5563.771,13054.03,1950.195,6154.992,13032.52,1980.544,5766.77,12727.54,1976.692,5692.576,13346.81,2022.614,6104.656,12741.28,2012.767,5784.849,13097.06,1973.057,5664.921,12947.24,1984.858,5701.552,13115.04,1977.858,6080.988,12879.74,2009.544,5624.461,13262.09,1963.221,6100.795,13012.18,1969.389,6066.085,13196.56,1979.789,6027.807,12831.64,1989.36,5711.847,13047.66,2042.597,5440.178
13116.51,1983.353,5563.926,13053.9,1950.195,6155.38,13032.12,1980.544,5766.674,12727.14,1976.692,5692.488,13346.51,2022.614,6104.939,12740.88,2012.767,5784.74,13096.69,1973.057,5665.098,12946.83,1984.858,5701.557,13114.9,1977.858,6081.375,12879.33,2009.544,5624.481,13261.94,1963.221,6101.176,13012.08,1969.389,6066.484,13196.26,1979.789,6028.086,12831.24,1989.36,5711.904,13047.35,2042.597,5439.907
13116.27,1983.353,5564.013,13053.81,1950.195,6155.616,13031.88,1980.544,5766.607,12726.89,1976.692,5692.426,13346.32,2022.614,6105.107,12740.64,2012.767,5784.666,13096.46,1973.057,5665.201,12946.58,1984.858,5701.551,13114.82,1977.858,6081.61,12879.08,2009.544,5624.486,13261.86,1963.221,6101.412,13012.02,1969.389,6066.726,13196.07,1979.789,6028.252,12830.99,1989.36,5711.932,13047.17,2042.597,5439.735
13115.83,1983.353,5564.16,13053.64,1950.195,6156.049,13031.44,1980.544,5766.469,12726.45,1976.692,5692.297,13345.99,2022.614,6105.429,12740.19,2012.767,5784.541,13096.04,1973.057,5665.405,12946.11,1984.858,5701.526,13114.64,1977.858,6082.042,12878.62,2009.544,5624.479,13261.71,1963.221,6101.855,13011.88,1969.389,6067.17,13195.71,1979.789,6028.547,12830.52,1989.36,5711.971,13046.84,2042.597,5439.406
13115.54,1983.353,5564.25,13053.53,1950.195,6156.323,13031.15,1980.544,5766.372,12726.16,1976.692,5692.206,13345.78,2022.614,6105.642,12739.9,2012.767,5784.47,13095.78,1973.057,5665.544,12945.81,1984.858,5701.5,13114.52,1977.858,6082.316,12878.32,2009.544,5624.464,13261.61,1963.221,6102.135,13011.78,1969.389,6067.451,13195.49,1979.789,6028.743,12830.23,1989.36,5711.996,13046.61,2042.597,5439.213
13115.35,1983.353,5564.319,13053.44,1950.195,6156.513,13030.96,1980.544,5766.297,12725.96,1976.692,5692.145,13345.64,2022.614,6105.795,12739.7,2012.767,5784.414,13095.6,1973.057,5665.647,12945.61,1984.858,5701.499,13114.44,1977.858,6082.505,12878.11,2009.544,5624.478,13261.53,1963.221,6102.328,13011.7,1969.389,6067.646,13195.34,1979.789,6028.885,12830.02,1989.36,5712.019,13046.45,2042.597,5439.085
13114.96,1983.353,5564.469,13053.26,1950.195,6156.887,13030.58,1980.544,5766.137,12725.56,1976.692,5692.035,13345.37,2022.614,6106.109,12739.31,2012.767,5784.29,13095.24,1973.057,5665.862,12945.19,1984.858,5701.484,13114.26,1977.858,6082.877,12877.7,2009.544,5624.536,13261.36,1963.221,6102.707,13011.55,1969.389,6068.029,13195.04,1979.789,6029.177,12829.61,1989.36,5712.068,13046.13,2042.597,5438.82
13114.58,1983.353,5564.631,13053.08,1950.195,6157.254,13030.2,1980.544,5765.965,12725.16,1976.692,5691.939,13345.11,2022.614,6106.43,12738.92,2012.767,5784.154,13094.9,1973.057,5666.087,12944.78,1984.858,5701.502,13114.07,1977.858,6083.242,12877.29,2009.544,5624.58,13261.19,1963.221,6103.078,13011.38,1969.389,6068.405,13194.76,1979.789,6029.477,12829.2,1989.36,5712.125,13045.82,2042.597,5438.547
13114.39,1983.353,5564.713,13052.98,1950.195,6157.438,13030.02,1980.544,5765.872,12724.96,1976.692,5691.885,13344.98,2022.614,6106.596,12738.72,2012.767,5784.091,13094.73,1973.057,5666.206,12944.57,1984.858,5701.504,13113.97,1977.858,6083.424,12877.08,2009.544,5624.596,13261.09,1963.221,6103.263,13011.29,1969.389,6068.592,13194.63,1979.789,6029.633,12828.99,1989.36,5712.153,13045.67,2042.597,5438.404
13114.16,1983.353,5564.822,13052.86,1950.195,6157.668,13029.79,1980.544,5765.75,12724.72,1976.692,5691.81,13344.84,2022.614,6106.806,12738.47,2012.767,5784.021,13094.52,1973.057,5666.357,12944.32,1984.858,5701.499,13113.84,1977.858,6083.646,12876.83,2009.544,5624.606,13260.96,1963.221,6103.486,13011.17,1969.389,6068.82,13194.46,1979.789,6029.832,12828.74,1989.36,5712.188,13045.48,2042.597,5438.238
13113.92,1983.353,5564.943,13052.74,1950.195,6157.905,13029.56,1980.544,5765.615,12724.46,1976.692,5691.725,13344.68,2022.614,6107.02,12738.21,2012.767,5783.956,13094.3,1973.057,5666.505,12944.05,1984.858,5701.495,13113.7,1977.858,6083.874,12876.56,2009.544,5624.609,13260.82,1963.221,6103.715,13011.04,1969.389,6069.053,13194.3,1979.789,6030.043,12828.47,1989.36,5712.22,13045.27,2042.597,5438.07
13113.69,1983.353,5565.052,13052.62,1950.195,6158.131,13029.34,1980.544,5765.478,12724.22,1976.692,5691.635,13344.51,2022.614,6107.221,12737.96,2012.767,5783.901,13094.08,1973.057,5666.641,12943.79,1984.858,5701.482,13113.56,1977.858,6084.09,12876.3,2009.544,5624.603,13260.68,1963.221,6103.931,13010.9,1969.389,6069.272,13194.15,1979.789,6030.252,12828.22,1989.36,5712.244,13045.07,2042.597,5437.901
13113.46,1983.353,5565.15,13052.49,1950.195,6158.346,13029.14,1980.544,5765.339,12723.99,1976.692,5691.541,13344.35,2022.614,6107.409,12737.72,2012.767,5783.84,13093.86,1973.057,5666.764,12943.54,1984.858,5701.461,13113.42,1977.858,6084.294,12876.05,2009.544,5624.589,13260.54,1963.221,6104.134,13010.77,1969.389,6069.479,13194.01,1979.789,6030.458,12827.97,1989.36,5712.258,13044.88,2042.597,5437.739
13113.23,1983.353,5565.242,13052.36,1950.195,6158.564,13028.93,1980.544,5765.19,12723.76,1976.692,5691.448,13344.18,2022.614,6107.596,12737.48,2012.767,5783.77,13093.64,1973.057,5666.883,12943.29,1984.858,5701.432,13113.27,1977.858,6084.5,12875.8,2009.544,5624.567,13260.39,1963.221,6104.337,13010.62,1969.389,6069.687,13193.88,1979.789,6030.673,12827.72,1989.36,5712.265,13044.7,2042.597,5437.567
13113.01,1983.353,5565.318,13052.25,1950.195,6158.759,13028.75,1980.544,5765.05,12723.55,1976.692,5691.357,13344.02,2022.614,6107.758,12737.26,2012.767,5783.699,13093.43,1973.057,5666.984,12943.07,1984.858,5701.398,13113.13,1977.858,6084.682,12875.58,2009.544,5624.54,13260.25,1963.221,6104.515,13010.48,1969.389,6069.869,13193.76,1979.789,6030.871,12827.49,1989.36,5712.264,13044.52,2042.597,5437.425
13112.79,1983.353,5565.387,13052.12,1950.195,6158.952,13028.58,1980.544,5764.904,12723.34,1976.692,5691.26,13343.86,2022.614,6107.916,12737.05,2012.767,5783.622,13093.22,1973.057,5667.078,12942.84,1984.858,5701.357,13112.99,1977.858,6084.86,12875.35,2009.544,5624.504,13260.1,1963.221,6104.688,13010.34,1969.389,6070.047,13193.65,1979.789,6031.072,12827.26,1989.36,5712.255,13044.35,2042.597,5437.276
13112.58,1983.353,5565.446,13052,1950.195,6159.136,13028.41,1980.544,5764.759,12723.15,1976.692,5691.16,13343.69,2022.614,6108.063,12736.84,2012.767,5783.541,13093.02,1973.057,5667.162,12942.63,1984.858,5701.311,13112.85,1977.858,6085.028,12875.13,2009.544,5624.464,13259.95,1963.221,6104.85,13010.2,1969.389,6070.213,13193.55,1979.789,6031.269,12827.04,1989.36,5712.239,13044.18,2042.597,5437.128
13112.37,1983.353,5565.499,13051.88,1950.195,6159.318,13028.25,1980.544,5764.608,12722.95,1976.692,5691.066,13343.53,2022.614,6108.203,12736.64,2012.767,5783.453,13092.82,1973.057,5667.251,12942.42,1984.858,5701.258,13112.7,1977.858,6085.192,12874.92,2009.544,5624.416,13259.8,1963.221,6105.013,13010.05,1969.389,6070.375,13193.46,1979.789,6031.468,12826.82,1989.36,5712.218,13044.02,2042.597,5436.981
13112.05,1983.353,5565.589,13051.69,1950.195,6159.593,13028.02,1980.544,5764.372,12722.64,1976.692,5690.934,13343.25,2022.614,6108.393,12736.34,2012.767,5783.31,13092.52,1973.057,5667.398,12942.09,1984.858,5701.166,13112.47,1977.858,6085.437,12874.6,2009.544,5624.333,13259.55,1963.221,6105.231,13009.83,1969.389,6070.627,13193.34,1979.789,6031.775,12826.49,1989.36,5712.18,13043.76,2042.597,5436.776
13111.85,1983.353,5565.641,13051.58,1950.195,6159.764,13027.88,1980.544,5764.219,12722.45,1976.692,5690.843,13343.08,2022.614,6108.505,12736.16,2012.767,5783.215,13092.34,1973.057,5667.495,12941.9,1984.858,5701.103,13112.33,1977.858,6085.586,12874.4,2009.544,5624.274,13259.4,1963.221,6105.373,13009.69,1969.389,6070.78,13193.26,1979.789,6031.97,12826.29,1989.36,5712.152,13043.6,2042.597,5436.643
13111.55,1983.353,5565.728,13051.4,1950.195,6160.013,13027.68,1980.544,5763.988,12722.17,1976.692,5690.719,13342.82,2022.614,6108.67,12735.89,2012.767,5783.066,13092.07,1973.057,5667.644,12941.61,1984.858,5701,13112.11,1977.858,6085.8,12874.1,2009.544,5624.198,13259.18,1963.221,6105.588,13009.52,1969.389,6071.037,13193.16,1979.789,6032.259,12825.99,1989.36,5712.105,13043.37,2042.597,5436.44
13111.34,1983.353,5565.793,13051.27,1950.195,6160.19,13027.54,1980.544,5763.818,12721.98,1976.692,5690.624,13342.64,2022.614,6108.794,12735.7,2012.767,5782.954,13091.88,1973.057,5667.745,12941.4,1984.858,5700.92,13111.95,1977.858,6085.949,12873.89,2009.544,5624.137,13259.03,1963.221,6105.747,13009.4,1969.389,6071.216,13193.1,1979.789,6032.469,12825.77,1989.36,5712.07,13043.2,2042.597,5436.297
13110.97,1983.353,5565.92,13051.04,1950.195,6160.509,13027.3,1980.544,5763.504,12721.65,1976.692,5690.409,13342.31,2022.614,6109.009,12735.37,2012.767,5782.741,13091.53,1973.057,5667.938,12941.03,1984.858,5700.809,13111.65,1977.858,6086.211,12873.52,2009.544,5624.013,13258.77,1963.221,6106.042,13009.17,1969.389,6071.541,13192.97,1979.789,6032.843,12825.38,1989.36,5712.007,13042.91,2042.597,5436.029
13110.77,1983.353,5565.98,13050.91,1950.195,6160.676,13027.18,1980.544,5763.334,12721.47,1976.692,5690.298,13342.14,2022.614,6109.128,12735.2,2012.767,5782.623,13091.35,1973.057,5668.035,12940.83,1984.858,5700.744,13111.5,1977.858,6086.345,12873.32,2009.544,5623.956,13258.63,1963.221,6106.202,13009.05,1969.389,6071.708,13192.9,1979.789,6033.039,12825.18,1989.36,5711.968,13042.77,2042.597,5435.883
13110.53,1983.353,5566.026,13050.77,1950.195,6160.873,13027.04,1980.544,5763.13,12721.26,1976.692,5690.175,13341.93,2022.614,6109.256,12735,2012.767,5782.477,13091.13,1973.057,5668.155,12940.59,1984.858,5700.677,13111.3,1977.858,6086.499,12873.08,2009.544,5623.88,13258.48,1963.221,6106.396,13008.9,1969.389,6071.901,13192.81,1979.789,6033.267,12824.94,1989.36,5711.916,13042.6,2042.597,5435.706
13110.03,1983.353,5566.136,13050.46,1950.195,6161.277,13026.78,1980.544,5762.699,12720.84,1976.692,5689.888,13341.5,2022.614,6109.536,12734.6,2012.767,5782.163,13090.7,1973.057,5668.409,12940.11,1984.858,5700.529,13110.9,1977.858,6086.806,12872.61,2009.544,5623.698,13258.18,1963.221,6106.805,13008.57,1969.389,6072.288,13192.61,1979.789,6033.734,12824.44,1989.36,5711.813,13042.24,2042.597,5435.35
13109.56,1983.353,5566.258,13050.16,1950.195,6161.669,13026.53,1980.544,5762.272,12720.42,1976.692,5689.623,13341.1,2022.614,6109.821,12734.22,2012.767,5781.846,13090.27,1973.057,5668.663,12939.64,1984.858,5700.37,13110.5,1977.858,6087.094,12872.16,2009.544,5623.499,13257.91,1963.221,6107.213,13008.26,1969.389,6072.675,13192.41,1979.789,6034.182,12823.96,1989.36,5711.702,13041.89,2042.597,5434.999
13109.03,1983.353,5566.413,13049.83,1950.195,6162.106,13026.27,1980.544,5761.786,12719.97,1976.692,5689.313,13340.66,2022.614,6110.154,12733.79,2012.767,5781.503,13089.8,1973.057,5668.946,12939.13,1984.858,5700.175,13110.05,1977.858,6087.406,12871.65,2009.544,5623.293,13257.61,1963.221,6107.678,13007.91,1969.389,6073.096,13192.16,1979.789,6034.676,12823.43,1989.36,5711.565,13041.55,2042.597,5434.563
13108.44,1983.353,5566.596,13049.46,1950.195,6162.589,13026,1980.544,5761.239,12719.47,1976.692,5688.955,13340.19,2022.614,6110.539,12733.3,2012.767,5781.137,13089.29,1973.057,5669.273,12938.56,1984.858,5699.94,13109.53,1977.858,6087.738,12871.09,2009.544,5623.045,13257.3,1963.221,6108.204,13007.51,1969.389,6073.561,13191.88,1979.789,6035.215,12822.83,1989.36,5711.418,13041.18,2042.597,5434.078
13108.07,1983.353,5566.727,13049.21,1950.195,6162.903,13025.83,1980.544,5760.877,12719.16,1976.692,5688.712,13339.89,2022.614,6110.799,12732.98,2012.767,5780.908,13088.95,1973.057,5669.487,12938.2,1984.858,5699.776,13109.2,1977.858,6087.945,12870.74,2009.544,5622.851,13257.11,1963.221,6108.553,13007.25,1969.389,6073.855,13191.68,1979.789,6035.56,12822.45,1989.36,5711.312,13040.93,2042.597,5433.771
13107.3,1983.353,5567.025,13048.71,1950.195,6163.555,13025.52,1980.544,5760.116,12718.52,1976.692,5688.19,13339.28,2022.614,6111.36,12732.29,2012.767,5780.451,13088.27,1973.057,5669.952,12937.46,1984.858,5699.41,13108.48,1977.858,6088.359,12870.01,2009.544,5622.47,13256.74,1963.221,6109.29,13006.71,1969.389,6074.487,13191.25,1979.789,6036.264,12821.66,1989.36,5711.07,13040.39,2042.597,5433.148
13106.52,1983.353,5567.299,13048.2,1950.195,6164.207,13025.22,1980.544,5759.343,12717.9,1976.692,5687.639,13338.68,2022.614,6111.925,12731.62,2012.767,5779.972,13087.57,1973.057,5670.397,12936.73,1984.858,5699.028,13107.75,1977.858,6088.755,12869.29,2009.544,5622.064,13256.39,1963.221,6110.039,13006.16,1969.389,6075.102,13190.79,1979.789,6036.955,12820.88,1989.36,5710.804,13039.85,2042.597,5432.517
13106.32,1983.353,5567.361,13048.06,1950.195,6164.367,13025.14,1980.544,5759.151,12717.75,1976.692,5687.495,13338.52,2022.614,6112.062,12731.45,2012.767,5779.846,13087.39,1973.057,5670.503,12936.54,1984.858,5698.926,13107.57,1977.858,6088.848,12869.11,2009.544,5621.957,13256.31,1963.221,6110.23,13006.01,1969.389,6075.252,13190.67,1979.789,6037.125,12820.68,1989.36,5710.73,13039.72,2042.597,5432.357
13105.62,1983.353,5567.563,13047.58,1950.195,6164.911,13024.88,1980.544,5758.472,12717.21,1976.692,5687.01,13337.99,2022.614,6112.559,12730.89,2012.767,5779.387,13086.76,1973.057,5670.858,12935.92,1984.858,5698.549,13106.93,1977.858,6089.192,12868.5,2009.544,5621.559,13256.04,1963.221,6110.908,13005.49,1969.389,6075.76,13190.24,1979.789,6037.708,12820.01,1989.36,5710.453,13039.23,2042.597,5431.813
13105.04,1983.353,5567.771,13047.15,1950.195,6165.357,13024.64,1980.544,5757.905,12716.74,1976.692,5686.615,13337.55,2022.614,6112.994,12730.42,2012.767,5778.983,13086.21,1973.057,5671.141,12935.41,1984.858,5698.213,13106.39,1977.858,6089.5,12867.95,2009.544,5621.28,13255.84,1963.221,6111.489,13005.04,1969.389,6076.175,13189.85,1979.789,6038.189,12819.45,1989.36,5710.201,13038.86,2042.597,5431.328
13104.2,1983.353,5568.169,13046.49,1950.195,6166.013,13024.25,1980.544,5757.056,12716.05,1976.692,5685.975,13336.91,2022.614,6113.675,12729.74,2012.767,5778.348,13085.37,1973.057,5671.542,12934.65,1984.858,5697.68,13105.6,1977.858,6089.989,12867.13,2009.544,5620.83,13255.5,1963.221,6112.359,13004.34,1969.389,6076.802,13189.29,1979.789,6038.938,12818.6,1989.36,5709.813,13038.26,2042.597,5430.609
13103.97,1983.353,5568.267,13046.31,1950.195,6166.18,13024.14,1980.544,5756.836,12715.88,1976.692,5685.801,13336.74,2022.614,6113.849,12729.56,2012.767,5778.175,13085.14,1973.057,5671.64,12934.45,1984.858,5697.531,13105.39,1977.858,6090.12,12866.92,2009.544,5620.705,13255.4,1963.221,6112.585,13004.16,1969.389,6076.961,13189.15,1979.789,6039.14,12818.38,1989.36,5709.703,13038.1,2042.597,5430.419
13103.06,1983.353,5568.627,13045.56,1950.195,6166.821,13023.67,1980.544,5755.974,12715.17,1976.692,5685.129,13336.07,2022.614,6114.564,12728.89,2012.767,5777.463,13084.23,1973.057,5672.002,12933.65,1984.858,5696.965,13104.55,1977.858,6090.626,12866.04,2009.544,5620.261,13254.98,1963.221,6113.474,13003.39,1969.389,6077.57,13188.62,1979.789,6039.962,12817.51,1989.36,5709.25,13037.45,2042.597,5429.684
13102.35,1983.353,5568.954,13044.96,1950.195,6167.312,13023.28,1980.544,5755.3,12714.61,1976.692,5684.579,13335.55,2022.614,6115.15,12728.37,2012.767,5776.879,13083.49,1973.057,5672.267,12933,1984.858,5696.535,13103.88,1977.858,6091.029,12865.35,2009.544,5619.913,13254.63,1963.221,6114.17,13002.76,1969.389,6078.035,13188.21,1979.789,6040.631,12816.81,1989.36,5708.892,13036.92,2042.597,5429.116
13101.63,1983.353,5569.255,13044.34,1950.195,6167.778,13022.86,1980.544,5754.645,12714.04,1976.692,5684.052,13335.06,2022.614,6115.749,12727.87,2012.767,5776.284,13082.76,1973.057,5672.505,12932.34,1984.858,5696.13,13103.22,1977.858,6091.425,12864.66,2009.544,5619.545,13254.25,1963.221,6114.849,13002.12,1969.389,6078.475,13187.84,1979.789,6041.307,12816.13,1989.36,5708.531,13036.41,2042.597,5428.526
13100.94,1983.353,5569.521,13043.76,1950.195,6168.249,13022.45,1980.544,5754.03,12713.52,1976.692,5683.531,13334.6,2022.614,6116.337,12727.38,2012.767,5775.727,13082.04,1973.057,5672.71,12931.72,1984.858,5695.713,13102.58,1977.858,6091.803,12864.02,2009.544,5619.171,13253.88,1963.221,6115.487,13001.55,1969.389,6078.952,13187.49,1979.789,6041.966,12815.47,1989.36,5708.181,13035.92,2042.597,5427.966
13100.13,1983.353,5569.837,13043.08,1950.195,6168.783,13021.93,1980.544,5753.325,12712.91,1976.692,5682.904,13334.1,2022.614,6117.044,12726.79,2012.767,5775.088,13081.2,1973.057,5672.924,12930.99,1984.858,5695.249,13101.84,1977.858,6092.255,12863.28,2009.544,5618.708,13253.41,1963.221,6116.221,13000.87,1969.389,6079.488,13187.12,1979.789,6042.752,12814.71,1989.36,5707.761,13035.37,2042.597,5427.298
13099.1,1983.353,5570.225,13042.19,1950.195,6169.428,13021.26,1980.544,5752.458,12712.17,1976.692,5682.092,13333.43,2022.614,6117.915,12726.02,2012.767,5774.303,13080.13,1973.057,5673.158,12930.1,1984.858,5694.596,13100.89,1977.858,6092.805,12862.31,2009.544,5618.193,13252.69,1963.221,6117.05,12999.98,1969.389,6080.137,13186.68,1979.789,6043.758,12813.76,1989.36,5707.217,13034.63,2042.597,5426.479
13098.43,1983.353,5570.451,13041.6,1950.195,6169.823,13020.81,1980.544,5751.916,12711.71,1976.692,5681.559,13332.98,2022.614,6118.459,12725.52,2012.767,5773.813,13079.43,1973.057,5673.285,12929.52,1984.858,5694.195,13100.28,1977.858,6093.152,12861.7,2009.544,5617.842,13252.22,1963.221,6117.579,12999.4,1969.389,6080.534,13186.42,1979.789,6044.412,12813.15,1989.36,5706.863,13034.15,2042.597,5425.968
13098.24,1983.353,5570.512,13041.43,1950.195,6169.934,13020.67,1980.544,5751.76,12711.57,1976.692,5681.406,13332.84,2022.614,6118.615,12725.37,2012.767,5773.664,13079.23,1973.057,5673.316,12929.35,1984.858,5694.083,13100.1,1977.858,6093.256,12861.53,2009.544,5617.732,13252.09,1963.221,6117.739,12999.22,1969.389,6080.646,13186.33,1979.789,6044.604,12812.97,1989.36,5706.753,13034,2042.597,5425.822
13097.65,1983.353,5570.669,13040.9,1950.195,6170.241,13020.25,1980.544,5751.317,12711.14,1976.692,5680.972,13332.46,2022.614,6119.09,12724.96,2012.767,5773.213,13078.62,1973.057,5673.388,12928.83,1984.858,5693.77,13099.56,1977.858,6093.553,12861.02,2009.544,5617.395,13251.71,1963.221,6118.221,12998.71,1969.389,6080.979,13186.08,1979.789,6045.156,12812.46,1989.36,5706.427,13033.55,2042.597,5425.41
13096.5,1983.353,5570.936,13039.91,1950.195,6170.863,13019.42,1980.544,5750.493,12710.29,1976.692,5680.164,13331.69,2022.614,6119.979,12724.2,2012.767,5772.32,13077.45,1973.057,5673.487,12927.8,1984.858,5693.202,13098.54,1977.858,6094.126,12860.11,2009.544,5616.655,13251.03,1963.221,6119.171,12997.77,1969.389,6081.671,13185.56,1979.789,6046.206,12811.47,1989.36,5705.799,13032.66,2042.597,5424.644
13095.96,1983.353,5571.045,13039.42,1950.195,6171.143,13019.01,1980.544,5750.114,12709.9,1976.692,5679.768,13331.4,2022.614,6120.452,12723.83,2012.767,5771.905,13076.9,1973.057,5673.516,12927.3,1984.858,5692.947,13098.06,1977.858,6094.404,12859.69,2009.544,5616.288,13250.71,1963.221,6119.634,12997.3,1969.389,6081.985,13185.29,1979.789,6046.697,12811,1989.36,5705.492,13032.25,2042.597,5424.266
13095.58,1983.353,5571.106,13039.1,1950.195,6171.344,13018.72,1980.544,5749.867,12709.64,1976.692,5679.494,13331.19,2022.614,6120.766,12723.57,2012.767,5771.631,13076.52,1973.057,5673.523,12926.96,1984.858,5692.787,13097.73,1977.858,6094.597,12859.4,2009.544,5616.049,13250.51,1963.221,6119.953,12996.99,1969.389,6082.187,13185.11,1979.789,6047.024,12810.69,1989.36,5705.277,13031.97,2042.597,5424.02
13094.45,1983.353,5571.256,13038.16,1950.195,6171.996,13017.83,1980.544,5749.146,12708.88,1976.692,5678.639,13330.52,2022.614,6121.697,12722.76,2012.767,5770.821,13075.37,1973.057,5673.508,12925.91,1984.858,5692.333,13096.73,1977.858,6095.154,12858.49,2009.544,5615.354,13249.93,1963.221,6120.941,12996.09,1969.389,6082.898,13184.51,1979.789,6048,12809.76,1989.36,5704.615,13031.09,2042.597,5423.283
13093.87,1983.353,5571.313,13037.68,1950.195,6172.31,13017.37,1980.544,5748.795,12708.5,1976.692,5678.196,13330.13,2022.614,6122.127,12722.34,2012.767,5770.422,13074.79,1973.057,5673.481,12925.37,1984.858,5692.12,13096.25,1977.858,6095.476,12858.01,2009.544,5615.016,13249.66,1963.221,6121.451,12995.62,1969.389,6083.243,13184.19,1979.789,6048.486,12809.29,1989.36,5704.274,13030.64,2042.597,5422.919
13093.03,1983.353,5571.369,13036.97,1950.195,6172.765,13016.69,1980.544,5748.309,12707.98,1976.692,5677.541,13329.59,2022.614,6122.769,12721.71,2012.767,5769.862,13073.96,1973.057,5673.416,12924.58,1984.858,5691.838,13095.54,1977.858,6095.921,12857.32,2009.544,5614.547,13249.28,1963.221,6122.202,12994.96,1969.389,6083.762,13183.71,1979.789,6049.174,12808.61,1989.36,5703.778,13030,2042.597,5422.372
13092,1983.353,5571.403,13036.11,1950.195,6173.355,13015.82,1980.544,5747.736,12707.3,1976.692,5676.751,13328.94,2022.614,6123.578,12720.96,2012.767,5769.145,13072.92,1973.057,5673.301,12923.59,1984.858,5691.521,13094.64,1977.858,6096.444,12856.44,2009.544,5613.995,13248.82,1963.221,6123.134,12994.12,1969.389,6084.377,13183.08,1979.789,6050.006,12807.77,1989.36,5703.165,13029.22,2042.597,5421.682
13090.94,1983.353,5571.403,13035.28,1950.195,6173.998,13014.92,1980.544,5747.186,12706.59,1976.692,5675.975,13328.3,2022.614,6124.412,12720.22,2012.767,5768.395,13071.88,1973.057,5673.15,12922.58,1984.858,5691.234,13093.72,1977.858,6096.946,12855.53,2009.544,5613.466,13248.37,1963.221,6124.082,12993.25,1969.389,6084.971,13182.43,1979.789,6050.829,12806.93,1989.36,5702.54,13028.42,2042.597,5421.01
13090.28,1983.353,5571.381,13034.75,1950.195,6174.384,13014.35,1980.544,5746.858,12706.15,1976.692,5675.479,13327.91,2022.614,6124.944,12719.77,2012.767,5767.909,13071.23,1973.057,5673.035,12921.94,1984.858,5691.074,13093.18,1977.858,6097.315,12854.95,2009.544,5613.153,13248.09,1963.221,6124.678,12992.7,1969.389,6085.328,13182,1979.789,6051.332,12806.39,1989.36,5702.157,13027.92,2042.597,5420.572
13089.25,1983.353,5571.313,13033.88,1950.195,6174.963,13013.43,1980.544,5746.374,12705.45,1976.692,5674.715,13327.32,2022.614,6125.796,12719.1,2012.767,5767.124,13070.22,1973.057,5672.82,12920.92,1984.858,5690.856,13092.34,1977.858,6097.927,12854.02,2009.544,5612.69,13247.62,1963.221,6125.604,12991.84,1969.389,6085.917,13181.42,1979.789,6052.188,12805.56,1989.36,5701.543,13027.12,2042.597,5419.908
13088.44,1983.353,5571.233,13033.19,1950.195,6175.4,13012.7,1980.544,5746.016,12704.88,1976.692,5674.131,13326.87,2022.614,6126.479,12718.58,2012.767,5766.488,13069.42,1973.057,5672.625,12920.13,1984.858,5690.659,13091.69,1977.858,6098.43,12853.36,2009.544,5612.211,13247.23,1963.221,6126.325,12991.16,1969.389,6086.358,13180.93,1979.789,6052.847,12804.89,1989.36,5701.075,13026.46,2042.597,5419.431
13087.63,1983.353,5571.127,13032.52,1950.195,6175.858,13011.95,1980.544,5745.683,12704.29,1976.692,5673.567,13326.43,2022.614,6127.17,12718.09,2012.767,5765.838,13068.64,1973.057,5672.404,12919.35,1984.858,5690.437,13091.06,1977.858,6098.944,12852.68,2009.544,5611.755,13246.83,1963.221,6127.034,12990.43,1969.389,6086.722,13180.43,1979.789,6053.488,12804.22,1989.36,5700.611,13025.81,2042.597,5418.933
13086.71,1983.353,5570.976,13031.74,1950.195,6176.353,13011.1,1980.544,5745.332,12703.64,1976.692,5672.906,13325.96,2022.614,6127.967,12717.55,2012.767,5765.082,13067.75,1973.057,5672.125,12918.46,1984.858,5690.156,13090.32,1977.858,6099.503,12851.9,2009.544,5611.263,13246.35,1963.221,6127.828,12989.61,1969.389,6087.162,13179.85,1979.789,6054.212,12803.45,1989.36,5700.095,13025.01,2042.597,5418.471
13086.07,1983.353,5570.849,13031.17,1950.195,6176.684,13010.48,1980.544,5745.105,12703.2,1976.692,5672.427,13325.64,2022.614,6128.537,12717.16,2012.767,5764.559,13067.14,1973.057,5671.908,12917.83,1984.858,5690.003,13089.79,1977.858,6099.88,12851.37,2009.544,5610.876,13246,1963.221,6128.379,12989.05,1969.389,6087.49,13179.43,1979.789,6054.708,12802.9,1989.36,5699.735,13024.46,2042.597,5418.127
13085.46,1983.353,5570.707,13030.69,1950.195,6177.083,13009.89,1980.544,5744.907,12702.79,1976.692,5671.958,13325.35,2022.614,6129.089,12716.78,2012.767,5764.069,13066.56,1973.057,5671.681,12917.23,1984.858,5689.838,13089.32,1977.858,6100.291,12850.86,2009.544,5610.523,13245.66,1963.221,6128.897,12988.48,1969.389,6087.76,13179.05,1979.789,6055.209,12802.39,1989.36,5699.384,13023.92,2042.597,5417.818
13084.67,1983.353,5570.496,13030.05,1950.195,6177.586,13009.11,1980.544,5744.673,12702.26,1976.692,5671.33,13324.99,2022.614,6129.823,12716.25,2012.767,5763.439,13065.81,1973.057,5671.359,12916.45,1984.858,5689.597,13088.72,1977.858,6100.844,12850.17,2009.544,5610.083,13245.18,1963.221,6129.565,12987.76,1969.389,6088.137,13178.55,1979.789,6055.85,12801.71,1989.36,5698.921,13023.22,2042.597,5417.39
13084.11,1983.353,5570.325,13029.6,1950.195,6177.968,13008.54,1980.544,5744.523,12701.9,1976.692,5670.869,13324.75,2022.614,6130.355,12715.87,2012.767,5762.997,13065.27,1973.057,5671.111,12915.89,1984.858,5689.429,13088.31,1977.858,6101.263,12849.66,2009.544,5609.783,13244.83,1963.221,6130.036,12987.24,1969.389,6088.41,13178.17,1979.789,6056.297,12801.23,1989.36,5698.586,13022.73,2042.597,5417.067
13083.29,1983.353,5570.046,13028.92,1950.195,6178.511,13007.69,1980.544,5744.329,12701.38,1976.692,5670.172,13324.4,2022.614,6131.153,12715.28,2012.767,5762.358,13064.5,1973.057,5670.718,12915.08,1984.858,5689.108,13087.68,1977.858,6101.864,12848.9,2009.544,5609.364,13244.3,1963.221,6130.721,12986.48,1969.389,6088.839,13177.58,1979.789,6056.941,12800.52,1989.36,5698.09,13021.97,2042.597,5416.64
13082.69,1983.353,5569.823,13028.41,1950.195,6178.892,13007.07,1980.544,5744.208,12701.01,1976.692,5669.653,13324.16,2022.614,6131.744,12714.83,2012.767,5761.902,13063.94,1973.057,5670.412,12914.48,1984.858,5688.892,13087.2,1977.858,6102.288,12848.3,2009.544,5609.137,13243.9,1963.221,6131.213,12985.94,1969.389,6089.17,13177.14,1979.789,6057.398,12800,1989.36,5697.728,13021.43,2042.597,5416.309
13082.23,1983.353,5569.633,13028.03,1950.195,6179.211,13006.58,1980.544,5744.128,12700.71,1976.692,5669.257,13323.99,2022.614,6132.209,12714.5,2012.767,5761.535,13063.51,1973.057,5670.158,12914.01,1984.858,5688.739,13086.82,1977.858,6102.607,12847.84,2009.544,5608.944,13243.57,1963.221,6131.59,12985.52,1969.389,6089.443,13176.78,1979.789,6057.744,12799.58,1989.36,5697.45,13021.01,2042.597,5416.037
13081.25,1983.353,5569.19,13027.19,1950.195,6179.872,13005.51,1980.544,5743.992,12700.04,1976.692,5668.424,13323.64,2022.614,6133.224,12713.8,2012.767,5760.719,13062.61,1973.057,5669.582,12912.97,1984.858,5688.441,13086.08,1977.858,6103.387,12846.87,2009.544,5608.497,13242.85,1963.221,6132.387,12984.65,1969.389,6090.062,13176.07,1979.789,6058.552,12798.69,1989.36,5696.86,13020.13,2042.597,5415.421
13080.56,1983.353,5568.85,13026.59,1950.195,6180.366,13004.74,1980.544,5743.919,12699.54,1976.692,5667.836,13323.36,2022.614,6133.944,12713.32,2012.767,5760.117,13061.97,1973.057,5669.146,12912.23,1984.858,5688.252,13085.54,1977.858,6103.929,12846.18,2009.544,5608.153,13242.36,1963.221,6132.976,12984.03,1969.389,6090.526,13175.55,1979.789,6059.115,12798.04,1989.36,5696.446,13019.51,2042.597,5414.958
13080.12,1983.353,5568.616,13026.2,1950.195,6180.673,13004.25,1980.544,5743.889,12699.23,1976.692,5667.445,13323.17,2022.614,6134.404,12713.02,2012.767,5759.718,13061.57,1973.057,5668.852,12911.75,1984.858,5688.114,13085.17,1977.858,6104.268,12845.74,2009.544,5607.916,13242.02,1963.221,6133.346,12983.62,1969.389,6090.813,13175.2,1979.789,6059.467,12797.62,1989.36,5696.166,13019.12,2042.597,5414.654
13079.04,1983.353,5567.99,13025.19,1950.195,6181.412,13002.99,1980.544,5743.852,12698.42,1976.692,5666.488,13322.65,2022.614,6135.543,12712.3,2012.767,5758.691,13060.58,1973.057,5668.078,12910.53,1984.858,5687.806,13084.22,1977.858,6105.09,12844.59,2009.544,5607.41,13241.21,1963.221,6134.303,12982.7,1969.389,6091.662,13174.28,1979.789,6060.325,12796.6,1989.36,5695.441,13018.15,2042.597,5413.857
13078.6,1983.353,5567.716,13024.76,1950.195,6181.704,13002.48,1980.544,5743.853,12698.09,1976.692,5666.083,13322.42,2022.614,6136.008,12711.99,2012.767,5758.274,13060.18,1973.057,5667.745,12910.04,1984.858,5687.663,13083.82,1977.858,6105.417,12844.13,2009.544,5607.185,13240.87,1963.221,6134.688,12982.31,1969.389,6092.001,13173.89,1979.789,6060.668,12796.19,1989.36,5695.127,13017.74,2042.597,5413.541
13078.11,1983.353,5567.394,13024.27,1950.195,6182.016,13001.89,1980.544,5743.874,12697.74,1976.692,5665.621,13322.14,2022.614,6136.52,12711.64,2012.767,5757.815,13059.75,1973.057,5667.356,12909.48,1984.858,5687.483,13083.36,1977.858,6105.769,12843.61,2009.544,5606.916,13240.46,1963.221,6135.107,12981.85,1969.389,6092.366,13173.44,1979.789,6061.038,12795.74,1989.36,5694.76,13017.25,2042.597,5413.236
13077.58,1983.353,5567.009,13023.7,1950.195,6182.352,13001.23,1980.544,5743.918,12697.36,1976.692,5665.084,13321.81,2022.614,6137.091,12711.22,2012.767,5757.304,13059.27,1973.057,5666.899,12908.83,1984.858,5687.344,13082.82,1977.858,6106.151,12843.04,2009.544,5606.59,13239.99,1963.221,6135.568,12981.33,1969.389,6092.764,13172.92,1979.789,6061.441,12795.24,1989.36,5694.327,13016.67,2042.597,5412.911
13077.06,1983.353,5566.627,13023.14,1950.195,6182.66,13000.6,1980.544,5743.983,12696.99,1976.692,5664.554,13321.47,2022.614,6137.634,12710.8,2012.767,5756.818,13058.82,1973.057,5666.441,12908.21,1984.858,5687.189,13082.28,1977.858,6106.504,12842.49,2009.544,5606.257,13239.51,1963.221,6136,12980.8,1969.389,6093.133,13172.4,1979.789,6061.815,12794.77,1989.36,5693.89,13016.12,2042.597,5412.577
13076.42,1983.353,5566.124,13022.41,1950.195,6183.027,12999.79,1980.544,5744.091,12696.58,1976.692,5663.854,13321.01,2022.614,6138.307,12710.29,2012.767,5756.188,13058.27,1973.057,5665.843,12907.43,1984.858,5686.967,13081.59,1977.858,6106.929,12841.81,2009.544,5605.813,13238.89,1963.221,6136.527,12980.12,1969.389,6093.578,13171.72,1979.789,6062.267,12794.19,1989.36,5693.319,13015.44,2042.597,5412.131
13076.13,1983.353,5565.872,13022.06,1950.195,6183.192,12999.41,1980.544,5744.155,12696.4,1976.692,5663.511,13320.78,2022.614,6138.624,12710.05,2012.767,5755.876,13058.02,1973.057,5665.547,12907.06,1984.858,5686.848,13081.25,1977.858,6107.123,12841.49,2009.544,5605.588,13238.59,1963.221,6136.77,12979.79,1969.389,6093.781,13171.39,1979.789,6062.474,12793.92,1989.36,5693.035,13015.12,2042.597,5411.907
13075.81,1983.353,5565.591,13021.67,1950.195,6183.358,12998.99,1980.544,5744.239,12696.21,1976.692,5663.133,13320.52,2022.614,6138.958,12709.81,2012.767,5755.531,13057.76,1973.057,5665.217,12906.66,1984.858,5686.706,13080.88,1977.858,6107.32,12841.15,2009.544,5605.334,13238.25,1963.221,6137.022,12979.42,1969.389,6093.989,13171.03,1979.789,6062.686,12793.64,1989.36,5692.719,13014.79,2042.597,5411.652
13075.23,1983.353,5565.038,13020.92,1950.195,6183.648,12998.21,1980.544,5744.422,12695.92,1976.692,5662.383,13320.01,2022.614,6139.576,12709.37,2012.767,5754.86,13057.27,1973.057,5664.576,12905.89,1984.858,5686.499,13080.16,1977.858,6107.671,12840.53,2009.544,5604.832,13237.61,1963.221,6137.505,12978.71,1969.389,6094.361,13170.33,1979.789,6063.078,12793.13,1989.36,5692.101,13014.16,2042.597,5411.148
13074.76,1983.353,5564.579,13020.31,1950.195,6183.876,12997.58,1980.544,5744.592,12695.67,1976.692,5661.78,13319.58,2022.614,6140.065,12709.03,2012.767,5754.303,13056.9,1973.057,5664.042,12905.26,1984.858,5686.311,13079.56,1977.858,6107.937,12840.03,2009.544,5604.406,13237.08,1963.221,6137.881,12978.12,1969.389,6094.645,13169.75,1979.789,6063.378,12792.73,1989.36,5691.585,13013.64,2042.597,5410.755
13074.49,1983.353,5564.292,13019.93,1950.195,6184.001,12997.2,1980.544,5744.683,12695.51,1976.692,5661.421,13319.31,2022.614,6140.352,12708.83,2012.767,5753.959,13056.66,1973.057,5663.726,12904.89,1984.858,5686.184,13079.19,1977.858,6108.086,12839.74,2009.544,5604.139,13236.75,1963.221,6138.097,12977.76,1969.389,6094.804,13169.39,1979.789,6063.548,12792.5,1989.36,5691.265,13013.33,2042.597,5410.507
13074.12,1983.353,5563.873,13019.4,1950.195,6184.162,12996.65,1980.544,5744.793,12695.27,1976.692,5660.91,13318.91,2022.614,6140.747,12708.57,2012.767,5753.463,13056.31,1973.057,5663.289,12904.36,1984.858,5685.987,13078.67,1977.858,6108.281,12839.32,2009.544,5603.764,13236.27,1963.221,6138.389,12977.24,1969.389,6095.014,13168.88,1979.789,6063.779,12792.18,1989.36,5690.8,13012.88,2042.597,5410.169
13073.77,1983.353,5563.464,13018.88,1950.195,6184.304,12996.12,1980.544,5744.881,12695,1976.692,5660.451,13318.52,2022.614,6141.112,12708.34,2012.767,5752.98,13055.96,1973.057,5662.882,12903.87,1984.858,5685.783,13078.16,1977.858,6108.451,12838.93,2009.544,5603.401,13235.8,1963.221,6138.653,12976.74,1969.389,6095.199,13168.38,1979.789,6063.984,12791.9,1989.36,5690.346,13012.45,2042.597,5409.861
13073.52,1983.353,5563.202,13018.53,1950.195,6184.389,12995.76,1980.544,5744.929,12694.82,1976.692,5660.134,13318.24,2022.614,6141.35,12708.19,2012.767,5752.649,13055.71,1973.057,5662.615,12903.53,1984.858,5685.633,13077.81,1977.858,6108.554,12838.67,2009.544,5603.147,13235.48,1963.221,6138.821,12976.39,1969.389,6095.313,13168.04,1979.789,6064.112,12791.72,1989.36,5690.033,13012.13,2042.597,5409.683
13073.21,1983.353,5562.857,13018.08,1950.195,6184.482,12995.3,1980.544,5744.975,12694.61,1976.692,5659.723,13317.88,2022.614,6141.642,12708.01,2012.767,5752.22,13055.39,1973.057,5662.284,12903.12,1984.858,5685.429,13077.36,1977.858,6108.671,12838.35,2009.544,5602.813,13235.06,1963.221,6139.022,12975.95,1969.389,6095.443,13167.6,1979.789,6064.26,12791.5,1989.36,5689.625,13011.73,2042.597,5409.442
13072.93,1983.353,5562.562,13017.67,1950.195,6184.551,12994.89,1980.544,5745.002,12694.43,1976.692,5659.354,13317.56,2022.614,6141.889,12707.87,2012.767,5751.837,13055.09,1973.057,5662.002,12902.76,1984.858,5685.237,13076.96,1977.858,6108.762,12838.08,2009.544,5602.508,13234.69,1963.221,6139.188,12975.55,1969.389,6095.545,13167.21,1979.789,6064.379,12791.31,1989.36,5689.26,13011.39,2042.597,5409.219
13072.43,1983.353,5562.044,13016.96,1950.195,6184.65,12994.17,1980.544,5745.027,12694.14,1976.692,5658.695,13316.97,2022.614,6142.305,12707.56,2012.767,5751.189,13054.56,1973.057,5661.522,12902.09,1984.858,5684.973,13076.26,1977.858,6108.899,12837.62,2009.544,5601.956,13234.02,1963.221,6139.458,12974.85,1969.389,6095.702,13166.52,1979.789,6064.565,12791.01,1989.36,5688.606,13010.75,2042.597,5408.9
13071.93,1983.353,5561.451,13016.19,1950.195,6184.731,12993.4,1980.544,5745.029,12693.86,1976.692,5657.976,13316.33,2022.614,6142.732,12707.24,2012.767,5750.482,13053.96,1973.057,5661.025,12901.38,1984.858,5684.664,13075.49,1977.858,6109.021,12837.07,2009.544,5601.408,13233.3,1963.221,6139.739,12974.09,1969.389,6095.847,13165.77,1979.789,6064.745,12790.71,1989.36,5687.892,13010.06,2042.597,5408.533
13071.59,1983.353,5561.072,13015.68,1950.195,6184.768,12992.89,1980.544,5745.013,12693.64,1976.692,5657.517,13315.89,2022.614,6142.999,12707.05,2012.767,5750.011,13053.56,1973.057,5660.712,12900.92,1984.858,5684.45,13074.99,1977.858,6109.1,12836.72,2009.544,5601.038,13232.82,1963.221,6139.908,12973.59,1969.389,6095.925,13165.27,1979.789,6064.847,12790.53,1989.36,5687.417,13009.63,2042.597,5408.278
13071.27,1983.353,5560.708,13015.2,1950.195,6184.787,12992.4,1980.544,5744.982,12693.45,1976.692,5657.071,13315.47,2022.614,6143.239,12706.88,2012.767,5749.556,13053.17,1973.057,5660.426,12900.48,1984.858,5684.235,13074.51,1977.858,6109.16,12836.4,2009.544,5600.674,13232.36,1963.221,6140.054,12973.11,1969.389,6095.984,13164.79,1979.789,6064.929,12790.38,1989.36,5686.958,13009.2,2042.597,5408.042
13070.33,1983.353,5559.705,13013.82,1950.195,6184.795,12991.04,1980.544,5744.85,12692.94,1976.692,5655.792,13314.26,2022.614,6143.882,12706.45,2012.767,5748.25,13052.07,1973.057,5659.606,12899.25,1984.858,5683.629,13073.16,1977.858,6109.426,12835.52,2009.544,5599.614,13231.06,1963.221,6140.507,12971.74,1969.389,6096.106,13163.43,1979.789,6065.117,12789.89,1989.36,5685.673,13007.98,2042.597,5407.416
13069.41,1983.353,5558.771,13012.51,1950.195,6184.844,12989.73,1980.544,5744.681,12692.42,1976.692,5654.583,13313.07,2022.614,6144.459,12706.04,2012.767,5747.001,13050.99,1973.057,5658.856,12898.07,1984.858,5683.049,13071.86,1977.858,6109.642,12834.72,2009.544,5598.574,13229.8,1963.221,6140.9,12970.42,1969.389,6096.209,13162.13,1979.789,6065.339,12789.38,1989.36,5684.458,13006.8,2042.597,5406.817
13068.83,1983.353,5558.174,13011.68,1950.195,6184.901,12988.91,1980.544,5744.547,12692.12,1976.692,5653.81,13312.32,2022.614,6144.798,12705.8,2012.767,5746.206,13050.29,1973.057,5658.406,12897.33,1984.858,5682.675,13071.04,1977.858,6109.753,12834.23,2009.544,5597.902,13229,1963.221,6141.122,12969.59,1969.389,6096.247,13161.31,1979.789,6065.452,12789.04,1989.36,5683.703,13006.08,2042.597,5406.416
13068.68,1983.353,5558.029,13011.47,1950.195,6184.922,12988.71,1980.544,5744.506,12692.05,1976.692,5653.613,13312.12,2022.614,6144.876,12705.75,2012.767,5746.004,13050.12,1973.057,5658.291,12897.14,1984.858,5682.576,13070.83,1977.858,6109.775,12834.11,2009.544,5597.73,13228.8,1963.221,6141.171,12969.39,1969.389,6096.25,13161.1,1979.789,6065.473,12788.94,1989.36,5683.516,13005.9,2042.597,5406.309
13068.51,1983.353,5557.866,13011.24,1950.195,6184.953,12988.48,1980.544,5744.454,12691.98,1976.692,5653.391,13311.9,2022.614,6144.958,12705.7,2012.767,5745.776,13049.92,1973.057,5658.156,12896.94,1984.858,5682.458,13070.6,1977.858,6109.792,12833.99,2009.544,5597.533,13228.57,1963.221,6141.219,12969.15,1969.389,6096.246,13160.87,1979.789,6065.49,12788.83,1989.36,5683.311,13005.7,2042.597,5406.183
13067.19,1983.353,5556.657,13009.47,1950.195,6185.239,12986.75,1980.544,5743.993,12691.58,1976.692,5651.646,13310.21,2022.614,6145.526,12705.3,2012.767,5744.029,13048.43,1973.057,5657.172,12895.38,1984.858,5681.584,13068.81,1977.858,6109.87,12833.08,2009.544,5595.989,13226.81,1963.221,6141.526,12967.36,1969.389,6096.269,13159.09,1979.789,6065.676,12787.94,1989.36,5681.758,13004.12,2042.597,5405.341
13066.69,1983.353,5556.228,13008.83,1950.195,6185.364,12986.12,1980.544,5743.803,12691.44,1976.692,5651.001,13309.57,2022.614,6145.714,12705.15,2012.767,5743.389,13047.87,1973.057,5656.828,12894.82,1984.858,5681.244,13068.15,1977.858,6109.879,12832.76,2009.544,5595.41,13226.16,1963.221,6141.661,12966.7,1969.389,6096.294,13158.43,1979.789,6065.723,12787.59,1989.36,5681.197,13003.55,2042.597,5405.013
13066.04,1983.353,5555.703,13008.01,1950.195,6185.548,12985.32,1980.544,5743.534,12691.24,1976.692,5650.184,13308.76,2022.614,6145.928,12704.92,2012.767,5742.579,13047.17,1973.057,5656.361,12894.11,1984.858,5680.788,13067.31,1977.858,6109.864,12832.38,2009.544,5594.661,13225.33,1963.221,6141.805,12965.86,1969.389,6096.354,13157.59,1979.789,6065.776,12787.13,1989.36,5680.497,13002.8,2042.597,5404.627
13065.41,1983.353,5555.178,13007.2,1950.195,6185.701,12984.56,1980.544,5743.249,12691.05,1976.692,5649.392,13307.97,2022.614,6146.11,12704.68,2012.767,5741.801,13046.48,1973.057,5655.93,12893.44,1984.858,5680.324,13066.5,1977.858,6109.876,12832.04,2009.544,5593.921,13224.53,1963.221,6141.965,12965.05,1969.389,6096.439,13156.79,1979.789,6065.91,12786.66,1989.36,5679.832,13002.09,2042.597,5404.229
13064.79,1983.353,5554.688,13006.42,1950.195,6185.823,12983.82,1980.544,5742.946,12690.84,1976.692,5648.627,13307.19,2022.614,6146.261,12704.42,2012.767,5741.052,13045.79,1973.057,5655.534,12892.8,1984.858,5679.852,13065.7,1977.858,6109.915,12831.73,2009.544,5593.192,13223.77,1963.221,6142.188,12964.27,1969.389,6096.536,13156.02,1979.789,6066.106,12786.18,1989.36,5679.2,13001.41,2042.597,5403.82
13064.19,1983.353,5554.201,13005.66,1950.195,6185.917,12983.12,1980.544,5742.631,12690.61,1976.692,5647.895,13306.43,2022.614,6146.407,12704.14,2012.767,5740.335,13045.12,1973.057,5655.153,12892.2,1984.858,5679.376,13064.94,1977.858,6109.977,12831.45,2009.544,5592.478,13223.03,1963.221,6142.379,12963.5,1969.389,6096.614,13155.27,1979.789,6066.304,12785.69,1989.36,5678.604,13000.71,2042.597,5403.502
13063.6,1983.353,5553.747,13004.93,1950.195,6186.051,12982.46,1980.544,5742.304,12690.36,1976.692,5647.193,13305.71,2022.614,6146.571,12703.85,2012.767,5739.65,13044.49,1973.057,5654.767,12891.63,1984.858,5678.897,13064.19,1977.858,6109.979,12831.2,2009.544,5591.777,13222.32,1963.221,6142.596,12962.76,1969.389,6096.666,13154.55,1979.789,6066.479,12785.21,1989.36,5678.042,13000.05,2042.597,5403.173
13063.01,1983.353,5553.324,13004.21,1950.195,6186.159,12981.82,1980.544,5741.964,12690.1,1976.692,5646.517,13305,2022.614,6146.708,12703.55,2012.767,5738.988,13043.88,1973.057,5654.37,12891.09,1984.858,5678.413,13063.47,1977.858,6109.923,12830.97,2009.544,5591.087,13221.62,1963.221,6142.785,12962.04,1969.389,6096.693,13153.84,1979.789,6066.627,12784.71,1989.36,5677.509,12999.39,2042.597,5402.86
13062.47,1983.353,5552.902,13003.52,1950.195,6186.239,12981.22,1980.544,5741.619,12689.83,1976.692,5645.88,13304.31,2022.614,6146.816,12703.25,2012.767,5738.365,13043.28,1973.057,5654.023,12890.59,1984.858,5677.934,13062.78,1977.858,6109.891,12830.76,2009.544,5590.428,13220.94,1963.221,6142.943,12961.34,1969.389,6096.696,13153.16,1979.789,6066.747,12784.26,1989.36,5676.984,12998.78,2042.597,5402.54
13061.96,1983.353,5552.451,13002.85,1950.195,6186.296,12980.64,1980.544,5741.264,12689.56,1976.692,5645.258,13303.64,2022.614,6146.9,12702.87,2012.767,5737.805,13042.69,1973.057,5653.686,12890.12,1984.858,5677.451,13062.1,1977.858,6109.882,12830.55,2009.544,5589.785,13220.28,1963.221,6143.076,12960.67,1969.389,6096.676,13152.49,1979.789,6066.841,12783.84,1989.36,5676.458,12998.16,2042.597,5402.272
13061.46,1983.353,5552.028,13002.19,1950.195,6186.329,12980.09,1980.544,5740.9,12689.28,1976.692,5644.663,13302.99,2022.614,6146.96,12702.52,2012.767,5737.248,13042.13,1973.057,5653.339,12889.67,1984.858,5676.967,13061.45,1977.858,6109.852,12830.36,2009.544,5589.158,13219.63,1963.221,6143.184,12960.01,1969.389,6096.641,13151.84,1979.789,6066.911,12783.44,1989.36,5675.934,12997.56,2042.597,5401.993
13060.99,1983.353,5551.596,13001.56,1950.195,6186.341,12979.57,1980.544,5740.531,12689.01,1976.692,5644.086,13302.35,2022.614,6146.997,12702.2,2012.767,5736.698,13041.59,1973.057,5653.001,12889.25,1984.858,5676.485,13060.81,1977.858,6109.802,12830.17,2009.544,5588.549,13219,1963.221,6143.268,12959.38,1969.389,6096.586,13151.2,1979.789,6066.958,12783.07,1989.36,5675.413,12996.98,2042.597,5401.735
13060.53,1983.353,5551.193,13000.94,1950.195,6186.332,12979.06,1980.544,5740.191,12688.73,1976.692,5643.539,13301.74,2022.614,6147.013,12701.91,2012.767,5736.156,13041.08,1973.057,5652.658,12888.87,1984.858,5676.007,13060.2,1977.858,6109.734,12830,2009.544,5587.958,13218.39,1963.221,6143.329,12958.76,1969.389,6096.514,13150.59,1979.789,6066.984,12782.73,1989.36,5674.899,12996.43,2042.597,5401.468
13060.11,1983.353,5550.765,13000.34,1950.195,6186.304,12978.57,1980.544,5739.845,12688.44,1976.692,5643.016,13301.14,2022.614,6147.009,12701.64,2012.767,5735.622,13040.6,1973.057,5652.308,12888.5,1984.858,5675.532,13059.61,1977.858,6109.648,12829.85,2009.544,5587.382,13217.79,1963.221,6143.369,12958.17,1969.389,6096.424,13149.99,1979.789,6066.99,12782.42,1989.36,5674.39,12995.89,2042.597,5401.214
13059.69,1983.353,5550.363,12999.77,1950.195,6186.257,12978.11,1980.544,5739.497,12688.15,1976.692,5642.519,13300.56,2022.614,6146.986,12701.37,2012.767,5735.113,13040.14,1973.057,5651.955,12888.17,1984.858,5675.061,13059.03,1977.858,6109.584,12829.7,2009.544,5586.823,13217.21,1963.221,6143.389,12957.61,1969.389,6096.293,13149.41,1979.789,6066.976,12782.14,1989.36,5673.887,12995.37,2042.597,5400.955
13059.28,1983.353,5549.989,12999.21,1950.195,6186.194,12977.65,1980.544,5739.184,12687.84,1976.692,5642.047,13300,2022.614,6147.044,12701.12,2012.767,5734.613,13039.71,1973.057,5651.599,12887.86,1984.858,5674.596,13058.48,1977.858,6109.541,12829.56,2009.544,5586.281,13216.65,1963.221,6143.39,12957.06,1969.389,6096.186,13148.85,1979.789,6066.945,12781.88,1989.36,5673.393,12994.87,2042.597,5400.708
13058.86,1983.353,5549.601,12998.64,1950.195,6186.168,12977.19,1980.544,5738.849,12687.52,1976.692,5641.575,13299.43,2022.614,6147.085,12700.84,2012.767,5734.109,13039.26,1973.057,5651.241,12887.56,1984.858,5674.11,13057.9,1977.858,6109.514,12829.43,2009.544,5585.724,13216.08,1963.221,6143.373,12956.51,1969.389,6096.017,13148.28,1979.789,6066.894,12781.62,1989.36,5672.878,12994.36,2042.597,5400.438
13058.42,1983.353,5549.175,12998.03,1950.195,6186.121,12976.7,1980.544,5738.476,12687.16,1976.692,5641.083,13298.82,2022.614,6147.109,12700.49,2012.767,5733.613,13038.77,1973.057,5650.882,12887.25,1984.858,5673.583,13057.29,1977.858,6109.506,12829.3,2009.544,5585.127,13215.47,1963.221,6143.435,12955.93,1969.389,6095.857,13147.68,1979.789,6066.82,12781.37,1989.36,5672.322,12993.83,2042.597,5400.134
13057.89,1983.353,5548.691,12997.31,1950.195,6186.092,12976.14,1980.544,5738.03,12686.75,1976.692,5640.491,13298.11,2022.614,6147.114,12700.09,2012.767,5733.016,13038.17,1973.057,5650.485,12886.91,1984.858,5672.952,13056.58,1977.858,6109.521,12829.16,2009.544,5584.424,13214.76,1963.221,6143.485,12955.23,1969.389,6095.691,13146.97,1979.789,6066.709,12781.13,1989.36,5671.648,12993.22,2042.597,5399.755
13057.17,1983.353,5548.073,12996.37,1950.195,6186.037,12975.45,1980.544,5737.378,12686.24,1976.692,5639.689,13297.16,2022.614,6147.025,12699.59,2012.767,5732.208,13037.39,1973.057,5649.942,12886.48,1984.858,5672.102,13055.62,1977.858,6109.508,12829,2009.544,5583.487,13213.81,1963.221,6143.521,12954.3,1969.389,6095.501,13146.02,1979.789,6066.594,12780.77,1989.36,5670.767,12992.4,2042.597,5399.281
13056.86,1983.353,5547.829,12995.98,1950.195,6186.001,12975.16,1980.544,5737.118,12686.04,1976.692,5639.353,13296.77,2022.614,6147.002,12699.39,2012.767,5731.869,13037.08,1973.057,5649.708,12886.32,1984.858,5671.748,13055.23,1977.858,6109.49,12828.94,2009.544,5583.102,13213.42,1963.221,6143.522,12953.91,1969.389,6095.432,13145.63,1979.789,6066.56,12780.61,1989.36,5670.41,12992.07,2042.597,5399.075
13056.29,1983.353,5547.341,12995.23,1950.195,6185.908,12974.61,1980.544,5736.602,12685.68,1976.692,5638.695,13296.02,2022.614,6146.932,12699.04,2012.767,5731.207,13036.49,1973.057,5649.241,12886.02,1984.858,5671.059,13054.49,1977.858,6109.431,12828.84,2009.544,5582.357,13212.67,1963.221,6143.501,12953.18,1969.389,6095.275,13144.89,1979.789,6066.469,12780.33,1989.36,5669.715,12991.42,2042.597,5398.7
13055.55,1983.353,5546.666,12994.24,1950.195,6185.752,12973.9,1980.544,5735.906,12685.23,1976.692,5637.803,13295.03,2022.614,6146.807,12698.6,2012.767,5730.31,13035.73,1973.057,5648.592,12885.66,1984.858,5670.127,13053.49,1977.858,6109.319,12828.74,2009.544,5581.363,13211.67,1963.221,6143.44,12952.21,1969.389,6095.033,13143.9,1979.789,6066.315,12779.97,1989.36,5668.78,12990.5,2042.597,5398.308
13054.95,1983.353,5546.092,12993.42,1950.195,6185.594,12973.31,1980.544,5735.307,12684.88,1976.692,5637.045,13294.2,2022.614,6146.674,12698.25,2012.767,5729.547,13035.11,1973.057,5648.029,12885.37,1984.858,5669.34,13052.66,1977.858,6109.199,12828.67,2009.544,5580.529,13210.83,1963.221,6143.362,12951.4,1969.389,6094.805,13143.08,1979.789,6066.159,12779.7,1989.36,5667.989,12989.74,2042.597,5397.955
13054.32,1983.353,5545.577,12992.63,1950.195,6185.416,12972.76,1980.544,5734.715,12684.56,1976.692,5636.301,13293.41,2022.614,6146.521,12697.95,2012.767,5728.799,13034.49,1973.057,5647.506,12885.12,1984.858,5668.57,13051.87,1977.858,6109.057,12828.62,2009.544,5579.722,13210.03,1963.221,6143.26,12950.63,1969.389,6094.558,13142.29,1979.789,6065.983,12779.42,1989.36,5667.229,12989.02,2042.597,5397.59
13053.7,1983.353,5545.094,12991.87,1950.195,6185.217,12972.27,1980.544,5734.1,12684.27,1976.692,5635.566,13292.64,2022.614,6146.345,12697.64,2012.767,5728.07,13033.91,1973.057,5646.978,12884.9,1984.858,5667.813,13051.09,1977.858,6108.893,12828.59,2009.544,5578.933,13209.25,1963.221,6143.135,12949.89,1969.389,6094.293,13141.53,1979.789,6065.786,12779.17,1989.36,5666.482,12988.32,2042.597,5397.21
13053.11,1983.353,5544.609,12991.14,1950.195,6185.001,12971.77,1980.544,5733.521,12684.02,1976.692,5634.848,13291.9,2022.614,6146.152,12697.38,2012.767,5727.357,13033.36,1973.057,5646.449,12884.71,1984.858,5667.077,13050.36,1977.858,6108.71,12828.58,2009.544,5578.172,13208.51,1963.221,6142.99,12949.18,1969.389,6094.015,13140.79,1979.789,6065.572,12778.94,1989.36,5665.756,12987.67,2042.597,5396.823
13052.56,1983.353,5544.121,12990.43,1950.195,6184.809,12971.28,1980.544,5732.977,12683.74,1976.692,5634.167,13291.18,2022.614,6145.988,12697.12,2012.767,5726.667,13032.79,1973.057,5645.984,12884.55,1984.858,5666.358,13049.64,1977.858,6108.528,12828.55,2009.544,5577.437,13207.79,1963.221,6142.838,12948.49,1969.389,6093.768,13140.08,1979.789,6065.388,12778.66,1989.36,5665.074,12987.03,2042.597,5396.463
13052.02,1983.353,5543.657,12989.75,1950.195,6184.601,12970.81,1980.544,5732.443,12683.44,1976.692,5633.519,13290.48,2022.614,6145.87,12696.85,2012.767,5726.006,13032.24,1973.057,5645.532,12884.41,1984.858,5665.659,13048.94,1977.858,6108.421,12828.5,2009.544,5576.727,13207.08,1963.221,6142.756,12947.82,1969.389,6093.508,13139.39,1979.789,6065.232,12778.41,1989.36,5664.407,12986.41,2042.597,5396.107
13051.54,1983.353,5543.154,12989.1,1950.195,6184.352,12970.33,1980.544,5731.94,12683.17,1976.692,5632.881,13289.8,2022.614,6145.727,12696.56,2012.767,5725.381,13031.72,1973.057,5645.075,12884.3,1984.858,5664.975,13048.26,1977.858,6108.294,12828.42,2009.544,5576.039,13206.39,1963.221,6142.653,12947.19,1969.389,6093.231,13138.72,1979.789,6065.05,12778.19,1989.36,5663.751,12985.81,2042.597,5395.765
13051.07,1983.353,5542.677,12988.5,1950.195,6184.041,12969.88,1980.544,5731.439,12682.87,1976.692,5632.28,13289.14,2022.614,6145.608,12696.29,2012.767,5724.763,13031.23,1973.057,5644.614,12884.22,1984.858,5664.306,13047.6,1977.858,6108.149,12828.33,2009.544,5575.372,13205.73,1963.221,6142.532,12946.56,1969.389,6092.982,13138.08,1979.789,6064.849,12778,1989.36,5663.105,12985.26,2042.597,5395.37
13050.6,1983.353,5542.222,12987.91,1950.195,6183.757,12969.43,1980.544,5730.961,12682.59,1976.692,5631.685,13288.5,2022.614,6145.473,12696.05,2012.767,5724.154,13030.72,1973.057,5644.192,12884.16,1984.858,5663.653,13046.96,1977.858,6107.988,12828.21,2009.544,5574.727,13205.09,1963.221,6142.393,12945.96,1969.389,6092.728,13137.45,1979.789,6064.66,12777.83,1989.36,5662.472,12984.72,2042.597,5395.004
13050,1983.353,5541.636,12987.15,1950.195,6183.419,12968.84,1980.544,5730.37,12682.27,1976.692,5630.917,13287.69,2022.614,6145.273,12695.69,2012.767,5723.398,13030.1,1973.057,5643.633,12884.11,1984.858,5662.82,13046.16,1977.858,6107.756,12827.93,2009.544,5573.94,13204.26,1963.221,6142.261,12945.21,1969.389,6092.365,13136.65,1979.789,6064.404,12777.74,1989.36,5661.641,12984.01,2042.597,5394.56
13049.62,1983.353,5541.286,12986.67,1950.195,6183.225,12968.47,1980.544,5730.015,12682.08,1976.692,5630.434,13287.21,2022.614,6145.085,12695.49,2012.767,5722.923,13029.73,1973.057,5643.274,12884.09,1984.858,5662.302,13045.67,1977.858,6107.598,12827.77,2009.544,5573.448,13203.76,1963.221,6142.163,12944.73,1969.389,6092.155,13136.17,1979.789,6064.227,12777.67,1989.36,5661.128,12983.6,2042.597,5394.241
13049.28,1983.353,5540.951,12986.22,1950.195,6183.06,12968.12,1980.544,5729.682,12681.92,1976.692,5629.983,13286.76,2022.614,6144.926,12695.31,2012.767,5722.479,13029.38,1973.057,5642.956,12884.08,1984.858,5661.825,13045.22,1977.858,6107.437,12827.64,2009.544,5572.99,13203.29,1963.221,6142.057,12944.29,1969.389,6091.976,13135.72,1979.789,6064.062,12777.6,1989.36,5660.656,12983.22,2042.597,5393.96
13048.86,1983.353,5540.563,12985.68,1950.195,6182.879,12967.76,1980.544,5729.241,12681.74,1976.692,5629.441,13286.21,2022.614,6144.754,12695.11,2012.767,5721.942,13028.91,1973.057,5642.624,12884.09,1984.858,5661.252,13044.69,1977.858,6107.228,12827.49,2009.544,5572.436,13202.74,1963.221,6141.912,12943.73,1969.389,6091.852,13135.18,1979.789,6063.881,12777.5,1989.36,5660.091,12982.74,2042.597,5393.638
13048.44,1983.353,5540.201,12985.15,1950.195,6182.72,12967.42,1980.544,5728.801,12681.58,1976.692,5628.91,13285.69,2022.614,6144.569,12694.94,2012.767,5721.415,13028.47,1973.057,5642.288,12884.07,1984.858,5660.698,13044.18,1977.858,6107.008,12827.37,2009.544,5571.895,13202.19,1963.221,6141.815,12943.19,1969.389,6091.715,13134.65,1979.789,6063.717,12777.46,1989.36,5659.538,12982.28,2042.597,5393.341
13048.02,1983.353,5539.863,12984.63,1950.195,6182.582,12967.11,1980.544,5728.363,12681.44,1976.692,5628.389,13285.19,2022.614,6144.37,12694.78,2012.767,5720.898,13028.05,1973.057,5641.948,12884.04,1984.858,5660.16,13043.69,1977.858,6106.78,12827.26,2009.544,5571.366,13201.66,1963.221,6141.703,12942.67,1969.389,6091.564,13134.12,1979.789,6063.61,12777.41,1989.36,5659.001,12981.81,2042.597,5393.067
13047.61,1983.353,5539.533,12984.12,1950.195,6182.464,12966.81,1980.544,5727.93,12681.32,1976.692,5627.881,13284.71,2022.614,6144.167,12694.65,2012.767,5720.394,13027.66,1973.057,5641.605,12883.99,1984.858,5659.641,13043.22,1977.858,6106.544,12827.17,2009.544,5570.852,13201.16,1963.221,6141.579,12942.18,1969.389,6091.403,13133.61,1979.789,6063.497,12777.37,1989.36,5658.481,12981.35,2042.597,5392.818
13047.23,1983.353,5539.202,12983.63,1950.195,6182.334,12966.55,1980.544,5727.503,12681.22,1976.692,5627.387,13284.24,2022.614,6143.987,12694.54,2012.767,5719.902,13027.28,1973.057,5641.266,12883.92,1984.858,5659.141,13042.77,1977.858,6106.332,12827.1,2009.544,5570.354,13200.67,1963.221,6141.465,12941.7,1969.389,6091.239,13133.12,1979.789,6063.372,12777.31,1989.36,5657.981,12980.9,2042.597,5392.591
13046.88,1983.353,5538.868,12983.16,1950.195,6182.192,12966.29,1980.544,5727.087,12681.15,1976.692,5626.902,13283.78,2022.614,6143.796,12694.43,2012.767,5719.424,13026.93,1973.057,5640.924,12883.85,1984.858,5658.657,13042.31,1977.858,6106.14,12827.05,2009.544,5569.866,13200.19,1963.221,6141.338,12941.24,1969.389,6091.065,13132.65,1979.789,6063.235,12777.24,1989.36,5657.495,12980.45,2042.597,5392.404
13046.53,1983.353,5538.527,12982.71,1950.195,6182.037,12966.04,1980.544,5726.67,12681.05,1976.692,5626.429,13283.34,2022.614,6143.611,12694.32,2012.767,5718.954,13026.59,1973.057,5640.584,12883.76,1984.858,5658.183,13041.88,1977.858,6105.936,12827.01,2009.544,5569.385,13199.73,1963.221,6141.199,12940.8,1969.389,6090.879,13132.19,1979.789,6063.085,12777.19,1989.36,5657.015,12980.01,2042.597,5392.205
13046.22,1983.353,5538.198,12982.28,1950.195,6181.878,12965.81,1980.544,5726.28,12680.97,1976.692,5625.982,13282.93,2022.614,6143.423,12694.22,2012.767,5718.512,13026.28,1973.057,5640.255,12883.66,1984.858,5657.741,13041.46,1977.858,6105.758,12826.99,2009.544,5568.933,13199.3,1963.221,6141.054,12940.39,1969.389,6090.691,13131.76,1979.789,6062.93,12777.15,1989.36,5656.564,12979.58,2042.597,5392.061
13045.97,1983.353,5537.831,12981.87,1950.195,6181.708,12965.6,1980.544,5725.89,12680.92,1976.692,5625.542,13282.53,2022.614,6143.225,12694.14,2012.767,5718.074,13025.98,1973.057,5639.921,12883.55,1984.858,5657.31,13041.04,1977.858,6105.597,12826.98,2009.544,5568.488,13198.89,1963.221,6140.898,12939.99,1969.389,6090.493,13131.35,1979.789,6062.765,12777.1,1989.36,5656.122,12979.16,2042.597,5391.905
13045.71,1983.353,5537.483,12981.48,1950.195,6181.53,12965.41,1980.544,5725.503,12680.87,1976.692,5625.111,13282.15,2022.614,6143.021,12694.07,2012.767,5717.647,13025.71,1973.057,5639.588,12883.43,1984.858,5656.894,13040.64,1977.858,6105.454,12826.98,2009.544,5568.056,13198.49,1963.221,6140.733,12939.6,1969.389,6090.292,13130.96,1979.789,6062.591,12777.08,1989.36,5655.69,12978.76,2042.597,5391.74
13045.49,1983.353,5537.125,12981.09,1950.195,6181.361,12965.23,1980.544,5725.123,12680.82,1976.692,5624.694,13281.78,2022.614,6142.81,12694.02,2012.767,5717.23,13025.43,1973.057,5639.271,12883.31,1984.858,5656.492,13040.24,1977.858,6105.328,12826.99,2009.544,5567.636,13198.1,1963.221,6140.56,12939.23,1969.389,6090.101,13130.58,1979.789,6062.409,12777.04,1989.36,5655.272,12978.37,2042.597,5391.606
13045.27,1983.353,5536.785,12980.72,1950.195,6181.186,12965.05,1980.544,5724.757,12680.79,1976.692,5624.287,13281.44,2022.614,6142.593,12693.99,2012.767,5716.824,13025.18,1973.057,5638.954,12883.18,1984.858,5656.104,13039.85,1977.858,6105.193,12827.02,2009.544,5567.229,13197.74,1963.221,6140.38,12938.87,1969.389,6089.916,13130.21,1979.789,6062.221,12776.99,1989.36,5654.867,12977.98,2042.597,5391.463
13045.06,1983.353,5536.447,12980.37,1950.195,6181.003,12964.86,1980.544,5724.408,12680.77,1976.692,5623.89,13281.11,2022.614,6142.372,12693.96,2012.767,5716.427,13024.94,1973.057,5638.637,12883.07,1984.858,5655.723,13039.48,1977.858,6105.049,12827.03,2009.544,5566.832,13197.39,1963.221,6140.194,12938.51,1969.389,6089.742,13129.87,1979.789,6062.026,12776.92,1989.36,5654.476,12977.61,2042.597,5391.338
13044.78,1983.353,5536.028,12979.93,1950.195,6180.756,12964.63,1980.544,5723.956,12680.76,1976.692,5623.385,13280.7,2022.614,6142.077,12693.94,2012.767,5715.922,13024.65,1973.057,5638.225,12882.95,1984.858,5655.233,13039.02,1977.858,6104.851,12827.03,2009.544,5566.327,13196.95,1963.221,6139.942,12938.06,1969.389,6089.505,13129.44,1979.789,6061.764,12776.85,1989.36,5653.976,12977.13,2042.597,5391.165
13044.6,1983.353,5535.774,12979.66,1950.195,6180.595,12964.5,1980.544,5723.672,12680.74,1976.692,5623.073,13280.45,2022.614,6141.889,12693.9,2012.767,5715.612,13024.47,1973.057,5637.963,12882.86,1984.858,5654.933,13038.73,1977.858,6104.719,12827.02,2009.544,5566.014,13196.68,1963.221,6139.777,12937.79,1969.389,6089.35,13129.17,1979.789,6061.593,12776.79,1989.36,5653.669,12976.84,2042.597,5391.047
13044.42,1983.353,5535.545,12979.42,1950.195,6180.438,12964.37,1980.544,5723.417,12680.73,1976.692,5622.785,13280.22,2022.614,6141.707,12693.86,2012.767,5715.327,13024.29,1973.057,5637.738,12882.79,1984.858,5654.652,13038.48,1977.858,6104.588,12827,2009.544,5565.726,13196.44,1963.221,6139.617,12937.55,1969.389,6089.199,13128.94,1979.789,6061.428,12776.74,1989.36,5653.384,12976.58,2042.597,5390.941
13044.24,1983.353,5535.25,12979.14,1950.195,6180.238,12964.17,1980.544,5723.127,12680.72,1976.692,5622.437,13279.96,2022.614,6141.479,12693.81,2012.767,5714.981,13024.07,1973.057,5637.474,12882.72,1984.858,5654.313,13038.17,1977.858,6104.421,12826.97,2009.544,5565.379,13196.16,1963.221,6139.415,12937.26,1969.389,6089.007,13128.66,1979.789,6061.219,12776.7,1989.36,5653.039,12976.26,2042.597,5390.803
13044.05,1983.353,5534.973,12978.86,1950.195,6180.056,12963.99,1980.544,5722.851,12680.72,1976.692,5622.102,13279.71,2022.614,6141.252,12693.78,2012.767,5714.648,13023.86,1973.057,5637.212,12882.63,1984.858,5653.988,13037.88,1977.858,6104.251,12826.92,2009.544,5565.047,13195.89,1963.221,6139.212,12936.98,1969.389,6088.813,13128.4,1979.789,6061.01,12776.66,1989.36,5652.706,12975.94,2042.597,5390.695
13043.81,1983.353,5534.64,12978.5,1950.195,6179.843,12963.76,1980.544,5722.506,12680.75,1976.692,5621.692,13279.42,2022.614,6140.964,12693.76,2012.767,5714.238,13023.61,1973.057,5636.884,12882.54,1984.858,5653.589,13037.54,1977.858,6104.032,12826.86,2009.544,5564.643,13195.58,1963.221,6138.952,12936.63,1969.389,6088.599,13128.09,1979.789,6060.743,12776.63,1989.36,5652.297,12975.55,2042.597,5390.569
13043.68,1983.353,5534.418,12978.28,1950.195,6179.716,12963.63,1980.544,5722.284,12680.77,1976.692,5621.435,13279.24,2022.614,6140.777,12693.75,2012.767,5713.98,13023.46,1973.057,5636.673,12882.47,1984.858,5653.34,13037.32,1977.858,6103.887,12826.82,2009.544,5564.387,13195.38,1963.221,6138.782,12936.42,1969.389,6088.457,13127.9,1979.789,6060.568,12776.58,1989.36,5652.043,12975.3,2042.597,5390.481
13043.57,1983.353,5534.239,12978.1,1950.195,6179.607,12963.53,1980.544,5722.102,12680.78,1976.692,5621.227,13279.1,2022.614,6140.622,12693.75,2012.767,5713.772,13023.34,1973.057,5636.507,12882.42,1984.858,5653.137,13037.15,1977.858,6103.764,12826.79,2009.544,5564.181,13195.23,1963.221,6138.645,12936.25,1969.389,6088.336,13127.74,1979.789,6060.432,12776.55,1989.36,5651.838,12975.11,2042.597,5390.404
13043.34,1983.353,5533.878,12977.74,1950.195,6179.373,12963.34,1980.544,5721.72,12680.79,1976.692,5620.798,13278.87,2022.614,6140.263,12693.78,2012.767,5713.344,13023.08,1973.057,5636.163,12882.34,1984.858,5652.717,13036.82,1977.858,6103.501,12826.71,2009.544,5563.759,13194.91,1963.221,6138.351,12935.91,1969.389,6088.078,13127.43,1979.789,6060.14,12776.46,1989.36,5651.418,12974.7,2042.597,5390.28
13043.12,1983.353,5533.563,12977.43,1950.195,6179.153,12963.15,1980.544,5721.385,12680.81,1976.692,5620.417,13278.65,2022.614,6139.951,12693.81,2012.767,5712.963,13022.86,1973.057,5635.85,12882.25,1984.858,5652.345,13036.51,1977.858,6103.265,12826.66,2009.544,5563.381,13194.64,1963.221,6138.08,12935.61,1969.389,6087.837,13127.15,1979.789,6059.872,12776.4,1989.36,5651.042,12974.34,2042.597,5390.158
13043,1983.353,5533.396,12977.27,1950.195,6179.027,12963.05,1980.544,5721.202,12680.83,1976.692,5620.209,13278.52,2022.614,6139.785,12693.83,2012.767,5712.756,13022.75,1973.057,5635.675,12882.23,1984.858,5652.138,13036.36,1977.858,6103.131,12826.63,2009.544,5563.174,13194.5,1963.221,6137.928,12935.45,1969.389,6087.701,13127.01,1979.789,6059.72,12776.37,1989.36,5650.836,12974.14,2042.597,5390.084
13042.82,1983.353,5533.145,12977.03,1950.195,6178.837,12962.92,1980.544,5720.929,12680.84,1976.692,5619.904,13278.33,2022.614,6139.547,12693.85,2012.767,5712.451,13022.56,1973.057,5635.44,12882.18,1984.858,5651.836,13036.13,1977.858,6102.928,12826.59,2009.544,5562.873,13194.27,1963.221,6137.726,12935.23,1969.389,6087.494,13126.79,1979.789,6059.505,12776.32,1989.36,5650.534,12973.86,2042.597,5389.968
13042.63,1983.353,5532.885,12976.78,1950.195,6178.633,12962.75,1980.544,5720.653,12680.85,1976.692,5619.582,13278.12,2022.614,6139.303,12693.86,2012.767,5712.129,13022.36,1973.057,5635.187,12882.15,1984.858,5651.516,13035.86,1977.858,6102.747,12826.55,2009.544,5562.553,13194.04,1963.221,6137.504,12934.97,1969.389,6087.3,13126.6,1979.789,6059.249,12776.29,1989.36,5650.214,12973.57,2042.597,5389.835
13042.53,1983.353,5532.707,12976.61,1950.195,6178.506,12962.65,1980.544,5720.471,12680.84,1976.692,5619.374,13278,2022.614,6139.134,12693.86,2012.767,5711.921,13022.23,1973.057,5635.018,12882.12,1984.858,5651.31,13035.69,1977.858,6102.625,12826.52,2009.544,5562.347,13193.89,1963.221,6137.356,12934.81,1969.389,6087.169,13126.47,1979.789,6059.087,12776.27,1989.36,5650.007,12973.38,2042.597,5389.743
13042.4,1983.353,5532.499,12976.43,1950.195,6178.352,12962.54,1980.544,5720.256,12680.84,1976.692,5619.132,13277.85,2022.614,6138.943,12693.86,2012.767,5711.679,13022.1,1973.057,5634.818,12882.07,1984.858,5651.072,13035.5,1977.858,6102.477,12826.47,2009.544,5562.111,13193.73,1963.221,6137.18,12934.63,1969.389,6087.011,13126.31,1979.789,6058.905,12776.23,1989.36,5649.768,12973.17,2042.597,5389.623
13042.29,1983.353,5532.292,12976.25,1950.195,6178.194,12962.43,1980.544,5720.043,12680.84,1976.692,5618.895,13277.71,2022.614,6138.755,12693.86,2012.767,5711.441,13021.97,1973.057,5634.618,12882.02,1984.858,5650.84,13035.32,1977.858,6102.325,12826.39,2009.544,5561.884,13193.57,1963.221,6137,12934.44,1969.389,6086.865,13126.17,1979.789,6058.711,12776.19,1989.36,5649.534,12972.98,2042.597,5389.489
13042.17,1983.353,5532.093,12976.07,1950.195,6178.045,12962.33,1980.544,5719.832,12680.84,1976.692,5618.662,13277.56,2022.614,6138.576,12693.86,2012.767,5711.208,13021.85,1973.057,5634.417,12881.98,1984.858,5650.61,13035.15,1977.858,6102.17,12826.32,2009.544,5561.662,13193.42,1963.221,6136.82,12934.26,1969.389,6086.716,13126.03,1979.789,6058.527,12776.15,1989.36,5649.305,12972.78,2042.597,5389.365
13042.04,1983.353,5531.906,12975.9,1950.195,6177.896,12962.25,1980.544,5719.625,12680.83,1976.692,5618.438,13277.4,2022.614,6138.422,12693.84,2012.767,5710.985,13021.74,1973.057,5634.223,12881.94,1984.858,5650.391,13034.98,1977.858,6102.024,12826.26,2009.544,5561.447,13193.28,1963.221,6136.652,12934.09,1969.389,6086.568,13125.89,1979.789,6058.354,12776.1,1989.36,5649.087,12972.59,2042.597,5389.251
13041.93,1983.353,5531.723,12975.75,1950.195,6177.749,12962.17,1980.544,5719.425,12680.81,1976.692,5618.225,13277.25,2022.614,6138.27,12693.84,2012.767,5710.771,13021.64,1973.057,5634.038,12881.91,1984.858,5650.179,13034.82,1977.858,6101.879,12826.19,2009.544,5561.245,13193.13,1963.221,6136.499,12933.94,1969.389,6086.42,13125.75,1979.789,6058.19,12776.06,1989.36,5648.877,12972.41,2042.597,5389.127
13041.81,1983.353,5531.544,12975.6,1950.195,6177.596,12962.1,1980.544,5719.225,12680.77,1976.692,5618.016,13277.1,2022.614,6138.112,12693.82,2012.767,5710.558,13021.54,1973.057,5633.849,12881.88,1984.858,5649.968,13034.67,1977.858,6101.729,12826.13,2009.544,5561.041,13192.98,1963.221,6136.341,12933.78,1969.389,6086.273,13125.61,1979.789,6058.027,12776.02,1989.36,5648.666,12972.23,2042.597,5389.009
13041.71,1983.353,5531.367,12975.44,1950.195,6177.457,12962.02,1980.544,5719.03,12680.73,1976.692,5617.812,13276.97,2022.614,6137.955,12693.8,2012.767,5710.35,13021.44,1973.057,5633.662,12881.85,1984.858,5649.762,13034.52,1977.858,6101.585,12826.07,2009.544,5560.84,13192.83,1963.221,6136.202,12933.64,1969.389,6086.125,13125.47,1979.789,6057.873,12775.98,1989.36,5648.462,12972.06,2042.597,5388.9
13041.6,1983.353,5531.185,12975.29,1950.195,6177.312,12961.95,1980.544,5718.834,12680.69,1976.692,5617.606,13276.83,2022.614,6137.8,12693.78,2012.767,5710.143,13021.34,1973.057,5633.479,12881.83,1984.858,5649.554,13034.37,1977.858,6101.436,12826.03,2009.544,5560.637,13192.68,1963.221,6136.057,12933.49,1969.389,6085.973,13125.33,1979.789,6057.723,12775.95,1989.36,5648.256,12971.88,2042.597,5388.796
13041.48,1983.353,5530.987,12975.13,1950.195,6177.146,12961.88,1980.544,5718.614,12680.66,1976.692,5617.376,13276.69,2022.614,6137.609,12693.75,2012.767,5709.914,13021.24,1973.057,5633.271,12881.8,1984.858,5649.325,13034.21,1977.858,6101.266,12825.98,2009.544,5560.411,13192.52,1963.221,6135.892,12933.33,1969.389,6085.806,13125.16,1979.789,6057.563,12775.92,1989.36,5648.027,12971.68,2042.597,5388.674
13041.38,1983.353,5530.806,12974.98,1950.195,6177.008,12961.8,1980.544,5718.422,12680.64,1976.692,5617.169,13276.57,2022.614,6137.442,12693.73,2012.767,5709.706,13021.16,1973.057,5633.081,12881.76,1984.858,5649.119,13034.07,1977.858,6101.115,12825.92,2009.544,5560.209,13192.38,1963.221,6135.738,12933.19,1969.389,6085.652,13125.01,1979.789,6057.419,12775.92,1989.36,5647.818,12971.5,2042.597,5388.569
13041.26,1983.353,5530.634,12974.83,1950.195,6176.864,12961.73,1980.544,5718.227,12680.63,1976.692,5616.961,13276.44,2022.614,6137.277,12693.7,2012.767,5709.5,13021.09,1973.057,5632.883,12881.72,1984.858,5648.915,13033.92,1977.858,6100.965,12825.88,2009.544,5560.006,13192.22,1963.221,6135.603,12933.07,1969.389,6085.484,13124.86,1979.789,6057.271,12775.91,1989.36,5647.61,12971.32,2042.597,5388.471
13041.15,1983.353,5530.459,12974.68,1950.195,6176.716,12961.66,1980.544,5718.029,12680.63,1976.692,5616.753,13276.31,2022.614,6137.117,12693.66,2012.767,5709.295,13021.02,1973.057,5632.687,12881.67,1984.858,5648.711,13033.79,1977.858,6100.811,12825.84,2009.544,5559.802,13192.06,1963.221,6135.462,12932.94,1969.389,6085.32,13124.72,1979.789,6057.124,12775.9,1989.36,5647.402,12971.13,2042.597,5388.378
13041.04,1983.353,5530.28,12974.53,1950.195,6176.572,12961.58,1980.544,5717.84,12680.61,1976.692,5616.545,13276.19,2022.614,6136.948,12693.63,2012.767,5709.089,13020.95,1973.057,5632.493,12881.63,1984.858,5648.507,13033.65,1977.858,6100.651,12825.8,2009.544,5559.597,13191.91,1963.221,6135.317,12932.81,1969.389,6085.161,13124.57,1979.789,6056.971,12775.88,1989.36,5647.195,12970.95,2042.597,5388.278
13040.91,1983.353,5530.036,12974.33,1950.195,6176.373,12961.47,1980.544,5717.583,12680.62,1976.692,5616.266,13276.01,2022.614,6136.728,12693.6,2012.767,5708.812,13020.84,1973.057,5632.236,12881.61,1984.858,5648.229,13033.46,1977.858,6100.443,12825.76,2009.544,5559.32,13191.72,1963.221,6135.116,12932.66,1969.389,6084.922,13124.39,1979.789,6056.76,12775.84,1989.36,5646.917,12970.7,2042.597,5388.153
13040.75,1983.353,5529.73,12974.1,1950.195,6176.12,12961.34,1980.544,5717.263,12680.61,1976.692,5615.922,13275.83,2022.614,6136.441,12693.56,2012.767,5708.47,13020.69,1973.057,5631.925,12881.57,1984.858,5647.887,13033.25,1977.858,6100.179,12825.72,2009.544,5558.979,13191.49,1963.221,6134.861,12932.47,1969.389,6084.636,13124.16,1979.789,6056.506,12775.81,1989.36,5646.576,12970.4,2042.597,5387.975
13040.65,1983.353,5529.548,12973.96,1950.195,6175.966,12961.26,1980.544,5717.073,12680.61,1976.692,5615.714,13275.72,2022.614,6136.264,12693.55,2012.767,5708.262,13020.61,1973.057,5631.733,12881.54,1984.858,5647.681,13033.1,1977.858,6100.027,12825.71,2009.544,5558.771,13191.34,1963.221,6134.715,12932.35,1969.389,6084.466,13124.03,1979.789,6056.347,12775.8,1989.36,5646.368,12970.23,2042.597,5387.859
13040.34,1983.353,5529.023,12973.54,1950.195,6175.516,12961.02,1980.544,5716.507,12680.6,1976.692,5615.102,13275.38,2022.614,6135.753,12693.54,2012.767,5707.65,13020.35,1973.057,5631.179,12881.53,1984.858,5647.069,13032.7,1977.858,6099.568,12825.72,2009.544,5558.16,13190.92,1963.221,6134.271,12931.98,1969.389,6083.978,13123.61,1979.789,6055.895,12775.77,1989.36,5645.756,12969.71,2042.597,5387.534
13040.1,1983.353,5528.609,12973.23,1950.195,6175.157,12960.86,1980.544,5716.063,12680.6,1976.692,5614.628,13275.1,2022.614,6135.367,12693.54,2012.767,5707.176,13020.13,1973.057,5630.756,12881.51,1984.858,5646.596,13032.4,1977.858,6099.202,12825.71,2009.544,5557.686,13190.58,1963.221,6133.939,12931.68,1969.389,6083.61,13123.27,1979.789,6055.573,12775.77,1989.36,5645.282,12969.3,2042.597,5387.296
13039.88,1983.353,5528.24,12972.95,1950.195,6174.832,12960.71,1980.544,5715.659,12680.57,1976.692,5614.198,13274.84,2022.614,6135.024,12693.49,2012.767,5706.747,13019.93,1973.057,5630.375,12881.48,1984.858,5646.165,13032.11,1977.858,6098.877,12825.69,2009.544,5557.254,13190.28,1963.221,6133.634,12931.38,1969.389,6083.3,13122.96,1979.789,6055.269,12775.78,1989.36,5644.85,12968.92,2042.597,5387.091
13039.61,1983.353,5527.713,12972.57,1950.195,6174.372,12960.52,1980.544,5715.096,12680.54,1976.692,5613.604,13274.49,2022.614,6134.547,12693.43,2012.767,5706.156,13019.61,1973.057,5629.877,12881.43,1984.858,5645.573,13031.71,1977.858,6098.445,12825.64,2009.544,5556.663,13189.87,1963.221,6133.2,12930.95,1969.389,6082.897,13122.55,1979.789,6054.838,12775.78,1989.36,5644.256,12968.4,2042.597,5386.802
13039.17,1983.353,5526.944,12972.05,1950.195,6173.662,12960.32,1980.544,5714.236,12680.43,1976.692,5612.729,13273.94,2022.614,6133.856,12693.38,2012.767,5705.275,13019.15,1973.057,5629.124,12881.33,1984.858,5644.696,13031.05,1977.858,6097.855,12825.6,2009.544,5555.781,13189.29,1963.221,6132.535,12930.32,1969.389,6082.278,13121.97,1979.789,6054.177,12775.74,1989.36,5643.375,12967.62,2042.597,5386.398
13038.94,1983.353,5526.556,12971.77,1950.195,6173.305,12960.2,1980.544,5713.798,12680.39,1976.692,5612.277,13273.67,2022.614,6133.492,12693.29,2012.767,5704.832,13018.93,1973.057,5628.729,12881.29,1984.858,5644.244,13030.72,1977.858,6097.542,12825.57,2009.544,5555.329,13189,1963.221,6132.184,12930,1969.389,6081.95,13121.65,1979.789,6053.848,12775.71,1989.36,5642.922,12967.21,2042.597,5386.204
13038.65,1983.353,5526.104,12971.42,1950.195,6172.892,12960.04,1980.544,5713.283,12680.36,1976.692,5611.739,13273.4,2022.614,6133.025,12693.19,2012.767,5704.301,13018.64,1973.057,5628.27,12881.31,1984.858,5643.706,13030.34,1977.858,6097.158,12825.54,2009.544,5554.79,13188.61,1963.221,6131.821,12929.65,1969.389,6081.547,13121.24,1979.789,6053.499,12775.66,1989.36,5642.386,12966.73,2042.597,5385.964
13038.06,1983.353,5525.268,12970.74,1950.195,6172.13,12959.62,1980.544,5712.353,12680.27,1976.692,5610.721,13272.86,2022.614,6132.157,12693.05,2012.767,5703.289,13018.14,1973.057,5627.383,12881.31,1984.858,5642.684,13029.65,1977.858,6096.407,12825.48,2009.544,5553.77,13187.87,1963.221,6131.108,12928.99,1969.389,6080.763,13120.49,1979.789,6052.813,12775.58,1989.36,5641.368,12965.85,2042.597,5385.438
13037.6,1983.353,5524.561,12970.16,1950.195,6171.519,12959.29,1980.544,5711.574,12680.16,1976.692,5609.883,13272.39,2022.614,6131.455,12692.87,2012.767,5702.464,13017.72,1973.057,5626.651,12881.28,1984.858,5641.84,13029.1,1977.858,6095.769,12825.36,2009.544,5552.935,13187.29,1963.221,6130.5,12928.43,1969.389,6080.132,13119.81,1979.789,6052.308,12775.54,1989.36,5640.524,12965.11,2042.597,5385.027
13037.09,1983.353,5523.833,12969.53,1950.195,6170.893,12958.98,1980.544,5710.742,12680.06,1976.692,5609,13271.87,2022.614,6130.731,12692.71,2012.767,5701.589,13017.3,1973.057,5625.865,12881.22,1984.858,5640.952,13028.53,1977.858,6095.078,12825.26,2009.544,5552.05,13186.69,1963.221,6129.838,12927.86,1969.389,6079.449,13119.11,1979.789,6051.753,12775.49,1989.36,5639.635,12964.32,2042.597,5384.619
13036.57,1983.353,5523.046,12968.84,1950.195,6170.253,12958.67,1980.544,5709.853,12679.97,1976.692,5608.062,13271.37,2022.614,6129.938,12692.57,2012.767,5700.658,13016.83,1973.057,5625.048,12881.12,1984.858,5640.015,13027.96,1977.858,6094.329,12825.19,2009.544,5551.111,13186.04,1963.221,6129.159,12927.34,1969.389,6078.663,13118.4,1979.789,6051.143,12775.41,1989.36,5638.697,12963.49,2042.597,5384.177
13035.93,1983.353,5522.293,12968.14,1950.195,6169.56,12958.38,1980.544,5708.912,12680.03,1976.692,5607.078,13270.81,2022.614,6129.125,12692.45,2012.767,5699.68,13016.34,1973.057,5624.19,12881.01,1984.858,5639.037,13027.34,1977.858,6093.566,12825.22,2009.544,5550.127,13185.38,1963.221,6128.427,12926.77,1969.389,6077.858,13117.65,1979.789,6050.498,12775.47,1989.36,5637.714,12962.61,2042.597,5383.744
13035.2,1983.353,5521.359,12967.32,1950.195,6168.696,12958.04,1980.544,5707.771,12680.07,1976.692,5605.889,13270.1,2022.614,6128.167,12692.35,2012.767,5698.494,13015.79,1973.057,5623.14,12880.91,1984.858,5637.851,13026.64,1977.858,6092.605,12825.21,2009.544,5548.938,13184.59,1963.221,6127.542,12926.05,1969.389,6076.91,13116.78,1979.789,6049.689,12775.61,1989.36,5636.532,12961.52,2042.597,5383.255
13034.57,1983.353,5520.513,12966.58,1950.195,6167.95,12957.76,1980.544,5706.756,12680.06,1976.692,5604.837,13269.52,2022.614,6127.29,12692.3,2012.767,5697.443,13015.16,1973.057,5622.295,12880.79,1984.858,5636.806,13025.99,1977.858,6091.777,12825.17,2009.544,5547.886,13183.79,1963.221,6126.85,12925.39,1969.389,6076.093,13116.03,1979.789,6048.949,12775.73,1989.36,5635.487,12960.61,2042.597,5382.731
13034.13,1983.353,5519.96,12966.1,1950.195,6167.435,12957.55,1980.544,5706.083,12680.08,1976.692,5604.133,13269.11,2022.614,6126.715,12692.24,2012.767,5696.741,13014.76,1973.057,5621.716,12880.64,1984.858,5636.117,13025.54,1977.858,6091.237,12825.16,2009.544,5547.182,13183.28,1963.221,6126.369,12925.02,1969.389,6075.492,13115.55,1979.789,6048.437,12775.79,1989.36,5634.786,12959.99,2042.597,5382.401
13033.56,1983.353,5519.304,12965.53,1950.195,6166.781,12957.31,1980.544,5705.25,12680.08,1976.692,5603.264,13268.59,2022.614,6126.024,12692.2,2012.767,5695.874,13014.29,1973.057,5620.987,12880.49,1984.858,5635.262,13024.96,1977.858,6090.589,12825.13,2009.544,5546.314,13182.67,1963.221,6125.755,12924.54,1969.389,6074.766,13114.97,1979.789,6047.787,12775.84,1989.36,5633.918,12959.22,2042.597,5381.994
13032.9,1983.353,5518.483,12964.86,1950.195,6165.96,12956.98,1980.544,5704.243,12680.04,1976.692,5602.206,13267.97,2022.614,6125.167,12692.18,2012.767,5694.815,13013.74,1973.057,5620.079,12880.27,1984.858,5634.227,13024.23,1977.858,6089.824,12825.18,2009.544,5545.256,13181.93,1963.221,6124.994,12923.98,1969.389,6073.87,13114.3,1979.789,6046.972,12775.86,1989.36,5632.86,12958.28,2042.597,5381.498
13032.33,1983.353,5517.744,12964.29,1950.195,6165.223,12956.66,1980.544,5703.371,12680.04,1976.692,5601.278,13267.4,2022.614,6124.434,12692.2,2012.767,5693.887,13013.26,1973.057,5619.283,12880.1,1984.858,5633.313,13023.56,1977.858,6089.174,12825.2,2009.544,5544.328,13181.31,1963.221,6124.306,12923.46,1969.389,6073.101,13113.73,1979.789,6046.239,12775.85,1989.36,5631.932,12957.46,2042.597,5381.063
13031.97,1983.353,5517.237,12963.97,1950.195,6164.688,12956.47,1980.544,5702.779,12680.04,1976.692,5600.656,13267.03,2022.614,6123.935,12692.19,2012.767,5693.265,13012.96,1973.057,5618.739,12880.02,1984.858,5632.698,13023.11,1977.858,6088.753,12825.19,2009.544,5543.707,13180.88,1963.221,6123.849,12923.1,1969.389,6072.597,13113.36,1979.789,6045.735,12775.82,1989.36,5631.311,12956.91,2042.597,5380.771
13031.55,1983.353,5516.6,12963.56,1950.195,6164.043,12956.22,1980.544,5702.059,12680.03,1976.692,5599.892,13266.57,2022.614,6123.319,12692.2,2012.767,5692.5,13012.61,1973.057,5618.058,12879.93,1984.858,5631.938,13022.56,1977.858,6088.217,12825.15,2009.544,5542.943,13180.38,1963.221,6123.271,12922.63,1969.389,6071.993,13112.92,1979.789,6045.114,12775.77,1989.36,5630.548,12956.24,2042.597,5380.413
13031.11,1983.353,5515.957,12963.12,1950.195,6163.401,12955.98,1980.544,5701.317,12680.04,1976.692,5599.113,13266.09,2022.614,6122.708,12692.19,2012.767,5691.722,13012.28,1973.057,5617.354,12879.82,1984.858,5631.167,13022.02,1977.858,6087.655,12825.1,2009.544,5542.166,13179.89,1963.221,6122.665,12922.13,1969.389,6071.394,13112.44,1979.789,6044.497,12775.73,1989.36,5629.77,12955.55,2042.597,5380.048
13030.71,1983.353,5515.318,12962.68,1950.195,6162.791,12955.77,1980.544,5700.589,12680.02,1976.692,5598.357,13265.63,2022.614,6122.113,12692.07,2012.767,5690.976,13011.96,1973.057,5616.669,12879.65,1984.858,5630.43,13021.52,1977.858,6087.092,12825.16,2009.544,5541.412,13179.44,1963.221,6122.062,12921.67,1969.389,6070.796,13111.96,1979.789,6043.913,12775.68,1989.36,5629.016,12954.88,2042.597,5379.694
13030.33,1983.353,5514.688,12962.23,1950.195,6162.212,12955.55,1980.544,5699.891,12679.99,1976.692,5597.625,13265.15,2022.614,6121.551,12691.97,2012.767,5690.25,13011.65,1973.057,5616.007,12879.5,1984.858,5629.714,13021.04,1977.858,6086.532,12825.18,2009.544,5540.679,13179.06,1963.221,6121.434,12921.2,1969.389,6070.231,13111.48,1979.789,6043.362,12775.71,1989.36,5628.284,12954.23,2042.597,5379.351
13029.96,1983.353,5514.084,12961.77,1950.195,6161.666,12955.31,1980.544,5699.221,12679.97,1976.692,5596.914,13264.7,2022.614,6121.003,12691.91,2012.767,5689.542,13011.36,1973.057,5615.354,12879.37,1984.858,5629.014,13020.6,1977.858,6085.974,12825.19,2009.544,5539.968,13178.67,1963.221,6120.836,12920.76,1969.389,6069.673,13111.03,1979.789,6042.813,12775.72,1989.36,5627.572,12953.61,2042.597,5379.017
13029.61,1983.353,5513.491,12961.32,1950.195,6161.152,12955.1,1980.544,5698.567,12679.94,1976.692,5596.229,13264.25,2022.614,6120.491,12691.86,2012.767,5688.857,13011.12,1973.057,5614.713,12879.27,1984.858,5628.336,13020.19,1977.858,6085.423,12825.17,2009.544,5539.282,13178.33,1963.221,6120.242,12920.32,1969.389,6069.148,13110.54,1979.789,6042.325,12775.72,1989.36,5626.886,12953,2042.597,5378.696
13029.28,1983.353,5512.916,12960.86,1950.195,6160.669,12954.92,1980.544,5697.929,12679.91,1976.692,5595.564,13263.82,2022.614,6119.979,12691.75,2012.767,5688.202,13010.87,1973.057,5614.099,12879.19,1984.858,5627.675,13019.82,1977.858,6084.877,12825.14,2009.544,5538.618,13177.98,1963.221,6119.677,12919.91,1969.389,6068.625,13110.09,1979.789,6041.836,12775.7,1989.36,5626.221,12952.41,2042.597,5378.384
13028.95,1983.353,5512.361,12960.4,1950.195,6160.214,12954.71,1980.544,5697.317,12679.86,1976.692,5594.921,13263.4,2022.614,6119.489,12691.63,2012.767,5687.568,13010.63,1973.057,5613.499,12879.17,1984.858,5627.031,13019.46,1977.858,6084.336,12825.08,2009.544,5537.976,13177.62,1963.221,6119.14,12919.49,1969.389,6068.132,13109.67,1979.789,6041.354,12775.67,1989.36,5625.578,12951.84,2042.597,5378.082
13028.63,1983.353,5511.824,12959.97,1950.195,6159.759,12954.52,1980.544,5696.721,12679.8,1976.692,5594.299,13263.01,2022.614,6119,12691.54,2012.767,5686.949,13010.38,1973.057,5612.925,12879.13,1984.858,5626.406,13019.11,1977.858,6083.823,12825.04,2009.544,5537.352,13177.26,1963.221,6118.631,12919.04,1969.389,6067.701,13109.27,1979.789,6040.872,12775.61,1989.36,5624.955,12951.29,2042.597,5377.789
13028.33,1983.353,5511.293,12959.52,1950.195,6159.358,12954.36,1980.544,5696.137,12679.72,1976.692,5593.697,13262.65,2022.614,6118.514,12691.41,2012.767,5686.356,13010.12,1973.057,5612.375,12879.08,1984.858,5625.802,13018.74,1977.858,6083.336,12824.99,2009.544,5536.747,13176.89,1963.221,6118.149,12918.61,1969.389,6067.273,13108.9,1979.789,6040.392,12775.57,1989.36,5624.349,12950.75,2042.597,5377.504
13028.07,1983.353,5510.77,12959.09,1950.195,6158.958,12954.13,1980.544,5695.592,12679.7,1976.692,5593.108,13262.28,2022.614,6118.055,12691.29,2012.767,5685.78,13009.89,1973.057,5611.835,12879.01,1984.858,5625.217,13018.38,1977.858,6082.875,12824.9,2009.544,5536.165,13176.46,1963.221,6117.745,12918.2,1969.389,6066.845,13108.55,1979.789,6039.915,12775.55,1989.36,5623.76,12950.22,2042.597,5377.246
13027.82,1983.353,5510.255,12958.68,1950.195,6158.558,12953.92,1980.544,5695.065,12679.72,1976.692,5592.541,13261.91,2022.614,6117.623,12691.19,2012.767,5685.221,13009.65,1973.057,5611.321,12878.95,1984.858,5624.652,13018.01,1977.858,6082.443,12824.83,2009.544,5535.601,13176.06,1963.221,6117.341,12917.83,1969.389,6066.418,13108.23,1979.789,6039.443,12775.5,1989.36,5623.193,12949.71,2042.597,5377.013
13027.66,1983.353,5509.73,12958.3,1950.195,6158.158,12953.73,1980.544,5694.549,12679.73,1976.692,5591.99,13261.59,2022.614,6117.172,12691.11,2012.767,5684.676,13009.43,1973.057,5610.815,12878.87,1984.858,5624.107,13017.64,1977.858,6082.036,12824.79,2009.544,5535.052,13175.69,1963.221,6116.938,12917.45,1969.389,6066.018,13107.94,1979.789,6038.977,12775.49,1989.36,5622.644,12949.2,2042.597,5376.798
13027.53,1983.353,5509.213,12957.91,1950.195,6157.801,12953.56,1980.544,5694.043,12679.71,1976.692,5591.457,13261.27,2022.614,6116.746,12691.04,2012.767,5684.147,13009.23,1973.057,5610.318,12878.78,1984.858,5623.581,13017.29,1977.858,6081.63,12824.76,2009.544,5534.519,13175.34,1963.221,6116.534,12917.1,1969.389,6065.618,13107.64,1979.789,6038.534,12775.46,1989.36,5622.11,12948.71,2042.597,5376.575
13027.38,1983.353,5508.716,12957.53,1950.195,6157.442,12953.41,1980.544,5693.548,12679.68,1976.692,5590.939,13260.95,2022.614,6116.342,12690.98,2012.767,5683.632,13009.06,1973.057,5609.831,12878.64,1984.858,5623.083,13016.96,1977.858,6081.232,12824.71,2009.544,5534.003,13175.01,1963.221,6116.134,12916.8,1969.389,6065.19,13107.36,1979.789,6038.104,12775.41,1989.36,5621.595,12948.24,2042.597,5376.374
13027.23,1983.353,5508.239,12957.18,1950.195,6157.082,12953.25,1980.544,5693.072,12679.67,1976.692,5590.437,13260.62,2022.614,6115.961,12690.86,2012.767,5683.145,13008.88,1973.057,5609.363,12878.51,1984.858,5622.597,13016.64,1977.858,6080.848,12824.65,2009.544,5533.504,13174.7,1963.221,6115.735,12916.53,1969.389,6064.771,13107.09,1979.789,6037.677,12775.35,1989.36,5621.096,12947.77,2042.597,5376.193
13027.07,1983.353,5507.778,12956.85,1950.195,6156.721,12953.11,1980.544,5692.604,12679.64,1976.692,5589.95,13260.27,2022.614,6115.619,12690.76,2012.767,5682.667,13008.68,1973.057,5608.915,12878.39,1984.858,5622.124,13016.31,1977.858,6080.488,12824.6,2009.544,5533.02,13174.4,1963.221,6115.35,12916.24,1969.389,6064.373,13106.82,1979.789,6037.271,12775.27,1989.36,5620.614,12947.31,2042.597,5376.034
13026.9,1983.353,5507.339,12956.51,1950.195,6156.406,12952.96,1980.544,5692.159,12679.6,1976.692,5589.481,13259.95,2022.614,6115.278,12690.68,2012.767,5682.205,13008.51,1973.057,5608.477,12878.29,1984.858,5621.664,13016,1977.858,6080.13,12824.55,2009.544,5532.552,13174.13,1963.221,6114.967,12915.96,1969.389,6063.999,13106.55,1979.789,6036.888,12775.23,1989.36,5620.146,12946.86,2042.597,5375.88
13026.72,1983.353,5506.919,12956.18,1950.195,6156.09,12952.82,1980.544,5691.724,12679.56,1976.692,5589.029,13259.64,2022.614,6114.938,12690.61,2012.767,5681.755,13008.36,1973.057,5608.047,12878.21,1984.858,5621.217,13015.72,1977.858,6079.775,12824.56,2009.544,5532.097,13173.86,1963.221,6114.605,12915.67,1969.389,6063.646,13106.27,1979.789,6036.526,12775.24,1989.36,5619.691,12946.43,2042.597,5375.731
13026.52,1983.353,5506.525,12955.87,1950.195,6155.773,12952.66,1980.544,5691.316,12679.53,1976.692,5588.589,13259.35,2022.614,6114.609,12690.55,2012.767,5681.318,13008.23,1973.057,5607.626,12878.13,1984.858,5620.784,13015.43,1977.858,6079.439,12824.55,2009.544,5531.656,13173.58,1963.221,6114.264,12915.38,1969.389,6063.314,13106.05,1979.789,6036.142,12775.25,1989.36,5619.25,12946.01,2042.597,5375.586
13026.34,1983.353,5506.135,12955.58,1950.195,6155.456,12952.5,1980.544,5690.914,12679.45,1976.692,5588.167,13259.06,2022.614,6114.291,12690.51,2012.767,5680.891,13008.09,1973.057,5607.221,12878.06,1984.858,5620.36,13015.14,1977.858,6079.123,12824.54,2009.544,5531.227,13173.31,1963.221,6113.929,12915.09,1969.389,6062.997,13105.83,1979.789,6035.775,12775.24,1989.36,5618.821,12945.61,2042.597,5375.446
13026.14,1983.353,5505.771,12955.31,1950.195,6155.146,12952.37,1980.544,5690.52,12679.39,1976.692,5587.755,13258.77,2022.614,6113.997,12690.47,2012.767,5680.477,13007.94,1973.057,5606.833,12877.94,1984.858,5619.962,13014.84,1977.858,6078.837,12824.52,2009.544,5530.811,13173.06,1963.221,6113.596,12914.84,1969.389,6062.665,13105.61,1979.789,6035.426,12775.22,1989.36,5618.405,12945.22,2042.597,5375.31
13025.96,1983.353,5505.414,12955.01,1950.195,6154.867,12952.26,1980.544,5690.133,12679.3,1976.692,5587.362,13258.49,2022.614,6113.709,12690.41,2012.767,5680.078,13007.84,1973.057,5606.442,12877.83,1984.858,5619.574,13014.55,1977.858,6078.552,12824.48,2009.544,5530.41,13172.81,1963.221,6113.282,12914.59,1969.389,6062.352,13105.38,1979.789,6035.096,12775.18,1989.36,5618.004,12944.83,2042.597,5375.178
13025.79,1983.353,5505.063,12954.72,1950.195,6154.616,12952.12,1980.544,5689.771,12679.23,1976.692,5586.979,13258.22,2022.614,6113.423,12690.35,2012.767,5679.695,13007.73,1973.057,5606.069,12877.74,1984.858,5619.196,13014.27,1977.858,6078.291,12824.43,2009.544,5530.024,13172.55,1963.221,6112.987,12914.33,1969.389,6062.058,13105.14,1979.789,6034.784,12775.14,1989.36,5617.618,12944.47,2042.597,5375.05
13025.64,1983.353,5504.716,12954.44,1950.195,6154.363,12951.99,1980.544,5689.416,12679.14,1976.692,5586.613,13257.96,2022.614,6113.149,12690.25,2012.767,5679.329,13007.61,1973.057,5605.71,12877.66,1984.858,5618.826,13013.99,1977.858,6078.03,12824.38,2009.544,5529.651,13172.32,1963.221,6112.693,12914.08,1969.389,6061.781,13104.92,1979.789,6034.481,12775.08,1989.36,5617.245,12944.11,2042.597,5374.938
13025.5,1983.353,5504.376,12954.17,1950.195,6154.109,12951.88,1980.544,5689.067,12679.05,1976.692,5586.26,13257.72,2022.614,6112.878,12690.18,2012.767,5678.971,13007.49,1973.057,5605.366,12877.58,1984.858,5618.471,13013.74,1977.858,6077.768,12824.35,2009.544,5529.286,13172.13,1963.221,6112.378,12913.82,1969.389,6061.521,13104.72,1979.789,6034.173,12775.01,1989.36,5616.885,12943.75,2042.597,5374.842
13025.38,1983.353,5504.042,12953.93,1950.195,6153.854,12951.78,1980.544,5688.725,12678.97,1976.692,5585.914,13257.49,2022.614,6112.608,12690.14,2012.767,5678.618,13007.33,1973.057,5605.047,12877.51,1984.858,5618.123,13013.49,1977.858,6077.514,12824.31,2009.544,5528.934,13171.94,1963.221,6112.078,12913.56,1969.389,6061.276,13104.52,1979.789,6033.88,12774.94,1989.36,5616.538,12943.41,2042.597,5374.759
13025.26,1983.353,5503.723,12953.68,1950.195,6153.616,12951.68,1980.544,5688.397,12678.9,1976.692,5585.576,13257.26,2022.614,6112.352,12690.09,2012.767,5678.277,13007.19,1973.057,5604.732,12877.42,1984.858,5617.791,13013.24,1977.858,6077.272,12824.26,2009.544,5528.593,13171.75,1963.221,6111.793,12913.32,1969.389,6061.032,13104.33,1979.789,6033.595,12774.86,1989.36,5616.202,12943.07,2042.597,5374.69
13025.14,1983.353,5503.41,12953.45,1950.195,6153.376,12951.57,1980.544,5688.082,12678.85,1976.692,5585.246,13257.04,2022.614,6112.095,12690.06,2012.767,5677.945,13007.06,1973.057,5604.428,12877.34,1984.858,5617.465,13013.01,1977.858,6077.031,12824.2,2009.544,5528.264,13171.55,1963.221,6111.523,12913.08,1969.389,6060.803,13104.13,1979.789,6033.325,12774.8,1989.36,5615.874,12942.75,2042.597,5374.612
13025.02,1983.353,5503.112,12953.25,1950.195,6153.124,12951.42,1980.544,5687.795,12678.79,1976.692,5584.93,13256.85,2022.614,6111.841,12690.01,2012.767,5677.626,13006.92,1973.057,5604.134,12877.27,1984.858,5617.152,13012.8,1977.858,6076.791,12824.13,2009.544,5527.949,13171.35,1963.221,6111.27,12912.82,1969.389,6060.603,13103.94,1979.789,6033.07,12774.75,1989.36,5615.556,12942.44,2042.597,5374.529
13024.94,1983.353,5502.811,12953.05,1950.195,6152.878,12951.29,1980.544,5687.512,12678.73,1976.692,5584.624,13256.64,2022.614,6111.604,12689.96,2012.767,5677.319,13006.79,1973.057,5603.854,12877.19,1984.858,5616.849,13012.63,1977.858,6076.53,12824.03,2009.544,5527.656,13171.13,1963.221,6111.051,12912.59,1969.389,6060.401,13103.74,1979.789,6032.83,12774.72,1989.36,5615.246,12942.14,2042.597,5374.447
13024.85,1983.353,5502.521,12952.89,1950.195,6152.622,12951.17,1980.544,5687.233,12678.67,1976.692,5584.326,13256.44,2022.614,6111.381,12689.87,2012.767,5677.029,13006.64,1973.057,5603.591,12877.15,1984.858,5616.549,13012.45,1977.858,6076.283,12823.93,2009.544,5527.367,13170.9,1963.221,6110.855,12912.36,1969.389,6060.197,13103.54,1979.789,6032.597,12774.68,1989.36,5614.946,12941.84,2042.597,5374.368
13024.75,1983.353,5502.243,12952.73,1950.195,6152.377,12951.04,1980.544,5686.97,12678.6,1976.692,5584.04,13256.23,2022.614,6111.17,12689.79,2012.767,5676.744,13006.5,1973.057,5603.331,12877.09,1984.858,5616.26,13012.27,1977.858,6076.048,12823.85,2009.544,5527.084,13170.67,1963.221,6110.671,12912.15,1969.389,6059.992,13103.35,1979.789,6032.377,12774.63,1989.36,5614.655,12941.56,2042.597,5374.291
13024.65,1983.353,5501.977,12952.56,1950.195,6152.146,12950.92,1980.544,5686.71,12678.5,1976.692,5583.771,13256.03,2022.614,6110.973,12689.73,2012.767,5676.466,13006.37,1973.057,5603.074,12877.03,1984.858,5615.98,13012.09,1977.858,6075.825,12823.77,2009.544,5526.81,13170.45,1963.221,6110.485,12911.95,1969.389,6059.787,13103.17,1979.789,6032.154,12774.57,1989.36,5614.376,12941.28,2042.597,5374.215
13024.54,1983.353,5501.721,12952.4,1950.195,6151.922,12950.81,1980.544,5686.454,12678.42,1976.692,5583.507,13255.82,2022.614,6110.788,12689.66,2012.767,5676.198,13006.25,1973.057,5602.823,12876.98,1984.858,5615.708,13011.91,1977.858,6075.614,12823.7,2009.544,5526.541,13170.25,1963.221,6110.297,12911.76,1969.389,6059.581,13102.99,1979.789,6031.943,12774.5,1989.36,5614.106,12941.02,2042.597,5374.143
13024.46,1983.353,5501.466,12952.25,1950.195,6151.701,12950.71,1980.544,5686.208,12678.33,1976.692,5583.258,13255.63,2022.614,6110.604,12689.58,2012.767,5675.943,13006.15,1973.057,5602.578,12876.91,1984.858,5615.449,13011.74,1977.858,6075.411,12823.64,2009.544,5526.281,13170.06,1963.221,6110.113,12911.58,1969.389,6059.383,13102.81,1979.789,6031.747,12774.47,1989.36,5613.842,12940.76,2042.597,5374.073
13024.38,1983.353,5501.221,12952.09,1950.195,6151.491,12950.6,1980.544,5685.974,12678.24,1976.692,5583.013,13255.45,2022.614,6110.417,12689.51,2012.767,5675.693,13006.05,1973.057,5602.336,12876.87,1984.858,5615.193,13011.58,1977.858,6075.208,12823.59,2009.544,5526.027,13169.86,1963.221,6109.939,12911.42,1969.389,6059.186,13102.65,1979.789,6031.542,12774.43,1989.36,5613.586,12940.51,2042.597,5374.005
13024.29,1983.353,5500.986,12951.95,1950.195,6151.286,12950.5,1980.544,5685.745,12678.17,1976.692,5582.772,13255.27,2022.614,6110.242,12689.41,2012.767,5675.462,13005.98,1973.057,5602.097,12876.83,1984.858,5614.947,13011.43,1977.858,6075.006,12823.55,2009.544,5525.78,13169.68,1963.221,6109.764,12911.26,1969.389,6058.99,13102.49,1979.789,6031.349,12774.39,1989.36,5613.338,12940.27,2042.597,5373.939
13024.2,1983.353,5500.758,12951.8,1950.195,6151.092,12950.4,1980.544,5685.522,12678.11,1976.692,5582.538,13255.08,2022.614,6110.085,12689.33,2012.767,5675.235,13005.92,1973.057,5601.861,12876.78,1984.858,5614.708,13011.28,1977.858,6074.816,12823.5,2009.544,5525.542,13169.51,1963.221,6109.589,12911.12,1969.389,6058.795,13102.33,1979.789,6031.167,12774.35,1989.36,5613.099,12940.04,2042.597,5373.867
13024.13,1983.353,5500.534,12951.67,1950.195,6150.894,12950.31,1980.544,5685.303,12678.04,1976.692,5582.311,13254.91,2022.614,6109.926,12689.25,2012.767,5675.012,13005.85,1973.057,5601.633,12876.74,1984.858,5614.476,13011.14,1977.858,6074.626,12823.46,2009.544,5525.308,13169.35,1963.221,6109.42,12910.99,1969.389,6058.595,13102.17,1979.789,6030.985,12774.29,1989.36,5612.868,12939.81,2042.597,5373.805
13024.04,1983.353,5500.324,12951.57,1950.195,6150.691,12950.22,1980.544,5685.092,12677.98,1976.692,5582.09,13254.74,2022.614,6109.767,12689.18,2012.767,5674.793,13005.79,1973.057,5601.416,12876.68,1984.858,5614.254,13011.01,1977.858,6074.438,12823.45,2009.544,5525.08,13169.19,1963.221,6109.254,12910.86,1969.389,6058.406,13102.04,1979.789,6030.799,12774.24,1989.36,5612.647,12939.59,2042.597,5373.743
13023.96,1983.353,5500.12,12951.46,1950.195,6150.5,12950.14,1980.544,5684.89,12677.92,1976.692,5581.879,13254.59,2022.614,6109.608,12689.12,2012.767,5674.581,13005.71,1973.057,5601.208,12876.61,1984.858,5614.045,13010.89,1977.858,6074.253,12823.43,2009.544,5524.86,13169.03,1963.221,6109.108,12910.74,1969.389,6058.22,13101.91,1979.789,6030.624,12774.18,1989.36,5612.435,12939.37,2042.597,5373.691
13023.88,1983.353,5499.919,12951.35,1950.195,6150.317,12950.04,1980.544,5684.697,12677.86,1976.692,5581.672,13254.44,2022.614,6109.459,12689.06,2012.767,5674.377,13005.63,1973.057,5601.008,12876.55,1984.858,5613.84,13010.76,1977.858,6074.08,12823.4,2009.544,5524.648,13168.87,1963.221,6108.961,12910.63,1969.389,6058.035,13101.77,1979.789,6030.458,12774.11,1989.36,5612.23,12939.17,2042.597,5373.625
13023.8,1983.353,5499.726,12951.25,1950.195,6150.135,12949.96,1980.544,5684.506,12677.82,1976.692,5581.469,13254.28,2022.614,6109.319,12689,2012.767,5674.176,13005.55,1973.057,5600.816,12876.48,1984.858,5613.644,13010.63,1977.858,6073.917,12823.37,2009.544,5524.442,13168.72,1963.221,6108.813,12910.52,1969.389,6057.859,13101.65,1979.789,6030.287,12774.06,1989.36,5612.028,12938.97,2042.597,5373.552
13023.71,1983.353,5499.526,12951.13,1950.195,6149.947,12949.87,1980.544,5684.307,12677.77,1976.692,5581.255,13254.12,2022.614,6109.167,12688.95,2012.767,5673.963,13005.47,1973.057,5600.613,12876.42,1984.858,5613.435,13010.5,1977.858,6073.742,12823.33,2009.544,5524.227,13168.58,1963.221,6108.653,12910.4,1969.389,6057.678,13101.53,1979.789,6030.108,12774.01,1989.36,5611.815,12938.77,2042.597,5373.476
13023.6,1983.353,5499.296,12951,1950.195,6149.733,12949.77,1980.544,5684.074,12677.75,1976.692,5581.001,13253.94,2022.614,6108.987,12688.89,2012.767,5673.715,13005.37,1973.057,5600.378,12876.34,1984.858,5613.193,13010.33,1977.858,6073.551,12823.27,2009.544,5523.979,13168.39,1963.221,6108.482,12910.23,1969.389,6057.485,13101.39,1979.789,6029.894,12773.95,1989.36,5611.569,12938.53,2042.597,5373.387
13023.47,1983.353,5499.007,12950.82,1950.195,6149.473,12949.65,1980.544,5683.78,12677.71,1976.692,5580.687,13253.72,2022.614,6108.764,12688.83,2012.767,5673.405,13005.24,1973.057,5600.091,12876.25,1984.858,5612.889,13010.13,1977.858,6073.306,12823.19,2009.544,5523.672,13168.16,1963.221,6108.263,12910.04,1969.389,6057.238,13101.21,1979.789,6029.633,12773.84,1989.36,5611.271,12938.23,2042.597,5373.276
13023.3,1983.353,5498.662,12950.58,1950.195,6149.163,12949.51,1980.544,5683.418,12677.65,1976.692,5580.305,13253.45,2022.614,6108.483,12688.74,2012.767,5673.029,13005.09,1973.057,5599.737,12876.13,1984.858,5612.522,13009.9,1977.858,6073.001,12823.1,2009.544,5523.298,13167.86,1963.221,6108.013,12909.8,1969.389,6056.929,13100.98,1979.789,6029.322,12773.72,1989.36,5610.903,12937.87,2042.597,5373.142
13023.06,1983.353,5498.283,12950.31,1950.195,6148.813,12949.34,1980.544,5683.004,12677.57,1976.692,5579.866,13253.14,2022.614,6108.168,12688.63,2012.767,5672.597,13004.96,1973.057,5599.308,12875.94,1984.858,5612.116,13009.58,1977.858,6072.686,12822.97,2009.544,5522.87,13167.53,1963.221,6107.712,12909.52,1969.389,6056.581,13100.7,1979.789,6028.972,12773.6,1989.36,5610.473,12937.45,2042.597,5372.986
13022.83,1983.353,5497.873,12950,1950.195,6148.453,12949.13,1980.544,5682.579,12677.5,1976.692,5579.396,13252.79,2022.614,6107.846,12688.53,2012.767,5672.134,13004.82,1973.057,5598.857,12875.76,1984.858,5611.678,13009.23,1977.858,6072.366,12822.83,2009.544,5522.419,13167.19,1963.221,6107.382,12909.24,1969.389,6056.2,13100.4,1979.789,6028.609,12773.46,1989.36,5610.021,12937.01,2042.597,5372.82
13022.6,1983.353,5497.455,12949.73,1950.195,6148.059,12948.94,1980.544,5682.146,12677.44,1976.692,5578.925,13252.45,2022.614,6107.511,12688.41,2012.767,5671.674,13004.65,1973.057,5598.411,12875.53,1984.858,5611.266,13008.89,1977.858,6072.035,12822.72,2009.544,5521.956,13166.82,1963.221,6107.094,12908.94,1969.389,6055.829,13100.08,1979.789,6028.257,12773.27,1989.36,5609.585,12936.56,2042.597,5372.654
13022.38,1983.353,5497.012,12949.44,1950.195,6147.659,12948.79,1980.544,5681.677,12677.37,1976.692,5578.437,13252.11,2022.614,6107.158,12688.27,2012.767,5671.199,13004.47,1973.057,5597.952,12875.29,1984.858,5610.83,13008.55,1977.858,6071.678,12822.6,2009.544,5521.477,13166.43,1963.221,6106.782,12908.69,1969.389,6055.403,13099.74,1979.789,6027.901,12773.09,1989.36,5609.125,12936.1,2042.597,5372.482
13022.14,1983.353,5496.478,12949.15,1950.195,6147.15,12948.58,1980.544,5681.125,12677.25,1976.692,5577.861,13251.68,2022.614,6106.752,12688.05,2012.767,5670.655,13004.23,1973.057,5597.414,12875.04,1984.858,5610.302,13008.15,1977.858,6071.245,12822.45,2009.544,5520.91,13165.99,1963.221,6106.397,12908.38,1969.389,6054.907,13099.32,1979.789,6027.492,12772.87,1989.36,5608.581,12935.55,2042.597,5372.277
13021.99,1983.353,5496.2,12948.99,1950.195,6146.88,12948.46,1980.544,5680.831,12677.18,1976.692,5577.551,13251.45,2022.614,6106.537,12687.94,2012.767,5670.357,13004.12,1973.057,5597.12,12874.91,1984.858,5610.013,13007.93,1977.858,6071.016,12822.36,2009.544,5520.606,13165.74,1963.221,6106.197,12908.2,1969.389,6054.645,13099.1,1979.789,6027.263,12772.76,1989.36,5608.283,12935.25,2042.597,5372.166
13021.81,1983.353,5495.887,12948.79,1950.195,6146.582,12948.37,1980.544,5680.486,12677.09,1976.692,5577.206,13251.18,2022.614,6106.297,12687.83,2012.767,5670.018,13004,1973.057,5596.782,12874.77,1984.858,5609.682,13007.69,1977.858,6070.75,12822.24,2009.544,5520.267,13165.47,1963.221,6105.962,12907.99,1969.389,6054.356,13098.88,1979.789,6026.981,12772.65,1989.36,5607.943,12934.92,2042.597,5372.041
13021.62,1983.353,5495.513,12948.54,1950.195,6146.239,12948.24,1980.544,5680.084,12676.97,1976.692,5576.802,13250.88,2022.614,6106.004,12687.71,2012.767,5669.614,13003.84,1973.057,5596.39,12874.61,1984.858,5609.293,13007.42,1977.858,6070.429,12822.14,2009.544,5519.858,13165.17,1963.221,6105.675,12907.73,1969.389,6054.025,13098.61,1979.789,6026.658,12772.5,1989.36,5607.548,12934.52,2042.597,5371.894
13021.43,1983.353,5495.105,12948.27,1950.195,6145.879,12948.09,1980.544,5679.659,12676.83,1976.692,5576.374,13250.57,2022.614,6105.677,12687.61,2012.767,5669.174,13003.71,1973.057,5595.959,12874.45,1984.858,5608.87,13007.14,1977.858,6070.075,12822.02,2009.544,5519.424,13164.84,1963.221,6105.357,12907.46,1969.389,6053.661,13098.31,1979.789,6026.321,12772.36,1989.36,5607.12,12934.1,2042.597,5371.737
13021.22,1983.353,5494.627,12947.95,1950.195,6145.475,12947.94,1980.544,5679.162,12676.68,1976.692,5575.875,13250.2,2022.614,6105.311,12687.48,2012.767,5668.669,13003.54,1973.057,5595.467,12874.22,1984.858,5608.406,13006.83,1977.858,6069.657,12821.86,2009.544,5518.928,13164.49,1963.221,6104.979,12907.2,1969.389,6053.214,13097.97,1979.789,6025.924,12772.18,1989.36,5606.63,12933.61,2042.597,5371.555
13021.01,1983.353,5494.091,12947.57,1950.195,6145.038,12947.75,1980.544,5678.617,12676.5,1976.692,5575.328,13249.8,2022.614,6104.892,12687.32,2012.767,5668.116,13003.33,1973.057,5594.928,12873.97,1984.858,5607.884,13006.5,1977.858,6069.184,12821.71,2009.544,5518.372,13164.08,1963.221,6104.57,12906.9,1969.389,6052.72,13097.58,1979.789,6025.504,12772,1989.36,5606.082,12933.07,2042.597,5371.354
13020.8,1983.353,5493.522,12947.16,1950.195,6144.592,12947.53,1980.544,5678.053,12676.33,1976.692,5574.748,13249.45,2022.614,6104.399,12687.2,2012.767,5667.523,13003.14,1973.057,5594.356,12873.71,1984.858,5607.34,13006.17,1977.858,6068.676,12821.53,2009.544,5517.794,13163.6,1963.221,6104.199,12906.57,1969.389,6052.211,13097.14,1979.789,6025.084,12771.8,1989.36,5605.513,12932.5,2042.597,5371.143
13020.62,1983.353,5492.945,12946.77,1950.195,6144.132,12947.3,1980.544,5677.495,12676.17,1976.692,5574.162,13249.09,2022.614,6103.917,12687.06,2012.767,5666.935,13002.96,1973.057,5593.778,12873.46,1984.858,5606.787,13005.83,1977.858,6068.176,12821.33,2009.544,5517.222,13163.14,1963.221,6103.813,12906.24,1969.389,6051.708,13096.7,1979.789,6024.667,12771.61,1989.36,5604.937,12931.94,2042.597,5370.932
13020.46,1983.353,5492.381,12946.4,1950.195,6143.675,12947.08,1980.544,5676.947,12676.01,1976.692,5573.599,13248.71,2022.614,6103.463,12686.9,2012.767,5666.369,13002.76,1973.057,5593.224,12873.24,1984.858,5606.244,13005.48,1977.858,6067.703,12821.12,2009.544,5516.673,13162.69,1963.221,6103.431,12905.92,1969.389,6051.215,13096.29,1979.789,6024.25,12771.37,1989.36,5604.4,12931.39,2042.597,5370.727
13020.28,1983.353,5491.835,12946.05,1950.195,6143.217,12946.9,1980.544,5676.406,12675.84,1976.692,5573.052,13248.34,2022.614,6103.031,12686.77,2012.767,5665.811,13002.58,1973.057,5592.679,12873.01,1984.858,5605.718,13005.13,1977.858,6067.251,12820.9,2009.544,5516.145,13162.27,1963.221,6103.044,12905.59,1969.389,6050.745,13095.9,1979.789,6023.83,12771.16,1989.36,5603.868,12930.85,2042.597,5370.526
13020.08,1983.353,5491.136,12945.64,1950.195,6142.622,12946.63,1980.544,5675.728,12675.71,1976.692,5572.336,13247.84,2022.614,6102.499,12686.58,2012.767,5665.108,13002.33,1973.057,5591.996,12872.74,1984.858,5605.042,13004.66,1977.858,6066.694,12820.59,2009.544,5515.483,13161.75,1963.221,6102.538,12905.22,1969.389,6050.12,13095.39,1979.789,6023.313,12770.81,1989.36,5603.229,12930.17,2042.597,5370.272
13019.98,1983.353,5490.809,12945.49,1950.195,6142.312,12946.52,1980.544,5675.403,12675.64,1976.692,5572,13247.6,2022.614,6102.255,12686.48,2012.767,5664.779,13002.23,1973.057,5591.669,12872.6,1984.858,5604.727,13004.43,1977.858,6066.443,12820.44,2009.544,5515.175,13161.49,1963.221,6102.303,12905.03,1969.389,6049.83,13095.13,1979.789,6023.083,12770.66,1989.36,5602.922,12929.85,2042.597,5370.152
13019.85,1983.353,5490.457,12945.31,1950.195,6141.981,12946.39,1980.544,5675.054,12675.55,1976.692,5571.637,13247.33,2022.614,6101.992,12686.41,2012.767,5664.412,13002.1,1973.057,5591.319,12872.44,1984.858,5604.39,13004.18,1977.858,6066.162,12820.27,2009.544,5514.842,13161.23,1963.221,6102.04,12904.85,1969.389,6049.504,13094.86,1979.789,6022.824,12770.5,1989.36,5602.583,12929.5,2042.597,5370.022
13019.65,1983.353,5489.842,12945,1950.195,6141.417,12946.19,1980.544,5674.437,12675.37,1976.692,5571.013,13246.83,2022.614,6101.583,12686.27,2012.767,5663.78,13001.86,1973.057,5590.718,12872.19,1984.858,5603.796,13003.77,1977.858,6065.663,12819.94,2009.544,5514.289,13160.82,1963.221,6101.537,12904.52,1969.389,6048.95,13094.41,1979.789,6022.36,12770.25,1989.36,5601.987,12928.89,2042.597,5369.796
13019.48,1983.353,5489.386,12944.75,1950.195,6141.001,12946.08,1980.544,5673.964,12675.23,1976.692,5570.551,13246.47,2022.614,6101.264,12686.15,2012.767,5663.31,13001.69,1973.057,5590.263,12872.04,1984.858,5603.333,13003.47,1977.858,6065.279,12819.7,2009.544,5513.866,13160.5,1963.221,6101.17,12904.26,1969.389,6048.535,13094.08,1979.789,6022.001,12770.07,1989.36,5601.535,12928.44,2042.597,5369.626
13019.31,1983.353,5488.949,12944.49,1950.195,6140.605,12945.96,1980.544,5673.507,12675.07,1976.692,5570.106,13246.12,2022.614,6100.943,12686.02,2012.767,5662.856,13001.54,1973.057,5589.814,12871.94,1984.858,5602.873,13003.2,1977.858,6064.896,12819.48,2009.544,5513.448,13160.21,1963.221,6100.799,12904.06,1969.389,6048.108,13093.78,1979.789,6021.643,12769.88,1989.36,5601.105,12927.99,2042.597,5369.462
13019.15,1983.353,5488.522,12944.23,1950.195,6140.232,12945.83,1980.544,5673.072,12674.91,1976.692,5569.683,13245.8,2022.614,6100.623,12685.88,2012.767,5662.423,13001.39,1973.057,5589.388,12871.82,1984.858,5602.433,13002.94,1977.858,6064.521,12819.28,2009.544,5513.038,13159.92,1963.221,6100.451,12903.86,1969.389,6047.704,13093.47,1979.789,6021.307,12769.71,1989.36,5600.685,12927.56,2042.597,5369.317
13018.96,1983.353,5487.995,12943.9,1950.195,6139.783,12945.66,1980.544,5672.542,12674.72,1976.692,5569.155,13245.38,2022.614,6100.251,12685.71,2012.767,5661.892,13001.21,1973.057,5588.857,12871.67,1984.858,5601.897,13002.64,1977.858,6064.048,12819.06,2009.544,5512.527,13159.56,1963.221,6100.022,12903.59,1969.389,6047.214,13093.11,1979.789,6020.882,12769.51,1989.36,5600.162,12927.03,2042.597,5369.157
13018.84,1983.353,5487.602,12943.64,1950.195,6139.459,12945.54,1980.544,5672.147,12674.52,1976.692,5568.795,13245.08,2022.614,6099.968,12685.57,2012.767,5661.505,13001.14,1973.057,5588.451,12871.54,1984.858,5601.506,13002.43,1977.858,6063.694,12818.9,2009.544,5512.145,13159.29,1963.221,6099.715,12903.38,1969.389,6046.861,13092.85,1979.789,6020.56,12769.36,1989.36,5599.777,12926.63,2042.597,5369.052
13018.76,1983.353,5487.304,12943.44,1950.195,6139.223,12945.45,1980.544,5671.851,12674.37,1976.692,5568.527,13244.87,2022.614,6099.748,12685.47,2012.767,5661.209,13001.08,1973.057,5588.147,12871.45,1984.858,5601.208,13002.28,1977.858,6063.422,12818.75,2009.544,5511.875,13159.07,1963.221,6099.491,12903.21,1969.389,6046.597,13092.67,1979.789,6020.311,12769.29,1989.36,5599.477,12926.33,2042.597,5368.983
13018.69,1983.353,5487.042,12943.26,1950.195,6139.022,12945.38,1980.544,5671.591,12674.24,1976.692,5568.289,13244.68,2022.614,6099.55,12685.42,2012.767,5660.946,13001.02,1973.057,5587.885,12871.4,1984.858,5600.943,13002.16,1977.858,6063.182,12818.63,2009.544,5511.635,13158.89,1963.221,6099.291,12903.07,1969.389,6046.372,13092.48,1979.789,6020.117,12769.21,1989.36,5599.217,12926.06,2042.597,5368.931
13018.57,1983.353,5486.532,12942.9,1950.195,6138.644,12945.26,1980.544,5671.082,12674.01,1976.692,5567.819,13244.34,2022.614,6099.154,12685.29,2012.767,5660.438,13000.94,1973.057,5587.367,12871.29,1984.858,5600.432,13001.94,1977.858,6062.708,12818.4,2009.544,5511.163,13158.55,1963.221,6098.896,12902.77,1969.389,6045.943,13092.13,1979.789,6019.727,12769.05,1989.36,5598.718,12925.55,2042.597,5368.848
13018.48,1983.353,5486.166,12942.65,1950.195,6138.362,12945.15,1980.544,5670.72,12673.85,1976.692,5567.474,13244.13,2022.614,6098.837,12685.19,2012.767,5660.074,13000.87,1973.057,5586.996,12871.2,1984.858,5600.065,13001.77,1977.858,6062.372,12818.25,2009.544,5510.816,13158.32,1963.221,6098.596,12902.56,1969.389,6045.626,13091.89,1979.789,6019.438,12768.94,1989.36,5598.356,12925.17,2042.597,5368.8
13018.4,1983.353,5485.809,12942.42,1950.195,6138.082,12945.02,1980.544,5670.378,12673.72,1976.692,5567.136,13243.97,2022.614,6098.512,12685.1,2012.767,5659.719,13000.81,1973.057,5586.636,12871.1,1984.858,5599.713,13001.59,1977.858,6062.052,12818.12,2009.544,5510.477,13158.11,1963.221,6098.298,12902.4,1969.389,6045.295,13091.66,1979.789,6019.151,12768.83,1989.36,5598.01,12924.81,2042.597,5368.765
13018.33,1983.353,5485.463,12942.2,1950.195,6137.803,12944.91,1980.544,5670.043,12673.59,1976.692,5566.805,13243.79,2022.614,6098.204,12685,2012.767,5659.379,13000.74,1973.057,5586.29,12870.99,1984.858,5599.377,13001.41,1977.858,6061.748,12818,2009.544,5510.145,13157.91,1963.221,6098.003,12902.25,1969.389,6044.979,13091.45,1979.789,6018.866,12768.67,1989.36,5597.693,12924.46,2042.597,5368.743
13018.27,1983.353,5485.127,12942,1950.195,6137.527,12944.81,1980.544,5669.715,12673.46,1976.692,5566.488,13243.62,2022.614,6097.911,12684.9,2012.767,5659.053,13000.65,1973.057,5585.958,12870.87,1984.858,5599.055,13001.23,1977.858,6061.46,12817.92,2009.544,5509.812,13157.7,1963.221,6097.738,12902.1,1969.389,6044.668,13091.26,1979.789,6018.584,12768.53,1989.36,5597.381,12924.12,2042.597,5368.67
13018.2,1983.353,5484.825,12941.82,1950.195,6137.272,12944.73,1980.544,5669.417,12673.31,1976.692,5566.218,13243.45,2022.614,6097.651,12684.8,2012.767,5658.762,13000.53,1973.057,5585.675,12870.73,1984.858,5598.78,13001.05,1977.858,6061.206,12817.84,2009.544,5509.513,13157.51,1963.221,6097.493,12901.97,1969.389,6044.392,13091.09,1979.789,6018.324,12768.42,1989.36,5597.095,12923.82,2042.597,5368.614
13018.15,1983.353,5484.611,12941.69,1950.195,6137.093,12944.67,1980.544,5669.205,12673.21,1976.692,5566.022,13243.32,2022.614,6097.47,12684.72,2012.767,5658.555,13000.45,1973.057,5585.469,12870.64,1984.858,5598.58,13000.92,1977.858,6061.027,12817.78,2009.544,5509.301,13157.36,1963.221,6097.329,12901.87,1969.389,6044.191,13090.98,1979.789,6018.133,12768.34,1989.36,5596.885,12923.6,2042.597,5368.581
13018.02,1983.353,5484.17,12941.44,1950.195,6136.714,12944.56,1980.544,5668.76,12673,1976.692,5565.612,13243.05,2022.614,6097.103,12684.55,2012.767,5658.128,13000.3,1973.057,5585.037,12870.46,1984.858,5598.159,13000.63,1977.858,6060.667,12817.64,2009.544,5508.865,13157.06,1963.221,6096.979,12901.67,1969.389,6043.781,13090.76,1979.789,6017.732,12768.18,1989.36,5596.456,12923.14,2042.597,5368.523
13017.93,1983.353,5483.781,12941.22,1950.195,6136.376,12944.45,1980.544,5668.376,12672.83,1976.692,5565.252,13242.8,2022.614,6096.791,12684.4,2012.767,5657.76,13000.17,1973.057,5584.658,12870.3,1984.858,5597.793,13000.38,1977.858,6060.363,12817.5,2009.544,5508.491,13156.82,1963.221,6096.667,12901.48,1969.389,6043.43,13090.58,1979.789,6017.376,12768.08,1989.36,5596.072,12922.75,2042.597,5368.474
13017.88,1983.353,5483.58,12941.11,1950.195,6136.204,12944.38,1980.544,5668.177,12672.75,1976.692,5565.062,13242.67,2022.614,6096.627,12684.32,2012.767,5657.569,13000.1,1973.057,5584.462,12870.22,1984.858,5597.599,13000.24,1977.858,6060.208,12817.43,2009.544,5508.293,13156.69,1963.221,6096.5,12901.37,1969.389,6043.25,13090.49,1979.789,6017.188,12768.02,1989.36,5595.873,12922.54,2042.597,5368.448
13017.81,1983.353,5483.329,12940.98,1950.195,6135.977,12944.3,1980.544,5667.932,12672.65,1976.692,5564.822,13242.5,2022.614,6096.429,12684.21,2012.767,5657.333,13000.02,1973.057,5584.214,12870.14,1984.858,5597.354,13000.07,1977.858,6060.009,12817.35,2009.544,5508.048,13156.54,1963.221,6096.286,12901.23,1969.389,6043.03,13090.37,1979.789,6016.956,12767.93,1989.36,5595.627,12922.28,2042.597,5368.416
13017.75,1983.353,5483.004,12940.81,1950.195,6135.695,12944.2,1980.544,5667.618,12672.53,1976.692,5564.517,13242.3,2022.614,6096.171,12684.07,2012.767,5657.036,12999.88,1973.057,5583.917,12870.01,1984.858,5597.049,12999.87,1977.858,6059.75,12817.2,2009.544,5507.751,13156.37,1963.221,6096.009,12901.05,1969.389,6042.757,13090.21,1979.789,6016.667,12767.81,1989.36,5595.319,12921.96,2042.597,5368.375
13017.7,1983.353,5482.742,12940.66,1950.195,6135.471,12944.11,1980.544,5667.366,12672.43,1976.692,5564.267,13242.14,2022.614,6095.957,12683.94,2012.767,5656.797,12999.77,1973.057,5583.672,12869.88,1984.858,5596.815,12999.71,1977.858,6059.535,12817.09,2009.544,5507.507,13156.21,1963.221,6095.789,12900.91,1969.389,6042.529,13090.08,1979.789,6016.437,12767.71,1989.36,5595.073,12921.69,2042.597,5368.341
13017.64,1983.353,5482.491,12940.53,1950.195,6135.252,12944.02,1980.544,5667.125,12672.34,1976.692,5564.024,13241.96,2022.614,6095.763,12683.82,2012.767,5656.569,12999.67,1973.057,5583.432,12869.76,1984.858,5596.585,12999.54,1977.858,6059.339,12817.01,2009.544,5507.261,13156.04,1963.221,6095.594,12900.77,1969.389,6042.313,13089.94,1979.789,6016.219,12767.62,1989.36,5594.831,12921.43,2042.597,5368.309
13017.58,1983.353,5482.249,12940.39,1950.195,6135.04,12943.93,1980.544,5666.89,12672.26,1976.692,5563.787,13241.81,2022.614,6095.569,12683.7,2012.767,5656.351,12999.58,1973.057,5583.201,12869.66,1984.858,5596.358,12999.38,1977.858,6059.145,12816.93,2009.544,5507.024,13155.87,1963.221,6095.413,12900.63,1969.389,6042.104,13089.8,1979.789,6016.012,12767.52,1989.36,5594.599,12921.18,2042.597,5368.278
13017.5,1983.353,5482.017,12940.26,1950.195,6134.838,12943.84,1980.544,5666.665,12672.19,1976.692,5563.554,13241.65,2022.614,6095.387,12683.59,2012.767,5656.136,12999.49,1973.057,5582.975,12869.56,1984.858,5596.135,12999.23,1977.858,6058.951,12816.86,2009.544,5506.793,13155.71,1963.221,6095.234,12900.49,1969.389,6041.907,13089.65,1979.789,6015.816,12767.42,1989.36,5594.377,12920.94,2042.597,5368.248
13017.43,1983.353,5481.794,12940.13,1950.195,6134.64,12943.78,1980.544,5666.436,12672.12,1976.692,5563.33,13241.5,2022.614,6095.204,12683.48,2012.767,5655.926,12999.41,1973.057,5582.753,12869.47,1984.858,5595.916,12999.07,1977.858,6058.784,12816.78,2009.544,5506.572,13155.55,1963.221,6095.056,12900.34,1969.389,6041.726,13089.51,1979.789,6015.631,12767.32,1989.36,5594.165,12920.71,2042.597,5368.218
13017.35,1983.353,5481.581,12940,1950.195,6134.453,12943.73,1980.544,5666.214,12672.04,1976.692,5563.116,13241.36,2022.614,6095.021,12683.37,2012.767,5655.728,12999.34,1973.057,5582.536,12869.38,1984.858,5595.707,12998.91,1977.858,6058.618,12816.69,2009.544,5506.36,13155.41,1963.221,6094.878,12900.2,1969.389,6041.545,13089.36,1979.789,6015.457,12767.21,1989.36,5593.964,12920.48,2042.597,5368.19
13017.28,1983.353,5481.373,12939.87,1950.195,6134.276,12943.68,1980.544,5666.001,12671.96,1976.692,5562.912,13241.23,2022.614,6094.848,12683.25,2012.767,5655.54,12999.28,1973.057,5582.326,12869.3,1984.858,5595.502,12998.77,1977.858,6058.452,12816.61,2009.544,5506.158,13155.27,1963.221,6094.71,12900.08,1969.389,6041.357,13089.24,1979.789,6015.271,12767.12,1989.36,5593.767,12920.27,2042.597,5368.163
13017.21,1983.353,5481.169,12939.74,1950.195,6134.108,12943.64,1980.544,5665.791,12671.89,1976.692,5562.711,13241.1,2022.614,6094.673,12683.15,2012.767,5655.354,12999.19,1973.057,5582.128,12869.23,1984.858,5595.301,12998.63,1977.858,6058.287,12816.52,2009.544,5505.964,13155.13,1963.221,6094.546,12899.97,1969.389,6041.178,13089.12,1979.789,6015.094,12767.03,1989.36,5593.573,12920.05,2042.597,5368.136
13017.15,1983.353,5480.972,12939.6,1950.195,6133.949,12943.6,1980.544,5665.586,12671.81,1976.692,5562.517,13240.98,2022.614,6094.503,12683.05,2012.767,5655.168,12999.12,1973.057,5581.933,12869.15,1984.858,5595.107,12998.51,1977.858,6058.122,12816.42,2009.544,5505.78,13154.99,1963.221,6094.392,12899.86,1969.389,6040.998,13089,1979.789,6014.926,12766.93,1989.36,5593.39,12919.85,2042.597,5368.11
13017.07,1983.353,5480.777,12939.46,1950.195,6133.794,12943.55,1980.544,5665.384,12671.73,1976.692,5562.325,13240.86,2022.614,6094.338,12682.96,2012.767,5654.98,12999.05,1973.057,5581.739,12869.07,1984.858,5594.916,12998.38,1977.858,6057.953,12816.32,2009.544,5505.596,13154.85,1963.221,6094.237,12899.75,1969.389,6040.821,13088.87,1979.789,6014.761,12766.83,1989.36,5593.208,12919.64,2042.597,5368.091
13016.99,1983.353,5480.584,12939.32,1950.195,6133.643,12943.5,1980.544,5665.183,12671.64,1976.692,5562.136,13240.74,2022.614,6094.168,12682.88,2012.767,5654.79,12998.98,1973.057,5581.542,12868.99,1984.858,5594.723,12998.27,1977.858,6057.781,12816.21,2009.544,5505.419,13154.72,1963.221,6094.078,12899.64,1969.389,6040.648,13088.74,1979.789,6014.601,12766.73,1989.36,5593.021,12919.43,2042.597,5368.079
13016.9,1983.353,5480.399,12939.17,1950.195,6133.497,12943.46,1980.544,5664.979,12671.55,1976.692,5561.95,13240.63,2022.614,6093.989,12682.82,2012.767,5654.589,12998.9,1973.057,5581.35,12868.91,1984.858,5594.532,12998.16,1977.858,6057.604,12816.11,2009.544,5505.239,13154.59,1963.221,6093.915,12899.52,1969.389,6040.476,13088.61,1979.789,6014.437,12766.65,1989.36,5592.833,12919.22,2042.597,5368.074
13016.81,1983.353,5480.211,12939.03,1950.195,6133.346,12943.41,1980.544,5664.775,12671.46,1976.692,5561.763,13240.52,2022.614,6093.814,12682.76,2012.767,5654.391,12998.82,1973.057,5581.154,12868.83,1984.858,5594.338,12998.04,1977.858,6057.432,12816.01,2009.544,5505.056,13154.46,1963.221,6093.748,12899.41,1969.389,6040.297,13088.48,1979.789,6014.278,12766.56,1989.36,5592.641,12919.02,2042.597,5368.041
13016.72,1983.353,5480.021,12938.89,1950.195,6133.191,12943.37,1980.544,5664.571,12671.37,1976.692,5561.572,13240.4,2022.614,6093.641,12682.7,2012.767,5654.19,12998.72,1973.057,5580.972,12868.76,1984.858,5594.143,12997.94,1977.858,6057.251,12815.92,2009.544,5504.869,13154.34,1963.221,6093.577,12899.3,1969.389,6040.118,13088.35,1979.789,6014.115,12766.48,1989.36,5592.452,12918.81,2042.597,5368.015
13016.64,1983.353,5479.831,12938.76,1950.195,6133.031,12943.32,1980.544,5664.369,12671.28,1976.692,5561.388,13240.28,2022.614,6093.471,12682.64,2012.767,5653.992,12998.63,1973.057,5580.787,12868.72,1984.858,5593.939,12997.84,1977.858,6057.066,12815.83,2009.544,5504.68,13154.25,1963.221,6093.392,12899.2,1969.389,6039.939,13088.22,1979.789,6013.948,12766.39,1989.36,5592.26,12918.6,2042.597,5367.995
13016.54,1983.353,5479.645,12938.63,1950.195,6132.867,12943.26,1980.544,5664.168,12671.19,1976.692,5561.201,13240.17,2022.614,6093.297,12682.58,2012.767,5653.793,12998.54,1973.057,5580.598,12868.68,1984.858,5593.734,12997.74,1977.858,6056.885,12815.75,2009.544,5504.487,13154.15,1963.221,6093.209,12899.1,1969.389,6039.757,13088.1,1979.789,6013.778,12766.32,1989.36,5592.066,12918.4,2042.597,5367.982
13016.44,1983.353,5479.467,12938.5,1950.195,6132.698,12943.2,1980.544,5663.97,12671.1,1976.692,5561.012,13240.04,2022.614,6093.133,12682.52,2012.767,5653.594,12998.43,1973.057,5580.419,12868.63,1984.858,5593.531,12997.63,1977.858,6056.707,12815.67,2009.544,5504.295,13154.04,1963.221,6093.031,12899,1969.389,6039.575,13087.99,1979.789,6013.604,12766.24,1989.36,5591.872,12918.19,2042.597,5367.977
13016.32,1983.353,5479.293,12938.39,1950.195,6132.526,12943.13,1980.544,5663.773,12671.01,1976.692,5560.821,13239.9,2022.614,6092.974,12682.45,2012.767,5653.397,12998.33,1973.057,5580.236,12868.58,1984.858,5593.33,12997.54,1977.858,6056.519,12815.58,2009.544,5504.108,13153.93,1963.221,6092.855,12898.89,1969.389,6039.396,13087.88,1979.789,6013.426,12766.17,1989.36,5591.676,12917.98,2042.597,5367.947
13016.2,1983.353,5479.127,12938.28,1950.195,6132.35,12943.05,1980.544,5663.579,12670.94,1976.692,5560.627,13239.77,2022.614,6092.81,12682.41,2012.767,5653.193,12998.21,1973.057,5580.066,12868.52,1984.858,5593.13,12997.44,1977.858,6056.333,12815.49,2009.544,5503.919,13153.81,1963.221,6092.684,12898.79,1969.389,6039.213,13087.78,1979.789,6013.245,12766.13,1989.36,5591.472,12917.77,2042.597,5367.924
13016.05,1983.353,5478.974,12938.17,1950.195,6132.17,12942.97,1980.544,5663.387,12670.87,1976.692,5560.431,13239.65,2022.614,6092.642,12682.36,2012.767,5652.99,12998.1,1973.057,5579.892,12868.47,1984.858,5592.928,12997.34,1977.858,6056.151,12815.41,2009.544,5503.727,13153.67,1963.221,6092.527,12898.7,1969.389,6039.023,13087.7,1979.789,6013.05,12766.08,1989.36,5591.269,12917.57,2042.597,5367.908
13015.92,1983.353,5478.816,12938.07,1950.195,6131.987,12942.9,1980.544,5663.19,12670.8,1976.692,5560.234,13239.52,2022.614,6092.478,12682.31,2012.767,5652.788,12997.96,1973.057,5579.734,12868.41,1984.858,5592.727,12997.23,1977.858,6055.977,12815.33,2009.544,5503.533,13153.54,1963.221,6092.366,12898.61,1969.389,6038.837,13087.62,1979.789,6012.858,12766.03,1989.36,5591.067,12917.36,2042.597,5367.898
13015.79,1983.353,5478.653,12937.97,1950.195,6131.808,12942.83,1980.544,5662.996,12670.74,1976.692,5560.035,13239.39,2022.614,6092.318,12682.25,2012.767,5652.587,12997.83,1973.057,5579.573,12868.38,1984.858,5592.522,12997.12,1977.858,6055.799,12815.25,2009.544,5503.341,13153.41,1963.221,6092.201,12898.52,1969.389,6038.648,13087.53,1979.789,6012.669,12765.97,1989.36,5590.868,12917.15,2042.597,5367.896
13015.66,1983.353,5478.49,12937.85,1950.195,6131.636,12942.75,1980.544,5662.804,12670.68,1976.692,5559.835,13239.26,2022.614,6092.155,12682.2,2012.767,5652.388,12997.71,1973.057,5579.407,12868.33,1984.858,5592.319,12997.02,1977.858,6055.618,12815.17,2009.544,5503.147,13153.29,1963.221,6092.032,12898.43,1969.389,6038.462,13087.44,1979.789,6012.483,12765.91,1989.36,5590.669,12916.94,2042.597,5367.9
13015.53,1983.353,5478.328,12937.74,1950.195,6131.461,12942.66,1980.544,5662.615,12670.62,1976.692,5559.634,13239.13,2022.614,6091.987,12682.13,2012.767,5652.189,12997.58,1973.057,5579.241,12868.28,1984.858,5592.117,12996.9,1977.858,6055.45,12815.1,2009.544,5502.951,13153.17,1963.221,6091.862,12898.34,1969.389,6038.271,13087.34,1979.789,6012.3,12765.85,1989.36,5590.468,12916.73,2042.597,5367.898
13015.38,1983.353,5478.178,12937.62,1950.195,6131.291,12942.58,1980.544,5662.423,12670.59,1976.692,5559.43,13238.99,2022.614,6091.837,12682.08,2012.767,5651.988,12997.45,1973.057,5579.078,12868.22,1984.858,5591.917,12996.77,1977.858,6055.284,12815.03,2009.544,5502.755,13153.04,1963.221,6091.702,12898.25,1969.389,6038.083,13087.23,1979.789,6012.121,12765.81,1989.36,5590.264,12916.53,2042.597,5367.902
13015.23,1983.353,5478.038,12937.5,1950.195,6131.117,12942.49,1980.544,5662.233,12670.55,1976.692,5559.224,13238.85,2022.614,6091.682,12682.03,2012.767,5651.786,12997.33,1973.057,5578.911,12868.15,1984.858,5591.72,12996.65,1977.858,6055.117,12814.95,2009.544,5502.563,13152.91,1963.221,6091.538,12898.16,1969.389,6037.898,13087.12,1979.789,6011.944,12765.76,1989.36,5590.061,12916.32,2042.597,5367.9
13015.08,1983.353,5477.892,12937.36,1950.195,6130.959,12942.41,1980.544,5662.043,12670.51,1976.692,5559.02,13238.72,2022.614,6091.522,12681.97,2012.767,5651.584,12997.2,1973.057,5578.744,12868.08,1984.858,5591.524,12996.53,1977.858,6054.946,12814.88,2009.544,5502.369,13152.78,1963.221,6091.371,12898.06,1969.389,6037.714,13087.02,1979.789,6011.762,12765.72,1989.36,5589.858,12916.11,2042.597,5367.904
13014.94,1983.353,5477.742,12937.23,1950.195,6130.802,12942.31,1980.544,5661.857,12670.47,1976.692,5558.815,13238.57,2022.614,6091.376,12681.9,2012.767,5651.39,12997.08,1973.057,5578.572,12868.01,1984.858,5591.327,12996.41,1977.858,6054.776,12814.8,2009.544,5502.175,13152.66,1963.221,6091.201,12897.96,1969.389,6037.534,13086.92,1979.789,6011.583,12765.66,1989.36,5589.657,12915.9,2042.597,5367.902
13014.8,1983.353,5477.586,12937.1,1950.195,6130.641,12942.22,1980.544,5661.673,12670.42,1976.692,5558.613,13238.42,2022.614,6091.227,12681.83,2012.767,5651.195,12996.97,1973.057,5578.397,12867.97,1984.858,5591.123,12996.27,1977.858,6054.623,12814.73,2009.544,5501.979,13152.55,1963.221,6091.025,12897.85,1969.389,6037.356,13086.8,1979.789,6011.407,12765.63,1989.36,5589.451,12915.69,2042.597,5367.906
13014.67,1983.353,5477.427,12936.97,1950.195,6130.475,12942.11,1980.544,5661.493,12670.4,1976.692,5558.406,13238.28,2022.614,6091.072,12681.76,2012.767,5650.998,12996.86,1973.057,5578.218,12867.92,1984.858,5590.92,12996.13,1977.858,6054.465,12814.67,2009.544,5501.78,13152.43,1963.221,6090.854,12897.73,1969.389,6037.183,13086.69,1979.789,6011.235,12765.6,1989.36,5589.245,12915.49,2042.597,5367.911
13014.54,1983.353,5477.263,12936.87,1950.195,6130.295,12942,1980.544,5661.316,12670.38,1976.692,5558.199,13238.15,2022.614,6090.913,12681.7,2012.767,5650.798,12996.76,1973.057,5578.036,12867.87,1984.858,5590.72,12996,1977.858,6054.303,12814.6,2009.544,5501.583,13152.32,1963.221,6090.678,12897.62,1969.389,6037.012,13086.58,1979.789,6011.053,12765.57,1989.36,5589.039,12915.28,2042.597,5367.915
13014.41,1983.353,5477.095,12936.75,1950.195,6130.119,12941.88,1980.544,5661.144,12670.36,1976.692,5557.991,13238.02,2022.614,6090.749,12681.64,2012.767,5650.597,12996.67,1973.057,5577.851,12867.8,1984.858,5590.521,12995.88,1977.858,6054.136,12814.52,2009.544,5501.389,13152.21,1963.221,6090.502,12897.52,1969.389,6036.826,13086.48,1979.789,6010.873,12765.53,1989.36,5588.834,12915.07,2042.597,5367.919
13014.29,1983.353,5476.928,12936.65,1950.195,6129.939,12941.76,1980.544,5660.975,12670.34,1976.692,5557.784,13237.9,2022.614,6090.582,12681.6,2012.767,5650.395,12996.58,1973.057,5577.663,12867.74,1984.858,5590.324,12995.75,1977.858,6053.973,12814.45,2009.544,5501.193,13152.11,1963.221,6090.319,12897.42,1969.389,6036.643,13086.37,1979.789,6010.695,12765.48,1989.36,5588.631,12914.86,2042.597,5367.924
13014.17,1983.353,5476.757,12936.56,1950.195,6129.75,12941.65,1980.544,5660.802,12670.31,1976.692,5557.578,13237.78,2022.614,6090.41,12681.55,2012.767,5650.19,12996.48,1973.057,5577.478,12867.66,1984.858,5590.13,12995.62,1977.858,6053.806,12814.39,2009.544,5500.995,13152,1963.221,6090.14,12897.32,1969.389,6036.463,13086.27,1979.789,6010.515,12765.44,1989.36,5588.427,12914.65,2042.597,5367.928
13014.06,1983.353,5476.582,12936.47,1950.195,6129.564,12941.54,1980.544,5660.625,12670.27,1976.692,5557.373,13237.66,2022.614,6090.236,12681.51,2012.767,5649.986,12996.38,1973.057,5577.295,12867.58,1984.858,5589.938,12995.5,1977.858,6053.635,12814.33,2009.544,5500.794,13151.89,1963.221,6089.965,12897.21,1969.389,6036.287,13086.16,1979.789,6010.334,12765.39,1989.36,5588.224,12914.45,2042.597,5367.933
13013.95,1983.353,5476.404,12936.37,1950.195,6129.381,12941.43,1980.544,5660.446,12670.26,1976.692,5557.165,13237.55,2022.614,6090.059,12681.47,2012.767,5649.783,12996.27,1973.057,5577.117,12867.51,1984.858,5589.743,12995.39,1977.858,6053.46,12814.27,2009.544,5500.596,13151.78,1963.221,6089.786,12897.1,1969.389,6036.107,13086.07,1979.789,6010.148,12765.36,1989.36,5588.019,12914.24,2042.597,5367.937
13013.85,1983.353,5476.222,12936.26,1950.195,6129.201,12941.31,1980.544,5660.275,12670.24,1976.692,5556.958,13237.43,2022.614,6089.889,12681.43,2012.767,5649.578,12996.17,1973.057,5576.935,12867.43,1984.858,5589.55,12995.28,1977.858,6053.282,12814.21,2009.544,5500.396,13151.68,1963.221,6089.603,12896.99,1969.389,6035.932,13085.97,1979.789,6009.965,12765.32,1989.36,5587.813,12914.03,2042.597,5367.93
13013.76,1983.353,5476.031,12936.18,1950.195,6129.011,12941.2,1980.544,5660.101,12670.24,1976.692,5556.749,13237.3,2022.614,6089.725,12681.4,2012.767,5649.372,12996.08,1973.057,5576.749,12867.35,1984.858,5589.358,12995.18,1977.858,6053.1,12814.15,2009.544,5500.196,13151.6,1963.221,6089.413,12896.88,1969.389,6035.752,13085.88,1979.789,6009.779,12765.28,1989.36,5587.609,12913.82,2042.597,5367.903
13013.68,1983.353,5475.841,12936.1,1950.195,6128.816,12941.09,1980.544,5659.923,12670.23,1976.692,5556.541,13237.18,2022.614,6089.556,12681.38,2012.767,5649.165,12995.98,1973.057,5576.567,12867.27,1984.858,5589.164,12995.08,1977.858,6052.915,12814.09,2009.544,5499.998,13151.51,1963.221,6089.225,12896.78,1969.389,6035.57,13085.78,1979.789,6009.596,12765.27,1989.36,5587.401,12913.62,2042.597,5367.883
13013.59,1983.353,5475.652,12936.03,1950.195,6128.621,12940.98,1980.544,5659.741,12670.22,1976.692,5556.332,13237.07,2022.614,6089.383,12681.36,2012.767,5648.957,12995.87,1973.057,5576.386,12867.2,1984.858,5588.966,12994.99,1977.858,6052.726,12814.03,2009.544,5499.797,13151.41,1963.221,6089.039,12896.68,1969.389,6035.389,13085.67,1979.789,6009.414,12765.25,1989.36,5587.193,12913.41,2042.597,5367.87
13013.49,1983.353,5475.397,12935.92,1950.195,6128.369,12940.83,1980.544,5659.513,12670.23,1976.692,5556.058,13236.92,2022.614,6089.153,12681.34,2012.767,5648.684,12995.72,1973.057,5576.16,12867.12,1984.858,5588.705,12994.87,1977.858,6052.482,12813.96,2009.544,5499.532,13151.31,1963.221,6088.787,12896.55,1969.389,6035.147,13085.55,1979.789,6009.171,12765.21,1989.36,5586.922,12913.13,2042.597,5367.861
13013.36,1983.353,5475.088,12935.78,1950.195,6128.065,12940.65,1980.544,5659.231,12670.25,1976.692,5555.724,13236.75,2022.614,6088.866,12681.33,2012.767,5648.349,12995.54,1973.057,5575.876,12867.06,1984.858,5588.376,12994.73,1977.858,6052.18,12813.89,2009.544,5499.206,13151.17,1963.221,6088.482,12896.4,1969.389,6034.847,13085.4,1979.789,6008.869,12765.15,1989.36,5586.592,12912.8,2042.597,5367.861
13013.2,1983.353,5474.729,12935.61,1950.195,6127.711,12940.45,1980.544,5658.893,12670.25,1976.692,5555.329,13236.55,2022.614,6088.521,12681.33,2012.767,5647.955,12995.31,1973.057,5575.555,12866.97,1984.858,5587.991,12994.57,1977.858,6051.819,12813.78,2009.544,5498.826,13150.99,1963.221,6088.129,12896.24,1969.389,6034.487,13085.21,1979.789,6008.528,12765.09,1989.36,5586.202,12912.4,2042.597,5367.875
13013.01,1983.353,5474.361,12935.44,1950.195,6127.336,12940.25,1980.544,5658.532,12670.28,1976.692,5554.918,13236.37,2022.614,6088.154,12681.31,2012.767,5647.543,12995.08,1973.057,5575.213,12866.87,1984.858,5587.592,12994.39,1977.858,6051.447,12813.68,2009.544,5498.427,13150.8,1963.221,6087.766,12896.06,1969.389,6034.117,13085.01,1979.789,6008.165,12765,1989.36,5585.801,12911.99,2042.597,5367.889
13012.87,1983.353,5474.062,12935.29,1950.195,6127.037,12940.1,1980.544,5658.235,12670.3,1976.692,5554.585,13236.24,2022.614,6087.845,12681.3,2012.767,5647.209,12994.9,1973.057,5574.93,12866.78,1984.858,5587.272,12994.25,1977.858,6051.142,12813.58,2009.544,5498.11,13150.65,1963.221,6087.467,12895.91,1969.389,6033.817,13084.86,1979.789,6007.866,12764.93,1989.36,5585.475,12911.66,2042.597,5367.9
13012.56,1983.353,5473.491,12935.02,1950.195,6126.447,12939.78,1980.544,5657.669,12670.31,1976.692,5553.938,13235.98,2022.614,6087.253,12681.35,2012.767,5646.563,12994.58,1973.057,5574.371,12866.57,1984.858,5586.657,12994.07,1977.858,6050.522,12813.4,2009.544,5497.488,13150.32,1963.221,6086.91,12895.65,1969.389,6033.227,13084.6,1979.789,6007.276,12764.82,1989.36,5584.837,12911.01,2042.597,5367.922
13012.36,1983.353,5473.09,12934.85,1950.195,6126.032,12939.55,1980.544,5657.284,12670.3,1976.692,5553.488,13235.78,2022.614,6086.849,12681.36,2012.767,5646.115,12994.36,1973.057,5573.975,12866.42,1984.858,5586.235,12993.93,1977.858,6050.096,12813.25,2009.544,5497.065,13150.08,1963.221,6086.53,12895.47,1969.389,6032.811,13084.37,1979.789,6006.888,12764.75,1989.36,5584.392,12910.56,2042.597,5367.938
13012.24,1983.353,5472.824,12934.72,1950.195,6125.77,12939.41,1980.544,5657.028,12670.29,1976.692,5553.196,13235.65,2022.614,6086.589,12681.36,2012.767,5645.822,12994.25,1973.057,5573.705,12866.33,1984.858,5585.957,12993.82,1977.858,6049.822,12813.16,2009.544,5496.787,13149.93,1963.221,6086.281,12895.36,1969.389,6032.544,13084.23,1979.789,6006.63,12764.74,1989.36,5584.1,12910.27,2042.597,5367.947
13011.97,1983.353,5472.324,12934.48,1950.195,6125.253,12939.15,1980.544,5656.522,12670.27,1976.692,5552.629,13235.37,2022.614,6086.095,12681.34,2012.767,5645.255,12994.02,1973.057,5573.188,12866.17,1984.858,5585.413,12993.61,1977.858,6049.297,12813,2009.544,5496.241,13149.64,1963.221,6085.789,12895.07,1969.389,6032.056,13083.92,1979.789,6006.153,12764.69,1989.36,5583.535,12909.7,2042.597,5367.967
13011.79,1983.353,5471.955,12934.3,1950.195,6124.883,12938.98,1980.544,5656.15,12670.26,1976.692,5552.218,13235.17,2022.614,6085.732,12681.32,2012.767,5644.844,12993.84,1973.057,5572.818,12866.07,1984.858,5585.014,12993.45,1977.858,6048.917,12812.86,2009.544,5495.855,13149.43,1963.221,6085.438,12894.87,1969.389,6031.696,13083.71,1979.789,6005.801,12764.65,1989.36,5583.126,12909.29,2042.597,5367.981
13011.6,1983.353,5471.604,12934.13,1950.195,6124.527,12938.8,1980.544,5655.796,12670.26,1976.692,5551.819,13235.01,2022.614,6085.37,12681.33,2012.767,5644.446,12993.64,1973.057,5572.473,12866,1984.858,5584.621,12993.29,1977.858,6048.555,12812.73,2009.544,5495.478,13149.23,1963.221,6085.093,12894.69,1969.389,6031.341,13083.52,1979.789,6005.453,12764.6,1989.36,5582.73,12908.89,2042.597,5367.978
13011.39,1983.353,5471.24,12933.91,1950.195,6124.167,12938.62,1980.544,5655.416,12670.25,1976.692,5551.399,13234.85,2022.614,6084.981,12681.32,2012.767,5644.026,12993.4,1973.057,5572.126,12865.93,1984.858,5584.208,12993.1,1977.858,6048.178,12812.61,2009.544,5495.076,13148.98,1963.221,6084.756,12894.51,1969.389,6030.96,13083.28,1979.789,6005.104,12764.55,1989.36,5582.314,12908.47,2042.597,5367.96
13011.23,1983.353,5470.885,12933.72,1950.195,6123.828,12938.44,1980.544,5655.07,12670.23,1976.692,5551.011,13234.69,2022.614,6084.627,12681.32,2012.767,5643.637,12993.19,1973.057,5571.797,12865.84,1984.858,5583.828,12992.92,1977.858,6047.835,12812.49,2009.544,5494.707,13148.76,1963.221,6084.438,12894.36,1969.389,6030.602,13083.08,1979.789,6004.774,12764.45,1989.36,5581.938,12908.08,2042.597,5367.956
13011.03,1983.353,5470.488,12933.51,1950.195,6123.44,12938.23,1980.544,5654.682,12670.19,1976.692,5550.57,13234.5,2022.614,6084.229,12681.3,2012.767,5643.195,12992.97,1973.057,5571.416,12865.73,1984.858,5583.399,12992.69,1977.858,6047.452,12812.37,2009.544,5494.281,13148.52,1963.221,6084.066,12894.19,1969.389,6030.191,13082.86,1979.789,6004.391,12764.35,1989.36,5581.506,12907.64,2042.597,5367.92
13010.73,1983.353,5469.921,12933.21,1950.195,6122.869,12937.9,1980.544,5654.13,12670.11,1976.692,5549.933,13234.19,2022.614,6083.661,12681.25,2012.767,5642.554,12992.66,1973.057,5570.852,12865.56,1984.858,5582.782,12992.35,1977.858,6046.907,12812.17,2009.544,5493.668,13148.13,1963.221,6083.554,12893.96,1969.389,6029.594,13082.55,1979.789,6003.824,12764.22,1989.36,5580.876,12907,2042.597,5367.89
13010.47,1983.353,5469.442,12932.96,1950.195,6122.384,12937.6,1980.544,5653.669,12670.02,1976.692,5549.392,13233.92,2022.614,6083.187,12681.2,2012.767,5642.01,12992.42,1973.057,5570.363,12865.42,1984.858,5582.252,12992.05,1977.858,6046.452,12812.03,2009.544,5493.142,13147.81,1963.221,6083.108,12893.74,1969.389,6029.092,13082.31,1979.789,6003.333,12764.13,1989.36,5580.336,12906.46,2042.597,5367.881
13010.06,1983.353,5468.723,12932.65,1950.195,6121.62,12937.18,1980.544,5652.96,12669.87,1976.692,5548.581,13233.51,2022.614,6082.474,12681.09,2012.767,5641.191,12992.12,1973.057,5569.594,12865.18,1984.858,5581.461,12991.61,1977.858,6045.752,12811.83,2009.544,5492.34,13147.36,1963.221,6082.419,12893.4,1969.389,6028.341,13081.92,1979.789,6002.605,12764.03,1989.36,5579.518,12905.63,2042.597,5367.896
13009.85,1983.353,5468.346,12932.47,1950.195,6121.224,12936.97,1980.544,5652.582,12669.78,1976.692,5548.159,13233.28,2022.614,6082.107,12681.03,2012.767,5640.764,12991.95,1973.057,5569.196,12865.04,1984.858,5581.051,12991.4,1977.858,6045.378,12811.68,2009.544,5491.935,13147.12,1963.221,6082.058,12893.26,1969.389,6027.93,13081.73,1979.789,6002.216,12763.99,1989.36,5579.087,12905.2,2042.597,5367.903
13009.63,1983.353,5467.981,12932.29,1950.195,6120.841,12936.76,1980.544,5652.213,12669.67,1976.692,5547.748,13233.04,2022.614,6081.755,12681.01,2012.767,5640.339,12991.77,1973.057,5568.812,12864.92,1984.858,5580.644,12991.19,1977.858,6045.004,12811.54,2009.544,5491.532,13146.9,1963.221,6081.696,12893.12,1969.389,6027.531,13081.54,1979.789,6001.839,12763.96,1989.36,5578.663,12904.77,2042.597,5367.91
13009.24,1983.353,5467.278,12931.92,1950.195,6120.128,12936.37,1980.544,5651.509,12669.5,1976.692,5546.964,13232.61,2022.614,6081.075,12680.97,2012.767,5639.537,12991.4,1973.057,5568.095,12864.74,1984.858,5579.862,12990.83,1977.858,6044.286,12811.31,2009.544,5490.763,13146.38,1963.221,6081.079,12892.82,1969.389,6026.784,13081.14,1979.789,6001.14,12763.88,1989.36,5577.863,12903.97,2042.597,5367.924
13008.97,1983.353,5466.752,12931.63,1950.195,6119.614,12936.11,1980.544,5650.983,12669.39,1976.692,5546.384,13232.28,2022.614,6080.585,12680.91,2012.767,5638.949,12991.12,1973.057,5567.578,12864.64,1984.858,5579.28,12990.59,1977.858,6043.75,12811.16,2009.544,5490.192,13146,1963.221,6080.626,12892.58,1969.389,6026.244,13080.83,1979.789,6000.636,12763.8,1989.36,5577.278,12903.38,2042.597,5367.934
13008.58,1983.353,5465.914,12931.15,1950.195,6118.82,12935.71,1980.544,5650.144,12669.24,1976.692,5545.469,13231.74,2022.614,6079.834,12680.89,2012.767,5638.023,12990.63,1973.057,5566.791,12864.52,1984.858,5578.361,12990.23,1977.858,6042.896,12810.95,2009.544,5489.29,13145.39,1963.221,6079.935,12892.19,1969.389,6025.407,13080.33,1979.789,5999.861,12763.65,1989.36,5576.364,12902.45,2042.597,5367.95
13008.17,1983.353,5465.11,12930.71,1950.195,6118.032,12935.36,1980.544,5649.315,12669.01,1976.692,5544.598,13231.19,2022.614,6079.121,12680.84,2012.767,5637.123,12990.18,1973.057,5566.01,12864.38,1984.858,5577.471,12989.85,1977.858,6042.075,12810.7,2009.544,5488.424,13144.76,1963.221,6079.288,12891.77,1969.389,6024.606,13079.86,1979.789,5999.091,12763.54,1989.36,5575.47,12901.55,2042.597,5367.965
13007.84,1983.353,5464.505,12930.35,1950.195,6117.447,12935.11,1980.544,5648.672,12668.85,1976.692,5543.926,13230.75,2022.614,6078.589,12680.78,2012.767,5636.435,12989.85,1973.057,5565.401,12864.25,1984.858,5576.793,12989.55,1977.858,6041.457,12810.52,2009.544,5487.756,13144.29,1963.221,6078.777,12891.43,1969.389,6024.003,13079.52,1979.789,5998.491,12763.42,1989.36,5574.789,12900.86,2042.597,5367.989
13007.36,1983.353,5463.691,12929.87,1950.195,6116.629,12934.74,1980.544,5647.802,12668.62,1976.692,5543.008,13230.15,2022.614,6077.853,12680.66,2012.767,5635.497,12989.43,1973.057,5564.553,12864.03,1984.858,5575.872,12989.1,1977.858,6040.624,12810.26,2009.544,5486.847,13143.68,1963.221,6078.057,12891,1969.389,6023.163,13079.08,1979.789,5997.653,12763.32,1989.36,5573.849,12899.92,2042.597,5368.053
13006.81,1983.353,5462.683,12929.33,1950.195,6115.619,12934.25,1980.544,5646.762,12668.38,1976.692,5541.885,13229.55,2022.614,6076.875,12680.62,2012.767,5634.349,12988.96,1973.057,5563.506,12863.89,1984.858,5574.732,12988.52,1977.858,6039.63,12809.99,2009.544,5485.732,13142.97,1963.221,6077.158,12890.44,1969.389,6022.161,13078.58,1979.789,5996.618,12763.15,1989.36,5572.712,12898.77,2042.597,5368.167
13006.42,1983.353,5461.913,12928.89,1950.195,6114.873,12933.86,1980.544,5645.992,12668.22,1976.692,5541.037,13229.08,2022.614,6076.154,12680.56,2012.767,5633.487,12988.63,1973.057,5562.708,12863.78,1984.858,5573.876,12988.07,1977.858,6038.896,12809.73,2009.544,5484.909,13142.45,1963.221,6076.465,12889.99,1969.389,6021.421,13078.23,1979.789,5995.829,12763,1989.36,5571.862,12897.92,2042.597,5368.281
13006.04,1983.353,5461.096,12928.5,1950.195,6114.061,12933.42,1980.544,5645.202,12668.09,1976.692,5540.146,13228.55,2022.614,6075.419,12680.47,2012.767,5632.59,12988.31,1973.057,5561.865,12863.65,1984.858,5572.984,12987.57,1977.858,6038.146,12809.48,2009.544,5484.041,13141.94,1963.221,6075.725,12889.5,1969.389,6020.665,13077.89,1979.789,5994.993,12762.87,1989.36,5570.971,12897.03,2042.597,5368.43
13005.47,1983.353,5459.811,12927.85,1950.195,6112.814,12932.79,1980.544,5643.949,12667.88,1976.692,5538.756,13227.57,2022.614,6074.421,12680.29,2012.767,5631.197,12987.78,1973.057,5560.567,12863.4,1984.858,5571.602,12986.83,1977.858,6036.952,12809.15,2009.544,5482.676,13141.17,1963.221,6074.544,12888.7,1969.389,6019.51,13077.32,1979.789,5993.708,12762.86,1989.36,5569.565,12895.65,2042.597,5368.706
13005.08,1983.353,5458.843,12927.34,1950.195,6111.905,12932.35,1980.544,5643.004,12667.76,1976.692,5537.72,13226.86,2022.614,6073.656,12680.12,2012.767,5630.167,12987.37,1973.057,5559.607,12863.21,1984.858,5570.575,12986.31,1977.858,6036.049,12808.93,2009.544,5481.655,13140.72,1963.221,6073.606,12888.05,1969.389,6018.696,13076.87,1979.789,5992.769,12762.83,1989.36,5568.523,12894.64,2042.597,5368.945
13004.75,1983.353,5458.109,12926.93,1950.195,6111.217,12932.03,1980.544,5642.268,12667.6,1976.692,5536.932,13226.33,2022.614,6073.05,12680.02,2012.767,5629.37,12987.13,1973.057,5558.84,12863.05,1984.858,5569.789,12985.93,1977.858,6035.341,12808.79,2009.544,5480.864,13140.34,1963.221,6072.896,12887.57,1969.389,6018.053,13076.61,1979.789,5992.01,12762.81,1989.36,5567.72,12893.84,2042.597,5369.06
13004.12,1983.353,5456.554,12926.01,1950.195,6109.81,12931.4,1980.544,5640.71,12667.23,1976.692,5535.297,13225.27,2022.614,6071.748,12679.84,2012.767,5627.703,12986.58,1973.057,5557.254,12862.7,1984.858,5568.149,12985.3,1977.858,6033.787,12808.56,2009.544,5479.204,13139.76,1963.221,6071.324,12886.61,1969.389,6016.677,13076,1979.789,5990.444,12762.72,1989.36,5566.045,12892.19,2042.597,5369.355
13003.56,1983.353,5455.458,12925.38,1950.195,6108.753,12930.98,1980.544,5639.551,12666.96,1976.692,5534.094,13224.53,2022.614,6070.766,12679.7,2012.767,5626.478,12986.33,1973.057,5556.048,12862.48,1984.858,5566.936,12984.83,1977.858,6032.647,12808.27,2009.544,5478.004,13139.29,1963.221,6070.184,12885.94,1969.389,6015.644,13075.52,1979.789,5989.309,12762.61,1989.36,5564.816,12890.98,2042.597,5369.611
13003.19,1983.353,5454.691,12924.95,1950.195,6108.017,12930.72,1980.544,5638.743,12666.78,1976.692,5533.263,13224.03,2022.614,6070.073,12679.61,2012.767,5625.633,12986.12,1973.057,5555.222,12862.36,1984.858,5566.094,12984.48,1977.858,6031.872,12808.1,2009.544,5477.172,13138.94,1963.221,6069.408,12885.5,1969.389,6014.916,13075.16,1979.789,5988.542,12762.5,1989.36,5563.973,12890.16,2042.597,5369.815
13002.28,1983.353,5452.608,12923.65,1950.195,6106.157,12930.08,1980.544,5636.56,12666.32,1976.692,5531.039,13222.78,2022.614,6068.177,12679.38,2012.767,5623.373,12985.51,1973.057,5553.034,12862.1,1984.858,5563.836,12983.59,1977.858,6029.78,12807.71,2009.544,5474.932,13138,1963.221,6067.34,12884.27,1969.389,6013,13073.99,1979.789,5986.592,12762.16,1989.36,5561.727,12887.97,2042.597,5370.433
13002.03,1983.353,5451.978,12923.27,1950.195,6105.589,12929.92,1980.544,5635.902,12666.18,1976.692,5530.374,13222.43,2022.614,6067.598,12679.31,2012.767,5622.698,12985.37,1973.057,5552.369,12862,1984.858,5563.164,12983.3,1977.858,6029.165,12807.55,2009.544,5474.272,13137.7,1963.221,6066.731,12883.86,1969.389,6012.46,13073.66,1979.789,5985.998,12762.07,1989.36,5561.053,12887.32,2042.597,5370.638
13001.7,1983.353,5451.06,12922.77,1950.195,6104.756,12929.71,1980.544,5634.949,12666,1976.692,5529.417,13221.94,2022.614,6066.75,12679.22,2012.767,5621.727,12985.14,1973.057,5551.421,12861.83,1984.858,5562.204,12982.86,1977.858,6028.293,12807.35,2009.544,5473.317,13137.24,1963.221,6065.872,12883.3,1969.389,6011.666,13073.19,1979.789,5985.144,12761.99,1989.36,5560.081,12886.4,2042.597,5370.964
13000.99,1983.353,5448.879,12921.41,1950.195,6102.906,12929.29,1980.544,5632.694,12665.56,1976.692,5527.167,13220.72,2022.614,6064.807,12679.01,2012.767,5619.444,12984.74,1973.057,5549.162,12861.5,1984.858,5559.934,12981.76,1977.858,6026.281,12806.95,2009.544,5471.058,13136.08,1963.221,6063.888,12881.85,1969.389,6009.881,13072.1,1979.789,5983.125,12761.71,1989.36,5557.803,12884.24,2042.597,5371.729
13000.63,1983.353,5447.846,12920.79,1950.195,6102.004,12929.12,1980.544,5631.614,12665.36,1976.692,5526.093,13220.17,2022.614,6063.863,12678.91,2012.767,5618.356,12984.54,1973.057,5548.088,12861.37,1984.858,5558.848,12981.2,1977.858,6025.339,12806.79,2009.544,5469.977,13135.66,1963.221,6062.881,12881.2,1969.389,6009.009,13071.66,1979.789,5982.123,12761.55,1989.36,5556.723,12883.21,2042.597,5372.094
13000.32,1983.353,5446.831,12920.22,1950.195,6101.108,12928.99,1980.544,5630.559,12665.17,1976.692,5525.049,13219.67,2022.614,6062.928,12678.82,2012.767,5617.298,12984.35,1973.057,5547.042,12861.29,1984.858,5557.789,12980.66,1977.858,6024.425,12806.67,2009.544,5468.921,13135.22,1963.221,6061.915,12880.54,1969.389,6008.17,13071.27,1979.789,5981.135,12761.35,1989.36,5555.679,12882.21,2042.597,5372.449
12999.81,1983.353,5444.975,12919.13,1950.195,6099.521,12928.83,1980.544,5628.643,12664.82,1976.692,5523.158,13218.81,2022.614,6061.206,12678.67,2012.767,5615.381,12984.1,1973.057,5545.135,12861.07,1984.858,5555.878,12979.7,1977.858,6022.761,12806.51,2009.544,5467.004,13134.52,1963.221,6060.123,12879.42,1969.389,6006.613,13070.5,1979.789,5979.371,12760.94,1989.36,5553.8,12880.4,2042.597,5373.091
12999.46,1983.353,5443.494,12918.32,1950.195,6098.237,12928.74,1980.544,5627.123,12664.55,1976.692,5521.661,13218.18,2022.614,6059.822,12678.57,2012.767,5613.864,12983.86,1973.057,5543.632,12860.85,1984.858,5554.372,12978.89,1977.858,6021.47,12806.43,2009.544,5465.484,13134,1963.221,6058.691,12878.53,1969.389,6005.373,13069.85,1979.789,5977.996,12760.66,1989.36,5552.304,12878.96,2042.597,5373.599
12999.15,1983.353,5441.997,12917.6,1950.195,6096.886,12928.71,1980.544,5625.595,12664.29,1976.692,5520.157,13217.59,2022.614,6058.413,12678.47,2012.767,5612.34,12983.66,1973.057,5542.117,12860.58,1984.858,5552.868,12978.08,1977.858,6020.175,12806.39,2009.544,5463.957,13133.52,1963.221,6057.239,12877.52,1969.389,6004.229,13069.15,1979.789,5976.637,12760.42,1989.36,5550.795,12877.54,2042.597,5374.15
12998.88,1983.353,5440.99,12917.13,1950.195,6095.957,12928.72,1980.544,5624.551,12664.08,1976.692,5519.133,13217.19,2022.614,6057.447,12678.36,2012.767,5611.301,12983.53,1973.057,5541.082,12860.36,1984.858,5551.847,12977.54,1977.858,6019.28,12806.39,2009.544,5462.913,13133.17,1963.221,6056.258,12876.85,1969.389,6003.425,13068.58,1979.789,5975.759,12760.28,1989.36,5549.76,12876.57,2042.597,5374.555
12998.52,1983.353,5439.516,12916.39,1950.195,6094.63,12928.79,1980.544,5623.036,12663.78,1976.692,5517.647,13216.58,2022.614,6056.057,12678.17,2012.767,5609.796,12983.29,1973.057,5539.584,12860,1984.858,5550.375,12976.72,1977.858,6018.005,12806.42,2009.544,5461.397,13132.6,1963.221,6054.85,12875.92,1969.389,6002.227,13067.8,1979.789,5974.458,12759.98,1989.36,5548.274,12875.19,2042.597,5375.181
12998.02,1983.353,5437.453,12915.4,1950.195,6092.753,12928.81,1980.544,5620.914,12663.42,1976.692,5515.554,13215.62,2022.614,6054.166,12677.91,2012.767,5607.69,12983.02,1973.057,5537.478,12859.55,1984.858,5548.298,12975.47,1977.858,6016.29,12806.46,2009.544,5459.274,13131.75,1963.221,6052.907,12874.68,1969.389,6000.507,13066.77,1979.789,5972.604,12759.61,1989.36,5546.184,12873.29,2042.597,5376.109
12997.72,1983.353,5436.368,12914.84,1950.195,6091.776,12928.79,1980.544,5619.789,12663.12,1976.692,5514.469,13215.14,2022.614,6053.146,12677.79,2012.767,5606.572,12982.92,1973.057,5536.357,12859.36,1984.858,5547.191,12974.84,1977.858,6015.359,12806.49,2009.544,5458.149,13131.26,1963.221,6051.892,12874.05,1969.389,5999.574,13066.25,1979.789,5971.605,12759.45,1989.36,5545.07,12872.29,2042.597,5376.628
12997.21,1983.353,5434.245,12913.84,1950.195,6089.834,12928.67,1980.544,5617.606,12662.56,1976.692,5512.359,13214.15,2022.614,6051.199,12677.55,2012.767,5604.4,12982.79,1973.057,5534.176,12859.04,1984.858,5545.029,12973.67,1977.858,6013.513,12806.55,2009.544,5455.965,13130.63,1963.221,6049.8,12872.86,1969.389,5997.745,13065.18,1979.789,5969.7,12758.99,1989.36,5542.933,12870.38,2042.597,5377.686
12996.97,1983.353,5433.112,12913.28,1950.195,6088.824,12928.57,1980.544,5616.454,12662.27,1976.692,5511.239,13213.66,2022.614,6050.151,12677.43,2012.767,5603.25,12982.76,1973.057,5533.02,12858.76,1984.858,5543.906,12973.04,1977.858,6012.542,12806.54,2009.544,5454.808,13130.26,1963.221,6048.704,12872.25,1969.389,5996.76,13064.65,1979.789,5968.673,12758.73,1989.36,5541.807,12869.34,2042.597,5378.212
12996.53,1983.353,5430.918,12912.12,1950.195,6086.908,12928.31,1980.544,5614.233,12661.73,1976.692,5509.07,13212.78,2022.614,6048.096,12677.22,2012.767,5601.025,12982.77,1973.057,5530.783,12858.29,1984.858,5541.719,12971.88,1977.858,6010.626,12806.46,2009.544,5452.573,13129.47,1963.221,6046.61,12871.02,1969.389,5994.893,13063.54,1979.789,5966.732,12758.29,1989.36,5539.614,12867.32,2042.597,5379.165
12996.34,1983.353,5429.769,12911.52,1950.195,6085.911,12928.14,1980.544,5613.081,12661.46,1976.692,5507.939,13212.33,2022.614,6047.022,12677.11,2012.767,5599.865,12982.81,1973.057,5529.619,12857.96,1984.858,5540.601,12971.28,1977.858,6009.628,12806.38,2009.544,5451.411,13129.03,1963.221,6045.534,12870.27,1969.389,5994,13062.97,1979.789,5965.713,12758.09,1989.36,5538.465,12866.25,2042.597,5379.626
12996.11,1983.353,5428.042,12910.68,1950.195,6084.384,12927.79,1980.544,5611.375,12661.05,1976.692,5506.245,13211.71,2022.614,6045.395,12676.96,2012.767,5598.13,12982.82,1973.057,5527.877,12857.53,1984.858,5538.914,12970.56,1977.858,6008.043,12806.21,2009.544,5449.678,13128.46,1963.221,6043.888,12869.2,1969.389,5992.628,13061.96,1979.789,5964.293,12757.75,1989.36,5536.758,12864.64,2042.597,5380.274
12995.9,1983.353,5425.915,12909.59,1950.195,6082.545,12927.23,1980.544,5609.311,12660.57,1976.692,5504.163,13211.01,2022.614,6043.373,12676.8,2012.767,5596,12982.75,1973.057,5525.74,12857.07,1984.858,5536.826,12969.61,1977.858,6006.126,12805.94,2009.544,5447.557,13127.69,1963.221,6041.891,12867.93,1969.389,5990.903,13060.78,1979.789,5962.51,12757.26,1989.36,5534.676,12862.63,2042.597,5381.018
12995.79,1983.353,5424.176,12908.79,1950.195,6080.998,12926.82,1980.544,5607.616,12660.19,1976.692,5502.464,13210.65,2022.614,6041.667,12676.67,2012.767,5594.262,12982.65,1973.057,5524,12856.75,1984.858,5535.113,12968.79,1977.858,6004.588,12805.67,2009.544,5445.836,13127.02,1963.221,6040.285,12866.95,1969.389,5989.464,13059.87,1979.789,5961.026,12756.8,1989.36,5532.995,12860.98,2042.597,5381.582
12995.55,1983.353,5422.748,12908.22,1950.195,6079.665,12926.44,1980.544,5606.219,12659.71,1976.692,5501.099,13210.31,2022.614,6040.261,12676.53,2012.767,5592.822,12982.54,1973.057,5522.556,12856.43,1984.858,5533.7,12968.17,1977.858,6003.282,12805.4,2009.544,5444.413,13126.5,1963.221,6038.933,12866.17,1969.389,5988.242,13059.15,1979.789,5959.769,12756.47,1989.36,5531.585,12859.6,2042.597,5382.014
12995.08,1983.353,5420.491,12907.39,1950.195,6077.517,12925.87,1980.544,5603.987,12658.97,1976.692,5498.917,13209.69,2022.614,6038.041,12676.31,2012.767,5590.529,12982.3,1973.057,5520.265,12856.29,1984.858,5531.399,12967.26,1977.858,6001.165,12804.91,2009.544,5442.162,13125.6,1963.221,6036.81,12865,1969.389,5986.258,13058.07,1979.789,5957.732,12756.02,1989.36,5529.327,12857.38,2042.597,5382.646
12994.34,1983.353,5417.865,12906.32,1950.195,6075.007,12925.28,1980.544,5601.323,12658.12,1976.692,5496.324,13208.88,2022.614,6035.437,12676.06,2012.767,5587.813,12981.92,1973.057,5517.562,12856.04,1984.858,5528.683,12966.44,1977.858,5998.563,12804.25,2009.544,5439.515,13124.45,1963.221,6034.337,12863.69,1969.389,5983.865,13056.62,1979.789,5955.421,12755.56,1989.36,5526.635,12854.74,2042.597,5383.325
12994.01,1983.353,5416.684,12905.88,1950.195,6073.86,12925.05,1980.544,5600.117,12657.75,1976.692,5495.155,13208.47,2022.614,6034.279,12675.97,2012.767,5586.59,12981.74,1973.057,5516.349,12855.99,1984.858,5527.457,12966.03,1977.858,5997.405,12803.91,2009.544,5438.333,13123.82,1963.221,6033.282,12863.08,1969.389,5982.799,13056,1979.789,5954.361,12755.53,1989.36,5525.409,12853.55,2042.597,5383.6
12993.93,1983.353,5416.375,12905.76,1950.195,6073.567,12924.97,1980.544,5599.811,12657.66,1976.692,5494.851,13208.36,2022.614,6033.982,12675.94,2012.767,5586.273,12981.68,1973.057,5516.036,12855.97,1984.858,5527.14,12965.92,1977.858,5997.109,12803.82,2009.544,5438.03,13123.67,1963.221,6033.004,12862.93,1969.389,5982.519,13055.85,1979.789,5954.082,12755.5,1989.36,5525.092,12853.24,2042.597,5383.663
12993.48,1983.353,5414.216,12905.14,1950.195,6071.45,12924.45,1980.544,5597.665,12657.03,1976.692,5492.737,13207.62,2022.614,6031.903,12675.81,2012.767,5584.072,12981.21,1973.057,5513.88,12855.74,1984.858,5524.945,12965.05,1977.858,5995.08,12803.1,2009.544,5435.944,13122.67,1963.221,6031.037,12861.8,1969.389,5980.625,13054.87,1979.789,5952.107,12755.29,1989.36,5522.896,12851.06,2042.597,5384.045
12993.26,1983.353,5413.226,12904.82,1950.195,6070.488,12924.25,1980.544,5596.671,12656.75,1976.692,5491.764,13207.25,2022.614,6030.959,12675.76,2012.767,5583.06,12981.13,1973.057,5512.87,12855.68,1984.858,5523.933,12964.62,1977.858,5994.162,12802.74,2009.544,5434.995,13122.24,1963.221,6030.119,12861.31,1969.389,5979.739,13054.44,1979.789,5951.186,12755.16,1989.36,5521.89,12850.06,2042.597,5384.195
12993,1983.353,5411.792,12904.32,1950.195,6069.12,12924,1980.544,5595.235,12656.35,1976.692,5490.362,13206.67,2022.614,6029.621,12675.71,2012.767,5581.604,12980.97,1973.057,5511.422,12855.55,1984.858,5522.481,12963.96,1977.858,5992.862,12802.19,2009.544,5433.647,13121.67,1963.221,6028.78,12860.61,1969.389,5978.461,13053.88,1979.789,5949.842,12754.93,1989.36,5520.452,12848.61,2042.597,5384.373
12992.75,1983.353,5410.105,12903.71,1950.195,6067.526,12923.77,1980.544,5593.545,12655.95,1976.692,5488.706,13205.83,2022.614,6028.134,12675.59,2012.767,5579.902,12980.94,1973.057,5509.716,12855.35,1984.858,5520.788,12963.14,1977.858,5991.367,12801.5,2009.544,5432.088,13121.01,1963.221,6027.206,12859.71,1969.389,5977.008,13053.27,1979.789,5948.249,12754.75,1989.36,5518.755,12846.92,2042.597,5384.537
12992.5,1983.353,5407.969,12902.88,1950.195,6065.542,12923.55,1980.544,5591.407,12655.5,1976.692,5486.604,13204.84,2022.614,6026.227,12675.37,2012.767,5577.764,12980.83,1973.057,5507.569,12855.02,1984.858,5518.664,12962.04,1977.858,5989.517,12800.57,2009.544,5430.15,13120.12,1963.221,6025.25,12858.64,1969.389,5975.142,13052.57,1979.789,5946.216,12754.45,1989.36,5516.626,12844.77,2042.597,5384.688
12992.39,1983.353,5406.607,12902.31,1950.195,6064.3,12923.45,1980.544,5590.044,12655.26,1976.692,5485.259,13204.25,2022.614,6024.995,12675.27,2012.767,5576.401,12980.71,1973.057,5506.208,12854.8,1984.858,5517.315,12961.36,1977.858,5988.337,12799.95,2009.544,5428.935,13119.59,1963.221,6023.988,12858.01,1969.389,5973.934,13052.08,1979.789,5944.939,12754.21,1989.36,5515.28,12843.41,2042.597,5384.748
12992.36,1983.353,5406.357,12902.2,1950.195,6064.075,12923.42,1980.544,5589.794,12655.22,1976.692,5485.01,13204.15,2022.614,6024.765,12675.24,2012.767,5576.151,12980.66,1973.057,5505.962,12854.75,1984.858,5517.068,12961.24,1977.858,5988.116,12799.83,2009.544,5428.712,13119.51,1963.221,6023.752,12857.9,1969.389,5973.708,13051.99,1979.789,5944.708,12754.16,1989.36,5515.034,12843.16,2042.597,5384.753
12992.11,1983.353,5404.716,12901.41,1950.195,6062.613,12923.2,1980.544,5588.15,12655.14,1976.692,5483.352,13203.53,2022.614,6023.224,12675.02,2012.767,5574.507,12980.36,1973.057,5504.331,12854.38,1984.858,5515.451,12960.49,1977.858,5986.631,12799.06,2009.544,5427.243,13118.89,1963.221,6022.21,12857.15,1969.389,5972.227,13051.29,1979.789,5943.199,12753.78,1989.36,5513.419,12841.5,2042.597,5384.741
12991.9,1983.353,5403.541,12900.88,1950.195,6061.543,12922.99,1980.544,5586.973,12655.05,1976.692,5482.161,13203.12,2022.614,6022.101,12674.82,2012.767,5573.329,12980.18,1973.057,5503.149,12854.07,1984.858,5514.296,12959.93,1977.858,5985.581,12798.5,2009.544,5426.188,13118.42,1963.221,6021.11,12856.6,1969.389,5971.162,13050.83,1979.789,5942.097,12753.47,1989.36,5512.266,12840.3,2042.597,5384.701
12991.73,1983.353,5402.401,12900.33,1950.195,6060.529,12922.76,1980.544,5585.844,12654.92,1976.692,5481.017,13202.72,2022.614,6021.021,12674.58,2012.767,5572.2,12980.1,1973.057,5502,12853.74,1984.858,5513.193,12959.41,1977.858,5984.55,12797.96,2009.544,5425.171,13117.86,1963.221,6020.104,12856.22,1969.389,5970.077,13050.44,1979.789,5941.014,12753.13,1989.36,5511.164,12839.15,2042.597,5384.633
12991.62,1983.353,5401.516,12899.86,1950.195,6059.777,12922.61,1980.544,5584.966,12654.79,1976.692,5480.135,13202.39,2022.614,6020.196,12674.38,2012.767,5571.334,12980.09,1973.057,5501.109,12853.45,1984.858,5512.349,12959.04,1977.858,5983.74,12797.54,2009.544,5424.387,13117.46,1963.221,6019.312,12855.89,1969.389,5969.249,13050.11,1979.789,5940.187,12752.84,1989.36,5510.32,12838.27,2042.597,5384.558
12991.47,1983.353,5400.414,12899.29,1950.195,6058.818,12922.45,1980.544,5583.865,12654.59,1976.692,5479.041,13201.94,2022.614,6019.178,12674.11,2012.767,5570.254,12980.05,1973.057,5499.998,12853.06,1984.858,5511.307,12958.71,1977.858,5982.676,12797.01,2009.544,5423.409,13116.91,1963.221,6018.341,12855.44,1969.389,5968.229,13049.73,1979.789,5939.14,12752.45,1989.36,5509.279,12837.16,2042.597,5384.435
12991.36,1983.353,5399.379,12898.79,1950.195,6057.905,12922.34,1980.544,5582.83,12654.38,1976.692,5478.021,13201.49,2022.614,6018.241,12673.83,2012.767,5569.252,12979.97,1973.057,5498.959,12852.73,1984.858,5510.321,12958.38,1977.858,5981.691,12796.51,2009.544,5422.494,13116.43,1963.221,6017.417,12855,1969.389,5967.288,13049.35,1979.789,5938.17,12752.06,1989.36,5508.316,12836.13,2042.597,5384.292
12991.3,1983.353,5398.547,12898.38,1950.195,6057.177,12922.29,1980.544,5581.998,12654.18,1976.692,5477.21,13201.1,2022.614,6017.501,12673.58,2012.767,5568.457,12980,1973.057,5498.126,12852.44,1984.858,5509.54,12958.08,1977.858,5980.912,12796.11,2009.544,5421.762,13116.07,1963.221,6016.664,12854.67,1969.389,5966.522,13049.03,1979.789,5937.403,12751.71,1989.36,5507.556,12835.31,2042.597,5384.157
12991.25,1983.353,5397.246,12897.79,1950.195,6056.021,12922.17,1980.544,5580.701,12653.83,1976.692,5475.955,13200.51,2022.614,6016.341,12673.36,2012.767,5567.173,12980.01,1973.057,5496.824,12852.02,1984.858,5508.306,12957.58,1977.858,5979.71,12795.49,2009.544,5420.62,13115.37,1963.221,6015.569,12854.25,1969.389,5965.289,13048.48,1979.789,5936.222,12751.14,1989.36,5506.385,12834.03,2042.597,5383.913
12991.24,1983.353,5396.203,12897.34,1950.195,6055.08,12922.06,1980.544,5579.664,12653.52,1976.692,5474.959,13200.01,2022.614,6015.427,12673.15,2012.767,5566.151,12979.99,1973.057,5495.781,12851.66,1984.858,5507.329,12957.14,1977.858,5978.761,12794.99,2009.544,5419.706,13114.83,1963.221,6014.675,12853.88,1969.389,5964.313,13048.12,1979.789,5935.241,12750.66,1989.36,5505.463,12833.01,2042.597,5383.69
12991.21,1983.353,5395.465,12897.04,1950.195,6054.404,12921.96,1980.544,5578.933,12653.29,1976.692,5474.257,13199.63,2022.614,6014.792,12672.98,2012.767,5565.432,12980,1973.057,5495.043,12851.45,1984.858,5506.619,12956.86,1977.858,5978.08,12794.63,2009.544,5419.059,13114.47,1963.221,6014.03,12853.6,1969.389,5963.629,13047.85,1979.789,5934.554,12750.29,1989.36,5504.821,12832.29,2042.597,5383.514
12991.2,1983.353,5394.544,12896.7,1950.195,6053.548,12921.86,1980.544,5578.017,12652.98,1976.692,5473.392,13199.18,2022.614,6013.986,12672.74,2012.767,5564.543,12979.98,1973.057,5494.122,12851.18,1984.858,5505.74,12956.53,1977.858,5977.219,12794.19,2009.544,5418.252,13114.05,1963.221,6013.211,12853.33,1969.389,5962.749,13047.48,1979.789,5933.71,12749.81,1989.36,5504.035,12831.4,2042.597,5383.271
12991.17,1983.353,5393.685,12896.39,1950.195,6052.747,12921.78,1980.544,5577.161,12652.67,1976.692,5472.591,13198.79,2022.614,6013.219,12672.49,2012.767,5563.721,12979.93,1973.057,5493.263,12850.9,1984.858,5504.925,12956.25,1977.858,5976.406,12793.77,2009.544,5417.499,13113.68,1963.221,6012.434,12853.05,1969.389,5961.936,13047.12,1979.789,5932.933,12749.34,1989.36,5503.316,12830.58,2042.597,5383.022
12991.18,1983.353,5392.988,12896.09,1950.195,6052.118,12921.69,1980.544,5576.47,12652.42,1976.692,5471.939,13198.5,2022.614,6012.588,12672.28,2012.767,5563.057,12979.87,1973.057,5492.569,12850.66,1984.858,5504.272,12956.01,1977.858,5975.754,12793.44,2009.544,5416.889,13113.46,1963.221,6011.773,12852.9,1969.389,5961.257,13046.82,1979.789,5932.301,12748.94,1989.36,5502.746,12829.92,2042.597,5382.803
12991.15,1983.353,5391.824,12895.62,1950.195,6051.051,12921.63,1980.544,5575.307,12652.03,1976.692,5470.846,13198.04,2022.614,6011.519,12671.92,2012.767,5561.95,12979.69,1973.057,5491.42,12850.37,1984.858,5503.146,12955.74,1977.858,5974.622,12792.88,2009.544,5415.869,13113.1,1963.221,6010.667,12852.59,1969.389,5960.134,13046.35,1979.789,5931.239,12748.24,1989.36,5501.816,12828.82,2042.597,5382.409
12991.12,1983.353,5391.333,12895.44,1950.195,6050.594,12921.59,1980.544,5574.817,12651.86,1976.692,5470.382,13197.81,2022.614,6011.082,12671.76,2012.767,5561.486,12979.62,1973.057,5490.933,12850.23,1984.858,5502.674,12955.61,1977.858,5974.146,12792.64,2009.544,5415.438,13112.93,1963.221,6010.206,12852.45,1969.389,5959.664,13046.16,1979.789,5930.784,12747.95,1989.36,5501.421,12828.37,2042.597,5382.23
12990.96,1983.353,5389.613,12894.85,1950.195,6048.97,12921.39,1980.544,5573.101,12651.31,1976.692,5468.748,13197.07,2022.614,6009.523,12671.14,2012.767,5559.875,12979.46,1973.057,5489.213,12849.68,1984.858,5501.034,12955.11,1977.858,5972.495,12791.82,2009.544,5413.922,13112.38,1963.221,6008.568,12851.89,1969.389,5958.029,13045.44,1979.789,5929.213,12746.93,1989.36,5500.027,12826.77,2042.597,5381.562
12990.93,1983.353,5389.161,12894.71,1950.195,6048.539,12921.35,1980.544,5572.649,12651.17,1976.692,5468.317,13196.89,2022.614,6009.108,12670.96,2012.767,5559.457,12979.4,1973.057,5488.764,12849.53,1984.858,5500.609,12954.96,1977.858,5972.066,12791.6,2009.544,5413.524,13112.22,1963.221,6008.144,12851.75,1969.389,5957.598,13045.26,1979.789,5928.8,12746.66,1989.36,5499.66,12826.36,2042.597,5381.375
12990.84,1983.353,5388.448,12894.51,1950.195,6047.851,12921.26,1980.544,5571.937,12650.95,1976.692,5467.634,13196.62,2022.614,6008.44,12670.67,2012.767,5558.803,12979.28,1973.057,5488.056,12849.26,1984.858,5499.942,12954.74,1977.858,5971.382,12791.26,2009.544,5412.893,13111.95,1963.221,6007.479,12851.51,1969.389,5956.921,13044.98,1979.789,5928.135,12746.25,1989.36,5499.074,12825.71,2042.597,5381.063
12990.67,1983.353,5387.262,12894.13,1950.195,6046.713,12921.07,1980.544,5570.753,12650.54,1976.692,5466.504,13196.23,2022.614,6007.309,12670.14,2012.767,5557.728,12979.12,1973.057,5486.867,12848.78,1984.858,5498.843,12954.41,1977.858,5970.23,12790.69,2009.544,5411.838,13111.42,1963.221,6006.401,12851.15,1969.389,5955.778,13044.48,1979.789,5927.048,12745.56,1989.36,5498.092,12824.65,2042.597,5380.514
12990.6,1983.353,5386.718,12893.9,1950.195,6046.216,12920.96,1980.544,5570.216,12650.34,1976.692,5465.995,13196.03,2022.614,6006.798,12669.88,2012.767,5557.244,12979.08,1973.057,5486.32,12848.58,1984.858,5498.334,12954.24,1977.858,5969.709,12790.43,2009.544,5411.356,13111.2,1963.221,6005.901,12850.94,1969.389,5955.27,13044.26,1979.789,5926.544,12745.25,1989.36,5497.641,12824.17,2042.597,5380.25
12990.51,1983.353,5385.634,12893.47,1950.195,6045.215,12920.72,1980.544,5569.157,12649.91,1976.692,5464.997,13195.6,2022.614,6005.798,12669.34,2012.767,5556.301,12979.04,1973.057,5485.234,12848.14,1984.858,5497.338,12953.87,1977.858,5968.688,12789.92,2009.544,5410.398,13110.67,1963.221,6004.953,12850.54,1969.389,5954.262,13043.87,1979.789,5925.53,12744.64,1989.36,5496.741,12823.23,2042.597,5379.703
12990.46,1983.353,5384.613,12892.97,1950.195,6044.326,12920.46,1980.544,5568.168,12649.47,1976.692,5464.073,13195.17,2022.614,6004.871,12668.8,2012.767,5555.432,12978.96,1973.057,5484.215,12847.8,1984.858,5496.374,12953.49,1977.858,5967.738,12789.44,2009.544,5409.496,13110.17,1963.221,6004.063,12850.08,1969.389,5953.348,13043.53,1979.789,5924.566,12744.07,1989.36,5495.891,12822.36,2042.597,5379.166
12990.43,1983.353,5384.284,12892.82,1950.195,6044.033,12920.36,1980.544,5567.851,12649.32,1976.692,5463.778,13195.03,2022.614,6004.571,12668.62,2012.767,5555.156,12978.92,1973.057,5483.886,12847.7,1984.858,5496.059,12953.35,1977.858,5967.436,12789.28,2009.544,5409.203,13110.01,1963.221,6003.77,12849.89,1969.389,5953.079,13043.43,1979.789,5924.25,12743.89,1989.36,5495.615,12822.08,2042.597,5378.984
12990.36,1983.353,5383.649,12892.5,1950.195,6043.477,12920.21,1980.544,5567.231,12649.05,1976.692,5463.2,13194.75,2022.614,6004,12668.25,2012.767,5554.634,12978.86,1973.057,5483.251,12847.49,1984.858,5495.457,12953.08,1977.858,5966.859,12788.99,2009.544,5408.638,13109.73,1963.221,6003.194,12849.53,1969.389,5952.547,13043.26,1979.789,5923.635,12743.55,1989.36,5495.078,12821.56,2042.597,5378.621
12990.26,1983.353,5382.699,12892,1950.195,6042.661,12920,1980.544,5566.298,12648.62,1976.692,5462.349,13194.35,2022.614,6003.133,12667.67,2012.767,5553.873,12978.76,1973.057,5482.301,12847.18,1984.858,5494.553,12952.64,1977.858,5966.011,12788.55,2009.544,5407.791,13109.35,1963.221,6002.321,12849.03,1969.389,5951.736,13042.97,1979.789,5922.724,12743.04,1989.36,5494.271,12820.79,2042.597,5378.057
12990.16,1983.353,5382.164,12891.68,1950.195,6042.227,12919.9,1980.544,5565.763,12648.37,1976.692,5461.867,13194.12,2022.614,6002.639,12667.33,2012.767,5553.45,12978.69,1973.057,5481.761,12846.98,1984.858,5494.044,12952.4,1977.858,5965.519,12788.3,2009.544,5407.308,13109.12,1963.221,6001.826,12848.74,1969.389,5951.273,13042.79,1979.789,5922.21,12742.75,1989.36,5493.808,12820.36,2042.597,5377.724
12990.07,1983.353,5381.632,12891.37,1950.195,6041.786,12919.8,1980.544,5565.232,12648.1,1976.692,5461.399,13193.91,2022.614,6002.143,12666.98,2012.767,5553.042,12978.6,1973.057,5481.229,12846.78,1984.858,5493.546,12952.16,1977.858,5965.04,12788.05,2009.544,5406.828,13108.91,1963.221,6001.329,12848.42,1969.389,5950.836,13042.62,1979.789,5921.701,12742.47,1989.36,5493.347,12819.94,2042.597,5377.383
12989.95,1983.353,5380.992,12891.01,1950.195,6041.24,12919.66,1980.544,5564.596,12647.76,1976.692,5460.844,13193.67,2022.614,6001.534,12666.53,2012.767,5552.562,12978.47,1973.057,5480.59,12846.51,1984.858,5492.953,12951.89,1977.858,5964.443,12787.75,2009.544,5406.248,13108.68,1963.221,6000.72,12848.03,1969.389,5950.319,13042.42,1979.789,5921.078,12742.14,1989.36,5492.787,12819.45,2042.597,5376.958
12989.8,1983.353,5380.132,12890.55,1950.195,6040.496,12919.53,1980.544,5563.733,12647.33,1976.692,5460.086,13193.26,2022.614,6000.768,12665.92,2012.767,5551.939,12978.36,1973.057,5479.726,12846.15,1984.858,5492.157,12951.54,1977.858,5963.646,12787.36,2009.544,5405.47,13108.33,1963.221,5999.918,12847.52,1969.389,5949.611,13042.16,1979.789,5920.247,12741.7,1989.36,5492.034,12818.8,2042.597,5376.373
12989.73,1983.353,5379.739,12890.35,1950.195,6040.147,12919.46,1980.544,5563.339,12647.12,1976.692,5459.745,13193.08,2022.614,6000.41,12665.63,2012.767,5551.662,12978.29,1973.057,5479.331,12845.95,1984.858,5491.809,12951.37,1977.858,5963.285,12787.18,2009.544,5405.113,13108.12,1963.221,5999.582,12847.29,1969.389,5949.279,13042.02,1979.789,5919.869,12741.5,1989.36,5491.687,12818.51,2042.597,5376.097
12989.47,1983.353,5378.999,12889.95,1950.195,6039.479,12919.29,1980.544,5562.573,12646.69,1976.692,5459.09,13192.7,2022.614,5999.721,12665.05,2012.767,5551.138,12978.27,1973.057,5478.547,12845.59,1984.858,5491.114,12951,1977.858,5962.589,12786.83,2009.544,5404.412,13107.71,1963.221,5998.91,12846.88,1969.389,5948.614,13041.74,1979.789,5919.139,12741.12,1989.36,5491.002,12817.96,2042.597,5375.542
12989.35,1983.353,5378.638,12889.76,1950.195,6039.149,12919.2,1980.544,5562.205,12646.47,1976.692,5458.78,13192.53,2022.614,5999.383,12664.76,2012.767,5550.894,12978.24,1973.057,5478.169,12845.42,1984.858,5490.773,12950.82,1977.858,5962.259,12786.66,2009.544,5404.072,13107.53,1963.221,5998.579,12846.64,1969.389,5948.318,13041.59,1979.789,5918.791,12740.94,1989.36,5490.67,12817.7,2042.597,5375.266
12989.21,1983.353,5378.13,12889.51,1950.195,6038.686,12919.1,1980.544,5561.688,12646.15,1976.692,5458.36,13192.28,2022.614,5998.921,12664.35,2012.767,5550.568,12978.19,1973.057,5477.645,12845.21,1984.858,5490.291,12950.61,1977.858,5961.774,12786.43,2009.544,5403.6,13107.28,1963.221,5998.114,12846.33,1969.389,5947.897,13041.37,1979.789,5918.314,12740.69,1989.36,5490.205,12817.34,2042.597,5374.874
12989.04,1983.353,5377.409,12889.13,1950.195,6038.044,12918.93,1980.544,5560.965,12645.71,1976.692,5457.762,13191.94,2022.614,5998.259,12663.78,2012.767,5550.089,12978.1,1973.057,5476.908,12844.9,1984.858,5489.618,12950.35,1977.858,5961.081,12786.1,2009.544,5402.933,13106.96,1963.221,5997.447,12845.9,1969.389,5947.289,13041.03,1979.789,5917.652,12740.32,1989.36,5489.561,12816.86,2042.597,5374.309
12988.93,1983.353,5376.906,12888.89,1950.195,6037.593,12918.8,1980.544,5560.469,12645.39,1976.692,5457.358,13191.71,2022.614,5997.8,12663.4,2012.767,5549.745,12978.04,1973.057,5476.397,12844.69,1984.858,5489.149,12950.15,1977.858,5960.607,12785.87,2009.544,5402.477,13106.71,1963.221,5996.993,12845.62,1969.389,5946.859,13040.78,1979.789,5917.201,12740.05,1989.36,5489.124,12816.54,2042.597,5373.91
12988.87,1983.353,5376.578,12888.74,1950.195,6037.295,12918.7,1980.544,5560.15,12645.18,1976.692,5457.103,13191.59,2022.614,5997.49,12663.16,2012.767,5549.514,12978,1973.057,5476.068,12844.6,1984.858,5488.829,12950.01,1977.858,5960.304,12785.71,2009.544,5402.186,13106.54,1963.221,5996.712,12845.45,1969.389,5946.574,13040.64,1979.789,5916.903,12739.89,1989.36,5488.833,12816.34,2042.597,5373.646
12988.78,1983.353,5375.934,12888.47,1950.195,6036.7,12918.54,1980.544,5559.521,12644.78,1976.692,5456.591,13191.33,2022.614,5996.892,12662.7,2012.767,5549.048,12977.88,1973.057,5475.427,12844.4,1984.858,5488.208,12949.76,1977.858,5959.701,12785.38,2009.544,5401.624,13106.2,1963.221,5996.152,12845.13,1969.389,5946.007,13040.41,1979.789,5916.293,12739.55,1989.36,5488.276,12815.95,2042.597,5373.12
12988.73,1983.353,5375.626,12888.34,1950.195,6036.419,12918.46,1980.544,5559.217,12644.59,1976.692,5456.339,13191.2,2022.614,5996.609,12662.49,2012.767,5548.817,12977.82,1973.057,5475.121,12844.3,1984.858,5487.914,12949.66,1977.858,5959.407,12785.21,2009.544,5401.359,13106.05,1963.221,5995.878,12844.98,1969.389,5945.73,13040.29,1979.789,5916.004,12739.42,1989.36,5487.994,12815.78,2042.597,5372.862
12988.7,1983.353,5375.186,12888.16,1950.195,6036.017,12918.35,1980.544,5558.791,12644.34,1976.692,5455.975,13191,2022.614,5996.216,12662.21,2012.767,5548.481,12977.74,1973.057,5474.687,12844.14,1984.858,5487.502,12949.5,1977.858,5958.997,12784.97,2009.544,5400.99,13105.85,1963.221,5995.485,12844.79,1969.389,5945.333,13040.11,1979.789,5915.602,12739.21,1989.36,5487.603,12815.54,2042.597,5372.493
12988.63,1983.353,5374.458,12887.76,1950.195,6035.401,12918.14,1980.544,5558.091,12643.95,1976.692,5455.358,13190.69,2022.614,5995.554,12661.75,2012.767,5547.91,12977.64,1973.057,5473.963,12843.88,1984.858,5486.818,12949.3,1977.858,5958.292,12784.55,2009.544,5400.39,13105.43,1963.221,5994.886,12844.5,1969.389,5944.664,13039.84,1979.789,5914.923,12738.89,1989.36,5486.945,12815.15,2042.597,5371.87
12988.61,1983.353,5374.249,12887.66,1950.195,6035.22,12918.07,1980.544,5557.893,12643.84,1976.692,5455.177,13190.59,2022.614,5995.367,12661.63,2012.767,5547.741,12977.6,1973.057,5473.755,12843.82,1984.858,5486.617,12949.24,1977.858,5958.091,12784.43,2009.544,5400.216,13105.32,1963.221,5994.71,12844.4,1969.389,5944.474,13039.76,1979.789,5914.726,12738.8,1989.36,5486.759,12815.05,2042.597,5371.688
12988.6,1983.353,5373.91,12887.49,1950.195,6034.924,12917.97,1980.544,5557.569,12643.66,1976.692,5454.892,13190.44,2022.614,5995.063,12661.43,2012.767,5547.463,12977.58,1973.057,5473.417,12843.71,1984.858,5486.297,12949.13,1977.858,5957.771,12784.24,2009.544,5399.935,13105.14,1963.221,5994.42,12844.27,1969.389,5944.164,13039.63,1979.789,5914.413,12738.63,1989.36,5486.464,12814.88,2042.597,5371.391
12988.6,1983.353,5373.343,12887.23,1950.195,6034.419,12917.8,1980.544,5557.029,12643.34,1976.692,5454.424,13190.2,2022.614,5994.55,12661.12,2012.767,5546.988,12977.52,1973.057,5472.853,12843.5,1984.858,5485.769,12948.92,1977.858,5957.242,12783.93,2009.544,5399.463,13104.86,1963.221,5993.931,12844.02,1969.389,5943.652,13039.4,1979.789,5913.896,12738.33,1989.36,5485.979,12814.62,2042.597,5370.887
12988.59,1983.353,5372.958,12887.07,1950.195,6034.071,12917.69,1980.544,5556.66,12643.11,1976.692,5454.115,13190.04,2022.614,5994.202,12660.93,2012.767,5546.659,12977.47,1973.057,5472.472,12843.37,1984.858,5485.407,12948.77,1977.858,5956.889,12783.72,2009.544,5399.142,13104.67,1963.221,5993.593,12843.83,1969.389,5943.32,13039.27,1979.789,5913.536,12738.12,1989.36,5485.658,12814.46,2042.597,5370.542
12988.59,1983.353,5372.686,12886.95,1950.195,6033.829,12917.61,1980.544,5556.4,12642.96,1976.692,5453.89,13189.91,2022.614,5993.959,12660.79,2012.767,5546.421,12977.45,1973.057,5472.201,12843.27,1984.858,5485.154,12948.66,1977.858,5956.64,12783.57,2009.544,5398.913,13104.55,1963.221,5993.349,12843.7,1969.389,5943.08,13039.16,1979.789,5913.284,12737.97,1989.36,5485.435,12814.34,2042.597,5370.293
12988.57,1983.353,5372.364,12886.77,1950.195,6033.562,12917.52,1980.544,5556.089,12642.78,1976.692,5453.619,13189.75,2022.614,5993.684,12660.65,2012.767,5546.134,12977.41,1973.057,5471.881,12843.14,1984.858,5484.856,12948.52,1977.858,5956.351,12783.4,2009.544,5398.641,13104.39,1963.221,5993.069,12843.51,1969.389,5942.817,13039.08,1979.789,5912.973,12737.77,1989.36,5485.177,12814.22,2042.597,5369.997
12988.53,1983.353,5371.866,12886.5,1950.195,6033.139,12917.38,1980.544,5555.61,12642.47,1976.692,5453.229,13189.5,2022.614,5993.248,12660.41,2012.767,5545.697,12977.33,1973.057,5471.387,12842.95,1984.858,5484.397,12948.29,1977.858,5955.909,12783.13,2009.544,5398.218,13104.12,1963.221,5992.648,12843.22,1969.389,5942.412,13038.93,1979.789,5912.496,12737.46,1989.36,5484.787,12814.04,2042.597,5369.532
12988.5,1983.353,5371.527,12886.32,1950.195,6032.85,12917.3,1980.544,5555.28,12642.27,1976.692,5452.957,13189.33,2022.614,5992.956,12660.23,2012.767,5545.404,12977.27,1973.057,5471.052,12842.81,1984.858,5484.087,12948.18,1977.858,5955.585,12782.95,2009.544,5397.928,13103.95,1963.221,5992.355,12843.03,1969.389,5942.128,13038.82,1979.789,5912.174,12737.24,1989.36,5484.527,12813.92,2042.597,5369.211
12988.47,1983.353,5371.111,12886.11,1950.195,6032.49,12917.2,1980.544,5554.875,12642.01,1976.692,5452.629,13189.12,2022.614,5992.592,12660.02,2012.767,5545.043,12977.24,1973.057,5470.636,12842.62,1984.858,5483.715,12948.03,1977.858,5955.195,12782.74,2009.544,5397.573,13103.75,1963.221,5991.99,12842.81,1969.389,5941.774,13038.71,1979.789,5911.772,12736.96,1989.36,5484.219,12813.79,2042.597,5368.816
12988.42,1983.353,5370.904,12886.01,1950.195,6032.303,12917.14,1980.544,5554.671,12641.88,1976.692,5452.462,13189,2022.614,5992.422,12659.92,2012.767,5544.859,12977.23,1973.057,5470.424,12842.52,1984.858,5483.529,12947.97,1977.858,5954.992,12782.62,2009.544,5397.395,13103.65,1963.221,5991.801,12842.7,1969.389,5941.595,13038.64,1979.789,5911.569,12736.82,1989.36,5484.057,12813.72,2042.597,5368.614
12988.38,1983.353,5370.699,12885.89,1950.195,6032.131,12917.08,1980.544,5554.472,12641.75,1976.692,5452.293,13188.88,2022.614,5992.251,12659.8,2012.767,5544.683,12977.2,1973.057,5470.217,12842.45,1984.858,5483.333,12947.9,1977.858,5954.795,12782.5,2009.544,5397.223,13103.59,1963.221,5991.603,12842.59,1969.389,5941.415,13038.59,1979.789,5911.368,12736.69,1989.36,5483.894,12813.67,2042.597,5368.414
12988.27,1983.353,5370.159,12885.6,1950.195,6031.666,12916.93,1980.544,5553.942,12641.4,1976.692,5451.868,13188.58,2022.614,5991.789,12659.5,2012.767,5544.227,12977.13,1973.057,5469.672,12842.24,1984.858,5482.821,12947.71,1977.858,5954.281,12782.18,2009.544,5396.777,13103.42,1963.221,5991.079,12842.33,1969.389,5940.93,13038.5,1979.789,5910.826,12736.36,1989.36,5483.453,12813.53,2042.597,5367.88
12988.24,1983.353,5369.954,12885.49,1950.195,6031.486,12916.88,1980.544,5553.74,12641.28,1976.692,5451.703,13188.47,2022.614,5991.611,12659.38,2012.767,5544.058,12977.09,1973.057,5469.467,12842.16,1984.858,5482.63,12947.63,1977.858,5954.089,12782.05,2009.544,5396.611,13103.34,1963.221,5990.883,12842.21,1969.389,5940.76,13038.45,1979.789,5910.622,12736.24,1989.36,5483.287,12813.48,2042.597,5367.677
12988.19,1983.353,5369.586,12885.31,1950.195,6031.161,12916.78,1980.544,5553.384,12641.06,1976.692,5451.402,13188.29,2022.614,5991.288,12659.15,2012.767,5543.765,12977.01,1973.057,5469.104,12842,1984.858,5482.296,12947.47,1977.858,5953.753,12781.82,2009.544,5396.323,13103.22,1963.221,5990.534,12842.01,1969.389,5940.451,13038.37,1979.789,5910.261,12736.02,1989.36,5482.986,12813.41,2042.597,5367.314
12988.18,1983.353,5369.378,12885.22,1950.195,6030.975,12916.72,1980.544,5553.183,12640.95,1976.692,5451.228,13188.19,2022.614,5991.103,12659.03,2012.767,5543.596,12976.98,1973.057,5468.899,12841.91,1984.858,5482.111,12947.39,1977.858,5953.559,12781.69,2009.544,5396.164,13103.18,1963.221,5990.33,12841.9,1969.389,5940.273,13038.32,1979.789,5910.059,12735.89,1989.36,5482.827,12813.37,2042.597,5367.109
12988.13,1983.353,5368.938,12885.04,1950.195,6030.572,12916.62,1980.544,5552.752,12640.7,1976.692,5450.864,13188,2022.614,5990.703,12658.76,2012.767,5543.246,12976.89,1973.057,5468.464,12841.69,1984.858,5481.724,12947.22,1977.858,5953.152,12781.39,2009.544,5395.834,13103.08,1963.221,5989.899,12841.68,1969.389,5939.889,13038.2,1979.789,5909.633,12735.61,1989.36,5482.479,12813.3,2042.597,5366.672
12988.12,1983.353,5368.729,12884.94,1950.195,6030.386,12916.58,1980.544,5552.548,12640.57,1976.692,5450.697,13187.92,2022.614,5990.512,12658.62,2012.767,5543.091,12976.86,1973.057,5468.259,12841.58,1984.858,5481.545,12947.13,1977.858,5952.964,12781.25,2009.544,5395.683,13103.02,1963.221,5989.698,12841.58,1969.389,5939.705,13038.14,1979.789,5909.434,12735.49,1989.36,5482.312,12813.28,2042.597,5366.465
12988.1,1983.353,5368.446,12884.81,1950.195,6030.133,12916.51,1980.544,5552.271,12640.42,1976.692,5450.454,13187.81,2022.614,5990.247,12658.43,2012.767,5542.874,12976.83,1973.057,5467.977,12841.41,1984.858,5481.321,12947.02,1977.858,5952.703,12781.05,2009.544,5395.48,13102.94,1963.221,5989.425,12841.42,1969.389,5939.473,13038.08,1979.789,5909.154,12735.31,1989.36,5482.089,12813.25,2042.597,5366.182
12988.07,1983.353,5368.225,12884.74,1950.195,6029.924,12916.46,1980.544,5552.056,12640.3,1976.692,5450.268,13187.74,2022.614,5990.038,12658.29,2012.767,5542.699,12976.79,1973.057,5467.757,12841.28,1984.858,5481.141,12946.96,1977.858,5952.489,12780.89,2009.544,5395.327,13102.87,1963.221,5989.215,12841.29,1969.389,5939.289,13038.04,1979.789,5908.938,12735.17,1989.36,5481.917,12813.23,2042.597,5365.961
12988,1983.353,5367.712,12884.55,1950.195,6029.439,12916.31,1980.544,5551.558,12640.01,1976.692,5449.842,13187.56,2022.614,5989.552,12657.99,2012.767,5542.282,12976.76,1973.057,5467.24,12840.96,1984.858,5480.727,12946.81,1977.858,5951.991,12780.52,2009.544,5394.964,13102.72,1963.221,5988.719,12841.02,1969.389,5938.849,13037.94,1979.789,5908.427,12734.83,1989.36,5481.524,12813.2,2042.597,5365.443
12987.93,1983.353,5367.417,12884.43,1950.195,6029.16,12916.22,1980.544,5551.269,12639.83,1976.692,5449.599,13187.44,2022.614,5989.274,12657.8,2012.767,5542.044,12976.73,1973.057,5466.938,12840.79,1984.858,5480.479,12946.73,1977.858,5951.699,12780.3,2009.544,5394.75,13102.63,1963.221,5988.43,12840.86,1969.389,5938.587,13037.87,1979.789,5908.131,12734.63,1989.36,5481.301,12813.19,2042.597,5365.14
12987.87,1983.353,5367.088,12884.29,1950.195,6028.857,12916.11,1980.544,5550.952,12639.62,1976.692,5449.338,13187.31,2022.614,5988.963,12657.58,2012.767,5541.789,12976.68,1973.057,5466.607,12840.61,1984.858,5480.199,12946.64,1977.858,5951.378,12780.07,2009.544,5394.512,13102.52,1963.221,5988.114,12840.71,1969.389,5938.293,13037.8,1979.789,5907.806,12734.39,1989.36,5481.063,12813.18,2042.597,5364.806
12987.73,1983.353,5366.259,12883.96,1950.195,6028.087,12915.82,1980.544,5550.168,12639.11,1976.692,5448.666,13187.02,2022.614,5988.178,12657.02,2012.767,5541.166,12976.54,1973.057,5465.78,12840.13,1984.858,5479.512,12946.37,1977.858,5950.581,12779.49,2009.544,5393.907,13102.22,1963.221,5987.332,12840.33,1969.389,5937.542,13037.59,1979.789,5906.994,12733.78,1989.36,5480.484,12813.2,2042.597,5363.967
12987.58,1983.353,5365.49,12883.64,1950.195,6027.371,12915.58,1980.544,5549.42,12638.63,1976.692,5448.053,13186.72,2022.614,5987.453,12656.52,2012.767,5540.567,12976.41,1973.057,5465.007,12839.72,1984.858,5478.839,12946.1,1977.858,5949.845,12778.95,2009.544,5393.336,13101.88,1963.221,5986.622,12840,1969.389,5936.83,13037.39,1979.789,5906.236,12733.2,1989.36,5479.962,12813.22,2042.597,5363.185
12987.55,1983.353,5365.284,12883.56,1950.195,6027.178,12915.54,1980.544,5549.216,12638.49,1976.692,5447.895,13186.63,2022.614,5987.263,12656.38,2012.767,5540.413,12976.37,1973.057,5464.803,12839.62,1984.858,5478.656,12946.04,1977.858,5949.648,12778.81,2009.544,5393.188,13101.8,1963.221,5986.431,12839.9,1969.389,5936.652,13037.33,1979.789,5906.036,12733.05,1989.36,5479.818,12813.24,2042.597,5362.977
12987.44,1983.353,5364.723,12883.35,1950.195,6026.649,12915.41,1980.544,5548.659,12638.17,1976.692,5447.423,13186.38,2022.614,5986.75,12655.98,2012.767,5540.001,12976.27,1973.057,5464.24,12839.34,1984.858,5478.159,12945.83,1977.858,5949.113,12778.39,2009.544,5392.793,13101.59,1963.221,5985.898,12839.62,1969.389,5936.154,13037.17,1979.789,5905.487,12732.65,1989.36,5479.41,12813.28,2042.597,5362.407
12987.29,1983.353,5363.754,12882.97,1950.195,6025.744,12915.24,1980.544,5547.692,12637.59,1976.692,5446.632,13185.98,2022.614,5985.855,12655.3,2012.767,5539.291,12976.08,1973.057,5463.278,12838.83,1984.858,5477.322,12945.52,1977.858,5948.183,12777.67,2009.544,5392.135,13101.27,1963.221,5984.973,12839.12,1969.389,5935.309,13036.87,1979.789,5904.554,12731.93,1989.36,5478.748,12813.39,2042.597,5361.431
12987.07,1983.353,5362.624,12882.63,1950.195,6024.644,12915.01,1980.544,5546.565,12636.88,1976.692,5445.727,13185.54,2022.614,5984.791,12654.54,2012.767,5538.431,12975.83,1973.057,5462.155,12838.2,1984.858,5476.36,12945.12,1977.858,5947.104,12776.79,2009.544,5391.385,13100.98,1963.221,5983.859,12838.56,1969.389,5934.299,13036.47,1979.789,5903.471,12731.1,1989.36,5477.942,12813.53,2042.597,5360.29
12986.88,1983.353,5361.775,12882.34,1950.195,6023.82,12914.8,1980.544,5545.72,12636.32,1976.692,5445.061,13185.24,2022.614,5983.976,12653.94,2012.767,5537.801,12975.61,1973.057,5461.312,12837.72,1984.858,5475.632,12944.9,1977.858,5946.261,12776.14,2009.544,5390.81,13100.73,1963.221,5983.024,12838.16,1969.389,5933.53,13036.2,1979.789,5902.644,12730.46,1989.36,5477.354,12813.66,2042.597,5359.429
12986.82,1983.353,5361.573,12882.3,1950.195,6023.616,12914.75,1980.544,5545.519,12636.18,1976.692,5444.906,13185.17,2022.614,5983.779,12653.81,2012.767,5537.638,12975.55,1973.057,5461.113,12837.6,1984.858,5475.462,12944.85,1977.858,5946.061,12775.98,2009.544,5390.671,13100.66,1963.221,5982.827,12838.06,1969.389,5933.342,13036.12,1979.789,5902.453,12730.3,1989.36,5477.218,12813.7,2042.597,5359.224
12986.27,1983.353,5359.65,12881.85,1950.195,6021.667,12914.15,1980.544,5543.61,12634.92,1976.692,5443.347,13184.38,2022.614,5981.942,12652.51,2012.767,5536.113,12975.03,1973.057,5459.181,12836.4,1984.858,5473.863,12944.22,1977.858,5944.159,12774.51,2009.544,5389.317,13099.97,1963.221,5980.95,12837.25,1969.389,5931.516,13035.38,1979.789,5900.595,12728.74,1989.36,5475.963,12814.09,2042.597,5357.262
12986.11,1983.353,5359.282,12881.75,1950.195,6021.278,12914.01,1980.544,5543.231,12634.68,1976.692,5443.023,13184.22,2022.614,5981.57,12652.24,2012.767,5535.816,12974.91,1973.057,5458.796,12836.14,1984.858,5473.551,12944.09,1977.858,5943.782,12774.21,2009.544,5389.053,13099.82,1963.221,5980.578,12837.1,1969.389,5931.144,13035.24,1979.789,5900.218,12728.44,1989.36,5475.701,12814.18,2042.597,5356.871
12985.92,1983.353,5358.89,12881.63,1950.195,6020.859,12913.86,1980.544,5542.826,12634.42,1976.692,5442.683,13184.08,2022.614,5981.159,12651.94,2012.767,5535.504,12974.77,1973.057,5458.385,12835.86,1984.858,5473.222,12943.92,1977.858,5943.379,12773.88,2009.544,5388.777,13099.65,1963.221,5980.176,12836.94,1969.389,5930.737,13035.14,1979.789,5899.796,12728.12,1989.36,5475.408,12814.28,2042.597,5356.449
12985.29,1983.353,5357.57,12881.33,1950.195,6019.428,12913.28,1980.544,5541.479,12633.47,1976.692,5441.563,13183.56,2022.614,5979.791,12650.89,2012.767,5534.483,12974.25,1973.057,5457.015,12834.94,1984.858,5472.081,12943.33,1977.858,5942.038,12772.72,2009.544,5387.877,13099.15,1963.221,5978.802,12836.48,1969.389,5929.348,13034.74,1979.789,5898.387,12727.07,1989.36,5474.385,12814.66,2042.597,5355.036
12984.85,1983.353,5356.566,12881.06,1950.195,6018.363,12912.88,1980.544,5540.458,12632.74,1976.692,5440.748,13183.06,2022.614,5978.813,12650.08,2012.767,5533.744,12973.83,1973.057,5456.001,12834.3,1984.858,5471.192,12942.93,1977.858,5941.019,12771.86,2009.544,5387.192,13098.8,1963.221,5977.761,12836.17,1969.389,5928.296,13034.41,1979.789,5897.34,12726.31,1989.36,5473.597,12814.97,2042.597,5353.984
12984.31,1983.353,5355.559,12880.75,1950.195,6017.265,12912.46,1980.544,5539.398,12631.95,1976.692,5439.924,13182.57,2022.614,5977.781,12649.21,2012.767,5533.002,12973.4,1973.057,5454.944,12833.6,1984.858,5470.291,12942.54,1977.858,5939.946,12770.98,2009.544,5386.468,13098.55,1963.221,5976.647,12835.95,1969.389,5927.174,13034.07,1979.789,5896.25,12725.53,1989.36,5472.757,12815.32,2042.597,5352.897
12983.93,1983.353,5354.797,12880.54,1950.195,6016.441,12912.12,1980.544,5538.62,12631.34,1976.692,5439.33,13182.24,2022.614,5977,12648.58,2012.767,5532.43,12973.06,1973.057,5454.167,12833.05,1984.858,5469.637,12942.27,1977.858,5939.139,12770.33,2009.544,5385.921,13098.34,1963.221,5975.823,12835.77,1969.389,5926.345,13033.8,1979.789,5895.444,12724.94,1989.36,5472.15,12815.6,2042.597,5352.094
12983.34,1983.353,5353.487,12880.14,1950.195,6015.059,12911.56,1980.544,5537.294,12630.28,1976.692,5438.356,13181.71,2022.614,5975.662,12647.52,2012.767,5531.457,12972.43,1973.057,5452.874,12832.1,1984.858,5468.561,12941.87,1977.858,5937.758,12769.24,2009.544,5384.983,13097.94,1963.221,5974.441,12835.41,1969.389,5924.953,13033.33,1979.789,5894.084,12723.9,1989.36,5471.156,12816.1,2042.597,5350.747
12982.59,1983.353,5351.952,12879.52,1950.195,6013.466,12910.84,1980.544,5535.741,12628.87,1976.692,5437.392,13181.14,2022.614,5974.05,12646.3,2012.767,5530.259,12971.74,1973.057,5451.311,12830.92,1984.858,5467.319,12941.67,1977.858,5936.06,12767.96,2009.544,5383.853,13097.53,1963.221,5972.782,12834.97,1969.389,5923.299,13032.83,1979.789,5892.45,12722.63,1989.36,5470.014,12816.73,2042.597,5349.157
12982.16,1983.353,5351.006,12879.17,1950.195,6012.487,12910.38,1980.544,5534.812,12628.03,1976.692,5436.779,13180.82,2022.614,5973.061,12645.54,2012.767,5529.557,12971.32,1973.057,5450.361,12830.19,1984.858,5466.588,12941.51,1977.858,5935.033,12767.19,2009.544,5383.158,13097.24,1963.221,5971.784,12834.6,1969.389,5922.331,13032.56,1979.789,5891.447,12721.83,1989.36,5469.346,12817.14,2042.597,5348.201
12981.89,1983.353,5350.368,12878.94,1950.195,6011.836,12910.05,1980.544,5534.205,12627.49,1976.692,5436.353,13180.63,2022.614,5972.398,12645.01,2012.767,5529.105,12971.02,1973.057,5449.739,12829.68,1984.858,5466.119,12941.38,1977.858,5934.354,12766.68,2009.544,5382.691,13097.03,1963.221,5971.127,12834.37,1969.389,5921.678,13032.4,1979.789,5890.775,12721.3,1989.36,5468.901,12817.42,2042.597,5347.572
12981.12,1983.353,5348.67,12878.18,1950.195,6010.13,12909.11,1980.544,5532.594,12626.06,1976.692,5435.155,13180.11,2022.614,5970.604,12643.56,2012.767,5527.933,12970.26,1973.057,5448.033,12828.27,1984.858,5464.895,12940.98,1977.858,5932.532,12765.32,2009.544,5381.414,13096.5,1963.221,5969.335,12833.81,1969.389,5919.897,13031.91,1979.789,5888.974,12719.88,1989.36,5467.702,12818.23,2042.597,5345.889
12980.42,1983.353,5347.48,12877.67,1950.195,6008.85,12908.37,1980.544,5531.425,12625.1,1976.692,5434.159,13179.69,2022.614,5969.29,12642.46,2012.767,5527.1,12969.72,1973.057,5446.761,12827.2,1984.858,5464.024,12940.64,1977.858,5931.194,12764.32,2009.544,5380.46,13096.15,1963.221,5968,12833.44,1969.389,5918.567,13031.39,1979.789,5887.693,12718.82,1989.36,5466.814,12818.85,2042.597,5344.658
12979.68,1983.353,5346.273,12877.18,1950.195,6007.523,12907.58,1980.544,5530.256,12624.09,1976.692,5433.173,13179.3,2022.614,5967.932,12641.36,2012.767,5526.211,12969.13,1973.057,5445.479,12826.08,1984.858,5463.169,12940.25,1977.858,5929.837,12763.31,2009.544,5379.475,13095.75,1963.221,5966.646,12833.11,1969.389,5917.195,13030.89,1979.789,5886.371,12717.71,1989.36,5465.942,12819.52,2042.597,5343.414
12979.17,1983.353,5345.367,12876.85,1950.195,6006.536,12906.97,1980.544,5529.415,12623.32,1976.692,5432.472,13179.12,2022.614,5966.909,12640.51,2012.767,5525.616,12968.69,1973.057,5444.54,12825.23,1984.858,5462.566,12939.92,1977.858,5928.849,12762.57,2009.544,5378.743,13095.52,1963.221,5965.632,12832.89,1969.389,5916.178,13030.56,1979.789,5885.387,12716.87,1989.36,5465.327,12820.03,2042.597,5342.51
12978.37,1983.353,5343.822,12876.31,1950.195,6004.882,12905.9,1980.544,5528.039,12622,1976.692,5431.336,13178.75,2022.614,5965.207,12639.12,2012.767,5524.573,12968.01,1973.057,5442.935,12823.78,1984.858,5461.601,12939.33,1977.858,5927.211,12761.35,2009.544,5377.507,13095.09,1963.221,5963.945,12832.59,1969.389,5914.462,13030.05,1979.789,5883.72,12715.43,1989.36,5464.342,12820.92,2042.597,5341.015
12977.85,1983.353,5342.74,12875.97,1950.195,6003.731,12905.13,1980.544,5527.116,12621.07,1976.692,5430.583,13178.58,2022.614,5964.018,12638.13,2012.767,5523.885,12967.51,1973.057,5441.844,12822.76,1984.858,5460.962,12938.84,1977.858,5926.116,12760.48,2009.544,5376.681,13094.75,1963.221,5962.792,12832.35,1969.389,5913.287,13029.75,1979.789,5882.558,12714.46,1989.36,5463.631,12821.56,2042.597,5339.999
12976.89,1983.353,5341.32,12875.43,1950.195,6002.102,12904,1980.544,5525.832,12619.7,1976.692,5429.546,13178.29,2022.614,5962.326,12636.68,2012.767,5522.968,12966.74,1973.057,5440.309,12821.36,1984.858,5459.972,12938.19,1977.858,5924.527,12759.2,2009.544,5375.536,13094.32,1963.221,5961.13,12831.94,1969.389,5911.619,13029.27,1979.789,5880.911,12713.11,1989.36,5462.574,12822.51,2042.597,5338.567
12976.28,1983.353,5340.358,12874.96,1950.195,6001.062,12903.27,1980.544,5524.956,12618.78,1976.692,5428.886,13178.07,2022.614,5961.21,12635.74,2012.767,5522.329,12966.2,1973.057,5439.307,12820.41,1984.858,5459.344,12937.79,1977.858,5923.459,12758.33,2009.544,5374.801,13094.08,1963.221,5960.019,12831.63,1969.389,5910.522,13028.91,1979.789,5879.83,12712.24,1989.36,5461.845,12823.16,2042.597,5337.632
12975.46,1983.353,5338.968,12874.32,1950.195,5999.582,12902.2,1980.544,5523.749,12617.43,1976.692,5427.99,13177.69,2022.614,5959.641,12634.43,2012.767,5521.391,12965.39,1973.057,5437.914,12819.13,1984.858,5458.362,12937.2,1977.858,5921.96,12757.07,2009.544,5373.798,13093.94,1963.221,5958.412,12831.16,1969.389,5908.981,13028.29,1979.789,5878.342,12711.03,1989.36,5460.776,12824.11,2042.597,5336.329
12974.78,1983.353,5337.721,12873.8,1950.195,5998.26,12901.14,1980.544,5522.803,12616.23,1976.692,5427.236,13177.41,2022.614,5958.25,12633.3,2012.767,5520.527,12964.63,1973.057,5436.711,12817.98,1984.858,5457.534,12936.66,1977.858,5920.645,12755.93,2009.544,5372.948,13093.77,1963.221,5957.001,12830.73,1969.389,5907.625,13027.78,1979.789,5877.014,12710,1989.36,5459.802,12824.97,2042.597,5335.2
12973.88,1983.353,5336.194,12873.05,1950.195,5996.657,12899.86,1980.544,5521.579,12614.76,1976.692,5426.247,13176.98,2022.614,5956.529,12631.86,2012.767,5519.5,12963.64,1973.057,5435.241,12816.54,1984.858,5456.496,12935.83,1977.858,5919.08,12754.48,2009.544,5371.93,13093.5,1963.221,5955.249,12830.15,1969.389,5905.952,13027.21,1979.789,5875.338,12708.67,1989.36,5458.624,12826.08,2042.597,5333.817
12973.03,1983.353,5334.863,12872.3,1950.195,5995.267,12898.75,1980.544,5520.455,12613.49,1976.692,5425.325,13176.65,2022.614,5954.989,12630.5,2012.767,5518.698,12962.72,1973.057,5433.964,12815.24,1984.858,5455.607,12935.14,1977.858,5917.665,12753.16,2009.544,5371.064,13093.26,1963.221,5953.691,12829.58,1969.389,5904.481,13026.74,1979.789,5873.832,12707.53,1989.36,5457.54,12827.09,2042.597,5332.61
12972.51,1983.353,5334.093,12871.89,1950.195,5994.43,12898.15,1980.544,5519.741,12612.72,1976.692,5424.798,13176.43,2022.614,5954.082,12629.71,2012.767,5518.203,12962.15,1973.057,5433.227,12814.49,1984.858,5455.056,12934.75,1977.858,5916.814,12752.39,2009.544,5370.534,13093.08,1963.221,5952.775,12829.22,1969.389,5903.623,13026.5,1979.789,5872.933,12706.83,1989.36,5456.921,12827.71,2042.597,5331.91
12972.18,1983.353,5333.529,12871.62,1950.195,5993.834,12897.71,1980.544,5519.254,12612.17,1976.692,5424.439,13176.3,2022.614,5953.441,12629.17,2012.767,5517.838,12961.76,1973.057,5432.697,12813.96,1984.858,5454.674,12934.5,1977.858,5916.211,12751.87,2009.544,5370.149,13093.02,1963.221,5952.123,12829.02,1969.389,5902.999,13026.37,1979.789,5872.291,12706.33,1989.36,5456.502,12828.15,2042.597,5331.428
12972.02,1983.353,5333.292,12871.52,1950.195,5993.574,12897.52,1980.544,5519.049,12611.94,1976.692,5424.277,13176.25,2022.614,5953.164,12628.94,2012.767,5517.676,12961.6,1973.057,5432.463,12813.74,1984.858,5454.502,12934.38,1977.858,5915.956,12751.64,2009.544,5369.979,13092.99,1963.221,5951.844,12828.93,1969.389,5902.733,13026.31,1979.789,5872.016,12706.1,1989.36,5456.329,12828.34,2042.597,5331.225
12970.82,1983.353,5331.526,12870.39,1950.195,5991.754,12896.14,1980.544,5517.417,12610.09,1976.692,5423.203,13175.76,2022.614,5951.081,12627.24,2012.767,5516.388,12960.35,1973.057,5430.733,12812.08,1984.858,5453.143,12933.44,1977.858,5914.034,12749.96,2009.544,5368.652,13092.66,1963.221,5949.731,12828.15,1969.389,5900.742,13025.9,1979.789,5869.917,12704.38,1989.36,5455.069,12829.86,2042.597,5329.715
12970.45,1983.353,5330.831,12869.98,1950.195,5991.083,12895.65,1980.544,5516.802,12609.43,1976.692,5422.786,13175.61,2022.614,5950.311,12626.66,2012.767,5515.857,12959.87,1973.057,5430.113,12811.49,1984.858,5452.625,12933.12,1977.858,5913.317,12749.36,2009.544,5368.152,13092.51,1963.221,5948.96,12827.84,1969.389,5900.021,13025.72,1979.789,5869.152,12703.73,1989.36,5454.626,12830.43,2042.597,5329.173
12970.11,1983.353,5330.227,12869.64,1950.195,5990.478,12895.24,1980.544,5516.243,12608.85,1976.692,5422.398,13175.38,2022.614,5949.653,12626.13,2012.767,5515.404,12959.42,1973.057,5429.578,12810.91,1984.858,5452.243,12932.86,1977.858,5912.673,12748.83,2009.544,5367.699,13092.36,1963.221,5948.281,12827.54,1969.389,5899.391,13025.58,1979.789,5868.471,12703.14,1989.36,5454.253,12830.94,2042.597,5328.703
12969.33,1983.353,5328.967,12868.87,1950.195,5989.214,12894.4,1980.544,5515.027,12607.61,1976.692,5421.59,13174.94,2022.614,5948.242,12625.05,2012.767,5514.398,12958.44,1973.057,5428.472,12809.7,1984.858,5451.393,12932.34,1977.858,5911.288,12747.73,2009.544,5366.715,13091.99,1963.221,5946.851,12826.87,1969.389,5898.073,13025.23,1979.789,5867.036,12701.87,1989.36,5453.501,12832.05,2042.597,5327.728
12968.83,1983.353,5328.202,12868.42,1950.195,5988.416,12893.85,1980.544,5514.291,12606.86,1976.692,5421.064,13174.58,2022.614,5947.4,12624.36,2012.767,5513.797,12957.86,1973.057,5427.767,12808.97,1984.858,5450.841,12932,1977.858,5910.438,12747.03,2009.544,5366.126,13091.73,1963.221,5945.971,12826.36,1969.389,5897.309,13025.03,1979.789,5866.141,12701.09,1989.36,5453.022,12832.75,2042.597,5327.137
12968.44,1983.353,5327.648,12868.11,1950.195,5987.814,12893.43,1980.544,5513.759,12606.26,1976.692,5420.761,13174.33,2022.614,5946.768,12623.83,2012.767,5513.369,12957.44,1973.057,5427.23,12808.45,1984.858,5450.41,12931.78,1977.858,5909.794,12746.49,2009.544,5365.707,13091.58,1963.221,5945.31,12826.01,1969.389,5896.731,13024.86,1979.789,5865.483,12700.52,1989.36,5452.649,12833.28,2042.597,5326.71
12968.07,1983.353,5327.144,12867.84,1950.195,5987.251,12893.02,1980.544,5513.282,12605.71,1976.692,5420.464,13174.12,2022.614,5946.179,12623.34,2012.767,5512.991,12957.07,1973.057,5426.728,12807.96,1984.858,5450.014,12931.57,1977.858,5909.208,12746.02,2009.544,5365.304,13091.48,1963.221,5944.693,12825.7,1969.389,5896.191,13024.7,1979.789,5864.879,12700.01,1989.36,5452.29,12833.75,2042.597,5326.301
12967.32,1983.353,5326.192,12867.35,1950.195,5986.146,12892.21,1980.544,5512.387,12604.67,1976.692,5419.856,13173.76,2022.614,5945.028,12622.35,2012.767,5512.292,12956.32,1973.057,5425.779,12807.01,1984.858,5449.279,12931.11,1977.858,5908.09,12745.12,2009.544,5364.496,13091.25,1963.221,5943.507,12825.13,1969.389,5895.126,13024.36,1979.789,5863.721,12699.04,1989.36,5451.562,12834.64,2042.597,5325.481
12966.91,1983.353,5325.456,12866.99,1950.195,5985.382,12891.67,1980.544,5511.741,12603.93,1976.692,5419.443,13173.53,2022.614,5944.213,12621.67,2012.767,5511.789,12955.78,1973.057,5425.131,12806.32,1984.858,5448.78,12930.83,1977.858,5907.291,12744.51,2009.544,5363.909,13091.06,1963.221,5942.681,12824.75,1969.389,5894.366,13024.1,1979.789,5862.915,12698.38,1989.36,5451.029,12835.24,2042.597,5324.886
12966.48,1983.353,5324.764,12866.66,1950.195,5984.64,12891.16,1980.544,5511.106,12603.23,1976.692,5419.025,13173.33,2022.614,5943.426,12621.01,2012.767,5511.329,12955.23,1973.057,5424.528,12805.65,1984.858,5448.324,12930.6,1977.858,5906.512,12743.94,2009.544,5363.329,13090.9,1963.221,5941.886,12824.31,1969.389,5893.683,13023.87,1979.789,5862.136,12697.77,1989.36,5450.5,12835.8,2042.597,5324.298
12966.16,1983.353,5324.283,12866.41,1950.195,5984.121,12890.79,1980.544,5510.667,12602.74,1976.692,5418.727,13173.18,2022.614,5942.87,12620.54,2012.767,5510.987,12954.86,1973.057,5424.087,12805.18,1984.858,5447.985,12930.42,1977.858,5905.965,12743.55,2009.544,5362.903,13090.85,1963.221,5941.313,12824.02,1969.389,5893.187,13023.73,1979.789,5861.578,12697.32,1989.36,5450.138,12836.18,2042.597,5323.867
12965.63,1983.353,5323.535,12866.01,1950.195,5983.294,12890.17,1980.544,5509.988,12601.97,1976.692,5418.226,13172.97,2022.614,5941.977,12619.79,2012.767,5510.467,12954.3,1973.057,5423.367,12804.46,1984.858,5447.421,12930.11,1977.858,5905.104,12742.96,2009.544,5362.207,13090.76,1963.221,5940.4,12823.58,1969.389,5892.384,13023.53,1979.789,5860.682,12696.59,1989.36,5449.585,12836.77,2042.597,5323.163
12965.17,1983.353,5322.878,12865.69,1950.195,5982.558,12889.65,1980.544,5509.375,12601.32,1976.692,5417.764,13172.82,2022.614,5941.188,12619.11,2012.767,5510.042,12953.78,1973.057,5422.751,12803.84,1984.858,5446.906,12929.83,1977.858,5904.347,12742.46,2009.544,5361.578,13090.65,1963.221,5939.603,12823.21,1969.389,5891.667,13023.33,1979.789,5859.902,12695.96,1989.36,5449.08,12837.26,2042.597,5322.528
12964.84,1983.353,5322.409,12865.44,1950.195,5982.043,12889.3,1980.544,5508.925,12600.81,1976.692,5417.489,13172.68,2022.614,5940.63,12618.61,2012.767,5509.75,12953.39,1973.057,5422.325,12803.39,1984.858,5446.558,12929.62,1977.858,5903.815,12742.11,2009.544,5361.119,13090.55,1963.221,5939.038,12822.97,1969.389,5891.147,13023.21,1979.789,5859.342,12695.53,1989.36,5448.705,12837.6,2042.597,5322.064
12964.41,1983.353,5321.838,12865.1,1950.195,5981.413,12888.87,1980.544,5508.352,12600.2,1976.692,5417.126,13172.5,2022.614,5939.94,12618.01,2012.767,5509.367,12952.9,1973.057,5421.809,12802.83,1984.858,5446.108,12929.38,1977.858,5903.143,12741.7,2009.544,5360.533,13090.49,1963.221,5938.326,12822.61,1969.389,5890.528,13023.04,1979.789,5858.649,12694.99,1989.36,5448.237,12838,2042.597,5321.474
12963.91,1983.353,5321.213,12864.74,1950.195,5980.693,12888.37,1980.544,5507.723,12599.5,1976.692,5416.725,13172.31,2022.614,5939.159,12617.33,2012.767,5508.951,12952.36,1973.057,5421.212,12802.23,1984.858,5445.584,12929.1,1977.858,5902.391,12741.26,2009.544,5359.86,13090.38,1963.221,5937.53,12822.24,1969.389,5889.821,13022.74,1979.789,5857.904,12694.37,1989.36,5447.731,12838.43,2042.597,5320.8
12963.51,1983.353,5320.687,12864.39,1950.195,5980.141,12887.97,1980.544,5507.205,12598.91,1976.692,5416.445,13172.18,2022.614,5938.516,12616.78,2012.767,5508.593,12951.94,1973.057,5420.71,12801.74,1984.858,5445.142,12928.85,1977.858,5901.784,12740.92,2009.544,5359.299,13090.28,1963.221,5936.883,12821.94,1969.389,5889.233,13022.52,1979.789,5857.286,12693.87,1989.36,5447.302,12838.77,2042.597,5320.238
12963.15,1983.353,5320.225,12864.09,1950.195,5979.634,12887.59,1980.544,5506.751,12598.39,1976.692,5416.176,13172.09,2022.614,5937.934,12616.34,2012.767,5508.197,12951.58,1973.057,5420.247,12801.32,1984.858,5444.732,12928.61,1977.858,5901.245,12740.64,2009.544,5358.785,13090.17,1963.221,5936.302,12821.67,1969.389,5888.713,13022.34,1979.789,5856.725,12693.47,1989.36,5446.866,12839.06,2042.597,5319.725
12962.87,1983.353,5319.903,12863.88,1950.195,5979.264,12887.31,1980.544,5506.435,12598.02,1976.692,5415.971,13172.07,2022.614,5937.511,12616.04,2012.767,5507.907,12951.37,1973.057,5419.879,12801.02,1984.858,5444.431,12928.42,1977.858,5900.865,12740.44,2009.544,5358.409,13090.09,1963.221,5935.889,12821.48,1969.389,5888.334,13022.16,1979.789,5856.343,12693.18,1989.36,5446.563,12839.26,2042.597,5319.351
12962.38,1983.353,5319.287,12863.53,1950.195,5978.563,12886.74,1980.544,5505.894,12597.34,1976.692,5415.566,13172.01,2022.614,5936.727,12615.45,2012.767,5507.384,12950.96,1973.057,5419.206,12800.48,1984.858,5443.859,12928.05,1977.858,5900.168,12740.1,2009.544,5357.699,13089.9,1963.221,5935.125,12821.15,1969.389,5887.618,13021.84,1979.789,5855.621,12692.61,1989.36,5446.019,12839.61,2042.597,5318.644
12962.14,1983.353,5318.968,12863.35,1950.195,5978.199,12886.46,1980.544,5505.607,12597,1976.692,5415.348,13171.96,2022.614,5936.326,12615.14,2012.767,5507.127,12950.74,1973.057,5418.869,12800.2,1984.858,5443.565,12927.88,1977.858,5899.806,12739.94,2009.544,5357.33,13089.84,1963.221,5934.725,12820.97,1969.389,5887.257,13021.65,1979.789,5855.267,12692.3,1989.36,5445.756,12839.77,2042.597,5318.276
12961.59,1983.353,5318.21,12862.93,1950.195,5977.368,12885.82,1980.544,5504.922,12596.24,1976.692,5414.817,13171.92,2022.614,5935.393,12614.41,2012.767,5506.554,12950.2,1973.057,5418.104,12799.54,1984.858,5442.903,12927.54,1977.858,5898.933,12739.59,2009.544,5356.463,13089.69,1963.221,5933.804,12820.53,1969.389,5886.435,13021.23,1979.789,5854.431,12691.61,1989.36,5445.124,12840.13,2042.597,5317.415
12960.92,1983.353,5317.211,12862.41,1950.195,5976.278,12885.03,1980.544,5504.013,12595.27,1976.692,5414.1,13171.82,2022.614,5934.192,12613.44,2012.767,5505.847,12949.48,1973.057,5417.14,12798.67,1984.858,5442.075,12927.08,1977.858,5897.822,12739.18,2009.544,5355.331,13089.45,1963.221,5932.623,12819.99,1969.389,5885.357,13020.73,1979.789,5853.337,12690.75,1989.36,5444.281,12840.56,2042.597,5316.29
12960.81,1983.353,5317.031,12862.33,1950.195,5976.088,12884.9,1980.544,5503.851,12595.11,1976.692,5413.971,13171.8,2022.614,5933.985,12613.27,2012.767,5505.719,12949.35,1973.057,5416.978,12798.51,1984.858,5441.936,12926.99,1977.858,5897.633,12739.12,2009.544,5355.132,13089.42,1963.221,5932.417,12819.9,1969.389,5885.168,13020.65,1979.789,5853.145,12690.61,1989.36,5444.13,12840.63,2042.597,5316.093
12960.7,1983.353,5316.854,12862.24,1950.195,5975.898,12884.77,1980.544,5503.685,12594.95,1976.692,5413.836,13171.77,2022.614,5933.778,12613.11,2012.767,5505.586,12949.21,1973.057,5416.819,12798.36,1984.858,5441.8,12926.9,1977.858,5897.446,12739.06,2009.544,5354.932,13089.39,1963.221,5932.211,12819.82,1969.389,5884.976,13020.57,1979.789,5852.951,12690.47,1989.36,5443.975,12840.7,2042.597,5315.894
12960.49,1983.353,5316.527,12862.08,1950.195,5975.542,12884.55,1980.544,5503.365,12594.66,1976.692,5413.573,13171.73,2022.614,5933.388,12612.82,2012.767,5505.326,12948.95,1973.057,5416.53,12798.05,1984.858,5441.551,12926.71,1977.858,5897.101,12738.96,2009.544,5354.552,13089.3,1963.221,5931.828,12819.68,1969.389,5884.61,13020.44,1979.789,5852.58,12690.22,1989.36,5443.674,12840.8,2042.597,5315.517
12960.11,1983.353,5316.001,12861.72,1950.195,5975.003,12884.19,1980.544,5502.828,12594.19,1976.692,5413.125,13171.64,2022.614,5932.75,12612.35,2012.767,5504.883,12948.5,1973.057,5416.07,12797.57,1984.858,5441.126,12926.39,1977.858,5896.544,12738.82,2009.544,5353.923,13089.15,1963.221,5931.203,12819.47,1969.389,5884.001,13020.21,1979.789,5851.979,12689.8,1989.36,5443.186,12840.96,2042.597,5314.891
12959.83,1983.353,5315.633,12861.48,1950.195,5974.607,12883.95,1980.544,5502.433,12593.87,1976.692,5412.792,13171.56,2022.614,5932.293,12612.01,2012.767,5504.576,12948.16,1973.057,5415.75,12797.23,1984.858,5440.811,12926.17,1977.858,5896.136,12738.73,2009.544,5353.467,13089.1,1963.221,5930.741,12819.31,1969.389,5883.568,13020.03,1979.789,5851.552,12689.45,1989.36,5442.877,12841.05,2042.597,5314.438
12959.55,1983.353,5315.284,12861.26,1950.195,5974.215,12883.73,1980.544,5502.043,12593.55,1976.692,5412.48,13171.5,2022.614,5931.849,12611.68,2012.767,5504.268,12947.83,1973.057,5415.45,12796.91,1984.858,5440.494,12925.97,1977.858,5895.734,12738.64,2009.544,5353.028,13089.05,1963.221,5930.295,12819.13,1969.389,5883.154,13019.86,1979.789,5851.138,12689.13,1989.36,5442.567,12841.14,2042.597,5313.997
12959.29,1983.353,5314.972,12861.08,1950.195,5973.857,12883.51,1980.544,5501.699,12593.25,1976.692,5412.209,13171.46,2022.614,5931.447,12611.4,2012.767,5503.981,12947.53,1973.057,5415.17,12796.64,1984.858,5440.2,12925.79,1977.858,5895.37,12738.55,2009.544,5352.634,13088.98,1963.221,5929.897,12818.96,1969.389,5882.788,13019.71,1979.789,5850.761,12688.84,1989.36,5442.279,12841.2,2042.597,5313.598
12959.12,1983.353,5314.74,12860.95,1950.195,5973.594,12883.35,1980.544,5501.455,12593.04,1976.692,5412.006,13171.44,2022.614,5931.155,12611.21,2012.767,5503.764,12947.33,1973.057,5414.961,12796.44,1984.858,5439.98,12925.67,1977.858,5895.103,12738.48,2009.544,5352.35,13088.93,1963.221,5929.61,12818.83,1969.389,5882.526,13019.62,1979.789,5850.484,12688.65,1989.36,5442.064,12841.23,2042.597,5313.307
12958.75,1983.353,5314.301,12860.64,1950.195,5973.115,12883.03,1980.544,5500.986,12592.6,1976.692,5411.645,13171.38,2022.614,5930.589,12610.83,2012.767,5503.342,12946.94,1973.057,5414.542,12796.08,1984.858,5439.542,12925.37,1977.858,5894.626,12738.35,2009.544,5351.797,13088.8,1963.221,5929.055,12818.59,1969.389,5882.009,13019.4,1979.789,5849.961,12688.25,1989.36,5441.655,12841.28,2042.597,5312.741
12958.49,1983.353,5314.003,12860.44,1950.195,5972.775,12882.8,1980.544,5500.664,12592.31,1976.692,5411.383,13171.36,2022.614,5930.194,12610.55,2012.767,5503.057,12946.69,1973.057,5414.241,12795.84,1984.858,5439.228,12925.16,1977.858,5894.287,12738.26,2009.544,5351.411,13088.71,1963.221,5928.668,12818.42,1969.389,5881.655,13019.21,1979.789,5849.613,12687.98,1989.36,5441.361,12841.31,2042.597,5312.345
12958.22,1983.353,5313.743,12860.25,1950.195,5972.442,12882.57,1980.544,5500.362,12592.03,1976.692,5411.123,13171.31,2022.614,5929.816,12610.28,2012.767,5502.792,12946.44,1973.057,5413.949,12795.62,1984.858,5438.919,12924.96,1977.858,5893.965,12738.17,2009.544,5351.041,13088.64,1963.221,5928.296,12818.24,1969.389,5881.316,13019.03,1979.789,5849.274,12687.74,1989.36,5441.072,12841.32,2042.597,5311.965
12958.02,1983.353,5313.551,12860.13,1950.195,5972.199,12882.4,1980.544,5500.152,12591.84,1976.692,5410.931,13171.31,2022.614,5929.545,12610.09,2012.767,5502.598,12946.28,1973.057,5413.729,12795.47,1984.858,5438.694,12924.81,1977.858,5893.737,12738.12,2009.544,5350.776,13088.6,1963.221,5928.027,12818.11,1969.389,5881.079,13018.92,1979.789,5849.028,12687.57,1989.36,5440.859,12841.32,2042.597,5311.693
12957.73,1983.353,5313.237,12859.93,1950.195,5971.82,12882.12,1980.544,5499.83,12591.55,1976.692,5410.618,13171.28,2022.614,5929.117,12609.77,2012.767,5502.319,12946.02,1973.057,5413.391,12795.22,1984.858,5438.347,12924.59,1977.858,5893.37,12738.03,2009.544,5350.357,13088.54,1963.221,5927.602,12817.96,1969.389,5880.679,13018.71,1979.789,5848.653,12687.31,1989.36,5440.515,12841.3,2042.597,5311.265
12957.46,1983.353,5312.98,12859.73,1950.195,5971.501,12881.87,1980.544,5499.542,12591.3,1976.692,5410.333,13171.24,2022.614,5928.74,12609.49,2012.767,5502.064,12945.82,1973.057,5413.07,12794.98,1984.858,5438.047,12924.39,1977.858,5893.051,12737.96,2009.544,5349.985,13088.49,1963.221,5927.228,12817.81,1969.389,5880.33,13018.54,1979.789,5848.315,12687.1,1989.36,5440.204,12841.28,2042.597,5310.887
12957.21,1983.353,5312.742,12859.56,1950.195,5971.211,12881.66,1980.544,5499.278,12591.08,1976.692,5410.071,13171.21,2022.614,5928.404,12609.25,2012.767,5501.828,12945.63,1973.057,5412.791,12794.77,1984.858,5437.786,12924.21,1977.858,5892.76,12737.9,2009.544,5349.653,13088.42,1963.221,5926.896,12817.67,1969.389,5880.023,13018.38,1979.789,5848.016,12686.92,1989.36,5439.919,12841.24,2042.597,5310.551
12957.02,1983.353,5312.538,12859.42,1950.195,5970.964,12881.49,1980.544,5499.053,12590.91,1976.692,5409.847,13171.17,2022.614,5928.125,12609.06,2012.767,5501.626,12945.46,1973.057,5412.563,12794.6,1984.858,5437.563,12924.08,1977.858,5892.513,12737.84,2009.544,5349.376,13088.37,1963.221,5926.62,12817.55,1969.389,5879.768,13018.26,1979.789,5847.763,12686.78,1989.36,5439.674,12841.21,2042.597,5310.271
12956.84,1983.353,5312.333,12859.3,1950.195,5970.722,12881.32,1980.544,5498.839,12590.73,1976.692,5409.642,13171.15,2022.614,5927.853,12608.88,2012.767,5501.424,12945.3,1973.057,5412.344,12794.44,1984.858,5437.342,12923.96,1977.858,5892.27,12737.8,2009.544,5349.108,13088.31,1963.221,5926.354,12817.43,1969.389,5879.525,13018.15,1979.789,5847.515,12686.65,1989.36,5439.435,12841.16,2042.597,5310.002
12956.59,1983.353,5312.026,12859.08,1950.195,5970.387,12881.08,1980.544,5498.518,12590.48,1976.692,5409.333,13171.11,2022.614,5927.457,12608.62,2012.767,5501.121,12945.05,1973.057,5412.033,12794.22,1984.858,5437.011,12923.76,1977.858,5891.92,12737.74,2009.544,5348.714,13088.21,1963.221,5925.968,12817.24,1969.389,5879.175,13018,1979.789,5847.146,12686.44,1989.36,5439.091,12841.09,2042.597,5309.611
12956.4,1983.353,5311.791,12858.93,1950.195,5970.131,12880.9,1980.544,5498.282,12590.3,1976.692,5409.096,13171.06,2022.614,5927.162,12608.43,2012.767,5500.887,12944.87,1973.057,5411.796,12794.06,1984.858,5436.758,12923.63,1977.858,5891.654,12737.7,2009.544,5348.418,13088.15,1963.221,5925.676,12817.09,1969.389,5878.917,13017.89,1979.789,5846.866,12686.28,1989.36,5438.839,12841.02,2042.597,5309.32
12956.19,1983.353,5311.594,12858.75,1950.195,5969.904,12880.73,1980.544,5498.048,12590.13,1976.692,5408.861,13171.01,2022.614,5926.878,12608.26,2012.767,5500.656,12944.69,1973.057,5411.573,12793.91,1984.858,5436.513,12923.54,1977.858,5891.382,12737.67,2009.544,5348.133,13088.1,1963.221,5925.392,12816.91,1969.389,5878.691,13017.8,1979.789,5846.593,12686.11,1989.36,5438.611,12840.95,2042.597,5309.041
12956,1983.353,5311.398,12858.58,1950.195,5969.68,12880.58,1980.544,5497.817,12589.97,1976.692,5408.637,13170.95,2022.614,5926.606,12608.08,2012.767,5500.447,12944.5,1973.057,5411.364,12793.77,1984.858,5436.272,12923.44,1977.858,5891.122,12737.63,2009.544,5347.856,13088.04,1963.221,5925.119,12816.74,1969.389,5878.466,13017.72,1979.789,5846.326,12685.95,1989.36,5438.385,12840.87,2042.597,5308.774
12955.84,1983.353,5311.259,12858.47,1950.195,5969.508,12880.48,1980.544,5497.631,12589.85,1976.692,5408.47,13170.91,2022.614,5926.402,12607.95,2012.767,5500.286,12944.37,1973.057,5411.204,12793.67,1984.858,5436.088,12923.36,1977.858,5890.93,12737.61,2009.544,5347.649,13088.01,1963.221,5924.913,12816.63,1969.389,5878.294,13017.65,1979.789,5846.131,12685.83,1989.36,5438.212,12840.81,2042.597,5308.576
12955.54,1983.353,5310.999,12858.25,1950.195,5969.175,12880.3,1980.544,5497.284,12589.59,1976.692,5408.17,13170.8,2022.614,5926.022,12607.71,2012.767,5499.973,12944.13,1973.057,5410.893,12793.49,1984.858,5435.735,12923.19,1977.858,5890.571,12737.56,2009.544,5347.258,13087.94,1963.221,5924.525,12816.41,1969.389,5877.962,13017.52,1979.789,5845.757,12685.62,1989.36,5437.878,12840.67,2042.597,5308.205
12955.39,1983.353,5310.856,12858.15,1950.195,5968.996,12880.2,1980.544,5497.097,12589.46,1976.692,5408.008,13170.75,2022.614,5925.822,12607.57,2012.767,5499.822,12944.02,1973.057,5410.712,12793.41,1984.858,5435.545,12923.1,1977.858,5890.384,12737.54,2009.544,5347.051,13087.89,1963.221,5924.322,12816.31,1969.389,5877.783,13017.46,1979.789,5845.558,12685.5,1989.36,5437.708,12840.59,2042.597,5308.012
12955.24,1983.353,5310.709,12858.02,1950.195,5968.832,12880.14,1980.544,5496.898,12589.35,1976.692,5407.83,13170.7,2022.614,5925.62,12607.43,2012.767,5499.667,12943.92,1973.057,5410.535,12793.31,1984.858,5435.358,12923.01,1977.858,5890.195,12737.52,2009.544,5346.843,13087.84,1963.221,5924.12,12816.21,1969.389,5877.6,13017.39,1979.789,5845.361,12685.39,1989.36,5437.533,12840.51,2042.597,5307.821
12955.03,1983.353,5310.484,12857.84,1950.195,5968.583,12880.04,1980.544,5496.609,12589.2,1976.692,5407.565,13170.61,2022.614,5925.324,12607.24,2012.767,5499.433,12943.74,1973.057,5410.285,12793.17,1984.858,5435.085,12922.89,1977.858,5889.913,12737.49,2009.544,5346.537,13087.76,1963.221,5923.823,12816.06,1969.389,5877.329,13017.28,1979.789,5845.074,12685.23,1989.36,5437.271,12840.38,2042.597,5307.543
12954.87,1983.353,5310.317,12857.71,1950.195,5968.391,12879.95,1980.544,5496.394,12589.08,1976.692,5407.367,13170.56,2022.614,5925.099,12607.1,2012.767,5499.251,12943.61,1973.057,5410.093,12793.06,1984.858,5434.883,12922.79,1977.858,5889.703,12737.47,2009.544,5346.306,13087.69,1963.221,5923.602,12815.95,1969.389,5877.127,13017.21,1979.789,5844.854,12685.11,1989.36,5437.07,12840.28,2042.597,5307.337
12954.72,1983.353,5310.148,12857.59,1950.195,5968.2,12879.86,1980.544,5496.186,12588.96,1976.692,5407.172,13170.5,2022.614,5924.88,12606.96,2012.767,5499.069,12943.48,1973.057,5409.905,12792.95,1984.858,5434.688,12922.71,1977.858,5889.494,12737.46,2009.544,5346.08,13087.6,1963.221,5923.396,12815.84,1969.389,5876.927,13017.13,1979.789,5844.643,12685.01,1989.36,5436.869,12840.17,2042.597,5307.139
12954.57,1983.353,5309.992,12857.48,1950.195,5968.014,12879.78,1980.544,5495.986,12588.86,1976.692,5406.984,13170.43,2022.614,5924.675,12606.84,2012.767,5498.892,12943.35,1973.057,5409.73,12792.84,1984.858,5434.5,12922.63,1977.858,5889.293,12737.45,2009.544,5345.865,13087.52,1963.221,5923.197,12815.75,1969.389,5876.734,13017.06,1979.789,5844.439,12684.91,1989.36,5436.675,12840.06,2042.597,5306.954
12954.42,1983.353,5309.845,12857.38,1950.195,5967.829,12879.71,1980.544,5495.788,12588.76,1976.692,5406.796,13170.36,2022.614,5924.476,12606.73,2012.767,5498.714,12943.23,1973.057,5409.563,12792.74,1984.858,5434.313,12922.56,1977.858,5889.093,12737.45,2009.544,5345.654,13087.43,1963.221,5923.005,12815.66,1969.389,5876.542,13016.96,1979.789,5844.253,12684.83,1989.36,5436.482,12839.94,2042.597,5306.776
12954.27,1983.353,5309.704,12857.29,1950.195,5967.643,12879.65,1980.544,5495.589,12588.67,1976.692,5406.608,13170.29,2022.614,5924.282,12606.63,2012.767,5498.536,12943.09,1973.057,5409.402,12792.66,1984.858,5434.125,12922.5,1977.858,5888.894,12737.46,2009.544,5345.446,13087.33,1963.221,5922.823,12815.58,1969.389,5876.349,13016.87,1979.789,5844.066,12684.75,1989.36,5436.29,12839.82,2042.597,5306.604
12954.11,1983.353,5309.568,12857.2,1950.195,5967.454,12879.59,1980.544,5495.389,12588.59,1976.692,5406.417,13170.21,2022.614,5924.09,12606.53,2012.767,5498.354,12942.96,1973.057,5409.246,12792.57,1984.858,5433.934,12922.45,1977.858,5888.693,12737.47,2009.544,5345.238,13087.22,1963.221,5922.646,12815.51,1969.389,5876.153,13016.77,1979.789,5843.88,12684.68,1989.36,5436.094,12839.7,2042.597,5306.437
12953.93,1983.353,5309.425,12857.11,1950.195,5967.243,12879.54,1980.544,5495.167,12588.51,1976.692,5406.204,13170.11,2022.614,5923.883,12606.42,2012.767,5498.15,12942.8,1973.057,5409.08,12792.49,1984.858,5433.721,12922.39,1977.858,5888.471,12737.5,2009.544,5345.01,13087.1,1963.221,5922.449,12815.44,1969.389,5875.937,13016.68,1979.789,5843.673,12684.6,1989.36,5435.877,12839.56,2042.597,5306.258
12953.77,1983.353,5309.3,12857.04,1950.195,5967.049,12879.49,1980.544,5494.964,12588.44,1976.692,5406.008,13170.02,2022.614,5923.694,12606.34,2012.767,5497.962,12942.65,1973.057,5408.933,12792.42,1984.858,5433.525,12922.35,1977.858,5888.267,12737.52,2009.544,5344.804,13087,1963.221,5922.267,12815.38,1969.389,5875.737,13016.59,1979.789,5843.484,12684.55,1989.36,5435.678,12839.42,2042.597,5306.099
12953.6,1983.353,5309.18,12856.97,1950.195,5966.852,12879.45,1980.544,5494.759,12588.38,1976.692,5405.81,13169.94,2022.614,5923.504,12606.26,2012.767,5497.771,12942.5,1973.057,5408.791,12792.35,1984.858,5433.327,12922.31,1977.858,5888.062,12737.56,2009.544,5344.598,13086.91,1963.221,5922.083,12815.32,1969.389,5875.535,13016.5,1979.789,5843.297,12684.49,1989.36,5435.476,12839.28,2042.597,5305.944
12953.41,1983.353,5309.057,12856.9,1950.195,5966.637,12879.42,1980.544,5494.536,12588.32,1976.692,5405.593,13169.84,2022.614,5923.301,12606.18,2012.767,5497.562,12942.33,1973.057,5408.642,12792.29,1984.858,5433.11,12922.28,1977.858,5887.839,12737.6,2009.544,5344.377,13086.81,1963.221,5921.879,12815.27,1969.389,5875.315,13016.4,1979.789,5843.092,12684.44,1989.36,5435.256,12839.13,2042.597,5305.781
12953.23,1983.353,5308.948,12856.85,1950.195,5966.436,12879.4,1980.544,5494.329,12588.27,1976.692,5405.391,13169.74,2022.614,5923.116,12606.11,2012.767,5497.366,12942.17,1973.057,5408.51,12792.24,1984.858,5432.908,12922.24,1977.858,5887.634,12737.65,2009.544,5344.174,13086.71,1963.221,5921.693,12815.23,1969.389,5875.111,13016.32,1979.789,5842.899,12684.4,1989.36,5435.051,12838.98,2042.597,5305.636
12953.05,1983.353,5308.846,12856.8,1950.195,5966.233,12879.38,1980.544,5494.121,12588.22,1976.692,5405.187,13169.64,2022.614,5922.935,12606.05,2012.767,5497.168,12942,1973.057,5408.384,12792.2,1984.858,5432.704,12922.2,1977.858,5887.431,12737.7,2009.544,5343.973,13086.62,1963.221,5921.508,12815.2,1969.389,5874.905,13016.24,1979.789,5842.706,12684.37,1989.36,5434.845,12838.82,2042.597,5305.496
12952.86,1983.353,5308.749,12856.76,1950.195,5966.028,12879.37,1980.544,5493.912,12588.19,1976.692,5404.981,13169.53,2022.614,5922.756,12605.99,2012.767,5496.967,12941.83,1973.057,5408.262,12792.16,1984.858,5432.498,12922.16,1977.858,5887.225,12737.76,2009.544,5343.772,13086.53,1963.221,5921.319,12815.17,1969.389,5874.698,13016.17,1979.789,5842.509,12684.35,1989.36,5434.637,12838.67,2042.597,5305.36
12952.68,1983.353,5308.659,12856.72,1950.195,5965.823,12879.37,1980.544,5493.704,12588.16,1976.692,5404.775,13169.42,2022.614,5922.576,12605.94,2012.767,5496.766,12941.66,1973.057,5408.147,12792.13,1984.858,5432.292,12922.12,1977.858,5887.021,12737.83,2009.544,5343.575,13086.42,1963.221,5921.143,12815.16,1969.389,5874.49,13016.1,1979.789,5842.313,12684.33,1989.36,5434.43,12838.5,2042.597,5305.23
12952.49,1983.353,5308.575,12856.69,1950.195,5965.616,12879.37,1980.544,5493.495,12588.14,1976.692,5404.568,13169.34,2022.614,5922.386,12605.9,2012.767,5496.563,12941.48,1973.057,5408.038,12792.1,1984.858,5432.085,12922.09,1977.858,5886.814,12737.9,2009.544,5343.38,13086.31,1963.221,5920.963,12815.14,1969.389,5874.282,13016.04,1979.789,5842.115,12684.32,1989.36,5434.222,12838.33,2042.597,5305.105
12952.29,1983.353,5308.497,12856.67,1950.195,5965.409,12879.38,1980.544,5493.287,12588.12,1976.692,5404.36,13169.25,2022.614,5922.2,12605.86,2012.767,5496.358,12941.3,1973.057,5407.934,12792.09,1984.858,5431.877,12922.06,1977.858,5886.608,12737.98,2009.544,5343.188,13086.21,1963.221,5920.783,12815.14,1969.389,5874.074,13015.97,1979.789,5841.918,12684.31,1989.36,5434.013,12838.16,2042.597,5304.986
12952.1,1983.353,5308.426,12856.66,1950.195,5965.201,12879.39,1980.544,5493.08,12588.11,1976.692,5404.152,13169.16,2022.614,5922.008,12605.84,2012.767,5496.153,12941.12,1973.057,5407.836,12792.08,1984.858,5431.669,12922.03,1977.858,5886.402,12738.07,2009.544,5342.998,13086.11,1963.221,5920.599,12815.14,1969.389,5873.866,13015.88,1979.789,5841.728,12684.31,1989.36,5433.805,12837.99,2042.597,5304.873
12951.9,1983.353,5308.361,12856.65,1950.195,5964.993,12879.42,1980.544,5492.873,12588.11,1976.692,5403.944,13169.08,2022.614,5921.82,12605.81,2012.767,5495.947,12940.93,1973.057,5407.745,12792.07,1984.858,5431.461,12922.01,1977.858,5886.194,12738.16,2009.544,5342.811,13086.02,1963.221,5920.412,12815.15,1969.389,5873.658,13015.8,1979.789,5841.535,12684.32,1989.36,5433.597,12837.81,2042.597,5304.766
12951.7,1983.353,5308.302,12856.65,1950.195,5964.785,12879.45,1980.544,5492.667,12588.11,1976.692,5403.736,13168.98,2022.614,5921.634,12605.8,2012.767,5495.74,12940.74,1973.057,5407.659,12792.08,1984.858,5431.252,12921.98,1977.858,5885.989,12738.26,2009.544,5342.627,13085.93,1963.221,5920.222,12815.16,1969.389,5873.45,13015.73,1979.789,5841.34,12684.34,1989.36,5433.389,12837.63,2042.597,5304.664
12951.5,1983.353,5308.25,12856.65,1950.195,5964.576,12879.49,1980.544,5492.461,12588.12,1976.692,5403.528,13168.88,2022.614,5921.452,12605.79,2012.767,5495.533,12940.55,1973.057,5407.58,12792.08,1984.858,5431.044,12921.95,1977.858,5885.782,12738.36,2009.544,5342.447,13085.85,1963.221,5920.029,12815.18,1969.389,5873.243,13015.67,1979.789,5841.142,12684.36,1989.36,5433.182,12837.44,2042.597,5304.568
12951.29,1983.353,5308.205,12856.67,1950.195,5964.368,12879.53,1980.544,5492.258,12588.14,1976.692,5403.321,13168.78,2022.614,5921.27,12605.79,2012.767,5495.326,12940.35,1973.057,5407.507,12792.1,1984.858,5430.837,12921.92,1977.858,5885.576,12738.47,2009.544,5342.27,13085.77,1963.221,5919.839,12815.21,1969.389,5873.036,13015.63,1979.789,5840.938,12684.39,1989.36,5432.975,12837.26,2042.597,5304.479
12951.09,1983.353,5308.167,12856.65,1950.195,5964.16,12879.58,1980.544,5492.056,12588.17,1976.692,5403.114,13168.67,2022.614,5921.091,12605.79,2012.767,5495.119,12940.15,1973.057,5407.441,12792.13,1984.858,5430.63,12921.9,1977.858,5885.369,12738.59,2009.544,5342.097,13085.69,1963.221,5919.647,12815.25,1969.389,5872.831,13015.58,1979.789,5840.735,12684.42,1989.36,5432.77,12837.07,2042.597,5304.395
12950.88,1983.353,5308.135,12856.65,1950.195,5963.952,12879.64,1980.544,5491.855,12588.2,1976.692,5402.909,13168.58,2022.614,5920.904,12605.81,2012.767,5494.912,12939.95,1973.057,5407.381,12792.16,1984.858,5430.424,12921.88,1977.858,5885.161,12738.71,2009.544,5341.927,13085.6,1963.221,5919.457,12815.29,1969.389,5872.626,13015.52,1979.789,5840.534,12684.47,1989.36,5432.566,12836.87,2042.597,5304.318
12950.67,1983.353,5308.11,12856.64,1950.195,5963.744,12879.7,1980.544,5491.657,12588.24,1976.692,5402.704,13168.48,2022.614,5920.721,12605.82,2012.767,5494.705,12939.75,1973.057,5407.328,12792.19,1984.858,5430.219,12921.88,1977.858,5884.953,12738.84,2009.544,5341.762,13085.52,1963.221,5919.266,12815.33,1969.389,5872.424,13015.48,1979.789,5840.33,12684.52,1989.36,5432.363,12836.68,2042.597,5304.247
12950.47,1983.353,5308.091,12856.64,1950.195,5963.535,12879.77,1980.544,5491.461,12588.28,1976.692,5402.501,13168.38,2022.614,5920.541,12605.85,2012.767,5494.5,12939.55,1973.057,5407.281,12792.24,1984.858,5430.015,12921.89,1977.858,5884.745,12738.97,2009.544,5341.601,13085.47,1963.221,5919.064,12815.38,1969.389,5872.22,13015.43,1979.789,5840.128,12684.57,1989.36,5432.163,12836.48,2042.597,5304.183
12950.26,1983.353,5308.08,12856.65,1950.195,5963.327,12879.85,1980.544,5491.267,12588.33,1976.692,5402.299,13168.27,2022.614,5920.364,12605.88,2012.767,5494.295,12939.35,1973.057,5407.241,12792.29,1984.858,5429.813,12921.89,1977.858,5884.536,12739.11,2009.544,5341.444,13085.41,1963.221,5918.864,12815.4,1969.389,5872.013,13015.38,1979.789,5839.925,12684.63,1989.36,5431.964,12836.28,2042.597,5304.125
12950.05,1983.353,5308.075,12856.66,1950.195,5963.119,12879.93,1980.544,5491.076,12588.39,1976.692,5402.1,13168.15,2022.614,5920.19,12605.92,2012.767,5494.091,12939.14,1973.057,5407.208,12792.34,1984.858,5429.613,12921.89,1977.858,5884.328,12739.25,2009.544,5341.292,13085.36,1963.221,5918.663,12815.43,1969.389,5871.807,13015.33,1979.789,5839.723,12684.7,1989.36,5431.767,12836.08,2042.597,5304.074
12949.84,1983.353,5308.077,12856.68,1950.195,5962.911,12880.02,1980.544,5490.887,12588.45,1976.692,5401.902,13168.03,2022.614,5920.019,12605.97,2012.767,5493.889,12938.93,1973.057,5407.181,12792.41,1984.858,5429.415,12921.88,1977.858,5884.12,12739.4,2009.544,5341.145,13085.3,1963.221,5918.463,12815.47,1969.389,5871.602,13015.27,1979.789,5839.523,12684.78,1989.36,5431.573,12835.87,2042.597,5304.029
12949.63,1983.353,5308.085,12856.7,1950.195,5962.704,12880.11,1980.544,5490.702,12588.53,1976.692,5401.706,13167.9,2022.614,5919.856,12606.02,2012.767,5493.688,12938.73,1973.057,5407.161,12792.48,1984.858,5429.218,12921.88,1977.858,5883.911,12739.55,2009.544,5341.002,13085.23,1963.221,5918.265,12815.51,1969.389,5871.397,13015.21,1979.789,5839.324,12684.86,1989.36,5431.381,12835.67,2042.597,5303.991
12949.43,1983.353,5308.101,12856.69,1950.195,5962.496,12880.21,1980.544,5490.52,12588.6,1976.692,5401.513,13167.77,2022.614,5919.697,12606.08,2012.767,5493.49,12938.52,1973.057,5407.147,12792.55,1984.858,5429.024,12921.87,1977.858,5883.703,12739.71,2009.544,5340.865,13085.17,1963.221,5918.066,12815.56,1969.389,5871.195,13015.16,1979.789,5839.123,12684.95,1989.36,5431.192,12835.46,2042.597,5303.96
12949.22,1983.353,5308.124,12856.69,1950.195,5962.287,12880.32,1980.544,5490.341,12588.69,1976.692,5401.322,13167.64,2022.614,5919.533,12606.14,2012.767,5493.293,12938.31,1973.057,5407.141,12792.64,1984.858,5428.833,12921.88,1977.858,5883.496,12739.87,2009.544,5340.732,13085.1,1963.221,5917.87,12815.61,1969.389,5870.994,13015.12,1979.789,5838.917,12685.04,1989.36,5431.006,12835.25,2042.597,5303.936
12949.01,1983.353,5308.153,12856.68,1950.195,5962.079,12880.44,1980.544,5490.166,12588.78,1976.692,5401.134,13167.51,2022.614,5919.37,12606.21,2012.767,5493.098,12938.1,1973.057,5407.142,12792.73,1984.858,5428.645,12921.9,1977.858,5883.288,12740.03,2009.544,5340.605,13085.03,1963.221,5917.675,12815.66,1969.389,5870.792,13015.08,1979.789,5838.713,12685.14,1989.36,5430.823,12835.05,2042.597,5303.918
12948.81,1983.353,5308.189,12856.68,1950.195,5961.87,12880.55,1980.544,5489.994,12588.87,1976.692,5400.95,13167.38,2022.614,5919.203,12606.29,2012.767,5492.906,12937.89,1973.057,5407.149,12792.82,1984.858,5428.459,12921.9,1977.858,5883.079,12740.2,2009.544,5340.484,13084.95,1963.221,5917.483,12815.71,1969.389,5870.589,13015.03,1979.789,5838.51,12685.25,1989.36,5430.643,12834.84,2042.597,5303.907
12948.6,1983.353,5308.231,12856.67,1950.195,5961.662,12880.68,1980.544,5489.827,12588.97,1976.692,5400.768,13167.26,2022.614,5919.032,12606.38,2012.767,5492.716,12937.69,1973.057,5407.163,12792.92,1984.858,5428.277,12921.92,1977.858,5882.872,12740.37,2009.544,5340.368,13084.86,1963.221,5917.294,12815.76,1969.389,5870.387,13014.98,1979.789,5838.309,12685.36,1989.36,5430.467,12834.63,2042.597,5303.903
12948.4,1983.353,5308.281,12856.67,1950.195,5961.454,12880.81,1980.544,5489.664,12589.08,1976.692,5400.59,13167.15,2022.614,5918.857,12606.47,2012.767,5492.53,12937.48,1973.057,5407.184,12793.03,1984.858,5428.098,12921.94,1977.858,5882.664,12740.55,2009.544,5340.258,13084.75,1963.221,5917.115,12815.78,1969.389,5870.179,13014.92,1979.789,5838.109,12685.47,1989.36,5430.294,12834.42,2042.597,5303.906
12948.2,1983.353,5308.337,12856.67,1950.195,5961.245,12880.94,1980.544,5489.505,12589.19,1976.692,5400.416,13167.04,2022.614,5918.679,12606.56,2012.767,5492.346,12937.27,1973.057,5407.212,12793.14,1984.858,5427.923,12921.95,1977.858,5882.456,12740.73,2009.544,5340.154,13084.65,1963.221,5916.932,12815.81,1969.389,5869.973,13014.86,1979.789,5837.911,12685.6,1989.36,5430.126,12834.21,2042.597,5303.916
12948,1983.353,5308.399,12856.68,1950.195,5961.037,12881.08,1980.544,5489.351,12589.31,1976.692,5400.245,13166.96,2022.614,5918.489,12606.67,2012.767,5492.166,12937.07,1973.057,5407.247,12793.26,1984.858,5427.751,12921.95,1977.858,5882.248,12740.91,2009.544,5340.056,13084.56,1963.221,5916.746,12815.84,1969.389,5869.767,13014.81,1979.789,5837.707,12685.72,1989.36,5429.962,12834.01,2042.597,5303.933
12947.8,1983.353,5308.456,12856.69,1950.195,5960.829,12881.23,1980.544,5489.2,12589.44,1976.692,5400.079,13166.87,2022.614,5918.301,12606.77,2012.767,5491.989,12936.86,1973.057,5407.287,12793.38,1984.858,5427.584,12921.96,1977.858,5882.04,12741.1,2009.544,5339.964,13084.47,1963.221,5916.557,12815.88,1969.389,5869.563,13014.76,1979.789,5837.505,12685.86,1989.36,5429.802,12833.8,2042.597,5303.956
12947.6,1983.353,5308.505,12856.71,1950.195,5960.622,12881.38,1980.544,5489.054,12589.57,1976.692,5399.916,13166.77,2022.614,5918.116,12606.89,2012.767,5491.816,12936.66,1973.057,5407.332,12793.51,1984.858,5427.421,12921.97,1977.858,5881.832,12741.29,2009.544,5339.878,13084.39,1963.221,5916.365,12815.9,1969.389,5869.355,13014.72,1979.789,5837.301,12686,1989.36,5429.646,12833.59,2042.597,5303.986
12947.4,1983.353,5308.548,12856.74,1950.195,5960.415,12881.53,1980.544,5488.913,12589.7,1976.692,5399.758,13166.67,2022.614,5917.935,12607.01,2012.767,5491.646,12936.46,1973.057,5407.383,12793.65,1984.858,5427.262,12921.97,1977.858,5881.623,12741.48,2009.544,5339.798,13084.3,1963.221,5916.176,12815.92,1969.389,5869.148,13014.67,1979.789,5837.099,12686.14,1989.36,5429.495,12833.39,2042.597,5304.022
12947.19,1983.353,5308.584,12856.78,1950.195,5960.211,12881.69,1980.544,5488.776,12589.84,1976.692,5399.604,13166.56,2022.614,5917.756,12607.13,2012.767,5491.481,12936.26,1973.057,5407.439,12793.79,1984.858,5427.107,12921.98,1977.858,5881.416,12741.68,2009.544,5339.725,13084.22,1963.221,5915.984,12815.95,1969.389,5868.942,13014.61,1979.789,5836.899,12686.29,1989.36,5429.349,12833.18,2042.597,5304.066
12946.99,1983.353,5308.613,12856.82,1950.195,5960.006,12881.85,1980.544,5488.645,12589.99,1976.692,5399.455,13166.45,2022.614,5917.582,12607.26,2012.767,5491.32,12936.06,1973.057,5407.5,12793.93,1984.858,5426.958,12921.99,1977.858,5881.208,12741.88,2009.544,5339.658,13084.17,1963.221,5915.784,12815.99,1969.389,5868.737,13014.55,1979.789,5836.701,12686.44,1989.36,5429.208,12832.98,2042.597,5304.116
12946.78,1983.353,5308.649,12856.87,1950.195,5959.805,12882.01,1980.544,5488.518,12590.14,1976.692,5399.311,13166.34,2022.614,5917.404,12607.4,2012.767,5491.163,12935.86,1973.057,5407.556,12794.08,1984.858,5426.813,12922,1977.858,5880.999,12742.07,2009.544,5339.598,13084.1,1963.221,5915.585,12816.03,1969.389,5868.533,13014.48,1979.789,5836.503,12686.6,1989.36,5429.072,12832.78,2042.597,5304.173
12946.58,1983.353,5308.692,12856.92,1950.195,5959.602,12882.18,1980.544,5488.397,12590.3,1976.692,5399.172,13166.23,2022.614,5917.229,12607.54,2012.767,5491.011,12935.66,1973.057,5407.604,12794.24,1984.858,5426.672,12922.01,1977.858,5880.792,12742.28,2009.544,5339.544,13084.04,1963.221,5915.385,12816.06,1969.389,5868.327,13014.38,1979.789,5836.32,12686.76,1989.36,5428.941,12832.58,2042.597,5304.236
12946.37,1983.353,5308.742,12856.97,1950.195,5959.4,12882.36,1980.544,5488.281,12590.46,1976.692,5399.038,13166.12,2022.614,5917.051,12607.69,2012.767,5490.863,12935.45,1973.057,5407.646,12794.4,1984.858,5426.538,12922.02,1977.858,5880.583,12742.48,2009.544,5339.497,13083.98,1963.221,5915.188,12816.09,1969.389,5868.12,13014.29,1979.789,5836.134,12686.93,1989.36,5428.815,12832.39,2042.597,5304.306
12946.17,1983.353,5308.798,12857.02,1950.195,5959.197,12882.53,1980.544,5488.171,12590.62,1976.692,5398.909,13166,2022.614,5916.877,12607.84,2012.767,5490.72,12935.25,1973.057,5407.681,12794.56,1984.858,5426.408,12922.02,1977.858,5880.375,12742.68,2009.544,5339.456,13083.9,1963.221,5914.993,12816.13,1969.389,5867.915,13014.2,1979.789,5835.945,12687.1,1989.36,5428.695,12832.19,2042.597,5304.382
12945.98,1983.353,5308.86,12857.06,1950.195,5958.993,12882.71,1980.544,5488.067,12590.79,1976.692,5398.786,13165.89,2022.614,5916.699,12607.99,2012.767,5490.582,12935.04,1973.057,5407.71,12794.73,1984.858,5426.284,12922.02,1977.858,5880.167,12742.89,2009.544,5339.422,13083.83,1963.221,5914.8,12816.16,1969.389,5867.708,13014.12,1979.789,5835.753,12687.27,1989.36,5428.581,12832,2042.597,5304.464
12945.78,1983.353,5308.917,12857.12,1950.195,5958.792,12882.9,1980.544,5487.969,12590.96,1976.692,5398.668,13165.78,2022.614,5916.524,12608.15,2012.767,5490.449,12934.83,1973.057,5407.744,12794.9,1984.858,5426.166,12922.02,1977.858,5879.958,12743.09,2009.544,5339.395,13083.74,1963.221,5914.61,12816.19,1969.389,5867.504,13014.04,1979.789,5835.559,12687.45,1989.36,5428.473,12831.81,2042.597,5304.553
12945.57,1983.353,5308.966,12857.17,1950.195,5958.59,12883.08,1980.544,5487.877,12591.13,1976.692,5398.557,13165.66,2022.614,5916.354,12608.31,2012.767,5490.321,12934.63,1973.057,5407.783,12795.07,1984.858,5426.053,12922.05,1977.858,5879.751,12743.3,2009.544,5339.374,13083.66,1963.221,5914.417,12816.22,1969.389,5867.297,13013.97,1979.789,5835.362,12687.63,1989.36,5428.37,12831.63,2042.597,5304.647
12945.37,1983.353,5309.009,12857.21,1950.195,5958.388,12883.27,1980.544,5487.791,12591.31,1976.692,5398.45,13165.54,2022.614,5916.185,12608.48,2012.767,5490.199,12934.43,1973.057,5407.827,12795.25,1984.858,5425.945,12922.07,1977.858,5879.544,12743.51,2009.544,5339.36,13083.58,1963.221,5914.224,12816.25,1969.389,5867.091,13013.88,1979.789,5835.178,12687.82,1989.36,5428.273,12831.44,2042.597,5304.748
12945.16,1983.353,5309.045,12857.26,1950.195,5958.184,12883.47,1980.544,5487.71,12591.5,1976.692,5398.35,13165.42,2022.614,5916.011,12608.65,2012.767,5490.083,12934.22,1973.057,5407.876,12795.43,1984.858,5425.844,12922.09,1977.858,5879.336,12743.72,2009.544,5339.354,13083.5,1963.221,5914.03,12816.29,1969.389,5866.886,13013.78,1979.789,5834.995,12688,1989.36,5428.183,12831.27,2042.597,5304.854
12944.96,1983.353,5309.075,12857.29,1950.195,5957.979,12883.66,1980.544,5487.637,12591.68,1976.692,5398.256,13165.31,2022.614,5915.833,12608.83,2012.767,5489.972,12934.02,1973.057,5407.931,12795.62,1984.858,5425.749,12922.1,1977.858,5879.128,12743.93,2009.544,5339.352,13083.42,1963.221,5913.839,12816.33,1969.389,5866.682,13013.68,1979.789,5834.809,12688.19,1989.36,5428.098,12831.09,2042.597,5304.963
12944.75,1983.353,5309.098,12857.33,1950.195,5957.773,12883.86,1980.544,5487.569,12591.87,1976.692,5398.167,13165.22,2022.614,5915.647,12609.01,2012.767,5489.867,12933.82,1973.057,5407.991,12795.81,1984.858,5425.66,12922.11,1977.858,5878.92,12744.13,2009.544,5339.354,13083.33,1963.221,5913.651,12816.38,1969.389,5866.48,13013.59,1979.789,5834.623,12688.39,1989.36,5428.02,12830.91,2042.597,5305.075
12944.54,1983.353,5309.128,12857.36,1950.195,5957.567,12884.06,1980.544,5487.508,12592.06,1976.692,5398.085,13165.12,2022.614,5915.464,12609.19,2012.767,5489.768,12933.62,1973.057,5408.044,12796,1984.858,5425.577,12922.12,1977.858,5878.712,12744.34,2009.544,5339.362,13083.25,1963.221,5913.46,12816.44,1969.389,5866.28,13013.5,1979.789,5834.433,12688.58,1989.36,5427.948,12830.74,2042.597,5305.189
12944.34,1983.353,5309.165,12857.38,1950.195,5957.36,12884.26,1980.544,5487.454,12592.26,1976.692,5398.01,13165.02,2022.614,5915.284,12609.38,2012.767,5489.674,12933.42,1973.057,5408.091,12796.19,1984.858,5425.5,12922.12,1977.858,5878.503,12744.55,2009.544,5339.375,13083.18,1963.221,5913.264,12816.49,1969.389,5866.078,13013.41,1979.789,5834.246,12688.78,1989.36,5427.883,12830.57,2042.597,5305.306
12944.14,1983.353,5309.208,12857.4,1950.195,5957.152,12884.46,1980.544,5487.406,12592.45,1976.692,5397.928,13164.91,2022.614,5915.104,12609.57,2012.767,5489.587,12933.22,1973.057,5408.131,12796.39,1984.858,5425.43,12922.11,1977.858,5878.295,12744.76,2009.544,5339.393,13083.11,1963.221,5913.066,12816.54,1969.389,5865.876,13013.33,1979.789,5834.056,12688.98,1989.36,5427.824,12830.4,2042.597,5305.426
12943.93,1983.353,5309.257,12857.42,1950.195,5956.945,12884.67,1980.544,5487.364,12592.64,1976.692,5397.841,13164.8,2022.614,5914.929,12609.76,2012.767,5489.505,12933.01,1973.057,5408.165,12796.58,1984.858,5425.366,12922.1,1977.858,5878.087,12744.96,2009.544,5339.417,13083.06,1963.221,5912.865,12816.62,1969.389,5865.682,13013.23,1979.789,5833.869,12689.18,1989.36,5427.771,12830.23,2042.597,5305.549
12943.73,1983.353,5309.313,12857.44,1950.195,5956.738,12884.87,1980.544,5487.33,12592.82,1976.692,5397.748,13164.68,2022.614,5914.757,12609.95,2012.767,5489.43,12932.8,1973.057,5408.192,12796.79,1984.858,5425.309,12922.09,1977.858,5877.879,12745.17,2009.544,5339.445,13083,1963.221,5912.666,12816.69,1969.389,5865.485,13013.14,1979.789,5833.683,12689.38,1989.36,5427.726,12830.06,2042.597,5305.675
12943.54,1983.353,5309.376,12857.44,1950.195,5956.53,12885.08,1980.544,5487.302,12593.01,1976.692,5397.661,13164.57,2022.614,5914.581,12610.14,2012.767,5489.36,12932.6,1973.057,5408.212,12796.99,1984.858,5425.258,12922.05,1977.858,5877.674,12745.38,2009.544,5339.479,13082.93,1963.221,5912.468,12816.75,1969.389,5865.286,13013.06,1979.789,5833.493,12689.59,1989.36,5427.687,12829.9,2042.597,5305.805
12943.33,1983.353,5309.433,12857.44,1950.195,5956.321,12885.28,1980.544,5487.281,12593.21,1976.692,5397.581,13164.45,2022.614,5914.409,12610.34,2012.767,5489.297,12932.39,1973.057,5408.237,12797.19,1984.858,5425.214,12922.02,1977.858,5877.468,12745.58,2009.544,5339.519,13082.86,1963.221,5912.273,12816.81,1969.389,5865.085,13012.98,1979.789,5833.301,12689.8,1989.36,5427.654,12829.74,2042.597,5305.938
12943.13,1983.353,5309.483,12857.45,1950.195,5956.113,12885.49,1980.544,5487.266,12593.4,1976.692,5397.506,13164.34,2022.614,5914.233,12610.54,2012.767,5489.241,12932.18,1973.057,5408.266,12797.4,1984.858,5425.176,12921.99,1977.858,5877.263,12745.78,2009.544,5339.564,13082.79,1963.221,5912.075,12816.88,1969.389,5864.891,13012.9,1979.789,5833.106,12690,1989.36,5427.629,12829.58,2042.597,5306.073
12942.93,1983.353,5309.526,12857.46,1950.195,5955.905,12885.7,1980.544,5487.258,12593.6,1976.692,5397.438,13164.22,2022.614,5914.062,12610.74,2012.767,5489.19,12931.98,1973.057,5408.3,12797.6,1984.858,5425.146,12921.95,1977.858,5877.059,12745.98,2009.544,5339.615,13082.72,1963.221,5911.879,12816.95,1969.389,5864.694,13012.83,1979.789,5832.909,12690.21,1989.36,5427.61,12829.43,2042.597,5306.212
12942.72,1983.353,5309.563,12857.47,1950.195,5955.697,12885.91,1980.544,5487.257,12593.8,1976.692,5397.377,13164.11,2022.614,5913.886,12610.95,2012.767,5489.147,12931.77,1973.057,5408.339,12797.81,1984.858,5425.122,12921.91,1977.858,5876.853,12746.18,2009.544,5339.671,13082.67,1963.221,5911.679,12817.01,1969.389,5864.497,13012.77,1979.789,5832.709,12690.42,1989.36,5427.598,12829.28,2042.597,5306.355
12942.52,1983.353,5309.593,12857.47,1950.195,5955.489,12886.12,1980.544,5487.263,12594,1976.692,5397.322,13163.99,2022.614,5913.714,12611.15,2012.767,5489.11,12931.57,1973.057,5408.383,12798.02,1984.858,5425.104,12921.89,1977.858,5876.646,12746.38,2009.544,5339.733,13082.6,1963.221,5911.481,12817.09,1969.389,5864.301,13012.71,1979.789,5832.512,12690.63,1989.36,5427.593,12829.13,2042.597,5306.501
12942.31,1983.353,5309.616,12857.49,1950.195,5955.281,12886.32,1980.544,5487.276,12594.2,1976.692,5397.274,13163.85,2022.614,5913.559,12611.36,2012.767,5489.08,12931.37,1973.057,5408.432,12798.22,1984.858,5425.094,12921.87,1977.858,5876.439,12746.58,2009.544,5339.8,13082.53,1963.221,5911.285,12817.15,1969.389,5864.104,13012.65,1979.789,5832.313,12690.83,1989.36,5427.594,12828.98,2042.597,5306.651
12942.1,1983.353,5309.633,12857.5,1950.195,5955.073,12886.53,1980.544,5487.295,12594.4,1976.692,5397.232,13163.72,2022.614,5913.4,12611.56,2012.767,5489.057,12931.17,1973.057,5408.486,12798.43,1984.858,5425.091,12921.85,1977.858,5876.231,12746.78,2009.544,5339.874,13082.45,1963.221,5911.092,12817.23,1969.389,5863.91,13012.58,1979.789,5832.116,12691.04,1989.36,5427.603,12828.84,2042.597,5306.805
12941.89,1983.353,5309.643,12857.53,1950.195,5954.867,12886.74,1980.544,5487.322,12594.61,1976.692,5397.197,13163.59,2022.614,5913.236,12611.77,2012.767,5489.04,12930.97,1973.057,5408.545,12798.64,1984.858,5425.094,12921.84,1977.858,5876.023,12746.97,2009.544,5339.952,13082.38,1963.221,5910.895,12817.3,1969.389,5863.714,13012.5,1979.789,5831.922,12691.25,1989.36,5427.618,12828.7,2042.597,5306.961
12941.69,1983.353,5309.659,12857.58,1950.195,5954.665,12886.94,1980.544,5487.354,12594.81,1976.692,5397.169,13163.45,2022.614,5913.081,12611.98,2012.767,5489.03,12930.77,1973.057,5408.597,12798.85,1984.858,5425.104,12921.87,1977.858,5875.816,12747.16,2009.544,5340.036,13082.31,1963.221,5910.701,12817.36,1969.389,5863.516,13012.41,1979.789,5831.736,12691.46,1989.36,5427.64,12828.57,2042.597,5307.122
12941.48,1983.353,5309.683,12857.63,1950.195,5954.461,12887.15,1980.544,5487.394,12595.02,1976.692,5397.147,13163.32,2022.614,5912.92,12612.18,2012.767,5489.014,12930.56,1973.057,5408.643,12799.06,1984.858,5425.122,12921.88,1977.858,5875.608,12747.35,2009.544,5340.125,13082.23,1963.221,5910.509,12817.42,1969.389,5863.316,13012.32,1979.789,5831.547,12691.66,1989.36,5427.668,12828.44,2042.597,5307.285
12941.27,1983.353,5309.713,12857.67,1950.195,5954.256,12887.35,1980.544,5487.44,12595.23,1976.692,5397.133,13163.19,2022.614,5912.755,12612.39,2012.767,5489.005,12930.36,1973.057,5408.682,12799.26,1984.858,5425.145,12921.89,1977.858,5875.4,12747.53,2009.544,5340.221,13082.14,1963.221,5910.32,12817.5,1969.389,5863.124,13012.24,1979.789,5831.356,12691.87,1989.36,5427.704,12828.32,2042.597,5307.452
12941.07,1983.353,5309.75,12857.72,1950.195,5954.055,12887.55,1980.544,5487.493,12595.44,1976.692,5397.125,13163.06,2022.614,5912.592,12612.6,2012.767,5489.002,12930.15,1973.057,5408.715,12799.47,1984.858,5425.175,12921.9,1977.858,5875.192,12747.72,2009.544,5340.321,13082.06,1963.221,5910.128,12817.58,1969.389,5862.929,13012.16,1979.789,5831.162,12692.07,1989.36,5427.747,12828.2,2042.597,5307.622
12940.86,1983.353,5309.793,12857.78,1950.195,5953.854,12887.75,1980.544,5487.553,12595.65,1976.692,5397.124,13162.94,2022.614,5912.425,12612.81,2012.767,5489.005,12929.94,1973.057,5408.741,12799.67,1984.858,5425.212,12921.92,1977.858,5874.985,12747.9,2009.544,5340.427,13081.97,1963.221,5909.939,12817.64,1969.389,5862.731,13012.09,1979.789,5830.965,12692.27,1989.36,5427.795,12828.08,2042.597,5307.794
12940.66,1983.353,5309.843,12857.83,1950.195,5953.652,12887.95,1980.544,5487.619,12595.85,1976.692,5397.13,13162.82,2022.614,5912.253,12613.02,2012.767,5489.014,12929.74,1973.057,5408.76,12799.88,1984.858,5425.256,12921.94,1977.858,5874.777,12748.07,2009.544,5340.538,13081.89,1963.221,5909.747,12817.72,1969.389,5862.54,13012.03,1979.789,5830.768,12692.48,1989.36,5427.851,12827.97,2042.597,5307.971
12940.46,1983.353,5309.9,12857.88,1950.195,5953.451,12888.14,1980.544,5487.691,12596.06,1976.692,5397.143,13162.69,2022.614,5912.093,12613.22,2012.767,5489.03,12929.53,1973.057,5408.772,12800.08,1984.858,5425.307,12921.96,1977.858,5874.57,12748.25,2009.544,5340.654,13081.8,1963.221,5909.558,12817.81,1969.389,5862.348,13011.96,1979.789,5830.568,12692.67,1989.36,5427.913,12827.86,2042.597,5308.15
12940.26,1983.353,5309.963,12857.93,1950.195,5953.248,12888.34,1980.544,5487.77,12596.27,1976.692,5397.162,13162.54,2022.614,5911.939,12613.43,2012.767,5489.02,12929.32,1973.057,5408.777,12800.28,1984.858,5425.364,12921.97,1977.858,5874.362,12748.42,2009.544,5340.775,13081.72,1963.221,5909.369,12817.88,1969.389,5862.154,13011.9,1979.789,5830.371,12692.87,1989.36,5427.981,12827.76,2042.597,5308.332
12940.02,1983.353,5310.031,12857.98,1950.195,5953.002,12888.57,1980.544,5487.872,12596.52,1976.692,5397.193,13162.38,2022.614,5911.751,12613.68,2012.767,5489.015,12929.07,1973.057,5408.788,12800.52,1984.858,5425.44,12922,1977.858,5874.112,12748.61,2009.544,5340.927,13081.58,1963.221,5909.158,12817.96,1969.389,5861.917,13011.79,1979.789,5830.144,12693.1,1989.36,5428.071,12827.64,2042.597,5308.554
12939.82,1983.353,5310.082,12858.01,1950.195,5952.797,12888.75,1980.544,5487.962,12596.72,1976.692,5397.226,13162.25,2022.614,5911.59,12613.89,2012.767,5489.014,12928.86,1973.057,5408.801,12800.72,1984.858,5425.51,12922.01,1977.858,5873.904,12748.78,2009.544,5341.059,13081.47,1963.221,5908.981,12818.05,1969.389,5861.727,13011.69,1979.789,5829.96,12693.3,1989.36,5428.152,12827.55,2042.597,5308.742
12939.62,1983.353,5310.125,12858.04,1950.195,5952.59,12888.94,1980.544,5488.06,12596.93,1976.692,5397.266,13162.12,2022.614,5911.43,12614.1,2012.767,5489.019,12928.66,1973.057,5408.817,12800.91,1984.858,5425.587,12922.01,1977.858,5873.696,12748.93,2009.544,5341.194,13081.37,1963.221,5908.8,12818.13,1969.389,5861.534,13011.6,1979.789,5829.774,12693.49,1989.36,5428.227,12827.47,2042.597,5308.932
12939.41,1983.353,5310.162,12858.09,1950.195,5952.389,12889.12,1980.544,5488.163,12597.13,1976.692,5397.312,13161.98,2022.614,5911.272,12614.3,2012.767,5489.031,12928.45,1973.057,5408.837,12801.1,1984.858,5425.669,12922.01,1977.858,5873.487,12749.09,2009.544,5341.335,13081.27,1963.221,5908.617,12818.2,1969.389,5861.339,13011.51,1979.789,5829.584,12693.68,1989.36,5428.308,12827.39,2042.597,5309.124
12939.21,1983.353,5310.192,12858.13,1950.195,5952.186,12889.3,1980.544,5488.271,12597.33,1976.692,5397.365,13161.85,2022.614,5911.111,12614.51,2012.767,5489.05,12928.24,1973.057,5408.861,12801.29,1984.858,5425.758,12922.01,1977.858,5873.279,12749.24,2009.544,5341.48,13081.18,1963.221,5908.43,12818.27,1969.389,5861.141,13011.43,1979.789,5829.393,12693.88,1989.36,5428.384,12827.31,2042.597,5309.318
12939,1983.353,5310.216,12858.18,1950.195,5951.982,12889.47,1980.544,5488.386,12597.53,1976.692,5397.424,13161.71,2022.614,5910.956,12614.72,2012.767,5489.075,12928.04,1973.057,5408.889,12801.47,1984.858,5425.854,12921.99,1977.858,5873.071,12749.38,2009.544,5341.629,13081.09,1963.221,5908.241,12818.33,1969.389,5860.941,13011.36,1979.789,5829.198,12694.08,1989.36,5428.442,12827.24,2042.597,5309.515
12938.79,1983.353,5310.232,12858.22,1950.195,5951.778,12889.64,1980.544,5488.506,12597.73,1976.692,5397.478,13161.58,2022.614,5910.796,12614.92,2012.767,5489.106,12927.83,1973.057,5408.92,12801.66,1984.858,5425.955,12921.97,1977.858,5872.864,12749.52,2009.544,5341.783,13081.01,1963.221,5908.05,12818.38,1969.389,5860.74,13011.29,1979.789,5829.001,12694.28,1989.36,5428.496,12827.18,2042.597,5309.713
12938.58,1983.353,5310.242,12858.27,1950.195,5951.576,12889.81,1980.544,5488.632,12597.93,1976.692,5397.525,13161.44,2022.614,5910.641,12615.13,2012.767,5489.144,12927.62,1973.057,5408.956,12801.84,1984.858,5426.062,12921.94,1977.858,5872.658,12749.66,2009.544,5341.941,13080.93,1963.221,5907.857,12818.42,1969.389,5860.537,13011.23,1979.789,5828.802,12694.48,1989.36,5428.555,12827.12,2042.597,5309.913
12938.37,1983.353,5310.246,12858.32,1950.195,5951.372,12889.97,1980.544,5488.763,12598.14,1976.692,5397.566,13161.3,2022.614,5910.482,12615.33,2012.767,5489.187,12927.42,1973.057,5408.996,12802.02,1984.858,5426.167,12921.91,1977.858,5872.453,12749.79,2009.544,5342.104,13080.86,1963.221,5907.66,12818.47,1969.389,5860.334,13011.17,1979.789,5828.601,12694.67,1989.36,5428.622,12827.07,2042.597,5310.115
12938.17,1983.353,5310.242,12858.35,1950.195,5951.167,12890.13,1980.544,5488.899,12598.34,1976.692,5397.601,13161.17,2022.614,5910.318,12615.53,2012.767,5489.236,12927.22,1973.057,5409.04,12802.19,1984.858,5426.276,12921.86,1977.858,5872.249,12749.92,2009.544,5342.27,13080.79,1963.221,5907.463,12818.51,1969.389,5860.128,13011.13,1979.789,5828.398,12694.87,1989.36,5428.694,12827.03,2042.597,5310.318
12937.96,1983.353,5310.232,12858.39,1950.195,5950.961,12890.28,1980.544,5489.041,12598.55,1976.692,5397.63,13161.05,2022.614,5910.152,12615.73,2012.767,5489.292,12927.01,1973.057,5409.087,12802.37,1984.858,5426.392,12921.82,1977.858,5872.046,12750.04,2009.544,5342.439,13080.72,1963.221,5907.268,12818.54,1969.389,5859.923,13011.08,1979.789,5828.194,12695.06,1989.36,5428.773,12826.99,2042.597,5310.522
12937.75,1983.353,5310.215,12858.42,1950.195,5950.756,12890.43,1980.544,5489.187,12598.76,1976.692,5397.652,13160.93,2022.614,5909.982,12615.93,2012.767,5489.354,12926.81,1973.057,5409.14,12802.53,1984.858,5426.513,12921.76,1977.858,5871.845,12750.15,2009.544,5342.613,13080.64,1963.221,5907.075,12818.57,1969.389,5859.716,13011.05,1979.789,5827.988,12695.25,1989.36,5428.85,12826.95,2042.597,5310.728
12937.54,1983.353,5310.205,12858.48,1950.195,5950.555,12890.57,1980.544,5489.338,12598.96,1976.692,5397.682,13160.81,2022.614,5909.81,12616.13,2012.767,5489.409,12926.61,1973.057,5409.185,12802.71,1984.858,5426.629,12921.7,1977.858,5871.646,12750.26,2009.544,5342.79,13080.55,1963.221,5906.884,12818.59,1969.389,5859.51,13011.02,1979.789,5827.782,12695.46,1989.36,5428.895,12826.92,2042.597,5310.935
12937.33,1983.353,5310.201,12858.52,1950.195,5950.351,12890.71,1980.544,5489.494,12599.17,1976.692,5397.718,13160.7,2022.614,5909.635,12616.33,2012.767,5489.457,12926.4,1973.057,5409.224,12802.88,1984.858,5426.75,12921.63,1977.858,5871.45,12750.37,2009.544,5342.97,13080.46,1963.221,5906.696,12818.62,1969.389,5859.303,13011,1979.789,5827.575,12695.66,1989.36,5428.947,12826.9,2042.597,5311.142
12937.13,1983.353,5310.205,12858.56,1950.195,5950.146,12890.84,1980.544,5489.654,12599.37,1976.692,5397.761,13160.59,2022.614,5909.457,12616.54,2012.767,5489.499,12926.2,1973.057,5409.256,12803.05,1984.858,5426.86,12921.56,1977.858,5871.255,12750.47,2009.544,5343.153,13080.37,1963.221,5906.51,12818.66,1969.389,5859.098,13010.98,1979.789,5827.367,12695.86,1989.36,5429.005,12826.89,2042.597,5311.349
12936.92,1983.353,5310.215,12858.59,1950.195,5949.94,12890.97,1980.544,5489.818,12599.58,1976.692,5397.801,13160.49,2022.614,5909.276,12616.74,2012.767,5489.534,12925.99,1973.057,5409.281,12803.23,1984.858,5426.974,12921.47,1977.858,5871.063,12750.56,2009.544,5343.339,13080.27,1963.221,5906.326,12818.7,1969.389,5858.893,13010.98,1979.789,5827.159,12696.06,1989.36,5429.07,12826.88,2042.597,5311.557
12936.71,1983.353,5310.232,12858.61,1950.195,5949.733,12891.09,1980.544,5489.986,12599.78,1976.692,5397.848,13160.39,2022.614,5909.093,12616.94,2012.767,5489.582,12925.78,1973.057,5409.3,12803.4,1984.858,5427.093,12921.39,1977.858,5870.875,12750.65,2009.544,5343.528,13080.17,1963.221,5906.145,12818.72,1969.389,5858.687,13010.97,1979.789,5826.95,12696.26,1989.36,5429.128,12826.88,2042.597,5311.766
12936.5,1983.353,5310.256,12858.63,1950.195,5949.526,12891.21,1980.544,5490.159,12599.98,1976.692,5397.901,13160.29,2022.614,5908.908,12617.15,2012.767,5489.624,12925.57,1973.057,5409.312,12803.57,1984.858,5427.211,12921.29,1977.858,5870.688,12750.73,2009.544,5343.719,13080.06,1963.221,5905.966,12818.76,1969.389,5858.481,13010.98,1979.789,5826.742,12696.46,1989.36,5429.193,12826.88,2042.597,5311.974
12936.3,1983.353,5310.286,12858.66,1950.195,5949.319,12891.32,1980.544,5490.334,12600.18,1976.692,5397.961,13160.2,2022.614,5908.72,12617.35,2012.767,5489.658,12925.37,1973.057,5409.316,12803.74,1984.858,5427.334,12921.19,1977.858,5870.505,12750.81,2009.544,5343.913,13079.95,1963.221,5905.79,12818.8,1969.389,5858.277,13010.99,1979.789,5826.534,12696.65,1989.36,5429.265,12826.89,2042.597,5312.182
12936.09,1983.353,5310.323,12858.7,1950.195,5949.115,12891.43,1980.544,5490.514,12600.38,1976.692,5398.027,13160.12,2022.614,5908.53,12617.56,2012.767,5489.686,12925.16,1973.057,5409.315,12803.92,1984.858,5427.445,12921.1,1977.858,5870.319,12750.88,2009.544,5344.109,13079.84,1963.221,5905.617,12818.85,1969.389,5858.074,13011,1979.789,5826.325,12696.85,1989.36,5429.32,12826.91,2042.597,5312.39
12935.89,1983.353,5310.367,12858.74,1950.195,5948.91,12891.53,1980.544,5490.697,12600.58,1976.692,5398.088,13160.03,2022.614,5908.338,12617.76,2012.767,5489.72,12924.95,1973.057,5409.307,12804.09,1984.858,5427.562,12921.01,1977.858,5870.13,12750.94,2009.544,5344.307,13079.72,1963.221,5905.446,12818.88,1969.389,5857.869,13011,1979.789,5826.117,12697.05,1989.36,5429.382,12826.93,2042.597,5312.597
12935.69,1983.353,5310.418,12858.78,1950.195,5948.706,12891.62,1980.544,5490.883,12600.78,1976.692,5398.143,13159.96,2022.614,5908.145,12617.97,2012.767,5489.761,12924.74,1973.057,5409.292,12804.26,1984.858,5427.671,12920.93,1977.858,5869.938,12751,2009.544,5344.507,13079.59,1963.221,5905.279,12818.9,1969.389,5857.662,13010.99,1979.789,5825.909,12697.25,1989.36,5429.431,12826.96,2042.597,5312.803
12935.49,1983.353,5310.475,12858.81,1950.195,5948.501,12891.71,1980.544,5491.072,12600.98,1976.692,5398.191,13159.89,2022.614,5907.949,12618.17,2012.767,5489.807,12924.54,1973.057,5409.27,12804.44,1984.858,5427.787,12920.86,1977.858,5869.744,12751.05,2009.544,5344.708,13079.47,1963.221,5905.114,12818.93,1969.389,5857.456,13010.98,1979.789,5825.701,12697.46,1989.36,5429.486,12826.99,2042.597,5313.009
12935.28,1983.353,5310.526,12858.86,1950.195,5948.298,12891.79,1980.544,5491.264,12601.18,1976.692,5398.233,13159.81,2022.614,5907.755,12618.37,2012.767,5489.86,12924.33,1973.057,5409.249,12804.61,1984.858,5427.905,12920.79,1977.858,5869.547,12751.1,2009.544,5344.912,13079.34,1963.221,5904.946,12818.97,1969.389,5857.25,13010.95,1979.789,5825.494,12697.66,1989.36,5429.547,12827.03,2042.597,5313.213
12935.08,1983.353,5310.57,12858.91,1950.195,5948.096,12891.87,1980.544,5491.458,12601.39,1976.692,5398.27,13159.73,2022.614,5907.564,12618.57,2012.767,5489.918,12924.12,1973.057,5409.229,12804.78,1984.858,5428.028,12920.73,1977.858,5869.349,12751.14,2009.544,5345.116,13079.23,1963.221,5904.773,12819.02,1969.389,5857.047,13010.93,1979.789,5825.287,12697.86,1989.36,5429.605,12827.08,2042.597,5313.416
12934.87,1983.353,5310.607,12858.96,1950.195,5947.893,12891.94,1980.544,5491.655,12601.59,1976.692,5398.299,13159.64,2022.614,5907.376,12618.77,2012.767,5489.983,12923.91,1973.057,5409.211,12804.94,1984.858,5428.157,12920.67,1977.858,5869.148,12751.17,2009.544,5345.322,13079.12,1963.221,5904.597,12819.07,1969.389,5856.845,13010.89,1979.789,5825.082,12698.05,1989.36,5429.67,12827.13,2042.597,5313.617
12934.67,1983.353,5310.638,12858.99,1950.195,5947.688,12892,1980.544,5491.854,12601.8,1976.692,5398.336,13159.55,2022.614,5907.186,12618.97,2012.767,5490.041,12923.71,1973.057,5409.195,12805.12,1984.858,5428.272,12920.62,1977.858,5868.945,12751.2,2009.544,5345.528,13079.01,1963.221,5904.417,12819.12,1969.389,5856.645,13010.85,1979.789,5824.877,12698.25,1989.36,5429.741,12827.19,2042.597,5313.817
12934.46,1983.353,5310.662,12859.03,1950.195,5947.483,12892.05,1980.544,5492.055,12602,1976.692,5398.379,13159.46,2022.614,5906.998,12619.17,2012.767,5490.092,12923.5,1973.057,5409.179,12805.29,1984.858,5428.392,12920.58,1977.858,5868.741,12751.22,2009.544,5345.735,13078.91,1963.221,5904.234,12819.17,1969.389,5856.442,13010.8,1979.789,5824.675,12698.44,1989.36,5429.818,12827.26,2042.597,5314.015
12934.25,1983.353,5310.679,12859.07,1950.195,5947.278,12892.1,1980.544,5492.257,12602.21,1976.692,5398.429,13159.37,2022.614,5906.813,12619.37,2012.767,5490.137,12923.29,1973.057,5409.165,12805.46,1984.858,5428.506,12920.55,1977.858,5868.536,12751.24,2009.544,5345.943,13078.8,1963.221,5904.055,12819.22,1969.389,5856.24,13010.76,1979.789,5824.471,12698.64,1989.36,5429.889,12827.33,2042.597,5314.21
12934.04,1983.353,5310.689,12859.11,1950.195,5947.074,12892.15,1980.544,5492.461,12602.41,1976.692,5398.486,13159.27,2022.614,5906.628,12619.58,2012.767,5490.175,12923.08,1973.057,5409.152,12805.63,1984.858,5428.625,12920.51,1977.858,5868.331,12751.25,2009.544,5346.151,13078.71,1963.221,5903.872,12819.28,1969.389,5856.039,13010.71,1979.789,5824.268,12698.83,1989.36,5429.966,12827.41,2042.597,5314.404
12933.84,1983.353,5310.692,12859.15,1950.195,5946.868,12892.18,1980.544,5492.666,12602.6,1976.692,5398.549,13159.17,2022.614,5906.447,12619.78,2012.767,5490.207,12922.87,1973.057,5409.141,12805.8,1984.858,5428.741,12920.47,1977.858,5868.125,12751.25,2009.544,5346.359,13078.61,1963.221,5903.687,12819.35,1969.389,5855.845,13010.66,1979.789,5824.067,12699.01,1989.36,5430.071,12827.49,2042.597,5314.595
12933.63,1983.353,5310.689,12859.17,1950.195,5946.662,12892.21,1980.544,5492.872,12602.8,1976.692,5398.606,13159.06,2022.614,5906.268,12619.99,2012.767,5490.244,12922.67,1973.057,5409.131,12805.97,1984.858,5428.863,12920.44,1977.858,5867.919,12751.24,2009.544,5346.568,13078.52,1963.221,5903.498,12819.44,1969.389,5855.655,13010.61,1979.789,5823.864,12699.2,1989.36,5430.171,12827.58,2042.597,5314.783
12933.42,1983.353,5310.68,12859.2,1950.195,5946.455,12892.24,1980.544,5493.079,12603.01,1976.692,5398.657,13158.95,2022.614,5906.091,12620.19,2012.767,5490.288,12922.46,1973.057,5409.123,12806.14,1984.858,5428.991,12920.4,1977.858,5867.715,12751.23,2009.544,5346.776,13078.42,1963.221,5903.317,12819.52,1969.389,5855.461,13010.55,1979.789,5823.664,12699.38,1989.36,5430.265,12827.67,2042.597,5314.969
12933.21,1983.353,5310.663,12859.23,1950.195,5946.248,12892.25,1980.544,5493.287,12603.21,1976.692,5398.702,13158.85,2022.614,5905.91,12620.39,2012.767,5490.338,12922.25,1973.057,5409.116,12806.3,1984.858,5429.117,12920.37,1977.858,5867.51,12751.22,2009.544,5346.983,13078.32,1963.221,5903.132,12819.6,1969.389,5855.271,13010.5,1979.789,5823.462,12699.57,1989.36,5430.352,12827.77,2042.597,5315.151
12933.01,1983.353,5310.64,12859.25,1950.195,5946.041,12892.26,1980.544,5493.495,12603.42,1976.692,5398.741,13158.75,2022.614,5905.727,12620.59,2012.767,5490.394,12922.04,1973.057,5409.111,12806.46,1984.858,5429.249,12920.34,1977.858,5867.303,12751.2,2009.544,5347.19,13078.21,1963.221,5902.955,12819.68,1969.389,5855.077,13010.44,1979.789,5823.262,12699.76,1989.36,5430.438,12827.88,2042.597,5315.331
12932.8,1983.353,5310.609,12859.28,1950.195,5945.834,12892.26,1980.544,5493.703,12603.62,1976.692,5398.773,13158.64,2022.614,5905.546,12620.79,2012.767,5490.456,12921.83,1973.057,5409.107,12806.63,1984.858,5429.374,12920.32,1977.858,5867.096,12751.17,2009.544,5347.397,13078.11,1963.221,5902.773,12819.75,1969.389,5854.881,13010.39,1979.789,5823.06,12699.95,1989.36,5430.529,12827.99,2042.597,5315.507
12932.59,1983.353,5310.573,12859.31,1950.195,5945.628,12892.26,1980.544,5493.912,12603.83,1976.692,5398.813,13158.54,2022.614,5905.366,12620.99,2012.767,5490.512,12921.63,1973.057,5409.104,12806.79,1984.858,5429.503,12920.3,1977.858,5866.889,12751.13,2009.544,5347.603,13078.01,1963.221,5902.589,12819.81,1969.389,5854.683,13010.35,1979.789,5822.856,12700.13,1989.36,5430.626,12828.1,2042.597,5315.68
12932.39,1983.353,5310.529,12859.34,1950.195,5945.423,12892.25,1980.544,5494.12,12604.03,1976.692,5398.858,13158.43,2022.614,5905.188,12621.19,2012.767,5490.561,12921.42,1973.057,5409.104,12806.97,1984.858,5429.621,12920.29,1977.858,5866.681,12751.09,2009.544,5347.807,13077.92,1963.221,5902.403,12819.87,1969.389,5854.483,13010.29,1979.789,5822.655,12700.31,1989.36,5430.73,12828.23,2042.597,5315.85
12932.19,1983.353,5310.479,12859.37,1950.195,5945.216,12892.23,1980.544,5494.327,12604.23,1976.692,5398.911,13158.34,2022.614,5905,12621.4,2012.767,5490.603,12921.21,1973.057,5409.105,12807.13,1984.858,5429.743,12920.29,1977.858,5866.472,12751.04,2009.544,5348.01,13077.83,1963.221,5902.214,12819.92,1969.389,5854.281,13010.23,1979.789,5822.455,12700.49,1989.36,5430.839,12828.35,2042.597,5316.015
12931.99,1983.353,5310.422,12859.42,1950.195,5945.015,12892.21,1980.544,5494.534,12604.43,1976.692,5398.952,13158.25,2022.614,5904.813,12621.6,2012.767,5490.639,12921,1973.057,5409.107,12807.3,1984.858,5429.864,12920.28,1977.858,5866.264,12750.99,2009.544,5348.211,13077.75,1963.221,5902.022,12820,1969.389,5854.087,13010.17,1979.789,5822.257,12700.67,1989.36,5430.954,12828.48,2042.597,5316.177
12931.79,1983.353,5310.359,12859.47,1950.195,5944.813,12892.18,1980.544,5494.74,12604.64,1976.692,5398.999,13158.15,2022.614,5904.63,12621.81,2012.767,5490.667,12920.79,1973.057,5409.112,12807.48,1984.858,5429.969,12920.27,1977.858,5866.056,12750.93,2009.544,5348.411,13077.68,1963.221,5901.826,12820.07,1969.389,5853.892,13010.12,1979.789,5822.054,12700.84,1989.36,5431.074,12828.62,2042.597,5316.334
12931.59,1983.353,5310.29,12859.51,1950.195,5944.608,12892.15,1980.544,5494.945,12604.84,1976.692,5399.04,13158.04,2022.614,5904.451,12622.01,2012.767,5490.703,12920.59,1973.057,5409.118,12807.66,1984.858,5430.074,12920.26,1977.858,5865.848,12750.87,2009.544,5348.608,13077.6,1963.221,5901.632,12820.13,1969.389,5853.693,13010.07,1979.789,5821.853,12701,1989.36,5431.199,12828.76,2042.597,5316.488
12931.4,1983.353,5310.214,12859.55,1950.195,5944.403,12892.11,1980.544,5495.149,12605.05,1976.692,5399.075,13157.93,2022.614,5904.274,12622.22,2012.767,5490.744,12920.38,1973.057,5409.125,12807.84,1984.858,5430.185,12920.26,1977.858,5865.639,12750.79,2009.544,5348.804,13077.53,1963.221,5901.439,12820.21,1969.389,5853.5,13010.01,1979.789,5821.653,12701.16,1989.36,5431.33,12828.91,2042.597,5316.637
12931.2,1983.353,5310.145,12859.57,1950.195,5944.196,12892.06,1980.544,5495.353,12605.25,1976.692,5399.104,13157.84,2022.614,5904.09,12622.42,2012.767,5490.791,12920.17,1973.057,5409.126,12808.01,1984.858,5430.301,12920.25,1977.858,5865.431,12750.72,2009.544,5348.997,13077.44,1963.221,5901.248,12820.28,1969.389,5853.303,13009.95,1979.789,5821.452,12701.32,1989.36,5431.466,12829.06,2042.597,5316.781
12931,1983.353,5310.082,12859.59,1950.195,5943.989,12892.01,1980.544,5495.554,12605.46,1976.692,5399.14,13157.75,2022.614,5903.903,12622.62,2012.767,5490.832,12919.96,1973.057,5409.121,12808.18,1984.858,5430.423,12920.23,1977.858,5865.224,12750.63,2009.544,5349.188,13077.35,1963.221,5901.06,12820.34,1969.389,5853.105,13009.91,1979.789,5821.249,12701.48,1989.36,5431.607,12829.21,2042.597,5316.921
12930.8,1983.353,5310.025,12859.6,1950.195,5943.781,12891.95,1980.544,5495.755,12605.66,1976.692,5399.182,13157.66,2022.614,5903.714,12622.83,2012.767,5490.874,12919.75,1973.057,5409.108,12808.36,1984.858,5430.536,12920.21,1977.858,5865.017,12750.54,2009.544,5349.375,13077.26,1963.221,5900.874,12820.42,1969.389,5852.913,13009.87,1979.789,5821.044,12701.62,1989.36,5431.753,12829.37,2042.597,5317.057
12930.6,1983.353,5309.976,12859.61,1950.195,5943.573,12891.89,1980.544,5495.955,12605.86,1976.692,5399.23,13157.58,2022.614,5903.522,12623.03,2012.767,5490.909,12919.55,1973.057,5409.088,12808.53,1984.858,5430.655,12920.17,1977.858,5864.811,12750.45,2009.544,5349.561,13077.16,1963.221,5900.689,12820.51,1969.389,5852.722,13009.83,1979.789,5820.839,12701.77,1989.36,5431.903,12829.53,2042.597,5317.187
12930.4,1983.353,5309.932,12859.62,1950.195,5943.365,12891.83,1980.544,5496.154,12606.07,1976.692,5399.272,13157.49,2022.614,5903.334,12623.24,2012.767,5490.937,12919.34,1973.057,5409.062,12808.7,1984.858,5430.779,12920.14,1977.858,5864.606,12750.34,2009.544,5349.743,13077.07,1963.221,5900.502,12820.58,1969.389,5852.528,13009.81,1979.789,5820.632,12701.91,1989.36,5432.058,12829.7,2042.597,5317.313
12930.19,1983.353,5309.896,12859.64,1950.195,5943.157,12891.77,1980.544,5496.353,12606.27,1976.692,5399.309,13157.39,2022.614,5903.148,12623.44,2012.767,5490.972,12919.13,1973.057,5409.029,12808.86,1984.858,5430.906,12920.09,1977.858,5864.402,12750.24,2009.544,5349.921,13076.96,1963.221,5900.324,12820.65,1969.389,5852.332,13009.79,1979.789,5820.425,12702.04,1989.36,5432.217,12829.87,2042.597,5317.433
12929.99,1983.353,5309.866,12859.66,1950.195,5942.95,12891.71,1980.544,5496.553,12606.48,1976.692,5399.338,13157.29,2022.614,5902.966,12623.65,2012.767,5491.012,12918.93,1973.057,5408.99,12809.02,1984.858,5431.039,12920.04,1977.858,5864.201,12750.12,2009.544,5350.097,13076.86,1963.221,5900.142,12820.72,1969.389,5852.134,13009.77,1979.789,5820.217,12702.17,1989.36,5432.381,12830.04,2042.597,5317.548
12929.78,1983.353,5309.843,12859.69,1950.195,5942.744,12891.66,1980.544,5496.752,12606.68,1976.692,5399.375,13157.18,2022.614,5902.788,12623.85,2012.767,5491.046,12918.73,1973.057,5408.943,12809.19,1984.858,5431.167,12919.98,1977.858,5864,12750.01,2009.544,5350.268,13076.77,1963.221,5899.957,12820.78,1969.389,5851.935,13009.77,1979.789,5820.009,12702.29,1989.36,5432.548,12830.22,2042.597,5317.659
12929.57,1983.353,5309.827,12859.73,1950.195,5942.539,12891.59,1980.544,5496.952,12606.89,1976.692,5399.405,13157.07,2022.614,5902.612,12624.06,2012.767,5491.086,12918.53,1973.057,5408.891,12809.35,1984.858,5431.299,12919.93,1977.858,5863.799,12749.88,2009.544,5350.436,13076.68,1963.221,5899.768,12820.83,1969.389,5851.733,13009.75,1979.789,5819.801,12702.41,1989.36,5432.72,12830.4,2042.597,5317.764
12929.36,1983.353,5309.817,12859.76,1950.195,5942.332,12891.53,1980.544,5497.151,12607.09,1976.692,5399.442,13156.96,2022.614,5902.435,12624.26,2012.767,5491.12,12918.33,1973.057,5408.831,12809.5,1984.858,5431.438,12919.88,1977.858,5863.595,12749.75,2009.544,5350.599,13076.58,1963.221,5899.582,12820.9,1969.389,5851.536,13009.73,1979.789,5819.593,12702.53,1989.36,5432.895,12830.58,2042.597,5317.863
12929.16,1983.353,5309.814,12859.79,1950.195,5942.127,12891.47,1980.544,5497.35,12607.3,1976.692,5399.486,13156.86,2022.614,5902.254,12624.47,2012.767,5491.147,12918.13,1973.057,5408.765,12809.66,1984.858,5431.573,12919.85,1977.858,5863.391,12749.62,2009.544,5350.759,13076.49,1963.221,5899.398,12820.97,1969.389,5851.34,13009.71,1979.789,5819.387,12702.63,1989.36,5433.074,12830.77,2042.597,5317.958
12928.95,1983.353,5309.818,12859.82,1950.195,5941.921,12891.41,1980.544,5497.549,12607.5,1976.692,5399.524,13156.76,2022.614,5902.071,12624.67,2012.767,5491.18,12917.93,1973.057,5408.693,12809.83,1984.858,5431.702,12919.82,1977.858,5863.185,12749.48,2009.544,5350.914,13076.38,1963.221,5899.217,12821.03,1969.389,5851.141,13009.67,1979.789,5819.181,12702.74,1989.36,5433.256,12830.96,2042.597,5318.046
12928.74,1983.353,5309.829,12859.87,1950.195,5941.718,12891.35,1980.544,5497.749,12607.71,1976.692,5399.555,13156.67,2022.614,5901.885,12624.88,2012.767,5491.22,12917.74,1973.057,5408.614,12809.99,1984.858,5431.827,12919.79,1977.858,5862.978,12749.34,2009.544,5351.064,13076.28,1963.221,5899.039,12821.09,1969.389,5850.94,13009.63,1979.789,5818.977,12702.84,1989.36,5433.437,12831.15,2042.597,5318.129
12928.53,1983.353,5309.833,12859.91,1950.195,5941.513,12891.29,1980.544,5497.948,12607.92,1976.692,5399.58,13156.58,2022.614,5901.697,12625.08,2012.767,5491.265,12917.55,1973.057,5408.535,12810.16,1984.858,5431.957,12919.77,1977.858,5862.77,12749.19,2009.544,5351.21,13076.16,1963.221,5898.863,12821.14,1969.389,5850.738,13009.59,1979.789,5818.773,12702.94,1989.36,5433.617,12831.34,2042.597,5318.207
12928.32,1983.353,5309.83,12859.94,1950.195,5941.308,12891.23,1980.544,5498.147,12608.12,1976.692,5399.612,13156.48,2022.614,5901.513,12625.28,2012.767,5491.317,12917.36,1973.057,5408.454,12810.31,1984.858,5432.092,12919.76,1977.858,5862.562,12749.04,2009.544,5351.352,13076.06,1963.221,5898.684,12821.18,1969.389,5850.535,13009.53,1979.789,5818.572,12703.05,1989.36,5433.796,12831.54,2042.597,5318.279
12928.12,1983.353,5309.821,12859.97,1950.195,5941.102,12891.17,1980.544,5498.346,12608.33,1976.692,5399.65,13156.38,2022.614,5901.331,12625.48,2012.767,5491.375,12917.17,1973.057,5408.372,12810.48,1984.858,5432.223,12919.75,1977.858,5862.354,12748.88,2009.544,5351.488,13075.96,1963.221,5898.501,12821.21,1969.389,5850.33,13009.49,1979.789,5818.369,12703.16,1989.36,5433.975,12831.73,2042.597,5318.345
12927.91,1983.353,5309.805,12860.02,1950.195,5940.899,12891.11,1980.544,5498.546,12608.53,1976.692,5399.696,13156.29,2022.614,5901.143,12625.68,2012.767,5491.439,12916.97,1973.057,5408.288,12810.64,1984.858,5432.348,12919.75,1977.858,5862.146,12748.71,2009.544,5351.619,13075.86,1963.221,5898.316,12821.24,1969.389,5850.124,13009.45,1979.789,5818.164,12703.27,1989.36,5434.152,12831.93,2042.597,5318.406
12927.7,1983.353,5309.782,12860.07,1950.195,5940.695,12891.05,1980.544,5498.746,12608.73,1976.692,5399.748,13156.19,2022.614,5900.957,12625.88,2012.767,5491.51,12916.78,1973.057,5408.203,12810.82,1984.858,5432.454,12919.76,1977.858,5861.937,12748.55,2009.544,5351.745,13075.77,1963.221,5898.128,12821.27,1969.389,5849.917,13009.42,1979.789,5817.958,12703.38,1989.36,5434.328,12832.13,2042.597,5318.461
12927.5,1983.353,5309.752,12860.1,1950.195,5940.49,12891,1980.544,5498.946,12608.93,1976.692,5399.806,13156.11,2022.614,5900.768,12626.07,2012.767,5491.587,12916.59,1973.057,5408.117,12811,1984.858,5432.565,12919.77,1977.858,5861.729,12748.38,2009.544,5351.865,13075.66,1963.221,5897.953,12821.28,1969.389,5849.709,13009.39,1979.789,5817.752,12703.49,1989.36,5434.503,12832.33,2042.597,5318.51
12927.29,1983.353,5309.716,12860.13,1950.195,5940.284,12890.94,1980.544,5499.146,12609.13,1976.692,5399.871,13156.01,2022.614,5900.582,12626.26,2012.767,5491.669,12916.41,1973.057,5408.03,12811.17,1984.858,5432.683,12919.78,1977.858,5861.521,12748.21,2009.544,5351.979,13075.55,1963.221,5897.773,12821.29,1969.389,5849.501,13009.37,1979.789,5817.544,12703.6,1989.36,5434.678,12832.54,2042.597,5318.554
12927.09,1983.353,5309.673,12860.15,1950.195,5940.077,12890.88,1980.544,5499.346,12609.33,1976.692,5399.942,13155.91,2022.614,5900.399,12626.45,2012.767,5491.758,12916.22,1973.057,5407.941,12811.34,1984.858,5432.806,12919.8,1977.858,5861.314,12748.03,2009.544,5352.089,13075.44,1963.221,5897.596,12821.3,1969.389,5849.292,13009.36,1979.789,5817.336,12703.72,1989.36,5434.851,12832.74,2042.597,5318.592
12926.88,1983.353,5309.623,12860.17,1950.195,5939.869,12890.83,1980.544,5499.547,12609.52,1976.692,5400.02,13155.81,2022.614,5900.22,12626.63,2012.767,5491.853,12916.03,1973.057,5407.851,12811.51,1984.858,5432.932,12919.83,1977.858,5861.108,12747.85,2009.544,5352.192,13075.34,1963.221,5897.415,12821.29,1969.389,5849.084,13009.35,1979.789,5817.128,12703.83,1989.36,5435.024,12832.95,2042.597,5318.625
12926.68,1983.353,5309.567,12860.17,1950.195,5939.661,12890.77,1980.544,5499.748,12609.71,1976.692,5400.107,13155.7,2022.614,5900.044,12626.82,2012.767,5491.954,12915.84,1973.057,5407.759,12811.67,1984.858,5433.063,12919.87,1977.858,5860.902,12747.66,2009.544,5352.29,13075.24,1963.221,5897.23,12821.28,1969.389,5848.876,13009.35,1979.789,5816.92,12703.95,1989.36,5435.196,12833.16,2042.597,5318.652
12926.49,1983.353,5309.504,12860.18,1950.195,5939.453,12890.71,1980.544,5499.948,12609.9,1976.692,5400.188,13155.61,2022.614,5899.853,12627,2012.767,5492.06,12915.66,1973.057,5407.667,12811.84,1984.858,5433.185,12919.91,1977.858,5860.698,12747.48,2009.544,5352.382,13075.14,1963.221,5897.047,12821.26,1969.389,5848.668,13009.36,1979.789,5816.712,12704.07,1989.36,5435.367,12833.36,2042.597,5318.674
12926.29,1983.353,5309.435,12860.19,1950.195,5939.245,12890.66,1980.544,5500.149,12610.08,1976.692,5400.291,13155.52,2022.614,5899.665,12627.17,2012.767,5492.171,12915.47,1973.057,5407.572,12812,1984.858,5433.311,12919.95,1977.858,5860.495,12747.29,2009.544,5352.467,13075.05,1963.221,5896.861,12821.24,1969.389,5848.461,13009.37,1979.789,5816.504,12704.19,1989.36,5435.537,12833.57,2042.597,5318.691
12926.09,1983.353,5309.359,12860.21,1950.195,5939.037,12890.6,1980.544,5500.35,12610.27,1976.692,5400.387,13155.44,2022.614,5899.474,12627.34,2012.767,5492.289,12915.29,1973.057,5407.477,12812.17,1984.858,5433.431,12920.01,1977.858,5860.293,12747.09,2009.544,5352.547,13074.96,1963.221,5896.673,12821.21,1969.389,5848.255,13009.4,1979.789,5816.297,12704.31,1989.36,5435.706,12833.78,2042.597,5318.702
12925.9,1983.353,5309.278,12860.24,1950.195,5938.831,12890.55,1980.544,5500.551,12610.45,1976.692,5400.489,13155.35,2022.614,5899.284,12627.51,2012.767,5492.411,12915.1,1973.057,5407.379,12812.34,1984.858,5433.557,12920.07,1977.858,5860.093,12746.9,2009.544,5352.62,13074.86,1963.221,5896.492,12821.17,1969.389,5848.05,13009.42,1979.789,5816.09,12704.44,1989.36,5435.874,12833.99,2042.597,5318.708
12925.71,1983.353,5309.19,12860.27,1950.195,5938.625,12890.5,1980.544,5500.752,12610.63,1976.692,5400.585,13155.26,2022.614,5899.097,12627.67,2012.767,5492.539,12914.92,1973.057,5407.281,12812.51,1984.858,5433.671,12920.13,1977.858,5859.896,12746.7,2009.544,5352.687,13074.76,1963.221,5896.31,12821.13,1969.389,5847.847,13009.46,1979.789,5815.885,12704.56,1989.36,5436.042,12834.2,2042.597,5318.709
12925.53,1983.353,5309.096,12860.31,1950.195,5938.419,12890.44,1980.544,5500.952,12610.82,1976.692,5400.681,13155.17,2022.614,5898.913,12627.83,2012.767,5492.672,12914.73,1973.057,5407.181,12812.68,1984.858,5433.791,12920.19,1977.858,5859.696,12746.5,2009.544,5352.748,13074.64,1963.221,5896.135,12821.09,1969.389,5847.642,13009.5,1979.789,5815.681,12704.68,1989.36,5436.208,12834.4,2042.597,5318.705
12925.35,1983.353,5308.996,12860.33,1950.195,5938.212,12890.38,1980.544,5501.151,12611.01,1976.692,5400.771,13155.06,2022.614,5898.732,12627.99,2012.767,5492.81,12914.55,1973.057,5407.079,12812.85,1984.858,5433.916,12920.24,1977.858,5859.494,12746.3,2009.544,5352.802,13074.54,1963.221,5895.956,12821.06,1969.389,5847.436,13009.55,1979.789,5815.478,12704.81,1989.36,5436.374,12834.61,2042.597,5318.696
12925.17,1983.353,5308.89,12860.35,1950.195,5938.005,12890.32,1980.544,5501.352,12611.2,1976.692,5400.855,13154.95,2022.614,5898.555,12628.14,2012.767,5492.953,12914.37,1973.057,5406.976,12813.02,1984.858,5434.039,12920.29,1977.858,5859.291,12746.1,2009.544,5352.85,13074.43,1963.221,5895.779,12821.03,1969.389,5847.229,13009.6,1979.789,5815.277,12704.94,1989.36,5436.538,12834.82,2042.597,5318.694
12924.99,1983.353,5308.778,12860.38,1950.195,5937.798,12890.26,1980.544,5501.551,12611.39,1976.692,5400.933,13154.84,2022.614,5898.381,12628.29,2012.767,5493.101,12914.19,1973.057,5406.871,12813.19,1984.858,5434.155,12920.33,1977.858,5859.086,12745.89,2009.544,5352.891,13074.32,1963.221,5895.599,12821.01,1969.389,5847.021,13009.67,1979.789,5815.078,12705.07,1989.36,5436.702,12835.03,2042.597,5318.699
12924.82,1983.353,5308.661,12860.39,1950.195,5937.59,12890.21,1980.544,5501.752,12611.58,1976.692,5401.017,13154.7,2022.614,5898.223,12628.43,2012.767,5493.253,12914.01,1973.057,5406.764,12813.36,1984.858,5434.274,12920.36,1977.858,5858.881,12745.69,2009.544,5352.926,13074.22,1963.221,5895.416,12821,1969.389,5846.813,13009.73,1979.789,5814.881,12705.2,1989.36,5436.865,12835.24,2042.597,5318.711
12924.65,1983.353,5308.538,12860.38,1950.195,5937.382,12890.15,1980.544,5501.953,12611.77,1976.692,5401.106,13154.57,2022.614,5898.06,12628.57,2012.767,5493.41,12913.84,1973.057,5406.656,12813.53,1984.858,5434.398,12920.39,1977.858,5858.674,12745.48,2009.544,5352.954,13074.13,1963.221,5895.23,12821,1969.389,5846.604,13009.81,1979.789,5814.686,12705.33,1989.36,5437.027,12835.44,2042.597,5318.729
12924.49,1983.353,5308.409,12860.37,1950.195,5937.174,12890.1,1980.544,5502.155,12611.96,1976.692,5401.189,13154.45,2022.614,5897.893,12628.7,2012.767,5493.571,12913.66,1973.057,5406.547,12813.7,1984.858,5434.515,12920.41,1977.858,5858.467,12745.28,2009.544,5352.976,13074.04,1963.221,5895.042,12821,1969.389,5846.396,13009.89,1979.789,5814.494,12705.46,1989.36,5437.189,12835.65,2042.597,5318.755
12924.33,1983.353,5308.275,12860.37,1950.195,5936.965,12890.05,1980.544,5502.356,12612.15,1976.692,5401.266,13154.31,2022.614,5897.738,12628.83,2012.767,5493.736,12913.48,1973.057,5406.436,12813.88,1984.858,5434.623,12920.42,1977.858,5858.259,12745.07,2009.544,5352.991,13073.95,1963.221,5894.852,12821.01,1969.389,5846.188,13009.97,1979.789,5814.305,12705.59,1989.36,5437.35,12835.86,2042.597,5318.787
12924.17,1983.353,5308.137,12860.36,1950.195,5936.757,12890,1980.544,5502.559,12612.35,1976.692,5401.336,13154.17,2022.614,5897.58,12628.95,2012.767,5493.905,12913.31,1973.057,5406.323,12814.06,1984.858,5434.736,12920.42,1977.858,5858.05,12744.86,2009.544,5353,13073.86,1963.221,5894.663,12821.03,1969.389,5845.98,13010.07,1979.789,5814.118,12705.72,1989.36,5437.509,12836.06,2042.597,5318.826
12924.02,1983.353,5307.993,12860.35,1950.195,5936.549,12889.95,1980.544,5502.761,12612.54,1976.692,5401.413,13154.04,2022.614,5897.418,12629.06,2012.767,5494.078,12913.13,1973.057,5406.209,12814.23,1984.858,5434.854,12920.42,1977.858,5857.842,12744.65,2009.544,5353.002,13073.77,1963.221,5894.477,12821.05,1969.389,5845.773,13010.17,1979.789,5813.935,12705.86,1989.36,5437.668,12836.26,2042.597,5318.871
12923.87,1983.353,5307.845,12860.35,1950.195,5936.341,12889.9,1980.544,5502.963,12612.74,1976.692,5401.484,13153.91,2022.614,5897.254,12629.17,2012.767,5494.254,12912.96,1973.057,5406.093,12814.39,1984.858,5434.979,12920.42,1977.858,5857.634,12744.44,2009.544,5352.997,13073.67,1963.221,5894.292,12821.07,1969.389,5845.566,13010.27,1979.789,5813.755,12706,1989.36,5437.827,12836.47,2042.597,5318.923
12923.7,1983.353,5307.652,12860.36,1950.195,5936.079,12889.84,1980.544,5503.217,12612.98,1976.692,5401.582,13153.76,2022.614,5897.044,12629.31,2012.767,5494.479,12912.75,1973.057,5405.946,12814.6,1984.858,5435.142,12920.45,1977.858,5857.374,12744.18,2009.544,5352.983,13073.54,1963.221,5894.064,12821.1,1969.389,5845.306,13010.39,1979.789,5813.525,12706.17,1989.36,5438.024,12836.72,2042.597,5318.997
12923.49,1983.353,5307.416,12860.35,1950.195,5935.767,12889.77,1980.544,5503.523,12613.26,1976.692,5401.72,13153.58,2022.614,5896.789,12629.45,2012.767,5494.754,12912.48,1973.057,5405.778,12814.84,1984.858,5435.345,12920.47,1977.858,5857.063,12743.87,2009.544,5352.956,13073.38,1963.221,5893.796,12821.14,1969.389,5844.996,13010.53,1979.789,5813.245,12706.37,1989.36,5438.259,12837.01,2042.597,5319.095
12923.32,1983.353,5307.198,12860.33,1950.195,5935.487,12889.73,1980.544,5503.799,12613.52,1976.692,5401.835,13153.42,2022.614,5896.557,12629.58,2012.767,5495.005,12912.24,1973.057,5405.635,12815.02,1984.858,5435.554,12920.49,1977.858,5856.783,12743.59,2009.544,5352.923,13073.24,1963.221,5893.559,12821.17,1969.389,5844.718,13010.65,1979.789,5812.99,12706.56,1989.36,5438.469,12837.28,2042.597,5319.191
12923,1983.353,5306.784,12860.33,1950.195,5934.968,12889.65,1980.544,5504.313,12614,1976.692,5402.033,13153.14,2022.614,5896.119,12629.8,2012.767,5495.476,12911.79,1973.057,5405.386,12815.38,1984.858,5435.93,12920.49,1977.858,5856.264,12743.08,2009.544,5352.845,13072.95,1963.221,5893.127,12821.25,1969.389,5844.204,13010.85,1979.789,5812.512,12706.9,1989.36,5438.855,12837.76,2042.597,5319.385
12922.78,1983.353,5306.475,12860.33,1950.195,5934.589,12889.61,1980.544,5504.689,12614.35,1976.692,5402.165,13152.95,2022.614,5895.795,12629.94,2012.767,5495.824,12911.45,1973.057,5405.215,12815.64,1984.858,5436.206,12920.49,1977.858,5855.886,12742.71,2009.544,5352.777,13072.73,1963.221,5892.817,12821.31,1969.389,5843.831,13010.99,1979.789,5812.158,12707.16,1989.36,5439.135,12838.1,2042.597,5319.538
12922.38,1983.353,5305.86,12860.37,1950.195,5933.854,12889.56,1980.544,5505.423,12615.06,1976.692,5402.347,13152.58,2022.614,5895.155,12630.21,2012.767,5496.51,12910.78,1973.057,5404.904,12816.16,1984.858,5436.726,12920.56,1977.858,5855.152,12741.99,2009.544,5352.621,13072.29,1963.221,5892.225,12821.39,1969.389,5843.098,13011.23,1979.789,5811.462,12707.66,1989.36,5439.677,12838.77,2042.597,5319.857
12922.03,1983.353,5305.37,12860.37,1950.195,5933.253,12889.53,1980.544,5506.023,12615.64,1976.692,5402.515,13152.3,2022.614,5894.626,12630.41,2012.767,5497.076,12910.23,1973.057,5404.668,12816.6,1984.858,5437.135,12920.6,1977.858,5854.553,12741.4,2009.544,5352.475,13071.93,1963.221,5891.75,12821.48,1969.389,5842.504,13011.4,1979.789,5810.888,12708.07,1989.36,5440.116,12839.3,2042.597,5320.135
12921.64,1983.353,5304.859,12860.4,1950.195,5932.612,12889.53,1980.544,5506.665,12616.25,1976.692,5402.713,13152.01,2022.614,5894.054,12630.6,2012.767,5497.688,12909.65,1973.057,5404.397,12817.06,1984.858,5437.588,12920.62,1977.858,5853.912,12740.79,2009.544,5352.299,13071.52,1963.221,5891.252,12821.59,1969.389,5841.872,13011.57,1979.789,5810.269,12708.51,1989.36,5440.582,12839.86,2042.597,5320.451
12921.3,1983.353,5304.437,12860.44,1950.195,5932.07,12889.54,1980.544,5507.208,12616.77,1976.692,5402.873,13151.75,2022.614,5893.577,12630.75,2012.767,5498.21,12909.16,1973.057,5404.152,12817.43,1984.858,5437.984,12920.66,1977.858,5853.37,12740.27,2009.544,5352.133,13071.19,1963.221,5890.82,12821.7,1969.389,5841.34,13011.7,1979.789,5809.74,12708.88,1989.36,5440.975,12840.32,2042.597,5320.733
12920.72,1983.353,5303.771,12860.39,1950.195,5931.189,12889.59,1980.544,5508.088,12617.6,1976.692,5403.159,13151.3,2022.614,5892.818,12630.96,2012.767,5499.065,12908.39,1973.057,5403.729,12818.01,1984.858,5438.646,12920.7,1977.858,5852.489,12739.44,2009.544,5351.838,13070.68,1963.221,5890.101,12821.91,1969.389,5840.484,13011.88,1979.789,5808.877,12709.49,1989.36,5441.608,12841.06,2042.597,5321.216
12920.17,1983.353,5303.174,12860.38,1950.195,5930.376,12889.66,1980.544,5508.898,12618.37,1976.692,5403.443,13150.98,2022.614,5892.07,12631.18,2012.767,5499.848,12907.69,1973.057,5403.316,12818.53,1984.858,5439.273,12920.76,1977.858,5851.678,12738.68,2009.544,5351.541,13070.23,1963.221,5889.423,12822.08,1969.389,5839.688,13012.01,1979.789,5808.075,12710.04,1989.36,5442.21,12841.73,2042.597,5321.684
12919.76,1983.353,5302.761,12860.39,1950.195,5929.795,12889.73,1980.544,5509.475,12618.93,1976.692,5403.588,13150.73,2022.614,5891.544,12631.36,2012.767,5500.401,12907.2,1973.057,5403.005,12818.88,1984.858,5439.733,12920.82,1977.858,5851.101,12738.15,2009.544,5351.312,13069.91,1963.221,5888.938,12822.18,1969.389,5839.116,13012.09,1979.789,5807.5,12710.42,1989.36,5442.652,12842.19,2042.597,5322.033
12918.81,1983.353,5301.744,12860.46,1950.195,5928.401,12889.95,1980.544,5510.854,12620.27,1976.692,5403.98,13150.1,2022.614,5890.3,12631.82,2012.767,5501.716,12906.04,1973.057,5402.22,12819.7,1984.858,5440.865,12921.02,1977.858,5849.719,12736.88,2009.544,5350.72,13069.18,1963.221,5887.749,12822.38,1969.389,5837.734,13012.23,1979.789,5806.111,12711.29,1989.36,5443.743,12843.29,2042.597,5322.898
12918.33,1983.353,5301.206,12860.43,1950.195,5927.679,12890.08,1980.544,5511.564,12620.96,1976.692,5404.179,13149.75,2022.614,5889.667,12632.09,2012.767,5502.388,12905.46,1973.057,5401.794,12820.1,1984.858,5441.464,12921.14,1977.858,5849.007,12736.24,2009.544,5350.393,13068.83,1963.221,5887.121,12822.46,1969.389,5837.016,13012.28,1979.789,5805.39,12711.72,1989.36,5444.322,12843.84,2042.597,5323.36
12917.41,1983.353,5300.134,12860.43,1950.195,5926.271,12890.38,1980.544,5512.938,12622.3,1976.692,5404.612,13149.18,2022.614,5888.381,12632.64,2012.767,5503.68,12904.35,1973.057,5400.929,12820.85,1984.858,5442.656,12921.43,1977.858,5847.629,12735.01,2009.544,5349.716,13068.17,1963.221,5885.876,12822.57,1969.389,5835.613,13012.33,1979.789,5803.984,12712.53,1989.36,5445.475,12844.9,2042.597,5324.284
12917.2,1983.353,5299.865,12860.44,1950.195,5925.926,12890.47,1980.544,5513.272,12622.63,1976.692,5404.711,13149.03,2022.614,5888.07,12632.79,2012.767,5503.993,12904.08,1973.057,5400.708,12821.03,1984.858,5442.954,12921.51,1977.858,5847.294,12734.7,2009.544,5349.56,13068.02,1963.221,5885.565,12822.58,1969.389,5835.268,13012.34,1979.789,5803.639,12712.73,1989.36,5445.751,12845.16,2042.597,5324.517
12916.35,1983.353,5298.766,12860.53,1950.195,5924.542,12890.86,1980.544,5514.603,12623.97,1976.692,5405.076,13148.38,2022.614,5886.842,12633.42,2012.767,5505.227,12903.04,1973.057,5399.786,12821.68,1984.858,5444.174,12921.8,1977.858,5845.937,12733.44,2009.544,5348.974,13067.35,1963.221,5884.348,12822.69,1969.389,5833.886,13012.3,1979.789,5802.253,12713.6,1989.36,5446.834,12846.16,2042.597,5325.478
12915.69,1983.353,5297.86,12860.63,1950.195,5923.427,12891.21,1980.544,5515.667,12625.06,1976.692,5405.343,13147.83,2022.614,5885.868,12633.96,2012.767,5506.207,12902.23,1973.057,5399.015,12822.18,1984.858,5445.176,12921.99,1977.858,5844.834,12732.41,2009.544,5348.534,13066.85,1963.221,5883.348,12822.82,1969.389,5832.772,13012.23,1979.789,5801.135,12714.33,1989.36,5447.687,12846.94,2042.597,5326.273
12915.28,1983.353,5297.261,12860.63,1950.195,5922.699,12891.46,1980.544,5516.351,12625.77,1976.692,5405.497,13147.53,2022.614,5885.206,12634.33,2012.767,5506.832,12901.72,1973.057,5398.497,12822.49,1984.858,5445.837,12922.09,1977.858,5844.113,12731.73,2009.544,5348.27,13066.48,1963.221,5882.72,12822.92,1969.389,5832.052,13012.16,1979.789,5800.41,12714.82,1989.36,5448.226,12847.44,2042.597,5326.803
12914.39,1983.353,5295.902,12860.68,1950.195,5921.076,12892.06,1980.544,5517.857,12627.36,1976.692,5405.795,13146.84,2022.614,5883.737,12635.21,2012.767,5508.199,12900.62,1973.057,5397.305,12823.12,1984.858,5447.334,12922.27,1977.858,5842.499,12730.2,2009.544,5347.731,13065.7,1963.221,5881.293,12823.2,1969.389,5830.453,13011.96,1979.789,5798.799,12715.94,1989.36,5449.395,12848.53,2042.597,5328.012
12913.98,1983.353,5295.24,12860.73,1950.195,5920.299,12892.38,1980.544,5518.569,12628.13,1976.692,5405.915,13146.48,2022.614,5883.044,12635.65,2012.767,5508.839,12900.11,1973.057,5396.717,12823.4,1984.858,5448.061,12922.33,1977.858,5841.723,12729.46,2009.544,5347.497,13065.34,1963.221,5880.605,12823.32,1969.389,5829.683,13011.88,1979.789,5798.024,12716.5,1989.36,5449.938,12849.03,2042.597,5328.604
12912.91,1983.353,5293.399,12860.92,1950.195,5918.176,12893.3,1980.544,5520.492,12630.25,1976.692,5406.181,13145.45,2022.614,5881.179,12636.91,2012.767,5510.555,12898.76,1973.057,5395.062,12824.09,1984.858,5450.076,12922.42,1977.858,5839.593,12727.41,2009.544,5346.923,13064.38,1963.221,5878.704,12823.56,1969.389,5827.565,13011.74,1979.789,5795.897,12718.07,1989.36,5451.379,12850.37,2042.597,5330.261
12912.58,1983.353,5292.799,12861,1950.195,5917.496,12893.62,1980.544,5521.1,12630.93,1976.692,5406.245,13145.11,2022.614,5880.584,12637.34,2012.767,5511.092,12898.35,1973.057,5394.516,12824.3,1984.858,5450.73,12922.47,1977.858,5838.91,12726.74,2009.544,5346.76,13064.08,1963.221,5878.088,12823.62,1969.389,5826.882,13011.72,1979.789,5795.212,12718.59,1989.36,5451.827,12850.79,2042.597,5330.804
12911.87,1983.353,5291.431,12861.24,1950.195,5915.974,12894.37,1980.544,5522.442,12632.46,1976.692,5406.342,13144.3,2022.614,5879.273,12638.33,2012.767,5512.269,12897.46,1973.057,5393.259,12824.71,1984.858,5452.215,12922.62,1977.858,5837.377,12725.23,2009.544,5346.443,13063.43,1963.221,5876.691,12823.69,1969.389,5825.344,13011.71,1979.789,5793.672,12719.78,1989.36,5452.801,12851.7,2042.597,5332.048
12911.28,1983.353,5290.204,12861.48,1950.195,5914.632,12895.08,1980.544,5523.609,12633.83,1976.692,5406.386,13143.74,2022.614,5878.032,12639.24,2012.767,5513.282,12896.71,1973.057,5392.122,12825.02,1984.858,5453.541,12922.72,1977.858,5836.017,12723.89,2009.544,5346.206,13062.88,1963.221,5875.444,12823.72,1969.389,5823.98,13011.75,1979.789,5792.309,12720.86,1989.36,5453.634,12852.47,2042.597,5333.17
12910.89,1983.353,5289.34,12861.63,1950.195,5913.694,12895.59,1980.544,5524.405,12634.78,1976.692,5406.386,13143.34,2022.614,5877.168,12639.9,2012.767,5513.966,12896.21,1973.057,5391.313,12825.21,1984.858,5454.471,12922.75,1977.858,5835.067,12722.95,2009.544,5346.072,13062.52,1963.221,5874.568,12823.77,1969.389,5823.032,13011.8,1979.789,5791.361,12721.63,1989.36,5454.194,12852.99,2042.597,5333.964
12910.16,1983.353,5287.625,12862,1950.195,5911.867,12896.66,1980.544,5525.935,12636.64,1976.692,5406.328,13142.51,2022.614,5875.498,12641.23,2012.767,5515.266,12895.27,1973.057,5389.701,12825.53,1984.858,5456.308,12922.75,1977.858,5833.203,12721.1,2009.544,5345.869,13061.84,1963.221,5872.833,12823.93,1969.389,5821.175,13011.95,1979.789,5789.503,12723.16,1989.36,5455.259,12853.98,2042.597,5335.541
12909.8,1983.353,5286.732,12862.16,1950.195,5910.921,12897.23,1980.544,5526.705,12637.6,1976.692,5406.33,13142.07,2022.614,5874.645,12641.94,2012.767,5515.913,12894.81,1973.057,5388.859,12825.67,1984.858,5457.259,12922.78,1977.858,5832.244,12720.14,2009.544,5345.795,13061.51,1963.221,5871.931,12823.98,1969.389,5820.216,13012.05,1979.789,5788.549,12723.97,1989.36,5455.782,12854.48,2042.597,5336.362
12909.19,1983.353,5285.057,12862.42,1950.195,5909.156,12898.33,1980.544,5528.114,12639.38,1976.692,5406.391,13141.2,2022.614,5873.087,12643.3,2012.767,5517.071,12894,1973.057,5387.272,12825.85,1984.858,5459.034,12922.88,1977.858,5830.462,12718.36,2009.544,5345.717,13060.93,1963.221,5870.242,12824.01,1969.389,5818.432,13012.29,1979.789,5786.781,12725.49,1989.36,5456.704,12855.38,2042.597,5337.903
12908.9,1983.353,5284.207,12862.54,1950.195,5908.266,12898.9,1980.544,5528.805,12640.28,1976.692,5406.451,13140.79,2022.614,5872.292,12644,2012.767,5517.632,12893.61,1973.057,5386.463,12825.92,1984.858,5459.93,12922.96,1977.858,5829.567,12717.46,2009.544,5345.708,13060.63,1963.221,5869.396,12824,1969.389,5817.534,13012.44,1979.789,5785.895,12726.28,1989.36,5457.143,12855.82,2042.597,5338.687
12908.4,1983.353,5282.609,12862.82,1950.195,5906.616,12900.01,1980.544,5530.057,12641.95,1976.692,5406.618,13140.04,2022.614,5870.792,12645.34,2012.767,5518.633,12892.89,1973.057,5384.952,12826.1,1984.858,5461.594,12923.05,1977.858,5827.896,12715.79,2009.544,5345.744,13060.03,1963.221,5867.834,12824.04,1969.389,5815.86,13012.74,1979.789,5784.25,12727.71,1989.36,5458.007,12856.61,2042.597,5340.161
12908.17,1983.353,5281.796,12862.98,1950.195,5905.787,12900.59,1980.544,5530.67,12642.78,1976.692,5406.73,13139.69,2022.614,5870.026,12646.04,2012.767,5519.116,12892.53,1973.057,5384.187,12826.21,1984.858,5462.43,12923.07,1977.858,5827.051,12714.94,2009.544,5345.79,13059.71,1963.221,5867.051,12824.08,1969.389,5815.017,13012.91,1979.789,5783.423,12728.42,1989.36,5458.466,12857,2042.597,5340.912
12907.7,1983.353,5279.987,12863.44,1950.195,5903.973,12901.92,1980.544,5531.985,12644.63,1976.692,5407.038,13138.94,2022.614,5868.311,12647.6,2012.767,5520.133,12891.75,1973.057,5382.489,12826.53,1984.858,5464.272,12923.04,1977.858,5825.182,12713.08,2009.544,5345.953,13058.98,1963.221,5865.333,12824.24,1969.389,5813.154,13013.33,1979.789,5781.601,12729.95,1989.36,5459.534,12857.82,2042.597,5342.588
12907.54,1983.353,5279.283,12863.59,1950.195,5903.267,12902.45,1980.544,5532.476,12645.34,1976.692,5407.178,13138.67,2022.614,5867.641,12648.22,2012.767,5520.506,12891.46,1973.057,5381.831,12826.68,1984.858,5464.98,12923.06,1977.858,5824.459,12712.36,2009.544,5345.996,13058.68,1963.221,5864.676,12824.28,1969.389,5812.432,13013.47,1979.789,5780.892,12730.53,1989.36,5459.966,12858.13,2042.597,5343.242
12907.2,1983.353,5278.026,12863.99,1950.195,5902.026,12903.44,1980.544,5533.328,12646.6,1976.692,5407.468,13138.22,2022.614,5866.423,12649.36,2012.767,5521.142,12890.93,1973.057,5380.642,12826.99,1984.858,5466.245,12923.13,1977.858,5823.16,12711.06,2009.544,5346.036,13058.12,1963.221,5863.503,12824.3,1969.389,5811.131,13013.68,1979.789,5779.608,12731.55,1989.36,5460.777,12858.68,2042.597,5344.422
12906.85,1983.353,5276.875,12864.31,1950.195,5900.867,12904.37,1980.544,5534.086,12647.77,1976.692,5407.771,13137.82,2022.614,5865.285,12650.43,2012.767,5521.695,12890.45,1973.057,5379.538,12827.31,1984.858,5467.405,12923.23,1977.858,5821.96,12709.85,2009.544,5346.038,13057.57,1963.221,5862.43,12824.29,1969.389,5809.927,13013.84,1979.789,5778.415,12732.47,1989.36,5461.558,12859.17,2042.597,5345.517
12906.54,1983.353,5275.961,12864.54,1950.195,5899.931,12905.11,1980.544,5534.709,12648.69,1976.692,5408.042,13137.53,2022.614,5864.366,12651.3,2012.767,5522.11,12890.07,1973.057,5378.652,12827.59,1984.858,5468.326,12923.28,1977.858,5820.998,12708.89,2009.544,5346.012,13057.12,1963.221,5861.58,12824.31,1969.389,5808.963,13013.93,1979.789,5777.455,12733.18,1989.36,5462.207,12859.57,2042.597,5346.396
12906,1983.353,5274.512,12864.92,1950.195,5898.429,12906.32,1980.544,5535.672,12650.17,1976.692,5408.521,13137.01,2022.614,5862.906,12652.72,2012.767,5522.73,12889.47,1973.057,5377.224,12828.1,1984.858,5469.788,12923.41,1977.858,5819.455,12707.34,2009.544,5345.926,13056.38,1963.221,5860.217,12824.39,1969.389,5807.417,13014.04,1979.789,5775.91,12734.29,1989.36,5463.286,12860.19,2042.597,5347.813
12905.5,1983.353,5273.307,12865.27,1950.195,5897.172,12907.37,1980.544,5536.45,12651.39,1976.692,5408.963,13136.54,2022.614,5861.691,12653.93,2012.767,5523.213,12888.98,1973.057,5376.018,12828.57,1984.858,5471.006,12923.48,1977.858,5818.151,12706.04,2009.544,5345.815,13055.76,1963.221,5859.072,12824.5,1969.389,5806.117,13014.09,1979.789,5774.606,12735.2,1989.36,5464.226,12860.71,2042.597,5349.011
12905.12,1983.353,5272.479,12865.49,1950.195,5896.291,12908.08,1980.544,5537.015,12652.24,1976.692,5409.295,13136.18,2022.614,5860.856,12654.78,2012.767,5523.522,12888.64,1973.057,5375.175,12828.93,1984.858,5471.842,12923.5,1977.858,5817.243,12705.14,2009.544,5345.711,13055.32,1963.221,5858.279,12824.61,1969.389,5805.215,13014.09,1979.789,5773.698,12735.8,1989.36,5464.899,12861.06,2042.597,5349.847
12904.32,1983.353,5270.862,12865.86,1950.195,5894.525,12909.56,1980.544,5538.049,12653.9,1976.692,5410.007,13135.42,2022.614,5859.223,12656.5,2012.767,5524.079,12887.98,1973.057,5373.498,12829.68,1984.858,5473.479,12923.59,1977.858,5815.442,12703.36,2009.544,5345.452,13054.43,1963.221,5856.711,12824.77,1969.389,5803.417,13014.05,1979.789,5771.895,12736.97,1989.36,5466.277,12861.75,2042.597,5351.513
12903.88,1983.353,5270.023,12866.02,1950.195,5893.589,12910.32,1980.544,5538.62,12654.76,1976.692,5410.408,13134.98,2022.614,5858.375,12657.41,2012.767,5524.343,12887.64,1973.057,5372.61,12830.11,1984.858,5474.33,12923.67,1977.858,5814.494,12702.42,2009.544,5345.288,13053.95,1963.221,5855.89,12824.82,1969.389,5802.468,13014,1979.789,5770.945,12737.56,1989.36,5467.023,12862.11,2042.597,5352.394
12902.93,1983.353,5268.394,12866.36,1950.195,5891.736,12911.79,1980.544,5539.797,12656.44,1976.692,5411.253,13134.08,2022.614,5856.728,12659.23,2012.767,5524.823,12886.97,1973.057,5370.85,12831.01,1984.858,5475.982,12923.89,1977.858,5812.625,12700.58,2009.544,5344.907,13052.97,1963.221,5854.28,12824.86,1969.389,5800.586,13013.84,1979.789,5769.07,12738.68,1989.36,5468.536,12862.8,2042.597,5354.142
12902.41,1983.353,5267.551,12866.5,1950.195,5890.754,12912.54,1980.544,5540.443,12657.31,1976.692,5411.726,13133.57,2022.614,5855.875,12660.2,2012.767,5525.044,12886.63,1973.057,5369.918,12831.51,1984.858,5476.838,12923.97,1977.858,5811.636,12699.61,2009.544,5344.678,13052.44,1963.221,5853.441,12824.91,1969.389,5799.596,13013.79,1979.789,5768.079,12739.24,1989.36,5469.353,12863.16,2042.597,5355.066
12901.32,1983.353,5265.924,12866.84,1950.195,5888.828,12913.98,1980.544,5541.765,12659.01,1976.692,5412.708,13132.51,2022.614,5854.226,12662.09,2012.767,5525.54,12885.97,1973.057,5368.077,12832.56,1984.858,5478.492,12924.08,1977.858,5809.682,12697.72,2009.544,5344.168,13051.37,1963.221,5851.806,12825.08,1969.389,5797.646,13013.75,1979.789,5766.123,12740.39,1989.36,5470.937,12863.86,2042.597,5356.894
12900.72,1983.353,5265.087,12867.14,1950.195,5887.841,12914.72,1980.544,5542.485,12659.88,1976.692,5413.252,13132.03,2022.614,5853.314,12663.08,2012.767,5525.832,12885.63,1973.057,5367.105,12833.14,1984.858,5479.345,12924.09,1977.858,5808.651,12696.74,2009.544,5343.87,13050.79,1963.221,5850.958,12825.2,1969.389,5796.623,13013.76,1979.789,5765.092,12741.02,1989.36,5471.755,12864.22,2042.597,5357.859
12899.49,1983.353,5263.479,12867.66,1950.195,5885.881,12916.12,1980.544,5543.95,12661.57,1976.692,5414.375,13131.03,2022.614,5851.55,12665.01,2012.767,5526.466,12884.98,1973.057,5365.187,12834.33,1984.858,5480.984,12924.19,1977.858,5806.626,12694.81,2009.544,5343.225,13049.59,1963.221,5849.317,12825.38,1969.389,5794.603,13013.84,1979.789,5763.066,12742.29,1989.36,5473.335,12864.91,2042.597,5359.765
12898.81,1983.353,5262.655,12867.9,1950.195,5884.842,12916.83,1980.544,5544.743,12662.44,1976.692,5414.992,13130.55,2022.614,5850.602,12666.01,2012.767,5526.832,12884.64,1973.057,5364.175,12834.99,1984.858,5481.825,12924.27,1977.858,5805.563,12693.81,2009.544,5342.855,13048.95,1963.221,5848.472,12825.43,1969.389,5793.538,13013.91,1979.789,5762.003,12742.98,1989.36,5474.148,12865.26,2042.597,5360.769
12897.43,1983.353,5261.082,12868.3,1950.195,5882.789,12918.18,1980.544,5546.346,12664.11,1976.692,5416.253,13129.53,2022.614,5848.773,12667.95,2012.767,5527.61,12884,1973.057,5362.185,12836.33,1984.858,5483.434,12924.48,1977.858,5803.481,12691.87,2009.544,5342.071,13047.63,1963.221,5846.846,12825.48,1969.389,5791.445,13014.12,1979.789,5759.92,12744.37,1989.36,5475.709,12865.95,2042.597,5362.747
12896.68,1983.353,5260.28,12868.6,1950.195,5881.732,12918.86,1980.544,5547.21,12664.96,1976.692,5416.941,13128.96,2022.614,5847.831,12668.96,2012.767,5528.05,12883.67,1973.057,5361.137,12837.06,1984.858,5484.254,12924.56,1977.858,5802.386,12690.87,2009.544,5341.629,13046.91,1963.221,5846.013,12825.54,1969.389,5790.349,13014.26,1979.789,5758.832,12745.12,1989.36,5476.508,12866.3,2042.597,5363.787
12895.15,1983.353,5258.756,12869.13,1950.195,5879.641,12920.13,1980.544,5548.948,12666.6,1976.692,5418.341,13127.79,2022.614,5846.02,12670.9,2012.767,5528.975,12883.04,1973.057,5359.077,12838.54,1984.858,5485.817,12924.65,1977.858,5800.231,12688.92,2009.544,5340.703,13045.46,1963.221,5844.419,12825.72,1969.389,5788.201,13014.61,1979.789,5756.703,12746.64,1989.36,5478.037,12866.97,2042.597,5365.834
12893.94,1983.353,5257.62,12869.48,1950.195,5878.016,12921.07,1980.544,5550.32,12667.83,1976.692,5419.458,13127.07,2022.614,5844.525,12672.38,2012.767,5529.735,12882.57,1973.057,5357.483,12839.72,1984.858,5486.985,12924.66,1977.858,5798.568,12687.44,2009.544,5339.942,13044.3,1963.221,5843.224,12825.92,1969.389,5786.55,13014.92,1979.789,5755.069,12747.85,1989.36,5479.183,12867.47,2042.597,5367.418
12892.7,1983.353,5256.531,12870.02,1950.195,5876.454,12921.96,1980.544,5551.713,12669.03,1976.692,5420.604,13126.29,2022.614,5843.064,12673.83,2012.767,5530.537,12882.11,1973.057,5355.897,12840.94,1984.858,5488.106,12924.72,1977.858,5796.917,12686,2009.544,5339.143,13043.12,1963.221,5842.072,12826.06,1969.389,5784.904,13015.17,1979.789,5753.438,12749.08,1989.36,5480.289,12867.96,2042.597,5368.995
12891.58,1983.353,5255.612,12870.44,1950.195,5875.069,12922.7,1980.544,5552.96,12670.04,1976.692,5421.64,13125.59,2022.614,5841.799,12675.07,2012.767,5531.279,12881.72,1973.057,5354.502,12842.03,1984.858,5489.055,12924.82,1977.858,5795.472,12684.75,2009.544,5338.404,13042.05,1963.221,5841.093,12826.14,1969.389,5783.457,13015.36,1979.789,5752,12750.18,1989.36,5481.228,12868.38,2042.597,5370.382
12890.09,1983.353,5254.309,12870.96,1950.195,5873.162,12923.65,1980.544,5554.693,12671.38,1976.692,5423.093,13124.57,2022.614,5840.105,12676.74,2012.767,5532.344,12881.18,1973.057,5352.602,12843.57,1984.858,5490.299,12925.03,1977.858,5793.505,12683.08,2009.544,5337.345,13040.55,1963.221,5839.804,12826.19,1969.389,5781.48,13015.54,1979.789,5750.032,12751.72,1989.36,5482.465,12868.94,2042.597,5372.278
12888.7,1983.353,5253.013,12871.4,1950.195,5871.315,12924.51,1980.544,5556.385,12672.63,1976.692,5424.525,13123.54,2022.614,5838.512,12678.3,2012.767,5533.417,12880.65,1973.057,5350.779,12845.08,1984.858,5491.444,12925.28,1977.858,5791.625,12681.51,2009.544,5336.28,13039.08,1963.221,5838.611,12826.16,1969.389,5779.583,13015.67,1979.789,5748.139,12753.23,1989.36,5483.61,12869.45,2042.597,5374.103
12887.74,1983.353,5252.049,12871.67,1950.195,5869.978,12925.08,1980.544,5557.622,12673.49,1976.692,5425.58,13122.76,2022.614,5837.392,12679.4,2012.767,5534.224,12880.27,1973.057,5349.47,12846.2,1984.858,5492.232,12925.42,1977.858,5790.268,12680.4,2009.544,5335.48,13037.99,1963.221,5837.788,12826.19,1969.389,5778.218,13015.72,1979.789,5746.775,12754.34,1989.36,5484.402,12869.82,2042.597,5375.418
12886.33,1983.353,5250.548,12872.02,1950.195,5867.949,12925.89,1980.544,5559.515,12674.75,1976.692,5427.209,13121.77,2022.614,5835.586,12681.02,2012.767,5535.492,12879.68,1973.057,5347.498,12847.92,1984.858,5493.365,12925.57,1977.858,5788.214,12678.77,2009.544,5334.225,13036.31,1963.221,5836.598,12826.3,1969.389,5776.163,13015.75,1979.789,5744.717,12756.05,1989.36,5485.547,12870.35,2042.597,5377.405
12885.4,1983.353,5249.493,12872.22,1950.195,5866.558,12926.4,1980.544,5560.825,12675.58,1976.692,5428.346,13121.06,2022.614,5834.376,12682.1,2012.767,5536.392,12879.28,1973.057,5346.152,12849.11,1984.858,5494.1,12925.71,1977.858,5786.816,12677.69,2009.544,5333.335,13035.14,1963.221,5835.822,12826.43,1969.389,5774.763,13015.72,1979.789,5743.312,12757.25,1989.36,5486.294,12870.7,2042.597,5378.765
12883.99,1983.353,5247.786,12872.47,1950.195,5864.36,12927.14,1980.544,5562.912,12676.93,1976.692,5430.091,13119.87,2022.614,5832.509,12683.76,2012.767,5537.862,12878.63,1973.057,5344.037,12851.04,1984.858,5495.195,12925.87,1977.858,5784.609,12675.93,2009.544,5331.99,13033.25,1963.221,5834.66,12826.69,1969.389,5772.566,13015.76,1979.789,5741.1,12759.15,1989.36,5487.415,12871.24,2042.597,5380.91
12883.12,1983.353,5246.651,12872.59,1950.195,5862.932,12927.57,1980.544,5564.278,12677.85,1976.692,5431.192,13119.06,2022.614,5831.326,12684.8,2012.767,5538.848,12878.21,1973.057,5342.668,12852.3,1984.858,5495.863,12925.93,1977.858,5783.178,12674.76,2009.544,5331.157,13032.01,1963.221,5833.946,12826.91,1969.389,5771.149,13015.83,1979.789,5739.668,12760.41,1989.36,5488.104,12871.58,2042.597,5382.302
12881.8,1983.353,5244.825,12872.73,1950.195,5860.685,12928.18,1980.544,5566.446,12679.35,1976.692,5432.875,13117.73,2022.614,5829.509,12686.38,2012.767,5540.448,12877.54,1973.057,5340.521,12854.33,1984.858,5496.848,12925.97,1977.858,5780.927,12672.89,2009.544,5329.908,13030.02,1963.221,5832.888,12827.32,1969.389,5768.937,13016.01,1979.789,5737.424,12762.42,1989.36,5489.125,12872.09,2042.597,5384.492
12880.99,1983.353,5243.614,12872.77,1950.195,5859.226,12928.52,1980.544,5567.864,12680.35,1976.692,5433.933,13116.83,2022.614,5828.36,12687.37,2012.767,5541.517,12877.1,1973.057,5339.13,12855.66,1984.858,5497.444,12926.04,1977.858,5779.469,12671.65,2009.544,5329.139,13028.71,1963.221,5832.244,12827.55,1969.389,5767.494,13016.09,1979.789,5735.967,12763.74,1989.36,5489.749,12872.42,2042.597,5385.915
12879.77,1983.353,5241.674,12872.77,1950.195,5856.936,12929,1980.544,5570.105,12681.99,1976.692,5435.541,13115.48,2022.614,5826.512,12688.88,2012.767,5543.243,12876.39,1973.057,5336.952,12857.78,1984.858,5498.31,12926.22,1977.858,5777.186,12669.66,2009.544,5327.996,13026.63,1963.221,5831.299,12827.82,1969.389,5765.22,13016.15,1979.789,5733.678,12765.84,1989.36,5490.663,12872.91,2042.597,5388.149
12879.02,1983.353,5240.394,12872.73,1950.195,5855.454,12929.44,1980.544,5571.521,12683.07,1976.692,5436.546,13114.71,2022.614,5825.245,12689.82,2012.767,5544.39,12875.93,1973.057,5335.543,12859.17,1984.858,5498.826,12926.38,1977.858,5775.713,12668.36,2009.544,5327.299,13025.26,1963.221,5830.731,12827.95,1969.389,5763.744,13016.24,1979.789,5732.199,12767.21,1989.36,5491.213,12873.22,2042.597,5389.598
12877.92,1983.353,5238.349,12872.74,1950.195,5853.129,12930.06,1980.544,5573.76,12684.83,1976.692,5438.066,13113.45,2022.614,5823.291,12691.23,2012.767,5546.236,12875.2,1973.057,5333.337,12861.38,1984.858,5499.565,12926.71,1977.858,5773.41,12666.27,2009.544,5326.273,13023.14,1963.221,5829.771,12828.08,1969.389,5761.422,13016.46,1979.789,5729.884,12769.4,1989.36,5492.01,12873.7,2042.597,5391.874
12877.24,1983.353,5237.003,12872.8,1950.195,5851.625,12930.42,1980.544,5575.222,12686,1976.692,5439.013,13112.59,2022.614,5822.053,12692.11,2012.767,5547.459,12874.72,1973.057,5331.912,12862.82,1984.858,5499.998,12926.96,1977.858,5771.927,12664.9,2009.544,5325.653,13021.79,1963.221,5829.105,12828.11,1969.389,5759.917,13016.65,1979.789,5728.391,12770.83,1989.36,5492.481,12873.99,2042.597,5393.349
12876.25,1983.353,5234.861,12872.97,1950.195,5849.272,12931.06,1980.544,5577.494,12687.88,1976.692,5440.435,13111.19,2022.614,5820.159,12693.42,2012.767,5549.419,12873.96,1973.057,5329.681,12865.1,1984.858,5500.604,12927.43,1977.858,5769.615,12662.72,2009.544,5324.753,13019.71,1963.221,5827.992,12828.09,1969.389,5757.558,13017.03,1979.789,5726.062,12773.09,1989.36,5493.151,12874.44,2042.597,5395.663
12875.66,1983.353,5233.454,12873.12,1950.195,5847.752,12931.61,1980.544,5578.919,12689.05,1976.692,5441.423,13110.24,2022.614,5818.962,12694.31,2012.767,5550.66,12873.46,1973.057,5328.238,12866.59,1984.858,5500.949,12927.69,1977.858,5768.109,12661.29,2009.544,5324.217,13018.39,1963.221,5827.228,12828.12,1969.389,5756.031,13017.32,1979.789,5724.562,12774.54,1989.36,5493.632,12874.73,2042.597,5397.164
12874.8,1983.353,5231.226,12873.45,1950.195,5845.386,12932.4,1980.544,5581.174,12690.92,1976.692,5442.907,13108.64,2022.614,5817.185,12695.77,2012.767,5552.553,12872.66,1973.057,5325.987,12868.93,1984.858,5501.416,12928.01,1977.858,5765.742,12659.02,2009.544,5323.452,13016.36,1963.221,5825.966,12828.25,1969.389,5753.646,13017.85,1979.789,5722.233,12776.78,1989.36,5494.455,12875.16,2042.597,5399.512
12874.29,1983.353,5229.769,12873.71,1950.195,5843.863,12932.86,1980.544,5582.647,12692.16,1976.692,5443.827,13107.65,2022.614,5816.002,12696.75,2012.767,5553.746,12872.1,1973.057,5324.548,12870.45,1984.858,5501.672,12928.16,1977.858,5764.205,12657.54,2009.544,5323.006,13015.08,1963.221,5825.107,12828.39,1969.389,5752.107,13018.25,1979.789,5720.74,12778.21,1989.36,5495.034,12875.49,2042.597,5401.021
12873.56,1983.353,5227.46,12873.93,1950.195,5841.452,12933.51,1980.544,5584.98,12694.1,1976.692,5445.276,13106.15,2022.614,5814.099,12698.35,2012.767,5555.564,12871.16,1973.057,5322.32,12872.85,1984.858,5502.003,12928.34,1977.858,5761.791,12655.21,2009.544,5322.382,13013.11,1963.221,5823.697,12828.68,1969.389,5749.704,13018.79,1979.789,5718.38,12780.42,1989.36,5496.013,12876.08,2042.597,5403.369
12873.13,1983.353,5225.956,12874.05,1950.195,5839.894,12934.05,1980.544,5586.445,12695.33,1976.692,5446.247,13105.22,2022.614,5812.839,12699.42,2012.767,5556.704,12870.5,1973.057,5320.902,12874.4,1984.858,5502.249,12928.4,1977.858,5760.229,12653.68,2009.544,5322.029,13011.87,1963.221,5822.745,12828.92,1969.389,5748.159,13019.09,1979.789,5716.846,12781.83,1989.36,5496.691,12876.46,2042.597,5404.885
12872.38,1983.353,5222.949,12874.4,1950.195,5836.814,12935.03,1980.544,5589.384,12697.82,1976.692,5448.091,13103.57,2022.614,5810.219,12701.61,2012.767,5558.893,12869.11,1973.057,5318.133,12877.47,1984.858,5502.646,12928.63,1977.858,5757.138,12650.64,2009.544,5321.429,13009.47,1963.221,5820.778,12829.49,1969.389,5745.113,13019.58,1979.789,5713.786,12784.58,1989.36,5498.126,12877.31,2042.597,5407.865
12872.09,1983.353,5221.608,12874.6,1950.195,5835.457,12935.43,1980.544,5590.699,12698.84,1976.692,5449.004,13102.89,2022.614,5809.028,12702.62,2012.767,5559.83,12868.45,1973.057,5316.928,12878.82,1984.858,5502.889,12928.87,1977.858,5755.786,12649.29,2009.544,5321.207,13008.44,1963.221,5819.873,12829.79,1969.389,5743.773,13019.75,1979.789,5712.425,12785.78,1989.36,5498.8,12877.73,2042.597,5409.171
12871.76,1983.353,5219.846,12874.91,1950.195,5833.693,12936.05,1980.544,5592.38,12700.22,1976.692,5450.153,13101.95,2022.614,5807.503,12703.96,2012.767,5561.01,12867.55,1973.057,5315.381,12880.59,1984.858,5503.152,12929.12,1977.858,5754.012,12647.51,2009.544,5320.976,13007.13,1963.221,5818.648,12830.23,1969.389,5742.038,13019.92,1979.789,5710.641,12787.31,1989.36,5499.731,12878.36,2042.597,5410.848
12871.41,1983.353,5217.591,12875.39,1950.195,5831.461,12936.77,1980.544,5594.546,12702.02,1976.692,5451.557,13100.69,2022.614,5805.601,12705.73,2012.767,5562.456,12866.33,1973.057,5313.45,12882.86,1984.858,5503.425,12929.51,1977.858,5751.764,12645.24,2009.544,5320.755,13005.52,1963.221,5817.034,12830.73,1969.389,5739.81,13020.06,1979.789,5708.363,12789.22,1989.36,5500.98,12879.09,2042.597,5413.009
12871.19,1983.353,5215.795,12875.59,1950.195,5829.661,12937.28,1980.544,5596.282,12703.48,1976.692,5452.624,13099.64,2022.614,5804.125,12707.17,2012.767,5563.556,12865.32,1973.057,5311.95,12884.66,1984.858,5503.594,12929.88,1977.858,5749.991,12643.43,2009.544,5320.639,13004.28,1963.221,5815.711,12831.06,1969.389,5738.03,13020.11,1979.789,5706.553,12790.7,1989.36,5502.02,12879.62,2042.597,5414.742
12870.97,1983.353,5213.502,12875.91,1950.195,5827.38,12937.86,1980.544,5598.511,12705.35,1976.692,5453.964,13098.24,2022.614,5802.292,12709.04,2012.767,5564.896,12863.97,1973.057,5310.083,12886.96,1984.858,5503.746,12930.42,1977.858,5747.752,12641.13,2009.544,5320.566,13002.76,1963.221,5813.979,12831.42,1969.389,5735.753,13020.1,1979.789,5704.25,12792.54,1989.36,5503.403,12880.36,2042.597,5416.923
12870.81,1983.353,5211.191,12876.31,1950.195,5825.099,12938.38,1980.544,5600.771,12707.12,1976.692,5455.462,13096.78,2022.614,5800.495,12710.97,2012.767,5566.181,12862.55,1973.057,5308.25,12889.27,1984.858,5503.838,12930.89,1977.858,5745.484,12638.81,2009.544,5320.569,13001.27,1963.221,5812.208,12831.84,1969.389,5733.477,13020.17,1979.789,5701.934,12794.35,1989.36,5504.854,12881.18,2042.597,5419.09
12870.72,1983.353,5209.129,12876.74,1950.195,5823.079,12938.61,1980.544,5602.821,12708.74,1976.692,5456.745,13095.42,2022.614,5798.938,12712.72,2012.767,5567.269,12861.23,1973.057,5306.66,12891.33,1984.858,5503.872,12931.25,1977.858,5743.451,12636.75,2009.544,5320.639,12999.97,1963.221,5810.605,12832.29,1969.389,5731.462,13020.29,1979.789,5699.874,12795.91,1989.36,5506.198,12881.85,2042.597,5421.044
12870.69,1983.353,5207.122,12877.22,1950.195,5821.129,12938.91,1980.544,5604.807,12710.35,1976.692,5457.941,13093.9,2022.614,5797.629,12714.46,2012.767,5568.271,12859.9,1973.057,5305.155,12893.33,1984.858,5504.029,12931.53,1977.858,5741.462,12634.75,2009.544,5320.773,12998.74,1963.221,5809.021,12832.79,1969.389,5729.518,13020.48,1979.789,5697.875,12797.39,1989.36,5507.555,12882.62,2042.597,5422.897
12870.71,1983.353,5204.915,12877.81,1950.195,5819.003,12939.3,1980.544,5606.978,12712.07,1976.692,5459.33,13092.28,2022.614,5796.136,12716.41,2012.767,5569.309,12858.39,1973.057,5303.548,12895.54,1984.858,5504.135,12931.77,1977.858,5739.268,12632.55,2009.544,5320.992,12997.42,1963.221,5807.251,12833.27,1969.389,5727.363,13020.76,1979.789,5695.686,12798.97,1989.36,5509.099,12883.4,2042.597,5424.961
12870.77,1983.353,5203.068,12878.26,1950.195,5817.209,12939.68,1980.544,5608.789,12713.45,1976.692,5460.55,13090.96,2022.614,5794.842,12718.07,2012.767,5570.125,12857.08,1973.057,5302.245,12897.38,1984.858,5504.269,12931.91,1977.858,5737.426,12630.72,2009.544,5321.236,12996.35,1963.221,5805.748,12833.62,1969.389,5725.547,13021.05,1979.789,5693.861,12800.25,1989.36,5510.434,12884.07,2042.597,5426.683
12870.91,1983.353,5200.961,12878.78,1950.195,5815.163,12940.17,1980.544,5610.842,12715,1976.692,5461.993,13089.35,2022.614,5793.468,12720,2012.767,5570.994,12855.53,1973.057,5300.806,12899.48,1984.858,5504.471,12932.01,1977.858,5735.317,12628.64,2009.544,5321.583,12995.16,1963.221,5804.003,12833.94,1969.389,5723.461,13021.46,1979.789,5691.788,12801.66,1989.36,5512.006,12884.85,2042.597,5428.643
12871.12,1983.353,5198.851,12879.25,1950.195,5813.096,12940.72,1980.544,5612.89,12716.59,1976.692,5463.392,13087.79,2022.614,5792.035,12721.96,2012.767,5571.803,12853.94,1973.057,5299.412,12901.59,1984.858,5504.721,12932.1,1977.858,5733.199,12626.56,2009.544,5321.999,12994,1963.221,5802.226,12834.2,1969.389,5721.355,13021.93,1979.789,5689.72,12803.02,1989.36,5513.631,12885.65,2042.597,5430.605
12871.4,1983.353,5196.741,12879.67,1950.195,5811.01,12941.34,1980.544,5614.926,12718.23,1976.692,5464.741,13086.27,2022.614,5790.547,12723.95,2012.767,5572.55,12852.29,1973.057,5298.066,12903.69,1984.858,5505.016,12932.18,1977.858,5731.073,12624.48,2009.544,5322.485,12992.89,1963.221,5800.416,12834.38,1969.389,5719.236,13022.47,1979.789,5687.663,12804.33,1989.36,5515.305,12886.47,2042.597,5432.568
12871.74,1983.353,5194.636,12880.04,1950.195,5808.909,12942.03,1980.544,5616.945,12719.88,1976.692,5466.101,13084.79,2022.614,5789.006,12725.97,2012.767,5573.234,12850.59,1973.057,5296.771,12905.8,1984.858,5505.353,12932.32,1977.858,5728.944,12622.42,2009.544,5323.04,12991.81,1963.221,5798.575,12834.5,1969.389,5717.105,13022.95,1979.789,5685.583,12805.6,1989.36,5517.025,12887.31,2042.597,5434.531
12872.02,1983.353,5193.233,12880.25,1950.195,5807.493,12942.53,1980.544,5618.284,12721.01,1976.692,5466.976,13083.84,2022.614,5787.94,12727.34,2012.767,5573.647,12849.43,1973.057,5295.941,12907.21,1984.858,5505.614,12932.45,1977.858,5727.52,12621.05,2009.544,5323.457,12991.12,1963.221,5797.323,12834.54,1969.389,5715.675,13023.22,1979.789,5684.178,12806.48,1989.36,5518.151,12887.87,2042.597,5435.844
12872.66,1983.353,5190.498,12880.58,1950.195,5804.705,12943.2,1980.544,5621.013,12723.29,1976.692,5468.621,13082.03,2022.614,5785.789,12730,2012.767,5574.543,12847.09,1973.057,5294.387,12909.95,1984.858,5506.194,12932.78,1977.858,5724.73,12618.4,2009.544,5324.363,12989.82,1963.221,5794.833,12834.51,1969.389,5712.866,13023.67,1979.789,5681.404,12808.28,1989.36,5520.304,12889,2042.597,5438.415
12873.24,1983.353,5188.37,12880.78,1950.195,5802.511,12943.79,1980.544,5623.135,12725.12,1976.692,5469.852,13080.56,2022.614,5784.148,12732.07,2012.767,5575.311,12845.21,1973.057,5293.228,12912.1,1984.858,5506.701,12933.09,1977.858,5722.55,12616.33,2009.544,5325.142,12988.85,1963.221,5792.854,12834.42,1969.389,5710.664,13023.95,1979.789,5679.218,12809.75,1989.36,5521.947,12889.9,2042.597,5440.428
12873.79,1983.353,5186.545,12880.91,1950.195,5800.608,12944.24,1980.544,5624.988,12726.66,1976.692,5470.968,13079.26,2022.614,5782.754,12733.83,2012.767,5576.031,12843.56,1973.057,5292.279,12913.94,1984.858,5507.183,12933.42,1977.858,5720.671,12614.57,2009.544,5325.874,12988.06,1963.221,5791.119,12834.28,1969.389,5708.762,13024.25,1979.789,5677.335,12811.07,1989.36,5523.329,12890.68,2042.597,5442.167
12874.57,1983.353,5184.252,12880.99,1950.195,5798.188,12944.74,1980.544,5627.358,12728.68,1976.692,5472.31,13077.48,2022.614,5781.114,12736.04,2012.767,5577.015,12841.42,1973.057,5291.143,12916.27,1984.858,5507.848,12933.78,1977.858,5718.278,12612.37,2009.544,5326.875,12987.11,1963.221,5788.892,12834.18,1969.389,5706.343,13024.71,1979.789,5674.958,12812.79,1989.36,5525.028,12891.67,2042.597,5444.372
12875.25,1983.353,5182.46,12881.01,1950.195,5796.273,12945.07,1980.544,5629.245,12730.36,1976.692,5473.22,13076.11,2022.614,5779.771,12737.77,2012.767,5577.848,12839.7,1973.057,5290.3,12918.1,1984.858,5508.416,12934.04,1977.858,5716.38,12610.65,2009.544,5327.725,12986.41,1963.221,5787.11,12834.16,1969.389,5704.428,13025.14,1979.789,5673.091,12814.2,1989.36,5526.329,12892.46,2042.597,5446.115
12876.18,1983.353,5180.212,12880.96,1950.195,5793.84,12945.42,1980.544,5631.654,12732.47,1976.692,5474.445,13074.43,2022.614,5778.008,12739.93,2012.767,5578.975,12837.48,1973.057,5289.302,12920.41,1984.858,5509.188,12934.32,1977.858,5713.964,12608.51,2009.544,5328.875,12985.58,1963.221,5784.822,12834.22,1969.389,5701.995,13025.76,1979.789,5670.738,12816.04,1989.36,5527.924,12893.47,2042.597,5448.328
12876.95,1983.353,5178.5,12880.86,1950.195,5791.964,12945.62,1980.544,5633.522,12734.06,1976.692,5475.443,13073.18,2022.614,5776.606,12741.56,2012.767,5579.896,12835.74,1973.057,5288.587,12922.17,1984.858,5509.821,12934.5,1977.858,5712.095,12606.88,2009.544,5329.816,12984.99,1963.221,5783.039,12834.33,1969.389,5700.118,13026.3,1979.789,5668.937,12817.49,1989.36,5529.111,12894.25,2042.597,5450.036
12877.98,1983.353,5176.422,12880.82,1950.195,5789.646,12945.8,1980.544,5635.833,12735.98,1976.692,5476.738,13071.91,2022.614,5774.668,12743.55,2012.767,5581.097,12833.57,1973.057,5287.777,12924.34,1984.858,5510.647,12934.66,1977.858,5709.782,12604.92,2009.544,5331.043,12984.32,1963.221,5780.819,12834.53,1969.389,5697.81,13027.03,1979.789,5666.739,12819.34,1989.36,5530.517,12895.22,2042.597,5452.144
12878.92,1983.353,5174.664,12880.85,1950.195,5787.652,12945.88,1980.544,5637.826,12737.71,1976.692,5477.732,13070.78,2022.614,5773.023,12745.22,2012.767,5582.183,12831.68,1973.057,5287.141,12926.19,1984.858,5511.396,12934.73,1977.858,5707.789,12603.26,2009.544,5332.153,12983.8,1963.221,5778.893,12834.78,1969.389,5695.83,13027.73,1979.789,5664.869,12820.96,1989.36,5531.676,12896.04,2042.597,5453.958
12879.89,1983.353,5172.985,12880.94,1950.195,5785.715,12945.91,1980.544,5639.765,12739.36,1976.692,5478.753,13069.63,2022.614,5771.462,12746.81,2012.767,5583.289,12829.82,1973.057,5286.583,12927.97,1984.858,5512.157,12934.73,1977.858,5705.85,12601.68,2009.544,5333.285,12983.35,1963.221,5777.006,12835.08,1969.389,5693.914,13028.46,1979.789,5663.075,12822.57,1989.36,5532.752,12896.84,2042.597,5455.724
12880.58,1983.353,5171.888,12881.04,1950.195,5784.428,12945.88,1980.544,5641.057,12740.43,1976.692,5479.469,13068.83,2022.614,5770.447,12747.85,2012.767,5584.06,12828.57,1973.057,5286.251,12929.15,1984.858,5512.687,12934.7,1977.858,5704.558,12600.66,2009.544,5334.072,12983.09,1963.221,5775.741,12835.32,1969.389,5692.645,13028.99,1979.789,5661.896,12823.67,1989.36,5533.435,12897.37,2042.597,5456.902
12881.92,1983.353,5169.886,12881.32,1950.195,5782.034,12945.75,1980.544,5643.462,12742.39,1976.692,5480.868,13067.28,2022.614,5768.604,12749.74,2012.767,5585.556,12826.23,1973.057,5285.71,12931.33,1984.858,5513.713,12934.55,1977.858,5702.154,12598.8,2009.544,5335.603,12982.68,1963.221,5773.369,12835.84,1969.389,5690.293,13030.04,1979.789,5659.73,12825.75,1989.36,5534.644,12898.35,2042.597,5459.102
12882.94,1983.353,5168.454,12881.47,1950.195,5780.278,12945.59,1980.544,5645.218,12743.79,1976.692,5481.938,13066.1,2022.614,5767.293,12751.08,2012.767,5586.694,12824.5,1973.057,5285.371,12932.91,1984.858,5514.491,12934.49,1977.858,5700.392,12597.47,2009.544,5336.767,12982.42,1963.221,5771.624,12836.17,1969.389,5688.562,13030.87,1979.789,5658.172,12827.3,1989.36,5535.479,12899.06,2042.597,5460.715
12883.65,1983.353,5167.537,12881.53,1950.195,5779.125,12945.46,1980.544,5646.365,12744.69,1976.692,5482.67,13065.4,2022.614,5766.379,12751.94,2012.767,5587.468,12823.36,1973.057,5285.186,12933.94,1984.858,5515.018,12934.48,1977.858,5699.237,12596.63,2009.544,5337.558,12982.29,1963.221,5770.476,12836.35,1969.389,5687.42,13031.44,1979.789,5657.169,12828.34,1989.36,5535.995,12899.52,2042.597,5461.774
12885.03,1983.353,5165.855,12881.6,1950.195,5776.949,12945.13,1980.544,5648.517,12746.27,1976.692,5484.165,13064.01,2022.614,5764.7,12753.51,2012.767,5588.976,12821.2,1973.057,5284.908,12935.86,1984.858,5516.041,12934.53,1977.858,5697.061,12595.09,2009.544,5339.099,12982.11,1963.221,5768.307,12836.62,1969.389,5685.259,13032.58,1979.789,5655.315,12830.32,1989.36,5536.905,12900.37,2042.597,5463.776
12886.11,1983.353,5164.62,12881.6,1950.195,5775.305,12944.82,1980.544,5650.133,12747.5,1976.692,5485.254,13062.92,2022.614,5763.467,12754.66,2012.767,5590.152,12819.56,1973.057,5284.751,12937.29,1984.858,5516.835,12934.61,1977.858,5695.419,12593.97,2009.544,5340.3,12982.03,1963.221,5766.665,12836.76,1969.389,5683.622,13033.49,1979.789,5653.944,12831.83,1989.36,5537.544,12901.01,2042.597,5465.292
12887.17,1983.353,5163.488,12881.55,1950.195,5773.753,12944.49,1980.544,5651.648,12748.59,1976.692,5486.361,13061.9,2022.614,5762.304,12755.71,2012.767,5591.296,12818.01,1973.057,5284.654,12938.64,1984.858,5517.604,12934.73,1977.858,5693.872,12592.95,2009.544,5341.468,12982,1963.221,5765.113,12836.85,1969.389,5682.073,13034.39,1979.789,5652.679,12833.28,1989.36,5538.104,12901.59,2042.597,5466.727
12888.01,1983.353,5162.649,12881.48,1950.195,5772.568,12944.19,1980.544,5652.799,12749.45,1976.692,5487.181,13061.13,2022.614,5761.396,12756.48,2012.767,5592.196,12816.82,1973.057,5284.618,12939.67,1984.858,5518.206,12934.85,1977.858,5692.691,12592.2,2009.544,5342.387,12981.96,1963.221,5763.927,12836.88,1969.389,5680.886,13035.11,1979.789,5651.734,12834.4,1989.36,5538.496,12902.03,2042.597,5467.829
12889.57,1983.353,5161.193,12881.29,1950.195,5770.446,12943.6,1980.544,5654.845,12750.85,1976.692,5488.787,13059.8,2022.614,5759.734,12757.82,2012.767,5593.854,12814.69,1973.057,5284.624,12941.49,1984.858,5519.309,12935.13,1977.858,5690.58,12590.9,2009.544,5344.079,12981.87,1963.221,5761.8,12836.87,1969.389,5678.755,13036.45,1979.789,5650.081,12836.43,1989.36,5539.137,12902.81,2042.597,5469.813
12889.99,1983.353,5160.827,12881.26,1950.195,5769.892,12943.43,1980.544,5655.373,12751.23,1976.692,5489.194,13059.46,2022.614,5759.292,12758.16,2012.767,5594.297,12814.14,1973.057,5284.644,12941.96,1984.858,5519.602,12935.22,1977.858,5690.031,12590.58,2009.544,5344.531,12981.84,1963.221,5761.246,12836.84,1969.389,5678.2,13036.82,1979.789,5649.662,12836.96,1989.36,5539.288,12903,2042.597,5470.332
12891.45,1983.353,5159.633,12881.22,1950.195,5768.008,12942.78,1980.544,5657.143,12752.55,1976.692,5490.53,13058.36,2022.614,5757.769,12759.24,2012.767,5595.836,12812.26,1973.057,5284.772,12943.55,1984.858,5520.614,12935.57,1977.858,5688.18,12589.54,2009.544,5346.099,12981.71,1963.221,5759.367,12836.71,1969.389,5676.322,13038.1,1979.789,5648.282,12838.79,1989.36,5539.741,12903.65,2042.597,5472.099
12892.12,1983.353,5159.116,12881.23,1950.195,5767.158,12942.47,1980.544,5657.933,12753.17,1976.692,5491.114,13057.87,2022.614,5757.069,12759.76,2012.767,5596.514,12811.41,1973.057,5284.857,12944.26,1984.858,5521.079,12935.75,1977.858,5687.349,12589.09,2009.544,5346.822,12981.65,1963.221,5758.519,12836.62,1969.389,5675.476,13038.7,1979.789,5647.678,12839.61,1989.36,5539.973,12903.94,2042.597,5472.9
12893.56,1983.353,5158.088,12881.31,1950.195,5765.394,12941.76,1980.544,5659.55,12754.42,1976.692,5492.365,13056.9,2022.614,5755.593,12760.87,2012.767,5597.887,12809.66,1973.057,5285.093,12945.73,1984.858,5522.058,12936.06,1977.858,5685.611,12588.21,2009.544,5348.352,12981.49,1963.221,5756.761,12836.49,1969.389,5673.714,13039.98,1979.789,5646.465,12841.29,1989.36,5540.51,12904.51,2042.597,5474.571
12894.22,1983.353,5157.645,12881.37,1950.195,5764.597,12941.41,1980.544,5660.271,12755,1976.692,5492.912,13056.48,2022.614,5754.915,12761.39,2012.767,5598.491,12808.88,1973.057,5285.225,12946.39,1984.858,5522.507,12936.18,1977.858,5684.821,12587.83,2009.544,5349.057,12981.4,1963.221,5755.967,12836.46,1969.389,5672.916,13040.58,1979.789,5645.936,12842.05,1989.36,5540.777,12904.76,2042.597,5475.33
12895.7,1983.353,5156.728,12881.56,1950.195,5762.87,12940.62,1980.544,5661.816,12756.17,1976.692,5494.202,13055.6,2022.614,5753.419,12762.57,2012.767,5599.767,12807.17,1973.057,5285.569,12947.81,1984.858,5523.496,12936.38,1977.858,5683.095,12587.06,2009.544,5350.616,12981.2,1963.221,5754.242,12836.44,1969.389,5671.179,13041.84,1979.789,5644.742,12843.66,1989.36,5541.413,12905.28,2042.597,5476.987
12896.42,1983.353,5156.314,12881.67,1950.195,5762.049,12940.22,1980.544,5662.541,12756.74,1976.692,5494.799,13055.2,2022.614,5752.696,12763.15,2012.767,5600.357,12806.37,1973.057,5285.759,12948.49,1984.858,5523.972,12936.45,1977.858,5682.269,12586.72,2009.544,5351.371,12981.1,1963.221,5753.42,12836.46,1969.389,5670.351,13042.43,1979.789,5644.154,12844.42,1989.36,5541.74,12905.51,2042.597,5477.78
12898.03,1983.353,5155.454,12881.99,1950.195,5760.25,12939.28,1980.544,5664.112,12758,1976.692,5496.12,13054.34,2022.614,5751.08,12764.48,2012.767,5601.615,12804.6,1973.057,5286.237,12949.98,1984.858,5525.034,12936.54,1977.858,5680.444,12586.03,2009.544,5353.06,12980.83,1963.221,5751.613,12836.57,1969.389,5668.526,13043.67,1979.789,5642.815,12846.08,1989.36,5542.518,12906.01,2042.597,5479.538
12898.81,1983.353,5155.071,12882.17,1950.195,5759.4,12938.82,1980.544,5664.843,12758.56,1976.692,5496.785,13053.96,2022.614,5750.303,12765.13,2012.767,5602.191,12803.77,1973.057,5286.491,12950.68,1984.858,5525.543,12936.55,1977.858,5679.577,12585.72,2009.544,5353.872,12980.71,1963.221,5750.755,12836.65,1969.389,5667.663,13044.24,1979.789,5642.16,12846.85,1989.36,5542.913,12906.23,2042.597,5480.375
12900.46,1983.353,5154.321,12882.48,1950.195,5757.609,12937.79,1980.544,5666.346,12759.77,1976.692,5498.142,13053.19,2022.614,5748.654,12766.52,2012.767,5603.354,12802.05,1973.057,5287.08,12952.14,1984.858,5526.618,12936.52,1977.858,5677.758,12585.14,2009.544,5355.595,12980.49,1963.221,5748.95,12836.87,1969.389,5665.857,13045.39,1979.789,5640.749,12848.44,1989.36,5543.793,12906.67,2042.597,5482.14
12901.23,1983.353,5154.006,12882.6,1950.195,5756.793,12937.31,1980.544,5667.012,12760.3,1976.692,5498.77,13052.86,2022.614,5747.899,12767.17,2012.767,5603.86,12801.28,1973.057,5287.373,12952.81,1984.858,5527.108,12936.48,1977.858,5676.935,12584.9,2009.544,5356.384,12980.41,1963.221,5748.13,12837,1969.389,5665.043,13045.89,1979.789,5640.093,12849.15,1989.36,5544.215,12906.86,2042.597,5482.942
12902.82,1983.353,5153.406,12882.79,1950.195,5755.097,12936.26,1980.544,5668.359,12761.45,1976.692,5500.034,13052.22,2022.614,5746.32,12768.55,2012.767,5604.864,12799.71,1973.057,5288.03,12954.17,1984.858,5528.13,12936.35,1977.858,5675.234,12584.46,2009.544,5358.033,12980.28,1963.221,5746.428,12837.32,1969.389,5663.367,13046.88,1979.789,5638.702,12850.59,1989.36,5545.129,12907.26,2042.597,5484.6
12903.56,1983.353,5153.158,12882.85,1950.195,5754.325,12935.77,1980.544,5668.959,12761.99,1976.692,5500.59,13051.94,2022.614,5745.597,12769.19,2012.767,5605.298,12799,1973.057,5288.351,12954.79,1984.858,5528.596,12936.26,1977.858,5674.465,12584.29,2009.544,5358.787,12980.25,1963.221,5745.655,12837.44,1969.389,5662.603,13047.3,1979.789,5638.057,12851.23,1989.36,5545.561,12907.45,2042.597,5485.351
12905.09,1983.353,5152.694,12882.92,1950.195,5752.727,12934.73,1980.544,5670.175,12763.11,1976.692,5501.732,13051.41,2022.614,5744.087,12770.52,2012.767,5606.187,12797.57,1973.057,5289.063,12956.06,1984.858,5529.564,12936.13,1977.858,5672.87,12583.98,2009.544,5360.357,12980.22,1963.221,5744.055,12837.64,1969.389,5661.015,13048.14,1979.789,5636.694,12852.54,1989.36,5546.491,12907.85,2042.597,5486.9
12905.79,1983.353,5152.506,12882.93,1950.195,5751.998,12934.25,1980.544,5670.719,12763.57,1976.692,5502.295,13051.19,2022.614,5743.395,12771.13,2012.767,5606.587,12796.93,1973.057,5289.408,12956.64,1984.858,5530.006,12936.1,1977.858,5672.142,12583.86,2009.544,5361.076,12980.22,1963.221,5743.327,12837.71,1969.389,5660.29,13048.5,1979.789,5636.062,12853.12,1989.36,5546.93,12908.04,2042.597,5487.604
12907.26,1983.353,5152.165,12882.9,1950.195,5750.493,12933.22,1980.544,5671.822,12764.57,1976.692,5503.426,13050.76,2022.614,5741.952,12772.39,2012.767,5607.408,12795.63,1973.057,5290.164,12957.84,1984.858,5530.922,12936.08,1977.858,5670.637,12583.66,2009.544,5362.568,12980.27,1963.221,5741.823,12837.82,1969.389,5658.789,13049.21,1979.789,5634.731,12854.29,1989.36,5547.87,12908.43,2042.597,5489.055
12908.28,1983.353,5151.962,12882.85,1950.195,5749.449,12932.5,1980.544,5672.578,12765.28,1976.692,5504.188,13050.48,2022.614,5740.943,12773.27,2012.767,5607.973,12794.74,1973.057,5290.718,12958.66,1984.858,5531.56,12936.1,1977.858,5669.592,12583.56,2009.544,5363.608,12980.33,1963.221,5740.78,12837.86,1969.389,5657.744,13049.67,1979.789,5633.792,12855.09,1989.36,5548.545,12908.72,2042.597,5490.061
12909.15,1983.353,5151.819,12882.78,1950.195,5748.571,12931.88,1980.544,5673.208,12765.85,1976.692,5504.857,13050.27,2022.614,5740.088,12774.02,2012.767,5608.445,12794.01,1973.057,5291.21,12959.36,1984.858,5532.098,12936.15,1977.858,5668.712,12583.5,2009.544,5364.487,12980.41,1963.221,5739.902,12837.87,1969.389,5656.863,13050.03,1979.789,5632.987,12855.75,1989.36,5549.132,12908.96,2042.597,5490.906
12910.29,1983.353,5151.67,12882.65,1950.195,5747.43,12931.08,1980.544,5674.021,12766.63,1976.692,5505.704,13050.03,2022.614,5738.966,12774.99,2012.767,5609.056,12793.08,1973.057,5291.881,12960.27,1984.858,5532.801,12936.24,1977.858,5667.568,12583.47,2009.544,5365.635,12980.54,1963.221,5738.762,12837.85,1969.389,5655.715,13050.46,1979.789,5631.925,12856.58,1989.36,5549.919,12909.29,2042.597,5492.006
12911.12,1983.353,5151.589,12882.54,1950.195,5746.608,12930.49,1980.544,5674.604,12767.21,1976.692,5506.297,13049.87,2022.614,5738.152,12775.69,2012.767,5609.494,12792.42,1973.057,5292.388,12960.92,1984.858,5533.309,12936.34,1977.858,5666.744,12583.47,2009.544,5366.464,12980.66,1963.221,5737.94,12837.81,1969.389,5654.887,13050.75,1979.789,5631.147,12857.17,1989.36,5550.505,12909.53,2042.597,5492.799
12912.2,1983.353,5151.52,12882.35,1950.195,5745.545,12929.71,1980.544,5675.358,12767.99,1976.692,5507.044,13049.69,2022.614,5737.088,12776.61,2012.767,5610.06,12791.59,1973.057,5293.075,12961.78,1984.858,5533.97,12936.5,1977.858,5665.676,12583.51,2009.544,5367.543,12980.85,1963.221,5736.877,12837.73,1969.389,5653.811,13051.09,1979.789,5630.124,12857.91,1989.36,5551.287,12909.85,2042.597,5493.829
12912.97,1983.353,5151.495,12882.19,1950.195,5744.784,12929.15,1980.544,5675.899,12768.57,1976.692,5507.563,13049.58,2022.614,5736.318,12777.27,2012.767,5610.465,12791,1973.057,5293.59,12962.39,1984.858,5534.447,12936.64,1977.858,5664.911,12583.56,2009.544,5368.319,12981,1963.221,5736.115,12837.65,1969.389,5653.037,13051.31,1979.789,5629.378,12858.43,1989.36,5551.864,12910.09,2042.597,5494.569
12913.99,1983.353,5151.495,12881.96,1950.195,5743.799,12928.42,1980.544,5676.599,12769.34,1976.692,5508.214,13049.46,2022.614,5735.313,12778.14,2012.767,5610.989,12790.27,1973.057,5294.284,12963.19,1984.858,5535.067,12936.79,1977.858,5663.91,12583.66,2009.544,5369.327,12981.22,1963.221,5735.127,12837.53,1969.389,5652.031,13051.57,1979.789,5628.399,12859.09,1989.36,5552.634,12910.41,2042.597,5495.53
12914.72,1983.353,5151.52,12881.77,1950.195,5743.093,12927.89,1980.544,5677.102,12769.95,1976.692,5508.627,13049.4,2022.614,5734.584,12778.76,2012.767,5611.366,12789.75,1973.057,5294.803,12963.77,1984.858,5535.514,12936.88,1977.858,5663.184,12583.76,2009.544,5370.051,12981.4,1963.221,5734.417,12837.44,1969.389,5651.307,13051.74,1979.789,5627.686,12859.55,1989.36,5553.203,12910.64,2042.597,5496.222
12915.66,1983.353,5151.583,12881.49,1950.195,5742.183,12927.2,1980.544,5677.755,12770.71,1976.692,5509.19,13049.33,2022.614,5733.636,12779.58,2012.767,5611.854,12789.1,1973.057,5295.499,12964.52,1984.858,5536.095,12936.96,1977.858,5662.236,12583.91,2009.544,5370.989,12981.64,1963.221,5733.498,12837.3,1969.389,5650.366,13051.92,1979.789,5626.753,12860.13,1989.36,5553.958,12910.95,2042.597,5497.12
12916.35,1983.353,5151.65,12881.28,1950.195,5741.532,12926.7,1980.544,5678.225,12771.25,1976.692,5509.613,13049.3,2022.614,5732.951,12780.17,2012.767,5612.204,12788.65,1973.057,5296.015,12965.06,1984.858,5536.514,12936.99,1977.858,5661.551,12584.05,2009.544,5371.662,12981.83,1963.221,5732.839,12837.19,1969.389,5649.689,13052.03,1979.789,5626.076,12860.53,1989.36,5554.513,12911.18,2042.597,5497.766
12917.25,1983.353,5151.769,12880.96,1950.195,5740.682,12926.04,1980.544,5678.845,12771.95,1976.692,5510.196,13049.29,2022.614,5732.045,12780.95,2012.767,5612.664,12788.08,1973.057,5296.717,12965.78,1984.858,5537.065,12937.01,1977.858,5660.646,12584.25,2009.544,5372.543,12982.09,1963.221,5731.974,12837.04,1969.389,5648.796,13052.14,1979.789,5625.177,12861.04,1989.36,5555.261,12911.49,2042.597,5498.617
12917.9,1983.353,5151.878,12880.72,1950.195,5740.063,12925.56,1980.544,5679.3,12772.44,1976.692,5510.641,13049.29,2022.614,5731.379,12781.52,2012.767,5613.001,12787.67,1973.057,5297.246,12966.31,1984.858,5537.471,12937.01,1977.858,5659.979,12584.43,2009.544,5373.187,12982.3,1963.221,5731.342,12836.92,1969.389,5648.142,13052.2,1979.789,5624.514,12861.42,1989.36,5555.812,12911.72,2042.597,5499.241
12918.97,1983.353,5152.09,12880.28,1950.195,5739.069,12924.77,1980.544,5680.043,12773.3,1976.692,5511.307,13049.32,2022.614,5730.295,12782.46,2012.767,5613.55,12787.04,1973.057,5298.129,12967.17,1984.858,5538.129,12937,1977.858,5658.896,12584.74,2009.544,5374.224,12982.67,1963.221,5730.32,12836.7,1969.389,5647.081,13052.27,1979.789,5623.431,12862.02,1989.36,5556.713,12912.11,2042.597,5500.255
12919.19,1983.353,5152.144,12880.18,1950.195,5738.856,12924.6,1980.544,5680.204,12773.48,1976.692,5511.458,13049.34,2022.614,5730.061,12782.66,2012.767,5613.668,12786.91,1973.057,5298.325,12967.36,1984.858,5538.271,12936.99,1977.858,5658.661,12584.82,2009.544,5374.447,12982.75,1963.221,5730.101,12836.64,1969.389,5646.852,13052.28,1979.789,5623.196,12862.15,1989.36,5556.909,12912.19,2042.597,5500.474
12920.05,1983.353,5152.374,12879.78,1950.195,5738.065,12923.95,1980.544,5680.814,12774.17,1976.692,5512.016,13049.41,2022.614,5729.176,12783.43,2012.767,5614.115,12786.45,1973.057,5299.08,12968.06,1984.858,5538.807,12936.97,1977.858,5657.774,12585.13,2009.544,5375.277,12983.09,1963.221,5729.279,12836.42,1969.389,5645.992,13052.27,1979.789,5622.309,12862.64,1989.36,5557.65,12912.52,2042.597,5501.298
12920.69,1983.353,5152.567,12879.46,1950.195,5737.482,12923.47,1980.544,5681.272,12774.68,1976.692,5512.44,13049.47,2022.614,5728.517,12784,2012.767,5614.449,12786.12,1973.057,5299.656,12968.59,1984.858,5539.206,12936.97,1977.858,5657.112,12585.39,2009.544,5375.89,12983.35,1963.221,5728.671,12836.25,1969.389,5645.352,13052.25,1979.789,5621.646,12863,1989.36,5558.206,12912.77,2042.597,5501.913
12921.08,1983.353,5152.7,12879.25,1950.195,5737.125,12923.18,1980.544,5681.56,12775.01,1976.692,5512.69,13049.53,2022.614,5728.105,12784.35,2012.767,5614.666,12785.92,1973.057,5300.022,12968.92,1984.858,5539.455,12936.98,1977.858,5656.7,12585.56,2009.544,5376.267,12983.52,1963.221,5728.295,12836.13,1969.389,5644.955,13052.22,1979.789,5621.232,12863.24,1989.36,5558.546,12912.93,2042.597,5502.295
12921.88,1983.353,5153.001,12878.8,1950.195,5736.4,12922.56,1980.544,5682.154,12775.67,1976.692,5513.228,13049.66,2022.614,5727.261,12785.07,2012.767,5615.13,12785.55,1973.057,5300.789,12969.61,1984.858,5539.966,12937,1977.858,5655.846,12585.94,2009.544,5377.033,12983.9,1963.221,5727.529,12835.87,1969.389,5644.142,13052.13,1979.789,5620.382,12863.74,1989.36,5559.235,12913.27,2042.597,5503.081
12922.23,1983.353,5153.149,12878.59,1950.195,5736.081,12922.29,1980.544,5682.423,12775.97,1976.692,5513.474,13049.72,2022.614,5726.883,12785.39,2012.767,5615.348,12785.39,1973.057,5301.14,12969.92,1984.858,5540.196,12936.99,1977.858,5655.461,12586.12,2009.544,5377.372,12984.08,1963.221,5727.188,12835.75,1969.389,5643.779,13052.08,1979.789,5620.001,12863.98,1989.36,5559.538,12913.42,2042.597,5503.433
12922.87,1983.353,5153.439,12878.18,1950.195,5735.507,12921.79,1980.544,5682.919,12776.54,1976.692,5513.879,13049.86,2022.614,5726.193,12785.96,2012.767,5615.759,12785.12,1973.057,5301.79,12970.48,1984.858,5540.614,12936.98,1977.858,5654.758,12586.47,2009.544,5377.98,12984.42,1963.221,5726.573,12835.5,1969.389,5643.119,13051.96,1979.789,5619.308,12864.42,1989.36,5560.081,12913.71,2042.597,5504.076
12923.13,1983.353,5153.564,12878.01,1950.195,5735.283,12921.59,1980.544,5683.119,12776.77,1976.692,5514.049,13049.93,2022.614,5725.918,12786.18,2012.767,5615.93,12785.02,1973.057,5302.054,12970.71,1984.858,5540.781,12936.97,1977.858,5654.477,12586.62,2009.544,5378.219,12984.56,1963.221,5726.33,12835.4,1969.389,5642.856,13051.91,1979.789,5619.032,12864.61,1989.36,5560.293,12913.82,2042.597,5504.332
12923.56,1983.353,5153.796,12877.7,1950.195,5734.9,12921.25,1980.544,5683.47,12777.15,1976.692,5514.358,13050.05,2022.614,5725.442,12786.57,2012.767,5616.237,12784.86,1973.057,5302.521,12971.1,1984.858,5541.072,12936.96,1977.858,5653.985,12586.9,2009.544,5378.628,12984.82,1963.221,5725.912,12835.21,1969.389,5642.402,13051.79,1979.789,5618.553,12864.94,1989.36,5560.655,12914.03,2042.597,5504.778
12923.74,1983.353,5153.901,12877.57,1950.195,5734.742,12921.1,1980.544,5683.62,12777.31,1976.692,5514.494,13050.1,2022.614,5725.241,12786.73,2012.767,5616.372,12784.8,1973.057,5302.72,12971.27,1984.858,5541.194,12936.96,1977.858,5653.777,12587.02,2009.544,5378.797,12984.94,1963.221,5725.737,12835.13,1969.389,5642.212,13051.74,1979.789,5618.352,12865.09,1989.36,5560.804,12914.12,2042.597,5504.966
12924.01,1983.353,5154.071,12877.35,1950.195,5734.503,12920.88,1980.544,5683.853,12777.55,1976.692,5514.712,13050.2,2022.614,5724.934,12786.97,2012.767,5616.585,12784.72,1973.057,5303.031,12971.53,1984.858,5541.383,12936.95,1977.858,5653.455,12587.21,2009.544,5379.052,12985.12,1963.221,5725.473,12834.99,1969.389,5641.92,13051.64,1979.789,5618.044,12865.32,1989.36,5561.027,12914.26,2042.597,5505.255
12924.19,1983.353,5154.187,12877.2,1950.195,5734.354,12920.74,1980.544,5684.005,12777.7,1976.692,5514.858,13050.26,2022.614,5724.736,12787.12,2012.767,5616.728,12784.68,1973.057,5303.234,12971.7,1984.858,5541.505,12936.94,1977.858,5653.247,12587.35,2009.544,5379.212,12985.24,1963.221,5725.304,12834.9,1969.389,5641.734,13051.58,1979.789,5617.848,12865.47,1989.36,5561.168,12914.35,2042.597,5505.441
12924.44,1983.353,5154.37,12876.98,1950.195,5734.133,12920.53,1980.544,5684.237,12777.93,1976.692,5515.074,13050.37,2022.614,5724.439,12787.34,2012.767,5616.95,12784.62,1973.057,5303.544,12971.96,1984.858,5541.688,12936.93,1977.858,5652.932,12587.55,2009.544,5379.449,12985.43,1963.221,5725.054,12834.75,1969.389,5641.455,13051.46,1979.789,5617.553,12865.71,1989.36,5561.374,12914.5,2042.597,5505.722
12924.61,1983.353,5154.497,12876.83,1950.195,5733.992,12920.39,1980.544,5684.392,12778.09,1976.692,5515.195,13050.44,2022.614,5724.245,12787.49,2012.767,5617.1,12784.58,1973.057,5303.75,12972.13,1984.858,5541.81,12936.92,1977.858,5652.724,12587.7,2009.544,5379.601,12985.56,1963.221,5724.893,12834.65,1969.389,5641.272,13051.38,1979.789,5617.361,12865.87,1989.36,5561.505,12914.59,2042.597,5505.907
12924.9,1983.353,5154.736,12876.54,1950.195,5733.746,12920.14,1980.544,5684.673,12778.4,1976.692,5515.416,13050.58,2022.614,5723.896,12787.74,2012.767,5617.378,12784.53,1973.057,5304.123,12972.43,1984.858,5542.027,12936.92,1977.858,5652.35,12587.96,2009.544,5379.867,12985.81,1963.221,5724.606,12834.46,1969.389,5640.946,13051.23,1979.789,5617.019,12866.17,1989.36,5561.735,12914.77,2042.597,5506.239
12925.06,1983.353,5154.876,12876.38,1950.195,5733.611,12920,1980.544,5684.833,12778.57,1976.692,5515.547,13050.67,2022.614,5723.701,12787.88,2012.767,5617.54,12784.51,1973.057,5304.335,12972.61,1984.858,5542.15,12936.91,1977.858,5652.136,12588.12,2009.544,5380.012,12985.95,1963.221,5724.448,12834.35,1969.389,5640.764,13051.13,1979.789,5616.828,12866.35,1989.36,5561.86,12914.87,2042.597,5506.426
12925.29,1983.353,5155.09,12876.13,1950.195,5733.421,12919.79,1980.544,5685.07,12778.81,1976.692,5515.746,13050.8,2022.614,5723.419,12788.08,2012.767,5617.781,12784.49,1973.057,5304.646,12972.86,1984.858,5542.33,12936.89,1977.858,5651.825,12588.34,2009.544,5380.228,12986.17,1963.221,5724.222,12834.18,1969.389,5640.501,13050.98,1979.789,5616.554,12866.6,1989.36,5562.035,12915.02,2042.597,5506.698
12925.58,1983.353,5155.386,12875.79,1950.195,5733.176,12919.53,1980.544,5685.391,12779.12,1976.692,5516.022,13050.99,2022.614,5723.044,12788.33,2012.767,5618.112,12784.48,1973.057,5305.064,12973.21,1984.858,5542.569,12936.88,1977.858,5651.409,12588.65,2009.544,5380.507,12986.46,1963.221,5723.926,12833.95,1969.389,5640.154,13050.77,1979.789,5616.193,12866.96,1989.36,5562.26,12915.23,2042.597,5507.061
12925.8,1983.353,5155.614,12875.53,1950.195,5733.001,12919.33,1980.544,5685.632,12779.38,1976.692,5516.195,13051.13,2022.614,5722.767,12788.52,2012.767,5618.364,12784.48,1973.057,5305.377,12973.46,1984.858,5542.748,12936.87,1977.858,5651.096,12588.89,2009.544,5380.709,12986.69,1963.221,5723.71,12833.77,1969.389,5639.898,13050.61,1979.789,5615.928,12867.22,1989.36,5562.421,12915.39,2042.597,5507.331
12926.06,1983.353,5155.912,12875.2,1950.195,5732.789,12919.08,1980.544,5685.94,12779.7,1976.692,5516.423,13051.32,2022.614,5722.421,12788.74,2012.767,5618.689,12784.5,1973.057,5305.772,12973.79,1984.858,5542.973,12936.84,1977.858,5650.702,12589.16,2009.544,5381,12986.98,1963.221,5723.446,12833.54,1969.389,5639.58,13050.38,1979.789,5615.601,12867.57,1989.36,5562.615,12915.59,2042.597,5507.67
12926.24,1983.353,5156.137,12874.95,1950.195,5732.641,12918.9,1980.544,5686.169,12779.94,1976.692,5516.598,13051.47,2022.614,5722.17,12788.9,2012.767,5618.933,12784.52,1973.057,5306.062,12974.03,1984.858,5543.138,12936.83,1977.858,5650.412,12589.36,2009.544,5381.208,12987.2,1963.221,5723.257,12833.36,1969.389,5639.35,13050.21,1979.789,5615.365,12867.83,1989.36,5562.75,12915.74,2042.597,5507.918
12926.47,1983.353,5156.431,12874.62,1950.195,5732.46,12918.68,1980.544,5686.463,12780.23,1976.692,5516.831,13051.66,2022.614,5721.854,12789.09,2012.767,5619.25,12784.55,1973.057,5306.431,12974.33,1984.858,5543.348,12936.81,1977.858,5650.042,12589.63,2009.544,5381.464,12987.49,1963.221,5723.023,12833.13,1969.389,5639.061,13049.99,1979.789,5615.071,12868.16,1989.36,5562.914,12915.94,2042.597,5508.232
12926.63,1983.353,5156.655,12874.38,1950.195,5732.334,12918.51,1980.544,5686.684,12780.45,1976.692,5516.992,13051.81,2022.614,5721.622,12789.23,2012.767,5619.489,12784.59,1973.057,5306.704,12974.56,1984.858,5543.503,12936.79,1977.858,5649.767,12589.84,2009.544,5381.648,12987.71,1963.221,5722.855,12832.95,1969.389,5638.85,13049.81,1979.789,5614.859,12868.41,1989.36,5563.027,12916.09,2042.597,5508.464
12926.82,1983.353,5156.938,12874.07,1950.195,5732.187,12918.31,1980.544,5686.958,12780.72,1976.692,5517.2,13052,2022.614,5721.339,12789.39,2012.767,5619.787,12784.65,1973.057,5307.04,12974.84,1984.858,5543.694,12936.77,1977.858,5649.427,12590.1,2009.544,5381.866,12987.98,1963.221,5722.655,12832.72,1969.389,5638.595,13049.58,1979.789,5614.604,12868.72,1989.36,5563.163,12916.27,2042.597,5508.749
12926.95,1983.353,5157.16,12873.83,1950.195,5732.08,12918.16,1980.544,5687.171,12780.92,1976.692,5517.367,13052.15,2022.614,5721.125,12789.52,2012.767,5620.018,12784.7,1973.057,5307.296,12975.06,1984.858,5543.84,12936.75,1977.858,5649.167,12590.3,2009.544,5382.036,12988.2,1963.221,5722.506,12832.55,1969.389,5638.402,13049.41,1979.789,5614.414,12868.96,1989.36,5563.264,12916.42,2042.597,5508.966
12927.12,1983.353,5157.445,12873.53,1950.195,5731.955,12917.97,1980.544,5687.441,12781.17,1976.692,5517.577,13052.35,2022.614,5720.86,12789.67,2012.767,5620.312,12784.77,1973.057,5307.616,12975.33,1984.858,5544.024,12936.72,1977.858,5648.838,12590.54,2009.544,5382.257,12988.47,1963.221,5722.327,12832.32,1969.389,5638.165,13049.17,1979.789,5614.182,12869.27,1989.36,5563.385,12916.61,2042.597,5509.237
12927.23,1983.353,5157.662,12873.3,1950.195,5731.868,12917.83,1980.544,5687.645,12781.37,1976.692,5517.724,13052.5,2022.614,5720.667,12789.77,2012.767,5620.533,12784.84,1973.057,5307.853,12975.53,1984.858,5544.16,12936.71,1977.858,5648.594,12590.71,2009.544,5382.435,12988.68,1963.221,5722.199,12832.15,1969.389,5637.992,13048.99,1979.789,5614.015,12869.5,1989.36,5563.472,12916.75,2042.597,5509.437
12927.36,1983.353,5157.929,12873.02,1950.195,5731.771,12917.67,1980.544,5687.894,12781.6,1976.692,5517.912,13052.68,2022.614,5720.435,12789.9,2012.767,5620.804,12784.92,1973.057,5308.138,12975.78,1984.858,5544.326,12936.68,1977.858,5648.296,12590.92,2009.544,5382.645,12988.94,1963.221,5722.05,12831.93,1969.389,5637.786,13048.77,1979.789,5613.819,12869.78,1989.36,5563.573,12916.92,2042.597,5509.679
12927.47,1983.353,5158.169,12872.77,1950.195,5731.692,12917.53,1980.544,5688.115,12781.8,1976.692,5518.084,13052.85,2022.614,5720.233,12790,2012.767,5621.045,12785.01,1973.057,5308.388,12976,1984.858,5544.471,12936.67,1977.858,5648.034,12591.1,2009.544,5382.838,12989.17,1963.221,5721.925,12831.74,1969.389,5637.608,13048.56,1979.789,5613.652,12870.03,1989.36,5563.658,12917.08,2042.597,5509.89
12927.55,1983.353,5158.362,12872.57,1950.195,5731.636,12917.41,1980.544,5688.288,12781.96,1976.692,5518.225,13052.99,2022.614,5720.076,12790.08,2012.767,5621.238,12785.08,1973.057,5308.583,12976.17,1984.858,5544.586,12936.65,1977.858,5647.827,12591.25,2009.544,5382.987,12989.36,1963.221,5721.831,12831.58,1969.389,5637.471,13048.4,1979.789,5613.526,12870.23,1989.36,5563.722,12917.21,2042.597,5510.056
12927.66,1983.353,5158.642,12872.28,1950.195,5731.563,12917.24,1980.544,5688.532,12782.17,1976.692,5518.435,13053.19,2022.614,5719.855,12790.19,2012.767,5621.516,12785.17,1973.057,5308.868,12976.43,1984.858,5544.748,12936.63,1977.858,5647.529,12591.46,2009.544,5383.194,12989.63,1963.221,5721.702,12831.35,1969.389,5637.278,13048.15,1979.789,5613.353,12870.51,1989.36,5563.808,12917.39,2042.597,5510.292
12927.72,1983.353,5158.839,12872.07,1950.195,5731.518,12917.12,1980.544,5688.7,12782.32,1976.692,5518.576,13053.34,2022.614,5719.705,12790.26,2012.767,5621.711,12785.24,1973.057,5309.064,12976.6,1984.858,5544.858,12936.62,1977.858,5647.321,12591.62,2009.544,5383.334,12989.82,1963.221,5721.618,12831.19,1969.389,5637.146,13047.98,1979.789,5613.237,12870.71,1989.36,5563.865,12917.52,2042.597,5510.454
12927.81,1983.353,5159.107,12871.8,1950.195,5731.465,12916.95,1980.544,5688.922,12782.52,1976.692,5518.772,13053.53,2022.614,5719.505,12790.35,2012.767,5621.976,12785.34,1973.057,5309.326,12976.84,1984.858,5545.004,12936.6,1977.858,5647.042,12591.82,2009.544,5383.524,12990.08,1963.221,5721.511,12830.97,1969.389,5636.975,13047.74,1979.789,5613.088,12870.98,1989.36,5563.937,12917.7,2042.597,5510.67
12927.86,1983.353,5159.321,12871.58,1950.195,5731.43,12916.81,1980.544,5689.095,12782.67,1976.692,5518.937,13053.69,2022.614,5719.351,12790.42,2012.767,5622.188,12785.43,1973.057,5309.531,12977.03,1984.858,5545.118,12936.58,1977.858,5646.821,12591.99,2009.544,5383.669,12990.28,1963.221,5721.432,12830.79,1969.389,5636.842,13047.55,1979.789,5612.977,12871.2,1989.36,5563.99,12917.84,2042.597,5510.84
12927.91,1983.353,5159.524,12871.37,1950.195,5731.402,12916.67,1980.544,5689.255,12782.79,1976.692,5519.103,13053.84,2022.614,5719.208,12790.48,2012.767,5622.387,12785.51,1973.057,5309.721,12977.21,1984.858,5545.223,12936.56,1977.858,5646.613,12592.15,2009.544,5383.805,12990.48,1963.221,5721.362,12830.62,1969.389,5636.721,13047.37,1979.789,5612.878,12871.4,1989.36,5564.037,12917.97,2042.597,5510.998
12927.96,1983.353,5159.795,12871.1,1950.195,5731.373,12916.49,1980.544,5689.463,12782.97,1976.692,5519.317,13054.05,2022.614,5719.023,12790.55,2012.767,5622.653,12785.63,1973.057,5309.971,12977.45,1984.858,5545.358,12936.54,1977.858,5646.338,12592.36,2009.544,5383.978,12990.74,1963.221,5721.277,12830.39,1969.389,5636.564,13047.12,1979.789,5612.754,12871.67,1989.36,5564.094,12918.16,2042.597,5511.205
12928,1983.353,5160.001,12870.89,1950.195,5731.356,12916.35,1980.544,5689.617,12783.1,1976.692,5519.482,13054.21,2022.614,5718.886,12790.6,2012.767,5622.855,12785.71,1973.057,5310.162,12977.64,1984.858,5545.458,12936.52,1977.858,5646.13,12592.54,2009.544,5384.086,12990.94,1963.221,5721.218,12830.22,1969.389,5636.45,13046.93,1979.789,5612.667,12871.88,1989.36,5564.133,12918.3,2042.597,5511.359
12928.03,1983.353,5160.255,12870.63,1950.195,5731.343,12916.18,1980.544,5689.803,12783.26,1976.692,5519.679,13054.4,2022.614,5718.722,12790.66,2012.767,5623.104,12785.81,1973.057,5310.397,12977.86,1984.858,5545.578,12936.5,1977.858,5645.876,12592.75,2009.544,5384.227,12991.19,1963.221,5721.152,12830,1969.389,5636.314,13046.7,1979.789,5612.568,12872.13,1989.36,5564.177,12918.47,2042.597,5511.546
12928.05,1983.353,5160.462,12870.43,1950.195,5731.337,12916.03,1980.544,5689.952,12783.4,1976.692,5519.834,13054.57,2022.614,5718.591,12790.71,2012.767,5623.308,12785.87,1973.057,5310.598,12978.05,1984.858,5545.673,12936.48,1977.858,5645.669,12592.92,2009.544,5384.347,12991.39,1963.221,5721.104,12829.82,1969.389,5636.208,13046.5,1979.789,5612.494,12872.33,1989.36,5564.209,12918.62,2042.597,5511.696
12928.07,1983.353,5160.706,12870.18,1950.195,5731.338,12915.86,1980.544,5690.122,12783.57,1976.692,5520.011,13054.76,2022.614,5718.441,12790.75,2012.767,5623.547,12785.94,1973.057,5310.831,12978.27,1984.858,5545.782,12936.45,1977.858,5645.426,12593.12,2009.544,5384.494,12991.63,1963.221,5721.053,12829.61,1969.389,5636.088,13046.27,1979.789,5612.415,12872.58,1989.36,5564.243,12918.79,2042.597,5511.87
12928.07,1983.353,5160.914,12869.97,1950.195,5731.344,12915.71,1980.544,5690.265,12783.7,1976.692,5520.17,13054.92,2022.614,5718.316,12790.79,2012.767,5623.752,12786.01,1973.057,5311.029,12978.45,1984.858,5545.872,12936.44,1977.858,5645.219,12593.28,2009.544,5384.625,12991.84,1963.221,5721.015,12829.43,1969.389,5635.989,13046.07,1979.789,5612.353,12872.78,1989.36,5564.269,12918.94,2042.597,5512.016
12928.08,1983.353,5161.122,12869.77,1950.195,5731.355,12915.55,1980.544,5690.404,12783.84,1976.692,5520.324,13055.09,2022.614,5718.193,12790.82,2012.767,5623.958,12786.08,1973.057,5311.225,12978.64,1984.858,5545.96,12936.42,1977.858,5645.012,12593.46,2009.544,5384.729,12992.04,1963.221,5720.982,12829.24,1969.389,5635.895,13045.87,1979.789,5612.298,12872.99,1989.36,5564.29,12919.09,2042.597,5512.16
12928.09,1983.353,5161.345,12869.54,1950.195,5731.373,12915.38,1980.544,5690.551,12784,1976.692,5520.484,13055.28,2022.614,5718.065,12790.85,2012.767,5624.18,12786.16,1973.057,5311.432,12978.85,1984.858,5546.051,12936.39,1977.858,5644.79,12593.65,2009.544,5384.846,12992.26,1963.221,5720.953,12829.04,1969.389,5635.797,13045.65,1979.789,5612.246,12873.21,1989.36,5564.31,12919.25,2042.597,5512.312
12928.08,1983.353,5161.553,12869.34,1950.195,5731.395,12915.22,1980.544,5690.685,12784.14,1976.692,5520.635,13055.45,2022.614,5717.949,12790.87,2012.767,5624.387,12786.24,1973.057,5311.623,12979.04,1984.858,5546.134,12936.37,1977.858,5644.582,12593.83,2009.544,5384.961,12992.47,1963.221,5720.931,12828.85,1969.389,5635.71,13045.45,1979.789,5612.204,12873.42,1989.36,5564.324,12919.41,2042.597,5512.451
12928.08,1983.353,5161.766,12869.13,1950.195,5731.422,12915.06,1980.544,5690.819,12784.29,1976.692,5520.792,13055.63,2022.614,5717.833,12790.88,2012.767,5624.598,12786.32,1973.057,5311.822,12979.23,1984.858,5546.215,12936.35,1977.858,5644.371,12594,2009.544,5385.084,12992.68,1963.221,5720.914,12828.66,1969.389,5635.626,13045.24,1979.789,5612.167,12873.63,1989.36,5564.335,12919.56,2042.597,5512.591
12928.08,1983.353,5161.974,12868.92,1950.195,5731.454,12914.89,1980.544,5690.947,12784.41,1976.692,5520.958,13055.8,2022.614,5717.721,12790.9,2012.767,5624.806,12786.39,1973.057,5312.016,12979.43,1984.858,5546.292,12936.33,1977.858,5644.164,12594.16,2009.544,5385.21,12992.89,1963.221,5720.902,12828.46,1969.389,5635.548,13045.03,1979.789,5612.139,12873.84,1989.36,5564.343,12919.72,2042.597,5512.727
12928.05,1983.353,5162.184,12868.71,1950.195,5731.492,12914.73,1980.544,5691.075,12784.54,1976.692,5521.124,13055.98,2022.614,5717.611,12790.91,2012.767,5625.018,12786.47,1973.057,5312.211,12979.62,1984.858,5546.367,12936.31,1977.858,5643.954,12594.33,2009.544,5385.343,12993.1,1963.221,5720.895,12828.27,1969.389,5635.473,13044.82,1979.789,5612.117,12874.05,1989.36,5564.347,12919.89,2042.597,5512.861
12928.03,1983.353,5162.392,12868.51,1950.195,5731.534,12914.56,1980.544,5691.197,12784.68,1976.692,5521.282,13056.16,2022.614,5717.505,12790.91,2012.767,5625.226,12786.53,1973.057,5312.411,12979.82,1984.858,5546.438,12936.29,1977.858,5643.747,12594.49,2009.544,5385.479,12993.31,1963.221,5720.894,12828.07,1969.389,5635.403,13044.62,1979.789,5612.102,12874.26,1989.36,5564.347,12920.05,2042.597,5512.992
12928.02,1983.353,5162.6,12868.3,1950.195,5731.58,12914.39,1980.544,5691.317,12784.82,1976.692,5521.436,13056.34,2022.614,5717.401,12790.91,2012.767,5625.434,12786.6,1973.057,5312.608,12980.02,1984.858,5546.506,12936.27,1977.858,5643.54,12594.64,2009.544,5385.624,12993.52,1963.221,5720.897,12827.87,1969.389,5635.338,13044.41,1979.789,5612.093,12874.47,1989.36,5564.344,12920.21,2042.597,5513.12
12928.02,1983.353,5162.808,12868.1,1950.195,5731.631,12914.22,1980.544,5691.434,12784.96,1976.692,5521.585,13056.53,2022.614,5717.3,12790.91,2012.767,5625.642,12786.67,1973.057,5312.804,12980.21,1984.858,5546.571,12936.25,1977.858,5643.333,12594.79,2009.544,5385.762,12993.73,1963.221,5720.906,12827.67,1969.389,5635.277,13044.2,1979.789,5612.092,12874.67,1989.36,5564.338,12920.38,2042.597,5513.245
12928,1983.353,5163.016,12867.9,1950.195,5731.687,12914.04,1980.544,5691.548,12785.11,1976.692,5521.729,13056.71,2022.614,5717.202,12790.9,2012.767,5625.85,12786.75,1973.057,5312.997,12980.41,1984.858,5546.633,12936.23,1977.858,5643.125,12594.95,2009.544,5385.896,12993.93,1963.221,5720.92,12827.47,1969.389,5635.22,13043.99,1979.789,5612.097,12874.88,1989.36,5564.328,12920.55,2042.597,5513.367
12927.99,1983.353,5163.224,12867.7,1950.195,5731.747,12913.87,1980.544,5691.66,12785.27,1976.692,5521.869,13056.89,2022.614,5717.106,12790.88,2012.767,5626.058,12786.84,1973.057,5313.187,12980.61,1984.858,5546.692,12936.21,1977.858,5642.918,12595.12,2009.544,5386.024,12994.14,1963.221,5720.939,12827.27,1969.389,5635.168,13043.78,1979.789,5612.109,12875.09,1989.36,5564.315,12920.72,2042.597,5513.487
12927.98,1983.353,5163.432,12867.5,1950.195,5731.811,12913.69,1980.544,5691.769,12785.42,1976.692,5522.014,13057.08,2022.614,5717.013,12790.87,2012.767,5626.266,12786.89,1973.057,5313.387,12980.81,1984.858,5546.748,12936.19,1977.858,5642.711,12595.29,2009.544,5386.135,12994.35,1963.221,5720.963,12827.07,1969.389,5635.121,13043.58,1979.789,5612.128,12875.3,1989.36,5564.298,12920.89,2042.597,5513.604
12927.98,1983.353,5163.64,12867.31,1950.195,5731.879,12913.51,1980.544,5691.875,12785.57,1976.692,5522.163,13057.27,2022.614,5716.921,12790.84,2012.767,5626.473,12786.96,1973.057,5313.585,12981.01,1984.858,5546.801,12936.18,1977.858,5642.503,12595.47,2009.544,5386.249,12994.55,1963.221,5720.992,12826.86,1969.389,5635.078,13043.37,1979.789,5612.154,12875.51,1989.36,5564.275,12921.06,2042.597,5513.719
12927.97,1983.353,5163.849,12867.11,1950.195,5731.951,12913.33,1980.544,5691.978,12785.72,1976.692,5522.308,13057.46,2022.614,5716.833,12790.82,2012.767,5626.679,12787.03,1973.057,5313.781,12981.22,1984.858,5546.85,12936.17,1977.858,5642.295,12595.64,2009.544,5386.369,12994.76,1963.221,5721.025,12826.66,1969.389,5635.039,13043.16,1979.789,5612.186,12875.71,1989.36,5564.246,12921.24,2042.597,5513.83
12927.98,1983.353,5164.057,12866.92,1950.195,5732.026,12913.15,1980.544,5692.079,12785.86,1976.692,5522.457,13057.65,2022.614,5716.746,12790.79,2012.767,5626.885,12787.1,1973.057,5313.975,12981.42,1984.858,5546.896,12936.17,1977.858,5642.086,12595.8,2009.544,5386.494,12994.96,1963.221,5721.063,12826.45,1969.389,5635.005,13042.96,1979.789,5612.225,12875.92,1989.36,5564.209,12921.42,2042.597,5513.939
12927.98,1983.353,5164.265,12866.72,1950.195,5732.105,12912.96,1980.544,5692.177,12786,1976.692,5522.612,13057.84,2022.614,5716.662,12790.75,2012.767,5627.09,12787.18,1973.057,5314.17,12981.62,1984.858,5546.938,12936.17,1977.858,5641.878,12595.97,2009.544,5386.624,12995.17,1963.221,5721.106,12826.25,1969.389,5634.976,13042.76,1979.789,5612.271,12876.12,1989.36,5564.167,12921.59,2042.597,5514.045
12927.97,1983.353,5164.473,12866.53,1950.195,5732.188,12912.78,1980.544,5692.273,12786.13,1976.692,5522.772,13058.03,2022.614,5716.579,12790.71,2012.767,5627.295,12787.24,1973.057,5314.369,12981.83,1984.858,5546.978,12936.19,1977.858,5641.67,12596.13,2009.544,5386.757,12995.37,1963.221,5721.154,12826.04,1969.389,5634.951,13042.55,1979.789,5612.323,12876.32,1989.36,5564.118,12921.78,2042.597,5514.147
12927.96,1983.353,5164.681,12866.34,1950.195,5732.273,12912.59,1980.544,5692.366,12786.27,1976.692,5522.927,13058.22,2022.614,5716.499,12790.67,2012.767,5627.499,12787.31,1973.057,5314.566,12982.03,1984.858,5547.013,12936.21,1977.858,5641.463,12596.29,2009.544,5386.891,12995.57,1963.221,5721.204,12825.83,1969.389,5634.931,13042.35,1979.789,5612.382,12876.52,1989.36,5564.062,12921.96,2042.597,5514.247
12927.96,1983.353,5164.889,12866.15,1950.195,5732.362,12912.4,1980.544,5692.457,12786.41,1976.692,5523.087,13058.41,2022.614,5716.421,12790.62,2012.767,5627.701,12787.38,1973.057,5314.76,12982.24,1984.858,5547.045,12936.23,1977.858,5641.256,12596.45,2009.544,5387.021,12995.78,1963.221,5721.255,12825.63,1969.389,5634.916,13042.16,1979.789,5612.448,12876.72,1989.36,5564,12922.14,2042.597,5514.344
12927.96,1983.353,5165.098,12865.97,1950.195,5732.454,12912.22,1980.544,5692.545,12786.54,1976.692,5523.25,13058.61,2022.614,5716.345,12790.57,2012.767,5627.903,12787.46,1973.057,5314.952,12982.45,1984.858,5547.074,12936.26,1977.858,5641.051,12596.61,2009.544,5387.149,12995.98,1963.221,5721.31,12825.42,1969.389,5634.905,13041.96,1979.789,5612.52,12876.92,1989.36,5563.933,12922.33,2042.597,5514.437
12927.95,1983.353,5165.306,12865.78,1950.195,5732.548,12912.03,1980.544,5692.631,12786.66,1976.692,5523.418,13058.8,2022.614,5716.27,12790.51,2012.767,5628.104,12787.53,1973.057,5315.149,12982.65,1984.858,5547.099,12936.3,1977.858,5640.846,12596.78,2009.544,5387.273,12996.18,1963.221,5721.366,12825.21,1969.389,5634.898,13041.77,1979.789,5612.598,12877.12,1989.36,5563.859,12922.52,2042.597,5514.527
12927.94,1983.353,5165.514,12865.6,1950.195,5732.646,12911.84,1980.544,5692.715,12786.78,1976.692,5523.589,13059,2022.614,5716.197,12790.45,2012.767,5628.303,12787.6,1973.057,5315.345,12982.86,1984.858,5547.121,12936.35,1977.858,5640.643,12596.94,2009.544,5387.403,12996.38,1963.221,5721.424,12825,1969.389,5634.896,13041.58,1979.789,5612.682,12877.31,1989.36,5563.779,12922.71,2042.597,5514.614
12927.94,1983.353,5165.722,12865.42,1950.195,5732.745,12911.64,1980.544,5692.796,12786.89,1976.692,5523.765,13059.19,2022.614,5716.126,12790.38,2012.767,5628.5,12787.66,1973.057,5315.545,12983.07,1984.858,5547.138,12936.4,1977.858,5640.441,12597.1,2009.544,5387.538,12996.58,1963.221,5721.485,12824.79,1969.389,5634.899,13041.39,1979.789,5612.772,12877.5,1989.36,5563.693,12922.9,2042.597,5514.698
12927.95,1983.353,5165.93,12865.23,1950.195,5732.847,12911.45,1980.544,5692.875,12787,1976.692,5523.943,13059.39,2022.614,5716.057,12790.32,2012.767,5628.697,12787.72,1973.057,5315.744,12983.27,1984.858,5547.152,12936.46,1977.858,5640.242,12597.26,2009.544,5387.667,12996.77,1963.221,5721.548,12824.59,1969.389,5634.907,13041.2,1979.789,5612.869,12877.68,1989.36,5563.602,12923.09,2042.597,5514.778
12927.94,1983.353,5166.138,12865.05,1950.195,5732.951,12911.26,1980.544,5692.953,12787.1,1976.692,5524.125,13059.58,2022.614,5715.99,12790.24,2012.767,5628.893,12787.79,1973.057,5315.941,12983.48,1984.858,5547.163,12936.53,1977.858,5640.044,12597.42,2009.544,5387.802,12996.97,1963.221,5721.613,12824.38,1969.389,5634.918,13041.02,1979.789,5612.972,12877.87,1989.36,5563.504,12923.28,2042.597,5514.855
12927.93,1983.353,5166.346,12864.87,1950.195,5733.058,12911.06,1980.544,5693.027,12787.2,1976.692,5524.311,13059.78,2022.614,5715.924,12790.17,2012.767,5629.086,12787.84,1973.057,5316.143,12983.69,1984.858,5547.169,12936.6,1977.858,5639.849,12597.57,2009.544,5387.952,12997.17,1963.221,5721.68,12824.17,1969.389,5634.935,13040.84,1979.789,5613.08,12878.05,1989.36,5563.402,12923.48,2042.597,5514.929
12927.91,1983.353,5166.554,12864.7,1950.195,5733.166,12910.87,1980.544,5693.1,12787.29,1976.692,5524.499,13059.98,2022.614,5715.859,12790.09,2012.767,5629.278,12787.9,1973.057,5316.343,12983.9,1984.858,5547.171,12936.68,1977.858,5639.656,12597.72,2009.544,5388.097,12997.37,1963.221,5721.749,12823.96,1969.389,5634.956,13040.67,1979.789,5613.194,12878.23,1989.36,5563.294,12923.67,2042.597,5514.999
12927.9,1983.353,5166.762,12864.52,1950.195,5733.276,12910.67,1980.544,5693.17,12787.37,1976.692,5524.689,13060.18,2022.614,5715.796,12790,2012.767,5629.469,12787.96,1973.057,5316.541,12984.11,1984.858,5547.17,12936.76,1977.858,5639.465,12597.87,2009.544,5388.237,12997.56,1963.221,5721.819,12823.76,1969.389,5634.981,13040.5,1979.789,5613.314,12878.4,1989.36,5563.181,12923.87,2042.597,5515.065
12927.88,1983.353,5166.969,12864.34,1950.195,5733.388,12910.48,1980.544,5693.239,12787.45,1976.692,5524.883,13060.38,2022.614,5715.735,12789.92,2012.767,5629.658,12788.04,1973.057,5316.736,12984.31,1984.858,5547.166,12936.85,1977.858,5639.278,12598.02,2009.544,5388.382,12997.76,1963.221,5721.892,12823.55,1969.389,5635.011,13040.33,1979.789,5613.439,12878.58,1989.36,5563.063,12924.07,2042.597,5515.128
12927.86,1983.353,5167.177,12864.17,1950.195,5733.501,12910.28,1980.544,5693.305,12787.52,1976.692,5525.079,13060.58,2022.614,5715.675,12789.82,2012.767,5629.845,12788.1,1973.057,5316.935,12984.52,1984.858,5547.157,12936.95,1977.858,5639.093,12598.17,2009.544,5388.532,12997.95,1963.221,5721.967,12823.34,1969.389,5635.045,13040.17,1979.789,5613.57,12878.74,1989.36,5562.939,12924.27,2042.597,5515.188
12927.85,1983.353,5167.385,12864,1950.195,5733.616,12910.08,1980.544,5693.37,12787.58,1976.692,5525.277,13060.78,2022.614,5715.616,12789.73,2012.767,5630.03,12788.17,1973.057,5317.131,12984.73,1984.858,5547.144,12937.05,1977.858,5638.912,12598.32,2009.544,5388.676,12998.14,1963.221,5722.043,12823.14,1969.389,5635.084,13040.01,1979.789,5613.706,12878.91,1989.36,5562.812,12924.47,2042.597,5515.243
12927.85,1983.353,5167.594,12863.82,1950.195,5733.732,12909.88,1980.544,5693.432,12787.64,1976.692,5525.477,13060.98,2022.614,5715.558,12789.63,2012.767,5630.213,12788.22,1973.057,5317.333,12984.94,1984.858,5547.127,12937.16,1977.858,5638.733,12598.47,2009.544,5388.821,12998.34,1963.221,5722.122,12822.94,1969.389,5635.127,13039.86,1979.789,5613.847,12879.07,1989.36,5562.679,12924.67,2042.597,5515.295
12927.85,1983.353,5167.802,12863.65,1950.195,5733.85,12909.68,1980.544,5693.493,12787.69,1976.692,5525.679,13061.18,2022.614,5715.501,12789.53,2012.767,5630.394,12788.28,1973.057,5317.532,12985.15,1984.858,5547.107,12937.28,1977.858,5638.559,12598.61,2009.544,5388.97,12998.53,1963.221,5722.203,12822.73,1969.389,5635.174,13039.71,1979.789,5613.993,12879.23,1989.36,5562.543,12924.87,2042.597,5515.344
12927.84,1983.353,5168.01,12863.48,1950.195,5733.969,12909.48,1980.544,5693.551,12787.74,1976.692,5525.882,13061.38,2022.614,5715.446,12789.42,2012.767,5630.573,12788.35,1973.057,5317.729,12985.35,1984.858,5547.083,12937.39,1977.858,5638.388,12598.76,2009.544,5389.115,12998.72,1963.221,5722.285,12822.53,1969.389,5635.226,13039.57,1979.789,5614.144,12879.38,1989.36,5562.402,12925.08,2042.597,5515.389
12927.82,1983.353,5168.218,12863.31,1950.195,5734.089,12909.28,1980.544,5693.608,12787.78,1976.692,5526.086,13061.58,2022.614,5715.392,12789.31,2012.767,5630.75,12788.42,1973.057,5317.925,12985.56,1984.858,5547.054,12937.52,1977.858,5638.221,12598.92,2009.544,5389.254,12998.91,1963.221,5722.37,12822.33,1969.389,5635.281,13039.43,1979.789,5614.299,12879.53,1989.36,5562.258,12925.28,2042.597,5515.43
12927.8,1983.353,5168.426,12863.14,1950.195,5734.21,12909.08,1980.544,5693.663,12787.81,1976.692,5526.292,13061.78,2022.614,5715.339,12789.2,2012.767,5630.926,12788.5,1973.057,5318.118,12985.76,1984.858,5547.022,12937.65,1977.858,5638.059,12599.07,2009.544,5389.395,12999.1,1963.221,5722.456,12822.13,1969.389,5635.341,13039.3,1979.789,5614.459,12879.68,1989.36,5562.11,12925.49,2042.597,5515.467
12927.8,1983.353,5168.634,12862.97,1950.195,5734.333,12908.88,1980.544,5693.715,12787.83,1976.692,5526.5,13061.98,2022.614,5715.287,12789.08,2012.767,5631.099,12788.58,1973.057,5318.309,12985.97,1984.858,5546.986,12937.78,1977.858,5637.9,12599.22,2009.544,5389.541,12999.29,1963.221,5722.543,12821.93,1969.389,5635.405,13039.17,1979.789,5614.623,12879.82,1989.36,5561.958,12925.69,2042.597,5515.5
12927.8,1983.353,5168.842,12862.8,1950.195,5734.457,12908.68,1980.544,5693.767,12787.85,1976.692,5526.707,13062.18,2022.614,5715.235,12788.96,2012.767,5631.27,12788.65,1973.057,5318.507,12986.17,1984.858,5546.946,12937.92,1977.858,5637.746,12599.37,2009.544,5389.681,12999.48,1963.221,5722.633,12821.74,1969.389,5635.473,13039.05,1979.789,5614.791,12879.96,1989.36,5561.804,12925.9,2042.597,5515.53
12927.81,1983.353,5169.05,12862.64,1950.195,5734.581,12908.48,1980.544,5693.816,12787.86,1976.692,5526.915,13062.39,2022.614,5715.185,12788.84,2012.767,5631.438,12788.72,1973.057,5318.702,12986.38,1984.858,5546.902,12938.07,1977.858,5637.596,12599.52,2009.544,5389.831,12999.66,1963.221,5722.724,12821.54,1969.389,5635.545,13038.93,1979.789,5614.963,12880.09,1989.36,5561.646,12926.1,2042.597,5515.556
12927.82,1983.353,5169.258,12862.47,1950.195,5734.707,12908.27,1980.544,5693.863,12787.87,1976.692,5527.124,13062.59,2022.614,5715.136,12788.72,2012.767,5631.604,12788.8,1973.057,5318.895,12986.58,1984.858,5546.854,12938.22,1977.858,5637.451,12599.67,2009.544,5389.975,12999.85,1963.221,5722.817,12821.35,1969.389,5635.621,13038.82,1979.789,5615.139,12880.23,1989.36,5561.486,12926.31,2042.597,5515.578
12927.83,1983.353,5169.466,12862.31,1950.195,5734.833,12908.07,1980.544,5693.909,12787.87,1976.692,5527.332,13062.79,2022.614,5715.087,12788.59,2012.767,5631.769,12788.88,1973.057,5319.085,12986.78,1984.858,5546.803,12938.37,1977.858,5637.311,12599.82,2009.544,5390.118,13000.04,1963.221,5722.912,12821.15,1969.389,5635.7,13038.71,1979.789,5615.318,12880.36,1989.36,5561.323,12926.52,2042.597,5515.596
12927.84,1983.353,5169.674,12862.14,1950.195,5734.96,12907.87,1980.544,5693.953,12787.86,1976.692,5527.54,13062.99,2022.614,5715.039,12788.46,2012.767,5631.93,12788.95,1973.057,5319.283,12986.98,1984.858,5546.748,12938.53,1977.858,5637.176,12599.98,2009.544,5390.255,13000.22,1963.221,5723.008,12820.96,1969.389,5635.784,13038.61,1979.789,5615.501,12880.48,1989.36,5561.158,12926.73,2042.597,5515.61
12927.85,1983.353,5169.882,12861.98,1950.195,5735.088,12907.66,1980.544,5693.996,12787.84,1976.692,5527.748,13063.2,2022.614,5714.992,12788.32,2012.767,5632.09,12789.02,1973.057,5319.479,12987.18,1984.858,5546.689,12938.7,1977.858,5637.046,12600.14,2009.544,5390.387,13000.4,1963.221,5723.106,12820.77,1969.389,5635.871,13038.52,1979.789,5615.687,12880.61,1989.36,5560.991,12926.93,2042.597,5515.621
12927.84,1983.353,5170.09,12861.81,1950.195,5735.217,12907.46,1980.544,5694.036,12787.82,1976.692,5527.955,13063.4,2022.614,5714.946,12788.19,2012.767,5632.247,12789.1,1973.057,5319.672,12987.38,1984.858,5546.626,12938.86,1977.858,5636.922,12600.31,2009.544,5390.504,13000.59,1963.221,5723.206,12820.59,1969.389,5635.962,13038.43,1979.789,5615.876,12880.73,1989.36,5560.822,12927.14,2042.597,5515.628
12927.83,1983.353,5170.298,12861.65,1950.195,5735.347,12907.25,1980.544,5694.075,12787.79,1976.692,5528.162,13063.6,2022.614,5714.9,12788.05,2012.767,5632.402,12789.18,1973.057,5319.863,12987.58,1984.858,5546.56,12939.03,1977.858,5636.803,12600.49,2009.544,5390.618,13000.77,1963.221,5723.307,12820.4,1969.389,5636.057,13038.35,1979.789,5616.068,12880.85,1989.36,5560.652,12927.35,2042.597,5515.631
12927.83,1983.353,5170.507,12861.49,1950.195,5735.477,12907.05,1980.544,5694.113,12787.76,1976.692,5528.367,13063.81,2022.614,5714.855,12787.91,2012.767,5632.554,12789.27,1973.057,5320.053,12987.78,1984.858,5546.49,12939.21,1977.858,5636.689,12600.66,2009.544,5390.737,13000.95,1963.221,5723.41,12820.22,1969.389,5636.155,13038.27,1979.789,5616.262,12880.97,1989.36,5560.48,12927.56,2042.597,5515.63
12927.84,1983.353,5170.715,12861.33,1950.195,5735.608,12906.84,1980.544,5694.148,12787.72,1976.692,5528.571,13064.01,2022.614,5714.811,12787.76,2012.767,5632.704,12789.35,1973.057,5320.246,12987.97,1984.858,5546.417,12939.39,1977.858,5636.581,12600.84,2009.544,5390.842,13001.13,1963.221,5723.514,12820.04,1969.389,5636.257,13038.2,1979.789,5616.459,12881.08,1989.36,5560.307,12927.77,2042.597,5515.625
12927.85,1983.353,5170.923,12861.17,1950.195,5735.739,12906.64,1980.544,5694.188,12787.67,1976.692,5528.774,13064.21,2022.614,5714.767,12787.61,2012.767,5632.852,12789.4,1973.057,5320.448,12988.16,1984.858,5546.339,12939.57,1977.858,5636.478,12601.01,2009.544,5390.952,13001.31,1963.221,5723.622,12819.86,1969.389,5636.362,13038.14,1979.789,5616.658,12881.2,1989.36,5560.132,12927.97,2042.597,5515.616
12927.87,1983.353,5171.13,12861,1950.195,5735.872,12906.44,1980.544,5694.231,12787.61,1976.692,5528.975,13064.42,2022.614,5714.723,12787.46,2012.767,5632.997,12789.46,1973.057,5320.648,12988.36,1984.858,5546.259,12939.75,1977.858,5636.38,12601.19,2009.544,5391.068,13001.49,1963.221,5723.732,12819.68,1969.389,5636.47,13038.09,1979.789,5616.858,12881.31,1989.36,5559.957,12928.18,2042.597,5515.604
12927.88,1983.353,5171.338,12860.84,1950.195,5736.004,12906.23,1980.544,5694.277,12787.55,1976.692,5529.174,13064.62,2022.614,5714.68,12787.31,2012.767,5633.139,12789.52,1973.057,5320.846,12988.55,1984.858,5546.175,12939.94,1977.858,5636.289,12601.36,2009.544,5391.19,13001.66,1963.221,5723.847,12819.5,1969.389,5636.581,13038.04,1979.789,5617.061,12881.42,1989.36,5559.78,12928.39,2042.597,5515.587
12927.89,1983.353,5171.546,12860.68,1950.195,5736.138,12906.03,1980.544,5694.327,12787.48,1976.692,5529.371,13064.83,2022.614,5714.638,12787.16,2012.767,5633.279,12789.58,1973.057,5321.047,12988.73,1984.858,5546.087,12940.13,1977.858,5636.202,12601.53,2009.544,5391.304,13001.83,1963.221,5723.964,12819.33,1969.389,5636.694,13037.99,1979.789,5617.265,12881.53,1989.36,5559.602,12928.6,2042.597,5515.566
12927.89,1983.353,5171.755,12860.52,1950.195,5736.271,12905.83,1980.544,5694.38,12787.41,1976.692,5529.566,13065.03,2022.614,5714.596,12787,2012.767,5633.417,12789.64,1973.057,5321.246,12988.92,1984.858,5545.997,12940.32,1977.858,5636.119,12601.7,2009.544,5391.423,13002,1963.221,5724.084,12819.15,1969.389,5636.81,13037.96,1979.789,5617.47,12881.63,1989.36,5559.422,12928.8,2042.597,5515.542
12927.89,1983.353,5171.963,12860.37,1950.195,5736.406,12905.63,1980.544,5694.436,12787.33,1976.692,5529.758,13065.23,2022.614,5714.554,12786.84,2012.767,5633.552,12789.71,1973.057,5321.443,12989.11,1984.858,5545.902,12940.51,1977.858,5636.04,12601.88,2009.544,5391.532,13002.17,1963.221,5724.208,12818.98,1969.389,5636.928,13037.93,1979.789,5617.676,12881.74,1989.36,5559.241,12929.01,2042.597,5515.515
12927.88,1983.353,5172.171,12860.21,1950.195,5736.541,12905.43,1980.544,5694.496,12787.24,1976.692,5529.947,13065.44,2022.614,5714.513,12786.68,2012.767,5633.685,12789.78,1973.057,5321.638,12989.29,1984.858,5545.805,12940.71,1977.858,5635.965,12602.05,2009.544,5391.647,13002.33,1963.221,5724.336,12818.81,1969.389,5637.049,13037.91,1979.789,5617.883,12881.84,1989.36,5559.059,12929.22,2042.597,5515.483
12927.87,1983.353,5172.38,12860.05,1950.195,5736.676,12905.23,1980.544,5694.559,12787.15,1976.692,5530.134,13065.64,2022.614,5714.472,12786.52,2012.767,5633.815,12789.86,1973.057,5321.83,12989.47,1984.858,5545.704,12940.9,1977.858,5635.895,12602.22,2009.544,5391.765,13002.5,1963.221,5724.466,12818.64,1969.389,5637.172,13037.89,1979.789,5618.091,12881.93,1989.36,5558.875,12929.42,2042.597,5515.447
12927.87,1983.353,5172.588,12859.89,1950.195,5736.812,12905.04,1980.544,5694.625,12787.05,1976.692,5530.317,13065.85,2022.614,5714.431,12786.36,2012.767,5633.943,12789.95,1973.057,5322.019,12989.65,1984.858,5545.6,12941.1,1977.858,5635.828,12602.39,2009.544,5391.889,13002.65,1963.221,5724.6,12818.48,1969.389,5637.297,13037.88,1979.789,5618.299,12882.03,1989.36,5558.69,12929.63,2042.597,5515.408
12927.85,1983.353,5172.795,12859.73,1950.195,5736.948,12904.84,1980.544,5694.694,12786.94,1976.692,5530.498,13066.05,2022.614,5714.391,12786.19,2012.767,5634.068,12790.05,1973.057,5322.198,12989.83,1984.858,5545.493,12941.3,1977.858,5635.766,12602.56,2009.544,5392.018,13002.81,1963.221,5724.737,12818.31,1969.389,5637.425,13037.88,1979.789,5618.507,12882.12,1989.36,5558.504,12929.83,2042.597,5515.365
12927.84,1983.353,5173.003,12859.58,1950.195,5737.084,12904.64,1980.544,5694.766,12786.85,1976.692,5530.681,13066.25,2022.614,5714.351,12786.02,2012.767,5634.191,12790.16,1973.057,5322.381,12990.01,1984.858,5545.383,12941.5,1977.858,5635.708,12602.74,2009.544,5392.123,13002.97,1963.221,5724.877,12818.15,1969.389,5637.556,13037.88,1979.789,5618.716,12882.21,1989.36,5558.315,12930.03,2042.597,5515.318
12927.83,1983.353,5173.211,12859.42,1950.195,5737.221,12904.45,1980.544,5694.841,12786.75,1976.692,5530.868,13066.46,2022.614,5714.311,12785.85,2012.767,5634.311,12790.25,1973.057,5322.567,12990.18,1984.858,5545.271,12941.7,1977.858,5635.655,12602.91,2009.544,5392.233,13003.12,1963.221,5725.021,12817.99,1969.389,5637.688,13037.9,1979.789,5618.924,12882.29,1989.36,5558.123,12930.23,2042.597,5515.268
12927.83,1983.353,5173.419,12859.26,1950.195,5737.358,12904.26,1980.544,5694.919,12786.67,1976.692,5531.057,13066.66,2022.614,5714.271,12785.68,2012.767,5634.429,12790.34,1973.057,5322.756,12990.36,1984.858,5545.155,12941.9,1977.858,5635.606,12603.08,2009.544,5392.35,13003.26,1963.221,5725.168,12817.83,1969.389,5637.824,13037.91,1979.789,5619.131,12882.37,1989.36,5557.929,12930.44,2042.597,5515.214
12927.83,1983.353,5173.628,12859.11,1950.195,5737.496,12904.06,1980.544,5695,12786.59,1976.692,5531.25,13066.87,2022.614,5714.231,12785.51,2012.767,5634.544,12790.42,1973.057,5322.947,12990.53,1984.858,5545.036,12942.11,1977.858,5635.561,12603.25,2009.544,5392.472,13003.41,1963.221,5725.318,12817.68,1969.389,5637.961,13037.94,1979.789,5619.338,12882.44,1989.36,5557.733,12930.64,2042.597,5515.156
12927.82,1983.353,5173.836,12858.95,1950.195,5737.634,12903.87,1980.544,5695.084,12786.51,1976.692,5531.444,13067.07,2022.614,5714.191,12785.33,2012.767,5634.657,12790.51,1973.057,5323.136,12990.7,1984.858,5544.915,12942.31,1977.858,5635.521,12603.42,2009.544,5392.591,13003.55,1963.221,5725.471,12817.52,1969.389,5638.102,13037.97,1979.789,5619.544,12882.5,1989.36,5557.535,12930.83,2042.597,5515.095
12927.82,1983.353,5174.044,12858.79,1950.195,5737.772,12903.68,1980.544,5695.171,12786.44,1976.692,5531.642,13067.27,2022.614,5714.152,12785.16,2012.767,5634.767,12790.59,1973.057,5323.328,12990.86,1984.858,5544.791,12942.52,1977.858,5635.484,12603.59,2009.544,5392.716,13003.69,1963.221,5725.627,12817.37,1969.389,5638.244,13038.01,1979.789,5619.749,12882.56,1989.36,5557.334,12931.03,2042.597,5515.031
12927.82,1983.353,5174.253,12858.64,1950.195,5737.911,12903.5,1980.544,5695.261,12786.38,1976.692,5531.841,13067.48,2022.614,5714.112,12784.98,2012.767,5634.875,12790.68,1973.057,5323.517,12991.03,1984.858,5544.665,12942.72,1977.858,5635.452,12603.75,2009.544,5392.846,13003.82,1963.221,5725.787,12817.22,1969.389,5638.389,13038.05,1979.789,5619.952,12882.61,1989.36,5557.133,12931.23,2042.597,5514.962
12927.83,1983.353,5174.461,12858.48,1950.195,5738.05,12903.31,1980.544,5695.354,12786.33,1976.692,5532.042,13067.68,2022.614,5714.073,12784.8,2012.767,5634.98,12790.79,1973.057,5323.692,12991.19,1984.858,5544.536,12942.93,1977.858,5635.424,12603.93,2009.544,5392.964,13003.95,1963.221,5725.949,12817.08,1969.389,5638.537,13038.11,1979.789,5620.154,12882.66,1989.36,5556.93,12931.43,2042.597,5514.891
12927.84,1983.353,5174.761,12858.26,1950.195,5738.251,12903.04,1980.544,5695.491,12786.26,1976.692,5532.334,13067.98,2022.614,5714.017,12784.54,2012.767,5635.129,12790.94,1973.057,5323.951,12991.42,1984.858,5544.346,12943.23,1977.858,5635.39,12604.18,2009.544,5393.124,13004.13,1963.221,5726.187,12816.87,1969.389,5638.752,13038.19,1979.789,5620.442,12882.72,1989.36,5556.635,12931.71,2042.597,5514.783
12927.85,1983.353,5174.969,12858.11,1950.195,5738.391,12902.86,1980.544,5695.589,12786.22,1976.692,5532.538,13068.18,2022.614,5713.978,12784.36,2012.767,5635.229,12791.04,1973.057,5324.133,12991.58,1984.858,5544.212,12943.43,1977.858,5635.371,12604.36,2009.544,5393.229,13004.26,1963.221,5726.354,12816.73,1969.389,5638.905,13038.25,1979.789,5620.64,12882.75,1989.36,5556.43,12931.9,2042.597,5514.704
12927.86,1983.353,5175.233,12857.91,1950.195,5738.568,12902.63,1980.544,5695.716,12786.17,1976.692,5532.799,13068.44,2022.614,5713.928,12784.12,2012.767,5635.354,12791.16,1973.057,5324.369,12991.78,1984.858,5544.04,12943.69,1977.858,5635.337,12604.58,2009.544,5393.371,13004.41,1963.221,5726.571,12816.55,1969.389,5639.101,13038.35,1979.789,5620.888,12882.79,1989.36,5556.168,12932.14,2042.597,5514.601
12927.87,1983.353,5175.441,12857.76,1950.195,5738.708,12902.45,1980.544,5695.819,12786.15,1976.692,5533.005,13068.65,2022.614,5713.889,12783.94,2012.767,5635.451,12791.25,1973.057,5324.558,12991.94,1984.858,5543.901,12943.9,1977.858,5635.304,12604.76,2009.544,5393.488,13004.52,1963.221,5726.745,12816.41,1969.389,5639.258,13038.42,1979.789,5621.082,12882.81,1989.36,5555.961,12932.33,2042.597,5514.516
12927.9,1983.353,5175.681,12857.58,1950.195,5738.873,12902.24,1980.544,5695.942,12786.12,1976.692,5533.248,13068.88,2022.614,5713.843,12783.72,2012.767,5635.56,12791.34,1973.057,5324.781,12992.12,1984.858,5543.737,12944.14,1977.858,5635.257,12604.95,2009.544,5393.632,13004.65,1963.221,5726.95,12816.26,1969.389,5639.444,13038.52,1979.789,5621.304,12882.84,1989.36,5555.72,12932.55,2042.597,5514.413
12927.93,1983.353,5175.888,12857.42,1950.195,5739.013,12902.06,1980.544,5696.05,12786.11,1976.692,5533.456,13069.09,2022.614,5713.803,12783.53,2012.767,5635.651,12791.43,1973.057,5324.969,12992.27,1984.858,5543.595,12944.34,1977.858,5635.211,12605.12,2009.544,5393.75,13004.76,1963.221,5727.129,12816.13,1969.389,5639.606,13038.61,1979.789,5621.492,12882.85,1989.36,5555.512,12932.74,2042.597,5514.321
12927.95,1983.353,5176.095,12857.27,1950.195,5739.154,12901.88,1980.544,5696.161,12786.1,1976.692,5533.664,13069.29,2022.614,5713.764,12783.35,2012.767,5635.74,12791.53,1973.057,5325.154,12992.42,1984.858,5543.45,12944.54,1977.858,5635.158,12605.3,2009.544,5393.863,13004.86,1963.221,5727.31,12816,1969.389,5639.77,13038.71,1979.789,5621.677,12882.86,1989.36,5555.304,12932.93,2042.597,5514.227
12927.99,1983.353,5176.299,12857.12,1950.195,5739.295,12901.71,1980.544,5696.273,12786.08,1976.692,5533.872,13069.5,2022.614,5713.724,12783.16,2012.767,5635.827,12791.62,1973.057,5325.341,12992.57,1984.858,5543.304,12944.74,1977.858,5635.098,12605.47,2009.544,5393.982,13004.96,1963.221,5727.494,12815.87,1969.389,5639.937,13038.81,1979.789,5621.858,12882.88,1989.36,5555.097,12933.11,2042.597,5514.129
12928.03,1983.353,5176.504,12856.96,1950.195,5739.437,12901.54,1980.544,5696.388,12786.06,1976.692,5534.079,13069.7,2022.614,5713.685,12782.97,2012.767,5635.911,12791.71,1973.057,5325.532,12992.71,1984.858,5543.155,12944.94,1977.858,5635.032,12605.65,2009.544,5394.094,13005.06,1963.221,5727.68,12815.75,1969.389,5640.105,13038.92,1979.789,5622.037,12882.9,1989.36,5554.89,12933.29,2042.597,5514.028
12928.07,1983.353,5176.708,12856.81,1950.195,5739.579,12901.36,1980.544,5696.504,12786.04,1976.692,5534.285,13069.9,2022.614,5713.645,12782.77,2012.767,5635.993,12791.79,1973.057,5325.723,12992.86,1984.858,5543.005,12945.13,1977.858,5634.959,12605.82,2009.544,5394.212,13005.15,1963.221,5727.868,12815.63,1969.389,5640.276,13039.03,1979.789,5622.211,12882.93,1989.36,5554.683,12933.47,2042.597,5513.925
12928.11,1983.353,5176.913,12856.66,1950.195,5739.721,12901.19,1980.544,5696.624,12786,1976.692,5534.491,13070.11,2022.614,5713.604,12782.58,2012.767,5636.073,12791.87,1973.057,5325.916,12993,1984.858,5542.853,12945.33,1977.858,5634.88,12605.99,2009.544,5394.327,13005.23,1963.221,5728.058,12815.52,1969.389,5640.449,13039.15,1979.789,5622.381,12882.96,1989.36,5554.477,12933.65,2042.597,5513.818
12928.14,1983.353,5177.118,12856.51,1950.195,5739.863,12901.02,1980.544,5696.745,12785.96,1976.692,5534.695,13070.31,2022.614,5713.564,12782.39,2012.767,5636.15,12791.93,1973.057,5326.115,12993.14,1984.858,5542.699,12945.52,1977.858,5634.795,12606.16,2009.544,5394.447,13005.31,1963.221,5728.25,12815.4,1969.389,5640.624,13039.28,1979.789,5622.548,12882.99,1989.36,5554.271,12933.83,2042.597,5513.709
12928.17,1983.353,5177.325,12856.36,1950.195,5740.005,12900.85,1980.544,5696.868,12785.91,1976.692,5534.897,13070.52,2022.614,5713.523,12782.19,2012.767,5636.226,12791.99,1973.057,5326.313,12993.28,1984.858,5542.544,12945.71,1977.858,5634.704,12606.33,2009.544,5394.566,13005.39,1963.221,5728.444,12815.29,1969.389,5640.801,13039.41,1979.789,5622.71,12883.03,1989.36,5554.067,12934,2042.597,5513.597
12928.19,1983.353,5177.532,12856.2,1950.195,5740.147,12900.69,1980.544,5696.993,12785.86,1976.692,5535.099,13070.72,2022.614,5713.483,12782,2012.767,5636.299,12792.06,1973.057,5326.508,12993.42,1984.858,5542.387,12945.89,1977.858,5634.607,12606.5,2009.544,5394.69,13005.46,1963.221,5728.64,12815.19,1969.389,5640.98,13039.54,1979.789,5622.869,12883.07,1989.36,5553.863,12934.18,2042.597,5513.481
12928.2,1983.353,5177.74,12856.05,1950.195,5740.29,12900.52,1980.544,5697.12,12785.8,1976.692,5535.298,13070.92,2022.614,5713.442,12781.8,2012.767,5636.37,12792.14,1973.057,5326.701,12993.55,1984.858,5542.229,12946.07,1977.858,5634.503,12606.66,2009.544,5394.819,13005.52,1963.221,5728.837,12815.08,1969.389,5641.161,13039.68,1979.789,5623.022,12883.12,1989.36,5553.661,12934.35,2042.597,5513.364
12928.21,1983.353,5177.948,12855.9,1950.195,5740.433,12900.36,1980.544,5697.249,12785.73,1976.692,5535.495,13071.13,2022.614,5713.401,12781.61,2012.767,5636.438,12792.22,1973.057,5326.895,12993.69,1984.858,5542.069,12946.25,1977.858,5634.394,12606.83,2009.544,5394.937,13005.59,1963.221,5729.037,12814.98,1969.389,5641.344,13039.83,1979.789,5623.171,12883.17,1989.36,5553.459,12934.52,2042.597,5513.243
12928.24,1983.353,5178.155,12855.75,1950.195,5740.576,12900.2,1980.544,5697.379,12785.66,1976.692,5535.69,13071.33,2022.614,5713.359,12781.41,2012.767,5636.504,12792.3,1973.057,5327.086,12993.82,1984.858,5541.908,12946.42,1977.858,5634.279,12607,2009.544,5395.059,13005.64,1963.221,5729.237,12814.89,1969.389,5641.529,13039.98,1979.789,5623.315,12883.23,1989.36,5553.259,12934.69,2042.597,5513.12
12928.26,1983.353,5178.362,12855.6,1950.195,5740.719,12900.04,1980.544,5697.512,12785.58,1976.692,5535.882,13071.54,2022.614,5713.317,12781.21,2012.767,5636.569,12792.37,1973.057,5327.283,12993.95,1984.858,5541.746,12946.59,1977.858,5634.159,12607.17,2009.544,5395.187,13005.69,1963.221,5729.439,12814.8,1969.389,5641.716,13040.14,1979.789,5623.455,12883.29,1989.36,5553.06,12934.85,2042.597,5512.994
12928.27,1983.353,5178.57,12855.45,1950.195,5740.862,12899.88,1980.544,5697.646,12785.5,1976.692,5536.077,13071.74,2022.614,5713.275,12781.01,2012.767,5636.631,12792.44,1973.057,5327.478,12994.08,1984.858,5541.582,12946.76,1977.858,5634.033,12607.33,2009.544,5395.32,13005.74,1963.221,5729.642,12814.71,1969.389,5641.905,13040.29,1979.789,5623.588,12883.35,1989.36,5552.86,12935.02,2042.597,5512.866
12928.28,1983.353,5178.778,12855.29,1950.195,5741.005,12899.72,1980.544,5697.783,12785.44,1976.692,5536.274,13071.95,2022.614,5713.233,12780.81,2012.767,5636.691,12792.51,1973.057,5327.674,12994.2,1984.858,5541.417,12946.92,1977.858,5633.901,12607.48,2009.544,5395.459,13005.78,1963.221,5729.846,12814.62,1969.389,5642.095,13040.46,1979.789,5623.717,12883.41,1989.36,5552.659,12935.18,2042.597,5512.735
12928.29,1983.353,5178.986,12855.14,1950.195,5741.149,12899.56,1980.544,5697.92,12785.38,1976.692,5536.474,13072.15,2022.614,5713.19,12780.61,2012.767,5636.749,12792.59,1973.057,5327.869,12994.33,1984.858,5541.25,12947.08,1977.858,5633.765,12607.64,2009.544,5395.592,13005.82,1963.221,5730.051,12814.54,1969.389,5642.287,13040.63,1979.789,5623.84,12883.46,1989.36,5552.457,12935.34,2042.597,5512.602
12928.3,1983.353,5179.194,12854.99,1950.195,5741.292,12899.41,1980.544,5698.06,12785.32,1976.692,5536.675,13072.35,2022.614,5713.147,12780.41,2012.767,5636.804,12792.67,1973.057,5328.061,12994.45,1984.858,5541.083,12947.23,1977.858,5633.623,12607.81,2009.544,5395.709,13005.85,1963.221,5730.257,12814.46,1969.389,5642.48,13040.8,1979.789,5623.958,12883.5,1989.36,5552.254,12935.5,2042.597,5512.466
12928.32,1983.353,5179.402,12854.84,1950.195,5741.436,12899.26,1980.544,5698.201,12785.27,1976.692,5536.877,13072.56,2022.614,5713.104,12780.21,2012.767,5636.858,12792.76,1973.057,5328.25,12994.57,1984.858,5540.914,12947.38,1977.858,5633.477,12607.98,2009.544,5395.832,13005.88,1963.221,5730.464,12814.39,1969.389,5642.675,13040.97,1979.789,5624.07,12883.54,1989.36,5552.05,12935.66,2042.597,5512.328
12928.35,1983.353,5179.608,12854.69,1950.195,5741.58,12899.1,1980.544,5698.344,12785.23,1976.692,5537.082,13072.76,2022.614,5713.061,12780.01,2012.767,5636.91,12792.84,1973.057,5328.441,12994.7,1984.858,5540.745,12947.52,1977.858,5633.325,12608.15,2009.544,5395.96,13005.9,1963.221,5730.671,12814.32,1969.389,5642.872,13041.14,1979.789,5624.19,12883.58,1989.36,5551.845,12935.81,2042.597,5512.188
12928.38,1983.353,5179.814,12854.54,1950.195,5741.724,12898.95,1980.544,5698.488,12785.2,1976.692,5537.287,13072.96,2022.614,5713.017,12779.81,2012.767,5636.959,12792.93,1973.057,5328.63,12994.81,1984.858,5540.574,12947.66,1977.858,5633.169,12608.31,2009.544,5396.09,13005.91,1963.221,5730.878,12814.26,1969.389,5643.069,13041.31,1979.789,5624.314,12883.62,1989.36,5551.64,12935.96,2042.597,5512.046
12928.42,1983.353,5180.018,12854.39,1950.195,5741.868,12898.81,1980.544,5698.634,12785.17,1976.692,5537.494,13073.17,2022.614,5712.972,12779.6,2012.767,5637.006,12793.03,1973.057,5328.811,12994.93,1984.858,5540.403,12947.79,1977.858,5633.009,12608.48,2009.544,5396.21,13005.92,1963.221,5731.086,12814.2,1969.389,5643.269,13041.48,1979.789,5624.434,12883.65,1989.36,5551.434,12936.11,2042.597,5511.901
12928.46,1983.353,5180.222,12854.24,1950.195,5742.012,12898.66,1980.544,5698.782,12785.15,1976.692,5537.701,13073.37,2022.614,5712.927,12779.4,2012.767,5637.052,12793.14,1973.057,5328.992,12995.05,1984.858,5540.23,12947.92,1977.858,5632.845,12608.64,2009.544,5396.335,13005.93,1963.221,5731.294,12814.14,1969.389,5643.469,13041.65,1979.789,5624.555,12883.67,1989.36,5551.227,12936.26,2042.597,5511.755
12928.5,1983.353,5180.427,12854.09,1950.195,5742.156,12898.51,1980.544,5698.931,12785.14,1976.692,5537.909,13073.57,2022.614,5712.882,12779.2,2012.767,5637.095,12793.23,1973.057,5329.177,12995.16,1984.858,5540.057,12948.04,1977.858,5632.676,12608.82,2009.544,5396.455,13005.93,1963.221,5731.503,12814.09,1969.389,5643.67,13041.83,1979.789,5624.67,12883.69,1989.36,5551.02,12936.41,2042.597,5511.606
12928.53,1983.353,5180.633,12853.94,1950.195,5742.3,12898.37,1980.544,5699.081,12785.13,1976.692,5538.117,13073.78,2022.614,5712.837,12778.99,2012.767,5637.137,12793.33,1973.057,5329.359,12995.28,1984.858,5539.883,12948.16,1977.858,5632.504,12608.98,2009.544,5396.58,13005.93,1963.221,5731.711,12814.04,1969.389,5643.873,13042,1979.789,5624.78,12883.71,1989.36,5550.813,12936.55,2042.597,5511.456
12928.56,1983.353,5180.84,12853.79,1950.195,5742.445,12898.23,1980.544,5699.233,12785.13,1976.692,5538.326,13073.98,2022.614,5712.791,12778.79,2012.767,5637.176,12793.43,1973.057,5329.545,12995.39,1984.858,5539.708,12948.27,1977.858,5632.328,12609.14,2009.544,5396.71,13005.92,1963.221,5731.919,12813.99,1969.389,5644.077,13042.18,1979.789,5624.884,12883.72,1989.36,5550.604,12936.69,2042.597,5511.304
12928.61,1983.353,5181.231,12853.51,1950.195,5742.718,12897.96,1980.544,5699.523,12785.13,1976.692,5538.72,13074.36,2022.614,5712.703,12778.4,2012.767,5637.247,12793.61,1973.057,5329.892,12995.6,1984.858,5539.375,12948.47,1977.858,5631.987,12609.45,2009.544,5396.965,13005.89,1963.221,5732.312,12813.92,1969.389,5644.463,13042.53,1979.789,5625.071,12883.73,1989.36,5550.21,12936.96,2042.597,5511.012
12928.65,1983.353,5181.526,12853.29,1950.195,5742.925,12897.76,1980.544,5699.744,12785.13,1976.692,5539.018,13074.65,2022.614,5712.636,12778.11,2012.767,5637.298,12793.75,1973.057,5330.159,12995.76,1984.858,5539.122,12948.61,1977.858,5631.726,12609.67,2009.544,5397.166,13005.86,1963.221,5732.608,12813.86,1969.389,5644.757,13042.79,1979.789,5625.211,12883.74,1989.36,5549.913,12937.15,2042.597,5510.789
12928.72,1983.353,5182.064,12852.9,1950.195,5743.301,12897.4,1980.544,5700.151,12785.12,1976.692,5539.561,13075.18,2022.614,5712.513,12777.57,2012.767,5637.385,12794.05,1973.057,5330.609,12996.04,1984.858,5538.66,12948.86,1977.858,5631.24,12610.08,2009.544,5397.518,13005.79,1963.221,5733.147,12813.78,1969.389,5645.293,13043.27,1979.789,5625.475,12883.73,1989.36,5549.37,12937.51,2042.597,5510.377
12928.77,1983.353,5182.573,12852.53,1950.195,5743.656,12897.07,1980.544,5700.537,12785.1,1976.692,5540.071,13075.68,2022.614,5712.396,12777.07,2012.767,5637.462,12794.33,1973.057,5331.04,12996.31,1984.858,5538.223,12949.07,1977.858,5630.776,12610.48,2009.544,5397.837,13005.72,1963.221,5733.653,12813.71,1969.389,5645.8,13043.71,1979.789,5625.722,12883.73,1989.36,5548.859,12937.84,2042.597,5509.986
12928.82,1983.353,5182.942,12852.26,1950.195,5743.915,12896.83,1980.544,5700.821,12785.07,1976.692,5540.443,13076.04,2022.614,5712.31,12776.7,2012.767,5637.515,12794.52,1973.057,5331.361,12996.5,1984.858,5537.903,12949.21,1977.858,5630.432,12610.78,2009.544,5398.061,13005.66,1963.221,5734.021,12813.67,1969.389,5646.171,13044.04,1979.789,5625.904,12883.74,1989.36,5548.486,12938.07,2042.597,5509.697
12928.93,1983.353,5183.816,12851.63,1950.195,5744.525,12896.26,1980.544,5701.497,12784.97,1976.692,5541.317,13076.9,2022.614,5712.104,12775.83,2012.767,5637.63,12794.94,1973.057,5332.132,12996.97,1984.858,5537.159,12949.53,1977.858,5629.61,12611.47,2009.544,5398.606,13005.49,1963.221,5734.884,12813.59,1969.389,5647.047,13044.82,1979.789,5626.309,12883.78,1989.36,5547.607,12938.62,2042.597,5509.009
12929.03,1983.353,5184.303,12851.27,1950.195,5744.871,12895.96,1980.544,5701.889,12784.9,1976.692,5541.81,13077.38,2022.614,5711.985,12775.33,2012.767,5637.69,12795.17,1973.057,5332.576,12997.25,1984.858,5536.745,12949.69,1977.858,5629.14,12611.85,2009.544,5398.927,13005.38,1963.221,5735.371,12813.55,1969.389,5647.542,13045.27,1979.789,5626.524,12883.81,1989.36,5547.11,12938.93,2042.597,5508.616
12929.18,1983.353,5185.11,12850.68,1950.195,5745.44,12895.47,1980.544,5702.549,12784.75,1976.692,5542.617,13078.18,2022.614,5711.789,12774.52,2012.767,5637.781,12795.62,1973.057,5333.261,12997.72,1984.858,5536.073,12949.94,1977.858,5628.356,12612.4,2009.544,5399.531,13005.19,1963.221,5736.167,12813.46,1969.389,5648.358,13046.02,1979.789,5626.853,12883.88,1989.36,5546.293,12939.42,2042.597,5507.963
12929.28,1983.353,5185.774,12850.2,1950.195,5745.906,12895.08,1980.544,5703.101,12784.62,1976.692,5543.274,13078.83,2022.614,5711.625,12773.85,2012.767,5637.848,12795.97,1973.057,5333.833,12998.11,1984.858,5535.534,12950.11,1977.858,5627.709,12612.87,2009.544,5400.009,13005.01,1963.221,5736.814,12813.39,1969.389,5649.024,13046.64,1979.789,5627.102,12883.94,1989.36,5545.625,12939.82,2042.597,5507.424
12929.47,1983.353,5186.694,12849.52,1950.195,5746.558,12894.57,1980.544,5703.89,12784.39,1976.692,5544.188,13079.74,2022.614,5711.393,12772.91,2012.767,5637.932,12796.43,1973.057,5334.651,12998.69,1984.858,5534.791,12950.33,1977.858,5626.794,12613.56,2009.544,5400.658,13004.74,1963.221,5737.716,12813.27,1969.389,5649.958,13047.53,1979.789,5627.422,12884.02,1989.36,5544.688,12940.37,2042.597,5506.662
12929.61,1983.353,5187.432,12848.98,1950.195,5747.078,12894.18,1980.544,5704.53,12784.19,1976.692,5544.91,13080.47,2022.614,5711.223,12772.16,2012.767,5637.991,12796.78,1973.057,5335.315,12999.17,1984.858,5534.209,12950.49,1977.858,5626.059,12614.06,2009.544,5401.209,13004.51,1963.221,5738.43,12813.18,1969.389,5650.702,13048.24,1979.789,5627.656,12884.06,1989.36,5543.938,12940.81,2042.597,5506.049
12929.76,1983.353,5188.462,12848.23,1950.195,5747.799,12893.66,1980.544,5705.435,12783.87,1976.692,5545.904,13081.49,2022.614,5711.016,12771.12,2012.767,5638.061,12797.33,1973.057,5336.2,12999.84,1984.858,5533.418,12950.66,1977.858,5625.032,12614.8,2009.544,5401.95,13004.17,1963.221,5739.414,12813.04,1969.389,5651.734,13049.24,1979.789,5627.951,12884.1,1989.36,5542.897,12941.4,2042.597,5505.192
12929.9,1983.353,5189.282,12847.63,1950.195,5748.375,12893.27,1980.544,5706.168,12783.61,1976.692,5546.693,13082.31,2022.614,5710.875,12770.3,2012.767,5638.13,12797.77,1973.057,5336.907,13000.4,1984.858,5532.801,12950.78,1977.858,5624.208,12615.4,2009.544,5402.522,13003.88,1963.221,5740.194,12812.92,1969.389,5652.557,13050.04,1979.789,5628.162,12884.1,1989.36,5542.066,12941.86,2042.597,5504.503
12930.05,1983.353,5190.418,12846.8,1950.195,5749.166,12892.77,1980.544,5707.195,12783.24,1976.692,5547.775,13083.44,2022.614,5710.715,12769.16,2012.767,5638.246,12798.34,1973.057,5337.9,13001.19,1984.858,5531.968,12950.9,1977.858,5623.069,12616.26,2009.544,5403.283,13003.45,1963.221,5741.255,12812.75,1969.389,5653.688,13051.16,1979.789,5628.42,12884.09,1989.36,5540.921,12942.49,2042.597,5503.547
12930.22,1983.353,5191.31,12846.15,1950.195,5749.792,12892.39,1980.544,5708.021,12782.93,1976.692,5548.628,13084.35,2022.614,5710.614,12768.25,2012.767,5638.352,12798.77,1973.057,5338.702,13001.82,1984.858,5531.324,12951.02,1977.858,5622.17,12616.91,2009.544,5403.908,13003.08,1963.221,5742.085,12812.6,1969.389,5654.584,13052.05,1979.789,5628.599,12884.05,1989.36,5540.015,12942.99,2042.597,5502.785
12930.43,1983.353,5192.546,12845.24,1950.195,5750.655,12891.9,1980.544,5709.176,12782.49,1976.692,5549.801,13085.6,2022.614,5710.511,12767.01,2012.767,5638.517,12799.32,1973.057,5339.827,13002.73,1984.858,5530.455,12951.23,1977.858,5620.934,12617.81,2009.544,5404.784,13002.54,1963.221,5743.215,12812.4,1969.389,5655.821,13053.28,1979.789,5628.812,12883.97,1989.36,5538.764,12943.66,2042.597,5501.725
12930.65,1983.353,5193.515,12844.51,1950.195,5751.338,12891.54,1980.544,5710.104,12782.13,1976.692,5550.727,13086.59,2022.614,5710.458,12766.03,2012.767,5638.663,12799.84,1973.057,5340.674,13003.46,1984.858,5529.782,12951.44,1977.858,5619.96,12618.49,2009.544,5405.513,13002.08,1963.221,5744.097,12812.23,1969.389,5656.8,13054.27,1979.789,5628.952,12883.89,1989.36,5537.773,12944.18,2042.597,5500.878
12930.91,1983.353,5194.795,12843.57,1950.195,5752.232,12891.11,1980.544,5711.334,12781.63,1976.692,5551.934,13087.89,2022.614,5710.427,12764.74,2012.767,5638.873,12800.49,1973.057,5341.806,13004.44,1984.858,5528.924,12951.74,1977.858,5618.692,12619.41,2009.544,5406.438,13001.45,1963.221,5745.238,12812,1969.389,5658.083,13055.56,1979.789,5629.1,12883.74,1989.36,5536.477,12944.85,2042.597,5499.762
12931.08,1983.353,5195.843,12842.79,1950.195,5752.957,12890.79,1980.544,5712.346,12781.22,1976.692,5552.911,13088.95,2022.614,5710.432,12763.7,2012.767,5639.058,12800.99,1973.057,5342.744,13005.26,1984.858,5528.245,12952.02,1977.858,5617.668,12620.18,2009.544,5407.167,13000.91,1963.221,5746.153,12811.8,1969.389,5659.126,13056.62,1979.789,5629.189,12883.59,1989.36,5535.426,12945.39,2042.597,5498.849
12931.27,1983.353,5197.221,12841.77,1950.195,5753.903,12890.41,1980.544,5713.685,12780.65,1976.692,5554.184,13090.35,2022.614,5710.479,12762.33,2012.767,5639.318,12801.71,1973.057,5343.934,13006.35,1984.858,5527.379,12952.44,1977.858,5616.339,12621.22,2009.544,5408.088,13000.17,1963.221,5747.333,12811.53,1969.389,5660.492,13058.01,1979.789,5629.268,12883.36,1989.36,5534.053,12946.09,2042.597,5497.645
12931.5,1983.353,5198.321,12840.95,1950.195,5754.664,12890.13,1980.544,5714.774,12780.19,1976.692,5555.204,13091.47,2022.614,5710.55,12761.23,2012.767,5639.542,12802.26,1973.057,5344.913,13007.24,1984.858,5526.703,12952.81,1977.858,5615.279,12621.95,2009.544,5408.941,12999.55,1963.221,5748.269,12811.31,1969.389,5661.592,13059.13,1979.789,5629.298,12883.15,1989.36,5532.95,12946.64,2042.597,5496.668
12931.77,1983.353,5199.793,12839.87,1950.195,5755.708,12889.81,1980.544,5716.237,12779.54,1976.692,5556.555,13092.96,2022.614,5710.688,12759.77,2012.767,5639.858,12802.95,1973.057,5346.241,13008.46,1984.858,5525.829,12953.34,1977.858,5613.88,12622.96,2009.544,5410.047,12998.69,1963.221,5749.494,12810.98,1969.389,5663.052,13060.63,1979.789,5629.296,12882.83,1989.36,5531.487,12947.37,2042.597,5495.36
12932.02,1983.353,5201.41,12838.73,1950.195,5756.877,12889.51,1980.544,5717.845,12778.82,1976.692,5558.02,13094.58,2022.614,5710.884,12758.17,2012.767,5640.221,12803.86,1973.057,5347.606,13009.81,1984.858,5524.905,12953.98,1977.858,5612.372,12624.1,2009.544,5411.218,12997.71,1963.221,5750.808,12810.57,1969.389,5664.637,13062.26,1979.789,5629.246,12882.44,1989.36,5529.899,12948.15,2042.597,5493.923
12932.12,1983.353,5201.951,12838.35,1950.195,5757.279,12889.43,1980.544,5718.387,12778.56,1976.692,5558.508,13095.12,2022.614,5710.965,12757.64,2012.767,5640.348,12804.14,1973.057,5348.074,13010.27,1984.858,5524.606,12954.21,1977.858,5611.873,12624.5,2009.544,5411.598,12997.37,1963.221,5751.238,12810.42,1969.389,5665.165,13062.81,1979.789,5629.213,12882.29,1989.36,5529.37,12948.41,2042.597,5493.439
12932.43,1983.353,5204.298,12836.78,1950.195,5759.051,12889.13,1980.544,5720.737,12777.45,1976.692,5560.598,13097.46,2022.614,5711.383,12755.34,2012.767,5640.92,12805.32,1973.057,5350.13,13012.29,1984.858,5523.364,12955.26,1977.858,5609.754,12626.25,2009.544,5413.187,12995.86,1963.221,5753.058,12809.72,1969.389,5667.426,13065.17,1979.789,5629.003,12881.61,1989.36,5527.104,12949.5,2042.597,5491.341
12932.55,1983.353,5205.44,12836.04,1950.195,5759.928,12889.03,1980.544,5721.881,12776.9,1976.692,5561.603,13098.58,2022.614,5711.618,12754.23,2012.767,5641.207,12805.89,1973.057,5351.127,13013.28,1984.858,5522.784,12955.81,1977.858,5608.743,12627.13,2009.544,5413.93,12995.09,1963.221,5753.916,12809.35,1969.389,5668.514,13066.31,1979.789,5628.868,12881.25,1989.36,5526.015,12950.03,2042.597,5490.319
12932.72,1983.353,5206.239,12835.53,1950.195,5760.563,12888.98,1980.544,5722.695,12776.49,1976.692,5562.311,13099.37,2022.614,5711.808,12753.44,2012.767,5641.417,12806.33,1973.057,5351.815,13013.99,1984.858,5522.389,12956.22,1977.858,5608.038,12627.68,2009.544,5414.53,12994.53,1963.221,5754.508,12809.07,1969.389,5669.279,13067.12,1979.789,5628.748,12880.97,1989.36,5525.248,12950.39,2042.597,5489.59
12933.09,1983.353,5208.329,12834.23,1950.195,5762.242,12888.91,1980.544,5724.816,12775.41,1976.692,5564.136,13101.42,2022.614,5712.358,12751.4,2012.767,5641.981,12807.41,1973.057,5353.642,13015.87,1984.858,5521.406,12957.35,1977.858,5606.24,12629.16,2009.544,5416.052,12993.02,1963.221,5755.999,12808.28,1969.389,5671.248,13069.21,1979.789,5628.375,12880.19,1989.36,5523.274,12951.33,2042.597,5487.688
12933.25,1983.353,5209.44,12833.57,1950.195,5763.145,12888.91,1980.544,5725.939,12774.83,1976.692,5565.093,13102.5,2022.614,5712.68,12750.32,2012.767,5642.287,12807.95,1973.057,5354.625,13016.88,1984.858,5520.91,12957.97,1977.858,5605.309,12629.97,2009.544,5416.831,12992.2,1963.221,5756.761,12807.83,1969.389,5672.278,13070.3,1979.789,5628.146,12879.75,1989.36,5522.241,12951.82,2042.597,5486.677
12933.47,1983.353,5211.212,12832.54,1950.195,5764.603,12888.97,1980.544,5727.725,12773.87,1976.692,5566.601,13104.22,2022.614,5713.136,12748.6,2012.767,5642.784,12808.75,1973.057,5356.22,13018.5,1984.858,5520.157,12959.02,1977.858,5603.858,12631.26,2009.544,5418.065,12990.85,1963.221,5757.931,12807.08,1969.389,5673.896,13072.04,1979.789,5627.723,12879.01,1989.36,5520.617,12952.58,2042.597,5485.063
12933.81,1983.353,5212.545,12831.76,1950.195,5765.738,12889.05,1980.544,5729.096,12773.12,1976.692,5567.749,13105.56,2022.614,5713.443,12747.29,2012.767,5643.174,12809.47,1973.057,5357.393,13019.75,1984.858,5519.608,12959.86,1977.858,5602.771,12632.29,2009.544,5418.98,12989.84,1963.221,5758.864,12806.46,1969.389,5675.124,13073.36,1979.789,5627.354,12878.4,1989.36,5519.384,12953.16,2042.597,5483.818
12934.18,1983.353,5214.292,12830.78,1950.195,5767.233,12889.22,1980.544,5730.875,12772.11,1976.692,5569.228,13107.32,2022.614,5713.786,12745.58,2012.767,5643.69,12810.44,1973.057,5358.897,13021.41,1984.858,5518.933,12960.99,1977.858,5601.39,12633.51,2009.544,5420.287,12988.57,1963.221,5760.121,12805.61,1969.389,5676.698,13075.07,1979.789,5626.818,12877.57,1989.36,5517.802,12953.91,2042.597,5482.193
12934.44,1983.353,5215.691,12830.02,1950.195,5768.435,12889.39,1980.544,5732.286,12771.29,1976.692,5570.391,13108.72,2022.614,5714.012,12744.22,2012.767,5644.106,12811.17,1973.057,5360.117,13022.74,1984.858,5518.426,12961.93,1977.858,5600.321,12634.43,2009.544,5421.37,12987.59,1963.221,5761.153,12804.96,1969.389,5677.959,13076.41,1979.789,5626.348,12876.87,1989.36,5516.563,12954.49,2042.597,5480.896
12934.71,1983.353,5217.504,12829.07,1950.195,5769.998,12889.67,1980.544,5734.098,12770.22,1976.692,5571.873,13110.54,2022.614,5714.245,12742.47,2012.767,5644.65,12812.05,1973.057,5361.72,13024.46,1984.858,5517.814,12963.18,1977.858,5598.982,12635.66,2009.544,5422.726,12986.37,1963.221,5762.523,12804.14,1969.389,5679.598,13078.12,1979.789,5625.686,12875.99,1989.36,5514.955,12955.19,2042.597,5479.205
12934.92,1983.353,5219.378,12828.11,1950.195,5771.621,12890.01,1980.544,5735.953,12769.08,1976.692,5573.38,13112.42,2022.614,5714.422,12740.67,2012.767,5645.215,12812.98,1973.057,5363.364,13026.26,1984.858,5517.226,12964.51,1977.858,5597.646,12636.97,2009.544,5424.08,12985.17,1963.221,5763.975,12803.32,1969.389,5681.298,13079.86,1979.789,5624.947,12875.11,1989.36,5513.289,12955.87,2042.597,5477.445
12934.97,1983.353,5219.979,12827.81,1950.195,5772.144,12890.14,1980.544,5736.542,12768.71,1976.692,5573.855,13113.02,2022.614,5714.459,12740.09,2012.767,5645.397,12813.3,1973.057,5363.875,13026.83,1984.858,5517.051,12964.95,1977.858,5597.232,12637.41,2009.544,5424.499,12984.8,1963.221,5764.451,12803.07,1969.389,5681.847,13080.4,1979.789,5624.693,12874.84,1989.36,5512.748,12956.07,2042.597,5476.877
12935.2,1983.353,5221.967,12826.83,1950.195,5773.89,12890.62,1980.544,5738.484,12767.46,1976.692,5575.414,13115.02,2022.614,5714.518,12738.19,2012.767,5646.006,12814.3,1973.057,5365.604,13028.76,1984.858,5516.517,12966.45,1977.858,5595.91,12638.89,2009.544,5425.84,12983.62,1963.221,5766.07,12802.28,1969.389,5683.682,13082.19,1979.789,5623.791,12874.03,1989.36,5510.922,12956.7,2042.597,5474.976
12935.31,1983.353,5223.343,12826.17,1950.195,5775.102,12890.96,1980.544,5739.824,12766.58,1976.692,5576.476,13116.4,2022.614,5714.512,12736.88,2012.767,5646.428,12814.98,1973.057,5366.81,13030.08,1984.858,5516.106,12967.52,1977.858,5595.032,12639.94,2009.544,5426.732,12982.85,1963.221,5767.214,12801.76,1969.389,5684.96,13083.4,1979.789,5623.128,12873.5,1989.36,5509.644,12957.17,2042.597,5473.677
12935.23,1983.353,5224.889,12825.45,1950.195,5776.468,12891.33,1980.544,5741.324,12765.57,1976.692,5577.648,13117.95,2022.614,5714.456,12735.4,2012.767,5646.903,12815.74,1973.057,5368.161,13031.54,1984.858,5515.601,12968.75,1977.858,5594.087,12641.16,2009.544,5427.693,12982.02,1963.221,5768.523,12801.2,1969.389,5686.405,13084.73,1979.789,5622.341,12872.96,1989.36,5508.193,12957.74,2042.597,5472.24
12935.21,1983.353,5225.949,12824.96,1950.195,5777.407,12891.6,1980.544,5742.351,12764.86,1976.692,5578.439,13119,2022.614,5714.382,12734.39,2012.767,5647.229,12816.22,1973.057,5369.102,13032.53,1984.858,5515.21,12969.61,1977.858,5593.468,12642.03,2009.544,5428.298,12981.49,1963.221,5769.437,12800.84,1969.389,5687.402,13085.63,1979.789,5621.773,12872.63,1989.36,5507.188,12958.17,2042.597,5471.27
12935.23,1983.353,5227.628,12824.19,1950.195,5778.901,12892.02,1980.544,5743.976,12763.72,1976.692,5579.672,13120.68,2022.614,5714.211,12732.8,2012.767,5647.747,12817.16,1973.057,5370.493,13034.08,1984.858,5514.561,12971,1977.858,5592.532,12643.38,2009.544,5429.3,12980.68,1963.221,5770.911,12800.32,1969.389,5688.996,13087.02,1979.789,5620.826,12872.14,1989.36,5505.579,12958.83,2042.597,5469.726
12935.3,1983.353,5229.104,12823.53,1950.195,5780.218,12892.39,1980.544,5745.402,12762.7,1976.692,5580.738,13122.14,2022.614,5714.018,12731.39,2012.767,5648.202,12817.95,1973.057,5371.742,13035.45,1984.858,5514.034,12972.25,1977.858,5591.75,12644.53,2009.544,5430.22,12980.02,1963.221,5772.229,12799.89,1969.389,5690.408,13088.21,1979.789,5619.959,12871.77,1989.36,5504.151,12959.45,2042.597,5468.388
12935.26,1983.353,5230.118,12823.08,1950.195,5781.127,12892.66,1980.544,5746.383,12761.99,1976.692,5581.459,13123.14,2022.614,5713.854,12730.43,2012.767,5648.514,12818.46,1973.057,5372.619,13036.41,1984.858,5513.702,12973.13,1977.858,5591.24,12645.32,2009.544,5430.856,12979.59,1963.221,5773.151,12799.62,1969.389,5691.387,13089.01,1979.789,5619.339,12871.54,1989.36,5503.163,12959.89,2042.597,5467.473
12935.24,1983.353,5232.121,12822.19,1950.195,5782.923,12893.19,1980.544,5748.314,12760.55,1976.692,5582.854,13125.11,2022.614,5713.472,12728.52,2012.767,5649.129,12819.42,1973.057,5374.379,13038.33,1984.858,5513.107,12974.9,1977.858,5590.292,12646.84,2009.544,5432.163,12978.8,1963.221,5774.994,12799.13,1969.389,5693.33,13090.56,1979.789,5618.069,12871.14,1989.36,5501.2,12960.78,2042.597,5465.678
12935.27,1983.353,5233.138,12821.75,1950.195,5783.837,12893.46,1980.544,5749.293,12759.81,1976.692,5583.548,13126.1,2022.614,5713.248,12727.56,2012.767,5649.441,12819.91,1973.057,5375.271,13039.31,1984.858,5512.837,12975.81,1977.858,5589.84,12647.63,2009.544,5432.807,12978.44,1963.221,5775.942,12798.91,1969.389,5694.323,13091.33,1979.789,5617.401,12870.96,1989.36,5500.198,12961.24,2042.597,5464.772
12935.4,1983.353,5235.35,12820.78,1950.195,5785.832,12894.07,1980.544,5751.423,12758.16,1976.692,5585.029,13128.25,2022.614,5712.695,12725.45,2012.767,5650.117,12820.91,1973.057,5377.248,13041.45,1984.858,5512.278,12977.82,1977.858,5588.921,12649.3,2009.544,5434.262,12977.7,1963.221,5778.032,12798.5,1969.389,5696.5,13092.96,1979.789,5615.897,12870.65,1989.36,5498.005,12962.27,2042.597,5462.81
12935.5,1983.353,5236.395,12820.33,1950.195,5786.777,12894.36,1980.544,5752.429,12757.37,1976.692,5585.715,13129.25,2022.614,5712.402,12724.45,2012.767,5650.435,12821.35,1973.057,5378.198,13042.46,1984.858,5511.981,12978.79,1977.858,5588.518,12650.11,2009.544,5434.924,12977.38,1963.221,5779.033,12798.33,1969.389,5697.535,13093.71,1979.789,5615.163,12870.53,1989.36,5496.963,12962.77,2042.597,5461.888
12935.5,1983.353,5237.79,12819.73,1950.195,5788.035,12894.76,1980.544,5753.765,12756.3,1976.692,5586.606,13130.58,2022.614,5711.972,12723.12,2012.767,5650.855,12821.74,1973.057,5379.538,13043.78,1984.858,5511.542,12980.1,1977.858,5588.022,12651.17,2009.544,5435.84,12977.01,1963.221,5780.375,12798.15,1969.389,5698.917,13094.67,1979.789,5614.157,12870.41,1989.36,5495.573,12963.45,2042.597,5460.671
12935.54,1983.353,5239.089,12819.17,1950.195,5789.208,12895.14,1980.544,5755.008,12755.28,1976.692,5587.417,13131.8,2022.614,5711.533,12721.88,2012.767,5651.245,12822.15,1973.057,5380.773,13045,1984.858,5511.094,12981.33,1977.858,5587.601,12652.07,2009.544,5436.772,12976.7,1963.221,5781.638,12798.01,1969.389,5700.211,13095.54,1979.789,5613.192,12870.34,1989.36,5494.274,12964.1,2042.597,5459.546
12935.56,1983.353,5240.085,12818.74,1950.195,5790.106,12895.44,1980.544,5755.957,12754.49,1976.692,5588.021,13132.73,2022.614,5711.169,12720.94,2012.767,5651.568,12822.49,1973.057,5381.709,13045.92,1984.858,5510.72,12982.28,1977.858,5587.308,12652.72,2009.544,5437.529,12976.49,1963.221,5782.612,12797.88,1969.389,5701.198,13096.19,1979.789,5612.434,12870.32,1989.36,5493.279,12964.62,2042.597,5458.693
12935.63,1983.353,5241.593,12818.09,1950.195,5791.468,12895.91,1980.544,5757.392,12753.27,1976.692,5588.913,13134.12,2022.614,5710.574,12719.52,2012.767,5652.096,12823.05,1973.057,5383.109,13047.3,1984.858,5510.109,12983.73,1977.858,5586.912,12653.74,2009.544,5438.645,12976.22,1963.221,5784.097,12797.64,1969.389,5702.688,13097.13,1979.789,5611.255,12870.32,1989.36,5491.77,12965.41,2042.597,5457.411
12935.72,1983.353,5242.778,12817.58,1950.195,5792.54,12896.29,1980.544,5758.519,12752.3,1976.692,5589.594,13135.2,2022.614,5710.072,12718.42,2012.767,5652.541,12823.51,1973.057,5384.207,13048.38,1984.858,5509.592,12984.89,1977.858,5586.638,12654.56,2009.544,5439.498,12976.05,1963.221,5785.273,12797.42,1969.389,5703.856,13097.85,1979.789,5610.304,12870.36,1989.36,5490.582,12966.05,2042.597,5456.411
12935.81,1983.353,5243.56,12817.24,1950.195,5793.25,12896.54,1980.544,5759.262,12751.64,1976.692,5590.03,13135.9,2022.614,5709.718,12717.7,2012.767,5652.854,12823.82,1973.057,5384.93,13049.09,1984.858,5509.27,12985.66,1977.858,5586.481,12655.13,2009.544,5440.044,12975.96,1963.221,5786.055,12797.25,1969.389,5704.625,13098.3,1979.789,5609.661,12870.41,1989.36,5489.796,12966.49,2042.597,5455.755
12936.04,1983.353,5245.15,12816.54,1950.195,5794.697,12897.08,1980.544,5760.775,12750.29,1976.692,5590.892,13137.31,2022.614,5708.952,12716.24,2012.767,5653.53,12824.46,1973.057,5386.404,13050.58,1984.858,5508.649,12987.25,1977.858,5586.213,12656.32,2009.544,5441.123,12975.83,1963.221,5787.656,12796.86,1969.389,5706.183,13099.18,1979.789,5608.319,12870.55,1989.36,5488.196,12967.39,2042.597,5454.428
12936.13,1983.353,5245.943,12816.2,1950.195,5795.417,12897.36,1980.544,5761.524,12749.6,1976.692,5591.305,13138,2022.614,5708.549,12715.53,2012.767,5653.884,12824.77,1973.057,5387.136,13051.32,1984.858,5508.361,12988.04,1977.858,5586.105,12656.88,2009.544,5441.692,12975.79,1963.221,5788.454,12796.65,1969.389,5706.951,13099.6,1979.789,5607.64,12870.64,1989.36,5487.403,12967.85,2042.597,5453.775
12936.31,1983.353,5247.126,12815.68,1950.195,5796.492,12897.78,1980.544,5762.642,12748.57,1976.692,5591.899,13139.01,2022.614,5707.916,12714.47,2012.767,5654.44,12825.24,1973.057,5388.235,13052.45,1984.858,5507.96,12989.23,1977.858,5585.983,12657.75,2009.544,5442.517,12975.76,1963.221,5789.649,12796.29,1969.389,5708.091,13100.2,1979.789,5606.604,12870.81,1989.36,5486.22,12968.55,2042.597,5452.808
12936.49,1983.353,5247.995,12815.29,1950.195,5797.29,12898.1,1980.544,5763.467,12747.79,1976.692,5592.322,13139.75,2022.614,5707.423,12713.69,2012.767,5654.872,12825.6,1973.057,5389.047,13053.29,1984.858,5507.686,12990.11,1977.858,5585.921,12658.4,2009.544,5443.121,12975.78,1963.221,5790.536,12795.99,1969.389,5708.929,13100.62,1979.789,5605.821,12870.95,1989.36,5485.345,12969.08,2042.597,5452.098
12936.68,1983.353,5249.098,12814.8,1950.195,5798.296,12898.52,1980.544,5764.504,12746.79,1976.692,5592.832,13140.66,2022.614,5706.772,12712.73,2012.767,5655.439,12826.08,1973.057,5390.057,13054.36,1984.858,5507.369,12991.23,1977.858,5585.828,12659.24,2009.544,5443.855,12975.83,1963.221,5791.654,12795.59,1969.389,5709.974,13101.11,1979.789,5604.818,12871.17,1989.36,5484.247,12969.77,2042.597,5451.212
12936.99,1983.353,5250.104,12814.34,1950.195,5799.242,12898.93,1980.544,5765.475,12745.84,1976.692,5593.289,13141.5,2022.614,5706.134,12711.83,2012.767,5655.994,12826.57,1973.057,5390.992,13055.38,1984.858,5507.099,12992.28,1977.858,5585.754,12660.06,2009.544,5444.52,12975.91,1963.221,5792.705,12795.19,1969.389,5710.946,13101.55,1979.789,5603.86,12871.41,1989.36,5483.22,12970.42,2042.597,5450.389
12937.17,1983.353,5250.783,12814.03,1950.195,5799.873,12899.21,1980.544,5766.119,12745.2,1976.692,5593.578,13142.05,2022.614,5705.691,12711.24,2012.767,5656.378,12826.92,1973.057,5391.605,13056.05,1984.858,5506.898,12992.98,1977.858,5585.729,12660.59,2009.544,5444.981,12975.99,1963.221,5793.404,12794.9,1969.389,5711.586,13101.86,1979.789,5603.229,12871.59,1989.36,5482.54,12970.87,2042.597,5449.847
12937.42,1983.353,5251.804,12813.57,1950.195,5800.813,12899.65,1980.544,5767.074,12744.24,1976.692,5593.985,13142.84,2022.614,5705.006,12710.38,2012.767,5656.971,12827.46,1973.057,5392.502,13057.05,1984.858,5506.571,12994.03,1977.858,5585.724,12661.34,2009.544,5445.714,12976.14,1963.221,5794.442,12794.43,1969.389,5712.527,13102.34,1979.789,5602.298,12871.89,1989.36,5481.535,12971.55,2042.597,5449.049
12937.6,1983.353,5252.707,12813.16,1950.195,5801.637,12900.04,1980.544,5767.908,12743.38,1976.692,5594.321,13143.52,2022.614,5704.383,12709.63,2012.767,5657.508,12827.96,1973.057,5393.273,13057.92,1984.858,5506.258,12994.95,1977.858,5585.75,12661.99,2009.544,5446.364,12976.29,1963.221,5795.349,12794,1969.389,5713.341,13102.79,1979.789,5601.492,12872.18,1989.36,5480.662,12972.16,2042.597,5448.359
12937.71,1983.353,5253.342,12812.87,1950.195,5802.214,12900.32,1980.544,5768.487,12742.77,1976.692,5594.54,13143.98,2022.614,5703.933,12709.11,2012.767,5657.896,12828.32,1973.057,5393.807,13058.52,1984.858,5506.023,12995.59,1977.858,5585.789,12662.46,2009.544,5446.805,12976.43,1963.221,5795.98,12793.68,1969.389,5713.901,13103.12,1979.789,5600.936,12872.4,1989.36,5480.057,12972.6,2042.597,5447.885
12937.89,1983.353,5254.652,12812.28,1950.195,5803.395,12900.92,1980.544,5769.667,12741.52,1976.692,5594.957,13144.9,2022.614,5702.98,12708.07,2012.767,5658.711,12829.09,1973.057,5394.887,13059.73,1984.858,5505.508,12996.92,1977.858,5585.826,12663.46,2009.544,5447.675,12976.74,1963.221,5797.265,12792.99,1969.389,5715.027,13103.81,1979.789,5599.812,12872.9,1989.36,5478.832,12973.51,2042.597,5446.927
12937.91,1983.353,5255.358,12811.96,1950.195,5804.025,12901.24,1980.544,5770.291,12740.84,1976.692,5595.162,13145.37,2022.614,5702.458,12707.53,2012.767,5659.158,12829.5,1973.057,5395.455,13060.38,1984.858,5505.215,12997.62,1977.858,5585.822,12664.01,2009.544,5448.122,12976.92,1963.221,5797.945,12792.6,1969.389,5715.617,13104.2,1979.789,5599.225,12873.18,1989.36,5478.187,12974,2042.597,5446.424
12937.91,1983.353,5256.796,12811.35,1950.195,5805.329,12901.87,1980.544,5771.584,12739.46,1976.692,5595.542,13146.3,2022.614,5701.362,12706.43,2012.767,5660.091,12830.38,1973.057,5396.594,13061.67,1984.858,5504.582,12999.06,1977.858,5585.768,12665.18,2009.544,5448.957,12977.35,1963.221,5799.319,12791.77,1969.389,5716.793,13105.04,1979.789,5598.053,12873.81,1989.36,5476.892,12975.03,2042.597,5445.415
12937.94,1983.353,5257.55,12811.06,1950.195,5806.022,12902.18,1980.544,5772.272,12738.72,1976.692,5595.722,13146.78,2022.614,5700.774,12705.87,2012.767,5660.592,12830.85,1973.057,5397.181,13062.33,1984.858,5504.232,12999.81,1977.858,5585.715,12665.78,2009.544,5449.414,12977.6,1963.221,5800.032,12791.32,1969.389,5717.395,13105.49,1979.789,5597.454,12874.16,1989.36,5476.224,12975.57,2042.597,5444.896
12938.06,1983.353,5259.389,12810.38,1950.195,5807.738,12902.88,1980.544,5773.977,12736.92,1976.692,5596.112,13147.88,2022.614,5699.3,12704.52,2012.767,5661.842,12832.04,1973.057,5398.589,13063.94,1984.858,5503.333,13001.64,1977.858,5585.525,12667.24,2009.544,5450.533,12978.25,1963.221,5801.755,12790.17,1969.389,5718.833,13106.66,1979.789,5596.025,12875.06,1989.36,5474.618,12976.93,2042.597,5443.648
12938.14,1983.353,5260.139,12810.13,1950.195,5808.448,12903.15,1980.544,5774.683,12736.18,1976.692,5596.251,13148.32,2022.614,5698.685,12703.97,2012.767,5662.364,12832.54,1973.057,5399.154,13064.59,1984.858,5502.948,13002.39,1977.858,5585.423,12667.82,2009.544,5451.009,12978.54,1963.221,5802.45,12789.68,1969.389,5719.405,13107.15,1979.789,5595.456,12875.45,1989.36,5473.974,12977.49,2042.597,5443.149
12938.15,1983.353,5261.528,12809.7,1950.195,5809.77,12903.59,1980.544,5775.998,12734.81,1976.692,5596.469,13149.08,2022.614,5697.526,12702.99,2012.767,5663.344,12833.49,1973.057,5400.172,13065.77,1984.858,5502.208,13003.76,1977.858,5585.19,12668.88,2009.544,5451.916,12979.12,1963.221,5803.715,12788.74,1969.389,5720.431,13108.1,1979.789,5594.438,12876.21,1989.36,5472.81,12978.55,2042.597,5442.246
12938.21,1983.353,5262.803,12809.35,1950.195,5810.995,12903.96,1980.544,5777.218,12733.55,1976.692,5596.634,13149.75,2022.614,5696.441,12702.11,2012.767,5664.261,12834.38,1973.057,5401.086,13066.83,1984.858,5501.502,13005.01,1977.858,5584.935,12669.87,2009.544,5452.716,12979.68,1963.221,5804.859,12787.85,1969.389,5721.345,13108.99,1979.789,5593.531,12876.94,1989.36,5471.764,12979.53,2042.597,5441.434
12938.29,1983.353,5263.814,12809.09,1950.195,5811.977,12904.23,1980.544,5778.198,12732.54,1976.692,5596.736,13150.26,2022.614,5695.563,12701.41,2012.767,5665.003,12835.1,1973.057,5401.795,13067.66,1984.858,5500.919,13006,1977.858,5584.7,12670.64,2009.544,5453.378,12980.16,1963.221,5805.754,12787.12,1969.389,5722.05,13109.73,1979.789,5592.833,12877.55,1989.36,5470.951,12980.32,2042.597,5440.802
12938.42,1983.353,5265.994,12808.61,1950.195,5814.106,12904.73,1980.544,5780.322,12730.36,1976.692,5596.894,13151.3,2022.614,5693.641,12699.96,2012.767,5666.626,12836.7,1973.057,5403.281,13069.41,1984.858,5499.622,13008.1,1977.858,5584.124,12672.34,2009.544,5454.748,12981.24,1963.221,5807.648,12785.5,1969.389,5723.515,13111.36,1979.789,5591.382,12878.91,1989.36,5469.244,12982.05,2042.597,5439.472
12938.54,1983.353,5267.329,12808.36,1950.195,5815.422,12905,1980.544,5781.636,12729.02,1976.692,5596.952,13151.9,2022.614,5692.442,12699.08,2012.767,5667.64,12837.7,1973.057,5404.168,13070.47,1984.858,5498.8,13009.38,1977.858,5583.729,12673.35,2009.544,5455.623,12981.94,1963.221,5808.791,12784.48,1969.389,5724.382,13112.39,1979.789,5590.523,12879.78,1989.36,5468.223,12983.13,2042.597,5438.674
12938.56,1983.353,5267.798,12808.28,1950.195,5815.887,12905.08,1980.544,5782.1,12728.55,1976.692,5596.959,13152.1,2022.614,5692.015,12698.78,2012.767,5668,12838.06,1973.057,5404.471,13070.84,1984.858,5498.505,13009.83,1977.858,5583.575,12673.72,2009.544,5455.918,12982.2,1963.221,5809.184,12784.11,1969.389,5724.675,13112.76,1979.789,5590.233,12880.09,1989.36,5467.875,12983.51,2042.597,5438.402
12938.72,1983.353,5269.644,12808.04,1950.195,5817.722,12905.33,1980.544,5783.934,12726.7,1976.692,5596.932,13152.83,2022.614,5690.313,12697.61,2012.767,5669.442,12839.51,1973.057,5405.624,13072.25,1984.858,5497.312,13011.56,1977.858,5582.914,12675.12,2009.544,5457.126,12983.27,1963.221,5810.698,12782.63,1969.389,5725.781,13114.25,1979.789,5589.138,12881.38,1989.36,5466.544,12985.04,2042.597,5437.359
12938.77,1983.353,5270.627,12807.93,1950.195,5818.702,12905.44,1980.544,5784.914,12725.71,1976.692,5596.889,13153.19,2022.614,5689.396,12697.01,2012.767,5670.219,12840.3,1973.057,5406.217,13073,1984.858,5496.663,13012.47,1977.858,5582.532,12675.89,2009.544,5457.745,12983.86,1963.221,5811.486,12781.82,1969.389,5726.344,13115.07,1979.789,5588.581,12882.09,1989.36,5465.858,12985.87,2042.597,5436.82
12938.94,1983.353,5272.739,12807.77,1950.195,5820.815,12905.59,1980.544,5787.027,12723.6,1976.692,5596.733,13153.91,2022.614,5687.404,12695.74,2012.767,5671.914,12842.02,1973.057,5407.448,13074.56,1984.858,5495.234,13014.39,1977.858,5581.648,12677.5,2009.544,5459.127,12985.18,1963.221,5813.141,12780.04,1969.389,5727.499,13116.85,1979.789,5587.437,12883.66,1989.36,5464.433,12987.66,2042.597,5435.693
12938.93,1983.353,5273.866,12807.72,1950.195,5821.94,12905.64,1980.544,5788.153,12722.48,1976.692,5596.618,13154.26,2022.614,5686.334,12695.08,2012.767,5672.826,12842.96,1973.057,5408.077,13075.38,1984.858,5494.46,13015.4,1977.858,5581.145,12678.37,2009.544,5459.834,12985.91,1963.221,5813.999,12779.08,1969.389,5728.082,13117.82,1979.789,5586.858,12884.52,1989.36,5463.702,12988.63,2042.597,5435.112
12938.97,1983.353,5275.611,12807.69,1950.195,5823.685,12905.65,1980.544,5789.898,12720.75,1976.692,5596.387,13154.76,2022.614,5684.661,12694.08,2012.767,5674.257,12844.43,1973.057,5409.014,13076.63,1984.858,5493.239,13016.94,1977.858,5580.314,12679.7,2009.544,5460.974,12987.08,1963.221,5815.293,12777.55,1969.389,5728.937,13119.34,1979.789,5586.005,12885.88,1989.36,5462.612,12990.14,2042.597,5434.239
12939.04,1983.353,5276.957,12807.62,1950.195,5825.031,12905.62,1980.544,5791.246,12719.42,1976.692,5596.168,13155.11,2022.614,5683.359,12693.33,2012.767,5675.376,12845.59,1973.057,5409.707,13077.57,1984.858,5492.281,13018.1,1977.858,5579.634,12680.75,2009.544,5461.819,12988.02,1963.221,5816.265,12776.38,1969.389,5729.607,13120.53,1979.789,5585.381,12886.96,1989.36,5461.805,12991.32,2042.597,5433.587
12939.19,1983.353,5278.684,12807.55,1950.195,5826.762,12905.53,1980.544,5792.976,12717.72,1976.692,5595.837,13155.51,2022.614,5681.674,12692.39,2012.767,5676.83,12847.1,1973.057,5410.557,13078.77,1984.858,5491.032,13019.67,1977.858,5578.892,12682.06,2009.544,5462.95,12989.26,1963.221,5817.477,12774.89,1969.389,5730.478,13122.09,1979.789,5584.622,12888.38,1989.36,5460.812,12992.85,2042.597,5432.778
12939.34,1983.353,5279.954,12807.46,1950.195,5828.038,12905.42,1980.544,5794.25,12716.47,1976.692,5595.555,13155.77,2022.614,5680.422,12691.71,2012.767,5677.916,12848.23,1973.057,5411.154,13079.65,1984.858,5490.104,13020.8,1977.858,5578.306,12682.9,2009.544,5463.917,12990.2,1963.221,5818.343,12773.8,1969.389,5731.156,13123.26,1979.789,5584.094,12889.45,1989.36,5460.112,12993.99,2042.597,5432.203
12939.33,1983.353,5281.613,12807.29,1950.195,5829.689,12905.22,1980.544,5795.898,12714.87,1976.692,5595.14,13156.07,2022.614,5678.79,12690.86,2012.767,5679.339,12849.71,1973.057,5411.89,13080.78,1984.858,5488.891,13022.25,1977.858,5577.498,12683.96,2009.544,5465.194,12991.45,1963.221,5819.431,12772.43,1969.389,5732.083,13124.79,1979.789,5583.449,12890.87,1989.36,5459.249,12995.48,2042.597,5431.483
12939.37,1983.353,5282.827,12807.13,1950.195,5830.892,12905.04,1980.544,5797.098,12713.7,1976.692,5594.8,13156.26,2022.614,5677.591,12690.25,2012.767,5680.391,12850.82,1973.057,5412.397,13081.6,1984.858,5487.998,13023.37,1977.858,5577.024,12684.76,2009.544,5466.102,12992.39,1963.221,5820.198,12771.44,1969.389,5732.792,13125.92,1979.789,5583.005,12891.92,1989.36,5458.65,12996.59,2042.597,5430.979
12939.46,1983.353,5284.33,12806.88,1950.195,5832.377,12904.77,1980.544,5798.58,12712.27,1976.692,5594.336,13156.45,2022.614,5676.098,12689.53,2012.767,5681.708,12852.2,1973.057,5412.99,13082.63,1984.858,5486.891,13024.74,1977.858,5576.392,12685.8,2009.544,5467.195,12993.58,1963.221,5821.116,12770.25,1969.389,5733.713,13127.33,1979.789,5582.49,12893.26,1989.36,5457.95,12997.97,2042.597,5430.377
12939.5,1983.353,5285.472,12806.65,1950.195,5833.497,12904.52,1980.544,5799.696,12711.19,1976.692,5593.951,13156.64,2022.614,5674.97,12688.99,2012.767,5682.718,12853.26,1973.057,5413.411,13083.4,1984.858,5486.053,13025.76,1977.858,5575.878,12686.61,2009.544,5467.998,12994.51,1963.221,5821.785,12769.37,1969.389,5734.441,13128.39,1979.789,5582.064,12894.29,1989.36,5457.45,12999.03,2042.597,5429.942
12939.55,1983.353,5286.887,12806.32,1950.195,5834.874,12904.17,1980.544,5801.068,12709.87,1976.692,5593.433,13156.91,2022.614,5673.582,12688.35,2012.767,5683.979,12854.59,1973.057,5413.896,13084.36,1984.858,5485.013,13027,1977.858,5575.202,12687.65,2009.544,5468.959,12995.68,1963.221,5822.579,12768.31,1969.389,5735.377,13129.69,1979.789,5581.495,12895.58,1989.36,5456.872,13000.34,2042.597,5429.428
12939.62,1983.353,5287.96,12806.04,1950.195,5835.912,12903.88,1980.544,5802.103,12708.88,1976.692,5593.009,13157.16,2022.614,5672.533,12687.88,2012.767,5684.946,12855.62,1973.057,5414.235,13085.08,1984.858,5484.218,13027.97,1977.858,5574.735,12688.33,2009.544,5469.791,12996.59,1963.221,5823.157,12767.52,1969.389,5736.115,13130.66,1979.789,5581.029,12896.57,1989.36,5456.464,13001.35,2042.597,5429.056
12939.69,1983.353,5289.286,12805.65,1950.195,5837.182,12903.47,1980.544,5803.366,12707.65,1976.692,5592.527,13157.5,2022.614,5671.25,12687.26,2012.767,5686.12,12856.89,1973.057,5414.619,13085.97,1984.858,5483.233,13029.17,1977.858,5574.16,12689.21,2009.544,5470.79,12997.73,1963.221,5823.837,12766.59,1969.389,5737.056,13131.84,1979.789,5580.417,12897.82,1989.36,5455.999,13002.61,2042.597,5428.622
12939.71,1983.353,5290.293,12805.33,1950.195,5838.136,12903.13,1980.544,5804.314,12706.7,1976.692,5592.191,13157.79,2022.614,5670.286,12686.76,2012.767,5686.994,12857.86,1973.057,5414.883,13086.64,1984.858,5482.482,13030.06,1977.858,5573.694,12689.87,2009.544,5471.551,12998.61,1963.221,5824.328,12765.9,1969.389,5737.793,13132.71,1979.789,5579.922,12898.77,1989.36,5455.675,13003.57,2042.597,5428.311
12939.77,1983.353,5291.541,12804.89,1950.195,5839.306,12902.67,1980.544,5805.476,12705.51,1976.692,5591.814,13158.19,2022.614,5669.103,12686.1,2012.767,5688.058,12859.07,1973.057,5415.176,13087.47,1984.858,5481.543,13031.15,1977.858,5573.081,12690.71,2009.544,5472.469,12999.71,1963.221,5824.906,12765.08,1969.389,5738.733,13133.78,1979.789,5579.274,12899.97,1989.36,5455.312,13004.76,2042.597,5427.948
12939.86,1983.353,5292.612,12804.48,1950.195,5840.3,12902.31,1980.544,5806.489,12704.47,1976.692,5591.523,13158.57,2022.614,5668.096,12685.51,2012.767,5688.955,12860.12,1973.057,5415.398,13088.19,1984.858,5480.751,13032.08,1977.858,5572.53,12691.47,2009.544,5473.234,13000.65,1963.221,5825.435,12764.4,1969.389,5739.565,13134.68,1979.789,5578.687,12901,1989.36,5455.031,13005.79,2042.597,5427.656
12939.98,1983.353,5293.644,12804.06,1950.195,5841.248,12901.99,1980.544,5807.478,12703.46,1976.692,5591.275,13158.96,2022.614,5667.136,12684.91,2012.767,5689.801,12861.14,1973.057,5415.583,13088.91,1984.858,5480.002,13032.95,1977.858,5571.969,12692.22,2009.544,5473.95,13001.54,1963.221,5825.975,12763.77,1969.389,5740.39,13135.53,1979.789,5578.091,12902.01,1989.36,5454.791,13006.8,2042.597,5427.394
12940.12,1983.353,5294.646,12803.62,1950.195,5842.16,12901.71,1980.544,5808.452,12702.47,1976.692,5591.066,13159.38,2022.614,5666.213,12684.29,2012.767,5690.608,12862.15,1973.057,5415.735,13089.63,1984.858,5479.285,13033.81,1977.858,5571.43,12692.89,2009.544,5474.713,13002.39,1963.221,5826.53,12763.18,1969.389,5741.214,13136.34,1979.789,5577.483,12903.01,1989.36,5454.587,13007.78,2042.597,5427.158
12940.29,1983.353,5295.585,12803.2,1950.195,5843.018,12901.47,1980.544,5809.375,12701.54,1976.692,5590.869,13159.8,2022.614,5665.357,12683.69,2012.767,5691.348,12863.09,1973.057,5415.851,13090.32,1984.858,5478.625,13034.6,1977.858,5570.896,12693.49,2009.544,5475.45,13003.17,1963.221,5827.079,12762.65,1969.389,5742.007,13137.09,1979.789,5576.887,12903.95,1989.36,5454.424,13008.72,2042.597,5426.954
12940.34,1983.353,5296.64,12802.74,1950.195,5843.968,12901.22,1980.544,5810.4,12700.51,1976.692,5590.653,13160.3,2022.614,5664.425,12683.01,2012.767,5692.153,12864.14,1973.057,5415.947,13091.09,1984.858,5477.911,13035.45,1977.858,5570.276,12694.14,2009.544,5476.285,13004.01,1963.221,5827.714,12762.09,1969.389,5742.903,13137.89,1979.789,5576.199,12904.99,1989.36,5454.276,13009.75,2042.597,5426.748
12940.35,1983.353,5297.329,12802.44,1950.195,5844.588,12901.07,1980.544,5811.073,12699.83,1976.692,5590.514,13160.64,2022.614,5663.828,12682.55,2012.767,5692.669,12864.83,1973.057,5415.99,13091.61,1984.858,5477.458,13036,1977.858,5569.854,12694.55,2009.544,5476.841,13004.55,1963.221,5828.146,12761.74,1969.389,5743.5,13138.4,1979.789,5575.734,12905.68,1989.36,5454.201,13010.43,2042.597,5426.627
12940.41,1983.353,5298.365,12801.99,1950.195,5845.522,12900.86,1980.544,5812.088,12698.82,1976.692,5590.307,13161.19,2022.614,5662.947,12681.85,2012.767,5693.433,12865.87,1973.057,5416.024,13092.41,1984.858,5476.796,13036.8,1977.858,5569.193,12695.13,2009.544,5477.696,13005.33,1963.221,5828.822,12761.25,1969.389,5744.413,13139.14,1979.789,5575.009,12906.71,1989.36,5454.118,13011.45,2042.597,5426.466
12940.46,1983.353,5299.039,12801.7,1950.195,5846.132,12900.74,1980.544,5812.751,12698.15,1976.692,5590.173,13161.57,2022.614,5662.384,12681.39,2012.767,5693.923,12866.54,1973.057,5416.025,13092.95,1984.858,5476.379,13037.3,1977.858,5568.746,12695.5,2009.544,5478.264,13005.83,1963.221,5829.28,12760.95,1969.389,5745.018,13139.61,1979.789,5574.521,12907.38,1989.36,5454.085,13012.12,2042.597,5426.375
12940.55,1983.353,5300.158,12801.22,1950.195,5847.146,12900.53,1980.544,5813.855,12697.05,1976.692,5589.952,13162.22,2022.614,5661.471,12680.6,2012.767,5694.726,12867.67,1973.057,5415.995,13093.85,1984.858,5475.709,13038.12,1977.858,5567.977,12696.08,2009.544,5479.224,13006.63,1963.221,5830.066,12760.48,1969.389,5746.038,13140.36,1979.789,5573.685,12908.51,1989.36,5454.064,13013.24,2042.597,5426.245
12940.58,1983.353,5300.955,12800.88,1950.195,5847.866,12900.4,1980.544,5814.642,12696.27,1976.692,5589.797,13162.66,2022.614,5660.808,12680.04,2012.767,5695.29,12868.46,1973.057,5415.949,13094.5,1984.858,5475.252,13038.68,1977.858,5567.412,12696.48,2009.544,5479.917,13007.18,1963.221,5830.642,12760.17,1969.389,5746.772,13140.87,1979.789,5573.074,12909.3,1989.36,5454.073,13014.03,2042.597,5426.169
12940.63,1983.353,5301.532,12800.63,1950.195,5848.391,12900.32,1980.544,5815.214,12695.71,1976.692,5589.687,13163,2022.614,5660.336,12679.63,2012.767,5695.696,12869.04,1973.057,5415.898,13094.98,1984.858,5474.924,13039.1,1977.858,5567.015,12696.75,2009.544,5480.428,13007.57,1963.221,5831.072,12759.96,1969.389,5747.312,13141.23,1979.789,5572.619,12909.88,1989.36,5454.097,13014.61,2042.597,5426.126
12940.68,1983.353,5302.414,12800.26,1950.195,5849.193,12900.2,1980.544,5816.09,12694.84,1976.692,5589.519,13163.5,2022.614,5659.609,12679,2012.767,5696.313,12869.92,1973.057,5415.793,13095.71,1984.858,5474.43,13039.7,1977.858,5566.361,12697.14,2009.544,5481.219,13008.14,1963.221,5831.748,12759.67,1969.389,5748.145,13141.75,1979.789,5571.906,12910.76,1989.36,5454.16,13015.49,2042.597,5426.078
12940.74,1983.353,5303.058,12800,1950.195,5849.782,12900.13,1980.544,5816.732,12694.2,1976.692,5589.397,13163.88,2022.614,5659.087,12678.53,2012.767,5696.763,12870.56,1973.057,5415.697,13096.23,1984.858,5474.052,13040.15,1977.858,5565.897,12697.42,2009.544,5481.805,13008.54,1963.221,5832.254,12759.47,1969.389,5748.761,13142.12,1979.789,5571.375,12911.41,1989.36,5454.226,13016.14,2042.597,5426.057
12940.77,1983.353,5303.878,12799.66,1950.195,5850.531,12900.04,1980.544,5817.548,12693.4,1976.692,5589.245,13164.34,2022.614,5658.41,12677.94,2012.767,5697.333,12871.36,1973.057,5415.55,13096.89,1984.858,5473.552,13040.72,1977.858,5565.311,12697.74,2009.544,5482.557,13009.03,1963.221,5832.914,12759.24,1969.389,5749.548,13142.61,1979.789,5570.715,12912.22,1989.36,5454.333,13016.96,2042.597,5426.046
12940.82,1983.353,5304.711,12799.33,1950.195,5851.294,12899.97,1980.544,5818.378,12692.58,1976.692,5589.092,13164.83,2022.614,5657.734,12677.34,2012.767,5697.913,12872.18,1973.057,5415.376,13097.53,1984.858,5473.025,13041.33,1977.858,5564.733,12698.06,2009.544,5483.33,13009.51,1963.221,5833.599,12759.03,1969.389,5750.354,13143.08,1979.789,5570.032,12913.04,1989.36,5454.465,13017.79,2042.597,5426.052
12940.84,1983.353,5305.014,12799.21,1950.195,5851.575,12899.95,1980.544,5818.682,12692.28,1976.692,5589.037,13165.02,2022.614,5657.493,12677.13,2012.767,5698.128,12872.47,1973.057,5415.303,13097.76,1984.858,5472.827,13041.55,1977.858,5564.53,12698.17,2009.544,5483.614,13009.67,1963.221,5833.854,12758.96,1969.389,5750.651,13143.25,1979.789,5569.778,12913.34,1989.36,5454.522,13018.1,2042.597,5426.062
12940.96,1983.353,5305.978,12798.84,1950.195,5852.472,12899.89,1980.544,5819.652,12691.32,1976.692,5588.864,13165.59,2022.614,5656.704,12676.44,2012.767,5698.815,12873.41,1973.057,5415.042,13098.48,1984.858,5472.17,13042.26,1977.858,5563.857,12698.49,2009.544,5484.531,13010.18,1963.221,5834.687,12758.75,1969.389,5751.601,13143.81,1979.789,5568.984,12914.29,1989.36,5454.733,13019.07,2042.597,5426.11
12941.02,1983.353,5306.348,12798.7,1950.195,5852.82,12899.88,1980.544,5820.027,12690.95,1976.692,5588.799,13165.82,2022.614,5656.411,12676.18,2012.767,5699.084,12873.77,1973.057,5414.929,13098.75,1984.858,5471.909,13042.55,1977.858,5563.63,12698.6,2009.544,5484.888,13010.36,1963.221,5835.013,12758.68,1969.389,5751.968,13144.04,1979.789,5568.685,12914.66,1989.36,5454.825,13019.44,2042.597,5426.137
12941.14,1983.353,5307.229,12798.38,1950.195,5853.648,12899.86,1980.544,5820.915,12690.08,1976.692,5588.645,13166.43,2022.614,5655.766,12675.56,2012.767,5699.723,12874.61,1973.057,5414.637,13099.37,1984.858,5471.273,13043.24,1977.858,5563.068,12698.86,2009.544,5485.738,13010.77,1963.221,5835.801,12758.48,1969.389,5752.834,13144.6,1979.789,5567.995,12915.51,1989.36,5455.066,13020.33,2042.597,5426.219
12941.18,1983.353,5307.468,12798.29,1950.195,5853.875,12899.86,1980.544,5821.157,12689.84,1976.692,5588.604,13166.59,2022.614,5655.584,12675.4,2012.767,5699.9,12874.83,1973.057,5414.55,13099.54,1984.858,5471.105,13043.45,1977.858,5562.937,12698.92,2009.544,5485.972,13010.88,1963.221,5836.02,12758.43,1969.389,5753.072,13144.75,1979.789,5567.812,12915.74,1989.36,5455.138,13020.57,2042.597,5426.238
12941.31,1983.353,5308.243,12798.03,1950.195,5854.615,12899.86,1980.544,5821.942,12689.07,1976.692,5588.473,13167.13,2022.614,5655.007,12674.87,2012.767,5700.478,12875.56,1973.057,5414.247,13100.13,1984.858,5470.581,13044.09,1977.858,5562.489,12699.12,2009.544,5486.732,13011.19,1963.221,5836.738,12758.29,1969.389,5753.845,13145.29,1979.789,5567.235,12916.48,1989.36,5455.394,13021.35,2042.597,5426.286
12941.38,1983.353,5308.597,12797.91,1950.195,5854.957,12899.87,1980.544,5822.303,12688.71,1976.692,5588.424,13167.36,2022.614,5654.733,12674.63,2012.767,5700.748,12875.89,1973.057,5414.097,13100.4,1984.858,5470.348,13044.38,1977.858,5562.273,12699.2,2009.544,5487.084,13011.33,1963.221,5837.072,12758.23,1969.389,5754.199,13145.53,1979.789,5566.968,12916.82,1989.36,5455.521,13021.71,2042.597,5426.302
12941.54,1983.353,5309.313,12797.69,1950.195,5855.657,12899.89,1980.544,5823.037,12687.98,1976.692,5588.349,13167.86,2022.614,5654.193,12674.15,2012.767,5701.308,12876.54,1973.057,5413.771,13100.98,1984.858,5469.894,13044.96,1977.858,5561.816,12699.34,2009.544,5487.806,13011.58,1963.221,5837.762,12758.07,1969.389,5754.917,13146.04,1979.789,5566.442,12917.5,1989.36,5455.797,13022.45,2042.597,5426.326
12941.68,1983.353,5309.802,12797.55,1950.195,5856.144,12899.92,1980.544,5823.542,12687.47,1976.692,5588.313,13168.14,2022.614,5653.771,12673.83,2012.767,5701.701,12876.99,1973.057,5413.531,13101.39,1984.858,5469.594,13045.34,1977.858,5561.487,12699.41,2009.544,5488.307,13011.74,1963.221,5838.243,12757.96,1969.389,5755.412,13146.38,1979.789,5566.063,12917.97,1989.36,5456.001,13022.95,2042.597,5426.338
12941.81,1983.353,5310.217,12797.44,1950.195,5856.566,12899.96,1980.544,5823.978,12687.04,1976.692,5588.296,13168.37,2022.614,5653.402,12673.57,2012.767,5702.046,12877.37,1973.057,5413.313,13101.75,1984.858,5469.347,13045.68,1977.858,5561.214,12699.47,2009.544,5488.741,13011.87,1963.221,5838.662,12757.87,1969.389,5755.839,13146.66,1979.789,5565.729,12918.36,1989.36,5456.187,13023.39,2042.597,5426.349
12942.03,1983.353,5310.931,12797.26,1950.195,5857.289,12900.03,1980.544,5824.719,12686.29,1976.692,5588.292,13168.79,2022.614,5652.787,12673.12,2012.767,5702.644,12878,1973.057,5412.921,13102.38,1984.858,5468.946,13046.28,1977.858,5560.769,12699.53,2009.544,5489.482,13012.05,1963.221,5839.382,12757.7,1969.389,5756.564,13147.13,1979.789,5565.149,12919.03,1989.36,5456.521,13024.13,2042.597,5426.36
12942.08,1983.353,5311.132,12797.21,1950.195,5857.493,12900.05,1980.544,5824.926,12686.08,1976.692,5588.297,13168.92,2022.614,5652.618,12673,2012.767,5702.814,12878.18,1973.057,5412.806,13102.56,1984.858,5468.839,13046.45,1977.858,5560.649,12699.54,2009.544,5489.69,13012.1,1963.221,5839.585,12757.66,1969.389,5756.768,13147.25,1979.789,5564.983,12919.21,1989.36,5456.62,13024.34,2042.597,5426.368
12942.21,1983.353,5311.72,12797.1,1950.195,5858.084,12900.13,1980.544,5825.522,12685.48,1976.692,5588.333,13169.28,2022.614,5652.139,12672.67,2012.767,5703.315,12878.67,1973.057,5412.457,13103.08,1984.858,5468.549,13046.96,1977.858,5560.329,12699.56,2009.544,5490.292,13012.22,1963.221,5840.177,12757.53,1969.389,5757.356,13147.61,1979.789,5564.493,12919.73,1989.36,5456.917,13024.94,2042.597,5426.389
12942.3,1983.353,5312.156,12797.03,1950.195,5858.523,12900.21,1980.544,5825.961,12685.04,1976.692,5588.374,13169.56,2022.614,5651.793,12672.43,2012.767,5703.691,12879.02,1973.057,5412.188,13103.48,1984.858,5468.348,13047.34,1977.858,5560.104,12699.55,2009.544,5490.737,13012.29,1963.221,5840.616,12757.44,1969.389,5757.792,13147.85,1979.789,5564.124,12920.11,1989.36,5457.146,13025.38,2042.597,5426.411
12942.37,1983.353,5312.584,12796.98,1950.195,5858.954,12900.29,1980.544,5826.387,12684.61,1976.692,5588.427,13169.84,2022.614,5651.464,12672.21,2012.767,5704.064,12879.36,1973.057,5411.916,13103.87,1984.858,5468.164,13047.73,1977.858,5559.898,12699.54,2009.544,5491.17,13012.34,1963.221,5841.046,12757.37,1969.389,5758.218,13148.09,1979.789,5563.758,12920.48,1989.36,5457.377,13025.82,2042.597,5426.439
12942.42,1983.353,5312.997,12796.93,1950.195,5859.367,12900.37,1980.544,5826.794,12684.2,1976.692,5588.492,13170.12,2022.614,5651.156,12672.01,2012.767,5704.427,12879.67,1973.057,5411.644,13104.26,1984.858,5468,13048.09,1977.858,5559.688,12699.5,2009.544,5491.585,13012.38,1963.221,5841.46,12757.3,1969.389,5758.628,13148.3,1979.789,5563.4,12920.83,1989.36,5457.608,13026.22,2042.597,5426.529
12942.45,1983.353,5313.313,12796.91,1950.195,5859.684,12900.45,1980.544,5827.103,12683.89,1976.692,5588.552,13170.33,2022.614,5650.914,12671.86,2012.767,5704.709,12879.91,1973.057,5411.429,13104.55,1984.858,5467.885,13048.35,1977.858,5559.514,12699.47,2009.544,5491.901,13012.4,1963.221,5841.777,12757.25,1969.389,5758.943,13148.47,1979.789,5563.133,12921.09,1989.36,5457.79,13026.53,2042.597,5426.607
12942.48,1983.353,5313.794,12796.89,1950.195,5860.166,12900.57,1980.544,5827.569,12683.42,1976.692,5588.658,13170.63,2022.614,5650.536,12671.65,2012.767,5705.144,12880.25,1973.057,5411.091,13105.01,1984.858,5467.725,13048.76,1977.858,5559.262,12699.4,2009.544,5492.378,13012.42,1963.221,5842.259,12757.19,1969.389,5759.421,13148.74,1979.789,5562.736,12921.47,1989.36,5458.075,13027,2042.597,5426.711
12942.5,1983.353,5314.258,12796.89,1950.195,5860.63,12900.7,1980.544,5828.015,12682.97,1976.692,5588.774,13170.9,2022.614,5650.163,12671.46,2012.767,5705.569,12880.57,1973.057,5410.755,13105.44,1984.858,5467.556,13049.14,1977.858,5558.989,12699.32,2009.544,5492.836,13012.42,1963.221,5842.723,12757.14,1969.389,5759.882,13149.02,1979.789,5562.362,12921.84,1989.36,5458.357,13027.46,2042.597,5426.797
12942.5,1983.353,5314.533,12796.89,1950.195,5860.905,12900.78,1980.544,5828.277,12682.7,1976.692,5588.852,13171.06,2022.614,5649.937,12671.36,2012.767,5705.823,12880.76,1973.057,5410.551,13105.7,1984.858,5467.464,13049.36,1977.858,5558.82,12699.27,2009.544,5493.104,13012.41,1963.221,5842.997,12757.11,1969.389,5760.155,13149.19,1979.789,5562.147,12922.06,1989.36,5458.528,13027.73,2042.597,5426.856
12942.48,1983.353,5314.9,12796.91,1950.195,5861.272,12900.9,1980.544,5828.625,12682.35,1976.692,5588.968,13171.28,2022.614,5649.641,12671.24,2012.767,5706.169,12880.99,1973.057,5410.27,13106.05,1984.858,5467.354,13049.64,1977.858,5558.585,12699.18,2009.544,5493.462,13012.39,1963.221,5843.364,12757.08,1969.389,5760.521,13149.43,1979.789,5561.866,12922.34,1989.36,5458.763,13028.08,2042.597,5426.958
12942.46,1983.353,5315.249,12796.94,1950.195,5861.62,12901.02,1980.544,5828.952,12682.03,1976.692,5589.088,13171.48,2022.614,5649.354,12671.13,2012.767,5706.5,12881.21,1973.057,5409.997,13106.37,1984.858,5467.208,13049.9,1977.858,5558.353,12699.09,2009.544,5493.798,13012.35,1963.221,5843.711,12757.06,1969.389,5760.87,13149.66,1979.789,5561.607,12922.61,1989.36,5458.99,13028.42,2042.597,5427.045
12942.44,1983.353,5315.511,12796.96,1950.195,5861.882,12901.12,1980.544,5829.197,12681.78,1976.692,5589.188,13171.65,2022.614,5649.153,12671.05,2012.767,5706.752,12881.37,1973.057,5409.785,13106.61,1984.858,5467.105,13050.09,1977.858,5558.171,12699.01,2009.544,5494.049,13012.32,1963.221,5843.973,12757.05,1969.389,5761.133,13149.84,1979.789,5561.417,12922.8,1989.36,5459.166,13028.67,2042.597,5427.118
12942.39,1983.353,5315.901,12797.02,1950.195,5862.272,12901.27,1980.544,5829.559,12681.42,1976.692,5589.347,13171.91,2022.614,5648.858,12670.95,2012.767,5707.133,12881.59,1973.057,5409.461,13106.98,1984.858,5466.964,13050.37,1977.858,5557.891,12698.88,2009.544,5494.421,13012.26,1963.221,5844.361,12757.04,1969.389,5761.526,13150.13,1979.789,5561.143,12923.09,1989.36,5459.432,13029.05,2042.597,5427.215
12942.35,1983.353,5316.125,12797.06,1950.195,5862.495,12901.36,1980.544,5829.764,12681.22,1976.692,5589.446,13172.06,2022.614,5648.694,12670.9,2012.767,5707.354,12881.71,1973.057,5409.271,13107.19,1984.858,5466.89,13050.52,1977.858,5557.725,12698.79,2009.544,5494.63,13012.21,1963.221,5844.583,12757.05,1969.389,5761.752,13150.29,1979.789,5560.99,12923.26,1989.36,5459.587,13029.27,2042.597,5427.278
12942.3,1983.353,5316.388,12797.11,1950.195,5862.757,12901.48,1980.544,5830.004,12680.98,1976.692,5589.57,13172.25,2022.614,5648.505,12670.85,2012.767,5707.616,12881.85,1973.057,5409.042,13107.45,1984.858,5466.81,13050.7,1977.858,5557.522,12698.69,2009.544,5494.875,13012.16,1963.221,5844.844,12757.05,1969.389,5762.02,13150.49,1979.789,5560.809,12923.45,1989.36,5459.774,13029.52,2042.597,5427.361
12942.26,1983.353,5316.592,12797.16,1950.195,5862.959,12901.58,1980.544,5830.189,12680.8,1976.692,5589.673,13172.4,2022.614,5648.362,12670.81,2012.767,5707.822,12881.95,1973.057,5408.86,13107.65,1984.858,5466.755,13050.83,1977.858,5557.36,12698.61,2009.544,5495.069,13012.1,1963.221,5845.045,12757.07,1969.389,5762.228,13150.64,1979.789,5560.666,12923.59,1989.36,5459.922,13029.72,2042.597,5427.432
12942.22,1983.353,5316.796,12797.21,1950.195,5863.161,12901.68,1980.544,5830.371,12680.62,1976.692,5589.782,13172.56,2022.614,5648.223,12670.79,2012.767,5708.028,12882.05,1973.057,5408.675,13107.85,1984.858,5466.706,13050.95,1977.858,5557.194,12698.54,2009.544,5495.265,13012.04,1963.221,5845.245,12757.09,1969.389,5762.436,13150.79,1979.789,5560.522,12923.74,1989.36,5460.071,13029.91,2042.597,5427.51
12942.18,1983.353,5317,12797.27,1950.195,5863.36,12901.79,1980.544,5830.549,12680.45,1976.692,5589.896,13172.72,2022.614,5648.089,12670.77,2012.767,5708.236,12882.14,1973.057,5408.487,13108.05,1984.858,5466.655,13051.07,1977.858,5557.024,12698.47,2009.544,5495.463,13011.98,1963.221,5845.443,12757.11,1969.389,5762.643,13150.94,1979.789,5560.378,12923.88,1989.36,5460.222,13030.1,2042.597,5427.593
12942.14,1983.353,5317.205,12797.34,1950.195,5863.557,12901.9,1980.544,5830.724,12680.28,1976.692,5590.017,13172.88,2022.614,5647.96,12670.75,2012.767,5708.444,12882.22,1973.057,5408.296,13108.25,1984.858,5466.61,13051.19,1977.858,5556.85,12698.41,2009.544,5495.663,13011.91,1963.221,5845.638,12757.14,1969.389,5762.849,13151.1,1979.789,5560.239,12924.03,1989.36,5460.375,13030.29,2042.597,5427.683
12942.1,1983.353,5317.427,12797.42,1950.195,5863.769,12902.03,1980.544,5830.911,12680.1,1976.692,5590.153,13173.06,2022.614,5647.826,12670.75,2012.767,5708.67,12882.31,1973.057,5408.087,13108.48,1984.858,5466.568,13051.31,1977.858,5556.657,12698.36,2009.544,5495.882,13011.82,1963.221,5845.848,12757.18,1969.389,5763.071,13151.27,1979.789,5560.094,12924.18,1989.36,5460.541,13030.49,2042.597,5427.787
12942.04,1983.353,5317.713,12797.53,1950.195,5864.039,12902.2,1980.544,5831.148,12679.87,1976.692,5590.336,13173.3,2022.614,5647.661,12670.74,2012.767,5708.962,12882.41,1973.057,5407.813,13108.76,1984.858,5466.505,13051.47,1977.858,5556.413,12698.28,2009.544,5496.163,13011.7,1963.221,5846.115,12757.24,1969.389,5763.357,13151.5,1979.789,5559.913,12924.37,1989.36,5460.758,13030.76,2042.597,5427.913
12942,1983.353,5317.932,12797.63,1950.195,5864.243,12902.33,1980.544,5831.327,12679.7,1976.692,5590.483,13173.49,2022.614,5647.54,12670.75,2012.767,5709.187,12882.48,1973.057,5407.6,13108.98,1984.858,5466.464,13051.6,1977.858,5556.229,12698.22,2009.544,5496.38,13011.6,1963.221,5846.317,12757.29,1969.389,5763.576,13151.68,1979.789,5559.78,12924.52,1989.36,5460.926,13030.96,2042.597,5428.017
12941.91,1983.353,5318.318,12797.8,1950.195,5864.598,12902.58,1980.544,5831.637,12679.41,1976.692,5590.751,13173.81,2022.614,5647.307,12670.78,2012.767,5709.582,12882.59,1973.057,5407.221,13109.37,1984.858,5466.382,13051.83,1977.858,5555.914,12698.11,2009.544,5496.76,13011.42,1963.221,5846.667,12757.38,1969.389,5763.96,13152.01,1979.789,5559.556,12924.78,1989.36,5461.225,13031.31,2042.597,5428.188
12941.85,1983.353,5318.625,12797.94,1950.195,5864.874,12902.78,1980.544,5831.876,12679.19,1976.692,5590.97,13174.07,2022.614,5647.132,12670.8,2012.767,5709.892,12882.67,1973.057,5406.919,13109.67,1984.858,5466.327,13052.03,1977.858,5555.672,12698.03,2009.544,5497.062,13011.27,1963.221,5846.939,12757.46,1969.389,5764.262,13152.27,1979.789,5559.388,12924.98,1989.36,5461.461,13031.6,2042.597,5428.313
12941.8,1983.353,5318.954,12798.11,1950.195,5865.163,12903,1980.544,5832.128,12678.96,1976.692,5591.212,13174.35,2022.614,5646.955,12670.84,2012.767,5710.223,12882.75,1973.057,5406.595,13110,1984.858,5466.278,13052.25,1977.858,5555.42,12697.96,2009.544,5497.387,13011.09,1963.221,5847.224,12757.55,1969.389,5764.583,13152.56,1979.789,5559.217,12925.2,1989.36,5461.715,13031.91,2042.597,5428.435
12941.77,1983.353,5319.229,12798.25,1950.195,5865.399,12903.18,1980.544,5832.333,12678.77,1976.692,5591.419,13174.59,2022.614,5646.814,12670.89,2012.767,5710.497,12882.8,1973.057,5406.323,13110.28,1984.858,5466.238,13052.44,1977.858,5555.216,12697.91,2009.544,5497.66,13010.94,1963.221,5847.456,12757.63,1969.389,5764.849,13152.8,1979.789,5559.083,12925.38,1989.36,5461.928,13032.16,2042.597,5428.542
12941.75,1983.353,5319.437,12798.37,1950.195,5865.573,12903.33,1980.544,5832.482,12678.64,1976.692,5591.579,13174.78,2022.614,5646.715,12670.93,2012.767,5710.701,12882.83,1973.057,5406.117,13110.49,1984.858,5466.215,13052.58,1977.858,5555.068,12697.88,2009.544,5497.866,13010.82,1963.221,5847.626,12757.69,1969.389,5765.047,13152.98,1979.789,5558.989,12925.51,1989.36,5462.088,13032.35,2042.597,5428.628
12941.73,1983.353,5319.736,12798.54,1950.195,5865.818,12903.54,1980.544,5832.692,12678.46,1976.692,5591.815,13175.04,2022.614,5646.581,12670.99,2012.767,5710.994,12882.87,1973.057,5405.82,13110.79,1984.858,5466.191,13052.8,1977.858,5554.861,12697.84,2009.544,5498.164,13010.64,1963.221,5847.866,12757.79,1969.389,5765.329,13153.26,1979.789,5558.861,12925.7,1989.36,5462.32,13032.62,2042.597,5428.762
12941.73,1983.353,5319.969,12798.68,1950.195,5866.004,12903.71,1980.544,5832.852,12678.32,1976.692,5592.004,13175.26,2022.614,5646.483,12671.05,2012.767,5711.22,12882.9,1973.057,5405.588,13111.02,1984.858,5466.178,13052.98,1977.858,5554.707,12697.82,2009.544,5498.396,13010.5,1963.221,5848.047,12757.88,1969.389,5765.546,13153.47,1979.789,5558.77,12925.85,1989.36,5462.501,13032.83,2042.597,5428.873
12941.73,1983.353,5320.253,12798.86,1950.195,5866.225,12903.92,1980.544,5833.04,12678.16,1976.692,5592.239,13175.52,2022.614,5646.373,12671.13,2012.767,5711.492,12882.92,1973.057,5405.305,13111.3,1984.858,5466.171,13053.19,1977.858,5554.525,12697.78,2009.544,5498.676,13010.31,1963.221,5848.263,12757.99,1969.389,5765.809,13153.73,1979.789,5558.666,12926.02,1989.36,5462.723,13033.07,2042.597,5429.016
12941.74,1983.353,5320.461,12799,1950.195,5866.383,12904.08,1980.544,5833.174,12678.05,1976.692,5592.415,13175.71,2022.614,5646.298,12671.19,2012.767,5711.69,12882.93,1973.057,5405.096,13111.51,1984.858,5466.172,13053.36,1977.858,5554.397,12697.75,2009.544,5498.883,13010.17,1963.221,5848.417,12758.07,1969.389,5765.999,13153.93,1979.789,5558.597,12926.15,1989.36,5462.886,13033.25,2042.597,5429.126
12941.76,1983.353,5320.73,12799.18,1950.195,5866.582,12904.29,1980.544,5833.343,12677.91,1976.692,5592.647,13175.97,2022.614,5646.21,12671.28,2012.767,5711.944,12882.93,1973.057,5404.827,13111.78,1984.858,5466.184,13053.58,1977.858,5554.238,12697.73,2009.544,5499.152,13009.98,1963.221,5848.609,12758.19,1969.389,5766.243,13154.19,1979.789,5558.515,12926.32,1989.36,5463.098,13033.48,2042.597,5429.269
12941.79,1983.353,5320.96,12799.34,1950.195,5866.747,12904.48,1980.544,5833.483,12677.8,1976.692,5592.851,13176.19,2022.614,5646.141,12671.37,2012.767,5712.159,12882.92,1973.057,5404.596,13112.01,1984.858,5466.201,13053.77,1977.858,5554.108,12697.72,2009.544,5499.382,13009.81,1963.221,5848.769,12758.29,1969.389,5766.449,13154.41,1979.789,5558.439,12926.46,1989.36,5463.28,13033.67,2042.597,5429.396
12941.82,1983.353,5321.178,12799.5,1950.195,5866.899,12904.65,1980.544,5833.622,12677.7,1976.692,5593.047,13176.4,2022.614,5646.082,12671.46,2012.767,5712.361,12882.91,1973.057,5404.375,13112.23,1984.858,5466.224,13053.95,1977.858,5553.991,12697.71,2009.544,5499.603,13009.66,1963.221,5848.927,12758.4,1969.389,5766.643,13154.62,1979.789,5558.373,12926.6,1989.36,5463.454,13033.85,2042.597,5429.524
12941.85,1983.353,5321.383,12799.65,1950.195,5867.038,12904.81,1980.544,5833.758,12677.62,1976.692,5593.236,13176.6,2022.614,5646.033,12671.55,2012.767,5712.55,12882.89,1973.057,5404.168,13112.43,1984.858,5466.253,13054.13,1977.858,5553.885,12697.72,2009.544,5499.811,13009.52,1963.221,5849.081,12758.5,1969.389,5766.823,13154.82,1979.789,5558.317,12926.72,1989.36,5463.619,13034.01,2042.597,5429.651
12941.91,1983.353,5321.651,12799.86,1950.195,5867.215,12905.01,1980.544,5833.943,12677.51,1976.692,5593.489,13176.87,2022.614,5645.977,12671.67,2012.767,5712.794,12882.86,1973.057,5403.896,13112.71,1984.858,5466.3,13054.38,1977.858,5553.754,12697.73,2009.544,5500.085,13009.34,1963.221,5849.289,12758.64,1969.389,5767.057,13155.08,1979.789,5558.252,12926.89,1989.36,5463.837,13034.23,2042.597,5429.814
12941.96,1983.353,5321.854,12800.03,1950.195,5867.344,12905.16,1980.544,5834.089,12677.43,1976.692,5593.683,13177.08,2022.614,5645.941,12671.77,2012.767,5712.977,12882.83,1973.057,5403.689,13112.91,1984.858,5466.342,13054.56,1977.858,5553.661,12697.74,2009.544,5500.292,13009.21,1963.221,5849.451,12758.76,1969.389,5767.231,13155.29,1979.789,5558.21,12927.01,1989.36,5464.002,13034.4,2042.597,5429.943
12942.02,1983.353,5322.054,12800.2,1950.195,5867.467,12905.3,1980.544,5834.24,12677.37,1976.692,5593.88,13177.28,2022.614,5645.912,12671.88,2012.767,5713.156,12882.8,1973.057,5403.484,13113.11,1984.858,5466.391,13054.75,1977.858,5553.574,12697.77,2009.544,5500.5,13009.09,1963.221,5849.618,12758.88,1969.389,5767.403,13155.49,1979.789,5558.174,12927.14,1989.36,5464.168,13034.56,2042.597,5430.078
12942.09,1983.353,5322.294,12800.4,1950.195,5867.61,12905.47,1980.544,5834.427,12677.29,1976.692,5594.12,13177.53,2022.614,5645.885,12672.01,2012.767,5713.368,12882.75,1973.057,5403.238,13113.36,1984.858,5466.452,13054.98,1977.858,5553.476,12697.8,2009.544,5500.749,13008.94,1963.221,5849.824,12759.02,1969.389,5767.606,13155.74,1979.789,5558.139,12927.29,1989.36,5464.369,13034.74,2042.597,5430.247
12942.15,1983.353,5322.495,12800.58,1950.195,5867.723,12905.6,1980.544,5834.586,12677.23,1976.692,5594.321,13177.74,2022.614,5645.87,12672.13,2012.767,5713.541,12882.7,1973.057,5403.035,13113.56,1984.858,5466.509,13055.18,1977.858,5553.401,12697.84,2009.544,5500.954,13008.83,1963.221,5849.999,12759.15,1969.389,5767.771,13155.95,1979.789,5558.116,12927.42,1989.36,5464.536,13034.89,2042.597,5430.392
12942.2,1983.353,5322.697,12800.76,1950.195,5867.83,12905.73,1980.544,5834.749,12677.19,1976.692,5594.523,13177.95,2022.614,5645.861,12672.25,2012.767,5713.709,12882.65,1973.057,5402.834,13113.75,1984.858,5466.573,13055.37,1977.858,5553.333,12697.88,2009.544,5501.158,13008.72,1963.221,5850.177,12759.28,1969.389,5767.933,13156.16,1979.789,5558.101,12927.54,1989.36,5464.703,13035.04,2042.597,5430.542
12942.24,1983.353,5322.9,12800.94,1950.195,5867.931,12905.86,1980.544,5834.915,12677.14,1976.692,5594.728,13178.16,2022.614,5645.859,12672.38,2012.767,5713.874,12882.59,1973.057,5402.634,13113.95,1984.858,5466.644,13055.57,1977.858,5553.271,12697.93,2009.544,5501.36,13008.62,1963.221,5850.359,12759.42,1969.389,5768.09,13156.36,1979.789,5558.092,12927.67,1989.36,5464.87,13035.18,2042.597,5430.696
12942.28,1983.353,5323.105,12801.12,1950.195,5868.026,12905.98,1980.544,5835.085,12677.11,1976.692,5594.933,13178.36,2022.614,5645.864,12672.51,2012.767,5714.034,12882.52,1973.057,5402.436,13114.14,1984.858,5466.72,13055.77,1977.858,5553.216,12697.98,2009.544,5501.561,13008.52,1963.221,5850.544,12759.56,1969.389,5768.243,13156.57,1979.789,5558.09,12927.79,1989.36,5465.037,13035.31,2042.597,5430.855
12942.32,1983.353,5323.309,12801.31,1950.195,5868.115,12906.09,1980.544,5835.258,12677.08,1976.692,5595.139,13178.57,2022.614,5645.875,12672.65,2012.767,5714.19,12882.45,1973.057,5402.24,13114.33,1984.858,5466.803,13055.98,1977.858,5553.167,12698.05,2009.544,5501.76,13008.43,1963.221,5850.732,12759.71,1969.389,5768.391,13156.78,1979.789,5558.095,12927.91,1989.36,5465.205,13035.44,2042.597,5431.018
12942.37,1983.353,5323.511,12801.5,1950.195,5868.198,12906.21,1980.544,5835.434,12677.06,1976.692,5595.346,13178.78,2022.614,5645.894,12672.79,2012.767,5714.342,12882.38,1973.057,5402.047,13114.52,1984.858,5466.892,13056.18,1977.858,5553.125,12698.12,2009.544,5501.957,13008.35,1963.221,5850.923,12759.86,1969.389,5768.536,13156.99,1979.789,5558.106,12928.04,1989.36,5465.373,13035.57,2042.597,5431.186
12942.43,1983.353,5323.728,12801.71,1950.195,5868.281,12906.32,1980.544,5835.627,12677.04,1976.692,5595.57,13179,2022.614,5645.921,12672.95,2012.767,5714.501,12882.29,1973.057,5401.841,13114.72,1984.858,5466.995,13056.4,1977.858,5553.087,12698.19,2009.544,5502.17,13008.26,1963.221,5851.131,12760.02,1969.389,5768.687,13157.21,1979.789,5558.126,12928.17,1989.36,5465.554,13035.7,2042.597,5431.368
12942.5,1983.353,5323.926,12801.91,1950.195,5868.352,12906.42,1980.544,5835.809,12677.03,1976.692,5595.778,13179.21,2022.614,5645.954,12673.1,2012.767,5714.645,12882.2,1973.057,5401.652,13114.91,1984.858,5467.096,13056.61,1977.858,5553.058,12698.26,2009.544,5502.366,13008.19,1963.221,5851.327,12760.18,1969.389,5768.823,13157.42,1979.789,5558.152,12928.29,1989.36,5465.722,13035.81,2042.597,5431.541
12942.56,1983.353,5324.123,12802.11,1950.195,5868.417,12906.52,1980.544,5835.994,12677.03,1976.692,5595.987,13179.41,2022.614,5645.992,12673.26,2012.767,5714.783,12882.1,1973.057,5401.467,13115.08,1984.858,5467.203,13056.82,1977.858,5553.036,12698.34,2009.544,5502.559,13008.13,1963.221,5851.525,12760.34,1969.389,5768.956,13157.63,1979.789,5558.184,12928.41,1989.36,5465.89,13035.92,2042.597,5431.717
12942.64,1983.353,5324.317,12802.31,1950.195,5868.475,12906.61,1980.544,5836.181,12677.04,1976.692,5596.195,13179.62,2022.614,5646.038,12673.42,2012.767,5714.917,12882,1973.057,5401.284,13115.26,1984.858,5467.315,13057.02,1977.858,5553.021,12698.4,2009.544,5502.756,13008.07,1963.221,5851.726,12760.5,1969.389,5769.085,13157.83,1979.789,5558.222,12928.54,1989.36,5466.059,13036.04,2042.597,5431.888
12942.72,1983.353,5324.509,12802.51,1950.195,5868.526,12906.7,1980.544,5836.371,12677.05,1976.692,5596.403,13179.82,2022.614,5646.09,12673.58,2012.767,5715.046,12881.89,1973.057,5401.105,13115.43,1984.858,5467.434,13057.23,1977.858,5553.013,12698.47,2009.544,5502.952,13008.02,1963.221,5851.927,12760.67,1969.389,5769.211,13158.03,1979.789,5558.268,12928.66,1989.36,5466.227,13036.16,2042.597,5432.063
12942.81,1983.353,5324.698,12802.71,1950.195,5868.571,12906.78,1980.544,5836.563,12677.07,1976.692,5596.611,13180.02,2022.614,5646.148,12673.75,2012.767,5715.17,12881.78,1973.057,5400.929,13115.6,1984.858,5467.558,13057.44,1977.858,5553.011,12698.55,2009.544,5503.145,13007.97,1963.221,5852.131,12760.84,1969.389,5769.335,13158.24,1979.789,5558.319,12928.78,1989.36,5466.396,13036.26,2042.597,5432.242
12942.9,1983.353,5324.884,12802.92,1950.195,5868.61,12906.85,1980.544,5836.757,12677.09,1976.692,5596.817,13180.22,2022.614,5646.214,12673.92,2012.767,5715.29,12881.67,1973.057,5400.757,13115.76,1984.858,5467.688,13057.65,1977.858,5553.017,12698.64,2009.544,5503.335,13007.94,1963.221,5852.335,12761.01,1969.389,5769.456,13158.44,1979.789,5558.378,12928.9,1989.36,5466.564,13036.36,2042.597,5432.424
12943,1983.353,5325.067,12803.12,1950.195,5868.642,12906.92,1980.544,5836.953,12677.12,1976.692,5597.023,13180.41,2022.614,5646.286,12674.09,2012.767,5715.405,12881.54,1973.057,5400.588,13115.92,1984.858,5467.821,13057.86,1977.858,5553.029,12698.73,2009.544,5503.522,13007.9,1963.221,5852.542,12761.18,1969.389,5769.575,13158.63,1979.789,5558.443,12929.02,1989.36,5466.733,13036.46,2042.597,5432.61
12943.11,1983.353,5325.247,12803.33,1950.195,5868.667,12906.99,1980.544,5837.15,12677.16,1976.692,5597.228,13180.61,2022.614,5646.364,12674.27,2012.767,5715.516,12881.41,1973.057,5400.424,13116.08,1984.858,5467.959,13058.06,1977.858,5553.048,12698.83,2009.544,5503.707,13007.88,1963.221,5852.749,12761.35,1969.389,5769.691,13158.83,1979.789,5558.514,12929.15,1989.36,5466.902,13036.55,2042.597,5432.798
12943.26,1983.353,5325.489,12803.62,1950.195,5868.694,12907.08,1980.544,5837.425,12677.23,1976.692,5597.508,13180.87,2022.614,5646.48,12674.51,2012.767,5715.663,12881.23,1973.057,5400.202,13116.28,1984.858,5468.158,13058.35,1977.858,5553.083,12698.94,2009.544,5503.97,13007.86,1963.221,5853.035,12761.59,1969.389,5769.855,13159.1,1979.789,5558.622,12929.31,1989.36,5467.135,13036.65,2042.597,5433.068
12943.38,1983.353,5325.665,12803.83,1950.195,5868.707,12907.13,1980.544,5837.629,12677.28,1976.692,5597.714,13181.06,2022.614,5646.572,12674.7,2012.767,5715.768,12881.09,1973.057,5400.043,13116.43,1984.858,5468.309,13058.56,1977.858,5553.117,12699.04,2009.544,5504.161,13007.84,1963.221,5853.248,12761.76,1969.389,5769.975,13159.29,1979.789,5558.708,12929.44,1989.36,5467.308,13036.73,2042.597,5433.264
12943.63,1983.353,5326.013,12804.26,1950.195,5868.719,12907.24,1980.544,5838.045,12677.4,1976.692,5598.126,13181.44,2022.614,5646.771,12675.08,2012.767,5715.975,12880.8,1973.057,5399.729,13116.69,1984.858,5468.654,13058.98,1977.858,5553.198,12699.24,2009.544,5504.542,13007.83,1963.221,5853.677,12762.11,1969.389,5770.226,13159.68,1979.789,5558.894,12929.69,1989.36,5467.656,13036.89,2042.597,5433.662
12943.9,1983.353,5326.354,12804.69,1950.195,5868.717,12907.33,1980.544,5838.468,12677.54,1976.692,5598.537,13181.82,2022.614,5646.985,12675.46,2012.767,5716.179,12880.49,1973.057,5399.423,13116.96,1984.858,5468.993,13059.4,1977.858,5553.293,12699.42,2009.544,5504.936,13007.84,1963.221,5854.11,12762.46,1969.389,5770.487,13160.06,1979.789,5559.095,12929.94,1989.36,5468.007,13037.03,2042.597,5434.073
12944.22,1983.353,5326.731,12805.18,1950.195,5868.701,12907.43,1980.544,5838.951,12677.71,1976.692,5598.999,13182.24,2022.614,5647.241,12675.89,2012.767,5716.407,12880.13,1973.057,5399.086,13117.28,1984.858,5469.368,13059.88,1977.858,5553.417,12699.63,2009.544,5505.376,13007.86,1963.221,5854.602,12762.84,1969.389,5770.794,13160.49,1979.789,5559.336,12930.23,1989.36,5468.406,13037.18,2042.597,5434.541
12944.47,1983.353,5327.012,12805.56,1950.195,5868.676,12907.49,1980.544,5839.322,12677.85,1976.692,5599.347,13182.55,2022.614,5647.447,12676.23,2012.767,5716.578,12879.85,1973.057,5398.837,13117.53,1984.858,5469.646,13060.24,1977.858,5553.524,12699.8,2009.544,5505.715,13007.89,1963.221,5854.976,12763.13,1969.389,5771.035,13160.81,1979.789,5559.532,12930.45,1989.36,5468.71,13037.31,2042.597,5434.894
12944.98,1983.353,5327.556,12806.3,1950.195,5868.604,12907.58,1980.544,5840.066,12678.15,1976.692,5600.033,13183.17,2022.614,5647.878,12676.89,2012.767,5716.918,12879.27,1973.057,5398.357,13118.05,1984.858,5470.185,13060.95,1977.858,5553.76,12700.06,2009.544,5506.419,13007.97,1963.221,5855.722,12763.69,1969.389,5771.532,13161.44,1979.789,5559.942,12930.89,1989.36,5469.319,13037.58,2042.597,5435.592
12945.47,1983.353,5328.033,12806.98,1950.195,5868.559,12907.65,1980.544,5840.743,12678.45,1976.692,5600.645,13183.71,2022.614,5648.288,12677.5,2012.767,5717.227,12878.74,1973.057,5397.938,13118.54,1984.858,5470.658,13061.59,1977.858,5553.996,12700.31,2009.544,5507.049,13008.07,1963.221,5856.396,12764.21,1969.389,5771.967,13162,1979.789,5560.333,12931.29,1989.36,5469.87,13037.85,2042.597,5436.215
12945.92,1983.353,5328.455,12807.6,1950.195,5868.533,12907.69,1980.544,5841.363,12678.74,1976.692,5601.196,13184.19,2022.614,5648.678,12678.06,2012.767,5717.507,12878.24,1973.057,5397.571,13119,1984.858,5471.076,13062.17,1977.858,5554.229,12700.57,2009.544,5507.617,13008.18,1963.221,5857.008,12764.7,1969.389,5772.351,13162.49,1979.789,5560.707,12931.65,1989.36,5470.373,13038.12,2042.597,5436.777
12946.57,1983.353,5329.013,12808.46,1950.195,5868.519,12907.73,1980.544,5842.216,12679.12,1976.692,5601.961,13184.84,2022.614,5649.234,12678.83,2012.767,5717.872,12877.53,1973.057,5397.087,13119.65,1984.858,5471.628,13062.94,1977.858,5554.576,12700.94,2009.544,5508.384,13008.35,1963.221,5857.843,12765.39,1969.389,5772.857,13163.16,1979.789,5561.241,12932.15,1989.36,5471.063,13038.51,2042.597,5437.536
12947.12,1983.353,5329.461,12809.17,1950.195,5868.531,12907.78,1980.544,5842.925,12679.42,1976.692,5602.605,13185.36,2022.614,5649.716,12679.48,2012.767,5718.16,12876.94,1973.057,5396.702,13120.21,1984.858,5472.071,13063.58,1977.858,5554.887,12701.27,2009.544,5509.013,13008.45,1963.221,5858.548,12765.97,1969.389,5773.264,13163.7,1979.789,5561.704,12932.57,1989.36,5471.638,13038.86,2042.597,5438.157
12947.89,1983.353,5330.042,12810.13,1950.195,5868.579,12907.88,1980.544,5843.884,12679.81,1976.692,5603.483,13186.05,2022.614,5650.392,12680.37,2012.767,5718.528,12876.11,1973.057,5396.205,13120.98,1984.858,5472.646,13064.44,1977.858,5555.335,12701.75,2009.544,5509.851,13008.61,1963.221,5859.499,12766.78,1969.389,5773.791,13164.41,1979.789,5562.355,12933.14,1989.36,5472.416,13039.35,2042.597,5438.983
12948.54,1983.353,5330.5,12810.92,1950.195,5868.644,12907.99,1980.544,5844.668,12680.14,1976.692,5604.207,13186.6,2022.614,5650.964,12681.11,2012.767,5718.813,12875.42,1973.057,5395.816,13121.63,1984.858,5473.098,13065.13,1977.858,5555.727,12702.16,2009.544,5510.525,13008.76,1963.221,5860.275,12767.46,1969.389,5774.205,13164.97,1979.789,5562.908,12933.61,1989.36,5473.054,13039.78,2042.597,5439.648
12949.43,1983.353,5331.09,12811.99,1950.195,5868.767,12908.17,1980.544,5845.724,12680.56,1976.692,5605.188,13187.31,2022.614,5651.764,12682.12,2012.767,5719.173,12874.47,1973.057,5395.317,13122.53,1984.858,5473.681,13066.04,1977.858,5556.287,12702.79,2009.544,5511.396,13009.01,1963.221,5861.318,12768.38,1969.389,5774.739,13165.72,1979.789,5563.682,12934.24,1989.36,5473.916,13040.39,2042.597,5440.529
12950.17,1983.353,5331.543,12812.84,1950.195,5868.894,12908.35,1980.544,5846.572,12680.92,1976.692,5605.979,13187.87,2022.614,5652.429,12682.94,2012.767,5719.444,12873.69,1973.057,5394.94,13123.27,1984.858,5474.127,13066.76,1977.858,5556.763,12703.36,2009.544,5512.052,13009.23,1963.221,5862.155,12769.15,1969.389,5775.15,13166.34,1979.789,5564.288,12934.73,1989.36,5474.629,13040.91,2042.597,5441.225
12951.18,1983.353,5332.12,12813.99,1950.195,5869.103,12908.62,1980.544,5847.706,12681.4,1976.692,5607.039,13188.58,2022.614,5653.347,12684.05,2012.767,5719.783,12872.63,1973.057,5394.466,13124.25,1984.858,5474.761,13067.72,1977.858,5557.435,12704.09,2009.544,5512.959,13009.57,1963.221,5863.27,12770.19,1969.389,5775.676,13167.2,1979.789,5565.075,12935.36,1989.36,5475.611,13041.64,2042.597,5442.137
12951.98,1983.353,5332.609,12814.9,1950.195,5869.301,12908.87,1980.544,5848.606,12681.8,1976.692,5607.885,13189.13,2022.614,5654.102,12684.95,2012.767,5720.034,12871.76,1973.057,5394.115,13125.02,1984.858,5475.294,13068.46,1977.858,5557.999,12704.65,2009.544,5513.706,13009.88,1963.221,5864.154,12771.03,1969.389,5776.076,13167.91,1979.789,5565.683,12935.84,1989.36,5476.414,13042.21,2042.597,5442.879
12953.03,1983.353,5333.301,12816.12,1950.195,5869.606,12909.25,1980.544,5849.806,12682.33,1976.692,5609.024,13189.91,2022.614,5655.092,12686.17,2012.767,5720.344,12870.58,1973.057,5393.68,13126.03,1984.858,5476.044,13069.44,1977.858,5558.789,12705.37,2009.544,5514.733,13010.32,1963.221,5865.329,12772.18,1969.389,5776.584,13168.89,1979.789,5566.468,12936.45,1989.36,5477.513,13042.96,2042.597,5443.881
12953.97,1983.353,5333.967,12817.23,1950.195,5869.917,12909.62,1980.544,5850.895,12682.8,1976.692,5610.072,13190.58,2022.614,5656.027,12687.29,2012.767,5720.604,12869.49,1973.057,5393.317,13126.94,1984.858,5476.75,13070.31,1977.858,5559.543,12706,2009.544,5515.698,13010.76,1963.221,5866.394,12773.24,1969.389,5777.026,13169.81,1979.789,5567.16,12936.97,1989.36,5478.54,13043.68,2042.597,5444.787
12954.92,1983.353,5334.688,12818.37,1950.195,5870.268,12910.05,1980.544,5852.01,12683.29,1976.692,5611.16,13191.31,2022.614,5656.973,12688.46,2012.767,5720.848,12868.34,1973.057,5392.978,13127.86,1984.858,5477.51,13071.19,1977.858,5560.354,12706.63,2009.544,5516.717,13011.26,1963.221,5867.48,12774.36,1969.389,5777.458,13170.79,1979.789,5567.844,12937.49,1989.36,5479.618,13044.38,2042.597,5445.75
12955.86,1983.353,5335.448,12819.51,1950.195,5870.654,12910.51,1980.544,5853.124,12683.78,1976.692,5612.264,13192.08,2022.614,5657.903,12689.65,2012.767,5721.069,12867.18,1973.057,5392.672,13128.76,1984.858,5478.309,13072.05,1977.858,5561.201,12707.26,2009.544,5517.741,13011.79,1963.221,5868.561,12775.49,1969.389,5777.871,13171.8,1979.789,5568.502,12937.97,1989.36,5480.721,13045.05,2042.597,5446.755
12956.48,1983.353,5335.99,12820.29,1950.195,5870.941,12910.86,1980.544,5853.877,12684.11,1976.692,5613.021,13192.67,2022.614,5658.479,12690.46,2012.767,5721.204,12866.37,1973.057,5392.489,13129.37,1984.858,5478.877,13072.63,1977.858,5561.789,12707.75,2009.544,5518.409,13012.19,1963.221,5869.291,12776.27,1969.389,5778.136,13172.48,1979.789,5568.977,12938.29,1989.36,5481.487,13045.53,2042.597,5447.429
12957.55,1983.353,5336.98,12821.64,1950.195,5871.483,12911.5,1980.544,5855.185,12684.7,1976.692,5614.353,13193.8,2022.614,5659.408,12691.91,2012.767,5721.412,12864.94,1973.057,5392.213,13130.48,1984.858,5479.817,13073.59,1977.858,5562.883,12708.57,2009.544,5519.613,13012.92,1963.221,5870.551,12777.66,1969.389,5778.578,13173.64,1979.789,5569.851,12938.8,1989.36,5482.852,13046.33,2042.597,5448.648
12958.37,1983.353,5337.784,12822.69,1950.195,5871.937,12912.04,1980.544,5856.195,12685.17,1976.692,5615.397,13194.65,2022.614,5660.166,12693.04,2012.767,5721.553,12863.81,1973.057,5392.017,13131.38,1984.858,5480.526,13074.38,1977.858,5563.716,12709.19,2009.544,5520.578,13013.52,1963.221,5871.521,12778.76,1969.389,5778.904,13174.54,1979.789,5570.566,12939.17,1989.36,5483.934,13046.99,2042.597,5449.583
12959.01,1983.353,5338.467,12823.55,1950.195,5872.335,12912.5,1980.544,5857.012,12685.55,1976.692,5616.256,13195.34,2022.614,5660.812,12693.98,2012.767,5721.651,12862.88,1973.057,5391.877,13132.14,1984.858,5481.085,13075.04,1977.858,5564.38,12709.67,2009.544,5521.389,13014.05,1963.221,5872.303,12779.66,1969.389,5779.158,13175.25,1979.789,5571.178,12939.45,1989.36,5484.834,13047.55,2042.597,5450.335
12959.79,1983.353,5339.343,12824.59,1950.195,5872.86,12913.11,1980.544,5858.01,12686.02,1976.692,5617.327,13196.16,2022.614,5661.644,12695.14,2012.767,5721.752,12861.72,1973.057,5391.73,13133.06,1984.858,5481.811,13075.9,1977.858,5565.179,12710.24,2009.544,5522.41,13014.71,1963.221,5873.266,12780.79,1969.389,5779.457,13176.17,1979.789,5571.901,12939.75,1989.36,5485.963,13048.29,2042.597,5451.247
12960.36,1983.353,5340.024,12825.37,1950.195,5873.279,12913.6,1980.544,5858.751,12686.38,1976.692,5618.138,13196.77,2022.614,5662.293,12696.03,2012.767,5721.812,12860.84,1973.057,5391.591,13133.73,1984.858,5482.382,13076.53,1977.858,5565.804,12710.7,2009.544,5523.168,13015.24,1963.221,5873.979,12781.65,1969.389,5779.67,13176.85,1979.789,5572.47,12940.02,1989.36,5486.809,13048.76,2042.597,5451.996
12961.03,1983.353,5340.89,12826.32,1950.195,5873.826,12914.23,1980.544,5859.648,12686.82,1976.692,5619.141,13197.49,2022.614,5663.121,12697.12,2012.767,5721.867,12859.77,1973.057,5391.385,13134.55,1984.858,5483.117,13077.42,1977.858,5566.438,12711.38,2009.544,5524.028,13015.91,1963.221,5874.843,12782.72,1969.389,5779.924,13177.67,1979.789,5573.202,12940.38,1989.36,5487.845,13049.38,2042.597,5452.902
12961.52,1983.353,5341.559,12827.03,1950.195,5874.258,12914.72,1980.544,5860.31,12687.16,1976.692,5619.892,13198.01,2022.614,5663.762,12697.95,2012.767,5721.895,12858.96,1973.057,5391.204,13135.14,1984.858,5483.69,13078.08,1977.858,5566.938,12711.89,2009.544,5524.68,13016.44,1963.221,5875.477,12783.53,1969.389,5780.107,13178.26,1979.789,5573.773,12940.64,1989.36,5488.63,13049.78,2042.597,5453.626
12962.1,1983.353,5342.413,12827.89,1950.195,5874.823,12915.37,1980.544,5861.117,12687.6,1976.692,5620.825,13198.63,2022.614,5664.583,12698.98,2012.767,5721.913,12857.96,1973.057,5390.946,13135.86,1984.858,5484.429,13078.88,1977.858,5567.587,12712.55,2009.544,5525.467,13017.13,1963.221,5876.247,12784.53,1969.389,5780.329,13178.99,1979.789,5574.51,12940.98,1989.36,5489.601,13050.3,2042.597,5454.514
12962.57,1983.353,5343.165,12828.62,1950.195,5875.332,12915.94,1980.544,5861.795,12688.01,1976.692,5621.618,13199.15,2022.614,5665.302,12699.87,2012.767,5721.956,12857.11,1973.057,5390.696,13136.5,1984.858,5485.047,13079.55,1977.858,5568.171,12713.13,2009.544,5526.147,13017.75,1963.221,5876.891,12785.4,1969.389,5780.516,13179.59,1979.789,5575.166,12941.21,1989.36,5490.461,13050.72,2042.597,5455.298
12962.91,1983.353,5343.741,12829.16,1950.195,5875.729,12916.39,1980.544,5862.292,12688.33,1976.692,5622.203,13199.53,2022.614,5665.854,12700.53,2012.767,5722.01,12856.47,1973.057,5390.488,13136.97,1984.858,5485.526,13080.04,1977.858,5568.625,12713.54,2009.544,5526.671,13018.22,1963.221,5877.359,12786.06,1969.389,5780.653,13180.03,1979.789,5575.667,12941.39,1989.36,5491.106,13051.04,2042.597,5455.883
12963.4,1983.353,5344.639,12829.96,1950.195,5876.362,12917.1,1980.544,5863.029,12688.85,1976.692,5623.08,13200.08,2022.614,5666.717,12701.55,2012.767,5722.124,12855.51,1973.057,5390.139,13137.65,1984.858,5486.281,13080.77,1977.858,5569.343,12714.18,2009.544,5527.47,13018.97,1963.221,5878.051,12787.06,1969.389,5780.863,13180.68,1979.789,5576.457,12941.69,1989.36,5492.083,13051.57,2042.597,5456.76
12963.68,1983.353,5345.204,12830.44,1950.195,5876.768,12917.55,1980.544,5863.472,12689.19,1976.692,5623.612,13200.4,2022.614,5667.262,12702.17,2012.767,5722.213,12854.93,1973.057,5389.904,13138.06,1984.858,5486.762,13081.2,1977.858,5569.802,12714.62,2009.544,5527.925,13019.45,1963.221,5878.464,12787.67,1969.389,5780.992,13181.08,1979.789,5576.94,12941.89,1989.36,5492.681,13051.81,2042.597,5457.344
12964.12,1983.353,5346.158,12831.23,1950.195,5877.466,12918.32,1980.544,5864.186,12689.79,1976.692,5624.478,13200.9,2022.614,5668.185,12703.21,2012.767,5722.395,12853.96,1973.057,5389.482,13138.73,1984.858,5487.571,13081.9,1977.858,5570.588,12715.32,2009.544,5528.705,13020.27,1963.221,5879.124,12788.7,1969.389,5781.212,13181.73,1979.789,5577.766,12942.26,1989.36,5493.665,13052.24,2042.597,5458.3
12964.45,1983.353,5346.941,12831.85,1950.195,5878.049,12918.96,1980.544,5864.745,12690.29,1976.692,5625.162,13201.28,2022.614,5668.945,12704.04,2012.767,5722.568,12853.2,1973.057,5389.116,13139.26,1984.858,5488.24,13082.44,1977.858,5571.243,12715.9,2009.544,5529.325,13020.95,1963.221,5879.635,12789.53,1969.389,5781.395,13182.24,1979.789,5578.45,12942.59,1989.36,5494.45,13052.61,2042.597,5459.066
12964.61,1983.353,5347.365,12832.17,1950.195,5878.371,12919.31,1980.544,5865.033,12690.57,1976.692,5625.519,13201.48,2022.614,5669.353,12704.48,2012.767,5722.674,12852.79,1973.057,5388.907,13139.53,1984.858,5488.604,13082.75,1977.858,5571.583,12716.2,2009.544,5529.666,13021.32,1963.221,5879.897,12789.97,1969.389,5781.497,13182.5,1979.789,5578.825,12942.7,1989.36,5494.89,13052.82,2042.597,5459.471
12964.88,1983.353,5348.124,12832.72,1950.195,5878.957,12919.95,1980.544,5865.523,12691.09,1976.692,5626.133,13201.86,2022.614,5670.062,12705.26,2012.767,5722.885,12852.09,1973.057,5388.514,13140,1984.858,5489.258,13083.26,1977.858,5572.202,12716.81,2009.544,5530.191,13021.94,1963.221,5880.405,12790.75,1969.389,5781.687,13182.93,1979.789,5579.501,12942.92,1989.36,5495.662,13053.2,2042.597,5460.177
12965.08,1983.353,5348.787,12833.18,1950.195,5879.477,12920.51,1980.544,5865.931,12691.56,1976.692,5626.648,13202.16,2022.614,5670.685,12705.92,2012.767,5723.087,12851.5,1973.057,5388.156,13140.39,1984.858,5489.833,13083.68,1977.858,5572.75,12717.32,2009.544,5530.662,13022.5,1963.221,5880.827,12791.43,1969.389,5781.861,13183.32,1979.789,5580.073,12943.11,1989.36,5496.329,13053.55,2042.597,5460.78
12965.22,1983.353,5349.288,12833.51,1950.195,5879.876,12920.94,1980.544,5866.224,12691.92,1976.692,5627.023,13202.38,2022.614,5671.159,12706.41,2012.767,5723.253,12851.06,1973.057,5387.873,13140.67,1984.858,5490.27,13083.99,1977.858,5573.172,12717.71,2009.544,5531.003,13022.91,1963.221,5881.136,12791.93,1969.389,5781.999,13183.63,1979.789,5580.492,12943.25,1989.36,5496.83,13053.81,2042.597,5461.225
12965.44,1983.353,5350.205,12834.09,1950.195,5880.62,12921.73,1980.544,5866.732,12692.59,1976.692,5627.681,13202.79,2022.614,5672.005,12707.3,2012.767,5723.579,12850.29,1973.057,5387.334,13141.16,1984.858,5491.074,13084.51,1977.858,5573.954,12718.4,2009.544,5531.647,13023.69,1963.221,5881.672,12792.83,1969.389,5782.275,13184.21,1979.789,5581.232,12943.53,1989.36,5497.732,13054.32,2042.597,5462.022
12965.5,1983.353,5350.462,12834.25,1950.195,5880.832,12921.96,1980.544,5866.868,12692.79,1976.692,5627.858,13202.91,2022.614,5672.239,12707.54,2012.767,5723.677,12850.08,1973.057,5387.177,13141.29,1984.858,5491.302,13084.65,1977.858,5574.177,12718.57,2009.544,5531.849,13023.91,1963.221,5881.814,12793.08,1969.389,5782.36,13184.38,1979.789,5581.434,12943.61,1989.36,5497.98,13054.46,2042.597,5462.242
12965.64,1983.353,5351.276,12834.71,1950.195,5881.513,12922.68,1980.544,5867.272,12693.42,1976.692,5628.395,13203.31,2022.614,5672.964,12708.3,2012.767,5724.003,12849.43,1973.057,5386.662,13141.69,1984.858,5492.025,13085.12,1977.858,5574.862,12719.12,2009.544,5532.465,13024.59,1963.221,5882.29,12793.85,1969.389,5782.648,13184.89,1979.789,5582.083,12943.85,1989.36,5498.773,13054.93,2042.597,5462.921
12965.69,1983.353,5351.652,12834.92,1950.195,5881.832,12923.01,1980.544,5867.448,12693.71,1976.692,5628.631,13203.48,2022.614,5673.303,12708.65,2012.767,5724.161,12849.14,1973.057,5386.416,13141.87,1984.858,5492.362,13085.32,1977.858,5575.184,12719.38,2009.544,5532.74,13024.9,1963.221,5882.498,12794.2,1969.389,5782.79,13185.12,1979.789,5582.388,12943.96,1989.36,5499.134,13055.15,2042.597,5463.23
12965.79,1983.353,5352.42,12835.32,1950.195,5882.497,12923.71,1980.544,5867.788,12694.33,1976.692,5629.095,13203.81,2022.614,5674.005,12709.34,2012.767,5724.498,12848.54,1973.057,5385.933,13142.21,1984.858,5493.057,13085.71,1977.858,5575.853,12719.94,2009.544,5533.283,13025.57,1963.221,5882.9,12794.91,1969.389,5783.101,13185.56,1979.789,5583.027,12944.22,1989.36,5499.864,13055.61,2042.597,5463.854
12965.85,1983.353,5352.958,12835.58,1950.195,5882.969,12924.2,1980.544,5868.012,12694.78,1976.692,5629.404,13204.02,2022.614,5674.503,12709.83,2012.767,5724.74,12848.1,1973.057,5385.61,13142.45,1984.858,5493.542,13085.97,1977.858,5576.326,12720.31,2009.544,5533.671,13026.04,1963.221,5883.167,12795.4,1969.389,5783.331,13185.85,1979.789,5583.482,12944.38,1989.36,5500.382,13055.94,2042.597,5464.283
12965.93,1983.353,5353.558,12835.86,1950.195,5883.506,12924.76,1980.544,5868.246,12695.29,1976.692,5629.733,13204.25,2022.614,5675.063,12710.37,2012.767,5725.019,12847.61,1973.057,5385.264,13142.72,1984.858,5494.082,13086.25,1977.858,5576.865,12720.75,2009.544,5534.091,13026.57,1963.221,5883.447,12795.94,1969.389,5783.604,13186.16,1979.789,5584.001,12944.57,1989.36,5500.957,13056.32,2042.597,5464.758
12965.97,1983.353,5353.937,12836.02,1950.195,5883.849,12925.12,1980.544,5868.384,12695.6,1976.692,5629.947,13204.38,2022.614,5675.42,12710.7,2012.767,5725.195,12847.29,1973.057,5385.058,13142.9,1984.858,5494.419,13086.44,1977.858,5577.192,12721.03,2009.544,5534.346,13026.92,1963.221,5883.612,12796.28,1969.389,5783.785,13186.36,1979.789,5584.323,12944.7,1989.36,5501.313,13056.54,2042.597,5465.064
12966.04,1983.353,5354.521,12836.26,1950.195,5884.386,12925.67,1980.544,5868.582,12696.1,1976.692,5630.261,13204.57,2022.614,5675.979,12711.22,2012.767,5725.472,12846.78,1973.057,5384.754,13143.18,1984.858,5494.936,13086.77,1977.858,5577.682,12721.48,2009.544,5534.726,13027.46,1963.221,5883.85,12796.79,1969.389,5784.079,13186.66,1979.789,5584.83,12944.92,1989.36,5501.858,13056.88,2042.597,5465.549
12966.1,1983.353,5354.898,12836.41,1950.195,5884.74,12926.03,1980.544,5868.7,12696.42,1976.692,5630.475,13204.64,2022.614,5676.354,12711.56,2012.767,5725.654,12846.45,1973.057,5384.568,13143.37,1984.858,5495.267,13086.97,1977.858,5578.007,12721.78,2009.544,5534.962,13027.81,1963.221,5883.992,12797.11,1969.389,5784.28,13186.87,1979.789,5585.152,12945.02,1989.36,5502.226,13057.08,2042.597,5465.871
12966.2,1983.353,5355.463,12836.61,1950.195,5885.279,12926.58,1980.544,5868.864,12696.88,1976.692,5630.819,13204.76,2022.614,5676.915,12712.06,2012.767,5725.935,12845.94,1973.057,5384.305,13143.67,1984.858,5495.758,13087.31,1977.858,5578.468,12722.24,2009.544,5535.304,13028.35,1963.221,5884.189,12797.59,1969.389,5784.596,13187.16,1979.789,5585.646,12945.2,1989.36,5502.775,13057.41,2042.597,5466.34
12966.27,1983.353,5355.816,12836.72,1950.195,5885.621,12926.93,1980.544,5868.957,12697.17,1976.692,5631.026,13204.85,2022.614,5677.264,12712.37,2012.767,5726.115,12845.61,1973.057,5384.15,13143.86,1984.858,5496.061,13087.52,1977.858,5578.764,12722.54,2009.544,5535.508,13028.69,1963.221,5884.302,12797.89,1969.389,5784.803,13187.34,1979.789,5585.961,12945.31,1989.36,5503.116,13057.63,2042.597,5466.629
12966.4,1983.353,5356.349,12836.88,1950.195,5886.145,12927.46,1980.544,5869.085,12697.6,1976.692,5631.36,13205.01,2022.614,5677.79,12712.84,2012.767,5726.392,12845.11,1973.057,5383.931,13144.17,1984.858,5496.51,13087.83,1977.858,5579.216,12723.01,2009.544,5535.792,13029.22,1963.221,5884.456,12798.32,1969.389,5785.131,13187.59,1979.789,5586.445,12945.51,1989.36,5503.627,13057.94,2042.597,5467.079
12966.48,1983.353,5356.667,12836.97,1950.195,5886.463,12927.79,1980.544,5869.154,12697.87,1976.692,5631.552,13205.11,2022.614,5678.102,12713.12,2012.767,5726.561,12844.8,1973.057,5383.81,13144.37,1984.858,5496.775,13088,1977.858,5579.495,12723.3,2009.544,5535.95,13029.54,1963.221,5884.538,12798.58,1969.389,5785.336,13187.74,1979.789,5586.739,12945.63,1989.36,5503.932,13058.13,2042.597,5467.351
12966.69,1983.353,5357.139,12837.08,1950.195,5886.964,12928.29,1980.544,5869.249,12698.3,1976.692,5631.839,13205.26,2022.614,5678.594,12713.56,2012.767,5726.828,12844.32,1973.057,5383.635,13144.66,1984.858,5497.199,13088.26,1977.858,5579.938,12723.74,2009.544,5536.212,13030.04,1963.221,5884.65,12798.98,1969.389,5785.668,13187.95,1979.789,5587.209,12945.85,1989.36,5504.4,13058.4,2042.597,5467.785
12966.81,1983.353,5357.431,12837.15,1950.195,5887.273,12928.6,1980.544,5869.3,12698.56,1976.692,5632.01,13205.38,2022.614,5678.887,12713.83,2012.767,5726.992,12844.02,1973.057,5383.538,13144.83,1984.858,5497.464,13088.42,1977.858,5580.215,12724.01,2009.544,5536.381,13030.35,1963.221,5884.708,12799.21,1969.389,5785.879,13188.09,1979.789,5587.492,12945.97,1989.36,5504.691,13058.56,2042.597,5468.057
12967,1983.353,5357.871,12837.23,1950.195,5887.746,12929.08,1980.544,5869.365,12698.98,1976.692,5632.256,13205.54,2022.614,5679.337,12714.24,2012.767,5727.242,12843.56,1973.057,5383.406,13145.09,1984.858,5497.869,13088.63,1977.858,5580.643,12724.4,2009.544,5536.651,13030.82,1963.221,5884.782,12799.56,1969.389,5786.209,13188.31,1979.789,5587.916,12946.17,1989.36,5505.127,13058.79,2042.597,5468.477
12967.12,1983.353,5358.138,12837.27,1950.195,5888.036,12929.37,1980.544,5869.398,12699.23,1976.692,5632.409,13205.64,2022.614,5679.615,12714.49,2012.767,5727.393,12843.27,1973.057,5383.334,13145.24,1984.858,5498.121,13088.75,1977.858,5580.909,12724.65,2009.544,5536.808,13031.11,1963.221,5884.818,12799.76,1969.389,5786.417,13188.46,1979.789,5588.17,12946.28,1989.36,5505.399,13058.92,2042.597,5468.738
12967.29,1983.353,5358.559,12837.32,1950.195,5888.489,12929.82,1980.544,5869.44,12699.57,1976.692,5632.704,13205.79,2022.614,5680.043,12714.88,2012.767,5727.628,12842.83,1973.057,5383.237,13145.46,1984.858,5498.52,13088.93,1977.858,5581.328,12725.02,2009.544,5537.073,13031.57,1963.221,5884.858,12800.07,1969.389,5786.75,13188.7,1979.789,5588.558,12946.41,1989.36,5505.834,13059.12,2042.597,5469.148
12967.39,1983.353,5358.817,12837.34,1950.195,5888.764,12930.1,1980.544,5869.459,12699.79,1976.692,5632.876,13205.88,2022.614,5680.305,12715.12,2012.767,5727.772,12842.56,1973.057,5383.187,13145.58,1984.858,5498.766,13089.05,1977.858,5581.578,12725.25,2009.544,5537.225,13031.84,1963.221,5884.874,12800.26,1969.389,5786.958,13188.83,1979.789,5588.797,12946.5,1989.36,5506.095,13059.27,2042.597,5469.381
12967.53,1983.353,5359.223,12837.36,1950.195,5889.191,12930.52,1980.544,5869.479,12700.13,1976.692,5633.132,13206.03,2022.614,5680.708,12715.48,2012.767,5728,12842.13,1973.057,5383.124,13145.76,1984.858,5499.154,13089.24,1977.858,5581.96,12725.62,2009.544,5537.444,13032.27,1963.221,5884.888,12800.53,1969.389,5787.287,13189.04,1979.789,5589.175,12946.65,1989.36,5506.496,13059.49,2042.597,5469.751
12967.63,1983.353,5359.54,12837.36,1950.195,5889.525,12930.86,1980.544,5869.489,12700.41,1976.692,5633.322,13206.13,2022.614,5681.024,12715.76,2012.767,5728.177,12841.8,1973.057,5383.085,13145.91,1984.858,5499.453,13089.38,1977.858,5582.263,12725.9,2009.544,5537.625,13032.6,1963.221,5884.887,12800.74,1969.389,5787.55,13189.19,1979.789,5589.472,12946.78,1989.36,5506.806,13059.64,2042.597,5470.045
12967.7,1983.353,5359.751,12837.37,1950.195,5889.746,12931.08,1980.544,5869.519,12700.59,1976.692,5633.442,13206.19,2022.614,5681.237,12715.95,2012.767,5728.29,12841.58,1973.057,5383.066,13146.01,1984.858,5499.654,13089.47,1977.858,5582.467,12726.08,2009.544,5537.744,13032.83,1963.221,5884.88,12800.88,1969.389,5787.72,13189.28,1979.789,5589.672,12946.86,1989.36,5507.009,13059.74,2042.597,5470.243
12967.81,1983.353,5360.181,12837.41,1950.195,5890.189,12931.52,1980.544,5869.593,12700.96,1976.692,5633.684,13206.3,2022.614,5681.667,12716.34,2012.767,5728.509,12841.14,1973.057,5383.044,13146.18,1984.858,5500.063,13089.63,1977.858,5582.881,12726.47,2009.544,5537.963,13033.27,1963.221,5884.85,12801.17,1969.389,5788.056,13189.46,1979.789,5590.08,12947.05,1989.36,5507.411,13059.93,2042.597,5470.647
12967.88,1983.353,5360.403,12837.43,1950.195,5890.42,12931.75,1980.544,5869.626,12701.16,1976.692,5633.804,13206.35,2022.614,5681.894,12716.54,2012.767,5728.619,12840.91,1973.057,5383.04,13146.26,1984.858,5500.28,13089.71,1977.858,5583.101,12726.67,2009.544,5538.084,13033.5,1963.221,5884.827,12801.32,1969.389,5788.227,13189.54,1979.789,5590.296,12947.16,1989.36,5507.617,13060.02,2042.597,5470.861
12967.96,1983.353,5360.723,12837.48,1950.195,5890.748,12932.07,1980.544,5869.663,12701.45,1976.692,5633.966,13206.42,2022.614,5682.219,12716.84,2012.767,5728.769,12840.58,1973.057,5383.044,13146.37,1984.858,5500.593,13089.8,1977.858,5583.417,12726.97,2009.544,5538.232,13033.83,1963.221,5884.784,12801.55,1969.389,5788.465,13189.66,1979.789,5590.608,12947.35,1989.36,5507.888,13060.13,2042.597,5471.171
12968.04,1983.353,5360.958,12837.52,1950.195,5890.991,12932.32,1980.544,5869.682,12701.66,1976.692,5634.1,13206.45,2022.614,5682.463,12717.06,2012.767,5728.876,12840.33,1973.057,5383.056,13146.44,1984.858,5500.829,13089.88,1977.858,5583.653,12727.18,2009.544,5538.349,13034.07,1963.221,5884.743,12801.73,1969.389,5788.637,13189.73,1979.789,5590.843,12947.49,1989.36,5508.094,13060.21,2042.597,5471.404
12968.13,1983.353,5361.255,12837.59,1950.195,5891.295,12932.63,1980.544,5869.725,12701.93,1976.692,5634.26,13206.49,2022.614,5682.772,12717.34,2012.767,5729.008,12840.02,1973.057,5383.081,13146.53,1984.858,5501.128,13089.96,1977.858,5583.953,12727.45,2009.544,5538.506,13034.38,1963.221,5884.682,12801.96,1969.389,5788.848,13189.82,1979.789,5591.142,12947.65,1989.36,5508.359,13060.31,2042.597,5471.701
12968.22,1983.353,5361.478,12837.64,1950.195,5891.528,12932.86,1980.544,5869.766,12702.13,1976.692,5634.376,13206.52,2022.614,5683.009,12717.56,2012.767,5729.112,12839.78,1973.057,5383.108,13146.61,1984.858,5501.354,13090.05,1977.858,5584.175,12727.65,2009.544,5538.633,13034.61,1963.221,5884.615,12802.13,1969.389,5789.015,13189.87,1979.789,5591.374,12947.77,1989.36,5508.567,13060.38,2042.597,5471.929
12968.32,1983.353,5361.754,12837.72,1950.195,5891.812,12933.15,1980.544,5869.826,12702.37,1976.692,5634.556,13206.55,2022.614,5683.303,12717.82,2012.767,5729.242,12839.49,1973.057,5383.15,13146.69,1984.858,5501.635,13090.15,1977.858,5584.452,12727.91,2009.544,5538.782,13034.89,1963.221,5884.541,12802.34,1969.389,5789.226,13189.94,1979.789,5591.662,12947.94,1989.36,5508.807,13060.46,2042.597,5472.212
12968.39,1983.353,5361.965,12837.79,1950.195,5892.022,12933.37,1980.544,5869.86,12702.55,1976.692,5634.686,13206.56,2022.614,5683.523,12718.02,2012.767,5729.343,12839.27,1973.057,5383.189,13146.75,1984.858,5501.848,13090.21,1977.858,5584.663,12728.1,2009.544,5538.887,13035.11,1963.221,5884.493,12802.49,1969.389,5789.389,13189.98,1979.789,5591.879,12948.06,1989.36,5508.991,13060.51,2042.597,5472.427
12968.47,1983.353,5362.231,12837.88,1950.195,5892.284,12933.64,1980.544,5869.913,12702.77,1976.692,5634.85,13206.57,2022.614,5683.8,12718.26,2012.767,5729.473,12839,1973.057,5383.248,13146.82,1984.858,5502.117,13090.3,1977.858,5584.927,12728.34,2009.544,5539.021,13035.38,1963.221,5884.434,12802.67,1969.389,5789.598,13190.04,1979.789,5592.15,12948.21,1989.36,5509.225,13060.59,2042.597,5472.694
12968.54,1983.353,5362.426,12837.96,1950.195,5892.478,12933.85,1980.544,5869.946,12702.94,1976.692,5634.968,13206.57,2022.614,5684.009,12718.45,2012.767,5729.573,12838.8,1973.057,5383.298,13146.86,1984.858,5502.321,13090.35,1977.858,5585.128,12728.52,2009.544,5539.127,13035.58,1963.221,5884.382,12802.8,1969.389,5789.758,13190.09,1979.789,5592.352,12948.33,1989.36,5509.392,13060.66,2042.597,5472.889
12968.62,1983.353,5362.675,12838.06,1950.195,5892.719,12934.11,1980.544,5869.984,12703.16,1976.692,5635.109,13206.59,2022.614,5684.27,12718.67,2012.767,5729.7,12838.55,1973.057,5383.369,13146.91,1984.858,5502.579,13090.41,1977.858,5585.383,12728.74,2009.544,5539.269,13035.84,1963.221,5884.325,12802.96,1969.389,5789.965,13190.16,1979.789,5592.604,12948.48,1989.36,5509.607,13060.74,2042.597,5473.138
12968.71,1983.353,5362.865,12838.15,1950.195,5892.908,12934.31,1980.544,5870.021,12703.34,1976.692,5635.216,13206.62,2022.614,5684.477,12718.86,2012.767,5729.801,12838.35,1973.057,5383.433,13146.94,1984.858,5502.784,13090.45,1977.858,5585.587,12728.92,2009.544,5539.379,13036.04,1963.221,5884.278,12803.09,1969.389,5790.132,13190.21,1979.789,5592.806,12948.6,1989.36,5509.778,13060.8,2042.597,5473.337
12968.8,1983.353,5363.09,12838.26,1950.195,5893.125,12934.55,1980.544,5870.072,12703.55,1976.692,5635.333,13206.64,2022.614,5684.719,12719.07,2012.767,5729.92,12838.12,1973.057,5383.514,13146.99,1984.858,5503.023,13090.5,1977.858,5585.828,12729.12,2009.544,5539.526,13036.28,1963.221,5884.231,12803.22,1969.389,5790.333,13190.26,1979.789,5593.044,12948.74,1989.36,5509.976,13060.86,2042.597,5473.573
12968.87,1983.353,5363.286,12838.36,1950.195,5893.308,12934.75,1980.544,5870.123,12703.73,1976.692,5635.44,13206.65,2022.614,5684.927,12719.25,2012.767,5730.021,12837.93,1973.057,5383.59,13147.06,1984.858,5503.222,13090.54,1977.858,5586.032,12729.29,2009.544,5539.646,13036.48,1963.221,5884.197,12803.34,1969.389,5790.507,13190.3,1979.789,5593.25,12948.86,1989.36,5510.149,13060.92,2042.597,5473.775
12968.96,1983.353,5363.498,12838.47,1950.195,5893.505,12934.97,1980.544,5870.185,12703.91,1976.692,5635.585,13206.65,2022.614,5685.156,12719.45,2012.767,5730.133,12837.72,1973.057,5383.681,13147.12,1984.858,5503.441,13090.59,1977.858,5586.254,12729.46,2009.544,5539.797,13036.71,1963.221,5884.166,12803.46,1969.389,5790.702,13190.33,1979.789,5593.476,12948.98,1989.36,5510.343,13060.97,2042.597,5473.998
12969.04,1983.353,5363.688,12838.58,1950.195,5893.681,12935.17,1980.544,5870.249,12704.07,1976.692,5635.72,13206.65,2022.614,5685.365,12719.63,2012.767,5730.237,12837.53,1973.057,5383.77,13147.18,1984.858,5503.642,13090.63,1977.858,5586.458,12729.62,2009.544,5539.929,13036.92,1963.221,5884.125,12803.56,1969.389,5790.882,13190.37,1979.789,5593.681,12949.09,1989.36,5510.522,13061.02,2042.597,5474.199
12969.13,1983.353,5363.883,12838.7,1950.195,5893.857,12935.38,1980.544,5870.307,12704.24,1976.692,5635.853,13206.64,2022.614,5685.578,12719.81,2012.767,5730.345,12837.34,1973.057,5383.867,13147.22,1984.858,5503.85,13090.67,1977.858,5586.669,12729.79,2009.544,5540.058,13037.13,1963.221,5884.091,12803.67,1969.389,5791.069,13190.42,1979.789,5593.889,12949.21,1989.36,5510.696,13061.07,2042.597,5474.407
12969.21,1983.353,5364.077,12838.83,1950.195,5894.026,12935.58,1980.544,5870.357,12704.4,1976.692,5635.977,13206.62,2022.614,5685.785,12719.99,2012.767,5730.452,12837.15,1973.057,5383.968,13147.27,1984.858,5504.054,13090.71,1977.858,5586.873,12729.94,2009.544,5540.207,13037.33,1963.221,5884.063,12803.76,1969.389,5791.254,13190.47,1979.789,5594.09,12949.33,1989.36,5510.87,13061.12,2042.597,5474.611
12969.28,1983.353,5364.273,12838.96,1950.195,5894.19,12935.78,1980.544,5870.413,12704.57,1976.692,5636.096,13206.6,2022.614,5685.992,12720.17,2012.767,5730.56,12836.98,1973.057,5384.075,13147.3,1984.858,5504.259,13090.77,1977.858,5587.073,12730.09,2009.544,5540.35,13037.54,1963.221,5884.043,12803.85,1969.389,5791.441,13190.53,1979.789,5594.291,12949.44,1989.36,5511.047,13061.15,2042.597,5474.816
12969.35,1983.353,5364.467,12839.09,1950.195,5894.35,12935.98,1980.544,5870.464,12704.75,1976.692,5636.209,13206.57,2022.614,5686.199,12720.35,2012.767,5730.668,12836.8,1973.057,5384.188,13147.33,1984.858,5504.466,13090.82,1977.858,5587.274,12730.24,2009.544,5540.489,13037.74,1963.221,5884.008,12803.94,1969.389,5791.631,13190.59,1979.789,5594.489,12949.54,1989.36,5511.228,13061.18,2042.597,5475.023
12969.42,1983.353,5364.664,12839.23,1950.195,5894.506,12936.18,1980.544,5870.511,12704.93,1976.692,5636.313,13206.56,2022.614,5686.407,12720.53,2012.767,5730.776,12836.63,1973.057,5384.306,13147.36,1984.858,5504.671,13090.87,1977.858,5587.478,12730.4,2009.544,5540.622,13037.95,1963.221,5883.98,12804.02,1969.389,5791.824,13190.65,1979.789,5594.689,12949.64,1989.36,5511.412,13061.23,2042.597,5475.226
12969.49,1983.353,5364.862,12839.37,1950.195,5894.657,12936.39,1980.544,5870.524,12705.11,1976.692,5636.422,13206.55,2022.614,5686.615,12720.71,2012.767,5730.883,12836.46,1973.057,5384.43,13147.4,1984.858,5504.875,13090.91,1977.858,5587.682,12730.57,2009.544,5540.75,13038.16,1963.221,5883.959,12804.09,1969.389,5792.018,13190.7,1979.789,5594.891,12949.73,1989.36,5511.599,13061.27,2042.597,5475.43
12969.55,1983.353,5365.061,12839.52,1950.195,5894.805,12936.6,1980.544,5870.544,12705.28,1976.692,5636.538,13206.55,2022.614,5686.826,12720.89,2012.767,5730.991,12836.29,1973.057,5384.561,13147.47,1984.858,5505.075,13090.92,1977.858,5587.893,12730.74,2009.544,5540.874,13038.37,1963.221,5883.936,12804.16,1969.389,5792.216,13190.74,1979.789,5595.097,12949.83,1989.36,5511.785,13061.32,2042.597,5475.636
12969.64,1983.353,5365.25,12839.67,1950.195,5894.946,12936.81,1980.544,5870.571,12705.46,1976.692,5636.646,13206.55,2022.614,5687.034,12721.06,2012.767,5731.097,12836.14,1973.057,5384.695,13147.53,1984.858,5505.273,13090.93,1977.858,5588.101,12730.91,2009.544,5540.991,13038.57,1963.221,5883.908,12804.23,1969.389,5792.414,13190.78,1979.789,5595.302,12949.94,1989.36,5511.962,13061.37,2042.597,5475.838
12969.73,1983.353,5365.441,12839.83,1950.195,5895.083,12937.02,1980.544,5870.604,12705.64,1976.692,5636.76,13206.55,2022.614,5687.243,12721.24,2012.767,5731.204,12835.98,1973.057,5384.835,13147.59,1984.858,5505.474,13090.95,1977.858,5588.308,12731.08,2009.544,5541.106,13038.78,1963.221,5883.887,12804.29,1969.389,5792.613,13190.83,1979.789,5595.506,12950.04,1989.36,5512.143,13061.42,2042.597,5476.038
12969.8,1983.353,5365.634,12839.99,1950.195,5895.214,12937.22,1980.544,5870.644,12705.81,1976.692,5636.868,13206.52,2022.614,5687.449,12721.42,2012.767,5731.311,12835.83,1973.057,5384.979,13147.65,1984.858,5505.674,13090.96,1977.858,5588.516,12731.26,2009.544,5541.215,13038.99,1963.221,5883.873,12804.34,1969.389,5792.814,13190.87,1979.789,5595.71,12950.14,1989.36,5512.327,13061.47,2042.597,5476.24
12969.88,1983.353,5365.829,12840.16,1950.195,5895.34,12937.42,1980.544,5870.691,12706,1976.692,5636.971,13206.49,2022.614,5687.655,12721.6,2012.767,5731.417,12835.69,1973.057,5385.129,13147.7,1984.858,5505.876,13090.98,1977.858,5588.723,12731.43,2009.544,5541.33,13039.2,1963.221,5883.866,12804.39,1969.389,5793.016,13190.91,1979.789,5595.914,12950.23,1989.36,5512.514,13061.52,2042.597,5476.444
12969.96,1983.353,5366.023,12840.33,1950.195,5895.46,12937.63,1980.544,5870.731,12706.19,1976.692,5637.045,13206.46,2022.614,5687.862,12721.78,2012.767,5731.524,12835.54,1973.057,5385.283,13147.74,1984.858,5506.08,13091.01,1977.858,5588.93,12731.61,2009.544,5541.438,13039.4,1963.221,5883.856,12804.44,1969.389,5793.22,13190.96,1979.789,5596.115,12950.31,1989.36,5512.709,13061.53,2042.597,5476.652
12970.03,1983.353,5366.219,12840.5,1950.195,5895.575,12937.83,1980.544,5870.775,12706.38,1976.692,5637.126,13206.44,2022.614,5688.069,12721.96,2012.767,5731.628,12835.41,1973.057,5385.442,13147.78,1984.858,5506.284,13091.03,1977.858,5589.137,12731.79,2009.544,5541.544,13039.61,1963.221,5883.821,12804.48,1969.389,5793.424,13191.01,1979.789,5596.318,12950.39,1989.36,5512.901,13061.54,2042.597,5476.859
12970.1,1983.353,5366.451,12840.71,1950.195,5895.703,12938.07,1980.544,5870.823,12706.6,1976.692,5637.229,13206.43,2022.614,5688.313,12722.17,2012.767,5731.748,12835.26,1973.057,5385.632,13147.82,1984.858,5506.525,13091.04,1977.858,5589.381,12732,2009.544,5541.662,13039.85,1963.221,5883.789,12804.52,1969.389,5793.665,13191.06,1979.789,5596.558,12950.49,1989.36,5513.124,13061.57,2042.597,5477.102
12970.18,1983.353,5366.658,12840.9,1950.195,5895.814,12938.29,1980.544,5870.859,12706.8,1976.692,5637.329,13206.42,2022.614,5688.536,12722.37,2012.767,5731.857,12835.12,1973.057,5385.812,13147.85,1984.858,5506.747,13091.05,1977.858,5589.604,12732.19,2009.544,5541.786,13040.07,1963.221,5883.766,12804.55,1969.389,5793.886,13191.09,1979.789,5596.778,12950.58,1989.36,5513.325,13061.59,2042.597,5477.324
12970.33,1983.353,5367.078,12841.3,1950.195,5896.023,12938.73,1980.544,5870.947,12707.21,1976.692,5637.516,13206.43,2022.614,5688.981,12722.75,2012.767,5732.077,12834.87,1973.057,5386.178,13147.94,1984.858,5507.182,13091.06,1977.858,5590.05,12732.57,2009.544,5542.021,13040.52,1963.221,5883.735,12804.6,1969.389,5794.329,13191.15,1979.789,5597.221,12950.76,1989.36,5513.735,13061.68,2042.597,5477.761
12970.43,1983.353,5367.382,12841.58,1950.195,5896.164,12939.04,1980.544,5870.999,12707.5,1976.692,5637.641,13206.42,2022.614,5689.301,12723.03,2012.767,5732.232,12834.7,1973.057,5386.446,13148,1984.858,5507.496,13091.08,1977.858,5590.369,12732.85,2009.544,5542.181,13040.83,1963.221,5883.687,12804.63,1969.389,5794.646,13191.2,1979.789,5597.536,12950.89,1989.36,5514.024,13061.73,2042.597,5478.076
12970.59,1983.353,5367.948,12842.12,1950.195,5896.405,12939.61,1980.544,5871.146,12708.04,1976.692,5637.889,13206.42,2022.614,5689.889,12723.55,2012.767,5732.517,12834.39,1973.057,5386.95,13148.09,1984.858,5508.077,13091.13,1977.858,5590.954,12733.35,2009.544,5542.485,13041.42,1963.221,5883.616,12804.67,1969.389,5795.233,13191.31,1979.789,5598.114,12951.07,1989.36,5514.583,13061.85,2042.597,5478.652
12970.72,1983.353,5368.475,12842.62,1950.195,5896.612,12940.14,1980.544,5871.29,12708.52,1976.692,5638.134,13206.44,2022.614,5690.432,12724.02,2012.767,5732.78,12834.13,1973.057,5387.424,13148.16,1984.858,5508.616,13091.2,1977.858,5591.494,12733.82,2009.544,5542.751,13041.96,1963.221,5883.568,12804.69,1969.389,5795.776,13191.42,1979.789,5598.645,12951.24,1989.36,5515.101,13061.94,2042.597,5479.188
12970.83,1983.353,5368.859,12843,1950.195,5896.752,12940.52,1980.544,5871.382,12708.9,1976.692,5638.266,13206.52,2022.614,5690.824,12724.37,2012.767,5732.974,12833.95,1973.057,5387.779,13148.21,1984.858,5509.012,13091.26,1977.858,5591.888,12734.15,2009.544,5542.974,13042.36,1963.221,5883.546,12804.7,1969.389,5796.174,13191.5,1979.789,5599.037,12951.38,1989.36,5515.476,13062.03,2042.597,5479.576
12971.04,1983.353,5369.694,12843.81,1950.195,5897.028,12941.37,1980.544,5871.555,12709.7,1976.692,5638.575,13206.66,2022.614,5691.673,12725.13,2012.767,5733.388,12833.58,1973.057,5388.556,13148.34,1984.858,5509.863,13091.45,1977.858,5592.727,12734.88,2009.544,5543.43,13043.22,1963.221,5883.527,12804.69,1969.389,5797.035,13191.63,1979.789,5599.887,12951.7,1989.36,5516.275,13062.2,2042.597,5480.42
12971.24,1983.353,5370.376,12844.49,1950.195,5897.233,12942.07,1980.544,5871.675,12710.37,1976.692,5638.819,13206.75,2022.614,5692.377,12725.75,2012.767,5733.728,12833.29,1973.057,5389.207,13148.48,1984.858,5510.56,13091.59,1977.858,5593.423,12735.49,2009.544,5543.792,13043.92,1963.221,5883.474,12804.67,1969.389,5797.744,13191.72,1979.789,5600.591,12951.98,1989.36,5516.925,13062.32,2042.597,5481.121
12971.38,1983.353,5370.836,12844.96,1950.195,5897.358,12942.55,1980.544,5871.741,12710.82,1976.692,5639,13206.79,2022.614,5692.858,12726.17,2012.767,5733.957,12833.12,1973.057,5389.655,13148.55,1984.858,5511.037,13091.67,1977.858,5593.899,12735.91,2009.544,5544.038,13044.41,1963.221,5883.454,12804.65,1969.389,5798.227,13191.79,1979.789,5601.068,12952.19,1989.36,5517.36,13062.36,2042.597,5481.602
12971.68,1983.353,5371.878,12846.01,1950.195,5897.605,12943.61,1980.544,5871.949,12711.81,1976.692,5639.438,13206.93,2022.614,5693.933,12727.12,2012.767,5734.475,12832.75,1973.057,5390.675,13148.68,1984.858,5512.112,13091.93,1977.858,5594.952,12736.86,2009.544,5544.558,13045.49,1963.221,5883.445,12804.57,1969.389,5799.307,13191.92,1979.789,5602.144,12952.69,1989.36,5518.322,13062.48,2042.597,5482.679
12971.82,1983.353,5373.049,12847.17,1950.195,5897.836,12944.77,1980.544,5872.138,12712.87,1976.692,5639.95,13207.04,2022.614,5695.106,12728.16,2012.767,5735.044,12832.38,1973.057,5391.797,13148.87,1984.858,5513.277,13092.17,1977.858,5596.105,12737.87,2009.544,5545.166,13046.67,1963.221,5883.473,12804.45,1969.389,5800.48,13192.01,1979.789,5603.32,12953.26,1989.36,5519.353,13062.44,2042.597,5483.857
12971.86,1983.353,5373.343,12847.46,1950.195,5897.885,12945.07,1980.544,5872.176,12713.13,1976.692,5640.088,13207.06,2022.614,5695.403,12728.42,2012.767,5735.189,12832.3,1973.057,5392.082,13148.91,1984.858,5513.572,13092.22,1977.858,5596.398,12738.12,2009.544,5545.325,13046.96,1963.221,5883.49,12804.42,1969.389,5800.775,13192.04,1979.789,5603.615,12953.41,1989.36,5519.61,13062.44,2042.597,5484.154
12972.02,1983.353,5374.56,12848.67,1950.195,5898.127,12946.26,1980.544,5872.461,12714.2,1976.692,5640.692,13207.3,2022.614,5696.607,12729.48,2012.767,5735.797,12832,1973.057,5393.272,13149.02,1984.858,5514.794,13092.4,1977.858,5597.613,12739.18,2009.544,5545.952,13048.19,1963.221,5883.601,12804.31,1969.389,5801.998,13192.21,1979.789,5604.832,12954.07,1989.36,5520.646,13062.47,2042.597,5485.382
12972.19,1983.353,5375.54,12849.63,1950.195,5898.354,12947.24,1980.544,5872.66,12715.05,1976.692,5641.209,13207.47,2022.614,5697.586,12730.34,2012.767,5736.3,12831.79,1973.057,5394.243,13149.08,1984.858,5515.786,13092.54,1977.858,5598.596,12740,2009.544,5546.51,13049.17,1963.221,5883.722,12804.24,1969.389,5802.988,13192.37,1979.789,5605.811,12954.69,1989.36,5521.425,13062.52,2042.597,5486.373
12972.32,1983.353,5376.195,12850.28,1950.195,5898.528,12947.88,1980.544,5872.834,12715.61,1976.692,5641.575,13207.59,2022.614,5698.244,12730.91,2012.767,5736.645,12831.67,1973.057,5394.9,13149.1,1984.858,5516.454,13092.61,1977.858,5599.26,12740.56,2009.544,5546.867,13049.83,1963.221,5883.842,12804.21,1969.389,5803.655,13192.46,1979.789,5606.473,12955.11,1989.36,5521.946,13062.58,2042.597,5487.04
12972.64,1983.353,5377.596,12851.65,1950.195,5898.948,12949.28,1980.544,5873.164,12716.84,1976.692,5642.324,13207.8,2022.614,5699.666,12732.13,2012.767,5737.405,12831.46,1973.057,5396.323,13149.11,1984.858,5517.892,13092.85,1977.858,5600.679,12741.76,2009.544,5547.669,13051.24,1963.221,5884.147,12804.17,1969.389,5805.093,13192.61,1979.789,5607.904,12955.97,1989.36,5523.096,13062.73,2042.597,5488.47
12972.93,1983.353,5378.673,12852.71,1950.195,5899.309,12950.35,1980.544,5873.474,12717.77,1976.692,5642.935,13207.93,2022.614,5700.773,12733.06,2012.767,5738.025,12831.33,1973.057,5397.43,13149.16,1984.858,5519.006,13092.99,1977.858,5601.785,12742.7,2009.544,5548.261,13052.31,1963.221,5884.442,12804.18,1969.389,5806.208,13192.76,1979.789,5609.009,12956.61,1989.36,5524.009,13062.81,2042.597,5489.582
12973.22,1983.353,5379.643,12853.66,1950.195,5899.667,12951.32,1980.544,5873.758,12718.63,1976.692,5643.462,13208.02,2022.614,5701.782,12733.88,2012.767,5738.616,12831.24,1973.057,5398.439,13149.14,1984.858,5520.018,13093.19,1977.858,5602.778,12743.58,2009.544,5548.771,13053.28,1963.221,5884.724,12804.21,1969.389,5807.22,13192.98,1979.789,5609.997,12957.19,1989.36,5524.837,13062.85,2042.597,5490.593
12973.78,1983.353,5381.336,12855.3,1950.195,5900.352,12953.03,1980.544,5874.269,12720.12,1976.692,5644.439,13208.23,2022.614,5703.553,12735.29,2012.767,5739.702,12831.15,1973.057,5400.22,13149.17,1984.858,5521.801,13093.47,1977.858,5604.539,12745.1,2009.544,5549.702,13055.01,1963.221,5885.163,12804.34,1969.389,5808.998,13193.32,1979.789,5611.747,12958.17,1989.36,5526.329,13062.86,2042.597,5492.376
12973.93,1983.353,5381.715,12855.67,1950.195,5900.52,12953.42,1980.544,5874.372,12720.47,1976.692,5644.65,13208.27,2022.614,5703.957,12735.61,2012.767,5739.96,12831.14,1973.057,5400.625,13149.19,1984.858,5522.206,13093.52,1977.858,5604.941,12745.45,2009.544,5549.899,13055.41,1963.221,5885.25,12804.38,1969.389,5809.401,13193.39,1979.789,5612.148,12958.38,1989.36,5526.675,13062.81,2042.597,5492.779
12974.46,1983.353,5383.267,12857.14,1950.195,5901.248,12955.02,1980.544,5874.756,12721.97,1976.692,5645.323,13208.24,2022.614,5705.596,12736.84,2012.767,5741.042,12831.17,1973.057,5402.265,13149.32,1984.858,5523.841,13093.68,1977.858,5606.573,12746.9,2009.544,5550.66,13057.02,1963.221,5885.549,12804.61,1969.389,5811.026,13193.59,1979.789,5613.775,12959.19,1989.36,5528.102,13062.67,2042.597,5494.413
12974.97,1983.353,5384.92,12858.67,1950.195,5902.066,12956.69,1980.544,5875.215,12723.52,1976.692,5646.083,13208.26,2022.614,5707.325,12738.1,2012.767,5742.226,12831.25,1973.057,5403.993,13149.51,1984.858,5525.56,13093.79,1977.858,5608.299,12748.46,2009.544,5551.413,13058.71,1963.221,5885.92,12804.9,1969.389,5812.73,13193.75,1979.789,5615.497,12960.08,1989.36,5529.582,13062.51,2042.597,5496.134
12975.18,1983.353,5385.549,12859.24,1950.195,5902.399,12957.32,1980.544,5875.413,12724.11,1976.692,5646.396,13208.33,2022.614,5707.987,12738.57,2012.767,5742.696,12831.3,1973.057,5404.656,13149.6,1984.858,5526.218,13093.81,1977.858,5608.964,12749.09,2009.544,5551.635,13059.36,1963.221,5886.042,12805.03,1969.389,5813.382,13193.8,1979.789,5616.161,12960.44,1989.36,5530.141,13062.45,2042.597,5496.797
12975.74,1983.353,5387.358,12860.85,1950.195,5903.401,12959.11,1980.544,5876.024,12725.75,1976.692,5647.337,13208.47,2022.614,5709.874,12739.86,2012.767,5744.079,12831.51,1973.057,5406.536,13149.82,1984.858,5528.098,13093.93,1977.858,5610.853,12750.85,2009.544,5552.327,13061.21,1963.221,5886.448,12805.47,1969.389,5815.223,13193.76,1979.789,5618.053,12961.52,1989.36,5531.7,13062.29,2042.597,5498.681
12975.94,1983.353,5388.177,12861.55,1950.195,5903.872,12959.91,1980.544,5876.3,12726.47,1976.692,5647.782,13208.51,2022.614,5710.718,12740.42,2012.767,5744.714,12831.64,1973.057,5407.372,13149.9,1984.858,5528.939,13094.11,1977.858,5611.678,12751.63,2009.544,5552.643,13062.03,1963.221,5886.656,12805.69,1969.389,5816.037,13193.77,1979.789,5618.897,12962.02,1989.36,5532.381,13062.21,2042.597,5499.521
12976.26,1983.353,5389.34,12862.53,1950.195,5904.576,12961.08,1980.544,5876.579,12727.47,1976.692,5648.445,13208.62,2022.614,5711.917,12741.18,2012.767,5745.646,12831.85,1973.057,5408.558,13149.97,1984.858,5530.141,13094.33,1977.858,5612.863,12752.74,2009.544,5553.129,13063.19,1963.221,5886.991,12806.05,1969.389,5817.188,13193.82,1979.789,5620.101,12962.75,1989.36,5533.333,13062.11,2042.597,5500.721
12976.53,1983.353,5390.471,12863.48,1950.195,5905.237,12962.21,1980.544,5876.884,12728.42,1976.692,5649.117,13208.74,2022.614,5713.074,12741.89,2012.767,5746.57,12832.09,1973.057,5409.695,13150.08,1984.858,5531.299,13094.5,1977.858,5614.013,12753.78,2009.544,5553.634,13064.32,1963.221,5887.278,12806.43,1969.389,5818.287,13193.91,1979.789,5621.26,12963.49,1989.36,5534.23,13062.01,2042.597,5501.879
12976.73,1983.353,5391.214,12864.1,1950.195,5905.696,12962.94,1980.544,5877.111,12729.04,1976.692,5649.583,13208.79,2022.614,5713.842,12742.27,2012.767,5747.239,12832.28,1973.057,5410.442,13150.17,1984.858,5532.063,13094.59,1977.858,5614.778,12754.47,2009.544,5553.99,13065.07,1963.221,5887.443,12806.7,1969.389,5819.006,13194,1979.789,5622.026,12964,1989.36,5534.81,13061.94,2042.597,5502.646
12977.24,1983.353,5392.857,12865.45,1950.195,5906.766,12964.57,1980.544,5877.671,12730.46,1976.692,5650.549,13208.96,2022.614,5715.554,12743.17,2012.767,5748.704,12832.75,1973.057,5412.098,13150.44,1984.858,5533.762,13094.74,1977.858,5616.492,12755.96,2009.544,5554.836,13066.76,1963.221,5887.752,12807.37,1969.389,5820.592,13194.24,1979.789,5623.729,12965.17,1989.36,5536.073,13061.79,2042.597,5504.359
12977.5,1983.353,5393.604,12866.09,1950.195,5907.229,12965.33,1980.544,5877.867,12731.1,1976.692,5651.014,13209.02,2022.614,5716.343,12743.61,2012.767,5749.363,12832.99,1973.057,5412.851,13150.59,1984.858,5534.538,13094.78,1977.858,5617.281,12756.64,2009.544,5555.247,13067.53,1963.221,5887.92,12807.7,1969.389,5821.311,13194.38,1979.789,5624.507,12965.72,1989.36,5536.638,13061.73,2042.597,5505.146
12977.87,1983.353,5394.563,12866.91,1950.195,5907.849,12966.32,1980.544,5878.153,12731.91,1976.692,5651.645,13209.12,2022.614,5717.364,12744.2,2012.767,5750.201,12833.33,1973.057,5413.818,13150.76,1984.858,5535.551,13094.8,1977.858,5618.308,12757.5,2009.544,5555.809,13068.53,1963.221,5888.147,12808.16,1969.389,5822.229,13194.59,1979.789,5625.512,12966.46,1989.36,5537.352,13061.64,2042.597,5506.169
12978.09,1983.353,5395.205,12867.46,1950.195,5908.244,12966.97,1980.544,5878.36,12732.43,1976.692,5652.08,13209.18,2022.614,5718.041,12744.61,2012.767,5750.742,12833.58,1973.057,5414.451,13150.85,1984.858,5536.225,13094.84,1977.858,5618.987,12758.05,2009.544,5556.199,13069.2,1963.221,5888.292,12808.48,1969.389,5822.827,13194.71,1979.789,5626.181,12966.96,1989.36,5537.81,13061.59,2042.597,5506.847
12978.4,1983.353,5396.666,12868.7,1950.195,5909.08,12968.38,1980.544,5878.852,12733.67,1976.692,5652.91,13209.38,2022.614,5719.521,12745.56,2012.767,5751.9,12834.17,1973.057,5415.821,13151.01,1984.858,5537.709,13094.96,1977.858,5620.474,12759.25,2009.544,5557.097,13070.65,1963.221,5888.655,12809.24,1969.389,5824.115,13194.93,1979.789,5627.659,12968.09,1989.36,5538.786,13061.47,2042.597,5508.333
12978.57,1983.353,5397.339,12869.28,1950.195,5909.453,12969.03,1980.544,5879.098,12734.24,1976.692,5653.315,13209.48,2022.614,5720.208,12745.96,2012.767,5752.461,12834.47,1973.057,5416.449,13151.06,1984.858,5538.401,13095.05,1977.858,5621.164,12759.8,2009.544,5557.521,13071.31,1963.221,5888.846,12809.61,1969.389,5824.703,13195.06,1979.789,5628.339,12968.63,1989.36,5539.226,13061.41,2042.597,5509.025
12978.91,1983.353,5398.57,12870.38,1950.195,5910.112,12970.21,1980.544,5879.585,12735.25,1976.692,5654.094,13209.68,2022.614,5721.47,12746.73,2012.767,5753.489,12835.05,1973.057,5417.588,13151.13,1984.858,5539.677,13095.06,1977.858,5622.442,12760.83,2009.544,5558.269,13072.57,1963.221,5889.095,12810.32,1969.389,5825.762,13195.27,1979.789,5629.601,12969.64,1989.36,5540.007,13061.31,2042.597,5510.299
12979.05,1983.353,5399.131,12870.88,1950.195,5910.396,12970.74,1980.544,5879.817,12735.69,1976.692,5654.46,13209.76,2022.614,5722.042,12747.08,2012.767,5753.94,12835.33,1973.057,5418.092,13151.15,1984.858,5540.253,13095.08,1977.858,5623.018,12761.29,2009.544,5558.621,13073.13,1963.221,5889.226,12810.66,1969.389,5826.228,13195.4,1979.789,5630.163,12970.1,1989.36,5540.347,13061.27,2042.597,5510.873
12979.25,1983.353,5399.893,12871.58,1950.195,5910.768,12971.45,1980.544,5880.155,12736.29,1976.692,5654.981,13209.86,2022.614,5722.824,12747.59,2012.767,5754.542,12835.73,1973.057,5418.77,13151.15,1984.858,5541.042,13095.14,1977.858,5623.805,12761.93,2009.544,5559.084,13073.9,1963.221,5889.403,12811.15,1969.389,5826.852,13195.55,1979.789,5630.938,12970.75,1989.36,5540.796,13061.21,2042.597,5511.66
12979.47,1983.353,5400.583,12872.22,1950.195,5911.091,12972.09,1980.544,5880.48,12736.81,1976.692,5655.476,13209.99,2022.614,5723.536,12748.01,2012.767,5755.13,12836.12,1973.057,5419.378,13151.13,1984.858,5541.765,13095.16,1977.858,5624.527,12762.51,2009.544,5559.518,13074.6,1963.221,5889.55,12811.61,1969.389,5827.408,13195.66,1979.789,5631.652,12971.36,1989.36,5541.19,13061.15,2042.597,5512.379
12979.76,1983.353,5401.439,12873.04,1950.195,5911.477,12972.89,1980.544,5880.908,12737.45,1976.692,5656.116,13210.22,2022.614,5724.411,12748.56,2012.767,5755.849,12836.64,1973.057,5420.123,13151.09,1984.858,5542.667,13095.21,1977.858,5625.43,12763.21,2009.544,5560.083,13075.48,1963.221,5889.763,12812.21,1969.389,5828.084,13195.77,1979.789,5632.549,12972.13,1989.36,5541.665,13061.09,2042.597,5513.281
12979.89,1983.353,5402.099,12873.65,1950.195,5911.748,12973.47,1980.544,5881.241,12737.94,1976.692,5656.576,13210.37,2022.614,5725.066,12748.98,2012.767,5756.376,12836.98,1973.057,5420.7,13151.04,1984.858,5543.338,13095.23,1977.858,5626.103,12763.72,2009.544,5560.521,13076.13,1963.221,5889.942,12812.67,1969.389,5828.572,13195.83,1979.789,5633.219,12972.69,1989.36,5542.036,13061.06,2042.597,5513.953
12980.09,1983.353,5402.924,12874.44,1950.195,5912.072,12974.2,1980.544,5881.681,12738.54,1976.692,5657.176,13210.53,2022.614,5725.899,12749.53,2012.767,5757.024,12837.44,1973.057,5421.413,13150.96,1984.858,5544.182,13095.23,1977.858,5626.951,12764.41,2009.544,5561.022,13076.94,1963.221,5890.196,12813.27,1969.389,5829.168,13195.88,1979.789,5634.066,12973.38,1989.36,5542.526,13061.05,2042.597,5514.801
12980.25,1983.353,5403.542,12875.03,1950.195,5912.302,12974.74,1980.544,5882.028,12738.95,1976.692,5657.667,13210.63,2022.614,5726.531,12749.94,2012.767,5757.509,12837.81,1973.057,5421.939,13150.88,1984.858,5544.817,13095.24,1977.858,5627.59,12764.91,2009.544,5561.415,13077.54,1963.221,5890.407,12813.74,1969.389,5829.604,13195.9,1979.789,5634.706,12973.89,1989.36,5542.914,13061.06,2042.597,5515.441
12980.48,1983.353,5404.298,12875.78,1950.195,5912.569,12975.39,1980.544,5882.474,12739.48,1976.692,5658.255,13210.73,2022.614,5727.314,12750.48,2012.767,5758.091,12838.28,1973.057,5422.574,13150.81,1984.858,5545.604,13095.24,1977.858,5628.38,12765.52,2009.544,5561.919,13078.29,1963.221,5890.672,12814.34,1969.389,5830.121,13195.89,1979.789,5635.496,12974.5,1989.36,5543.413,13061.1,2042.597,5516.23
12980.68,1983.353,5404.866,12876.35,1950.195,5912.758,12975.88,1980.544,5882.825,12739.89,1976.692,5658.689,13210.79,2022.614,5727.912,12750.9,2012.767,5758.519,12838.65,1973.057,5423.043,13150.78,1984.858,5546.204,13095.22,1977.858,5628.98,12765.97,2009.544,5562.318,13078.85,1963.221,5890.893,12814.8,1969.389,5830.499,13195.89,1979.789,5636.096,12974.96,1989.36,5543.806,13061.15,2042.597,5516.828
12980.83,1983.353,5405.593,12877.06,1950.195,5912.976,12976.47,1980.544,5883.277,12740.39,1976.692,5659.242,13210.83,2022.614,5728.654,12751.44,2012.767,5759.033,12839.12,1973.057,5423.622,13150.76,1984.858,5546.947,13095.16,1977.858,5629.722,12766.51,2009.544,5562.83,13079.53,1963.221,5891.188,12815.4,1969.389,5830.949,13195.99,1979.789,5636.833,12975.5,1989.36,5544.313,13061.24,2042.597,5517.567
12980.97,1983.353,5406.144,12877.6,1950.195,5913.13,12976.91,1980.544,5883.634,12740.75,1976.692,5659.679,13210.85,2022.614,5729.221,12751.86,2012.767,5759.411,12839.47,1973.057,5424.067,13150.77,1984.858,5547.514,13095.1,1977.858,5630.286,12766.97,2009.544,5563.166,13080.04,1963.221,5891.43,12815.86,1969.389,5831.276,13196.04,1979.789,5637.398,12975.9,1989.36,5544.712,13061.32,2042.597,5518.128
12981.16,1983.353,5406.818,12878.27,1950.195,5913.342,12977.46,1980.544,5884.057,12741.22,1976.692,5660.203,13210.84,2022.614,5729.922,12752.35,2012.767,5759.914,12839.84,1973.057,5424.663,13150.8,1984.858,5548.214,13095.01,1977.858,5630.98,12767.52,2009.544,5563.599,13080.67,1963.221,5891.75,12816.45,1969.389,5831.663,13196.09,1979.789,5638.097,12976.38,1989.36,5545.221,13061.44,2042.597,5518.818
12981.32,1983.353,5407.321,12878.77,1950.195,5913.518,12977.9,1980.544,5884.362,12741.58,1976.692,5660.586,13210.82,2022.614,5730.449,12752.73,2012.767,5760.281,12840.13,1973.057,5425.103,13150.8,1984.858,5548.742,13094.96,1977.858,5631.505,12767.92,2009.544,5563.938,13081.13,1963.221,5892.005,12816.89,1969.389,5831.939,13196.1,1979.789,5638.625,12976.73,1989.36,5545.617,13061.55,2042.597,5519.335
12981.54,1983.353,5407.933,12879.37,1950.195,5913.754,12978.44,1980.544,5884.719,12742.04,1976.692,5661.043,13210.78,2022.614,5731.098,12753.21,2012.767,5760.718,12840.51,1973.057,5425.631,13150.79,1984.858,5549.392,13094.91,1977.858,5632.154,12768.41,2009.544,5564.373,13081.69,1963.221,5892.339,12817.44,1969.389,5832.287,13196.11,1979.789,5639.274,12977.15,1989.36,5546.117,13061.7,2042.597,5519.967
12981.72,1983.353,5408.397,12879.84,1950.195,5913.936,12978.86,1980.544,5884.98,12742.41,1976.692,5661.382,13210.74,2022.614,5731.595,12753.57,2012.767,5761.06,12840.81,1973.057,5426.033,13150.77,1984.858,5549.89,13094.89,1977.858,5632.652,12768.78,2009.544,5564.709,13082.12,1963.221,5892.581,12817.87,1969.389,5832.541,13196.09,1979.789,5639.773,12977.45,1989.36,5546.512,13061.83,2042.597,5520.448
12981.89,1983.353,5408.989,12880.4,1950.195,5914.179,12979.39,1980.544,5885.304,12742.84,1976.692,5661.825,13210.68,2022.614,5732.207,12754.03,2012.767,5761.467,12841.19,1973.057,5426.516,13150.73,1984.858,5550.503,13094.89,1977.858,5633.268,12769.24,2009.544,5565.108,13082.67,1963.221,5892.861,12818.41,1969.389,5832.835,13196.05,1979.789,5640.387,12977.81,1989.36,5547.01,13062.01,2042.597,5521.037
12982,1983.353,5409.444,12880.85,1950.195,5914.334,12979.79,1980.544,5885.538,12743.16,1976.692,5662.169,13210.62,2022.614,5732.672,12754.37,2012.767,5761.796,12841.47,1973.057,5426.887,13150.68,1984.858,5550.97,13094.87,1977.858,5633.737,12769.59,2009.544,5565.424,13083.07,1963.221,5893.112,12818.83,1969.389,5833.05,13196.01,1979.789,5640.854,12978.08,1989.36,5547.399,13062.16,2042.597,5521.481
12982.17,1983.353,5410.04,12881.42,1950.195,5914.557,12980.34,1980.544,5885.829,12743.59,1976.692,5662.609,13210.58,2022.614,5733.29,12754.82,2012.767,5762.215,12841.87,1973.057,5427.365,13150.6,1984.858,5551.584,13094.91,1977.858,5634.355,12770.03,2009.544,5565.855,13083.6,1963.221,5893.427,12819.37,1969.389,5833.351,13195.99,1979.789,5641.473,12978.41,1989.36,5547.923,13062.37,2042.597,5522.062
12982.3,1983.353,5410.542,12881.9,1950.195,5914.76,12980.81,1980.544,5886.058,12743.97,1976.692,5662.966,13210.54,2022.614,5733.807,12755.22,2012.767,5762.554,12842.17,1973.057,5427.789,13150.53,1984.858,5552.097,13094.92,1977.858,5634.874,12770.42,2009.544,5566.204,13084.05,1963.221,5893.676,12819.79,1969.389,5833.657,13196.01,1979.789,5641.991,12978.67,1989.36,5548.372,13062.56,2042.597,5522.543
12982.51,1983.353,5411.263,12882.58,1950.195,5915.076,12981.46,1980.544,5886.437,12744.5,1976.692,5663.504,13210.49,2022.614,5734.558,12755.78,2012.767,5763.047,12842.62,1973.057,5428.389,13150.44,1984.858,5552.844,13094.91,1977.858,5635.626,12770.91,2009.544,5566.771,13084.73,1963.221,5894.015,12820.41,1969.389,5834.082,13196.01,1979.789,5642.744,12979.03,1989.36,5549.034,13062.86,2042.597,5523.234
12982.78,1983.353,5412.073,12883.35,1950.195,5915.46,12982.21,1980.544,5886.843,12745.06,1976.692,5664.148,13210.42,2022.614,5735.408,12756.44,2012.767,5763.595,12843.11,1973.057,5429.086,13150.37,1984.858,5553.694,13094.87,1977.858,5636.479,12771.44,2009.544,5567.439,13085.44,1963.221,5894.483,12821.1,1969.389,5834.589,13196.05,1979.789,5643.597,12979.41,1989.36,5549.797,13063.22,2042.597,5524.009
12982.87,1983.353,5412.375,12883.63,1950.195,5915.596,12982.48,1980.544,5886.997,12745.27,1976.692,5664.378,13210.38,2022.614,5735.72,12756.65,2012.767,5763.832,12843.3,1973.057,5429.336,13150.35,1984.858,5554.008,13094.84,1977.858,5636.792,12771.65,2009.544,5567.679,13085.71,1963.221,5894.646,12821.35,1969.389,5834.777,13196.05,1979.789,5643.911,12979.58,1989.36,5550.059,13063.36,2042.597,5524.291
12983.13,1983.353,5413.42,12884.58,1950.195,5916.092,12983.43,1980.544,5887.496,12746.1,1976.692,5665.065,13210.27,2022.614,5736.792,12757.38,2012.767,5764.619,12843.88,1973.057,5430.245,13150.33,1984.858,5555.084,13094.73,1977.858,5637.862,12772.35,2009.544,5568.497,13086.65,1963.221,5895.176,12822.17,1969.389,5835.478,13196.1,1979.789,5644.986,12980.14,1989.36,5550.976,13063.86,2042.597,5525.244
12983.36,1983.353,5414.221,12885.35,1950.195,5916.431,12984.17,1980.544,5887.883,12746.72,1976.692,5665.617,13210.22,2022.614,5737.622,12757.97,2012.767,5765.208,12844.35,1973.057,5430.933,13150.34,1984.858,5555.917,13094.61,1977.858,5638.687,12772.91,2009.544,5569.11,13087.38,1963.221,5895.562,12822.82,1969.389,5835.998,13196.11,1979.789,5645.819,12980.59,1989.36,5551.677,13064.27,2042.597,5525.97
12983.59,1983.353,5414.973,12886.05,1950.195,5916.775,12984.88,1980.544,5888.228,12747.33,1976.692,5666.123,13210.19,2022.614,5738.41,12758.54,2012.767,5765.748,12844.82,1973.057,5431.568,13150.38,1984.858,5556.705,13094.53,1977.858,5639.47,12773.46,2009.544,5569.679,13088.09,1963.221,5895.904,12823.4,1969.389,5836.533,13196.18,1979.789,5646.604,12981,1989.36,5552.354,13064.63,2042.597,5526.671
12983.95,1983.353,5415.964,12886.99,1950.195,5917.265,12985.84,1980.544,5888.655,12748.11,1976.692,5666.823,13210.06,2022.614,5739.453,12759.22,2012.767,5766.554,12845.46,1973.057,5432.396,13150.46,1984.858,5557.753,13094.45,1977.858,5640.519,12774.21,2009.544,5570.414,13089.06,1963.221,5896.33,12824.16,1969.389,5837.253,13196.23,1979.789,5647.654,12981.58,1989.36,5553.228,13065.08,2042.597,5527.621
12984.26,1983.353,5416.777,12887.74,1950.195,5917.696,12986.65,1980.544,5888.978,12748.74,1976.692,5667.426,13209.97,2022.614,5740.322,12759.8,2012.767,5767.205,12845.94,1973.057,5433.128,13150.42,1984.858,5558.625,13094.41,1977.858,5641.391,12774.85,2009.544,5571.003,13089.87,1963.221,5896.656,12824.82,1969.389,5837.831,13196.25,1979.789,5648.527,12982.09,1989.36,5553.94,13065.43,2042.597,5528.421
12984.72,1983.353,5417.831,12888.76,1950.195,5918.229,12987.76,1980.544,5889.279,12749.62,1976.692,5668.164,13209.9,2022.614,5741.468,12760.59,2012.767,5768.034,12846.6,1973.057,5434.069,13150.42,1984.858,5559.773,13094.4,1977.858,5642.539,12775.74,2009.544,5571.73,13090.94,1963.221,5897.051,12825.7,1969.389,5838.562,13196.24,1979.789,5649.674,12982.72,1989.36,5554.897,13065.85,2042.597,5529.487
12985.21,1983.353,5418.636,12889.61,1950.195,5918.638,12988.66,1980.544,5889.543,12750.34,1976.692,5668.769,13209.96,2022.614,5742.407,12761.26,2012.767,5768.703,12847.13,1973.057,5434.842,13150.45,1984.858,5560.714,13094.25,1977.858,5643.469,12776.49,2009.544,5572.303,13091.84,1963.221,5897.345,12826.45,1969.389,5839.137,13196.23,1979.789,5650.616,12983.21,1989.36,5555.7,13066.17,2042.597,5530.374
12985.82,1983.353,5419.718,12890.71,1950.195,5919.214,12989.84,1980.544,5889.932,12751.27,1976.692,5669.599,13210,2022.614,5743.65,12762.14,2012.767,5769.579,12847.88,1973.057,5435.838,13150.52,1984.858,5561.956,13094.1,1977.858,5644.704,12777.45,2009.544,5573.09,13092.98,1963.221,5897.831,12827.36,1969.389,5839.982,13196.22,1979.789,5651.859,12983.83,1989.36,5556.779,13066.55,2042.597,5531.557
12986.42,1983.353,5420.88,12891.92,1950.195,5919.717,12991.07,1980.544,5890.381,12752.18,1976.692,5670.543,13210.11,2022.614,5744.956,12763.1,2012.767,5770.471,12848.7,1973.057,5436.862,13150.56,1984.858,5563.266,13093.97,1977.858,5646.007,12778.52,2009.544,5573.852,13094.18,1963.221,5898.354,12828.31,1969.389,5840.886,13196.37,1979.789,5653.161,12984.44,1989.36,5557.938,13066.92,2042.597,5532.816
12986.95,1983.353,5421.963,12893.01,1950.195,5920.214,12992.19,1980.544,5890.831,12753.04,1976.692,5671.382,13210.17,2022.614,5746.156,12764.03,2012.767,5771.226,12849.47,1973.057,5437.781,13150.63,1984.858,5564.465,13093.88,1977.858,5647.206,12779.47,2009.544,5574.582,13095.3,1963.221,5898.797,12829.21,1969.389,5841.687,13196.5,1979.789,5654.356,12984.97,1989.36,5559.018,13067.3,2042.597,5533.954
12987.22,1983.353,5422.586,12893.62,1950.195,5920.516,12992.79,1980.544,5891.139,12753.54,1976.692,5671.841,13210.18,2022.614,5746.836,12764.55,2012.767,5771.671,12849.93,1973.057,5438.287,13150.65,1984.858,5565.146,13093.86,1977.858,5647.886,12780,2009.544,5575.013,13095.94,1963.221,5899.028,12829.73,1969.389,5842.123,13196.61,1979.789,5655.028,12985.25,1989.36,5559.64,13067.55,2042.597,5534.588
12987.75,1983.353,5424.076,12895.02,1950.195,5921.263,12994.23,1980.544,5891.81,12754.74,1976.692,5672.868,13210.26,2022.614,5748.415,12765.65,2012.767,5772.802,12851.02,1973.057,5439.426,13150.73,1984.858,5566.724,13093.85,1977.858,5649.466,12781.29,2009.544,5575.92,13097.41,1963.221,5899.611,12830.97,1969.389,5843.096,13196.81,1979.789,5656.595,12986.05,1989.36,5560.998,13068.12,2042.597,5536.063
12988.03,1983.353,5424.806,12895.75,1950.195,5921.528,12994.95,1980.544,5892.119,12755.27,1976.692,5673.444,13210.21,2022.614,5749.197,12766.21,2012.767,5773.353,12851.55,1973.057,5440.008,13150.79,1984.858,5567.505,13093.87,1977.858,5650.25,12781.97,2009.544,5576.322,13098.15,1963.221,5899.876,12831.58,1969.389,5843.593,13196.94,1979.789,5657.368,12986.43,1989.36,5561.684,13068.44,2042.597,5536.778
12988.53,1983.353,5426.205,12897.13,1950.195,5922.077,12996.33,1980.544,5892.659,12756.31,1976.692,5674.501,13210.17,2022.614,5750.68,12767.3,2012.767,5774.361,12852.45,1973.057,5441.188,13150.95,1984.858,5568.98,13093.96,1977.858,5651.731,12783.22,2009.544,5577.124,13099.53,1963.221,5900.424,12832.76,1969.389,5844.495,13197.13,1979.789,5658.84,12987.11,1989.36,5563.006,13069,2042.597,5538.152
12988.92,1983.353,5427.21,12898.12,1950.195,5922.508,12997.35,1980.544,5893.019,12757.1,1976.692,5675.246,13210.09,2022.614,5751.757,12768.11,2012.767,5775.069,12853.07,1973.057,5442.072,13151.1,1984.858,5570.05,13094.06,1977.858,5652.806,12784.11,2009.544,5577.736,13100.54,1963.221,5900.79,12833.64,1969.389,5845.123,13197.23,1979.789,5659.916,12987.66,1989.36,5563.936,13069.37,2042.597,5539.165
12989.34,1983.353,5428.175,12899.07,1950.195,5922.959,12998.33,1980.544,5893.385,12757.84,1976.692,5675.981,13209.99,2022.614,5752.802,12768.93,2012.767,5775.73,12853.67,1973.057,5442.93,13151.28,1984.858,5571.084,13094.19,1977.858,5653.848,12784.95,2009.544,5578.36,13101.52,1963.221,5901.167,12834.51,1969.389,5845.706,13197.29,1979.789,5660.963,12988.2,1989.36,5564.833,13069.72,2042.597,5540.156
12989.73,1983.353,5429.106,12899.97,1950.195,5923.422,12999.29,1980.544,5893.694,12758.54,1976.692,5676.714,13209.88,2022.614,5753.807,12769.71,2012.767,5776.371,12854.28,1973.057,5443.735,13151.42,1984.858,5572.084,13094.34,1977.858,5654.845,12785.74,2009.544,5578.987,13102.48,1963.221,5901.499,12835.36,1969.389,5846.256,13197.47,1979.789,5661.958,12988.7,1989.36,5565.712,13069.91,2042.597,5541.148
12990.14,1983.353,5430.003,12900.86,1950.195,5923.848,13000.22,1980.544,5894.022,12759.23,1976.692,5677.414,13209.82,2022.614,5754.791,12770.49,2012.767,5776.972,12854.85,1973.057,5444.542,13151.54,1984.858,5573.064,13094.53,1977.858,5655.814,12786.5,2009.544,5579.624,13103.42,1963.221,5901.792,12836.2,1969.389,5846.773,13197.61,1979.789,5662.934,12989.15,1989.36,5566.587,13070.12,2042.597,5542.111
12990.43,1983.353,5430.58,12901.45,1950.195,5924.109,13000.82,1980.544,5894.253,12759.7,1976.692,5677.856,13209.8,2022.614,5755.436,12770.99,2012.767,5777.378,12855.22,1973.057,5445.073,13151.55,1984.858,5573.708,13094.63,1977.858,5656.452,12787,2009.544,5580.023,13104.04,1963.221,5901.963,12836.73,1969.389,5847.145,13197.68,1979.789,5663.575,12989.43,1989.36,5567.167,13070.28,2042.597,5542.736
12991.02,1983.353,5431.657,12902.59,1950.195,5924.576,13001.96,1980.544,5894.727,12760.63,1976.692,5678.671,13209.73,2022.614,5756.665,12771.89,2012.767,5778.227,12855.95,1973.057,5446.065,13151.63,1984.858,5574.938,13094.83,1977.858,5657.666,12787.94,2009.544,5580.816,13105.25,1963.221,5902.167,12837.75,1969.389,5847.821,13197.78,1979.789,5664.803,12989.94,1989.36,5568.289,13070.62,2042.597,5543.921
12991.3,1983.353,5432.198,12903.16,1950.195,5924.791,13002.52,1980.544,5894.973,12761.09,1976.692,5679.059,13209.72,2022.614,5757.272,12772.34,2012.767,5778.631,12856.32,1973.057,5446.542,13151.69,1984.858,5575.542,13094.97,1977.858,5658.259,12788.42,2009.544,5581.192,13105.85,1963.221,5902.287,12838.25,1969.389,5848.172,13197.81,1979.789,5665.41,12990.18,1989.36,5568.849,13070.8,2042.597,5544.501
12991.79,1983.353,5433.243,12904.25,1950.195,5925.169,13003.56,1980.544,5895.469,12761.9,1976.692,5679.887,13209.73,2022.614,5758.428,12773.23,2012.767,5779.371,12857.07,1973.057,5447.426,13151.83,1984.858,5576.688,13095.23,1977.858,5659.385,12789.42,2009.544,5581.77,13106.98,1963.221,5902.551,12839.21,1969.389,5848.809,13197.88,1979.789,5666.563,12990.6,1989.36,5569.925,13071.17,2042.597,5545.594
12992.05,1983.353,5433.754,12904.79,1950.195,5925.342,13004.07,1980.544,5895.727,12762.31,1976.692,5680.283,13209.74,2022.614,5758.999,12773.68,2012.767,5779.722,12857.45,1973.057,5447.85,13151.92,1984.858,5577.252,13095.36,1977.858,5659.941,12789.91,2009.544,5582.071,13107.53,1963.221,5902.7,12839.7,1969.389,5849.108,13197.94,1979.789,5667.131,12990.79,1989.36,5570.463,13071.37,2042.597,5546.128
12992.5,1983.353,5434.739,12905.81,1950.195,5925.704,13005.05,1980.544,5896.185,12763.12,1976.692,5681.008,13209.78,2022.614,5760.082,12774.55,2012.767,5780.359,12858.2,1973.057,5448.631,13152.11,1984.858,5578.319,13095.68,1977.858,5660.976,12790.81,2009.544,5582.672,13108.58,1963.221,5902.964,12840.64,1969.389,5849.645,13198.08,1979.789,5668.205,12991.12,1989.36,5571.493,13071.78,2042.597,5547.132
12992.85,1983.353,5435.446,12906.55,1950.195,5925.991,13005.78,1980.544,5896.495,12763.72,1976.692,5681.518,13209.84,2022.614,5760.87,12775.21,2012.767,5780.803,12858.73,1973.057,5449.214,13152.27,1984.858,5579.093,13095.94,1977.858,5661.722,12791.45,2009.544,5583.132,13109.34,1963.221,5903.182,12841.31,1969.389,5850.065,13198.11,1979.789,5668.995,12991.35,1989.36,5572.251,13072.1,2042.597,5547.856
12993.24,1983.353,5436.101,12907.25,1950.195,5926.292,13006.49,1980.544,5896.771,12764.32,1976.692,5681.99,13209.87,2022.614,5761.63,12775.86,2012.767,5781.198,12859.27,1973.057,5449.758,13152.34,1984.858,5579.851,13096.17,1977.858,5662.448,12792.06,2009.544,5583.596,13110.06,1963.221,5903.416,12841.97,1969.389,5850.448,13198.17,1979.789,5669.754,12991.54,1989.36,5572.987,13072.42,2042.597,5548.544
12993.6,1983.353,5436.75,12907.92,1950.195,5926.602,13007.19,1980.544,5897.017,12764.9,1976.692,5682.452,13209.9,2022.614,5762.371,12776.51,2012.767,5781.546,12859.8,1973.057,5450.27,13152.44,1984.858,5580.587,13096.37,1977.858,5663.162,12792.56,2009.544,5584.138,13110.73,1963.221,5903.729,12842.62,1969.389,5850.8,13198.21,1979.789,5670.494,12991.71,1989.36,5573.708,13072.76,2042.597,5549.206
12993.86,1983.353,5437.249,12908.44,1950.195,5926.819,13007.73,1980.544,5897.139,12765.32,1976.692,5682.819,13209.95,2022.614,5762.928,12777,2012.767,5781.825,12860.19,1973.057,5450.669,13152.52,1984.858,5581.14,13096.5,1977.858,5663.705,12792.96,2009.544,5584.535,13111.25,1963.221,5903.948,12843.1,1969.389,5851.089,13198.26,1979.789,5671.051,12991.86,1989.36,5574.248,13072.99,2042.597,5549.713
12994.22,1983.353,5438.026,12909.24,1950.195,5927.126,13008.56,1980.544,5897.353,12765.99,1976.692,5683.362,13210.01,2022.614,5763.785,12777.73,2012.767,5782.277,12860.82,1973.057,5451.263,13152.68,1984.858,5581.983,13096.68,1977.858,5664.545,12793.52,2009.544,5585.181,13112.05,1963.221,5904.259,12843.85,1969.389,5851.508,13198.31,1979.789,5671.909,12992.11,1989.36,5575.069,13073.33,2042.597,5550.503
12994.46,1983.353,5438.492,12909.73,1950.195,5927.299,13009.07,1980.544,5897.499,12766.36,1976.692,5683.731,13210.03,2022.614,5764.308,12778.17,2012.767,5782.567,12861.18,1973.057,5451.634,13152.79,1984.858,5582.496,13096.77,1977.858,5665.061,12793.88,2009.544,5585.563,13112.54,1963.221,5904.432,12844.32,1969.389,5851.748,13198.36,1979.789,5672.43,12992.28,1989.36,5575.564,13073.52,2042.597,5550.991
12994.8,1983.353,5439.216,12910.5,1950.195,5927.542,13009.83,1980.544,5897.743,12766.94,1976.692,5684.275,13209.96,2022.614,5765.104,12778.82,2012.767,5783.031,12861.71,1973.057,5452.237,13152.97,1984.858,5583.275,13096.88,1977.858,5665.853,12794.45,2009.544,5586.128,13113.31,1963.221,5904.672,12845.03,1969.389,5852.107,13198.36,1979.789,5673.23,12992.47,1989.36,5576.341,13073.78,2042.597,5551.746
12995.08,1983.353,5439.783,12911.11,1950.195,5927.719,13010.43,1980.544,5897.954,12767.42,1976.692,5684.692,13209.91,2022.614,5765.738,12779.35,2012.767,5783.383,12862.14,1973.057,5452.702,13153.11,1984.858,5583.895,13096.95,1977.858,5666.485,12794.91,2009.544,5586.565,13113.92,1963.221,5904.843,12845.55,1969.389,5852.469,13198.38,1979.789,5673.865,12992.64,1989.36,5576.954,13073.97,2042.597,5552.353
12995.32,1983.353,5440.121,12911.51,1950.195,5927.824,13010.81,1980.544,5898.102,12767.74,1976.692,5684.962,13209.89,2022.614,5766.152,12779.72,2012.767,5783.569,12862.41,1973.057,5453.02,13153.2,1984.858,5584.299,13097.01,1977.858,5666.895,12795.22,2009.544,5586.84,13114.32,1963.221,5904.941,12845.9,1969.389,5852.694,13198.41,1979.789,5674.278,12992.73,1989.36,5577.357,13074.13,2042.597,5552.735
12995.76,1983.353,5440.783,12912.28,1950.195,5928.011,13011.55,1980.544,5898.405,12768.33,1976.692,5685.482,13209.89,2022.614,5766.945,12780.43,2012.767,5783.917,12862.94,1973.057,5453.613,13153.47,1984.858,5585.042,13097.09,1977.858,5667.683,12795.75,2009.544,5587.429,13115.08,1963.221,5905.155,12846.58,1969.389,5853.103,13198.46,1979.789,5675.07,12992.94,1989.36,5578.124,13074.41,2042.597,5553.477
12995.97,1983.353,5441.118,12912.66,1950.195,5928.116,13011.92,1980.544,5898.543,12768.63,1976.692,5685.745,13209.87,2022.614,5767.338,12780.78,2012.767,5784.101,12863.21,1973.057,5453.898,13153.6,1984.858,5585.415,13097.15,1977.858,5668.073,12796.02,2009.544,5587.713,13115.46,1963.221,5905.273,12846.92,1969.389,5853.294,13198.47,1979.789,5675.464,12993.05,1989.36,5578.501,13074.57,2042.597,5553.836
12996.45,1983.353,5441.974,12913.6,1950.195,5928.409,13012.84,1980.544,5898.875,12769.38,1976.692,5686.377,13209.86,2022.614,5768.323,12781.63,2012.767,5784.59,12863.88,1973.057,5454.617,13153.89,1984.858,5586.357,13097.22,1977.858,5669.055,12796.73,2009.544,5588.4,13116.39,1963.221,5905.599,12847.8,1969.389,5853.746,13198.54,1979.789,5676.446,12993.36,1989.36,5579.434,13074.95,2042.597,5554.748
12996.71,1983.353,5442.352,12914.03,1950.195,5928.561,13013.28,1980.544,5899.016,12769.75,1976.692,5686.661,13209.79,2022.614,5768.778,12782.02,2012.767,5784.831,12864.21,1973.057,5454.943,13154,1984.858,5586.801,13097.27,1977.858,5669.513,12797.07,2009.544,5588.71,13116.83,1963.221,5905.742,12848.2,1969.389,5853.98,13198.54,1979.789,5676.906,12993.48,1989.36,5579.879,13075.11,2042.597,5555.179
12996.83,1983.353,5442.526,12914.22,1950.195,5928.636,13013.48,1980.544,5899.073,12769.91,1976.692,5686.784,13209.76,2022.614,5768.984,12782.2,2012.767,5784.94,12864.34,1973.057,5455.1,13154.05,1984.858,5587.004,13097.29,1977.858,5669.72,12797.21,2009.544,5588.858,13117.03,1963.221,5905.8,12848.38,1969.389,5854.08,13198.54,1979.789,5677.114,12993.54,1989.36,5580.079,13075.17,2042.597,5555.376
12997.24,1983.353,5443.08,12914.87,1950.195,5928.888,13014.15,1980.544,5899.249,12770.46,1976.692,5687.21,13209.68,2022.614,5769.67,12782.84,2012.767,5785.21,12864.77,1973.057,5455.645,13154.19,1984.858,5587.682,13097.37,1977.858,5670.406,12797.71,2009.544,5589.332,13117.7,1963.221,5905.971,12848.99,1969.389,5854.395,13198.59,1979.789,5677.803,12993.75,1989.36,5580.735,13075.37,2042.597,5556.039
12997.51,1983.353,5443.473,12915.31,1950.195,5929.08,13014.61,1980.544,5899.357,12770.81,1976.692,5687.53,13209.63,2022.614,5770.146,12783.27,2012.767,5785.412,12865.07,1973.057,5456.012,13154.29,1984.858,5588.148,13097.43,1977.858,5670.881,12798.06,2009.544,5589.663,13118.16,1963.221,5906.074,12849.43,1969.389,5854.599,13198.68,1979.789,5678.273,12993.89,1989.36,5581.194,13075.49,2042.597,5556.501
12997.76,1983.353,5443.817,12915.7,1950.195,5929.238,13015.02,1980.544,5899.464,12771.14,1976.692,5687.802,13209.6,2022.614,5770.567,12783.65,2012.767,5785.602,12865.36,1973.057,5456.327,13154.42,1984.858,5588.553,13097.46,1977.858,5671.302,12798.34,2009.544,5589.98,13118.58,1963.221,5906.151,12849.81,1969.389,5854.767,13198.74,1979.789,5678.691,12993.99,1989.36,5581.604,13075.53,2042.597,5556.921
12998.05,1983.353,5444.25,12916.19,1950.195,5929.417,13015.52,1980.544,5899.608,12771.54,1976.692,5688.124,13209.57,2022.614,5771.086,12784.1,2012.767,5785.851,12865.7,1973.057,5456.715,13154.55,1984.858,5589.055,13097.52,1977.858,5671.818,12798.69,2009.544,5590.359,13119.09,1963.221,5906.263,12850.27,1969.389,5855.013,13198.85,1979.789,5679.198,12994.1,1989.36,5582.111,13075.6,2042.597,5557.436
12998.25,1983.353,5444.586,12916.56,1950.195,5929.543,13015.9,1980.544,5899.728,12771.85,1976.692,5688.375,13209.57,2022.614,5771.48,12784.44,2012.767,5786.051,12865.95,1973.057,5457.023,13154.64,1984.858,5589.439,13097.58,1977.858,5672.208,12798.97,2009.544,5590.638,13119.47,1963.221,5906.366,12850.62,1969.389,5855.189,13198.93,1979.789,5679.586,12994.18,1989.36,5582.499,13075.67,2042.597,5557.825
12998.58,1983.353,5445.155,12917.19,1950.195,5929.734,13016.52,1980.544,5899.944,12772.37,1976.692,5688.775,13209.58,2022.614,5772.136,12785.05,2012.767,5786.3,12866.37,1973.057,5457.522,13154.77,1984.858,5590.082,13097.65,1977.858,5672.859,12799.45,2009.544,5591.086,13120.1,1963.221,5906.527,12851.22,1969.389,5855.462,13199.03,1979.789,5680.234,12994.28,1989.36,5583.146,13075.79,2042.597,5558.47
12998.69,1983.353,5445.329,12917.39,1950.195,5929.79,13016.71,1980.544,5900.018,12772.54,1976.692,5688.896,13209.6,2022.614,5772.344,12785.24,2012.767,5786.386,12866.51,1973.057,5457.676,13154.8,1984.858,5590.288,13097.67,1977.858,5673.067,12799.61,2009.544,5591.224,13120.31,1963.221,5906.571,12851.41,1969.389,5855.542,13199.05,1979.789,5680.441,12994.31,1989.36,5583.352,13075.82,2042.597,5558.675
12999.11,1983.353,5445.87,12918.05,1950.195,5929.952,13017.34,1980.544,5900.277,12773.11,1976.692,5689.278,13209.57,2022.614,5773.027,12785.85,2012.767,5786.687,12866.97,1973.057,5458.184,13154.89,1984.858,5590.966,13097.76,1977.858,5673.746,12800.14,2009.544,5591.658,13120.97,1963.221,5906.739,12852.05,1969.389,5855.786,13199.19,1979.789,5681.11,12994.42,1989.36,5584.027,13075.9,2042.597,5559.354
12999.31,1983.353,5446.133,12918.37,1950.195,5930.021,13017.65,1980.544,5900.391,12773.38,1976.692,5689.464,13209.57,2022.614,5773.356,12786.14,2012.767,5786.853,12867.2,1973.057,5458.421,13154.91,1984.858,5591.293,13097.81,1977.858,5674.07,12800.4,2009.544,5591.858,13121.28,1963.221,5906.83,12852.36,1969.389,5855.893,13199.25,1979.789,5681.434,12994.45,1989.36,5584.354,13075.95,2042.597,5559.68
12999.43,1983.353,5446.303,12918.58,1950.195,5930.072,13017.85,1980.544,5900.457,12773.54,1976.692,5689.589,13209.56,2022.614,5773.564,12786.32,2012.767,5786.953,12867.35,1973.057,5458.566,13154.92,1984.858,5591.501,13097.85,1977.858,5674.275,12800.57,2009.544,5591.979,13121.49,1963.221,5906.88,12852.55,1969.389,5855.986,13199.28,1979.789,5681.639,12994.48,1989.36,5584.561,13076,2042.597,5559.882
12999.69,1983.353,5446.694,12919.02,1950.195,5930.2,13018.3,1980.544,5900.591,12773.91,1976.692,5689.875,13209.56,2022.614,5774.031,12786.75,2012.767,5787.136,12867.69,1973.057,5458.881,13154.96,1984.858,5591.967,13097.96,1977.858,5674.73,12800.94,2009.544,5592.256,13121.94,1963.221,5907.01,12852.97,1969.389,5856.181,13199.35,1979.789,5682.102,12994.55,1989.36,5585.022,13076.1,2042.597,5560.337
12999.88,1983.353,5447.014,12919.38,1950.195,5930.314,13018.66,1980.544,5900.686,12774.21,1976.692,5690.095,13209.55,2022.614,5774.405,12787.09,2012.767,5787.294,12867.96,1973.057,5459.142,13154.99,1984.858,5592.34,13098.03,1977.858,5675.097,12801.23,2009.544,5592.498,13122.3,1963.221,5907.101,12853.32,1969.389,5856.326,13199.39,1979.789,5682.474,12994.63,1989.36,5585.389,13076.19,2042.597,5560.702
13000.06,1983.353,5447.256,12919.67,1950.195,5930.396,13018.94,1980.544,5900.774,12774.46,1976.692,5690.263,13209.55,2022.614,5774.705,12787.36,2012.767,5787.43,12868.15,1973.057,5459.376,13155.02,1984.858,5592.638,13098.08,1977.858,5675.392,12801.46,2009.544,5592.684,13122.59,1963.221,5907.165,12853.59,1969.389,5856.463,13199.41,1979.789,5682.772,12994.7,1989.36,5585.68,13076.24,2042.597,5560.996
13000.27,1983.353,5447.572,12920.04,1950.195,5930.466,13019.31,1980.544,5900.889,12774.79,1976.692,5690.466,13209.56,2022.614,5775.086,12787.69,2012.767,5787.613,12868.39,1973.057,5459.667,13155.04,1984.858,5593.02,13098.13,1977.858,5675.771,12801.76,2009.544,5592.925,13122.97,1963.221,5907.234,12853.93,1969.389,5856.625,13199.43,1979.789,5683.154,12994.76,1989.36,5586.056,13076.34,2042.597,5561.364
13000.44,1983.353,5447.848,12920.36,1950.195,5930.536,13019.62,1980.544,5900.976,12775.06,1976.692,5690.648,13209.56,2022.614,5775.412,12787.98,2012.767,5787.761,12868.61,1973.057,5459.908,13155.06,1984.858,5593.344,13098.16,1977.858,5676.095,12802.02,2009.544,5593.122,13123.28,1963.221,5907.303,12854.23,1969.389,5856.755,13199.47,1979.789,5683.477,12994.83,1989.36,5586.375,13076.42,2042.597,5561.682
13000.57,1983.353,5448.063,12920.61,1950.195,5930.569,13019.86,1980.544,5901.035,12775.27,1976.692,5690.781,13209.55,2022.614,5775.661,12788.2,2012.767,5787.875,12868.77,1973.057,5460.103,13155.07,1984.858,5593.594,13098.18,1977.858,5676.344,12802.22,2009.544,5593.267,13123.53,1963.221,5907.358,12854.46,1969.389,5856.846,13199.5,1979.789,5683.725,12994.89,1989.36,5586.618,13076.46,2042.597,5561.927
13000.75,1983.353,5448.394,12920.98,1950.195,5930.63,13020.22,1980.544,5901.14,12775.59,1976.692,5690.971,13209.53,2022.614,5776.037,12788.54,2012.767,5788.038,12869.02,1973.057,5460.388,13155.08,1984.858,5593.97,13098.22,1977.858,5676.718,12802.54,2009.544,5593.475,13123.9,1963.221,5907.428,12854.82,1969.389,5856.973,13199.53,1979.789,5684.101,12994.99,1989.36,5586.98,13076.54,2042.597,5562.296
13000.9,1983.353,5448.646,12921.27,1950.195,5930.68,13020.51,1980.544,5901.213,12775.84,1976.692,5691.127,13209.53,2022.614,5776.33,12788.8,2012.767,5788.172,12869.21,1973.057,5460.603,13155.1,1984.858,5594.262,13098.3,1977.858,5677.001,12802.79,2009.544,5593.628,13124.19,1963.221,5907.474,12855.1,1969.389,5857.062,13199.58,1979.789,5684.389,12995.09,1989.36,5587.255,13076.58,2042.597,5562.585
13001.03,1983.353,5448.901,12921.55,1950.195,5930.738,13020.79,1980.544,5901.275,12776.08,1976.692,5691.288,13209.54,2022.614,5776.619,12789.06,2012.767,5788.296,12869.42,1973.057,5460.809,13155.13,1984.858,5594.549,13098.36,1977.858,5677.283,12803.02,2009.544,5593.8,13124.47,1963.221,5907.549,12855.36,1969.389,5857.179,13199.62,1979.789,5684.675,12995.18,1989.36,5587.53,13076.62,2042.597,5562.872
13001.16,1983.353,5449.155,12921.83,1950.195,5930.804,13021.07,1980.544,5901.328,12776.3,1976.692,5691.467,13209.52,2022.614,5776.901,12789.33,2012.767,5788.394,12869.62,1973.057,5461.004,13155.16,1984.858,5594.832,13098.41,1977.858,5677.561,12803.25,2009.544,5593.961,13124.74,1963.221,5907.614,12855.62,1969.389,5857.286,13199.66,1979.789,5684.955,12995.26,1989.36,5587.802,13076.66,2042.597,5563.152
13001.27,1983.353,5449.358,12922.05,1950.195,5930.85,13021.3,1980.544,5901.363,12776.48,1976.692,5691.607,13209.51,2022.614,5777.132,12789.54,2012.767,5788.481,12869.8,1973.057,5461.158,13155.17,1984.858,5595.063,13098.46,1977.858,5677.787,12803.44,2009.544,5594.099,13124.97,1963.221,5907.66,12855.84,1969.389,5857.366,13199.69,1979.789,5685.185,12995.32,1989.36,5588.026,13076.7,2042.597,5563.379
13001.41,1983.353,5449.629,12922.36,1950.195,5930.879,13021.6,1980.544,5901.399,12776.73,1976.692,5691.783,13209.5,2022.614,5777.435,12789.83,2012.767,5788.575,12870.04,1973.057,5461.338,13155.19,1984.858,5595.365,13098.52,1977.858,5678.084,12803.66,2009.544,5594.299,13125.27,1963.221,5907.71,12856.13,1969.389,5857.462,13199.72,1979.789,5685.486,12995.4,1989.36,5588.317,13076.77,2042.597,5563.674
13001.53,1983.353,5449.907,12922.66,1950.195,5930.893,13021.9,1980.544,5901.451,12776.98,1976.692,5691.963,13209.51,2022.614,5777.74,12790.12,2012.767,5788.68,12870.28,1973.057,5461.527,13155.22,1984.858,5595.668,13098.57,1977.858,5678.385,12803.89,2009.544,5594.501,13125.57,1963.221,5907.751,12856.42,1969.389,5857.549,13199.78,1979.789,5685.784,12995.48,1989.36,5588.611,13076.85,2042.597,5563.97
13001.63,1983.353,5450.093,12922.87,1950.195,5930.907,13022.11,1980.544,5901.479,12777.15,1976.692,5692.084,13209.52,2022.614,5777.948,12790.31,2012.767,5788.757,12870.44,1973.057,5461.662,13155.24,1984.858,5595.875,13098.61,1977.858,5678.59,12804.05,2009.544,5594.633,13125.78,1963.221,5907.772,12856.62,1969.389,5857.602,13199.82,1979.789,5685.989,12995.53,1989.36,5588.815,13076.89,2042.597,5564.174
13001.79,1983.353,5450.403,12923.22,1950.195,5930.943,13022.46,1980.544,5901.516,12777.44,1976.692,5692.28,13209.55,2022.614,5778.299,12790.64,2012.767,5788.899,12870.7,1973.057,5461.898,13155.27,1984.858,5596.226,13098.68,1977.858,5678.934,12804.33,2009.544,5594.848,13126.12,1963.221,5907.831,12856.96,1969.389,5857.679,13199.87,1979.789,5686.337,12995.6,1989.36,5589.159,13076.95,2042.597,5564.521
13001.87,1983.353,5450.597,12923.42,1950.195,5930.997,13022.66,1980.544,5901.531,12777.6,1976.692,5692.41,13209.56,2022.614,5778.507,12790.83,2012.767,5788.977,12870.85,1973.057,5462.043,13155.29,1984.858,5596.434,13098.72,1977.858,5679.139,12804.5,2009.544,5594.97,13126.33,1963.221,5907.859,12857.16,1969.389,5857.748,13199.91,1979.789,5686.543,12995.65,1989.36,5589.36,13076.98,2042.597,5564.727
13001.96,1983.353,5450.805,12923.64,1950.195,5931.047,13022.89,1980.544,5901.555,12777.78,1976.692,5692.545,13209.57,2022.614,5778.734,12791.04,2012.767,5789.054,12871.02,1973.057,5462.196,13155.31,1984.858,5596.659,13098.74,1977.858,5679.366,12804.67,2009.544,5595.124,13126.56,1963.221,5907.882,12857.37,1969.389,5857.823,13199.94,1979.789,5686.768,12995.71,1989.36,5589.582,13077.02,2042.597,5564.95
13002.03,1983.353,5451,12923.85,1950.195,5931.087,13023.1,1980.544,5901.571,12777.96,1976.692,5692.663,13209.57,2022.614,5778.942,12791.24,2012.767,5789.13,12871.17,1973.057,5462.338,13155.36,1984.858,5596.863,13098.75,1977.858,5679.574,12804.83,2009.544,5595.259,13126.76,1963.221,5907.896,12857.57,1969.389,5857.886,13199.96,1979.789,5686.975,12995.76,1989.36,5589.783,13077.05,2042.597,5565.157
13002.14,1983.353,5451.262,12924.13,1950.195,5931.132,13023.38,1980.544,5901.593,12778.19,1976.692,5692.815,13209.57,2022.614,5779.224,12791.5,2012.767,5789.243,12871.38,1973.057,5462.524,13155.41,1984.858,5597.14,13098.77,1977.858,5679.855,12805.05,2009.544,5595.436,13127.04,1963.221,5907.92,12857.84,1969.389,5857.962,13200.01,1979.789,5687.253,12995.82,1989.36,5590.058,13077.09,2042.597,5565.436
13002.22,1983.353,5451.453,12924.33,1950.195,5931.159,13023.58,1980.544,5901.632,12778.36,1976.692,5692.945,13209.58,2022.614,5779.432,12791.68,2012.767,5789.344,12871.55,1973.057,5462.646,13155.44,1984.858,5597.346,13098.79,1977.858,5680.063,12805.21,2009.544,5595.561,13127.25,1963.221,5907.932,12858.04,1969.389,5858.034,13200.03,1979.789,5687.459,12995.86,1989.36,5590.262,13077.12,2042.597,5565.643
13002.37,1983.353,5451.755,12924.66,1950.195,5931.207,13023.91,1980.544,5901.685,12778.63,1976.692,5693.145,13209.6,2022.614,5779.766,12791.95,2012.767,5789.541,12871.83,1973.057,5462.833,13155.48,1984.858,5597.679,13098.83,1977.858,5680.395,12805.49,2009.544,5595.753,13127.59,1963.221,5907.938,12858.34,1969.389,5858.179,13200.06,1979.789,5687.793,12995.91,1989.36,5590.593,13077.17,2042.597,5565.974
13002.46,1983.353,5451.942,12924.87,1950.195,5931.239,13024.12,1980.544,5901.71,12778.78,1976.692,5693.285,13209.61,2022.614,5779.974,12792.12,2012.767,5789.658,12872,1973.057,5462.954,13155.5,1984.858,5597.886,13098.87,1977.858,5680.601,12805.66,2009.544,5595.867,13127.79,1963.221,5907.935,12858.53,1969.389,5858.275,13200.08,1979.789,5688.001,12995.95,1989.36,5590.798,13077.21,2042.597,5566.179
13002.56,1983.353,5452.133,12925.08,1950.195,5931.265,13024.33,1980.544,5901.73,12778.94,1976.692,5693.424,13209.61,2022.614,5780.189,12792.3,2012.767,5789.772,12872.17,1973.057,5463.085,13155.52,1984.858,5598.1,13098.87,1977.858,5680.815,12805.84,2009.544,5595.991,13128.01,1963.221,5907.935,12858.72,1969.389,5858.367,13200.11,1979.789,5688.214,12996,1989.36,5591.008,13077.28,2042.597,5566.381
13002.66,1983.353,5452.314,12925.29,1950.195,5931.296,13024.54,1980.544,5901.742,12779.11,1976.692,5693.553,13209.62,2022.614,5780.397,12792.48,2012.767,5789.877,12872.34,1973.057,5463.208,13155.55,1984.858,5598.307,13098.88,1977.858,5681.023,12806.01,2009.544,5596.116,13128.22,1963.221,5907.928,12858.91,1969.389,5858.451,13200.13,1979.789,5688.421,12996.05,1989.36,5591.209,13077.34,2042.597,5566.579
13002.79,1983.353,5452.479,12925.5,1950.195,5931.32,13024.75,1980.544,5901.748,12779.27,1976.692,5693.677,13209.62,2022.614,5780.606,12792.67,2012.767,5789.977,12872.5,1973.057,5463.337,13155.58,1984.858,5598.513,13098.9,1977.858,5681.231,12806.18,2009.544,5596.235,13128.43,1963.221,5907.915,12859.11,1969.389,5858.528,13200.14,1979.789,5688.629,12996.11,1989.36,5591.41,13077.42,2042.597,5566.773
13002.91,1983.353,5452.659,12925.72,1950.195,5931.321,13024.97,1980.544,5901.751,12779.46,1976.692,5693.803,13209.61,2022.614,5780.827,12792.86,2012.767,5790.076,12872.67,1973.057,5463.48,13155.61,1984.858,5598.732,13098.91,1977.858,5681.452,12806.36,2009.544,5596.361,13128.65,1963.221,5907.893,12859.31,1969.389,5858.603,13200.15,1979.789,5688.85,12996.18,1989.36,5591.62,13077.5,2042.597,5566.978
13003.03,1983.353,5452.832,12925.93,1950.195,5931.328,13025.18,1980.544,5901.758,12779.63,1976.692,5693.92,13209.61,2022.614,5781.035,12793.04,2012.767,5790.188,12872.82,1973.057,5463.618,13155.64,1984.858,5598.938,13098.92,1977.858,5681.659,12806.52,2009.544,5596.486,13128.85,1963.221,5907.865,12859.51,1969.389,5858.667,13200.16,1979.789,5689.058,12996.25,1989.36,5591.815,13077.58,2042.597,5567.172
13003.14,1983.353,5453.009,12926.13,1950.195,5931.342,13025.39,1980.544,5901.757,12779.8,1976.692,5694.042,13209.6,2022.614,5781.243,12793.22,2012.767,5790.294,12872.98,1973.057,5463.761,13155.68,1984.858,5599.142,13098.95,1977.858,5681.866,12806.69,2009.544,5596.606,13129.06,1963.221,5907.831,12859.71,1969.389,5858.725,13200.17,1979.789,5689.266,12996.33,1989.36,5592.009,13077.64,2042.597,5567.37
13003.27,1983.353,5453.229,12926.39,1950.195,5931.368,13025.64,1980.544,5901.748,12780.01,1976.692,5694.185,13209.58,2022.614,5781.498,12793.44,2012.767,5790.417,12873.17,1973.057,5463.93,13155.72,1984.858,5599.394,13098.99,1977.858,5682.119,12806.91,2009.544,5596.746,13129.31,1963.221,5907.781,12859.95,1969.389,5858.826,13200.15,1979.789,5689.52,12996.39,1989.36,5592.255,13077.72,2042.597,5567.613
13003.37,1983.353,5453.411,12926.6,1950.195,5931.364,13025.85,1980.544,5901.734,12780.18,1976.692,5694.3,13209.56,2022.614,5781.705,12793.63,2012.767,5790.512,12873.34,1973.057,5464.05,13155.75,1984.858,5599.6,13099.04,1977.858,5682.32,12807.08,2009.544,5596.854,13129.51,1963.221,5907.734,12860.14,1969.389,5858.901,13200.14,1979.789,5689.728,12996.46,1989.36,5592.454,13077.8,2042.597,5567.807
13003.5,1983.353,5453.577,12926.8,1950.195,5931.358,13026.06,1980.544,5901.713,12780.36,1976.692,5694.413,13209.54,2022.614,5781.912,12793.82,2012.767,5790.601,12873.51,1973.057,5464.171,13155.78,1984.858,5599.806,13099.09,1977.858,5682.522,12807.27,2009.544,5596.957,13129.71,1963.221,5907.68,12860.34,1969.389,5858.971,13200.14,1979.789,5689.937,12996.52,1989.36,5592.65,13077.87,2042.597,5568.002
13003.62,1983.353,5453.747,12927.01,1950.195,5931.358,13026.26,1980.544,5901.685,12780.54,1976.692,5694.519,13209.5,2022.614,5782.117,12794.01,2012.767,5790.683,12873.67,1973.057,5464.298,13155.79,1984.858,5600.014,13099.13,1977.858,5682.727,12807.44,2009.544,5597.065,13129.91,1963.221,5907.619,12860.54,1969.389,5859.034,13200.11,1979.789,5690.143,12996.6,1989.36,5592.845,13077.95,2042.597,5568.193
13003.74,1983.353,5453.918,12927.22,1950.195,5931.357,13026.47,1980.544,5901.662,12780.72,1976.692,5694.62,13209.46,2022.614,5782.321,12794.2,2012.767,5790.771,12873.83,1973.057,5464.43,13155.79,1984.858,5600.223,13099.17,1977.858,5682.932,12807.63,2009.544,5597.168,13130.11,1963.221,5907.552,12860.74,1969.389,5859.09,13200.07,1979.789,5690.348,12996.68,1989.36,5593.039,13078.03,2042.597,5568.387
13003.85,1983.353,5454.089,12927.43,1950.195,5931.35,13026.68,1980.544,5901.631,12780.91,1976.692,5694.714,13209.41,2022.614,5782.524,12794.39,2012.767,5790.854,12873.99,1973.057,5464.567,13155.8,1984.858,5600.431,13099.2,1977.858,5683.139,12807.81,2009.544,5597.266,13130.3,1963.221,5907.478,12860.94,1969.389,5859.14,13200.04,1979.789,5690.553,12996.76,1989.36,5593.229,13078.1,2042.597,5568.583
13003.97,1983.353,5454.265,12927.64,1950.195,5931.363,13026.88,1980.544,5901.594,12781.08,1976.692,5694.821,13209.36,2022.614,5782.725,12794.58,2012.767,5790.93,12874.15,1973.057,5464.703,13155.8,1984.858,5600.639,13099.22,1977.858,5683.346,12807.99,2009.544,5597.373,13130.5,1963.221,5907.401,12861.14,1969.389,5859.183,13200,1979.789,5690.758,12996.85,1989.36,5593.417,13078.18,2042.597,5568.773
13004.09,1983.353,5454.429,12927.84,1950.195,5931.383,13027.08,1980.544,5901.55,12781.27,1976.692,5694.921,13209.3,2022.614,5782.924,12794.78,2012.767,5790.999,12874.3,1973.057,5464.844,13155.79,1984.858,5600.847,13099.23,1977.858,5683.554,12808.17,2009.544,5597.475,13130.7,1963.221,5907.345,12861.35,1969.389,5859.219,13199.96,1979.789,5690.963,12996.94,1989.36,5593.603,13078.26,2042.597,5568.966
13004.22,1983.353,5454.597,12928.05,1950.195,5931.41,13027.28,1980.544,5901.49,12781.45,1976.692,5695.023,13209.23,2022.614,5783.122,12794.98,2012.767,5791.062,12874.45,1973.057,5464.993,13155.79,1984.858,5601.056,13099.24,1977.858,5683.762,12808.36,2009.544,5597.57,13130.89,1963.221,5907.282,12861.55,1969.389,5859.25,13199.93,1979.789,5691.169,12997.04,1989.36,5593.787,13078.33,2042.597,5569.161
13004.33,1983.353,5454.77,12928.26,1950.195,5931.443,13027.49,1980.544,5901.436,12781.63,1976.692,5695.119,13209.17,2022.614,5783.322,12795.18,2012.767,5791.119,12874.6,1973.057,5465.137,13155.77,1984.858,5601.263,13099.24,1977.858,5683.97,12808.54,2009.544,5597.66,13131.09,1963.221,5907.212,12861.76,1969.389,5859.273,13199.9,1979.789,5691.375,12997.14,1989.36,5593.971,13078.42,2042.597,5569.35
13004.45,1983.353,5454.945,12928.46,1950.195,5931.482,13027.69,1980.544,5901.377,12781.82,1976.692,5695.209,13209.11,2022.614,5783.52,12795.38,2012.767,5791.18,12874.75,1973.057,5465.276,13155.75,1984.858,5601.47,13099.23,1977.858,5684.179,12808.73,2009.544,5597.755,13131.29,1963.221,5907.136,12861.97,1969.389,5859.291,13199.86,1979.789,5691.579,12997.24,1989.36,5594.153,13078.5,2042.597,5569.542
13004.57,1983.353,5455.114,12928.67,1950.195,5931.516,13027.88,1980.544,5901.315,12782,1976.692,5695.31,13209.04,2022.614,5783.716,12795.57,2012.767,5791.256,12874.91,1973.057,5465.41,13155.73,1984.858,5601.678,13099.22,1977.858,5684.387,12808.92,2009.544,5597.845,13131.48,1963.221,5907.053,12862.17,1969.389,5859.315,13199.81,1979.789,5691.781,12997.34,1989.36,5594.338,13078.58,2042.597,5569.736
13004.68,1983.353,5455.287,12928.87,1950.195,5931.542,13028.08,1980.544,5901.248,12782.19,1976.692,5695.408,13208.96,2022.614,5783.91,12795.76,2012.767,5791.333,12875.08,1973.057,5465.536,13155.73,1984.858,5601.886,13099.19,1977.858,5684.592,12809.1,2009.544,5597.94,13131.67,1963.221,5906.965,12862.38,1969.389,5859.332,13199.76,1979.789,5691.983,12997.44,1989.36,5594.518,13078.66,2042.597,5569.929
13004.79,1983.353,5455.464,12929.08,1950.195,5931.563,13028.28,1980.544,5901.177,12782.38,1976.692,5695.5,13208.88,2022.614,5784.101,12795.96,2012.767,5791.404,12875.25,1973.057,5465.648,13155.72,1984.858,5602.094,13099.16,1977.858,5684.799,12809.29,2009.544,5598.03,13131.86,1963.221,5906.893,12862.59,1969.389,5859.354,13199.7,1979.789,5692.184,12997.54,1989.36,5594.701,13078.73,2042.597,5570.124
13004.9,1983.353,5455.644,12929.29,1950.195,5931.578,13028.47,1980.544,5901.102,12782.57,1976.692,5695.585,13208.79,2022.614,5784.289,12796.16,2012.767,5791.469,12875.42,1973.057,5465.767,13155.72,1984.858,5602.302,13099.14,1977.858,5685.006,12809.47,2009.544,5598.142,13132.05,1963.221,5906.814,12862.8,1969.389,5859.369,13199.65,1979.789,5692.385,12997.65,1989.36,5594.879,13078.8,2042.597,5570.321
13005,1983.353,5455.828,12929.5,1950.195,5931.586,13028.66,1980.544,5901.022,12782.75,1976.692,5695.685,13208.69,2022.614,5784.474,12796.36,2012.767,5791.527,12875.59,1973.057,5465.891,13155.72,1984.858,5602.511,13099.11,1977.858,5685.212,12809.64,2009.544,5598.253,13132.24,1963.221,5906.729,12863.01,1969.389,5859.387,13199.59,1979.789,5692.585,12997.75,1989.36,5595.06,13078.86,2042.597,5570.52
13005.09,1983.353,5456.014,12929.7,1950.195,5931.589,13028.85,1980.544,5900.939,12782.93,1976.692,5695.779,13208.59,2022.614,5784.656,12796.56,2012.767,5791.578,12875.75,1973.057,5466.021,13155.74,1984.858,5602.718,13099.09,1977.858,5685.419,12809.81,2009.544,5598.373,13132.43,1963.221,5906.638,12863.21,1969.389,5859.401,13199.52,1979.789,5692.782,12997.85,1989.36,5595.245,13078.92,2042.597,5570.72
13005.19,1983.353,5456.197,12929.91,1950.195,5931.587,13029.04,1980.544,5900.852,12783.12,1976.692,5695.867,13208.49,2022.614,5784.84,12796.76,2012.767,5791.623,12875.92,1973.057,5466.141,13155.75,1984.858,5602.926,13099.05,1977.858,5685.625,12809.99,2009.544,5598.486,13132.62,1963.221,5906.541,12863.42,1969.389,5859.391,13199.46,1979.789,5692.98,12997.94,1989.36,5595.432,13078.99,2042.597,5570.917
13005.3,1983.353,5456.377,12930.12,1950.195,5931.579,13029.23,1980.544,5900.76,12783.31,1976.692,5695.949,13208.41,2022.614,5785.032,12796.97,2012.767,5791.661,12876.09,1973.057,5466.266,13155.76,1984.858,5603.134,13099.03,1977.858,5685.832,12810.17,2009.544,5598.594,13132.8,1963.221,5906.438,12863.63,1969.389,5859.388,13199.37,1979.789,5693.171,12998.03,1989.36,5595.623,13079.06,2042.597,5571.11
13005.4,1983.353,5456.56,12930.33,1950.195,5931.564,13029.42,1980.544,5900.663,12783.5,1976.692,5696.039,13208.33,2022.614,5785.222,12797.17,2012.767,5791.692,12876.26,1973.057,5466.385,13155.76,1984.858,5603.342,13099.01,1977.858,5686.039,12810.35,2009.544,5598.696,13132.97,1963.221,5906.329,12863.84,1969.389,5859.382,13199.29,1979.789,5693.364,12998.12,1989.36,5595.81,13079.14,2042.597,5571.306
13005.5,1983.353,5456.74,12930.54,1950.195,5931.557,13029.6,1980.544,5900.562,12783.69,1976.692,5696.125,13208.23,2022.614,5785.408,12797.38,2012.767,5791.695,12876.43,1973.057,5466.51,13155.75,1984.858,5603.55,13098.98,1977.858,5686.246,12810.53,2009.544,5598.8,13133.15,1963.221,5906.214,12864.05,1969.389,5859.369,13199.22,1979.789,5693.559,12998.2,1989.36,5596,13079.22,2042.597,5571.499
13005.6,1983.353,5456.923,12930.74,1950.195,5931.544,13029.78,1980.544,5900.455,12783.88,1976.692,5696.204,13208.13,2022.614,5785.592,12797.59,2012.767,5791.704,12876.59,1973.057,5466.64,13155.74,1984.858,5603.758,13098.95,1977.858,5686.452,12810.71,2009.544,5598.897,13133.32,1963.221,5906.093,12864.25,1969.389,5859.391,13199.16,1979.789,5693.757,12998.28,1989.36,5596.192,13079.3,2042.597,5571.689
13005.71,1983.353,5457.103,12930.95,1950.195,5931.537,13029.95,1980.544,5900.344,12784.08,1976.692,5696.284,13208.03,2022.614,5785.772,12797.8,2012.767,5791.72,12876.76,1973.057,5466.752,13155.74,1984.858,5603.966,13098.92,1977.858,5686.658,12810.9,2009.544,5598.989,13133.48,1963.221,5905.967,12864.46,1969.389,5859.407,13199.1,1979.789,5693.957,12998.36,1989.36,5596.386,13079.39,2042.597,5571.878
13005.81,1983.353,5457.286,12931.16,1950.195,5931.537,13030.12,1980.544,5900.228,12784.27,1976.692,5696.359,13207.92,2022.614,5785.949,12798,2012.767,5791.739,12876.94,1973.057,5466.87,13155.74,1984.858,5604.175,13098.9,1977.858,5686.865,12811.09,2009.544,5599.075,13133.65,1963.221,5905.836,12864.67,1969.389,5859.416,13199.03,1979.789,5694.154,12998.44,1989.36,5596.578,13079.47,2042.597,5572.069
13005.88,1983.353,5457.481,12931.37,1950.195,5931.543,13030.29,1980.544,5900.106,12784.47,1976.692,5696.428,13207.83,2022.614,5786.136,12798.21,2012.767,5791.75,12877.11,1973.057,5466.99,13155.73,1984.858,5604.383,13098.88,1977.858,5687.073,12811.28,2009.544,5599.156,13133.82,1963.221,5905.718,12864.88,1969.389,5859.418,13198.97,1979.789,5694.354,12998.51,1989.36,5596.774,13079.55,2042.597,5572.263
13005.96,1983.353,5457.675,12931.58,1950.195,5931.557,13030.46,1980.544,5899.981,12784.67,1976.692,5696.491,13207.74,2022.614,5786.327,12798.42,2012.767,5791.768,12877.28,1973.057,5467.105,13155.72,1984.858,5604.591,13098.86,1977.858,5687.28,12811.48,2009.544,5599.231,13133.99,1963.221,5905.595,12865.08,1969.389,5859.414,13198.92,1979.789,5694.556,12998.59,1989.36,5596.967,13079.62,2042.597,5572.459
13006.04,1983.353,5457.865,12931.78,1950.195,5931.576,13030.62,1980.544,5899.852,12784.87,1976.692,5696.547,13207.67,2022.614,5786.52,12798.63,2012.767,5791.783,12877.45,1973.057,5467.226,13155.7,1984.858,5604.798,13098.84,1977.858,5687.488,12811.67,2009.544,5599.299,13134.15,1963.221,5905.467,12865.29,1969.389,5859.403,13198.88,1979.789,5694.759,12998.67,1989.36,5597.158,13079.68,2042.597,5572.658
13006.12,1983.353,5458.057,12931.99,1950.195,5931.602,13030.78,1980.544,5899.718,12785.07,1976.692,5696.596,13207.59,2022.614,5786.715,12798.84,2012.767,5791.777,12877.63,1973.057,5467.34,13155.67,1984.858,5605.005,13098.82,1977.858,5687.695,12811.87,2009.544,5599.378,13134.31,1963.221,5905.333,12865.5,1969.389,5859.385,13198.84,1979.789,5694.963,12998.75,1989.36,5597.351,13079.75,2042.597,5572.854
13006.21,1983.353,5458.246,12932.2,1950.195,5931.622,13030.94,1980.544,5899.58,12785.27,1976.692,5696.639,13207.5,2022.614,5786.899,12799.04,2012.767,5791.778,12877.8,1973.057,5467.459,13155.64,1984.858,5605.21,13098.8,1977.858,5687.902,12812.06,2009.544,5599.452,13134.46,1963.221,5905.194,12865.71,1969.389,5859.374,13198.8,1979.789,5695.169,12998.83,1989.36,5597.545,13079.83,2042.597,5573.048
13006.3,1983.353,5458.432,12932.41,1950.195,5931.635,13031.09,1980.544,5899.437,12785.48,1976.692,5696.675,13207.41,2022.614,5787.087,12799.25,2012.767,5791.786,12877.97,1973.057,5467.574,13155.6,1984.858,5605.415,13098.78,1977.858,5688.11,12812.26,2009.544,5599.519,13134.62,1963.221,5905.05,12865.92,1969.389,5859.37,13198.78,1979.789,5695.375,12998.89,1989.36,5597.742,13079.91,2042.597,5573.241
13006.4,1983.353,5458.615,12932.61,1950.195,5931.643,13031.24,1980.544,5899.291,12785.68,1976.692,5696.709,13207.32,2022.614,5787.277,12799.46,2012.767,5791.8,12878.14,1973.057,5467.694,13155.55,1984.858,5605.618,13098.79,1977.858,5688.318,12812.46,2009.544,5599.579,13134.77,1963.221,5904.912,12866.12,1969.389,5859.346,13198.76,1979.789,5695.583,12998.96,1989.36,5597.941,13079.99,2042.597,5573.431
13006.5,1983.353,5458.798,12932.82,1950.195,5931.644,13031.38,1980.544,5899.14,12785.89,1976.692,5696.719,13207.24,2022.614,5787.471,12799.67,2012.767,5791.808,12878.31,1973.057,5467.81,13155.5,1984.858,5605.82,13098.79,1977.858,5688.526,12812.66,2009.544,5599.633,13134.92,1963.221,5904.77,12866.33,1969.389,5859.33,13198.75,1979.789,5695.791,12999.02,1989.36,5598.139,13080.07,2042.597,5573.624
13006.58,1983.353,5458.993,12933.03,1950.195,5931.639,13031.52,1980.544,5898.986,12786.1,1976.692,5696.735,13207.17,2022.614,5787.667,12799.88,2012.767,5791.833,12878.48,1973.057,5467.931,13155.44,1984.858,5606.02,13098.81,1977.858,5688.734,12812.86,2009.544,5599.681,13135.07,1963.221,5904.622,12866.54,1969.389,5859.32,13198.74,1979.789,5696,12999.09,1989.36,5598.336,13080.14,2042.597,5573.819
13006.66,1983.353,5459.186,12933.24,1950.195,5931.628,13031.66,1980.544,5898.828,12786.31,1976.692,5696.758,13207.11,2022.614,5787.864,12800.08,2012.767,5791.851,12878.66,1973.057,5468.04,13155.38,1984.858,5606.217,13098.83,1977.858,5688.942,12813.07,2009.544,5599.721,13135.22,1963.221,5904.476,12866.75,1969.389,5859.317,13198.74,1979.789,5696.208,12999.16,1989.36,5598.532,13080.21,2042.597,5574.017
13006.74,1983.353,5459.375,12933.45,1950.195,5931.613,13031.79,1980.544,5898.666,12786.51,1976.692,5696.767,13207.05,2022.614,5788.064,12800.29,2012.767,5791.89,12878.83,1973.057,5468.155,13155.32,1984.858,5606.417,13098.83,1977.858,5689.15,12813.27,2009.544,5599.773,13135.37,1963.221,5904.328,12866.96,1969.389,5859.307,13198.74,1979.789,5696.417,12999.24,1989.36,5598.725,13080.27,2042.597,5574.216
13006.84,1983.353,5459.562,12933.65,1950.195,5931.592,13031.92,1980.544,5898.5,12786.72,1976.692,5696.782,13207,2022.614,5788.266,12800.5,2012.767,5791.921,12879,1973.057,5468.276,13155.26,1984.858,5606.619,13098.85,1977.858,5689.358,12813.47,2009.544,5599.818,13135.51,1963.221,5904.175,12867.16,1969.389,5859.287,13198.72,1979.789,5696.625,12999.31,1989.36,5598.92,13080.32,2042.597,5574.418
13006.93,1983.353,5459.745,12933.86,1950.195,5931.566,13032.04,1980.544,5898.331,12786.93,1976.692,5696.805,13206.94,2022.614,5788.466,12800.7,2012.767,5791.947,12879.17,1973.057,5468.402,13155.22,1984.858,5606.821,13098.87,1977.858,5689.566,12813.68,2009.544,5599.857,13135.64,1963.221,5904.018,12867.37,1969.389,5859.259,13198.71,1979.789,5696.832,12999.38,1989.36,5599.117,13080.37,2042.597,5574.619
13007.04,1983.353,5459.925,12934.07,1950.195,5931.535,13032.15,1980.544,5898.159,12787.14,1976.692,5696.834,13206.89,2022.614,5788.668,12800.91,2012.767,5791.965,12879.33,1973.057,5468.534,13155.17,1984.858,5607.025,13098.87,1977.858,5689.774,12813.88,2009.544,5599.916,13135.77,1963.221,5903.856,12867.58,1969.389,5859.237,13198.68,1979.789,5697.039,12999.44,1989.36,5599.316,13080.43,2042.597,5574.82
13007.15,1983.353,5460.102,12934.27,1950.195,5931.498,13032.28,1980.544,5897.99,12787.34,1976.692,5696.847,13206.83,2022.614,5788.869,12801.12,2012.767,5791.984,12879.49,1973.057,5468.671,13155.14,1984.858,5607.23,13098.87,1977.858,5689.982,12814.08,2009.544,5599.969,13135.9,1963.221,5903.69,12867.78,1969.389,5859.218,13198.67,1979.789,5697.247,12999.5,1989.36,5599.517,13080.49,2042.597,5575.02
13007.25,1983.353,5460.282,12934.47,1950.195,5931.453,13032.4,1980.544,5897.826,12787.55,1976.692,5696.843,13206.77,2022.614,5789.068,12801.32,2012.767,5791.997,12879.64,1973.057,5468.813,13155.11,1984.858,5607.437,13098.88,1977.858,5690.191,12814.28,2009.544,5600.015,13136.02,1963.221,5903.521,12867.99,1969.389,5859.22,13198.65,1979.789,5697.455,12999.55,1989.36,5599.719,13080.54,2042.597,5575.22
13007.35,1983.353,5460.465,12934.68,1950.195,5931.402,13032.54,1980.544,5897.666,12787.76,1976.692,5696.847,13206.71,2022.614,5789.266,12801.53,2012.767,5792.026,12879.78,1973.057,5468.966,13155.08,1984.858,5607.643,13098.85,1977.858,5690.397,12814.49,2009.544,5600.054,13136.14,1963.221,5903.347,12868.2,1969.389,5859.216,13198.62,1979.789,5697.661,12999.59,1989.36,5599.923,13080.6,2042.597,5575.42
13007.46,1983.353,5460.645,12934.88,1950.195,5931.358,13032.68,1980.544,5897.51,12787.97,1976.692,5696.857,13206.63,2022.614,5789.462,12801.74,2012.767,5792.048,12879.93,1973.057,5469.114,13155.06,1984.858,5607.851,13098.83,1977.858,5690.605,12814.69,2009.544,5600.086,13136.25,1963.221,5903.173,12868.41,1969.389,5859.205,13198.59,1979.789,5697.868,12999.63,1989.36,5600.127,13080.66,2042.597,5575.619
13007.57,1983.353,5460.823,12935.08,1950.195,5931.32,13032.82,1980.544,5897.359,12788.18,1976.692,5696.874,13206.56,2022.614,5789.655,12801.95,2012.767,5792.063,12880.08,1973.057,5469.257,13155.05,1984.858,5608.059,13098.81,1977.858,5690.813,12814.9,2009.544,5600.112,13136.36,1963.221,5902.996,12868.62,1969.389,5859.188,13198.56,1979.789,5698.073,12999.68,1989.36,5600.331,13080.72,2042.597,5575.82
13007.67,1983.353,5461.004,12935.29,1950.195,5931.289,13032.96,1980.544,5897.208,12788.38,1976.692,5696.898,13206.47,2022.614,5789.846,12802.15,2012.767,5792.072,12880.22,1973.057,5469.408,13155.04,1984.858,5608.267,13098.81,1977.858,5691.021,12815.11,2009.544,5600.145,13136.46,1963.221,5902.813,12868.82,1969.389,5859.164,13198.52,1979.789,5698.277,12999.73,1989.36,5600.532,13080.77,2042.597,5576.022
13007.8,1983.353,5461.214,12935.53,1950.195,5931.259,13033.14,1980.544,5897.034,12788.63,1976.692,5696.918,13206.37,2022.614,5790.068,12802.4,2012.767,5792.096,12880.39,1973.057,5469.592,13155.03,1984.858,5608.513,13098.79,1977.858,5691.267,12815.35,2009.544,5600.198,13136.59,1963.221,5902.603,12869.07,1969.389,5859.127,13198.48,1979.789,5698.521,12999.8,1989.36,5600.769,13080.82,2042.597,5576.262
13007.93,1983.353,5461.376,12935.74,1950.195,5931.241,13033.29,1980.544,5896.889,12788.83,1976.692,5696.942,13206.27,2022.614,5790.253,12802.61,2012.767,5792.11,12880.53,1973.057,5469.744,13155.03,1984.858,5608.721,13098.77,1977.858,5691.474,12815.55,2009.544,5600.237,13136.7,1963.221,5902.428,12869.27,1969.389,5859.09,13198.45,1979.789,5698.727,12999.85,1989.36,5600.97,13080.87,2042.597,5576.465
13008.14,1983.353,5461.656,12936.09,1950.195,5931.222,13033.55,1980.544,5896.653,12789.18,1976.692,5696.971,13206.11,2022.614,5790.565,12802.96,2012.767,5792.122,12880.78,1973.057,5469.992,13155.04,1984.858,5609.072,13098.72,1977.858,5691.822,12815.9,2009.544,5600.291,13136.9,1963.221,5902.14,12869.61,1969.389,5859.017,13198.42,1979.789,5699.076,12999.93,1989.36,5601.311,13080.95,2042.597,5576.807
13008.29,1983.353,5461.877,12936.36,1950.195,5931.198,13033.75,1980.544,5896.471,12789.46,1976.692,5696.97,13205.99,2022.614,5790.81,12803.23,2012.767,5792.122,12880.98,1973.057,5470.176,13155.06,1984.858,5609.341,13098.68,1977.858,5692.088,12816.16,2009.544,5600.359,13137.03,1963.221,5901.901,12869.88,1969.389,5858.969,13198.4,1979.789,5699.346,12999.99,1989.36,5601.576,13081.01,2042.597,5577.069
13008.58,1983.353,5462.31,12936.88,1950.195,5931.135,13034.14,1980.544,5896.135,12789.97,1976.692,5696.985,13205.79,2022.614,5791.285,12803.75,2012.767,5792.112,12881.32,1973.057,5470.568,13155.1,1984.858,5609.857,13098.58,1977.858,5692.597,12816.67,2009.544,5600.474,13137.29,1963.221,5901.453,12870.39,1969.389,5858.881,13198.38,1979.789,5699.863,13000.1,1989.36,5602.083,13081.13,2042.597,5577.576
13008.77,1983.353,5462.628,12937.25,1950.195,5931.078,13034.41,1980.544,5895.875,12790.34,1976.692,5696.999,13205.65,2022.614,5791.631,12804.12,2012.767,5792.111,12881.57,1973.057,5470.842,13155.14,1984.858,5610.228,13098.52,1977.858,5692.964,12817.03,2009.544,5600.558,13137.49,1963.221,5901.137,12870.76,1969.389,5858.83,13198.38,1979.789,5700.236,13000.19,1989.36,5602.444,13081.2,2042.597,5577.941
13009.16,1983.353,5463.09,12937.83,1950.195,5930.966,13034.85,1980.544,5895.471,12790.94,1976.692,5697.021,13205.45,2022.614,5792.195,12804.72,2012.767,5792.123,12881.99,1973.057,5471.27,13155.21,1984.858,5610.823,13098.44,1977.858,5693.559,12817.62,2009.544,5600.673,13137.82,1963.221,5900.639,12871.36,1969.389,5858.768,13198.4,1979.789,5700.835,13000.31,1989.36,5603.03,13081.31,2042.597,5578.529
13009.38,1983.353,5463.379,12938.19,1950.195,5930.887,13035.13,1980.544,5895.232,12791.31,1976.692,5697.047,13205.33,2022.614,5792.542,12805.08,2012.767,5792.123,12882.25,1973.057,5471.524,13155.26,1984.858,5611.185,13098.4,1977.858,5693.922,12817.98,2009.544,5600.732,13138.03,1963.221,5900.343,12871.72,1969.389,5858.777,13198.42,1979.789,5701.199,13000.38,1989.36,5603.389,13081.38,2042.597,5578.887
13009.71,1983.353,5463.836,12938.74,1950.195,5930.782,13035.56,1980.544,5894.873,12791.87,1976.692,5697.105,13205.18,2022.614,5793.084,12805.65,2012.767,5792.141,12882.67,1973.057,5471.904,13155.35,1984.858,5611.741,13098.37,1977.858,5694.484,12818.54,2009.544,5600.804,13138.38,1963.221,5899.896,12872.28,1969.389,5858.773,13198.47,1979.789,5701.76,13000.47,1989.36,5603.945,13081.5,2042.597,5579.438
13009.92,1983.353,5464.105,12939.08,1950.195,5930.728,13035.83,1980.544,5894.661,12792.21,1976.692,5697.141,13205.09,2022.614,5793.419,12805.99,2012.767,5792.145,12882.93,1973.057,5472.128,13155.42,1984.858,5612.081,13098.36,1977.858,5694.829,12818.87,2009.544,5600.888,13138.6,1963.221,5899.629,12872.63,1969.389,5858.76,13198.52,1979.789,5702.103,13000.54,1989.36,5604.284,13081.56,2042.597,5579.778
13010.28,1983.353,5464.57,12939.67,1950.195,5930.656,13036.29,1980.544,5894.298,12792.8,1976.692,5697.154,13204.97,2022.614,5793.99,12806.58,2012.767,5792.146,12883.43,1973.057,5472.435,13155.53,1984.858,5612.653,13098.36,1977.858,5695.413,12819.44,2009.544,5601.01,13138.98,1963.221,5899.19,12873.21,1969.389,5858.72,13198.61,1979.789,5702.68,13000.63,1989.36,5604.86,13081.67,2042.597,5580.352
13010.53,1983.353,5464.879,12940.06,1950.195,5930.619,13036.61,1980.544,5894.06,12793.2,1976.692,5697.16,13204.9,2022.614,5794.383,12806.98,2012.767,5792.133,12883.76,1973.057,5472.656,13155.62,1984.858,5613.043,13098.37,1977.858,5695.813,12819.83,2009.544,5601.081,13139.25,1963.221,5898.898,12873.61,1969.389,5858.679,13198.69,1979.789,5703.072,13000.71,1989.36,5605.252,13081.73,2042.597,5580.747
13010.72,1983.353,5465.122,12940.37,1950.195,5930.6,13036.86,1980.544,5893.879,12793.5,1976.692,5697.174,13204.85,2022.614,5794.685,12807.28,2012.767,5792.135,12884.01,1973.057,5472.833,13155.69,1984.858,5613.339,13098.39,1977.858,5696.118,12820.13,2009.544,5601.141,13139.47,1963.221,5898.682,12873.91,1969.389,5858.639,13198.75,1979.789,5703.37,13000.76,1989.36,5605.553,13081.78,2042.597,5581.048
13011.05,1983.353,5465.593,12940.95,1950.195,5930.583,13037.34,1980.544,5893.551,12794.08,1976.692,5697.22,13204.79,2022.614,5795.261,12807.86,2012.767,5792.2,12884.47,1973.057,5473.184,13155.84,1984.858,5613.9,13098.44,1977.858,5696.695,12820.71,2009.544,5601.236,13139.89,1963.221,5898.283,12874.49,1969.389,5858.543,13198.9,1979.789,5703.931,13000.84,1989.36,5606.128,13081.88,2042.597,5581.62
13011.17,1983.353,5465.767,12941.16,1950.195,5930.584,13037.51,1980.544,5893.439,12794.29,1976.692,5697.211,13204.77,2022.614,5795.469,12808.06,2012.767,5792.217,12884.63,1973.057,5473.315,13155.9,1984.858,5614.1,13098.47,1977.858,5696.901,12820.91,2009.544,5601.263,13140.05,1963.221,5898.145,12874.69,1969.389,5858.503,13198.96,1979.789,5704.13,13000.87,1989.36,5606.333,13081.91,2042.597,5581.826
13011.43,1983.353,5466.177,12941.64,1950.195,5930.601,13037.93,1980.544,5893.192,12794.77,1976.692,5697.208,13204.74,2022.614,5795.953,12808.55,2012.767,5792.239,12885.04,1973.057,5473.569,13156.04,1984.858,5614.563,13098.55,1977.858,5697.38,12821.39,2009.544,5601.312,13140.42,1963.221,5897.834,12875.16,1969.389,5858.393,13199.11,1979.789,5704.591,13000.94,1989.36,5606.814,13081.96,2042.597,5582.307
13011.65,1983.353,5466.454,12941.99,1950.195,5930.601,13038.24,1980.544,5893.022,12795.13,1976.692,5697.216,13204.74,2022.614,5796.306,12808.9,2012.767,5792.244,12885.34,1973.057,5473.756,13156.15,1984.858,5614.897,13098.62,1977.858,5697.727,12821.75,2009.544,5601.335,13140.7,1963.221,5897.618,12875.51,1969.389,5858.324,13199.24,1979.789,5704.923,13000.99,1989.36,5607.163,13082,2042.597,5582.659
13011.78,1983.353,5466.632,12942.22,1950.195,5930.594,13038.44,1980.544,5892.921,12795.35,1976.692,5697.229,13204.74,2022.614,5796.529,12809.13,2012.767,5792.24,12885.53,1973.057,5473.88,13156.23,1984.858,5615.106,13098.67,1977.858,5697.943,12821.97,2009.544,5601.344,13140.87,1963.221,5897.472,12875.73,1969.389,5858.281,13199.31,1979.789,5705.134,13001.02,1989.36,5607.383,13082.02,2042.597,5582.88
13012.04,1983.353,5467.002,12942.67,1950.195,5930.565,13038.85,1980.544,5892.731,12795.8,1976.692,5697.244,13204.76,2022.614,5796.979,12809.57,2012.767,5792.217,12885.89,1973.057,5474.143,13156.39,1984.858,5615.526,13098.79,1977.858,5698.378,12822.42,2009.544,5601.328,13141.22,1963.221,5897.188,12876.17,1969.389,5858.209,13199.46,1979.789,5705.556,13001.07,1989.36,5607.831,13082.06,2042.597,5583.328
13012.16,1983.353,5467.187,12942.88,1950.195,5930.544,13039.05,1980.544,5892.645,12796.02,1976.692,5697.259,13204.78,2022.614,5797.197,12809.79,2012.767,5792.223,12886.07,1973.057,5474.276,13156.48,1984.858,5615.728,13098.85,1977.858,5698.587,12822.64,2009.544,5601.327,13141.39,1963.221,5897.055,12876.39,1969.389,5858.182,13199.55,1979.789,5705.759,13001.09,1989.36,5608.049,13082.09,2042.597,5583.546
13012.45,1983.353,5467.62,12943.4,1950.195,5930.477,13039.55,1980.544,5892.492,12796.54,1976.692,5697.277,13204.84,2022.614,5797.716,12810.32,2012.767,5792.22,12886.47,1973.057,5474.608,13156.69,1984.858,5616.206,13099.02,1977.858,5699.082,12823.16,2009.544,5601.341,13141.8,1963.221,5896.733,12876.91,1969.389,5858.132,13199.75,1979.789,5706.237,13001.11,1989.36,5608.57,13082.14,2042.597,5584.065
13012.56,1983.353,5467.797,12943.61,1950.195,5930.443,13039.74,1980.544,5892.425,12796.74,1976.692,5697.314,13204.87,2022.614,5797.922,12810.52,2012.767,5792.212,12886.63,1973.057,5474.746,13156.78,1984.858,5616.394,13099.09,1977.858,5699.277,12823.37,2009.544,5601.33,13141.96,1963.221,5896.6,12877.12,1969.389,5858.105,13199.84,1979.789,5706.427,13001.13,1989.36,5608.778,13082.16,2042.597,5584.272
13012.73,1983.353,5468.095,12943.95,1950.195,5930.401,13040.07,1980.544,5892.303,12797.08,1976.692,5697.364,13204.93,2022.614,5798.261,12810.87,2012.767,5792.168,12886.89,1973.057,5474.965,13156.93,1984.858,5616.703,13099.22,1977.858,5699.595,12823.71,2009.544,5601.323,13142.23,1963.221,5896.388,12877.46,1969.389,5858.066,13199.99,1979.789,5706.738,13001.17,1989.36,5609.12,13082.18,2042.597,5584.616
13012.88,1983.353,5468.338,12944.23,1950.195,5930.357,13040.33,1980.544,5892.192,12797.37,1976.692,5697.396,13204.99,2022.614,5798.542,12811.15,2012.767,5792.134,12887.11,1973.057,5475.155,13157.06,1984.858,5616.957,13099.34,1977.858,5699.856,12824,2009.544,5601.326,13142.46,1963.221,5896.219,12877.74,1969.389,5858.045,13200.11,1979.789,5706.997,13001.2,1989.36,5609.406,13082.2,2042.597,5584.902
13012.99,1983.353,5468.518,12944.44,1950.195,5930.318,13040.52,1980.544,5892.106,12797.58,1976.692,5697.413,13205.04,2022.614,5798.744,12811.36,2012.767,5792.115,12887.27,1973.057,5475.287,13157.17,1984.858,5617.139,13099.43,1977.858,5700.043,12824.21,2009.544,5601.335,13142.63,1963.221,5896.091,12877.95,1969.389,5858.023,13200.2,1979.789,5707.185,13001.21,1989.36,5609.614,13082.21,2042.597,5585.11
13013.17,1983.353,5468.821,12944.78,1950.195,5930.24,13040.84,1980.544,5891.949,12797.93,1976.692,5697.429,13205.14,2022.614,5799.083,12811.71,2012.767,5792.095,12887.56,1973.057,5475.486,13157.34,1984.858,5617.443,13099.6,1977.858,5700.355,12824.56,2009.544,5601.336,13142.91,1963.221,5895.882,12878.3,1969.389,5857.975,13200.35,1979.789,5707.504,13001.22,1989.36,5609.967,13082.23,2042.597,5585.463
13013.27,1983.353,5469,12944.98,1950.195,5930.188,13041.02,1980.544,5891.857,12798.14,1976.692,5697.432,13205.2,2022.614,5799.282,12811.92,2012.767,5792.077,12887.73,1973.057,5475.609,13157.46,1984.858,5617.62,13099.71,1977.858,5700.536,12824.77,2009.544,5601.341,13143.08,1963.221,5895.754,12878.51,1969.389,5857.939,13200.44,1979.789,5707.692,13001.22,1989.36,5610.175,13082.25,2042.597,5585.67
13013.42,1983.353,5469.305,12945.31,1950.195,5930.093,13041.32,1980.544,5891.705,12798.47,1976.692,5697.451,13205.31,2022.614,5799.598,12812.25,2012.767,5792.093,12887.99,1973.057,5475.816,13157.64,1984.858,5617.9,13099.88,1977.858,5700.821,12825.11,2009.544,5601.359,13143.34,1963.221,5895.539,12878.84,1969.389,5857.894,13200.59,1979.789,5707.993,13001.22,1989.36,5610.511,13082.28,2042.597,5586.005
13013.51,1983.353,5469.491,12945.51,1950.195,5930.041,13041.51,1980.544,5891.605,12798.68,1976.692,5697.488,13205.39,2022.614,5799.792,12812.46,2012.767,5792.108,12888.15,1973.057,5475.95,13157.76,1984.858,5618.07,13100,1977.858,5700.995,12825.31,2009.544,5601.378,13143.49,1963.221,5895.4,12879.04,1969.389,5857.859,13200.68,1979.789,5708.18,13001.22,1989.36,5610.719,13082.31,2042.597,5586.211
13013.66,1983.353,5469.766,12945.81,1950.195,5929.972,13041.78,1980.544,5891.445,12798.99,1976.692,5697.539,13205.52,2022.614,5800.081,12812.77,2012.767,5792.12,12888.39,1973.057,5476.16,13157.95,1984.858,5618.32,13100.15,1977.858,5701.269,12825.63,2009.544,5601.416,13143.72,1963.221,5895.183,12879.35,1969.389,5857.797,13200.81,1979.789,5708.463,13001.23,1989.36,5611.033,13082.36,2042.597,5586.521
13013.77,1983.353,5469.945,12946.02,1950.195,5929.932,13041.95,1980.544,5891.333,12799.2,1976.692,5697.565,13205.59,2022.614,5800.274,12812.98,2012.767,5792.125,12888.54,1973.057,5476.302,13158.08,1984.858,5618.482,13100.26,1977.858,5701.448,12825.83,2009.544,5601.447,13143.87,1963.221,5895.035,12879.56,1969.389,5857.749,13200.9,1979.789,5708.649,13001.25,1989.36,5611.241,13082.4,2042.597,5586.726
13013.9,1983.353,5470.235,12946.33,1950.195,5929.882,13042.23,1980.544,5891.178,12799.51,1976.692,5697.625,13205.72,2022.614,5800.566,12813.3,2012.767,5792.123,12888.78,1973.057,5476.51,13158.29,1984.858,5618.723,13100.43,1977.858,5701.714,12826.14,2009.544,5601.506,13144.08,1963.221,5894.801,12879.86,1969.389,5857.667,13201.04,1979.789,5708.933,13001.28,1989.36,5611.556,13082.47,2042.597,5587.035
13013.99,1983.353,5470.423,12946.54,1950.195,5929.842,13042.41,1980.544,5891.07,12799.71,1976.692,5697.657,13205.81,2022.614,5800.754,12813.51,2012.767,5792.115,12888.93,1973.057,5476.655,13158.43,1984.858,5618.876,13100.55,1977.858,5701.885,12826.35,2009.544,5601.551,13144.22,1963.221,5894.644,12880.07,1969.389,5857.619,13201.13,1979.789,5709.121,13001.31,1989.36,5611.762,13082.52,2042.597,5587.236
13014.1,1983.353,5470.629,12946.76,1950.195,5929.791,13042.61,1980.544,5890.949,12799.95,1976.692,5697.687,13205.92,2022.614,5800.96,12813.74,2012.767,5792.099,12889.1,1973.057,5476.812,13158.59,1984.858,5619.042,13100.69,1977.858,5702.072,12826.57,2009.544,5601.627,13144.39,1963.221,5894.49,12880.29,1969.389,5857.542,13201.23,1979.789,5709.331,13001.35,1989.36,5611.992,13082.59,2042.597,5587.46
13014.2,1983.353,5470.811,12946.96,1950.195,5929.738,13042.77,1980.544,5890.825,12800.15,1976.692,5697.745,13206.02,2022.614,5801.14,12813.95,2012.767,5792.092,12889.24,1973.057,5476.97,13158.74,1984.858,5619.187,13100.81,1977.858,5702.242,12826.77,2009.544,5601.689,13144.55,1963.221,5894.356,12880.49,1969.389,5857.479,13201.33,1979.789,5709.518,13001.39,1989.36,5612.196,13082.66,2042.597,5587.657
13014.31,1983.353,5471.003,12947.18,1950.195,5929.674,13042.96,1980.544,5890.698,12800.36,1976.692,5697.8,13206.14,2022.614,5801.329,12814.17,2012.767,5792.077,12889.39,1973.057,5477.134,13158.91,1984.858,5619.335,13100.95,1977.858,5702.419,12826.98,2009.544,5601.748,13144.72,1963.221,5894.207,12880.7,1969.389,5857.419,13201.42,1979.789,5709.719,13001.45,1989.36,5612.414,13082.73,2042.597,5587.867
13014.42,1983.353,5471.18,12947.38,1950.195,5929.608,13043.12,1980.544,5890.57,12800.57,1976.692,5697.845,13206.25,2022.614,5801.508,12814.38,2012.767,5792.069,12889.53,1973.057,5477.292,13159.06,1984.858,5619.479,13101.08,1977.858,5702.58,12827.18,2009.544,5601.804,13144.87,1963.221,5894.063,12880.9,1969.389,5857.37,13201.52,1979.789,5709.904,13001.5,1989.36,5612.614,13082.81,2042.597,5588.06
13014.58,1983.353,5471.4,12947.63,1950.195,5929.514,13043.34,1980.544,5890.411,12800.83,1976.692,5697.895,13206.38,2022.614,5801.747,12814.65,2012.767,5792.068,12889.71,1973.057,5477.492,13159.25,1984.858,5619.673,13101.23,1977.858,5702.804,12827.45,2009.544,5601.868,13145.09,1963.221,5893.901,12881.16,1969.389,5857.29,13201.63,1979.789,5710.15,13001.59,1989.36,5612.874,13082.92,2042.597,5588.307
13014.7,1983.353,5471.574,12947.82,1950.195,5929.435,13043.51,1980.544,5890.295,12801.04,1976.692,5697.927,13206.47,2022.614,5801.933,12814.86,2012.767,5792.063,12889.86,1973.057,5477.64,13159.39,1984.858,5619.827,13101.36,1977.858,5702.972,12827.65,2009.544,5601.911,13145.25,1963.221,5893.772,12881.36,1969.389,5857.235,13201.73,1979.789,5710.335,13001.66,1989.36,5613.07,13083.02,2042.597,5588.494
13014.82,1983.353,5471.769,12948.04,1950.195,5929.355,13043.7,1980.544,5890.154,12801.27,1976.692,5697.954,13206.57,2022.614,5802.139,12815.09,2012.767,5792.048,12890.02,1973.057,5477.799,13159.54,1984.858,5620.001,13101.5,1977.858,5703.153,12827.87,2009.544,5601.978,13145.43,1963.221,5893.625,12881.58,1969.389,5857.167,13201.84,1979.789,5710.536,13001.74,1989.36,5613.284,13083.12,2042.597,5588.697
13014.93,1983.353,5471.949,12948.24,1950.195,5929.289,13043.87,1980.544,5890.033,12801.48,1976.692,5697.972,13206.67,2022.614,5802.323,12815.29,2012.767,5792.062,12890.17,1973.057,5477.946,13159.67,1984.858,5620.163,13101.63,1977.858,5703.313,12828.07,2009.544,5602.032,13145.59,1963.221,5893.491,12881.78,1969.389,5857.1,13201.94,1979.789,5710.721,13001.82,1989.36,5613.476,13083.23,2042.597,5588.878
13015.04,1983.353,5472.135,12948.45,1950.195,5929.226,13044.05,1980.544,5889.912,12801.69,1976.692,5697.998,13206.77,2022.614,5802.517,12815.51,2012.767,5792.068,12890.32,1973.057,5478.107,13159.8,1984.858,5620.336,13101.78,1977.858,5703.475,12828.28,2009.544,5602.1,13145.75,1963.221,5893.345,12881.98,1969.389,5857.023,13202.04,1979.789,5710.914,13001.91,1989.36,5613.672,13083.34,2042.597,5589.063
13015.15,1983.353,5472.311,12948.65,1950.195,5929.172,13044.21,1980.544,5889.791,12801.9,1976.692,5698.016,13206.86,2022.614,5802.706,12815.72,2012.767,5792.068,12890.46,1973.057,5478.258,13159.92,1984.858,5620.507,13101.91,1977.858,5703.63,12828.48,2009.544,5602.159,13145.9,1963.221,5893.2,12882.18,1969.389,5856.943,13202.13,1979.789,5711.1,13002.01,1989.36,5613.858,13083.48,2042.597,5589.222
13015.27,1983.353,5472.515,12948.87,1950.195,5929.104,13044.39,1980.544,5889.633,12802.13,1976.692,5698.044,13206.96,2022.614,5802.919,12815.96,2012.767,5792.06,12890.63,1973.057,5478.423,13160.07,1984.858,5620.695,13102.07,1977.858,5703.811,12828.71,2009.544,5602.219,13146.07,1963.221,5893.033,12882.4,1969.389,5856.86,13202.25,1979.789,5711.301,13002.12,1989.36,5614.065,13083.62,2042.597,5589.408
13015.37,1983.353,5472.694,12949.07,1950.195,5929.038,13044.55,1980.544,5889.499,12802.34,1976.692,5698.062,13207.05,2022.614,5803.105,12816.16,2012.767,5792.045,12890.77,1973.057,5478.578,13160.19,1984.858,5620.864,13102.21,1977.858,5703.965,12828.91,2009.544,5602.265,13146.21,1963.221,5892.881,12882.59,1969.389,5856.792,13202.36,1979.789,5711.481,13002.23,1989.36,5614.245,13083.75,2042.597,5589.576
13015.49,1983.353,5472.87,12949.27,1950.195,5928.965,13044.72,1980.544,5889.371,12802.55,1976.692,5698.104,13207.13,2022.614,5803.296,12816.37,2012.767,5792.043,12890.91,1973.057,5478.728,13160.3,1984.858,5621.038,13102.34,1977.858,5704.121,12829.11,2009.544,5602.305,13146.35,1963.221,5892.729,12882.79,1969.389,5856.731,13202.46,1979.789,5711.666,13002.34,1989.36,5614.42,13083.86,2042.597,5589.748
13015.6,1983.353,5473.041,12949.46,1950.195,5928.886,13044.88,1980.544,5889.237,12802.75,1976.692,5698.139,13207.21,2022.614,5803.488,12816.58,2012.767,5792.034,12891.05,1973.057,5478.887,13160.41,1984.858,5621.215,13102.46,1977.858,5704.297,12829.32,2009.544,5602.351,13146.49,1963.221,5892.573,12882.99,1969.389,5856.661,13202.55,1979.789,5711.853,13002.46,1989.36,5614.592,13083.99,2042.597,5589.914
13015.72,1983.353,5473.213,12949.65,1950.195,5928.8,13045.04,1980.544,5889.108,12802.96,1976.692,5698.167,13207.28,2022.614,5803.685,12816.79,2012.767,5792.018,12891.18,1973.057,5479.046,13160.54,1984.858,5621.376,13102.56,1977.858,5704.48,12829.52,2009.544,5602.39,13146.62,1963.221,5892.407,12883.18,1969.389,5856.584,13202.63,1979.789,5712.042,13002.58,1989.36,5614.76,13084.12,2042.597,5590.08
13015.83,1983.353,5473.389,12949.84,1950.195,5928.71,13045.2,1980.544,5888.975,12803.17,1976.692,5698.191,13207.36,2022.614,5803.879,12817,2012.767,5791.995,12891.32,1973.057,5479.201,13160.67,1984.858,5621.542,13102.66,1977.858,5704.66,12829.72,2009.544,5602.449,13146.75,1963.221,5892.245,12883.38,1969.389,5856.501,13202.7,1979.789,5712.241,13002.7,1989.36,5614.933,13084.25,2042.597,5590.242
13015.96,1983.353,5473.552,12950.03,1950.195,5928.626,13045.38,1980.544,5888.862,12803.37,1976.692,5698.208,13207.44,2022.614,5804.071,12817.2,2012.767,5791.965,12891.47,1973.057,5479.351,13160.79,1984.858,5621.712,13102.75,1977.858,5704.847,12829.92,2009.544,5602.501,13146.88,1963.221,5892.087,12883.56,1969.389,5856.413,13202.76,1979.789,5712.438,13002.82,1989.36,5615.101,13084.37,2042.597,5590.409
13016.09,1983.353,5473.719,12950.21,1950.195,5928.536,13045.55,1980.544,5888.744,12803.58,1976.692,5698.233,13207.51,2022.614,5804.266,12817.41,2012.767,5791.96,12891.62,1973.057,5479.497,13160.91,1984.858,5621.883,13102.84,1977.858,5705.035,12830.13,2009.544,5602.547,13147.02,1963.221,5891.934,12883.76,1969.389,5856.33,13202.84,1979.789,5712.632,13002.94,1989.36,5615.269,13084.49,2042.597,5590.579
13016.21,1983.353,5473.89,12950.4,1950.195,5928.452,13045.73,1980.544,5888.641,12803.79,1976.692,5698.266,13207.58,2022.614,5804.462,12817.62,2012.767,5791.961,12891.77,1973.057,5479.637,13161.02,1984.858,5622.058,13102.94,1977.858,5705.22,12830.33,2009.544,5602.593,13147.16,1963.221,5891.781,12883.94,1969.389,5856.241,13202.92,1979.789,5712.824,13003.07,1989.36,5615.432,13084.62,2042.597,5590.746
13016.34,1983.353,5474.048,12950.6,1950.195,5928.374,13045.91,1980.544,5888.533,12803.99,1976.692,5698.292,13207.65,2022.614,5804.66,12817.83,2012.767,5791.956,12891.91,1973.057,5479.795,13161.13,1984.858,5622.236,13103.04,1977.858,5705.401,12830.53,2009.544,5602.631,13147.31,1963.221,5891.628,12884.13,1969.389,5856.146,13203,1979.789,5713.019,13003.21,1989.36,5615.591,13084.74,2042.597,5590.916
13016.47,1983.353,5474.211,12950.79,1950.195,5928.29,13046.08,1980.544,5888.418,12804.2,1976.692,5698.311,13207.71,2022.614,5804.86,12818.03,2012.767,5791.944,12892.05,1973.057,5479.949,13161.23,1984.858,5622.417,13103.15,1977.858,5705.58,12830.74,2009.544,5602.663,13147.45,1963.221,5891.475,12884.32,1969.389,5856.058,13203.08,1979.789,5713.21,13003.33,1989.36,5615.755,13084.86,2042.597,5591.083
13016.6,1983.353,5474.379,12950.98,1950.195,5928.2,13046.25,1980.544,5888.298,12804.41,1976.692,5698.325,13207.76,2022.614,5805.061,12818.24,2012.767,5791.925,12892.19,1973.057,5480.098,13161.33,1984.858,5622.6,13103.26,1977.858,5705.755,12830.95,2009.544,5602.688,13147.59,1963.221,5891.322,12884.51,1969.389,5855.975,13203.18,1979.789,5713.389,13003.47,1989.36,5615.917,13084.98,2042.597,5591.253
13016.71,1983.353,5474.55,12951.16,1950.195,5928.103,13046.42,1980.544,5888.173,12804.61,1976.692,5698.364,13207.81,2022.614,5805.263,12818.45,2012.767,5791.899,12892.34,1973.057,5480.249,13161.44,1984.858,5622.779,13103.38,1977.858,5705.926,12831.15,2009.544,5602.743,13147.73,1963.221,5891.169,12884.7,1969.389,5855.899,13203.29,1979.789,5713.57,13003.59,1989.36,5616.084,13085.11,2042.597,5591.417
13016.83,1983.353,5474.726,12951.35,1950.195,5928.013,13046.58,1980.544,5888.042,12804.82,1976.692,5698.396,13207.85,2022.614,5805.466,12818.65,2012.767,5791.845,12892.47,1973.057,5480.405,13161.52,1984.858,5622.973,13103.49,1977.858,5706.102,12831.35,2009.544,5602.805,13147.87,1963.221,5891.015,12884.9,1969.389,5855.816,13203.38,1979.789,5713.755,13003.72,1989.36,5616.248,13085.24,2042.597,5591.584
13016.95,1983.353,5474.894,12951.54,1950.195,5927.928,13046.72,1980.544,5887.892,12805.03,1976.692,5698.422,13207.9,2022.614,5805.67,12818.85,2012.767,5791.797,12892.62,1973.057,5480.557,13161.6,1984.858,5623.166,13103.6,1977.858,5706.281,12831.55,2009.544,5602.861,13148.01,1963.221,5890.86,12885.08,1969.389,5855.728,13203.47,1979.789,5713.943,13003.85,1989.36,5616.407,13085.36,2042.597,5591.754
13017.07,1983.353,5475.065,12951.73,1950.195,5927.85,13046.87,1980.544,5887.744,12805.23,1976.692,5698.441,13207.93,2022.614,5805.875,12819.05,2012.767,5791.731,12892.76,1973.057,5480.704,13161.68,1984.858,5623.355,13103.7,1977.858,5706.463,12831.75,2009.544,5602.911,13148.14,1963.221,5890.703,12885.27,1969.389,5855.634,13203.57,1979.789,5714.129,13003.98,1989.36,5616.571,13085.47,2042.597,5591.926
13017.18,1983.353,5475.241,12951.92,1950.195,5927.766,13047.02,1980.544,5887.601,12805.44,1976.692,5698.453,13207.96,2022.614,5806.081,12819.25,2012.767,5791.671,12892.92,1973.057,5480.846,13161.77,1984.858,5623.542,13103.78,1977.858,5706.656,12831.95,2009.544,5602.954,13148.28,1963.221,5890.545,12885.46,1969.389,5855.545,13203.66,1979.789,5714.318,13004.11,1989.36,5616.739,13085.59,2042.597,5592.103
13017.29,1983.353,5475.414,12952.11,1950.195,5927.675,13047.18,1980.544,5887.463,12805.65,1976.692,5698.468,13207.99,2022.614,5806.288,12819.45,2012.767,5791.607,12893.07,1973.057,5480.983,13161.87,1984.858,5623.729,13103.86,1977.858,5706.847,12832.16,2009.544,5602.99,13148.41,1963.221,5890.385,12885.65,1969.389,5855.463,13203.74,1979.789,5714.509,13004.22,1989.36,5616.914,13085.69,2042.597,5592.282
13017.41,1983.353,5475.59,12952.3,1950.195,5927.59,13047.34,1980.544,5887.33,12805.86,1976.692,5698.477,13208.01,2022.614,5806.495,12819.65,2012.767,5791.55,12893.23,1973.057,5481.121,13161.98,1984.858,5623.906,13103.95,1977.858,5707.034,12832.36,2009.544,5603.026,13148.55,1963.221,5890.225,12885.84,1969.389,5855.375,13203.81,1979.789,5714.704,13004.34,1989.36,5617.085,13085.81,2042.597,5592.455
13017.52,1983.353,5475.763,12952.49,1950.195,5927.5,13047.49,1980.544,5887.192,12806.07,1976.692,5698.478,13208.03,2022.614,5806.702,12819.85,2012.767,5791.499,12893.39,1973.057,5481.254,13162.08,1984.858,5624.086,13104.05,1977.858,5707.219,12832.56,2009.544,5603.079,13148.68,1963.221,5890.063,12886.03,1969.389,5855.293,13203.88,1979.789,5714.9,13004.46,1989.36,5617.253,13085.92,2042.597,5592.63
13017.65,1983.353,5475.924,12952.68,1950.195,5927.415,13047.65,1980.544,5887.052,12806.27,1976.692,5698.486,13208.05,2022.614,5806.91,12820.05,2012.767,5791.454,12893.55,1973.057,5481.392,13162.19,1984.858,5624.266,13104.14,1977.858,5707.404,12832.77,2009.544,5603.125,13148.81,1963.221,5889.9,12886.22,1969.389,5855.206,13203.94,1979.789,5715.099,13004.59,1989.36,5617.417,13086.01,2042.597,5592.817
13017.78,1983.353,5476.09,12952.87,1950.195,5927.336,13047.8,1980.544,5886.916,12806.48,1976.692,5698.488,13208.06,2022.614,5807.118,12820.25,2012.767,5791.389,12893.71,1973.057,5481.525,13162.29,1984.858,5624.449,13104.24,1977.858,5707.59,12832.97,2009.544,5603.165,13148.94,1963.221,5889.737,12886.4,1969.389,5855.111,13204,1979.789,5715.299,13004.71,1989.36,5617.584,13086.11,2042.597,5593.001
13017.92,1983.353,5476.246,12953.06,1950.195,5927.251,13047.95,1980.544,5886.769,12806.69,1976.692,5698.482,13208.06,2022.614,5807.326,12820.45,2012.767,5791.33,12893.86,1973.057,5481.663,13162.38,1984.858,5624.635,13104.34,1977.858,5707.772,12833.18,2009.544,5603.197,13149.07,1963.221,5889.574,12886.59,1969.389,5855.023,13204.08,1979.789,5715.493,13004.83,1989.36,5617.755,13086.21,2042.597,5593.182
13018.06,1983.353,5476.403,12953.25,1950.195,5927.16,13048.1,1980.544,5886.618,12806.9,1976.692,5698.47,13208.06,2022.614,5807.534,12820.65,2012.767,5791.262,12894,1973.057,5481.821,13162.47,1984.858,5624.822,13104.45,1977.858,5707.951,12833.38,2009.544,5603.223,13149.19,1963.221,5889.409,12886.78,1969.389,5854.928,13204.15,1979.789,5715.688,13004.94,1989.36,5617.931,13086.32,2042.597,5593.364
13018.19,1983.353,5476.564,12953.43,1950.195,5927.063,13048.23,1980.544,5886.457,12807.1,1976.692,5698.451,13208.06,2022.614,5807.742,12820.84,2012.767,5791.179,12894.14,1973.057,5481.975,13162.56,1984.858,5625.012,13104.55,1977.858,5708.13,12833.59,2009.544,5603.245,13149.32,1963.221,5889.243,12886.96,1969.389,5854.838,13204.21,1979.789,5715.886,13005.06,1989.36,5618.103,13086.39,2042.597,5593.557
13018.32,1983.353,5476.728,12953.61,1950.195,5926.959,13048.37,1980.544,5886.3,12807.31,1976.692,5698.449,13208.06,2022.614,5807.95,12821.03,2012.767,5791.103,12894.28,1973.057,5482.124,13162.64,1984.858,5625.204,13104.65,1977.858,5708.313,12833.8,2009.544,5603.26,13149.44,1963.221,5889.076,12887.16,1969.389,5854.765,13204.29,1979.789,5716.082,13005.17,1989.36,5618.278,13086.48,2042.597,5593.748
13018.45,1983.353,5476.887,12953.8,1950.195,5926.862,13048.5,1980.544,5886.143,12807.52,1976.692,5698.439,13208.05,2022.614,5808.158,12821.23,2012.767,5791.033,12894.43,1973.057,5482.271,13162.71,1984.858,5625.399,13104.75,1977.858,5708.5,12834.01,2009.544,5603.282,13149.57,1963.221,5888.907,12887.35,1969.389,5854.685,13204.36,1979.789,5716.275,13005.27,1989.36,5618.462,13086.57,2042.597,5593.936
13018.59,1983.353,5477.043,12953.99,1950.195,5926.771,13048.65,1980.544,5885.991,12807.73,1976.692,5698.433,13208.04,2022.614,5808.366,12821.43,2012.767,5790.97,12894.58,1973.057,5482.413,13162.79,1984.858,5625.592,13104.83,1977.858,5708.688,12834.21,2009.544,5603.325,13149.69,1963.221,5888.738,12887.54,1969.389,5854.6,13204.45,1979.789,5716.466,13005.37,1989.36,5618.644,13086.67,2042.597,5594.118
13018.73,1983.353,5477.199,12954.18,1950.195,5926.686,13048.79,1980.544,5885.843,12807.94,1976.692,5698.451,13208.02,2022.614,5808.574,12821.63,2012.767,5790.913,12894.73,1973.057,5482.56,13162.85,1984.858,5625.792,13104.92,1977.858,5708.88,12834.42,2009.544,5603.36,13149.81,1963.221,5888.569,12887.73,1969.389,5854.508,13204.54,1979.789,5716.654,13005.48,1989.36,5618.822,13086.76,2042.597,5594.303
13018.86,1983.353,5477.359,12954.37,1950.195,5926.606,13048.95,1980.544,5885.701,12808.14,1976.692,5698.461,13208,2022.614,5808.781,12821.83,2012.767,5790.862,12894.87,1973.057,5482.718,13162.9,1984.858,5625.994,13104.99,1977.858,5709.075,12834.61,2009.544,5603.426,13149.93,1963.221,5888.399,12887.91,1969.389,5854.41,13204.63,1979.789,5716.839,13005.59,1989.36,5618.997,13086.85,2042.597,5594.492
13018.99,1983.353,5477.523,12954.56,1950.195,5926.534,13049.08,1980.544,5885.542,12808.35,1976.692,5698.467,13207.99,2022.614,5808.989,12822.03,2012.767,5790.816,12895.01,1973.057,5482.873,13162.95,1984.858,5626.195,13105.06,1977.858,5709.271,12834.81,2009.544,5603.484,13150.05,1963.221,5888.23,12888.09,1969.389,5854.307,13204.74,1979.789,5717.021,13005.72,1989.36,5619.159,13086.93,2042.597,5594.683
13019.11,1983.353,5477.692,12954.76,1950.195,5926.455,13049.22,1980.544,5885.389,12808.56,1976.692,5698.445,13207.97,2022.614,5809.196,12822.23,2012.767,5790.764,12895.15,1973.057,5483.022,13163.01,1984.858,5626.395,13105.12,1977.858,5709.47,12835.02,2009.544,5603.537,13150.17,1963.221,5888.061,12888.28,1969.389,5854.209,13204.84,1979.789,5717.199,13005.85,1989.36,5619.325,13087.01,2042.597,5594.875
13019.23,1983.353,5477.864,12954.95,1950.195,5926.369,13049.37,1980.544,5885.24,12808.77,1976.692,5698.43,13207.95,2022.614,5809.404,12822.43,2012.767,5790.705,12895.3,1973.057,5483.167,13163.06,1984.858,5626.597,13105.19,1977.858,5709.667,12835.22,2009.544,5603.582,13150.29,1963.221,5887.892,12888.47,1969.389,5854.118,13204.95,1979.789,5717.38,13005.97,1989.36,5619.496,13087.09,2042.597,5595.068
13019.34,1983.353,5478.041,12955.13,1950.195,5926.277,13049.52,1980.544,5885.095,12808.97,1976.692,5698.404,13207.94,2022.614,5809.611,12822.63,2012.767,5790.642,12895.45,1973.057,5483.317,13163.12,1984.858,5626.797,13105.25,1977.858,5709.866,12835.42,2009.544,5603.621,13150.42,1963.221,5887.724,12888.66,1969.389,5854.03,13205.04,1979.789,5717.565,13006.09,1989.36,5619.665,13087.18,2042.597,5595.257
13019.47,1983.353,5478.2,12955.32,1950.195,5926.18,13049.67,1980.544,5884.956,12809.18,1976.692,5698.372,13207.92,2022.614,5809.819,12822.83,2012.767,5790.585,12895.6,1973.057,5483.462,13163.16,1984.858,5627,13105.32,1977.858,5710.063,12835.63,2009.544,5603.653,13150.54,1963.221,5887.556,12888.85,1969.389,5853.949,13205.13,1979.789,5717.753,13006.21,1989.36,5619.838,13087.27,2042.597,5595.444
13019.6,1983.353,5478.364,12955.5,1950.195,5926.076,13049.85,1980.544,5884.839,12809.39,1976.692,5698.333,13207.9,2022.614,5810.026,12823.04,2012.767,5790.534,12895.75,1973.057,5483.603,13163.22,1984.858,5627.202,13105.39,1977.858,5710.258,12835.84,2009.544,5603.679,13150.66,1963.221,5887.388,12889.04,1969.389,5853.875,13205.22,1979.789,5717.944,13006.32,1989.36,5620.013,13087.36,2042.597,5595.633
13019.72,1983.353,5478.533,12955.68,1950.195,5925.978,13050.01,1980.544,5884.717,12809.59,1976.692,5698.289,13207.88,2022.614,5810.234,12823.24,2012.767,5790.49,12895.88,1973.057,5483.762,13163.28,1984.858,5627.401,13105.47,1977.858,5710.451,12836.04,2009.544,5603.697,13150.79,1963.221,5887.223,12889.23,1969.389,5853.793,13205.29,1979.789,5718.137,13006.43,1989.36,5620.191,13087.45,2042.597,5595.82
13019.84,1983.353,5478.705,12955.87,1950.195,5925.886,13050.18,1980.544,5884.589,12809.79,1976.692,5698.238,13207.86,2022.614,5810.441,12823.44,2012.767,5790.451,12896.02,1973.057,5483.916,13163.33,1984.858,5627.604,13105.55,1977.858,5710.643,12836.25,2009.544,5603.709,13150.92,1963.221,5887.058,12889.42,1969.389,5853.707,13205.36,1979.789,5718.333,13006.53,1989.36,5620.372,13087.55,2042.597,5596.005
13019.95,1983.353,5478.881,12956.06,1950.195,5925.8,13050.35,1980.544,5884.471,12809.99,1976.692,5698.182,13207.84,2022.614,5810.648,12823.65,2012.767,5790.419,12896.17,1973.057,5484.069,13163.38,1984.858,5627.805,13105.64,1977.858,5710.832,12836.46,2009.544,5603.714,13151.04,1963.221,5886.894,12889.61,1969.389,5853.613,13205.43,1979.789,5718.531,13006.63,1989.36,5620.555,13087.65,2042.597,5596.187
13020.06,1983.353,5479.061,12956.25,1950.195,5925.72,13050.52,1980.544,5884.347,12810.19,1976.692,5698.119,13207.82,2022.614,5810.855,12823.86,2012.767,5790.393,12896.31,1973.057,5484.217,13163.44,1984.858,5628.004,13105.73,1977.858,5711.019,12836.67,2009.544,5603.712,13151.17,1963.221,5886.729,12889.79,1969.389,5853.514,13205.49,1979.789,5718.731,13006.72,1989.36,5620.741,13087.76,2042.597,5596.366
13020.17,1983.353,5479.236,12956.45,1950.195,5925.646,13050.68,1980.544,5884.217,12810.39,1976.692,5698.063,13207.79,2022.614,5811.062,12824.06,2012.767,5790.36,12896.46,1973.057,5484.36,13163.51,1984.858,5628.202,13105.81,1977.858,5711.212,12836.88,2009.544,5603.703,13151.3,1963.221,5886.566,12889.97,1969.389,5853.409,13205.54,1979.789,5718.933,13006.81,1989.36,5620.93,13087.87,2042.597,5596.542
13020.3,1983.353,5479.397,12956.64,1950.195,5925.566,13050.86,1980.544,5884.108,12810.59,1976.692,5698.013,13207.76,2022.614,5811.268,12824.27,2012.767,5790.321,12896.62,1973.057,5484.498,13163.57,1984.858,5628.401,13105.88,1977.858,5711.409,12837.08,2009.544,5603.688,13151.43,1963.221,5886.402,12890.16,1969.389,5853.311,13205.58,1979.789,5719.137,13006.9,1989.36,5621.121,13087.98,2042.597,5596.714
13020.43,1983.353,5479.563,12956.83,1950.195,5925.48,13051.03,1980.544,5883.994,12810.8,1976.692,5697.97,13207.73,2022.614,5811.473,12824.47,2012.767,5790.275,12896.78,1973.057,5484.631,13163.63,1984.858,5628.598,13105.95,1977.858,5711.606,12837.29,2009.544,5603.687,13151.56,1963.221,5886.239,12890.34,1969.389,5853.218,13205.62,1979.789,5719.341,13006.99,1989.36,5621.309,13088.09,2042.597,5596.891
13020.56,1983.353,5479.722,12957.02,1950.195,5925.399,13051.2,1980.544,5883.874,12811,1976.692,5697.933,13207.69,2022.614,5811.678,12824.67,2012.767,5790.222,12896.95,1973.057,5484.745,13163.7,1984.858,5628.797,13106.01,1977.858,5711.805,12837.5,2009.544,5603.68,13151.69,1963.221,5886.076,12890.53,1969.389,5853.131,13205.67,1979.789,5719.545,13007.08,1989.36,5621.494,13088.2,2042.597,5597.071
13020.69,1983.353,5479.886,12957.21,1950.195,5925.312,13051.38,1980.544,5883.766,12811.2,1976.692,5697.885,13207.65,2022.614,5811.883,12824.87,2012.767,5790.163,12897.13,1973.057,5484.863,13163.76,1984.858,5628.994,13106.06,1977.858,5712.006,12837.71,2009.544,5603.677,13151.82,1963.221,5885.914,12890.72,1969.389,5853.032,13205.72,1979.789,5719.747,13007.18,1989.36,5621.676,13088.3,2042.597,5597.255
13020.81,1983.353,5480.054,12957.4,1950.195,5925.218,13051.56,1980.544,5883.653,12811.41,1976.692,5697.844,13207.61,2022.614,5812.087,12825.07,2012.767,5790.097,12897.3,1973.057,5484.972,13163.85,1984.858,5629.185,13106.11,1977.858,5712.209,12837.92,2009.544,5603.667,13151.95,1963.221,5885.753,12890.9,1969.389,5852.938,13205.78,1979.789,5719.947,13007.29,1989.36,5621.854,13088.41,2042.597,5597.43
13020.94,1983.353,5480.221,12957.58,1950.195,5925.119,13051.73,1980.544,5883.535,12811.61,1976.692,5697.797,13207.57,2022.614,5812.292,12825.27,2012.767,5790.038,12897.48,1973.057,5485.086,13163.92,1984.858,5629.379,13106.15,1977.858,5712.413,12838.12,2009.544,5603.65,13152.09,1963.221,5885.594,12891.09,1969.389,5852.85,13205.84,1979.789,5720.145,13007.4,1989.36,5622.029,13088.52,2042.597,5597.609
13021.06,1983.353,5480.391,12957.76,1950.195,5925.022,13051.89,1980.544,5883.411,12811.81,1976.692,5697.744,13207.53,2022.614,5812.497,12825.47,2012.767,5789.984,12897.65,1973.057,5485.206,13163.99,1984.858,5629.576,13106.2,1977.858,5712.616,12838.33,2009.544,5603.629,13152.22,1963.221,5885.435,12891.28,1969.389,5852.769,13205.9,1979.789,5720.345,13007.5,1989.36,5622.211,13088.62,2042.597,5597.792
13021.17,1983.353,5480.563,12957.96,1950.195,5924.946,13052.07,1980.544,5883.297,12812.01,1976.692,5697.684,13207.5,2022.614,5812.701,12825.67,2012.767,5789.937,12897.81,1973.057,5485.332,13164.07,1984.858,5629.77,13106.25,1977.858,5712.817,12838.54,2009.544,5603.625,13152.36,1963.221,5885.277,12891.46,1969.389,5852.662,13205.95,1979.789,5720.547,13007.59,1989.36,5622.402,13088.71,2042.597,5597.978
13021.29,1983.353,5480.734,12958.15,1950.195,5924.863,13052.24,1980.544,5883.185,12812.21,1976.692,5697.619,13207.46,2022.614,5812.906,12825.88,2012.767,5789.896,12897.98,1973.057,5485.457,13164.14,1984.858,5629.966,13106.31,1977.858,5713.016,12838.75,2009.544,5603.614,13152.5,1963.221,5885.121,12891.64,1969.389,5852.562,13206,1979.789,5720.75,13007.68,1989.36,5622.59,13088.82,2042.597,5598.156
13021.41,1983.353,5480.909,12958.34,1950.195,5924.773,13052.42,1980.544,5883.068,12812.41,1976.692,5697.56,13207.41,2022.614,5813.11,12826.08,2012.767,5789.848,12898.16,1973.057,5485.563,13164.22,1984.858,5630.155,13106.38,1977.858,5713.213,12838.96,2009.544,5603.597,13152.63,1963.221,5884.965,12891.83,1969.389,5852.467,13206.04,1979.789,5720.954,13007.77,1989.36,5622.775,13088.92,2042.597,5598.337
13021.51,1983.353,5481.087,12958.53,1950.195,5924.689,13052.58,1980.544,5882.945,12812.61,1976.692,5697.507,13207.37,2022.614,5813.314,12826.28,2012.767,5789.793,12898.34,1973.057,5485.674,13164.31,1984.858,5630.347,13106.44,1977.858,5713.413,12839.16,2009.544,5603.59,13152.77,1963.221,5884.81,12892.02,1969.389,5852.379,13206.09,1979.789,5721.156,13007.88,1989.36,5622.957,13089.02,2042.597,5598.522
13021.63,1983.353,5481.262,12958.71,1950.195,5924.6,13052.75,1980.544,5882.816,12812.81,1976.692,5697.453,13207.34,2022.614,5813.52,12826.48,2012.767,5789.732,12898.52,1973.057,5485.78,13164.38,1984.858,5630.541,13106.49,1977.858,5713.614,12839.37,2009.544,5603.584,13152.92,1963.221,5884.659,12892.21,1969.389,5852.297,13206.15,1979.789,5721.356,13007.98,1989.36,5623.136,13089.11,2042.597,5598.71
13021.76,1983.353,5481.425,12958.9,1950.195,5924.503,13052.91,1980.544,5882.683,12813.01,1976.692,5697.405,13207.31,2022.614,5813.726,12826.68,2012.767,5789.694,12898.69,1973.057,5485.892,13164.46,1984.858,5630.736,13106.54,1977.858,5713.816,12839.58,2009.544,5603.571,13153.06,1963.221,5884.513,12892.4,1969.389,5852.221,13206.22,1979.789,5721.554,13008.08,1989.36,5623.317,13089.18,2042.597,5598.907
13021.88,1983.353,5481.591,12959.08,1950.195,5924.401,13053.06,1980.544,5882.537,12813.22,1976.692,5697.356,13207.29,2022.614,5813.933,12826.89,2012.767,5789.649,12898.86,1973.057,5486.008,13164.52,1984.858,5630.934,13106.58,1977.858,5714.021,12839.79,2009.544,5603.551,13153.22,1963.221,5884.372,12892.6,1969.389,5852.152,13206.29,1979.789,5721.75,13008.2,1989.36,5623.488,13089.25,2042.597,5599.102
13022,1983.353,5481.762,12959.27,1950.195,5924.307,13053.21,1980.544,5882.396,12813.42,1976.692,5697.313,13207.27,2022.614,5814.141,12827.09,2012.767,5789.598,12899.03,1973.057,5486.13,13164.61,1984.858,5631.124,13106.63,1977.858,5714.223,12839.99,2009.544,5603.527,13153.38,1963.221,5884.235,12892.8,1969.389,5852.107,13206.35,1979.789,5721.948,13008.32,1989.36,5623.663,13089.33,2042.597,5599.294
13022.13,1983.353,5481.926,12959.46,1950.195,5924.219,13053.37,1980.544,5882.26,12813.63,1976.692,5697.278,13207.26,2022.614,5814.349,12827.28,2012.767,5789.52,12899.21,1973.057,5486.237,13164.69,1984.858,5631.316,13106.68,1977.858,5714.424,12840.2,2009.544,5603.511,13153.54,1963.221,5884.104,12893,1969.389,5852.056,13206.41,1979.789,5722.148,13008.43,1989.36,5623.84,13089.42,2042.597,5599.484
13022.25,1983.353,5482.093,12959.65,1950.195,5924.137,13053.53,1980.544,5882.129,12813.83,1976.692,5697.236,13207.26,2022.614,5814.558,12827.48,2012.767,5789.448,12899.39,1973.057,5486.35,13164.76,1984.858,5631.512,13106.74,1977.858,5714.624,12840.41,2009.544,5603.481,13153.7,1963.221,5883.979,12893.21,1969.389,5851.999,13206.47,1979.789,5722.349,13008.53,1989.36,5624.02,13089.5,2042.597,5599.671
13022.37,1983.353,5482.264,12959.84,1950.195,5924.061,13053.7,1980.544,5882.003,12814.03,1976.692,5697.188,13207.27,2022.614,5814.766,12827.68,2012.767,5789.382,12899.56,1973.057,5486.468,13164.85,1984.858,5631.7,13106.8,1977.858,5714.824,12840.61,2009.544,5603.459,13153.87,1963.221,5883.859,12893.4,1969.389,5851.935,13206.52,1979.789,5722.551,13008.63,1989.36,5624.203,13089.6,2042.597,5599.856
13022.49,1983.353,5482.438,12960.04,1950.195,5923.991,13053.87,1980.544,5881.884,12814.23,1976.692,5697.133,13207.28,2022.614,5814.974,12827.88,2012.767,5789.323,12899.73,1973.057,5486.592,13164.93,1984.858,5631.892,13106.87,1977.858,5715.022,12840.82,2009.544,5603.448,13154.05,1963.221,5883.745,12893.6,1969.389,5851.864,13206.57,1979.789,5722.752,13008.73,1989.36,5624.389,13089.7,2042.597,5600.039
13022.6,1983.353,5482.615,12960.24,1950.195,5923.927,13054.04,1980.544,5881.77,12814.43,1976.692,5697.073,13207.3,2022.614,5815.181,12828.08,2012.767,5789.269,12899.89,1973.057,5486.722,13165.01,1984.858,5632.085,13106.94,1977.858,5715.218,12841.03,2009.544,5603.431,13154.22,1963.221,5883.636,12893.79,1969.389,5851.788,13206.62,1979.789,5722.956,13008.82,1989.36,5624.577,13089.81,2042.597,5600.219
13022.7,1983.353,5482.795,12960.44,1950.195,5923.87,13054.22,1980.544,5881.661,12814.63,1976.692,5697.006,13207.33,2022.614,5815.388,12828.28,2012.767,5789.222,12900.05,1973.057,5486.856,13165.1,1984.858,5632.271,13107,1977.858,5715.416,12841.24,2009.544,5603.406,13154.41,1963.221,5883.534,12893.98,1969.389,5851.705,13206.67,1979.789,5723.157,13008.9,1989.36,5624.768,13089.92,2042.597,5600.396
13022.81,1983.353,5482.972,12960.64,1950.195,5923.819,13054.4,1980.544,5881.559,12814.83,1976.692,5696.934,13207.36,2022.614,5815.593,12828.48,2012.767,5789.181,12900.2,1973.057,5486.996,13165.19,1984.858,5632.46,13107.06,1977.858,5715.616,12841.44,2009.544,5603.376,13154.59,1963.221,5883.437,12894.17,1969.389,5851.616,13206.73,1979.789,5723.357,13008.98,1989.36,5624.96,13090.03,2042.597,5600.569
13022.92,1983.353,5483.149,12960.84,1950.195,5923.775,13054.58,1980.544,5881.445,12815.02,1976.692,5696.855,13207.4,2022.614,5815.798,12828.69,2012.767,5789.146,12900.34,1973.057,5487.154,13165.28,1984.858,5632.647,13107.11,1977.858,5715.818,12841.65,2009.544,5603.339,13154.78,1963.221,5883.347,12894.36,1969.389,5851.521,13206.79,1979.789,5723.555,13009.05,1989.36,5625.155,13090.15,2042.597,5600.742
13023.03,1983.353,5483.325,12961.04,1950.195,5923.724,13054.75,1980.544,5881.337,12815.21,1976.692,5696.783,13207.45,2022.614,5816.001,12828.89,2012.767,5789.104,12900.48,1973.057,5487.308,13165.38,1984.858,5632.833,13107.17,1977.858,5716.019,12841.85,2009.544,5603.295,13154.97,1963.221,5883.262,12894.55,1969.389,5851.433,13206.86,1979.789,5723.753,13009.13,1989.36,5625.348,13090.26,2042.597,5600.917
13023.14,1983.353,5483.505,12961.24,1950.195,5923.667,13054.94,1980.544,5881.235,12815.41,1976.692,5696.717,13207.5,2022.614,5816.203,12829.1,2012.767,5789.056,12900.63,1973.057,5487.457,13165.47,1984.858,5633.016,13107.23,1977.858,5716.217,12842.06,2009.544,5603.257,13155.16,1963.221,5883.184,12894.74,1969.389,5851.348,13206.92,1979.789,5723.953,13009.22,1989.36,5625.538,13090.37,2042.597,5601.093
13023.25,1983.353,5483.681,12961.44,1950.195,5923.603,13055.12,1980.544,5881.136,12815.61,1976.692,5696.658,13207.56,2022.614,5816.402,12829.3,2012.767,5789.001,12900.77,1973.057,5487.605,13165.58,1984.858,5633.196,13107.3,1977.858,5716.413,12842.26,2009.544,5603.203,13155.36,1963.221,5883.112,12894.93,1969.389,5851.268,13206.99,1979.789,5724.147,13009.31,1989.36,5625.725,13090.48,2042.597,5601.272
13023.38,1983.353,5483.848,12961.64,1950.195,5923.536,13055.3,1980.544,5881.027,12815.81,1976.692,5696.605,13207.63,2022.614,5816.6,12829.5,2012.767,5788.94,12900.92,1973.057,5487.749,13165.69,1984.858,5633.375,13107.38,1977.858,5716.606,12842.46,2009.544,5603.156,13155.56,1963.221,5883.047,12895.12,1969.389,5851.195,13207.06,1979.789,5724.343,13009.41,1989.36,5625.908,13090.58,2042.597,5601.454
13023.5,1983.353,5484.015,12961.83,1950.195,5923.463,13055.48,1980.544,5880.919,12816.02,1976.692,5696.56,13207.7,2022.614,5816.795,12829.69,2012.767,5788.865,12901.07,1973.057,5487.892,13165.8,1984.858,5633.551,13107.46,1977.858,5716.797,12842.67,2009.544,5603.116,13155.76,1963.221,5882.988,12895.31,1969.389,5851.097,13207.13,1979.789,5724.54,13009.5,1989.36,5626.093,13090.68,2042.597,5601.637
13023.62,1983.353,5484.186,12962.03,1950.195,5923.384,13055.65,1980.544,5880.811,12816.22,1976.692,5696.508,13207.78,2022.614,5816.988,12829.89,2012.767,5788.796,12901.21,1973.057,5488.051,13165.91,1984.858,5633.725,13107.54,1977.858,5716.99,12842.87,2009.544,5603.082,13155.96,1963.221,5882.936,12895.49,1969.389,5850.989,13207.21,1979.789,5724.735,13009.6,1989.36,5626.274,13090.77,2042.597,5601.823
13023.73,1983.353,5484.36,12962.22,1950.195,5923.299,13055.83,1980.544,5880.709,12816.42,1976.692,5696.463,13207.86,2022.614,5817.178,12830.09,2012.767,5788.752,12901.35,1973.057,5488.206,13166.03,1984.858,5633.896,13107.61,1977.858,5717.186,12843.08,2009.544,5603.055,13156.16,1963.221,5882.891,12895.67,1969.389,5850.887,13207.29,1979.789,5724.927,13009.71,1989.36,5626.453,13090.87,2042.597,5602.01
13023.85,1983.353,5484.536,12962.4,1950.195,5923.208,13056.01,1980.544,5880.599,12816.63,1976.692,5696.425,13207.95,2022.614,5817.366,12830.29,2012.767,5788.701,12901.49,1973.057,5488.356,13166.14,1984.858,5634.071,13107.67,1977.858,5717.384,12843.29,2009.544,5603.033,13156.37,1963.221,5882.852,12895.85,1969.389,5850.791,13207.37,1979.789,5725.116,13009.8,1989.36,5626.64,13090.96,2042.597,5602.198
13023.96,1983.353,5484.711,12962.59,1950.195,5923.11,13056.19,1980.544,5880.495,12816.83,1976.692,5696.394,13208.05,2022.614,5817.55,12830.49,2012.767,5788.644,12901.64,1973.057,5488.501,13166.25,1984.858,5634.25,13107.74,1977.858,5717.58,12843.49,2009.544,5603.017,13156.57,1963.221,5882.819,12896.04,1969.389,5850.692,13207.46,1979.789,5725.306,13009.9,1989.36,5626.823,13091.05,2042.597,5602.382
13024.07,1983.353,5484.89,12962.78,1950.195,5923.018,13056.38,1980.544,5880.396,12817.04,1976.692,5696.356,13208.15,2022.614,5817.73,12830.7,2012.767,5788.593,12901.79,1973.057,5488.644,13166.36,1984.858,5634.429,13107.82,1977.858,5717.773,12843.7,2009.544,5603.008,13156.78,1963.221,5882.793,12896.22,1969.389,5850.599,13207.56,1979.789,5725.488,13010.01,1989.36,5627.004,13091.14,2042.597,5602.57
13024.15,1983.353,5485.079,12962.97,1950.195,5922.935,13056.55,1980.544,5880.286,12817.24,1976.692,5696.313,13208.26,2022.614,5817.908,12830.9,2012.767,5788.548,12901.95,1973.057,5488.781,13166.46,1984.858,5634.611,13107.9,1977.858,5717.964,12843.91,2009.544,5603.019,13156.99,1963.221,5882.773,12896.41,1969.389,5850.512,13207.66,1979.789,5725.672,13010.12,1989.36,5627.181,13091.24,2042.597,5602.754
13024.24,1983.353,5485.267,12963.16,1950.195,5922.846,13056.73,1980.544,5880.181,12817.44,1976.692,5696.263,13208.38,2022.614,5818.082,12831.1,2012.767,5788.509,12902.09,1973.057,5488.938,13166.56,1984.858,5634.794,13107.99,1977.858,5718.152,12844.12,2009.544,5603.022,13157.19,1963.221,5882.744,12896.6,1969.389,5850.432,13207.75,1979.789,5725.86,13010.23,1989.36,5627.357,13091.34,2042.597,5602.939
13024.33,1983.353,5485.457,12963.34,1950.195,5922.75,13056.92,1980.544,5880.082,12817.64,1976.692,5696.207,13208.5,2022.614,5818.251,12831.31,2012.767,5788.477,12902.23,1973.057,5489.09,13166.65,1984.858,5634.98,13108.09,1977.858,5718.337,12844.33,2009.544,5603.021,13157.4,1963.221,5882.722,12896.8,1969.389,5850.352,13207.86,1979.789,5726.038,13010.34,1989.36,5627.532,13091.44,2042.597,5603.121
13024.42,1983.353,5485.644,12963.54,1950.195,5922.677,13057.1,1980.544,5879.989,12817.85,1976.692,5696.157,13208.63,2022.614,5818.417,12831.51,2012.767,5788.439,12902.37,1973.057,5489.244,13166.74,1984.858,5635.167,13108.19,1977.858,5718.519,12844.53,2009.544,5603.013,13157.61,1963.221,5882.706,12896.99,1969.389,5850.278,13207.96,1979.789,5726.219,13010.45,1989.36,5627.71,13091.55,2042.597,5603.299
13024.52,1983.353,5485.828,12963.73,1950.195,5922.607,13057.29,1980.544,5879.902,12818.05,1976.692,5696.114,13208.76,2022.614,5818.579,12831.72,2012.767,5788.395,12902.52,1973.057,5489.394,13166.84,1984.858,5635.351,13108.3,1977.858,5718.697,12844.74,2009.544,5602.999,13157.82,1963.221,5882.697,12897.19,1969.389,5850.21,13208.06,1979.789,5726.403,13010.56,1989.36,5627.885,13091.65,2042.597,5603.48
13024.62,1983.353,5486.009,12963.93,1950.195,5922.532,13057.48,1980.544,5879.821,12818.26,1976.692,5696.078,13208.89,2022.614,5818.736,12831.92,2012.767,5788.345,12902.67,1973.057,5489.538,13166.93,1984.858,5635.538,13108.4,1977.858,5718.881,12844.95,2009.544,5602.96,13158.02,1963.221,5882.695,12897.39,1969.389,5850.147,13208.14,1979.789,5726.593,13010.67,1989.36,5628.065,13091.75,2042.597,5603.666
13024.72,1983.353,5486.194,12964.12,1950.195,5922.45,13057.67,1980.544,5879.726,12818.46,1976.692,5696.057,13209.04,2022.614,5818.889,12832.12,2012.767,5788.29,12902.8,1973.057,5489.695,13167.02,1984.858,5635.728,13108.5,1977.858,5719.062,12845.15,2009.544,5602.928,13158.23,1963.221,5882.7,12897.59,1969.389,5850.091,13208.23,1979.789,5726.781,13010.78,1989.36,5628.242,13091.82,2042.597,5603.859
13024.82,1983.353,5486.376,12964.32,1950.195,5922.397,13057.86,1980.544,5879.636,12818.67,1976.692,5696.029,13209.18,2022.614,5819.037,12832.32,2012.767,5788.236,12902.95,1973.057,5489.848,13167.12,1984.858,5635.907,13108.61,1977.858,5719.239,12845.36,2009.544,5602.903,13158.44,1963.221,5882.711,12897.79,1969.389,5850.04,13208.31,1979.789,5726.973,13010.88,1989.36,5628.422,13091.91,2042.597,5604.05
13024.9,1983.353,5486.566,12964.52,1950.195,5922.348,13058.05,1980.544,5879.552,12818.87,1976.692,5695.995,13209.33,2022.614,5819.18,12832.52,2012.767,5788.183,12903.09,1973.057,5489.996,13167.23,1984.858,5636.085,13108.72,1977.858,5719.418,12845.57,2009.544,5602.885,13158.65,1963.221,5882.716,12897.99,1969.389,5849.995,13208.4,1979.789,5727.162,13010.98,1989.36,5628.604,13092,2042.597,5604.239
13024.98,1983.353,5486.759,12964.72,1950.195,5922.291,13058.24,1980.544,5879.475,12819.08,1976.692,5695.955,13209.49,2022.614,5819.318,12832.73,2012.767,5788.132,12903.24,1973.057,5490.147,13167.34,1984.858,5636.263,13108.83,1977.858,5719.594,12845.77,2009.544,5602.842,13158.86,1963.221,5882.728,12898.2,1969.389,5849.955,13208.49,1979.789,5727.348,13011.08,1989.36,5628.79,13092.09,2042.597,5604.425
13025.07,1983.353,5486.95,12964.92,1950.195,5922.241,13058.44,1980.544,5879.404,12819.28,1976.692,5695.908,13209.65,2022.614,5819.451,12832.93,2012.767,5788.082,12903.38,1973.057,5490.293,13167.46,1984.858,5636.433,13108.93,1977.858,5719.773,12845.98,2009.544,5602.806,13159.06,1963.221,5882.753,12898.4,1969.389,5849.921,13208.59,1979.789,5727.531,13011.17,1989.36,5628.977,13092.19,2042.597,5604.608
13025.16,1983.353,5487.137,12965.13,1950.195,5922.2,13058.64,1980.544,5879.34,12819.48,1976.692,5695.855,13209.81,2022.614,5819.579,12833.13,2012.767,5788.033,12903.54,1973.057,5490.434,13167.57,1984.858,5636.607,13109.04,1977.858,5719.956,12846.18,2009.544,5602.777,13159.27,1963.221,5882.772,12898.61,1969.389,5849.894,13208.7,1979.789,5727.71,13011.25,1989.36,5629.167,13092.29,2042.597,5604.789
13025.24,1983.353,5487.327,12965.33,1950.195,5922.16,13058.84,1980.544,5879.282,12819.68,1976.692,5695.797,13209.98,2022.614,5819.701,12833.33,2012.767,5787.986,12903.68,1973.057,5490.585,13167.7,1984.858,5636.776,13109.13,1977.858,5720.141,12846.39,2009.544,5602.741,13159.48,1963.221,5882.801,12898.81,1969.389,5849.872,13208.81,1979.789,5727.887,13011.33,1989.36,5629.359,13092.4,2042.597,5604.967
13025.33,1983.353,5487.518,12965.54,1950.195,5922.113,13059.04,1980.544,5879.23,12819.88,1976.692,5695.732,13210.16,2022.614,5819.817,12833.54,2012.767,5787.94,12903.83,1973.057,5490.734,13167.81,1984.858,5636.949,13109.22,1977.858,5720.33,12846.59,2009.544,5602.698,13159.68,1963.221,5882.823,12899.02,1969.389,5849.855,13208.93,1979.789,5728.059,13011.42,1989.36,5629.549,13092.5,2042.597,5605.148
13025.4,1983.353,5487.711,12965.74,1950.195,5922.088,13059.24,1980.544,5879.165,12820.08,1976.692,5695.661,13210.33,2022.614,5819.928,12833.74,2012.767,5787.9,12903.98,1973.057,5490.878,13167.92,1984.858,5637.125,13109.31,1977.858,5720.515,12846.8,2009.544,5602.662,13159.89,1963.221,5882.838,12899.23,1969.389,5849.832,13209.02,1979.789,5728.244,13011.51,1989.36,5629.736,13092.61,2042.597,5605.326
13025.47,1983.353,5487.908,12965.95,1950.195,5922.058,13059.44,1980.544,5879.105,12820.27,1976.692,5695.584,13210.5,2022.614,5820.046,12833.95,2012.767,5787.867,12904.13,1973.057,5491.017,13168.03,1984.858,5637.305,13109.41,1977.858,5720.698,12847,2009.544,5602.62,13160.1,1963.221,5882.857,12899.44,1969.389,5849.813,13209.13,1979.789,5728.426,13011.61,1989.36,5629.92,13092.73,2042.597,5605.495
13025.54,1983.353,5488.106,12966.15,1950.195,5922.02,13059.63,1980.544,5879.045,12820.47,1976.692,5695.514,13210.68,2022.614,5820.158,12834.15,2012.767,5787.827,12904.29,1973.057,5491.151,13168.15,1984.858,5637.472,13109.52,1977.858,5720.877,12847.2,2009.544,5602.57,13160.3,1963.221,5882.888,12899.64,1969.389,5849.789,13209.23,1979.789,5728.604,13011.71,1989.36,5630.1,13092.85,2042.597,5605.665
13025.59,1983.353,5488.306,12966.36,1950.195,5921.996,13059.84,1980.544,5878.991,12820.67,1976.692,5695.45,13210.86,2022.614,5820.264,12834.36,2012.767,5787.795,12904.46,1973.057,5491.279,13168.27,1984.858,5637.642,13109.63,1977.858,5721.052,12847.41,2009.544,5602.528,13160.51,1963.221,5882.912,12899.85,1969.389,5849.775,13209.35,1979.789,5728.779,13011.83,1989.36,5630.277,13092.97,2042.597,5605.839
13025.64,1983.353,5488.508,12966.57,1950.195,5921.964,13060.04,1980.544,5878.941,12820.87,1976.692,5695.393,13211.04,2022.614,5820.365,12834.56,2012.767,5787.756,12904.62,1973.057,5491.402,13168.4,1984.858,5637.803,13109.75,1977.858,5721.224,12847.61,2009.544,5602.489,13160.72,1963.221,5882.941,12900.06,1969.389,5849.754,13209.46,1979.789,5728.954,13011.93,1989.36,5630.457,13093.09,2042.597,5606.01
13025.69,1983.353,5488.712,12966.78,1950.195,5921.949,13060.24,1980.544,5878.899,12821.07,1976.692,5695.342,13211.23,2022.614,5820.462,12834.77,2012.767,5787.726,12904.79,1973.057,5491.52,13168.53,1984.858,5637.968,13109.87,1977.858,5721.392,12847.81,2009.544,5602.426,13160.92,1963.221,5882.976,12900.27,1969.389,5849.727,13209.58,1979.789,5729.125,13012.04,1989.36,5630.633,13093.21,2042.597,5606.175
13025.72,1983.353,5488.917,12966.98,1950.195,5921.926,13060.45,1980.544,5878.863,12821.27,1976.692,5695.298,13211.41,2022.614,5820.554,12834.97,2012.767,5787.693,12904.97,1973.057,5491.632,13168.65,1984.858,5638.137,13110,1977.858,5721.556,12848.01,2009.544,5602.369,13161.13,1963.221,5883.016,12900.47,1969.389,5849.693,13209.7,1979.789,5729.293,13012.16,1989.36,5630.806,13093.36,2042.597,5606.323
13025.76,1983.353,5489.123,12967.19,1950.195,5921.904,13060.65,1980.544,5878.834,12821.47,1976.692,5695.25,13211.6,2022.614,5820.641,12835.18,2012.767,5787.654,12905.15,1973.057,5491.739,13168.78,1984.858,5638.302,13110.13,1977.858,5721.716,12848.21,2009.544,5602.319,13161.33,1963.221,5883.06,12900.68,1969.389,5849.676,13209.82,1979.789,5729.462,13012.28,1989.36,5630.975,13093.5,2042.597,5606.475
13025.78,1983.353,5489.33,12967.4,1950.195,5921.875,13060.86,1980.544,5878.812,12821.67,1976.692,5695.187,13211.79,2022.614,5820.723,12835.38,2012.767,5787.621,12905.33,1973.057,5491.839,13168.93,1984.858,5638.448,13110.27,1977.858,5721.873,12848.42,2009.544,5602.275,13161.53,1963.221,5883.11,12900.89,1969.389,5849.651,13209.95,1979.789,5729.628,13012.41,1989.36,5631.139,13093.64,2042.597,5606.632
13025.8,1983.353,5489.538,12967.6,1950.195,5921.84,13061.07,1980.544,5878.796,12821.87,1976.692,5695.13,13211.99,2022.614,5820.8,12835.59,2012.767,5787.582,12905.52,1973.057,5491.934,13169.07,1984.858,5638.599,13110.41,1977.858,5722.033,12848.62,2009.544,5602.23,13161.73,1963.221,5883.165,12901.09,1969.389,5849.621,13210.08,1979.789,5729.789,13012.53,1989.36,5631.307,13093.77,2042.597,5606.794
13025.81,1983.353,5489.746,12967.8,1950.195,5921.798,13061.28,1980.544,5878.787,12822.07,1976.692,5695.072,13212.18,2022.614,5820.872,12835.79,2012.767,5787.545,12905.71,1973.057,5492.023,13169.21,1984.858,5638.754,13110.53,1977.858,5722.198,12848.82,2009.544,5602.181,13161.93,1963.221,5883.225,12901.3,1969.389,5849.583,13210.22,1979.789,5729.946,13012.66,1989.36,5631.471,13093.87,2042.597,5606.975
13025.81,1983.353,5489.954,12968.01,1950.195,5921.76,13061.48,1980.544,5878.797,12822.27,1976.692,5695.02,13212.38,2022.614,5820.938,12836,2012.767,5787.501,12905.9,1973.057,5492.105,13169.34,1984.858,5638.915,13110.67,1977.858,5722.358,12849.03,2009.544,5602.138,13162.13,1963.221,5883.29,12901.5,1969.389,5849.562,13210.36,1979.789,5730.098,13012.81,1989.36,5631.618,13093.98,2042.597,5607.153
13025.81,1983.353,5490.163,12968.22,1950.195,5921.729,13061.69,1980.544,5878.8,12822.48,1976.692,5694.975,13212.58,2022.614,5821,12836.2,2012.767,5787.454,12906.09,1973.057,5492.182,13169.47,1984.858,5639.079,13110.8,1977.858,5722.515,12849.23,2009.544,5602.08,13162.33,1963.221,5883.36,12901.71,1969.389,5849.534,13210.51,1979.789,5730.247,13012.95,1989.36,5631.768,13094.1,2042.597,5607.327
13025.8,1983.353,5490.371,12968.42,1950.195,5921.683,13061.9,1980.544,5878.824,12822.68,1976.692,5694.923,13212.78,2022.614,5821.057,12836.41,2012.767,5787.413,12906.29,1973.057,5492.252,13169.6,1984.858,5639.247,13110.95,1977.858,5722.666,12849.43,2009.544,5602.029,13162.52,1963.221,5883.435,12901.92,1969.389,5849.521,13210.66,1979.789,5730.391,13013.09,1989.36,5631.922,13094.2,2042.597,5607.507
13025.78,1983.353,5490.578,12968.62,1950.195,5921.643,13062.11,1980.544,5878.841,12822.88,1976.692,5694.877,13212.98,2022.614,5821.108,12836.6,2012.767,5787.348,12906.49,1973.057,5492.316,13169.72,1984.858,5639.411,13111.07,1977.858,5722.831,12849.63,2009.544,5601.984,13162.71,1963.221,5883.515,12902.13,1969.389,5849.501,13210.81,1979.789,5730.529,13013.24,1989.36,5632.069,13094.3,2042.597,5607.689
13025.76,1983.353,5490.785,12968.83,1950.195,5921.61,13062.32,1980.544,5878.851,12823.09,1976.692,5694.834,13213.18,2022.614,5821.155,12836.8,2012.767,5787.289,12906.69,1973.057,5492.375,13169.85,1984.858,5639.58,13111.21,1977.858,5722.992,12849.84,2009.544,5601.946,13162.9,1963.221,5883.6,12902.33,1969.389,5849.475,13210.96,1979.789,5730.68,13013.38,1989.36,5632.22,13094.41,2042.597,5607.869
13025.73,1983.353,5490.991,12969.04,1950.195,5921.583,13062.52,1980.544,5878.882,12823.28,1976.692,5694.762,13213.39,2022.614,5821.196,12837,2012.767,5787.231,12906.89,1973.057,5492.427,13169.99,1984.858,5639.729,13111.34,1977.858,5723.148,12850.04,2009.544,5601.899,13163.09,1963.221,5883.69,12902.54,1969.389,5849.442,13211.1,1979.789,5730.832,13013.52,1989.36,5632.375,13094.52,2042.597,5608.046
13025.69,1983.353,5491.196,12969.24,1950.195,5921.563,13062.73,1980.544,5878.92,12823.48,1976.692,5694.697,13213.59,2022.614,5821.232,12837.2,2012.767,5787.17,12907.09,1973.057,5492.473,13170.13,1984.858,5639.884,13111.49,1977.858,5723.3,12850.25,2009.544,5601.86,13163.28,1963.221,5883.785,12902.74,1969.389,5849.402,13211.25,1979.789,5730.979,13013.66,1989.36,5632.533,13094.63,2042.597,5608.219
13025.65,1983.353,5491.4,12969.45,1950.195,5921.549,13062.93,1980.544,5878.952,12823.68,1976.692,5694.638,13213.8,2022.614,5821.269,12837.4,2012.767,5787.098,12907.29,1973.057,5492.514,13170.27,1984.858,5640.039,13111.63,1977.858,5723.447,12850.45,2009.544,5601.815,13163.46,1963.221,5883.884,12902.95,1969.389,5849.356,13211.4,1979.789,5731.123,13013.79,1989.36,5632.695,13094.75,2042.597,5608.39
13025.6,1983.353,5491.602,12969.66,1950.195,5921.529,13063.14,1980.544,5878.982,12823.88,1976.692,5694.585,13214,2022.614,5821.308,12837.6,2012.767,5787.032,12907.5,1973.057,5492.565,13170.41,1984.858,5640.198,13111.79,1977.858,5723.589,12850.65,2009.544,5601.772,13163.64,1963.221,5883.989,12903.15,1969.389,5849.304,13211.55,1979.789,5731.262,13013.92,1989.36,5632.861,13094.88,2042.597,5608.557
13025.54,1983.353,5491.803,12969.87,1950.195,5921.508,13063.35,1980.544,5879.006,12824.09,1976.692,5694.538,13214.21,2022.614,5821.347,12837.79,2012.767,5786.971,12907.7,1973.057,5492.61,13170.54,1984.858,5640.354,13111.94,1977.858,5723.728,12850.85,2009.544,5601.723,13163.82,1963.221,5884.098,12903.35,1969.389,5849.258,13211.71,1979.789,5731.397,13014.04,1989.36,5633.03,13095.01,2042.597,5608.72
13025.48,1983.353,5492.001,12970.07,1950.195,5921.48,13063.55,1980.544,5879.053,12824.29,1976.692,5694.483,13214.41,2022.614,5821.393,12837.99,2012.767,5786.902,12907.9,1973.057,5492.65,13170.66,1984.858,5640.529,13112.1,1977.858,5723.862,12851.06,2009.544,5601.679,13164,1963.221,5884.201,12903.55,1969.389,5849.205,13211.88,1979.789,5731.527,13014.16,1989.36,5633.202,13095.14,2042.597,5608.88
13025.41,1983.353,5492.198,12970.27,1950.195,5921.426,13063.75,1980.544,5879.094,12824.49,1976.692,5694.425,13214.61,2022.614,5821.444,12838.18,2012.767,5786.823,12908.11,1973.057,5492.696,13170.78,1984.858,5640.699,13112.26,1977.858,5723.995,12851.26,2009.544,5601.643,13164.18,1963.221,5884.298,12903.75,1969.389,5849.146,13212.04,1979.789,5731.653,13014.27,1989.36,5633.377,13095.28,2042.597,5609.037
13025.33,1983.353,5492.392,12970.47,1950.195,5921.37,13063.96,1980.544,5879.128,12824.69,1976.692,5694.373,13214.81,2022.614,5821.501,12838.38,2012.767,5786.75,12908.31,1973.057,5492.737,13170.9,1984.858,5640.866,13112.42,1977.858,5724.133,12851.47,2009.544,5601.591,13164.37,1963.221,5884.389,12903.95,1969.389,5849.081,13212.21,1979.789,5731.774,13014.38,1989.36,5633.555,13095.42,2042.597,5609.189
13025.25,1983.353,5492.583,12970.67,1950.195,5921.315,13064.16,1980.544,5879.156,12824.89,1976.692,5694.329,13215.01,2022.614,5821.564,12838.58,2012.767,5786.683,12908.52,1973.057,5492.774,13171.03,1984.858,5641.028,13112.57,1977.858,5724.27,12851.67,2009.544,5601.54,13164.56,1963.221,5884.474,12904.14,1969.389,5849.008,13212.38,1979.789,5731.893,13014.48,1989.36,5633.736,13095.57,2042.597,5609.338
13025.16,1983.353,5492.772,12970.88,1950.195,5921.266,13064.37,1980.544,5879.176,12825.1,1976.692,5694.284,13215.21,2022.614,5821.633,12838.77,2012.767,5786.598,12908.72,1973.057,5492.807,13171.17,1984.858,5641.186,13112.73,1977.858,5724.412,12851.87,2009.544,5601.494,13164.75,1963.221,5884.553,12904.34,1969.389,5848.943,13212.55,1979.789,5732.01,13014.59,1989.36,5633.914,13095.71,2042.597,5609.491
13025.07,1983.353,5492.958,12971.07,1950.195,5921.196,13064.58,1980.544,5879.203,12825.3,1976.692,5694.256,13215.4,2022.614,5821.708,12838.96,2012.767,5786.517,12908.93,1973.057,5492.836,13171.31,1984.858,5641.339,13112.88,1977.858,5724.548,12852.08,2009.544,5601.456,13164.95,1963.221,5884.625,12904.54,1969.389,5848.871,13212.73,1979.789,5732.124,13014.7,1989.36,5634.088,13095.84,2042.597,5609.649
13024.97,1983.353,5493.14,12971.27,1950.195,5921.133,13064.79,1980.544,5879.223,12825.51,1976.692,5694.222,13215.59,2022.614,5821.788,12839.15,2012.767,5786.441,12909.14,1973.057,5492.863,13171.45,1984.858,5641.488,13113.05,1977.858,5724.68,12852.28,2009.544,5601.424,13165.15,1963.221,5884.691,12904.73,1969.389,5848.792,13212.9,1979.789,5732.236,13014.82,1989.36,5634.258,13095.97,2042.597,5609.811
13024.86,1983.353,5493.319,12971.47,1950.195,5921.076,13064.99,1980.544,5879.236,12825.71,1976.692,5694.181,13215.78,2022.614,5821.874,12839.35,2012.767,5786.372,12909.34,1973.057,5492.888,13171.6,1984.858,5641.632,13113.21,1977.858,5724.806,12852.49,2009.544,5601.398,13165.34,1963.221,5884.75,12904.92,1969.389,5848.72,13213.08,1979.789,5732.346,13014.95,1989.36,5634.424,13096.11,2042.597,5609.969
13024.75,1983.353,5493.495,12971.67,1950.195,5921.015,13065.2,1980.544,5879.248,12825.91,1976.692,5694.134,13215.97,2022.614,5821.965,12839.55,2012.767,5786.309,12909.55,1973.057,5492.912,13171.76,1984.858,5641.771,13113.38,1977.858,5724.93,12852.7,2009.544,5601.38,13165.55,1963.221,5884.803,12905.12,1969.389,5848.654,13213.26,1979.789,5732.453,13015.08,1989.36,5634.586,13096.25,2042.597,5610.125
13024.63,1983.353,5493.667,12971.87,1950.195,5920.956,13065.41,1980.544,5879.252,12826.12,1976.692,5694.081,13216.16,2022.614,5822.062,12839.75,2012.767,5786.251,12909.76,1973.057,5492.936,13171.92,1984.858,5641.905,13113.54,1977.858,5725.057,12852.9,2009.544,5601.354,13165.75,1963.221,5884.85,12905.32,1969.389,5848.582,13213.44,1979.789,5732.559,13015.21,1989.36,5634.744,13096.39,2042.597,5610.277
13024.51,1983.353,5493.835,12972.07,1950.195,5920.904,13065.62,1980.544,5879.25,12826.32,1976.692,5694.022,13216.34,2022.614,5822.164,12839.95,2012.767,5786.2,12909.96,1973.057,5492.959,13172.08,1984.858,5642.034,13113.71,1977.858,5725.183,12853.11,2009.544,5601.323,13165.95,1963.221,5884.889,12905.51,1969.389,5848.509,13213.62,1979.789,5732.662,13015.36,1989.36,5634.896,13096.51,2042.597,5610.447
13024.38,1983.353,5493.999,12972.27,1950.195,5920.852,13065.83,1980.544,5879.24,12826.51,1976.692,5693.957,13216.52,2022.614,5822.271,12840.15,2012.767,5786.155,12910.17,1973.057,5492.983,13172.25,1984.858,5642.157,13113.88,1977.858,5725.303,12853.31,2009.544,5601.284,13166.16,1963.221,5884.922,12905.71,1969.389,5848.438,13213.8,1979.789,5732.763,13015.49,1989.36,5635.054,13096.63,2042.597,5610.613
13024.25,1983.353,5494.159,12972.48,1950.195,5920.822,13066.03,1980.544,5879.224,12826.71,1976.692,5693.885,13216.7,2022.614,5822.378,12840.36,2012.767,5786.117,12910.38,1973.057,5493.009,13172.42,1984.858,5642.275,13114.05,1977.858,5725.418,12853.52,2009.544,5601.279,13166.36,1963.221,5884.96,12905.9,1969.389,5848.36,13213.99,1979.789,5732.862,13015.63,1989.36,5635.207,13096.77,2042.597,5610.775
13024.11,1983.353,5494.314,12972.69,1950.195,5920.785,13066.24,1980.544,5879.208,12826.9,1976.692,5693.808,13216.87,2022.614,5822.484,12840.56,2012.767,5786.084,12910.58,1973.057,5493.036,13172.6,1984.858,5642.387,13114.23,1977.858,5725.527,12853.73,2009.544,5601.268,13166.57,1963.221,5885.003,12906.1,1969.389,5848.288,13214.17,1979.789,5732.958,13015.76,1989.36,5635.373,13096.9,2042.597,5610.932
13023.96,1983.353,5494.471,12972.9,1950.195,5920.74,13066.46,1980.544,5879.184,12827.11,1976.692,5693.734,13217.06,2022.614,5822.595,12840.78,2012.767,5786.043,12910.8,1973.057,5493.064,13172.79,1984.858,5642.498,13114.42,1977.858,5725.635,12853.95,2009.544,5601.248,13166.78,1963.221,5885.053,12906.3,1969.389,5848.218,13214.36,1979.789,5733.057,13015.89,1989.36,5635.543,13097.04,2042.597,5611.104
13023.81,1983.353,5494.617,12973.1,1950.195,5920.689,13066.67,1980.544,5879.167,12827.3,1976.692,5693.67,13217.24,2022.614,5822.701,12840.98,2012.767,5785.998,12911.01,1973.057,5493.093,13172.97,1984.858,5642.599,13114.61,1977.858,5725.732,12854.15,2009.544,5601.223,13166.98,1963.221,5885.106,12906.5,1969.389,5848.158,13214.55,1979.789,5733.15,13016.03,1989.36,5635.706,13097.16,2042.597,5611.269
13023.54,1983.353,5494.864,12973.46,1950.195,5920.613,13067.03,1980.544,5879.15,12827.65,1976.692,5693.569,13217.55,2022.614,5822.886,12841.33,2012.767,5785.906,12911.37,1973.057,5493.138,13173.29,1984.858,5642.764,13114.93,1977.858,5725.902,12854.51,2009.544,5601.167,13167.33,1963.221,5885.208,12906.85,1969.389,5848.064,13214.88,1979.789,5733.308,13016.26,1989.36,5635.981,13097.4,2042.597,5611.548
13023.25,1983.353,5495.114,12973.82,1950.195,5920.49,13067.41,1980.544,5879.146,12828.02,1976.692,5693.461,13217.88,2022.614,5823.081,12841.7,2012.767,5785.797,12911.75,1973.057,5493.191,13173.64,1984.858,5642.926,13115.27,1977.858,5726.069,12854.89,2009.544,5601.095,13167.69,1963.221,5885.325,12907.21,1969.389,5847.918,13215.22,1979.789,5733.471,13016.49,1989.36,5636.291,13097.65,2042.597,5611.833
13022.96,1983.353,5495.35,12974.18,1950.195,5920.38,13067.79,1980.544,5879.128,12828.38,1976.692,5693.368,13218.21,2022.614,5823.271,12842.06,2012.767,5785.687,12912.12,1973.057,5493.237,13173.98,1984.858,5643.074,13115.61,1977.858,5726.222,12855.26,2009.544,5601.073,13168.05,1963.221,5885.449,12907.55,1969.389,5847.768,13215.56,1979.789,5733.627,13016.72,1989.36,5636.587,13097.91,2042.597,5612.105
13022.52,1983.353,5495.686,12974.69,1950.195,5920.165,13068.34,1980.544,5879.121,12828.92,1976.692,5693.213,13218.68,2022.614,5823.552,12842.59,2012.767,5785.518,12912.67,1973.057,5493.297,13174.5,1984.858,5643.276,13116.13,1977.858,5726.44,12855.82,2009.544,5601.021,13168.57,1963.221,5885.645,12908.07,1969.389,5847.561,13216.07,1979.789,5733.854,13017.07,1989.36,5637.014,13098.31,2042.597,5612.495
13022.07,1983.353,5496.004,12975.2,1950.195,5919.952,13068.89,1980.544,5879.096,12829.45,1976.692,5693.076,13219.16,2022.614,5823.831,12843.11,2012.767,5785.332,12913.21,1973.057,5493.37,13175.02,1984.858,5643.46,13116.64,1977.858,5726.64,12856.36,2009.544,5600.953,13169.08,1963.221,5885.853,12908.56,1969.389,5847.314,13216.58,1979.789,5734.073,13017.41,1989.36,5637.449,13098.7,2042.597,5612.883
13021.56,1983.353,5496.341,12975.77,1950.195,5919.734,13069.5,1980.544,5879.023,12830.04,1976.692,5692.907,13219.69,2022.614,5824.14,12843.69,2012.767,5785.144,12913.82,1973.057,5493.439,13175.6,1984.858,5643.646,13117.2,1977.858,5726.88,12856.97,2009.544,5600.856,13169.64,1963.221,5886.098,12909.11,1969.389,5847.059,13217.14,1979.789,5734.311,13017.8,1989.36,5637.918,13099.15,2042.597,5613.299
13021.19,1983.353,5496.568,12976.16,1950.195,5919.553,13069.93,1980.544,5878.986,12830.45,1976.692,5692.774,13220.06,2022.614,5824.358,12844.1,2012.767,5785.013,12914.25,1973.057,5493.49,13176.02,1984.858,5643.763,13117.6,1977.858,5727.037,12857.39,2009.544,5600.774,13170.03,1963.221,5886.282,12909.51,1969.389,5846.89,13217.54,1979.789,5734.476,13018.09,1989.36,5638.241,13099.47,2042.597,5613.583
13020.41,1983.353,5497.086,12977.03,1950.195,5919.189,13070.86,1980.544,5878.889,12831.34,1976.692,5692.459,13220.87,2022.614,5824.831,12845,2012.767,5784.734,12915.18,1973.057,5493.63,13176.93,1984.858,5643.989,13118.49,1977.858,5727.35,12858.31,2009.544,5600.578,13170.87,1963.221,5886.703,12910.39,1969.389,5846.547,13218.41,1979.789,5734.825,13018.74,1989.36,5638.921,13100.2,2042.597,5614.179
13019.79,1983.353,5497.527,12977.74,1950.195,5918.917,13071.62,1980.544,5878.834,12832.05,1976.692,5692.199,13221.53,2022.614,5825.213,12845.72,2012.767,5784.487,12915.93,1973.057,5493.769,13177.68,1984.858,5644.147,13119.22,1977.858,5727.579,12859.05,2009.544,5600.395,13171.54,1963.221,5887.062,12911.1,1969.389,5846.291,13219.12,1979.789,5735.101,13019.28,1989.36,5639.456,13100.8,2042.597,5614.643
13019.35,1983.353,5497.855,12978.25,1950.195,5918.727,13072.16,1980.544,5878.813,12832.57,1976.692,5692.026,13222,2022.614,5825.485,12846.22,2012.767,5784.297,12916.46,1973.057,5493.884,13178.2,1984.858,5644.277,13119.71,1977.858,5727.808,12859.57,2009.544,5600.247,13172.01,1963.221,5887.33,12911.62,1969.389,5846.123,13219.63,1979.789,5735.283,13019.68,1989.36,5639.823,13101.24,2042.597,5614.96
13018.24,1983.353,5498.762,12979.61,1950.195,5918.267,13073.6,1980.544,5878.805,12833.94,1976.692,5691.613,13223.24,2022.614,5826.206,12847.55,2012.767,5783.753,12917.85,1973.057,5494.237,13179.58,1984.858,5644.668,13121,1977.858,5728.43,12860.94,2009.544,5599.811,13173.24,1963.221,5888.072,12913,1969.389,5845.716,13221,1979.789,5735.726,13020.77,1989.36,5640.761,13102.43,2042.597,5615.762
13017.9,1983.353,5499.055,12980.04,1950.195,5918.137,13074.05,1980.544,5878.817,12834.37,1976.692,5691.471,13223.63,2022.614,5826.42,12847.97,2012.767,5783.597,12918.28,1973.057,5494.361,13180.01,1984.858,5644.804,13121.41,1977.858,5728.611,12861.35,2009.544,5599.632,13173.62,1963.221,5888.313,12913.43,1969.389,5845.628,13221.42,1979.789,5735.878,13021.12,1989.36,5641.042,13102.81,2042.597,5616
13017.09,1983.353,5499.812,12981.11,1950.195,5917.851,13075.16,1980.544,5878.884,12835.41,1976.692,5691.086,13224.62,2022.614,5826.926,12849.03,2012.767,5783.24,12919.34,1973.057,5494.704,13181.06,1984.858,5645.175,13122.44,1977.858,5729.026,12862.38,2009.544,5599.221,13174.54,1963.221,5888.936,12914.52,1969.389,5845.41,13222.45,1979.789,5736.289,13022,1989.36,5641.712,13103.77,2042.597,5616.559
13016.56,1983.353,5500.331,12981.83,1950.195,5917.684,13075.9,1980.544,5878.863,12836.09,1976.692,5690.81,13225.29,2022.614,5827.246,12849.73,2012.767,5783.024,12920.03,1973.057,5494.952,13181.75,1984.858,5645.445,13123.14,1977.858,5729.279,12863.08,2009.544,5598.971,13175.14,1963.221,5889.366,12915.24,1969.389,5845.241,13223.14,1979.789,5736.56,13022.58,1989.36,5642.177,13104.41,2042.597,5616.929
13015.78,1983.353,5501.161,12982.95,1950.195,5917.462,13077.04,1980.544,5878.869,12837.14,1976.692,5690.351,13226.33,2022.614,5827.712,12850.83,2012.767,5782.724,12921.1,1973.057,5495.37,13182.79,1984.858,5645.896,13124.2,1977.858,5729.706,12864.18,2009.544,5598.66,13176.05,1963.221,5890.055,12916.36,1969.389,5845.001,13224.25,1979.789,5736.833,13023.49,1989.36,5642.868,13105.47,2042.597,5617.352
13015.19,1983.353,5501.83,12983.81,1950.195,5917.206,13077.93,1980.544,5878.903,12837.97,1976.692,5690.018,13227.15,2022.614,5828.057,12851.69,2012.767,5782.46,12921.92,1973.057,5495.722,13183.58,1984.858,5646.323,13125.04,1977.858,5730.013,12865.03,2009.544,5598.388,13176.75,1963.221,5890.613,12917.23,1969.389,5844.785,13225.11,1979.789,5737.076,13024.22,1989.36,5643.385,13106.29,2042.597,5617.709
13014.61,1983.353,5502.517,12984.67,1950.195,5916.977,13078.82,1980.544,5878.966,12838.81,1976.692,5689.713,13227.99,2022.614,5828.379,12852.56,2012.767,5782.246,12922.73,1973.057,5496.1,13184.38,1984.858,5646.725,13125.86,1977.858,5730.347,12865.87,2009.544,5598.088,13177.43,1963.221,5891.189,12918.09,1969.389,5844.54,13225.96,1979.789,5737.346,13024.96,1989.36,5643.877,13107.1,2042.597,5618.093
13013.85,1983.353,5503.498,12985.88,1950.195,5916.699,13080.06,1980.544,5879.094,12839.99,1976.692,5689.327,13229.16,2022.614,5828.78,12853.76,2012.767,5781.93,12923.84,1973.057,5496.66,13185.51,1984.858,5647.246,13127.02,1977.858,5730.81,12867.05,2009.544,5597.71,13178.41,1963.221,5891.958,12919.22,1969.389,5844.035,13227.13,1979.789,5737.761,13026.02,1989.36,5644.528,13108.24,2042.597,5618.59
13013.51,1983.353,5503.967,12986.43,1950.195,5916.521,13080.63,1980.544,5879.172,12840.55,1976.692,5689.166,13229.71,2022.614,5828.984,12854.31,2012.767,5781.764,12924.35,1973.057,5496.937,13186.04,1984.858,5647.472,13127.56,1977.858,5731.009,12867.6,2009.544,5597.518,13178.87,1963.221,5892.302,12919.76,1969.389,5843.816,13227.67,1979.789,5737.972,13026.53,1989.36,5644.815,13108.79,2042.597,5618.782
13013.21,1983.353,5504.408,12986.94,1950.195,5916.373,13081.15,1980.544,5879.318,12841.05,1976.692,5689,13230.2,2022.614,5829.188,12854.82,2012.767,5781.595,12924.81,1973.057,5497.207,13186.54,1984.858,5647.664,13128.06,1977.858,5731.208,12868.1,2009.544,5597.327,13179.31,1963.221,5892.604,12920.25,1969.389,5843.606,13228.16,1979.789,5738.182,13027,1989.36,5645.063,13109.28,2042.597,5618.975
13012.62,1983.353,5505.349,12988.02,1950.195,5916.1,13082.22,1980.544,5879.615,12842.1,1976.692,5688.62,13231.21,2022.614,5829.649,12855.86,2012.767,5781.208,12925.75,1973.057,5497.799,13187.59,1984.858,5648.03,13129.1,1977.858,5731.589,12869.12,2009.544,5596.898,13180.25,1963.221,5893.204,12921.28,1969.389,5843.2,13229.17,1979.789,5738.653,13028,1989.36,5645.55,13110.31,2042.597,5619.411
13012.07,1983.353,5506.285,12989.08,1950.195,5915.868,13083.27,1980.544,5879.871,12843.13,1976.692,5688.272,13232.21,2022.614,5830.074,12856.87,2012.767,5780.796,12926.65,1973.057,5498.407,13188.63,1984.858,5648.354,13130.13,1977.858,5731.939,12870.11,2009.544,5596.452,13181.18,1963.221,5893.759,12922.31,1969.389,5842.836,13230.13,1979.789,5739.146,13028.99,1989.36,5645.993,13111.26,2042.597,5619.923
13011.94,1983.353,5506.516,12989.34,1950.195,5915.811,13083.53,1980.544,5879.924,12843.37,1976.692,5688.18,13232.45,2022.614,5830.185,12857.11,2012.767,5780.688,12926.86,1973.057,5498.561,13188.88,1984.858,5648.423,13130.38,1977.858,5732.016,12870.35,2009.544,5596.338,13181.41,1963.221,5893.886,12922.55,1969.389,5842.73,13230.36,1979.789,5739.272,13029.22,1989.36,5646.108,13111.5,2042.597,5620.04
13011.42,1983.353,5507.558,12990.46,1950.195,5915.49,13084.68,1980.544,5880.124,12844.45,1976.692,5687.735,13233.53,2022.614,5830.609,12858.11,2012.767,5780.1,12927.78,1973.057,5499.273,13189.99,1984.858,5648.771,13131.48,1977.858,5732.393,12871.39,2009.544,5595.805,13182.45,1963.221,5894.416,12923.63,1969.389,5842.295,13231.4,1979.789,5739.801,13030.29,1989.36,5646.583,13112.53,2042.597,5620.583
13011.23,1983.353,5507.97,12990.9,1950.195,5915.379,13085.13,1980.544,5880.187,12844.87,1976.692,5687.56,13233.95,2022.614,5830.788,12858.51,2012.767,5779.875,12928.13,1973.057,5499.562,13190.42,1984.858,5648.92,13131.91,1977.858,5732.553,12871.79,2009.544,5595.587,13182.86,1963.221,5894.608,12924.06,1969.389,5842.164,13231.82,1979.789,5739.993,13030.71,1989.36,5646.749,13112.94,2042.597,5620.781
13010.82,1983.353,5508.94,12991.93,1950.195,5915.155,13086.17,1980.544,5880.36,12845.83,1976.692,5687.12,13234.92,2022.614,5831.213,12859.44,2012.767,5779.383,12928.93,1973.057,5500.258,13191.4,1984.858,5649.3,13132.93,1977.858,5732.812,12872.7,2009.544,5595.059,13183.83,1963.221,5895.024,12925.06,1969.389,5841.827,13232.78,1979.789,5740.408,13031.68,1989.36,5647.166,13113.89,2042.597,5621.233
13010.73,1983.353,5509.155,12992.16,1950.195,5915.114,13086.4,1980.544,5880.39,12846.04,1976.692,5687.018,13235.13,2022.614,5831.299,12859.65,2012.767,5779.282,12929.09,1973.057,5500.415,13191.62,1984.858,5649.39,13133.16,1977.858,5732.848,12872.89,2009.544,5594.94,13184.05,1963.221,5895.108,12925.28,1969.389,5841.746,13233,1979.789,5740.497,13031.89,1989.36,5647.264,13114.1,2042.597,5621.342
13010.45,1983.353,5509.974,12993,1950.195,5914.902,13087.26,1980.544,5880.477,12846.8,1976.692,5686.609,13235.94,2022.614,5831.597,12860.44,2012.767,5778.925,12929.71,1973.057,5501.028,13192.43,1984.858,5649.702,13134.01,1977.858,5733.015,12873.63,2009.544,5594.473,13184.87,1963.221,5895.398,12926.1,1969.389,5841.457,13233.8,1979.789,5740.833,13032.68,1989.36,5647.628,13114.88,2042.597,5621.726
13010.32,1983.353,5510.392,12993.43,1950.195,5914.804,13087.7,1980.544,5880.506,12847.19,1976.692,5686.415,13236.36,2022.614,5831.734,12860.83,2012.767,5778.726,12930.01,1973.057,5501.348,13192.83,1984.858,5649.873,13134.44,1977.858,5733.113,12873.99,2009.544,5594.229,13185.28,1963.221,5895.531,12926.52,1969.389,5841.352,13234.21,1979.789,5740.99,13033.09,1989.36,5647.767,13115.25,2042.597,5621.953
13010.09,1983.353,5511.19,12994.24,1950.195,5914.643,13088.52,1980.544,5880.534,12847.92,1976.692,5686.025,13237.17,2022.614,5831.882,12861.56,2012.767,5778.343,12930.56,1973.057,5501.969,13193.58,1984.858,5650.213,13135.24,1977.858,5733.325,12874.67,2009.544,5593.756,13186.08,1963.221,5895.755,12927.33,1969.389,5841.204,13234.99,1979.789,5741.261,13033.87,1989.36,5648.054,13115.97,2042.597,5622.369
13009.95,1983.353,5511.779,12994.83,1950.195,5914.518,13089.12,1980.544,5880.634,12848.46,1976.692,5685.74,13237.77,2022.614,5831.992,12862.11,2012.767,5778.08,12930.94,1973.057,5502.437,13194.12,1984.858,5650.506,13135.82,1977.858,5733.5,12875.16,2009.544,5593.4,13186.67,1963.221,5895.901,12927.93,1969.389,5841.077,13235.57,1979.789,5741.44,13034.43,1989.36,5648.283,13116.5,2042.597,5622.656
13009.83,1983.353,5512.356,12995.41,1950.195,5914.415,13089.71,1980.544,5880.713,12848.97,1976.692,5685.446,13238.35,2022.614,5832.075,12862.65,2012.767,5777.841,12931.3,1973.057,5502.903,13194.64,1984.858,5650.773,13136.38,1977.858,5733.688,12875.63,2009.544,5593.046,13187.24,1963.221,5896.023,12928.5,1969.389,5840.934,13236.15,1979.789,5741.533,13034.97,1989.36,5648.505,13117.03,2042.597,5622.918
13009.75,1983.353,5512.842,12995.9,1950.195,5914.335,13090.2,1980.544,5880.763,12849.4,1976.692,5685.205,13238.85,2022.614,5832.065,12863.1,2012.767,5777.657,12931.59,1973.057,5503.304,13195.09,1984.858,5650.983,13136.84,1977.858,5733.854,12876.02,2009.544,5592.745,13187.73,1963.221,5896.11,12928.97,1969.389,5840.798,13236.63,1979.789,5741.627,13035.43,1989.36,5648.707,13117.48,2042.597,5623.124
13009.66,1983.353,5513.46,12996.5,1950.195,5914.152,13090.82,1980.544,5880.805,12849.96,1976.692,5684.917,13239.47,2022.614,5832.045,12863.67,2012.767,5777.404,12931.94,1973.057,5503.822,13195.66,1984.858,5651.229,13137.44,1977.858,5734.044,12876.51,2009.544,5592.358,13188.35,1963.221,5896.2,12929.57,1969.389,5840.607,13237.24,1979.789,5741.766,13035.97,1989.36,5649.008,13118.04,2042.597,5623.401
13009.6,1983.353,5513.996,12997.02,1950.195,5914.012,13091.36,1980.544,5880.824,12850.43,1976.692,5684.655,13240.01,2022.614,5832.044,12864.17,2012.767,5777.203,12932.23,1973.057,5504.278,13196.16,1984.858,5651.426,13137.95,1977.858,5734.192,12876.93,2009.544,5592.024,13188.88,1963.221,5896.26,12930.08,1969.389,5840.457,13237.77,1979.789,5741.883,13036.45,1989.36,5649.252,13118.55,2042.597,5623.577
13009.56,1983.353,5514.444,12997.44,1950.195,5913.862,13091.81,1980.544,5880.825,12850.79,1976.692,5684.39,13240.46,2022.614,5832.056,12864.58,2012.767,5777.021,12932.45,1973.057,5504.667,13196.59,1984.858,5651.576,13138.39,1977.858,5734.301,12877.28,2009.544,5591.744,13189.33,1963.221,5896.295,12930.51,1969.389,5840.316,13238.21,1979.789,5741.978,13036.86,1989.36,5649.443,13118.97,2042.597,5623.737
13009.51,1983.353,5515.646,12998.59,1950.195,5913.499,13093.01,1980.544,5880.789,12851.78,1976.692,5683.713,13241.66,2022.614,5832.124,12865.67,2012.767,5776.5,12933.02,1973.057,5505.725,13197.73,1984.858,5651.941,13139.55,1977.858,5734.63,12878.21,2009.544,5590.978,13190.53,1963.221,5896.35,12931.64,1969.389,5839.904,13239.38,1979.789,5742.226,13037.9,1989.36,5650.039,13120.08,2042.597,5624.202
13009.51,1983.353,5515.854,12998.78,1950.195,5913.417,13093.22,1980.544,5880.776,12851.96,1976.692,5683.602,13241.87,2022.614,5832.142,12865.86,2012.767,5776.415,12933.12,1973.057,5505.911,13197.93,1984.858,5651.998,13139.75,1977.858,5734.681,12878.38,2009.544,5590.851,13190.74,1963.221,5896.353,12931.84,1969.389,5839.831,13239.59,1979.789,5742.268,13038.09,1989.36,5650.136,13120.26,2042.597,5624.288
13009.53,1983.353,5516.663,12999.53,1950.195,5913.123,13094.02,1980.544,5880.699,12852.66,1976.692,5683.191,13242.67,2022.614,5832.235,12866.59,2012.767,5776.063,12933.46,1973.057,5506.646,13198.72,1984.858,5652.192,13140.53,1977.858,5734.904,12879.03,2009.544,5590.377,13191.55,1963.221,5896.342,12932.58,1969.389,5839.519,13240.38,1979.789,5742.427,13038.82,1989.36,5650.49,13120.97,2042.597,5624.682
13009.56,1983.353,5517.365,13000.18,1950.195,5912.839,13094.72,1980.544,5880.613,12853.27,1976.692,5682.855,13243.37,2022.614,5832.337,12867.22,2012.767,5775.757,12933.73,1973.057,5507.293,13199.41,1984.858,5652.338,13141.21,1977.858,5735.076,12879.62,2009.544,5589.984,13192.25,1963.221,5896.309,12933.25,1969.389,5839.293,13241.07,1979.789,5742.561,13039.47,1989.36,5650.759,13121.58,2042.597,5625.029
13009.65,1983.353,5518.371,13001.11,1950.195,5912.463,13095.72,1980.544,5880.457,12854.14,1976.692,5682.343,13244.36,2022.614,5832.512,12868.14,2012.767,5775.346,12934.09,1973.057,5508.236,13200.4,1984.858,5652.517,13142.19,1977.858,5735.29,12880.47,2009.544,5589.448,13193.25,1963.221,5896.142,12934.19,1969.389,5838.938,13242.06,1979.789,5742.75,13040.39,1989.36,5651.175,13122.48,2042.597,5625.499
13009.7,1983.353,5518.756,13001.48,1950.195,5912.331,13096.1,1980.544,5880.384,12854.47,1976.692,5682.137,13244.74,2022.614,5832.591,12868.5,2012.767,5775.198,12934.22,1973.057,5508.603,13200.79,1984.858,5652.573,13142.58,1977.858,5735.36,12880.81,2009.544,5589.253,13193.63,1963.221,5896.053,12934.57,1969.389,5838.842,13242.44,1979.789,5742.82,13040.74,1989.36,5651.337,13122.83,2042.597,5625.668
13009.84,1983.353,5519.734,13002.42,1950.195,5912.023,13097.08,1980.544,5880.232,12855.33,1976.692,5681.64,13245.71,2022.614,5832.819,12869.4,2012.767,5774.792,12934.51,1973.057,5509.548,13201.77,1984.858,5652.684,13143.55,1977.858,5735.507,12881.68,2009.544,5588.783,13194.6,1963.221,5895.858,12935.52,1969.389,5838.568,13243.42,1979.789,5742.996,13041.67,1989.36,5651.682,13123.73,2042.597,5626.07
13010.01,1983.353,5520.613,13003.28,1950.195,5911.773,13097.97,1980.544,5880.136,12856.12,1976.692,5681.216,13246.57,2022.614,5833.051,12870.18,2012.767,5774.346,12934.75,1973.057,5510.41,13202.66,1984.858,5652.754,13144.43,1977.858,5735.686,12882.48,2009.544,5588.385,13195.48,1963.221,5895.711,12936.39,1969.389,5838.376,13244.3,1979.789,5743.151,13042.53,1989.36,5651.898,13124.56,2042.597,5626.407
13010.2,1983.353,5521.494,13004.15,1950.195,5911.549,13098.86,1980.544,5880.009,12856.92,1976.692,5680.815,13247.43,2022.614,5833.311,12870.97,2012.767,5773.922,12934.96,1973.057,5511.286,13203.56,1984.858,5652.796,13145.32,1977.858,5735.837,12883.3,2009.544,5588.01,13196.37,1963.221,5895.592,12937.27,1969.389,5838.153,13245.19,1979.789,5743.303,13043.4,1989.36,5652.146,13125.4,2042.597,5626.719
13010.42,1983.353,5522.351,13004.98,1950.195,5911.246,13099.73,1980.544,5879.857,12857.66,1976.692,5680.326,13248.27,2022.614,5833.589,12871.75,2012.767,5773.498,12935.16,1973.057,5512.147,13204.44,1984.858,5652.809,13146.19,1977.858,5735.975,12884.11,2009.544,5587.664,13197.25,1963.221,5895.504,12938.12,1969.389,5837.907,13246.06,1979.789,5743.449,13044.25,1989.36,5652.386,13126.24,2042.597,5626.997
13010.62,1983.353,5523.064,13005.69,1950.195,5911.015,13100.46,1980.544,5879.705,12858.29,1976.692,5679.936,13248.97,2022.614,5833.826,12872.41,2012.767,5773.158,12935.31,1973.057,5512.873,13205.19,1984.858,5652.795,13146.93,1977.858,5736.066,12884.8,2009.544,5587.391,13197.99,1963.221,5895.447,12938.82,1969.389,5837.677,13246.79,1979.789,5743.568,13044.98,1989.36,5652.543,13126.95,2042.597,5627.208
13011.02,1983.353,5524.304,13006.94,1950.195,5910.649,13101.72,1980.544,5879.396,12859.42,1976.692,5679.288,13250.21,2022.614,5834.245,12873.58,2012.767,5772.6,12935.56,1973.057,5514.15,13206.49,1984.858,5652.728,13148.22,1977.858,5736.26,12886.03,2009.544,5586.944,13199.29,1963.221,5895.376,12940.05,1969.389,5837.232,13248.08,1979.789,5743.772,13046.24,1989.36,5652.861,13128.21,2042.597,5627.537
13011.12,1983.353,5524.587,13007.22,1950.195,5910.555,13102.01,1980.544,5879.315,12859.68,1976.692,5679.142,13250.49,2022.614,5834.334,12873.86,2012.767,5772.48,12935.62,1973.057,5514.447,13206.79,1984.858,5652.722,13148.52,1977.858,5736.295,12886.31,2009.544,5586.848,13199.59,1963.221,5895.367,12940.33,1969.389,5837.143,13248.38,1979.789,5743.81,13046.53,1989.36,5652.944,13128.51,2042.597,5627.603
13011.61,1983.353,5525.825,13008.5,1950.195,5910.181,13103.31,1980.544,5879,12860.87,1976.692,5678.537,13251.77,2022.614,5834.698,12875.07,2012.767,5771.918,12935.83,1973.057,5515.76,13208.12,1984.858,5652.726,13149.84,1977.858,5736.407,12887.58,2009.544,5586.459,13200.92,1963.221,5895.356,12941.59,1969.389,5836.706,13249.71,1979.789,5743.81,13047.8,1989.36,5653.341,13129.82,2042.597,5627.854
13011.92,1983.353,5526.534,13009.25,1950.195,5910.006,13104.06,1980.544,5878.82,12861.57,1976.692,5678.208,13252.52,2022.614,5834.89,12875.78,2012.767,5771.615,12935.94,1973.057,5516.525,13208.89,1984.858,5652.754,13150.61,1977.858,5736.446,12888.33,2009.544,5586.254,13201.7,1963.221,5895.368,12942.35,1969.389,5836.541,13250.48,1979.789,5743.775,13048.55,1989.36,5653.547,13130.56,2042.597,5628.069
13012.42,1983.353,5527.595,13010.39,1950.195,5909.702,13105.19,1980.544,5878.501,12862.63,1976.692,5677.698,13253.67,2022.614,5835.153,12876.84,2012.767,5771.113,12936.09,1973.057,5517.689,13210.07,1984.858,5652.789,13151.79,1977.858,5736.468,12889.47,2009.544,5585.972,13202.87,1963.221,5895.414,12943.49,1969.389,5836.252,13251.65,1979.789,5743.76,13049.67,1989.36,5653.89,13131.69,2042.597,5628.396
13012.92,1983.353,5528.567,13011.46,1950.195,5909.501,13106.25,1980.544,5878.239,12863.62,1976.692,5677.256,13254.74,2022.614,5835.371,12877.82,2012.767,5770.635,12936.21,1973.057,5518.774,13211.16,1984.858,5652.739,13152.88,1977.858,5736.56,12890.54,2009.544,5585.739,13203.96,1963.221,5895.481,12944.54,1969.389,5835.987,13252.74,1979.789,5743.711,13050.66,1989.36,5654.339,13132.72,2042.597,5628.755
13013.46,1983.353,5529.545,13012.55,1950.195,5909.26,13107.34,1980.544,5878.007,12864.66,1976.692,5676.836,13255.84,2022.614,5835.567,12878.84,2012.767,5770.178,12936.31,1973.057,5519.888,13212.28,1984.858,5652.724,13153.99,1977.858,5736.618,12891.63,2009.544,5585.531,13205.07,1963.221,5895.578,12945.65,1969.389,5835.792,13253.86,1979.789,5743.693,13051.7,1989.36,5654.765,13133.79,2042.597,5629.088
13014.06,1983.353,5530.546,13013.7,1950.195,5909.045,13108.48,1980.544,5877.762,12865.75,1976.692,5676.409,13256.99,2022.614,5835.743,12879.92,2012.767,5769.737,12936.4,1973.057,5521.05,13213.44,1984.858,5652.746,13155.16,1977.858,5736.641,12892.78,2009.544,5585.345,13206.23,1963.221,5895.706,12946.79,1969.389,5835.55,13255.03,1979.789,5743.709,13052.79,1989.36,5655.174,13134.91,2042.597,5629.398
13014.71,1983.353,5531.554,13014.87,1950.195,5908.787,13109.66,1980.544,5877.548,12866.87,1976.692,5676.005,13258.18,2022.614,5835.895,12881.05,2012.767,5769.32,12936.46,1973.057,5522.246,13214.64,1984.858,5652.809,13156.34,1977.858,5736.844,12893.97,2009.544,5585.187,13207.42,1963.221,5895.866,12947.95,1969.389,5835.264,13256.22,1979.789,5743.579,13053.91,1989.36,5655.614,13136.07,2042.597,5629.679
13015.41,1983.353,5532.571,13016.1,1950.195,5908.717,13110.88,1980.544,5877.368,12868.05,1976.692,5675.628,13259.41,2022.614,5836.021,12882.21,2012.767,5768.921,12936.5,1973.057,5523.479,13215.87,1984.858,5652.833,13157.56,1977.858,5737.013,12895.2,2009.544,5585.058,13208.64,1963.221,5896.061,12949.18,1969.389,5835.119,13257.45,1979.789,5743.485,13055.06,1989.36,5656.042,13137.27,2042.597,5629.986
13016.34,1983.353,5533.837,13017.67,1950.195,5908.578,13112.45,1980.544,5877.188,12869.56,1976.692,5675.197,13260.98,2022.614,5836.145,12883.72,2012.767,5768.461,12936.52,1973.057,5525.053,13217.45,1984.858,5652.812,13159.13,1977.858,5737.178,12896.77,2009.544,5584.936,13210.18,1963.221,5896.348,12950.73,1969.389,5834.882,13259.02,1979.789,5743.417,13056.56,1989.36,5656.541,13138.8,2042.597,5630.354
13016.92,1983.353,5534.573,13018.6,1950.195,5908.528,13113.38,1980.544,5877.112,12870.47,1976.692,5674.967,13261.91,2022.614,5836.196,12884.62,2012.767,5768.217,12936.51,1973.057,5525.99,13218.38,1984.858,5652.769,13160.06,1977.858,5737.245,12897.7,2009.544,5584.857,13211.1,1963.221,5896.541,12951.65,1969.389,5834.71,13259.96,1979.789,5743.406,13057.45,1989.36,5656.808,13139.69,2042.597,5630.65
13018.48,1983.353,5536.422,13021.02,1950.195,5908.396,13115.8,1980.544,5876.995,12872.83,1976.692,5674.446,13264.33,2022.614,5836.271,12886.93,2012.767,5767.499,12936.44,1973.057,5528.405,13220.79,1984.858,5652.579,13162.48,1977.858,5737.34,12900.11,2009.544,5584.635,13213.45,1963.221,5897.099,12953.96,1969.389,5833.989,13262.38,1979.789,5743.459,13059.83,1989.36,5657.228,13142.01,2042.597,5631.343
13018.71,1983.353,5536.68,13021.36,1950.195,5908.365,13116.14,1980.544,5876.99,12873.17,1976.692,5674.382,13264.67,2022.614,5836.273,12887.25,2012.767,5767.353,12936.42,1973.057,5528.75,13221.14,1984.858,5652.556,13162.82,1977.858,5737.343,12900.45,2009.544,5584.601,13213.79,1963.221,5897.187,12954.29,1969.389,5833.877,13262.72,1979.789,5743.494,13060.17,1989.36,5657.299,13142.34,2042.597,5631.442
13020.05,1983.353,5538.08,13023.29,1950.195,5908.133,13118.08,1980.544,5877.022,12875.09,1976.692,5674.08,13266.61,2022.614,5836.242,12889.03,2012.767,5766.593,12936.28,1973.057,5530.684,13223.07,1984.858,5652.457,13164.75,1977.858,5737.126,12902.38,2009.544,5584.395,13215.65,1963.221,5897.729,12956.14,1969.389,5833.307,13264.66,1979.789,5743.625,13062.09,1989.36,5657.605,13144.19,2042.597,5632.003
13020.73,1983.353,5538.743,13024.23,1950.195,5908.111,13119.03,1980.544,5877.069,12876.03,1976.692,5673.961,13267.56,2022.614,5836.204,12889.92,2012.767,5766.25,12936.19,1973.057,5531.628,13224.02,1984.858,5652.42,13165.7,1977.858,5737.051,12903.32,2009.544,5584.287,13216.55,1963.221,5898.017,12957.06,1969.389,5833.058,13265.6,1979.789,5743.658,13063.02,1989.36,5657.767,13145.1,2042.597,5632.279
13021.76,1983.353,5539.684,13025.62,1950.195,5908.033,13120.42,1980.544,5877.048,12877.41,1976.692,5673.829,13268.95,2022.614,5836.117,12891.23,2012.767,5765.791,12936.03,1973.057,5533.009,13225.41,1984.858,5652.384,13167.08,1977.858,5736.951,12904.7,2009.544,5584.119,13217.87,1963.221,5898.473,12958.41,1969.389,5832.736,13267,1979.789,5743.677,13064.39,1989.36,5658.049,13146.43,2042.597,5632.686
13022.89,1983.353,5540.655,13027.11,1950.195,5907.919,13121.91,1980.544,5877.073,12878.9,1976.692,5673.683,13270.44,2022.614,5836.072,12892.65,2012.767,5765.341,12935.82,1973.057,5534.485,13226.9,1984.858,5652.362,13168.57,1977.858,5736.853,12906.18,2009.544,5583.928,13219.29,1963.221,5898.916,12959.87,1969.389,5832.44,13268.49,1979.789,5743.649,13065.84,1989.36,5658.399,13147.85,2042.597,5633.126
13023.79,1983.353,5541.38,13028.26,1950.195,5907.862,13123.06,1980.544,5877.128,12880.05,1976.692,5673.566,13271.59,2022.614,5836.075,12893.76,2012.767,5765.026,12935.63,1973.057,5535.624,13228.06,1984.858,5652.357,13169.72,1977.858,5736.814,12907.32,2009.544,5583.771,13220.41,1963.221,5899.222,12961.01,1969.389,5832.247,13269.64,1979.789,5743.703,13066.98,1989.36,5658.552,13148.96,2042.597,5633.47
13025.3,1983.353,5542.521,13030.15,1950.195,5907.706,13124.95,1980.544,5877.281,12881.93,1976.692,5673.37,13273.49,2022.614,5836.142,12895.6,2012.767,5764.566,12935.27,1973.057,5537.486,13229.95,1984.858,5652.37,13171.61,1977.858,5736.603,12909.2,2009.544,5583.501,13222.25,1963.221,5899.666,12962.91,1969.389,5832.141,13271.54,1979.789,5743.729,13068.85,1989.36,5658.863,13150.76,2042.597,5634.041
13026.58,1983.353,5543.421,13031.71,1950.195,5907.629,13126.48,1980.544,5877.614,12883.48,1976.692,5673.204,13275.05,2022.614,5836.176,12897.13,2012.767,5764.232,12934.94,1973.057,5539.013,13231.51,1984.858,5652.395,13173.15,1977.858,5736.34,12910.74,2009.544,5583.268,13223.78,1963.221,5899.981,12964.46,1969.389,5832.002,13273.1,1979.789,5743.699,13070.38,1989.36,5659.17,13152.25,2042.597,5634.516
13027.47,1983.353,5544.003,13032.77,1950.195,5907.525,13127.52,1980.544,5877.805,12884.54,1976.692,5673.089,13276.11,2022.614,5836.234,12898.17,2012.767,5764.038,12934.69,1973.057,5540.042,13232.57,1984.858,5652.422,13174.2,1977.858,5736.196,12911.79,2009.544,5583.102,13224.82,1963.221,5900.161,12965.51,1969.389,5831.874,13274.15,1979.789,5743.644,13071.41,1989.36,5659.412,13153.26,2042.597,5634.842
13029.62,1983.353,5545.321,13035.28,1950.195,5907.361,13130.02,1980.544,5878.18,12887.04,1976.692,5672.807,13278.63,2022.614,5836.312,12900.66,2012.767,5763.651,12934.04,1973.057,5542.478,13235.09,1984.858,5652.507,13176.71,1977.858,5735.935,12914.28,2009.544,5582.688,13227.32,1963.221,5900.507,12968.01,1969.389,5831.486,13276.65,1979.789,5743.278,13073.85,1989.36,5660.068,13155.65,2042.597,5635.629
13030.65,1983.353,5545.907,13036.47,1950.195,5907.323,13131.19,1980.544,5878.318,12888.22,1976.692,5672.67,13279.81,2022.614,5836.31,12901.84,2012.767,5763.505,12933.71,1973.057,5543.615,13236.28,1984.858,5652.515,13177.88,1977.858,5735.78,12915.44,2009.544,5582.486,13228.5,1963.221,5900.632,12969.16,1969.389,5831.221,13277.83,1979.789,5743.145,13074.99,1989.36,5660.382,13156.78,2042.597,5636.004
13032.18,1983.353,5546.716,13038.2,1950.195,5907.403,13132.92,1980.544,5878.462,12889.94,1976.692,5672.466,13281.54,2022.614,5836.25,12903.56,2012.767,5763.344,12933.18,1973.057,5545.263,13238.01,1984.858,5652.481,13179.59,1977.858,5735.508,12917.15,2009.544,5582.178,13230.23,1963.221,5900.757,12970.86,1969.389,5830.889,13279.55,1979.789,5743.006,13076.69,1989.36,5660.74,13158.42,2042.597,5636.562
13033.49,1983.353,5547.355,13039.65,1950.195,5907.5,13134.38,1980.544,5878.537,12891.38,1976.692,5672.29,13282.99,2022.614,5836.071,12905.01,2012.767,5763.253,12932.7,1973.057,5546.64,13239.46,1984.858,5652.414,13181.03,1977.858,5735.243,12918.58,2009.544,5581.908,13231.68,1963.221,5900.862,12972.3,1969.389,5830.656,13281.01,1979.789,5742.937,13078.1,1989.36,5661.087,13159.79,2042.597,5637.039
13035.24,1983.353,5548.284,13041.64,1950.195,5907.566,13136.36,1980.544,5878.532,12893.35,1976.692,5672.044,13284.97,2022.614,5835.892,12907,2012.767,5763.189,12932.05,1973.057,5548.518,13241.44,1984.858,5652.269,13182.97,1977.858,5734.834,12920.53,2009.544,5581.526,13233.67,1963.221,5900.941,12974.27,1969.389,5830.397,13283,1979.789,5742.908,13080.05,1989.36,5661.481,13161.66,2042.597,5637.701
13037.03,1983.353,5549.303,13043.68,1950.195,5907.729,13138.39,1980.544,5878.229,12895.38,1976.692,5671.728,13287.02,2022.614,5835.774,12909.05,2012.767,5763.186,12931.38,1973.057,5550.456,13243.49,1984.858,5652.065,13184.97,1977.858,5734.366,12922.55,2009.544,5581.174,13235.72,1963.221,5900.971,12976.3,1969.389,5830.071,13285.05,1979.789,5742.944,13082.07,1989.36,5661.822,13163.59,2042.597,5638.399
13037.68,1983.353,5549.704,13044.45,1950.195,5907.765,13139.15,1980.544,5878.142,12896.13,1976.692,5671.586,13287.78,2022.614,5835.755,12909.82,2012.767,5763.208,12931.13,1973.057,5551.178,13244.25,1984.858,5651.998,13185.71,1977.858,5734.175,12923.3,2009.544,5581.058,13236.48,1963.221,5900.957,12977.05,1969.389,5829.975,13285.81,1979.789,5742.933,13082.83,1989.36,5661.925,13164.31,2042.597,5638.665
13039.64,1983.353,5551.001,13046.8,1950.195,5907.798,13141.49,1980.544,5877.948,12898.43,1976.692,5671.083,13290.13,2022.614,5835.621,12912.16,2012.767,5763.347,12930.36,1973.057,5553.396,13246.59,1984.858,5651.817,13187.97,1977.858,5733.541,12925.63,2009.544,5580.748,13238.83,1963.221,5901.016,12979.39,1969.389,5829.725,13288.16,1979.789,5742.821,13085.17,1989.36,5662.163,13166.51,2042.597,5639.5
13041.04,1983.353,5551.995,13048.52,1950.195,5907.767,13143.21,1980.544,5877.863,12900.12,1976.692,5670.767,13291.85,2022.614,5835.578,12913.88,2012.767,5763.392,12929.78,1973.057,5555.015,13248.3,1984.858,5651.702,13189.61,1977.858,5733.043,12927.33,2009.544,5580.508,13240.55,1963.221,5901.002,12981.11,1969.389,5829.598,13289.88,1979.789,5742.728,13086.88,1989.36,5662.365,13168.12,2042.597,5640.095
13042.71,1983.353,5553.262,13050.61,1950.195,5907.833,13145.27,1980.544,5877.511,12902.19,1976.692,5670.443,13293.94,2022.614,5835.458,12915.98,2012.767,5763.379,12929.07,1973.057,5556.985,13250.39,1984.858,5651.581,13191.61,1977.858,5732.398,12929.41,2009.544,5580.199,13242.64,1963.221,5900.945,12983.2,1969.389,5829.512,13291.96,1979.789,5742.545,13088.95,1989.36,5662.646,13170.09,2042.597,5640.804
13043.68,1983.353,5554.053,13051.87,1950.195,5907.832,13146.52,1980.544,5877.34,12903.43,1976.692,5670.288,13295.19,2022.614,5835.345,12917.23,2012.767,5763.448,12928.64,1973.057,5558.162,13251.65,1984.858,5651.519,13192.79,1977.858,5731.989,12930.64,2009.544,5580.002,13243.9,1963.221,5900.869,12984.45,1969.389,5829.399,13293.22,1979.789,5742.504,13090.19,1989.36,5662.836,13171.27,2042.597,5641.217
13045.29,1983.353,5555.445,13053.99,1950.195,5907.76,13148.63,1980.544,5877.121,12905.55,1976.692,5670.089,13297.31,2022.614,5835.223,12919.35,2012.767,5763.497,12927.89,1973.057,5560.147,13253.76,1984.858,5651.359,13194.82,1977.858,5731.361,12932.74,2009.544,5579.652,13246.01,1963.221,5900.672,12986.57,1969.389,5829.276,13295.34,1979.789,5742.365,13092.28,1989.36,5663.193,13173.28,2042.597,5641.9
13046.28,1983.353,5556.363,13055.34,1950.195,5907.67,13149.98,1980.544,5877.133,12906.89,1976.692,5670.003,13298.66,2022.614,5835.102,12920.7,2012.767,5763.544,12927.4,1973.057,5561.406,13255.11,1984.858,5651.225,13196.12,1977.858,5731.004,12934.07,2009.544,5579.416,13247.35,1963.221,5900.502,12987.92,1969.389,5829.243,13296.68,1979.789,5742.233,13093.61,1989.36,5663.444,13174.56,2042.597,5642.324
13047.76,1983.353,5557.832,13057.41,1950.195,5907.385,13152.07,1980.544,5877.084,12908.97,1976.692,5669.803,13300.73,2022.614,5834.845,12922.79,2012.767,5763.55,12926.62,1973.057,5563.344,13257.18,1984.858,5650.966,13198.16,1977.858,5730.517,12936.13,2009.544,5579.083,13249.4,1963.221,5900.107,12990.01,1969.389,5829.175,13298.75,1979.789,5741.96,13095.66,1989.36,5663.87,13176.55,2042.597,5642.963
13048.63,1983.353,5558.748,13058.66,1950.195,5907.231,13153.33,1980.544,5877.013,12910.23,1976.692,5669.724,13301.98,2022.614,5834.649,12924.05,2012.767,5763.513,12926.14,1973.057,5564.509,13258.43,1984.858,5650.78,13199.39,1977.858,5730.263,12937.38,2009.544,5578.898,13250.65,1963.221,5899.909,12991.27,1969.389,5829.093,13300,1979.789,5741.755,13096.89,1989.36,5664.15,13177.75,2042.597,5643.34
13049.93,1983.353,5560.216,13060.62,1950.195,5907.055,13155.29,1980.544,5876.838,12912.2,1976.692,5669.664,13303.93,2022.614,5834.414,12926.01,2012.767,5763.39,12925.36,1973.057,5566.312,13260.36,1984.858,5650.445,13201.33,1977.858,5729.931,12939.32,2009.544,5578.637,13252.6,1963.221,5899.665,12993.22,1969.389,5828.902,13301.92,1979.789,5741.372,13098.79,1989.36,5664.623,13179.63,2042.597,5643.911
13050.92,1983.353,5561.4,13062.15,1950.195,5906.867,13156.82,1980.544,5876.651,12913.74,1976.692,5669.667,13305.47,2022.614,5834.392,12927.55,2012.767,5763.34,12924.73,1973.057,5567.719,13261.88,1984.858,5650.148,13202.86,1977.858,5729.719,12940.85,2009.544,5578.45,13254.13,1963.221,5899.512,12994.76,1969.389,5828.792,13303.45,1979.789,5741.121,13100.28,1989.36,5665.023,13181.11,2042.597,5644.349
13051.84,1983.353,5562.575,13063.63,1950.195,5906.733,13158.3,1980.544,5876.504,12915.23,1976.692,5669.72,13306.96,2022.614,5834.322,12929.04,2012.767,5763.262,12924.1,1973.057,5569.069,13263.33,1984.858,5649.83,13204.34,1977.858,5729.563,12942.33,2009.544,5578.285,13255.61,1963.221,5899.299,12996.25,1969.389,5828.732,13304.89,1979.789,5740.761,13101.71,1989.36,5665.439,13182.54,2042.597,5644.761
13052.41,1983.353,5563.356,13064.58,1950.195,5906.521,13159.26,1980.544,5876.377,12916.2,1976.692,5669.785,13307.92,2022.614,5834.245,12930.01,2012.767,5763.243,12923.68,1973.057,5569.939,13264.27,1984.858,5649.603,13205.3,1977.858,5729.493,12943.29,2009.544,5578.187,13256.57,1963.221,5899.192,12997.21,1969.389,5828.662,13305.82,1979.789,5740.485,13102.64,1989.36,5665.728,13183.47,2042.597,5645.022
13053.47,1983.353,5564.909,13066.42,1950.195,5906.169,13161.12,1980.544,5876.114,12918.07,1976.692,5669.974,13309.8,2022.614,5834.115,12931.89,2012.767,5763.088,12922.83,1973.057,5571.617,13266.09,1984.858,5649.124,13207.18,1977.858,5729.418,12945.17,2009.544,5578.013,13258.45,1963.221,5899.278,12999.09,1969.389,5828.463,13307.64,1979.789,5740.008,13104.42,1989.36,5666.326,13185.29,2042.597,5645.517
13054.22,1983.353,5566.073,13067.79,1950.195,5905.955,13162.5,1980.544,5875.965,12919.44,1976.692,5670.157,13311.17,2022.614,5833.975,12933.27,2012.767,5763.02,12922.18,1973.057,5572.834,13267.42,1984.858,5648.747,13208.57,1977.858,5729.409,12946.54,2009.544,5577.895,13259.83,1963.221,5899.296,13000.46,1969.389,5828.309,13308.96,1979.789,5739.605,13105.72,1989.36,5666.793,13186.62,2042.597,5645.871
13054.82,1983.353,5567.079,13068.95,1950.195,5905.812,13163.66,1980.544,5875.859,12920.59,1976.692,5670.351,13312.34,2022.614,5833.987,12934.44,2012.767,5763,12921.6,1973.057,5573.852,13268.55,1984.858,5648.441,13209.74,1977.858,5729.362,12947.71,2009.544,5577.803,13261,1963.221,5899.302,13001.59,1969.389,5828.021,13310.09,1979.789,5739.301,13106.81,1989.36,5667.213,13187.76,2042.597,5646.163
13055.54,1983.353,5568.379,13070.42,1950.195,5905.582,13165.12,1980.544,5875.551,12922.05,1976.692,5670.644,13313.83,2022.614,5833.953,12935.92,2012.767,5763.042,12920.83,1973.057,5575.125,13269.99,1984.858,5648.071,13211.22,1977.858,5729.255,12949.19,2009.544,5577.693,13262.49,1963.221,5899.26,13003.05,1969.389,5827.702,13311.54,1979.789,5738.961,13108.19,1989.36,5667.777,13189.2,2042.597,5646.525
13056.11,1983.353,5569.501,13071.67,1950.195,5905.404,13166.36,1980.544,5875.33,12923.28,1976.692,5670.933,13315.09,2022.614,5833.882,12937.19,2012.767,5763.035,12920.15,1973.057,5576.188,13271.21,1984.858,5647.771,13212.47,1977.858,5729.124,12950.45,2009.544,5577.605,13263.75,1963.221,5899.183,13004.29,1969.389,5827.471,13312.78,1979.789,5738.714,13109.34,1989.36,5668.281,13190.42,2042.597,5646.824
13056.52,1983.353,5570.361,13072.61,1950.195,5905.26,13167.27,1980.544,5875.033,12924.2,1976.692,5671.16,13316.04,2022.614,5833.85,12938.14,2012.767,5763.06,12919.62,1973.057,5576.977,13272.14,1984.858,5647.554,13213.42,1977.858,5728.994,12951.4,2009.544,5577.542,13264.7,1963.221,5899.094,13005.23,1969.389,5827.311,13313.72,1979.789,5738.558,13110.21,1989.36,5668.682,13191.35,2042.597,5647.044
13057.11,1983.353,5571.706,13074.06,1950.195,5904.99,13168.68,1980.544,5874.621,12925.63,1976.692,5671.524,13317.51,2022.614,5833.751,12939.6,2012.767,5763.142,12918.76,1973.057,5578.171,13273.58,1984.858,5647.235,13214.87,1977.858,5728.747,12952.87,2009.544,5577.449,13266.16,1963.221,5898.909,13006.66,1969.389,5826.99,13315.17,1979.789,5738.35,13111.52,1989.36,5669.331,13192.78,2042.597,5647.375
13057.61,1983.353,5572.747,13075.18,1950.195,5904.741,13169.79,1980.544,5874.334,12926.74,1976.692,5671.819,13318.66,2022.614,5833.636,12940.75,2012.767,5763.242,12918.06,1973.057,5579.089,13274.7,1984.858,5646.995,13216,1977.858,5728.517,12954.02,2009.544,5577.376,13267.29,1963.221,5898.727,13007.79,1969.389,5826.747,13316.32,1979.789,5738.22,13112.55,1989.36,5669.864,13193.91,2042.597,5647.628
13058.13,1983.353,5573.741,13076.3,1950.195,5904.629,13170.89,1980.544,5874.091,12927.82,1976.692,5672.115,13319.78,2022.614,5833.563,12941.87,2012.767,5763.373,12917.36,1973.057,5579.963,13275.8,1984.858,5646.771,13217.09,1977.858,5728.259,12955.13,2009.544,5577.307,13268.4,1963.221,5898.513,13008.87,1969.389,5826.471,13317.43,1979.789,5738.108,13113.53,1989.36,5670.407,13195,2042.597,5647.867
13058.66,1983.353,5574.685,13077.37,1950.195,5904.486,13171.95,1980.544,5873.891,12928.86,1976.692,5672.409,13320.85,2022.614,5833.458,12942.94,2012.767,5763.531,12916.66,1973.057,5580.787,13276.86,1984.858,5646.563,13218.14,1977.858,5728.012,12956.21,2009.544,5577.239,13269.48,1963.221,5898.476,13009.93,1969.389,5826.239,13318.51,1979.789,5737.965,13114.46,1989.36,5670.954,13196.06,2042.597,5648.091
13059.2,1983.353,5575.583,13078.41,1950.195,5904.313,13172.99,1980.544,5873.73,12929.87,1976.692,5672.7,13321.89,2022.614,5833.321,12943.97,2012.767,5763.716,12915.95,1973.057,5581.566,13277.89,1984.858,5646.371,13219.17,1977.858,5727.828,12957.26,2009.544,5577.173,13270.52,1963.221,5898.406,13010.96,1969.389,5826.048,13319.55,1979.789,5737.845,13115.38,1989.36,5671.454,13197.08,2042.597,5648.318
13059.76,1983.353,5576.433,13079.4,1950.195,5904.114,13174,1980.544,5873.608,12930.84,1976.692,5672.988,13322.91,2022.614,5833.222,12944.96,2012.767,5763.926,12915.25,1973.057,5582.3,13278.89,1984.858,5646.191,13220.17,1977.858,5727.621,12958.27,2009.544,5577.107,13271.53,1963.221,5898.305,13011.96,1969.389,5825.87,13320.56,1979.789,5737.766,13116.29,1989.36,5671.909,13198.07,2042.597,5648.549
13060.5,1983.353,5577.5,13080.69,1950.195,5903.9,13175.28,1980.544,5873.41,12932.09,1976.692,5673.364,13324.21,2022.614,5833.276,12946.23,2012.767,5764.232,12914.33,1973.057,5583.214,13280.17,1984.858,5645.969,13221.43,1977.858,5727.327,12959.57,2009.544,5577.02,13272.82,1963.221,5898.133,13013.25,1969.389,5825.683,13321.85,1979.789,5737.621,13117.47,1989.36,5672.455,13199.33,2042.597,5648.858
13060.79,1983.353,5577.877,13081.15,1950.195,5903.807,13175.75,1980.544,5873.322,12932.54,1976.692,5673.502,13324.68,2022.614,5833.28,12946.68,2012.767,5764.357,12913.98,1973.057,5583.536,13280.64,1984.858,5645.892,13221.89,1977.858,5727.209,12960.04,2009.544,5576.986,13273.28,1963.221,5898.016,13013.72,1969.389,5825.631,13322.32,1979.789,5737.553,13117.91,1989.36,5672.639,13199.79,2042.597,5648.976
13061.69,1983.353,5579.012,13082.55,1950.195,5903.409,13177.18,1980.544,5873.055,12933.93,1976.692,5673.934,13326.13,2022.614,5833.245,12948.07,2012.767,5764.784,12912.89,1973.057,5584.495,13282.07,1984.858,5645.661,13223.3,1977.858,5726.842,12961.49,2009.544,5576.88,13274.7,1963.221,5897.701,13015.17,1969.389,5825.517,13323.73,1979.789,5737.197,13119.26,1989.36,5673.163,13201.19,2042.597,5649.355
13062.25,1983.353,5579.659,13083.37,1950.195,5903.202,13178.01,1980.544,5872.871,12934.74,1976.692,5674.188,13326.98,2022.614,5833.196,12948.88,2012.767,5765.059,12912.23,1973.057,5585.038,13282.92,1984.858,5645.53,13224.12,1977.858,5726.632,12962.34,2009.544,5576.815,13275.54,1963.221,5897.544,13016.02,1969.389,5825.478,13324.54,1979.789,5736.948,13120.07,1989.36,5673.445,13202.01,2042.597,5649.587
13062.44,1983.353,5579.867,13083.65,1950.195,5903.143,13178.28,1980.544,5872.801,12935.01,1976.692,5674.273,13327.26,2022.614,5833.171,12949.14,2012.767,5765.157,12912.01,1973.057,5585.211,13283.19,1984.858,5645.488,13224.39,1977.858,5726.554,12962.62,2009.544,5576.793,13275.82,1963.221,5897.519,13016.3,1969.389,5825.475,13324.81,1979.789,5736.857,13120.33,1989.36,5673.53,13202.28,2042.597,5649.668
13063.22,1983.353,5580.665,13084.75,1950.195,5902.943,13179.37,1980.544,5872.561,12936.07,1976.692,5674.61,13328.37,2022.614,5833.035,12950.17,2012.767,5765.579,12911.11,1973.057,5585.87,13284.3,1984.858,5645.327,13225.46,1977.858,5726.222,12963.73,2009.544,5576.699,13276.93,1963.221,5897.382,13017.42,1969.389,5825.497,13325.88,1979.789,5736.532,13121.41,1989.36,5673.832,13203.35,2042.597,5650.002
13063.8,1983.353,5581.228,13085.53,1950.195,5902.737,13180.17,1980.544,5872.411,12936.84,1976.692,5674.856,13329.18,2022.614,5832.975,12950.92,2012.767,5765.899,12910.44,1973.057,5586.331,13285.1,1984.858,5645.213,13226.23,1977.858,5725.989,12964.54,2009.544,5576.627,13277.73,1963.221,5897.276,13018.23,1969.389,5825.534,13326.66,1979.789,5736.321,13122.2,1989.36,5674.027,13204.12,2042.597,5650.256
13064.43,1983.353,5581.792,13086.35,1950.195,5902.55,13180.99,1980.544,5872.229,12937.65,1976.692,5675.11,13330.02,2022.614,5832.886,12951.69,2012.767,5766.245,12909.73,1973.057,5586.788,13285.94,1984.858,5645.097,13227.04,1977.858,5725.736,12965.38,2009.544,5576.549,13278.56,1963.221,5897.138,13019.07,1969.389,5825.595,13327.46,1979.789,5736.059,13123.02,1989.36,5674.205,13204.91,2042.597,5650.533
13065.32,1983.353,5582.539,13087.49,1950.195,5902.329,13182.11,1980.544,5871.938,12938.75,1976.692,5675.458,13331.17,2022.614,5832.725,12952.74,2012.767,5766.739,12908.74,1973.057,5587.387,13287.08,1984.858,5644.942,13228.14,1977.858,5725.397,12966.53,2009.544,5576.437,13279.72,1963.221,5897.019,13020.22,1969.389,5825.708,13328.58,1979.789,5735.736,13124.16,1989.36,5674.414,13206,2042.597,5650.93
13065.48,1983.353,5582.668,13087.7,1950.195,5902.296,13182.32,1980.544,5871.893,12938.95,1976.692,5675.52,13331.37,2022.614,5832.689,12952.92,2012.767,5766.832,12908.56,1973.057,5587.489,13287.29,1984.858,5644.908,13228.34,1977.858,5725.343,12966.74,2009.544,5576.416,13279.92,1963.221,5896.99,13020.43,1969.389,5825.733,13328.78,1979.789,5735.685,13124.37,1989.36,5674.445,13206.2,2042.597,5651.004
13066.15,1983.353,5583.162,13088.52,1950.195,5902.192,13183.13,1980.544,5871.738,12939.75,1976.692,5675.764,13332.19,2022.614,5832.521,12953.66,2012.767,5767.213,12907.82,1973.057,5587.875,13288.1,1984.858,5644.745,13229.15,1977.858,5725.152,12967.57,2009.544,5576.327,13280.74,1963.221,5896.853,13021.25,1969.389,5825.855,13329.59,1979.789,5735.505,13125.19,1989.36,5674.547,13206.97,2042.597,5651.315
13066.72,1983.353,5583.556,13089.2,1950.195,5902.04,13183.82,1980.544,5871.63,12940.41,1976.692,5675.966,13332.86,2022.614,5832.357,12954.28,2012.767,5767.543,12907.2,1973.057,5588.18,13288.78,1984.858,5644.587,13229.84,1977.858,5725.015,12968.26,2009.544,5576.25,13281.43,1963.221,5896.724,13021.94,1969.389,5825.974,13330.28,1979.789,5735.378,13125.88,1989.36,5674.614,13207.61,2042.597,5651.586
13067.29,1983.353,5583.921,13089.87,1950.195,5901.913,13184.49,1980.544,5871.531,12941.06,1976.692,5676.159,13333.51,2022.614,5832.181,12954.87,2012.767,5767.875,12906.58,1973.057,5588.458,13289.44,1984.858,5644.413,13230.5,1977.858,5724.902,12968.93,2009.544,5576.172,13282.09,1963.221,5896.607,13022.6,1969.389,5826.105,13330.95,1979.789,5735.275,13126.56,1989.36,5674.664,13208.23,2042.597,5651.861
13067.85,1983.353,5584.255,13090.51,1950.195,5901.812,13185.14,1980.544,5871.486,12941.68,1976.692,5676.341,13334.13,2022.614,5831.961,12955.43,2012.767,5768.206,12905.98,1973.057,5588.708,13290.07,1984.858,5644.25,13231.14,1977.858,5724.776,12969.57,2009.544,5576.094,13282.73,1963.221,5896.473,13023.24,1969.389,5826.247,13331.58,1979.789,5735.156,13127.21,1989.36,5674.698,13208.82,2042.597,5652.136
13068.48,1983.353,5584.602,13091.22,1950.195,5901.724,13185.85,1980.544,5871.414,12942.37,1976.692,5676.536,13334.81,2022.614,5831.743,12956.03,2012.767,5768.579,12905.31,1973.057,5588.962,13290.76,1984.858,5644.077,13231.85,1977.858,5724.655,12970.28,2009.544,5576.005,13283.42,1963.221,5896.304,13023.93,1969.389,5826.417,13332.28,1979.789,5735.002,13127.92,1989.36,5674.727,13209.46,2042.597,5652.436
13069.08,1983.353,5584.915,13091.9,1950.195,5901.663,13186.53,1980.544,5871.323,12943.03,1976.692,5676.718,13335.46,2022.614,5831.556,12956.61,2012.767,5768.947,12904.67,1973.057,5589.186,13291.42,1984.858,5643.933,13232.52,1977.858,5724.557,12970.96,2009.544,5575.918,13284.08,1963.221,5896.12,13024.59,1969.389,5826.595,13332.96,1979.789,5734.924,13128.6,1989.36,5674.764,13210.09,2042.597,5652.708
13069.49,1983.353,5585.108,13092.35,1950.195,5901.626,13186.97,1980.544,5871.277,12943.46,1976.692,5676.835,13335.88,2022.614,5831.377,12956.98,2012.767,5769.197,12904.24,1973.057,5589.32,13291.87,1984.858,5643.853,13232.97,1977.858,5724.502,12971.4,2009.544,5575.858,13284.51,1963.221,5895.994,13025.02,1969.389,5826.722,13333.41,1979.789,5734.867,13129.05,1989.36,5674.794,13210.5,2042.597,5652.877
13070.02,1983.353,5585.337,13092.92,1950.195,5901.598,13187.54,1980.544,5871.201,12944.01,1976.692,5677.002,13336.41,2022.614,5831.165,12957.46,2012.767,5769.513,12903.69,1973.057,5589.476,13292.44,1984.858,5643.769,13233.54,1977.858,5724.447,12971.97,2009.544,5575.78,13285.06,1963.221,5895.815,13025.56,1969.389,5826.895,13333.97,1979.789,5734.776,13129.62,1989.36,5674.842,13211.04,2042.597,5653.083
13070.37,1983.353,5585.477,13093.3,1950.195,5901.592,13187.92,1980.544,5871.138,12944.37,1976.692,5677.124,13336.76,2022.614,5831.038,12957.78,2012.767,5769.717,12903.32,1973.057,5589.567,13292.81,1984.858,5643.726,13233.91,1977.858,5724.42,12972.34,2009.544,5575.728,13285.42,1963.221,5895.717,13025.92,1969.389,5827.016,13334.34,1979.789,5734.704,13130,1989.36,5674.879,13211.39,2042.597,5653.21
13071.05,1983.353,5585.722,13094.02,1950.195,5901.508,13188.63,1980.544,5870.995,12945.04,1976.692,5677.379,13337.45,2022.614,5830.792,12958.39,2012.767,5770.106,12902.62,1973.057,5589.722,13293.53,1984.858,5643.667,13234.64,1977.858,5724.386,12973.06,2009.544,5575.624,13286.12,1963.221,5895.528,13026.6,1969.389,5827.261,13335.06,1979.789,5734.658,13130.72,1989.36,5674.962,13212.08,2042.597,5653.439
13071.55,1983.353,5585.885,13094.54,1950.195,5901.463,13189.14,1980.544,5870.874,12945.53,1976.692,5677.583,13337.95,2022.614,5830.623,12958.84,2012.767,5770.386,12902.09,1973.057,5589.82,13294.06,1984.858,5643.63,13235.17,1977.858,5724.374,12973.58,2009.544,5575.545,13286.63,1963.221,5895.374,13027.1,1969.389,5827.45,13335.59,1979.789,5734.608,13131.24,1989.36,5675.032,13212.59,2042.597,5653.596
13072.04,1983.353,5586.025,13095.05,1950.195,5901.438,13189.64,1980.544,5870.776,12946,1976.692,5677.792,13338.42,2022.614,5830.44,12959.27,2012.767,5770.651,12901.59,1973.057,5589.9,13294.57,1984.858,5643.612,13235.67,1977.858,5724.375,12974.08,2009.544,5575.469,13287.13,1963.221,5895.268,13027.57,1969.389,5827.64,13336.09,1979.789,5734.543,13131.75,1989.36,5675.106,13213.08,2042.597,5653.735
13072.51,1983.353,5586.145,13095.54,1950.195,5901.397,13190.12,1980.544,5870.699,12946.43,1976.692,5678.008,13338.88,2022.614,5830.28,12959.69,2012.767,5770.902,12901.11,1973.057,5589.962,13295.06,1984.858,5643.611,13236.16,1977.858,5724.387,12974.57,2009.544,5575.395,13287.6,1963.221,5895.151,13028.02,1969.389,5827.831,13336.58,1979.789,5734.465,13132.23,1989.36,5675.187,13213.55,2042.597,5653.859
13072.98,1983.353,5586.247,13096.01,1950.195,5901.37,13190.59,1980.544,5870.607,12946.85,1976.692,5678.233,13339.34,2022.614,5830.138,12960.1,2012.767,5771.143,12900.63,1973.057,5590.01,13295.53,1984.858,5643.625,13236.64,1977.858,5724.411,12975.04,2009.544,5575.32,13288.06,1963.221,5895.021,13028.46,1969.389,5828.024,13337.05,1979.789,5734.404,13132.7,1989.36,5675.274,13214.01,2042.597,5653.97
13073.59,1983.353,5586.358,13096.63,1950.195,5901.354,13191.19,1980.544,5870.47,12947.39,1976.692,5678.542,13339.91,2022.614,5829.911,12960.64,2012.767,5771.449,12900.02,1973.057,5590.053,13296.15,1984.858,5643.623,13237.25,1977.858,5724.456,12975.65,2009.544,5575.223,13288.65,1963.221,5894.834,13029.01,1969.389,5828.283,13337.67,1979.789,5734.345,13133.3,1989.36,5675.397,13214.61,2042.597,5654.101
13073.81,1983.353,5586.392,13096.85,1950.195,5901.355,13191.41,1980.544,5870.413,12947.58,1976.692,5678.648,13340.11,2022.614,5829.817,12960.83,2012.767,5771.558,12899.8,1973.057,5590.071,13296.37,1984.858,5643.615,13237.48,1977.858,5724.478,12975.87,2009.544,5575.187,13288.86,1963.221,5894.76,13029.21,1969.389,5828.38,13337.89,1979.789,5734.331,13133.52,1989.36,5675.446,13214.83,2042.597,5654.144
13074.44,1983.353,5586.493,13097.49,1950.195,5901.381,13192.03,1980.544,5870.27,12948.16,1976.692,5678.937,13340.7,2022.614,5829.567,12961.39,2012.767,5771.863,12899.16,1973.057,5590.126,13297.01,1984.858,5643.572,13238.11,1977.858,5724.555,12976.5,2009.544,5575.083,13289.46,1963.221,5894.527,13029.79,1969.389,5828.666,13338.53,1979.789,5734.312,13134.14,1989.36,5675.598,13215.46,2042.597,5654.252
13074.71,1983.353,5586.528,13097.77,1950.195,5901.406,13192.3,1980.544,5870.2,12948.41,1976.692,5679.054,13340.96,2022.614,5829.465,12961.64,2012.767,5771.991,12898.88,1973.057,5590.152,13297.29,1984.858,5643.544,13238.38,1977.858,5724.594,12976.77,2009.544,5575.037,13289.71,1963.221,5894.418,13030.03,1969.389,5828.792,13338.8,1979.789,5734.313,13134.41,1989.36,5675.668,13215.74,2042.597,5654.293
13075.18,1983.353,5586.572,13098.24,1950.195,5901.435,13192.74,1980.544,5870.025,12948.84,1976.692,5679.245,13341.4,2022.614,5829.304,12962.06,2012.767,5772.206,12898.41,1973.057,5590.2,13297.75,1984.858,5643.481,13238.85,1977.858,5724.673,12977.24,2009.544,5574.958,13290.15,1963.221,5894.246,13030.45,1969.389,5829.015,13339.28,1979.789,5734.33,13134.86,1989.36,5675.799,13216.21,2042.597,5654.354
13075.57,1983.353,5586.625,13098.63,1950.195,5901.445,13193.1,1980.544,5869.895,12949.2,1976.692,5679.39,13341.77,2022.614,5829.176,12962.4,2012.767,5772.377,12898.03,1973.057,5590.241,13298.14,1984.858,5643.442,13239.23,1977.858,5724.747,12977.62,2009.544,5574.893,13290.51,1963.221,5894.111,13030.79,1969.389,5829.201,13339.66,1979.789,5734.331,13135.23,1989.36,5675.913,13216.59,2042.597,5654.396
13075.78,1983.353,5586.667,13098.84,1950.195,5901.469,13193.3,1980.544,5869.83,12949.4,1976.692,5679.464,13341.96,2022.614,5829.093,12962.6,2012.767,5772.469,12897.82,1973.057,5590.265,13298.35,1984.858,5643.427,13239.44,1977.858,5724.792,12977.83,2009.544,5574.857,13290.71,1963.221,5894.047,13030.97,1969.389,5829.306,13339.88,1979.789,5734.324,13135.43,1989.36,5675.98,13216.8,2042.597,5654.414
13076.3,1983.353,5586.753,13099.37,1950.195,5901.51,13193.82,1980.544,5869.682,12949.9,1976.692,5679.637,13342.46,2022.614,5828.901,12963.08,2012.767,5772.691,12897.29,1973.057,5590.328,13298.89,1984.858,5643.408,13239.96,1977.858,5724.917,12978.35,2009.544,5574.765,13291.22,1963.221,5893.87,13031.43,1969.389,5829.574,13340.41,1979.789,5734.291,13135.94,1989.36,5676.16,13217.33,2042.597,5654.449
13076.67,1983.353,5586.801,13099.74,1950.195,5901.526,13194.18,1980.544,5869.591,12950.26,1976.692,5679.748,13342.82,2022.614,5828.779,12963.42,2012.767,5772.842,12896.92,1973.057,5590.374,13299.26,1984.858,5643.407,13240.32,1977.858,5725.014,12978.72,2009.544,5574.701,13291.57,1963.221,5893.739,13031.75,1969.389,5829.764,13340.78,1979.789,5734.255,13136.28,1989.36,5676.293,13217.71,2042.597,5654.466
13076.91,1983.353,5586.841,13099.99,1950.195,5901.529,13194.42,1980.544,5869.523,12950.49,1976.692,5679.813,13343.05,2022.614,5828.716,12963.65,2012.767,5772.937,12896.67,1973.057,5590.405,13299.5,1984.858,5643.415,13240.55,1977.858,5725.082,12978.96,2009.544,5574.658,13291.8,1963.221,5893.674,13031.96,1969.389,5829.891,13341.02,1979.789,5734.224,13136.51,1989.36,5676.385,13217.95,2042.597,5654.472
13077.41,1983.353,5586.906,13100.49,1950.195,5901.504,13194.9,1980.544,5869.401,12950.98,1976.692,5679.934,13343.53,2022.614,5828.571,12964.11,2012.767,5773.123,12896.18,1973.057,5590.471,13300,1984.858,5643.413,13241.03,1977.858,5725.232,12979.45,2009.544,5574.571,13292.29,1963.221,5893.558,13032.39,1969.389,5830.155,13341.52,1979.789,5734.176,13136.97,1989.36,5676.584,13218.45,2042.597,5654.474
13077.63,1983.353,5586.942,13100.71,1950.195,5901.488,13195.12,1980.544,5869.347,12951.2,1976.692,5679.981,13343.75,2022.614,5828.53,12964.32,2012.767,5773.203,12895.96,1973.057,5590.502,13300.23,1984.858,5643.405,13241.24,1977.858,5725.305,12979.67,2009.544,5574.531,13292.51,1963.221,5893.498,13032.58,1969.389,5830.276,13341.75,1979.789,5734.162,13137.17,1989.36,5676.679,13218.68,2042.597,5654.47
13077.94,1983.353,5586.983,13101.03,1950.195,5901.476,13195.42,1980.544,5869.261,12951.51,1976.692,5680.04,13344.06,2022.614,5828.462,12964.62,2012.767,5773.309,12895.64,1973.057,5590.546,13300.54,1984.858,5643.384,13241.54,1977.858,5725.413,12979.98,2009.544,5574.476,13292.81,1963.221,5893.419,13032.84,1969.389,5830.446,13342.06,1979.789,5734.152,13137.46,1989.36,5676.817,13218.99,2042.597,5654.458
13078.25,1983.353,5587.033,13101.34,1950.195,5901.445,13195.71,1980.544,5869.156,12951.81,1976.692,5680.088,13344.36,2022.614,5828.385,12964.91,2012.767,5773.409,12895.34,1973.057,5590.591,13300.85,1984.858,5643.353,13241.83,1977.858,5725.525,12980.29,2009.544,5574.42,13293.12,1963.221,5893.363,13033.1,1969.389,5830.616,13342.37,1979.789,5734.153,13137.73,1989.36,5676.96,13219.3,2042.597,5654.441
13078.55,1983.353,5587.068,13101.64,1950.195,5901.424,13196,1980.544,5869.063,12952.11,1976.692,5680.126,13344.65,2022.614,5828.32,12965.2,2012.767,5773.5,12895.04,1973.057,5590.635,13301.15,1984.858,5643.313,13242.1,1977.858,5725.641,12980.58,2009.544,5574.367,13293.41,1963.221,5893.299,13033.35,1969.389,5830.783,13342.67,1979.789,5734.164,13138,1989.36,5677.105,13219.6,2042.597,5654.418
13078.83,1983.353,5587.111,13101.92,1950.195,5901.414,13196.27,1980.544,5868.984,12952.39,1976.692,5680.154,13344.93,2022.614,5828.25,12965.47,2012.767,5773.58,12894.76,1973.057,5590.678,13301.43,1984.858,5643.284,13242.36,1977.858,5725.755,12980.86,2009.544,5574.316,13293.68,1963.221,5893.229,13033.59,1969.389,5830.942,13342.95,1979.789,5734.165,13138.25,1989.36,5677.234,13219.88,2042.597,5654.39
13079.14,1983.353,5587.169,13102.23,1950.195,5901.413,13196.56,1980.544,5868.857,12952.71,1976.692,5680.175,13345.24,2022.614,5828.192,12965.77,2012.767,5773.663,12894.45,1973.057,5590.726,13301.75,1984.858,5643.263,13242.65,1977.858,5725.888,12981.17,2009.544,5574.259,13293.99,1963.221,5893.142,13033.85,1969.389,5831.121,13343.27,1979.789,5734.161,13138.53,1989.36,5677.368,13220.2,2042.597,5654.35
13079.4,1983.353,5587.226,13102.5,1950.195,5901.42,13196.8,1980.544,5868.746,12952.97,1976.692,5680.186,13345.5,2022.614,5828.135,12966.03,2012.767,5773.727,12894.19,1973.057,5590.767,13302.01,1984.858,5643.253,13242.88,1977.858,5726.005,12981.43,2009.544,5574.212,13294.24,1963.221,5893.061,13034.06,1969.389,5831.268,13343.53,1979.789,5734.165,13138.78,1989.36,5677.472,13220.46,2042.597,5654.311
13079.66,1983.353,5587.292,13102.77,1950.195,5901.437,13197.05,1980.544,5868.64,12953.24,1976.692,5680.188,13345.76,2022.614,5828.067,12966.29,2012.767,5773.787,12893.92,1973.057,5590.81,13302.28,1984.858,5643.253,13243.13,1977.858,5726.13,12981.7,2009.544,5574.163,13294.49,1963.221,5892.969,13034.29,1969.389,5831.416,13343.8,1979.789,5734.16,13139.03,1989.36,5677.57,13220.72,2042.597,5654.264
13079.9,1983.353,5587.362,13103.02,1950.195,5901.459,13197.28,1980.544,5868.55,12953.49,1976.692,5680.184,13346,2022.614,5827.997,12966.54,2012.767,5773.836,12893.67,1973.057,5590.851,13302.53,1984.858,5643.261,13243.35,1977.858,5726.25,12981.95,2009.544,5574.118,13294.73,1963.221,5892.876,13034.5,1969.389,5831.55,13344.05,1979.789,5734.134,13139.26,1989.36,5677.654,13220.97,2042.597,5654.214
13080.1,1983.353,5587.419,13103.23,1950.195,5901.485,13197.48,1980.544,5868.481,12953.7,1976.692,5680.173,13346.2,2022.614,5827.932,12966.74,2012.767,5773.873,12893.47,1973.057,5590.884,13302.74,1984.858,5643.263,13243.53,1977.858,5726.354,12982.15,2009.544,5574.08,13294.92,1963.221,5892.793,13034.68,1969.389,5831.66,13344.26,1979.789,5734.107,13139.46,1989.36,5677.718,13221.17,2042.597,5654.167
13080.46,1983.353,5587.533,13103.59,1950.195,5901.542,13197.83,1980.544,5868.37,12954.07,1976.692,5680.144,13346.55,2022.614,5827.805,12967.11,2012.767,5773.93,12893.1,1973.057,5590.946,13303.11,1984.858,5643.28,13243.85,1977.858,5726.545,12982.52,2009.544,5574.012,13295.25,1963.221,5892.633,13035,1969.389,5831.852,13344.63,1979.789,5734.071,13139.82,1989.36,5677.819,13221.53,2042.597,5654.076
13080.66,1983.353,5587.581,13103.8,1950.195,5901.58,13198.03,1980.544,5868.296,12954.28,1976.692,5680.121,13346.74,2022.614,5827.727,12967.32,2012.767,5773.957,12892.9,1973.057,5590.98,13303.32,1984.858,5643.282,13244.02,1977.858,5726.656,12982.72,2009.544,5573.974,13295.45,1963.221,5892.549,13035.18,1969.389,5831.957,13344.84,1979.789,5734.058,13140.02,1989.36,5677.87,13221.73,2042.597,5654.02
13080.99,1983.353,5587.67,13104.13,1950.195,5901.653,13198.35,1980.544,5868.187,12954.62,1976.692,5680.072,13347.06,2022.614,5827.61,12967.66,2012.767,5773.993,12892.56,1973.057,5591.038,13303.66,1984.858,5643.275,13244.31,1977.858,5726.844,12983.06,2009.544,5573.912,13295.75,1963.221,5892.403,13035.48,1969.389,5832.125,13345.18,1979.789,5734.047,13140.36,1989.36,5677.941,13222.06,2042.597,5653.919
13081.19,1983.353,5587.727,13104.33,1950.195,5901.704,13198.55,1980.544,5868.113,12954.82,1976.692,5680.036,13347.26,2022.614,5827.545,12967.87,2012.767,5774.009,12892.35,1973.057,5591.073,13303.87,1984.858,5643.264,13244.49,1977.858,5726.952,12983.26,2009.544,5573.874,13295.94,1963.221,5892.318,13035.66,1969.389,5832.226,13345.39,1979.789,5734.048,13140.56,1989.36,5677.978,13222.26,2042.597,5653.864
13081.39,1983.353,5587.791,13104.53,1950.195,5901.761,13198.74,1980.544,5868.045,12955.03,1976.692,5679.993,13347.45,2022.614,5827.468,12968.07,2012.767,5774.021,12892.15,1973.057,5591.108,13304.08,1984.858,5643.247,13244.67,1977.858,5727.055,12983.47,2009.544,5573.836,13296.13,1963.221,5892.228,13035.84,1969.389,5832.324,13345.59,1979.789,5734.055,13140.77,1989.36,5678.008,13222.46,2042.597,5653.816
13081.59,1983.353,5587.85,13104.73,1950.195,5901.824,13198.94,1980.544,5867.984,12955.23,1976.692,5679.944,13347.64,2022.614,5827.383,12968.28,2012.767,5774.027,12891.94,1973.057,5591.144,13304.28,1984.858,5643.222,13244.85,1977.858,5727.151,12983.67,2009.544,5573.798,13296.33,1963.221,5892.16,13036.03,1969.389,5832.42,13345.8,1979.789,5734.069,13140.97,1989.36,5678.032,13222.67,2042.597,5653.774
13081.78,1983.353,5587.915,13104.93,1950.195,5901.893,13199.14,1980.544,5867.93,12955.43,1976.692,5679.888,13347.84,2022.614,5827.305,12968.49,2012.767,5774.028,12891.74,1973.057,5591.187,13304.49,1984.858,5643.205,13245.04,1977.858,5727.242,12983.88,2009.544,5573.766,13296.52,1963.221,5892.085,13036.21,1969.389,5832.515,13346.01,1979.789,5734.077,13141.18,1989.36,5678.049,13222.87,2042.597,5653.74
13082.08,1983.353,5588.021,13105.22,1950.195,5902.006,13199.45,1980.544,5867.858,12955.73,1976.692,5679.794,13348.13,2022.614,5827.188,12968.8,2012.767,5774.021,12891.44,1973.057,5591.26,13304.8,1984.858,5643.188,13245.33,1977.858,5727.369,12984.19,2009.544,5573.729,13296.81,1963.221,5891.964,13036.49,1969.389,5832.653,13346.32,1979.789,5734.077,13141.5,1989.36,5678.065,13223.18,2042.597,5653.698
13082.27,1983.353,5588.099,13105.41,1950.195,5902.086,13199.65,1980.544,5867.817,12955.92,1976.692,5679.725,13348.32,2022.614,5827.117,12969.01,2012.767,5774.01,12891.23,1973.057,5591.316,13305.01,1984.858,5643.171,13245.52,1977.858,5727.447,12984.4,2009.544,5573.71,13297,1963.221,5891.877,13036.68,1969.389,5832.743,13346.53,1979.789,5734.071,13141.7,1989.36,5678.069,13223.39,2042.597,5653.676
13082.47,1983.353,5588.169,13105.6,1950.195,5902.172,13199.85,1980.544,5867.762,12956.12,1976.692,5679.65,13348.52,2022.614,5827.05,12969.22,2012.767,5773.995,12891.04,1973.057,5591.378,13305.22,1984.858,5643.152,13245.71,1977.858,5727.519,12984.6,2009.544,5573.698,13297.19,1963.221,5891.797,13036.87,1969.389,5832.831,13346.74,1979.789,5734.061,13141.91,1989.36,5678.079,13223.6,2042.597,5653.662
13082.7,1983.353,5588.245,13105.82,1950.195,5902.279,13200.09,1980.544,5867.704,12956.34,1976.692,5679.555,13348.75,2022.614,5826.979,12969.46,2012.767,5773.97,12890.8,1973.057,5591.459,13305.46,1984.858,5643.135,13245.95,1977.858,5727.596,12984.85,2009.544,5573.692,13297.41,1963.221,5891.676,13037.09,1969.389,5832.931,13346.98,1979.789,5734.079,13142.15,1989.36,5678.099,13223.84,2042.597,5653.653
13082.9,1983.353,5588.302,13106.01,1950.195,5902.376,13200.3,1980.544,5867.662,12956.53,1976.692,5679.467,13348.95,2022.614,5826.911,12969.67,2012.767,5773.943,12890.61,1973.057,5591.534,13305.67,1984.858,5643.125,13246.15,1977.858,5727.655,12985.06,2009.544,5573.694,13297.59,1963.221,5891.579,13037.28,1969.389,5833.014,13347.19,1979.789,5734.087,13142.36,1989.36,5678.123,13224.05,2042.597,5653.652
13083.13,1983.353,5588.362,13106.22,1950.195,5902.495,13200.54,1980.544,5867.62,12956.75,1976.692,5679.358,13349.17,2022.614,5826.813,12969.91,2012.767,5773.905,12890.39,1973.057,5591.629,13305.91,1984.858,5643.12,13246.38,1977.858,5727.716,12985.3,2009.544,5573.704,13297.81,1963.221,5891.473,13037.5,1969.389,5833.109,13347.43,1979.789,5734.089,13142.6,1989.36,5678.158,13224.29,2042.597,5653.644
13083.34,1983.353,5588.406,13106.4,1950.195,5902.601,13200.74,1980.544,5867.59,12956.93,1976.692,5679.259,13349.36,2022.614,5826.729,12970.11,2012.767,5773.866,12890.2,1973.057,5591.717,13306.12,1984.858,5643.124,13246.58,1977.858,5727.762,12985.51,2009.544,5573.719,13298,1963.221,5891.388,13037.7,1969.389,5833.188,13347.64,1979.789,5734.083,13142.81,1989.36,5678.193,13224.5,2042.597,5653.643
13083.58,1983.353,5588.45,13106.6,1950.195,5902.73,13200.98,1980.544,5867.564,12957.14,1976.692,5679.137,13349.59,2022.614,5826.639,12970.35,2012.767,5773.815,12889.98,1973.057,5591.826,13306.36,1984.858,5643.135,13246.82,1977.858,5727.807,12985.75,2009.544,5573.745,13298.22,1963.221,5891.296,13037.92,1969.389,5833.277,13347.88,1979.789,5734.091,13143.04,1989.36,5678.237,13224.74,2042.597,5653.633
13083.78,1983.353,5588.481,13106.77,1950.195,5902.845,13201.19,1980.544,5867.549,12957.32,1976.692,5679.026,13349.78,2022.614,5826.567,12970.55,2012.767,5773.765,12889.8,1973.057,5591.926,13306.57,1984.858,5643.141,13247.03,1977.858,5727.84,12985.95,2009.544,5573.773,13298.42,1963.221,5891.224,13038.12,1969.389,5833.352,13348.09,1979.789,5734.092,13143.25,1989.36,5678.271,13224.95,2042.597,5653.631
13083.99,1983.353,5588.496,13106.95,1950.195,5902.965,13201.4,1980.544,5867.54,12957.49,1976.692,5678.909,13349.98,2022.614,5826.502,12970.75,2012.767,5773.709,12889.62,1973.057,5592.032,13306.78,1984.858,5643.121,13247.23,1977.858,5727.866,12986.16,2009.544,5573.808,13298.62,1963.221,5891.158,13038.31,1969.389,5833.424,13348.3,1979.789,5734.086,13143.46,1989.36,5678.304,13225.16,2042.597,5653.636
13084.2,1983.353,5588.513,13107.11,1950.195,5903.088,13201.61,1980.544,5867.538,12957.66,1976.692,5678.787,13350.18,2022.614,5826.444,12970.95,2012.767,5773.66,12889.44,1973.057,5592.144,13306.98,1984.858,5643.099,13247.44,1977.858,5727.885,12986.36,2009.544,5573.85,13298.82,1963.221,5891.099,13038.51,1969.389,5833.49,13348.51,1979.789,5734.074,13143.66,1989.36,5678.334,13225.37,2042.597,5653.62
13084.4,1983.353,5588.538,13107.28,1950.195,5903.214,13201.81,1980.544,5867.543,12957.82,1976.692,5678.66,13350.38,2022.614,5826.378,12971.16,2012.767,5773.617,12889.27,1973.057,5592.261,13307.19,1984.858,5643.084,13247.65,1977.858,5727.897,12986.57,2009.544,5573.898,13299.02,1963.221,5891.046,13038.71,1969.389,5833.551,13348.71,1979.789,5734.055,13143.87,1989.36,5678.359,13225.57,2042.597,5653.61
13084.61,1983.353,5588.569,13107.44,1950.195,5903.344,13202.02,1980.544,5867.555,12957.99,1976.692,5678.527,13350.58,2022.614,5826.319,12971.37,2012.767,5773.604,12889.1,1973.057,5592.384,13307.4,1984.858,5643.076,13247.86,1977.858,5727.902,12986.77,2009.544,5573.953,13299.22,1963.221,5891.016,13038.91,1969.389,5833.605,13348.92,1979.789,5734.029,13144.08,1989.36,5678.379,13225.78,2042.597,5653.603
13084.82,1983.353,5588.607,13107.6,1950.195,5903.477,13202.23,1980.544,5867.573,12958.14,1976.692,5678.39,13350.77,2022.614,5826.249,12971.57,2012.767,5773.585,12888.94,1973.057,5592.513,13307.61,1984.858,5643.077,13248.07,1977.858,5727.901,12986.97,2009.544,5574.014,13299.43,1963.221,5890.979,13039.11,1969.389,5833.653,13349.13,1979.789,5733.996,13144.28,1989.36,5678.404,13225.99,2042.597,5653.603
13085.02,1983.353,5588.651,13107.76,1950.195,5903.611,13202.44,1980.544,5867.599,12958.29,1976.692,5678.248,13350.97,2022.614,5826.185,12971.78,2012.767,5773.56,12888.78,1973.057,5592.646,13307.82,1984.858,5643.071,13248.27,1977.858,5727.893,12987.16,2009.544,5574.082,13299.63,1963.221,5890.935,13039.32,1969.389,5833.695,13349.33,1979.789,5733.957,13144.49,1989.36,5678.435,13226.2,2042.597,5653.595
13085.22,1983.353,5588.703,13107.92,1950.195,5903.749,13202.64,1980.544,5867.594,12958.44,1976.692,5678.101,13351.18,2022.614,5826.154,12971.99,2012.767,5773.529,12888.63,1973.057,5592.785,13308.02,1984.858,5643.058,13248.48,1977.858,5727.878,12987.36,2009.544,5574.155,13299.83,1963.221,5890.862,13039.52,1969.389,5833.731,13349.54,1979.789,5733.924,13144.69,1989.36,5678.47,13226.41,2042.597,5653.572
13085.42,1983.353,5588.755,13108.07,1950.195,5903.888,13202.85,1980.544,5867.587,12958.58,1976.692,5677.949,13351.38,2022.614,5826.117,12972.19,2012.767,5773.491,12888.47,1973.057,5592.929,13308.23,1984.858,5643.039,13248.69,1977.858,5727.857,12987.55,2009.544,5574.235,13300.02,1963.221,5890.797,13039.73,1969.389,5833.76,13349.74,1979.789,5733.879,13144.9,1989.36,5678.51,13226.61,2042.597,5653.556
13085.63,1983.353,5588.783,13108.22,1950.195,5904.028,13203.06,1980.544,5867.583,12958.72,1976.692,5677.793,13351.59,2022.614,5826.073,12972.39,2012.767,5773.447,12888.33,1973.057,5593.078,13308.44,1984.858,5643.017,13248.89,1977.858,5727.829,12987.74,2009.544,5574.322,13300.22,1963.221,5890.738,13039.93,1969.389,5833.783,13349.95,1979.789,5733.841,13145.1,1989.36,5678.546,13226.82,2042.597,5653.547
13085.83,1983.353,5588.818,13108.38,1950.195,5904.17,13203.27,1980.544,5867.587,12958.86,1976.692,5677.633,13351.79,2022.614,5826.036,12972.6,2012.767,5773.396,12888.19,1973.057,5593.231,13308.64,1984.858,5642.988,13249.1,1977.858,5727.794,12987.93,2009.544,5574.414,13300.43,1963.221,5890.684,13040.14,1969.389,5833.8,13350.15,1979.789,5733.81,13145.31,1989.36,5678.578,13227.03,2042.597,5653.531
13086.04,1983.353,5588.858,13108.53,1950.195,5904.313,13203.48,1980.544,5867.597,12958.99,1976.692,5677.469,13352,2022.614,5825.992,12972.8,2012.767,5773.348,12888.05,1973.057,5593.389,13308.85,1984.858,5642.953,13249.3,1977.858,5727.752,12988.11,2009.544,5574.512,13300.62,1963.221,5890.616,13040.35,1969.389,5833.81,13350.36,1979.789,5733.786,13145.51,1989.36,5678.607,13227.24,2042.597,5653.533
13086.24,1983.353,5588.905,13108.68,1950.195,5904.458,13203.68,1980.544,5867.601,12959.11,1976.692,5677.302,13352.2,2022.614,5825.941,12973,2012.767,5773.292,12887.92,1973.057,5593.551,13309.05,1984.858,5642.911,13249.51,1977.858,5727.705,12988.29,2009.544,5574.616,13300.82,1963.221,5890.555,13040.56,1969.389,5833.813,13350.57,1979.789,5733.768,13145.72,1989.36,5678.641,13227.45,2042.597,5653.533
13086.45,1983.353,5588.942,13108.83,1950.195,5904.604,13203.89,1980.544,5867.612,12959.23,1976.692,5677.13,13352.4,2022.614,5825.884,12973.2,2012.767,5773.231,12887.8,1973.057,5593.717,13309.25,1984.858,5642.855,13249.71,1977.858,5727.65,12988.47,2009.544,5574.725,13301.02,1963.221,5890.501,13040.77,1969.389,5833.81,13350.77,1979.789,5733.744,13145.92,1989.36,5678.678,13227.65,2042.597,5653.526
13086.65,1983.353,5588.986,13108.98,1950.195,5904.744,13204.1,1980.544,5867.605,12959.34,1976.692,5676.956,13352.6,2022.614,5825.832,12973.4,2012.767,5773.163,12887.68,1973.057,5593.888,13309.46,1984.858,5642.807,13249.91,1977.858,5727.589,12988.64,2009.544,5574.838,13301.23,1963.221,5890.453,13040.97,1969.389,5833.81,13350.98,1979.789,5733.712,13146.13,1989.36,5678.73,13227.86,2042.597,5653.524
13086.85,1983.353,5589.036,13109.14,1950.195,5904.879,13204.31,1980.544,5867.606,12959.45,1976.692,5676.778,13352.8,2022.614,5825.772,12973.59,2012.767,5773.088,12887.56,1973.057,5594.062,13309.66,1984.858,5642.765,13250.1,1977.858,5727.521,12988.81,2009.544,5574.957,13301.43,1963.221,5890.399,13041.18,1969.389,5833.816,13351.19,1979.789,5733.674,13146.33,1989.36,5678.776,13228.07,2042.597,5653.529
13087.05,1983.353,5589.093,13109.3,1950.195,5905.009,13204.52,1980.544,5867.602,12959.55,1976.692,5676.598,13353,2022.614,5825.737,12973.78,2012.767,5773.007,12887.45,1973.057,5594.239,13309.85,1984.858,5642.69,13250.3,1977.858,5727.448,12988.98,2009.544,5575.081,13301.63,1963.221,5890.338,13041.39,1969.389,5833.83,13351.39,1979.789,5733.63,13146.53,1989.36,5678.817,13228.28,2042.597,5653.526
13087.25,1983.353,5589.157,13109.47,1950.195,5905.134,13204.72,1980.544,5867.584,12959.65,1976.692,5676.415,13353.21,2022.614,5825.696,12973.97,2012.767,5772.92,12887.35,1973.057,5594.42,13310.05,1984.858,5642.618,13250.49,1977.858,5727.369,12989.15,2009.544,5575.209,13301.83,1963.221,5890.284,13041.6,1969.389,5833.864,13351.59,1979.789,5733.579,13146.73,1989.36,5678.864,13228.49,2042.597,5653.517
13087.45,1983.353,5589.225,13109.64,1950.195,5905.253,13204.93,1980.544,5867.573,12959.75,1976.692,5676.229,13353.41,2022.614,5825.647,12974.16,2012.767,5772.828,12887.25,1973.057,5594.604,13310.24,1984.858,5642.542,13250.69,1977.858,5727.294,12989.31,2009.544,5575.342,13302.03,1963.221,5890.237,13041.8,1969.389,5833.891,13351.79,1979.789,5733.521,13146.94,1989.36,5678.908,13228.69,2042.597,5653.501
13087.64,1983.353,5589.3,13109.82,1950.195,5905.366,13205.14,1980.544,5867.569,12959.83,1976.692,5676.04,13353.61,2022.614,5825.6,12974.35,2012.767,5772.734,12887.16,1973.057,5594.792,13310.44,1984.858,5642.473,13250.88,1977.858,5727.214,12989.46,2009.544,5575.479,13302.24,1963.221,5890.196,13042.01,1969.389,5833.912,13351.99,1979.789,5733.476,13147.14,1989.36,5678.952,13228.9,2042.597,5653.478
13087.83,1983.353,5589.38,13110,1950.195,5905.474,13205.35,1980.544,5867.572,12959.92,1976.692,5675.85,13353.82,2022.614,5825.551,12974.53,2012.767,5772.639,12887.07,1973.057,5594.981,13310.64,1984.858,5642.41,13251.07,1977.858,5727.127,12989.62,2009.544,5575.622,13302.44,1963.221,5890.162,13042.22,1969.389,5833.927,13352.2,1979.789,5733.424,13147.34,1989.36,5678.996,13229.11,2042.597,5653.449
13088.02,1983.353,5589.467,13110.18,1950.195,5905.576,13205.56,1980.544,5867.575,12960,1976.692,5675.657,13354.02,2022.614,5825.511,12974.71,2012.767,5772.538,12887,1973.057,5595.174,13310.84,1984.858,5642.349,13251.25,1977.858,5727.035,12989.76,2009.544,5575.768,13302.65,1963.221,5890.135,13042.43,1969.389,5833.935,13352.4,1979.789,5733.371,13147.55,1989.36,5679.04,13229.31,2042.597,5653.413
13088.21,1983.353,5589.554,13110.36,1950.195,5905.671,13205.76,1980.544,5867.584,12960.07,1976.692,5675.462,13354.22,2022.614,5825.464,12974.89,2012.767,5772.431,12886.92,1973.057,5595.37,13311.04,1984.858,5642.314,13251.44,1977.858,5726.938,12989.91,2009.544,5575.919,13302.85,1963.221,5890.101,13042.63,1969.389,5833.936,13352.6,1979.789,5733.312,13147.75,1989.36,5679.085,13229.52,2042.597,5653.37
13088.4,1983.353,5589.647,13110.55,1950.195,5905.761,13205.97,1980.544,5867.583,12960.14,1976.692,5675.266,13354.43,2022.614,5825.424,12975.07,2012.767,5772.318,12886.86,1973.057,5595.567,13311.25,1984.858,5642.272,13251.62,1977.858,5726.836,12990.05,2009.544,5576.074,13303.06,1963.221,5890.073,13042.84,1969.389,5833.93,13352.79,1979.789,5733.246,13147.95,1989.36,5679.14,13229.72,2042.597,5653.333
13088.58,1983.353,5589.746,13110.74,1950.195,5905.845,13206.18,1980.544,5867.575,12960.21,1976.692,5675.068,13354.63,2022.614,5825.377,12975.24,2012.767,5772.2,12886.79,1973.057,5595.766,13311.45,1984.858,5642.224,13251.81,1977.858,5726.742,12990.18,2009.544,5576.232,13303.26,1963.221,5890.047,13043.05,1969.389,5833.917,13352.99,1979.789,5733.173,13148.15,1989.36,5679.205,13229.93,2042.597,5653.304
13088.76,1983.353,5589.851,13110.93,1950.195,5905.922,13206.39,1980.544,5867.563,12960.27,1976.692,5674.87,13354.83,2022.614,5825.324,12975.41,2012.767,5772.076,12886.74,1973.057,5595.967,13311.65,1984.858,5642.169,13251.99,1977.858,5726.642,12990.31,2009.544,5576.395,13303.47,1963.221,5890.03,13043.26,1969.389,5833.897,13353.19,1979.789,5733.107,13148.35,1989.36,5679.263,13230.13,2042.597,5653.298
13088.94,1983.353,5589.962,13111.13,1950.195,5905.993,13206.6,1980.544,5867.558,12960.34,1976.692,5674.673,13355.04,2022.614,5825.3,12975.58,2012.767,5771.96,12886.69,1973.057,5596.17,13311.85,1984.858,5642.107,13252.17,1977.858,5726.548,12990.44,2009.544,5576.561,13303.68,1963.221,5890.006,13043.46,1969.389,5833.875,13353.38,1979.789,5733.037,13148.55,1989.36,5679.324,13230.34,2042.597,5653.285
13089.13,1983.353,5590.05,13111.33,1950.195,5906.057,13206.8,1980.544,5867.532,12960.41,1976.692,5674.478,13355.25,2022.614,5825.269,12975.75,2012.767,5771.838,12886.65,1973.057,5596.374,13312.05,1984.858,5642.04,13252.36,1977.858,5726.449,12990.57,2009.544,5576.724,13303.89,1963.221,5889.975,13043.67,1969.389,5833.85,13353.58,1979.789,5732.959,13148.75,1989.36,5679.381,13230.55,2042.597,5653.265
13089.31,1983.353,5590.144,13111.53,1950.195,5906.115,13207.01,1980.544,5867.513,12960.49,1976.692,5674.286,13355.45,2022.614,5825.231,12975.92,2012.767,5771.71,12886.62,1973.057,5596.58,13312.25,1984.858,5641.974,13252.54,1977.858,5726.344,12990.7,2009.544,5576.883,13304.09,1963.221,5889.943,13043.88,1969.389,5833.818,13353.77,1979.789,5732.879,13148.95,1989.36,5679.444,13230.76,2042.597,5653.238
13089.5,1983.353,5590.244,13111.73,1950.195,5906.166,13207.22,1980.544,5867.5,12960.58,1976.692,5674.097,13355.65,2022.614,5825.187,12976.08,2012.767,5771.588,12886.59,1973.057,5596.786,13312.44,1984.858,5641.902,13252.71,1977.858,5726.234,12990.84,2009.544,5577.039,13304.3,1963.221,5889.905,13044.08,1969.389,5833.787,13353.96,1979.789,5732.809,13149.14,1989.36,5679.517,13230.96,2042.597,5653.204
13089.68,1983.353,5590.339,13111.93,1950.195,5906.21,13207.43,1980.544,5867.491,12960.67,1976.692,5673.91,13355.86,2022.614,5825.136,12976.25,2012.767,5771.461,12886.57,1973.057,5596.993,13312.63,1984.858,5641.824,13252.89,1977.858,5726.128,12990.98,2009.544,5577.19,13304.5,1963.221,5889.86,13044.29,1969.389,5833.749,13354.16,1979.789,5732.732,13149.33,1989.36,5679.592,13231.17,2042.597,5653.166
13089.86,1983.353,5590.439,13112.14,1950.195,5906.249,13207.63,1980.544,5867.476,12960.77,1976.692,5673.727,13356.06,2022.614,5825.079,12976.41,2012.767,5771.325,12886.55,1973.057,5597.201,13312.83,1984.858,5641.748,13253.07,1977.858,5726.026,12991.13,2009.544,5577.337,13304.71,1963.221,5889.843,13044.5,1969.389,5833.722,13354.35,1979.789,5732.649,13149.53,1989.36,5679.662,13231.37,2042.597,5653.122
13090.04,1983.353,5590.546,13112.34,1950.195,5906.28,13207.84,1980.544,5867.441,12960.88,1976.692,5673.547,13356.26,2022.614,5825.026,12976.57,2012.767,5771.193,12886.54,1973.057,5597.409,13313.03,1984.858,5641.693,13253.26,1977.858,5725.93,12991.28,2009.544,5577.48,13304.92,1963.221,5889.821,13044.7,1969.389,5833.688,13354.54,1979.789,5732.577,13149.73,1989.36,5679.725,13231.57,2042.597,5653.073
13090.22,1983.353,5590.651,13112.55,1950.195,5906.304,13208.05,1980.544,5867.414,12960.99,1976.692,5673.371,13356.46,2022.614,5824.994,12976.72,2012.767,5771.049,12886.54,1973.057,5597.618,13313.23,1984.858,5641.652,13253.45,1977.858,5725.837,12991.44,2009.544,5577.619,13305.12,1963.221,5889.793,13044.91,1969.389,5833.648,13354.74,1979.789,5732.498,13149.93,1989.36,5679.782,13231.78,2042.597,5653.02
13090.4,1983.353,5590.763,13112.76,1950.195,5906.322,13208.25,1980.544,5867.392,12961.1,1976.692,5673.198,13356.67,2022.614,5824.956,12976.87,2012.767,5770.91,12886.55,1973.057,5597.826,13313.44,1984.858,5641.604,13253.63,1977.858,5725.75,12991.6,2009.544,5577.753,13305.33,1963.221,5889.758,13045.11,1969.389,5833.604,13354.93,1979.789,5732.409,13150.13,1989.36,5679.833,13231.98,2042.597,5652.961
13090.58,1983.353,5590.873,13112.97,1950.195,5906.333,13208.46,1980.544,5867.341,12961.23,1976.692,5673.029,13356.87,2022.614,5824.91,12977.03,2012.767,5770.772,12886.56,1973.057,5598.034,13313.64,1984.858,5641.549,13253.83,1977.858,5725.667,12991.76,2009.544,5577.884,13305.53,1963.221,5889.717,13045.31,1969.389,5833.552,13355.12,1979.789,5732.327,13150.33,1989.36,5679.88,13232.17,2042.597,5652.897
13090.76,1983.353,5590.977,13113.18,1950.195,5906.336,13208.66,1980.544,5867.297,12961.35,1976.692,5672.865,13357.07,2022.614,5824.858,12977.19,2012.767,5770.64,12886.58,1973.057,5598.242,13313.84,1984.858,5641.488,13254.02,1977.858,5725.589,12991.93,2009.544,5578.01,13305.73,1963.221,5889.668,13045.51,1969.389,5833.495,13355.31,1979.789,5732.25,13150.54,1989.36,5679.925,13232.37,2042.597,5652.829
13090.94,1983.353,5591.075,13113.38,1950.195,5906.333,13208.86,1980.544,5867.257,12961.49,1976.692,5672.705,13357.27,2022.614,5824.8,12977.36,2012.767,5770.513,12886.6,1973.057,5598.449,13314.03,1984.858,5641.421,13254.21,1977.858,5725.516,12992.09,2009.544,5578.131,13305.94,1963.221,5889.64,13045.71,1969.389,5833.43,13355.51,1979.789,5732.181,13150.74,1989.36,5679.979,13232.57,2042.597,5652.755
13091.11,1983.353,5591.193,13113.59,1950.195,5906.324,13209.07,1980.544,5867.224,12961.63,1976.692,5672.549,13357.48,2022.614,5824.748,12977.53,2012.767,5770.391,12886.63,1973.057,5598.655,13314.23,1984.858,5641.347,13254.41,1977.858,5725.447,12992.27,2009.544,5578.248,13306.14,1963.221,5889.605,13045.91,1969.389,5833.359,13355.71,1979.789,5732.117,13150.94,1989.36,5680.027,13232.76,2042.597,5652.677
13091.29,1983.353,5591.306,13113.8,1950.195,5906.308,13209.28,1980.544,5867.198,12961.77,1976.692,5672.397,13357.68,2022.614,5824.689,12977.7,2012.767,5770.275,12886.67,1973.057,5598.859,13314.42,1984.858,5641.267,13254.61,1977.858,5725.384,12992.44,2009.544,5578.361,13306.35,1963.221,5889.563,13046.1,1969.389,5833.282,13355.91,1979.789,5732.061,13151.14,1989.36,5680.071,13232.95,2042.597,5652.594
13091.46,1983.353,5591.413,13114.01,1950.195,5906.285,13209.48,1980.544,5867.165,12961.92,1976.692,5672.251,13357.88,2022.614,5824.655,12977.85,2012.767,5770.134,12886.72,1973.057,5599.063,13314.61,1984.858,5641.181,13254.81,1977.858,5725.325,12992.62,2009.544,5578.469,13306.55,1963.221,5889.515,13046.28,1969.389,5833.188,13356.11,1979.789,5732.01,13151.35,1989.36,5680.11,13233.14,2042.597,5652.506
13091.65,1983.353,5591.514,13114.21,1950.195,5906.255,13209.69,1980.544,5867.125,12962.07,1976.692,5672.109,13358.08,2022.614,5824.614,12978.01,2012.767,5769.997,12886.77,1973.057,5599.265,13314.8,1984.858,5641.088,13255.01,1977.858,5725.271,12992.8,2009.544,5578.573,13306.75,1963.221,5889.466,13046.47,1969.389,5833.1,13356.31,1979.789,5731.967,13151.55,1989.36,5680.167,13233.33,2042.597,5652.414
13091.83,1983.353,5591.611,13114.42,1950.195,5906.218,13209.89,1980.544,5867.078,12962.23,1976.692,5671.973,13358.29,2022.614,5824.566,12978.17,2012.767,5769.866,12886.83,1973.057,5599.465,13314.99,1984.858,5641,13255.21,1977.858,5725.223,12992.98,2009.544,5578.672,13306.96,1963.221,5889.421,13046.66,1969.389,5833.006,13356.52,1979.789,5731.93,13151.75,1989.36,5680.216,13233.51,2042.597,5652.316
13092.02,1983.353,5591.703,13114.62,1950.195,5906.175,13210.1,1980.544,5867.049,12962.39,1976.692,5671.841,13358.49,2022.614,5824.512,12978.33,2012.767,5769.74,12886.89,1973.057,5599.663,13315.17,1984.858,5640.905,13255.42,1977.858,5725.18,12993.17,2009.544,5578.767,13307.16,1963.221,5889.369,13046.84,1969.389,5832.904,13356.72,1979.789,5731.887,13151.96,1989.36,5680.26,13233.69,2042.597,5652.215
13092.21,1983.353,5591.788,13114.82,1950.195,5906.125,13210.3,1980.544,5867.014,12962.55,1976.692,5671.715,13358.69,2022.614,5824.451,12978.5,2012.767,5769.619,12886.96,1973.057,5599.859,13315.36,1984.858,5640.816,13255.62,1977.858,5725.141,12993.36,2009.544,5578.857,13307.36,1963.221,5889.311,13047.02,1969.389,5832.793,13356.92,1979.789,5731.836,13152.16,1989.36,5680.303,13233.87,2042.597,5652.109
13092.4,1983.353,5591.876,13115.02,1950.195,5906.068,13210.5,1980.544,5866.972,12962.72,1976.692,5671.595,13358.89,2022.614,5824.384,12978.68,2012.767,5769.504,12887.04,1973.057,5600.052,13315.55,1984.858,5640.733,13255.83,1977.858,5725.108,12993.55,2009.544,5578.942,13307.56,1963.221,5889.246,13047.19,1969.389,5832.674,13357.13,1979.789,5731.78,13152.37,1989.36,5680.34,13234.05,2042.597,5651.999
13092.58,1983.353,5591.97,13115.22,1950.195,5906.005,13210.71,1980.544,5866.923,12962.9,1976.692,5671.48,13359.08,2022.614,5824.32,12978.85,2012.767,5769.388,12887.12,1973.057,5600.243,13315.74,1984.858,5640.646,13256.03,1977.858,5725.068,12993.74,2009.544,5579.022,13307.75,1963.221,5889.167,13047.36,1969.389,5832.562,13357.32,1979.789,5731.717,13152.57,1989.36,5680.371,13234.23,2042.597,5651.894
13092.77,1983.353,5592.059,13115.42,1950.195,5905.936,13210.91,1980.544,5866.868,12963.08,1976.692,5671.371,13359.28,2022.614,5824.25,12979.01,2012.767,5769.25,12887.21,1973.057,5600.431,13315.93,1984.858,5640.566,13256.23,1977.858,5725.021,12993.93,2009.544,5579.099,13307.94,1963.221,5889.091,13047.54,1969.389,5832.454,13357.53,1979.789,5731.677,13152.77,1989.36,5680.415,13234.41,2042.597,5651.795
13092.96,1983.353,5592.141,13115.62,1950.195,5905.877,13211.11,1980.544,5866.806,12963.26,1976.692,5671.267,13359.48,2022.614,5824.187,12979.17,2012.767,5769.116,12887.31,1973.057,5600.616,13316.13,1984.858,5640.492,13256.44,1977.858,5724.968,12994.13,2009.544,5579.172,13308.14,1963.221,5889.022,13047.72,1969.389,5832.341,13357.73,1979.789,5731.63,13152.98,1989.36,5680.452,13234.6,2042.597,5651.703
13093.16,1983.353,5592.216,13115.82,1950.195,5905.812,13211.3,1980.544,5866.738,12963.44,1976.692,5671.17,13359.67,2022.614,5824.116,12979.33,2012.767,5768.988,12887.41,1973.057,5600.798,13316.32,1984.858,5640.424,13256.63,1977.858,5724.908,12994.33,2009.544,5579.241,13308.34,1963.221,5888.968,13047.89,1969.389,5832.234,13357.93,1979.789,5731.577,13153.19,1989.36,5680.483,13234.79,2042.597,5651.616
13093.35,1983.353,5592.286,13116.01,1950.195,5905.74,13211.5,1980.544,5866.676,12963.63,1976.692,5671.079,13359.87,2022.614,5824.053,12979.5,2012.767,5768.866,12887.51,1973.057,5600.977,13316.52,1984.858,5640.366,13256.83,1977.858,5724.842,12994.52,2009.544,5579.307,13308.55,1963.221,5888.924,13048.08,1969.389,5832.132,13358.13,1979.789,5731.518,13153.39,1989.36,5680.523,13234.98,2042.597,5651.536
13093.55,1983.353,5592.365,13116.21,1950.195,5905.662,13211.7,1980.544,5866.607,12963.82,1976.692,5670.994,13360.07,2022.614,5823.996,12979.67,2012.767,5768.749,12887.63,1973.057,5601.152,13316.72,1984.858,5640.301,13257.03,1977.858,5724.769,12994.72,2009.544,5579.368,13308.75,1963.221,5888.874,13048.24,1969.389,5832.008,13358.33,1979.789,5731.466,13153.59,1989.36,5680.565,13235.17,2042.597,5651.462
13093.74,1983.353,5592.438,13116.4,1950.195,5905.578,13211.9,1980.544,5866.533,12964.01,1976.692,5670.915,13360.27,2022.614,5823.932,12979.84,2012.767,5768.632,12887.75,1973.057,5601.324,13316.92,1984.858,5640.245,13257.22,1977.858,5724.69,12994.92,2009.544,5579.427,13308.95,1963.221,5888.817,13048.42,1969.389,5831.89,13358.54,1979.789,5731.423,13153.8,1989.36,5680.602,13235.37,2042.597,5651.395
13093.94,1983.353,5592.504,13116.58,1950.195,5905.487,13212.09,1980.544,5866.452,12964.21,1976.692,5670.843,13360.46,2022.614,5823.852,12980.02,2012.767,5768.521,12887.87,1973.057,5601.491,13317.12,1984.858,5640.181,13257.41,1977.858,5724.605,12995.12,2009.544,5579.484,13309.15,1963.221,5888.753,13048.58,1969.389,5831.766,13358.74,1979.789,5731.375,13154,1989.36,5680.647,13235.57,2042.597,5651.334
13094.14,1983.353,5592.564,13116.77,1950.195,5905.391,13212.28,1980.544,5866.382,12964.4,1976.692,5670.777,13360.66,2022.614,5823.777,12980.19,2012.767,5768.404,12888,1973.057,5601.655,13317.32,1984.858,5640.111,13257.6,1977.858,5724.514,12995.32,2009.544,5579.539,13309.34,1963.221,5888.684,13048.75,1969.389,5831.647,13358.94,1979.789,5731.319,13154.21,1989.36,5680.686,13235.77,2042.597,5651.28
13094.34,1983.353,5592.617,13116.95,1950.195,5905.288,13212.48,1980.544,5866.306,12964.6,1976.692,5670.717,13360.86,2022.614,5823.709,12980.36,2012.767,5768.281,12888.13,1973.057,5601.814,13317.52,1984.858,5640.067,13257.78,1977.858,5724.417,12995.52,2009.544,5579.592,13309.54,1963.221,5888.607,13048.93,1969.389,5831.535,13359.14,1979.789,5731.263,13154.41,1989.36,5680.718,13235.97,2042.597,5651.227
13094.54,1983.353,5592.672,13117.12,1950.195,5905.172,13212.67,1980.544,5866.223,12964.8,1976.692,5670.665,13361.05,2022.614,5823.646,12980.53,2012.767,5768.163,12888.27,1973.057,5601.969,13317.72,1984.858,5640.016,13257.97,1977.858,5724.328,12995.73,2009.544,5579.643,13309.73,1963.221,5888.542,13049.1,1969.389,5831.416,13359.34,1979.789,5731.2,13154.62,1989.36,5680.765,13236.18,2042.597,5651.181
13094.74,1983.353,5592.748,13117.3,1950.195,5905.062,13212.86,1980.544,5866.143,12965.01,1976.692,5670.618,13361.25,2022.614,5823.576,12980.71,2012.767,5768.051,12888.42,1973.057,5602.119,13317.92,1984.858,5639.958,13258.16,1977.858,5724.232,12995.93,2009.544,5579.692,13309.93,1963.221,5888.469,13049.27,1969.389,5831.303,13359.54,1979.789,5731.156,13154.82,1989.36,5680.806,13236.38,2042.597,5651.142
13094.93,1983.353,5592.818,13117.46,1950.195,5904.934,13213.06,1980.544,5866.071,12965.21,1976.692,5670.579,13361.45,2022.614,5823.51,12980.89,2012.767,5767.945,12888.57,1973.057,5602.264,13318.12,1984.858,5639.894,13258.34,1977.858,5724.136,12996.13,2009.544,5579.743,13310.13,1963.221,5888.401,13049.45,1969.389,5831.192,13359.74,1979.789,5731.104,13155.02,1989.36,5680.843,13236.58,2042.597,5651.096
13095.13,1983.353,5592.887,13117.63,1950.195,5904.811,13213.25,1980.544,5865.992,12965.42,1976.692,5670.546,13361.65,2022.614,5823.454,12981.07,2012.767,5767.844,12888.72,1973.057,5602.405,13318.32,1984.858,5639.823,13258.53,1977.858,5724.044,12996.33,2009.544,5579.796,13310.32,1963.221,5888.328,13049.64,1969.389,5831.104,13359.94,1979.789,5731.047,13155.23,1989.36,5680.882,13236.79,2042.597,5651.045
13095.33,1983.353,5592.95,13117.8,1950.195,5904.693,13213.44,1980.544,5865.907,12965.63,1976.692,5670.52,13361.85,2022.614,5823.391,12981.25,2012.767,5767.749,12888.88,1973.057,5602.541,13318.52,1984.858,5639.772,13258.72,1977.858,5723.958,12996.53,2009.544,5579.851,13310.52,1963.221,5888.267,13049.83,1969.389,5831.011,13360.14,1979.789,5730.982,13155.44,1989.36,5680.915,13236.99,2042.597,5650.989
13095.52,1983.353,5593.015,13117.98,1950.195,5904.582,13213.63,1980.544,5865.816,12965.83,1976.692,5670.5,13362.05,2022.614,5823.341,12981.44,2012.767,5767.66,12889.04,1973.057,5602.671,13318.72,1984.858,5639.714,13258.91,1977.858,5723.875,12996.73,2009.544,5579.907,13310.72,1963.221,5888.2,13050.01,1969.389,5830.912,13360.34,1979.789,5730.912,13155.64,1989.36,5680.942,13237.19,2042.597,5650.928
13095.72,1983.353,5593.074,13118.16,1950.195,5904.476,13213.81,1980.544,5865.719,12966.04,1976.692,5670.487,13362.25,2022.614,5823.285,12981.63,2012.767,5767.573,12889.21,1973.057,5602.796,13318.92,1984.858,5639.65,13259.1,1977.858,5723.798,12996.93,2009.544,5579.965,13310.91,1963.221,5888.127,13050.19,1969.389,5830.806,13360.53,1979.789,5730.834,13155.85,1989.36,5680.966,13237.38,2042.597,5650.862
13095.92,1983.353,5593.135,13118.34,1950.195,5904.364,13213.99,1980.544,5865.616,12966.25,1976.692,5670.481,13362.45,2022.614,5823.222,12981.83,2012.767,5767.492,12889.38,1973.057,5602.916,13319.11,1984.858,5639.58,13259.3,1977.858,5723.726,12997.13,2009.544,5580.026,13311.11,1963.221,5888.053,13050.37,1969.389,5830.707,13360.72,1979.789,5730.754,13156.06,1989.36,5680.987,13237.58,2042.597,5650.792
13096.12,1983.353,5593.2,13118.52,1950.195,5904.258,13214.18,1980.544,5865.525,12966.46,1976.692,5670.482,13362.64,2022.614,5823.152,12982.02,2012.767,5767.418,12889.55,1973.057,5603.03,13319.31,1984.858,5639.503,13259.49,1977.858,5723.658,12997.33,2009.544,5580.089,13311.3,1963.221,5887.972,13050.56,1969.389,5830.623,13360.9,1979.789,5730.649,13156.26,1989.36,5681.005,13237.77,2042.597,5650.716
13096.32,1983.353,5593.259,13118.7,1950.195,5904.158,13214.37,1980.544,5865.431,12966.66,1976.692,5670.49,13362.84,2022.614,5823.077,12982.22,2012.767,5767.35,12889.73,1973.057,5603.138,13319.5,1984.858,5639.421,13259.69,1977.858,5723.596,12997.53,2009.544,5580.155,13311.49,1963.221,5887.885,13050.75,1969.389,5830.532,13361.09,1979.789,5730.546,13156.47,1989.36,5681.024,13237.97,2042.597,5650.635
13096.52,1983.353,5593.323,13118.88,1950.195,5904.064,13214.55,1980.544,5865.331,12966.87,1976.692,5670.493,13363.03,2022.614,5822.995,12982.42,2012.767,5767.289,12889.91,1973.057,5603.241,13319.69,1984.858,5639.34,13259.89,1977.858,5723.538,12997.72,2009.544,5580.223,13311.68,1963.221,5887.792,13050.93,1969.389,5830.424,13361.27,1979.789,5730.449,13156.68,1989.36,5681.039,13238.16,2042.597,5650.55
13096.72,1983.353,5593.381,13119.08,1950.195,5903.985,13214.73,1980.544,5865.233,12967.08,1976.692,5670.502,13363.22,2022.614,5822.906,12982.62,2012.767,5767.234,12890.1,1973.057,5603.338,13319.89,1984.858,5639.274,13260.09,1977.858,5723.485,12997.92,2009.544,5580.294,13311.86,1963.221,5887.699,13051.11,1969.389,5830.322,13361.46,1979.789,5730.358,13156.89,1989.36,5681.056,13238.34,2042.597,5650.46
13096.92,1983.353,5593.433,13119.27,1950.195,5903.91,13214.92,1980.544,5865.141,12967.29,1976.692,5670.518,13363.4,2022.614,5822.812,12982.82,2012.767,5767.186,12890.28,1973.057,5603.43,13320.08,1984.858,5639.202,13260.3,1977.858,5723.438,12998.11,2009.544,5580.368,13312.05,1963.221,5887.609,13051.29,1969.389,5830.226,13361.65,1979.789,5730.274,13157.09,1989.36,5681.07,13238.53,2042.597,5650.365
13097.13,1983.353,5593.485,13119.46,1950.195,5903.829,13215.1,1980.544,5865.042,12967.5,1976.692,5670.541,13363.6,2022.614,5822.741,12983.01,2012.767,5767.109,12890.47,1973.057,5603.515,13320.28,1984.858,5639.133,13260.5,1977.858,5723.383,12998.31,2009.544,5580.443,13312.23,1963.221,5887.513,13051.48,1969.389,5830.136,13361.83,1979.789,5730.176,13157.3,1989.36,5681.085,13238.72,2042.597,5650.277
13097.33,1983.353,5593.53,13119.65,1950.195,5903.741,13215.29,1980.544,5864.95,12967.7,1976.692,5670.57,13363.79,2022.614,5822.664,12983.21,2012.767,5767.039,12890.67,1973.057,5603.595,13320.48,1984.858,5639.059,13260.7,1977.858,5723.322,12998.5,2009.544,5580.521,13312.42,1963.221,5887.42,13051.67,1969.389,5830.053,13362.02,1979.789,5730.084,13157.51,1989.36,5681.098,13238.91,2042.597,5650.195
13097.53,1983.353,5593.583,13119.84,1950.195,5903.646,13215.48,1980.544,5864.856,12967.91,1976.692,5670.592,13363.98,2022.614,5822.581,12983.41,2012.767,5766.975,12890.86,1973.057,5603.668,13320.67,1984.858,5638.978,13260.89,1977.858,5723.255,12998.69,2009.544,5580.602,13312.6,1963.221,5887.322,13051.86,1969.389,5829.975,13362.21,1979.789,5729.997,13157.72,1989.36,5681.113,13239.1,2042.597,5650.119
13097.73,1983.353,5593.628,13120.03,1950.195,5903.559,13215.66,1980.544,5864.757,12968.12,1976.692,5670.586,13364.18,2022.614,5822.505,12983.61,2012.767,5766.917,12891.06,1973.057,5603.736,13320.86,1984.858,5638.903,13261.09,1977.858,5723.181,12998.89,2009.544,5580.684,13312.79,1963.221,5887.229,13052.05,1969.389,5829.892,13362.38,1979.789,5729.883,13157.92,1989.36,5681.128,13239.3,2042.597,5650.047
13097.94,1983.353,5593.678,13120.22,1950.195,5903.475,13215.83,1980.544,5864.63,12968.32,1976.692,5670.586,13364.37,2022.614,5822.424,12983.81,2012.767,5766.862,12891.26,1973.057,5603.798,13321.05,1984.858,5638.822,13261.28,1977.858,5723.101,12999.08,2009.544,5580.764,13312.97,1963.221,5887.13,13052.25,1969.389,5829.814,13362.56,1979.789,5729.775,13158.13,1989.36,5681.144,13239.5,2042.597,5649.982
13098.14,1983.353,5593.722,13120.4,1950.195,5903.385,13216,1980.544,5864.509,12968.53,1976.692,5670.594,13364.56,2022.614,5822.336,12984.01,2012.767,5766.813,12891.46,1973.057,5603.854,13321.24,1984.858,5638.735,13261.47,1977.858,5723.015,12999.27,2009.544,5580.844,13313.15,1963.221,5887.026,13052.44,1969.389,5829.723,13362.74,1979.789,5729.673,13158.34,1989.36,5681.148,13239.69,2042.597,5649.916
13098.34,1983.353,5593.768,13120.59,1950.195,5903.298,13216.17,1980.544,5864.394,12968.74,1976.692,5670.608,13364.74,2022.614,5822.242,12984.21,2012.767,5766.737,12891.66,1973.057,5603.903,13321.44,1984.858,5638.659,13261.66,1977.858,5722.923,12999.46,2009.544,5580.924,13313.33,1963.221,5886.916,13052.63,1969.389,5829.638,13362.93,1979.789,5729.577,13158.55,1989.36,5681.151,13239.89,2042.597,5649.847
13098.55,1983.353,5593.806,13120.78,1950.195,5903.205,13216.33,1980.544,5864.263,12968.95,1976.692,5670.629,13364.93,2022.614,5822.157,12984.4,2012.767,5766.667,12891.87,1973.057,5603.946,13321.63,1984.858,5638.577,13261.84,1977.858,5722.825,12999.66,2009.544,5581.004,13313.52,1963.221,5886.825,13052.81,1969.389,5829.537,13363.11,1979.789,5729.487,13158.75,1989.36,5681.151,13240.08,2042.597,5649.759
13098.75,1983.353,5593.831,13120.96,1950.195,5903.109,13216.5,1980.544,5864.134,12969.16,1976.692,5670.643,13365.12,2022.614,5822.065,12984.6,2012.767,5766.604,12892.07,1973.057,5603.984,13321.82,1984.858,5638.489,13262.02,1977.858,5722.721,12999.85,2009.544,5581.084,13313.7,1963.221,5886.729,13052.99,1969.389,5829.443,13363.3,1979.789,5729.391,13158.96,1989.36,5681.156,13240.27,2042.597,5649.678
13098.96,1983.353,5593.863,13121.15,1950.195,5903.009,13216.66,1980.544,5864.011,12969.36,1976.692,5670.658,13365.3,2022.614,5821.967,12984.8,2012.767,5766.547,12892.28,1973.057,5604.017,13322.01,1984.858,5638.416,13262.21,1977.858,5722.621,13000.04,2009.544,5581.164,13313.88,1963.221,5886.626,13053.18,1969.389,5829.346,13363.48,1979.789,5729.289,13159.17,1989.36,5681.16,13240.46,2042.597,5649.592
13099.17,1983.353,5593.871,13121.33,1950.195,5902.903,13216.83,1980.544,5863.885,12969.57,1976.692,5670.68,13365.49,2022.614,5821.88,12985,2012.767,5766.473,12892.48,1973.057,5604.043,13322.21,1984.858,5638.337,13262.39,1977.858,5722.526,13000.23,2009.544,5581.242,13314.06,1963.221,5886.518,13053.37,1969.389,5829.254,13363.66,1979.789,5729.18,13159.38,1989.36,5681.165,13240.65,2042.597,5649.501
13099.38,1983.353,5593.885,13121.51,1950.195,5902.798,13217,1980.544,5863.765,12969.78,1976.692,5670.719,13365.68,2022.614,5821.786,12985.19,2012.767,5766.404,12892.69,1973.057,5604.065,13322.4,1984.858,5638.252,13262.58,1977.858,5722.436,13000.43,2009.544,5581.318,13314.24,1963.221,5886.41,13053.56,1969.389,5829.181,13363.84,1979.789,5729.078,13159.59,1989.36,5681.164,13240.83,2042.597,5649.406
13099.58,1983.353,5593.906,13121.68,1950.195,5902.682,13217.16,1980.544,5863.631,12969.98,1976.692,5670.75,13365.86,2022.614,5821.687,12985.39,2012.767,5766.342,12892.9,1973.057,5604.083,13322.58,1984.858,5638.161,13262.77,1977.858,5722.35,13000.62,2009.544,5581.395,13314.42,1963.221,5886.308,13053.75,1969.389,5829.101,13364.02,1979.789,5728.981,13159.79,1989.36,5681.159,13241.02,2042.597,5649.306
13099.79,1983.353,5593.934,13121.84,1950.195,5902.551,13217.31,1980.544,5863.487,12970.19,1976.692,5670.775,13366.05,2022.614,5821.591,12985.59,2012.767,5766.287,12893.11,1973.057,5604.1,13322.77,1984.858,5638.063,13262.96,1977.858,5722.269,13000.81,2009.544,5581.472,13314.6,1963.221,5886.199,13053.94,1969.389,5829.014,13364.21,1979.789,5728.89,13160,1989.36,5681.155,13241.2,2042.597,5649.201
13100,1983.353,5593.96,13122.01,1950.195,5902.426,13217.45,1980.544,5863.337,12970.39,1976.692,5670.807,13366.23,2022.614,5821.489,12985.79,2012.767,5766.218,12893.31,1973.057,5604.112,13322.95,1984.858,5637.96,13263.15,1977.858,5722.181,13001.01,2009.544,5581.542,13314.77,1963.221,5886.085,13054.13,1969.389,5828.922,13364.4,1979.789,5728.806,13160.21,1989.36,5681.151,13241.38,2042.597,5649.103
13100.2,1983.353,5593.994,13122.18,1950.195,5902.309,13217.6,1980.544,5863.191,12970.6,1976.692,5670.844,13366.41,2022.614,5821.382,12985.99,2012.767,5766.156,12893.52,1973.057,5604.121,13323.13,1984.858,5637.851,13263.33,1977.858,5722.088,13001.21,2009.544,5581.607,13314.94,1963.221,5885.965,13054.32,1969.389,5828.829,13364.59,1979.789,5728.728,13160.42,1989.36,5681.149,13241.57,2042.597,5649.01
13100.41,1983.353,5594.021,13122.35,1950.195,5902.187,13217.75,1980.544,5863.051,12970.8,1976.692,5670.888,13366.58,2022.614,5821.269,12986.19,2012.767,5766.101,12893.73,1973.057,5604.128,13323.31,1984.858,5637.747,13263.52,1977.858,5721.988,13001.41,2009.544,5581.666,13315.11,1963.221,5885.845,13054.5,1969.389,5828.73,13364.79,1979.789,5728.643,13160.63,1989.36,5681.138,13241.76,2042.597,5648.924
13100.62,1983.353,5594.043,13122.51,1950.195,5902.06,13217.9,1980.544,5862.898,12971,1976.692,5670.938,13366.76,2022.614,5821.158,12986.39,2012.767,5766.052,12893.94,1973.057,5604.135,13323.49,1984.858,5637.65,13263.7,1977.858,5721.883,13001.61,2009.544,5581.718,13315.28,1963.221,5885.722,13054.69,1969.389,5828.638,13364.97,1979.789,5728.557,13160.83,1989.36,5681.132,13241.95,2042.597,5648.844
13100.83,1983.353,5594.037,13122.67,1950.195,5901.927,13218.04,1980.544,5862.746,12971.21,1976.692,5670.995,13366.93,2022.614,5821.043,12986.59,2012.767,5766.01,12894.15,1973.057,5604.141,13323.68,1984.858,5637.559,13263.88,1977.858,5721.782,13001.81,2009.544,5581.764,13315.45,1963.221,5885.595,13054.87,1969.389,5828.539,13365.16,1979.789,5728.464,13161.04,1989.36,5681.131,13242.14,2042.597,5648.759
13101.03,1983.353,5594.038,13122.82,1950.195,5901.777,13218.19,1980.544,5862.599,12971.4,1976.692,5671.058,13367.11,2022.614,5820.931,12986.8,2012.767,5765.956,12894.35,1973.057,5604.148,13323.86,1984.858,5637.461,13264.06,1977.858,5721.686,13002.02,2009.544,5581.803,13315.61,1963.221,5885.462,13055.06,1969.389,5828.446,13365.34,1979.789,5728.365,13161.25,1989.36,5681.125,13242.33,2042.597,5648.669
13101.24,1983.353,5594.025,13122.97,1950.195,5901.632,13218.33,1980.544,5862.447,12971.6,1976.692,5671.127,13367.29,2022.614,5820.823,12987,2012.767,5765.908,12894.56,1973.057,5604.156,13324.04,1984.858,5637.358,13264.25,1977.858,5721.594,13002.22,2009.544,5581.836,13315.76,1963.221,5885.324,13055.24,1969.389,5828.348,13365.53,1979.789,5728.272,13161.46,1989.36,5681.128,13242.51,2042.597,5648.575
13101.45,1983.353,5594.02,13123.12,1950.195,5901.49,13218.48,1980.544,5862.299,12971.79,1976.692,5671.202,13367.46,2022.614,5820.709,12987.2,2012.767,5765.867,12894.77,1973.057,5604.166,13324.21,1984.858,5637.238,13264.44,1977.858,5721.507,13002.43,2009.544,5581.863,13315.92,1963.221,5885.181,13055.42,1969.389,5828.243,13365.71,1979.789,5728.173,13161.66,1989.36,5681.125,13242.7,2042.597,5648.477
13101.66,1983.353,5594.004,13123.28,1950.195,5901.354,13218.62,1980.544,5862.147,12971.99,1976.692,5671.283,13367.63,2022.614,5820.59,12987.41,2012.767,5765.821,12894.98,1973.057,5604.177,13324.39,1984.858,5637.124,13264.63,1977.858,5721.425,13002.64,2009.544,5581.884,13316.05,1963.221,5885.022,13055.6,1969.389,5828.138,13365.89,1979.789,5728.067,13161.87,1989.36,5681.139,13242.88,2042.597,5648.374
13101.87,1983.353,5593.996,13123.42,1950.195,5901.199,13218.76,1980.544,5861.991,12972.18,1976.692,5671.357,13367.8,2022.614,5820.465,12987.61,2012.767,5765.782,12895.19,1973.057,5604.19,13324.57,1984.858,5637.015,13264.82,1977.858,5721.337,13002.84,2009.544,5581.91,13316.19,1963.221,5884.869,13055.77,1969.389,5828.019,13366.07,1979.789,5727.958,13162.08,1989.36,5681.147,13243.06,2042.597,5648.276
13102.07,1983.353,5593.994,13123.56,1950.195,5901.049,13218.89,1980.544,5861.83,12972.38,1976.692,5671.426,13367.96,2022.614,5820.334,12987.81,2012.767,5765.729,12895.39,1973.057,5604.205,13324.75,1984.858,5636.912,13265.01,1977.858,5721.242,13003.05,2009.544,5581.941,13316.34,1963.221,5884.719,13055.94,1969.389,5827.903,13366.26,1979.789,5727.86,13162.29,1989.36,5681.148,13243.25,2042.597,5648.185
13102.28,1983.353,5593.998,13123.7,1950.195,5900.897,13219.03,1980.544,5861.673,12972.58,1976.692,5671.487,13368.13,2022.614,5820.212,12988.01,2012.767,5765.666,12895.6,1973.057,5604.219,13324.93,1984.858,5636.815,13265.19,1977.858,5721.142,13003.26,2009.544,5581.977,13316.48,1963.221,5884.565,13056.1,1969.389,5827.768,13366.45,1979.789,5727.772,13162.5,1989.36,5681.144,13243.44,2042.597,5648.1
13102.49,1983.353,5594.009,13123.83,1950.195,5900.732,13219.17,1980.544,5861.526,12972.78,1976.692,5671.542,13368.3,2022.614,5820.085,12988.21,2012.767,5765.609,12895.81,1973.057,5604.233,13325.12,1984.858,5636.724,13265.37,1977.858,5721.045,13003.46,2009.544,5582.018,13316.62,1963.221,5884.416,13056.26,1969.389,5827.637,13366.63,1979.789,5727.679,13162.7,1989.36,5681.139,13243.63,2042.597,5648.01
13102.7,1983.353,5594.027,13123.96,1950.195,5900.571,13219.33,1980.544,5861.384,12972.98,1976.692,5671.591,13368.46,2022.614,5819.952,12988.41,2012.767,5765.559,12896.02,1973.057,5604.247,13325.3,1984.858,5636.627,13265.56,1977.858,5720.954,13003.66,2009.544,5582.063,13316.77,1963.221,5884.271,13056.42,1969.389,5827.495,13366.81,1979.789,5727.579,13162.91,1989.36,5681.133,13243.81,2042.597,5647.916
13102.91,1983.353,5594.041,13124.1,1950.195,5900.415,13219.47,1980.544,5861.237,12973.18,1976.692,5671.633,13368.6,2022.614,5819.802,12988.61,2012.767,5765.501,12896.23,1973.057,5604.258,13325.49,1984.858,5636.524,13265.75,1977.858,5720.867,13003.87,2009.544,5582.113,13316.94,1963.221,5884.149,13056.57,1969.389,5827.358,13366.99,1979.789,5727.473,13163.12,1989.36,5681.128,13244,2042.597,5647.817
13103.11,1983.353,5594.062,13124.23,1950.195,5900.255,13219.63,1980.544,5861.095,12973.39,1976.692,5671.668,13368.75,2022.614,5819.656,12988.81,2012.767,5765.428,12896.43,1973.057,5604.267,13325.67,1984.858,5636.428,13265.94,1977.858,5720.774,13004.07,2009.544,5582.167,13317.11,1963.221,5884.022,13056.74,1969.389,5827.227,13367.17,1979.789,5727.362,13163.33,1989.36,5681.123,13244.18,2042.597,5647.718
13103.32,1983.353,5594.073,13124.37,1950.195,5900.1,13219.79,1980.544,5860.971,12973.6,1976.692,5671.696,13368.9,2022.614,5819.516,12989.01,2012.767,5765.361,12896.64,1973.057,5604.274,13325.86,1984.858,5636.333,13266.12,1977.858,5720.675,13004.27,2009.544,5582.223,13317.27,1963.221,5883.889,13056.9,1969.389,5827.1,13367.34,1979.789,5727.25,13163.53,1989.36,5681.115,13244.37,2042.597,5647.625
13103.53,1983.353,5594.088,13124.52,1950.195,5899.949,13219.96,1980.544,5860.841,12973.8,1976.692,5671.718,13369.06,2022.614,5819.38,12989.21,2012.767,5765.3,12896.85,1973.057,5604.279,13326.04,1984.858,5636.232,13266.3,1977.858,5720.57,13004.47,2009.544,5582.281,13317.42,1963.221,5883.751,13057.07,1969.389,5826.979,13367.53,1979.789,5727.16,13163.74,1989.36,5681.108,13244.56,2042.597,5647.538
13103.74,1983.353,5594.11,13124.67,1950.195,5899.803,13220.11,1980.544,5860.707,12974.01,1976.692,5671.747,13369.22,2022.614,5819.25,12989.41,2012.767,5765.246,12897.06,1973.057,5604.282,13326.21,1984.858,5636.114,13266.48,1977.858,5720.47,13004.67,2009.544,5582.34,13317.58,1963.221,5883.617,13057.25,1969.389,5826.864,13367.72,1979.789,5727.063,13163.95,1989.36,5681.105,13244.75,2042.597,5647.446
13103.97,1983.353,5594.144,13124.84,1950.195,5899.64,13220.29,1980.544,5860.545,12974.25,1976.692,5671.782,13369.42,2022.614,5819.105,12989.64,2012.767,5765.173,12897.3,1973.057,5604.283,13326.41,1984.858,5635.984,13266.7,1977.858,5720.359,13004.9,2009.544,5582.411,13317.78,1963.221,5883.48,13057.45,1969.389,5826.737,13367.93,1979.789,5726.944,13164.19,1989.36,5681.104,13244.96,2042.597,5647.335
13104.25,1983.353,5594.152,13125.06,1950.195,5899.457,13220.47,1980.544,5860.331,12974.53,1976.692,5671.814,13369.65,2022.614,5818.944,12989.91,2012.767,5765.097,12897.58,1973.057,5604.283,13326.63,1984.858,5635.811,13266.95,1977.858,5720.236,13005.17,2009.544,5582.497,13318.01,1963.221,5883.313,13057.69,1969.389,5826.597,13368.17,1979.789,5726.798,13164.47,1989.36,5681.104,13245.21,2042.597,5647.199
13104.46,1983.353,5594.165,13125.21,1950.195,5899.321,13220.61,1980.544,5860.176,12974.73,1976.692,5671.845,13369.81,2022.614,5818.819,12990.1,2012.767,5765.034,12897.79,1973.057,5604.281,13326.8,1984.858,5635.68,13267.14,1977.858,5720.15,13005.37,2009.544,5582.555,13318.17,1963.221,5883.183,13057.88,1969.389,5826.5,13368.34,1979.789,5726.684,13164.68,1989.36,5681.099,13245.38,2042.597,5647.094
13105.04,1983.353,5594.22,13125.66,1950.195,5898.956,13221.02,1980.544,5859.759,12975.3,1976.692,5671.947,13370.32,2022.614,5818.538,12990.66,2012.767,5764.876,12898.37,1973.057,5604.276,13327.26,1984.858,5635.333,13267.66,1977.858,5719.892,13005.93,2009.544,5582.698,13318.61,1963.221,5882.808,13058.4,1969.389,5826.238,13368.85,1979.789,5726.403,13165.26,1989.36,5681.078,13245.9,2042.597,5646.817
13105.34,1983.353,5594.209,13125.9,1950.195,5898.776,13221.22,1980.544,5859.543,12975.59,1976.692,5672.008,13370.58,2022.614,5818.385,12990.95,2012.767,5764.784,12898.66,1973.057,5604.273,13327.5,1984.858,5635.157,13267.92,1977.858,5719.751,13006.22,2009.544,5582.762,13318.82,1963.221,5882.596,13058.66,1969.389,5826.096,13369.1,1979.789,5726.251,13165.55,1989.36,5681.055,13246.16,2042.597,5646.685
13105.81,1983.353,5594.208,13126.27,1950.195,5898.479,13221.56,1980.544,5859.209,12976.05,1976.692,5672.12,13370.98,2022.614,5818.129,12991.4,2012.767,5764.65,12899.14,1973.057,5604.271,13327.89,1984.858,5634.89,13268.33,1977.858,5719.513,13006.68,2009.544,5582.85,13319.16,1963.221,5882.269,13059.08,1969.389,5825.883,13369.5,1979.789,5725.996,13166.03,1989.36,5681.026,13246.58,2042.597,5646.456
13106.37,1983.353,5594.224,13126.71,1950.195,5898.143,13221.97,1980.544,5858.83,12976.59,1976.692,5672.268,13371.46,2022.614,5817.853,12991.94,2012.767,5764.511,12899.69,1973.057,5604.273,13328.36,1984.858,5634.591,13268.8,1977.858,5719.218,13007.23,2009.544,5582.936,13319.55,1963.221,5881.871,13059.59,1969.389,5825.67,13369.97,1979.789,5725.693,13166.58,1989.36,5680.984,13247.07,2042.597,5646.202
13106.98,1983.353,5594.231,13127.21,1950.195,5897.792,13222.42,1980.544,5858.431,12977.17,1976.692,5672.448,13371.98,2022.614,5817.534,12992.53,2012.767,5764.378,12900.3,1973.057,5604.279,13328.84,1984.858,5634.21,13269.33,1977.858,5718.909,13007.84,2009.544,5583.012,13319.99,1963.221,5881.45,13060.15,1969.389,5825.42,13370.44,1979.789,5725.311,13167.18,1989.36,5680.953,13247.61,2042.597,5645.913
13107.64,1983.353,5594.228,13127.77,1950.195,5897.426,13222.94,1980.544,5858.011,12977.81,1976.692,5672.625,13372.53,2022.614,5817.167,12993.19,2012.767,5764.252,12900.96,1973.057,5604.292,13329.37,1984.858,5633.81,13269.91,1977.858,5718.585,13008.49,2009.544,5583.111,13320.48,1963.221,5880.999,13060.76,1969.389,5825.157,13370.92,1979.789,5724.852,13167.85,1989.36,5680.917,13248.18,2042.597,5645.582
13108.32,1983.353,5594.15,13128.35,1950.195,5897.067,13223.49,1980.544,5857.595,12978.48,1976.692,5672.789,13373.09,2022.614,5816.769,12993.86,2012.767,5764.144,12901.65,1973.057,5604.31,13329.91,1984.858,5633.394,13270.51,1977.858,5718.265,13009.17,2009.544,5583.229,13320.98,1963.221,5880.526,13061.35,1969.389,5824.805,13371.43,1979.789,5724.389,13168.53,1989.36,5680.875,13248.77,2042.597,5645.225
13109.24,1983.353,5594.078,13129.17,1950.195,5896.658,13224.26,1980.544,5857.101,12979.37,1976.692,5672.979,13373.82,2022.614,5816.216,12994.77,2012.767,5764.026,12902.56,1973.057,5604.333,13330.57,1984.858,5632.762,13271.33,1977.858,5717.86,13010.07,2009.544,5583.396,13321.66,1963.221,5879.918,13062.15,1969.389,5824.363,13372.09,1979.789,5723.754,13169.44,1989.36,5680.795,13249.54,2042.597,5644.731
13110.28,1983.353,5594.028,13130.14,1950.195,5896.268,13225.12,1980.544,5856.506,12980.4,1976.692,5673.167,13374.63,2022.614,5815.555,12995.81,2012.767,5763.924,12903.61,1973.057,5604.357,13331.35,1984.858,5632.063,13272.25,1977.858,5717.365,13011.09,2009.544,5583.599,13322.44,1963.221,5879.217,13063.08,1969.389,5823.886,13372.86,1979.789,5723.051,13170.48,1989.36,5680.752,13250.44,2042.597,5644.194
13110.76,1983.353,5594.021,13130.58,1950.195,5896.076,13225.52,1980.544,5856.249,12980.87,1976.692,5673.238,13374.99,2022.614,5815.243,12996.29,2012.767,5763.892,12904.09,1973.057,5604.366,13331.72,1984.858,5631.757,13272.67,1977.858,5717.126,13011.56,2009.544,5583.696,13322.8,1963.221,5878.91,13063.51,1969.389,5823.683,13373.23,1979.789,5722.744,13170.96,1989.36,5680.729,13250.85,2042.597,5643.964
13112.06,1983.353,5593.996,13131.79,1950.195,5895.588,13226.64,1980.544,5855.579,12982.17,1976.692,5673.394,13375.85,2022.614,5814.261,12997.59,2012.767,5763.817,12905.39,1973.057,5604.382,13332.75,1984.858,5630.951,13273.77,1977.858,5716.436,13012.83,2009.544,5583.973,13323.83,1963.221,5878.101,13064.71,1969.389,5823.161,13374.2,1979.789,5721.869,13172.26,1989.36,5680.706,13252.02,2042.597,5643.369
13112.71,1983.353,5594.004,13132.38,1950.195,5895.329,13227.22,1980.544,5855.305,12982.81,1976.692,5673.451,13376.29,2022.614,5813.792,12998.23,2012.767,5763.788,12906.03,1973.057,5604.385,13333.26,1984.858,5630.57,13274.31,1977.858,5716.078,13013.46,2009.544,5584.112,13324.33,1963.221,5877.706,13065.3,1969.389,5822.921,13374.69,1979.789,5721.454,13172.9,1989.36,5680.679,13252.57,2042.597,5643.036
13114.1,1983.353,5593.965,13133.64,1950.195,5894.724,13228.46,1980.544,5854.67,12984.21,1976.692,5673.533,13377.25,2022.614,5812.772,12999.63,2012.767,5763.74,12907.43,1973.057,5604.378,13334.42,1984.858,5629.781,13275.49,1977.858,5715.329,13014.82,2009.544,5584.42,13325.46,1963.221,5876.884,13066.61,1969.389,5822.438,13375.68,1979.789,5720.471,13174.3,1989.36,5680.595,13253.74,2042.597,5642.283
13115.52,1983.353,5593.873,13134.94,1950.195,5894.15,13229.71,1980.544,5853.981,12985.63,1976.692,5673.617,13378.22,2022.614,5811.731,13001.05,2012.767,5763.708,12908.85,1973.057,5604.357,13335.57,1984.858,5628.948,13276.71,1977.858,5714.596,13016.22,2009.544,5584.691,13326.59,1963.221,5876.021,13067.96,1969.389,5821.983,13376.72,1979.789,5719.503,13175.71,1989.36,5680.463,13254.92,2042.597,5641.491
13116.44,1983.353,5593.843,13135.76,1950.195,5893.752,13230.51,1980.544,5853.534,12986.54,1976.692,5673.671,13378.82,2022.614,5811.043,13001.97,2012.767,5763.698,12909.77,1973.057,5604.335,13336.3,1984.858,5628.393,13277.47,1977.858,5714.088,13017.13,2009.544,5584.838,13327.34,1963.221,5875.482,13068.84,1969.389,5821.715,13377.42,1979.789,5718.902,13176.62,1989.36,5680.349,13255.68,2042.597,5640.967
13117.16,1983.353,5593.843,13136.4,1950.195,5893.413,13231.13,1980.544,5853.164,12987.26,1976.692,5673.713,13379.32,2022.614,5810.521,13002.68,2012.767,5763.699,12910.49,1973.057,5604.314,13336.86,1984.858,5627.944,13278.08,1977.858,5713.706,13017.84,2009.544,5584.932,13327.9,1963.221,5875.042,13069.53,1969.389,5821.524,13377.98,1979.789,5718.449,13177.33,1989.36,5680.235,13256.26,2042.597,5640.547
13117.68,1983.353,5593.826,13136.87,1950.195,5893.181,13231.56,1980.544,5852.88,12987.78,1976.692,5673.745,13379.66,2022.614,5810.123,13003.21,2012.767,5763.707,12911.01,1973.057,5604.296,13337.26,1984.858,5627.608,13278.5,1977.858,5713.398,13018.36,2009.544,5584.983,13328.31,1963.221,5874.708,13070.04,1969.389,5821.4,13378.39,1979.789,5718.133,13177.85,1989.36,5680.136,13256.68,2042.597,5640.234
13119.26,1983.353,5593.983,13138.31,1950.195,5892.521,13232.92,1980.544,5852.055,12989.37,1976.692,5673.839,13380.73,2022.614,5808.947,13004.79,2012.767,5763.749,12912.6,1973.057,5604.234,13338.45,1984.858,5626.558,13279.76,1977.858,5712.427,13019.95,2009.544,5585.092,13329.65,1963.221,5873.852,13071.58,1969.389,5821,13379.69,1979.789,5717.213,13179.4,1989.36,5679.784,13257.93,2042.597,5639.259
13120.96,1983.353,5594.096,13139.88,1950.195,5891.865,13234.41,1980.544,5851.218,12991.07,1976.692,5673.941,13381.91,2022.614,5807.725,13006.5,2012.767,5763.815,12914.3,1973.057,5604.163,13339.71,1984.858,5625.403,13281.14,1977.858,5711.432,13021.65,2009.544,5585.156,13331.05,1963.221,5872.888,13073.22,1969.389,5820.546,13381.11,1979.789,5716.273,13181.04,1989.36,5679.352,13259.26,2042.597,5638.189
13121.81,1983.353,5594.125,13140.68,1950.195,5891.562,13235.1,1980.544,5850.723,12991.92,1976.692,5673.993,13382.53,2022.614,5807.133,13007.35,2012.767,5763.86,12915.15,1973.057,5604.125,13340.32,1984.858,5624.812,13281.85,1977.858,5710.956,13022.5,2009.544,5585.162,13331.74,1963.221,5872.383,13074.04,1969.389,5820.307,13381.84,1979.789,5715.826,13181.86,1989.36,5679.108,13259.91,2042.597,5637.642
13123.06,1983.353,5594.125,13141.86,1950.195,5891.156,13236.14,1980.544,5850.032,12993.16,1976.692,5674.068,13383.45,2022.614,5806.298,13008.59,2012.767,5763.942,12916.39,1973.057,5604.068,13341.24,1984.858,5623.965,13282.91,1977.858,5710.295,13023.75,2009.544,5585.132,13332.72,1963.221,5871.612,13075.23,1969.389,5819.94,13382.88,1979.789,5715.139,13183.04,1989.36,5678.714,13260.85,2042.597,5636.823
13124.4,1983.353,5594.083,13143.14,1950.195,5890.761,13237.28,1980.544,5849.328,12994.49,1976.692,5674.149,13384.48,2022.614,5805.435,13009.92,2012.767,5764.049,12917.73,1973.057,5604.004,13342.24,1984.858,5623.077,13284.02,1977.858,5709.549,13025.08,2009.544,5585.059,13333.81,1963.221,5870.833,13076.5,1969.389,5819.526,13383.97,1979.789,5714.364,13184.3,1989.36,5678.25,13261.84,2042.597,5635.924
13125.76,1983.353,5593.995,13144.46,1950.195,5890.399,13238.44,1980.544,5848.615,12995.86,1976.692,5674.232,13385.55,2022.614,5804.587,13011.29,2012.767,5764.176,12919.09,1973.057,5603.938,13343.27,1984.858,5622.189,13285.13,1977.858,5708.751,13026.45,2009.544,5584.942,13334.89,1963.221,5870,13077.79,1969.389,5819.084,13385.13,1979.789,5713.636,13185.58,1989.36,5677.785,13262.84,2042.597,5634.987
13127.15,1983.353,5593.859,13145.82,1950.195,5890.073,13239.66,1980.544,5847.925,12997.25,1976.692,5674.317,13386.56,2022.614,5803.619,13012.68,2012.767,5764.327,12920.49,1973.057,5603.869,13344.36,1984.858,5621.302,13286.26,1977.858,5707.932,13027.83,2009.544,5584.781,13335.92,1963.221,5869.048,13079.11,1969.389,5818.612,13386.28,1979.789,5712.851,13186.9,1989.36,5677.308,13263.83,2042.597,5634.006
13128.62,1983.353,5593.667,13147.27,1950.195,5889.773,13240.86,1980.544,5847.06,12998.73,1976.692,5674.362,13387.66,2022.614,5802.631,13014.14,2012.767,5764.507,12921.97,1973.057,5603.794,13345.52,1984.858,5620.386,13287.49,1977.858,5707.106,13029.31,2009.544,5584.64,13337,1963.221,5868.038,13080.49,1969.389,5818.091,13387.56,1979.789,5712.103,13188.27,1989.36,5676.759,13264.87,2042.597,5632.948
13130.47,1983.353,5593.485,13149.1,1950.195,5889.455,13242.34,1980.544,5845.922,13000.6,1976.692,5674.363,13389.06,2022.614,5801.399,13015.99,2012.767,5764.762,12923.83,1973.057,5603.693,13347,1984.858,5619.259,13289.08,1977.858,5706.129,13031.16,2009.544,5584.492,13338.4,1963.221,5866.81,13082.23,1969.389,5817.409,13389.14,1979.789,5711.107,13189.98,1989.36,5676.01,13266.14,2042.597,5631.587
13131.5,1983.353,5593.351,13150.11,1950.195,5889.246,13243.13,1980.544,5845.268,13001.62,1976.692,5674.332,13389.85,2022.614,5800.741,13017,2012.767,5764.918,12924.85,1973.057,5603.631,13347.89,1984.858,5618.752,13290,1977.858,5705.661,13032.19,2009.544,5584.425,13339.19,1963.221,5866.157,13083.2,1969.389,5817.059,13389.99,1979.789,5710.533,13190.94,1989.36,5675.643,13266.87,2042.597,5630.859
13132.99,1983.353,5593.105,13151.58,1950.195,5888.89,13244.27,1980.544,5844.271,13003.13,1976.692,5674.24,13391.04,2022.614,5799.807,13018.49,2012.767,5765.171,12926.36,1973.057,5603.528,13349.18,1984.858,5617.965,13291.32,1977.858,5704.93,13033.7,2009.544,5584.338,13340.39,1963.221,5865.235,13084.63,1969.389,5816.584,13391.22,1979.789,5709.654,13192.33,1989.36,5675.058,13267.97,2042.597,5629.825
13134.51,1983.353,5592.873,13153.06,1950.195,5888.48,13245.39,1980.544,5843.22,13004.66,1976.692,5674.101,13392.27,2022.614,5798.891,13020,2012.767,5765.453,12927.89,1973.057,5603.409,13350.47,1984.858,5617.122,13292.67,1977.858,5704.195,13035.23,2009.544,5584.251,13341.64,1963.221,5864.337,13086.1,1969.389,5816.143,13392.44,1979.789,5708.726,13193.73,1989.36,5674.417,13269.12,2042.597,5628.811
13136.05,1983.353,5592.585,13154.56,1950.195,5888.013,13246.57,1980.544,5842.187,13006.22,1976.692,5673.911,13393.55,2022.614,5797.992,13021.54,2012.767,5765.765,12929.45,1973.057,5603.271,13351.85,1984.858,5616.387,13294.02,1977.858,5703.401,13036.79,2009.544,5584.16,13342.95,1963.221,5863.48,13087.61,1969.389,5815.734,13393.69,1979.789,5707.772,13195.22,1989.36,5673.938,13270.33,2042.597,5627.816
13137.58,1983.353,5592.169,13156.05,1950.195,5887.491,13247.79,1980.544,5841.182,13007.78,1976.692,5673.671,13394.88,2022.614,5797.121,13023.09,2012.767,5766.106,12931.03,1973.057,5603.114,13353.24,1984.858,5615.615,13295.36,1977.858,5702.554,13038.38,2009.544,5584.056,13344.25,1963.221,5862.572,13089.15,1969.389,5815.363,13394.94,1979.789,5706.8,13196.72,1989.36,5673.403,13271.59,2042.597,5626.851
13139.15,1983.353,5591.796,13157.56,1950.195,5886.909,13249.07,1980.544,5840.199,13009.39,1976.692,5673.479,13396.25,2022.614,5796.272,13024.67,2012.767,5766.422,12932.63,1973.057,5602.935,13354.62,1984.858,5614.782,13296.69,1977.858,5701.646,13039.98,2009.544,5583.923,13345.54,1963.221,5861.603,13090.73,1969.389,5815.027,13396.21,1979.789,5705.803,13198.22,1989.36,5672.809,13272.9,2042.597,5625.909
13140.75,1983.353,5591.47,13159.07,1950.195,5886.27,13250.36,1980.544,5839.185,13011.02,1976.692,5673.333,13397.62,2022.614,5795.366,13026.28,2012.767,5766.709,12934.26,1973.057,5602.742,13356.02,1984.858,5613.925,13298.02,1977.858,5700.682,13041.62,2009.544,5583.773,13346.88,1963.221,5860.663,13092.34,1969.389,5814.729,13397.53,1979.789,5704.834,13199.75,1989.36,5672.217,13274.18,2042.597,5624.88
13142.4,1983.353,5591.291,13160.61,1950.195,5885.672,13251.7,1980.544,5838.202,13012.67,1976.692,5673.149,13399,2022.614,5794.458,13027.92,2012.767,5766.966,12935.9,1973.057,5602.543,13357.4,1984.858,5613.012,13299.33,1977.858,5699.663,13043.26,2009.544,5583.618,13348.21,1963.221,5859.668,13093.97,1969.389,5814.398,13398.89,1979.789,5703.897,13201.27,1989.36,5671.567,13275.5,2042.597,5623.883
13144.24,1983.353,5591.03,13162.37,1950.195,5885.056,13253.23,1980.544,5837.148,13014.52,1976.692,5673.003,13400.53,2022.614,5793.39,13029.76,2012.767,5767.216,12937.75,1973.057,5602.312,13358.92,1984.858,5611.937,13300.76,1977.858,5698.471,13045.12,2009.544,5583.452,13349.7,1963.221,5858.556,13095.79,1969.389,5813.993,13400.46,1979.789,5702.896,13203.01,1989.36,5670.895,13277.02,2042.597,5622.812
13147.41,1983.353,5590.475,13165.44,1950.195,5884.091,13255.84,1980.544,5835.271,13017.74,1976.692,5672.855,13403.12,2022.614,5791.488,13032.96,2012.767,5767.58,12940.94,1973.057,5601.912,13361.79,1984.858,5610.483,13303.16,1977.858,5696.333,13048.32,2009.544,5583.178,13352.34,1963.221,5856.719,13098.91,1969.389,5813.235,13403.23,1979.789,5701.257,13206.04,1989.36,5669.831,13279.71,2042.597,5621.048
13147.75,1983.353,5590.404,13165.77,1950.195,5883.997,13256.13,1980.544,5835.077,13018.08,1976.692,5672.851,13403.41,2022.614,5791.29,13033.3,2012.767,5767.611,12941.28,1973.057,5601.869,13362.09,1984.858,5610.316,13303.42,1977.858,5696.11,13048.67,2009.544,5583.15,13352.62,1963.221,5856.511,13099.25,1969.389,5813.147,13403.53,1979.789,5701.084,13206.37,1989.36,5669.727,13280.01,2042.597,5620.866
13149.37,1983.353,5590.009,13167.39,1950.195,5883.599,13257.55,1980.544,5834.192,13019.75,1976.692,5672.774,13404.81,2022.614,5790.38,13034.97,2012.767,5767.728,12942.94,1973.057,5601.673,13363.53,1984.858,5609.466,13304.74,1977.858,5695.084,13050.33,2009.544,5583.021,13353.84,1963.221,5855.375,13100.85,1969.389,5812.693,13404.99,1979.789,5700.271,13207.98,1989.36,5669.278,13281.33,2042.597,5619.84
13151.02,1983.353,5589.551,13169.07,1950.195,5883.243,13258.98,1980.544,5833.251,13021.46,1976.692,5672.752,13406.27,2022.614,5789.488,13036.68,2012.767,5767.809,12944.64,1973.057,5601.475,13364.97,1984.858,5608.546,13306.13,1977.858,5694.077,13052.04,2009.544,5582.881,13355.13,1963.221,5854.253,13102.49,1969.389,5812.198,13406.49,1979.789,5699.458,13209.64,1989.36,5668.873,13282.71,2042.597,5618.834
13151.96,1983.353,5589.257,13170.04,1950.195,5883.07,13259.78,1980.544,5832.685,13022.44,1976.692,5672.707,13407.12,2022.614,5789,13037.66,2012.767,5767.833,12945.62,1973.057,5601.367,13365.79,1984.858,5607.991,13306.94,1977.858,5693.524,13053.01,2009.544,5582.798,13355.9,1963.221,5853.633,13103.42,1969.389,5811.896,13407.34,1979.789,5698.967,13210.61,1989.36,5668.671,13283.53,2042.597,5618.283
13154.37,1983.353,5588.413,13172.56,1950.195,5882.7,13261.82,1980.544,5831.146,13025,1976.692,5672.728,13409.37,2022.614,5787.797,13040.21,2012.767,5767.838,12948.15,1973.057,5601.087,13367.94,1984.858,5606.619,13309.1,1977.858,5692.159,13055.56,2009.544,5582.557,13357.93,1963.221,5852.084,13105.84,1969.389,5811.065,13409.52,1979.789,5697.625,13213.12,1989.36,5668.229,13285.69,2042.597,5616.92
13156.16,1983.353,5587.722,13174.46,1950.195,5882.483,13263.31,1980.544,5829.946,13026.91,1976.692,5672.681,13411.09,2022.614,5786.944,13042.13,2012.767,5767.797,12950.06,1973.057,5600.889,13369.46,1984.858,5605.458,13310.75,1977.858,5691.189,13057.46,2009.544,5582.365,13359.49,1963.221,5850.974,13107.64,1969.389,5810.409,13411.12,1979.789,5696.575,13215.02,1989.36,5667.956,13287.34,2042.597,5615.952
13157.79,1983.353,5587.026,13176.22,1950.195,5882.224,13264.66,1980.544,5828.786,13028.69,1976.692,5672.666,13412.65,2022.614,5786.1,13043.9,2012.767,5767.718,12951.83,1973.057,5600.708,13370.88,1984.858,5604.384,13312.31,1977.858,5690.337,13059.23,2009.544,5582.165,13360.97,1963.221,5849.988,13109.32,1969.389,5809.844,13412.54,1979.789,5695.512,13216.78,1989.36,5667.757,13288.9,2042.597,5615.104
13159.33,1983.353,5586.433,13177.84,1950.195,5881.931,13265.94,1980.544,5827.755,13030.33,1976.692,5672.605,13414.08,2022.614,5785.287,13045.54,2012.767,5767.606,12953.46,1973.057,5600.545,13372.21,1984.858,5603.416,13313.78,1977.858,5689.597,13060.86,2009.544,5581.961,13362.35,1963.221,5849.092,13110.9,1969.389,5809.363,13413.9,1979.789,5694.574,13218.41,1989.36,5667.522,13290.33,2042.597,5614.287
13161.72,1983.353,5585.598,13180.31,1950.195,5881.399,13267.96,1980.544,5826.236,13032.86,1976.692,5672.43,13416.37,2022.614,5784.217,13048.06,2012.767,5767.375,12955.98,1973.057,5600.295,13374.3,1984.858,5601.996,13316.07,1977.858,5688.532,13063.36,2009.544,5581.621,13364.42,1963.221,5847.646,13113.33,1969.389,5808.688,13416.02,1979.789,5693.2,13220.9,1989.36,5667.084,13292.56,2042.597,5613.104
13162.31,1983.353,5585.411,13180.92,1950.195,5881.248,13268.47,1980.544,5825.876,13033.48,1976.692,5672.366,13416.93,2022.614,5783.938,13048.68,2012.767,5767.302,12956.6,1973.057,5600.231,13374.83,1984.858,5601.661,13316.65,1977.858,5688.287,13063.98,2009.544,5581.53,13364.91,1963.221,5847.26,13113.94,1969.389,5808.537,13416.55,1979.789,5692.875,13221.51,1989.36,5666.957,13293.09,2042.597,5612.762
13164.87,1983.353,5584.701,13183.47,1950.195,5880.522,13270.69,1980.544,5824.425,13036.11,1976.692,5672.009,13419.27,2022.614,5782.682,13051.31,2012.767,5766.932,12959.23,1973.057,5599.941,13377.09,1984.858,5600.27,13319.12,1977.858,5687.326,13066.6,2009.544,5581.125,13366.97,1963.221,5845.587,13116.53,1969.389,5807.963,13418.69,1979.789,5691.303,13224.09,1989.36,5666.334,13295.35,2042.597,5611.384
13166.32,1983.353,5584.349,13184.9,1950.195,5880.084,13271.93,1980.544,5823.593,13037.58,1976.692,5671.759,13420.56,2022.614,5781.932,13052.78,2012.767,5766.687,12960.72,1973.057,5599.766,13378.38,1984.858,5599.529,13320.52,1977.858,5686.819,13068.08,2009.544,5580.885,13368.16,1963.221,5844.684,13117.99,1969.389,5807.677,13419.92,1979.789,5690.458,13225.53,1989.36,5665.938,13296.65,2042.597,5610.65
13169.13,1983.353,5583.612,13187.66,1950.195,5879.188,13274.33,1980.544,5821.954,13040.45,1976.692,5671.294,13423.02,2022.614,5780.393,13055.63,2012.767,5766.139,12963.59,1973.057,5599.395,13380.95,1984.858,5598.171,13323.28,1977.858,5685.902,13070.94,2009.544,5580.399,13370.4,1963.221,5842.835,13120.86,1969.389,5807.193,13422.37,1979.789,5688.895,13228.31,1989.36,5665.079,13299.23,2042.597,5609.307
13170.33,1983.353,5583.12,13188.89,1950.195,5878.772,13275.37,1980.544,5821.189,13041.72,1976.692,5671.045,13424.14,2022.614,5779.745,13056.9,2012.767,5765.862,12964.88,1973.057,5599.22,13382.08,1984.858,5597.529,13324.51,1977.858,5685.524,13072.21,2009.544,5580.173,13371.42,1963.221,5842.043,13122.14,1969.389,5807.009,13423.48,1979.789,5688.233,13229.53,1989.36,5664.657,13300.4,2042.597,5608.746
13171.6,1983.353,5582.644,13190.19,1950.195,5878.377,13276.44,1980.544,5820.35,13043.02,1976.692,5670.655,13425.3,2022.614,5779.026,13058.22,2012.767,5765.538,12966.22,1973.057,5599.023,13383.23,1984.858,5596.815,13325.83,1977.858,5685.159,13073.54,2009.544,5579.909,13372.53,1963.221,5841.245,13123.48,1969.389,5806.789,13424.67,1979.789,5687.577,13230.8,1989.36,5664.172,13301.64,2042.597,5608.196
13174.27,1983.353,5581.746,13192.91,1950.195,5877.646,13278.6,1980.544,5818.546,13045.71,1976.692,5669.833,13427.64,2022.614,5777.461,13060.93,2012.767,5764.796,12969,1973.057,5598.572,13385.58,1984.858,5595.262,13328.56,1977.858,5684.476,13076.29,2009.544,5579.305,13374.86,1963.221,5839.668,13126.25,1969.389,5806.275,13427.18,1979.789,5686.3,13233.4,1989.36,5663.086,13304.21,2042.597,5607.041
13175.82,1983.353,5581.28,13194.48,1950.195,5877.276,13279.84,1980.544,5817.509,13047.24,1976.692,5669.304,13428.87,2022.614,5776.408,13062.48,2012.767,5764.33,12970.59,1973.057,5598.291,13386.96,1984.858,5594.414,13330.13,1977.858,5684.125,13077.87,2009.544,5578.929,13376.17,1963.221,5838.719,13127.83,1969.389,5805.948,13428.65,1979.789,5685.615,13234.87,1989.36,5662.415,13305.7,2042.597,5606.408
13177.65,1983.353,5580.665,13196.37,1950.195,5876.895,13281.32,1980.544,5816.269,13049.08,1976.692,5668.733,13430.37,2022.614,5775.201,13064.31,2012.767,5763.726,12972.49,1973.057,5597.928,13388.63,1984.858,5593.457,13332.03,1977.858,5683.756,13079.73,2009.544,5578.446,13377.69,1963.221,5837.536,13129.71,1969.389,5805.521,13430.42,1979.789,5684.854,13236.6,1989.36,5661.558,13307.5,2042.597,5605.731
13180.75,1983.353,5579.749,13199.56,1950.195,5876.358,13283.78,1980.544,5814.177,13052.19,1976.692,5667.841,13432.95,2022.614,5773.249,13067.35,2012.767,5762.631,12975.65,1973.057,5597.288,13391.49,1984.858,5591.946,13335.22,1977.858,5683.225,13082.85,2009.544,5577.586,13380.18,1963.221,5835.472,13132.85,1969.389,5804.741,13433.36,1979.789,5683.511,13239.45,1989.36,5660.029,13310.49,2042.597,5604.499
13181.17,1983.353,5579.609,13200,1950.195,5876.298,13284.12,1980.544,5813.885,13052.62,1976.692,5667.732,13433.31,2022.614,5772.99,13067.77,2012.767,5762.47,12976.09,1973.057,5597.197,13391.89,1984.858,5591.751,13335.66,1977.858,5683.165,13083.28,2009.544,5577.464,13380.51,1963.221,5835.177,13133.28,1969.389,5804.625,13433.76,1979.789,5683.317,13239.85,1989.36,5659.831,13310.9,2042.597,5604.316
13182.82,1983.353,5579,13201.75,1950.195,5876.117,13285.43,1980.544,5812.715,13054.36,1976.692,5667.467,13434.77,2022.614,5772.007,13069.39,2012.767,5761.785,12977.81,1973.057,5596.836,13393.5,1984.858,5591.031,13337.41,1977.858,5682.973,13084.96,2009.544,5576.964,13381.87,1963.221,5834.053,13134.97,1969.389,5804.133,13435.33,1979.789,5682.515,13241.44,1989.36,5659.089,13312.52,2042.597,5603.645
13184.39,1983.353,5578.363,13203.43,1950.195,5875.891,13286.69,1980.544,5811.581,13056.03,1976.692,5667.165,13436.2,2022.614,5771.102,13070.93,2012.767,5761.084,12979.47,1973.057,5596.501,13395.07,1984.858,5590.39,13339.1,1977.858,5682.837,13086.59,2009.544,5576.479,13383.21,1963.221,5833.013,13136.61,1969.389,5803.703,13436.82,1979.789,5681.71,13243,1989.36,5658.421,13314.11,2042.597,5603.05
13185.9,1983.353,5577.695,13205.06,1950.195,5875.623,13287.91,1980.544,5810.479,13057.66,1976.692,5666.946,13437.62,2022.614,5770.262,13072.41,2012.767,5760.363,12981.09,1973.057,5596.182,13396.61,1984.858,5589.816,13340.74,1977.858,5682.752,13088.16,2009.544,5575.995,13384.46,1963.221,5831.942,13138.21,1969.389,5803.327,13438.25,1979.789,5680.899,13244.53,1989.36,5657.817,13315.67,2042.597,5602.523
13187.34,1983.353,5576.997,13206.63,1950.195,5875.316,13289.09,1980.544,5809.398,13059.24,1976.692,5666.682,13439.02,2022.614,5769.484,13073.83,2012.767,5759.622,12982.66,1973.057,5595.882,13398.13,1984.858,5589.308,13342.34,1977.858,5682.625,13089.69,2009.544,5575.515,13385.71,1963.221,5830.94,13139.78,1969.389,5803.002,13439.63,1979.789,5680.084,13246.04,1989.36,5657.279,13317.21,2042.597,5602.061
13188.75,1983.353,5576.255,13208.19,1950.195,5874.966,13290.27,1980.544,5808.321,13060.81,1976.692,5666.387,13440.44,2022.614,5768.75,13075.23,2012.767,5758.844,12984.23,1973.057,5595.587,13399.63,1984.858,5588.751,13343.92,1977.858,5682.449,13091.2,2009.544,5575.02,13386.98,1963.221,5829.975,13141.35,1969.389,5802.718,13441.02,1979.789,5679.309,13247.56,1989.36,5656.791,13318.75,2042.597,5601.65
13190.29,1983.353,5575.38,13209.9,1950.195,5874.532,13291.58,1980.544,5807.128,13062.54,1976.692,5666.003,13442.04,2022.614,5767.979,13076.75,2012.767,5757.937,12985.97,1973.057,5595.26,13401.27,1984.858,5588.079,13345.68,1977.858,5682.198,13092.88,2009.544,5574.445,13388.25,1963.221,5828.744,13143.1,1969.389,5802.448,13442.6,1979.789,5678.489,13249.27,1989.36,5656.305,13320.45,2042.597,5601.138
13190.96,1983.353,5575.03,13210.63,1950.195,5874.329,13292.13,1980.544,5806.616,13063.27,1976.692,5665.818,13442.72,2022.614,5767.672,13077.4,2012.767,5757.554,12986.71,1973.057,5595.118,13401.95,1984.858,5587.771,13346.42,1977.858,5682.067,13093.59,2009.544,5574.189,13388.81,1963.221,5828.239,13143.85,1969.389,5802.353,13443.27,1979.789,5678.159,13249.99,1989.36,5656.075,13321.17,2042.597,5600.944
13192.48,1983.353,5574.229,13212.27,1950.195,5873.829,13293.38,1980.544,5805.44,13064.92,1976.692,5665.345,13444.31,2022.614,5767.017,13078.88,2012.767,5756.685,12988.39,1973.057,5594.784,13403.5,1984.858,5587.018,13348.1,1977.858,5681.715,13095.19,2009.544,5573.58,13390.12,1963.221,5827.131,13145.55,1969.389,5802.178,13444.83,1979.789,5677.446,13251.51,1989.36,5655.285,13322.82,2042.597,5600.448
13193.75,1983.353,5573.427,13213.72,1950.195,5873.437,13294.48,1980.544,5804.41,13066.36,1976.692,5664.887,13445.71,2022.614,5766.484,13080.17,2012.767,5755.927,12989.86,1973.057,5594.479,13404.83,1984.858,5586.315,13349.56,1977.858,5681.359,13096.59,2009.544,5573.022,13391.3,1963.221,5826.199,13147.05,1969.389,5801.995,13446.22,1979.789,5676.857,13252.87,1989.36,5654.637,13324.26,2042.597,5600.008
13195.31,1983.353,5572.514,13215.48,1950.195,5873.022,13295.79,1980.544,5803.176,13068.06,1976.692,5664.284,13447.42,2022.614,5765.893,13081.74,2012.767,5755.02,12991.63,1973.057,5594.096,13406.39,1984.858,5585.418,13351.3,1977.858,5680.875,13098.25,2009.544,5572.316,13392.76,1963.221,5825.125,13148.83,1969.389,5801.74,13447.9,1979.789,5676.189,13254.52,1989.36,5653.913,13326.01,2042.597,5599.559
13196.19,1983.353,5572.037,13216.46,1950.195,5872.824,13296.53,1980.544,5802.498,13068.99,1976.692,5663.921,13448.38,2022.614,5765.593,13082.6,2012.767,5754.52,12992.6,1973.057,5593.875,13407.25,1984.858,5584.899,13352.26,1977.858,5680.575,13099.16,2009.544,5571.907,13393.58,1963.221,5824.557,13149.82,1969.389,5801.58,13448.83,1979.789,5675.842,13255.44,1989.36,5653.517,13326.97,2042.597,5599.308
13197.5,1983.353,5571.368,13217.91,1950.195,5872.578,13297.63,1980.544,5801.513,13070.35,1976.692,5663.347,13449.79,2022.614,5765.193,13083.88,2012.767,5753.787,12994.04,1973.057,5593.532,13408.52,1984.858,5584.153,13353.65,1977.858,5680.088,13100.49,2009.544,5571.279,13394.82,1963.221,5823.761,13151.27,1969.389,5801.316,13450.2,1979.789,5675.294,13256.76,1989.36,5652.852,13328.4,2042.597,5598.932
13198.86,1983.353,5570.731,13219.4,1950.195,5872.375,13298.75,1980.544,5800.528,13071.71,1976.692,5662.72,13451.24,2022.614,5764.806,13085.18,2012.767,5753.045,12995.49,1973.057,5593.164,13409.82,1984.858,5583.413,13355.04,1977.858,5679.547,13101.84,2009.544,5570.616,13396.09,1963.221,5822.965,13152.74,1969.389,5801.02,13451.58,1979.789,5674.702,13258.12,1989.36,5652.22,13329.85,2042.597,5598.545
13199.76,1983.353,5570.281,13220.41,1950.195,5872.269,13299.53,1980.544,5799.875,13072.62,1976.692,5662.27,13452.22,2022.614,5764.557,13086.06,2012.767,5752.546,12996.46,1973.057,5592.903,13410.71,1984.858,5582.925,13355.98,1977.858,5679.151,13102.74,2009.544,5570.153,13396.95,1963.221,5822.436,13153.73,1969.389,5800.801,13452.5,1979.789,5674.279,13259.02,1989.36,5651.762,13330.82,2042.597,5598.28
13201.94,1983.353,5569.447,13222.73,1950.195,5872.1,13301.34,1980.544,5798.402,13074.67,1976.692,5661.167,13454.49,2022.614,5764.013,13088.09,2012.767,5751.4,12998.71,1973.057,5592.269,13412.77,1984.858,5581.827,13358.09,1977.858,5678.168,13104.79,2009.544,5569.049,13398.95,1963.221,5821.238,13156,1969.389,5800.255,13454.59,1979.789,5673.253,13261.13,1989.36,5650.774,13333.07,2042.597,5597.662
13202.77,1983.353,5569.101,13223.63,1950.195,5872.064,13302.04,1980.544,5797.853,13075.45,1976.692,5660.723,13455.35,2022.614,5763.788,13088.87,2012.767,5750.963,12999.57,1973.057,5592.014,13413.56,1984.858,5581.417,13358.89,1977.858,5677.766,13105.58,2009.544,5568.618,13399.72,1963.221,5820.788,13156.86,1969.389,5800.03,13455.41,1979.789,5672.887,13261.95,1989.36,5650.423,13333.93,2042.597,5597.423
13204.67,1983.353,5568.226,13225.71,1950.195,5871.914,13303.71,1980.544,5796.596,13077.23,1976.692,5659.625,13457.37,2022.614,5763.224,13090.7,2012.767,5749.944,13001.56,1973.057,5591.386,13415.43,1984.858,5580.477,13360.73,1977.858,5676.761,13107.39,2009.544,5567.577,13401.54,1963.221,5819.751,13158.9,1969.389,5799.557,13457.34,1979.789,5672.09,13263.9,1989.36,5649.662,13335.95,2042.597,5596.854
13205.52,1983.353,5567.952,13226.6,1950.195,5871.822,13304.44,1980.544,5796.077,13077.97,1976.692,5659.135,13458.22,2022.614,5762.968,13091.48,2012.767,5749.513,13002.41,1973.057,5591.107,13416.23,1984.858,5580.085,13361.5,1977.858,5676.309,13108.16,2009.544,5567.12,13402.32,1963.221,5819.319,13159.77,1969.389,5799.38,13458.18,1979.789,5671.779,13264.77,1989.36,5649.453,13336.8,2042.597,5596.61
13206.69,1983.353,5567.53,13227.84,1950.195,5871.656,13305.47,1980.544,5795.373,13079,1976.692,5658.418,13459.41,2022.614,5762.589,13092.57,2012.767,5748.912,13003.58,1973.057,5590.698,13417.35,1984.858,5579.55,13362.55,1977.858,5675.641,13109.22,2009.544,5566.469,13403.42,1963.221,5818.727,13161,1969.389,5799.165,13459.36,1979.789,5671.381,13265.97,1989.36,5649.121,13338,2042.597,5596.264
13207.86,1983.353,5567.064,13229.08,1950.195,5871.451,13306.52,1980.544,5794.685,13080,1976.692,5657.663,13460.6,2022.614,5762.186,13093.67,2012.767,5748.306,13004.77,1973.057,5590.266,13418.5,1984.858,5579.02,13363.59,1977.858,5674.93,13110.28,2009.544,5565.796,13404.53,1963.221,5818.141,13162.25,1969.389,5798.98,13460.57,1979.789,5671.018,13267.17,1989.36,5648.745,13339.21,2042.597,5595.91
13208.99,1983.353,5566.576,13230.28,1950.195,5871.216,13307.57,1980.544,5794.042,13080.96,1976.692,5656.901,13461.76,2022.614,5761.774,13094.75,2012.767,5747.722,13005.91,1973.057,5589.829,13419.61,1984.858,5578.517,13364.58,1977.858,5674.208,13111.31,2009.544,5565.125,13405.62,1963.221,5817.585,13163.46,1969.389,5798.833,13461.75,1979.789,5670.704,13268.35,1989.36,5648.403,13340.38,2042.597,5595.563
13210.46,1983.353,5566.021,13231.82,1950.195,5870.869,13308.93,1980.544,5793.244,13082.17,1976.692,5655.883,13463.23,2022.614,5761.221,13096.14,2012.767,5746.972,13007.38,1973.057,5589.243,13421.06,1984.858,5577.881,13365.82,1977.858,5673.236,13112.61,2009.544,5564.233,13407.04,1963.221,5816.886,13165.03,1969.389,5798.685,13463.29,1979.789,5670.349,13269.85,1989.36,5647.913,13341.89,2042.597,5595.109
13211.88,1983.353,5565.435,13233.3,1950.195,5870.492,13310.27,1980.544,5792.503,13083.31,1976.692,5654.86,13464.66,2022.614,5760.661,13097.48,2012.767,5746.248,13008.79,1973.057,5588.653,13422.46,1984.858,5577.276,13367.05,1977.858,5672.326,13113.86,2009.544,5563.348,13408.42,1963.221,5816.226,13166.56,1969.389,5798.581,13464.79,1979.789,5670.053,13271.29,1989.36,5647.391,13343.36,2042.597,5594.664
13212.49,1983.353,5565.158,13233.96,1950.195,5870.347,13310.86,1980.544,5792.192,13083.82,1976.692,5654.42,13465.28,2022.614,5760.406,13098.08,2012.767,5745.931,13009.4,1973.057,5588.374,13423.08,1984.858,5577.016,13367.6,1977.858,5671.941,13114.4,2009.544,5562.949,13409.03,1963.221,5815.943,13167.23,1969.389,5798.522,13465.45,1979.789,5669.944,13271.91,1989.36,5647.141,13344,2042.597,5594.466
13212.87,1983.353,5565.022,13234.35,1950.195,5870.273,13311.22,1980.544,5792.015,13084.12,1976.692,5654.164,13465.65,2022.614,5760.248,13098.43,2012.767,5745.744,13009.76,1973.057,5588.195,13423.45,1984.858,5576.864,13367.94,1977.858,5671.721,13114.72,2009.544,5562.706,13409.39,1963.221,5815.78,13167.63,1969.389,5798.48,13465.85,1979.789,5669.893,13272.28,1989.36,5646.98,13344.38,2042.597,5594.347
13214.49,1983.353,5564.382,13236.07,1950.195,5870.007,13312.8,1980.544,5791.286,13085.48,1976.692,5653.07,13467.26,2022.614,5759.588,13099.97,2012.767,5744.933,13011.29,1973.057,5587.37,13425.07,1984.858,5576.215,13369.42,1977.858,5670.804,13116.09,2009.544,5561.634,13410.99,1963.221,5815.093,13169.36,1969.389,5798.267,13467.57,1979.789,5669.618,13273.85,1989.36,5646.232,13346.04,2042.597,5593.822
13215.21,1983.353,5564.095,13236.85,1950.195,5869.913,13313.52,1980.544,5790.976,13086.09,1976.692,5652.587,13467.99,2022.614,5759.302,13100.66,2012.767,5744.57,13011.97,1973.057,5586.977,13425.79,1984.858,5575.929,13370.09,1977.858,5670.41,13116.7,2009.544,5561.146,13411.71,1963.221,5814.794,13170.13,1969.389,5798.157,13468.34,1979.789,5669.472,13274.55,1989.36,5645.874,13346.78,2042.597,5593.583
13216.31,1983.353,5563.619,13238.04,1950.195,5869.805,13314.63,1980.544,5790.532,13087.04,1976.692,5651.864,13469.11,2022.614,5758.881,13101.72,2012.767,5744.018,13012.98,1973.057,5586.341,13426.91,1984.858,5575.499,13371.14,1977.858,5669.834,13117.63,2009.544,5560.392,13412.83,1963.221,5814.354,13171.31,1969.389,5797.968,13469.51,1979.789,5669.216,13275.59,1989.36,5645.29,13347.92,2042.597,5593.213
13217.21,1983.353,5563.193,13239.04,1950.195,5869.748,13315.57,1980.544,5790.187,13087.86,1976.692,5651.288,13470.04,2022.614,5758.544,13102.6,2012.767,5743.533,13013.81,1973.057,5585.784,13427.84,1984.858,5575.147,13372.03,1977.858,5669.38,13118.4,2009.544,5559.758,13413.76,1963.221,5814,13172.29,1969.389,5797.792,13470.47,1979.789,5668.976,13276.45,1989.36,5644.777,13348.87,2042.597,5592.9
13217.85,1983.353,5562.868,13239.75,1950.195,5869.685,13316.24,1980.544,5789.958,13088.45,1976.692,5650.896,13470.72,2022.614,5758.313,13103.21,2012.767,5743.169,13014.39,1973.057,5585.368,13428.51,1984.858,5574.9,13372.67,1977.858,5669.073,13118.94,2009.544,5559.302,13414.43,1963.221,5813.759,13173,1969.389,5797.687,13471.16,1979.789,5668.786,13277.04,1989.36,5644.392,13349.54,2042.597,5592.675
13218.5,1983.353,5562.531,13240.48,1950.195,5869.597,13316.94,1980.544,5789.741,13089.08,1976.692,5650.511,13471.42,2022.614,5758.085,13103.83,2012.767,5742.774,13014.97,1973.057,5584.918,13429.2,1984.858,5574.649,13373.34,1977.858,5668.774,13119.5,2009.544,5558.827,13415.12,1963.221,5813.521,13173.72,1969.389,5797.597,13471.86,1979.789,5668.57,13277.65,1989.36,5643.973,13350.24,2042.597,5592.438
13219.25,1983.353,5562.109,13241.33,1950.195,5869.467,13317.78,1980.544,5789.508,13089.83,1976.692,5650.082,13472.24,2022.614,5757.829,13104.54,2012.767,5742.289,13015.63,1973.057,5584.367,13430.01,1984.858,5574.358,13374.14,1977.858,5668.444,13120.16,2009.544,5558.267,13415.95,1963.221,5813.253,13174.59,1969.389,5797.514,13472.68,1979.789,5668.294,13278.34,1989.36,5643.458,13351.06,2042.597,5592.155
13219.98,1983.353,5561.674,13242.16,1950.195,5869.316,13318.59,1980.544,5789.304,13090.58,1976.692,5649.688,13473.05,2022.614,5757.589,13105.23,2012.767,5741.796,13016.27,1973.057,5583.809,13430.81,1984.858,5574.079,13374.93,1977.858,5668.145,13120.8,2009.544,5557.719,13416.75,1963.221,5813.005,13175.43,1969.389,5797.457,13473.47,1979.789,5668.005,13279,1989.36,5642.933,13351.85,2042.597,5591.876
13220.77,1983.353,5561.202,13243.07,1950.195,5869.181,13319.49,1980.544,5789.106,13091.4,1976.692,5649.285,13473.93,2022.614,5757.341,13105.96,2012.767,5741.237,13016.94,1973.057,5583.178,13431.68,1984.858,5573.779,13375.8,1977.858,5667.842,13121.5,2009.544,5557.121,13417.63,1963.221,5812.751,13176.34,1969.389,5797.377,13474.33,1979.789,5667.667,13279.71,1989.36,5642.339,13352.72,2042.597,5591.567
13221.4,1983.353,5560.797,13243.82,1950.195,5869.094,13320.23,1980.544,5788.965,13092.08,1976.692,5648.96,13474.66,2022.614,5757.149,13106.55,2012.767,5740.781,13017.46,1973.057,5582.647,13432.39,1984.858,5573.538,13376.5,1977.858,5667.573,13122.07,2009.544,5556.634,13418.36,1963.221,5812.557,13177.09,1969.389,5797.3,13475.02,1979.789,5667.375,13280.29,1989.36,5641.874,13353.42,2042.597,5591.312
13222.06,1983.353,5560.339,13244.62,1950.195,5869.026,13321.02,1980.544,5788.836,13092.8,1976.692,5648.612,13475.44,2022.614,5756.954,13107.2,2012.767,5740.31,13018.01,1973.057,5582.058,13433.15,1984.858,5573.283,13377.24,1977.858,5667.259,13122.68,2009.544,5556.112,13419.14,1963.221,5812.361,13177.88,1969.389,5797.191,13475.75,1979.789,5667.044,13280.94,1989.36,5641.395,13354.17,2042.597,5591.033
13222.46,1983.353,5560.042,13245.12,1950.195,5869,13321.52,1980.544,5788.769,13093.25,1976.692,5648.383,13475.92,2022.614,5756.839,13107.62,2012.767,5740.03,13018.36,1973.057,5581.703,13433.62,1984.858,5573.127,13377.69,1977.858,5667.05,13123.06,2009.544,5555.788,13419.62,1963.221,5812.249,13178.38,1969.389,5797.108,13476.2,1979.789,5666.828,13281.35,1989.36,5641.111,13354.64,2042.597,5590.857
13223.22,1983.353,5559.656,13245.96,1950.195,5868.982,13322.36,1980.544,5788.679,13093.99,1976.692,5647.971,13476.75,2022.614,5756.655,13108.33,2012.767,5739.575,13018.98,1973.057,5581.119,13434.43,1984.858,5572.866,13378.45,1977.858,5666.669,13123.7,2009.544,5555.231,13420.45,1963.221,5812.074,13179.21,1969.389,5796.94,13476.96,1979.789,5666.444,13282.06,1989.36,5640.652,13355.43,2042.597,5590.553
13223.84,1983.353,5559.343,13246.66,1950.195,5868.946,13323.05,1980.544,5788.625,13094.58,1976.692,5647.614,13477.43,2022.614,5756.513,13108.93,2012.767,5739.22,13019.5,1973.057,5580.655,13435.09,1984.858,5572.654,13379.06,1977.858,5666.336,13124.23,2009.544,5554.777,13421.14,1963.221,5811.943,13179.89,1969.389,5796.78,13477.57,1979.789,5666.116,13282.66,1989.36,5640.295,13356.08,2042.597,5590.299
13224.43,1983.353,5559.021,13247.33,1950.195,5868.89,13323.73,1980.544,5788.591,13095.15,1976.692,5647.251,13478.09,2022.614,5756.363,13109.52,2012.767,5738.894,13020.01,1973.057,5580.221,13435.73,1984.858,5572.452,13379.64,1977.858,5665.995,13124.74,2009.544,5554.34,13421.8,1963.221,5811.83,13180.54,1969.389,5796.604,13478.17,1979.789,5665.817,13283.25,1989.36,5639.968,13356.71,2042.597,5590.05
13225.18,1983.353,5558.578,13248.2,1950.195,5868.789,13324.6,1980.544,5788.573,13095.88,1976.692,5646.758,13478.94,2022.614,5756.152,13110.3,2012.767,5738.493,13020.7,1973.057,5579.677,13436.57,1984.858,5572.192,13380.38,1977.858,5665.526,13125.4,2009.544,5553.769,13422.67,1963.221,5811.699,13181.4,1969.389,5796.467,13478.97,1979.789,5665.456,13283.99,1989.36,5639.507,13357.52,2042.597,5589.72
13225.37,1983.353,5558.472,13248.41,1950.195,5868.758,13324.81,1980.544,5788.573,13096.05,1976.692,5646.633,13479.14,2022.614,5756.097,13110.49,2012.767,5738.401,13020.87,1973.057,5579.549,13436.77,1984.858,5572.129,13380.56,1977.858,5665.406,13125.56,2009.544,5553.63,13422.88,1963.221,5811.672,13181.61,1969.389,5796.427,13479.17,1979.789,5665.374,13284.18,1989.36,5639.4,13357.71,2042.597,5589.638
13226.19,1983.353,5557.985,13249.35,1950.195,5868.59,13325.77,1980.544,5788.604,13096.8,1976.692,5646.051,13480.06,2022.614,5755.834,13111.36,2012.767,5738.018,13021.65,1973.057,5578.999,13437.68,1984.858,5571.854,13381.33,1977.858,5664.846,13126.28,2009.544,5553,13423.82,1963.221,5811.568,13182.54,1969.389,5796.217,13480.06,1979.789,5665.038,13285.02,1989.36,5638.953,13358.59,2042.597,5589.265
13226.5,1983.353,5557.785,13249.71,1950.195,5868.514,13326.14,1980.544,5788.627,13097.09,1976.692,5645.815,13480.41,2022.614,5755.726,13111.71,2012.767,5737.879,13021.96,1973.057,5578.791,13438.04,1984.858,5571.748,13381.62,1977.858,5664.618,13126.55,2009.544,5552.751,13424.19,1963.221,5811.536,13182.9,1969.389,5796.123,13480.41,1979.789,5664.918,13285.34,1989.36,5638.768,13358.93,2042.597,5589.117
13227.21,1983.353,5557.293,13250.55,1950.195,5868.31,13327,1980.544,5788.707,13097.74,1976.692,5645.245,13481.24,2022.614,5755.457,13112.52,2012.767,5737.579,13022.68,1973.057,5578.32,13438.87,1984.858,5571.502,13382.29,1977.858,5664.063,13127.18,2009.544,5552.156,13425.06,1963.221,5811.478,13183.73,1969.389,5795.877,13481.24,1979.789,5664.666,13286.12,1989.36,5638.395,13359.72,2042.597,5588.765
13227.49,1983.353,5557.055,13250.91,1950.195,5868.213,13327.36,1980.544,5788.751,13098.03,1976.692,5645.012,13481.58,2022.614,5755.337,13112.86,2012.767,5737.44,13023,1973.057,5578.125,13439.22,1984.858,5571.399,13382.56,1977.858,5663.818,13127.45,2009.544,5551.898,13425.42,1963.221,5811.461,13184.08,1969.389,5795.761,13481.6,1979.789,5664.57,13286.45,1989.36,5638.226,13360.05,2042.597,5588.612
13227.88,1983.353,5556.713,13251.4,1950.195,5868.063,13327.87,1980.544,5788.828,13098.41,1976.692,5644.669,13482.07,2022.614,5755.162,13113.33,2012.767,5737.231,13023.44,1973.057,5577.861,13439.72,1984.858,5571.257,13382.93,1977.858,5663.464,13127.8,2009.544,5551.531,13425.94,1963.221,5811.45,13184.56,1969.389,5795.583,13482.1,1979.789,5664.453,13286.9,1989.36,5637.976,13360.52,2042.597,5588.395
13228.28,1983.353,5556.379,13251.9,1950.195,5867.895,13328.39,1980.544,5788.922,13098.81,1976.692,5644.333,13482.56,2022.614,5754.976,13113.8,2012.767,5737.002,13023.89,1973.057,5577.596,13440.22,1984.858,5571.114,13383.3,1977.858,5663.092,13128.16,2009.544,5551.148,13426.46,1963.221,5811.449,13185.07,1969.389,5795.446,13482.61,1979.789,5664.35,13287.35,1989.36,5637.706,13360.99,2042.597,5588.168
13228.77,1983.353,5555.996,13252.48,1950.195,5867.678,13329,1980.544,5789.052,13099.28,1976.692,5643.924,13483.13,2022.614,5754.744,13114.35,2012.767,5736.711,13024.43,1973.057,5577.285,13440.82,1984.858,5570.945,13383.75,1977.858,5662.658,13128.58,2009.544,5550.683,13427.09,1963.221,5811.462,13185.66,1969.389,5795.262,13483.23,1979.789,5664.248,13287.87,1989.36,5637.366,13361.55,2042.597,5587.893
13229.05,1983.353,5555.769,13252.81,1950.195,5867.545,13329.34,1980.544,5789.135,13099.56,1976.692,5643.701,13483.46,2022.614,5754.608,13114.66,2012.767,5736.536,13024.74,1973.057,5577.112,13441.16,1984.858,5570.851,13384.01,1977.858,5662.417,13128.81,2009.544,5550.417,13427.44,1963.221,5811.478,13186,1969.389,5795.146,13483.58,1979.789,5664.201,13288.16,1989.36,5637.164,13361.87,2042.597,5587.733
13229.47,1983.353,5555.509,13253.26,1950.195,5867.347,13329.82,1980.544,5789.267,13099.92,1976.692,5643.359,13483.92,2022.614,5754.409,13115.09,2012.767,5736.292,13025.17,1973.057,5576.874,13441.64,1984.858,5570.719,13384.38,1977.858,5662.089,13129.13,2009.544,5550.038,13427.94,1963.221,5811.512,13186.47,1969.389,5794.991,13484.07,1979.789,5664.151,13288.56,1989.36,5636.867,13362.31,2042.597,5587.504
13229.86,1983.353,5555.256,13253.68,1950.195,5867.151,13330.26,1980.544,5789.402,13100.26,1976.692,5643.045,13484.34,2022.614,5754.231,13115.49,2012.767,5736.052,13025.58,1973.057,5576.653,13442.09,1984.858,5570.598,13384.74,1977.858,5661.792,13129.43,2009.544,5549.685,13428.39,1963.221,5811.554,13186.91,1969.389,5794.833,13484.53,1979.789,5664.092,13288.92,1989.36,5636.58,13362.72,2042.597,5587.287
13230.3,1983.353,5554.94,13254.17,1950.195,5866.907,13330.78,1980.544,5789.578,13100.67,1976.692,5642.685,13484.85,2022.614,5754.028,13115.95,2012.767,5735.753,13026.05,1973.057,5576.376,13442.62,1984.858,5570.455,13385.16,1977.858,5661.451,13129.78,2009.544,5549.264,13428.94,1963.221,5811.616,13187.41,1969.389,5794.628,13485.07,1979.789,5664.006,13289.34,1989.36,5636.226,13363.2,2042.597,5587.023
13230.78,1983.353,5554.584,13254.7,1950.195,5866.631,13331.33,1980.544,5789.784,13101.13,1976.692,5642.312,13485.4,2022.614,5753.816,13116.43,2012.767,5735.417,13026.55,1973.057,5576.06,13443.19,1984.858,5570.303,13385.63,1977.858,5661.095,13130.15,2009.544,5548.807,13429.52,1963.221,5811.698,13187.95,1969.389,5794.39,13485.65,1979.789,5663.897,13289.78,1989.36,5635.829,13363.71,2042.597,5586.732
13231.04,1983.353,5554.368,13255,1950.195,5866.462,13331.65,1980.544,5789.914,13101.4,1976.692,5642.103,13485.73,2022.614,5753.703,13116.72,2012.767,5735.23,13026.83,1973.057,5575.867,13443.52,1984.858,5570.215,13385.92,1977.858,5660.896,13130.37,2009.544,5548.54,13429.87,1963.221,5811.734,13188.26,1969.389,5794.241,13485.99,1979.789,5663.824,13290.03,1989.36,5635.589,13364.01,2042.597,5586.559
13231.2,1983.353,5554.233,13255.17,1950.195,5866.355,13331.84,1980.544,5789.997,13101.57,1976.692,5641.982,13485.93,2022.614,5753.64,13116.91,2012.767,5735.136,13027,1973.057,5575.744,13443.72,1984.858,5570.162,13386.09,1977.858,5660.781,13130.5,2009.544,5548.379,13430.07,1963.221,5811.749,13188.45,1969.389,5794.145,13486.19,1979.789,5663.774,13290.17,1989.36,5635.439,13364.18,2042.597,5586.452
13231.65,1983.353,5553.827,13255.69,1950.195,5866.033,13332.39,1980.544,5790.256,13102.08,1976.692,5641.646,13486.51,2022.614,5753.473,13117.47,2012.767,5734.901,13027.48,1973.057,5575.371,13444.31,1984.858,5570.01,13386.61,1977.858,5660.463,13130.88,2009.544,5547.908,13430.68,1963.221,5811.78,13188.98,1969.389,5793.857,13486.78,1979.789,5663.609,13290.58,1989.36,5634.99,13364.7,2042.597,5586.132
13231.88,1983.353,5553.646,13255.93,1950.195,5865.875,13332.65,1980.544,5790.386,13102.32,1976.692,5641.494,13486.79,2022.614,5753.401,13117.73,2012.767,5734.781,13027.7,1973.057,5575.186,13444.59,1984.858,5569.939,13386.86,1977.858,5660.32,13131.07,2009.544,5547.685,13430.96,1963.221,5811.827,13189.23,1969.389,5793.713,13487.05,1979.789,5663.523,13290.78,1989.36,5634.783,13364.94,2042.597,5585.977
13232.16,1983.353,5553.404,13256.24,1950.195,5865.665,13332.97,1980.544,5790.563,13102.64,1976.692,5641.31,13487.15,2022.614,5753.32,13118.06,2012.767,5734.625,13027.98,1973.057,5574.939,13444.95,1984.858,5569.848,13387.18,1977.858,5660.147,13131.3,2009.544,5547.398,13431.33,1963.221,5811.876,13189.55,1969.389,5793.516,13487.4,1979.789,5663.402,13291.04,1989.36,5634.525,13365.25,2042.597,5585.772
13232.42,1983.353,5553.161,13256.53,1950.195,5865.456,13333.29,1980.544,5790.743,13102.96,1976.692,5641.141,13487.5,2022.614,5753.252,13118.39,2012.767,5734.462,13028.24,1973.057,5574.692,13445.29,1984.858,5569.76,13387.5,1977.858,5659.969,13131.53,2009.544,5547.122,13431.69,1963.221,5811.912,13189.86,1969.389,5793.335,13487.74,1979.789,5663.275,13291.31,1989.36,5634.284,13365.55,2042.597,5585.569
13232.71,1983.353,5552.956,13256.81,1950.195,5865.249,13333.58,1980.544,5790.927,13103.27,1976.692,5640.967,13487.85,2022.614,5753.196,13118.69,2012.767,5734.294,13028.5,1973.057,5574.458,13445.63,1984.858,5569.676,13387.81,1977.858,5659.805,13131.75,2009.544,5546.854,13432.04,1963.221,5811.958,13190.16,1969.389,5793.157,13488.06,1979.789,5663.142,13291.58,1989.36,5634.057,13365.84,2042.597,5585.367
13232.97,1983.353,5552.751,13257.08,1950.195,5865.046,13333.86,1980.544,5791.11,13103.55,1976.692,5640.791,13488.18,2022.614,5753.152,13119,2012.767,5734.154,13028.76,1973.057,5574.243,13445.96,1984.858,5569.596,13388.1,1977.858,5659.648,13131.97,2009.544,5546.599,13432.37,1963.221,5812.013,13190.44,1969.389,5792.977,13488.37,1979.789,5663.005,13291.84,1989.36,5633.849,13366.11,2042.597,5585.169
13233.22,1983.353,5552.547,13257.33,1950.195,5864.847,13334.13,1980.544,5791.295,13103.82,1976.692,5640.611,13488.5,2022.614,5753.119,13119.29,2012.767,5734.011,13029.01,1973.057,5574.042,13446.27,1984.858,5569.519,13388.38,1977.858,5659.487,13132.19,2009.544,5546.355,13432.69,1963.221,5812.056,13190.73,1969.389,5792.838,13488.66,1979.789,5662.864,13292.1,1989.36,5633.656,13366.36,2042.597,5584.974
13233.39,1983.353,5552.415,13257.5,1950.195,5864.722,13334.3,1980.544,5791.42,13104,1976.692,5640.501,13488.72,2022.614,5753.103,13119.47,2012.767,5733.911,13029.18,1973.057,5573.915,13446.48,1984.858,5569.469,13388.58,1977.858,5659.397,13132.33,2009.544,5546.197,13432.9,1963.221,5812.077,13190.92,1969.389,5792.741,13488.85,1979.789,5662.767,13292.29,1989.36,5633.555,13366.53,2042.597,5584.843
13233.72,1983.353,5552.17,13257.84,1950.195,5864.491,13334.63,1980.544,5791.669,13104.35,1976.692,5640.285,13489.13,2022.614,5753.085,13119.83,2012.767,5733.706,13029.52,1973.057,5573.678,13446.88,1984.858,5569.374,13388.96,1977.858,5659.257,13132.6,2009.544,5545.892,13433.31,1963.221,5812.131,13191.28,1969.389,5792.541,13489.21,1979.789,5662.568,13292.64,1989.36,5633.347,13366.85,2042.597,5584.584
13233.95,1983.353,5551.983,13258.09,1950.195,5864.331,13334.86,1980.544,5791.857,13104.61,1976.692,5640.146,13489.42,2022.614,5753.063,13120.08,2012.767,5733.548,13029.77,1973.057,5573.513,13447.17,1984.858,5569.305,13389.24,1977.858,5659.146,13132.8,2009.544,5545.671,13433.6,1963.221,5812.167,13191.54,1969.389,5792.387,13489.47,1979.789,5662.431,13292.89,1989.36,5633.188,13367.08,2042.597,5584.392
13234.15,1983.353,5551.767,13258.34,1950.195,5864.182,13335.08,1980.544,5792.046,13104.87,1976.692,5640.002,13489.71,2022.614,5753.031,13120.34,2012.767,5733.401,13030.01,1973.057,5573.357,13447.45,1984.858,5569.238,13389.51,1977.858,5659.029,13133,2009.544,5545.457,13433.89,1963.221,5812.212,13191.78,1969.389,5792.229,13489.74,1979.789,5662.306,13293.14,1989.36,5633.023,13367.3,2042.597,5584.199
13234.34,1983.353,5551.568,13258.59,1950.195,5864.048,13335.29,1980.544,5792.23,13105.11,1976.692,5639.857,13489.99,2022.614,5752.993,13120.58,2012.767,5733.266,13030.25,1973.057,5573.216,13447.72,1984.858,5569.175,13389.76,1977.858,5658.909,13133.19,2009.544,5545.252,13434.17,1963.221,5812.223,13192.01,1969.389,5792.07,13489.99,1979.789,5662.196,13293.37,1989.36,5632.877,13367.5,2042.597,5584.011
13234.54,1983.353,5551.38,13258.83,1950.195,5863.926,13335.49,1980.544,5792.412,13105.33,1976.692,5639.71,13490.26,2022.614,5752.959,13120.81,2012.767,5733.128,13030.49,1973.057,5573.084,13447.99,1984.858,5569.115,13390,1977.858,5658.785,13133.37,2009.544,5545.054,13434.44,1963.221,5812.242,13192.23,1969.389,5791.91,13490.24,1979.789,5662.097,13293.6,1989.36,5632.728,13367.7,2042.597,5583.826
13234.73,1983.353,5551.203,13259.07,1950.195,5863.814,13335.68,1980.544,5792.593,13105.55,1976.692,5639.558,13490.52,2022.614,5752.917,13121.04,2012.767,5733.003,13030.72,1973.057,5572.959,13448.24,1984.858,5569.057,13390.22,1977.858,5658.656,13133.54,2009.544,5544.858,13434.7,1963.221,5812.268,13192.43,1969.389,5791.747,13490.49,1979.789,5662.003,13293.81,1989.36,5632.575,13367.88,2042.597,5583.641
13234.93,1983.353,5551.033,13259.3,1950.195,5863.695,13335.87,1980.544,5792.777,13105.74,1976.692,5639.378,13490.77,2022.614,5752.867,13121.27,2012.767,5732.872,13030.95,1973.057,5572.839,13448.5,1984.858,5568.99,13390.45,1977.858,5658.522,13133.72,2009.544,5544.662,13434.96,1963.221,5812.294,13192.64,1969.389,5791.591,13490.74,1979.789,5661.952,13294.02,1989.36,5632.416,13368.08,2042.597,5583.463
13235.14,1983.353,5550.838,13259.55,1950.195,5863.558,13336.07,1980.544,5792.983,13105.94,1976.692,5639.175,13491.06,2022.614,5752.816,13121.51,2012.767,5732.719,13031.21,1973.057,5572.706,13448.77,1984.858,5568.908,13390.67,1977.858,5658.341,13133.91,2009.544,5544.444,13435.25,1963.221,5812.311,13192.88,1969.389,5791.427,13491.02,1979.789,5661.886,13294.24,1989.36,5632.233,13368.29,2042.597,5583.274
13235.3,1983.353,5550.703,13259.73,1950.195,5863.453,13336.21,1980.544,5793.133,13106.09,1976.692,5639.034,13491.26,2022.614,5752.779,13121.69,2012.767,5732.612,13031.39,1973.057,5572.609,13448.97,1984.858,5568.842,13390.84,1977.858,5658.215,13134.04,2009.544,5544.285,13435.46,1963.221,5812.329,13193.06,1969.389,5791.313,13491.23,1979.789,5661.832,13294.41,1989.36,5632.116,13368.46,2042.597,5583.143
13235.49,1983.353,5550.5,13259.97,1950.195,5863.305,13336.4,1980.544,5793.339,13106.31,1976.692,5638.85,13491.54,2022.614,5752.721,13121.93,2012.767,5732.461,13031.64,1973.057,5572.479,13449.23,1984.858,5568.744,13391.06,1977.858,5658.041,13134.22,2009.544,5544.068,13435.73,1963.221,5812.363,13193.29,1969.389,5791.153,13491.49,1979.789,5661.75,13294.64,1989.36,5631.951,13368.68,2042.597,5582.973
13235.72,1983.353,5550.283,13260.24,1950.195,5863.149,13336.62,1980.544,5793.56,13106.55,1976.692,5638.654,13491.84,2022.614,5752.654,13122.19,2012.767,5732.284,13031.91,1973.057,5572.326,13449.52,1984.858,5568.626,13391.31,1977.858,5657.855,13134.42,2009.544,5543.825,13436.04,1963.221,5812.388,13193.54,1969.389,5790.979,13491.79,1979.789,5661.649,13294.89,1989.36,5631.759,13368.94,2042.597,5582.793
13235.85,1983.353,5550.124,13260.42,1950.195,5863.051,13336.77,1980.544,5793.703,13106.71,1976.692,5638.528,13492.05,2022.614,5752.623,13122.36,2012.767,5732.17,13032.09,1973.057,5572.218,13449.71,1984.858,5568.542,13391.46,1977.858,5657.712,13134.55,2009.544,5543.663,13436.25,1963.221,5812.381,13193.72,1969.389,5790.869,13491.98,1979.789,5661.576,13295.05,1989.36,5631.632,13369.1,2042.597,5582.667
13236.06,1983.353,5549.869,13260.72,1950.195,5862.906,13337.02,1980.544,5793.921,13106.98,1976.692,5638.339,13492.37,2022.614,5752.567,13122.65,2012.767,5732.009,13032.37,1973.057,5572.038,13450.01,1984.858,5568.398,13391.71,1977.858,5657.495,13134.75,2009.544,5543.405,13436.58,1963.221,5812.382,13194.02,1969.389,5790.721,13492.29,1979.789,5661.45,13295.31,1989.36,5631.434,13369.36,2042.597,5582.46
13236.2,1983.353,5549.712,13260.91,1950.195,5862.821,13337.18,1980.544,5794.054,13107.16,1976.692,5638.224,13492.57,2022.614,5752.524,13122.82,2012.767,5731.901,13032.54,1973.057,5571.918,13450.19,1984.858,5568.301,13391.87,1977.858,5657.362,13134.88,2009.544,5543.241,13436.79,1963.221,5812.39,13194.2,1969.389,5790.621,13492.48,1979.789,5661.364,13295.48,1989.36,5631.303,13369.51,2042.597,5582.324
13236.34,1983.353,5549.558,13261.1,1950.195,5862.741,13337.35,1980.544,5794.181,13107.33,1976.692,5638.115,13492.78,2022.614,5752.476,13123.01,2012.767,5731.818,13032.7,1973.057,5571.793,13450.37,1984.858,5568.198,13392.03,1977.858,5657.234,13135.01,2009.544,5543.077,13437,1963.221,5812.394,13194.39,1969.389,5790.533,13492.66,1979.789,5661.271,13295.63,1989.36,5631.167,13369.67,2042.597,5582.186
13236.47,1983.353,5549.397,13261.3,1950.195,5862.668,13337.51,1980.544,5794.303,13107.52,1976.692,5638.012,13492.98,2022.614,5752.42,13123.2,2012.767,5731.728,13032.87,1973.057,5571.663,13450.55,1984.858,5568.088,13392.21,1977.858,5657.118,13135.14,2009.544,5542.915,13437.21,1963.221,5812.404,13194.57,1969.389,5790.438,13492.85,1979.789,5661.184,13295.79,1989.36,5631.026,13369.82,2042.597,5582.042
13236.61,1983.353,5549.241,13261.49,1950.195,5862.601,13337.69,1980.544,5794.42,13107.7,1976.692,5637.915,13493.18,2022.614,5752.358,13123.39,2012.767,5731.632,13033.02,1973.057,5571.527,13450.72,1984.858,5567.974,13392.37,1977.858,5656.996,13135.27,2009.544,5542.754,13437.41,1963.221,5812.435,13194.77,1969.389,5790.365,13493.04,1979.789,5661.089,13295.95,1989.36,5630.894,13369.98,2042.597,5581.904
13236.75,1983.353,5549.087,13261.69,1950.195,5862.541,13337.86,1980.544,5794.531,13107.89,1976.692,5637.824,13493.38,2022.614,5752.308,13123.58,2012.767,5731.542,13033.18,1973.057,5571.386,13450.89,1984.858,5567.853,13392.54,1977.858,5656.869,13135.4,2009.544,5542.594,13437.62,1963.221,5812.459,13194.96,1969.389,5790.293,13493.22,1979.789,5660.989,13296.12,1989.36,5630.771,13370.13,2042.597,5581.766
13236.89,1983.353,5548.938,13261.89,1950.195,5862.487,13338.04,1980.544,5794.636,13108.07,1976.692,5637.727,13493.58,2022.614,5752.25,13123.77,2012.767,5731.468,13033.34,1973.057,5571.25,13451.06,1984.858,5567.727,13392.7,1977.858,5656.736,13135.54,2009.544,5542.437,13437.83,1963.221,5812.479,13195.16,1969.389,5790.214,13493.4,1979.789,5660.883,13296.28,1989.36,5630.642,13370.28,2042.597,5581.622
13237.04,1983.353,5548.794,13262.1,1950.195,5862.433,13338.23,1980.544,5794.735,13108.25,1976.692,5637.624,13493.78,2022.614,5752.187,13123.96,2012.767,5731.388,13033.5,1973.057,5571.119,13451.22,1984.858,5567.596,13392.86,1977.858,5656.598,13135.68,2009.544,5542.28,13438.03,1963.221,5812.492,13195.35,1969.389,5790.129,13493.58,1979.789,5660.78,13296.44,1989.36,5630.508,13370.43,2042.597,5581.474
13237.2,1983.353,5548.655,13262.3,1950.195,5862.386,13338.41,1980.544,5794.828,13108.43,1976.692,5637.519,13493.97,2022.614,5752.119,13124.15,2012.767,5731.301,13033.66,1973.057,5570.992,13451.38,1984.858,5567.459,13393.02,1977.858,5656.467,13135.82,2009.544,5542.126,13438.24,1963.221,5812.498,13195.53,1969.389,5790.038,13493.76,1979.789,5660.67,13296.59,1989.36,5630.369,13370.57,2042.597,5581.32
13237.35,1983.353,5548.515,13262.5,1950.195,5862.345,13338.6,1980.544,5794.915,13108.61,1976.692,5637.408,13494.17,2022.614,5752.045,13124.34,2012.767,5731.216,13033.83,1973.057,5570.871,13451.54,1984.858,5567.327,13393.19,1977.858,5656.347,13135.96,2009.544,5541.973,13438.45,1963.221,5812.497,13195.71,1969.389,5789.923,13493.93,1979.789,5660.556,13296.76,1989.36,5630.245,13370.71,2042.597,5581.162
13237.51,1983.353,5548.38,13262.71,1950.195,5862.297,13338.8,1980.544,5794.995,13108.78,1976.692,5637.293,13494.36,2022.614,5751.964,13124.53,2012.767,5731.125,13034.01,1973.057,5570.754,13451.7,1984.858,5567.189,13393.35,1977.858,5656.221,13136.1,2009.544,5541.821,13438.66,1963.221,5812.489,13195.89,1969.389,5789.814,13494.1,1979.789,5660.435,13296.93,1989.36,5630.122,13370.84,2042.597,5581.001
13237.67,1983.353,5548.251,13262.91,1950.195,5862.266,13338.99,1980.544,5795.069,13108.97,1976.692,5637.198,13494.56,2022.614,5751.898,13124.71,2012.767,5731.027,13034.18,1973.057,5570.642,13451.85,1984.858,5567.046,13393.52,1977.858,5656.09,13136.24,2009.544,5541.67,13438.87,1963.221,5812.474,13196.07,1969.389,5789.711,13494.27,1979.789,5660.314,13297.1,1989.36,5629.998,13370.98,2042.597,5580.845
13237.83,1983.353,5548.116,13263.12,1950.195,5862.236,13339.19,1980.544,5795.137,13109.15,1976.692,5637.097,13494.75,2022.614,5751.826,13124.9,2012.767,5730.923,13034.36,1973.057,5570.534,13452,1984.858,5566.899,13393.67,1977.858,5655.954,13136.39,2009.544,5541.521,13439.07,1963.221,5812.453,13196.25,1969.389,5789.614,13494.45,1979.789,5660.202,13297.26,1989.36,5629.868,13371.12,2042.597,5580.693
13238,1983.353,5547.987,13263.32,1950.195,5862.199,13339.39,1980.544,5795.199,13109.34,1976.692,5637.002,13494.95,2022.614,5751.748,13125.07,2012.767,5730.814,13034.54,1973.057,5570.431,13452.16,1984.858,5566.768,13393.83,1977.858,5655.812,13136.54,2009.544,5541.374,13439.28,1963.221,5812.424,13196.44,1969.389,5789.518,13494.62,1979.789,5660.084,13297.42,1989.36,5629.732,13371.26,2042.597,5580.537
13238.17,1983.353,5547.877,13263.53,1950.195,5862.155,13339.59,1980.544,5795.253,13109.52,1976.692,5636.901,13495.14,2022.614,5751.669,13125.25,2012.767,5730.71,13034.72,1973.057,5570.333,13452.32,1984.858,5566.641,13394,1977.858,5655.692,13136.69,2009.544,5541.228,13439.48,1963.221,5812.389,13196.62,1969.389,5789.428,13494.79,1979.789,5659.964,13297.57,1989.36,5629.592,13371.4,2042.597,5580.385
13238.35,1983.353,5547.762,13263.73,1950.195,5862.105,13339.79,1980.544,5795.302,13109.7,1976.692,5636.795,13495.33,2022.614,5751.585,13125.43,2012.767,5730.601,13034.91,1973.057,5570.239,13452.48,1984.858,5566.508,13394.16,1977.858,5655.566,13136.84,2009.544,5541.085,13439.69,1963.221,5812.379,13196.81,1969.389,5789.332,13494.97,1979.789,5659.865,13297.73,1989.36,5629.457,13371.55,2042.597,5580.238
13238.52,1983.353,5547.642,13263.93,1950.195,5862.048,13340,1980.544,5795.343,13109.87,1976.692,5636.683,13495.52,2022.614,5751.494,13125.62,2012.767,5730.508,13035.1,1973.057,5570.147,13452.65,1984.858,5566.381,13394.34,1977.858,5655.45,13136.99,2009.544,5540.945,13439.9,1963.221,5812.362,13196.99,1969.389,5789.23,13495.15,1979.789,5659.76,13297.89,1989.36,5629.316,13371.71,2042.597,5580.107
13238.69,1983.353,5547.529,13264.13,1950.195,5861.984,13340.2,1980.544,5795.378,13110.04,1976.692,5636.556,13495.7,2022.614,5751.397,13125.8,2012.767,5730.409,13035.29,1973.057,5570.059,13452.81,1984.858,5566.25,13394.5,1977.858,5655.329,13137.14,2009.544,5540.806,13440.11,1963.221,5812.338,13197.17,1969.389,5789.134,13495.33,1979.789,5659.65,13298.03,1989.36,5629.167,13371.88,2042.597,5579.979
13238.87,1983.353,5547.422,13264.33,1950.195,5861.917,13340.41,1980.544,5795.406,13110.21,1976.692,5636.435,13495.89,2022.614,5751.312,13125.98,2012.767,5730.304,13035.47,1973.057,5569.971,13452.97,1984.858,5566.115,13394.67,1977.858,5655.202,13137.3,2009.544,5540.667,13440.31,1963.221,5812.307,13197.36,1969.389,5789.033,13495.5,1979.789,5659.536,13298.18,1989.36,5629.023,13372.04,2042.597,5579.847
13239.05,1983.353,5547.309,13264.53,1950.195,5861.88,13340.61,1980.544,5795.427,13110.38,1976.692,5636.32,13496.08,2022.614,5751.233,13126.16,2012.767,5730.193,13035.66,1973.057,5569.884,13453.12,1984.858,5565.976,13394.83,1977.858,5655.069,13137.46,2009.544,5540.529,13440.52,1963.221,5812.27,13197.54,1969.389,5788.936,13495.68,1979.789,5659.417,13298.33,1989.36,5628.874,13372.19,2042.597,5579.708
13239.22,1983.353,5547.19,13264.73,1950.195,5861.836,13340.82,1980.544,5795.442,13110.56,1976.692,5636.21,13496.28,2022.614,5751.148,13126.33,2012.767,5730.076,13035.85,1973.057,5569.798,13453.29,1984.858,5565.854,13394.99,1977.858,5654.935,13137.61,2009.544,5540.392,13440.72,1963.221,5812.226,13197.73,1969.389,5788.845,13495.84,1979.789,5659.292,13298.47,1989.36,5628.724,13372.34,2042.597,5579.565
13239.38,1983.353,5547.066,13264.94,1950.195,5861.79,13341.03,1980.544,5795.45,13110.74,1976.692,5636.107,13496.46,2022.614,5751.057,13126.51,2012.767,5729.965,13036.04,1973.057,5569.714,13453.46,1984.858,5565.727,13395.15,1977.858,5654.796,13137.77,2009.544,5540.256,13440.92,1963.221,5812.185,13197.91,1969.389,5788.748,13496,1979.789,5659.161,13298.62,1989.36,5628.579,13372.49,2042.597,5579.417
13239.55,1983.353,5546.937,13265.14,1950.195,5861.737,13341.24,1980.544,5795.451,13110.92,1976.692,5635.999,13496.65,2022.614,5750.96,13126.69,2012.767,5729.86,13036.23,1973.057,5569.63,13453.62,1984.858,5565.595,13395.3,1977.858,5654.651,13137.93,2009.544,5540.122,13441.13,1963.221,5812.138,13198.09,1969.389,5788.645,13496.17,1979.789,5659.028,13298.77,1989.36,5628.43,13372.65,2042.597,5579.281
13239.71,1983.353,5546.802,13265.34,1950.195,5861.678,13341.45,1980.544,5795.445,13111.1,1976.692,5635.896,13496.83,2022.614,5750.857,13126.86,2012.767,5729.75,13036.42,1973.057,5569.54,13453.77,1984.858,5565.458,13395.45,1977.858,5654.508,13138.09,2009.544,5539.987,13441.33,1963.221,5812.084,13198.26,1969.389,5788.516,13496.32,1979.789,5658.89,13298.92,1989.36,5628.285,13372.8,2042.597,5579.14
13239.85,1983.353,5546.655,13265.54,1950.195,5861.614,13341.65,1980.544,5795.432,13111.28,1976.692,5635.798,13497.01,2022.614,5750.748,13127.04,2012.767,5729.633,13036.61,1973.057,5569.443,13453.93,1984.858,5565.315,13395.59,1977.858,5654.359,13138.25,2009.544,5539.852,13441.53,1963.221,5812.024,13198.43,1969.389,5788.393,13496.47,1979.789,5658.747,13299.07,1989.36,5628.149,13372.95,2042.597,5578.994
13240,1983.353,5546.512,13265.73,1950.195,5861.543,13341.86,1980.544,5795.413,13111.47,1976.692,5635.708,13497.18,2022.614,5750.633,13127.21,2012.767,5729.511,13036.79,1973.057,5569.34,13454.07,1984.858,5565.167,13395.75,1977.858,5654.227,13138.4,2009.544,5539.715,13441.73,1963.221,5811.958,13198.6,1969.389,5788.276,13496.62,1979.789,5658.601,13299.23,1989.36,5628.008,13373.1,2042.597,5578.852
13240.15,1983.353,5546.362,13265.93,1950.195,5861.466,13342.07,1980.544,5795.386,13111.66,1976.692,5635.623,13497.35,2022.614,5750.513,13127.36,2012.767,5729.375,13036.97,1973.057,5569.232,13454.22,1984.858,5565.015,13395.91,1977.858,5654.089,13138.56,2009.544,5539.579,13441.92,1963.221,5811.885,13198.76,1969.389,5788.145,13496.76,1979.789,5658.45,13299.38,1989.36,5627.863,13373.25,2042.597,5578.704
13240.29,1983.353,5546.211,13266.12,1950.195,5861.383,13342.27,1980.544,5795.353,13111.85,1976.692,5635.532,13497.52,2022.614,5750.387,13127.53,2012.767,5729.246,13037.15,1973.057,5569.128,13454.36,1984.858,5564.862,13396.06,1977.858,5653.947,13138.72,2009.544,5539.443,13442.11,1963.221,5811.805,13198.93,1969.389,5788.019,13496.91,1979.789,5658.305,13299.52,1989.36,5627.714,13373.39,2042.597,5578.552
13240.44,1983.353,5546.066,13266.31,1950.195,5861.294,13342.48,1980.544,5795.313,13112.03,1976.692,5635.435,13497.69,2022.614,5750.269,13127.69,2012.767,5729.121,13037.33,1973.057,5569.03,13454.5,1984.858,5564.705,13396.21,1977.858,5653.799,13138.88,2009.544,5539.306,13442.3,1963.221,5811.72,13199.1,1969.389,5787.898,13497.07,1979.789,5658.163,13299.66,1989.36,5627.56,13373.53,2042.597,5578.395
13240.6,1983.353,5545.925,13266.49,1950.195,5861.198,13342.68,1980.544,5795.267,13112.21,1976.692,5635.332,13497.86,2022.614,5750.146,13127.87,2012.767,5729.002,13037.52,1973.057,5568.935,13454.63,1984.858,5564.543,13396.35,1977.858,5653.647,13139.03,2009.544,5539.169,13442.49,1963.221,5811.628,13199.28,1969.389,5787.806,13497.21,1979.789,5658.017,13299.82,1989.36,5627.423,13373.66,2042.597,5578.233
13240.75,1983.353,5545.79,13266.69,1950.195,5861.123,13342.88,1980.544,5795.214,13112.39,1976.692,5635.223,13498.02,2022.614,5750.017,13128.04,2012.767,5728.889,13037.7,1973.057,5568.841,13454.75,1984.858,5564.377,13396.5,1977.858,5653.506,13139.19,2009.544,5539.032,13442.67,1963.221,5811.53,13199.47,1969.389,5787.708,13497.36,1979.789,5657.872,13299.97,1989.36,5627.28,13373.78,2042.597,5578.067
13240.92,1983.353,5545.659,13266.88,1950.195,5861.041,13343.08,1980.544,5795.154,13112.57,1976.692,5635.12,13498.18,2022.614,5749.882,13128.21,2012.767,5728.766,13037.88,1973.057,5568.74,13454.87,1984.858,5564.208,13396.65,1977.858,5653.359,13139.35,2009.544,5538.895,13442.85,1963.221,5811.426,13199.65,1969.389,5787.603,13497.51,1979.789,5657.722,13300.12,1989.36,5627.133,13373.91,2042.597,5577.9
13241.09,1983.353,5545.551,13267.07,1950.195,5860.957,13343.28,1980.544,5795.088,13112.76,1976.692,5635.022,13498.33,2022.614,5749.743,13128.38,2012.767,5728.642,13038.06,1973.057,5568.634,13455.02,1984.858,5564.055,13396.8,1977.858,5653.208,13139.5,2009.544,5538.759,13443.03,1963.221,5811.316,13199.82,1969.389,5787.493,13497.65,1979.789,5657.567,13300.27,1989.36,5626.987,13374.03,2042.597,5577.729
13241.27,1983.353,5545.438,13267.25,1950.195,5860.867,13343.47,1980.544,5795.016,13112.94,1976.692,5634.922,13498.48,2022.614,5749.598,13128.54,2012.767,5728.509,13038.24,1973.057,5568.532,13455.15,1984.858,5563.898,13396.94,1977.858,5653.053,13139.66,2009.544,5538.625,13443.2,1963.221,5811.201,13200,1969.389,5787.377,13497.78,1979.789,5657.409,13300.43,1989.36,5626.855,13374.15,2042.597,5577.562
13241.44,1983.353,5545.319,13267.44,1950.195,5860.773,13343.67,1980.544,5794.937,13113.12,1976.692,5634.822,13498.63,2022.614,5749.449,13128.7,2012.767,5728.38,13038.43,1973.057,5568.435,13455.28,1984.858,5563.736,13397.07,1977.858,5652.893,13139.82,2009.544,5538.494,13443.37,1963.221,5811.08,13200.17,1969.389,5787.255,13497.91,1979.789,5657.246,13300.59,1989.36,5626.719,13374.26,2042.597,5577.382
13241.61,1983.353,5545.194,13267.62,1950.195,5860.673,13343.86,1980.544,5794.852,13113.31,1976.692,5634.728,13498.77,2022.614,5749.294,13128.87,2012.767,5728.256,13038.61,1973.057,5568.332,13455.41,1984.858,5563.571,13397.2,1977.858,5652.728,13139.99,2009.544,5538.364,13443.54,1963.221,5810.953,13200.34,1969.389,5787.144,13498.04,1979.789,5657.078,13300.74,1989.36,5626.578,13374.35,2042.597,5577.196
13241.78,1983.353,5545.072,13267.81,1950.195,5860.575,13344.04,1980.544,5794.76,13113.5,1976.692,5634.636,13498.91,2022.614,5749.143,13129.04,2012.767,5728.137,13038.79,1973.057,5568.233,13455.53,1984.858,5563.401,13397.32,1977.858,5652.56,13140.15,2009.544,5538.235,13443.7,1963.221,5810.821,13200.51,1969.389,5787.026,13498.16,1979.789,5656.907,13300.89,1989.36,5626.431,13374.45,2042.597,5577.014
13241.96,1983.353,5544.971,13267.99,1950.195,5860.471,13344.23,1980.544,5794.663,13113.68,1976.692,5634.538,13499.05,2022.614,5748.987,13129.21,2012.767,5728.023,13038.98,1973.057,5568.139,13455.65,1984.858,5563.228,13397.44,1977.858,5652.387,13140.32,2009.544,5538.107,13443.86,1963.221,5810.689,13200.69,1969.389,5786.917,13498.27,1979.789,5656.731,13301.03,1989.36,5626.28,13374.54,2042.597,5576.825
13242.14,1983.353,5544.864,13268.16,1950.195,5860.361,13344.41,1980.544,5794.559,13113.87,1976.692,5634.453,13499.18,2022.614,5748.826,13129.38,2012.767,5727.899,13039.17,1973.057,5568.048,13455.76,1984.858,5563.05,13397.57,1977.858,5652.226,13140.48,2009.544,5537.983,13444.02,1963.221,5810.552,13200.86,1969.389,5786.803,13498.38,1979.789,5656.553,13301.18,1989.36,5626.132,13374.63,2042.597,5576.639
13242.32,1983.353,5544.761,13268.34,1950.195,5860.246,13344.59,1980.544,5794.45,13114.06,1976.692,5634.361,13499.31,2022.614,5748.661,13129.54,2012.767,5727.762,13039.36,1973.057,5567.961,13455.87,1984.858,5562.879,13397.69,1977.858,5652.06,13140.65,2009.544,5537.861,13444.17,1963.221,5810.41,13201.03,1969.389,5786.683,13498.51,1979.789,5656.391,13301.32,1989.36,5625.979,13374.73,2042.597,5576.456
13242.5,1983.353,5544.652,13268.51,1950.195,5860.125,13344.76,1980.544,5794.334,13114.24,1976.692,5634.263,13499.43,2022.614,5748.492,13129.7,2012.767,5727.63,13039.55,1973.057,5567.877,13455.99,1984.858,5562.704,13397.82,1977.858,5651.897,13140.82,2009.544,5537.741,13444.32,1963.221,5810.263,13201.2,1969.389,5786.557,13498.63,1979.789,5656.225,13301.46,1989.36,5625.822,13374.84,2042.597,5576.276
13242.67,1983.353,5544.538,13268.69,1950.195,5860.027,13344.93,1980.544,5794.214,13114.43,1976.692,5634.171,13499.56,2022.614,5748.327,13129.86,2012.767,5727.503,13039.73,1973.057,5567.788,13456.1,1984.858,5562.532,13397.95,1977.858,5651.731,13140.99,2009.544,5537.621,13444.47,1963.221,5810.122,13201.36,1969.389,5786.426,13498.75,1979.789,5656.054,13301.59,1989.36,5625.667,13374.95,2042.597,5576.101
13242.85,1983.353,5544.43,13268.87,1950.195,5859.923,13345.1,1980.544,5794.088,13114.62,1976.692,5634.086,13499.69,2022.614,5748.164,13130.03,2012.767,5727.382,13039.92,1973.057,5567.692,13456.24,1984.858,5562.374,13398.09,1977.858,5651.575,13141.16,2009.544,5537.499,13444.64,1963.221,5809.995,13201.53,1969.389,5786.301,13498.88,1979.789,5655.885,13301.75,1989.36,5625.529,13375.05,2042.597,5575.917
13243.02,1983.353,5544.317,13269.05,1950.195,5859.813,13345.27,1980.544,5793.967,13114.8,1976.692,5633.994,13499.82,2022.614,5748.002,13130.21,2012.767,5727.267,13040.11,1973.057,5567.6,13456.37,1984.858,5562.211,13398.23,1977.858,5651.424,13141.33,2009.544,5537.378,13444.8,1963.221,5809.866,13201.7,1969.389,5786.176,13499,1979.789,5655.72,13301.9,1989.36,5625.387,13375.15,2042.597,5575.736
13243.21,1983.353,5544.215,13269.22,1950.195,5859.697,13345.43,1980.544,5793.844,13114.99,1976.692,5633.899,13499.93,2022.614,5747.825,13130.38,2012.767,5727.152,13040.29,1973.057,5567.511,13456.5,1984.858,5562.045,13398.37,1977.858,5651.273,13141.5,2009.544,5537.256,13444.96,1963.221,5809.731,13201.87,1969.389,5786.057,13499.13,1979.789,5655.56,13302.05,1989.36,5625.24,13375.26,2042.597,5575.559
13243.38,1983.353,5544.108,13269.39,1950.195,5859.576,13345.61,1980.544,5793.729,13115.18,1976.692,5633.81,13500.04,2022.614,5747.652,13130.54,2012.767,5727.014,13040.48,1973.057,5567.417,13456.63,1984.858,5561.887,13398.51,1977.858,5651.118,13141.67,2009.544,5537.135,13445.12,1963.221,5809.592,13202.04,1969.389,5785.939,13499.26,1979.789,5655.395,13302.21,1989.36,5625.105,13375.38,2042.597,5575.385
13243.56,1983.353,5543.995,13269.56,1950.195,5859.449,13345.78,1980.544,5793.616,13115.36,1976.692,5633.715,13500.17,2022.614,5747.483,13130.7,2012.767,5726.881,13040.67,1973.057,5567.325,13456.76,1984.858,5561.724,13398.66,1977.858,5650.976,13141.84,2009.544,5537.014,13445.27,1963.221,5809.448,13202.21,1969.389,5785.815,13499.38,1979.789,5655.226,13302.38,1989.36,5624.98,13375.5,2042.597,5575.215
13243.74,1983.353,5543.892,13269.72,1950.195,5859.317,13345.95,1980.544,5793.496,13115.55,1976.692,5633.627,13500.28,2022.614,5747.311,13130.85,2012.767,5726.74,13040.86,1973.057,5567.237,13456.89,1984.858,5561.558,13398.81,1977.858,5650.828,13142.01,2009.544,5536.893,13445.41,1963.221,5809.302,13202.37,1969.389,5785.687,13499.5,1979.789,5655.053,13302.54,1989.36,5624.85,13375.62,2042.597,5575.049
13243.92,1983.353,5543.784,13269.87,1950.195,5859.18,13346.12,1980.544,5793.371,13115.74,1976.692,5633.542,13500.39,2022.614,5747.134,13131.01,2012.767,5726.604,13041.05,1973.057,5567.152,13457.01,1984.858,5561.387,13398.95,1977.858,5650.676,13142.18,2009.544,5536.773,13445.56,1963.221,5809.151,13202.53,1969.389,5785.552,13499.61,1979.789,5654.876,13302.7,1989.36,5624.72,13375.75,2042.597,5574.888
13244.09,1983.353,5543.669,13270.03,1950.195,5859.037,13346.28,1980.544,5793.241,13115.93,1976.692,5633.451,13500.51,2022.614,5746.961,13131.17,2012.767,5726.474,13041.24,1973.057,5567.071,13457.15,1984.858,5561.235,13399.09,1977.858,5650.52,13142.35,2009.544,5536.655,13445.7,1963.221,5808.996,13202.68,1969.389,5785.413,13499.72,1979.789,5654.697,13302.87,1989.36,5624.598,13375.9,2042.597,5574.742
13244.28,1983.353,5543.573,13270.17,1950.195,5858.892,13346.44,1980.544,5793.105,13116.12,1976.692,5633.366,13500.62,2022.614,5746.785,13131.34,2012.767,5726.349,13041.43,1973.057,5566.983,13457.29,1984.858,5561.079,13399.23,1977.858,5650.359,13142.52,2009.544,5536.537,13445.83,1963.221,5808.838,13202.83,1969.389,5785.269,13499.82,1979.789,5654.518,13303.04,1989.36,5624.478,13376.05,2042.597,5574.592
13244.47,1983.353,5543.49,13270.33,1950.195,5858.748,13346.59,1980.544,5792.964,13116.31,1976.692,5633.287,13500.73,2022.614,5746.611,13131.49,2012.767,5726.205,13041.61,1973.057,5566.889,13457.42,1984.858,5560.918,13399.38,1977.858,5650.218,13142.69,2009.544,5536.421,13445.96,1963.221,5808.677,13202.97,1969.389,5785.11,13499.94,1979.789,5654.343,13303.21,1989.36,5624.352,13376.19,2042.597,5574.437
13244.66,1983.353,5543.4,13270.47,1950.195,5858.6,13346.74,1980.544,5792.819,13116.5,1976.692,5633.202,13500.85,2022.614,5746.436,13131.65,2012.767,5726.065,13041.8,1973.057,5566.799,13457.55,1984.858,5560.753,13399.53,1977.858,5650.071,13142.87,2009.544,5536.308,13446.09,1963.221,5808.511,13203.11,1969.389,5784.957,13500.05,1979.789,5654.171,13303.37,1989.36,5624.221,13376.35,2042.597,5574.308
13244.84,1983.353,5543.305,13270.61,1950.195,5858.446,13346.89,1980.544,5792.668,13116.69,1976.692,5633.111,13500.96,2022.614,5746.257,13131.79,2012.767,5725.914,13041.99,1973.057,5566.713,13457.66,1984.858,5560.582,13399.68,1977.858,5649.931,13143.05,2009.544,5536.198,13446.22,1963.221,5808.345,13203.26,1969.389,5784.807,13500.19,1979.789,5654.015,13303.53,1989.36,5624.085,13376.51,2042.597,5574.173
13245.02,1983.353,5543.204,13270.76,1950.195,5858.295,13347.03,1980.544,5792.513,13116.87,1976.692,5633.013,13501.08,2022.614,5746.089,13131.94,2012.767,5725.767,13042.18,1973.057,5566.63,13457.79,1984.858,5560.415,13399.83,1977.858,5649.785,13143.22,2009.544,5536.089,13446.34,1963.221,5808.175,13203.4,1969.389,5784.653,13500.32,1979.789,5653.854,13303.69,1989.36,5623.95,13376.66,2042.597,5574.034
13245.28,1983.353,5543.049,13270.96,1950.195,5858.071,13347.22,1980.544,5792.283,13117.14,1976.692,5632.881,13501.25,2022.614,5745.842,13132.16,2012.767,5725.562,13042.45,1973.057,5566.501,13457.94,1984.858,5560.156,13400.04,1977.858,5649.568,13143.48,2009.544,5535.931,13446.52,1963.221,5807.936,13203.57,1969.389,5784.405,13500.51,1979.789,5653.616,13303.92,1989.36,5623.763,13376.88,2042.597,5573.826
13245.47,1983.353,5542.927,13271.1,1950.195,5857.898,13347.36,1980.544,5792.105,13117.35,1976.692,5632.79,13501.37,2022.614,5745.652,13132.31,2012.767,5725.396,13042.65,1973.057,5566.398,13458.06,1984.858,5559.967,13400.19,1977.858,5649.401,13143.67,2009.544,5535.812,13446.65,1963.221,5807.753,13203.7,1969.389,5784.223,13500.64,1979.789,5653.434,13304.1,1989.36,5623.629,13377.04,2042.597,5573.665
13245.72,1983.353,5542.754,13271.29,1950.195,5857.659,13347.54,1980.544,5791.861,13117.62,1976.692,5632.657,13501.52,2022.614,5745.392,13132.52,2012.767,5725.18,13042.92,1973.057,5566.265,13458.23,1984.858,5559.717,13400.41,1977.858,5649.19,13143.93,2009.544,5535.652,13446.82,1963.221,5807.501,13203.86,1969.389,5783.969,13500.81,1979.789,5653.182,13304.35,1989.36,5623.457,13377.25,2042.597,5573.45
13246.04,1983.353,5542.514,13271.54,1950.195,5857.346,13347.76,1980.544,5791.528,13117.98,1976.692,5632.468,13501.72,2022.614,5745.039,13132.79,2012.767,5724.877,13043.29,1973.057,5566.094,13458.47,1984.858,5559.392,13400.69,1977.858,5648.899,13144.27,2009.544,5535.435,13447.07,1963.221,5807.184,13204.1,1969.389,5783.639,13501.06,1979.789,5652.866,13304.69,1989.36,5623.237,13377.54,2042.597,5573.167
13246.41,1983.353,5542.22,13271.83,1950.195,5856.97,13348.03,1980.544,5791.139,13118.4,1976.692,5632.26,13501.96,2022.614,5744.632,13133.11,2012.767,5724.533,13043.71,1973.057,5565.88,13458.77,1984.858,5559.021,13401.05,1977.858,5648.602,13144.66,2009.544,5535.173,13447.35,1963.221,5806.803,13204.38,1969.389,5783.261,13501.34,1979.789,5652.486,13305.1,1989.36,5622.994,13377.87,2042.597,5572.826
13246.94,1983.353,5541.826,13272.21,1950.195,5856.432,13348.35,1980.544,5790.558,13119.01,1976.692,5631.99,13502.32,2022.614,5744.075,13133.54,2012.767,5724.032,13044.29,1973.057,5565.562,13459.19,1984.858,5558.515,13401.58,1977.858,5648.203,13145.21,2009.544,5534.8,13447.73,1963.221,5806.266,13204.79,1969.389,5782.747,13501.73,1979.789,5651.954,13305.65,1989.36,5622.635,13378.29,2042.597,5572.322
13247.25,1983.353,5541.558,13272.44,1950.195,5856.089,13348.55,1980.544,5790.203,13119.38,1976.692,5631.811,13502.56,2022.614,5743.747,13133.82,2012.767,5723.728,13044.65,1973.057,5565.372,13459.45,1984.858,5558.193,13401.92,1977.858,5647.966,13145.54,2009.544,5534.566,13447.96,1963.221,5805.924,13205.08,1969.389,5782.449,13501.97,1979.789,5651.619,13305.99,1989.36,5622.401,13378.57,2042.597,5572.017
13247.77,1983.353,5541.14,13272.74,1950.195,5855.494,13348.91,1980.544,5789.64,13119.96,1976.692,5631.503,13502.95,2022.614,5743.203,13134.28,2012.767,5723.25,13045.25,1973.057,5565.077,13459.88,1984.858,5557.685,13402.47,1977.858,5647.6,13146.08,2009.544,5534.179,13448.31,1963.221,5805.358,13205.52,1969.389,5781.953,13502.37,1979.789,5651.089,13306.52,1989.36,5622.005,13379.03,2042.597,5571.539
13248.32,1983.353,5540.724,13273.06,1950.195,5854.887,13349.26,1980.544,5789.046,13120.56,1976.692,5631.166,13503.32,2022.614,5742.627,13134.77,2012.767,5722.769,13045.87,1973.057,5564.78,13460.34,1984.858,5557.173,13403.05,1977.858,5647.235,13146.64,2009.544,5533.77,13448.66,1963.221,5804.765,13206,1969.389,5781.456,13502.81,1979.789,5650.554,13307.06,1989.36,5621.578,13379.53,2042.597,5571.059
13248.84,1983.353,5540.201,13273.43,1950.195,5854.25,13349.69,1980.544,5788.453,13121.21,1976.692,5630.809,13503.71,2022.614,5741.999,13135.31,2012.767,5722.27,13046.53,1973.057,5564.44,13460.85,1984.858,5556.642,13403.67,1977.858,5646.824,13147.22,2009.544,5533.323,13449.01,1963.221,5804.117,13206.49,1969.389,5780.907,13503.29,1979.789,5649.998,13307.63,1989.36,5621.101,13380.04,2042.597,5570.536
13249.42,1983.353,5539.655,13273.85,1950.195,5853.575,13350.14,1980.544,5787.797,13121.91,1976.692,5630.429,13504.03,2022.614,5741.271,13135.92,2012.767,5721.748,13047.22,1973.057,5564.051,13461.32,1984.858,5556.002,13404.31,1977.858,5646.359,13147.85,2009.544,5532.828,13449.42,1963.221,5803.431,13207.06,1969.389,5780.351,13503.83,1979.789,5649.414,13308.29,1989.36,5620.664,13380.55,2042.597,5569.925
13250.05,1983.353,5539.1,13274.32,1950.195,5852.879,13350.6,1980.544,5787.091,13122.65,1976.692,5630.033,13504.34,2022.614,5740.493,13136.57,2012.767,5721.218,13047.94,1973.057,5563.618,13461.85,1984.858,5555.355,13404.98,1977.858,5645.848,13148.51,2009.544,5532.313,13449.82,1963.221,5802.694,13207.64,1969.389,5779.746,13504.42,1979.789,5648.817,13308.98,1989.36,5620.18,13381.11,2042.597,5569.293
13250.73,1983.353,5538.538,13274.79,1950.195,5852.136,13351.05,1980.544,5786.333,13123.41,1976.692,5629.593,13504.72,2022.614,5739.694,13137.26,2012.767,5720.681,13048.7,1973.057,5563.183,13462.39,1984.858,5554.656,13405.66,1977.858,5645.287,13149.21,2009.544,5531.777,13450.21,1963.221,5801.907,13208.23,1969.389,5779.09,13505.06,1979.789,5648.211,13309.68,1989.36,5619.648,13381.66,2042.597,5568.61
13251.46,1983.353,5537.968,13275.34,1950.195,5851.382,13351.5,1980.544,5785.517,13124.2,1976.692,5629.104,13505.08,2022.614,5738.836,13138.02,2012.767,5720.136,13049.53,1973.057,5562.743,13463.05,1984.858,5553.996,13406.36,1977.858,5644.671,13149.95,2009.544,5531.216,13450.6,1963.221,5801.061,13208.83,1969.389,5778.377,13505.76,1979.789,5647.593,13310.4,1989.36,5619.063,13382.25,2042.597,5567.887
13252.26,1983.353,5537.397,13275.92,1950.195,5850.595,13351.94,1980.544,5784.648,13125.04,1976.692,5628.6,13505.48,2022.614,5737.947,13138.83,2012.767,5719.589,13050.37,1973.057,5562.255,13463.72,1984.858,5553.283,13407.1,1977.858,5644.045,13150.73,2009.544,5530.632,13450.98,1963.221,5800.162,13209.48,1969.389,5777.651,13506.51,1979.789,5646.97,13311.14,1989.36,5618.425,13382.84,2042.597,5567.109
13253.14,1983.353,5536.805,13276.57,1950.195,5849.756,13352.39,1980.544,5783.688,13125.95,1976.692,5628.06,13505.89,2022.614,5736.967,13139.72,2012.767,5719.021,13051.27,1973.057,5561.694,13464.42,1984.858,5552.485,13407.93,1977.858,5643.384,13151.58,2009.544,5530.004,13451.36,1963.221,5799.172,13210.21,1969.389,5776.886,13507.35,1979.789,5646.319,13311.92,1989.36,5617.706,13383.38,2042.597,5566.198
13254.36,1983.353,5536.226,13277.42,1950.195,5848.706,13352.97,1980.544,5782.462,13127.12,1976.692,5627.381,13506.43,2022.614,5735.726,13140.89,2012.767,5718.331,13052.4,1973.057,5560.941,13465.27,1984.858,5551.437,13408.96,1977.858,5642.505,13152.68,2009.544,5529.206,13451.81,1963.221,5797.893,13211.13,1969.389,5775.889,13508.44,1979.789,5645.524,13312.89,1989.36,5616.756,13384.11,2042.597,5565.058
13255.13,1983.353,5535.833,13277.94,1950.195,5848.021,13353.31,1980.544,5781.672,13127.85,1976.692,5626.927,13506.79,2022.614,5734.946,13141.64,2012.767,5717.916,13053.12,1973.057,5560.484,13465.85,1984.858,5550.802,13409.6,1977.858,5641.926,13153.38,2009.544,5528.716,13452.06,1963.221,5797.072,13211.73,1969.389,5775.275,13509.13,1979.789,5645.014,13313.52,1989.36,5616.173,13384.55,2042.597,5564.319
13256.65,1983.353,5534.984,13279.04,1950.195,5846.661,13354.24,1980.544,5780.195,13129.31,1976.692,5625.961,13507.56,2022.614,5733.375,13143.2,2012.767,5717.117,13054.63,1973.057,5559.592,13467.08,1984.858,5549.557,13410.85,1977.858,5640.707,13154.83,2009.544,5527.732,13452.64,1963.221,5795.421,13212.94,1969.389,5774.016,13510.53,1979.789,5643.966,13314.84,1989.36,5615.031,13385.5,2042.597,5562.848
13256.9,1983.353,5534.833,13279.22,1950.195,5846.428,13354.39,1980.544,5779.942,13129.55,1976.692,5625.802,13507.69,2022.614,5733.115,13143.46,2012.767,5716.984,13054.87,1973.057,5559.435,13467.28,1984.858,5549.342,13411.06,1977.858,5640.496,13155.07,2009.544,5527.575,13452.72,1963.221,5795.142,13213.15,1969.389,5773.812,13510.77,1979.789,5643.79,13315.07,1989.36,5614.847,13385.65,2042.597,5562.596
13258.09,1983.353,5534.071,13280.08,1950.195,5845.315,13355.06,1980.544,5778.706,13130.74,1976.692,5625.051,13508.36,2022.614,5731.878,13144.71,2012.767,5716.347,13056.03,1973.057,5558.639,13468.2,1984.858,5548.277,13412,1977.858,5639.451,13156.26,2009.544,5526.818,13453.19,1963.221,5793.813,13214.19,1969.389,5772.857,13511.88,1979.789,5642.933,13316.19,1989.36,5613.999,13386.4,2042.597,5561.411
13259.1,1983.353,5533.37,13280.87,1950.195,5844.365,13355.69,1980.544,5777.645,13131.76,1976.692,5624.36,13508.97,2022.614,5730.808,13145.81,2012.767,5715.792,13057.07,1973.057,5557.97,13468.97,1984.858,5547.318,13412.84,1977.858,5638.553,13157.3,2009.544,5526.154,13453.43,1963.221,5792.604,13215.08,1969.389,5772.011,13512.86,1979.789,5642.178,13317.19,1989.36,5613.281,13387.1,2042.597,5560.395
13260.09,1983.353,5532.635,13281.69,1950.195,5843.44,13356.28,1980.544,5776.563,13132.77,1976.692,5623.64,13509.61,2022.614,5729.75,13146.91,2012.767,5715.239,13058.12,1973.057,5557.328,13469.72,1984.858,5546.333,13413.72,1977.858,5637.683,13158.33,2009.544,5525.484,13453.72,1963.221,5791.403,13215.97,1969.389,5771.155,13513.81,1979.789,5641.396,13318.22,1989.36,5612.589,13387.76,2042.597,5559.349
13261.03,1983.353,5531.895,13282.5,1950.195,5842.574,13356.87,1980.544,5775.529,13133.74,1976.692,5622.957,13510.25,2022.614,5728.745,13147.98,2012.767,5714.709,13059.12,1973.057,5556.675,13470.4,1984.858,5545.36,13414.59,1977.858,5636.871,13159.32,2009.544,5524.825,13454.03,1963.221,5790.254,13216.82,1969.389,5770.319,13514.71,1979.789,5640.616,13319.22,1989.36,5611.948,13388.38,2042.597,5558.335
13261.9,1983.353,5531.157,13283.31,1950.195,5841.769,13357.41,1980.544,5774.52,13134.68,1976.692,5622.315,13510.88,2022.614,5727.795,13149,2012.767,5714.204,13060.05,1973.057,5556.019,13471.03,1984.858,5544.407,13415.45,1977.858,5636.12,13160.26,2009.544,5524.181,13454.36,1963.221,5789.164,13217.62,1969.389,5769.509,13515.55,1979.789,5639.846,13320.2,1989.36,5611.36,13389.01,2042.597,5557.384
13262.72,1983.353,5530.409,13284.13,1950.195,5841.008,13357.9,1980.544,5773.518,13135.61,1976.692,5621.699,13511.52,2022.614,5726.882,13150,2012.767,5713.713,13060.94,1973.057,5555.349,13471.54,1984.858,5543.415,13416.31,1977.858,5635.414,13161.18,2009.544,5523.541,13454.72,1963.221,5788.109,13218.4,1969.389,5768.709,13516.35,1979.789,5639.071,13321.17,1989.36,5610.812,13389.66,2042.597,5556.475
13263.5,1983.353,5529.656,13284.94,1950.195,5840.295,13358.34,1980.544,5772.531,13136.52,1976.692,5621.11,13512.16,2022.614,5726.011,13150.97,2012.767,5713.24,13061.79,1973.057,5554.67,13472.06,1984.858,5542.468,13417.17,1977.858,5634.756,13162.05,2009.544,5522.909,13455.11,1963.221,5787.097,13219.14,1969.389,5767.924,13517.11,1979.789,5638.299,13322.12,1989.36,5610.307,13390.3,2042.597,5555.6
13264.2,1983.353,5528.933,13285.72,1950.195,5839.656,13358.72,1980.544,5771.599,13137.35,1976.692,5620.537,13512.78,2022.614,5725.215,13151.88,2012.767,5712.802,13062.59,1973.057,5554.062,13472.58,1984.858,5541.603,13417.99,1977.858,5634.169,13162.87,2009.544,5522.312,13455.5,1963.221,5786.167,13219.83,1969.389,5767.187,13517.8,1979.789,5637.562,13323.03,1989.36,5609.863,13390.92,2042.597,5554.805
13264.87,1983.353,5528.286,13286.46,1950.195,5839.089,13359.05,1980.544,5770.728,13138.13,1976.692,5620.031,13513.37,2022.614,5724.495,13152.71,2012.767,5712.375,13063.35,1973.057,5553.521,13473.08,1984.858,5540.82,13418.76,1977.858,5633.647,13163.61,2009.544,5521.752,13455.88,1963.221,5785.32,13220.46,1969.389,5766.499,13518.44,1979.789,5636.889,13323.85,1989.36,5609.426,13391.51,2042.597,5554.09
13265.69,1983.353,5527.544,13287.36,1950.195,5838.445,13359.4,1980.544,5769.68,13139.08,1976.692,5619.461,13514.08,2022.614,5723.656,13153.67,2012.767,5711.838,13064.27,1973.057,5552.906,13473.71,1984.858,5539.911,13419.69,1977.858,5633.049,13164.49,2009.544,5521.082,13456.37,1963.221,5784.329,13221.19,1969.389,5765.674,13519.21,1979.789,5636.1,13324.81,1989.36,5608.875,13392.13,2042.597,5553.172
13266.32,1983.353,5527.011,13288.01,1950.195,5837.942,13359.64,1980.544,5768.891,13139.77,1976.692,5619.013,13514.64,2022.614,5723.045,13154.38,2012.767,5711.418,13064.96,1973.057,5552.467,13474.16,1984.858,5539.217,13420.39,1977.858,5632.62,13165.15,2009.544,5520.589,13456.76,1963.221,5783.602,13221.76,1969.389,5765.075,13519.8,1979.789,5635.517,13325.51,1989.36,5608.442,13392.61,2042.597,5552.503
13267.39,1983.353,5526.161,13289.07,1950.195,5837.073,13359.99,1980.544,5767.569,13140.94,1976.692,5618.307,13515.58,2022.614,5722.054,13155.54,2012.767,5710.686,13066.14,1973.057,5551.768,13474.93,1984.858,5538.091,13421.58,1977.858,5631.938,13166.24,2009.544,5519.764,13457.44,1963.221,5782.416,13222.73,1969.389,5764.109,13520.77,1979.789,5634.559,13326.65,1989.36,5607.686,13393.45,2042.597,5551.42
13267.63,1983.353,5525.98,13289.3,1950.195,5836.873,13360.06,1980.544,5767.272,13141.21,1976.692,5618.158,13515.8,2022.614,5721.839,13155.79,2012.767,5710.516,13066.41,1973.057,5551.62,13475.1,1984.858,5537.835,13421.85,1977.858,5631.793,13166.49,2009.544,5519.588,13457.59,1963.221,5782.147,13222.95,1969.389,5763.9,13520.99,1979.789,5634.348,13326.9,1989.36,5607.51,13393.62,2042.597,5551.173
13268.74,1983.353,5525.207,13290.28,1950.195,5835.951,13360.41,1980.544,5765.97,13142.36,1976.692,5617.463,13516.78,2022.614,5720.914,13156.89,2012.767,5709.731,13067.6,1973.057,5550.996,13475.86,1984.858,5536.723,13423.05,1977.858,5631.183,13167.59,2009.544,5518.814,13458.18,1963.221,5780.939,13223.95,1969.389,5763.006,13521.97,1979.789,5633.421,13327.97,1989.36,5606.694,13394.45,2042.597,5550.106
13269.27,1983.353,5524.859,13290.73,1950.195,5835.501,13360.59,1980.544,5765.361,13142.91,1976.692,5617.153,13517.25,2022.614,5720.49,13157.39,2012.767,5709.347,13068.17,1973.057,5550.716,13476.2,1984.858,5536.186,13423.62,1977.858,5630.91,13168.11,2009.544,5518.461,13458.44,1963.221,5780.361,13224.44,1969.389,5762.599,13522.43,1979.789,5632.987,13328.46,1989.36,5606.293,13394.82,2042.597,5549.591
13269.97,1983.353,5524.432,13291.29,1950.195,5834.901,13360.84,1980.544,5764.579,13143.62,1976.692,5616.729,13517.88,2022.614,5719.958,13158.03,2012.767,5708.83,13068.92,1973.057,5550.369,13476.61,1984.858,5535.478,13424.37,1977.858,5630.577,13168.81,2009.544,5518.016,13458.76,1963.221,5779.601,13225.09,1969.389,5762.089,13523.04,1979.789,5632.429,13329.08,1989.36,5605.754,13395.32,2042.597,5548.94
13270.66,1983.353,5523.926,13291.85,1950.195,5834.258,13361.13,1980.544,5763.775,13144.35,1976.692,5616.294,13518.54,2022.614,5719.423,13158.7,2012.767,5708.291,13069.68,1973.057,5549.983,13477.03,1984.858,5534.729,13425.16,1977.858,5630.252,13169.53,2009.544,5517.568,13459.06,1963.221,5778.801,13225.77,1969.389,5761.58,13523.67,1979.789,5631.853,13329.71,1989.36,5605.173,13395.84,2042.597,5548.262
13271.67,1983.353,5523.236,13292.63,1950.195,5833.314,13361.58,1980.544,5762.641,13145.41,1976.692,5615.683,13519.51,2022.614,5718.685,13159.64,2012.767,5707.52,13070.75,1973.057,5549.396,13477.59,1984.858,5533.649,13426.3,1977.858,5629.819,13170.57,2009.544,5516.931,13459.48,1963.221,5777.658,13226.77,1969.389,5760.882,13524.57,1979.789,5631.034,13330.58,1989.36,5604.315,13396.59,2042.597,5547.3
13271.93,1983.353,5523.067,13292.83,1950.195,5833.077,13361.69,1980.544,5762.344,13145.68,1976.692,5615.527,13519.77,2022.614,5718.501,13159.88,2012.767,5707.319,13071.02,1973.057,5549.236,13477.73,1984.858,5533.366,13426.6,1977.858,5629.715,13170.85,2009.544,5516.775,13459.58,1963.221,5777.359,13227.03,1969.389,5760.698,13524.8,1979.789,5630.823,13330.8,1989.36,5604.086,13396.77,2042.597,5547.045
13273.41,1983.353,5522.194,13294,1950.195,5831.825,13362.25,1980.544,5760.726,13147.17,1976.692,5614.691,13521.19,2022.614,5717.543,13161.2,2012.767,5706.229,13072.46,1973.057,5548.316,13478.53,1984.858,5531.85,13428.23,1977.858,5629.196,13172.33,2009.544,5515.922,13460.18,1963.221,5775.755,13228.41,1969.389,5759.68,13526.08,1979.789,5629.683,13331.93,1989.36,5602.806,13397.8,2042.597,5545.674
13274.12,1983.353,5521.735,13294.6,1950.195,5831.221,13362.55,1980.544,5759.93,13147.91,1976.692,5614.253,13521.91,2022.614,5717.086,13161.86,2012.767,5705.685,13073.2,1973.057,5547.88,13478.95,1984.858,5531.108,13429.04,1977.858,5628.912,13173.08,2009.544,5515.512,13460.5,1963.221,5774.965,13229.08,1969.389,5759.165,13526.72,1979.789,5629.117,13332.52,1989.36,5602.187,13398.3,2042.597,5544.986
13274.67,1983.353,5521.363,13295.08,1950.195,5830.769,13362.81,1980.544,5759.323,13148.47,1976.692,5613.919,13522.47,2022.614,5716.749,13162.36,2012.767,5705.262,13073.75,1973.057,5547.525,13479.28,1984.858,5530.539,13429.65,1977.858,5628.672,13173.66,2009.544,5515.207,13460.73,1963.221,5774.346,13229.6,1969.389,5758.759,13527.21,1979.789,5628.681,13332.99,1989.36,5601.724,13398.68,2042.597,5544.448
13276.14,1983.353,5520.283,13296.45,1950.195,5829.56,13363.42,1980.544,5757.602,13150.02,1976.692,5612.947,13524.07,2022.614,5715.857,13163.76,2012.767,5704.087,13075.31,1973.057,5546.581,13480.24,1984.858,5528.99,13431.33,1977.858,5627.952,13175.27,2009.544,5514.341,13461.41,1963.221,5772.653,13231.03,1969.389,5757.618,13528.58,1979.789,5627.474,13334.33,1989.36,5600.484,13399.76,2042.597,5542.976
13276.63,1983.353,5519.897,13296.93,1950.195,5829.161,13363.65,1980.544,5757.02,13150.55,1976.692,5612.62,13524.62,2022.614,5715.568,13164.24,2012.767,5703.683,13075.84,1973.057,5546.24,13480.59,1984.858,5528.47,13431.89,1977.858,5627.686,13175.81,2009.544,5514.031,13461.67,1963.221,5772.081,13231.51,1969.389,5757.22,13529.05,1979.789,5627.061,13334.8,1989.36,5600.074,13400.14,2042.597,5542.48
13277.54,1983.353,5519.133,13297.87,1950.195,5828.434,13364.12,1980.544,5755.929,13151.54,1976.692,5611.967,13525.69,2022.614,5715.048,13165.14,2012.767,5702.912,13076.85,1973.057,5545.615,13481.28,1984.858,5527.506,13432.95,1977.858,5627.147,13176.83,2009.544,5513.419,13462.18,1963.221,5771.011,13232.42,1969.389,5756.455,13529.94,1979.789,5626.278,13335.72,1989.36,5599.326,13400.89,2042.597,5541.56
13278.45,1983.353,5518.315,13298.86,1950.195,5827.714,13364.64,1980.544,5754.82,13152.57,1976.692,5611.306,13526.8,2022.614,5714.544,13166.07,2012.767,5702.114,13077.87,1973.057,5544.936,13482.02,1984.858,5526.528,13434.03,1977.858,5626.556,13177.86,2009.544,5512.761,13462.75,1963.221,5769.925,13233.34,1969.389,5755.653,13530.86,1979.789,5625.47,13336.7,1989.36,5598.586,13401.64,2042.597,5540.594
13279.36,1983.353,5517.444,13299.91,1950.195,5827.008,13365.21,1980.544,5753.698,13153.64,1976.692,5610.638,13527.97,2022.614,5714.059,13167.02,2012.767,5701.29,13078.89,1973.057,5544.204,13482.8,1984.858,5525.54,13435.11,1977.858,5625.912,13178.91,2009.544,5512.059,13463.37,1963.221,5768.828,13234.28,1969.389,5754.817,13531.81,1979.789,5624.64,13337.73,1989.36,5597.858,13402.39,2042.597,5539.583
13280.27,1983.353,5516.52,13301,1950.195,5826.318,13365.84,1980.544,5752.567,13154.71,1976.692,5609.919,13529.17,2022.614,5713.596,13167.99,2012.767,5700.441,13079.96,1973.057,5543.479,13483.63,1984.858,5524.544,13436.2,1977.858,5625.215,13179.96,2009.544,5511.313,13464.04,1963.221,5767.724,13235.24,1969.389,5753.948,13532.78,1979.789,5623.788,13338.8,1989.36,5597.146,13403.14,2042.597,5538.528
13281.17,1983.353,5515.539,13302.15,1950.195,5825.644,13366.52,1980.544,5751.424,13155.8,1976.692,5609.146,13530.43,2022.614,5713.155,13168.99,2012.767,5699.563,13081.08,1973.057,5542.757,13484.51,1984.858,5523.547,13437.3,1977.858,5624.462,13181.03,2009.544,5510.516,13464.77,1963.221,5766.611,13236.21,1969.389,5753.042,13533.78,1979.789,5622.91,13339.94,1989.36,5596.449,13403.94,2042.597,5537.465
13282.12,1983.353,5514.565,13303.34,1950.195,5824.992,13367.25,1980.544,5750.278,13156.88,1976.692,5608.322,13531.73,2022.614,5712.742,13170.01,2012.767,5698.661,13082.24,1973.057,5542.047,13485.44,1984.858,5522.556,13438.39,1977.858,5623.654,13182.1,2009.544,5509.682,13465.55,1963.221,5765.497,13237.2,1969.389,5752.103,13534.8,1979.789,5622.01,13341.08,1989.36,5595.699,13404.79,2042.597,5536.398
13283.12,1983.353,5513.609,13304.53,1950.195,5824.291,13368.04,1980.544,5749.139,13157.99,1976.692,5607.502,13533.03,2022.614,5712.28,13171.04,2012.767,5697.74,13083.4,1973.057,5541.288,13486.42,1984.858,5521.582,13439.48,1977.858,5622.799,13183.18,2009.544,5508.818,13466.29,1963.221,5764.323,13238.23,1969.389,5751.178,13535.87,1979.789,5621.131,13342.2,1989.36,5594.899,13405.67,2042.597,5535.338
13284.12,1983.353,5512.713,13305.67,1950.195,5823.573,13368.83,1980.544,5748.06,13159.08,1976.692,5606.722,13534.28,2022.614,5711.79,13172.04,2012.767,5696.843,13084.49,1973.057,5540.515,13487.4,1984.858,5520.667,13440.5,1977.858,5621.935,13184.22,2009.544,5507.97,13467.03,1963.221,5763.208,13239.25,1969.389,5750.311,13536.93,1979.789,5620.313,13343.27,1989.36,5594.088,13406.56,2042.597,5534.332
13285.12,1983.353,5511.873,13306.75,1950.195,5822.838,13369.64,1980.544,5747.034,13160.16,1976.692,5605.977,13535.48,2022.614,5711.273,13173.01,2012.767,5695.965,13085.54,1973.057,5539.728,13488.39,1984.858,5519.809,13441.48,1977.858,5621.061,13185.23,2009.544,5507.141,13467.79,1963.221,5762.146,13240.27,1969.389,5749.496,13537.99,1979.789,5619.55,13344.29,1989.36,5593.265,13407.45,2042.597,5533.374
13286.09,1983.353,5511.076,13307.77,1950.195,5822.094,13370.34,1980.544,5745.985,13161.2,1976.692,5605.27,13536.62,2022.614,5710.737,13173.94,2012.767,5695.113,13086.52,1973.057,5538.935,13489.37,1984.858,5519.01,13442.39,1977.858,5620.187,13186.21,2009.544,5506.343,13468.56,1963.221,5761.146,13241.28,1969.389,5748.737,13539.04,1979.789,5618.848,13345.26,1989.36,5592.466,13408.33,2042.597,5532.47
13287.07,1983.353,5510.332,13308.74,1950.195,5821.338,13370.95,1980.544,5744.913,13162.23,1976.692,5604.594,13537.72,2022.614,5710.178,13174.84,2012.767,5694.279,13087.45,1973.057,5538.132,13490.34,1984.858,5518.264,13443.25,1977.858,5619.307,13187.17,2009.544,5505.572,13469.14,1963.221,5760.061,13242.28,1969.389,5748.027,13540.08,1979.789,5618.197,13346.19,1989.36,5591.657,13409.21,2042.597,5531.61
13288.08,1983.353,5509.617,13309.68,1950.195,5820.547,13371.59,1980.544,5743.857,13163.24,1976.692,5603.884,13538.8,2022.614,5709.582,13175.74,2012.767,5693.437,13088.41,1973.057,5537.354,13491.35,1984.858,5517.547,13444.08,1977.858,5618.395,13188.13,2009.544,5504.807,13469.76,1963.221,5758.991,13243.31,1969.389,5747.344,13541.15,1979.789,5617.578,13347.09,1989.36,5590.814,13410.11,2042.597,5530.768
13289.29,1983.353,5508.815,13310.78,1950.195,5819.589,13372.38,1980.544,5742.64,13164.4,1976.692,5603.014,13540.04,2022.614,5708.838,13176.8,2012.767,5692.441,13089.56,1973.057,5536.471,13492.56,1984.858,5516.743,13445.02,1977.858,5617.291,13189.27,2009.544,5503.907,13470.52,1963.221,5757.757,13244.54,1969.389,5746.575,13542.43,1979.789,5616.891,13348.12,1989.36,5589.789,13411.2,2042.597,5529.804
13289.86,1983.353,5508.358,13311.31,1950.195,5819.09,13372.82,1980.544,5742.062,13164.97,1976.692,5602.56,13540.66,2022.614,5708.445,13177.33,2012.767,5691.938,13090.15,1973.057,5536.045,13493.18,1984.858,5516.359,13445.48,1977.858,5616.721,13189.85,2009.544,5503.466,13470.89,1963.221,5757.125,13245.17,1969.389,5746.207,13543.08,1979.789,5616.567,13348.65,1989.36,5589.291,13411.75,2042.597,5529.331
13290.88,1983.353,5507.592,13312.21,1950.195,5818.187,13373.57,1980.544,5741.023,13165.95,1976.692,5601.735,13541.71,2022.614,5707.721,13178.25,2012.767,5691.053,13091.21,1973.057,5535.326,13494.28,1984.858,5515.723,13446.24,1977.858,5615.698,13190.86,2009.544,5502.683,13471.56,1963.221,5756.04,13246.29,1969.389,5745.595,13544.24,1979.789,5616.038,13349.56,1989.36,5588.389,13412.74,2042.597,5528.526
13291.46,1983.353,5507.188,13312.73,1950.195,5817.704,13374,1980.544,5740.47,13166.47,1976.692,5601.264,13542.28,2022.614,5707.302,13178.75,2012.767,5690.562,13091.8,1973.057,5534.946,13494.91,1984.858,5515.391,13446.65,1977.858,5615.12,13191.42,2009.544,5502.256,13471.91,1963.221,5755.429,13246.91,1969.389,5745.248,13544.9,1979.789,5615.767,13350.07,1989.36,5587.907,13413.3,2042.597,5528.094
13292.42,1983.353,5506.467,13313.63,1950.195,5816.911,13374.72,1980.544,5739.503,13167.38,1976.692,5600.479,13543.22,2022.614,5706.559,13179.61,2012.767,5689.72,13092.79,1973.057,5534.265,13495.98,1984.858,5514.862,13447.3,1977.858,5614.114,13192.37,2009.544,5501.522,13472.54,1963.221,5754.409,13247.94,1969.389,5744.642,13546.02,1979.789,5615.342,13350.97,1989.36,5587.114,13414.26,2042.597,5527.381
13293.18,1983.353,5505.853,13314.38,1950.195,5816.287,13375.31,1980.544,5738.718,13168.13,1976.692,5599.85,13543.97,2022.614,5705.925,13180.3,2012.767,5689.028,13093.58,1973.057,5533.682,13496.88,1984.858,5514.458,13447.81,1977.858,5613.273,13193.15,2009.544,5500.92,13473.09,1963.221,5753.592,13248.78,1969.389,5744.134,13546.95,1979.789,5615.025,13351.73,1989.36,5586.49,13415.07,2042.597,5526.817
13293.91,1983.353,5505.23,13315.14,1950.195,5815.702,13375.91,1980.544,5737.973,13168.88,1976.692,5599.249,13544.65,2022.614,5705.251,13180.98,2012.767,5688.349,13094.33,1973.057,5533.089,13497.76,1984.858,5514.093,13448.28,1977.858,5612.439,13193.89,2009.544,5500.316,13473.65,1963.221,5752.813,13249.6,1969.389,5743.627,13547.86,1979.789,5614.746,13352.49,1989.36,5585.907,13415.87,2042.597,5526.29
13294.62,1983.353,5504.585,13315.92,1950.195,5815.144,13376.52,1980.544,5737.239,13169.63,1976.692,5598.662,13545.35,2022.614,5704.602,13181.64,2012.767,5687.668,13095.06,1973.057,5532.474,13498.66,1984.858,5513.758,13448.71,1977.858,5611.591,13194.61,2009.544,5499.696,13474.16,1963.221,5752.005,13250.4,1969.389,5743.111,13548.79,1979.789,5614.497,13353.27,1989.36,5585.35,13416.68,2042.597,5525.785
13295.37,1983.353,5503.849,13316.79,1950.195,5814.554,13377.22,1980.544,5736.45,13170.47,1976.692,5598.027,13546.14,2022.614,5703.906,13182.38,2012.767,5686.911,13095.85,1973.057,5531.768,13499.66,1984.858,5513.42,13449.23,1977.858,5610.672,13195.4,2009.544,5498.993,13474.75,1963.221,5751.132,13251.28,1969.389,5742.528,13549.79,1979.789,5614.192,13354.14,1989.36,5584.757,13417.59,2042.597,5525.253
13295.71,1983.353,5503.54,13317.18,1950.195,5814.311,13377.53,1980.544,5736.118,13170.84,1976.692,5597.757,13546.49,2022.614,5703.614,13182.69,2012.767,5686.581,13096.17,1973.057,5531.45,13500.09,1984.858,5513.288,13449.47,1977.858,5610.28,13195.73,2009.544,5498.682,13475.01,1963.221,5750.762,13251.65,1969.389,5742.271,13550.23,1979.789,5614.047,13354.51,1989.36,5584.487,13417.99,2042.597,5525.034
13296.62,1983.353,5502.76,13318.21,1950.195,5813.707,13378.38,1980.544,5735.276,13171.81,1976.692,5597.063,13547.44,2022.614,5702.874,13183.51,2012.767,5685.709,13097.01,1973.057,5530.591,13501.25,1984.858,5512.979,13450.12,1977.858,5609.275,13196.59,2009.544,5497.849,13475.75,1963.221,5749.815,13252.63,1969.389,5741.582,13551.35,1979.789,5613.634,13355.45,1989.36,5583.751,13419.05,2042.597,5524.487
13297.14,1983.353,5502.342,13318.8,1950.195,5813.388,13378.84,1980.544,5734.792,13172.35,1976.692,5596.66,13547.97,2022.614,5702.476,13183.97,2012.767,5685.221,13097.49,1973.057,5530.126,13501.9,1984.858,5512.828,13450.5,1977.858,5608.728,13197.07,2009.544,5497.378,13476.17,1963.221,5749.301,13253.17,1969.389,5741.19,13551.97,1979.789,5613.386,13355.97,1989.36,5583.324,13419.66,2042.597,5524.198
13297.74,1983.353,5501.826,13319.51,1950.195,5813.033,13379.37,1980.544,5734.2,13172.96,1976.692,5596.163,13548.62,2022.614,5702.021,13184.5,2012.767,5684.637,13098.08,1973.057,5529.591,13502.68,1984.858,5512.674,13450.97,1977.858,5608.092,13197.62,2009.544,5496.812,13476.7,1963.221,5748.708,13253.81,1969.389,5740.717,13552.7,1979.789,5613.071,13356.56,1989.36,5582.797,13420.38,2042.597,5523.874
13298.38,1983.353,5501.417,13320.2,1950.195,5812.713,13379.86,1980.544,5733.615,13173.54,1976.692,5595.668,13549.26,2022.614,5701.602,13185.01,2012.767,5684.071,13098.65,1973.057,5529.092,13503.43,1984.858,5512.551,13451.45,1977.858,5607.496,13198.15,2009.544,5496.26,13477.22,1963.221,5748.153,13254.42,1969.389,5740.255,13553.39,1979.789,5612.748,13357.11,1989.36,5582.272,13421.08,2042.597,5523.58
13299.08,1983.353,5500.944,13320.97,1950.195,5812.386,13380.38,1980.544,5732.953,13174.17,1976.692,5595.104,13549.97,2022.614,5701.159,13185.57,2012.767,5683.444,13099.3,1973.057,5528.559,13504.26,1984.858,5512.442,13452,1977.858,5606.856,13198.72,2009.544,5495.648,13477.82,1963.221,5747.561,13255.08,1969.389,5739.736,13554.14,1979.789,5612.369,13357.7,1989.36,5581.675,13421.87,2042.597,5523.275
13299.72,1983.353,5500.475,13321.72,1950.195,5812.099,13380.89,1980.544,5732.342,13174.74,1976.692,5594.552,13550.66,2022.614,5700.76,13186.1,2012.767,5682.846,13099.93,1973.057,5528.068,13505.06,1984.858,5512.364,13452.53,1977.858,5606.268,13199.26,2009.544,5495.063,13478.38,1963.221,5746.997,13255.7,1969.389,5739.238,13554.84,1979.789,5611.991,13358.27,1989.36,5581.12,13422.61,2042.597,5523.004
13300.13,1983.353,5500.151,13322.2,1950.195,5811.894,13381.24,1980.544,5731.95,13175.11,1976.692,5594.177,13551.12,2022.614,5700.509,13186.44,2012.767,5682.448,13100.35,1973.057,5527.752,13505.58,1984.858,5512.321,13452.9,1977.858,5605.891,13199.61,2009.544,5494.673,13478.76,1963.221,5746.636,13256.12,1969.389,5738.92,13555.29,1979.789,5611.728,13358.66,1989.36,5580.76,13423.11,2042.597,5522.837
13300.65,1983.353,5499.719,13322.81,1950.195,5811.611,13381.7,1980.544,5731.463,13175.56,1976.692,5593.683,13551.72,2022.614,5700.204,13186.87,2012.767,5681.934,13100.89,1973.057,5527.357,13506.25,1984.858,5512.279,13453.38,1977.858,5605.423,13200.06,2009.544,5494.166,13479.26,1963.221,5746.18,13256.66,1969.389,5738.53,13555.87,1979.789,5611.374,13359.16,1989.36,5580.31,13423.75,2042.597,5522.639
13301.14,1983.353,5499.283,13323.39,1950.195,5811.316,13382.17,1980.544,5731.004,13176.02,1976.692,5593.212,13552.31,2022.614,5699.925,13187.29,2012.767,5681.432,13101.41,1973.057,5526.956,13506.9,1984.858,5512.254,13453.87,1977.858,5604.984,13200.48,2009.544,5493.665,13479.75,1963.221,5745.752,13257.21,1969.389,5738.166,13556.41,1979.789,5611.015,13359.65,1989.36,5579.883,13424.38,2042.597,5522.46
13301.48,1983.353,5498.955,13323.81,1950.195,5811.089,13382.52,1980.544,5730.683,13176.35,1976.692,5592.877,13552.75,2022.614,5699.734,13187.59,2012.767,5681.064,13101.77,1973.057,5526.652,13507.38,1984.858,5512.238,13454.23,1977.858,5604.677,13200.78,2009.544,5493.296,13480.08,1963.221,5745.412,13257.61,1969.389,5737.913,13556.8,1979.789,5610.743,13360.02,1989.36,5579.582,13424.84,2042.597,5522.342
13302,1983.353,5498.427,13324.45,1950.195,5810.713,13383.08,1980.544,5730.2,13176.89,1976.692,5592.367,13553.43,2022.614,5699.458,13188.08,2012.767,5680.505,13102.33,1973.057,5526.161,13508.12,1984.858,5512.197,13454.81,1977.858,5604.217,13201.23,2009.544,5492.714,13480.62,1963.221,5744.898,13258.22,1969.389,5737.5,13557.4,1979.789,5610.303,13360.6,1989.36,5579.126,13425.57,2042.597,5522.174
13302.57,1983.353,5497.806,13325.16,1950.195,5810.261,13383.7,1980.544,5729.628,13177.51,1976.692,5591.796,13554.23,2022.614,5699.165,13188.65,2012.767,5679.883,13102.94,1973.057,5525.58,13508.96,1984.858,5512.178,13455.49,1977.858,5603.714,13201.77,2009.544,5492.064,13481.2,1963.221,5744.292,13258.91,1969.389,5737.005,13558.06,1979.789,5609.782,13361.28,1989.36,5578.624,13426.39,2042.597,5522.002
13302.83,1983.353,5497.54,13325.47,1950.195,5810.051,13383.97,1980.544,5729.366,13177.79,1976.692,5591.548,13554.58,2022.614,5699.045,13188.91,2012.767,5679.615,13103.2,1973.057,5525.314,13509.33,1984.858,5512.182,13455.79,1977.858,5603.501,13202.02,2009.544,5491.784,13481.45,1963.221,5744.015,13259.2,1969.389,5736.776,13558.35,1979.789,5609.543,13361.57,1989.36,5578.391,13426.76,2042.597,5521.936
13303.12,1983.353,5497.264,13325.79,1950.195,5809.815,13384.24,1980.544,5729.078,13178.1,1976.692,5591.29,13554.96,2022.614,5698.928,13189.2,2012.767,5679.337,13103.47,1973.057,5525.021,13509.73,1984.858,5512.199,13456.13,1977.858,5603.285,13202.29,2009.544,5491.493,13481.71,1963.221,5743.711,13259.51,1969.389,5736.521,13558.65,1979.789,5609.28,13361.88,1989.36,5578.133,13427.15,2042.597,5521.875
13303.78,1983.353,5496.674,13326.49,1950.195,5809.27,13384.83,1980.544,5728.417,13178.78,1976.692,5590.727,13555.82,2022.614,5698.694,13189.85,2012.767,5678.74,13104.05,1973.057,5524.352,13510.62,1984.858,5512.266,13456.89,1977.858,5602.829,13202.91,2009.544,5490.863,13482.26,1963.221,5743.019,13260.17,1969.389,5735.935,13559.3,1979.789,5608.678,13362.54,1989.36,5577.539,13428.03,2042.597,5521.713
13304.06,1983.353,5496.444,13326.77,1950.195,5809.04,13385.06,1980.544,5728.142,13179.05,1976.692,5590.491,13556.17,2022.614,5698.61,13190.12,2012.767,5678.505,13104.3,1973.057,5524.089,13510.97,1984.858,5512.304,13457.2,1977.858,5602.654,13203.17,2009.544,5490.616,13482.48,1963.221,5742.73,13260.44,1969.389,5735.688,13559.56,1979.789,5608.427,13362.79,1989.36,5577.29,13428.38,2042.597,5521.636
13304.38,1983.353,5496.197,13327.07,1950.195,5808.773,13385.31,1980.544,5727.825,13179.34,1976.692,5590.218,13556.56,2022.614,5698.527,13190.43,2012.767,5678.252,13104.58,1973.057,5523.803,13511.37,1984.858,5512.334,13457.56,1977.858,5602.47,13203.47,2009.544,5490.349,13482.71,1963.221,5742.401,13260.74,1969.389,5735.428,13559.84,1979.789,5608.139,13363.07,1989.36,5577.002,13428.76,2042.597,5521.537
13304.83,1983.353,5495.866,13327.47,1950.195,5808.385,13385.64,1980.544,5727.372,13179.74,1976.692,5589.825,13557.1,2022.614,5698.393,13190.88,2012.767,5677.912,13104.99,1973.057,5523.416,13511.93,1984.858,5512.358,13458.06,1977.858,5602.229,13203.9,2009.544,5489.988,13483.04,1963.221,5741.95,13261.16,1969.389,5735.05,13560.23,1979.789,5607.742,13363.45,1989.36,5576.586,13429.3,2042.597,5521.38
13305.2,1983.353,5495.574,13327.8,1950.195,5808.047,13385.91,1980.544,5726.98,13180.07,1976.692,5589.482,13557.56,2022.614,5698.264,13191.26,2012.767,5677.635,13105.34,1973.057,5523.101,13512.41,1984.858,5512.362,13458.5,1977.858,5602.039,13204.28,2009.544,5489.694,13483.34,1963.221,5741.578,13261.5,1969.389,5734.72,13560.56,1979.789,5607.396,13363.77,1989.36,5576.241,13429.75,2042.597,5521.233
13305.56,1983.353,5495.276,13328.12,1950.195,5807.705,13386.16,1980.544,5726.587,13180.38,1976.692,5589.137,13558,2022.614,5698.124,13191.65,2012.767,5677.375,13105.7,1973.057,5522.802,13512.88,1984.858,5512.352,13458.93,1977.858,5601.866,13204.65,2009.544,5489.418,13483.61,1963.221,5741.204,13261.82,1969.389,5734.385,13560.86,1979.789,5607.046,13364.1,1989.36,5575.907,13430.2,2042.597,5521.101
13305.9,1983.353,5494.977,13328.41,1950.195,5807.364,13386.39,1980.544,5726.201,13180.69,1976.692,5588.811,13558.43,2022.614,5697.974,13192.03,2012.767,5677.135,13106.03,1973.057,5522.503,13513.32,1984.858,5512.327,13459.35,1977.858,5601.712,13205.02,2009.544,5489.163,13483.87,1963.221,5740.835,13262.12,1969.389,5734.052,13561.15,1979.789,5606.699,13364.42,1989.36,5575.59,13430.63,2042.597,5520.96
13306.21,1983.353,5494.679,13328.68,1950.195,5807.028,13386.59,1980.544,5725.822,13181,1976.692,5588.504,13558.83,2022.614,5697.817,13192.4,2012.767,5676.915,13106.35,1973.057,5522.206,13513.75,1984.858,5512.289,13459.76,1977.858,5601.578,13205.38,2009.544,5488.928,13484.1,1963.221,5740.472,13262.4,1969.389,5733.722,13561.41,1979.789,5606.356,13364.73,1989.36,5575.291,13431.03,2042.597,5520.811
13306.5,1983.353,5494.383,13328.93,1950.195,5806.696,13386.78,1980.544,5725.451,13181.29,1976.692,5588.214,13559.21,2022.614,5697.654,13192.77,2012.767,5676.714,13106.64,1973.057,5521.909,13514.17,1984.858,5512.238,13460.16,1977.858,5601.462,13205.74,2009.544,5488.712,13484.32,1963.221,5740.116,13262.68,1969.389,5733.414,13561.67,1979.789,5606.027,13365.03,1989.36,5575.009,13431.43,2042.597,5520.68
13306.84,1983.353,5494.012,13329.22,1950.195,5806.284,13386.99,1980.544,5724.994,13181.66,1976.692,5587.87,13559.67,2022.614,5697.44,13193.21,2012.767,5676.472,13106.98,1973.057,5521.539,13514.66,1984.858,5512.161,13460.65,1977.858,5601.336,13206.18,2009.544,5488.463,13484.56,1963.221,5739.675,13263.03,1969.389,5733.05,13561.96,1979.789,5605.616,13365.41,1989.36,5574.676,13431.9,2042.597,5520.506
13307.14,1983.353,5493.668,13329.47,1950.195,5805.904,13387.17,1980.544,5724.576,13182,1976.692,5587.566,13560.07,2022.614,5697.235,13193.61,2012.767,5676.253,13107.28,1973.057,5521.195,13515.11,1984.858,5512.077,13461.09,1977.858,5601.237,13206.58,2009.544,5488.25,13484.77,1963.221,5739.271,13263.35,1969.389,5732.731,13562.24,1979.789,5605.262,13365.76,1989.36,5574.383,13432.33,2042.597,5520.364
13307.34,1983.353,5493.42,13329.64,1950.195,5805.631,13387.29,1980.544,5724.278,13182.23,1976.692,5587.345,13560.35,2022.614,5697.081,13193.89,2012.767,5676.101,13107.49,1973.057,5520.96,13515.42,1984.858,5512.007,13461.41,1977.858,5601.178,13206.87,2009.544,5488.11,13484.91,1963.221,5738.983,13263.59,1969.389,5732.514,13562.43,1979.789,5605.006,13366.01,1989.36,5574.182,13432.64,2042.597,5520.273
13307.52,1983.353,5493.208,13329.78,1950.195,5805.392,13387.38,1980.544,5724.015,13182.43,1976.692,5587.146,13560.59,2022.614,5696.938,13194.13,2012.767,5675.967,13107.69,1973.057,5520.761,13515.69,1984.858,5511.937,13461.68,1977.858,5601.134,13207.12,2009.544,5487.995,13485.02,1963.221,5738.727,13263.8,1969.389,5732.331,13562.59,1979.789,5604.778,13366.22,1989.36,5574,13432.91,2042.597,5520.203
13307.82,1983.353,5492.884,13330.02,1950.195,5805.021,13387.54,1980.544,5723.605,13182.73,1976.692,5586.824,13560.97,2022.614,5696.701,13194.52,2012.767,5675.757,13108.01,1973.057,5520.457,13516.12,1984.858,5511.813,13462.12,1977.858,5601.08,13207.52,2009.544,5487.824,13485.18,1963.221,5738.317,13264.14,1969.389,5732.051,13562.83,1979.789,5604.409,13366.54,1989.36,5573.702,13433.34,2042.597,5520.106
13308.05,1983.353,5492.652,13330.19,1950.195,5804.74,13387.65,1980.544,5723.298,13182.94,1976.692,5586.579,13561.23,2022.614,5696.517,13194.8,2012.767,5675.602,13108.25,1973.057,5520.239,13516.42,1984.858,5511.711,13462.44,1977.858,5601.028,13207.83,2009.544,5487.706,13485.29,1963.221,5738.01,13264.4,1969.389,5731.851,13563,1979.789,5604.13,13366.78,1989.36,5573.473,13433.66,2042.597,5520.045
13308.31,1983.353,5492.404,13330.36,1950.195,5804.424,13387.76,1980.544,5722.957,13183.18,1976.692,5586.314,13561.52,2022.614,5696.304,13195.12,2012.767,5675.432,13108.51,1973.057,5519.991,13516.76,1984.858,5511.587,13462.8,1977.858,5600.96,13208.17,2009.544,5487.585,13485.4,1963.221,5737.668,13264.69,1969.389,5731.64,13563.18,1979.789,5603.817,13367.04,1989.36,5573.229,13434.01,2042.597,5519.969
13308.54,1983.353,5492.201,13330.51,1950.195,5804.162,13387.84,1980.544,5722.661,13183.39,1976.692,5586.094,13561.76,2022.614,5696.115,13195.39,2012.767,5675.288,13108.72,1973.057,5519.773,13517.05,1984.858,5511.474,13463.09,1977.858,5600.893,13208.45,2009.544,5487.475,13485.5,1963.221,5737.381,13264.93,1969.389,5731.457,13563.34,1979.789,5603.557,13367.27,1989.36,5573.03,13434.31,2042.597,5519.895
13308.74,1983.353,5492.034,13330.65,1950.195,5803.941,13387.91,1980.544,5722.41,13183.58,1976.692,5585.91,13561.96,2022.614,5695.947,13195.62,2012.767,5675.165,13108.9,1973.057,5519.581,13517.29,1984.858,5511.368,13463.35,1977.858,5600.827,13208.69,2009.544,5487.373,13485.6,1963.221,5737.138,13265.14,1969.389,5731.298,13563.48,1979.789,5603.338,13367.47,1989.36,5572.866,13434.56,2042.597,5519.822
13308.98,1983.353,5491.846,13330.83,1950.195,5803.688,13388,1980.544,5722.119,13183.8,1976.692,5585.698,13562.19,2022.614,5695.743,13195.89,2012.767,5675.021,13109.1,1973.057,5519.349,13517.56,1984.858,5511.235,13463.64,1977.858,5600.74,13208.97,2009.544,5487.245,13485.72,1963.221,5736.857,13265.38,1969.389,5731.108,13563.66,1979.789,5603.087,13367.72,1989.36,5572.682,13434.85,2042.597,5519.728
13309.21,1983.353,5491.675,13331,1950.195,5803.454,13388.1,1980.544,5721.846,13184.01,1976.692,5585.501,13562.4,2022.614,5695.542,13196.15,2012.767,5674.885,13109.28,1973.057,5519.123,13517.82,1984.858,5511.101,13463.91,1977.858,5600.648,13209.23,2009.544,5487.117,13485.82,1963.221,5736.585,13265.6,1969.389,5730.926,13563.83,1979.789,5602.855,13367.96,1989.36,5572.515,13435.12,2042.597,5519.63
13309.45,1983.353,5491.51,13331.18,1950.195,5803.222,13388.21,1980.544,5721.573,13184.22,1976.692,5585.295,13562.6,2022.614,5695.332,13196.4,2012.767,5674.749,13109.47,1973.057,5518.9,13518.07,1984.858,5510.957,13464.19,1977.858,5600.547,13209.49,2009.544,5486.98,13485.92,1963.221,5736.309,13265.83,1969.389,5730.738,13564.01,1979.789,5602.627,13368.2,1989.36,5572.354,13435.39,2042.597,5519.521
13309.63,1983.353,5491.397,13331.31,1950.195,5803.06,13388.29,1980.544,5721.38,13184.37,1976.692,5585.144,13562.75,2022.614,5695.176,13196.59,2012.767,5674.65,13109.61,1973.057,5518.745,13518.25,1984.858,5510.847,13464.38,1977.858,5600.467,13209.67,2009.544,5486.878,13485.98,1963.221,5736.106,13265.99,1969.389,5730.602,13564.15,1979.789,5602.467,13368.37,1989.36,5572.234,13435.59,2042.597,5519.438
13309.99,1983.353,5491.185,13331.59,1950.195,5802.748,13388.43,1980.544,5720.984,13184.65,1976.692,5584.834,13563.02,2022.614,5694.859,13196.96,2012.767,5674.457,13109.9,1973.057,5518.444,13518.6,1984.858,5510.619,13464.77,1977.858,5600.297,13210.03,2009.544,5486.666,13486.11,1963.221,5735.71,13266.3,1969.389,5730.327,13564.43,1979.789,5602.159,13368.72,1989.36,5572.008,13435.97,2042.597,5519.285
13310.17,1983.353,5491.08,13331.73,1950.195,5802.596,13388.5,1980.544,5720.79,13184.78,1976.692,5584.676,13563.15,2022.614,5694.696,13197.15,2012.767,5674.361,13110.05,1973.057,5518.299,13518.77,1984.858,5510.499,13464.95,1977.858,5600.207,13210.21,2009.544,5486.557,13486.18,1963.221,5735.515,13266.46,1969.389,5730.188,13564.58,1979.789,5602.01,13368.9,1989.36,5571.893,13436.17,2042.597,5519.209
13310.42,1983.353,5490.919,13331.94,1950.195,5802.385,13388.62,1980.544,5720.512,13184.97,1976.692,5584.442,13563.33,2022.614,5694.456,13197.41,2012.767,5674.223,13110.27,1973.057,5518.095,13519.02,1984.858,5510.334,13465.22,1977.858,5600.066,13210.46,2009.544,5486.394,13486.3,1963.221,5735.236,13266.68,1969.389,5729.986,13564.8,1979.789,5601.803,13369.15,1989.36,5571.728,13436.45,2042.597,5519.091
13310.6,1983.353,5490.814,13332.1,1950.195,5802.243,13388.7,1980.544,5720.322,13185.11,1976.692,5584.283,13563.45,2022.614,5694.285,13197.6,2012.767,5674.127,13110.42,1973.057,5517.949,13519.2,1984.858,5510.229,13465.4,1977.858,5599.963,13210.64,2009.544,5486.278,13486.37,1963.221,5735.041,13266.83,1969.389,5729.843,13564.95,1979.789,5601.664,13369.32,1989.36,5571.614,13436.64,2042.597,5519.01
13310.92,1983.353,5490.645,13332.36,1950.195,5802.01,13388.86,1980.544,5720.004,13185.34,1976.692,5584.017,13563.64,2022.614,5693.988,13197.91,2012.767,5673.966,13110.67,1973.057,5517.692,13519.53,1984.858,5510.087,13465.7,1977.858,5599.778,13210.93,2009.544,5486.074,13486.5,1963.221,5734.713,13267.09,1969.389,5729.598,13565.22,1979.789,5601.436,13369.61,1989.36,5571.4,13436.96,2042.597,5518.863
13311.1,1983.353,5490.548,13332.52,1950.195,5801.878,13388.96,1980.544,5719.821,13185.48,1976.692,5583.864,13563.75,2022.614,5693.81,13198.1,2012.767,5673.871,13110.8,1973.057,5517.537,13519.71,1984.858,5509.998,13465.88,1977.858,5599.664,13211.1,2009.544,5485.953,13486.57,1963.221,5734.518,13267.24,1969.389,5729.452,13565.39,1979.789,5601.308,13369.78,1989.36,5571.28,13437.15,2042.597,5518.77
13311.33,1983.353,5490.418,13332.74,1950.195,5801.717,13389.07,1980.544,5719.58,13185.67,1976.692,5583.672,13563.88,2022.614,5693.579,13198.33,2012.767,5673.751,13110.97,1973.057,5517.333,13519.95,1984.858,5509.875,13466.09,1977.858,5599.51,13211.31,2009.544,5485.797,13486.67,1963.221,5734.272,13267.42,1969.389,5729.264,13565.6,1979.789,5601.151,13370,1989.36,5571.133,13437.38,2042.597,5518.644
13311.51,1983.353,5490.31,13332.91,1950.195,5801.596,13389.15,1980.544,5719.387,13185.81,1976.692,5583.525,13563.97,2022.614,5693.394,13198.52,2012.767,5673.658,13111.1,1973.057,5517.169,13520.13,1984.858,5509.773,13466.26,1977.858,5599.384,13211.48,2009.544,5485.68,13486.75,1963.221,5734.077,13267.57,1969.389,5729.115,13565.77,1979.789,5601.033,13370.17,1989.36,5571.024,13437.56,2042.597,5518.539
13311.68,1983.353,5490.196,13333.08,1950.195,5801.48,13389.22,1980.544,5719.192,13185.96,1976.692,5583.381,13564.06,2022.614,5693.206,13198.71,2012.767,5673.564,13111.23,1973.057,5517,13520.31,1984.858,5509.666,13466.42,1977.858,5599.253,13211.66,2009.544,5485.569,13486.81,1963.221,5733.879,13267.71,1969.389,5728.965,13565.95,1979.789,5600.921,13370.35,1989.36,5570.92,13437.74,2042.597,5518.428
13311.95,1983.353,5490.013,13333.35,1950.195,5801.312,13389.33,1980.544,5718.89,13186.19,1976.692,5583.154,13564.19,2022.614,5692.913,13198.99,2012.767,5673.422,13111.42,1973.057,5516.749,13520.58,1984.858,5509.492,13466.66,1977.858,5599.044,13211.93,2009.544,5485.407,13486.9,1963.221,5733.573,13267.93,1969.389,5728.732,13566.22,1979.789,5600.759,13370.64,1989.36,5570.771,13438,2042.597,5518.25
13312.17,1983.353,5489.864,13333.58,1950.195,5801.175,13389.41,1980.544,5718.63,13186.37,1976.692,5582.954,13564.29,2022.614,5692.661,13199.24,2012.767,5673.302,13111.6,1973.057,5516.54,13520.8,1984.858,5509.336,13466.86,1977.858,5598.859,13212.17,2009.544,5485.277,13486.97,1963.221,5733.31,13268.11,1969.389,5728.531,13566.46,1979.789,5600.628,13370.87,1989.36,5570.636,13438.22,2042.597,5518.091
13312.35,1983.353,5489.755,13333.77,1950.195,5801.077,13389.47,1980.544,5718.433,13186.51,1976.692,5582.797,13564.36,2022.614,5692.465,13199.42,2012.767,5673.21,13111.73,1973.057,5516.384,13520.97,1984.858,5509.211,13467.01,1977.858,5598.713,13212.36,2009.544,5485.183,13487.02,1963.221,5733.106,13268.25,1969.389,5728.376,13566.65,1979.789,5600.534,13371.05,1989.36,5570.526,13438.39,2042.597,5517.963
13312.53,1983.353,5489.653,13333.95,1950.195,5800.984,13389.54,1980.544,5718.234,13186.64,1976.692,5582.637,13564.43,2022.614,5692.267,13199.61,2012.767,5673.119,13111.88,1973.057,5516.233,13521.13,1984.858,5509.081,13467.15,1977.858,5598.562,13212.55,2009.544,5485.095,13487.05,1963.221,5732.902,13268.39,1969.389,5728.22,13566.84,1979.789,5600.446,13371.22,1989.36,5570.411,13438.55,2042.597,5517.831
13312.74,1983.353,5489.543,13334.17,1950.195,5800.886,13389.63,1980.544,5718.017,13186.79,1976.692,5582.45,13564.5,2022.614,5692.04,13199.82,2012.767,5673.016,13112.05,1973.057,5516.067,13521.31,1984.858,5508.927,13467.31,1977.858,5598.385,13212.77,2009.544,5485.002,13487.09,1963.221,5732.668,13268.54,1969.389,5728.041,13567.05,1979.789,5600.353,13371.42,1989.36,5570.274,13438.72,2042.597,5517.674
13312.94,1983.353,5489.43,13334.38,1950.195,5800.797,13389.71,1980.544,5717.803,13186.92,1976.692,5582.264,13564.55,2022.614,5691.816,13200.03,2012.767,5672.916,13112.22,1973.057,5515.911,13521.48,1984.858,5508.771,13467.46,1977.858,5598.208,13212.98,2009.544,5484.919,13487.12,1963.221,5732.439,13268.69,1969.389,5727.865,13567.27,1979.789,5600.27,13371.61,1989.36,5570.146,13438.89,2042.597,5517.516
13313.12,1983.353,5489.322,13334.57,1950.195,5800.71,13389.78,1980.544,5717.606,13187.05,1976.692,5582.099,13564.6,2022.614,5691.613,13200.22,2012.767,5672.827,13112.36,1973.057,5515.765,13521.63,1984.858,5508.626,13467.59,1977.858,5598.043,13213.18,2009.544,5484.85,13487.14,1963.221,5732.232,13268.83,1969.389,5727.71,13567.46,1979.789,5600.201,13371.78,1989.36,5570.037,13439.04,2042.597,5517.368
13313.3,1983.353,5489.206,13334.76,1950.195,5800.615,13389.85,1980.544,5717.404,13187.18,1976.692,5581.934,13564.64,2022.614,5691.404,13200.41,2012.767,5672.736,13112.51,1973.057,5515.611,13521.78,1984.858,5508.473,13467.71,1977.858,5597.872,13213.38,2009.544,5484.786,13487.17,1963.221,5732.021,13268.98,1969.389,5727.556,13567.67,1979.789,5600.137,13371.97,1989.36,5569.932,13439.18,2042.597,5517.213
13313.47,1983.353,5489.086,13334.94,1950.195,5800.516,13389.9,1980.544,5717.204,13187.32,1976.692,5581.775,13564.67,2022.614,5691.198,13200.6,2012.767,5672.648,13112.65,1973.057,5515.455,13521.92,1984.858,5508.318,13467.83,1977.858,5597.699,13213.58,2009.544,5484.73,13487.2,1963.221,5731.815,13269.13,1969.389,5727.41,13567.87,1979.789,5600.081,13372.15,1989.36,5569.834,13439.32,2042.597,5517.056
13313.64,1983.353,5488.961,13335.12,1950.195,5800.411,13389.95,1980.544,5717.001,13187.46,1976.692,5581.619,13564.69,2022.614,5690.991,13200.79,2012.767,5672.561,13112.78,1973.057,5515.295,13522.05,1984.858,5508.159,13467.94,1977.858,5597.523,13213.78,2009.544,5484.68,13487.24,1963.221,5731.611,13269.28,1969.389,5727.268,13568.07,1979.789,5600.018,13372.34,1989.36,5569.742,13439.45,2042.597,5516.894
13313.81,1983.353,5488.841,13335.3,1950.195,5800.3,13390,1980.544,5716.798,13187.6,1976.692,5581.465,13564.71,2022.614,5690.784,13200.98,2012.767,5672.474,13112.91,1973.057,5515.13,13522.18,1984.858,5507.996,13468.05,1977.858,5597.343,13213.99,2009.544,5484.637,13487.28,1963.221,5731.408,13269.43,1969.389,5727.13,13568.26,1979.789,5599.949,13372.52,1989.36,5569.645,13439.58,2042.597,5516.729
13313.98,1983.353,5488.728,13335.47,1950.195,5800.184,13390.03,1980.544,5716.593,13187.74,1976.692,5581.315,13564.73,2022.614,5690.577,13201.17,2012.767,5672.388,13113.03,1973.057,5514.962,13522.31,1984.858,5507.832,13468.16,1977.858,5597.167,13214.19,2009.544,5484.587,13487.33,1963.221,5731.206,13269.59,1969.389,5726.997,13568.46,1979.789,5599.873,13372.7,1989.36,5569.541,13439.69,2042.597,5516.555
13314.16,1983.353,5488.619,13335.64,1950.195,5800.062,13390.06,1980.544,5716.387,13187.89,1976.692,5581.168,13564.76,2022.614,5690.371,13201.36,2012.767,5672.303,13113.15,1973.057,5514.79,13522.44,1984.858,5507.673,13468.27,1977.858,5596.995,13214.39,2009.544,5484.532,13487.39,1963.221,5731.006,13269.76,1969.389,5726.868,13568.65,1979.789,5599.791,13372.88,1989.36,5569.432,13439.81,2042.597,5516.385
13314.34,1983.353,5488.517,13335.81,1950.195,5799.935,13390.09,1980.544,5716.18,13188.03,1976.692,5581.017,13564.8,2022.614,5690.166,13201.55,2012.767,5672.218,13113.27,1973.057,5514.621,13522.58,1984.858,5507.515,13468.4,1977.858,5596.826,13214.59,2009.544,5484.471,13487.46,1963.221,5730.808,13269.93,1969.389,5726.745,13568.84,1979.789,5599.703,13373.05,1989.36,5569.316,13439.94,2042.597,5516.219
13314.53,1983.353,5488.421,13335.97,1950.195,5799.802,13390.1,1980.544,5715.972,13188.17,1976.692,5580.861,13564.85,2022.614,5689.962,13201.74,2012.767,5672.135,13113.4,1973.057,5514.457,13522.69,1984.858,5507.341,13468.52,1977.858,5596.662,13214.79,2009.544,5484.405,13487.53,1963.221,5730.612,13270.1,1969.389,5726.626,13569.02,1979.789,5599.609,13373.22,1989.36,5569.196,13440.07,2042.597,5516.057
13314.71,1983.353,5488.327,13336.12,1950.195,5799.664,13390.12,1980.544,5715.765,13188.3,1976.692,5580.702,13564.9,2022.614,5689.761,13201.93,2012.767,5672.052,13113.53,1973.057,5514.296,13522.81,1984.858,5507.172,13468.66,1977.858,5596.501,13214.98,2009.544,5484.333,13487.59,1963.221,5730.414,13270.27,1969.389,5726.512,13569.2,1979.789,5599.509,13373.39,1989.36,5569.07,13440.2,2042.597,5515.897
13314.89,1983.353,5488.227,13336.27,1950.195,5799.521,13390.13,1980.544,5715.557,13188.43,1976.692,5580.538,13564.95,2022.614,5689.56,13202.12,2012.767,5671.97,13113.67,1973.057,5514.139,13522.94,1984.858,5507.006,13468.8,1977.858,5596.346,13215.17,2009.544,5484.256,13487.65,1963.221,5730.214,13270.45,1969.389,5726.404,13569.38,1979.789,5599.403,13373.56,1989.36,5568.948,13440.33,2042.597,5515.731
13315.07,1983.353,5488.12,13336.42,1950.195,5799.373,13390.16,1980.544,5715.35,13188.56,1976.692,5580.371,13565.01,2022.614,5689.359,13202.31,2012.767,5671.889,13113.81,1973.057,5513.987,13523.07,1984.858,5506.845,13468.94,1977.858,5596.194,13215.37,2009.544,5484.174,13487.7,1963.221,5730.012,13270.63,1969.389,5726.3,13569.56,1979.789,5599.293,13373.73,1989.36,5568.83,13440.46,2042.597,5515.569
13315.25,1983.353,5488.008,13336.56,1950.195,5799.221,13390.18,1980.544,5715.143,13188.68,1976.692,5580.201,13565.07,2022.614,5689.16,13202.51,2012.767,5671.809,13113.96,1973.057,5513.839,13523.21,1984.858,5506.688,13469.09,1977.858,5596.048,13215.56,2009.544,5484.087,13487.75,1963.221,5729.809,13270.81,1969.389,5726.202,13569.73,1979.789,5599.178,13373.91,1989.36,5568.717,13440.6,2042.597,5515.412
13315.42,1983.353,5487.891,13336.7,1950.195,5799.063,13390.19,1980.544,5714.935,13188.8,1976.692,5580.033,13565.13,2022.614,5688.961,13202.7,2012.767,5671.729,13114.1,1973.057,5513.686,13523.35,1984.858,5506.535,13469.24,1977.858,5595.906,13215.74,2009.544,5483.994,13487.79,1963.221,5729.605,13271,1969.389,5726.109,13569.9,1979.789,5599.058,13374.08,1989.36,5568.608,13440.73,2042.597,5515.249
13315.59,1983.353,5487.768,13336.83,1950.195,5798.902,13390.19,1980.544,5714.727,13188.93,1976.692,5579.869,13565.2,2022.614,5688.763,13202.89,2012.767,5671.65,13114.24,1973.057,5513.529,13523.49,1984.858,5506.382,13469.4,1977.858,5595.77,13215.93,2009.544,5483.896,13487.83,1963.221,5729.401,13271.19,1969.389,5726.022,13570.07,1979.789,5598.933,13374.26,1989.36,5568.505,13440.86,2042.597,5515.089
13315.75,1983.353,5487.639,13336.97,1950.195,5798.745,13390.19,1980.544,5714.518,13189.06,1976.692,5579.707,13565.27,2022.614,5688.566,13203.09,2012.767,5671.573,13114.37,1973.057,5513.367,13523.64,1984.858,5506.235,13469.56,1977.858,5595.638,13216.11,2009.544,5483.794,13487.87,1963.221,5729.196,13271.38,1969.389,5725.932,13570.23,1979.789,5598.803,13374.45,1989.36,5568.406,13441,2042.597,5514.935
13315.92,1983.353,5487.516,13337.11,1950.195,5798.592,13390.2,1980.544,5714.31,13189.2,1976.692,5579.548,13565.34,2022.614,5688.371,13203.28,2012.767,5671.496,13114.5,1973.057,5513.201,13523.8,1984.858,5506.106,13469.72,1977.858,5595.512,13216.29,2009.544,5483.687,13487.9,1963.221,5728.989,13271.56,1969.389,5725.838,13570.39,1979.789,5598.669,13374.63,1989.36,5568.302,13441.14,2042.597,5514.784
13316.09,1983.353,5487.398,13337.26,1950.195,5798.444,13390.2,1980.544,5714.102,13189.33,1976.692,5579.393,13565.41,2022.614,5688.177,13203.47,2012.767,5671.421,13114.62,1973.057,5513.031,13523.97,1984.858,5505.979,13469.89,1977.858,5595.392,13216.46,2009.544,5483.575,13487.93,1963.221,5728.784,13271.75,1969.389,5725.742,13570.55,1979.789,5598.531,13374.8,1989.36,5568.191,13441.29,2042.597,5514.639
13316.27,1983.353,5487.286,13337.41,1950.195,5798.3,13390.22,1980.544,5713.895,13189.48,1976.692,5579.24,13565.49,2022.614,5687.984,13203.67,2012.767,5671.347,13114.73,1973.057,5512.857,13524.14,1984.858,5505.855,13470.07,1977.858,5595.276,13216.64,2009.544,5483.46,13487.96,1963.221,5728.577,13271.93,1969.389,5725.644,13570.7,1979.789,5598.389,13374.98,1989.36,5568.076,13441.45,2042.597,5514.498
13316.45,1983.353,5487.18,13337.56,1950.195,5798.162,13390.23,1980.544,5713.687,13189.61,1976.692,5579.083,13565.57,2022.614,5687.792,13203.86,2012.767,5671.273,13114.85,1973.057,5512.688,13524.3,1984.858,5505.726,13470.25,1977.858,5595.167,13216.81,2009.544,5483.342,13487.98,1963.221,5728.37,13272.11,1969.389,5725.542,13570.85,1979.789,5598.242,13375.15,1989.36,5567.954,13441.6,2042.597,5514.355
13316.62,1983.353,5487.066,13337.72,1950.195,5798.029,13390.24,1980.544,5713.479,13189.75,1976.692,5578.931,13565.66,2022.614,5687.603,13204.06,2012.767,5671.195,13114.98,1973.057,5512.521,13524.46,1984.858,5505.592,13470.43,1977.858,5595.063,13216.98,2009.544,5483.222,13488.01,1963.221,5728.163,13272.29,1969.389,5725.438,13570.99,1979.789,5598.092,13375.31,1989.36,5567.827,13441.76,2042.597,5514.217
13316.8,1983.353,5486.951,13337.89,1950.195,5797.901,13390.26,1980.544,5713.271,13189.9,1976.692,5578.783,13565.75,2022.614,5687.415,13204.25,2012.767,5671.11,13115.11,1973.057,5512.359,13524.63,1984.858,5505.477,13470.61,1977.858,5594.965,13217.15,2009.544,5483.1,13488.03,1963.221,5727.956,13272.47,1969.389,5725.331,13571.13,1979.789,5597.938,13375.47,1989.36,5567.695,13441.92,2042.597,5514.084
13316.97,1983.353,5486.83,13338.05,1950.195,5797.778,13390.28,1980.544,5713.064,13190.05,1976.692,5578.641,13565.84,2022.614,5687.228,13204.43,2012.767,5671.021,13115.24,1973.057,5512.201,13524.8,1984.858,5505.355,13470.8,1977.858,5594.874,13217.31,2009.544,5482.976,13488.05,1963.221,5727.749,13272.65,1969.389,5725.222,13571.27,1979.789,5597.78,13375.64,1989.36,5567.566,13442.08,2042.597,5513.957
13317.13,1983.353,5486.703,13338.23,1950.195,5797.661,13390.29,1980.544,5712.856,13190.21,1976.692,5578.503,13565.94,2022.614,5687.044,13204.62,2012.767,5670.925,13115.38,1973.057,5512.047,13524.97,1984.858,5505.229,13470.99,1977.858,5594.788,13217.48,2009.544,5482.85,13488.08,1963.221,5727.542,13272.83,1969.389,5725.11,13571.4,1979.789,5597.619,13375.8,1989.36,5567.442,13442.25,2042.597,5513.835
13317.29,1983.353,5486.57,13338.4,1950.195,5797.549,13390.29,1980.544,5712.648,13190.37,1976.692,5578.371,13566.04,2022.614,5686.862,13204.8,2012.767,5670.825,13115.53,1973.057,5511.898,13525.13,1984.858,5505.097,13471.18,1977.858,5594.708,13217.64,2009.544,5482.723,13488.08,1963.221,5727.334,13273,1969.389,5724.996,13571.53,1979.789,5597.454,13375.97,1989.36,5567.322,13442.42,2042.597,5513.719
13317.46,1983.353,5486.443,13338.58,1950.195,5797.443,13390.3,1980.544,5712.439,13190.54,1976.692,5578.244,13566.14,2022.614,5686.682,13204.98,2012.767,5670.72,13115.68,1973.057,5511.753,13525.29,1984.858,5504.959,13471.37,1977.858,5594.635,13217.81,2009.544,5482.594,13488.1,1963.221,5727.126,13273.17,1969.389,5724.879,13571.65,1979.789,5597.287,13376.14,1989.36,5567.196,13442.58,2042.597,5513.587
13317.63,1983.353,5486.322,13338.76,1950.195,5797.343,13390.3,1980.544,5712.231,13190.71,1976.692,5578.122,13566.25,2022.614,5686.504,13205.16,2012.767,5670.609,13115.83,1973.057,5511.613,13525.44,1984.858,5504.824,13471.57,1977.858,5594.568,13217.97,2009.544,5482.464,13488.12,1963.221,5726.918,13273.34,1969.389,5724.76,13571.77,1979.789,5597.116,13376.3,1989.36,5567.065,13442.75,2042.597,5513.461
13317.79,1983.353,5486.195,13338.95,1950.195,5797.249,13390.3,1980.544,5712.023,13190.87,1976.692,5577.999,13566.36,2022.614,5686.329,13205.33,2012.767,5670.493,13115.99,1973.057,5511.477,13525.6,1984.858,5504.686,13471.77,1977.858,5594.507,13218.13,2009.544,5482.336,13488.14,1963.221,5726.712,13273.51,1969.389,5724.638,13571.89,1979.789,5596.943,13376.47,1989.36,5566.938,13442.92,2042.597,5513.341
13317.95,1983.353,5486.063,13339.14,1950.195,5797.161,13390.3,1980.544,5711.815,13191.03,1976.692,5577.863,13566.48,2022.614,5686.157,13205.5,2012.767,5670.373,13116.15,1973.057,5511.346,13525.74,1984.858,5504.536,13471.97,1977.858,5594.453,13218.3,2009.544,5482.208,13488.18,1963.221,5726.506,13273.68,1969.389,5724.515,13572,1979.789,5596.767,13376.63,1989.36,5566.815,13443.09,2042.597,5513.226
13318.12,1983.353,5485.937,13339.33,1950.195,5797.079,13390.31,1980.544,5711.607,13191.19,1976.692,5577.732,13566.6,2022.614,5685.987,13205.67,2012.767,5670.247,13116.32,1973.057,5511.22,13525.89,1984.858,5504.391,13472.17,1977.858,5594.405,13218.46,2009.544,5482.078,13488.18,1963.221,5726.298,13273.85,1969.389,5724.389,13572.11,1979.789,5596.588,13376.8,1989.36,5566.687,13443.27,2042.597,5513.108
13318.29,1983.353,5485.815,13339.52,1950.195,5797.002,13390.32,1980.544,5711.399,13191.36,1976.692,5577.606,13566.73,2022.614,5685.821,13205.83,2012.767,5670.117,13116.49,1973.057,5511.099,13526.05,1984.858,5504.251,13472.38,1977.858,5594.363,13218.63,2009.544,5481.948,13488.19,1963.221,5726.09,13274.01,1969.389,5724.261,13572.22,1979.789,5596.412,13376.96,1989.36,5566.554,13443.44,2042.597,5512.997
13318.45,1983.353,5485.688,13339.72,1950.195,5796.933,13390.33,1980.544,5711.191,13191.53,1976.692,5577.487,13566.86,2022.614,5685.657,13205.99,2012.767,5669.981,13116.66,1973.057,5510.983,13526.21,1984.858,5504.116,13472.58,1977.858,5594.314,13218.79,2009.544,5481.819,13488.21,1963.221,5725.882,13274.17,1969.389,5724.13,13572.33,1979.789,5596.239,13377.12,1989.36,5566.425,13443.62,2042.597,5512.889
13318.61,1983.353,5485.557,13339.92,1950.195,5796.869,13390.33,1980.544,5710.983,13191.71,1976.692,5577.373,13566.99,2022.614,5685.497,13206.14,2012.767,5669.842,13116.84,1973.057,5510.872,13526.37,1984.858,5503.987,13472.78,1977.858,5594.259,13218.95,2009.544,5481.691,13488.24,1963.221,5725.675,13274.33,1969.389,5723.998,13572.45,1979.789,5596.068,13377.29,1989.36,5566.303,13443.78,2042.597,5512.76
13318.77,1983.353,5485.419,13340.12,1950.195,5796.812,13390.35,1980.544,5710.775,13191.89,1976.692,5577.272,13567.13,2022.614,5685.34,13206.29,2012.767,5669.698,13117.02,1973.057,5510.765,13526.53,1984.858,5503.852,13472.98,1977.858,5594.197,13219.12,2009.544,5481.564,13488.27,1963.221,5725.469,13274.49,1969.389,5723.864,13572.58,1979.789,5595.9,13377.46,1989.36,5566.186,13443.95,2042.597,5512.636
13318.93,1983.353,5485.288,13340.32,1950.195,5796.761,13390.36,1980.544,5710.568,13192.07,1976.692,5577.177,13567.27,2022.614,5685.188,13206.44,2012.767,5669.549,13117.2,1973.057,5510.664,13526.69,1984.858,5503.714,13473.18,1977.858,5594.129,13219.28,2009.544,5481.439,13488.31,1963.221,5725.265,13274.65,1969.389,5723.728,13572.7,1979.789,5595.734,13377.64,1989.36,5566.074,13444.12,2042.597,5512.516
13319.09,1983.353,5485.161,13340.52,1950.195,5796.704,13390.37,1980.544,5710.36,13192.25,1976.692,5577.076,13567.41,2022.614,5685.038,13206.58,2012.767,5669.396,13117.38,1973.057,5510.567,13526.84,1984.858,5503.574,13473.37,1977.858,5594.054,13219.45,2009.544,5481.315,13488.34,1963.221,5725.06,13274.81,1969.389,5723.596,13572.83,1979.789,5595.571,13377.81,1989.36,5565.957,13444.29,2042.597,5512.4
13319.26,1983.353,5485.036,13340.72,1950.195,5796.64,13390.39,1980.544,5710.152,13192.43,1976.692,5576.968,13567.56,2022.614,5684.893,13206.72,2012.767,5669.24,13117.57,1973.057,5510.475,13526.99,1984.858,5503.431,13473.56,1977.858,5593.973,13219.62,2009.544,5481.192,13488.39,1963.221,5724.855,13274.98,1969.389,5723.469,13572.96,1979.789,5595.411,13377.99,1989.36,5565.846,13444.47,2042.597,5512.289
13319.43,1983.353,5484.917,13340.92,1950.195,5796.57,13390.41,1980.544,5709.945,13192.61,1976.692,5576.855,13567.72,2022.614,5684.751,13206.85,2012.767,5669.079,13117.76,1973.057,5510.387,13527.15,1984.858,5503.292,13473.75,1977.858,5593.886,13219.79,2009.544,5481.068,13488.44,1963.221,5724.653,13275.14,1969.389,5723.347,13573.1,1979.789,5595.252,13378.17,1989.36,5565.74,13444.65,2042.597,5512.182
13319.61,1983.353,5484.803,13341.11,1950.195,5796.493,13390.44,1980.544,5709.738,13192.79,1976.692,5576.761,13567.87,2022.614,5684.614,13206.98,2012.767,5668.915,13117.95,1973.057,5510.301,13527.31,1984.858,5503.159,13473.94,1977.858,5593.792,13219.95,2009.544,5480.944,13488.49,1963.221,5724.452,13275.32,1969.389,5723.229,13573.24,1979.789,5595.096,13378.34,1989.36,5565.63,13444.83,2042.597,5512.079
13319.78,1983.353,5484.687,13341.3,1950.195,5796.41,13390.46,1980.544,5709.532,13192.98,1976.692,5576.661,13568.03,2022.614,5684.481,13207.11,2012.767,5668.749,13118.14,1973.057,5510.218,13527.47,1984.858,5503.031,13474.12,1977.858,5593.693,13220.12,2009.544,5480.821,13488.55,1963.221,5724.253,13275.49,1969.389,5723.118,13573.38,1979.789,5594.942,13378.51,1989.36,5565.511,13445.01,2042.597,5511.98
13319.95,1983.353,5484.569,13341.49,1950.195,5796.321,13390.49,1980.544,5709.326,13193.16,1976.692,5576.556,13568.2,2022.614,5684.353,13207.23,2012.767,5668.583,13118.33,1973.057,5510.139,13527.62,1984.858,5502.882,13474.3,1977.858,5593.587,13220.29,2009.544,5480.7,13488.62,1963.221,5724.057,13275.67,1969.389,5723.011,13573.52,1979.789,5594.79,13378.69,1989.36,5565.397,13445.2,2042.597,5511.885
13320.13,1983.353,5484.457,13341.67,1950.195,5796.226,13390.51,1980.544,5709.119,13193.33,1976.692,5576.445,13568.36,2022.614,5684.229,13207.35,2012.767,5668.415,13118.53,1973.057,5510.061,13527.76,1984.858,5502.737,13474.48,1977.858,5593.476,13220.46,2009.544,5480.579,13488.7,1963.221,5723.862,13275.85,1969.389,5722.909,13573.66,1979.789,5594.639,13378.86,1989.36,5565.275,13445.39,2042.597,5511.794
13320.31,1983.353,5484.35,13341.86,1950.195,5796.125,13390.54,1980.544,5708.913,13193.51,1976.692,5576.329,13568.53,2022.614,5684.109,13207.48,2012.767,5668.246,13118.72,1973.057,5509.983,13527.92,1984.858,5502.594,13474.65,1977.858,5593.359,13220.63,2009.544,5480.458,13488.78,1963.221,5723.67,13276.04,1969.389,5722.813,13573.81,1979.789,5594.49,13379.03,1989.36,5565.16,13445.57,2042.597,5511.706
13320.49,1983.353,5484.25,13342.04,1950.195,5796.018,13390.56,1980.544,5708.707,13193.67,1976.692,5576.208,13568.71,2022.614,5683.995,13207.6,2012.767,5668.076,13118.92,1973.057,5509.913,13528.06,1984.858,5502.445,13474.82,1977.858,5593.237,13220.8,2009.544,5480.342,13488.85,1963.221,5723.476,13276.22,1969.389,5722.722,13573.95,1979.789,5594.343,13379.2,1989.36,5565.038,13445.77,2042.597,5511.623
13320.67,1983.353,5484.155,13342.21,1950.195,5795.905,13390.56,1980.544,5708.499,13193.85,1976.692,5576.088,13568.89,2022.614,5683.886,13207.71,2012.767,5667.905,13119.11,1973.057,5509.835,13528.2,1984.858,5502.292,13474.98,1977.858,5593.109,13220.98,2009.544,5480.232,13488.92,1963.221,5723.279,13276.41,1969.389,5722.637,13574.1,1979.789,5594.197,13379.36,1989.36,5564.911,13445.96,2042.597,5511.545
13320.86,1983.353,5484.067,13342.38,1950.195,5795.786,13390.56,1980.544,5708.291,13194.02,1976.692,5575.972,13569.07,2022.614,5683.781,13207.83,2012.767,5667.733,13119.3,1973.057,5509.752,13528.34,1984.858,5502.135,13475.14,1977.858,5592.976,13221.16,2009.544,5480.128,13488.98,1963.221,5723.081,13276.61,1969.389,5722.557,13574.25,1979.789,5594.052,13379.52,1989.36,5564.768,13446.15,2042.597,5511.473
13321.05,1983.353,5483.973,13342.55,1950.195,5795.662,13390.57,1980.544,5708.083,13194.19,1976.692,5575.857,13569.25,2022.614,5683.682,13207.95,2012.767,5667.56,13119.49,1973.057,5509.662,13528.47,1984.858,5501.973,13475.3,1977.858,5592.837,13221.34,2009.544,5480.03,13489.04,1963.221,5722.88,13276.8,1969.389,5722.482,13574.4,1979.789,5593.908,13379.67,1989.36,5564.63,13446.35,2042.597,5511.406
13321.23,1983.353,5483.873,13342.71,1950.195,5795.533,13390.58,1980.544,5707.875,13194.37,1976.692,5575.744,13569.44,2022.614,5683.588,13208.06,2012.767,5667.385,13119.67,1973.057,5509.566,13528.6,1984.858,5501.807,13475.45,1977.858,5592.694,13221.53,2009.544,5479.938,13489.09,1963.221,5722.677,13277,1969.389,5722.413,13574.55,1979.789,5593.765,13379.83,1989.36,5564.497,13446.55,2042.597,5511.332
13321.41,1983.353,5483.766,13342.87,1950.195,5795.398,13390.59,1980.544,5707.667,13194.54,1976.692,5575.633,13569.62,2022.614,5683.5,13208.17,2012.767,5667.209,13119.85,1973.057,5509.464,13528.72,1984.858,5501.637,13475.6,1977.858,5592.545,13221.72,2009.544,5479.852,13489.13,1963.221,5722.473,13277.2,1969.389,5722.35,13574.71,1979.789,5593.623,13380,1989.36,5564.37,13446.74,2042.597,5511.252
13321.59,1983.353,5483.654,13343.02,1950.195,5795.258,13390.6,1980.544,5707.458,13194.72,1976.692,5575.524,13569.82,2022.614,5683.417,13208.28,2012.767,5667.032,13120.03,1973.057,5509.356,13528.83,1984.858,5501.463,13475.74,1977.858,5592.393,13221.91,2009.544,5479.771,13489.17,1963.221,5722.268,13277.4,1969.389,5722.292,13574.86,1979.789,5593.481,13380.17,1989.36,5564.248,13446.93,2042.597,5511.166
13321.76,1983.353,5483.537,13343.18,1950.195,5795.123,13390.61,1980.544,5707.25,13194.9,1976.692,5575.417,13570.01,2022.614,5683.339,13208.39,2012.767,5666.854,13120.21,1973.057,5509.243,13528.95,1984.858,5501.293,13475.88,1977.858,5592.235,13222.1,2009.544,5479.689,13489.21,1963.221,5722.064,13277.59,1969.389,5722.23,13575.01,1979.789,5593.341,13380.34,1989.36,5564.131,13447.12,2042.597,5511.073
13321.93,1983.353,5483.414,13343.35,1950.195,5794.993,13390.62,1980.544,5707.042,13195.08,1976.692,5575.311,13570.2,2022.614,5683.268,13208.49,2012.767,5666.674,13120.38,1973.057,5509.124,13529.08,1984.858,5501.127,13476.01,1977.858,5592.073,13222.29,2009.544,5479.605,13489.26,1963.221,5721.861,13277.79,1969.389,5722.166,13575.17,1979.789,5593.201,13380.52,1989.36,5564.02,13447.3,2042.597,5510.975
13322.09,1983.353,5483.285,13343.51,1950.195,5794.869,13390.64,1980.544,5706.836,13195.26,1976.692,5575.206,13570.4,2022.614,5683.201,13208.6,2012.767,5666.493,13120.54,1973.057,5509,13529.21,1984.858,5500.965,13476.13,1977.858,5591.907,13222.48,2009.544,5479.519,13489.31,1963.221,5721.661,13277.99,1969.389,5722.098,13575.32,1979.789,5593.062,13380.7,1989.36,5563.915,13447.48,2042.597,5510.87
13322.25,1983.353,5483.151,13343.68,1950.195,5794.75,13390.65,1980.544,5706.628,13195.44,1976.692,5575.103,13570.6,2022.614,5683.141,13208.7,2012.767,5666.311,13120.71,1973.057,5508.87,13529.33,1984.858,5500.796,13476.25,1977.858,5591.737,13222.67,2009.544,5479.43,13489.38,1963.221,5721.462,13278.19,1969.389,5722.027,13575.48,1979.789,5592.923,13380.88,1989.36,5563.816,13447.66,2042.597,5510.76
13322.41,1983.353,5483.012,13343.86,1950.195,5794.636,13390.67,1980.544,5706.421,13195.62,1976.692,5575.001,13570.8,2022.614,5683.086,13208.8,2012.767,5666.128,13120.87,1973.057,5508.734,13529.45,1984.858,5500.624,13476.37,1977.858,5591.563,13222.86,2009.544,5479.339,13489.44,1963.221,5721.265,13278.38,1969.389,5721.953,13575.63,1979.789,5592.785,13381.07,1989.36,5563.723,13447.83,2042.597,5510.644
13322.56,1983.353,5482.868,13344.04,1950.195,5794.528,13390.69,1980.544,5706.214,13195.8,1976.692,5574.901,13571,2022.614,5683.025,13208.9,2012.767,5665.943,13121.02,1973.057,5508.594,13529.57,1984.858,5500.456,13476.49,1977.858,5591.392,13223.05,2009.544,5479.245,13489.51,1963.221,5721.066,13278.57,1969.389,5721.875,13575.79,1979.789,5592.651,13381.25,1989.36,5563.635,13448,2042.597,5510.522
13322.71,1983.353,5482.729,13344.22,1950.195,5794.426,13390.71,1980.544,5706.007,13195.98,1976.692,5574.796,13571.2,2022.614,5682.958,13208.99,2012.767,5665.758,13121.18,1973.057,5508.458,13529.69,1984.858,5500.284,13476.61,1977.858,5591.223,13223.23,2009.544,5479.157,13489.56,1963.221,5720.866,13278.77,1969.389,5721.794,13575.96,1979.789,5592.523,13381.44,1989.36,5563.541,13448.16,2042.597,5510.395
13322.87,1983.353,5482.595,13344.4,1950.195,5794.33,13390.72,1980.544,5705.799,13196.16,1976.692,5574.685,13571.39,2022.614,5682.883,13209.08,2012.767,5665.571,13121.34,1973.057,5508.329,13529.8,1984.858,5500.108,13476.73,1977.858,5591.056,13223.43,2009.544,5479.076,13489.61,1963.221,5720.664,13278.96,1969.389,5721.711,13576.12,1979.789,5592.401,13381.62,1989.36,5563.441,13448.32,2042.597,5510.263
13323.03,1983.353,5482.466,13344.59,1950.195,5794.24,13390.72,1980.544,5705.592,13196.33,1976.692,5574.569,13571.58,2022.614,5682.803,13209.17,2012.767,5665.383,13121.51,1973.057,5508.204,13529.91,1984.858,5499.929,13476.86,1977.858,5590.893,13223.62,2009.544,5479,13489.66,1963.221,5720.46,13279.15,1969.389,5721.625,13576.3,1979.789,5592.284,13381.8,1989.36,5563.336,13448.48,2042.597,5510.125
13323.2,1983.353,5482.343,13344.78,1950.195,5794.156,13390.71,1980.544,5705.384,13196.5,1976.692,5574.447,13571.77,2022.614,5682.716,13209.26,2012.767,5665.194,13121.68,1973.057,5508.085,13530.01,1984.858,5499.747,13476.99,1977.858,5590.732,13223.82,2009.544,5478.932,13489.69,1963.221,5720.255,13279.33,1969.389,5721.535,13576.47,1979.789,5592.172,13381.98,1989.36,5563.225,13448.63,2042.597,5509.982
13323.37,1983.353,5482.226,13344.98,1950.195,5794.078,13390.71,1980.544,5705.175,13196.67,1976.692,5574.321,13571.96,2022.614,5682.624,13209.34,2012.767,5665.004,13121.85,1973.057,5507.971,13530.1,1984.858,5499.561,13477.13,1977.858,5590.574,13224.01,2009.544,5478.869,13489.72,1963.221,5720.049,13279.52,1969.389,5721.443,13576.65,1979.789,5592.067,13382.15,1989.36,5563.108,13448.78,2042.597,5509.835
13323.55,1983.353,5482.114,13345.17,1950.195,5794.006,13390.71,1980.544,5704.967,13196.83,1976.692,5574.189,13572.14,2022.614,5682.525,13209.43,2012.767,5664.813,13122.03,1973.057,5507.863,13530.19,1984.858,5499.372,13477.27,1977.858,5590.42,13224.21,2009.544,5478.813,13489.75,1963.221,5719.842,13279.71,1969.389,5721.348,13576.83,1979.789,5591.967,13382.32,1989.36,5562.985,13448.92,2042.597,5509.683
13323.73,1983.353,5482.008,13345.37,1950.195,5793.94,13390.72,1980.544,5704.759,13196.99,1976.692,5574.053,13572.33,2022.614,5682.42,13209.51,2012.767,5664.623,13122.21,1973.057,5507.761,13530.27,1984.858,5499.18,13477.41,1977.858,5590.269,13224.42,2009.544,5478.763,13489.76,1963.221,5719.634,13279.89,1969.389,5721.247,13577.02,1979.789,5591.874,13382.48,1989.36,5562.857,13449.06,2042.597,5509.526
13323.91,1983.353,5481.908,13345.57,1950.195,5793.881,13390.73,1980.544,5704.551,13197.15,1976.692,5573.92,13572.5,2022.614,5682.31,13209.6,2012.767,5664.436,13122.39,1973.057,5507.653,13530.35,1984.858,5498.986,13477.56,1977.858,5590.122,13224.62,2009.544,5478.72,13489.77,1963.221,5719.426,13280.07,1969.389,5721.14,13577.21,1979.789,5591.786,13382.64,1989.36,5562.724,13449.19,2042.597,5509.365
13324.1,1983.353,5481.813,13345.77,1950.195,5793.829,13390.75,1980.544,5704.344,13197.31,1976.692,5573.79,13572.67,2022.614,5682.194,13209.7,2012.767,5664.251,13122.57,1973.057,5507.54,13530.42,1984.858,5498.789,13477.71,1977.858,5589.978,13224.83,2009.544,5478.683,13489.78,1963.221,5719.218,13280.24,1969.389,5721.027,13577.4,1979.789,5591.705,13382.8,1989.36,5562.586,13449.32,2042.597,5509.199
13324.29,1983.353,5481.726,13345.97,1950.195,5793.782,13390.77,1980.544,5704.136,13197.48,1976.692,5573.662,13572.84,2022.614,5682.073,13209.8,2012.767,5664.07,13122.74,1973.057,5507.42,13530.48,1984.858,5498.59,13477.87,1977.858,5589.837,13225.03,2009.544,5478.652,13489.78,1963.221,5719.01,13280.41,1969.389,5720.909,13577.6,1979.789,5591.63,13382.95,1989.36,5562.443,13449.44,2042.597,5509.03
13324.47,1983.353,5481.631,13346.18,1950.195,5793.743,13390.79,1980.544,5703.929,13197.64,1976.692,5573.536,13573.01,2022.614,5681.946,13209.91,2012.767,5663.891,13122.9,1973.057,5507.295,13530.53,1984.858,5498.39,13478.02,1977.858,5589.701,13225.24,2009.544,5478.627,13489.78,1963.221,5718.802,13280.58,1969.389,5720.785,13577.79,1979.789,5591.562,13383.11,1989.36,5562.303,13449.55,2042.597,5508.856
13324.65,1983.353,5481.531,13346.38,1950.195,5793.709,13390.81,1980.544,5703.723,13197.81,1976.692,5573.413,13573.17,2022.614,5681.813,13210.02,2012.767,5663.715,13123.07,1973.057,5507.165,13530.58,1984.858,5498.187,13478.18,1977.858,5589.569,13225.45,2009.544,5478.609,13489.77,1963.221,5718.594,13280.75,1969.389,5720.656,13577.99,1979.789,5591.5,13383.26,1989.36,5562.166,13449.66,2042.597,5508.679
13324.83,1983.353,5481.425,13346.59,1950.195,5793.669,13390.82,1980.544,5703.517,13197.98,1976.692,5573.292,13573.33,2022.614,5681.676,13210.14,2012.767,5663.542,13123.22,1973.057,5507.029,13530.64,1984.858,5497.986,13478.35,1977.858,5589.441,13225.65,2009.544,5478.597,13489.76,1963.221,5718.386,13280.91,1969.389,5720.531,13578.19,1979.789,5591.444,13383.42,1989.36,5562.033,13449.77,2042.597,5508.5
13325.01,1983.353,5481.313,13346.79,1950.195,5793.623,13390.84,1980.544,5703.31,13198.15,1976.692,5573.174,13573.49,2022.614,5681.543,13210.26,2012.767,5663.373,13123.38,1973.057,5506.889,13530.7,1984.858,5497.786,13478.52,1977.858,5589.317,13225.86,2009.544,5478.579,13489.74,1963.221,5718.178,13281.08,1969.389,5720.403,13578.39,1979.789,5591.384,13383.59,1989.36,5561.903,13449.87,2042.597,5508.317
13325.18,1983.353,5481.196,13346.99,1950.195,5793.57,13390.85,1980.544,5703.102,13198.32,1976.692,5573.059,13573.65,2022.614,5681.415,13210.38,2012.767,5663.207,13123.53,1973.057,5506.743,13530.76,1984.858,5497.588,13478.69,1977.858,5589.198,13226.07,2009.544,5478.555,13489.73,1963.221,5717.97,13281.24,1969.389,5720.28,13578.59,1979.789,5591.318,13383.75,1989.36,5561.777,13449.97,2042.597,5508.133
13325.35,1983.353,5481.073,13347.19,1950.195,5793.51,13390.86,1980.544,5702.894,13198.49,1976.692,5572.938,13573.82,2022.614,5681.291,13210.51,2012.767,5663.045,13123.68,1973.057,5506.603,13530.83,1984.858,5497.392,13478.86,1977.858,5589.083,13226.28,2009.544,5478.525,13489.73,1963.221,5717.762,13281.42,1969.389,5720.162,13578.79,1979.789,5591.247,13383.92,1989.36,5561.655,13450.06,2042.597,5507.946
13325.51,1983.353,5480.944,13347.39,1950.195,5793.444,13390.86,1980.544,5702.686,13198.66,1976.692,5572.812,13573.99,2022.614,5681.172,13210.65,2012.767,5662.887,13123.84,1973.057,5506.466,13530.91,1984.858,5497.198,13479.04,1977.858,5588.973,13226.48,2009.544,5478.489,13489.73,1963.221,5717.554,13281.58,1969.389,5720.037,13578.98,1979.789,5591.171,13384.09,1989.36,5561.538,13450.14,2042.597,5507.757
13325.67,1983.353,5480.811,13347.58,1950.195,5793.371,13390.87,1980.544,5702.479,13198.82,1976.692,5572.681,13574.16,2022.614,5681.058,13210.79,2012.767,5662.732,13124,1973.057,5506.335,13530.99,1984.858,5497.005,13479.22,1977.858,5588.868,13226.68,2009.544,5478.447,13489.73,1963.221,5717.346,13281.75,1969.389,5719.917,13579.17,1979.789,5591.091,13384.27,1989.36,5561.425,13450.23,2042.597,5507.565
13325.83,1983.353,5480.671,13347.78,1950.195,5793.292,13390.88,1980.544,5702.271,13198.98,1976.692,5572.545,13574.34,2022.614,5680.948,13210.93,2012.767,5662.582,13124.17,1973.057,5506.208,13531.07,1984.858,5496.815,13479.4,1977.858,5588.767,13226.89,2009.544,5478.399,13489.75,1963.221,5717.138,13281.93,1969.389,5719.803,13579.36,1979.789,5591.006,13384.45,1989.36,5561.317,13450.3,2042.597,5507.372
13325.98,1983.353,5480.527,13347.97,1950.195,5793.207,13390.89,1980.544,5702.063,13199.13,1976.692,5572.405,13574.52,2022.614,5680.844,13211.08,2012.767,5662.436,13124.34,1973.057,5506.087,13531.16,1984.858,5496.627,13479.58,1977.858,5588.672,13227.09,2009.544,5478.346,13489.76,1963.221,5716.93,13282.11,1969.389,5719.694,13579.55,1979.789,5590.916,13384.63,1989.36,5561.214,13450.38,2042.597,5507.177
13326.12,1983.353,5480.378,13348.15,1950.195,5793.115,13390.9,1980.544,5701.855,13199.28,1976.692,5572.26,13574.7,2022.614,5680.745,13211.23,2012.767,5662.294,13124.51,1973.057,5505.97,13531.26,1984.858,5496.441,13479.77,1977.858,5588.584,13227.29,2009.544,5478.286,13489.78,1963.221,5716.723,13282.29,1969.389,5719.588,13579.74,1979.789,5590.82,13384.81,1989.36,5561.116,13450.44,2042.597,5506.979
13326.26,1983.353,5480.225,13348.34,1950.195,5793.018,13390.9,1980.544,5701.647,13199.44,1976.692,5572.118,13574.89,2022.614,5680.651,13211.39,2012.767,5662.157,13124.68,1973.057,5505.848,13531.36,1984.858,5496.258,13479.96,1977.858,5588.501,13227.49,2009.544,5478.233,13489.8,1963.221,5716.515,13282.46,1969.389,5719.477,13579.92,1979.789,5590.719,13385,1989.36,5561.023,13450.51,2042.597,5506.781
13326.41,1983.353,5480.076,13348.52,1950.195,5792.914,13390.9,1980.544,5701.438,13199.59,1976.692,5571.979,13575.08,2022.614,5680.563,13211.55,2012.767,5662.025,13124.84,1973.057,5505.72,13531.46,1984.858,5496.078,13480.16,1977.858,5588.424,13227.69,2009.544,5478.186,13489.8,1963.221,5716.307,13282.63,1969.389,5719.36,13580.1,1979.789,5590.615,13385.18,1989.36,5560.925,13450.56,2042.597,5506.581
13326.56,1983.353,5479.932,13348.7,1950.195,5792.805,13390.91,1980.544,5701.23,13199.75,1976.692,5571.843,13575.27,2022.614,5680.479,13211.72,2012.767,5661.897,13125,1973.057,5505.586,13531.57,1984.858,5495.899,13480.35,1977.858,5588.353,13227.9,2009.544,5478.146,13489.81,1963.221,5716.099,13282.8,1969.389,5719.239,13580.28,1979.789,5590.508,13385.36,1989.36,5560.82,13450.62,2042.597,5506.379
13326.72,1983.353,5479.793,13348.87,1950.195,5792.689,13390.92,1980.544,5701.022,13199.91,1976.692,5571.71,13575.46,2022.614,5680.402,13211.89,2012.767,5661.775,13125.16,1973.057,5505.448,13531.68,1984.858,5495.724,13480.55,1977.858,5588.286,13228.1,2009.544,5478.111,13489.8,1963.221,5715.89,13282.97,1969.389,5719.112,13580.45,1979.789,5590.398,13385.54,1989.36,5560.71,13450.66,2042.597,5506.176
13326.88,1983.353,5479.659,13349.04,1950.195,5792.569,13390.93,1980.544,5700.814,13200.07,1976.692,5571.58,13575.66,2022.614,5680.33,13212.06,2012.767,5661.657,13125.31,1973.057,5505.305,13531.79,1984.858,5495.544,13480.75,1977.858,5588.226,13228.31,2009.544,5478.083,13489.79,1963.221,5715.682,13283.13,1969.389,5718.981,13580.63,1979.789,5590.286,13385.71,1989.36,5560.594,13450.7,2042.597,5505.972
13327.04,1983.353,5479.531,13349.21,1950.195,5792.443,13390.94,1980.544,5700.606,13200.24,1976.692,5571.452,13575.86,2022.614,5680.264,13212.23,2012.767,5661.545,13125.46,1973.057,5505.156,13531.89,1984.858,5495.362,13480.95,1977.858,5588.171,13228.51,2009.544,5478.061,13489.79,1963.221,5715.474,13283.3,1969.389,5718.857,13580.8,1979.789,5590.171,13385.88,1989.36,5560.472,13450.74,2042.597,5505.767
13327.21,1983.353,5479.408,13349.37,1950.195,5792.312,13390.94,1980.544,5700.397,13200.4,1976.692,5571.319,13576.05,2022.614,5680.204,13212.41,2012.767,5661.438,13125.61,1973.057,5505.013,13531.99,1984.858,5495.183,13481.15,1977.858,5588.122,13228.72,2009.544,5478.033,13489.78,1963.221,5715.266,13283.47,1969.389,5718.739,13580.98,1979.789,5590.055,13386.04,1989.36,5560.345,13450.78,2042.597,5505.563
13327.38,1983.353,5479.29,13349.53,1950.195,5792.175,13390.94,1980.544,5700.189,13200.55,1976.692,5571.182,13576.26,2022.614,5680.149,13212.59,2012.767,5661.336,13125.76,1973.057,5504.874,13532.11,1984.858,5495.007,13481.36,1977.858,5588.078,13228.93,2009.544,5477.998,13489.78,1963.221,5715.057,13283.64,1969.389,5718.626,13581.15,1979.789,5589.937,13386.21,1989.36,5560.213,13450.83,2042.597,5505.36
13327.55,1983.353,5479.178,13349.68,1950.195,5792.033,13390.95,1980.544,5699.981,13200.7,1976.692,5571.04,13576.46,2022.614,5680.101,13212.78,2012.767,5661.24,13125.92,1973.057,5504.739,13532.22,1984.858,5494.835,13481.56,1977.858,5588.041,13229.13,2009.544,5477.958,13489.79,1963.221,5714.849,13283.82,1969.389,5718.519,13581.32,1979.789,5589.816,13386.36,1989.36,5560.075,13450.88,2042.597,5505.159
13327.73,1983.353,5479.072,13349.83,1950.195,5791.886,13390.95,1980.544,5699.772,13200.85,1976.692,5570.893,13576.66,2022.614,5680.047,13212.97,2012.767,5661.15,13126.08,1973.057,5504.61,13532.35,1984.858,5494.667,13481.77,1977.858,5588.009,13229.33,2009.544,5477.911,13489.8,1963.221,5714.641,13284,1969.389,5718.408,13581.49,1979.789,5589.702,13386.51,1989.36,5559.933,13450.94,2042.597,5504.959
13327.92,1983.353,5478.972,13349.97,1950.195,5791.735,13390.95,1980.544,5699.564,13201,1976.692,5570.75,13576.86,2022.614,5679.989,13213.16,2012.767,5661.065,13126.24,1973.057,5504.475,13532.48,1984.858,5494.503,13481.98,1977.858,5587.983,13229.53,2009.544,5477.858,13489.82,1963.221,5714.434,13284.17,1969.389,5718.284,13581.67,1979.789,5589.593,13386.66,1989.36,5559.785,13451,2042.597,5504.761
13328.1,1983.353,5478.878,13350.11,1950.195,5791.579,13390.94,1980.544,5699.356,13201.16,1976.692,5570.609,13577.06,2022.614,5679.927,13213.35,2012.767,5660.986,13126.4,1973.057,5504.335,13532.61,1984.858,5494.344,13482.18,1977.858,5587.951,13229.73,2009.544,5477.8,13489.84,1963.221,5714.227,13284.34,1969.389,5718.165,13581.85,1979.789,5589.49,13386.81,1989.36,5559.643,13451.07,2042.597,5504.565
13328.29,1983.353,5478.79,13350.24,1950.195,5791.418,13390.93,1980.544,5699.148,13201.31,1976.692,5570.471,13577.25,2022.614,5679.86,13213.54,2012.767,5660.913,13126.55,1973.057,5504.19,13532.75,1984.858,5494.188,13482.39,1977.858,5587.912,13229.93,2009.544,5477.736,13489.87,1963.221,5714.02,13284.51,1969.389,5718.051,13582.04,1979.789,5589.393,13386.96,1989.36,5559.5,13451.15,2042.597,5504.371
13328.48,1983.353,5478.696,13350.37,1950.195,5791.253,13390.92,1980.544,5698.94,13201.47,1976.692,5570.336,13577.45,2022.614,5679.789,13213.74,2012.767,5660.845,13126.69,1973.057,5504.04,13532.89,1984.858,5494.038,13482.59,1977.858,5587.867,13230.13,2009.544,5477.668,13489.9,1963.221,5713.814,13284.68,1969.389,5717.935,13582.22,1979.789,5589.302,13387.12,1989.36,5559.362,13451.22,2042.597,5504.178
13328.66,1983.353,5478.596,13350.49,1950.195,5791.084,13390.9,1980.544,5698.733,13201.63,1976.692,5570.197,13577.64,2022.614,5679.714,13213.94,2012.767,5660.784,13126.84,1973.057,5503.895,13533.04,1984.858,5493.893,13482.79,1977.858,5587.814,13230.33,2009.544,5477.596,13489.93,1963.221,5713.608,13284.85,1969.389,5717.809,13582.41,1979.789,5589.218,13387.28,1989.36,5559.228,13451.31,2042.597,5503.986
13328.84,1983.353,5478.49,13350.6,1950.195,5790.912,13390.88,1980.544,5698.525,13201.78,1976.692,5570.053,13577.84,2022.614,5679.636,13214.14,2012.767,5660.729,13127,1973.057,5503.754,13533.2,1984.858,5493.752,13482.99,1977.858,5587.756,13230.52,2009.544,5477.518,13489.96,1963.221,5713.403,13285.02,1969.389,5717.688,13582.61,1979.789,5589.139,13387.45,1989.36,5559.099,13451.39,2042.597,5503.796
13329.01,1983.353,5478.378,13350.71,1950.195,5790.735,13390.86,1980.544,5698.318,13201.92,1976.692,5569.905,13578.03,2022.614,5679.554,13214.34,2012.767,5660.68,13127.15,1973.057,5503.619,13533.35,1984.858,5493.611,13483.19,1977.858,5587.69,13230.71,2009.544,5477.436,13490,1963.221,5713.199,13285.19,1969.389,5717.571,13582.8,1979.789,5589.067,13387.61,1989.36,5558.975,13451.48,2042.597,5503.608
13329.19,1983.353,5478.26,13350.83,1950.195,5790.56,13390.85,1980.544,5698.11,13202.07,1976.692,5569.76,13578.22,2022.614,5679.468,13214.55,2012.767,5660.637,13127.31,1973.057,5503.478,13533.51,1984.858,5493.476,13483.39,1977.858,5587.619,13230.9,2009.544,5477.348,13490.04,1963.221,5712.995,13285.36,1969.389,5717.449,13583,1979.789,5589.001,13387.78,1989.36,5558.856,13451.57,2042.597,5503.421
13329.35,1983.353,5478.137,13350.95,1950.195,5790.389,13390.84,1980.544,5697.902,13202.23,1976.692,5569.618,13578.41,2022.614,5679.38,13214.75,2012.767,5660.601,13127.46,1973.057,5503.332,13533.67,1984.858,5493.345,13483.58,1977.858,5587.541,13231.09,2009.544,5477.256,13490.09,1963.221,5712.791,13285.53,1969.389,5717.322,13583.2,1979.789,5588.942,13387.96,1989.36,5558.743,13451.67,2042.597,5503.236
13329.52,1983.353,5478.009,13351.07,1950.195,5790.221,13390.84,1980.544,5697.693,13202.38,1976.692,5569.479,13578.59,2022.614,5679.289,13214.96,2012.767,5660.57,13127.6,1973.057,5503.181,13533.84,1984.858,5493.22,13483.77,1977.858,5587.456,13231.27,2009.544,5477.159,13490.14,1963.221,5712.588,13285.69,1969.389,5717.189,13583.4,1979.789,5588.89,13388.14,1989.36,5558.634,13451.77,2042.597,5503.053
13329.68,1983.353,5477.875,13351.2,1950.195,5790.058,13390.85,1980.544,5697.485,13202.53,1976.692,5569.334,13578.78,2022.614,5679.192,13215.17,2012.767,5660.546,13127.75,1973.057,5503.035,13534,1984.858,5493.09,13483.96,1977.858,5587.366,13231.46,2009.544,5477.068,13490.18,1963.221,5712.383,13285.84,1969.389,5717.052,13583.6,1979.789,5588.844,13388.32,1989.36,5558.531,13451.87,2042.597,5502.871
13329.83,1983.353,5477.736,13351.33,1950.195,5789.898,13390.87,1980.544,5697.277,13202.68,1976.692,5569.186,13578.96,2022.614,5679.089,13215.37,2012.767,5660.529,13127.9,1973.057,5502.894,13534.16,1984.858,5492.954,13484.14,1977.858,5587.269,13231.65,2009.544,5476.983,13490.21,1963.221,5712.178,13286,1969.389,5716.909,13583.81,1979.789,5588.805,13388.5,1989.36,5558.434,13451.97,2042.597,5502.69
13329.98,1983.353,5477.592,13351.47,1950.195,5789.744,13390.89,1980.544,5697.07,13202.83,1976.692,5569.041,13579.14,2022.614,5678.981,13215.58,2012.767,5660.518,13128.05,1973.057,5502.748,13534.31,1984.858,5492.813,13484.32,1977.858,5587.167,13231.84,2009.544,5476.904,13490.24,1963.221,5711.971,13286.14,1969.389,5716.762,13584.01,1979.789,5588.772,13388.69,1989.36,5558.342,13452.08,2042.597,5502.512
13330.14,1983.353,5477.454,13351.62,1950.195,5789.593,13390.92,1980.544,5696.864,13202.98,1976.692,5568.899,13579.32,2022.614,5678.877,13215.79,2012.767,5660.513,13128.19,1973.057,5502.597,13534.46,1984.858,5492.668,13484.5,1977.858,5587.058,13232.04,2009.544,5476.832,13490.26,1963.221,5711.764,13286.29,1969.389,5716.61,13584.22,1979.789,5588.733,13388.88,1989.36,5558.253,13452.19,2042.597,5502.334
13330.3,1983.353,5477.32,13351.76,1950.195,5789.448,13390.95,1980.544,5696.658,13203.13,1976.692,5568.752,13579.5,2022.614,5678.779,13216,2012.767,5660.51,13128.34,1973.057,5502.451,13534.6,1984.858,5492.518,13484.67,1977.858,5586.944,13232.23,2009.544,5476.765,13490.28,1963.221,5711.557,13286.43,1969.389,5716.457,13584.42,1979.789,5588.689,13389.07,1989.36,5558.166,13452.3,2042.597,5502.159
13330.46,1983.353,5477.191,13351.92,1950.195,5789.307,13390.99,1980.544,5696.454,13203.27,1976.692,5568.601,13579.69,2022.614,5678.686,13216.21,2012.767,5660.511,13128.49,1973.057,5502.31,13534.74,1984.858,5492.362,13484.84,1977.858,5586.824,13232.43,2009.544,5476.705,13490.29,1963.221,5711.349,13286.57,1969.389,5716.302,13584.63,1979.789,5588.64,13389.26,1989.36,5558.082,13452.41,2042.597,5501.984
13330.63,1983.353,5477.068,13352.08,1950.195,5789.171,13391.03,1980.544,5696.25,13203.42,1976.692,5568.453,13579.88,2022.614,5678.599,13216.41,2012.767,5660.514,13128.64,1973.057,5502.164,13534.89,1984.858,5492.212,13485.01,1977.858,5586.699,13232.63,2009.544,5476.639,13490.3,1963.221,5711.141,13286.7,1969.389,5716.146,13584.83,1979.789,5588.584,13389.45,1989.36,5558,13452.53,2042.597,5501.812
13330.8,1983.353,5476.951,13352.24,1950.195,5789.041,13391.08,1980.544,5696.049,13203.57,1976.692,5568.308,13580.07,2022.614,5678.517,13216.62,2012.767,5660.521,13128.79,1973.057,5502.013,13535.04,1984.858,5492.066,13485.17,1977.858,5586.568,13232.83,2009.544,5476.567,13490.32,1963.221,5710.934,13286.84,1969.389,5715.988,13585.03,1979.789,5588.524,13389.64,1989.36,5557.921,13452.65,2042.597,5501.64
13330.98,1983.353,5476.839,13352.4,1950.195,5788.915,13391.14,1980.544,5695.849,13203.71,1976.692,5568.159,13580.26,2022.614,5678.44,13216.83,2012.767,5660.53,13128.93,1973.057,5501.866,13535.19,1984.858,5491.926,13485.33,1977.858,5586.432,13233.02,2009.544,5476.49,13490.35,1963.221,5710.728,13286.97,1969.389,5715.829,13585.22,1979.789,5588.458,13389.83,1989.36,5557.846,13452.77,2042.597,5501.47
13331.16,1983.353,5476.733,13352.57,1950.195,5788.795,13391.21,1980.544,5695.651,13203.86,1976.692,5568.014,13580.46,2022.614,5678.369,13217.04,2012.767,5660.534,13129.08,1973.057,5501.715,13535.35,1984.858,5491.79,13485.48,1977.858,5586.291,13233.21,2009.544,5476.408,13490.38,1963.221,5710.521,13287.11,1969.389,5715.669,13585.42,1979.789,5588.387,13390.03,1989.36,5557.773,13452.89,2042.597,5501.302
13331.34,1983.353,5476.633,13352.74,1950.195,5788.669,13391.28,1980.544,5695.456,13204.02,1976.692,5567.875,13580.66,2022.614,5678.304,13217.25,2012.767,5660.532,13129.23,1973.057,5501.569,13535.51,1984.858,5491.66,13485.63,1977.858,5586.145,13233.4,2009.544,5476.321,13490.42,1963.221,5710.316,13287.25,1969.389,5715.513,13585.61,1979.789,5588.312,13390.23,1989.36,5557.704,13453.01,2042.597,5501.134
13331.53,1983.353,5476.54,13352.9,1950.195,5788.539,13391.36,1980.544,5695.263,13204.18,1976.692,5567.74,13580.86,2022.614,5678.244,13217.45,2012.767,5660.525,13129.38,1973.057,5501.427,13535.68,1984.858,5491.535,13485.78,1977.858,5585.998,13233.59,2009.544,5476.23,13490.46,1963.221,5710.112,13287.39,1969.389,5715.361,13585.8,1979.789,5588.23,13390.42,1989.36,5557.638,13453.14,2042.597,5500.968
13331.72,1983.353,5476.452,13353.06,1950.195,5788.402,13391.45,1980.544,5695.073,13204.34,1976.692,5567.611,13581.06,2022.614,5678.19,13217.66,2012.767,5660.513,13129.54,1973.057,5501.29,13535.85,1984.858,5491.415,13485.92,1977.858,5585.849,13233.77,2009.544,5476.137,13490.51,1963.221,5709.91,13287.53,1969.389,5715.213,13585.99,1979.789,5588.144,13390.62,1989.36,5557.575,13453.27,2042.597,5500.803
13331.91,1983.353,5476.37,13353.21,1950.195,5788.261,13391.53,1980.544,5694.883,13204.51,1976.692,5567.487,13581.26,2022.614,5678.143,13217.87,2012.767,5660.496,13129.7,1973.057,5501.157,13536.02,1984.858,5491.301,13486.07,1977.858,5585.699,13233.96,2009.544,5476.041,13490.56,1963.221,5709.708,13287.69,1969.389,5715.069,13586.18,1979.789,5588.052,13390.82,1989.36,5557.516,13453.4,2042.597,5500.639
13332.1,1983.353,5476.295,13353.36,1950.195,5788.115,13391.62,1980.544,5694.697,13204.68,1976.692,5567.369,13581.47,2022.614,5678.101,13218.08,2012.767,5660.473,13129.86,1973.057,5501.03,13536.2,1984.858,5491.193,13486.22,1977.858,5585.554,13234.14,2009.544,5475.945,13490.62,1963.221,5709.508,13287.84,1969.389,5714.93,13586.37,1979.789,5587.954,13391.02,1989.36,5557.455,13453.53,2042.597,5500.477
13332.3,1983.353,5476.226,13353.5,1950.195,5787.964,13391.72,1980.544,5694.513,13204.85,1976.692,5567.257,13581.67,2022.614,5678.065,13218.28,2012.767,5660.444,13130.03,1973.057,5500.907,13536.38,1984.858,5491.09,13486.37,1977.858,5585.414,13234.33,2009.544,5475.849,13490.68,1963.221,5709.309,13288,1969.389,5714.796,13586.55,1979.789,5587.852,13391.22,1989.36,5557.391,13453.66,2042.597,5500.315
13332.5,1983.353,5476.164,13353.64,1950.195,5787.809,13391.83,1980.544,5694.333,13205.03,1976.692,5567.149,13581.88,2022.614,5678.036,13218.49,2012.767,5660.41,13130.2,1973.057,5500.79,13536.57,1984.858,5490.994,13486.53,1977.858,5585.279,13234.51,2009.544,5475.755,13490.75,1963.221,5709.112,13288.16,1969.389,5714.667,13586.73,1979.789,5587.744,13391.42,1989.36,5557.324,13453.79,2042.597,5500.154
13332.7,1983.353,5476.107,13353.79,1950.195,5787.657,13391.94,1980.544,5694.156,13205.21,1976.692,5567.048,13582.08,2022.614,5678.001,13218.69,2012.767,5660.37,13130.38,1973.057,5500.677,13536.75,1984.858,5490.903,13486.7,1977.858,5585.149,13234.7,2009.544,5475.664,13490.82,1963.221,5708.917,13288.33,1969.389,5714.542,13586.9,1979.789,5587.63,13391.61,1989.36,5557.253,13453.92,2042.597,5499.995
13332.9,1983.353,5476.058,13353.93,1950.195,5787.51,13392.05,1980.544,5693.979,13205.4,1976.692,5566.953,13582.29,2022.614,5677.962,13218.9,2012.767,5660.324,13130.56,1973.057,5500.57,13536.94,1984.858,5490.819,13486.86,1977.858,5585.024,13234.89,2009.544,5475.576,13490.9,1963.221,5708.724,13288.5,1969.389,5714.415,13587.07,1979.789,5587.511,13391.81,1989.36,5557.18,13454.06,2042.597,5499.836
13333.1,1983.353,5476.016,13354.09,1950.195,5787.368,13392.17,1980.544,5693.81,13205.59,1976.692,5566.864,13582.49,2022.614,5677.917,13219.1,2012.767,5660.273,13130.74,1973.057,5500.468,13537.14,1984.858,5490.741,13487.03,1977.858,5584.905,13235.08,2009.544,5475.493,13490.97,1963.221,5708.529,13288.66,1969.389,5714.286,13587.24,1979.789,5587.386,13392,1989.36,5557.103,13454.19,2042.597,5499.678
13333.31,1983.353,5475.979,13354.24,1950.195,5787.231,13392.28,1980.544,5693.636,13205.78,1976.692,5566.781,13582.69,2022.614,5677.865,13219.3,2012.767,5660.217,13130.92,1973.057,5500.373,13537.33,1984.858,5490.669,13487.21,1977.858,5584.792,13235.27,2009.544,5475.417,13491.04,1963.221,5708.334,13288.82,1969.389,5714.154,13587.4,1979.789,5587.256,13392.19,1989.36,5557.022,13454.33,2042.597,5499.521
13333.51,1983.353,5475.95,13354.4,1950.195,5787.099,13392.39,1980.544,5693.459,13205.97,1976.692,5566.704,13582.89,2022.614,5677.807,13219.5,2012.767,5660.155,13131.11,1973.057,5500.283,13537.53,1984.858,5490.604,13487.39,1977.858,5584.685,13235.47,2009.544,5475.347,13491.11,1963.221,5708.138,13288.98,1969.389,5714.021,13587.56,1979.789,5587.121,13392.38,1989.36,5556.935,13454.47,2042.597,5499.367
13333.72,1983.353,5475.928,13354.57,1950.195,5786.972,13392.5,1980.544,5693.279,13206.17,1976.692,5566.634,13583.09,2022.614,5677.743,13219.69,2012.767,5660.087,13131.3,1973.057,5500.199,13537.73,1984.858,5490.544,13487.57,1977.858,5584.583,13235.67,2009.544,5475.283,13491.18,1963.221,5707.942,13289.14,1969.389,5713.886,13587.71,1979.789,5586.98,13392.57,1989.36,5556.842,13454.62,2042.597,5499.218
13333.93,1983.353,5475.912,13354.74,1950.195,5786.851,13392.6,1980.544,5693.096,13206.37,1976.692,5566.57,13583.29,2022.614,5677.673,13219.89,2012.767,5660.014,13131.49,1973.057,5500.121,13537.93,1984.858,5490.492,13487.75,1977.858,5584.487,13235.87,2009.544,5475.225,13491.25,1963.221,5707.745,13289.29,1969.389,5713.749,13587.86,1979.789,5586.834,13392.75,1989.36,5556.743,13454.77,2042.597,5499.074
13334.14,1983.353,5475.903,13354.91,1950.195,5786.735,13392.67,1980.544,5692.902,13206.57,1976.692,5566.513,13583.48,2022.614,5677.597,13220.08,2012.767,5659.935,13131.69,1973.057,5500.048,13538.14,1984.858,5490.446,13487.94,1977.858,5584.397,13236.07,2009.544,5475.173,13491.32,1963.221,5707.547,13289.45,1969.389,5713.609,13588.01,1979.789,5586.684,13392.93,1989.36,5556.638,13454.92,2042.597,5498.935
13334.35,1983.353,5475.901,13355.08,1950.195,5786.613,13392.75,1980.544,5692.71,13206.76,1976.692,5566.439,13583.67,2022.614,5677.514,13220.27,2012.767,5659.851,13131.89,1973.057,5499.982,13538.34,1984.858,5490.407,13488.13,1977.858,5584.313,13236.27,2009.544,5475.127,13491.38,1963.221,5707.348,13289.61,1969.389,5713.475,13588.15,1979.789,5586.529,13393.11,1989.36,5556.527,13455.08,2042.597,5498.8
13334.55,1983.353,5475.893,13355.25,1950.195,5786.486,13392.84,1980.544,5692.521,13206.96,1976.692,5566.373,13583.86,2022.614,5677.426,13220.46,2012.767,5659.762,13132.08,1973.057,5499.922,13538.55,1984.858,5490.374,13488.32,1977.858,5584.236,13236.48,2009.544,5475.088,13491.44,1963.221,5707.148,13289.77,1969.389,5713.345,13588.28,1979.789,5586.37,13393.29,1989.36,5556.421,13455.24,2042.597,5498.67
13334.76,1983.353,5475.877,13355.41,1950.195,5786.354,13392.92,1980.544,5692.33,13207.16,1976.692,5566.303,13584.04,2022.614,5677.332,13220.65,2012.767,5659.667,13132.29,1973.057,5499.868,13538.75,1984.858,5490.348,13488.52,1977.858,5584.164,13236.68,2009.544,5475.056,13491.49,1963.221,5706.947,13289.94,1969.389,5713.22,13588.42,1979.789,5586.215,13393.47,1989.36,5556.32,13455.41,2042.597,5498.545
13334.97,1983.353,5475.854,13355.56,1950.195,5786.216,13393.02,1980.544,5692.143,13207.36,1976.692,5566.239,13584.23,2022.614,5677.231,13220.83,2012.767,5659.567,13132.49,1973.057,5499.82,13538.96,1984.858,5490.329,13488.72,1977.858,5584.097,13236.89,2009.544,5475.029,13491.55,1963.221,5706.746,13290.11,1969.389,5713.1,13588.57,1979.789,5586.065,13393.66,1989.36,5556.225,13455.58,2042.597,5498.425
13335.17,1983.353,5475.825,13355.72,1950.195,5786.084,13393.11,1980.544,5691.958,13207.55,1976.692,5566.178,13584.41,2022.614,5677.125,13221.01,2012.767,5659.461,13132.69,1973.057,5499.777,13539.17,1984.858,5490.303,13488.92,1977.858,5584.036,13237.1,2009.544,5475.008,13491.6,1963.221,5706.544,13290.28,1969.389,5712.977,13588.71,1979.789,5585.919,13393.84,1989.36,5556.134,13455.76,2042.597,5498.311
13335.38,1983.353,5475.789,13355.89,1950.195,5785.957,13393.21,1980.544,5691.776,13207.76,1976.692,5566.123,13584.58,2022.614,5677.014,13221.19,2012.767,5659.351,13132.9,1973.057,5499.736,13539.37,1984.858,5490.271,13489.12,1977.858,5583.981,13237.31,2009.544,5474.994,13491.65,1963.221,5706.343,13290.44,1969.389,5712.852,13588.87,1979.789,5585.779,13394.04,1989.36,5556.049,13455.93,2042.597,5498.202
13335.58,1983.353,5475.747,13356.06,1950.195,5785.835,13393.32,1980.544,5691.596,13207.95,1976.692,5566.051,13584.76,2022.614,5676.897,13221.36,2012.767,5659.235,13133.1,1973.057,5499.7,13539.58,1984.858,5490.231,13489.32,1977.858,5583.932,13237.51,2009.544,5474.985,13491.7,1963.221,5706.141,13290.61,1969.389,5712.725,13589.03,1979.789,5585.644,13394.23,1989.36,5555.97,13456.11,2042.597,5498.099
13335.79,1983.353,5475.697,13356.23,1950.195,5785.719,13393.42,1980.544,5691.413,13208.15,1976.692,5565.987,13584.92,2022.614,5676.774,13221.53,2012.767,5659.115,13133.31,1973.057,5499.669,13539.78,1984.858,5490.185,13489.52,1977.858,5583.888,13237.72,2009.544,5474.981,13491.75,1963.221,5705.938,13290.77,1969.389,5712.596,13589.19,1979.789,5585.513,13394.42,1989.36,5555.896,13456.3,2042.597,5498.001
13335.99,1983.353,5475.642,13356.4,1950.195,5785.597,13393.51,1980.544,5691.226,13208.35,1976.692,5565.929,13585.09,2022.614,5676.647,13221.69,2012.767,5658.989,13133.51,1973.057,5499.643,13539.98,1984.858,5490.132,13489.73,1977.858,5583.85,13237.93,2009.544,5474.983,13491.8,1963.221,5705.735,13290.94,1969.389,5712.471,13589.36,1979.789,5585.389,13394.62,1989.36,5555.828,13456.48,2042.597,5497.909
13336.19,1983.353,5475.579,13356.56,1950.195,5785.47,13393.61,1980.544,5691.042,13208.55,1976.692,5565.877,13585.25,2022.614,5676.514,13221.86,2012.767,5658.859,13133.72,1973.057,5499.611,13540.18,1984.858,5490.073,13489.93,1977.858,5583.818,13238.14,2009.544,5474.988,13491.84,1963.221,5705.532,13291.11,1969.389,5712.352,13589.53,1979.789,5585.27,13394.82,1989.36,5555.766,13456.67,2042.597,5497.822
13336.38,1983.353,5475.51,13356.73,1950.195,5785.348,13393.71,1980.544,5690.859,13208.76,1976.692,5565.832,13585.41,2022.614,5676.376,13222.01,2012.767,5658.724,13133.93,1973.057,5499.585,13540.38,1984.858,5490.007,13490.14,1977.858,5583.792,13238.35,2009.544,5474.998,13491.88,1963.221,5705.328,13291.28,1969.389,5712.229,13589.7,1979.789,5585.156,13395.02,1989.36,5555.71,13456.87,2042.597,5497.742
13336.58,1983.353,5475.435,13356.91,1950.195,5785.231,13393.8,1980.544,5690.672,13208.96,1976.692,5565.794,13585.56,2022.614,5676.234,13222.17,2012.767,5658.584,13134.13,1973.057,5499.561,13540.58,1984.858,5489.947,13490.35,1977.858,5583.772,13238.55,2009.544,5475.01,13491.93,1963.221,5705.125,13291.45,1969.389,5712.105,13589.88,1979.789,5585.048,13395.22,1989.36,5555.66,13457.06,2042.597,5497.667
13336.77,1983.353,5475.354,13357.08,1950.195,5785.109,13393.9,1980.544,5690.489,13209.17,1976.692,5565.762,13585.71,2022.614,5676.086,13222.32,2012.767,5658.44,13134.34,1973.057,5499.53,13540.78,1984.858,5489.906,13490.56,1977.858,5583.758,13238.76,2009.544,5475.022,13491.97,1963.221,5704.92,13291.62,1969.389,5711.986,13590.06,1979.789,5584.946,13395.42,1989.36,5555.616,13457.26,2042.597,5497.599
13336.96,1983.353,5475.266,13357.24,1950.195,5784.981,13394.02,1980.544,5690.319,13209.37,1976.692,5565.737,13585.85,2022.614,5675.935,13222.47,2012.767,5658.292,13134.54,1973.057,5499.493,13540.99,1984.858,5489.892,13490.76,1977.858,5583.75,13238.97,2009.544,5475.036,13492.01,1963.221,5704.716,13291.79,1969.389,5711.872,13590.25,1979.789,5584.85,13395.63,1989.36,5555.578,13457.46,2042.597,5497.536
13337.14,1983.353,5475.172,13357.41,1950.195,5784.859,13394.13,1980.544,5690.145,13209.58,1976.692,5565.706,13585.99,2022.614,5675.778,13222.61,2012.767,5658.14,13134.75,1973.057,5499.461,13541.2,1984.858,5489.889,13490.97,1977.858,5583.749,13239.18,2009.544,5475.051,13492.05,1963.221,5704.512,13291.96,1969.389,5711.755,13590.44,1979.789,5584.76,13395.83,1989.36,5555.546,13457.66,2042.597,5497.48
13337.33,1983.353,5475.072,13357.58,1950.195,5784.743,13394.24,1980.544,5689.967,13209.79,1976.692,5565.68,13586.12,2022.614,5675.618,13222.75,2012.767,5657.983,13134.96,1973.057,5499.435,13541.41,1984.858,5489.885,13491.18,1977.858,5583.753,13239.39,2009.544,5475.066,13492.09,1963.221,5704.308,13292.13,1969.389,5711.636,13590.63,1979.789,5584.677,13396.04,1989.36,5555.521,13457.86,2042.597,5497.43
13337.5,1983.353,5474.966,13357.76,1950.195,5784.631,13394.36,1980.544,5689.796,13209.99,1976.692,5565.648,13586.25,2022.614,5675.453,13222.88,2012.767,5657.825,13135.17,1973.057,5499.414,13541.62,1984.858,5489.894,13491.39,1977.858,5583.764,13239.59,2009.544,5475.082,13492.13,1963.221,5704.104,13292.3,1969.389,5711.515,13590.82,1979.789,5584.6,13396.25,1989.36,5555.501,13458.06,2042.597,5497.387
13337.68,1983.353,5474.854,13357.94,1950.195,5784.526,13394.49,1980.544,5689.628,13210.2,1976.692,5565.614,13586.37,2022.614,5675.285,13223.02,2012.767,5657.667,13135.37,1973.057,5499.386,13541.82,1984.858,5489.875,13491.6,1977.858,5583.78,13239.8,2009.544,5475.097,13492.17,1963.221,5703.899,13292.47,1969.389,5711.391,13591.02,1979.789,5584.529,13396.46,1989.36,5555.489,13458.27,2042.597,5497.35
13337.85,1983.353,5474.737,13358.11,1950.195,5784.415,13394.6,1980.544,5689.457,13210.4,1976.692,5565.576,13586.49,2022.614,5675.112,13223.15,2012.767,5657.507,13135.58,1973.057,5499.351,13542.03,1984.858,5489.864,13491.8,1977.858,5583.803,13240.01,2009.544,5475.111,13492.21,1963.221,5703.694,13292.64,1969.389,5711.271,13591.21,1979.789,5584.464,13396.67,1989.36,5555.482,13458.47,2042.597,5497.319
13338.03,1983.353,5474.625,13358.29,1950.195,5784.298,13394.71,1980.544,5689.281,13210.61,1976.692,5565.536,13586.6,2022.614,5674.938,13223.28,2012.767,5657.346,13135.78,1973.057,5499.31,13542.24,1984.858,5489.846,13492.01,1977.858,5583.832,13240.22,2009.544,5475.12,13492.25,1963.221,5703.491,13292.82,1969.389,5711.157,13591.41,1979.789,5584.406,13396.87,1989.36,5555.47,13458.68,2042.597,5497.294
13338.21,1983.353,5474.519,13358.46,1950.195,5784.175,13394.83,1980.544,5689.107,13210.81,1976.692,5565.494,13586.71,2022.614,5674.763,13223.41,2012.767,5657.184,13135.98,1973.057,5499.262,13542.45,1984.858,5489.821,13492.21,1977.858,5583.867,13240.43,2009.544,5475.124,13492.3,1963.221,5703.288,13292.99,1969.389,5711.048,13591.62,1979.789,5584.355,13397.08,1989.36,5555.451,13458.89,2042.597,5497.276
13338.39,1983.353,5474.419,13358.62,1950.195,5784.047,13394.95,1980.544,5688.937,13211.01,1976.692,5565.449,13586.82,2022.614,5674.587,13223.54,2012.767,5657.021,13136.18,1973.057,5499.207,13542.65,1984.858,5489.802,13492.42,1977.858,5583.908,13240.63,2009.544,5475.122,13492.35,1963.221,5703.087,13293.17,1969.389,5710.945,13591.82,1979.789,5584.31,13397.29,1989.36,5555.425,13459.1,2042.597,5497.263
13338.58,1983.353,5474.326,13358.79,1950.195,5783.925,13395.06,1980.544,5688.763,13211.22,1976.692,5565.397,13586.93,2022.614,5674.409,13223.67,2012.767,5656.857,13136.39,1973.057,5499.156,13542.86,1984.858,5489.791,13492.62,1977.858,5583.955,13240.84,2009.544,5475.114,13492.41,1963.221,5702.887,13293.35,1969.389,5710.838,13592.02,1979.789,5584.272,13397.49,1989.36,5555.394,13459.3,2042.597,5497.256
13338.77,1983.353,5474.238,13358.96,1950.195,5783.808,13395.17,1980.544,5688.586,13211.42,1976.692,5565.34,13587.04,2022.614,5674.234,13223.8,2012.767,5656.692,13136.59,1973.057,5499.107,13543.07,1984.858,5489.764,13492.82,1977.858,5584.008,13241.05,2009.544,5475.102,13492.48,1963.221,5702.689,13293.53,1969.389,5710.729,13592.23,1979.789,5584.228,13397.7,1989.36,5555.355,13459.51,2042.597,5497.255
13338.96,1983.353,5474.156,13359.13,1950.195,5783.696,13395.28,1980.544,5688.405,13211.62,1976.692,5565.281,13587.16,2022.614,5674.062,13223.92,2012.767,5656.525,13136.79,1973.057,5499.052,13543.28,1984.858,5489.744,13493.02,1977.858,5584.068,13241.26,2009.544,5475.085,13492.55,1963.221,5702.494,13293.71,1969.389,5710.618,13592.43,1979.789,5584.178,13397.9,1989.36,5555.312,13459.72,2042.597,5497.259
13339.15,1983.353,5474.081,13359.31,1950.195,5783.59,13395.38,1980.544,5688.221,13211.82,1976.692,5565.22,13587.28,2022.614,5673.893,13224.05,2012.767,5656.358,13136.99,1973.057,5498.991,13543.48,1984.858,5489.73,13493.22,1977.858,5584.134,13241.46,2009.544,5475.064,13492.63,1963.221,5702.301,13293.88,1969.389,5710.503,13592.63,1979.789,5584.123,13398.11,1989.36,5555.275,13459.93,2042.597,5497.268
13339.37,1983.353,5474.004,13359.52,1950.195,5783.478,13395.48,1980.544,5688.011,13212.04,1976.692,5565.151,13587.42,2022.614,5673.706,13224.18,2012.767,5656.169,13137.21,1973.057,5498.915,13543.72,1984.858,5489.723,13493.44,1977.858,5584.215,13241.7,2009.544,5475.037,13492.73,1963.221,5702.088,13294.07,1969.389,5710.373,13592.86,1979.789,5584.055,13398.34,1989.36,5555.241,13460.16,2042.597,5497.283
13339.65,1983.353,5473.918,13359.78,1950.195,5783.348,13395.6,1980.544,5687.75,13212.31,1976.692,5565.064,13587.6,2022.614,5673.481,13224.35,2012.767,5655.935,13137.48,1973.057,5498.812,13544,1984.858,5489.701,13493.7,1977.858,5584.323,13241.98,2009.544,5474.998,13492.85,1963.221,5701.83,13294.31,1969.389,5710.208,13593.13,1979.789,5583.964,13398.62,1989.36,5555.209,13460.45,2042.597,5497.309
13339.94,1983.353,5473.836,13360.04,1950.195,5783.202,13395.71,1980.544,5687.468,13212.6,1976.692,5564.963,13587.8,2022.614,5673.248,13224.52,2012.767,5655.685,13137.76,1973.057,5498.709,13544.31,1984.858,5489.687,13493.98,1977.858,5584.447,13242.28,2009.544,5474.952,13492.99,1963.221,5701.561,13294.56,1969.389,5710.042,13593.41,1979.789,5583.861,13398.93,1989.36,5555.186,13460.75,2042.597,5497.342
13340.26,1983.353,5473.759,13360.32,1950.195,5783.036,13395.83,1980.544,5687.162,13212.9,1976.692,5564.846,13588.01,2022.614,5673.002,13224.71,2012.767,5655.414,13138.07,1973.057,5498.605,13544.63,1984.858,5489.683,13494.28,1977.858,5584.59,13242.6,2009.544,5474.899,13493.15,1963.221,5701.276,13294.84,1969.389,5709.871,13593.72,1979.789,5583.742,13399.25,1989.36,5555.155,13461.07,2042.597,5497.386
13340.46,1983.353,5473.717,13360.5,1950.195,5782.924,13395.89,1980.544,5686.965,13213.1,1976.692,5564.765,13588.15,2022.614,5672.849,13224.82,2012.767,5655.24,13138.27,1973.057,5498.542,13544.84,1984.858,5489.688,13494.46,1977.858,5584.688,13242.81,2009.544,5474.864,13493.26,1963.221,5701.099,13295.02,1969.389,5709.767,13593.91,1979.789,5583.662,13399.46,1989.36,5555.141,13461.28,2042.597,5497.408
13340.81,1983.353,5473.657,13360.79,1950.195,5782.727,13395.99,1980.544,5686.63,13213.42,1976.692,5564.63,13588.4,2022.614,5672.599,13225.01,2012.767,5654.947,13138.6,1973.057,5498.424,13545.19,1984.858,5489.691,13494.76,1977.858,5584.861,13243.15,2009.544,5474.801,13493.45,1963.221,5700.806,13295.33,1969.389,5709.601,13594.23,1979.789,5583.519,13399.81,1989.36,5555.124,13461.63,2042.597,5497.437
13341.06,1983.353,5473.621,13360.99,1950.195,5782.576,13396.06,1980.544,5686.384,13213.65,1976.692,5564.531,13588.58,2022.614,5672.421,13225.15,2012.767,5654.731,13138.84,1973.057,5498.331,13545.45,1984.858,5489.702,13494.98,1977.858,5584.995,13243.4,2009.544,5474.755,13493.6,1963.221,5700.597,13295.56,1969.389,5709.487,13594.46,1979.789,5583.41,13400.06,1989.36,5555.118,13461.88,2042.597,5497.452
13341.34,1983.353,5473.591,13361.23,1950.195,5782.416,13396.14,1980.544,5686.112,13213.92,1976.692,5564.422,13588.79,2022.614,5672.229,13225.29,2012.767,5654.489,13139.1,1973.057,5498.219,13545.73,1984.858,5489.723,13495.22,1977.858,5585.151,13243.68,2009.544,5474.704,13493.76,1963.221,5700.361,13295.81,1969.389,5709.356,13594.71,1979.789,5583.283,13400.35,1989.36,5555.118,13462.17,2042.597,5497.461
13341.6,1983.353,5473.571,13361.45,1950.195,5782.273,13396.23,1980.544,5685.862,13214.16,1976.692,5564.32,13588.99,2022.614,5672.054,13225.43,2012.767,5654.262,13139.34,1973.057,5498.106,13545.99,1984.858,5489.751,13495.43,1977.858,5585.304,13243.94,2009.544,5474.657,13493.9,1963.221,5700.138,13296.04,1969.389,5709.23,13594.95,1979.789,5583.159,13400.61,1989.36,5555.125,13462.43,2042.597,5497.463
13341.81,1983.353,5473.545,13361.63,1950.195,5782.167,13396.3,1980.544,5685.667,13214.35,1976.692,5564.239,13589.15,2022.614,5671.921,13225.53,2012.767,5654.082,13139.52,1973.057,5498.011,13546.2,1984.858,5489.78,13495.6,1977.858,5585.431,13244.15,2009.544,5474.622,13494.01,1963.221,5699.96,13296.22,1969.389,5709.128,13595.13,1979.789,5583.058,13400.82,1989.36,5555.135,13462.64,2042.597,5497.46
13342.06,1983.353,5473.517,13361.85,1950.195,5782.046,13396.4,1980.544,5685.436,13214.58,1976.692,5564.148,13589.34,2022.614,5671.767,13225.66,2012.767,5653.864,13139.74,1973.057,5497.89,13546.45,1984.858,5489.822,13495.79,1977.858,5585.588,13244.39,2009.544,5474.573,13494.14,1963.221,5699.745,13296.44,1969.389,5709.002,13595.35,1979.789,5582.933,13401.07,1989.36,5555.153,13462.89,2042.597,5497.451
13342.27,1983.353,5473.5,13362.03,1950.195,5781.951,13396.48,1980.544,5685.246,13214.78,1976.692,5564.071,13589.51,2022.614,5671.643,13225.76,2012.767,5653.681,13139.93,1973.057,5497.794,13546.65,1984.858,5489.864,13495.95,1977.858,5585.725,13244.6,2009.544,5474.525,13494.24,1963.221,5699.564,13296.62,1969.389,5708.895,13595.53,1979.789,5582.826,13401.28,1989.36,5555.173,13463.1,2042.597,5497.438
13342.53,1983.353,5473.487,13362.27,1950.195,5781.841,13396.6,1980.544,5685.014,13215.02,1976.692,5563.974,13589.72,2022.614,5671.495,13225.88,2012.767,5653.453,13140.16,1973.057,5497.682,13546.9,1984.858,5489.924,13496.14,1977.858,5585.9,13244.85,2009.544,5474.459,13494.37,1963.221,5699.339,13296.84,1969.389,5708.759,13595.75,1979.789,5582.689,13401.53,1989.36,5555.205,13463.36,2042.597,5497.416
13342.73,1983.353,5473.459,13362.46,1950.195,5781.759,13396.7,1980.544,5684.831,13215.21,1976.692,5563.894,13589.9,2022.614,5671.381,13225.97,2012.767,5653.268,13140.35,1973.057,5497.596,13547.1,1984.858,5489.978,13496.29,1977.858,5586.047,13245.05,2009.544,5474.4,13494.47,1963.221,5699.156,13297.01,1969.389,5708.646,13595.92,1979.789,5582.576,13401.74,1989.36,5555.236,13463.56,2042.597,5497.393
13342.99,1983.353,5473.432,13362.7,1950.195,5781.664,13396.83,1980.544,5684.606,13215.45,1976.692,5563.792,13590.12,2022.614,5671.245,13226.09,2012.767,5653.036,13140.59,1973.057,5497.495,13547.35,1984.858,5490.044,13496.47,1977.858,5586.235,13245.29,2009.544,5474.319,13494.59,1963.221,5698.929,13297.23,1969.389,5708.503,13596.14,1979.789,5582.432,13402,1989.36,5555.275,13463.82,2042.597,5497.373
13343.24,1983.353,5473.402,13362.93,1950.195,5781.564,13396.96,1980.544,5684.394,13215.68,1976.692,5563.691,13590.33,2022.614,5671.12,13226.21,2012.767,5652.815,13140.82,1973.057,5497.403,13547.59,1984.858,5490.101,13496.63,1977.858,5586.422,13245.53,2009.544,5474.233,13494.71,1963.221,5698.709,13297.43,1969.389,5708.358,13596.34,1979.789,5582.29,13402.24,1989.36,5555.317,13464.07,2042.597,5497.361
13343.44,1983.353,5473.371,13363.12,1950.195,5781.476,13397.07,1980.544,5684.221,13215.87,1976.692,5563.606,13590.52,2022.614,5671.021,13226.31,2012.767,5652.634,13141.02,1973.057,5497.331,13547.79,1984.858,5490.154,13496.77,1977.858,5586.582,13245.72,2009.544,5474.156,13494.81,1963.221,5698.526,13297.6,1969.389,5708.232,13596.51,1979.789,5582.17,13402.44,1989.36,5555.363,13464.28,2042.597,5497.358
13343.65,1983.353,5473.347,13363.3,1950.195,5781.38,13397.19,1980.544,5684.051,13216.06,1976.692,5563.52,13590.7,2022.614,5670.926,13226.42,2012.767,5652.456,13141.21,1973.057,5497.262,13547.99,1984.858,5490.214,13496.89,1977.858,5586.747,13245.91,2009.544,5474.073,13494.91,1963.221,5698.343,13297.76,1969.389,5708.101,13596.68,1979.789,5582.048,13402.65,1989.36,5555.401,13464.49,2042.597,5497.361
13343.9,1983.353,5473.327,13363.52,1950.195,5781.26,13397.35,1980.544,5683.854,13216.28,1976.692,5563.415,13590.93,2022.614,5670.82,13226.55,2012.767,5652.247,13141.45,1973.057,5497.184,13548.23,1984.858,5490.292,13497.04,1977.858,5586.948,13246.14,2009.544,5473.968,13495.02,1963.221,5698.124,13297.94,1969.389,5707.937,13596.88,1979.789,5581.9,13402.89,1989.36,5555.441,13464.74,2042.597,5497.372
13344.13,1983.353,5473.315,13363.72,1950.195,5781.143,13397.49,1980.544,5683.678,13216.49,1976.692,5563.323,13591.14,2022.614,5670.729,13226.68,2012.767,5652.059,13141.66,1973.057,5497.106,13548.44,1984.858,5490.37,13497.17,1977.858,5587.135,13246.34,2009.544,5473.865,13495.13,1963.221,5697.923,13298.11,1969.389,5707.782,13597.06,1979.789,5581.763,13403.12,1989.36,5555.472,13464.96,2042.597,5497.389
13344.33,1983.353,5473.312,13363.89,1950.195,5781.03,13397.63,1980.544,5683.521,13216.68,1976.692,5563.244,13591.33,2022.614,5670.652,13226.8,2012.767,5651.89,13141.86,1973.057,5497.028,13548.64,1984.858,5490.447,13497.29,1977.858,5587.303,13246.52,2009.544,5473.766,13495.23,1963.221,5697.739,13298.26,1969.389,5707.635,13597.22,1979.789,5581.632,13403.33,1989.36,5555.495,13465.17,2042.597,5497.411
13344.54,1983.353,5473.302,13364.06,1950.195,5780.912,13397.76,1980.544,5683.36,13216.88,1976.692,5563.169,13591.53,2022.614,5670.58,13226.93,2012.767,5651.724,13142.05,1973.057,5496.943,13548.83,1984.858,5490.53,13497.42,1977.858,5587.467,13246.7,2009.544,5473.662,13495.33,1963.221,5697.556,13298.4,1969.389,5707.484,13597.38,1979.789,5581.498,13403.54,1989.36,5555.511,13465.38,2042.597,5497.439
13344.75,1983.353,5473.291,13364.23,1950.195,5780.788,13397.89,1980.544,5683.195,13217.07,1976.692,5563.1,13591.72,2022.614,5670.513,13227.06,2012.767,5651.563,13142.23,1973.057,5496.853,13549.02,1984.858,5490.618,13497.55,1977.858,5587.627,13246.88,2009.544,5473.552,13495.43,1963.221,5697.372,13298.54,1969.389,5707.331,13597.54,1979.789,5581.358,13403.74,1989.36,5555.521,13465.58,2042.597,5497.473
13344.96,1983.353,5473.272,13364.39,1950.195,5780.656,13398.01,1980.544,5683.023,13217.27,1976.692,5563.027,13591.93,2022.614,5670.452,13227.2,2012.767,5651.402,13142.43,1973.057,5496.767,13549.21,1984.858,5490.713,13497.7,1977.858,5587.785,13247.06,2009.544,5473.435,13495.53,1963.221,5697.186,13298.68,1969.389,5707.171,13597.69,1979.789,5581.213,13403.96,1989.36,5555.525,13465.79,2042.597,5497.514
13345.17,1983.353,5473.248,13364.55,1950.195,5780.521,13398.12,1980.544,5682.848,13217.47,1976.692,5562.955,13592.13,2022.614,5670.397,13227.34,2012.767,5651.248,13142.62,1973.057,5496.687,13549.39,1984.858,5490.803,13497.84,1977.858,5587.936,13247.23,2009.544,5473.315,13495.63,1963.221,5697.001,13298.82,1969.389,5707.012,13597.84,1979.789,5581.066,13404.16,1989.36,5555.522,13465.99,2042.597,5497.561
13345.39,1983.353,5473.227,13364.72,1950.195,5780.373,13398.25,1980.544,5682.666,13217.67,1976.692,5562.872,13592.34,2022.614,5670.345,13227.49,2012.767,5651.089,13142.83,1973.057,5496.607,13549.59,1984.858,5490.902,13498,1977.858,5588.091,13247.41,2009.544,5473.194,13495.73,1963.221,5696.806,13298.96,1969.389,5706.848,13597.99,1979.789,5580.906,13404.38,1989.36,5555.513,13466.21,2042.597,5497.616
13345.59,1983.353,5473.201,13364.87,1950.195,5780.228,13398.35,1980.544,5682.485,13217.86,1976.692,5562.787,13592.55,2022.614,5670.302,13227.64,2012.767,5650.943,13143.02,1973.057,5496.537,13549.78,1984.858,5491.001,13498.15,1977.858,5588.232,13247.59,2009.544,5473.084,13495.82,1963.221,5696.622,13299.1,1969.389,5706.688,13598.13,1979.789,5580.751,13404.59,1989.36,5555.498,13466.41,2042.597,5497.673
13345.8,1983.353,5473.168,13365.01,1950.195,5780.079,13398.45,1980.544,5682.302,13218.05,1976.692,5562.697,13592.75,2022.614,5670.265,13227.79,2012.767,5650.802,13143.22,1973.057,5496.471,13549.96,1984.858,5491.104,13498.31,1977.858,5588.369,13247.77,2009.544,5472.98,13495.92,1963.221,5696.437,13299.24,1969.389,5706.533,13598.27,1979.789,5580.593,13404.8,1989.36,5555.484,13466.61,2042.597,5497.726
13346.01,1983.353,5473.133,13365.15,1950.195,5779.924,13398.56,1980.544,5682.123,13218.24,1976.692,5562.608,13592.96,2022.614,5670.234,13227.95,2012.767,5650.665,13143.42,1973.057,5496.398,13550.14,1984.858,5491.207,13498.47,1977.858,5588.5,13247.95,2009.544,5472.881,13496.01,1963.221,5696.25,13299.38,1969.389,5706.378,13598.4,1979.789,5580.432,13405.01,1989.36,5555.473,13466.81,2042.597,5497.772
13346.21,1983.353,5473.104,13365.29,1950.195,5779.766,13398.66,1980.544,5681.939,13218.43,1976.692,5562.52,13593.17,2022.614,5670.209,13228.11,2012.767,5650.533,13143.61,1973.057,5496.319,13550.32,1984.858,5491.313,13498.63,1977.858,5588.627,13248.14,2009.544,5472.787,13496.11,1963.221,5696.068,13299.53,1969.389,5706.236,13598.53,1979.789,5580.267,13405.22,1989.36,5555.464,13467.01,2042.597,5497.814
13346.42,1983.353,5473.082,13365.42,1950.195,5779.603,13398.75,1980.544,5681.753,13218.62,1976.692,5562.432,13593.37,2022.614,5670.191,13228.28,2012.767,5650.405,13143.8,1973.057,5496.233,13550.49,1984.858,5491.424,13498.8,1977.858,5588.749,13248.33,2009.544,5472.698,13496.22,1963.221,5695.888,13299.68,1969.389,5706.088,13598.65,1979.789,5580.099,13405.42,1989.36,5555.458,13467.22,2042.597,5497.851
13346.63,1983.353,5473.066,13365.54,1950.195,5779.435,13398.85,1980.544,5681.57,13218.8,1976.692,5562.345,13593.58,2022.614,5670.178,13228.44,2012.767,5650.283,13143.99,1973.057,5496.142,13550.67,1984.858,5491.542,13498.98,1977.858,5588.865,13248.52,2009.544,5472.616,13496.32,1963.221,5695.706,13299.82,1969.389,5705.936,13598.77,1979.789,5579.928,13405.63,1989.36,5555.456,13467.42,2042.597,5497.882
13346.83,1983.353,5473.057,13365.66,1950.195,5779.264,13398.94,1980.544,5681.383,13218.99,1976.692,5562.259,13593.79,2022.614,5670.159,13228.62,2012.767,5650.166,13144.17,1973.057,5496.044,13550.83,1984.858,5491.665,13499.15,1977.858,5588.976,13248.71,2009.544,5472.54,13496.42,1963.221,5695.525,13299.96,1969.389,5705.786,13598.89,1979.789,5579.761,13405.84,1989.36,5555.456,13467.63,2042.597,5497.908
13347.04,1983.353,5473.055,13365.77,1950.195,5779.089,13399.04,1980.544,5681.199,13219.18,1976.692,5562.173,13593.99,2022.614,5670.134,13228.79,2012.767,5650.053,13144.35,1973.057,5495.941,13551,1984.858,5491.793,13499.33,1977.858,5589.082,13248.91,2009.544,5472.469,13496.53,1963.221,5695.347,13300.1,1969.389,5705.632,13599.02,1979.789,5579.598,13406.05,1989.36,5555.459,13467.84,2042.597,5497.929
13347.25,1983.353,5473.06,13365.88,1950.195,5778.91,13399.13,1980.544,5681.013,13219.37,1976.692,5562.088,13594.2,2022.614,5670.102,13228.97,2012.767,5649.946,13144.53,1973.057,5495.832,13551.16,1984.858,5491.927,13499.51,1977.858,5589.183,13249.11,2009.544,5472.405,13496.64,1963.221,5695.17,13300.24,1969.389,5705.473,13599.16,1979.789,5579.439,13406.26,1989.36,5555.466,13468.05,2042.597,5497.944
13347.46,1983.353,5473.072,13365.98,1950.195,5778.728,13399.24,1980.544,5680.837,13219.56,1976.692,5561.998,13594.41,2022.614,5670.064,13229.15,2012.767,5649.845,13144.71,1973.057,5495.728,13551.32,1984.858,5492.056,13499.7,1977.858,5589.279,13249.31,2009.544,5472.348,13496.75,1963.221,5694.995,13300.37,1969.389,5705.312,13599.3,1979.789,5579.285,13406.46,1989.36,5555.478,13468.25,2042.597,5497.955
13347.68,1983.353,5473.092,13366.08,1950.195,5778.53,13399.36,1980.544,5680.645,13219.76,1976.692,5561.895,13594.62,2022.614,5670.017,13229.35,2012.767,5649.742,13144.91,1973.057,5495.624,13551.5,1984.858,5492.187,13499.9,1977.858,5589.376,13249.52,2009.544,5472.293,13496.88,1963.221,5694.81,13300.53,1969.389,5705.162,13599.45,1979.789,5579.125,13406.69,1989.36,5555.494,13468.48,2042.597,5497.96
13347.89,1983.353,5473.117,13366.17,1950.195,5778.342,13399.46,1980.544,5680.462,13219.94,1976.692,5561.796,13594.82,2022.614,5669.965,13229.54,2012.767,5649.652,13145.09,1973.057,5495.532,13551.67,1984.858,5492.305,13500.09,1977.858,5589.464,13249.72,2009.544,5472.235,13496.99,1963.221,5694.635,13300.68,1969.389,5705.017,13599.6,1979.789,5578.981,13406.89,1989.36,5555.514,13468.68,2042.597,5497.96
13348.33,1983.353,5473.186,13366.37,1950.195,5777.946,13399.65,1980.544,5680.064,13220.33,1976.692,5561.583,13595.25,2022.614,5669.843,13229.94,2012.767,5649.471,13145.5,1973.057,5495.348,13552.05,1984.858,5492.543,13500.49,1977.858,5589.643,13250.15,2009.544,5472.1,13497.24,1963.221,5694.268,13300.99,1969.389,5704.697,13599.93,1979.789,5578.683,13407.33,1989.36,5555.565,13469.13,2042.597,5497.95
13348.6,1983.353,5473.226,13366.5,1950.195,5777.706,13399.77,1980.544,5679.817,13220.57,1976.692,5561.451,13595.51,2022.614,5669.761,13230.19,2012.767,5649.361,13145.75,1973.057,5495.243,13552.28,1984.858,5492.682,13500.75,1977.858,5589.748,13250.4,2009.544,5472.009,13497.4,1963.221,5694.044,13301.19,1969.389,5704.507,13600.14,1979.789,5578.507,13407.6,1989.36,5555.604,13469.4,2042.597,5497.937
13349,1983.353,5473.301,13366.71,1950.195,5777.345,13399.95,1980.544,5679.445,13220.94,1976.692,5561.257,13595.9,2022.614,5669.623,13230.57,2012.767,5649.194,13146.13,1973.057,5495.07,13552.65,1984.858,5492.882,13501.13,1977.858,5589.911,13250.79,2009.544,5471.858,13497.64,1963.221,5693.708,13301.48,1969.389,5704.214,13600.47,1979.789,5578.249,13408.01,1989.36,5555.671,13469.82,2042.597,5497.908
13349.46,1983.353,5473.4,13366.95,1950.195,5776.946,13400.18,1980.544,5679.033,13221.36,1976.692,5561.049,13596.34,2022.614,5669.454,13231,2012.767,5649.008,13146.55,1973.057,5494.861,13553.07,1984.858,5493.094,13501.56,1977.858,5590.101,13251.22,2009.544,5471.676,13497.92,1963.221,5693.335,13301.81,1969.389,5703.88,13600.84,1979.789,5577.971,13408.47,1989.36,5555.759,13470.28,2042.597,5497.864
13350.21,1983.353,5473.537,13367.37,1950.195,5776.31,13400.56,1980.544,5678.375,13222.05,1976.692,5560.727,13597.04,2022.614,5669.159,13231.7,2012.767,5648.708,13147.22,1973.057,5494.5,13553.76,1984.858,5493.416,13502.26,1977.858,5590.399,13251.91,2009.544,5471.359,13498.4,1963.221,5692.742,13302.34,1969.389,5703.331,13601.47,1979.789,5577.538,13409.23,1989.36,5555.882,13471.04,2042.597,5497.816
13350.81,1983.353,5473.626,13367.72,1950.195,5775.814,13400.88,1980.544,5677.861,13222.61,1976.692,5560.483,13597.6,2022.614,5668.913,13232.26,2012.767,5648.472,13147.74,1973.057,5494.195,13554.31,1984.858,5493.655,13502.82,1977.858,5590.629,13252.46,2009.544,5471.09,13498.8,1963.221,5692.281,13302.75,1969.389,5702.888,13601.98,1979.789,5577.209,13409.83,1989.36,5555.963,13471.65,2042.597,5497.797
13351.08,1983.353,5473.656,13367.88,1950.195,5775.603,13401.01,1980.544,5677.628,13222.85,1976.692,5560.375,13597.84,2022.614,5668.8,13232.51,2012.767,5648.37,13147.97,1973.057,5494.068,13554.56,1984.858,5493.75,13503.06,1977.858,5590.728,13252.69,2009.544,5470.966,13498.97,1963.221,5692.085,13302.93,1969.389,5702.694,13602.21,1979.789,5577.073,13410.09,1989.36,5555.991,13471.91,2042.597,5497.797
13352.44,1983.353,5473.769,13368.74,1950.195,5774.538,13401.69,1980.544,5676.442,13224.09,1976.692,5559.805,13599.06,2022.614,5668.194,13233.77,2012.767,5647.846,13149.19,1973.057,5493.444,13555.85,1984.858,5494.206,13504.34,1977.858,5591.228,13253.88,2009.544,5470.289,13499.92,1963.221,5691.102,13303.85,1969.389,5701.678,13603.4,1979.789,5576.41,13411.45,1989.36,5556.094,13473.28,2042.597,5497.837
13353.03,1983.353,5473.797,13369.13,1950.195,5774.094,13401.95,1980.544,5675.916,13224.62,1976.692,5559.557,13599.58,2022.614,5667.925,13234.31,2012.767,5647.625,13149.72,1973.057,5493.189,13556.41,1984.858,5494.382,13504.88,1977.858,5591.44,13254.38,2009.544,5469.984,13500.34,1963.221,5690.692,13304.23,1969.389,5701.239,13603.93,1979.789,5576.143,13412.04,1989.36,5556.121,13473.87,2042.597,5497.872
13353.58,1983.353,5473.807,13369.5,1950.195,5773.683,13402.2,1980.544,5675.416,13225.13,1976.692,5559.315,13600.08,2022.614,5667.661,13234.83,2012.767,5647.416,13150.23,1973.057,5492.957,13556.95,1984.858,5494.533,13505.4,1977.858,5591.644,13254.85,2009.544,5469.68,13500.76,1963.221,5690.314,13304.6,1969.389,5700.816,13604.43,1979.789,5575.904,13412.6,1989.36,5556.128,13474.42,2042.597,5497.921
13354.29,1983.353,5473.795,13370,1950.195,5773.181,13402.53,1980.544,5674.797,13225.76,1976.692,5559.006,13600.69,2022.614,5667.318,13235.48,2012.767,5647.155,13150.87,1973.057,5492.677,13557.63,1984.858,5494.701,13506.07,1977.858,5591.88,13255.43,2009.544,5469.28,13501.29,1963.221,5689.854,13305.05,1969.389,5700.28,13605.08,1979.789,5575.625,13413.3,1989.36,5556.162,13475.12,2042.597,5498.003
13355.49,1983.353,5473.737,13370.87,1950.195,5772.348,13403.14,1980.544,5673.756,13226.82,1976.692,5558.444,13601.74,2022.614,5666.718,13236.6,2012.767,5646.715,13151.99,1973.057,5492.215,13558.81,1984.858,5494.95,13507.21,1977.858,5592.248,13256.44,2009.544,5468.622,13502.23,1963.221,5689.097,13305.83,1969.389,5699.354,13606.2,1979.789,5575.183,13414.5,1989.36,5556.258,13476.32,2042.597,5498.176
13356.21,1983.353,5473.678,13371.41,1950.195,5771.865,13403.52,1980.544,5673.14,13227.46,1976.692,5558.111,13602.36,2022.614,5666.35,13237.28,2012.767,5646.455,13152.65,1973.057,5491.916,13559.52,1984.858,5495.077,13507.91,1977.858,5592.446,13257.05,2009.544,5468.241,13502.8,1963.221,5688.66,13306.28,1969.389,5698.793,13606.88,1979.789,5574.94,13415.22,1989.36,5556.339,13477.03,2042.597,5498.3
13357.09,1983.353,5473.578,13372.08,1950.195,5771.301,13404,1980.544,5672.406,13228.25,1976.692,5557.712,13603.11,2022.614,5665.895,13238.1,2012.767,5646.143,13153.43,1973.057,5491.527,13560.39,1984.858,5495.202,13508.76,1977.858,5592.659,13257.81,2009.544,5467.797,13503.52,1963.221,5688.153,13306.83,1969.389,5698.109,13607.72,1979.789,5574.672,13416.09,1989.36,5556.466,13477.89,2042.597,5498.473
13358.15,1983.353,5473.421,13372.92,1950.195,5770.638,13404.61,1980.544,5671.523,13229.2,1976.692,5557.231,13604.02,2022.614,5665.333,13239.1,2012.767,5645.768,13154.38,1973.057,5491.021,13561.46,1984.858,5495.32,13509.81,1977.858,5592.885,13258.75,2009.544,5467.274,13504.41,1963.221,5687.563,13307.49,1969.389,5697.268,13608.75,1979.789,5574.379,13417.15,1989.36,5556.655,13478.93,2042.597,5498.71
13359.44,1983.353,5473.036,13373.96,1950.195,5769.77,13405.39,1980.544,5670.418,13230.41,1976.692,5556.631,13605.17,2022.614,5664.617,13240.37,2012.767,5645.302,13155.55,1973.057,5490.345,13562.8,1984.858,5495.425,13511.14,1977.858,5593.127,13259.94,2009.544,5466.633,13505.57,1963.221,5686.854,13308.36,1969.389,5696.229,13610.06,1979.789,5574.051,13418.47,1989.36,5556.938,13480.24,2042.597,5499.042
13360.19,1983.353,5472.841,13374.53,1950.195,5769.255,13405.85,1980.544,5669.799,13231.1,1976.692,5556.267,13605.82,2022.614,5664.205,13241.1,2012.767,5645.04,13156.23,1973.057,5489.976,13563.58,1984.858,5495.459,13511.9,1977.858,5593.241,13260.62,2009.544,5466.272,13506.24,1963.221,5686.471,13308.87,1969.389,5695.651,13610.81,1979.789,5573.889,13419.22,1989.36,5557.123,13480.99,2042.597,5499.25
13361.31,1983.353,5472.587,13375.36,1950.195,5768.467,13406.53,1980.544,5668.879,13232.09,1976.692,5555.697,13606.79,2022.614,5663.591,13242.18,2012.767,5644.658,13157.24,1973.057,5489.451,13564.72,1984.858,5495.474,13513.04,1977.858,5593.374,13261.63,2009.544,5465.742,13507.25,1963.221,5685.935,13309.66,1969.389,5694.816,13611.94,1979.789,5573.684,13420.32,1989.36,5557.427,13482.1,2042.597,5499.529
13362.46,1983.353,5472.333,13376.2,1950.195,5767.632,13407.26,1980.544,5667.949,13233.09,1976.692,5555.081,13607.8,2022.614,5662.988,13243.29,2012.767,5644.272,13158.3,1973.057,5488.933,13565.9,1984.858,5495.45,13514.21,1977.858,5593.472,13262.68,2009.544,5465.201,13508.31,1963.221,5685.417,13310.49,1969.389,5693.981,13613.1,1979.789,5573.479,13421.45,1989.36,5557.774,13483.24,2042.597,5499.842
13363.65,1983.353,5472.109,13377.03,1950.195,5766.746,13408.03,1980.544,5667.01,13234.14,1976.692,5554.456,13608.86,2022.614,5662.396,13244.44,2012.767,5643.881,13159.38,1973.057,5488.362,13567.12,1984.858,5495.385,13515.43,1977.858,5593.534,13263.76,2009.544,5464.643,13509.42,1963.221,5684.917,13311.37,1969.389,5693.144,13614.3,1979.789,5573.271,13422.63,1989.36,5558.07,13484.4,2042.597,5500.191
13365.88,1983.353,5471.651,13378.54,1950.195,5765.047,13409.53,1980.544,5665.296,13236.1,1976.692,5553.306,13610.88,2022.614,5661.344,13246.6,2012.767,5643.166,13161.35,1973.057,5487.229,13569.38,1984.858,5495.191,13517.7,1977.858,5593.576,13265.79,2009.544,5463.604,13511.52,1963.221,5684.051,13313.06,1969.389,5691.626,13616.54,1979.789,5572.889,13424.82,1989.36,5558.681,13486.6,2042.597,5500.786
13367.18,1983.353,5471.429,13379.39,1950.195,5764.043,13410.42,1980.544,5664.331,13237.24,1976.692,5552.651,13612.06,2022.614,5660.77,13247.85,2012.767,5642.761,13162.47,1973.057,5486.538,13570.69,1984.858,5495.036,13519.02,1977.858,5593.558,13266.96,2009.544,5463.008,13512.75,1963.221,5683.59,13314.07,1969.389,5690.778,13617.84,1979.789,5572.673,13426.09,1989.36,5559.009,13487.86,2042.597,5501.155
13368.01,1983.353,5471.287,13379.92,1950.195,5763.389,13411.01,1980.544,5663.732,13237.98,1976.692,5552.25,13612.83,2022.614,5660.424,13248.65,2012.767,5642.508,13163.17,1973.057,5486.071,13571.52,1984.858,5494.909,13519.86,1977.858,5593.519,13267.7,2009.544,5462.604,13513.55,1963.221,5683.32,13314.73,1969.389,5690.253,13618.67,1979.789,5572.538,13426.9,1989.36,5559.241,13488.67,2042.597,5501.37
13368.34,1983.353,5471.241,13380.14,1950.195,5763.134,13411.26,1980.544,5663.5,13238.28,1976.692,5552.097,13613.14,2022.614,5660.295,13248.98,2012.767,5642.409,13163.45,1973.057,5485.875,13571.86,1984.858,5494.848,13520.2,1977.858,5593.492,13267.99,2009.544,5462.434,13513.88,1963.221,5683.222,13314.99,1969.389,5690.04,13619,1979.789,5572.484,13427.23,1989.36,5559.343,13489,2042.597,5501.447
13370.83,1983.353,5470.981,13381.84,1950.195,5761.294,13413.13,1980.544,5661.837,13240.52,1976.692,5550.972,13615.48,2022.614,5659.4,13251.37,2012.767,5641.695,13165.43,1973.057,5484.358,13574.3,1984.858,5494.311,13522.68,1977.858,5593.212,13270.17,2009.544,5461.219,13516.29,1963.221,5682.575,13316.9,1969.389,5688.429,13621.47,1979.789,5572.098,13429.62,1989.36,5560.07,13491.42,2042.597,5502.073
13372.46,1983.353,5470.865,13382.98,1950.195,5760.134,13414.38,1980.544,5660.796,13241.95,1976.692,5550.196,13617.01,2022.614,5658.863,13252.94,2012.767,5641.244,13166.76,1973.057,5483.411,13575.88,1984.858,5493.91,13524.29,1977.858,5592.978,13271.61,2009.544,5460.463,13517.88,1963.221,5682.205,13318.13,1969.389,5687.365,13623.08,1979.789,5571.852,13431.18,1989.36,5560.523,13492.99,2042.597,5502.513
13373.48,1983.353,5470.779,13383.73,1950.195,5759.422,13415.19,1980.544,5660.162,13242.84,1976.692,5549.678,13618,2022.614,5658.55,13253.93,2012.767,5640.967,13167.61,1973.057,5482.835,13576.87,1984.858,5493.624,13525.31,1977.858,5592.796,13272.54,2009.544,5460.008,13518.89,1963.221,5682.003,13318.9,1969.389,5686.68,13624.1,1979.789,5571.699,13432.17,1989.36,5560.797,13493.98,2042.597,5502.812
13373.97,1983.353,5470.754,13384.09,1950.195,5759.094,13415.59,1980.544,5659.872,13243.25,1976.692,5549.417,13618.47,2022.614,5658.415,13254.4,2012.767,5640.838,13168.03,1973.057,5482.574,13577.33,1984.858,5493.471,13525.79,1977.858,5592.694,13272.99,2009.544,5459.804,13519.37,1963.221,5681.922,13319.26,1969.389,5686.348,13624.58,1979.789,5571.627,13432.65,1989.36,5560.92,13494.44,2042.597,5502.966
13376.55,1983.353,5470.708,13386.07,1950.195,5757.441,13417.71,1980.544,5658.422,13245.42,1976.692,5548.034,13620.96,2022.614,5657.777,13256.89,2012.767,5640.191,13170.25,1973.057,5481.264,13579.75,1984.858,5492.596,13528.29,1977.858,5592.077,13275.3,2009.544,5458.668,13521.92,1963.221,5681.582,13321.14,1969.389,5684.588,13627.13,1979.789,5571.26,13435.15,1989.36,5561.522,13496.88,2042.597,5503.787
13377.92,1983.353,5470.728,13387.15,1950.195,5756.591,13418.88,1980.544,5657.685,13246.58,1976.692,5547.282,13622.3,2022.614,5657.476,13258.23,2012.767,5639.858,13171.45,1973.057,5480.595,13581.03,1984.858,5492.086,13529.61,1977.858,5591.703,13276.51,2009.544,5458.025,13523.29,1963.221,5681.444,13322.13,1969.389,5683.634,13628.49,1979.789,5571.068,13436.5,1989.36,5561.811,13498.2,2042.597,5504.191
13379.06,1983.353,5470.781,13388.06,1950.195,5755.92,13419.85,1980.544,5657.108,13247.54,1976.692,5546.689,13623.42,2022.614,5657.259,13259.32,2012.767,5639.555,13172.45,1973.057,5480.07,13582.07,1984.858,5491.632,13530.69,1977.858,5591.36,13277.5,2009.544,5457.467,13524.42,1963.221,5681.367,13322.94,1969.389,5682.837,13629.61,1979.789,5570.913,13437.61,1989.36,5562.021,13499.29,2042.597,5504.496
13381.04,1983.353,5470.938,13389.7,1950.195,5754.797,13421.59,1980.544,5656.155,13249.26,1976.692,5545.7,13625.38,2022.614,5656.938,13261.22,2012.767,5638.974,13174.23,1973.057,5479.188,13583.86,1984.858,5490.778,13532.57,1977.858,5590.699,13279.2,2009.544,5456.439,13526.41,1963.221,5681.296,13324.33,1969.389,5681.426,13631.58,1979.789,5570.646,13439.57,1989.36,5562.336,13501.21,2042.597,5504.978
13382.13,1983.353,5471.061,13390.59,1950.195,5754.145,13422.58,1980.544,5655.657,13250.23,1976.692,5545.178,13626.47,2022.614,5656.79,13262.26,2012.767,5638.623,13175.23,1973.057,5478.72,13584.85,1984.858,5490.27,13533.6,1977.858,5590.297,13280.13,2009.544,5455.84,13527.51,1963.221,5681.292,13325.13,1969.389,5680.662,13632.67,1979.789,5570.5,13440.67,1989.36,5562.483,13502.29,2042.597,5505.218
13383.97,1983.353,5471.285,13392.05,1950.195,5753.002,13424.26,1980.544,5654.875,13251.89,1976.692,5544.351,13628.31,2022.614,5656.597,13264,2012.767,5637.988,13176.92,1973.057,5477.969,13586.46,1984.858,5489.366,13535.3,1977.858,5589.568,13281.65,2009.544,5454.792,13529.36,1963.221,5681.346,13326.5,1969.389,5679.421,13634.51,1979.789,5570.262,13442.51,1989.36,5562.678,13504.11,2042.597,5505.574
13385.48,1983.353,5471.518,13393.21,1950.195,5752.015,13425.66,1980.544,5654.277,13253.27,1976.692,5543.71,13629.83,2022.614,5656.482,13265.42,2012.767,5637.427,13178.32,1973.057,5477.377,13587.77,1984.858,5488.579,13536.68,1977.858,5588.924,13282.88,2009.544,5453.894,13530.88,1963.221,5681.439,13327.66,1969.389,5678.431,13636.02,1979.789,5570.069,13444.02,1989.36,5562.797,13505.61,2042.597,5505.828
13387.25,1983.353,5471.847,13394.62,1950.195,5750.889,13427.34,1980.544,5653.622,13255,1976.692,5543.184,13631.64,2022.614,5656.399,13267.08,2012.767,5636.717,13180,1973.057,5476.705,13589.28,1984.858,5487.594,13538.29,1977.858,5588.106,13284.37,2009.544,5452.871,13532.68,1963.221,5681.608,13329.07,1969.389,5677.295,13637.81,1979.789,5569.845,13445.83,1989.36,5562.886,13507.4,2042.597,5506.084
13388.79,1983.353,5472.178,13395.88,1950.195,5749.952,13428.83,1980.544,5653.101,13256.49,1976.692,5542.679,13633.21,2022.614,5656.373,13268.51,2012.767,5636.063,13181.47,1973.057,5476.155,13590.57,1984.858,5486.697,13539.67,1977.858,5587.352,13285.7,2009.544,5452.023,13534.24,1963.221,5681.805,13330.32,1969.389,5676.343,13639.37,1979.789,5569.654,13447.4,1989.36,5562.918,13508.96,2042.597,5506.268
13390.26,1983.353,5472.542,13397.13,1950.195,5749.089,13430.27,1980.544,5652.645,13257.91,1976.692,5542.145,13634.72,2022.614,5656.392,13269.87,2012.767,5635.395,13182.9,1973.057,5475.653,13591.79,1984.858,5485.791,13540.97,1977.858,5586.582,13286.99,2009.544,5451.239,13535.74,1963.221,5682.044,13331.55,1969.389,5675.459,13640.88,1979.789,5569.473,13448.92,1989.36,5562.906,13510.47,2042.597,5506.406
13391.93,1983.353,5472.923,13398.57,1950.195,5748.16,13431.92,1980.544,5652.183,13259.49,1976.692,5541.489,13636.43,2022.614,5656.464,13271.38,2012.767,5634.599,13184.52,1973.057,5475.104,13593.12,1984.858,5484.724,13542.42,1977.858,5585.666,13288.47,2009.544,5450.388,13537.42,1963.221,5682.368,13332.96,1969.389,5674.499,13642.57,1979.789,5569.273,13450.62,1989.36,5562.841,13512.18,2042.597,5506.521
13393.63,1983.353,5473.272,13400.05,1950.195,5747.266,13433.6,1980.544,5651.769,13261.13,1976.692,5540.912,13638.16,2022.614,5656.588,13272.9,2012.767,5633.75,13186.17,1973.057,5474.557,13594.44,1984.858,5483.597,13543.85,1977.858,5584.69,13290,2009.544,5449.56,13539.11,1963.221,5682.752,13334.43,1969.389,5673.564,13644.3,1979.789,5569.074,13452.36,1989.36,5562.724,13513.91,2042.597,5506.594
13395.34,1983.353,5473.583,13401.58,1950.195,5746.417,13435.31,1980.544,5651.408,13262.77,1976.692,5540.322,13639.9,2022.614,5656.764,13274.4,2012.767,5632.855,13187.83,1973.057,5474.023,13595.73,1984.858,5482.422,13545.27,1977.858,5583.669,13291.55,2009.544,5448.766,13540.8,1963.221,5683.192,13335.92,1969.389,5672.667,13646.03,1979.789,5568.877,13454.09,1989.36,5562.554,13515.65,2042.597,5506.626
13397.69,1983.353,5473.947,13403.69,1950.195,5745.331,13437.65,1980.544,5650.993,13264.97,1976.692,5539.452,13642.25,2022.614,5657.072,13276.44,2012.767,5631.646,13190.09,1973.057,5473.311,13597.54,1984.858,5480.881,13547.24,1977.858,5582.341,13293.69,2009.544,5447.735,13543.11,1963.221,5683.725,13337.99,1969.389,5671.5,13648.38,1979.789,5568.54,13456.45,1989.36,5562.251,13518.03,2042.597,5506.612
13399.03,1983.353,5474.12,13404.91,1950.195,5744.75,13438.99,1980.544,5650.8,13266.24,1976.692,5538.953,13643.59,2022.614,5657.288,13277.61,2012.767,5630.958,13191.37,1973.057,5472.861,13598.6,1984.858,5480.035,13548.38,1977.858,5581.619,13294.93,2009.544,5447.174,13544.44,1963.221,5683.99,13339.19,1969.389,5670.866,13649.72,1979.789,5568.308,13457.79,1989.36,5562.038,13519.38,2042.597,5506.572
13400.63,1983.353,5474.281,13406.39,1950.195,5744.109,13440.59,1980.544,5650.623,13267.73,1976.692,5538.361,13645.17,2022.614,5657.589,13278.99,2012.767,5630.148,13192.87,1973.057,5472.28,13599.89,1984.858,5479.075,13549.77,1977.858,5580.809,13296.4,2009.544,5446.545,13546.02,1963.221,5684.259,13340.63,1969.389,5670.155,13651.29,1979.789,5567.988,13459.36,1989.36,5561.736,13520.99,2042.597,5506.488
13402.44,1983.353,5474.412,13408.07,1950.195,5743.441,13442.4,1980.544,5650.481,13269.41,1976.692,5537.69,13646.94,2022.614,5657.983,13280.56,2012.767,5629.238,13194.54,1973.057,5471.568,13601.38,1984.858,5478.038,13551.37,1977.858,5579.943,13298.09,2009.544,5445.871,13547.82,1963.221,5684.511,13342.28,1969.389,5669.395,13653.05,1979.789,5567.573,13461.13,1989.36,5561.341,13522.79,2042.597,5506.351
13404.26,1983.353,5474.492,13409.79,1950.195,5742.824,13444.22,1980.544,5650.398,13271.11,1976.692,5537.014,13648.72,2022.614,5658.371,13282.14,2012.767,5628.328,13196.19,1973.057,5470.798,13602.91,1984.858,5477.044,13553,1977.858,5579.125,13299.8,2009.544,5445.232,13549.63,1963.221,5684.712,13343.95,1969.389,5668.675,13654.82,1979.789,5567.099,13462.9,1989.36,5560.89,13524.61,2042.597,5506.173
13406.1,1983.353,5474.52,13411.54,1950.195,5742.26,13446.06,1980.544,5650.374,13272.79,1976.692,5536.281,13650.52,2022.614,5658.75,13283.74,2012.767,5627.417,13197.87,1973.057,5470.059,13604.48,1984.858,5476.094,13554.67,1977.858,5578.354,13301.53,2009.544,5444.626,13551.47,1963.221,5684.864,13345.66,1969.389,5667.996,13656.58,1979.789,5566.563,13464.67,1989.36,5560.38,13526.44,2042.597,5505.953
13408.6,1983.353,5474.484,13413.85,1950.195,5741.327,13448.55,1980.544,5650.423,13275.05,1976.692,5535.218,13652.96,2022.614,5659.245,13285.9,2012.767,5626.187,13200.17,1973.057,5469.097,13606.66,1984.858,5474.876,13556.96,1977.858,5577.381,13303.9,2009.544,5443.854,13553.96,1963.221,5685,13348,1969.389,5667.136,13658.98,1979.789,5565.914,13467.04,1989.36,5559.613,13528.9,2042.597,5505.602
13410.57,1983.353,5474.396,13415.7,1950.195,5740.629,13450.53,1980.544,5650.526,13276.84,1976.692,5534.381,13654.9,2022.614,5659.625,13287.63,2012.767,5625.217,13201.97,1973.057,5468.275,13608.41,1984.858,5473.967,13558.81,1977.858,5576.668,13305.79,2009.544,5443.278,13555.93,1963.221,5685.049,13349.88,1969.389,5666.503,13660.91,1979.789,5565.462,13468.9,1989.36,5558.947,13530.86,2042.597,5505.282
13412.02,1983.353,5474.289,13417.08,1950.195,5740.163,13451.97,1980.544,5650.648,13278.16,1976.692,5533.772,13656.33,2022.614,5659.895,13288.89,2012.767,5624.511,13203.27,1973.057,5467.63,13609.72,1984.858,5473.344,13560.18,1977.858,5576.189,13307.19,2009.544,5442.884,13557.38,1963.221,5685.043,13351.26,1969.389,5666.076,13662.31,1979.789,5565.085,13470.25,1989.36,5558.417,13532.28,2042.597,5505.018
13413.58,1983.353,5474.125,13418.58,1950.195,5739.707,13453.53,1980.544,5650.832,13279.58,1976.692,5533.118,13657.87,2022.614,5660.176,13290.26,2012.767,5623.752,13204.65,1973.057,5466.887,13611.16,1984.858,5472.715,13561.67,1977.858,5575.718,13308.71,2009.544,5442.486,13558.95,1963.221,5684.991,13352.77,1969.389,5665.653,13663.78,1979.789,5564.55,13471.69,1989.36,5557.797,13533.82,2042.597,5504.702
13416.11,1983.353,5473.781,13421.04,1950.195,5739.045,13456.05,1980.544,5651.214,13281.87,1976.692,5531.982,13660.39,2022.614,5660.607,13292.5,2012.767,5622.523,13206.93,1973.057,5465.731,13613.53,1984.858,5471.769,13564.13,1977.858,5575.028,13311.19,2009.544,5441.883,13561.5,1963.221,5684.831,13355.25,1969.389,5665.029,13666.21,1979.789,5563.758,13474.01,1989.36,5556.715,13536.31,2042.597,5504.138
13418.66,1983.353,5473.353,13423.57,1950.195,5738.45,13458.61,1980.544,5651.626,13284.15,1976.692,5530.761,13662.94,2022.614,5661.023,13294.77,2012.767,5621.284,13209.26,1973.057,5464.605,13615.97,1984.858,5470.888,13566.65,1977.858,5574.397,13313.71,2009.544,5441.307,13564.08,1963.221,5684.593,13357.77,1969.389,5664.462,13668.7,1979.789,5563.035,13476.32,1989.36,5555.544,13538.82,2042.597,5503.509
13419.78,1983.353,5473.13,13424.68,1950.195,5738.222,13459.73,1980.544,5651.818,13285.17,1976.692,5530.249,13664.07,2022.614,5661.198,13295.77,2012.767,5620.743,13210.27,1973.057,5464.077,13617.05,1984.858,5470.537,13567.76,1977.858,5574.151,13314.81,2009.544,5441.021,13565.21,1963.221,5684.456,13358.89,1969.389,5664.242,13669.79,1979.789,5562.707,13477.32,1989.36,5554.998,13539.92,2042.597,5503.208
13420.69,1983.353,5472.917,13425.61,1950.195,5738.063,13460.66,1980.544,5651.985,13286,1976.692,5529.818,13665,2022.614,5661.335,13296.6,2012.767,5620.298,13211.11,1973.057,5463.659,13617.96,1984.858,5470.275,13568.68,1977.858,5573.972,13315.72,2009.544,5440.756,13566.14,1963.221,5684.316,13359.82,1969.389,5664.083,13670.7,1979.789,5562.466,13478.13,1989.36,5554.521,13540.82,2042.597,5502.939
13423.76,1983.353,5472.099,13428.75,1950.195,5737.619,13463.77,1980.544,5652.58,13288.86,1976.692,5528.433,13668.14,2022.614,5661.781,13299.4,2012.767,5618.809,13213.91,1973.057,5462.157,13621.03,1984.858,5469.494,13571.81,1977.858,5573.467,13318.73,2009.544,5439.774,13569.26,1963.221,5683.752,13362.96,1969.389,5663.629,13673.79,1979.789,5561.752,13480.82,1989.36,5552.846,13543.84,2042.597,5501.983
13425.03,1983.353,5471.714,13430.07,1950.195,5737.473,13465.08,1980.544,5652.788,13290.04,1976.692,5527.843,13669.45,2022.614,5661.943,13300.57,2012.767,5618.19,13215.09,1973.057,5461.557,13622.33,1984.858,5469.209,13573.13,1977.858,5573.296,13319.98,2009.544,5439.326,13570.56,1963.221,5683.479,13364.27,1969.389,5663.472,13675.09,1979.789,5561.493,13481.96,1989.36,5552.173,13545.1,2042.597,5501.563
13427.02,1983.353,5471.041,13432.16,1950.195,5737.307,13467.17,1980.544,5653.053,13291.92,1976.692,5526.89,13671.54,2022.614,5662.16,13302.44,2012.767,5617.215,13216.98,1973.057,5460.645,13624.39,1984.858,5468.825,13575.22,1977.858,5573.091,13321.94,2009.544,5438.557,13572.6,1963.221,5682.987,13366.37,1969.389,5663.277,13677.17,1979.789,5561.145,13483.8,1989.36,5551.152,13547.08,2042.597,5500.867
13428.16,1983.353,5470.614,13433.37,1950.195,5737.248,13468.37,1980.544,5653.168,13292.99,1976.692,5526.33,13672.75,2022.614,5662.262,13303.51,2012.767,5616.656,13218.08,1973.057,5460.138,13625.59,1984.858,5468.643,13576.43,1977.858,5573.009,13323.05,2009.544,5438.079,13573.77,1963.221,5682.669,13367.58,1969.389,5663.194,13678.37,1979.789,5560.979,13484.88,1989.36,5550.59,13548.22,2042.597,5500.448
13430.16,1983.353,5469.787,13435.54,1950.195,5737.209,13470.54,1980.544,5653.309,13294.91,1976.692,5525.31,13674.91,2022.614,5662.4,13305.44,2012.767,5615.663,13220.07,1973.057,5459.264,13627.74,1984.858,5468.386,13578.6,1977.858,5572.929,13325.02,2009.544,5437.167,13575.85,1963.221,5682.042,13369.74,1969.389,5663.101,13680.52,1979.789,5560.75,13486.82,1989.36,5549.636,13550.24,2042.597,5499.672
13432.51,1983.353,5468.723,13438.12,1950.195,5737.243,13473.12,1980.544,5653.396,13297.21,1976.692,5524.15,13677.49,2022.614,5662.512,13307.74,2012.767,5614.488,13222.4,1973.057,5458.145,13630.32,1984.858,5468.165,13581.18,1977.858,5572.911,13327.33,2009.544,5436.013,13578.3,1963.221,5681.225,13372.32,1969.389,5663.053,13683.1,1979.789,5560.555,13489.17,1989.36,5548.562,13552.64,2042.597,5498.716
13433.74,1983.353,5468.12,13439.49,1950.195,5737.302,13474.49,1980.544,5653.4,13298.45,1976.692,5523.565,13678.86,2022.614,5662.543,13308.96,2012.767,5613.869,13223.61,1973.057,5457.512,13631.68,1984.858,5468.091,13582.55,1977.858,5572.942,13328.54,2009.544,5435.366,13579.58,1963.221,5680.755,13373.69,1969.389,5663.062,13684.47,1979.789,5560.493,13490.43,1989.36,5548.026,13553.91,2042.597,5498.193
13434.32,1983.353,5467.813,13440.14,1950.195,5737.351,13475.14,1980.544,5653.382,13299.04,1976.692,5523.3,13679.51,2022.614,5662.544,13309.54,2012.767,5613.575,13224.18,1973.057,5457.191,13632.34,1984.858,5468.078,13583.2,1977.858,5572.977,13329.1,2009.544,5435.041,13580.19,1963.221,5680.514,13374.34,1969.389,5663.082,13685.12,1979.789,5560.483,13491.04,1989.36,5547.788,13554.5,2042.597,5497.936
13436.62,1983.353,5466.487,13442.78,1950.195,5737.63,13477.79,1980.544,5653.227,13301.5,1976.692,5522.28,13682.17,2022.614,5662.491,13311.91,2012.767,5612.388,13226.45,1973.057,5455.812,13634.99,1984.858,5468.108,13585.85,1977.858,5573.19,13331.37,2009.544,5433.652,13582.63,1963.221,5679.464,13377,1969.389,5663.228,13687.77,1979.789,5560.524,13493.54,1989.36,5546.886,13556.93,2042.597,5496.861
13437.62,1983.353,5465.867,13443.95,1950.195,5737.791,13478.96,1980.544,5653.122,13302.58,1976.692,5521.82,13683.34,2022.614,5662.441,13312.97,2012.767,5611.865,13227.47,1973.057,5455.229,13636.17,1984.858,5468.16,13587.02,1977.858,5573.317,13332.35,2009.544,5433.008,13583.71,1963.221,5679,13378.17,1969.389,5663.32,13688.95,1979.789,5560.579,13494.65,1989.36,5546.519,13558,2042.597,5496.373
13438.74,1983.353,5465.119,13445.28,1950.195,5738.015,13480.3,1980.544,5652.96,13303.82,1976.692,5521.282,13684.69,2022.614,5662.354,13314.18,2012.767,5611.27,13228.66,1973.057,5454.592,13637.51,1984.858,5468.263,13588.35,1977.858,5573.5,13333.46,2009.544,5432.238,13584.95,1963.221,5678.472,13379.51,1969.389,5663.458,13690.29,1979.789,5560.682,13495.95,1989.36,5546.134,13559.22,2042.597,5495.799
13439.93,1983.353,5464.27,13446.71,1950.195,5738.303,13481.75,1980.544,5652.741,13305.15,1976.692,5520.688,13686.14,2022.614,5662.227,13315.49,2012.767,5610.628,13229.96,1973.057,5453.934,13638.96,1984.858,5468.422,13589.79,1977.858,5573.734,13334.63,2009.544,5431.37,13586.3,1963.221,5677.905,13380.96,1969.389,5663.643,13691.75,1979.789,5560.837,13497.36,1989.36,5545.759,13560.54,2042.597,5495.163
13441.05,1983.353,5463.414,13448.08,1950.195,5738.623,13483.13,1980.544,5652.487,13306.43,1976.692,5520.104,13687.54,2022.614,5662.072,13316.75,2012.767,5610.012,13231.23,1973.057,5453.328,13640.36,1984.858,5468.621,13591.18,1977.858,5573.994,13335.74,2009.544,5430.502,13587.6,1963.221,5677.366,13382.35,1969.389,5663.853,13693.14,1979.789,5561.03,13498.73,1989.36,5545.437,13561.8,2042.597,5494.537
13442.12,1983.353,5462.551,13449.41,1950.195,5738.977,13484.47,1980.544,5652.199,13307.67,1976.692,5519.524,13688.9,2022.614,5661.889,13317.99,2012.767,5609.416,13232.48,1973.057,5452.763,13641.71,1984.858,5468.858,13592.52,1977.858,5574.277,13336.8,2009.544,5429.626,13588.87,1963.221,5676.848,13383.71,1969.389,5664.089,13694.5,1979.789,5561.259,13500.06,1989.36,5545.109,13563.02,2042.597,5493.914
13443.13,1983.353,5461.688,13450.68,1950.195,5739.358,13485.76,1980.544,5651.881,13308.86,1976.692,5518.927,13690.22,2022.614,5661.682,13319.19,2012.767,5608.842,13233.7,1973.057,5452.239,13643.01,1984.858,5469.13,13593.82,1977.858,5574.579,13337.84,2009.544,5428.806,13590.1,1963.221,5676.356,13385.01,1969.389,5664.348,13695.8,1979.789,5561.521,13501.35,1989.36,5544.778,13564.2,2042.597,5493.3
13444.08,1983.353,5460.828,13451.9,1950.195,5739.766,13487,1980.544,5651.535,13309.99,1976.692,5518.315,13691.48,2022.614,5661.451,13320.35,2012.767,5608.29,13234.89,1973.057,5451.74,13644.26,1984.858,5469.434,13595.06,1977.858,5574.893,13338.87,2009.544,5428.037,13591.3,1963.221,5675.89,13386.26,1969.389,5664.626,13697.05,1979.789,5561.811,13502.59,1989.36,5544.442,13565.33,2042.597,5492.695
13444.98,1983.353,5459.97,13453.07,1950.195,5740.197,13488.19,1980.544,5651.164,13311.07,1976.692,5517.689,13692.7,2022.614,5661.199,13321.47,2012.767,5607.757,13236.04,1973.057,5451.26,13645.46,1984.858,5469.766,13596.26,1977.858,5575.218,13339.89,2009.544,5427.316,13592.46,1963.221,5675.447,13387.47,1969.389,5664.923,13698.25,1979.789,5562.129,13503.78,1989.36,5544.101,13566.42,2042.597,5492.098
13445.83,1983.353,5459.111,13454.22,1950.195,5740.579,13489.36,1980.544,5650.841,13312.09,1976.692,5517.05,13693.88,2022.614,5660.925,13322.57,2012.767,5607.242,13237.16,1973.057,5450.8,13646.62,1984.858,5470.127,13597.43,1977.858,5575.552,13340.89,2009.544,5426.638,13593.6,1963.221,5675.027,13388.64,1969.389,5665.238,13699.41,1979.789,5562.473,13504.94,1989.36,5543.75,13567.48,2042.597,5491.508
13446.9,1983.353,5457.976,13455.71,1950.195,5741.022,13490.87,1980.544,5650.474,13313.39,1976.692,5516.188,13695.4,2022.614,5660.603,13323.98,2012.767,5606.583,13238.6,1973.057,5450.208,13648.09,1984.858,5470.64,13598.92,1977.858,5576.001,13342.2,2009.544,5425.792,13595.06,1963.221,5674.5,13390.13,1969.389,5665.676,13700.92,1979.789,5562.879,13506.43,1989.36,5543.274,13568.83,2042.597,5490.736
13447.26,1983.353,5457.581,13456.22,1950.195,5741.156,13491.39,1980.544,5650.366,13313.84,1976.692,5515.9,13695.92,2022.614,5660.502,13324.46,2012.767,5606.36,13239.08,1973.057,5449.992,13648.58,1984.858,5470.829,13599.43,1977.858,5576.137,13342.65,2009.544,5425.515,13595.57,1963.221,5674.336,13390.64,1969.389,5665.836,13701.43,1979.789,5563,13506.93,1989.36,5543.104,13569.29,2042.597,5490.47
13448.32,1983.353,5456.328,13457.82,1950.195,5741.519,13493,1980.544,5650.082,13315.22,1976.692,5515.026,13697.54,2022.614,5660.221,13325.95,2012.767,5605.672,13240.55,1973.057,5449.271,13650.1,1984.858,5471.46,13601.03,1977.858,5576.506,13344.06,2009.544,5424.684,13597.14,1963.221,5673.882,13392.19,1969.389,5666.364,13703.04,1979.789,5563.324,13508.47,1989.36,5542.544,13570.7,2042.597,5489.632
13448.78,1983.353,5455.753,13458.54,1950.195,5741.658,13493.73,1980.544,5649.94,13315.85,1976.692,5514.641,13698.26,2022.614,5660.106,13326.61,2012.767,5605.365,13241.2,1973.057,5448.926,13650.78,1984.858,5471.729,13601.75,1977.858,5576.648,13344.71,2009.544,5424.325,13597.86,1963.221,5673.701,13392.88,1969.389,5666.616,13703.77,1979.789,5563.447,13509.16,1989.36,5542.28,13571.33,2042.597,5489.25
13449.49,1983.353,5454.815,13459.71,1950.195,5741.843,13494.89,1980.544,5649.75,13316.86,1976.692,5514.035,13699.43,2022.614,5659.942,13327.7,2012.767,5604.907,13242.23,1973.057,5448.341,13651.89,1984.858,5472.137,13602.91,1977.858,5576.838,13345.74,2009.544,5423.771,13599.01,1963.221,5673.449,13394,1969.389,5666.981,13704.93,1979.789,5563.605,13510.25,1989.36,5541.833,13572.33,2042.597,5488.628
13450.12,1983.353,5453.93,13460.79,1950.195,5741.978,13495.96,1980.544,5649.584,13317.8,1976.692,5513.485,13700.51,2022.614,5659.805,13328.71,2012.767,5604.514,13243.15,1973.057,5447.77,13652.91,1984.858,5472.493,13603.99,1977.858,5576.978,13346.71,2009.544,5423.277,13600.08,1963.221,5673.25,13395.05,1969.389,5667.285,13706.01,1979.789,5563.742,13511.24,1989.36,5541.396,13573.24,2042.597,5488.043
13450.53,1983.353,5453.318,13461.51,1950.195,5742.115,13496.69,1980.544,5649.486,13318.44,1976.692,5513.118,13701.24,2022.614,5659.722,13329.41,2012.767,5604.268,13243.77,1973.057,5447.362,13653.61,1984.858,5472.722,13604.72,1977.858,5577.049,13347.38,2009.544,5422.957,13600.8,1963.221,5673.139,13395.76,1969.389,5667.468,13706.73,1979.789,5563.9,13511.92,1989.36,5541.11,13573.86,2042.597,5487.64
13451.04,1983.353,5452.516,13462.45,1950.195,5742.28,13497.63,1980.544,5649.337,13319.26,1976.692,5512.651,13702.19,2022.614,5659.631,13330.31,2012.767,5603.979,13244.54,1973.057,5446.811,13654.52,1984.858,5473,13605.67,1977.858,5577.11,13348.24,2009.544,5422.559,13601.75,1963.221,5673.026,13396.69,1969.389,5667.673,13707.67,1979.789,5564.074,13512.8,1989.36,5540.753,13574.65,2042.597,5487.11
13451.54,1983.353,5451.684,13463.41,1950.195,5742.417,13498.59,1980.544,5649.206,13320.11,1976.692,5512.182,13703.15,2022.614,5659.554,13331.24,2012.767,5603.712,13245.31,1973.057,5446.224,13655.46,1984.858,5473.267,13606.64,1977.858,5577.141,13349.13,2009.544,5422.171,13602.71,1963.221,5672.942,13397.64,1969.389,5667.852,13708.62,1979.789,5564.22,13513.7,1989.36,5540.403,13575.45,2042.597,5486.561
13452.06,1983.353,5450.812,13464.41,1950.195,5742.587,13499.6,1980.544,5649.134,13321.01,1976.692,5511.696,13704.17,2022.614,5659.487,13332.23,2012.767,5603.461,13246.1,1973.057,5445.58,13656.44,1984.858,5473.531,13607.66,1977.858,5577.14,13350.07,2009.544,5421.78,13603.73,1963.221,5672.887,13398.65,1969.389,5668.006,13709.63,1979.789,5564.384,13514.66,1989.36,5540.048,13576.28,2042.597,5485.974
13452.6,1983.353,5449.915,13465.45,1950.195,5742.728,13500.65,1980.544,5649.026,13321.93,1976.692,5511.203,13705.21,2022.614,5659.434,13333.25,2012.767,5603.234,13246.89,1973.057,5444.892,13657.46,1984.858,5473.787,13608.71,1977.858,5577.106,13351.04,2009.544,5421.396,13604.78,1963.221,5672.864,13399.69,1969.389,5668.131,13710.67,1979.789,5564.518,13515.65,1989.36,5539.699,13577.13,2042.597,5485.358
13453.17,1983.353,5448.982,13466.54,1950.195,5742.838,13501.73,1980.544,5648.881,13322.89,1976.692,5510.679,13706.31,2022.614,5659.393,13334.33,2012.767,5603.031,13247.74,1973.057,5444.199,13658.52,1984.858,5474.037,13609.8,1977.858,5577.035,13352.05,2009.544,5420.966,13605.87,1963.221,5672.875,13400.78,1969.389,5668.226,13711.76,1979.789,5564.623,13516.68,1989.36,5539.353,13578,2042.597,5484.707
13453.76,1983.353,5448.02,13467.66,1950.195,5742.917,13502.85,1980.544,5648.696,13323.88,1976.692,5510.127,13707.43,2022.614,5659.363,13335.44,2012.767,5602.854,13248.63,1973.057,5443.509,13659.62,1984.858,5474.28,13610.92,1977.858,5576.925,13353.07,2009.544,5420.491,13607,1963.221,5672.923,13401.91,1969.389,5668.287,13712.88,1979.789,5564.695,13517.76,1989.36,5539.012,13578.9,2042.597,5484.021
13454.4,1983.353,5447.046,13468.83,1950.195,5742.959,13503.99,1980.544,5648.472,13324.91,1976.692,5509.588,13708.6,2022.614,5659.343,13336.6,2012.767,5602.705,13249.58,1973.057,5442.824,13660.76,1984.858,5474.514,13612.08,1977.858,5576.774,13354.11,2009.544,5419.969,13608.16,1963.221,5673.011,13403.07,1969.389,5668.312,13714.04,1979.789,5564.835,13518.88,1989.36,5538.681,13579.82,2042.597,5483.302
13455.1,1983.353,5446.058,13470.04,1950.195,5742.963,13505.18,1980.544,5648.231,13326,1976.692,5509.06,13709.81,2022.614,5659.338,13337.8,2012.767,5602.511,13250.57,1973.057,5442.14,13661.95,1984.858,5474.742,13613.28,1977.858,5576.579,13355.18,2009.544,5419.396,13609.37,1963.221,5673.141,13404.28,1969.389,5668.348,13715.24,1979.789,5564.941,13520.04,1989.36,5538.357,13580.76,2042.597,5482.543
13455.85,1983.353,5445.07,13471.28,1950.195,5742.961,13506.4,1980.544,5648.084,13327.13,1976.692,5508.552,13711.05,2022.614,5659.347,13339.01,2012.767,5602.273,13251.62,1973.057,5441.47,13663.17,1984.858,5474.961,13614.49,1977.858,5576.339,13356.25,2009.544,5418.778,13610.59,1963.221,5673.313,13405.52,1969.389,5668.345,13716.48,1979.789,5565.07,13521.24,1989.36,5538.049,13581.71,2042.597,5481.753
13456.65,1983.353,5444.083,13472.55,1950.195,5742.917,13507.66,1980.544,5647.908,13328.3,1976.692,5508.066,13712.32,2022.614,5659.372,13340.25,2012.767,5601.988,13252.7,1973.057,5440.812,13664.41,1984.858,5475.223,13615.73,1977.858,5576.054,13357.34,2009.544,5418.112,13611.85,1963.221,5673.531,13406.79,1969.389,5668.418,13717.74,1979.789,5565.162,13522.48,1989.36,5537.757,13582.69,2042.597,5480.941
13457.31,1983.353,5443.317,13473.56,1950.195,5742.849,13508.66,1980.544,5647.736,13329.24,1976.692,5507.693,13713.33,2022.614,5659.402,13341.21,2012.767,5601.658,13253.58,1973.057,5440.312,13665.4,1984.858,5475.455,13616.71,1977.858,5575.794,13358.18,2009.544,5417.559,13612.84,1963.221,5673.736,13407.8,1969.389,5668.443,13718.75,1979.789,5565.201,13523.47,1989.36,5537.544,13583.46,2042.597,5480.291
13458.58,1983.353,5441.945,13475.42,1950.195,5742.662,13510.49,1980.544,5647.36,13330.96,1976.692,5506.948,13715.19,2022.614,5659.475,13342.98,2012.767,5601.069,13255.23,1973.057,5439.432,13667.22,1984.858,5475.885,13618.5,1977.858,5575.257,13359.72,2009.544,5416.499,13614.65,1963.221,5674.175,13409.67,1969.389,5668.428,13720.61,1979.789,5565.333,13525.3,1989.36,5537.189,13584.89,2042.597,5479.086
13459.38,1983.353,5441.138,13476.54,1950.195,5742.512,13511.59,1980.544,5647.098,13331.98,1976.692,5506.462,13716.33,2022.614,5659.531,13344.04,2012.767,5600.674,13256.24,1973.057,5438.922,13668.33,1984.858,5476.104,13619.58,1977.858,5574.906,13360.64,2009.544,5415.833,13615.76,1963.221,5674.412,13410.8,1969.389,5668.382,13721.74,1979.789,5565.377,13526.42,1989.36,5536.998,13585.76,2042.597,5478.352
13460.4,1983.353,5440.172,13477.92,1950.195,5742.281,13512.97,1980.544,5646.853,13333.23,1976.692,5505.82,13717.73,2022.614,5659.613,13345.37,2012.767,5600.23,13257.51,1973.057,5438.318,13669.7,1984.858,5476.398,13620.9,1977.858,5574.441,13361.75,2009.544,5414.983,13617.14,1963.221,5674.67,13412.2,1969.389,5668.28,13723.14,1979.789,5565.385,13527.81,1989.36,5536.791,13586.82,2042.597,5477.44
13461.51,1983.353,5439.186,13479.38,1950.195,5741.966,13514.44,1980.544,5646.608,13334.56,1976.692,5505.165,13719.21,2022.614,5659.71,13346.8,2012.767,5599.805,13258.86,1973.057,5437.702,13671.15,1984.858,5476.697,13622.29,1977.858,5573.918,13362.92,2009.544,5414.057,13618.61,1963.221,5674.905,13413.68,1969.389,5668.123,13724.63,1979.789,5565.344,13529.28,1989.36,5536.605,13587.94,2042.597,5476.47
13462.82,1983.353,5438.093,13481.06,1950.195,5741.659,13516.11,1980.544,5646.272,13336.07,1976.692,5504.363,13720.91,2022.614,5659.831,13348.43,2012.767,5599.297,13260.42,1973.057,5437.019,13672.8,1984.858,5477.131,13623.87,1977.858,5573.284,13364.23,2009.544,5412.967,13620.3,1963.221,5675.13,13415.37,1969.389,5667.886,13726.33,1979.789,5565.267,13530.98,1989.36,5536.43,13589.23,2042.597,5475.349
13463.48,1983.353,5437.581,13481.87,1950.195,5741.482,13516.92,1980.544,5646.082,13336.82,1976.692,5503.995,13721.74,2022.614,5659.893,13349.22,2012.767,5599.022,13261.19,1973.057,5436.693,13673.6,1984.858,5477.337,13624.66,1977.858,5572.999,13364.86,2009.544,5412.424,13621.13,1963.221,5675.219,13416.19,1969.389,5667.744,13727.16,1979.789,5565.256,13531.81,1989.36,5536.364,13589.86,2042.597,5474.798
13464.9,1983.353,5436.543,13483.59,1950.195,5741.065,13518.66,1980.544,5645.747,13338.38,1976.692,5503.166,13723.5,2022.614,5660.035,13350.79,2012.767,5598.234,13262.82,1973.057,5436.024,13675.33,1984.858,5477.719,13626.33,1977.858,5572.451,13366.19,2009.544,5411.26,13622.89,1963.221,5675.361,13417.92,1969.389,5667.386,13728.89,1979.789,5564.938,13533.57,1989.36,5536.267,13591.18,2042.597,5473.626
13466.3,1983.353,5435.595,13485.24,1950.195,5740.72,13520.31,1980.544,5645.373,13339.84,1976.692,5502.324,13725.18,2022.614,5660.163,13352.28,2012.767,5597.421,13264.39,1973.057,5435.392,13676.99,1984.858,5478.03,13627.96,1977.858,5571.979,13367.45,2009.544,5410.134,13624.58,1963.221,5675.455,13419.59,1969.389,5667.108,13730.56,1979.789,5564.688,13535.25,1989.36,5536.119,13592.48,2042.597,5472.545
13467.78,1983.353,5434.52,13487.02,1950.195,5740.297,13522.07,1980.544,5644.912,13341.39,1976.692,5501.361,13727,2022.614,5660.297,13353.91,2012.767,5596.594,13266.08,1973.057,5434.71,13678.8,1984.858,5478.307,13629.73,1977.858,5571.527,13368.8,2009.544,5408.904,13626.4,1963.221,5675.511,13421.38,1969.389,5666.749,13732.36,1979.789,5564.363,13537.07,1989.36,5535.924,13593.92,2042.597,5471.424
13468.49,1983.353,5433.972,13487.88,1950.195,5740.062,13522.93,1980.544,5644.659,13342.16,1976.692,5500.902,13727.89,2022.614,5660.358,13354.71,2012.767,5596.217,13266.91,1973.057,5434.376,13679.68,1984.858,5478.414,13630.6,1977.858,5571.334,13369.45,2009.544,5408.297,13627.29,1963.221,5675.518,13422.25,1969.389,5666.544,13733.24,1979.789,5564.233,13537.96,1989.36,5535.801,13594.64,2042.597,5470.9
13470.04,1983.353,5432.9,13489.71,1950.195,5739.625,13524.72,1980.544,5644.071,13343.77,1976.692,5499.927,13729.77,2022.614,5660.483,13356.34,2012.767,5595.27,13268.65,1973.057,5433.667,13681.56,1984.858,5478.577,13632.45,1977.858,5570.986,13370.81,2009.544,5406.996,13629.18,1963.221,5675.488,13424.07,1969.389,5666.054,13735.1,1979.789,5564,13539.81,1989.36,5535.482,13596.2,2042.597,5469.843
13471.42,1983.353,5431.87,13491.38,1950.195,5739.17,13526.34,1980.544,5643.481,13345.23,1976.692,5499,13731.5,2022.614,5660.597,13357.82,2012.767,5594.367,13270.25,1973.057,5433.013,13683.28,1984.858,5478.67,13634.16,1977.858,5570.721,13372.05,2009.544,5405.793,13630.9,1963.221,5675.423,13425.74,1969.389,5665.614,13736.81,1979.789,5563.841,13541.51,1989.36,5535.136,13597.66,2042.597,5468.92
13472.67,1983.353,5430.881,13492.9,1950.195,5738.701,13527.86,1980.544,5643.003,13346.6,1976.692,5498.192,13733.08,2022.614,5660.703,13359.2,2012.767,5593.581,13271.7,1973.057,5432.363,13684.87,1984.858,5478.704,13635.74,1977.858,5570.527,13373.18,2009.544,5404.676,13632.49,1963.221,5675.33,13427.26,1969.389,5665.159,13738.39,1979.789,5563.748,13543.05,1989.36,5534.767,13599.04,2042.597,5468.116
13474.13,1983.353,5429.645,13494.71,1950.195,5738.078,13529.72,1980.544,5642.538,13348.28,1976.692,5497.276,13734.99,2022.614,5660.836,13360.89,2012.767,5592.69,13273.42,1973.057,5431.525,13686.79,1984.858,5478.683,13637.6,1977.858,5570.114,13374.53,2009.544,5403.32,13634.4,1963.221,5675.18,13429.14,1969.389,5664.774,13740.28,1979.789,5563.552,13544.93,1989.36,5534.385,13600.71,2042.597,5467.204
13475.25,1983.353,5428.834,13496.03,1950.195,5737.669,13531.06,1980.544,5642.184,13349.52,1976.692,5496.651,13736.37,2022.614,5660.933,13362.14,2012.767,5592.082,13274.65,1973.057,5430.877,13688.17,1984.858,5478.622,13638.97,1977.858,5569.858,13375.5,2009.544,5402.329,13635.78,1963.221,5675.042,13430.49,1969.389,5664.454,13741.66,1979.789,5563.456,13546.28,1989.36,5534.064,13601.96,2042.597,5466.583
13476.21,1983.353,5428.094,13497.2,1950.195,5737.35,13532.22,1980.544,5641.837,13350.62,1976.692,5496.141,13737.58,2022.614,5661.02,13363.24,2012.767,5591.582,13275.7,1973.057,5430.275,13689.38,1984.858,5478.529,13640.14,1977.858,5569.555,13376.35,2009.544,5401.467,13636.98,1963.221,5674.896,13431.66,1969.389,5664.139,13742.86,1979.789,5563.337,13547.46,1989.36,5533.822,13603.06,2042.597,5466.075
13477.36,1983.353,5427.153,13498.66,1950.195,5737.086,13533.62,1980.544,5641.368,13351.98,1976.692,5495.563,13739.05,2022.614,5661.125,13364.61,2012.767,5591.013,13276.96,1973.057,5429.5,13690.85,1984.858,5478.367,13641.58,1977.858,5569.23,13377.39,2009.544,5400.418,13638.44,1963.221,5674.688,13433.07,1969.389,5663.712,13744.3,1979.789,5563.075,13548.9,1989.36,5533.481,13604.42,2042.597,5465.5
13479.01,1983.353,5425.972,13500.64,1950.195,5736.659,13535.59,1980.544,5640.856,13353.82,1976.692,5494.707,13741.08,2022.614,5661.261,13366.51,2012.767,5590.287,13278.71,1973.057,5428.479,13692.86,1984.858,5478.079,13643.58,1977.858,5568.849,13378.83,2009.544,5398.982,13640.45,1963.221,5674.36,13435,1969.389,5663.07,13746.3,1979.789,5562.78,13550.89,1989.36,5533.077,13606.32,2042.597,5464.772
13479.41,1983.353,5425.663,13501.14,1950.195,5736.535,13536.08,1980.544,5640.712,13354.28,1976.692,5494.477,13741.59,2022.614,5661.293,13366.99,2012.767,5590.119,13279.16,1973.057,5428.233,13693.36,1984.858,5477.99,13644.07,1977.858,5568.693,13379.19,2009.544,5398.626,13640.95,1963.221,5674.269,13435.48,1969.389,5662.896,13746.8,1979.789,5562.723,13551.4,1989.36,5532.992,13606.8,2042.597,5464.605
13481.24,1983.353,5424.168,13503.46,1950.195,5736.097,13538.32,1980.544,5639.972,13356.35,1976.692,5493.345,13743.94,2022.614,5661.438,13369.24,2012.767,5589.404,13281.25,1973.057,5427.137,13695.67,1984.858,5477.503,13646.33,1977.858,5568.044,13380.88,2009.544,5396.973,13643.26,1963.221,5673.794,13437.67,1969.389,5662.025,13749.13,1979.789,5562.544,13553.71,1989.36,5532.523,13609.03,2042.597,5463.845
13482.03,1983.353,5423.507,13504.46,1950.195,5735.872,13539.28,1980.544,5639.618,13357.24,1976.692,5492.822,13744.97,2022.614,5661.502,13370.23,2012.767,5589.119,13282.17,1973.057,5426.673,13696.67,1984.858,5477.258,13647.33,1977.858,5567.793,13381.61,2009.544,5396.248,13644.27,1963.221,5673.567,13438.62,1969.389,5661.619,13750.14,1979.789,5562.443,13554.71,1989.36,5532.287,13610.01,2042.597,5463.51
13483.28,1983.353,5422.565,13505.98,1950.195,5735.482,13540.73,1980.544,5639.036,13358.61,1976.692,5492.073,13746.53,2022.614,5661.566,13371.74,2012.767,5588.728,13283.57,1973.057,5425.983,13698.17,1984.858,5476.814,13648.86,1977.858,5567.461,13382.71,2009.544,5395.138,13645.78,1963.221,5673.195,13440.04,1969.389,5660.964,13751.68,1979.789,5562.333,13556.22,1989.36,5531.879,13611.5,2042.597,5463.052
13484.62,1983.353,5421.479,13507.63,1950.195,5734.997,13542.32,1980.544,5638.346,13360.12,1976.692,5491.232,13748.26,2022.614,5661.6,13373.42,2012.767,5588.34,13285.13,1973.057,5425.237,13699.84,1984.858,5476.379,13650.56,1977.858,5567.148,13383.92,2009.544,5393.912,13647.45,1963.221,5672.755,13441.59,1969.389,5660.197,13753.38,1979.789,5562.255,13557.87,1989.36,5531.376,13613.07,2042.597,5462.325
13485.32,1983.353,5420.875,13508.51,1950.195,5734.708,13543.15,1980.544,5637.951,13360.94,1976.692,5490.809,13749.18,2022.614,5661.597,13374.33,2012.767,5588.156,13285.95,1973.057,5424.81,13700.73,1984.858,5476.122,13651.48,1977.858,5567.036,13384.57,2009.544,5393.257,13648.34,1963.221,5672.504,13442.4,1969.389,5659.763,13754.28,1979.789,5562.238,13558.77,1989.36,5531.135,13613.92,2042.597,5461.963
13486.54,1983.353,5420.048,13509.9,1950.195,5734.202,13544.47,1980.544,5637.285,13362.27,1976.692,5490.176,13750.65,2022.614,5661.56,13375.76,2012.767,5587.814,13287.23,1973.057,5424.087,13702.16,1984.858,5475.759,13652.93,1977.858,5566.809,13385.61,2009.544,5392.213,13649.75,1963.221,5672.085,13443.73,1969.389,5659.114,13755.73,1979.789,5562.25,13560.2,1989.36,5530.798,13615.29,2042.597,5461.432
13487.65,1983.353,5419.243,13511.17,1950.195,5733.69,13545.68,1980.544,5636.651,13363.48,1976.692,5489.549,13752.02,2022.614,5661.494,13377.08,2012.767,5587.454,13288.44,1973.057,5423.443,13703.5,1984.858,5475.465,13654.29,1977.858,5566.624,13386.59,2009.544,5391.257,13651.06,1963.221,5671.677,13444.97,1969.389,5658.552,13757.07,1979.789,5562.294,13561.54,1989.36,5530.529,13616.58,2042.597,5460.979
13488.37,1983.353,5418.679,13512.01,1950.195,5733.319,13546.51,1980.544,5636.252,13364.29,1976.692,5489.101,13752.94,2022.614,5661.428,13377.96,2012.767,5587.207,13289.26,1973.057,5423.026,13704.38,1984.858,5475.218,13655.2,1977.858,5566.47,13387.27,2009.544,5390.632,13651.93,1963.221,5671.39,13445.82,1969.389,5658.202,13757.97,1979.789,5562.348,13562.45,1989.36,5530.376,13617.46,2042.597,5460.705
13489.49,1983.353,5417.757,13513.37,1950.195,5732.832,13547.83,1980.544,5635.667,13365.53,1976.692,5488.357,13754.38,2022.614,5661.291,13379.36,2012.767,5586.811,13290.56,1973.057,5422.386,13705.79,1984.858,5474.875,13656.64,1977.858,5566.436,13388.35,2009.544,5389.676,13653.3,1963.221,5670.92,13447.18,1969.389,5657.694,13759.37,1979.789,5562.462,13563.87,1989.36,5530.096,13618.86,2042.597,5460.317
13490.28,1983.353,5417.058,13514.35,1950.195,5732.443,13548.81,1980.544,5635.271,13366.45,1976.692,5487.844,13755.43,2022.614,5661.199,13380.37,2012.767,5586.489,13291.49,1973.057,5421.888,13706.82,1984.858,5474.657,13657.7,1977.858,5566.376,13389.16,2009.544,5388.998,13654.3,1963.221,5670.568,13448.18,1969.389,5657.356,13760.4,1979.789,5562.512,13564.91,1989.36,5529.919,13619.88,2042.597,5460.067
13490.95,1983.353,5416.431,13515.17,1950.195,5732.032,13549.67,1980.544,5634.955,13367.27,1976.692,5487.425,13756.34,2022.614,5661.127,13381.23,2012.767,5586.182,13292.28,1973.057,5421.43,13707.72,1984.858,5474.499,13658.61,1977.858,5566.313,13389.88,2009.544,5388.428,13655.16,1963.221,5670.258,13449.07,1969.389,5657.115,13761.29,1979.789,5562.534,13565.83,1989.36,5529.87,13620.78,2042.597,5459.88
13491.96,1983.353,5415.423,13516.47,1950.195,5731.433,13551.03,1980.544,5634.506,13368.56,1976.692,5486.815,13757.76,2022.614,5661.024,13382.59,2012.767,5585.769,13293.5,1973.057,5420.676,13709.12,1984.858,5474.2,13660.03,1977.858,5566.169,13391.02,2009.544,5387.568,13656.5,1963.221,5669.765,13450.43,1969.389,5656.695,13762.67,1979.789,5562.522,13567.25,1989.36,5529.748,13622.16,2042.597,5459.528
13492.53,1983.353,5414.888,13517.19,1950.195,5731.128,13551.78,1980.544,5634.284,13369.28,1976.692,5486.515,13758.55,2022.614,5660.97,13383.34,2012.767,5585.518,13294.17,1973.057,5420.279,13709.89,1984.858,5474.062,13660.81,1977.858,5566.065,13391.64,2009.544,5387.086,13657.23,1963.221,5669.489,13451.2,1969.389,5656.555,13763.43,1979.789,5562.491,13568.03,1989.36,5529.655,13622.93,2042.597,5459.36
13493.21,1983.353,5414.298,13518.02,1950.195,5730.806,13552.64,1980.544,5634.058,13370.1,1976.692,5486.144,13759.44,2022.614,5660.91,13384.18,2012.767,5585.21,13294.95,1973.057,5419.843,13710.78,1984.858,5473.932,13661.69,1977.858,5565.917,13392.34,2009.544,5386.528,13658.07,1963.221,5669.165,13452.08,1969.389,5656.365,13764.29,1979.789,5562.428,13568.92,1989.36,5529.599,13623.8,2042.597,5459.174
13494.25,1983.353,5413.414,13519.31,1950.195,5730.358,13553.97,1980.544,5633.755,13371.32,1976.692,5485.54,13760.8,2022.614,5660.818,13385.44,2012.767,5584.696,13296.16,1973.057,5419.204,13712.14,1984.858,5473.819,13663.04,1977.858,5565.736,13393.4,2009.544,5385.668,13659.33,1963.221,5668.66,13453.4,1969.389,5656.038,13765.59,1979.789,5562.289,13570.28,1989.36,5529.469,13625.15,2042.597,5458.935
13494.96,1983.353,5412.817,13520.2,1950.195,5730.082,13554.88,1980.544,5633.577,13372.14,1976.692,5485.102,13761.72,2022.614,5660.753,13386.31,2012.767,5584.375,13296.98,1973.057,5418.782,13713.06,1984.858,5473.799,13663.97,1977.858,5565.688,13394.11,2009.544,5385.077,13660.19,1963.221,5668.31,13454.3,1969.389,5655.827,13766.47,1979.789,5562.167,13571.21,1989.36,5529.417,13626.07,2042.597,5458.801
13495.46,1983.353,5412.424,13520.81,1950.195,5729.913,13555.51,1980.544,5633.475,13372.73,1976.692,5484.868,13762.36,2022.614,5660.705,13386.9,2012.767,5584.136,13297.55,1973.057,5418.5,13713.7,1984.858,5473.765,13664.61,1977.858,5565.685,13394.6,2009.544,5384.667,13660.78,1963.221,5668.068,13454.92,1969.389,5655.664,13767.07,1979.789,5562.059,13571.84,1989.36,5529.403,13626.7,2042.597,5458.729
13496.29,1983.353,5411.721,13521.87,1950.195,5729.656,13556.59,1980.544,5633.311,13373.73,1976.692,5484.432,13763.45,2022.614,5660.614,13387.87,2012.767,5583.633,13298.54,1973.057,5418.033,13714.79,1984.858,5473.671,13665.7,1977.858,5565.644,13395.43,2009.544,5383.964,13661.79,1963.221,5667.65,13456,1969.389,5655.483,13768.09,1979.789,5561.906,13572.93,1989.36,5529.393,13627.79,2042.597,5458.642
13496.8,1983.353,5411.322,13522.49,1950.195,5729.45,13557.23,1980.544,5633.206,13374.32,1976.692,5484.155,13764.09,2022.614,5660.557,13388.46,2012.767,5583.354,13299.13,1973.057,5417.765,13715.43,1984.858,5473.636,13666.34,1977.858,5565.598,13395.93,2009.544,5383.548,13662.38,1963.221,5667.402,13456.63,1969.389,5655.358,13768.7,1979.789,5561.835,13573.58,1989.36,5529.365,13628.43,2042.597,5458.612
13497.38,1983.353,5410.84,13523.2,1950.195,5729.235,13557.97,1980.544,5633.107,13374.99,1976.692,5483.814,13764.83,2022.614,5660.487,13389.14,2012.767,5583.05,13299.81,1973.057,5417.459,13716.18,1984.858,5473.686,13667.09,1977.858,5565.521,13396.51,2009.544,5383.074,13663.08,1963.221,5667.113,13457.36,1969.389,5655.192,13769.4,1979.789,5561.702,13574.33,1989.36,5529.342,13629.18,2042.597,5458.601
13498.01,1983.353,5410.345,13523.98,1950.195,5729.03,13558.77,1980.544,5633.023,13375.69,1976.692,5483.429,13765.63,2022.614,5660.406,13389.88,2012.767,5582.746,13300.54,1973.057,5417.136,13716.98,1984.858,5473.713,13667.88,1977.858,5565.422,13397.13,2009.544,5382.575,13663.81,1963.221,5666.799,13458.13,1969.389,5654.991,13770.13,1979.789,5561.546,13575.13,1989.36,5529.385,13629.98,2042.597,5458.52
13498.64,1983.353,5409.882,13524.71,1950.195,5728.759,13559.55,1980.544,5632.962,13376.36,1976.692,5483.033,13766.41,2022.614,5660.32,13390.62,2012.767,5582.471,13301.26,1973.057,5416.819,13717.76,1984.858,5473.714,13668.66,1977.858,5565.349,13397.75,2009.544,5382.096,13664.53,1963.221,5666.489,13458.89,1969.389,5654.773,13770.86,1979.789,5561.418,13575.91,1989.36,5529.41,13630.76,2042.597,5458.465
13499.26,1983.353,5409.457,13525.43,1950.195,5728.521,13560.3,1980.544,5632.911,13377,1976.692,5482.635,13767.15,2022.614,5660.231,13391.33,2012.767,5582.226,13301.95,1973.057,5416.514,13718.52,1984.858,5473.691,13669.41,1977.858,5565.255,13398.36,2009.544,5381.646,13665.22,1963.221,5666.189,13459.6,1969.389,5654.543,13771.55,1979.789,5561.319,13576.66,1989.36,5529.409,13631.51,2042.597,5458.396
13499.85,1983.353,5409.022,13526.13,1950.195,5728.313,13561.03,1980.544,5632.849,13377.62,1976.692,5482.234,13767.88,2022.614,5660.14,13392.03,2012.767,5582.006,13302.62,1973.057,5416.212,13719.25,1984.858,5473.644,13670.14,1977.858,5565.201,13398.95,2009.544,5381.219,13665.89,1963.221,5665.893,13460.3,1969.389,5654.3,13772.23,1979.789,5561.244,13577.4,1989.36,5529.384,13632.24,2042.597,5458.293
13500.44,1983.353,5408.618,13526.82,1950.195,5728.133,13561.74,1980.544,5632.781,13378.22,1976.692,5481.864,13768.59,2022.614,5660.049,13392.71,2012.767,5581.812,13303.25,1973.057,5415.899,13719.96,1984.858,5473.575,13670.85,1977.858,5565.126,13399.54,2009.544,5380.814,13666.54,1963.221,5665.604,13460.96,1969.389,5654.047,13772.89,1979.789,5561.194,13578.11,1989.36,5529.337,13632.94,2042.597,5458.217
13501.01,1983.353,5408.236,13527.49,1950.195,5727.972,13562.43,1980.544,5632.724,13378.83,1976.692,5481.524,13769.27,2022.614,5659.959,13393.38,2012.767,5581.64,13303.87,1973.057,5415.575,13720.65,1984.858,5473.531,13671.54,1977.858,5565.101,13400.11,2009.544,5380.433,13667.17,1963.221,5665.322,13461.6,1969.389,5653.785,13773.53,1979.789,5561.124,13578.79,1989.36,5529.269,13633.62,2042.597,5458.071
13501.58,1983.353,5407.885,13528.13,1950.195,5727.794,13563.09,1980.544,5632.654,13379.42,1976.692,5481.215,13769.93,2022.614,5659.87,13394.03,2012.767,5581.491,13304.44,1973.057,5415.242,13721.31,1984.858,5473.466,13672.21,1977.858,5565.054,13400.68,2009.544,5380.074,13667.78,1963.221,5665.049,13462.21,1969.389,5653.517,13774.14,1979.789,5561.062,13579.46,1989.36,5529.199,13634.28,2042.597,5457.952
13502.14,1983.353,5407.565,13528.75,1950.195,5727.604,13563.73,1980.544,5632.592,13380,1976.692,5480.936,13770.57,2022.614,5659.781,13394.66,2012.767,5581.364,13304.99,1973.057,5414.903,13721.95,1984.858,5473.417,13672.85,1977.858,5564.989,13401.23,2009.544,5379.74,13668.37,1963.221,5664.785,13462.79,1969.389,5653.244,13774.72,1979.789,5560.982,13580.1,1989.36,5529.11,13634.91,2042.597,5457.857
13502.65,1983.353,5407.163,13529.38,1950.195,5727.431,13564.38,1980.544,5632.511,13380.59,1976.692,5480.673,13771.21,2022.614,5659.687,13395.3,2012.767,5581.252,13305.54,1973.057,5414.542,13722.6,1984.858,5473.346,13673.49,1977.858,5564.901,13401.79,2009.544,5379.415,13668.96,1963.221,5664.517,13463.38,1969.389,5652.955,13775.31,1979.789,5560.921,13580.74,1989.36,5529.042,13635.56,2042.597,5457.782
13503.27,1983.353,5406.712,13530.13,1950.195,5727.313,13565.13,1980.544,5632.424,13381.28,1976.692,5480.344,13771.96,2022.614,5659.573,13396.05,2012.767,5581.097,13306.18,1973.057,5414.137,13723.36,1984.858,5473.248,13674.24,1977.858,5564.774,13402.46,2009.544,5379.046,13669.65,1963.221,5664.198,13464.07,1969.389,5652.639,13776.01,1979.789,5560.89,13581.5,1989.36,5528.938,13636.32,2042.597,5457.72
13503.59,1983.353,5406.493,13530.51,1950.195,5727.241,13565.52,1980.544,5632.372,13381.63,1976.692,5480.179,13772.35,2022.614,5659.513,13396.43,2012.767,5581.006,13306.51,1973.057,5413.939,13723.74,1984.858,5473.21,13674.63,1977.858,5564.722,13402.8,2009.544,5378.867,13670,1963.221,5664.033,13464.43,1969.389,5652.49,13776.36,1979.789,5560.862,13581.88,1989.36,5528.897,13636.71,2042.597,5457.686
13504.12,1983.353,5406.151,13531.13,1950.195,5727.102,13566.15,1980.544,5632.278,13382.21,1976.692,5479.912,13772.98,2022.614,5659.412,13397.04,2012.767,5580.838,13307.07,1973.057,5413.628,13724.37,1984.858,5473.084,13675.26,1977.858,5564.615,13403.37,2009.544,5378.584,13670.58,1963.221,5663.758,13465.03,1969.389,5652.264,13776.93,1979.789,5560.799,13582.51,1989.36,5528.765,13637.33,2042.597,5457.551
13504.48,1983.353,5405.938,13531.54,1950.195,5726.997,13566.56,1980.544,5632.212,13382.59,1976.692,5479.738,13773.39,2022.614,5659.342,13397.44,2012.767,5580.714,13307.44,1973.057,5413.432,13724.78,1984.858,5473.016,13675.67,1977.858,5564.531,13403.75,2009.544,5378.407,13670.95,1963.221,5663.574,13465.42,1969.389,5652.128,13777.3,1979.789,5560.745,13582.92,1989.36,5528.692,13637.74,2042.597,5457.477
13504.78,1983.353,5405.777,13531.86,1950.195,5726.903,13566.89,1980.544,5632.162,13382.9,1976.692,5479.604,13773.72,2022.614,5659.283,13397.76,2012.767,5580.606,13307.74,1973.057,5413.282,13725.11,1984.858,5472.947,13676,1977.858,5564.465,13404.06,2009.544,5378.273,13671.25,1963.221,5663.424,13465.74,1969.389,5652.023,13777.59,1979.789,5560.693,13583.25,1989.36,5528.631,13638.06,2042.597,5457.389
13505.05,1983.353,5405.639,13532.15,1950.195,5726.808,13567.19,1980.544,5632.111,13383.18,1976.692,5479.483,13774.02,2022.614,5659.224,13398.04,2012.767,5580.499,13308.01,1973.057,5413.152,13725.41,1984.858,5472.892,13676.29,1977.858,5564.395,13404.34,2009.544,5378.159,13671.52,1963.221,5663.284,13466.03,1969.389,5651.924,13777.86,1979.789,5560.662,13583.55,1989.36,5528.582,13638.36,2042.597,5457.315
13505.26,1983.353,5405.539,13532.37,1950.195,5726.712,13567.42,1980.544,5632.07,13383.39,1976.692,5479.392,13774.25,2022.614,5659.176,13398.26,2012.767,5580.409,13308.23,1973.057,5413.054,13725.64,1984.858,5472.849,13676.52,1977.858,5564.333,13404.56,2009.544,5378.076,13671.73,1963.221,5663.173,13466.25,1969.389,5651.842,13778.07,1979.789,5560.631,13583.79,1989.36,5528.555,13638.59,2042.597,5457.266
13505.45,1983.353,5405.457,13532.56,1950.195,5726.634,13567.63,1980.544,5632.031,13383.59,1976.692,5479.314,13774.45,2022.614,5659.132,13398.45,2012.767,5580.323,13308.42,1973.057,5412.972,13725.85,1984.858,5472.84,13676.72,1977.858,5564.265,13404.76,2009.544,5378.007,13671.91,1963.221,5663.073,13466.44,1969.389,5651.764,13778.26,1979.789,5560.611,13583.99,1989.36,5528.524,13638.8,2042.597,5457.229
13505.65,1983.353,5405.381,13532.76,1950.195,5726.563,13567.83,1980.544,5631.991,13383.78,1976.692,5479.238,13774.65,2022.614,5659.085,13398.64,2012.767,5580.232,13308.61,1973.057,5412.893,13726.06,1984.858,5472.825,13676.91,1977.858,5564.192,13404.96,2009.544,5377.944,13672.1,1963.221,5662.971,13466.63,1969.389,5651.681,13778.44,1979.789,5560.585,13584.2,1989.36,5528.486,13639,2042.597,5457.199
13505.84,1983.353,5405.312,13532.96,1950.195,5726.511,13568.04,1980.544,5631.949,13383.98,1976.692,5479.164,13774.86,2022.614,5659.037,13398.82,2012.767,5580.136,13308.81,1973.057,5412.817,13726.26,1984.858,5472.813,13677.1,1977.858,5564.114,13405.16,2009.544,5377.887,13672.28,1963.221,5662.874,13466.83,1969.389,5651.604,13778.62,1979.789,5560.554,13584.4,1989.36,5528.442,13639.21,2042.597,5457.176
13506.09,1983.353,5405.235,13533.2,1950.195,5726.439,13568.29,1980.544,5631.902,13384.21,1976.692,5479.075,13775.1,2022.614,5658.974,13399.05,2012.767,5580.011,13309.05,1973.057,5412.727,13726.52,1984.858,5472.79,13677.34,1977.858,5564.009,13405.41,2009.544,5377.823,13672.51,1963.221,5662.763,13467.07,1969.389,5651.518,13778.85,1979.789,5560.529,13584.65,1989.36,5528.379,13639.46,2042.597,5457.111
13506.29,1983.353,5405.179,13533.4,1950.195,5726.386,13568.49,1980.544,5631.869,13384.41,1976.692,5479.005,13775.3,2022.614,5658.92,13399.23,2012.767,5579.903,13309.24,1973.057,5412.656,13726.73,1984.858,5472.765,13677.53,1977.858,5563.918,13405.61,2009.544,5377.776,13672.7,1963.221,5662.678,13467.27,1969.389,5651.461,13779.03,1979.789,5560.502,13584.85,1989.36,5528.322,13639.66,2042.597,5457.065
13506.62,1983.353,5405.09,13533.74,1950.195,5726.35,13568.82,1980.544,5631.816,13384.73,1976.692,5478.895,13775.63,2022.614,5658.83,13399.51,2012.767,5579.721,13309.56,1973.057,5412.543,13727.06,1984.858,5472.712,13677.82,1977.858,5563.761,13405.94,2009.544,5377.71,13673.01,1963.221,5662.551,13467.59,1969.389,5651.358,13779.32,1979.789,5560.45,13585.17,1989.36,5528.219,13639.99,2042.597,5457.002
13506.86,1983.353,5405.033,13533.99,1950.195,5726.316,13569.07,1980.544,5631.778,13384.96,1976.692,5478.815,13775.87,2022.614,5658.761,13399.71,2012.767,5579.582,13309.79,1973.057,5412.463,13727.3,1984.858,5472.667,13678.04,1977.858,5563.639,13406.18,2009.544,5377.669,13673.25,1963.221,5662.466,13467.83,1969.389,5651.29,13779.53,1979.789,5560.405,13585.4,1989.36,5528.136,13640.23,2042.597,5456.959
13507.11,1983.353,5404.982,13534.24,1950.195,5726.271,13569.32,1980.544,5631.739,13385.21,1976.692,5478.735,13776.11,2022.614,5658.686,13399.92,2012.767,5579.431,13310.04,1973.057,5412.381,13727.55,1984.858,5472.61,13678.27,1977.858,5563.519,13406.44,2009.544,5377.633,13673.49,1963.221,5662.371,13468.07,1969.389,5651.216,13779.75,1979.789,5560.351,13585.64,1989.36,5528.042,13640.49,2042.597,5456.907
13507.32,1983.353,5404.946,13534.45,1950.195,5726.228,13569.54,1980.544,5631.702,13385.41,1976.692,5478.662,13776.32,2022.614,5658.62,13400.1,2012.767,5579.311,13310.24,1973.057,5412.314,13727.76,1984.858,5472.561,13678.46,1977.858,5563.424,13406.65,2009.544,5377.609,13673.68,1963.221,5662.288,13468.28,1969.389,5651.148,13779.93,1979.789,5560.3,13585.84,1989.36,5527.956,13640.7,2042.597,5456.857
13507.53,1983.353,5404.917,13534.65,1950.195,5726.178,13569.74,1980.544,5631.662,13385.61,1976.692,5478.584,13776.52,2022.614,5658.553,13400.28,2012.767,5579.2,13310.44,1973.057,5412.251,13727.96,1984.858,5472.507,13678.65,1977.858,5563.339,13406.86,2009.544,5377.592,13673.88,1963.221,5662.203,13468.47,1969.389,5651.077,13780.11,1979.789,5560.245,13586.03,1989.36,5527.867,13640.9,2042.597,5456.804
13507.73,1983.353,5404.896,13534.86,1950.195,5726.137,13569.95,1980.544,5631.626,13385.8,1976.692,5478.501,13776.71,2022.614,5658.482,13400.46,2012.767,5579.094,13310.64,1973.057,5412.188,13728.16,1984.858,5472.447,13678.85,1977.858,5563.261,13407.07,2009.544,5377.581,13674.06,1963.221,5662.115,13468.67,1969.389,5651.001,13780.28,1979.789,5560.202,13586.21,1989.36,5527.772,13641.1,2042.597,5456.75
13507.94,1983.353,5404.881,13535.06,1950.195,5726.089,13570.15,1980.544,5631.586,13385.99,1976.692,5478.413,13776.91,2022.614,5658.408,13400.64,2012.767,5578.994,13310.84,1973.057,5412.125,13728.36,1984.858,5472.39,13679.04,1977.858,5563.188,13407.28,2009.544,5377.576,13674.25,1963.221,5662.024,13468.86,1969.389,5650.92,13780.46,1979.789,5560.154,13586.4,1989.36,5527.672,13641.3,2042.597,5456.713
13508.15,1983.353,5404.872,13535.26,1950.195,5726.035,13570.36,1980.544,5631.558,13386.17,1976.692,5478.319,13777.1,2022.614,5658.331,13400.83,2012.767,5578.9,13311.04,1973.057,5412.06,13728.57,1984.858,5472.339,13679.24,1977.858,5563.123,13407.49,2009.544,5377.577,13674.44,1963.221,5661.93,13469.05,1969.389,5650.833,13780.63,1979.789,5560.101,13586.58,1989.36,5527.565,13641.51,2042.597,5456.669
13508.44,1983.353,5404.869,13535.54,1950.195,5725.95,13570.64,1980.544,5631.51,13386.42,1976.692,5478.182,13777.36,2022.614,5658.22,13401.09,2012.767,5578.777,13311.31,1973.057,5411.968,13728.84,1984.858,5472.26,13679.51,1977.858,5563.041,13407.77,2009.544,5377.586,13674.69,1963.221,5661.796,13469.31,1969.389,5650.708,13780.87,1979.789,5560.019,13586.82,1989.36,5527.411,13641.79,2042.597,5456.6
13508.65,1983.353,5404.873,13535.73,1950.195,5725.883,13570.84,1980.544,5631.469,13386.61,1976.692,5478.088,13777.55,2022.614,5658.136,13401.28,2012.767,5578.694,13311.5,1973.057,5411.9,13729.05,1984.858,5472.237,13679.71,1977.858,5562.975,13407.98,2009.544,5377.592,13674.88,1963.221,5661.706,13469.49,1969.389,5650.612,13781.04,1979.789,5559.955,13586.99,1989.36,5527.293,13641.99,2042.597,5456.554
13508.85,1983.353,5404.884,13535.93,1950.195,5725.809,13571.05,1980.544,5631.421,13386.8,1976.692,5478.001,13777.74,2022.614,5658.048,13401.47,2012.767,5578.617,13311.7,1973.057,5411.832,13729.25,1984.858,5472.208,13679.91,1977.858,5562.902,13408.19,2009.544,5377.596,13675.07,1963.221,5661.621,13469.67,1969.389,5650.512,13781.2,1979.789,5559.888,13587.17,1989.36,5527.181,13642.19,2042.597,5456.501
13509.06,1983.353,5404.902,13536.12,1950.195,5725.729,13571.25,1980.544,5631.368,13386.99,1976.692,5477.921,13777.93,2022.614,5657.956,13401.67,2012.767,5578.545,13311.9,1973.057,5411.764,13729.46,1984.858,5472.172,13680.1,1977.858,5562.824,13408.4,2009.544,5377.602,13675.26,1963.221,5661.543,13469.85,1969.389,5650.407,13781.37,1979.789,5559.819,13587.34,1989.36,5527.074,13642.39,2042.597,5456.442
13509.27,1983.353,5404.927,13536.31,1950.195,5725.643,13571.45,1980.544,5631.308,13387.19,1976.692,5477.847,13778.11,2022.614,5657.86,13401.86,2012.767,5578.479,13312.09,1973.057,5411.696,13729.66,1984.858,5472.129,13680.29,1977.858,5562.739,13408.6,2009.544,5377.609,13675.46,1963.221,5661.471,13470.03,1969.389,5650.297,13781.54,1979.789,5559.756,13587.53,1989.36,5526.974,13642.6,2042.597,5456.402
13509.48,1983.353,5404.959,13536.5,1950.195,5725.55,13571.65,1980.544,5631.26,13387.38,1976.692,5477.779,13778.3,2022.614,5657.761,13402.06,2012.767,5578.419,13312.29,1973.057,5411.63,13729.87,1984.858,5472.08,13680.48,1977.858,5562.648,13408.81,2009.544,5377.619,13675.66,1963.221,5661.406,13470.21,1969.389,5650.183,13781.71,1979.789,5559.71,13587.71,1989.36,5526.879,13642.8,2042.597,5456.355
13509.68,1983.353,5404.997,13536.7,1950.195,5725.487,13571.85,1980.544,5631.206,13387.58,1976.692,5477.717,13778.48,2022.614,5657.659,13402.26,2012.767,5578.365,13312.49,1973.057,5411.565,13730.07,1984.858,5472.024,13680.66,1977.858,5562.551,13409.02,2009.544,5377.632,13675.86,1963.221,5661.347,13470.38,1969.389,5650.064,13781.88,1979.789,5559.659,13587.9,1989.36,5526.791,13643,2042.597,5456.302
13509.88,1983.353,5405.041,13536.89,1950.195,5725.419,13572.05,1980.544,5631.147,13387.78,1976.692,5477.657,13778.66,2022.614,5657.553,13402.46,2012.767,5578.304,13312.69,1973.057,5411.502,13730.27,1984.858,5471.973,13680.84,1977.858,5562.448,13409.23,2009.544,5377.649,13676.06,1963.221,5661.294,13470.55,1969.389,5649.951,13782.05,1979.789,5559.603,13588.09,1989.36,5526.709,13643.2,2042.597,5456.242
13510.11,1983.353,5405.081,13537.11,1950.195,5725.338,13572.27,1980.544,5631.088,13388,1976.692,5477.597,13778.85,2022.614,5657.434,13402.68,2012.767,5578.229,13312.91,1973.057,5411.435,13730.49,1984.858,5471.908,13681.05,1977.858,5562.341,13409.46,2009.544,5377.672,13676.28,1963.221,5661.23,13470.75,1969.389,5649.833,13782.23,1979.789,5559.534,13588.3,1989.36,5526.621,13643.42,2042.597,5456.165
13510.32,1983.353,5405.105,13537.3,1950.195,5725.257,13572.47,1980.544,5631.042,13388.21,1976.692,5477.55,13779.03,2022.614,5657.322,13402.88,2012.767,5578.156,13313.11,1973.057,5411.376,13730.69,1984.858,5471.843,13681.23,1977.858,5562.25,13409.66,2009.544,5377.697,13676.48,1963.221,5661.168,13470.93,1969.389,5649.731,13782.4,1979.789,5559.467,13588.5,1989.36,5526.546,13643.61,2042.597,5456.098
13510.52,1983.353,5405.137,13537.49,1950.195,5725.18,13572.68,1980.544,5631.002,13388.41,1976.692,5477.509,13779.2,2022.614,5657.206,13403.06,2012.767,5578.067,13313.31,1973.057,5411.319,13730.88,1984.858,5471.772,13681.42,1977.858,5562.166,13409.87,2009.544,5377.725,13676.67,1963.221,5661.102,13471.11,1969.389,5649.636,13782.56,1979.789,5559.394,13588.69,1989.36,5526.457,13643.81,2042.597,5456.037
13510.73,1983.353,5405.175,13537.69,1950.195,5725.115,13572.88,1980.544,5630.956,13388.62,1976.692,5477.475,13779.37,2022.614,5657.087,13403.25,2012.767,5577.985,13313.51,1973.057,5411.264,13731.08,1984.858,5471.71,13681.62,1977.858,5562.088,13410.08,2009.544,5377.756,13676.87,1963.221,5661.032,13471.29,1969.389,5649.532,13782.72,1979.789,5559.33,13588.88,1989.36,5526.374,13644.01,2042.597,5455.97
13510.93,1983.353,5405.22,13537.89,1950.195,5725.042,13573.08,1980.544,5630.903,13388.83,1976.692,5477.447,13779.54,2022.614,5656.963,13403.45,2012.767,5577.908,13313.71,1973.057,5411.21,13731.28,1984.858,5471.641,13681.82,1977.858,5562.015,13410.28,2009.544,5377.792,13677.07,1963.221,5660.957,13471.48,1969.389,5649.433,13782.88,1979.789,5559.259,13589.07,1989.36,5526.296,13644.2,2042.597,5455.88
13511.14,1983.353,5405.25,13538.08,1950.195,5724.965,13573.29,1980.544,5630.849,13389.03,1976.692,5477.413,13779.71,2022.614,5656.837,13403.65,2012.767,5577.839,13313.91,1973.057,5411.16,13731.47,1984.858,5471.566,13682.01,1977.858,5561.941,13410.49,2009.544,5377.831,13677.26,1963.221,5660.879,13471.67,1969.389,5649.334,13783.05,1979.789,5559.193,13589.27,1989.36,5526.217,13644.39,2042.597,5455.797
13511.35,1983.353,5405.288,13538.27,1950.195,5724.881,13573.49,1980.544,5630.806,13389.23,1976.692,5477.363,13779.87,2022.614,5656.709,13403.85,2012.767,5577.776,13314.12,1973.057,5411.112,13731.68,1984.858,5471.518,13682.2,1977.858,5561.861,13410.69,2009.544,5377.873,13677.45,1963.221,5660.798,13471.85,1969.389,5649.241,13783.21,1979.789,5559.122,13589.46,1989.36,5526.145,13644.58,2042.597,5455.697
13511.55,1983.353,5405.332,13538.47,1950.195,5724.803,13573.69,1980.544,5630.757,13389.44,1976.692,5477.312,13780.03,2022.614,5656.577,13404.05,2012.767,5577.74,13314.32,1973.057,5411.063,13731.88,1984.858,5471.463,13682.39,1977.858,5561.775,13410.89,2009.544,5377.917,13677.64,1963.221,5660.713,13472.04,1969.389,5649.154,13783.37,1979.789,5559.046,13589.66,1989.36,5526.078,13644.76,2042.597,5455.603
13511.75,1983.353,5405.373,13538.67,1950.195,5724.751,13573.89,1980.544,5630.706,13389.64,1976.692,5477.267,13780.19,2022.614,5656.442,13404.26,2012.767,5577.697,13314.52,1973.057,5411.014,13732.08,1984.858,5471.402,13682.58,1977.858,5561.675,13411.1,2009.544,5377.963,13677.83,1963.221,5660.625,13472.23,1969.389,5649.072,13783.53,1979.789,5558.977,13589.85,1989.36,5526.005,13644.95,2042.597,5455.515
13511.96,1983.353,5405.42,13538.87,1950.195,5724.692,13574.09,1980.544,5630.646,13389.84,1976.692,5477.225,13780.35,2022.614,5656.304,13404.46,2012.767,5577.669,13314.72,1973.057,5410.966,13732.27,1984.858,5471.334,13682.76,1977.858,5561.581,13411.3,2009.544,5378.011,13678.02,1963.221,5660.534,13472.43,1969.389,5648.996,13783.68,1979.789,5558.902,13590.05,1989.36,5525.926,13645.14,2042.597,5455.423
13512.16,1983.353,5405.475,13539.07,1950.195,5724.64,13574.29,1980.544,5630.591,13390.05,1976.692,5477.19,13780.5,2022.614,5656.163,13404.67,2012.767,5577.634,13314.92,1973.057,5410.918,13732.47,1984.858,5471.275,13682.95,1977.858,5561.493,13411.5,2009.544,5378.062,13678.2,1963.221,5660.438,13472.62,1969.389,5648.927,13783.84,1979.789,5558.822,13590.24,1989.36,5525.841,13645.33,2042.597,5455.336
13512.36,1983.353,5405.535,13539.27,1950.195,5724.584,13574.49,1980.544,5630.523,13390.25,1976.692,5477.162,13780.65,2022.614,5656.018,13404.87,2012.767,5577.593,13315.13,1973.057,5410.871,13732.67,1984.858,5471.211,13683.14,1977.858,5561.411,13411.7,2009.544,5378.116,13678.39,1963.221,5660.34,13472.82,1969.389,5648.848,13783.99,1979.789,5558.738,13590.42,1989.36,5525.75,13645.51,2042.597,5455.248
13512.56,1983.353,5405.604,13539.47,1950.195,5724.52,13574.69,1980.544,5630.46,13390.47,1976.692,5477.139,13780.8,2022.614,5655.867,13405.08,2012.767,5577.543,13315.34,1973.057,5410.824,13732.87,1984.858,5471.139,13683.34,1977.858,5561.32,13411.91,2009.544,5378.176,13678.57,1963.221,5660.237,13473.02,1969.389,5648.774,13784.14,1979.789,5558.646,13590.61,1989.36,5525.642,13645.7,2042.597,5455.146
13512.94,1983.353,5405.784,13539.87,1950.195,5724.379,13575.1,1980.544,5630.341,13390.88,1976.692,5477.079,13781.09,2022.614,5655.563,13405.49,2012.767,5577.46,13315.75,1973.057,5410.734,13733.26,1984.858,5470.983,13683.71,1977.858,5561.129,13412.31,2009.544,5378.3,13678.94,1963.221,5660.027,13473.42,1969.389,5648.641,13784.41,1979.789,5558.424,13590.98,1989.36,5525.441,13646.07,2042.597,5454.935
13513.13,1983.353,5405.881,13540.07,1950.195,5724.322,13575.3,1980.544,5630.282,13391.09,1976.692,5477.056,13781.23,2022.614,5655.408,13405.7,2012.767,5577.412,13315.95,1973.057,5410.691,13733.45,1984.858,5470.9,13683.89,1977.858,5561.029,13412.51,2009.544,5378.366,13679.12,1963.221,5659.921,13473.61,1969.389,5648.571,13784.54,1979.789,5558.319,13591.17,1989.36,5525.348,13646.25,2042.597,5454.836
13513.71,1983.353,5406.167,13540.7,1950.195,5724.151,13575.93,1980.544,5630.114,13391.74,1976.692,5476.995,13781.66,2022.614,5654.914,13406.31,2012.767,5577.181,13316.59,1973.057,5410.555,13734.05,1984.858,5470.619,13684.51,1977.858,5560.796,13413.13,2009.544,5378.588,13679.67,1963.221,5659.578,13474.24,1969.389,5648.371,13784.96,1979.789,5557.968,13591.76,1989.36,5525.075,13646.82,2042.597,5454.513
13514.02,1983.353,5406.303,13541.02,1950.195,5724.054,13576.25,1980.544,5630.037,13392.08,1976.692,5476.975,13781.87,2022.614,5654.657,13406.62,2012.767,5577.061,13316.92,1973.057,5410.488,13734.35,1984.858,5470.487,13684.82,1977.858,5560.668,13413.44,2009.544,5378.708,13679.96,1963.221,5659.412,13474.55,1969.389,5648.248,13785.17,1979.789,5557.798,13592.06,1989.36,5524.919,13647.12,2042.597,5454.358
13514.4,1983.353,5406.496,13541.45,1950.195,5723.981,13576.67,1980.544,5629.935,13392.5,1976.692,5476.935,13782.13,2022.614,5654.321,13407.03,2012.767,5576.92,13317.34,1973.057,5410.416,13734.74,1984.858,5470.306,13685.21,1977.858,5560.491,13413.84,2009.544,5378.849,13680.34,1963.221,5659.212,13474.95,1969.389,5648.104,13785.45,1979.789,5557.589,13592.44,1989.36,5524.733,13647.5,2042.597,5454.171
13514.78,1983.353,5406.669,13541.85,1950.195,5723.91,13577.07,1980.544,5629.847,13392.91,1976.692,5476.854,13782.38,2022.614,5653.992,13407.42,2012.767,5576.797,13317.75,1973.057,5410.359,13735.11,1984.858,5470.118,13685.58,1977.858,5560.308,13414.24,2009.544,5378.972,13680.71,1963.221,5659.03,13475.34,1969.389,5647.977,13785.72,1979.789,5557.397,13592.82,1989.36,5524.556,13647.88,2042.597,5454.004
13515.14,1983.353,5406.825,13542.24,1950.195,5723.829,13577.47,1980.544,5629.769,13393.3,1976.692,5476.787,13782.62,2022.614,5653.668,13407.8,2012.767,5576.668,13318.15,1973.057,5410.318,13735.46,1984.858,5469.924,13685.93,1977.858,5560.119,13414.62,2009.544,5379.078,13681.08,1963.221,5658.866,13475.73,1969.389,5647.866,13785.99,1979.789,5557.211,13593.18,1989.36,5524.397,13648.24,2042.597,5453.83
13515.51,1983.353,5406.965,13542.62,1950.195,5723.737,13577.85,1980.544,5629.688,13393.69,1976.692,5476.735,13782.84,2022.614,5653.348,13408.17,2012.767,5576.555,13318.54,1973.057,5410.29,13735.79,1984.858,5469.725,13686.26,1977.858,5559.924,13415,2009.544,5379.169,13681.44,1963.221,5658.718,13476.11,1969.389,5647.771,13786.25,1979.789,5557.044,13593.53,1989.36,5524.215,13648.59,2042.597,5453.671
13515.86,1983.353,5407.088,13542.98,1950.195,5723.637,13578.21,1980.544,5629.61,13394.06,1976.692,5476.698,13783.04,2022.614,5653.036,13408.53,2012.767,5576.458,13318.91,1973.057,5410.265,13736.1,1984.858,5469.522,13686.58,1977.858,5559.726,13415.37,2009.544,5379.245,13681.79,1963.221,5658.587,13476.47,1969.389,5647.667,13786.5,1979.789,5556.875,13593.86,1989.36,5524.05,13648.93,2042.597,5453.508
13516.31,1983.353,5407.281,13543.46,1950.195,5723.521,13578.69,1980.544,5629.501,13394.55,1976.692,5476.654,13783.3,2022.614,5652.625,13409.01,2012.767,5576.346,13319.4,1973.057,5410.233,13736.52,1984.858,5469.271,13686.99,1977.858,5559.455,13415.85,2009.544,5379.328,13682.24,1963.221,5658.407,13476.91,1969.389,5647.466,13786.82,1979.789,5556.667,13594.3,1989.36,5523.829,13649.39,2042.597,5453.338
13516.5,1983.353,5407.357,13543.66,1950.195,5723.466,13578.89,1980.544,5629.452,13394.75,1976.692,5476.642,13783.41,2022.614,5652.447,13409.21,2012.767,5576.292,13319.61,1973.057,5410.226,13736.7,1984.858,5469.17,13687.17,1977.858,5559.345,13416.05,2009.544,5379.357,13682.43,1963.221,5658.326,13477.1,1969.389,5647.386,13786.97,1979.789,5556.584,13594.48,1989.36,5523.729,13649.58,2042.597,5453.259
13516.98,1983.353,5407.527,13544.15,1950.195,5723.317,13579.38,1980.544,5629.332,13395.26,1976.692,5476.598,13783.67,2022.614,5652.009,13409.69,2012.767,5576.124,13320.11,1973.057,5410.226,13737.15,1984.858,5468.925,13687.6,1977.858,5559.087,13416.56,2009.544,5379.411,13682.9,1963.221,5658.118,13477.58,1969.389,5647.207,13787.32,1979.789,5556.392,13594.92,1989.36,5523.469,13650.05,2042.597,5453.064
13517.2,1983.353,5407.595,13544.36,1950.195,5723.244,13579.6,1980.544,5629.287,13395.49,1976.692,5476.57,13783.78,2022.614,5651.813,13409.9,2012.767,5576.047,13320.34,1973.057,5410.2,13737.35,1984.858,5468.823,13687.8,1977.858,5558.979,13416.78,2009.544,5379.465,13683.1,1963.221,5658.021,13477.79,1969.389,5647.134,13787.48,1979.789,5556.312,13595.11,1989.36,5523.347,13650.26,2042.597,5452.983
13517.5,1983.353,5407.708,13544.66,1950.195,5723.122,13579.92,1980.544,5629.22,13395.81,1976.692,5476.54,13783.93,2022.614,5651.533,13410.21,2012.767,5575.949,13320.66,1973.057,5410.173,13737.64,1984.858,5468.675,13688.09,1977.858,5558.834,13417.09,2009.544,5379.532,13683.39,1963.221,5657.879,13478.09,1969.389,5647.004,13787.7,1979.789,5556.206,13595.37,1989.36,5523.166,13650.56,2042.597,5452.859
13517.86,1983.353,5407.837,13545,1950.195,5722.946,13580.29,1980.544,5629.128,13396.19,1976.692,5476.517,13784.11,2022.614,5651.194,13410.58,2012.767,5575.839,13321.04,1973.057,5410.153,13737.98,1984.858,5468.508,13688.43,1977.858,5558.648,13417.47,2009.544,5379.6,13683.73,1963.221,5657.704,13478.44,1969.389,5646.861,13787.98,1979.789,5556.089,13595.7,1989.36,5522.959,13650.91,2042.597,5452.699
13518.13,1983.353,5407.924,13545.25,1950.195,5722.827,13580.57,1980.544,5629.066,13396.47,1976.692,5476.474,13784.24,2022.614,5650.946,13410.85,2012.767,5575.769,13321.32,1973.057,5410.148,13738.24,1984.858,5468.396,13688.67,1977.858,5558.505,13417.75,2009.544,5379.64,13683.98,1963.221,5657.571,13478.71,1969.389,5646.765,13788.18,1979.789,5556.01,13595.94,1989.36,5522.816,13651.16,2042.597,5452.573
13518.36,1983.353,5407.992,13545.47,1950.195,5722.73,13580.8,1980.544,5629.006,13396.71,1976.692,5476.445,13784.35,2022.614,5650.73,13411.08,2012.767,5575.697,13321.56,1973.057,5410.118,13738.46,1984.858,5468.292,13688.87,1977.858,5558.375,13417.99,2009.544,5379.667,13684.19,1963.221,5657.452,13478.92,1969.389,5646.659,13788.36,1979.789,5555.949,13596.15,1989.36,5522.7,13651.38,2042.597,5452.472
13518.64,1983.353,5408.062,13545.74,1950.195,5722.635,13581.07,1980.544,5628.927,13396.99,1976.692,5476.392,13784.48,2022.614,5650.476,13411.35,2012.767,5575.621,13321.84,1973.057,5410.091,13738.72,1984.858,5468.186,13689.11,1977.858,5558.215,13418.27,2009.544,5379.72,13684.44,1963.221,5657.308,13479.18,1969.389,5646.543,13788.57,1979.789,5555.883,13596.4,1989.36,5522.562,13651.64,2042.597,5452.367
13518.91,1983.353,5408.14,13546,1950.195,5722.531,13581.34,1980.544,5628.845,13397.26,1976.692,5476.349,13784.6,2022.614,5650.221,13411.63,2012.767,5575.582,13322.13,1973.057,5410.061,13738.98,1984.858,5468.07,13689.34,1977.858,5558.063,13418.55,2009.544,5379.763,13684.67,1963.221,5657.159,13479.44,1969.389,5646.437,13788.77,1979.789,5555.825,13596.64,1989.36,5522.416,13651.91,2042.597,5452.27
13519.25,1983.353,5408.229,13546.33,1950.195,5722.389,13581.68,1980.544,5628.739,13397.62,1976.692,5476.285,13784.75,2022.614,5649.896,13411.99,2012.767,5575.52,13322.48,1973.057,5410.033,13739.31,1984.858,5467.928,13689.65,1977.858,5557.877,13418.9,2009.544,5379.807,13684.98,1963.221,5656.965,13479.78,1969.389,5646.301,13789.04,1979.789,5555.761,13596.94,1989.36,5522.221,13652.24,2042.597,5452.135
13519.5,1983.353,5408.258,13546.56,1950.195,5722.284,13581.92,1980.544,5628.662,13397.86,1976.692,5476.249,13784.85,2022.614,5649.673,13412.23,2012.767,5575.473,13322.73,1973.057,5410.009,13739.52,1984.858,5467.813,13689.86,1977.858,5557.757,13419.15,2009.544,5379.829,13685.18,1963.221,5656.828,13480,1969.389,5646.196,13789.22,1979.789,5555.723,13597.14,1989.36,5522.081,13652.47,2042.597,5452.047
13519.7,1983.353,5408.29,13546.74,1950.195,5722.188,13582.11,1980.544,5628.59,13398.07,1976.692,5476.215,13784.93,2022.614,5649.482,13412.43,2012.767,5575.434,13322.93,1973.057,5409.996,13739.71,1984.858,5467.722,13690.04,1977.858,5557.649,13419.35,2009.544,5379.854,13685.35,1963.221,5656.708,13480.19,1969.389,5646.113,13789.38,1979.789,5555.695,13597.32,1989.36,5521.968,13652.66,2042.597,5451.967
13519.93,1983.353,5408.333,13546.95,1950.195,5722.09,13582.33,1980.544,5628.503,13398.29,1976.692,5476.185,13785.02,2022.614,5649.271,13412.66,2012.767,5575.383,13323.17,1973.057,5409.988,13739.92,1984.858,5467.627,13690.24,1977.858,5557.522,13419.58,2009.544,5379.874,13685.54,1963.221,5656.572,13480.39,1969.389,5646.006,13789.55,1979.789,5555.671,13597.52,1989.36,5521.849,13652.87,2042.597,5451.871
13520.17,1983.353,5408.369,13547.17,1950.195,5722.013,13582.54,1980.544,5628.407,13398.53,1976.692,5476.162,13785.11,2022.614,5649.053,13412.89,2012.767,5575.324,13323.4,1973.057,5409.988,13740.14,1984.858,5467.538,13690.43,1977.858,5557.386,13419.82,2009.544,5379.912,13685.73,1963.221,5656.429,13480.61,1969.389,5645.904,13789.73,1979.789,5555.651,13597.72,1989.36,5521.733,13653.09,2042.597,5451.781
13520.39,1983.353,5408.411,13547.39,1950.195,5721.935,13582.75,1980.544,5628.308,13398.76,1976.692,5476.147,13785.2,2022.614,5648.845,13413.11,2012.767,5575.275,13323.63,1973.057,5409.996,13740.35,1984.858,5467.447,13690.62,1977.858,5557.262,13420.04,2009.544,5379.949,13685.9,1963.221,5656.29,13480.82,1969.389,5645.813,13789.9,1979.789,5555.638,13597.92,1989.36,5521.616,13653.31,2042.597,5451.715
13520.68,1983.353,5408.457,13547.66,1950.195,5721.832,13583.02,1980.544,5628.206,13399.05,1976.692,5476.138,13785.32,2022.614,5648.577,13413.39,2012.767,5575.212,13323.92,1973.057,5409.996,13740.62,1984.858,5467.339,13690.87,1977.858,5557.108,13420.33,2009.544,5379.988,13686.13,1963.221,5656.107,13481.09,1969.389,5645.705,13790.11,1979.789,5555.628,13598.16,1989.36,5521.458,13653.59,2042.597,5451.622
13520.88,1983.353,5408.496,13547.85,1950.195,5721.751,13583.21,1980.544,5628.127,13399.25,1976.692,5476.1,13785.4,2022.614,5648.387,13413.59,2012.767,5575.146,13324.13,1973.057,5410.002,13740.82,1984.858,5467.268,13691.05,1977.858,5557.004,13420.54,2009.544,5380.013,13686.29,1963.221,5655.975,13481.28,1969.389,5645.617,13790.27,1979.789,5555.624,13598.33,1989.36,5521.339,13653.78,2042.597,5451.549
13521.09,1983.353,5408.542,13548.05,1950.195,5721.69,13583.41,1980.544,5628.043,13399.46,1976.692,5476.068,13785.48,2022.614,5648.196,13413.79,2012.767,5575.085,13324.34,1973.057,5410.009,13741.01,1984.858,5467.199,13691.23,1977.858,5556.895,13420.75,2009.544,5380.032,13686.45,1963.221,5655.841,13481.46,1969.389,5645.525,13790.42,1979.789,5555.619,13598.51,1989.36,5521.226,13653.97,2042.597,5451.47
13521.36,1983.353,5408.596,13548.32,1950.195,5721.605,13583.65,1980.544,5627.924,13399.73,1976.692,5476.035,13785.59,2022.614,5647.945,13414.06,2012.767,5575.019,13324.61,1973.057,5410.008,13741.27,1984.858,5467.091,13691.46,1977.858,5556.742,13421.02,2009.544,5380.077,13686.66,1963.221,5655.661,13481.72,1969.389,5645.413,13790.63,1979.789,5555.618,13598.75,1989.36,5521.084,13654.23,2042.597,5451.357
13521.56,1983.353,5408.616,13548.51,1950.195,5721.534,13583.84,1980.544,5627.829,13399.94,1976.692,5476.015,13785.67,2022.614,5647.755,13414.26,2012.767,5574.976,13324.82,1973.057,5409.986,13741.46,1984.858,5467.016,13691.63,1977.858,5556.631,13421.22,2009.544,5380.105,13686.82,1963.221,5655.523,13481.91,1969.389,5645.334,13790.78,1979.789,5555.618,13598.92,1989.36,5520.971,13654.41,2042.597,5451.265
13521.77,1983.353,5408.643,13548.71,1950.195,5721.457,13584.02,1980.544,5627.729,13400.15,1976.692,5475.983,13785.76,2022.614,5647.565,13414.46,2012.767,5574.927,13325.03,1973.057,5409.97,13741.65,1984.858,5466.924,13691.81,1977.858,5556.526,13421.43,2009.544,5380.126,13686.97,1963.221,5655.383,13482.09,1969.389,5645.227,13790.93,1979.789,5555.627,13599.09,1989.36,5520.853,13654.6,2042.597,5451.18
13521.98,1983.353,5408.677,13548.9,1950.195,5721.371,13584.21,1980.544,5627.622,13400.36,1976.692,5475.958,13785.84,2022.614,5647.37,13414.67,2012.767,5574.882,13325.24,1973.057,5409.961,13741.84,1984.858,5466.836,13691.99,1977.858,5556.413,13421.64,2009.544,5380.147,13687.13,1963.221,5655.244,13482.27,1969.389,5645.124,13791.08,1979.789,5555.637,13599.27,1989.36,5520.737,13654.79,2042.597,5451.085
13522.19,1983.353,5408.717,13549.09,1950.195,5721.281,13584.38,1980.544,5627.511,13400.57,1976.692,5475.939,13785.93,2022.614,5647.18,13414.88,2012.767,5574.832,13325.45,1973.057,5409.937,13742.03,1984.858,5466.757,13692.17,1977.858,5556.296,13421.85,2009.544,5380.172,13687.3,1963.221,5655.112,13482.46,1969.389,5645.029,13791.24,1979.789,5555.641,13599.45,1989.36,5520.63,13654.99,2042.597,5451.02
13522.46,1983.353,5408.763,13549.33,1950.195,5721.154,13584.61,1980.544,5627.356,13400.84,1976.692,5475.924,13786.04,2022.614,5646.928,13415.15,2012.767,5574.795,13325.73,1973.057,5409.913,13742.29,1984.858,5466.66,13692.39,1977.858,5556.133,13422.13,2009.544,5380.196,13687.51,1963.221,5654.942,13482.71,1969.389,5644.911,13791.44,1979.789,5555.659,13599.69,1989.36,5520.495,13655.26,2042.597,5450.938
13522.66,1983.353,5408.804,13549.52,1950.195,5721.052,13584.78,1980.544,5627.234,13401.05,1976.692,5475.908,13786.13,2022.614,5646.739,13415.36,2012.767,5574.772,13325.93,1973.057,5409.893,13742.49,1984.858,5466.593,13692.56,1977.858,5556.016,13422.33,2009.544,5380.242,13687.68,1963.221,5654.818,13482.89,1969.389,5644.806,13791.59,1979.789,5555.672,13599.87,1989.36,5520.388,13655.45,2042.597,5450.869
13522.87,1983.353,5408.851,13549.7,1950.195,5720.944,13584.95,1980.544,5627.111,13401.26,1976.692,5475.898,13786.21,2022.614,5646.549,13415.56,2012.767,5574.743,13326.14,1973.057,5409.879,13742.69,1984.858,5466.532,13692.73,1977.858,5555.893,13422.53,2009.544,5380.282,13687.85,1963.221,5654.699,13483.07,1969.389,5644.705,13791.74,1979.789,5555.681,13600.04,1989.36,5520.275,13655.65,2042.597,5450.793
13523.07,1983.353,5408.905,13549.87,1950.195,5720.83,13585.12,1980.544,5626.983,13401.47,1976.692,5475.879,13786.29,2022.614,5646.36,13415.77,2012.767,5574.707,13326.35,1973.057,5409.873,13742.89,1984.858,5466.499,13692.9,1977.858,5555.775,13422.74,2009.544,5380.315,13688.02,1963.221,5654.582,13483.26,1969.389,5644.61,13791.88,1979.789,5555.684,13600.22,1989.36,5520.157,13655.85,2042.597,5450.744
13523.4,1983.353,5408.992,13550.15,1950.195,5720.631,13585.38,1980.544,5626.76,13401.81,1976.692,5475.832,13786.44,2022.614,5646.045,13416.11,2012.767,5574.636,13326.69,1973.057,5409.85,13743.23,1984.858,5466.432,13693.19,1977.858,5555.586,13423.08,2009.544,5380.359,13688.31,1963.221,5654.391,13483.56,1969.389,5644.441,13792.13,1979.789,5555.684,13600.5,1989.36,5519.951,13656.18,2042.597,5450.651
13523.6,1983.353,5409.07,13550.32,1950.195,5720.507,13585.54,1980.544,5626.622,13402.02,1976.692,5475.81,13786.52,2022.614,5645.856,13416.31,2012.767,5574.586,13326.9,1973.057,5409.842,13743.44,1984.858,5466.385,13693.37,1977.858,5555.479,13423.29,2009.544,5380.378,13688.49,1963.221,5654.278,13483.74,1969.389,5644.334,13792.28,1979.789,5555.684,13600.66,1989.36,5519.821,13656.39,2042.597,5450.6
13523.79,1983.353,5409.141,13550.49,1950.195,5720.386,13585.68,1980.544,5626.475,13402.22,1976.692,5475.77,13786.61,2022.614,5645.668,13416.52,2012.767,5574.558,13327.11,1973.057,5409.833,13743.64,1984.858,5466.356,13693.54,1977.858,5555.365,13423.5,2009.544,5380.404,13688.67,1963.221,5654.17,13483.92,1969.389,5644.222,13792.43,1979.789,5555.68,13600.82,1989.36,5519.687,13656.59,2042.597,5450.543
13523.99,1983.353,5409.206,13550.67,1950.195,5720.275,13585.84,1980.544,5626.333,13402.43,1976.692,5475.736,13786.71,2022.614,5645.483,13416.72,2012.767,5574.523,13327.32,1973.057,5409.831,13743.85,1984.858,5466.326,13693.72,1977.858,5555.246,13423.71,2009.544,5380.423,13688.84,1963.221,5654.06,13484.09,1969.389,5644.115,13792.58,1979.789,5555.672,13600.98,1989.36,5519.558,13656.79,2042.597,5450.491
13524.19,1983.353,5409.264,13550.84,1950.195,5720.16,13585.99,1980.544,5626.195,13402.64,1976.692,5475.709,13786.8,2022.614,5645.299,13416.92,2012.767,5574.482,13327.53,1973.057,5409.822,13744.05,1984.858,5466.289,13693.88,1977.858,5555.121,13423.91,2009.544,5380.437,13689.02,1963.221,5653.945,13484.27,1969.389,5644.002,13792.72,1979.789,5555.659,13601.15,1989.36,5519.434,13656.99,2042.597,5450.432
13524.39,1983.353,5409.333,13551.01,1950.195,5720.039,13586.15,1980.544,5626.054,13402.84,1976.692,5475.689,13786.9,2022.614,5645.118,13417.13,2012.767,5574.434,13327.73,1973.057,5409.806,13744.26,1984.858,5466.245,13694.04,1977.858,5554.99,13424.12,2009.544,5380.458,13689.19,1963.221,5653.828,13484.45,1969.389,5643.896,13792.87,1979.789,5555.643,13601.32,1989.36,5519.315,13657.19,2042.597,5450.367
13524.59,1983.353,5409.397,13551.18,1950.195,5719.912,13586.3,1980.544,5625.917,13403.05,1976.692,5475.676,13787.01,2022.614,5644.938,13417.33,2012.767,5574.379,13327.94,1973.057,5409.783,13744.46,1984.858,5466.205,13694.2,1977.858,5554.854,13424.33,2009.544,5380.471,13689.36,1963.221,5653.707,13484.63,1969.389,5643.784,13793.01,1979.789,5555.622,13601.5,1989.36,5519.203,13657.38,2042.597,5450.295
13524.79,1983.353,5409.455,13551.35,1950.195,5719.802,13586.46,1980.544,5625.785,13403.26,1976.692,5475.669,13787.12,2022.614,5644.762,13417.53,2012.767,5574.319,13328.15,1973.057,5409.753,13744.67,1984.858,5466.158,13694.37,1977.858,5554.724,13424.54,2009.544,5380.492,13689.53,1963.221,5653.582,13484.8,1969.389,5643.677,13793.15,1979.789,5555.597,13601.67,1989.36,5519.084,13657.58,2042.597,5450.22
13524.99,1983.353,5409.506,13551.53,1950.195,5719.688,13586.62,1980.544,5625.641,13403.47,1976.692,5475.67,13787.23,2022.614,5644.587,13417.73,2012.767,5574.266,13328.35,1973.057,5409.716,13744.87,1984.858,5466.105,13694.53,1977.858,5554.597,13424.74,2009.544,5380.54,13689.69,1963.221,5653.454,13484.99,1969.389,5643.577,13793.29,1979.789,5555.568,13601.84,1989.36,5518.961,13657.77,2042.597,5450.138
13525.19,1983.353,5409.564,13551.7,1950.195,5719.568,13586.77,1980.544,5625.502,13403.67,1976.692,5475.664,13787.34,2022.614,5644.416,13417.93,2012.767,5574.219,13328.56,1973.057,5409.687,13745.07,1984.858,5466.047,13694.7,1977.858,5554.476,13424.94,2009.544,5380.584,13689.85,1963.221,5653.323,13485.17,1969.389,5643.47,13793.44,1979.789,5555.535,13602,1989.36,5518.832,13657.97,2042.597,5450.08
13525.39,1983.353,5409.629,13551.87,1950.195,5719.45,13586.93,1980.544,5625.368,13403.88,1976.692,5475.664,13787.46,2022.614,5644.247,13418.14,2012.767,5574.188,13328.77,1973.057,5409.664,13745.26,1984.858,5465.981,13694.87,1977.858,5554.359,13425.15,2009.544,5380.622,13690.01,1963.221,5653.189,13485.34,1969.389,5643.354,13793.57,1979.789,5555.499,13602.16,1989.36,5518.698,13658.17,2042.597,5450.016
13525.59,1983.353,5409.687,13552.04,1950.195,5719.326,13587.08,1980.544,5625.229,13404.09,1976.692,5475.696,13787.59,2022.614,5644.081,13418.34,2012.767,5574.151,13328.97,1973.057,5409.647,13745.46,1984.858,5465.932,13695.05,1977.858,5554.247,13425.35,2009.544,5380.653,13690.17,1963.221,5653.053,13485.51,1969.389,5643.243,13793.71,1979.789,5555.459,13602.31,1989.36,5518.558,13658.36,2042.597,5449.944
13525.81,1983.353,5409.781,13552.23,1950.195,5719.176,13587.27,1980.544,5625.073,13404.33,1976.692,5475.725,13787.74,2022.614,5643.893,13418.58,2012.767,5574.141,13329.21,1973.057,5409.637,13745.7,1984.858,5465.868,13695.25,1977.858,5554.111,13425.59,2009.544,5380.681,13690.35,1963.221,5652.893,13485.72,1969.389,5643.122,13793.87,1979.789,5555.409,13602.5,1989.36,5518.403,13658.59,2042.597,5449.855
13526.09,1983.353,5409.892,13552.46,1950.195,5718.976,13587.51,1980.544,5624.882,13404.63,1976.692,5475.776,13787.93,2022.614,5643.659,13418.89,2012.767,5574.119,13329.52,1973.057,5409.633,13745.99,1984.858,5465.776,13695.49,1977.858,5553.93,13425.9,2009.544,5380.699,13690.58,1963.221,5652.697,13485.98,1969.389,5642.957,13794.07,1979.789,5555.341,13602.74,1989.36,5518.213,13658.88,2042.597,5449.75
13526.45,1983.353,5410.015,13552.75,1950.195,5718.742,13587.8,1980.544,5624.656,13405,1976.692,5475.828,13788.18,2022.614,5643.379,13419.26,2012.767,5574.079,13329.89,1973.057,5409.641,13746.34,1984.858,5465.653,13695.79,1977.858,5553.7,13426.27,2009.544,5380.734,13690.88,1963.221,5652.467,13486.3,1969.389,5642.767,13794.3,1979.789,5555.252,13603.04,1989.36,5517.991,13659.22,2042.597,5449.611
13526.97,1983.353,5410.18,13553.19,1950.195,5718.41,13588.25,1980.544,5624.335,13405.54,1976.692,5475.917,13788.55,2022.614,5642.975,13419.81,2012.767,5574.042,13330.45,1973.057,5409.67,13746.86,1984.858,5465.454,13696.21,1977.858,5553.345,13426.82,2009.544,5380.754,13691.33,1963.221,5652.142,13486.79,1969.389,5642.501,13794.65,1979.789,5555.113,13603.49,1989.36,5517.678,13659.75,2042.597,5449.434
13527.3,1983.353,5410.275,13553.47,1950.195,5718.215,13588.53,1980.544,5624.143,13405.88,1976.692,5475.962,13788.79,2022.614,5642.732,13420.15,2012.767,5574.007,13330.79,1973.057,5409.652,13747.17,1984.858,5465.339,13696.46,1977.858,5553.119,13427.16,2009.544,5380.76,13691.61,1963.221,5651.95,13487.09,1969.389,5642.347,13794.86,1979.789,5555.023,13603.78,1989.36,5517.495,13660.06,2042.597,5449.315
13528.07,1983.353,5410.473,13554.14,1950.195,5717.778,13589.2,1980.544,5623.71,13406.68,1976.692,5476.04,13789.35,2022.614,5642.177,13420.94,2012.767,5573.901,13331.58,1973.057,5409.637,13747.92,1984.858,5465.047,13697.07,1977.858,5552.604,13427.96,2009.544,5380.768,13692.26,1963.221,5651.489,13487.75,1969.389,5641.906,13795.34,1979.789,5554.804,13604.44,1989.36,5517.043,13660.8,2042.597,5449.011
13528.48,1983.353,5410.563,13554.5,1950.195,5717.576,13589.54,1980.544,5623.477,13407.09,1976.692,5476.067,13789.66,2022.614,5641.898,13421.35,2012.767,5573.833,13332,1973.057,5409.643,13748.29,1984.858,5464.884,13697.4,1977.858,5552.346,13428.37,2009.544,5380.785,13692.59,1963.221,5651.244,13488.11,1969.389,5641.689,13795.58,1979.789,5554.687,13604.77,1989.36,5516.798,13661.18,2042.597,5448.841
13528.95,1983.353,5410.652,13554.93,1950.195,5717.364,13589.95,1980.544,5623.214,13407.57,1976.692,5476.117,13790.02,2022.614,5641.581,13421.82,2012.767,5573.754,13332.48,1973.057,5409.612,13748.73,1984.858,5464.678,13697.78,1977.858,5552.054,13428.85,2009.544,5380.796,13692.97,1963.221,5650.95,13488.53,1969.389,5641.449,13795.86,1979.789,5554.545,13605.15,1989.36,5516.499,13661.61,2042.597,5448.627
13529.94,1983.353,5410.804,13555.81,1950.195,5716.9,13590.8,1980.544,5622.697,13408.56,1976.692,5476.188,13790.78,2022.614,5640.947,13422.82,2012.767,5573.695,13333.47,1973.057,5409.582,13749.62,1984.858,5464.225,13698.59,1977.858,5551.477,13429.85,2009.544,5380.816,13693.75,1963.221,5650.333,13489.39,1969.389,5640.951,13796.42,1979.789,5554.245,13605.91,1989.36,5515.858,13662.49,2042.597,5448.16
13530.57,1983.353,5410.88,13556.36,1950.195,5716.586,13591.33,1980.544,5622.349,13409.2,1976.692,5476.212,13791.27,2022.614,5640.556,13423.45,2012.767,5573.637,13334.11,1973.057,5409.583,13750.21,1984.858,5463.99,13699.12,1977.858,5551.122,13430.48,2009.544,5380.85,13694.26,1963.221,5649.951,13489.95,1969.389,5640.65,13796.78,1979.789,5554.05,13606.38,1989.36,5515.433,13663.06,2042.597,5447.875
13531.37,1983.353,5411.015,13557.08,1950.195,5716.212,13592,1980.544,5621.883,13410.01,1976.692,5476.217,13791.92,2022.614,5640.074,13424.26,2012.767,5573.536,13334.92,1973.057,5409.552,13750.95,1984.858,5463.666,13699.78,1977.858,5550.647,13431.29,2009.544,5380.919,13694.92,1963.221,5649.478,13490.68,1969.389,5640.291,13797.22,1979.789,5553.797,13607,1989.36,5514.91,13663.77,2042.597,5447.489
13532.3,1983.353,5411.141,13557.92,1950.195,5715.785,13592.75,1980.544,5621.317,13410.94,1976.692,5476.308,13792.69,2022.614,5639.537,13425.19,2012.767,5573.388,13335.86,1973.057,5409.547,13751.8,1984.858,5463.262,13700.52,1977.858,5550.072,13432.23,2009.544,5380.969,13695.7,1963.221,5648.945,13491.52,1969.389,5639.876,13797.71,1979.789,5553.5,13607.75,1989.36,5514.328,13664.59,2042.597,5447.028
13533.88,1983.353,5411.302,13559.32,1950.195,5715.027,13593.99,1980.544,5620.322,13412.53,1976.692,5476.41,13794,2022.614,5638.665,13426.75,2012.767,5573.087,13337.45,1973.057,5409.59,13753.21,1984.858,5462.533,13701.75,1977.858,5549.061,13433.82,2009.544,5381.105,13697.02,1963.221,5648.067,13492.97,1969.389,5639.223,13798.53,1979.789,5552.996,13609.03,1989.36,5513.385,13665.95,2042.597,5446.206
13534.87,1983.353,5411.334,13560.18,1950.195,5714.528,13594.78,1980.544,5619.729,13413.52,1976.692,5476.514,13794.84,2022.614,5638.146,13427.69,2012.767,5572.78,13338.44,1973.057,5409.511,13754.07,1984.858,5462.051,13702.49,1977.858,5548.406,13434.79,2009.544,5381.286,13697.84,1963.221,5647.505,13493.86,1969.389,5638.792,13799.03,1979.789,5552.685,13609.84,1989.36,5512.825,13666.81,2042.597,5445.71
13535.36,1983.353,5411.367,13560.59,1950.195,5714.269,13595.18,1980.544,5619.449,13414,1976.692,5476.549,13795.25,2022.614,5637.902,13428.15,2012.767,5572.619,13338.92,1973.057,5409.488,13754.49,1984.858,5461.8,13702.86,1977.858,5548.094,13435.27,2009.544,5381.359,13698.23,1963.221,5647.221,13494.29,1969.389,5638.565,13799.26,1979.789,5552.531,13610.23,1989.36,5512.536,13667.22,2042.597,5445.453
13535.86,1983.353,5411.417,13561.01,1950.195,5713.984,13595.59,1980.544,5619.155,13414.51,1976.692,5476.569,13795.7,2022.614,5637.66,13428.63,2012.767,5572.468,13339.43,1973.057,5409.481,13754.91,1984.858,5461.524,13703.26,1977.858,5547.78,13435.77,2009.544,5381.444,13698.64,1963.221,5646.917,13494.73,1969.389,5638.314,13799.5,1979.789,5552.371,13610.63,1989.36,5512.223,13667.64,2042.597,5445.17
13537.36,1983.353,5411.597,13562.21,1950.195,5713.075,13596.85,1980.544,5618.317,13416.02,1976.692,5476.58,13797.03,2022.614,5636.979,13430.02,2012.767,5571.882,13340.94,1973.057,5409.509,13756.15,1984.858,5460.664,13704.47,1977.858,5546.876,13437.27,2009.544,5381.65,13699.83,1963.221,5645.994,13496.07,1969.389,5637.612,13800.21,1979.789,5551.89,13611.79,1989.36,5511.251,13668.87,2042.597,5444.29
13538.28,1983.353,5411.738,13562.97,1950.195,5712.538,13597.62,1980.544,5617.796,13416.95,1976.692,5476.556,13797.86,2022.614,5636.583,13430.89,2012.767,5571.549,13341.87,1973.057,5409.557,13756.95,1984.858,5460.2,13705.23,1977.858,5546.34,13438.19,2009.544,5381.773,13700.56,1963.221,5645.415,13496.88,1969.389,5637.153,13800.64,1979.789,5551.598,13612.48,1989.36,5510.63,13669.61,2042.597,5443.723
13539.44,1983.353,5411.801,13563.94,1950.195,5711.899,13598.56,1980.544,5617.116,13418.11,1976.692,5476.519,13798.91,2022.614,5636.12,13431.99,2012.767,5571.17,13343.03,1973.057,5409.487,13757.95,1984.858,5459.61,13706.15,1977.858,5545.641,13439.34,2009.544,5381.889,13701.48,1963.221,5644.715,13497.87,1969.389,5636.549,13801.15,1979.789,5551.236,13613.37,1989.36,5509.885,13670.48,2042.597,5442.957
13541.53,1983.353,5411.984,13565.84,1950.195,5711.014,13600.21,1980.544,5615.831,13420.2,1976.692,5476.383,13800.83,2022.614,5635.337,13433.99,2012.767,5570.55,13345.1,1973.057,5409.208,13759.71,1984.858,5458.485,13707.78,1977.858,5544.323,13441.43,2009.544,5382.03,13703.18,1963.221,5643.486,13499.69,1969.389,5635.514,13802.06,1979.789,5550.588,13615.01,1989.36,5508.589,13672.09,2042.597,5441.622
13541.84,1983.353,5412.022,13566.12,1950.195,5710.873,13600.46,1980.544,5615.647,13420.51,1976.692,5476.389,13801.12,2022.614,5635.229,13434.29,2012.767,5570.468,13345.41,1973.057,5409.176,13759.97,1984.858,5458.309,13708.01,1977.858,5544.119,13441.74,2009.544,5382.041,13703.43,1963.221,5643.298,13499.97,1969.389,5635.369,13802.19,1979.789,5550.495,13615.25,1989.36,5508.389,13672.34,2042.597,5441.43
13543.58,1983.353,5412.29,13567.66,1950.195,5710.025,13601.92,1980.544,5614.657,13422.27,1976.692,5476.36,13802.76,2022.614,5634.666,13436,2012.767,5570.057,13347.17,1973.057,5409.055,13761.38,1984.858,5457.268,13709.31,1977.858,5542.923,13443.5,2009.544,5382.208,13704.82,1963.221,5642.215,13501.54,1969.389,5634.584,13802.92,1979.789,5549.963,13616.57,1989.36,5507.218,13673.59,2042.597,5440.191
13544.43,1983.353,5412.45,13568.45,1950.195,5709.661,13602.63,1980.544,5614.146,13423.14,1976.692,5476.318,13803.58,2022.614,5634.412,13436.86,2012.767,5569.878,13348.04,1973.057,5408.957,13762.08,1984.858,5456.748,13709.93,1977.858,5542.313,13444.37,2009.544,5382.263,13705.51,1963.221,5641.694,13502.34,1969.389,5634.223,13803.27,1979.789,5549.708,13617.2,1989.36,5506.62,13674.23,2042.597,5439.601
13545.69,1983.353,5412.728,13569.64,1950.195,5709.16,13603.69,1980.544,5613.419,13424.42,1976.692,5476.368,13804.8,2022.614,5634.072,13438.13,2012.767,5569.688,13349.32,1973.057,5408.853,13763.08,1984.858,5455.947,13710.81,1977.858,5541.382,13445.65,2009.544,5382.302,13706.55,1963.221,5640.943,13503.51,1969.389,5633.71,13803.77,1979.789,5549.333,13618.11,1989.36,5505.708,13675.2,2042.597,5438.76
13547.01,1983.353,5413.065,13570.91,1950.195,5708.688,13604.78,1980.544,5612.615,13425.78,1976.692,5476.488,13806.1,2022.614,5633.75,13439.48,2012.767,5569.578,13350.67,1973.057,5408.788,13764.2,1984.858,5455.186,13711.77,1977.858,5540.419,13447.01,2009.544,5382.387,13707.67,1963.221,5640.166,13504.68,1969.389,5633.008,13804.29,1979.789,5548.943,13619.04,1989.36,5504.713,13676.2,2042.597,5437.837
13548.3,1983.353,5413.442,13572.16,1950.195,5708.177,13605.85,1980.544,5611.78,13427.13,1976.692,5476.563,13807.4,2022.614,5633.468,13440.83,2012.767,5569.425,13352.02,1973.057,5408.689,13765.29,1984.858,5454.393,13712.69,1977.858,5539.43,13448.36,2009.544,5382.319,13708.79,1963.221,5639.406,13505.86,1969.389,5632.348,13804.79,1979.789,5548.562,13619.93,1989.36,5503.697,13677.22,2042.597,5436.952
13549.55,1983.353,5413.849,13573.36,1950.195,5707.643,13606.85,1980.544,5610.94,13428.44,1976.692,5476.621,13808.67,2022.614,5633.231,13442.13,2012.767,5569.33,13353.32,1973.057,5408.494,13766.33,1984.858,5453.591,13713.55,1977.858,5538.443,13449.66,2009.544,5382.22,13709.88,1963.221,5638.679,13507.02,1969.389,5631.746,13805.26,1979.789,5548.2,13620.76,1989.36,5502.687,13678.27,2042.597,5436.16
13550.75,1983.353,5414.28,13574.5,1950.195,5707.087,13607.85,1980.544,5610.159,13429.71,1976.692,5476.636,13809.9,2022.614,5633.039,13443.4,2012.767,5569.203,13354.58,1973.057,5408.326,13767.3,1984.858,5452.781,13714.35,1977.858,5537.46,13450.93,2009.544,5382.166,13710.92,1963.221,5637.952,13508.17,1969.389,5631.196,13805.71,1979.789,5547.854,13621.54,1989.36,5501.688,13679.32,2042.597,5435.446
13551.89,1983.353,5414.73,13575.62,1950.195,5706.573,13608.84,1980.544,5609.435,13430.93,1976.692,5476.727,13811.09,2022.614,5632.887,13444.61,2012.767,5569.046,13355.8,1973.057,5408.203,13768.33,1984.858,5452.119,13715.1,1977.858,5536.486,13452.16,2009.544,5382.146,13711.91,1963.221,5637.228,13509.29,1969.389,5630.696,13806.13,1979.789,5547.527,13622.32,1989.36,5500.736,13680.31,2042.597,5434.723
13552.98,1983.353,5415.198,13576.68,1950.195,5706.039,13609.83,1980.544,5608.764,13432.12,1976.692,5476.775,13812.25,2022.614,5632.774,13445.79,2012.767,5568.862,13356.99,1973.057,5408.123,13769.31,1984.858,5451.445,13715.79,1977.858,5535.518,13453.35,2009.544,5382.158,13712.85,1963.221,5636.504,13510.39,1969.389,5630.244,13806.53,1979.789,5547.214,13623.05,1989.36,5499.799,13681.25,2042.597,5433.99
13554.03,1983.353,5415.684,13577.72,1950.195,5705.526,13610.8,1980.544,5608.142,13433.28,1976.692,5476.788,13813.38,2022.614,5632.698,13446.93,2012.767,5568.692,13358.14,1973.057,5408.083,13770.24,1984.858,5450.76,13716.43,1977.858,5534.555,13454.5,2009.544,5382.151,13713.75,1963.221,5635.782,13511.47,1969.389,5629.835,13806.92,1979.789,5546.916,13623.74,1989.36,5498.868,13682.18,2042.597,5433.312
13555.03,1983.353,5416.184,13578.71,1950.195,5705.01,13611.73,1980.544,5607.51,13434.4,1976.692,5476.766,13814.47,2022.614,5632.656,13448.04,2012.767,5568.538,13359.26,1973.057,5408.081,13771.12,1984.858,5450.067,13717.06,1977.858,5533.631,13455.62,2009.544,5382.174,13714.64,1963.221,5635.096,13512.53,1969.389,5629.469,13807.28,1979.789,5546.63,13624.37,1989.36,5497.945,13683.09,2042.597,5432.648
13556.02,1983.353,5416.635,13579.68,1950.195,5704.534,13612.6,1980.544,5606.871,13435.48,1976.692,5476.711,13815.53,2022.614,5632.646,13449.11,2012.767,5568.399,13360.34,1973.057,5407.987,13771.94,1984.858,5449.373,13717.68,1977.858,5532.749,13456.7,2009.544,5382.222,13715.5,1963.221,5634.447,13513.56,1969.389,5629.146,13807.62,1979.789,5546.359,13624.96,1989.36,5497.035,13683.94,2042.597,5431.98
13556.98,1983.353,5417.043,13580.61,1950.195,5704.04,13613.47,1980.544,5606.281,13436.52,1976.692,5476.627,13816.55,2022.614,5632.667,13450.15,2012.767,5568.273,13361.39,1973.057,5407.93,13772.72,1984.858,5448.672,13718.26,1977.858,5531.871,13457.75,2009.544,5382.243,13716.35,1963.221,5633.825,13514.57,1969.389,5628.86,13807.95,1979.789,5546.1,13625.55,1989.36,5496.169,13684.74,2042.597,5431.305
13558.25,1983.353,5417.532,13581.83,1950.195,5703.441,13614.63,1980.544,5605.588,13437.87,1976.692,5476.476,13817.87,2022.614,5632.732,13451.5,2012.767,5568.124,13362.75,1973.057,5407.9,13773.7,1984.858,5447.736,13718.96,1977.858,5530.713,13459.11,2009.544,5382.294,13717.45,1963.221,5633.033,13515.89,1969.389,5628.528,13808.36,1979.789,5545.77,13626.36,1989.36,5495.076,13685.75,2042.597,5430.397
13558.69,1983.353,5417.684,13582.25,1950.195,5703.251,13615.02,1980.544,5605.34,13438.33,1976.692,5476.411,13818.32,2022.614,5632.768,13451.96,2012.767,5568.078,13363.2,1973.057,5407.814,13774.02,1984.858,5447.407,13719.2,1977.858,5530.319,13459.57,2009.544,5382.318,13717.83,1963.221,5632.767,13516.34,1969.389,5628.428,13808.5,1979.789,5545.659,13626.62,1989.36,5494.695,13686.08,2042.597,5430.078
13559.78,1983.353,5418.026,13583.3,1950.195,5702.817,13615.97,1980.544,5604.696,13439.45,1976.692,5476.215,13819.43,2022.614,5632.887,13453.1,2012.767,5567.975,13364.33,1973.057,5407.639,13774.79,1984.858,5446.571,13719.8,1977.858,5529.35,13460.71,2009.544,5382.361,13718.76,1963.221,5632.118,13517.46,1969.389,5628.212,13808.84,1979.789,5545.389,13627.24,1989.36,5493.736,13686.88,2042.597,5429.262
13560.88,1983.353,5418.334,13584.38,1950.195,5702.427,13616.92,1980.544,5604.065,13440.57,1976.692,5475.985,13820.53,2022.614,5633.04,13454.24,2012.767,5567.882,13365.46,1973.057,5407.5,13775.54,1984.858,5445.709,13720.4,1977.858,5528.379,13461.85,2009.544,5382.393,13719.71,1963.221,5631.472,13518.59,1969.389,5628.027,13809.17,1979.789,5545.122,13627.82,1989.36,5492.753,13687.65,2042.597,5428.418
13561.68,1983.353,5418.532,13585.15,1950.195,5702.119,13617.6,1980.544,5603.587,13441.38,1976.692,5475.793,13821.33,2022.614,5633.173,13455.07,2012.767,5567.824,13366.29,1973.057,5407.425,13776.07,1984.858,5445.069,13720.84,1977.858,5527.675,13462.68,2009.544,5382.411,13720.4,1963.221,5631.007,13519.41,1969.389,5627.916,13809.41,1979.789,5544.931,13628.22,1989.36,5492.026,13688.19,2042.597,5427.787
13562.39,1983.353,5418.681,13585.81,1950.195,5701.833,13618.2,1980.544,5603.188,13442.08,1976.692,5475.606,13822.01,2022.614,5633.309,13455.78,2012.767,5567.781,13367.01,1973.057,5407.469,13776.51,1984.858,5444.503,13721.22,1977.858,5527.066,13463.4,2009.544,5382.431,13720.99,1963.221,5630.606,13520.13,1969.389,5627.839,13809.62,1979.789,5544.767,13628.57,1989.36,5491.396,13688.64,2042.597,5427.226
13563.22,1983.353,5418.828,13586.57,1950.195,5701.476,13618.91,1980.544,5602.739,13442.88,1976.692,5475.361,13822.81,2022.614,5633.492,13456.63,2012.767,5567.74,13367.85,1973.057,5407.493,13777.01,1984.858,5443.827,13721.66,1977.858,5526.352,13464.24,2009.544,5382.464,13721.69,1963.221,5630.139,13520.96,1969.389,5627.771,13809.85,1979.789,5544.577,13628.96,1989.36,5490.652,13689.15,2042.597,5426.551
13564.09,1983.353,5418.954,13587.36,1950.195,5701.082,13619.67,1980.544,5602.288,13443.73,1976.692,5475.134,13823.64,2022.614,5633.708,13457.5,2012.767,5567.673,13368.73,1973.057,5407.489,13777.52,1984.858,5443.112,13722.13,1977.858,5525.607,13465.12,2009.544,5382.497,13722.43,1963.221,5629.655,13521.84,1969.389,5627.725,13810.1,1979.789,5544.381,13629.37,1989.36,5489.873,13689.65,2042.597,5425.83
13565.12,1983.353,5419.068,13588.27,1950.195,5700.596,13620.57,1980.544,5601.777,13444.74,1976.692,5474.898,13824.61,2022.614,5633.99,13458.54,2012.767,5567.566,13369.77,1973.057,5407.51,13778.11,1984.858,5442.262,13722.65,1977.858,5524.71,13466.15,2009.544,5382.535,13723.3,1963.221,5629.09,13522.88,1969.389,5627.699,13810.38,1979.789,5544.152,13629.88,1989.36,5488.969,13690.31,2042.597,5425.029
13565.65,1983.353,5419.109,13588.75,1950.195,5700.363,13621.04,1980.544,5601.528,13445.26,1976.692,5474.795,13825.1,2022.614,5634.121,13459.06,2012.767,5567.497,13370.3,1973.057,5407.528,13778.41,1984.858,5441.826,13722.9,1977.858,5524.245,13466.68,2009.544,5382.559,13723.74,1963.221,5628.804,13523.41,1969.389,5627.678,13810.53,1979.789,5544.042,13630.16,1989.36,5488.518,13690.63,2042.597,5424.61
13567.01,1983.353,5419.171,13589.99,1950.195,5699.804,13622.25,1980.544,5600.912,13446.6,1976.692,5474.574,13826.39,2022.614,5634.426,13460.4,2012.767,5567.283,13371.66,1973.057,5407.531,13779.17,1984.858,5440.707,13723.5,1977.858,5523.029,13468.04,2009.544,5382.631,13724.89,1963.221,5628.076,13524.77,1969.389,5627.605,13810.91,1979.789,5543.774,13630.91,1989.36,5487.381,13691.43,2042.597,5423.508
13567.85,1983.353,5419.182,13590.77,1950.195,5699.481,13623.01,1980.544,5600.541,13447.44,1976.692,5474.462,13827.19,2022.614,5634.595,13461.23,2012.767,5567.126,13372.5,1973.057,5407.504,13779.65,1984.858,5440.009,13723.87,1977.858,5522.267,13468.88,2009.544,5382.65,13725.6,1963.221,5627.62,13525.61,1969.389,5627.548,13811.15,1979.789,5543.618,13631.37,1989.36,5486.674,13691.9,2042.597,5422.806
13568.91,1983.353,5419.161,13591.76,1950.195,5699.109,13623.96,1980.544,5600.079,13448.5,1976.692,5474.355,13828.2,2022.614,5634.782,13462.27,2012.767,5566.902,13373.55,1973.057,5407.604,13780.24,1984.858,5439.141,13724.3,1977.858,5521.306,13469.94,2009.544,5382.641,13726.49,1963.221,5627.043,13526.67,1969.389,5627.463,13811.45,1979.789,5543.435,13631.95,1989.36,5485.79,13692.46,2042.597,5421.909
13570.01,1983.353,5419.104,13592.8,1950.195,5698.756,13624.95,1980.544,5599.607,13449.59,1976.692,5474.277,13829.26,2022.614,5634.951,13463.33,2012.767,5566.639,13374.65,1973.057,5407.673,13780.86,1984.858,5438.235,13724.73,1977.858,5520.298,13471.04,2009.544,5382.597,13727.4,1963.221,5626.44,13527.76,1969.389,5627.359,13811.76,1979.789,5543.257,13632.55,1989.36,5484.872,13692.96,2042.597,5420.93
13571.1,1983.353,5419.011,13593.85,1950.195,5698.437,13625.94,1980.544,5599.133,13450.69,1976.692,5474.232,13830.31,2022.614,5635.093,13464.39,2012.767,5566.346,13375.75,1973.057,5407.705,13781.47,1984.858,5437.332,13725.14,1977.858,5519.283,13472.13,2009.544,5382.52,13728.31,1963.221,5625.833,13528.85,1969.389,5627.242,13812.08,1979.789,5543.094,13633.15,1989.36,5483.955,13693.49,2042.597,5419.969
