5789,2000,6245.6,5789,2000,6245.6,5789,2000,6245.601,5789,2000,6245.6,5789,2000,6245.6,5789,2000,6245.6,5789,2000,6245.601,5789,2000,6245.6,5789,2000,6245.6,5789,2000,6245.601,5789,2000,6245.6,5789,2000,6245.6,5789,2000,6245.6,5789,2000,6245.601,5789,2000,6245.601
5789.405,2000,6245.7,5789.366,2000,6245.8,5789.31,2000,6245.879,5789.174,2000,6245.979,5789.024,2000,6246.016,5789.208,2000,6245.961,5789.333,2000,6245.85,5789.268,2000,6245.919,5789.342,2000,6245.838,5789.257,2000,6245.929,5789.413,2000,6245.656,5789.389,2000,6245.749,5789.411,2000,6245.668,5789.177,2000,6245.978,5789.126,2000,6245.998
5789.813,2000,6245.786,5789.738,2000,6245.988,5789.616,2000,6246.162,5789.336,2000,6246.362,5789.035,2000,6246.433,5789.404,2000,6246.329,5789.675,2000,6246.089,5789.524,2000,6246.248,5789.691,2000,6246.065,5789.503,2000,6246.265,5789.828,2000,6245.698,5789.783,2000,6245.885,5789.824,2000,6245.723,5789.342,2000,6246.36,5789.24,2000,6246.398
5790.223,2000,6245.859,5790.116,2000,6246.164,5789.922,2000,6246.444,5789.485,2000,6246.751,5789.032,2000,6246.849,5789.588,2000,6246.702,5790.024,2000,6246.316,5789.771,2000,6246.584,5790.048,2000,6246.28,5789.738,2000,6246.609,5790.243,2000,6245.726,5790.181,2000,6246.008,5790.239,2000,6245.765,5789.495,2000,6246.748,5789.341,2000,6246.803
5790.429,2000,6245.889,5790.308,2000,6246.245,5790.075,2000,6246.586,5789.553,2000,6246.948,5789.024,2000,6247.057,5789.674,2000,6246.892,5790.203,2000,6246.424,5789.888,2000,6246.756,5790.23,2000,6246.382,5789.85,2000,6246.785,5790.451,2000,6245.733,5790.382,2000,6246.063,5790.447,2000,6245.778,5789.564,2000,6246.944,5789.384,2000,6247.006
5790.636,2000,6245.912,5790.502,2000,6246.32,5790.228,2000,6246.728,5789.615,2000,6247.147,5789.009,2000,6247.265,5789.754,2000,6247.084,5790.384,2000,6246.526,5790,2000,6246.932,5790.415,2000,6246.478,5789.956,2000,6246.964,5790.66,2000,6245.734,5790.585,2000,6246.111,5790.655,2000,6245.785,5789.628,2000,6247.143,5789.421,2000,6247.211
5790.843,2000,6245.928,5790.699,2000,6246.389,5790.381,2000,6246.869,5789.67,2000,6247.348,5788.987,2000,6247.472,5789.827,2000,6247.279,5790.569,2000,6246.622,5790.105,2000,6247.111,5790.603,2000,6246.567,5790.056,2000,6247.147,5790.868,2000,6245.728,5790.789,2000,6246.153,5790.863,2000,6245.785,5789.685,2000,6247.343,5789.451,2000,6247.417
5791.051,2000,6245.937,5790.897,2000,6246.452,5790.534,2000,6247.011,5789.718,2000,6247.551,5788.958,2000,6247.679,5789.894,2000,6247.477,5790.757,2000,6246.712,5790.206,2000,6247.293,5790.794,2000,6246.65,5790.15,2000,6247.333,5791.076,2000,6245.714,5790.995,2000,6246.188,5791.071,2000,6245.779,5789.735,2000,6247.545,5789.475,2000,6247.625
5791.26,2000,6245.939,5791.098,2000,6246.507,5790.687,2000,6247.152,5789.76,2000,6247.755,5788.923,2000,6247.884,5789.955,2000,6247.676,5790.948,2000,6246.795,5790.299,2000,6247.479,5790.987,2000,6246.728,5790.238,2000,6247.522,5791.283,2000,6245.694,5791.201,2000,6246.216,5791.279,2000,6245.766,5789.778,2000,6247.749,5789.491,2000,6247.832
5791.468,2000,6245.935,5791.301,2000,6246.557,5790.839,2000,6247.294,5789.795,2000,6247.96,5788.881,2000,6248.088,5790.008,2000,6247.877,5791.142,2000,6246.873,5790.387,2000,6247.668,5791.183,2000,6246.798,5790.319,2000,6247.714,5791.49,2000,6245.667,5791.408,2000,6246.238,5791.487,2000,6245.746,5789.815,2000,6247.954,5789.501,2000,6248.04
5791.676,2000,6245.924,5791.505,2000,6246.599,5790.992,2000,6247.436,5789.824,2000,6248.167,5788.832,2000,6248.291,5790.056,2000,6248.08,5791.337,2000,6246.943,5790.469,2000,6247.86,5791.381,2000,6246.863,5790.395,2000,6247.908,5791.695,2000,6245.634,5791.616,2000,6246.252,5791.693,2000,6245.719,5789.845,2000,6248.16,5789.504,2000,6248.249
5791.884,2000,6245.906,5791.71,2000,6246.635,5791.145,2000,6247.577,5789.845,2000,6248.374,5788.777,2000,6248.491,5790.096,2000,6248.284,5791.536,2000,6247.008,5790.544,2000,6248.055,5791.582,2000,6246.92,5790.463,2000,6248.105,5791.9,2000,6245.594,5791.824,2000,6246.26,5791.899,2000,6245.685,5789.869,2000,6248.367,5789.5,2000,6248.457
5792.091,2000,6245.881,5791.916,2000,6246.665,5791.298,2000,6247.719,5789.86,2000,6248.582,5788.715,2000,6248.69,5790.13,2000,6248.49,5791.736,2000,6247.066,5790.613,2000,6248.251,5791.784,2000,6246.972,5790.526,2000,6248.304,5792.103,2000,6245.547,5792.033,2000,6246.261,5792.104,2000,6245.645,5789.885,2000,6248.575,5789.489,2000,6248.665
5792.297,2000,6245.85,5792.123,2000,6246.687,5791.451,2000,6247.86,5789.868,2000,6248.79,5788.646,2000,6248.887,5790.157,2000,6248.696,5791.938,2000,6247.117,5790.675,2000,6248.45,5791.987,2000,6247.016,5790.582,2000,6248.504,5792.304,2000,6245.494,5792.241,2000,6246.255,5792.307,2000,6245.598,5789.895,2000,6248.783,5789.472,2000,6248.873
5792.501,2000,6245.812,5792.331,2000,6246.703,5791.604,2000,6248.002,5789.869,2000,6248.999,5788.572,2000,6249.081,5790.178,2000,6248.904,5792.141,2000,6247.162,5790.731,2000,6248.651,5792.192,2000,6247.054,5790.631,2000,6248.707,5792.504,2000,6245.434,5792.449,2000,6246.243,5792.508,2000,6245.544,5789.898,2000,6248.991,5789.447,2000,6249.08
5792.705,2000,6245.767,5792.539,2000,6246.711,5791.756,2000,6248.144,5789.863,2000,6249.207,5788.491,2000,6249.273,5790.191,2000,6249.112,5792.346,2000,6247.2,5790.78,2000,6248.854,5792.398,2000,6247.085,5790.674,2000,6248.911,5792.701,2000,6245.368,5792.657,2000,6246.223,5792.707,2000,6245.484,5789.894,2000,6249.2,5789.416,2000,6249.286
5792.907,2000,6245.715,5792.747,2000,6246.713,5791.909,2000,6248.285,5789.851,2000,6249.415,5788.403,2000,6249.462,5790.198,2000,6249.32,5792.552,2000,6247.231,5790.823,2000,6249.058,5792.605,2000,6247.11,5790.71,2000,6249.116,5792.896,2000,6245.295,5792.863,2000,6246.197,5792.904,2000,6245.417,5789.883,2000,6249.408,5789.378,2000,6249.491
5793.107,2000,6245.657,5792.956,2000,6246.708,5792.062,2000,6248.427,5789.832,2000,6249.623,5788.31,2000,6249.648,5790.198,2000,6249.528,5792.759,2000,6247.256,5790.859,2000,6249.263,5792.813,2000,6247.127,5790.739,2000,6249.322,5793.089,2000,6245.216,5793.069,2000,6246.165,5793.099,2000,6245.344,5789.866,2000,6249.615,5789.334,2000,6249.694
5793.305,2000,6245.593,5793.164,2000,6246.697,5792.215,2000,6248.568,5789.806,2000,6249.829,5788.21,2000,6249.831,5790.191,2000,6249.736,5792.966,2000,6247.28,5790.895,2000,6249.468,5793.021,2000,6247.138,5790.762,2000,6249.529,5793.279,2000,6245.13,5793.273,2000,6246.125,5793.292,2000,6245.264,5789.841,2000,6249.822,5789.283,2000,6249.896
5793.501,2000,6245.522,5793.371,2000,6246.678,5792.368,2000,6248.71,5789.773,2000,6250.035,5788.105,2000,6250.011,5790.178,2000,6249.944,5793.173,2000,6247.304,5790.931,2000,6249.673,5793.229,2000,6247.142,5790.777,2000,6249.737,5793.466,2000,6245.039,5793.477,2000,6246.079,5793.481,2000,6245.178,5789.81,2000,6250.028,5789.225,2000,6250.097
5793.694,2000,6245.445,5793.578,2000,6246.653,5792.52,2000,6248.852,5789.734,2000,6250.239,5787.994,2000,6250.187,5790.157,2000,6250.152,5793.379,2000,6247.33,5790.969,2000,6249.878,5793.438,2000,6247.139,5790.786,2000,6249.945,5793.65,2000,6244.941,5793.678,2000,6246.026,5793.668,2000,6245.086,5789.772,2000,6250.233,5789.161,2000,6250.295
5793.885,2000,6245.361,5793.784,2000,6246.621,5792.672,2000,6248.994,5789.688,2000,6250.442,5787.877,2000,6250.359,5790.13,2000,6250.358,5793.586,2000,6247.356,5791.008,2000,6250.083,5793.646,2000,6247.129,5790.788,2000,6250.153,5793.831,2000,6244.837,5793.878,2000,6245.966,5793.853,2000,6244.988,5789.728,2000,6250.437,5789.09,2000,6250.491
5794.073,2000,6245.271,5793.989,2000,6246.583,5792.825,2000,6249.136,5789.635,2000,6250.644,5787.754,2000,6250.528,5790.096,2000,6250.564,5793.792,2000,6247.383,5791.048,2000,6250.287,5793.854,2000,6247.113,5790.783,2000,6250.362,5794.008,2000,6244.728,5794.076,2000,6245.9,5794.033,2000,6244.884,5789.677,2000,6250.639,5789.013,2000,6250.684
5794.258,2000,6245.175,5794.192,2000,6246.537,5792.977,2000,6249.278,5789.576,2000,6250.844,5787.626,2000,6250.692,5790.055,2000,6250.768,5793.999,2000,6247.412,5791.089,2000,6250.491,5794.061,2000,6247.089,5790.771,2000,6250.57,5794.182,2000,6244.613,5794.271,2000,6245.828,5794.21,2000,6244.774,5789.619,2000,6250.839,5788.93,2000,6250.875
5794.44,2000,6245.073,5794.394,2000,6246.485,5793.129,2000,6249.42,5789.51,2000,6251.042,5787.493,2000,6250.853,5790.008,2000,6250.971,5794.205,2000,6247.441,5791.131,2000,6250.695,5794.267,2000,6247.06,5790.753,2000,6250.777,5794.351,2000,6244.492,5794.464,2000,6245.75,5794.384,2000,6244.659,5789.555,2000,6251.038,5788.84,2000,6251.063
5794.618,2000,6244.965,5794.593,2000,6246.427,5793.282,2000,6249.563,5789.438,2000,6251.237,5787.355,2000,6251.008,5789.954,2000,6251.172,5794.411,2000,6247.471,5791.174,2000,6250.899,5794.472,2000,6247.023,5790.728,2000,6250.984,5794.517,2000,6244.365,5794.654,2000,6245.665,5794.553,2000,6244.538,5789.484,2000,6251.233,5788.745,2000,6251.248
5794.793,2000,6244.852,5794.791,2000,6246.362,5793.434,2000,6249.705,5789.359,2000,6251.43,5787.211,2000,6251.159,5789.893,2000,6251.371,5794.617,2000,6247.502,5791.218,2000,6251.103,5794.675,2000,6246.979,5790.696,2000,6251.19,5794.678,2000,6244.233,5794.842,2000,6245.573,5794.719,2000,6244.411,5789.407,2000,6251.427,5788.643,2000,6251.43
5794.964,2000,6244.732,5794.987,2000,6246.291,5793.586,2000,6249.847,5789.274,2000,6251.62,5787.063,2000,6251.306,5789.826,2000,6251.568,5794.823,2000,6247.534,5791.262,2000,6251.307,5794.877,2000,6246.929,5790.658,2000,6251.395,5794.835,2000,6244.097,5795.026,2000,6245.476,5794.88,2000,6244.279,5789.324,2000,6251.618,5788.536,2000,6251.608
5795.131,2000,6244.607,5795.18,2000,6246.212,5793.739,2000,6249.989,5789.184,2000,6251.808,5786.91,2000,6251.447,5789.753,2000,6251.763,5795.029,2000,6247.567,5791.308,2000,6251.51,5795.079,2000,6246.875,5790.616,2000,6251.599,5794.988,2000,6243.955,5795.207,2000,6245.373,5795.037,2000,6244.142,5789.234,2000,6251.806,5788.422,2000,6251.783
5795.293,2000,6244.477,5795.371,2000,6246.128,5793.891,2000,6250.131,5789.086,2000,6251.992,5786.752,2000,6251.583,5789.673,2000,6251.956,5795.234,2000,6247.6,5791.354,2000,6251.713,5795.28,2000,6246.821,5790.574,2000,6251.803,5795.135,2000,6243.808,5795.384,2000,6245.264,5795.189,2000,6244,5789.139,2000,6251.991,5788.303,2000,6251.954
5795.452,2000,6244.342,5795.558,2000,6246.038,5794.043,2000,6250.273,5788.983,2000,6252.173,5786.59,2000,6251.714,5789.587,2000,6252.146,5795.44,2000,6247.634,5791.4,2000,6251.916,5795.481,2000,6246.768,5790.533,2000,6252.007,5795.278,2000,6243.656,5795.558,2000,6245.149,5795.336,2000,6243.853,5789.037,2000,6252.172,5788.179,2000,6252.121
5795.605,2000,6244.201,5795.743,2000,6245.941,5794.196,2000,6250.415,5788.875,2000,6252.351,5786.424,2000,6251.84,5789.495,2000,6252.333,5795.646,2000,6247.669,5791.447,2000,6252.119,5795.683,2000,6246.715,5790.493,2000,6252.212,5795.416,2000,6243.5,5795.728,2000,6245.029,5795.479,2000,6243.701,5788.93,2000,6252.351,5788.049,2000,6252.284
5795.754,2000,6244.056,5795.924,2000,6245.839,5794.348,2000,6250.557,5788.76,2000,6252.524,5786.254,2000,6251.96,5789.397,2000,6252.516,5795.851,2000,6247.704,5791.495,2000,6252.322,5795.884,2000,6246.664,5790.454,2000,6252.417,5795.548,2000,6243.339,5795.894,2000,6244.903,5795.617,2000,6243.545,5788.816,2000,6252.525,5787.914,2000,6252.442
5795.898,2000,6243.905,5796.102,2000,6245.73,5794.5,2000,6250.699,5788.64,2000,6252.694,5786.081,2000,6252.075,5789.293,2000,6252.696,5796.056,2000,6247.74,5791.543,2000,6252.524,5796.086,2000,6246.613,5790.416,2000,6252.621,5795.676,2000,6243.174,5796.056,2000,6244.771,5795.749,2000,6243.384,5788.697,2000,6252.696,5787.773,2000,6252.597
5796.038,2000,6243.75,5796.276,2000,6245.616,5794.653,2000,6250.841,5788.514,2000,6252.86,5785.903,2000,6252.184,5789.186,2000,6252.875,5796.261,2000,6247.776,5791.592,2000,6252.727,5796.289,2000,6246.563,5790.379,2000,6252.826,5795.797,2000,6243.005,5796.213,2000,6244.635,5795.876,2000,6243.219,5788.573,2000,6252.863,5787.628,2000,6252.746
5796.172,2000,6243.591,5796.45,2000,6245.5,5794.805,2000,6250.983,5788.382,2000,6253.022,5785.722,2000,6252.287,5789.078,2000,6253.053,5796.466,2000,6247.813,5791.642,2000,6252.929,5796.491,2000,6246.514,5790.343,2000,6253.031,5795.914,2000,6242.832,5796.366,2000,6244.493,5795.998,2000,6243.049,5788.443,2000,6253.026,5787.479,2000,6252.891
5796.301,2000,6243.428,5796.623,2000,6245.385,5794.958,2000,6251.125,5788.246,2000,6253.179,5785.537,2000,6252.384,5788.971,2000,6253.231,5796.671,2000,6247.85,5791.691,2000,6253.131,5796.694,2000,6246.466,5790.308,2000,6253.237,5796.024,2000,6242.655,5796.514,2000,6244.347,5796.113,2000,6242.876,5788.308,2000,6253.185,5787.324,2000,6253.03
5796.424,2000,6243.26,5796.796,2000,6245.269,5795.11,2000,6251.268,5788.104,2000,6253.332,5785.35,2000,6252.475,5788.863,2000,6253.41,5796.876,2000,6247.887,5791.742,2000,6253.333,5796.897,2000,6246.419,5790.273,2000,6253.442,5796.128,2000,6242.475,5796.657,2000,6244.195,5796.224,2000,6242.7,5788.167,2000,6253.339,5787.165,2000,6253.165
5796.542,2000,6243.088,5796.97,2000,6245.153,5795.262,2000,6251.41,5787.958,2000,6253.48,5785.159,2000,6252.559,5788.756,2000,6253.589,5797.081,2000,6247.925,5791.792,2000,6253.536,5797.1,2000,6246.373,5790.24,2000,6253.648,5796.227,2000,6242.292,5796.795,2000,6244.04,5796.328,2000,6242.52,5788.022,2000,6253.489,5787.001,2000,6253.294
5796.654,2000,6242.912,5797.143,2000,6245.038,5795.415,2000,6251.552,5787.807,2000,6253.623,5784.966,2000,6252.638,5788.65,2000,6253.768,5797.286,2000,6247.964,5791.844,2000,6253.738,5797.303,2000,6246.328,5790.208,2000,6253.854,5796.32,2000,6242.105,5796.929,2000,6243.88,5796.427,2000,6242.336,5787.873,2000,6253.633,5786.833,2000,6253.417
5796.761,2000,6242.733,5797.317,2000,6244.922,5795.567,2000,6251.694,5787.651,2000,6253.761,5784.771,2000,6252.71,5788.544,2000,6253.948,5797.49,2000,6248.003,5791.896,2000,6253.939,5797.507,2000,6246.283,5790.176,2000,6254.06,5796.406,2000,6241.916,5797.062,2000,6243.72,5796.519,2000,6242.149,5787.721,2000,6253.776,5786.662,2000,6253.536
5796.861,2000,6242.55,5797.491,2000,6244.808,5795.719,2000,6251.836,5787.491,2000,6253.895,5784.573,2000,6252.775,5788.439,2000,6254.128,5797.695,2000,6248.042,5791.948,2000,6254.141,5797.71,2000,6246.239,5790.145,2000,6254.266,5796.486,2000,6241.723,5797.194,2000,6243.559,5796.605,2000,6241.96,5787.569,2000,6253.918,5786.487,2000,6253.648
5796.956,2000,6242.365,5797.665,2000,6244.693,5795.872,2000,6251.978,5787.326,2000,6254.022,5784.374,2000,6252.834,5788.335,2000,6254.308,5797.899,2000,6248.082,5792,2000,6254.343,5797.914,2000,6246.195,5790.114,2000,6254.472,5796.56,2000,6241.528,5797.326,2000,6243.398,5796.686,2000,6241.768,5787.417,2000,6254.061,5786.308,2000,6253.755
5797.045,2000,6242.177,5797.839,2000,6244.58,5796.024,2000,6252.12,5787.158,2000,6254.145,5784.172,2000,6252.887,5788.231,2000,6254.489,5798.104,2000,6248.122,5792.053,2000,6254.544,5798.118,2000,6246.152,5790.084,2000,6254.678,5796.627,2000,6241.331,5797.457,2000,6243.236,5796.759,2000,6241.573,5787.266,2000,6254.204,5786.126,2000,6253.855
5797.134,2000,6241.988,5798.014,2000,6244.466,5796.176,2000,6252.262,5786.985,2000,6254.262,5783.969,2000,6252.933,5788.128,2000,6254.67,5798.309,2000,6248.163,5792.106,2000,6254.746,5798.322,2000,6246.11,5790.055,2000,6254.884,5796.688,2000,6241.132,5797.588,2000,6243.075,5796.827,2000,6241.375,5787.114,2000,6254.347,5785.94,2000,6253.95
5797.222,2000,6241.799,5798.189,2000,6244.353,5796.329,2000,6252.404,5786.809,2000,6254.373,5783.764,2000,6252.972,5788.025,2000,6254.851,5798.513,2000,6248.203,5792.16,2000,6254.947,5798.526,2000,6246.068,5790.026,2000,6255.09,5796.743,2000,6240.931,5797.72,2000,6242.913,5796.887,2000,6241.176,5786.963,2000,6254.49,5785.752,2000,6254.039
5797.35,2000,6241.519,5798.448,2000,6244.186,5796.554,2000,6252.614,5786.543,2000,6254.528,5783.459,2000,6253.021,5787.874,2000,6255.12,5798.815,2000,6248.264,5792.239,2000,6255.245,5798.829,2000,6246.006,5789.984,2000,6255.396,5796.814,2000,6240.63,5797.914,2000,6242.673,5796.967,2000,6240.878,5786.739,2000,6254.702,5785.469,2000,6254.161
5797.48,2000,6241.23,5798.715,2000,6244.016,5796.786,2000,6252.83,5786.266,2000,6254.681,5783.146,2000,6253.06,5787.719,2000,6255.396,5799.125,2000,6248.327,5792.322,2000,6255.551,5799.139,2000,6245.944,5789.942,2000,6255.709,5796.876,2000,6240.32,5798.113,2000,6242.428,5797.04,2000,6240.571,5786.509,2000,6254.919,5785.174,2000,6254.277
5797.572,2000,6241.022,5798.907,2000,6243.894,5796.952,2000,6252.985,5786.065,2000,6254.789,5782.919,2000,6253.083,5787.608,2000,6255.594,5799.348,2000,6248.373,5792.381,2000,6255.771,5799.362,2000,6245.9,5789.912,2000,6255.935,5796.914,2000,6240.096,5798.257,2000,6242.251,5797.089,2000,6240.349,5786.344,2000,6255.076,5784.96,2000,6254.353
5797.736,2000,6240.65,5799.251,2000,6243.676,5797.25,2000,6253.262,5785.707,2000,6254.979,5782.514,2000,6253.12,5787.41,2000,6255.95,5799.746,2000,6248.455,5792.488,2000,6256.163,5799.761,2000,6245.822,5789.859,2000,6256.338,5796.968,2000,6239.693,5798.513,2000,6241.935,5797.174,2000,6239.951,5786.048,2000,6255.354,5784.574,2000,6254.479
5797.821,2000,6240.455,5799.432,2000,6243.563,5797.406,2000,6253.408,5785.518,2000,6255.078,5782.302,2000,6253.136,5787.307,2000,6256.136,5799.955,2000,6248.499,5792.545,2000,6256.368,5799.971,2000,6245.782,5789.832,2000,6256.549,5796.99,2000,6239.481,5798.647,2000,6241.77,5797.215,2000,6239.742,5785.893,2000,6255.5,5784.37,2000,6254.542
5797.972,2000,6240.105,5799.754,2000,6243.361,5797.684,2000,6253.667,5785.179,2000,6255.252,5781.922,2000,6253.161,5787.123,2000,6256.47,5800.327,2000,6248.578,5792.646,2000,6256.735,5800.345,2000,6245.711,5789.784,2000,6256.927,5797.016,2000,6239.101,5798.887,2000,6241.474,5797.287,2000,6239.368,5785.615,2000,6255.761,5784.005,2000,6254.651
5798.054,2000,6239.914,5799.931,2000,6243.25,5797.836,2000,6253.81,5784.993,2000,6255.346,5781.714,2000,6253.172,5787.022,2000,6256.652,5800.531,2000,6248.621,5792.702,2000,6256.936,5800.549,2000,6245.672,5789.758,2000,6257.134,5797.023,2000,6238.893,5799.018,2000,6241.312,5797.324,2000,6239.163,5785.463,2000,6255.904,5783.805,2000,6254.708
5798.194,2000,6239.584,5800.236,2000,6243.061,5798.099,2000,6254.054,5784.673,2000,6255.507,5781.355,2000,6253.188,5786.849,2000,6256.967,5800.881,2000,6248.696,5792.799,2000,6257.282,5800.902,2000,6245.606,5789.713,2000,6257.49,5797.026,2000,6238.534,5799.244,2000,6241.033,5797.387,2000,6238.809,5785.201,2000,6256.149,5783.459,2000,6254.803
5798.275,2000,6239.392,5800.413,2000,6242.951,5798.251,2000,6254.196,5784.486,2000,6255.6,5781.147,2000,6253.195,5786.749,2000,6257.149,5801.085,2000,6248.74,5792.855,2000,6257.482,5801.106,2000,6245.568,5789.688,2000,6257.696,5797.024,2000,6238.326,5799.375,2000,6240.871,5797.421,2000,6238.604,5785.048,2000,6256.291,5783.258,2000,6254.856
5798.405,2000,6239.082,5800.698,2000,6242.773,5798.497,2000,6254.426,5784.185,2000,6255.749,5780.812,2000,6253.204,5786.587,2000,6257.444,5801.414,2000,6248.812,5792.947,2000,6257.806,5801.437,2000,6245.507,5789.647,2000,6258.03,5797.018,2000,6237.99,5799.586,2000,6240.609,5797.476,2000,6238.272,5784.802,2000,6256.52,5782.932,2000,6254.94
5798.484,2000,6238.89,5800.875,2000,6242.664,5798.649,2000,6254.568,5783.998,2000,6255.841,5780.603,2000,6253.207,5786.487,2000,6257.627,5801.617,2000,6248.856,5793.004,2000,6258.006,5801.642,2000,6245.47,5789.623,2000,6258.237,5797.011,2000,6237.782,5799.717,2000,6240.447,5797.508,2000,6238.066,5784.649,2000,6256.662,5782.73,2000,6254.99
5798.604,2000,6238.598,5801.144,2000,6242.498,5798.88,2000,6254.783,5783.714,2000,6255.979,5780.287,2000,6253.21,5786.336,2000,6257.904,5801.926,2000,6248.924,5793.09,2000,6258.31,5801.953,2000,6245.413,5789.585,2000,6258.551,5796.997,2000,6237.466,5799.915,2000,6240.202,5797.556,2000,6237.754,5784.418,2000,6256.876,5782.423,2000,6255.063
5798.693,2000,6238.381,5801.343,2000,6242.375,5799.051,2000,6254.943,5783.503,2000,6256.082,5780.053,2000,6253.21,5786.224,2000,6258.109,5802.154,2000,6248.975,5793.155,2000,6258.535,5802.183,2000,6245.371,5789.558,2000,6258.783,5796.984,2000,6237.232,5800.062,2000,6240.02,5797.59,2000,6237.522,5784.246,2000,6257.036,5782.195,2000,6255.116
5798.771,2000,6238.188,5801.521,2000,6242.265,5799.204,2000,6255.085,5783.316,2000,6256.172,5779.844,2000,6253.208,5786.124,2000,6258.292,5802.357,2000,6249.02,5793.212,2000,6258.735,5802.388,2000,6245.334,5789.533,2000,6258.99,5796.97,2000,6237.024,5800.193,2000,6239.857,5797.619,2000,6237.316,5784.093,2000,6257.177,5781.992,2000,6255.162
5798.887,2000,6237.9,5801.785,2000,6242.102,5799.431,2000,6255.297,5783.036,2000,6256.306,5779.534,2000,6253.205,5785.975,2000,6258.564,5802.66,2000,6249.088,5793.299,2000,6259.034,5802.694,2000,6245.279,5789.497,2000,6259.298,5796.948,2000,6236.715,5800.388,2000,6239.616,5797.661,2000,6237.008,5783.865,2000,6257.388,5781.688,2000,6255.229
5798.967,2000,6237.701,5801.967,2000,6241.99,5799.587,2000,6255.443,5782.843,2000,6256.398,5779.319,2000,6253.201,5785.872,2000,6258.752,5802.869,2000,6249.135,5793.358,2000,6259.24,5802.905,2000,6245.241,5789.472,2000,6259.511,5796.93,2000,6236.501,5800.522,2000,6239.449,5797.689,2000,6236.796,5783.708,2000,6257.533,5781.479,2000,6255.273
5799.044,2000,6237.508,5802.145,2000,6241.88,5799.74,2000,6255.585,5782.655,2000,6256.488,5779.111,2000,6253.195,5785.772,2000,6258.936,5803.072,2000,6249.181,5793.417,2000,6259.44,5803.11,2000,6245.205,5789.448,2000,6259.718,5796.911,2000,6236.294,5800.652,2000,6239.286,5797.715,2000,6236.589,5783.554,2000,6257.674,5781.275,2000,6255.316
5799.125,2000,6237.303,5802.333,2000,6241.765,5799.901,2000,6255.736,5782.455,2000,6256.582,5778.89,2000,6253.188,5785.667,2000,6259.129,5803.288,2000,6249.229,5793.479,2000,6259.652,5803.327,2000,6245.166,5789.423,2000,6259.938,5796.889,2000,6236.074,5800.791,2000,6239.114,5797.742,2000,6236.37,5783.392,2000,6257.823,5781.059,2000,6255.36
5799.201,2000,6237.109,5802.51,2000,6241.656,5800.053,2000,6255.878,5782.267,2000,6256.671,5778.682,2000,6253.181,5785.567,2000,6259.313,5803.491,2000,6249.276,5793.537,2000,6259.852,5803.532,2000,6245.13,5789.4,2000,6260.145,5796.868,2000,6235.867,5800.921,2000,6238.951,5797.767,2000,6236.163,5783.238,2000,6257.964,5780.854,2000,6255.4
5799.277,2000,6236.915,5802.688,2000,6241.547,5800.206,2000,6256.02,5782.078,2000,6256.759,5778.474,2000,6253.173,5785.468,2000,6259.496,5803.694,2000,6249.322,5793.596,2000,6260.051,5803.737,2000,6245.094,5789.376,2000,6260.352,5796.845,2000,6235.66,5801.051,2000,6238.789,5797.791,2000,6235.956,5783.084,2000,6258.104,5780.65,2000,6255.44
5799.353,2000,6236.721,5802.866,2000,6241.438,5800.358,2000,6256.162,5781.89,2000,6256.848,5778.266,2000,6253.164,5785.368,2000,6259.679,5803.897,2000,6249.369,5793.655,2000,6260.251,5803.942,2000,6245.058,5789.353,2000,6260.559,5796.821,2000,6235.453,5801.181,2000,6238.626,5797.814,2000,6235.749,5782.931,2000,6258.245,5780.445,2000,6255.479
5799.428,2000,6236.526,5803.043,2000,6241.329,5800.51,2000,6256.304,5781.701,2000,6256.936,5778.058,2000,6253.153,5785.269,2000,6259.862,5804.1,2000,6249.416,5793.714,2000,6260.451,5804.147,2000,6245.021,5789.33,2000,6260.766,5796.796,2000,6235.246,5801.311,2000,6238.463,5797.837,2000,6235.542,5782.777,2000,6258.386,5780.241,2000,6255.517
5799.503,2000,6236.332,5803.221,2000,6241.22,5800.663,2000,6256.446,5781.512,2000,6257.023,5777.85,2000,6253.142,5785.169,2000,6260.045,5804.303,2000,6249.462,5793.773,2000,6260.65,5804.353,2000,6244.986,5789.307,2000,6260.973,5796.77,2000,6235.04,5801.441,2000,6238.3,5797.859,2000,6235.335,5782.623,2000,6258.526,5780.036,2000,6255.555
5799.578,2000,6236.138,5803.399,2000,6241.111,5800.815,2000,6256.588,5781.323,2000,6257.111,5777.642,2000,6253.13,5785.069,2000,6260.228,5804.506,2000,6249.509,5793.833,2000,6260.85,5804.558,2000,6244.95,5789.284,2000,6261.18,5796.742,2000,6234.833,5801.571,2000,6238.137,5797.88,2000,6235.128,5782.469,2000,6258.667,5779.831,2000,6255.591
5799.652,2000,6235.943,5803.577,2000,6241.002,5800.967,2000,6256.73,5781.134,2000,6257.198,5777.434,2000,6253.117,5784.97,2000,6260.411,5804.709,2000,6249.556,5793.892,2000,6261.05,5804.763,2000,6244.915,5789.261,2000,6261.387,5796.714,2000,6234.626,5801.701,2000,6237.974,5797.901,2000,6234.92,5782.315,2000,6258.807,5779.625,2000,6255.627
5799.727,2000,6235.748,5803.754,2000,6240.894,5801.12,2000,6256.873,5780.944,2000,6257.285,5777.226,2000,6253.103,5784.871,2000,6260.594,5804.913,2000,6249.604,5793.952,2000,6261.25,5804.968,2000,6244.879,5789.238,2000,6261.594,5796.685,2000,6234.42,5801.831,2000,6237.811,5797.921,2000,6234.713,5782.162,2000,6258.947,5779.42,2000,6255.663
5799.8,2000,6235.553,5803.932,2000,6240.785,5801.272,2000,6257.015,5780.755,2000,6257.372,5777.018,2000,6253.087,5784.772,2000,6260.777,5805.116,2000,6249.651,5794.011,2000,6261.449,5805.173,2000,6244.844,5789.215,2000,6261.801,5796.654,2000,6234.214,5801.96,2000,6237.648,5797.94,2000,6234.505,5782.007,2000,6259.087,5779.215,2000,6255.697
5799.874,2000,6235.358,5804.11,2000,6240.676,5801.424,2000,6257.157,5780.565,2000,6257.459,5776.811,2000,6253.072,5784.673,2000,6260.96,5805.318,2000,6249.698,5794.071,2000,6261.649,5805.378,2000,6244.809,5789.193,2000,6262.008,5796.623,2000,6234.008,5802.089,2000,6237.485,5797.959,2000,6234.298,5781.853,2000,6259.228,5779.009,2000,6255.731
5799.947,2000,6235.164,5804.288,2000,6240.567,5801.577,2000,6257.299,5780.376,2000,6257.545,5776.603,2000,6253.055,5784.574,2000,6261.144,5805.521,2000,6249.746,5794.131,2000,6261.849,5805.584,2000,6244.773,5789.17,2000,6262.215,5796.591,2000,6233.802,5802.219,2000,6237.322,5797.978,2000,6234.09,5781.699,2000,6259.368,5778.804,2000,6255.765
5800.088,2000,6234.788,5804.63,2000,6240.357,5801.87,2000,6257.573,5780.01,2000,6257.712,5776.203,2000,6253.021,5784.382,2000,6261.497,5805.912,2000,6249.838,5794.248,2000,6262.233,5805.98,2000,6244.706,5789.127,2000,6262.614,5796.527,2000,6233.406,5802.468,2000,6237.007,5798.012,2000,6233.69,5781.401,2000,6259.638,5778.407,2000,6255.829
5800.177,2000,6234.548,5804.849,2000,6240.224,5802.057,2000,6257.748,5779.777,2000,6257.817,5775.948,2000,6252.998,5784.261,2000,6261.722,5806.161,2000,6249.897,5794.322,2000,6262.479,5806.232,2000,6244.663,5789.1,2000,6262.869,5796.485,2000,6233.153,5802.627,2000,6236.806,5798.033,2000,6233.435,5781.211,2000,6259.81,5778.154,2000,6255.868
5800.392,2000,6233.964,5805.379,2000,6239.9,5802.512,2000,6258.172,5779.21,2000,6258.073,5775.329,2000,6252.938,5783.965,2000,6262.269,5806.766,2000,6250.041,5794.502,2000,6263.074,5806.846,2000,6244.559,5789.034,2000,6263.487,5796.378,2000,6232.541,5803.013,2000,6236.318,5798.081,2000,6232.814,5780.75,2000,6260.227,5777.54,2000,6255.961
5800.507,2000,6233.649,5805.666,2000,6239.725,5802.757,2000,6258.401,5778.903,2000,6258.21,5774.995,2000,6252.903,5783.805,2000,6262.564,5807.093,2000,6250.119,5794.601,2000,6263.395,5807.177,2000,6244.503,5788.999,2000,6263.821,5796.317,2000,6232.21,5803.221,2000,6236.055,5798.104,2000,6232.479,5780.5,2000,6260.452,5777.207,2000,6256.009
5800.731,2000,6233.031,5806.227,2000,6239.383,5803.238,2000,6258.85,5778.303,2000,6258.478,5774.341,2000,6252.83,5783.493,2000,6263.142,5807.732,2000,6250.272,5794.793,2000,6264.023,5807.825,2000,6244.395,5788.931,2000,6264.475,5796.194,2000,6231.565,5803.627,2000,6235.539,5798.148,2000,6231.824,5780.012,2000,6260.892,5776.556,2000,6256.1
5800.918,2000,6232.512,5806.698,2000,6239.096,5803.641,2000,6259.226,5777.799,2000,6258.701,5773.793,2000,6252.763,5783.231,2000,6263.628,5808.268,2000,6250.402,5794.956,2000,6264.551,5808.369,2000,6244.305,5788.875,2000,6265.024,5796.085,2000,6231.024,5803.968,2000,6235.105,5798.182,2000,6231.273,5779.602,2000,6261.261,5776.009,2000,6256.173
5801.163,2000,6231.825,5807.321,2000,6238.716,5804.174,2000,6259.724,5777.131,2000,6258.995,5773.07,2000,6252.669,5782.886,2000,6264.271,5808.977,2000,6250.574,5795.172,2000,6265.248,5809.089,2000,6244.186,5788.801,2000,6265.75,5795.936,2000,6230.31,5804.419,2000,6234.531,5798.222,2000,6230.544,5779.059,2000,6261.748,5775.286,2000,6256.265
5801.378,2000,6231.214,5807.874,2000,6238.38,5804.647,2000,6260.166,5776.538,2000,6259.253,5772.429,2000,6252.579,5782.579,2000,6264.84,5809.605,2000,6250.729,5795.365,2000,6265.865,5809.728,2000,6244.082,5788.736,2000,6266.394,5795.796,2000,6229.678,5804.818,2000,6234.021,5798.253,2000,6229.898,5778.577,2000,6262.18,5774.643,2000,6256.343
5801.656,2000,6230.418,5808.595,2000,6237.941,5805.264,2000,6260.742,5775.763,2000,6259.589,5771.594,2000,6252.456,5782.18,2000,6265.584,5810.425,2000,6250.931,5795.618,2000,6266.67,5810.561,2000,6243.946,5788.653,2000,6267.233,5795.608,2000,6228.855,5805.337,2000,6233.356,5798.29,2000,6229.055,5777.948,2000,6262.742,5773.805,2000,6256.439
5801.925,2000,6229.639,5809.299,2000,6237.513,5805.867,2000,6261.304,5775.006,2000,6259.915,5770.779,2000,6252.327,5781.791,2000,6266.311,5811.225,2000,6251.129,5795.867,2000,6267.457,5811.375,2000,6243.814,5788.573,2000,6268.054,5795.416,2000,6228.054,5805.844,2000,6232.706,5798.32,2000,6228.231,5777.333,2000,6263.291,5772.985,2000,6256.529
5802.148,2000,6228.987,5809.888,2000,6237.156,5806.371,2000,6261.774,5774.372,2000,6260.185,5770.1,2000,6252.212,5781.465,2000,6266.918,5811.894,2000,6251.296,5796.076,2000,6268.113,5812.055,2000,6243.706,5788.507,2000,6268.74,5795.25,2000,6227.385,5806.268,2000,6232.163,5798.342,2000,6227.542,5776.818,2000,6263.749,5772.3,2000,6256.6
5802.5,2000,6227.952,5810.823,2000,6236.589,5807.17,2000,6262.521,5773.365,2000,6260.612,5769.023,2000,6252.023,5780.95,2000,6267.882,5812.954,2000,6251.563,5796.409,2000,6269.154,5813.134,2000,6243.534,5788.403,2000,6269.828,5794.978,2000,6226.326,5806.938,2000,6231.299,5798.371,2000,6226.45,5776.001,2000,6264.476,5771.212,2000,6256.707
5802.743,2000,6227.229,5811.476,2000,6236.194,5807.728,2000,6263.041,5772.662,2000,6260.907,5768.273,2000,6251.884,5780.591,2000,6268.555,5813.693,2000,6251.75,5796.643,2000,6269.88,5813.888,2000,6243.415,5788.332,2000,6270.587,5794.78,2000,6225.589,5807.406,2000,6230.696,5798.386,2000,6225.687,5775.431,2000,6264.982,5770.452,2000,6256.776
5803.121,2000,6226.091,5812.501,2000,6235.573,5808.604,2000,6263.859,5771.556,2000,6261.369,5767.096,2000,6251.656,5780.027,2000,6269.613,5814.855,2000,6252.046,5797.011,2000,6271.021,5815.072,2000,6243.229,5788.222,2000,6271.781,5794.462,2000,6224.434,5808.14,2000,6229.749,5798.404,2000,6224.489,5774.534,2000,6265.777,5769.258,2000,6256.88
5803.448,2000,6225.098,5813.396,2000,6235.032,5809.369,2000,6264.572,5770.59,2000,6261.769,5766.072,2000,6251.447,5779.537,2000,6270.536,5815.868,2000,6252.307,5797.335,2000,6272.015,5816.105,2000,6243.069,5788.127,2000,6272.822,5794.175,2000,6223.428,5808.779,2000,6228.921,5798.414,2000,6223.443,5773.751,2000,6266.469,5768.216,2000,6256.964
5803.785,2000,6224.066,5814.325,2000,6234.47,5810.163,2000,6265.313,5769.586,2000,6262.182,5765.01,2000,6251.221,5779.027,2000,6271.495,5816.919,2000,6252.579,5797.673,2000,6273.047,5817.178,2000,6242.904,5788.03,2000,6273.904,5793.869,2000,6222.386,5809.442,2000,6228.061,5798.418,2000,6222.357,5772.937,2000,6267.188,5767.133,2000,6257.046
5804.131,2000,6222.997,5815.287,2000,6233.89,5810.984,2000,6266.08,5768.546,2000,6262.606,5763.913,2000,6250.979,5778.501,2000,6272.488,5818.006,2000,6252.861,5798.024,2000,6274.114,5818.289,2000,6242.734,5787.931,2000,6275.023,5793.543,2000,6221.311,5810.127,2000,6227.171,5798.417,2000,6221.234,5772.094,2000,6267.931,5766.013,2000,6257.125
5804.487,2000,6221.888,5816.285,2000,6233.288,5811.836,2000,6266.875,5767.466,2000,6263.044,5762.777,2000,6250.718,5777.957,2000,6273.518,5819.133,2000,6253.156,5798.391,2000,6275.221,5819.44,2000,6242.559,5787.83,2000,6276.184,5793.197,2000,6220.198,5810.838,2000,6226.247,5798.41,2000,6220.069,5771.22,2000,6268.701,5764.85,2000,6257.202
5804.777,2000,6220.975,5817.105,2000,6232.793,5812.536,2000,6267.528,5766.577,2000,6263.402,5761.845,2000,6250.497,5777.509,2000,6274.365,5820.06,2000,6253.4,5798.693,2000,6276.129,5820.388,2000,6242.417,5787.748,2000,6277.138,5792.906,2000,6219.286,5811.421,2000,6225.487,5798.4,2000,6219.111,5770.5,2000,6269.333,5763.894,2000,6257.261
5805.223,2000,6219.563,5818.374,2000,6232.03,5813.618,2000,6268.538,5765.203,2000,6263.953,5760.407,2000,6250.147,5776.818,2000,6275.674,5821.49,2000,6253.779,5799.163,2000,6277.533,5821.852,2000,6242.198,5787.622,2000,6278.613,5792.448,2000,6217.878,5812.322,2000,6224.313,5798.38,2000,6217.631,5769.389,2000,6270.31,5762.417,2000,6257.346
5805.603,2000,6218.35,5819.464,2000,6231.375,5814.548,2000,6269.405,5764.021,2000,6264.423,5759.174,2000,6249.836,5776.226,2000,6276.799,5822.72,2000,6254.106,5799.568,2000,6278.739,5823.11,2000,6242.011,5787.516,2000,6279.88,5792.045,2000,6216.671,5813.096,2000,6223.303,5798.355,2000,6216.359,5768.432,2000,6271.148,5761.146,2000,6257.413
5805.99,2000,6217.104,5820.583,2000,6230.704,5815.502,2000,6270.295,5762.808,2000,6264.902,5757.911,2000,6249.509,5775.619,2000,6277.954,5823.98,2000,6254.444,5799.985,2000,6279.975,5824.4,2000,6241.821,5787.409,2000,6281.181,5791.625,2000,6215.437,5813.888,2000,6222.267,5798.325,2000,6215.055,5767.451,2000,6272.008,5759.843,2000,6257.477
5806.384,2000,6215.827,5821.729,2000,6230.016,5816.479,2000,6271.207,5761.564,2000,6265.391,5756.62,2000,6249.166,5774.998,2000,6279.137,5825.271,2000,6254.791,5800.415,2000,6281.24,5825.723,2000,6241.628,5787.301,2000,6282.513,5791.186,2000,6214.174,5814.7,2000,6221.206,5798.289,2000,6213.719,5766.445,2000,6272.888,5758.508,2000,6257.536
5806.895,2000,6214.163,5823.222,2000,6229.121,5817.752,2000,6272.395,5759.942,2000,6266.024,5754.94,2000,6248.708,5774.189,2000,6280.679,5826.951,2000,6255.246,5800.977,2000,6282.888,5827.446,2000,6241.378,5787.162,2000,6284.248,5790.604,2000,6212.533,5815.756,2000,6219.822,5798.235,2000,6211.979,5765.134,2000,6274.034,5756.768,2000,6257.607
5807.03,2000,6213.717,5823.622,2000,6228.882,5818.093,2000,6272.713,5759.508,2000,6266.193,5754.491,2000,6248.582,5773.974,2000,6281.092,5827.401,2000,6255.369,5801.128,2000,6283.329,5827.907,2000,6241.312,5787.125,2000,6284.712,5790.445,2000,6212.095,5816.039,2000,6219.451,5798.219,2000,6211.513,5764.783,2000,6274.341,5756.302,2000,6257.625
5807.61,2000,6211.807,5825.334,2000,6227.856,5819.552,2000,6274.075,5757.646,2000,6266.914,5752.571,2000,6248.039,5773.049,2000,6282.861,5829.327,2000,6255.894,5801.776,2000,6285.216,5829.883,2000,6241.028,5786.97,2000,6286.702,5789.762,2000,6210.22,5817.249,2000,6217.864,5798.146,2000,6209.518,5763.28,2000,6275.654,5754.308,2000,6257.695
5808.03,2000,6210.411,5826.585,2000,6227.109,5820.618,2000,6275.069,5756.287,2000,6267.437,5751.172,2000,6247.632,5772.375,2000,6284.153,5830.732,2000,6256.28,5802.252,2000,6286.594,5831.325,2000,6240.823,5786.858,2000,6288.155,5789.253,2000,6208.854,5818.132,2000,6216.705,5798.085,2000,6208.062,5762.182,2000,6276.612,5752.851,2000,6257.739
5808.457,2000,6208.984,5827.864,2000,6226.345,5821.707,2000,6276.085,5754.896,2000,6267.969,5749.744,2000,6247.208,5771.687,2000,6285.474,5832.168,2000,6256.676,5802.74,2000,6288.001,5832.8,2000,6240.615,5786.745,2000,6289.64,5788.726,2000,6207.461,5819.034,2000,6215.519,5798.019,2000,6206.574,5761.059,2000,6277.59,5751.362,2000,6257.78
5808.888,2000,6207.532,5829.165,2000,6225.569,5822.813,2000,6277.119,5753.48,2000,6268.508,5748.294,2000,6246.77,5770.988,2000,6286.817,5833.628,2000,6257.08,5803.237,2000,6289.432,5834.3,2000,6240.404,5786.632,2000,6291.151,5788.183,2000,6206.047,5819.95,2000,6214.313,5797.947,2000,6205.061,5759.917,2000,6278.585,5749.848,2000,6257.817
5809.325,2000,6206.056,5830.487,2000,6224.781,5823.939,2000,6278.169,5752.041,2000,6269.053,5746.822,2000,6246.317,5770.279,2000,6288.184,5835.111,2000,6257.493,5803.745,2000,6290.885,5835.825,2000,6240.191,5786.518,2000,6292.686,5787.624,2000,6204.613,5820.881,2000,6213.087,5797.869,2000,6203.523,5758.756,2000,6279.596,5748.309,2000,6257.85
5809.767,2000,6204.553,5831.833,2000,6223.979,5825.084,2000,6279.238,5750.575,2000,6269.606,5745.327,2000,6245.85,5769.557,2000,6289.574,5836.62,2000,6257.914,5804.263,2000,6292.364,5837.376,2000,6239.976,5786.404,2000,6294.249,5787.049,2000,6203.156,5821.828,2000,6211.839,5797.786,2000,6201.959,5757.574,2000,6280.625,5746.743,2000,6257.878
5810.214,2000,6203.025,5833.201,2000,6223.166,5826.248,2000,6280.324,5749.085,2000,6270.166,5743.811,2000,6245.369,5768.825,2000,6290.987,5838.152,2000,6258.343,5804.791,2000,6293.865,5838.953,2000,6239.758,5786.289,2000,6295.836,5786.458,2000,6201.678,5822.79,2000,6210.571,5797.696,2000,6200.37,5756.373,2000,6281.668,5745.151,2000,6257.903
5810.576,2000,6201.786,5834.31,2000,6222.506,5827.192,2000,6281.204,5747.876,2000,6270.618,5742.582,2000,6244.973,5768.232,2000,6292.134,5839.395,2000,6258.693,5805.22,2000,6295.083,5840.232,2000,6239.582,5786.197,2000,6297.124,5785.975,2000,6200.481,5823.57,2000,6209.543,5797.621,2000,6199.082,5755.398,2000,6282.515,5743.861,2000,6257.92
5811.276,2000,6199.372,5836.471,2000,6221.222,5829.03,2000,6282.919,5745.521,2000,6271.497,5740.192,2000,6244.194,5767.079,2000,6294.367,5841.814,2000,6259.375,5806.058,2000,6297.452,5842.722,2000,6239.242,5786.02,2000,6299.631,5785.025,2000,6198.154,5825.088,2000,6207.54,5797.468,2000,6196.573,5753.501,2000,6284.164,5741.348,2000,6257.948
5811.55,2000,6198.298,5837.442,2000,6220.688,5829.84,2000,6283.675,5744.471,2000,6271.85,5739.151,2000,6243.816,5766.603,2000,6295.367,5842.87,2000,6259.71,5806.461,2000,6298.484,5843.823,2000,6239.119,5785.978,2000,6300.738,5784.573,2000,6197.142,5825.75,2000,6206.651,5797.365,2000,6195.469,5752.642,2000,6284.863,5740.24,2000,6257.924
5811.916,2000,6196.829,5838.744,2000,6219.915,5830.947,2000,6284.708,5743.021,2000,6272.285,5737.745,2000,6243.253,5765.953,2000,6296.735,5844.303,2000,6260.2,5807.059,2000,6299.876,5845.333,2000,6239,5785.97,2000,6302.252,5783.91,2000,6195.78,5826.655,2000,6205.437,5797.174,2000,6193.967,5751.489,2000,6285.846,5738.728,2000,6257.842
5812.451,2000,6194.333,5840.904,2000,6218.554,5832.813,2000,6286.449,5740.553,2000,6272.938,5735.407,2000,6242.229,5764.784,2000,6299.004,5846.69,2000,6261.103,5808.142,2000,6302.187,5847.882,2000,6238.879,5786.012,2000,6304.805,5782.719,2000,6193.523,5828.112,2000,6203.341,5796.771,2000,6191.447,5749.493,2000,6287.437,5736.185,2000,6257.62
5812.656,2000,6193.193,5841.903,2000,6217.969,5833.66,2000,6287.24,5739.424,2000,6273.198,5734.362,2000,6241.729,5764.287,2000,6300.05,5847.76,2000,6261.548,5808.667,2000,6303.219,5849.041,2000,6238.862,5786.069,2000,6305.961,5782.145,2000,6192.517,5828.742,2000,6202.369,5796.55,2000,6190.31,5748.612,2000,6288.188,5735.035,2000,6257.482
5812.893,2000,6191.583,5843.334,2000,6217.193,5834.849,2000,6288.351,5737.827,2000,6273.511,5732.918,2000,6240.979,5763.638,2000,6301.542,5849.241,2000,6262.223,5809.452,2000,6304.645,5850.668,2000,6238.891,5786.203,2000,6307.583,5781.293,2000,6191.13,5829.582,2000,6200.975,5796.188,2000,6188.723,5747.339,2000,6289.203,5733.427,2000,6257.235
5813.091,2000,6189.835,5844.907,2000,6216.406,5836.134,2000,6289.551,5736.091,2000,6273.792,5731.384,2000,6240.118,5762.971,2000,6303.169,5850.817,2000,6263.003,5810.351,2000,6306.156,5852.424,2000,6238.979,5786.404,2000,6309.331,5780.324,2000,6189.663,5830.439,2000,6199.439,5795.741,2000,6187.022,5745.929,2000,6290.253,5731.698,2000,6256.911
5813.215,2000,6188.292,5846.299,2000,6215.73,5837.266,2000,6290.607,5734.556,2000,6273.99,5730.06,2000,6239.317,5762.381,2000,6304.601,5852.216,2000,6263.666,5811.103,2000,6307.509,5853.968,2000,6239.086,5786.612,2000,6310.864,5779.429,2000,6188.4,5831.149,2000,6198.064,5795.298,2000,6185.539,5744.658,2000,6291.137,5730.187,2000,6256.576
5813.334,2000,6185.775,5848.565,2000,6214.626,5839.107,2000,6292.328,5732.047,2000,6274.23,5727.948,2000,6237.942,5761.418,2000,6306.93,5854.494,2000,6264.745,5812.328,2000,6309.711,5856.482,2000,6239.259,5786.949,2000,6313.362,5777.905,2000,6186.393,5832.277,2000,6195.81,5794.5,2000,6183.148,5742.543,2000,6292.507,5727.746,2000,6255.951
5813.343,2000,6185.17,5849.118,2000,6214.379,5839.55,2000,6292.741,5731.444,2000,6274.282,5727.452,2000,6237.596,5761.205,2000,6307.496,5855.032,2000,6265.022,5812.64,2000,6310.23,5857.084,2000,6239.32,5787.05,2000,6313.958,5777.523,2000,6185.923,5832.546,2000,6195.268,5794.3,2000,6182.577,5742.024,2000,6292.82,5727.163,2000,6255.788
5813.297,2000,6182.609,5851.488,2000,6213.411,5841.421,2000,6294.489,5728.893,2000,6274.498,5725.401,2000,6236.062,5760.383,2000,6309.922,5857.27,2000,6266.268,5814.028,2000,6312.382,5859.623,2000,6239.663,5787.558,2000,6316.469,5775.845,2000,6183.989,5833.681,2000,6192.972,5793.453,2000,6180.16,5739.814,2000,6294.114,5724.698,2000,6255.092
5813.203,2000,6180.764,5853.221,2000,6212.768,5842.771,2000,6295.752,5727.047,2000,6274.594,5723.958,2000,6234.906,5759.848,2000,6311.691,5858.86,2000,6267.208,5815.071,2000,6313.908,5861.449,2000,6239.947,5787.96,2000,6318.272,5774.588,2000,6182.634,5834.553,2000,6191.342,5792.785,2000,6178.437,5738.251,2000,6295.1,5722.937,2000,6254.533
5813.079,2000,6179.28,5854.633,2000,6212.296,5843.857,2000,6296.77,5725.559,2000,6274.622,5722.827,2000,6233.938,5759.463,2000,6313.129,5860.141,2000,6267.968,5815.914,2000,6315.136,5862.919,2000,6240.177,5788.285,2000,6319.725,5773.541,2000,6181.576,5835.299,2000,6190.054,5792.202,2000,6177.067,5737.019,2000,6295.935,5721.533,2000,6254.036
5812.817,2000,6177.038,5856.797,2000,6211.651,5845.505,2000,6298.313,5723.301,2000,6274.591,5721.161,2000,6232.415,5758.951,2000,6315.328,5862.119,2000,6269.056,5817.193,2000,6316.996,5865.15,2000,6240.526,5788.777,2000,6321.928,5771.901,2000,6180.024,5836.493,2000,6188.137,5791.25,2000,6175.02,5735.192,2000,6297.262,5719.431,2000,6253.213
5812.564,2000,6175.348,5858.449,2000,6211.216,5846.752,2000,6299.48,5721.595,2000,6274.512,5719.938,2000,6231.222,5758.619,2000,6317.004,5863.643,2000,6269.83,5818.115,2000,6318.434,5866.838,2000,6240.791,5789.15,2000,6323.596,5770.623,2000,6178.891,5837.443,2000,6186.717,5790.479,2000,6173.495,5733.844,2000,6298.311,5717.861,2000,6252.539
5812.186,2000,6173.289,5860.482,2000,6210.716,5848.281,2000,6300.911,5719.508,2000,6274.347,5718.488,2000,6229.711,5758.245,2000,6319.064,5865.539,2000,6270.716,5819.187,2000,6320.232,5868.916,2000,6241.046,5789.54,2000,6325.652,5769.011,2000,6177.554,5838.664,2000,6185.017,5789.474,2000,6171.659,5732.234,2000,6299.649,5715.965,2000,6251.65
5811.852,2000,6171.583,5862.168,2000,6210.297,5849.549,2000,6302.098,5717.781,2000,6274.153,5717.327,2000,6228.419,5757.933,2000,6320.773,5867.136,2000,6271.4,5820.026,2000,6321.753,5870.646,2000,6241.202,5789.808,2000,6327.369,5767.638,2000,6176.489,5839.723,2000,6183.639,5788.59,2000,6170.163,5730.935,2000,6300.803,5714.417,2000,6250.861
5811.436,2000,6169.499,5864.214,2000,6209.718,5851.102,2000,6303.551,5715.677,2000,6273.847,5715.865,2000,6226.875,5757.482,2000,6322.852,5869.117,2000,6272.173,5820.993,2000,6323.647,5872.769,2000,6241.323,5790.066,2000,6329.479,5765.927,2000,6175.227,5841.042,2000,6181.972,5787.449,2000,6168.368,5729.364,2000,6302.236,5712.555,2000,6249.834
5811.043,2000,6167.583,5866.078,2000,6209.124,5852.529,2000,6304.888,5713.743,2000,6273.552,5714.538,2000,6225.438,5757.005,2000,6324.749,5870.962,2000,6272.824,5821.824,2000,6325.418,5874.725,2000,6241.371,5790.24,2000,6331.428,5764.337,2000,6174.087,5842.25,2000,6180.434,5786.374,2000,6166.734,5727.914,2000,6303.549,5710.871,2000,6248.84
5810.641,2000,6165.661,5867.927,2000,6208.467,5853.962,2000,6306.23,5711.804,2000,6273.247,5713.221,2000,6223.982,5756.464,2000,6326.636,5872.821,2000,6273.453,5822.6,2000,6327.221,5876.688,2000,6241.354,5790.351,2000,6333.388,5762.728,2000,6172.963,5843.458,2000,6178.886,5785.283,2000,6165.103,5726.455,2000,6304.862,5709.188,2000,6247.831
5810.401,2000,6164.297,5869.216,2000,6207.961,5854.973,2000,6307.176,5710.437,2000,6273.026,5712.303,2000,6222.946,5756.039,2000,6327.954,5874.118,2000,6273.94,5823.189,2000,6328.475,5878.071,2000,6241.297,5790.474,2000,6334.767,5761.583,2000,6172.184,5844.305,2000,6177.791,5784.505,2000,6163.957,5725.422,2000,6305.784,5708.005,2000,6247.109
5809.982,2000,6161.348,5872.023,2000,6206.963,5857.149,2000,6309.211,5707.482,2000,6272.648,5710.344,2000,6220.701,5755.218,2000,6330.817,5876.933,2000,6274.914,5824.367,2000,6331.211,5881.042,2000,6241.077,5790.642,2000,6337.741,5759.106,2000,6170.529,5846.205,2000,6175.496,5782.82,2000,6161.5,5723.266,2000,6307.84,5705.471,2000,6245.544
5809.809,2000,6159.754,5873.516,2000,6206.377,5858.321,2000,6310.305,5705.886,2000,6272.497,5709.308,2000,6219.478,5754.827,2000,6332.372,5878.448,2000,6275.438,5824.994,2000,6332.687,5882.641,2000,6240.96,5790.68,2000,6339.343,5757.758,2000,6169.662,5847.267,2000,6174.295,5781.957,2000,6160.15,5722.143,2000,6308.984,5704.116,2000,6244.688
5809.718,2000,6158.554,5874.622,2000,6205.901,5859.201,2000,6311.127,5704.685,2000,6272.422,5708.538,2000,6218.552,5754.496,2000,6333.53,5879.585,2000,6275.833,5825.465,2000,6333.794,5883.842,2000,6240.872,5790.675,2000,6340.547,5756.74,2000,6169.02,5848.093,2000,6173.419,5781.342,2000,6159.115,5721.328,2000,6309.87,5703.077,2000,6244.079
5809.597,2000,6155.729,5877.18,2000,6204.698,5861.267,2000,6313.058,5701.859,2000,6272.339,5706.741,2000,6216.369,5753.628,2000,6336.221,5882.256,2000,6276.761,5826.572,2000,6336.396,5886.661,2000,6240.667,5790.664,2000,6343.375,5754.338,2000,6167.528,5850.101,2000,6171.429,5779.979,2000,6156.638,5719.483,2000,6312.012,5700.594,2000,6242.728
5809.577,2000,6153.698,5878.989,2000,6203.773,5862.751,2000,6314.444,5699.827,2000,6272.346,5705.472,2000,6214.783,5752.942,2000,6338.133,5884.175,2000,6277.428,5827.369,2000,6338.264,5888.688,2000,6240.52,5790.657,2000,6345.406,5752.596,2000,6166.483,5851.589,2000,6170.046,5779.058,2000,6154.827,5718.209,2000,6313.594,5698.778,2000,6241.816
5809.613,2000,6152.069,5880.423,2000,6202.999,5863.942,2000,6315.557,5698.198,2000,6272.405,5704.465,2000,6213.5,5752.342,2000,6339.648,5885.714,2000,6277.963,5828.008,2000,6339.764,5890.313,2000,6240.403,5790.653,2000,6347.036,5751.189,2000,6165.66,5852.819,2000,6168.976,5778.367,2000,6153.351,5717.229,2000,6314.896,5697.298,2000,6241.133
5809.75,2000,6149.608,5882.59,2000,6201.826,5865.743,2000,6317.239,5695.74,2000,6272.575,5702.881,2000,6211.613,5751.359,2000,6341.908,5888.042,2000,6278.773,5828.976,2000,6342.03,5892.771,2000,6240.226,5790.648,2000,6349.5,5749.105,2000,6164.345,5854.625,2000,6167.299,5777.396,2000,6151.086,5715.683,2000,6316.815,5695.028,2000,6240.174
5809.894,2000,6147.968,5884.038,2000,6201.041,5866.946,2000,6318.363,5694.102,2000,6272.742,5701.782,2000,6210.387,5750.668,2000,6343.403,5889.597,2000,6279.314,5829.623,2000,6343.544,5894.414,2000,6240.109,5790.646,2000,6351.147,5747.742,2000,6163.422,5855.793,2000,6166.139,5776.796,2000,6149.553,5714.608,2000,6318.063,5693.491,2000,6239.583
5810.193,2000,6145.499,5886.225,2000,6199.855,5868.764,2000,6320.062,5691.636,2000,6273.076,5700.062,2000,6208.59,5749.624,2000,6345.661,5891.947,2000,6280.131,5830.601,2000,6345.832,5896.895,2000,6239.933,5790.642,2000,6353.635,5745.729,2000,6161.96,5857.501,2000,6164.331,5775.968,2000,6147.207,5712.924,2000,6319.895,5691.142,2000,6238.766
5810.48,2000,6143.646,5887.872,2000,6198.961,5870.133,2000,6321.34,5689.788,2000,6273.387,5698.723,2000,6207.279,5748.836,2000,6347.361,5893.717,2000,6280.747,5831.338,2000,6347.555,5898.765,2000,6239.801,5790.64,2000,6355.509,5744.25,2000,6160.81,5858.743,2000,6162.927,5775.401,2000,6145.42,5711.611,2000,6321.231,5689.352,2000,6238.209
5810.884,2000,6141.393,5889.883,2000,6197.868,5871.807,2000,6322.903,5687.544,2000,6273.842,5697.035,2000,6205.732,5747.873,2000,6349.438,5895.879,2000,6281.499,5832.237,2000,6349.661,5901.049,2000,6239.64,5790.637,2000,6357.798,5742.489,2000,6159.346,5860.203,2000,6161.163,5774.781,2000,6143.216,5709.955,2000,6322.812,5687.145,2000,6237.601
5811.253,2000,6139.321,5891.732,2000,6196.863,5873.344,2000,6324.339,5685.497,2000,6274.327,5695.438,2000,6204.362,5746.987,2000,6351.346,5897.866,2000,6282.19,5833.063,2000,6351.595,5903.147,2000,6239.492,5790.635,2000,6359.902,5740.916,2000,6157.949,5861.491,2000,6159.499,5774.277,2000,6141.174,5708.386,2000,6324.213,5685.099,2000,6237.109
5811.548,2000,6137.662,5893.213,2000,6196.059,5874.576,2000,6325.489,5683.864,2000,6274.745,5694.195,2000,6203.224,5746.278,2000,6352.875,5899.458,2000,6282.744,5833.726,2000,6353.145,5904.829,2000,6239.374,5790.633,2000,6361.588,5739.693,2000,6156.79,5862.503,2000,6158.151,5773.819,2000,6139.552,5707.102,2000,6325.305,5683.448,2000,6236.768
5812.073,2000,6135.183,5895.398,2000,6194.777,5876.428,2000,6327.219,5681.409,2000,6275.372,5692.384,2000,6201.451,5745.21,2000,6355.173,5901.852,2000,6283.576,5834.721,2000,6355.475,5907.356,2000,6239.194,5790.631,2000,6364.122,5737.912,2000,6154.987,5864.025,2000,6156.125,5773.052,2000,6137.137,5705.172,2000,6326.947,5680.951,2000,6236.337
5812.479,2000,6133.533,5896.834,2000,6193.87,5877.669,2000,6328.378,5679.778,2000,6275.846,5691.21,2000,6200.224,5744.444,2000,6356.689,5903.456,2000,6284.134,5835.388,2000,6357.037,5909.051,2000,6239.074,5790.628,2000,6365.82,5736.759,2000,6153.74,5865.044,2000,6154.766,5772.485,2000,6135.536,5703.878,2000,6328.047,5679.277,2000,6236.052
5813.169,2000,6131.076,5898.947,2000,6192.438,5879.535,2000,6330.12,5677.352,2000,6276.638,5689.506,2000,6198.324,5743.22,2000,6358.928,5905.866,2000,6284.973,5836.391,2000,6359.384,5911.597,2000,6238.893,5790.624,2000,6368.373,5734.965,2000,6151.924,5866.575,2000,6152.724,5771.555,2000,6133.159,5701.933,2000,6329.7,5676.776,2000,6235.542
5813.814,2000,6129.041,5900.674,2000,6191.182,5881.095,2000,6331.578,5675.344,2000,6277.367,5688.134,2000,6196.688,5742.134,2000,6360.768,5907.859,2000,6285.74,5837.293,2000,6361.32,5913.727,2000,6238.741,5790.62,2000,6370.508,5733.416,2000,6150.454,5867.854,2000,6151.014,5770.712,2000,6131.197,5700.306,2000,6331.083,5674.699,2000,6235.047
5814.528,2000,6127.019,5902.366,2000,6189.865,5882.662,2000,6333.041,5673.354,2000,6278.165,5686.811,2000,6195.001,5740.985,2000,6362.577,5909.833,2000,6286.575,5838.263,2000,6363.232,5915.865,2000,6238.587,5790.614,2000,6372.652,5731.813,2000,6149.031,5869.138,2000,6149.297,5769.802,2000,6129.256,5698.672,2000,6332.471,5672.631,2000,6234.481
5814.997,2000,6125.817,5903.358,2000,6189.04,5883.604,2000,6333.921,5672.173,2000,6278.683,5686.048,2000,6193.96,5740.258,2000,6363.643,5911.004,2000,6287.116,5838.883,2000,6364.363,5917.151,2000,6238.494,5790.611,2000,6373.942,5730.821,2000,6148.206,5869.904,2000,6148.259,5769.293,2000,6128.071,5697.681,2000,6333.296,5671.376,2000,6234.182
5816.185,2000,6123.045,5905.612,2000,6187.036,5885.809,2000,6335.98,5669.453,2000,6279.985,5684.345,2000,6191.471,5738.478,2000,6366.078,5913.7,2000,6288.47,5840.42,2000,6366.958,5920.16,2000,6238.273,5790.602,2000,6376.958,5728.439,2000,6146.355,5871.695,2000,6145.833,5768.194,2000,6125.262,5695.362,2000,6335.225,5668.421,2000,6233.579
5817.101,2000,6121.087,5907.273,2000,6185.653,5887.388,2000,6337.457,5667.535,2000,6280.982,5683.184,2000,6189.647,5737.26,2000,6367.864,5915.662,2000,6289.376,5841.46,2000,6368.853,5922.315,2000,6238.113,5790.594,2000,6379.12,5726.69,2000,6145.085,5872.979,2000,6144.093,5767.472,2000,6123.225,5693.701,2000,6336.607,5666.291,2000,6233.214
5818.084,2000,6119.153,5908.985,2000,6184.321,5888.972,2000,6338.938,5665.644,2000,6282.044,5682.079,2000,6187.781,5736.097,2000,6369.695,5917.66,2000,6290.221,5842.44,2000,6370.788,5924.479,2000,6237.95,5790.584,2000,6381.289,5724.895,2000,6143.869,5874.267,2000,6142.348,5766.815,2000,6121.157,5692.033,2000,6337.995,5664.154,2000,6232.843
5819.133,2000,6117.247,5910.746,2000,6183.041,5890.562,2000,6340.423,5663.782,2000,6283.172,5681.033,2000,6185.873,5734.991,2000,6371.569,5919.69,2000,6291.003,5843.36,2000,6372.76,5926.648,2000,6237.785,5790.573,2000,6383.465,5723.054,2000,6142.708,5875.558,2000,6140.596,5766.225,2000,6119.063,5690.36,2000,6339.386,5662.011,2000,6232.466
5819.914,2000,6115.933,5912.011,2000,6182.183,5891.679,2000,6341.467,5662.501,2000,6284.006,5680.342,2000,6184.509,5734.258,2000,6372.91,5921.134,2000,6291.505,5843.961,2000,6374.166,5928.173,2000,6237.669,5790.565,2000,6384.994,5721.735,2000,6141.936,5876.465,2000,6139.366,5765.82,2000,6117.589,5689.185,2000,6340.364,5660.506,2000,6232.198
5821.282,2000,6113.447,5914.41,2000,6180.668,5893.751,2000,6343.405,5660.075,2000,6285.477,5678.977,2000,6182.021,5732.979,2000,6375.443,5923.817,2000,6292.428,5845.067,2000,6376.778,5931.002,2000,6237.452,5790.549,2000,6387.831,5719.335,2000,6140.422,5878.149,2000,6137.082,5765.07,2000,6114.853,5687.004,2000,6342.178,5657.713,2000,6231.696
5821.979,2000,6112.077,5915.736,2000,6179.891,5894.875,2000,6344.455,5658.734,2000,6286.229,5678.194,2000,6180.699,5732.331,2000,6376.837,5925.271,2000,6292.928,5845.667,2000,6378.194,5932.535,2000,6237.333,5790.54,2000,6389.368,5718.062,2000,6139.561,5879.062,2000,6135.845,5764.664,2000,6113.37,5685.822,2000,6343.161,5656.201,2000,6231.42
5823.188,2000,6109.492,5918.243,2000,6178.528,5896.96,2000,6346.402,5656.203,2000,6287.545,5676.661,2000,6178.292,5731.169,2000,6379.443,5927.969,2000,6293.856,5846.779,2000,6380.821,5935.379,2000,6237.113,5790.522,2000,6392.221,5715.753,2000,6137.884,5880.755,2000,6133.548,5763.911,2000,6110.618,5683.629,2000,6344.985,5653.395,2000,6230.905
5823.795,2000,6108.074,5919.605,2000,6177.802,5898.088,2000,6347.455,5654.811,2000,6288.211,5675.79,2000,6177.019,5730.541,2000,6380.852,5929.428,2000,6294.358,5847.38,2000,6382.243,5936.918,2000,6236.994,5790.513,2000,6393.764,5714.535,2000,6136.937,5881.672,2000,6132.307,5763.503,2000,6109.129,5682.443,2000,6345.973,5651.878,2000,6230.624
5824.837,2000,6105.404,5922.134,2000,6176.454,5900.182,2000,6349.412,5652.187,2000,6289.364,5674.096,2000,6174.707,5729.372,2000,6383.469,5932.138,2000,6295.291,5848.498,2000,6384.882,5939.775,2000,6236.773,5790.495,2000,6396.63,5712.331,2000,6135.105,5883.374,2000,6130.001,5762.747,2000,6106.365,5680.242,2000,6347.808,5649.061,2000,6230.098
5825.574,2000,6103.318,5924.086,2000,6175.414,5901.798,2000,6350.922,5650.133,2000,6290.186,5672.73,2000,6172.967,5728.471,2000,6385.489,5934.229,2000,6296.011,5849.36,2000,6386.918,5941.98,2000,6236.603,5790.481,2000,6398.841,5710.677,2000,6133.636,5884.689,2000,6128.223,5762.164,2000,6104.232,5678.543,2000,6349.224,5646.887,2000,6229.689
5826.244,2000,6101.203,5926.043,2000,6174.37,5903.419,2000,6352.436,5648.048,2000,6290.943,5671.305,2000,6171.268,5727.566,2000,6387.515,5936.327,2000,6296.733,5850.226,2000,6388.961,5944.192,2000,6236.432,5790.468,2000,6401.06,5709.067,2000,6132.109,5886.008,2000,6126.438,5761.579,2000,6102.092,5676.84,2000,6350.646,5644.707,2000,6229.277
5826.841,2000,6099.077,5927.992,2000,6173.33,5905.034,2000,6353.944,5645.948,2000,6291.629,5669.83,2000,6169.623,5726.665,2000,6389.531,5938.416,2000,6297.453,5851.088,2000,6390.996,5946.395,2000,6236.262,5790.454,2000,6403.269,5707.515,2000,6130.538,5887.322,2000,6124.663,5760.998,2000,6099.961,5675.145,2000,6352.061,5642.537,2000,6228.864
5827.305,2000,6097.191,5929.706,2000,6172.415,5906.453,2000,6355.27,5644.083,2000,6292.171,5668.487,2000,6168.219,5725.873,2000,6391.304,5940.252,2000,6298.085,5851.846,2000,6392.784,5948.332,2000,6236.111,5790.442,2000,6405.211,5706.196,2000,6129.112,5888.478,2000,6123.102,5760.486,2000,6098.087,5673.655,2000,6353.306,5640.629,2000,6228.5
5827.828,2000,6094.722,5931.931,2000,6171.226,5908.297,2000,6356.992,5641.64,2000,6292.801,5666.684,2000,6166.455,5724.843,2000,6393.608,5942.638,2000,6298.907,5852.831,2000,6395.106,5950.847,2000,6235.916,5790.426,2000,6407.734,5704.544,2000,6127.205,5889.98,2000,6121.075,5759.821,2000,6095.653,5671.719,2000,6354.923,5638.151,2000,6228.025
5828.258,2000,6092.53,5933.902,2000,6170.173,5909.93,2000,6358.517,5639.477,2000,6293.359,5665.037,2000,6164.945,5723.93,2000,6395.647,5944.75,2000,6299.634,5853.704,2000,6397.163,5953.075,2000,6235.743,5790.413,2000,6409.968,5703.138,2000,6125.469,5891.31,2000,6119.279,5759.233,2000,6093.498,5670.005,2000,6356.355,5635.957,2000,6227.603
5828.56,2000,6090.991,5935.286,2000,6169.435,5911.077,2000,6359.587,5637.958,2000,6293.75,5663.847,2000,6163.923,5723.289,2000,6397.079,5946.233,2000,6300.145,5854.316,2000,6398.607,5954.639,2000,6235.622,5790.403,2000,6411.537,5702.175,2000,6124.23,5892.244,2000,6118.019,5758.82,2000,6091.985,5668.802,2000,6357.36,5634.417,2000,6227.306
5829.12,2000,6088.134,5937.853,2000,6168.063,5913.204,2000,6361.574,5635.139,2000,6294.477,5661.577,2000,6162.101,5722.099,2000,6399.735,5948.985,2000,6301.093,5855.452,2000,6401.288,5957.541,2000,6235.396,5790.385,2000,6414.447,5700.39,2000,6121.931,5893.976,2000,6115.68,5758.055,2000,6089.176,5666.569,2000,6359.226,5631.559,2000,6226.755
5829.552,2000,6085.931,5939.833,2000,6167.005,5914.845,2000,6363.106,5632.965,2000,6295.038,5659.781,2000,6160.754,5721.181,2000,6401.784,5951.107,2000,6301.824,5856.328,2000,6403.354,5959.779,2000,6235.224,5790.371,2000,6416.692,5699.015,2000,6120.156,5895.313,2000,6113.875,5757.466,2000,6087.01,5664.848,2000,6360.666,5629.355,2000,6226.329
5829.812,2000,6084.604,5941.025,2000,6166.368,5915.833,2000,6364.029,5631.656,2000,6295.375,5658.673,2000,6159.979,5720.628,2000,6403.018,5952.386,2000,6302.265,5856.855,2000,6404.599,5961.126,2000,6235.119,5790.363,2000,6418.044,5698.187,2000,6119.087,5896.117,2000,6112.789,5757.111,2000,6085.705,5663.812,2000,6361.532,5628.028,2000,6226.073
5830.418,2000,6081.514,5943.803,2000,6164.883,5918.134,2000,6366.179,5628.607,2000,6296.163,5656.076,2000,6158.197,5719.34,2000,6405.892,5955.363,2000,6303.292,5858.084,2000,6407.499,5964.267,2000,6234.875,5790.343,2000,6421.194,5696.257,2000,6116.598,5897.992,2000,6110.258,5756.285,2000,6082.666,5661.397,2000,6363.551,5624.936,2000,6225.475
5830.678,2000,6080.184,5944.998,2000,6164.245,5919.125,2000,6367.104,5627.295,2000,6296.501,5654.959,2000,6157.431,5718.786,2000,6407.128,5956.644,2000,6303.733,5858.613,2000,6408.746,5965.617,2000,6234.771,5790.335,2000,6422.548,5695.428,2000,6115.526,5898.798,2000,6109.17,5755.93,2000,6081.358,5660.359,2000,6364.419,5623.605,2000,6225.218
5831.286,2000,6077.08,5947.788,2000,6162.752,5921.437,2000,6369.263,5624.232,2000,6297.291,5652.35,2000,6155.642,5717.491,2000,6410.015,5959.635,2000,6304.764,5859.849,2000,6411.658,5968.771,2000,6234.525,5790.315,2000,6425.712,5693.492,2000,6113.024,5900.682,2000,6106.628,5755.101,2000,6078.305,5657.935,2000,6366.446,5620.499,2000,6224.62
5831.719,2000,6074.867,5949.776,2000,6161.689,5923.084,2000,6370.803,5622.049,2000,6297.853,5650.489,2000,6154.369,5716.568,2000,6412.072,5961.767,2000,6305.499,5860.729,2000,6413.734,5971.02,2000,6234.351,5790.301,2000,6427.967,5692.113,2000,6111.241,5902.024,2000,6104.816,5754.511,2000,6076.129,5656.207,2000,6367.89,5618.285,2000,6224.192
5832.154,2000,6072.639,5951.777,2000,6160.617,5924.743,2000,6372.352,5619.852,2000,6298.419,5648.615,2000,6153.087,5715.639,2000,6414.143,5963.912,2000,6306.24,5861.616,2000,6415.824,5973.283,2000,6234.175,5790.287,2000,6430.237,5690.726,2000,6109.444,5903.375,2000,6102.992,5753.917,2000,6073.938,5654.468,2000,6369.344,5616.056,2000,6223.762
5832.503,2000,6070.854,5953.38,2000,6159.759,5926.072,2000,6373.593,5618.091,2000,6298.873,5647.115,2000,6152.061,5714.894,2000,6415.801,5965.631,2000,6306.833,5862.326,2000,6417.498,5975.095,2000,6234.035,5790.275,2000,6432.055,5689.614,2000,6108.005,5904.457,2000,6101.531,5753.443,2000,6072.183,5653.076,2000,6370.508,5614.271,2000,6223.417
5833.025,2000,6068.184,5955.778,2000,6158.475,5928.061,2000,6375.45,5615.457,2000,6299.552,5644.869,2000,6150.526,5713.778,2000,6418.282,5968.203,2000,6307.72,5863.389,2000,6420.002,5977.808,2000,6233.824,5790.258,2000,6434.776,5687.952,2000,6105.852,5906.077,2000,6099.345,5752.732,2000,6069.557,5650.994,2000,6372.249,5611.6,2000,6222.903
5833.375,2000,6066.396,5957.384,2000,6157.614,5929.392,2000,6376.694,5613.693,2000,6300.007,5643.364,2000,6149.499,5713.03,2000,6419.943,5969.925,2000,6308.313,5864.1,2000,6421.679,5979.624,2000,6233.682,5790.246,2000,6436.598,5686.839,2000,6104.41,5907.161,2000,6097.881,5752.257,2000,6067.798,5649.6,2000,6373.415,5609.811,2000,6222.558
5834.018,2000,6063.116,5960.33,2000,6156.036,5931.834,2000,6378.975,5610.458,2000,6300.843,5640.604,2000,6147.614,5711.66,2000,6422.991,5973.085,2000,6309.403,5865.405,2000,6424.756,5982.956,2000,6233.422,5790.224,2000,6439.939,5684.797,2000,6101.764,5909.15,2000,6095.195,5751.386,2000,6064.572,5647.045,2000,6375.551,5606.529,2000,6221.926
5834.163,2000,6062.372,5960.998,2000,6155.677,5932.388,2000,6379.493,5609.724,2000,6301.032,5639.977,2000,6147.187,5711.349,2000,6423.682,5973.802,2000,6309.65,5865.702,2000,6425.454,5983.712,2000,6233.363,5790.219,2000,6440.698,5684.334,2000,6101.163,5909.602,2000,6094.586,5751.188,2000,6063.839,5646.466,2000,6376.036,5605.784,2000,6221.783
5834.775,2000,6059.238,5963.812,2000,6154.17,5934.721,2000,6381.672,5606.633,2000,6301.83,5637.34,2000,6145.388,5710.039,2000,6426.593,5976.82,2000,6310.69,5866.948,2000,6428.393,5986.895,2000,6233.116,5790.198,2000,6443.89,5682.386,2000,6098.635,5911.502,2000,6092.021,5750.356,2000,6060.757,5644.029,2000,6378.075,5602.649,2000,6221.179
5835.212,2000,6057.001,5965.821,2000,6153.093,5936.387,2000,6383.228,5604.427,2000,6302.4,5635.456,2000,6144.104,5709.103,2000,6428.671,5978.975,2000,6311.434,5867.838,2000,6430.492,5989.168,2000,6232.94,5790.183,2000,6446.17,5680.995,2000,6096.829,5912.859,2000,6090.189,5749.763,2000,6058.556,5642.292,2000,6379.53,5600.411,2000,6220.749
5835.607,2000,6054.974,5967.641,2000,6152.117,5937.896,2000,6384.638,5602.428,2000,6302.916,5633.749,2000,6142.942,5708.255,2000,6430.554,5980.927,2000,6312.108,5868.645,2000,6432.393,5991.227,2000,6232.78,5790.168,2000,6448.235,5679.735,2000,6095.192,5914.088,2000,6088.53,5749.227,2000,6056.562,5640.718,2000,6380.845,5598.383,2000,6220.359
5836.262,2000,6051.617,5970.655,2000,6150.5,5940.396,2000,6386.973,5599.117,2000,6303.771,5630.921,2000,6141.017,5706.849,2000,6433.672,5984.16,2000,6313.224,5869.981,2000,6435.542,5994.638,2000,6232.516,5790.145,2000,6451.656,5677.65,2000,6092.481,5916.125,2000,6085.782,5748.339,2000,6053.259,5638.116,2000,6383.021,5595.023,2000,6219.715
5836.411,2000,6050.853,5971.341,2000,6150.131,5940.965,2000,6387.504,5598.363,2000,6303.966,5630.278,2000,6140.58,5706.529,2000,6434.382,5984.896,2000,6313.478,5870.285,2000,6436.258,5995.414,2000,6232.456,5790.14,2000,6452.434,5677.176,2000,6091.864,5916.588,2000,6085.156,5748.137,2000,6052.507,5637.525,2000,6383.515,5594.259,2000,6219.568
5836.967,2000,6048.006,5973.897,2000,6148.759,5943.085,2000,6389.484,5595.556,2000,6304.692,5627.878,2000,6138.948,5705.337,2000,6437.026,5987.638,2000,6314.425,5871.418,2000,6438.929,5998.306,2000,6232.231,5790.12,2000,6455.335,5675.408,2000,6089.563,5918.315,2000,6082.825,5747.385,2000,6049.705,5635.326,2000,6385.355,5591.41,2000,6219.021
5837.407,2000,6045.754,5975.919,2000,6147.674,5944.763,2000,6391.05,5593.335,2000,6305.267,5625.981,2000,6137.658,5704.393,2000,6439.117,5989.807,2000,6315.173,5872.315,2000,6441.041,6000.593,2000,6232.053,5790.104,2000,6457.629,5674.011,2000,6087.744,5919.681,2000,6080.982,5746.79,2000,6047.489,5633.591,2000,6386.806,5589.156,2000,6218.59
5837.849,2000,6043.497,5977.946,2000,6146.586,5946.444,2000,6392.62,5591.109,2000,6305.843,5624.078,2000,6136.366,5703.445,2000,6441.212,5991.981,2000,6315.924,5873.215,2000,6443.158,6002.887,2000,6231.875,5790.088,2000,6459.93,5672.61,2000,6085.919,5921.05,2000,6079.133,5746.193,2000,6045.268,5631.857,2000,6388.256,5586.897,2000,6218.157
5838.246,2000,6041.464,5979.771,2000,6145.607,5947.958,2000,6394.033,5589.106,2000,6306.362,5622.365,2000,6135.203,5702.592,2000,6443.099,5993.938,2000,6316.6,5874.024,2000,6445.064,6004.951,2000,6231.715,5790.074,2000,6462,5671.349,2000,6084.276,5922.283,2000,6077.47,5745.657,2000,6043.268,5630.301,2000,6389.557,5584.863,2000,6217.768
5838.729,2000,6038.987,5981.995,2000,6144.413,5949.802,2000,6395.756,5586.665,2000,6306.996,5620.276,2000,6133.786,5701.551,2000,6445.397,5996.325,2000,6317.423,5875.011,2000,6447.387,6007.468,2000,6231.52,5790.057,2000,6464.524,5669.813,2000,6082.273,5923.785,2000,6075.441,5745.003,2000,6040.829,5628.412,2000,6391.137,5582.384,2000,6217.293
5839.17,2000,6036.719,5984.03,2000,6143.319,5951.49,2000,6397.333,5584.43,2000,6307.576,5618.364,2000,6132.489,5700.598,2000,6447.501,5998.509,2000,6318.177,5875.916,2000,6449.513,6009.771,2000,6231.341,5790.042,2000,6466.835,5668.407,2000,6080.44,5925.161,2000,6073.585,5744.406,2000,6038.597,5626.691,2000,6392.576,5580.115,2000,6216.858
5839.524,2000,6034.907,5985.657,2000,6142.445,5952.84,2000,6398.594,5582.644,2000,6308.04,5616.835,2000,6131.453,5699.834,2000,6449.182,6000.254,2000,6318.78,5876.638,2000,6451.213,6011.612,2000,6231.197,5790.029,2000,6468.682,5667.283,2000,6078.974,5926.26,2000,6072.101,5743.929,2000,6036.813,5625.323,2000,6393.72,5578.301,2000,6216.511
5840.053,2000,6032.193,5988.092,2000,6141.137,5954.86,2000,6400.482,5579.97,2000,6308.736,5614.546,2000,6129.901,5698.691,2000,6451.698,6002.868,2000,6319.682,5877.719,2000,6453.758,6014.369,2000,6230.982,5790.01,2000,6471.446,5665.601,2000,6076.78,5927.906,2000,6069.879,5743.214,2000,6034.142,5623.287,2000,6395.423,5575.585,2000,6215.991
5840.495,2000,6029.927,5990.126,2000,6140.044,5956.547,2000,6402.058,5577.738,2000,6309.319,5612.635,2000,6128.607,5697.735,2000,6453.799,6005.05,2000,6320.436,5878.622,2000,6455.883,6016.67,2000,6230.803,5789.994,2000,6473.755,5664.196,2000,6074.948,5929.279,2000,6068.024,5742.618,2000,6031.912,5621.602,2000,6396.832,5573.318,2000,6215.558
5840.937,2000,6027.659,5992.161,2000,6138.949,5958.236,2000,6403.636,5575.505,2000,6309.904,5610.721,2000,6127.311,5696.777,2000,6455.901,6007.235,2000,6321.189,5879.525,2000,6458.01,6018.974,2000,6230.623,5789.979,2000,6476.066,5662.791,2000,6073.113,5930.654,2000,6066.167,5742.021,2000,6029.679,5619.931,2000,6398.229,5571.048,2000,6215.124
5841.203,2000,6026.293,5993.387,2000,6138.291,5959.252,2000,6404.585,5574.161,2000,6310.256,5609.569,2000,6126.531,5696.199,2000,6457.166,6008.55,2000,6321.644,5880.069,2000,6459.291,6020.361,2000,6230.515,5789.969,2000,6477.457,5661.945,2000,6072.009,5931.482,2000,6065.048,5741.662,2000,6028.335,5618.936,2000,6399.062,5569.681,2000,6214.863
5841.822,2000,6023.117,5996.236,2000,6136.759,5961.617,2000,6406.794,5571.035,2000,6311.076,5606.889,2000,6124.718,5694.854,2000,6460.107,6011.608,2000,6322.699,5881.334,2000,6462.268,6023.587,2000,6230.263,5789.947,2000,6480.692,5659.978,2000,6069.44,5933.407,2000,6062.448,5740.828,2000,6025.209,5616.639,2000,6400.983,5566.503,2000,6214.256
5842.043,2000,6021.744,5997.462,2000,6136.1,5962.633,2000,6407.744,5569.703,2000,6311.473,5605.737,2000,6123.939,5694.274,2000,6461.371,6012.923,2000,6323.153,5881.878,2000,6463.548,6024.974,2000,6230.155,5789.937,2000,6482.083,5659.132,2000,6068.335,5934.234,2000,6061.33,5740.513,2000,6023.854,5615.644,2000,6401.761,5565.137,2000,6213.996
5842.663,2000,6018.563,6000.316,2000,6134.566,5965.002,2000,6409.955,5566.633,2000,6312.497,5603.052,2000,6122.124,5692.922,2000,6464.314,6015.986,2000,6324.211,5883.146,2000,6466.531,6028.205,2000,6229.903,5789.915,2000,6485.324,5657.163,2000,6065.761,5936.076,2000,6058.663,5739.884,2000,6020.674,5613.292,2000,6403.48,5561.953,2000,6213.389
5843.134,2000,6016.294,6002.356,2000,6133.469,5966.696,2000,6411.536,5564.464,2000,6313.3,5601.091,2000,6120.89,5691.887,2000,6466.385,6018.176,2000,6324.968,5884.051,2000,6468.663,6030.515,2000,6229.722,5789.898,2000,6487.641,5655.757,2000,6063.92,5937.33,2000,6056.715,5739.509,2000,6018.388,5611.694,2000,6404.73,5559.693,2000,6212.88
5843.51,2000,6014.483,6003.956,2000,6132.54,5968.048,2000,6412.798,5562.712,2000,6313.885,5599.494,2000,6119.957,5691.071,2000,6468.044,6019.904,2000,6325.629,5884.83,2000,6470.341,6032.353,2000,6229.517,5789.824,2000,6489.489,5654.634,2000,6062.45,5938.381,2000,6055.193,5739.27,2000,6016.554,5610.478,2000,6405.747,5557.876,2000,6212.534
5844.166,2000,6011.77,6006.353,2000,6131.107,5970.089,2000,6414.703,5560.041,2000,6314.68,5597.039,2000,6118.627,5689.839,2000,6470.548,6022.477,2000,6326.711,5886.087,2000,6472.834,6035.116,2000,6229.118,5789.622,2000,6492.274,5652.941,2000,6060.23,5940.014,2000,6052.929,5739,2000,6013.775,5608.709,2000,6407.292,5555.118,2000,6212.101
5844.771,2000,6009.529,6008.337,2000,6129.905,5971.786,2000,6416.286,5557.815,2000,6315.322,5594.963,2000,6117.589,5688.804,2000,6472.623,6024.585,2000,6327.681,5887.2,2000,6474.871,6037.401,2000,6228.71,5789.377,2000,6494.582,5651.535,2000,6058.385,5941.39,2000,6051.06,5738.85,2000,6011.459,5607.265,2000,6408.512,5552.815,2000,6211.816
5845.425,2000,6007.3,6010.31,2000,6128.678,5973.484,2000,6417.872,5555.592,2000,6315.983,5592.853,2000,6116.619,5687.716,2000,6474.675,6026.664,2000,6328.72,5888.379,2000,6476.872,6039.673,2000,6228.228,5789.058,2000,6496.883,5650.128,2000,6056.536,5942.786,2000,6049.203,5738.777,2000,6009.137,5605.853,2000,6409.688,5550.501,2000,6211.604
5845.917,2000,6005.745,6011.686,2000,6127.801,5974.677,2000,6418.984,5554.038,2000,6316.467,5591.349,2000,6115.987,5686.924,2000,6476.1,6028.146,2000,6329.401,5889.161,2000,6478.304,6041.279,2000,6227.942,5788.886,2000,6498.505,5649.183,2000,6055.207,5943.773,2000,6047.904,5738.672,2000,6007.509,5604.886,2000,6410.48,5548.875,2000,6211.489
5846.879,2000,6002.553,6014.53,2000,6126.063,5977.114,2000,6421.258,5550.868,2000,6317.475,5588.235,2000,6114.795,5685.342,2000,6479.032,6031.219,2000,6330.694,5890.663,2000,6481.28,6044.579,2000,6227.465,5788.644,2000,6501.83,5647.341,2000,6052.427,5945.804,2000,6045.26,5738.349,2000,6004.19,5602.951,2000,6412.053,5545.544,2000,6211.328
5847.275,2000,6001.066,6015.858,2000,6125.285,5978.239,2000,6422.308,5549.409,2000,6317.953,5586.781,2000,6114.293,5684.631,2000,6480.395,6032.656,2000,6331.244,5891.31,2000,6482.676,6046.108,2000,6227.294,5788.583,2000,6503.367,5646.533,2000,6051.118,5946.744,2000,6044.042,5738.25,2000,6002.655,5602.111,2000,6412.749,5544.007,2000,6211.284
5848.072,2000,5998.42,6018.267,2000,6123.931,5980.259,2000,6424.193,5546.82,2000,6318.898,5584.142,2000,6113.477,5683.407,2000,6482.87,6035.267,2000,6332.146,5892.391,2000,6485.219,6048.862,2000,6227.068,5788.519,2000,6506.129,5645.161,2000,6048.72,5948.36,2000,6041.801,5738.162,2000,5999.894,5600.602,2000,6413.918,5541.244,2000,6211.262
5848.64,2000,5996.74,6019.812,2000,6123.059,5981.556,2000,6425.404,5545.178,2000,6319.559,5582.431,2000,6113.008,5682.608,2000,6484.452,6036.943,2000,6332.728,5893.079,2000,6486.854,6050.629,2000,6226.909,5788.468,2000,6507.903,5644.33,2000,6047.152,5949.35,2000,6040.329,5738.164,2000,5998.12,5599.657,2000,6414.603,5539.47,2000,6211.307
5849.551,2000,5994.305,6022.033,2000,6121.707,5983.453,2000,6427.183,5542.805,2000,6320.605,5579.901,2000,6112.404,5681.362,2000,6486.732,6039.402,2000,6333.573,5894.081,2000,6489.254,6053.21,2000,6226.592,5788.308,2000,6510.498,5643.189,2000,6044.815,5950.729,2000,6038.125,5738.252,2000,5995.521,5598.284,2000,6415.529,5536.874,2000,6211.457
5850.347,2000,5992.375,6023.779,2000,6120.564,5984.927,2000,6428.66,5540.93,2000,6321.506,5577.857,2000,6111.986,5680.303,2000,6488.528,6041.353,2000,6334.315,5894.947,2000,6491.152,6055.271,2000,6226.27,5788.111,2000,6512.576,5642.335,2000,6042.912,5951.778,2000,6036.321,5738.391,2000,5993.439,5597.214,2000,6416.201,5534.796,2000,6211.645
5851.028,2000,5990.866,6025.134,2000,6119.612,5986.059,2000,6429.87,5539.465,2000,6322.27,5576.224,2000,6111.708,5679.416,2000,6489.926,6042.881,2000,6334.954,5895.683,2000,6492.636,6056.899,2000,6225.96,5787.901,2000,6514.219,5641.707,2000,6041.379,5952.563,2000,6034.862,5738.555,2000,5991.791,5596.382,2000,6416.687,5533.152,2000,6211.849
5852.124,2000,5988.633,6027.122,2000,6118.116,5987.698,2000,6431.741,5537.306,2000,6323.488,5573.759,2000,6111.37,5678.016,2000,6491.979,6045.143,2000,6335.989,5896.861,2000,6494.827,6059.326,2000,6225.416,5787.505,2000,6516.675,5640.839,2000,6039.047,5953.67,2000,6032.634,5738.882,2000,5989.325,5595.151,2000,6417.352,5530.694,2000,6212.235
5853.104,2000,5986.792,6028.747,2000,6116.809,5989.02,2000,6433.354,5535.53,2000,6324.568,5571.685,2000,6111.154,5676.787,2000,6493.662,6047.01,2000,6336.918,5897.909,2000,6496.63,6061.345,2000,6224.893,5787.106,2000,6518.722,5640.176,2000,6037.07,5954.536,2000,6030.737,5739.224,2000,5987.268,5594.153,2000,6417.85,5528.646,2000,6212.626
5853.836,2000,5985.519,6029.86,2000,6115.851,5989.914,2000,6434.52,5534.305,2000,6325.369,5570.22,2000,6111.05,5675.882,2000,6494.818,6048.303,2000,6337.615,5898.688,2000,6497.876,6062.754,2000,6224.479,5786.778,2000,6520.153,5639.755,2000,6035.663,5955.102,2000,6029.382,5739.512,2000,5985.827,5593.469,2000,6418.164,5527.212,2000,6212.948
5855.274,2000,5983.197,6031.871,2000,6114.003,5991.503,2000,6436.741,5532.078,2000,6326.931,5567.493,2000,6110.901,5674.132,2000,6496.911,6050.664,2000,6338.989,5900.21,2000,6500.143,6065.348,2000,6223.623,5786.081,2000,6522.794,5639.059,2000,6033.022,5956.071,2000,6026.829,5740.135,2000,5983.168,5592.216,2000,6418.689,5524.569,2000,6213.635
5856.443,2000,5981.44,6033.377,2000,6112.525,5992.674,2000,6438.496,5530.398,2000,6328.192,5565.388,2000,6110.756,5672.728,2000,6498.483,6052.451,2000,6340.11,5901.444,2000,6501.854,6067.329,2000,6222.896,5785.477,2000,6524.815,5638.587,2000,6030.965,5956.755,2000,6024.833,5740.684,2000,5981.131,5591.288,2000,6419.043,5522.546,2000,6214.231
5857.184,2000,5980.403,6034.257,2000,6111.604,5993.346,2000,6439.578,5529.41,2000,6328.987,5564.114,2000,6110.71,5671.849,2000,6499.404,6053.508,2000,6340.822,5902.222,2000,6502.863,6068.51,2000,6222.418,5785.072,2000,6526.024,5638.343,2000,6029.714,5957.129,2000,6023.615,5741.055,2000,5979.912,5590.745,2000,6419.231,5521.336,2000,6214.632
5858.989,2000,5978.042,6036.237,2000,6109.388,5994.831,2000,6442.153,5527.167,2000,6330.915,5561.143,2000,6110.7,5669.731,2000,6501.483,6055.918,2000,6342.562,5904.113,2000,6505.156,6071.228,2000,6221.215,5784.036,2000,6528.809,5637.87,2000,6026.78,5957.907,2000,6020.747,5742.013,2000,5977.099,5589.495,2000,6419.616,5518.546,2000,6215.657
5860.229,2000,5976.305,6037.607,2000,6107.751,5995.835,2000,6444.036,5525.603,2000,6332.35,5559.009,2000,6110.763,5668.162,2000,6502.926,6057.607,2000,6343.867,5905.525,2000,6506.757,6073.15,2000,6220.287,5783.227,2000,6530.784,5637.6,2000,6024.663,5958.532,2000,6018.706,5742.768,2000,5975.102,5588.64,2000,6419.85,5516.568,2000,6216.459
5861.298,2000,5974.7,6038.795,2000,6106.232,5996.687,2000,6445.766,5524.149,2000,6333.599,5557.084,2000,6110.882,5666.702,2000,6504.183,6059.093,2000,6345.096,5906.847,2000,6508.161,6074.858,2000,6219.393,5782.438,2000,6532.543,5637.418,2000,6022.744,5959.157,2000,6016.881,5743.507,2000,5973.321,5587.905,2000,6420.076,5514.806,2000,6217.241
5862.537,2000,5972.7,6040.184,2000,6104.333,5997.656,2000,6447.909,5522.327,2000,6335.063,5554.743,2000,6111.105,5664.873,2000,6505.656,6060.856,2000,6346.653,5908.514,2000,6509.82,6076.905,2000,6218.234,5781.405,2000,6534.657,5637.273,2000,6020.396,5959.992,2000,6014.682,5744.48,2000,5971.18,5587.049,2000,6420.371,5512.688,2000,6218.265
5863.508,2000,5971.011,6041.282,2000,6102.724,5998.401,2000,6449.71,5520.78,2000,6336.226,5552.81,2000,6111.353,5663.318,2000,6506.827,6062.274,2000,6347.99,5909.94,2000,6511.148,6078.568,2000,6217.219,5780.493,2000,6536.379,5637.216,2000,6018.448,5960.743,2000,6012.884,5745.344,2000,5969.433,5586.379,2000,6420.627,5510.962,2000,6219.17
5865.023,2000,5968.164,6043.011,2000,6100.001,5999.73,2000,6452.648,5518.159,2000,6338.064,5549.625,2000,6111.867,5660.683,2000,6508.678,6064.546,2000,6350.278,5912.227,2000,6513.423,6081.265,2000,6215.45,5778.891,2000,6539.179,5637.229,2000,6015.223,5962.083,2000,6009.95,5746.868,2000,5966.59,5585.324,2000,6421.07,5508.157,2000,6220.761
5865.351,2000,5967.497,6043.388,2000,6099.361,6000.058,2000,6453.315,5517.542,2000,6338.468,5548.896,2000,6112.01,5660.063,2000,6509.084,6065.052,2000,6350.822,5912.736,2000,6513.964,6081.873,2000,6215.022,5778.522,2000,6539.823,5637.255,2000,6014.481,5962.414,2000,6009.285,5747.24,2000,5965.947,5585.098,2000,6421.173,5507.523,2000,6221.148
5866.479,2000,5964.994,6044.706,2000,6096.952,6001.351,2000,6455.737,5515.214,2000,6339.883,5546.22,2000,6112.624,5657.722,2000,6510.51,6066.855,2000,6352.893,5914.552,2000,6516.023,6084.065,2000,6213.369,5777.158,2000,6542.207,5637.445,2000,6011.742,5963.715,2000,6006.867,5748.692,2000,5963.617,5584.286,2000,6421.578,5505.228,2000,6222.656
5867.31,2000,5962.979,6045.688,2000,6095.007,6002.439,2000,6457.625,5513.332,2000,6340.944,5544.113,2000,6113.181,5655.829,2000,6511.581,6068.232,2000,6354.583,5915.939,2000,6517.705,6085.805,2000,6212.057,5776.076,2000,6544.098,5637.667,2000,6009.574,5964.811,2000,6004.983,5749.905,2000,5961.807,5583.683,2000,6421.904,5503.447,2000,6223.912
5868.076,2000,5960.934,6046.608,2000,6093.026,6003.591,2000,6459.48,5511.413,2000,6341.946,5542.021,2000,6113.808,5653.897,2000,6512.59,6069.611,2000,6356.275,5917.273,2000,6519.434,6087.549,2000,6210.743,5774.991,2000,6545.994,5637.96,2000,6007.41,5965.969,2000,6003.132,5751.179,2000,5960.033,5583.112,2000,6422.238,5501.704,2000,6225.228
5868.633,2000,5959.281,6047.291,2000,6091.421,6004.56,2000,6460.932,5509.854,2000,6342.695,5540.368,2000,6114.363,5652.33,2000,6513.345,6070.713,2000,6357.628,5918.292,2000,6520.849,6088.942,2000,6209.692,5774.125,2000,6547.508,5638.194,2000,6005.681,5966.942,2000,6001.684,5752.243,2000,5958.65,5582.681,2000,6422.509,5500.347,2000,6226.324
5869.396,2000,5956.751,6048.245,2000,6088.958,6006.097,2000,6463.081,5507.532,2000,6343.906,5537.892,2000,6115.285,5649.918,2000,6514.411,6072.382,2000,6359.676,5919.766,2000,6523.042,6091.052,2000,6208.102,5772.813,2000,6549.801,5638.549,2000,6003.063,5968.488,2000,5999.541,5753.921,2000,5956.61,5582.059,2000,6422.928,5498.347,2000,6228.051
5869.906,2000,5954.834,6048.9,2000,6087.085,6007.204,2000,6464.727,5505.82,2000,6344.872,5536.056,2000,6116.038,5648.084,2000,6515.151,6073.635,2000,6361.214,5920.92,2000,6524.655,6092.636,2000,6206.907,5771.827,2000,6551.523,5638.815,2000,6001.097,5969.7,2000,5997.97,5755.231,2000,5955.12,5581.622,2000,6423.244,5496.889,2000,6229.396
5870.603,2000,5952.525,6049.622,2000,6084.785,6008.607,2000,6466.688,5503.778,2000,6346.113,5533.856,2000,6117.026,5645.826,2000,6515.978,6075.159,2000,6363.084,5922.266,2000,6526.657,6094.562,2000,6205.456,5770.629,2000,6553.616,5639.139,2000,5998.707,5971.236,2000,5996.11,5756.881,2000,5953.361,5581.12,2000,6423.633,5495.17,2000,6231.088
5871.313,2000,5950.42,6050.217,2000,6082.645,6009.846,2000,6468.532,5501.936,2000,6347.317,5531.86,2000,6118.001,5643.723,2000,6516.67,6076.562,2000,6364.806,5923.559,2000,6528.463,6096.335,2000,6204.118,5769.526,2000,6555.544,5639.437,2000,5996.506,5972.706,2000,5994.444,5758.454,2000,5951.792,5580.686,2000,6423.993,5493.639,2000,6232.697
5871.935,2000,5948.758,6050.637,2000,6080.92,6010.878,2000,6469.975,5500.497,2000,6348.327,5530.292,2000,6118.833,5642.026,2000,6517.167,6077.683,2000,6366.182,5924.548,2000,6529.937,6097.752,2000,6203.05,5768.645,2000,6557.085,5639.675,2000,5994.747,5973.922,2000,5993.153,5759.75,2000,5950.581,5580.352,2000,6424.273,5492.459,2000,6234.022
5872.948,2000,5946.3,6051.18,2000,6078.317,6012.361,2000,6472.182,5498.391,2000,6349.909,5527.985,2000,6120.154,5639.461,2000,6517.83,6079.363,2000,6368.244,5926.096,2000,6532.099,6099.875,2000,6201.449,5767.324,2000,6559.393,5640.032,2000,5992.112,5975.808,2000,5991.278,5761.751,2000,5948.83,5579.864,2000,6424.683,5490.756,2000,6236.065
5873.863,2000,5944.272,6051.563,2000,6076.125,6013.656,2000,6473.991,5496.674,2000,6351.289,5526.092,2000,6121.323,5637.3,2000,6518.313,6080.768,2000,6369.968,5927.336,2000,6533.946,6101.652,2000,6200.11,5766.219,2000,6561.324,5640.331,2000,5989.908,5977.437,2000,5989.762,5763.473,2000,5947.42,5579.472,2000,6425.012,5489.388,2000,6237.819
5874.845,2000,5942.272,6051.875,2000,6073.919,6014.899,2000,6475.84,5495.001,2000,6352.727,5524.196,2000,6122.493,5635.122,2000,6518.725,6082.175,2000,6371.695,5928.633,2000,6535.758,6103.431,2000,6198.769,5765.112,2000,6563.258,5640.63,2000,5987.7,5979.116,2000,5988.298,5765.242,2000,5946.065,5579.091,2000,6425.333,5488.077,2000,6239.62
5875.893,2000,5940.302,6052.115,2000,6071.701,6016.198,2000,6477.655,5493.375,2000,6354.22,5522.297,2000,6123.665,5632.929,2000,6519.066,6083.585,2000,6373.425,5929.877,2000,6537.61,6105.212,2000,6197.425,5764.004,2000,6565.195,5640.93,2000,5985.488,5980.845,2000,5986.888,5767.057,2000,5944.768,5578.721,2000,6425.644,5486.823,2000,6241.466
5876.782,2000,5938.757,6052.249,2000,6069.923,6017.192,2000,6479.135,5492.115,2000,6355.454,5520.78,2000,6124.601,5631.17,2000,6519.281,6084.711,2000,6374.807,5930.915,2000,6539.06,6106.636,2000,6196.352,5763.119,2000,6566.742,5641.169,2000,5983.722,5982.262,2000,5985.807,5768.541,2000,5943.779,5578.434,2000,6425.885,5485.87,2000,6242.972
5878.201,2000,5936.465,6052.362,2000,6067.23,6018.76,2000,6481.327,5490.273,2000,6357.381,5518.487,2000,6126.016,5628.524,2000,6519.693,6086.414,2000,6376.896,5932.418,2000,6541.297,6108.788,2000,6194.729,5761.78,2000,6569.082,5641.531,2000,5981.051,5984.458,2000,5984.243,5770.831,2000,5942.358,5577.999,2000,6426.228,5484.504,2000,6245.296
5879.445,2000,5934.596,6052.53,2000,6064.992,6020.012,2000,6483.19,5488.793,2000,6359.035,5516.576,2000,6127.195,5626.335,2000,6520.107,6087.832,2000,6378.637,5933.725,2000,6543.123,6110.581,2000,6193.378,5760.665,2000,6571.03,5641.833,2000,5978.826,5986.243,2000,5982.882,5772.699,2000,5941.113,5577.639,2000,6426.492,5483.43,2000,6247.268
5880.493,2000,5933.129,6052.724,2000,6063.2,6021.061,2000,6484.655,5487.65,2000,6360.4,5515.042,2000,6128.142,5624.591,2000,6520.497,6088.97,2000,6380.034,5934.73,2000,6544.618,6112.02,2000,6192.293,5759.77,2000,6572.594,5642.074,2000,5977.041,5987.639,2000,5981.743,5774.165,2000,5940.065,5577.352,2000,6426.689,5482.621,2000,6248.877
5882.131,2000,5930.986,6053.102,2000,6060.529,6022.565,2000,6486.894,5486.007,2000,6362.497,5512.747,2000,6129.558,5622.002,2000,6521.165,6090.673,2000,6382.125,5936.3,2000,6546.812,6114.173,2000,6190.669,5758.43,2000,6574.936,5642.437,2000,5974.368,5989.672,2000,5979.97,5776.307,2000,5938.425,5576.923,2000,6426.963,5481.488,2000,6251.326
5883.559,2000,5929.241,6053.49,2000,6058.308,6023.878,2000,6488.728,5484.692,2000,6364.293,5510.828,2000,6130.742,5619.86,2000,6521.793,6092.098,2000,6383.874,5937.558,2000,6548.683,6115.974,2000,6189.312,5757.31,2000,6576.893,5642.739,2000,5972.133,5991.323,2000,5978.434,5778.051,2000,5936.997,5576.568,2000,6427.174,5480.609,2000,6253.402
5884.602,2000,5928.047,6053.814,2000,6056.757,6024.762,2000,6490.043,5483.811,2000,6365.584,5509.479,2000,6131.574,5618.371,2000,6522.284,6093.099,2000,6385.102,5938.48,2000,6549.972,6117.24,2000,6188.357,5756.522,2000,6578.268,5642.952,2000,5970.563,5992.447,2000,5977.316,5779.244,2000,5935.953,5576.321,2000,6427.311,5480.04,2000,6254.881
5886.603,2000,5925.903,6054.507,2000,6053.906,6026.469,2000,6492.429,5482.258,2000,6368.025,5506.983,2000,6133.115,5615.646,2000,6523.28,6094.952,2000,6387.376,5940.116,2000,6552.407,6119.582,2000,6186.591,5755.065,2000,6580.814,5643.346,2000,5967.656,5994.458,2000,5975.181,5781.387,2000,5933.95,5575.864,2000,6427.543,5479.075,2000,6257.652
5888.202,2000,5924.299,6055.114,2000,6051.725,6027.732,2000,6494.309,5481.123,2000,6369.946,5505.056,2000,6134.304,5613.571,2000,6524.118,6096.382,2000,6389.132,5941.434,2000,6554.249,6121.39,2000,6185.228,5753.94,2000,6582.78,5643.65,2000,5965.412,5995.957,2000,5973.483,5782.99,2000,5932.351,5575.517,2000,6427.706,5478.401,2000,6259.814
5889.195,2000,5923.365,6055.522,2000,6050.423,6028.525,2000,6495.418,5480.478,2000,6371.124,5503.895,2000,6135.021,5612.34,2000,6524.662,6097.244,2000,6390.189,5942.195,2000,6555.38,6122.479,2000,6184.407,5753.263,2000,6583.963,5643.833,2000,5964.061,5996.825,2000,5972.431,5783.953,2000,5931.385,5575.31,2000,6427.795,5478.038,2000,6261.128
5891.583,2000,5921.264,6056.573,2000,6047.421,6030.299,2000,6498.058,5479.065,2000,6373.917,5501.188,2000,6136.691,5609.455,2000,6525.9,6099.252,2000,6392.655,5944.046,2000,6557.967,6125.019,2000,6182.493,5751.684,2000,6586.724,5644.26,2000,5960.909,5998.768,2000,5969.914,5786.27,2000,5929.207,5574.828,2000,6427.983,5477.292,2000,6264.22
5893.327,2000,5919.828,6057.389,2000,6045.315,6031.614,2000,6499.895,5478.129,2000,6375.929,5499.267,2000,6137.877,5607.38,2000,6526.711,6100.679,2000,6394.406,5945.306,2000,6559.841,6126.822,2000,6181.133,5750.562,2000,6588.684,5644.563,2000,5958.671,6000.089,2000,5968.082,5787.965,2000,5927.714,5574.493,2000,6428.102,5476.833,2000,6266.432
5895.137,2000,5918.434,6058.284,2000,6043.213,6032.888,2000,6501.791,5477.25,2000,6377.993,5497.322,2000,6139.077,5605.256,2000,6527.462,6102.122,2000,6396.177,5946.635,2000,6561.699,6128.646,2000,6179.757,5749.427,2000,6590.667,5644.87,2000,5956.407,6001.364,2000,5966.186,5789.729,2000,5926.262,5574.158,2000,6428.208,5476.444,2000,6268.683
5896.987,2000,5917.103,6059.244,2000,6041.146,6034.214,2000,6503.644,5476.441,2000,6380.077,5495.383,2000,6140.273,5603.116,2000,6528.142,6103.562,2000,6397.944,5947.906,2000,6563.591,6130.466,2000,6178.385,5748.295,2000,6592.645,5645.176,2000,5954.149,6002.573,2000,5964.254,5791.535,2000,5924.872,5573.828,2000,6428.301,5476.129,2000,6270.94
5898.316,2000,5916.211,6059.966,2000,6039.717,6035.107,2000,6504.973,5475.922,2000,6381.556,5494.021,2000,6141.114,5601.599,2000,6528.569,6104.572,2000,6399.185,5948.838,2000,6564.893,6131.744,2000,6177.422,5747.5,2000,6594.034,5645.391,2000,5952.563,6003.377,2000,5962.87,5792.834,2000,5923.937,5573.6,2000,6428.357,5475.959,2000,6272.532
5900.832,2000,5914.641,6061.389,2000,6037.116,6036.833,2000,6507.384,5475.051,2000,6384.325,5491.498,2000,6142.671,5598.765,2000,6529.268,6106.445,2000,6401.484,5950.492,2000,6567.354,6134.112,2000,6175.637,5746.028,2000,6596.608,5645.789,2000,5949.625,6004.782,2000,5960.259,5795.297,2000,5922.285,5573.179,2000,6428.447,5475.743,2000,6275.489
5902.81,2000,5913.494,6062.551,2000,6035.146,6038.108,2000,6509.282,5474.312,2000,6386.434,5489.552,2000,6143.872,5596.566,2000,6529.734,6107.89,2000,6403.257,5951.822,2000,6569.213,6135.938,2000,6174.26,5744.892,2000,6598.593,5646.096,2000,5947.358,6005.8,2000,5958.211,5797.237,2000,5921.074,5572.866,2000,6428.524,5475.65,2000,6277.773
5904.022,2000,5912.843,6063.289,2000,6033.985,6038.909,2000,6510.401,5473.826,2000,6387.686,5488.38,2000,6144.594,5595.253,2000,6530.058,6108.759,2000,6404.324,5952.59,2000,6570.355,6137.037,2000,6173.432,5744.208,2000,6599.787,5646.281,2000,5945.995,6006.372,2000,5956.959,5798.427,2000,5920.384,5572.683,2000,6428.576,5475.633,2000,6279.149
5906.893,2000,5911.421,6065.093,2000,6031.339,6040.695,2000,6513.06,5472.602,2000,6390.56,5485.655,2000,6146.276,5592.226,2000,6530.91,6110.782,2000,6406.807,5954.454,2000,6572.96,6139.594,2000,6171.503,5742.618,2000,6602.567,5646.711,2000,5942.821,6007.606,2000,5954.004,5801.25,2000,5918.87,5572.266,2000,6428.708,5475.58,2000,6282.352
5908.981,2000,5910.471,6066.448,2000,6029.486,6042.031,2000,6514.926,5471.659,2000,6392.587,5483.702,2000,6147.481,5590.08,2000,6531.591,6112.231,2000,6408.586,5955.734,2000,6574.865,6141.427,2000,6170.122,5741.478,2000,6604.559,5647.019,2000,5940.547,6008.42,2000,5951.859,5803.306,2000,5917.851,5571.978,2000,6428.81,5475.517,2000,6284.646
5911.036,2000,5909.453,6067.861,2000,6027.681,6043.31,2000,6516.829,5470.651,2000,6394.579,5481.751,2000,6148.686,5587.96,2000,6532.34,6113.68,2000,6410.363,5957.068,2000,6576.729,6143.257,2000,6168.742,5740.339,2000,6606.549,5647.327,2000,5938.275,6009.164,2000,5949.69,5805.393,2000,5916.901,5571.7,2000,6428.918,5475.435,2000,6286.937
5912.659,2000,5908.582,6069.043,2000,6026.268,6044.381,2000,6518.327,5469.791,2000,6396.151,5480.184,2000,6149.653,5586.278,2000,6532.998,6114.843,2000,6411.792,5958.096,2000,6578.258,6144.728,2000,6167.633,5739.424,2000,6608.147,5647.574,2000,5936.45,6009.704,2000,5947.929,5807.043,2000,5916.084,5571.483,2000,6429.011,5475.309,2000,6288.774
5915.042,2000,5907.2,6070.879,2000,6024.214,6045.918,2000,6520.614,5468.426,2000,6398.459,5477.838,2000,6151.1,5583.795,2000,6534.063,6116.584,2000,6413.928,5959.699,2000,6580.499,6146.928,2000,6165.974,5738.056,2000,6610.539,5647.944,2000,5933.719,6010.425,2000,5945.269,5809.471,2000,5914.781,5571.169,2000,6429.158,5475.031,2000,6291.516
5916.995,2000,5905.981,6072.468,2000,6022.549,6047.258,2000,6522.486,5467.225,2000,6400.35,5475.88,2000,6152.309,5581.751,2000,6535.021,6118.038,2000,6415.712,5960.983,2000,6582.409,6148.766,2000,6164.589,5736.913,2000,6612.537,5648.253,2000,5931.439,6010.954,2000,5943.029,5811.462,2000,5913.626,5570.917,2000,6429.287,5474.724,2000,6293.796
5918.337,2000,5905.081,6073.546,2000,6021.344,6048.16,2000,6523.828,5466.337,2000,6401.649,5474.504,2000,6153.158,5580.338,2000,6535.74,6119.059,2000,6416.965,5961.924,2000,6583.724,6150.057,2000,6163.616,5736.11,2000,6613.94,5648.47,2000,5929.837,6011.377,2000,5941.469,5812.833,2000,5912.771,5570.747,2000,6429.381,5474.456,2000,6295.391
5920.765,2000,5903.335,6075.465,2000,6019.051,6049.9,2000,6526.26,5464.773,2000,6404.108,5471.959,2000,6154.729,5577.767,2000,6537.157,6120.948,2000,6419.284,5963.592,2000,6586.206,6152.445,2000,6161.815,5734.625,2000,6616.536,5648.871,2000,5926.874,6012.253,2000,5938.609,5815.317,2000,5911.104,5570.429,2000,6429.542,5473.863,2000,6298.322
5922.594,2000,5901.927,6076.887,2000,6017.233,6051.187,2000,6528.175,5463.629,2000,6406.045,5469.995,2000,6155.94,5575.747,2000,6538.185,6122.405,2000,6421.073,5964.935,2000,6588.083,6154.288,2000,6160.426,5733.479,2000,6618.539,5649.181,2000,5924.587,6013.001,2000,5936.426,5817.191,2000,5909.757,5570.186,2000,6429.656,5473.333,2000,6300.567
5924.373,2000,5900.461,6078.248,2000,6015.373,6052.528,2000,6530.05,5462.549,2000,6408.017,5468.034,2000,6157.151,5573.695,2000,6539.146,6123.861,2000,6422.86,5966.22,2000,6589.996,6156.128,2000,6159.039,5732.333,2000,6620.539,5649.49,2000,5922.303,6013.82,2000,5934.271,5819.017,2000,5908.351,5569.951,2000,6429.776,5472.729,2000,6302.792
5925.756,2000,5899.245,6079.285,2000,6013.851,6053.556,2000,6531.579,5461.737,2000,6409.622,5466.466,2000,6158.118,5572.03,2000,6539.86,6125.025,2000,6424.288,5967.292,2000,6591.494,6157.599,2000,6157.93,5731.418,2000,6622.138,5649.737,2000,5920.478,6014.53,2000,5932.572,5820.439,2000,5907.18,5569.77,2000,6429.875,5472.189,2000,6304.553
5927.783,2000,5897.339,6080.777,2000,6011.502,6055.175,2000,6533.841,5460.591,2000,6412.084,5464.099,2000,6159.579,5569.48,2000,6540.857,6126.782,2000,6426.444,5968.844,2000,6593.803,6159.82,2000,6156.255,5730.037,2000,6624.552,5650.111,2000,5917.721,6015.686,2000,5930.041,5822.527,2000,5905.342,5569.505,2000,6430.033,5471.288,2000,6307.184
5929.256,2000,5895.862,6081.837,2000,6009.706,6056.338,2000,6535.572,5459.792,2000,6413.959,5462.323,2000,6160.675,5567.543,2000,6541.542,6128.1,2000,6428.062,5970.058,2000,6595.499,6161.485,2000,6154.999,5729,2000,6626.363,5650.391,2000,5915.653,6016.614,2000,5928.173,5824.047,2000,5903.913,5569.315,2000,6430.155,5470.547,2000,6309.134
5930.986,2000,5894.008,6083.053,2000,6007.481,6057.814,2000,6537.634,5458.896,2000,6416.27,5460.166,2000,6162.006,5565.163,2000,6542.296,6129.702,2000,6430.027,5971.472,2000,6597.604,6163.51,2000,6153.473,5727.741,2000,6628.563,5650.731,2000,5913.141,6017.815,2000,5925.94,5825.837,2000,5902.117,5569.092,2000,6430.308,5469.57,2000,6311.473
5932.364,2000,5892.431,6084.046,2000,6005.637,6058.982,2000,6539.373,5458.219,2000,6418.202,5458.383,2000,6163.106,5563.176,2000,6542.856,6131.025,2000,6431.651,5972.691,2000,6599.307,6165.183,2000,6152.211,5726.701,2000,6630.382,5651.013,2000,5911.065,6018.868,2000,5924.129,5827.266,2000,5900.586,5568.915,2000,6430.438,5468.813,2000,6313.425
5933.97,2000,5890.467,6085.321,2000,6003.443,6060.459,2000,6541.436,5457.475,2000,6420.569,5456.224,2000,6164.438,5560.748,2000,6543.455,6132.627,2000,6433.618,5974.106,2000,6601.413,6167.208,2000,6150.684,5725.441,2000,6632.583,5651.353,2000,5908.552,6020.214,2000,5921.979,5828.936,2000,5898.676,5568.708,2000,6430.601,5467.973,2000,6315.818
5935.384,2000,5888.618,6086.556,2000,6001.47,6061.757,2000,6543.368,5456.863,2000,6422.762,5454.243,2000,6165.661,5558.502,2000,6543.931,6134.098,2000,6435.422,5975.46,2000,6603.306,6169.067,2000,6149.283,5724.285,2000,6634.604,5651.666,2000,5906.245,6021.513,2000,5920.047,5830.409,2000,5896.874,5568.527,2000,6430.753,5467.275,2000,6318.038
5936.732,2000,5886.729,6087.851,2000,5999.544,6063.108,2000,6545.255,5456.325,2000,6424.969,5452.268,2000,6166.879,5556.248,2000,6544.332,6135.564,2000,6437.222,5976.755,2000,6605.232,6170.92,2000,6147.885,5723.132,2000,6636.618,5651.977,2000,5903.945,6022.871,2000,5918.165,5831.819,2000,5895.03,5568.351,2000,6430.904,5466.652,2000,6320.273
5937.636,2000,5885.372,6088.805,2000,5998.221,6064.018,2000,6546.609,5455.998,2000,6426.531,5450.88,2000,6167.736,5554.655,2000,6544.563,6136.594,2000,6438.486,5977.704,2000,6606.559,6172.223,2000,6146.903,5722.322,2000,6638.034,5652.196,2000,5902.329,6023.867,2000,5916.874,5832.767,2000,5893.703,5568.228,2000,6431.008,5466.266,2000,6321.857
5939.223,2000,5882.81,6090.646,2000,5995.836,6065.771,2000,6549.059,5455.488,2000,6429.436,5448.316,2000,6169.318,5551.7,2000,6544.892,6138.498,2000,6440.822,5979.385,2000,6609.06,6174.629,2000,6145.089,5720.825,2000,6640.649,5652.6,2000,5899.343,6025.786,2000,5914.55,5834.437,2000,5891.195,5568.004,2000,6431.199,5465.649,2000,6324.806
5940.037,2000,5881.395,6091.686,2000,5994.577,6066.682,2000,6550.415,5455.264,2000,6431.018,5446.926,2000,6170.176,5550.093,2000,6545.018,6139.529,2000,6442.087,5980.335,2000,6610.387,6175.933,2000,6144.106,5720.014,2000,6642.066,5652.819,2000,5897.725,6026.866,2000,5913.325,5835.296,2000,5889.807,5567.886,2000,6431.3,5465.367,2000,6326.413
5941.887,2000,5877.918,6094.291,2000,5991.624,6068.973,2000,6553.617,5454.847,2000,6434.851,5443.575,2000,6172.244,5546.209,2000,6545.194,6142.016,2000,6445.14,5982.531,2000,6613.656,6179.077,2000,6141.736,5718.059,2000,6645.484,5653.348,2000,5893.823,6029.566,2000,5910.459,5837.259,2000,5886.393,5567.602,2000,6431.542,5464.813,2000,6330.31
5942.869,2000,5875.918,6095.819,2000,5990.001,6070.216,2000,6555.466,5454.683,2000,6437.026,5441.679,2000,6173.414,5544.008,2000,6545.222,6143.424,2000,6446.868,5983.828,2000,6615.468,6180.856,2000,6140.395,5716.952,2000,6647.418,5653.647,2000,5891.614,6031.146,2000,5908.888,5838.306,2000,5884.426,5567.445,2000,6431.676,5464.573,2000,6332.524
5943.108,2000,5875.387,6096.232,2000,5989.591,6070.555,2000,6555.94,5454.658,2000,6437.596,5441.183,2000,6173.72,5543.433,2000,6545.21,6143.792,2000,6447.319,5984.153,2000,6615.951,6181.321,2000,6140.044,5716.663,2000,6647.923,5653.726,2000,5891.037,6031.573,2000,5908.491,5838.563,2000,5883.903,5567.405,2000,6431.711,5464.529,2000,6333.104
5944.348,2000,5872.38,6098.612,2000,5987.375,6072.369,2000,6558.64,5454.626,2000,6440.78,5438.415,2000,6175.428,5540.225,2000,6545.041,6145.846,2000,6449.84,5986.046,2000,6618.596,6183.918,2000,6138.086,5715.047,2000,6650.747,5654.162,2000,5887.814,6034.024,2000,5906.354,5839.9,2000,5880.938,5567.18,2000,6431.903,5464.39,2000,6336.352
5945.164,2000,5870.201,6100.366,2000,5985.845,6073.723,2000,6560.532,5454.678,2000,6443.058,5436.435,2000,6176.65,5537.934,2000,6544.844,6147.316,2000,6451.645,5987.344,2000,6620.528,6185.776,2000,6136.685,5713.891,2000,6652.767,5654.475,2000,5885.508,6035.828,2000,5904.882,5840.787,2000,5878.787,5567.022,2000,6432.038,5464.366,2000,6338.677
5945.837,2000,5868.208,6101.996,2000,5984.516,6074.896,2000,6562.278,5454.792,2000,6445.114,5434.645,2000,6177.754,5535.871,2000,6544.599,6148.645,2000,6453.275,5988.568,2000,6622.238,6187.456,2000,6135.419,5712.847,2000,6654.592,5654.757,2000,5883.423,6037.5,2000,5903.607,5841.524,2000,5876.817,5566.882,2000,6432.158,5464.414,2000,6340.777
5946.573,2000,5865.765,6104.025,2000,5982.968,6076.381,2000,6564.353,5455.011,2000,6447.602,5432.473,2000,6179.094,5533.378,2000,6544.22,6150.256,2000,6455.253,5989.991,2000,6624.356,6189.493,2000,6133.883,5711.58,2000,6656.807,5655.099,2000,5880.895,6039.578,2000,5902.127,5842.34,2000,5874.4,5566.713,2000,6432.302,5464.555,2000,6343.322
5947.175,2000,5863.503,6105.932,2000,5981.61,6077.687,2000,6566.295,5455.287,2000,6449.875,5430.481,2000,6180.323,5531.104,2000,6543.798,6151.735,2000,6457.068,5991.353,2000,6626.259,6191.362,2000,6132.474,5710.417,2000,6658.838,5655.414,2000,5878.576,6041.528,2000,5900.833,5843.016,2000,5872.159,5566.561,2000,6432.432,5464.76,2000,6345.65
5947.716,2000,5861.71,6107.492,2000,5980.575,6078.777,2000,6567.818,5455.567,2000,6451.686,5428.888,2000,6181.307,5529.297,2000,6543.4,6152.918,2000,6458.52,5992.397,2000,6627.813,6192.857,2000,6131.346,5709.487,2000,6660.463,5655.665,2000,5876.72,6043.053,2000,5899.746,5843.498,2000,5870.349,5566.441,2000,6432.535,5464.986,2000,6347.506
5948.61,2000,5859.061,6109.769,2000,5978.953,6080.336,2000,6570.139,5456.074,2000,6454.374,5426.508,2000,6182.775,5526.62,2000,6542.719,6154.684,2000,6460.687,5994.025,2000,6630.087,6195.09,2000,6129.663,5708.098,2000,6662.89,5656.041,2000,5873.949,6045.276,2000,5898.05,5844.305,2000,5867.672,5566.263,2000,6432.688,5465.413,2000,6350.265
5949.267,2000,5857.307,6111.258,2000,5977.817,6081.427,2000,6571.663,5456.472,2000,6456.162,5424.914,2000,6183.759,5524.842,2000,6542.205,6155.867,2000,6462.139,5995.07,2000,6631.642,6196.585,2000,6128.536,5707.168,2000,6664.516,5656.292,2000,5872.093,6046.728,2000,5896.866,5844.904,2000,5865.897,5566.146,2000,6432.788,5465.759,2000,6352.102
5950.333,2000,5854.719,6113.427,2000,5976.048,6082.988,2000,6573.986,5457.153,2000,6458.812,5422.532,2000,6185.229,5522.213,2000,6541.349,6157.635,2000,6464.309,5996.699,2000,6633.918,6198.82,2000,6126.851,5705.778,2000,6666.945,5656.667,2000,5869.319,6048.838,2000,5895.027,5845.885,2000,5863.276,5565.973,2000,6432.937,5466.365,2000,6354.827
5951.293,2000,5852.591,6115.187,2000,5974.513,6084.347,2000,6575.885,5457.794,2000,6461.002,5420.545,2000,6186.455,5520.044,2000,6540.564,6159.11,2000,6466.12,5998.001,2000,6635.856,6200.685,2000,6125.445,5704.618,2000,6668.972,5656.981,2000,5867.005,6050.547,2000,5893.436,5846.775,2000,5861.117,5565.83,2000,6433.06,5466.945,2000,6357.082
5952.017,2000,5851.117,6116.389,2000,5973.394,6085.263,2000,6577.248,5458.294,2000,6462.527,5419.147,2000,6187.318,5518.538,2000,6539.962,6160.148,2000,6467.393,5998.957,2000,6637.191,6201.997,2000,6124.456,5703.802,2000,6670.398,5657.202,2000,5865.378,6051.712,2000,5892.277,5847.45,2000,5859.62,5565.731,2000,6433.145,5467.405,2000,6358.653
5953.592,2000,5848.157,6118.767,2000,5971.03,6087.214,2000,6579.975,5459.213,2000,6465.669,5416.293,2000,6189.079,5515.424,2000,6538.835,6162.266,2000,6469.992,6000.827,2000,6639.974,6204.674,2000,6122.438,5702.137,2000,6673.308,5657.652,2000,5862.055,6054.011,2000,5889.837,5848.928,2000,5856.61,5565.531,2000,6433.318,5468.446,2000,6361.827
5954.361,2000,5846.82,6119.825,2000,5969.908,6088.074,2000,6581.255,5459.588,2000,6467.127,5414.981,2000,6189.889,5513.976,2000,6538.364,6163.24,2000,6471.188,6001.725,2000,6641.229,6205.905,2000,6121.509,5701.371,2000,6674.646,5657.859,2000,5860.527,6055.032,2000,5888.68,5849.652,2000,5855.249,5565.438,2000,6433.393,5468.973,2000,6363.269
5955.845,2000,5844.425,6121.688,2000,5967.795,6089.714,2000,6583.546,5460.186,2000,6469.813,5412.583,2000,6191.368,5511.303,2000,6537.59,6165.02,2000,6473.373,6003.296,2000,6643.567,6208.155,2000,6119.813,5699.972,2000,6677.092,5658.237,2000,5857.735,6056.826,2000,5886.507,5851.057,2000,5852.807,5565.264,2000,6433.523,5470.019,2000,6365.868
5957.143,2000,5842.476,6123.179,2000,5965.99,6091.02,2000,6585.49,5460.609,2000,6472.059,5410.591,2000,6192.598,5509.061,2000,6537.02,6166.499,2000,6475.188,6004.658,2000,6645.471,6210.025,2000,6118.403,5698.809,2000,6679.124,5658.552,2000,5855.415,6058.256,2000,5884.654,5852.29,2000,5850.816,5565.119,2000,6433.626,5470.958,2000,6367.996
5958.233,2000,5840.948,6124.327,2000,5964.503,6092.112,2000,6587.017,5460.89,2000,6473.872,5408.993,2000,6193.583,5507.249,2000,6536.622,6167.685,2000,6476.643,6005.706,2000,6647.03,6211.524,2000,6117.273,5697.876,2000,6680.753,5658.804,2000,5853.555,6059.354,2000,5883.131,5853.331,2000,5849.253,5565,2000,6433.703,5471.765,2000,6369.675
5960.414,2000,5838.096,6126.426,2000,5961.592,6094.114,2000,6589.996,5461.313,2000,6477.356,5405.938,2000,6195.469,5503.759,2000,6535.974,6169.952,2000,6479.426,6007.794,2000,6649.949,6214.39,2000,6115.112,5696.094,2000,6683.869,5659.286,2000,5849.998,6061.357,2000,5880.153,5855.417,2000,5846.332,5564.772,2000,6433.842,5473.41,2000,6372.83
5961.402,2000,5836.887,6127.298,2000,5960.295,6095.023,2000,6591.267,5461.448,2000,6478.879,5404.609,2000,6196.289,5502.231,2000,6535.741,6170.939,2000,6480.637,6008.666,2000,6651.245,6215.638,2000,6114.171,5695.318,2000,6685.225,5659.495,2000,5848.45,6062.186,2000,5878.829,5856.365,2000,5845.091,5564.673,2000,6433.898,5474.168,2000,6374.174
5963.357,2000,5834.65,6128.874,2000,5957.777,6096.68,2000,6593.732,5461.609,2000,6481.786,5402.081,2000,6197.849,5499.312,2000,6535.395,6172.815,2000,6482.94,6010.395,2000,6653.661,6218.01,2000,6112.383,5693.842,2000,6687.804,5659.894,2000,5845.506,6063.679,2000,5876.26,5858.246,2000,5842.791,5564.481,2000,6433.999,5475.67,2000,6376.692
5963.89,2000,5834.079,6129.267,2000,5957.102,6097.135,2000,6594.368,5461.626,2000,6482.552,5401.416,2000,6198.259,5498.541,2000,6535.329,6173.309,2000,6483.545,6010.83,2000,6654.31,6218.633,2000,6111.913,5693.455,2000,6688.481,5659.999,2000,5844.732,6064.049,2000,5875.572,5858.76,2000,5842.203,5564.433,2000,6434.026,5476.042,2000,6377.365
5966.535,2000,5831.425,6131.042,2000,5953.803,6099.225,2000,6597.478,5461.589,2000,6486.23,5398.227,2000,6200.227,5494.833,2000,6535.133,6175.675,2000,6486.45,6013.011,2000,6657.357,6221.625,2000,6109.657,5691.594,2000,6691.734,5660.502,2000,5841.019,6065.716,2000,5872.216,5861.317,2000,5839.464,5564.204,2000,6434.166,5477.717,2000,6380.644
5967.813,2000,5830.056,6131.875,2000,5952.125,6100.314,2000,6599.001,5461.511,2000,6488.071,5396.633,2000,6201.21,5492.975,2000,6535.096,6176.858,2000,6487.902,6014.055,2000,6658.911,6223.121,2000,6108.529,5690.664,2000,6693.359,5660.753,2000,5839.163,6066.604,2000,5870.567,5862.639,2000,5838.137,5564.094,2000,6434.238,5478.497,2000,6382.3
5969.355,2000,5828.291,6132.987,2000,5950.061,6101.622,2000,6600.947,5461.336,2000,6490.374,5394.638,2000,6202.441,5490.648,2000,6535.125,6178.339,2000,6489.719,6015.419,2000,6660.817,6224.993,2000,6107.118,5689.499,2000,6695.394,5661.068,2000,5836.84,6067.782,2000,5868.541,5864.238,2000,5836.423,5563.96,2000,6434.332,5479.4,2000,6384.398
5970.841,2000,5826.475,6134.166,2000,5948.033,6102.987,2000,6602.854,5461.086,2000,6492.674,5392.642,2000,6203.673,5488.32,2000,6535.231,6179.821,2000,6491.538,6016.728,2000,6662.765,6226.866,2000,6105.706,5688.334,2000,6697.43,5661.383,2000,5834.515,6069.027,2000,5866.552,5865.782,2000,5834.657,5563.831,2000,6434.43,5480.232,2000,6386.516
5971.975,2000,5824.992,6135.156,2000,5946.45,6104.028,2000,6604.404,5460.827,2000,6494.5,5391.053,2000,6204.654,5486.47,2000,6535.376,6181,2000,6492.985,6017.814,2000,6664.283,6228.356,2000,6104.582,5687.407,2000,6699.05,5661.634,2000,5832.666,6070.068,2000,5865.002,5866.964,2000,5833.212,5563.731,2000,6434.51,5480.835,2000,6388.214
5974.216,2000,5821.974,6137.254,2000,5943.331,6106.216,2000,6607.461,5460.185,2000,6498.161,5387.854,2000,6206.628,5482.754,2000,6535.79,6183.375,2000,6495.9,6019.911,2000,6667.403,6231.358,2000,6102.319,5685.54,2000,6702.313,5662.139,2000,5828.94,6072.209,2000,5861.913,5869.247,2000,5830.226,5563.538,2000,6434.676,5481.933,2000,6391.655
5975.143,2000,5820.7,6138.151,2000,5942.036,6107.095,2000,6608.769,5459.865,2000,6499.688,5386.513,2000,6207.456,5481.202,2000,6536.014,6184.37,2000,6497.122,6020.828,2000,6668.685,6232.617,2000,6101.37,5684.757,2000,6703.681,5662.35,2000,5827.378,6073.119,2000,5860.626,5870.187,2000,5828.96,5563.46,2000,6434.748,5482.341,2000,6393.097
5975.878,2000,5819.686,6138.874,2000,5941.013,6107.824,2000,6609.787,5459.571,2000,6500.895,5385.447,2000,6208.113,5479.974,2000,6536.233,6185.161,2000,6498.092,6021.526,2000,6669.724,6233.617,2000,6100.616,5684.135,2000,6704.768,5662.518,2000,5826.138,6073.844,2000,5859.605,5870.924,2000,5827.948,5563.4,2000,6434.806,5482.626,2000,6394.247
5977.799,2000,5817.015,6140.78,2000,5938.331,6109.659,2000,6612.518,5458.694,2000,6504.04,5382.647,2000,6209.841,5476.768,2000,6536.913,6187.239,2000,6500.643,6023.441,2000,6672.4,6236.244,2000,6098.635,5682.5,2000,6707.624,5662.96,2000,5822.877,6075.759,2000,5856.929,5872.854,2000,5825.284,5563.25,2000,6434.963,5483.274,2000,6397.28
5979.159,2000,5815.127,6142.134,2000,5936.439,6111.013,2000,6614.41,5458.001,2000,6506.245,5380.667,2000,6211.063,5474.516,2000,6537.468,6188.708,2000,6502.447,6024.739,2000,6674.331,6238.102,2000,6097.235,5681.345,2000,6709.644,5663.272,2000,5820.571,6077.112,2000,5855.037,5874.213,2000,5823.395,5563.149,2000,6435.076,5483.658,2000,6399.415
5980.402,2000,5813.394,6143.374,2000,5934.704,6112.203,2000,6616.181,5457.299,2000,6508.246,5378.852,2000,6212.183,5472.468,2000,6538.045,6190.056,2000,6504.101,6025.98,2000,6676.066,6239.805,2000,6095.951,5680.286,2000,6711.495,5663.559,2000,5818.458,6078.356,2000,5853.304,5875.459,2000,5821.664,5563.061,2000,6435.182,5483.943,2000,6401.365
5982.446,2000,5810.552,6145.416,2000,5931.86,6114.24,2000,6619.027,5456.039,2000,6511.494,5375.873,2000,6214.021,5469.139,2000,6539.101,6192.267,2000,6506.814,6027.932,2000,6678.972,6242.601,2000,6093.843,5678.547,2000,6714.533,5664.028,2000,5814.989,6080.394,2000,5850.458,5877.5,2000,5818.819,5562.922,2000,6435.359,5484.303,2000,6404.555
5982.918,2000,5809.893,6145.888,2000,5931.201,6114.692,2000,6619.7,5455.723,2000,6512.237,5375.183,2000,6214.447,5468.376,2000,6539.371,6192.779,2000,6507.443,6028.404,2000,6679.631,6243.248,2000,6093.355,5678.144,2000,6715.237,5664.137,2000,5814.186,6080.867,2000,5849.799,5877.973,2000,5818.161,5562.892,2000,6435.401,5484.361,2000,6405.286
5984.65,2000,5807.483,6147.619,2000,5928.791,6116.419,2000,6622.113,5454.476,2000,6514.917,5372.657,2000,6216.006,5465.617,2000,6540.45,6194.653,2000,6509.743,6030.059,2000,6682.094,6245.618,2000,6091.568,5676.67,2000,6717.813,5664.536,2000,5811.245,6082.595,2000,5847.387,5879.701,2000,5815.749,5562.787,2000,6435.556,5484.487,2000,6407.958
5985.612,2000,5806.14,6148.581,2000,5927.448,6117.34,2000,6623.484,5453.732,2000,6516.387,5371.251,2000,6216.873,5464.102,2000,6541.1,6195.697,2000,6511.023,6031.021,2000,6683.437,6246.937,2000,6090.574,5675.85,2000,6719.246,5664.757,2000,5809.608,6083.559,2000,5846.045,5880.665,2000,5814.408,5562.731,2000,6435.644,5484.508,2000,6409.43
5987.393,2000,5803.663,6150.361,2000,5924.971,6119.116,2000,6625.965,5452.271,2000,6519.056,5368.656,2000,6218.475,5461.343,2000,6542.393,6197.624,2000,6513.388,6032.722,2000,6685.969,6249.372,2000,6088.738,5674.335,2000,6721.894,5665.167,2000,5806.585,6085.335,2000,5843.565,5882.441,2000,5811.928,5562.634,2000,6435.808,5484.458,2000,6412.133
5988.762,2000,5801.752,6151.73,2000,5923.06,6120.427,2000,6627.916,5451.078,2000,6521.075,5366.655,2000,6219.709,5459.25,2000,6543.458,6199.108,2000,6515.21,6034.09,2000,6687.88,6251.249,2000,6087.323,5673.167,2000,6723.934,5665.482,2000,5804.256,6086.708,2000,5841.657,5883.813,2000,5810.019,5562.565,2000,6435.935,5484.352,2000,6414.192
5990.134,2000,5799.843,6153.102,2000,5921.151,6121.795,2000,6629.828,5449.819,2000,6523.056,5364.654,2000,6220.944,5457.192,2000,6544.592,6200.594,2000,6517.033,6035.401,2000,6689.832,6253.126,2000,6085.907,5672,2000,6725.975,5665.798,2000,5801.926,6088.077,2000,5839.745,5885.183,2000,5808.107,5562.5,2000,6436.064,5484.18,2000,6416.232
5991.224,2000,5798.322,6154.191,2000,5919.63,6122.839,2000,6631.381,5448.765,2000,6524.599,5363.062,2000,6221.927,5455.585,2000,6545.547,6201.775,2000,6518.484,6036.49,2000,6691.354,6254.621,2000,6084.781,5671.07,2000,6727.599,5666.049,2000,5800.072,6089.168,2000,5838.226,5886.274,2000,5806.588,5562.452,2000,6436.167,5483.992,2000,6417.84
5992.877,2000,5796.021,6155.845,2000,5917.329,6124.488,2000,6633.686,5447.094,2000,6526.882,5360.65,2000,6223.415,5453.199,2000,6547.073,6203.565,2000,6520.681,6038.071,2000,6693.706,6256.883,2000,6083.075,5669.663,2000,6730.059,5666.429,2000,5797.264,6090.819,2000,5835.922,5887.924,2000,5804.284,5562.385,2000,6436.326,5483.628,2000,6420.254
5994.247,2000,5794.108,6157.215,2000,5915.417,6125.8,2000,6635.638,5445.645,2000,6528.732,5358.649,2000,6224.65,5451.261,2000,6548.403,6205.051,2000,6522.504,6039.439,2000,6695.618,6258.761,2000,6081.659,5668.495,2000,6732.1,5666.745,2000,5794.933,6092.191,2000,5834.012,5889.297,2000,5802.374,5562.334,2000,6436.458,5483.263,2000,6422.238
5995.621,2000,5792.196,6158.589,2000,5913.504,6127.17,2000,6637.553,5444.134,2000,6530.535,5356.645,2000,6225.887,5449.366,2000,6549.798,6206.539,2000,6524.329,6040.753,2000,6697.573,6260.641,2000,6080.241,5667.326,2000,6734.144,5667.061,2000,5792.6,6093.563,2000,5832.098,5890.668,2000,5800.46,5562.288,2000,6436.59,5482.834,2000,6424.205
5996.99,2000,5790.285,6159.958,2000,5911.593,6128.482,2000,6639.504,5442.567,2000,6532.286,5354.644,2000,6227.122,5447.519,2000,6551.253,6208.024,2000,6526.152,6042.122,2000,6699.485,6262.519,2000,6078.826,5666.158,2000,6736.185,5667.376,2000,5790.27,6094.935,2000,5830.188,5892.04,2000,5798.55,5562.246,2000,6436.724,5482.342,2000,6426.152
5998.364,2000,5788.373,6161.332,2000,5909.681,6129.852,2000,6641.419,5440.941,2000,6533.987,5352.641,2000,6228.358,5445.719,2000,6552.769,6209.511,2000,6527.977,6043.435,2000,6701.439,6264.398,2000,6077.409,5664.988,2000,6738.228,5667.692,2000,5787.937,6096.306,2000,5828.274,5893.411,2000,5796.637,5562.209,2000,6436.858,5481.786,2000,6428.085
5999.735,2000,5786.459,6162.703,2000,5907.768,6131.165,2000,6643.373,5439.261,2000,6535.634,5350.637,2000,6229.594,5443.969,2000,6554.343,6210.998,2000,6529.802,6044.805,2000,6703.353,6266.278,2000,6075.992,5663.819,2000,6740.271,5668.008,2000,5785.604,6097.679,2000,5826.363,5894.785,2000,5794.725,5562.176,2000,6436.993,5481.166,2000,6430.001
6001.108,2000,5784.548,6164.076,2000,5905.856,6132.535,2000,6645.287,5437.528,2000,6537.225,5348.634,2000,6230.83,5442.272,2000,6555.974,6212.484,2000,6531.627,6046.117,2000,6705.307,6268.158,2000,6074.575,5662.65,2000,6742.314,5668.324,2000,5783.271,6099.05,2000,5824.45,5896.155,2000,5792.812,5562.148,2000,6437.127,5480.481,2000,6431.901
6002.072,2000,5783.204,6165.04,2000,5904.512,6133.457,2000,6646.66,5436.274,2000,6538.302,5347.227,2000,6231.699,5441.118,2000,6557.158,6213.529,2000,6532.909,6047.08,2000,6706.651,6269.479,2000,6073.579,5661.829,2000,6743.75,5668.546,2000,5781.632,6100.015,2000,5823.106,5897.121,2000,5791.469,5562.131,2000,6437.223,5479.954,2000,6433.226
6003.854,2000,5780.723,6166.822,2000,5902.031,6135.234,2000,6649.144,5433.894,2000,6540.215,5344.628,2000,6233.303,5439.059,2000,6559.413,6215.458,2000,6535.277,6048.783,2000,6709.187,6271.917,2000,6071.74,5660.312,2000,6746.4,5668.957,2000,5778.605,6101.794,2000,5820.624,5898.899,2000,5788.986,5562.106,2000,6437.398,5478.898,2000,6435.648
6005.225,2000,5778.809,6168.193,2000,5900.117,6136.548,2000,6651.098,5432.012,2000,6541.629,5342.624,2000,6234.54,5437.529,2000,6561.203,6216.946,2000,6537.103,6050.153,2000,6711.102,6273.798,2000,6070.323,5659.143,2000,6748.444,5669.272,2000,5776.272,6103.168,2000,5818.711,5900.273,2000,5787.074,5562.092,2000,6437.534,5478.016,2000,6437.503
6006.6,2000,5776.896,6169.567,2000,5898.204,6137.919,2000,6653.014,5430.084,2000,6542.982,5340.619,2000,6235.777,5436.058,2000,6563.042,6218.434,2000,6538.929,6051.467,2000,6713.057,6275.679,2000,6068.905,5657.973,2000,6750.488,5669.589,2000,5773.938,6104.54,2000,5816.796,5901.646,2000,5785.159,5562.082,2000,6437.669,5477.065,2000,6439.343
6007.97,2000,5774.983,6170.938,2000,5896.291,6139.231,2000,6654.967,5428.114,2000,6544.27,5338.616,2000,6237.013,5434.649,2000,6564.927,6219.92,2000,6540.753,6052.837,2000,6714.971,6277.558,2000,6067.488,5656.804,2000,6752.531,5669.905,2000,5771.605,6105.914,2000,5814.885,5903.019,2000,5783.248,5562.076,2000,6437.804,5476.048,2000,6441.164
6009.345,2000,5773.07,6172.313,2000,5894.377,6140.603,2000,6656.883,5426.102,2000,6545.493,5336.611,2000,6238.25,5433.302,2000,6566.859,6221.408,2000,6542.58,6054.151,2000,6716.926,6279.439,2000,6066.07,5655.634,2000,6754.576,5670.221,2000,5769.271,6107.285,2000,5812.97,5904.391,2000,5781.333,5562.075,2000,6437.939,5474.962,2000,6442.967
6010.716,2000,5771.155,6173.684,2000,5892.463,6141.916,2000,6658.837,5424.05,2000,6546.65,5334.607,2000,6239.487,5432.018,2000,6568.834,6222.896,2000,6544.405,6055.521,2000,6718.841,6281.319,2000,6064.652,5654.464,2000,6756.62,5670.538,2000,5766.937,6108.66,2000,5811.058,5905.765,2000,5779.42,5562.078,2000,6438.073,5473.807,2000,6444.749
6011.546,2000,5770,6174.514,2000,5891.308,6142.744,2000,6659.994,5422.79,2000,6547.308,5333.397,2000,6240.233,5431.283,2000,6570.051,6223.794,2000,6545.508,6056.314,2000,6720.021,6282.455,2000,6063.796,5653.758,2000,6757.854,5670.729,2000,5765.527,6109.488,2000,5809.901,5906.593,2000,5778.264,5562.083,2000,6438.154,5473.068,2000,6445.812
6013.463,2000,5767.324,6176.431,2000,5888.632,6144.58,2000,6662.726,5419.823,2000,6548.734,5330.595,2000,6241.962,5429.673,2000,6572.922,6225.874,2000,6548.06,6058.23,2000,6722.698,6285.083,2000,6061.814,5652.123,2000,6760.711,5671.17,2000,5762.265,6111.409,2000,5807.228,5908.515,2000,5775.59,5562.099,2000,6438.341,5471.269,2000,6448.227
6014.837,2000,5765.413,6177.804,2000,5886.72,6145.95,2000,6664.641,5417.669,2000,6549.684,5328.592,2000,6243.199,5428.589,2000,6575.012,6227.361,2000,6549.885,6059.543,2000,6724.652,6286.963,2000,6060.397,5650.953,2000,6762.755,5671.486,2000,5759.932,6112.78,2000,5805.314,5909.886,2000,5773.677,5562.115,2000,6438.474,5469.91,2000,6449.932
6016.195,2000,5763.516,6179.163,2000,5884.824,6147.251,2000,6666.577,5415.505,2000,6550.555,5326.606,2000,6244.424,5427.584,2000,6577.118,6228.834,2000,6551.694,6060.901,2000,6726.55,6288.826,2000,6058.993,5649.794,2000,6764.78,5671.799,2000,5757.62,6114.141,2000,5803.42,5911.247,2000,5771.782,5562.136,2000,6438.604,5468.496,2000,6451.59
6017.405,2000,5761.832,6180.373,2000,5883.14,6148.458,2000,6668.264,5413.557,2000,6551.266,5324.842,2000,6245.513,5426.752,2000,6579.017,6230.145,2000,6553.302,6062.058,2000,6728.271,6290.482,2000,6057.744,5648.765,2000,6766.58,5672.078,2000,5755.565,6115.349,2000,5801.734,5912.455,2000,5770.096,5562.158,2000,6438.72,5467.182,2000,6453.034
6019.416,2000,5759.025,6182.383,2000,5880.332,6150.384,2000,6671.13,5410.276,2000,6552.343,5321.903,2000,6247.326,5425.471,2000,6582.224,6232.326,2000,6555.979,6064.068,2000,6731.079,6293.239,2000,6055.666,5647.05,2000,6769.577,5672.541,2000,5752.143,6117.364,2000,5798.93,5914.47,2000,5767.292,5562.2,2000,6438.911,5464.901,2000,6455.381
6020.333,2000,5757.749,6183.301,2000,5879.056,6151.299,2000,6672.408,5408.767,2000,6552.784,5320.565,2000,6248.152,5424.936,2000,6583.702,6233.318,2000,6557.198,6064.945,2000,6732.384,6294.495,2000,6054.719,5646.269,2000,6770.941,5672.752,2000,5750.585,6118.279,2000,5797.652,5915.385,2000,5766.014,5562.223,2000,6438.997,5463.817,2000,6456.425
6021.688,2000,5755.857,6184.656,2000,5877.164,6152.597,2000,6674.34,5406.513,2000,6553.363,5318.585,2000,6249.374,5424.216,2000,6585.915,6234.788,2000,6559.002,6066.299,2000,6734.276,6296.353,2000,6053.318,5645.113,2000,6772.961,5673.064,2000,5748.279,6119.637,2000,5795.762,5916.743,2000,5764.125,5562.26,2000,6439.123,5462.157,2000,6457.923
6022.9,2000,5754.17,6185.868,2000,5875.477,6153.806,2000,6676.029,5404.485,2000,6553.814,5316.817,2000,6250.465,5423.638,2000,6587.91,6236.1,2000,6560.613,6067.458,2000,6736,6298.012,2000,6052.068,5644.082,2000,6774.764,5673.343,2000,5746.221,6120.847,2000,5794.073,5917.953,2000,5762.436,5562.289,2000,6439.237,5460.712,2000,6459.316
6024.45,2000,5752.007,6187.417,2000,5873.313,6155.29,2000,6678.238,5401.871,2000,6554.307,5314.553,2000,6251.862,5422.982,2000,6590.489,6237.781,2000,6562.676,6069.006,2000,6738.164,6300.136,2000,6050.466,5642.76,2000,6777.074,5673.701,2000,5743.584,6122.4,2000,5791.912,5919.506,2000,5760.274,5562.322,2000,6439.384,5458.912,2000,6461.167
6025.826,2000,5750.091,6188.794,2000,5871.398,6156.663,2000,6680.156,5399.54,2000,6554.668,5312.545,2000,6253.101,5422.476,2000,6592.792,6239.271,2000,6564.504,6070.322,2000,6740.122,6302.02,2000,6049.046,5641.588,2000,6779.121,5674.018,2000,5741.247,6123.773,2000,5789.995,5920.879,2000,5758.357,5562.347,2000,6439.515,5457.364,2000,6462.868
6026.791,2000,5748.745,6189.758,2000,5870.052,6157.586,2000,6681.531,5397.896,2000,6554.868,5311.136,2000,6253.971,5422.173,2000,6594.42,6240.317,2000,6565.788,6071.286,2000,6741.469,6303.342,2000,6048.049,5640.766,2000,6780.559,5674.24,2000,5739.605,6124.74,2000,5788.65,5921.846,2000,5757.012,5562.361,2000,6439.608,5456.313,2000,6464.101
6028.575,2000,5746.261,6191.543,2000,5867.568,6159.367,2000,6684.018,5394.849,2000,6555.137,5308.533,2000,6255.577,5421.713,2000,6597.444,6242.249,2000,6568.159,6072.992,2000,6744.007,6305.785,2000,6046.208,5639.247,2000,6783.213,5674.65,2000,5736.575,6126.521,2000,5786.164,5923.627,2000,5754.526,5562.382,2000,6439.78,5454.295,2000,6466.318
6029.948,2000,5744.345,6192.916,2000,5865.651,6160.682,2000,6685.975,5392.495,2000,6555.267,5306.527,2000,6256.815,5421.436,2000,6599.785,6243.738,2000,6569.987,6074.364,2000,6745.924,6307.667,2000,6044.789,5638.076,2000,6785.259,5674.967,2000,5734.239,6127.896,2000,5784.25,5925.002,2000,5752.612,5562.394,2000,6439.913,5452.678,2000,6467.981
6030.778,2000,5743.189,6193.746,2000,5864.496,6161.51,2000,6687.131,5391.073,2000,6555.299,5305.317,2000,6257.562,5421.314,2000,6601.203,6244.636,2000,6571.09,6075.157,2000,6747.105,6308.803,2000,6043.932,5637.37,2000,6786.494,5675.158,2000,5732.829,6128.725,2000,5783.093,5925.831,2000,5751.456,5562.398,2000,6439.993,5451.668,2000,6468.955
6032.697,2000,5740.511,6195.665,2000,5861.817,6163.348,2000,6689.866,5387.778,2000,6555.266,5302.513,2000,6259.292,5421.14,2000,6604.493,6246.718,2000,6573.645,6077.075,2000,6749.785,6311.434,2000,6041.948,5635.733,2000,6789.354,5675.6,2000,5729.564,6130.648,2000,5780.417,5927.754,2000,5748.78,5562.403,2000,6440.179,5449.252,2000,6471.135
6034.072,2000,5738.597,6197.04,2000,5859.903,6164.72,2000,6691.783,5385.423,2000,6555.165,5300.507,2000,6260.53,5421.093,2000,6606.85,6248.207,2000,6575.472,6078.39,2000,6751.741,6313.316,2000,6040.529,5634.562,2000,6791.4,5675.917,2000,5727.228,6132.021,2000,5778.501,5929.127,2000,5746.863,5562.402,2000,6440.312,5447.47,2000,6472.641
6035.163,2000,5737.074,6198.131,2000,5858.38,6165.765,2000,6693.338,5383.555,2000,6555.024,5298.913,2000,6261.514,5421.117,2000,6608.723,6249.39,2000,6576.924,6079.48,2000,6753.265,6314.812,2000,6039.402,5633.632,2000,6793.026,5676.168,2000,5725.372,6133.114,2000,5776.98,5930.22,2000,5745.342,5562.397,2000,6440.417,5446.012,2000,6473.792
6036.822,2000,5734.765,6199.79,2000,5856.071,6167.419,2000,6695.65,5380.729,2000,6554.717,5296.493,2000,6263.007,5421.246,2000,6611.564,6251.186,2000,6579.129,6081.066,2000,6755.625,6317.083,2000,6037.69,5632.22,2000,6795.494,5676.55,2000,5722.554,6134.771,2000,5774.669,5931.876,2000,5743.031,5562.386,2000,6440.577,5443.741,2000,6475.469
6038.063,2000,5733.033,6201.031,2000,5854.339,6168.607,2000,6697.418,5378.619,2000,6554.417,5294.68,2000,6264.126,5421.412,2000,6613.688,6252.531,2000,6580.78,6082.306,2000,6757.357,6318.784,2000,6036.407,5631.162,2000,6797.343,5676.836,2000,5720.443,6136.014,2000,5772.939,5933.119,2000,5741.301,5562.377,2000,6440.696,5441.997,2000,6476.671
6039.563,2000,5730.944,6202.532,2000,5852.251,6170.104,2000,6699.51,5376.086,2000,6553.973,5292.491,2000,6265.477,5421.696,2000,6616.244,6254.156,2000,6582.774,6083.741,2000,6759.492,6320.837,2000,6034.859,5629.884,2000,6799.576,5677.181,2000,5717.895,6137.511,2000,5770.848,5934.617,2000,5739.21,5562.366,2000,6440.84,5439.844,2000,6478.053
6040.946,2000,5729.015,6203.914,2000,5850.321,6171.428,2000,6701.48,5373.736,2000,6553.64,5290.471,2000,6266.723,5422.036,2000,6618.593,6255.655,2000,6584.614,6085.122,2000,6761.422,6322.732,2000,6033.43,5628.706,2000,6801.636,5677.5,2000,5715.542,6138.896,2000,5768.921,5936.001,2000,5737.282,5562.356,2000,6440.972,5437.814,2000,6479.264
6042.051,2000,5727.478,6205.019,2000,5848.784,6172.53,2000,6703.02,5371.853,2000,6553.435,5288.86,2000,6267.718,5422.368,2000,6620.458,6256.851,2000,6586.082,6086.178,2000,6762.994,6324.245,2000,6032.29,5627.765,2000,6803.279,5677.754,2000,5713.666,6140,2000,5767.381,5937.104,2000,5735.743,5562.349,2000,6441.078,5436.163,2000,6480.177
6043.691,2000,5725.188,6206.66,2000,5846.494,6174.101,2000,6705.358,5369.044,2000,6553.223,5286.462,2000,6269.197,5422.952,2000,6623.213,6258.63,2000,6588.266,6087.818,2000,6765.285,6326.494,2000,6030.594,5626.366,2000,6805.725,5678.133,2000,5710.875,6141.644,2000,5765.094,5938.749,2000,5733.455,5562.337,2000,6441.235,5433.662,2000,6481.455
6045.037,2000,5723.315,6208.005,2000,5844.622,6175.442,2000,6707.233,5366.741,2000,6553.124,5284.501,2000,6270.408,5423.504,2000,6625.451,6260.086,2000,6590.053,6089.104,2000,6767.198,6328.334,2000,6029.207,5625.221,2000,6807.725,5678.442,2000,5708.59,6142.986,2000,5763.22,5940.091,2000,5731.582,5562.327,2000,6441.363,5431.581,2000,6482.433
6045.958,2000,5722.03,6208.926,2000,5843.336,6176.325,2000,6708.546,5365.161,2000,6553.063,5283.155,2000,6271.238,5423.933,2000,6626.974,6261.085,2000,6591.279,6090.024,2000,6768.484,6329.597,2000,6028.254,5624.436,2000,6809.098,5678.655,2000,5707.023,6143.909,2000,5761.936,5941.014,2000,5730.297,5562.321,2000,6441.451,5430.131,2000,6483.058
6047.602,2000,5719.742,6210.57,2000,5841.048,6177.964,2000,6710.837,5362.345,2000,6552.955,5280.757,2000,6272.718,5424.785,2000,6629.66,6262.865,2000,6593.464,6091.596,2000,6770.823,6331.847,2000,6026.558,5623.036,2000,6811.543,5679.033,2000,5704.231,6145.55,2000,5759.646,5942.655,2000,5728.007,5562.309,2000,6441.608,5427.513,2000,6484.085
6048.824,2000,5718.036,6211.792,2000,5839.343,6179.135,2000,6712.579,5360.249,2000,6552.877,5278.972,2000,6273.82,5425.484,2000,6631.638,6264.19,2000,6595.09,6092.817,2000,6772.529,6333.522,2000,6025.295,5621.994,2000,6813.364,5679.315,2000,5702.152,6146.774,2000,5757.942,5943.879,2000,5726.303,5562.3,2000,6441.725,5425.539,2000,6484.787
6049.545,2000,5717.032,6212.513,2000,5838.339,6179.854,2000,6713.583,5359.013,2000,6552.871,5277.92,2000,6274.469,5425.858,2000,6632.816,6264.971,2000,6596.048,6093.506,2000,6773.555,6334.509,2000,6024.551,5621.38,2000,6814.437,5679.481,2000,5700.927,6147.494,2000,5756.937,5944.599,2000,5725.298,5562.295,2000,6441.793,5424.362,2000,6485.162
6051.156,2000,5714.783,6214.125,2000,5836.089,6181.397,2000,6715.88,5356.247,2000,6552.949,5275.565,2000,6275.922,5426.608,2000,6635.479,6266.719,2000,6598.193,6095.117,2000,6775.805,6336.719,2000,6022.885,5620.006,2000,6816.839,5679.853,2000,5698.185,6149.108,2000,5754.69,5946.213,2000,5723.051,5562.284,2000,6441.946,5421.703,2000,6485.916
6052.271,2000,5713.231,6215.24,2000,5834.538,6182.51,2000,6717.435,5354.339,2000,6553.065,5273.938,2000,6276.926,5427.065,2000,6637.335,6267.926,2000,6599.675,6096.183,2000,6777.391,6338.245,2000,6021.734,5619.057,2000,6818.498,5680.109,2000,5696.292,6150.221,2000,5753.137,5947.326,2000,5721.498,5562.276,2000,6442.052,5419.85,2000,6486.375
6053.244,2000,5711.873,6216.213,2000,5833.18,6183.441,2000,6718.821,5352.676,2000,6553.222,5272.517,2000,6277.803,5427.412,2000,6638.969,6268.981,2000,6600.97,6097.155,2000,6778.75,6339.579,2000,6020.729,5618.227,2000,6819.948,5680.333,2000,5694.636,6151.196,2000,5751.78,5948.301,2000,5720.141,5562.27,2000,6442.145,5418.217,2000,6486.725
6054.388,2000,5710.281,6217.357,2000,5831.587,6184.583,2000,6720.416,5350.731,2000,6553.469,5270.848,2000,6278.833,5427.756,2000,6640.899,6270.22,2000,6602.49,6098.248,2000,6780.377,6341.144,2000,6019.548,5617.253,2000,6821.649,5680.596,2000,5692.693,6152.338,2000,5750.187,5949.443,2000,5718.547,5562.261,2000,6442.253,5416.289,2000,6487.071
6055.308,2000,5708.998,6218.277,2000,5830.305,6185.463,2000,6721.726,5349.173,2000,6553.719,5269.505,2000,6279.662,5427.981,2000,6642.461,6271.217,2000,6603.713,6099.167,2000,6781.661,6342.404,2000,6018.598,5616.47,2000,6823.019,5680.808,2000,5691.129,6153.259,2000,5748.905,5950.364,2000,5717.266,5562.255,2000,6442.341,5414.728,2000,6487.299
6056.383,2000,5707.5,6219.353,2000,5828.808,6186.536,2000,6723.225,5347.363,2000,6554.07,5267.936,2000,6280.63,5428.186,2000,6644.294,6272.381,2000,6605.143,6100.195,2000,6783.191,6343.876,2000,6017.488,5615.554,2000,6824.619,5681.056,2000,5689.302,6154.333,2000,5747.406,5951.438,2000,5715.767,5562.247,2000,6442.443,5412.897,2000,6487.506
6057.335,2000,5706.172,6220.304,2000,5827.479,6187.447,2000,6724.581,5345.77,2000,6554.434,5266.545,2000,6281.489,5428.313,2000,6645.923,6273.414,2000,6606.41,6101.146,2000,6784.52,6345.182,2000,6016.504,5614.742,2000,6826.038,5681.275,2000,5687.683,6155.287,2000,5746.079,5952.391,2000,5714.44,5562.24,2000,6442.533,5411.269,2000,6487.636
6058.08,2000,5705.136,6221.049,2000,5826.443,6188.19,2000,6725.619,5344.536,2000,6554.759,5265.459,2000,6282.159,5428.413,2000,6647.195,6274.22,2000,6607.399,6101.858,2000,6785.579,6346.201,2000,6015.736,5614.108,2000,6827.145,5681.446,2000,5686.418,6156.03,2000,5745.042,5953.134,2000,5713.403,5562.235,2000,6442.604,5409.994,2000,6487.696
6059.149,2000,5703.643,6222.118,2000,5824.95,6189.214,2000,6727.143,5342.776,2000,6555.284,5263.896,2000,6283.123,5428.556,2000,6649.026,6275.379,2000,6608.822,6102.926,2000,6787.072,6347.667,2000,6014.631,5613.196,2000,6828.739,5681.693,2000,5684.599,6157.101,2000,5743.551,5954.206,2000,5711.912,5562.228,2000,6442.706,5408.159,2000,6487.722
6060.015,2000,5702.438,6222.984,2000,5823.745,6190.078,2000,6728.35,5341.368,2000,6555.754,5262.633,2000,6283.903,5428.671,2000,6650.506,6276.317,2000,6609.973,6103.754,2000,6788.305,6348.852,2000,6013.737,5612.459,2000,6830.027,5681.892,2000,5683.127,6157.966,2000,5742.344,5955.07,2000,5710.705,5562.221,2000,6442.788,5406.675,2000,6487.694
6060.853,2000,5701.268,6223.822,2000,5822.575,6190.88,2000,6729.544,5340.02,2000,6556.255,5261.409,2000,6284.658,5428.784,2000,6651.94,6277.226,2000,6611.088,6104.591,2000,6789.474,6350,2000,6012.872,5611.745,2000,6831.276,5682.085,2000,5681.702,6158.805,2000,5741.176,5955.91,2000,5709.537,5562.215,2000,6442.867,5405.239,2000,6487.621
6061.348,2000,5700.579,6224.317,2000,5821.886,6191.374,2000,6730.234,5339.234,2000,6556.576,5260.687,2000,6285.104,5428.85,2000,6652.786,6277.762,2000,6611.746,6105.064,2000,6790.178,6350.678,2000,6012.361,5611.323,2000,6832.012,5682.199,2000,5680.861,6159.299,2000,5740.486,5956.404,2000,5708.847,5562.212,2000,6442.914,5404.394,2000,6487.549
6062.456,2000,5699.033,6225.425,2000,5820.34,6192.435,2000,6731.813,5337.498,2000,6557.354,5259.068,2000,6286.103,5428.999,2000,6654.682,6278.964,2000,6613.221,6106.171,2000,6791.725,6352.197,2000,6011.216,5610.378,2000,6833.664,5682.454,2000,5678.976,6160.409,2000,5738.941,5957.514,2000,5707.302,5562.204,2000,6443.02,5402.504,2000,6487.328
6063.212,2000,5697.98,6226.181,2000,5819.288,6193.189,2000,6732.867,5336.333,2000,6557.921,5257.965,2000,6286.784,5429.1,2000,6655.974,6279.783,2000,6614.226,6106.894,2000,6792.801,6353.232,2000,6010.436,5609.735,2000,6834.789,5682.628,2000,5677.692,6161.164,2000,5737.887,5958.269,2000,5706.248,5562.199,2000,6443.091,5401.223,2000,6487.135
6063.953,2000,5696.946,6226.922,2000,5818.253,6193.899,2000,6733.923,5335.208,2000,6558.516,5256.882,2000,6287.452,5429.199,2000,6657.243,6280.586,2000,6615.212,6107.635,2000,6793.836,6354.248,2000,6009.669,5609.103,2000,6835.893,5682.799,2000,5676.431,6161.907,2000,5736.854,5959.012,2000,5705.214,5562.193,2000,6443.162,5399.972,2000,6486.904
6064.532,2000,5696.14,6227.501,2000,5817.447,6194.477,2000,6734.729,5334.347,2000,6559.008,5256.038,2000,6287.973,5429.276,2000,6658.231,6281.213,2000,6615.981,6108.188,2000,6794.659,6355.04,2000,6009.072,5608.61,2000,6836.754,5682.932,2000,5675.448,6162.484,2000,5736.047,5959.589,2000,5704.408,5562.189,2000,6443.216,5399.003,2000,6486.693
6065.363,2000,5694.979,6228.333,2000,5816.287,6195.273,2000,6735.915,5333.13,2000,6559.757,5254.823,2000,6288.723,5429.388,2000,6659.655,6282.115,2000,6617.088,6109.019,2000,6795.82,6356.18,2000,6008.212,5607.9,2000,6837.993,5683.124,2000,5674.033,6163.317,2000,5734.888,5960.423,2000,5703.249,5562.184,2000,6443.295,5397.619,2000,6486.343
6065.906,2000,5694.224,6228.876,2000,5815.531,6195.815,2000,6736.671,5332.354,2000,6560.271,5254.03,2000,6289.212,5429.46,2000,6660.583,6282.703,2000,6617.81,6109.538,2000,6796.593,6356.923,2000,6007.652,5607.438,2000,6838.801,5683.249,2000,5673.11,6163.859,2000,5734.131,5960.965,2000,5702.492,5562.18,2000,6443.347,5396.724,2000,6486.085
6066.861,2000,5692.891,6229.831,2000,5814.198,6196.729,2000,6738.033,5331.017,2000,6561.22,5252.635,2000,6290.073,5429.588,2000,6662.218,6283.738,2000,6619.082,6110.493,2000,6797.927,6358.233,2000,6006.665,5606.624,2000,6840.225,5683.469,2000,5671.485,6164.816,2000,5732.799,5961.921,2000,5701.16,5562.173,2000,6443.438,5395.164,2000,6485.581
6067.072,2000,5692.597,6230.042,2000,5813.904,6196.94,2000,6738.327,5330.729,2000,6561.438,5252.327,2000,6290.263,5429.617,2000,6662.579,6283.966,2000,6619.362,6110.694,2000,6798.227,6358.521,2000,6006.447,5606.444,2000,6840.538,5683.518,2000,5671.127,6165.027,2000,5732.505,5962.132,2000,5700.866,5562.171,2000,6443.458,5394.824,2000,6485.458
6068.106,2000,5691.154,6231.076,2000,5812.461,6197.93,2000,6739.8,5329.351,2000,6562.559,5250.816,2000,6291.196,5429.755,2000,6664.349,6285.088,2000,6620.738,6111.728,2000,6799.67,6359.939,2000,6005.378,5605.562,2000,6842.079,5683.756,2000,5669.368,6166.063,2000,5731.063,5963.168,2000,5699.423,5562.164,2000,6443.557,5393.174,2000,6484.802
6068.448,2000,5690.678,6231.418,2000,5811.985,6198.271,2000,6740.276,5328.885,2000,6562.913,5250.318,2000,6291.503,5429.801,2000,6664.932,6285.458,2000,6621.192,6112.054,2000,6800.156,6360.407,2000,6005.026,5605.271,2000,6842.587,5683.834,2000,5668.788,6166.404,2000,5730.587,5963.509,2000,5698.947,5562.162,2000,6443.589,5392.624,2000,6484.604
6069.25,2000,5689.559,6232.22,2000,5810.866,6199.039,2000,6741.419,5327.762,2000,6563.71,5249.146,2000,6292.227,5429.909,2000,6666.305,6286.328,2000,6622.26,6112.856,2000,6801.276,6361.506,2000,6004.197,5604.587,2000,6843.783,5684.02,2000,5667.423,6167.208,2000,5729.469,5964.313,2000,5697.829,5562.156,2000,6443.665,5391.313,2000,6484.179
6069.437,2000,5689.299,6232.406,2000,5810.606,6199.225,2000,6741.679,5327.496,2000,6563.887,5248.874,2000,6292.394,5429.934,2000,6666.624,6286.529,2000,6622.508,6113.034,2000,6801.542,6361.761,2000,6004.005,5604.429,2000,6844.06,5684.063,2000,5667.106,6167.394,2000,5729.209,5964.499,2000,5697.569,5562.154,2000,6443.683,5391.006,2000,6484.091
6070.192,2000,5688.244,6233.162,2000,5809.551,6199.949,2000,6742.756,5326.39,2000,6564.567,5247.77,2000,6293.076,5430.035,2000,6667.917,6287.349,2000,6623.514,6113.79,2000,6802.597,6362.798,2000,6003.224,5603.784,2000,6845.186,5684.237,2000,5665.82,6168.151,2000,5728.155,5965.256,2000,5696.515,5562.149,2000,6443.754,5389.748,2000,6483.773
6070.716,2000,5687.515,6233.686,2000,5808.822,6200.471,2000,6743.487,5325.61,2000,6565.012,5247.005,2000,6293.547,5430.105,2000,6668.813,6287.917,2000,6624.21,6114.291,2000,6803.343,6363.515,2000,6002.683,5603.338,2000,6845.965,5684.357,2000,5664.93,6168.674,2000,5727.425,5965.779,2000,5695.785,5562.145,2000,6443.804,5388.871,2000,6483.582
6071.221,2000,5686.81,6234.191,2000,5808.117,6200.955,2000,6744.207,5324.844,2000,6565.417,5246.268,2000,6294.002,5430.173,2000,6669.677,6288.464,2000,6624.882,6114.795,2000,6804.048,6364.208,2000,6002.161,5602.908,2000,6846.718,5684.474,2000,5664.071,6169.18,2000,5726.721,5966.285,2000,5695.081,5562.142,2000,6443.853,5388.018,2000,6483.424
6071.618,2000,5686.258,6234.587,2000,5807.565,6201.35,2000,6744.759,5324.233,2000,6565.715,5245.689,2000,6294.359,5430.226,2000,6670.354,6288.893,2000,6625.409,6115.174,2000,6804.611,6364.75,2000,6001.752,5602.57,2000,6847.307,5684.565,2000,5663.398,6169.575,2000,5726.169,5966.68,2000,5694.529,5562.139,2000,6443.89,5387.347,2000,6483.323
6072.187,2000,5685.463,6235.157,2000,5806.771,6201.895,2000,6745.57,5323.341,2000,6566.114,5244.857,2000,6294.873,5430.302,2000,6671.33,6289.511,2000,6626.167,6115.743,2000,6805.407,6365.531,2000,6001.164,5602.084,2000,6848.156,5684.696,2000,5662.429,6170.146,2000,5725.375,5967.251,2000,5693.734,5562.135,2000,6443.944,5386.375,2000,6483.209
6072.56,2000,5684.945,6235.529,2000,5806.252,6202.267,2000,6746.09,5322.75,2000,6566.356,5244.314,2000,6295.208,5430.352,2000,6671.966,6289.914,2000,6626.662,6116.1,2000,6805.937,6366.041,2000,6000.779,5601.767,2000,6848.71,5684.782,2000,5661.796,6170.518,2000,5724.855,5967.623,2000,5693.215,5562.132,2000,6443.98,5385.739,2000,6483.156
6073.212,2000,5684.033,6236.182,2000,5805.34,6202.892,2000,6747.021,5321.698,2000,6566.746,5243.36,2000,6295.797,5430.439,2000,6673.084,6290.623,2000,6627.531,6116.752,2000,6806.849,6366.936,2000,6000.104,5601.21,2000,6849.683,5684.933,2000,5660.685,6171.172,2000,5723.945,5968.277,2000,5692.305,5562.128,2000,6444.042,5384.62,2000,6483.098
6073.358,2000,5683.831,6236.328,2000,5805.138,6203.038,2000,6747.224,5321.461,2000,6566.825,5243.147,2000,6295.928,5430.459,2000,6673.333,6290.78,2000,6627.725,6116.892,2000,6807.056,6367.135,2000,5999.954,5601.086,2000,6849.9,5684.966,2000,5660.438,6171.317,2000,5723.742,5968.423,2000,5692.102,5562.127,2000,6444.056,5384.37,2000,6483.094
6073.945,2000,5683.011,6236.915,2000,5804.318,6203.6,2000,6748.06,5320.496,2000,6567.113,5242.29,2000,6296.458,5430.538,2000,6674.338,6291.417,2000,6628.506,6117.478,2000,6807.875,6367.94,2000,5999.347,5600.585,2000,6850.775,5685.102,2000,5659.438,6171.905,2000,5722.923,5969.011,2000,5691.283,5562.123,2000,6444.112,5383.362,2000,6483.108
6074.352,2000,5682.444,6237.322,2000,5803.751,6204.006,2000,6748.628,5319.82,2000,6567.291,5241.695,2000,6296.824,5430.592,2000,6675.034,6291.858,2000,6629.047,6117.867,2000,6808.455,6368.498,2000,5998.927,5600.239,2000,6851.381,5685.195,2000,5658.747,6172.312,2000,5722.355,5969.417,2000,5690.715,5562.12,2000,6444.151,5382.665,2000,6483.141
6074.708,2000,5681.948,6237.677,2000,5803.255,6204.347,2000,6749.135,5319.225,2000,6567.427,5241.176,2000,6297.145,5430.64,2000,6675.643,6292.244,2000,6629.521,6118.223,2000,6808.952,6368.985,2000,5998.559,5599.936,2000,6851.911,5685.277,2000,5658.142,6172.668,2000,5721.859,5969.774,2000,5690.219,5562.117,2000,6444.185,5382.056,2000,6483.189
6075.271,2000,5681.162,6238.241,2000,5802.469,6204.91,2000,6749.921,5318.276,2000,6567.611,5240.353,2000,6297.653,5430.716,2000,6676.607,6292.854,2000,6630.271,6118.762,2000,6809.754,6369.758,2000,5997.977,5599.455,2000,6852.75,5685.407,2000,5657.183,6173.232,2000,5721.073,5970.337,2000,5689.433,5562.113,2000,6444.239,5381.095,2000,6483.298
6075.401,2000,5680.981,6238.371,2000,5802.289,6205.034,2000,6750.105,5318.057,2000,6567.646,5240.164,2000,6297.77,5430.733,2000,6676.828,6292.995,2000,6630.443,6118.892,2000,6809.935,6369.935,2000,5997.843,5599.345,2000,6852.943,5685.437,2000,5656.963,6173.361,2000,5720.893,5970.466,2000,5689.253,5562.112,2000,6444.251,5380.875,2000,6483.33
6075.854,2000,5680.351,6238.823,2000,5801.658,6205.485,2000,6750.737,5317.289,2000,6567.759,5239.503,2000,6298.177,5430.793,2000,6677.602,6293.485,2000,6631.045,6119.325,2000,6810.58,6370.555,2000,5997.376,5598.959,2000,6853.617,5685.541,2000,5656.194,6173.813,2000,5720.262,5970.918,2000,5688.622,5562.109,2000,6444.294,5380.109,2000,6483.453
6076.201,2000,5679.867,6239.17,2000,5801.174,6205.818,2000,6751.231,5316.7,2000,6567.853,5238.996,2000,6298.49,5430.84,2000,6678.196,6293.861,2000,6631.507,6119.672,2000,6811.064,6371.031,2000,5997.017,5598.663,2000,6854.135,5685.621,2000,5655.603,6174.161,2000,5719.778,5971.266,2000,5688.138,5562.106,2000,6444.327,5379.519,2000,6483.54
6076.405,2000,5679.582,6239.375,2000,5800.889,6206.022,2000,6751.517,5316.354,2000,6567.904,5238.697,2000,6298.674,5430.867,2000,6678.545,6294.083,2000,6631.779,6119.867,2000,6811.355,6371.311,2000,5996.806,5598.489,2000,6854.439,5685.668,2000,5655.256,6174.365,2000,5719.493,5971.47,2000,5687.853,5562.105,2000,6444.347,5379.173,2000,6483.595
6076.863,2000,5678.943,6239.833,2000,5800.25,6206.46,2000,6752.168,5315.578,2000,6568.028,5238.029,2000,6299.087,5430.929,2000,6679.329,6294.579,2000,6632.388,6120.324,2000,6811.994,6371.938,2000,5996.333,5598.099,2000,6855.121,5685.773,2000,5654.478,6174.823,2000,5718.855,5971.928,2000,5687.215,5562.102,2000,6444.391,5378.396,2000,6483.709
6077.179,2000,5678.503,6240.149,2000,5799.81,6206.775,2000,6752.609,5315.042,2000,6568.107,5237.567,2000,6299.372,5430.971,2000,6679.869,6294.921,2000,6632.808,6120.626,2000,6812.444,6372.371,2000,5996.007,5597.83,2000,6855.591,5685.846,2000,5653.94,6175.139,2000,5718.414,5972.244,2000,5686.774,5562.099,2000,6444.421,5377.86,2000,6483.795
6077.479,2000,5678.084,6240.449,2000,5799.391,6207.063,2000,6753.037,5314.533,2000,6568.188,5237.129,2000,6299.642,5431.011,2000,6680.383,6295.247,2000,6633.208,6120.926,2000,6812.863,6372.782,2000,5995.697,5597.574,2000,6856.039,5685.916,2000,5653.429,6175.44,2000,5717.996,5972.545,2000,5686.355,5562.097,2000,6444.45,5377.35,2000,6483.87
6077.744,2000,5677.716,6240.713,2000,5799.023,6207.327,2000,6753.405,5314.084,2000,6568.254,5236.744,2000,6299.88,5431.046,2000,6680.834,6295.533,2000,6633.559,6121.179,2000,6813.239,6373.144,2000,5995.424,5597.349,2000,6856.432,5685.976,2000,5652.98,6175.704,2000,5717.627,5972.809,2000,5685.987,5562.095,2000,6444.475,5376.903,2000,6483.941
6078.068,2000,5677.264,6241.038,2000,5798.571,6207.637,2000,6753.867,5313.535,2000,6568.342,5236.27,2000,6300.172,5431.09,2000,6681.389,6295.885,2000,6633.99,6121.502,2000,6813.691,6373.588,2000,5995.089,5597.072,2000,6856.915,5686.051,2000,5652.429,6176.028,2000,5717.176,5973.133,2000,5685.536,5562.093,2000,6444.506,5376.353,2000,6484.022
6078.347,2000,5676.876,6241.316,2000,5798.183,6207.915,2000,6754.256,5313.062,2000,6568.411,5235.863,2000,6300.423,5431.127,2000,6681.865,6296.187,2000,6634.36,6121.769,2000,6814.088,6373.97,2000,5994.801,5596.835,2000,6857.33,5686.115,2000,5651.956,6176.307,2000,5716.787,5973.412,2000,5685.147,5562.091,2000,6444.533,5375.88,2000,6484.098
6078.617,2000,5676.499,6241.586,2000,5797.806,6208.174,2000,6754.641,5312.604,2000,6568.484,5235.469,2000,6300.667,5431.163,2000,6682.328,6296.48,2000,6634.72,6122.039,2000,6814.465,6374.34,2000,5994.522,5596.604,2000,6857.732,5686.177,2000,5651.496,6176.577,2000,5716.411,5973.682,2000,5684.771,5562.089,2000,6444.559,5375.422,2000,6484.165
6078.776,2000,5676.277,6241.746,2000,5797.584,6208.333,2000,6754.862,5312.334,2000,6568.524,5235.237,2000,6300.81,5431.185,2000,6682.6,6296.652,2000,6634.931,6122.191,2000,6814.692,6374.558,2000,5994.358,5596.469,2000,6857.969,5686.213,2000,5651.226,6176.736,2000,5716.189,5973.841,2000,5684.549,5562.088,2000,6444.574,5375.153,2000,6484.208
6079.131,2000,5675.782,6242.101,2000,5797.089,6208.672,2000,6755.368,5311.732,2000,6568.621,5234.718,2000,6301.129,5431.232,2000,6683.207,6297.037,2000,6635.403,6122.546,2000,6815.188,6375.044,2000,5993.991,5596.167,2000,6858.498,5686.295,2000,5650.623,6177.091,2000,5715.694,5974.196,2000,5684.054,5562.085,2000,6444.608,5374.55,2000,6484.295
6079.377,2000,5675.44,6242.347,2000,5796.747,6208.917,2000,6755.711,5311.315,2000,6568.682,5234.359,2000,6301.351,5431.265,2000,6683.627,6297.303,2000,6635.73,6122.781,2000,6815.537,6375.38,2000,5993.737,5595.957,2000,6858.863,5686.352,2000,5650.205,6177.337,2000,5715.352,5974.442,2000,5683.711,5562.083,2000,6444.631,5374.134,2000,6484.362
6079.566,2000,5675.176,6242.536,2000,5796.483,6209.099,2000,6755.98,5310.995,2000,6568.733,5234.083,2000,6301.521,5431.29,2000,6683.951,6297.508,2000,6635.981,6122.97,2000,6815.801,6375.64,2000,5993.542,5595.796,2000,6859.145,5686.395,2000,5649.883,6177.526,2000,5715.088,5974.631,2000,5683.448,5562.082,2000,6444.649,5373.813,2000,6484.409
6079.846,2000,5674.787,6242.815,2000,5796.094,6209.378,2000,6756.371,5310.521,2000,6568.802,5233.675,2000,6301.773,5431.328,2000,6684.43,6297.812,2000,6636.354,6123.237,2000,6816.2,6376.023,2000,5993.253,5595.558,2000,6859.562,5686.459,2000,5649.408,6177.806,2000,5714.698,5974.911,2000,5683.058,5562.08,2000,6444.676,5373.339,2000,6484.485
6080.047,2000,5674.505,6243.017,2000,5795.813,6209.571,2000,6756.658,5310.179,2000,6568.857,5233.38,2000,6301.955,5431.354,2000,6684.774,6298.03,2000,6636.622,6123.438,2000,6816.481,6376.299,2000,5993.044,5595.386,2000,6859.862,5686.506,2000,5649.065,6178.007,2000,5714.417,5975.112,2000,5682.776,5562.079,2000,6444.696,5372.997,2000,6484.535
6080.284,2000,5674.176,6243.253,2000,5795.483,6209.807,2000,6756.987,5309.777,2000,6568.916,5233.035,2000,6302.167,5431.386,2000,6685.179,6298.286,2000,6636.936,6123.665,2000,6816.817,6376.623,2000,5992.8,5595.185,2000,6860.214,5686.56,2000,5648.663,6178.244,2000,5714.087,5975.349,2000,5682.447,5562.077,2000,6444.718,5372.597,2000,6484.6
6080.494,2000,5673.883,6243.464,2000,5795.19,6210.008,2000,6757.287,5309.421,2000,6568.973,5232.728,2000,6302.357,5431.415,2000,6685.539,6298.514,2000,6637.216,6123.875,2000,6817.111,6376.912,2000,5992.583,5595.005,2000,6860.527,5686.608,2000,5648.305,6178.455,2000,5713.793,5975.56,2000,5682.153,5562.076,2000,6444.738,5372.239,2000,6484.652
6080.658,2000,5673.654,6243.628,2000,5794.961,6210.172,2000,6757.516,5309.143,2000,6569.013,5232.489,2000,6302.505,5431.437,2000,6685.819,6298.692,2000,6637.434,6124.031,2000,6817.344,6377.136,2000,5992.414,5594.866,2000,6860.771,5686.646,2000,5648.026,6178.619,2000,5713.565,5975.724,2000,5681.925,5562.075,2000,6444.754,5371.961,2000,6484.696
6080.895,2000,5673.324,6243.864,2000,5794.631,6210.398,2000,6757.853,5308.742,2000,6569.078,5232.144,2000,6302.718,5431.468,2000,6686.224,6298.948,2000,6637.749,6124.268,2000,6817.674,6377.46,2000,5992.169,5594.664,2000,6861.124,5686.701,2000,5647.624,6178.855,2000,5713.235,5975.96,2000,5681.595,5562.073,2000,6444.776,5371.56,2000,6484.755
6081.085,2000,5673.059,6244.055,2000,5794.366,6210.589,2000,6758.119,5308.418,2000,6569.125,5231.865,2000,6302.89,5431.494,2000,6686.55,6299.155,2000,6638.002,6124.45,2000,6817.946,6377.722,2000,5991.973,5594.501,2000,6861.408,5686.745,2000,5647.3,6179.046,2000,5712.969,5976.151,2000,5681.329,5562.072,2000,6444.794,5371.236,2000,6484.807
6081.216,2000,5672.876,6244.186,2000,5794.183,6210.714,2000,6758.306,5308.196,2000,6569.161,5231.674,2000,6303.008,5431.511,2000,6686.774,6299.297,2000,6638.177,6124.581,2000,6818.128,6377.901,2000,5991.837,5594.39,2000,6861.604,5686.775,2000,5647.077,6179.177,2000,5712.787,5976.282,2000,5681.146,5562.071,2000,6444.807,5371.014,2000,6484.839
6081.45,2000,5672.551,6244.419,2000,5793.858,6210.947,2000,6758.631,5307.8,2000,6569.218,5231.333,2000,6303.218,5431.542,2000,6687.173,6299.55,2000,6638.487,6124.804,2000,6818.46,6378.221,2000,5991.597,5594.191,2000,6861.951,5686.829,2000,5646.681,6179.41,2000,5712.461,5976.515,2000,5680.821,5562.069,2000,6444.83,5370.619,2000,6484.903
6081.573,2000,5672.379,6244.543,2000,5793.686,6211.065,2000,6758.807,5307.591,2000,6569.252,5231.153,2000,6303.33,5431.559,2000,6687.384,6299.684,2000,6638.651,6124.928,2000,6818.633,6378.39,2000,5991.469,5594.085,2000,6862.135,5686.857,2000,5646.471,6179.534,2000,5712.29,5976.639,2000,5680.649,5562.068,2000,6444.841,5370.409,2000,6484.934
6081.792,2000,5672.074,6244.762,2000,5793.381,6211.284,2000,6759.112,5307.219,2000,6569.306,5230.833,2000,6303.527,5431.588,2000,6687.759,6299.921,2000,6638.942,6125.137,2000,6818.945,6378.689,2000,5991.243,5593.899,2000,6862.461,5686.907,2000,5646.099,6179.752,2000,5711.984,5976.857,2000,5680.344,5562.067,2000,6444.862,5370.038,2000,6484.993
6081.956,2000,5671.846,6244.925,2000,5793.153,6211.44,2000,6759.345,5306.943,2000,6569.351,5230.595,2000,6303.674,5431.61,2000,6688.038,6300.098,2000,6639.159,6125.3,2000,6819.172,6378.913,2000,5991.075,5593.76,2000,6862.704,5686.945,2000,5645.821,6179.916,2000,5711.757,5977.021,2000,5680.117,5562.066,2000,6444.878,5369.761,2000,6485.034
6082.077,2000,5671.677,6245.047,2000,5792.984,6211.562,2000,6759.514,5306.737,2000,6569.381,5230.418,2000,6303.783,5431.626,2000,6688.245,6300.229,2000,6639.321,6125.417,2000,6819.345,6379.08,2000,5990.949,5593.656,2000,6862.884,5686.973,2000,5645.615,6180.037,2000,5711.587,5977.142,2000,5679.947,5562.065,2000,6444.89,5369.556,2000,6485.067
6082.292,2000,5671.377,6245.262,2000,5792.684,6211.767,2000,6759.82,5306.373,2000,6569.439,5230.104,2000,6303.977,5431.655,2000,6688.613,6300.462,2000,6639.606,6125.631,2000,6819.645,6379.374,2000,5990.727,5593.473,2000,6863.204,5687.022,2000,5645.25,6180.252,2000,5711.288,5977.357,2000,5679.648,5562.063,2000,6444.91,5369.191,2000,6485.12
6082.449,2000,5671.158,6245.419,2000,5792.465,6211.924,2000,6760.04,5306.106,2000,6569.479,5229.875,2000,6304.119,5431.676,2000,6688.881,6300.633,2000,6639.815,6125.782,2000,6819.869,6379.589,2000,5990.565,5593.339,2000,6863.438,5687.058,2000,5644.982,6180.41,2000,5711.069,5977.515,2000,5679.429,5562.063,2000,6444.925,5368.925,2000,6485.163
6082.6,2000,5670.948,6245.57,2000,5792.255,6212.068,2000,6760.254,5305.85,2000,6569.52,5229.654,2000,6304.255,5431.696,2000,6689.14,6300.796,2000,6640.016,6125.933,2000,6820.079,6379.796,2000,5990.409,5593.211,2000,6863.663,5687.093,2000,5644.726,6180.561,2000,5710.858,5977.666,2000,5679.218,5562.062,2000,6444.94,5368.668,2000,6485.2
6082.864,2000,5670.58,6245.834,2000,5791.887,6212.332,2000,6760.623,5305.402,2000,6569.585,5229.269,2000,6304.493,5431.731,2000,6689.591,6301.083,2000,6640.367,6126.185,2000,6820.455,6380.158,2000,5990.136,5592.986,2000,6864.056,5687.154,2000,5644.277,6180.825,2000,5710.49,5977.93,2000,5678.85,5562.06,2000,6444.965,5368.221,2000,6485.272
6083.126,2000,5670.215,6246.096,2000,5791.522,6212.583,2000,6760.995,5304.958,2000,6569.656,5228.887,2000,6304.729,5431.767,2000,6690.039,6301.366,2000,6640.715,6126.446,2000,6820.82,6380.517,2000,5989.866,5592.763,2000,6864.445,5687.214,2000,5643.832,6181.086,2000,5710.125,5978.191,2000,5678.485,5562.058,2000,6444.99,5367.777,2000,6485.337
6083.42,2000,5669.805,6246.391,2000,5791.112,6212.876,2000,6761.406,5304.458,2000,6569.729,5228.457,2000,6304.994,5431.806,2000,6690.542,6301.685,2000,6641.107,6126.728,2000,6821.24,6380.92,2000,5989.562,5592.512,2000,6864.884,5687.282,2000,5643.332,6181.381,2000,5709.715,5978.486,2000,5678.075,5562.056,2000,6445.019,5367.278,2000,6485.417
6083.644,2000,5669.493,6246.614,2000,5790.8,6213.09,2000,6761.724,5304.08,2000,6569.79,5228.131,2000,6305.195,5431.836,2000,6690.924,6301.927,2000,6641.404,6126.951,2000,6821.552,6381.226,2000,5989.331,5592.321,2000,6865.217,5687.333,2000,5642.952,6181.604,2000,5709.403,5978.709,2000,5677.763,5562.054,2000,6445.04,5366.899,2000,6485.473
6084.117,2000,5668.86,6247.088,2000,5790.168,6213.509,2000,6762.394,5303.304,2000,6569.94,5227.472,2000,6305.632,5431.923,2000,6691.709,6302.406,2000,6642.033,6127.39,2000,6822.209,6381.872,2000,5988.876,5591.952,2000,6865.915,5687.465,2000,5642.172,6182.074,2000,5708.768,5979.191,2000,5677.137,5562.052,2000,6445.084,5366.121,2000,6485.612
6084.404,2000,5668.5,6247.376,2000,5789.81,6213.74,2000,6762.792,5302.855,2000,6570.043,5227.098,2000,6305.898,5431.989,2000,6692.165,6302.673,2000,6642.407,6127.632,2000,6822.6,6382.256,2000,5988.625,5591.75,2000,6866.328,5687.556,2000,5641.722,6182.359,2000,5708.407,5979.483,2000,5676.782,5562.052,2000,6445.11,5365.671,2000,6485.708
6085.094,2000,5667.671,6248.061,2000,5788.975,6214.251,2000,6763.742,5301.812,2000,6570.317,5226.239,2000,6306.553,5432.179,2000,6693.227,6303.27,2000,6643.307,6128.171,2000,6823.535,6383.178,2000,5988.063,5591.309,2000,6867.313,5687.805,2000,5640.671,6183.043,2000,5707.572,5980.188,2000,5675.964,5562.054,2000,6445.171,5364.624,2000,6485.968
6085.505,2000,5667.208,6248.468,2000,5788.51,6214.526,2000,6764.296,5301.219,2000,6570.494,5225.76,2000,6306.944,5432.307,2000,6693.833,6303.594,2000,6643.833,6128.463,2000,6824.081,6383.716,2000,5987.758,5591.074,2000,6867.886,5687.968,2000,5640.074,6183.448,2000,5707.104,5980.608,2000,5675.509,5562.056,2000,6445.206,5364.029,2000,6486.137
6085.836,2000,5666.86,6248.797,2000,5788.159,6214.726,2000,6764.734,5300.763,2000,6570.646,5225.397,2000,6307.26,5432.422,2000,6694.299,6303.833,2000,6644.251,6128.675,2000,6824.512,6384.143,2000,5987.535,5590.907,2000,6868.336,5688.109,2000,5639.614,6183.774,2000,5706.75,5980.945,2000,5675.167,5562.058,2000,6445.232,5363.571,2000,6486.283
6086.681,2000,5666.003,6249.632,2000,5787.293,6215.189,2000,6765.844,5299.635,2000,6571.065,5224.516,2000,6308.079,5432.749,2000,6695.457,6304.397,2000,6645.314,6129.171,2000,6825.608,6385.226,2000,5987.012,5590.524,2000,6869.477,5688.5,2000,5638.477,6184.611,2000,5705.886,5981.807,2000,5674.327,5562.066,2000,6445.3,5362.438,2000,6486.686
6087.337,2000,5665.374,6250.284,2000,5786.66,6215.512,2000,6766.694,5298.793,2000,6571.409,5223.872,2000,6308.719,5433.023,2000,6696.323,6304.796,2000,6646.13,6129.518,2000,6826.448,6386.057,2000,5986.644,5590.264,2000,6870.348,5688.823,2000,5637.627,6185.258,2000,5705.248,5982.478,2000,5673.714,5562.074,2000,6445.351,5361.592,2000,6487.018
6087.98,2000,5664.793,6250.922,2000,5786.074,6215.792,2000,6767.513,5298.003,2000,6571.763,5223.277,2000,6309.349,5433.312,2000,6697.14,6305.15,2000,6646.92,6129.823,2000,6827.259,6386.86,2000,5986.319,5590.043,2000,6871.185,5689.158,2000,5636.829,6185.894,2000,5704.659,5983.136,2000,5673.151,5562.083,2000,6445.398,5360.796,2000,6487.36
6088.807,2000,5664.088,6251.742,2000,5785.36,6216.11,2000,6768.552,5297.026,2000,6572.239,5222.558,2000,6310.164,5433.708,2000,6698.152,6305.563,2000,6647.926,6130.171,2000,6828.288,6387.88,2000,5985.945,5589.801,2000,6872.245,5689.61,2000,5635.84,6186.71,2000,5703.941,5983.978,2000,5672.463,5562.097,2000,6445.458,5359.813,2000,6487.823
6089.546,2000,5663.493,6252.477,2000,5784.761,6216.358,2000,6769.468,5296.187,2000,6572.682,5221.954,2000,6310.896,5434.082,2000,6699.023,6305.894,2000,6648.815,6130.446,2000,6829.196,6388.781,2000,5985.647,5589.619,2000,6873.176,5690.033,2000,5634.991,6187.442,2000,5703.338,5984.731,2000,5671.886,5562.111,2000,6445.511,5358.968,2000,6488.254
6090.482,2000,5662.781,6253.408,2000,5784.042,6216.628,2000,6770.613,5295.166,2000,6573.266,5221.234,2000,6311.826,5434.581,2000,6700.088,6306.268,2000,6649.931,6130.75,2000,6830.333,6389.91,2000,5985.315,5589.432,2000,6874.337,5690.591,2000,5633.956,6188.369,2000,5702.614,5985.681,2000,5671.192,5562.13,2000,6445.575,5357.939,2000,6488.824
6091.402,2000,5662.118,6254.326,2000,5783.376,6216.853,2000,6771.725,5294.2,2000,6573.86,5220.57,2000,6312.746,5435.095,2000,6701.099,6306.593,2000,6651.018,6131.007,2000,6831.438,6391.008,2000,5985.031,5589.289,2000,6875.462,5691.162,2000,5632.976,6189.283,2000,5701.942,5986.617,2000,5670.553,5562.15,2000,6445.636,5356.965,2000,6489.405
6092.173,2000,5661.601,6255.095,2000,5782.855,6217.006,2000,6772.64,5293.425,2000,6574.373,5220.052,2000,6313.517,5435.543,2000,6701.913,6306.831,2000,6651.916,6131.188,2000,6832.348,6391.914,2000,5984.828,5589.201,2000,6876.386,5691.655,2000,5632.189,6190.049,2000,5701.417,5987.401,2000,5670.054,5562.168,2000,6445.686,5356.183,2000,6489.906
6093.657,2000,5660.653,6256.571,2000,5781.896,6217.267,2000,6774.381,5291.987,2000,6575.387,5219.117,2000,6315.008,5436.443,2000,6703.426,6307.224,2000,6653.631,6131.473,2000,6834.085,6393.643,2000,5984.5,5589.093,2000,6878.143,5692.639,2000,5630.729,6191.521,2000,5700.453,5988.895,2000,5669.124,5562.206,2000,6445.779,5354.733,2000,6490.905
6094.009,2000,5660.444,6256.921,2000,5781.684,6217.314,2000,6774.788,5291.66,2000,6575.634,5218.911,2000,6315.362,5436.664,2000,6703.771,6307.303,2000,6654.034,6131.526,2000,6834.491,6394.048,2000,5984.436,5589.081,2000,6878.553,5692.878,2000,5630.397,6191.872,2000,5700.24,5989.249,2000,5668.918,5562.215,2000,6445.801,5354.404,2000,6491.148
6095.54,2000,5659.569,6258.452,2000,5780.808,6217.46,2000,6776.545,5290.288,2000,6576.743,5218.075,2000,6316.915,5437.662,2000,6705.225,6307.584,2000,6655.774,6131.698,2000,6836.246,6395.798,2000,5984.221,5589.088,2000,6880.316,5693.957,2000,5629.002,6193.397,2000,5699.356,5990.797,2000,5668.074,5562.255,2000,6445.894,5353.02,2000,6492.241
6096.69,2000,5658.957,6259.603,2000,5780.198,6217.526,2000,6777.846,5289.302,2000,6577.594,5217.495,2000,6318.081,5438.434,2000,6706.274,6307.75,2000,6657.066,6131.783,2000,6837.546,6397.096,2000,5984.104,5589.136,2000,6881.618,5694.787,2000,5627.998,6194.542,2000,5698.733,5991.958,2000,5667.485,5562.286,2000,6445.962,5352.025,2000,6493.082
6097.639,2000,5658.491,6260.553,2000,5779.733,6217.545,2000,6778.903,5288.525,2000,6578.311,5217.055,2000,6319.043,5439.088,2000,6707.104,6307.85,2000,6658.119,6131.817,2000,6838.603,6398.151,2000,5984.044,5589.209,2000,6882.673,5695.487,2000,5627.206,6195.486,2000,5698.258,5992.917,2000,5667.038,5562.31,2000,6446.019,5351.24,2000,6493.79
6099.133,2000,5657.802,6262.045,2000,5779.042,6217.521,2000,6780.548,5287.353,2000,6579.465,5216.42,2000,6320.561,5440.147,2000,6708.363,6307.951,2000,6659.761,6131.816,2000,6840.248,6399.796,2000,5984.004,5589.376,2000,6884.31,5696.616,2000,5626.009,6196.976,2000,5697.56,5994.422,2000,5666.374,5562.348,2000,6446.106,5350.055,2000,6494.932
6100.406,2000,5657.258,6263.32,2000,5778.501,6217.455,2000,6781.931,5286.399,2000,6580.469,5215.928,2000,6321.854,5441.073,2000,6709.392,6307.992,2000,6661.145,6131.77,2000,6841.632,6401.18,2000,5984.016,5589.563,2000,6885.682,5697.599,2000,5625.034,6198.245,2000,5697.006,5995.706,2000,5665.856,5562.38,2000,6446.18,5349.09,2000,6495.924
6101.577,2000,5656.803,6264.492,2000,5778.049,6217.354,2000,6783.183,5285.563,2000,6581.407,5215.52,2000,6323.043,5441.944,2000,6710.298,6307.987,2000,6662.401,6131.687,2000,6842.886,6402.436,2000,5984.067,5589.772,2000,6886.92,5698.519,2000,5624.179,6199.412,2000,5696.541,5996.886,2000,5665.426,5562.41,2000,6446.247,5348.245,2000,6496.854
6103.498,2000,5656.106,6266.411,2000,5777.348,6217.139,2000,6785.215,5284.25,2000,6582.973,5214.92,2000,6324.996,5443.407,2000,6711.725,6307.913,2000,6664.443,6131.485,2000,6844.919,6404.473,2000,5984.218,5590.178,2000,6888.923,5700.061,2000,5622.837,6201.329,2000,5695.832,5998.815,2000,5664.752,5562.458,2000,6446.356,5346.919,2000,6498.409
6103.967,2000,5655.953,6266.88,2000,5777.193,6217.071,2000,6785.704,5283.945,2000,6583.361,5214.791,2000,6325.472,5443.771,2000,6712.057,6307.879,2000,6664.935,6131.42,2000,6845.408,6404.964,2000,5984.271,5590.292,2000,6889.403,5700.443,2000,5622.526,6201.797,2000,5695.676,5999.286,2000,5664.604,5562.469,2000,6446.382,5346.612,2000,6498.794
6105.988,2000,5655.366,6268.899,2000,5776.602,6216.713,2000,6787.777,5282.701,2000,6585.058,5214.306,2000,6327.52,5445.371,2000,6713.424,6307.665,2000,6667.029,6131.076,2000,6847.484,6407.048,2000,5984.563,5590.845,2000,6891.434,5702.118,2000,5621.251,6203.814,2000,5695.077,6001.314,2000,5664.042,5562.519,2000,6446.496,5345.354,2000,6500.482
6106.886,2000,5655.137,6269.797,2000,5776.371,6216.526,2000,6788.685,5282.178,2000,6585.823,5214.122,2000,6328.428,5446.094,2000,6714.003,6307.541,2000,6667.947,6130.895,2000,6848.393,6407.961,2000,5984.722,5591.117,2000,6892.319,5702.873,2000,5620.714,6204.71,2000,5694.842,6002.214,2000,5663.824,5562.541,2000,6446.546,5344.826,2000,6501.243
6109.018,2000,5654.667,6271.927,2000,5775.896,6216.016,2000,6790.807,5281.005,2000,6587.664,5213.759,2000,6330.581,5447.843,2000,6715.31,6307.178,2000,6670.099,6130.397,2000,6850.519,6410.098,2000,5985.166,5591.827,2000,6894.384,5704.693,2000,5619.508,6206.839,2000,5694.358,6004.352,2000,5663.379,5562.592,2000,6446.665,5343.639,2000,6503.075
6110.561,2000,5654.379,6273.469,2000,5775.604,6215.599,2000,6792.32,5280.206,2000,6589.014,5213.549,2000,6332.136,5449.13,2000,6716.208,6306.866,2000,6671.637,6129.99,2000,6852.034,6411.623,2000,5985.535,5592.385,2000,6895.85,5706.028,2000,5618.685,6208.38,2000,5694.061,6005.897,2000,5663.11,5562.629,2000,6446.75,5342.829,2000,6504.419
6112.603,2000,5654.067,6275.511,2000,5775.287,6214.985,2000,6794.292,5279.212,2000,6590.826,5213.34,2000,6334.191,5450.862,2000,6717.333,6306.39,2000,6673.647,6129.389,2000,6854.011,6413.614,2000,5986.087,5593.183,2000,6897.756,5707.821,2000,5617.658,6210.42,2000,5693.735,6007.943,2000,5662.823,5562.679,2000,6446.863,5341.822,2000,6506.223
6113.143,2000,5654.003,6276.051,2000,5775.221,6214.806,2000,6794.806,5278.966,2000,6591.311,5213.302,2000,6334.734,5451.328,2000,6717.615,6306.248,2000,6674.172,6129.214,2000,6854.526,6414.133,2000,5986.249,5593.41,2000,6898.25,5708.302,2000,5617.404,6210.959,2000,5693.667,6008.484,2000,5662.765,5562.692,2000,6446.893,5341.572,2000,6506.706
6114.952,2000,5653.847,6277.86,2000,5775.061,6214.154,2000,6796.501,5278.198,2000,6592.957,5213.237,2000,6336.549,5452.912,2000,6718.503,6305.714,2000,6675.908,6128.573,2000,6856.225,6415.848,2000,5986.847,5594.219,2000,6899.876,5709.934,2000,5616.607,6212.768,2000,5693.5,6010.295,2000,5662.63,5562.735,2000,6446.993,5340.792,2000,6508.346
6117.125,2000,5653.73,6280.032,2000,5774.939,6213.307,2000,6798.505,5277.344,2000,6594.958,5213.229,2000,6338.725,5454.825,2000,6719.54,6305.008,2000,6677.966,6127.739,2000,6858.235,6417.878,2000,5987.631,5595.252,2000,6901.791,5711.919,2000,5615.716,6214.939,2000,5693.369,6012.47,2000,5662.54,5562.788,2000,6447.114,5339.922,2000,6510.341
6118.826,2000,5653.695,6281.733,2000,5774.899,6212.594,2000,6800.05,5276.727,2000,6596.544,5213.279,2000,6340.425,5456.319,2000,6720.354,6304.403,2000,6679.557,6127.036,2000,6859.784,6419.444,2000,5988.295,5596.109,2000,6903.261,5713.493,2000,5615.071,6216.64,2000,5693.323,6014.171,2000,5662.525,5562.829,2000,6447.208,5339.293,2000,6511.922
6119.861,2000,5653.708,6282.769,2000,5774.909,6212.129,2000,6800.976,5276.384,2000,6597.521,5213.343,2000,6341.458,5457.226,2000,6720.853,6304.003,2000,6680.512,6126.578,2000,6860.712,6420.384,2000,5988.73,5596.659,2000,6904.138,5714.463,2000,5614.71,6217.675,2000,5693.329,6015.206,2000,5662.55,5562.854,2000,6447.267,5338.942,2000,6512.896
6122.287,2000,5653.816,6285.194,2000,5775.012,6210.97,2000,6803.109,5275.654,2000,6599.836,5213.573,2000,6343.876,5459.349,2000,6722.03,6302.994,2000,6682.72,6125.432,2000,6862.853,6422.552,2000,5989.823,5598.016,2000,6906.152,5716.766,2000,5613.938,6220.102,2000,5693.422,6017.63,2000,5662.688,5562.913,2000,6447.403,5338.194,2000,6515.206
6124.041,2000,5653.952,6286.948,2000,5775.144,6210.08,2000,6804.626,5275.18,2000,6601.53,5213.797,2000,6345.621,5460.885,2000,6722.887,6302.21,2000,6684.294,6124.551,2000,6864.375,6424.096,2000,5990.665,5599.045,2000,6907.578,5718.451,2000,5613.434,6221.856,2000,5693.547,6019.382,2000,5662.845,5562.956,2000,6447.502,5337.707,2000,6516.896
6125.444,2000,5654.107,6288.352,2000,5775.295,6209.325,2000,6805.82,5274.845,2000,6602.902,5214.022,2000,6347.015,5462.116,2000,6723.58,6301.54,2000,6685.538,6123.805,2000,6865.574,6425.313,2000,5991.381,5599.909,2000,6908.695,5719.816,2000,5613.074,6223.261,2000,5693.694,6020.784,2000,5663.017,5562.99,2000,6447.582,5337.361,2000,6518.266
6127.587,2000,5654.415,6290.496,2000,5775.599,6208.109,2000,6807.612,5274.399,2000,6605.021,5214.437,2000,6349.14,5464,2000,6724.647,6300.451,2000,6687.409,6122.601,2000,6867.374,6427.142,2000,5992.541,5601.289,2000,6910.363,5721.926,2000,5612.59,6225.406,2000,5693.988,6022.923,2000,5663.351,5563.043,2000,6447.706,5336.899,2000,6520.381
6129.004,2000,5654.667,6291.914,2000,5775.847,6207.263,2000,6808.776,5274.149,2000,6606.438,5214.759,2000,6350.542,5465.25,2000,6725.361,6299.687,2000,6688.628,6121.762,2000,6868.543,6428.332,2000,5993.35,5602.242,2000,6911.442,5723.339,2000,5612.314,6226.824,2000,5694.23,6024.337,2000,5663.619,5563.079,2000,6447.788,5336.638,2000,6521.796
6131.164,2000,5655.123,6294.074,2000,5776.298,6205.907,2000,6810.517,5273.837,2000,6608.624,5215.323,2000,6352.676,5467.163,2000,6726.462,6298.454,2000,6690.459,6120.417,2000,6870.293,6430.115,2000,5994.651,5603.757,2000,6913.047,5725.518,2000,5611.963,6228.986,2000,5694.673,6026.491,2000,5664.102,5563.134,2000,6447.915,5336.31,2000,6523.979
6132.786,2000,5655.522,6295.697,2000,5776.693,6204.838,2000,6811.801,5273.655,2000,6610.284,5215.803,2000,6354.277,5468.607,2000,6727.3,6297.476,2000,6691.813,6119.356,2000,6871.584,6431.432,2000,5995.679,5604.943,2000,6914.224,5727.175,2000,5611.751,6230.611,2000,5695.062,6028.108,2000,5664.52,5563.175,2000,6448.012,5336.115,2000,6525.638
6134.741,2000,5656.071,6297.653,2000,5777.237,6203.488,2000,6813.318,5273.5,2000,6612.309,5216.449,2000,6356.202,5470.36,2000,6728.325,6296.234,2000,6693.42,6118.017,2000,6873.11,6432.991,2000,5996.98,5606.431,2000,6915.606,5729.197,2000,5611.56,6232.569,2000,5695.599,6030.056,2000,5665.092,5563.226,2000,6448.13,5335.944,2000,6527.661
6136.545,2000,5656.642,6299.459,2000,5777.804,6202.185,2000,6814.69,5273.418,2000,6614.2,5217.109,2000,6357.976,5471.992,2000,6729.285,6295.028,2000,6694.879,6116.722,2000,6874.491,6434.403,2000,5998.241,5607.858,2000,6916.849,5731.086,2000,5611.443,6234.377,2000,5696.158,6031.854,2000,5665.685,5563.274,2000,6448.241,5335.847,2000,6529.552
6137.979,2000,5657.148,6300.894,2000,5778.307,6201.102,2000,6815.758,5273.401,2000,6615.72,5217.687,2000,6359.382,5473.299,2000,6730.061,6294.021,2000,6696.018,6115.646,2000,6875.565,6435.504,2000,5999.289,5609.037,2000,6917.809,5732.605,2000,5611.399,6235.814,2000,5696.655,6033.281,2000,5666.208,5563.313,2000,6448.33,5335.819,2000,6531.072
6140.106,2000,5657.978,6303.023,2000,5779.131,6199.425,2000,6817.307,5273.451,2000,6618.002,5218.622,2000,6361.464,5475.259,2000,6731.232,6292.455,2000,6697.679,6113.979,2000,6877.125,6437.104,2000,6000.917,5610.854,2000,6919.191,5734.888,2000,5611.408,6237.946,2000,5697.471,6035.398,2000,5667.063,5563.371,2000,6448.465,5335.851,2000,6533.354
6141.525,2000,5658.585,6304.444,2000,5779.736,6198.257,2000,6818.316,5273.535,2000,6619.543,5219.3,2000,6362.852,5476.581,2000,6732.029,6291.359,2000,6698.767,6112.817,2000,6878.142,6438.15,2000,6002.053,5612.112,2000,6920.086,5736.431,2000,5611.464,6239.369,2000,5698.069,6036.81,2000,5667.688,5563.41,2000,6448.557,5335.923,2000,6534.897
6143.625,2000,5659.567,6306.545,2000,5780.712,6196.455,2000,6819.774,5273.737,2000,6621.852,5220.385,2000,6364.899,5478.562,2000,6733.232,6289.663,2000,6700.345,6111.025,2000,6879.611,6439.664,2000,6003.808,5614.043,2000,6921.366,5738.743,2000,5611.624,6241.475,2000,5699.038,6038.897,2000,5668.695,5563.47,2000,6448.695,5336.107,2000,6537.207
6145.362,2000,5660.45,6308.285,2000,5781.591,6194.9,2000,6820.949,5273.971,2000,6623.787,5221.354,2000,6366.59,5480.225,2000,6734.248,6288.193,2000,6701.625,6109.478,2000,6880.797,6440.887,2000,6005.325,5615.703,2000,6922.389,5740.682,2000,5611.822,6243.218,2000,5699.909,6040.624,2000,5669.599,5563.52,2000,6448.813,5336.326,2000,6539.144
6146.57,2000,5661.114,6309.495,2000,5782.253,6193.774,2000,6821.744,5274.181,2000,6625.15,5222.078,2000,6367.763,5481.398,2000,6734.972,6287.124,2000,6702.496,6108.357,2000,6881.599,6441.717,2000,6006.426,5616.899,2000,6923.074,5742.048,2000,5612.007,6244.43,2000,5700.566,6041.824,2000,5670.277,5563.556,2000,6448.896,5336.525,2000,6540.508
6148.771,2000,5662.42,6311.699,2000,5783.554,6191.636,2000,6823.151,5274.653,2000,6627.666,5223.493,2000,6369.896,5483.572,2000,6736.323,6285.088,2000,6704.047,6106.228,2000,6883.02,6443.19,2000,6008.52,5619.162,2000,6924.271,5744.572,2000,5612.434,6246.64,2000,5701.858,6044.01,2000,5671.61,5563.623,2000,6449.052,5336.978,2000,6543.027
6150.476,2000,5663.439,6313.414,2000,5784.557,6189.984,2000,6824.253,5275.004,2000,6629.62,5224.591,2000,6371.552,5485.258,2000,6737.371,6283.508,2000,6705.25,6104.568,2000,6884.112,6444.333,2000,6010.144,5620.917,2000,6925.201,5746.53,2000,5612.765,6248.349,2000,5702.87,6045.718,2000,5672.624,5563.675,2000,6449.174,5337.344,2000,6544.979
6152.196,2000,5664.458,6315.134,2000,5785.575,6188.314,2000,6825.352,5275.373,2000,6631.584,5225.696,2000,6373.217,5486.956,2000,6738.426,6281.918,2000,6706.461,6102.906,2000,6885.221,6445.484,2000,6011.778,5622.683,2000,6926.137,5748.501,2000,5613.098,6250.069,2000,5703.886,6047.434,2000,5673.648,5563.728,2000,6449.297,5337.697,2000,6546.947
6153.565,2000,5665.271,6316.505,2000,5786.385,6186.989,2000,6826.236,5275.654,2000,6633.152,5226.576,2000,6374.544,5488.309,2000,6739.267,6280.651,2000,6707.426,6101.576,2000,6886.097,6446.4,2000,6013.08,5624.09,2000,6926.882,5750.071,2000,5613.363,6251.439,2000,5704.698,6048.804,2000,5674.46,5563.77,2000,6449.396,5337.991,2000,6548.512
6155.663,2000,5666.514,6318.603,2000,5787.627,6184.952,2000,6827.576,5276.104,2000,6635.548,5227.924,2000,6376.577,5490.379,2000,6740.554,6278.711,2000,6708.904,6099.547,2000,6887.45,6447.804,2000,6015.074,5626.245,2000,6928.023,5752.476,2000,5613.769,6253.538,2000,5705.94,6050.9,2000,5675.706,5563.835,2000,6449.549,5338.422,2000,6550.912
6157.047,2000,5667.335,6319.988,2000,5788.447,6183.613,2000,6828.469,5276.389,2000,6637.132,5228.813,2000,6377.918,5491.746,2000,6741.404,6277.431,2000,6709.879,6098.203,2000,6888.335,6448.73,2000,6016.39,5627.667,2000,6928.776,5754.063,2000,5614.037,6254.922,2000,5706.76,6052.285,2000,5676.526,5563.879,2000,6449.65,5338.719,2000,6552.493
6159.167,2000,5668.591,6322.108,2000,5789.702,6181.555,2000,6829.824,5276.843,2000,6639.554,5230.176,2000,6379.972,5493.839,2000,6742.705,6275.471,2000,6711.372,6096.153,2000,6889.703,6450.148,2000,6018.405,5629.845,2000,6929.93,5756.492,2000,5614.448,6257.042,2000,5708.017,6054.405,2000,5677.783,5563.946,2000,6449.807,5339.154,2000,6554.918
6160.883,2000,5669.608,6323.825,2000,5790.719,6179.896,2000,6830.931,5277.196,2000,6641.518,5231.278,2000,6381.634,5495.533,2000,6743.758,6273.884,2000,6712.581,6094.487,2000,6890.799,6451.296,2000,6020.037,5631.608,2000,6930.863,5758.459,2000,5614.78,6258.758,2000,5709.034,6056.121,2000,5678.8,5564,2000,6449.934,5339.522,2000,6556.879
6162.231,2000,5670.407,6325.172,2000,5791.517,6178.587,2000,6831.792,5277.484,2000,6643.057,5232.144,2000,6382.939,5496.863,2000,6744.584,6272.638,2000,6713.53,6093.184,2000,6891.668,6452.198,2000,6021.317,5632.993,2000,6931.596,5760.003,2000,5615.041,6260.105,2000,5709.833,6057.468,2000,5679.599,5564.043,2000,6450.035,5339.799,2000,6558.42
6164.168,2000,5671.555,6327.109,2000,5792.665,6176.714,2000,6833.042,5277.882,2000,6645.273,5233.389,2000,6384.816,5498.775,2000,6745.773,6270.847,2000,6714.895,6091.303,2000,6892.906,6453.494,2000,6023.159,5634.982,2000,6932.65,5762.224,2000,5615.416,6262.043,2000,5710.98,6059.405,2000,5680.746,5564.106,2000,6450.18,5340.214,2000,6560.633
6165.732,2000,5672.483,6328.674,2000,5793.592,6175.194,2000,6834.042,5278.218,2000,6647.061,5234.394,2000,6386.332,5500.32,2000,6746.733,6269.4,2000,6715.997,6089.79,2000,6893.916,6454.541,2000,6024.646,5636.59,2000,6933.501,5764.017,2000,5615.719,6263.608,2000,5711.907,6060.97,2000,5681.673,5564.157,2000,6450.299,5340.536,2000,6562.423
6166.809,2000,5673.122,6329.751,2000,5794.23,6174.153,2000,6834.737,5278.439,2000,6648.293,5235.086,2000,6387.375,5501.383,2000,6747.394,6268.404,2000,6716.755,6088.744,2000,6894.604,6455.261,2000,6025.67,5637.696,2000,6934.087,5765.251,2000,5615.928,6264.685,2000,5712.545,6062.047,2000,5682.312,5564.192,2000,6450.381,5340.767,2000,6563.654
6168.72,2000,5674.255,6331.663,2000,5795.362,6172.297,2000,6835.958,5278.849,2000,6650.477,5236.314,2000,6389.227,5503.271,2000,6748.566,6266.636,2000,6718.102,6086.896,2000,6895.837,6456.54,2000,6027.487,5639.66,2000,6935.127,5767.442,2000,5616.298,6266.596,2000,5713.678,6063.958,2000,5683.445,5564.255,2000,6450.527,5341.16,2000,6565.841
6170.146,2000,5675.1,6333.088,2000,5796.208,6170.918,2000,6836.878,5279.142,2000,6652.107,5237.23,2000,6390.607,5504.678,2000,6749.441,6265.318,2000,6719.105,6085.512,2000,6896.749,6457.494,2000,6028.842,5641.124,2000,6935.902,5769.076,2000,5616.574,6268.022,2000,5714.522,6065.383,2000,5684.291,5564.302,2000,6450.638,5341.465,2000,6567.47
6171.53,2000,5675.921,6334.473,2000,5797.027,6169.574,2000,6837.762,5279.438,2000,6653.689,5238.119,2000,6391.948,5506.044,2000,6750.291,6264.038,2000,6720.081,6084.173,2000,6897.642,6458.42,2000,6030.158,5642.546,2000,6936.655,5770.663,2000,5616.842,6269.406,2000,5715.343,6066.767,2000,5685.111,5564.349,2000,6450.745,5341.75,2000,6569.053
6172.589,2000,5676.549,6335.532,2000,5797.656,6168.55,2000,6838.446,5279.656,2000,6654.901,5238.8,2000,6392.975,5507.09,2000,6750.941,6263.059,2000,6720.827,6083.145,2000,6898.318,6459.129,2000,6031.165,5643.634,2000,6937.231,5771.877,2000,5617.047,6270.465,2000,5715.971,6067.826,2000,5685.74,5564.384,2000,6450.828,5341.977,2000,6570.264
6174.163,2000,5677.482,6337.106,2000,5798.588,6167.021,2000,6839.452,5279.994,2000,6656.699,5239.811,2000,6394.5,5508.645,2000,6751.907,6261.603,2000,6721.936,6081.623,2000,6899.334,6460.182,2000,6032.661,5645.251,2000,6938.088,5773.681,2000,5617.352,6272.039,2000,5716.904,6069.4,2000,5686.672,5564.438,2000,6450.952,5342.301,2000,6572.064
6175.417,2000,5678.225,6338.36,2000,5799.332,6165.809,2000,6840.261,5280.251,2000,6658.134,5240.617,2000,6395.714,5509.882,2000,6752.676,6260.443,2000,6722.819,6080.405,2000,6900.135,6461.021,2000,6033.853,5646.54,2000,6938.77,5775.119,2000,5617.594,6273.292,2000,5717.647,6070.654,2000,5687.416,5564.48,2000,6451.051,5342.57,2000,6573.497
6176.401,2000,5678.809,6339.344,2000,5799.915,6164.854,2000,6840.89,5280.462,2000,6659.258,5241.249,2000,6396.667,5510.854,2000,6753.28,6259.533,2000,6723.512,6079.453,2000,6900.771,6461.679,2000,6034.788,5647.55,2000,6939.305,5776.247,2000,5617.785,6274.277,2000,5718.23,6071.638,2000,5687.999,5564.514,2000,6451.129,5342.772,2000,6574.623
6177.813,2000,5679.646,6340.757,2000,5800.751,6163.488,2000,6841.801,5280.753,2000,6660.875,5242.157,2000,6398.036,5512.249,2000,6754.147,6258.227,2000,6724.507,6078.082,2000,6901.673,6462.624,2000,6036.131,5649.001,2000,6940.074,5777.866,2000,5618.058,6275.689,2000,5719.067,6073.051,2000,5688.836,5564.562,2000,6451.242,5343.075,2000,6576.237
6178.957,2000,5680.324,6341.9,2000,5801.429,6162.377,2000,6842.532,5280.998,2000,6662.181,5242.891,2000,6399.143,5513.377,2000,6754.849,6257.17,2000,6725.313,6076.976,2000,6902.411,6463.389,2000,6037.218,5650.176,2000,6940.696,5779.176,2000,5618.279,6276.833,2000,5719.744,6074.194,2000,5689.514,5564.602,2000,6451.334,5343.31,2000,6577.545
6179.742,2000,5680.789,6342.686,2000,5801.894,6161.618,2000,6843.038,5281.159,2000,6663.079,5243.396,2000,6399.904,5514.152,2000,6755.331,6256.444,2000,6725.865,6076.214,2000,6902.913,6463.915,2000,6037.964,5650.982,2000,6941.123,5780.076,2000,5618.431,6277.618,2000,5720.209,6074.979,2000,5689.979,5564.629,2000,6451.398,5343.478,2000,6578.442
6181.138,2000,5681.617,6344.082,2000,5802.721,6160.262,2000,6843.931,5281.458,2000,6664.675,5244.293,2000,6401.257,5515.531,2000,6756.188,6255.152,2000,6726.849,6074.864,2000,6903.813,6464.849,2000,6039.292,5652.417,2000,6941.883,5781.677,2000,5618.702,6279.015,2000,5721.037,6076.375,2000,5690.807,5564.678,2000,6451.511,5343.765,2000,6580.04
6182.179,2000,5682.234,6345.124,2000,5803.338,6159.255,2000,6844.603,5281.672,2000,6665.866,5244.962,2000,6402.266,5516.559,2000,6756.827,6254.189,2000,6727.582,6073.853,2000,6904.479,6465.545,2000,6040.281,5653.487,2000,6942.449,5782.87,2000,5618.903,6280.056,2000,5721.654,6077.417,2000,5691.424,5564.714,2000,6451.596,5343.988,2000,6581.229
6183.19,2000,5682.833,6346.134,2000,5803.937,6158.274,2000,6845.249,5281.889,2000,6667.021,5245.611,2000,6403.245,5517.557,2000,6757.447,6253.255,2000,6728.294,6072.875,2000,6905.131,6466.222,2000,6041.242,5654.525,2000,6942.999,5784.029,2000,5619.099,6281.067,2000,5722.253,6078.427,2000,5692.023,5564.75,2000,6451.679,5344.196,2000,6582.385
6183.962,2000,5683.29,6346.906,2000,5804.395,6157.527,2000,6845.747,5282.048,2000,6667.905,5246.107,2000,6403.993,5518.32,2000,6757.921,6252.541,2000,6728.838,6072.125,2000,6905.625,6466.738,2000,6041.977,5655.318,2000,6943.419,5784.914,2000,5619.249,6281.839,2000,5722.711,6079.2,2000,5692.481,5564.777,2000,6451.743,5344.361,2000,6583.268
6185.112,2000,5683.971,6348.056,2000,5805.076,6156.411,2000,6846.482,5282.294,2000,6669.218,5246.846,2000,6405.106,5519.455,2000,6758.626,6251.478,2000,6729.648,6071.014,2000,6906.367,6467.507,2000,6043.069,5656.5,2000,6944.045,5786.232,2000,5619.471,6282.989,2000,5723.393,6080.35,2000,5693.162,5564.818,2000,6451.838,5344.598,2000,6584.583
6185.943,2000,5684.463,6348.887,2000,5805.568,6155.608,2000,6847.018,5282.465,2000,6670.169,5247.38,2000,6405.911,5520.275,2000,6759.136,6250.709,2000,6730.233,6070.207,2000,6906.897,6468.063,2000,6043.859,5657.353,2000,6944.497,5787.184,2000,5619.632,6283.82,2000,5723.885,6081.181,2000,5693.654,5564.848,2000,6451.908,5344.776,2000,6585.532
6186.912,2000,5685.037,6349.856,2000,5806.142,6154.667,2000,6847.637,5282.673,2000,6671.275,5248.002,2000,6406.85,5521.231,2000,6759.73,6249.814,2000,6730.915,6069.271,2000,6907.522,6468.711,2000,6044.78,5658.348,2000,6945.024,5788.294,2000,5619.82,6284.789,2000,5724.459,6082.149,2000,5694.229,5564.883,2000,6451.989,5344.975,2000,6586.641
6187.778,2000,5685.55,6350.722,2000,5806.654,6153.831,2000,6848.196,5282.851,2000,6672.266,5248.559,2000,6407.688,5522.086,2000,6760.262,6249.013,2000,6731.525,6068.43,2000,6908.076,6469.29,2000,6045.603,5659.237,2000,6945.495,5789.287,2000,5619.987,6285.654,2000,5724.972,6083.015,2000,5694.742,5564.914,2000,6452.062,5345.161,2000,6587.63
6188.612,2000,5686.045,6351.556,2000,5807.149,6153.02,2000,6848.729,5283.029,2000,6673.22,5249.095,2000,6408.497,5522.91,2000,6760.774,6248.241,2000,6732.113,6067.623,2000,6908.614,6469.849,2000,6046.396,5660.095,2000,6945.949,5790.243,2000,5620.149,6286.489,2000,5725.467,6083.85,2000,5695.236,5564.944,2000,6452.132,5345.332,2000,6588.585
6189.421,2000,5686.525,6352.365,2000,5807.629,6152.237,2000,6849.251,5283.196,2000,6674.146,5249.615,2000,6409.281,5523.708,2000,6761.271,6247.493,2000,6732.683,6066.837,2000,6909.131,6470.39,2000,6047.166,5660.926,2000,6946.39,5791.171,2000,5620.306,6287.298,2000,5725.946,6084.659,2000,5695.716,5564.974,2000,6452.201,5345.505,2000,6589.51
6189.9,2000,5686.809,6352.844,2000,5807.913,6151.772,2000,6849.558,5283.298,2000,6674.692,5249.922,2000,6409.745,5524.181,2000,6761.564,6247.05,2000,6733.02,6066.374,2000,6909.44,6470.71,2000,6047.621,5661.418,2000,6946.65,5791.72,2000,5620.398,6287.777,2000,5726.23,6085.138,2000,5696,5564.991,2000,6452.242,5345.604,2000,6590.058
6190.965,2000,5687.439,6353.909,2000,5808.543,6150.743,2000,6850.245,5283.517,2000,6675.911,5250.606,2000,6410.777,5525.232,2000,6762.218,6246.065,2000,6733.77,6065.34,2000,6910.121,6471.423,2000,6048.633,5662.512,2000,6947.23,5792.94,2000,5620.604,6288.842,2000,5726.861,6086.203,2000,5696.63,5565.03,2000,6452.333,5345.832,2000,6591.274
6191.703,2000,5687.876,6354.646,2000,5808.98,6150.027,2000,6850.716,5283.675,2000,6676.753,5251.08,2000,6411.491,5525.96,2000,6762.67,6245.383,2000,6734.29,6064.627,2000,6910.597,6471.916,2000,6049.333,5663.27,2000,6947.631,5793.786,2000,5620.747,6289.579,2000,5727.298,6086.94,2000,5697.067,5565.058,2000,6452.396,5345.983,2000,6592.118
6192.349,2000,5688.259,6355.293,2000,5809.363,6149.402,2000,6851.133,5283.808,2000,6677.492,5251.495,2000,6412.117,5526.599,2000,6763.067,6244.786,2000,6734.745,6064,2000,6911.01,6472.348,2000,6049.948,5663.933,2000,6947.982,5794.526,2000,5620.872,6290.225,2000,5727.681,6087.586,2000,5697.45,5565.082,2000,6452.452,5346.122,2000,6592.856
6193.102,2000,5688.706,6356.046,2000,5809.81,6148.67,2000,6851.614,5283.97,2000,6678.353,5251.979,2000,6412.847,5527.342,2000,6763.529,6244.089,2000,6735.275,6063.271,2000,6911.496,6472.852,2000,6050.664,5664.707,2000,6948.392,5795.39,2000,5621.018,6290.979,2000,5728.126,6088.339,2000,5697.896,5565.109,2000,6452.517,5346.277,2000,6593.718
6193.777,2000,5689.105,6356.721,2000,5810.209,6148.018,2000,6852.049,5284.108,2000,6679.125,5252.413,2000,6413.5,5528.008,2000,6763.943,6243.465,2000,6735.75,6062.616,2000,6911.927,6473.303,2000,6051.305,5665.399,2000,6948.759,5796.163,2000,5621.149,6291.653,2000,5728.526,6089.014,2000,5698.296,5565.134,2000,6452.575,5346.421,2000,6594.489
6194.425,2000,5689.489,6357.369,2000,5810.593,6147.389,2000,6852.463,5284.247,2000,6679.865,5252.829,2000,6414.128,5528.648,2000,6764.34,6242.866,2000,6736.207,6061.99,2000,6912.345,6473.737,2000,6051.921,5666.065,2000,6949.112,5796.905,2000,5621.274,6292.301,2000,5728.911,6089.662,2000,5698.68,5565.159,2000,6452.632,5346.555,2000,6595.23
6195.054,2000,5689.862,6357.998,2000,5810.966,6146.78,2000,6852.869,5284.376,2000,6680.585,5253.233,2000,6414.738,5529.27,2000,6764.727,6242.284,2000,6736.65,6061.378,2000,6912.747,6474.158,2000,6052.52,5666.711,2000,6949.454,5797.627,2000,5621.396,6292.931,2000,5729.284,6090.292,2000,5699.053,5565.182,2000,6452.687,5346.689,2000,6595.95
6195.426,2000,5690.083,6358.37,2000,5811.187,6146.419,2000,6853.106,5284.456,2000,6681.01,5253.472,2000,6415.098,5529.637,2000,6764.955,6241.94,2000,6736.912,6061.019,2000,6912.987,6474.407,2000,6052.873,5667.093,2000,6949.656,5798.053,2000,5621.468,6293.302,2000,5729.504,6090.663,2000,5699.273,5565.196,2000,6452.72,5346.766,2000,6596.375
6196.254,2000,5690.573,6359.198,2000,5811.677,6145.618,2000,6853.641,5284.626,2000,6681.958,5254.004,2000,6415.9,5530.455,2000,6765.463,6241.174,2000,6737.495,6060.215,2000,6913.516,6474.961,2000,6053.661,5667.944,2000,6950.107,5799.002,2000,5621.629,6294.13,2000,5729.995,6091.492,2000,5699.764,5565.228,2000,6452.792,5346.943,2000,6597.321
6196.603,2000,5690.78,6359.546,2000,5811.884,6145.28,2000,6853.864,5284.701,2000,6682.355,5254.228,2000,6416.237,5530.798,2000,6765.677,6240.852,2000,6737.74,6059.878,2000,6913.741,6475.194,2000,6053.992,5668.302,2000,6950.296,5799.402,2000,5621.696,6294.479,2000,5730.201,6091.84,2000,5699.97,5565.241,2000,6452.823,5347.015,2000,6597.72
6197.381,2000,5691.241,6360.325,2000,5812.345,6144.527,2000,6854.366,5284.861,2000,6683.246,5254.728,2000,6416.991,5531.566,2000,6766.154,6240.132,2000,6738.289,6059.122,2000,6914.238,6475.714,2000,6054.731,5669.102,2000,6950.72,5800.294,2000,5621.847,6295.257,2000,5730.662,6092.618,2000,5700.431,5565.271,2000,6452.892,5347.182,2000,6598.609
6197.709,2000,5691.435,6360.653,2000,5812.539,6144.209,2000,6854.575,5284.932,2000,6683.62,5254.938,2000,6417.309,5531.89,2000,6766.355,6239.829,2000,6738.52,6058.805,2000,6914.449,6475.934,2000,6055.043,5669.438,2000,6950.898,5800.67,2000,5621.911,6295.585,2000,5730.856,6092.946,2000,5700.625,5565.283,2000,6452.921,5347.25,2000,6598.984
6198.438,2000,5691.867,6361.382,2000,5812.971,6143.504,2000,6855.046,5285.082,2000,6684.455,5255.407,2000,6418.015,5532.61,2000,6766.803,6239.155,2000,6739.033,6058.097,2000,6914.915,6476.421,2000,6055.736,5670.188,2000,6951.294,5801.506,2000,5622.052,6296.314,2000,5731.288,6093.675,2000,5701.058,5565.311,2000,6452.986,5347.406,2000,6599.817
6198.944,2000,5692.167,6361.888,2000,5813.271,6143.013,2000,6855.369,5285.19,2000,6685.032,5255.732,2000,6418.504,5533.109,2000,6767.113,6238.688,2000,6739.389,6057.608,2000,6915.241,6476.759,2000,6056.217,5670.707,2000,6951.569,5802.085,2000,5622.149,6296.82,2000,5731.587,6094.181,2000,5701.357,5565.331,2000,6453.032,5347.51,2000,6600.395
6199.331,2000,5692.396,6362.275,2000,5813.5,6142.639,2000,6855.619,5285.27,2000,6685.475,5255.981,2000,6418.879,5533.491,2000,6767.351,6238.329,2000,6739.662,6057.232,2000,6915.489,6477.019,2000,6056.585,5671.104,2000,6951.78,5802.529,2000,5622.225,6297.207,2000,5731.817,6094.568,2000,5701.586,5565.346,2000,6453.066,5347.593,2000,6600.837
6199.894,2000,5692.755,6362.838,2000,5813.859,6142.072,2000,6855.971,5285.409,2000,6686.128,5256.368,2000,6419.423,5534.046,2000,6767.721,6237.785,2000,6740.049,6056.663,2000,6915.837,6477.385,2000,6057.143,5671.704,2000,6952.073,5803.183,2000,5622.357,6297.77,2000,5732.176,6095.131,2000,5701.945,5565.368,2000,6453.118,5347.737,2000,6601.489
6200.243,2000,5692.995,6363.188,2000,5814.098,6141.705,2000,6856.182,5285.511,2000,6686.539,5256.625,2000,6419.76,5534.391,2000,6767.968,6237.432,2000,6740.283,6056.294,2000,6916.047,6477.605,2000,6057.505,5672.091,2000,6952.247,5803.595,2000,5622.455,6298.12,2000,5732.415,6095.48,2000,5702.185,5565.381,2000,6453.151,5347.842,2000,6601.9
6200.749,2000,5693.366,6363.693,2000,5814.469,6141.152,2000,6856.477,5285.682,2000,6687.142,5257.021,2000,6420.246,5534.888,2000,6768.349,6236.899,2000,6740.612,6055.74,2000,6916.338,6477.914,2000,6058.05,5672.671,2000,6952.484,5804.2,2000,5622.62,6298.625,2000,5732.786,6095.986,2000,5702.555,5565.402,2000,6453.2,5348.018,2000,6602.501
6201.142,2000,5693.675,6364.086,2000,5814.777,6140.703,2000,6856.698,5285.834,2000,6687.618,5257.349,2000,6420.623,5535.282,2000,6768.657,6236.465,2000,6740.861,6055.29,2000,6916.556,6478.146,2000,6058.493,5673.14,2000,6952.659,5804.678,2000,5622.767,6299.018,2000,5733.094,6096.379,2000,5702.864,5565.418,2000,6453.239,5348.173,2000,6602.977
6201.441,2000,5693.927,6364.386,2000,5815.029,6140.346,2000,6856.859,5285.965,2000,6687.987,5257.616,2000,6420.91,5535.59,2000,6768.899,6236.119,2000,6741.044,6054.932,2000,6916.715,6478.316,2000,6058.846,5673.511,2000,6952.783,5805.049,2000,5622.894,6299.318,2000,5733.346,6096.679,2000,5703.116,5565.432,2000,6453.27,5348.307,2000,6603.345
6201.861,2000,5694.304,6364.806,2000,5815.406,6139.825,2000,6857.075,5286.171,2000,6688.513,5258.008,2000,6421.316,5536.034,2000,6769.247,6235.612,2000,6741.292,6054.409,2000,6916.928,6478.545,2000,6059.362,5674.052,2000,6952.945,5805.576,2000,5623.095,6299.738,2000,5733.723,6097.099,2000,5703.492,5565.45,2000,6453.314,5348.517,2000,6603.868
6202.19,2000,5694.619,6365.135,2000,5815.722,6139.398,2000,6857.235,5286.352,2000,6688.931,5258.325,2000,6421.644,5536.393,2000,6769.528,6235.202,2000,6741.489,6053.981,2000,6917.085,6478.716,2000,6059.785,5674.492,2000,6953.061,5805.997,2000,5623.271,6300.067,2000,5734.038,6097.428,2000,5703.808,5565.465,2000,6453.35,5348.701,2000,6604.285
6202.41,2000,5694.843,6365.354,2000,5815.946,6139.101,2000,6857.336,5286.485,2000,6689.215,5258.542,2000,6421.869,5536.639,2000,6769.722,6234.919,2000,6741.625,6053.684,2000,6917.184,6478.824,2000,6060.079,5674.798,2000,6953.131,5806.282,2000,5623.401,6300.287,2000,5734.262,6097.647,2000,5704.032,5565.476,2000,6453.375,5348.836,2000,6604.568
6202.84,2000,5695.314,6365.786,2000,5816.417,6138.49,2000,6857.521,5286.775,2000,6689.783,5258.986,2000,6422.328,5537.14,2000,6770.117,6234.344,2000,6741.903,6053.072,2000,6917.365,6479.024,2000,6060.685,5675.424,2000,6953.253,5806.853,2000,5623.686,6300.718,2000,5734.732,6098.079,2000,5704.502,5565.497,2000,6453.425,5349.131,2000,6605.134
6203.06,2000,5695.57,6366.005,2000,5816.672,6138.167,2000,6857.615,5286.938,2000,6690.078,5259.22,2000,6422.57,5537.405,2000,6770.326,6234.041,2000,6742.049,6052.746,2000,6917.45,6479.119,2000,6061.008,5675.757,2000,6953.307,5807.149,2000,5623.845,6300.937,2000,5734.988,6098.298,2000,5704.758,5565.508,2000,6453.452,5349.296,2000,6605.428
6203.21,2000,5695.758,6366.155,2000,5816.86,6137.936,2000,6857.682,5287.062,2000,6690.285,5259.387,2000,6422.743,5537.594,2000,6770.475,6233.824,2000,6742.154,6052.511,2000,6917.503,6479.179,2000,6061.241,5675.996,2000,6953.337,5807.357,2000,5623.966,6301.087,2000,5735.176,6098.448,2000,5704.946,5565.516,2000,6453.471,5349.421,2000,6605.633
6203.539,2000,5696.198,6366.484,2000,5817.299,6137.409,2000,6857.835,5287.358,2000,6690.747,5259.769,2000,6423.138,5538.024,2000,6770.815,6233.331,2000,6742.394,6051.972,2000,6917.606,6479.299,2000,6061.777,5676.542,2000,6953.389,5807.822,2000,5624.258,6301.417,2000,5735.615,6098.777,2000,5705.385,5565.535,2000,6453.514,5349.721,2000,6606.093
6203.671,2000,5696.387,6366.617,2000,5817.488,6137.188,2000,6857.9,5287.489,2000,6690.937,5259.929,2000,6423.304,5538.206,2000,6770.958,6233.123,2000,6742.495,6051.744,2000,6917.644,6479.342,2000,6062.004,5676.772,2000,6953.409,5808.014,2000,5624.387,6301.549,2000,5735.804,6098.91,2000,5705.574,5565.542,2000,6453.533,5349.854,2000,6606.282
6203.953,2000,5696.819,6366.898,2000,5817.92,6136.693,2000,6858.046,5287.795,2000,6691.352,5260.287,2000,6423.675,5538.61,2000,6771.279,6232.659,2000,6742.72,6051.235,2000,6917.728,6479.422,2000,6062.513,5677.286,2000,6953.456,5808.432,2000,5624.688,6301.831,2000,5736.235,6099.191,2000,5706.006,5565.56,2000,6453.574,5350.163,2000,6606.694
6204.134,2000,5697.119,6367.08,2000,5818.219,6136.357,2000,6858.145,5288.012,2000,6691.626,5260.53,2000,6423.927,5538.884,2000,6771.497,6232.345,2000,6742.874,6050.89,2000,6917.786,6479.465,2000,6062.86,5677.634,2000,6953.489,5808.708,2000,5624.902,6302.012,2000,5736.535,6099.373,2000,5706.305,5565.572,2000,6453.602,5350.382,2000,6606.967
6204.288,2000,5697.392,6367.234,2000,5818.493,6136.056,2000,6858.234,5288.214,2000,6691.866,5260.748,2000,6424.153,5539.129,2000,6771.692,6232.063,2000,6743.011,6050.581,2000,6917.838,6479.493,2000,6063.173,5677.947,2000,6953.519,5808.95,2000,5625.103,6302.166,2000,5736.808,6099.527,2000,5706.579,5565.583,2000,6453.627,5350.586,2000,6607.206
6204.455,2000,5697.714,6367.401,2000,5818.815,6135.708,2000,6858.337,5288.458,2000,6692.135,5261,2000,6424.415,5539.414,2000,6771.918,6231.736,2000,6743.171,6050.223,2000,6917.899,6479.514,2000,6063.536,5678.308,2000,6953.555,5809.222,2000,5625.343,6302.333,2000,5737.13,6099.694,2000,5706.901,5565.595,2000,6453.656,5350.832,2000,6607.474
6204.596,2000,5698.008,6367.542,2000,5819.108,6135.396,2000,6858.43,5288.684,2000,6692.37,5261.225,2000,6424.649,5539.668,2000,6772.121,6231.444,2000,6743.314,6049.902,2000,6917.954,6479.521,2000,6063.861,5678.632,2000,6953.587,5809.459,2000,5625.567,6302.474,2000,5737.424,6099.835,2000,5707.194,5565.606,2000,6453.683,5351.06,2000,6607.707
6204.697,2000,5698.239,6367.644,2000,5819.34,6135.154,2000,6858.502,5288.865,2000,6692.546,5261.4,2000,6424.831,5539.866,2000,6772.278,6231.217,2000,6743.425,6049.653,2000,6917.997,6479.52,2000,6064.113,5678.883,2000,6953.613,5809.637,2000,5625.746,6302.576,2000,5737.655,6099.937,2000,5707.426,5565.615,2000,6453.703,5351.242,2000,6607.881
6204.833,2000,5698.577,6367.779,2000,5819.677,6134.806,2000,6858.606,5289.133,2000,6692.791,5261.652,2000,6425.093,5540.15,2000,6772.504,6230.891,2000,6743.585,6049.295,2000,6918.059,6479.504,2000,6064.476,5679.245,2000,6953.651,5809.885,2000,5626.012,6302.711,2000,5737.992,6100.072,2000,5707.763,5565.627,2000,6453.732,5351.513,2000,6608.124
6204.913,2000,5698.799,6367.86,2000,5819.899,6134.579,2000,6858.674,5289.313,2000,6692.944,5261.816,2000,6425.263,5540.335,2000,6772.652,6230.678,2000,6743.69,6049.062,2000,6918.099,6479.487,2000,6064.712,5679.48,2000,6953.677,5810.04,2000,5626.19,6302.792,2000,5738.214,6100.153,2000,5707.985,5565.635,2000,6453.751,5351.694,2000,6608.276
6205.019,2000,5699.123,6367.966,2000,5820.223,6134.253,2000,6858.772,5289.58,2000,6693.156,5262.052,2000,6425.509,5540.602,2000,6772.864,6230.373,2000,6743.84,6048.727,2000,6918.158,6479.451,2000,6065.05,5679.818,2000,6953.714,5810.255,2000,5626.455,6302.898,2000,5738.538,6100.259,2000,5708.309,5565.646,2000,6453.779,5351.956,2000,6608.494
6205.096,2000,5699.388,6368.043,2000,5820.488,6133.989,2000,6858.852,5289.801,2000,6693.321,5262.244,2000,6425.708,5540.817,2000,6773.037,6230.125,2000,6743.962,6048.455,2000,6918.206,6479.412,2000,6065.324,5680.093,2000,6953.745,5810.422,2000,5626.674,6302.975,2000,5738.803,6100.336,2000,5708.574,5565.656,2000,6453.801,5352.168,2000,6608.67
6205.147,2000,5699.589,6368.095,2000,5820.689,6133.79,2000,6858.912,5289.972,2000,6693.44,5262.388,2000,6425.858,5540.979,2000,6773.167,6229.938,2000,6744.055,6048.25,2000,6918.242,6479.376,2000,6065.529,5680.3,2000,6953.769,5810.542,2000,5626.844,6303.027,2000,5739.005,6100.388,2000,5708.775,5565.663,2000,6453.818,5352.328,2000,6608.803
6205.22,2000,5699.917,6368.167,2000,5821.017,6133.468,2000,6859.009,5290.253,2000,6693.623,5262.621,2000,6426.1,5541.242,2000,6773.376,6229.637,2000,6744.203,6047.919,2000,6918.3,6479.308,2000,6065.857,5680.633,2000,6953.808,5810.728,2000,5627.124,6303.1,2000,5739.333,6100.46,2000,5709.103,5565.675,2000,6453.846,5352.586,2000,6609.018
6205.258,2000,5700.122,6368.206,2000,5821.222,6133.269,2000,6859.07,5290.432,2000,6693.73,5262.765,2000,6426.25,5541.404,2000,6773.507,6229.451,2000,6744.295,6047.714,2000,6918.337,6479.259,2000,6066.06,5680.84,2000,6953.833,5810.837,2000,5627.301,6303.138,2000,5739.537,6100.499,2000,5709.308,5565.682,2000,6453.863,5352.746,2000,6609.151
6205.307,2000,5700.445,6368.256,2000,5821.545,6132.956,2000,6859.165,5290.717,2000,6693.89,5262.992,2000,6426.486,5541.66,2000,6773.711,6229.157,2000,6744.44,6047.392,2000,6918.395,6479.172,2000,6066.375,5681.165,2000,6953.872,5811,2000,5627.585,6303.188,2000,5739.86,6100.549,2000,5709.631,5565.693,2000,6453.89,5352.998,2000,6609.36
6205.332,2000,5700.652,6368.281,2000,5821.752,6132.757,2000,6859.226,5290.899,2000,6693.991,5263.136,2000,6426.636,5541.822,2000,6773.842,6228.971,2000,6744.533,6047.187,2000,6918.432,6479.11,2000,6066.574,5681.372,2000,6953.897,5811.098,2000,5627.77,6303.213,2000,5740.067,6100.574,2000,5709.838,5565.701,2000,6453.907,5353.158,2000,6609.494
6205.371,2000,5701.1,6368.32,2000,5822.2,6132.327,2000,6859.357,5291.293,2000,6694.209,5263.448,2000,6426.96,5542.173,2000,6774.124,6228.568,2000,6744.733,6046.744,2000,6918.512,6478.961,2000,6066.999,5681.818,2000,6953.954,5811.295,2000,5628.174,6303.252,2000,5740.516,6100.613,2000,5710.286,5565.716,2000,6453.943,5353.503,2000,6609.782
6205.393,2000,5701.51,6368.342,2000,5822.609,6131.935,2000,6859.478,5291.651,2000,6694.409,5263.732,2000,6427.256,5542.493,2000,6774.38,6228.201,2000,6744.916,6046.34,2000,6918.586,6478.814,2000,6067.381,5682.225,2000,6954.006,5811.463,2000,5628.548,6303.274,2000,5740.925,6100.635,2000,5710.695,5565.73,2000,6453.977,5353.818,2000,6610.044
6205.399,2000,5701.781,6368.348,2000,5822.88,6131.675,2000,6859.558,5291.888,2000,6694.541,5263.92,2000,6427.452,5542.705,2000,6774.55,6227.958,2000,6745.037,6046.074,2000,6918.635,6478.708,2000,6067.631,5682.494,2000,6954.042,5811.566,2000,5628.799,6303.28,2000,5741.196,6100.641,2000,5710.966,5565.74,2000,6454,5354.027,2000,6610.218
6205.391,2000,5702.479,6368.34,2000,5823.578,6131.009,2000,6859.764,5292.498,2000,6694.88,5264.404,2000,6427.955,5543.249,2000,6774.987,6227.334,2000,6745.349,6045.388,2000,6918.763,6478.415,2000,6068.264,5683.185,2000,6954.135,5811.81,2000,5629.453,6303.272,2000,5741.894,6100.633,2000,5711.664,5565.764,2000,6454.057,5354.563,2000,6610.665
6205.369,2000,5702.972,6368.319,2000,5824.072,6130.537,2000,6859.911,5292.93,2000,6695.12,5264.746,2000,6428.312,5543.634,2000,6775.297,6226.892,2000,6745.57,6044.902,2000,6918.854,6478.192,2000,6068.705,5683.675,2000,6954.202,5811.967,2000,5629.921,6303.251,2000,5742.387,6100.612,2000,5712.158,5565.781,2000,6454.097,5354.943,2000,6610.981
6205.339,2000,5703.35,6368.29,2000,5824.449,6130.175,2000,6860.023,5293.261,2000,6695.304,5265.008,2000,6428.584,5543.929,2000,6775.534,6226.554,2000,6745.74,6044.53,2000,6918.924,6478.011,2000,6069.037,5684.049,2000,6954.254,5812.075,2000,5630.284,6303.222,2000,5742.765,6100.583,2000,5712.535,5565.794,2000,6454.128,5355.233,2000,6611.223
6205.278,2000,5703.909,6368.229,2000,5825.008,6129.639,2000,6860.191,5293.752,2000,6695.578,5265.398,2000,6428.99,5544.367,2000,6775.887,6226.051,2000,6745.992,6043.978,2000,6919.029,6477.726,2000,6069.521,5684.606,2000,6954.333,5812.219,2000,5630.827,6303.161,2000,5743.324,6100.521,2000,5713.094,5565.814,2000,6454.175,5355.665,2000,6611.583
6205.228,2000,5704.26,6368.178,2000,5825.359,6129.3,2000,6860.298,5294.062,2000,6695.75,5265.644,2000,6429.246,5544.643,2000,6776.109,6225.734,2000,6746.152,6043.629,2000,6919.096,6477.536,2000,6069.821,5684.957,2000,6954.385,5812.298,2000,5631.173,6303.111,2000,5743.675,6100.471,2000,5713.445,5565.827,2000,6454.204,5355.938,2000,6611.811
6205.13,2000,5704.808,6368.082,2000,5825.908,6128.769,2000,6860.465,5294.548,2000,6696.021,5266.03,2000,6429.647,5545.077,2000,6776.458,6225.237,2000,6746.403,6043.082,2000,6919.201,6477.223,2000,6070.282,5685.508,2000,6954.466,5812.404,2000,5631.719,6303.014,2000,5744.223,6100.375,2000,5713.994,5565.846,2000,6454.25,5356.365,2000,6612.167
6205.034,2000,5705.267,6367.985,2000,5826.366,6128.322,2000,6860.607,5294.958,2000,6696.25,5266.354,2000,6429.985,5545.442,2000,6776.752,6224.819,2000,6746.615,6042.622,2000,6919.291,6476.946,2000,6070.661,5685.971,2000,6954.537,5812.479,2000,5632.182,6302.917,2000,5744.682,6100.278,2000,5714.452,5565.863,2000,6454.29,5356.725,2000,6612.467
6204.885,2000,5705.874,6367.836,2000,5826.974,6127.727,2000,6860.796,5295.503,2000,6696.555,5266.788,2000,6430.436,5545.929,2000,6777.145,6224.261,2000,6746.897,6042.009,2000,6919.411,6476.565,2000,6071.156,5686.589,2000,6954.632,5812.558,2000,5632.802,6302.769,2000,5745.289,6100.129,2000,5715.06,5565.885,2000,6454.342,5357.205,2000,6612.868
6204.73,2000,5706.425,6367.682,2000,5827.525,6127.181,2000,6860.971,5296.003,2000,6696.834,5267.185,2000,6430.848,5546.375,2000,6777.504,6223.751,2000,6747.158,6041.447,2000,6919.522,6476.216,2000,6071.61,5687.154,2000,6954.722,5812.612,2000,5633.373,6302.615,2000,5745.84,6099.99,2000,5715.615,5565.906,2000,6454.39,5357.645,2000,6613.234
6204.422,2000,5707.399,6367.374,2000,5828.499,6126.208,2000,6861.284,5296.895,2000,6697.333,5267.893,2000,6431.585,5547.17,2000,6778.145,6222.841,2000,6747.622,6040.445,2000,6919.723,6475.594,2000,6072.42,5688.163,2000,6954.883,5812.675,2000,5634.392,6302.308,2000,5746.815,6099.742,2000,5716.606,5565.942,2000,6454.476,5358.43,2000,6613.889
6204.339,2000,5707.649,6367.287,2000,5828.747,6125.958,2000,6861.365,5297.125,2000,6697.461,5268.075,2000,6431.774,5547.375,2000,6778.31,6222.607,2000,6747.742,6040.188,2000,6919.775,6475.434,2000,6072.629,5688.423,2000,6954.926,5812.683,2000,5634.655,6302.22,2000,5747.063,6099.678,2000,5716.862,5565.952,2000,6454.498,5358.632,2000,6614.057
6204.031,2000,5708.584,6366.929,2000,5829.665,6125.021,2000,6861.669,5297.984,2000,6697.942,5268.757,2000,6432.484,5548.142,2000,6778.928,6221.731,2000,6748.192,6039.223,2000,6919.973,6474.835,2000,6073.412,5689.394,2000,6955.09,5812.679,2000,5635.64,6301.863,2000,5747.981,6099.44,2000,5717.817,5565.987,2000,6454.582,5359.388,2000,6614.688
6203.77,2000,5709.375,6366.602,2000,5830.431,6124.23,2000,6861.929,5298.711,2000,6698.349,5269.334,2000,6433.084,5548.791,2000,6779.45,6220.991,2000,6748.574,6038.407,2000,6920.142,6474.329,2000,6074.073,5690.215,2000,6955.231,5812.664,2000,5636.473,6301.541,2000,5748.749,6099.239,2000,5718.625,5566.018,2000,6454.652,5360.028,2000,6615.222
6203.502,2000,5710.19,6366.239,2000,5831.208,6123.415,2000,6862.197,5299.459,2000,6698.768,5269.929,2000,6433.703,5549.458,2000,6779.988,6220.229,2000,6748.968,6037.567,2000,6920.317,6473.809,2000,6074.755,5691.06,2000,6955.379,5812.648,2000,5637.331,6301.209,2000,5749.54,6099.032,2000,5719.458,5566.049,2000,6454.726,5360.687,2000,6615.771
6203.296,2000,5710.818,6365.941,2000,5831.797,6122.788,2000,6862.404,5300.036,2000,6699.09,5270.387,2000,6434.178,5549.973,2000,6780.402,6219.643,2000,6749.272,6036.921,2000,6920.454,6473.408,2000,6075.28,5691.71,2000,6955.496,5812.636,2000,5637.991,6300.955,2000,5750.149,6098.874,2000,5720.099,5566.073,2000,6454.782,5361.194,2000,6616.194
6202.989,2000,5711.754,6365.498,2000,5832.677,6121.854,2000,6862.715,5300.895,2000,6699.572,5271.07,2000,6434.888,5550.74,2000,6781.02,6218.769,2000,6749.728,6035.958,2000,6920.66,6472.812,2000,6076.064,5692.679,2000,6955.672,5812.619,2000,5638.976,6300.575,2000,5751.058,6098.638,2000,5721.055,5566.11,2000,6454.867,5361.95,2000,6616.825
6202.769,2000,5712.429,6365.178,2000,5833.311,6121.181,2000,6862.941,5301.514,2000,6699.919,5271.563,2000,6435.399,5551.292,2000,6781.465,6218.14,2000,6750.057,6035.265,2000,6920.811,6472.382,2000,6076.629,5693.376,2000,6955.803,5812.607,2000,5639.685,6300.301,2000,5751.713,6098.468,2000,5721.745,5566.136,2000,6454.929,5362.495,2000,6617.279
6202.418,2000,5713.491,6364.708,2000,5834.325,6120.109,2000,6863.262,5302.472,2000,6700.498,5272.338,2000,6436.205,5552.164,2000,6782.167,6217.149,2000,6750.575,6034.18,2000,6921.083,6471.705,2000,6077.52,5694.476,2000,6956.009,5812.589,2000,5640.804,6299.875,2000,5752.747,6098.166,2000,5722.822,5566.178,2000,6455.026,5363.377,2000,6617.967
6202.333,2000,5713.739,6364.605,2000,5834.567,6119.855,2000,6863.329,5302.691,2000,6700.641,5272.521,2000,6436.394,5552.369,2000,6782.332,6216.917,2000,6750.697,6033.928,2000,6921.156,6471.546,2000,6077.729,5694.734,2000,6956.058,5812.584,2000,5641.066,6299.778,2000,5752.991,6098.086,2000,5723.072,5566.188,2000,6455.049,5363.589,2000,6618.122
6202.031,2000,5714.588,6364.274,2000,5835.405,6118.99,2000,6863.577,5303.43,2000,6701.156,5273.145,2000,6437.042,5553.07,2000,6782.896,6216.119,2000,6751.114,6033.057,2000,6921.386,6471.001,2000,6078.446,5695.619,2000,6956.224,5812.569,2000,5641.966,6299.455,2000,5753.832,6097.792,2000,5723.923,5566.222,2000,6455.128,5364.334,2000,6618.628
6201.794,2000,5715.239,6364.025,2000,5836.052,6118.32,2000,6863.754,5304.003,2000,6701.545,5273.625,2000,6437.542,5553.61,2000,6783.331,6215.505,2000,6751.436,6032.391,2000,6921.577,6470.582,2000,6078.998,5696.3,2000,6956.351,5812.558,2000,5642.659,6299.212,2000,5754.481,6097.561,2000,5724.576,5566.249,2000,6455.189,5364.902,2000,6619.024
6201.653,2000,5715.624,6363.881,2000,5836.436,6117.926,2000,6863.867,5304.339,2000,6701.78,5273.91,2000,6437.837,5553.929,2000,6783.588,6215.142,2000,6751.625,6031.995,2000,6921.681,6470.334,2000,6079.324,5696.703,2000,6956.426,5812.551,2000,5643.069,6299.068,2000,5754.865,6097.42,2000,5724.96,5566.264,2000,6455.225,5365.241,2000,6619.255
6201.338,2000,5716.477,6363.562,2000,5837.287,6117.046,2000,6864.1,5305.091,2000,6702.291,5274.541,2000,6438.492,5554.638,2000,6784.158,6214.336,2000,6752.047,6031.12,2000,6921.932,6469.784,2000,6080.048,5697.597,2000,6956.594,5812.536,2000,5643.978,6298.752,2000,5755.718,6097.108,2000,5725.815,5566.299,2000,6455.306,5365.987,2000,6619.775
6201.12,2000,5717.069,6363.343,2000,5837.879,6116.44,2000,6864.273,5305.609,2000,6702.652,5274.978,2000,6438.947,5555.129,2000,6784.554,6213.777,2000,6752.34,6030.51,2000,6922.093,6469.402,2000,6080.55,5698.217,2000,6956.71,5812.525,2000,5644.609,6298.532,2000,5756.309,6096.889,2000,5726.407,5566.323,2000,6455.362,5366.509,2000,6620.13
6200.952,2000,5717.521,6363.174,2000,5838.331,6115.974,2000,6864.396,5306.008,2000,6702.923,5275.313,2000,6439.294,5555.505,2000,6784.856,6213.35,2000,6752.563,6030.047,2000,6922.226,6469.11,2000,6080.934,5698.691,2000,6956.799,5812.517,2000,5645.091,6298.365,2000,5756.762,6096.723,2000,5726.859,5566.342,2000,6455.405,5366.905,2000,6620.406
6200.704,2000,5718.196,6362.925,2000,5839.005,6115.283,2000,6864.595,5306.598,2000,6703.334,5275.811,2000,6439.812,5556.065,2000,6785.307,6212.713,2000,6752.897,6029.352,2000,6922.409,6468.675,2000,6081.506,5699.398,2000,6956.931,5812.505,2000,5645.81,6298.115,2000,5757.436,6096.473,2000,5727.533,5566.37,2000,6455.469,5367.5,2000,6620.81
6200.546,2000,5718.62,6362.768,2000,5839.429,6114.846,2000,6864.71,5306.972,2000,6703.588,5276.125,2000,6440.138,5556.417,2000,6785.59,6212.313,2000,6753.106,6028.917,2000,6922.534,6468.401,2000,6081.866,5699.842,2000,6957.014,5812.498,2000,5646.262,6297.958,2000,5757.859,6096.316,2000,5727.958,5566.387,2000,6455.51,5367.87,2000,6621.069
6200.313,2000,5719.253,6362.534,2000,5840.063,6114.196,2000,6864.896,5307.525,2000,6703.974,5276.593,2000,6440.624,5556.943,2000,6786.013,6211.714,2000,6753.419,6028.265,2000,6922.706,6467.993,2000,6082.404,5700.506,2000,6957.139,5812.486,2000,5646.937,6297.723,2000,5758.493,6096.082,2000,5728.591,5566.414,2000,6455.571,5368.429,2000,6621.449
6200.144,2000,5719.71,6362.365,2000,5840.52,6113.726,2000,6865.021,5307.928,2000,6704.248,5276.93,2000,6440.975,5557.322,2000,6786.318,6211.283,2000,6753.645,6027.797,2000,6922.84,6467.698,2000,6082.792,5700.985,2000,6957.228,5812.478,2000,5647.424,6297.555,2000,5758.949,6095.913,2000,5729.047,5566.433,2000,6455.615,5368.828,2000,6621.727
6199.937,2000,5720.27,6362.158,2000,5841.08,6113.152,2000,6865.185,5308.417,2000,6704.589,5277.344,2000,6441.405,5557.787,2000,6786.693,6210.754,2000,6753.922,6027.22,2000,6922.993,6467.337,2000,6083.267,5701.572,2000,6957.338,5812.468,2000,5648.021,6297.347,2000,5759.509,6095.705,2000,5729.607,5566.456,2000,6455.669,5369.322,2000,6622.063
6199.724,2000,5720.843,6361.945,2000,5841.653,6112.561,2000,6865.341,5308.923,2000,6704.933,5277.769,2000,6441.845,5558.264,2000,6787.076,6210.212,2000,6754.206,6026.632,2000,6923.161,6466.967,2000,6083.753,5702.173,2000,6957.451,5812.458,2000,5648.632,6297.135,2000,5760.083,6095.494,2000,5730.181,5566.48,2000,6455.725,5369.823,2000,6622.413
6199.496,2000,5721.464,6361.717,2000,5842.273,6111.925,2000,6865.523,5309.466,2000,6705.311,5278.227,2000,6442.321,5558.779,2000,6787.491,6209.626,2000,6754.512,6025.993,2000,6923.33,6466.567,2000,6084.28,5702.823,2000,6957.572,5812.447,2000,5649.293,6296.905,2000,5760.702,6095.264,2000,5730.8,5566.506,2000,6455.785,5370.37,2000,6622.784
6199.324,2000,5721.925,6361.545,2000,5842.735,6111.449,2000,6865.649,5309.873,2000,6705.588,5278.568,2000,6442.676,5559.162,2000,6787.799,6209.19,2000,6754.741,6025.52,2000,6923.466,6466.269,2000,6084.672,5703.307,2000,6957.663,5812.438,2000,5649.785,6296.735,2000,5761.164,6095.093,2000,5731.262,5566.526,2000,6455.831,5370.774,2000,6623.066
6198.985,2000,5722.845,6361.207,2000,5843.654,6110.506,2000,6865.919,5310.677,2000,6706.148,5279.248,2000,6443.382,5559.926,2000,6788.414,6208.322,2000,6755.195,6024.572,2000,6923.716,6465.676,2000,6085.452,5704.27,2000,6957.843,5812.422,2000,5650.765,6296.394,2000,5762.083,6094.752,2000,5732.181,5566.565,2000,6455.921,5371.584,2000,6623.617
6198.789,2000,5723.374,6361.01,2000,5844.183,6109.961,2000,6866.063,5311.143,2000,6706.465,5279.639,2000,6443.788,5560.365,2000,6788.768,6207.823,2000,6755.457,6024.03,2000,6923.872,6465.334,2000,6085.901,5704.824,2000,6957.947,5812.413,2000,5651.329,6296.199,2000,5762.612,6094.557,2000,5732.71,5566.587,2000,6455.973,5372.047,2000,6623.939
6198.365,2000,5724.524,6360.586,2000,5845.333,6108.782,2000,6866.401,5312.149,2000,6707.167,5280.49,2000,6444.671,5561.32,2000,6789.537,6206.736,2000,6756.025,6022.844,2000,6924.185,6464.593,2000,6086.877,5706.029,2000,6958.173,5812.392,2000,5652.555,6295.772,2000,5763.762,6094.13,2000,5733.86,5566.637,2000,6456.087,5373.061,2000,6624.629
6198.159,2000,5725.08,6360.38,2000,5845.889,6108.209,2000,6866.553,5312.639,2000,6707.5,5280.901,2000,6445.099,5561.782,2000,6789.908,6206.211,2000,6756.3,6022.274,2000,6924.349,6464.234,2000,6087.35,5706.612,2000,6958.282,5812.382,2000,5653.148,6295.567,2000,5764.318,6093.925,2000,5734.416,5566.661,2000,6456.143,5373.547,2000,6624.968
6197.765,2000,5726.147,6359.986,2000,5846.957,6107.115,2000,6866.867,5313.573,2000,6708.151,5281.69,2000,6445.918,5562.669,2000,6790.622,6205.203,2000,6756.828,6021.174,2000,6924.64,6463.545,2000,6088.256,5707.73,2000,6958.491,5812.363,2000,5654.286,6295.17,2000,5765.385,6093.529,2000,5735.483,5566.707,2000,6456.25,5374.489,2000,6625.608
6197.491,2000,5726.884,6359.712,2000,5847.694,6106.354,2000,6867.067,5314.223,2000,6708.593,5282.236,2000,6446.485,5563.281,2000,6791.115,6204.506,2000,6757.193,6020.418,2000,6924.856,6463.069,2000,6088.882,5708.503,2000,6958.636,5812.35,2000,5655.072,6294.898,2000,5766.123,6093.257,2000,5736.221,5566.739,2000,6456.325,5375.134,2000,6626.058
6197.097,2000,5728.063,6359.241,2000,5848.845,6105.163,2000,6867.424,5315.273,2000,6709.258,5283.102,2000,6447.377,5564.253,2000,6791.892,6203.421,2000,6757.801,6019.215,2000,6925.174,6462.33,2000,6089.882,5709.717,2000,6958.904,5812.341,2000,5656.316,6294.432,2000,5767.275,6092.865,2000,5737.401,5566.792,2000,6456.442,5376.13,2000,6626.802
6196.842,2000,5728.875,6358.894,2000,5849.621,6104.356,2000,6867.695,5316.007,2000,6709.689,5283.695,2000,6447.987,5564.918,2000,6792.422,6202.68,2000,6758.218,6018.394,2000,6925.394,6461.825,2000,6090.567,5710.542,2000,6959.115,5812.335,2000,5657.167,6294.113,2000,5768.064,6092.624,2000,5738.217,5566.829,2000,6456.523,5376.794,2000,6627.333
6196.441,2000,5730.157,6358.305,2000,5850.828,6103.098,2000,6868.164,5317.178,2000,6710.346,5284.632,2000,6448.95,5565.968,2000,6793.259,6201.512,2000,6758.879,6017.098,2000,6925.746,6461.029,2000,6091.648,5711.841,2000,6959.452,5812.328,2000,5658.51,6293.612,2000,5769.31,6092.285,2000,5739.516,5566.887,2000,6456.652,5377.827,2000,6628.192
6196.098,2000,5731.259,6357.799,2000,5851.865,6102.022,2000,6868.582,5318.185,2000,6710.91,5285.437,2000,6449.777,5566.871,2000,6793.978,6200.508,2000,6759.449,6015.985,2000,6926.052,6460.346,2000,6092.579,5712.958,2000,6959.744,5812.322,2000,5659.664,6293.181,2000,5770.381,6092.025,2000,5740.641,5566.937,2000,6456.763,5378.714,2000,6628.931
6195.814,2000,5732.171,6357.381,2000,5852.725,6101.133,2000,6868.931,5319.019,2000,6711.377,5286.104,2000,6450.461,5567.619,2000,6794.573,6199.679,2000,6759.923,6015.064,2000,6926.309,6459.781,2000,6093.349,5713.882,2000,6959.988,5812.317,2000,5660.62,6292.826,2000,5771.268,6091.812,2000,5741.572,5566.979,2000,6456.856,5379.449,2000,6629.542
6195.38,2000,5733.57,6356.741,2000,5854.042,6099.771,2000,6869.469,5320.296,2000,6712.092,5287.126,2000,6451.509,5568.766,2000,6795.483,6198.409,2000,6760.652,6013.656,2000,6926.708,6458.917,2000,6094.531,5715.296,2000,6960.367,5812.312,2000,5662.084,6292.282,2000,5772.627,6091.485,2000,5743,5567.044,2000,6456.999,5380.575,2000,6630.477
6195.006,2000,5734.779,6356.189,2000,5855.181,6098.595,2000,6869.937,5321.4,2000,6712.711,5288.01,2000,6452.415,5569.757,2000,6796.27,6197.313,2000,6761.284,6012.439,2000,6927.056,6458.17,2000,6095.553,5716.518,2000,6960.697,5812.308,2000,5663.349,6291.813,2000,5773.803,6091.204,2000,5744.233,5567.102,2000,6457.124,5381.549,2000,6631.286
6194.739,2000,5735.648,6355.794,2000,5855.999,6097.752,2000,6870.276,5322.193,2000,6713.155,5288.645,2000,6453.065,5570.47,2000,6796.834,6196.526,2000,6761.74,6011.567,2000,6927.311,6457.635,2000,6096.288,5717.395,2000,6960.938,5812.306,2000,5664.258,6291.477,2000,5774.647,6091.003,2000,5745.12,5567.143,2000,6457.214,5382.249,2000,6631.866
6194.235,2000,5737.29,6355.048,2000,5857.546,6096.161,2000,6870.922,5323.691,2000,6713.994,5289.846,2000,6454.292,5571.816,2000,6797.899,6195.043,2000,6762.605,6009.921,2000,6927.798,6456.626,2000,6097.677,5719.05,2000,6961.396,5812.304,2000,5665.975,6290.844,2000,5776.244,6090.625,2000,5746.795,5567.222,2000,6457.386,5383.571,2000,6632.961
6193.836,2000,5738.592,6354.458,2000,5858.774,6094.9,2000,6871.439,5324.879,2000,6714.66,5290.799,2000,6455.266,5572.886,2000,6798.744,6193.868,2000,6763.295,6008.616,2000,6928.191,6455.827,2000,6098.78,5720.362,2000,6961.764,5812.304,2000,5667.337,6290.343,2000,5777.511,6090.326,2000,5748.124,5567.286,2000,6457.524,5384.621,2000,6633.83
6193.431,2000,5739.921,6353.857,2000,5860.027,6093.616,2000,6871.969,5326.092,2000,6715.339,5291.771,2000,6456.258,5573.977,2000,6799.604,6192.671,2000,6764,6007.287,2000,6928.596,6455.012,2000,6099.906,5721.699,2000,6962.142,5812.304,2000,5668.727,6289.833,2000,5778.803,6090.023,2000,5749.48,5567.351,2000,6457.666,5385.691,2000,6634.715
6193.104,2000,5740.999,6353.372,2000,5861.042,6092.577,2000,6872.403,5327.074,2000,6715.889,5292.56,2000,6457.062,5574.861,2000,6800.3,6191.703,2000,6764.575,6006.212,2000,6928.93,6454.354,2000,6100.819,5722.781,2000,6962.452,5812.306,2000,5669.853,6289.421,2000,5779.851,6089.778,2000,5750.579,5567.405,2000,6457.782,5386.559,2000,6635.432
6192.597,2000,5742.674,6352.618,2000,5862.623,6090.963,2000,6873.082,5328.602,2000,6716.744,5293.787,2000,6458.311,5576.238,2000,6801.382,6190.199,2000,6765.472,6004.542,2000,6929.457,6453.332,2000,6102.241,5724.463,2000,6962.938,5812.31,2000,5671.604,6288.782,2000,5781.48,6089.399,2000,5752.288,5567.49,2000,6457.963,5387.91,2000,6636.547
6192.259,2000,5743.794,6352.116,2000,5863.679,6089.888,2000,6873.54,5329.603,2000,6717.349,5294.606,2000,6459.144,5577.158,2000,6802.104,6189.197,2000,6766.074,6003.429,2000,6929.814,6452.65,2000,6103.191,5725.585,2000,6963.267,5812.313,2000,5672.773,6288.356,2000,5782.57,6089.147,2000,5753.43,5567.547,2000,6458.086,5388.835,2000,6637.261
6191.736,2000,5745.535,6351.337,2000,5865.321,6088.218,2000,6874.257,5331.127,2000,6718.338,5295.881,2000,6460.439,5578.588,2000,6803.225,6187.641,2000,6767.014,6001.702,2000,6930.379,6451.592,2000,6104.669,5727.329,2000,6963.782,5812.321,2000,5674.59,6287.697,2000,5784.263,6088.758,2000,5755.206,5567.638,2000,6458.279,5390.31,2000,6638.324
6191.339,2000,5746.862,6350.745,2000,5866.574,6086.947,2000,6874.81,5332.264,2000,6719.131,5296.854,2000,6461.426,5579.68,2000,6804.078,6186.457,2000,6767.734,6000.387,2000,6930.817,6450.788,2000,6105.797,5728.656,2000,6964.179,5812.328,2000,5675.976,6287.195,2000,5785.555,6088.462,2000,5756.56,5567.708,2000,6458.427,5391.46,2000,6639.097
6190.856,2000,5748.486,6350.022,2000,5868.106,6085.396,2000,6875.491,5333.621,2000,6720.145,5298.044,2000,6462.631,5581.016,2000,6805.12,6185.012,2000,6768.618,5998.783,2000,6931.361,6449.806,2000,6107.177,5730.278,2000,6964.669,5812.338,2000,5677.67,6286.584,2000,5787.135,6088.104,2000,5758.215,5567.795,2000,6458.61,5392.896,2000,6639.996
6190.401,2000,5750.019,6349.343,2000,5869.553,6083.935,2000,6876.139,5334.87,2000,6721.143,5299.167,2000,6463.769,5582.277,2000,6806.103,6183.651,2000,6769.457,5997.271,2000,6931.883,6448.88,2000,6108.481,5731.807,2000,6965.136,5812.349,2000,5679.269,6286.009,2000,5788.626,6087.766,2000,5759.778,5567.878,2000,6458.786,5394.278,2000,6640.799
6189.945,2000,5751.561,6348.661,2000,5871.009,6082.467,2000,6876.797,5336.093,2000,6722.187,5300.298,2000,6464.912,5583.546,2000,6807.09,6182.285,2000,6770.305,5995.754,2000,6932.417,6447.952,2000,6109.794,5733.344,2000,6965.609,5812.362,2000,5680.877,6285.432,2000,5790.128,6087.428,2000,5761.35,5567.963,2000,6458.964,5395.695,2000,6641.561
6189.483,2000,5753.126,6347.969,2000,5872.488,6080.98,2000,6877.469,5337.368,2000,6723.206,5301.447,2000,6466.072,5584.835,2000,6808.091,6180.899,2000,6771.167,5994.217,2000,6932.964,6447.01,2000,6111.127,5734.903,2000,6966.093,5812.376,2000,5682.509,6284.847,2000,5791.652,6087.087,2000,5762.946,5568.051,2000,6459.147,5397.106,2000,6642.381
6189.204,2000,5754.082,6347.549,2000,5873.39,6080.075,2000,6877.884,5338.166,2000,6723.802,5302.147,2000,6466.778,5585.622,2000,6808.7,6180.057,2000,6771.697,5993.282,2000,6933.306,6446.438,2000,6111.941,5735.853,2000,6966.391,5812.387,2000,5683.504,6284.492,2000,5792.582,6086.88,2000,5763.92,5568.105,2000,6459.26,5397.95,2000,6642.909
6188.549,2000,5756.323,6346.566,2000,5875.508,6077.957,2000,6878.867,5340.081,2000,6725.137,5303.793,2000,6468.435,5587.47,2000,6810.128,6178.084,2000,6772.947,5991.094,2000,6934.122,6445.097,2000,6113.853,5738.078,2000,6967.097,5812.413,2000,5685.839,6283.662,2000,5794.764,6086.398,2000,5766.205,5568.234,2000,6459.527,5399.888,2000,6644.211
6188.075,2000,5757.953,6345.854,2000,5877.048,6076.42,2000,6879.586,5341.504,2000,6726.062,5304.989,2000,6469.639,5588.813,2000,6811.166,6176.653,2000,6773.858,5989.507,2000,6934.723,6444.124,2000,6115.244,5739.695,2000,6967.613,5812.433,2000,5687.536,6283.06,2000,5796.351,6086.049,2000,5767.865,5568.33,2000,6459.725,5401.265,2000,6645.204
6187.74,2000,5759.112,6345.348,2000,5878.145,6075.33,2000,6880.104,5342.538,2000,6726.686,5305.841,2000,6470.494,5589.77,2000,6811.902,6175.637,2000,6774.511,5988.381,2000,6935.16,6443.433,2000,6116.234,5740.844,2000,6967.984,5812.449,2000,5688.743,6282.634,2000,5797.48,6085.803,2000,5769.047,5568.399,2000,6459.867,5402.22,2000,6645.941
6187.118,2000,5761.273,6344.41,2000,5880.188,6073.303,2000,6881.079,5344.5,2000,6727.784,5307.429,2000,6472.086,5591.553,2000,6813.272,6173.75,2000,6775.732,5986.292,2000,6935.988,6442.15,2000,6118.081,5742.981,2000,6968.682,5812.481,2000,5690.991,6281.842,2000,5799.585,6085.346,2000,5771.249,5568.53,2000,6460.135,5403.959,2000,6647.366
6186.633,2000,5762.961,6343.678,2000,5881.785,6071.722,2000,6881.845,5346.036,2000,6728.636,5308.669,2000,6473.33,5592.946,2000,6814.342,6172.277,2000,6776.69,5984.661,2000,6936.643,6441.149,2000,6119.525,5744.651,2000,6969.229,5812.508,2000,5692.748,6281.225,2000,5801.23,6084.991,2000,5772.97,5568.634,2000,6460.348,5405.318,2000,6648.479
6186.339,2000,5763.992,6343.233,2000,5882.76,6070.761,2000,6882.318,5346.956,2000,6729.186,5309.427,2000,6474.088,5593.797,2000,6814.993,6171.382,2000,6777.279,5983.671,2000,6937.053,6440.541,2000,6120.407,5745.668,2000,6969.567,5812.525,2000,5693.819,6280.85,2000,5802.234,6084.776,2000,5774.02,5568.699,2000,6460.479,5406.169,2000,6649.131
6185.656,2000,5766.394,6342.198,2000,5885.034,6068.524,2000,6883.429,5349.057,2000,6730.536,5311.194,2000,6475.854,5595.782,2000,6816.51,6169.297,2000,6778.655,5981.368,2000,6938.019,6439.124,2000,6122.463,5748.037,2000,6970.358,5812.568,2000,5696.316,6279.979,2000,5804.575,6084.277,2000,5776.467,5568.852,2000,6460.789,5408.2,2000,6650.584
6185.358,2000,5767.447,6341.747,2000,5886.03,6067.548,2000,6883.923,5349.958,2000,6731.158,5311.968,2000,6476.626,5596.652,2000,6817.173,6168.387,2000,6779.263,5980.363,2000,6938.453,6438.505,2000,6123.366,5749.074,2000,6970.708,5812.589,2000,5697.41,6279.599,2000,5805.601,6084.061,2000,5777.539,5568.921,2000,6460.928,5409.11,2000,6651.191
6184.668,2000,5769.898,6340.698,2000,5888.352,6065.278,2000,6885.079,5352.005,2000,6732.672,5313.772,2000,6478.424,5598.679,2000,6818.715,6166.272,2000,6780.682,5978.031,2000,6939.476,6437.066,2000,6125.468,5751.486,2000,6971.527,5812.638,2000,5699.957,6278.716,2000,5807.99,6083.559,2000,5780.036,5569.083,2000,6461.253,5411.274,2000,6652.535
6184.368,2000,5770.97,6340.242,2000,5889.366,6064.291,2000,6885.592,5352.878,2000,6733.363,5314.561,2000,6479.209,5599.565,2000,6819.388,6165.351,2000,6781.306,5977.017,2000,6939.935,6436.44,2000,6126.387,5752.538,2000,6971.888,5812.662,2000,5701.069,6278.332,2000,5809.034,6083.342,2000,5781.127,5569.156,2000,6461.398,5412.238,2000,6653.09
6183.673,2000,5773.468,6339.183,2000,5891.733,6061.996,2000,6886.799,5354.857,2000,6735.038,5316.401,2000,6481.036,5601.632,2000,6820.954,6163.211,2000,6782.77,5974.665,2000,6941.026,6434.984,2000,6128.533,5754.988,2000,6972.736,5812.719,2000,5703.661,6277.441,2000,5811.469,6082.838,2000,5783.671,5569.328,2000,6461.74,5414.526,2000,6654.311
6183.171,2000,5775.277,6338.417,2000,5893.448,6060.338,2000,6887.681,5356.33,2000,6736.203,5317.734,2000,6482.359,5603.13,2000,6822.086,6161.664,2000,6783.835,5972.967,2000,6941.828,6433.931,2000,6130.088,5756.762,2000,6973.354,5812.763,2000,5705.539,6276.798,2000,5813.233,6082.476,2000,5785.514,5569.456,2000,6461.994,5416.153,2000,6655.249
6182.775,2000,5776.717,6337.811,2000,5894.812,6059.025,2000,6888.391,5357.53,2000,6737.091,5318.794,2000,6483.409,5604.322,2000,6822.985,6160.438,2000,6784.688,5971.625,2000,6942.481,6433.097,2000,6131.326,5758.17,2000,6973.849,5812.799,2000,5707.031,6276.289,2000,5814.637,6082.19,2000,5786.979,5569.56,2000,6462.199,5417.421,2000,6656.036
6182.166,2000,5778.938,6336.877,2000,5896.917,6057.004,2000,6889.496,5359.426,2000,6738.399,5320.432,2000,6485.029,5606.162,2000,6824.37,6158.552,2000,6786.008,5969.562,2000,6943.506,6431.812,2000,6133.237,5760.341,2000,6974.617,5812.858,2000,5709.333,6275.505,2000,5816.802,6081.751,2000,5789.24,5569.723,2000,6462.52,5419.337,2000,6657.313
6181.767,2000,5780.403,6336.265,2000,5898.307,6055.677,2000,6890.234,5360.703,2000,6739.22,5321.513,2000,6486.096,5607.376,2000,6825.282,6157.312,2000,6786.886,5968.209,2000,6944.198,6430.967,2000,6134.5,5761.772,2000,6975.127,5812.899,2000,5710.851,6274.991,2000,5818.231,6081.464,2000,5790.731,5569.833,2000,6462.735,5420.573,2000,6658.197
6181.155,2000,5782.658,6335.325,2000,5900.446,6053.642,2000,6891.381,5362.708,2000,6740.418,5323.176,2000,6487.736,5609.246,2000,6826.683,6155.41,2000,6788.242,5966.14,2000,6945.283,6429.671,2000,6136.443,5763.971,2000,6975.917,5812.964,2000,5713.187,6274.203,2000,5820.431,6081.026,2000,5793.026,5570.006,2000,6463.073,5422.427,2000,6659.618
6180.696,2000,5784.36,6334.618,2000,5902.061,6052.112,2000,6892.257,5364.25,2000,6741.272,5324.432,2000,6488.972,5610.657,2000,6827.738,6153.98,2000,6789.272,5964.589,2000,6946.12,6428.696,2000,6137.911,5765.628,2000,6976.516,5813.016,2000,5714.948,6273.611,2000,5822.091,6080.698,2000,5794.758,5570.141,2000,6463.333,5423.796,2000,6660.729
6180.145,2000,5786.415,6333.768,2000,5904.011,6050.272,2000,6893.325,5366.117,2000,6742.293,5325.949,2000,6490.464,5612.363,2000,6829.011,6152.258,2000,6790.522,5962.728,2000,6947.15,6427.521,2000,6139.685,5767.627,2000,6977.245,5813.081,2000,5717.075,6272.899,2000,5824.096,6080.305,2000,5796.849,5570.306,2000,6463.653,5425.449,2000,6662.068
6179.681,2000,5788.156,6333.051,2000,5905.665,6048.72,2000,6894.241,5367.669,2000,6743.208,5327.235,2000,6491.727,5613.809,2000,6830.087,6150.804,2000,6791.587,5961.162,2000,6948.043,6426.529,2000,6141.189,5769.319,2000,6977.866,5813.139,2000,5718.876,6272.299,2000,5825.795,6079.974,2000,5798.621,5570.45,2000,6463.93,5426.886,2000,6663.157
6179.058,2000,5790.218,6332.196,2000,5907.642,6046.872,2000,6895.348,5369.488,2000,6744.363,5328.774,2000,6493.234,5615.538,2000,6831.371,6149.073,2000,6792.869,5959.304,2000,6949.133,6425.346,2000,6142.99,5771.34,2000,6978.612,5813.21,2000,5721.029,6271.648,2000,5827.849,6079.582,2000,5800.739,5570.626,2000,6464.267,5428.644,2000,6664.4
6178.426,2000,5792.087,6331.416,2000,5909.454,6045.185,2000,6896.371,5371.118,2000,6745.474,5330.184,2000,6494.615,5617.123,2000,6832.546,6147.491,2000,6794.047,5957.612,2000,6950.147,6424.265,2000,6144.64,5773.189,2000,6979.298,5813.277,2000,5723.001,6271.114,2000,5829.748,6079.225,2000,5802.679,5570.792,2000,6464.583,5430.291,2000,6665.486
6177.982,2000,5793.558,6330.854,2000,5910.883,6043.878,2000,6897.178,5372.358,2000,6746.38,5331.282,2000,6495.688,5618.357,2000,6833.46,6146.264,2000,6794.971,5956.307,2000,6950.957,6423.426,2000,6145.927,5774.628,2000,6979.836,5813.331,2000,5724.536,6270.65,2000,5831.212,6078.898,2000,5804.18,5570.924,2000,6464.834,5431.601,2000,6666.29
6177.416,2000,5795.683,6330.118,2000,5912.956,6042.012,2000,6898.342,5374.09,2000,6747.735,5332.856,2000,6497.225,5620.126,2000,6834.767,6144.511,2000,6796.3,5954.449,2000,6952.133,6422.227,2000,6147.771,5776.688,2000,6980.61,5813.411,2000,5726.734,6269.918,2000,5833.286,6078.359,2000,5806.313,5571.118,2000,6465.2,5433.512,2000,6667.377
6177,2000,5797.062,6329.681,2000,5914.327,6040.798,2000,6899.116,5375.195,2000,6748.659,5333.887,2000,6498.23,5621.286,2000,6835.62,6143.368,2000,6797.176,5953.246,2000,6952.925,6421.444,2000,6148.979,5778.034,2000,6981.12,5813.465,2000,5728.173,6269.483,2000,5834.659,6077.961,2000,5807.696,5571.248,2000,6465.445,5434.786,2000,6668.048
6176.19,2000,5799.458,6328.992,2000,5916.762,6038.667,2000,6900.479,5377.188,2000,6750.218,5335.699,2000,6499.996,5623.324,2000,6837.12,6141.362,2000,6798.719,5951.139,2000,6954.325,6420.07,2000,6151.104,5780.4,2000,6982.017,5813.562,2000,5730.701,6268.798,2000,5837.095,6077.183,2000,5810.104,5571.481,2000,6465.884,5436.985,2000,6669.3
6175.993,2000,5799.984,6328.856,2000,5917.306,6038.196,2000,6900.785,5377.641,2000,6750.549,5336.102,2000,6500.387,5623.776,2000,6837.452,6140.919,2000,6799.063,5950.675,2000,6954.642,6419.767,2000,6151.575,5780.925,2000,6982.216,5813.583,2000,5731.262,6268.664,2000,5837.64,6076.993,2000,5810.632,5571.535,2000,6465.984,5437.463,2000,6669.594
6175.418,2000,5801.686,6328.481,2000,5919.063,6036.697,2000,6901.775,5379.125,2000,6751.562,5337.391,2000,6501.639,5625.225,2000,6838.514,6139.505,2000,6800.17,5949.208,2000,6955.679,6418.796,2000,6153.087,5782.603,2000,6982.86,5813.656,2000,5733.057,6268.177,2000,5839.369,6076.329,2000,5812.302,5571.708,2000,6466.307,5438.963,2000,6670.583
6174.829,2000,5803.639,6328.121,2000,5921.071,6035.001,2000,6902.91,5380.847,2000,6752.655,5338.854,2000,6503.06,5626.871,2000,6839.718,6137.904,2000,6801.434,5947.557,2000,6956.876,6417.696,2000,6154.806,5784.506,2000,6983.593,5813.741,2000,5735.095,6267.561,2000,5841.313,6075.514,2000,5814.172,5571.91,2000,6466.682,5440.629,2000,6671.761
6174.436,2000,5805.111,6327.802,2000,5922.561,6033.74,2000,6903.764,5382.159,2000,6753.429,5339.949,2000,6504.12,5628.101,2000,6840.617,6136.711,2000,6802.382,5946.334,2000,6957.785,6416.877,2000,6156.09,5785.927,2000,6984.143,5813.805,2000,5736.617,6267.071,2000,5842.756,6074.86,2000,5815.548,5572.064,2000,6466.969,5441.843,2000,6672.681
6174.01,2000,5806.523,6327.447,2000,5923.993,6032.522,2000,6904.597,5383.454,2000,6754.136,5341.008,2000,6505.146,5629.293,2000,6841.486,6135.559,2000,6803.304,5945.159,2000,6958.676,6416.084,2000,6157.334,5787.302,2000,6984.677,5813.869,2000,5738.091,6266.642,2000,5844.167,6074.271,2000,5816.9,5572.218,2000,6467.252,5442.993,2000,6673.605
6173.648,2000,5807.594,6327.139,2000,5925.081,6031.594,2000,6905.241,5384.448,2000,6754.673,5341.821,2000,6505.932,5630.207,2000,6842.151,6134.679,2000,6804.013,5944.268,2000,6959.373,6415.479,2000,6158.289,5788.355,2000,6985.087,5813.918,2000,5739.22,6266.349,2000,5845.259,6073.854,2000,5817.951,5572.338,2000,6467.473,5443.874,2000,6674.314
6173.161,2000,5809.207,6326.628,2000,5926.685,6030.215,2000,6906.208,5385.903,2000,6755.521,5343.032,2000,6507.103,5631.569,2000,6843.142,6133.371,2000,6805.074,5942.952,2000,6960.423,6414.578,2000,6159.711,5789.923,2000,6985.701,5813.994,2000,5740.902,6265.859,2000,5846.87,6073.283,2000,5819.535,5572.52,2000,6467.808,5445.221,2000,6675.326
6172.848,2000,5810.382,6326.221,2000,5927.831,6029.223,2000,6906.912,5386.933,2000,6756.168,5343.907,2000,6507.947,5632.553,2000,6843.856,6132.429,2000,6805.844,5942.011,2000,6961.194,6413.928,2000,6160.74,5791.055,2000,6986.146,5814.05,2000,5742.117,6265.472,2000,5848.023,6072.909,2000,5820.692,5572.654,2000,6468.054,5446.216,2000,6676.024
6172.44,2000,5811.734,6325.705,2000,5929.146,6028.075,2000,6907.735,5388.104,2000,6756.958,5344.924,2000,6508.928,5633.696,2000,6844.686,6131.337,2000,6806.74,5940.927,2000,6962.1,6413.175,2000,6161.935,5792.37,2000,6986.663,5814.115,2000,5743.528,6265.066,2000,5849.376,6072.519,2000,5822.05,5572.813,2000,6468.346,5447.399,2000,6676.797
6172.117,2000,5812.69,6325.319,2000,5930.078,6027.258,2000,6908.327,5388.922,2000,6757.549,5345.65,2000,6509.627,5634.513,2000,6845.278,6130.56,2000,6807.383,5940.163,2000,6962.758,6412.639,2000,6162.789,5793.308,2000,6987.034,5814.163,2000,5744.536,6264.809,2000,5850.351,6072.271,2000,5823.028,5572.93,2000,6468.558,5448.261,2000,6677.321
6171.688,2000,5814.112,6324.752,2000,5931.451,6026.061,2000,6909.206,5390.097,2000,6758.458,5346.721,2000,6510.657,5635.717,2000,6846.148,6129.418,2000,6808.333,5939.047,2000,6963.739,6411.85,2000,6164.048,5794.688,2000,6987.581,5814.234,2000,5746.02,6264.382,2000,5851.774,6071.955,2000,5824.479,5573.104,2000,6468.874,5449.555,2000,6678.05
6171.384,2000,5815.252,6324.337,2000,5932.557,6025.111,2000,6909.908,5391.053,2000,6759.15,5347.571,2000,6511.476,5636.673,2000,6846.84,6128.512,2000,6809.091,5938.168,2000,6964.527,6411.224,2000,6165.049,5795.786,2000,6988.017,5814.292,2000,5747.199,6264.006,2000,5852.893,6071.742,2000,5825.64,5573.245,2000,6469.131,5450.563,2000,6678.664
6171.116,2000,5816.14,6324.041,2000,5933.435,6024.37,2000,6910.464,5391.822,2000,6759.668,5348.24,2000,6512.118,5637.425,2000,6847.383,6127.803,2000,6809.688,5937.487,2000,6965.156,6410.733,2000,6165.835,5796.646,2000,6988.36,5814.337,2000,5748.125,6263.74,2000,5853.781,6071.593,2000,5826.555,5573.358,2000,6469.336,5451.339,2000,6679.171
6170.689,2000,5817.401,6323.655,2000,5934.709,6023.308,2000,6911.267,5392.95,2000,6760.376,5349.2,2000,6513.04,5638.505,2000,6848.162,6126.787,2000,6810.548,5936.518,2000,6966.069,6410.029,2000,6166.966,5797.883,2000,6988.855,5814.404,2000,5749.455,6263.399,2000,5855.068,6071.38,2000,5827.87,5573.523,2000,6469.634,5452.43,2000,6679.936
6170.379,2000,5818.43,6323.378,2000,5935.748,6022.453,2000,6911.918,5393.878,2000,6760.917,5349.976,2000,6513.784,5639.377,2000,6848.79,6125.968,2000,6811.245,5935.741,2000,6966.813,6409.462,2000,6167.879,5798.881,2000,6989.254,5814.458,2000,5750.528,6263.091,2000,5856.098,6071.173,2000,5828.924,5573.659,2000,6469.88,5453.289,2000,6680.581
6170.188,2000,5819.146,6323.211,2000,5936.47,6021.866,2000,6912.371,5394.506,2000,6761.312,5350.511,2000,6514.297,5639.979,2000,6849.223,6125.405,2000,6811.727,5935.213,2000,6967.333,6409.071,2000,6168.509,5799.568,2000,6989.531,5814.497,2000,5751.269,6262.855,2000,5856.801,6071.007,2000,5829.646,5573.754,2000,6470.052,5453.896,2000,6681.006
6169.892,2000,5820.425,6322.957,2000,5937.758,6020.83,2000,6913.178,5395.594,2000,6762.045,5351.458,2000,6515.206,5641.045,2000,6849.989,6124.41,2000,6812.583,5934.288,2000,6968.265,6408.38,2000,6169.625,5800.786,2000,6990.021,5814.565,2000,5752.58,6262.396,2000,5858.031,6070.671,2000,5830.916,5573.925,2000,6470.36,5454.995,2000,6681.725
6169.639,2000,5821.374,6322.735,2000,5938.714,6020.058,2000,6913.784,5396.39,2000,6762.621,5352.167,2000,6515.884,5641.842,2000,6850.561,6123.667,2000,6813.225,5933.604,2000,6968.969,6407.864,2000,6170.46,5801.696,2000,6990.389,5814.617,2000,5753.56,6262.084,2000,5858.962,6070.39,2000,5831.856,5574.056,2000,6470.595,5455.834,2000,6682.234
6169.364,2000,5822.282,6322.49,2000,5939.631,6019.313,2000,6914.373,5397.14,2000,6763.202,5352.854,2000,6516.541,5642.613,2000,6851.115,6122.951,2000,6813.847,5932.948,2000,6969.655,6407.366,2000,6171.268,5802.576,2000,6990.745,5814.667,2000,5754.508,6261.812,2000,5859.871,6070.087,2000,5832.756,5574.185,2000,6470.825,5456.661,2000,6682.701
6169.131,2000,5822.973,6322.279,2000,5940.329,6018.744,2000,6914.828,5397.73,2000,6763.629,5353.38,2000,6517.044,5643.206,2000,6851.539,6122.402,2000,6814.327,5932.452,2000,6970.188,6406.984,2000,6171.889,5803.251,2000,6991.019,5814.706,2000,5755.235,6261.625,2000,5860.576,6069.833,2000,5833.439,5574.285,2000,6471.005,5457.283,2000,6683.079
6168.75,2000,5823.988,6321.932,2000,5941.356,6017.899,2000,6915.508,5398.629,2000,6764.235,5354.164,2000,6517.793,5644.087,2000,6852.17,6121.586,2000,6815.042,5931.72,2000,6970.989,6406.417,2000,6172.813,5804.256,2000,6991.427,5814.765,2000,5756.318,6261.382,2000,5861.632,6069.421,2000,5834.442,5574.437,2000,6471.275,5458.191,2000,6683.672
6168.452,2000,5824.711,6321.658,2000,5942.089,6017.292,2000,6916.001,5399.292,2000,6764.651,5354.73,2000,6518.333,5644.723,2000,6852.625,6121,2000,6815.559,5931.199,2000,6971.572,6406.008,2000,6173.479,5804.98,2000,6991.722,5814.808,2000,5757.099,6261.232,2000,5862.4,6069.101,2000,5835.156,5574.548,2000,6471.473,5458.831,2000,6684.122
6168.133,2000,5825.563,6321.317,2000,5942.933,6016.588,2000,6916.578,5400.078,2000,6765.11,5355.388,2000,6518.961,5645.464,2000,6853.155,6120.318,2000,6816.162,5930.6,2000,6972.257,6405.533,2000,6174.255,5805.823,2000,6992.066,5814.858,2000,5758.007,6261.029,2000,5863.287,6068.701,2000,5835.973,5574.679,2000,6471.707,5459.559,2000,6684.668
6167.871,2000,5826.337,6321.037,2000,5943.701,6015.958,2000,6917.098,5400.797,2000,6765.498,5355.979,2000,6519.525,5646.129,2000,6853.63,6119.707,2000,6816.704,5930.067,2000,6972.876,6405.106,2000,6174.953,5806.579,2000,6992.375,5814.904,2000,5758.823,6260.82,2000,5864.077,6068.318,2000,5836.695,5574.799,2000,6471.919,5460.197,2000,6685.178
6167.687,2000,5826.947,6320.837,2000,5944.306,6015.468,2000,6917.505,5401.348,2000,6765.819,5356.44,2000,6519.965,5646.647,2000,6854,6119.231,2000,6817.128,5929.657,2000,6973.364,6404.774,2000,6175.497,5807.168,2000,6992.616,5814.939,2000,5759.459,6260.637,2000,5864.688,6068.039,2000,5837.267,5574.894,2000,6472.087,5460.708,2000,6685.559
6167.453,2000,5827.827,6320.581,2000,5945.179,6014.771,2000,6918.09,5402.119,2000,6766.303,5357.1,2000,6520.593,5647.389,2000,6854.528,6118.553,2000,6817.736,5929.078,2000,6974.067,6404.301,2000,6176.274,5808.011,2000,6992.961,5814.991,2000,5760.368,6260.347,2000,5865.55,6067.666,2000,5838.098,5575.03,2000,6472.33,5461.455,2000,6686.079
6167.285,2000,5828.545,6320.396,2000,5945.894,6014.207,2000,6918.565,5402.73,2000,6766.715,5357.634,2000,6521.102,5647.989,2000,6854.957,6118.004,2000,6818.229,5928.613,2000,6974.639,6403.917,2000,6176.904,5808.693,2000,6993.241,5815.033,2000,5761.104,6260.089,2000,5866.242,6067.385,2000,5838.78,5575.143,2000,6472.53,5462.074,2000,6686.48
6167.169,2000,5829.04,6320.286,2000,5946.389,6013.82,2000,6918.895,5403.142,2000,6767.013,5358.001,2000,6521.452,5648.403,2000,6855.251,6117.627,2000,6818.569,5928.297,2000,6975.037,6403.654,2000,6177.338,5809.163,2000,6993.434,5815.063,2000,5761.611,6259.896,2000,5866.711,6067.208,2000,5839.256,5575.222,2000,6472.669,5462.509,2000,6686.743
6166.965,2000,5829.916,6320.118,2000,5947.273,6013.136,2000,6919.479,5403.854,2000,6767.563,5358.653,2000,6522.072,5649.136,2000,6855.773,6116.96,2000,6819.173,5927.743,2000,6975.746,6403.187,2000,6178.108,5809.996,2000,6993.777,5815.114,2000,5762.51,6259.527,2000,5867.532,6066.921,2000,5840.109,5575.362,2000,6472.917,5463.294,2000,6687.182
6166.842,2000,5830.377,6320.014,2000,5947.739,6012.774,2000,6919.791,5404.222,2000,6767.868,5359,2000,6522.401,5649.525,2000,6856.05,6116.606,2000,6819.495,5927.453,2000,6976.125,6402.939,2000,6178.516,5810.437,2000,6993.959,5815.142,2000,5762.986,6259.346,2000,5867.974,6066.784,2000,5840.566,5575.438,2000,6473.051,5463.719,2000,6687.401
6166.597,2000,5831.187,6319.803,2000,5948.558,6012.135,2000,6920.345,5404.89,2000,6768.386,5359.612,2000,6522.984,5650.214,2000,6856.54,6115.982,2000,6820.064,5926.946,2000,6976.802,6402.501,2000,6179.239,5811.219,2000,6994.282,5815.192,2000,5763.831,6259.051,2000,5868.767,6066.568,2000,5841.384,5575.574,2000,6473.29,5464.457,2000,6687.814
6166.394,2000,5831.784,6319.625,2000,5949.163,6011.66,2000,6920.759,5405.401,2000,6768.755,5360.069,2000,6523.418,5650.729,2000,6856.905,6115.517,2000,6820.49,5926.571,2000,6977.309,6402.174,2000,6179.779,5811.802,2000,6994.522,5815.229,2000,5764.46,6258.85,2000,5869.364,6066.427,2000,5841.999,5575.676,2000,6473.471,5464.997,2000,6688.14
6166.263,2000,5832.133,6319.509,2000,5949.518,6011.379,2000,6921.005,5405.71,2000,6768.964,5360.34,2000,6523.675,5651.033,2000,6857.121,6115.242,2000,6820.743,5926.352,2000,6977.612,6401.981,2000,6180.099,5812.147,2000,6994.666,5815.251,2000,5764.833,6258.743,2000,5869.722,6066.355,2000,5842.365,5575.738,2000,6473.579,5465.31,2000,6688.343
6165.943,2000,5832.905,6319.222,2000,5950.302,6010.753,2000,6921.559,5406.417,2000,6769.408,5360.946,2000,6524.25,5651.714,2000,6857.604,6114.628,2000,6821.309,5925.869,2000,6978.292,6401.55,2000,6180.813,5812.918,2000,6994.985,5815.302,2000,5765.667,6258.529,2000,5870.529,6066.222,2000,5843.189,5575.876,2000,6473.822,5465.995,2000,6688.82
6165.711,2000,5833.418,6319.014,2000,5950.827,6010.332,2000,6921.933,5406.905,2000,6769.692,5361.355,2000,6524.638,5652.174,2000,6857.93,6114.214,2000,6821.691,5925.546,2000,6978.755,6401.259,2000,6181.296,5813.439,2000,6995.201,5815.335,2000,5766.229,6258.403,2000,5871.079,6066.139,2000,5843.748,5575.972,2000,6473.988,5466.447,2000,6689.157
6165.516,2000,5833.889,6318.826,2000,5951.3,6009.953,2000,6922.272,5407.353,2000,6769.935,5361.725,2000,6524.989,5652.59,2000,6858.225,6113.84,2000,6822.038,5925.258,2000,6979.175,6400.997,2000,6181.733,5813.91,2000,6995.396,5815.366,2000,5766.738,6258.272,2000,5871.571,6066.065,2000,5844.251,5576.059,2000,6474.14,5466.846,2000,6689.474
6165.31,2000,5834.437,6318.61,2000,5951.844,6009.518,2000,6922.664,5407.87,2000,6770.209,5362.149,2000,6525.391,5653.067,2000,6858.563,6113.412,2000,6822.436,5924.931,2000,6979.66,6400.695,2000,6182.234,5814.45,2000,6995.621,5815.402,2000,5767.322,6258.104,2000,5872.132,6065.961,2000,5844.827,5576.159,2000,6474.316,5467.304,2000,6689.838
6165.156,2000,5834.891,6318.434,2000,5952.29,6009.162,2000,6922.985,5408.285,2000,6770.448,5362.498,2000,6525.721,5653.458,2000,6858.839,6113.061,2000,6822.763,5924.667,2000,6980.06,6400.449,2000,6182.646,5814.893,2000,6995.805,5815.431,2000,5767.8,6257.96,2000,5872.589,6065.86,2000,5845.296,5576.243,2000,6474.462,5467.688,2000,6690.125
6164.997,2000,5835.417,6318.232,2000,5952.8,6008.756,2000,6923.354,5408.752,2000,6770.737,5362.896,2000,6526.099,5653.907,2000,6859.156,6112.66,2000,6823.138,5924.367,2000,6980.52,6400.166,2000,6183.116,5815.399,2000,6996.016,5815.465,2000,5768.348,6257.794,2000,5873.112,6065.728,2000,5845.829,5576.339,2000,6474.631,5468.14,2000,6690.438
6164.869,2000,5835.894,6318.051,2000,5953.26,6008.391,2000,6923.688,5409.164,2000,6771.011,5363.255,2000,6526.439,5654.311,2000,6859.442,6112.299,2000,6823.477,5924.099,2000,6980.936,6399.912,2000,6183.541,5815.856,2000,6996.207,5815.496,2000,5768.842,6257.646,2000,5873.584,6065.592,2000,5846.304,5576.427,2000,6474.784,5468.555,2000,6690.706
6164.782,2000,5836.269,6317.921,2000,5953.623,6008.107,2000,6923.948,5409.477,2000,6771.235,5363.534,2000,6526.703,5654.625,2000,6859.664,6112.019,2000,6823.74,5923.894,2000,6981.261,6399.714,2000,6183.871,5816.211,2000,6996.354,5815.52,2000,5769.226,6257.518,2000,5873.947,6065.475,2000,5846.67,5576.496,2000,6474.904,5468.885,2000,6690.904
6164.674,2000,5836.811,6317.752,2000,5954.148,6007.701,2000,6924.323,5409.916,2000,6771.57,5363.936,2000,6527.083,5655.076,2000,6859.983,6111.617,2000,6824.119,5923.602,2000,6981.73,6399.431,2000,6184.345,5816.721,2000,6996.567,5815.554,2000,5769.777,6257.318,2000,5874.462,6065.29,2000,5847.191,5576.595,2000,6475.078,5469.367,2000,6691.173
6164.616,2000,5837.166,6317.631,2000,5954.488,6007.437,2000,6924.568,5410.194,2000,6771.798,5364.197,2000,6527.331,5655.37,2000,6860.191,6111.355,2000,6824.367,5923.415,2000,6982.038,6399.246,2000,6184.654,5817.053,2000,6996.707,5815.577,2000,5770.136,6257.198,2000,5874.802,6065.158,2000,5847.526,5576.661,2000,6475.192,5469.688,2000,6691.338
6164.492,2000,5837.789,6317.398,2000,5955.078,6006.972,2000,6925,5410.699,2000,6772.184,5364.658,2000,6527.767,5655.889,2000,6860.557,6110.895,2000,6824.803,5923.087,2000,6982.581,6398.92,2000,6185.199,5817.639,2000,6996.952,5815.617,2000,5770.77,6257.007,2000,5875.407,6064.906,2000,5848.109,5576.778,2000,6475.395,5470.242,2000,6691.647
6164.445,2000,5837.992,6317.329,2000,5955.274,6006.82,2000,6925.143,5410.868,2000,6772.305,5364.81,2000,6527.91,5656.059,2000,6860.677,6110.744,2000,6824.946,5922.981,2000,6982.76,6398.813,2000,6185.377,5817.831,2000,6997.032,5815.63,2000,5770.978,6256.951,2000,5875.608,6064.83,2000,5848.303,5576.816,2000,6475.462,5470.42,2000,6691.755
6164.298,2000,5838.541,6317.156,2000,5955.816,6006.406,2000,6925.532,5411.341,2000,6772.62,5365.223,2000,6528.3,5656.524,2000,6861.005,6110.332,2000,6825.338,5922.695,2000,6983.251,6398.522,2000,6185.866,5818.355,2000,6997.252,5815.666,2000,5771.545,6256.816,2000,5876.16,6064.639,2000,5848.838,5576.922,2000,6475.647,5470.898,2000,6692.063
6164.184,2000,5838.918,6317.048,2000,5956.195,6006.12,2000,6925.802,5411.676,2000,6772.827,5365.509,2000,6528.571,5656.846,2000,6861.232,6110.047,2000,6825.61,5922.499,2000,6983.593,6398.32,2000,6186.204,5818.719,2000,6997.404,5815.691,2000,5771.938,6256.735,2000,5876.545,6064.519,2000,5849.213,5576.997,2000,6475.776,5471.221,2000,6692.288
6164.072,2000,5839.246,6316.965,2000,5956.531,6005.868,2000,6926.041,5411.976,2000,6773,5365.761,2000,6528.809,5657.129,2000,6861.432,6109.797,2000,6825.849,5922.327,2000,6983.894,6398.143,2000,6186.502,5819.038,2000,6997.539,5815.713,2000,5772.284,6256.675,2000,5876.887,6064.424,2000,5849.547,5577.063,2000,6475.89,5471.5,2000,6692.495
6163.981,2000,5839.488,6316.911,2000,5956.784,6005.681,2000,6926.219,5412.204,2000,6773.121,5365.949,2000,6528.986,5657.34,2000,6861.581,6109.61,2000,6826.028,5922.201,2000,6984.12,6398.011,2000,6186.724,5819.276,2000,6997.639,5815.729,2000,5772.542,6256.638,2000,5877.143,6064.361,2000,5849.797,5577.112,2000,6475.976,5471.702,2000,6692.656
6163.82,2000,5839.964,6316.821,2000,5957.278,6005.317,2000,6926.566,5412.648,2000,6773.357,5366.314,2000,6529.331,5657.751,2000,6861.87,6109.248,2000,6826.376,5921.958,2000,6984.56,6397.754,2000,6187.156,5819.739,2000,6997.833,5815.762,2000,5773.043,6256.551,2000,5877.638,6064.256,2000,5850.289,5577.208,2000,6476.144,5472.095,2000,6692.968
6163.758,2000,5840.168,6316.791,2000,5957.489,6005.163,2000,6926.713,5412.833,2000,6773.463,5366.469,2000,6529.478,5657.925,2000,6861.993,6109.094,2000,6826.523,5921.856,2000,6984.747,6397.646,2000,6187.339,5819.936,2000,6997.916,5815.775,2000,5773.256,6256.507,2000,5877.846,6064.218,2000,5850.499,5577.25,2000,6476.216,5472.266,2000,6693.095
6163.636,2000,5840.623,6316.737,2000,5957.957,6004.824,2000,6927.04,5413.234,2000,6773.71,5366.812,2000,6529.801,5658.31,2000,6862.264,6108.754,2000,6826.85,5921.633,2000,6985.162,6397.405,2000,6187.744,5820.37,2000,6998.099,5815.806,2000,5773.726,6256.395,2000,5878.304,6064.149,2000,5850.964,5577.342,2000,6476.375,5472.653,2000,6693.363
6163.589,2000,5840.826,6316.721,2000,5958.165,6004.674,2000,6927.185,5413.407,2000,6773.826,5366.963,2000,6529.944,5658.48,2000,6862.383,6108.604,2000,6826.995,5921.536,2000,6985.346,6397.299,2000,6187.923,5820.562,2000,6998.18,5815.82,2000,5773.934,6256.339,2000,5878.504,6064.12,2000,5851.17,5577.383,2000,6476.446,5472.829,2000,6693.476
6163.493,2000,5841.257,6316.7,2000,5958.606,6004.356,2000,6927.493,5413.768,2000,6774.082,5367.285,2000,6530.247,5658.842,2000,6862.638,6108.287,2000,6827.302,5921.332,2000,6985.738,6397.073,2000,6188.304,5820.969,2000,6998.352,5815.849,2000,5774.375,6256.206,2000,5878.926,6064.058,2000,5851.608,5577.47,2000,6476.598,5473.208,2000,6693.704
6163.436,2000,5841.557,6316.675,2000,5958.911,6004.138,2000,6927.706,5414.01,2000,6774.267,5367.506,2000,6530.457,5659.092,2000,6862.813,6108.067,2000,6827.515,5921.192,2000,6986.009,6396.918,2000,6188.566,5821.25,2000,6998.47,5815.869,2000,5774.679,6256.116,2000,5879.218,6064.005,2000,5851.909,5577.531,2000,6476.703,5473.475,2000,6693.852
6163.4,2000,5841.789,6316.649,2000,5959.144,6003.97,2000,6927.869,5414.201,2000,6774.403,5367.677,2000,6530.617,5659.283,2000,6862.948,6107.899,2000,6827.678,5921.086,2000,6986.218,6396.799,2000,6188.768,5821.466,2000,6998.561,5815.884,2000,5774.913,6256.046,2000,5879.441,6063.958,2000,5852.138,5577.578,2000,6476.785,5473.675,2000,6693.973
6163.356,2000,5842.145,6316.597,2000,5959.499,6003.714,2000,6928.12,5414.5,2000,6774.601,5367.938,2000,6530.863,5659.577,2000,6863.154,6107.642,2000,6827.928,5920.926,2000,6986.539,6396.616,2000,6189.077,5821.797,2000,6998.7,5815.907,2000,5775.271,6255.94,2000,5879.784,6063.873,2000,5852.487,5577.65,2000,6476.91,5473.977,2000,6694.167
6163.315,2000,5842.411,6316.549,2000,5959.764,6003.522,2000,6928.309,5414.729,2000,6774.743,5368.134,2000,6531.048,5659.797,2000,6863.309,6107.449,2000,6828.116,5920.813,2000,6986.783,6396.479,2000,6189.309,5822.042,2000,6998.813,5815.925,2000,5775.54,6255.869,2000,5880.044,6063.818,2000,5852.75,5577.705,2000,6477.004,5474.198,2000,6694.32
6163.229,2000,5842.868,6316.451,2000,5960.219,6003.191,2000,6928.636,5415.133,2000,6774.974,5368.473,2000,6531.367,5660.179,2000,6863.576,6107.116,2000,6828.441,5920.632,2000,6987.212,6396.242,2000,6189.709,5822.458,2000,6999.021,5815.956,2000,5776.004,6255.76,2000,5880.497,6063.738,2000,5853.209,5577.8,2000,6477.168,5474.572,2000,6694.598
6163.14,2000,5843.265,6316.353,2000,5960.613,6002.902,2000,6928.923,5415.479,2000,6775.188,5368.769,2000,6531.646,5660.512,2000,6863.809,6106.826,2000,6828.725,5920.486,2000,6987.591,6396.036,2000,6190.06,5822.815,2000,6999.215,5815.982,2000,5776.41,6255.678,2000,5880.895,6063.681,2000,5853.611,5577.884,2000,6477.313,5474.906,2000,6694.829
6163.005,2000,5843.789,6316.205,2000,5961.134,6002.52,2000,6929.305,5415.929,2000,6775.487,5369.163,2000,6532.016,5660.955,2000,6864.118,6106.439,2000,6829.104,5920.309,2000,6988.103,6395.761,2000,6190.526,5823.282,2000,6999.489,5816.019,2000,5776.949,6255.586,2000,5881.428,6063.588,2000,5854.144,5577.997,2000,6477.507,5475.361,2000,6695.123
6162.862,2000,5844.277,6316.05,2000,5961.619,6002.16,2000,6929.666,5416.344,2000,6775.782,5369.534,2000,6532.364,5661.373,2000,6864.409,6106.077,2000,6829.461,5920.158,2000,6988.588,6395.503,2000,6190.964,5823.712,2000,6999.76,5816.053,2000,5777.457,6255.516,2000,5881.932,6063.484,2000,5854.642,5578.104,2000,6477.691,5475.797,2000,6695.384
6162.697,2000,5844.917,6315.829,2000,5962.242,6001.695,2000,6930.135,5416.87,2000,6776.183,5370.017,2000,6532.816,5661.916,2000,6864.787,6105.606,2000,6829.925,5919.983,2000,6989.226,6395.168,2000,6191.534,5824.26,2000,7000.131,5816.098,2000,5778.117,6255.404,2000,5882.583,6063.328,2000,5855.285,5578.246,2000,6477.933,5476.375,2000,6695.706
6162.565,2000,5845.505,6315.645,2000,5962.816,6001.272,2000,6930.565,5417.361,2000,6776.533,5370.457,2000,6533.229,5662.411,2000,6865.13,6105.177,2000,6830.349,5919.842,2000,6989.813,6394.863,2000,6192.054,5824.748,2000,7000.485,5816.139,2000,5778.718,6255.283,2000,5883.174,6063.166,2000,5855.866,5578.376,2000,6478.156,5476.892,2000,6696.016
6162.422,2000,5846.264,6315.434,2000,5963.559,6000.732,2000,6931.117,5418.004,2000,6776.959,5371.02,2000,6533.756,5663.046,2000,6865.568,6104.629,2000,6830.893,5919.687,2000,6990.568,6394.472,2000,6192.72,5825.357,2000,7000.958,5816.192,2000,5779.488,6255.103,2000,5883.924,6062.935,2000,5856.602,5578.545,2000,6478.444,5477.541,2000,6696.434
6162.257,2000,5847.018,6315.248,2000,5964.308,6000.195,2000,6931.67,5418.661,2000,6777.365,5371.584,2000,6534.283,5663.682,2000,6866.006,6104.083,2000,6831.438,5919.556,2000,6991.329,6394.082,2000,6193.386,5825.951,2000,7001.452,5816.246,2000,5780.258,6254.898,2000,5884.668,6062.729,2000,5857.346,5578.718,2000,6478.737,5478.175,2000,6696.874
6162.058,2000,5847.806,6315.077,2000,5965.103,5999.629,2000,6932.255,5419.366,2000,6777.77,5372.179,2000,6534.837,5664.353,2000,6866.466,6103.507,2000,6832.013,5919.444,2000,6992.135,6393.671,2000,6194.088,5826.559,2000,7001.992,5816.303,2000,5781.07,6254.708,2000,5885.459,6062.537,2000,5858.136,5578.902,2000,6479.05,5478.828,2000,6697.358
6161.93,2000,5848.391,6314.971,2000,5965.692,5999.216,2000,6932.688,5419.895,2000,6778.05,5372.617,2000,6535.245,5664.847,2000,6866.804,6103.084,2000,6832.437,5919.382,2000,6992.73,6393.37,2000,6194.605,5826.993,2000,7002.403,5816.346,2000,5781.667,6254.549,2000,5886.036,6062.415,2000,5858.722,5579.041,2000,6479.284,5479.299,2000,6697.727
6161.645,2000,5849.52,6314.802,2000,5966.844,5998.438,2000,6933.555,5420.905,2000,6778.629,5373.47,2000,6536.038,5665.81,2000,6867.458,6102.264,2000,6833.263,5919.298,2000,6993.892,6392.783,2000,6195.611,5827.812,2000,7003.232,5816.429,2000,5782.828,6254.277,2000,5887.168,6062.214,2000,5859.869,5579.313,2000,6479.744,5480.24,2000,6698.414
6161.382,2000,5850.431,6314.634,2000,5967.778,5997.829,2000,6934.281,5421.712,2000,6779.128,5374.165,2000,6536.683,5666.595,2000,6867.991,6101.596,2000,6833.937,5919.261,2000,6994.839,6392.306,2000,6196.431,5828.456,2000,7003.928,5816.498,2000,5783.774,6254.086,2000,5888.098,6062.021,2000,5860.797,5579.541,2000,6480.127,5481.023,2000,6698.948
6161.236,2000,5851.006,6314.509,2000,5968.358,5997.463,2000,6934.748,5422.206,2000,6779.456,5374.601,2000,6537.085,5667.087,2000,6868.322,6101.18,2000,6834.359,5919.257,2000,6995.433,6392.008,2000,6196.944,5828.844,2000,7004.376,5816.541,2000,5784.366,6253.948,2000,5888.674,6061.88,2000,5861.373,5579.687,2000,6480.371,5481.524,2000,6699.266
6160.884,2000,5852.617,6314.111,2000,5969.958,5996.488,2000,6936.078,5423.55,2000,6780.413,5375.812,2000,6538.205,5668.457,2000,6869.241,6100.024,2000,6835.536,5919.3,2000,6997.082,6391.181,2000,6198.371,5829.882,2000,7005.658,5816.663,2000,5786.01,6253.511,2000,5890.265,6061.438,2000,5862.962,5580.097,2000,6481.057,5482.945,2000,6700.104
6160.726,2000,5853.242,6313.935,2000,5970.578,5996.124,2000,6936.61,5424.062,2000,6780.803,5376.286,2000,6538.641,5668.993,2000,6869.598,6099.574,2000,6835.997,5919.338,2000,6997.725,6390.858,2000,6198.929,5830.271,2000,7006.171,5816.711,2000,5786.653,6253.36,2000,5890.891,6061.246,2000,5863.577,5580.263,2000,6481.333,5483.51,2000,6700.413
6160.358,2000,5854.519,6313.531,2000,5971.844,5995.41,2000,6937.73,5425.092,2000,6781.643,5377.264,2000,6539.541,5670.1,2000,6870.333,6098.647,2000,6836.949,5919.459,2000,6999.048,6390.194,2000,6200.079,5831.038,2000,7007.256,5816.811,2000,5787.978,6253.093,2000,5892.192,6060.89,2000,5864.857,5580.61,2000,6481.91,5484.696,2000,6701.012
6160.132,2000,5855.415,6313.278,2000,5972.733,5994.939,2000,6938.526,5425.827,2000,6782.203,5377.945,2000,6540.165,5670.872,2000,6870.842,6098.005,2000,6837.613,5919.574,2000,6999.965,6389.732,2000,6200.88,5831.547,2000,7008.028,5816.882,2000,5788.899,6252.877,2000,5893.091,6060.671,2000,5865.755,5580.858,2000,6482.321,5485.507,2000,6701.455
6159.829,2000,5856.799,6312.936,2000,5974.108,5994.258,2000,6939.769,5426.981,2000,6783.025,5378.991,2000,6541.122,5672.057,2000,6871.619,6097.021,2000,6838.634,5919.796,2000,7001.365,6389.026,2000,6202.109,5832.288,2000,7009.236,5816.991,2000,5790.312,6252.501,2000,5894.458,6060.292,2000,5867.121,5581.248,2000,6482.962,5486.728,2000,6702.175
6159.578,2000,5858,6312.679,2000,5975.308,5993.703,2000,6940.863,5428.004,2000,6783.704,5379.897,2000,6541.949,5673.085,2000,6872.289,6096.172,2000,6839.52,5920.027,2000,7002.57,6388.415,2000,6203.173,5832.895,2000,7010.303,5817.087,2000,5791.535,6252.137,2000,5895.629,6060.002,2000,5868.313,5581.596,2000,6483.533,5487.764,2000,6702.833
6159.279,2000,5859.224,6312.375,2000,5976.531,5993.171,2000,6942.005,5429.076,2000,6784.366,5380.828,2000,6542.797,5674.142,2000,6872.975,6095.302,2000,6840.431,5920.305,2000,7003.798,6387.789,2000,6204.266,5833.482,2000,7011.417,5817.187,2000,5792.791,6251.803,2000,5896.844,6059.745,2000,5869.546,5581.962,2000,6484.132,5488.805,2000,6703.542
6159.07,2000,5859.974,6312.162,2000,5977.28,5992.865,2000,6942.721,5429.751,2000,6784.753,5381.405,2000,6543.32,5674.796,2000,6873.396,6094.767,2000,6840.996,5920.501,2000,7004.552,6387.402,2000,6204.941,5833.822,2000,7012.118,5817.249,2000,5793.567,6251.622,2000,5897.601,6059.611,2000,5870.313,5582.195,2000,6484.511,5489.433,2000,6704.002
6158.517,2000,5861.732,6311.601,2000,5979.036,5992.197,2000,6944.439,5431.379,2000,6785.617,5382.771,2000,6544.558,5676.348,2000,6874.392,6093.5,2000,6842.335,5921.025,2000,7006.319,6386.489,2000,6206.542,5834.572,2000,7013.801,5817.397,2000,5795.404,6251.25,2000,5899.407,6059.234,2000,5872.117,5582.755,2000,6485.422,5490.901,2000,6705.117
6158.297,2000,5862.521,6311.378,2000,5979.822,5991.926,2000,6945.21,5432.111,2000,6785.982,5383.378,2000,6545.105,5677.039,2000,6874.83,6092.941,2000,6842.932,5921.283,2000,7007.096,6386.084,2000,6207.253,5834.88,2000,7014.559,5817.465,2000,5796.219,6251.059,2000,5900.202,6059.041,2000,5872.912,5583.014,2000,6485.839,5491.554,2000,6705.61
6157.839,2000,5864.398,6310.911,2000,5981.698,5991.345,2000,6947.054,5433.813,2000,6786.9,5384.815,2000,6546.398,5678.673,2000,6875.861,6091.623,2000,6844.346,5921.952,2000,7008.909,6385.13,2000,6208.935,5835.549,2000,7016.373,5817.625,2000,5798.146,6250.546,2000,5902.066,6058.523,2000,5874.774,5583.637,2000,6486.841,5493.134,2000,6706.724
6157.548,2000,5865.788,6310.614,2000,5983.085,5990.963,2000,6948.421,5435.039,2000,6787.615,5385.871,2000,6547.347,5679.876,2000,6876.616,6090.658,2000,6845.387,5922.486,2000,7010.224,6384.431,2000,6210.17,5835.997,2000,7017.72,5817.745,2000,5799.56,6250.125,2000,5903.421,6058.099,2000,5876.129,5584.112,2000,6487.602,5494.32,2000,6707.504
6157.277,2000,5866.898,6310.338,2000,5984.194,5990.692,2000,6949.532,5436.007,2000,6788.222,5386.723,2000,6548.109,5680.847,2000,6877.219,6089.884,2000,6846.228,5922.942,2000,7011.272,6383.869,2000,6211.165,5836.322,2000,7018.815,5817.842,2000,5800.699,6249.822,2000,5904.523,6057.721,2000,5877.208,5584.505,2000,6488.23,5495.295,2000,6708.1
6156.798,2000,5868.617,6309.851,2000,5985.911,5990.325,2000,6951.278,5437.487,2000,6789.22,5388.054,2000,6549.297,5682.365,2000,6878.157,6088.679,2000,6847.544,5923.659,2000,7012.906,6382.993,2000,6212.72,5836.773,2000,7020.542,5817.996,2000,5802.477,6249.406,2000,5906.258,6057.188,2000,5878.91,5585.135,2000,6489.229,5496.847,2000,6708.98
6156.389,2000,5869.916,6309.522,2000,5987.232,5990.089,2000,6952.619,5438.59,2000,6790.017,5389.072,2000,6550.202,5683.526,2000,6878.868,6087.764,2000,6848.552,5924.21,2000,7014.151,6382.326,2000,6213.907,5837.074,2000,7021.87,5818.115,2000,5803.833,6249.131,2000,5907.592,6056.823,2000,5880.222,5585.632,2000,6490.015,5498.053,2000,6709.613
6155.944,2000,5871.51,6309.175,2000,5988.852,5989.855,2000,6954.258,5439.963,2000,6790.942,5390.311,2000,6551.3,5684.94,2000,6879.729,6086.654,2000,6849.781,5924.885,2000,7015.663,6381.517,2000,6215.351,5837.387,2000,7023.496,5818.261,2000,5805.482,6248.745,2000,5909.202,6056.432,2000,5881.831,5586.252,2000,6490.991,5499.493,2000,6710.43
6155.606,2000,5872.897,6308.921,2000,5990.257,5989.7,2000,6955.677,5441.173,2000,6791.701,5391.381,2000,6552.245,5686.163,2000,6880.466,6085.701,2000,6850.844,5925.471,2000,7016.965,6380.82,2000,6216.598,5837.61,2000,7024.906,5818.39,2000,5806.905,6248.366,2000,5910.579,6056.14,2000,5883.229,5586.804,2000,6491.855,5500.711,2000,6711.175
6155.255,2000,5874.573,6308.563,2000,5991.931,5989.569,2000,6957.385,5442.652,2000,6792.563,5392.667,2000,6553.376,5687.632,2000,6881.345,6084.563,2000,6852.124,5926.179,2000,7018.524,6379.986,2000,6218.093,5837.823,2000,7026.604,5818.545,2000,5808.61,6247.896,2000,5912.225,6055.846,2000,5884.916,5587.482,2000,6492.913,5502.142,2000,6712.116
6154.974,2000,5876.174,6308.17,2000,5993.508,5989.499,2000,6959.009,5444.029,2000,6793.427,5393.887,2000,6554.451,5689.027,2000,6882.179,6083.482,2000,6853.338,5926.855,2000,7020.002,6379.195,2000,6219.513,5837.973,2000,7028.223,5818.693,2000,5810.229,6247.501,2000,5913.802,6055.514,2000,5886.507,5588.144,2000,6493.943,5503.528,2000,6712.964
6154.64,2000,5877.769,6307.774,2000,5995.088,5989.481,2000,6960.637,5445.419,2000,6794.277,5395.109,2000,6555.527,5690.425,2000,6883.015,6082.399,2000,6854.555,5927.538,2000,7021.481,6378.402,2000,6220.936,5838.069,2000,7029.849,5818.841,2000,5811.851,6247.157,2000,5915.394,6055.129,2000,5888.089,5588.822,2000,6495,5504.908,2000,6713.83
6154.249,2000,5879.372,6307.425,2000,5996.702,5989.517,2000,6962.288,5446.817,2000,6795.154,5396.348,2000,6556.618,5691.842,2000,6883.862,6081.302,2000,6855.788,5928.233,2000,7022.979,6377.599,2000,6222.378,5838.112,2000,7031.499,5818.991,2000,5813.495,6246.862,2000,5917.018,6054.791,2000,5889.705,5589.524,2000,6496.094,5506.316,2000,6714.691
6153.977,2000,5880.347,6307.244,2000,5997.697,5989.572,2000,6963.298,5447.681,2000,6795.682,5397.107,2000,6557.286,5692.71,2000,6884.382,6080.63,2000,6856.544,5928.662,2000,7023.895,6377.106,2000,6223.262,5838.106,2000,7032.511,5819.083,2000,5814.502,6246.713,2000,5918.019,6054.551,2000,5890.688,5589.964,2000,6496.78,5507.173,2000,6715.229
6153.418,2000,5882.638,6306.898,2000,6000.03,5989.778,2000,6965.647,5449.678,2000,6796.936,5398.877,2000,6558.844,5694.733,2000,6885.592,6079.063,2000,6858.306,5929.664,2000,7026.03,6375.958,2000,6225.321,5838.014,2000,7034.867,5819.297,2000,5816.851,6246.291,2000,5920.338,6053.917,2000,5892.959,5591.002,2000,6498.397,5509.185,2000,6716.458
6153.187,2000,5883.646,6306.713,2000,6001.047,5989.902,2000,6966.673,5450.561,2000,6797.475,5399.653,2000,6559.527,5695.621,2000,6886.123,6078.375,2000,6859.078,5930.106,2000,7026.964,6375.455,2000,6226.225,5837.94,2000,7035.898,5819.391,2000,5817.88,6246.092,2000,5921.353,6053.672,2000,5893.964,5591.47,2000,6499.125,5510.061,2000,6717.008
6152.667,2000,5886.008,6306.248,2000,6003.421,5990.271,2000,6969.064,5452.609,2000,6798.761,5401.469,2000,6561.125,5697.696,2000,6887.365,6076.768,2000,6860.885,5931.143,2000,7029.15,6374.277,2000,6228.337,5837.688,2000,7038.304,5819.611,2000,5820.289,6245.604,2000,5923.722,6053.13,2000,5896.321,5592.575,2000,6500.848,5512.125,2000,6718.27
6152.442,2000,5887.044,6306.034,2000,6004.459,5990.466,2000,6970.105,5453.514,2000,6799.313,5402.264,2000,6561.826,5698.605,2000,6887.909,6076.063,2000,6861.677,5931.6,2000,7030.106,6373.762,2000,6229.263,5837.543,2000,7039.354,5819.707,2000,5821.344,6245.389,2000,5924.76,6052.903,2000,5897.356,5593.071,2000,6501.62,5513.022,2000,6718.833
6151.926,2000,5889.459,6305.532,2000,6006.877,5991.001,2000,6972.517,5455.606,2000,6800.626,5404.118,2000,6563.458,5700.726,2000,6889.177,6074.422,2000,6863.523,5932.666,2000,7032.334,6372.559,2000,6231.421,5837.125,2000,7041.789,5819.932,2000,5823.804,6244.877,2000,5927.176,6052.377,2000,5899.77,5594.238,2000,6503.438,5515.129,2000,6720.121
6151.549,2000,5891.211,6305.161,2000,6008.63,5991.447,2000,6974.252,5457.134,2000,6801.561,5405.463,2000,6564.642,5702.263,2000,6890.096,6073.231,2000,6864.861,5933.442,2000,7033.949,6371.687,2000,6232.986,5836.765,2000,7043.543,5820.095,2000,5825.588,6244.508,2000,5928.929,6052.002,2000,5901.522,5595.101,2000,6504.783,5516.647,2000,6721.073
6151.253,2000,5892.606,6304.867,2000,6010.026,5991.846,2000,6975.622,5458.343,2000,6802.319,5406.534,2000,6565.584,5703.487,2000,6890.829,6072.283,2000,6865.927,5934.062,2000,7035.234,6370.993,2000,6234.232,5836.433,2000,7044.931,5820.225,2000,5827.009,6244.21,2000,5930.324,6051.703,2000,5902.917,5595.798,2000,6505.869,5517.864,2000,6721.817
6150.791,2000,5894.768,6304.405,2000,6012.188,5992.534,2000,6977.723,5460.229,2000,6803.472,5408.192,2000,6567.045,5705.384,2000,6891.963,6070.814,2000,6867.579,5935.023,2000,7037.224,6369.917,2000,6236.163,5835.847,2000,7047.062,5820.425,2000,5829.21,6243.753,2000,5932.486,6051.244,2000,5905.079,5596.887,2000,6507.566,5519.736,2000,6722.992
6150.445,2000,5896.4,6304.06,2000,6013.82,5993.105,2000,6979.291,5461.642,2000,6804.359,5409.445,2000,6568.147,5706.816,2000,6892.82,6069.705,2000,6868.825,5935.75,2000,7038.726,6369.105,2000,6237.62,5835.353,2000,7048.656,5820.577,2000,5830.872,6243.405,2000,5934.118,6050.895,2000,5906.71,5597.721,2000,6508.864,5521.16,2000,6723.863
6150.024,2000,5898.368,6303.639,2000,6015.789,5993.855,2000,6981.159,5463.359,2000,6805.409,5410.956,2000,6569.478,5708.543,2000,6893.853,6068.367,2000,6870.329,5936.567,2000,7040.566,6368.125,2000,6239.378,5834.82,2000,7050.597,5820.76,2000,5832.877,6242.988,2000,5936.087,6050.478,2000,5908.68,5598.735,2000,6510.444,5522.865,2000,6724.933
6149.631,2000,5900.222,6303.247,2000,6017.643,5994.619,2000,6982.893,5464.965,2000,6806.417,5412.378,2000,6570.73,5710.17,2000,6894.826,6067.107,2000,6871.745,5937.279,2000,7042.322,6367.203,2000,6241.034,5834.378,2000,7052.439,5820.933,2000,5834.764,6242.591,2000,5937.94,6050.081,2000,5910.533,5599.699,2000,6511.946,5524.482,2000,6725.921
6149.313,2000,5901.709,6302.929,2000,6019.13,5995.277,2000,6984.265,5466.263,2000,6807.21,5413.52,2000,6571.735,5711.475,2000,6895.606,6066.096,2000,6872.882,5937.804,2000,7043.75,6366.462,2000,6242.362,5834.072,2000,7053.93,5821.071,2000,5836.279,6242.276,2000,5939.429,6049.766,2000,5912.021,5600.479,2000,6513.161,5525.771,2000,6726.73
6148.842,2000,5903.932,6302.458,2000,6021.352,5996.327,2000,6986.279,5468.187,2000,6808.417,5415.225,2000,6573.236,5713.424,2000,6896.772,6064.586,2000,6874.579,5938.518,2000,7045.906,6365.356,2000,6244.347,5833.688,2000,7056.168,5821.277,2000,5838.541,6241.801,2000,5941.65,6049.291,2000,5914.242,5601.649,2000,6514.985,5527.708,2000,6727.915
6148.52,2000,5905.44,6302.135,2000,6022.861,5997.083,2000,6987.624,5469.503,2000,6809.222,5416.382,2000,6574.255,5714.748,2000,6897.564,6063.561,2000,6875.732,5938.954,2000,7047.386,6364.605,2000,6245.694,5833.477,2000,7057.697,5821.417,2000,5840.077,6241.482,2000,5943.159,6048.972,2000,5915.751,5602.45,2000,6516.233,5529.015,2000,6728.735
6148.042,2000,5907.693,6301.658,2000,6025.114,5998.278,2000,6989.592,5471.454,2000,6810.446,5418.111,2000,6575.777,5716.725,2000,6898.747,6062.03,2000,6877.453,5939.533,2000,7049.615,6363.484,2000,6247.706,5833.236,2000,7059.987,5821.627,2000,5842.371,6241,2000,5945.411,6048.49,2000,5918.003,5603.651,2000,6518.104,5530.98,2000,6729.936
6147.636,2000,5909.594,6301.251,2000,6027.015,5999.341,2000,6991.22,5473.112,2000,6811.46,5419.57,2000,6577.061,5718.393,2000,6899.744,6060.738,2000,6878.905,5939.96,2000,7051.511,6362.538,2000,6249.404,5833.097,2000,7061.926,5821.804,2000,5844.306,6240.598,2000,5947.313,6048.087,2000,5919.905,5604.67,2000,6519.692,5532.626,2000,6730.969
6147.231,2000,5911.506,6300.847,2000,6028.926,6000.462,2000,6992.82,5474.768,2000,6812.499,5421.037,2000,6578.352,5720.069,2000,6900.747,6059.439,2000,6880.365,5940.327,2000,7053.43,6361.587,2000,6251.111,5833.021,2000,7063.879,5821.981,2000,5846.252,6240.189,2000,5949.223,6047.678,2000,5921.815,5605.699,2000,6521.295,5534.293,2000,6731.989
6146.982,2000,5912.668,6300.598,2000,6030.088,6001.175,2000,6993.771,5475.782,2000,6813.119,5421.929,2000,6579.137,5721.089,2000,6901.357,6058.649,2000,6881.253,5940.512,2000,7054.604,6361.008,2000,6252.149,5833.014,2000,7065.067,5822.089,2000,5847.436,6239.943,2000,5950.386,6047.432,2000,5922.978,5606.327,2000,6522.274,5535.3,2000,6732.621
6146.412,2000,5915.365,6300.027,2000,6032.786,6002.901,2000,6995.921,5478.117,2000,6814.584,5423.998,2000,6580.959,5723.456,2000,6902.772,6056.817,2000,6883.313,5940.851,2000,7057.34,6359.666,2000,6254.557,5833.086,2000,7067.824,5822.34,2000,5850.181,6239.366,2000,5953.082,6046.855,2000,5925.674,5607.787,2000,6524.548,5537.652,2000,6734.059
6146.16,2000,5916.542,6299.776,2000,6033.962,6003.685,2000,6996.834,5479.144,2000,6815.212,5424.901,2000,6581.754,5724.488,2000,6903.39,6056.017,2000,6884.212,5940.96,2000,7058.539,6359.081,2000,6255.608,5833.158,2000,7069.025,5822.449,2000,5851.379,6239.117,2000,5954.259,6046.606,2000,5926.852,5608.427,2000,6525.544,5538.671,2000,6734.699
6145.584,2000,5919.27,6299.194,2000,6036.688,6005.569,2000,6998.889,5481.509,2000,6816.688,5427.052,2000,6583.526,5726.926,2000,6904.742,6054.233,2000,6886.354,5941.122,2000,7061.321,6357.804,2000,6258.086,5833.414,2000,7071.801,5822.793,2000,5854.146,6238.534,2000,5956.985,6046.029,2000,5929.579,5609.985,2000,6527.807,5541.049,2000,6736.154
6145.167,2000,5921.235,6298.769,2000,6038.653,6006.975,2000,7000.325,5483.227,2000,6817.731,5428.627,2000,6584.774,5728.715,2000,6905.659,6052.999,2000,6887.94,5941.172,2000,7063.331,6356.891,2000,6259.876,5833.664,2000,7073.795,5823.049,2000,5856.139,6238.115,2000,5958.951,6045.62,2000,5931.546,5611.165,2000,6529.404,5542.754,2000,6737.218
6144.839,2000,5922.796,6298.433,2000,6040.212,6008.127,2000,7001.428,5484.583,2000,6818.569,5429.88,2000,6585.762,5730.157,2000,6906.339,6052.061,2000,6889.23,5941.16,2000,7064.925,6356.169,2000,6261.299,5833.914,2000,7075.37,5823.255,2000,5857.721,6237.78,2000,5960.51,6045.294,2000,5933.108,5612.11,2000,6530.669,5544.117,2000,6738.047
6144.331,2000,5925.204,6297.911,2000,6042.617,6009.959,2000,7003.07,5486.69,2000,6819.842,5431.817,2000,6587.28,5732.412,2000,6907.327,6050.679,2000,6891.267,5941.061,2000,7067.384,6355.058,2000,6263.495,5834.22,2000,7077.812,5823.577,2000,5860.161,6237.267,2000,5962.917,6044.795,2000,5935.518,5613.577,2000,6532.618,5546.21,2000,6739.341
6143.912,2000,5927.202,6297.481,2000,6044.612,6011.523,2000,7004.382,5488.43,2000,6820.909,5433.425,2000,6588.537,5734.284,2000,6908.138,6049.589,2000,6892.992,5940.912,2000,7069.419,6354.139,2000,6265.317,5834.407,2000,7079.844,5823.846,2000,5862.184,6236.839,2000,5964.913,6044.379,2000,5937.516,5614.798,2000,6534.234,5547.956,2000,6740.397
6143.571,2000,5928.82,6297.13,2000,6046.228,6012.824,2000,7005.403,5489.849,2000,6821.759,5434.73,2000,6589.552,5735.805,2000,6908.788,6048.752,2000,6894.418,5940.738,2000,7071.064,6353.397,2000,6266.795,5834.505,2000,7081.495,5824.067,2000,5863.823,6236.495,2000,5966.53,6044.046,2000,5939.136,5615.794,2000,6535.542,5549.366,2000,6741.262
6143.068,2000,5931.228,6296.614,2000,6048.633,6014.808,2000,7006.857,5491.949,2000,6823.039,5436.676,2000,6591.057,5738.072,2000,6909.743,6047.577,2000,6896.58,5940.398,2000,7073.5,6352.297,2000,6268.995,5834.57,2000,7083.954,5824.4,2000,5866.26,6235.979,2000,5968.936,6043.545,2000,5941.544,5617.282,2000,6537.484,5551.476,2000,6742.527
6142.642,2000,5933.255,6296.176,2000,6050.658,6016.518,2000,7008.026,5493.729,2000,6824.097,5438.317,2000,6592.321,5739.984,2000,6910.54,6046.648,2000,6898.431,5940.046,2000,7075.542,6351.374,2000,6270.849,5834.557,2000,7086.025,5824.683,2000,5868.312,6235.55,2000,5970.962,6043.128,2000,5943.573,5618.54,2000,6539.118,5553.244,2000,6743.605
6142.343,2000,5934.689,6295.867,2000,6052.09,6017.754,2000,7008.813,5494.985,2000,6824.854,5439.48,2000,6593.212,5741.34,2000,6911.096,6046.034,2000,6899.761,5939.844,2000,7076.993,6350.723,2000,6272.162,5834.5,2000,7087.49,5824.886,2000,5869.763,6235.244,2000,5972.395,6042.833,2000,5945.009,5619.435,2000,6540.271,5554.503,2000,6744.354
6141.791,2000,5937.332,6295.299,2000,6054.729,6020.078,2000,7010.188,5497.308,2000,6826.228,5441.626,2000,6594.849,5743.842,2000,6912.108,6044.983,2000,6902.248,5939.559,2000,7079.678,6349.527,2000,6274.583,5834.306,2000,7090.182,5825.264,2000,5872.436,6234.684,2000,5975.036,6042.289,2000,5947.653,5621.09,2000,6542.392,5556.815,2000,6745.748
6141.363,2000,5939.385,6294.86,2000,6056.78,6021.917,2000,7011.197,5499.108,2000,6827.304,5443.297,2000,6596.117,5745.79,2000,6912.885,6044.23,2000,6904.206,5939.406,2000,7081.77,6348.602,2000,6276.464,5834.121,2000,7092.271,5825.562,2000,5874.512,6234.248,2000,5977.087,6041.866,2000,5949.707,5622.382,2000,6544.037,5558.62,2000,6746.816
6140.935,2000,5941.443,6294.419,2000,6058.835,6023.792,2000,7012.146,5500.921,2000,6828.368,5444.974,2000,6597.384,5747.746,2000,6913.657,6043.541,2000,6906.191,5939.322,2000,7083.87,6347.676,2000,6278.352,5834.004,2000,7094.37,5825.862,2000,5876.593,6233.813,2000,5979.144,6041.444,2000,5951.766,5623.682,2000,6545.683,5560.424,2000,6747.895
6140.598,2000,5943.072,6294.071,2000,6060.462,6025.25,2000,7012.946,5502.353,2000,6829.215,5446.303,2000,6598.383,5749.296,2000,6914.258,6043.046,2000,6907.779,5939.309,2000,7085.533,6346.947,2000,6279.847,5833.966,2000,7096.032,5826.104,2000,5878.238,6233.469,2000,5980.771,6041.112,2000,5953.396,5624.715,2000,6546.981,5561.858,2000,6748.738
6140.077,2000,5945.585,6293.535,2000,6062.972,6027.458,2000,7014.253,5504.569,2000,6830.509,5448.359,2000,6599.921,5751.694,2000,6915.175,6042.364,2000,6910.254,5939.374,2000,7088.1,6345.825,2000,6282.156,5833.985,2000,7098.599,5826.479,2000,5880.777,6232.939,2000,5983.283,6040.598,2000,5955.911,5626.316,2000,6548.982,5564.067,2000,6750.045
6139.687,2000,5947.47,6293.134,2000,6064.854,6029.082,2000,7015.287,5506.229,2000,6831.481,5449.902,2000,6601.069,5753.495,2000,6915.853,6041.914,2000,6912.125,5939.485,2000,7090.021,6344.987,2000,6283.888,5834.062,2000,7100.521,5826.765,2000,5882.68,6232.542,2000,5985.166,6040.214,2000,5957.796,5627.522,2000,6550.479,5565.729,2000,6751.015
6139.22,2000,5949.729,6292.654,2000,6067.11,6030.986,2000,7016.589,5508.226,2000,6832.638,5451.756,2000,6602.442,5755.658,2000,6916.654,6041.448,2000,6914.384,5939.694,2000,7092.318,6343.986,2000,6285.966,5834.229,2000,7102.822,5827.11,2000,5884.961,6232.068,2000,5987.423,6039.753,2000,5960.056,5628.974,2000,6552.268,5567.719,2000,6752.182
6138.782,2000,5951.848,6292.205,2000,6069.227,6032.73,2000,7017.868,5510.096,2000,6833.725,5453.498,2000,6603.726,5757.689,2000,6917.398,6041.08,2000,6916.516,5939.96,2000,7094.465,6343.05,2000,6287.917,5834.457,2000,7104.974,5827.438,2000,5887.099,6231.623,2000,5989.541,6039.321,2000,5962.176,5630.339,2000,6553.943,5569.591,2000,6753.266
6138.489,2000,5953.55,6291.846,2000,6070.917,6034.089,2000,7018.935,5511.595,2000,6834.584,5454.891,2000,6604.747,5759.314,2000,6917.982,6040.842,2000,6918.227,5940.229,2000,7096.171,6342.306,2000,6289.475,5834.695,2000,7106.685,5827.702,2000,5888.806,6231.268,2000,5991.231,6038.92,2000,5963.856,5631.435,2000,6555.276,5571.084,2000,6754.134
6137.97,2000,5956.061,6291.315,2000,6073.425,6036.054,2000,7020.583,5513.816,2000,6835.865,5456.963,2000,6606.257,5761.732,2000,6918.837,6040.573,2000,6920.777,5940.71,2000,7098.69,6341.205,2000,6291.791,5835.131,2000,7109.211,5828.1,2000,5891.339,6230.783,2000,5993.75,6038.408,2000,5966.369,5633.068,2000,6557.251,5573.309,2000,6755.41
6137.552,2000,5958.177,6290.903,2000,6075.542,6037.661,2000,7022.022,5515.691,2000,6836.931,5458.709,2000,6607.524,5763.769,2000,6919.546,6040.276,2000,6922.914,5941.107,2000,7100.81,6340.282,2000,6293.741,5835.567,2000,7111.324,5828.438,2000,5893.47,6230.342,2000,5995.861,6037.979,2000,5968.483,5634.448,2000,6558.908,5575.178,2000,6756.487
6137.119,2000,5960.291,6290.458,2000,6077.654,6039.22,2000,7023.514,5517.564,2000,6838.002,5460.458,2000,6608.788,5765.809,2000,6920.249,6039.909,2000,6925.04,5941.573,2000,7102.917,6339.36,2000,6295.692,5836.003,2000,7113.437,5828.778,2000,5895.601,6229.926,2000,5997.978,6037.568,2000,5970.602,5635.831,2000,6560.563,5577.054,2000,6757.554
6136.869,2000,5961.577,6290.201,2000,6078.938,6040.136,2000,7024.45,5518.707,2000,6838.642,5461.522,2000,6609.552,5767.05,2000,6920.666,6039.645,2000,6926.323,5941.868,2000,7104.193,6338.804,2000,6296.877,5836.31,2000,7114.71,5828.987,2000,5896.894,6229.659,2000,5999.26,6037.312,2000,5971.886,5636.675,2000,6561.563,5578.191,2000,6758.204
6136.267,2000,5964.541,6289.581,2000,6081.898,6042.18,2000,7026.679,5521.337,2000,6840.136,5463.984,2000,6611.309,5769.922,2000,6921.616,6038.937,2000,6929.264,5942.606,2000,7107.126,6337.524,2000,6299.618,5837.031,2000,7117.647,5829.476,2000,5899.878,6229.074,2000,6002.228,6036.742,2000,5974.856,5638.632,2000,6563.868,5580.83,2000,6759.682
6135.853,2000,5966.674,6289.156,2000,6084.029,6043.595,2000,7028.328,5523.237,2000,6841.191,5465.755,2000,6612.568,5771.988,2000,6922.29,6038.36,2000,6931.358,5943.154,2000,7109.229,6336.606,2000,6301.587,5837.6,2000,7119.745,5829.83,2000,5902.022,6228.634,2000,6004.356,6036.316,2000,5976.987,5640.043,2000,6565.52,5582.719,2000,6760.755
6135.513,2000,5968.355,6288.806,2000,6085.708,6044.668,2000,7029.666,5524.732,2000,6842.03,5467.156,2000,6613.557,5773.622,2000,6922.811,6037.851,2000,6932.996,5943.634,2000,7110.875,6335.886,2000,6303.144,5838.07,2000,7121.394,5830.113,2000,5903.714,6228.303,2000,6006.039,6035.997,2000,5978.672,5641.162,2000,6566.819,5584.218,2000,6761.588
6135.014,2000,5970.95,6288.292,2000,6088.3,6046.254,2000,7031.779,5527.046,2000,6843.307,5469.318,2000,6615.076,5776.144,2000,6923.602,6036.983,2000,6935.492,5944.39,2000,7113.407,6334.779,2000,6305.543,5838.848,2000,7123.919,5830.553,2000,5906.319,6227.771,2000,6008.627,6035.481,2000,5981.264,5642.891,2000,6568.816,5586.523,2000,6762.881
6134.623,2000,5972.891,6287.89,2000,6090.239,6047.391,2000,7033.401,5528.777,2000,6844.268,5470.941,2000,6616.21,5778.036,2000,6924.183,6036.273,2000,6937.34,5945.003,2000,7115.29,6333.953,2000,6307.342,5839.453,2000,7125.804,5830.887,2000,5908.271,6227.392,2000,6010.57,6035.113,2000,5983.21,5644.192,2000,6570.308,5588.257,2000,6763.837
6134.178,2000,5975.214,6287.432,2000,6092.56,6048.684,2000,7035.382,5530.853,2000,6845.403,5472.884,2000,6617.56,5780.301,2000,6924.867,6035.352,2000,6939.52,5945.756,2000,7117.533,6332.969,2000,6309.494,5840.224,2000,7128.041,5831.289,2000,5910.603,6226.918,2000,6012.888,6034.654,2000,5985.531,5645.753,2000,6572.085,5590.325,2000,6764.985
6133.782,2000,5977.188,6287.025,2000,6094.531,6049.728,2000,7037.103,5532.617,2000,6846.373,5474.541,2000,6618.704,5782.231,2000,6925.438,6034.508,2000,6941.347,5946.443,2000,7119.425,6332.135,2000,6311.326,5840.903,2000,7129.936,5831.635,2000,5912.585,6226.534,2000,6014.864,6034.282,2000,5987.509,5647.086,2000,6573.593,5592.091,2000,6765.951
6133.338,2000,5979.521,6286.568,2000,6096.861,6050.893,2000,7039.172,5534.705,2000,6847.504,5476.498,2000,6620.048,5784.512,2000,6926.098,6033.443,2000,6943.47,5947.276,2000,7121.649,6331.155,2000,6313.489,5841.751,2000,7132.154,5832.047,2000,5914.924,6226.061,2000,6017.191,6033.823,2000,5989.839,5648.666,2000,6575.366,5594.172,2000,6767.094
6132.904,2000,5981.697,6286.122,2000,6099.036,6051.918,2000,7041.141,5536.654,2000,6848.565,5478.33,2000,6621.301,5786.646,2000,6926.706,6032.383,2000,6945.419,5948.1,2000,7123.709,6330.242,2000,6315.512,5842.567,2000,7134.218,5832.435,2000,5917.109,6225.639,2000,6019.37,6033.415,2000,5992.021,5650.146,2000,6577.019,5596.124,2000,6768.151
6132.58,2000,5983.409,6285.787,2000,6100.746,6052.672,2000,7042.711,5538.19,2000,6849.388,5479.771,2000,6622.28,5788.325,2000,6927.173,6031.501,2000,6946.922,5948.772,2000,7125.317,6329.528,2000,6317.101,5843.252,2000,7135.82,5832.743,2000,5918.824,6225.293,2000,6021.078,6033.082,2000,5993.731,5651.313,2000,6578.313,5597.655,2000,6768.984
6132.096,2000,5985.86,6285.289,2000,6103.194,6053.679,2000,7044.998,5540.389,2000,6850.574,5481.842,2000,6623.679,5790.736,2000,6927.83,6030.167,2000,6949.035,5949.785,2000,7127.601,6328.508,2000,6319.382,5844.253,2000,7138.109,5833.189,2000,5921.283,6224.821,2000,6023.532,6032.625,2000,5996.188,5652.994,2000,6580.162,5599.858,2000,6770.163
6131.711,2000,5987.902,6284.892,2000,6105.233,6054.454,2000,7046.926,5542.225,2000,6851.546,5483.565,2000,6624.839,5792.742,2000,6928.369,6029,2000,6950.754,5950.648,2000,7129.49,6327.662,2000,6321.279,5845.133,2000,7139.991,5833.563,2000,5923.326,6224.412,2000,6025.568,6032.229,2000,5998.227,5654.394,2000,6581.696,5601.687,2000,6771.148
6131.428,2000,5989.345,6284.6,2000,6106.674,6054.957,2000,7048.308,5543.501,2000,6852.277,5484.788,2000,6625.656,5794.165,2000,6928.741,6028.135,2000,6951.943,5951.303,2000,7130.808,6327.066,2000,6322.624,5845.781,2000,7141.312,5833.83,2000,5924.772,6224.135,2000,6027.013,6031.964,2000,5999.674,5655.39,2000,6582.778,5603.003,2000,6771.804
6130.996,2000,5992.014,6284.087,2000,6109.329,6055.798,2000,7050.877,5545.89,2000,6853.543,5487.04,2000,6627.153,5796.784,2000,6929.411,6026.617,2000,6954.181,5952.526,2000,7133.219,6325.974,2000,6325.097,5847.021,2000,7143.714,5834.326,2000,5927.43,6223.606,2000,6029.665,6031.391,2000,6002.316,5657.228,2000,6584.761,5605.383,2000,6773.086
6130.593,2000,5994.074,6283.674,2000,6111.387,6056.386,2000,7052.892,5547.742,2000,6854.531,5488.79,2000,6628.31,5798.82,2000,6929.92,6025.496,2000,6955.955,5953.52,2000,7135.067,6325.13,2000,6327.019,5848.007,2000,7145.567,5834.715,2000,5929.493,6223.264,2000,6031.735,6031.012,2000,6004.38,5658.66,2000,6586.295,5607.238,2000,6774.068
6130.233,2000,5996.147,6283.327,2000,6113.463,6056.909,2000,7054.931,5549.606,2000,6855.507,5490.548,2000,6629.467,5800.864,2000,6930.422,6024.431,2000,6957.771,5954.541,2000,7136.908,6324.286,2000,6328.946,5849.041,2000,7147.401,5835.107,2000,5931.561,6222.852,2000,6033.799,6030.616,2000,6006.447,5660.1,2000,6587.83,5609.096,2000,6775.058
6129.895,2000,5997.777,6282.999,2000,6115.095,6057.27,2000,7056.556,5551.08,2000,6856.282,5491.942,2000,6630.377,5802.483,2000,6930.809,6023.636,2000,6959.233,5955.389,2000,7138.34,6323.621,2000,6330.473,5849.884,2000,7148.836,5835.421,2000,5933.195,6222.58,2000,6035.441,6030.338,2000,6008.088,5661.244,2000,6589.04,5610.571,2000,6775.83
6129.456,2000,6000.308,6282.575,2000,6117.628,6057.744,2000,7059.08,5553.359,2000,6857.464,5494.094,2000,6631.778,5804.983,2000,6931.395,6022.484,2000,6961.528,5956.721,2000,7140.535,6322.598,2000,6332.828,5851.228,2000,7151.024,5835.908,2000,5935.717,6222.078,2000,6037.96,6029.828,2000,6010.605,5663.013,2000,6590.9,5612.844,2000,6777.023
6129.116,2000,6001.946,6282.246,2000,6119.269,6057.999,2000,7060.734,5554.845,2000,6858.233,5495.5,2000,6632.686,5806.615,2000,6931.765,6021.783,2000,6963.047,5957.628,2000,7141.941,6321.934,2000,6334.364,5852.131,2000,7152.433,5836.229,2000,5937.359,6221.805,2000,6039.611,6029.549,2000,6012.255,5664.171,2000,6592.108,5614.33,2000,6777.793
6128.674,2000,6004.493,6281.819,2000,6121.818,6058.308,2000,7063.3,5557.145,2000,6859.414,5497.674,2000,6634.083,5809.138,2000,6932.325,6020.777,2000,6965.428,5959.055,2000,7144.097,6320.913,2000,6336.738,5853.567,2000,7154.582,5836.729,2000,5939.895,6221.299,2000,6042.146,6029.035,2000,6014.788,5665.966,2000,6593.968,5616.625,2000,6778.98
6128.28,2000,6006.389,6281.438,2000,6123.717,6058.477,2000,7065.229,5558.869,2000,6860.295,5499.307,2000,6635.125,5811.032,2000,6932.734,6020.082,2000,6967.236,5960.162,2000,7145.686,6320.151,2000,6338.519,5854.671,2000,7156.174,5837.106,2000,5941.795,6220.983,2000,6044.057,6028.711,2000,6016.697,5667.316,2000,6595.357,5618.349,2000,6779.864
6127.884,2000,6008.674,6281.049,2000,6126.003,6058.604,2000,7067.545,5560.942,2000,6861.334,5501.265,2000,6636.369,5813.301,2000,6933.211,6019.321,2000,6969.427,5961.549,2000,7147.544,6319.242,2000,6340.652,5856.054,2000,7158.036,5837.563,2000,5944.069,6220.529,2000,6046.331,6028.26,2000,6018.972,5668.938,2000,6597.014,5620.415,2000,6780.917
6127.504,2000,6010.612,6280.657,2000,6127.938,6058.647,2000,7069.52,5562.711,2000,6862.213,5502.936,2000,6637.422,5815.236,2000,6933.606,6018.734,2000,6971.313,5962.782,2000,7149.088,6318.471,2000,6342.471,5857.283,2000,7159.582,5837.955,2000,5946.004,6220.194,2000,6048.277,6027.939,2000,6020.921,5670.325,2000,6598.42,5622.182,2000,6781.8
6127.121,2000,6012.912,6280.253,2000,6130.234,6058.623,2000,7071.851,5564.806,2000,6863.236,5504.911,2000,6638.661,5817.523,2000,6934.06,6018.115,2000,6973.56,5964.295,2000,7150.861,6317.564,2000,6344.619,5858.792,2000,7161.358,5838.421,2000,5948.289,6219.739,2000,6050.563,6027.51,2000,6023.212,5671.968,2000,6600.074,5624.271,2000,6782.834
6126.691,2000,6015.058,6279.819,2000,6132.38,6058.527,2000,7074.037,5566.776,2000,6864.189,5506.768,2000,6639.818,5819.672,2000,6934.473,6017.603,2000,6975.688,5965.771,2000,7152.478,6316.716,2000,6346.637,5860.263,2000,7162.979,5838.864,2000,5950.432,6219.382,2000,6052.723,6027.167,2000,6025.374,5673.516,2000,6601.622,5626.238,2000,6783.793
6126.335,2000,6017.197,6279.46,2000,6134.518,6058.362,2000,7076.199,5568.697,2000,6865.196,5508.611,2000,6640.961,5821.803,2000,6934.874,6017.165,2000,6977.812,5967.283,2000,7154.032,6315.879,2000,6348.637,5861.772,2000,7164.536,5839.305,2000,5952.555,6218.959,2000,6054.85,6026.762,2000,6027.504,5675.054,2000,6603.15,5628.217,2000,6784.679
6126.034,2000,6018.701,6279.156,2000,6136.021,6058.196,2000,7077.724,5570.078,2000,6865.864,5509.917,2000,6641.765,5823.313,2000,6935.146,6016.904,2000,6979.323,5968.389,2000,7155.095,6315.29,2000,6350.053,5862.875,2000,7165.602,5839.62,2000,5954.056,6218.709,2000,6056.363,6026.524,2000,6029.019,5676.146,2000,6604.227,5629.595,2000,6785.351
6125.571,2000,6021.48,6278.689,2000,6138.801,6057.798,2000,7080.514,5572.62,2000,6867.08,5512.32,2000,6643.238,5826.088,2000,6935.636,6016.516,2000,6982.114,5970.482,2000,7156.981,6314.21,2000,6352.656,5864.965,2000,7167.493,5840.203,2000,5956.813,6218.159,2000,6059.127,6025.997,2000,6031.788,5678.159,2000,6606.199,5632.133,2000,6786.576
6125.269,2000,6022.991,6278.384,2000,6140.311,6057.531,2000,7082.031,5574.017,2000,6867.73,5513.636,2000,6644.038,5827.607,2000,6935.893,6016.354,2000,6983.646,5971.66,2000,7157.974,6313.623,2000,6354.08,5866.14,2000,7168.488,5840.524,2000,5958.32,6217.908,2000,6060.647,6025.758,2000,6033.31,5679.264,2000,6607.272,5633.524,2000,6787.238
6124.622,2000,6025.75,6277.913,2000,6143.105,6056.948,2000,7084.804,5576.584,2000,6868.929,5516.061,2000,6645.505,5830.403,2000,6936.353,6015.965,2000,6986.453,5973.885,2000,7159.729,6312.546,2000,6356.701,5868.361,2000,7170.248,5841.12,2000,5961.09,6217.538,2000,6063.456,6025.228,2000,6036.093,5681.302,2000,6609.241,5636.094,2000,6788.433
6124.318,2000,6027.267,6277.706,2000,6144.639,6056.581,2000,7086.307,5577.996,2000,6869.563,5517.387,2000,6646.301,5831.931,2000,6936.593,6015.732,2000,6987.983,5975.131,2000,7160.647,6311.961,2000,6358.134,5869.604,2000,7171.169,5841.449,2000,5962.602,6217.285,2000,6064.982,6024.888,2000,6037.603,5682.42,2000,6610.311,5637.497,2000,6789.085
6123.851,2000,6030.074,6277.418,2000,6147.469,6055.815,2000,7089.047,5580.584,2000,6870.744,5519.831,2000,6647.758,5834.744,2000,6937.019,6015.212,2000,6990.78,5977.475,2000,7162.259,6310.891,2000,6360.77,5871.945,2000,7172.787,5842.059,2000,5965.381,6216.729,2000,6067.773,6024.174,2000,6040.357,5684.483,2000,6612.27,5640.092,2000,6790.25
6123.418,2000,6032.234,6277.124,2000,6149.653,6055.292,2000,7091.187,5582.603,2000,6871.627,5521.727,2000,6648.881,5836.924,2000,6937.335,6014.738,2000,6992.932,5979.249,2000,7163.566,6310.065,2000,6362.812,5873.798,2000,7173.979,5842.535,2000,5967.533,6216.37,2000,6069.947,6023.691,2000,6042.506,5686.087,2000,6613.781,5642.098,2000,6791.162
6123.002,2000,6034.402,6276.757,2000,6151.83,6054.837,2000,7093.348,5584.621,2000,6872.522,5523.629,2000,6650.002,5839.111,2000,6937.643,6014.289,2000,6995.094,5980.982,2000,7164.933,6309.24,2000,6364.86,5875.63,2000,7175.211,5843.015,2000,5969.688,6216.005,2000,6072.125,6023.278,2000,6044.675,5687.698,2000,6615.291,5644.121,2000,6792.046
6122.701,2000,6036.116,6276.462,2000,6153.545,6054.536,2000,7095.062,5586.224,2000,6873.202,5525.131,2000,6650.881,5840.836,2000,6937.874,6013.991,2000,6996.808,5982.313,2000,7166.055,6308.594,2000,6366.476,5877.053,2000,7176.213,5843.397,2000,5971.386,6215.698,2000,6073.837,6022.971,2000,6046.388,5688.974,2000,6616.475,5645.712,2000,6792.75
6122.231,2000,6038.764,6275.979,2000,6156.19,6054.156,2000,7097.724,5588.691,2000,6874.27,5527.456,2000,6652.233,5843.503,2000,6938.217,6013.601,2000,6999.469,5984.311,2000,7167.854,6307.598,2000,6368.974,5879.201,2000,7177.832,5843.992,2000,5974.008,6215.238,2000,6076.487,6022.526,2000,6049.04,5690.95,2000,6618.299,5648.189,2000,6793.798
6121.943,2000,6040.487,6275.674,2000,6157.91,6053.966,2000,7099.46,5590.307,2000,6874.933,5528.969,2000,6653.106,5845.237,2000,6938.428,6013.404,2000,7001.204,5985.57,2000,7169.065,6306.955,2000,6370.598,5880.561,2000,7178.928,5844.382,2000,5975.711,6214.93,2000,6078.206,6022.242,2000,6050.763,5692.239,2000,6619.478,5649.792,2000,6794.49
6121.49,2000,6043.147,6275.191,2000,6160.565,6053.761,2000,7102.15,5592.792,2000,6875.983,5531.309,2000,6654.449,5847.917,2000,6938.742,6013.188,2000,7003.894,5987.452,2000,7170.999,6305.965,2000,6373.108,5882.605,2000,7180.688,5844.988,2000,5978.34,6214.471,2000,6080.865,6021.816,2000,6053.427,5694.235,2000,6621.292,5652.289,2000,6795.514
6121.208,2000,6044.878,6274.887,2000,6162.292,6053.685,2000,7103.903,5594.423,2000,6876.631,5532.833,2000,6655.316,5849.66,2000,6938.934,6013.104,2000,7005.646,5988.634,2000,7172.295,6305.325,2000,6374.741,5883.896,2000,7181.876,5845.386,2000,5980.048,6214.168,2000,6082.593,6021.542,2000,6055.16,5695.539,2000,6622.466,5653.905,2000,6796.195
6120.768,2000,6047.549,6274.413,2000,6164.958,6053.655,2000,7106.61,5596.925,2000,6877.664,5535.189,2000,6656.649,5852.353,2000,6939.216,6013.064,2000,7008.353,5990.392,2000,7174.354,6304.342,2000,6377.263,5885.827,2000,7183.773,5846.005,2000,5982.684,6213.716,2000,6085.262,6021.126,2000,6057.835,5697.557,2000,6624.27,5656.421,2000,6797.195
6120.448,2000,6049.552,6274.067,2000,6166.956,6053.7,2000,7108.637,5598.816,2000,6878.395,5536.958,2000,6657.642,5854.371,2000,6939.414,6013.101,2000,7010.38,5991.657,2000,7175.938,6303.609,2000,6379.154,5887.226,2000,7185.241,5846.472,2000,5984.657,6213.374,2000,6087.26,6020.817,2000,6059.839,5699.075,2000,6625.615,5658.296,2000,6797.966
6120.064,2000,6051.945,6273.652,2000,6169.344,6053.832,2000,7111.057,5601.065,2000,6879.298,5539.074,2000,6658.823,5856.784,2000,6939.637,6013.224,2000,7012.801,5993.107,2000,7177.88,6302.737,2000,6381.416,5888.84,2000,7187.049,5847.036,2000,5987.014,6212.977,2000,6089.651,6020.456,2000,6062.235,5700.895,2000,6627.215,5660.557,2000,6798.841
6119.714,2000,6054.189,6273.273,2000,6171.583,6054.03,2000,7113.319,5603.19,2000,6880.1,5541.061,2000,6659.923,5859.047,2000,6939.832,6013.414,2000,7015.064,5994.405,2000,7179.744,6301.924,2000,6383.536,5890.297,2000,7188.792,5847.568,2000,5989.222,6212.604,2000,6091.892,6020.116,2000,6064.481,5702.606,2000,6628.708,5662.665,2000,6799.686
6119.368,2000,6056.41,6272.896,2000,6173.799,6054.3,2000,7115.551,5605.285,2000,6880.916,5543.03,2000,6661.008,5861.287,2000,6940.016,6013.674,2000,7017.297,5995.629,2000,7181.629,6301.122,2000,6385.636,5891.681,2000,7190.563,5848.097,2000,5991.407,6212.243,2000,6094.11,6019.792,2000,6066.705,5704.305,2000,6630.182,5664.768,2000,6800.479
6119.131,2000,6057.981,6272.634,2000,6175.366,6054.542,2000,7117.121,5606.779,2000,6881.458,5544.425,2000,6661.769,5862.872,2000,6940.133,6013.91,2000,7018.868,5996.45,2000,7182.99,6300.559,2000,6387.122,5892.63,2000,7191.837,5848.476,2000,5992.95,6211.989,2000,6095.679,6019.568,2000,6068.278,5705.511,2000,6631.216,5666.249,2000,6801.054
6118.65,2000,6061.181,6272.108,2000,6178.559,6055.139,2000,7120.301,5609.803,2000,6882.609,5547.269,2000,6663.313,5866.099,2000,6940.359,6014.492,2000,7022.051,5998.031,2000,7185.813,6299.416,2000,6390.149,5894.477,2000,7194.494,5849.25,2000,5996.091,6211.482,2000,6098.875,6019.109,2000,6071.481,5707.972,2000,6633.316,5669.291,2000,6802.159
6118.438,2000,6062.624,6271.873,2000,6179.998,6055.455,2000,7121.725,5611.18,2000,6883.088,5548.553,2000,6664.003,5867.555,2000,6940.451,6014.801,2000,7023.477,5998.701,2000,7187.108,6298.904,2000,6391.515,5895.274,2000,7195.714,5849.603,2000,5997.506,6211.255,2000,6100.315,6018.915,2000,6072.927,5709.086,2000,6634.257,5670.654,2000,6802.676
6118.048,2000,6065.335,6271.44,2000,6182.703,6056.135,2000,7124.378,5613.749,2000,6884.04,5550.968,2000,6665.294,5870.289,2000,6940.607,6015.468,2000,7026.133,5999.88,2000,7189.58,6297.948,2000,6394.082,5896.697,2000,7198.055,5850.271,2000,6000.163,6210.836,2000,6103.021,6018.539,2000,6075.64,5711.185,2000,6636.016,5673.24,2000,6803.577
6117.726,2000,6067.579,6271.085,2000,6184.941,6056.77,2000,7126.554,5615.896,2000,6884.767,5552.971,2000,6666.356,5872.553,2000,6940.724,6016.092,2000,7028.312,6000.788,2000,7191.657,6297.161,2000,6396.207,5897.811,2000,7200.029,5850.827,2000,6002.36,6210.496,2000,6105.263,6018.239,2000,6077.886,5712.928,2000,6637.464,5675.366,2000,6804.363
6117.411,2000,6069.823,6270.738,2000,6187.181,6057.475,2000,7128.708,5618.028,2000,6885.532,5554.976,2000,6667.412,5874.816,2000,6940.826,6016.787,2000,7030.469,6001.627,2000,7193.762,6296.378,2000,6398.333,5898.859,2000,7202.038,5851.388,2000,6004.555,6210.158,2000,6107.503,6017.938,2000,6080.132,5714.677,2000,6638.906,5677.512,2000,6805.092
6117.098,2000,6072.069,6270.392,2000,6189.422,6058.251,2000,7130.839,5620.183,2000,6886.243,5556.986,2000,6668.463,5877.083,2000,6940.916,6017.553,2000,7032.604,6002.398,2000,7195.895,6295.599,2000,6400.464,5899.842,2000,7204.083,5851.953,2000,6006.752,6209.828,2000,6109.748,6017.646,2000,6082.382,5716.433,2000,6640.341,5679.647,2000,6805.857
6116.861,2000,6074.293,6270.058,2000,6191.634,6059.085,2000,7132.915,5622.283,2000,6887.013,5558.971,2000,6669.494,5879.318,2000,6940.992,6018.377,2000,7034.684,6003.089,2000,7198.022,6294.834,2000,6402.566,5900.744,2000,7206.129,5852.515,2000,6008.917,6209.503,2000,6111.96,6017.286,2000,6084.589,5718.17,2000,6641.75,5681.776,2000,6806.542
6116.563,2000,6076.435,6269.736,2000,6193.772,6059.957,2000,7134.893,5624.335,2000,6887.69,5560.892,2000,6670.485,5881.479,2000,6941.057,6019.238,2000,7036.667,6003.689,2000,7200.099,6294.098,2000,6404.599,5901.551,2000,7208.135,5853.061,2000,6011.009,6209.227,2000,6114.104,6017.008,2000,6086.733,5719.854,2000,6643.107,5683.812,2000,6807.271
6116.35,2000,6078.124,6269.509,2000,6195.46,6060.693,2000,7136.428,5625.946,2000,6888.244,5562.408,2000,6671.262,5883.182,2000,6941.097,6019.968,2000,7038.206,6004.108,2000,7201.75,6293.522,2000,6406.201,5902.135,2000,7209.734,5853.494,2000,6012.656,6208.983,2000,6115.79,6016.795,2000,6088.422,5721.184,2000,6644.17,5685.429,2000,6807.805
6115.967,2000,6080.524,6269.154,2000,6197.864,6061.816,2000,7138.583,5628.259,2000,6888.987,5564.573,2000,6672.365,5885.611,2000,6941.145,6021.08,2000,7040.366,6004.629,2000,7204.123,6292.703,2000,6408.489,5902.893,2000,7212.043,5854.116,2000,6015.005,6208.714,2000,6118.205,6016.514,2000,6090.836,5723.087,2000,6645.681,5687.727,2000,6808.594
6115.768,2000,6082.11,6268.972,2000,6199.453,6062.601,2000,7139.977,5629.765,2000,6889.526,5566,2000,6673.086,5887.21,2000,6941.167,6021.857,2000,7041.763,6004.92,2000,7205.695,6292.167,2000,6409.996,5903.342,2000,7213.578,5854.529,2000,6016.55,6208.485,2000,6119.788,6016.276,2000,6092.417,5724.343,2000,6646.67,5689.256,2000,6809.064
6115.441,2000,6084.37,6268.638,2000,6201.711,6063.785,2000,7141.929,5631.939,2000,6890.224,5568.04,2000,6674.111,5889.493,2000,6941.188,6023.033,2000,7043.721,6005.262,2000,7207.953,6291.406,2000,6412.148,5903.911,2000,7215.789,5855.122,2000,6018.754,6208.212,2000,6122.054,6016.012,2000,6094.685,5726.142,2000,6648.077,5691.415,2000,6809.805
6115.237,2000,6086.209,6268.427,2000,6203.549,6064.796,2000,7143.478,5633.696,2000,6890.804,5569.694,2000,6674.939,5891.343,2000,6941.2,6024.037,2000,7045.275,6005.479,2000,7209.79,6290.791,2000,6413.893,5904.313,2000,7217.594,5855.604,2000,6020.541,6207.931,2000,6123.883,6015.737,2000,6096.515,5727.602,2000,6649.213,5693.176,2000,6810.371
6115.055,2000,6087.472,6268.24,2000,6204.812,6065.529,2000,7144.523,5634.917,2000,6891.176,5570.837,2000,6675.507,5892.62,2000,6941.2,6024.764,2000,7046.324,6005.587,2000,7211.062,6290.369,2000,6415.097,5904.549,2000,7218.849,5855.938,2000,6021.772,6207.778,2000,6125.15,6015.589,2000,6097.783,5728.612,2000,6649.993,5694.389,2000,6810.77
6114.806,2000,6089.713,6267.96,2000,6207.049,6066.882,2000,7146.327,5637.065,2000,6891.861,5572.859,2000,6676.505,5894.875,2000,6941.192,6026.108,2000,7048.134,6005.705,2000,7213.314,6289.627,2000,6417.227,5904.894,2000,7221.077,5856.534,2000,6023.947,6207.454,2000,6127.381,6015.255,2000,6100.013,5730.402,2000,6651.365,5696.546,2000,6811.427
6114.566,2000,6091.383,6267.71,2000,6208.717,6067.938,2000,7147.643,5638.685,2000,6892.334,5574.373,2000,6677.25,5896.562,2000,6941.182,6027.158,2000,7049.454,6005.738,2000,7215,6289.074,2000,6418.82,5905.097,2000,7222.751,5856.981,2000,6025.573,6207.256,2000,6129.057,6015.06,2000,6101.688,5731.742,2000,6652.389,5698.153,2000,6811.939
6114.456,2000,6092.375,6267.584,2000,6209.706,6068.588,2000,7148.399,5639.632,2000,6892.645,5575.269,2000,6677.687,5897.559,2000,6941.17,6027.804,2000,7050.214,6005.725,2000,7215.998,6288.749,2000,6419.763,5905.185,2000,7223.745,5857.247,2000,6026.534,6207.112,2000,6130.043,6014.942,2000,6102.678,5732.537,2000,6652.991,5699.113,2000,6812.21
6114.172,2000,6094.571,6267.259,2000,6211.897,6070.084,2000,7150.032,5641.758,2000,6893.266,5577.261,2000,6678.657,5899.773,2000,6941.139,6029.293,2000,7051.854,6005.623,2000,7218.21,6288.029,2000,6421.857,5905.308,2000,7225.957,5857.84,2000,6028.668,6206.85,2000,6132.243,6014.718,2000,6104.882,5734.305,2000,6654.325,5701.223,2000,6812.882
6114.083,2000,6095.504,6267.152,2000,6212.828,6070.74,2000,7150.702,5642.649,2000,6893.559,5578.104,2000,6679.064,5900.71,2000,6941.122,6029.945,2000,7052.527,6005.549,2000,7219.145,6287.726,2000,6422.745,5905.33,2000,7226.894,5858.092,2000,6029.571,6206.708,2000,6133.169,6014.593,2000,6105.811,5735.056,2000,6654.887,5702.125,2000,6813.137
6113.816,2000,6097.567,6266.981,2000,6214.901,6072.243,2000,7152.14,5644.646,2000,6894.142,5579.979,2000,6679.966,5902.79,2000,6941.075,6031.441,2000,7053.972,6005.317,2000,7221.212,6287.056,2000,6424.714,5905.31,2000,7228.974,5858.655,2000,6031.574,6206.461,2000,6135.235,6014.383,2000,6107.88,5736.724,2000,6656.129,5704.107,2000,6813.768
6113.678,2000,6099,6266.817,2000,6216.331,6073.315,2000,7153.101,5646.013,2000,6894.591,5581.277,2000,6680.587,5904.229,2000,6941.039,6032.508,2000,7054.938,6005.111,2000,7222.636,6286.594,2000,6426.077,5905.249,2000,7230.411,5859.046,2000,6032.958,6206.31,2000,6136.666,6014.191,2000,6109.307,5737.88,2000,6656.986,5705.492,2000,6814.16
6113.538,2000,6100.088,6266.692,2000,6217.422,6074.156,2000,7153.806,5647.067,2000,6894.899,5582.268,2000,6681.06,5905.326,2000,6941.007,6033.346,2000,7055.647,6004.917,2000,7223.717,6286.244,2000,6427.117,5905.166,2000,7231.506,5859.346,2000,6034.015,6206.23,2000,6137.761,6014.081,2000,6110.399,5738.764,2000,6657.637,5706.538,2000,6814.493
6113.38,2000,6101.731,6266.558,2000,6219.066,6075.455,2000,7154.825,5648.646,2000,6895.379,5583.759,2000,6681.767,5906.975,2000,6940.954,6034.64,2000,7056.672,6004.574,2000,7225.331,6285.719,2000,6428.681,5904.988,2000,7233.147,5859.798,2000,6035.602,6206.056,2000,6139.402,6013.86,2000,6112.034,5740.095,2000,6658.613,5708.122,2000,6814.956
6113.244,2000,6102.91,6266.423,2000,6220.246,6076.412,2000,7155.526,5649.79,2000,6895.694,5584.832,2000,6682.273,5908.161,2000,6940.912,6035.593,2000,7057.378,6004.365,2000,7226.499,6285.343,2000,6429.807,5904.822,2000,7234.322,5860.125,2000,6036.742,6205.95,2000,6140.583,6013.741,2000,6113.215,5741.053,2000,6659.312,5709.257,2000,6815.3
6113.119,2000,6104.276,6266.29,2000,6221.611,6077.491,2000,7156.374,5651.1,2000,6896.102,5586.074,2000,6682.857,5909.532,2000,6940.86,6036.722,2000,7058.158,6004.168,2000,7227.856,6284.91,2000,6431.108,5904.585,2000,7235.673,5860.504,2000,6038.061,6205.794,2000,6141.947,6013.606,2000,6114.581,5742.164,2000,6660.118,5710.583,2000,6815.655
6112.992,2000,6105.515,6266.14,2000,6222.848,6078.445,2000,7157.174,5652.301,2000,6896.432,5587.202,2000,6683.386,5910.776,2000,6940.809,6037.761,2000,7058.845,6004.029,2000,7229.094,6284.518,2000,6432.291,5904.33,2000,7236.892,5860.85,2000,6039.257,6205.676,2000,6143.187,6013.512,2000,6115.822,5743.173,2000,6660.848,5711.775,2000,6816.016
6112.915,2000,6106.476,6266.038,2000,6223.807,6079.164,2000,7157.817,5653.229,2000,6896.693,5588.076,2000,6683.793,5911.74,2000,6940.767,6038.561,2000,7059.384,6003.954,2000,7230.056,6284.215,2000,6433.207,5904.164,2000,7237.842,5861.118,2000,6040.184,6205.569,2000,6144.145,6013.435,2000,6116.784,5743.956,2000,6661.411,5712.705,2000,6816.272
6112.788,2000,6107.852,6265.876,2000,6225.178,6080.162,2000,7158.772,5654.565,2000,6897.042,5589.328,2000,6684.375,5913.119,2000,6940.702,6039.681,2000,7060.192,6003.89,2000,7231.436,6283.784,2000,6434.519,5903.97,2000,7239.21,5861.504,2000,6041.51,6205.44,2000,6145.52,6013.344,2000,6118.162,5745.079,2000,6662.215,5714.034,2000,6816.646
6112.722,2000,6108.967,6265.782,2000,6226.292,6080.943,2000,7159.571,5655.646,2000,6897.327,5590.342,2000,6684.845,5914.235,2000,6940.648,6040.564,2000,7060.876,6003.875,2000,7232.553,6283.436,2000,6435.581,5903.85,2000,7240.321,5861.817,2000,6042.583,6205.3,2000,6146.628,6013.233,2000,6119.273,5745.988,2000,6662.865,5715.115,2000,6816.93
6112.651,2000,6109.736,6265.692,2000,6227.058,6081.465,2000,7160.14,5656.396,2000,6897.507,5591.043,2000,6685.168,5915.006,2000,6940.608,6041.171,2000,7061.353,6003.891,2000,7233.324,6283.196,2000,6436.314,5903.792,2000,7241.09,5862.035,2000,6043.323,6205.228,2000,6147.397,6013.182,2000,6120.043,5746.618,2000,6663.312,5715.861,2000,6817.127
6112.482,2000,6111.088,6265.555,2000,6228.414,6082.352,2000,7161.174,5657.71,2000,6897.868,5592.281,2000,6685.737,5916.367,2000,6940.535,6042.215,2000,7062.229,6003.962,2000,7234.685,6282.774,2000,6437.61,5903.734,2000,7242.452,5862.419,2000,6044.63,6205.145,2000,6148.757,6013.078,2000,6121.402,5747.73,2000,6664.099,5717.189,2000,6817.432
6112.389,2000,6112.102,6265.485,2000,6229.429,6082.989,2000,7161.968,5658.701,2000,6898.106,5593.207,2000,6686.161,5917.384,2000,6940.479,6042.974,2000,7062.908,6004.048,2000,7235.7,6282.46,2000,6438.579,5903.725,2000,7243.47,5862.708,2000,6045.607,6205.049,2000,6149.771,6012.967,2000,6122.415,5748.562,2000,6664.686,5718.173,2000,6817.692
6112.353,2000,6112.705,6265.464,2000,6230.033,6083.352,2000,7162.451,5659.289,2000,6898.244,5593.756,2000,6686.412,5917.987,2000,6940.443,6043.424,2000,7063.311,6004.119,2000,7236.299,6282.274,2000,6439.153,5903.738,2000,7244.074,5862.879,2000,6046.186,6204.973,2000,6150.37,6012.882,2000,6123.013,5749.056,2000,6665.033,5718.76,2000,6817.836
6112.23,2000,6114.037,6265.373,2000,6231.367,6084.119,2000,7163.547,5660.592,2000,6898.546,5594.974,2000,6686.965,5919.322,2000,6940.362,6044.393,2000,7064.233,6004.319,2000,7237.622,6281.864,2000,6440.427,5903.813,2000,7245.409,5863.26,2000,6047.468,6204.848,2000,6151.702,6012.736,2000,6124.342,5750.152,2000,6665.799,5720.061,2000,6818.145
6112.115,2000,6114.958,6265.279,2000,6232.292,6084.627,2000,7164.325,5661.5,2000,6898.746,5595.82,2000,6687.349,5920.249,2000,6940.304,6045.044,2000,7064.896,6004.488,2000,7238.536,6281.58,2000,6441.312,5903.895,2000,7246.335,5863.526,2000,6048.359,6204.792,2000,6152.629,6012.666,2000,6125.269,5750.915,2000,6666.331,5720.965,2000,6818.358
6112.041,2000,6115.767,6265.217,2000,6233.101,6085.048,2000,7165.02,5662.287,2000,6898.946,5596.561,2000,6687.684,5921.059,2000,6940.251,6045.594,2000,7065.494,6004.662,2000,7239.329,6281.333,2000,6442.085,5903.993,2000,7247.141,5863.758,2000,6049.137,6204.716,2000,6153.438,6012.577,2000,6126.076,5751.582,2000,6666.793,5721.761,2000,6818.518
6111.985,2000,6116.708,6265.12,2000,6234.038,6085.511,2000,7165.84,5663.207,2000,6899.148,5597.419,2000,6688.07,5921.999,2000,6940.188,6046.208,2000,7066.208,6004.894,2000,7240.242,6281.046,2000,6442.982,5904.138,2000,7248.072,5864.029,2000,6050.039,6204.636,2000,6154.376,6012.444,2000,6127.008,5752.356,2000,6667.33,5722.678,2000,6818.734
6111.914,2000,6117.479,6265.044,2000,6234.81,6085.869,2000,7166.528,5663.965,2000,6899.311,5598.127,2000,6688.388,5922.772,2000,6940.135,6046.695,2000,7066.811,6005.109,2000,7240.987,6280.812,2000,6443.721,5904.282,2000,7248.834,5864.252,2000,6050.782,6204.572,2000,6155.149,6012.36,2000,6127.779,5752.995,2000,6667.77,5723.435,2000,6818.904
6111.806,2000,6118.667,6264.935,2000,6235.997,6086.385,2000,7167.603,5665.131,2000,6899.558,5599.215,2000,6688.875,5923.962,2000,6940.051,6047.413,2000,7067.764,6005.478,2000,7242.121,6280.451,2000,6444.858,5904.541,2000,7249.998,5864.597,2000,6051.923,6204.459,2000,6156.336,6012.269,2000,6128.968,5753.977,2000,6668.445,5724.6,2000,6819.159
6111.785,2000,6118.958,6264.9,2000,6236.287,6086.502,2000,7167.87,5665.418,2000,6899.609,5599.482,2000,6688.994,5924.253,2000,6940.03,6047.596,2000,7067.991,6005.577,2000,7242.396,6280.363,2000,6445.136,5904.614,2000,7250.281,5864.681,2000,6052.203,6204.433,2000,6156.626,6012.256,2000,6129.26,5754.218,2000,6668.61,5724.884,2000,6819.223
6111.724,2000,6119.921,6264.802,2000,6237.246,6086.862,2000,7168.765,5666.362,2000,6899.809,5600.363,2000,6689.387,5925.215,2000,6939.959,6048.176,2000,7068.761,6005.934,2000,7243.292,6280.073,2000,6446.056,5904.885,2000,7251.207,5864.961,2000,6053.126,6204.341,2000,6157.587,6012.208,2000,6130.223,5755.014,2000,6669.155,5725.832,2000,6819.403
6111.653,2000,6120.662,6264.721,2000,6237.986,6087.117,2000,7169.464,5667.095,2000,6899.939,5601.043,2000,6689.689,5925.957,2000,6939.903,6048.604,2000,7069.37,6006.232,2000,7243.973,6279.85,2000,6446.766,5905.117,2000,7251.914,5865.177,2000,6053.838,6204.294,2000,6158.33,6012.182,2000,6130.967,5755.629,2000,6669.574,5726.559,2000,6819.562
6111.625,2000,6121.102,6264.688,2000,6238.426,6087.254,2000,7169.883,5667.527,2000,6900.03,5601.447,2000,6689.868,5926.397,2000,6939.869,6048.846,2000,7069.739,6006.422,2000,7244.371,6279.718,2000,6447.187,5905.269,2000,7252.328,5865.306,2000,6054.26,6204.252,2000,6158.769,6012.161,2000,6131.407,5755.994,2000,6669.822,5726.993,2000,6819.642
6111.595,2000,6122.077,6264.646,2000,6239.401,6087.527,2000,7170.82,5668.475,2000,6900.264,5602.339,2000,6690.263,5927.37,2000,6939.793,6049.354,2000,7070.572,6006.871,2000,7245.238,6279.426,2000,6448.119,5905.633,2000,7253.233,5865.59,2000,6055.193,6204.191,2000,6159.743,6012.084,2000,6132.38,5756.801,2000,6670.37,5727.958,2000,6819.787
6111.569,2000,6122.491,6264.615,2000,6239.814,6087.63,2000,7171.222,5668.88,2000,6900.35,5602.719,2000,6690.43,5927.784,2000,6939.76,6049.56,2000,7070.933,6007.074,2000,7245.6,6279.303,2000,6448.515,5905.801,2000,7253.612,5865.712,2000,6055.59,6204.179,2000,6160.157,6012.064,2000,6132.795,5757.145,2000,6670.603,5728.366,2000,6819.862
6111.481,2000,6123.402,6264.576,2000,6240.729,6087.829,2000,7172.116,5669.782,2000,6900.51,5603.557,2000,6690.799,5928.696,2000,6939.685,6049.988,2000,7071.742,6007.547,2000,7246.383,6279.031,2000,6449.389,5906.198,2000,7254.437,5865.98,2000,6056.465,6204.182,2000,6161.073,6012.028,2000,6133.709,5757.904,2000,6671.114,5729.261,2000,6820.056
6111.441,2000,6124.036,6264.569,2000,6241.364,6087.946,2000,7172.74,5670.406,2000,6900.628,5604.138,2000,6691.054,5929.329,2000,6939.632,6050.266,2000,7072.313,6007.893,2000,7246.916,6278.842,2000,6449.995,5906.492,2000,7255,5866.167,2000,6057.072,6204.163,2000,6161.708,6011.981,2000,6134.343,5758.431,2000,6671.469,5729.885,2000,6820.174
6111.424,2000,6124.595,6264.582,2000,6241.924,6088.031,2000,7173.293,5670.958,2000,6900.719,5604.651,2000,6691.279,5929.886,2000,6939.585,6050.495,2000,7072.823,6008.212,2000,7247.375,6278.677,2000,6450.53,5906.767,2000,7255.487,5866.331,2000,6057.607,6204.127,2000,6162.266,6011.922,2000,6134.899,5758.896,2000,6671.78,5730.433,2000,6820.284
6111.383,2000,6125.237,6264.576,2000,6242.567,6088.108,2000,7173.932,5671.592,2000,6900.832,5605.241,2000,6691.537,5930.527,2000,6939.53,6050.738,2000,7073.419,6008.597,2000,7247.891,6278.487,2000,6451.145,5907.101,2000,7256.037,5866.521,2000,6058.222,6204.108,2000,6162.91,6011.875,2000,6135.542,5759.431,2000,6672.138,5731.067,2000,6820.397
6111.359,2000,6125.771,6264.553,2000,6243.101,6088.155,2000,7174.464,5672.12,2000,6900.913,5605.73,2000,6691.75,5931.06,2000,6939.483,6050.924,2000,7073.919,6008.931,2000,7248.308,6278.33,2000,6451.655,5907.394,2000,7256.484,5866.678,2000,6058.732,6204.086,2000,6163.443,6011.854,2000,6136.075,5759.875,2000,6672.435,5731.591,2000,6820.497
6111.338,2000,6126.375,6264.513,2000,6243.705,6088.188,2000,7175.068,5672.716,2000,6901.013,5606.285,2000,6691.991,5931.662,2000,6939.43,6051.116,2000,7074.493,6009.323,2000,7248.768,6278.152,2000,6452.233,5907.741,2000,7256.979,5866.857,2000,6059.31,6204.057,2000,6164.047,6011.846,2000,6136.68,5760.378,2000,6672.77,5732.188,2000,6820.598
6111.326,2000,6126.875,6264.477,2000,6244.203,6088.232,2000,7175.566,5673.21,2000,6901.085,5606.744,2000,6692.19,5932.16,2000,6939.385,6051.258,2000,7074.972,6009.635,2000,7249.159,6278.005,2000,6452.71,5908.042,2000,7257.378,5867.005,2000,6059.787,6204.03,2000,6164.546,6011.846,2000,6137.18,5760.794,2000,6673.046,5732.679,2000,6820.688
6111.313,2000,6127.444,6264.453,2000,6244.771,6088.3,2000,7176.131,5673.772,2000,6901.174,5607.266,2000,6692.416,5932.727,2000,6939.333,6051.403,2000,7075.522,6009.976,2000,7249.615,6277.839,2000,6453.254,5908.398,2000,7257.822,5867.174,2000,6060.331,6203.98,2000,6165.113,6011.849,2000,6137.749,5761.269,2000,6673.361,5733.241,2000,6820.779
6111.318,2000,6127.959,6264.415,2000,6245.285,6088.379,2000,7176.64,5674.279,2000,6901.272,5607.739,2000,6692.621,5933.24,2000,6939.286,6051.542,2000,7076.019,6010.27,2000,7250.038,6277.688,2000,6453.747,5908.734,2000,7258.212,5867.327,2000,6060.823,6203.952,2000,6165.628,6011.835,2000,6138.264,5761.698,2000,6673.646,5733.752,2000,6820.846
6111.307,2000,6128.453,6264.376,2000,6245.777,6088.47,2000,7177.125,5674.766,2000,6901.35,5608.191,2000,6692.816,5933.731,2000,6939.241,6051.69,2000,7076.489,6010.539,2000,7250.451,6277.544,2000,6454.219,5909.068,2000,7258.576,5867.474,2000,6061.293,6203.941,2000,6166.121,6011.838,2000,6138.757,5762.11,2000,6673.917,5734.239,2000,6820.925
6111.289,2000,6128.793,6264.36,2000,6246.118,6088.543,2000,7177.458,5675.104,2000,6901.395,5608.505,2000,6692.952,5934.071,2000,6939.208,6051.804,2000,7076.811,6010.733,2000,7250.731,6277.444,2000,6454.545,5909.307,2000,7258.819,5867.575,2000,6061.619,6203.945,2000,6166.462,6011.846,2000,6139.098,5762.395,2000,6674.105,5734.575,2000,6820.985
6111.275,2000,6129.394,6264.352,2000,6246.719,6088.693,2000,7178.04,5675.698,2000,6901.488,5609.057,2000,6693.189,5934.669,2000,6939.151,6052.016,2000,7077.374,6011.06,2000,7251.235,6277.27,2000,6455.12,5909.734,2000,7259.241,5867.754,2000,6062.193,6203.932,2000,6167.063,6011.839,2000,6139.699,5762.896,2000,6674.436,5735.169,2000,6821.075
6111.28,2000,6129.843,6264.36,2000,6247.168,6088.818,2000,7178.471,5676.144,2000,6901.545,5609.47,2000,6693.367,5935.116,2000,6939.108,6052.188,2000,7077.789,6011.317,2000,7251.604,6277.139,2000,6455.549,5910.064,2000,7259.546,5867.889,2000,6062.622,6203.907,2000,6167.511,6011.82,2000,6140.148,5763.272,2000,6674.683,5735.611,2000,6821.152
6111.292,2000,6130.111,6264.374,2000,6247.436,6088.902,2000,7178.726,5676.408,2000,6901.588,5609.716,2000,6693.472,5935.382,2000,6939.083,6052.298,2000,7078.033,6011.477,2000,7251.819,6277.062,2000,6455.806,5910.267,2000,7259.721,5867.969,2000,6062.877,6203.901,2000,6167.779,6011.799,2000,6140.415,5763.496,2000,6674.83,5735.876,2000,6821.19
6111.298,2000,6130.701,6264.384,2000,6248.025,6089.104,2000,7179.281,5676.994,2000,6901.663,5610.258,2000,6693.705,5935.97,2000,6939.025,6052.56,2000,7078.562,6011.845,2000,7252.28,6276.891,2000,6456.371,5910.703,2000,7260.119,5868.146,2000,6063.44,6203.908,2000,6168.369,6011.774,2000,6141.004,5763.99,2000,6675.153,5736.458,2000,6821.292
6111.289,2000,6131.111,6264.378,2000,6248.436,6089.257,2000,7179.661,5677.398,2000,6901.728,5610.635,2000,6693.866,5936.378,2000,6938.984,6052.753,2000,7078.923,6012.11,2000,7252.592,6276.772,2000,6456.763,5911.015,2000,7260.385,5868.269,2000,6063.832,6203.926,2000,6168.779,6011.77,2000,6141.415,5764.333,2000,6675.377,5736.864,2000,6821.349
6111.292,2000,6131.421,6264.384,2000,6248.746,6089.382,2000,7179.945,5677.703,2000,6901.788,5610.921,2000,6693.988,5936.687,2000,6938.954,6052.908,2000,7079.192,6012.319,2000,7252.822,6276.682,2000,6457.061,5911.258,2000,7260.579,5868.362,2000,6064.128,6203.929,2000,6169.089,6011.776,2000,6141.725,5764.593,2000,6675.547,5737.173,2000,6821.382
6111.301,2000,6131.89,6264.377,2000,6249.215,6089.584,2000,7180.368,5678.166,2000,6901.862,5611.352,2000,6694.172,5937.153,2000,6938.907,6053.156,2000,7079.59,6012.645,2000,7253.16,6276.547,2000,6457.51,5911.634,2000,7260.859,5868.503,2000,6064.575,6203.931,2000,6169.558,6011.795,2000,6142.194,5764.986,2000,6675.803,5737.638,2000,6821.447
6111.296,2000,6132.228,6264.384,2000,6249.553,6089.741,2000,7180.668,5678.501,2000,6901.905,5611.663,2000,6694.304,5937.49,2000,6938.873,6053.344,2000,7079.871,6012.888,2000,7253.395,6276.45,2000,6457.833,5911.911,2000,7261.052,5868.604,2000,6064.897,6203.943,2000,6169.896,6011.813,2000,6142.531,5765.27,2000,6675.988,5737.971,2000,6821.505
6111.304,2000,6132.617,6264.404,2000,6249.941,6089.932,2000,7181.007,5678.886,2000,6901.96,5612.021,2000,6694.457,5937.876,2000,6938.833,6053.57,2000,7080.187,6013.176,2000,7253.656,6276.338,2000,6458.206,5912.237,2000,7261.264,5868.722,2000,6065.268,6203.944,2000,6170.285,6011.823,2000,6142.92,5765.596,2000,6676.2,5738.355,2000,6821.564
6111.31,2000,6132.97,6264.41,2000,6250.294,6090.115,2000,7181.309,5679.237,2000,6902.004,5612.346,2000,6694.595,5938.228,2000,6938.797,6053.786,2000,7080.467,6013.445,2000,7253.885,6276.236,2000,6458.544,5912.54,2000,7261.446,5868.828,2000,6065.605,6203.951,2000,6170.638,6011.841,2000,6143.273,5765.892,2000,6676.392,5738.704,2000,6821.622
6111.319,2000,6133.245,6264.406,2000,6250.569,6090.266,2000,7181.54,5679.508,2000,6902.047,5612.599,2000,6694.702,5938.501,2000,6938.769,6053.96,2000,7080.68,6013.661,2000,7254.056,6276.158,2000,6458.808,5912.78,2000,7261.581,5868.911,2000,6065.867,6203.951,2000,6170.913,6011.857,2000,6143.547,5766.123,2000,6676.542,5738.976,2000,6821.658
6111.346,2000,6133.637,6264.414,2000,6250.962,6090.491,2000,7181.861,5679.894,2000,6902.121,5612.96,2000,6694.855,5938.892,2000,6938.728,6054.219,2000,7080.975,6013.976,2000,7254.29,6276.045,2000,6459.184,5913.129,2000,7261.761,5869.03,2000,6066.241,6203.963,2000,6171.305,6011.868,2000,6143.939,5766.453,2000,6676.755,5739.367,2000,6821.697
6111.355,2000,6133.895,6264.427,2000,6251.219,6090.646,2000,7182.067,5680.148,2000,6902.161,5613.198,2000,6694.956,5939.148,2000,6938.701,6054.395,2000,7081.163,6014.188,2000,7254.437,6275.972,2000,6459.431,5913.362,2000,7261.872,5869.108,2000,6066.487,6203.98,2000,6171.563,6011.883,2000,6144.197,5766.669,2000,6676.895,5739.623,2000,6821.731
6111.356,2000,6134.263,6264.458,2000,6251.586,6090.876,2000,7182.354,5680.514,2000,6902.206,5613.537,2000,6695.1,5939.514,2000,6938.662,6054.654,2000,7081.424,6014.488,2000,7254.649,6275.867,2000,6459.784,5913.691,2000,7262.037,5869.219,2000,6066.838,6204.017,2000,6171.929,6011.902,2000,6144.564,5766.979,2000,6677.095,5739.986,2000,6821.792
6111.367,2000,6134.561,6264.492,2000,6251.882,6091.07,2000,7182.58,5680.809,2000,6902.249,5613.812,2000,6695.216,5939.811,2000,6938.63,6054.87,2000,7081.629,6014.736,2000,7254.816,6275.782,2000,6460.07,5913.96,2000,7262.164,5869.31,2000,6067.122,6204.036,2000,6172.227,6011.907,2000,6144.862,5767.229,2000,6677.256,5740.281,2000,6821.833
6111.381,2000,6134.769,6264.523,2000,6252.088,6091.211,2000,7182.734,5681.016,2000,6902.273,5614.003,2000,6695.297,5940.018,2000,6938.608,6055.026,2000,7081.768,6014.913,2000,7254.926,6275.722,2000,6460.27,5914.152,2000,7262.246,5869.373,2000,6067.321,6204.043,2000,6172.435,6011.904,2000,6145.071,5767.405,2000,6677.369,5740.486,2000,6821.867
6111.394,2000,6135.131,6264.566,2000,6252.449,6091.465,2000,7182.993,5681.375,2000,6902.327,5614.338,2000,6695.438,5940.378,2000,6938.569,6055.305,2000,7082,6015.223,2000,7255.115,6275.619,2000,6460.618,5914.484,2000,7262.393,5869.483,2000,6067.667,6204.067,2000,6172.797,6011.911,2000,6145.434,5767.71,2000,6677.565,5740.846,2000,6821.916
6111.403,2000,6135.339,6264.583,2000,6252.657,6091.615,2000,7183.137,5681.583,2000,6902.35,5614.53,2000,6695.519,5940.585,2000,6938.546,6055.47,2000,7082.127,6015.405,2000,7255.217,6275.56,2000,6460.817,5914.677,2000,7262.471,5869.546,2000,6067.866,6204.079,2000,6173.005,6011.922,2000,6145.642,5767.885,2000,6677.678,5741.052,2000,6821.95
6111.421,2000,6135.679,6264.601,2000,6252.997,6091.869,2000,7183.364,5681.919,2000,6902.4,5614.844,2000,6695.651,5940.924,2000,6938.509,6055.746,2000,7082.327,6015.704,2000,7255.379,6275.463,2000,6461.144,5914.996,2000,7262.592,5869.65,2000,6068.19,6204.097,2000,6173.345,6011.941,2000,6145.981,5768.172,2000,6677.862,5741.389,2000,6821.994
6111.435,2000,6135.933,6264.606,2000,6253.251,6092.063,2000,7183.527,5682.172,2000,6902.429,5615.078,2000,6695.75,5941.176,2000,6938.481,6055.956,2000,7082.469,6015.931,2000,7255.492,6275.391,2000,6461.388,5915.236,2000,7262.674,5869.727,2000,6068.432,6204.107,2000,6173.599,6011.96,2000,6146.235,5768.386,2000,6678,5741.64,2000,6822.035
6111.446,2000,6136.141,6264.605,2000,6253.459,6092.228,2000,7183.656,5682.378,2000,6902.459,5615.27,2000,6695.83,5941.383,2000,6938.458,6056.132,2000,7082.58,6016.121,2000,7255.579,6275.332,2000,6461.587,5915.435,2000,7262.735,5869.791,2000,6068.63,6204.112,2000,6173.807,6011.976,2000,6146.442,5768.561,2000,6678.112,5741.846,2000,6822.062
6111.468,2000,6136.594,6264.605,2000,6253.913,6092.593,2000,7183.924,5682.828,2000,6902.513,5615.688,2000,6696.005,5941.834,2000,6938.408,6056.519,2000,7082.817,6016.534,2000,7255.765,6275.203,2000,6462.022,5915.866,2000,7262.877,5869.929,2000,6069.063,6204.12,2000,6174.261,6012.005,2000,6146.895,5768.943,2000,6678.356,5742.294,2000,6822.132
6111.499,2000,6136.978,6264.603,2000,6254.298,6092.911,2000,7184.141,5683.208,2000,6902.571,5616.043,2000,6696.154,5942.216,2000,6938.365,6056.854,2000,7083.007,6016.888,2000,7255.917,6275.094,2000,6462.392,5916.234,2000,7262.987,5870.046,2000,6069.429,6204.127,2000,6174.646,6012.018,2000,6147.28,5769.268,2000,6678.563,5742.676,2000,6822.179
6111.519,2000,6137.393,6264.601,2000,6254.714,6093.262,2000,7184.365,5683.618,2000,6902.647,5616.427,2000,6696.314,5942.629,2000,6938.317,6057.222,2000,7083.201,6017.274,2000,7256.072,6274.977,2000,6462.791,5916.633,2000,7263.104,5870.173,2000,6069.825,6204.148,2000,6175.061,6012.045,2000,6147.695,5769.619,2000,6678.786,5743.09,2000,6822.217
6111.528,2000,6137.94,6264.616,2000,6255.261,6093.733,2000,7184.644,5684.159,2000,6902.729,5616.933,2000,6696.524,5943.173,2000,6938.254,6057.709,2000,7083.45,6017.782,2000,7256.274,6274.822,2000,6463.315,5917.158,2000,7263.261,5870.341,2000,6070.346,6204.193,2000,6175.606,6012.078,2000,6148.241,5770.081,2000,6679.079,5743.633,2000,6822.284
6111.556,2000,6138.519,6264.651,2000,6255.839,6094.241,2000,7184.922,5684.734,2000,6902.798,5617.467,2000,6696.747,5943.748,2000,6938.186,6058.232,2000,7083.698,6018.323,2000,7256.481,6274.659,2000,6463.871,5917.712,2000,7263.427,5870.518,2000,6070.897,6204.223,2000,6176.185,6012.093,2000,6148.82,5770.57,2000,6679.389,5744.206,2000,6822.374
6111.596,2000,6139.012,6264.698,2000,6256.332,6094.683,2000,7185.146,5685.224,2000,6902.869,5617.925,2000,6696.936,5944.24,2000,6938.126,6058.686,2000,7083.896,6018.79,2000,7256.648,6274.52,2000,6464.346,5918.19,2000,7263.557,5870.67,2000,6071.369,6204.231,2000,6176.68,6012.09,2000,6149.315,5770.989,2000,6679.653,5744.697,2000,6822.437
6111.635,2000,6139.814,6264.747,2000,6257.133,6095.41,2000,7185.485,5686.021,2000,6902.966,5618.667,2000,6697.242,5945.037,2000,6938.028,6059.424,2000,7084.211,6019.548,2000,7256.911,6274.294,2000,6465.117,5918.962,2000,7263.779,5870.917,2000,6072.132,6204.272,2000,6177.482,6012.111,2000,6150.118,5771.669,2000,6680.081,5745.491,2000,6822.556
6111.663,2000,6140.542,6264.772,2000,6257.861,6096.08,2000,7185.771,5686.742,2000,6903.068,5619.34,2000,6697.519,5945.759,2000,6937.938,6060.103,2000,7084.475,6020.238,2000,7257.142,6274.09,2000,6465.815,5919.665,2000,7263.97,5871.141,2000,6072.825,6204.308,2000,6178.209,6012.152,2000,6150.845,5772.286,2000,6680.467,5746.212,2000,6822.649
6111.692,2000,6141.083,6264.788,2000,6258.403,6096.585,2000,7185.967,5687.28,2000,6903.132,5619.842,2000,6697.725,5946.297,2000,6937.868,6060.614,2000,7084.655,6020.758,2000,7257.296,6273.938,2000,6466.336,5920.192,2000,7264.095,5871.309,2000,6073.341,6204.325,2000,6178.751,6012.18,2000,6151.387,5772.746,2000,6680.754,5746.749,2000,6822.729
6111.713,2000,6142.145,6264.811,2000,6259.464,6097.586,2000,7186.319,5688.331,2000,6903.281,5620.825,2000,6698.126,5947.349,2000,6937.73,6061.621,2000,7084.991,6021.779,2000,7257.586,6273.642,2000,6467.355,5921.223,2000,7264.35,5871.637,2000,6074.35,6204.393,2000,6179.811,6012.242,2000,6152.446,5773.647,2000,6681.315,5747.802,2000,6822.86
6111.746,2000,6142.753,6264.843,2000,6260.073,6098.168,2000,7186.502,5688.937,2000,6903.352,5621.39,2000,6698.355,5947.953,2000,6937.648,6062.206,2000,7085.165,6022.37,2000,7257.736,6273.472,2000,6467.941,5921.819,2000,7264.477,5871.827,2000,6074.929,6204.412,2000,6180.42,6012.261,2000,6153.056,5774.166,2000,6681.636,5748.405,2000,6822.95
6111.784,2000,6143.937,6264.946,2000,6261.252,6099.308,2000,7186.821,5690.108,2000,6903.519,5622.487,2000,6698.799,5949.125,2000,6937.486,6063.349,2000,7085.471,6023.521,2000,7258.012,6273.143,2000,6469.078,5922.978,2000,7264.719,5872.195,2000,6076.054,6204.411,2000,6181.604,6012.33,2000,6154.237,5775.173,2000,6682.256,5749.58,2000,6823.091
6111.846,2000,6144.898,6264.998,2000,6262.214,6100.244,2000,7187.05,5691.065,2000,6903.628,5623.38,2000,6699.16,5950.08,2000,6937.352,6064.287,2000,7085.689,6024.463,2000,7258.215,6272.875,2000,6470.003,5923.924,2000,7264.896,5872.495,2000,6076.97,6204.441,2000,6182.566,6012.354,2000,6155.2,5775.994,2000,6682.761,5750.533,2000,6823.231
6111.866,2000,6145.502,6265.011,2000,6262.818,6100.835,2000,7187.174,5691.664,2000,6903.709,5623.941,2000,6699.384,5950.677,2000,6937.264,6064.88,2000,7085.807,6025.057,2000,7258.323,6272.708,2000,6470.583,5924.521,2000,7264.987,5872.684,2000,6077.543,6204.479,2000,6183.169,6012.389,2000,6155.803,5776.51,2000,6683.075,5751.133,2000,6823.305
6111.865,2000,6146.954,6265.089,2000,6264.269,6102.265,2000,7187.426,5693.106,2000,6903.882,5625.29,2000,6699.922,5952.113,2000,6937.049,6066.309,2000,7086.066,6026.489,2000,7258.563,6272.306,2000,6471.979,5925.957,2000,7265.209,5873.139,2000,6078.922,6204.62,2000,6184.615,6012.441,2000,6157.254,5777.751,2000,6683.829,5752.571,2000,6823.502
6111.899,2000,6148.042,6265.184,2000,6265.352,6103.34,2000,7187.592,5694.181,2000,6904.047,5626.301,2000,6700.324,5953.188,2000,6936.884,6067.385,2000,7086.225,6027.565,2000,7258.72,6272.005,2000,6473.024,5927.035,2000,7265.351,5873.48,2000,6079.955,6204.689,2000,6185.7,6012.445,2000,6158.342,5778.682,2000,6684.391,5753.653,2000,6823.615
6111.966,2000,6149.063,6265.239,2000,6266.374,6104.356,2000,7187.72,5695.198,2000,6904.168,5627.253,2000,6700.699,5954.2,2000,6936.724,6068.402,2000,7086.341,6028.582,2000,7258.844,6271.724,2000,6474.008,5928.053,2000,7265.461,5873.803,2000,6080.927,6204.748,2000,6186.722,6012.415,2000,6159.366,5779.56,2000,6684.918,5754.667,2000,6823.755
6112.006,2000,6150.316,6265.301,2000,6267.626,6105.604,2000,7187.847,5696.441,2000,6904.334,5628.42,2000,6701.157,5955.438,2000,6936.523,6069.65,2000,7086.458,6029.829,2000,7258.97,6271.379,2000,6475.214,5929.301,2000,7265.576,5874.2,2000,6082.116,6204.819,2000,6187.974,6012.419,2000,6160.62,5780.636,2000,6685.561,5755.912,2000,6823.907
6112.043,2000,6151.541,6265.361,2000,6268.85,6106.824,2000,7187.944,5697.657,2000,6904.478,5629.562,2000,6701.602,5956.646,2000,6936.321,6070.872,2000,7086.543,6031.05,2000,7259.068,6271.043,2000,6476.392,5930.523,2000,7265.662,5874.588,2000,6083.278,6204.867,2000,6189.198,6012.463,2000,6161.844,5781.689,2000,6686.186,5757.126,2000,6824.072
6112.09,2000,6152.78,6265.4,2000,6270.089,6108.063,2000,7188.016,5698.887,2000,6904.639,5630.718,2000,6702.051,5957.868,2000,6936.113,6072.111,2000,7086.603,6032.288,2000,7259.141,6270.704,2000,6477.584,5931.762,2000,7265.725,5874.982,2000,6084.454,6204.915,2000,6190.438,6012.508,2000,6163.083,5782.757,2000,6686.816,5758.357,2000,6824.221
6112.124,2000,6153.675,6265.426,2000,6270.985,6108.958,2000,7188.043,5699.777,2000,6904.742,5631.554,2000,6702.373,5958.75,2000,6935.958,6073.007,2000,7086.617,6033.184,2000,7259.169,6270.459,2000,6478.446,5932.658,2000,7265.741,5875.268,2000,6085.303,6204.943,2000,6191.333,6012.547,2000,6163.979,5783.53,2000,6687.27,5759.246,2000,6824.34
6112.188,2000,6155.361,6265.472,2000,6272.672,6110.646,2000,7188.063,5701.451,2000,6904.96,5633.13,2000,6702.976,5960.411,2000,6935.657,6074.694,2000,7086.63,6034.871,2000,7259.19,6270,2000,6480.07,5934.345,2000,7265.759,5875.808,2000,6086.902,6204.997,2000,6193.02,6012.617,2000,6165.665,5784.989,2000,6688.119,5760.921,2000,6824.537
6112.237,2000,6156.7,6265.506,2000,6274.011,6111.985,2000,7188.056,5702.781,2000,6905.111,5634.381,2000,6703.453,5961.728,2000,6935.414,6076.033,2000,7086.607,6036.21,2000,7259.185,6269.636,2000,6481.359,5935.684,2000,7265.74,5876.238,2000,6088.17,6205.039,2000,6194.358,6012.674,2000,6167.002,5786.147,2000,6688.791,5762.249,2000,6824.712
6112.268,2000,6157.529,6265.523,2000,6274.84,6112.814,2000,7188.026,5703.604,2000,6905.214,5635.158,2000,6703.746,5962.543,2000,6935.258,6076.862,2000,7086.565,6037.04,2000,7259.157,6269.412,2000,6482.158,5936.513,2000,7265.702,5876.505,2000,6088.956,6205.062,2000,6195.188,6012.71,2000,6167.832,5786.867,2000,6689.204,5763.073,2000,6824.809
6112.339,2000,6159.472,6265.57,2000,6276.785,6114.756,2000,7187.925,5705.537,2000,6905.435,5636.978,2000,6704.431,5964.452,2000,6934.887,6078.804,2000,7086.459,6038.982,2000,7259.059,6268.886,2000,6484.031,5938.456,2000,7265.603,5877.133,2000,6090.797,6205.116,2000,6197.132,6012.789,2000,6169.775,5788.556,2000,6690.169,5765.003,2000,6825.054
6112.369,2000,6160.34,6265.619,2000,6277.651,6115.622,2000,7187.858,5706.396,2000,6905.562,5637.792,2000,6704.733,5965.303,2000,6934.715,6079.668,2000,7086.383,6039.848,2000,7258.994,6268.652,2000,6484.867,5939.321,2000,7265.53,5877.415,2000,6091.618,6205.112,2000,6198,6012.826,2000,6170.642,5789.311,2000,6690.597,5765.867,2000,6825.135
6112.409,2000,6162.366,6265.668,2000,6279.677,6117.641,2000,7187.674,5708.409,2000,6905.792,5639.692,2000,6705.438,5967.289,2000,6934.308,6081.686,2000,7086.191,6041.866,2000,7258.813,6268.108,2000,6486.819,5941.339,2000,7265.346,5878.073,2000,6093.535,6205.168,2000,6200.026,6012.903,2000,6172.667,5791.077,2000,6691.591,5767.878,2000,6825.39
6112.439,2000,6163.265,6265.686,2000,6280.577,6118.534,2000,7187.571,5709.302,2000,6905.898,5640.536,2000,6705.747,5968.168,2000,6934.121,6082.578,2000,7086.077,6042.76,2000,7258.712,6267.867,2000,6487.686,5942.232,2000,7265.235,5878.367,2000,6094.385,6205.187,2000,6200.925,6012.928,2000,6173.566,5791.862,2000,6692.029,5768.771,2000,6825.494
6112.49,2000,6165.372,6265.719,2000,6282.684,6120.624,2000,7187.299,5711.396,2000,6906.138,5642.516,2000,6706.467,5970.227,2000,6933.671,6084.667,2000,7085.799,6044.85,2000,7258.442,6267.305,2000,6489.716,5944.322,2000,7264.966,5879.058,2000,6096.375,6205.24,2000,6203.032,6013.005,2000,6175.672,5793.706,2000,6693.049,5770.863,2000,6825.747
6112.539,2000,6166.91,6265.75,2000,6284.223,6122.147,2000,7187.08,5712.918,2000,6906.362,5643.964,2000,6706.99,5971.729,2000,6933.335,6086.188,2000,7085.564,6046.374,2000,7258.226,6266.896,2000,6491.2,5945.844,2000,7264.736,5879.565,2000,6097.829,6205.269,2000,6204.571,6013.049,2000,6177.21,5795.056,2000,6693.789,5772.396,2000,6825.882
6112.576,2000,6168.434,6265.771,2000,6285.746,6123.651,2000,7186.836,5714.432,2000,6906.535,5645.398,2000,6707.504,5973.214,2000,6932.994,6087.69,2000,7085.311,6047.878,2000,7257.985,6266.492,2000,6492.669,5947.348,2000,7264.49,5880.068,2000,6099.267,6205.306,2000,6206.094,6013.104,2000,6178.733,5796.394,2000,6694.518,5773.909,2000,6826.065
6112.62,2000,6169.874,6265.798,2000,6287.187,6125.07,2000,7186.583,5715.864,2000,6906.702,5646.756,2000,6707.986,5974.617,2000,6932.663,6089.107,2000,7085.045,6049.297,2000,7257.735,6266.112,2000,6494.06,5948.765,2000,7264.23,5880.546,2000,6100.626,6205.331,2000,6207.535,6013.146,2000,6180.174,5797.663,2000,6695.202,5775.341,2000,6826.23
6112.663,2000,6171.687,6265.822,2000,6289,6126.851,2000,7186.239,5717.666,2000,6906.904,5648.467,2000,6708.588,5976.379,2000,6932.236,6090.886,2000,7084.691,6051.079,2000,7257.394,6265.634,2000,6495.809,5950.545,2000,7263.884,5881.15,2000,6102.336,6205.374,2000,6209.348,6013.208,2000,6181.986,5799.262,2000,6696.057,5777.142,2000,6826.442
6112.756,2000,6173.326,6265.897,2000,6290.64,6128.458,2000,7185.905,5719.297,2000,6907.088,5650.017,2000,6709.13,5977.973,2000,6931.844,6092.49,2000,7084.345,6052.686,2000,7257.063,6265.204,2000,6497.393,5952.151,2000,7263.544,5881.698,2000,6103.883,6205.358,2000,6210.989,6013.21,2000,6183.627,5800.711,2000,6696.827,5778.773,2000,6826.626
6112.784,2000,6174.498,6265.913,2000,6291.813,6129.601,2000,7185.645,5720.462,2000,6907.214,5651.125,2000,6709.513,5979.109,2000,6931.555,6093.63,2000,7084.071,6053.83,2000,7256.805,6264.897,2000,6498.524,5953.292,2000,7263.278,5882.092,2000,6104.987,6205.386,2000,6212.161,6013.25,2000,6184.799,5801.75,2000,6697.372,5779.938,2000,6826.76
6112.765,2000,6176.67,6265.956,2000,6293.984,6131.712,2000,7185.133,5722.621,2000,6907.455,5653.179,2000,6710.218,5981.212,2000,6931.01,6095.74,2000,7083.553,6055.942,2000,7256.298,6264.332,2000,6500.621,5955.404,2000,7262.769,5882.823,2000,6107.033,6205.508,2000,6214.33,6013.31,2000,6186.97,5803.676,2000,6698.376,5782.097,2000,6826.995
6112.793,2000,6177.874,6266.019,2000,6295.187,6132.878,2000,7184.832,5723.819,2000,6907.579,5654.319,2000,6710.605,5982.375,2000,6930.699,6096.902,2000,7083.239,6057.108,2000,7256,6264.019,2000,6501.784,5956.569,2000,7262.462,5883.23,2000,6108.166,6205.536,2000,6215.534,6013.304,2000,6188.174,5804.746,2000,6698.927,5783.294,2000,6827.129
6112.815,2000,6180.1,6266.064,2000,6297.413,6135.026,2000,7184.249,5726.032,2000,6907.821,5656.429,2000,6711.316,5984.523,2000,6930.115,6099.05,2000,7082.653,6059.258,2000,7255.422,6263.443,2000,6503.935,5958.718,2000,7261.884,5883.985,2000,6110.26,6205.619,2000,6217.758,6013.364,2000,6190.399,5806.728,2000,6699.941,5785.508,2000,6827.36
6112.867,2000,6181.331,6266.129,2000,6298.644,6136.211,2000,7183.91,5727.258,2000,6907.943,5657.598,2000,6711.705,5985.71,2000,6929.783,6100.231,2000,7082.301,6060.444,2000,7255.085,6263.126,2000,6505.125,5959.902,2000,7261.539,5884.406,2000,6111.418,6205.625,2000,6218.991,6013.356,2000,6191.632,5807.828,2000,6700.497,5786.733,2000,6827.496
6112.889,2000,6183.606,6266.175,2000,6300.918,6138.391,2000,7183.258,5729.521,2000,6908.187,5659.759,2000,6712.417,5987.897,2000,6929.155,6102.41,2000,7081.647,6062.626,2000,7254.439,6262.543,2000,6507.325,5962.083,2000,7260.892,5885.185,2000,6113.556,6205.71,2000,6221.265,6013.418,2000,6193.906,5809.863,2000,6701.514,5788.997,2000,6827.722
6112.947,2000,6185.387,6266.234,2000,6302.7,6140.094,2000,7182.732,5731.294,2000,6908.357,5661.453,2000,6712.972,5989.609,2000,6928.657,6104.108,2000,7081.107,6064.33,2000,7253.916,6262.087,2000,6509.048,5963.784,2000,7260.361,5885.797,2000,6115.23,6205.735,2000,6223.047,6013.442,2000,6195.688,5811.459,2000,6702.307,5790.769,2000,6827.914
6112.964,2000,6186.48,6266.243,2000,6303.792,6141.132,2000,7182.39,5732.381,2000,6908.469,5662.493,2000,6713.307,5990.655,2000,6928.343,6105.143,2000,7080.756,6065.369,2000,7253.577,6261.809,2000,6510.104,5964.821,2000,7260.015,5886.175,2000,6116.255,6205.77,2000,6224.139,6013.485,2000,6196.78,5812.441,2000,6702.788,5791.856,2000,6828.02
6113.053,2000,6189.004,6266.314,2000,6306.317,6143.523,2000,7181.576,5734.896,2000,6908.708,5664.899,2000,6714.076,5993.07,2000,6927.601,6107.532,2000,7079.936,6067.761,2000,7252.767,6261.17,2000,6512.548,5967.214,2000,7259.208,5887.051,2000,6118.625,6205.797,2000,6226.665,6013.53,2000,6199.306,5814.714,2000,6703.889,5794.369,2000,6828.278
6113.081,2000,6190.839,6266.328,2000,6308.152,6145.254,2000,7180.968,5736.722,2000,6908.888,5666.648,2000,6714.629,5994.821,2000,6927.054,6109.259,2000,7079.316,6069.494,2000,7252.163,6260.708,2000,6514.323,5968.943,2000,7258.595,5887.689,2000,6120.344,6205.854,2000,6228.498,6013.602,2000,6201.139,5816.368,2000,6704.683,5796.195,2000,6828.452
6113.133,2000,6192.289,6266.366,2000,6309.602,6146.616,2000,7180.469,5738.167,2000,6909.02,5668.033,2000,6715.062,5996.202,2000,6926.61,6110.617,2000,7078.808,6070.856,2000,7251.666,6260.344,2000,6515.728,5970.305,2000,7258.095,5888.197,2000,6121.703,6205.869,2000,6229.949,6013.631,2000,6202.589,5817.679,2000,6705.304,5797.638,2000,6828.596
6113.169,2000,6194.556,6266.382,2000,6311.87,6148.737,2000,7179.667,5740.424,2000,6909.237,5670.199,2000,6715.732,5998.357,2000,6925.904,6112.736,2000,7077.999,6072.98,2000,7250.87,6259.777,2000,6517.923,5972.427,2000,7257.294,5888.994,2000,6123.826,6205.937,2000,6232.215,6013.719,2000,6204.855,5819.732,2000,6706.267,5799.896,2000,6828.802
6113.252,2000,6196.261,6266.451,2000,6313.575,6150.327,2000,7179.047,5742.124,2000,6909.385,5671.832,2000,6716.231,5999.976,2000,6925.362,6114.321,2000,7077.368,6074.571,2000,7250.253,6259.353,2000,6519.577,5974.016,2000,7256.672,5889.597,2000,6125.423,6205.932,2000,6233.922,6013.729,2000,6206.562,5821.281,2000,6706.984,5801.595,2000,6828.966
6113.284,2000,6198.301,6266.466,2000,6315.615,6152.22,2000,7178.285,5744.156,2000,6909.574,5673.785,2000,6716.821,6001.906,2000,6924.7,6116.212,2000,7076.6,6076.467,2000,7249.497,6258.849,2000,6521.554,5975.91,2000,7255.912,5890.32,2000,6127.331,6205.993,2000,6235.961,6013.808,2000,6208.601,5823.137,2000,6707.833,5803.628,2000,6829.144
6113.352,2000,6200.241,6266.517,2000,6317.556,6154.015,2000,7177.544,5746.09,2000,6909.736,5675.646,2000,6717.376,6003.739,2000,6924.059,6118.001,2000,7075.848,6078.262,2000,7248.759,6258.371,2000,6523.436,5977.704,2000,7255.17,5891.012,2000,6129.145,6206.015,2000,6237.903,6013.846,2000,6210.542,5824.906,2000,6708.632,5805.561,2000,6829.323
6113.383,2000,6202.166,6266.531,2000,6319.48,6155.786,2000,7176.791,5748.008,2000,6909.908,5677.492,2000,6717.92,6005.551,2000,6923.411,6119.77,2000,7075.086,6080.036,2000,7248.01,6257.9,2000,6525.302,5979.475,2000,7254.416,5891.7,2000,6130.942,6206.072,2000,6239.827,6013.92,2000,6212.465,5826.664,2000,6709.417,5807.479,2000,6829.484
