9334.079,1955.555,10670.8,9338.113,2033.775,10628.94,9349.066,1982.074,10645.08,9340.138,2018.298,10642.68,9399.709,1974.46,10692.45
9334.21,1955.555,10671.19,9337.808,2033.775,10628.65,9349.337,1982.074,10644.76,9339.722,2018.298,10642.67,9400.052,1974.46,10692.22
9334.334,1955.555,10671.59,9337.505,2033.775,10628.37,9349.603,1982.074,10644.44,9339.306,2018.298,10642.65,9400.401,1974.46,10691.99
9334.451,1955.555,10671.99,9337.205,2033.775,10628.08,9349.864,1982.074,10644.12,9338.89,2018.298,10642.64,9400.759,1974.46,10691.78
9334.506,1955.555,10672.19,9337.057,2033.775,10627.93,9349.993,1982.074,10643.95,9338.682,2018.298,10642.63,9400.94,1974.46,10691.67
9334.558,1955.555,10672.39,9336.91,2033.775,10627.79,9350.119,1982.074,10643.79,9338.474,2018.298,10642.62,9401.126,1974.46,10691.58
9334.605,1955.555,10672.59,9336.765,2033.775,10627.64,9350.243,1982.074,10643.62,9338.266,2018.298,10642.6,9401.314,1974.46,10691.49
9334.649,1955.555,10672.8,9336.621,2033.775,10627.49,9350.365,1982.074,10643.45,9338.058,2018.298,10642.59,9401.505,1974.46,10691.41
9334.69,1955.555,10673,9336.479,2033.775,10627.33,9350.485,1982.074,10643.28,9337.85,2018.298,10642.58,9401.698,1974.46,10691.33
9334.728,1955.555,10673.21,9336.338,2033.775,10627.18,9350.604,1982.074,10643.11,9337.642,2018.298,10642.56,9401.895,1974.46,10691.26
9334.762,1955.555,10673.41,9336.199,2033.775,10627.02,9350.72,1982.074,10642.94,9337.434,2018.298,10642.55,9402.093,1974.46,10691.19
9334.792,1955.555,10673.62,9336.062,2033.775,10626.87,9350.834,1982.074,10642.76,9337.226,2018.298,10642.53,9402.293,1974.46,10691.13
9334.819,1955.555,10673.82,9335.926,2033.775,10626.71,9350.946,1982.074,10642.59,9337.019,2018.298,10642.51,9402.495,1974.46,10691.08
9334.843,1955.555,10674.03,9335.791,2033.775,10626.55,9351.057,1982.074,10642.41,9336.812,2018.298,10642.5,9402.698,1974.46,10691.04
9334.863,1955.555,10674.24,9335.658,2033.775,10626.39,9351.166,1982.074,10642.24,9336.604,2018.298,10642.48,9402.903,1974.46,10691
9334.88,1955.555,10674.45,9335.526,2033.775,10626.23,9351.273,1982.074,10642.06,9336.397,2018.298,10642.46,9403.109,1974.46,10690.97
9334.894,1955.555,10674.65,9335.396,2033.775,10626.07,9351.379,1982.074,10641.88,9336.19,2018.298,10642.44,9403.316,1974.46,10690.94
9334.904,1955.555,10674.86,9335.268,2033.775,10625.9,9351.483,1982.074,10641.7,9335.983,2018.298,10642.42,9403.523,1974.46,10690.92
9334.911,1955.555,10675.07,9335.141,2033.775,10625.74,9351.586,1982.074,10641.52,9335.776,2018.298,10642.4,9403.731,1974.46,10690.91
9334.915,1955.555,10675.28,9335.015,2033.775,10625.57,9351.688,1982.074,10641.33,9335.569,2018.298,10642.38,9403.939,1974.46,10690.91
9334.916,1955.555,10675.49,9334.891,2033.775,10625.41,9351.787,1982.074,10641.15,9335.362,2018.298,10642.35,9404.147,1974.46,10690.91
9334.914,1955.555,10675.69,9334.768,2033.775,10625.24,9351.886,1982.074,10640.97,9335.155,2018.298,10642.33,9404.355,1974.46,10690.92
9334.908,1955.555,10675.9,9334.646,2033.775,10625.07,9351.983,1982.074,10640.78,9334.948,2018.298,10642.31,9404.563,1974.46,10690.93
9334.899,1955.555,10676.11,9334.526,2033.775,10624.9,9352.08,1982.074,10640.6,9334.741,2018.298,10642.29,9404.771,1974.46,10690.95
9334.888,1955.555,10676.32,9334.408,2033.775,10624.73,9352.175,1982.074,10640.41,9334.534,2018.298,10642.26,9404.977,1974.46,10690.98
9334.873,1955.555,10676.53,9334.291,2033.775,10624.56,9352.269,1982.074,10640.23,9334.327,2018.298,10642.24,9405.182,1974.46,10691.02
9334.855,1955.555,10676.73,9334.176,2033.775,10624.38,9352.361,1982.074,10640.04,9334.12,2018.298,10642.21,9405.386,1974.46,10691.06
9334.835,1955.555,10676.94,9334.062,2033.775,10624.21,9352.453,1982.074,10639.86,9333.913,2018.298,10642.19,9405.589,1974.46,10691.1
9334.813,1955.555,10677.15,9333.949,2033.775,10624.03,9352.544,1982.074,10639.67,9333.706,2018.298,10642.17,9405.79,1974.46,10691.16
9334.787,1955.555,10677.36,9333.838,2033.775,10623.86,9352.635,1982.074,10639.48,9333.499,2018.298,10642.14,9405.989,1974.46,10691.22
9334.759,1955.555,10677.56,9333.728,2033.775,10623.68,9352.725,1982.074,10639.29,9333.292,2018.298,10642.12,9406.188,1974.46,10691.28
9334.728,1955.555,10677.77,9333.619,2033.775,10623.5,9352.813,1982.074,10639.1,9333.085,2018.298,10642.09,9406.384,1974.46,10691.35
9334.694,1955.555,10677.97,9333.512,2033.775,10623.33,9352.901,1982.074,10638.92,9332.878,2018.298,10642.07,9406.577,1974.46,10691.43
9334.658,1955.555,10678.18,9333.406,2033.775,10623.15,9352.989,1982.074,10638.73,9332.671,2018.298,10642.04,9406.771,1974.46,10691.51
9334.62,1955.555,10678.38,9333.302,2033.775,10622.97,9353.076,1982.074,10638.54,9332.464,2018.298,10642.02,9406.961,1974.46,10691.59
9334.579,1955.555,10678.59,9333.198,2033.775,10622.79,9353.163,1982.074,10638.35,9332.257,2018.298,10642,9407.15,1974.46,10691.68
9334.536,1955.555,10678.79,9333.097,2033.775,10622.6,9353.249,1982.074,10638.16,9332.05,2018.298,10641.97,9407.338,1974.46,10691.77
9334.49,1955.555,10678.99,9332.996,2033.775,10622.42,9353.335,1982.074,10637.97,9331.843,2018.298,10641.95,9407.524,1974.46,10691.86
9334.442,1955.555,10679.2,9332.896,2033.775,10622.24,9353.42,1982.074,10637.78,9331.636,2018.298,10641.93,9407.71,1974.46,10691.96
9334.393,1955.555,10679.4,9332.799,2033.775,10622.05,9353.505,1982.074,10637.59,9331.428,2018.298,10641.91,9407.895,1974.46,10692.05
9334.341,1955.555,10679.6,9332.702,2033.775,10621.87,9353.59,1982.074,10637.4,9331.22,2018.298,10641.9,9408.079,1974.46,10692.15
9334.287,1955.555,10679.8,9332.606,2033.775,10621.69,9353.674,1982.074,10637.21,9331.012,2018.298,10641.89,9408.264,1974.46,10692.25
9334.231,1955.555,10680,9332.512,2033.775,10621.5,9353.758,1982.074,10637.02,9330.804,2018.298,10641.88,9408.448,1974.46,10692.34
9334.174,1955.555,10680.2,9332.419,2033.775,10621.31,9353.842,1982.074,10636.83,9330.596,2018.298,10641.87,9408.633,1974.46,10692.44
9334.114,1955.555,10680.4,9332.327,2033.775,10621.13,9353.926,1982.074,10636.64,9330.388,2018.298,10641.87,9408.817,1974.46,10692.54
9334.053,1955.555,10680.6,9332.236,2033.775,10620.94,9354.01,1982.074,10636.45,9330.18,2018.298,10641.86,9409.002,1974.46,10692.63
9333.989,1955.555,10680.8,9332.146,2033.775,10620.75,9354.094,1982.074,10636.26,9329.972,2018.298,10641.86,9409.187,1974.46,10692.73
9333.924,1955.555,10681,9332.059,2033.775,10620.56,9354.178,1982.074,10636.07,9329.764,2018.298,10641.87,9409.371,1974.46,10692.82
9333.857,1955.555,10681.19,9331.972,2033.775,10620.37,9354.262,1982.074,10635.88,9329.556,2018.298,10641.87,9409.556,1974.46,10692.92
9333.789,1955.555,10681.39,9331.886,2033.775,10620.18,9354.346,1982.074,10635.69,9329.348,2018.298,10641.88,9409.74,1974.46,10693.02
9333.719,1955.555,10681.59,9331.801,2033.775,10619.99,9354.43,1982.074,10635.5,9329.14,2018.298,10641.89,9409.925,1974.46,10693.11
9333.647,1955.555,10681.78,9331.717,2033.775,10619.8,9354.514,1982.074,10635.3,9328.932,2018.298,10641.9,9410.109,1974.46,10693.21
9333.574,1955.555,10681.98,9331.634,2033.775,10619.61,9354.598,1982.074,10635.11,9328.724,2018.298,10641.92,9410.294,1974.46,10693.31
9333.499,1955.555,10682.17,9331.552,2033.775,10619.42,9354.682,1982.074,10634.92,9328.516,2018.298,10641.93,9410.479,1974.46,10693.4
9333.421,1955.555,10682.37,9331.471,2033.775,10619.23,9354.766,1982.074,10634.73,9328.309,2018.298,10641.95,9410.663,1974.46,10693.5
9333.34,1955.555,10682.56,9331.391,2033.775,10619.04,9354.85,1982.074,10634.54,9328.102,2018.298,10641.97,9410.848,1974.46,10693.6
9333.256,1955.555,10682.75,9331.311,2033.775,10618.84,9354.934,1982.074,10634.35,9327.895,2018.298,10642,9411.032,1974.46,10693.69
9333.17,1955.555,10682.94,9331.231,2033.775,10618.65,9355.018,1982.074,10634.16,9327.688,2018.298,10642.02,9411.217,1974.46,10693.79
9333.081,1955.555,10683.13,9331.153,2033.775,10618.46,9355.103,1982.074,10633.97,9327.481,2018.298,10642.05,9411.401,1974.46,10693.88
9332.99,1955.555,10683.31,9331.075,2033.775,10618.27,9355.188,1982.074,10633.78,9327.275,2018.298,10642.08,9411.586,1974.46,10693.98
9332.897,1955.555,10683.5,9330.998,2033.775,10618.07,9355.272,1982.074,10633.59,9327.069,2018.298,10642.11,9411.771,1974.46,10694.08
9332.803,1955.555,10683.68,9330.922,2033.775,10617.88,9355.357,1982.074,10633.4,9326.864,2018.298,10642.14,9411.955,1974.46,10694.17
9332.705,1955.555,10683.87,9330.846,2033.775,10617.68,9355.443,1982.074,10633.21,9326.659,2018.298,10642.18,9412.14,1974.46,10694.27
9332.605,1955.555,10684.05,9330.771,2033.775,10617.49,9355.529,1982.074,10633.02,9326.454,2018.298,10642.21,9412.324,1974.46,10694.37
9332.504,1955.555,10684.23,9330.696,2033.775,10617.3,9355.615,1982.074,10632.83,9326.25,2018.298,10642.25,9412.509,1974.46,10694.46
9332.4,1955.555,10684.41,9330.622,2033.775,10617.1,9355.701,1982.074,10632.64,9326.046,2018.298,10642.29,9412.693,1974.46,10694.56
9332.296,1955.555,10684.59,9330.549,2033.775,10616.91,9355.788,1982.074,10632.45,9325.842,2018.298,10642.34,9412.878,1974.46,10694.66
9332.189,1955.555,10684.77,9330.477,2033.775,10616.71,9355.875,1982.074,10632.26,9325.639,2018.298,10642.38,9413.063,1974.46,10694.75
9332.081,1955.555,10684.95,9330.404,2033.775,10616.52,9355.962,1982.074,10632.07,9325.436,2018.298,10642.43,9413.247,1974.46,10694.85
9331.972,1955.555,10685.13,9330.333,2033.775,10616.32,9356.05,1982.074,10631.89,9325.233,2018.298,10642.48,9413.432,1974.46,10694.95
9331.86,1955.555,10685.3,9330.263,2033.775,10616.12,9356.138,1982.074,10631.7,9325.031,2018.298,10642.53,9413.616,1974.46,10695.04
9331.748,1955.555,10685.48,9330.192,2033.775,10615.93,9356.226,1982.074,10631.51,9324.83,2018.298,10642.58,9413.801,1974.46,10695.14
9331.634,1955.555,10685.65,9330.123,2033.775,10615.73,9356.314,1982.074,10631.32,9324.629,2018.298,10642.63,9413.985,1974.46,10695.24
9331.519,1955.555,10685.82,9330.054,2033.775,10615.54,9356.403,1982.074,10631.13,9324.428,2018.298,10642.69,9414.17,1974.46,10695.33
9331.402,1955.555,10686,9329.985,2033.775,10615.34,9356.492,1982.074,10630.94,9324.228,2018.298,10642.74,9414.354,1974.46,10695.43
9331.284,1955.555,10686.17,9329.918,2033.775,10615.14,9356.582,1982.074,10630.75,9324.027,2018.298,10642.8,9414.539,1974.46,10695.53
9331.165,1955.555,10686.34,9329.851,2033.775,10614.94,9356.672,1982.074,10630.57,9323.828,2018.298,10642.86,9414.724,1974.46,10695.62
9331.045,1955.555,10686.51,9329.784,2033.775,10614.75,9356.762,1982.074,10630.38,9323.629,2018.298,10642.92,9414.908,1974.46,10695.72
9330.924,1955.555,10686.68,9329.718,2033.775,10614.55,9356.853,1982.074,10630.19,9323.431,2018.298,10642.99,9415.093,1974.46,10695.82
9330.802,1955.555,10686.85,9329.652,2033.775,10614.35,9356.943,1982.074,10630,9323.232,2018.298,10643.05,9415.277,1974.46,10695.91
9330.679,1955.555,10687.02,9329.587,2033.775,10614.15,9357.034,1982.074,10629.82,9323.035,2018.298,10643.12,9415.462,1974.46,10696.01
9330.555,1955.555,10687.18,9329.522,2033.775,10613.96,9357.126,1982.074,10629.63,9322.838,2018.298,10643.18,9415.646,1974.46,10696.11
9330.43,1955.555,10687.35,9329.459,2033.775,10613.76,9357.218,1982.074,10629.44,9322.642,2018.298,10643.25,9415.831,1974.46,10696.2
9330.304,1955.555,10687.52,9329.396,2033.775,10613.56,9357.31,1982.074,10629.26,9322.445,2018.298,10643.32,9416.016,1974.46,10696.3
9330.177,1955.555,10687.68,9329.333,2033.775,10613.36,9357.402,1982.074,10629.07,9322.249,2018.298,10643.39,9416.2,1974.46,10696.4
9330.05,1955.555,10687.85,9329.271,2033.775,10613.16,9357.495,1982.074,10628.88,9322.054,2018.298,10643.46,9416.385,1974.46,10696.49
9329.922,1955.555,10688.01,9329.209,2033.775,10612.96,9357.589,1982.074,10628.7,9321.858,2018.298,10643.54,9416.569,1974.46,10696.59
9329.793,1955.555,10688.17,9329.147,2033.775,10612.76,9357.683,1982.074,10628.51,9321.664,2018.298,10643.61,9416.754,1974.46,10696.69
9329.663,1955.555,10688.34,9329.086,2033.775,10612.57,9357.776,1982.074,10628.33,9321.47,2018.298,10643.69,9416.938,1974.46,10696.78
9329.533,1955.555,10688.5,9329.025,2033.775,10612.37,9357.871,1982.074,10628.14,9321.276,2018.298,10643.76,9417.123,1974.46,10696.88
9329.402,1955.555,10688.66,9328.965,2033.775,10612.17,9357.966,1982.074,10627.96,9321.083,2018.298,10643.84,9417.308,1974.46,10696.98
9329.271,1955.555,10688.82,9328.905,2033.775,10611.97,9358.061,1982.074,10627.77,9320.891,2018.298,10643.92,9417.492,1974.46,10697.07
9329.14,1955.555,10688.98,9328.846,2033.775,10611.77,9358.156,1982.074,10627.58,9320.698,2018.298,10644,9417.677,1974.46,10697.17
9329.008,1955.555,10689.15,9328.787,2033.775,10611.57,9358.252,1982.074,10627.4,9320.506,2018.298,10644.08,9417.86,1974.46,10697.27
9328.875,1955.555,10689.31,9328.729,2033.775,10611.37,9358.348,1982.074,10627.21,9320.314,2018.298,10644.16,9418.044,1974.46,10697.36
9328.742,1955.555,10689.47,9328.67,2033.775,10611.17,9358.444,1982.074,10627.03,9320.123,2018.298,10644.24,9418.228,1974.46,10697.46
9328.608,1955.555,10689.63,9328.612,2033.775,10610.97,9358.541,1982.074,10626.85,9319.933,2018.298,10644.32,9418.412,1974.46,10697.55
9328.475,1955.555,10689.78,9328.555,2033.775,10610.77,9358.638,1982.074,10626.66,9319.742,2018.298,10644.41,9418.598,1974.46,10697.65
9328.34,1955.555,10689.94,9328.498,2033.775,10610.57,9358.735,1982.074,10626.48,9319.552,2018.298,10644.49,9418.782,1974.46,10697.74
9328.205,1955.555,10690.1,9328.441,2033.775,10610.37,9358.833,1982.074,10626.29,9319.362,2018.298,10644.58,9418.967,1974.46,10697.84
9328.069,1955.555,10690.26,9328.385,2033.775,10610.17,9358.931,1982.074,10626.11,9319.173,2018.298,10644.66,9419.151,1974.46,10697.93
9327.934,1955.555,10690.42,9328.329,2033.775,10609.97,9359.029,1982.074,10625.93,9318.984,2018.298,10644.75,9419.336,1974.46,10698.03
9327.798,1955.555,10690.58,9328.273,2033.775,10609.77,9359.128,1982.074,10625.74,9318.796,2018.298,10644.84,9419.521,1974.46,10698.13
9327.661,1955.555,10690.73,9328.218,2033.775,10609.57,9359.227,1982.074,10625.56,9318.607,2018.298,10644.93,9419.705,1974.46,10698.22
9327.524,1955.555,10690.89,9328.163,2033.775,10609.36,9359.326,1982.074,10625.38,9318.42,2018.298,10645.02,9419.89,1974.46,10698.32
9327.388,1955.555,10691.05,9328.108,2033.775,10609.16,9359.426,1982.074,10625.19,9318.232,2018.298,10645.11,9420.074,1974.46,10698.42
9327.251,1955.555,10691.21,9328.054,2033.775,10608.96,9359.525,1982.074,10625.01,9318.045,2018.298,10645.2,9420.258,1974.46,10698.51
9327.113,1955.555,10691.36,9328,2033.775,10608.76,9359.626,1982.074,10624.83,9317.858,2018.298,10645.29,9420.442,1974.46,10698.61
9326.976,1955.555,10691.52,9327.946,2033.775,10608.56,9359.727,1982.074,10624.65,9317.672,2018.298,10645.38,9420.627,1974.46,10698.71
9326.838,1955.555,10691.67,9327.893,2033.775,10608.36,9359.827,1982.074,10624.46,9317.485,2018.298,10645.48,9420.812,1974.46,10698.8
9326.7,1955.555,10691.83,9327.839,2033.775,10608.16,9359.928,1982.074,10624.28,9317.3,2018.298,10645.57,9420.995,1974.46,10698.9
9326.563,1955.555,10691.99,9327.786,2033.775,10607.96,9360.029,1982.074,10624.1,9317.114,2018.298,10645.67,9421.18,1974.46,10699
9326.424,1955.555,10692.14,9327.733,2033.775,10607.75,9360.131,1982.074,10623.92,9316.929,2018.298,10645.76,9421.364,1974.46,10699.09
9326.285,1955.555,10692.3,9327.681,2033.775,10607.55,9360.232,1982.074,10623.74,9316.744,2018.298,10645.86,9421.549,1974.46,10699.19
9326.146,1955.555,10692.45,9327.628,2033.775,10607.35,9360.335,1982.074,10623.56,9316.56,2018.298,10645.95,9421.733,1974.46,10699.29
9326.008,1955.555,10692.61,9327.576,2033.775,10607.15,9360.438,1982.074,10623.37,9316.375,2018.298,10646.05,9421.918,1974.46,10699.38
9325.869,1955.555,10692.76,9327.524,2033.775,10606.95,9360.54,1982.074,10623.19,9316.19,2018.298,10646.15,9422.103,1974.46,10699.48
9325.729,1955.555,10692.92,9327.473,2033.775,10606.75,9360.643,1982.074,10623.01,9316.007,2018.298,10646.24,9422.287,1974.46,10699.58
9325.59,1955.555,10693.07,9327.421,2033.775,10606.55,9360.746,1982.074,10622.83,9315.823,2018.298,10646.34,9422.472,1974.46,10699.67
9325.45,1955.555,10693.23,9327.369,2033.775,10606.34,9360.85,1982.074,10622.65,9315.64,2018.298,10646.44,9422.656,1974.46,10699.77
9325.311,1955.555,10693.38,9327.318,2033.775,10606.14,9360.953,1982.074,10622.47,9315.456,2018.298,10646.54,9422.841,1974.46,10699.87
9325.171,1955.555,10693.54,9327.268,2033.775,10605.94,9361.057,1982.074,10622.29,9315.273,2018.298,10646.64,9423.025,1974.46,10699.96
9325.031,1955.555,10693.69,9327.217,2033.775,10605.74,9361.161,1982.074,10622.11,9315.091,2018.298,10646.74,9423.21,1974.46,10700.06
9324.895,1955.555,10693.85,9327.166,2033.775,10605.54,9361.266,1982.074,10621.93,9314.908,2018.298,10646.84,9423.392,1974.46,10700.16
9324.761,1955.555,10694.01,9327.115,2033.775,10605.33,9361.374,1982.074,10621.75,9314.726,2018.298,10646.94,9423.576,1974.46,10700.26
9324.63,1955.555,10694.17,9327.064,2033.775,10605.13,9361.486,1982.074,10621.57,9314.544,2018.298,10647.04,9423.764,1974.46,10700.35
9324.501,1955.555,10694.33,9327.015,2033.775,10604.93,9361.603,1982.074,10621.4,9314.362,2018.298,10647.14,9423.954,1974.46,10700.43
9324.375,1955.555,10694.5,9326.965,2033.775,10604.73,9361.722,1982.074,10621.23,9314.181,2018.298,10647.24,9424.147,1974.46,10700.51
9324.252,1955.555,10694.67,9326.915,2033.775,10604.52,9361.845,1982.074,10621.06,9313.999,2018.298,10647.35,9424.343,1974.46,10700.58
9324.132,1955.555,10694.84,9326.865,2033.775,10604.32,9361.971,1982.074,10620.9,9313.817,2018.298,10647.45,9424.541,1974.46,10700.65
9324.014,1955.555,10695.01,9326.815,2033.775,10604.12,9362.1,1982.074,10620.73,9313.637,2018.298,10647.55,9424.736,1974.46,10700.72
9323.898,1955.555,10695.18,9326.766,2033.775,10603.92,9362.231,1982.074,10620.57,9313.456,2018.298,10647.65,9424.93,1974.46,10700.8
9323.786,1955.555,10695.36,9326.716,2033.775,10603.72,9362.366,1982.074,10620.41,9313.275,2018.298,10647.76,9425.12,1974.46,10700.88
9323.676,1955.555,10695.53,9326.666,2033.775,10603.51,9362.504,1982.074,10620.26,9313.095,2018.298,10647.86,9425.308,1974.46,10700.97
9323.568,1955.555,10695.71,9326.616,2033.775,10603.31,9362.645,1982.074,10620.1,9312.914,2018.298,10647.97,9425.492,1974.46,10701.07
9323.463,1955.555,10695.89,9326.566,2033.775,10603.11,9362.787,1982.074,10619.95,9312.734,2018.298,10648.07,9425.674,1974.46,10701.17
9323.36,1955.555,10696.07,9326.517,2033.775,10602.91,9362.933,1982.074,10619.8,9312.555,2018.298,10648.17,9425.852,1974.46,10701.28
9323.26,1955.555,10696.25,9326.468,2033.775,10602.71,9363.08,1982.074,10619.66,9312.375,2018.298,10648.28,9426.026,1974.46,10701.39
9323.161,1955.555,10696.44,9326.419,2033.775,10602.5,9363.229,1982.074,10619.51,9312.195,2018.298,10648.39,9426.204,1974.46,10701.5
9323.065,1955.555,10696.62,9326.37,2033.775,10602.3,9363.381,1982.074,10619.37,9312.016,2018.298,10648.49,9426.385,1974.46,10701.6
9322.972,1955.555,10696.81,9326.321,2033.775,10602.1,9363.534,1982.074,10619.23,9311.836,2018.298,10648.6,9426.563,1974.46,10701.71
9322.88,1955.555,10697,9326.272,2033.775,10601.9,9363.689,1982.074,10619.09,9311.656,2018.298,10648.7,9426.736,1974.46,10701.83
9322.79,1955.555,10697.18,9326.224,2033.775,10601.69,9363.847,1982.074,10618.95,9311.478,2018.298,10648.81,9426.906,1974.46,10701.95
9322.702,1955.555,10697.37,9326.175,2033.775,10601.49,9364.006,1982.074,10618.82,9311.299,2018.298,10648.92,9427.087,1974.46,10702.05
9322.616,1955.555,10697.56,9326.126,2033.775,10601.29,9364.166,1982.074,10618.69,9311.12,2018.298,10649.02,9427.271,1974.46,10702.15
9322.532,1955.555,10697.75,9326.077,2033.775,10601.09,9364.328,1982.074,10618.56,9310.941,2018.298,10649.13,9427.451,1974.46,10702.26
9322.449,1955.555,10697.94,9326.028,2033.775,10600.89,9364.491,1982.074,10618.43,9310.763,2018.298,10649.23,9427.631,1974.46,10702.36
9322.368,1955.555,10698.13,9325.979,2033.775,10600.68,9364.655,1982.074,10618.3,9310.584,2018.298,10649.34,9427.808,1974.46,10702.47
9322.289,1955.555,10698.33,9325.931,2033.775,10600.48,9364.82,1982.074,10618.17,9310.405,2018.298,10649.45,9427.985,1974.46,10702.58
9322.211,1955.555,10698.52,9325.882,2033.775,10600.28,9364.987,1982.074,10618.05,9310.227,2018.298,10649.56,9428.159,1974.46,10702.7
9322.135,1955.555,10698.71,9325.833,2033.775,10600.08,9365.155,1982.074,10617.92,9310.048,2018.298,10649.66,9428.338,1974.46,10702.81
9322.061,1955.555,10698.91,9325.784,2033.775,10599.88,9365.324,1982.074,10617.8,9309.869,2018.298,10649.77,9428.514,1974.46,10702.92
9321.987,1955.555,10699.1,9325.734,2033.775,10599.67,9365.494,1982.074,10617.68,9309.69,2018.298,10649.88,9428.692,1974.46,10703.02
9321.915,1955.555,10699.3,9325.685,2033.775,10599.47,9365.664,1982.074,10617.56,9309.512,2018.298,10649.99,9428.874,1974.46,10703.13
9321.845,1955.555,10699.49,9325.635,2033.775,10599.27,9365.835,1982.074,10617.44,9309.334,2018.298,10650.09,9429.06,1974.46,10703.22
9321.775,1955.555,10699.69,9325.585,2033.775,10599.07,9366.007,1982.074,10617.32,9309.156,2018.298,10650.2,9429.247,1974.46,10703.31
9321.707,1955.555,10699.89,9325.535,2033.775,10598.86,9366.18,1982.074,10617.21,9308.979,2018.298,10650.31,9429.438,1974.46,10703.4
9321.64,1955.555,10700.08,9325.485,2033.775,10598.66,9366.353,1982.074,10617.09,9308.801,2018.298,10650.42,9429.631,1974.46,10703.47
9321.574,1955.555,10700.28,9325.436,2033.775,10598.46,9366.526,1982.074,10616.98,9308.623,2018.298,10650.52,9429.826,1974.46,10703.55
9321.51,1955.555,10700.48,9325.386,2033.775,10598.26,9366.701,1982.074,10616.86,9308.445,2018.298,10650.63,9430.023,1974.46,10703.61
9321.446,1955.555,10700.68,9325.336,2033.775,10598.06,9366.876,1982.074,10616.75,9308.268,2018.298,10650.74,9430.223,1974.46,10703.67
9321.384,1955.555,10700.88,9325.286,2033.775,10597.85,9367.052,1982.074,10616.64,9308.09,2018.298,10650.85,9430.424,1974.46,10703.73
9321.322,1955.555,10701.08,9325.236,2033.775,10597.65,9367.228,1982.074,10616.53,9307.912,2018.298,10650.96,9430.627,1974.46,10703.77
9321.262,1955.555,10701.28,9325.187,2033.775,10597.45,9367.404,1982.074,10616.42,9307.734,2018.298,10651.07,9430.831,1974.46,10703.81
9321.204,1955.555,10701.48,9325.137,2033.775,10597.25,9367.582,1982.074,10616.31,9307.557,2018.298,10651.17,9431.036,1974.46,10703.85
9321.148,1955.555,10701.68,9325.086,2033.775,10597.04,9367.762,1982.074,10616.2,9307.379,2018.298,10651.28,9431.242,1974.46,10703.88
9321.096,1955.555,10701.88,9325.035,2033.775,10596.84,9367.942,1982.074,10616.1,9307.201,2018.298,10651.39,9431.449,1974.46,10703.9
9321.045,1955.555,10702.08,9324.984,2033.775,10596.64,9368.125,1982.074,10616,9307.023,2018.298,10651.5,9431.657,1974.46,10703.91
9320.997,1955.555,10702.28,9324.934,2033.775,10596.44,9368.309,1982.074,10615.9,9306.846,2018.298,10651.61,9431.865,1974.46,10703.92
9320.952,1955.555,10702.49,9324.883,2033.775,10596.24,9368.493,1982.074,10615.8,9306.668,2018.298,10651.71,9432.073,1974.46,10703.92
9320.909,1955.555,10702.69,9324.832,2033.775,10596.03,9368.679,1982.074,10615.71,9306.49,2018.298,10651.82,9432.281,1974.46,10703.92
9320.869,1955.555,10702.89,9324.781,2033.775,10595.83,9368.866,1982.074,10615.62,9306.313,2018.298,10651.93,9432.489,1974.46,10703.9
9320.831,1955.555,10703.1,9324.73,2033.775,10595.63,9369.055,1982.074,10615.53,9306.135,2018.298,10652.04,9432.696,1974.46,10703.88
9320.796,1955.555,10703.3,9324.68,2033.775,10595.43,9369.244,1982.074,10615.44,9305.956,2018.298,10652.14,9432.903,1974.46,10703.86
9320.763,1955.555,10703.51,9324.628,2033.775,10595.23,9369.435,1982.074,10615.36,9305.777,2018.298,10652.25,9433.109,1974.46,10703.82
9320.731,1955.555,10703.72,9324.576,2033.775,10595.02,9369.626,1982.074,10615.28,9305.599,2018.298,10652.36,9433.313,1974.46,10703.78
9320.703,1955.555,10703.92,9324.524,2033.775,10594.82,9369.818,1982.074,10615.19,9305.42,2018.298,10652.47,9433.517,1974.46,10703.74
9320.677,1955.555,10704.13,9324.473,2033.775,10594.62,9370.011,1982.074,10615.12,9305.241,2018.298,10652.57,9433.718,1974.46,10703.68
9320.652,1955.555,10704.34,9324.421,2033.775,10594.42,9370.204,1982.074,10615.04,9305.063,2018.298,10652.68,9433.917,1974.46,10703.63
9320.63,1955.555,10704.54,9324.369,2033.775,10594.22,9370.398,1982.074,10614.96,9304.884,2018.298,10652.79,9434.114,1974.46,10703.56
9320.61,1955.555,10704.75,9324.317,2033.775,10594.01,9370.594,1982.074,10614.89,9304.705,2018.298,10652.9,9434.31,1974.46,10703.49
9320.593,1955.555,10704.96,9324.266,2033.775,10593.81,9370.789,1982.074,10614.82,9304.526,2018.298,10653,9434.503,1974.46,10703.41
9320.577,1955.555,10705.17,9324.213,2033.775,10593.61,9370.985,1982.074,10614.75,9304.348,2018.298,10653.11,9434.693,1974.46,10703.32
9320.563,1955.555,10705.37,9324.16,2033.775,10593.41,9371.183,1982.074,10614.68,9304.169,2018.298,10653.21,9434.881,1974.46,10703.23
9320.552,1955.555,10705.58,9324.107,2033.775,10593.21,9371.38,1982.074,10614.62,9303.99,2018.298,10653.32,9435.065,1974.46,10703.14
9320.542,1955.555,10705.79,9324.055,2033.775,10593.01,9371.578,1982.074,10614.55,9303.812,2018.298,10653.43,9435.246,1974.46,10703.03
9320.534,1955.555,10706,9324.002,2033.775,10592.81,9371.776,1982.074,10614.49,9303.633,2018.298,10653.53,9435.424,1974.46,10702.92
9320.528,1955.555,10706.21,9323.949,2033.775,10592.61,9371.976,1982.074,10614.43,9303.454,2018.298,10653.64,9435.598,1974.46,10702.81
9320.524,1955.555,10706.41,9323.896,2033.775,10592.41,9372.175,1982.074,10614.37,9303.274,2018.298,10653.75,9435.768,1974.46,10702.69
9320.522,1955.555,10706.62,9323.843,2033.775,10592.2,9372.375,1982.074,10614.31,9303.095,2018.298,10653.85,9435.934,1974.46,10702.56
9320.522,1955.555,10706.83,9323.789,2033.775,10592,9372.575,1982.074,10614.26,9302.915,2018.298,10653.96,9436.096,1974.46,10702.43
9320.524,1955.555,10707.04,9323.735,2033.775,10591.8,9372.776,1982.074,10614.2,9302.735,2018.298,10654.06,9436.253,1974.46,10702.29
9320.528,1955.555,10707.25,9323.682,2033.775,10591.6,9372.978,1982.074,10614.15,9302.556,2018.298,10654.17,9436.406,1974.46,10702.15
9320.534,1955.555,10707.45,9323.628,2033.775,10591.4,9373.179,1982.074,10614.1,9302.376,2018.298,10654.27,9436.555,1974.46,10702.01
9320.542,1955.555,10707.66,9323.574,2033.775,10591.2,9373.381,1982.074,10614.05,9302.196,2018.298,10654.38,9436.698,1974.46,10701.86
9320.551,1955.555,10707.87,9323.521,2033.775,10591,9373.583,1982.074,10614,9302.017,2018.298,10654.48,9436.837,1974.46,10701.7
9320.562,1955.555,10708.08,9323.466,2033.775,10590.8,9373.785,1982.074,10613.95,9301.837,2018.298,10654.59,9436.97,1974.46,10701.54
9320.574,1955.555,10708.29,9323.411,2033.775,10590.59,9373.988,1982.074,10613.9,9301.657,2018.298,10654.69,9437.098,1974.46,10701.38
9320.588,1955.555,10708.49,9323.356,2033.775,10590.39,9374.191,1982.074,10613.85,9301.477,2018.298,10654.8,9437.22,1974.46,10701.21
9320.604,1955.555,10708.7,9323.302,2033.775,10590.19,9374.395,1982.074,10613.81,9301.296,2018.298,10654.9,9437.339,1974.46,10701.04
9320.621,1955.555,10708.91,9323.247,2033.775,10589.99,9374.598,1982.074,10613.77,9301.115,2018.298,10655.01,9437.455,1974.46,10700.86
9320.64,1955.555,10709.12,9323.192,2033.775,10589.79,9374.802,1982.074,10613.72,9300.935,2018.298,10655.11,9437.569,1974.46,10700.69
9320.66,1955.555,10709.32,9323.138,2033.775,10589.59,9375.006,1982.074,10613.68,9300.754,2018.298,10655.21,9437.681,1974.46,10700.51
9320.682,1955.555,10709.53,9323.082,2033.775,10589.39,9375.21,1982.074,10613.64,9300.573,2018.298,10655.32,9437.79,1974.46,10700.33
9320.705,1955.555,10709.74,9323.026,2033.775,10589.19,9375.414,1982.074,10613.6,9300.393,2018.298,10655.42,9437.896,1974.46,10700.16
9320.73,1955.555,10709.94,9322.971,2033.775,10588.99,9375.618,1982.074,10613.56,9300.212,2018.298,10655.52,9438.001,1974.46,10699.98
9320.757,1955.555,10710.15,9322.915,2033.775,10588.79,9375.823,1982.074,10613.52,9300.03,2018.298,10655.63,9438.104,1974.46,10699.8
9320.785,1955.555,10710.36,9322.859,2033.775,10588.58,9376.028,1982.074,10613.49,9299.849,2018.298,10655.73,9438.205,1974.46,10699.61
9320.814,1955.555,10710.56,9322.804,2033.775,10588.38,9376.233,1982.074,10613.45,9299.667,2018.298,10655.83,9438.305,1974.46,10699.43
9320.845,1955.555,10710.77,9322.748,2033.775,10588.18,9376.438,1982.074,10613.41,9299.485,2018.298,10655.93,9438.403,1974.46,10699.25
9320.877,1955.555,10710.97,9322.692,2033.775,10587.98,9376.644,1982.074,10613.38,9299.304,2018.298,10656.03,9438.5,1974.46,10699.06
9320.91,1955.555,10711.18,9322.636,2033.775,10587.78,9376.849,1982.074,10613.35,9299.122,2018.298,10656.13,9438.596,1974.46,10698.88
9320.945,1955.555,10711.38,9322.579,2033.775,10587.58,9377.055,1982.074,10613.31,9298.94,2018.298,10656.24,9438.69,1974.46,10698.69
9320.981,1955.555,10711.59,9322.522,2033.775,10587.38,9377.261,1982.074,10613.28,9298.759,2018.298,10656.34,9438.785,1974.46,10698.51
9321.019,1955.555,10711.79,9322.466,2033.775,10587.18,9377.467,1982.074,10613.25,9298.576,2018.298,10656.44,9438.879,1974.46,10698.32
9321.058,1955.555,10712,9322.409,2033.775,10586.98,9377.673,1982.074,10613.22,9298.394,2018.298,10656.54,9438.973,1974.46,10698.14
9321.098,1955.555,10712.2,9322.353,2033.775,10586.78,9377.879,1982.074,10613.19,9298.211,2018.298,10656.64,9439.065,1974.46,10697.95
9321.139,1955.555,10712.41,9322.296,2033.775,10586.58,9378.085,1982.074,10613.16,9298.028,2018.298,10656.74,9439.158,1974.46,10697.76
9321.181,1955.555,10712.61,9322.239,2033.775,10586.38,9378.291,1982.074,10613.13,9297.846,2018.298,10656.84,9439.251,1974.46,10697.58
9321.225,1955.555,10712.82,9322.182,2033.775,10586.18,9378.497,1982.074,10613.1,9297.663,2018.298,10656.94,9439.345,1974.46,10697.39
9321.27,1955.555,10713.02,9322.124,2033.775,10585.98,9378.703,1982.074,10613.08,9297.48,2018.298,10657.04,9439.438,1974.46,10697.2
9321.315,1955.555,10713.22,9322.066,2033.775,10585.78,9378.909,1982.074,10613.05,9297.298,2018.298,10657.14,9439.532,1974.46,10697.02
9321.362,1955.555,10713.43,9322.009,2033.775,10585.58,9379.116,1982.074,10613.02,9297.114,2018.298,10657.24,9439.627,1974.46,10696.83
9321.41,1955.555,10713.63,9321.951,2033.775,10585.38,9379.323,1982.074,10613,9296.931,2018.298,10657.34,9439.723,1974.46,10696.65
9321.459,1955.555,10713.83,9321.894,2033.775,10585.18,9379.53,1982.074,10612.98,9296.747,2018.298,10657.43,9439.818,1974.46,10696.46
9321.51,1955.555,10714.03,9321.836,2033.775,10584.98,9379.737,1982.074,10612.96,9296.563,2018.298,10657.53,9439.916,1974.46,10696.28
9321.562,1955.555,10714.23,9321.778,2033.775,10584.78,9379.945,1982.074,10612.94,9296.38,2018.298,10657.63,9440.015,1974.46,10696.09
9321.614,1955.555,10714.44,9321.721,2033.775,10584.58,9380.153,1982.074,10612.93,9296.195,2018.298,10657.73,9440.115,1974.46,10695.91
9321.668,1955.555,10714.64,9321.662,2033.775,10584.38,9380.361,1982.074,10612.92,9296.011,2018.298,10657.82,9440.219,1974.46,10695.73
9321.723,1955.555,10714.84,9321.604,2033.775,10584.18,9380.569,1982.074,10612.92,9295.826,2018.298,10657.92,9440.325,1974.46,10695.55
9321.778,1955.555,10715.04,9321.545,2033.775,10583.98,9380.777,1982.074,10612.92,9295.642,2018.298,10658.02,9440.435,1974.46,10695.38
9321.835,1955.555,10715.24,9321.486,2033.775,10583.78,9380.985,1982.074,10612.92,9295.457,2018.298,10658.11,9440.547,1974.46,10695.2
9321.893,1955.555,10715.44,9321.428,2033.775,10583.58,9381.193,1982.074,10612.93,9295.271,2018.298,10658.21,9440.663,1974.46,10695.03
9321.951,1955.555,10715.64,9321.369,2033.775,10583.38,9381.401,1982.074,10612.94,9295.086,2018.298,10658.3,9440.782,1974.46,10694.86
9322.011,1955.555,10715.84,9321.311,2033.775,10583.18,9381.609,1982.074,10612.95,9294.9,2018.298,10658.4,9440.907,1974.46,10694.69
9322.071,1955.555,10716.04,9321.252,2033.775,10582.98,9381.817,1982.074,10612.97,9294.715,2018.298,10658.49,9441.038,1974.46,10694.53
9322.133,1955.555,10716.24,9321.193,2033.775,10582.78,9382.024,1982.074,10612.99,9294.529,2018.298,10658.58,9441.174,1974.46,10694.37
9322.195,1955.555,10716.43,9321.135,2033.775,10582.58,9382.231,1982.074,10613.01,9294.343,2018.298,10658.68,9441.314,1974.46,10694.22
9322.259,1955.555,10716.63,9321.076,2033.775,10582.38,9382.438,1982.074,10613.03,9294.156,2018.298,10658.77,9441.46,1974.46,10694.07
9322.323,1955.555,10716.83,9321.018,2033.775,10582.18,9382.645,1982.074,10613.06,9293.97,2018.298,10658.86,9441.61,1974.46,10693.92
9322.389,1955.555,10717.03,9320.958,2033.775,10581.98,9382.851,1982.074,10613.09,9293.783,2018.298,10658.95,9441.766,1974.46,10693.78
9322.455,1955.555,10717.23,9320.898,2033.775,10581.78,9383.057,1982.074,10613.12,9293.597,2018.298,10659.04,9441.925,1974.46,10693.65
9322.522,1955.555,10717.42,9320.839,2033.775,10581.58,9383.262,1982.074,10613.16,9293.409,2018.298,10659.14,9442.089,1974.46,10693.52
9322.591,1955.555,10717.62,9320.779,2033.775,10581.38,9383.468,1982.074,10613.19,9293.222,2018.298,10659.23,9442.257,1974.46,10693.4
9322.66,1955.555,10717.82,9320.72,2033.775,10581.18,9383.675,1982.074,10613.21,9293.034,2018.298,10659.32,9442.429,1974.46,10693.28
9322.73,1955.555,10718.01,9320.66,2033.775,10580.99,9383.882,1982.074,10613.24,9292.847,2018.298,10659.41,9442.604,1974.46,10693.17
9322.801,1955.555,10718.21,9320.601,2033.775,10580.79,9384.09,1982.074,10613.25,9292.659,2018.298,10659.5,9442.784,1974.46,10693.06
9322.872,1955.555,10718.4,9320.541,2033.775,10580.59,9384.298,1982.074,10613.27,9292.471,2018.298,10659.59,9442.967,1974.46,10692.96
9322.944,1955.555,10718.6,9320.481,2033.775,10580.39,9384.506,1982.074,10613.27,9292.282,2018.298,10659.68,9443.152,1974.46,10692.87
9323.018,1955.555,10718.79,9320.422,2033.775,10580.19,9384.714,1982.074,10613.28,9292.094,2018.298,10659.77,9443.341,1974.46,10692.78
9323.092,1955.555,10718.99,9320.362,2033.775,10579.99,9384.922,1982.074,10613.28,9291.905,2018.298,10659.85,9443.532,1974.46,10692.7
9323.167,1955.555,10719.18,9320.303,2033.775,10579.79,9385.13,1982.074,10613.27,9291.717,2018.298,10659.94,9443.727,1974.46,10692.62
9323.243,1955.555,10719.38,9320.243,2033.775,10579.59,9385.338,1982.074,10613.26,9291.528,2018.298,10660.03,9443.923,1974.46,10692.55
9323.319,1955.555,10719.57,9320.184,2033.775,10579.39,9385.546,1982.074,10613.25,9291.339,2018.298,10660.12,9444.121,1974.46,10692.49
9323.396,1955.555,10719.76,9320.124,2033.775,10579.19,9385.753,1982.074,10613.23,9291.149,2018.298,10660.2,9444.321,1974.46,10692.43
9323.475,1955.555,10719.96,9320.064,2033.775,10578.99,9385.96,1982.074,10613.21,9290.96,2018.298,10660.29,9444.523,1974.46,10692.38
9323.554,1955.555,10720.15,9320.005,2033.775,10578.79,9386.166,1982.074,10613.18,9290.771,2018.298,10660.38,9444.728,1974.46,10692.34
9323.634,1955.555,10720.34,9319.945,2033.775,10578.59,9386.372,1982.074,10613.15,9290.581,2018.298,10660.46,9444.933,1974.46,10692.3
9323.714,1955.555,10720.53,9319.886,2033.775,10578.4,9386.577,1982.074,10613.11,9290.392,2018.298,10660.55,9445.139,1974.46,10692.27
9323.795,1955.555,10720.73,9319.826,2033.775,10578.2,9386.781,1982.074,10613.08,9290.201,2018.298,10660.63,9445.346,1974.46,10692.25
9323.877,1955.555,10720.92,9319.766,2033.775,10578,9386.985,1982.074,10613.03,9290.011,2018.298,10660.72,9445.554,1974.46,10692.23
9323.96,1955.555,10721.11,9319.705,2033.775,10577.8,9387.188,1982.074,10612.98,9289.82,2018.298,10660.8,9445.762,1974.46,10692.22
9324.043,1955.555,10721.3,9319.645,2033.775,10577.6,9387.391,1982.074,10612.93,9289.63,2018.298,10660.89,9445.97,1974.46,10692.22
9324.127,1955.555,10721.49,9319.584,2033.775,10577.4,9387.591,1982.074,10612.88,9289.439,2018.298,10660.97,9446.178,1974.46,10692.22
9324.212,1955.555,10721.68,9319.523,2033.775,10577.2,9387.79,1982.074,10612.82,9289.249,2018.298,10661.05,9446.386,1974.46,10692.23
9324.298,1955.555,10721.87,9319.463,2033.775,10577,9387.988,1982.074,10612.75,9289.059,2018.298,10661.14,9446.594,1974.46,10692.25
9324.384,1955.555,10722.06,9319.402,2033.775,10576.8,9388.186,1982.074,10612.69,9288.867,2018.298,10661.22,9446.801,1974.46,10692.28
9324.471,1955.555,10722.25,9319.342,2033.775,10576.6,9388.381,1982.074,10612.61,9288.676,2018.298,10661.3,9447.007,1974.46,10692.31
9324.559,1955.555,10722.44,9319.281,2033.775,10576.4,9388.575,1982.074,10612.54,9288.484,2018.298,10661.39,9447.212,1974.46,10692.34
9324.646,1955.555,10722.63,9319.221,2033.775,10576.2,9388.768,1982.074,10612.46,9288.293,2018.298,10661.47,9447.415,1974.46,10692.39
9324.735,1955.555,10722.81,9319.16,2033.775,10576,9388.959,1982.074,10612.38,9288.102,2018.298,10661.55,9447.617,1974.46,10692.44
9324.825,1955.555,10723,9319.1,2033.775,10575.81,9389.148,1982.074,10612.29,9287.91,2018.298,10661.63,9447.817,1974.46,10692.5
9324.916,1955.555,10723.19,9319.039,2033.775,10575.61,9389.337,1982.074,10612.2,9287.719,2018.298,10661.71,9448.016,1974.46,10692.56
9325.007,1955.555,10723.38,9318.979,2033.775,10575.41,9389.523,1982.074,10612.11,9287.526,2018.298,10661.79,9448.212,1974.46,10692.63
9325.099,1955.555,10723.56,9318.918,2033.775,10575.21,9389.708,1982.074,10612.01,9287.334,2018.298,10661.87,9448.405,1974.46,10692.71
9325.191,1955.555,10723.75,9318.857,2033.775,10575.01,9389.896,1982.074,10611.92,9287.142,2018.298,10661.95,9448.602,1974.46,10692.78
9325.284,1955.555,10723.94,9318.797,2033.775,10574.81,9390.085,1982.074,10611.84,9286.949,2018.298,10662.03,9448.8,1974.46,10692.84
9325.378,1955.555,10724.12,9318.736,2033.775,10574.61,9390.276,1982.074,10611.76,9286.757,2018.298,10662.11,9449,1974.46,10692.9
9325.473,1955.555,10724.31,9318.676,2033.775,10574.41,9390.47,1982.074,10611.68,9286.564,2018.298,10662.19,9449.202,1974.46,10692.95
9325.567,1955.555,10724.49,9318.615,2033.775,10574.21,9390.665,1982.074,10611.61,9286.372,2018.298,10662.27,9449.405,1974.46,10692.99
9325.663,1955.555,10724.68,9318.554,2033.775,10574.01,9390.862,1982.074,10611.54,9286.18,2018.298,10662.35,9449.61,1974.46,10693.03
9325.759,1955.555,10724.86,9318.492,2033.775,10573.81,9391.062,1982.074,10611.48,9285.987,2018.298,10662.43,9449.816,1974.46,10693.06
9325.855,1955.555,10725.05,9318.431,2033.775,10573.61,9391.262,1982.074,10611.42,9285.794,2018.298,10662.51,9450.023,1974.46,10693.09
9325.953,1955.555,10725.23,9318.369,2033.775,10573.42,9391.463,1982.074,10611.37,9285.601,2018.298,10662.58,9450.231,1974.46,10693.1
9326.051,1955.555,10725.41,9318.308,2033.775,10573.22,9391.666,1982.074,10611.32,9285.407,2018.298,10662.66,9450.439,1974.46,10693.11
9326.149,1955.555,10725.6,9318.246,2033.775,10573.02,9391.87,1982.074,10611.28,9285.214,2018.298,10662.74,9450.647,1974.46,10693.12
9326.249,1955.555,10725.78,9318.185,2033.775,10572.82,9392.075,1982.074,10611.24,9285.021,2018.298,10662.82,9450.855,1974.46,10693.12
9326.349,1955.555,10725.96,9318.123,2033.775,10572.62,9392.281,1982.074,10611.2,9284.827,2018.298,10662.89,9451.063,1974.46,10693.11
9326.449,1955.555,10726.14,9318.062,2033.775,10572.42,9392.487,1982.074,10611.18,9284.634,2018.298,10662.97,9451.271,1974.46,10693.1
9326.55,1955.555,10726.33,9318,2033.775,10572.22,9392.694,1982.074,10611.15,9284.44,2018.298,10663.05,9451.479,1974.46,10693.08
9326.651,1955.555,10726.51,9317.938,2033.775,10572.02,9392.901,1982.074,10611.13,9284.247,2018.298,10663.12,9451.688,1974.46,10693.07
9326.754,1955.555,10726.69,9317.877,2033.775,10571.82,9393.109,1982.074,10611.12,9284.053,2018.298,10663.2,9451.896,1974.46,10693.05
9326.856,1955.555,10726.87,9317.815,2033.775,10571.62,9393.317,1982.074,10611.11,9283.858,2018.298,10663.28,9452.102,1974.46,10693.03
9326.96,1955.555,10727.05,9317.754,2033.775,10571.42,9393.525,1982.074,10611.1,9283.664,2018.298,10663.35,9452.309,1974.46,10693
9327.063,1955.555,10727.23,9317.692,2033.775,10571.22,9393.733,1982.074,10611.1,9283.47,2018.298,10663.43,9452.517,1974.46,10692.99
9327.168,1955.555,10727.41,9317.637,2033.775,10571.02,9393.941,1982.074,10611.09,9283.275,2018.298,10663.5,9452.722,1974.46,10692.95
9327.272,1955.555,10727.59,9317.588,2033.775,10570.82,9394.149,1982.074,10611.07,9283.081,2018.298,10663.58,9452.928,1974.46,10692.92
9327.378,1955.555,10727.77,9317.532,2033.775,10570.62,9394.356,1982.074,10611.05,9282.885,2018.298,10663.65,9453.135,1974.46,10692.9
9327.478,1955.555,10727.95,9317.47,2033.775,10570.42,9394.563,1982.074,10611.02,9282.687,2018.298,10663.71,9453.342,1974.46,10692.88
9327.571,1955.555,10728.14,9317.401,2033.775,10570.22,9394.768,1982.074,10610.99,9282.486,2018.298,10663.77,9453.549,1974.46,10692.86
9327.659,1955.555,10728.33,9317.326,2033.775,10570.03,9394.972,1982.074,10610.94,9282.284,2018.298,10663.82,9453.756,1974.46,10692.83
9327.74,1955.555,10728.52,9317.245,2033.775,10569.84,9395.174,1982.074,10610.9,9282.08,2018.298,10663.86,9453.964,1974.46,10692.81
9327.815,1955.555,10728.72,9317.17,2033.775,10569.64,9395.375,1982.074,10610.84,9281.878,2018.298,10663.91,9454.171,1974.46,10692.79
9327.884,1955.555,10728.91,9317.102,2033.775,10569.45,9395.574,1982.074,10610.78,9281.678,2018.298,10663.97,9454.377,1974.46,10692.76
9327.945,1955.555,10729.11,9317.025,2033.775,10569.25,9395.771,1982.074,10610.71,9281.479,2018.298,10664.03,9454.583,1974.46,10692.73
9328.001,1955.555,10729.31,9316.945,2033.775,10569.06,9395.965,1982.074,10610.63,9281.283,2018.298,10664.1,9454.788,1974.46,10692.69
9328.05,1955.555,10729.51,9316.869,2033.775,10568.87,9396.156,1982.074,10610.55,9281.096,2018.298,10664.2,9454.991,1974.46,10692.64
9328.092,1955.555,10729.72,9316.799,2033.775,10568.67,9396.346,1982.074,10610.46,9280.907,2018.298,10664.28,9455.193,1974.46,10692.59
9328.127,1955.555,10729.92,9316.735,2033.775,10568.47,9396.532,1982.074,10610.37,9280.716,2018.298,10664.37,9455.394,1974.46,10692.54
9328.155,1955.555,10730.13,9316.665,2033.775,10568.28,9396.715,1982.074,10610.27,9280.522,2018.298,10664.44,9455.592,1974.46,10692.47
9328.178,1955.555,10730.34,9316.604,2033.775,10568.08,9396.895,1982.074,10610.17,9280.332,2018.298,10664.53,9455.788,1974.46,10692.4
9328.193,1955.555,10730.54,9316.538,2033.775,10567.88,9397.07,1982.074,10610.05,9280.139,2018.298,10664.6,9455.981,1974.46,10692.32
9328.202,1955.555,10730.75,9316.465,2033.775,10567.69,9397.242,1982.074,10609.94,9279.942,2018.298,10664.68,9456.172,1974.46,10692.24
9328.204,1955.555,10730.96,9316.386,2033.775,10567.49,9397.41,1982.074,10609.81,9279.744,2018.298,10664.74,9456.359,1974.46,10692.15
9328.199,1955.555,10731.17,9316.306,2033.775,10567.3,9397.574,1982.074,10609.69,9279.544,2018.298,10664.8,9456.544,1974.46,10692.05
9328.188,1955.555,10731.38,9316.22,2033.775,10567.11,9397.734,1982.074,10609.55,9279.342,2018.298,10664.85,9456.726,1974.46,10691.95
9328.169,1955.555,10731.58,9316.127,2033.775,10566.92,9397.89,1982.074,10609.41,9279.143,2018.298,10664.91,9456.904,1974.46,10691.84
9328.144,1955.555,10731.79,9316.054,2033.775,10566.73,9398.04,1982.074,10609.27,9278.941,2018.298,10664.97,9457.079,1974.46,10691.73
9328.111,1955.555,10732,9315.983,2033.775,10566.53,9398.187,1982.074,10609.12,9278.738,2018.298,10665.01,9457.25,1974.46,10691.61
9328.072,1955.555,10732.2,9315.907,2033.775,10566.34,9398.327,1982.074,10608.97,9278.534,2018.298,10665.06,9457.418,1974.46,10691.49
9328.026,1955.555,10732.41,9315.824,2033.775,10566.15,9398.463,1982.074,10608.81,9278.329,2018.298,10665.09,9457.581,1974.46,10691.36
9327.974,1955.555,10732.61,9315.735,2033.775,10565.96,9398.594,1982.074,10608.65,9278.123,2018.298,10665.12,9457.74,1974.46,10691.22
9327.915,1955.555,10732.81,9315.641,2033.775,10565.77,9398.719,1982.074,10608.48,9277.92,2018.298,10665.17,9457.895,1974.46,10691.08
9327.85,1955.555,10733,9315.539,2033.775,10565.59,9398.839,1982.074,10608.31,9277.716,2018.298,10665.21,9458.045,1974.46,10690.94
9327.777,1955.555,10733.2,9315.456,2033.775,10565.4,9398.953,1982.074,10608.14,9277.51,2018.298,10665.24,9458.19,1974.46,10690.79
9327.699,1955.555,10733.39,9315.367,2033.775,10565.21,9399.062,1982.074,10607.96,9277.304,2018.298,10665.27,9458.331,1974.46,10690.64
9327.614,1955.555,10733.58,9315.282,2033.775,10565.02,9399.164,1982.074,10607.78,9277.098,2018.298,10665.3,9458.466,1974.46,10690.48
9327.523,1955.555,10733.77,9315.201,2033.775,10564.83,9399.261,1982.074,10607.59,9276.892,2018.298,10665.32,9458.596,1974.46,10690.31
9327.427,1955.555,10733.96,9315.123,2033.775,10564.64,9399.352,1982.074,10607.41,9276.685,2018.298,10665.35,9458.72,1974.46,10690.15
9327.324,1955.555,10734.14,9315.048,2033.775,10564.44,9399.436,1982.074,10607.22,9276.478,2018.298,10665.37,9458.839,1974.46,10689.98
9327.216,1955.555,10734.32,9314.975,2033.775,10564.25,9399.514,1982.074,10607.02,9276.271,2018.298,10665.39,9458.952,1974.46,10689.8
9327.102,1955.555,10734.49,9314.902,2033.775,10564.05,9399.585,1982.074,10606.83,9276.063,2018.298,10665.41,9459.06,1974.46,10689.62
9326.981,1955.555,10734.66,9314.829,2033.775,10563.86,9399.651,1982.074,10606.63,9275.854,2018.298,10665.42,9459.161,1974.46,10689.44
9326.855,1955.555,10734.83,9314.756,2033.775,10563.66,9399.713,1982.074,10606.43,9275.646,2018.298,10665.43,9459.257,1974.46,10689.26
9326.725,1955.555,10734.99,9314.682,2033.775,10563.47,9399.769,1982.074,10606.23,9275.438,2018.298,10665.44,9459.347,1974.46,10689.07
9326.589,1955.555,10735.14,9314.606,2033.775,10563.27,9399.819,1982.074,10606.03,9275.23,2018.298,10665.44,9459.43,1974.46,10688.88
9326.447,1955.555,10735.3,9314.53,2033.775,10563.08,9399.864,1982.074,10605.83,9275.022,2018.298,10665.43,9459.507,1974.46,10688.68
9326.301,1955.555,10735.45,9314.453,2033.775,10562.89,9399.903,1982.074,10605.62,9274.814,2018.298,10665.42,9459.577,1974.46,10688.49
9326.149,1955.555,10735.59,9314.376,2033.775,10562.69,9399.938,1982.074,10605.42,9274.606,2018.298,10665.4,9459.642,1974.46,10688.29
9325.994,1955.555,10735.73,9314.298,2033.775,10562.5,9399.966,1982.074,10605.21,9274.399,2018.298,10665.38,9459.699,1974.46,10688.09
9325.834,1955.555,10735.86,9314.219,2033.775,10562.31,9399.988,1982.074,10605,9274.193,2018.298,10665.35,9459.759,1974.46,10687.89
9325.67,1955.555,10735.99,9314.139,2033.775,10562.12,9400.006,1982.074,10604.79,9273.988,2018.298,10665.32,9459.813,1974.46,10687.69
9325.502,1955.555,10736.11,9314.057,2033.775,10561.92,9400.018,1982.074,10604.59,9273.784,2018.298,10665.28,9459.859,1974.46,10687.48
9325.33,1955.555,10736.23,9313.974,2033.775,10561.73,9400.023,1982.074,10604.38,9273.581,2018.298,10665.23,9459.899,1974.46,10687.28
9325.154,1955.555,10736.34,9313.89,2033.775,10561.54,9400.024,1982.074,10604.17,9273.379,2018.298,10665.18,9459.933,1974.46,10687.07
9324.976,1955.555,10736.45,9313.804,2033.775,10561.35,9400.02,1982.074,10603.96,9273.179,2018.298,10665.12,9459.959,1974.46,10686.87
9324.794,1955.555,10736.55,9313.717,2033.775,10561.16,9400.01,1982.074,10603.75,9272.979,2018.298,10665.06,9459.979,1974.46,10686.66
9324.609,1955.555,10736.65,9313.628,2033.775,10560.97,9399.994,1982.074,10603.55,9272.782,2018.298,10664.99,9459.991,1974.46,10686.45
9324.423,1955.555,10736.74,9313.538,2033.775,10560.79,9399.974,1982.074,10603.34,9272.586,2018.298,10664.92,9459.997,1974.46,10686.24
9324.233,1955.555,10736.83,9313.446,2033.775,10560.6,9399.947,1982.074,10603.13,9272.392,2018.298,10664.85,9460.004,1974.46,10686.04
9324.042,1955.555,10736.91,9313.353,2033.775,10560.42,9399.916,1982.074,10602.93,9272.199,2018.298,10664.76,9460.005,1974.46,10685.83
9323.849,1955.555,10736.98,9313.257,2033.775,10560.23,9399.879,1982.074,10602.72,9272.01,2018.298,10664.68,9459.999,1974.46,10685.62
9323.653,1955.555,10737.06,9313.159,2033.775,10560.05,9399.837,1982.074,10602.52,9271.822,2018.298,10664.59,9459.986,1974.46,10685.41
9323.456,1955.555,10737.12,9313.06,2033.775,10559.86,9399.79,1982.074,10602.31,9271.637,2018.298,10664.49,9459.967,1974.46,10685.21
9323.257,1955.555,10737.18,9312.957,2033.775,10559.68,9399.738,1982.074,10602.11,9271.454,2018.298,10664.39,9459.94,1974.46,10685
9323.057,1955.555,10737.24,9312.853,2033.775,10559.5,9399.682,1982.074,10601.91,9271.274,2018.298,10664.29,9459.907,1974.46,10684.79
9322.854,1955.555,10737.29,9312.745,2033.775,10559.32,9399.62,1982.074,10601.71,9271.098,2018.298,10664.18,9459.867,1974.46,10684.59
9322.651,1955.555,10737.34,9312.635,2033.775,10559.15,9399.554,1982.074,10601.52,9270.924,2018.298,10664.06,9459.82,1974.46,10684.38
9322.447,1955.555,10737.38,9312.522,2033.775,10558.97,9399.482,1982.074,10601.32,9270.753,2018.298,10663.94,9459.771,1974.46,10684.18
9322.242,1955.555,10737.41,9312.407,2033.775,10558.8,9399.406,1982.074,10601.13,9270.586,2018.298,10663.82,9459.715,1974.46,10683.98
9322.036,1955.555,10737.44,9312.289,2033.775,10558.63,9399.325,1982.074,10600.93,9270.422,2018.298,10663.69,9459.652,1974.46,10683.78
9321.829,1955.555,10737.46,9312.168,2033.775,10558.46,9399.24,1982.074,10600.74,9270.262,2018.298,10663.56,9459.583,1974.46,10683.59
9321.622,1955.555,10737.48,9312.043,2033.775,10558.29,9399.15,1982.074,10600.55,9270.105,2018.298,10663.42,9459.508,1974.46,10683.39
9321.414,1955.555,10737.5,9311.915,2033.775,10558.13,9399.057,1982.074,10600.37,9269.953,2018.298,10663.28,9459.452,1974.46,10683.19
9321.206,1955.555,10737.5,9311.784,2033.775,10557.97,9398.959,1982.074,10600.19,9269.805,2018.298,10663.13,9459.39,1974.46,10682.99
9320.998,1955.555,10737.51,9311.649,2033.775,10557.81,9398.858,1982.074,10600,9269.66,2018.298,10662.98,9459.32,1974.46,10682.8
9320.79,1955.555,10737.51,9311.512,2033.775,10557.65,9398.754,1982.074,10599.82,9269.521,2018.298,10662.83,9459.245,1974.46,10682.6
9320.582,1955.555,10737.5,9311.371,2033.775,10557.5,9398.646,1982.074,10599.65,9269.386,2018.298,10662.67,9459.163,1974.46,10682.41
9320.374,1955.555,10737.49,9311.227,2033.775,10557.35,9398.534,1982.074,10599.47,9269.255,2018.298,10662.5,9459.075,1974.46,10682.22
9320.166,1955.555,10737.47,9311.079,2033.775,10557.2,9398.42,1982.074,10599.3,9269.129,2018.298,10662.34,9458.981,1974.46,10682.04
9319.959,1955.555,10737.45,9310.928,2033.775,10557.06,9398.302,1982.074,10599.13,9269.008,2018.298,10662.17,9458.882,1974.46,10681.85
9319.753,1955.555,10737.42,9310.773,2033.775,10556.92,9398.181,1982.074,10598.96,9268.892,2018.298,10662,9458.775,1974.46,10681.67
9319.547,1955.555,10737.38,9310.615,2033.775,10556.78,9398.056,1982.074,10598.79,9268.78,2018.298,10661.82,9458.664,1974.46,10681.5
9319.342,1955.555,10737.35,9310.454,2033.775,10556.65,9397.928,1982.074,10598.63,9268.675,2018.298,10661.64,9458.55,1974.46,10681.32
9319.138,1955.555,10737.3,9310.289,2033.775,10556.52,9397.797,1982.074,10598.46,9268.574,2018.298,10661.46,9458.43,1974.46,10681.15
9318.935,1955.555,10737.25,9310.121,2033.775,10556.4,9397.663,1982.074,10598.3,9268.479,2018.298,10661.27,9458.324,1974.46,10680.97
9318.733,1955.555,10737.2,9309.95,2033.775,10556.28,9397.527,1982.074,10598.15,9268.389,2018.298,10661.08,9458.213,1974.46,10680.8
9318.533,1955.555,10737.15,9309.776,2033.775,10556.17,9397.39,1982.074,10597.99,9268.305,2018.298,10660.89,9458.096,1974.46,10680.63
9318.334,1955.555,10737.08,9309.6,2033.775,10556.06,9397.249,1982.074,10597.84,9268.226,2018.298,10660.7,9457.974,1974.46,10680.46
9318.137,1955.555,10737.02,9309.42,2033.775,10555.95,9397.106,1982.074,10597.68,9268.152,2018.298,10660.51,9457.846,1974.46,10680.29
9317.94,1955.555,10736.95,9309.237,2033.775,10555.85,9396.962,1982.074,10597.54,9268.085,2018.298,10660.31,9457.713,1974.46,10680.13
9317.746,1955.555,10736.87,9309.052,2033.775,10555.76,9396.814,1982.074,10597.39,9268.023,2018.298,10660.11,9457.576,1974.46,10679.98
9317.554,1955.555,10736.79,9308.863,2033.775,10555.67,9396.665,1982.074,10597.24,9267.968,2018.298,10659.91,9457.434,1974.46,10679.82
9317.362,1955.555,10736.71,9308.673,2033.775,10555.58,9396.514,1982.074,10597.1,9267.918,2018.298,10659.71,9457.3,1974.46,10679.66
9317.173,1955.555,10736.62,9308.48,2033.775,10555.5,9396.36,1982.074,10596.96,9267.874,2018.298,10659.5,9457.17,1974.46,10679.5
9316.985,1955.555,10736.53,9308.285,2033.775,10555.43,9396.206,1982.074,10596.82,9267.836,2018.298,10659.3,9457.035,1974.46,10679.34
9316.8,1955.555,10736.44,9308.088,2033.775,10555.36,9396.051,1982.074,10596.68,9267.804,2018.298,10659.09,9456.895,1974.46,10679.19
9316.616,1955.555,10736.34,9307.889,2033.775,10555.3,9395.894,1982.074,10596.54,9267.778,2018.298,10658.88,9456.749,1974.46,10679.04
9316.435,1955.555,10736.24,9307.688,2033.775,10555.24,9395.735,1982.074,10596.41,9267.759,2018.298,10658.68,9456.599,1974.46,10678.89
9316.255,1955.555,10736.13,9307.486,2033.775,10555.19,9395.575,1982.074,10596.28,9267.745,2018.298,10658.47,9456.444,1974.46,10678.75
9316.077,1955.555,10736.02,9307.283,2033.775,10555.15,9395.413,1982.074,10596.14,9267.737,2018.298,10658.26,9456.285,1974.46,10678.62
9315.901,1955.555,10735.91,9307.078,2033.775,10555.11,9395.25,1982.074,10596.02,9267.735,2018.298,10658.05,9456.147,1974.46,10678.46
9315.728,1955.555,10735.8,9306.872,2033.775,10555.08,9395.086,1982.074,10595.89,9267.739,2018.298,10657.84,9456.005,1974.46,10678.31
9315.556,1955.555,10735.68,9306.665,2033.775,10555.05,9394.922,1982.074,10595.76,9267.75,2018.298,10657.64,9455.857,1974.46,10678.16
9315.386,1955.555,10735.56,9306.458,2033.775,10555.03,9394.757,1982.074,10595.63,9267.767,2018.298,10657.43,9455.705,1974.46,10678.02
9315.219,1955.555,10735.43,9306.25,2033.775,10555.01,9394.591,1982.074,10595.51,9267.789,2018.298,10657.22,9455.548,1974.46,10677.88
9315.054,1955.555,10735.31,9306.042,2033.775,10555,9394.424,1982.074,10595.38,9267.817,2018.298,10657.02,9455.387,1974.46,10677.75
9314.891,1955.555,10735.18,9305.834,2033.775,10555,9394.256,1982.074,10595.26,9267.852,2018.298,10656.81,9455.239,1974.46,10677.61
9314.729,1955.555,10735.05,9305.626,2033.775,10555.01,9394.087,1982.074,10595.14,9267.892,2018.298,10656.61,9455.087,1974.46,10677.46
9314.57,1955.555,10734.91,9305.418,2033.775,10555.02,9393.918,1982.074,10595.02,9267.938,2018.298,10656.4,9454.93,1974.46,10677.33
9314.413,1955.555,10734.78,9305.21,2033.775,10555.03,9393.748,1982.074,10594.9,9267.989,2018.298,10656.2,9454.769,1974.46,10677.19
9314.258,1955.555,10734.64,9305.003,2033.775,10555.05,9393.577,1982.074,10594.78,9268.046,2018.298,10656,9454.604,1974.46,10677.07
9314.104,1955.555,10734.5,9304.797,2033.775,10555.08,9393.405,1982.074,10594.66,9268.108,2018.298,10655.8,9454.434,1974.46,10676.95
9313.953,1955.555,10734.35,9304.592,2033.775,10555.12,9393.232,1982.074,10594.54,9268.177,2018.298,10655.61,9454.26,1974.46,10676.83
9313.804,1955.555,10734.21,9304.386,2033.775,10555.15,9393.059,1982.074,10594.43,9268.242,2018.298,10655.41,9454.095,1974.46,10676.7
9313.656,1955.555,10734.06,9304.179,2033.775,10555.17,9392.884,1982.074,10594.32,9268.305,2018.298,10655.21,9453.928,1974.46,10676.58
9313.51,1955.555,10733.91,9303.972,2033.775,10555.19,9392.708,1982.074,10594.2,9268.364,2018.298,10655.01,9453.757,1974.46,10676.46
9313.365,1955.555,10733.76,9303.764,2033.775,10555.21,9392.531,1982.074,10594.09,9268.421,2018.298,10654.81,9453.582,1974.46,10676.35
9313.223,1955.555,10733.61,9303.556,2033.775,10555.22,9392.354,1982.074,10593.98,9268.474,2018.298,10654.61,9453.419,1974.46,10676.22
9313.082,1955.555,10733.46,9303.348,2033.775,10555.23,9392.177,1982.074,10593.88,9268.523,2018.298,10654.41,9453.259,1974.46,10676.08
9312.942,1955.555,10733.3,9303.14,2033.775,10555.23,9391.999,1982.074,10593.77,9268.569,2018.298,10654.2,9453.095,1974.46,10675.96
9312.805,1955.555,10733.15,9302.932,2033.775,10555.22,9391.821,1982.074,10593.66,9268.611,2018.298,10654,9452.929,1974.46,10675.83
9312.669,1955.555,10732.99,9302.724,2033.775,10555.21,9391.644,1982.074,10593.55,9268.649,2018.298,10653.79,9452.759,1974.46,10675.71
9312.534,1955.555,10732.83,9302.516,2033.775,10555.2,9391.465,1982.074,10593.44,9268.683,2018.298,10653.59,9452.588,1974.46,10675.59
9312.401,1955.555,10732.67,9302.309,2033.775,10555.18,9391.286,1982.074,10593.33,9268.712,2018.298,10653.38,9452.413,1974.46,10675.48
9312.27,1955.555,10732.51,9302.102,2033.775,10555.15,9391.106,1982.074,10593.23,9268.736,2018.298,10653.18,9452.237,1974.46,10675.37
9312.14,1955.555,10732.35,9301.896,2033.775,10555.12,9390.927,1982.074,10593.13,9268.757,2018.298,10652.97,9452.062,1974.46,10675.26
9312.011,1955.555,10732.18,9301.69,2033.775,10555.08,9390.746,1982.074,10593.02,9268.772,2018.298,10652.76,9451.882,1974.46,10675.15
9311.884,1955.555,10732.02,9301.487,2033.775,10555.04,9390.564,1982.074,10592.92,9268.783,2018.298,10652.55,9451.699,1974.46,10675.05
9311.758,1955.555,10731.85,9301.285,2033.775,10554.99,9390.382,1982.074,10592.82,9268.79,2018.298,10652.35,9451.512,1974.46,10674.96
9311.634,1955.555,10731.68,9301.084,2033.775,10554.93,9390.198,1982.074,10592.72,9268.792,2018.298,10652.14,9451.327,1974.46,10674.86
9311.511,1955.555,10731.52,9300.885,2033.775,10554.87,9390.015,1982.074,10592.62,9268.789,2018.298,10651.93,9451.138,1974.46,10674.78
9311.389,1955.555,10731.35,9300.688,2033.775,10554.8,9389.83,1982.074,10592.53,9268.781,2018.298,10651.72,9450.942,1974.46,10674.7
9311.268,1955.555,10731.18,9300.492,2033.775,10554.73,9389.644,1982.074,10592.43,9268.769,2018.298,10651.51,9450.75,1974.46,10674.63
9311.148,1955.555,10731.01,9300.299,2033.775,10554.65,9389.456,1982.074,10592.34,9268.751,2018.298,10651.31,9450.561,1974.46,10674.54
9311.03,1955.555,10730.83,9300.108,2033.775,10554.57,9389.269,1982.074,10592.25,9268.729,2018.298,10651.1,9450.364,1974.46,10674.47
9310.913,1955.555,10730.66,9299.92,2033.775,10554.48,9389.08,1982.074,10592.16,9268.702,2018.298,10650.89,9450.17,1974.46,10674.39
9310.797,1955.555,10730.49,9299.734,2033.775,10554.38,9388.891,1982.074,10592.08,9268.671,2018.298,10650.69,9449.977,1974.46,10674.32
9310.682,1955.555,10730.32,9299.552,2033.775,10554.28,9388.701,1982.074,10591.99,9268.635,2018.298,10650.48,9449.785,1974.46,10674.23
9310.567,1955.555,10730.14,9299.372,2033.775,10554.18,9388.511,1982.074,10591.91,9268.595,2018.298,10650.28,9449.594,1974.46,10674.15
9310.454,1955.555,10729.97,9299.195,2033.775,10554.07,9388.32,1982.074,10591.82,9268.55,2018.298,10650.07,9449.4,1974.46,10674.07
9310.342,1955.555,10729.79,9299.021,2033.775,10553.95,9388.13,1982.074,10591.74,9268.501,2018.298,10649.87,9449.209,1974.46,10673.99
9310.23,1955.555,10729.62,9298.852,2033.775,10553.83,9387.938,1982.074,10591.66,9268.448,2018.298,10649.67,9449.015,1974.46,10673.92
9310.12,1955.555,10729.44,9298.685,2033.775,10553.71,9387.747,1982.074,10591.58,9268.391,2018.298,10649.47,9448.822,1974.46,10673.83
9310.011,1955.555,10729.26,9298.521,2033.775,10553.58,9387.556,1982.074,10591.49,9268.329,2018.298,10649.27,9448.633,1974.46,10673.75
9309.901,1955.555,10729.09,9298.362,2033.775,10553.44,9387.364,1982.074,10591.41,9268.265,2018.298,10649.07,9448.443,1974.46,10673.66
9309.793,1955.555,10728.91,9298.207,2033.775,10553.3,9387.173,1982.074,10591.33,9268.196,2018.298,10648.88,9448.256,1974.46,10673.57
9309.686,1955.555,10728.73,9298.056,2033.775,10553.16,9386.981,1982.074,10591.25,9268.125,2018.298,10648.68,9448.065,1974.46,10673.49
9309.573,1955.555,10728.54,9297.899,2033.775,10553.01,9386.779,1982.074,10591.16,9268.046,2018.298,10648.48,9447.861,1974.46,10673.41
9309.325,1955.555,10728.12,9297.565,2033.775,10552.66,9386.333,1982.074,10590.97,9267.864,2018.298,10648.03,9447.396,1974.46,10673.27
9309.22,1955.555,10727.94,9297.426,2033.775,10552.5,9386.141,1982.074,10590.89,9267.783,2018.298,10647.83,9447.197,1974.46,10673.2
9308.89,1955.555,10727.38,9297.002,2033.775,10552,9385.536,1982.074,10590.64,9267.521,2018.298,10647.23,9446.584,1974.46,10672.98
9308.694,1955.555,10727.04,9296.758,2033.775,10551.7,9385.177,1982.074,10590.49,9267.361,2018.298,10646.88,9446.205,1974.46,10672.89
9308.415,1955.555,10726.56,9296.419,2033.775,10551.26,9384.658,1982.074,10590.29,9267.126,2018.298,10646.37,9445.665,1974.46,10672.75
9308.143,1955.555,10726.08,9296.098,2033.775,10550.81,9384.147,1982.074,10590.09,9266.891,2018.298,10645.88,9445.141,1974.46,10672.59
9307.644,1955.555,10725.21,9295.528,2033.775,10549.98,9383.208,1982.074,10589.72,9266.45,2018.298,10644.97,9444.186,1974.46,10672.26
9307.525,1955.555,10725,9295.398,2033.775,10549.78,9382.985,1982.074,10589.64,9266.344,2018.298,10644.76,9443.959,1974.46,10672.19
9307.048,1955.555,10724.15,9294.891,2033.775,10548.95,9382.078,1982.074,10589.29,9265.908,2018.298,10643.89,9443.046,1974.46,10671.85
9306.521,1955.555,10723.21,9294.353,2033.775,10548.02,9381.076,1982.074,10588.9,9265.422,2018.298,10642.93,9442.049,1974.46,10671.45
9306.286,1955.555,10722.79,9294.122,2033.775,10547.59,9380.628,1982.074,10588.72,9265.203,2018.298,10642.5,9441.619,1974.46,10671.23
9305.782,1955.555,10721.89,9293.648,2033.775,10546.67,9379.667,1982.074,10588.33,9264.73,2018.298,10641.57,9440.679,1974.46,10670.79
9305.319,1955.555,10721.05,9293.232,2033.775,10545.81,9378.783,1982.074,10587.96,9264.295,2018.298,10640.72,9439.854,1974.46,10670.3
9304.987,1955.555,10720.45,9292.948,2033.775,10545.18,9378.15,1982.074,10587.69,9263.982,2018.298,10640.11,9439.258,1974.46,10669.95
9304.201,1955.555,10719.01,9292.309,2033.775,10543.67,9376.654,1982.074,10587.03,9263.244,2018.298,10638.65,9437.816,1974.46,10669.18
9303.816,1955.555,10718.31,9292.013,2033.775,10542.93,9375.923,1982.074,10586.7,9262.885,2018.298,10637.93,9437.098,1974.46,10668.82
9303.278,1955.555,10717.32,9291.563,2033.775,10541.9,9374.913,1982.074,10586.2,9262.387,2018.298,10636.92,9436.141,1974.46,10668.23
9302.725,1955.555,10716.3,9291.065,2033.775,10540.85,9373.888,1982.074,10585.66,9261.876,2018.298,10635.88,9435.134,1974.46,10667.65
9302.156,1955.555,10715.25,9290.518,2033.775,10539.78,9372.852,1982.074,10585.06,9261.353,2018.298,10634.8,9434.078,1974.46,10667.09
9301.634,1955.555,10714.28,9289.98,2033.775,10538.82,9371.914,1982.074,10584.48,9260.869,2018.298,10633.81,9433.122,1974.46,10666.54
9300.729,1955.555,10712.59,9288.995,2033.775,10537.18,9370.323,1982.074,10583.42,9260.027,2018.298,10632.1,9431.383,1974.46,10665.74
9300.523,1955.555,10712.21,9288.757,2033.775,10536.81,9369.967,1982.074,10583.16,9259.833,2018.298,10631.7,9430.991,1974.46,10665.55
9299.727,1955.555,10710.71,9287.789,2033.775,10535.42,9368.62,1982.074,10582.13,9259.071,2018.298,10630.19,9429.498,1974.46,10664.74
9299.085,1955.555,10709.5,9286.973,2033.775,10534.32,9367.562,1982.074,10581.26,9258.447,2018.298,10628.97,9428.316,1974.46,10664.05
9298.685,1955.555,10708.75,9286.439,2033.775,10533.65,9366.848,1982.074,10580.79,9258.05,2018.298,10628.21,9427.591,1974.46,10663.6
9297.767,1955.555,10707.01,9285.166,2033.775,10532.16,9365.246,1982.074,10579.65,9257.119,2018.298,10626.49,9425.961,1974.46,10662.5
9297.082,1955.555,10705.71,9284.178,2033.775,10531.07,9364.078,1982.074,10578.76,9256.408,2018.298,10625.2,9424.72,1974.46,10661.71
9296.208,1955.555,10704.05,9282.822,2033.775,10529.77,9362.623,1982.074,10577.58,9255.477,2018.298,10623.57,9423.101,1974.46,10660.76
9295.967,1955.555,10703.59,9282.46,2033.775,10529.4,9362.229,1982.074,10577.24,9255.212,2018.298,10623.13,9422.662,1974.46,10660.49
9294.974,1955.555,10701.7,9280.901,2033.775,10527.93,9360.563,1982.074,10575.89,9254.156,2018.298,10621.26,9420.89,1974.46,10659.29
9294.249,1955.555,10700.31,9279.799,2033.775,10526.82,9359.316,1982.074,10574.95,9253.411,2018.298,10619.89,9419.589,1974.46,10658.42
9293.603,1955.555,10699.08,9278.728,2033.775,10525.92,9358.178,1982.074,10574.14,9252.77,2018.298,10618.65,9418.444,1974.46,10657.62
9292.834,1955.555,10697.6,9277.488,2033.775,10524.82,9356.794,1982.074,10573.22,9252.032,2018.298,10617.16,9416.989,1974.46,10656.81
9292.16,1955.555,10696.31,9276.401,2033.775,10523.84,9355.554,1982.074,10572.45,9251.408,2018.298,10615.84,9415.734,1974.46,10656.06
9291.509,1955.555,10695.05,9275.381,2033.775,10522.86,9354.332,1982.074,10571.74,9250.828,2018.298,10614.55,9414.544,1974.46,10655.3
9290.877,1955.555,10693.84,9274.422,2033.775,10521.88,9353.128,1982.074,10571.08,9250.289,2018.298,10613.29,9413.412,1974.46,10654.52
9290.265,1955.555,10692.66,9273.522,2033.775,10520.9,9351.943,1982.074,10570.47,9249.789,2018.298,10612.05,9412.323,1974.46,10653.75
9289.736,1955.555,10691.63,9272.679,2033.775,10520.11,9350.91,1982.074,10569.96,9249.378,2018.298,10610.98,9411.361,1974.46,10653.12
9288.883,1955.555,10689.98,9271.355,2033.775,10518.8,9349.22,1982.074,10569.18,9248.744,2018.298,10609.23,9409.772,1974.46,10652.15
9288.698,1955.555,10689.62,9271.078,2033.775,10518.51,9348.851,1982.074,10569.02,9248.614,2018.298,10608.85,9409.433,1974.46,10651.93
9288.018,1955.555,10688.29,9270.078,2033.775,10517.4,9347.479,1982.074,10568.43,9248.161,2018.298,10607.43,9408.152,1974.46,10651.17
9287.655,1955.555,10687.59,9269.604,2033.775,10516.77,9346.745,1982.074,10568.13,9247.935,2018.298,10606.67,9407.468,1974.46,10650.76
9286.938,1955.555,10686.19,9268.62,2033.775,10515.53,9345.288,1982.074,10567.53,9247.516,2018.298,10605.15,9406.084,1974.46,10650.01
9286.579,1955.555,10685.48,9268.106,2033.775,10514.93,9344.555,1982.074,10567.23,9247.32,2018.298,10604.38,9405.377,1974.46,10649.65
9286.139,1955.555,10684.61,9267.556,2033.775,10514.13,9343.65,1982.074,10566.88,9247.1,2018.298,10603.43,9404.495,1974.46,10649.24
9285.759,1955.555,10683.86,9267.057,2033.775,10513.45,9342.868,1982.074,10566.57,9246.926,2018.298,10602.61,9403.721,1974.46,10648.92
9285.308,1955.555,10682.97,9266.438,2033.775,10512.67,9341.935,1982.074,10566.21,9246.738,2018.298,10601.63,9402.787,1974.46,10648.56
9284.912,1955.555,10682.19,9265.873,2033.775,10511.99,9341.124,1982.074,10565.87,9246.549,2018.298,10600.77,9401.949,1974.46,10648.29
9284.53,1955.555,10681.42,9265.256,2033.775,10511.41,9340.351,1982.074,10565.51,9246.341,2018.298,10599.94,9401.147,1974.46,10648
9284.162,1955.555,10680.69,9264.649,2033.775,10510.85,9339.613,1982.074,10565.14,9246.116,2018.298,10599.15,9400.38,1974.46,10647.7
9283.807,1955.555,10679.97,9264.081,2033.775,10510.29,9338.912,1982.074,10564.76,9245.877,2018.298,10598.39,9399.647,1974.46,10647.38
9283.542,1955.555,10679.4,9263.606,2033.775,10509.87,9338.37,1982.074,10564.44,9245.671,2018.298,10597.79,9399.063,1974.46,10647.15
9283.183,1955.555,10678.57,9262.944,2033.775,10509.26,9337.606,1982.074,10563.96,9245.351,2018.298,10596.95,9398.214,1974.46,10646.84
9282.912,1955.555,10677.9,9262.427,2033.775,10508.75,9337.007,1982.074,10563.55,9245.074,2018.298,10596.28,9397.525,1974.46,10646.61
9282.666,1955.555,10677.24,9261.939,2033.775,10508.24,9336.437,1982.074,10563.14,9244.788,2018.298,10595.64,9396.85,1974.46,10646.41
9282.511,1955.555,10676.79,9261.611,2033.775,10507.89,9336.06,1982.074,10562.84,9244.582,2018.298,10595.2,9396.388,1974.46,10646.29
9282.211,1955.555,10675.84,9260.951,2033.775,10507.15,9335.294,1982.074,10562.21,9244.125,2018.298,10594.32,9395.422,1974.46,10646.04
9282.069,1955.555,10675.35,9260.626,2033.775,10506.75,9334.913,1982.074,10561.87,9243.877,2018.298,10593.87,9394.93,1974.46,10645.92
9281.911,1955.555,10674.74,9260.242,2033.775,10506.26,9334.459,1982.074,10561.44,9243.555,2018.298,10593.33,9394.324,1974.46,10645.75
9281.773,1955.555,10674.16,9259.89,2033.775,10505.77,9334.011,1982.074,10561.04,9243.23,2018.298,10592.83,9393.745,1974.46,10645.6
9281.678,1955.555,10673.7,9259.628,2033.775,10505.39,9333.636,1982.074,10560.76,9242.966,2018.298,10592.45,9393.294,1974.46,10645.48
9281.554,1955.555,10673.03,9259.263,2033.775,10504.81,9333.101,1982.074,10560.33,9242.561,2018.298,10591.9,9392.63,1974.46,10645.32
9281.467,1955.555,10672.49,9258.983,2033.775,10504.34,9332.678,1982.074,10559.98,9242.221,2018.298,10591.46,9392.096,1974.46,10645.19
9281.417,1955.555,10672.12,9258.785,2033.775,10504.02,9332.4,1982.074,10559.74,9241.988,2018.298,10591.18,9391.735,1974.46,10645.11
9281.341,1955.555,10671.45,9258.405,2033.775,10503.47,9331.881,1982.074,10559.31,9241.559,2018.298,10590.66,9391.079,1974.46,10644.96
9281.31,1955.555,10671.1,9258.198,2033.775,10503.18,9331.593,1982.074,10559.11,9241.331,2018.298,10590.39,9390.737,1974.46,10644.88
9281.267,1955.555,10670.47,9257.81,2033.775,10502.69,9331.087,1982.074,10558.73,9240.912,2018.298,10589.92,9390.12,1974.46,10644.75
9281.245,1955.555,10670,9257.509,2033.775,10502.33,9330.721,1982.074,10558.43,9240.596,2018.298,10589.57,9389.662,1974.46,10644.65
9281.238,1955.555,10669.73,9257.334,2033.775,10502.11,9330.499,1982.074,10558.27,9240.405,2018.298,10589.37,9389.392,1974.46,10644.59
9281.236,1955.555,10669.11,9256.937,2033.775,10501.64,9330.019,1982.074,10557.88,9239.976,2018.298,10588.93,9388.791,1974.46,10644.46
9281.243,1955.555,10668.68,9256.657,2033.775,10501.32,9329.714,1982.074,10557.58,9239.673,2018.298,10588.63,9388.374,1974.46,10644.36
9281.257,1955.555,10668.31,9256.404,2033.775,10501.04,9329.439,1982.074,10557.33,9239.406,2018.298,10588.37,9388.012,1974.46,10644.28
9281.281,1955.555,10667.87,9256.116,2033.775,10500.71,9329.105,1982.074,10557.04,9239.087,2018.298,10588.07,9387.584,1974.46,10644.17
9281.308,1955.555,10667.52,9255.885,2033.775,10500.45,9328.834,1982.074,10556.82,9238.831,2018.298,10587.83,9387.246,1974.46,10644.08
9281.36,1955.555,10666.96,9255.5,2033.775,10500.04,9328.387,1982.074,10556.48,9238.416,2018.298,10587.45,9386.702,1974.46,10643.95
9281.384,1955.555,10666.76,9255.357,2033.775,10499.88,9328.224,1982.074,10556.35,9238.26,2018.298,10587.32,9386.501,1974.46,10643.89
9281.441,1955.555,10666.31,9255.039,2033.775,10499.57,9327.862,1982.074,10556.08,9237.918,2018.298,10587.02,9386.063,1974.46,10643.78
9281.477,1955.555,10666.07,9254.864,2033.775,10499.4,9327.685,1982.074,10555.92,9237.733,2018.298,10586.87,9385.832,1974.46,10643.72
9281.547,1955.555,10665.65,9254.539,2033.775,10499.12,9327.354,1982.074,10555.64,9237.398,2018.298,10586.59,9385.415,1974.46,10643.61
9281.589,1955.555,10665.33,9254.313,2033.775,10498.89,9327.104,1982.074,10555.44,9237.148,2018.298,10586.4,9385.109,1974.46,10643.51
9281.61,1955.555,10665.12,9254.162,2033.775,10498.75,9326.938,1982.074,10555.32,9236.984,2018.298,10586.27,9384.912,1974.46,10643.45
9281.643,1955.555,10664.71,9253.851,2033.775,10498.47,9326.597,1982.074,10555.08,9236.654,2018.298,10586.02,9384.524,1974.46,10643.3
9281.657,1955.555,10664.42,9253.624,2033.775,10498.29,9326.351,1982.074,10554.92,9236.418,2018.298,10585.84,9384.254,1974.46,10643.19
9281.664,1955.555,10664.13,9253.4,2033.775,10498.11,9326.109,1982.074,10554.78,9236.188,2018.298,10585.68,9383.997,1974.46,10643.07
9281.664,1955.555,10663.92,9253.233,2033.775,10497.97,9325.918,1982.074,10554.67,9236.007,2018.298,10585.56,9383.8,1974.46,10642.97
9281.655,1955.555,10663.59,9252.982,2033.775,10497.77,9325.632,1982.074,10554.52,9235.738,2018.298,10585.38,9383.516,1974.46,10642.82
9281.643,1955.555,10663.34,9252.777,2033.775,10497.61,9325.401,1982.074,10554.41,9235.522,2018.298,10585.24,9383.294,1974.46,10642.69
9281.624,1955.555,10663.09,9252.582,2033.775,10497.46,9325.173,1982.074,10554.31,9235.309,2018.298,10585.11,9383.082,1974.46,10642.56
9281.604,1955.555,10662.88,9252.415,2033.775,10497.33,9324.98,1982.074,10554.23,9235.129,2018.298,10585.01,9382.909,1974.46,10642.44
9281.566,1955.555,10662.56,9252.15,2033.775,10497.15,9324.678,1982.074,10554.12,9234.847,2018.298,10584.85,9382.646,1974.46,10642.25
9281.535,1955.555,10662.33,9251.958,2033.775,10497.02,9324.46,1982.074,10554.04,9234.644,2018.298,10584.74,9382.464,1974.46,10642.11
9281.503,1955.555,10662.13,9251.78,2033.775,10496.91,9324.262,1982.074,10553.98,9234.458,2018.298,10584.65,9382.304,1974.46,10641.98
9281.462,1955.555,10661.89,9251.572,2033.775,10496.8,9324.032,1982.074,10553.91,9234.242,2018.298,10584.54,9382.125,1974.46,10641.82
9281.423,1955.555,10661.69,9251.388,2033.775,10496.7,9323.831,1982.074,10553.85,9234.053,2018.298,10584.46,9381.974,1974.46,10641.68
9281.379,1955.555,10661.47,9251.189,2033.775,10496.6,9323.621,1982.074,10553.79,9233.851,2018.298,10584.37,9381.819,1974.46,10641.52
9281.335,1955.555,10661.27,9250.999,2033.775,10496.52,9323.42,1982.074,10553.74,9233.657,2018.298,10584.29,9381.678,1974.46,10641.37
9281.289,1955.555,10661.06,9250.806,2033.775,10496.44,9323.218,1982.074,10553.69,9233.462,2018.298,10584.22,9381.531,1974.46,10641.22
9281.239,1955.555,10660.85,9250.6,2033.775,10496.37,9323.004,1982.074,10553.64,9233.255,2018.298,10584.15,9381.369,1974.46,10641.08
9281.189,1955.555,10660.65,9250.401,2033.775,10496.3,9322.8,1982.074,10553.6,9233.057,2018.298,10584.09,9381.207,1974.46,10640.94
9281.128,1955.555,10660.41,9250.165,2033.775,10496.23,9322.557,1982.074,10553.55,9232.819,2018.298,10584.02,9381.012,1974.46,10640.79
9281.074,1955.555,10660.21,9249.964,2033.775,10496.17,9322.351,1982.074,10553.52,9232.618,2018.298,10583.96,9380.852,1974.46,10640.66
9281.015,1955.555,10659.99,9249.751,2033.775,10496.11,9322.131,1982.074,10553.49,9232.401,2018.298,10583.91,9380.664,1974.46,10640.54
9280.956,1955.555,10659.79,9249.553,2033.775,10496.04,9321.925,1982.074,10553.46,9232.197,2018.298,10583.87,9380.492,1974.46,10640.42
9280.896,1955.555,10659.59,9249.353,2033.775,10495.99,9321.718,1982.074,10553.44,9231.992,2018.298,10583.83,9380.324,1974.46,10640.3
9280.833,1955.555,10659.4,9249.15,2033.775,10495.94,9321.511,1982.074,10553.42,9231.787,2018.298,10583.8,9380.149,1974.46,10640.18
9280.769,1955.555,10659.2,9248.947,2033.775,10495.89,9321.303,1982.074,10553.41,9231.581,2018.298,10583.77,9379.979,1974.46,10640.07
9280.703,1955.555,10659,9248.742,2033.775,10495.85,9321.095,1982.074,10553.4,9231.374,2018.298,10583.74,9379.811,1974.46,10639.94
9280.637,1955.555,10658.8,9248.536,2033.775,10495.82,9320.887,1982.074,10553.38,9231.167,2018.298,10583.72,9379.647,1974.46,10639.81
9280.569,1955.555,10658.61,9248.329,2033.775,10495.8,9320.68,1982.074,10553.36,9230.959,2018.298,10583.71,9379.479,1974.46,10639.69
9280.5,1955.555,10658.41,9248.122,2033.775,10495.78,9320.472,1982.074,10553.34,9230.751,2018.298,10583.7,9379.316,1974.46,10639.56
9280.431,1955.555,10658.21,9247.915,2033.775,10495.76,9320.264,1982.074,10553.33,9230.543,2018.298,10583.69,9379.148,1974.46,10639.44
9280.36,1955.555,10658.02,9247.707,2033.775,10495.74,9320.056,1982.074,10553.33,9230.335,2018.298,10583.69,9378.965,1974.46,10639.34
9280.288,1955.555,10657.82,9247.499,2033.775,10495.73,9319.848,1982.074,10553.33,9230.127,2018.298,10583.7,9378.785,1974.46,10639.23
9280.214,1955.555,10657.63,9247.291,2033.775,10495.73,9319.64,1982.074,10553.34,9229.919,2018.298,10583.71,9378.608,1974.46,10639.12
9280.139,1955.555,10657.43,9247.083,2033.775,10495.73,9319.432,1982.074,10553.35,9229.711,2018.298,10583.72,9378.435,1974.46,10639.01
9280.063,1955.555,10657.24,9246.875,2033.775,10495.74,9319.224,1982.074,10553.36,9229.504,2018.298,10583.74,9378.257,1974.46,10638.9
9279.987,1955.555,10657.04,9246.667,2033.775,10495.76,9319.016,1982.074,10553.38,9229.297,2018.298,10583.77,9378.08,1974.46,10638.79
9279.91,1955.555,10656.85,9246.46,2033.775,10495.78,9318.809,1982.074,10553.39,9229.091,2018.298,10583.8,9377.9,1974.46,10638.68
9279.832,1955.555,10656.66,9246.254,2033.775,10495.81,9318.602,1982.074,10553.42,9228.886,2018.298,10583.83,9377.719,1974.46,10638.58
9279.753,1955.555,10656.47,9246.056,2033.775,10495.88,9318.396,1982.074,10553.45,9228.682,2018.298,10583.87,9377.541,1974.46,10638.47
9279.673,1955.555,10656.27,9245.855,2033.775,10495.93,9318.19,1982.074,10553.48,9228.479,2018.298,10583.92,9377.368,1974.46,10638.35
9279.531,1955.555,10655.94,9245.506,2033.775,10496.04,9317.831,1982.074,10553.56,9228.123,2018.298,10584.01,9377.059,1974.46,10638.16
9279.45,1955.555,10655.75,9245.306,2033.775,10496.1,9317.628,1982.074,10553.6,9227.923,2018.298,10584.06,9376.879,1974.46,10638.05
9279.235,1955.555,10655.24,9244.776,2033.775,10496.23,9317.099,1982.074,10553.73,9227.401,2018.298,10584.22,9376.42,1974.46,10637.76
9279.127,1955.555,10654.99,9244.513,2033.775,10496.3,9316.834,1982.074,10553.8,9227.142,2018.298,10584.31,9376.185,1974.46,10637.62
9278.828,1955.555,10654.36,9243.819,2033.775,10496.42,9316.153,1982.074,10553.98,9226.468,2018.298,10584.51,9375.569,1974.46,10637.28
9278.566,1955.555,10653.84,9243.253,2033.775,10496.54,9315.595,1982.074,10554.13,9225.909,2018.298,10584.66,9375.055,1974.46,10637.02
9278.294,1955.555,10653.35,9242.702,2033.775,10496.67,9315.049,1982.074,10554.28,9225.357,2018.298,10584.79,9374.543,1974.46,10636.77
9277.91,1955.555,10652.7,9241.975,2033.775,10496.87,9314.319,1982.074,10554.46,9224.616,2018.298,10584.93,9373.887,1974.46,10636.4
9277.574,1955.555,10652.17,9241.364,2033.775,10497.01,9313.711,1982.074,10554.62,9223.997,2018.298,10585.03,9373.331,1974.46,10636.11
9277.006,1955.555,10651.33,9240.374,2033.775,10497.22,9312.724,1982.074,10554.83,9222.994,2018.298,10585.16,9372.425,1974.46,10635.66
9276.878,1955.555,10651.16,9240.16,2033.775,10497.25,9312.511,1982.074,10554.87,9222.778,2018.298,10585.18,9372.228,1974.46,10635.57
9276.381,1955.555,10650.52,9239.359,2033.775,10497.36,9311.711,1982.074,10554.99,9221.972,2018.298,10585.22,9371.48,1974.46,10635.26
9276.104,1955.555,10650.19,9238.938,2033.775,10497.46,9311.283,1982.074,10555.04,9221.541,2018.298,10585.24,9371.097,1974.46,10635.07
9275.508,1955.555,10649.52,9238.056,2033.775,10497.62,9310.389,1982.074,10555.11,9220.644,2018.298,10585.23,9370.285,1974.46,10634.68
9275.191,1955.555,10649.19,9237.603,2033.775,10497.69,9309.931,1982.074,10555.13,9220.186,2018.298,10585.22,9369.864,1974.46,10634.5
9274.791,1955.555,10648.79,9237.045,2033.775,10497.75,9309.369,1982.074,10555.14,9219.625,2018.298,10585.18,9369.342,1974.46,10634.3
9274.468,1955.555,10648.49,9236.607,2033.775,10497.79,9308.93,1982.074,10555.13,9219.188,2018.298,10585.13,9368.916,1974.46,10634.19
9273.99,1955.555,10648.08,9235.978,2033.775,10497.82,9308.3,1982.074,10555.1,9218.562,2018.298,10585.07,9368.31,1974.46,10634.02
9273.566,1955.555,10647.74,9235.433,2033.775,10497.83,9307.757,1982.074,10555.06,9218.021,2018.298,10585,9367.781,1974.46,10633.88
9273.19,1955.555,10647.46,9234.962,2033.775,10497.82,9307.289,1982.074,10555.01,9217.553,2018.298,10584.95,9367.325,1974.46,10633.77
9272.547,1955.555,10647,9234.175,2033.775,10497.79,9306.51,1982.074,10554.89,9216.767,2018.298,10584.89,9366.569,1974.46,10633.54
9271.971,1955.555,10646.62,9233.487,2033.775,10497.73,9305.823,1982.074,10554.82,9216.077,2018.298,10584.87,9365.914,1974.46,10633.33
9271.566,1955.555,10646.38,9233.017,2033.775,10497.68,9305.354,1982.074,10554.76,9215.604,2018.298,10584.86,9365.469,1974.46,10633.17
9270.817,1955.555,10645.95,9232.164,2033.775,10497.56,9304.504,1982.074,10554.62,9214.743,2018.298,10584.89,9364.688,1974.46,10632.8
9270.422,1955.555,10645.75,9231.725,2033.775,10497.48,9304.066,1982.074,10554.54,9214.298,2018.298,10584.91,9364.278,1974.46,10632.63
9269.624,1955.555,10645.36,9230.857,2033.775,10497.3,9303.196,1982.074,10554.37,9213.415,2018.298,10584.99,9363.452,1974.46,10632.3
9269.253,1955.555,10645.19,9230.463,2033.775,10497.2,9302.8,1982.074,10554.28,9213.012,2018.298,10585.04,9363.069,1974.46,10632.17
9268.614,1955.555,10644.94,9229.799,2033.775,10497.02,9302.136,1982.074,10554.09,9212.331,2018.298,10585.15,9362.432,1974.46,10631.91
9268.187,1955.555,10644.78,9229.363,2033.775,10496.88,9301.692,1982.074,10553.98,9211.883,2018.298,10585.24,9362.005,1974.46,10631.75
9267.568,1955.555,10644.57,9228.749,2033.775,10496.67,9301.056,1982.074,10553.85,9211.247,2018.298,10585.38,9361.388,1974.46,10631.54
9267.112,1955.555,10644.44,9228.296,2033.775,10496.53,9300.596,1982.074,10553.73,9210.78,2018.298,10585.47,9360.933,1974.46,10631.4
9266.566,1955.555,10644.3,9227.764,2033.775,10496.34,9300.046,1982.074,10553.61,9210.23,2018.298,10585.59,9360.407,1974.46,10631.2
9266.141,1955.555,10644.17,9227.349,2033.775,10496.18,9299.625,1982.074,10553.47,9209.8,2018.298,10585.7,9359.988,1974.46,10631.05
9265.628,1955.555,10644.04,9226.86,2033.775,10495.97,9299.118,1982.074,10553.31,9209.291,2018.298,10585.85,9359.486,1974.46,10630.88
9265.176,1955.555,10643.93,9226.439,2033.775,10495.78,9298.67,1982.074,10553.19,9208.85,2018.298,10585.99,9359.06,1974.46,10630.7
9264.822,1955.555,10643.87,9226.118,2033.775,10495.62,9298.319,1982.074,10553.11,9208.512,2018.298,10586.12,9358.725,1974.46,10630.56
9264.191,1955.555,10643.76,9225.538,2033.775,10495.35,9297.702,1982.074,10552.95,9207.904,2018.298,10586.32,9358.122,1974.46,10630.35
9263.984,1955.555,10643.74,9225.352,2033.775,10495.26,9297.499,1982.074,10552.9,9207.708,2018.298,10586.39,9357.924,1974.46,10630.29
9263.421,1955.555,10643.64,9224.849,2033.775,10494.98,9296.938,1982.074,10552.79,9207.177,2018.298,10586.6,9357.373,1974.46,10630.13
9263.179,1955.555,10643.61,9224.638,2033.775,10494.86,9296.697,1982.074,10552.75,9206.952,2018.298,10586.7,9357.136,1974.46,10630.07
9262.643,1955.555,10643.55,9224.182,2033.775,10494.57,9296.163,1982.074,10552.68,9206.466,2018.298,10586.93,9356.625,1974.46,10629.9
9262.414,1955.555,10643.52,9223.99,2033.775,10494.45,9295.936,1982.074,10552.64,9206.261,2018.298,10587.03,9356.404,1974.46,10629.84
9261.913,1955.555,10643.48,9223.582,2033.775,10494.15,9295.437,1982.074,10552.58,9205.821,2018.298,10587.28,9355.918,1974.46,10629.71
9261.695,1955.555,10643.47,9223.409,2033.775,10494.02,9295.222,1982.074,10552.54,9205.631,2018.298,10587.38,9355.706,1974.46,10629.66
9261.224,1955.555,10643.45,9223.045,2033.775,10493.72,9294.759,1982.074,10552.45,9205.219,2018.298,10587.61,9355.244,1974.46,10629.56
9261.016,1955.555,10643.45,9222.889,2033.775,10493.58,9294.556,1982.074,10552.4,9205.037,2018.298,10587.71,9355.039,1974.46,10629.53
9260.57,1955.555,10643.46,9222.563,2033.775,10493.28,9294.125,1982.074,10552.29,9204.648,2018.298,10587.93,9354.598,1974.46,10629.47
9260.362,1955.555,10643.47,9222.416,2033.775,10493.13,9293.926,1982.074,10552.23,9204.467,2018.298,10588.03,9354.391,1974.46,10629.44
9259.942,1955.555,10643.5,9222.128,2033.775,10492.82,9293.526,1982.074,10552.1,9204.1,2018.298,10588.24,9353.971,1974.46,10629.41
9259.735,1955.555,10643.52,9221.99,2033.775,10492.66,9293.331,1982.074,10552.02,9203.918,2018.298,10588.34,9353.763,1974.46,10629.4
9259.285,1955.555,10643.57,9221.681,2033.775,10492.33,9292.901,1982.074,10551.88,9203.516,2018.298,10588.55,9353.311,1974.46,10629.37
9258.887,1955.555,10643.62,9221.396,2033.775,10492.05,9292.517,1982.074,10551.77,9203.153,2018.298,10588.72,9352.911,1974.46,10629.34
9258.479,1955.555,10643.67,9221.097,2033.775,10491.77,9292.12,1982.074,10551.66,9202.777,2018.298,10588.88,9352.504,1974.46,10629.29
9257.909,1955.555,10643.74,9220.664,2033.775,10491.39,9291.562,1982.074,10551.53,9202.243,2018.298,10589.1,9351.935,1974.46,10629.21
9257.4,1955.555,10643.81,9220.267,2033.775,10491.06,9291.059,1982.074,10551.42,9201.76,2018.298,10589.27,9351.428,1974.46,10629.12
9256.449,1955.555,10643.94,9219.504,2033.775,10490.48,9290.112,1982.074,10551.25,9200.846,2018.298,10589.57,9350.485,1974.46,10628.94
9256.22,1955.555,10643.97,9219.315,2033.775,10490.34,9289.883,1982.074,10551.22,9200.623,2018.298,10589.63,9350.259,1974.46,10628.88
9255.288,1955.555,10644.07,9218.536,2033.775,10489.82,9288.979,1982.074,10550.97,9199.715,2018.298,10589.86,9349.339,1974.46,10628.71
9254.507,1955.555,10644.15,9217.87,2033.775,10489.41,9288.223,1982.074,10550.76,9198.948,2018.298,10590.03,9348.567,1974.46,10628.56
9254.003,1955.555,10644.18,9217.433,2033.775,10489.16,9287.731,1982.074,10550.65,9198.452,2018.298,10590.12,9348.068,1974.46,10628.49
9252.779,1955.555,10644.21,9216.354,2033.775,10488.58,9286.549,1982.074,10550.33,9197.242,2018.298,10590.31,9346.853,1974.46,10628.35
9252.219,1955.555,10644.21,9215.851,2033.775,10488.33,9286.006,1982.074,10550.19,9196.686,2018.298,10590.37,9346.304,1974.46,10628.23
9250.874,1955.555,10644.18,9214.625,2033.775,10487.78,9284.692,1982.074,10549.9,9195.346,2018.298,10590.49,9344.979,1974.46,10628
9249.443,1955.555,10644.19,9213.303,2033.775,10487.23,9283.306,1982.074,10549.55,9193.918,2018.298,10590.58,9343.563,1974.46,10627.79
9249.092,1955.555,10644.2,9212.974,2033.775,10487.11,9282.968,1982.074,10549.45,9193.566,2018.298,10590.59,9343.214,1974.46,10627.75
9247.696,1955.555,10644.29,9211.649,2033.775,10486.66,9281.638,1982.074,10549.02,9192.168,2018.298,10590.62,9341.82,1974.46,10627.64
9246.564,1955.555,10644.38,9210.563,2033.775,10486.33,9280.569,1982.074,10548.63,9191.032,2018.298,10590.62,9340.686,1974.46,10627.58
9245.857,1955.555,10644.45,9209.876,2033.775,10486.14,9279.908,1982.074,10548.37,9190.321,2018.298,10590.6,9339.975,1974.46,10627.57
9243.85,1955.555,10644.7,9207.905,2033.775,10485.68,9278.054,1982.074,10547.56,9188.301,2018.298,10590.51,9337.951,1974.46,10627.6
9243.192,1955.555,10644.75,9207.276,2033.775,10485.48,9277.44,1982.074,10547.32,9187.642,2018.298,10590.49,9337.292,1974.46,10627.58
9241.397,1955.555,10644.86,9205.555,2033.775,10484.96,9275.749,1982.074,10546.71,9185.847,2018.298,10590.39,9335.497,1974.46,10627.49
9240.564,1955.555,10644.88,9204.75,2033.775,10484.75,9274.957,1982.074,10546.45,9185.017,2018.298,10590.32,9334.667,1974.46,10627.42
9239.516,1955.555,10644.87,9203.728,2033.775,10484.52,9273.949,1982.074,10546.16,9183.975,2018.298,10590.2,9333.625,1974.46,10627.3
9237.964,1955.555,10644.8,9202.204,2033.775,10484.22,9272.443,1982.074,10545.78,9182.439,2018.298,10589.96,9332.075,1974.46,10627.21
9236.862,1955.555,10644.72,9201.114,2033.775,10484.04,9271.364,1982.074,10545.55,9181.354,2018.298,10589.76,9330.975,1974.46,10627.11
9235.228,1955.555,10644.55,9199.483,2033.775,10483.83,9269.747,1982.074,10545.25,9179.748,2018.298,10589.4,9329.343,1974.46,10626.91
9233.469,1955.555,10644.31,9197.717,2033.775,10483.65,9267.992,1982.074,10544.98,9178.027,2018.298,10588.96,9327.567,1974.46,10626.88
9232.955,1955.555,10644.22,9197.197,2033.775,10483.62,9267.475,1982.074,10544.92,9177.526,2018.298,10588.82,9327.047,1974.46,10626.85
9230.984,1955.555,10643.82,9195.188,2033.775,10483.55,9265.472,1982.074,10544.74,9175.614,2018.298,10588.2,9325.036,1974.46,10626.86
9229.518,1955.555,10643.47,9193.684,2033.775,10483.46,9263.967,1982.074,10544.65,9174.166,2018.298,10587.78,9323.529,1974.46,10626.81
9228.023,1955.555,10643.17,9192.16,2033.775,10483.45,9262.447,1982.074,10544.54,9172.688,2018.298,10587.41,9322.006,1974.46,10626.76
9226.812,1955.555,10642.96,9190.932,2033.775,10483.46,9261.226,1982.074,10544.41,9171.488,2018.298,10587.14,9320.777,1974.46,10626.75
9224.56,1955.555,10642.48,9188.628,2033.775,10483.41,9258.939,1982.074,10544.12,9169.223,2018.298,10586.73,9318.476,1974.46,10626.67
9224.012,1955.555,10642.38,9188.071,2033.775,10483.37,9258.399,1982.074,10543.99,9168.681,2018.298,10586.59,9317.92,1974.46,10626.63
9221.262,1955.555,10642.33,9185.332,2033.775,10483.13,9255.713,1982.074,10543.4,9165.987,2018.298,10586.04,9315.185,1974.46,10626.34
9220.354,1955.555,10642.28,9184.431,2033.775,10483.02,9254.82,1982.074,10543.23,9165.112,2018.298,10585.79,9314.276,1974.46,10626.34
9218.466,1955.555,10642.13,9182.559,2033.775,10482.73,9252.947,1982.074,10542.95,9163.271,2018.298,10585.35,9312.382,1974.46,10626.36
9217.14,1955.555,10641.98,9181.247,2033.775,10482.49,9251.622,1982.074,10542.79,9161.965,2018.298,10585.07,9311.048,1974.46,10626.32
9214.671,1955.555,10641.62,9178.817,2033.775,10481.92,9249.137,1982.074,10542.57,9159.507,2018.298,10584.64,9308.554,1974.46,10626.25
9214.079,1955.555,10641.51,9178.228,2033.775,10481.8,9248.537,1982.074,10542.53,9158.93,2018.298,10584.47,9307.954,1974.46,10626.21
9211.715,1955.555,10641.01,9175.844,2033.775,10481.41,9246.122,1982.074,10542.45,9156.588,2018.298,10583.88,9305.538,1974.46,10626.2
9210.013,1955.555,10640.61,9174.111,2033.775,10481.18,9244.379,1982.074,10542.33,9154.887,2018.298,10583.48,9303.792,1974.46,10626.14
9208.593,1955.555,10640.33,9172.684,2033.775,10480.94,9242.937,1982.074,10542.21,9153.468,2018.298,10583.2,9302.349,1974.46,10626.04
9206.528,1955.555,10639.85,9170.601,2033.775,10480.55,9240.83,1982.074,10541.97,9151.425,2018.298,10582.63,9300.229,1974.46,10625.97
9205.089,1955.555,10639.53,9169.127,2033.775,10480.51,9239.372,1982.074,10541.76,9149.992,2018.298,10582.28,9298.759,1974.46,10625.86
9202.972,1955.555,10639.14,9166.977,2033.775,10480.38,9237.242,1982.074,10541.44,9147.933,2018.298,10581.65,9296.616,1974.46,10625.64
9201.488,1955.555,10638.91,9165.482,2033.775,10480.25,9235.767,1982.074,10541.16,9146.484,2018.298,10581.26,9295.13,1974.46,10625.44
9199.306,1955.555,10638.79,9163.313,2033.775,10479.98,9233.604,1982.074,10540.84,9144.356,2018.298,10580.76,9292.971,1974.46,10625.1
9197.393,1955.555,10638.62,9161.416,2033.775,10479.68,9231.699,1982.074,10540.6,9142.495,2018.298,10580.29,9291.114,1974.46,10624.61
9195.328,1955.555,10638.36,9159.373,2033.775,10479.29,9229.625,1982.074,10540.43,9140.463,2018.298,10579.84,9289.087,1974.46,10624.14
9193.701,1955.555,10638.11,9157.746,2033.775,10479.03,9227.988,1982.074,10540.25,9138.844,2018.298,10579.54,9287.471,1974.46,10623.83
9191.834,1955.555,10637.76,9155.907,2033.775,10478.55,9226.107,1982.074,10539.98,9136.979,2018.298,10579.18,9285.595,1974.46,10623.53
9190.145,1955.555,10637.49,9154.25,2033.775,10478.13,9224.424,1982.074,10539.68,9135.307,2018.298,10578.82,9283.89,1974.46,10623.4
9188.031,1955.555,10637.23,9152.171,2033.775,10477.67,9222.322,1982.074,10539.34,9133.299,2018.298,10578.11,9281.772,1974.46,10623.18
9186.117,1955.555,10636.93,9150.293,2033.775,10477.2,9220.421,1982.074,10538.97,9131.467,2018.298,10577.48,9279.854,1974.46,10622.91
9184.6,1955.555,10636.65,9148.766,2033.775,10476.97,9218.88,1982.074,10538.86,9130.019,2018.298,10576.94,9278.31,1974.46,10622.87
9181.768,1955.555,10636.2,9145.946,2033.775,10476.45,9216.028,1982.074,10538.57,9127.3,2018.298,10576.03,9275.447,1974.46,10622.72
9181.088,1955.555,10636.09,9145.269,2033.775,10476.32,9215.346,1982.074,10538.48,9126.64,2018.298,10575.83,9274.761,1974.46,10622.66
9178.396,1955.555,10635.56,9142.571,2033.775,10475.81,9212.602,1982.074,10538.41,9123.985,2018.298,10575.14,9272.023,1974.46,10622.46
9177.199,1955.555,10635.37,9141.373,2033.775,10475.63,9211.392,1982.074,10538.34,9122.804,2018.298,10574.87,9270.813,1974.46,10622.51
9174.451,1955.555,10635.01,9138.648,2033.775,10475.13,9208.632,1982.074,10538.09,9120.084,2018.298,10574.34,9268.047,1974.46,10622.68
9172.455,1955.555,10634.82,9136.666,2033.775,10474.83,9206.642,1982.074,10537.85,9118.104,2018.298,10574.02,9266.044,1974.46,10622.77
9170.672,1955.555,10634.58,9134.948,2033.775,10474.29,9204.85,1982.074,10537.69,9116.323,2018.298,10573.77,9264.245,1974.46,10622.79
9168.447,1955.555,10634.35,9132.793,2033.775,10473.7,9202.631,1982.074,10537.41,9114.104,2018.298,10573.5,9262.01,1974.46,10622.74
9166.669,1955.555,10633.97,9131.024,2033.775,10473.28,9200.82,1982.074,10537.24,9112.301,2018.298,10573.27,9260.193,1974.46,10622.64
9164.452,1955.555,10633.57,9128.818,2033.775,10472.82,9198.575,1982.074,10537.06,9110.051,2018.298,10573.16,9257.944,1974.46,10622.5
9162.427,1955.555,10633.28,9126.805,2033.775,10472.46,9196.54,1982.074,10536.85,9108.011,2018.298,10573,9255.899,1974.46,10622.59
9160.386,1955.555,10633.05,9124.774,2033.775,10472.15,9194.503,1982.074,10536.59,9105.957,2018.298,10573.03,9253.846,1974.46,10622.62
9158.959,1955.555,10632.93,9123.354,2033.775,10471.97,9193.086,1982.074,10536.39,9104.526,2018.298,10572.99,9252.415,1974.46,10622.59
9156.285,1955.555,10632.55,9120.667,2033.775,10471.7,9190.417,1982.074,10535.98,9101.829,2018.298,10572.85,9249.717,1974.46,10622.45
9154.865,1955.555,10632.31,9119.231,2033.775,10471.59,9188.998,1982.074,10535.74,9100.395,2018.298,10572.72,9248.277,1974.46,10622.42
9151.912,1955.555,10631.92,9116.253,2033.775,10471.53,9186.047,1982.074,10535.34,9097.438,2018.298,10572.36,9245.303,1974.46,10622.25
9150.5,1955.555,10631.69,9114.825,2033.775,10471.45,9184.624,1982.074,10535.19,9096.013,2018.298,10572.24,9243.878,1974.46,10622.13
9147.213,1955.555,10631.28,9111.525,2033.775,10471.15,9181.319,1982.074,10534.96,9092.702,2018.298,10572.36,9240.571,1974.46,10621.92
9146.519,1955.555,10631.21,9110.828,2033.775,10471.12,9180.622,1982.074,10534.93,9092.004,2018.298,10572.37,9239.877,1974.46,10621.85
9143.85,1955.555,10630.97,9108.162,2033.775,10470.85,9177.949,1982.074,10534.74,9089.325,2018.298,10572.29,9237.203,1974.46,10621.68
9141.753,1955.555,10630.75,9106.059,2033.775,10470.71,9175.882,1982.074,10534.33,9087.218,2018.298,10572.24,9235.104,1974.46,10621.48
9138.813,1955.555,10630.89,9103.13,2033.775,10470.41,9172.979,1982.074,10533.84,9084.276,2018.298,10572.13,9232.185,1974.46,10621.1
9138.107,1955.555,10630.9,9102.425,2033.775,10470.39,9172.286,1982.074,10533.71,9083.573,2018.298,10572.08,9231.482,1974.46,10621.04
9135.404,1955.555,10630.85,9099.722,2033.775,10470.33,9169.616,1982.074,10533.28,9080.874,2018.298,10572.24,9228.793,1974.46,10620.76
9133.286,1955.555,10631.01,9097.601,2033.775,10470.21,9167.509,1982.074,10533.02,9078.751,2018.298,10572.29,9226.721,1974.46,10620.29
9131.159,1955.555,10631.09,9095.476,2033.775,10470.09,9165.39,1982.074,10532.82,9076.623,2018.298,10572.27,9224.63,1974.46,10619.9
9129.025,1955.555,10631.11,9093.354,2033.775,10469.86,9163.269,1982.074,10532.59,9074.491,2018.298,10572.19,9222.531,1974.46,10619.51
9127.328,1955.555,10631.12,9091.662,2033.775,10469.73,9161.576,1982.074,10532.47,9072.794,2018.298,10572.17,9220.866,1974.46,10619.18
9124.75,1955.555,10631.06,9089.086,2033.775,10469.61,9159.008,1982.074,10532.24,9070.218,2018.298,10572.05,9218.321,1974.46,10618.77
9122.611,1955.555,10631.16,9086.951,2033.775,10469.45,9156.876,1982.074,10532.04,9068.081,2018.298,10571.91,9216.198,1974.46,10618.49
9121.123,1955.555,10631.19,9085.466,2033.775,10469.55,9155.391,1982.074,10531.94,9066.606,2018.298,10571.71,9214.717,1974.46,10618.34
9118.32,1955.555,10631.15,9082.664,2033.775,10469.64,9152.589,1982.074,10531.85,9063.818,2018.298,10571.41,9211.922,1974.46,10618.12
9116.173,1955.555,10631.05,9080.514,2033.775,10469.64,9150.438,1982.074,10531.86,9061.689,2018.298,10571.11,9209.781,1974.46,10617.92
9114.03,1955.555,10630.88,9078.366,2033.775,10469.56,9148.291,1982.074,10531.92,9059.554,2018.298,10570.88,9207.651,1974.46,10617.64
9111.889,1955.555,10630.64,9076.212,2033.775,10469.54,9146.141,1982.074,10532.05,9057.405,2018.298,10570.71,9205.507,1974.46,10617.42
9109.766,1955.555,10630.27,9074.057,2033.775,10469.59,9143.987,1982.074,10532.16,9055.252,2018.298,10570.62,9203.378,1974.46,10617.08
9107.646,1955.555,10629.87,9071.9,2033.775,10469.56,9141.838,1982.074,10532.34,9053.139,2018.298,10570.19,9201.238,1974.46,10616.81
9105.537,1955.555,10629.46,9069.754,2033.775,10469.64,9139.693,1982.074,10532.45,9051.021,2018.298,10569.83,9199.111,1974.46,10616.51
9103.792,1955.555,10629.19,9067.987,2033.775,10469.64,9137.927,1982.074,10532.48,9049.271,2018.298,10569.59,9197.364,1974.46,10616.25
9101.257,1955.555,10628.87,9065.433,2033.775,10469.56,9135.376,1982.074,10532.63,9046.729,2018.298,10569.33,9194.825,1974.46,10615.96
9099.494,1955.555,10628.7,9063.672,2033.775,10469.37,9133.611,1982.074,10532.77,9044.964,2018.298,10569.21,9193.061,1974.46,10615.82
9096.08,1955.555,10628.49,9060.286,2033.775,10468.88,9130.194,1982.074,10532.92,9041.559,2018.298,10568.88,9189.644,1974.46,10615.65
9095.359,1955.555,10628.44,9059.573,2033.775,10468.77,9129.475,1982.074,10532.98,9040.838,2018.298,10568.84,9188.924,1974.46,10615.59
9092.599,1955.555,10628.36,9056.835,2033.775,10468.42,9126.716,1982.074,10533.1,9038.077,2018.298,10568.76,9186.165,1974.46,10615.46
9090.436,1955.555,10628.26,9054.682,2033.775,10468.2,9124.551,1982.074,10533.14,9035.916,2018.298,10568.63,9184,1974.46,10615.43
9088.283,1955.555,10627.97,9052.517,2033.775,10468.03,9122.38,1982.074,10533.12,9033.747,2018.298,10568.52,9181.865,1974.46,10615.04
9086.125,1955.555,10627.76,9050.352,2033.775,10467.92,9120.213,1982.074,10533.03,9031.586,2018.298,10568.35,9179.752,1974.46,10614.55
9084.404,1955.555,10627.69,9048.63,2033.775,10467.87,9118.495,1982.074,10532.91,9029.865,2018.298,10568.27,9178.062,1974.46,10614.22
9081.792,1955.555,10627.49,9046.011,2033.775,10467.86,9115.888,1982.074,10532.67,9027.273,2018.298,10567.89,9175.476,1974.46,10613.8
9080.081,1955.555,10627.3,9044.29,2033.775,10467.9,9114.179,1982.074,10532.46,9025.563,2018.298,10567.7,9173.775,1974.46,10613.53
9077.472,1955.555,10627.08,9041.675,2033.775,10468.01,9111.588,1982.074,10532.08,9022.961,2018.298,10567.4,9171.177,1974.46,10613.21
9075.302,1955.555,10627,9039.509,2033.775,10468.16,9109.447,1982.074,10531.72,9020.801,2018.298,10567.18,9169.015,1974.46,10613.01
9073.8,1955.555,10626.89,9038.004,2033.775,10468.21,9107.967,1982.074,10531.45,9019.299,2018.298,10567.08,9167.521,1974.46,10612.83
9070.498,1955.555,10626.55,9034.685,2033.775,10468.21,9104.685,1982.074,10530.95,9015.982,2018.298,10566.93,9164.201,1974.46,10612.77
9069.215,1955.555,10626.37,9033.39,2033.775,10468.17,9103.398,1982.074,10530.79,9014.688,2018.298,10566.97,9162.907,1974.46,10612.7
9066.262,1955.555,10626.06,9030.426,2033.775,10467.98,9100.439,1982.074,10530.54,9011.718,2018.298,10566.97,9159.938,1974.46,10612.75
9064.995,1955.555,10625.97,9029.156,2033.775,10467.94,9099.171,1982.074,10530.47,9010.448,2018.298,10566.93,9158.668,1974.46,10612.73
9063.949,1955.555,10625.87,9028.107,2033.775,10467.87,9098.134,1982.074,10530.3,9009.405,2018.298,10567.06,9157.622,1974.46,10612.83
9061.108,1955.555,10625.69,9025.263,2033.775,10467.78,9095.312,1982.074,10529.93,9006.57,2018.298,10567.31,9154.782,1974.46,10613.01
9059.706,1955.555,10625.65,9023.866,2033.775,10467.65,9093.915,1982.074,10529.8,9005.17,2018.298,10567.38,9153.38,1974.46,10613.06
9058.52,1955.555,10625.65,9022.697,2033.775,10467.44,9092.73,1982.074,10529.72,9003.983,2018.298,10567.41,9152.193,1974.46,10613.05
9056.362,1955.555,10625.59,9020.562,2033.775,10467.13,9090.573,1982.074,10529.65,9001.825,2018.298,10567.39,9150.037,1974.46,10613.14
9055.261,1955.555,10625.44,9019.457,2033.775,10467,9089.464,1982.074,10529.57,9000.715,2018.298,10567.34,9148.926,1974.46,10613.15
9053.253,1955.555,10625.18,9017.438,2033.775,10466.85,9087.439,1982.074,10529.58,8998.696,2018.298,10567.19,9146.903,1974.46,10613.24
9052.211,1955.555,10625.08,9016.41,2033.775,10466.65,9086.393,1982.074,10529.6,8997.66,2018.298,10567.04,9145.856,1974.46,10613.25
9050.137,1955.555,10624.89,9014.353,2033.775,10466.33,9084.311,1982.074,10529.59,8995.622,2018.298,10566.61,9143.774,1974.46,10613.2
9049.176,1955.555,10624.84,9013.397,2033.775,10466.21,9083.35,1982.074,10529.55,8994.684,2018.298,10566.4,9142.818,1974.46,10613.31
9047.58,1955.555,10624.6,9011.804,2033.775,10465.96,9081.736,1982.074,10529.53,8993.1,2018.298,10566.1,9141.21,1974.46,10613.43
9046.507,1955.555,10624.47,9010.734,2033.775,10465.81,9080.656,1982.074,10529.48,8992.032,2018.298,10565.93,9140.13,1974.46,10613.48
9044.985,1955.555,10624.35,9009.217,2033.775,10465.63,9079.134,1982.074,10529.36,8990.518,2018.298,10565.74,9138.607,1974.46,10613.6
9043.753,1955.555,10624.23,9007.982,2033.775,10465.53,9077.896,1982.074,10529.31,8989.285,2018.298,10565.63,9137.371,1974.46,10613.66
9042.558,1955.555,10624.15,9006.789,2033.775,10465.43,9076.702,1982.074,10529.21,8988.09,2018.298,10565.56,9136.174,1974.46,10613.67
9041.412,1955.555,10623.95,9005.628,2033.775,10465.37,9075.541,1982.074,10529.16,8986.928,2018.298,10565.6,9135.012,1974.46,10613.65
9040.726,1955.555,10623.83,9004.937,2033.775,10465.27,9074.845,1982.074,10529.11,8986.229,2018.298,10565.6,9134.313,1974.46,10613.63
9039.221,1955.555,10623.6,9003.424,2033.775,10465.1,9073.324,1982.074,10529.04,8984.708,2018.298,10565.66,9132.795,1974.46,10613.53
9038.177,1955.555,10623.47,9002.375,2033.775,10465.02,9072.274,1982.074,10528.96,8983.655,2018.298,10565.66,9131.742,1974.46,10613.53
9037.345,1955.555,10623.35,9001.542,2033.775,10464.91,9071.435,1982.074,10528.92,8982.815,2018.298,10565.63,9130.903,1974.46,10613.58
9035.78,1955.555,10623.17,8999.975,2033.775,10464.75,9069.863,1982.074,10528.8,8981.244,2018.298,10565.74,9129.329,1974.46,10613.63
9035.151,1955.555,10623.12,8999.346,2033.775,10464.7,9069.243,1982.074,10528.69,8980.613,2018.298,10565.76,9128.698,1974.46,10613.63
9034.278,1955.555,10623.03,8998.47,2033.775,10464.66,9068.377,1982.074,10528.55,8979.736,2018.298,10565.77,9127.822,1974.46,10613.6
9033.472,1955.555,10622.98,8997.662,2033.775,10464.64,9067.574,1982.074,10528.46,8978.929,2018.298,10565.74,9127.014,1974.46,10613.59
9032.502,1955.555,10622.9,8996.691,2033.775,10464.58,9066.606,1982.074,10528.36,8977.956,2018.298,10565.72,9126.042,1974.46,10613.55
9031.665,1955.555,10622.79,8995.868,2033.775,10464.39,9065.764,1982.074,10528.31,8977.112,2018.298,10565.67,9125.199,1974.46,10613.49
9031.013,1955.555,10622.72,8995.225,2033.775,10464.26,9065.111,1982.074,10528.24,8976.456,2018.298,10565.66,9124.543,1974.46,10613.5
9029.849,1955.555,10622.63,8994.072,2033.775,10464.08,9063.946,1982.074,10528.16,8975.29,2018.298,10565.6,9123.376,1974.46,10613.48
9029.573,1955.555,10622.6,8993.798,2033.775,10464.04,9063.67,1982.074,10528.15,8975.014,2018.298,10565.58,9123.1,1974.46,10613.46
9028.534,1955.555,10622.54,8992.763,2033.775,10463.94,9062.634,1982.074,10528.05,8973.974,2018.298,10565.54,9122.063,1974.46,10613.38
9027.814,1955.555,10622.47,8992.042,2033.775,10463.88,9061.916,1982.074,10527.97,8973.253,2018.298,10565.5,9121.355,1974.46,10613.23
9027.094,1955.555,10622.46,8991.326,2033.775,10463.8,9061.203,1982.074,10527.87,8972.536,2018.298,10565.42,9120.646,1974.46,10613.1
9026.522,1955.555,10622.44,8990.755,2033.775,10463.79,9060.636,1982.074,10527.81,8971.969,2018.298,10565.35,9120.093,1974.46,10612.96
9025.77,1955.555,10622.38,8990.001,2033.775,10463.75,9059.911,1982.074,10527.6,8971.228,2018.298,10565.21,9119.355,1974.46,10612.8
9025.136,1955.555,10622.31,8989.365,2033.775,10463.7,9059.293,1982.074,10527.44,8970.616,2018.298,10565.03,9118.729,1974.46,10612.68
9024.521,1955.555,10622.23,8988.748,2033.775,10463.63,9058.687,1982.074,10527.31,8970.016,2018.298,10564.87,9118.122,1974.46,10612.55
9024.157,1955.555,10622.17,8988.383,2033.775,10463.58,9058.324,1982.074,10527.24,8969.656,2018.298,10564.79,9117.767,1974.46,10612.45
9023.356,1955.555,10622.03,8987.576,2033.775,10463.49,9057.531,1982.074,10527.06,8968.868,2018.298,10564.59,9116.977,1974.46,10612.26
9023.015,1955.555,10621.96,8987.229,2033.775,10463.45,9057.193,1982.074,10526.98,8968.527,2018.298,10564.52,9116.635,1974.46,10612.19
9022.261,1955.555,10621.84,8986.476,2033.775,10463.33,9056.448,1982.074,10526.81,8967.777,2018.298,10564.38,9115.881,1974.46,10612.08
9021.939,1955.555,10621.78,8986.149,2033.775,10463.31,9056.127,1982.074,10526.75,8967.466,2018.298,10564.28,9115.56,1974.46,10612.02
9021.241,1955.555,10621.63,8985.438,2033.775,10463.22,9055.423,1982.074,10526.63,8966.777,2018.298,10564.08,9114.861,1974.46,10611.86
9020.944,1955.555,10621.55,8985.135,2033.775,10463.18,9055.123,1982.074,10526.57,8966.479,2018.298,10564.01,9114.57,1974.46,10611.77
9020.288,1955.555,10621.41,8984.474,2033.775,10463.06,9054.471,1982.074,10526.41,8965.844,2018.298,10563.79,9113.927,1974.46,10611.58
9020.01,1955.555,10621.34,8984.19,2033.775,10463.01,9054.185,1982.074,10526.38,8965.569,2018.298,10563.71,9113.655,1974.46,10611.48
9019.394,1955.555,10621.2,8983.571,2033.775,10462.89,9053.558,1982.074,10526.31,8964.96,2018.298,10563.54,9113.052,1974.46,10611.3
9019.125,1955.555,10621.13,8983.306,2033.775,10462.81,9053.283,1982.074,10526.26,8964.691,2018.298,10563.47,9112.784,1974.46,10611.23
9018.473,1955.555,10620.99,8982.661,2033.775,10462.64,9052.622,1982.074,10526.17,8964.041,2018.298,10563.32,9112.147,1974.46,10611.03
9018.233,1955.555,10620.93,8982.421,2033.775,10462.58,9052.379,1982.074,10526.13,8963.799,2018.298,10563.27,9111.91,1974.46,10610.96
9017.744,1955.555,10620.74,8981.911,2033.775,10462.45,9051.864,1982.074,10526.03,8963.278,2018.298,10563.2,9111.399,1974.46,10610.84
9017.374,1955.555,10620.61,8981.536,2033.775,10462.34,9051.482,1982.074,10525.93,8962.891,2018.298,10563.14,9111.011,1974.46,10610.78
9017.131,1955.555,10620.53,8981.29,2033.775,10462.27,9051.236,1982.074,10525.87,8962.641,2018.298,10563.09,9110.76,1974.46,10610.73
9016.848,1955.555,10620.45,8981.004,2033.775,10462.2,9050.95,1982.074,10525.8,8962.354,2018.298,10563.02,9110.47,1974.46,10610.69
9016.27,1955.555,10620.31,8980.43,2033.775,10462.05,9050.391,1982.074,10525.59,8961.779,2018.298,10562.87,9109.886,1974.46,10610.57
9016.069,1955.555,10620.25,8980.23,2033.775,10461.98,9050.192,1982.074,10525.53,8961.574,2018.298,10562.83,9109.683,1974.46,10610.52
9015.699,1955.555,10620.16,8979.862,2033.775,10461.88,9049.831,1982.074,10525.41,8961.197,2018.298,10562.77,9109.307,1974.46,10610.45
9015.395,1955.555,10620.05,8979.564,2033.775,10461.76,9049.521,1982.074,10525.31,8960.879,2018.298,10562.71,9108.989,1974.46,10610.39
9015.061,1955.555,10619.95,8979.237,2033.775,10461.63,9049.197,1982.074,10525.18,8960.536,2018.298,10562.63,9108.648,1974.46,10610.3
9014.831,1955.555,10619.88,8979.014,2033.775,10461.54,9048.981,1982.074,10525.07,8960.306,2018.298,10562.57,9108.419,1974.46,10610.24
9014.254,1955.555,10619.69,8978.439,2033.775,10461.35,9048.437,1982.074,10524.81,8959.725,2018.298,10562.4,9107.836,1974.46,10610.07
9013.978,1955.555,10619.6,8978.165,2033.775,10461.25,9048.169,1982.074,10524.69,8959.439,2018.298,10562.33,9107.555,1974.46,10609.99
9013.265,1955.555,10619.37,8977.456,2033.775,10461.01,9047.477,1982.074,10524.4,8958.717,2018.298,10562.14,9106.844,1974.46,10609.76
9012.704,1955.555,10619.17,8976.898,2033.775,10460.8,9046.918,1982.074,10524.2,8958.146,2018.298,10561.97,9106.273,1974.46,10609.58
9012.147,1955.555,10618.99,8976.362,2033.775,10460.57,9046.363,1982.074,10524.01,8957.575,2018.298,10561.84,9105.719,1974.46,10609.4
9011.432,1955.555,10618.7,8975.646,2033.775,10460.28,9045.625,1982.074,10523.79,8956.829,2018.298,10561.65,9104.981,1974.46,10609.18
9010.808,1955.555,10618.48,8975.043,2033.775,10460.01,9044.996,1982.074,10523.58,8956.192,2018.298,10561.47,9104.354,1974.46,10608.97
9009.979,1955.555,10618.19,8974.235,2033.775,10459.67,9044.151,1982.074,10523.35,8955.349,2018.298,10561.23,9103.533,1974.46,10608.66
9009.258,1955.555,10617.97,8973.53,2033.775,10459.41,9043.431,1982.074,10523.13,8954.621,2018.298,10561.03,9102.818,1974.46,10608.42
9007.989,1955.555,10617.56,8972.267,2033.775,10458.97,9042.141,1982.074,10522.78,8953.347,2018.298,10560.64,9101.583,1974.46,10607.91
9007.696,1955.555,10617.45,8971.973,2033.775,10458.87,9041.836,1982.074,10522.72,8953.053,2018.298,10560.53,9101.291,1974.46,10607.81
9006.586,1955.555,10616.9,8970.793,2033.775,10458.49,9040.633,1982.074,10522.42,8951.898,2018.298,10560.08,9100.132,1974.46,10607.37
9005.662,1955.555,10616.48,8969.817,2033.775,10458.2,9039.64,1982.074,10522.2,8950.967,2018.298,10559.67,9099.239,1974.46,10606.88
9005.066,1955.555,10616.23,8969.203,2033.775,10458,9039.014,1982.074,10522.04,8950.379,2018.298,10559.41,9098.662,1974.46,10606.59
9003.652,1955.555,10615.69,8967.78,2033.775,10457.49,9037.549,1982.074,10521.67,8948.98,2018.298,10558.83,9097.288,1974.46,10605.96
9002.684,1955.555,10615.12,8966.719,2033.775,10457.12,9036.471,1982.074,10521.35,8947.972,2018.298,10558.33,9096.289,1974.46,10605.44
9001.611,1955.555,10614.53,8965.578,2033.775,10456.68,9035.311,1982.074,10520.97,8946.858,2018.298,10557.83,9095.185,1974.46,10604.92
9000.723,1955.555,10614.09,8964.645,2033.775,10456.34,9034.375,1982.074,10520.63,8945.938,2018.298,10557.45,9094.3,1974.46,10604.46
8999.5,1955.555,10613.37,8963.304,2033.775,10455.88,9033.053,1982.074,10520.11,8944.609,2018.298,10556.96,9093.018,1974.46,10603.85
8998.372,1955.555,10612.75,8962.104,2033.775,10455.42,9031.871,1982.074,10519.6,8943.421,2018.298,10556.47,9091.875,1974.46,10603.27
8997.203,1955.555,10612.16,8960.88,2033.775,10454.95,9030.685,1982.074,10519.05,8942.158,2018.298,10556.12,9090.772,1974.46,10602.56
8996.476,1955.555,10611.79,8960.161,2033.775,10454.56,9029.934,1982.074,10518.73,8941.378,2018.298,10555.87,9090.07,1974.46,10602.14
8994.854,1955.555,10610.79,8958.46,2033.775,10453.71,9028.126,1982.074,10518.13,8939.58,2018.298,10555.25,9088.468,1974.46,10601.11
8993.647,1955.555,10610.1,8957.205,2033.775,10453.11,9026.818,1982.074,10517.66,8938.28,2018.298,10554.76,9087.273,1974.46,10600.4
8992.602,1955.555,10609.55,8956.128,2033.775,10452.62,9025.717,1982.074,10517.23,8937.188,2018.298,10554.3,9086.238,1974.46,10599.83
8991.053,1955.555,10608.79,8954.547,2033.775,10451.94,9024.129,1982.074,10516.56,8935.563,2018.298,10553.73,9084.703,1974.46,10599.04
8989.942,1955.555,10608.29,8953.421,2033.775,10451.48,9023.018,1982.074,10516.06,8934.415,2018.298,10553.32,9083.602,1974.46,10598.53
8988.301,1955.555,10607.59,8951.755,2033.775,10450.83,9021.396,1982.074,10515.32,8932.75,2018.298,10552.68,9081.961,1974.46,10597.82
8986.849,1955.555,10606.91,8950.251,2033.775,10450.28,9019.95,1982.074,10514.63,8931.197,2018.298,10552.28,9080.511,1974.46,10597.14
8985.729,1955.555,10606.26,8949.023,2033.775,10449.87,9018.778,1982.074,10514.07,8929.951,2018.298,10551.92,9079.341,1974.46,10596.58
8983.977,1955.555,10605.31,8947.16,2033.775,10449.16,9016.958,1982.074,10513.27,8928.044,2018.298,10551.35,9077.531,1974.46,10595.75
8982.501,1955.555,10604.58,8945.603,2033.775,10448.62,9015.431,1982.074,10512.65,8926.458,2018.298,10550.9,9076.057,1974.46,10595.01
8981.145,1955.555,10603.96,8944.178,2033.775,10448.18,9014.03,1982.074,10512.13,8925.036,2018.298,10550.45,9074.771,1974.46,10594.25
8979.456,1955.555,10603.25,8942.396,2033.775,10447.76,9012.315,1982.074,10511.49,8923.311,2018.298,10549.84,9073.165,1974.46,10593.38
8978.595,1955.555,10602.86,8941.472,2033.775,10447.55,9011.439,1982.074,10511.13,8922.462,2018.298,10549.42,9072.319,1974.46,10592.95
8976.571,1955.555,10601.93,8939.32,2033.775,10446.99,9009.301,1982.074,10510.52,8920.519,2018.298,10548.33,9070.301,1974.46,10592.01
8974.977,1955.555,10601.26,8937.663,2033.775,10446.49,9007.655,1982.074,10509.99,8918.981,2018.298,10547.54,9068.709,1974.46,10591.34
8973.312,1955.555,10600.75,8935.985,2033.775,10446.03,9005.992,1982.074,10509.47,8917.423,2018.298,10546.76,9067.085,1974.46,10590.71
8971.679,1955.555,10600.2,8934.338,2033.775,10445.51,9004.321,1982.074,10509.04,8915.854,2018.298,10546.05,9065.456,1974.46,10590.14
8970.076,1955.555,10599.73,8932.754,2033.775,10444.99,9002.722,1982.074,10508.57,8914.315,2018.298,10545.4,9063.871,1974.46,10589.62
8968.483,1955.555,10599.47,8931.237,2033.775,10444.43,9001.188,1982.074,10508.07,8912.807,2018.298,10544.83,9062.422,1974.46,10588.91
8967.516,1955.555,10599.27,8930.3,2033.775,10444.13,9000.26,1982.074,10507.73,8911.873,2018.298,10544.51,9061.521,1974.46,10588.51
8965.479,1955.555,10598.8,8928.264,2033.775,10443.65,8998.348,1982.074,10506.88,8909.874,2018.298,10543.89,9059.588,1974.46,10587.71
8964.038,1955.555,10598.41,8926.822,2033.775,10443.26,8996.965,1982.074,10506.32,8908.493,2018.298,10543.33,9058.19,1974.46,10587.19
8962.678,1955.555,10597.99,8925.462,2033.775,10442.84,8995.63,1982.074,10505.83,8907.161,2018.298,10542.83,9056.843,1974.46,10586.74
8961.637,1955.555,10597.64,8924.421,2033.775,10442.49,8994.601,1982.074,10505.44,8906.118,2018.298,10542.48,9055.789,1974.46,10586.42
8960.189,1955.555,10596.91,8922.904,2033.775,10441.92,8993.066,1982.074,10504.92,8904.599,2018.298,10541.91,9054.193,1974.46,10586.13
8959.253,1955.555,10596.47,8921.936,2033.775,10441.56,8992.087,1982.074,10504.59,8903.615,2018.298,10541.6,9053.184,1974.46,10585.91
8957.559,1955.555,10595.75,8920.227,2033.775,10440.88,8990.359,1982.074,10503.96,8901.88,2018.298,10540.98,9051.397,1974.46,10585.46
8957.158,1955.555,10595.57,8919.815,2033.775,10440.73,8989.95,1982.074,10503.8,8901.473,2018.298,10540.82,9050.977,1974.46,10585.34
8955.316,1955.555,10594.8,8917.862,2033.775,10440.3,8988.101,1982.074,10503.04,8899.638,2018.298,10540.03,9049.069,1974.46,10584.75
8954.739,1955.555,10594.54,8917.25,2033.775,10440.15,8987.535,1982.074,10502.76,8899.05,2018.298,10539.8,9048.464,1974.46,10584.57
8953.651,1955.555,10593.89,8916.033,2033.775,10439.8,8986.384,1982.074,10502.24,8897.816,2018.298,10539.52,9047.257,1974.46,10584.19
8952.709,1955.555,10593.37,8915.009,2033.775,10439.47,8985.391,1982.074,10501.82,8896.776,2018.298,10539.24,9046.242,1974.46,10583.83
8951.779,1955.555,10592.9,8914.026,2033.775,10439.12,8984.416,1982.074,10501.45,8895.764,2018.298,10538.99,9045.256,1974.46,10583.49
8950.866,1955.555,10592.47,8913.092,2033.775,10438.74,8983.463,1982.074,10501.12,8894.784,2018.298,10538.75,9044.288,1974.46,10583.21
8950.132,1955.555,10592.16,8912.367,2033.775,10438.41,8982.674,1982.074,10500.99,8894.015,2018.298,10538.54,9043.507,1974.46,10583.04
8949.088,1955.555,10591.75,8911.337,2033.775,10437.97,8981.575,1982.074,10500.77,8892.938,2018.298,10538.23,9042.421,1974.46,10582.77
8948.355,1955.555,10591.49,8910.613,2033.775,10437.68,8980.818,1982.074,10500.6,8892.19,2018.298,10538.02,9041.674,1974.46,10582.55
8947.271,1955.555,10591.07,8909.534,2033.775,10437.25,8979.694,1982.074,10500.29,8891.08,2018.298,10537.67,9040.566,1974.46,10582.2
8946.483,1955.555,10590.76,8908.741,2033.775,10436.95,8978.886,1982.074,10500.05,8890.254,2018.298,10537.49,9039.732,1974.46,10582.06
8945.294,1955.555,10590.34,8907.59,2033.775,10436.44,8977.668,1982.074,10499.72,8889.03,2018.298,10537.18,9038.495,1974.46,10581.82
8944.423,1955.555,10590.07,8906.744,2033.775,10436.09,8976.793,1982.074,10499.46,8888.148,2018.298,10536.94,9037.6,1974.46,10581.63
8943.125,1955.555,10589.7,8905.493,2033.775,10435.59,8975.49,1982.074,10499.11,8886.859,2018.298,10536.55,9036.288,1974.46,10581.32
8941.923,1955.555,10589.41,8904.33,2033.775,10435.17,8974.306,1982.074,10498.75,8885.687,2018.298,10536.15,9035.094,1974.46,10580.99
8940.927,1955.555,10589.22,8903.367,2033.775,10434.85,8973.347,1982.074,10498.42,8884.717,2018.298,10535.85,9034.126,1974.46,10580.69
8939.521,1955.555,10588.91,8901.985,2033.775,10434.45,8971.97,1982.074,10498,8883.326,2018.298,10535.48,9032.737,1974.46,10580.31
8938.265,1955.555,10588.58,8900.754,2033.775,10434.04,8970.76,1982.074,10497.53,8882.084,2018.298,10535.11,9031.517,1974.46,10579.87
8937.382,1955.555,10588.33,8899.892,2033.775,10433.72,8969.914,1982.074,10497.17,8881.213,2018.298,10534.81,9030.684,1974.46,10579.48
8935.533,1955.555,10587.72,8898.081,2033.775,10433,8968.101,1982.074,10496.46,8879.391,2018.298,10534.13,9028.895,1974.46,10578.72
8934.63,1955.555,10587.39,8897.228,2033.775,10432.56,8967.194,1982.074,10496.15,8878.481,2018.298,10533.82,9028.037,1974.46,10578.28
8933.073,1955.555,10586.77,8895.733,2033.775,10431.8,8965.632,1982.074,10495.54,8876.895,2018.298,10533.28,9026.517,1974.46,10577.58
8931.957,1955.555,10586.37,8894.658,2033.775,10431.3,8964.54,1982.074,10495.07,8875.784,2018.298,10532.86,9025.424,1974.46,10577.12
8929.783,1955.555,10585.5,8892.597,2033.775,10430.19,8962.556,1982.074,10493.83,8873.547,2018.298,10532.17,9023.24,1974.46,10576.27
8929.323,1955.555,10585.3,8892.147,2033.775,10429.97,8962.122,1982.074,10493.58,8873.072,2018.298,10532.01,9022.778,1974.46,10576.08
8927.563,1955.555,10584.46,8890.372,2033.775,10429.16,8960.404,1982.074,10492.65,8871.249,2018.298,10531.31,9021.008,1974.46,10575.26
8926.135,1955.555,10583.83,8888.881,2033.775,10428.7,8959.08,1982.074,10491.83,8869.812,2018.298,10530.71,9019.616,1974.46,10574.55
8925.217,1955.555,10583.45,8887.94,2033.775,10428.38,8958.219,1982.074,10491.34,8868.85,2018.298,10530.46,9018.724,1974.46,10574.12
8923.119,1955.555,10582.83,8885.838,2033.775,10427.78,8956.288,1982.074,10490.31,8866.743,2018.298,10529.88,9016.79,1974.46,10573.1
8920.947,1955.555,10582.11,8883.652,2033.775,10427.11,8954.234,1982.074,10489.3,8864.561,2018.298,10529.19,9014.762,1974.46,10572.04
8920.433,1955.555,10581.92,8883.134,2033.775,10426.93,8953.739,1982.074,10489.07,8864.038,2018.298,10529.02,9014.268,1974.46,10571.8
8918.113,1955.555,10581.02,8880.697,2033.775,10426.41,8951.456,1982.074,10488.07,8861.643,2018.298,10528.34,9011.989,1974.46,10570.79
8916.858,1955.555,10580.57,8879.395,2033.775,10426.14,8950.219,1982.074,10487.58,8860.372,2018.298,10527.95,9010.784,1974.46,10570.23
8915.237,1955.555,10579.94,8877.703,2033.775,10425.73,8948.581,1982.074,10486.99,8858.729,2018.298,10527.37,9009.185,1974.46,10569.54
8913.498,1955.555,10579.13,8875.819,2033.775,10425.36,8946.809,1982.074,10486.25,8856.929,2018.298,10526.71,9007.444,1974.46,10568.73
8911.855,1955.555,10578.42,8874.078,2033.775,10424.96,8945.234,1982.074,10485.41,8855.351,2018.298,10525.87,9005.8,1974.46,10568.03
8910.681,1955.555,10578.07,8872.893,2033.775,10424.65,8944.136,1982.074,10484.87,8854.249,2018.298,10525.33,9004.688,1974.46,10567.52
8908.663,1955.555,10577.39,8870.854,2033.775,10424.04,8942.276,1982.074,10483.83,8852.308,2018.298,10524.46,9002.729,1974.46,10566.68
8906.967,1955.555,10576.76,8869.138,2033.775,10423.46,8940.681,1982.074,10482.98,8850.633,2018.298,10523.77,9001.056,1974.46,10565.99
8905.626,1955.555,10576.21,8867.778,2033.775,10422.96,8939.387,1982.074,10482.32,8849.247,2018.298,10523.35,8999.668,1974.46,10565.57
8903.542,1955.555,10575.43,8865.72,2033.775,10422.12,8937.37,1982.074,10481.39,8847.144,2018.298,10522.63,8997.563,1974.46,10564.86
8901.73,1955.555,10575.01,8864.011,2033.775,10421.38,8935.662,1982.074,10480.65,8845.404,2018.298,10521.97,8995.768,1974.46,10564.37
8899.914,1955.555,10574.54,8862.337,2033.775,10420.53,8933.979,1982.074,10479.82,8843.628,2018.298,10521.36,8993.963,1974.46,10563.85
8898.116,1955.555,10574,8860.688,2033.775,10419.64,8932.272,1982.074,10479.04,8841.874,2018.298,10520.69,8992.179,1974.46,10563.27
8896.246,1955.555,10573.38,8858.943,2033.775,10418.72,8930.5,1982.074,10478.18,8839.96,2018.298,10520.22,8990.315,1974.46,10562.63
8894.702,1955.555,10572.98,8857.509,2033.775,10418.03,8929.045,1982.074,10477.53,8838.427,2018.298,10519.79,8988.801,1974.46,10562.13
8892.563,1955.555,10572.46,8855.527,2033.775,10417.06,8927.004,1982.074,10476.7,8836.326,2018.298,10519.12,8986.729,1974.46,10561.38
8890.684,1955.555,10571.92,8853.783,2033.775,10416.18,8925.182,1982.074,10475.99,8834.424,2018.298,10518.68,8984.988,1974.46,10560.5
8888.247,1955.555,10571.15,8851.464,2033.775,10415.11,8922.84,1982.074,10474.97,8831.953,2018.298,10518.02,8982.673,1974.46,10559.41
8887.222,1955.555,10570.79,8850.462,2033.775,10414.68,8921.829,1982.074,10474.57,8830.911,2018.298,10517.71,8981.673,1974.46,10558.98
8884.471,1955.555,10569.82,8847.742,2033.775,10413.63,8919.088,1982.074,10473.57,8828.088,2018.298,10516.98,8978.957,1974.46,10557.92
8883.25,1955.555,10569.3,8846.531,2033.775,10413.09,8917.825,1982.074,10473.16,8826.813,2018.298,10516.61,8977.766,1974.46,10557.34
8881.716,1955.555,10568.71,8845.01,2033.775,10412.47,8916.278,1982.074,10472.6,8825.224,2018.298,10516.19,8976.266,1974.46,10556.66
8879.593,1955.555,10567.59,8842.764,2033.775,10411.63,8913.953,1982.074,10472.02,8822.914,2018.298,10515.54,8974.049,1974.46,10555.75
8877.972,1955.555,10566.79,8841.092,2033.775,10410.93,8912.213,1982.074,10471.52,8821.144,2018.298,10515.17,8972.354,1974.46,10555.11
8875.224,1955.555,10565.46,8838.237,2033.775,10409.86,8909.31,1982.074,10470.58,8818.182,2018.298,10514.44,8969.509,1974.46,10554.01
8874.607,1955.555,10565.16,8837.589,2033.775,10409.64,8908.666,1982.074,10470.35,8817.522,2018.298,10514.25,8968.879,1974.46,10553.74
8872.208,1955.555,10564.1,8835.175,2033.775,10408.61,8906.159,1982.074,10469.57,8815.021,2018.298,10513.46,8966.478,1974.46,10552.68
8870.899,1955.555,10563.53,8833.844,2033.775,10408.09,8904.811,1982.074,10469.1,8813.675,2018.298,10512.98,8965.153,1974.46,10552.15
8867.349,1955.555,10562.07,8830.225,2033.775,10406.82,8901.128,1982.074,10468.02,8809.938,2018.298,10512.11,8961.571,1974.46,10550.78
8865.192,1955.555,10561.27,8828.03,2033.775,10406.13,8898.942,1982.074,10467.31,8807.716,2018.298,10511.51,8959.397,1974.46,10550.02
8864.696,1955.555,10561.1,8827.527,2033.775,10405.99,8898.454,1982.074,10467.12,8807.216,2018.298,10511.36,8958.904,1974.46,10549.85
8862.508,1955.555,10560.29,8825.261,2033.775,10405.43,8896.331,1982.074,10466.15,8805.005,2018.298,10510.61,8956.683,1974.46,10549.14
8860.263,1955.555,10559.08,8822.768,2033.775,10404.9,8893.979,1982.074,10465.17,8802.619,2018.298,10509.72,8954.234,1974.46,10548.43
8858.771,1955.555,10558.35,8821.15,2033.775,10404.5,8892.423,1982.074,10464.58,8801.045,2018.298,10509.17,8952.65,1974.46,10547.92
8856.822,1955.555,10557.46,8819.089,2033.775,10403.92,8890.438,1982.074,10463.77,8798.947,2018.298,10508.74,8950.636,1974.46,10547.19
8854.88,1955.555,10556.59,8817.008,2033.775,10403.47,8888.442,1982.074,10463.03,8796.876,2018.298,10508.25,8948.658,1974.46,10546.4
8852.903,1955.555,10555.78,8814.891,2033.775,10403.19,8886.418,1982.074,10462.34,8794.813,2018.298,10507.7,8946.7,1974.46,10545.54
8850.891,1955.555,10555.03,8812.772,2033.775,10402.83,8884.364,1982.074,10461.72,8792.757,2018.298,10507.08,8944.705,1974.46,10544.75
8848.942,1955.555,10554.15,8810.681,2033.775,10402.41,8882.306,1982.074,10461.15,8790.731,2018.298,10506.41,8942.744,1974.46,10543.91
8846.882,1955.555,10553.31,8808.514,2033.775,10401.9,8880.145,1982.074,10460.62,8788.64,2018.298,10505.65,8940.671,1974.46,10543.09
8845.201,1955.555,10552.69,8806.783,2033.775,10401.44,8878.395,1982.074,10460.23,8786.974,2018.298,10504.99,8938.98,1974.46,10542.5
8842.854,1955.555,10551.9,8804.416,2033.775,10400.71,8875.985,1982.074,10459.67,8784.699,2018.298,10504.01,8936.673,1974.46,10541.6
8841.153,1955.555,10551.62,8802.716,2033.775,10400.43,8874.302,1982.074,10459.3,8783.095,2018.298,10503.38,8935.047,1974.46,10541.03
8838.577,1955.555,10551.1,8800.14,2033.775,10399.92,8871.694,1982.074,10458.98,8780.618,2018.298,10502.51,8932.541,1974.46,10540.24
8836.011,1955.555,10550.5,8797.544,2033.775,10399.46,8869.09,1982.074,10458.58,8778.105,2018.298,10501.71,8930.002,1974.46,10539.53
8834.353,1955.555,10550.05,8795.837,2033.775,10399.28,8867.402,1982.074,10458.26,8776.453,2018.298,10501.24,8928.39,1974.46,10538.94
8832.241,1955.555,10549.41,8793.635,2033.775,10399.13,8865.248,1982.074,10457.78,8774.311,2018.298,10500.71,8926.293,1974.46,10538.25
8830.423,1955.555,10548.67,8791.681,2033.775,10398.94,8863.347,1982.074,10457.29,8772.39,2018.298,10500.31,8924.494,1974.46,10537.46
8827.333,1955.555,10547.52,8788.414,2033.775,10398.51,8860.185,1982.074,10456.36,8769.108,2018.298,10500,8921.491,1974.46,10536.11
8826.631,1955.555,10547.29,8787.681,2033.775,10398.41,8859.468,1982.074,10456.18,8768.374,2018.298,10499.91,8920.807,1974.46,10535.82
8823.49,1955.555,10546.35,8784.43,2033.775,10397.99,8856.27,1982.074,10455.46,8765.138,2018.298,10499.39,8917.738,1974.46,10534.67
8821.898,1955.555,10545.66,8782.695,2033.775,10397.94,8854.59,1982.074,10455.02,8763.406,2018.298,10499.28,8916.159,1974.46,10533.95
8819.816,1955.555,10544.84,8780.456,2033.775,10397.93,8852.448,1982.074,10454.37,8761.178,2018.298,10499.05,8914.092,1974.46,10533.09
8817.951,1955.555,10544.17,8778.476,2033.775,10397.85,8850.535,1982.074,10453.86,8759.202,2018.298,10498.9,8912.323,1974.46,10532.2
8815.627,1955.555,10543.34,8776.015,2033.775,10397.67,8848.136,1982.074,10453.28,8756.749,2018.298,10498.64,8910.086,1974.46,10531.16
8813.81,1955.555,10542.54,8774.028,2033.775,10397.67,8846.192,1982.074,10452.87,8754.781,2018.298,10498.37,8908.288,1974.46,10530.31
8810.707,1955.555,10541.29,8770.686,2033.775,10397.57,8842.905,1982.074,10452.25,8751.483,2018.298,10497.81,8905.221,1974.46,10528.98
8810.003,1955.555,10541.03,8769.938,2033.775,10397.53,8842.166,1982.074,10452.13,8750.748,2018.298,10497.67,8904.524,1974.46,10528.7
8807.318,1955.555,10540.05,8767.092,2033.775,10397.25,8839.338,1982.074,10451.73,8747.961,2018.298,10497.04,8901.856,1974.46,10527.68
8805.846,1955.555,10539.56,8765.554,2033.775,10397.06,8837.801,1982.074,10451.53,8746.46,2018.298,10496.65,8900.392,1974.46,10527.17
8802.214,1955.555,10538.35,8761.732,2033.775,10396.81,8834.026,1982.074,10450.93,8742.78,2018.298,10495.59,8896.734,1974.46,10526.04
8800.41,1955.555,10537.68,8759.819,2033.775,10396.62,8832.139,1982.074,10450.57,8740.916,2018.298,10495.12,8894.944,1974.46,10525.34
8799.65,1955.555,10537.43,8759.026,2033.775,10396.52,8831.358,1982.074,10450.4,8740.149,2018.298,10494.89,8894.19,1974.46,10525.07
8796.656,1955.555,10536.55,8755.945,2033.775,10396.01,8828.336,1982.074,10449.61,8737.129,2018.298,10494.1,8891.214,1974.46,10524.13
8795.297,1955.555,10536.18,8754.565,2033.775,10395.73,8826.963,1982.074,10449.3,8735.82,2018.298,10493.58,8889.859,1974.46,10523.74
8792.257,1955.555,10535.68,8751.564,2033.775,10395.03,8823.957,1982.074,10448.63,8732.92,2018.298,10492.54,8886.868,1974.46,10523.01
8790.019,1955.555,10535.24,8749.305,2033.775,10394.71,8821.713,1982.074,10448.21,8730.777,2018.298,10491.75,8884.636,1974.46,10522.53
8787.216,1955.555,10534.85,8746.516,2033.775,10394.24,8818.923,1982.074,10447.74,8728.092,2018.298,10490.87,8881.851,1974.46,10522.04
8786.422,1955.555,10534.72,8745.727,2033.775,10394.08,8818.133,1982.074,10447.58,8727.319,2018.298,10490.64,8881.054,1974.46,10521.92
8783.318,1955.555,10534.36,8742.616,2033.775,10393.79,8815.092,1982.074,10446.87,8724.296,2018.298,10489.86,8877.979,1974.46,10521.37
8781.088,1955.555,10534.1,8740.381,2033.775,10393.58,8812.939,1982.074,10446.23,8722.104,2018.298,10489.36,8875.756,1974.46,10521.05
8778.77,1955.555,10533.83,8738.067,2033.775,10393.28,8810.683,1982.074,10445.64,8719.813,2018.298,10488.93,8873.459,1974.46,10520.64
8776.914,1955.555,10533.56,8736.195,2033.775,10393.16,8808.854,1982.074,10445.22,8718.041,2018.298,10488.31,8871.624,1974.46,10520.25
8774.372,1955.555,10533.1,8733.624,2033.775,10392.92,8806.317,1982.074,10444.73,8715.574,2018.298,10487.54,8869.109,1974.46,10519.66
8772.163,1955.555,10532.63,8731.381,2033.775,10392.65,8804.06,1982.074,10444.66,8713.396,2018.298,10486.94,8866.9,1974.46,10519.19
8770.619,1955.555,10532.35,8729.827,2033.775,10392.43,8802.494,1982.074,10444.55,8711.871,2018.298,10486.58,8865.362,1974.46,10518.88
8767.421,1955.555,10531.88,8726.6,2033.775,10392.23,8799.276,1982.074,10444.24,8708.705,2018.298,10485.92,8862.174,1974.46,10518.35
8765.879,1955.555,10531.67,8725.051,2033.775,10392.09,8797.722,1982.074,10444.18,8707.172,2018.298,10485.66,8860.641,1974.46,10518.08
8763.214,1955.555,10531.41,8722.376,2033.775,10391.98,8795.051,1982.074,10443.98,8704.575,2018.298,10485,8858.014,1974.46,10517.57
8760.975,1955.555,10531.12,8720.124,2033.775,10391.8,8792.805,1982.074,10443.75,8702.368,2018.298,10484.52,8855.812,1974.46,10517.07
8759.192,1955.555,10530.94,8718.344,2033.775,10391.61,8791.03,1982.074,10443.5,8700.606,2018.298,10484.2,8854.054,1974.46,10516.73
8755.911,1955.555,10530.51,8715.067,2033.775,10391.14,8787.769,1982.074,10442.94,8697.334,2018.298,10483.7,8850.798,1974.46,10516.13
8755.124,1955.555,10530.38,8714.281,2033.775,10391,8786.978,1982.074,10442.83,8696.547,2018.298,10483.57,8850.024,1974.46,10515.93
8752.057,1955.555,10529.77,8711.185,2033.775,10390.56,8783.852,1982.074,10442.73,8693.489,2018.298,10482.92,8846.972,1974.46,10515.26
8750.724,1955.555,10529.39,8709.808,2033.775,10390.41,8782.47,1982.074,10442.63,8692.127,2018.298,10482.67,8845.61,1974.46,10515
8747.8,1955.555,10528.67,8706.826,2033.775,10389.99,8779.473,1982.074,10442.33,8689.147,2018.298,10482.23,8842.757,1974.46,10514.04
8745.767,1955.555,10528.23,8704.77,2033.775,10389.68,8777.412,1982.074,10442.05,8687.102,2018.298,10481.86,8840.767,1974.46,10513.43
8743.724,1955.555,10527.82,8702.719,2033.775,10389.31,8775.356,1982.074,10441.71,8685.04,2018.298,10481.56,8838.758,1974.46,10512.88
8742.101,1955.555,10527.55,8701.151,2033.775,10388.81,8773.742,1982.074,10441.39,8683.416,2018.298,10481.28,8837.198,1974.46,10512.35
8739.969,1955.555,10527.11,8699.061,2033.775,10388.21,8771.625,1982.074,10440.89,8681.284,2018.298,10480.85,8835.116,1974.46,10511.72
8738.172,1955.555,10526.69,8697.301,2033.775,10387.65,8769.843,1982.074,10440.41,8679.487,2018.298,10480.42,8833.333,1974.46,10511.24
8736.97,1955.555,10526.36,8696.103,2033.775,10387.31,8768.631,1982.074,10440.12,8678.262,2018.298,10480.2,8832.12,1974.46,10510.96
8734.78,1955.555,10525.73,8693.948,2033.775,10386.57,8766.432,1982.074,10439.53,8676.034,2018.298,10479.73,8829.92,1974.46,10510.37
8733.247,1955.555,10525.05,8692.344,2033.775,10386.08,8764.766,1982.074,10439.32,8674.405,2018.298,10479.32,8828.25,1974.46,10510.2
8732.313,1955.555,10524.67,8691.371,2033.775,10385.82,8763.77,1982.074,10439.17,8673.419,2018.298,10479.11,8827.251,1974.46,10510.06
8730.253,1955.555,10523.91,8689.234,2033.775,10385.31,8761.611,1982.074,10438.76,8671.286,2018.298,10478.59,8825.086,1974.46,10509.69
8729.334,1955.555,10523.6,8688.308,2033.775,10385.03,8760.666,1982.074,10438.55,8670.354,2018.298,10478.33,8824.138,1974.46,10509.49
8727.39,1955.555,10523.03,8686.348,2033.775,10384.51,8758.702,1982.074,10438.04,8668.354,2018.298,10477.99,8822.146,1974.46,10509.1
8725.983,1955.555,10522.66,8684.938,2033.775,10384.16,8757.294,1982.074,10437.68,8666.925,2018.298,10477.73,8820.703,1974.46,10508.93
8724.632,1955.555,10522.35,8683.583,2033.775,10383.87,8755.973,1982.074,10437.27,8665.571,2018.298,10477.43,8819.331,1974.46,10508.74
8723.322,1955.555,10522.04,8682.264,2033.775,10383.6,8754.685,1982.074,10436.87,8664.266,2018.298,10477.1,8818.005,1974.46,10508.51
8722.025,1955.555,10521.87,8680.985,2033.775,10383.33,8753.454,1982.074,10436.43,8663.041,2018.298,10476.64,8816.725,1974.46,10508.24
8721.253,1955.555,10521.74,8680.221,2033.775,10383.15,8752.721,1982.074,10436.15,8662.299,2018.298,10476.39,8815.96,1974.46,10508.07
8719.578,1955.555,10521.4,8678.567,2033.775,10382.72,8751.104,1982.074,10435.6,8660.713,2018.298,10475.76,8814.278,1974.46,10507.77
8718.867,1955.555,10521.24,8677.861,2033.775,10382.54,8750.405,1982.074,10435.39,8660.027,2018.298,10475.51,8813.564,1974.46,10507.61
8717.316,1955.555,10520.82,8676.315,2033.775,10382.1,8748.918,1982.074,10434.79,8658.509,2018.298,10474.98,8812.004,1974.46,10507.24
8716.21,1955.555,10520.55,8675.23,2033.775,10381.76,8747.851,1982.074,10434.39,8657.422,2018.298,10474.65,8810.907,1974.46,10506.93
8715.293,1955.555,10520.3,8674.333,2033.775,10381.45,8746.995,1982.074,10433.97,8656.552,2018.298,10474.26,8809.999,1974.46,10506.65
8713.942,1955.555,10519.88,8673.015,2033.775,10380.93,8745.703,1982.074,10433.4,8655.24,2018.298,10473.73,8808.613,1974.46,10506.36
8712.755,1955.555,10519.55,8671.856,2033.775,10380.51,8744.563,1982.074,10432.93,8654.084,2018.298,10473.31,8807.415,1974.46,10506.08
8711.546,1955.555,10519.21,8670.683,2033.775,10380.07,8743.419,1982.074,10432.41,8652.909,2018.298,10472.86,8806.193,1974.46,10505.79
8710.32,1955.555,10518.82,8669.496,2033.775,10379.57,8742.231,1982.074,10431.92,8651.728,2018.298,10472.35,8804.952,1974.46,10505.44
8709.081,1955.555,10518.38,8668.301,2033.775,10379.02,8741.001,1982.074,10431.45,8650.503,2018.298,10471.87,8803.681,1974.46,10505.1
8707.941,1955.555,10518.01,8667.198,2033.775,10378.56,8739.869,1982.074,10431.06,8649.404,2018.298,10471.4,8802.535,1974.46,10504.76
8706.51,1955.555,10517.5,8665.839,2033.775,10377.88,8738.448,1982.074,10430.53,8647.99,2018.298,10470.84,8801.057,1974.46,10504.41
8705.223,1955.555,10516.95,8664.615,2033.775,10377.2,8737.124,1982.074,10430.07,8646.675,2018.298,10470.37,8799.681,1974.46,10504.15
8704.171,1955.555,10516.55,8663.624,2033.775,10376.66,8736.069,1982.074,10429.67,8645.584,2018.298,10470.08,8798.579,1974.46,10503.91
8702.165,1955.555,10515.84,8661.724,2033.775,10375.71,8734.071,1982.074,10428.95,8643.547,2018.298,10469.47,8796.505,1974.46,10503.44
8701.681,1955.555,10515.63,8661.244,2033.775,10375.49,8733.596,1982.074,10428.72,8643.046,2018.298,10469.31,8795.994,1974.46,10503.31
8699.747,1955.555,10514.86,8659.326,2033.775,10374.68,8731.693,1982.074,10427.88,8641.095,2018.298,10468.58,8793.998,1974.46,10502.72
8698.868,1955.555,10514.55,8658.509,2033.775,10374.23,8730.827,1982.074,10427.53,8640.229,2018.298,10468.23,8793.111,1974.46,10502.43
8696.794,1955.555,10514,8656.657,2033.775,10373.14,8728.749,1982.074,10426.99,8638.265,2018.298,10467.37,8791.097,1974.46,10501.69
8695.873,1955.555,10513.72,8655.813,2033.775,10372.68,8727.826,1982.074,10426.72,8637.372,2018.298,10467.01,8790.196,1974.46,10501.35
8693.777,1955.555,10513.01,8653.836,2033.775,10371.69,8725.726,1982.074,10426.03,8635.294,2018.298,10466.25,8788.152,1974.46,10500.51
8692.23,1955.555,10512.52,8652.363,2033.775,10371.01,8724.202,1982.074,10425.47,8633.719,2018.298,10465.86,8786.651,1974.46,10499.89
8690.79,1955.555,10512.25,8651.013,2033.775,10370.44,8722.81,1982.074,10425.01,8632.308,2018.298,10465.47,8785.277,1974.46,10499.38
8688.993,1955.555,10511.85,8649.355,2033.775,10369.64,8721.043,1982.074,10424.49,8630.53,2018.298,10464.99,8783.532,1974.46,10498.79
8687.185,1955.555,10511.39,8647.649,2033.775,10368.88,8719.222,1982.074,10424.08,8628.7,2018.298,10464.62,8781.743,1974.46,10498.26
8685.492,1955.555,10511.02,8646.043,2033.775,10368.23,8717.544,1982.074,10423.65,8626.982,2018.298,10464.39,8780.073,1974.46,10497.8
8683.948,1955.555,10510.74,8644.57,2033.775,10367.69,8716.013,1982.074,10423.3,8625.435,2018.298,10464.14,8778.548,1974.46,10497.43
8682.541,1955.555,10510.43,8643.204,2033.775,10367.23,8714.589,1982.074,10423.09,8624.023,2018.298,10463.85,8777.139,1974.46,10497.13
8680.646,1955.555,10509.75,8641.273,2033.775,10366.66,8712.589,1982.074,10422.86,8622.063,2018.298,10463.4,8775.157,1974.46,10496.78
8678.953,1955.555,10509.21,8639.553,2033.775,10366.21,8710.819,1982.074,10422.69,8620.346,2018.298,10462.93,8773.419,1974.46,10496.4
8677.757,1955.555,10508.87,8638.347,2033.775,10365.91,8709.585,1982.074,10422.53,8619.134,2018.298,10462.65,8772.204,1974.46,10496.13
8674.876,1955.555,10508.15,8635.445,2033.775,10365.27,8706.654,1982.074,10422.05,8616.304,2018.298,10461.75,8769.322,1974.46,10495.41
8673.543,1955.555,10507.58,8634.044,2033.775,10364.92,8705.235,1982.074,10421.77,8614.912,2018.298,10461.36,8767.911,1974.46,10495.1
8672.999,1955.555,10507.38,8633.488,2033.775,10364.74,8704.667,1982.074,10421.64,8614.346,2018.298,10461.22,8767.337,1974.46,10494.99
8670.919,1955.555,10506.61,8631.371,2033.775,10364.08,8702.487,1982.074,10421.23,8612.209,2018.298,10460.63,8765.168,1974.46,10494.53
8670.014,1955.555,10506.31,8630.451,2033.775,10363.83,8701.542,1982.074,10421.1,8611.268,2018.298,10460.47,8764.228,1974.46,10494.37
8668.019,1955.555,10505.72,8628.428,2033.775,10363.34,8699.474,1982.074,10420.88,8609.227,2018.298,10460.07,8762.152,1974.46,10494.21
8666.629,1955.555,10505.36,8627.034,2033.775,10363,8698.052,1982.074,10420.68,8607.793,2018.298,10459.99,8760.724,1974.46,10494.07
8665.507,1955.555,10505.1,8625.91,2033.775,10362.76,8696.901,1982.074,10420.69,8606.647,2018.298,10459.89,8759.584,1974.46,10493.92
8663.925,1955.555,10504.8,8624.325,2033.775,10362.47,8695.291,1982.074,10420.65,8605.046,2018.298,10459.72,8757.981,1974.46,10493.75
8662.854,1955.555,10504.63,8623.266,2033.775,10362.24,8694.209,1982.074,10420.59,8603.973,2018.298,10459.57,8756.907,1974.46,10493.61
8661.349,1955.555,10504.44,8621.772,2033.775,10361.97,8692.697,1982.074,10420.46,8602.462,2018.298,10459.43,8755.441,1974.46,10493.22
8660.259,1955.555,10504.27,8620.681,2033.775,10361.81,8691.596,1982.074,10420.4,8601.366,2018.298,10459.29,8754.366,1974.46,10492.97
8658.436,1955.555,10503.96,8618.875,2033.775,10361.41,8689.754,1982.074,10420.23,8599.563,2018.298,10458.88,8752.553,1974.46,10492.61
8658.022,1955.555,10503.88,8618.461,2033.775,10361.33,8689.336,1982.074,10420.18,8599.15,2018.298,10458.8,8752.142,1974.46,10492.52
8656.446,1955.555,10503.37,8616.865,2033.775,10360.89,8687.699,1982.074,10419.92,8597.517,2018.298,10458.52,8750.516,1974.46,10492.2
8655.565,1955.555,10503.12,8615.975,2033.775,10360.67,8686.799,1982.074,10419.75,8596.61,2018.298,10458.38,8749.622,1974.46,10492
8653.845,1955.555,10502.68,8614.237,2033.775,10360.31,8685.056,1982.074,10419.42,8594.865,2018.298,10458.06,8747.906,1974.46,10491.54
8652.91,1955.555,10502.48,8613.295,2033.775,10360.14,8684.11,1982.074,10419.27,8593.931,2018.298,10457.86,8747.009,1974.46,10491.21
8651.07,1955.555,10502.23,8611.442,2033.775,10360.02,8682.286,1982.074,10418.93,8592.154,2018.298,10457.32,8745.247,1974.46,10490.63
8650.085,1955.555,10502.06,8610.447,2033.775,10359.93,8681.31,1982.074,10418.71,8591.188,2018.298,10457.06,8744.288,1974.46,10490.34
8647.994,1955.555,10501.74,8608.35,2033.775,10359.65,8679.235,1982.074,10418.3,8589.129,2018.298,10456.58,8742.241,1974.46,10489.81
8646.973,1955.555,10501.55,8607.324,2033.775,10359.48,8678.21,1982.074,10418.13,8588.121,2018.298,10456.33,8741.237,1974.46,10489.54
8645.199,1955.555,10501.16,8605.543,2033.775,10359.13,8676.43,1982.074,10417.78,8586.346,2018.298,10455.95,8739.469,1974.46,10489.13
8643.673,1955.555,10500.86,8604.027,2033.775,10358.78,8674.914,1982.074,10417.42,8584.897,2018.298,10455.38,8737.958,1974.46,10488.75
8642.132,1955.555,10500.49,8602.498,2033.775,10358.37,8673.385,1982.074,10417.01,8583.406,2018.298,10454.85,8736.416,1974.46,10488.4
8641.063,1955.555,10500.21,8601.439,2033.775,10358.05,8672.298,1982.074,10416.81,8582.353,2018.298,10454.51,8735.327,1974.46,10488.21
8638.913,1955.555,10499.31,8599.188,2033.775,10357.45,8669.977,1982.074,10416.6,8580.11,2018.298,10453.88,8733.006,1974.46,10488
8637.504,1955.555,10498.78,8597.747,2033.775,10357.01,8668.478,1982.074,10416.44,8578.647,2018.298,10453.51,8731.51,1974.46,10487.82
8636.201,1955.555,10498.33,8596.418,2033.775,10356.65,8667.115,1982.074,10416.24,8577.323,2018.298,10453.14,8730.149,1974.46,10487.61
8634.348,1955.555,10497.76,8594.53,2033.775,10356.21,8665.193,1982.074,10415.99,8575.441,2018.298,10452.67,8728.244,1974.46,10487.25
8633.037,1955.555,10497.41,8593.199,2033.775,10355.94,8663.838,1982.074,10415.9,8574.132,2018.298,10452.31,8726.897,1974.46,10487.07
8631.027,1955.555,10496.81,8591.183,2033.775,10355.37,8661.751,1982.074,10415.69,8572.094,2018.298,10451.82,8724.805,1974.46,10486.94
8629.33,1955.555,10496.37,8589.48,2033.775,10354.94,8660.012,1982.074,10415.46,8570.381,2018.298,10451.44,8723.053,1974.46,10486.84
8627.602,1955.555,10495.97,8587.789,2033.775,10354.41,8658.263,1982.074,10415.17,8568.639,2018.298,10451.11,8721.288,1974.46,10486.68
8626.521,1955.555,10495.77,8586.728,2033.775,10354.12,8657.183,1982.074,10414.96,8567.54,2018.298,10451.03,8720.188,1974.46,10486.65
8624.046,1955.555,10495.37,8584.293,2033.775,10353.53,8654.711,1982.074,10414.55,8565.039,2018.298,10450.89,8717.686,1974.46,10486.51
8622.943,1955.555,10495.19,8583.199,2033.775,10353.3,8653.638,1982.074,10414.24,8563.927,2018.298,10450.79,8716.573,1974.46,10486.41
8620.448,1955.555,10494.67,8580.73,2033.775,10352.67,8651.168,1982.074,10413.61,8561.383,2018.298,10450.63,8714.044,1974.46,10486.1
8619.294,1955.555,10494.47,8579.614,2033.775,10352.31,8650.028,1982.074,10413.34,8560.217,2018.298,10450.52,8712.887,1974.46,10485.92
8616.773,1955.555,10494.12,8577.164,2033.775,10351.62,8647.534,1982.074,10412.83,8557.691,2018.298,10450.19,8710.386,1974.46,10485.45
8614.896,1955.555,10493.79,8575.313,2033.775,10351.16,8645.719,1982.074,10412.25,8555.81,2018.298,10449.89,8708.512,1974.46,10485.09
8613.028,1955.555,10493.4,8573.494,2033.775,10350.59,8643.885,1982.074,10411.72,8553.938,2018.298,10449.52,8706.619,1974.46,10484.86
8611.563,1955.555,10493,8572.033,2033.775,10350.17,8642.422,1982.074,10411.32,8552.448,2018.298,10449.23,8705.12,1974.46,10484.62
8608.808,1955.555,10492.34,8569.374,2033.775,10349.2,8639.737,1982.074,10410.41,8549.689,2018.298,10448.58,8702.338,1974.46,10484.08
8608.118,1955.555,10492.25,8568.715,2033.775,10348.98,8639.072,1982.074,10410.21,8549.019,2018.298,10448.4,8701.66,1974.46,10483.93
8605.443,1955.555,10491.81,8566.115,2033.775,10348.21,8636.565,1982.074,10409.18,8546.426,2018.298,10447.61,8698.999,1974.46,10483.42
8604.26,1955.555,10491.58,8564.933,2033.775,10347.97,8635.435,1982.074,10408.75,8545.334,2018.298,10447.1,8697.822,1974.46,10483.15
8601.585,1955.555,10490.96,8562.261,2033.775,10347.33,8632.832,1982.074,10407.88,8542.812,2018.298,10446.01,8695.165,1974.46,10482.46
8600.371,1955.555,10490.63,8561.048,2033.775,10347,8631.629,1982.074,10407.52,8541.668,2018.298,10445.49,8693.96,1974.46,10482.1
8597.326,1955.555,10489.88,8558.049,2033.775,10346.08,8628.655,1982.074,10406.51,8538.771,2018.298,10444.29,8690.992,1974.46,10481.08
8596.169,1955.555,10489.55,8556.911,2033.775,10345.69,8627.564,1982.074,10406.01,8537.671,2018.298,10443.8,8689.843,1974.46,10480.72
8593.841,1955.555,10488.8,8554.627,2033.775,10344.82,8625.315,1982.074,10405.05,8535.495,2018.298,10442.68,8687.531,1974.46,10479.93
8592.32,1955.555,10488.26,8553.139,2033.775,10344.19,8623.812,1982.074,10404.46,8534.036,2018.298,10441.99,8686.001,1974.46,10479.42
8590.006,1955.555,10487.39,8550.892,2033.775,10343.16,8621.538,1982.074,10403.5,8531.768,2018.298,10441.01,8683.685,1974.46,10478.55
8588.016,1955.555,10486.89,8548.998,2033.775,10342.37,8619.669,1982.074,10402.64,8529.985,2018.298,10439.99,8681.784,1974.46,10477.77
8586.031,1955.555,10486.31,8547.034,2033.775,10341.73,8617.762,1982.074,10401.85,8528.159,2018.298,10439.03,8679.871,1974.46,10476.99
8584.073,1955.555,10485.67,8545.055,2033.775,10341.16,8615.94,1982.074,10400.89,8526.31,2018.298,10438.12,8677.948,1974.46,10476.26
8582.464,1955.555,10485.09,8543.426,2033.775,10340.64,8614.401,1982.074,10400.14,8524.831,2018.298,10437.26,8676.329,1974.46,10475.71
8580.178,1955.555,10484.18,8541.108,2033.775,10339.81,8612.153,1982.074,10399.14,8522.665,2018.298,10436.09,8674.027,1974.46,10474.83
8578.062,1955.555,10483.63,8539.074,2033.775,10339,8610.252,1982.074,10398.06,8520.707,2018.298,10435.12,8671.96,1974.46,10474.12
8576.396,1955.555,10483.13,8537.481,2033.775,10338.31,8608.715,1982.074,10397.25,8519.128,2018.298,10434.4,8670.338,1974.46,10473.5
8574.104,1955.555,10482.37,8535.241,2033.775,10337.41,8606.563,1982.074,10396.16,8516.899,2018.298,10433.46,8668.11,1974.46,10472.57
8572.512,1955.555,10481.83,8533.703,2033.775,10336.73,8605.042,1982.074,10395.44,8515.428,2018.298,10432.65,8666.633,1974.46,10471.76
8570.102,1955.555,10480.93,8531.385,2033.775,10335.62,8602.791,1982.074,10394.19,8513.136,2018.298,10431.48,8664.427,1974.46,10470.44
8568.526,1955.555,10480.32,8529.877,2033.775,10334.85,8601.364,1982.074,10393.29,8511.605,2018.298,10430.76,8663.036,1974.46,10469.48
8565.934,1955.555,10479.21,8527.327,2033.775,10333.65,8598.937,1982.074,10391.85,8509.077,2018.298,10429.51,8660.691,1974.46,10467.91
8563.91,1955.555,10478.4,8525.388,2033.775,10332.65,8597.024,1982.074,10390.8,8507.155,2018.298,10428.48,8658.841,1974.46,10466.76
8562.54,1955.555,10477.8,8524.04,2033.775,10332,8595.689,1982.074,10390.13,8505.813,2018.298,10427.82,8657.545,1974.46,10466.01
8560.237,1955.555,10476.69,8521.665,2033.775,10331.06,8593.531,1982.074,10388.76,8503.488,2018.298,10426.76,8655.293,1974.46,10464.81
8558.522,1955.555,10475.8,8519.892,2033.775,10330.29,8591.865,1982.074,10387.78,8501.756,2018.298,10425.91,8653.561,1974.46,10463.95
8556.283,1955.555,10474.91,8517.713,2033.775,10329.26,8589.749,1982.074,10386.63,8499.455,2018.298,10425.19,8651.338,1974.46,10463.02
8554.204,1955.555,10474.27,8515.716,2033.775,10328.4,8587.805,1982.074,10385.65,8497.399,2018.298,10424.48,8649.344,1974.46,10462.15
8552.144,1955.555,10473.56,8513.773,2033.775,10327.41,8585.826,1982.074,10384.74,8495.315,2018.298,10423.84,8647.426,1974.46,10461.11
8550.73,1955.555,10473.02,8512.403,2033.775,10326.77,8584.453,1982.074,10384.1,8493.881,2018.298,10423.36,8646.081,1974.46,10460.42
8546.961,1955.555,10471.9,8508.966,2033.775,10324.86,8581,1982.074,10382.22,8490.194,2018.298,10421.99,8642.529,1974.46,10458.73
8546.439,1955.555,10471.73,8508.479,2033.775,10324.6,8580.509,1982.074,10381.98,8489.686,2018.298,10421.78,8642.025,1974.46,10458.51
8543.585,1955.555,10470.67,8505.742,2033.775,10323.27,8577.747,1982.074,10380.7,8486.851,2018.298,10420.68,8639.338,1974.46,10457.09
8542.114,1955.555,10470.29,8504.391,2033.775,10322.58,8576.347,1982.074,10380.11,8485.386,2018.298,10420.27,8638.021,1974.46,10456.33
8539.63,1955.555,10469.54,8502.048,2033.775,10321.46,8573.954,1982.074,10379.1,8482.853,2018.298,10419.71,8635.733,1974.46,10455.1
8537.453,1955.555,10468.81,8499.943,2033.775,10320.54,8571.908,1982.074,10378.06,8480.628,2018.298,10419.15,8633.675,1974.46,10454.09
8535.745,1955.555,10468.18,8498.346,2033.775,10319.67,8570.258,1982.074,10377.29,8478.878,2018.298,10418.64,8632.109,1974.46,10453.16
8533.405,1955.555,10467.22,8496.092,2033.775,10318.53,8567.936,1982.074,10376.29,8476.447,2018.298,10417.95,8629.98,1974.46,10451.79
8531.382,1955.555,10466.32,8494.083,2033.775,10317.59,8565.929,1982.074,10375.35,8474.336,2018.298,10417.28,8628.076,1974.46,10450.66
8530.002,1955.555,10465.65,8492.759,2033.775,10316.82,8564.519,1982.074,10374.75,8472.89,2018.298,10416.76,8626.758,1974.46,10449.88
8527.106,1955.555,10464.35,8489.97,2033.775,10315.31,8561.63,1982.074,10373.44,8469.904,2018.298,10415.69,8623.981,1974.46,10448.34
8525.722,1955.555,10463.68,8488.604,2033.775,10314.6,8560.188,1982.074,10372.9,8468.473,2018.298,10415.13,8622.61,1974.46,10447.64
8523.414,1955.555,10462.45,8486.247,2033.775,10313.47,8557.771,1982.074,10371.91,8465.987,2018.298,10414.32,8620.268,1974.46,10446.49
8521.822,1955.555,10461.55,8484.641,2033.775,10312.59,8556.101,1982.074,10371.16,8464.266,2018.298,10413.69,8618.65,1974.46,10445.63
8519.502,1955.555,10460.33,8482.301,2033.775,10311.41,8553.728,1982.074,10370.04,8461.831,2018.298,10412.72,8616.296,1974.46,10444.48
8517.558,1955.555,10459.08,8480.351,2033.775,10310.17,8551.663,1982.074,10369,8459.714,2018.298,10411.8,8614.162,1974.46,10443.59
8515.979,1955.555,10458.13,8478.767,2033.775,10309.23,8550.021,1982.074,10368.17,8458.054,2018.298,10411,8612.488,1974.46,10442.82
8513.752,1955.555,10456.9,8476.534,2033.775,10308.01,8547.786,1982.074,10366.96,8455.782,2018.298,10409.85,8610.208,1974.46,10441.69
8511.765,1955.555,10455.88,8474.652,2033.775,10306.8,8545.792,1982.074,10365.95,8453.823,2018.298,10408.78,8608.241,1974.46,10440.64
8510.38,1955.555,10455.19,8473.322,2033.775,10306.01,8544.422,1982.074,10365.23,8452.491,2018.298,10407.99,8606.854,1974.46,10439.95
8507.071,1955.555,10454.03,8470.388,2033.775,10304.09,8541.371,1982.074,10363.5,8449.416,2018.298,10406.31,8603.717,1974.46,10438.38
8505.528,1955.555,10453.43,8468.974,2033.775,10303.23,8539.94,1982.074,10362.67,8447.939,2018.298,10405.56,8602.261,1974.46,10437.59
8503.442,1955.555,10452.62,8467.163,2033.775,10301.92,8538.07,1982.074,10361.44,8445.977,2018.298,10404.49,8600.258,1974.46,10436.6
8501.381,1955.555,10451.74,8465.355,2033.775,10300.59,8536.157,1982.074,10360.27,8444.046,2018.298,10403.35,8598.285,1974.46,10435.53
8500.085,1955.555,10451.26,8464.215,2033.775,10299.81,8534.989,1982.074,10359.53,8442.834,2018.298,10402.68,8597.154,1974.46,10434.73
8497.208,1955.555,10450.08,8461.638,2033.775,10298.07,8532.313,1982.074,10357.95,8440.153,2018.298,10401.11,8594.631,1974.46,10432.92
8495.157,1955.555,10449.16,8459.734,2033.775,10296.88,8530.346,1982.074,10356.86,8438.25,2018.298,10399.92,8592.765,1974.46,10431.67
8492.917,1955.555,10448.07,8457.58,2033.775,10295.62,8528.203,1982.074,10355.59,8436.213,2018.298,10398.48,8590.649,1974.46,10430.35
8490.895,1955.555,10447,8455.643,2033.775,10294.41,8526.105,1982.074,10354.68,8434.302,2018.298,10397.22,8588.738,1974.46,10429.09
8489.459,1955.555,10446.4,8454.305,2033.775,10293.62,8524.702,1982.074,10354.01,8433.004,2018.298,10396.37,8587.413,1974.46,10428.28
8487.025,1955.555,10445.3,8452.114,2033.775,10292.09,8522.328,1982.074,10352.79,8430.726,2018.298,10394.97,8585.091,1974.46,10426.96
8484.943,1955.555,10444.43,8450.222,2033.775,10290.86,8520.356,1982.074,10351.69,8428.763,2018.298,10393.86,8583.222,1974.46,10425.69
8482.895,1955.555,10443.5,8448.294,2033.775,10289.69,8518.356,1982.074,10350.65,8426.994,2018.298,10392.46,8581.315,1974.46,10424.49
8480.88,1955.555,10442.49,8446.321,2033.775,10288.61,8516.394,1982.074,10349.55,8425.183,2018.298,10391.13,8579.373,1974.46,10423.36
8478.893,1955.555,10441.42,8444.38,2033.775,10287.46,8514.415,1982.074,10348.46,8423.322,2018.298,10389.85,8577.433,1974.46,10422.2
8477.096,1955.555,10440.58,8442.624,2033.775,10286.53,8512.708,1982.074,10347.45,8421.651,2018.298,10388.78,8575.695,1974.46,10421.24
8474.235,1955.555,10439.13,8439.835,2033.775,10284.94,8510.07,1982.074,10345.62,8418.953,2018.298,10387.04,8573.13,1974.46,10419.31
8473.629,1955.555,10438.79,8439.245,2033.775,10284.58,8509.497,1982.074,10345.24,8418.359,2018.298,10386.68,8572.563,1974.46,10418.92
8471.349,1955.555,10437.55,8436.868,2033.775,10283.54,8507.302,1982.074,10343.85,8416.177,2018.298,10385.28,8570.45,1974.46,10417.41
8470.108,1955.555,10436.99,8435.641,2033.775,10282.95,8506.128,1982.074,10343.16,8415.064,2018.298,10384.49,8569.317,1974.46,10416.66
8467.864,1955.555,10435.89,8433.415,2033.775,10281.81,8503.931,1982.074,10341.97,8412.975,2018.298,10383.12,8567.19,1974.46,10415.34
8466.739,1955.555,10435.29,8432.301,2033.775,10281.19,8502.759,1982.074,10341.47,8411.887,2018.298,10382.46,8566.085,1974.46,10414.71
8464.402,1955.555,10434.23,8430.02,2033.775,10280.02,8500.437,1982.074,10340.38,8409.74,2018.298,10381.05,8563.877,1974.46,10413.4
8463.316,1955.555,10433.7,8428.927,2033.775,10279.5,8499.305,1982.074,10339.95,8408.706,2018.298,10380.43,8562.815,1974.46,10412.82
8460.866,1955.555,10432.4,8426.438,2033.775,10278.28,8496.738,1982.074,10338.9,8406.288,2018.298,10379.07,8560.402,1974.46,10411.45
8460.339,1955.555,10432.14,8425.911,2033.775,10278.02,8496.191,1982.074,10338.69,8405.768,2018.298,10378.79,8559.89,1974.46,10411.17
8458.401,1955.555,10430.95,8423.841,2033.775,10277.08,8494.103,1982.074,10337.79,8403.719,2018.298,10377.81,8557.871,1974.46,10410.12
8456.893,1955.555,10430.09,8422.284,2033.775,10276.31,8492.516,1982.074,10337.09,8402.173,2018.298,10377.02,8556.457,1974.46,10409.12
8455.983,1955.555,10429.58,8421.393,2033.775,10275.77,8491.572,1982.074,10336.63,8401.33,2018.298,10376.4,8555.585,1974.46,10408.54
8454.052,1955.555,10428.39,8419.425,2033.775,10274.64,8489.489,1982.074,10335.74,8399.462,2018.298,10375.12,8553.656,1974.46,10407.35
8453.202,1955.555,10427.91,8418.6,2033.775,10274.12,8488.604,1982.074,10335.32,8398.639,2018.298,10374.59,8552.808,1974.46,10406.86
8451.412,1955.555,10426.75,8416.768,2033.775,10273.03,8486.706,1982.074,10334.36,8396.813,2018.298,10373.49,8550.927,1974.46,10405.86
8450.627,1955.555,10426.28,8415.966,2033.775,10272.59,8485.905,1982.074,10333.92,8396.015,2018.298,10373.05,8550.134,1974.46,10405.41
8448.957,1955.555,10425.17,8414.239,2033.775,10271.57,8484.181,1982.074,10332.89,8394.295,2018.298,10372.02,8548.427,1974.46,10404.35
8448.22,1955.555,10424.72,8413.508,2033.775,10271.1,8483.423,1982.074,10332.47,8393.494,2018.298,10371.68,8547.704,1974.46,10403.87
8446.6,1955.555,10423.78,8411.899,2033.775,10270.15,8481.82,1982.074,10331.51,8391.794,2018.298,10370.9,8546.113,1974.46,10402.89
8445.923,1955.555,10423.34,8411.222,2033.775,10269.71,8481.117,1982.074,10331.1,8391.059,2018.298,10370.56,8545.461,1974.46,10402.41
8444.096,1955.555,10422.22,8409.502,2033.775,10268.43,8479.203,1982.074,10330.14,8389.146,2018.298,10369.6,8543.696,1974.46,10401.2
8443.513,1955.555,10421.89,8408.948,2033.775,10268.05,8478.604,1982.074,10329.84,8388.556,2018.298,10369.28,8543.13,1974.46,10400.83
8442.303,1955.555,10421.25,8407.796,2033.775,10267.31,8477.38,1982.074,10329.22,8387.324,2018.298,10368.67,8541.951,1974.46,10400.13
8441.358,1955.555,10420.59,8406.811,2033.775,10266.71,8476.344,1982.074,10328.73,8386.31,2018.298,10368.14,8540.949,1974.46,10399.57
8440.706,1955.555,10420.17,8406.132,2033.775,10266.34,8475.621,1982.074,10328.44,8385.622,2018.298,10367.78,8540.285,1974.46,10399.17
8439.52,1955.555,10419.38,8404.867,2033.775,10265.69,8474.314,1982.074,10327.88,8384.385,2018.298,10367.08,8539.045,1974.46,10398.48
8438.896,1955.555,10419,8404.206,2033.775,10265.38,8473.652,1982.074,10327.57,8383.737,2018.298,10366.74,8538.396,1974.46,10398.14
8437.736,1955.555,10418.34,8403.018,2033.775,10264.77,8472.43,1982.074,10327.04,8382.534,2018.298,10366.16,8537.23,1974.46,10397.49
8437.13,1955.555,10418.02,8402.433,2033.775,10264.41,8471.811,1982.074,10326.74,8381.927,2018.298,10365.84,8536.622,1974.46,10397.17
8435.899,1955.555,10417.42,8401.243,2033.775,10263.73,8470.597,1982.074,10326.11,8380.675,2018.298,10365.29,8535.399,1974.46,10396.56
8435.337,1955.555,10417.13,8400.681,2033.775,10263.43,8470.084,1982.074,10325.73,8380.102,2018.298,10365.01,8534.835,1974.46,10396.26
8434.407,1955.555,10416.6,8399.739,2033.775,10262.93,8469.201,1982.074,10325.13,8379.152,2018.298,10364.52,8533.883,1974.46,10395.77
8433.595,1955.555,10416.3,8398.983,2033.775,10262.51,8468.504,1982.074,10324.62,8378.356,2018.298,10364.18,8533.104,1974.46,10395.4
8432.656,1955.555,10415.92,8398.063,2033.775,10262.09,8467.668,1982.074,10324.05,8377.424,2018.298,10363.78,8532.179,1974.46,10394.99
8432.064,1955.555,10415.68,8397.483,2033.775,10261.82,8467.129,1982.074,10323.7,8376.82,2018.298,10363.58,8531.604,1974.46,10394.71
8431.317,1955.555,10415.41,8396.73,2033.775,10261.56,8466.444,1982.074,10323.3,8376.064,2018.298,10363.33,8530.894,1974.46,10394.35
8430.608,1955.555,10415.13,8396.016,2033.775,10261.3,8465.774,1982.074,10322.93,8375.347,2018.298,10363.07,8530.201,1974.46,10394.03
8429.926,1955.555,10414.83,8395.326,2033.775,10261.01,8465.109,1982.074,10322.6,8374.655,2018.298,10362.79,8529.536,1974.46,10393.7
8429.249,1955.555,10414.59,8394.672,2033.775,10260.72,8464.459,1982.074,10322.29,8373.977,2018.298,10362.56,8528.93,1974.46,10393.31
8428.842,1955.555,10414.44,8394.276,2033.775,10260.53,8464.092,1982.074,10322.06,8373.567,2018.298,10362.41,8528.553,1974.46,10393.09
8427.88,1955.555,10414.08,8393.364,2033.775,10260.06,8463.213,1982.074,10321.53,8372.62,2018.298,10362.02,8527.651,1974.46,10392.6
8427.154,1955.555,10413.79,8392.681,2033.775,10259.68,8462.529,1982.074,10321.15,8371.907,2018.298,10361.69,8526.952,1974.46,10392.25
8426.359,1955.555,10413.44,8391.913,2033.775,10259.27,8461.756,1982.074,10320.75,8371.127,2018.298,10361.31,8526.162,1974.46,10391.89
8425.688,1955.555,10413.21,8391.277,2033.775,10258.96,8461.141,1982.074,10320.4,8370.497,2018.298,10360.99,8525.494,1974.46,10391.65
8424.685,1955.555,10412.92,8390.355,2033.775,10258.47,8460.218,1982.074,10319.91,8369.562,2018.298,10360.52,8524.521,1974.46,10391.28
8423.97,1955.555,10412.69,8389.692,2033.775,10258.12,8459.543,1982.074,10319.58,8368.879,2018.298,10360.21,8523.824,1974.46,10390.99
8422.601,1955.555,10412.2,8388.456,2033.775,10257.35,8458.216,1982.074,10318.99,8367.559,2018.298,10359.6,8522.494,1974.46,10390.41
8422.257,1955.555,10412.07,8388.136,2033.775,10257.17,8457.875,1982.074,10318.84,8367.229,2018.298,10359.43,8522.177,1974.46,10390.22
8420.904,1955.555,10411.48,8386.834,2033.775,10256.47,8456.479,1982.074,10318.37,8365.89,2018.298,10358.82,8520.888,1974.46,10389.5
8420.242,1955.555,10411.27,8386.21,2033.775,10256.17,8455.828,1982.074,10318.13,8365.249,2018.298,10358.55,8520.277,1974.46,10389.17
8418.794,1955.555,10410.76,8384.809,2033.775,10255.54,8454.382,1982.074,10317.61,8363.837,2018.298,10357.94,8518.902,1974.46,10388.48
8417.663,1955.555,10410.36,8383.7,2033.775,10255.08,8453.23,1982.074,10317.27,8362.803,2018.298,10357.33,8517.813,1974.46,10387.98
8416.646,1955.555,10410.01,8382.667,2033.775,10254.77,8452.205,1982.074,10316.94,8361.855,2018.298,10356.82,8516.84,1974.46,10387.52
8415.353,1955.555,10409.51,8381.327,2033.775,10254.42,8450.901,1982.074,10316.47,8360.616,2018.298,10356.2,8515.589,1974.46,10386.92
8413.877,1955.555,10408.88,8379.793,2033.775,10253.96,8449.413,1982.074,10315.88,8359.161,2018.298,10355.53,8514.133,1974.46,10386.25
8413.423,1955.555,10408.69,8379.325,2033.775,10253.8,8448.938,1982.074,10315.75,8358.716,2018.298,10355.32,8513.678,1974.46,10386.06
8411.729,1955.555,10408.03,8377.622,2033.775,10253.17,8447.201,1982.074,10315.21,8357.051,2018.298,10354.59,8512.052,1974.46,10385.25
8410.442,1955.555,10407.48,8376.328,2033.775,10252.63,8445.88,1982.074,10314.75,8355.8,2018.298,10353.96,8510.781,1974.46,10384.67
8409.091,1955.555,10407.11,8374.98,2033.775,10252.24,8444.57,1982.074,10314.25,8354.524,2018.298,10353.38,8509.503,1974.46,10384.09
8408.017,1955.555,10406.77,8373.91,2033.775,10251.89,8443.552,1982.074,10313.77,8353.486,2018.298,10352.94,8508.462,1974.46,10383.66
8405.789,1955.555,10405.98,8371.631,2033.775,10251.28,8441.384,1982.074,10312.83,8351.28,2018.298,10352.1,8506.251,1974.46,10382.83
8404.403,1955.555,10405.45,8370.186,2033.775,10250.93,8440.001,1982.074,10312.29,8349.889,2018.298,10351.58,8504.854,1974.46,10382.32
8403.938,1955.555,10405.25,8369.696,2033.775,10250.79,8439.523,1982.074,10312.12,8349.408,2018.298,10351.42,8504.384,1974.46,10382.13
8402.146,1955.555,10404.45,8367.827,2033.775,10250.21,8437.693,1982.074,10311.42,8347.531,2018.298,10350.86,8502.545,1974.46,10381.46
8401.141,1955.555,10404.05,8366.803,2033.775,10249.86,8436.705,1982.074,10310.97,8346.467,2018.298,10350.65,8501.539,1974.46,10381.06
8399.192,1955.555,10403.34,8364.821,2033.775,10249.24,8434.788,1982.074,10310.18,8344.444,2018.298,10350.19,8499.641,1974.46,10380.22
8398.137,1955.555,10402.99,8363.771,2033.775,10248.88,8433.811,1982.074,10309.65,8343.369,2018.298,10349.91,8498.628,1974.46,10379.76
8396.127,1955.555,10402.26,8361.723,2033.775,10248.26,8431.896,1982.074,10308.7,8341.305,2018.298,10349.35,8496.65,1974.46,10378.95
8394.514,1955.555,10401.89,8360.155,2033.775,10247.73,8430.394,1982.074,10308.01,8339.695,2018.298,10348.97,8495.143,1974.46,10378.27
8392.88,1955.555,10401.47,8358.57,2033.775,10247.15,8428.837,1982.074,10307.35,8338.066,2018.298,10348.52,8493.582,1974.46,10377.62
8391.43,1955.555,10401.04,8357.215,2033.775,10246.48,8427.425,1982.074,10306.81,8336.621,2018.298,10348.08,8492.166,1974.46,10377.09
8389.621,1955.555,10400.44,8355.48,2033.775,10245.69,8425.687,1982.074,10306.03,8334.819,2018.298,10347.46,8490.423,1974.46,10376.33
8387.969,1955.555,10399.91,8353.908,2033.775,10244.96,8424.08,1982.074,10305.38,8333.197,2018.298,10346.84,8488.936,1974.46,10375.43
8386.353,1955.555,10399.33,8352.329,2033.775,10244.28,8422.513,1982.074,10304.67,8331.605,2018.298,10346.2,8487.436,1974.46,10374.59
8384.8,1955.555,10398.72,8350.86,2033.775,10243.5,8421.089,1982.074,10303.81,8330.081,2018.298,10345.53,8485.953,1974.46,10373.83
8383.888,1955.555,10398.33,8350.007,2033.775,10242.99,8420.225,1982.074,10303.32,8329.182,2018.298,10345.1,8485.057,1974.46,10373.41
8381.915,1955.555,10397.41,8348.178,2033.775,10241.8,8418.294,1982.074,10302.31,8327.115,2018.298,10344.42,8483.003,1974.46,10372.68
8381.054,1955.555,10397.04,8347.375,2033.775,10241.32,8417.466,1982.074,10301.87,8326.236,2018.298,10344.09,8482.13,1974.46,10372.34
8379.253,1955.555,10396.07,8345.592,2033.775,10240.33,8415.631,1982.074,10300.97,8324.342,2018.298,10343.33,8480.253,1974.46,10371.53
8377.985,1955.555,10395.45,8344.349,2033.775,10239.65,8414.341,1982.074,10300.4,8323.048,2018.298,10342.76,8478.921,1974.46,10371.06
8376.957,1955.555,10394.98,8343.406,2033.775,10239.03,8413.248,1982.074,10300.11,8321.974,2018.298,10342.41,8477.844,1974.46,10370.73
8375.496,1955.555,10394.38,8342.058,2033.775,10238.21,8411.713,1982.074,10299.73,8320.484,2018.298,10341.88,8476.35,1974.46,10370.21
8374.521,1955.555,10393.96,8341.135,2033.775,10237.68,8410.692,1982.074,10299.44,8319.478,2018.298,10341.55,8475.337,1974.46,10369.89
8372.706,1955.555,10393.14,8339.374,2033.775,10236.76,8408.797,1982.074,10298.84,8317.611,2018.298,10340.86,8473.458,1974.46,10369.24
8371.602,1955.555,10392.69,8338.3,2033.775,10236.24,8407.672,1982.074,10298.44,8316.467,2018.298,10340.52,8472.345,1974.46,10368.81
8371.104,1955.555,10392.5,8337.813,2033.775,10236.02,8407.159,1982.074,10298.29,8315.958,2018.298,10340.36,8471.85,1974.46,10368.61
8369.524,1955.555,10391.95,8336.311,2033.775,10235.29,8405.568,1982.074,10297.78,8314.38,2018.298,10339.8,8470.304,1974.46,10367.97
8368.828,1955.555,10391.73,8335.664,2033.775,10234.95,8404.881,1982.074,10297.53,8313.685,2018.298,10339.58,8469.638,1974.46,10367.67
8367.765,1955.555,10391.42,8334.7,2033.775,10234.4,8403.853,1982.074,10297.12,8312.623,2018.298,10339.27,8468.643,1974.46,10367.19
8366.934,1955.555,10391.21,8333.965,2033.775,10233.96,8403.065,1982.074,10296.78,8311.794,2018.298,10339.05,8467.883,1974.46,10366.79
8365.805,1955.555,10390.95,8332.99,2033.775,10233.33,8402.019,1982.074,10296.28,8310.669,2018.298,10338.78,8466.876,1974.46,10366.22
8364.852,1955.555,10390.76,8332.188,2033.775,10232.79,8401.153,1982.074,10295.84,8309.72,2018.298,10338.57,8466.047,1974.46,10365.71
8363.918,1955.555,10390.6,8331.42,2033.775,10232.24,8400.324,1982.074,10295.38,8308.79,2018.298,10338.39,8465.255,1974.46,10365.19
8363.013,1955.555,10390.48,8330.693,2033.775,10231.68,8399.538,1982.074,10294.92,8307.888,2018.298,10338.25,8464.506,1974.46,10364.67
8362.232,1955.555,10390.39,8330.082,2033.775,10231.19,8398.876,1982.074,10294.5,8307.11,2018.298,10338.13,8463.878,1974.46,10364.19
8361.281,1955.555,10390.32,8329.356,2033.775,10230.57,8398.088,1982.074,10293.96,8306.163,2018.298,10338.02,8463.134,1974.46,10363.6
8360.538,1955.555,10390.28,8328.803,2033.775,10230.07,8397.486,1982.074,10293.52,8305.422,2018.298,10337.95,8462.568,1974.46,10363.11
8359.643,1955.555,10390.25,8328.152,2033.775,10229.45,8396.779,1982.074,10292.97,8304.528,2018.298,10337.88,8461.907,1974.46,10362.51
8358.863,1955.555,10390.26,8327.602,2033.775,10228.9,8396.181,1982.074,10292.47,8303.751,2018.298,10337.84,8461.35,1974.46,10361.96
8358.267,1955.555,10390.28,8327.19,2033.775,10228.47,8395.734,1982.074,10292.07,8303.154,2018.298,10337.82,8460.937,1974.46,10361.53
8357.193,1955.555,10390.34,8326.469,2033.775,10227.67,8394.952,1982.074,10291.33,8302.079,2018.298,10337.8,8460.217,1974.46,10360.73
8356.937,1955.555,10390.37,8326.301,2033.775,10227.48,8394.771,1982.074,10291.15,8301.821,2018.298,10337.81,8460.051,1974.46,10360.54
8355.98,1955.555,10390.48,8325.69,2033.775,10226.73,8394.114,1982.074,10290.45,8300.859,2018.298,10337.83,8459.455,1974.46,10359.78
8355.573,1955.555,10390.54,8325.437,2033.775,10226.41,8393.843,1982.074,10290.14,8300.448,2018.298,10337.84,8459.211,1974.46,10359.45
8354.689,1955.555,10390.69,8324.901,2033.775,10225.69,8393.273,1982.074,10289.44,8299.553,2018.298,10337.89,8458.703,1974.46,10358.71
8354.307,1955.555,10390.77,8324.676,2033.775,10225.37,8393.035,1982.074,10289.13,8299.163,2018.298,10337.92,8458.492,1974.46,10358.38
8353.471,1955.555,10390.92,8324.163,2033.775,10224.69,8392.496,1982.074,10288.48,8298.314,2018.298,10337.95,8458.012,1974.46,10357.68
8352.894,1955.555,10391,8323.796,2033.775,10224.24,8392.111,1982.074,10288.04,8297.731,2018.298,10337.95,8457.666,1974.46,10357.21
8352.384,1955.555,10391.05,8323.46,2033.775,10223.85,8391.76,1982.074,10287.67,8297.219,2018.298,10337.94,8457.349,1974.46,10356.81
8351.764,1955.555,10391.1,8323.038,2033.775,10223.4,8391.319,1982.074,10287.23,8296.598,2018.298,10337.9,8456.948,1974.46,10356.33
8351.211,1955.555,10391.13,8322.649,2033.775,10223,8390.915,1982.074,10286.85,8296.046,2018.298,10337.85,8456.578,1974.46,10355.92
8350.475,1955.555,10391.14,8322.116,2033.775,10222.49,8390.361,1982.074,10286.36,8295.315,2018.298,10337.76,8456.069,1974.46,10355.39
8349.834,1955.555,10391.13,8321.638,2033.775,10222.07,8389.866,1982.074,10285.96,8294.683,2018.298,10337.66,8455.611,1974.46,10354.94
8348.978,1955.555,10391.09,8320.979,2033.775,10221.52,8389.186,1982.074,10285.43,8293.84,2018.298,10337.5,8454.979,1974.46,10354.36
8348.16,1955.555,10391.03,8320.333,2033.775,10221.01,8388.519,1982.074,10284.96,8293.04,2018.298,10337.32,8454.358,1974.46,10353.83
8347.483,1955.555,10390.95,8319.783,2033.775,10220.61,8387.952,1982.074,10284.58,8292.381,2018.298,10337.15,8453.828,1974.46,10353.4
8346.383,1955.555,10390.8,8318.864,2033.775,10219.99,8387.008,1982.074,10283.99,8291.314,2018.298,10336.84,8452.94,1974.46,10352.73
8345.641,1955.555,10390.67,8318.229,2033.775,10219.58,8386.355,1982.074,10283.62,8290.6,2018.298,10336.6,8452.325,1974.46,10352.29
8344.455,1955.555,10390.42,8317.186,2033.775,10218.97,8385.287,1982.074,10283.05,8289.463,2018.298,10336.19,8451.313,1974.46,10351.63
8343.441,1955.555,10390.17,8316.271,2033.775,10218.47,8384.352,1982.074,10282.58,8288.495,2018.298,10335.8,8450.424,1974.46,10351.08
8342.723,1955.555,10389.98,8315.605,2033.775,10218.13,8383.673,1982.074,10282.28,8287.813,2018.298,10335.5,8449.776,1974.46,10350.71
8341.316,1955.555,10389.54,8314.271,2033.775,10217.51,8382.313,1982.074,10281.71,8286.486,2018.298,10334.86,8448.474,1974.46,10350.03
8340.217,1955.555,10389.16,8313.2,2033.775,10217.05,8381.224,1982.074,10281.3,8285.455,2018.298,10334.32,8447.428,1974.46,10349.52
8339.508,1955.555,10388.89,8312.493,2033.775,10216.78,8380.506,1982.074,10281.06,8284.794,2018.298,10333.95,8446.735,1974.46,10349.21
8337.968,1955.555,10388.25,8310.919,2033.775,10216.22,8378.908,1982.074,10280.58,8283.367,2018.298,10333.08,8445.19,1974.46,10348.58
8336.799,1955.555,10387.71,8309.693,2033.775,10215.84,8377.667,1982.074,10280.24,8282.291,2018.298,10332.38,8443.986,1974.46,10348.13
8335.754,1955.555,10387.19,8308.57,2033.775,10215.52,8376.531,1982.074,10279.98,8281.335,2018.298,10331.71,8442.881,1974.46,10347.75
8334.455,1955.555,10386.5,8307.139,2033.775,10215.17,8375.086,1982.074,10279.69,8280.155,2018.298,10330.83,8441.47,1974.46,10347.33
8333.262,1955.555,10385.81,8305.79,2033.775,10214.88,8373.727,1982.074,10279.47,8279.08,2018.298,10329.96,8440.139,1974.46,10346.97
8332.072,1955.555,10385.07,8304.411,2033.775,10214.64,8372.338,1982.074,10279.28,8278.017,2018.298,10329.05,8438.774,1974.46,10346.65
8331.254,1955.555,10384.52,8303.438,2033.775,10214.5,8371.358,1982.074,10279.19,8277.291,2018.298,10328.39,8437.81,1974.46,10346.46
8329.7,1955.555,10383.41,8301.539,2033.775,10214.29,8369.452,1982.074,10279.06,8275.924,2018.298,10327.05,8435.926,1974.46,10346.14
8328.889,1955.555,10382.79,8300.521,2033.775,10214.21,8368.431,1982.074,10279.03,8275.217,2018.298,10326.32,8434.913,1974.46,10346
8327.211,1955.555,10381.42,8298.357,2033.775,10214.11,8366.265,1982.074,10279.03,8273.769,2018.298,10324.71,8432.759,1974.46,10345.78
8326.401,1955.555,10380.72,8297.284,2033.775,10214.09,8365.192,1982.074,10279.06,8273.077,2018.298,10323.89,8431.688,1974.46,10345.7
8325.055,1955.555,10379.47,8295.446,2033.775,10214.13,8363.358,1982.074,10279.18,8271.939,2018.298,10322.44,8429.853,1974.46,10345.63
8324.128,1955.555,10378.55,8294.144,2033.775,10214.19,8362.057,1982.074,10279.25,8271.104,2018.298,10321.44,8428.549,1974.46,10345.61
8322.822,1955.555,10377.17,8292.252,2033.775,10214.35,8360.162,1982.074,10279.35,8269.858,2018.298,10320.01,8426.65,1974.46,10345.65
8321.687,1955.555,10375.89,8290.554,2033.775,10214.55,8358.457,1982.074,10279.47,8268.725,2018.298,10318.73,8424.943,1974.46,10345.73
8320.803,1955.555,10374.86,8289.202,2033.775,10214.66,8357.102,1982.074,10279.51,8267.792,2018.298,10317.74,8423.591,1974.46,10345.83
8319.569,1955.555,10373.39,8287.285,2033.775,10214.76,8355.182,1982.074,10279.51,8266.428,2018.298,10316.39,8421.681,1974.46,10346.01
8318.432,1955.555,10372.12,8285.582,2033.775,10214.79,8353.479,1982.074,10279.46,8265.178,2018.298,10315.24,8419.98,1974.46,10346.12
8317.242,1955.555,10370.88,8283.862,2033.775,10214.76,8351.762,1982.074,10279.35,8263.879,2018.298,10314.11,8418.261,1974.46,10346.17
8316.014,1955.555,10369.67,8282.135,2033.775,10214.68,8350.041,1982.074,10279.19,8262.541,2018.298,10313.01,8416.535,1974.46,10346.28
8314.671,1955.555,10368.41,8280.299,2033.775,10214.55,8348.215,1982.074,10278.96,8261.083,2018.298,10311.89,8414.702,1974.46,10346.45
8313.219,1955.555,10367.12,8278.368,2033.775,10214.34,8346.298,1982.074,10278.65,8259.513,2018.298,10310.75,8412.776,1974.46,10346.7
8312.442,1955.555,10366.47,8277.363,2033.775,10214.21,8345.302,1982.074,10278.46,8258.676,2018.298,10310.17,8411.774,1974.46,10346.86
8310.59,1955.555,10364.99,8275.028,2033.775,10213.82,8342.992,1982.074,10277.95,8256.687,2018.298,10308.89,8409.451,1974.46,10347.31
8309.577,1955.555,10364.23,8273.786,2033.775,10213.58,8341.766,1982.074,10277.63,8255.604,2018.298,10308.24,8408.217,1974.46,10347.59
8307.423,1955.555,10362.71,8271.211,2033.775,10212.99,8339.229,1982.074,10276.9,8253.308,2018.298,10306.93,8405.662,1974.46,10348.26
8306.349,1955.555,10361.99,8269.959,2033.775,10212.67,8337.999,1982.074,10276.5,8252.167,2018.298,10306.33,8404.423,1974.46,10348.63
8304.485,1955.555,10360.81,8267.844,2033.775,10212.06,8335.926,1982.074,10275.76,8250.196,2018.298,10305.34,8402.333,1974.46,10349.33
8303.142,1955.555,10360.02,8266.356,2033.775,10211.58,8334.473,1982.074,10275.18,8248.78,2018.298,10304.68,8400.867,1974.46,10349.87
8300.521,1955.555,10358.56,8263.529,2033.775,10210.58,8331.719,1982.074,10274,8246.03,2018.298,10303.49,8398.09,1974.46,10351
8299.951,1955.555,10358.26,8262.93,2033.775,10210.35,8331.137,1982.074,10273.72,8245.435,2018.298,10303.25,8397.502,1974.46,10351.26
8297.728,1955.555,10357.18,8260.649,2033.775,10209.39,8328.932,1982.074,10272.6,8243.119,2018.298,10302.38,8395.276,1974.46,10352.34
8296.502,1955.555,10356.63,8259.43,2033.775,10208.83,8327.716,1982.074,10272.03,8241.879,2018.298,10301.86,8394.051,1974.46,10352.89
8294.13,1955.555,10355.67,8257.067,2033.775,10207.84,8325.36,1982.074,10271.02,8239.525,2018.298,10300.85,8391.678,1974.46,10353.86
8292.281,1955.555,10354.98,8255.224,2033.775,10207.14,8323.524,1982.074,10270.31,8237.69,2018.298,10300.13,8389.829,1974.46,10354.54
8290.396,1955.555,10354.35,8253.339,2033.775,10206.51,8321.65,1982.074,10269.65,8235.868,2018.298,10299.34,8387.943,1974.46,10355.17
8288.693,1955.555,10353.84,8251.673,2033.775,10205.9,8319.957,1982.074,10269.11,8234.243,2018.298,10298.62,8386.24,1974.46,10355.67
8286.546,1955.555,10353.28,8249.617,2033.775,10205.06,8317.82,1982.074,10268.51,8232.271,2018.298,10297.6,8384.093,1974.46,10356.23
8284.797,1955.555,10352.88,8248.043,2033.775,10204.2,8316.085,1982.074,10268.06,8230.652,2018.298,10296.83,8382.344,1974.46,10356.63
8281.82,1955.555,10352.31,8245.345,2033.775,10202.82,8313.13,1982.074,10267.38,8227.879,2018.298,10295.61,8379.367,1974.46,10357.2
8281.171,1955.555,10352.12,8244.733,2033.775,10202.53,8312.467,1982.074,10267.25,8227.252,2018.298,10295.35,8378.7,1974.46,10357.31
8278.641,1955.555,10351.49,8242.339,2033.775,10201.5,8309.894,1982.074,10266.83,8224.822,2018.298,10294.41,8376.112,1974.46,10357.63
8276.044,1955.555,10350.83,8239.847,2033.775,10200.52,8307.239,1982.074,10266.48,8222.297,2018.298,10293.51,8373.445,1974.46,10357.88
8274.943,1955.555,10350.59,8238.789,2033.775,10200.13,8306.118,1982.074,10266.36,8221.223,2018.298,10293.17,8372.32,1974.46,10357.95
8271.998,1955.555,10349.84,8235.942,2033.775,10199.06,8303.086,1982.074,10266.14,8218.381,2018.298,10292.09,8369.281,1974.46,10358.03
8270.634,1955.555,10349.53,8234.626,2033.775,10198.59,8301.695,1982.074,10266.02,8217.06,2018.298,10291.64,8367.884,1974.46,10358.02
8268.816,1955.555,10349.19,8232.871,2033.775,10198.01,8299.857,1982.074,10265.83,8215.334,2018.298,10290.98,8366.036,1974.46,10357.95
8266.563,1955.555,10348.67,8230.661,2033.775,10197.33,8297.56,1982.074,10265.57,8213.147,2018.298,10290.22,8363.728,1974.46,10357.79
8264.729,1955.555,10348.29,8228.86,2033.775,10196.82,8295.701,1982.074,10265.33,8211.358,2018.298,10289.66,8361.864,1974.46,10357.6
8262.507,1955.555,10347.61,8226.616,2033.775,10196.22,8293.401,1982.074,10265.03,8209.12,2018.298,10289.05,8359.564,1974.46,10357.28
8260.469,1955.555,10347.07,8224.565,2033.775,10195.73,8291.313,1982.074,10264.73,8207.118,2018.298,10288.38,8357.485,1974.46,10356.93
8258.879,1955.555,10346.53,8222.925,2033.775,10195.38,8289.653,1982.074,10264.49,8205.513,2018.298,10287.89,8355.84,1974.46,10356.59
8255.909,1955.555,10345.63,8219.88,2033.775,10194.78,8286.591,1982.074,10263.99,8202.517,2018.298,10287.08,8352.82,1974.46,10355.87
8255.165,1955.555,10345.43,8219.12,2033.775,10194.65,8285.831,1982.074,10263.86,8201.767,2018.298,10286.9,8352.077,1974.46,10355.67
8252.285,1955.555,10344.76,8216.196,2033.775,10194.21,8282.915,1982.074,10263.38,8199.005,2018.298,10285.84,8349.251,1974.46,10354.8
8250.984,1955.555,10344.41,8214.861,2033.775,10194.04,8281.589,1982.074,10263.15,8197.732,2018.298,10285.4,8347.978,1974.46,10354.36
8248.128,1955.555,10343.81,8211.963,2033.775,10193.72,8278.719,1982.074,10262.64,8194.945,2018.298,10284.54,8345.251,1974.46,10353.32
8245.137,1955.555,10343.36,8208.951,2033.775,10193.45,8275.742,1982.074,10262.11,8192.028,2018.298,10283.74,8342.461,1974.46,10352.15
8244.431,1955.555,10343.23,8208.235,2033.775,10193.4,8275.035,1982.074,10261.99,8191.33,2018.298,10283.58,8341.796,1974.46,10351.88
8241.732,1955.555,10342.64,8205.478,2033.775,10193.26,8272.311,1982.074,10261.55,8188.625,2018.298,10283.02,8339.271,1974.46,10350.76
8239.625,1955.555,10342.1,8203.305,2033.775,10193.21,8270.163,1982.074,10261.22,8186.481,2018.298,10282.66,8337.312,1974.46,10349.82
8237.503,1955.555,10341.72,8201.148,2033.775,10193.21,8268.031,1982.074,10260.9,8184.345,2018.298,10282.36,8335.398,1974.46,10348.83
8235.747,1955.555,10341.34,8199.354,2033.775,10193.24,8266.253,1982.074,10260.65,8182.578,2018.298,10282.04,8333.83,1974.46,10347.95
8233.255,1955.555,10340.71,8196.787,2033.775,10193.35,8263.708,1982.074,10260.3,8180.104,2018.298,10281.35,8331.539,1974.46,10346.79
8231.483,1955.555,10340.33,8194.974,2033.775,10193.37,8261.919,1982.074,10260,8178.342,2018.298,10280.91,8329.947,1974.46,10345.92
8228.936,1955.555,10339.85,8192.383,2033.775,10193.32,8259.378,1982.074,10259.5,8175.811,2018.298,10280.36,8327.656,1974.46,10344.71
8226.756,1955.555,10339.52,8190.181,2033.775,10193.2,8257.23,1982.074,10259,8173.642,2018.298,10279.96,8325.666,1974.46,10343.76
8225.038,1955.555,10339.2,8188.44,2033.775,10193.04,8255.516,1982.074,10258.66,8171.914,2018.298,10279.7,8324.11,1974.46,10342.96
8222.198,1955.555,10338.57,8185.552,2033.775,10192.7,8252.646,1982.074,10258.19,8169.025,2018.298,10279.35,8321.507,1974.46,10341.67
8219.998,1955.555,10338.15,8183.338,2033.775,10192.36,8250.449,1982.074,10257.76,8166.795,2018.298,10279.16,8319.534,1974.46,10340.61
8218.475,1955.555,10337.92,8181.822,2033.775,10192.08,8248.946,1982.074,10257.41,8165.255,2018.298,10279.08,8318.128,1974.46,10339.99
8215.901,1955.555,10337.43,8179.263,2033.775,10191.52,8246.375,1982.074,10256.91,8162.636,2018.298,10279.02,8315.698,1974.46,10339.01
8213.964,1955.555,10336.99,8177.311,2033.775,10191.16,8244.396,1982.074,10256.76,8160.654,2018.298,10278.91,8313.834,1974.46,10338.32
8211.537,1955.555,10336.53,8174.868,2033.775,10190.79,8241.938,1982.074,10256.5,8158.192,2018.298,10278.7,8311.487,1974.46,10337.55
8209.582,1955.555,10336.22,8172.907,2033.775,10190.51,8239.978,1982.074,10256.23,8156.212,2018.298,10278.71,8309.588,1974.46,10336.99
8207.131,1955.555,10335.89,8170.47,2033.775,10190.1,8237.54,1982.074,10255.81,8153.741,2018.298,10278.75,8307.195,1974.46,10336.37
8204.918,1955.555,10335.66,8168.29,2033.775,10189.66,8235.359,1982.074,10255.37,8151.518,2018.298,10278.8,8305.026,1974.46,10335.88
8203.155,1955.555,10335.53,8166.568,2033.775,10189.25,8233.638,1982.074,10254.97,8149.751,2018.298,10278.85,8303.291,1974.46,10335.54
8200.459,1955.555,10335.4,8163.958,2033.775,10188.56,8231.029,1982.074,10254.27,8147.054,2018.298,10278.95,8300.626,1974.46,10335.1
8198.689,1955.555,10335.36,8162.26,2033.775,10188.06,8229.334,1982.074,10253.76,8145.287,2018.298,10279.03,8298.87,1974.46,10334.88
8195.99,1955.555,10335.37,8159.694,2033.775,10187.22,8226.774,1982.074,10252.9,8142.592,2018.298,10279.16,8296.184,1974.46,10334.62
8193.751,1955.555,10335.45,8157.586,2033.775,10186.46,8224.673,1982.074,10252.12,8140.355,2018.298,10279.29,8293.947,1974.46,10334.47
8192.205,1955.555,10335.54,8156.145,2033.775,10185.9,8223.238,1982.074,10251.54,8138.811,2018.298,10279.39,8292.399,1974.46,10334.42
8188.706,1955.555,10335.84,8152.913,2033.775,10184.52,8220.027,1982.074,10250.12,8135.307,2018.298,10279.63,8288.886,1974.46,10334.42
8187.059,1955.555,10336.03,8151.408,2033.775,10183.83,8218.534,1982.074,10249.4,8133.655,2018.298,10279.76,8287.229,1974.46,10334.47
8185.297,1955.555,10336.28,8149.813,2033.775,10183.03,8216.955,1982.074,10248.57,8131.882,2018.298,10279.9,8285.453,1974.46,10334.59
8182.065,1955.555,10336.83,8146.92,2033.775,10181.49,8214.098,1982.074,10246.97,8128.618,2018.298,10280.19,8282.19,1974.46,10334.91
8181.27,1955.555,10336.99,8146.215,2033.775,10181.09,8213.403,1982.074,10246.55,8127.811,2018.298,10280.27,8281.386,1974.46,10335.01
8178.25,1955.555,10337.67,8143.568,2033.775,10179.49,8210.805,1982.074,10244.86,8124.73,2018.298,10280.57,8278.329,1974.46,10335.52
8176.071,1955.555,10338.23,8141.679,2033.775,10178.27,8208.957,1982.074,10243.58,8122.495,2018.298,10280.81,8276.123,1974.46,10335.95
8173.912,1955.555,10338.84,8139.829,2033.775,10177,8207.154,1982.074,10242.24,8120.265,2018.298,10281.05,8273.937,1974.46,10336.46
8171.774,1955.555,10339.51,8138.018,2033.775,10175.68,8205.398,1982.074,10240.85,8118.041,2018.298,10281.31,8271.772,1974.46,10337.04
8170.307,1955.555,10340.01,8136.79,2033.775,10174.73,8204.214,1982.074,10239.85,8116.502,2018.298,10281.5,8270.288,1974.46,10337.49
8167.556,1955.555,10341.04,8134.514,2033.775,10172.88,8202.031,1982.074,10237.89,8113.59,2018.298,10281.86,8267.506,1974.46,10338.42
8164.842,1955.555,10342.13,8132.296,2033.775,10170.96,8199.918,1982.074,10235.86,8110.688,2018.298,10282.24,8264.764,1974.46,10339.45
8163.711,1955.555,10342.62,8131.385,2033.775,10170.14,8199.057,1982.074,10234.98,8109.468,2018.298,10282.41,8263.625,1974.46,10339.92
8161.382,1955.555,10343.69,8129.535,2033.775,10168.36,8197.322,1982.074,10233.09,8106.93,2018.298,10282.76,8261.287,1974.46,10340.98
8159.786,1955.555,10344.48,8128.285,2033.775,10167.1,8196.161,1982.074,10231.74,8105.17,2018.298,10283.02,8259.69,1974.46,10341.76
8156.908,1955.555,10345.97,8126.064,2033.775,10164.73,8194.122,1982.074,10229.22,8101.963,2018.298,10283.5,8256.826,1974.46,10343.28
8156.223,1955.555,10346.35,8125.544,2033.775,10164.15,8193.65,1982.074,10228.6,8101.19,2018.298,10283.62,8256.148,1974.46,10343.67
8153.641,1955.555,10347.66,8123.666,2033.775,10161.94,8191.831,1982.074,10226.34,8098.329,2018.298,10284.05,8253.598,1974.46,10345.05
8152.501,1955.555,10348.2,8122.881,2033.775,10160.96,8191.01,1982.074,10225.39,8097.084,2018.298,10284.24,8252.517,1974.46,10345.69
8150.075,1955.555,10349.42,8121.341,2033.775,10158.72,8189.175,1982.074,10223.38,8094.392,2018.298,10284.61,8250.137,1974.46,10347
8148.364,1955.555,10350.22,8120.318,2033.775,10157.13,8187.858,1982.074,10222.03,8092.521,2018.298,10284.85,8248.455,1974.46,10347.86
8146.968,1955.555,10350.82,8119.454,2033.775,10155.88,8186.768,1982.074,10220.98,8091.014,2018.298,10285.02,8247.111,1974.46,10348.57
8145.008,1955.555,10351.58,8118.201,2033.775,10154.2,8185.213,1982.074,10219.56,8088.923,2018.298,10285.24,8245.223,1974.46,10349.49
8143.341,1955.555,10352.24,8117.086,2033.775,10152.79,8183.927,1982.074,10218.31,8087.146,2018.298,10285.48,8243.62,1974.46,10350.3
8142.033,1955.555,10352.71,8116.198,2033.775,10151.72,8182.962,1982.074,10217.31,8085.775,2018.298,10285.71,8242.358,1974.46,10350.88
8140.272,1955.555,10353.27,8115.095,2033.775,10150.24,8181.723,1982.074,10215.94,8083.962,2018.298,10286.08,8240.654,1974.46,10351.6
8138.818,1955.555,10353.88,8114.116,2033.775,10149,8180.707,1982.074,10214.74,8082.431,2018.298,10286.44,8239.187,1974.46,10352.17
8137.394,1955.555,10354.42,8113.127,2033.775,10147.84,8179.619,1982.074,10213.67,8080.955,2018.298,10286.83,8237.726,1974.46,10352.61
8136.5,1955.555,10354.74,8112.49,2033.775,10147.14,8178.944,1982.074,10213,8080.045,2018.298,10287.09,8236.82,1974.46,10352.89
8134.647,1955.555,10355.34,8111.135,2033.775,10145.74,8177.466,1982.074,10211.73,8078.191,2018.298,10287.69,8234.929,1974.46,10353.35
8133.308,1955.555,10355.73,8110.13,2033.775,10144.77,8176.419,1982.074,10210.81,8076.873,2018.298,10288.15,8233.584,1974.46,10353.73
8132.15,1955.555,10356.04,8109.315,2033.775,10143.89,8175.546,1982.074,10209.99,8075.751,2018.298,10288.57,8232.41,1974.46,10353.98
8130.259,1955.555,10356.49,8107.947,2033.775,10142.51,8174.158,1982.074,10208.63,8073.952,2018.298,10289.31,8230.521,1974.46,10354.44
8129.448,1955.555,10356.72,8107.425,2033.775,10141.85,8173.577,1982.074,10208.02,8073.164,2018.298,10289.6,8229.703,1974.46,10354.63
8128.753,1955.555,10356.86,8106.966,2033.775,10141.31,8173.104,1982.074,10207.49,8072.521,2018.298,10289.9,8229.016,1974.46,10354.8
8127.175,1955.555,10357.16,8105.985,2033.775,10140.04,8171.898,1982.074,10206.43,8071.044,2018.298,10290.53,8227.446,1974.46,10355.15
8126.026,1955.555,10357.34,8105.245,2033.775,10139.14,8171.051,1982.074,10205.63,8069.96,2018.298,10290.95,8226.303,1974.46,10355.36
8125.052,1955.555,10357.52,8104.65,2033.775,10138.35,8170.35,1982.074,10204.93,8069.024,2018.298,10291.28,8225.321,1974.46,10355.5
8123.88,1955.555,10357.79,8103.898,2033.775,10137.41,8169.53,1982.074,10204.05,8067.878,2018.298,10291.64,8224.14,1974.46,10355.72
8122.881,1955.555,10358.05,8103.227,2033.775,10136.63,8168.781,1982.074,10203.34,8066.884,2018.298,10291.92,8223.131,1974.46,10355.94
8122.101,1955.555,10358.25,8102.688,2033.775,10136.03,8168.215,1982.074,10202.77,8066.101,2018.298,10292.11,8222.333,1974.46,10356.05
8120.95,1955.555,10358.54,8101.865,2033.775,10135.17,8167.409,1982.074,10201.9,8064.957,2018.298,10292.43,8221.157,1974.46,10356.22
8120.211,1955.555,10358.71,8101.291,2033.775,10134.68,8166.877,1982.074,10201.36,8064.229,2018.298,10292.63,8220.411,1974.46,10356.34
8119.13,1955.555,10358.98,8100.408,2033.775,10134,8166.068,1982.074,10200.59,8063.146,2018.298,10292.9,8219.318,1974.46,10356.56
8118.435,1955.555,10359.13,8099.858,2033.775,10133.54,8165.536,1982.074,10200.12,8062.448,2018.298,10293.04,8218.625,1974.46,10356.73
8117.389,1955.555,10359.2,8099.071,2033.775,10132.85,8164.73,1982.074,10199.45,8061.43,2018.298,10293.29,8217.598,1974.46,10356.93
8116.554,1955.555,10359.29,8098.424,2033.775,10132.32,8164.092,1982.074,10198.9,8060.608,2018.298,10293.46,8216.771,1974.46,10357.07
8115.995,1955.555,10359.36,8098,2033.775,10131.94,8163.716,1982.074,10198.48,8060.052,2018.298,10293.56,8216.216,1974.46,10357.18
8114.975,1955.555,10359.53,8097.245,2033.775,10131.24,8163.053,1982.074,10197.69,8059.036,2018.298,10293.74,8215.207,1974.46,10357.4
8114.456,1955.555,10359.63,8096.868,2033.775,10130.87,8162.727,1982.074,10197.27,8058.517,2018.298,10293.84,8214.695,1974.46,10357.53
8113.505,1955.555,10359.83,8096.193,2033.775,10130.17,8162.15,1982.074,10196.49,8057.562,2018.298,10294.03,8213.761,1974.46,10357.8
8113,1955.555,10359.96,8095.843,2033.775,10129.78,8161.856,1982.074,10196.06,8057.053,2018.298,10294.13,8213.267,1974.46,10357.96
8111.994,1955.555,10360.24,8095.16,2033.775,10128.99,8161.293,1982.074,10195.18,8056.03,2018.298,10294.34,8212.284,1974.46,10358.32
8110.93,1955.555,10360.56,8094.455,2033.775,10128.13,8160.723,1982.074,10194.22,8054.942,2018.298,10294.57,8211.252,1974.46,10358.73
8110.48,1955.555,10360.71,8094.164,2033.775,10127.76,8160.493,1982.074,10193.81,8054.479,2018.298,10294.67,8210.817,1974.46,10358.92
8109.395,1955.555,10361.11,8093.477,2033.775,10126.83,8159.965,1982.074,10192.78,8053.352,2018.298,10294.92,8209.775,1974.46,10359.42
8108.489,1955.555,10361.46,8092.917,2033.775,10126.04,8159.548,1982.074,10191.9,8052.402,2018.298,10295.14,8208.911,1974.46,10359.87
8107.648,1955.555,10361.82,8092.41,2033.775,10125.27,8159.183,1982.074,10191.06,8051.512,2018.298,10295.34,8208.113,1974.46,10360.32
8106.882,1955.555,10362.17,8091.958,2033.775,10124.56,8158.871,1982.074,10190.28,8050.692,2018.298,10295.54,8207.393,1974.46,10360.75
8105.783,1955.555,10362.71,8091.325,2033.775,10123.52,8158.454,1982.074,10189.13,8049.503,2018.298,10295.82,8206.367,1974.46,10361.42
8105.005,1955.555,10363.11,8090.888,2033.775,10122.76,8158.182,1982.074,10188.3,8048.653,2018.298,10296.03,8205.649,1974.46,10361.92
8103.538,1955.555,10363.92,8090.081,2033.775,10121.29,8157.711,1982.074,10186.69,8047.026,2018.298,10296.42,8204.308,1974.46,10362.92
8103.168,1955.555,10364.13,8089.882,2033.775,10120.91,8157.604,1982.074,10186.28,8046.611,2018.298,10296.53,8203.974,1974.46,10363.19
8101.748,1955.555,10365.01,8089.135,2033.775,10119.42,8157.237,1982.074,10184.65,8044.993,2018.298,10296.93,8202.706,1974.46,10364.27
8101.103,1955.555,10365.41,8088.805,2033.775,10118.74,8157.091,1982.074,10183.9,8044.253,2018.298,10297.12,8202.143,1974.46,10364.79
8099.619,1955.555,10366.38,8088.065,2033.775,10117.13,8156.803,1982.074,10182.16,8042.539,2018.298,10297.55,8200.876,1974.46,10366.02
8098.947,1955.555,10366.82,8087.74,2033.775,10116.39,8156.695,1982.074,10181.36,8041.758,2018.298,10297.75,8200.317,1974.46,10366.61
8097.42,1955.555,10367.86,8087.018,2033.775,10114.69,8156.5,1982.074,10179.52,8039.969,2018.298,10298.21,8199.081,1974.46,10367.98
8095.854,1955.555,10368.95,8086.237,2033.775,10112.95,8156.354,1982.074,10177.62,8038.111,2018.298,10298.65,8197.852,1974.46,10369.44
8095.47,1955.555,10369.23,8086.036,2033.775,10112.52,8156.332,1982.074,10177.14,8037.649,2018.298,10298.75,8197.56,1974.46,10369.81
8093.853,1955.555,10370.4,8085.15,2033.775,10110.73,8156.294,1982.074,10175.14,8035.686,2018.298,10299.13,8196.374,1974.46,10371.42
8093.04,1955.555,10371.01,8084.684,2033.775,10109.83,8156.305,1982.074,10174.13,8034.688,2018.298,10299.3,8195.8,1974.46,10372.26
8091.639,1955.555,10372.07,8083.848,2033.775,10108.28,8156.375,1982.074,10172.37,8032.949,2018.298,10299.57,8194.852,1974.46,10373.74
8090.313,1955.555,10373.1,8083.024,2033.775,10106.82,8156.491,1982.074,10170.7,8031.288,2018.298,10299.8,8193.994,1974.46,10375.18
8088.917,1955.555,10374.2,8082.125,2033.775,10105.29,8156.666,1982.074,10168.93,8029.523,2018.298,10300.01,8193.136,1974.46,10376.74
8088.147,1955.555,10374.82,8081.61,2033.775,10104.44,8156.792,1982.074,10167.95,8028.541,2018.298,10300.11,8192.688,1974.46,10377.62
8086.31,1955.555,10376.32,8080.34,2033.775,10102.44,8157.164,1982.074,10165.61,8026.176,2018.298,10300.31,8191.68,1974.46,10379.77
8085.897,1955.555,10376.66,8080.045,2033.775,10101.99,8157.263,1982.074,10165.08,8025.64,2018.298,10300.34,8191.468,1974.46,10380.26
8084.307,1955.555,10378,8078.873,2033.775,10100.27,8157.704,1982.074,10163.04,8023.558,2018.298,10300.4,8190.709,1974.46,10382.2
8083.057,1955.555,10379.08,8077.922,2033.775,10098.92,8158.098,1982.074,10161.44,8021.91,2018.298,10300.41,8190.159,1974.46,10383.76
8081.8,1955.555,10380.18,8076.938,2033.775,10097.57,8158.544,1982.074,10159.83,8020.241,2018.298,10300.37,8189.652,1974.46,10385.35
8080.532,1955.555,10381.3,8075.918,2033.775,10096.22,8159.043,1982.074,10158.21,8018.549,2018.298,10300.29,8189.189,1974.46,10386.98
8079.258,1955.555,10382.44,8074.864,2033.775,10094.87,8159.595,1982.074,10156.59,8016.84,2018.298,10300.17,8188.775,1974.46,10388.64
8078.377,1955.555,10383.25,8074.115,2033.775,10093.94,8160.012,1982.074,10155.47,8015.653,2018.298,10300.05,8188.524,1974.46,10389.81
8076.698,1955.555,10384.8,8072.652,2033.775,10092.19,8160.874,1982.074,10153.36,8013.383,2018.298,10299.77,8188.116,1974.46,10392.06
8075.413,1955.555,10386,8071.503,2033.775,10090.85,8161.585,1982.074,10151.74,8011.64,2018.298,10299.51,8187.857,1974.46,10393.8
8074.623,1955.555,10386.75,8070.781,2033.775,10090.04,8162.054,1982.074,10150.76,8010.567,2018.298,10299.32,8187.732,1974.46,10394.88
8072.833,1955.555,10388.47,8069.104,2033.775,10088.2,8163.189,1982.074,10148.55,8008.133,2018.298,10298.83,8187.526,1974.46,10397.36
8072.03,1955.555,10389.26,8068.334,2033.775,10087.39,8163.731,1982.074,10147.57,8007.041,2018.298,10298.58,8187.47,1974.46,10398.48
8070.237,1955.555,10391.02,8066.577,2033.775,10085.59,8165.012,1982.074,10145.4,8004.602,2018.298,10297.96,8187.424,1974.46,10401
8068.919,1955.555,10392.33,8065.257,2033.775,10084.28,8166.007,1982.074,10143.83,8002.811,2018.298,10297.45,8187.45,1974.46,10402.86
8067.294,1955.555,10393.97,8063.595,2033.775,10082.68,8167.298,1982.074,10141.92,8000.606,2018.298,10296.77,8187.557,1974.46,10405.16
8066.798,1955.555,10394.47,8063.077,2033.775,10082.2,8167.712,1982.074,10141.34,7999.935,2018.298,10296.55,8187.613,1974.46,10405.87
8065.024,1955.555,10396.3,8061.188,2033.775,10080.49,8169.261,1982.074,10139.32,7997.542,2018.298,10295.68,8187.895,1974.46,10408.4
8063.175,1955.555,10398.22,8059.18,2033.775,10078.74,8170.947,1982.074,10137.25,7995.058,2018.298,10294.71,8188.276,1974.46,10411.04
8062.301,1955.555,10399.14,8058.213,2033.775,10077.92,8171.777,1982.074,10136.3,7993.891,2018.298,10294.21,8188.498,1974.46,10412.29
8061.573,1955.555,10399.91,8057.393,2033.775,10077.25,8172.496,1982.074,10135.52,7992.923,2018.298,10293.78,8188.717,1974.46,10413.32
8059.754,1955.555,10401.86,8055.306,2033.775,10075.59,8174.359,1982.074,10133.61,7990.52,2018.298,10292.63,8189.351,1974.46,10415.91
8058.445,1955.555,10403.27,8053.778,2033.775,10074.42,8175.748,1982.074,10132.28,7988.803,2018.298,10291.76,8189.87,1974.46,10417.77
8057.356,1955.555,10404.45,8052.486,2033.775,10073.46,8176.941,1982.074,10131.2,7987.386,2018.298,10290.99,8190.354,1974.46,10419.3
8055.794,1955.555,10406.17,8050.604,2033.775,10072.11,8178.708,1982.074,10129.69,7985.371,2018.298,10289.84,8191.122,1974.46,10421.49
8054.614,1955.555,10407.47,8049.159,2033.775,10071.1,8180.082,1982.074,10128.59,7983.863,2018.298,10288.94,8191.758,1974.46,10423.13
8052.627,1955.555,10409.68,8046.691,2033.775,10069.44,8182.461,1982.074,10126.81,7981.351,2018.298,10287.34,8192.923,1974.46,10425.87
8052.203,1955.555,10410.19,8046.156,2033.775,10069.05,8183.001,1982.074,10126.43,7980.805,2018.298,10286.97,8193.201,1974.46,10426.47
8050.62,1955.555,10412.21,8044.128,2033.775,10067.49,8185.146,1982.074,10125.02,7978.735,2018.298,10285.46,8194.356,1974.46,10428.76
8049.428,1955.555,10413.83,8042.575,2033.775,10066.2,8186.868,1982.074,10123.98,7977.148,2018.298,10284.21,8195.323,1974.46,10430.53
8048.722,1955.555,10414.86,8041.639,2033.775,10065.38,8187.956,1982.074,10123.36,7976.19,2018.298,10283.41,8195.958,1974.46,10431.6
8047.213,1955.555,10417.23,8039.598,2033.775,10063.45,8190.443,1982.074,10122.06,7974.098,2018.298,10281.54,8197.462,1974.46,10433.97
8046.55,1955.555,10418.35,8038.68,2033.775,10062.53,8191.617,1982.074,10121.5,7973.156,2018.298,10280.64,8198.195,1974.46,10435.05
8045.215,1955.555,10420.78,8036.792,2033.775,10060.5,8194.154,1982.074,10120.38,7971.213,2018.298,10278.66,8199.832,1974.46,10437.29
8044.265,1955.555,10422.65,8035.412,2033.775,10058.91,8196.103,1982.074,10119.59,7969.792,2018.298,10277.12,8201.126,1974.46,10438.94
8043.171,1955.555,10424.99,8033.78,2033.775,10056.91,8198.53,1982.074,10118.71,7968.106,2018.298,10275.16,8202.784,1974.46,10440.93
8042.877,1955.555,10425.68,8033.326,2033.775,10056.31,8199.242,1982.074,10118.47,7967.636,2018.298,10274.58,8203.283,1974.46,10441.48
8041.831,1955.555,10428.37,8031.654,2033.775,10053.96,8202.011,1982.074,10117.66,7965.902,2018.298,10272.27,8205.274,1974.46,10443.57
8041.141,1955.555,10430.33,8030.506,2033.775,10052.23,8204.022,1982.074,10117.15,7964.708,2018.298,10270.57,8206.757,1974.46,10445.03
8040.48,1955.555,10432.42,8029.354,2033.775,10050.36,8206.163,1982.074,10116.67,7963.506,2018.298,10268.74,8208.372,1974.46,10446.51
8039.907,1955.555,10434.05,8028.446,2033.775,10048.89,8207.851,1982.074,10116.29,7962.559,2018.298,10267.29,8209.682,1974.46,10447.64
8039.027,1955.555,10436.31,8027.172,2033.775,10046.83,8210.22,1982.074,10115.76,7961.229,2018.298,10265.26,8211.57,1974.46,10449.16
8038.193,1955.555,10438.27,8026.056,2033.775,10045.02,8212.294,1982.074,10115.3,7960.065,2018.298,10263.48,8213.267,1974.46,10450.44
8037.293,1955.555,10440.2,8024.937,2033.775,10043.2,8214.374,1982.074,10114.84,7958.898,2018.298,10261.7,8215.008,1974.46,10451.67
8036.686,1955.555,10441.4,8024.23,2033.775,10042.06,8215.688,1982.074,10114.55,7958.16,2018.298,10260.57,8216.133,1974.46,10452.41
8035.078,1955.555,10444.34,8022.472,2033.775,10039.21,8218.956,1982.074,10113.82,7956.327,2018.298,10257.77,8218.985,1974.46,10454.16
8034.425,1955.555,10445.44,8021.798,2033.775,10038.12,8220.209,1982.074,10113.54,7955.623,2018.298,10256.7,8220.101,1974.46,10454.8
8032.731,1955.555,10448.11,8020.139,2033.775,10035.43,8223.292,1982.074,10112.85,7953.893,2018.298,10254.05,8222.893,1974.46,10456.28
8032.291,1955.555,10448.8,8019.708,2033.775,10034.73,8224.094,1982.074,10112.67,7953.443,2018.298,10253.37,8223.618,1974.46,10456.66
8030.756,1955.555,10451.22,8018.205,2033.775,10032.29,8226.888,1982.074,10112.05,7951.875,2018.298,10250.97,8226.148,1974.46,10458
8029.651,1955.555,10452.96,8017.122,2033.775,10030.54,8228.9,1982.074,10111.6,7950.746,2018.298,10249.25,8227.971,1974.46,10458.97
8028.704,1955.555,10454.45,8016.194,2033.775,10029.04,8230.624,1982.074,10111.22,7949.778,2018.298,10247.77,8229.532,1974.46,10459.79
8027.56,1955.555,10456.25,8015.074,2033.775,10027.22,8232.706,1982.074,10110.75,7948.609,2018.298,10245.98,8231.417,1974.46,10460.79
8026.566,1955.555,10457.82,8014.101,2033.775,10025.64,8234.516,1982.074,10110.35,7947.594,2018.298,10244.43,8233.056,1974.46,10461.66
8025.407,1955.555,10459.64,8012.966,2033.775,10023.8,8236.626,1982.074,10109.88,7946.41,2018.298,10242.62,8234.967,1974.46,10462.67
8024.678,1955.555,10460.79,8012.252,2033.775,10022.65,8237.952,1982.074,10109.58,7945.666,2018.298,10241.49,8236.168,1974.46,10463.3
8023.759,1955.555,10462.23,8011.353,2033.775,10021.19,8239.625,1982.074,10109.21,7944.727,2018.298,10240.05,8237.683,1974.46,10464.1
8022.977,1955.555,10463.47,8010.587,2033.775,10019.95,8241.049,1982.074,10108.89,7943.928,2018.298,10238.83,8238.972,1974.46,10464.79
8022.037,1955.555,10464.95,8009.666,2033.775,10018.46,8242.761,1982.074,10108.51,7942.968,2018.298,10237.37,8240.521,1974.46,10465.61
8021.213,1955.555,10466.24,8008.859,2033.775,10017.15,8244.26,1982.074,10108.18,7942.126,2018.298,10236.08,8241.879,1974.46,10466.32
8020.251,1955.555,10467.76,8007.917,2033.775,10015.62,8246.012,1982.074,10107.79,7941.144,2018.298,10234.58,8243.465,1974.46,10467.16
8019.648,1955.555,10468.71,8007.327,2033.775,10014.66,8247.109,1982.074,10107.54,7940.528,2018.298,10233.64,8244.459,1974.46,10467.69
8018.886,1955.555,10469.91,8006.581,2033.775,10013.46,8248.496,1982.074,10107.24,7939.75,2018.298,10232.45,8245.715,1974.46,10468.35
8018.089,1955.555,10471.16,8005.8,2033.775,10012.19,8249.946,1982.074,10106.91,7938.936,2018.298,10231.21,8247.028,1974.46,10469.05
8017.373,1955.555,10472.29,8005.099,2033.775,10011.05,8251.25,1982.074,10106.62,7938.204,2018.298,10230.09,8248.209,1974.46,10469.67
8016.756,1955.555,10473.26,8004.495,2033.775,10010.08,8252.373,1982.074,10106.37,7937.574,2018.298,10229.13,8249.226,1974.46,10470.21
8016.211,1955.555,10474.12,8003.961,2033.775,10009.21,8253.366,1982.074,10106.15,7937.017,2018.298,10228.28,8250.125,1974.46,10470.69
8015.313,1955.555,10475.53,8003.082,2033.775,10007.78,8255.001,1982.074,10105.79,7936.1,2018.298,10226.88,8251.605,1974.46,10471.47
8015.086,1955.555,10475.89,8002.86,2033.775,10007.42,8255.413,1982.074,10105.69,7935.868,2018.298,10226.52,8251.979,1974.46,10471.67
8014.251,1955.555,10477.2,8002.042,2033.775,10006.1,8256.933,1982.074,10105.36,7935.015,2018.298,10225.22,8253.354,1974.46,10472.4
8013.673,1955.555,10478.11,8001.476,2033.775,10005.18,8257.985,1982.074,10105.12,7934.424,2018.298,10224.32,8254.308,1974.46,10472.9
8013.208,1955.555,10478.84,8001.021,2033.775,10004.44,8258.832,1982.074,10104.93,7933.949,2018.298,10223.59,8255.074,1974.46,10473.31
8012.564,1955.555,10479.86,8000.391,2033.775,10003.42,8260.004,1982.074,10104.67,7933.292,2018.298,10222.59,8256.136,1974.46,10473.87
8012.122,1955.555,10480.55,7999.957,2033.775,10002.72,8260.81,1982.074,10104.49,7932.839,2018.298,10221.9,8256.865,1974.46,10474.25
8011.47,1955.555,10481.58,7999.319,2033.775,10001.68,8261.996,1982.074,10104.23,7932.174,2018.298,10220.88,8257.939,1974.46,10474.82
8010.757,1955.555,10482.7,7998.622,2033.775,10000.55,8263.293,1982.074,10103.94,7931.446,2018.298,10219.77,8259.113,1974.46,10475.44
8010.542,1955.555,10483.04,7998.41,2033.775,10000.21,8263.687,1982.074,10103.85,7931.226,2018.298,10219.43,8259.47,1974.46,10475.63
8009.695,1955.555,10484.37,7997.582,2033.775,9998.867,8265.227,1982.074,10103.51,7930.361,2018.298,10218.11,8260.864,1974.46,10476.37
8009.298,1955.555,10485,7997.193,2033.775,9998.237,8265.949,1982.074,10103.35,7929.956,2018.298,10217.49,8261.519,1974.46,10476.71
8008.416,1955.555,10486.39,7996.329,2033.775,9996.837,8267.555,1982.074,10102.99,7929.055,2018.298,10216.12,8262.973,1974.46,10477.48
8007.74,1955.555,10487.45,7995.667,2033.775,9995.764,8268.785,1982.074,10102.71,7928.364,2018.298,10215.06,8264.087,1974.46,10478.07
8007.047,1955.555,10488.54,7994.988,2033.775,9994.664,8270.046,1982.074,10102.43,7927.656,2018.298,10213.98,8265.229,1974.46,10478.68
8006.488,1955.555,10489.42,7994.441,2033.775,9993.777,8271.063,1982.074,10102.21,7927.085,2018.298,10213.11,8266.149,1974.46,10479.17
8005.478,1955.555,10491.13,7993.453,2033.775,9992.053,8273.017,1982.074,10101.84,7926.052,2018.298,10211.41,8267.821,1974.46,10480.24
8005.241,1955.555,10491.56,7993.223,2033.775,9991.618,8273.503,1982.074,10101.76,7925.81,2018.298,10210.98,8268.223,1974.46,10480.53
8004.358,1955.555,10493.31,7992.363,2033.775,9989.859,8275.446,1982.074,10101.53,7924.903,2018.298,10209.25,8269.855,1974.46,10481.61
8003.75,1955.555,10494.62,7991.771,2033.775,9988.541,8276.886,1982.074,10101.4,7924.276,2018.298,10207.94,8271.086,1974.46,10482.36
8003.237,1955.555,10495.83,7991.275,2033.775,9987.331,8278.191,1982.074,10101.33,7923.748,2018.298,10206.75,8272.143,1974.46,10483.13
8002.426,1955.555,10497.92,7990.491,2033.775,9985.227,8280.437,1982.074,10101.28,7922.908,2018.298,10204.67,8274,1974.46,10484.4
8002.256,1955.555,10498.41,7990.328,2033.775,9984.739,8280.951,1982.074,10101.28,7922.731,2018.298,10204.18,8274.435,1974.46,10484.67
8001.663,1955.555,10500.3,7989.759,2033.775,9982.841,8282.931,1982.074,10101.36,7922.111,2018.298,10202.3,8276.078,1974.46,10485.78
8001.373,1955.555,10501.34,7989.482,2033.775,9981.795,8284.01,1982.074,10101.45,7921.807,2018.298,10201.26,8276.995,1974.46,10486.35
8000.876,1955.555,10503.38,7989.013,2033.775,9979.75,8286.096,1982.074,10101.67,7921.283,2018.298,10199.23,8278.809,1974.46,10487.41
8000.544,1955.555,10504.97,7988.702,2033.775,9978.157,8287.702,1982.074,10101.9,7920.929,2018.298,10197.65,8280.237,1974.46,10488.18
8000.369,1955.555,10505.97,7988.54,2033.775,9977.152,8288.704,1982.074,10102.08,7920.74,2018.298,10196.65,8281.148,1974.46,10488.63
8000.047,1955.555,10508.24,7988.248,2033.775,9974.873,8290.953,1982.074,10102.55,7920.387,2018.298,10194.38,8283.202,1974.46,10489.66
7999.9,1955.555,10509.28,7988.115,2033.775,9973.833,8291.979,1982.074,10102.76,7920.226,2018.298,10193.34,8284.14,1974.46,10490.13
7999.569,1955.555,10511.62,7987.814,2033.775,9971.49,8294.292,1982.074,10103.24,7919.863,2018.298,10191,8286.251,1974.46,10491.19
7999.416,1955.555,10512.7,7987.675,2033.775,9970.405,8295.362,1982.074,10103.47,7919.695,2018.298,10189.92,8287.229,1974.46,10491.68
7999.084,1955.555,10515.05,7987.375,2033.775,9968.058,8297.679,1982.074,10103.95,7919.331,2018.298,10187.58,8289.344,1974.46,10492.75
7998.834,1955.555,10516.82,7987.147,2033.775,9966.284,8299.429,1982.074,10104.32,7919.056,2018.298,10185.82,8290.941,1974.46,10493.55
7998.583,1955.555,10518.59,7986.919,2033.775,9964.505,8301.185,1982.074,10104.69,7918.78,2018.298,10184.05,8292.545,1974.46,10494.36
7998.33,1955.555,10520.38,7986.69,2033.775,9962.714,8302.952,1982.074,10105.06,7918.503,2018.298,10182.26,8294.158,1974.46,10495.17
7998.074,1955.555,10522.19,7986.458,2033.775,9960.905,8304.737,1982.074,10105.43,7918.223,2018.298,10180.46,8295.788,1974.46,10495.98
7997.917,1955.555,10523.3,7986.315,2033.775,9959.787,8305.841,1982.074,10105.66,7918.049,2018.298,10179.35,8296.796,1974.46,10496.49
7997.476,1955.555,10526.42,7985.915,2033.775,9956.663,8308.924,1982.074,10106.3,7917.565,2018.298,10176.23,8299.61,1974.46,10497.9
7997.333,1955.555,10527.43,7985.786,2033.775,9955.655,8309.919,1982.074,10106.51,7917.409,2018.298,10175.23,8300.519,1974.46,10498.36
7996.944,1955.555,10530.18,7985.433,2033.775,9952.897,8312.641,1982.074,10107.08,7916.982,2018.298,10172.48,8303.003,1974.46,10499.61
7996.766,1955.555,10531.45,7985.271,2033.775,9951.632,8313.89,1982.074,10107.34,7916.786,2018.298,10171.22,8304.144,1974.46,10500.18
7996.498,1955.555,10533.34,7985.028,2033.775,9949.732,8315.764,1982.074,10107.73,7916.491,2018.298,10169.33,8305.854,1974.46,10501.04
7996.227,1955.555,10535.25,7984.782,2033.775,9947.816,8317.655,1982.074,10108.13,7916.194,2018.298,10167.42,8307.581,1974.46,10501.91
7996.04,1955.555,10536.58,7984.613,2033.775,9946.493,8318.961,1982.074,10108.4,7915.989,2018.298,10166.1,8308.773,1974.46,10502.51
7995.683,1955.555,10539.1,7984.289,2033.775,9943.963,8321.458,1982.074,10108.93,7915.597,2018.298,10163.58,8311.053,1974.46,10503.65
7995.408,1955.555,10541.04,7984.04,2033.775,9942.017,8323.378,1982.074,10109.33,7915.296,2018.298,10161.64,8312.806,1974.46,10504.53
7995.231,1955.555,10542.29,7983.88,2033.775,9940.769,8324.609,1982.074,10109.58,7915.103,2018.298,10160.4,8313.931,1974.46,10505.1
7994.944,1955.555,10544.95,7983.627,2033.775,9938.107,8327.207,1982.074,10110.22,7914.778,2018.298,10157.75,8316.357,1974.46,10506.22
7994.792,1955.555,10546.97,7983.501,2033.775,9936.085,8329.159,1982.074,10110.76,7914.599,2018.298,10155.73,8318.186,1974.46,10507.09
7994.708,1955.555,10548.97,7983.443,2033.775,9934.086,8331.067,1982.074,10111.36,7914.486,2018.298,10153.73,8320.028,1974.46,10507.87
7994.692,1955.555,10550.56,7983.448,2033.775,9932.494,8332.569,1982.074,10111.89,7914.449,2018.298,10152.14,8321.523,1974.46,10508.42
7994.749,1955.555,10553,7983.537,2033.775,9930.055,8334.846,1982.074,10112.77,7914.472,2018.298,10149.7,8323.822,1974.46,10509.24
7994.839,1955.555,10554.61,7983.648,2033.775,9928.445,8336.33,1982.074,10113.4,7914.54,2018.298,10148.09,8325.322,1974.46,10509.83
7995.057,1955.555,10557.06,7983.898,2033.775,9925.993,8338.565,1982.074,10114.44,7914.724,2018.298,10145.63,8327.584,1974.46,10510.81
7995.305,1955.555,10559.1,7984.172,2033.775,9923.964,8340.394,1982.074,10115.36,7914.944,2018.298,10143.6,8329.436,1974.46,10511.68
7995.522,1955.555,10560.5,7984.408,2033.775,9922.568,8341.659,1982.074,10116,7915.142,2018.298,10142.19,8330.695,1974.46,10512.33
7996.023,1955.555,10563.15,7984.943,2033.775,9919.925,8344.03,1982.074,10117.28,7915.606,2018.298,10139.54,8333.01,1974.46,10513.72
7996.474,1955.555,10565.17,7985.42,2033.775,9917.912,8345.815,1982.074,10118.33,7916.028,2018.298,10137.51,8334.719,1974.46,10514.88
7996.793,1955.555,10566.4,7985.755,2033.775,9916.677,8346.898,1982.074,10119.01,7916.331,2018.298,10136.27,8335.8,1974.46,10515.57
7997.604,1955.555,10569.17,7986.603,2033.775,9913.919,8349.287,1982.074,10120.63,7917.103,2018.298,10133.49,8338.285,1974.46,10517.03
7998.006,1955.555,10570.4,7987.021,2033.775,9912.702,8350.328,1982.074,10121.38,7917.488,2018.298,10132.26,8339.343,1974.46,10517.76
7998.998,1955.555,10573.11,7988.048,2033.775,9910,8352.639,1982.074,10123.12,7918.442,2018.298,10129.53,8341.736,1974.46,10519.38
7999.774,1955.555,10575.04,7988.85,2033.775,9908.084,8354.339,1982.074,10124.31,7919.192,2018.298,10127.6,8343.493,1974.46,10520.49
8000.662,1955.555,10577.05,7989.763,2033.775,9906.087,8356.096,1982.074,10125.63,7920.052,2018.298,10125.58,8345.388,1974.46,10521.6
8001.412,1955.555,10578.6,7990.534,2033.775,9904.538,8357.513,1982.074,10126.62,7920.78,2018.298,10124.01,8346.803,1974.46,10522.59
8002.533,1955.555,10580.75,7991.683,2033.775,9902.406,8359.249,1982.074,10128.31,7921.872,2018.298,10121.85,8348.829,1974.46,10523.92
8003.574,1955.555,10582.59,7992.748,2033.775,9900.576,8360.814,1982.074,10129.74,7922.887,2018.298,10119.99,8350.574,1974.46,10525.12
8004.678,1955.555,10584.41,7993.876,2033.775,9898.776,8362.336,1982.074,10131.22,7923.966,2018.298,10118.16,8352.363,1974.46,10526.26
8005.843,1955.555,10586.19,7995.063,2033.775,9897.013,8363.902,1982.074,10132.66,7925.106,2018.298,10116.36,8354.191,1974.46,10527.35
8007.062,1955.555,10587.92,7996.305,2033.775,9895.293,8365.511,1982.074,10134.04,7926.301,2018.298,10114.61,8356.018,1974.46,10528.43
8008.075,1955.555,10589.27,7997.336,2033.775,9893.959,8366.824,1982.074,10135.1,7927.296,2018.298,10113.25,8357.492,1974.46,10529.25
8010.036,1955.555,10591.71,7999.329,2033.775,9891.548,8369.324,1982.074,10136.98,7929.223,2018.298,10110.79,8360.277,1974.46,10530.67
8010.567,1955.555,10592.33,7999.868,2033.775,9890.938,8369.909,1982.074,10137.54,7929.746,2018.298,10110.16,8361.015,1974.46,10531.02
8012.456,1955.555,10594.52,8001.785,2033.775,9888.767,8371.991,1982.074,10139.56,7931.604,2018.298,10107.94,8363.636,1974.46,10532.25
8013.87,1955.555,10596.17,8003.221,2033.775,9887.142,8373.55,1982.074,10141.06,7932.995,2018.298,10106.28,8365.598,1974.46,10533.18
8015.119,1955.555,10597.62,8004.488,2033.775,9885.706,8374.926,1982.074,10142.39,7934.224,2018.298,10104.81,8367.33,1974.46,10533.99
8016.671,1955.555,10599.42,8006.064,2033.775,9883.922,8376.637,1982.074,10144.05,7935.751,2018.298,10102.98,8369.483,1974.46,10535.01
8017.919,1955.555,10600.87,8007.332,2033.775,9882.486,8378.013,1982.074,10145.38,7936.979,2018.298,10101.51,8371.216,1974.46,10535.82
8020.02,1955.555,10603.31,8009.463,2033.775,9880.072,8380.327,1982.074,10147.62,7939.045,2018.298,10099.04,8374.129,1974.46,10537.19
8020.51,1955.555,10603.85,8009.961,2033.775,9879.545,8380.864,1982.074,10148.11,7939.529,2018.298,10098.5,8374.815,1974.46,10537.43
8022.441,1955.555,10605.82,8011.917,2033.775,9877.602,8382.967,1982.074,10149.89,7941.433,2018.298,10096.51,8377.396,1974.46,10538.4
8023.517,1955.555,10606.84,8013.006,2033.775,9876.589,8384.132,1982.074,10150.81,7942.494,2018.298,10095.46,8378.778,1974.46,10538.94
8025.627,1955.555,10608.73,8015.141,2033.775,9874.73,8386.405,1982.074,10152.5,7944.578,2018.298,10093.55,8381.376,1974.46,10540.07
8026.773,1955.555,10609.69,8016.299,2033.775,9873.787,8387.565,1982.074,10153.44,7945.71,2018.298,10092.57,8382.727,1974.46,10540.71
8029.003,1955.555,10611.44,8018.552,2033.775,9872.071,8389.821,1982.074,10155.15,7947.916,2018.298,10090.8,8385.404,1974.46,10541.63
8030.205,1955.555,10612.31,8019.766,2033.775,9871.208,8390.99,1982.074,10156.08,7949.106,2018.298,10089.9,8386.796,1974.46,10542.16
8032.544,1955.555,10613.91,8022.126,2033.775,9869.644,8393.269,1982.074,10157.76,7951.423,2018.298,10088.27,8389.457,1974.46,10543.13
8033.809,1955.555,10614.71,8023.4,2033.775,9868.857,8394.474,1982.074,10158.65,7952.676,2018.298,10087.45,8390.865,1974.46,10543.64
8037.001,1955.555,10616.6,8026.619,2033.775,9867.015,8397.527,1982.074,10160.75,7955.843,2018.298,10085.53,8394.31,1974.46,10545.01
8038.624,1955.555,10617.49,8028.253,2033.775,9866.148,8399.058,1982.074,10161.79,7957.454,2018.298,10084.62,8396.004,1974.46,10545.75
8039.358,1955.555,10617.86,8028.992,2033.775,9865.787,8399.785,1982.074,10162.17,7958.183,2018.298,10084.23,8396.746,1974.46,10546.11
8042.025,1955.555,10619.1,8031.675,2033.775,9864.582,8402.341,1982.074,10163.63,7960.833,2018.298,10082.96,8399.558,1974.46,10546.98
8044.045,1955.555,10619.96,8033.707,2033.775,9863.749,8404.212,1982.074,10164.78,7962.841,2018.298,10082.07,8401.634,1974.46,10547.69
8045.849,1955.555,10620.66,8035.52,2033.775,9863.074,8405.834,1982.074,10165.83,7964.636,2018.298,10081.35,8403.441,1974.46,10548.38
8048.117,1955.555,10621.46,8037.799,2033.775,9862.31,8407.806,1982.074,10167.21,7966.894,2018.298,10080.52,8405.658,1974.46,10549.31
8050.14,1955.555,10622.24,8039.877,2033.775,9861.687,8409.625,1982.074,10168.39,7968.955,2018.298,10079.84,8407.736,1974.46,10549.93
8052.189,1955.555,10622.96,8041.977,2033.775,9861.132,8411.406,1982.074,10169.64,7971.039,2018.298,10079.23,8409.795,1974.46,10550.63
8054.314,1955.555,10623.39,8044.09,2033.775,9860.647,8413.146,1982.074,10170.93,7973.138,2018.298,10078.69,8411.826,1974.46,10551.38
8057.249,1955.555,10624.08,8047.049,2033.775,9860.069,8415.545,1982.074,10172.76,7976.081,2018.298,10078.03,8414.615,1974.46,10552.53
8057.945,1955.555,10624.27,8047.761,2033.775,9859.954,8416.132,1982.074,10173.17,7976.789,2018.298,10077.9,8415.296,1974.46,10552.77
8060.605,1955.555,10625.08,8050.521,2033.775,9859.601,8418.45,1982.074,10174.71,7979.538,2018.298,10077.47,8417.894,1974.46,10553.76
8062.018,1955.555,10625.57,8052.007,2033.775,9859.459,8419.667,1982.074,10175.58,7981.021,2018.298,10077.29,8419.27,1974.46,10554.35
8065.027,1955.555,10626.34,8055.107,2033.775,9859.267,8422.186,1982.074,10177.4,7984.115,2018.298,10077.01,8422.09,1974.46,10555.65
8066.485,1955.555,10626.76,8056.625,2033.775,9859.223,8423.291,1982.074,10178.44,7985.631,2018.298,10076.93,8423.488,1974.46,10556.24
8068.898,1955.555,10627.55,8059.163,2033.775,9859.231,8425.194,1982.074,10180.12,7988.168,2018.298,10076.87,8425.854,1974.46,10557.16
8070.625,1955.555,10628.06,8060.961,2033.775,9859.297,8426.582,1982.074,10181.26,7989.967,2018.298,10076.89,8427.509,1974.46,10557.86
8073.857,1955.555,10629.12,8064.355,2033.775,9859.531,8429.275,1982.074,10183.34,7993.367,2018.298,10077.03,8430.593,1974.46,10559.3
8074.535,1955.555,10629.37,8065.073,2033.775,9859.604,8429.86,1982.074,10183.76,7994.086,2018.298,10077.08,8431.236,1974.46,10559.63
8077.357,1955.555,10630.5,8068.089,2033.775,9860.013,8432.256,1982.074,10185.64,7997.112,2018.298,10077.41,8433.994,1974.46,10560.91
8078.78,1955.555,10631.02,8069.582,2033.775,9860.265,8433.478,1982.074,10186.54,7998.612,2018.298,10077.62,8435.448,1974.46,10561.34
8081.228,1955.555,10631.69,8072.068,2033.775,9860.769,8435.504,1982.074,10188.06,8001.11,2018.298,10078.06,8437.859,1974.46,10562.12
8082.974,1955.555,10632.12,8073.819,2033.775,9861.184,8436.976,1982.074,10189.1,8002.872,2018.298,10078.43,8439.551,1974.46,10562.74
8085.442,1955.555,10632.83,8076.295,2033.775,9861.856,8439.122,1982.074,10190.5,8005.365,2018.298,10079.03,8441.933,1974.46,10563.69
8087.766,1955.555,10633.46,8078.597,2033.775,9862.563,8441.155,1982.074,10191.79,8007.685,2018.298,10079.68,8444.138,1974.46,10564.66
8089.859,1955.555,10634.1,8080.667,2033.775,9863.274,8443.049,1982.074,10192.89,8009.774,2018.298,10080.33,8446.127,1974.46,10565.57
8091.299,1955.555,10634.58,8082.086,2033.775,9863.813,8444.416,1982.074,10193.55,8011.207,2018.298,10080.83,8447.505,1974.46,10566.21
8093.778,1955.555,10635.09,8084.422,2033.775,9864.791,8446.675,1982.074,10194.7,8013.568,2018.298,10081.75,8449.769,1974.46,10567.34
8095.524,1955.555,10635.52,8086.056,2033.775,9865.538,8448.249,1982.074,10195.56,8015.222,2018.298,10082.45,8451.396,1974.46,10568.11
8098.018,1955.555,10636.08,8088.345,2033.775,9866.677,8450.448,1982.074,10196.87,8017.541,2018.298,10083.53,8453.674,1974.46,10569.27
8100.118,1955.555,10636.63,8090.256,2033.775,9867.707,8452.278,1982.074,10198.03,8019.497,2018.298,10084.47,8455.592,1974.46,10570.28
8101.757,1955.555,10637.12,8091.734,2033.775,9868.567,8453.689,1982.074,10199,8021.064,2018.298,10085.15,8457.128,1974.46,10571.04
8104.239,1955.555,10637.94,8093.95,2033.775,9869.956,8455.798,1982.074,10200.55,8023.432,2018.298,10086.26,8459.526,1974.46,10572.08
8105.902,1955.555,10638.35,8095.37,2033.775,9870.912,8457.087,1982.074,10201.67,8024.958,2018.298,10087.04,8461.074,1974.46,10572.81
8108.424,1955.555,10639.05,8097.664,2033.775,9872.175,8459.114,1982.074,10203.33,8027.367,2018.298,10088.06,8463.501,1974.46,10573.8
8110.488,1955.555,10639.7,8099.524,2033.775,9873.28,8460.833,1982.074,10204.65,8029.329,2018.298,10088.98,8465.481,1974.46,10574.67
8112.524,1955.555,10640.42,8101.344,2033.775,9874.443,8462.59,1982.074,10205.9,8031.256,2018.298,10089.95,8467.505,1974.46,10575.42
8114.57,1955.555,10641.13,8103.239,2033.775,9875.493,8464.394,1982.074,10207.1,8033.156,2018.298,10090.99,8469.509,1974.46,10576.24
8116.363,1955.555,10641.83,8104.889,2033.775,9876.479,8466.057,1982.074,10208.06,8034.915,2018.298,10091.77,8471.302,1974.46,10576.94
8119.335,1955.555,10643.09,8107.605,2033.775,9878.225,8468.958,1982.074,10209.48,8037.826,2018.298,10093.16,8474.273,1974.46,10578.2
8120.009,1955.555,10643.35,8108.199,2033.775,9878.635,8469.596,1982.074,10209.82,8038.466,2018.298,10093.5,8474.96,1974.46,10578.42
8122.592,1955.555,10644.34,8110.424,2033.775,9880.28,8471.998,1982.074,10211.19,8040.876,2018.298,10094.86,8477.563,1974.46,10579.36
8123.964,1955.555,10644.92,8111.636,2033.775,9881.146,8473.267,1982.074,10211.97,8042.149,2018.298,10095.63,8478.969,1974.46,10579.85
8126.602,1955.555,10645.93,8113.879,2033.775,9882.863,8475.623,1982.074,10213.53,8044.645,2018.298,10096.95,8481.603,1974.46,10580.87
8128.036,1955.555,10646.34,8115.093,2033.775,9883.73,8476.84,1982.074,10214.39,8045.939,2018.298,10097.7,8482.975,1974.46,10581.46
8130.724,1955.555,10647.21,8117.47,2033.775,9885.254,8478.925,1982.074,10216.3,8048.341,2018.298,10099.18,8485.664,1974.46,10582.32
8132.126,1955.555,10647.71,8118.759,2033.775,9885.999,8480.057,1982.074,10217.27,8049.582,2018.298,10100,8487.066,1974.46,10582.82
8134.861,1955.555,10648.42,8121.157,2033.775,9887.492,8482.062,1982.074,10219.26,8051.845,2018.298,10101.69,8489.695,1974.46,10583.85
8136.288,1955.555,10648.83,8122.394,2033.775,9888.319,8483.151,1982.074,10220.27,8053.064,2018.298,10102.54,8491.062,1974.46,10584.44
8139.02,1955.555,10649.53,8124.684,2033.775,9889.963,8485.277,1982.074,10222.12,8055.403,2018.298,10104.12,8493.743,1974.46,10585.31
8141.131,1955.555,10649.99,8126.597,2033.775,9890.969,8486.953,1982.074,10223.49,8057.234,2018.298,10105.27,8495.788,1974.46,10586.01
8142.46,1955.555,10650.33,8127.79,2033.775,9891.646,8488.045,1982.074,10224.32,8058.37,2018.298,10106.04,8497.071,1974.46,10586.5
8145.251,1955.555,10651.14,8130.307,2033.775,9893.098,8490.327,1982.074,10226.11,8060.803,2018.298,10107.62,8499.752,1974.46,10587.61
8147.328,1955.555,10651.81,8132.218,2033.775,9894.155,8491.883,1982.074,10227.65,8062.67,2018.298,10108.76,8501.759,1974.46,10588.48
8149.35,1955.555,10652.55,8134.064,2033.775,9895.258,8493.463,1982.074,10229.11,8064.653,2018.298,10109.59,8503.705,1974.46,10589.39
8150.928,1955.555,10653.18,8135.513,2033.775,9896.146,8494.748,1982.074,10230.22,8066.197,2018.298,10110.3,8505.219,1974.46,10590.16
8153.98,1955.555,10653.92,8138.138,2033.775,9897.875,8497.192,1982.074,10232.19,8069.008,2018.298,10111.71,8508.016,1974.46,10591.59
8154.751,1955.555,10654.1,8138.783,2033.775,9898.331,8497.823,1982.074,10232.67,8069.703,2018.298,10112.08,8508.732,1974.46,10591.93
8157.629,1955.555,10654.84,8141.378,2033.775,9899.779,8500.156,1982.074,10234.51,8072.269,2018.298,10113.58,8511.386,1974.46,10593.27
8159.692,1955.555,10655.45,8143.221,2033.775,9900.889,8501.887,1982.074,10235.79,8074.089,2018.298,10114.73,8513.273,1974.46,10594.3
8161.767,1955.555,10656.01,8145.024,2033.775,9902.057,8503.531,1982.074,10237.17,8075.963,2018.298,10115.78,8515.192,1974.46,10595.26
8163.389,1955.555,10656.5,8146.417,2033.775,9903.024,8504.865,1982.074,10238.22,8077.415,2018.298,10116.66,8516.76,1974.46,10595.92
8165.877,1955.555,10657.27,8148.51,2033.775,9904.572,8506.697,1982.074,10240.07,8079.782,2018.298,10117.74,8519.13,1974.46,10596.99
8167.483,1955.555,10657.82,8149.841,2033.775,9905.626,8507.931,1982.074,10241.24,8081.302,2018.298,10118.5,8520.666,1974.46,10597.71
8170.518,1955.555,10658.61,8152.362,2033.775,9907.49,8510.278,1982.074,10243.31,8084.062,2018.298,10119.98,8523.458,1974.46,10599.14
8171.286,1955.555,10658.83,8152.989,2033.775,9907.987,8510.895,1982.074,10243.82,8084.757,2018.298,10120.38,8524.174,1974.46,10599.5
8174.152,1955.555,10659.57,8155.278,2033.775,9909.864,8513.234,1982.074,10245.64,8087.281,2018.298,10121.92,8526.973,1974.46,10600.46
8175.43,1955.555,10659.95,8156.334,2033.775,9910.674,8514.246,1982.074,10246.5,8088.395,2018.298,10122.65,8528.217,1974.46,10600.93
8178.24,1955.555,10660.87,8158.739,2033.775,9912.397,8516.556,1982.074,10248.35,8090.917,2018.298,10124.2,8530.946,1974.46,10602.07
8180.239,1955.555,10661.59,8160.579,2033.775,9913.457,8518.256,1982.074,10249.62,8092.688,2018.298,10125.37,8532.92,1974.46,10602.86
8181.9,1955.555,10662.24,8162.104,2033.775,9914.388,8519.721,1982.074,10250.64,8094.042,2018.298,10126.54,8534.559,1974.46,10603.57
8184.243,1955.555,10663.26,8164.279,2033.775,9915.727,8521.766,1982.074,10252.17,8096.032,2018.298,10128.14,8536.869,1974.46,10604.65
8186.706,1955.555,10664.25,8166.494,2033.775,9917.192,8523.943,1982.074,10253.7,8098.155,2018.298,10129.73,8539.312,1974.46,10605.7
8187.46,1955.555,10664.49,8167.139,2033.775,9917.65,8524.577,1982.074,10254.17,8098.802,2018.298,10130.19,8540.028,1974.46,10606.03
8190.245,1955.555,10665.47,8169.621,2033.775,9919.249,8526.997,1982.074,10255.86,8101.121,2018.298,10132.02,8542.661,1974.46,10607.37
8191.509,1955.555,10665.91,8170.721,2033.775,9920.009,8528.067,1982.074,10256.66,8102.197,2018.298,10132.81,8543.833,1974.46,10608.01
8194.267,1955.555,10666.96,8173.091,2033.775,9921.765,8530.486,1982.074,10258.35,8104.628,2018.298,10134.48,8546.231,1974.46,10609.73
8196.356,1955.555,10667.46,8174.997,2033.775,9922.76,8532.348,1982.074,10259.42,8106.278,2018.298,10135.86,8548.019,1974.46,10610.92
8198.191,1955.555,10667.96,8176.654,2033.775,9923.695,8533.964,1982.074,10260.43,8107.778,2018.298,10137.03,8549.59,1974.46,10612
8202.059,1955.555,10669.17,8180.114,2033.775,9925.801,8537.388,1982.074,10262.59,8110.86,2018.298,10139.66,8552.927,1974.46,10614.29
8202.567,1955.555,10669.34,8180.564,2033.775,9926.096,8537.833,1982.074,10262.9,8111.281,2018.298,10139.99,8553.38,1974.46,10614.58
8204.503,1955.555,10670.09,8182.278,2033.775,9927.263,8539.527,1982.074,10264.09,8112.943,2018.298,10141.23,8555.162,1974.46,10615.65
8206.472,1955.555,10670.92,8184.171,2033.775,9928.255,8541.232,1982.074,10265.38,8114.698,2018.298,10142.45,8557.033,1974.46,10616.68
8208.059,1955.555,10671.5,8185.643,2033.775,9929.089,8542.458,1982.074,10266.55,8116.111,2018.298,10143.38,8558.51,1974.46,10617.5
8210.462,1955.555,10672.48,8187.855,2033.775,9930.44,8544.395,1982.074,10268.27,8118.303,2018.298,10144.76,8560.813,1974.46,10618.69
8212.476,1955.555,10673.2,8189.667,2033.775,9931.577,8546.039,1982.074,10269.64,8120.073,2018.298,10145.96,8562.784,1974.46,10619.52
8214.531,1955.555,10673.8,8191.444,2033.775,9932.773,8547.729,1982.074,10270.95,8121.884,2018.298,10147.11,8564.758,1974.46,10620.35
8216.585,1955.555,10674.47,8193.196,2033.775,9934.039,8549.477,1982.074,10272.23,8123.68,2018.298,10148.31,8566.778,1974.46,10621.12
8219.075,1955.555,10675.38,8195.376,2033.775,9935.549,8551.762,1982.074,10273.57,8125.703,2018.298,10150.02,8569.225,1974.46,10622.14
8219.803,1955.555,10675.68,8196.061,2033.775,9935.931,8552.424,1982.074,10273.99,8126.311,2018.298,10150.52,8569.95,1974.46,10622.44
8222.588,1955.555,10676.67,8198.593,2033.775,9937.453,8554.867,1982.074,10275.65,8128.663,2018.298,10152.31,8572.656,1974.46,10623.62
8224.578,1955.555,10677.45,8200.388,2033.775,9938.613,8556.706,1982.074,10276.74,8130.38,2018.298,10153.58,8574.585,1974.46,10624.55
8226.543,1955.555,10678.29,8202.2,2033.775,9939.75,8558.598,1982.074,10277.74,8131.935,2018.298,10155.05,8576.484,1974.46,10625.53
8228.121,1955.555,10678.88,8203.597,2033.775,9940.691,8560.06,1982.074,10278.58,8133.195,2018.298,10156.17,8578.063,1974.46,10626.12
8231.022,1955.555,10680.04,8206.13,2033.775,9942.521,8562.767,1982.074,10280.14,8135.601,2018.298,10158.16,8580.953,1974.46,10627.31
8231.748,1955.555,10680.36,8206.757,2033.775,9943.006,8563.439,1982.074,10280.55,8136.227,2018.298,10158.65,8581.676,1974.46,10627.63
8234.401,1955.555,10681.63,8209.257,2033.775,9944.556,8566.043,1982.074,10281.92,8138.61,2018.298,10160.38,8584.318,1974.46,10628.93
8236.36,1955.555,10682.49,8211.037,2033.775,9945.741,8567.902,1982.074,10282.98,8140.263,2018.298,10161.73,8586.208,1974.46,10629.93
8238.288,1955.555,10683.41,8212.775,2033.775,9946.983,8569.775,1982.074,10284.01,8141.958,2018.298,10163.03,8588.138,1974.46,10630.85
8240.125,1955.555,10684.51,8214.543,2033.775,9948.19,8571.617,1982.074,10285.1,8143.697,2018.298,10164.28,8590.039,1974.46,10631.83
8241.992,1955.555,10685.55,8216.377,2033.775,9949.284,8573.418,1982.074,10286.25,8145.292,2018.298,10165.7,8591.903,1974.46,10632.87
8243.915,1955.555,10686.53,8218.195,2033.775,9950.451,8575.201,1982.074,10287.47,8146.952,2018.298,10167.08,8593.86,1974.46,10633.79
8246.13,1955.555,10687.98,8220.476,2033.775,9951.792,8577.4,1982.074,10288.94,8149.039,2018.298,10168.71,8596.344,1974.46,10634.7
8246.83,1955.555,10688.46,8221.193,2033.775,9952.246,8578.091,1982.074,10289.43,8149.723,2018.298,10169.21,8597.131,1974.46,10635.02
8249.607,1955.555,10690.24,8223.921,2033.775,9954.1,8580.707,1982.074,10291.44,8152.445,2018.298,10171.07,8600.146,1974.46,10636.36
8250.698,1955.555,10690.89,8225.012,2033.775,9954.749,8581.688,1982.074,10292.25,8153.515,2018.298,10171.76,8601.29,1974.46,10636.91
8253.405,1955.555,10692.44,8227.64,2033.775,9956.435,8584.165,1982.074,10294.15,8156.092,2018.298,10173.52,8604.056,1974.46,10638.36
8254.104,1955.555,10692.81,8228.291,2033.775,9956.883,8584.783,1982.074,10294.64,8156.758,2018.298,10173.94,8604.759,1974.46,10638.72
8256.745,1955.555,10694.11,8230.844,2033.775,9958.345,8586.839,1982.074,10296.75,8159.186,2018.298,10175.61,8607.329,1974.46,10640.15
8258.657,1955.555,10695.01,8232.693,2033.775,9959.369,8588.365,1982.074,10298.21,8160.969,2018.298,10176.74,8609.256,1974.46,10641.02
8260.618,1955.555,10696.11,8234.624,2033.775,9960.523,8590.039,1982.074,10299.71,8162.825,2018.298,10178.01,8611.273,1974.46,10642.01
8262.145,1955.555,10696.9,8236.07,2033.775,9961.453,8591.355,1982.074,10300.82,8164.249,2018.298,10178.98,8612.847,1974.46,10642.7
8264.163,1955.555,10698.31,8238.095,2033.775,9962.851,8593.093,1982.074,10302.56,8166.317,2018.298,10180.31,8615.063,1974.46,10643.77
8265.568,1955.555,10699.22,8239.441,2033.775,9963.847,8594.314,1982.074,10303.7,8167.755,2018.298,10181.17,8616.619,1974.46,10644.39
8267.783,1955.555,10700.56,8241.493,2033.775,9965.423,8596.258,1982.074,10305.41,8170.006,2018.298,10182.44,8619.021,1974.46,10645.35
8269.249,1955.555,10701.38,8242.822,2033.775,9966.451,8597.524,1982.074,10306.52,8171.446,2018.298,10183.31,8620.561,1974.46,10646.03
8271.542,1955.555,10702.56,8244.975,2033.775,9967.877,8599.499,1982.074,10308.18,8173.614,2018.298,10184.71,8622.89,1974.46,10647.14
8273.416,1955.555,10703.59,8246.717,2033.775,9969.114,8601.027,1982.074,10309.67,8175.477,2018.298,10185.76,8624.786,1974.46,10648.13
8274.668,1955.555,10704.36,8247.904,2033.775,9969.98,8602.046,1982.074,10310.73,8176.733,2018.298,10186.52,8626.067,1974.46,10648.84
8277.316,1955.555,10705.87,8250.307,2033.775,9971.856,8604.229,1982.074,10312.86,8179.502,2018.298,10187.8,8628.82,1974.46,10650.15
8279.072,1955.555,10706.8,8251.831,2033.775,9973.129,8605.658,1982.074,10314.24,8181.277,2018.298,10188.69,8630.585,1974.46,10651.06
8280.617,1955.555,10707.55,8253.185,2033.775,9974.187,8606.933,1982.074,10315.39,8182.787,2018.298,10189.5,8632.085,1974.46,10651.9
8282.611,1955.555,10708.96,8255.188,2033.775,9975.585,8608.799,1982.074,10316.97,8184.895,2018.298,10190.74,8634.202,1974.46,10653.12
8284.017,1955.555,10709.89,8256.593,2033.775,9976.512,8610.104,1982.074,10318.03,8186.319,2018.298,10191.64,8635.633,1974.46,10654
8286.181,1955.555,10711.21,8258.666,2033.775,9977.978,8612.126,1982.074,10319.56,8188.421,2018.298,10193.06,8637.834,1974.46,10655.27
8287.577,1955.555,10712.01,8259.967,2033.775,9978.921,8613.373,1982.074,10320.58,8189.844,2018.298,10193.81,8639.199,1974.46,10656.12
8289.603,1955.555,10713.29,8261.942,2033.775,9980.271,8615.278,1982.074,10322.03,8191.926,2018.298,10194.99,8641.152,1974.46,10657.5
8291.249,1955.555,10714.25,8263.58,2033.775,9981.249,8616.759,1982.074,10323.23,8193.613,2018.298,10195.88,8642.664,1974.46,10658.66
8292.874,1955.555,10715.13,8265.136,2033.775,9982.247,8618.152,1982.074,10324.44,8195.222,2018.298,10196.79,8644.063,1974.46,10659.87
8295.076,1955.555,10716.23,8267.163,2033.775,9983.645,8620.042,1982.074,10326.02,8197.326,2018.298,10198.06,8645.967,1974.46,10661.43
8295.601,1955.555,10716.47,8267.628,2033.775,9983.987,8620.497,1982.074,10326.38,8197.817,2018.298,10198.37,8646.425,1974.46,10661.79
8297.598,1955.555,10717.31,8269.496,2033.775,9985.077,8622.156,1982.074,10327.77,8199.702,2018.298,10199.43,8648.183,1974.46,10663.05
8298.631,1955.555,10717.78,8270.458,2033.775,9985.681,8622.911,1982.074,10328.61,8200.728,2018.298,10199.92,8649.108,1974.46,10663.7
8300.655,1955.555,10718.78,8272.331,2033.775,9986.944,8624.468,1982.074,10330.25,8202.734,2018.298,10200.96,8650.992,1974.46,10664.95
8301.633,1955.555,10719.22,8273.201,2033.775,9987.574,8625.232,1982.074,10331.01,8203.672,2018.298,10201.48,8651.906,1974.46,10665.52
8303.256,1955.555,10719.84,8274.573,2033.775,9988.637,8626.507,1982.074,10332.18,8205.157,2018.298,10202.38,8653.353,1974.46,10666.47
8304.367,1955.555,10720.3,8275.5,2033.775,9989.404,8627.417,1982.074,10332.97,8206.167,2018.298,10203.03,8654.377,1974.46,10667.11
8305.844,1955.555,10720.97,8276.762,2033.775,9990.424,8628.678,1982.074,10333.99,8207.498,2018.298,10203.96,8655.843,1974.46,10667.8
8307.23,1955.555,10721.4,8277.895,2033.775,9991.333,8629.778,1982.074,10334.94,8208.662,2018.298,10204.83,8657.134,1974.46,10668.46
8308.284,1955.555,10721.71,8278.765,2033.775,9992.002,8630.633,1982.074,10335.63,8209.539,2018.298,10205.49,8658.092,1974.46,10669
8309.806,1955.555,10722.2,8280,2033.775,9993.018,8632.002,1982.074,10336.45,8210.727,2018.298,10206.56,8659.463,1974.46,10669.82
8311.131,1955.555,10722.68,8281.103,2033.775,9993.896,8633.193,1982.074,10337.21,8211.803,2018.298,10207.47,8660.71,1974.46,10670.48
8312.033,1955.555,10723.04,8281.924,2033.775,9994.414,8633.997,1982.074,10337.75,8212.564,2018.298,10208.07,8661.555,1974.46,10670.96
8313.924,1955.555,10723.87,8283.632,2033.775,9995.571,8635.666,1982.074,10338.96,8214.17,2018.298,10209.37,8663.314,1974.46,10672.03
8314.855,1955.555,10724.31,8284.495,2033.775,9996.137,8636.535,1982.074,10339.52,8214.956,2018.298,10210.03,8664.247,1974.46,10672.48
8316.463,1955.555,10724.96,8285.913,2033.775,9997.133,8637.962,1982.074,10340.5,8216.291,2018.298,10211.14,8665.788,1974.46,10673.27
8317.674,1955.555,10725.49,8286.971,2033.775,9997.929,8639.026,1982.074,10341.29,8217.338,2018.298,10211.95,8666.944,1974.46,10673.91
8319.727,1955.555,10726.48,8288.816,2033.775,9999.263,8640.813,1982.074,10342.7,8219.184,2018.298,10213.28,8668.948,1974.46,10675
8320.688,1955.555,10726.81,8289.676,2033.775,9999.805,8641.628,1982.074,10343.31,8220.011,2018.298,10213.87,8669.828,1974.46,10675.5
8321.503,1955.555,10727.12,8290.396,2033.775,10000.29,8642.366,1982.074,10343.77,8220.795,2018.298,10214.25,8670.567,1974.46,10675.96
8323.485,1955.555,10727.94,8292.134,2033.775,10001.56,8644.176,1982.074,10344.93,8222.729,2018.298,10215.19,8672.496,1974.46,10676.91
8324.895,1955.555,10728.58,8293.355,2033.775,10002.51,8645.522,1982.074,10345.69,8224.1,2018.298,10215.91,8673.901,1974.46,10677.56
8326.412,1955.555,10729.34,8294.658,2033.775,10003.59,8646.968,1982.074,10346.58,8225.608,2018.298,10216.68,8675.414,1974.46,10678.32
8327.516,1955.555,10729.99,8295.731,2033.775,10004.29,8648.037,1982.074,10347.28,8226.729,2018.298,10217.29,8676.557,1974.46,10678.9
8329.513,1955.555,10731.07,8297.598,2033.775,10005.59,8649.895,1982.074,10348.59,8228.682,2018.298,10218.46,8678.615,1974.46,10679.87
8330.098,1955.555,10731.37,8298.122,2033.775,10005.98,8650.416,1982.074,10348.99,8229.247,2018.298,10218.79,8679.198,1974.46,10680.16
8332.092,1955.555,10732.29,8299.839,2033.775,10007.35,8652.124,1982.074,10350.37,8231.225,2018.298,10219.75,8681.122,1974.46,10681.22
8334.296,1955.555,10733.05,8301.799,2033.775,10008.62,8653.926,1982.074,10351.85,8233.29,2018.298,10220.83,8683.192,1974.46,10682.3
8334.823,1955.555,10733.25,8302.264,2033.775,10008.94,8654.415,1982.074,10352.13,8233.781,2018.298,10221.11,8683.701,1974.46,10682.54
8336.853,1955.555,10734.04,8304.022,2033.775,10010.21,8656.261,1982.074,10353.28,8235.658,2018.298,10222.21,8685.629,1974.46,10683.55
8338.484,1955.555,10734.52,8305.367,2033.775,10011.26,8657.676,1982.074,10354.23,8237.1,2018.298,10223.11,8687.112,1974.46,10684.38
8339.537,1955.555,10734.87,8306.221,2033.775,10011.97,8658.578,1982.074,10354.88,8238.02,2018.298,10223.74,8688.105,1974.46,10684.88
8341.709,1955.555,10735.68,8307.952,2033.775,10013.51,8660.528,1982.074,10356.13,8239.895,2018.298,10225.1,8690.142,1974.46,10685.98
8343.352,1955.555,10736.35,8309.178,2033.775,10014.79,8661.991,1982.074,10357.13,8241.297,2018.298,10226.18,8691.673,1974.46,10686.88
8344.964,1955.555,10737.06,8310.436,2033.775,10016.02,8663.41,1982.074,10358.18,8242.557,2018.298,10227.42,8693.287,1974.46,10687.59
8346.22,1955.555,10737.66,8311.462,2033.775,10016.97,8664.556,1982.074,10358.97,8243.584,2018.298,10228.36,8694.545,1974.46,10688.19
8348.268,1955.555,10738.34,8313.098,2033.775,10018.37,8666.288,1982.074,10360.25,8245.222,2018.298,10229.76,8696.512,1974.46,10689.08
8349.585,1955.555,10738.83,8314.249,2033.775,10019.18,8667.387,1982.074,10361.13,8246.295,2018.298,10230.66,8697.803,1974.46,10689.63
8352.16,1955.555,10739.87,8316.476,2033.775,10020.84,8669.505,1982.074,10362.93,8248.255,2018.298,10232.63,8700.321,1974.46,10690.8
8353.26,1955.555,10740.36,8317.415,2033.775,10021.59,8670.335,1982.074,10363.8,8249.095,2018.298,10233.49,8701.395,1974.46,10691.34
8355.008,1955.555,10741.2,8318.984,2033.775,10022.74,8671.721,1982.074,10365.16,8250.496,2018.298,10234.84,8703.136,1974.46,10692.2
8356.307,1955.555,10741.89,8320.141,2033.775,10023.64,8672.801,1982.074,10366.15,8251.582,2018.298,10235.83,8704.43,1974.46,10692.89
8358.037,1955.555,10743.11,8321.769,2033.775,10025,8674.309,1982.074,10367.64,8253.198,2018.298,10237.2,8706.267,1974.46,10693.95
8359.554,1955.555,10744.19,8323.163,2033.775,10026.23,8675.661,1982.074,10368.92,8254.651,2018.298,10238.36,8707.928,1974.46,10694.78
8361.105,1955.555,10745.21,8324.58,2033.775,10027.43,8677.056,1982.074,10370.14,8256.099,2018.298,10239.52,8709.617,1974.46,10695.56
8362.146,1955.555,10745.85,8325.607,2033.775,10028.08,8677.997,1982.074,10370.92,8256.993,2018.298,10240.35,8710.709,1974.46,10696.1
8364.325,1955.555,10747.09,8327.675,2033.775,10029.5,8680.109,1982.074,10372.27,8258.854,2018.298,10242.03,8712.916,1974.46,10697.29
8366.034,1955.555,10747.99,8329.231,2033.775,10030.65,8681.702,1982.074,10373.36,8260.299,2018.298,10243.31,8714.585,1974.46,10698.26
8367.739,1955.555,10748.81,8330.721,2033.775,10031.82,8683.229,1982.074,10374.49,8261.659,2018.298,10244.63,8716.19,1974.46,10699.27
8369.425,1955.555,10749.7,8332.178,2033.775,10033.05,8684.823,1982.074,10375.53,8263.069,2018.298,10245.91,8717.79,1974.46,10700.3
8370.61,1955.555,10750.28,8333.22,2033.775,10033.85,8685.902,1982.074,10376.28,8264.073,2018.298,10246.77,8718.934,1974.46,10700.96
8372.847,1955.555,10751.45,8335.203,2033.775,10035.42,8687.986,1982.074,10377.71,8266.051,2018.298,10248.34,8721.085,1974.46,10702.28
8374.584,1955.555,10752.3,8336.679,2033.775,10036.66,8689.641,1982.074,10378.71,8267.458,2018.298,10249.66,8722.834,1974.46,10703.1
8376.28,1955.555,10753.19,8338.221,2033.775,10037.8,8691.249,1982.074,10379.75,8268.848,2018.298,10250.98,8724.543,1974.46,10703.97
8377.747,1955.555,10753.9,8339.5,2033.775,10038.81,8692.588,1982.074,10380.68,8270.021,2018.298,10252.11,8726.006,1974.46,10704.69
8379.749,1955.555,10754.95,8341.229,2033.775,10040.27,8694.401,1982.074,10382.03,8271.7,2018.298,10253.63,8728.001,1974.46,10705.76
8381.479,1955.555,10756.13,8342.782,2033.775,10041.67,8696.201,1982.074,10383.1,8273.299,2018.298,10254.98,8729.814,1974.46,10706.8
8382.803,1955.555,10756.97,8343.765,2033.775,10042.89,8697.551,1982.074,10383.9,8274.527,2018.298,10255.95,8731.173,1974.46,10707.58
8384.642,1955.555,10758.29,8345.241,2033.775,10044.61,8699.491,1982.074,10385.06,8276.321,2018.298,10257.33,8733.097,1974.46,10708.78
8386.28,1955.555,10759.39,8346.575,2033.775,10046.06,8701.147,1982.074,10386.13,8277.773,2018.298,10258.67,8734.738,1974.46,10709.87
8387.413,1955.555,10760.09,8347.51,2033.775,10047.02,8702.244,1982.074,10386.89,8278.786,2018.298,10259.54,8735.873,1974.46,10710.57
8389.662,1955.555,10761.56,8349.443,2033.775,10048.88,8704.398,1982.074,10388.49,8280.736,2018.298,10261.38,8738.106,1974.46,10712.06
8390.764,1955.555,10762.22,8350.285,2033.775,10049.85,8705.448,1982.074,10389.24,8281.7,2018.298,10262.23,8739.197,1974.46,10712.74
8392.566,1955.555,10763.24,8351.688,2033.775,10051.37,8707.116,1982.074,10390.46,8283.292,2018.298,10263.55,8741.07,1974.46,10713.62
8393.909,1955.555,10763.93,8352.712,2033.775,10052.48,8708.311,1982.074,10391.39,8284.488,2018.298,10264.48,8742.419,1974.46,10714.3
8396.072,1955.555,10765.09,8354.433,2033.775,10054.23,8710.198,1982.074,10392.96,8286.478,2018.298,10265.92,8744.66,1974.46,10715.3
8396.538,1955.555,10765.35,8354.819,2033.775,10054.6,8710.598,1982.074,10393.31,8286.899,2018.298,10266.25,8745.14,1974.46,10715.54
8398.269,1955.555,10766.34,8356.308,2033.775,10055.93,8711.941,1982.074,10394.78,8288.516,2018.298,10267.41,8746.902,1974.46,10716.47
8399.175,1955.555,10766.85,8357.104,2033.775,10056.6,8712.666,1982.074,10395.53,8289.347,2018.298,10268.04,8747.817,1974.46,10716.96
8400.876,1955.555,10767.74,8358.534,2033.775,10057.87,8714.031,1982.074,10396.87,8290.917,2018.298,10269.14,8749.477,1974.46,10717.92
8402.146,1955.555,10768.34,8359.614,2033.775,10058.77,8714.922,1982.074,10397.96,8292.085,2018.298,10269.92,8750.671,1974.46,10718.66
8403.35,1955.555,10768.97,8360.626,2033.775,10059.68,8715.814,1982.074,10398.98,8293.186,2018.298,10270.71,8751.798,1974.46,10719.42
8404.609,1955.555,10769.57,8361.697,2033.775,10060.57,8716.768,1982.074,10400,8294.291,2018.298,10271.56,8752.904,1974.46,10720.27
8405.561,1955.555,10769.97,8362.482,2033.775,10061.24,8717.495,1982.074,10400.74,8295.125,2018.298,10272.17,8753.702,1974.46,10720.92
8406.864,1955.555,10770.57,8363.545,2033.775,10062.2,8718.53,1982.074,10401.73,8296.257,2018.298,10273.05,8754.842,1974.46,10721.79
8407.712,1955.555,10770.99,8364.267,2033.775,10062.82,8719.195,1982.074,10402.4,8297.023,2018.298,10273.61,8755.582,1974.46,10722.39
8408.974,1955.555,10771.64,8365.32,2033.775,10063.77,8720.227,1982.074,10403.38,8298.255,2018.298,10274.32,8756.658,1974.46,10723.32
8409.909,1955.555,10772.27,8366.068,2033.775,10064.62,8721.068,1982.074,10404.13,8299.211,2018.298,10274.92,8757.522,1974.46,10724.04
8410.828,1955.555,10772.87,8366.821,2033.775,10065.41,8721.837,1982.074,10404.91,8300.12,2018.298,10275.52,8758.384,1974.46,10724.71
8411.429,1955.555,10773.23,8367.282,2033.775,10065.94,8722.327,1982.074,10405.41,8300.745,2018.298,10275.84,8758.949,1974.46,10725.13
8412.63,1955.555,10773.89,8368.163,2033.775,10066.99,8723.321,1982.074,10406.36,8301.951,2018.298,10276.5,8760.081,1974.46,10725.91
8413.477,1955.555,10774.45,8368.838,2033.775,10067.75,8723.974,1982.074,10407.13,8302.823,2018.298,10277.02,8760.934,1974.46,10726.45
8414.306,1955.555,10774.96,8369.508,2033.775,10068.45,8724.623,1982.074,10407.86,8303.678,2018.298,10277.48,8761.821,1974.46,10726.85
8414.926,1955.555,10775.41,8370.058,2033.775,10068.99,8725.157,1982.074,10408.41,8304.353,2018.298,10277.85,8762.516,1974.46,10727.18
8416.159,1955.555,10776.26,8371.151,2033.775,10070.02,8726.128,1982.074,10409.55,8305.639,2018.298,10278.62,8763.842,1974.46,10727.88
8416.494,1955.555,10776.48,8371.451,2033.775,10070.28,8726.396,1982.074,10409.85,8305.974,2018.298,10278.83,8764.188,1974.46,10728.08
8417.778,1955.555,10777.25,8372.696,2033.775,10071.11,8727.437,1982.074,10410.92,8307.269,2018.298,10279.58,8765.464,1974.46,10728.86
8418.755,1955.555,10777.79,8373.605,2033.775,10071.75,8728.24,1982.074,10411.7,8308.217,2018.298,10280.17,8766.396,1974.46,10729.47
8419.616,1955.555,10778.24,8374.383,2033.775,10072.34,8728.963,1982.074,10412.35,8309.027,2018.298,10280.71,8767.192,1974.46,10730.03
8420.865,1955.555,10778.85,8375.462,2033.775,10073.22,8729.962,1982.074,10413.32,8310.269,2018.298,10281.33,8768.28,1974.46,10730.9
8421.782,1955.555,10779.34,8376.246,2033.775,10073.9,8730.664,1982.074,10414.08,8311.18,2018.298,10281.83,8769.083,1974.46,10731.55
8423.017,1955.555,10780.12,8377.32,2033.775,10074.89,8731.688,1982.074,10415.12,8312.44,2018.298,10282.57,8770.245,1974.46,10732.44
8424.191,1955.555,10780.87,8378.375,2033.775,10075.8,8732.697,1982.074,10416.09,8313.651,2018.298,10283.27,8771.38,1974.46,10733.25
8425.074,1955.555,10781.45,8379.147,2033.775,10076.52,8733.482,1982.074,10416.79,8314.548,2018.298,10283.82,8772.256,1974.46,10733.84
8426.369,1955.555,10782.32,8380.308,2033.775,10077.56,8734.681,1982.074,10417.79,8315.852,2018.298,10284.68,8773.643,1974.46,10734.56
8427.289,1955.555,10782.9,8380.995,2033.775,10078.41,8735.491,1982.074,10418.51,8316.738,2018.298,10285.31,8774.59,1974.46,10735.09
8428.772,1955.555,10783.77,8382.116,2033.775,10079.71,8736.809,1982.074,10419.62,8318.15,2018.298,10286.29,8776.059,1974.46,10735.98
8429.765,1955.555,10784.31,8382.877,2033.775,10080.54,8737.649,1982.074,10420.37,8319.056,2018.298,10286.96,8777.003,1974.46,10736.6
8431.181,1955.555,10785.35,8384.053,2033.775,10081.85,8738.972,1982.074,10421.53,8320.434,2018.298,10288.05,8778.605,1974.46,10737.33
8432.085,1955.555,10785.97,8384.813,2033.775,10082.64,8739.819,1982.074,10422.23,8321.315,2018.298,10288.71,8779.59,1974.46,10737.81
8433.478,1955.555,10786.87,8385.93,2033.775,10083.86,8741.199,1982.074,10423.14,8322.709,2018.298,10289.6,8781.048,1974.46,10738.59
8434.37,1955.555,10787.4,8386.656,2033.775,10084.6,8742.049,1982.074,10423.74,8323.591,2018.298,10290.15,8781.947,1974.46,10739.11
8435.899,1955.555,10788.24,8387.919,2033.775,10085.81,8743.443,1982.074,10424.79,8325.145,2018.298,10290.95,8783.431,1974.46,10740.03
8437.075,1955.555,10788.88,8388.872,2033.775,10086.75,8744.489,1982.074,10425.63,8326.334,2018.298,10291.57,8784.545,1974.46,10740.78
8437.945,1955.555,10789.33,8389.591,2033.775,10087.42,8745.263,1982.074,10426.23,8327.188,2018.298,10292.05,8785.34,1974.46,10741.35
8439.404,1955.555,10790.03,8390.631,2033.775,10088.65,8746.505,1982.074,10427.26,8328.568,2018.298,10292.88,8786.683,1974.46,10742.25
8440.478,1955.555,10790.58,8391.438,2033.775,10089.55,8747.461,1982.074,10428,8329.58,2018.298,10293.54,8787.758,1974.46,10742.8
8441.99,1955.555,10791.3,8392.504,2033.775,10090.84,8748.752,1982.074,10429.06,8330.952,2018.298,10294.5,8789.223,1974.46,10743.61
8443.099,1955.555,10791.87,8393.329,2033.775,10091.78,8749.688,1982.074,10429.89,8331.951,2018.298,10295.25,8790.294,1974.46,10744.25
8444.696,1955.555,10792.63,8394.541,2033.775,10093.07,8750.849,1982.074,10431.22,8333.4,2018.298,10296.26,8791.782,1974.46,10745.2
8445.932,1955.555,10793.17,8395.387,2033.775,10094.12,8751.736,1982.074,10432.24,8334.589,2018.298,10296.9,8792.894,1974.46,10745.97
8448.513,1955.555,10794.38,8397.243,2033.775,10096.28,8753.677,1982.074,10434.33,8337.051,2018.298,10298.34,8795.291,1974.46,10747.51
8448.84,1955.555,10794.55,8397.487,2033.775,10096.56,8753.936,1982.074,10434.59,8337.362,2018.298,10298.53,8795.594,1974.46,10747.72
8450.141,1955.555,10795.02,8398.44,2033.775,10097.56,8754.942,1982.074,10435.54,8338.575,2018.298,10299.2,8796.598,1974.46,10748.67
8451.284,1955.555,10795.47,8399.317,2033.775,10098.42,8755.865,1982.074,10436.35,8339.635,2018.298,10299.83,8797.519,1974.46,10749.49
8452.651,1955.555,10796.07,8400.279,2033.775,10099.57,8756.879,1982.074,10437.45,8340.894,2018.298,10300.63,8798.667,1974.46,10750.44
8453.86,1955.555,10796.56,8401.151,2033.775,10100.53,8757.794,1982.074,10438.38,8341.969,2018.298,10301.37,8799.677,1974.46,10751.26
8454.769,1955.555,10796.96,8401.84,2033.775,10101.25,8758.515,1982.074,10439.06,8342.823,2018.298,10301.87,8800.467,1974.46,10751.87
8456.103,1955.555,10797.6,8402.9,2033.775,10102.28,8759.621,1982.074,10440.04,8344.072,2018.298,10302.67,8801.673,1974.46,10752.72
8456.973,1955.555,10797.96,8403.594,2033.775,10102.92,8760.274,1982.074,10440.72,8344.896,2018.298,10303.12,8802.41,1974.46,10753.31
8458.306,1955.555,10798.38,8404.658,2033.775,10103.83,8761.217,1982.074,10441.75,8346.104,2018.298,10303.83,8803.449,1974.46,10754.24
8459.346,1955.555,10798.75,8405.478,2033.775,10104.57,8761.986,1982.074,10442.54,8347.036,2018.298,10304.42,8804.292,1974.46,10754.96
8460.038,1955.555,10799.03,8406.03,2033.775,10105.06,8762.518,1982.074,10443.06,8347.651,2018.298,10304.83,8804.875,1974.46,10755.42
8461.424,1955.555,10799.6,8407.176,2033.775,10106.03,8763.622,1982.074,10444.08,8348.879,2018.298,10305.69,8806.08,1974.46,10756.31
8462.077,1955.555,10799.89,8407.71,2033.775,10106.51,8764.166,1982.074,10444.54,8349.452,2018.298,10306.12,8806.639,1974.46,10756.76
8463.111,1955.555,10800.38,8408.586,2033.775,10107.24,8765.007,1982.074,10445.32,8350.344,2018.298,10306.83,8807.551,1974.46,10757.44
8463.822,1955.555,10800.74,8409.181,2033.775,10107.77,8765.611,1982.074,10445.83,8350.982,2018.298,10307.31,8808.204,1974.46,10757.9
8464.765,1955.555,10801.25,8410.005,2033.775,10108.46,8766.463,1982.074,10446.49,8351.915,2018.298,10307.85,8809.104,1974.46,10758.49
8465.588,1955.555,10801.72,8410.71,2033.775,10109.09,8767.267,1982.074,10446.99,8352.72,2018.298,10308.34,8809.967,1974.46,10758.88
8466.145,1955.555,10802.13,8411.24,2033.775,10109.53,8767.842,1982.074,10447.37,8353.296,2018.298,10308.73,8810.587,1974.46,10759.18
8466.938,1955.555,10802.68,8412.045,2033.775,10110.07,8768.626,1982.074,10447.94,8354.156,2018.298,10309.16,8811.447,1974.46,10759.62
8467.479,1955.555,10803.02,8412.569,2033.775,10110.44,8769.137,1982.074,10448.33,8354.72,2018.298,10309.47,8812.012,1974.46,10759.93
8468.297,1955.555,10803.51,8413.327,2033.775,10111.01,8769.873,1982.074,10448.93,8355.539,2018.298,10309.96,8812.871,1974.46,10760.34
8468.823,1955.555,10803.8,8413.794,2033.775,10111.39,8770.325,1982.074,10449.33,8356.046,2018.298,10310.28,8813.405,1974.46,10760.62
8469.622,1955.555,10804.21,8414.544,2033.775,10111.88,8770.946,1982.074,10449.98,8356.816,2018.298,10310.74,8814.188,1974.46,10761.05
8470.084,1955.555,10804.53,8415.002,2033.775,10112.21,8771.347,1982.074,10450.37,8357.288,2018.298,10311.04,8814.694,1974.46,10761.29
8470.799,1955.555,10804.99,8415.68,2033.775,10112.72,8771.908,1982.074,10451,8358.033,2018.298,10311.45,8815.45,1974.46,10761.68
8471.254,1955.555,10805.26,8416.092,2033.775,10113.05,8772.271,1982.074,10451.39,8358.489,2018.298,10311.72,8815.914,1974.46,10761.93
8471.945,1955.555,10805.64,8416.69,2033.775,10113.57,8772.832,1982.074,10451.95,8359.156,2018.298,10312.14,8816.621,1974.46,10762.29
8472.384,1955.555,10805.86,8417.053,2033.775,10113.9,8773.19,1982.074,10452.29,8359.563,2018.298,10312.42,8817.055,1974.46,10762.52
8473.038,1955.555,10806.34,8417.626,2033.775,10114.48,8773.79,1982.074,10452.83,8360.256,2018.298,10312.84,8817.757,1974.46,10762.93
8473.528,1955.555,10806.68,8418.025,2033.775,10114.92,8774.218,1982.074,10453.25,8360.752,2018.298,10313.17,8818.261,1974.46,10763.24
8473.963,1955.555,10806.99,8418.37,2033.775,10115.33,8774.614,1982.074,10453.61,8361.21,2018.298,10313.45,8818.73,1974.46,10763.5
8474.333,1955.555,10807.24,8418.666,2033.775,10115.66,8774.944,1982.074,10453.91,8361.584,2018.298,10313.69,8819.114,1974.46,10763.73
8474.861,1955.555,10807.57,8419.095,2033.775,10116.11,8775.419,1982.074,10454.31,8362.132,2018.298,10313.99,8819.667,1974.46,10764.01
8475.194,1955.555,10807.8,8419.376,2033.775,10116.4,8775.75,1982.074,10454.54,8362.483,2018.298,10314.19,8820.028,1974.46,10764.2
8475.814,1955.555,10808.21,8419.906,2033.775,10116.92,8776.338,1982.074,10454.99,8363.111,2018.298,10314.58,8820.675,1974.46,10764.56
8475.992,1955.555,10808.32,8420.047,2033.775,10117.07,8776.499,1982.074,10455.13,8363.284,2018.298,10314.7,8820.861,1974.46,10764.65
8476.56,1955.555,10808.64,8420.48,2033.775,10117.56,8777.014,1982.074,10455.52,8363.813,2018.298,10315.08,8821.433,1974.46,10764.97
8476.832,1955.555,10808.78,8420.673,2033.775,10117.8,8777.25,1982.074,10455.72,8364.066,2018.298,10315.25,8821.703,1974.46,10765.11
8477.349,1955.555,10809.08,8421.063,2033.775,10118.25,8777.7,1982.074,10456.11,8364.547,2018.298,10315.61,8822.221,1974.46,10765.41
8477.72,1955.555,10809.3,8421.358,2033.775,10118.57,8778.019,1982.074,10456.41,8364.929,2018.298,10315.81,8822.59,1974.46,10765.64
8478.044,1955.555,10809.49,8421.619,2033.775,10118.83,8778.299,1982.074,10456.65,8365.25,2018.298,10316,8822.928,1974.46,10765.79
8478.593,1955.555,10809.77,8422.067,2033.775,10119.26,8778.82,1982.074,10456.99,8365.773,2018.298,10316.33,8823.482,1974.46,10766.07
8478.821,1955.555,10809.88,8422.257,2033.775,10119.43,8779.03,1982.074,10457.13,8365.984,2018.298,10316.47,8823.706,1974.46,10766.19
8479.026,1955.555,10809.99,8422.401,2033.775,10119.61,8779.217,1982.074,10457.27,8366.186,2018.298,10316.59,8823.906,1974.46,10766.3
8479.468,1955.555,10810.2,8422.72,2033.775,10119.98,8779.602,1982.074,10457.57,8366.604,2018.298,10316.84,8824.321,1974.46,10766.56
8479.806,1955.555,10810.34,8422.952,2033.775,10120.26,8779.913,1982.074,10457.76,8366.928,2018.298,10317.01,8824.633,1974.46,10766.76
8480.089,1955.555,10810.45,8423.151,2033.775,10120.49,8780.164,1982.074,10457.93,8367.189,2018.298,10317.16,8824.883,1974.46,10766.93
8480.445,1955.555,10810.56,8423.406,2033.775,10120.76,8780.467,1982.074,10458.15,8367.507,2018.298,10317.36,8825.198,1974.46,10767.12
8480.722,1955.555,10810.65,8423.613,2033.775,10120.97,8780.716,1982.074,10458.3,8367.751,2018.298,10317.52,8825.441,1974.46,10767.29
8481.055,1955.555,10810.78,8423.873,2033.775,10121.21,8781.013,1982.074,10458.5,8368.041,2018.298,10317.72,8825.728,1974.46,10767.5
8481.336,1955.555,10810.89,8424.103,2033.775,10121.41,8781.262,1982.074,10458.67,8368.289,2018.298,10317.9,8825.979,1974.46,10767.67
8481.604,1955.555,10811.02,8424.324,2033.775,10121.61,8781.496,1982.074,10458.85,8368.523,2018.298,10318.08,8826.222,1974.46,10767.84
8481.866,1955.555,10811.14,8424.538,2033.775,10121.8,8781.722,1982.074,10459.03,8368.737,2018.298,10318.28,8826.466,1974.46,10767.99
8482.051,1955.555,10811.24,8424.696,2033.775,10121.94,8781.879,1982.074,10459.17,8368.893,2018.298,10318.41,8826.646,1974.46,10768.1
8482.405,1955.555,10811.43,8424.994,2033.775,10122.21,8782.221,1982.074,10459.38,8369.201,2018.298,10318.67,8826.989,1974.46,10768.31
8482.758,1955.555,10811.61,8425.266,2033.775,10122.5,8782.548,1982.074,10459.6,8369.502,2018.298,10318.93,8827.317,1974.46,10768.53
8483.095,1955.555,10811.79,8425.536,2033.775,10122.77,8782.859,1982.074,10459.83,8369.796,2018.298,10319.17,8827.658,1974.46,10768.7
8483.566,1955.555,10812.03,8425.921,2033.775,10123.13,8783.277,1982.074,10460.15,8370.172,2018.298,10319.55,8828.118,1974.46,10768.96
8483.928,1955.555,10812.22,8426.229,2033.775,10123.4,8783.595,1982.074,10460.41,8370.466,2018.298,10319.83,8828.477,1974.46,10769.16
8484.492,1955.555,10812.58,8426.716,2033.775,10123.86,8784.097,1982.074,10460.85,8370.959,2018.298,10320.29,8829.049,1974.46,10769.51
8484.672,1955.555,10812.69,8426.858,2033.775,10124.01,8784.258,1982.074,10460.98,8371.117,2018.298,10320.42,8829.224,1974.46,10769.62
8485.149,1955.555,10812.95,8427.236,2033.775,10124.41,8784.683,1982.074,10461.33,8371.535,2018.298,10320.77,8829.72,1974.46,10769.85
8485.402,1955.555,10813.08,8427.416,2033.775,10124.63,8784.919,1982.074,10461.48,8371.739,2018.298,10320.97,8829.975,1974.46,10769.97
8485.843,1955.555,10813.34,8427.754,2033.775,10125.01,8785.349,1982.074,10461.76,8372.12,2018.298,10321.31,8830.428,1974.46,10770.21
8486.067,1955.555,10813.49,8427.937,2033.775,10125.21,8785.567,1982.074,10461.92,8372.324,2018.298,10321.48,8830.659,1974.46,10770.35
8486.462,1955.555,10813.77,8428.277,2033.775,10125.55,8785.954,1982.074,10462.21,8372.701,2018.298,10321.78,8831.098,1974.46,10770.55
8486.763,1955.555,10813.96,8428.522,2033.775,10125.81,8786.26,1982.074,10462.4,8372.989,2018.298,10322,8831.42,1974.46,10770.71
8486.95,1955.555,10814.08,8428.671,2033.775,10125.97,8786.445,1982.074,10462.51,8373.165,2018.298,10322.13,8831.613,1974.46,10770.82
8487.351,1955.555,10814.31,8428.984,2033.775,10126.31,8786.825,1982.074,10462.78,8373.526,2018.298,10322.42,8832.031,1974.46,10771.01
8487.609,1955.555,10814.49,8429.205,2033.775,10126.54,8787.08,1982.074,10462.96,8373.777,2018.298,10322.61,8832.314,1974.46,10771.15
8487.832,1955.555,10814.64,8429.396,2033.775,10126.73,8787.29,1982.074,10463.13,8373.994,2018.298,10322.77,8832.549,1974.46,10771.28
8488.239,1955.555,10814.89,8429.716,2033.775,10127.08,8787.655,1982.074,10463.44,8374.385,2018.298,10323.04,8832.97,1974.46,10771.51
8488.42,1955.555,10814.99,8429.86,2033.775,10127.23,8787.81,1982.074,10463.58,8374.559,2018.298,10323.16,8833.149,1974.46,10771.61
8488.778,1955.555,10815.18,8430.15,2033.775,10127.52,8788.073,1982.074,10463.89,8374.894,2018.298,10323.39,8833.513,1974.46,10771.79
8488.966,1955.555,10815.27,8430.298,2033.775,10127.66,8788.213,1982.074,10464.04,8375.072,2018.298,10323.49,8833.696,1974.46,10771.89
8489.244,1955.555,10815.42,8430.519,2033.775,10127.89,8788.432,1982.074,10464.27,8375.346,2018.298,10323.65,8833.981,1974.46,10772.02
8489.435,1955.555,10815.55,8430.682,2033.775,10128.05,8788.598,1982.074,10464.43,8375.543,2018.298,10323.77,8834.188,1974.46,10772.13
8489.753,1955.555,10815.76,8430.957,2033.775,10128.31,8788.879,1982.074,10464.68,8375.86,2018.298,10323.98,8834.521,1974.46,10772.31
8489.932,1955.555,10815.87,8431.087,2033.775,10128.48,8789.01,1982.074,10464.85,8376.03,2018.298,10324.1,8834.701,1974.46,10772.42
8490.122,1955.555,10815.97,8431.229,2033.775,10128.64,8789.152,1982.074,10465.01,8376.204,2018.298,10324.23,8834.885,1974.46,10772.54
8490.341,1955.555,10816.08,8431.388,2033.775,10128.83,8789.319,1982.074,10465.19,8376.377,2018.298,10324.41,8835.088,1974.46,10772.67
8490.529,1955.555,10816.17,8431.528,2033.775,10128.99,8789.461,1982.074,10465.34,8376.525,2018.298,10324.55,8835.264,1974.46,10772.79
8490.764,1955.555,10816.26,8431.701,2033.775,10129.17,8789.636,1982.074,10465.52,8376.709,2018.298,10324.72,8835.477,1974.46,10772.92
8490.962,1955.555,10816.33,8431.847,2033.775,10129.32,8789.787,1982.074,10465.67,8376.868,2018.298,10324.86,8835.654,1974.46,10773.03
8491.156,1955.555,10816.4,8431.978,2033.775,10129.48,8789.942,1982.074,10465.8,8377.03,2018.298,10324.99,8835.827,1974.46,10773.14
8491.348,1955.555,10816.48,8432.113,2033.775,10129.64,8790.103,1982.074,10465.94,8377.195,2018.298,10325.12,8836.016,1974.46,10773.23
8491.537,1955.555,10816.57,8432.25,2033.775,10129.79,8790.263,1982.074,10466.07,8377.358,2018.298,10325.25,8836.201,1974.46,10773.32
8491.728,1955.555,10816.66,8432.385,2033.775,10129.95,8790.419,1982.074,10466.21,8377.502,2018.298,10325.4,8836.384,1974.46,10773.42
8491.923,1955.555,10816.73,8432.524,2033.775,10130.11,8790.555,1982.074,10466.37,8377.648,2018.298,10325.54,8836.563,1974.46,10773.53
8492.116,1955.555,10816.81,8432.669,2033.775,10130.26,8790.695,1982.074,10466.52,8377.797,2018.298,10325.69,8836.739,1974.46,10773.64
8492.307,1955.555,10816.89,8432.818,2033.775,10130.4,8790.841,1982.074,10466.67,8377.95,2018.298,10325.83,8836.92,1974.46,10773.74
8492.505,1955.555,10816.96,8432.973,2033.775,10130.54,8790.979,1982.074,10466.83,8378.099,2018.298,10325.98,8837.108,1974.46,10773.83
8492.703,1955.555,10817.02,8433.132,2033.775,10130.68,8791.122,1982.074,10466.98,8378.251,2018.298,10326.12,8837.299,1974.46,10773.92
8492.899,1955.555,10817.09,8433.305,2033.775,10130.79,8791.271,1982.074,10467.12,8378.408,2018.298,10326.26,8837.486,1974.46,10774.01
8493.093,1955.555,10817.17,8433.474,2033.775,10130.92,8791.41,1982.074,10467.28,8378.57,2018.298,10326.39,8837.671,1974.46,10774.11
8493.284,1955.555,10817.25,8433.638,2033.775,10131.04,8791.555,1982.074,10467.43,8378.736,2018.298,10326.51,8837.852,1974.46,10774.21
8493.473,1955.555,10817.34,8433.798,2033.775,10131.18,8791.704,1982.074,10467.57,8378.88,2018.298,10326.67,8838.029,1974.46,10774.32
8493.671,1955.555,10817.4,8433.959,2033.775,10131.31,8791.858,1982.074,10467.71,8379.028,2018.298,10326.81,8838.203,1974.46,10774.43
8493.867,1955.555,10817.47,8434.115,2033.775,10131.45,8792.018,1982.074,10467.85,8379.179,2018.298,10326.96,8838.385,1974.46,10774.54
8494.061,1955.555,10817.55,8434.268,2033.775,10131.59,8792.172,1982.074,10467.99,8379.334,2018.298,10327.1,8838.563,1974.46,10774.64
8494.252,1955.555,10817.63,8434.399,2033.775,10131.75,8792.312,1982.074,10468.14,8379.493,2018.298,10327.23,8838.745,1974.46,10774.74
8494.44,1955.555,10817.72,8434.537,2033.775,10131.91,8792.456,1982.074,10468.29,8379.657,2018.298,10327.36,8838.924,1974.46,10774.85
8494.626,1955.555,10817.82,8434.68,2033.775,10132.06,8792.588,1982.074,10468.45,8379.825,2018.298,10327.48,8839.099,1974.46,10774.96
8494.801,1955.555,10817.93,8434.812,2033.775,10132.22,8792.725,1982.074,10468.61,8379.989,2018.298,10327.61,8839.27,1974.46,10775.08
8494.971,1955.555,10818.05,8434.949,2033.775,10132.38,8792.867,1982.074,10468.76,8380.157,2018.298,10327.74,8839.426,1974.46,10775.22
8495.145,1955.555,10818.17,8435.092,2033.775,10132.53,8793.015,1982.074,10468.91,8380.321,2018.298,10327.86,8839.586,1974.46,10775.36
8495.322,1955.555,10818.28,8435.229,2033.775,10132.68,8793.15,1982.074,10469.07,8380.465,2018.298,10328.02,8839.75,1974.46,10775.48
8495.493,1955.555,10818.39,8435.371,2033.775,10132.84,8793.291,1982.074,10469.22,8380.613,2018.298,10328.16,8839.919,1974.46,10775.61
8495.668,1955.555,10818.51,8435.51,2033.775,10132.99,8793.437,1982.074,10469.37,8380.767,2018.298,10328.3,8840.081,1974.46,10775.74
8495.847,1955.555,10818.62,8435.653,2033.775,10133.14,8793.587,1982.074,10469.51,8380.924,2018.298,10328.44,8840.247,1974.46,10775.86
8496.019,1955.555,10818.73,8435.802,2033.775,10133.29,8793.739,1982.074,10469.65,8381.086,2018.298,10328.57,8840.416,1974.46,10775.98
8496.194,1955.555,10818.84,8435.955,2033.775,10133.43,8793.891,1982.074,10469.8,8381.252,2018.298,10328.7,8840.589,1974.46,10776.1
8496.363,1955.555,10818.97,8436.112,2033.775,10133.57,8794.045,1982.074,10469.94,8381.405,2018.298,10328.84,8840.766,1974.46,10776.21
8496.536,1955.555,10819.08,8436.266,2033.775,10133.71,8794.202,1982.074,10470.07,8381.563,2018.298,10328.98,8840.938,1974.46,10776.33
8496.708,1955.555,10819.2,8436.423,2033.775,10133.84,8794.354,1982.074,10470.21,8381.725,2018.298,10329.11,8841.114,1974.46,10776.44
8496.884,1955.555,10819.31,8436.578,2033.775,10133.98,8794.49,1982.074,10470.37,8381.891,2018.298,10329.23,8841.286,1974.46,10776.56
8497.063,1955.555,10819.42,8436.721,2033.775,10134.14,8794.632,1982.074,10470.53,8382.061,2018.298,10329.35,8841.459,1974.46,10776.67
8497.246,1955.555,10819.52,8436.868,2033.775,10134.28,8794.766,1982.074,10470.69,8382.228,2018.298,10329.48,8841.628,1974.46,10776.79
8497.419,1955.555,10819.63,8437.021,2033.775,10134.43,8794.904,1982.074,10470.84,8382.395,2018.298,10329.6,8841.801,1974.46,10776.91
8497.596,1955.555,10819.74,8437.177,2033.775,10134.56,8795.048,1982.074,10470.99,8382.562,2018.298,10329.73,8841.979,1974.46,10777.02
8497.776,1955.555,10819.85,8437.332,2033.775,10134.7,8795.196,1982.074,10471.14,8382.729,2018.298,10329.85,8842.152,1974.46,10777.13
8497.96,1955.555,10819.95,8437.491,2033.775,10134.84,8795.348,1982.074,10471.28,8382.896,2018.298,10329.98,8842.34,1974.46,10777.22
8498.14,1955.555,10820.05,8437.659,2033.775,10134.96,8795.479,1982.074,10471.44,8383.063,2018.298,10330.1,8842.523,1974.46,10777.32
8498.323,1955.555,10820.15,8437.823,2033.775,10135.09,8795.613,1982.074,10471.6,8383.229,2018.298,10330.23,8842.713,1974.46,10777.41
8498.51,1955.555,10820.24,8437.989,2033.775,10135.21,8795.753,1982.074,10471.76,8383.396,2018.298,10330.35,8842.901,1974.46,10777.5
8498.701,1955.555,10820.32,8438.152,2033.775,10135.34,8795.894,1982.074,10471.91,8383.563,2018.298,10330.48,8843.087,1974.46,10777.59
8498.892,1955.555,10820.41,8438.311,2033.775,10135.48,8796.039,1982.074,10472.06,8383.73,2018.298,10330.6,8843.269,1974.46,10777.7
8499.08,1955.555,10820.5,8438.476,2033.775,10135.61,8796.18,1982.074,10472.21,8383.897,2018.298,10330.73,8843.447,1974.46,10777.8
8499.279,1955.555,10820.56,8438.637,2033.775,10135.74,8796.323,1982.074,10472.36,8384.064,2018.298,10330.85,8843.633,1974.46,10777.9
8499.476,1955.555,10820.63,8438.794,2033.775,10135.88,8796.472,1982.074,10472.51,8384.231,2018.298,10330.98,8843.814,1974.46,10778
8499.67,1955.555,10820.71,8438.956,2033.775,10136,8796.623,1982.074,10472.65,8384.398,2018.298,10331.1,8843.993,1974.46,10778.11
8499.861,1955.555,10820.79,8439.114,2033.775,10136.14,8796.779,1982.074,10472.79,8384.565,2018.298,10331.23,8844.168,1974.46,10778.22
8500.057,1955.555,10820.86,8439.268,2033.775,10136.28,8796.919,1982.074,10472.95,8384.732,2018.298,10331.35,8844.353,1974.46,10778.32
8500.252,1955.555,10820.93,8439.426,2033.775,10136.42,8797.063,1982.074,10473.1,8384.899,2018.298,10331.48,8844.534,1974.46,10778.42
8500.445,1955.555,10821.01,8439.579,2033.775,10136.56,8797.213,1982.074,10473.24,8385.066,2018.298,10331.6,8844.712,1974.46,10778.53
8500.636,1955.555,10821.09,8439.737,2033.775,10136.69,8797.362,1982.074,10473.39,8385.233,2018.298,10331.73,8844.886,1974.46,10778.64
8500.823,1955.555,10821.18,8439.891,2033.775,10136.83,8797.494,1982.074,10473.55,8385.4,2018.298,10331.85,8845.076,1974.46,10778.73
8501.008,1955.555,10821.28,8440.049,2033.775,10136.97,8797.631,1982.074,10473.71,8385.567,2018.298,10331.98,8845.264,1974.46,10778.82
8501.185,1955.555,10821.39,8440.202,2033.775,10137.11,8797.773,1982.074,10473.86,8385.734,2018.298,10332.1,8845.448,1974.46,10778.91
8501.365,1955.555,10821.49,8440.36,2033.775,10137.25,8797.921,1982.074,10474,8385.901,2018.298,10332.23,8845.63,1974.46,10779.02
8501.549,1955.555,10821.59,8440.533,2033.775,10137.36,8798.072,1982.074,10474.15,8386.054,2018.298,10332.37,8845.818,1974.46,10779.11
8501.736,1955.555,10821.68,8440.703,2033.775,10137.48,8798.211,1982.074,10474.3,8386.196,2018.298,10332.52,8846.004,1974.46,10779.2
8501.929,1955.555,10821.76,8440.868,2033.775,10137.61,8798.354,1982.074,10474.45,8386.344,2018.298,10332.67,8846.186,1974.46,10779.3
8502.119,1955.555,10821.85,8441.04,2033.775,10137.73,8798.5,1982.074,10474.6,8386.496,2018.298,10332.81,8846.364,1974.46,10779.41
8502.308,1955.555,10821.94,8441.208,2033.775,10137.85,8798.65,1982.074,10474.75,8386.653,2018.298,10332.95,8846.539,1974.46,10779.52
8502.492,1955.555,10822.03,8441.379,2033.775,10137.97,8798.805,1982.074,10474.89,8386.807,2018.298,10333.09,8846.724,1974.46,10779.62
8502.661,1955.555,10822.15,8441.546,2033.775,10138.09,8798.964,1982.074,10475.02,8386.957,2018.298,10333.23,8846.905,1974.46,10779.72
8502.834,1955.555,10822.27,8441.724,2033.775,10138.2,8799.125,1982.074,10475.16,8387.112,2018.298,10333.37,8847.083,1974.46,10779.83
8503.011,1955.555,10822.38,8441.897,2033.775,10138.32,8799.281,1982.074,10475.29,8387.271,2018.298,10333.51,8847.257,1974.46,10779.95
8503.19,1955.555,10822.49,8442.071,2033.775,10138.43,8799.442,1982.074,10475.43,8387.416,2018.298,10333.66,8847.427,1974.46,10780.07
8503.374,1955.555,10822.58,8442.242,2033.775,10138.55,8799.599,1982.074,10475.56,8387.565,2018.298,10333.8,8847.595,1974.46,10780.19
8503.561,1955.555,10822.68,8442.408,2033.775,10138.68,8799.752,1982.074,10475.7,8387.719,2018.298,10333.94,8847.765,1974.46,10780.31
8503.744,1955.555,10822.78,8442.57,2033.775,10138.81,8799.885,1982.074,10475.87,8387.877,2018.298,10334.08,8847.938,1974.46,10780.43
8503.931,1955.555,10822.87,8442.748,2033.775,10138.92,8800.022,1982.074,10476.02,8388.03,2018.298,10334.22,8848.117,1974.46,10780.53
8504.203,1955.555,10822.96,8442.987,2033.775,10139.08,8800.22,1982.074,10476.23,8388.248,2018.298,10334.41,8848.358,1974.46,10780.69
8504.429,1955.555,10823.04,8443.184,2033.775,10139.22,8800.377,1982.074,10476.41,8388.436,2018.298,10334.56,8848.556,1974.46,10780.83
8504.717,1955.555,10823.16,8443.443,2033.775,10139.39,8800.572,1982.074,10476.65,8388.685,2018.298,10334.74,8848.816,1974.46,10781
8505.097,1955.555,10823.33,8443.797,2033.775,10139.61,8800.845,1982.074,10476.97,8388.993,2018.298,10335.02,8849.177,1974.46,10781.21
8505.663,1955.555,10823.61,8444.319,2033.775,10139.96,8801.272,1982.074,10477.43,8389.475,2018.298,10335.43,8849.711,1974.46,10781.54
8505.984,1955.555,10823.78,8444.623,2033.775,10140.16,8801.527,1982.074,10477.69,8389.76,2018.298,10335.66,8850.012,1974.46,10781.74
8506.577,1955.555,10824.07,8445.171,2033.775,10140.53,8801.952,1982.074,10478.2,8390.28,2018.298,10336.06,8850.557,1974.46,10782.12
8506.885,1955.555,10824.23,8445.453,2033.775,10140.73,8802.185,1982.074,10478.46,8390.522,2018.298,10336.31,8850.85,1974.46,10782.3
8507.396,1955.555,10824.48,8445.903,2033.775,10141.08,8802.563,1982.074,10478.88,8390.932,2018.298,10336.71,8851.336,1974.46,10782.6
8507.934,1955.555,10824.65,8446.348,2033.775,10141.42,8802.952,1982.074,10479.29,8391.326,2018.298,10337.11,8851.824,1974.46,10782.88
8508.399,1955.555,10824.81,8446.739,2033.775,10141.72,8803.304,1982.074,10479.63,8391.683,2018.298,10337.45,8852.243,1974.46,10783.14
8509.078,1955.555,10825.07,8447.302,2033.775,10142.18,8803.768,1982.074,10480.19,8392.225,2018.298,10337.93,8852.896,1974.46,10783.46
8509.356,1955.555,10825.18,8447.529,2033.775,10142.38,8803.968,1982.074,10480.42,8392.435,2018.298,10338.15,8853.163,1974.46,10783.6
8509.689,1955.555,10825.33,8447.797,2033.775,10142.63,8804.22,1982.074,10480.68,8392.689,2018.298,10338.41,8853.49,1974.46,10783.76
8510.631,1955.555,10825.8,8448.589,2033.775,10143.32,8804.968,1982.074,10481.42,8393.446,2018.298,10339.14,8854.415,1974.46,10784.26
8511.292,1955.555,10826.16,8449.138,2033.775,10143.83,8805.455,1982.074,10481.99,8394.003,2018.298,10339.64,8855.078,1974.46,10784.61
8512.045,1955.555,10826.53,8449.678,2033.775,10144.48,8806.021,1982.074,10482.61,8394.645,2018.298,10340.19,8855.827,1974.46,10785
8512.657,1955.555,10826.83,8450.118,2033.775,10145,8806.498,1982.074,10483.1,8395.181,2018.298,10340.61,8856.425,1974.46,10785.33
8513.201,1955.555,10827.13,8450.531,2033.775,10145.46,8806.932,1982.074,10483.54,8395.677,2018.298,10340.98,8856.955,1974.46,10785.64
8513.578,1955.555,10827.36,8450.839,2033.775,10145.78,8807.254,1982.074,10483.84,8396.025,2018.298,10341.25,8857.356,1974.46,10785.83
8514.163,1955.555,10827.74,8451.338,2033.775,10146.26,8807.767,1982.074,10484.32,8396.586,2018.298,10341.67,8857.978,1974.46,10786.15
8514.753,1955.555,10828.12,8451.854,2033.775,10146.73,8808.228,1982.074,10484.84,8397.161,2018.298,10342.06,8858.59,1974.46,10786.48
8515.189,1955.555,10828.37,8452.232,2033.775,10147.07,8808.574,1982.074,10485.21,8397.568,2018.298,10342.36,8859.048,1974.46,10786.7
8515.764,1955.555,10828.69,8452.693,2033.775,10147.54,8809.036,1982.074,10485.67,8398.082,2018.298,10342.77,8859.629,1974.46,10787
8516.097,1955.555,10828.93,8452.995,2033.775,10147.82,8809.317,1982.074,10485.98,8398.375,2018.298,10343.06,8859.991,1974.46,10787.21
8516.633,1955.555,10829.31,8453.416,2033.775,10148.32,8809.774,1982.074,10486.44,8398.85,2018.298,10343.51,8860.573,1974.46,10787.5
8517.141,1955.555,10829.65,8453.827,2033.775,10148.77,8810.216,1982.074,10486.87,8399.298,2018.298,10343.93,8861.11,1974.46,10787.79
8517.56,1955.555,10829.93,8454.177,2033.775,10149.13,8810.59,1982.074,10487.21,8399.677,2018.298,10344.26,8861.544,1974.46,10788.05
8517.943,1955.555,10830.16,8454.501,2033.775,10149.45,8810.936,1982.074,10487.5,8400.026,2018.298,10344.55,8861.926,1974.46,10788.29
8518.227,1955.555,10830.33,8454.743,2033.775,10149.67,8811.178,1982.074,10487.71,8400.279,2018.298,10344.75,8862.198,1974.46,10788.47
8518.722,1955.555,10830.66,8455.146,2033.775,10150.11,8811.636,1982.074,10488.1,8400.756,2018.298,10345.11,8862.708,1974.46,10788.79
8518.99,1955.555,10830.83,8455.35,2033.775,10150.35,8811.883,1982.074,10488.3,8401.015,2018.298,10345.3,8862.974,1974.46,10788.96
8519.596,1955.555,10831.2,8455.816,2033.775,10150.88,8812.474,1982.074,10488.69,8401.576,2018.298,10345.73,8863.549,1974.46,10789.37
8519.777,1955.555,10831.3,8455.959,2033.775,10151.03,8812.645,1982.074,10488.8,8401.73,2018.298,10345.87,8863.72,1974.46,10789.49
8520.183,1955.555,10831.5,8456.252,2033.775,10151.38,8813.009,1982.074,10489.08,8402.078,2018.298,10346.16,8864.075,1974.46,10789.77
8520.551,1955.555,10831.71,8456.534,2033.775,10151.7,8813.338,1982.074,10489.34,8402.378,2018.298,10346.46,8864.413,1974.46,10790.03
8520.883,1955.555,10831.88,8456.793,2033.775,10151.97,8813.622,1982.074,10489.58,8402.651,2018.298,10346.71,8864.695,1974.46,10790.27
8521.212,1955.555,10832.04,8457.056,2033.775,10152.22,8813.893,1982.074,10489.83,8402.907,2018.298,10346.97,8864.969,1974.46,10790.52
8521.551,1955.555,10832.17,8457.322,2033.775,10152.47,8814.166,1982.074,10490.07,8403.168,2018.298,10347.22,8865.245,1974.46,10790.75
8521.867,1955.555,10832.29,8457.549,2033.775,10152.72,8814.418,1982.074,10490.3,8403.422,2018.298,10347.45,8865.514,1974.46,10790.96
8522.173,1955.555,10832.43,8457.774,2033.775,10152.97,8814.659,1982.074,10490.53,8403.677,2018.298,10347.67,8865.778,1974.46,10791.16
8522.382,1955.555,10832.53,8457.937,2033.775,10153.13,8814.82,1982.074,10490.7,8403.859,2018.298,10347.81,8865.967,1974.46,10791.3
8522.718,1955.555,10832.7,8458.202,2033.775,10153.4,8815.08,1982.074,10490.97,8404.161,2018.298,10348.03,8866.253,1974.46,10791.54
8523.047,1955.555,10832.82,8458.46,2033.775,10153.64,8815.332,1982.074,10491.21,8404.438,2018.298,10348.25,8866.529,1974.46,10791.76
8523.396,1955.555,10832.96,8458.703,2033.775,10153.93,8815.594,1982.074,10491.48,8404.741,2018.298,10348.47,8866.826,1974.46,10791.99
8523.792,1955.555,10833.14,8458.978,2033.775,10154.26,8815.905,1982.074,10491.79,8405.084,2018.298,10348.74,8867.178,1974.46,10792.25
8524.231,1955.555,10833.36,8459.299,2033.775,10154.63,8816.256,1982.074,10492.13,8405.479,2018.298,10349.03,8867.583,1974.46,10792.52
8524.704,1955.555,10833.61,8459.644,2033.775,10155.04,8816.651,1982.074,10492.49,8405.9,2018.298,10349.36,8868.026,1974.46,10792.82
8525.066,1955.555,10833.79,8459.913,2033.775,10155.35,8816.958,1982.074,10492.75,8406.201,2018.298,10349.63,8868.346,1974.46,10793.07
8525.843,1955.555,10834.21,8460.521,2033.775,10155.98,8817.607,1982.074,10493.35,8406.875,2018.298,10350.2,8869.061,1974.46,10793.58
8526.441,1955.555,10834.61,8461.038,2033.775,10156.49,8818.156,1982.074,10493.82,8407.426,2018.298,10350.67,8869.612,1974.46,10794.05
8527.088,1955.555,10835.03,8461.594,2033.775,10157.02,8818.729,1982.074,10494.33,8407.96,2018.298,10351.22,8870.199,1974.46,10794.55
8527.771,1955.555,10835.49,8462.204,2033.775,10157.57,8819.358,1982.074,10494.86,8408.549,2018.298,10351.8,8870.833,1974.46,10795.07
8528.507,1955.555,10835.94,8462.865,2033.775,10158.13,8820.001,1982.074,10495.44,8409.188,2018.298,10352.38,8871.518,1974.46,10795.6
8529.283,1955.555,10836.41,8463.537,2033.775,10158.74,8820.633,1982.074,10496.09,8409.837,2018.298,10353.01,8872.239,1974.46,10796.15
8530.116,1955.555,10836.87,8464.265,2033.775,10159.35,8821.32,1982.074,10496.74,8410.504,2018.298,10353.69,8873.003,1974.46,10796.72
8530.963,1955.555,10837.41,8465.07,2033.775,10159.95,8822.069,1982.074,10497.42,8411.218,2018.298,10354.4,8873.765,1974.46,10797.37
8531.86,1955.555,10837.95,8465.925,2033.775,10160.55,8822.814,1982.074,10498.15,8411.982,2018.298,10355.11,8874.577,1974.46,10798.03
8532.777,1955.555,10838.52,8466.789,2033.775,10161.2,8823.534,1982.074,10498.96,8412.798,2018.298,10355.82,8875.373,1974.46,10798.76
8533.744,1955.555,10839.08,8467.67,2033.775,10161.89,8824.306,1982.074,10499.77,8413.664,2018.298,10356.53,8876.22,1974.46,10799.49
8534.751,1955.555,10839.65,8468.641,2033.775,10162.52,8825.131,1982.074,10500.58,8414.544,2018.298,10357.28,8877.121,1974.46,10800.22
8535.777,1955.555,10840.25,8469.616,2033.775,10163.2,8826.006,1982.074,10501.38,8415.474,2018.298,10358.02,8878.036,1974.46,10800.98
8536.491,1955.555,10840.64,8470.287,2033.775,10163.66,8826.621,1982.074,10501.91,8416.107,2018.298,10358.53,8878.655,1974.46,10801.51
8538.289,1955.555,10841.91,8472.063,2033.775,10164.96,8828.355,1982.074,10503.27,8417.869,2018.298,10359.85,8880.378,1974.46,10802.88
8538.839,1955.555,10842.27,8472.616,2033.775,10165.32,8828.905,1982.074,10503.63,8418.384,2018.298,10360.26,8880.906,1974.46,10803.27
8539.897,1955.555,10842.92,8473.637,2033.775,10166.02,8829.92,1982.074,10504.34,8419.35,2018.298,10361.04,8881.915,1974.46,10803.99
8541.044,1955.555,10843.57,8474.723,2033.775,10166.77,8830.983,1982.074,10505.12,8420.401,2018.298,10361.83,8883.012,1974.46,10804.72
8542.313,1955.555,10844.23,8475.876,2033.775,10167.62,8832.111,1982.074,10506,8421.457,2018.298,10362.8,8884.096,1974.46,10805.66
8543.53,1955.555,10844.89,8476.961,2033.775,10168.48,8833.171,1982.074,10506.89,8422.506,2018.298,10363.7,8885.17,1974.46,10806.53
8544.491,1955.555,10845.56,8477.868,2033.775,10169.22,8834.163,1982.074,10507.52,8423.325,2018.298,10364.54,8886.105,1974.46,10807.24
8546.121,1955.555,10846.63,8479.338,2033.775,10170.5,8835.788,1982.074,10508.59,8424.73,2018.298,10365.89,8887.696,1974.46,10808.36
8547.131,1955.555,10847.31,8480.362,2033.775,10171.16,8836.78,1982.074,10509.3,8425.636,2018.298,10366.71,8888.7,1974.46,10809.05
8548.684,1955.555,10848.28,8481.871,2033.775,10172.19,8838.238,1982.074,10510.41,8427.036,2018.298,10367.88,8890.23,1974.46,10810.05
8549.726,1955.555,10848.97,8482.89,2033.775,10172.93,8839.212,1982.074,10511.2,8428.021,2018.298,10368.66,8891.375,1974.46,10810.57
8551.334,1955.555,10849.98,8484.483,2033.775,10173.95,8840.732,1982.074,10512.33,8429.405,2018.298,10369.96,8893.079,1974.46,10811.4
8552.459,1955.555,10850.63,8485.553,2033.775,10174.69,8841.749,1982.074,10513.14,8430.359,2018.298,10370.84,8894.229,1974.46,10812
8553.696,1955.555,10851.33,8486.697,2033.775,10175.54,8842.944,1982.074,10513.92,8431.423,2018.298,10371.79,8895.466,1974.46,10812.71
8555.728,1955.555,10852.41,8488.628,2033.775,10176.79,8844.83,1982.074,10515.23,8433.187,2018.298,10373.26,8897.489,1974.46,10813.8
8556.661,1955.555,10853.02,8489.546,2033.775,10177.42,8845.725,1982.074,10515.89,8433.957,2018.298,10374.07,8898.483,1974.46,10814.31
8558.597,1955.555,10854.2,8491.468,2033.775,10178.62,8847.646,1982.074,10517.1,8435.573,2018.298,10375.66,8900.56,1974.46,10815.22
8559.522,1955.555,10854.86,8492.416,2033.775,10179.26,8848.593,1982.074,10517.73,8436.413,2018.298,10376.43,8901.59,1974.46,10815.71
8560.841,1955.555,10855.75,8493.705,2033.775,10180.19,8849.882,1982.074,10518.66,8437.617,2018.298,10377.47,8903.011,1974.46,10816.42
8561.997,1955.555,10856.53,8494.812,2033.775,10181.04,8851.013,1982.074,10519.48,8438.705,2018.298,10378.34,8904.278,1974.46,10817.01
8562.685,1955.555,10856.97,8495.438,2033.775,10181.56,8851.694,1982.074,10519.93,8439.345,2018.298,10378.85,8905.005,1974.46,10817.37
8563.976,1955.555,10857.72,8496.654,2033.775,10182.43,8852.922,1982.074,10520.79,8440.553,2018.298,10379.73,8906.319,1974.46,10818.09
8564.598,1955.555,10858.13,8497.245,2033.775,10182.89,8853.519,1982.074,10521.23,8441.14,2018.298,10380.19,8906.962,1974.46,10818.47
8565.618,1955.555,10858.76,8498.169,2033.775,10183.65,8854.453,1982.074,10521.98,8442.056,2018.298,10380.96,8907.974,1974.46,10819.11
8566.649,1955.555,10859.35,8499.066,2033.775,10184.42,8855.382,1982.074,10522.72,8442.913,2018.298,10381.78,8909.023,1974.46,10819.66
8567.313,1955.555,10859.69,8499.647,2033.775,10184.9,8856.007,1982.074,10523.13,8443.472,2018.298,10382.28,8909.675,1974.46,10820.03
8568.367,1955.555,10860.23,8500.54,2033.775,10185.67,8856.973,1982.074,10523.81,8444.3,2018.298,10383.13,8910.685,1974.46,10820.65
8569.148,1955.555,10860.72,8501.3,2033.775,10186.19,8857.706,1982.074,10524.37,8444.965,2018.298,10383.76,8911.454,1974.46,10821.15
8569.795,1955.555,10861.09,8501.902,2033.775,10186.64,8858.286,1982.074,10524.84,8445.521,2018.298,10384.26,8912.078,1974.46,10821.57
8570.585,1955.555,10861.52,8502.607,2033.775,10187.19,8858.997,1982.074,10525.39,8446.208,2018.298,10384.84,8912.787,1974.46,10822.12
8571.947,1955.555,10862.19,8503.771,2033.775,10188.17,8860.245,1982.074,10526.26,8447.356,2018.298,10385.84,8913.978,1974.46,10823.06
8572.293,1955.555,10862.41,8504.077,2033.775,10188.44,8860.588,1982.074,10526.48,8447.66,2018.298,10386.11,8914.308,1974.46,10823.31
8572.631,1955.555,10862.64,8504.342,2033.775,10188.75,8860.919,1982.074,10526.72,8447.97,2018.298,10386.38,8914.635,1974.46,10823.55
8573.686,1955.555,10863.3,8505.181,2033.775,10189.67,8861.913,1982.074,10527.47,8448.829,2018.298,10387.28,8915.658,1974.46,10824.25
8574.165,1955.555,10863.57,8505.567,2033.775,10190.07,8862.386,1982.074,10527.76,8449.226,2018.298,10387.67,8916.122,1974.46,10824.56
8574.895,1955.555,10863.98,8506.117,2033.775,10190.7,8863.085,1982.074,10528.22,8449.813,2018.298,10388.26,8916.861,1974.46,10824.95
8575.741,1955.555,10864.56,8506.814,2033.775,10191.45,8863.921,1982.074,10528.81,8450.531,2018.298,10388.99,8917.792,1974.46,10825.38
8576.292,1955.555,10864.91,8507.273,2033.775,10191.91,8864.44,1982.074,10529.2,8450.991,2018.298,10389.45,8918.376,1974.46,10825.67
8576.569,1955.555,10865.09,8507.516,2033.775,10192.14,8864.703,1982.074,10529.41,8451.233,2018.298,10389.68,8918.669,1974.46,10825.83
8576.896,1955.555,10865.29,8507.804,2033.775,10192.4,8865.023,1982.074,10529.62,8451.521,2018.298,10389.94,8919.009,1974.46,10826
8577.071,1955.555,10865.4,8507.96,2033.775,10192.53,8865.193,1982.074,10529.74,8451.681,2018.298,10390.07,8919.19,1974.46,10826.11
8577.25,1955.555,10865.51,8508.116,2033.775,10192.67,8865.359,1982.074,10529.87,8451.843,2018.298,10390.2,8919.368,1974.46,10826.22
8577.432,1955.555,10865.61,8508.272,2033.775,10192.81,8865.534,1982.074,10529.98,8452.009,2018.298,10390.33,8919.542,1974.46,10826.33
8577.602,1955.555,10865.73,8508.429,2033.775,10192.95,8865.705,1982.074,10530.1,8452.179,2018.298,10390.45,8919.716,1974.46,10826.44
8577.773,1955.555,10865.85,8508.585,2033.775,10193.08,8865.872,1982.074,10530.22,8452.345,2018.298,10390.57,8919.89,1974.46,10826.56
8577.949,1955.555,10865.96,8508.741,2033.775,10193.22,8866.048,1982.074,10530.33,8452.49,2018.298,10390.72,8920.063,1974.46,10826.67
8578.297,1955.555,10866.16,8509.049,2033.775,10193.48,8866.382,1982.074,10530.56,8452.781,2018.298,10391,8920.401,1974.46,10826.89
8578.507,1955.555,10866.28,8509.252,2033.775,10193.61,8866.58,1982.074,10530.7,8452.959,2018.298,10391.16,8920.605,1974.46,10827.02
8578.846,1955.555,10866.45,8509.574,2033.775,10193.81,8866.888,1982.074,10530.92,8453.25,2018.298,10391.41,8920.953,1974.46,10827.17
8579.229,1955.555,10866.63,8509.924,2033.775,10194.05,8867.241,1982.074,10531.15,8453.545,2018.298,10391.71,8921.334,1974.46,10827.36
8579.466,1955.555,10866.75,8510.14,2033.775,10194.21,8867.459,1982.074,10531.31,8453.737,2018.298,10391.89,8921.57,1974.46,10827.48
8579.937,1955.555,10867.05,8510.581,2033.775,10194.55,8867.905,1982.074,10531.64,8454.153,2018.298,10392.27,8922.056,1974.46,10827.76
8580.268,1955.555,10867.26,8510.885,2033.775,10194.8,8868.213,1982.074,10531.89,8454.455,2018.298,10392.52,8922.414,1974.46,10827.92
8580.6,1955.555,10867.46,8511.176,2033.775,10195.05,8868.535,1982.074,10532.1,8454.732,2018.298,10392.79,8922.761,1974.46,10828.09
8580.919,1955.555,10867.64,8511.448,2033.775,10195.3,8868.835,1982.074,10532.31,8455.003,2018.298,10393.04,8923.083,1974.46,10828.27
8581.142,1955.555,10867.75,8511.618,2033.775,10195.48,8869.035,1982.074,10532.46,8455.193,2018.298,10393.2,8923.299,1974.46,10828.39
8581.589,1955.555,10867.96,8511.965,2033.775,10195.83,8869.422,1982.074,10532.77,8455.56,2018.298,10393.53,8923.736,1974.46,10828.63
8581.813,1955.555,10868.05,8512.14,2033.775,10196,8869.605,1982.074,10532.93,8455.735,2018.298,10393.7,8923.951,1974.46,10828.74
8582.166,1955.555,10868.21,8512.419,2033.775,10196.27,8869.892,1982.074,10533.19,8456.021,2018.298,10393.96,8924.29,1974.46,10828.92
8582.402,1955.555,10868.32,8512.614,2033.775,10196.45,8870.092,1982.074,10533.36,8456.215,2018.298,10394.14,8924.516,1974.46,10829.06
8582.707,1955.555,10868.52,8512.884,2033.775,10196.69,8870.358,1982.074,10533.61,8456.488,2018.298,10394.38,8924.819,1974.46,10829.25
8582.933,1955.555,10868.65,8513.085,2033.775,10196.86,8870.527,1982.074,10533.81,8456.691,2018.298,10394.54,8925.046,1974.46,10829.39
8583.309,1955.555,10868.85,8513.418,2033.775,10197.13,8870.814,1982.074,10534.12,8457.012,2018.298,10394.83,8925.439,1974.46,10829.55
8583.494,1955.555,10868.95,8513.575,2033.775,10197.26,8870.959,1982.074,10534.27,8457.172,2018.298,10394.96,8925.628,1974.46,10829.64
8583.843,1955.555,10869.16,8513.911,2033.775,10197.5,8871.253,1982.074,10534.56,8457.457,2018.298,10395.25,8925.993,1974.46,10829.83
8584.021,1955.555,10869.27,8514.082,2033.775,10197.62,8871.402,1982.074,10534.71,8457.602,2018.298,10395.4,8926.179,1974.46,10829.92
8584.241,1955.555,10869.41,8514.294,2033.775,10197.77,8871.588,1982.074,10534.89,8457.782,2018.298,10395.59,8926.41,1974.46,10830.04
8584.453,1955.555,10869.54,8514.498,2033.775,10197.91,8871.767,1982.074,10535.06,8457.956,2018.298,10395.77,8926.632,1974.46,10830.16
8584.63,1955.555,10869.65,8514.669,2033.775,10198.03,8871.916,1982.074,10535.21,8458.101,2018.298,10395.92,8926.817,1974.46,10830.25
8584.918,1955.555,10869.83,8514.946,2033.775,10198.23,8872.159,1982.074,10535.44,8458.337,2018.298,10396.16,8927.119,1974.46,10830.41
8585.095,1955.555,10869.94,8515.117,2033.775,10198.35,8872.309,1982.074,10535.59,8458.481,2018.298,10396.31,8927.305,1974.46,10830.5
8585.35,1955.555,10870.09,8515.362,2033.775,10198.52,8872.522,1982.074,10535.8,8458.689,2018.298,10396.53,8927.571,1974.46,10830.64
8585.526,1955.555,10870.2,8515.533,2033.775,10198.64,8872.672,1982.074,10535.94,8458.834,2018.298,10396.68,8927.757,1974.46,10830.73
8585.771,1955.555,10870.35,8515.769,2033.775,10198.8,8872.878,1982.074,10536.14,8459.034,2018.298,10396.88,8928.014,1974.46,10830.86
8585.948,1955.555,10870.46,8515.939,2033.775,10198.92,8873.027,1982.074,10536.29,8459.179,2018.298,10397.03,8928.199,1974.46,10830.96
8586.125,1955.555,10870.57,8516.11,2033.775,10199.04,8873.177,1982.074,10536.44,8459.323,2018.298,10397.18,8928.385,1974.46,10831.05
8586.302,1955.555,10870.68,8516.281,2033.775,10199.17,8873.326,1982.074,10536.58,8459.468,2018.298,10397.33,8928.57,1974.46,10831.15
8586.479,1955.555,10870.79,8516.452,2033.775,10199.29,8873.476,1982.074,10536.73,8459.612,2018.298,10397.48,8928.756,1974.46,10831.24
8586.655,1955.555,10870.9,8516.623,2033.775,10199.41,8873.625,1982.074,10536.87,8459.757,2018.298,10397.63,8928.941,1974.46,10831.33
8586.832,1955.555,10871.01,8516.794,2033.775,10199.53,8873.774,1982.074,10537.02,8459.901,2018.298,10397.78,8929.127,1974.46,10831.43
8587.009,1955.555,10871.12,8516.965,2033.775,10199.65,8873.924,1982.074,10537.16,8460.046,2018.298,10397.93,8929.313,1974.46,10831.52
8587.186,1955.555,10871.23,8517.136,2033.775,10199.77,8874.073,1982.074,10537.31,8460.19,2018.298,10398.08,8929.498,1974.46,10831.62
8587.374,1955.555,10871.34,8517.317,2033.775,10199.89,8874.232,1982.074,10537.46,8460.345,2018.298,10398.24,8929.695,1974.46,10831.72
8587.551,1955.555,10871.45,8517.488,2033.775,10200.01,8874.382,1982.074,10537.61,8460.489,2018.298,10398.39,8929.881,1974.46,10831.81
8587.728,1955.555,10871.56,8517.659,2033.775,10200.13,8874.531,1982.074,10537.75,8460.634,2018.298,10398.54,8930.066,1974.46,10831.91
8587.904,1955.555,10871.67,8517.83,2033.775,10200.25,8874.681,1982.074,10537.9,8460.778,2018.298,10398.69,8930.252,1974.46,10832
8588.081,1955.555,10871.78,8518.001,2033.775,10200.37,8874.83,1982.074,10538.05,8460.923,2018.298,10398.83,8930.438,1974.46,10832.1
8588.258,1955.555,10871.89,8518.172,2033.775,10200.49,8874.979,1982.074,10538.19,8461.067,2018.298,10398.98,8930.623,1974.46,10832.19
8588.435,1955.555,10872,8518.343,2033.775,10200.61,8875.129,1982.074,10538.34,8461.212,2018.298,10399.13,8930.809,1974.46,10832.29
8588.611,1955.555,10872.11,8518.514,2033.775,10200.73,8875.278,1982.074,10538.48,8461.356,2018.298,10399.28,8930.994,1974.46,10832.38
8588.788,1955.555,10872.22,8518.685,2033.775,10200.85,8875.428,1982.074,10538.63,8461.501,2018.298,10399.43,8931.18,1974.46,10832.48
8588.965,1955.555,10872.33,8518.855,2033.775,10200.97,8875.577,1982.074,10538.77,8461.646,2018.298,10399.58,8931.365,1974.46,10832.57
8589.142,1955.555,10872.44,8519.026,2033.775,10201.09,8875.727,1982.074,10538.92,8461.79,2018.298,10399.73,8931.551,1974.46,10832.67
8589.318,1955.555,10872.55,8519.197,2033.775,10201.21,8875.876,1982.074,10539.06,8461.935,2018.298,10399.88,8931.736,1974.46,10832.76
8589.495,1955.555,10872.66,8519.368,2033.775,10201.33,8876.025,1982.074,10539.21,8462.079,2018.298,10400.03,8931.922,1974.46,10832.86
8589.672,1955.555,10872.76,8519.539,2033.775,10201.46,8876.175,1982.074,10539.36,8462.224,2018.298,10400.18,8932.107,1974.46,10832.95
8589.849,1955.555,10872.87,8519.71,2033.775,10201.58,8876.324,1982.074,10539.5,8462.368,2018.298,10400.33,8932.293,1974.46,10833.05
8590.025,1955.555,10872.98,8519.881,2033.775,10201.7,8876.474,1982.074,10539.65,8462.513,2018.298,10400.48,8932.479,1974.46,10833.14
8590.202,1955.555,10873.09,8520.052,2033.775,10201.82,8876.623,1982.074,10539.79,8462.657,2018.298,10400.63,8932.664,1974.46,10833.24
8590.379,1955.555,10873.2,8520.223,2033.775,10201.94,8876.772,1982.074,10539.94,8462.802,2018.298,10400.78,8932.85,1974.46,10833.33
8590.556,1955.555,10873.31,8520.394,2033.775,10202.06,8876.922,1982.074,10540.08,8462.946,2018.298,10400.93,8933.035,1974.46,10833.42
8590.732,1955.555,10873.42,8520.564,2033.775,10202.18,8877.071,1982.074,10540.23,8463.091,2018.298,10401.08,8933.221,1974.46,10833.52
8590.909,1955.555,10873.53,8520.735,2033.775,10202.3,8877.221,1982.074,10540.37,8463.235,2018.298,10401.23,8933.406,1974.46,10833.61
8591.086,1955.555,10873.64,8520.906,2033.775,10202.42,8877.37,1982.074,10540.52,8463.38,2018.298,10401.38,8933.592,1974.46,10833.71
8591.263,1955.555,10873.75,8521.077,2033.775,10202.54,8877.52,1982.074,10540.67,8463.524,2018.298,10401.52,8933.777,1974.46,10833.8
8591.439,1955.555,10873.86,8521.248,2033.775,10202.66,8877.669,1982.074,10540.81,8463.669,2018.298,10401.67,8933.963,1974.46,10833.9
8591.616,1955.555,10873.97,8521.419,2033.775,10202.78,8877.818,1982.074,10540.96,8463.813,2018.298,10401.82,8934.148,1974.46,10833.99
8591.793,1955.555,10874.08,8521.59,2033.775,10202.9,8877.968,1982.074,10541.1,8463.958,2018.298,10401.97,8934.334,1974.46,10834.09
8592.046,1955.555,10874.23,8521.833,2033.775,10203.07,8878.181,1982.074,10541.31,8464.165,2018.298,10402.19,8934.6,1974.46,10834.22
8592.301,1955.555,10874.39,8522.078,2033.775,10203.24,8878.396,1982.074,10541.52,8464.374,2018.298,10402.4,8934.866,1974.46,10834.36
8592.682,1955.555,10874.62,8522.444,2033.775,10203.5,8878.716,1982.074,10541.83,8464.686,2018.298,10402.72,8935.266,1974.46,10834.56
8593.019,1955.555,10874.83,8522.769,2033.775,10203.72,8878.999,1982.074,10542.11,8464.961,2018.298,10403.01,8935.618,1974.46,10834.74
8593.528,1955.555,10875.14,8523.259,2033.775,10204.07,8879.429,1982.074,10542.53,8465.378,2018.298,10403.44,8936.152,1974.46,10835.01
8594.023,1955.555,10875.45,8523.735,2033.775,10204.4,8879.846,1982.074,10542.93,8465.783,2018.298,10403.86,8936.671,1974.46,10835.28
8594.435,1955.555,10875.7,8524.131,2033.775,10204.68,8880.192,1982.074,10543.27,8466.12,2018.298,10404.2,8937.102,1974.46,10835.5
8595.14,1955.555,10876.13,8524.811,2033.775,10205.16,8880.787,1982.074,10543.85,8466.698,2018.298,10404.8,8937.842,1974.46,10835.88
8595.761,1955.555,10876.51,8525.409,2033.775,10205.58,8881.312,1982.074,10544.36,8467.207,2018.298,10405.33,8938.494,1974.46,10836.21
8596.376,1955.555,10876.89,8526.002,2033.775,10206,8881.83,1982.074,10544.87,8467.711,2018.298,10405.85,8939.14,1974.46,10836.54
8597.193,1955.555,10877.4,8526.79,2033.775,10206.55,8882.52,1982.074,10545.54,8468.381,2018.298,10406.54,8939.997,1974.46,10836.97
8597.388,1955.555,10877.52,8526.978,2033.775,10206.68,8882.684,1982.074,10545.7,8468.541,2018.298,10406.7,8940.201,1974.46,10837.08
8598.251,1955.555,10878.05,8527.81,2033.775,10207.27,8883.412,1982.074,10546.41,8469.249,2018.298,10407.43,8941.107,1974.46,10837.54
8598.663,1955.555,10878.28,8528.19,2033.775,10207.56,8883.765,1982.074,10546.73,8469.592,2018.298,10407.76,8941.525,1974.46,10837.77
8599.094,1955.555,10878.51,8528.592,2033.775,10207.83,8884.136,1982.074,10547.05,8469.954,2018.298,10408.09,8941.945,1974.46,10838.02
8599.732,1955.555,10878.85,8529.176,2033.775,10208.27,8884.739,1982.074,10547.46,8470.51,2018.298,10408.56,8942.56,1974.46,10838.41
8600.252,1955.555,10879.11,8529.631,2033.775,10208.63,8885.21,1982.074,10547.8,8470.967,2018.298,10408.92,8943.071,1974.46,10838.69
8600.604,1955.555,10879.28,8529.932,2033.775,10208.89,8885.52,1982.074,10548.04,8471.282,2018.298,10409.16,8943.409,1974.46,10838.89
8601.38,1955.555,10879.63,8530.578,2033.775,10209.45,8886.177,1982.074,10548.59,8471.951,2018.298,10409.69,8944.15,1974.46,10839.31
8601.68,1955.555,10879.76,8530.828,2033.775,10209.66,8886.431,1982.074,10548.8,8472.21,2018.298,10409.9,8944.437,1974.46,10839.48
8602.219,1955.555,10880,8531.277,2033.775,10210.05,8886.888,1982.074,10549.18,8472.675,2018.298,10410.27,8944.952,1974.46,10839.78
8602.932,1955.555,10880.32,8531.871,2033.775,10210.56,8887.491,1982.074,10549.68,8473.289,2018.298,10410.75,8945.633,1974.46,10840.17
8603.121,1955.555,10880.41,8532.028,2033.775,10210.7,8887.651,1982.074,10549.81,8473.452,2018.298,10410.88,8945.813,1974.46,10840.27
8603.595,1955.555,10880.62,8532.423,2033.775,10211.04,8888.053,1982.074,10550.15,8473.86,2018.298,10411.21,8946.266,1974.46,10840.53
8604.006,1955.555,10880.8,8532.766,2033.775,10211.34,8888.401,1982.074,10550.44,8474.216,2018.298,10411.49,8946.659,1974.46,10840.75
8604.275,1955.555,10880.92,8532.99,2033.775,10211.54,8888.63,1982.074,10550.63,8474.448,2018.298,10411.68,8946.917,1974.46,10840.9
8604.789,1955.555,10881.15,8533.418,2033.775,10211.91,8889.065,1982.074,10550.99,8474.892,2018.298,10412.03,8947.408,1974.46,10841.19
8605.048,1955.555,10881.27,8533.634,2033.775,10212.09,8889.285,1982.074,10551.17,8475.115,2018.298,10412.21,8947.656,1974.46,10841.33
8605.522,1955.555,10881.48,8534.03,2033.775,10212.44,8889.688,1982.074,10551.51,8475.525,2018.298,10412.53,8948.11,1974.46,10841.59
8605.766,1955.555,10881.59,8534.233,2033.775,10212.61,8889.895,1982.074,10551.68,8475.735,2018.298,10412.7,8948.343,1974.46,10841.72
8606.248,1955.555,10881.8,8534.636,2033.775,10212.96,8890.304,1982.074,10552.02,8476.152,2018.298,10413.03,8948.805,1974.46,10841.99
8606.487,1955.555,10881.91,8534.836,2033.775,10213.13,8890.507,1982.074,10552.19,8476.359,2018.298,10413.2,8949.034,1974.46,10842.12
8606.855,1955.555,10882.08,8535.144,2033.775,10213.4,8890.819,1982.074,10552.45,8476.678,2018.298,10413.45,8949.388,1974.46,10842.32
8607.163,1955.555,10882.21,8535.4,2033.775,10213.62,8891.081,1982.074,10552.67,8476.944,2018.298,10413.66,8949.683,1974.46,10842.49
8607.462,1955.555,10882.35,8535.65,2033.775,10213.84,8891.335,1982.074,10552.88,8477.203,2018.298,10413.87,8949.969,1974.46,10842.66
8607.661,1955.555,10882.44,8535.816,2033.775,10213.98,8891.504,1982.074,10553.02,8477.376,2018.298,10414.01,8950.16,1974.46,10842.77
8608.066,1955.555,10882.62,8536.154,2033.775,10214.28,8891.848,1982.074,10553.31,8477.727,2018.298,10414.29,8950.548,1974.46,10842.99
8608.26,1955.555,10882.7,8536.315,2033.775,10214.42,8892.012,1982.074,10553.44,8477.894,2018.298,10414.42,8950.733,1974.46,10843.1
8608.562,1955.555,10882.84,8536.568,2033.775,10214.63,8892.269,1982.074,10553.66,8478.155,2018.298,10414.63,8951.023,1974.46,10843.26
8608.838,1955.555,10882.96,8536.799,2033.775,10214.83,8892.503,1982.074,10553.85,8478.395,2018.298,10414.82,8951.288,1974.46,10843.41
8609.033,1955.555,10883.05,8536.962,2033.775,10214.98,8892.669,1982.074,10553.99,8478.563,2018.298,10414.95,8951.476,1974.46,10843.52
8609.311,1955.555,10883.17,8537.193,2033.775,10215.18,8892.904,1982.074,10554.19,8478.804,2018.298,10415.14,8951.741,1974.46,10843.67
8609.499,1955.555,10883.26,8537.351,2033.775,10215.31,8893.064,1982.074,10554.32,8478.967,2018.298,10415.27,8951.922,1974.46,10843.78
8609.826,1955.555,10883.4,8537.624,2033.775,10215.55,8893.343,1982.074,10554.55,8479.25,2018.298,10415.5,8952.236,1974.46,10843.96
8610.015,1955.555,10883.49,8537.781,2033.775,10215.69,8893.503,1982.074,10554.69,8479.413,2018.298,10415.63,8952.417,1974.46,10844.06
8610.298,1955.555,10883.61,8538.019,2033.775,10215.89,8893.744,1982.074,10554.89,8479.659,2018.298,10415.82,8952.689,1974.46,10844.22
8610.485,1955.555,10883.7,8538.176,2033.775,10216.03,8893.904,1982.074,10555.02,8479.822,2018.298,10415.95,8952.87,1974.46,10844.32
8610.76,1955.555,10883.82,8538.405,2033.775,10216.23,8894.138,1982.074,10555.21,8480.061,2018.298,10416.14,8953.134,1974.46,10844.47
8610.947,1955.555,10883.91,8538.563,2033.775,10216.37,8894.298,1982.074,10555.35,8480.224,2018.298,10416.27,8953.314,1974.46,10844.58
8611.205,1955.555,10884.02,8538.778,2033.775,10216.55,8894.518,1982.074,10555.53,8480.447,2018.298,10416.45,8953.562,1974.46,10844.72
8611.393,1955.555,10884.1,8538.936,2033.775,10216.69,8894.678,1982.074,10555.67,8480.61,2018.298,10416.58,8953.742,1974.46,10844.82
8611.632,1955.555,10884.21,8539.136,2033.775,10216.86,8894.882,1982.074,10555.83,8480.818,2018.298,10416.74,8953.973,1974.46,10844.95
8611.819,1955.555,10884.3,8539.293,2033.775,10217,8895.042,1982.074,10555.97,8480.981,2018.298,10416.87,8954.153,1974.46,10845.06
8612.007,1955.555,10884.38,8539.45,2033.775,10217.14,8895.202,1982.074,10556.1,8481.145,2018.298,10417,8954.334,1974.46,10845.16
8612.194,1955.555,10884.46,8539.607,2033.775,10217.27,8895.362,1982.074,10556.24,8481.308,2018.298,10417.13,8954.515,1974.46,10845.26
8612.382,1955.555,10884.55,8539.765,2033.775,10217.41,8895.522,1982.074,10556.37,8481.471,2018.298,10417.26,8954.695,1974.46,10845.37
8612.569,1955.555,10884.63,8539.922,2033.775,10217.55,8895.683,1982.074,10556.5,8481.634,2018.298,10417.39,8954.876,1974.46,10845.47
8612.757,1955.555,10884.72,8540.079,2033.775,10217.68,8895.843,1982.074,10556.64,8481.797,2018.298,10417.52,8955.057,1974.46,10845.58
8612.944,1955.555,10884.8,8540.236,2033.775,10217.82,8896.003,1982.074,10556.77,8481.96,2018.298,10417.65,8955.237,1974.46,10845.68
8613.132,1955.555,10884.88,8540.394,2033.775,10217.96,8896.163,1982.074,10556.91,8482.123,2018.298,10417.78,8955.418,1974.46,10845.78
8613.319,1955.555,10884.97,8540.551,2033.775,10218.09,8896.323,1982.074,10557.04,8482.286,2018.298,10417.91,8955.599,1974.46,10845.89
8613.507,1955.555,10885.05,8540.708,2033.775,10218.23,8896.483,1982.074,10557.17,8482.449,2018.298,10418.04,8955.779,1974.46,10845.99
8613.694,1955.555,10885.14,8540.865,2033.775,10218.37,8896.644,1982.074,10557.31,8482.612,2018.298,10418.17,8955.96,1974.46,10846.09
8613.882,1955.555,10885.22,8541.022,2033.775,10218.5,8896.804,1982.074,10557.44,8482.775,2018.298,10418.3,8956.141,1974.46,10846.2
8614.069,1955.555,10885.3,8541.18,2033.775,10218.64,8896.964,1982.074,10557.57,8482.938,2018.298,10418.43,8956.321,1974.46,10846.3
8614.257,1955.555,10885.39,8541.337,2033.775,10218.78,8897.124,1982.074,10557.71,8483.102,2018.298,10418.56,8956.502,1974.46,10846.4
8614.444,1955.555,10885.47,8541.494,2033.775,10218.92,8897.284,1982.074,10557.84,8483.265,2018.298,10418.69,8956.683,1974.46,10846.51
8614.632,1955.555,10885.56,8541.651,2033.775,10219.05,8897.444,1982.074,10557.98,8483.428,2018.298,10418.82,8956.863,1974.46,10846.61
8614.819,1955.555,10885.64,8541.809,2033.775,10219.19,8897.604,1982.074,10558.11,8483.591,2018.298,10418.95,8957.044,1974.46,10846.71
8615.006,1955.555,10885.72,8541.966,2033.775,10219.33,8897.765,1982.074,10558.24,8483.754,2018.298,10419.08,8957.225,1974.46,10846.82
8615.192,1955.555,10885.81,8542.123,2033.775,10219.46,8897.925,1982.074,10558.38,8483.917,2018.298,10419.21,8957.405,1974.46,10846.92
8615.379,1955.555,10885.89,8542.28,2033.775,10219.6,8898.085,1982.074,10558.51,8484.08,2018.298,10419.34,8957.586,1974.46,10847.02
8615.565,1955.555,10885.98,8542.438,2033.775,10219.74,8898.245,1982.074,10558.64,8484.243,2018.298,10419.47,8957.767,1974.46,10847.13
8615.752,1955.555,10886.06,8542.595,2033.775,10219.87,8898.405,1982.074,10558.78,8484.406,2018.298,10419.6,8957.947,1974.46,10847.23
8615.949,1955.555,10886.11,8542.751,2033.775,10220.01,8898.561,1982.074,10558.92,8484.572,2018.298,10419.73,8958.124,1974.46,10847.34
8616.145,1955.555,10886.18,8542.911,2033.775,10220.14,8898.714,1982.074,10559.06,8484.742,2018.298,10419.85,8958.298,1974.46,10847.46
8616.337,1955.555,10886.25,8543.08,2033.775,10220.26,8898.867,1982.074,10559.2,8484.908,2018.298,10419.97,8958.472,1974.46,10847.57
8616.527,1955.555,10886.32,8543.245,2033.775,10220.39,8899.006,1982.074,10559.36,8485.075,2018.298,10420.1,8958.64,1974.46,10847.69
8616.715,1955.555,10886.4,8543.406,2033.775,10220.52,8899.149,1982.074,10559.51,8485.246,2018.298,10420.22,8958.812,1974.46,10847.81
8616.911,1955.555,10886.46,8543.563,2033.775,10220.66,8899.298,1982.074,10559.65,8485.413,2018.298,10420.34,8958.972,1974.46,10847.95
8617.105,1955.555,10886.52,8543.724,2033.775,10220.79,8899.437,1982.074,10559.81,8485.584,2018.298,10420.46,8959.136,1974.46,10848.07
8617.298,1955.555,10886.59,8543.891,2033.775,10220.92,8899.58,1982.074,10559.96,8485.759,2018.298,10420.58,8959.304,1974.46,10848.2
8617.487,1955.555,10886.67,8544.067,2033.775,10221.03,8899.729,1982.074,10560.11,8485.93,2018.298,10420.7,8959.476,1974.46,10848.31
8617.677,1955.555,10886.74,8544.24,2033.775,10221.15,8899.882,1982.074,10560.25,8486.097,2018.298,10420.82,8959.63,1974.46,10848.45
8617.865,1955.555,10886.82,8544.413,2033.775,10221.26,8900.039,1982.074,10560.38,8486.268,2018.298,10420.94,8959.789,1974.46,10848.59
8618.051,1955.555,10886.9,8544.582,2033.775,10221.38,8900.201,1982.074,10560.51,8486.441,2018.298,10421.05,8959.952,1974.46,10848.72
8618.233,1955.555,10886.99,8544.747,2033.775,10221.51,8900.358,1982.074,10560.65,8486.611,2018.298,10421.18,8960.108,1974.46,10848.85
8618.419,1955.555,10887.08,8544.921,2033.775,10221.63,8900.521,1982.074,10560.78,8486.793,2018.298,10421.28,8960.267,1974.46,10848.99
8618.602,1955.555,10887.17,8545.091,2033.775,10221.75,8900.684,1982.074,10560.91,8486.972,2018.298,10421.38,8960.43,1974.46,10849.12
8618.785,1955.555,10887.25,8545.257,2033.775,10221.87,8900.85,1982.074,10561.04,8487.146,2018.298,10421.5,8960.591,1974.46,10849.25
8618.97,1955.555,10887.34,8545.418,2033.775,10222,8901.012,1982.074,10561.17,8487.318,2018.298,10421.62,8960.756,1974.46,10849.38
8619.151,1955.555,10887.43,8545.575,2033.775,10222.14,8901.175,1982.074,10561.3,8487.486,2018.298,10421.74,8960.909,1974.46,10849.52
8619.332,1955.555,10887.52,8545.749,2033.775,10222.26,8901.346,1982.074,10561.42,8487.658,2018.298,10421.86,8961.066,1974.46,10849.66
8619.508,1955.555,10887.63,8545.919,2033.775,10222.38,8901.513,1982.074,10561.54,8487.832,2018.298,10421.97,8961.229,1974.46,10849.79
8619.687,1955.555,10887.72,8546.085,2033.775,10222.5,8901.675,1982.074,10561.67,8488.002,2018.298,10422.09,8961.395,1974.46,10849.91
8619.868,1955.555,10887.81,8546.247,2033.775,10222.63,8901.854,1982.074,10561.78,8488.168,2018.298,10422.22,8961.564,1974.46,10850.03
8620.053,1955.555,10887.9,8546.405,2033.775,10222.77,8902.03,1982.074,10561.89,8488.333,2018.298,10422.35,8961.738,1974.46,10850.15
8620.234,1955.555,10887.99,8546.563,2033.775,10222.9,8902.202,1982.074,10562.01,8488.502,2018.298,10422.47,8961.916,1974.46,10850.26
8620.409,1955.555,10888.09,8546.729,2033.775,10223.03,8902.381,1982.074,10562.12,8488.659,2018.298,10422.6,8962.104,1974.46,10850.35
8620.587,1955.555,10888.19,8546.893,2033.775,10223.16,8902.556,1982.074,10562.23,8488.821,2018.298,10422.74,8962.296,1974.46,10850.43
8620.754,1955.555,10888.31,8547.051,2033.775,10223.29,8902.73,1982.074,10562.34,8488.973,2018.298,10422.88,8962.484,1974.46,10850.52
8620.924,1955.555,10888.42,8547.214,2033.775,10223.42,8902.901,1982.074,10562.46,8489.124,2018.298,10423.02,8962.67,1974.46,10850.61
8621.098,1955.555,10888.52,8547.383,2033.775,10223.55,8903.073,1982.074,10562.58,8489.279,2018.298,10423.16,8962.853,1974.46,10850.71
8621.274,1955.555,10888.62,8547.548,2033.775,10223.67,8903.252,1982.074,10562.69,8489.439,2018.298,10423.29,8963.031,1974.46,10850.82
8621.454,1955.555,10888.71,8547.708,2033.775,10223.81,8903.427,1982.074,10562.8,8489.604,2018.298,10423.42,8963.207,1974.46,10850.93
8621.637,1955.555,10888.8,8547.874,2033.775,10223.93,8903.605,1982.074,10562.91,8489.755,2018.298,10423.56,8963.393,1974.46,10851.03
8621.816,1955.555,10888.89,8548.035,2033.775,10224.07,8903.78,1982.074,10563.02,8489.911,2018.298,10423.7,8963.574,1974.46,10851.13
8621.998,1955.555,10888.98,8548.193,2033.775,10224.2,8903.951,1982.074,10563.14,8490.072,2018.298,10423.83,8963.753,1974.46,10851.24
8622.181,1955.555,10889.06,8548.347,2033.775,10224.34,8904.118,1982.074,10563.26,8490.237,2018.298,10423.96,8963.928,1974.46,10851.35
8622.375,1955.555,10889.12,8548.505,2033.775,10224.48,8904.288,1982.074,10563.38,8490.406,2018.298,10424.08,8964.099,1974.46,10851.47
8622.567,1955.555,10889.18,8548.666,2033.775,10224.61,8904.454,1982.074,10563.51,8490.575,2018.298,10424.21,8964.273,1974.46,10851.58
8622.757,1955.555,10889.25,8548.823,2033.775,10224.75,8904.616,1982.074,10563.64,8490.744,2018.298,10424.33,8964.447,1974.46,10851.7
8622.944,1955.555,10889.33,8548.979,2033.775,10224.88,8904.774,1982.074,10563.78,8490.913,2018.298,10424.45,8964.616,1974.46,10851.82
8623.131,1955.555,10889.4,8549.139,2033.775,10225.02,8904.937,1982.074,10563.91,8491.082,2018.298,10424.57,8964.789,1974.46,10851.93
8623.315,1955.555,10889.48,8549.294,2033.775,10225.16,8905.098,1982.074,10564.04,8491.251,2018.298,10424.69,8964.961,1974.46,10852.05
8623.497,1955.555,10889.57,8549.454,2033.775,10225.29,8905.255,1982.074,10564.17,8491.42,2018.298,10424.82,8965.136,1974.46,10852.16
8623.682,1955.555,10889.65,8549.609,2033.775,10225.43,8905.416,1982.074,10564.31,8491.589,2018.298,10424.94,8965.312,1974.46,10852.27
8623.863,1955.555,10889.74,8549.77,2033.775,10225.56,8905.589,1982.074,10564.42,8491.758,2018.298,10425.06,8965.483,1974.46,10852.39
8624.044,1955.555,10889.82,8549.939,2033.775,10225.68,8905.758,1982.074,10564.54,8491.927,2018.298,10425.18,8965.653,1974.46,10852.51
8624.223,1955.555,10889.92,8550.105,2033.775,10225.81,8905.923,1982.074,10564.67,8492.096,2018.298,10425.3,8965.81,1974.46,10852.65
8624.404,1955.555,10890,8550.276,2033.775,10225.93,8906.093,1982.074,10564.79,8492.265,2018.298,10425.43,8965.969,1974.46,10852.79
8624.595,1955.555,10890.07,8550.443,2033.775,10226.05,8906.259,1982.074,10564.92,8492.434,2018.298,10425.55,8966.133,1974.46,10852.91
8624.782,1955.555,10890.14,8550.611,2033.775,10226.18,8906.429,1982.074,10565.04,8492.603,2018.298,10425.67,8966.297,1974.46,10853.04
8624.968,1955.555,10890.21,8550.788,2033.775,10226.29,8906.595,1982.074,10565.17,8492.771,2018.298,10425.79,8966.466,1974.46,10853.16
8625.15,1955.555,10890.29,8550.961,2033.775,10226.4,8906.757,1982.074,10565.3,8492.94,2018.298,10425.92,8966.639,1974.46,10853.28
8625.343,1955.555,10890.35,8551.13,2033.775,10226.52,8906.916,1982.074,10565.43,8493.109,2018.298,10426.04,8966.814,1974.46,10853.39
8625.533,1955.555,10890.41,8551.295,2033.775,10226.65,8907.07,1982.074,10565.57,8493.278,2018.298,10426.16,8966.987,1974.46,10853.51
8625.722,1955.555,10890.48,8551.466,2033.775,10226.77,8907.229,1982.074,10565.71,8493.447,2018.298,10426.28,8967.163,1974.46,10853.62
8625.912,1955.555,10890.54,8551.633,2033.775,10226.89,8907.385,1982.074,10565.84,8493.594,2018.298,10426.43,8967.337,1974.46,10853.74
8626.101,1955.555,10890.61,8551.796,2033.775,10227.02,8907.523,1982.074,10566,8493.745,2018.298,10426.57,8967.515,1974.46,10853.84
8626.286,1955.555,10890.68,8551.955,2033.775,10227.16,8907.667,1982.074,10566.15,8493.897,2018.298,10426.71,8967.703,1974.46,10853.93
8626.469,1955.555,10890.76,8552.132,2033.775,10227.27,8907.815,1982.074,10566.29,8494.055,2018.298,10426.85,8967.889,1974.46,10854.03
8626.654,1955.555,10890.83,8552.306,2033.775,10227.38,8907.95,1982.074,10566.45,8494.204,2018.298,10426.99,8968.071,1974.46,10854.13
8626.837,1955.555,10890.91,8552.477,2033.775,10227.5,8908.09,1982.074,10566.61,8494.358,2018.298,10427.13,8968.25,1974.46,10854.24
8627.022,1955.555,10890.98,8552.653,2033.775,10227.61,8908.234,1982.074,10566.76,8494.516,2018.298,10427.27,8968.428,1974.46,10854.34
8627.208,1955.555,10891.06,8552.83,2033.775,10227.72,8908.379,1982.074,10566.91,8494.673,2018.298,10427.41,8968.605,1974.46,10854.45
8627.393,1955.555,10891.13,8553.007,2033.775,10227.83,8908.523,1982.074,10567.06,8494.83,2018.298,10427.54,8968.783,1974.46,10854.56
8627.577,1955.555,10891.2,8553.184,2033.775,10227.94,8908.668,1982.074,10567.21,8494.987,2018.298,10427.68,8968.961,1974.46,10854.67
8627.762,1955.555,10891.27,8553.36,2033.775,10228.05,8908.813,1982.074,10567.36,8495.145,2018.298,10427.82,8969.139,1974.46,10854.78
8627.946,1955.555,10891.35,8553.537,2033.775,10228.16,8908.957,1982.074,10567.5,8495.302,2018.298,10427.95,8969.316,1974.46,10854.89
8628.131,1955.555,10891.42,8553.714,2033.775,10228.27,8909.102,1982.074,10567.65,8495.459,2018.298,10428.09,8969.494,1974.46,10855
8628.315,1955.555,10891.49,8553.891,2033.775,10228.38,8909.246,1982.074,10567.8,8495.616,2018.298,10428.23,8969.672,1974.46,10855.11
8628.5,1955.555,10891.56,8554.067,2033.775,10228.49,8909.391,1982.074,10567.95,8495.773,2018.298,10428.36,8969.85,1974.46,10855.22
8628.684,1955.555,10891.63,8554.244,2033.775,10228.6,8909.535,1982.074,10568.1,8495.931,2018.298,10428.5,8970.027,1974.46,10855.33
8628.867,1955.555,10891.71,8554.421,2033.775,10228.71,8909.68,1982.074,10568.25,8496.088,2018.298,10428.64,8970.205,1974.46,10855.44
8629.051,1955.555,10891.78,8554.598,2033.775,10228.82,8909.824,1982.074,10568.4,8496.245,2018.298,10428.77,8970.383,1974.46,10855.55
8629.234,1955.555,10891.85,8554.774,2033.775,10228.93,8909.969,1982.074,10568.55,8496.402,2018.298,10428.91,8970.561,1974.46,10855.66
8629.418,1955.555,10891.92,8554.951,2033.775,10229.04,8910.113,1982.074,10568.7,8496.56,2018.298,10429.05,8970.738,1974.46,10855.77
8629.602,1955.555,10892,8555.128,2033.775,10229.16,8910.258,1982.074,10568.85,8496.717,2018.298,10429.18,8970.916,1974.46,10855.88
8629.785,1955.555,10892.07,8555.305,2033.775,10229.27,8910.402,1982.074,10569,8496.874,2018.298,10429.32,8971.094,1974.46,10855.99
8629.968,1955.555,10892.14,8555.481,2033.775,10229.38,8910.547,1982.074,10569.15,8497.031,2018.298,10429.46,8971.271,1974.46,10856.09
8630.15,1955.555,10892.21,8555.658,2033.775,10229.49,8910.691,1982.074,10569.3,8497.188,2018.298,10429.59,8971.449,1974.46,10856.2
8630.333,1955.555,10892.28,8555.835,2033.775,10229.6,8910.836,1982.074,10569.45,8497.346,2018.298,10429.73,8971.627,1974.46,10856.31
8630.516,1955.555,10892.36,8556.012,2033.775,10229.71,8910.98,1982.074,10569.6,8497.503,2018.298,10429.87,8971.805,1974.46,10856.42
8630.698,1955.555,10892.43,8556.188,2033.775,10229.82,8911.125,1982.074,10569.75,8497.66,2018.298,10430,8971.982,1974.46,10856.53
8630.881,1955.555,10892.5,8556.365,2033.775,10229.93,8911.27,1982.074,10569.9,8497.817,2018.298,10430.14,8972.16,1974.46,10856.64
8631.063,1955.555,10892.57,8556.542,2033.775,10230.04,8911.414,1982.074,10570.04,8497.975,2018.298,10430.28,8972.338,1974.46,10856.75
8631.244,1955.555,10892.64,8556.719,2033.775,10230.15,8911.559,1982.074,10570.19,8498.132,2018.298,10430.42,8972.516,1974.46,10856.86
8631.426,1955.555,10892.71,8556.896,2033.775,10230.26,8911.703,1982.074,10570.34,8498.289,2018.298,10430.55,8972.693,1974.46,10856.97
8631.607,1955.555,10892.78,8557.072,2033.775,10230.37,8911.848,1982.074,10570.49,8498.446,2018.298,10430.69,8972.871,1974.46,10857.08
8631.789,1955.555,10892.85,8557.249,2033.775,10230.48,8911.992,1982.074,10570.64,8498.604,2018.298,10430.83,8973.049,1974.46,10857.19
8631.971,1955.555,10892.93,8557.426,2033.775,10230.59,8912.137,1982.074,10570.79,8498.761,2018.298,10430.96,8973.227,1974.46,10857.3
8632.151,1955.555,10893,8557.603,2033.775,10230.7,8912.281,1982.074,10570.94,8498.918,2018.298,10431.1,8973.404,1974.46,10857.41
8632.332,1955.555,10893.07,8557.779,2033.775,10230.81,8912.426,1982.074,10571.09,8499.075,2018.298,10431.24,8973.582,1974.46,10857.52
8632.513,1955.555,10893.14,8557.956,2033.775,10230.92,8912.57,1982.074,10571.24,8499.232,2018.298,10431.37,8973.76,1974.46,10857.63
8632.693,1955.555,10893.21,8558.133,2033.775,10231.03,8912.715,1982.074,10571.39,8499.39,2018.298,10431.51,8973.938,1974.46,10857.74
8632.874,1955.555,10893.28,8558.31,2033.775,10231.14,8912.859,1982.074,10571.54,8499.547,2018.298,10431.65,8974.115,1974.46,10857.84
8633.054,1955.555,10893.35,8558.486,2033.775,10231.25,8913.004,1982.074,10571.69,8499.704,2018.298,10431.78,8974.293,1974.46,10857.95
8633.233,1955.555,10893.42,8558.663,2033.775,10231.36,8913.148,1982.074,10571.84,8499.861,2018.298,10431.92,8974.471,1974.46,10858.06
8633.413,1955.555,10893.49,8558.84,2033.775,10231.47,8913.293,1982.074,10571.99,8500.019,2018.298,10432.06,8974.648,1974.46,10858.17
8633.593,1955.555,10893.56,8559.017,2033.775,10231.58,8913.438,1982.074,10572.14,8500.176,2018.298,10432.19,8974.826,1974.46,10858.28
8633.772,1955.555,10893.63,8559.193,2033.775,10231.69,8913.582,1982.074,10572.29,8500.333,2018.298,10432.33,8975.004,1974.46,10858.39
8633.951,1955.555,10893.7,8559.37,2033.775,10231.8,8913.727,1982.074,10572.44,8500.49,2018.298,10432.47,8975.182,1974.46,10858.5
8634.13,1955.555,10893.77,8559.547,2033.775,10231.91,8913.871,1982.074,10572.58,8500.647,2018.298,10432.6,8975.359,1974.46,10858.61
8634.309,1955.555,10893.84,8559.724,2033.775,10232.02,8914.016,1982.074,10572.73,8500.805,2018.298,10432.74,8975.537,1974.46,10858.72
8634.487,1955.555,10893.91,8559.9,2033.775,10232.13,8914.16,1982.074,10572.88,8500.962,2018.298,10432.88,8975.715,1974.46,10858.83
8634.666,1955.555,10893.98,8560.077,2033.775,10232.25,8914.305,1982.074,10573.03,8501.119,2018.298,10433.01,8975.893,1974.46,10858.94
8634.844,1955.555,10894.05,8560.254,2033.775,10232.36,8914.449,1982.074,10573.18,8501.276,2018.298,10433.15,8976.07,1974.46,10859.05
8635.021,1955.555,10894.13,8560.431,2033.775,10232.47,8914.594,1982.074,10573.33,8501.434,2018.298,10433.29,8976.248,1974.46,10859.16
8635.196,1955.555,10894.2,8560.604,2033.775,10232.58,8914.743,1982.074,10573.48,8501.596,2018.298,10433.42,8976.43,1974.46,10859.26
8635.377,1955.555,10894.26,8560.774,2033.775,10232.7,8914.896,1982.074,10573.62,8501.762,2018.298,10433.54,8976.618,1974.46,10859.35
8635.56,1955.555,10894.31,8560.94,2033.775,10232.83,8915.054,1982.074,10573.75,8501.912,2018.298,10433.69,8976.803,1974.46,10859.45
8635.74,1955.555,10894.37,8561.103,2033.775,10232.96,8915.216,1982.074,10573.89,8502.063,2018.298,10433.83,8976.984,1974.46,10859.55
8635.922,1955.555,10894.43,8561.26,2033.775,10233.09,8915.373,1982.074,10574.02,8502.218,2018.298,10433.97,8977.176,1974.46,10859.63
8636.102,1955.555,10894.49,8561.421,2033.775,10233.23,8915.535,1982.074,10574.15,8502.378,2018.298,10434.1,8977.365,1974.46,10859.72
8636.279,1955.555,10894.55,8561.581,2033.775,10233.36,8915.693,1982.074,10574.29,8502.537,2018.298,10434.24,8977.552,1974.46,10859.81
8636.457,1955.555,10894.62,8561.741,2033.775,10233.49,8915.852,1982.074,10574.42,8502.696,2018.298,10434.37,8977.738,1974.46,10859.91
8636.634,1955.555,10894.68,8561.901,2033.775,10233.63,8916.01,1982.074,10574.56,8502.855,2018.298,10434.5,8977.925,1974.46,10860
8636.811,1955.555,10894.75,8562.062,2033.775,10233.76,8916.168,1982.074,10574.7,8503.015,2018.298,10434.64,8978.111,1974.46,10860.09
8636.987,1955.555,10894.81,8562.222,2033.775,10233.89,8916.326,1982.074,10574.83,8503.174,2018.298,10434.77,8978.298,1974.46,10860.19
8637.164,1955.555,10894.88,8562.382,2033.775,10234.03,8916.484,1982.074,10574.97,8503.333,2018.298,10434.91,8978.484,1974.46,10860.28
8637.34,1955.555,10894.95,8562.542,2033.775,10234.16,8916.643,1982.074,10575.1,8503.492,2018.298,10435.04,8978.671,1974.46,10860.37
8637.515,1955.555,10895.01,8562.707,2033.775,10234.29,8916.805,1982.074,10575.23,8503.656,2018.298,10435.17,8978.856,1974.46,10860.47
8637.687,1955.555,10895.09,8562.868,2033.775,10234.42,8916.982,1982.074,10575.34,8503.824,2018.298,10435.29,8979.039,1974.46,10860.57
8637.865,1955.555,10895.14,8563.046,2033.775,10234.53,8917.157,1982.074,10575.46,8503.996,2018.298,10435.41,8979.225,1974.46,10860.66
8638.041,1955.555,10895.21,8563.22,2033.775,10234.64,8917.328,1982.074,10575.58,8504.164,2018.298,10435.53,8979.412,1974.46,10860.75
8638.215,1955.555,10895.27,8563.396,2033.775,10234.76,8917.494,1982.074,10575.7,8504.336,2018.298,10435.65,8979.597,1974.46,10860.85
8638.386,1955.555,10895.35,8563.567,2033.775,10234.87,8917.663,1982.074,10575.82,8504.513,2018.298,10435.76,8979.778,1974.46,10860.95
8638.557,1955.555,10895.42,8563.735,2033.775,10235,8917.828,1982.074,10575.95,8504.686,2018.298,10435.88,8979.956,1974.46,10861.06
8638.735,1955.555,10895.47,8563.899,2033.775,10235.12,8917.988,1982.074,10576.08,8504.854,2018.298,10436,8980.132,1974.46,10861.17
8638.912,1955.555,10895.53,8564.06,2033.775,10235.26,8918.145,1982.074,10576.22,8505.001,2018.298,10436.15,8980.304,1974.46,10861.29
8639.086,1955.555,10895.59,8564.226,2033.775,10235.38,8918.292,1982.074,10576.37,8505.152,2018.298,10436.29,8980.467,1974.46,10861.42
8639.258,1955.555,10895.66,8564.387,2033.775,10235.52,8918.444,1982.074,10576.51,8505.309,2018.298,10436.43,8980.634,1974.46,10861.54
8639.427,1955.555,10895.73,8564.55,2033.775,10235.65,8918.583,1982.074,10576.67,8505.469,2018.298,10436.56,8980.789,1974.46,10861.68
8639.593,1955.555,10895.81,8564.711,2033.775,10235.78,8918.727,1982.074,10576.82,8505.634,2018.298,10436.69,8980.948,1974.46,10861.82
8639.756,1955.555,10895.9,8564.888,2033.775,10235.89,8918.875,1982.074,10576.97,8505.803,2018.298,10436.81,8981.112,1974.46,10861.94
8639.906,1955.555,10896,8565.063,2033.775,10236,8919.028,1982.074,10577.11,8505.976,2018.298,10436.93,8981.277,1974.46,10862.07
8640.06,1955.555,10896.1,8565.238,2033.775,10236.11,8919.175,1982.074,10577.26,8506.163,2018.298,10437.02,8981.447,1974.46,10862.19
8640.216,1955.555,10896.2,8565.409,2033.775,10236.23,8919.312,1982.074,10577.41,8506.35,2018.298,10437.12,8981.62,1974.46,10862.31
8640.375,1955.555,10896.29,8565.576,2033.775,10236.36,8919.454,1982.074,10577.57,8506.532,2018.298,10437.21,8981.787,1974.46,10862.43
8640.532,1955.555,10896.38,8565.739,2033.775,10236.49,8919.602,1982.074,10577.71,8506.717,2018.298,10437.31,8981.953,1974.46,10862.56
8640.688,1955.555,10896.47,8565.898,2033.775,10236.62,8919.745,1982.074,10577.86,8506.898,2018.298,10437.41,8982.123,1974.46,10862.68
8640.848,1955.555,10896.56,8566.074,2033.775,10236.73,8919.89,1982.074,10578.01,8507.076,2018.298,10437.52,8982.297,1974.46,10862.79
8641.01,1955.555,10896.64,8566.246,2033.775,10236.85,8920.037,1982.074,10578.16,8507.25,2018.298,10437.64,8982.475,1974.46,10862.9
8641.174,1955.555,10896.72,8566.414,2033.775,10236.97,8920.186,1982.074,10578.31,8507.426,2018.298,10437.75,8982.666,1974.46,10862.98
8641.335,1955.555,10896.8,8566.578,2033.775,10237.1,8920.335,1982.074,10578.45,8507.608,2018.298,10437.85,8982.854,1974.46,10863.07
8641.491,1955.555,10896.89,8566.738,2033.775,10237.24,8920.489,1982.074,10578.59,8507.788,2018.298,10437.96,8983.04,1974.46,10863.17
8641.647,1955.555,10896.98,8566.898,2033.775,10237.37,8920.644,1982.074,10578.73,8507.968,2018.298,10438.06,8983.226,1974.46,10863.26
8641.803,1955.555,10897.07,8567.059,2033.775,10237.5,8920.798,1982.074,10578.87,8508.147,2018.298,10438.17,8983.411,1974.46,10863.36
8641.958,1955.555,10897.16,8567.219,2033.775,10237.64,8920.952,1982.074,10579.01,8508.327,2018.298,10438.28,8983.597,1974.46,10863.45
8642.113,1955.555,10897.25,8567.379,2033.775,10237.77,8921.106,1982.074,10579.15,8508.507,2018.298,10438.38,8983.782,1974.46,10863.55
8642.269,1955.555,10897.34,8567.539,2033.775,10237.91,8921.261,1982.074,10579.29,8508.687,2018.298,10438.49,8983.968,1974.46,10863.64
8642.423,1955.555,10897.43,8567.699,2033.775,10238.04,8921.415,1982.074,10579.43,8508.866,2018.298,10438.59,8984.153,1974.46,10863.74
8642.577,1955.555,10897.52,8567.859,2033.775,10238.17,8921.569,1982.074,10579.57,8509.046,2018.298,10438.7,8984.339,1974.46,10863.83
8642.731,1955.555,10897.61,8568.02,2033.775,10238.31,8921.724,1982.074,10579.71,8509.226,2018.298,10438.81,8984.524,1974.46,10863.92
8642.886,1955.555,10897.7,8568.18,2033.775,10238.44,8921.878,1982.074,10579.85,8509.405,2018.298,10438.91,8984.71,1974.46,10864.02
8643.039,1955.555,10897.79,8568.34,2033.775,10238.57,8922.032,1982.074,10579.99,8509.585,2018.298,10439.02,8984.896,1974.46,10864.11
8643.192,1955.555,10897.88,8568.5,2033.775,10238.71,8922.187,1982.074,10580.13,8509.765,2018.298,10439.13,8985.081,1974.46,10864.21
8643.346,1955.555,10897.97,8568.66,2033.775,10238.84,8922.341,1982.074,10580.27,8509.944,2018.298,10439.23,8985.267,1974.46,10864.3
8643.498,1955.555,10898.06,8568.82,2033.775,10238.98,8922.495,1982.074,10580.41,8510.124,2018.298,10439.34,8985.452,1974.46,10864.4
8643.65,1955.555,10898.15,8568.98,2033.775,10239.11,8922.649,1982.074,10580.55,8510.304,2018.298,10439.45,8985.638,1974.46,10864.49
8643.803,1955.555,10898.23,8569.141,2033.775,10239.24,8922.804,1982.074,10580.69,8510.483,2018.298,10439.55,8985.823,1974.46,10864.59
8643.954,1955.555,10898.32,8569.301,2033.775,10239.38,8922.958,1982.074,10580.83,8510.663,2018.298,10439.66,8986.009,1974.46,10864.68
8644.105,1955.555,10898.41,8569.461,2033.775,10239.51,8923.112,1982.074,10580.96,8510.843,2018.298,10439.77,8986.194,1974.46,10864.78
8644.257,1955.555,10898.5,8569.621,2033.775,10239.64,8923.267,1982.074,10581.1,8511.022,2018.298,10439.87,8986.38,1974.46,10864.87
8644.408,1955.555,10898.59,8569.781,2033.775,10239.78,8923.421,1982.074,10581.24,8511.202,2018.298,10439.98,8986.565,1974.46,10864.97
8644.559,1955.555,10898.67,8569.941,2033.775,10239.91,8923.575,1982.074,10581.38,8511.382,2018.298,10440.08,8986.751,1974.46,10865.06
8644.709,1955.555,10898.76,8570.102,2033.775,10240.05,8923.729,1982.074,10581.52,8511.562,2018.298,10440.19,8986.937,1974.46,10865.16
8644.859,1955.555,10898.85,8570.262,2033.775,10240.18,8923.884,1982.074,10581.66,8511.741,2018.298,10440.3,8987.122,1974.46,10865.25
8645.009,1955.555,10898.93,8570.422,2033.775,10240.31,8924.038,1982.074,10581.8,8511.921,2018.298,10440.4,8987.308,1974.46,10865.35
8645.158,1955.555,10899.02,8570.582,2033.775,10240.45,8924.192,1982.074,10581.94,8512.101,2018.298,10440.51,8987.493,1974.46,10865.44
8645.308,1955.555,10899.11,8570.742,2033.775,10240.58,8924.347,1982.074,10582.08,8512.28,2018.298,10440.62,8987.679,1974.46,10865.54
8645.456,1955.555,10899.19,8570.902,2033.775,10240.71,8924.501,1982.074,10582.22,8512.46,2018.298,10440.72,8987.864,1974.46,10865.63
8645.604,1955.555,10899.28,8571.063,2033.775,10240.85,8924.655,1982.074,10582.36,8512.64,2018.298,10440.83,8988.05,1974.46,10865.72
8645.753,1955.555,10899.37,8571.223,2033.775,10240.98,8924.81,1982.074,10582.5,8512.819,2018.298,10440.94,8988.235,1974.46,10865.82
8645.9,1955.555,10899.45,8571.383,2033.775,10241.12,8924.964,1982.074,10582.64,8512.999,2018.298,10441.04,8988.421,1974.46,10865.91
8646.048,1955.555,10899.54,8571.543,2033.775,10241.25,8925.118,1982.074,10582.78,8513.179,2018.298,10441.15,8988.606,1974.46,10866.01
8646.195,1955.555,10899.62,8571.703,2033.775,10241.38,8925.272,1982.074,10582.92,8513.358,2018.298,10441.26,8988.792,1974.46,10866.1
8646.343,1955.555,10899.71,8571.863,2033.775,10241.52,8925.427,1982.074,10583.06,8513.538,2018.298,10441.36,8988.978,1974.46,10866.2
8646.489,1955.555,10899.79,8572.023,2033.775,10241.65,8925.581,1982.074,10583.2,8513.718,2018.298,10441.47,8989.163,1974.46,10866.29
8646.636,1955.555,10899.88,8572.184,2033.775,10241.79,8925.735,1982.074,10583.34,8513.897,2018.298,10441.58,8989.349,1974.46,10866.39
8646.782,1955.555,10899.96,8572.344,2033.775,10241.92,8925.89,1982.074,10583.48,8514.077,2018.298,10441.68,8989.534,1974.46,10866.48
8646.928,1955.555,10900.05,8572.504,2033.775,10242.05,8926.044,1982.074,10583.62,8514.257,2018.298,10441.79,8989.72,1974.46,10866.58
8647.073,1955.555,10900.13,8572.664,2033.775,10242.19,8926.198,1982.074,10583.76,8514.437,2018.298,10441.89,8989.905,1974.46,10866.67
8647.217,1955.555,10900.22,8572.819,2033.775,10242.33,8926.348,1982.074,10583.9,8514.612,2018.298,10442.01,8990.087,1974.46,10866.77
8647.363,1955.555,10900.3,8572.952,2033.775,10242.49,8926.502,1982.074,10584.04,8514.784,2018.298,10442.12,8990.266,1974.46,10866.88
8647.512,1955.555,10900.38,8573.091,2033.775,10242.64,8926.641,1982.074,10584.2,8514.971,2018.298,10442.22,8990.44,1974.46,10866.99
8647.662,1955.555,10900.45,8573.234,2033.775,10242.79,8926.784,1982.074,10584.35,8515.154,2018.298,10442.32,8990.623,1974.46,10867.09
8647.814,1955.555,10900.52,8573.383,2033.775,10242.94,8926.933,1982.074,10584.5,8515.334,2018.298,10442.42,8990.806,1974.46,10867.2
8647.973,1955.555,10900.57,8573.536,2033.775,10243.08,8927.086,1982.074,10584.64,8515.511,2018.298,10442.53,8990.984,1974.46,10867.3
8648.128,1955.555,10900.62,8573.693,2033.775,10243.22,8927.225,1982.074,10584.79,8515.684,2018.298,10442.65,8991.165,1974.46,10867.41
8648.281,1955.555,10900.68,8573.858,2033.775,10243.34,8927.368,1982.074,10584.95,8515.856,2018.298,10442.76,8991.342,1974.46,10867.52
8648.437,1955.555,10900.74,8574.035,2033.775,10243.45,8927.517,1982.074,10585.09,8516.034,2018.298,10442.87,8991.515,1974.46,10867.63
8648.589,1955.555,10900.8,8574.209,2033.775,10243.57,8927.67,1982.074,10585.23,8516.208,2018.298,10442.99,8991.682,1974.46,10867.76
8648.739,1955.555,10900.86,8574.379,2033.775,10243.69,8927.816,1982.074,10585.38,8516.396,2018.298,10443.08,8991.839,1974.46,10867.89
8648.896,1955.555,10900.91,8574.545,2033.775,10243.82,8927.968,1982.074,10585.53,8516.58,2018.298,10443.18,8992.001,1974.46,10868.02
8649.05,1955.555,10900.96,8574.718,2033.775,10243.93,8928.123,1982.074,10585.66,8516.761,2018.298,10443.28,8992.167,1974.46,10868.15
8649.205,1955.555,10901.01,8574.887,2033.775,10244.06,8928.283,1982.074,10585.8,8516.938,2018.298,10443.39,8992.337,1974.46,10868.27
8649.358,1955.555,10901.06,8575.051,2033.775,10244.18,8928.438,1982.074,10585.94,8517.112,2018.298,10443.5,8992.511,1974.46,10868.38
8649.51,1955.555,10901.12,8575.211,2033.775,10244.32,8928.599,1982.074,10586.07,8517.282,2018.298,10443.63,8992.688,1974.46,10868.49
8649.659,1955.555,10901.18,8575.371,2033.775,10244.45,8928.765,1982.074,10586.2,8517.47,2018.298,10443.72,8992.864,1974.46,10868.61
8649.806,1955.555,10901.24,8575.541,2033.775,10244.57,8928.926,1982.074,10586.33,8517.654,2018.298,10443.81,8993.043,1974.46,10868.71
8649.951,1955.555,10901.31,8575.708,2033.775,10244.7,8929.098,1982.074,10586.45,8517.835,2018.298,10443.92,8993.218,1974.46,10868.83
8650.104,1955.555,10901.36,8575.87,2033.775,10244.83,8929.266,1982.074,10586.57,8518.013,2018.298,10444.03,8993.392,1974.46,10868.94
8650.254,1955.555,10901.41,8576.044,2033.775,10244.94,8929.443,1982.074,10586.68,8518.187,2018.298,10444.14,8993.551,1974.46,10869.08
8650.402,1955.555,10901.47,8576.216,2033.775,10245.06,8929.617,1982.074,10586.79,8518.356,2018.298,10444.26,8993.714,1974.46,10869.21
8650.549,1955.555,10901.53,8576.384,2033.775,10245.18,8929.795,1982.074,10586.9,8518.537,2018.298,10444.37,8993.881,1974.46,10869.33
8650.692,1955.555,10901.59,8576.562,2033.775,10245.29,8929.969,1982.074,10587.02,8518.714,2018.298,10444.47,8994.034,1974.46,10869.47
8650.839,1955.555,10901.65,8576.735,2033.775,10245.4,8930.139,1982.074,10587.14,8518.888,2018.298,10444.59,8994.191,1974.46,10869.61
8650.982,1955.555,10901.72,8576.905,2033.775,10245.52,8930.305,1982.074,10587.26,8519.071,2018.298,10444.69,8994.354,1974.46,10869.74
8651.132,1955.555,10901.76,8577.071,2033.775,10245.65,8930.467,1982.074,10587.39,8519.254,2018.298,10444.79,8994.514,1974.46,10869.87
8651.279,1955.555,10901.82,8577.233,2033.775,10245.78,8930.632,1982.074,10587.52,8519.441,2018.298,10444.88,8994.67,1974.46,10870.01
8651.425,1955.555,10901.87,8577.392,2033.775,10245.92,8930.792,1982.074,10587.65,8519.629,2018.298,10444.97,8994.831,1974.46,10870.14
8651.568,1955.555,10901.93,8577.56,2033.775,10246.04,8930.948,1982.074,10587.79,8519.813,2018.298,10445.07,8994.996,1974.46,10870.27
8651.709,1955.555,10902,8577.729,2033.775,10246.16,8931.082,1982.074,10587.95,8519.995,2018.298,10445.17,8995.165,1974.46,10870.39
8651.854,1955.555,10902.05,8577.896,2033.775,10246.28,8931.221,1982.074,10588.11,8520.173,2018.298,10445.28,8995.324,1974.46,10870.53
8651.996,1955.555,10902.11,8578.059,2033.775,10246.41,8931.364,1982.074,10588.26,8520.354,2018.298,10445.38,8995.487,1974.46,10870.66
8652.137,1955.555,10902.17,8578.217,2033.775,10246.55,8931.513,1982.074,10588.4,8520.53,2018.298,10445.49,8995.654,1974.46,10870.78
8652.274,1955.555,10902.24,8578.371,2033.775,10246.69,8931.666,1982.074,10588.54,8520.716,2018.298,10445.58,8995.825,1974.46,10870.9
8652.414,1955.555,10902.3,8578.505,2033.775,10246.85,8931.824,1982.074,10588.68,8520.898,2018.298,10445.69,8996,1974.46,10871.01
8652.551,1955.555,10902.36,8578.644,2033.775,10247,8931.967,1982.074,10588.83,8521.085,2018.298,10445.78,8996.179,1974.46,10871.12
8652.689,1955.555,10902.42,8578.787,2033.775,10247.16,8932.114,1982.074,10588.98,8521.269,2018.298,10445.88,8996.354,1974.46,10871.24
8652.826,1955.555,10902.49,8578.936,2033.775,10247.3,8932.258,1982.074,10589.13,8521.449,2018.298,10445.98,8996.532,1974.46,10871.34
8652.964,1955.555,10902.55,8579.081,2033.775,10247.45,8932.406,1982.074,10589.27,8521.626,2018.298,10446.09,8996.707,1974.46,10871.46
8653.1,1955.555,10902.62,8579.231,2033.775,10247.59,8932.541,1982.074,10589.43,8521.8,2018.298,10446.2,8996.867,1974.46,10871.59
8653.231,1955.555,10902.69,8579.387,2033.775,10247.73,8932.681,1982.074,10589.59,8521.97,2018.298,10446.32,8997.031,1974.46,10871.72
8653.357,1955.555,10902.77,8579.538,2033.775,10247.88,8932.825,1982.074,10589.74,8522.145,2018.298,10446.44,8997.2,1974.46,10871.84
8653.486,1955.555,10902.84,8579.694,2033.775,10248.01,8932.962,1982.074,10589.89,8522.315,2018.298,10446.56,8997.359,1974.46,10871.97
8653.617,1955.555,10902.92,8579.827,2033.775,10248.17,8933.104,1982.074,10590.05,8522.482,2018.298,10446.68,8997.522,1974.46,10872.1
8653.74,1955.555,10903,8579.965,2033.775,10248.33,8933.239,1982.074,10590.21,8522.628,2018.298,10446.83,8997.681,1974.46,10872.24
8653.865,1955.555,10903.08,8580.108,2033.775,10248.48,8933.38,1982.074,10590.36,8522.778,2018.298,10446.98,8997.843,1974.46,10872.37
8653.986,1955.555,10903.16,8580.257,2033.775,10248.63,8933.516,1982.074,10590.52,8522.931,2018.298,10447.12,8998.004,1974.46,10872.5
8654.109,1955.555,10903.24,8580.396,2033.775,10248.78,8933.656,1982.074,10590.67,8523.088,2018.298,10447.25,8998.169,1974.46,10872.63
8654.234,1955.555,10903.32,8580.539,2033.775,10248.93,8933.797,1982.074,10590.82,8523.243,2018.298,10447.39,8998.339,1974.46,10872.75
8654.361,1955.555,10903.39,8580.688,2033.775,10249.08,8933.942,1982.074,10590.97,8523.403,2018.298,10447.53,8998.503,1974.46,10872.88
8654.483,1955.555,10903.47,8580.841,2033.775,10249.22,8934.093,1982.074,10591.12,8523.55,2018.298,10447.67,8998.671,1974.46,10873
8654.607,1955.555,10903.55,8580.999,2033.775,10249.36,8934.248,1982.074,10591.25,8523.701,2018.298,10447.82,8998.843,1974.46,10873.12
8654.733,1955.555,10903.62,8581.152,2033.775,10249.5,8934.401,1982.074,10591.39,8523.857,2018.298,10447.95,8999.012,1974.46,10873.24
8654.861,1955.555,10903.69,8581.306,2033.775,10249.64,8934.56,1982.074,10591.53,8524.018,2018.298,10448.09,8999.185,1974.46,10873.36
8654.989,1955.555,10903.75,8581.459,2033.775,10249.78,8934.718,1982.074,10591.67,8524.178,2018.298,10448.22,8999.357,1974.46,10873.47
8655.116,1955.555,10903.82,8581.612,2033.775,10249.92,8934.876,1982.074,10591.8,8524.338,2018.298,10448.35,8999.53,1974.46,10873.59
8655.243,1955.555,10903.89,8581.766,2033.775,10250.06,8935.034,1982.074,10591.94,8524.498,2018.298,10448.49,8999.703,1974.46,10873.71
8655.37,1955.555,10903.95,8581.919,2033.775,10250.2,8935.192,1982.074,10592.07,8524.658,2018.298,10448.62,8999.876,1974.46,10873.83
8655.496,1955.555,10904.02,8582.072,2033.775,10250.34,8935.351,1982.074,10592.21,8524.818,2018.298,10448.75,9000.049,1974.46,10873.94
8655.622,1955.555,10904.09,8582.226,2033.775,10250.48,8935.509,1982.074,10592.34,8524.979,2018.298,10448.88,9000.222,1974.46,10874.06
8655.748,1955.555,10904.15,8582.379,2033.775,10250.62,8935.667,1982.074,10592.48,8525.139,2018.298,10449.02,9000.395,1974.46,10874.18
8655.873,1955.555,10904.22,8582.532,2033.775,10250.76,8935.825,1982.074,10592.62,8525.299,2018.298,10449.15,9000.567,1974.46,10874.29
8655.998,1955.555,10904.28,8582.686,2033.775,10250.91,8935.983,1982.074,10592.75,8525.459,2018.298,10449.28,9000.74,1974.46,10874.41
8656.122,1955.555,10904.35,8582.839,2033.775,10251.05,8936.142,1982.074,10592.89,8525.619,2018.298,10449.42,9000.913,1974.46,10874.53
8656.246,1955.555,10904.41,8582.992,2033.775,10251.19,8936.3,1982.074,10593.02,8525.779,2018.298,10449.55,9001.086,1974.46,10874.65
8656.37,1955.555,10904.48,8583.146,2033.775,10251.33,8936.458,1982.074,10593.16,8525.939,2018.298,10449.68,9001.259,1974.46,10874.76
8656.493,1955.555,10904.54,8583.299,2033.775,10251.47,8936.616,1982.074,10593.29,8526.1,2018.298,10449.81,9001.432,1974.46,10874.88
8656.616,1955.555,10904.61,8583.452,2033.775,10251.61,8936.774,1982.074,10593.43,8526.26,2018.298,10449.95,9001.604,1974.46,10875
8656.738,1955.555,10904.67,8583.605,2033.775,10251.75,8936.933,1982.074,10593.57,8526.42,2018.298,10450.08,9001.777,1974.46,10875.11
8656.86,1955.555,10904.74,8583.759,2033.775,10251.89,8937.091,1982.074,10593.7,8526.58,2018.298,10450.21,9001.95,1974.46,10875.23
8656.982,1955.555,10904.8,8583.912,2033.775,10252.03,8937.249,1982.074,10593.84,8526.74,2018.298,10450.34,9002.123,1974.46,10875.35
8657.104,1955.555,10904.86,8584.065,2033.775,10252.17,8937.407,1982.074,10593.97,8526.9,2018.298,10450.48,9002.296,1974.46,10875.47
8657.225,1955.555,10904.93,8584.219,2033.775,10252.31,8937.565,1982.074,10594.11,8527.061,2018.298,10450.61,9002.469,1974.46,10875.58
8657.339,1955.555,10905,8584.371,2033.775,10252.45,8937.713,1982.074,10594.26,8527.223,2018.298,10450.74,9002.627,1974.46,10875.72
8657.455,1955.555,10905.07,8584.525,2033.775,10252.59,8937.865,1982.074,10594.4,8527.378,2018.298,10450.88,9002.789,1974.46,10875.85
8657.573,1955.555,10905.14,8584.67,2033.775,10252.74,8938,1982.074,10594.56,8527.527,2018.298,10451.03,9002.955,1974.46,10875.97
8657.692,1955.555,10905.2,8584.819,2033.775,10252.89,8938.141,1982.074,10594.71,8527.681,2018.298,10451.17,9003.126,1974.46,10876.09
8657.813,1955.555,10905.26,8584.974,2033.775,10253.03,8938.286,1982.074,10594.86,8527.839,2018.298,10451.3,9003.29,1974.46,10876.22
8657.937,1955.555,10905.32,8585.133,2033.775,10253.16,8938.437,1982.074,10595,8528.001,2018.298,10451.43,9003.452,1974.46,10876.35
8658.063,1955.555,10905.36,8585.29,2033.775,10253.3,8938.591,1982.074,10595.14,8528.159,2018.298,10451.57,9003.618,1974.46,10876.48
8658.188,1955.555,10905.4,8585.442,2033.775,10253.44,8938.75,1982.074,10595.28,8528.319,2018.298,10451.7,9003.788,1974.46,10876.6
8658.313,1955.555,10905.45,8585.583,2033.775,10253.6,8938.904,1982.074,10595.42,8528.484,2018.298,10451.83,9003.949,1974.46,10876.73
8658.439,1955.555,10905.49,8585.729,2033.775,10253.75,8939.063,1982.074,10595.55,8528.64,2018.298,10451.97,9004.114,1974.46,10876.86
8658.563,1955.555,10905.53,8585.879,2033.775,10253.89,8939.218,1982.074,10595.69,8528.795,2018.298,10452.11,9004.283,1974.46,10876.98
8658.687,1955.555,10905.58,8586.033,2033.775,10254.03,8939.355,1982.074,10595.85,8528.954,2018.298,10452.24,9004.456,1974.46,10877.1
8658.808,1955.555,10905.63,8586.192,2033.775,10254.16,8939.493,1982.074,10596.01,8529.1,2018.298,10452.39,9004.617,1974.46,10877.23
8658.928,1955.555,10905.68,8586.349,2033.775,10254.3,8939.636,1982.074,10596.16,8529.25,2018.298,10452.53,9004.783,1974.46,10877.36
8659.053,1955.555,10905.72,8586.497,2033.775,10254.45,8939.774,1982.074,10596.31,8529.405,2018.298,10452.67,9004.953,1974.46,10877.48
8659.176,1955.555,10905.76,8586.65,2033.775,10254.59,8939.919,1982.074,10596.46,8529.565,2018.298,10452.8,9005.127,1974.46,10877.59
8659.299,1955.555,10905.79,8586.783,2033.775,10254.75,8940.068,1982.074,10596.61,8529.729,2018.298,10452.93,9005.296,1974.46,10877.71
8659.421,1955.555,10905.84,8586.921,2033.775,10254.91,8940.222,1982.074,10596.75,8529.897,2018.298,10453.06,9005.463,1974.46,10877.84
8659.541,1955.555,10905.88,8587.064,2033.775,10255.06,8940.38,1982.074,10596.88,8530.069,2018.298,10453.17,9005.634,1974.46,10877.96
8659.661,1955.555,10905.92,8587.201,2033.775,10255.21,8940.537,1982.074,10597.02,8530.237,2018.298,10453.3,9005.809,1974.46,10878.07
8659.779,1955.555,10905.97,8587.343,2033.775,10255.37,8940.695,1982.074,10597.16,8530.388,2018.298,10453.44,9005.987,1974.46,10878.18
8659.896,1955.555,10906.02,8587.489,2033.775,10255.51,8940.839,1982.074,10597.31,8530.542,2018.298,10453.58,9006.176,1974.46,10878.27
8660.013,1955.555,10906.07,8587.641,2033.775,10255.66,8940.987,1982.074,10597.45,8530.701,2018.298,10453.71,9006.361,1974.46,10878.37
8660.128,1955.555,10906.12,8587.797,2033.775,10255.79,8941.124,1982.074,10597.61,8530.864,2018.298,10453.84,9006.543,1974.46,10878.47
8660.247,1955.555,10906.16,8587.958,2033.775,10255.93,8941.266,1982.074,10597.76,8531.015,2018.298,10453.99,9006.722,1974.46,10878.57
8660.364,1955.555,10906.21,8588.135,2033.775,10256.04,8941.411,1982.074,10597.91,8531.168,2018.298,10454.13,9006.908,1974.46,10878.67
8660.479,1955.555,10906.25,8588.309,2033.775,10256.15,8941.556,1982.074,10598.06,8531.323,2018.298,10454.27,9007.094,1974.46,10878.76
8660.593,1955.555,10906.31,8588.479,2033.775,10256.27,8941.705,1982.074,10598.21,8531.483,2018.298,10454.4,9007.276,1974.46,10878.86
8660.703,1955.555,10906.36,8588.645,2033.775,10256.4,8941.858,1982.074,10598.35,8531.647,2018.298,10454.53,9007.455,1974.46,10878.97
8660.809,1955.555,10906.43,8588.807,2033.775,10256.53,8942.014,1982.074,10598.49,8531.809,2018.298,10454.66,9007.639,1974.46,10879.07
8660.915,1955.555,10906.49,8588.964,2033.775,10256.67,8942.16,1982.074,10598.63,8531.97,2018.298,10454.79,9007.819,1974.46,10879.17
8661.023,1955.555,10906.55,8589.134,2033.775,10256.79,8942.311,1982.074,10598.78,8532.136,2018.298,10454.92,9007.997,1974.46,10879.28
8661.134,1955.555,10906.6,8589.3,2033.775,10256.91,8942.463,1982.074,10598.92,8532.306,2018.298,10455.04,9008.182,1974.46,10879.38
8661.245,1955.555,10906.65,8589.473,2033.775,10257.03,8942.615,1982.074,10599.06,8532.481,2018.298,10455.15,9008.371,1974.46,10879.46
8661.354,1955.555,10906.7,8589.643,2033.775,10257.15,8942.772,1982.074,10599.2,8532.656,2018.298,10455.27,9008.558,1974.46,10879.56
8661.465,1955.555,10906.75,8589.809,2033.775,10257.28,8942.935,1982.074,10599.33,8532.827,2018.298,10455.39,9008.741,1974.46,10879.66
8661.575,1955.555,10906.8,8589.971,2033.775,10257.41,8943.112,1982.074,10599.44,8532.996,2018.298,10455.51,9008.921,1974.46,10879.76
8661.684,1955.555,10906.85,8590.146,2033.775,10257.52,8943.292,1982.074,10599.54,8533.169,2018.298,10455.62,9009.105,1974.46,10879.86
8661.791,1955.555,10906.91,8590.316,2033.775,10257.64,8943.468,1982.074,10599.66,8533.344,2018.298,10455.74,9009.294,1974.46,10879.95
8661.899,1955.555,10906.96,8590.483,2033.775,10257.77,8943.64,1982.074,10599.77,8533.515,2018.298,10455.86,9009.479,1974.46,10880.04
8662.008,1955.555,10907,8590.646,2033.775,10257.9,8943.818,1982.074,10599.88,8533.692,2018.298,10455.97,9009.662,1974.46,10880.14
8662.114,1955.555,10907.06,8590.808,2033.775,10258.03,8943.997,1982.074,10599.99,8533.866,2018.298,10456.08,9009.842,1974.46,10880.25
8662.219,1955.555,10907.11,8590.979,2033.775,10258.15,8944.172,1982.074,10600.1,8534.053,2018.298,10456.17,9010.019,1974.46,10880.35
8662.322,1955.555,10907.17,8591.149,2033.775,10258.27,8944.347,1982.074,10600.21,8534.239,2018.298,10456.27,9010.195,1974.46,10880.46
8662.426,1955.555,10907.22,8591.32,2033.775,10258.38,8944.521,1982.074,10600.33,8534.426,2018.298,10456.36,9010.372,1974.46,10880.57
8662.529,1955.555,10907.28,8591.491,2033.775,10258.5,8944.696,1982.074,10600.44,8534.612,2018.298,10456.45,9010.549,1974.46,10880.68
8662.632,1955.555,10907.33,8591.662,2033.775,10258.62,8944.871,1982.074,10600.55,8534.799,2018.298,10456.54,9010.726,1974.46,10880.79
8662.734,1955.555,10907.39,8591.833,2033.775,10258.74,8945.046,1982.074,10600.67,8534.985,2018.298,10456.64,9010.902,1974.46,10880.9
8662.837,1955.555,10907.45,8592.004,2033.775,10258.86,8945.221,1982.074,10600.78,8535.172,2018.298,10456.73,9011.079,1974.46,10881.01
8662.938,1955.555,10907.5,8592.175,2033.775,10258.98,8945.396,1982.074,10600.89,8535.358,2018.298,10456.82,9011.256,1974.46,10881.12
8663.04,1955.555,10907.55,8592.346,2033.775,10259.1,8945.57,1982.074,10601.01,8535.545,2018.298,10456.92,9011.433,1974.46,10881.23
8663.142,1955.555,10907.61,8592.517,2033.775,10259.22,8945.745,1982.074,10601.12,8535.731,2018.298,10457.01,9011.609,1974.46,10881.34
8663.242,1955.555,10907.66,8592.688,2033.775,10259.34,8945.92,1982.074,10601.23,8535.918,2018.298,10457.1,9011.786,1974.46,10881.45
8663.343,1955.555,10907.72,8592.858,2033.775,10259.46,8946.095,1982.074,10601.35,8536.104,2018.298,10457.19,9011.963,1974.46,10881.56
8663.443,1955.555,10907.77,8593.029,2033.775,10259.58,8946.27,1982.074,10601.46,8536.291,2018.298,10457.29,9012.14,1974.46,10881.67
8663.543,1955.555,10907.83,8593.2,2033.775,10259.7,8946.444,1982.074,10601.57,8536.478,2018.298,10457.38,9012.316,1974.46,10881.78
8663.643,1955.555,10907.88,8593.371,2033.775,10259.81,8946.619,1982.074,10601.69,8536.664,2018.298,10457.47,9012.493,1974.46,10881.89
8663.742,1955.555,10907.93,8593.542,2033.775,10259.93,8946.794,1982.074,10601.8,8536.851,2018.298,10457.57,9012.67,1974.46,10882
8663.841,1955.555,10907.99,8593.713,2033.775,10260.05,8946.969,1982.074,10601.91,8537.037,2018.298,10457.66,9012.847,1974.46,10882.1
8663.939,1955.555,10908.04,8593.884,2033.775,10260.17,8947.144,1982.074,10602.03,8537.224,2018.298,10457.75,9013.023,1974.46,10882.21
8664.038,1955.555,10908.09,8594.055,2033.775,10260.29,8947.318,1982.074,10602.14,8537.41,2018.298,10457.84,9013.2,1974.46,10882.32
8664.136,1955.555,10908.14,8594.226,2033.775,10260.41,8947.493,1982.074,10602.25,8537.597,2018.298,10457.94,9013.377,1974.46,10882.43
8664.233,1955.555,10908.2,8594.396,2033.775,10260.53,8947.668,1982.074,10602.37,8537.783,2018.298,10458.03,9013.554,1974.46,10882.54
8664.331,1955.555,10908.25,8594.567,2033.775,10260.65,8947.843,1982.074,10602.48,8537.97,2018.298,10458.12,9013.73,1974.46,10882.65
8664.428,1955.555,10908.3,8594.738,2033.775,10260.77,8948.018,1982.074,10602.59,8538.156,2018.298,10458.21,9013.907,1974.46,10882.76
8664.524,1955.555,10908.35,8594.909,2033.775,10260.89,8948.192,1982.074,10602.71,8538.343,2018.298,10458.31,9014.084,1974.46,10882.87
8664.621,1955.555,10908.41,8595.08,2033.775,10261.01,8948.367,1982.074,10602.82,8538.529,2018.298,10458.4,9014.261,1974.46,10882.98
8664.717,1955.555,10908.46,8595.251,2033.775,10261.13,8948.542,1982.074,10602.93,8538.716,2018.298,10458.49,9014.438,1974.46,10883.09
8664.813,1955.555,10908.51,8595.422,2033.775,10261.24,8948.717,1982.074,10603.05,8538.902,2018.298,10458.59,9014.614,1974.46,10883.2
8664.908,1955.555,10908.56,8595.593,2033.775,10261.36,8948.892,1982.074,10603.16,8539.089,2018.298,10458.68,9014.791,1974.46,10883.31
8665.003,1955.555,10908.61,8595.764,2033.775,10261.48,8949.066,1982.074,10603.27,8539.275,2018.298,10458.77,9014.968,1974.46,10883.42
8665.098,1955.555,10908.66,8595.935,2033.775,10261.6,8949.241,1982.074,10603.39,8539.462,2018.298,10458.86,9015.145,1974.46,10883.53
8665.192,1955.555,10908.71,8596.105,2033.775,10261.72,8949.416,1982.074,10603.5,8539.648,2018.298,10458.96,9015.321,1974.46,10883.64
8665.287,1955.555,10908.77,8596.276,2033.775,10261.84,8949.591,1982.074,10603.61,8539.835,2018.298,10459.05,9015.498,1974.46,10883.75
8665.381,1955.555,10908.82,8596.447,2033.775,10261.96,8949.766,1982.074,10603.73,8540.021,2018.298,10459.14,9015.675,1974.46,10883.85
8665.475,1955.555,10908.87,8596.618,2033.775,10262.08,8949.94,1982.074,10603.84,8540.208,2018.298,10459.24,9015.852,1974.46,10883.96
8665.568,1955.555,10908.92,8596.789,2033.775,10262.2,8950.115,1982.074,10603.95,8540.395,2018.298,10459.33,9016.028,1974.46,10884.07
8665.661,1955.555,10908.97,8596.96,2033.775,10262.32,8950.29,1982.074,10604.07,8540.581,2018.298,10459.42,9016.205,1974.46,10884.18
8665.754,1955.555,10909.02,8597.131,2033.775,10262.44,8950.465,1982.074,10604.18,8540.768,2018.298,10459.51,9016.382,1974.46,10884.29
8665.847,1955.555,10909.07,8597.302,2033.775,10262.55,8950.64,1982.074,10604.29,8540.954,2018.298,10459.61,9016.559,1974.46,10884.4
8665.938,1955.555,10909.12,8597.473,2033.775,10262.67,8950.814,1982.074,10604.41,8541.141,2018.298,10459.7,9016.735,1974.46,10884.51
8666.03,1955.555,10909.17,8597.644,2033.775,10262.79,8950.989,1982.074,10604.52,8541.327,2018.298,10459.79,9016.912,1974.46,10884.62
8666.122,1955.555,10909.22,8597.814,2033.775,10262.91,8951.164,1982.074,10604.63,8541.514,2018.298,10459.88,9017.089,1974.46,10884.73
8666.214,1955.555,10909.27,8597.985,2033.775,10263.03,8951.339,1982.074,10604.75,8541.7,2018.298,10459.98,9017.266,1974.46,10884.84
8666.305,1955.555,10909.31,8598.156,2033.775,10263.15,8951.514,1982.074,10604.86,8541.887,2018.298,10460.07,9017.442,1974.46,10884.95
8666.396,1955.555,10909.36,8598.327,2033.775,10263.27,8951.688,1982.074,10604.97,8542.073,2018.298,10460.16,9017.619,1974.46,10885.06
8666.486,1955.555,10909.41,8598.498,2033.775,10263.39,8951.863,1982.074,10605.08,8542.26,2018.298,10460.26,9017.796,1974.46,10885.17
8666.576,1955.555,10909.46,8598.669,2033.775,10263.51,8952.038,1982.074,10605.2,8542.446,2018.298,10460.35,9017.973,1974.46,10885.28
8666.666,1955.555,10909.51,8598.84,2033.775,10263.63,8952.213,1982.074,10605.31,8542.633,2018.298,10460.44,9018.149,1974.46,10885.39
8666.756,1955.555,10909.56,8599.011,2033.775,10263.75,8952.388,1982.074,10605.42,8542.819,2018.298,10460.53,9018.326,1974.46,10885.5
8666.845,1955.555,10909.61,8599.182,2033.775,10263.87,8952.563,1982.074,10605.54,8543.006,2018.298,10460.63,9018.503,1974.46,10885.6
8666.934,1955.555,10909.65,8599.353,2033.775,10263.98,8952.737,1982.074,10605.65,8543.192,2018.298,10460.72,9018.68,1974.46,10885.71
8667.022,1955.555,10909.7,8599.523,2033.775,10264.1,8952.912,1982.074,10605.76,8543.379,2018.298,10460.81,9018.856,1974.46,10885.82
8667.111,1955.555,10909.75,8599.694,2033.775,10264.22,8953.087,1982.074,10605.88,8543.565,2018.298,10460.91,9019.033,1974.46,10885.93
8667.199,1955.555,10909.8,8599.865,2033.775,10264.34,8953.262,1982.074,10605.99,8543.752,2018.298,10461,9019.21,1974.46,10886.04
8667.287,1955.555,10909.84,8600.036,2033.775,10264.46,8953.437,1982.074,10606.1,8543.938,2018.298,10461.09,9019.387,1974.46,10886.15
8667.375,1955.555,10909.89,8600.207,2033.775,10264.58,8953.611,1982.074,10606.22,8544.125,2018.298,10461.18,9019.563,1974.46,10886.26
8667.463,1955.555,10909.94,8600.378,2033.775,10264.7,8953.786,1982.074,10606.33,8544.312,2018.298,10461.28,9019.74,1974.46,10886.37
8667.551,1955.555,10909.98,8600.545,2033.775,10264.82,8953.957,1982.074,10606.45,8544.495,2018.298,10461.38,9019.921,1974.46,10886.47
8667.637,1955.555,10910.03,8600.712,2033.775,10264.95,8954.124,1982.074,10606.57,8544.681,2018.298,10461.47,9020.099,1974.46,10886.58
8667.72,1955.555,10910.09,8600.879,2033.775,10265.07,8954.287,1982.074,10606.7,8544.863,2018.298,10461.57,9020.273,1974.46,10886.7
8667.804,1955.555,10910.14,8601.042,2033.775,10265.2,8954.446,1982.074,10606.84,8545.045,2018.298,10461.67,9020.451,1974.46,10886.8
8667.89,1955.555,10910.18,8601.214,2033.775,10265.32,8954.611,1982.074,10606.97,8545.224,2018.298,10461.78,9020.626,1974.46,10886.92
8667.977,1955.555,10910.23,8601.382,2033.775,10265.44,8954.771,1982.074,10607.1,8545.409,2018.298,10461.87,9020.789,1974.46,10887.05
8668.064,1955.555,10910.27,8601.546,2033.775,10265.57,8954.949,1982.074,10607.21,8545.592,2018.298,10461.97,9020.956,1974.46,10887.17
8668.158,1955.555,10910.3,8601.706,2033.775,10265.71,8955.124,1982.074,10607.32,8545.771,2018.298,10462.08,9021.127,1974.46,10887.29
8668.25,1955.555,10910.33,8601.862,2033.775,10265.84,8955.295,1982.074,10607.44,8545.957,2018.298,10462.17,9021.284,1974.46,10887.43
8668.341,1955.555,10910.36,8602.023,2033.775,10265.98,8955.468,1982.074,10607.56,8546.14,2018.298,10462.27,9021.444,1974.46,10887.56
8668.431,1955.555,10910.39,8602.18,2033.775,10266.11,8955.638,1982.074,10607.68,8546.319,2018.298,10462.38,9021.608,1974.46,10887.69
8668.519,1955.555,10910.43,8602.341,2033.775,10266.25,8955.813,1982.074,10607.79,8546.495,2018.298,10462.49,9021.773,1974.46,10887.82
8668.609,1955.555,10910.46,8602.505,2033.775,10266.38,8955.985,1982.074,10607.91,8546.667,2018.298,10462.61,9021.94,1974.46,10887.94
8668.698,1955.555,10910.49,8602.683,2033.775,10266.48,8956.153,1982.074,10608.03,8546.854,2018.298,10462.7,9022.111,1974.46,10888.06
8668.786,1955.555,10910.53,8602.856,2033.775,10266.6,8956.317,1982.074,10608.16,8547.037,2018.298,10462.8,9022.286,1974.46,10888.17
8668.877,1955.555,10910.55,8603.026,2033.775,10266.72,8956.477,1982.074,10608.29,8547.218,2018.298,10462.9,9022.465,1974.46,10888.28
8668.966,1955.555,10910.58,8603.192,2033.775,10266.84,8956.632,1982.074,10608.43,8547.399,2018.298,10463,9022.64,1974.46,10888.39
8669.054,1955.555,10910.62,8603.354,2033.775,10266.97,8956.782,1982.074,10608.57,8547.587,2018.298,10463.09,9022.809,1974.46,10888.52
8669.14,1955.555,10910.65,8603.512,2033.775,10267.11,8956.938,1982.074,10608.71,8547.771,2018.298,10463.19,9022.981,1974.46,10888.63
8669.225,1955.555,10910.69,8603.684,2033.775,10267.23,8957.085,1982.074,10608.86,8547.951,2018.298,10463.3,9023.158,1974.46,10888.74
8669.313,1955.555,10910.72,8603.852,2033.775,10267.35,8957.233,1982.074,10609.01,8548.128,2018.298,10463.41,9023.331,1974.46,10888.86
8669.4,1955.555,10910.75,8604.016,2033.775,10267.48,8957.386,1982.074,10609.15,8548.302,2018.298,10463.52,9023.508,1974.46,10888.97
8669.486,1955.555,10910.78,8604.182,2033.775,10267.61,8957.543,1982.074,10609.29,8548.487,2018.298,10463.62,9023.681,1974.46,10889.09
8669.57,1955.555,10910.82,8604.359,2033.775,10267.72,8957.679,1982.074,10609.44,8548.67,2018.298,10463.72,9023.842,1974.46,10889.22
8669.653,1955.555,10910.86,8604.533,2033.775,10267.83,8957.819,1982.074,10609.6,8548.849,2018.298,10463.82,9023.998,1974.46,10889.36
8669.734,1955.555,10910.9,8604.703,2033.775,10267.95,8957.965,1982.074,10609.75,8549.024,2018.298,10463.93,9024.159,1974.46,10889.49
8669.816,1955.555,10910.94,8604.869,2033.775,10268.08,8958.112,1982.074,10609.89,8549.197,2018.298,10464.05,9024.322,1974.46,10889.62
8669.903,1955.555,10910.97,8605.031,2033.775,10268.21,8958.265,1982.074,10610.04,8549.366,2018.298,10464.17,9024.489,1974.46,10889.74
8669.989,1955.555,10911,8605.188,2033.775,10268.35,8958.408,1982.074,10610.19,8549.531,2018.298,10464.3,9024.654,1974.46,10889.87
8670.073,1955.555,10911.03,8605.342,2033.775,10268.49,8958.552,1982.074,10610.34,8549.7,2018.298,10464.42,9024.823,1974.46,10889.99
8670.156,1955.555,10911.06,8605.479,2033.775,10268.64,8958.7,1982.074,10610.48,8549.865,2018.298,10464.55,9024.993,1974.46,10890.11
8670.241,1955.555,10911.09,8605.62,2033.775,10268.8,8958.854,1982.074,10610.63,8550.034,2018.298,10464.67,9025.167,1974.46,10890.23
8670.325,1955.555,10911.12,8605.767,2033.775,10268.94,8959.011,1982.074,10610.76,8550.206,2018.298,10464.79,9025.337,1974.46,10890.35
8670.408,1955.555,10911.15,8605.918,2033.775,10269.09,8959.166,1982.074,10610.9,8550.374,2018.298,10464.91,9025.511,1974.46,10890.46
8670.49,1955.555,10911.19,8606.067,2033.775,10269.23,8959.315,1982.074,10611.04,8550.527,2018.298,10465.05,9025.688,1974.46,10890.57
8670.57,1955.555,10911.22,8606.221,2033.775,10269.37,8959.449,1982.074,10611.2,8550.683,2018.298,10465.19,9025.869,1974.46,10890.67
8670.649,1955.555,10911.26,8606.356,2033.775,10269.53,8959.589,1982.074,10611.36,8550.843,2018.298,10465.32,9026.054,1974.46,10890.77
8670.729,1955.555,10911.3,8606.497,2033.775,10269.68,8959.733,1982.074,10611.51,8550.995,2018.298,10465.47,9026.235,1974.46,10890.87
8670.81,1955.555,10911.33,8606.643,2033.775,10269.83,8959.877,1982.074,10611.66,8551.151,2018.298,10465.6,9026.413,1974.46,10890.98
8670.888,1955.555,10911.37,8606.793,2033.775,10269.98,8960.025,1982.074,10611.81,8551.313,2018.298,10465.74,9026.592,1974.46,10891.09
8670.967,1955.555,10911.41,8606.948,2033.775,10270.12,8960.179,1982.074,10611.95,8551.469,2018.298,10465.87,9026.767,1974.46,10891.2
8671.044,1955.555,10911.45,8607.108,2033.775,10270.25,8960.316,1982.074,10612.1,8551.63,2018.298,10466.01,9026.938,1974.46,10891.32
8671.122,1955.555,10911.49,8607.286,2033.775,10270.36,8960.459,1982.074,10612.25,8551.778,2018.298,10466.15,9027.093,1974.46,10891.46
8671.203,1955.555,10911.52,8607.46,2033.775,10270.47,8960.604,1982.074,10612.4,8551.932,2018.298,10466.29,9027.247,1974.46,10891.6
8671.282,1955.555,10911.55,8607.63,2033.775,10270.59,8960.753,1982.074,10612.55,8552.084,2018.298,10466.43,9027.406,1974.46,10891.73
8671.364,1955.555,10911.58,8607.796,2033.775,10270.72,8960.907,1982.074,10612.69,8552.241,2018.298,10466.57,9027.56,1974.46,10891.87
8671.444,1955.555,10911.61,8607.958,2033.775,10270.85,8961.066,1982.074,10612.82,8552.402,2018.298,10466.7,9027.718,1974.46,10892.01
8671.523,1955.555,10911.64,8608.133,2033.775,10270.97,8961.227,1982.074,10612.96,8552.567,2018.298,10466.83,9027.874,1974.46,10892.15
8671.602,1955.555,10911.67,8608.31,2033.775,10271.08,8961.382,1982.074,10613.1,8552.737,2018.298,10466.95,9028.034,1974.46,10892.28
8671.678,1955.555,10911.71,8608.482,2033.775,10271.19,8961.538,1982.074,10613.23,8552.92,2018.298,10467.05,9028.188,1974.46,10892.42
8671.753,1955.555,10911.75,8608.651,2033.775,10271.31,8961.699,1982.074,10613.37,8553.1,2018.298,10467.16,9028.346,1974.46,10892.56
8671.824,1955.555,10911.79,8608.816,2033.775,10271.44,8961.855,1982.074,10613.5,8553.286,2018.298,10467.25,9028.509,1974.46,10892.69
8671.896,1955.555,10911.83,8608.978,2033.775,10271.57,8961.997,1982.074,10613.66,8553.47,2018.298,10467.35,9028.676,1974.46,10892.81
8671.966,1955.555,10911.88,8609.134,2033.775,10271.71,8962.132,1982.074,10613.82,8553.65,2018.298,10467.45,9028.847,1974.46,10892.93
8672.037,1955.555,10911.92,8609.286,2033.775,10271.85,8962.271,1982.074,10613.97,8553.829,2018.298,10467.56,9029.021,1974.46,10893.04
8672.109,1955.555,10911.97,8609.432,2033.775,10272,8962.416,1982.074,10614.12,8554.004,2018.298,10467.67,9029.2,1974.46,10893.15
8672.183,1955.555,10912.01,8609.572,2033.775,10272.15,8962.564,1982.074,10614.27,8554.188,2018.298,10467.77,9029.389,1974.46,10893.24
8672.257,1955.555,10912.04,8609.718,2033.775,10272.3,8962.718,1982.074,10614.41,8554.369,2018.298,10467.87,9029.574,1974.46,10893.33
8672.325,1955.555,10912.09,8609.868,2033.775,10272.45,8962.876,1982.074,10614.54,8554.547,2018.298,10467.98,9029.757,1974.46,10893.43
8672.395,1955.555,10912.13,8610.023,2033.775,10272.59,8963.012,1982.074,10614.7,8554.721,2018.298,10468.1,9029.936,1974.46,10893.54
8672.466,1955.555,10912.17,8610.172,2033.775,10272.73,8963.152,1982.074,10614.86,8554.891,2018.298,10468.22,9030.111,1974.46,10893.65
8672.536,1955.555,10912.22,8610.32,2033.775,10272.88,8963.293,1982.074,10615.01,8555.061,2018.298,10468.34,9030.287,1974.46,10893.76
8672.606,1955.555,10912.26,8610.469,2033.775,10273.03,8963.434,1982.074,10615.16,8555.23,2018.298,10468.46,9030.463,1974.46,10893.88
8672.677,1955.555,10912.3,8610.617,2033.775,10273.17,8963.574,1982.074,10615.32,8555.4,2018.298,10468.58,9030.639,1974.46,10893.99
8672.747,1955.555,10912.34,8610.766,2033.775,10273.32,8963.715,1982.074,10615.47,8555.57,2018.298,10468.7,9030.814,1974.46,10894.1
8672.817,1955.555,10912.38,8610.914,2033.775,10273.47,8963.855,1982.074,10615.62,8555.74,2018.298,10468.82,9030.99,1974.46,10894.21
8672.888,1955.555,10912.42,8611.063,2033.775,10273.61,8963.996,1982.074,10615.78,8555.91,2018.298,10468.94,9031.166,1974.46,10894.33
8672.957,1955.555,10912.46,8611.211,2033.775,10273.76,8964.137,1982.074,10615.93,8556.08,2018.298,10469.06,9031.342,1974.46,10894.44
8673.026,1955.555,10912.5,8611.359,2033.775,10273.91,8964.277,1982.074,10616.08,8556.25,2018.298,10469.18,9031.518,1974.46,10894.55
8673.096,1955.555,10912.54,8611.508,2033.775,10274.05,8964.418,1982.074,10616.24,8556.42,2018.298,10469.3,9031.693,1974.46,10894.66
8673.165,1955.555,10912.58,8611.656,2033.775,10274.2,8964.559,1982.074,10616.39,8556.59,2018.298,10469.42,9031.869,1974.46,10894.78
8673.234,1955.555,10912.62,8611.805,2033.775,10274.34,8964.699,1982.074,10616.54,8556.76,2018.298,10469.54,9032.045,1974.46,10894.89
8673.303,1955.555,10912.66,8611.953,2033.775,10274.49,8964.84,1982.074,10616.7,8556.93,2018.298,10469.66,9032.221,1974.46,10895
8673.371,1955.555,10912.7,8612.102,2033.775,10274.64,8964.98,1982.074,10616.85,8557.1,2018.298,10469.78,9032.396,1974.46,10895.11
8673.439,1955.555,10912.74,8612.25,2033.775,10274.78,8965.121,1982.074,10617,8557.27,2018.298,10469.9,9032.572,1974.46,10895.22
8673.508,1955.555,10912.78,8612.398,2033.775,10274.93,8965.262,1982.074,10617.16,8557.439,2018.298,10470.02,9032.748,1974.46,10895.34
8673.576,1955.555,10912.82,8612.547,2033.775,10275.08,8965.402,1982.074,10617.31,8557.609,2018.298,10470.14,9032.924,1974.46,10895.45
8673.645,1955.555,10912.86,8612.695,2033.775,10275.22,8965.543,1982.074,10617.46,8557.779,2018.298,10470.26,9033.1,1974.46,10895.56
8673.712,1955.555,10912.9,8612.844,2033.775,10275.37,8965.684,1982.074,10617.62,8557.949,2018.298,10470.38,9033.275,1974.46,10895.67
8673.779,1955.555,10912.94,8612.992,2033.775,10275.52,8965.824,1982.074,10617.77,8558.119,2018.298,10470.5,9033.451,1974.46,10895.79
8673.848,1955.555,10912.98,8613.146,2033.775,10275.66,8965.97,1982.074,10617.92,8558.294,2018.298,10470.61,9033.623,1974.46,10895.9
8673.917,1955.555,10913.02,8613.302,2033.775,10275.8,8966.118,1982.074,10618.06,8558.474,2018.298,10470.72,9033.784,1974.46,10896.04
8673.987,1955.555,10913.05,8613.448,2033.775,10275.94,8966.271,1982.074,10618.21,8558.649,2018.298,10470.83,9033.95,1974.46,10896.16
8674.06,1955.555,10913.08,8613.599,2033.775,10276.09,8966.408,1982.074,10618.36,8558.821,2018.298,10470.95,9034.12,1974.46,10896.28
8674.131,1955.555,10913.11,8613.733,2033.775,10276.25,8966.55,1982.074,10618.51,8558.989,2018.298,10471.07,9034.278,1974.46,10896.42
8674.201,1955.555,10913.14,8613.873,2033.775,10276.4,8966.696,1982.074,10618.66,8559.138,2018.298,10471.21,9034.44,1974.46,10896.55
8674.275,1955.555,10913.16,8614.018,2033.775,10276.55,8966.848,1982.074,10618.8,8559.288,2018.298,10471.36,9034.606,1974.46,10896.67
8674.349,1955.555,10913.18,8614.159,2033.775,10276.7,8967.004,1982.074,10618.94,8559.443,2018.298,10471.5,9034.776,1974.46,10896.79
8674.421,1955.555,10913.21,8614.305,2033.775,10276.85,8967.164,1982.074,10619.08,8559.604,2018.298,10471.63,9034.945,1974.46,10896.92
8674.491,1955.555,10913.24,8614.455,2033.775,10277,8967.334,1982.074,10619.2,8559.768,2018.298,10471.76,9035.118,1974.46,10897.03
8674.561,1955.555,10913.27,8614.61,2033.775,10277.14,8967.514,1982.074,10619.3,8559.924,2018.298,10471.9,9035.294,1974.46,10897.14
8674.631,1955.555,10913.3,8614.77,2033.775,10277.27,8967.689,1982.074,10619.42,8560.085,2018.298,10472.03,9035.473,1974.46,10897.25
8674.703,1955.555,10913.32,8614.939,2033.775,10277.39,8967.861,1982.074,10619.53,8560.25,2018.298,10472.16,9035.652,1974.46,10897.36
8674.774,1955.555,10913.34,8615.105,2033.775,10277.52,8968.029,1982.074,10619.66,8560.419,2018.298,10472.28,9035.829,1974.46,10897.47
8674.845,1955.555,10913.37,8615.283,2033.775,10277.63,8968.193,1982.074,10619.79,8560.592,2018.298,10472.4,9036.002,1974.46,10897.58
8674.914,1955.555,10913.39,8615.457,2033.775,10277.74,8968.353,1982.074,10619.92,8560.768,2018.298,10472.51,9036.179,1974.46,10897.69
8674.982,1955.555,10913.42,8615.631,2033.775,10277.85,8968.508,1982.074,10620.06,8560.946,2018.298,10472.62,9036.352,1974.46,10897.81
8675.05,1955.555,10913.46,8615.801,2033.775,10277.97,8968.667,1982.074,10620.19,8561.133,2018.298,10472.71,9036.528,1974.46,10897.92
8675.116,1955.555,10913.49,8615.967,2033.775,10278.1,8968.822,1982.074,10620.33,8561.316,2018.298,10472.8,9036.701,1974.46,10898.04
8675.182,1955.555,10913.53,8616.133,2033.775,10278.23,8968.978,1982.074,10620.47,8561.5,2018.298,10472.9,9036.874,1974.46,10898.15
8675.247,1955.555,10913.56,8616.299,2033.775,10278.35,8969.133,1982.074,10620.61,8561.684,2018.298,10473,9037.047,1974.46,10898.27
8675.313,1955.555,10913.59,8616.465,2033.775,10278.48,8969.288,1982.074,10620.75,8561.867,2018.298,10473.1,9037.22,1974.46,10898.38
8675.378,1955.555,10913.63,8616.631,2033.775,10278.6,8969.443,1982.074,10620.88,8562.051,2018.298,10473.2,9037.393,1974.46,10898.5
8675.443,1955.555,10913.66,8616.797,2033.775,10278.73,8969.599,1982.074,10621.02,8562.234,2018.298,10473.29,9037.565,1974.46,10898.62
8675.509,1955.555,10913.69,8616.963,2033.775,10278.86,8969.754,1982.074,10621.16,8562.418,2018.298,10473.39,9037.738,1974.46,10898.73
8675.573,1955.555,10913.73,8617.129,2033.775,10278.98,8969.909,1982.074,10621.3,8562.602,2018.298,10473.49,9037.911,1974.46,10898.85
8675.638,1955.555,10913.76,8617.295,2033.775,10279.11,8970.064,1982.074,10621.44,8562.785,2018.298,10473.59,9038.084,1974.46,10898.97
8675.702,1955.555,10913.79,8617.461,2033.775,10279.23,8970.22,1982.074,10621.58,8562.969,2018.298,10473.68,9038.257,1974.46,10899.08
8675.767,1955.555,10913.83,8617.627,2033.775,10279.36,8970.375,1982.074,10621.72,8563.152,2018.298,10473.78,9038.43,1974.46,10899.2
8675.831,1955.555,10913.86,8617.793,2033.775,10279.49,8970.53,1982.074,10621.86,8563.336,2018.298,10473.88,9038.603,1974.46,10899.31
8675.896,1955.555,10913.89,8617.959,2033.775,10279.61,8970.686,1982.074,10621.99,8563.52,2018.298,10473.98,9038.775,1974.46,10899.43
8675.959,1955.555,10913.93,8618.125,2033.775,10279.74,8970.841,1982.074,10622.13,8563.703,2018.298,10474.07,9038.948,1974.46,10899.55
8676.022,1955.555,10913.96,8618.291,2033.775,10279.86,8970.996,1982.074,10622.27,8563.887,2018.298,10474.17,9039.121,1974.46,10899.66
8676.086,1955.555,10913.99,8618.457,2033.775,10279.99,8971.151,1982.074,10622.41,8564.07,2018.298,10474.27,9039.294,1974.46,10899.78
8676.149,1955.555,10914.03,8618.623,2033.775,10280.12,8971.307,1982.074,10622.55,8564.254,2018.298,10474.37,9039.467,1974.46,10899.9
8676.213,1955.555,10914.06,8618.789,2033.775,10280.24,8971.462,1982.074,10622.69,8564.438,2018.298,10474.46,9039.64,1974.46,10900.01
8676.276,1955.555,10914.09,8618.955,2033.775,10280.37,8971.617,1982.074,10622.83,8564.621,2018.298,10474.56,9039.813,1974.46,10900.13
8676.34,1955.555,10914.12,8619.121,2033.775,10280.49,8971.772,1982.074,10622.96,8564.805,2018.298,10474.66,9039.985,1974.46,10900.24
8676.402,1955.555,10914.16,8619.287,2033.775,10280.62,8971.928,1982.074,10623.1,8564.988,2018.298,10474.76,9040.158,1974.46,10900.36
8676.464,1955.555,10914.19,8619.453,2033.775,10280.75,8972.087,1982.074,10623.24,8565.169,2018.298,10474.86,9040.334,1974.46,10900.47
8676.526,1955.555,10914.22,8619.614,2033.775,10280.88,8972.248,1982.074,10623.37,8565.346,2018.298,10474.97,9040.506,1974.46,10900.59
8676.59,1955.555,10914.25,8619.781,2033.775,10281,8972.404,1982.074,10623.51,8565.52,2018.298,10475.09,9040.682,1974.46,10900.7
8676.652,1955.555,10914.28,8619.949,2033.775,10281.13,8972.559,1982.074,10623.65,8565.689,2018.298,10475.21,9040.854,1974.46,10900.82
8676.713,1955.555,10914.32,8620.113,2033.775,10281.25,8972.701,1982.074,10623.8,8565.859,2018.298,10475.33,9041.023,1974.46,10900.94
8676.772,1955.555,10914.35,8620.273,2033.775,10281.39,8972.849,1982.074,10623.95,8566.025,2018.298,10475.45,9041.181,1974.46,10901.08
8676.832,1955.555,10914.39,8620.434,2033.775,10281.52,8972.996,1982.074,10624.09,8566.191,2018.298,10475.58,9041.338,1974.46,10901.21
8676.892,1955.555,10914.42,8620.594,2033.775,10281.66,8973.144,1982.074,10624.24,8566.357,2018.298,10475.71,9041.495,1974.46,10901.35
8676.951,1955.555,10914.46,8620.754,2033.775,10281.79,8973.291,1982.074,10624.39,8566.523,2018.298,10475.83,9041.652,1974.46,10901.49
8677.011,1955.555,10914.49,8620.914,2033.775,10281.92,8973.438,1982.074,10624.54,8566.689,2018.298,10475.96,9041.81,1974.46,10901.63
8677.07,1955.555,10914.53,8621.074,2033.775,10282.06,8973.586,1982.074,10624.68,8566.855,2018.298,10476.08,9041.967,1974.46,10901.76
8677.129,1955.555,10914.56,8621.234,2033.775,10282.19,8973.733,1982.074,10624.83,8567.021,2018.298,10476.21,9042.124,1974.46,10901.9
8677.188,1955.555,10914.6,8621.395,2033.775,10282.33,8973.881,1982.074,10624.98,8567.188,2018.298,10476.33,9042.281,1974.46,10902.04
8677.246,1955.555,10914.63,8621.555,2033.775,10282.46,8974.028,1982.074,10625.13,8567.354,2018.298,10476.46,9042.438,1974.46,10902.17
8677.305,1955.555,10914.67,8621.715,2033.775,10282.59,8974.176,1982.074,10625.27,8567.52,2018.298,10476.59,9042.596,1974.46,10902.31
8677.363,1955.555,10914.71,8621.875,2033.775,10282.73,8974.323,1982.074,10625.42,8567.686,2018.298,10476.71,9042.753,1974.46,10902.45
8677.422,1955.555,10914.74,8622.035,2033.775,10282.86,8974.471,1982.074,10625.57,8567.852,2018.298,10476.84,9042.91,1974.46,10902.58
8677.48,1955.555,10914.78,8622.195,2033.775,10282.99,8974.618,1982.074,10625.72,8568.018,2018.298,10476.96,9043.067,1974.46,10902.72
8677.539,1955.555,10914.81,8622.355,2033.775,10283.13,8974.766,1982.074,10625.86,8568.184,2018.298,10477.09,9043.225,1974.46,10902.86
8677.597,1955.555,10914.85,8622.511,2033.775,10283.27,8974.907,1982.074,10626.02,8568.346,2018.298,10477.22,9043.386,1974.46,10902.99
8677.655,1955.555,10914.88,8622.671,2033.775,10283.4,8975.054,1982.074,10626.17,8568.513,2018.298,10477.35,9043.552,1974.46,10903.11
8677.715,1955.555,10914.91,8622.826,2033.775,10283.54,8975.188,1982.074,10626.33,8568.684,2018.298,10477.47,9043.722,1974.46,10903.23
8677.772,1955.555,10914.94,8622.975,2033.775,10283.69,8975.327,1982.074,10626.48,8568.853,2018.298,10477.59,9043.895,1974.46,10903.35
8677.831,1955.555,10914.98,8623.128,2033.775,10283.83,8975.472,1982.074,10626.63,8569.027,2018.298,10477.7,9044.071,1974.46,10903.46
8677.891,1955.555,10915.01,8623.285,2033.775,10283.96,8975.62,1982.074,10626.78,8569.214,2018.298,10477.79,9044.257,1974.46,10903.55
8677.945,1955.555,10915.04,8623.438,2033.775,10284.11,8975.761,1982.074,10626.93,8569.396,2018.298,10477.89,9044.443,1974.46,10903.65
8678.001,1955.555,10915.08,8623.596,2033.775,10284.24,8975.903,1982.074,10627.08,8569.58,2018.298,10477.99,9044.627,1974.46,10903.75
8678.058,1955.555,10915.12,8623.749,2033.775,10284.38,8976.051,1982.074,10627.23,8569.761,2018.298,10478.1,9044.808,1974.46,10903.85
8678.115,1955.555,10915.15,8623.883,2033.775,10284.54,8976.201,1982.074,10627.38,8569.948,2018.298,10478.19,9044.991,1974.46,10903.95
8678.174,1955.555,10915.18,8624.021,2033.775,10284.7,8976.356,1982.074,10627.52,8570.133,2018.298,10478.29,9045.175,1974.46,10904.05
8678.233,1955.555,10915.21,8624.165,2033.775,10284.85,8976.516,1982.074,10627.65,8570.313,2018.298,10478.39,9045.354,1974.46,10904.15
8678.294,1955.555,10915.23,8624.313,2033.775,10285,8976.671,1982.074,10627.79,8570.491,2018.298,10478.5,9045.531,1974.46,10904.26
8678.355,1955.555,10915.26,8624.467,2033.775,10285.14,8976.806,1982.074,10627.95,8570.665,2018.298,10478.61,9045.715,1974.46,10904.36
8678.418,1955.555,10915.28,8624.625,2033.775,10285.27,8976.945,1982.074,10628.1,8570.84,2018.298,10478.73,9045.903,1974.46,10904.45
8678.479,1955.555,10915.3,8624.801,2033.775,10285.38,8977.09,1982.074,10628.25,8571.018,2018.298,10478.84,9046.089,1974.46,10904.55
8678.54,1955.555,10915.32,8624.973,2033.775,10285.5,8977.239,1982.074,10628.4,8571.191,2018.298,10478.95,9046.271,1974.46,10904.65
8678.6,1955.555,10915.35,8625.141,2033.775,10285.62,8977.38,1982.074,10628.55,8571.361,2018.298,10479.07,9046.452,1974.46,10904.75
8678.659,1955.555,10915.37,8625.305,2033.775,10285.75,8977.525,1982.074,10628.7,8571.527,2018.298,10479.2,9046.629,1974.46,10904.86
8678.719,1955.555,10915.4,8625.467,2033.775,10285.88,8977.676,1982.074,10628.84,8571.697,2018.298,10479.32,9046.802,1974.46,10904.98
8678.777,1955.555,10915.43,8625.625,2033.775,10286.02,8977.83,1982.074,10628.98,8571.866,2018.298,10479.44,9046.971,1974.46,10905.1
8678.837,1955.555,10915.46,8625.789,2033.775,10286.14,8977.989,1982.074,10629.12,8572.038,2018.298,10479.56,9047.144,1974.46,10905.22
8678.896,1955.555,10915.48,8625.964,2033.775,10286.26,8978.144,1982.074,10629.26,8572.206,2018.298,10479.68,9047.32,1974.46,10905.33
8678.949,1955.555,10915.52,8626.135,2033.775,10286.38,8978.299,1982.074,10629.4,8572.358,2018.298,10479.82,9047.493,1974.46,10905.44
8679.004,1955.555,10915.55,8626.302,2033.775,10286.5,8978.456,1982.074,10629.54,8572.516,2018.298,10479.96,9047.67,1974.46,10905.55
8679.06,1955.555,10915.59,8626.465,2033.775,10286.63,8978.617,1982.074,10629.67,8572.677,2018.298,10480.09,9047.843,1974.46,10905.67
8679.116,1955.555,10915.62,8626.623,2033.775,10286.77,8978.79,1982.074,10629.78,8572.842,2018.298,10480.22,9048.02,1974.46,10905.78
8679.173,1955.555,10915.64,8626.777,2033.775,10286.91,8978.959,1982.074,10629.91,8573.012,2018.298,10480.34,9048.192,1974.46,10905.9
8679.23,1955.555,10915.67,8626.909,2033.775,10287.07,8979.124,1982.074,10630.03,8573.184,2018.298,10480.46,9048.362,1974.46,10906.02
8679.287,1955.555,10915.7,8627.046,2033.775,10287.22,8979.291,1982.074,10630.16,8573.352,2018.298,10480.58,9048.536,1974.46,10906.13
8679.345,1955.555,10915.73,8627.18,2033.775,10287.38,8979.454,1982.074,10630.29,8573.518,2018.298,10480.71,9048.704,1974.46,10906.26
8679.401,1955.555,10915.75,8627.318,2033.775,10287.54,8979.613,1982.074,10630.42,8573.682,2018.298,10480.84,9048.876,1974.46,10906.37
8679.454,1955.555,10915.79,8627.459,2033.775,10287.69,8979.778,1982.074,10630.55,8573.85,2018.298,10480.96,9049.05,1974.46,10906.49
8679.508,1955.555,10915.82,8627.604,2033.775,10287.84,8979.939,1982.074,10630.68,8573.996,2018.298,10481.11,9049.228,1974.46,10906.6
8679.56,1955.555,10915.86,8627.755,2033.775,10287.99,8980.112,1982.074,10630.8,8574.147,2018.298,10481.25,9049.411,1974.46,10906.69
8679.612,1955.555,10915.89,8627.89,2033.775,10288.14,8980.281,1982.074,10630.92,8574.303,2018.298,10481.39,9049.592,1974.46,10906.8
8679.666,1955.555,10915.93,8628.03,2033.775,10288.3,8980.446,1982.074,10631.05,8574.458,2018.298,10481.53,9049.769,1974.46,10906.91
8679.72,1955.555,10915.96,8628.176,2033.775,10288.45,8980.62,1982.074,10631.16,8574.617,2018.298,10481.66,9049.943,1974.46,10907.02
8679.774,1955.555,10915.99,8628.326,2033.775,10288.59,8980.79,1982.074,10631.28,8574.781,2018.298,10481.79,9050.113,1974.46,10907.14
8679.827,1955.555,10916.02,8628.48,2033.775,10288.73,8980.956,1982.074,10631.41,8574.941,2018.298,10481.92,9050.287,1974.46,10907.26
8679.881,1955.555,10916.06,8628.629,2033.775,10288.88,8981.119,1982.074,10631.54,8575.106,2018.298,10482.05,9050.448,1974.46,10907.39
8679.936,1955.555,10916.09,8628.782,2033.775,10289.02,8981.277,1982.074,10631.67,8575.259,2018.298,10482.19,9050.614,1974.46,10907.51
8679.987,1955.555,10916.12,8628.94,2033.775,10289.15,8981.44,1982.074,10631.8,8575.416,2018.298,10482.33,9050.784,1974.46,10907.64
8680.04,1955.555,10916.15,8629.104,2033.775,10289.28,8981.604,1982.074,10631.93,8575.578,2018.298,10482.46,9050.938,1974.46,10907.78
8680.093,1955.555,10916.19,8629.265,2033.775,10289.42,8981.762,1982.074,10632.07,8575.734,2018.298,10482.6,9051.095,1974.46,10907.91
8680.146,1955.555,10916.22,8629.42,2033.775,10289.55,8981.925,1982.074,10632.2,8575.895,2018.298,10482.73,9051.248,1974.46,10908.05
8680.201,1955.555,10916.25,8629.58,2033.775,10289.69,8982.083,1982.074,10632.33,8576.058,2018.298,10482.86,9051.406,1974.46,10908.19
8680.257,1955.555,10916.27,8629.735,2033.775,10289.83,8982.226,1982.074,10632.48,8576.225,2018.298,10482.99,9051.568,1974.46,10908.32
8680.312,1955.555,10916.3,8629.894,2033.775,10289.96,8982.373,1982.074,10632.63,8576.382,2018.298,10483.12,9051.735,1974.46,10908.44
8680.367,1955.555,10916.33,8630.047,2033.775,10290.1,8982.525,1982.074,10632.77,8576.543,2018.298,10483.26,9051.891,1974.46,10908.58
8680.422,1955.555,10916.35,8630.205,2033.775,10290.24,8982.682,1982.074,10632.91,8576.709,2018.298,10483.38,9052.05,1974.46,10908.72
8680.478,1955.555,10916.38,8630.358,2033.775,10290.38,8982.842,1982.074,10633.04,8576.871,2018.298,10483.51,9052.214,1974.46,10908.85
8680.532,1955.555,10916.41,8630.51,2033.775,10290.52,8983.015,1982.074,10633.16,8577.025,2018.298,10483.65,9052.378,1974.46,10908.97
8680.588,1955.555,10916.43,8630.655,2033.775,10290.67,8983.188,1982.074,10633.27,8577.185,2018.298,10483.79,9052.546,1974.46,10909.1
8680.643,1955.555,10916.46,8630.806,2033.775,10290.82,8983.358,1982.074,10633.39,8577.348,2018.298,10483.92,9052.698,1974.46,10909.24
8680.694,1955.555,10916.49,8630.944,2033.775,10290.97,8983.524,1982.074,10633.52,8577.494,2018.298,10484.06,9052.855,1974.46,10909.38
8680.747,1955.555,10916.52,8631.088,2033.775,10291.12,8983.694,1982.074,10633.64,8577.646,2018.298,10484.21,9053.018,1974.46,10909.51
8680.799,1955.555,10916.55,8631.221,2033.775,10291.28,8983.859,1982.074,10633.76,8577.802,2018.298,10484.34,9053.172,1974.46,10909.65
8680.852,1955.555,10916.58,8631.359,2033.775,10291.44,8984.021,1982.074,10633.9,8577.954,2018.298,10484.49,9053.33,1974.46,10909.78
8680.905,1955.555,10916.61,8631.503,2033.775,10291.59,8984.178,1982.074,10634.03,8578.111,2018.298,10484.62,9053.493,1974.46,10909.91
8680.955,1955.555,10916.64,8631.651,2033.775,10291.74,8984.333,1982.074,10634.17,8578.272,2018.298,10484.75,9053.66,1974.46,10910.04
8681.006,1955.555,10916.68,8631.805,2033.775,10291.88,8984.493,1982.074,10634.31,8578.438,2018.298,10484.88,9053.824,1974.46,10910.16
8681.058,1955.555,10916.71,8631.962,2033.775,10292.01,8984.648,1982.074,10634.44,8578.597,2018.298,10485.02,9053.988,1974.46,10910.29
8681.109,1955.555,10916.74,8632.133,2033.775,10292.13,8984.797,1982.074,10634.59,8578.76,2018.298,10485.15,9054.157,1974.46,10910.41
8681.162,1955.555,10916.76,8632.3,2033.775,10292.26,8984.95,1982.074,10634.73,8578.91,2018.298,10485.29,9054.33,1974.46,10910.53
8681.212,1955.555,10916.8,8632.463,2033.775,10292.39,8985.103,1982.074,10634.88,8579.065,2018.298,10485.43,9054.506,1974.46,10910.64
8681.263,1955.555,10916.83,8632.623,2033.775,10292.52,8985.24,1982.074,10635.03,8579.222,2018.298,10485.57,9054.681,1974.46,10910.75
8681.314,1955.555,10916.86,8632.79,2033.775,10292.64,8985.383,1982.074,10635.18,8579.37,2018.298,10485.71,9054.852,1974.46,10910.87
8681.366,1955.555,10916.89,8632.953,2033.775,10292.77,8985.524,1982.074,10635.34,8579.522,2018.298,10485.86,9055.006,1974.46,10911.01
8681.419,1955.555,10916.91,8633.112,2033.775,10292.91,8985.663,1982.074,10635.49,8579.673,2018.298,10486,9055.165,1974.46,10911.15
8681.472,1955.555,10916.94,8633.267,2033.775,10293.05,8985.807,1982.074,10635.64,8579.821,2018.298,10486.15,9055.328,1974.46,10911.28
8681.525,1955.555,10916.96,8633.426,2033.775,10293.18,8985.955,1982.074,10635.79,8579.975,2018.298,10486.29,9055.495,1974.46,10911.4
8681.581,1955.555,10916.98,8633.58,2033.775,10293.32,8986.108,1982.074,10635.93,8580.133,2018.298,10486.42,9055.666,1974.46,10911.52
8681.636,1955.555,10917,8633.718,2033.775,10293.48,8986.259,1982.074,10636.07,8580.295,2018.298,10486.55,9055.84,1974.46,10911.64
8681.689,1955.555,10917.03,8633.851,2033.775,10293.64,8986.414,1982.074,10636.21,8580.46,2018.298,10486.68,9056,1974.46,10911.77
8681.742,1955.555,10917.05,8633.988,2033.775,10293.79,8986.573,1982.074,10636.35,8580.62,2018.298,10486.82,9056.165,1974.46,10911.9
8681.791,1955.555,10917.08,8634.132,2033.775,10293.95,8986.729,1982.074,10636.48,8580.784,2018.298,10486.94,9056.334,1974.46,10912.02
8681.84,1955.555,10917.12,8634.28,2033.775,10294.09,8986.888,1982.074,10636.62,8580.952,2018.298,10487.07,9056.495,1974.46,10912.15
8681.89,1955.555,10917.15,8634.417,2033.775,10294.25,8987.044,1982.074,10636.76,8581.124,2018.298,10487.18,9056.661,1974.46,10912.28
8681.938,1955.555,10917.18,8634.559,2033.775,10294.4,8987.18,1982.074,10636.91,8581.305,2018.298,10487.29,9056.824,1974.46,10912.41
8681.986,1955.555,10917.21,8634.691,2033.775,10294.56,8987.321,1982.074,10637.07,8581.49,2018.298,10487.38,9056.981,1974.46,10912.54
8682.036,1955.555,10917.24,8634.829,2033.775,10294.72,8987.468,1982.074,10637.22,8581.672,2018.298,10487.48,9057.144,1974.46,10912.67
8682.086,1955.555,10917.27,8634.973,2033.775,10294.87,8987.606,1982.074,10637.37,8581.851,2018.298,10487.59,9057.307,1974.46,10912.8
8682.137,1955.555,10917.3,8635.118,2033.775,10295.02,8987.75,1982.074,10637.52,8582.025,2018.298,10487.71,9057.474,1974.46,10912.93
8682.186,1955.555,10917.33,8635.258,2033.775,10295.17,8987.896,1982.074,10637.67,8582.209,2018.298,10487.8,9057.641,1974.46,10913.05
8682.235,1955.555,10917.36,8635.394,2033.775,10295.33,8988.046,1982.074,10637.82,8582.389,2018.298,10487.91,9057.8,1974.46,10913.19
8682.286,1955.555,10917.39,8635.534,2033.775,10295.49,8988.201,1982.074,10637.95,8582.565,2018.298,10488.02,9057.963,1974.46,10913.32
8682.333,1955.555,10917.42,8635.68,2033.775,10295.63,8988.359,1982.074,10638.09,8582.742,2018.298,10488.13,9058.126,1974.46,10913.44
8682.381,1955.555,10917.45,8635.83,2033.775,10295.78,8988.521,1982.074,10638.22,8582.915,2018.298,10488.25,9058.293,1974.46,10913.57
8682.43,1955.555,10917.48,8635.985,2033.775,10295.92,8988.68,1982.074,10638.36,8583.088,2018.298,10488.36,9058.456,1974.46,10913.7
8682.479,1955.555,10917.51,8636.146,2033.775,10296.05,8988.842,1982.074,10638.49,8583.269,2018.298,10488.46,9058.623,1974.46,10913.82
8682.529,1955.555,10917.54,8636.301,2033.775,10296.19,8989.011,1982.074,10638.61,8583.446,2018.298,10488.57,9058.776,1974.46,10913.96
8682.576,1955.555,10917.57,8636.461,2033.775,10296.32,8989.189,1982.074,10638.71,8583.622,2018.298,10488.69,9058.935,1974.46,10914.1
8682.624,1955.555,10917.6,8636.616,2033.775,10296.46,8989.364,1982.074,10638.83,8583.794,2018.298,10488.8,9059.092,1974.46,10914.24
8682.673,1955.555,10917.63,8636.765,2033.775,10296.61,8989.535,1982.074,10638.95,8583.968,2018.298,10488.92,9059.253,1974.46,10914.37
8682.723,1955.555,10917.66,8636.918,2033.775,10296.75,8989.702,1982.074,10639.07,8584.138,2018.298,10489.04,9059.418,1974.46,10914.5
8682.793,1955.555,10917.7,8637.147,2033.775,10296.95,8989.939,1982.074,10639.26,8584.38,2018.298,10489.22,9059.665,1974.46,10914.67
8682.872,1955.555,10917.75,8637.41,2033.775,10297.16,8990.197,1982.074,10639.48,8584.619,2018.298,10489.46,9059.947,1974.46,10914.86
8682.967,1955.555,10917.8,8637.71,2033.775,10297.42,8990.509,1982.074,10639.73,8584.909,2018.298,10489.74,9060.285,1974.46,10915.07
8683.079,1955.555,10917.85,8638.05,2033.775,10297.74,8990.882,1982.074,10640,8585.245,2018.298,10490.05,9060.671,1974.46,10915.33
8683.157,1955.555,10917.9,8638.3,2033.775,10297.96,8991.143,1982.074,10640.21,8585.493,2018.298,10490.28,9060.953,1974.46,10915.5
8683.332,1955.555,10918,8638.897,2033.775,10298.43,8991.725,1982.074,10640.7,8586.035,2018.298,10490.81,9061.62,1974.46,10915.87
8683.479,1955.555,10918.08,8639.382,2033.775,10298.83,8992.194,1982.074,10641.12,8586.5,2018.298,10491.24,9062.164,1974.46,10916.19
8683.651,1955.555,10918.2,8640.023,2033.775,10299.27,8992.788,1982.074,10641.62,8587.088,2018.298,10491.75,9062.819,1974.46,10916.61
8683.813,1955.555,10918.3,8640.606,2033.775,10299.7,8993.394,1982.074,10642.01,8587.649,2018.298,10492.2,9063.415,1974.46,10917.01
8683.943,1955.555,10918.38,8641.089,2033.775,10300.04,8993.877,1982.074,10642.35,8588.12,2018.298,10492.56,9063.872,1974.46,10917.39
8684.157,1955.555,10918.52,8641.853,2033.775,10300.61,8994.644,1982.074,10642.92,8588.901,2018.298,10493.11,9064.633,1974.46,10917.97
8684.333,1955.555,10918.62,8642.506,2033.775,10301.03,8995.298,1982.074,10643.34,8589.518,2018.298,10493.58,9065.256,1974.46,10918.43
8684.579,1955.555,10918.74,8643.391,2033.775,10301.63,8996.184,1982.074,10643.94,8590.305,2018.298,10494.3,9066.138,1974.46,10919.03
8684.853,1955.555,10918.88,8644.382,2033.775,10302.26,8997.138,1982.074,10644.63,8591.197,2018.298,10495.07,9067.05,1974.46,10919.78
8684.951,1955.555,10918.92,8644.731,2033.775,10302.51,8997.473,1982.074,10644.89,8591.527,2018.298,10495.34,9067.387,1974.46,10920.04
8685.197,1955.555,10919.04,8645.597,2033.775,10303.15,8998.3,1982.074,10645.58,8592.339,2018.298,10496.04,9068.263,1974.46,10920.66
8685.52,1955.555,10919.21,8646.729,2033.775,10304.04,8999.38,1982.074,10646.54,8593.421,2018.298,10497,9069.465,1974.46,10921.46
8685.69,1955.555,10919.29,8647.312,2033.775,10304.53,8999.911,1982.074,10647.08,8594.008,2018.298,10497.49,9070.112,1974.46,10921.87
8686.051,1955.555,10919.5,8648.699,2033.775,10305.46,9001.05,1982.074,10648.31,8595.328,2018.298,10498.51,9071.502,1974.46,10922.79
8686.249,1955.555,10919.6,8649.438,2033.775,10305.99,9001.69,1982.074,10648.95,8596.064,2018.298,10499.04,9072.186,1974.46,10923.39
8686.566,1955.555,10919.76,8650.579,2033.775,10306.87,9002.738,1982.074,10649.94,8597.345,2018.298,10499.7,9073.299,1974.46,10924.3
8686.82,1955.555,10919.94,8651.57,2033.775,10307.68,9003.657,1982.074,10650.83,8598.465,2018.298,10500.32,9074.247,1974.46,10925.17
8687.085,1955.555,10920.12,8652.589,2033.775,10308.52,9004.581,1982.074,10651.77,8599.595,2018.298,10501,9075.25,1974.46,10926.02
8687.359,1955.555,10920.29,8653.601,2033.775,10309.4,9005.535,1982.074,10652.72,8600.725,2018.298,10501.73,9076.244,1974.46,10926.93
8687.638,1955.555,10920.45,8654.613,2033.775,10310.29,9006.52,1982.074,10653.63,8601.867,2018.298,10502.44,9077.268,1974.46,10927.8
8687.896,1955.555,10920.58,8655.556,2033.775,10311.09,9007.451,1982.074,10654.45,8602.896,2018.298,10503.13,9078.233,1974.46,10928.57
8688.229,1955.555,10920.79,8656.778,2033.775,10312.2,9008.585,1982.074,10655.65,8604.352,2018.298,10503.91,9079.558,1974.46,10929.56
8688.528,1955.555,10920.96,8657.902,2033.775,10313.15,9009.521,1982.074,10656.79,8605.629,2018.298,10504.64,9080.768,1974.46,10930.4
8688.747,1955.555,10921.11,8658.754,2033.775,10313.93,9010.278,1982.074,10657.65,8606.643,2018.298,10505.19,9081.732,1974.46,10931.03
8689.138,1955.555,10921.39,8660.324,2033.775,10315.26,9011.688,1982.074,10659.16,8608.426,2018.298,10506.22,9083.606,1974.46,10931.89
8689.429,1955.555,10921.58,8661.574,2033.775,10316.11,9012.755,1982.074,10660.23,8609.707,2018.298,10507.02,9084.959,1974.46,10932.56
8689.659,1955.555,10921.72,8662.524,2033.775,10316.8,9013.612,1982.074,10661.03,8610.712,2018.298,10507.63,9085.993,1974.46,10933.12
8690.023,1955.555,10921.92,8663.972,2033.775,10317.93,9014.918,1982.074,10662.32,8612.282,2018.298,10508.58,9087.578,1974.46,10934.04
8690.352,1955.555,10922.09,8665.226,2033.775,10318.97,9016.094,1982.074,10663.45,8613.652,2018.298,10509.47,9088.961,1974.46,10934.91
8690.761,1955.555,10922.29,8666.797,2033.775,10320.24,9017.591,1982.074,10664.8,8615.407,2018.298,10510.46,9090.633,1974.46,10936.03
8691.014,1955.555,10922.4,8667.735,2033.775,10321.04,9018.437,1982.074,10665.7,8616.464,2018.298,10511.1,9091.669,1974.46,10936.71
8691.373,1955.555,10922.57,8669.058,2033.775,10322.25,9019.705,1982.074,10666.97,8617.965,2018.298,10512.08,9093.139,1974.46,10937.74
8691.755,1955.555,10922.82,8670.628,2033.775,10323.6,9021.216,1982.074,10668.38,8619.77,2018.298,10513.1,9094.669,1974.46,10939.13
8691.889,1955.555,10922.9,8671.23,2033.775,10323.98,9021.751,1982.074,10668.85,8620.379,2018.298,10513.47,9095.211,1974.46,10939.59
8692.338,1955.555,10923.16,8673.187,2033.775,10325.31,9023.577,1982.074,10670.35,8622.358,2018.298,10514.76,9097.052,1974.46,10941.07
8692.665,1955.555,10923.35,8674.582,2033.775,10326.32,9024.967,1982.074,10671.37,8623.771,2018.298,10515.74,9098.431,1974.46,10942.11
8693.028,1955.555,10923.59,8676.169,2033.775,10327.55,9026.547,1982.074,10672.62,8625.381,2018.298,10516.95,9099.994,1974.46,10943.37
8693.272,1955.555,10923.74,8677.189,2033.775,10328.4,9027.563,1982.074,10673.47,8626.365,2018.298,10517.84,9101.053,1974.46,10944.17
8693.668,1955.555,10923.97,8678.78,2033.775,10329.79,9029.185,1982.074,10674.82,8627.975,2018.298,10519.2,9102.775,1974.46,10945.39
8694.004,1955.555,10924.15,8680.084,2033.775,10331,9030.516,1982.074,10676,8629.37,2018.298,10520.31,9104.263,1974.46,10946.37
8694.228,1955.555,10924.26,8680.937,2033.775,10331.8,9031.267,1982.074,10676.9,8630.311,2018.298,10521,9105.295,1974.46,10946.92
8694.691,1955.555,10924.48,8682.474,2033.775,10333.64,9032.862,1982.074,10678.68,8632.095,2018.298,10522.6,9107.367,1974.46,10948.11
8694.925,1955.555,10924.58,8683.276,2033.775,10334.53,9033.693,1982.074,10679.55,8632.977,2018.298,10523.42,9108.446,1974.46,10948.65
8695.272,1955.555,10924.75,8684.528,2033.775,10335.84,9034.911,1982.074,10680.89,8634.345,2018.298,10524.61,9110.045,1974.46,10949.5
8695.558,1955.555,10924.89,8685.51,2033.775,10337,9035.938,1982.074,10682.01,8635.506,2018.298,10525.58,9111.357,1974.46,10950.26
8695.776,1955.555,10924.99,8686.279,2033.775,10337.84,9036.74,1982.074,10682.82,8636.395,2018.298,10526.3,9112.37,1974.46,10950.79
8696.182,1955.555,10925.16,8687.729,2033.775,10339.34,9038.249,1982.074,10684.26,8638.053,2018.298,10527.56,9114.179,1974.46,10951.82
8696.292,1955.555,10925.2,8688.114,2033.775,10339.77,9038.648,1982.074,10684.67,8638.521,2018.298,10527.89,9114.669,1974.46,10952.13
8696.651,1955.555,10925.32,8689.375,2033.775,10341.07,9039.928,1982.074,10685.96,8639.966,2018.298,10528.99,9116.183,1974.46,10953.13
8696.903,1955.555,10925.4,8690.155,2033.775,10342.07,9040.779,1982.074,10686.9,8640.887,2018.298,10529.87,9117.22,1974.46,10953.86
8697.178,1955.555,10925.49,8691.053,2033.775,10343.15,9041.754,1982.074,10687.91,8641.935,2018.298,10530.8,9118.392,1974.46,10954.63
8697.416,1955.555,10925.58,8691.876,2033.775,10344.08,9042.53,1982.074,10688.88,8642.825,2018.298,10531.66,9119.47,1974.46,10955.25
8697.54,1955.555,10925.64,8692.321,2033.775,10344.56,9042.959,1982.074,10689.38,8643.296,2018.298,10532.12,9120.031,1974.46,10955.59
8697.825,1955.555,10925.76,8693.286,2033.775,10345.74,9043.988,1982.074,10690.5,8644.42,2018.298,10533.15,9121.305,1974.46,10956.42
8698.028,1955.555,10925.86,8694.015,2033.775,10346.58,9044.763,1982.074,10691.29,8645.214,2018.298,10533.92,9122.209,1974.46,10957.06
8698.169,1955.555,10925.92,8694.53,2033.775,10347.13,9045.275,1982.074,10691.84,8645.773,2018.298,10534.43,9122.825,1974.46,10957.5
8698.431,1955.555,10926,8695.472,2033.775,10348.07,9046.152,1982.074,10692.85,8646.789,2018.298,10535.29,9123.937,1974.46,10958.23
8698.631,1955.555,10926.06,8696.228,2033.775,10348.78,9046.805,1982.074,10693.65,8647.575,2018.298,10535.96,9124.782,1974.46,10958.83
8698.817,1955.555,10926.13,8696.96,2033.775,10349.42,9047.443,1982.074,10694.39,8648.335,2018.298,10536.58,9125.596,1974.46,10959.37
8698.996,1955.555,10926.2,8697.757,2033.775,10349.94,9048.089,1982.074,10695.09,8649.048,2018.298,10537.21,9126.372,1974.46,10959.92
8699.166,1955.555,10926.28,8698.506,2033.775,10350.47,9048.73,1982.074,10695.74,8649.685,2018.298,10537.86,9127.112,1974.46,10960.46
8699.335,1955.555,10926.33,8699.206,2033.775,10350.99,9049.365,1982.074,10696.34,8650.314,2018.298,10538.47,9127.804,1974.46,10960.99
8699.517,1955.555,10926.39,8699.951,2033.775,10351.59,9049.977,1982.074,10697.08,8651.023,2018.298,10539.11,9128.577,1974.46,10961.55
8699.633,1955.555,10926.44,8700.42,2033.775,10351.99,9050.367,1982.074,10697.55,8651.494,2018.298,10539.51,9129.062,1974.46,10961.94
8699.809,1955.555,10926.51,8701.119,2033.775,10352.63,9050.991,1982.074,10698.26,8652.237,2018.298,10540.09,9129.824,1974.46,10962.5
8699.954,1955.555,10926.58,8701.715,2033.775,10353.14,9051.525,1982.074,10698.84,8652.869,2018.298,10540.56,9130.424,1974.46,10963
8700.099,1955.555,10926.63,8702.304,2033.775,10353.63,9052.007,1982.074,10699.43,8653.548,2018.298,10540.91,9131.021,1974.46,10963.48
8700.235,1955.555,10926.68,8702.853,2033.775,10354.11,9052.486,1982.074,10699.98,8654.188,2018.298,10541.26,9131.598,1974.46,10963.93
8700.367,1955.555,10926.74,8703.374,2033.775,10354.6,9052.974,1982.074,10700.51,8654.803,2018.298,10541.63,9132.147,1974.46,10964.39
8700.491,1955.555,10926.79,8703.799,2033.775,10355.13,9053.455,1982.074,10700.99,8655.378,2018.298,10542,9132.687,1974.46,10964.81
8700.615,1955.555,10926.85,8704.236,2033.775,10355.65,9053.881,1982.074,10701.52,8655.935,2018.298,10542.38,9133.232,1974.46,10965.21
8700.732,1955.555,10926.91,8704.666,2033.775,10356.13,9054.305,1982.074,10702.01,8656.498,2018.298,10542.7,9133.73,1974.46,10965.62
8700.847,1955.555,10926.96,8705.079,2033.775,10356.61,9054.734,1982.074,10702.47,8657.038,2018.298,10543.03,9134.23,1974.46,10966.01
8700.957,1955.555,10927.01,8705.474,2033.775,10357.08,9055.162,1982.074,10702.91,8657.547,2018.298,10543.36,9134.723,1974.46,10966.37
8701.03,1955.555,10927.05,8705.745,2033.775,10357.38,9055.454,1982.074,10703.18,8657.9,2018.298,10543.56,9135.015,1974.46,10966.64
8701.183,1955.555,10927.15,8706.365,2033.775,10358.03,9056.125,1982.074,10703.78,8658.689,2018.298,10543.98,9135.685,1974.46,10967.24
8701.243,1955.555,10927.18,8706.612,2033.775,10358.27,9056.391,1982.074,10704,8658.988,2018.298,10544.16,9135.95,1974.46,10967.46
8701.386,1955.555,10927.26,8707.205,2033.775,10358.81,9056.993,1982.074,10704.54,8659.67,2018.298,10544.59,9136.56,1974.46,10967.99
8701.447,1955.555,10927.29,8707.441,2033.775,10359.06,9057.21,1982.074,10704.8,8659.962,2018.298,10544.77,9136.825,1974.46,10968.21
8701.508,1955.555,10927.32,8707.678,2033.775,10359.29,9057.429,1982.074,10705.05,8660.238,2018.298,10544.95,9137.089,1974.46,10968.41
8701.619,1955.555,10927.38,8708.09,2033.775,10359.76,9057.856,1982.074,10705.51,8660.786,2018.298,10545.25,9137.575,1974.46,10968.8
8701.71,1955.555,10927.42,8708.432,2033.775,10360.13,9058.188,1982.074,10705.88,8661.225,2018.298,10545.49,9137.975,1974.46,10969.1
8701.81,1955.555,10927.47,8708.786,2033.775,10360.56,9058.57,1982.074,10706.29,8661.721,2018.298,10545.74,9138.432,1974.46,10969.42
8701.846,1955.555,10927.5,8708.924,2033.775,10360.71,9058.718,1982.074,10706.43,8661.902,2018.298,10545.85,9138.598,1974.46,10969.54
8701.95,1955.555,10927.55,8709.326,2033.775,10361.14,9059.148,1982.074,10706.83,8662.406,2018.298,10546.15,9139.078,1974.46,10969.88
8702.023,1955.555,10927.59,8709.612,2033.775,10361.43,9059.4,1982.074,10707.15,8662.746,2018.298,10546.37,9139.413,1974.46,10970.11
8702.102,1955.555,10927.64,8709.934,2033.775,10361.74,9059.692,1982.074,10707.49,8663.118,2018.298,10546.62,9139.767,1974.46,10970.39
8702.168,1955.555,10927.68,8710.227,2033.775,10362.01,9059.96,1982.074,10707.79,8663.463,2018.298,10546.82,9140.079,1974.46,10970.63
8702.206,1955.555,10927.71,8710.38,2033.775,10362.17,9060.113,1982.074,10707.94,8663.65,2018.298,10546.93,9140.257,1974.46,10970.76
8702.298,1955.555,10927.76,8710.758,2033.775,10362.54,9060.483,1982.074,10708.32,8664.089,2018.298,10547.23,9140.662,1974.46,10971.1
8702.345,1955.555,10927.79,8710.937,2033.775,10362.73,9060.648,1982.074,10708.52,8664.304,2018.298,10547.38,9140.863,1974.46,10971.27
8702.417,1955.555,10927.82,8711.216,2033.775,10363.02,9060.907,1982.074,10708.83,8664.621,2018.298,10547.62,9141.177,1974.46,10971.51
8702.479,1955.555,10927.85,8711.459,2033.775,10363.25,9061.135,1982.074,10709.08,8664.882,2018.298,10547.83,9141.448,1974.46,10971.71
8702.526,1955.555,10927.87,8711.638,2033.775,10363.43,9061.31,1982.074,10709.26,8665.071,2018.298,10548,9141.655,1974.46,10971.86
8702.616,1955.555,10927.91,8711.963,2033.775,10363.78,9061.656,1982.074,10709.59,8665.445,2018.298,10548.3,9142.056,1974.46,10972.13
8702.656,1955.555,10927.93,8712.108,2033.775,10363.93,9061.811,1982.074,10709.73,8665.602,2018.298,10548.44,9142.225,1974.46,10972.25
8702.72,1955.555,10927.95,8712.346,2033.775,10364.16,9062.045,1982.074,10709.96,8665.855,2018.298,10548.65,9142.465,1974.46,10972.47
8702.76,1955.555,10927.96,8712.482,2033.775,10364.32,9062.2,1982.074,10710.11,8666.021,2018.298,10548.78,9142.623,1974.46,10972.61
8702.827,1955.555,10927.99,8712.725,2033.775,10364.59,9062.442,1982.074,10710.37,8666.296,2018.298,10549.01,9142.896,1974.46,10972.85
8702.875,1955.555,10928.02,8712.905,2033.775,10364.77,9062.617,1982.074,10710.56,8666.481,2018.298,10549.19,9143.097,1974.46,10973.01
8702.913,1955.555,10928.04,8713.033,2033.775,10364.94,9062.763,1982.074,10710.71,8666.636,2018.298,10549.33,9143.247,1974.46,10973.15
8702.963,1955.555,10928.07,8713.218,2033.775,10365.16,9062.971,1982.074,10710.91,8666.855,2018.298,10549.52,9143.462,1974.46,10973.35
8703,1955.555,10928.09,8713.36,2033.775,10365.32,9063.13,1982.074,10711.06,8667.021,2018.298,10549.66,9143.626,1974.46,10973.48
8703.063,1955.555,10928.13,8713.608,2033.775,10365.58,9063.38,1982.074,10711.31,8667.283,2018.298,10549.9,9143.908,1974.46,10973.71
8703.097,1955.555,10928.15,8713.751,2033.775,10365.73,9063.53,1982.074,10711.46,8667.439,2018.298,10550.04,9144.067,1974.46,10973.84
8703.146,1955.555,10928.19,8713.947,2033.775,10365.95,9063.747,1982.074,10711.65,8667.665,2018.298,10550.22,9144.296,1974.46,10974.02
8703.183,1955.555,10928.21,8714.081,2033.775,10366.11,9063.879,1982.074,10711.82,8667.834,2018.298,10550.35,9144.467,1974.46,10974.15
8703.22,1955.555,10928.23,8714.218,2033.775,10366.27,9064.01,1982.074,10711.98,8667.979,2018.298,10550.5,9144.628,1974.46,10974.28
8703.267,1955.555,10928.26,8714.393,2033.775,10366.46,9064.182,1982.074,10712.18,8668.166,2018.298,10550.69,9144.836,1974.46,10974.44
8703.304,1955.555,10928.28,8714.537,2033.775,10366.61,9064.323,1982.074,10712.33,8668.313,2018.298,10550.83,9144.993,1974.46,10974.58
8703.341,1955.555,10928.3,8714.687,2033.775,10366.76,9064.47,1982.074,10712.48,8668.455,2018.298,10550.99,9145.155,1974.46,10974.71
8703.391,1955.555,10928.33,8714.866,2033.775,10366.96,9064.656,1982.074,10712.68,8668.648,2018.298,10551.18,9145.373,1974.46,10974.87
8703.429,1955.555,10928.35,8715.008,2033.775,10367.12,9064.804,1982.074,10712.83,8668.801,2018.298,10551.32,9145.543,1974.46,10974.99
8703.469,1955.555,10928.37,8715.159,2033.775,10367.28,9064.966,1982.074,10712.98,8668.968,2018.298,10551.47,9145.714,1974.46,10975.14
8703.504,1955.555,10928.39,8715.307,2033.775,10367.43,9065.122,1982.074,10713.12,8669.129,2018.298,10551.6,9145.879,1974.46,10975.26
8703.539,1955.555,10928.42,8715.458,2033.775,10367.57,9065.274,1982.074,10713.26,8669.289,2018.298,10551.73,9146.048,1974.46,10975.39
8703.579,1955.555,10928.44,8715.63,2033.775,10367.72,9065.445,1982.074,10713.41,8669.47,2018.298,10551.87,9146.216,1974.46,10975.54
8703.615,1955.555,10928.47,8715.781,2033.775,10367.86,9065.597,1982.074,10713.56,8669.626,2018.298,10552.01,9146.373,1974.46,10975.68
8703.655,1955.555,10928.49,8715.925,2033.775,10368.04,9065.76,1982.074,10713.72,8669.794,2018.298,10552.17,9146.552,1974.46,10975.82
8703.692,1955.555,10928.51,8716.06,2033.775,10368.2,9065.899,1982.074,10713.87,8669.938,2018.298,10552.32,9146.714,1974.46,10975.96
8703.729,1955.555,10928.54,8716.199,2033.775,10368.36,9066.039,1982.074,10714.03,8670.088,2018.298,10552.46,9146.88,1974.46,10976.08
8703.768,1955.555,10928.56,8716.344,2033.775,10368.51,9066.185,1982.074,10714.18,8670.242,2018.298,10552.6,9147.05,1974.46,10976.2
8703.807,1955.555,10928.58,8716.493,2033.775,10368.65,9066.335,1982.074,10714.32,8670.401,2018.298,10552.74,9147.208,1974.46,10976.34
8703.845,1955.555,10928.6,8716.647,2033.775,10368.79,9066.489,1982.074,10714.46,8670.564,2018.298,10552.87,9147.37,1974.46,10976.47
8703.882,1955.555,10928.62,8716.819,2033.775,10368.91,9066.627,1982.074,10714.62,8670.723,2018.298,10553,9147.531,1974.46,10976.6
8703.92,1955.555,10928.64,8716.99,2033.775,10369.03,9066.77,1982.074,10714.77,8670.886,2018.298,10553.13,9147.696,1974.46,10976.73
8703.958,1955.555,10928.66,8717.157,2033.775,10369.15,9066.917,1982.074,10714.91,8671.053,2018.298,10553.26,9147.847,1974.46,10976.87
8703.997,1955.555,10928.68,8717.32,2033.775,10369.28,9067.054,1982.074,10715.07,8671.216,2018.298,10553.39,9148.002,1974.46,10977.01
8704.037,1955.555,10928.69,8717.48,2033.775,10369.41,9067.195,1982.074,10715.22,8671.383,2018.298,10553.51,9148.161,1974.46,10977.14
8704.077,1955.555,10928.71,8717.637,2033.775,10369.55,9067.342,1982.074,10715.37,8671.563,2018.298,10553.62,9148.324,1974.46,10977.27
8704.118,1955.555,10928.72,8717.812,2033.775,10369.67,9067.474,1982.074,10715.53,8671.74,2018.298,10553.72,9148.492,1974.46,10977.4
8704.158,1955.555,10928.74,8717.982,2033.775,10369.79,9067.61,1982.074,10715.69,8671.915,2018.298,10553.84,9148.664,1974.46,10977.51
8704.198,1955.555,10928.75,8718.149,2033.775,10369.91,9067.752,1982.074,10715.84,8672.086,2018.298,10553.96,9148.816,1974.46,10977.66
8704.238,1955.555,10928.77,8718.313,2033.775,10370.04,9067.898,1982.074,10715.99,8672.255,2018.298,10554.08,9148.974,1974.46,10977.79
8704.279,1955.555,10928.79,8718.489,2033.775,10370.17,9068.057,1982.074,10716.14,8672.431,2018.298,10554.21,9149.143,1974.46,10977.93
8704.332,1955.555,10928.81,8718.727,2033.775,10370.32,9068.232,1982.074,10716.36,8672.682,2018.298,10554.34,9149.367,1974.46,10978.1
8704.398,1955.555,10928.85,8719.021,2033.775,10370.52,9068.462,1982.074,10716.63,8672.99,2018.298,10554.51,9149.629,1974.46,10978.34
8704.475,1955.555,10928.88,8719.354,2033.775,10370.76,9068.737,1982.074,10716.94,8673.347,2018.298,10554.71,9149.94,1974.46,10978.61
8704.563,1955.555,10928.93,8719.727,2033.775,10371.04,9069.045,1982.074,10717.29,8673.748,2018.298,10554.96,9150.277,1974.46,10978.93
8704.702,1955.555,10929,8720.318,2033.775,10371.49,9069.516,1982.074,10717.87,8674.37,2018.298,10555.37,9150.828,1974.46,10979.43
8704.777,1955.555,10929.03,8720.628,2033.775,10371.74,9069.777,1982.074,10718.17,8674.725,2018.298,10555.55,9151.121,1974.46,10979.7
8704.855,1955.555,10929.07,8720.968,2033.775,10371.99,9070.062,1982.074,10718.47,8675.089,2018.298,10555.75,9151.43,1974.46,10979.98
8705.047,1955.555,10929.16,8721.78,2033.775,10372.6,9070.739,1982.074,10719.23,8675.973,2018.298,10556.26,9152.209,1974.46,10980.64
8705.166,1955.555,10929.21,8722.257,2033.775,10372.99,9071.162,1982.074,10719.68,8676.505,2018.298,10556.57,9152.69,1974.46,10981.02
8705.318,1955.555,10929.28,8722.893,2033.775,10373.47,9071.661,1982.074,10720.3,8677.181,2018.298,10556.99,9153.33,1974.46,10981.5
8705.479,1955.555,10929.35,8723.549,2033.775,10374,9072.211,1982.074,10720.94,8677.881,2018.298,10557.45,9153.969,1974.46,10982.04
8705.659,1955.555,10929.41,8724.246,2033.775,10374.55,9072.816,1982.074,10721.59,8678.607,2018.298,10557.97,9154.647,1974.46,10982.63
8705.848,1955.555,10929.47,8724.961,2033.775,10375.17,9073.47,1982.074,10722.27,8679.418,2018.298,10558.45,9155.382,1974.46,10983.21
8706.042,1955.555,10929.54,8725.687,2033.775,10375.83,9074.087,1982.074,10723.04,8680.247,2018.298,10558.98,9156.169,1974.46,10983.8
8706.242,1955.555,10929.62,8726.446,2033.775,10376.51,9074.755,1982.074,10723.81,8681.104,2018.298,10559.54,9157.008,1974.46,10984.39
8706.459,1955.555,10929.69,8727.214,2033.775,10377.25,9075.477,1982.074,10724.6,8681.976,2018.298,10560.15,9157.818,1974.46,10985.08
8706.681,1955.555,10929.76,8728.032,2033.775,10377.99,9076.249,1982.074,10725.38,8682.926,2018.298,10560.71,9158.68,1974.46,10985.77
8706.909,1955.555,10929.84,8728.871,2033.775,10378.77,9077.078,1982.074,10726.17,8683.897,2018.298,10561.32,9159.562,1974.46,10986.5
8707.146,1955.555,10929.93,8729.764,2033.775,10379.54,9077.838,1982.074,10727.08,8684.88,2018.298,10561.97,9160.442,1974.46,10987.29
8707.388,1955.555,10930.02,8730.671,2033.775,10380.36,9078.631,1982.074,10728,8685.868,2018.298,10562.68,9161.375,1974.46,10988.07
8707.646,1955.555,10930.1,8731.605,2033.775,10381.2,9079.483,1982.074,10728.93,8686.868,2018.298,10563.45,9162.367,1974.46,10988.85
8707.994,1955.555,10930.23,8732.843,2033.775,10382.4,9080.688,1982.074,10730.16,8688.208,2018.298,10564.53,9163.667,1974.46,10989.98
8708.207,1955.555,10930.29,8733.507,2033.775,10383.2,9081.405,1982.074,10730.91,8689.038,2018.298,10565.16,9164.474,1974.46,10990.64
8708.451,1955.555,10930.38,8734.304,2033.775,10384.1,9082.262,1982.074,10731.76,8690.021,2018.298,10565.85,9165.43,1974.46,10991.36
8708.736,1955.555,10930.47,8735.193,2033.775,10385.16,9083.278,1982.074,10732.69,8691.127,2018.298,10566.68,9166.521,1974.46,10992.21
8709.026,1955.555,10930.57,8736.142,2033.775,10386.21,9084.353,1982.074,10733.62,8692.373,2018.298,10567.36,9167.628,1974.46,10993.1
8709.321,1955.555,10930.68,8737.145,2033.775,10387.26,9085.418,1982.074,10734.6,8693.621,2018.298,10568.09,9168.684,1974.46,10994.09
8709.618,1955.555,10930.81,8738.198,2033.775,10388.29,9086.532,1982.074,10735.56,8694.864,2018.298,10568.88,9169.789,1974.46,10995.06
8709.918,1955.555,10930.95,8739.273,2033.775,10389.33,9087.772,1982.074,10736.4,8696.103,2018.298,10569.72,9170.875,1974.46,10996.09
8710.242,1955.555,10931.04,8740.407,2033.775,10390.36,9089.017,1982.074,10737.29,8697.353,2018.298,10570.61,9172.02,1974.46,10997.11
8710.568,1955.555,10931.15,8741.698,2033.775,10391.22,9090.321,1982.074,10738.13,8698.589,2018.298,10571.54,9173.213,1974.46,10998.1
8710.898,1955.555,10931.28,8742.983,2033.775,10392.14,9091.621,1982.074,10739.03,8699.882,2018.298,10572.45,9174.438,1974.46,10999.1
8711.231,1955.555,10931.42,8744.258,2033.775,10393.12,9092.911,1982.074,10739.99,8701.164,2018.298,10573.42,9175.714,1974.46,11000.08
8711.565,1955.555,10931.57,8745.511,2033.775,10394.14,9094.181,1982.074,10741,8702.483,2018.298,10574.36,9177.033,1974.46,11001.02
8711.925,1955.555,10931.68,8746.754,2033.775,10395.23,9095.441,1982.074,10742.06,8703.797,2018.298,10575.36,9178.299,1974.46,11002.08
8712.286,1955.555,10931.8,8748.008,2033.775,10396.33,9096.679,1982.074,10743.18,8705.272,2018.298,10576.14,9179.611,1974.46,11003.11
8712.651,1955.555,10931.94,8749.352,2033.775,10397.37,9097.896,1982.074,10744.36,8706.743,2018.298,10576.98,9180.917,1974.46,11004.19
8713.027,1955.555,10932.07,8750.676,2033.775,10398.45,9099.166,1982.074,10745.51,8708.201,2018.298,10577.88,9182.135,1974.46,11005.4
8713.411,1955.555,10932.21,8751.981,2033.775,10399.6,9100.488,1982.074,10746.64,8709.649,2018.298,10578.84,9183.409,1974.46,11006.58
8713.796,1955.555,10932.36,8753.259,2033.775,10400.79,9101.875,1982.074,10747.7,8711.164,2018.298,10579.72,9184.73,1974.46,11007.72
8714.19,1955.555,10932.51,8754.56,2033.775,10402,9103.243,1982.074,10748.83,8712.668,2018.298,10580.66,9186.106,1974.46,11008.84
8714.589,1955.555,10932.68,8755.931,2033.775,10403.15,9104.727,1982.074,10749.84,8714.18,2018.298,10581.62,9187.535,1974.46,11009.92
8714.989,1955.555,10932.86,8757.393,2033.775,10404.22,9106.188,1982.074,10750.9,8715.672,2018.298,10582.64,9188.847,1974.46,11011.17
8715.413,1955.555,10933.01,8758.867,2033.775,10405.3,9107.629,1982.074,10752.03,8717.271,2018.298,10583.52,9190.191,1974.46,11012.41
8715.839,1955.555,10933.18,8760.313,2033.775,10406.43,9109.039,1982.074,10753.2,8718.85,2018.298,10584.46,9191.583,1974.46,11013.6
8716.271,1955.555,10933.36,8761.742,2033.775,10407.62,9110.493,1982.074,10754.37,8720.419,2018.298,10585.47,9193.034,1974.46,11014.77
8716.604,1955.555,10933.52,8762.866,2033.775,10408.53,9111.592,1982.074,10755.31,8721.614,2018.298,10586.28,9194.19,1974.46,11015.64
8717.284,1955.555,10933.73,8764.948,2033.775,10410.34,9113.895,1982.074,10756.82,8723.907,2018.298,10587.81,9196.444,1974.46,11017.23
8717.483,1955.555,10933.79,8765.538,2033.775,10410.88,9114.552,1982.074,10757.28,8724.561,2018.298,10588.27,9197.106,1974.46,11017.68
8718.12,1955.555,10934.03,8767.375,2033.775,10412.7,9116.613,1982.074,10758.84,8726.611,2018.298,10589.84,9199.428,1974.46,11018.81
8718.599,1955.555,10934.23,8768.792,2033.775,10414.01,9118.116,1982.074,10760.05,8728.105,2018.298,10591.07,9201.135,1974.46,11019.71
8719.019,1955.555,10934.42,8770.127,2033.775,10415.05,9119.398,1982.074,10761.15,8729.318,2018.298,10592.25,9202.605,1974.46,11020.55
8719.793,1955.555,10934.68,8772.395,2033.775,10416.94,9121.602,1982.074,10763.12,8731.501,2018.298,10594.24,9205.122,1974.46,11022.1
8720.142,1955.555,10934.81,8773.377,2033.775,10417.82,9122.677,1982.074,10763.88,8732.502,2018.298,10595.09,9206.306,1974.46,11022.68
8720.485,1955.555,10934.94,8774.362,2033.775,10418.65,9123.707,1982.074,10764.66,8733.51,2018.298,10595.9,9207.447,1974.46,11023.28
8721.24,1955.555,10935.25,8776.69,2033.775,10420.26,9125.906,1982.074,10766.44,8735.7,2018.298,10597.69,9209.959,1974.46,11024.58
8721.648,1955.555,10935.43,8777.905,2033.775,10421.16,9127.05,1982.074,10767.42,8736.901,2018.298,10598.6,9211.278,1974.46,11025.31
8722.148,1955.555,10935.63,8779.396,2033.775,10422.16,9128.432,1982.074,10768.57,8738.439,2018.298,10599.53,9212.818,1974.46,11026.24
8722.634,1955.555,10935.85,8780.807,2033.775,10423.18,9129.74,1982.074,10769.72,8739.896,2018.298,10600.48,9214.319,1974.46,11027.12
8723.108,1955.555,10936.07,8782.137,2033.775,10424.2,9131.106,1982.074,10770.7,8741.274,2018.298,10601.44,9215.742,1974.46,11028.01
8723.57,1955.555,10936.31,8783.396,2033.775,10425.24,9132.401,1982.074,10771.69,8742.582,2018.298,10602.42,9217.095,1974.46,11028.92
8723.995,1955.555,10936.59,8784.583,2033.775,10426.29,9133.625,1982.074,10772.7,8743.818,2018.298,10603.41,9218.393,1974.46,11029.83
8724.423,1955.555,10936.86,8785.697,2033.775,10427.34,9134.884,1982.074,10773.57,8745.045,2018.298,10604.33,9219.618,1974.46,11030.75
8724.801,1955.555,10937.08,8786.614,2033.775,10428.27,9135.928,1982.074,10774.34,8746.061,2018.298,10605.14,9220.641,1974.46,11031.56
8725.451,1955.555,10937.43,8788.187,2033.775,10429.75,9137.638,1982.074,10775.67,8747.79,2018.298,10606.44,9222.381,1974.46,11032.84
8725.727,1955.555,10937.6,8788.911,2033.775,10430.33,9138.353,1982.074,10776.25,8748.567,2018.298,10606.94,9223.146,1974.46,11033.36
8726.005,1955.555,10937.8,8789.647,2033.775,10430.94,9139.071,1982.074,10776.89,8749.365,2018.298,10607.47,9223.918,1974.46,11033.93
8726.617,1955.555,10938.2,8791.166,2033.775,10432.29,9140.551,1982.074,10778.29,8751.02,2018.298,10608.66,9225.554,1974.46,11035.14
8726.755,1955.555,10938.29,8791.499,2033.775,10432.57,9140.878,1982.074,10778.57,8751.365,2018.298,10608.92,9225.912,1974.46,11035.39
8727.296,1955.555,10938.6,8792.741,2033.775,10433.69,9142.163,1982.074,10779.63,8752.809,2018.298,10609.75,9227.385,1974.46,11036.17
8727.695,1955.555,10938.82,8793.602,2033.775,10434.51,9143.105,1982.074,10780.36,8753.818,2018.298,10610.38,9228.416,1974.46,11036.76
8728.096,1955.555,10939.02,8794.409,2033.775,10435.33,9143.996,1982.074,10781.1,8754.777,2018.298,10611.03,9229.397,1974.46,11037.37
8728.484,1955.555,10939.23,8795.13,2033.775,10436.19,9144.836,1982.074,10781.84,8755.687,2018.298,10611.68,9230.33,1974.46,11037.99
8728.873,1955.555,10939.43,8795.854,2033.775,10436.99,9145.625,1982.074,10782.58,8756.62,2018.298,10612.23,9231.234,1974.46,11038.59
8729.249,1955.555,10939.63,8796.566,2033.775,10437.77,9146.423,1982.074,10783.26,8757.508,2018.298,10612.79,9232.093,1974.46,11039.19
8729.612,1955.555,10939.85,8797.226,2033.775,10438.55,9147.174,1982.074,10783.95,8758.351,2018.298,10613.36,9232.973,1974.46,11039.71
8729.976,1955.555,10940.04,8797.886,2033.775,10439.28,9147.877,1982.074,10784.64,8759.162,2018.298,10613.92,9233.806,1974.46,11040.23
8730.326,1955.555,10940.25,8798.51,2033.775,10440,9148.582,1982.074,10785.29,8759.94,2018.298,10614.48,9234.615,1974.46,11040.74
8730.554,1955.555,10940.42,8798.911,2033.775,10440.52,9149.05,1982.074,10785.75,8760.514,2018.298,10614.79,9235.186,1974.46,11041.06
8731.031,1955.555,10940.75,8799.76,2033.775,10441.54,9150.028,1982.074,10786.64,8761.656,2018.298,10615.47,9236.322,1974.46,11041.75
8731.225,1955.555,10940.88,8800.103,2033.775,10441.93,9150.402,1982.074,10787,8762.091,2018.298,10615.75,9236.771,1974.46,11042
8731.752,1955.555,10941.2,8801.012,2033.775,10442.95,9151.382,1982.074,10787.95,8763.283,2018.298,10616.42,9237.942,1974.46,11042.71
8732.065,1955.555,10941.37,8801.549,2033.775,10443.51,9151.963,1982.074,10788.47,8763.951,2018.298,10616.82,9238.598,1974.46,11043.13
8732.166,1955.555,10941.44,8801.709,2033.775,10443.72,9152.152,1982.074,10788.65,8764.171,2018.298,10616.96,9238.814,1974.46,11043.28
8732.564,1955.555,10941.69,8802.35,2033.775,10444.49,9152.964,1982.074,10789.25,8764.996,2018.298,10617.53,9239.63,1974.46,11043.86
8732.87,1955.555,10941.87,8802.841,2033.775,10445.05,9153.549,1982.074,10789.7,8765.592,2018.298,10617.98,9240.218,1974.46,11044.32
8733.087,1955.555,10941.99,8803.192,2033.775,10445.42,9153.951,1982.074,10790.02,8765.992,2018.298,10618.3,9240.634,1974.46,11044.62
8733.505,1955.555,10942.26,8803.923,2033.775,10446.15,9154.737,1982.074,10790.69,8766.775,2018.298,10618.96,9241.515,1974.46,11045.15
8733.668,1955.555,10942.37,8804.217,2033.775,10446.42,9155.043,1982.074,10790.95,8767.089,2018.298,10619.21,9241.851,1974.46,11045.37
8734.09,1955.555,10942.64,8804.975,2033.775,10447.08,9155.851,1982.074,10791.55,8767.956,2018.298,10619.73,9242.722,1974.46,11045.88
8734.261,1955.555,10942.77,8805.302,2033.775,10447.34,9156.177,1982.074,10791.81,8768.313,2018.298,10619.94,9243.091,1974.46,11046.07
8734.555,1955.555,10942.97,8805.834,2033.775,10447.79,9156.707,1982.074,10792.26,8768.896,2018.298,10620.32,9243.697,1974.46,11046.41
8734.816,1955.555,10943.13,8806.31,2033.775,10448.16,9157.15,1982.074,10792.66,8769.388,2018.298,10620.67,9244.209,1974.46,11046.72
8735.043,1955.555,10943.27,8806.705,2033.775,10448.48,9157.517,1982.074,10793.02,8769.801,2018.298,10620.97,9244.636,1974.46,11047
8735.296,1955.555,10943.42,8807.153,2033.775,10448.81,9157.902,1982.074,10793.42,8770.24,2018.298,10621.31,9245.091,1974.46,11047.33
8735.533,1955.555,10943.58,8807.58,2033.775,10449.15,9158.292,1982.074,10793.8,8770.71,2018.298,10621.58,9245.524,1974.46,11047.65
8735.771,1955.555,10943.74,8808.009,2033.775,10449.45,9158.701,1982.074,10794.13,8771.158,2018.298,10621.86,9245.954,1974.46,11047.96
8735.929,1955.555,10943.83,8808.284,2033.775,10449.66,9158.963,1982.074,10794.36,8771.447,2018.298,10622.05,9246.261,1974.46,11048.12
8736.318,1955.555,10944.08,8808.941,2033.775,10450.2,9159.633,1982.074,10794.88,8772.139,2018.298,10622.54,9246.998,1974.46,11048.54
8736.506,1955.555,10944.19,8809.239,2033.775,10450.46,9159.937,1982.074,10795.13,8772.453,2018.298,10622.78,9247.335,1974.46,11048.74
8736.613,1955.555,10944.25,8809.401,2033.775,10450.61,9160.102,1982.074,10795.28,8772.645,2018.298,10622.89,9247.52,1974.46,11048.86
8736.896,1955.555,10944.39,8809.863,2033.775,10450.93,9160.549,1982.074,10795.62,8773.127,2018.298,10623.19,9248.01,1974.46,11049.15
8737.122,1955.555,10944.51,8810.223,2033.775,10451.21,9160.896,1982.074,10795.91,8773.504,2018.298,10623.44,9248.393,1974.46,11049.39
8737.333,1955.555,10944.62,8810.553,2033.775,10451.48,9161.215,1982.074,10796.2,8773.873,2018.298,10623.65,9248.746,1974.46,11049.63
8737.547,1955.555,10944.77,8810.899,2033.775,10451.78,9161.552,1982.074,10796.51,8774.264,2018.298,10623.89,9249.153,1974.46,11049.84
8737.792,1955.555,10944.94,8811.318,2033.775,10452.08,9161.946,1982.074,10796.84,8774.691,2018.298,10624.18,9249.601,1974.46,11050.1
8738.074,1955.555,10945.12,8811.773,2033.775,10452.43,9162.374,1982.074,10797.22,8775.172,2018.298,10624.49,9250.095,1974.46,11050.39
8738.372,1955.555,10945.34,8812.273,2033.775,10452.82,9162.885,1982.074,10797.6,8775.692,2018.298,10624.86,9250.632,1974.46,11050.73
8738.704,1955.555,10945.57,8812.814,2033.775,10453.24,9163.42,1982.074,10798.02,8776.239,2018.298,10625.26,9251.196,1974.46,11051.11
8739.073,1955.555,10945.81,8813.381,2033.775,10453.71,9163.979,1982.074,10798.5,8776.813,2018.298,10625.72,9251.79,1974.46,11051.54
8739.48,1955.555,10946.05,8813.97,2033.775,10454.22,9164.587,1982.074,10799,8777.488,2018.298,10626.12,9252.409,1974.46,11052.03
8739.93,1955.555,10946.3,8814.583,2033.775,10454.8,9165.219,1982.074,10799.55,8778.196,2018.298,10626.58,9253.08,1974.46,11052.53
8740.303,1955.555,10946.49,8815.061,2033.775,10455.27,9165.711,1982.074,10800.01,8778.753,2018.298,10626.96,9253.605,1974.46,11052.95
8741.279,1955.555,10946.96,8816.255,2033.775,10456.51,9166.991,1982.074,10801.16,8780.141,2018.298,10627.97,9254.981,1974.46,11053.99
8741.42,1955.555,10947.03,8816.414,2033.775,10456.7,9167.168,1982.074,10801.33,8780.353,2018.298,10628.1,9255.183,1974.46,11054.13
8742.053,1955.555,10947.43,8817.096,2033.775,10457.64,9168.107,1982.074,10802.01,8781.332,2018.298,10628.72,9256.11,1974.46,11054.82
8742.615,1955.555,10947.84,8817.743,2033.775,10458.47,9168.941,1982.074,10802.65,8782.22,2018.298,10629.29,9256.907,1974.46,11055.51
8743.224,1955.555,10948.25,8818.443,2033.775,10459.31,9169.785,1982.074,10803.35,8783.121,2018.298,10629.91,9257.758,1974.46,11056.2
8743.861,1955.555,10948.65,8819.142,2033.775,10460.17,9170.613,1982.074,10804.08,8784.01,2018.298,10630.57,9258.639,1974.46,11056.87
8744.629,1955.555,10949.18,8820.023,2033.775,10461.18,9171.589,1982.074,10805,8785.062,2018.298,10631.4,9259.734,1974.46,11057.65
8745.146,1955.555,10949.51,8820.614,2033.775,10461.81,9172.2,1982.074,10805.62,8785.724,2018.298,10631.96,9260.479,1974.46,11058.09
8746.021,1955.555,10950.08,8821.642,2033.775,10462.85,9173.164,1982.074,10806.71,8786.778,2018.298,10632.97,9261.706,1974.46,11058.88
8746.824,1955.555,10950.57,8822.523,2033.775,10463.78,9173.955,1982.074,10807.72,8787.625,2018.298,10633.93,9262.762,1974.46,11059.61
8747.678,1955.555,10951.05,8823.458,2033.775,10464.7,9174.799,1982.074,10808.73,8788.524,2018.298,10634.89,9263.928,1974.46,11060.21
8748.532,1955.555,10951.56,8824.359,2033.775,10465.65,9175.665,1982.074,10809.71,8789.452,2018.298,10635.81,9265.069,1974.46,11060.86
8749.597,1955.555,10952.14,8825.479,2033.775,10466.76,9176.744,1982.074,10810.86,8790.603,2018.298,10636.89,9266.415,1974.46,11061.68
8750.305,1955.555,10952.5,8826.306,2033.775,10467.34,9177.368,1982.074,10811.66,8791.363,2018.298,10637.55,9267.295,1974.46,11062.17
8751.478,1955.555,10953.14,8827.65,2033.775,10468.35,9178.451,1982.074,10812.95,8792.666,2018.298,10638.62,9268.737,1974.46,11063.04
8752.537,1955.555,10953.68,8828.792,2033.775,10469.28,9179.417,1982.074,10814.05,8793.785,2018.298,10639.57,9269.969,1974.46,11063.84
8753.3,1955.555,10953.99,8829.551,2033.775,10469.93,9180.102,1982.074,10814.78,8794.457,2018.298,10640.31,9270.839,1974.46,11064.34
8755.117,1955.555,10954.81,8831.335,2033.775,10471.53,9181.796,1982.074,10816.48,8796.124,2018.298,10642.04,9272.881,1974.46,11065.59
8755.897,1955.555,10955.07,8832.032,2033.775,10472.2,9182.58,1982.074,10817.04,8796.817,2018.298,10642.71,9273.686,1974.46,11066.13
8757.811,1955.555,10955.76,8833.767,2033.775,10473.83,9184.464,1982.074,10818.49,8798.562,2018.298,10644.33,9275.624,1974.46,11067.5
8758.678,1955.555,10956.11,8834.533,2033.775,10474.58,9185.291,1982.074,10819.17,8799.37,2018.298,10645.03,9276.528,1974.46,11068.08
8759.568,1955.555,10956.42,8835.285,2033.775,10475.35,9186.1,1982.074,10819.88,8800.206,2018.298,10645.71,9277.476,1974.46,11068.59
8761.588,1955.555,10957.13,8836.807,2033.775,10477.22,9187.86,1982.074,10821.54,8802.031,2018.298,10647.29,9279.584,1974.46,11069.77
8762.412,1955.555,10957.45,8837.449,2033.775,10477.96,9188.554,1982.074,10822.23,8802.739,2018.298,10647.97,9280.425,1974.46,11070.28
8764.462,1955.555,10958.32,8839.121,2033.775,10479.77,9190.234,1982.074,10824.03,8804.569,2018.298,10649.62,9282.49,1974.46,11071.62
8765.065,1955.555,10958.6,8839.631,2033.775,10480.29,9190.727,1982.074,10824.57,8805.123,2018.298,10650.08,9283.086,1974.46,11072.03
8767.049,1955.555,10959.41,8841.209,2033.775,10481.99,9192.049,1982.074,10826.48,8806.895,2018.298,10651.59,9284.949,1974.46,11073.42
8768.535,1955.555,10960.08,8842.242,2033.775,10483.4,9193.089,1982.074,10827.88,8808.263,2018.298,10652.68,9286.414,1974.46,11074.37
8770.026,1955.555,10960.8,8843.332,2033.775,10484.79,9194.187,1982.074,10829.26,8809.609,2018.298,10653.82,9287.862,1974.46,11075.38
8771.604,1955.555,10961.42,8844.482,2033.775,10486.16,9195.292,1982.074,10830.67,8811.011,2018.298,10654.93,9289.359,1974.46,11076.37
8773.185,1955.555,10962.09,8845.688,2033.775,10487.51,9196.323,1982.074,10832.15,8812.387,2018.298,10656.1,9290.837,1974.46,11077.4
8774.759,1955.555,10962.71,8846.738,2033.775,10488.93,9197.379,1982.074,10833.57,8813.77,2018.298,10657.2,9292.377,1974.46,11078.27
8776.613,1955.555,10963.51,8848.041,2033.775,10490.57,9198.679,1982.074,10835.22,8815.369,2018.298,10658.56,9294.173,1974.46,11079.36
8778.242,1955.555,10964.27,8849.243,2033.775,10492,9199.878,1982.074,10836.64,8816.729,2018.298,10659.83,9295.742,1974.46,11080.36
8779.143,1955.555,10964.73,8849.88,2033.775,10492.82,9200.574,1982.074,10837.42,8817.457,2018.298,10660.58,9296.602,1974.46,11080.94
8781.512,1955.555,10965.83,8851.59,2033.775,10494.89,9202.366,1982.074,10839.41,8819.395,2018.298,10662.43,9298.765,1974.46,11082.53
8782.77,1955.555,10966.46,8852.523,2033.775,10495.98,9203.301,1982.074,10840.51,8820.353,2018.298,10663.51,9299.897,1974.46,11083.42
8784.656,1955.555,10967.49,8853.787,2033.775,10497.77,9204.777,1982.074,10842.13,8821.801,2018.298,10665.15,9301.706,1974.46,11084.66
8786.232,1955.555,10968.55,8854.95,2033.775,10499.31,9205.948,1982.074,10843.67,8823.123,2018.298,10666.56,9303.395,1974.46,11085.59
8787.842,1955.555,10969.58,8856.17,2033.775,10500.82,9207.176,1982.074,10845.17,8824.396,2018.298,10668.03,9305.061,1974.46,11086.59
8788.954,1955.555,10970.24,8856.956,2033.775,10501.87,9207.971,1982.074,10846.21,8825.288,2018.298,10668.99,9306.193,1974.46,11087.25
8791.376,1955.555,10971.58,8858.688,2033.775,10504.07,9209.74,1982.074,10848.38,8827.259,2018.298,10670.97,9308.564,1974.46,11088.74
8792.662,1955.555,10972.34,8859.649,2033.775,10505.23,9210.73,1982.074,10849.52,8828.354,2018.298,10672.01,9309.813,1974.46,11089.58
8794.575,1955.555,10973.54,8861.037,2033.775,10507.04,9211.98,1982.074,10851.42,8830.059,2018.298,10673.52,9311.657,1974.46,11090.92
8795.984,1955.555,10974.55,8862.146,2033.775,10508.39,9212.987,1982.074,10852.85,8831.354,2018.298,10674.69,9313.038,1974.46,11091.99
8798.344,1955.555,10976.38,8864.073,2033.775,10510.69,9214.799,1982.074,10855.25,8833.65,2018.298,10676.63,9315.353,1974.46,11093.91
8798.887,1955.555,10976.78,8864.521,2033.775,10511.2,9215.223,1982.074,10855.77,8834.151,2018.298,10677.08,9315.79,1974.46,11094.42
8801.49,1955.555,10978.54,8866.285,2033.775,10513.82,9217.235,1982.074,10858.21,8836.31,2018.298,10679.39,9317.89,1974.46,11096.78
8802.788,1955.555,10979.36,8867.187,2033.775,10515.07,9218.188,1982.074,10859.42,8837.398,2018.298,10680.48,9318.95,1974.46,11097.9
8804.152,1955.555,10980.16,8868.156,2033.775,10516.32,9219.21,1982.074,10860.63,8838.556,2018.298,10681.56,9320.08,1974.46,11099.01
8806.522,1955.555,10982,8870.073,2033.775,10518.64,9221.223,1982.074,10862.87,8840.817,2018.298,10683.55,9322.073,1974.46,11101.27
8807.237,1955.555,10982.52,8870.571,2033.775,10519.37,9221.814,1982.074,10863.53,8841.467,2018.298,10684.15,9322.681,1974.46,11101.91
8809.55,1955.555,10984.08,8872.222,2033.775,10521.63,9223.753,1982.074,10865.54,8843.26,2018.298,10686.3,9324.667,1974.46,11103.88
8811.245,1955.555,10985.2,8873.457,2033.775,10523.25,9225.283,1982.074,10866.88,8844.612,2018.298,10687.81,9326.001,1974.46,11105.41
8813.288,1955.555,10986.45,8874.978,2033.775,10525.11,9227.037,1982.074,10868.52,8846.267,2018.298,10689.55,9327.635,1974.46,11107.17
8815.12,1955.555,10987.49,8876.295,2033.775,10526.75,9228.576,1982.074,10869.96,8847.771,2018.298,10691.03,9329.121,1974.46,11108.67
8816.049,1955.555,10988.22,8877.061,2033.775,10527.65,9229.445,1982.074,10870.76,8848.569,2018.298,10691.9,9329.92,1974.46,11109.54
8818.748,1955.555,10990.18,8879.313,2033.775,10530.12,9231.854,1982.074,10873.07,8850.913,2018.298,10694.28,9332.263,1974.46,11111.92
8819.846,1955.555,10990.93,8880.226,2033.775,10531.08,9232.779,1982.074,10874.03,8851.875,2018.298,10695.19,9333.224,1974.46,11112.83
8821.932,1955.555,10992.25,8881.947,2033.775,10532.85,9234.449,1982.074,10875.84,8853.719,2018.298,10696.84,9334.948,1974.46,11114.6
8824.15,1955.555,10993.55,8883.681,2033.775,10534.76,9236.337,1982.074,10877.6,8855.695,2018.298,10698.49,9336.806,1974.46,11116.38
8824.942,1955.555,10994.02,8884.239,2033.775,10535.49,9236.991,1982.074,10878.24,8856.41,2018.298,10699.06,9337.401,1974.46,11117.08
8827.478,1955.555,10995.4,8885.875,2033.775,10537.87,9239.199,1982.074,10880.11,8858.879,2018.298,10700.57,9339.345,1974.46,11119.23
8829.354,1955.555,10996.46,8887.15,2033.775,10539.61,9240.797,1982.074,10881.55,8860.68,2018.298,10701.75,9340.843,1974.46,11120.77
8830.808,1955.555,10997.59,8888.292,2033.775,10541.06,9242.126,1982.074,10882.83,8862.189,2018.298,10702.81,9342.137,1974.46,11122.09
8832.677,1955.555,10998.96,8889.783,2033.775,10542.83,9243.739,1982.074,10884.49,8864.038,2018.298,10704.2,9343.813,1974.46,11123.68
8834.311,1955.555,11000.07,8891.105,2033.775,10544.3,9245.069,1982.074,10885.96,8865.577,2018.298,10705.44,9345.281,1974.46,11125.01
8835.571,1955.555,11000.87,8891.982,2033.775,10545.5,9246.234,1982.074,10886.89,8866.76,2018.298,10706.35,9346.422,1974.46,11125.97
8837.909,1955.555,11002.25,8893.508,2033.775,10547.75,9248.296,1982.074,10888.65,8868.987,2018.298,10707.9,9348.438,1974.46,11127.79
8838.586,1955.555,11002.62,8893.962,2033.775,10548.37,9248.865,1982.074,10889.17,8869.623,2018.298,10708.34,9348.974,1974.46,11128.34
8840.608,1955.555,11003.84,8895.415,2033.775,10550.24,9250.557,1982.074,10890.82,8871.526,2018.298,10709.74,9350.672,1974.46,11129.98
8841.584,1955.555,11004.39,8896.132,2033.775,10551.09,9251.331,1982.074,10891.63,8872.44,2018.298,10710.39,9351.501,1974.46,11130.74
8843.55,1955.555,11005.41,8897.586,2033.775,10552.77,9252.879,1982.074,10893.22,8874.235,2018.298,10711.69,9352.922,1974.46,11132.44
8844.564,1955.555,11005.93,8898.333,2033.775,10553.63,9253.649,1982.074,10894.06,8875.139,2018.298,10712.39,9353.65,1974.46,11133.32
8846.251,1955.555,11006.88,8899.475,2033.775,10555.19,9254.907,1982.074,10895.53,8876.628,2018.298,10713.62,9354.932,1974.46,11134.76
8847.629,1955.555,11007.59,8900.431,2033.775,10556.41,9255.792,1982.074,10896.8,8877.79,2018.298,10714.65,9355.997,1974.46,11135.89
8848.735,1955.555,11008.2,8901.242,2033.775,10557.38,9256.547,1982.074,10897.82,8878.599,2018.298,10715.62,9356.895,1974.46,11136.78
8850.593,1955.555,11009.15,8902.441,2033.775,10559.09,9257.846,1982.074,10899.45,8879.983,2018.298,10717.18,9358.422,1974.46,11138.2
8850.987,1955.555,11009.37,8902.712,2033.775,10559.45,9258.118,1982.074,10899.81,8880.293,2018.298,10717.5,9358.756,1974.46,11138.5
8852.467,1955.555,11010.26,8903.795,2033.775,10560.79,9259.128,1982.074,10901.21,8881.521,2018.298,10718.72,9360.072,1974.46,11139.62
8853.582,1955.555,11010.88,8904.628,2033.775,10561.76,9259.893,1982.074,10902.23,8882.459,2018.298,10719.58,9361.024,1974.46,11140.47
8854.303,1955.555,11011.4,8905.23,2033.775,10562.41,9260.448,1982.074,10902.92,8883.132,2018.298,10720.17,9361.727,1974.46,11141.02
8855.758,1955.555,11012.38,8906.612,2033.775,10563.5,9261.432,1982.074,10904.38,8884.58,2018.298,10721.16,9363.155,1974.46,11142.04
8856.562,1955.555,11012.89,8907.34,2033.775,10564.11,9261.989,1982.074,10905.15,8885.345,2018.298,10721.72,9363.909,1974.46,11142.62
8857.462,1955.555,11013.56,8908.195,2033.775,10564.84,9262.68,1982.074,10906.03,8886.229,2018.298,10722.42,9364.78,1974.46,11143.33
8858.355,1955.555,11014.18,8909.001,2033.775,10565.57,9263.299,1982.074,10906.93,8887.098,2018.298,10723.08,9365.622,1974.46,11144.02
8859.241,1955.555,11014.76,8909.758,2033.775,10566.31,9263.84,1982.074,10907.84,8887.918,2018.298,10723.74,9366.491,1974.46,11144.63
8860.116,1955.555,11015.29,8910.546,2033.775,10566.96,9264.392,1982.074,10908.7,8888.72,2018.298,10724.38,9367.313,1974.46,11145.23
8860.701,1955.555,11015.62,8911.048,2033.775,10567.41,9264.739,1982.074,10909.28,8889.278,2018.298,10724.75,9367.838,1974.46,11145.65
8861.796,1955.555,11016.29,8911.981,2033.775,10568.29,9265.415,1982.074,10910.37,8890.323,2018.298,10725.5,9368.854,1974.46,11146.44
8862.528,1955.555,11016.87,8912.637,2033.775,10568.95,9265.931,1982.074,10911.14,8891.063,2018.298,10726.06,9369.571,1974.46,11147.03
8863.235,1955.555,11017.39,8913.275,2033.775,10569.55,9266.441,1982.074,10911.86,8891.743,2018.298,10726.62,9370.245,1974.46,11147.59
8864.052,1955.555,11017.95,8913.974,2033.775,10570.26,9267.045,1982.074,10912.65,8892.547,2018.298,10727.2,9371.002,1974.46,11148.24
8864.563,1955.555,11018.28,8914.388,2033.775,10570.71,9267.426,1982.074,10913.12,8893.027,2018.298,10727.57,9371.453,1974.46,11148.65
8865.328,1955.555,11018.87,8915.021,2033.775,10571.44,9268.053,1982.074,10913.85,8893.837,2018.298,10728.1,9372.146,1974.46,11149.32
8865.974,1955.555,11019.34,8915.467,2033.775,10572.09,9268.641,1982.074,10914.39,8894.489,2018.298,10728.55,9372.735,1974.46,11149.85
8866.407,1955.555,11019.63,8915.774,2033.775,10572.52,9269.015,1982.074,10914.75,8894.908,2018.298,10728.87,9373.165,1974.46,11150.15
8867.251,1955.555,11020.15,8916.386,2033.775,10573.3,9269.704,1982.074,10915.47,8895.686,2018.298,10729.49,9373.981,1974.46,11150.72
8867.843,1955.555,11020.57,8916.85,2033.775,10573.86,9270.238,1982.074,10915.96,8896.237,2018.298,10729.96,9374.563,1974.46,11151.15
8868.408,1955.555,11020.96,8917.304,2033.775,10574.37,9270.731,1982.074,10916.44,8896.754,2018.298,10730.4,9375.097,1974.46,11151.58
8869.065,1955.555,11021.37,8917.839,2033.775,10574.93,9271.274,1982.074,10916.99,8897.325,2018.298,10730.93,9375.743,1974.46,11152.01
8869.472,1955.555,11021.61,8918.187,2033.775,10575.25,9271.624,1982.074,10917.31,8897.649,2018.298,10731.27,9376.127,1974.46,11152.28
8870.13,1955.555,11021.97,8918.729,2033.775,10575.77,9272.163,1982.074,10917.83,8898.183,2018.298,10731.8,9376.722,1974.46,11152.73
8870.698,1955.555,11022.21,8919.163,2033.775,10576.21,9272.595,1982.074,10918.27,8898.638,2018.298,10732.22,9377.229,1974.46,11153.09
8871.065,1955.555,11022.38,8919.44,2033.775,10576.5,9272.867,1982.074,10918.57,8898.943,2018.298,10732.48,9377.551,1974.46,11153.33
8871.807,1955.555,11022.75,8920.032,2033.775,10577.08,9273.404,1982.074,10919.2,8899.626,2018.298,10732.95,9378.201,1974.46,11153.85
8872.2,1955.555,11022.93,8920.329,2033.775,10577.4,9273.702,1982.074,10919.51,8899.972,2018.298,10733.21,9378.552,1974.46,11154.1
8872.785,1955.555,11023.15,8920.799,2033.775,10577.81,9274.124,1982.074,10919.97,8900.462,2018.298,10733.6,9379.048,1974.46,11154.48
8873.211,1955.555,11023.32,8921.135,2033.775,10578.12,9274.467,1982.074,10920.28,8900.846,2018.298,10733.85,9379.404,1974.46,11154.77
8873.914,1955.555,11023.64,8921.714,2033.775,10578.63,9275.032,1982.074,10920.8,8901.474,2018.298,10734.3,9379.984,1974.46,11155.27
8874.216,1955.555,11023.77,8921.954,2033.775,10578.86,9275.27,1982.074,10921.03,8901.744,2018.298,10734.49,9380.225,1974.46,11155.5
8874.637,1955.555,11023.95,8922.278,2033.775,10579.18,9275.59,1982.074,10921.36,8902.121,2018.298,10734.75,9380.55,1974.46,11155.82
8875.057,1955.555,11024.15,8922.596,2033.775,10579.52,9275.902,1982.074,10921.7,8902.493,2018.298,10735.03,9380.865,1974.46,11156.16
8875.368,1955.555,11024.31,8922.826,2033.775,10579.78,9276.129,1982.074,10921.97,8902.767,2018.298,10735.24,9381.111,1974.46,11156.41
8875.97,1955.555,11024.52,8923.214,2033.775,10580.29,9276.552,1982.074,10922.45,8903.252,2018.298,10735.66,9381.516,1974.46,11156.9
8876.164,1955.555,11024.59,8923.338,2033.775,10580.45,9276.704,1982.074,10922.59,8903.424,2018.298,10735.77,9381.642,1974.46,11157.07
8876.673,1955.555,11024.81,8923.635,2033.775,10580.92,9277.097,1982.074,10922.98,8903.881,2018.298,10736.09,9381.99,1974.46,11157.5
8877.024,1955.555,11024.97,8923.854,2033.775,10581.24,9277.367,1982.074,10923.25,8904.194,2018.298,10736.31,9382.244,1974.46,11157.79
8877.349,1955.555,11025.09,8924.048,2033.775,10581.53,9277.627,1982.074,10923.48,8904.472,2018.298,10736.52,9382.479,1974.46,11158.04
8877.746,1955.555,11025.25,8924.301,2033.775,10581.87,9277.94,1982.074,10923.77,8904.808,2018.298,10736.78,9382.739,1974.46,11158.38
8878.077,1955.555,11025.39,8924.523,2033.775,10582.15,9278.197,1982.074,10924.02,8905.084,2018.298,10737.02,9382.97,1974.46,11158.66
8878.323,1955.555,11025.51,8924.698,2033.775,10582.36,9278.385,1982.074,10924.22,8905.286,2018.298,10737.2,9383.149,1974.46,11158.86
8878.695,1955.555,11025.7,8924.978,2033.775,10582.67,9278.663,1982.074,10924.54,8905.588,2018.298,10737.49,9383.437,1974.46,11159.17
8878.918,1955.555,11025.82,8925.147,2033.775,10582.86,9278.84,1982.074,10924.72,8905.777,2018.298,10737.66,9383.602,1974.46,11159.36
8879.256,1955.555,11026.03,8925.411,2033.775,10583.16,9279.104,1982.074,10925.01,8906.062,2018.298,10737.93,9383.867,1974.46,11159.65
8879.464,1955.555,11026.14,8925.564,2033.775,10583.34,9279.257,1982.074,10925.2,8906.238,2018.298,10738.09,9384.021,1974.46,11159.83
8879.871,1955.555,11026.3,8925.847,2033.775,10583.67,9279.551,1982.074,10925.52,8906.554,2018.298,10738.39,9384.314,1974.46,11160.16
8880.063,1955.555,11026.39,8925.976,2033.775,10583.84,9279.686,1982.074,10925.68,8906.686,2018.298,10738.56,9384.459,1974.46,11160.31
8880.405,1955.555,11026.55,8926.221,2033.775,10584.13,9279.921,1982.074,10925.98,8906.919,2018.298,10738.85,9384.694,1974.46,11160.61
8880.591,1955.555,11026.64,8926.36,2033.775,10584.28,9280.045,1982.074,10926.14,8907.053,2018.298,10739.01,9384.829,1974.46,11160.77
8880.945,1955.555,11026.8,8926.648,2033.775,10584.54,9280.285,1982.074,10926.45,8907.311,2018.298,10739.3,9385.089,1974.46,11161.05
8881.134,1955.555,11026.88,8926.811,2033.775,10584.67,9280.42,1982.074,10926.61,8907.454,2018.298,10739.45,9385.221,1974.46,11161.21
8881.365,1955.555,11026.98,8927,2033.775,10584.83,9280.596,1982.074,10926.79,8907.633,2018.298,10739.63,9385.386,1974.46,11161.4
8881.583,1955.555,11027.08,8927.187,2033.775,10584.98,9280.772,1982.074,10926.95,8907.789,2018.298,10739.81,9385.55,1974.46,11161.58
8881.792,1955.555,11027.18,8927.363,2033.775,10585.14,9280.939,1982.074,10927.11,8907.946,2018.298,10739.98,9385.715,1974.46,11161.74
8881.991,1955.555,11027.29,8927.529,2033.775,10585.29,9281.096,1982.074,10927.27,8908.104,2018.298,10740.14,9385.88,1974.46,11161.9
8882.181,1955.555,11027.4,8927.686,2033.775,10585.44,9281.242,1982.074,10927.44,8908.263,2018.298,10740.29,9386.035,1974.46,11162.05
8882.35,1955.555,11027.52,8927.83,2033.775,10585.59,9281.387,1982.074,10927.59,8908.418,2018.298,10740.43,9386.181,1974.46,11162.2
8882.568,1955.555,11027.69,8928.031,2033.775,10585.78,9281.571,1982.074,10927.79,8908.624,2018.298,10740.62,9386.369,1974.46,11162.4
8882.737,1955.555,11027.81,8928.188,2033.775,10585.92,9281.705,1982.074,10927.95,8908.785,2018.298,10740.75,9386.516,1974.46,11162.55
8882.937,1955.555,11027.94,8928.369,2033.775,10586.08,9281.884,1982.074,10928.11,8908.978,2018.298,10740.89,9386.69,1974.46,11162.71
8883.113,1955.555,11028.05,8928.522,2033.775,10586.22,9282.035,1982.074,10928.25,8909.141,2018.298,10741.02,9386.845,1974.46,11162.85
8883.281,1955.555,11028.18,8928.678,2033.775,10586.36,9282.182,1982.074,10928.4,8909.31,2018.298,10741.14,9386.995,1974.46,11163
8883.453,1955.555,11028.29,8928.834,2033.775,10586.5,9282.323,1982.074,10928.55,8909.474,2018.298,10741.27,9387.149,1974.46,11163.14
8883.621,1955.555,11028.42,8928.985,2033.775,10586.64,9282.46,1982.074,10928.71,8909.645,2018.298,10741.39,9387.307,1974.46,11163.27
8883.788,1955.555,11028.54,8929.132,2033.775,10586.79,9282.591,1982.074,10928.87,8909.812,2018.298,10741.52,9387.46,1974.46,11163.41
8883.959,1955.555,11028.66,8929.281,2033.775,10586.93,9282.708,1982.074,10929.05,8909.975,2018.298,10741.65,9387.608,1974.46,11163.56
8884.134,1955.555,11028.78,8929.426,2033.775,10587.08,9282.83,1982.074,10929.22,8910.143,2018.298,10741.77,9387.742,1974.46,11163.72
8884.312,1955.555,11028.88,8929.582,2033.775,10587.22,9282.946,1982.074,10929.39,8910.307,2018.298,10741.9,9387.881,1974.46,11163.88
8884.475,1955.555,11029.01,8929.733,2033.775,10587.36,9283.068,1982.074,10929.56,8910.479,2018.298,10742.01,9388.024,1974.46,11164.03
8884.643,1955.555,11029.14,8929.894,2033.775,10587.5,9283.195,1982.074,10929.72,8910.648,2018.298,10742.14,9388.167,1974.46,11164.18
8884.814,1955.555,11029.26,8930.05,2033.775,10587.63,9283.328,1982.074,10929.88,8910.813,2018.298,10742.26,9388.304,1974.46,11164.34
8885.108,1955.555,11029.44,8930.304,2033.775,10587.87,9283.542,1982.074,10930.16,8911.084,2018.298,10742.48,9388.542,1974.46,11164.59
8885.319,1955.555,11029.61,8930.492,2033.775,10588.06,9283.712,1982.074,10930.37,8911.285,2018.298,10742.66,9388.73,1974.46,11164.78
8885.709,1955.555,11029.89,8930.82,2033.775,10588.42,9284.047,1982.074,10930.71,8911.649,2018.298,10742.98,9389.081,1974.46,11165.11
8885.983,1955.555,11030.08,8931.038,2033.775,10588.67,9284.27,1982.074,10930.96,8911.893,2018.298,10743.2,9389.354,1974.46,11165.3
8886.269,1955.555,11030.26,8931.268,2033.775,10588.91,9284.488,1982.074,10931.21,8912.147,2018.298,10743.42,9389.625,1974.46,11165.5
8886.457,1955.555,11030.39,8931.436,2033.775,10589.07,9284.632,1982.074,10931.39,8912.316,2018.298,10743.58,9389.806,1974.46,11165.64
8886.821,1955.555,11030.63,8931.743,2033.775,10589.38,9284.874,1982.074,10931.76,8912.598,2018.298,10743.91,9390.143,1974.46,11165.92
8886.994,1955.555,11030.74,8931.886,2033.775,10589.53,9284.995,1982.074,10931.93,8912.735,2018.298,10744.07,9390.3,1974.46,11166.06
8887.324,1955.555,11030.96,8932.145,2033.775,10589.83,9285.234,1982.074,10932.24,8913.004,2018.298,10744.35,9390.587,1974.46,11166.32
8887.554,1955.555,11031.11,8932.312,2033.775,10590.05,9285.41,1982.074,10932.45,8913.2,2018.298,10744.55,9390.789,1974.46,11166.51
8887.816,1955.555,11031.28,8932.503,2033.775,10590.29,9285.6,1982.074,10932.7,8913.428,2018.298,10744.76,9391.008,1974.46,11166.73
8887.996,1955.555,11031.39,8932.637,2033.775,10590.45,9285.73,1982.074,10932.86,8913.584,2018.298,10744.9,9391.153,1974.46,11166.88
8888.248,1955.555,11031.56,8932.839,2033.775,10590.68,9285.946,1982.074,10933.07,8913.805,2018.298,10745.11,9391.371,1974.46,11167.09
8888.425,1955.555,11031.67,8932.991,2033.775,10590.82,9286.09,1982.074,10933.23,8913.936,2018.298,10745.27,9391.517,1974.46,11167.24
8888.674,1955.555,11031.83,8933.218,2033.775,10591.01,9286.289,1982.074,10933.45,8914.131,2018.298,10745.5,9391.719,1974.46,11167.46
8888.873,1955.555,11031.96,8933.392,2033.775,10591.17,9286.439,1982.074,10933.63,8914.289,2018.298,10745.67,9391.87,1974.46,11167.64
8889.053,1955.555,11032.1,8933.557,2033.775,10591.33,9286.586,1982.074,10933.81,8914.449,2018.298,10745.83,9392.023,1974.46,11167.82
8889.229,1955.555,11032.23,8933.71,2033.775,10591.49,9286.729,1982.074,10933.97,8914.583,2018.298,10746.01,9392.176,1974.46,11167.97
8889.399,1955.555,11032.35,8933.85,2033.775,10591.64,9286.868,1982.074,10934.13,8914.715,2018.298,10746.17,9392.325,1974.46,11168.12
8889.659,1955.555,11032.52,8934.051,2033.775,10591.88,9287.101,1982.074,10934.33,8914.919,2018.298,10746.4,9392.554,1974.46,11168.33
8889.834,1955.555,11032.63,8934.19,2033.775,10592.03,9287.252,1982.074,10934.48,8915.061,2018.298,10746.56,9392.726,1974.46,11168.45
8890.046,1955.555,11032.78,8934.356,2033.775,10592.23,9287.433,1982.074,10934.66,8915.24,2018.298,10746.74,9392.933,1974.46,11168.6
8890.222,1955.555,11032.89,8934.474,2033.775,10592.4,9287.574,1982.074,10934.81,8915.373,2018.298,10746.9,9393.097,1974.46,11168.73
8890.432,1955.555,11033.02,8934.618,2033.775,10592.6,9287.744,1982.074,10934.99,8915.535,2018.298,10747.08,9393.283,1974.46,11168.88
8890.614,1955.555,11033.12,8934.745,2033.775,10592.76,9287.884,1982.074,10935.14,8915.679,2018.298,10747.23,9393.438,1974.46,11169.02
8890.795,1955.555,11033.22,8934.877,2033.775,10592.92,9288.019,1982.074,10935.3,8915.827,2018.298,10747.38,9393.599,1974.46,11169.16
8890.97,1955.555,11033.33,8934.997,2033.775,10593.1,9288.148,1982.074,10935.46,8915.979,2018.298,10747.52,9393.767,1974.46,11169.28
8891.145,1955.555,11033.45,8935.122,2033.775,10593.26,9288.283,1982.074,10935.62,8916.125,2018.298,10747.67,9393.931,1974.46,11169.41
8891.322,1955.555,11033.56,8935.253,2033.775,10593.42,9288.432,1982.074,10935.77,8916.266,2018.298,10747.82,9394.091,1974.46,11169.54
8891.484,1955.555,11033.69,8935.389,2033.775,10593.58,9288.575,1982.074,10935.92,8916.401,2018.298,10747.98,9394.246,1974.46,11169.68
8891.648,1955.555,11033.82,8935.529,2033.775,10593.74,9288.714,1982.074,10936.07,8916.532,2018.298,10748.14,9394.397,1974.46,11169.83
8891.816,1955.555,11033.94,8935.675,2033.775,10593.88,9288.848,1982.074,10936.23,8916.657,2018.298,10748.31,9394.555,1974.46,11169.96
8891.988,1955.555,11034.06,8935.825,2033.775,10594.03,9288.977,1982.074,10936.4,8916.777,2018.298,10748.48,9394.717,1974.46,11170.09
8892.164,1955.555,11034.17,8935.98,2033.775,10594.17,9289.11,1982.074,10936.56,8916.892,2018.298,10748.65,9394.879,1974.46,11170.22
8892.344,1955.555,11034.27,8936.14,2033.775,10594.3,9289.239,1982.074,10936.72,8917,2018.298,10748.83,9395.037,1974.46,11170.36
8892.526,1955.555,11034.37,8936.304,2033.775,10594.43,9289.362,1982.074,10936.89,8917.103,2018.298,10749.01,9395.191,1974.46,11170.5
8892.708,1955.555,11034.47,8936.472,2033.775,10594.55,9289.466,1982.074,10937.07,8917.199,2018.298,10749.2,9395.341,1974.46,11170.64
8892.952,1955.555,11034.6,8936.699,2033.775,10594.71,9289.608,1982.074,10937.3,8917.319,2018.298,10749.45,9395.544,1974.46,11170.83
8893.187,1955.555,11034.74,8936.927,2033.775,10594.85,9289.75,1982.074,10937.53,8917.429,2018.298,10749.69,9395.736,1974.46,11171.02
8893.518,1955.555,11035,8937.289,2033.775,10595.07,9289.983,1982.074,10937.89,8917.588,2018.298,10750.08,9396.046,1974.46,11171.31
8893.872,1955.555,11035.26,8937.675,2033.775,10595.28,9290.239,1982.074,10938.25,8917.741,2018.298,10750.5,9396.397,1974.46,11171.57
8894.181,1955.555,11035.47,8938.01,2033.775,10595.45,9290.45,1982.074,10938.56,8917.86,2018.298,10750.85,9396.691,1974.46,11171.8
8894.831,1955.555,11035.96,8938.745,2033.775,10595.79,9290.928,1982.074,10939.21,8918.094,2018.298,10751.63,9397.31,1974.46,11172.33
8895.046,1955.555,11036.11,8938.986,2033.775,10595.9,9291.079,1982.074,10939.43,8918.161,2018.298,10751.88,9397.512,1974.46,11172.5
8895.785,1955.555,11036.59,8939.807,2033.775,10596.22,9291.611,1982.074,10940.13,8918.36,2018.298,10752.74,9398.171,1974.46,11173.08
8896.354,1955.555,11036.98,8940.46,2033.775,10596.45,9292.048,1982.074,10940.67,8918.495,2018.298,10753.42,9398.736,1974.46,11173.48
8897.104,1955.555,11037.47,8941.314,2033.775,10596.72,9292.589,1982.074,10941.38,8918.642,2018.298,10754.3,9399.449,1974.46,11174.03
8897.565,1955.555,11037.8,8941.862,2033.775,10596.88,9292.923,1982.074,10941.84,8918.718,2018.298,10754.87,9399.891,1974.46,11174.38
8898.385,1955.555,11038.41,8942.849,2033.775,10597.12,9293.485,1982.074,10942.69,8918.822,2018.298,10755.88,9400.683,1974.46,11175.02
8898.958,1955.555,11038.8,8943.527,2033.775,10597.26,9293.882,1982.074,10943.26,8918.872,2018.298,10756.57,9401.209,1974.46,11175.47
8900.04,1955.555,11039.67,8944.896,2033.775,10597.51,9294.713,1982.074,10944.37,8918.931,2018.298,10757.96,9402.308,1974.46,11176.33
8900.37,1955.555,11039.92,8945.307,2033.775,10597.57,9294.971,1982.074,10944.7,8918.936,2018.298,10758.38,9402.626,1974.46,11176.59
8901.396,1955.555,11040.65,8946.555,2033.775,10597.71,9295.786,1982.074,10945.65,8918.915,2018.298,10759.63,9403.576,1974.46,11177.41
8902.154,1955.555,11041.14,8947.459,2033.775,10597.78,9296.425,1982.074,10946.3,8918.875,2018.298,10760.54,9404.242,1974.46,11178.03
8902.802,1955.555,11041.55,8948.224,2033.775,10597.82,9296.947,1982.074,10946.86,8918.821,2018.298,10761.3,9404.866,1974.46,11178.47
8903.589,1955.555,11042.1,8949.182,2033.775,10597.83,9297.643,1982.074,10947.52,8918.773,2018.298,10762.26,9405.628,1974.46,11179.05
8904.254,1955.555,11042.57,8949.996,2033.775,10597.87,9298.216,1982.074,10948.1,8918.76,2018.298,10763.07,9406.26,1974.46,11179.57
8904.741,1955.555,11042.89,8950.578,2033.775,10597.92,9298.612,1982.074,10948.53,8918.769,2018.298,10763.66,9406.7,1974.46,11179.95
8905.54,1955.555,11043.38,8951.515,2033.775,10597.96,9299.227,1982.074,10949.23,8918.756,2018.298,10764.59,9407.387,1974.46,11180.59
8905.756,1955.555,11043.54,8951.779,2033.775,10597.96,9299.394,1982.074,10949.44,8918.744,2018.298,10764.86,9407.574,1974.46,11180.78
8906.252,1955.555,11043.87,8952.375,2033.775,10597.95,9299.763,1982.074,10949.91,8918.702,2018.298,10765.45,9407.948,1974.46,11181.24
8906.583,1955.555,11044.07,8952.764,2033.775,10597.93,9300.014,1982.074,10950.2,8918.68,2018.298,10765.84,9408.182,1974.46,11181.55
8906.831,1955.555,11044.21,8953.049,2033.775,10597.91,9300.191,1982.074,10950.43,8918.655,2018.298,10766.13,9408.36,1974.46,11181.78
8907.015,1955.555,11044.31,8953.256,2033.775,10597.89,9300.326,1982.074,10950.59,8918.633,2018.298,10766.33,9408.494,1974.46,11181.93
8907.196,1955.555,11044.42,8953.462,2033.775,10597.86,9300.459,1982.074,10950.75,8918.605,2018.298,10766.54,9408.633,1974.46,11182.09
8907.374,1955.555,11044.52,8953.667,2033.775,10597.82,9300.593,1982.074,10950.91,8918.573,2018.298,10766.75,9408.768,1974.46,11182.25
8907.539,1955.555,11044.65,8953.87,2033.775,10597.78,9300.721,1982.074,10951.07,8918.547,2018.298,10766.95,9408.907,1974.46,11182.4
8907.708,1955.555,11044.77,8954.072,2033.775,10597.72,9300.854,1982.074,10951.23,8918.524,2018.298,10767.16,9409.053,1974.46,11182.55
8907.881,1955.555,11044.89,8954.272,2033.775,10597.67,9300.983,1982.074,10951.4,8918.502,2018.298,10767.37,9409.202,1974.46,11182.7
8908.056,1955.555,11045,8954.471,2033.775,10597.6,9301.117,1982.074,10951.55,8918.475,2018.298,10767.57,9409.325,1974.46,11182.87
8908.331,1955.555,11045.22,8954.802,2033.775,10597.49,9301.334,1982.074,10951.83,8918.421,2018.298,10767.92,9409.542,1974.46,11183.14
8908.625,1955.555,11045.44,8955.142,2033.775,10597.35,9301.539,1982.074,10952.13,8918.371,2018.298,10768.28,9409.769,1974.46,11183.43
8908.853,1955.555,11045.6,8955.396,2033.775,10597.24,9301.689,1982.074,10952.37,8918.327,2018.298,10768.55,9409.947,1974.46,11183.64
8909.5,1955.555,11046.01,8956.094,2033.775,10596.91,9302.128,1982.074,10953,8918.192,2018.298,10769.31,9410.464,1974.46,11184.21
8909.778,1955.555,11046.21,8956.396,2033.775,10596.76,9302.33,1982.074,10953.27,8918.134,2018.298,10769.65,9410.7,1974.46,11184.46
8910.346,1955.555,11046.58,8957.009,2033.775,10596.47,9302.711,1982.074,10953.83,8918.039,2018.298,10770.32,9411.187,1974.46,11184.93
8910.881,1955.555,11046.96,8957.612,2033.775,10596.21,9303.081,1982.074,10954.38,8917.969,2018.298,10770.97,9411.656,1974.46,11185.39
8911.474,1955.555,11047.36,8958.274,2033.775,10595.95,9303.501,1982.074,10954.95,8917.915,2018.298,10771.68,9412.154,1974.46,11185.9
8912.12,1955.555,11047.76,8958.991,2033.775,10595.69,9303.948,1982.074,10955.57,8917.883,2018.298,10772.44,9412.704,1974.46,11186.42
8912.581,1955.555,11048.11,8959.544,2033.775,10595.51,9304.305,1982.074,10956.02,8917.877,2018.298,10773.02,9413.151,1974.46,11186.79
8913.434,1955.555,11048.72,8960.554,2033.775,10595.23,9304.82,1982.074,10956.94,8917.901,2018.298,10774.07,9413.938,1974.46,11187.49
8914.178,1955.555,11049.29,8961.465,2033.775,10595,9305.308,1982.074,10957.74,8917.954,2018.298,10775.01,9414.703,1974.46,11188.03
8914.953,1955.555,11049.85,8962.398,2033.775,10594.8,9305.83,1982.074,10958.54,8918.039,2018.298,10775.96,9415.492,1974.46,11188.57
8915.741,1955.555,11050.46,8963.377,2033.775,10594.62,9306.401,1982.074,10959.36,8918.159,2018.298,10776.95,9416.295,1974.46,11189.16
8916.579,1955.555,11051.06,8964.398,2033.775,10594.47,9306.907,1982.074,10960.25,8918.317,2018.298,10777.97,9417.108,1974.46,11189.79
8917.225,1955.555,11051.5,8965.171,2033.775,10594.38,9307.311,1982.074,10960.92,8918.462,2018.298,10778.73,9417.705,1974.46,11190.29
8918.388,1955.555,11052.22,8966.538,2033.775,10594.27,9308.061,1982.074,10962.07,8918.761,2018.298,10780.07,9418.776,1974.46,11191.15
8919.425,1955.555,11052.83,8967.736,2033.775,10594.21,9308.748,1982.074,10963.05,8919.061,2018.298,10781.23,9419.688,1974.46,11191.93
8920.431,1955.555,11053.47,8968.933,2033.775,10594.19,9309.333,1982.074,10964.1,8919.397,2018.298,10782.38,9420.572,1974.46,11192.74
8921.165,1955.555,11054.07,8969.875,2033.775,10594.21,9309.82,1982.074,10964.9,8919.692,2018.298,10783.28,9421.341,1974.46,11193.28
8922.639,1955.555,11055.17,8971.718,2033.775,10594.3,9310.825,1982.074,10966.45,8920.326,2018.298,10785.01,9422.81,1974.46,11194.4
8923.101,1955.555,11055.5,8972.28,2033.775,10594.35,9311.147,1982.074,10966.91,8920.537,2018.298,10785.53,9423.251,1974.46,11194.75
8924.583,1955.555,11056.47,8974.04,2033.775,10594.55,9312.208,1982.074,10968.33,8921.253,2018.298,10787.15,9424.602,1974.46,11195.9
8925.605,1955.555,11057.3,8975.346,2033.775,10594.75,9312.845,1982.074,10969.49,8921.825,2018.298,10788.34,9425.601,1974.46,11196.76
8926.886,1955.555,11058.28,8976.93,2033.775,10595.04,9313.667,1982.074,10970.87,8922.571,2018.298,10789.77,9426.784,1974.46,11197.85
8928.039,1955.555,11059.1,8978.313,2033.775,10595.34,9314.43,1982.074,10972.07,8923.268,2018.298,10791,9427.793,1974.46,11198.85
8928.71,1955.555,11059.55,8979.096,2033.775,10595.53,9314.886,1982.074,10972.73,8923.687,2018.298,10791.69,9428.349,1974.46,11199.43
8930.383,1955.555,11060.59,8980.987,2033.775,10596.08,9316.052,1982.074,10974.32,8924.765,2018.298,10793.34,9429.491,1974.46,11201.03
8932.048,1955.555,11061.71,8982.9,2033.775,10596.69,9317.195,1982.074,10975.97,8925.92,2018.298,10794.98,9430.711,1974.46,11202.63
8932.692,1955.555,11062.12,8983.618,2033.775,10596.95,9317.558,1982.074,10976.64,8926.378,2018.298,10795.59,9431.193,1974.46,11203.22
8934.275,1955.555,11063.04,8985.323,2033.775,10597.63,9318.481,1982.074,10978.22,8927.527,2018.298,10797.02,9432.399,1974.46,11204.6
8935.668,1955.555,11063.8,8986.776,2033.775,10598.26,9319.324,1982.074,10979.57,8928.561,2018.298,10798.22,9433.479,1974.46,11205.76
8936.597,1955.555,11064.34,8987.748,2033.775,10598.72,9319.926,1982.074,10980.46,8929.288,2018.298,10799.01,9434.238,1974.46,11206.53
8938.638,1955.555,11065.45,8989.813,2033.775,10599.78,9321.104,1982.074,10982.46,8930.849,2018.298,10800.73,9435.821,1974.46,11208.22
8939.734,1955.555,11066.09,8990.923,2033.775,10600.4,9321.783,1982.074,10983.53,8931.732,2018.298,10801.65,9436.57,1974.46,11209.25
8941.415,1955.555,11067,8992.562,2033.775,10601.38,9322.858,1982.074,10985.11,8933.106,2018.298,10802.97,9437.747,1974.46,11210.76
8942.784,1955.555,11067.54,8993.799,2033.775,10602.18,9323.727,1982.074,10986.3,8934.198,2018.298,10803.96,9438.691,1974.46,11211.89
8945.139,1955.555,11068.57,8995.908,2033.775,10603.64,9325.238,1982.074,10988.38,8936.019,2018.298,10805.77,9440.4,1974.46,11213.8
8945.661,1955.555,11068.82,8996.372,2033.775,10603.99,9325.539,1982.074,10988.87,8936.441,2018.298,10806.17,9440.799,1974.46,11214.22
8947.734,1955.555,11069.81,8998.172,2033.775,10605.42,9326.797,1982.074,10990.79,8938.023,2018.298,10807.83,9442.166,1974.46,11216.07
8948.802,1955.555,11070.33,8999.075,2033.775,10606.19,9327.478,1982.074,10991.76,8938.801,2018.298,10808.73,9442.847,1974.46,11217.04
8951.351,1955.555,11071.56,9001.172,2033.775,10608.09,9329.18,1982.074,10994.03,8940.727,2018.298,10810.8,9444.548,1974.46,11219.3
8952.385,1955.555,11072.01,9001.983,2033.775,10608.88,9329.888,1982.074,10994.91,8941.521,2018.298,10811.61,9445.256,1974.46,11220.18
8954.249,1955.555,11072.91,9003.42,2033.775,10610.36,9331.13,1982.074,10996.56,8942.812,2018.298,10813.22,9446.603,1974.46,11221.75
8955.893,1955.555,11073.76,9004.661,2033.775,10611.73,9332.289,1982.074,10998,8944.013,2018.298,10814.63,9447.854,1974.46,11223.11
8957.52,1955.555,11074.66,9005.967,2033.775,10613.06,9333.432,1982.074,10999.47,8945.269,2018.298,10816.01,9449.147,1974.46,11224.46
8959.126,1955.555,11075.63,9007.291,2033.775,10614.39,9334.532,1982.074,11000.99,8946.577,2018.298,10817.35,9450.519,1974.46,11225.73
8960.587,1955.555,11076.83,9008.583,2033.775,10615.77,9335.692,1982.074,11002.49,8947.891,2018.298,10818.71,9451.962,1974.46,11226.96
8961.9,1955.555,11077.84,9009.674,2033.775,10617.02,9336.665,1982.074,11003.83,8949.079,2018.298,10819.86,9453.24,1974.46,11228.01
8963.667,1955.555,11079.11,9011.052,2033.775,10618.7,9337.709,1982.074,11005.74,8950.671,2018.298,10821.35,9454.926,1974.46,11229.39
8965.272,1955.555,11080.19,9012.272,2033.775,10620.2,9338.691,1982.074,11007.4,8952.127,2018.298,10822.62,9456.382,1974.46,11230.66
8966.925,1955.555,11081.22,9013.452,2033.775,10621.75,9339.637,1982.074,11009.1,8953.551,2018.298,10823.94,9457.807,1974.46,11231.98
8967.969,1955.555,11082.01,9014.279,2033.775,10622.76,9340.31,1982.074,11010.23,8954.384,2018.298,10824.95,9458.734,1974.46,11232.91
8970.11,1955.555,11083.52,9016.163,2033.775,10624.59,9341.532,1982.074,11012.54,8956.118,2018.298,10826.92,9460.531,1974.46,11234.81
8971.768,1955.555,11084.61,9017.543,2033.775,10626.01,9342.515,1982.074,11014.27,8957.479,2018.298,10828.36,9461.988,1974.46,11236.16
8972.979,1955.555,11085.4,9018.514,2033.775,10627.08,9343.271,1982.074,11015.5,8958.484,2018.298,10829.4,9463.017,1974.46,11237.18
8974.911,1955.555,11086.94,9020.115,2033.775,10628.97,9344.379,1982.074,11017.71,8960.22,2018.298,10831.17,9464.72,1974.46,11238.97
8976.592,1955.555,11088.2,9021.42,2033.775,10630.61,9345.379,1982.074,11019.56,8961.739,2018.298,10832.61,9466.145,1974.46,11240.51
8978.258,1955.555,11089.36,9022.805,2033.775,10632.1,9346.405,1982.074,11021.31,8963.166,2018.298,10834.06,9467.475,1974.46,11242.05
8979.964,1955.555,11090.47,9024.268,2033.775,10633.51,9347.489,1982.074,11023.03,8964.642,2018.298,10835.46,9468.844,1974.46,11243.55
8981.1,1955.555,11091.24,9025.222,2033.775,10634.5,9348.258,1982.074,11024.17,8965.666,2018.298,10836.37,9469.732,1974.46,11244.59
8983.415,1955.555,11092.7,9027.061,2033.775,10636.52,9349.864,1982.074,11026.38,8967.651,2018.298,10838.25,9471.177,1974.46,11246.92
8985.192,1955.555,11093.75,9028.399,2033.775,10638.1,9351.16,1982.074,11028,8968.926,2018.298,10839.88,9472.325,1974.46,11248.64
8986.902,1955.555,11094.75,9029.628,2033.775,10639.65,9352.347,1982.074,11029.58,8970.193,2018.298,10841.4,9473.447,1974.46,11250.27
8988.459,1955.555,11095.58,9030.681,2033.775,10641.07,9353.36,1982.074,11031.02,8971.37,2018.298,10842.72,9474.497,1974.46,11251.69
8990.355,1955.555,11096.68,9031.707,2033.775,10643,9354.676,1982.074,11032.78,8972.883,2018.298,10844.3,9475.856,1974.46,11253.41
8991.753,1955.555,11097.5,9032.513,2033.775,10644.41,9355.606,1982.074,11034.1,8974.016,2018.298,10845.46,9476.82,1974.46,11254.71
8994.099,1955.555,11098.78,9033.915,2033.775,10646.69,9357.17,1982.074,11036.27,8975.763,2018.298,10847.49,9478.478,1974.46,11256.81
8994.598,1955.555,11099.07,9034.235,2033.775,10647.17,9357.53,1982.074,11036.72,8976.156,2018.298,10847.91,9478.777,1974.46,11257.3
8996.63,1955.555,11100.3,9035.551,2033.775,10649.15,9358.944,1982.074,11038.63,8977.802,2018.298,10849.63,9480.073,1974.46,11259.29
8997.726,1955.555,11100.92,9036.21,2033.775,10650.22,9359.78,1982.074,11039.57,8978.701,2018.298,10850.5,9480.783,1974.46,11260.33
8999.271,1955.555,11101.79,9037.081,2033.775,10651.76,9360.915,1982.074,11040.93,8979.959,2018.298,10851.75,9481.831,1974.46,11261.76
9000.782,1955.555,11102.7,9037.999,2033.775,10653.27,9362.097,1982.074,11042.24,8981.253,2018.298,10852.95,9482.922,1974.46,11263.15
9001.702,1955.555,11103.21,9038.576,2033.775,10654.15,9362.776,1982.074,11043.05,8981.917,2018.298,10853.77,9483.514,1974.46,11264.02
9003.231,1955.555,11103.95,9039.552,2033.775,10655.54,9363.828,1982.074,11044.38,8983.03,2018.298,10855.05,9484.513,1974.46,11265.39
9004.509,1955.555,11104.52,9040.394,2033.775,10656.66,9364.761,1982.074,11045.43,8983.982,2018.298,10856.08,9485.373,1974.46,11266.5
9005.356,1955.555,11104.87,9040.969,2033.775,10657.37,9365.348,1982.074,11046.13,8984.627,2018.298,10856.73,9485.853,1974.46,11267.28
9007.068,1955.555,11105.64,9042.301,2033.775,10658.69,9366.58,1982.074,11047.55,8985.99,2018.298,10858.02,9486.886,1974.46,11268.85
9007.984,1955.555,11105.98,9042.972,2033.775,10659.41,9367.197,1982.074,11048.3,8986.722,2018.298,10858.67,9487.45,1974.46,11269.64
9009.304,1955.555,11106.49,9043.998,2033.775,10660.38,9368.054,1982.074,11049.43,8987.756,2018.298,10859.63,9488.276,1974.46,11270.79
9010.4,1955.555,11106.96,9044.835,2033.775,10661.23,9368.765,1982.074,11050.38,8988.586,2018.298,10860.49,9489.004,1974.46,11271.74
9011.453,1955.555,11107.45,9045.623,2033.775,10662.08,9369.522,1982.074,11051.26,8989.308,2018.298,10861.4,9489.695,1974.46,11272.67
9012.455,1955.555,11107.95,9046.357,2033.775,10662.92,9370.235,1982.074,11052.13,8990.033,2018.298,10862.25,9490.276,1974.46,11273.63
9013.413,1955.555,11108.4,9047.024,2033.775,10663.75,9370.881,1982.074,11052.97,8990.744,2018.298,10863.04,9490.854,1974.46,11274.51
9014.517,1955.555,11108.9,9047.755,2033.775,10664.71,9371.586,1982.074,11053.95,8991.504,2018.298,10863.98,9491.548,1974.46,11275.5
9015.166,1955.555,11109.22,9048.226,2033.775,10665.26,9372.046,1982.074,11054.51,8991.977,2018.298,10864.52,9491.981,1974.46,11276.08
9016.193,1955.555,11109.76,9049.021,2033.775,10666.11,9372.756,1982.074,11055.43,8992.765,2018.298,10865.38,9492.708,1974.46,11276.99
9017.061,1955.555,11110.17,9049.655,2033.775,10666.83,9373.317,1982.074,11056.21,8993.438,2018.298,10866.06,9493.385,1974.46,11277.67
9017.892,1955.555,11110.6,9050.249,2033.775,10667.55,9373.906,1982.074,11056.93,8994.091,2018.298,10866.73,9494.021,1974.46,11278.35
9018.678,1955.555,11111.03,9050.798,2033.775,10668.26,9374.45,1982.074,11057.65,8994.741,2018.298,10867.35,9494.637,1974.46,11279.01
9019.33,1955.555,11111.42,9051.307,2033.775,10668.83,9374.928,1982.074,11058.24,8995.255,2018.298,10867.91,9495.196,1974.46,11279.52
9020.403,1955.555,11112.08,9052.116,2033.775,10669.79,9375.685,1982.074,11059.24,8996.135,2018.298,10868.81,9496.094,1974.46,11280.4
9020.64,1955.555,11112.21,9052.285,2033.775,10670,9375.842,1982.074,11059.47,8996.332,2018.298,10869,9496.288,1974.46,11280.6
9021.79,1955.555,11112.66,9053.077,2033.775,10670.95,9376.531,1982.074,11060.49,8997.252,2018.298,10869.82,9497.14,1974.46,11281.49
9022.229,1955.555,11112.85,9053.424,2033.775,10671.28,9376.851,1982.074,11060.85,8997.632,2018.298,10870.11,9497.458,1974.46,11281.85
9022.996,1955.555,11113.21,9054.018,2033.775,10671.88,9377.4,1982.074,11061.49,8998.33,2018.298,10870.59,9498.063,1974.46,11282.44
9023.641,1955.555,11113.53,9054.521,2033.775,10672.4,9377.875,1982.074,11062.03,8998.913,2018.298,10871.01,9498.563,1974.46,11282.96
9024.271,1955.555,11113.84,9054.991,2033.775,10672.92,9378.317,1982.074,11062.58,8999.467,2018.298,10871.44,9499.031,1974.46,11283.48
9024.698,1955.555,11114,9055.288,2033.775,10673.27,9378.596,1982.074,11062.94,8999.82,2018.298,10871.73,9499.36,1974.46,11283.8
9025.64,1955.555,11114.41,9055.977,2033.775,10674.02,9379.189,1982.074,11063.77,9000.587,2018.298,10872.41,9500.071,1974.46,11284.53
9026.062,1955.555,11114.6,9056.304,2033.775,10674.35,9379.446,1982.074,11064.16,9000.947,2018.298,10872.71,9500.383,1974.46,11284.88
9026.651,1955.555,11114.9,9056.754,2033.775,10674.84,9379.794,1982.074,11064.72,9001.445,2018.298,10873.14,9500.845,1974.46,11285.35
9027.322,1955.555,11115.27,9057.256,2033.775,10675.42,9380.123,1982.074,11065.42,9002.005,2018.298,10873.67,9501.374,1974.46,11285.91
9027.649,1955.555,11115.46,9057.495,2033.775,10675.71,9380.284,1982.074,11065.76,9002.32,2018.298,10873.88,9501.627,1974.46,11286.19
9028.217,1955.555,11115.77,9057.897,2033.775,10676.22,9380.578,1982.074,11066.33,9002.846,2018.298,10874.25,9502.043,1974.46,11286.68
9028.557,1955.555,11115.95,9058.125,2033.775,10676.52,9380.76,1982.074,11066.67,9003.149,2018.298,10874.49,9502.279,1974.46,11286.98
9029.098,1955.555,11116.25,9058.478,2033.775,10677.03,9381.057,1982.074,11067.22,9003.629,2018.298,10874.88,9502.655,1974.46,11287.48
9029.533,1955.555,11116.51,9058.781,2033.775,10677.44,9381.29,1982.074,11067.67,9004.012,2018.298,10875.22,9502.951,1974.46,11287.89
9029.824,1955.555,11116.68,9058.971,2033.775,10677.72,9381.452,1982.074,11067.96,9004.263,2018.298,10875.44,9503.153,1974.46,11288.16
9030.436,1955.555,11117.05,9059.396,2033.775,10678.29,9381.816,1982.074,11068.58,9004.784,2018.298,10875.93,9503.668,1974.46,11288.65
9030.908,1955.555,11117.41,9059.775,2033.775,10678.75,9382.137,1982.074,11069.08,9005.205,2018.298,10876.35,9504.09,1974.46,11289.07
9031.259,1955.555,11117.66,9060.039,2033.775,10679.09,9382.314,1982.074,11069.47,9005.52,2018.298,10876.64,9504.385,1974.46,11289.39
9032.239,1955.555,11118.32,9060.729,2033.775,10680.05,9382.813,1982.074,11070.54,9006.353,2018.298,10877.48,9505.164,1974.46,11290.27
9032.898,1955.555,11118.83,9061.102,2033.775,10680.79,9383.189,1982.074,11071.28,9006.865,2018.298,10878.13,9505.736,1974.46,11290.88
9033.246,1955.555,11119.11,9061.315,2033.775,10681.19,9383.365,1982.074,11071.69,9007.153,2018.298,10878.48,9506.034,1974.46,11291.21
9033.956,1955.555,11119.65,9061.767,2033.775,10681.96,9383.743,1982.074,11072.5,9007.749,2018.298,10879.14,9506.605,1974.46,11291.9
9034.689,1955.555,11120.17,9062.246,2033.775,10682.72,9384.15,1982.074,11073.3,9008.371,2018.298,10879.79,9507.158,1974.46,11292.61
9035.291,1955.555,11120.57,9062.601,2033.775,10683.35,9384.498,1982.074,11073.94,9008.878,2018.298,10880.31,9507.583,1974.46,11293.19
9036.518,1955.555,11121.33,9063.35,2033.775,10684.58,9385.232,1982.074,11075.18,9009.914,2018.298,10881.31,9508.588,1974.46,11294.23
9036.913,1955.555,11121.56,9063.599,2033.775,10684.96,9385.45,1982.074,11075.58,9010.252,2018.298,10881.62,9508.895,1974.46,11294.57
9038.127,1955.555,11122.31,9064.418,2033.775,10686.13,9386.172,1982.074,11076.81,9011.277,2018.298,10882.61,9509.82,1974.46,11295.65
9038.738,1955.555,11122.83,9064.818,2033.775,10686.83,9386.561,1982.074,11077.51,9011.788,2018.298,10883.23,9510.321,1974.46,11296.28
9039.843,1955.555,11123.71,9065.478,2033.775,10688.08,9387.283,1982.074,11078.73,9012.722,2018.298,10884.29,9511.166,1974.46,11297.41
9040.866,1955.555,11124.48,9066.084,2033.775,10689.2,9387.972,1982.074,11079.8,9013.537,2018.298,10885.27,9511.895,1974.46,11298.46
9041.953,1955.555,11125.38,9066.797,2033.775,10690.43,9388.759,1982.074,11080.98,9014.383,2018.298,10886.41,9512.825,1974.46,11299.53
9042.404,1955.555,11125.75,9067.102,2033.775,10690.92,9389.063,1982.074,11081.47,9014.727,2018.298,10886.88,9513.205,1974.46,11299.96
9043.515,1955.555,11126.57,9067.87,2033.775,10692.07,9389.924,1982.074,11082.56,9015.586,2018.298,10887.96,9514.125,1974.46,11301
9044.394,1955.555,11127.28,9068.422,2033.775,10693.05,9390.594,1982.074,11083.46,9016.313,2018.298,10888.82,9514.845,1974.46,11301.87
9045.234,1955.555,11127.91,9068.967,2033.775,10693.95,9391.286,1982.074,11084.25,9017.018,2018.298,10889.6,9515.49,1974.46,11302.7
9046.068,1955.555,11128.49,9069.522,2033.775,10694.8,9391.931,1982.074,11085.04,9017.724,2018.298,10890.33,9516.088,1974.46,11303.52
9046.894,1955.555,11129.03,9070.087,2033.775,10695.61,9392.529,1982.074,11085.82,9018.431,2018.298,10891.02,9516.641,1974.46,11304.33
9047.609,1955.555,11129.62,9070.645,2033.775,10696.35,9393.07,1982.074,11086.58,9019.046,2018.298,10891.72,9517.228,1974.46,11305.06
9048.263,1955.555,11130.13,9071.118,2033.775,10697.03,9393.528,1982.074,11087.27,9019.612,2018.298,10892.32,9517.728,1974.46,11305.71
9049.091,1955.555,11130.73,9071.717,2033.775,10697.86,9394.196,1982.074,11088.04,9020.337,2018.298,10893.04,9518.32,1974.46,11306.55
9049.809,1955.555,11131.21,9072.203,2033.775,10698.58,9394.761,1982.074,11088.7,9020.894,2018.298,10893.71,9518.829,1974.46,11307.25
9050.506,1955.555,11131.68,9072.603,2033.775,10699.32,9395.288,1982.074,11089.35,9021.455,2018.298,10894.33,9519.301,1974.46,11307.94
9051.328,1955.555,11132.39,9073.088,2033.775,10700.28,9395.977,1982.074,11090.19,9022.148,2018.298,10895.16,9520.019,1974.46,11308.75
9051.633,1955.555,11132.63,9073.274,2033.775,10700.63,9396.215,1982.074,11090.5,9022.408,2018.298,10895.45,9520.268,1974.46,11309.05
9052.355,1955.555,11133.17,9073.721,2033.775,10701.41,9396.742,1982.074,11091.23,9023.009,2018.298,10896.13,9520.821,1974.46,11309.76
9052.965,1955.555,11133.6,9074.109,2033.775,10702.04,9397.173,1982.074,11091.83,9023.448,2018.298,10896.73,9521.258,1974.46,11310.37
9053.354,1955.555,11133.88,9074.375,2033.775,10702.45,9397.439,1982.074,11092.24,9023.746,2018.298,10897.11,9521.528,1974.46,11310.77
9054.128,1955.555,11134.42,9074.822,2033.775,10703.28,9397.934,1982.074,11093.04,9024.351,2018.298,10897.83,9522.029,1974.46,11311.56
9054.742,1955.555,11134.81,9075.19,2033.775,10703.91,9398.396,1982.074,11093.6,9024.838,2018.298,10898.37,9522.398,1974.46,11312.19
9055.181,1955.555,11135.07,9075.462,2033.775,10704.34,9398.706,1982.074,11094,9025.147,2018.298,10898.77,9522.654,1974.46,11312.63
9056.196,1955.555,11135.49,9075.99,2033.775,10705.3,9399.345,1982.074,11094.9,9025.842,2018.298,10899.62,9523.236,1974.46,11313.56
9056.967,1955.555,11135.83,9076.421,2033.775,10706.03,9399.876,1982.074,11095.56,9026.396,2018.298,10900.26,9523.729,1974.46,11314.25
9057.707,1955.555,11136.2,9076.863,2033.775,10706.72,9400.372,1982.074,11096.21,9026.956,2018.298,10900.87,9524.187,1974.46,11314.93
9058.724,1955.555,11136.61,9077.342,2033.775,10707.71,9401.036,1982.074,11097.08,9027.675,2018.298,10901.69,9524.766,1974.46,11315.87
9059.525,1955.555,11136.96,9077.75,2033.775,10708.48,9401.544,1982.074,11097.8,9028.271,2018.298,10902.34,9525.214,1974.46,11316.62
9060.948,1955.555,11137.63,9078.526,2033.775,10709.85,9402.412,1982.074,11099.11,9029.219,2018.298,10903.59,9525.974,1974.46,11317.99
9061.287,1955.555,11137.76,9078.718,2033.775,10710.16,9402.617,1982.074,11099.41,9029.449,2018.298,10903.87,9526.14,1974.46,11318.32
9062.64,1955.555,11138.3,9079.52,2033.775,10711.38,9403.396,1982.074,11100.64,9030.402,2018.298,10904.97,9526.844,1974.46,11319.59
9063.956,1955.555,11138.88,9080.161,2033.775,10712.66,9404.124,1982.074,11101.88,9031.37,2018.298,10906.04,9527.473,1974.46,11320.89
9064.428,1955.555,11139.11,9080.409,2033.775,10713.12,9404.374,1982.074,11102.34,9031.688,2018.298,10906.45,9527.712,1974.46,11321.35
9065.536,1955.555,11139.58,9081.016,2033.775,10714.16,9404.983,1982.074,11103.38,9032.453,2018.298,10907.38,9528.179,1974.46,11322.46
9066.437,1955.555,11139.99,9081.521,2033.775,10715.01,9405.525,1982.074,11104.21,9033.108,2018.298,10908.13,9528.559,1974.46,11323.38
9067.292,1955.555,11140.42,9082.036,2033.775,10715.82,9406.022,1982.074,11105.03,9033.711,2018.298,10908.87,9528.953,1974.46,11324.25
9068.112,1955.555,11140.87,9082.564,2033.775,10716.59,9406.48,1982.074,11105.84,9034.322,2018.298,10909.58,9529.285,1974.46,11325.12
9068.785,1955.555,11141.26,9082.943,2033.775,10717.27,9406.881,1982.074,11106.51,9034.852,2018.298,10910.15,9529.586,1974.46,11325.84
9069.881,1955.555,11141.95,9083.532,2033.775,10718.43,9407.509,1982.074,11107.64,9035.762,2018.298,10911.07,9530.125,1974.46,11327.02
9070.114,1955.555,11142.11,9083.669,2033.775,10718.67,9407.65,1982.074,11107.89,9035.943,2018.298,10911.29,9530.213,1974.46,11327.29
9071.025,1955.555,11142.68,9084.146,2033.775,10719.64,9408.159,1982.074,11108.84,9036.66,2018.298,10912.09,9530.581,1974.46,11328.3
9071.706,1955.555,11143.09,9084.521,2033.775,10720.34,9408.514,1982.074,11109.55,9037.176,2018.298,10912.69,9530.877,1974.46,11329.03
9072.219,1955.555,11143.32,9084.803,2033.775,10720.82,9408.78,1982.074,11110.04,9037.554,2018.298,10913.11,9531.103,1974.46,11329.55
9073.047,1955.555,11143.72,9085.29,2033.775,10721.61,9409.178,1982.074,11110.87,9038.196,2018.298,10913.77,9531.501,1974.46,11330.38
9073.716,1955.555,11144.08,9085.711,2033.775,10722.24,9409.526,1982.074,11111.54,9038.691,2018.298,10914.34,9531.851,1974.46,11331.05
9074.281,1955.555,11144.4,9086.091,2033.775,10722.76,9409.845,1982.074,11112.11,9039.087,2018.298,10914.86,9532.132,1974.46,11331.64
9075.313,1955.555,11145.02,9086.923,2033.775,10723.63,9410.442,1982.074,11113.16,9039.85,2018.298,10915.79,9532.688,1974.46,11332.7
9075.572,1955.555,11145.14,9087.113,2033.775,10723.84,9410.61,1982.074,11113.39,9040.037,2018.298,10916,9532.811,1974.46,11332.96
9076.658,1955.555,11145.58,9087.873,2033.775,10724.73,9411.27,1982.074,11114.35,9040.836,2018.298,10916.86,9533.309,1974.46,11334.02
9077.518,1955.555,11145.95,9088.459,2033.775,10725.47,9411.773,1982.074,11115.15,9041.5,2018.298,10917.52,9533.736,1974.46,11334.86
9078.438,1955.555,11146.4,9089.069,2033.775,10726.29,9412.292,1982.074,11116.03,9042.177,2018.298,10918.29,9534.171,1974.46,11335.78
9079.533,1955.555,11146.97,9089.775,2033.775,10727.3,9412.936,1982.074,11117.08,9043.025,2018.298,10919.18,9534.733,1974.46,11336.88
9079.944,1955.555,11147.2,9090.032,2033.775,10727.7,9413.168,1982.074,11117.49,9043.36,2018.298,10919.52,9534.935,1974.46,11337.31
9081.308,1955.555,11147.77,9090.876,2033.775,10728.91,9413.853,1982.074,11118.8,9044.443,2018.298,10920.52,9535.628,1974.46,11338.61
9082.317,1955.555,11148.23,9091.538,2033.775,10729.8,9414.44,1982.074,11119.74,9045.232,2018.298,10921.3,9536.203,1974.46,11339.56
9083.285,1955.555,11148.67,9092.146,2033.775,10730.67,9415.033,1982.074,11120.63,9045.965,2018.298,10922.08,9536.74,1974.46,11340.48
9084.523,1955.555,11149.29,9092.932,2033.775,10731.81,9415.766,1982.074,11121.8,9046.949,2018.298,10923.05,9537.399,1974.46,11341.7
9085.636,1955.555,11149.9,9093.615,2033.775,10732.88,9416.399,1982.074,11122.9,9047.944,2018.298,10923.83,9538.036,1974.46,11342.79
9086.75,1955.555,11150.55,9094.349,2033.775,10733.94,9417.104,1982.074,11123.98,9048.934,2018.298,10924.66,9538.649,1974.46,11343.93
9087.486,1955.555,11151.01,9094.818,2033.775,10734.67,9417.553,1982.074,11124.73,9049.581,2018.298,10925.24,9539.1,1974.46,11344.67
9088.873,1955.555,11152.17,9095.813,2033.775,10736.18,9418.439,1982.074,11126.3,9050.938,2018.298,10926.43,9539.982,1974.46,11346.25
9089.613,1955.555,11152.75,9096.357,2033.775,10736.95,9418.91,1982.074,11127.12,9051.627,2018.298,10927.08,9540.418,1974.46,11347.09
9090.697,1955.555,11153.56,9097.097,2033.775,10738.08,9419.619,1982.074,11128.27,9052.581,2018.298,10928.04,9541.005,1974.46,11348.3
9091.521,1955.555,11154.13,9097.671,2033.775,10738.9,9420.117,1982.074,11129.13,9053.331,2018.298,10928.7,9541.41,1974.46,11349.22
9092.473,1955.555,11154.95,9098.358,2033.775,10739.96,9420.708,1982.074,11130.25,9054.247,2018.298,10929.56,9541.883,1974.46,11350.38
9093.31,1955.555,11155.63,9098.977,2033.775,10740.84,9421.334,1982.074,11131.13,9055.007,2018.298,10930.33,9542.258,1974.46,11351.4
9094.142,1955.555,11156.27,9099.591,2033.775,10741.69,9421.912,1982.074,11132,9055.722,2018.298,10931.09,9542.589,1974.46,11352.39
9094.959,1955.555,11156.87,9100.159,2033.775,10742.53,9422.445,1982.074,11132.86,9056.438,2018.298,10931.81,9542.929,1974.46,11353.34
9095.498,1955.555,11157.24,9100.575,2033.775,10743.03,9422.771,1982.074,11133.43,9056.885,2018.298,10932.29,9543.174,1974.46,11353.95
9096.549,1955.555,11157.96,9101.356,2033.775,10744.04,9423.483,1982.074,11134.49,9057.788,2018.298,10933.19,9543.693,1974.46,11355.12
9097.218,1955.555,11158.55,9101.907,2033.775,10744.74,9423.956,1982.074,11135.24,9058.415,2018.298,10933.82,9544.109,1974.46,11355.9
9098.013,1955.555,11159.2,9102.518,2033.775,10745.57,9424.483,1982.074,11136.13,9059.115,2018.298,10934.58,9544.56,1974.46,11356.83
9098.493,1955.555,11159.57,9102.86,2033.775,10746.07,9424.776,1982.074,11136.66,9059.496,2018.298,10935.05,9544.807,1974.46,11357.38
9099.296,1955.555,11160.15,9103.453,2033.775,10746.86,9425.26,1982.074,11137.52,9060.066,2018.298,10935.85,9545.181,1974.46,11358.3
9099.817,1955.555,11160.5,9103.813,2033.775,10747.38,9425.57,1982.074,11138.06,9060.445,2018.298,10936.36,9545.422,1974.46,11358.88
9100.545,1955.555,11161.14,9104.343,2033.775,10748.19,9426.077,1982.074,11138.89,9061.057,2018.298,10937.11,9545.766,1974.46,11359.79
9101.119,1955.555,11161.64,9104.696,2033.775,10748.87,9426.508,1982.074,11139.52,9061.556,2018.298,10937.69,9546.012,1974.46,11360.51
9101.693,1955.555,11162.11,9105.062,2033.775,10749.51,9426.907,1982.074,11140.14,9062.043,2018.298,10938.25,9546.229,1974.46,11361.22
9102.244,1955.555,11162.53,9105.423,2033.775,10750.1,9427.261,1982.074,11140.74,9062.499,2018.298,10938.77,9546.409,1974.46,11361.88
9102.751,1955.555,11162.9,9105.765,2033.775,10750.62,9427.562,1982.074,11141.29,9062.924,2018.298,10939.22,9546.582,1974.46,11362.48
9103.389,1955.555,11163.32,9106.205,2033.775,10751.25,9427.908,1982.074,11141.97,9063.465,2018.298,10939.76,9546.87,1974.46,11363.19
9103.924,1955.555,11163.69,9106.562,2033.775,10751.79,9428.195,1982.074,11142.55,9063.908,2018.298,10940.24,9547.095,1974.46,11363.8
9104.416,1955.555,11164.08,9106.839,2033.775,10752.36,9428.485,1982.074,11143.11,9064.265,2018.298,10940.76,9547.294,1974.46,11364.4
9104.905,1955.555,11164.45,9107.125,2033.775,10752.9,9428.748,1982.074,11143.67,9064.627,2018.298,10941.25,9547.468,1974.46,11364.99
9105.221,1955.555,11164.69,9107.319,2033.775,10753.24,9428.966,1982.074,11143.99,9064.869,2018.298,10941.56,9547.566,1974.46,11365.37
9105.821,1955.555,11165.18,9107.719,2033.775,10753.91,9429.376,1982.074,11144.65,9065.368,2018.298,10942.16,9547.858,1974.46,11366.09
9106.252,1955.555,11165.53,9107.986,2033.775,10754.4,9429.655,1982.074,11145.13,9065.707,2018.298,10942.6,9548.051,1974.46,11366.61
9106.68,1955.555,11165.86,9108.26,2033.775,10754.86,9429.947,1982.074,11145.59,9066.048,2018.298,10943.02,9548.22,1974.46,11367.12
9107.008,1955.555,11166.09,9108.477,2033.775,10755.2,9430.154,1982.074,11145.93,9066.3,2018.298,10943.33,9548.334,1974.46,11367.51
9107.52,1955.555,11166.45,9108.735,2033.775,10755.77,9430.486,1982.074,11146.46,9066.706,2018.298,10943.8,9548.491,1974.46,11368.11
9107.931,1955.555,11166.72,9108.953,2033.775,10756.21,9430.733,1982.074,11146.88,9066.991,2018.298,10944.2,9548.612,1974.46,11368.59
9108.335,1955.555,11166.96,9109.163,2033.775,10756.63,9430.979,1982.074,11147.29,9067.28,2018.298,10944.58,9548.776,1974.46,11369.03
9108.593,1955.555,11167.13,9109.309,2033.775,10756.91,9431.131,1982.074,11147.56,9067.471,2018.298,10944.82,9548.875,1974.46,11369.33
9109.083,1955.555,11167.48,9109.608,2033.775,10757.42,9431.407,1982.074,11148.09,9067.856,2018.298,10945.28,9549.048,1974.46,11369.9
9109.436,1955.555,11167.71,9109.831,2033.775,10757.78,9431.59,1982.074,11148.47,9068.138,2018.298,10945.59,9549.156,1974.46,11370.31
9109.849,1955.555,11167.96,9110.072,2033.775,10758.2,9431.785,1982.074,11148.91,9068.426,2018.298,10945.98,9549.266,1974.46,11370.78
9110.086,1955.555,11168.12,9110.223,2033.775,10758.44,9431.892,1982.074,11149.18,9068.603,2018.298,10946.2,9549.32,1974.46,11371.06
9110.43,1955.555,11168.43,9110.407,2033.775,10758.87,9432.079,1982.074,11149.6,9068.871,2018.298,10946.58,9549.396,1974.46,11371.51
9110.654,1955.555,11168.62,9110.533,2033.775,10759.14,9432.225,1982.074,11149.86,9069.049,2018.298,10946.82,9549.406,1974.46,11371.81
9111.013,1955.555,11168.91,9110.723,2033.775,10759.55,9432.438,1982.074,11150.26,9069.338,2018.298,10947.17,9549.438,1974.46,11372.27
9111.332,1955.555,11169.15,9110.898,2033.775,10759.91,9432.648,1982.074,11150.6,9069.599,2018.298,10947.48,9549.436,1974.46,11372.67
9111.706,1955.555,11169.41,9111.113,2033.775,10760.31,9432.877,1982.074,11151,9069.868,2018.298,10947.84,9549.447,1974.46,11373.12
9112.003,1955.555,11169.64,9111.301,2033.775,10760.64,9433.073,1982.074,11151.32,9070.101,2018.298,10948.14,9549.469,1974.46,11373.5
9112.563,1955.555,11170.04,9111.666,2033.775,10761.22,9433.415,1982.074,11151.92,9070.546,2018.298,10948.67,9549.532,1974.46,11374.18
9113.051,1955.555,11170.45,9112.019,2033.775,10761.75,9433.711,1982.074,11152.48,9070.97,2018.298,10949.14,9549.61,1974.46,11374.81
9113.505,1955.555,11170.85,9112.341,2033.775,10762.27,9433.978,1982.074,11153.03,9071.393,2018.298,10949.58,9549.634,1974.46,11375.42
9114.139,1955.555,11171.39,9112.766,2033.775,10762.98,9434.314,1982.074,11153.79,9071.863,2018.298,10950.26,9549.692,1974.46,11376.25
9114.648,1955.555,11171.84,9113.117,2033.775,10763.57,9434.571,1982.074,11154.42,9072.268,2018.298,10950.81,9549.763,1974.46,11376.93
9115.375,1955.555,11172.44,9113.631,2033.775,10764.36,9434.955,1982.074,11155.28,9072.853,2018.298,10951.55,9549.779,1974.46,11377.87
9116.074,1955.555,11172.98,9114.123,2033.775,10765.09,9435.288,1982.074,11156.09,9073.386,2018.298,10952.25,9549.823,1974.46,11378.75
9116.827,1955.555,11173.52,9114.615,2033.775,10765.88,9435.61,1982.074,11156.97,9073.971,2018.298,10952.97,9549.9,1974.46,11379.68
9117.632,1955.555,11174.07,9115.122,2033.775,10766.71,9435.875,1982.074,11157.9,9074.605,2018.298,10953.71,9549.949,1974.46,11380.65
9118.2,1955.555,11174.42,9115.491,2033.775,10767.26,9436.079,1982.074,11158.54,9075.061,2018.298,10954.2,9549.884,1974.46,11381.32
9119.47,1955.555,11175.01,9116.223,2033.775,10768.46,9436.517,1982.074,11159.87,9076.019,2018.298,10955.22,9549.793,1974.46,11382.71
9120.45,1955.555,11175.51,9116.827,2033.775,10769.38,9436.775,1982.074,11160.94,9076.767,2018.298,10956.03,9549.758,1974.46,11383.81
9121.45,1955.555,11176.05,9117.423,2033.775,10770.35,9437.08,1982.074,11162.03,9077.569,2018.298,10956.84,9549.759,1974.46,11384.95
9122.22,1955.555,11176.51,9117.915,2033.775,10771.09,9437.325,1982.074,11162.89,9078.251,2018.298,10957.42,9549.788,1974.46,11385.84
9123.514,1955.555,11177.25,9118.715,2033.775,10772.35,9437.759,1982.074,11164.32,9079.354,2018.298,10958.41,9549.789,1974.46,11387.33
9124.326,1955.555,11177.74,9119.228,2033.775,10773.15,9438.066,1982.074,11165.22,9080.04,2018.298,10959.08,9549.839,1974.46,11388.29
9125.765,1955.555,11178.4,9120.034,2033.775,10774.51,9438.366,1982.074,11166.77,9081.15,2018.298,10960.2,9549.869,1974.46,11389.86
9126.944,1955.555,11178.98,9120.679,2033.775,10775.66,9438.658,1982.074,11168.05,9082.044,2018.298,10961.17,9549.852,1974.46,11391.18
9128.131,1955.555,11179.62,9121.376,2033.775,10776.81,9438.999,1982.074,11169.36,9082.866,2018.298,10962.23,9549.789,1974.46,11392.52
9129.33,1955.555,11180.3,9122.13,2033.775,10777.97,9439.393,1982.074,11170.68,9083.686,2018.298,10963.34,9549.68,1974.46,11393.9
9130.532,1955.555,11181.04,9122.875,2033.775,10779.17,9439.839,1982.074,11172.02,9084.56,2018.298,10964.45,9549.522,1974.46,11395.3
9131.519,1955.555,11181.52,9123.485,2033.775,10780.08,9440.133,1982.074,11173.08,9085.268,2018.298,10965.29,9549.364,1974.46,11396.39
9133.403,1955.555,11182.52,9124.612,2033.775,10781.89,9440.771,1982.074,11175.11,9086.696,2018.298,10966.88,9549.227,1974.46,11398.52
9133.976,1955.555,11182.85,9124.942,2033.775,10782.46,9440.979,1982.074,11175.74,9087.154,2018.298,10967.35,9549.162,1974.46,11399.18
9135.788,1955.555,11183.77,9126.015,2033.775,10784.18,9441.678,1982.074,11177.64,9088.598,2018.298,10968.78,9548.899,1974.46,11401.19
9137.13,1955.555,11184.43,9126.763,2033.775,10785.48,9442.146,1982.074,11179.07,9089.626,2018.298,10969.86,9548.657,1974.46,11402.67
9138.747,1955.555,11185.29,9127.559,2033.775,10787.13,9442.778,1982.074,11180.79,9090.89,2018.298,10971.19,9548.301,1974.46,11404.46
9139.702,1955.555,11185.84,9128.069,2033.775,10788.11,9443.124,1982.074,11181.83,9091.707,2018.298,10971.93,9548.052,1974.46,11405.54
9141.604,1955.555,11186.8,9129.017,2033.775,10790.02,9443.624,1982.074,11183.9,9093.238,2018.298,10973.41,9547.503,1974.46,11407.6
9143.212,1955.555,11187.68,9129.885,2033.775,10791.63,9444.062,1982.074,11185.68,9094.514,2018.298,10974.73,9546.973,1974.46,11409.35
9144.297,1955.555,11188.32,9130.518,2033.775,10792.72,9444.401,1982.074,11186.9,9095.453,2018.298,10975.57,9546.569,1974.46,11410.54
9145.722,1955.555,11189.22,9131.412,2033.775,10794.15,9444.91,1982.074,11188.5,9096.756,2018.298,10976.64,9545.977,1974.46,11412.12
9147.266,1955.555,11189.96,9132.271,2033.775,10795.63,9445.484,1982.074,11190.11,9098.039,2018.298,10977.77,9545.324,1974.46,11413.7
9148.802,1955.555,11190.75,9133.046,2033.775,10797.17,9446.171,1982.074,11191.7,9099.334,2018.298,10978.91,9544.612,1974.46,11415.27
9150.134,1955.555,11191.47,9133.771,2033.775,10798.5,9446.729,1982.074,11193.11,9100.438,2018.298,10979.95,9543.942,1974.46,11416.64
9151.845,1955.555,11192.48,9134.66,2033.775,10800.28,9447.59,1982.074,11194.9,9101.838,2018.298,10981.36,9543.008,1974.46,11418.39
9153.281,1955.555,11193.39,9135.435,2033.775,10801.79,9448.276,1982.074,11196.46,9102.996,2018.298,10982.61,9542.159,1974.46,11419.86
9154.704,1955.555,11194.23,9136.234,2033.775,10803.24,9448.894,1982.074,11197.99,9104.262,2018.298,10983.67,9541.288,1974.46,11421.27
9156.102,1955.555,11195.01,9137.055,2033.775,10804.61,9449.443,1982.074,11199.49,9105.454,2018.298,10984.74,9540.399,1974.46,11422.6
9157.489,1955.555,11195.7,9137.806,2033.775,10805.97,9449.928,1982.074,11200.96,9106.574,2018.298,10985.81,9539.498,1974.46,11423.86
9158.811,1955.555,11196.41,9138.336,2033.775,10807.37,9450.35,1982.074,11202.4,9107.624,2018.298,10986.88,9538.585,1974.46,11425.05
9159.786,1955.555,11196.97,9138.767,2033.775,10808.41,9450.749,1982.074,11203.45,9108.383,2018.298,10987.71,9537.873,1974.46,11425.92
9161.315,1955.555,11197.81,9139.488,2033.775,10810,9451.315,1982.074,11205.1,9109.519,2018.298,10989.03,9536.725,1974.46,11427.23
9162.489,1955.555,11198.5,9140.093,2033.775,10811.22,9451.717,1982.074,11206.41,9110.44,2018.298,10990.04,9535.793,1974.46,11428.23
9163.243,1955.555,11198.98,9140.412,2033.775,10812.06,9452.046,1982.074,11207.24,9111.086,2018.298,10990.65,9535.162,1974.46,11428.86
9164.754,1955.555,11200.02,9141.122,2033.775,10813.74,9452.665,1982.074,11208.96,9112.503,2018.298,10991.81,9533.827,1974.46,11430.11
9165.837,1955.555,11200.71,9141.66,2033.775,10814.91,9453.06,1982.074,11210.19,9113.492,2018.298,10992.64,9532.86,1974.46,11430.96
9166.896,1955.555,11201.23,9142.128,2033.775,10816,9453.496,1982.074,11211.28,9114.374,2018.298,10993.42,9531.949,1974.46,11431.71
9167.814,1955.555,11201.72,9142.57,2033.775,10816.94,9453.85,1982.074,11212.26,9115.128,2018.298,10994.13,9531.125,1974.46,11432.35
9168.799,1955.555,11202.28,9143.025,2033.775,10817.97,9454.199,1982.074,11213.34,9115.923,2018.298,10994.94,9530.206,1974.46,11433.01
9169.733,1955.555,11202.85,9143.498,2033.775,10818.96,9454.594,1982.074,11214.36,9116.667,2018.298,10995.74,9529.296,1974.46,11433.62
9170.622,1955.555,11203.43,9143.887,2033.775,10819.95,9454.944,1982.074,11215.36,9117.363,2018.298,10996.55,9528.394,1974.46,11434.18
9171.188,1955.555,11203.83,9144.161,2033.775,10820.59,9455.151,1982.074,11216.02,9117.803,2018.298,10997.08,9527.794,1974.46,11434.53
9172.355,1955.555,11204.65,9144.767,2033.775,10821.88,9455.531,1982.074,11217.4,9118.742,2018.298,10998.15,9526.538,1974.46,11435.2
9173.027,1955.555,11204.98,9145.065,2033.775,10822.56,9455.707,1982.074,11218.12,9119.217,2018.298,10998.73,9525.867,1974.46,11435.53
9173.968,1955.555,11205.48,9145.431,2033.775,10823.56,9456.028,1982.074,11219.14,9119.89,2018.298,10999.56,9524.897,1974.46,11435.97
9174.651,1955.555,11205.87,9145.726,2033.775,10824.3,9456.241,1982.074,11219.9,9120.366,2018.298,11000.19,9524.17,1974.46,11436.27
9175.764,1955.555,11206.56,9146.25,2033.775,10825.49,9456.627,1982.074,11221.15,9121.19,2018.298,11001.2,9522.946,1974.46,11436.74
9176.015,1955.555,11206.68,9146.372,2033.775,10825.75,9456.701,1982.074,11221.42,9121.345,2018.298,11001.44,9522.679,1974.46,11436.83
9176.962,1955.555,11207.21,9146.871,2033.775,10826.71,9456.952,1982.074,11222.48,9121.938,2018.298,11002.35,9521.642,1974.46,11437.14
9177.431,1955.555,11207.48,9147.136,2033.775,10827.18,9457.061,1982.074,11223.01,9122.239,2018.298,11002.8,9521.118,1974.46,11437.28
9178.356,1955.555,11207.95,9147.673,2033.775,10828.07,9457.275,1982.074,11224.02,9122.844,2018.298,11003.64,9520.107,1974.46,11437.52
9179.015,1955.555,11208.31,9148.04,2033.775,10828.73,9457.407,1982.074,11224.76,9123.301,2018.298,11004.24,9519.371,1974.46,11437.67
9179.436,1955.555,11208.56,9148.229,2033.775,10829.18,9457.478,1982.074,11225.25,9123.611,2018.298,11004.61,9518.889,1974.46,11437.75
9180.235,1955.555,11209.07,9148.625,2033.775,10830.04,9457.486,1982.074,11226.19,9124.236,2018.298,11005.33,9517.949,1974.46,11437.87
9180.824,1955.555,11209.46,9148.94,2033.775,10830.67,9457.516,1982.074,11226.9,9124.718,2018.298,11005.84,9517.247,1974.46,11437.94
9181.465,1955.555,11209.92,9149.241,2033.775,10831.4,9457.574,1982.074,11227.68,9125.234,2018.298,11006.44,9516.462,1974.46,11437.99
9181.701,1955.555,11210.07,9149.357,2033.775,10831.66,9457.604,1982.074,11227.96,9125.433,2018.298,11006.64,9516.18,1974.46,11438
9182.386,1955.555,11210.55,9149.727,2033.775,10832.4,9457.63,1982.074,11228.8,9126,2018.298,11007.25,9515.347,1974.46,11438.06
9182.878,1955.555,11210.9,9150.01,2033.775,10832.94,9457.668,1982.074,11229.4,9126.403,2018.298,11007.69,9514.745,1974.46,11438.08
9183.367,1955.555,11211.21,9150.266,2033.775,10833.46,9457.724,1982.074,11229.98,9126.838,2018.298,11008.08,9514.16,1974.46,11438.09
9183.87,1955.555,11211.47,9150.529,2033.775,10833.96,9457.791,1982.074,11230.54,9127.246,2018.298,11008.48,9513.595,1974.46,11438.09
9184.19,1955.555,11211.65,9150.686,2033.775,10834.29,9457.847,1982.074,11230.9,9127.503,2018.298,11008.74,9513.228,1974.46,11438.09
9184.827,1955.555,11211.97,9151.01,2033.775,10834.93,9457.95,1982.074,11231.61,9128.021,2018.298,11009.23,9512.517,1974.46,11438.05
9185.289,1955.555,11212.2,9151.228,2033.775,10835.39,9458.007,1982.074,11232.12,9128.383,2018.298,11009.59,9512.003,1974.46,11438.01
9185.585,1955.555,11212.36,9151.38,2033.775,10835.69,9458.012,1982.074,11232.46,9128.611,2018.298,11009.84,9511.667,1974.46,11438.01
9186.146,1955.555,11212.68,9151.606,2033.775,10836.3,9458.034,1982.074,11233.1,9129.037,2018.298,11010.33,9511.019,1974.46,11438.01
9186.544,1955.555,11212.93,9151.785,2033.775,10836.74,9458.055,1982.074,11233.57,9129.343,2018.298,11010.69,9510.55,1974.46,11437.99
9186.873,1955.555,11213.15,9151.947,2033.775,10837.1,9458.045,1982.074,11233.97,9129.59,2018.298,11011,9510.155,1974.46,11437.96
9187.403,1955.555,11213.53,9152.234,2033.775,10837.68,9458.051,1982.074,11234.62,9129.969,2018.298,11011.53,9509.506,1974.46,11437.9
9187.585,1955.555,11213.64,9152.332,2033.775,10837.87,9458.047,1982.074,11234.83,9130.095,2018.298,11011.69,9509.3,1974.46,11437.87
9188.05,1955.555,11213.92,9152.604,2033.775,10838.34,9458.055,1982.074,11235.38,9130.38,2018.298,11012.16,9508.755,1974.46,11437.85
9188.385,1955.555,11214.14,9152.808,2033.775,10838.68,9458.073,1982.074,11235.78,9130.602,2018.298,11012.49,9508.354,1974.46,11437.84
9188.598,1955.555,11214.29,9152.944,2033.775,10838.91,9458.094,1982.074,11236.04,9130.74,2018.298,11012.71,9508.095,1974.46,11437.82
9189.097,1955.555,11214.67,9153.268,2033.775,10839.44,9458.164,1982.074,11236.66,9131.09,2018.298,11013.23,9507.473,1974.46,11437.76
9189.256,1955.555,11214.8,9153.369,2033.775,10839.62,9458.194,1982.074,11236.86,9131.212,2018.298,11013.4,9507.265,1974.46,11437.75
9189.581,1955.555,11215.06,9153.561,2033.775,10839.99,9458.24,1982.074,11237.27,9131.448,2018.298,11013.74,9506.852,1974.46,11437.72
9189.856,1955.555,11215.26,9153.717,2033.775,10840.3,9458.258,1982.074,11237.62,9131.62,2018.298,11014.04,9506.512,1974.46,11437.68
9190.04,1955.555,11215.39,9153.82,2033.775,10840.49,9458.276,1982.074,11237.84,9131.738,2018.298,11014.22,9506.29,1974.46,11437.66
9190.442,1955.555,11215.61,9154.027,2033.775,10840.9,9458.305,1982.074,11238.3,9131.995,2018.298,11014.6,9505.833,1974.46,11437.62
9190.65,1955.555,11215.74,9154.138,2033.775,10841.12,9458.327,1982.074,11238.54,9132.137,2018.298,11014.8,9505.591,1974.46,11437.61
9190.956,1955.555,11215.89,9154.305,2033.775,10841.42,9458.329,1982.074,11238.88,9132.347,2018.298,11015.07,9505.249,1974.46,11437.58
9191.212,1955.555,11216.03,9154.485,2033.775,10841.65,9458.34,1982.074,11239.17,9132.533,2018.298,11015.3,9504.958,1974.46,11437.55
9191.453,1955.555,11216.17,9154.651,2033.775,10841.87,9458.359,1982.074,11239.45,9132.684,2018.298,11015.54,9504.68,1974.46,11437.52
9191.636,1955.555,11216.28,9154.769,2033.775,10842.04,9458.381,1982.074,11239.66,9132.789,2018.298,11015.71,9504.474,1974.46,11437.49
9191.972,1955.555,11216.45,9154.973,2033.775,10842.37,9458.433,1982.074,11240.04,9132.992,2018.298,11016.04,9504.094,1974.46,11437.46
9192.152,1955.555,11216.56,9155.079,2033.775,10842.55,9458.47,1982.074,11240.24,9133.109,2018.298,11016.21,9503.887,1974.46,11437.45
9192.394,1955.555,11216.71,9155.239,2033.775,10842.78,9458.512,1982.074,11240.52,9133.267,2018.298,11016.45,9503.604,1974.46,11437.43
9192.602,1955.555,11216.83,9155.369,2033.775,10842.98,9458.575,1982.074,11240.75,9133.407,2018.298,11016.64,9503.363,1974.46,11437.4
9192.777,1955.555,11216.94,9155.476,2033.775,10843.16,9458.623,1982.074,11240.96,9133.534,2018.298,11016.81,9503.157,1974.46,11437.38
9193.068,1955.555,11217.14,9155.646,2033.775,10843.47,9458.693,1982.074,11241.3,9133.757,2018.298,11017.08,9502.81,1974.46,11437.32
9193.241,1955.555,11217.25,9155.735,2033.775,10843.66,9458.729,1982.074,11241.51,9133.894,2018.298,11017.24,9502.605,1974.46,11437.28
9193.41,1955.555,11217.37,9155.822,2033.775,10843.85,9458.759,1982.074,11241.71,9134.041,2018.298,11017.38,9502.397,1974.46,11437.27
9193.681,1955.555,11217.52,9155.956,2033.775,10844.13,9458.845,1982.074,11242.01,9134.255,2018.298,11017.6,9502.09,1974.46,11437.25
9193.86,1955.555,11217.63,9156.053,2033.775,10844.31,9458.896,1982.074,11242.21,9134.395,2018.298,11017.76,9501.883,1974.46,11437.22
9194.085,1955.555,11217.75,9156.178,2033.775,10844.53,9458.95,1982.074,11242.46,9134.559,2018.298,11017.95,9501.629,1974.46,11437.2
9194.266,1955.555,11217.85,9156.285,2033.775,10844.71,9459.004,1982.074,11242.66,9134.705,2018.298,11018.1,9501.422,1974.46,11437.18
9194.443,1955.555,11217.96,9156.411,2033.775,10844.88,9459.052,1982.074,11242.87,9134.846,2018.298,11018.25,9501.216,1974.46,11437.15
9194.64,1955.555,11218.09,9156.548,2033.775,10845.07,9459.099,1982.074,11243.1,9135,2018.298,11018.43,9500.982,1974.46,11437.12
9194.81,1955.555,11218.21,9156.663,2033.775,10845.24,9459.134,1982.074,11243.3,9135.146,2018.298,11018.58,9500.776,1974.46,11437.09
9194.976,1955.555,11218.34,9156.772,2033.775,10845.42,9459.18,1982.074,11243.5,9135.288,2018.298,11018.73,9500.571,1974.46,11437.05
9195.146,1955.555,11218.46,9156.876,2033.775,10845.6,9459.22,1982.074,11243.71,9135.429,2018.298,11018.89,9500.365,1974.46,11437.02
9195.315,1955.555,11218.58,9156.974,2033.775,10845.79,9459.253,1982.074,11243.92,9135.564,2018.298,11019.04,9500.16,1974.46,11436.98
9195.481,1955.555,11218.7,9157.062,2033.775,10845.98,9459.279,1982.074,11244.12,9135.694,2018.298,11019.21,9499.954,1974.46,11436.95
9195.636,1955.555,11218.84,9157.155,2033.775,10846.16,9459.302,1982.074,11244.33,9135.821,2018.298,11019.37,9499.749,1974.46,11436.92
9195.785,1955.555,11218.99,9157.255,2033.775,10846.35,9459.333,1982.074,11244.54,9135.951,2018.298,11019.54,9499.545,1974.46,11436.88
9195.939,1955.555,11219.13,9157.36,2033.775,10846.53,9459.388,1982.074,11244.74,9136.073,2018.298,11019.7,9499.337,1974.46,11436.86
9196.09,1955.555,11219.27,9157.46,2033.775,10846.71,9459.437,1982.074,11244.94,9136.201,2018.298,11019.87,9499.13,1974.46,11436.84
9196.245,1955.555,11219.41,9157.565,2033.775,10846.89,9459.479,1982.074,11245.14,9136.324,2018.298,11020.04,9498.924,1974.46,11436.81
9196.396,1955.555,11219.55,9157.673,2033.775,10847.07,9459.514,1982.074,11245.35,9136.453,2018.298,11020.2,9498.716,1974.46,11436.79
9196.551,1955.555,11219.69,9157.774,2033.775,10847.25,9459.563,1982.074,11245.55,9136.562,2018.298,11020.38,9498.509,1974.46,11436.77
9196.71,1955.555,11219.83,9157.874,2033.775,10847.43,9459.606,1982.074,11245.75,9136.676,2018.298,11020.55,9498.302,1974.46,11436.74
9196.87,1955.555,11219.96,9157.968,2033.775,10847.62,9459.645,1982.074,11245.96,9136.796,2018.298,11020.72,9498.096,1974.46,11436.71
9197.028,1955.555,11220.1,9158.067,2033.775,10847.8,9459.676,1982.074,11246.17,9136.92,2018.298,11020.89,9497.892,1974.46,11436.67
9197.19,1955.555,11220.23,9158.166,2033.775,10847.98,9459.7,1982.074,11246.37,9137.049,2018.298,11021.05,9497.686,1974.46,11436.64
9197.347,1955.555,11220.37,9158.271,2033.775,10848.16,9459.718,1982.074,11246.58,9137.165,2018.298,11021.23,9497.48,1974.46,11436.61
9197.497,1955.555,11220.51,9158.393,2033.775,10848.33,9459.742,1982.074,11246.79,9137.287,2018.298,11021.4,9497.276,1974.46,11436.57
9197.642,1955.555,11220.66,9158.509,2033.775,10848.5,9459.76,1982.074,11247,9137.415,2018.298,11021.56,9497.071,1974.46,11436.53
9197.791,1955.555,11220.81,9158.619,2033.775,10848.68,9459.748,1982.074,11247.2,9137.524,2018.298,11021.74,9496.867,1974.46,11436.48
9197.945,1955.555,11220.95,9158.724,2033.775,10848.86,9459.743,1982.074,11247.41,9137.633,2018.298,11021.92,9496.665,1974.46,11436.43
9198.104,1955.555,11221.08,9158.848,2033.775,10849.03,9459.745,1982.074,11247.62,9137.747,2018.298,11022.09,9496.461,1974.46,11436.39
9198.267,1955.555,11221.21,9158.967,2033.775,10849.2,9459.754,1982.074,11247.83,9137.866,2018.298,11022.26,9496.259,1974.46,11436.34
9198.42,1955.555,11221.35,9159.08,2033.775,10849.37,9459.756,1982.074,11248.04,9137.978,2018.298,11022.44,9496.055,1974.46,11436.29
9198.578,1955.555,11221.49,9159.194,2033.775,10849.55,9459.759,1982.074,11248.24,9138.095,2018.298,11022.61,9495.849,1974.46,11436.27
9198.741,1955.555,11221.62,9159.304,2033.775,10849.73,9459.769,1982.074,11248.45,9138.218,2018.298,11022.78,9495.644,1974.46,11436.23
9198.908,1955.555,11221.74,9159.406,2033.775,10849.91,9459.778,1982.074,11248.66,9138.332,2018.298,11022.95,9495.439,1974.46,11436.19
9199.198,1955.555,11221.98,9159.579,2033.775,10850.24,9459.809,1982.074,11249.03,9138.546,2018.298,11023.26,9495.078,1974.46,11436.1
9199.451,1955.555,11222.17,9159.735,2033.775,10850.51,9459.845,1982.074,11249.34,9138.723,2018.298,11023.52,9494.767,1974.46,11436.04
9199.7,1955.555,11222.35,9159.881,2033.775,10850.79,9459.892,1982.074,11249.65,9138.88,2018.298,11023.79,9494.462,1974.46,11435.98
9200.095,1955.555,11222.67,9160.122,2033.775,10851.23,9459.962,1982.074,11250.16,9139.149,2018.298,11024.22,9493.97,1974.46,11435.86
9200.485,1955.555,11223.01,9160.325,2033.775,10851.71,9460.017,1982.074,11250.67,9139.419,2018.298,11024.66,9493.47,1974.46,11435.72
9200.917,1955.555,11223.39,9160.567,2033.775,10852.23,9460.159,1982.074,11251.23,9139.733,2018.298,11025.14,9492.939,1974.46,11435.5
9201.232,1955.555,11223.65,9160.752,2033.775,10852.6,9460.247,1982.074,11251.63,9139.968,2018.298,11025.48,9492.557,1974.46,11435.35
9202.085,1955.555,11224.31,9161.269,2033.775,10853.54,9460.445,1982.074,11252.69,9140.56,2018.298,11026.38,9491.537,1974.46,11435.01
9202.455,1955.555,11224.57,9161.544,2033.775,10853.9,9460.515,1982.074,11253.14,9140.822,2018.298,11026.75,9491.102,1974.46,11434.88
9203.445,1955.555,11225.21,9162.226,2033.775,10854.86,9460.655,1982.074,11254.31,9141.533,2018.298,11027.69,9489.996,1974.46,11434.47
9203.674,1955.555,11225.37,9162.382,2033.775,10855.09,9460.689,1982.074,11254.58,9141.679,2018.298,11027.92,9489.732,1974.46,11434.38
9204.813,1955.555,11226.13,9163.116,2033.775,10856.25,9460.812,1982.074,11255.95,9142.437,2018.298,11029.07,9488.416,1974.46,11434
9205.278,1955.555,11226.47,9163.407,2033.775,10856.75,9460.868,1982.074,11256.52,9142.769,2018.298,11029.54,9487.86,1974.46,11433.85
9206.428,1955.555,11227.36,9164.137,2033.775,10858,9460.964,1982.074,11257.97,9143.634,2018.298,11030.7,9486.443,1974.46,11433.53
9206.688,1955.555,11227.57,9164.297,2033.775,10858.3,9461.025,1982.074,11258.3,9143.828,2018.298,11030.98,9486.106,1974.46,11433.5
9207.688,1955.555,11228.53,9164.984,2033.775,10859.5,9461.232,1982.074,11259.67,9144.587,2018.298,11032.13,9484.734,1974.46,11433.32
9208.228,1955.555,11229.01,9165.39,2033.775,10860.1,9461.317,1982.074,11260.39,9145.003,2018.298,11032.73,9484.021,1974.46,11433.2
9209.457,1955.555,11230.04,9166.245,2033.775,10861.46,9461.454,1982.074,11261.99,9145.891,2018.298,11034.06,9482.447,1974.46,11432.89
9210.156,1955.555,11230.59,9166.694,2033.775,10862.22,9461.501,1982.074,11262.87,9146.406,2018.298,11034.79,9481.577,1974.46,11432.71
9211.126,1955.555,11231.3,9167.268,2033.775,10863.28,9461.524,1982.074,11264.08,9147.136,2018.298,11035.74,9480.391,1974.46,11432.51
9212.106,1955.555,11232.07,9167.928,2033.775,10864.34,9461.508,1982.074,11265.32,9147.923,2018.298,11036.71,9479.169,1974.46,11432.27
9212.697,1955.555,11232.45,9168.285,2033.775,10864.94,9461.386,1982.074,11266.01,9148.411,2018.298,11037.21,9478.482,1974.46,11432.13
9213.695,1955.555,11233.08,9168.855,2033.775,10865.97,9461.218,1982.074,11267.18,9149.206,2018.298,11038.08,9477.325,1974.46,11431.89
9214.314,1955.555,11233.49,9169.192,2033.775,10866.64,9461.137,1982.074,11267.92,9149.688,2018.298,11038.65,9476.602,1974.46,11431.72
9215.424,1955.555,11234.28,9169.849,2033.775,10867.83,9461.032,1982.074,11269.28,9150.568,2018.298,11039.69,9475.286,1974.46,11431.37
9215.747,1955.555,11234.53,9170.033,2033.775,10868.19,9461.015,1982.074,11269.68,9150.82,2018.298,11040.01,9474.885,1974.46,11431.3
9216.774,1955.555,11235.11,9170.456,2033.775,10869.29,9460.978,1982.074,11270.86,9151.582,2018.298,11040.91,9473.728,1974.46,11431.07
9217.503,1955.555,11235.55,9170.746,2033.775,10870.09,9460.923,1982.074,11271.71,9152.11,2018.298,11041.58,9472.897,1974.46,11430.88
9218.192,1955.555,11236,9171.052,2033.775,10870.86,9460.767,1982.074,11272.52,9152.636,2018.298,11042.21,9472.102,1974.46,11430.67
9218.848,1955.555,11236.46,9171.372,2033.775,10871.59,9460.641,1982.074,11273.31,9153.186,2018.298,11042.79,9471.322,1974.46,11430.49
9219.47,1955.555,11236.93,9171.707,2033.775,10872.29,9460.49,1982.074,11274.07,9153.701,2018.298,11043.38,9470.57,1974.46,11430.3
9219.948,1955.555,11237.22,9171.966,2033.775,10872.79,9460.399,1982.074,11274.63,9154.06,2018.298,11043.81,9470.032,1974.46,11430.14
9220.687,1955.555,11237.71,9172.347,2033.775,10873.59,9460.201,1982.074,11275.49,9154.603,2018.298,11044.5,9469.193,1974.46,11429.86
9221.311,1955.555,11238.11,9172.672,2033.775,10874.25,9460.059,1982.074,11276.22,9155.021,2018.298,11045.12,9468.497,1974.46,11429.61
9221.875,1955.555,11238.49,9172.992,2033.775,10874.86,9459.949,1982.074,11276.89,9155.365,2018.298,11045.71,9467.861,1974.46,11429.35
9222.315,1955.555,11238.75,9173.216,2033.775,10875.32,9459.884,1982.074,11277.4,9155.636,2018.298,11046.14,9467.382,1974.46,11429.18
9223.154,1955.555,11239.27,9173.569,2033.775,10876.24,9459.789,1982.074,11278.38,9156.188,2018.298,11046.96,9466.44,1974.46,11428.88
9223.492,1955.555,11239.5,9173.725,2033.775,10876.62,9459.764,1982.074,11278.79,9156.427,2018.298,11047.29,9466.049,1974.46,11428.77
9224.08,1955.555,11239.89,9174.017,2033.775,10877.26,9459.696,1982.074,11279.49,9156.764,2018.298,11047.91,9465.356,1974.46,11428.63
9224.566,1955.555,11240.17,9174.266,2033.775,10877.76,9459.661,1982.074,11280.05,9157.048,2018.298,11048.39,9464.805,1974.46,11428.52
9224.835,1955.555,11240.34,9174.36,2033.775,10878.06,9459.634,1982.074,11280.37,9157.217,2018.298,11048.66,9464.496,1974.46,11428.45
9225.466,1955.555,11240.72,9174.604,2033.775,10878.76,9459.595,1982.074,11281.1,9157.589,2018.298,11049.3,9463.768,1974.46,11428.35
9225.913,1955.555,11241.01,9174.765,2033.775,10879.27,9459.549,1982.074,11281.63,9157.873,2018.298,11049.75,9463.243,1974.46,11428.25
9226.325,1955.555,11241.28,9174.93,2033.775,10879.74,9459.49,1982.074,11282.13,9158.151,2018.298,11050.16,9462.759,1974.46,11428.15
9226.695,1955.555,11241.55,9175.095,2033.775,10880.16,9459.451,1982.074,11282.58,9158.39,2018.298,11050.54,9462.317,1974.46,11428.04
9227.149,1955.555,11241.86,9175.312,2033.775,10880.67,9459.49,1982.074,11283.13,9158.693,2018.298,11051.01,9461.786,1974.46,11427.89
9227.509,1955.555,11242.13,9175.501,2033.775,10881.07,9459.521,1982.074,11283.57,9158.951,2018.298,11051.37,9461.356,1974.46,11427.77
9228.19,1955.555,11242.67,9175.768,2033.775,10881.9,9459.551,1982.074,11284.44,9159.477,2018.298,11052.06,9460.501,1974.46,11427.61
9228.361,1955.555,11242.79,9175.83,2033.775,10882.1,9459.551,1982.074,11284.66,9159.61,2018.298,11052.23,9460.293,1974.46,11427.57
9229.11,1955.555,11243.38,9176.142,2033.775,10883,9459.521,1982.074,11285.61,9160.187,2018.298,11052.99,9459.362,1974.46,11427.36
9229.561,1955.555,11243.76,9176.352,2033.775,10883.55,9459.484,1982.074,11286.2,9160.494,2018.298,11053.49,9458.785,1974.46,11427.24
9230.219,1955.555,11244.3,9176.621,2033.775,10884.36,9459.402,1982.074,11287.04,9160.963,2018.298,11054.2,9457.955,1974.46,11427.05
9230.799,1955.555,11244.8,9176.887,2033.775,10885.08,9459.304,1982.074,11287.8,9161.403,2018.298,11054.82,9457.217,1974.46,11426.85
9231.543,1955.555,11245.4,9177.247,2033.775,10885.96,9459.261,1982.074,11288.75,9161.969,2018.298,11055.59,9456.305,1974.46,11426.57
9232.082,1955.555,11245.86,9177.537,2033.775,10886.61,9459.206,1982.074,11289.46,9162.335,2018.298,11056.2,9455.632,1974.46,11426.35
9232.943,1955.555,11246.66,9178.054,2033.775,10887.67,9459.076,1982.074,11290.63,9162.976,2018.298,11057.19,9454.504,1974.46,11426
9233.109,1955.555,11246.86,9178.175,2033.775,10887.9,9459.039,1982.074,11290.89,9163.123,2018.298,11057.4,9454.259,1974.46,11425.92
9233.767,1955.555,11247.59,9178.605,2033.775,10888.78,9458.867,1982.074,11291.86,9163.698,2018.298,11058.2,9453.345,1974.46,11425.55
9234.268,1955.555,11248.12,9178.93,2033.775,10889.43,9458.717,1982.074,11292.57,9164.14,2018.298,11058.78,9452.664,1974.46,11425.31
9234.606,1955.555,11248.45,9179.128,2033.775,10889.86,9458.634,1982.074,11293.03,9164.416,2018.298,11059.16,9452.221,1974.46,11425.14
9235.229,1955.555,11249.11,9179.451,2033.775,10890.71,9458.36,1982.074,11293.9,9164.97,2018.298,11059.88,9451.368,1974.46,11424.83
9235.68,1955.555,11249.56,9179.697,2033.775,10891.29,9458.162,1982.074,11294.5,9165.342,2018.298,11060.4,9450.764,1974.46,11424.63
9236.226,1955.555,11250.07,9180.008,2033.775,10891.97,9457.953,1982.074,11295.22,9165.724,2018.298,11061.04,9450.05,1974.46,11424.41
9236.543,1955.555,11250.35,9180.181,2033.775,10892.36,9457.849,1982.074,11295.63,9165.95,2018.298,11061.39,9449.65,1974.46,11424.28
9237.091,1955.555,11250.8,9180.493,2033.775,10892.99,9457.648,1982.074,11296.31,9166.352,2018.298,11061.98,9449.004,1974.46,11423.99
9237.456,1955.555,11251.05,9180.676,2033.775,10893.4,9457.537,1982.074,11296.74,9166.615,2018.298,11062.34,9448.592,1974.46,11423.82
9238.016,1955.555,11251.47,9180.959,2033.775,10894.04,9457.328,1982.074,11297.41,9167.048,2018.298,11062.88,9447.966,1974.46,11423.51
9238.441,1955.555,11251.81,9181.146,2033.775,10894.55,9457.182,1982.074,11297.93,9167.425,2018.298,11063.28,9447.47,1974.46,11423.28
9238.844,1955.555,11252.15,9181.343,2033.775,10895.04,9457.057,1982.074,11298.44,9167.777,2018.298,11063.67,9446.981,1974.46,11423.08
9239.117,1955.555,11252.36,9181.482,2033.775,10895.35,9456.98,1982.074,11298.78,9168,2018.298,11063.94,9446.666,1974.46,11422.94
9239.628,1955.555,11252.78,9181.769,2033.775,10895.95,9456.856,1982.074,11299.43,9168.407,2018.298,11064.46,9446.058,1974.46,11422.68
9239.991,1955.555,11253.1,9181.97,2033.775,10896.39,9456.822,1982.074,11299.91,9168.692,2018.298,11064.85,9445.618,1974.46,11422.48
9240.35,1955.555,11253.39,9182.17,2033.775,10896.81,9456.782,1982.074,11300.37,9168.939,2018.298,11065.24,9445.19,1974.46,11422.3
9240.61,1955.555,11253.62,9182.31,2033.775,10897.12,9456.741,1982.074,11300.72,9169.101,2018.298,11065.55,9444.866,1974.46,11422.18
9240.997,1955.555,11254,9182.543,2033.775,10897.61,9456.659,1982.074,11301.25,9169.367,2018.298,11066.02,9444.376,1974.46,11421.95
9241.296,1955.555,11254.3,9182.769,2033.775,10897.97,9456.604,1982.074,11301.67,9169.589,2018.298,11066.38,9443.997,1974.46,11421.76
9241.594,1955.555,11254.58,9182.975,2033.775,10898.33,9456.548,1982.074,11302.08,9169.796,2018.298,11066.73,9443.638,1974.46,11421.56
9241.883,1955.555,11254.84,9183.157,2033.775,10898.67,9456.501,1982.074,11302.46,9169.992,2018.298,11067.07,9443.306,1974.46,11421.37
9242.297,1955.555,11255.21,9183.404,2033.775,10899.16,9456.437,1982.074,11303.01,9170.29,2018.298,11067.53,9442.837,1974.46,11421.07
9242.468,1955.555,11255.42,9183.518,2033.775,10899.41,9456.404,1982.074,11303.28,9170.414,2018.298,11067.78,9442.612,1974.46,11420.91
9242.64,1955.555,11255.62,9183.635,2033.775,10899.65,9456.373,1982.074,11303.54,9170.542,2018.298,11068.01,9442.399,1974.46,11420.76
9242.907,1955.555,11255.91,9183.823,2033.775,10899.99,9456.326,1982.074,11303.94,9170.74,2018.298,11068.35,9442.088,1974.46,11420.52
9243.112,1955.555,11256.12,9183.954,2033.775,10900.25,9456.291,1982.074,11304.23,9170.889,2018.298,11068.6,9441.863,1974.46,11420.33
9243.468,1955.555,11256.46,9184.158,2033.775,10900.7,9456.231,1982.074,11304.71,9171.151,2018.298,11069.02,9441.498,1974.46,11420
9243.623,1955.555,11256.6,9184.214,2033.775,10900.9,9456.205,1982.074,11304.92,9171.248,2018.298,11069.2,9441.348,1974.46,11419.86
9243.937,1955.555,11256.86,9184.336,2033.775,10901.29,9456.153,1982.074,11305.33,9171.439,2018.298,11069.56,9441.062,1974.46,11419.57
9244.185,1955.555,11257.02,9184.434,2033.775,10901.57,9456.115,1982.074,11305.62,9171.587,2018.298,11069.82,9440.86,1974.46,11419.35
9244.458,1955.555,11257.21,9184.524,2033.775,10901.89,9456.072,1982.074,11305.94,9171.76,2018.298,11070.1,9440.646,1974.46,11419.1
9244.774,1955.555,11257.43,9184.645,2033.775,10902.26,9456.021,1982.074,11306.33,9171.975,2018.298,11070.42,9440.402,1974.46,11418.8
9245.133,1955.555,11257.71,9184.797,2033.775,10902.68,9455.96,1982.074,11306.78,9172.212,2018.298,11070.81,9440.131,1974.46,11418.44
9245.523,1955.555,11258.03,9184.983,2033.775,10903.15,9455.891,1982.074,11307.28,9172.491,2018.298,11071.23,9439.84,1974.46,11418.02
9245.811,1955.555,11258.27,9185.134,2033.775,10903.5,9455.839,1982.074,11307.65,9172.667,2018.298,11071.56,9439.633,1974.46,11417.71
9246.409,1955.555,11258.82,9185.46,2033.775,10904.24,9455.735,1982.074,11308.45,9173.067,2018.298,11072.26,9439.211,1974.46,11417.02
9246.901,1955.555,11259.28,9185.753,2033.775,10904.85,9455.653,1982.074,11309.12,9173.421,2018.298,11072.84,9438.877,1974.46,11416.43
9247.382,1955.555,11259.83,9186.064,2033.775,10905.5,9455.555,1982.074,11309.84,9173.821,2018.298,11073.45,9438.538,1974.46,11415.78
9247.898,1955.555,11260.41,9186.375,2033.775,10906.22,9455.424,1982.074,11310.61,9174.216,2018.298,11074.12,9438.153,1974.46,11415.11
9248.466,1955.555,11261.01,9186.729,2033.775,10906.97,9455.259,1982.074,11311.42,9174.656,2018.298,11074.82,9437.723,1974.46,11414.4
9249.022,1955.555,11261.69,9187.181,2033.775,10907.71,9455.056,1982.074,11312.27,9175.086,2018.298,11075.58,9437.243,1974.46,11413.67
9249.531,1955.555,11262.26,9187.557,2033.775,10908.38,9454.854,1982.074,11313.01,9175.485,2018.298,11076.24,9436.801,1974.46,11413.04
9250.422,1955.555,11263.21,9188.154,2033.775,10909.54,9454.471,1982.074,11314.25,9176.107,2018.298,11077.38,9436.019,1974.46,11412.01
9250.816,1955.555,11263.6,9188.404,2033.775,10910.03,9454.29,1982.074,11314.78,9176.39,2018.298,11077.85,9435.67,1974.46,11411.58
9251.342,1955.555,11264.16,9188.806,2033.775,10910.69,9454.014,1982.074,11315.5,9176.771,2018.298,11078.53,9435.165,1974.46,11410.99
9251.852,1955.555,11264.76,9189.19,2033.775,10911.38,9453.71,1982.074,11316.22,9177.179,2018.298,11079.2,9434.633,1974.46,11410.42
9252.354,1955.555,11265.33,9189.541,2033.775,10912.05,9453.393,1982.074,11316.91,9177.542,2018.298,11079.86,9434.1,1974.46,11409.87
9252.86,1955.555,11265.87,9189.859,2033.775,10912.71,9453.063,1982.074,11317.57,9177.866,2018.298,11080.53,9433.565,1974.46,11409.37
9253.204,1955.555,11266.21,9190.054,2033.775,10913.16,9452.833,1982.074,11318,9178.093,2018.298,11080.95,9433.204,1974.46,11409.04
9253.849,1955.555,11266.87,9190.385,2033.775,10914.02,9452.368,1982.074,11318.79,9178.552,2018.298,11081.75,9432.496,1974.46,11408.46
9254.317,1955.555,11267.31,9190.562,2033.775,10914.64,9452.023,1982.074,11319.34,9178.869,2018.298,11082.32,9431.984,1974.46,11408.06
9254.863,1955.555,11267.85,9190.795,2033.775,10915.37,9451.595,1982.074,11319.97,9179.266,2018.298,11082.97,9431.365,1974.46,11407.61
9255.244,1955.555,11268.32,9190.998,2033.775,10915.94,9451.24,1982.074,11320.46,9179.596,2018.298,11083.48,9430.865,1974.46,11407.27
9255.459,1955.555,11268.58,9191.092,2033.775,10916.27,9451.033,1982.074,11320.73,9179.789,2018.298,11083.76,9430.58,1974.46,11407.09
9256.016,1955.555,11269.21,9191.351,2033.775,10917.07,9450.497,1982.074,11321.38,9180.295,2018.298,11084.43,9429.854,1974.46,11406.66
9256.325,1955.555,11269.54,9191.504,2033.775,10917.49,9450.198,1982.074,11321.72,9180.555,2018.298,11084.8,9429.456,1974.46,11406.44
9256.753,1955.555,11269.97,9191.669,2033.775,10918.08,9449.784,1982.074,11322.16,9180.9,2018.298,11085.3,9428.916,1974.46,11406.17
9257.054,1955.555,11270.36,9191.819,2033.775,10918.55,9449.435,1982.074,11322.51,9181.195,2018.298,11085.69,9428.468,1974.46,11405.96
9257.426,1955.555,11270.82,9191.989,2033.775,10919.11,9449.007,1982.074,11322.91,9181.567,2018.298,11086.15,9427.929,1974.46,11405.73
9257.759,1955.555,11271.19,9192.151,2033.775,10919.58,9448.627,1982.074,11323.25,9181.888,2018.298,11086.54,9427.458,1974.46,11405.55
9258.093,1955.555,11271.55,9192.323,2033.775,10920.04,9448.249,1982.074,11323.56,9182.186,2018.298,11086.92,9426.996,1974.46,11405.39
9258.314,1955.555,11271.78,9192.444,2033.775,10920.34,9447.998,1982.074,11323.75,9182.386,2018.298,11087.17,9426.693,1974.46,11405.29
9258.769,1955.555,11272.25,9192.714,2033.775,10920.93,9447.467,1982.074,11324.13,9182.805,2018.298,11087.67,9426.063,1974.46,11405.12
9259.021,1955.555,11272.5,9192.906,2033.775,10921.23,9447.174,1982.074,11324.33,9183.047,2018.298,11087.93,9425.721,1974.46,11405.04
9259.381,1955.555,11272.82,9193.158,2033.775,10921.64,9446.762,1982.074,11324.58,9183.369,2018.298,11088.29,9425.244,1974.46,11404.94
9259.68,1955.555,11273.11,9193.362,2033.775,10922.01,9446.401,1982.074,11324.79,9183.654,2018.298,11088.6,9424.834,1974.46,11404.87
9259.978,1955.555,11273.38,9193.548,2033.775,10922.36,9446.046,1982.074,11324.98,9183.921,2018.298,11088.9,9424.435,1974.46,11404.81
9260.165,1955.555,11273.57,9193.676,2033.775,10922.59,9445.812,1982.074,11325.1,9184.087,2018.298,11089.1,9424.175,1974.46,11404.78
9260.544,1955.555,11273.91,9193.912,2033.775,10923.05,9445.346,1982.074,11325.31,9184.398,2018.298,11089.51,9423.664,1974.46,11404.74
9260.809,1955.555,11274.17,9194.095,2033.775,10923.37,9445.006,1982.074,11325.46,9184.629,2018.298,11089.79,9423.296,1974.46,11404.73
9261.026,1955.555,11274.45,9194.269,2033.775,10923.68,9444.672,1982.074,11325.58,9184.844,2018.298,11090.08,9422.938,1974.46,11404.72
9261.216,1955.555,11274.68,9194.426,2033.775,10923.93,9444.389,1982.074,11325.68,9185.028,2018.298,11090.32,9422.64,1974.46,11404.73
9261.548,1955.555,11275.06,9194.677,2033.775,10924.37,9443.907,1982.074,11325.83,9185.379,2018.298,11090.68,9422.137,1974.46,11404.76
9261.697,1955.555,11275.22,9194.779,2033.775,10924.56,9443.696,1982.074,11325.88,9185.525,2018.298,11090.84,9421.919,1974.46,11404.78
9261.845,1955.555,11275.37,9194.871,2033.775,10924.75,9443.493,1982.074,11325.93,9185.669,2018.298,11090.99,9421.712,1974.46,11404.8
9262.139,1955.555,11275.73,9195.064,2033.775,10925.17,9443.034,1982.074,11326.03,9185.979,2018.298,11091.34,9421.249,1974.46,11404.87
9262.323,1955.555,11275.95,9195.215,2033.775,10925.41,9442.756,1982.074,11326.07,9186.168,2018.298,11091.55,9420.972,1974.46,11404.93
9262.875,1955.555,11276.54,9195.65,2033.775,10926.1,9441.949,1982.074,11326.18,9186.692,2018.298,11092.17,9420.177,1974.46,11405.1
9263.051,1955.555,11276.73,9195.785,2033.775,10926.32,9441.692,1982.074,11326.21,9186.853,2018.298,11092.37,9419.927,1974.46,11405.17
9263.55,1955.555,11277.24,9196.134,2033.775,10926.94,9440.986,1982.074,11326.26,9187.272,2018.298,11092.94,9419.247,1974.46,11405.36
9264.023,1955.555,11277.69,9196.438,2033.775,10927.52,9440.33,1982.074,11326.28,9187.645,2018.298,11093.49,9418.622,1974.46,11405.57
9264.345,1955.555,11278.02,9196.639,2033.775,10927.93,9439.869,1982.074,11326.29,9187.938,2018.298,11093.84,9418.189,1974.46,11405.72
9264.937,1955.555,11278.84,9197.059,2033.775,10928.85,9438.862,1982.074,11326.26,9188.556,2018.298,11094.64,9417.254,1974.46,11406.1
9265.432,1955.555,11279.47,9197.371,2033.775,10929.59,9438.057,1982.074,11326.21,9189.048,2018.298,11095.28,9416.515,1974.46,11406.42
9265.812,1955.555,11280,9197.602,2033.775,10930.2,9437.412,1982.074,11326.15,9189.426,2018.298,11095.8,9415.931,1974.46,11406.7
9266.468,1955.555,11280.84,9197.958,2033.775,10931.21,9436.351,1982.074,11326.02,9190.089,2018.298,11096.64,9414.981,1974.46,11407.19
9267.104,1955.555,11281.61,9198.319,2033.775,10932.13,9435.368,1982.074,11325.86,9190.701,2018.298,11097.42,9414.113,1974.46,11407.68
9267.766,1955.555,11282.35,9198.712,2033.775,10933.05,9434.39,1982.074,11325.67,9191.289,2018.298,11098.23,9413.26,1974.46,11408.19
9268.479,1955.555,11283.1,9199.089,2033.775,10934.02,9433.379,1982.074,11325.44,9191.905,2018.298,11099.06,9412.39,1974.46,11408.76
9268.982,1955.555,11283.6,9199.367,2033.775,10934.67,9432.695,1982.074,11325.26,9192.307,2018.298,11099.64,9411.81,1974.46,11409.16
9270.005,1955.555,11284.68,9199.907,2033.775,10936.05,9431.271,1982.074,11324.84,9193.115,2018.298,11100.89,9410.618,1974.46,11410.05
9270.827,1955.555,11285.49,9200.338,2033.775,10937.12,9430.173,1982.074,11324.48,9193.866,2018.298,11101.77,9409.714,1974.46,11410.77
9271.466,1955.555,11286.12,9200.673,2033.775,10937.96,9429.333,1982.074,11324.17,9194.439,2018.298,11102.46,9409.032,1974.46,11411.35
9272.474,1955.555,11287.17,9201.223,2033.775,10939.31,9427.981,1982.074,11323.62,9195.383,2018.298,11103.57,9407.952,1974.46,11412.33
9273.459,1955.555,11288.14,9201.701,2033.775,10940.6,9426.72,1982.074,11323.06,9196.24,2018.298,11104.65,9406.961,1974.46,11413.29
9274.579,1955.555,11289.18,9202.26,2033.775,10942.03,9425.301,1982.074,11322.48,9197.26,2018.298,11105.8,9405.827,1974.46,11414.32
9275.106,1955.555,11289.67,9202.434,2033.775,10942.73,9424.626,1982.074,11322.23,9197.721,2018.298,11106.35,9405.279,1974.46,11414.79
9276.481,1955.555,11291.03,9202.961,2033.775,10944.59,9422.791,1982.074,11321.62,9198.911,2018.298,11107.87,9403.766,1974.46,11415.99
9277.102,1955.555,11291.56,9203.209,2033.775,10945.36,9422.009,1982.074,11321.39,9199.423,2018.298,11108.51,9403.11,1974.46,11416.48
9278.428,1955.555,11292.72,9203.799,2033.775,10947.02,9420.307,1982.074,11320.95,9200.481,2018.298,11109.91,9401.665,1974.46,11417.48
9279.492,1955.555,11293.71,9204.296,2033.775,10948.39,9418.888,1982.074,11320.63,9201.318,2018.298,11111.1,9400.443,1974.46,11418.27
9280.542,1955.555,11294.75,9204.847,2033.775,10949.76,9417.435,1982.074,11320.35,9202.129,2018.298,11112.34,9399.175,1974.46,11419.03
9281.24,1955.555,11295.49,9205.355,2033.775,10950.65,9416.429,1982.074,11320.19,9202.659,2018.298,11113.21,9398.285,1974.46,11419.53
9282.579,1955.555,11297.01,9206.346,2033.775,10952.41,9414.42,1982.074,11319.94,9203.655,2018.298,11114.97,9396.485,1974.46,11420.45
9283.695,1955.555,11298.02,9207.038,2033.775,10953.75,9412.924,1982.074,11319.8,9204.438,2018.298,11116.26,9395.128,1974.46,11421.1
9284.74,1955.555,11299.02,9207.664,2033.775,10955.05,9411.476,1982.074,11319.72,9205.182,2018.298,11117.5,9393.798,1974.46,11421.68
9286.489,1955.555,11300.62,9208.814,2033.775,10957.13,9409.106,1982.074,11319.66,9206.467,2018.298,11119.49,9391.595,1974.46,11422.55
9286.88,1955.555,11301,9209.074,2033.775,10957.6,9408.563,1982.074,11319.66,9206.771,2018.298,11119.94,9391.083,1974.46,11422.73
9288.494,1955.555,11302.66,9210.115,2033.775,10959.67,9406.249,1982.074,11319.75,9208.196,2018.298,11121.77,9388.878,1974.46,11423.44
9289.455,1955.555,11303.59,9210.677,2033.775,10960.88,9404.913,1982.074,11319.79,9208.983,2018.298,11122.85,9387.593,1974.46,11423.81
9290.862,1955.555,11304.87,9211.483,2033.775,10962.61,9403.013,1982.074,11319.87,9210.053,2018.298,11124.43,9385.747,1974.46,11424.28
9291.984,1955.555,11305.83,9212.065,2033.775,10963.97,9401.536,1982.074,11319.94,9210.961,2018.298,11125.59,9384.303,1974.46,11424.59
9294,1955.555,11307.46,9213.007,2033.775,10966.38,9398.951,1982.074,11320.05,9212.483,2018.298,11127.68,9381.757,1974.46,11425.05
9294.469,1955.555,11307.81,9213.203,2033.775,10966.93,9398.363,1982.074,11320.07,9212.841,2018.298,11128.15,9381.175,1974.46,11425.14
9296.397,1955.555,11309.38,9214.235,2033.775,10969.19,9395.887,1982.074,11320.26,9214.37,2018.298,11130.11,9378.708,1974.46,11425.43
9297.479,1955.555,11310.32,9214.787,2033.775,10970.51,9394.464,1982.074,11320.41,9215.214,2018.298,11131.27,9377.282,1974.46,11425.56
9298.968,1955.555,11311.69,9215.608,2033.775,10972.37,9392.456,1982.074,11320.69,9216.45,2018.298,11132.87,9375.27,1974.46,11425.81
9300.068,1955.555,11312.78,9216.188,2033.775,10973.8,9390.932,1982.074,11320.96,9217.353,2018.298,11134.13,9373.737,1974.46,11426.02
9301.833,1955.555,11314.64,9217.072,2033.775,10976.21,9388.42,1982.074,11321.48,9218.78,2018.298,11136.26,9371.196,1974.46,11426.37
9302.204,1955.555,11315.06,9217.333,2033.775,10976.7,9387.876,1982.074,11321.61,9219.082,2018.298,11136.73,9370.638,1974.46,11426.41
9303.584,1955.555,11316.71,9218.274,2033.775,10978.64,9385.797,1982.074,11322.16,9220.186,2018.298,11138.58,9368.494,1974.46,11426.61
9304.558,1955.555,11317.95,9218.917,2033.775,10980.08,9384.284,1982.074,11322.61,9221.046,2018.298,11139.9,9366.931,1974.46,11426.81
9305.501,1955.555,11319.23,9219.517,2033.775,10981.55,9382.771,1982.074,11323.09,9221.869,2018.298,11141.26,9365.362,1974.46,11427.06
9306.487,1955.555,11320.65,9220.291,2033.775,10983.1,9381.133,1982.074,11323.65,9222.807,2018.298,11142.71,9363.663,1974.46,11427.39
9306.849,1955.555,11321.21,9220.567,2033.775,10983.7,9380.511,1982.074,11323.88,9223.147,2018.298,11143.28,9363.017,1974.46,11427.54
9307.809,1955.555,11322.79,9221.283,2033.775,10985.4,9378.794,1982.074,11324.56,9224.044,2018.298,11144.9,9361.203,1974.46,11427.89
9308.449,1955.555,11323.92,9221.747,2033.775,10986.62,9377.599,1982.074,11325.06,9224.752,2018.298,11145.99,9359.922,1974.46,11428.1
9309.008,1955.555,11324.97,9222.137,2033.775,10987.75,9376.511,1982.074,11325.56,9225.37,2018.298,11147.01,9358.737,1974.46,11428.25
9309.635,1955.555,11326.25,9222.766,2033.775,10989.02,9375.229,1982.074,11326.17,9226.066,2018.298,11148.25,9357.321,1974.46,11428.39
9310.073,1955.555,11327.21,9223.202,2033.775,10989.99,9374.287,1982.074,11326.66,9226.554,2018.298,11149.19,9356.265,1974.46,11428.46
9310.768,1955.555,11328.87,9223.889,2033.775,10991.65,9372.709,1982.074,11327.51,9227.522,2018.298,11150.7,9354.47,1974.46,11428.52
9310.914,1955.555,11329.25,9224.033,2033.775,10992.03,9372.354,1982.074,11327.72,9227.732,2018.298,11151.05,9354.061,1974.46,11428.52
9311.467,1955.555,11330.83,9224.705,2033.775,10993.56,9370.927,1982.074,11328.58,9228.539,2018.298,11152.51,9352.392,1974.46,11428.48
9311.861,1955.555,11332.07,9225.189,2033.775,10994.76,9369.83,1982.074,11329.28,9229.183,2018.298,11153.65,9351.09,1974.46,11428.49
9312.139,1955.555,11333.04,9225.534,2033.775,10995.71,9368.994,1982.074,11329.85,9229.652,2018.298,11154.54,9350.082,1974.46,11428.53
9312.537,1955.555,11334.61,9226.099,2033.775,10997.23,9367.675,1982.074,11330.78,9230.439,2018.298,11155.95,9348.468,1974.46,11428.64
9312.857,1955.555,11336.04,9226.567,2033.775,10998.63,9366.494,1982.074,11331.66,9231.136,2018.298,11157.25,9347.001,1974.46,11428.79
9313.089,1955.555,11337.25,9226.949,2033.775,10999.79,9365.531,1982.074,11332.42,9231.679,2018.298,11158.35,9345.787,1974.46,11428.96
9313.354,1955.555,11338.88,9227.52,2033.775,11001.35,9364.253,1982.074,11333.47,9232.465,2018.298,11159.81,9344.154,1974.46,11429.24
9313.549,1955.555,11340.36,9227.985,2033.775,11002.76,9363.129,1982.074,11334.45,9233.128,2018.298,11161.14,9342.697,1974.46,11429.54
9313.704,1955.555,11341.86,9228.412,2033.775,11004.21,9362.01,1982.074,11335.46,9233.812,2018.298,11162.49,9341.227,1974.46,11429.89
9313.817,1955.555,11343.39,9228.797,2033.775,11005.7,9360.898,1982.074,11336.52,9234.46,2018.298,11163.88,9339.746,1974.46,11430.3
9313.889,1955.555,11344.96,9229.14,2033.775,11007.23,9359.79,1982.074,11337.63,9235.096,2018.298,11165.31,9338.25,1974.46,11430.76
9313.916,1955.555,11346.54,9229.381,2033.775,11008.79,9358.693,1982.074,11338.78,9235.692,2018.298,11166.78,9336.75,1974.46,11431.28
9313.903,1955.555,11347.77,9229.606,2033.775,11010,9357.869,1982.074,11339.68,9236.115,2018.298,11167.93,9335.607,1974.46,11431.72
9313.827,1955.555,11349.79,9229.969,2033.775,11011.99,9356.54,1982.074,11341.21,9236.876,2018.298,11169.81,9333.739,1974.46,11432.5
9313.72,1955.555,11351.44,9230.318,2033.775,11013.61,9355.481,1982.074,11342.48,9237.609,2018.298,11171.29,9332.232,1974.46,11433.19
9313.565,1955.555,11353.11,9230.573,2033.775,11015.27,9354.439,1982.074,11343.8,9238.302,2018.298,11172.82,9330.729,1974.46,11433.94
9313.282,1955.555,11355.49,9230.958,2033.775,11017.63,9352.999,1982.074,11345.71,9239.217,2018.298,11175.03,9328.624,1974.46,11435.07
9313.031,1955.555,11357.2,9231.265,2033.775,11019.33,9351.988,1982.074,11347.11,9239.826,2018.298,11176.65,9327.126,1974.46,11435.94
9312.908,1955.555,11357.91,9231.415,2033.775,11020.04,9351.582,1982.074,11347.7,9240.058,2018.298,11177.33,9326.516,1974.46,11436.32
9312.497,1955.555,11359.95,9231.918,2033.775,11022.06,9350.442,1982.074,11349.45,9240.473,2018.298,11179.38,9324.781,1974.46,11437.48
9312.1,1955.555,11361.69,9232.36,2033.775,11023.79,9349.502,1982.074,11350.96,9240.885,2018.298,11181.11,9323.33,1974.46,11438.51
9311.654,1955.555,11363.43,9232.748,2033.775,11025.54,9348.592,1982.074,11352.51,9241.356,2018.298,11182.84,9321.903,1974.46,11439.6
9311.277,1955.555,11364.75,9233.001,2033.775,11026.89,9347.921,1982.074,11353.71,9241.762,2018.298,11184.16,9320.836,1974.46,11440.47
9310.506,1955.555,11367.21,9233.542,2033.775,11029.42,9346.714,1982.074,11355.99,9242.163,2018.298,11186.71,9318.883,1974.46,11442.16
9310.164,1955.555,11368.21,9233.729,2033.775,11030.46,9346.242,1982.074,11356.94,9242.361,2018.298,11187.75,9318.106,1974.46,11442.88
9309.413,1955.555,11370.24,9234.039,2033.775,11032.6,9345.323,1982.074,11358.89,9242.836,2018.298,11189.85,9316.566,1974.46,11444.39
9308.784,1955.555,11371.81,9234.336,2033.775,11034.26,9344.641,1982.074,11360.44,9243.095,2018.298,11191.53,9315.398,1974.46,11445.62
9308.354,1955.555,11372.8,9234.354,2033.775,11035.35,9344.226,1982.074,11361.44,9243.296,2018.298,11192.59,9314.673,1974.46,11446.42
9307.406,1955.555,11374.85,9234.464,2033.775,11037.6,9343.413,1982.074,11363.55,9243.786,2018.298,11194.8,9313.216,1974.46,11448.15
9306.68,1955.555,11376.32,9234.598,2033.775,11039.24,9342.86,1982.074,11365.09,9244.194,2018.298,11196.39,9312.197,1974.46,11449.43
9306.223,1955.555,11377.19,9234.71,2033.775,11040.21,9342.553,1982.074,11366.02,9244.468,2018.298,11197.33,9311.611,1974.46,11450.22
9305.288,1955.555,11378.86,9234.736,2033.775,11042.12,9341.999,1982.074,11367.85,9245.013,2018.298,11199.16,9310.519,1974.46,11451.79
9304.616,1955.555,11379.98,9234.798,2033.775,11043.43,9341.649,1982.074,11369.12,9245.346,2018.298,11200.43,9309.803,1974.46,11452.89
9303.84,1955.555,11381.21,9234.88,2033.775,11044.88,9341.299,1982.074,11370.52,9245.668,2018.298,11201.84,9309.05,1974.46,11454.13
9303.359,1955.555,11381.93,9234.953,2033.775,11045.74,9341.112,1982.074,11371.37,9245.81,2018.298,11202.7,9308.627,1974.46,11454.88
9302.485,1955.555,11383.16,9235.13,2033.775,11047.24,9340.824,1982.074,11372.85,9246.106,2018.298,11204.18,9307.928,1974.46,11456.22
9301.92,1955.555,11383.91,9235.271,2033.775,11048.17,9340.67,1982.074,11373.78,9246.276,2018.298,11205.1,9307.519,1974.46,11457.07
9300.841,1955.555,11385.27,9235.526,2033.775,11049.89,9340.433,1982.074,11375.5,9246.618,2018.298,11206.8,9306.813,1974.46,11458.65
9300.494,1955.555,11385.68,9235.597,2033.775,11050.43,9340.373,1982.074,11376.03,9246.741,2018.298,11207.33,9306.608,1974.46,11459.15
9299.51,1955.555,11386.79,9235.838,2033.775,11051.89,9340.249,1982.074,11377.51,9247.294,2018.298,11208.71,9306.084,1974.46,11460.54
9298.945,1955.555,11387.4,9235.962,2033.775,11052.71,9340.202,1982.074,11378.34,9247.576,2018.298,11209.48,9305.814,1974.46,11461.32
9298.06,1955.555,11388.29,9236.265,2033.775,11053.93,9340.166,1982.074,11379.59,9247.968,2018.298,11210.68,9305.437,1974.46,11462.52
9297.282,1955.555,11389.03,9236.489,2033.775,11054.98,9340.165,1982.074,11380.67,9248.269,2018.298,11211.71,9305.142,1974.46,11463.56
9296.65,1955.555,11389.61,9236.64,2033.775,11055.82,9340.188,1982.074,11381.52,9248.48,2018.298,11212.54,9304.931,1974.46,11464.38
9295.818,1955.555,11390.32,9236.798,2033.775,11056.9,9340.247,1982.074,11382.61,9248.74,2018.298,11213.6,9304.688,1974.46,11465.45
9295.096,1955.555,11390.9,9237.061,2033.775,11057.79,9340.324,1982.074,11383.54,9248.985,2018.298,11214.5,9304.505,1974.46,11466.36
9294.528,1955.555,11391.33,9237.239,2033.775,11058.49,9340.403,1982.074,11384.25,9249.151,2018.298,11215.19,9304.383,1974.46,11467.06
9293.364,1955.555,11392.17,9237.553,2033.775,11059.88,9340.603,1982.074,11385.67,9249.561,2018.298,11216.57,9304.174,1974.46,11468.48
9292.964,1955.555,11392.44,9237.644,2033.775,11060.36,9340.684,1982.074,11386.15,9249.684,2018.298,11217.03,9304.115,1974.46,11468.96
9291.776,1955.555,11393.19,9238.029,2033.775,11061.71,9340.958,1982.074,11387.52,9250.145,2018.298,11218.36,9303.978,1974.46,11470.36
9290.861,1955.555,11393.74,9238.288,2033.775,11062.74,9341.196,1982.074,11388.56,9250.461,2018.298,11219.38,9303.898,1974.46,11471.42
9289.646,1955.555,11394.42,9238.581,2033.775,11064.1,9341.546,1982.074,11389.91,9250.83,2018.298,11220.72,9303.827,1974.46,11472.81
9288.962,1955.555,11394.77,9238.719,2033.775,11064.86,9341.762,1982.074,11390.65,9251.011,2018.298,11221.47,9303.806,1974.46,11473.58
9287.656,1955.555,11395.4,9238.932,2033.775,11066.3,9342.208,1982.074,11392.03,9251.444,2018.298,11222.86,9303.796,1974.46,11475.03
9286.786,1955.555,11395.79,9239.132,2033.775,11067.23,9342.527,1982.074,11392.93,9251.726,2018.298,11223.77,9303.811,1974.46,11475.99
9285.306,1955.555,11396.41,9239.417,2033.775,11068.81,9343.108,1982.074,11394.42,9252.189,2018.298,11225.3,9303.868,1974.46,11477.59
9284.065,1955.555,11396.88,9239.676,2033.775,11070.11,9343.626,1982.074,11395.64,9252.532,2018.298,11226.58,9303.943,1974.46,11478.91
9282.781,1955.555,11397.32,9239.896,2033.775,11071.45,9344.192,1982.074,11396.88,9252.84,2018.298,11227.91,9304.049,1974.46,11480.27
9281.511,1955.555,11397.72,9240.219,2033.775,11072.74,9344.783,1982.074,11398.07,9253.099,2018.298,11229.21,9304.179,1974.46,11481.59
9280.254,1955.555,11398.08,9240.493,2033.775,11074.02,9345.396,1982.074,11399.22,9253.355,2018.298,11230.49,9304.332,1974.46,11482.89
9278.68,1955.555,11398.47,9240.782,2033.775,11075.62,9346.201,1982.074,11400.63,9253.695,2018.298,11232.08,9304.554,1974.46,11484.49
9277.237,1955.555,11398.8,9240.998,2033.775,11077.08,9346.974,1982.074,11401.9,9253.975,2018.298,11233.53,9304.708,1974.46,11485.97
9275.767,1955.555,11399.11,9241.168,2033.775,11078.57,9347.796,1982.074,11403.16,9254.21,2018.298,11235.02,9304.815,1974.46,11487.47
9274.264,1955.555,11399.4,9241.292,2033.775,11080.1,9348.671,1982.074,11404.41,9254.484,2018.298,11236.52,9304.875,1974.46,11489
9272.792,1955.555,11399.65,9241.6,2033.775,11081.56,9349.561,1982.074,11405.61,9254.703,2018.298,11238,9304.884,1974.46,11490.49
9270.912,1955.555,11399.94,9241.931,2033.775,11083.44,9350.738,1982.074,11407.1,9254.92,2018.298,11239.89,9304.833,1974.46,11492.39
9269.873,1955.555,11400.07,9242.079,2033.775,11084.47,9351.412,1982.074,11407.91,9255.006,2018.298,11240.94,9304.771,1974.46,11493.44
9267.952,1955.555,11400.29,9242.29,2033.775,11086.4,9352.697,1982.074,11409.35,9255.101,2018.298,11242.87,9304.593,1974.46,11495.36
9266.307,1955.555,11400.45,9242.417,2033.775,11088.04,9353.833,1982.074,11410.55,9255.139,2018.298,11244.52,9304.387,1974.46,11497
9265.214,1955.555,11400.59,9242.466,2033.775,11089.14,9354.563,1982.074,11411.38,9255.128,2018.298,11245.62,9304.214,1974.46,11498.09
9262.973,1955.555,11400.95,9242.72,2033.775,11091.4,9356.012,1982.074,11413.13,9255.032,2018.298,11247.89,9303.784,1974.46,11500.32
9261.289,1955.555,11401.28,9242.855,2033.775,11093.11,9357.062,1982.074,11414.48,9255.226,2018.298,11249.59,9303.504,1974.46,11502.01
9260.001,1955.555,11401.57,9242.917,2033.775,11094.43,9357.836,1982.074,11415.55,9255.332,2018.298,11250.91,9303.321,1974.46,11503.32
9257.992,1955.555,11402.1,9243.072,2033.775,11096.5,9358.998,1982.074,11417.28,9255.432,2018.298,11252.99,9303.084,1974.46,11505.38
9256.198,1955.555,11402.64,9243.271,2033.775,11098.36,9359.993,1982.074,11418.86,9255.483,2018.298,11254.86,9302.911,1974.46,11507.25
9254.496,1955.555,11403.2,9243.401,2033.775,11100.15,9360.897,1982.074,11420.41,9255.474,2018.298,11256.65,9302.781,1974.46,11509.04
9253.21,1955.555,11403.68,9243.457,2033.775,11101.52,9361.55,1982.074,11421.62,9255.517,2018.298,11258.02,9302.704,1974.46,11510.4
9251.109,1955.555,11404.53,9243.629,2033.775,11103.78,9362.564,1982.074,11423.64,9255.513,2018.298,11260.29,9302.603,1974.46,11512.67
9249.421,1955.555,11405.27,9243.886,2033.775,11105.61,9363.337,1982.074,11425.32,9255.449,2018.298,11262.13,9302.528,1974.46,11514.51
9247.743,1955.555,11406.08,9244.084,2033.775,11107.46,9364.061,1982.074,11427.03,9255.324,2018.298,11263.99,9302.514,1974.46,11516.37
9246.608,1955.555,11406.66,9244.179,2033.775,11108.73,9364.52,1982.074,11428.22,9255.197,2018.298,11265.26,9302.546,1974.46,11517.65
9244.36,1955.555,11407.73,9244.469,2033.775,11111.21,9365.338,1982.074,11430.58,9254.879,2018.298,11267.73,9302.688,1974.46,11520.13
9243.027,1955.555,11408.31,9244.591,2033.775,11112.66,9365.771,1982.074,11431.96,9254.646,2018.298,11269.17,9302.819,1974.46,11521.58
9240.922,1955.555,11409.15,9244.707,2033.775,11114.92,9366.374,1982.074,11434.15,9254.211,2018.298,11271.39,9303.096,1974.46,11523.83
9238.37,1955.555,11410.07,9244.758,2033.775,11117.63,9367.011,1982.074,11436.79,9253.603,2018.298,11274.03,9303.515,1974.46,11526.51
9237.754,1955.555,11410.27,9244.753,2033.775,11118.28,9367.143,1982.074,11437.42,9253.437,2018.298,11274.66,9303.636,1974.46,11527.15
9235.268,1955.555,11410.99,9244.646,2033.775,11120.87,9367.585,1982.074,11439.97,9252.692,2018.298,11277.14,9304.201,1974.46,11529.67
9233.36,1955.555,11411.47,9244.611,2033.775,11122.83,9367.858,1982.074,11441.92,9252.284,2018.298,11279.06,9304.693,1974.46,11531.58
9231.88,1955.555,11411.79,9244.535,2033.775,11124.34,9368.02,1982.074,11443.42,9251.922,2018.298,11280.53,9305.12,1974.46,11533.03
9229.563,1955.555,11412.22,9244.373,2033.775,11126.69,9368.194,1982.074,11445.77,9251.284,2018.298,11282.8,9305.856,1974.46,11535.27
9227.47,1955.555,11412.54,9244.158,2033.775,11128.8,9368.282,1982.074,11447.89,9250.645,2018.298,11284.82,9306.584,1974.46,11537.26
9225.471,1955.555,11412.77,9243.982,2033.775,11130.81,9368.301,1982.074,11449.9,9249.974,2018.298,11286.72,9307.336,1974.46,11539.12
9223.445,1955.555,11412.95,9243.739,2033.775,11132.82,9368.253,1982.074,11451.93,9249.314,2018.298,11288.64,9308.157,1974.46,11540.98
9221.412,1955.555,11413.05,9243.663,2033.775,11134.86,9368.272,1982.074,11453.97,9248.592,2018.298,11290.54,9308.918,1974.46,11542.87
9219.449,1955.555,11413.09,9243.528,2033.775,11136.82,9368.355,1982.074,11455.93,9247.836,2018.298,11292.35,9309.592,1974.46,11544.71
9216.97,1955.555,11413.05,9243.468,2033.775,11139.3,9368.541,1982.074,11458.4,9246.806,2018.298,11294.61,9310.366,1974.46,11547.07
9215.631,1955.555,11412.99,9243.392,2033.775,11140.63,9368.685,1982.074,11459.74,9246.214,2018.298,11295.81,9310.742,1974.46,11548.36
9213.177,1955.555,11412.8,9243.171,2033.775,11143.09,9369.028,1982.074,11462.17,9245.056,2018.298,11297.99,9311.356,1974.46,11550.74
9211.107,1955.555,11412.56,9242.916,2033.775,11145.15,9369.387,1982.074,11464.22,9244.017,2018.298,11299.79,9311.979,1974.46,11552.73
9209.742,1955.555,11412.36,9242.702,2033.775,11146.52,9369.669,1982.074,11465.58,9243.289,2018.298,11300.96,9312.349,1974.46,11554.06
9206.882,1955.555,11411.85,9242.355,2033.775,11149.4,9370.355,1982.074,11468.4,9241.677,2018.298,11303.38,9313.035,1974.46,11556.88
9205.336,1955.555,11411.52,9242.116,2033.775,11150.96,9370.696,1982.074,11469.94,9240.758,2018.298,11304.67,9313.628,1974.46,11558.35
9203.185,1955.555,11410.99,9241.79,2033.775,11153.16,9371.245,1982.074,11472.09,9239.41,2018.298,11306.43,9314.392,1974.46,11560.43
9201.097,1955.555,11410.4,9241.4,2033.775,11155.29,9371.851,1982.074,11474.17,9238.115,2018.298,11308.17,9315.072,1974.46,11562.49
9200.162,1955.555,11410.1,9241.192,2033.775,11156.25,9372.127,1982.074,11475.11,9237.505,2018.298,11308.94,9315.486,1974.46,11563.38
9198.206,1955.555,11409.41,9240.845,2033.775,11158.3,9372.683,1982.074,11477.11,9236.16,2018.298,11310.52,9316.301,1974.46,11565.29
9196.551,1955.555,11408.76,9240.489,2033.775,11160.04,9373.215,1982.074,11478.81,9234.964,2018.298,11311.83,9316.944,1974.46,11566.95
9195.253,1955.555,11408.2,9240.163,2033.775,11161.41,9373.62,1982.074,11480.16,9234.033,2018.298,11312.89,9317.411,1974.46,11568.28
9193.12,1955.555,11407.23,9239.919,2033.775,11163.75,9374.368,1982.074,11482.39,9232.513,2018.298,11314.68,9318.381,1974.46,11570.41
9192.661,1955.555,11407,9239.85,2033.775,11164.25,9374.547,1982.074,11482.87,9232.187,2018.298,11315.07,9318.577,1974.46,11570.89
9190.914,1955.555,11406.08,9239.517,2033.775,11166.2,9375.093,1982.074,11484.76,9230.948,2018.298,11316.61,9319.541,1974.46,11572.61
9189.659,1955.555,11405.37,9239.228,2033.775,11167.61,9375.536,1982.074,11486.13,9230.059,2018.298,11317.74,9320.202,1974.46,11573.89
9188.838,1955.555,11404.88,9239.005,2033.775,11168.54,9375.86,1982.074,11487.04,9229.476,2018.298,11318.5,9320.618,1974.46,11574.75
9187.327,1955.555,11403.92,9238.531,2033.775,11170.27,9376.424,1982.074,11488.74,9228.399,2018.298,11319.93,9321.344,1974.46,11576.39
9186.283,1955.555,11403.21,9238.158,2033.775,11171.47,9376.859,1982.074,11489.92,9227.651,2018.298,11320.94,9321.819,1974.46,11577.56
9185.045,1955.555,11402.33,9237.796,2033.775,11172.95,9377.419,1982.074,11491.34,9226.757,2018.298,11322.18,9322.521,1974.46,11578.91
9184.123,1955.555,11401.63,9237.484,2033.775,11174.07,9377.879,1982.074,11492.4,9226.084,2018.298,11323.12,9323.021,1974.46,11579.95
9183.604,1955.555,11401.21,9237.285,2033.775,11174.7,9378.163,1982.074,11493,9225.701,2018.298,11323.66,9323.362,1974.46,11580.52
9182.347,1955.555,11400.15,9236.739,2033.775,11176.25,9378.915,1982.074,11494.46,9224.758,2018.298,11325.01,9324.163,1974.46,11581.96
9181.641,1955.555,11399.59,9236.413,2033.775,11177.09,9379.281,1982.074,11495.29,9224.219,2018.298,11325.73,9324.665,1974.46,11582.71
9180.696,1955.555,11398.9,9236.023,2033.775,11178.2,9379.794,1982.074,11496.34,9223.485,2018.298,11326.64,9325.288,1974.46,11583.7
9179.657,1955.555,11398.18,9235.67,2033.775,11179.41,9380.382,1982.074,11497.46,9222.665,2018.298,11327.6,9325.934,1974.46,11584.79
9179.099,1955.555,11397.82,9235.463,2033.775,11180.04,9380.71,1982.074,11498.04,9222.217,2018.298,11328.09,9326.276,1974.46,11585.36
9178.092,1955.555,11397.22,9235.156,2033.775,11181.17,9381.228,1982.074,11499.09,9221.397,2018.298,11328.93,9326.953,1974.46,11586.32
9177.253,1955.555,11396.75,9234.876,2033.775,11182.09,9381.678,1982.074,11499.93,9220.706,2018.298,11329.59,9327.48,1974.46,11587.12
9176.428,1955.555,11396.33,9234.576,2033.775,11182.97,9382.14,1982.074,11500.74,9220.017,2018.298,11330.21,9327.965,1974.46,11587.91
9175.647,1955.555,11395.97,9234.275,2033.775,11183.78,9382.587,1982.074,11501.47,9219.356,2018.298,11330.77,9328.433,1974.46,11588.63
9174.906,1955.555,11395.65,9234.02,2033.775,11184.54,9383.028,1982.074,11502.15,9218.722,2018.298,11331.27,9328.849,1974.46,11589.32
9174.056,1955.555,11395.31,9233.701,2033.775,11185.4,9383.502,1982.074,11502.93,9217.985,2018.298,11331.81,9329.345,1974.46,11590.09
9173.344,1955.555,11395.06,9233.415,2033.775,11186.1,9383.914,1982.074,11503.56,9217.362,2018.298,11332.24,9329.744,1974.46,11590.73
9172.498,1955.555,11394.79,9233.055,2033.775,11186.91,9384.503,1982.074,11504.23,9216.614,2018.298,11332.71,9330.238,1974.46,11591.47
9171.862,1955.555,11394.61,9232.807,2033.775,11187.52,9384.925,1982.074,11504.74,9216.046,2018.298,11333.05,9330.624,1974.46,11592.01
9170.789,1955.555,11394.34,9232.357,2033.775,11188.53,9385.603,1982.074,11505.61,9215.077,2018.298,11333.58,9331.298,1974.46,11592.88
9170.555,1955.555,11394.29,9232.26,2033.775,11188.75,9385.743,1982.074,11505.8,9214.863,2018.298,11333.69,9331.45,1974.46,11593.07
9169.644,1955.555,11394.13,9231.927,2033.775,11189.61,9386.311,1982.074,11506.54,9214.024,2018.298,11334.08,9332.033,1974.46,11593.79
9168.971,1955.555,11394.03,9231.751,2033.775,11190.27,9386.726,1982.074,11507.07,9213.399,2018.298,11334.35,9332.444,1974.46,11594.33
9168.347,1955.555,11393.96,9231.569,2033.775,11190.87,9387.093,1982.074,11507.58,9212.814,2018.298,11334.58,9332.84,1974.46,11594.82
9167.763,1955.555,11393.91,9231.381,2033.775,11191.43,9387.383,1982.074,11508.09,9212.262,2018.298,11334.77,9333.194,1974.46,11595.28
9166.845,1955.555,11393.87,9231.076,2033.775,11192.29,9387.864,1982.074,11508.88,9211.386,2018.298,11335.05,9333.726,1974.46,11596.03
9166.449,1955.555,11393.86,9230.933,2033.775,11192.66,9388.082,1982.074,11509.21,9211.005,2018.298,11335.16,9333.943,1974.46,11596.36
9166.031,1955.555,11393.87,9230.805,2033.775,11193.06,9388.301,1982.074,11509.56,9210.599,2018.298,11335.26,9334.169,1974.46,11596.72
9165.242,1955.555,11393.91,9230.538,2033.775,11193.8,9388.736,1982.074,11510.22,9209.825,2018.298,11335.42,9334.573,1974.46,11597.39
9164.923,1955.555,11393.94,9230.42,2033.775,11194.1,9388.904,1982.074,11510.49,9209.51,2018.298,11335.48,9334.714,1974.46,11597.68
9164.162,1955.555,11394.03,9230.115,2033.775,11194.8,9389.284,1982.074,11511.16,9208.753,2018.298,11335.59,9335.072,1974.46,11598.36
9163.923,1955.555,11394.04,9230.013,2033.775,11195.02,9389.396,1982.074,11511.37,9208.523,2018.298,11335.66,9335.179,1974.46,11598.57
9163.27,1955.555,11394.09,9229.713,2033.775,11195.6,9389.683,1982.074,11511.96,9207.89,2018.298,11335.83,9335.47,1974.46,11599.16
9162.794,1955.555,11394.15,9229.508,2033.775,11196.04,9389.892,1982.074,11512.39,9207.423,2018.298,11335.94,9335.719,1974.46,11599.57
9162.325,1955.555,11394.22,9229.297,2033.775,11196.46,9390.098,1982.074,11512.82,9206.958,2018.298,11336.03,9335.951,1974.46,11599.98
9161.815,1955.555,11394.25,9229.112,2033.775,11196.94,9390.334,1982.074,11513.27,9206.461,2018.298,11336.14,9336.188,1974.46,11600.43
9161.452,1955.555,11394.28,9228.969,2033.775,11197.27,9390.492,1982.074,11513.6,9206.104,2018.298,11336.21,9336.328,1974.46,11600.77
9160.631,1955.555,11394.39,9228.636,2033.775,11198.03,9390.827,1982.074,11514.36,9205.294,2018.298,11336.39,9336.672,1974.46,11601.53
9160.198,1955.555,11394.46,9228.461,2033.775,11198.43,9390.97,1982.074,11514.77,9204.863,2018.298,11336.47,9336.858,1974.46,11601.92
9159.191,1955.555,11394.66,9228.046,2033.775,11199.37,9391.308,1982.074,11515.74,9203.892,2018.298,11336.8,9337.33,1974.46,11602.83
9158.613,1955.555,11394.79,9227.813,2033.775,11199.92,9391.519,1982.074,11516.29,9203.324,2018.298,11336.98,9337.601,1974.46,11603.36
9157.867,1955.555,11394.99,9227.505,2033.775,11200.63,9391.816,1982.074,11517.01,9202.579,2018.298,11337.18,9337.93,1974.46,11604.06
9157.252,1955.555,11395.18,9227.229,2033.775,11201.21,9392.028,1982.074,11517.61,9201.954,2018.298,11337.32,9338.216,1974.46,11604.63
9156.556,1955.555,11395.45,9226.928,2033.775,11201.89,9392.299,1982.074,11518.31,9201.23,2018.298,11337.52,9338.527,1974.46,11605.32
9155.944,1955.555,11395.67,9226.646,2033.775,11202.48,9392.47,1982.074,11518.94,9200.608,2018.298,11337.7,9338.778,1974.46,11605.92
9155.346,1955.555,11395.87,9226.355,2033.775,11203.04,9392.626,1982.074,11519.55,9200.013,2018.298,11337.91,9339.002,1974.46,11606.5
9154.746,1955.555,11395.98,9226.063,2033.775,11203.57,9392.797,1982.074,11520.13,9199.428,2018.298,11338.08,9339.225,1974.46,11607.07
9154.168,1955.555,11396.12,9225.842,2033.775,11204.12,9392.981,1982.074,11520.7,9198.855,2018.298,11338.24,9339.469,1974.46,11607.61
9153.68,1955.555,11396.19,9225.645,2033.775,11204.58,9393.15,1982.074,11521.16,9198.374,2018.298,11338.35,9339.662,1974.46,11608.07
9152.871,1955.555,11396.35,9225.291,2033.775,11205.32,9393.384,1982.074,11521.95,9197.566,2018.298,11338.51,9339.976,1974.46,11608.83
9152.668,1955.555,11396.39,9225.203,2033.775,11205.51,9393.449,1982.074,11522.15,9197.363,2018.298,11338.55,9340.056,1974.46,11609.02
9152.006,1955.555,11396.59,9224.891,2033.775,11206.12,9393.688,1982.074,11522.8,9196.679,2018.298,11338.66,9340.316,1974.46,11609.66
9151.518,1955.555,11396.73,9224.647,2033.775,11206.57,9393.879,1982.074,11523.27,9196.181,2018.298,11338.75,9340.523,1974.46,11610.12
9151.19,1955.555,11396.81,9224.493,2033.775,11206.87,9393.968,1982.074,11523.59,9195.852,2018.298,11338.82,9340.651,1974.46,11610.43
9150.576,1955.555,11396.93,9224.187,2033.775,11207.41,9394.153,1982.074,11524.19,9195.235,2018.298,11338.94,9340.893,1974.46,11611.01
9150.123,1955.555,11397.01,9224.019,2033.775,11207.84,9394.304,1982.074,11524.63,9194.787,2018.298,11339.04,9341.056,1974.46,11611.44
9149.679,1955.555,11397.04,9223.843,2033.775,11208.25,9394.432,1982.074,11525.05,9194.359,2018.298,11339.16,9341.199,1974.46,11611.87
9149.351,1955.555,11397.07,9223.703,2033.775,11208.55,9394.497,1982.074,11525.37,9194.04,2018.298,11339.25,9341.343,1974.46,11612.16
9148.833,1955.555,11397.13,9223.466,2033.775,11209.01,9394.617,1982.074,11525.88,9193.531,2018.298,11339.36,9341.555,1974.46,11612.64
9148.525,1955.555,11397.18,9223.337,2033.775,11209.3,9394.699,1982.074,11526.18,9193.226,2018.298,11339.42,9341.672,1974.46,11612.93
9148.036,1955.555,11397.19,9223.119,2033.775,11209.74,9394.844,1982.074,11526.65,9192.741,2018.298,11339.49,9341.841,1974.46,11613.39
9147.656,1955.555,11397.2,9222.939,2033.775,11210.07,9394.968,1982.074,11527.01,9192.364,2018.298,11339.53,9341.96,1974.46,11613.75
9147.412,1955.555,11397.22,9222.816,2033.775,11210.28,9395.055,1982.074,11527.24,9192.12,2018.298,11339.56,9342.015,1974.46,11613.99
9146.903,1955.555,11397.2,9222.619,2033.775,11210.75,9395.219,1982.074,11527.72,9191.613,2018.298,11339.61,9342.116,1974.46,11614.48
9146.626,1955.555,11397.2,9222.504,2033.775,11211,9395.3,1982.074,11527.99,9191.337,2018.298,11339.63,9342.181,1974.46,11614.75
9146.25,1955.555,11397.17,9222.336,2033.775,11211.34,9395.428,1982.074,11528.34,9190.961,2018.298,11339.64,9342.28,1974.46,11615.12
9145.97,1955.555,11397.16,9222.203,2033.775,11211.59,9395.543,1982.074,11528.59,9190.681,2018.298,11339.64,9342.363,1974.46,11615.38
9145.499,1955.555,11397.09,9222.006,2033.775,11212.02,9395.725,1982.074,11529.04,9190.204,2018.298,11339.63,9342.508,1974.46,11615.84
9145.292,1955.555,11397.06,9221.913,2033.775,11212.21,9395.801,1982.074,11529.23,9189.996,2018.298,11339.61,9342.555,1974.46,11616.04
9145.078,1955.555,11397.04,9221.812,2033.775,11212.4,9395.873,1982.074,11529.43,9189.781,2018.298,11339.62,9342.609,1974.46,11616.25
9144.738,1955.555,11397.03,9221.641,2033.775,11212.69,9395.977,1982.074,11529.75,9189.44,2018.298,11339.62,9342.707,1974.46,11616.58
9144.444,1955.555,11397.01,9221.485,2033.775,11212.94,9396.057,1982.074,11530.04,9189.148,2018.298,11339.65,9342.801,1974.46,11616.85
9144.213,1955.555,11397.01,9221.387,2033.775,11213.15,9396.102,1982.074,11530.26,9188.917,2018.298,11339.67,9342.868,1974.46,11617.08
9143.915,1955.555,11397.02,9221.251,2033.775,11213.42,9396.169,1982.074,11530.55,9188.619,2018.298,11339.69,9342.945,1974.46,11617.36
9143.663,1955.555,11397.03,9221.129,2033.775,11213.64,9396.196,1982.074,11530.81,9188.368,2018.298,11339.71,9343.012,1974.46,11617.61
9143.455,1955.555,11397.05,9221.026,2033.775,11213.82,9396.216,1982.074,11531.01,9188.16,2018.298,11339.72,9343.06,1974.46,11617.81
9143.159,1955.555,11397.06,9220.886,2033.775,11214.08,9396.253,1982.074,11531.31,9187.865,2018.298,11339.74,9343.118,1974.46,11618.1
9142.951,1955.555,11397.08,9220.794,2033.775,11214.26,9396.268,1982.074,11531.51,9187.66,2018.298,11339.78,9343.153,1974.46,11618.31
9142.63,1955.555,11397.12,9220.642,2033.775,11214.55,9396.301,1982.074,11531.84,9187.345,2018.298,11339.85,9343.197,1974.46,11618.63
9142.423,1955.555,11397.14,9220.537,2033.775,11214.73,9396.311,1982.074,11532.04,9187.141,2018.298,11339.89,9343.242,1974.46,11618.83
9142.148,1955.555,11397.18,9220.391,2033.775,11214.97,9396.332,1982.074,11532.32,9186.867,2018.298,11339.94,9343.293,1974.46,11619.1
9141.94,1955.555,11397.19,9220.289,2033.775,11215.15,9396.355,1982.074,11532.53,9186.663,2018.298,11339.98,9343.33,1974.46,11619.31
9141.708,1955.555,11397.2,9220.17,2033.775,11215.35,9396.379,1982.074,11532.76,9186.434,2018.298,11340.02,9343.374,1974.46,11619.54
9141.5,1955.555,11397.2,9220.078,2033.775,11215.54,9396.405,1982.074,11532.97,9186.228,2018.298,11340.05,9343.419,1974.46,11619.74
9141.292,1955.555,11397.2,9219.98,2033.775,11215.72,9396.431,1982.074,11533.17,9186.021,2018.298,11340.07,9343.457,1974.46,11619.94
9141.084,1955.555,11397.22,9219.893,2033.775,11215.91,9396.463,1982.074,11533.38,9185.813,2018.298,11340.1,9343.488,1974.46,11620.15
9140.876,1955.555,11397.24,9219.798,2033.775,11216.09,9396.488,1982.074,11533.59,9185.606,2018.298,11340.12,9343.521,1974.46,11620.36
9140.668,1955.555,11397.23,9219.697,2033.775,11216.28,9396.492,1982.074,11533.79,9185.398,2018.298,11340.13,9343.548,1974.46,11620.56
9140.402,1955.555,11397.21,9219.588,2033.775,11216.52,9396.506,1982.074,11534.06,9185.132,2018.298,11340.14,9343.573,1974.46,11620.83
9140.145,1955.555,11397.2,9219.475,2033.775,11216.75,9396.527,1982.074,11534.32,9184.874,2018.298,11340.14,9343.589,1974.46,11621.09
9139.701,1955.555,11397.13,9219.264,2033.775,11217.15,9396.568,1982.074,11534.77,9184.425,2018.298,11340.13,9343.589,1974.46,11621.54
9139.273,1955.555,11397.07,9219.089,2033.775,11217.54,9396.594,1982.074,11535.2,9183.994,2018.298,11340.13,9343.603,1974.46,11621.97
9138.886,1955.555,11397.01,9218.918,2033.775,11217.9,9396.629,1982.074,11535.59,9183.602,2018.298,11340.1,9343.596,1974.46,11622.36
9138.598,1955.555,11396.97,9218.804,2033.775,11218.16,9396.646,1982.074,11535.88,9183.312,2018.298,11340.08,9343.601,1974.46,11622.65
9138.063,1955.555,11396.92,9218.576,2033.775,11218.65,9396.661,1982.074,11536.42,9182.777,2018.298,11340.01,9343.591,1974.46,11623.19
9137.854,1955.555,11396.91,9218.482,2033.775,11218.84,9396.66,1982.074,11536.62,9182.575,2018.298,11339.96,9343.594,1974.46,11623.4
9137.393,1955.555,11396.89,9218.284,2033.775,11219.25,9396.594,1982.074,11537.08,9182.123,2018.298,11339.87,9343.616,1974.46,11623.86
9137.162,1955.555,11396.88,9218.179,2033.775,11219.46,9396.568,1982.074,11537.31,9181.896,2018.298,11339.82,9343.62,1974.46,11624.09
9136.732,1955.555,11396.83,9217.988,2033.775,11219.85,9396.534,1982.074,11537.74,9181.477,2018.298,11339.72,9343.612,1974.46,11624.52
9136.417,1955.555,11396.8,9217.84,2033.775,11220.13,9396.52,1982.074,11538.06,9181.166,2018.298,11339.65,9343.608,1974.46,11624.84
9136.159,1955.555,11396.76,9217.723,2033.775,11220.36,9396.517,1982.074,11538.32,9180.91,2018.298,11339.61,9343.63,1974.46,11625.1
9135.825,1955.555,11396.7,9217.562,2033.775,11220.66,9396.513,1982.074,11538.66,9180.575,2018.298,11339.56,9343.646,1974.46,11625.44
9135.539,1955.555,11396.66,9217.415,2033.775,11220.91,9396.49,1982.074,11538.95,9180.291,2018.298,11339.51,9343.683,1974.46,11625.72
9135.329,1955.555,11396.63,9217.302,2033.775,11221.09,9396.48,1982.074,11539.16,9180.08,2018.298,11339.48,9343.702,1974.46,11625.94
9134.996,1955.555,11396.58,9217.109,2033.775,11221.36,9396.477,1982.074,11539.5,9179.75,2018.298,11339.42,9343.722,1974.46,11626.27
9134.738,1955.555,11396.54,9216.967,2033.775,11221.58,9396.481,1982.074,11539.76,9179.497,2018.298,11339.35,9343.729,1974.46,11626.53
9134.489,1955.555,11396.48,9216.815,2033.775,11221.79,9396.495,1982.074,11540.01,9179.249,2018.298,11339.3,9343.727,1974.46,11626.79
9134.248,1955.555,11396.43,9216.676,2033.775,11221.99,9396.501,1982.074,11540.26,9179.007,2018.298,11339.25,9343.733,1974.46,11627.03
9134.015,1955.555,11396.39,9216.548,2033.775,11222.19,9396.507,1982.074,11540.49,9178.771,2018.298,11339.22,9343.736,1974.46,11627.27
9133.809,1955.555,11396.36,9216.441,2033.775,11222.37,9396.505,1982.074,11540.7,9178.565,2018.298,11339.19,9343.746,1974.46,11627.48
9133.469,1955.555,11396.3,9216.272,2033.775,11222.67,9396.513,1982.074,11541.05,9178.223,2018.298,11339.15,9343.751,1974.46,11627.82
9133.265,1955.555,11396.26,9216.169,2033.775,11222.85,9396.511,1982.074,11541.25,9178.017,2018.298,11339.12,9343.731,1974.46,11628.03
9133.014,1955.555,11396.21,9216.035,2033.775,11223.06,9396.506,1982.074,11541.51,9177.765,2018.298,11339.08,9343.716,1974.46,11628.28
9132.815,1955.555,11396.15,9215.897,2033.775,11223.22,9396.495,1982.074,11541.72,9177.56,2018.298,11339.05,9343.71,1974.46,11628.49
9132.589,1955.555,11396.09,9215.748,2033.775,11223.4,9396.487,1982.074,11541.95,9177.329,2018.298,11339,9343.695,1974.46,11628.73
9132.387,1955.555,11396.04,9215.621,2033.775,11223.57,9396.474,1982.074,11542.16,9177.123,2018.298,11338.97,9343.689,1974.46,11628.93
9132.123,1955.555,11395.98,9215.464,2033.775,11223.79,9396.465,1982.074,11542.43,9176.858,2018.298,11338.92,9343.673,1974.46,11629.2
9131.923,1955.555,11395.92,9215.333,2033.775,11223.95,9396.484,1982.074,11542.64,9176.652,2018.298,11338.89,9343.667,1974.46,11629.41
9131.7,1955.555,11395.87,9215.194,2033.775,11224.13,9396.499,1982.074,11542.87,9176.427,2018.298,11338.84,9343.664,1974.46,11629.64
9131.497,1955.555,11395.82,9215.074,2033.775,11224.3,9396.514,1982.074,11543.07,9176.224,2018.298,11338.8,9343.663,1974.46,11629.85
9131.295,1955.555,11395.77,9214.959,2033.775,11224.48,9396.521,1982.074,11543.28,9176.022,2018.298,11338.74,9343.661,1974.46,11630.06
9131.091,1955.555,11395.73,9214.85,2033.775,11224.65,9396.522,1982.074,11543.49,9175.822,2018.298,11338.68,9343.642,1974.46,11630.26
9130.889,1955.555,11395.68,9214.745,2033.775,11224.83,9396.517,1982.074,11543.7,9175.625,2018.298,11338.62,9343.629,1974.46,11630.47
9130.688,1955.555,11395.62,9214.646,2033.775,11225.01,9396.504,1982.074,11543.91,9175.43,2018.298,11338.55,9343.604,1974.46,11630.68
9130.488,1955.555,11395.56,9214.551,2033.775,11225.2,9396.511,1982.074,11544.11,9175.236,2018.298,11338.47,9343.574,1974.46,11630.89
9130.29,1955.555,11395.5,9214.46,2033.775,11225.39,9396.511,1982.074,11544.32,9175.046,2018.298,11338.38,9343.551,1974.46,11631.09
9130.094,1955.555,11395.43,9214.373,2033.775,11225.58,9396.504,1982.074,11544.53,9174.858,2018.298,11338.29,9343.534,1974.46,11631.3
9129.896,1955.555,11395.36,9214.29,2033.775,11225.77,9396.521,1982.074,11544.74,9174.674,2018.298,11338.2,9343.496,1974.46,11631.51
9129.699,1955.555,11395.29,9214.21,2033.775,11225.96,9396.531,1982.074,11544.95,9174.492,2018.298,11338.09,9343.465,1974.46,11631.71
9129.506,1955.555,11395.22,9214.131,2033.775,11226.15,9396.535,1982.074,11545.15,9174.314,2018.298,11337.99,9343.44,1974.46,11631.92
9129.315,1955.555,11395.13,9214.054,2033.775,11226.35,9396.532,1982.074,11545.36,9174.14,2018.298,11337.87,9343.423,1974.46,11632.13
9129.127,1955.555,11395.04,9213.979,2033.775,11226.54,9396.54,1982.074,11545.57,9173.969,2018.298,11337.75,9343.386,1974.46,11632.33
9128.942,1955.555,11394.95,9213.902,2033.775,11226.73,9396.541,1982.074,11545.78,9173.802,2018.298,11337.63,9343.354,1974.46,11632.54
9128.761,1955.555,11394.85,9213.825,2033.775,11226.93,9396.535,1982.074,11545.99,9173.64,2018.298,11337.5,9343.33,1974.46,11632.75
9128.582,1955.555,11394.74,9213.749,2033.775,11227.12,9396.522,1982.074,11546.19,9173.481,2018.298,11337.36,9343.313,1974.46,11632.95
9128.407,1955.555,11394.63,9213.674,2033.775,11227.32,9396.503,1982.074,11546.4,9173.328,2018.298,11337.22,9343.302,1974.46,11633.16
9128.236,1955.555,11394.51,9213.6,2033.775,11227.51,9396.479,1982.074,11546.61,9173.179,2018.298,11337.08,9343.284,1974.46,11633.37
9128.069,1955.555,11394.38,9213.526,2033.775,11227.71,9396.446,1982.074,11546.81,9173.034,2018.298,11336.93,9343.26,1974.46,11633.58
9127.906,1955.555,11394.25,9213.453,2033.775,11227.9,9396.399,1982.074,11547.02,9172.895,2018.298,11336.77,9343.229,1974.46,11633.78
9127.748,1955.555,11394.12,9213.38,2033.775,11228.1,9396.35,1982.074,11547.22,9172.76,2018.298,11336.61,9343.198,1974.46,11633.99
9127.594,1955.555,11393.98,9213.307,2033.775,11228.29,9396.288,1982.074,11547.42,9172.631,2018.298,11336.45,9343.172,1974.46,11634.2
9127.444,1955.555,11393.83,9213.233,2033.775,11228.49,9396.232,1982.074,11547.62,9172.507,2018.298,11336.28,9343.139,1974.46,11634.4
9127.299,1955.555,11393.68,9213.16,2033.775,11228.68,9396.184,1982.074,11547.82,9172.389,2018.298,11336.11,9343.108,1974.46,11634.61
9127.158,1955.555,11393.53,9213.087,2033.775,11228.88,9396.127,1982.074,11548.02,9172.275,2018.298,11335.94,9343.071,1974.46,11634.81
9127.022,1955.555,11393.37,9213.014,2033.775,11229.07,9396.07,1982.074,11548.22,9172.168,2018.298,11335.76,9343.027,1974.46,11635.02
9126.893,1955.555,11393.21,9212.939,2033.775,11229.27,9396.021,1982.074,11548.42,9172.066,2018.298,11335.58,9342.977,1974.46,11635.22
9126.768,1955.555,11393.04,9212.865,2033.775,11229.46,9395.964,1982.074,11548.62,9171.971,2018.298,11335.39,9342.933,1974.46,11635.42
9126.648,1955.555,11392.87,9212.791,2033.775,11229.65,9395.914,1982.074,11548.83,9171.881,2018.298,11335.2,9342.882,1974.46,11635.62
9126.535,1955.555,11392.7,9212.717,2033.775,11229.85,9395.857,1982.074,11549.03,9171.797,2018.298,11335.01,9342.838,1974.46,11635.83
9126.427,1955.555,11392.52,9212.642,2033.775,11230.04,9395.793,1982.074,11549.22,9171.719,2018.298,11334.82,9342.816,1974.46,11636.03
9126.325,1955.555,11392.34,9212.566,2033.775,11230.24,9395.735,1982.074,11549.42,9171.647,2018.298,11334.62,9342.788,1974.46,11636.24
9126.229,1955.555,11392.15,9212.491,2033.775,11230.43,9395.678,1982.074,11549.63,9171.582,2018.298,11334.43,9342.753,1974.46,11636.44
9126.14,1955.555,11391.96,9212.416,2033.775,11230.63,9395.627,1982.074,11549.83,9171.523,2018.298,11334.23,9342.711,1974.46,11636.65
9126.056,1955.555,11391.77,9212.341,2033.775,11230.82,9395.583,1982.074,11550.03,9171.471,2018.298,11334.02,9342.662,1974.46,11636.85
9125.978,1955.555,11391.58,9212.266,2033.775,11231.01,9395.532,1982.074,11550.23,9171.424,2018.298,11333.82,9342.62,1974.46,11637.05
9125.905,1955.555,11391.38,9212.189,2033.775,11231.21,9395.47,1982.074,11550.43,9171.384,2018.298,11333.62,9342.571,1974.46,11637.26
9125.84,1955.555,11391.19,9212.113,2033.775,11231.4,9395.413,1982.074,11550.63,9171.35,2018.298,11333.41,9342.543,1974.46,11637.46
9125.78,1955.555,11390.99,9212.037,2033.775,11231.6,9395.363,1982.074,11550.83,9171.322,2018.298,11333.21,9342.508,1974.46,11637.67
9125.728,1955.555,11390.79,9211.96,2033.775,11231.79,9395.32,1982.074,11551.04,9171.301,2018.298,11333,9342.466,1974.46,11637.87
9125.675,1955.555,11390.58,9211.883,2033.775,11231.98,9395.259,1982.074,11551.24,9171.285,2018.298,11332.79,9342.422,1974.46,11638.08
9125.629,1955.555,11390.38,9211.806,2033.775,11232.18,9395.203,1982.074,11551.44,9171.276,2018.298,11332.58,9342.371,1974.46,11638.28
9125.59,1955.555,11390.18,9211.729,2033.775,11232.37,9395.154,1982.074,11551.64,9171.272,2018.298,11332.38,9342.328,1974.46,11638.48
9125.558,1955.555,11389.97,9211.651,2033.775,11232.56,9395.077,1982.074,11551.83,9171.274,2018.298,11332.17,9342.31,1974.46,11638.69
9125.532,1955.555,11389.76,9211.573,2033.775,11232.76,9395.007,1982.074,11552.03,9171.282,2018.298,11331.96,9342.284,1974.46,11638.9
9125.514,1955.555,11389.56,9211.495,2033.775,11232.95,9394.943,1982.074,11552.23,9171.286,2018.298,11331.75,9342.252,1974.46,11639.1
9125.502,1955.555,11389.35,9211.411,2033.775,11233.14,9394.886,1982.074,11552.43,9171.283,2018.298,11331.54,9342.213,1974.46,11639.31
9125.476,1955.555,11389.08,9211.296,2033.775,11233.38,9394.82,1982.074,11552.69,9171.271,2018.298,11331.28,9342.154,1974.46,11639.57
9125.443,1955.555,11388.72,9211.128,2033.775,11233.7,9394.743,1982.074,11553.04,9171.241,2018.298,11330.91,9342.063,1974.46,11639.92
9125.383,1955.555,11388.34,9210.939,2033.775,11234.04,9394.66,1982.074,11553.42,9171.198,2018.298,11330.53,9341.979,1974.46,11640.29
9125.318,1955.555,11387.83,9210.671,2033.775,11234.48,9394.531,1982.074,11553.92,9171.123,2018.298,11330.02,9341.937,1974.46,11640.81
9125.234,1955.555,11387.3,9210.379,2033.775,11234.92,9394.415,1982.074,11554.44,9171.028,2018.298,11329.5,9341.875,1974.46,11641.34
9125.172,1955.555,11386.72,9210.041,2033.775,11235.4,9394.306,1982.074,11555.02,9170.905,2018.298,11328.92,9341.788,1974.46,11641.92
9125.115,1955.555,11386.31,9209.794,2033.775,11235.73,9394.242,1982.074,11555.42,9170.806,2018.298,11328.52,9341.714,1974.46,11642.32
9124.948,1955.555,11385.35,9209.181,2033.775,11236.49,9394.061,1982.074,11556.38,9170.538,2018.298,11327.58,9341.417,1974.46,11643.25
9124.825,1955.555,11384.76,9208.785,2033.775,11236.95,9393.929,1982.074,11556.97,9170.354,2018.298,11327.01,9341.252,1974.46,11643.84
9124.552,1955.555,11383.62,9207.996,2033.775,11237.81,9393.748,1982.074,11558.13,9169.962,2018.298,11325.91,9340.971,1974.46,11644.97
9124.477,1955.555,11383.35,9207.799,2033.775,11238.01,9393.701,1982.074,11558.4,9169.858,2018.298,11325.65,9340.9,1974.46,11645.24
9124.212,1955.555,11382.21,9206.949,2033.775,11238.82,9393.488,1982.074,11559.56,9169.393,2018.298,11324.57,9340.549,1974.46,11646.36
9124.056,1955.555,11381.62,9206.495,2033.775,11239.23,9393.381,1982.074,11560.16,9169.133,2018.298,11324.02,9340.385,1974.46,11646.95
9123.655,1955.555,11380.29,9205.432,2033.775,11240.12,9393.091,1982.074,11561.51,9168.5,2018.298,11322.78,9340.057,1974.46,11648.3
9123.406,1955.555,11379.5,9204.776,2033.775,11240.63,9392.891,1982.074,11562.32,9168.097,2018.298,11322.06,9339.886,1974.46,11649.11
9123.016,1955.555,11378.38,9203.823,2033.775,11241.33,9392.597,1982.074,11563.47,9167.49,2018.298,11321.04,9339.605,1974.46,11650.26
9122.674,1955.555,11377.5,9203.044,2033.775,11241.87,9392.384,1982.074,11564.39,9166.979,2018.298,11320.24,9339.352,1974.46,11651.17
9122.162,1955.555,11376.29,9201.944,2033.775,11242.58,9392.244,1982.074,11565.69,9166.238,2018.298,11319.17,9338.998,1974.46,11652.43
9121.674,1955.555,11375.22,9200.931,2033.775,11243.18,9392.156,1982.074,11566.87,9165.561,2018.298,11318.2,9338.643,1974.46,11653.56
9121.145,1955.555,11374.12,9199.865,2033.775,11243.78,9392.104,1982.074,11568.09,9164.853,2018.298,11317.21,9338.24,1974.46,11654.71
9120.574,1955.555,11373,9198.751,2033.775,11244.36,9392.092,1982.074,11569.34,9164.114,2018.298,11316.19,9337.79,1974.46,11655.88
9120.156,1955.555,11372.23,9197.958,2033.775,11244.74,9392.111,1982.074,11570.22,9163.59,2018.298,11315.49,9337.449,1974.46,11656.69
9119.298,1955.555,11370.72,9196.374,2033.775,11245.44,9392.206,1982.074,11571.95,9162.545,2018.298,11314.11,9336.731,1974.46,11658.27
9118.63,1955.555,11369.62,9195.176,2033.775,11245.92,9392.319,1982.074,11573.24,9161.754,2018.298,11313.08,9336.161,1974.46,11659.43
9117.718,1955.555,11368.18,9193.581,2033.775,11246.51,9392.522,1982.074,11574.93,9160.699,2018.298,11311.75,9335.369,1974.46,11660.93
9116.748,1955.555,11366.74,9191.929,2033.775,11247.06,9392.674,1982.074,11576.66,9159.604,2018.298,11310.4,9334.608,1974.46,11662.5
9116.297,1955.555,11366.1,9191.179,2033.775,11247.29,9392.717,1982.074,11577.44,9159.104,2018.298,11309.8,9334.29,1974.46,11663.21
9115.368,1955.555,11364.84,9189.672,2033.775,11247.69,9392.751,1982.074,11579,9158.097,2018.298,11308.61,9333.702,1974.46,11664.66
9114.579,1955.555,11363.83,9188.422,2033.775,11247.98,9392.737,1982.074,11580.29,9157.255,2018.298,11307.64,9333.258,1974.46,11665.86
9113.138,1955.555,11362.07,9186.191,2033.775,11248.43,9392.638,1982.074,11582.56,9155.743,2018.298,11305.94,9332.54,1974.46,11668.02
9112.801,1955.555,11361.68,9185.681,2033.775,11248.51,9392.599,1982.074,11583.07,9155.395,2018.298,11305.56,9332.393,1974.46,11668.52
9111.388,1955.555,11360.14,9183.61,2033.775,11248.79,9392.371,1982.074,11585.15,9153.938,2018.298,11304.06,9331.864,1974.46,11670.54
9110.265,1955.555,11359,9182.015,2033.775,11248.96,9392.145,1982.074,11586.74,9152.784,2018.298,11302.95,9331.51,1974.46,11672.1
9109.459,1955.555,11358.23,9180.903,2033.775,11249.04,9392.01,1982.074,11587.85,9151.958,2018.298,11302.2,9331.3,1974.46,11673.2
9107.975,1955.555,11356.66,9178.746,2033.775,11249.13,9391.68,1982.074,11589.98,9150.313,2018.298,11300.8,9330.883,1974.46,11675.32
9106.785,1955.555,11355.48,9177.073,2033.775,11249.14,9391.463,1982.074,11591.64,9149.004,2018.298,11299.76,9330.613,1974.46,11676.97
9105.633,1955.555,11354.24,9175.378,2033.775,11249.1,9391.444,1982.074,11593.33,9147.646,2018.298,11298.74,9330.395,1974.46,11678.65
9104.724,1955.555,11353.32,9174.087,2033.775,11249.04,9391.388,1982.074,11594.63,9146.586,2018.298,11298,9330.271,1974.46,11679.93
9102.976,1955.555,11351.66,9171.688,2033.775,11248.83,9391.554,1982.074,11597.03,9144.569,2018.298,11296.69,9330.117,1974.46,11682.34
9101.754,1955.555,11350.58,9170.066,2033.775,11248.64,9391.613,1982.074,11598.66,9143.174,2018.298,11295.84,9330.066,1974.46,11683.97
9100.646,1955.555,11349.66,9168.644,2033.775,11248.43,9391.619,1982.074,11600.1,9141.922,2018.298,11295.13,9330.069,1974.46,11685.41
9098.585,1955.555,11348.06,9166.076,2033.775,11247.97,9391.544,1982.074,11602.7,9139.612,2018.298,11293.92,9330.159,1974.46,11688.02
9098.102,1955.555,11347.71,9165.489,2033.775,11247.85,9391.546,1982.074,11603.3,9139.072,2018.298,11293.65,9330.236,1974.46,11688.61
9095.738,1955.555,11346.08,9162.707,2033.775,11247.16,9391.631,1982.074,11606.17,9136.457,2018.298,11292.48,9330.612,1974.46,11691.45
9094.656,1955.555,11345.39,9161.471,2033.775,11246.82,9391.711,1982.074,11607.45,9135.27,2018.298,11292,9330.826,1974.46,11692.72
9092.962,1955.555,11344.39,9159.591,2033.775,11246.23,9391.897,1982.074,11609.41,9133.425,2018.298,11291.31,9331.205,1974.46,11694.65
9091.558,1955.555,11343.62,9158.077,2033.775,11245.71,9392.079,1982.074,11611,9131.907,2018.298,11290.79,9331.462,1974.46,11696.23
9089.633,1955.555,11342.64,9156.061,2033.775,11244.93,9392.395,1982.074,11613.14,9129.842,2018.298,11290.16,9331.737,1974.46,11698.37
9087.913,1955.555,11341.82,9154.303,2033.775,11244.2,9392.611,1982.074,11615.03,9128.001,2018.298,11289.66,9332.043,1974.46,11700.25
9086.158,1955.555,11341.04,9152.56,2033.775,11243.4,9392.891,1982.074,11616.93,9126.136,2018.298,11289.22,9332.288,1974.46,11702.16
9084.364,1955.555,11340.33,9150.827,2033.775,11242.54,9393.42,1982.074,11618.79,9124.242,2018.298,11288.83,9332.339,1974.46,11704.09
9082.54,1955.555,11339.66,9149.116,2033.775,11241.62,9393.89,1982.074,11620.67,9122.329,2018.298,11288.51,9332.454,1974.46,11706.03
9080.946,1955.555,11339.14,9147.664,2033.775,11240.79,9394.242,1982.074,11622.31,9120.669,2018.298,11288.27,9332.597,1974.46,11707.7
9078.212,1955.555,11338.32,9145.235,2033.775,11239.28,9394.751,1982.074,11625.12,9117.834,2018.298,11287.93,9332.776,1974.46,11710.55
9077.611,1955.555,11338.15,9144.716,2033.775,11238.94,9394.872,1982.074,11625.73,9117.214,2018.298,11287.86,9332.836,1974.46,11711.17
9075.274,1955.555,11337.56,9142.749,2033.775,11237.54,9395.265,1982.074,11628.11,9114.812,2018.298,11287.66,9333.145,1974.46,11713.56
9074.143,1955.555,11337.3,9141.824,2033.775,11236.84,9395.416,1982.074,11629.26,9113.653,2018.298,11287.58,9333.266,1974.46,11714.72
9071.892,1955.555,11336.83,9140.038,2033.775,11235.39,9395.641,1982.074,11631.55,9111.358,2018.298,11287.46,9333.459,1974.46,11717.01
9070.269,1955.555,11336.53,9138.789,2033.775,11234.31,9395.748,1982.074,11633.2,9109.709,2018.298,11287.41,9333.586,1974.46,11718.65
9069.182,1955.555,11336.36,9137.979,2033.775,11233.57,9395.673,1982.074,11634.3,9108.607,2018.298,11287.39,9333.635,1974.46,11719.75
9067.159,1955.555,11336.07,9136.521,2033.775,11232.14,9395.601,1982.074,11636.34,9106.565,2018.298,11287.4,9333.658,1974.46,11721.8
9065.734,1955.555,11335.91,9135.528,2033.775,11231.1,9395.597,1982.074,11637.78,9105.131,2018.298,11287.43,9333.628,1974.46,11723.23
9063.974,1955.555,11335.74,9134.347,2033.775,11229.79,9395.534,1982.074,11639.54,9103.363,2018.298,11287.5,9333.648,1974.46,11725
9063.084,1955.555,11335.67,9133.771,2033.775,11229.1,9395.396,1982.074,11640.43,9102.473,2018.298,11287.55,9333.63,1974.46,11725.89
9061.456,1955.555,11335.58,9132.761,2033.775,11227.82,9395.198,1982.074,11642.04,9100.847,2018.298,11287.67,9333.542,1974.46,11727.52
9060.134,1955.555,11335.53,9131.974,2033.775,11226.76,9394.934,1982.074,11643.34,9099.529,2018.298,11287.8,9333.428,1974.46,11728.84
9058.851,1955.555,11335.51,9131.244,2033.775,11225.7,9394.719,1982.074,11644.61,9098.254,2018.298,11287.94,9333.274,1974.46,11730.12
9057.609,1955.555,11335.52,9130.571,2033.775,11224.66,9394.551,1982.074,11645.84,9097.022,2018.298,11288.1,9333.27,1974.46,11731.36
9056.577,1955.555,11335.55,9130.039,2033.775,11223.77,9394.444,1982.074,11646.87,9096.001,2018.298,11288.25,9333.231,1974.46,11732.39
9055.242,1955.555,11335.61,9129.388,2033.775,11222.61,9394.227,1982.074,11648.18,9094.683,2018.298,11288.46,9333.264,1974.46,11733.73
9053.96,1955.555,11335.69,9128.797,2033.775,11221.46,9394.059,1982.074,11649.46,9093.419,2018.298,11288.69,9333.252,1974.46,11735.01
9052.943,1955.555,11335.77,9128.356,2033.775,11220.54,9393.958,1982.074,11650.47,9092.419,2018.298,11288.89,9333.21,1974.46,11736.03
9052.081,1955.555,11335.86,9128.008,2033.775,11219.75,9393.86,1982.074,11651.33,9091.572,2018.298,11289.08,9333.202,1974.46,11736.9
9050.944,1955.555,11336,9127.58,2033.775,11218.69,9393.769,1982.074,11652.48,9090.459,2018.298,11289.34,9333.155,1974.46,11738.04
9049.959,1955.555,11336.13,9127.238,2033.775,11217.75,9393.574,1982.074,11653.45,9089.495,2018.298,11289.59,9333.082,1974.46,11739.03
9049.006,1955.555,11336.28,9126.936,2033.775,11216.84,9393.341,1982.074,11654.39,9088.564,2018.298,11289.84,9332.979,1974.46,11739.99
9048.085,1955.555,11336.44,9126.67,2033.775,11215.94,9393.104,1982.074,11655.29,9087.667,2018.298,11290.11,9332.85,1974.46,11740.92
9047.394,1955.555,11336.58,9126.492,2033.775,11215.26,9392.949,1982.074,11655.98,9086.995,2018.298,11290.32,9332.729,1974.46,11741.61
9046.385,1955.555,11336.79,9126.263,2033.775,11214.25,9392.683,1982.074,11656.98,9086.016,2018.298,11290.64,9332.625,1974.46,11742.64
9045.206,1955.555,11337.06,9126.031,2033.775,11213.06,9392.408,1982.074,11658.15,9084.874,2018.298,11291.04,9332.465,1974.46,11743.84
9044.676,1955.555,11337.19,9125.943,2033.775,11212.52,9392.302,1982.074,11658.69,9084.361,2018.298,11291.22,9332.39,1974.46,11744.38
9043.932,1955.555,11337.38,9125.844,2033.775,11211.76,9392.177,1982.074,11659.45,9083.644,2018.298,11291.5,9332.259,1974.46,11745.14
9043.187,1955.555,11337.59,9125.768,2033.775,11210.99,9392.081,1982.074,11660.22,9082.926,2018.298,11291.79,9332.152,1974.46,11745.9
9042.468,1955.555,11337.8,9125.67,2033.775,11210.25,9391.964,1982.074,11660.96,9082.228,2018.298,11292.06,9331.971,1974.46,11746.63
9042.01,1955.555,11337.95,9125.592,2033.775,11209.77,9391.874,1982.074,11661.43,9081.778,2018.298,11292.23,9331.869,1974.46,11747.1
9041.057,1955.555,11338.26,9125.396,2033.775,11208.79,9391.794,1982.074,11662.43,9080.834,2018.298,11292.57,9331.689,1974.46,11748.09
9040.532,1955.555,11338.44,9125.27,2033.775,11208.25,9391.731,1982.074,11662.98,9080.31,2018.298,11292.75,9331.608,1974.46,11748.64
9039.84,1955.555,11338.69,9125.079,2033.775,11207.54,9391.625,1982.074,11663.71,9079.609,2018.298,11292.98,9331.524,1974.46,11749.37
9039.324,1955.555,11338.88,9124.919,2033.775,11207.01,9391.563,1982.074,11664.26,9079.083,2018.298,11293.14,9331.443,1974.46,11749.92
9038.47,1955.555,11339.22,9124.624,2033.775,11206.14,9391.43,1982.074,11665.17,9078.203,2018.298,11293.4,9331.26,1974.46,11750.81
9038.277,1955.555,11339.3,9124.551,2033.775,11205.94,9391.393,1982.074,11665.37,9078.003,2018.298,11293.46,9331.224,1974.46,11751.02
9037.561,1955.555,11339.6,9124.253,2033.775,11205.23,9391.279,1982.074,11666.14,9077.25,2018.298,11293.66,9331.064,1974.46,11751.78
9037.043,1955.555,11339.83,9124.02,2033.775,11204.71,9391.238,1982.074,11666.71,9076.701,2018.298,11293.79,9330.887,1974.46,11752.32
9036.653,1955.555,11340,9123.855,2033.775,11204.32,9391.193,1982.074,11667.13,9076.287,2018.298,11293.9,9330.766,1974.46,11752.73
9036.092,1955.555,11340.27,9123.636,2033.775,11203.73,9391.107,1982.074,11667.75,9075.689,2018.298,11294.07,9330.609,1974.46,11753.33
9035.602,1955.555,11340.5,9123.46,2033.775,11203.22,9391.015,1982.074,11668.28,9075.168,2018.298,11294.23,9330.489,1974.46,11753.86
9035.22,1955.555,11340.69,9123.335,2033.775,11202.81,9390.969,1982.074,11668.71,9074.761,2018.298,11294.35,9330.409,1974.46,11754.28
9034.726,1955.555,11340.95,9123.155,2033.775,11202.29,9390.891,1982.074,11669.26,9074.229,2018.298,11294.51,9330.264,1974.46,11754.82
9034.313,1955.555,11341.16,9122.989,2033.775,11201.85,9390.81,1982.074,11669.72,9073.779,2018.298,11294.64,9330.156,1974.46,11755.27
9034.01,1955.555,11341.33,9122.856,2033.775,11201.53,9390.739,1982.074,11670.06,9073.447,2018.298,11294.73,9330.088,1974.46,11755.61
9033.519,1955.555,11341.6,9122.623,2033.775,11201.02,9390.545,1982.074,11670.58,9072.902,2018.298,11294.87,9329.959,1974.46,11756.15
9033.196,1955.555,11341.78,9122.458,2033.775,11200.69,9390.425,1982.074,11670.93,9072.542,2018.298,11294.95,9329.862,1974.46,11756.51
9032.602,1955.555,11342.13,9122.132,2033.775,11200.08,9390.156,1982.074,11671.57,9071.869,2018.298,11295.1,9329.66,1974.46,11757.17
9032.212,1955.555,11342.36,9121.904,2033.775,11199.69,9389.993,1982.074,11671.99,9071.424,2018.298,11295.18,9329.556,1974.46,11757.61
9031.327,1955.555,11342.9,9121.355,2033.775,11198.81,9389.607,1982.074,11672.95,9070.403,2018.298,11295.37,9329.284,1974.46,11758.61
9030.929,1955.555,11343.15,9121.094,2033.775,11198.42,9389.447,1982.074,11673.4,9069.939,2018.298,11295.44,9329.146,1974.46,11759.06
9030.127,1955.555,11343.67,9120.538,2033.775,11197.64,9389.136,1982.074,11674.3,9068.997,2018.298,11295.58,9328.963,1974.46,11760
9029.701,1955.555,11343.94,9120.229,2033.775,11197.24,9388.985,1982.074,11674.78,9068.493,2018.298,11295.64,9328.849,1974.46,11760.49
9028.842,1955.555,11344.52,9119.572,2033.775,11196.44,9388.712,1982.074,11675.78,9067.466,2018.298,11295.75,9328.584,1974.46,11761.49
9028.278,1955.555,11344.9,9119.123,2033.775,11195.93,9388.553,1982.074,11676.44,9066.787,2018.298,11295.81,9328.388,1974.46,11762.14
9027.183,1955.555,11345.66,9118.211,2033.775,11194.96,9388.199,1982.074,11677.73,9065.456,2018.298,11295.9,9328.046,1974.46,11763.43
9026.426,1955.555,11346.2,9117.556,2033.775,11194.3,9387.828,1982.074,11678.58,9064.529,2018.298,11295.95,9327.779,1974.46,11764.32
9025.734,1955.555,11346.7,9116.934,2033.775,11193.71,9387.475,1982.074,11679.36,9063.676,2018.298,11295.97,9327.572,1974.46,11765.15
9024.768,1955.555,11347.41,9116.031,2033.775,11192.92,9387.013,1982.074,11680.47,9062.475,2018.298,11295.98,9327.257,1974.46,11766.31
9023.733,1955.555,11348.19,9115.032,2033.775,11192.1,9386.555,1982.074,11681.68,9061.181,2018.298,11295.96,9326.876,1974.46,11767.55
9022.881,1955.555,11348.84,9114.181,2033.775,11191.44,9386.207,1982.074,11682.7,9060.106,2018.298,11295.93,9326.597,1974.46,11768.59
9022.108,1955.555,11349.45,9113.384,2033.775,11190.87,9385.899,1982.074,11683.63,9059.127,2018.298,11295.87,9326.312,1974.46,11769.53
9021.087,1955.555,11350.26,9112.298,2033.775,11190.14,9385.427,1982.074,11684.85,9057.823,2018.298,11295.77,9326.05,1974.46,11770.81
9019.871,1955.555,11351.25,9110.968,2033.775,11189.3,9384.907,1982.074,11686.33,9056.262,2018.298,11295.62,9325.686,1974.46,11772.33
9018.949,1955.555,11352.02,9109.931,2033.775,11188.7,9384.548,1982.074,11687.47,9055.071,2018.298,11295.47,9325.392,1974.46,11773.5
9018.391,1955.555,11352.49,9109.285,2033.775,11188.35,9384.352,1982.074,11688.18,9054.346,2018.298,11295.37,9325.188,1974.46,11774.2
9016.927,1955.555,11353.76,9107.551,2033.775,11187.49,9383.937,1982.074,11690.07,9052.437,2018.298,11295.04,9324.713,1974.46,11776.08
9016.068,1955.555,11354.52,9106.508,2033.775,11187.01,9383.838,1982.074,11691.21,9051.311,2018.298,11294.83,9324.43,1974.46,11777.19
9014.845,1955.555,11355.63,9104.986,2033.775,11186.38,9383.642,1982.074,11692.85,9049.699,2018.298,11294.48,9324.009,1974.46,11778.79
9013.551,1955.555,11356.72,9103.403,2033.775,11185.77,9383.386,1982.074,11694.53,9048.032,2018.298,11294.17,9323.63,1974.46,11780.44
9012.879,1955.555,11357.25,9102.593,2033.775,11185.49,9383.325,1982.074,11695.38,9047.185,2018.298,11294.04,9323.466,1974.46,11781.28
9011.476,1955.555,11358.29,9100.925,2033.775,11184.98,9383.248,1982.074,11697.13,9045.451,2018.298,11293.84,9323.188,1974.46,11783
9010.131,1955.555,11359.21,9099.349,2033.775,11184.55,9383.143,1982.074,11698.75,9043.823,2018.298,11293.71,9322.98,1974.46,11784.62
9009.006,1955.555,11359.94,9098.048,2033.775,11184.24,9383.013,1982.074,11700.08,9042.488,2018.298,11293.64,9322.854,1974.46,11785.95
9007.443,1955.555,11360.87,9096.265,2033.775,11183.88,9382.896,1982.074,11701.9,9040.669,2018.298,11293.61,9322.784,1974.46,11787.77
9006.032,1955.555,11361.65,9094.674,2033.775,11183.61,9382.845,1982.074,11703.51,9039.056,2018.298,11293.63,9322.885,1974.46,11789.38
9004.936,1955.555,11362.21,9093.453,2033.775,11183.44,9382.813,1982.074,11704.74,9037.825,2018.298,11293.69,9322.921,1974.46,11790.61
9002.757,1955.555,11363.24,9091.058,2033.775,11183.2,9382.708,1982.074,11707.15,9035.425,2018.298,11293.88,9322.913,1974.46,11793.02
9002.008,1955.555,11363.56,9090.244,2033.775,11183.14,9382.694,1982.074,11707.96,9034.614,2018.298,11293.97,9322.991,1974.46,11793.83
8999.938,1955.555,11364.38,9088.022,2033.775,11183.06,9382.622,1982.074,11710.19,9032.414,2018.298,11294.3,9323.132,1974.46,11796.05
8998.823,1955.555,11364.77,9086.839,2033.775,11183.05,9382.622,1982.074,11711.37,9031.249,2018.298,11294.51,9323.168,1974.46,11797.23
8996.65,1955.555,11365.47,9084.559,2033.775,11183.12,9382.298,1982.074,11713.63,9029.019,2018.298,11294.99,9323.163,1974.46,11799.52
8995.032,1955.555,11365.92,9082.88,2033.775,11183.22,9382.113,1982.074,11715.3,9027.365,2018.298,11295.29,9323.104,1974.46,11801.2
8993.416,1955.555,11366.33,9081.222,2033.775,11183.38,9381.984,1982.074,11716.96,9025.738,2018.298,11295.65,9322.991,1974.46,11802.86
8991.546,1955.555,11366.73,9079.324,2033.775,11183.62,9381.899,1982.074,11718.87,9023.847,2018.298,11295.93,9323.023,1974.46,11804.77
8989.879,1955.555,11367.05,9077.648,2033.775,11183.89,9381.833,1982.074,11720.57,9022.151,2018.298,11296.01,9322.996,1974.46,11806.47
8987.957,1955.555,11367.35,9075.739,2033.775,11184.26,9381.82,1982.074,11722.51,9020.213,2018.298,11296.18,9322.901,1974.46,11808.41
8985.704,1955.555,11367.63,9073.526,2033.775,11184.77,9381.731,1982.074,11724.78,9017.956,2018.298,11296.42,9322.865,1974.46,11810.68
8984.541,1955.555,11367.74,9072.396,2033.775,11185.07,9381.662,1982.074,11725.95,9016.79,2018.298,11296.49,9322.809,1974.46,11811.85
8982.308,1955.555,11367.96,9070.247,2033.775,11185.71,9381.602,1982.074,11728.19,9014.551,2018.298,11296.35,9322.626,1974.46,11814.08
8980.418,1955.555,11368.08,9068.451,2033.775,11186.31,9381.488,1982.074,11730.08,9012.657,2018.298,11296.29,9322.533,1974.46,11815.97
8978.507,1955.555,11368.14,9066.659,2033.775,11186.98,9381.071,1982.074,11731.95,9010.745,2018.298,11296.3,9322.388,1974.46,11817.88
8976.587,1955.555,11368.14,9064.883,2033.775,11187.71,9380.714,1982.074,11733.83,9008.826,2018.298,11296.36,9322.179,1974.46,11819.79
8974.939,1955.555,11367.97,9063.372,2033.775,11188.38,9380.332,1982.074,11735.45,9007.172,2018.298,11296.44,9321.944,1974.46,11821.43
8972.711,1955.555,11367.82,9061.364,2033.775,11189.36,9379.889,1982.074,11737.63,9004.938,2018.298,11296.47,9321.557,1974.46,11823.63
8971.037,1955.555,11367.7,9059.882,2033.775,11190.15,9379.477,1982.074,11739.26,9003.261,2018.298,11296.43,9321.212,1974.46,11825.27
8968.776,1955.555,11367.61,9057.917,2033.775,11191.27,9378.992,1982.074,11741.47,9001.001,2018.298,11296.31,9320.934,1974.46,11827.52
8966.79,1955.555,11367.68,9056.223,2033.775,11192.31,9378.631,1982.074,11743.43,8999.021,2018.298,11296.14,9320.796,1974.46,11829.5
8964.792,1955.555,11367.77,9054.553,2033.775,11193.41,9378.328,1982.074,11745.4,8997.035,2018.298,11295.91,9320.765,1974.46,11831.5
8962.785,1955.555,11367.79,9052.912,2033.775,11194.56,9378.09,1982.074,11747.39,8995.051,2018.298,11295.61,9320.668,1974.46,11833.5
8961.209,1955.555,11367.76,9051.652,2033.775,11195.51,9377.954,1982.074,11748.96,8993.501,2018.298,11295.33,9320.541,1974.46,11835.07
8958.39,1955.555,11367.61,9049.449,2033.775,11197.28,9377.803,1982.074,11751.78,8990.742,2018.298,11294.73,9320.221,1974.46,11837.88
8957.199,1955.555,11367.5,9048.54,2033.775,11198.05,9377.7,1982.074,11752.97,8989.584,2018.298,11294.44,9320.124,1974.46,11839.07
8954.664,1955.555,11367.2,9046.647,2033.775,11199.77,9377.097,1982.074,11755.46,8987.129,2018.298,11293.73,9320.217,1974.46,11841.62
8952.627,1955.555,11366.88,9045.161,2033.775,11201.19,9376.675,1982.074,11757.47,8985.167,2018.298,11293.1,9320.225,1974.46,11843.68
8950.591,1955.555,11366.5,9043.708,2033.775,11202.67,9376.317,1982.074,11759.51,8983.217,2018.298,11292.41,9320.165,1974.46,11845.75
8948.559,1955.555,11366.05,9042.286,2033.775,11204.19,9376.025,1982.074,11761.57,8981.28,2018.298,11291.64,9320.037,1974.46,11847.83
8946.829,1955.555,11365.61,9041.024,2033.775,11205.45,9375.833,1982.074,11763.35,8979.599,2018.298,11291.04,9319.869,1974.46,11849.61
8943.84,1955.555,11364.74,9038.754,2033.775,11207.58,9375.6,1982.074,11766.45,8976.634,2018.298,11290.1,9319.475,1974.46,11852.69
8943.157,1955.555,11364.57,9038.226,2033.775,11208.05,9375.524,1982.074,11767.15,8975.958,2018.298,11289.9,9319.312,1974.46,11853.38
8940.457,1955.555,11363.81,9036.059,2033.775,11209.83,9375.132,1982.074,11769.93,8973.236,2018.298,11289.22,9318.75,1974.46,11856.13
8939.117,1955.555,11363.45,9034.959,2033.775,11210.67,9374.893,1982.074,11771.29,8971.88,2018.298,11288.93,9318.473,1974.46,11857.49
8935.855,1955.555,11362.61,9032.223,2033.775,11212.63,9374.398,1982.074,11774.63,8968.565,2018.298,11288.33,9317.907,1974.46,11860.81
8934.292,1955.555,11362.15,9030.866,2033.775,11213.54,9374.106,1982.074,11776.23,8966.951,2018.298,11288.1,9317.661,1974.46,11862.42
8932.729,1955.555,11361.74,9029.494,2033.775,11214.4,9373.734,1982.074,11777.81,8965.345,2018.298,11287.91,9317.386,1974.46,11864.01
8929.702,1955.555,11360.98,9026.794,2033.775,11215.96,9372.76,1982.074,11780.77,8962.236,2018.298,11287.66,9317.003,1974.46,11867.11
8928.678,1955.555,11360.76,9025.87,2033.775,11216.45,9372.465,1982.074,11781.77,8961.189,2018.298,11287.61,9316.84,1974.46,11868.14
8925.906,1955.555,11360.26,9023.345,2033.775,11217.7,9371.762,1982.074,11784.5,8958.373,2018.298,11287.57,9316.312,1974.46,11870.91
8924.294,1955.555,11360,9021.858,2033.775,11218.37,9371.406,1982.074,11786.09,8956.741,2018.298,11287.6,9315.953,1974.46,11872.5
8921.943,1955.555,11359.71,9019.671,2033.775,11219.28,9371.033,1982.074,11788.43,8954.374,2018.298,11287.51,9315.509,1974.46,11874.83
8919.866,1955.555,11359.52,9017.72,2033.775,11220.02,9370.66,1982.074,11790.49,8952.288,2018.298,11287.51,9314.94,1974.46,11876.83
8917.964,1955.555,11359.41,9015.916,2033.775,11220.63,9370.259,1982.074,11792.35,8950.384,2018.298,11287.56,9314.481,1974.46,11878.68
8916.119,1955.555,11359.37,9014.15,2033.775,11221.17,9370.118,1982.074,11794.19,8948.542,2018.298,11287.68,9314.096,1974.46,11880.49
8914.33,1955.555,11359.38,9012.423,2033.775,11221.63,9369.924,1982.074,11795.97,8946.761,2018.298,11287.85,9313.779,1974.46,11882.25
8913.123,1955.555,11359.42,9011.247,2033.775,11221.91,9369.888,1982.074,11797.17,8945.563,2018.298,11288,9313.604,1974.46,11883.44
8910.924,1955.555,11359.56,9009.086,2033.775,11222.34,9369.8,1982.074,11799.38,8943.389,2018.298,11288.36,9313.356,1974.46,11885.63
8909.296,1955.555,11359.59,9007.479,2033.775,11222.6,9369.766,1982.074,11801,8941.82,2018.298,11288.79,9313.194,1974.46,11887.25
8907.721,1955.555,11359.66,9005.932,2033.775,11222.9,9369.682,1982.074,11802.58,8940.289,2018.298,11289.17,9313.089,1974.46,11888.83
8906.197,1955.555,11359.79,9004.441,2033.775,11223.24,9369.578,1982.074,11804.1,8938.794,2018.298,11289.48,9313.036,1974.46,11890.35
8904.726,1955.555,11359.95,9003.056,2033.775,11223.77,9369.462,1982.074,11805.58,8937.335,2018.298,11289.74,9313.154,1974.46,11891.83
8903.611,1955.555,11360.12,9001.996,2033.775,11224.15,9369.41,1982.074,11806.7,8936.228,2018.298,11289.94,9313.207,1974.46,11892.96
8902.021,1955.555,11360.41,9000.458,2033.775,11224.65,9369.39,1982.074,11808.32,8934.648,2018.298,11290.29,9313.245,1974.46,11894.57
8900.623,1955.555,11360.71,8999.085,2033.775,11225.04,9369.179,1982.074,11809.73,8933.23,2018.298,11290.46,9313.232,1974.46,11896
8899.339,1955.555,11360.94,8997.819,2033.775,11225.36,9369.028,1982.074,11811.03,8931.941,2018.298,11290.67,9313.178,1974.46,11897.3
8898.413,1955.555,11361.19,8996.895,2033.775,11225.62,9368.916,1982.074,11811.98,8930.999,2018.298,11290.85,9313.129,1974.46,11898.26
8896.683,1955.555,11361.6,8995.204,2033.775,11226.17,9368.766,1982.074,11813.75,8929.265,2018.298,11291.24,9312.98,1974.46,11900.03
8896.138,1955.555,11361.79,8994.648,2033.775,11226.33,9368.78,1982.074,11814.33,8928.705,2018.298,11291.39,9312.913,1974.46,11900.61
8894.726,1955.555,11362.34,8993.188,2033.775,11226.73,9368.769,1982.074,11815.85,8927.254,2018.298,11291.82,9312.787,1974.46,11902.12
8893.673,1955.555,11362.7,8992.084,2033.775,11226.87,9368.866,1982.074,11816.96,8926.165,2018.298,11292.05,9312.628,1974.46,11903.22
8892.787,1955.555,11362.98,8991.169,2033.775,11227.03,9368.917,1982.074,11817.88,8925.26,2018.298,11292.25,9312.525,1974.46,11904.14
8891.307,1955.555,11363.44,8989.648,2033.775,11227.33,9368.952,1982.074,11819.43,8923.756,2018.298,11292.63,9312.397,1974.46,11905.69
8890.983,1955.555,11363.54,8989.318,2033.775,11227.41,9368.948,1982.074,11819.77,8923.43,2018.298,11292.73,9312.381,1974.46,11906.03
8889.725,1955.555,11363.9,8988.056,2033.775,11227.75,9368.898,1982.074,11821.08,8922.221,2018.298,11293.22,9312.237,1974.46,11907.33
8888.815,1955.555,11364.18,8987.128,2033.775,11227.97,9368.89,1982.074,11822.03,8921.327,2018.298,11293.56,9312.164,1974.46,11908.28
8888.103,1955.555,11364.33,8986.425,2033.775,11228.16,9368.919,1982.074,11822.76,8920.637,2018.298,11293.79,9312.132,1974.46,11909
8887.077,1955.555,11364.49,8985.433,2033.775,11228.47,9369.037,1982.074,11823.79,8919.644,2018.298,11294.09,9312.044,1974.46,11910.04
8886.165,1955.555,11364.6,8984.603,2033.775,11228.86,9369.111,1982.074,11824.71,8918.756,2018.298,11294.33,9311.996,1974.46,11910.96
8885.335,1955.555,11364.73,8983.832,2033.775,11229.19,9369.154,1982.074,11825.54,8917.952,2018.298,11294.57,9311.979,1974.46,11911.79
8884.728,1955.555,11364.84,8983.257,2033.775,11229.42,9369.166,1982.074,11826.16,8917.376,2018.298,11294.79,9311.914,1974.46,11912.41
8883.536,1955.555,11365.11,8982.208,2033.775,11230.04,9369.148,1982.074,11827.38,8916.225,2018.298,11295.2,9311.824,1974.46,11913.63
8883.056,1955.555,11365.23,8981.773,2033.775,11230.28,9369.189,1982.074,11827.88,8915.763,2018.298,11295.38,9311.804,1974.46,11914.12
8882.185,1955.555,11365.48,8980.965,2033.775,11230.7,9369.235,1982.074,11828.78,8914.928,2018.298,11295.73,9311.796,1974.46,11915.03
8881.759,1955.555,11365.62,8980.56,2033.775,11230.89,9369.277,1982.074,11829.23,8914.515,2018.298,11295.9,9311.807,1974.46,11915.48
8880.976,1955.555,11365.91,8979.794,2033.775,11231.21,9369.328,1982.074,11830.06,8913.739,2018.298,11296.21,9311.854,1974.46,11916.31
8880.349,1955.555,11366.15,8979.168,2033.775,11231.46,9369.377,1982.074,11830.73,8913.11,2018.298,11296.45,9311.915,1974.46,11916.98
8879.744,1955.555,11366.4,8978.553,2033.775,11231.68,9369.445,1982.074,11831.38,8912.497,2018.298,11296.67,9311.952,1974.46,11917.63
8879.29,1955.555,11366.6,8978.081,2033.775,11231.84,9369.497,1982.074,11831.87,8912.03,2018.298,11296.84,9311.95,1974.46,11918.13
8878.644,1955.555,11366.9,8977.397,2033.775,11232.04,9369.574,1982.074,11832.58,8911.358,2018.298,11297.08,9311.916,1974.46,11918.84
8878.045,1955.555,11367.19,8976.753,2033.775,11232.21,9369.625,1982.074,11833.25,8910.729,2018.298,11297.29,9311.905,1974.46,11919.5
8877.39,1955.555,11367.52,8976.035,2033.775,11232.37,9369.657,1982.074,11833.98,8910.029,2018.298,11297.52,9311.918,1974.46,11920.24
8877.096,1955.555,11367.68,8975.707,2033.775,11232.43,9369.661,1982.074,11834.32,8909.712,2018.298,11297.62,9311.935,1974.46,11920.58
8876.267,1955.555,11368.15,8974.768,2033.775,11232.58,9369.702,1982.074,11835.27,8908.804,2018.298,11297.91,9311.951,1974.46,11921.53
8875.588,1955.555,11368.54,8973.987,2033.775,11232.69,9369.801,1982.074,11836.05,8908.051,2018.298,11298.13,9311.99,1974.46,11922.31
8874.873,1955.555,11368.98,8973.153,2033.775,11232.77,9369.879,1982.074,11836.88,8907.247,2018.298,11298.37,9312.06,1974.46,11923.15
8874.318,1955.555,11369.34,8972.496,2033.775,11232.81,9369.919,1982.074,11837.54,8906.614,2018.298,11298.55,9312.136,1974.46,11923.8
8873.358,1955.555,11369.98,8971.344,2033.775,11232.85,9369.987,1982.074,11838.69,8905.503,2018.298,11298.86,9312.231,1974.46,11924.95
8872.557,1955.555,11370.53,8970.369,2033.775,11232.86,9370.076,1982.074,11839.66,8904.562,2018.298,11299.11,9312.28,1974.46,11925.93
8871.735,1955.555,11371.12,8969.357,2033.775,11232.83,9370.201,1982.074,11840.67,8903.583,2018.298,11299.37,9312.298,1974.46,11926.94
8871.067,1955.555,11371.62,8968.525,2033.775,11232.78,9370.331,1982.074,11841.49,8902.775,2018.298,11299.57,9312.285,1974.46,11927.77
8870.074,1955.555,11372.39,8967.275,2033.775,11232.66,9370.567,1982.074,11842.72,8901.557,2018.298,11299.87,9312.226,1974.46,11929.03
8869.131,1955.555,11373.14,8966.077,2033.775,11232.51,9370.833,1982.074,11843.9,8900.382,2018.298,11300.15,9312.13,1974.46,11930.23
8868.226,1955.555,11373.89,8964.916,2033.775,11232.33,9371.129,1982.074,11845.04,8899.237,2018.298,11300.41,9311.999,1974.46,11931.4
8867.507,1955.555,11374.44,8964.024,2033.775,11232.15,9371.329,1982.074,11845.92,8898.359,2018.298,11300.64,9311.927,1974.46,11932.3
8866.04,1955.555,11375.5,8962.259,2033.775,11231.76,9371.669,1982.074,11847.7,8896.624,2018.298,11301.16,9311.843,1974.46,11934.11
8865.519,1955.555,11375.86,8961.65,2033.775,11231.6,9371.767,1982.074,11848.32,8896.027,2018.298,11301.35,9311.834,1974.46,11934.74
8864.066,1955.555,11376.77,8960.005,2033.775,11231.12,9371.978,1982.074,11850.02,8894.417,2018.298,11301.94,9311.866,1974.46,11936.45
8862.961,1955.555,11377.41,8958.79,2033.775,11230.72,9372.153,1982.074,11851.29,8893.229,2018.298,11302.42,9311.933,1974.46,11937.73
8861.452,1955.555,11378.23,8957.145,2033.775,11230.23,9372.333,1982.074,11853,8891.618,2018.298,11303,9312.077,1974.46,11939.44
8860.297,1955.555,11378.8,8955.895,2033.775,11229.91,9372.426,1982.074,11854.28,8890.392,2018.298,11303.41,9312,1974.46,11940.73
8859.58,1955.555,11379.13,8955.125,2033.775,11229.74,9372.457,1982.074,11855.07,8889.635,2018.298,11303.63,9311.927,1974.46,11941.51
8857.665,1955.555,11379.93,8953.084,2033.775,11229.35,9372.471,1982.074,11857.15,8887.623,2018.298,11304.14,9311.803,1974.46,11943.59
8856.516,1955.555,11380.37,8951.868,2033.775,11229.17,9372.519,1982.074,11858.38,8886.422,2018.298,11304.41,9311.608,1974.46,11944.8
8854.955,1955.555,11381,8950.2,2033.775,11228.96,9372.529,1982.074,11860.06,8884.77,2018.298,11304.72,9311.396,1974.46,11946.47
8853.711,1955.555,11381.45,8948.882,2033.775,11228.85,9372.494,1982.074,11861.38,8883.462,2018.298,11304.92,9311.203,1974.46,11947.78
8851.486,1955.555,11382.17,8946.545,2033.775,11228.71,9372.355,1982.074,11863.72,8881.201,2018.298,11305.52,9310.937,1974.46,11950.1
8850.975,1955.555,11382.32,8946.013,2033.775,11228.7,9372.348,1982.074,11864.25,8880.683,2018.298,11305.64,9310.894,1974.46,11950.63
8848.891,1955.555,11382.85,8943.861,2033.775,11228.72,9372.247,1982.074,11866.4,8878.572,2018.298,11306.06,9310.496,1974.46,11952.75
8847.845,1955.555,11383.08,8942.791,2033.775,11228.76,9372.162,1982.074,11867.46,8877.516,2018.298,11306.24,9310.333,1974.46,11953.81
8845.613,1955.555,11383.85,8940.436,2033.775,11228.91,9371.897,1982.074,11869.81,8875.175,2018.298,11306.54,9310.05,1974.46,11956.15
8843.805,1955.555,11384.41,8938.543,2033.775,11228.86,9371.831,1982.074,11871.7,8873.307,2018.298,11306.85,9309.746,1974.46,11958.02
8842.798,1955.555,11384.71,8937.493,2033.775,11228.86,9371.76,1982.074,11872.75,8872.266,2018.298,11306.99,9309.611,1974.46,11959.06
8840.798,1955.555,11385.23,8935.429,2033.775,11228.93,9371.692,1982.074,11874.81,8870.205,2018.298,11307.14,9309.141,1974.46,11961.07
8839.516,1955.555,11385.52,8934.118,2033.775,11229.02,9371.606,1982.074,11876.13,8868.899,2018.298,11307.28,9308.884,1974.46,11962.36
8836.995,1955.555,11386,8931.554,2033.775,11228.91,9371.354,1982.074,11878.68,8866.358,2018.298,11307.64,9308.464,1974.46,11964.89
8836.161,1955.555,11386.26,8930.678,2033.775,11228.91,9371.24,1982.074,11879.55,8865.487,2018.298,11307.74,9308.301,1974.46,11965.75
8833.898,1955.555,11386.91,8928.329,2033.775,11228.77,9370.973,1982.074,11881.88,8863.136,2018.298,11307.8,9307.938,1974.46,11968.07
8832.677,1955.555,11387.21,8927.07,2033.775,11228.74,9370.877,1982.074,11883.14,8861.879,2018.298,11307.87,9307.667,1974.46,11969.3
8830.331,1955.555,11387.72,8924.683,2033.775,11228.5,9370.616,1982.074,11885.53,8859.489,2018.298,11308.09,9307.228,1974.46,11971.66
8828.624,1955.555,11388.18,8922.919,2033.775,11228.38,9370.564,1982.074,11887.29,8857.726,2018.298,11308.22,9306.961,1974.46,11973.41
8826.375,1955.555,11388.71,8920.61,2033.775,11228.3,9370.54,1982.074,11889.6,8855.415,2018.298,11308.22,9306.688,1974.46,11975.71
8825.234,1955.555,11388.93,8919.447,2033.775,11228.28,9370.489,1982.074,11890.77,8854.253,2018.298,11308.26,9306.489,1974.46,11976.85
8822.994,1955.555,11389.31,8917.177,2033.775,11228.29,9370.316,1982.074,11893.03,8851.987,2018.298,11308.41,9306.177,1974.46,11979.1
8821.097,1955.555,11389.56,8915.269,2033.775,11228.15,9370.108,1982.074,11894.93,8850.079,2018.298,11308.56,9305.976,1974.46,11981
8819.846,1955.555,11389.68,8914.013,2033.775,11228.09,9369.896,1982.074,11896.17,8848.832,2018.298,11308.72,9305.805,1974.46,11982.25
8817.254,1955.555,11390.03,8911.398,2033.775,11228.06,9369.537,1982.074,11898.76,8846.229,2018.298,11308.97,9305.365,1974.46,11984.83
8815.311,1955.555,11390.22,8909.446,2033.775,11228.1,9369.207,1982.074,11900.69,8844.28,2018.298,11309.09,9305.101,1974.46,11986.76
8813.366,1955.555,11390.35,8907.5,2033.775,11228.2,9368.94,1982.074,11902.62,8842.364,2018.298,11309.44,9305.023,1974.46,11988.71
8811.49,1955.555,11390.53,8905.622,2033.775,11228.37,9368.743,1982.074,11904.49,8840.501,2018.298,11309.73,9304.887,1974.46,11990.59
8809.675,1955.555,11390.77,8903.804,2033.775,11228.58,9368.611,1982.074,11906.32,8838.683,2018.298,11309.95,9304.694,1974.46,11992.41
8808.539,1955.555,11391.06,8902.647,2033.775,11228.76,9368.604,1982.074,11907.49,8837.513,2018.298,11309.92,9304.609,1974.46,11993.58
8806.143,1955.555,11391.57,8900.214,2033.775,11229.05,9368.511,1982.074,11909.94,8835.062,2018.298,11309.95,9304.512,1974.46,11996.02
8804.797,1955.555,11391.81,8898.852,2033.775,11229.17,9368.552,1982.074,11911.3,8833.695,2018.298,11310.01,9304.249,1974.46,11997.37
8803.096,1955.555,11392.06,8897.154,2033.775,11229.44,9368.547,1982.074,11913.02,8831.977,2018.298,11309.96,9303.974,1974.46,11999.06
8801.635,1955.555,11392.23,8895.696,2033.775,11229.63,9368.494,1982.074,11914.49,8830.506,2018.298,11309.96,9303.786,1974.46,12000.52
8799.453,1955.555,11392.4,8893.518,2033.775,11229.84,9368.345,1982.074,11916.68,8828.318,2018.298,11309.93,9303.507,1974.46,12002.69
8798.964,1955.555,11392.42,8893.031,2033.775,11229.9,9368.295,1982.074,11917.16,8827.829,2018.298,11309.9,9303.46,1974.46,12003.18
8797.064,1955.555,11392.45,8891.139,2033.775,11230.06,9368.165,1982.074,11919.06,8825.93,2018.298,11309.87,9303.502,1974.46,12005.08
8795.684,1955.555,11392.43,8889.76,2033.775,11230.14,9368.115,1982.074,11920.44,8824.549,2018.298,11309.9,9303.592,1974.46,12006.46
8794.628,1955.555,11392.43,8888.704,2033.775,11230.16,9368.112,1982.074,11921.49,8823.494,2018.298,11309.94,9303.626,1974.46,12007.51
8793.133,1955.555,11392.33,8887.208,2033.775,11230.24,9368.156,1982.074,11922.99,8822.005,2018.298,11310.1,9303.625,1974.46,12009.01
8791.801,1955.555,11392.29,8885.877,2033.775,11230.16,9368.152,1982.074,11924.32,8820.676,2018.298,11310.2,9303.668,1974.46,12010.34
8790.588,1955.555,11392.29,8884.665,2033.775,11230.12,9368.188,1982.074,11925.54,8819.464,2018.298,11310.26,9303.749,1974.46,12011.55
8789.694,1955.555,11392.32,8883.771,2033.775,11230.12,9368.244,1982.074,11926.43,8818.578,2018.298,11310.38,9303.826,1974.46,12012.44
8788.039,1955.555,11392.43,8882.113,2033.775,11230.18,9368.2,1982.074,11928.09,8816.93,2018.298,11310.57,9304.086,1974.46,12014.08
8787.403,1955.555,11392.49,8881.476,2033.775,11230.23,9368.204,1982.074,11928.73,8816.293,2018.298,11310.61,9304.165,1974.46,12014.71
8786.159,1955.555,11392.57,8880.235,2033.775,11230.36,9368.253,1982.074,11929.97,8815.05,2018.298,11310.71,9304.312,1974.46,12015.95
8785.062,1955.555,11392.46,8879.135,2033.775,11230.43,9368.281,1982.074,11931.07,8813.953,2018.298,11310.83,9304.405,1974.46,12017.05
8784.057,1955.555,11392.4,8878.133,2033.775,11230.53,9368.34,1982.074,11932.08,8812.956,2018.298,11310.97,9304.479,1974.46,12018.06
8783.081,1955.555,11392.37,8877.165,2033.775,11230.67,9368.294,1982.074,11933.05,8811.995,2018.298,11311.14,9304.62,1974.46,12019.02
8781.814,1955.555,11392.36,8875.916,2033.775,11230.88,9368.276,1982.074,11934.32,8810.742,2018.298,11311.33,9304.762,1974.46,12020.28
8781.396,1955.555,11392.38,8875.5,2033.775,11230.93,9368.284,1982.074,11934.74,8810.325,2018.298,11311.37,9304.795,1974.46,12020.7
8780.334,1955.555,11392.45,8874.441,2033.775,11231.04,9368.339,1982.074,11935.8,8809.275,2018.298,11311.55,9304.997,1974.46,12021.74
8779.478,1955.555,11392.53,8873.589,2033.775,11231.16,9368.388,1982.074,11936.66,8808.434,2018.298,11311.73,9305.133,1974.46,12022.59
8778.65,1955.555,11392.63,8872.759,2033.775,11231.24,9368.462,1982.074,11937.49,8807.617,2018.298,11311.89,9305.237,1974.46,12023.42
8777.888,1955.555,11392.75,8871.989,2033.775,11231.3,9368.556,1982.074,11938.26,8806.861,2018.298,11312.05,9305.31,1974.46,12024.19
8777.16,1955.555,11392.88,8871.251,2033.775,11231.33,9368.669,1982.074,11938.99,8806.137,2018.298,11312.19,9305.354,1974.46,12024.92
8776.335,1955.555,11393.04,8870.409,2033.775,11231.33,9368.825,1982.074,11939.82,8805.311,2018.298,11312.35,9305.378,1974.46,12025.77
8775.721,1955.555,11393.18,8869.779,2033.775,11231.31,9368.963,1982.074,11940.43,8804.691,2018.298,11312.46,9305.375,1974.46,12026.4
8774.699,1955.555,11393.44,8868.727,2033.775,11231.25,9369.226,1982.074,11941.45,8803.655,2018.298,11312.66,9305.337,1974.46,12027.45
8774.479,1955.555,11393.5,8868.498,2033.775,11231.23,9369.29,1982.074,11941.67,8803.43,2018.298,11312.7,9305.321,1974.46,12027.68
8773.626,1955.555,11393.76,8867.613,2033.775,11231.13,9369.568,1982.074,11942.52,8802.552,2018.298,11312.85,9305.23,1974.46,12028.57
8773.01,1955.555,11393.97,8866.971,2033.775,11231.03,9369.791,1982.074,11943.13,8801.912,2018.298,11312.96,9305.144,1974.46,12029.21
8772.549,1955.555,11394.13,8866.489,2033.775,11230.93,9369.974,1982.074,11943.58,8801.43,2018.298,11313.05,9305.063,1974.46,12029.69
8771.89,1955.555,11394.39,8865.799,2033.775,11230.78,9370.259,1982.074,11944.23,8800.732,2018.298,11313.16,9304.923,1974.46,12030.39
8771.313,1955.555,11394.63,8865.193,2033.775,11230.63,9370.529,1982.074,11944.79,8800.116,2018.298,11313.26,9304.78,1974.46,12031
8770.863,1955.555,11394.83,8864.722,2033.775,11230.49,9370.757,1982.074,11945.23,8799.631,2018.298,11313.34,9304.652,1974.46,12031.47
8770.287,1955.555,11395.1,8864.116,2033.775,11230.29,9371.069,1982.074,11945.79,8799.002,2018.298,11313.44,9304.467,1974.46,12032.08
8769.876,1955.555,11395.3,8863.685,2033.775,11230.13,9371.308,1982.074,11946.18,8798.549,2018.298,11313.51,9304.319,1974.46,12032.51
8769.348,1955.555,11395.58,8863.13,2033.775,11229.91,9371.634,1982.074,11946.68,8797.959,2018.298,11313.6,9304.109,1974.46,12033.07
8768.972,1955.555,11395.79,8862.735,2033.775,11229.74,9371.881,1982.074,11947.03,8797.533,2018.298,11313.66,9303.945,1974.46,12033.47
8768.487,1955.555,11396.07,8862.229,2033.775,11229.5,9372.218,1982.074,11947.48,8796.979,2018.298,11313.74,9303.715,1974.46,12033.98
8768.084,1955.555,11396.32,8861.809,2033.775,11229.28,9372.514,1982.074,11947.85,8796.511,2018.298,11313.81,9303.507,1974.46,12034.41
8767.794,1955.555,11396.51,8861.508,2033.775,11229.11,9372.738,1982.074,11948.11,8796.169,2018.298,11313.86,9303.346,1974.46,12034.71
8767.333,1955.555,11396.82,8861.031,2033.775,11228.82,9373.114,1982.074,11948.52,8795.618,2018.298,11313.94,9303.071,1974.46,12035.2
8766.981,1955.555,11397.07,8860.669,2033.775,11228.59,9373.416,1982.074,11948.83,8795.191,2018.298,11313.99,9302.847,1974.46,12035.56
8766.648,1955.555,11397.31,8860.328,2033.775,11228.35,9373.716,1982.074,11949.12,8794.78,2018.298,11314.05,9302.621,1974.46,12035.91
8766.426,1955.555,11397.49,8860.103,2033.775,11228.18,9373.926,1982.074,11949.3,8794.501,2018.298,11314.09,9302.473,1974.46,12036.15
8766.024,1955.555,11397.81,8859.699,2033.775,11227.86,9374.32,1982.074,11949.64,8793.99,2018.298,11314.15,9302.188,1974.46,12036.58
8765.747,1955.555,11398.04,8859.424,2033.775,11227.63,9374.604,1982.074,11949.86,8793.632,2018.298,11314.2,9301.98,1974.46,12036.88
8765.367,1955.555,11398.37,8859.051,2033.775,11227.29,9375.011,1982.074,11950.16,8793.133,2018.298,11314.26,9301.681,1974.46,12037.28
8765.055,1955.555,11398.66,8858.747,2033.775,11227,9375.359,1982.074,11950.4,8792.714,2018.298,11314.31,9301.422,1974.46,12037.62
8764.855,1955.555,11398.84,8858.557,2033.775,11226.8,9375.59,1982.074,11950.54,8792.442,2018.298,11314.35,9301.259,1974.46,12037.83
8764.283,1955.555,11399.4,8858.02,2033.775,11226.21,9376.277,1982.074,11950.95,8791.648,2018.298,11314.44,9300.795,1974.46,12038.49
8763.922,1955.555,11399.77,8857.687,2033.775,11225.82,9376.728,1982.074,11951.2,8791.139,2018.298,11314.5,9300.508,1974.46,12038.91
8763.431,1955.555,11400.28,8857.209,2033.775,11225.29,9377.339,1982.074,11951.56,8790.431,2018.298,11314.56,9300.127,1974.46,12039.51
8762.968,1955.555,11400.78,8856.733,2033.775,11224.8,9377.915,1982.074,11951.93,8789.749,2018.298,11314.61,9299.778,1974.46,12040.1
8762.422,1955.555,11401.4,8856.144,2033.775,11224.23,9378.592,1982.074,11952.39,8788.929,2018.298,11314.64,9299.382,1974.46,12040.82
8761.916,1955.555,11401.98,8855.569,2033.775,11223.7,9379.217,1982.074,11952.85,8788.153,2018.298,11314.65,9299.028,1974.46,12041.51
8761.104,1955.555,11402.96,8854.601,2033.775,11222.88,9380.216,1982.074,11953.64,8786.883,2018.298,11314.63,9298.486,1974.46,12042.66
8760.912,1955.555,11403.2,8854.361,2033.775,11222.69,9380.45,1982.074,11953.84,8786.577,2018.298,11314.62,9298.364,1974.46,12042.94
8760.096,1955.555,11404.18,8853.336,2033.775,11221.93,9381.401,1982.074,11954.69,8785.301,2018.298,11314.56,9297.895,1974.46,12044.13
8759.671,1955.555,11404.67,8852.801,2033.775,11221.56,9381.9,1982.074,11955.11,8784.65,2018.298,11314.53,9297.636,1974.46,12044.73
8758.735,1955.555,11405.72,8851.62,2033.775,11220.79,9383.006,1982.074,11955.98,8783.246,2018.298,11314.47,9297.034,1974.46,12046
8757.998,1955.555,11406.52,8850.689,2033.775,11220.23,9383.882,1982.074,11956.62,8782.161,2018.298,11314.42,9296.537,1974.46,12046.96
8757.381,1955.555,11407.16,8849.912,2033.775,11219.8,9384.616,1982.074,11957.12,8781.272,2018.298,11314.38,9296.104,1974.46,12047.74
8756.243,1955.555,11408.3,8848.481,2033.775,11219.06,9385.974,1982.074,11957.99,8779.665,2018.298,11314.3,9295.276,1974.46,12049.12
8755.52,1955.555,11409,8847.575,2033.775,11218.63,9386.837,1982.074,11958.5,8778.663,2018.298,11314.25,9294.732,1974.46,12049.97
8754.928,1955.555,11409.54,8846.838,2033.775,11218.3,9387.543,1982.074,11958.89,8777.859,2018.298,11314.21,9294.274,1974.46,12050.63
8753.645,1955.555,11410.68,8845.248,2033.775,11217.67,9389.069,1982.074,11959.66,8776.15,2018.298,11314.13,9293.254,1974.46,12052
8752.646,1955.555,11411.52,8844.02,2033.775,11217.22,9390.253,1982.074,11960.22,8774.846,2018.298,11314.06,9292.441,1974.46,12053.03
8751.823,1955.555,11412.18,8843.014,2033.775,11216.89,9391.226,1982.074,11960.63,8773.79,2018.298,11314.01,9291.757,1974.46,12053.83
8750.321,1955.555,11413.34,8841.194,2033.775,11216.37,9392.991,1982.074,11961.32,8771.898,2018.298,11313.92,9290.484,1974.46,12055.24
8749.661,1955.555,11413.82,8840.402,2033.775,11216.16,9393.763,1982.074,11961.59,8771.082,2018.298,11313.88,9289.916,1974.46,12055.82
8747.954,1955.555,11415,8838.372,2033.775,11215.71,9395.746,1982.074,11962.22,8769.006,2018.298,11313.78,9288.421,1974.46,12057.27
8747.238,1955.555,11415.48,8837.529,2033.775,11215.56,9396.572,1982.074,11962.45,8768.149,2018.298,11313.74,9287.785,1974.46,12057.84
8745.793,1955.555,11416.38,8835.845,2033.775,11215.3,9398.228,1982.074,11962.86,8766.448,2018.298,11313.66,9286.485,1974.46,12058.95
8743.95,1955.555,11417.45,8833.73,2033.775,11215.04,9400.312,1982.074,11963.29,8764.325,2018.298,11313.49,9284.816,1974.46,12060.27
8743.497,1955.555,11417.69,8833.218,2033.775,11215,9400.818,1982.074,11963.38,8763.813,2018.298,11313.44,9284.403,1974.46,12060.58
8741.633,1955.555,11418.61,8831.141,2033.775,11214.88,9402.878,1982.074,11963.68,8761.754,2018.298,11313.14,9282.691,1974.46,12061.76
8739.675,1955.555,11419.5,8828.99,2033.775,11214.83,9405.016,1982.074,11963.92,8759.636,2018.298,11312.76,9280.883,1974.46,12062.92
8738.992,1955.555,11419.79,8828.251,2033.775,11214.83,9405.753,1982.074,11963.97,8758.912,2018.298,11312.61,9280.248,1974.46,12063.3
8737.16,1955.555,11420.48,8826.294,2033.775,11214.92,9407.71,1982.074,11964.06,8757.01,2018.298,11312.14,9278.535,1974.46,12064.26
8735.586,1955.555,11421.02,8824.635,2033.775,11215.04,9409.373,1982.074,11964.08,8755.408,2018.298,11311.69,9277.056,1974.46,12065.02
8734.54,1955.555,11421.34,8823.547,2033.775,11215.15,9410.467,1982.074,11964.05,8754.365,2018.298,11311.36,9276.066,1974.46,12065.48
8732.208,1955.555,11421.97,8821.154,2033.775,11215.48,9412.879,1982.074,11963.92,8752.087,2018.298,11310.56,9273.851,1974.46,12066.44
8730.827,1955.555,11422.29,8819.756,2033.775,11215.72,9414.292,1982.074,11963.8,8750.765,2018.298,11310.05,9272.531,1974.46,12066.96
8728.934,1955.555,11422.67,8817.864,2033.775,11216.11,9416.209,1982.074,11963.57,8748.988,2018.298,11309.29,9270.713,1974.46,12067.61
8727.194,1955.555,11422.96,8816.149,2033.775,11216.52,9417.952,1982.074,11963.3,8747.39,2018.298,11308.55,9269.034,1974.46,12068.15
8725.426,1955.555,11423.2,8814.429,2033.775,11216.99,9419.705,1982.074,11962.98,8745.798,2018.298,11307.75,9267.318,1974.46,12068.64
8723.635,1955.555,11423.38,8812.708,2033.775,11217.52,9421.463,1982.074,11962.59,8744.218,2018.298,11306.88,9265.572,1974.46,12069.08
8721.737,1955.555,11423.5,8810.909,2033.775,11218.14,9423.306,1982.074,11962.12,8742.579,2018.298,11305.92,9263.713,1974.46,12069.48
8719.61,1955.555,11423.58,8808.919,2033.775,11218.89,9425.349,1982.074,11961.52,8740.782,2018.298,11304.78,9261.619,1974.46,12069.86
8718.527,1955.555,11423.58,8807.919,2033.775,11219.3,9426.378,1982.074,11961.19,8739.887,2018.298,11304.17,9260.548,1974.46,12070.02
8715.954,1955.555,11423.5,8805.573,2033.775,11220.37,9428.798,1982.074,11960.31,8737.806,2018.298,11302.65,9257.99,1974.46,12070.31
8714.392,1955.555,11423.4,8804.126,2033.775,11220.96,9430.251,1982.074,11959.72,8736.511,2018.298,11301.77,9256.43,1974.46,12070.44
8712.499,1955.555,11423.22,8802.346,2033.775,11221.63,9431.991,1982.074,11958.96,8734.904,2018.298,11300.76,9254.53,1974.46,12070.53
8710.698,1955.555,11422.98,8800.626,2033.775,11222.22,9433.629,1982.074,11958.17,8733.339,2018.298,11299.84,9252.715,1974.46,12070.56
8708.908,1955.555,11422.69,8798.89,2033.775,11222.74,9435.238,1982.074,11957.34,8731.746,2018.298,11298.97,9250.901,1974.46,12070.53
8706.804,1955.555,11422.27,8796.817,2033.775,11223.29,9437.107,1982.074,11956.29,8729.83,2018.298,11298,9248.76,1974.46,12070.42
8704.901,1955.555,11421.83,8794.915,2033.775,11223.74,9438.777,1982.074,11955.28,8728.058,2018.298,11297.18,9246.813,1974.46,12070.26
8703.004,1955.555,11421.33,8792.989,2033.775,11224.12,9440.422,1982.074,11954.2,8726.25,2018.298,11296.42,9244.863,1974.46,12070.04
8701.109,1955.555,11420.76,8791.037,2033.775,11224.44,9442.043,1982.074,11953.07,8724.404,2018.298,11295.71,9242.906,1974.46,12069.74
8699.616,1955.555,11420.25,8789.475,2033.775,11224.65,9443.304,1982.074,11952.12,8722.916,2018.298,11295.19,9241.355,1974.46,12069.46
8697.474,1955.555,11419.45,8787.197,2033.775,11224.87,9445.089,1982.074,11950.69,8720.732,2018.298,11294.51,9239.119,1974.46,12068.98
8695.498,1955.555,11418.64,8785.064,2033.775,11225.01,9446.712,1982.074,11949.3,8718.673,2018.298,11293.94,9237.047,1974.46,12068.46
8693.652,1955.555,11417.8,8783.04,2033.775,11225.07,9448.206,1982.074,11947.94,8716.704,2018.298,11293.46,9235.1,1974.46,12067.9
8691.83,1955.555,11416.91,8781.01,2033.775,11225.07,9449.658,1982.074,11946.52,8714.716,2018.298,11293.05,9233.167,1974.46,12067.28
8690.025,1955.555,11415.95,8778.966,2033.775,11225,9451.073,1982.074,11945.04,8712.701,2018.298,11292.7,9231.242,1974.46,12066.59
8688.249,1955.555,11414.93,8776.921,2033.775,11224.87,9452.442,1982.074,11943.51,8710.672,2018.298,11292.42,9229.337,1974.46,12065.83
8686.754,1955.555,11414,8775.162,2033.775,11224.85,9453.573,1982.074,11942.17,8708.925,2018.298,11292.21,9227.724,1974.46,12065.13
8684.193,1955.555,11412.29,8772.089,2033.775,11224.73,9455.474,1982.074,11939.75,8705.859,2018.298,11291.96,9224.943,1974.46,12063.82
8683.629,1955.555,11411.89,8771.397,2033.775,11224.68,9455.884,1982.074,11939.19,8705.167,2018.298,11291.92,9224.326,1974.46,12063.5
8681.008,1955.555,11409.89,8768.108,2033.775,11224.42,9457.748,1982.074,11936.47,8701.879,2018.298,11292.19,9221.443,1974.46,12061.9
8679.151,1955.555,11408.37,8765.713,2033.775,11224.31,9459.038,1982.074,11934.45,8699.483,2018.298,11292.31,9219.387,1974.46,12060.66
8678.113,1955.555,11407.46,8764.334,2033.775,11224.29,9459.741,1982.074,11933.26,8698.104,2018.298,11292.33,9218.228,1974.46,12059.92
8676.908,1955.555,11406.34,8762.688,2033.775,11224.21,9460.535,1982.074,11931.82,8696.456,2018.298,11292.3,9216.872,1974.46,12058.98
8675.394,1955.555,11404.83,8760.56,2033.775,11223.99,9461.503,1982.074,11929.91,8694.32,2018.298,11292.2,9215.155,1974.46,12057.7
8674.112,1955.555,11403.46,8758.692,2033.775,11223.87,9462.295,1982.074,11928.21,8692.449,2018.298,11292.14,9213.689,1974.46,12056.54
8672.913,1955.555,11402.1,8756.878,2033.775,11223.8,9463.009,1982.074,11926.54,8690.638,2018.298,11292.03,9212.306,1974.46,12055.36
8671.792,1955.555,11400.74,8755.119,2033.775,11223.68,9463.648,1982.074,11924.9,8688.906,2018.298,11291.7,9211,1974.46,12054.18
8670.753,1955.555,11399.39,8753.425,2033.775,11223.51,9464.215,1982.074,11923.29,8687.224,2018.298,11291.43,9209.776,1974.46,12053
8669.788,1955.555,11398.05,8751.774,2033.775,11223.45,9464.713,1982.074,11921.72,8685.589,2018.298,11291.2,9208.628,1974.46,12051.81
8668.896,1955.555,11396.72,8750.172,2033.775,11223.44,9465.146,1982.074,11920.17,8683.996,2018.298,11291.02,9207.552,1974.46,12050.62
8668.073,1955.555,11395.4,8748.62,2033.775,11223.38,9465.516,1982.074,11918.67,8682.448,2018.298,11290.9,9206.548,1974.46,12049.44
8667.548,1955.555,11394.49,8747.574,2033.775,11223.31,9465.731,1982.074,11917.64,8681.401,2018.298,11290.86,9205.896,1974.46,12048.61
8666.628,1955.555,11392.82,8745.663,2033.775,11223.25,9466.064,1982.074,11915.76,8679.489,2018.298,11290.83,9204.549,1974.46,12047.26
8666.008,1955.555,11391.62,8744.322,2033.775,11223.14,9466.255,1982.074,11914.43,8678.145,2018.298,11290.84,9203.627,1974.46,12046.28
8665.439,1955.555,11390.47,8743.036,2033.775,11223.07,9466.396,1982.074,11913.15,8676.857,2018.298,11290.89,9202.775,1974.46,12045.31
8664.816,1955.555,11389.13,8741.563,2033.775,11222.97,9466.509,1982.074,11911.67,8675.384,2018.298,11290.99,9201.835,1974.46,12044.17
8664.275,1955.555,11387.9,8740.221,2033.775,11222.93,9466.568,1982.074,11910.33,8674.047,2018.298,11291.11,9200.869,1974.46,12043.24
8663.881,1955.555,11386.96,8739.195,2033.775,11222.93,9466.58,1982.074,11909.31,8673.028,2018.298,11291.23,9200.109,1974.46,12042.55
8663.134,1955.555,11385.06,8737.161,2033.775,11222.99,9466.537,1982.074,11907.27,8671.015,2018.298,11291.52,9198.647,1974.46,12041.14
8662.887,1955.555,11384.4,8736.456,2033.775,11223.03,9466.499,1982.074,11906.57,8670.318,2018.298,11291.64,9198.156,1974.46,12040.63
8662.254,1955.555,11382.62,8734.563,2033.775,11223.15,9466.335,1982.074,11904.68,8668.458,2018.298,11292,9196.824,1974.46,12039.28
8661.925,1955.555,11381.64,8733.534,2033.775,11223.25,9466.212,1982.074,11903.65,8667.449,2018.298,11292.23,9196.122,1974.46,12038.52
8661.164,1955.555,11379.25,8731.049,2033.775,11223.57,9465.832,1982.074,11901.17,8665.018,2018.298,11292.83,9194.283,1974.46,12036.82
8660.929,1955.555,11378.59,8730.355,2033.775,11223.68,9465.703,1982.074,11900.48,8664.331,2018.298,11292.98,9193.764,1974.46,12036.34
8660.244,1955.555,11376.84,8728.517,2033.775,11224.04,9465.299,1982.074,11898.65,8662.486,2018.298,11293.31,9192.419,1974.46,12035.04
8659.614,1955.555,11375.38,8726.945,2033.775,11224.3,9464.904,1982.074,11897.11,8660.911,2018.298,11293.54,9191.313,1974.46,12033.89
8658.929,1955.555,11373.92,8725.347,2033.775,11224.51,9464.454,1982.074,11895.56,8659.309,2018.298,11293.73,9190.232,1974.46,12032.7
8658.339,1955.555,11372.77,8724.057,2033.775,11224.63,9464.052,1982.074,11894.33,8658.017,2018.298,11293.83,9189.302,1974.46,12031.79
8657.419,1955.555,11371.1,8722.159,2033.775,11224.75,9463.402,1982.074,11892.55,8656.118,2018.298,11293.92,9187.953,1974.46,12030.46
8656.503,1955.555,11369.57,8720.371,2033.775,11224.8,9462.737,1982.074,11890.89,8654.33,2018.298,11293.95,9186.662,1974.46,12029.22
8655.72,1955.555,11368.35,8718.92,2033.775,11224.81,9462.153,1982.074,11889.56,8652.879,2018.298,11293.92,9185.578,1974.46,12028.25
8654.598,1955.555,11366.72,8716.941,2033.775,11224.75,9461.299,1982.074,11887.77,8650.902,2018.298,11293.82,9184.144,1974.46,12026.89
8653.563,1955.555,11365.31,8715.201,2033.775,11224.65,9460.495,1982.074,11886.23,8649.165,2018.298,11293.67,9182.92,1974.46,12025.65
8652.194,1955.555,11363.58,8712.997,2033.775,11224.77,9459.414,1982.074,11884.3,8646.973,2018.298,11293.42,9181.424,1974.46,12024.03
8651.403,1955.555,11362.65,8711.772,2033.775,11224.79,9458.779,1982.074,11883.25,8645.761,2018.298,11293.24,9180.623,1974.46,12023.1
8650.121,1955.555,11361.22,8709.858,2033.775,11224.77,9457.734,1982.074,11881.65,8643.878,2018.298,11292.89,9179.42,1974.46,12021.61
8649.048,1955.555,11360.11,8708.313,2033.775,11224.7,9456.848,1982.074,11880.38,8642.367,2018.298,11292.56,9178.41,1974.46,12020.44
8647.095,1955.555,11358.21,8705.598,2033.775,11224.49,9455.214,1982.074,11878.2,8639.726,2018.298,11291.89,9176.692,1974.46,12018.32
8646.639,1955.555,11357.8,8704.984,2033.775,11224.42,9454.828,1982.074,11877.72,8639.133,2018.298,11291.72,9176.288,1974.46,12017.86
8644.751,1955.555,11356.19,8702.528,2033.775,11224.08,9453.215,1982.074,11875.84,8636.772,2018.298,11290.96,9174.494,1974.46,12016.14
8643.795,1955.555,11355.43,8701.324,2033.775,11223.86,9452.39,1982.074,11874.94,8635.622,2018.298,11290.55,9173.638,1974.46,12015.27
8641.749,1955.555,11353.9,8698.827,2033.775,11223.34,9450.606,1982.074,11873.11,8633.251,2018.298,11289.61,9171.912,1974.46,12013.39
8640.728,1955.555,11353.19,8697.618,2033.775,11223.05,9449.708,1982.074,11872.25,8632.109,2018.298,11289.11,9171.101,1974.46,12012.45
8638.445,1955.555,11351.71,8694.998,2033.775,11222.32,9447.684,1982.074,11870.43,8629.65,2018.298,11287.95,9169.396,1974.46,12010.33
8637.086,1955.555,11350.87,8693.472,2033.775,11221.84,9446.459,1982.074,11869.41,8628.22,2018.298,11287.23,9168.353,1974.46,12009.12
8635.316,1955.555,11349.82,8691.53,2033.775,11221.16,9444.877,1982.074,11868.09,8626.399,2018.298,11286.28,9167.063,1974.46,12007.51
8633.204,1955.555,11348.63,8689.268,2033.775,11220.28,9442.962,1982.074,11866.6,8624.276,2018.298,11285.1,9165.491,1974.46,12005.66
8632.141,1955.555,11348.06,8688.155,2033.775,11219.81,9441.99,1982.074,11865.88,8623.231,2018.298,11284.5,9164.764,1974.46,12004.7
8630.027,1955.555,11346.98,8686.002,2033.775,11218.81,9440.088,1982.074,11864.46,8621.203,2018.298,11283.26,9163.482,1974.46,12002.7
8628.683,1955.555,11346.32,8684.668,2033.775,11218.13,9438.927,1982.074,11863.52,8619.942,2018.298,11282.46,9162.636,1974.46,12001.47
8625.862,1955.555,11345.03,8681.945,2033.775,11216.65,9436.453,1982.074,11861.64,8617.358,2018.298,11280.74,9160.794,1974.46,11998.97
8624.703,1955.555,11344.45,8680.829,2033.775,11215.99,9435.396,1982.074,11860.9,8616.26,2018.298,11280.06,9159.991,1974.46,11997.95
8622.601,1955.555,11343.31,8678.812,2033.775,11214.7,9433.399,1982.074,11859.58,8614.289,2018.298,11278.7,9158.63,1974.46,11995.99
8621.576,1955.555,11342.79,8677.86,2033.775,11214.06,9432.418,1982.074,11858.98,8613.384,2018.298,11277.99,9157.944,1974.46,11995.06
8619.201,1955.555,11341.47,8675.583,2033.775,11212.58,9430.059,1982.074,11857.64,8611.195,2018.298,11276.39,9156.257,1974.46,11992.94
8618.148,1955.555,11340.84,8674.577,2033.775,11211.88,9429.014,1982.074,11856.99,8610.184,2018.298,11275.69,9155.463,1974.46,11992
8616.715,1955.555,11339.92,8673.234,2033.775,11210.83,9427.684,1982.074,11855.93,8608.746,2018.298,11274.78,9154.362,1974.46,11990.7
8615.297,1955.555,11339.07,8671.9,2033.775,11209.85,9426.362,1982.074,11854.94,8607.363,2018.298,11273.87,9153.255,1974.46,11989.47
8613.947,1955.555,11338.21,8670.702,2033.775,11208.79,9425.048,1982.074,11854.02,8605.955,2018.298,11273.11,9152.052,1974.46,11988.41
8612.895,1955.555,11337.56,8669.753,2033.775,11208,9424.014,1982.074,11853.34,8604.891,2018.298,11272.48,9151.152,1974.46,11987.57
8611.458,1955.555,11336.6,8668.391,2033.775,11206.93,9422.537,1982.074,11852.45,8603.432,2018.298,11271.56,9149.935,1974.46,11986.34
8610.218,1955.555,11335.67,8667.137,2033.775,11206.02,9421.186,1982.074,11851.69,8602.078,2018.298,11270.8,9148.877,1974.46,11985.21
8609.063,1955.555,11334.86,8666.026,2033.775,11205.15,9419.867,1982.074,11851.18,8600.869,2018.298,11270.07,9147.947,1974.46,11984.15
8608.219,1955.555,11334.26,8665.192,2033.775,11204.54,9418.906,1982.074,11850.8,8600.002,2018.298,11269.51,9147.354,1974.46,11983.3
8606.804,1955.555,11332.95,8663.704,2033.775,11203.32,9417.141,1982.074,11850.03,8598.421,2018.298,11268.41,9146.197,1974.46,11981.76
8606.324,1955.555,11332.54,8663.211,2033.775,11202.92,9416.568,1982.074,11849.76,8597.913,2018.298,11268.03,9145.823,1974.46,11981.25
8605.056,1955.555,11331.51,8661.93,2033.775,11201.91,9415.063,1982.074,11849.13,8596.638,2018.298,11267.01,9144.845,1974.46,11979.94
8604.14,1955.555,11330.82,8661.019,2033.775,11201.21,9413.992,1982.074,11848.71,8595.764,2018.298,11266.26,9144.126,1974.46,11979.04
8603.019,1955.555,11329.91,8659.842,2033.775,11200.37,9412.665,1982.074,11848.15,8594.637,2018.298,11265.36,9143.321,1974.46,11977.85
8602.463,1955.555,11329.49,8659.287,2033.775,11199.95,9412.033,1982.074,11847.86,8594.078,2018.298,11264.95,9142.914,1974.46,11977.28
8601.525,1955.555,11328.57,8658.214,2033.775,11199.19,9410.858,1982.074,11847.26,8592.984,2018.298,11264.21,9142.11,1974.46,11976.24
8600.744,1955.555,11327.85,8657.428,2033.775,11198.47,9409.926,1982.074,11846.75,8592.121,2018.298,11263.6,9141.435,1974.46,11975.42
8599.961,1955.555,11327.17,8656.641,2033.775,11197.8,9408.979,1982.074,11846.34,8591.301,2018.298,11262.97,9140.751,1974.46,11974.64
8599.419,1955.555,11326.73,8656.103,2033.775,11197.36,9408.334,1982.074,11846.07,8590.763,2018.298,11262.52,9140.273,1974.46,11974.13
8598.457,1955.555,11325.9,8655.144,2033.775,11196.52,9407.175,1982.074,11845.55,8589.755,2018.298,11261.75,9139.434,1974.46,11973.18
8597.88,1955.555,11325.44,8654.567,2033.775,11196.06,9406.503,1982.074,11845.24,8589.142,2018.298,11261.33,9138.925,1974.46,11972.64
8597.116,1955.555,11324.72,8653.766,2033.775,11195.38,9405.524,1982.074,11844.87,8588.298,2018.298,11260.71,9138.209,1974.46,11971.88
8596.409,1955.555,11324.1,8653.026,2033.775,11194.8,9404.657,1982.074,11844.51,8587.559,2018.298,11260.13,9137.505,1974.46,11971.25
8595.846,1955.555,11323.64,8652.438,2033.775,11194.38,9403.994,1982.074,11844.21,8587,2018.298,11259.67,9136.976,1974.46,11970.75
8595.047,1955.555,11323.12,8651.613,2033.775,11193.9,9403.14,1982.074,11843.78,8586.25,2018.298,11259.08,9136.267,1974.46,11970.12
8594.345,1955.555,11322.74,8650.93,2033.775,11193.48,9402.436,1982.074,11843.41,8585.605,2018.298,11258.61,9135.689,1974.46,11969.57
8593.65,1955.555,11322.39,8650.278,2033.775,11193.06,9401.763,1982.074,11843.02,8584.964,2018.298,11258.17,9135.146,1974.46,11969.01
8593.216,1955.555,11322.16,8649.873,2033.775,11192.78,9401.343,1982.074,11842.75,8584.565,2018.298,11257.87,9134.764,1974.46,11968.7
8592.348,1955.555,11321.69,8649.078,2033.775,11192.19,9400.489,1982.074,11842.26,8583.752,2018.298,11257.32,9134.021,1974.46,11968.05
8591.734,1955.555,11321.33,8648.493,2033.775,11191.79,9399.845,1982.074,11841.96,8583.154,2018.298,11256.93,9133.503,1974.46,11967.56
8591.329,1955.555,11321.07,8648.09,2033.775,11191.53,9399.417,1982.074,11841.75,8582.797,2018.298,11256.61,9133.125,1974.46,11967.27
8590.609,1955.555,11320.59,8647.374,2033.775,11191.04,9398.655,1982.074,11841.33,8582.13,2018.298,11256.06,9132.458,1974.46,11966.71
8590.113,1955.555,11320.23,8646.881,2033.775,11190.68,9398.128,1982.074,11841.02,8581.661,2018.298,11255.67,9132.001,1974.46,11966.31
8589.505,1955.555,11319.76,8646.252,2033.775,11190.24,9397.452,1982.074,11840.65,8581.056,2018.298,11255.19,9131.442,1974.46,11965.78
8589.221,1955.555,11319.52,8645.939,2033.775,11190.04,9397.122,1982.074,11840.49,8580.798,2018.298,11254.92,9131.178,1974.46,11965.52
8588.688,1955.555,11319.07,8645.357,2033.775,11189.65,9396.504,1982.074,11840.16,8580.307,2018.298,11254.42,9130.657,1974.46,11965.05
8588.245,1955.555,11318.71,8644.898,2033.775,11189.31,9396.015,1982.074,11839.87,8579.896,2018.298,11254.03,9130.25,1974.46,11964.65
8587.972,1955.555,11318.48,8644.614,2033.775,11189.09,9395.739,1982.074,11839.64,8579.628,2018.298,11253.79,9130,1974.46,11964.39
8587.275,1955.555,11317.84,8643.839,2033.775,11188.55,9394.996,1982.074,11839.05,8578.956,2018.298,11253.13,9129.293,1974.46,11963.77
8587.106,1955.555,11317.72,8643.669,2033.775,11188.43,9394.828,1982.074,11838.93,8578.803,2018.298,11252.99,9129.142,1974.46,11963.62
8586.579,1955.555,11317.31,8643.12,2033.775,11188.06,9394.279,1982.074,11838.56,8578.32,2018.298,11252.53,9128.674,1974.46,11963.15
8586.203,1955.555,11317,8642.729,2033.775,11187.77,9393.869,1982.074,11838.29,8577.957,2018.298,11252.21,9128.308,1974.46,11962.83
8585.866,1955.555,11316.71,8642.377,2033.775,11187.49,9393.484,1982.074,11838.07,8577.613,2018.298,11251.92,9127.979,1974.46,11962.53
8585.432,1955.555,11316.35,8641.939,2033.775,11187.14,9392.991,1982.074,11837.8,8577.193,2018.298,11251.54,9127.58,1974.46,11962.13
8585.23,1955.555,11316.17,8641.737,2033.775,11186.96,9392.746,1982.074,11837.69,8576.988,2018.298,11251.37,9127.392,1974.46,11961.94
8584.835,1955.555,11315.85,8641.345,2033.775,11186.64,9392.284,1982.074,11837.47,8576.606,2018.298,11251.03,9127.005,1974.46,11961.61
8584.599,1955.555,11315.64,8641.11,2033.775,11186.43,9391.99,1982.074,11837.36,8576.387,2018.298,11250.81,9126.768,1974.46,11961.4
8584.211,1955.555,11315.32,8640.741,2033.775,11186.09,9391.527,1982.074,11837.16,8576.042,2018.298,11250.44,9126.399,1974.46,11961.06
8583.919,1955.555,11315.07,8640.443,2033.775,11185.84,9391.174,1982.074,11837,8575.766,2018.298,11250.17,9126.123,1974.46,11960.79
8583.739,1955.555,11314.9,8640.243,2033.775,11185.69,9390.953,1982.074,11836.89,8575.605,2018.298,11249.98,9125.954,1974.46,11960.61
8583.372,1955.555,11314.53,8639.831,2033.775,11185.38,9390.495,1982.074,11836.65,8575.254,2018.298,11249.6,9125.564,1974.46,11960.26
8583.172,1955.555,11314.32,8639.605,2033.775,11185.19,9390.241,1982.074,11836.5,8575.049,2018.298,11249.39,9125.352,1974.46,11960.06
8582.904,1955.555,11314.05,8639.321,2033.775,11184.94,9389.904,1982.074,11836.33,8574.8,2018.298,11249.1,9125.05,1974.46,11959.83
8582.679,1955.555,11313.81,8639.073,2033.775,11184.72,9389.615,1982.074,11836.17,8574.575,2018.298,11248.86,9124.794,1974.46,11959.62
8582.508,1955.555,11313.64,8638.896,2033.775,11184.56,9389.401,1982.074,11836.05,8574.421,2018.298,11248.68,9124.611,1974.46,11959.46
8582.16,1955.555,11313.3,8638.554,2033.775,11184.21,9388.979,1982.074,11835.82,8574.1,2018.298,11248.31,9124.256,1974.46,11959.13
8582.015,1955.555,11313.15,8638.41,2033.775,11184.06,9388.79,1982.074,11835.72,8573.964,2018.298,11248.15,9124.106,1974.46,11958.99
8581.796,1955.555,11312.95,8638.21,2033.775,11183.85,9388.529,1982.074,11835.59,8573.769,2018.298,11247.94,9123.906,1974.46,11958.77
8581.588,1955.555,11312.76,8638.015,2033.775,11183.64,9388.272,1982.074,11835.47,8573.57,2018.298,11247.73,9123.688,1974.46,11958.59
8581.394,1955.555,11312.57,8637.82,2033.775,11183.45,9388.021,1982.074,11835.36,8573.373,2018.298,11247.54,9123.482,1974.46,11958.41
8581.251,1955.555,11312.41,8637.668,2033.775,11183.31,9387.832,1982.074,11835.27,8573.207,2018.298,11247.41,9123.324,1974.46,11958.27
8581.012,1955.555,11312.17,8637.428,2033.775,11183.07,9387.531,1982.074,11835.12,8572.944,2018.298,11247.2,9123.075,1974.46,11958.04
8580.859,1955.555,11312.03,8637.275,2033.775,11182.92,9387.35,1982.074,11835.02,8572.787,2018.298,11247.06,9122.927,1974.46,11957.9
8580.587,1955.555,11311.74,8636.975,2033.775,11182.66,9387.001,1982.074,11834.82,8572.471,2018.298,11246.82,9122.65,1974.46,11957.61
8580.439,1955.555,11311.59,8636.813,2033.775,11182.53,9386.822,1982.074,11834.71,8572.31,2018.298,11246.69,9122.488,1974.46,11957.48
8580.24,1955.555,11311.41,8636.596,2033.775,11182.36,9386.601,1982.074,11834.55,8572.104,2018.298,11246.5,9122.281,1974.46,11957.3
8580.084,1955.555,11311.27,8636.417,2033.775,11182.26,9386.428,1982.074,11834.43,8571.943,2018.298,11246.37,9122.128,1974.46,11957.16
8579.805,1955.555,11311,8636.091,2033.775,11182.04,9386.099,1982.074,11834.23,8571.635,2018.298,11246.13,9121.826,1974.46,11956.91
8579.662,1955.555,11310.84,8635.92,2033.775,11181.93,9385.919,1982.074,11834.12,8571.474,2018.298,11246,9121.665,1974.46,11956.78
8579.496,1955.555,11310.67,8635.729,2033.775,11181.78,9385.722,1982.074,11833.99,8571.293,2018.298,11245.85,9121.485,1974.46,11956.62
8579.349,1955.555,11310.53,8635.566,2033.775,11181.65,9385.545,1982.074,11833.88,8571.138,2018.298,11245.71,9121.333,1974.46,11956.48
8579.152,1955.555,11310.34,8635.35,2033.775,11181.49,9385.335,1982.074,11833.71,8570.938,2018.298,11245.52,9121.14,1974.46,11956.29
8579,1955.555,11310.2,8635.185,2033.775,11181.36,9385.17,1982.074,11833.58,8570.787,2018.298,11245.38,9120.982,1974.46,11956.15
8578.828,1955.555,11310.04,8635.006,2033.775,11181.22,9384.982,1982.074,11833.44,8570.623,2018.298,11245.22,9120.813,1974.46,11956
8578.67,1955.555,11309.91,8634.844,2033.775,11181.08,9384.813,1982.074,11833.32,8570.478,2018.298,11245.07,9120.648,1974.46,11955.87
8578.504,1955.555,11309.77,8634.68,2033.775,11180.94,9384.632,1982.074,11833.21,8570.33,2018.298,11244.91,9120.482,1974.46,11955.73
8578.341,1955.555,11309.64,8634.526,2033.775,11180.8,9384.454,1982.074,11833.1,8570.19,2018.298,11244.76,9120.326,1974.46,11955.59
8578.176,1955.555,11309.51,8634.377,2033.775,11180.66,9384.293,1982.074,11832.96,8570.053,2018.298,11244.6,9120.175,1974.46,11955.45
8578.008,1955.555,11309.39,8634.216,2033.775,11180.53,9384.128,1982.074,11832.84,8569.918,2018.298,11244.44,9120.026,1974.46,11955.3
8577.838,1955.555,11309.27,8634.06,2033.775,11180.39,9383.959,1982.074,11832.72,8569.786,2018.298,11244.28,9119.883,1974.46,11955.15
8577.665,1955.555,11309.15,8633.908,2033.775,11180.25,9383.786,1982.074,11832.6,8569.656,2018.298,11244.12,9119.731,1974.46,11955.01
8577.49,1955.555,11309.04,8633.761,2033.775,11180.1,9383.609,1982.074,11832.49,8569.529,2018.298,11243.95,9119.582,1974.46,11954.86
8577.313,1955.555,11308.93,8633.608,2033.775,11179.96,9383.429,1982.074,11832.39,8569.405,2018.298,11243.79,9119.438,1974.46,11954.71
8577.134,1955.555,11308.83,8633.461,2033.775,11179.81,9383.25,1982.074,11832.28,8569.283,2018.298,11243.62,9119.298,1974.46,11954.56
8576.952,1955.555,11308.72,8633.313,2033.775,11179.66,9383.069,1982.074,11832.17,8569.164,2018.298,11243.45,9119.154,1974.46,11954.41
8576.769,1955.555,11308.63,8633.171,2033.775,11179.51,9382.904,1982.074,11832.05,8569.047,2018.298,11243.27,9119.016,1974.46,11954.25
8576.583,1955.555,11308.53,8633.033,2033.775,11179.35,9382.735,1982.074,11831.93,8568.933,2018.298,11243.1,9118.884,1974.46,11954.09
8576.396,1955.555,11308.44,8632.9,2033.775,11179.19,9382.563,1982.074,11831.81,8568.813,2018.298,11242.93,9118.746,1974.46,11953.94
8576.206,1955.555,11308.35,8632.773,2033.775,11179.03,9382.402,1982.074,11831.68,8568.69,2018.298,11242.76,9118.617,1974.46,11953.77
8576.015,1955.555,11308.27,8632.651,2033.775,11178.86,9382.238,1982.074,11831.55,8568.563,2018.298,11242.6,9118.483,1974.46,11953.61
8575.821,1955.555,11308.19,8632.535,2033.775,11178.68,9382.069,1982.074,11831.43,8568.433,2018.298,11242.43,9118.354,1974.46,11953.45
8575.626,1955.555,11308.12,8632.425,2033.775,11178.51,9381.903,1982.074,11831.3,8568.297,2018.298,11242.28,9118.227,1974.46,11953.29
8575.43,1955.555,11308.05,8632.319,2033.775,11178.33,9381.733,1982.074,11831.18,8568.158,2018.298,11242.12,9118.109,1974.46,11953.11
8575.235,1955.555,11307.98,8632.209,2033.775,11178.15,9381.569,1982.074,11831.05,8568.019,2018.298,11241.97,9117.986,1974.46,11952.95
8575.044,1955.555,11307.89,8632.098,2033.775,11177.98,9381.401,1982.074,11830.93,8567.874,2018.298,11241.82,9117.863,1974.46,11952.78
8574.855,1955.555,11307.81,8631.98,2033.775,11177.8,9381.229,1982.074,11830.81,8567.725,2018.298,11241.67,9117.734,1974.46,11952.61
8574.67,1955.555,11307.71,8631.857,2033.775,11177.64,9381.054,1982.074,11830.7,8567.57,2018.298,11241.53,9117.601,1974.46,11952.45
8574.487,1955.555,11307.61,8631.729,2033.775,11177.47,9380.874,1982.074,11830.6,8567.411,2018.298,11241.4,9117.462,1974.46,11952.3
8574.308,1955.555,11307.51,8631.596,2033.775,11177.31,9380.704,1982.074,11830.47,8567.249,2018.298,11241.27,9117.317,1974.46,11952.15
8574.126,1955.555,11307.4,8631.457,2033.775,11177.16,9380.53,1982.074,11830.36,8567.09,2018.298,11241.13,9117.168,1974.46,11952
8573.942,1955.555,11307.3,8631.313,2033.775,11177.01,9380.354,1982.074,11830.25,8566.933,2018.298,11241,9117.023,1974.46,11951.85
8573.762,1955.555,11307.2,8631.167,2033.775,11176.86,9380.175,1982.074,11830.14,8566.782,2018.298,11240.85,9116.884,1974.46,11951.7
8573.585,1955.555,11307.09,8631.017,2033.775,11176.71,9380.012,1982.074,11830.01,8566.633,2018.298,11240.71,9116.739,1974.46,11951.55
8573.412,1955.555,11306.97,8630.846,2033.775,11176.59,9379.845,1982.074,11829.89,8566.479,2018.298,11240.57,9116.58,1974.46,11951.41
8573.243,1955.555,11306.85,8630.679,2033.775,11176.47,9379.677,1982.074,11829.77,8566.323,2018.298,11240.43,9116.426,1974.46,11951.27
8573.078,1955.555,11306.73,8630.517,2033.775,11176.34,9379.51,1982.074,11829.64,8566.163,2018.298,11240.3,9116.275,1974.46,11951.13
8572.898,1955.555,11306.58,8630.342,2033.775,11176.19,9379.321,1982.074,11829.51,8566,2018.298,11240.13,9116.115,1974.46,11950.96
8572.684,1955.555,11306.4,8630.132,2033.775,11176,9379.083,1982.074,11829.36,8565.793,2018.298,11239.94,9115.911,1974.46,11950.77
8572.423,1955.555,11306.17,8629.864,2033.775,11175.78,9378.786,1982.074,11829.18,8565.532,2018.298,11239.71,9115.67,1974.46,11950.52
8572.227,1955.555,11306.01,8629.653,2033.775,11175.64,9378.572,1982.074,11829.04,8565.348,2018.298,11239.54,9115.481,1974.46,11950.35
8571.737,1955.555,11305.58,8629.125,2033.775,11175.26,9378.013,1982.074,11828.71,8564.859,2018.298,11239.11,9114.981,1974.46,11949.93
8571.396,1955.555,11305.31,8628.778,2033.775,11175,9377.676,1982.074,11828.43,8564.521,2018.298,11238.83,9114.654,1974.46,11949.64
8570.909,1955.555,11304.89,8628.235,2033.775,11174.65,9377.168,1982.074,11828.04,8564.034,2018.298,11238.41,9114.188,1974.46,11949.2
8570.493,1955.555,11304.55,8627.793,2033.775,11174.35,9376.735,1982.074,11827.72,8563.617,2018.298,11238.08,9113.813,1974.46,11948.82
8569.915,1955.555,11304.01,8627.151,2033.775,11173.89,9376.092,1982.074,11827.26,8562.982,2018.298,11237.6,9113.275,1974.46,11948.24
8569.355,1955.555,11303.52,8626.533,2033.775,11173.47,9375.474,1982.074,11826.84,8562.379,2018.298,11237.17,9112.856,1974.46,11947.62
8568.744,1955.555,11303.02,8625.892,2033.775,11173.01,9374.803,1982.074,11826.43,8561.69,2018.298,11236.78,9112.39,1974.46,11946.98
8568.079,1955.555,11302.5,8625.195,2033.775,11172.54,9374.077,1982.074,11826,8560.975,2018.298,11236.34,9111.873,1974.46,11946.32
8567.499,1955.555,11302.09,8624.591,2033.775,11172.16,9373.448,1982.074,11825.67,8560.379,2018.298,11235.94,9111.416,1974.46,11945.77
8566.629,1955.555,11301.51,8623.639,2033.775,11171.72,9372.524,1982.074,11825.17,8559.426,2018.298,11235.51,9110.72,1974.46,11944.99
8565.753,1955.555,11300.94,8622.675,2033.775,11171.32,9371.619,1982.074,11824.65,8558.488,2018.298,11235.05,9109.999,1974.46,11944.23
8565.038,1955.555,11300.45,8621.874,2033.775,11171,9370.857,1982.074,11824.25,8557.715,2018.298,11234.67,9109.395,1974.46,11943.62
8564.006,1955.555,11299.8,8620.757,2033.775,11170.51,9369.801,1982.074,11823.64,8556.64,2018.298,11234.09,9108.568,1974.46,11942.72
8563.127,1955.555,11299.14,8619.761,2033.775,11170.04,9368.925,1982.074,11822.97,8555.649,2018.298,11233.6,9107.795,1974.46,11941.93
8562.197,1955.555,11298.48,8618.749,2033.775,11169.51,9367.998,1982.074,11822.3,8554.608,2018.298,11233.14,9106.981,1974.46,11941.14
8561.563,1955.555,11298.05,8618.061,2033.775,11169.18,9367.364,1982.074,11821.88,8553.923,2018.298,11232.81,9106.455,1974.46,11940.58
8560.106,1955.555,11297.14,8616.431,2033.775,11168.65,9365.906,1982.074,11820.97,8552.405,2018.298,11232,9105.312,1974.46,11939.3
8559.25,1955.555,11296.54,8615.445,2033.775,11168.28,9364.997,1982.074,11820.45,8551.492,2018.298,11231.49,9104.587,1974.46,11938.54
8558.086,1955.555,11295.75,8614.14,2033.775,11167.76,9363.777,1982.074,11819.75,8550.283,2018.298,11230.76,9103.648,1974.46,11937.49
8557.147,1955.555,11295.14,8613.116,2033.775,11167.3,9362.769,1982.074,11819.26,8549.334,2018.298,11230.17,9103.021,1974.46,11936.57
8555.443,1955.555,11294.08,8611.309,2033.775,11166.43,9360.988,1982.074,11818.33,8547.654,2018.298,11229.07,9101.841,1974.46,11934.94
8555.059,1955.555,11293.82,8610.898,2033.775,11166.22,9360.577,1982.074,11818.12,8547.259,2018.298,11228.83,9101.557,1974.46,11934.58
8552.959,1955.555,11292.27,8608.467,2033.775,11165.26,9358.165,1982.074,11817.12,8545.176,2018.298,11227.26,9099.887,1974.46,11932.57
8552.062,1955.555,11291.61,8607.444,2033.775,11164.83,9357.152,1982.074,11816.66,8544.268,2018.298,11226.61,9099.255,1974.46,11931.65
8551.54,1955.555,11291.25,8606.872,2033.775,11164.56,9356.586,1982.074,11816.38,8543.74,2018.298,11226.27,9098.88,1974.46,11931.14
8550.011,1955.555,11290.06,8605.141,2033.775,11163.68,9354.875,1982.074,11815.46,8542.086,2018.298,11225.25,9097.703,1974.46,11929.6
8548.907,1955.555,11289.12,8603.872,2033.775,11162.98,9353.623,1982.074,11814.73,8540.829,2018.298,11224.53,9096.789,1974.46,11928.48
8547.748,1955.555,11288.2,8602.599,2033.775,11162.23,9352.264,1982.074,11814.15,8539.521,2018.298,11223.84,9095.817,1974.46,11927.36
8546.361,1955.555,11287.17,8601.142,2033.775,11161.3,9350.659,1982.074,11813.51,8537.971,2018.298,11223.08,9094.642,1974.46,11926.1
8545.055,1955.555,11286.24,8599.816,2033.775,11160.4,9349.169,1982.074,11812.92,8536.519,2018.298,11222.4,9093.709,1974.46,11924.79
8544.052,1955.555,11285.56,8598.836,2033.775,11159.69,9348.057,1982.074,11812.43,8535.41,2018.298,11221.91,9092.971,1974.46,11923.83
8542.054,1955.555,11284.25,8596.862,2033.775,11158.34,9345.9,1982.074,11811.41,8533.252,2018.298,11220.89,9091.617,1974.46,11921.86
8541.337,1955.555,11283.81,8596.147,2033.775,11157.89,9345.117,1982.074,11811.09,8532.495,2018.298,11220.51,9091.115,1974.46,11921.18
8538.944,1955.555,11282.38,8593.85,2033.775,11156.31,9342.573,1982.074,11809.95,8530.027,2018.298,11219.21,9089.388,1974.46,11918.99
8538.282,1955.555,11282,8593.208,2033.775,11155.9,9341.889,1982.074,11809.61,8529.36,2018.298,11218.84,9088.896,1974.46,11918.41
8536.455,1955.555,11281.01,8591.421,2033.775,11154.83,9340.001,1982.074,11808.74,8527.562,2018.298,11217.8,9087.731,1974.46,11916.69
8534.897,1955.555,11280.2,8589.885,2033.775,11153.99,9338.434,1982.074,11807.95,8526.063,2018.298,11216.89,9086.702,1974.46,11915.27
8533.868,1955.555,11279.7,8588.899,2033.775,11153.4,9337.366,1982.074,11807.53,8525.095,2018.298,11216.28,9085.999,1974.46,11914.36
8531.578,1955.555,11278.63,8586.612,2033.775,11152.33,9335.025,1982.074,11806.58,8522.991,2018.298,11214.88,9084.386,1974.46,11912.42
8530.19,1955.555,11278.02,8585.237,2033.775,11151.69,9333.64,1982.074,11805.97,8521.745,2018.298,11214.02,9083.38,1974.46,11911.29
8528.469,1955.555,11277.2,8583.533,2033.775,11150.83,9331.921,1982.074,11805.14,8520.142,2018.298,11212.98,9082.158,1974.46,11909.82
8526.875,1955.555,11276.46,8581.994,2033.775,11149.99,9330.348,1982.074,11804.36,8518.638,2018.298,11212.08,9080.992,1974.46,11908.51
8525.057,1955.555,11275.56,8580.242,2033.775,11148.96,9328.508,1982.074,11803.49,8517.003,2018.298,11210.87,9079.79,1974.46,11906.87
8523.658,1955.555,11274.8,8578.898,2033.775,11148.11,9327.092,1982.074,11802.77,8515.694,2018.298,11209.96,9078.809,1974.46,11905.62
8521.782,1955.555,11273.7,8577.101,2033.775,11146.88,9325.19,1982.074,11801.72,8513.868,2018.298,11208.78,9077.412,1974.46,11903.95
8520.32,1955.555,11273.02,8575.797,2033.775,11145.94,9323.805,1982.074,11800.89,8512.485,2018.298,11207.95,9076.336,1974.46,11902.75
8518.353,1955.555,11272.03,8574.057,2033.775,11144.58,9321.78,1982.074,11800.02,8510.559,2018.298,11206.88,9075.022,1974.46,11900.98
8516.662,1955.555,11271.1,8572.498,2033.775,11143.45,9320.037,1982.074,11799.2,8508.906,2018.298,11205.89,9073.824,1974.46,11899.47
8515.41,1955.555,11270.36,8571.295,2033.775,11142.63,9318.743,1982.074,11798.53,8507.686,2018.298,11205.1,9072.886,1974.46,11898.36
8513.346,1955.555,11269.05,8569.461,2033.775,11141.01,9316.604,1982.074,11797.35,8505.716,2018.298,11203.65,9071.452,1974.46,11896.38
8511.709,1955.555,11267.94,8567.938,2033.775,11139.75,9314.908,1982.074,11796.33,8503.972,2018.298,11202.72,9070.242,1974.46,11894.81
8510.038,1955.555,11266.89,8566.376,2033.775,11138.55,9313.248,1982.074,11795.26,8502.26,2018.298,11201.74,9068.982,1974.46,11893.29
8508.312,1955.555,11265.88,8564.755,2033.775,11137.38,9311.532,1982.074,11794.24,8500.559,2018.298,11200.69,9067.657,1974.46,11891.8
8506.872,1955.555,11264.98,8563.416,2033.775,11136.33,9310.103,1982.074,11793.32,8499.143,2018.298,11199.75,9066.56,1974.46,11890.5
8504.184,1955.555,11263.67,8561.002,2033.775,11134.56,9307.535,1982.074,11791.78,8496.706,2018.298,11198.01,9064.686,1974.46,11888.17
8503.579,1955.555,11263.37,8560.446,2033.775,11134.18,9306.931,1982.074,11791.49,8496.146,2018.298,11197.64,9064.294,1974.46,11887.62
8500.723,1955.555,11261.87,8557.721,2033.775,11132.45,9304.074,1982.074,11789.98,8493.422,2018.298,11195.91,9062.33,1974.46,11885.06
8499.514,1955.555,11261.18,8556.617,2033.775,11131.6,9302.865,1982.074,11789.29,8492.224,2018.298,11195.2,9061.447,1974.46,11883.98
8497.643,1955.555,11260.03,8554.929,2033.775,11130.2,9300.994,1982.074,11788.14,8490.356,2018.298,11194.04,9060.021,1974.46,11882.31
8496.138,1955.555,11259.13,8553.545,2033.775,11129.12,9299.557,1982.074,11787.14,8488.897,2018.298,11193.07,9058.841,1974.46,11881.01
8493.43,1955.555,11257.65,8551.05,2033.775,11127.31,9296.971,1982.074,11785.46,8486.387,2018.298,11191.28,9056.689,1974.46,11878.8
8492.831,1955.555,11257.3,8550.479,2033.775,11126.92,9296.444,1982.074,11785,8485.853,2018.298,11190.84,9056.205,1974.46,11878.31
8490.421,1955.555,11255.89,8548.236,2033.775,11125.25,9294.271,1982.074,11783.25,8483.648,2018.298,11189.12,9054.325,1974.46,11876.24
8489.273,1955.555,11255.17,8547.175,2033.775,11124.41,9293.201,1982.074,11782.42,8482.552,2018.298,11188.33,9053.396,1974.46,11875.25
8486.798,1955.555,11253.5,8544.775,2033.775,11122.63,9290.783,1982.074,11780.67,8480.223,2018.298,11186.45,9051.612,1974.46,11872.86
8484.838,1955.555,11252.07,8542.88,2033.775,11121.12,9288.778,1982.074,11779.31,8478.287,2018.298,11185,9050.104,1974.46,11870.96
8483.305,1955.555,11250.96,8541.478,2033.775,11119.85,9287.19,1982.074,11778.28,8476.662,2018.298,11184.03,9048.877,1974.46,11869.52
8482.336,1955.555,11250.31,8540.586,2033.775,11119.09,9286.222,1982.074,11777.62,8475.679,2018.298,11183.39,9048.091,1974.46,11868.66
8479.825,1955.555,11248.73,8538.264,2033.775,11117.25,9283.712,1982.074,11776.04,8473.238,2018.298,11181.71,9046.07,1974.46,11866.48
8478.428,1955.555,11247.79,8536.909,2033.775,11116.25,9282.257,1982.074,11775.19,8471.771,2018.298,11180.88,9044.909,1974.46,11865.26
8476.693,1955.555,11246.69,8535.225,2033.775,11115.08,9280.447,1982.074,11774.23,8470.023,2018.298,11179.81,9043.451,1974.46,11863.82
8474.786,1955.555,11245.29,8533.232,2033.775,11113.79,9278.391,1982.074,11773.05,8468.042,2018.298,11178.51,9041.689,1974.46,11862.23
8473.883,1955.555,11244.66,8532.331,2033.775,11113.17,9277.378,1982.074,11772.63,8467.121,2018.298,11177.91,9040.898,1974.46,11861.47
8472.065,1955.555,11243.39,8530.465,2033.775,11111.96,9275.335,1982.074,11771.75,8465.296,2018.298,11176.64,9039.234,1974.46,11860
8470.629,1955.555,11242.2,8528.933,2033.775,11110.9,9273.638,1982.074,11770.98,8463.823,2018.298,11175.5,9037.879,1974.46,11858.72
8469.662,1955.555,11241.45,8527.872,2033.775,11110.3,9272.543,1982.074,11770.44,8462.891,2018.298,11174.71,9036.932,1974.46,11857.95
8467.567,1955.555,11239.98,8525.693,2033.775,11108.96,9270.288,1982.074,11769.23,8460.895,2018.298,11173.11,9034.871,1974.46,11856.43
8466.479,1955.555,11239.39,8524.646,2033.775,11108.29,9269.215,1982.074,11768.61,8459.901,2018.298,11172.37,9033.896,1974.46,11855.67
8464.297,1955.555,11238.1,8522.552,2033.775,11106.86,9267.064,1982.074,11767.27,8457.824,2018.298,11170.92,9031.957,1974.46,11854.03
8462.667,1955.555,11237.29,8521.084,2033.775,11105.79,9265.552,1982.074,11766.26,8456.301,2018.298,11169.92,9030.492,1974.46,11852.96
8461.116,1955.555,11236.46,8519.669,2033.775,11104.75,9264.057,1982.074,11765.33,8454.832,2018.298,11168.96,9029.109,1974.46,11851.87
8459.561,1955.555,11235.78,8518.328,2033.775,11103.7,9262.584,1982.074,11764.48,8453.385,2018.298,11168.07,9027.809,1974.46,11850.78
8458.073,1955.555,11235.06,8516.994,2033.775,11102.73,9261.183,1982.074,11763.61,8451.971,2018.298,11167.22,9026.582,1974.46,11849.67
8457.142,1955.555,11234.58,8516.125,2033.775,11102.14,9260.273,1982.074,11763.09,8451.054,2018.298,11166.71,9025.75,1974.46,11849.03
8454.714,1955.555,11233.38,8513.836,2033.775,11100.7,9257.973,1982.074,11761.66,8448.563,2018.298,11165.65,9023.66,1974.46,11847.31
8453.627,1955.555,11232.89,8512.807,2033.775,11100.09,9257.05,1982.074,11760.91,8447.48,2018.298,11165.14,9022.765,1974.46,11846.52
8452.935,1955.555,11232.64,8512.163,2033.775,11099.73,9256.466,1982.074,11760.46,8446.807,2018.298,11164.85,9022.211,1974.46,11846.04
8451.182,1955.555,11232.09,8510.529,2033.775,11098.9,9255.018,1982.074,11759.33,8445.151,2018.298,11164.05,9020.871,1974.46,11844.78
8450.271,1955.555,11231.77,8509.658,2033.775,11098.48,9254.286,1982.074,11758.7,8444.27,2018.298,11163.66,9020.109,1974.46,11844.19
8448.646,1955.555,11231.2,8508.22,2033.775,11097.54,9252.943,1982.074,11757.62,8442.691,2018.298,11162.97,9018.784,1974.46,11843.09
8447.682,1955.555,11230.82,8507.337,2033.775,11096.99,9252.116,1982.074,11757,8441.701,2018.298,11162.67,9017.982,1974.46,11842.44
8446.353,1955.555,11230.35,8506.111,2033.775,11096.3,9250.962,1982.074,11756.19,8440.367,2018.298,11162.21,9016.887,1974.46,11841.55
8445.123,1955.555,11229.96,8504.97,2033.775,11095.7,9249.968,1982.074,11755.37,8439.161,2018.298,11161.75,9015.908,1974.46,11840.71
8444.188,1955.555,11229.63,8504.077,2033.775,11095.26,9249.183,1982.074,11754.76,8438.211,2018.298,11161.47,9015.178,1974.46,11840.04
8442.948,1955.555,11229.22,8502.885,2033.775,11094.73,9248.164,1982.074,11753.94,8436.974,2018.298,11161.05,9014.245,1974.46,11839.12
8442.057,1955.555,11228.94,8502.021,2033.775,11094.37,9247.437,1982.074,11753.36,8436.099,2018.298,11160.72,9013.6,1974.46,11838.45
8440.574,1955.555,11228.42,8500.652,2033.775,11093.61,9246.183,1982.074,11752.41,8434.693,2018.298,11160.02,9012.678,1974.46,11837.18
8440.249,1955.555,11228.3,8500.343,2033.775,11093.45,9245.897,1982.074,11752.21,8434.376,2018.298,11159.88,9012.464,1974.46,11836.9
8439.021,1955.555,11227.78,8499.14,2033.775,11092.87,9244.782,1982.074,11751.48,8433.146,2018.298,11159.36,9011.649,1974.46,11835.85
8438.145,1955.555,11227.37,8498.26,2033.775,11092.47,9243.988,1982.074,11750.93,8432.227,2018.298,11159.06,9011.101,1974.46,11835.05
8437.326,1955.555,11227.01,8497.464,2033.775,11092.07,9243.241,1982.074,11750.44,8431.39,2018.298,11158.76,9010.572,1974.46,11834.33
8436.521,1955.555,11226.7,8496.68,2033.775,11091.71,9242.586,1982.074,11749.88,8430.588,2018.298,11158.44,9010.037,1974.46,11833.65
8435.601,1955.555,11226.4,8495.802,2033.775,11091.29,9241.831,1982.074,11749.27,8429.701,2018.298,11158.04,9009.412,1974.46,11832.91
8434.805,1955.555,11226.1,8495.027,2033.775,11090.95,9241.153,1982.074,11748.76,8428.915,2018.298,11157.73,9008.855,1974.46,11832.27
8434.028,1955.555,11225.82,8494.313,2033.775,11090.53,9240.482,1982.074,11748.28,8428.159,2018.298,11157.4,9008.293,1974.46,11831.67
8433.025,1955.555,11225.42,8493.362,2033.775,11090.02,9239.585,1982.074,11747.68,8427.185,2018.298,11156.93,9007.532,1974.46,11830.9
8432.712,1955.555,11225.28,8493.056,2033.775,11089.87,9239.295,1982.074,11747.5,8426.871,2018.298,11156.79,9007.3,1974.46,11830.65
8431.879,1955.555,11224.93,8492.231,2033.775,11089.49,9238.542,1982.074,11746.99,8425.998,2018.298,11156.55,9006.661,1974.46,11830.01
8431.201,1955.555,11224.66,8491.56,2033.775,11089.21,9237.991,1982.074,11746.52,8425.304,2018.298,11156.33,9006.123,1974.46,11829.52
8430.766,1955.555,11224.51,8491.128,2033.775,11089.05,9237.632,1982.074,11746.23,8424.856,2018.298,11156.22,9005.792,1974.46,11829.2
8429.735,1955.555,11224.18,8490.105,2033.775,11088.7,9236.77,1982.074,11745.58,8423.818,2018.298,11155.92,9005.01,1974.46,11828.45
8429.357,1955.555,11224.02,8489.721,2033.775,11088.56,9236.447,1982.074,11745.33,8423.429,2018.298,11155.79,9004.689,1974.46,11828.19
8428.508,1955.555,11223.59,8488.815,2033.775,11088.26,9235.679,1982.074,11744.76,8422.532,2018.298,11155.47,9003.933,1974.46,11827.61
8428.321,1955.555,11223.5,8488.614,2033.775,11088.2,9235.51,1982.074,11744.64,8422.339,2018.298,11155.39,9003.771,1974.46,11827.48
8427.586,1955.555,11223.17,8487.843,2033.775,11087.97,9234.838,1982.074,11744.19,8421.579,2018.298,11155.12,9003.164,1974.46,11826.95
8427.044,1955.555,11222.94,8487.28,2033.775,11087.8,9234.354,1982.074,11743.86,8421.034,2018.298,11154.9,9002.736,1974.46,11826.55
8426.521,1955.555,11222.74,8486.734,2033.775,11087.67,9233.882,1982.074,11743.56,8420.507,2018.298,11154.71,9002.34,1974.46,11826.15
8425.997,1955.555,11222.56,8486.2,2033.775,11087.52,9233.433,1982.074,11743.23,8419.997,2018.298,11154.5,9001.961,1974.46,11825.75
8425.627,1955.555,11222.42,8485.821,2033.775,11087.41,9233.104,1982.074,11743.01,8419.627,2018.298,11154.35,9001.688,1974.46,11825.46
8425.002,1955.555,11222.25,8485.206,2033.775,11087.21,9232.556,1982.074,11742.67,8419.016,2018.298,11154.14,9001.295,1974.46,11824.95
8424.523,1955.555,11222.1,8484.722,2033.775,11087.08,9232.123,1982.074,11742.42,8418.538,2018.298,11153.99,9000.995,1974.46,11824.55
8424.065,1955.555,11221.94,8484.255,2033.775,11086.95,9231.713,1982.074,11742.16,8418.073,2018.298,11153.86,9000.707,1974.46,11824.16
8423.628,1955.555,11221.77,8483.79,2033.775,11086.89,9231.331,1982.074,11741.89,8417.616,2018.298,11153.75,9000.415,1974.46,11823.79
8423.201,1955.555,11221.62,8483.344,2033.775,11086.82,9230.954,1982.074,11741.64,8417.166,2018.298,11153.7,9000.122,1974.46,11823.44
8422.886,1955.555,11221.52,8483.016,2033.775,11086.77,9230.673,1982.074,11741.46,8416.838,2018.298,11153.66,8999.899,1974.46,11823.2
8422.37,1955.555,11221.38,8482.482,2033.775,11086.72,9230.193,1982.074,11741.22,8416.31,2018.298,11153.57,8999.527,1974.46,11822.81
8421.97,1955.555,11221.28,8482.073,2033.775,11086.66,9229.815,1982.074,11741.06,8415.899,2018.298,11153.54,8999.251,1974.46,11822.51
8421.714,1955.555,11221.23,8481.816,2033.775,11086.62,9229.58,1982.074,11740.95,8415.64,2018.298,11153.51,8999.069,1974.46,11822.32
8421.197,1955.555,11221.13,8481.299,2033.775,11086.53,9229.114,1982.074,11740.71,8415.116,2018.298,11153.48,8998.718,1974.46,11821.93
8420.952,1955.555,11221.1,8481.053,2033.775,11086.5,9228.898,1982.074,11740.58,8414.87,2018.298,11153.45,8998.55,1974.46,11821.75
8420.387,1955.555,11220.96,8480.475,2033.775,11086.43,9228.374,1982.074,11740.33,8414.291,2018.298,11153.38,8998.14,1974.46,11821.34
8420.15,1955.555,11220.9,8480.234,2033.775,11086.4,9228.16,1982.074,11740.21,8414.053,2018.298,11153.34,8997.975,1974.46,11821.16
8419.812,1955.555,11220.83,8479.889,2033.775,11086.37,9227.859,1982.074,11740.04,8413.706,2018.298,11153.35,8997.751,1974.46,11820.9
8419.494,1955.555,11220.77,8479.567,2033.775,11086.35,9227.585,1982.074,11739.87,8413.384,2018.298,11153.34,8997.535,1974.46,11820.66
8419.146,1955.555,11220.72,8479.219,2033.775,11086.32,9227.286,1982.074,11739.69,8413.033,2018.298,11153.32,8997.292,1974.46,11820.4
8418.884,1955.555,11220.69,8478.956,2033.775,11086.29,9227.065,1982.074,11739.54,8412.769,2018.298,11153.32,8997.113,1974.46,11820.21
8418.538,1955.555,11220.66,8478.613,2033.775,11086.23,9226.77,1982.074,11739.36,8412.422,2018.298,11153.31,8996.87,1974.46,11819.96
8418.245,1955.555,11220.65,8478.322,2033.775,11086.2,9226.525,1982.074,11739.2,8412.129,2018.298,11153.3,8996.635,1974.46,11819.79
8417.961,1955.555,11220.64,8478.039,2033.775,11086.17,9226.283,1982.074,11739.05,8411.845,2018.298,11153.29,8996.412,1974.46,11819.61
8417.753,1955.555,11220.63,8477.833,2033.775,11086.15,9226.094,1982.074,11738.97,8411.637,2018.298,11153.28,8996.246,1974.46,11819.48
8417.392,1955.555,11220.6,8477.473,2033.775,11086.11,9225.769,1982.074,11738.81,8411.274,2018.298,11153.28,8995.965,1974.46,11819.26
8417.184,1955.555,11220.59,8477.265,2033.775,11086.09,9225.585,1982.074,11738.71,8411.066,2018.298,11153.28,8995.808,1974.46,11819.12
8416.833,1955.555,11220.57,8476.917,2033.775,11086.04,9225.275,1982.074,11738.54,8410.716,2018.298,11153.3,8995.55,1974.46,11818.88
8416.625,1955.555,11220.55,8476.71,2033.775,11086.02,9225.096,1982.074,11738.44,8410.508,2018.298,11153.31,8995.402,1974.46,11818.73
8416.378,1955.555,11220.54,8476.464,2033.775,11086,9224.886,1982.074,11738.31,8410.261,2018.298,11153.31,8995.233,1974.46,11818.55
8416.162,1955.555,11220.52,8476.248,2033.775,11085.99,9224.688,1982.074,11738.22,8410.045,2018.298,11153.32,8995.101,1974.46,11818.38
8415.85,1955.555,11220.5,8475.936,2033.775,11085.98,9224.405,1982.074,11738.09,8409.732,2018.298,11153.33,8994.9,1974.46,11818.14
8415.642,1955.555,11220.5,8475.728,2033.775,11085.98,9224.213,1982.074,11738.01,8409.524,2018.298,11153.33,8994.772,1974.46,11817.98
8415.367,1955.555,11220.5,8475.454,2033.775,11086,9223.964,1982.074,11737.89,8409.25,2018.298,11153.32,8994.597,1974.46,11817.77
8415.159,1955.555,11220.49,8475.246,2033.775,11086.01,9223.774,1982.074,11737.81,8409.042,2018.298,11153.3,8994.458,1974.46,11817.61
8414.901,1955.555,11220.49,8474.989,2033.775,11086.04,9223.543,1982.074,11737.69,8408.784,2018.298,11153.3,8994.28,1974.46,11817.43
8414.695,1955.555,11220.52,8474.781,2033.775,11086.05,9223.358,1982.074,11737.6,8408.576,2018.298,11153.3,8994.135,1974.46,11817.28
8414.437,1955.555,11220.55,8474.521,2033.775,11086.06,9223.12,1982.074,11737.49,8408.315,2018.298,11153.31,8993.93,1974.46,11817.12
8414.229,1955.555,11220.57,8474.313,2033.775,11086.07,9222.93,1982.074,11737.41,8408.107,2018.298,11153.33,8993.767,1974.46,11816.99
8414.024,1955.555,11220.6,8474.104,2033.775,11086.06,9222.741,1982.074,11737.32,8407.899,2018.298,11153.34,8993.607,1974.46,11816.85
8413.818,1955.555,11220.63,8473.896,2033.775,11086.05,9222.556,1982.074,11737.22,8407.691,2018.298,11153.35,8993.441,1974.46,11816.73
8413.615,1955.555,11220.67,8473.688,2033.775,11086.04,9222.373,1982.074,11737.12,8407.483,2018.298,11153.34,8993.275,1974.46,11816.6
8413.41,1955.555,11220.71,8473.48,2033.775,11086.03,9222.192,1982.074,11737.02,8407.275,2018.298,11153.33,8993.113,1974.46,11816.47
8413.204,1955.555,11220.75,8473.274,2033.775,11086,9222.01,1982.074,11736.92,8407.067,2018.298,11153.33,8992.956,1974.46,11816.33
8412.997,1955.555,11220.77,8473.067,2033.775,11085.97,9221.829,1982.074,11736.82,8406.859,2018.298,11153.33,8992.804,1974.46,11816.19
8412.791,1955.555,11220.8,8472.86,2033.775,11085.95,9221.639,1982.074,11736.73,8406.651,2018.298,11153.34,8992.655,1974.46,11816.04
8412.584,1955.555,11220.83,8472.653,2033.775,11085.92,9221.451,1982.074,11736.64,8406.444,2018.298,11153.37,8992.512,1974.46,11815.89
8412.376,1955.555,11220.84,8472.445,2033.775,11085.91,9221.267,1982.074,11736.54,8406.237,2018.298,11153.38,8992.363,1974.46,11815.75
8412.168,1955.555,11220.84,8472.237,2033.775,11085.9,9221.085,1982.074,11736.44,8406.029,2018.298,11153.4,8992.22,1974.46,11815.6
8411.96,1955.555,11220.83,8472.029,2033.775,11085.89,9220.907,1982.074,11736.33,8405.822,2018.298,11153.42,8992.071,1974.46,11815.45
8411.752,1955.555,11220.84,8471.821,2033.775,11085.88,9220.716,1982.074,11736.25,8405.614,2018.298,11153.44,8991.928,1974.46,11815.3
8411.544,1955.555,11220.82,8471.613,2033.775,11085.87,9220.527,1982.074,11736.16,8405.407,2018.298,11153.46,8991.779,1974.46,11815.15
8411.267,1955.555,11220.8,8471.336,2033.775,11085.86,9220.274,1982.074,11736.05,8405.131,2018.298,11153.48,8991.577,1974.46,11814.96
8411.059,1955.555,11220.79,8471.128,2033.775,11085.86,9220.087,1982.074,11735.96,8404.923,2018.298,11153.49,8991.43,1974.46,11814.82
8410.744,1955.555,11220.76,8470.813,2033.775,11085.86,9219.808,1982.074,11735.81,8404.607,2018.298,11153.51,8991.179,1974.46,11814.62
8410.502,1955.555,11220.75,8470.57,2033.775,11085.88,9219.597,1982.074,11735.69,8404.364,2018.298,11153.51,8990.985,1974.46,11814.48
8410.024,1955.555,11220.68,8470.093,2033.775,11085.95,9219.186,1982.074,11735.43,8403.881,2018.298,11153.51,8990.611,1974.46,11814.17
8409.573,1955.555,11220.63,8469.642,2033.775,11086.01,9218.776,1982.074,11735.24,8403.427,2018.298,11153.52,8990.269,1974.46,11813.87
8409.248,1955.555,11220.6,8469.316,2033.775,11086.04,9218.487,1982.074,11735.09,8403.101,2018.298,11153.51,8990.021,1974.46,11813.66
8408.493,1955.555,11220.56,8468.563,2033.775,11086.09,9217.829,1982.074,11734.71,8402.345,2018.298,11153.52,8989.45,1974.46,11813.16
8408.1,1955.555,11220.55,8468.169,2033.775,11086.1,9217.493,1982.074,11734.51,8401.951,2018.298,11153.51,8989.162,1974.46,11812.9
8407.022,1955.555,11220.56,8467.092,2033.775,11086.1,9216.592,1982.074,11733.92,8400.876,2018.298,11153.44,8988.397,1974.46,11812.14
8406.459,1955.555,11220.57,8466.528,2033.775,11086.08,9216.11,1982.074,11733.63,8400.314,2018.298,11153.4,8987.958,1974.46,11811.79
8405.673,1955.555,11220.57,8465.742,2033.775,11086.11,9215.427,1982.074,11733.24,8399.529,2018.298,11153.36,8987.361,1974.46,11811.27
8404.848,1955.555,11220.53,8464.919,2033.775,11086.18,9214.723,1982.074,11732.8,8398.703,2018.298,11153.34,8986.752,1974.46,11810.71
8404.021,1955.555,11220.53,8464.093,2033.775,11086.22,9214.026,1982.074,11732.36,8397.876,2018.298,11153.35,8986.161,1974.46,11810.13
8402.841,1955.555,11220.56,8462.914,2033.775,11086.26,9213.014,1982.074,11731.75,8396.696,2018.298,11153.36,8985.313,1974.46,11809.32
8402.284,1955.555,11220.63,8462.352,2033.775,11086.26,9212.499,1982.074,11731.52,8396.135,2018.298,11153.38,8984.875,1974.46,11808.96
8401.078,1955.555,11220.77,8461.139,2033.775,11086.31,9211.404,1982.074,11731,8394.924,2018.298,11153.46,8983.956,1974.46,11808.17
8400.032,1955.555,11220.86,8460.092,2033.775,11086.39,9210.474,1982.074,11730.51,8393.878,2018.298,11153.55,8983.124,1974.46,11807.53
8399.334,1955.555,11220.93,8459.389,2033.775,11086.4,9209.836,1982.074,11730.22,8393.176,2018.298,11153.59,8982.581,1974.46,11807.08
8397.866,1955.555,11221.05,8457.926,2033.775,11086.23,9208.521,1982.074,11729.55,8391.71,2018.298,11153.72,8981.475,1974.46,11806.11
8397.186,1955.555,11221.07,8457.247,2033.775,11086.17,9207.924,1982.074,11729.23,8391.036,2018.298,11153.82,8980.978,1974.46,11805.65
8395.809,1955.555,11221.14,8455.87,2033.775,11086.11,9206.719,1982.074,11728.56,8389.666,2018.298,11153.98,8980.003,1974.46,11804.67
8394.832,1955.555,11221.23,8454.89,2033.775,11086.09,9205.848,1982.074,11728.11,8388.688,2018.298,11154.05,8979.254,1974.46,11804.04
8393.936,1955.555,11221.28,8453.992,2033.775,11086.1,9205.063,1982.074,11727.67,8387.792,2018.298,11154.1,8978.587,1974.46,11803.44
8392.605,1955.555,11221.31,8452.666,2033.775,11085.99,9203.924,1982.074,11726.98,8386.472,2018.298,11154.26,8977.623,1974.46,11802.52
8392.156,1955.555,11221.32,8452.217,2033.775,11085.97,9203.541,1982.074,11726.75,8386.023,2018.298,11154.3,8977.308,1974.46,11802.2
8390.782,1955.555,11221.27,8450.842,2033.775,11085.95,9202.395,1982.074,11725.99,8384.65,2018.298,11154.38,8976.376,1974.46,11801.19
8389.721,1955.555,11221.26,8449.78,2033.775,11085.96,9201.502,1982.074,11725.41,8383.593,2018.298,11154.48,8975.682,1974.46,11800.38
8388.623,1955.555,11221.29,8448.684,2033.775,11086.02,9200.558,1982.074,11724.85,8382.496,2018.298,11154.54,8974.937,1974.46,11799.58
8387.392,1955.555,11221.37,8447.454,2033.775,11086.12,9199.507,1982.074,11724.21,8381.267,2018.298,11154.65,8974.124,1974.46,11798.65
8385.825,1955.555,11221.45,8445.896,2033.775,11086.29,9198.198,1982.074,11723.34,8379.712,2018.298,11154.86,8973.053,1974.46,11797.5
8385.1,1955.555,11221.45,8445.178,2033.775,11086.4,9197.661,1982.074,11722.85,8378.99,2018.298,11154.94,8972.515,1974.46,11797.02
8382.788,1955.555,11221.53,8442.9,2033.775,11086.8,9195.897,1982.074,11721.36,8376.694,2018.298,11155.22,8970.837,1974.46,11795.43
8382.458,1955.555,11221.55,8442.572,2033.775,11086.85,9195.638,1982.074,11721.15,8376.364,2018.298,11155.25,8970.604,1974.46,11795.19
8380.925,1955.555,11221.6,8441.048,2033.775,11087.03,9194.521,1982.074,11720.1,8374.842,2018.298,11155.44,8969.426,1974.46,11794.21
8379.666,1955.555,11221.68,8439.8,2033.775,11087.21,9193.573,1982.074,11719.26,8373.611,2018.298,11155.71,8968.483,1974.46,11793.37
8378.878,1955.555,11221.76,8439.018,2033.775,11087.34,9192.962,1982.074,11718.76,8372.847,2018.298,11155.92,8967.91,1974.46,11792.82
8377.216,1955.555,11221.98,8437.372,2033.775,11087.66,9191.634,1982.074,11717.74,8371.215,2018.298,11156.31,8966.586,1974.46,11791.79
8376.262,1955.555,11222.14,8436.408,2033.775,11087.74,9190.849,1982.074,11717.17,8370.284,2018.298,11156.57,8965.842,1974.46,11791.18
8375.063,1955.555,11222.38,8435.193,2033.775,11087.88,9189.834,1982.074,11716.49,8369.099,2018.298,11156.87,8964.928,1974.46,11790.37
8374.152,1955.555,11222.45,8434.29,2033.775,11088.01,9189.123,1982.074,11715.92,8368.206,2018.298,11157.06,8964.228,1974.46,11789.78
8372.91,1955.555,11222.56,8433.063,2033.775,11088.23,9188.127,1982.074,11715.17,8366.979,2018.298,11157.28,8963.298,1974.46,11788.95
8371.78,1955.555,11222.63,8431.956,2033.775,11088.47,9187.201,1982.074,11714.52,8365.871,2018.298,11157.51,8962.442,1974.46,11788.21
8370.919,1955.555,11222.7,8431.117,2033.775,11088.68,9186.478,1982.074,11714.04,8365.02,2018.298,11157.66,8961.808,1974.46,11787.62
8369.188,1955.555,11222.91,8429.434,2033.775,11089.13,9185.052,1982.074,11713.04,8363.299,2018.298,11157.95,8960.566,1974.46,11786.39
8368.567,1955.555,11223,8428.822,2033.775,11089.27,9184.568,1982.074,11712.64,8362.674,2018.298,11158.01,8960.134,1974.46,11785.94
8367.04,1955.555,11223.43,8427.268,2033.775,11089.59,9183.314,1982.074,11711.67,8361.103,2018.298,11158.22,8959.081,1974.46,11784.75
8365.979,1955.555,11223.73,8426.179,2033.775,11089.77,9182.445,1982.074,11710.99,8360.015,2018.298,11158.4,8958.321,1974.46,11783.95
8364.577,1955.555,11224.08,8424.763,2033.775,11090.05,9181.279,1982.074,11710.14,8358.599,2018.298,11158.69,8957.197,1974.46,11783.05
8363.951,1955.555,11224.21,8424.123,2033.775,11090.07,9180.785,1982.074,11709.73,8357.976,2018.298,11158.83,8956.713,1974.46,11782.63
8362.696,1955.555,11224.53,8422.832,2033.775,11090.16,9179.76,1982.074,11708.94,8356.707,2018.298,11159.09,8955.762,1974.46,11781.75
8361.932,1955.555,11224.69,8422.054,2033.775,11090.23,9179.159,1982.074,11708.44,8355.953,2018.298,11159.3,8955.167,1974.46,11781.24
8360.3,1955.555,11225.1,8420.38,2033.775,11090.4,9177.834,1982.074,11707.4,8354.318,2018.298,11159.7,8953.925,1974.46,11780.11
8359.604,1955.555,11225.32,8419.659,2033.775,11090.5,9177.247,1982.074,11706.97,8353.606,2018.298,11159.85,8953.361,1974.46,11779.65
8358.586,1955.555,11225.65,8418.601,2033.775,11090.65,9176.362,1982.074,11706.37,8352.56,2018.298,11160.07,8952.556,1974.46,11778.94
8357.451,1955.555,11225.97,8417.438,2033.775,11090.86,9175.409,1982.074,11705.67,8351.391,2018.298,11160.23,8951.692,1974.46,11778.14
8356.601,1955.555,11226.19,8416.597,2033.775,11091.11,9174.684,1982.074,11705.18,8350.526,2018.298,11160.38,8951.07,1974.46,11777.52
8355.449,1955.555,11226.44,8415.456,2033.775,11091.4,9173.732,1982.074,11704.49,8349.373,2018.298,11160.63,8950.206,1974.46,11776.72
8354.636,1955.555,11226.59,8414.649,2033.775,11091.58,9173.049,1982.074,11704.02,8348.556,2018.298,11160.75,8949.618,1974.46,11776.14
8353.219,1955.555,11226.8,8413.267,2033.775,11091.96,9171.75,1982.074,11703.42,8347.147,2018.298,11161.02,8948.633,1974.46,11775.1
8352.621,1955.555,11226.91,8412.675,2033.775,11092.1,9171.208,1982.074,11703.14,8346.555,2018.298,11161.15,8948.229,1974.46,11774.64
8352.021,1955.555,11227.04,8412.073,2033.775,11092.22,9170.67,1982.074,11702.85,8345.957,2018.298,11161.29,8947.833,1974.46,11774.18
8350.906,1955.555,11227.16,8410.981,2033.775,11092.48,9169.704,1982.074,11702.27,8344.856,2018.298,11161.51,8947.186,1974.46,11773.26
8350.228,1955.555,11227.26,8410.31,2033.775,11092.61,9169.123,1982.074,11701.91,8344.18,2018.298,11161.62,8946.807,1974.46,11772.69
8349.339,1955.555,11227.42,8409.42,2033.775,11092.76,9168.348,1982.074,11701.45,8343.295,2018.298,11161.8,8946.284,1974.46,11771.95
8348.517,1955.555,11227.59,8408.596,2033.775,11092.93,9167.64,1982.074,11701,8342.497,2018.298,11162.06,8945.775,1974.46,11771.28
8347.775,1955.555,11227.77,8407.846,2033.775,11093.07,9166.975,1982.074,11700.62,8341.766,2018.298,11162.28,8945.294,1974.46,11770.69
8347.039,1955.555,11227.98,8407.1,2033.775,11093.24,9166.321,1982.074,11700.22,8341.026,2018.298,11162.47,8944.792,1974.46,11770.11
8346.548,1955.555,11228.1,8406.61,2033.775,11093.37,9165.898,1982.074,11699.95,8340.533,2018.298,11162.58,8944.447,1974.46,11769.74
8345.45,1955.555,11228.44,8405.542,2033.775,11093.79,9164.954,1982.074,11699.29,8339.399,2018.298,11162.78,8943.557,1974.46,11769.02
8344.899,1955.555,11228.6,8405.004,2033.775,11093.99,9164.496,1982.074,11698.95,8338.84,2018.298,11162.9,8943.126,1974.46,11768.64
8343.659,1955.555,11228.9,8403.789,2033.775,11094.38,9163.486,1982.074,11698.17,8337.584,2018.298,11163.13,8942.192,1974.46,11767.77
8342.709,1955.555,11229.18,8402.838,2033.775,11094.65,9162.729,1982.074,11697.53,8336.616,2018.298,11163.34,8941.49,1974.46,11767.07
8342.035,1955.555,11229.45,8402.153,2033.775,11094.89,9162.16,1982.074,11697.08,8335.913,2018.298,11163.52,8940.993,1974.46,11766.54
8340.752,1955.555,11229.92,8400.862,2033.775,11095.34,9161.137,1982.074,11696.17,8334.602,2018.298,11163.9,8940.091,1974.46,11765.52
8340.06,1955.555,11230.17,8400.192,2033.775,11095.64,9160.57,1982.074,11695.71,8333.902,2018.298,11164.13,8939.623,1974.46,11764.95
8338.557,1955.555,11230.86,8398.662,2033.775,11096.28,9159.26,1982.074,11694.69,8332.344,2018.298,11164.69,8938.527,1974.46,11763.71
8338.166,1955.555,11231.03,8398.265,2033.775,11096.43,9158.916,1982.074,11694.44,8331.949,2018.298,11164.85,8938.258,1974.46,11763.38
8337.196,1955.555,11231.63,8397.213,2033.775,11096.87,9157.972,1982.074,11693.81,8330.905,2018.298,11165.31,8937.505,1974.46,11762.52
8336.398,1955.555,11232.08,8396.357,2033.775,11097.2,9157.158,1982.074,11693.38,8330.076,2018.298,11165.7,8936.92,1974.46,11761.81
8335.613,1955.555,11232.5,8395.502,2033.775,11097.44,9156.386,1982.074,11692.94,8329.287,2018.298,11166.11,8936.333,1974.46,11761.15
8335.082,1955.555,11232.79,8394.926,2033.775,11097.62,9155.87,1982.074,11692.63,8328.742,2018.298,11166.37,8935.948,1974.46,11760.68
8334.121,1955.555,11233.29,8393.904,2033.775,11097.98,9154.965,1982.074,11692.03,8327.75,2018.298,11166.8,8935.369,1974.46,11759.77
8333.407,1955.555,11233.67,8393.151,2033.775,11098.28,9154.274,1982.074,11691.61,8327.024,2018.298,11167.16,8934.915,1974.46,11759.1
8332.612,1955.555,11234.08,8392.299,2033.775,11098.54,9153.523,1982.074,11691.13,8326.21,2018.298,11167.53,8934.392,1974.46,11758.37
8331.993,1955.555,11234.37,8391.652,2033.775,11098.77,9152.96,1982.074,11690.74,8325.579,2018.298,11167.79,8934.006,1974.46,11757.81
8331.426,1955.555,11234.65,8391.063,2033.775,11099,9152.438,1982.074,11690.38,8324.989,2018.298,11168.02,8933.633,1974.46,11757.3
8330.647,1955.555,11235,8390.284,2033.775,11099.35,9151.739,1982.074,11689.89,8324.203,2018.298,11168.35,8933.107,1974.46,11756.63
8330.005,1955.555,11235.29,8389.664,2033.775,11099.68,9151.177,1982.074,11689.46,8323.563,2018.298,11168.65,8932.665,1974.46,11756.08
8329.073,1955.555,11235.7,8388.75,2033.775,11100.14,9150.342,1982.074,11688.88,8322.651,2018.298,11169.11,8931.999,1974.46,11755.3
8328.236,1955.555,11236.11,8387.93,2033.775,11100.58,9149.598,1982.074,11688.32,8321.806,2018.298,11169.5,8931.35,1974.46,11754.64
8327.42,1955.555,11236.64,8387.057,2033.775,11101.01,9148.801,1982.074,11687.76,8320.935,2018.298,11169.94,8930.693,1974.46,11753.92
8326.563,1955.555,11237.18,8386.165,2033.775,11101.49,9147.92,1982.074,11687.26,8320.045,2018.298,11170.42,8929.914,1974.46,11753.27
8325.923,1955.555,11237.56,8385.523,2033.775,11101.87,9147.286,1982.074,11686.87,8319.393,2018.298,11170.78,8929.358,1974.46,11752.78
8324.721,1955.555,11238.24,8384.36,2033.775,11102.61,9146.119,1982.074,11686.13,8318.121,2018.298,11171.31,8928.355,1974.46,11751.83
8323.852,1955.555,11238.7,8383.53,2033.775,11103.13,9145.302,1982.074,11685.59,8317.23,2018.298,11171.73,8927.666,1974.46,11751.13
8322.975,1955.555,11239.12,8382.689,2033.775,11103.63,9144.487,1982.074,11685.05,8316.32,2018.298,11172.07,8927.004,1974.46,11750.42
8322.047,1955.555,11239.53,8381.798,2033.775,11104.11,9143.658,1982.074,11684.47,8315.384,2018.298,11172.46,8926.339,1974.46,11749.65
8320.982,1955.555,11240.07,8380.768,2033.775,11104.72,9142.63,1982.074,11683.86,8314.298,2018.298,11172.96,8925.5,1974.46,11748.8
8320.253,1955.555,11240.41,8380.097,2033.775,11105.16,9141.95,1982.074,11683.43,8313.547,2018.298,11173.25,8924.953,1974.46,11748.21
8319.233,1955.555,11240.85,8379.153,2033.775,11105.75,9141.034,1982.074,11682.8,8312.527,2018.298,11173.69,8924.198,1974.46,11747.39
8318.885,1955.555,11240.99,8378.829,2033.775,11105.93,9140.732,1982.074,11682.58,8312.188,2018.298,11173.85,8923.953,1974.46,11747.11
8317.757,1955.555,11241.31,8377.795,2033.775,11106.49,9139.768,1982.074,11681.92,8311.144,2018.298,11174.38,8923.214,1974.46,11746.2
8317.278,1955.555,11241.46,8377.345,2033.775,11106.71,9139.363,1982.074,11681.62,8310.71,2018.298,11174.63,8922.885,1974.46,11745.82
8316.458,1955.555,11241.75,8376.559,2033.775,11107.08,9138.646,1982.074,11681.13,8309.944,2018.298,11175.05,8922.295,1974.46,11745.18
8315.705,1955.555,11242.05,8375.84,2033.775,11107.45,9137.995,1982.074,11680.64,8309.242,2018.298,11175.45,8921.767,1974.46,11744.57
8315.027,1955.555,11242.34,8375.195,2033.775,11107.81,9137.444,1982.074,11680.15,8308.59,2018.298,11175.79,8921.303,1974.46,11744
8314.383,1955.555,11242.64,8374.562,2033.775,11108.14,9136.897,1982.074,11679.7,8307.964,2018.298,11176.13,8920.896,1974.46,11743.41
8313.979,1955.555,11242.85,8374.167,2033.775,11108.36,9136.586,1982.074,11679.37,8307.561,2018.298,11176.34,8920.627,1974.46,11743.05
8313.166,1955.555,11243.24,8373.372,2033.775,11108.79,9135.94,1982.074,11678.74,8306.767,2018.298,11176.77,8920.064,1974.46,11742.34
8312.569,1955.555,11243.5,8372.792,2033.775,11109.08,9135.476,1982.074,11678.28,8306.188,2018.298,11177.06,8919.682,1974.46,11741.82
8312.03,1955.555,11243.75,8372.236,2033.775,11109.29,9135.036,1982.074,11677.88,8305.652,2018.298,11177.32,8919.335,1974.46,11741.33
8311.467,1955.555,11243.92,8371.693,2033.775,11109.52,9134.588,1982.074,11677.5,8305.115,2018.298,11177.56,8918.977,1974.46,11740.87
8310.89,1955.555,11244.12,8371.14,2033.775,11109.77,9134.111,1982.074,11677.12,8304.552,2018.298,11177.79,8918.59,1974.46,11740.4
8310.359,1955.555,11244.26,8370.642,2033.775,11110.01,9133.696,1982.074,11676.76,8304.043,2018.298,11178,8918.227,1974.46,11739.98
8309.78,1955.555,11244.44,8370.084,2033.775,11110.25,9133.259,1982.074,11676.34,8303.49,2018.298,11178.25,8917.769,1974.46,11739.58
8309.355,1955.555,11244.59,8369.658,2033.775,11110.39,9132.925,1982.074,11676.04,8303.075,2018.298,11178.43,8917.439,1974.46,11739.28
8308.774,1955.555,11244.75,8369.094,2033.775,11110.6,9132.464,1982.074,11675.65,8302.512,2018.298,11178.64,8917.012,1974.46,11738.85
8308.363,1955.555,11244.88,8368.695,2033.775,11110.77,9132.125,1982.074,11675.38,8302.108,2018.298,11178.79,8916.704,1974.46,11738.55
8307.835,1955.555,11245.07,8368.175,2033.775,11110.98,9131.674,1982.074,11675.05,8301.578,2018.298,11178.97,8916.317,1974.46,11738.15
8307.474,1955.555,11245.24,8367.796,2033.775,11111.11,9131.357,1982.074,11674.8,8301.201,2018.298,11179.11,8916.022,1974.46,11737.87
8306.838,1955.555,11245.53,8367.123,2033.775,11111.29,9130.876,1982.074,11674.3,8300.557,2018.298,11179.38,8915.527,1974.46,11737.38
8306.571,1955.555,11245.64,8366.847,2033.775,11111.38,9130.676,1982.074,11674.09,8300.286,2018.298,11179.48,8915.329,1974.46,11737.17
8306.251,1955.555,11245.77,8366.52,2033.775,11111.49,9130.431,1982.074,11673.85,8299.959,2018.298,11179.59,8915.101,1974.46,11736.91
8305.815,1955.555,11245.93,8366.076,2033.775,11111.63,9130.092,1982.074,11673.53,8299.507,2018.298,11179.69,8914.806,1974.46,11736.55
8305.401,1955.555,11246.07,8365.655,2033.775,11111.74,9129.763,1982.074,11673.24,8299.084,2018.298,11179.8,8914.538,1974.46,11736.21
8305.088,1955.555,11246.16,8365.337,2033.775,11111.82,9129.51,1982.074,11673.04,8298.77,2018.298,11179.89,8914.329,1974.46,11735.96
8304.678,1955.555,11246.3,8364.907,2033.775,11111.87,9129.179,1982.074,11672.76,8298.35,2018.298,11180,8914.042,1974.46,11735.63
8304.32,1955.555,11246.41,8364.538,2033.775,11111.93,9128.886,1982.074,11672.52,8297.984,2018.298,11180.08,8913.757,1974.46,11735.39
8303.987,1955.555,11246.53,8364.188,2033.775,11112,9128.599,1982.074,11672.31,8297.639,2018.298,11180.17,8913.492,1974.46,11735.15
8303.674,1955.555,11246.67,8363.855,2033.775,11112.07,9128.331,1982.074,11672.1,8297.304,2018.298,11180.23,8913.247,1974.46,11734.92
8303.409,1955.555,11246.77,8363.577,2033.775,11112.12,9128.117,1982.074,11671.92,8297.025,2018.298,11180.28,8913.05,1974.46,11734.71
8303.072,1955.555,11246.88,8363.226,2033.775,11112.18,9127.84,1982.074,11671.69,8296.678,2018.298,11180.36,8912.811,1974.46,11734.45
8302.747,1955.555,11246.98,8362.892,2033.775,11112.24,9127.569,1982.074,11671.49,8296.349,2018.298,11180.44,8912.591,1974.46,11734.19
8302.463,1955.555,11247.08,8362.599,2033.775,11112.31,9127.338,1982.074,11671.3,8296.068,2018.298,11180.55,8912.376,1974.46,11733.98
8302.181,1955.555,11247.18,8362.308,2033.775,11112.38,9127.116,1982.074,11671.09,8295.783,2018.298,11180.64,8912.147,1974.46,11733.79
8301.922,1955.555,11247.3,8362.035,2033.775,11112.46,9126.901,1982.074,11670.91,8295.524,2018.298,11180.76,8911.938,1974.46,11733.6
8301.735,1955.555,11247.39,8361.837,2033.775,11112.52,9126.738,1982.074,11670.78,8295.331,2018.298,11180.83,8911.789,1974.46,11733.45
8301.439,1955.555,11247.56,8361.515,2033.775,11112.64,9126.464,1982.074,11670.57,8295.018,2018.298,11180.97,8911.552,1974.46,11733.2
8301.246,1955.555,11247.67,8361.31,2033.775,11112.72,9126.287,1982.074,11670.44,8294.818,2018.298,11181.07,8911.404,1974.46,11733.04
8301.005,1955.555,11247.8,8361.044,2033.775,11112.8,9126.05,1982.074,11670.3,8294.585,2018.298,11181.22,8911.227,1974.46,11732.83
8300.774,1955.555,11247.94,8360.788,2033.775,11112.88,9125.815,1982.074,11670.17,8294.353,2018.298,11181.35,8911.044,1974.46,11732.63
8300.57,1955.555,11248.06,8360.568,2033.775,11112.96,9125.615,1982.074,11670.05,8294.146,2018.298,11181.46,8910.891,1974.46,11732.45
8300.372,1955.555,11248.16,8360.361,2033.775,11113.05,9125.428,1982.074,11669.92,8293.947,2018.298,11181.57,8910.75,1974.46,11732.28
8300.17,1955.555,11248.25,8360.152,2033.775,11113.13,9125.234,1982.074,11669.81,8293.76,2018.298,11181.69,8910.612,1974.46,11732.1
8299.917,1955.555,11248.38,8359.892,2033.775,11113.24,9124.994,1982.074,11669.66,8293.518,2018.298,11181.84,8910.431,1974.46,11731.88
8299.735,1955.555,11248.49,8359.703,2033.775,11113.33,9124.821,1982.074,11669.54,8293.336,2018.298,11181.94,8910.285,1974.46,11731.73
8299.442,1955.555,11248.63,8359.414,2033.775,11113.48,9124.546,1982.074,11669.37,8293.049,2018.298,11182.09,8910.066,1974.46,11731.49
8299.258,1955.555,11248.72,8359.222,2033.775,11113.56,9124.367,1982.074,11669.27,8292.861,2018.298,11182.18,8909.931,1974.46,11731.34
8299.073,1955.555,11248.82,8359.024,2033.775,11113.62,9124.192,1982.074,11669.15,8292.673,2018.298,11182.27,8909.775,1974.46,11731.2
8298.889,1955.555,11248.92,8358.829,2033.775,11113.7,9124.021,1982.074,11669.04,8292.484,2018.298,11182.36,8909.625,1974.46,11731.05
8298.701,1955.555,11249.01,8358.637,2033.775,11113.78,9123.853,1982.074,11668.91,8292.312,2018.298,11182.47,8909.479,1974.46,11730.91
8298.495,1955.555,11249.12,8358.424,2033.775,11113.87,9123.67,1982.074,11668.77,8292.116,2018.298,11182.6,8909.32,1974.46,11730.73
8298.314,1955.555,11249.22,8358.236,2033.775,11113.96,9123.502,1982.074,11668.64,8291.938,2018.298,11182.71,8909.185,1974.46,11730.58
8298.117,1955.555,11249.34,8358.031,2033.775,11114.07,9123.308,1982.074,11668.52,8291.735,2018.298,11182.82,8909.009,1974.46,11730.42
8297.937,1955.555,11249.44,8357.85,2033.775,11114.17,9123.137,1982.074,11668.4,8291.557,2018.298,11182.93,8908.855,1974.46,11730.28
8297.759,1955.555,11249.55,8357.656,2033.775,11114.25,9122.958,1982.074,11668.29,8291.377,2018.298,11183.03,8908.707,1974.46,11730.14
8297.578,1955.555,11249.65,8357.465,2033.775,11114.33,9122.776,1982.074,11668.19,8291.195,2018.298,11183.14,8908.56,1974.46,11729.99
8297.396,1955.555,11249.76,8357.276,2033.775,11114.42,9122.599,1982.074,11668.08,8291.011,2018.298,11183.23,8908.417,1974.46,11729.84
8297.219,1955.555,11249.86,8357.086,2033.775,11114.5,9122.425,1982.074,11667.96,8290.84,2018.298,11183.35,8908.269,1974.46,11729.69
8297.045,1955.555,11249.98,8356.898,2033.775,11114.59,9122.25,1982.074,11667.85,8290.665,2018.298,11183.46,8908.112,1974.46,11729.55
8296.892,1955.555,11250.12,8356.714,2033.775,11114.69,9122.066,1982.074,11667.75,8290.495,2018.298,11183.59,8907.961,1974.46,11729.41
8296.733,1955.555,11250.25,8356.532,2033.775,11114.79,9121.886,1982.074,11667.65,8290.334,2018.298,11183.72,8907.813,1974.46,11729.26
8296.595,1955.555,11250.41,8356.354,2033.775,11114.9,9121.709,1982.074,11667.54,8290.169,2018.298,11183.84,8907.671,1974.46,11729.11
8296.451,1955.555,11250.56,8356.18,2033.775,11115.01,9121.536,1982.074,11667.42,8289.988,2018.298,11183.95,8907.533,1974.46,11728.96
8296.303,1955.555,11250.71,8356.013,2033.775,11115.14,9121.359,1982.074,11667.31,8289.812,2018.298,11184.06,8907.396,1974.46,11728.8
8296.149,1955.555,11250.85,8355.841,2033.775,11115.26,9121.184,1982.074,11667.2,8289.638,2018.298,11184.17,8907.265,1974.46,11728.64
8295.991,1955.555,11250.98,8355.671,2033.775,11115.38,9121.012,1982.074,11667.08,8289.468,2018.298,11184.29,8907.155,1974.46,11728.46
8295.836,1955.555,11251.12,8355.505,2033.775,11115.5,9120.833,1982.074,11666.98,8289.289,2018.298,11184.4,8907.04,1974.46,11728.29
8295.677,1955.555,11251.26,8355.335,2033.775,11115.62,9120.657,1982.074,11666.86,8289.114,2018.298,11184.51,8906.919,1974.46,11728.12
8295.513,1955.555,11251.38,8355.161,2033.775,11115.74,9120.485,1982.074,11666.75,8288.942,2018.298,11184.63,8906.812,1974.46,11727.94
8295.345,1955.555,11251.51,8354.991,2033.775,11115.86,9120.303,1982.074,11666.65,8288.774,2018.298,11184.75,8906.698,1974.46,11727.76
8295.178,1955.555,11251.63,8354.817,2033.775,11115.98,9120.123,1982.074,11666.54,8288.623,2018.298,11184.9,8906.579,1974.46,11727.59
8295.016,1955.555,11251.76,8354.647,2033.775,11116.1,9119.947,1982.074,11666.43,8288.467,2018.298,11185.04,8906.462,1974.46,11727.42
8294.857,1955.555,11251.9,8354.475,2033.775,11116.21,9119.775,1982.074,11666.31,8288.307,2018.298,11185.17,8906.34,1974.46,11727.25
8294.715,1955.555,11252.05,8354.306,2033.775,11116.34,9119.607,1982.074,11666.19,8288.151,2018.298,11185.31,8906.212,1974.46,11727.09
8294.567,1955.555,11252.2,8354.135,2033.775,11116.46,9119.443,1982.074,11666.06,8287.992,2018.298,11185.44,8906.107,1974.46,11726.91
8294.418,1955.555,11252.34,8353.955,2033.775,11116.56,9119.283,1982.074,11665.93,8287.828,2018.298,11185.57,8905.997,1974.46,11726.73
8294.264,1955.555,11252.48,8353.778,2033.775,11116.67,9119.137,1982.074,11665.78,8287.66,2018.298,11185.7,8905.885,1974.46,11726.55
8294.104,1955.555,11252.62,8353.605,2033.775,11116.79,9118.991,1982.074,11665.63,8287.479,2018.298,11185.8,8905.768,1974.46,11726.38
8293.941,1955.555,11252.74,8353.429,2033.775,11116.9,9118.848,1982.074,11665.48,8287.295,2018.298,11185.9,8905.645,1974.46,11726.21
8293.774,1955.555,11252.87,8353.253,2033.775,11117.01,9118.701,1982.074,11665.33,8287.113,2018.298,11186,8905.516,1974.46,11726.05
8293.606,1955.555,11252.99,8353.073,2033.775,11117.12,9118.551,1982.074,11665.19,8286.936,2018.298,11186.11,8905.382,1974.46,11725.89
8293.435,1955.555,11253.11,8352.897,2033.775,11117.23,9118.396,1982.074,11665.05,8286.761,2018.298,11186.22,8905.253,1974.46,11725.73
8293.259,1955.555,11253.22,8352.719,2033.775,11117.33,9118.247,1982.074,11664.9,8286.59,2018.298,11186.34,8905.119,1974.46,11725.57
8293.08,1955.555,11253.33,8352.543,2033.775,11117.45,9118.094,1982.074,11664.76,8286.418,2018.298,11186.46,8904.99,1974.46,11725.4
8292.905,1955.555,11253.44,8352.371,2033.775,11117.57,9117.936,1982.074,11664.63,8286.254,2018.298,11186.59,8904.857,1974.46,11725.24
8292.729,1955.555,11253.55,8352.203,2033.775,11117.69,9117.787,1982.074,11664.48,8286.1,2018.298,11186.73,8904.72,1974.46,11725.09
8292.556,1955.555,11253.67,8352.033,2033.775,11117.81,9117.635,1982.074,11664.34,8285.94,2018.298,11186.86,8904.587,1974.46,11724.93
8292.387,1955.555,11253.79,8351.857,2033.775,11117.92,9117.478,1982.074,11664.2,8285.792,2018.298,11187.01,8904.459,1974.46,11724.76
8292.218,1955.555,11253.91,8351.685,2033.775,11118.04,9117.316,1982.074,11664.07,8285.639,2018.298,11187.15,8904.334,1974.46,11724.6
8292.054,1955.555,11254.04,8351.516,2033.775,11118.16,9117.151,1982.074,11663.94,8285.48,2018.298,11187.28,8904.22,1974.46,11724.42
8291.882,1955.555,11254.16,8351.349,2033.775,11118.28,9116.981,1982.074,11663.82,8285.318,2018.298,11187.42,8904.1,1974.46,11724.25
8291.703,1955.555,11254.26,8351.186,2033.775,11118.41,9116.816,1982.074,11663.69,8285.152,2018.298,11187.54,8903.984,1974.46,11724.08
8291.527,1955.555,11254.38,8351.019,2033.775,11118.54,9116.646,1982.074,11663.57,8284.99,2018.298,11187.67,8903.863,1974.46,11723.91
8291.355,1955.555,11254.49,8350.855,2033.775,11118.67,9116.481,1982.074,11663.45,8284.824,2018.298,11187.8,8903.737,1974.46,11723.74
8291.18,1955.555,11254.61,8350.688,2033.775,11118.79,9116.312,1982.074,11663.33,8284.654,2018.298,11187.92,8903.613,1974.46,11723.57
8291.008,1955.555,11254.72,8350.518,2033.775,11118.91,9116.146,1982.074,11663.2,8284.48,2018.298,11188.03,8903.483,1974.46,11723.41
8290.844,1955.555,11254.85,8350.352,2033.775,11119.04,9115.976,1982.074,11663.08,8284.307,2018.298,11188.14,8903.349,1974.46,11723.25
8290.676,1955.555,11254.97,8350.182,2033.775,11119.16,9115.803,1982.074,11662.96,8284.137,2018.298,11188.26,8903.219,1974.46,11723.09
8290.515,1955.555,11255.11,8350.022,2033.775,11119.29,9115.634,1982.074,11662.84,8283.97,2018.298,11188.39,8903.114,1974.46,11722.91
8290.362,1955.555,11255.25,8349.859,2033.775,11119.42,9115.469,1982.074,11662.71,8283.807,2018.298,11188.52,8903.004,1974.46,11722.73
8290.221,1955.555,11255.4,8349.688,2033.775,11119.54,9115.3,1982.074,11662.59,8283.646,2018.298,11188.65,8902.899,1974.46,11722.55
8290.074,1955.555,11255.55,8349.521,2033.775,11119.66,9115.125,1982.074,11662.48,8283.473,2018.298,11188.77,8902.789,1974.46,11722.38
8289.923,1955.555,11255.69,8349.351,2033.775,11119.78,9114.943,1982.074,11662.38,8283.303,2018.298,11188.89,8902.673,1974.46,11722.2
8289.767,1955.555,11255.83,8349.183,2033.775,11119.91,9114.765,1982.074,11662.27,8283.135,2018.298,11189.01,8902.57,1974.46,11722.02
8289.607,1955.555,11255.96,8349.021,2033.775,11120.04,9114.588,1982.074,11662.16,8282.958,2018.298,11189.12,8902.464,1974.46,11721.84
8289.443,1955.555,11256.09,8348.858,2033.775,11120.17,9114.415,1982.074,11662.05,8282.784,2018.298,11189.24,8902.352,1974.46,11721.67
8289.142,1955.555,11256.31,8348.56,2033.775,11120.39,9114.111,1982.074,11661.83,8282.479,2018.298,11189.45,8902.14,1974.46,11721.36
8288.831,1955.555,11256.53,8348.271,2033.775,11120.64,9113.813,1982.074,11661.6,8282.18,2018.298,11189.68,8901.916,1974.46,11721.05
8288.419,1955.555,11256.83,8347.87,2033.775,11120.95,9113.449,1982.074,11661.24,8281.779,2018.298,11190,8901.6,1974.46,11720.65
8288.074,1955.555,11257.1,8347.492,2033.775,11121.18,9113.128,1982.074,11660.94,8281.452,2018.298,11190.29,8901.366,1974.46,11720.28
8287.712,1955.555,11257.41,8347.093,2033.775,11121.43,9112.771,1982.074,11660.63,8281.089,2018.298,11190.59,8901.102,1974.46,11719.89
8287.199,1955.555,11257.81,8346.555,2033.775,11121.8,9112.267,1982.074,11660.22,8280.585,2018.298,11191.01,8900.779,1974.46,11719.32
8286.777,1955.555,11258.16,8346.109,2033.775,11122.12,9111.828,1982.074,11659.88,8280.155,2018.298,11191.35,8900.491,1974.46,11718.85
8285.943,1955.555,11258.82,8345.274,2033.775,11122.78,9110.964,1982.074,11659.27,8279.307,2018.298,11191.99,8899.907,1974.46,11717.97
8285.739,1955.555,11258.97,8345.07,2033.775,11122.92,9110.754,1982.074,11659.13,8279.109,2018.298,11192.15,8899.762,1974.46,11717.76
8284.873,1955.555,11259.63,8344.211,2033.775,11123.6,9109.794,1982.074,11658.61,8278.315,2018.298,11192.89,8899.143,1974.46,11716.86
8283.961,1955.555,11260.38,8343.307,2033.775,11124.35,9108.775,1982.074,11658.02,8277.52,2018.298,11193.76,8898.442,1974.46,11715.92
8283.663,1955.555,11260.64,8343.012,2033.775,11124.62,9108.44,1982.074,11657.81,8277.244,2018.298,11194.05,8898.197,1974.46,11715.6
8282.826,1955.555,11261.42,8342.184,2033.775,11125.41,9107.473,1982.074,11657.2,8276.42,2018.298,11194.84,8897.573,1974.46,11714.65
8282.116,1955.555,11262.12,8341.398,2033.775,11126.03,9106.644,1982.074,11656.63,8275.755,2018.298,11195.59,8896.999,1974.46,11713.82
8281.404,1955.555,11262.88,8340.606,2033.775,11126.7,9105.795,1982.074,11656.03,8275.053,2018.298,11196.36,8896.376,1974.46,11712.99
8280.559,1955.555,11263.55,8339.758,2033.775,11127.37,9104.858,1982.074,11655.5,8274.389,2018.298,11197.21,8895.795,1974.46,11712.08
8279.705,1955.555,11264.28,8338.9,2033.775,11128.09,9103.905,1982.074,11654.91,8273.672,2018.298,11198.07,8895.162,1974.46,11711.16
8279.068,1955.555,11264.85,8338.261,2033.775,11128.66,9103.188,1982.074,11654.44,8273.119,2018.298,11198.72,8894.653,1974.46,11710.47
8277.825,1955.555,11266.06,8336.998,2033.775,11129.84,9101.701,1982.074,11653.56,8271.965,2018.298,11200.01,8893.585,1974.46,11709.11
8277.368,1955.555,11266.51,8336.5,2033.775,11130.25,9101.155,1982.074,11653.21,8271.518,2018.298,11200.48,8893.211,1974.46,11708.58
8276.2,1955.555,11267.64,8335.287,2033.775,11131.33,9099.798,1982.074,11652.32,8270.467,2018.298,11201.71,8892.23,1974.46,11707.29
8275.302,1955.555,11268.46,8334.404,2033.775,11132.17,9098.802,1982.074,11651.62,8269.649,2018.298,11202.61,8891.464,1974.46,11706.35
8273.978,1955.555,11269.56,8333.147,2033.775,11133.35,9097.422,1982.074,11650.59,8268.448,2018.298,11203.85,8890.277,1974.46,11705.09
8273.096,1955.555,11270.35,8332.19,2033.775,11134.04,9096.5,1982.074,11649.85,8267.611,2018.298,11204.69,8889.492,1974.46,11704.21
8272.545,1955.555,11270.88,8331.59,2033.775,11134.51,9095.941,1982.074,11649.33,8267.056,2018.298,11205.21,8889.006,1974.46,11703.63
8271.041,1955.555,11272.22,8330.039,2033.775,11135.8,9094.417,1982.074,11648.01,8265.539,2018.298,11206.54,8887.64,1974.46,11702.14
8270.085,1955.555,11273.02,8329.107,2033.775,11136.63,9093.449,1982.074,11647.23,8264.576,2018.298,11207.33,8886.826,1974.46,11701.2
8269.063,1955.555,11274.15,8328.027,2033.775,11137.71,9092.232,1982.074,11646.3,8263.428,2018.298,11208.33,8885.867,1974.46,11700.01
8268.046,1955.555,11275.21,8327.097,2033.775,11138.84,9091.094,1982.074,11645.38,8262.303,2018.298,11209.27,8884.872,1974.46,11698.93
8266.872,1955.555,11276.39,8325.996,2033.775,11140.09,9089.824,1982.074,11644.3,8261.059,2018.298,11210.38,8883.781,1974.46,11697.67
8266.02,1955.555,11277.33,8325.129,2033.775,11141.01,9088.907,1982.074,11643.43,8260.094,2018.298,11211.2,8882.983,1974.46,11696.69
8264.844,1955.555,11278.54,8323.943,2033.775,11142.21,9087.649,1982.074,11642.3,8258.846,2018.298,11212.34,8881.946,1974.46,11695.36
8263.834,1955.555,11279.52,8322.925,2033.775,11143.18,9086.697,1982.074,11641.27,8257.84,2018.298,11213.32,8881.191,1974.46,11694.17
8262.998,1955.555,11280.1,8322.19,2033.775,11143.88,9085.983,1982.074,11640.54,8257.099,2018.298,11214.02,8880.616,1974.46,11693.33
8261.495,1955.555,11281.22,8320.796,2033.775,11145.13,9084.625,1982.074,11639.25,8255.692,2018.298,11215.25,8879.627,1974.46,11691.74
8260.58,1955.555,11281.92,8319.913,2033.775,11145.88,9083.801,1982.074,11638.45,8254.803,2018.298,11215.99,8878.987,1974.46,11690.78
8259.758,1955.555,11282.59,8319.118,2033.775,11146.58,9083.021,1982.074,11637.73,8254.073,2018.298,11216.76,8878.404,1974.46,11689.9
8258.766,1955.555,11283.46,8318.146,2033.775,11147.47,9082.025,1982.074,11636.86,8253.138,2018.298,11217.69,8877.725,1974.46,11688.77
8257.994,1955.555,11284.07,8317.441,2033.775,11148.16,9081.261,1982.074,11636.24,8252.417,2018.298,11218.36,8877.228,1974.46,11687.92
8256.354,1955.555,11285.37,8315.9,2033.775,11149.57,9079.596,1982.074,11634.98,8251.075,2018.298,11219.96,8876.201,1974.46,11686.1
8256.146,1955.555,11285.54,8315.706,2033.775,11149.76,9079.366,1982.074,11634.83,8250.894,2018.298,11220.17,8876.06,1974.46,11685.86
8255.329,1955.555,11286.28,8314.944,2033.775,11150.56,9078.427,1982.074,11634.26,8250.133,2018.298,11220.96,8875.457,1974.46,11684.94
8254.589,1955.555,11286.99,8314.219,2033.775,11151.29,9077.568,1982.074,11633.69,8249.399,2018.298,11221.68,8874.867,1974.46,11684.1
8254.068,1955.555,11287.53,8313.674,2033.775,11151.8,9076.958,1982.074,11633.26,8248.839,2018.298,11222.18,8874.438,1974.46,11683.49
8253.192,1955.555,11288.37,8312.768,2033.775,11152.61,9075.987,1982.074,11632.53,8247.953,2018.298,11223.01,8873.751,1974.46,11682.48
8252.589,1955.555,11289.09,8312.092,2033.775,11153.26,9075.23,1982.074,11631.98,8247.382,2018.298,11223.75,8873.198,1974.46,11681.73
8252.2,1955.555,11289.52,8311.684,2033.775,11153.67,9074.722,1982.074,11631.69,8247.01,2018.298,11224.2,8872.921,1974.46,11681.22
8251.303,1955.555,11290.4,8310.839,2033.775,11154.6,9073.652,1982.074,11631.04,8246.183,2018.298,11225.14,8872.303,1974.46,11680.13
8250.793,1955.555,11290.92,8310.308,2033.775,11155.1,9073.037,1982.074,11630.64,8245.68,2018.298,11225.67,8871.919,1974.46,11679.5
8250.122,1955.555,11291.45,8309.711,2033.775,11155.71,9072.34,1982.074,11630.16,8245.076,2018.298,11226.27,8871.473,1974.46,11678.78
8249.529,1955.555,11291.94,8309.152,2033.775,11156.24,9071.722,1982.074,11629.69,8244.562,2018.298,11226.85,8871.082,1974.46,11678.11
8248.93,1955.555,11292.48,8308.589,2033.775,11156.81,9071.094,1982.074,11629.19,8244.006,2018.298,11227.43,8870.652,1974.46,11677.43
8248.402,1955.555,11292.98,8308.027,2033.775,11157.28,9070.467,1982.074,11628.82,8243.52,2018.298,11227.97,8870.262,1974.46,11676.82
8247.85,1955.555,11293.54,8307.437,2033.775,11157.8,9069.802,1982.074,11628.4,8242.975,2018.298,11228.54,8869.817,1974.46,11676.17
8247.38,1955.555,11293.91,8307.001,2033.775,11158.21,9069.307,1982.074,11628.06,8242.546,2018.298,11228.96,8869.515,1974.46,11675.65
8246.772,1955.555,11294.42,8306.441,2033.775,11158.77,9068.63,1982.074,11627.65,8241.968,2018.298,11229.5,8869.091,1974.46,11674.98
8246.359,1955.555,11294.8,8306.039,2033.775,11159.16,9068.155,1982.074,11627.36,8241.592,2018.298,11229.91,8868.778,1974.46,11674.52
8245.82,1955.555,11295.32,8305.487,2033.775,11159.66,9067.53,1982.074,11626.94,8241.067,2018.298,11230.45,8868.338,1974.46,11673.91
8245.402,1955.555,11295.62,8305.116,2033.775,11160.03,9067.107,1982.074,11626.65,8240.709,2018.298,11230.82,8868.055,1974.46,11673.48
8244.696,1955.555,11296.18,8304.426,2033.775,11160.6,9066.392,1982.074,11626.1,8240.067,2018.298,11231.45,8867.562,1974.46,11672.73
8244.537,1955.555,11296.31,8304.271,2033.775,11160.74,9066.229,1982.074,11625.97,8239.914,2018.298,11231.59,8867.459,1974.46,11672.55
8243.932,1955.555,11296.78,8303.705,2033.775,11161.25,9065.652,1982.074,11625.47,8239.39,2018.298,11232.15,8867.061,1974.46,11671.9
8243.508,1955.555,11297.13,8303.312,2033.775,11161.63,9065.258,1982.074,11625.09,8239.012,2018.298,11232.54,8866.759,1974.46,11671.44
8243.107,1955.555,11297.48,8302.941,2033.775,11162.02,9064.863,1982.074,11624.73,8238.667,2018.298,11232.95,8866.452,1974.46,11671
8242.733,1955.555,11297.83,8302.572,2033.775,11162.37,9064.473,1982.074,11624.4,8238.327,2018.298,11233.33,8866.144,1974.46,11670.59
8242.46,1955.555,11298.08,8302.312,2033.775,11162.64,9064.231,1982.074,11624.12,8238.074,2018.298,11233.61,8865.908,1974.46,11670.3
8241.962,1955.555,11298.58,8301.771,2033.775,11163.09,9063.776,1982.074,11623.58,8237.582,2018.298,11234.11,8865.397,1974.46,11669.82
8241.793,1955.555,11298.76,8301.586,2033.775,11163.25,9063.61,1982.074,11623.4,8237.431,2018.298,11234.31,8865.224,1974.46,11669.64
8241.408,1955.555,11299.2,8301.164,2033.775,11163.66,9063.205,1982.074,11622.98,8237.058,2018.298,11234.75,8864.828,1974.46,11669.21
8241.203,1955.555,11299.44,8300.941,2033.775,11163.88,9062.978,1982.074,11622.76,8236.85,2018.298,11234.99,8864.62,1974.46,11668.98
8240.836,1955.555,11299.84,8300.57,2033.775,11164.28,9062.572,1982.074,11622.39,8236.497,2018.298,11235.41,8864.222,1974.46,11668.6
8240.578,1955.555,11300.14,8300.313,2033.775,11164.58,9062.291,1982.074,11622.12,8236.238,2018.298,11235.71,8863.944,1974.46,11668.32
8240.327,1955.555,11300.44,8300.048,2033.775,11164.87,9062.036,1982.074,11621.82,8235.976,2018.298,11236,8863.663,1974.46,11668.05
8240.083,1955.555,11300.77,8299.777,2033.775,11165.18,9061.757,1982.074,11621.51,8235.664,2018.298,11236.27,8863.376,1974.46,11667.75
8239.85,1955.555,11301.07,8299.522,2033.775,11165.46,9061.492,1982.074,11621.24,8235.387,2018.298,11236.53,8863.122,1974.46,11667.47
8239.616,1955.555,11301.35,8299.271,2033.775,11165.72,9061.23,1982.074,11620.99,8235.129,2018.298,11236.78,8862.888,1974.46,11667.19
8239.377,1955.555,11301.62,8299.015,2033.775,11165.97,9060.963,1982.074,11620.75,8234.883,2018.298,11237.04,8862.665,1974.46,11666.91
8239.209,1955.555,11301.79,8298.838,2033.775,11166.14,9060.784,1982.074,11620.59,8234.719,2018.298,11237.23,8862.512,1974.46,11666.72
8238.898,1955.555,11302.09,8298.536,2033.775,11166.45,9060.469,1982.074,11620.29,8234.419,2018.298,11237.54,8862.199,1974.46,11666.43
8238.74,1955.555,11302.25,8298.383,2033.775,11166.62,9060.298,1982.074,11620.15,8234.282,2018.298,11237.72,8862.04,1974.46,11666.27
8238.448,1955.555,11302.53,8298.12,2033.775,11166.92,9060.034,1982.074,11619.84,8234.029,2018.298,11238.03,8861.767,1974.46,11665.97
8238.24,1955.555,11302.74,8297.935,2033.775,11167.15,9059.843,1982.074,11619.62,8233.836,2018.298,11238.25,8861.562,1974.46,11665.76
8238.037,1955.555,11302.96,8297.752,2033.775,11167.39,9059.642,1982.074,11619.4,8233.654,2018.298,11238.49,8861.353,1974.46,11665.54
8237.844,1955.555,11303.16,8297.59,2033.775,11167.61,9059.448,1982.074,11619.2,8233.479,2018.298,11238.7,8861.165,1974.46,11665.34
8237.659,1955.555,11303.36,8297.423,2033.775,11167.83,9059.251,1982.074,11619.01,8233.299,2018.298,11238.91,8860.987,1974.46,11665.13
8237.46,1955.555,11303.54,8297.253,2033.775,11168.04,9059.053,1982.074,11618.83,8233.128,2018.298,11239.11,8860.82,1974.46,11664.92
8237.268,1955.555,11303.72,8297.089,2033.775,11168.24,9058.853,1982.074,11618.66,8232.956,2018.298,11239.31,8860.663,1974.46,11664.71
8237.093,1955.555,11303.89,8296.93,2033.775,11168.42,9058.672,1982.074,11618.5,8232.793,2018.298,11239.49,8860.527,1974.46,11664.51
8236.862,1955.555,11304.12,8296.708,2033.775,11168.67,9058.423,1982.074,11618.28,8232.569,2018.298,11239.73,8860.337,1974.46,11664.24
8236.719,1955.555,11304.27,8296.571,2033.775,11168.82,9058.262,1982.074,11618.15,8232.424,2018.298,11239.88,8860.21,1974.46,11664.08
8236.484,1955.555,11304.53,8296.335,2033.775,11169.08,9058,1982.074,11617.92,8232.177,2018.298,11240.13,8860.008,1974.46,11663.8
8236.253,1955.555,11304.79,8296.109,2033.775,11169.34,9057.729,1982.074,11617.7,8231.923,2018.298,11240.37,8859.795,1974.46,11663.52
8236.086,1955.555,11304.98,8295.937,2033.775,11169.54,9057.508,1982.074,11617.57,8231.732,2018.298,11240.54,8859.625,1974.46,11663.33
8235.667,1955.555,11305.5,8295.503,2033.775,11170.04,9056.95,1982.074,11617.21,8231.232,2018.298,11240.98,8859.205,1974.46,11662.81
8235.364,1955.555,11305.84,8295.19,2033.775,11170.38,9056.572,1982.074,11616.95,8230.896,2018.298,11241.29,8858.896,1974.46,11662.47
8234.932,1955.555,11306.31,8294.744,2033.775,11170.83,9056.063,1982.074,11616.57,8230.445,2018.298,11241.74,8858.484,1974.46,11661.99
8234.554,1955.555,11306.69,8294.423,2033.775,11171.26,9055.643,1982.074,11616.24,8230.059,2018.298,11242.11,8858.143,1974.46,11661.57
8234.065,1955.555,11307.33,8293.918,2033.775,11171.89,9055.002,1982.074,11615.74,8229.494,2018.298,11242.69,8857.645,1974.46,11660.94
8233.593,1955.555,11307.92,8293.431,2033.775,11172.46,9054.423,1982.074,11615.26,8228.987,2018.298,11243.24,8857.201,1974.46,11660.33
8233.089,1955.555,11308.54,8292.911,2033.775,11173.07,9053.824,1982.074,11614.74,8228.469,2018.298,11243.85,8856.71,1974.46,11659.7
8232.559,1955.555,11309.19,8292.344,2033.775,11173.69,9053.173,1982.074,11614.2,8227.941,2018.298,11244.51,8856.212,1974.46,11659.02
8232.104,1955.555,11309.8,8291.854,2033.775,11174.27,9052.591,1982.074,11613.72,8227.451,2018.298,11245.08,8855.789,1974.46,11658.39
8231.372,1955.555,11310.8,8291.018,2033.775,11175.19,9051.657,1982.074,11612.9,8226.625,2018.298,11246.01,8855.085,1974.46,11657.37
8231.045,1955.555,11311.27,8290.647,2033.775,11175.62,9051.271,1982.074,11612.48,8226.237,2018.298,11246.43,8854.746,1974.46,11656.91
8230.216,1955.555,11312.5,8289.647,2033.775,11176.72,9050.319,1982.074,11611.33,8225.208,2018.298,11247.5,8853.896,1974.46,11655.69
8229.907,1955.555,11312.98,8289.298,2033.775,11177.17,9049.941,1982.074,11610.91,8224.807,2018.298,11247.91,8853.556,1974.46,11655.23
8229.102,1955.555,11314.14,8288.394,2033.775,11178.25,9048.968,1982.074,11609.89,8223.842,2018.298,11248.94,8852.848,1974.46,11654.01
8228.524,1955.555,11314.91,8287.75,2033.775,11178.97,9048.28,1982.074,11609.21,8223.194,2018.298,11249.65,8852.336,1974.46,11653.19
8227.732,1955.555,11315.91,8286.942,2033.775,11179.96,9047.347,1982.074,11608.35,8222.374,2018.298,11250.62,8851.724,1974.46,11652.08
8226.874,1955.555,11316.91,8286.219,2033.775,11181.06,9046.345,1982.074,11607.48,8221.512,2018.298,11251.63,8851.048,1974.46,11650.94
8226.03,1955.555,11317.84,8285.532,2033.775,11182.11,9045.37,1982.074,11606.69,8220.602,2018.298,11252.49,8850.373,1974.46,11649.89
8225.128,1955.555,11318.77,8284.788,2033.775,11183.17,9044.293,1982.074,11605.97,8219.691,2018.298,11253.41,8849.641,1974.46,11648.82
8224.591,1955.555,11319.42,8284.281,2033.775,11183.85,9043.606,1982.074,11605.48,8219.055,2018.298,11253.97,8849.193,1974.46,11648.1
8223.375,1955.555,11320.8,8283.129,2033.775,11185.28,9042.147,1982.074,11604.37,8217.708,2018.298,11255.22,8848.169,1974.46,11646.58
8222.476,1955.555,11321.86,8282.222,2033.775,11186.34,9040.983,1982.074,11603.6,8216.669,2018.298,11256.14,8847.375,1974.46,11645.43
8221.84,1955.555,11322.64,8281.54,2033.775,11187.08,9040.159,1982.074,11603.02,8215.902,2018.298,11256.8,8846.773,1974.46,11644.62
8220.7,1955.555,11324.1,8280.244,2033.775,11188.4,9038.682,1982.074,11601.91,8214.471,2018.298,11257.97,8845.719,1974.46,11643.1
8220.062,1955.555,11324.95,8279.476,2033.775,11189.13,9037.854,1982.074,11601.24,8213.634,2018.298,11258.62,8845.084,1974.46,11642.25
8218.938,1955.555,11326.51,8278.043,2033.775,11190.42,9036.322,1982.074,11600.08,8212.096,2018.298,11259.77,8843.933,1974.46,11640.71
8218.06,1955.555,11327.64,8276.942,2033.775,11191.34,9035.107,1982.074,11599.31,8210.976,2018.298,11260.67,8843.11,1974.46,11639.53
8216.771,1955.555,11329.2,8275.447,2033.775,11192.7,9033.431,1982.074,11598.18,8209.438,2018.298,11261.99,8842.1,1974.46,11637.78
8216.195,1955.555,11329.85,8274.786,2033.775,11193.26,9032.728,1982.074,11597.67,8208.797,2018.298,11262.57,8841.642,1974.46,11637.04
8214.771,1955.555,11331.59,8272.952,2033.775,11194.56,9030.951,1982.074,11596.29,8207.188,2018.298,11264.14,8840.394,1974.46,11635.17
8214.243,1955.555,11332.27,8272.252,2033.775,11195.07,9030.286,1982.074,11595.74,8206.615,2018.298,11264.79,8839.891,1974.46,11634.47
8212.517,1955.555,11334.36,8270.109,2033.775,11196.73,9028.258,1982.074,11593.95,8204.753,2018.298,11266.76,8838.242,1974.46,11632.32
8211.762,1955.555,11335.34,8269.157,2033.775,11197.51,9027.273,1982.074,11593.21,8204.016,2018.298,11267.74,8837.4,1974.46,11631.42
8211.147,1955.555,11336.03,8268.459,2033.775,11198.12,9026.55,1982.074,11592.62,8203.436,2018.298,11268.47,8836.788,1974.46,11630.72
8209.336,1955.555,11337.63,8266.688,2033.775,11199.77,9024.718,1982.074,11591.05,8201.865,2018.298,11270.31,8835.15,1974.46,11628.95
8208.247,1955.555,11338.66,8265.625,2033.775,11200.82,9023.557,1982.074,11590.1,8200.856,2018.298,11271.41,8834.173,1974.46,11627.81
8206.905,1955.555,11340.01,8264.27,2033.775,11202.16,9022.119,1982.074,11588.85,8199.526,2018.298,11272.78,8832.976,1974.46,11626.33
8205.893,1955.555,11341.1,8263.247,2033.775,11203.24,9020.862,1982.074,11588.06,8198.569,2018.298,11273.91,8832.01,1974.46,11625.2
8204.527,1955.555,11342.67,8261.867,2033.775,11204.79,9019.142,1982.074,11586.9,8197.256,2018.298,11275.52,8830.712,1974.46,11623.58
8203.567,1955.555,11343.84,8260.896,2033.775,11205.96,9017.912,1982.074,11586,8196.258,2018.298,11276.67,8829.803,1974.46,11622.36
8202.166,1955.555,11346.07,8259.149,2033.775,11207.93,9015.764,1982.074,11584.48,8194.595,2018.298,11278.71,8828.001,1974.46,11620.44
8201.849,1955.555,11346.54,8258.738,2033.775,11208.32,9015.312,1982.074,11584.14,8194.25,2018.298,11279.16,8827.626,1974.46,11620.02
8200.303,1955.555,11348.67,8256.889,2033.775,11210.19,9013.265,1982.074,11582.48,8192.58,2018.298,11281.2,8825.952,1974.46,11617.98
8199.658,1955.555,11349.74,8256.044,2033.775,11211.11,9012.323,1982.074,11581.67,8191.787,2018.298,11282.16,8825.193,1974.46,11617
8198.8,1955.555,11351.06,8255.016,2033.775,11212.3,9011.169,1982.074,11580.6,8190.807,2018.298,11283.38,8824.123,1974.46,11615.85
8197.933,1955.555,11352.3,8253.964,2033.775,11213.39,9010.024,1982.074,11579.61,8189.903,2018.298,11284.6,8823.13,1974.46,11614.7
8197.451,1955.555,11353.25,8253.249,2033.775,11214.18,9009.242,1982.074,11578.89,8189.352,2018.298,11285.51,8822.457,1974.46,11613.88
8196.567,1955.555,11354.86,8252.061,2033.775,11215.58,9007.853,1982.074,11577.68,8188.351,2018.298,11287.05,8821.344,1974.46,11612.41
8196.143,1955.555,11355.76,8251.44,2033.775,11216.36,9007.053,1982.074,11577.08,8187.857,2018.298,11287.92,8820.657,1974.46,11611.69
8195.146,1955.555,11357.71,8250.137,2033.775,11218.12,9005.342,1982.074,11575.72,8186.957,2018.298,11289.92,8819.204,1974.46,11610.05
8194.91,1955.555,11358.22,8249.82,2033.775,11218.58,9004.901,1982.074,11575.38,8186.711,2018.298,11290.42,8818.823,1974.46,11609.65
8194.213,1955.555,11359.58,8248.991,2033.775,11219.87,9003.721,1982.074,11574.4,8186.155,2018.298,11291.84,8817.812,1974.46,11608.49
8193.825,1955.555,11360.41,8248.523,2033.775,11220.65,9003.038,1982.074,11573.8,8185.797,2018.298,11292.68,8817.232,1974.46,11607.79
8192.989,1955.555,11361.89,8247.696,2033.775,11222.14,9001.799,1982.074,11572.63,8185.076,2018.298,11294.23,8816.098,1974.46,11606.52
8192.709,1955.555,11362.43,8247.42,2033.775,11222.68,9001.393,1982.074,11572.18,8184.822,2018.298,11294.78,8815.709,1974.46,11606.05
8192.09,1955.555,11363.72,8246.809,2033.775,11223.97,9000.399,1982.074,11571.14,8184.264,2018.298,11296.09,8814.732,1974.46,11605.01
8191.655,1955.555,11364.71,8246.381,2033.775,11224.96,8999.705,1982.074,11570.32,8183.813,2018.298,11297.07,8814.024,1974.46,11604.19
8191.204,1955.555,11365.64,8246.061,2033.775,11225.95,8999.049,1982.074,11569.51,8183.288,2018.298,11297.97,8813.366,1974.46,11603.39
8190.917,1955.555,11366.34,8245.806,2033.775,11226.66,8998.556,1982.074,11568.95,8182.93,2018.298,11298.63,8812.91,1974.46,11602.79
8190.409,1955.555,11367.46,8245.35,2033.775,11227.8,8997.717,1982.074,11568.04,8182.37,2018.298,11299.73,8812.194,1974.46,11601.79
8189.996,1955.555,11368.32,8245.06,2033.775,11228.71,8997.048,1982.074,11567.37,8181.862,2018.298,11300.53,8811.563,1974.46,11601.08
8189.764,1955.555,11368.87,8244.859,2033.775,11229.27,8996.615,1982.074,11566.96,8181.561,2018.298,11301.05,8811.182,1974.46,11600.62
8189.257,1955.555,11370.02,8244.396,2033.775,11230.45,8995.67,1982.074,11566.12,8180.958,2018.298,11302.16,8810.406,1974.46,11599.62
8188.937,1955.555,11370.69,8244.152,2033.775,11231.15,8995.131,1982.074,11565.61,8180.625,2018.298,11302.82,8809.97,1974.46,11599.02
8188.667,1955.555,11371.56,8243.875,2033.775,11232.01,8994.493,1982.074,11564.97,8180.246,2018.298,11303.64,8809.461,1974.46,11598.27
8188.444,1955.555,11372.2,8243.646,2033.775,11232.65,8993.998,1982.074,11564.5,8179.932,2018.298,11304.25,8809.155,1974.46,11597.66
8188.026,1955.555,11373.29,8243.218,2033.775,11233.73,8993.073,1982.074,11563.79,8179.428,2018.298,11305.3,8808.6,1974.46,11596.64
8187.928,1955.555,11373.52,8243.117,2033.775,11233.97,8992.878,1982.074,11563.63,8179.302,2018.298,11305.51,8808.472,1974.46,11596.42
8187.513,1955.555,11374.42,8242.703,2033.775,11234.87,8992.132,1982.074,11562.98,8178.814,2018.298,11306.38,8808.05,1974.46,11595.53
8187.191,1955.555,11375.06,8242.383,2033.775,11235.51,8991.581,1982.074,11562.52,8178.463,2018.298,11307,8807.724,1974.46,11594.89
8186.993,1955.555,11375.61,8242.105,2033.775,11236.02,8991.146,1982.074,11562.13,8178.195,2018.298,11307.52,8807.441,1974.46,11594.38
8186.723,1955.555,11376.28,8241.78,2033.775,11236.67,8990.619,1982.074,11561.63,8177.806,2018.298,11308.13,8807.069,1974.46,11593.75
8186.44,1955.555,11376.93,8241.445,2033.775,11237.29,8990.123,1982.074,11561.13,8177.449,2018.298,11308.74,8806.721,1974.46,11593.14
8186.197,1955.555,11377.5,8241.129,2033.775,11237.83,8989.731,1982.074,11560.64,8177.09,2018.298,11309.25,8806.393,1974.46,11592.61
8185.942,1955.555,11378.06,8240.805,2033.775,11238.34,8989.336,1982.074,11560.18,8176.758,2018.298,11309.76,8806.058,1974.46,11592.1
8185.767,1955.555,11378.41,8240.646,2033.775,11238.7,8989.104,1982.074,11559.87,8176.556,2018.298,11310.1,8805.832,1974.46,11591.78
8185.396,1955.555,11379.09,8240.306,2033.775,11239.4,8988.625,1982.074,11559.26,8176.176,2018.298,11310.77,8805.404,1974.46,11591.14
8185.259,1955.555,11379.42,8240.139,2033.775,11239.72,8988.395,1982.074,11558.98,8175.997,2018.298,11311.08,8805.213,1974.46,11590.83
8184.943,1955.555,11380.11,8239.761,2033.775,11240.38,8987.885,1982.074,11558.41,8175.637,2018.298,11311.75,8804.784,1974.46,11590.2
8184.731,1955.555,11380.54,8239.537,2033.775,11240.8,8987.554,1982.074,11558.07,8175.426,2018.298,11312.18,8804.529,1974.46,11589.8
8184.386,1955.555,11381.3,8239.172,2033.775,11241.55,8986.956,1982.074,11557.49,8175.08,2018.298,11312.94,8804.147,1974.46,11589.06
8184.292,1955.555,11381.49,8239.085,2033.775,11241.75,8986.807,1982.074,11557.33,8174.993,2018.298,11313.14,8804.058,1974.46,11588.86
8183.903,1955.555,11382.35,8238.588,2033.775,11242.54,8986.154,1982.074,11556.66,8174.583,2018.298,11313.98,8803.633,1974.46,11588.03
8183.571,1955.555,11383.02,8238.211,2033.775,11243.19,8985.615,1982.074,11556.14,8174.234,2018.298,11314.65,8803.271,1974.46,11587.37
8183.255,1955.555,11383.61,8237.885,2033.775,11243.77,8985.12,1982.074,11555.69,8173.988,2018.298,11315.27,8802.931,1974.46,11586.79
8182.855,1955.555,11384.42,8237.47,2033.775,11244.58,8984.373,1982.074,11555.18,8173.667,2018.298,11316.11,8802.489,1974.46,11586.01
8182.455,1955.555,11385.3,8237.054,2033.775,11245.45,8983.593,1982.074,11554.61,8173.38,2018.298,11317.04,8801.99,1974.46,11585.18
8182.155,1955.555,11386.02,8236.74,2033.775,11246.16,8982.978,1982.074,11554.13,8173.125,2018.298,11317.77,8801.565,1974.46,11584.52
8181.643,1955.555,11387.38,8236.203,2033.775,11247.51,8981.811,1982.074,11553.27,8172.604,2018.298,11319.13,8800.922,1974.46,11583.22
8181.509,1955.555,11387.7,8236.085,2033.775,11247.84,8981.537,1982.074,11553.05,8172.475,2018.298,11319.45,8800.757,1974.46,11582.92
8181.006,1955.555,11389.03,8235.559,2033.775,11249.16,8980.451,1982.074,11552.14,8171.913,2018.298,11320.76,8800.044,1974.46,11581.69
8180.583,1955.555,11390.04,8235.124,2033.775,11250.17,8979.632,1982.074,11551.4,8171.431,2018.298,11321.75,8799.567,1974.46,11580.69
8180.202,1955.555,11390.92,8234.719,2033.775,11251.04,8978.889,1982.074,11550.79,8171.018,2018.298,11322.61,8799.126,1974.46,11579.84
8179.783,1955.555,11392.12,8234.144,2033.775,11252.17,8977.929,1982.074,11549.96,8170.416,2018.298,11323.73,8798.553,1974.46,11578.71
8179.31,1955.555,11393.35,8233.548,2033.775,11253.34,8976.966,1982.074,11549.07,8169.702,2018.298,11324.83,8797.979,1974.46,11577.53
8178.818,1955.555,11394.5,8232.94,2033.775,11254.44,8976.004,1982.074,11548.26,8169.017,2018.298,11325.89,8797.394,1974.46,11576.42
8178.279,1955.555,11395.67,8232.284,2033.775,11255.55,8975.05,1982.074,11547.4,8168.354,2018.298,11326.99,8796.801,1974.46,11575.28
8177.684,1955.555,11396.85,8231.571,2033.775,11256.66,8973.987,1982.074,11546.62,8167.696,2018.298,11328.13,8796.152,1974.46,11574.13
8177.14,1955.555,11397.85,8230.944,2033.775,11257.61,8973.097,1982.074,11545.91,8166.976,2018.298,11329.01,8795.563,1974.46,11573.16
8176.388,1955.555,11399.12,8230.087,2033.775,11258.81,8971.903,1982.074,11545.03,8166.075,2018.298,11330.19,8794.753,1974.46,11571.92
8175.636,1955.555,11400.46,8229.326,2033.775,11260.14,8970.667,1982.074,11544.13,8165.184,2018.298,11331.43,8793.875,1974.46,11570.66
8174.764,1955.555,11401.89,8228.444,2033.775,11261.57,8969.344,1982.074,11543.1,8164.16,2018.298,11332.76,8792.957,1974.46,11569.26
8174.061,1955.555,11403,8227.734,2033.775,11262.67,8968.323,1982.074,11542.28,8163.395,2018.298,11333.83,8792.205,1974.46,11568.18
8173.492,1955.555,11404.16,8226.998,2033.775,11263.74,8967.343,1982.074,11541.43,8162.674,2018.298,11334.9,8791.475,1974.46,11567.11
8172.764,1955.555,11405.53,8225.922,2033.775,11264.86,8966.198,1982.074,11540.38,8161.851,2018.298,11336.22,8790.639,1974.46,11565.8
8171.754,1955.555,11407.29,8224.565,2033.775,11266.37,8964.657,1982.074,11539.06,8160.72,2018.298,11337.91,8789.7,1974.46,11564
8171.34,1955.555,11408.04,8224.018,2033.775,11267.02,8964.029,1982.074,11538.48,8160.223,2018.298,11338.6,8789.282,1974.46,11563.26
8170.346,1955.555,11409.7,8222.82,2033.775,11268.54,8962.512,1982.074,11537.28,8158.895,2018.298,11340.01,8788.309,1974.46,11561.59
8169.464,1955.555,11411.07,8221.772,2033.775,11269.79,8961.214,1982.074,11536.29,8157.763,2018.298,11341.18,8787.443,1974.46,11560.21
8168.528,1955.555,11412.42,8220.673,2033.775,11271.02,8959.937,1982.074,11535.26,8156.66,2018.298,11342.4,8786.524,1974.46,11558.84
8167.534,1955.555,11413.77,8219.517,2033.775,11272.22,8958.675,1982.074,11534.16,8155.58,2018.298,11343.68,8785.611,1974.46,11557.44
8166.507,1955.555,11415.1,8218.39,2033.775,11273.48,8957.438,1982.074,11533.02,8154.467,2018.298,11344.94,8784.694,1974.46,11556.03
8165.707,1955.555,11416.08,8217.426,2033.775,11274.29,8956.543,1982.074,11532.13,8153.667,2018.298,11345.92,8783.893,1974.46,11555.06
8164.183,1955.555,11418.06,8215.567,2033.775,11275.96,8954.641,1982.074,11530.51,8152.017,2018.298,11347.79,8782.207,1974.46,11553.21
8163.587,1955.555,11418.78,8214.837,2033.775,11276.55,8953.947,1982.074,11529.88,8151.375,2018.298,11348.48,8781.598,1974.46,11552.5
8162.146,1955.555,11420.52,8213.125,2033.775,11278.02,8952.328,1982.074,11528.3,8150.024,2018.298,11350.29,8780.12,1974.46,11550.79
8161.032,1955.555,11421.79,8211.885,2033.775,11279.16,8951.159,1982.074,11527.09,8149.044,2018.298,11351.66,8779.06,1974.46,11549.48
8159.781,1955.555,11423.04,8210.619,2033.775,11280.4,8949.887,1982.074,11525.85,8148.016,2018.298,11353.1,8777.944,1974.46,11548.1
8158.408,1955.555,11424.44,8209.246,2033.775,11281.8,8948.525,1982.074,11524.44,8146.826,2018.298,11354.66,8776.73,1974.46,11546.56
8156.961,1955.555,11426.02,8207.798,2033.775,11283.38,8947.09,1982.074,11522.85,8145.473,2018.298,11356.32,8775.461,1974.46,11544.84
8155.633,1955.555,11427.49,8206.472,2033.775,11284.85,8945.717,1982.074,11521.43,8144.225,2018.298,11357.85,8774.205,1974.46,11543.31
8154.893,1955.555,11428.36,8205.726,2033.775,11285.71,8944.949,1982.074,11520.58,8143.473,2018.298,11358.72,8773.508,1974.46,11542.4
8153.028,1955.555,11430.64,8203.802,2033.775,11287.95,8942.901,1982.074,11518.46,8141.289,2018.298,11360.7,8771.702,1974.46,11540.07
8151.773,1955.555,11432.08,8202.511,2033.775,11289.35,8941.622,1982.074,11517.04,8139.869,2018.298,11361.97,8770.584,1974.46,11538.52
8151.272,1955.555,11432.62,8202.027,2033.775,11289.91,8941.19,1982.074,11516.45,8139.337,2018.298,11362.48,8770.118,1974.46,11537.96
8149.623,1955.555,11434.28,8200.434,2033.775,11291.62,8939.758,1982.074,11514.6,8137.673,2018.298,11364.12,8768.698,1974.46,11536.1
8148.38,1955.555,11435.77,8199.063,2033.775,11293,8938.518,1982.074,11513.1,8136.197,2018.298,11365.39,8767.569,1974.46,11534.52
8147.553,1955.555,11436.7,8198.237,2033.775,11293.93,8937.691,1982.074,11512.17,8135.278,2018.298,11366.23,8766.879,1974.46,11533.48
8145.917,1955.555,11438.82,8196.398,2033.775,11295.87,8936.034,1982.074,11510.07,8133.364,2018.298,11368.1,8765.47,1974.46,11531.21
8144.657,1955.555,11440.34,8195.17,2033.775,11297.42,8934.778,1982.074,11508.54,8131.994,2018.298,11369.52,8764.178,1974.46,11529.71
8143.564,1955.555,11441.61,8194.087,2033.775,11298.7,8933.673,1982.074,11507.28,8130.874,2018.298,11370.77,8763.125,1974.46,11528.4
8142.233,1955.555,11443.3,8192.647,2033.775,11300.29,8932.473,1982.074,11505.5,8129.401,2018.298,11372.33,8761.834,1974.46,11526.69
8140.751,1955.555,11445.05,8191.053,2033.775,11301.94,8931.25,1982.074,11503.56,8127.828,2018.298,11374,8760.513,1974.46,11524.81
8139.387,1955.555,11446.87,8189.427,2033.775,11303.53,8929.976,1982.074,11501.68,8126.323,2018.298,11375.71,8759.266,1974.46,11522.91
8138.567,1955.555,11447.93,8188.5,2033.775,11304.5,8929.188,1982.074,11500.59,8125.374,2018.298,11376.65,8758.444,1974.46,11521.85
8136.538,1955.555,11450.38,8186.451,2033.775,11306.94,8927.236,1982.074,11498.08,8123.083,2018.298,11378.86,8756.576,1974.46,11519.27
8135.732,1955.555,11451.45,8185.559,2033.775,11307.93,8926.477,1982.074,11496.98,8122.093,2018.298,11379.76,8755.813,1974.46,11518.18
8134.181,1955.555,11453.36,8183.852,2033.775,11309.71,8925.108,1982.074,11494.93,8120.319,2018.298,11381.47,8754.417,1974.46,11516.15
8133.028,1955.555,11454.69,8182.688,2033.775,11311.03,8924.106,1982.074,11493.48,8119.093,2018.298,11382.73,8753.468,1974.46,11514.67
8131.751,1955.555,11456.07,8181.527,2033.775,11312.51,8922.986,1982.074,11491.97,8117.828,2018.298,11384.13,8752.506,1974.46,11513.05
8130.174,1955.555,11457.45,8180.185,2033.775,11314.11,8921.687,1982.074,11490.34,8116.456,2018.298,11385.7,8751.231,1974.46,11511.39
8128.391,1955.555,11459.1,8178.56,2033.775,11315.92,8920.11,1982.074,11488.48,8114.798,2018.298,11387.49,8749.811,1974.46,11509.41
8127.011,1955.555,11460.37,8177.267,2033.775,11317.28,8918.854,1982.074,11487.09,8113.48,2018.298,11388.82,8748.771,1974.46,11507.86
8125.21,1955.555,11462.13,8175.56,2033.775,11319.13,8917.227,1982.074,11485.17,8111.65,2018.298,11390.54,8747.439,1974.46,11505.72
8123.883,1955.555,11463.34,8174.341,2033.775,11320.45,8916.02,1982.074,11483.84,8110.363,2018.298,11391.8,8746.334,1974.46,11504.3
8123.053,1955.555,11464.15,8173.526,2033.775,11321.27,8915.253,1982.074,11482.97,8109.442,2018.298,11392.51,8745.62,1974.46,11503.39
8120.835,1955.555,11466.18,8171.348,2033.775,11323.34,8913.344,1982.074,11480.65,8107.004,2018.298,11394.26,8743.739,1974.46,11501.04
8119.485,1955.555,11467.46,8169.958,2033.775,11324.58,8912.115,1982.074,11479.25,8105.53,2018.298,11395.4,8742.623,1974.46,11499.56
8117.298,1955.555,11469.65,8167.581,2033.775,11326.56,8909.955,1982.074,11477.04,8102.959,2018.298,11397.12,8740.85,1974.46,11497.02
8116.252,1955.555,11470.63,8166.451,2033.775,11327.44,8908.989,1982.074,11475.98,8101.796,2018.298,11397.95,8740.067,1974.46,11495.82
8114.58,1955.555,11472.09,8164.695,2033.775,11328.81,8907.376,1982.074,11474.45,8100.032,2018.298,11399.31,8738.914,1974.46,11493.92
8112.89,1955.555,11473.84,8162.727,2033.775,11330.24,8905.601,1982.074,11472.79,8098.152,2018.298,11400.85,8737.721,1974.46,11491.8
8112.056,1955.555,11474.65,8161.81,2033.775,11330.95,8904.737,1982.074,11472.01,8097.279,2018.298,11401.62,8737.042,1974.46,11490.86
8110.195,1955.555,11476.7,8159.463,2033.775,11332.42,8902.741,1982.074,11470.09,8095.216,2018.298,11403.47,8735.498,1974.46,11488.56
8108.682,1955.555,11478.27,8157.659,2033.775,11333.64,8901.223,1982.074,11468.53,8093.6,2018.298,11404.92,8734.345,1974.46,11486.71
8106.979,1955.555,11480.07,8155.616,2033.775,11335.04,8899.512,1982.074,11466.74,8091.708,2018.298,11406.52,8733.102,1974.46,11484.57
8105.658,1955.555,11481.37,8154.119,2033.775,11336.14,8898.272,1982.074,11465.35,8090.328,2018.298,11407.77,8732.222,1974.46,11482.93
8103.904,1955.555,11483,8152.24,2033.775,11337.62,8896.511,1982.074,11463.74,8088.501,2018.298,11409.31,8731.16,1974.46,11480.79
8102.806,1955.555,11484.22,8150.981,2033.775,11338.68,8895.29,1982.074,11462.63,8087.214,2018.298,11410.33,8730.382,1974.46,11479.34
8101.62,1955.555,11485.46,8149.634,2033.775,11339.74,8894.058,1982.074,11461.44,8085.81,2018.298,11411.32,8729.34,1974.46,11477.98
8100.229,1955.555,11486.82,8148.066,2033.775,11340.89,8892.703,1982.074,11460.05,8084.238,2018.298,11412.46,8728.185,1974.46,11476.42
8098.755,1955.555,11488.17,8146.418,2033.775,11342.02,8891.359,1982.074,11458.57,8082.663,2018.298,11413.69,8727.052,1974.46,11474.77
8097.898,1955.555,11488.9,8145.452,2033.775,11342.6,8890.628,1982.074,11457.71,8081.686,2018.298,11414.26,8726.442,1974.46,11473.82
8095.884,1955.555,11490.52,8143.197,2033.775,11343.86,8889.02,1982.074,11455.69,8079.494,2018.298,11415.62,8725.12,1974.46,11471.6
8094.822,1955.555,11491.32,8142.06,2033.775,11344.55,8888.16,1982.074,11454.68,8078.392,2018.298,11416.36,8724.479,1974.46,11470.44
8093.833,1955.555,11492.01,8141.047,2033.775,11345.2,8887.408,1982.074,11453.73,8077.411,2018.298,11417.07,8723.93,1974.46,11469.36
8092.618,1955.555,11492.92,8139.685,2033.775,11345.88,8886.424,1982.074,11452.57,8076.148,2018.298,11417.91,8723.283,1974.46,11467.99
8091.479,1955.555,11493.85,8138.389,2033.775,11346.57,8885.371,1982.074,11451.55,8075.004,2018.298,11418.83,8722.771,1974.46,11466.61
8090.342,1955.555,11494.72,8137.152,2033.775,11347.29,8884.38,1982.074,11450.52,8073.947,2018.298,11419.8,8722.258,1974.46,11465.28
8089.269,1955.555,11495.59,8135.976,2033.775,11348.02,8883.453,1982.074,11449.49,8072.893,2018.298,11420.7,8721.81,1974.46,11463.97
8088.135,1955.555,11496.3,8134.864,2033.775,11348.76,8882.591,1982.074,11448.47,8071.847,2018.298,11421.53,8721.336,1974.46,11462.72
8087.442,1955.555,11496.77,8134.186,2033.775,11349.25,8882.074,1982.074,11447.81,8071.204,2018.298,11422.06,8721.015,1974.46,11461.95
8085.994,1955.555,11497.81,8132.703,2033.775,11350.25,8881.015,1982.074,11446.37,8069.79,2018.298,11423.15,8720.344,1974.46,11460.29
8085.157,1955.555,11498.46,8131.845,2033.775,11350.86,8880.396,1982.074,11445.52,8068.933,2018.298,11423.77,8719.914,1974.46,11459.32
8084.121,1955.555,11499.21,8130.805,2033.775,11351.61,8879.775,1982.074,11444.4,8067.837,2018.298,11424.43,8719.357,1974.46,11458.17
8083.176,1955.555,11499.84,8129.894,2033.775,11352.29,8879.189,1982.074,11443.42,8066.881,2018.298,11425.05,8718.939,1974.46,11457.12
8082.236,1955.555,11500.43,8128.985,2033.775,11352.92,8878.588,1982.074,11442.49,8065.955,2018.298,11425.66,8718.499,1974.46,11456.1
8081.643,1955.555,11500.79,8128.454,2033.775,11353.37,8878.192,1982.074,11441.92,8065.349,2018.298,11426,8718.251,1974.46,11455.45
8080.38,1955.555,11501.56,8127.296,2033.775,11354.29,8877.313,1982.074,11440.73,8064.086,2018.298,11426.76,8717.785,1974.46,11454.05
8079.69,1955.555,11502.11,8126.587,2033.775,11354.81,8876.777,1982.074,11440.03,8063.347,2018.298,11427.24,8717.479,1974.46,11453.22
8078.665,1955.555,11502.99,8125.471,2033.775,11355.58,8875.919,1982.074,11438.98,8062.206,2018.298,11427.97,8716.969,1974.46,11451.96
8078.435,1955.555,11503.2,8125.208,2033.775,11355.75,8875.729,1982.074,11438.74,8061.949,2018.298,11428.15,8716.876,1974.46,11451.67
8077.275,1955.555,11504.31,8123.889,2033.775,11356.66,8874.714,1982.074,11437.5,8060.659,2018.298,11429.1,8716.397,1974.46,11450.14
8076.757,1955.555,11504.78,8123.329,2033.775,11357.08,8874.279,1982.074,11436.95,8060.1,2018.298,11429.52,8716.203,1974.46,11449.47
8076.327,1955.555,11505.14,8122.841,2033.775,11357.35,8873.877,1982.074,11436.56,8059.618,2018.298,11429.81,8716.029,1974.46,11448.93
8075.615,1955.555,11505.7,8122.003,2033.775,11357.69,8873.249,1982.074,11435.91,8058.856,2018.298,11430.29,8715.721,1974.46,11448.08
8074.459,1955.555,11506.54,8120.694,2033.775,11358.28,8872.275,1982.074,11434.86,8057.625,2018.298,11431.03,8715.188,1974.46,11446.75
8074.288,1955.555,11506.66,8120.507,2033.775,11358.37,8872.139,1982.074,11434.7,8057.442,2018.298,11431.13,8715.104,1974.46,11446.56
8073.396,1955.555,11507.23,8119.571,2033.775,11358.86,8871.473,1982.074,11433.88,8056.525,2018.298,11431.65,8714.742,1974.46,11445.57
8072.973,1955.555,11507.48,8119.145,2033.775,11359.1,8871.176,1982.074,11433.49,8056.066,2018.298,11431.83,8714.559,1974.46,11445.11
8072.359,1955.555,11507.81,8118.525,2033.775,11359.43,8870.753,1982.074,11432.93,8055.42,2018.298,11432.1,8714.275,1974.46,11444.47
8071.735,1955.555,11508.13,8117.898,2033.775,11359.74,8870.323,1982.074,11432.38,8054.778,2018.298,11432.38,8713.973,1974.46,11443.84
8071.096,1955.555,11508.49,8117.253,2033.775,11360.09,8869.89,1982.074,11431.79,8054.083,2018.298,11432.62,8713.692,1974.46,11443.16
8070.405,1955.555,11508.86,8116.557,2033.775,11360.45,8869.458,1982.074,11431.13,8053.348,2018.298,11432.88,8713.371,1974.46,11442.45
8069.651,1955.555,11509.22,8115.804,2033.775,11360.81,8868.972,1982.074,11430.45,8052.569,2018.298,11433.19,8713.002,1974.46,11441.7
8068.848,1955.555,11509.58,8115.002,2033.775,11361.18,8868.438,1982.074,11429.75,8051.762,2018.298,11433.54,8712.641,1974.46,11440.9
8068.248,1955.555,11509.9,8114.376,2033.775,11361.43,8868.021,1982.074,11429.22,8051.112,2018.298,11433.73,8712.342,1974.46,11440.29
8066.997,1955.555,11510.5,8113.114,2033.775,11362.02,8867.174,1982.074,11428.12,8049.792,2018.298,11434.17,8711.771,1974.46,11439.02
8066.497,1955.555,11510.72,8112.63,2033.775,11362.27,8866.844,1982.074,11427.68,8049.278,2018.298,11434.35,8711.545,1974.46,11438.52
8065.259,1955.555,11511.23,8111.426,2033.775,11362.85,8865.981,1982.074,11426.66,8047.995,2018.298,11434.73,8711.004,1974.46,11437.3
8064.301,1955.555,11511.58,8110.493,2033.775,11363.26,8865.35,1982.074,11425.86,8047.025,2018.298,11435.04,8710.693,1974.46,11436.33
8062.896,1955.555,11512.04,8109.12,2033.775,11363.82,8864.471,1982.074,11424.67,8045.606,2018.298,11435.47,8710.202,1974.46,11434.93
8062.301,1955.555,11512.22,8108.538,2033.775,11364.03,8864.087,1982.074,11424.18,8045.019,2018.298,11435.67,8709.978,1974.46,11434.35
8060.878,1955.555,11512.57,8107.242,2033.775,11364.72,8863.218,1982.074,11423,8043.66,2018.298,11436.22,8709.402,1974.46,11433.01
8059.685,1955.555,11512.91,8106.127,2033.775,11365.26,8862.329,1982.074,11422.14,8042.56,2018.298,11436.79,8708.879,1974.46,11431.88
8058.026,1955.555,11513.43,8104.588,2033.775,11366.07,8861.123,1982.074,11420.88,8040.99,2018.298,11437.54,8708.346,1974.46,11430.23
8057.508,1955.555,11513.61,8104.093,2033.775,11366.31,8860.755,1982.074,11420.47,8040.486,2018.298,11437.76,8708.174,1974.46,11429.7
8055.933,1955.555,11514.03,8102.604,2033.775,11366.98,8859.704,1982.074,11419.23,8039.108,2018.298,11438.63,8707.613,1974.46,11428.17
8054.624,1955.555,11514.43,8101.375,2033.775,11367.57,8858.857,1982.074,11418.16,8037.93,2018.298,11439.32,8707.102,1974.46,11426.91
8053.782,1955.555,11514.71,8100.588,2033.775,11367.99,8858.33,1982.074,11417.44,8037.149,2018.298,11439.75,8706.839,1974.46,11426.06
8051.992,1955.555,11515.39,8098.928,2033.775,11368.93,8857.247,1982.074,11415.86,8035.441,2018.298,11440.61,8706.214,1974.46,11424.25
8050.726,1955.555,11515.91,8097.735,2033.775,11369.61,8856.443,1982.074,11414.75,8034.232,2018.298,11441.25,8705.724,1974.46,11422.97
8049.587,1955.555,11516.42,8096.627,2033.775,11370.19,8855.744,1982.074,11413.72,8033.121,2018.298,11441.82,8705.239,1974.46,11421.82
8048.022,1955.555,11517,8095.153,2033.775,11370.97,8854.766,1982.074,11412.37,8031.614,2018.298,11442.54,8704.542,1974.46,11420.3
8047.377,1955.555,11517.2,8094.547,2033.775,11371.26,8854.309,1982.074,11411.87,8031,2018.298,11442.81,8704.168,1974.46,11419.74
8045.987,1955.555,11517.67,8093.246,2033.775,11371.94,8853.35,1982.074,11410.76,8029.645,2018.298,11443.38,8703.395,1974.46,11418.5
8044.849,1955.555,11517.94,8092.244,2033.775,11372.55,8852.572,1982.074,11409.89,8028.551,2018.298,11443.79,8702.811,1974.46,11417.48
8044.145,1955.555,11518.13,8091.606,2033.775,11372.9,8852.104,1982.074,11409.33,8027.845,2018.298,11443.98,8702.467,1974.46,11416.84
8042.719,1955.555,11518.6,8090.275,2033.775,11373.59,8851.146,1982.074,11408.18,8026.412,2018.298,11444.42,8701.806,1974.46,11415.49
8042.06,1955.555,11518.79,8089.656,2033.775,11373.89,8850.726,1982.074,11407.63,8025.75,2018.298,11444.6,8701.523,1974.46,11414.87
8040.698,1955.555,11519.13,8088.368,2033.775,11374.45,8849.736,1982.074,11406.64,8024.403,2018.298,11445,8700.764,1974.46,11413.68
8039.736,1955.555,11519.41,8087.438,2033.775,11374.82,8849.055,1982.074,11405.9,8023.437,2018.298,11445.26,8700.251,1974.46,11412.83
8039.068,1955.555,11519.63,8086.791,2033.775,11375.09,8848.593,1982.074,11405.37,8022.763,2018.298,11445.47,8699.884,1974.46,11412.22
8037.936,1955.555,11520.03,8085.709,2033.775,11375.62,8847.835,1982.074,11404.44,8021.594,2018.298,11445.74,8699.292,1974.46,11411.18
8037.115,1955.555,11520.29,8084.923,2033.775,11375.96,8847.314,1982.074,11403.76,8020.764,2018.298,11445.96,8698.845,1974.46,11410.45
8036.028,1955.555,11520.65,8083.86,2033.775,11376.39,8846.651,1982.074,11402.82,8019.645,2018.298,11446.2,8698.281,1974.46,11409.45
8035.587,1955.555,11520.78,8083.428,2033.775,11376.55,8846.341,1982.074,11402.48,8019.192,2018.298,11446.28,8698.068,1974.46,11409.04
8034.614,1955.555,11521.03,8082.474,2033.775,11376.86,8845.687,1982.074,11401.72,8018.209,2018.298,11446.5,8697.632,1974.46,11408.14
8034.039,1955.555,11521.18,8081.902,2033.775,11377.03,8845.314,1982.074,11401.26,8017.624,2018.298,11446.6,8697.392,1974.46,11407.59
8033.101,1955.555,11521.47,8080.981,2033.775,11377.36,8844.687,1982.074,11400.5,8016.667,2018.298,11446.81,8697.025,1974.46,11406.68
8032.376,1955.555,11521.67,8080.274,2033.775,11377.62,8844.225,1982.074,11399.91,8015.94,2018.298,11447,8696.822,1974.46,11405.96
8031.927,1955.555,11521.81,8079.826,2033.775,11377.76,8843.92,1982.074,11399.55,8015.473,2018.298,11447.07,8696.68,1974.46,11405.51
8030.851,1955.555,11522.16,8078.739,2033.775,11378.08,8843.218,1982.074,11398.66,8014.36,2018.298,11447.28,8696.376,1974.46,11404.42
8030.418,1955.555,11522.29,8078.303,2033.775,11378.19,8842.95,1982.074,11398.3,8013.92,2018.298,11447.38,8696.241,1974.46,11403.99
8029.259,1955.555,11522.58,8077.135,2033.775,11378.46,8842.271,1982.074,11397.32,8012.761,2018.298,11447.67,8695.846,1974.46,11402.86
8028.736,1955.555,11522.78,8076.595,2033.775,11378.59,8841.961,1982.074,11396.85,8012.216,2018.298,11447.79,8695.645,1974.46,11402.34
8027.974,1955.555,11523.03,8075.838,2033.775,11378.87,8841.617,1982.074,11396.13,8011.422,2018.298,11447.92,8695.333,1974.46,11401.6
8027.091,1955.555,11523.3,8074.961,2033.775,11379.15,8841.197,1982.074,11395.31,8010.519,2018.298,11448.1,8695.103,1974.46,11400.71
8026.088,1955.555,11523.56,8073.965,2033.775,11379.44,8840.694,1982.074,11394.4,8009.501,2018.298,11448.3,8694.811,1974.46,11399.71
8025.267,1955.555,11523.75,8073.167,2033.775,11379.71,8840.262,1982.074,11393.68,8008.664,2018.298,11448.39,8694.547,1974.46,11398.91
8023.73,1955.555,11524.05,8071.668,2033.775,11380.16,8839.549,1982.074,11392.28,8007.112,2018.298,11448.6,8694.083,1974.46,11397.42
8023.381,1955.555,11524.15,8071.316,2033.775,11380.25,8839.372,1982.074,11391.96,8006.753,2018.298,11448.66,8693.964,1974.46,11397.07
8021.903,1955.555,11524.54,8069.826,2033.775,11380.6,8838.675,1982.074,11390.6,8005.233,2018.298,11448.83,8693.62,1974.46,11395.58
8020.763,1955.555,11524.81,8068.698,2033.775,11380.91,8838.146,1982.074,11389.56,8004.076,2018.298,11449,8693.319,1974.46,11394.45
8019.898,1955.555,11524.98,8067.848,2033.775,11381.14,8837.724,1982.074,11388.79,8003.208,2018.298,11449.16,8693.065,1974.46,11393.61
8018.356,1955.555,11525.3,8066.316,2033.775,11381.51,8836.922,1982.074,11387.43,8001.667,2018.298,11449.48,8692.563,1974.46,11392.11
8017.325,1955.555,11525.67,8065.25,2033.775,11381.77,8836.333,1982.074,11386.5,8000.595,2018.298,11449.72,8692.179,1974.46,11391.08
8015.704,1955.555,11526.22,8063.583,2033.775,11382.16,8835.368,1982.074,11385.09,7998.937,2018.298,11450.14,8691.527,1974.46,11389.5
8014.959,1955.555,11526.45,8062.831,2033.775,11382.35,8834.95,1982.074,11384.43,7998.166,2018.298,11450.24,8691.282,1974.46,11388.76
8012.989,1955.555,11526.98,8060.844,2033.775,11382.81,8833.801,1982.074,11382.75,7996.156,2018.298,11450.59,8690.689,1974.46,11386.81
8012.124,1955.555,11527.23,8059.959,2033.775,11382.98,8833.303,1982.074,11382,7995.274,2018.298,11450.77,8690.399,1974.46,11385.96
8011.116,1955.555,11527.48,8058.936,2033.775,11383.17,8832.718,1982.074,11381.14,7994.25,2018.298,11450.95,8690.072,1974.46,11384.97
8009.454,1955.555,11528.08,8057.208,2033.775,11383.54,8831.772,1982.074,11379.65,7992.52,2018.298,11451.31,8689.462,1974.46,11383.32
8009.084,1955.555,11528.2,8056.826,2033.775,11383.61,8831.571,1982.074,11379.31,7992.135,2018.298,11451.37,8689.315,1974.46,11382.96
8007.62,1955.555,11528.63,8055.351,2033.775,11383.99,8830.807,1982.074,11377.99,7990.622,2018.298,11451.56,8688.652,1974.46,11381.58
8006.566,1955.555,11528.9,8054.291,2033.775,11384.24,8830.245,1982.074,11377.06,7989.548,2018.298,11451.73,8688.208,1974.46,11380.59
8005.538,1955.555,11529.12,8053.283,2033.775,11384.54,8829.673,1982.074,11376.18,7988.507,2018.298,11451.89,8687.66,1974.46,11379.69
8004.525,1955.555,11529.31,8052.288,2033.775,11384.8,8829.142,1982.074,11375.3,7987.495,2018.298,11452.07,8687.154,1974.46,11378.79
8003.589,1955.555,11529.64,8051.321,2033.775,11385.03,8828.686,1982.074,11374.42,7986.524,2018.298,11452.28,8686.694,1974.46,11377.91
8002.679,1955.555,11529.93,8050.383,2033.775,11385.21,8828.219,1982.074,11373.58,7985.596,2018.298,11452.51,8686.28,1974.46,11377.05
8002.036,1955.555,11530.15,8049.707,2033.775,11385.27,8827.867,1982.074,11373,7984.941,2018.298,11452.69,8685.984,1974.46,11376.44
8000.934,1955.555,11530.49,8048.562,2033.775,11385.41,8827.292,1982.074,11372,7983.82,2018.298,11452.96,8685.517,1974.46,11375.39
8000.213,1955.555,11530.69,8047.824,2033.775,11385.52,8826.899,1982.074,11371.37,7983.105,2018.298,11453.17,8685.222,1974.46,11374.7
7999.348,1955.555,11530.95,8046.925,2033.775,11385.64,8826.452,1982.074,11370.58,7982.231,2018.298,11453.41,8684.892,1974.46,11373.86
7998.493,1955.555,11531.19,8046.051,2033.775,11385.78,8825.99,1982.074,11369.82,7981.368,2018.298,11453.61,8684.651,1974.46,11373.01
7997.716,1955.555,11531.37,8045.268,2033.775,11385.93,8825.618,1982.074,11369.12,7980.597,2018.298,11453.82,8684.41,1974.46,11372.25
7996.962,1955.555,11531.53,8044.517,2033.775,11386.11,8825.237,1982.074,11368.45,7979.847,2018.298,11453.99,8684.206,1974.46,11371.5
7996.48,1955.555,11531.57,8044.049,2033.775,11386.23,8824.984,1982.074,11368.03,7979.384,2018.298,11454.13,8684.063,1974.46,11371.04
7995.219,1955.555,11531.71,8042.834,2033.775,11386.6,8824.412,1982.074,11366.9,7978.16,2018.298,11454.47,8683.794,1974.46,11369.8
7994.704,1955.555,11531.79,8042.336,2033.775,11386.75,8824.162,1982.074,11366.44,7977.653,2018.298,11454.59,8683.667,1974.46,11369.29
7993.387,1955.555,11532.03,8041.045,2033.775,11387.1,8823.543,1982.074,11365.26,7976.341,2018.298,11454.86,8683.299,1974.46,11368.01
7993.078,1955.555,11532.1,8040.746,2033.775,11387.21,8823.388,1982.074,11364.98,7976.027,2018.298,11454.89,8683.202,1974.46,11367.71
7991.769,1955.555,11532.34,8039.473,2033.775,11387.59,8822.696,1982.074,11363.84,7974.711,2018.298,11455.09,8682.927,1974.46,11366.41
7990.795,1955.555,11532.66,8038.482,2033.775,11387.86,8822.135,1982.074,11362.98,7973.702,2018.298,11455.28,8682.682,1974.46,11365.41
7989.831,1955.555,11532.95,8037.503,2033.775,11388.09,8821.587,1982.074,11362.14,7972.72,2018.298,11455.5,8682.409,1974.46,11364.44
7988.402,1955.555,11533.32,8036.056,2033.775,11388.38,8820.823,1982.074,11360.88,7971.25,2018.298,11455.63,8682.1,1974.46,11363
7987.809,1955.555,11533.46,8035.455,2033.775,11388.48,8820.491,1982.074,11360.37,7970.646,2018.298,11455.71,8681.952,1974.46,11362.41
7986.393,1955.555,11533.73,8034.025,2033.775,11388.67,8819.577,1982.074,11359.25,7969.212,2018.298,11455.86,8681.679,1974.46,11360.99
7984.853,1955.555,11533.97,8032.475,2033.775,11388.83,8818.629,1982.074,11358.01,7967.665,2018.298,11456.05,8681.334,1974.46,11359.47
7984.038,1955.555,11534.08,8031.66,2033.775,11388.93,8818.15,1982.074,11357.35,7966.844,2018.298,11456.04,8681.126,1974.46,11358.68
7982.643,1955.555,11534.2,8030.267,2033.775,11389.07,8817.285,1982.074,11356.25,7965.444,2018.298,11456.07,8680.728,1974.46,11357.33
7981.315,1955.555,11534.28,8028.939,2033.775,11389.16,8816.498,1982.074,11355.17,7964.114,2018.298,11456.07,8680.441,1974.46,11356.03
7980.321,1955.555,11534.38,8027.94,2033.775,11389.2,8815.907,1982.074,11354.37,7963.115,2018.298,11456.1,8680.194,1974.46,11355.07
7978.161,1955.555,11534.53,8025.776,2033.775,11389.2,8814.687,1982.074,11352.58,7960.956,2018.298,11455.95,8679.726,1974.46,11352.95
7977.246,1955.555,11534.56,8024.86,2033.775,11389.17,8814.195,1982.074,11351.81,7960.042,2018.298,11455.89,8679.498,1974.46,11352.06
7975.327,1955.555,11534.56,8022.946,2033.775,11389.05,8813.016,1982.074,11350.29,7958.126,2018.298,11455.77,8678.961,1974.46,11350.22
7974.551,1955.555,11534.54,8022.176,2033.775,11388.95,8812.559,1982.074,11349.66,7957.351,2018.298,11455.75,8678.729,1974.46,11349.48
7972.441,1955.555,11534.54,8020.095,2033.775,11388.6,8811.244,1982.074,11348.01,7955.242,2018.298,11455.66,8678.032,1974.46,11347.49
7971.404,1955.555,11534.57,8019.069,2033.775,11388.44,8810.624,1982.074,11347.18,7954.208,2018.298,11455.75,8677.801,1974.46,11346.48
7969.384,1955.555,11534.71,8017.061,2033.775,11388.18,8809.469,1982.074,11345.52,7952.186,2018.298,11455.86,8677.284,1974.46,11344.52
7968.053,1955.555,11534.81,8015.732,2033.775,11388.06,8808.744,1982.074,11344.4,7950.854,2018.298,11455.93,8676.902,1974.46,11343.24
7966.474,1955.555,11535.09,8014.135,2033.775,11387.9,8807.903,1982.074,11343.03,7949.25,2018.298,11455.96,8676.393,1974.46,11341.72
7964.343,1955.555,11535.4,8012.004,2033.775,11387.59,8806.835,1982.074,11341.16,7947.1,2018.298,11456.08,8675.643,1974.46,11339.7
7963.794,1955.555,11535.46,8011.456,2033.775,11387.53,8806.513,1982.074,11340.71,7946.552,2018.298,11456.15,8675.467,1974.46,11339.18
7961.556,1955.555,11535.76,8009.203,2033.775,11387.36,8805.129,1982.074,11338.93,7944.303,2018.298,11456.36,8675.063,1974.46,11336.96
7959.907,1955.555,11536.15,8007.511,2033.775,11387.28,8804.136,1982.074,11337.56,7942.624,2018.298,11456.58,8674.707,1974.46,11335.3
7958.684,1955.555,11536.39,8006.263,2033.775,11387.27,8803.35,1982.074,11336.59,7941.382,2018.298,11456.7,8674.404,1974.46,11334.09
7956.508,1955.555,11536.76,8004.058,2033.775,11387.32,8802.017,1982.074,11334.83,7939.181,2018.298,11456.85,8674.056,1974.46,11331.91
7954.793,1955.555,11537.14,8002.303,2033.775,11387.41,8801.001,1982.074,11333.39,7937.432,2018.298,11457.02,8673.722,1974.46,11330.19
7953.338,1955.555,11537.43,8000.825,2033.775,11387.53,8800.185,1982.074,11332.16,7935.954,2018.298,11457.13,8673.392,1974.46,11328.74
7950.561,1955.555,11537.88,7998.048,2033.775,11387.99,8798.713,1982.074,11329.76,7933.157,2018.298,11457.44,8672.903,1974.46,11325.97
7948.757,1955.555,11538.12,7996.245,2033.775,11388.22,8797.813,1982.074,11328.18,7931.356,2018.298,11457.7,8672.529,1974.46,11324.19
7948.07,1955.555,11538.22,7995.559,2033.775,11388.34,8797.431,1982.074,11327.6,7930.665,2018.298,11457.77,8672.382,1974.46,11323.51
7945.515,1955.555,11538.59,7993.021,2033.775,11388.8,8796.083,1982.074,11325.4,7928.106,2018.298,11458.11,8671.753,1974.46,11321.01
7944.501,1955.555,11538.7,7992.012,2033.775,11388.96,8795.579,1982.074,11324.51,7927.1,2018.298,11458.28,8671.559,1974.46,11320.01
7942.133,1955.555,11538.94,7989.659,2033.775,11389.31,8794.301,1982.074,11322.5,7924.74,2018.298,11458.59,8671.029,1974.46,11317.69
7940.769,1955.555,11539.12,7988.292,2033.775,11389.47,8793.548,1982.074,11321.35,7923.414,2018.298,11458.96,8670.68,1974.46,11316.35
7937.687,1955.555,11539.64,7985.194,2033.775,11389.88,8791.925,1982.074,11318.68,7920.376,2018.298,11459.69,8669.787,1974.46,11313.36
7935.73,1955.555,11540.03,7983.225,2033.775,11390.21,8790.944,1982.074,11316.94,7918.423,2018.298,11460.1,8669.232,1974.46,11311.44
7934.765,1955.555,11540.26,7982.237,2033.775,11390.29,8790.438,1982.074,11316.09,7917.446,2018.298,11460.27,8669.061,1974.46,11310.47
7932.067,1955.555,11541.07,7979.438,2033.775,11390.6,8788.918,1982.074,11313.72,7914.667,2018.298,11460.72,8668.662,1974.46,11307.68
7930.809,1955.555,11541.4,7978.137,2033.775,11390.6,8788.181,1982.074,11312.64,7913.388,2018.298,11460.97,8668.521,1974.46,11306.38
7929.453,1955.555,11541.71,7976.746,2033.775,11390.63,8787.355,1982.074,11311.52,7912.014,2018.298,11461.18,8668.414,1974.46,11305
7926.977,1955.555,11542.19,7974.227,2033.775,11390.76,8785.794,1982.074,11309.54,7909.511,2018.298,11461.49,8668.303,1974.46,11302.48
7925.131,1955.555,11542.49,7972.364,2033.775,11390.91,8784.589,1982.074,11308.11,7907.648,2018.298,11461.65,8668.281,1974.46,11300.61
7923.158,1955.555,11542.74,7970.375,2033.775,11390.96,8783.258,1982.074,11306.64,7905.66,2018.298,11461.59,8668.323,1974.46,11298.62
7920.37,1955.555,11543,7967.575,2033.775,11390.93,8781.318,1982.074,11304.62,7902.86,2018.298,11461.58,8668.474,1974.46,11295.82
7919.696,1955.555,11543.09,7966.895,2033.775,11390.94,8780.831,1982.074,11304.14,7902.18,2018.298,11461.61,8668.532,1974.46,11295.15
7916.957,1955.555,11543.38,7964.142,2033.775,11391.04,8778.798,1982.074,11302.28,7899.425,2018.298,11461.6,8668.859,1974.46,11292.41
7914.916,1955.555,11543.52,7962.104,2033.775,11391.21,8777.244,1982.074,11300.95,7897.39,2018.298,11461.39,8669.169,1974.46,11290.39
7913.153,1955.555,11543.59,7960.343,2033.775,11391.31,8775.867,1982.074,11299.85,7895.63,2018.298,11461.28,8669.492,1974.46,11288.66
7910.967,1955.555,11543.6,7958.158,2033.775,11391.36,8774.207,1982.074,11298.43,7893.446,2018.298,11461.2,8669.822,1974.46,11286.5
7908.733,1955.555,11543.92,7955.902,2033.775,11391.33,8772.543,1982.074,11296.91,7891.196,2018.298,11461.04,8670.09,1974.46,11284.26
7906.995,1955.555,11544.1,7954.156,2033.775,11391.26,8771.292,1982.074,11295.68,7889.449,2018.298,11460.98,8670.24,1974.46,11282.51
7904.568,1955.555,11544.28,7951.728,2033.775,11391.09,8769.607,1982.074,11293.93,7887.034,2018.298,11460.67,8670.37,1974.46,11280.08
7902.47,1955.555,11544.36,7949.638,2033.775,11390.89,8768.204,1982.074,11292.37,7884.943,2018.298,11460.48,8670.414,1974.46,11277.99
7900.355,1955.555,11544.45,7947.563,2033.775,11390.47,8766.842,1982.074,11290.75,7882.83,2018.298,11460.36,8670.389,1974.46,11275.87
7898.24,1955.555,11544.56,7945.473,2033.775,11390.13,8765.532,1982.074,11289.08,7880.721,2018.298,11460.16,8670.294,1974.46,11273.75
7896.254,1955.555,11544.6,7943.503,2033.775,11389.87,8764.355,1982.074,11287.48,7878.738,2018.298,11460.05,8670.141,1974.46,11271.77
7894.148,1955.555,11544.79,7941.4,2033.775,11389.66,8763.16,1982.074,11285.74,7876.625,2018.298,11459.98,8669.908,1974.46,11269.67
7891.854,1955.555,11544.91,7939.107,2033.775,11389.51,8761.923,1982.074,11283.8,7874.327,2018.298,11459.97,8669.581,1974.46,11267.4
7890.054,1955.555,11544.95,7937.308,2033.775,11389.45,8761.005,1982.074,11282.25,7872.528,2018.298,11459.91,8669.267,1974.46,11265.63
7887.59,1955.555,11545.21,7934.853,2033.775,11389.78,8759.812,1982.074,11280.08,7870.051,2018.298,11459.9,8668.755,1974.46,11263.2
7885.557,1955.555,11545.55,7932.801,2033.775,11389.98,8758.877,1982.074,11278.24,7867.991,2018.298,11459.81,8668.263,1974.46,11261.2
7883.573,1955.555,11545.82,7930.804,2033.775,11390.12,8758.029,1982.074,11276.43,7865.989,2018.298,11459.78,8667.722,1974.46,11259.27
7881.644,1955.555,11546.02,7928.869,2033.775,11390.25,8757.266,1982.074,11274.65,7864.05,2018.298,11459.82,8667.137,1974.46,11257.42
7879.771,1955.555,11546.16,7926.997,2033.775,11390.42,8756.583,1982.074,11272.9,7862.173,2018.298,11459.9,8666.512,1974.46,11255.65
7877.955,1955.555,11546.25,7925.203,2033.775,11390.71,8755.951,1982.074,11271.19,7860.361,2018.298,11460.03,8665.943,1974.46,11253.92
7876.197,1955.555,11546.29,7923.459,2033.775,11390.94,8755.372,1982.074,11269.53,7858.611,2018.298,11460.21,8665.604,1974.46,11252.2
7873.882,1955.555,11546.41,7921.153,2033.775,11391.18,8754.599,1982.074,11267.35,7856.301,2018.298,11460.4,8665.081,1974.46,11249.94
7873.192,1955.555,11546.47,7920.461,2033.775,11391.22,8754.389,1982.074,11266.69,7855.619,2018.298,11460.53,8664.902,1974.46,11249.27
7870.88,1955.555,11546.58,7918.159,2033.775,11391.46,8753.762,1982.074,11264.46,7853.331,2018.298,11460.86,8664.525,1974.46,11246.99
7869.967,1955.555,11546.65,7917.251,2033.775,11391.58,8753.498,1982.074,11263.58,7852.421,2018.298,11460.97,8664.347,1974.46,11246.09
7867.81,1955.555,11546.68,7915.105,2033.775,11391.79,8752.839,1982.074,11261.53,7850.299,2018.298,11461.36,8663.856,1974.46,11243.99
7866.088,1955.555,11546.76,7913.396,2033.775,11392.02,8752.185,1982.074,11259.93,7848.594,2018.298,11461.61,8663.546,1974.46,11242.29
7864.357,1955.555,11546.89,7911.66,2033.775,11392,8751.578,1982.074,11258.31,7846.87,2018.298,11461.81,8663.178,1974.46,11240.59
7862.611,1955.555,11547.09,7909.904,2033.775,11391.94,8751.019,1982.074,11256.64,7845.119,2018.298,11461.96,8662.813,1974.46,11238.88
7861.484,1955.555,11547.18,7908.774,2033.775,11391.94,8750.694,1982.074,11255.56,7844.001,2018.298,11462.13,8662.543,1974.46,11237.78
7858.313,1955.555,11547.24,7905.604,2033.775,11392.04,8749.884,1982.074,11252.49,7840.879,2018.298,11462.68,8661.923,1974.46,11234.67
7857.859,1955.555,11547.26,7905.15,2033.775,11392.07,8749.782,1982.074,11252.05,7840.43,2018.298,11462.76,8661.819,1974.46,11234.22
7854.916,1955.555,11547.29,7902.221,2033.775,11392.36,8749.043,1982.074,11249.2,7837.514,2018.298,11463.15,8660.686,1974.46,11231.51
7853.717,1955.555,11547.34,7901.032,2033.775,11392.52,8748.735,1982.074,11248.04,7836.324,2018.298,11463.31,8660.26,1974.46,11230.39
7850.953,1955.555,11547.52,7898.274,2033.775,11392.79,8747.954,1982.074,11245.38,7833.595,2018.298,11463.79,8659.362,1974.46,11227.77
7849.067,1955.555,11547.56,7896.405,2033.775,11393.03,8747.627,1982.074,11243.52,7831.747,2018.298,11464.16,8658.731,1974.46,11225.99
7848.347,1955.555,11547.6,7895.693,2033.775,11393.15,8747.479,1982.074,11242.82,7831.036,2018.298,11464.28,8658.513,1974.46,11225.3
7845.054,1955.555,11547.88,7892.425,2033.775,11393.64,8746.801,1982.074,11239.58,7827.823,2018.298,11465.05,8657.435,1974.46,11222.18
7842.758,1955.555,11548.03,7890.162,2033.775,11394.06,8746.256,1982.074,11237.35,7825.57,2018.298,11465.52,8656.717,1974.46,11219.99
7842.28,1955.555,11548.08,7889.692,2033.775,11394.16,8746.127,1982.074,11236.88,7825.097,2018.298,11465.6,8656.582,1974.46,11219.53
7839.561,1955.555,11548.39,7887.035,2033.775,11394.81,8745.656,1982.074,11234.19,7822.387,2018.298,11465.98,8655.802,1974.46,11216.91
7838.263,1955.555,11548.58,7885.751,2033.775,11395.08,8745.389,1982.074,11232.91,7821.095,2018.298,11466.21,8655.469,1974.46,11215.64
7836.37,1955.555,11548.92,7883.857,2033.775,11395.42,8744.935,1982.074,11231.04,7819.175,2018.298,11466.33,8654.869,1974.46,11213.81
7834.417,1955.555,11549.29,7881.89,2033.775,11395.7,8744.402,1982.074,11229.12,7817.197,2018.298,11466.53,8654.228,1974.46,11211.93
7832.442,1955.555,11549.6,7879.903,2033.775,11395.92,8743.804,1982.074,11227.21,7815.216,2018.298,11466.79,8653.645,1974.46,11210.02
7830.45,1955.555,11549.84,7877.916,2033.775,11396.2,8742.909,1982.074,11225.42,7813.236,2018.298,11467.12,8653.246,1974.46,11208.05
7828.988,1955.555,11549.99,7876.469,2033.775,11396.46,8742.297,1982.074,11224.08,7811.779,2018.298,11467.31,8652.907,1974.46,11206.62
7826.427,1955.555,11550.34,7873.91,2033.775,11396.82,8741.298,1982.074,11221.7,7809.199,2018.298,11467.47,8652.229,1974.46,11204.13
7824.401,1955.555,11550.55,7871.885,2033.775,11397.04,8740.573,1982.074,11219.79,7807.163,2018.298,11467.51,8651.631,1974.46,11202.18
7822.353,1955.555,11550.69,7869.85,2033.775,11397.31,8739.859,1982.074,11217.87,7805.113,2018.298,11467.61,8650.964,1974.46,11200.24
7820.841,1955.555,11550.75,7868.357,2033.775,11397.56,8739.279,1982.074,11216.47,7803.6,2018.298,11467.59,8650.426,1974.46,11198.83
7818.23,1955.555,11550.76,7865.768,2033.775,11397.9,8738.357,1982.074,11214.03,7800.989,2018.298,11467.63,8649.418,1974.46,11196.42
7816.699,1955.555,11550.81,7864.25,2033.775,11398.1,8737.872,1982.074,11212.58,7799.459,2018.298,11467.7,8648.689,1974.46,11195.07
7813.688,1955.555,11551.02,7861.256,2033.775,11398.48,8736.823,1982.074,11209.75,7796.451,2018.298,11467.94,8647.341,1974.46,11192.37
7812.551,1955.555,11551.14,7860.119,2033.775,11398.59,8736.392,1982.074,11208.69,7795.315,2018.298,11468.07,8646.864,1974.46,11191.33
7809.9,1955.555,11551.5,7857.448,2033.775,11398.75,8735.328,1982.074,11206.23,7792.649,2018.298,11468.29,8645.828,1974.46,11188.86
7807.802,1955.555,11551.72,7855.345,2033.775,11398.58,8734.329,1982.074,11204.37,7790.544,2018.298,11468.15,8644.948,1974.46,11186.95
7805.683,1955.555,11551.87,7853.224,2033.775,11398.48,8733.123,1982.074,11202.63,7788.422,2018.298,11468.07,8644,1974.46,11185.04
7803.564,1955.555,11552.04,7851.099,2033.775,11398.42,8731.974,1982.074,11200.84,7786.312,2018.298,11467.82,8642.988,1974.46,11183.17
7802.212,1955.555,11552.11,7849.748,2033.775,11398.34,8731.279,1982.074,11199.68,7784.965,2018.298,11467.68,8642.306,1974.46,11182.01
7799.291,1955.555,11552.17,7846.838,2033.775,11398.07,8729.735,1982.074,11197.19,7782.051,2018.298,11467.47,8640.945,1974.46,11179.42
7797.145,1955.555,11552.13,7844.757,2033.775,11397.55,8728.525,1982.074,11195.42,7779.907,2018.298,11467.38,8640.035,1974.46,11177.48
7794.989,1955.555,11552.03,7842.646,2033.775,11397.09,8727.366,1982.074,11193.6,7777.748,2018.298,11467.42,8639.057,1974.46,11175.55
7792.831,1955.555,11552,7840.523,2033.775,11396.71,8726.268,1982.074,11191.74,7775.59,2018.298,11467.38,8638.016,1974.46,11173.66
7791.243,1955.555,11552.13,7838.952,2033.775,11396.45,8725.496,1982.074,11190.35,7774,2018.298,11467.31,8637.202,1974.46,11172.29
7788.101,1955.555,11552.28,7835.834,2033.775,11396.03,8723.884,1982.074,11187.65,7770.854,2018.298,11467.26,8635.304,1974.46,11169.78
7786.631,1955.555,11552.3,7834.39,2033.775,11395.76,8723.089,1982.074,11186.41,7769.385,2018.298,11467.19,8634.452,1974.46,11168.58
7784.319,1955.555,11552.25,7832.106,2033.775,11395.4,8721.776,1982.074,11184.51,7767.078,2018.298,11467.35,8633.038,1974.46,11166.76
7781.941,1955.555,11552.23,7829.746,2033.775,11395.1,8720.556,1982.074,11182.47,7764.701,2018.298,11467.43,8631.646,1974.46,11164.83
7780.108,1955.555,11552.28,7827.92,2033.775,11394.94,8719.649,1982.074,11180.88,7762.868,2018.298,11467.43,8630.621,1974.46,11163.31
7776.857,1955.555,11552.32,7824.673,2033.775,11394.75,8717.951,1982.074,11178.1,7759.617,2018.298,11467.33,8628.894,1974.46,11160.55
7776.123,1955.555,11552.37,7823.938,2033.775,11394.72,8717.585,1982.074,11177.46,7758.882,2018.298,11467.29,8628.523,1974.46,11159.92
7773.132,1955.555,11552.46,7820.954,2033.775,11394.51,8716.014,1982.074,11174.92,7755.903,2018.298,11467.02,8627.104,1974.46,11157.28
7770.909,1955.555,11552.45,7818.742,2033.775,11394.28,8714.837,1982.074,11173.03,7753.684,2018.298,11466.89,8625.987,1974.46,11155.36
7768.844,1955.555,11552.54,7816.682,2033.775,11394.11,8713.51,1982.074,11171.45,7751.617,2018.298,11466.83,8624.933,1974.46,11153.58
7765.908,1955.555,11552.72,7813.745,2033.775,11393.96,8711.697,1982.074,11169.13,7748.684,2018.298,11466.62,8623.351,1974.46,11151.1
7764.745,1955.555,11552.82,7812.581,2033.775,11394.06,8711.008,1982.074,11168.19,7747.52,2018.298,11466.51,8622.69,1974.46,11150.14
7761.626,1955.555,11553.03,7809.466,2033.775,11394.33,8709.006,1982.074,11165.79,7744.4,2018.298,11466.33,8620.84,1974.46,11147.62
7760.406,1955.555,11553.07,7808.247,2033.775,11394.39,8708.255,1982.074,11164.82,7743.179,2018.298,11466.3,8620.085,1974.46,11146.66
7757.555,1955.555,11553.1,7805.396,2033.775,11394.45,8706.429,1982.074,11162.63,7740.329,2018.298,11466.29,8618.397,1974.46,11144.36
7755.918,1955.555,11553.08,7803.759,2033.775,11394.43,8705.422,1982.074,11161.34,7738.692,2018.298,11466.33,8617.386,1974.46,11143.07
7753.07,1955.555,11552.96,7800.908,2033.775,11394.49,8703.596,1982.074,11159.15,7735.845,2018.298,11466.47,8615.698,1974.46,11140.78
7750.819,1955.555,11552.81,7798.656,2033.775,11394.35,8702.144,1982.074,11157.43,7733.595,2018.298,11466.64,8614.304,1974.46,11139
7748.935,1955.555,11552.74,7796.772,2033.775,11394.29,8700.885,1982.074,11156.02,7731.712,2018.298,11466.72,8613.091,1974.46,11137.56
7746.307,1955.555,11552.73,7794.144,2033.775,11394.29,8699.18,1982.074,11154.02,7729.083,2018.298,11466.75,8611.335,1974.46,11135.6
7744.104,1955.555,11552.8,7791.942,2033.775,11394.37,8697.696,1982.074,11152.39,7726.88,2018.298,11466.78,8609.689,1974.46,11134.14
7742.526,1955.555,11552.8,7790.372,2033.775,11394.53,8696.596,1982.074,11151.26,7725.304,2018.298,11466.71,8608.484,1974.46,11133.12
7739.527,1955.555,11552.69,7787.378,2033.775,11394.74,8694.434,1982.074,11149.18,7722.303,2018.298,11466.63,8606.258,1974.46,11131.11
7738.435,1955.555,11552.68,7786.287,2033.775,11394.78,8693.736,1982.074,11148.34,7721.225,2018.298,11466.46,8605.473,1974.46,11130.35
7735.949,1955.555,11552.59,7783.799,2033.775,11394.79,8692.183,1982.074,11146.4,7718.757,2018.298,11466.15,8603.74,1974.46,11128.56
7734.575,1955.555,11552.5,7782.422,2033.775,11394.84,8691.288,1982.074,11145.35,7717.387,2018.298,11466.01,8602.814,1974.46,11127.54
7732.252,1955.555,11552.29,7780.09,2033.775,11394.85,8689.716,1982.074,11143.63,7715.062,2018.298,11465.84,8601.304,1974.46,11125.76
7730.492,1955.555,11552.09,7778.319,2033.775,11394.79,8688.564,1982.074,11142.28,7713.292,2018.298,11465.76,8600.112,1974.46,11124.45
7728.534,1955.555,11551.81,7776.344,2033.775,11394.67,8687.35,1982.074,11140.72,7711.314,2018.298,11465.72,8598.83,1974.46,11122.95
7727.075,1955.555,11551.65,7774.881,2033.775,11394.54,8686.411,1982.074,11139.59,7709.848,2018.298,11465.67,8597.917,1974.46,11121.8
7725.686,1955.555,11551.36,7773.464,2033.775,11394.47,8685.416,1982.074,11138.58,7708.431,2018.298,11465.58,8597.192,1974.46,11120.58
7724.133,1955.555,11551.09,7771.893,2033.775,11394.34,8684.349,1982.074,11137.42,7706.861,2018.298,11465.43,8596.345,1974.46,11119.25
7722.179,1955.555,11550.73,7769.92,2033.775,11394.11,8683.052,1982.074,11135.91,7704.891,2018.298,11465.18,8595.223,1974.46,11117.61
7721.442,1955.555,11550.51,7769.161,2033.775,11394,8682.569,1982.074,11135.31,7704.133,2018.298,11465.06,8594.769,1974.46,11116.99
7719.76,1955.555,11550.07,7767.451,2033.775,11393.68,8681.521,1982.074,11133.93,7702.426,2018.298,11464.73,8593.694,1974.46,11115.62
7718.42,1955.555,11549.77,7766.104,2033.775,11393.41,8680.729,1982.074,11132.8,7701.086,2018.298,11464.42,8592.812,1974.46,11114.57
7717.129,1955.555,11549.43,7764.807,2033.775,11393.1,8680.021,1982.074,11131.67,7699.776,2018.298,11464.17,8591.922,1974.46,11113.57
7715.962,1955.555,11549.13,7763.649,2033.775,11392.77,8679.348,1982.074,11130.67,7698.575,2018.298,11464.07,8591.149,1974.46,11112.65
7714.744,1955.555,11548.86,7762.438,2033.775,11392.46,8678.616,1982.074,11129.66,7697.335,2018.298,11463.93,8590.38,1974.46,11111.67
7713.462,1955.555,11548.62,7761.164,2033.775,11392.19,8677.843,1982.074,11128.61,7696.045,2018.298,11463.74,8589.61,1974.46,11110.61
7712.49,1955.555,11548.47,7760.196,2033.775,11392.01,8677.254,1982.074,11127.82,7695.077,2018.298,11463.57,8589.004,1974.46,11109.84
7711.187,1955.555,11548.23,7758.918,2033.775,11391.66,8676.496,1982.074,11126.74,7693.765,2018.298,11463.38,8588.222,1974.46,11108.77
7710.094,1955.555,11548.06,7757.843,2033.775,11391.4,8675.835,1982.074,11125.85,7692.676,2018.298,11463.18,8587.599,1974.46,11107.86
7709.315,1955.555,11547.92,7757.068,2033.775,11391.24,8675.308,1982.074,11125.26,7691.889,2018.298,11463.1,8587.131,1974.46,11107.22
7708.021,1955.555,11547.72,7755.783,2033.775,11390.99,8674.468,1982.074,11124.25,7690.591,2018.298,11462.93,8586.324,1974.46,11106.18
7707.028,1955.555,11547.6,7754.807,2033.775,11390.77,8673.853,1982.074,11123.46,7689.595,2018.298,11462.83,8585.683,1974.46,11105.42
7706.053,1955.555,11547.51,7753.845,2033.775,11390.58,8673.267,1982.074,11122.68,7688.625,2018.298,11462.71,8585.08,1974.46,11104.65
7705.245,1955.555,11547.5,7753.047,2033.775,11390.46,8672.813,1982.074,11122.01,7687.817,2018.298,11462.7,8584.571,1974.46,11104.02
7704.277,1955.555,11547.58,7752.085,2033.775,11390.33,8672.24,1982.074,11121.23,7686.847,2018.298,11462.65,8583.985,1974.46,11103.25
7703.317,1955.555,11547.62,7751.13,2033.775,11390.23,8671.685,1982.074,11120.45,7685.887,2018.298,11462.62,8583.431,1974.46,11102.46
7702.463,1955.555,11547.71,7750.274,2033.775,11390.17,8671.104,1982.074,11119.81,7685.028,2018.298,11462.62,8582.896,1974.46,11101.79
7701.635,1955.555,11547.77,7749.444,2033.775,11390.13,8670.563,1982.074,11119.18,7684.198,2018.298,11462.65,8582.372,1974.46,11101.15
7700.831,1955.555,11547.79,7748.64,2033.775,11390.13,8670.06,1982.074,11118.56,7683.395,2018.298,11462.69,8581.862,1974.46,11100.52
7700.167,1955.555,11547.78,7747.975,2033.775,11390.14,8669.627,1982.074,11118.05,7682.736,2018.298,11462.77,8581.458,1974.46,11100
7699.359,1955.555,11547.77,7747.168,2033.775,11390.18,8669.121,1982.074,11117.42,7681.937,2018.298,11462.89,8580.946,1974.46,11099.37
7698.337,1955.555,11547.78,7746.147,2033.775,11390.24,8668.507,1982.074,11116.61,7680.922,2018.298,11463.02,8580.273,1974.46,11098.6
7698.103,1955.555,11547.79,7745.914,2033.775,11390.26,8668.372,1982.074,11116.41,7680.688,2018.298,11463.04,8580.113,1974.46,11098.43
7697.17,1955.555,11547.86,7744.981,2033.775,11390.33,8667.86,1982.074,11115.63,7679.765,2018.298,11463.18,8579.454,1974.46,11097.77
7696.746,1955.555,11547.9,7744.556,2033.775,11390.37,8667.615,1982.074,11115.28,7679.341,2018.298,11463.24,8579.163,1974.46,11097.45
7695.868,1955.555,11548.03,7743.678,2033.775,11390.49,8667.082,1982.074,11114.57,7678.458,2018.298,11463.32,8578.58,1974.46,11096.79
7695.259,1955.555,11548.18,7743.052,2033.775,11390.55,8666.746,1982.074,11114.04,7677.83,2018.298,11463.32,8578.183,1974.46,11096.3
7694.82,1955.555,11548.28,7742.604,2033.775,11390.58,8666.494,1982.074,11113.67,7677.38,2018.298,11463.32,8577.91,1974.46,11095.94
7694.007,1955.555,11548.43,7741.778,2033.775,11390.61,8666.008,1982.074,11113,7676.554,2018.298,11463.35,8577.431,1974.46,11095.27
7693.345,1955.555,11548.54,7741.108,2033.775,11390.59,8665.632,1982.074,11112.45,7675.886,2018.298,11463.4,8577.024,1974.46,11094.74
7692.342,1955.555,11548.7,7740.093,2033.775,11390.53,8665.113,1982.074,11111.57,7674.87,2018.298,11463.45,8576.359,1974.46,11093.97
7691.923,1955.555,11548.76,7739.669,2033.775,11390.52,8664.886,1982.074,11111.21,7674.45,2018.298,11463.4,8576.093,1974.46,11093.64
7690.88,1955.555,11548.86,7738.623,2033.775,11390.47,8664.293,1982.074,11110.35,7673.405,2018.298,11463.31,8575.46,1974.46,11092.8
7690.215,1955.555,11548.91,7737.958,2033.775,11390.5,8663.966,1982.074,11109.77,7672.74,2018.298,11463.27,8575.076,1974.46,11092.26
7688.621,1955.555,11548.96,7736.363,2033.775,11390.51,8663.138,1982.074,11108.41,7671.146,2018.298,11463.24,8574.199,1974.46,11090.93
7687.703,1955.555,11548.97,7735.454,2033.775,11390.65,8662.742,1982.074,11107.58,7670.228,2018.298,11463.2,8573.72,1974.46,11090.14
7687.353,1955.555,11548.96,7735.106,2033.775,11390.69,8662.581,1982.074,11107.27,7669.878,2018.298,11463.18,8573.519,1974.46,11089.86
7685.899,1955.555,11548.97,7733.657,2033.775,11390.81,8661.87,1982.074,11106,7668.424,2018.298,11463.17,8572.724,1974.46,11088.64
7685.192,1955.555,11548.96,7732.951,2033.775,11390.84,8661.504,1982.074,11105.39,7667.717,2018.298,11463.19,8572.356,1974.46,11088.03
7683.618,1955.555,11548.98,7731.381,2033.775,11390.95,8660.646,1982.074,11104.07,7666.147,2018.298,11463.3,8571.584,1974.46,11086.66
7682.424,1955.555,11548.98,7730.192,2033.775,11391.07,8659.94,1982.074,11103.11,7664.953,2018.298,11463.35,8570.964,1974.46,11085.64
7681.37,1955.555,11548.87,7729.152,2033.775,11391.27,8659.343,1982.074,11102.23,7663.896,2018.298,11463.26,8570.385,1974.46,11084.75
7680.042,1955.555,11548.75,7727.837,2033.775,11391.49,8658.628,1982.074,11101.11,7662.565,2018.298,11463.2,8569.644,1974.46,11083.65
7678.634,1955.555,11548.68,7726.438,2033.775,11391.67,8657.833,1982.074,11099.95,7661.155,2018.298,11463.18,8568.75,1974.46,11082.56
7677.303,1955.555,11548.56,7725.108,2033.775,11391.8,8657.044,1982.074,11098.87,7659.819,2018.298,11463.21,8567.938,1974.46,11081.5
7675.939,1955.555,11548.47,7723.764,2033.775,11392.05,8656.208,1982.074,11097.79,7658.465,2018.298,11463.39,8567.068,1974.46,11080.44
7674.026,1955.555,11548.42,7721.937,2033.775,11392.62,8654.988,1982.074,11096.31,7656.561,2018.298,11463.58,8565.662,1974.46,11079.14
7673.433,1955.555,11548.39,7721.365,2033.775,11392.78,8654.596,1982.074,11095.87,7655.969,2018.298,11463.63,8565.239,1974.46,11078.73
7671.661,1955.555,11548.36,7719.642,2033.775,11393.19,8653.532,1982.074,11094.45,7654.208,2018.298,11463.84,8564.019,1974.46,11077.44
7670.178,1955.555,11548.27,7718.189,2033.775,11393.5,8652.603,1982.074,11093.29,7652.729,2018.298,11463.97,8562.983,1974.46,11076.38
7669.226,1955.555,11548.25,7717.252,2033.775,11393.67,8651.982,1982.074,11092.57,7651.777,2018.298,11464.02,8562.279,1974.46,11075.73
7667.131,1955.555,11548.26,7715.18,2033.775,11393.98,8650.567,1982.074,11091.02,7649.687,2018.298,11463.88,8560.778,1974.46,11074.27
7666.147,1955.555,11548.34,7714.2,2033.775,11394.09,8649.904,1982.074,11090.29,7648.701,2018.298,11463.85,8560.094,1974.46,11073.56
7663.625,1955.555,11548.47,7711.683,2033.775,11394.29,8648.147,1982.074,11088.48,7646.176,2018.298,11463.85,8558.111,1974.46,11072
7662.373,1955.555,11548.49,7710.432,2033.775,11394.35,8647.247,1982.074,11087.61,7644.924,2018.298,11463.9,8557.154,1974.46,11071.19
7660.735,1955.555,11548.58,7708.792,2033.775,11394.38,8646.031,1982.074,11086.51,7643.284,2018.298,11463.92,8555.936,1974.46,11070.09
7659.694,1955.555,11548.6,7707.755,2033.775,11394.48,8645.28,1982.074,11085.79,7642.245,2018.298,11463.97,8555.06,1974.46,11069.53
7657.421,1955.555,11548.33,7705.475,2033.775,11394.68,8643.576,1982.074,11084.26,7639.956,2018.298,11464.02,8553.175,1974.46,11068.23
7655.724,1955.555,11548.18,7703.791,2033.775,11394.94,8642.271,1982.074,11083.16,7638.266,2018.298,11464.23,8551.805,1974.46,11067.22
7653.461,1955.555,11548.06,7701.568,2033.775,11395.38,8640.489,1982.074,11081.76,7636.009,2018.298,11464.44,8549.981,1974.46,11065.87
7652.883,1955.555,11548.05,7701.008,2033.775,11395.52,8640.023,1982.074,11081.42,7635.445,2018.298,11464.57,8549.528,1974.46,11065.51
7650.505,1955.555,11548.08,7698.687,2033.775,11396.04,8638.153,1982.074,11079.95,7633.108,2018.298,11465.01,8547.615,1974.46,11064.1
7649.377,1955.555,11548.13,7697.578,2033.775,11396.25,8637.37,1982.074,11079.14,7631.993,2018.298,11465.18,8546.729,1974.46,11063.4
7646.855,1955.555,11548.33,7695.077,2033.775,11396.63,8635.556,1982.074,11077.38,7629.558,2018.298,11465.87,8544.797,1974.46,11061.77
7645.259,1955.555,11548.5,7693.499,2033.775,11396.93,8634.525,1982.074,11076.14,7628,2018.298,11466.26,8543.56,1974.46,11060.75
7643.315,1955.555,11548.78,7691.581,2033.775,11397.35,8633.216,1982.074,11074.68,7626.079,2018.298,11466.67,8542.088,1974.46,11059.44
7641.799,1955.555,11549.04,7690.07,2033.775,11397.64,8632.232,1982.074,11073.5,7624.566,2018.298,11466.94,8540.971,1974.46,11058.39
7639.551,1955.555,11549.5,7687.804,2033.775,11397.99,8630.708,1982.074,11071.78,7622.295,2018.298,11467.27,8539.354,1974.46,11056.76
7637.483,1955.555,11549.85,7685.722,2033.775,11398.25,8629.403,1982.074,11070.14,7620.209,2018.298,11467.48,8537.927,1974.46,11055.22
7636.45,1955.555,11549.99,7684.684,2033.775,11398.35,8628.729,1982.074,11069.35,7619.176,2018.298,11467.62,8537.217,1974.46,11054.46
7634.058,1955.555,11550.34,7682.276,2033.775,11398.57,8627.279,1982.074,11067.41,7616.78,2018.298,11467.95,8535.592,1974.46,11052.67
7632.283,1955.555,11550.61,7680.494,2033.775,11398.79,8626.156,1982.074,11066.01,7615.03,2018.298,11468.35,8534.429,1974.46,11051.3
7629.748,1955.555,11551.09,7677.945,2033.775,11399.19,8624.478,1982.074,11064.05,7612.55,2018.298,11469.06,8532.628,1974.46,11049.45
7628.755,1955.555,11551.26,7676.947,2033.775,11399.32,8623.798,1982.074,11063.31,7611.573,2018.298,11469.31,8531.858,1974.46,11048.8
7626.414,1955.555,11551.73,7674.59,2033.775,11399.71,8622.129,1982.074,11061.6,7609.239,2018.298,11469.81,8530.049,1974.46,11047.25
7623.981,1955.555,11552.31,7672.137,2033.775,11400.19,8620.458,1982.074,11059.74,7606.779,2018.298,11470.26,8528.209,1974.46,11045.55
7622.723,1955.555,11552.57,7670.911,2033.775,11400.57,8619.568,1982.074,11058.81,7605.523,2018.298,11470.53,8527.293,1974.46,11044.65
7620.569,1955.555,11552.87,7668.816,2033.775,11401.16,8618.03,1982.074,11057.28,7603.397,2018.298,11470.98,8525.648,1974.46,11043.23
7618.894,1955.555,11552.98,7667.184,2033.775,11401.55,8616.805,1982.074,11056.13,7601.744,2018.298,11471.28,8524.381,1974.46,11042.13
7616.55,1955.555,11553.21,7664.901,2033.775,11402.13,8615.052,1982.074,11054.56,7599.414,2018.298,11471.62,8522.654,1974.46,11040.53
7614.538,1955.555,11553.47,7662.918,2033.775,11402.56,8613.586,1982.074,11053.15,7597.416,2018.298,11471.97,8521.364,1974.46,11038.96
7613.061,1955.555,11553.72,7661.446,2033.775,11402.83,8612.47,1982.074,11052.16,7595.962,2018.298,11472.33,8520.375,1974.46,11037.84
7609.879,1955.555,11553.93,7658.274,2033.775,11403.16,8610.163,1982.074,11049.95,7592.863,2018.298,11473.09,8518.361,1974.46,11035.37
7608.556,1955.555,11554.07,7656.956,2033.775,11403.34,8609.231,1982.074,11049,7591.561,2018.298,11473.36,8517.488,1974.46,11034.36
7605.83,1955.555,11554.44,7654.235,2033.775,11403.74,8607.29,1982.074,11047.06,7588.852,2018.298,11473.83,8515.621,1974.46,11032.34
7604.771,1955.555,11554.62,7653.178,2033.775,11403.93,8606.557,1982.074,11046.27,7587.788,2018.298,11473.98,8514.948,1974.46,11031.51
7602.244,1955.555,11554.96,7650.659,2033.775,11404.33,8604.729,1982.074,11044.49,7585.276,2018.298,11474.42,8513.288,1974.46,11029.57
7600.174,1955.555,11555.3,7648.597,2033.775,11404.72,8603.199,1982.074,11043.06,7583.198,2018.298,11474.71,8511.87,1974.46,11028.02
7598.862,1955.555,11555.55,7647.277,2033.775,11404.92,8602.257,1982.074,11042.11,7581.882,2018.298,11474.94,8510.936,1974.46,11027.07
7595.937,1955.555,11556.1,7644.354,2033.775,11405.48,8600.227,1982.074,11039.93,7578.985,2018.298,11475.62,8508.785,1974.46,11025.01
7594.104,1955.555,11556.51,7642.521,2033.775,11405.89,8598.901,1982.074,11038.6,7577.144,2018.298,11475.99,8507.411,1974.46,11023.73
7591.9,1955.555,11557.06,7640.315,2033.775,11406.43,8597.266,1982.074,11037.03,7574.934,2018.298,11476.51,8505.7,1974.46,11022.24
7589.806,1955.555,11557.5,7638.218,2033.775,11406.86,8595.822,1982.074,11035.45,7572.865,2018.298,11477.07,8504.053,1974.46,11020.87
7587.675,1955.555,11557.76,7636.086,2033.775,11407.11,8594.325,1982.074,11033.91,7570.787,2018.298,11477.6,8502.448,1974.46,11019.45
7585.539,1955.555,11557.92,7633.967,2033.775,11407.43,8592.904,1982.074,11032.31,7568.704,2018.298,11478.1,8500.894,1974.46,11017.97
7583.976,1955.555,11558.09,7632.42,2033.775,11407.71,8591.823,1982.074,11031.16,7567.165,2018.298,11478.42,8499.789,1974.46,11016.85
7581.253,1955.555,11558.48,7629.732,2033.775,11408.29,8589.868,1982.074,11029.23,7564.455,2018.298,11478.89,8497.664,1974.46,11015.11
7579.413,1955.555,11558.81,7627.895,2033.775,11408.63,8588.497,1982.074,11027.96,7562.587,2018.298,11478.96,8496.261,1974.46,11013.87
7577.156,1955.555,11559.13,7625.64,2033.775,11408.97,8586.775,1982.074,11026.47,7560.309,2018.298,11479.02,8494.599,1974.46,11012.31
7574.655,1955.555,11559.41,7623.141,2033.775,11409.26,8584.831,1982.074,11024.87,7557.797,2018.298,11479.17,8492.709,1974.46,11010.65
7572.233,1955.555,11559.59,7620.72,2033.775,11409.46,8582.98,1982.074,11023.3,7555.377,2018.298,11479.38,8490.833,1974.46,11009.11
7571.032,1955.555,11559.73,7619.512,2033.775,11409.43,8582.035,1982.074,11022.54,7554.188,2018.298,11479.6,8489.806,1974.46,11008.47
7567.471,1955.555,11560.22,7615.917,2033.775,11409.46,8579.35,1982.074,11020.15,7550.657,2018.298,11480.27,8486.812,1974.46,11006.48
7566.58,1955.555,11560.38,7615.013,2033.775,11409.5,8578.655,1982.074,11019.58,7549.763,2018.298,11480.41,8486.075,1974.46,11005.96
7563.911,1955.555,11560.75,7612.326,2033.775,11409.7,8576.529,1982.074,11017.92,7547.089,2018.298,11480.74,8483.855,1974.46,11004.43
7561.71,1955.555,11560.98,7610.125,2033.775,11409.94,8574.74,1982.074,11016.62,7544.885,2018.298,11480.95,8481.992,1974.46,11003.23
7560.317,1955.555,11561.18,7608.723,2033.775,11410.05,8573.61,1982.074,11015.78,7543.489,2018.298,11481.12,8480.834,1974.46,11002.44
7557.3,1955.555,11561.51,7605.705,2033.775,11410.37,8571.113,1982.074,11014.05,7540.499,2018.298,11481.64,8478.392,1974.46,11000.63
7555.087,1955.555,11561.71,7603.493,2033.775,11410.58,8569.328,1982.074,11012.73,7538.299,2018.298,11481.95,8476.562,1974.46,10999.37
7553.008,1955.555,11561.79,7601.428,2033.775,11410.83,8567.796,1982.074,11011.32,7536.23,2018.298,11482.17,8474.888,1974.46,10998.14
7550.78,1955.555,11561.95,7599.274,2033.775,11411.43,8566.203,1982.074,11009.76,7534.002,2018.298,11482.34,8473.135,1974.46,10996.75
7548.25,1955.555,11561.75,7596.808,2033.775,11412.02,8564.376,1982.074,11008,7531.477,2018.298,11482.59,8471.195,1974.46,10995.12
7545.767,1955.555,11561.64,7594.374,2033.775,11412.53,8562.531,1982.074,11006.33,7529.006,2018.298,11482.86,8469.35,1974.46,10993.45
7544.215,1955.555,11561.62,7592.845,2033.775,11412.79,8561.48,1982.074,11005.19,7527.459,2018.298,11482.98,8468.172,1974.46,10992.44
7541.87,1955.555,11561.54,7590.521,2033.775,11413.12,8559.948,1982.074,11003.41,7525.123,2018.298,11483.19,8466.441,1974.46,10990.86
7539.274,1955.555,11561.54,7587.989,2033.775,11413.69,8558.19,1982.074,11001.5,7522.541,2018.298,11483.46,8464.586,1974.46,10989.04
7536.761,1955.555,11561.62,7585.518,2033.775,11414.16,8556.427,1982.074,10999.71,7520.028,2018.298,11483.56,8462.718,1974.46,10987.36
7535.209,1955.555,11561.66,7583.984,2033.775,11414.39,8555.389,1982.074,10998.56,7518.478,2018.298,11483.49,8461.495,1974.46,10986.4
7532.847,1955.555,11561.65,7581.64,2033.775,11414.68,8553.752,1982.074,10996.85,7516.116,2018.298,11483.46,8459.682,1974.46,10984.89
7530.377,1955.555,11561.55,7579.177,2033.775,11414.9,8551.981,1982.074,10995.13,7513.644,2018.298,11483.47,8457.837,1974.46,10983.24
7528.113,1955.555,11561.44,7576.933,2033.775,11415.21,8550.308,1982.074,10993.6,7511.377,2018.298,11483.46,8456.03,1974.46,10981.88
7525.864,1955.555,11561.12,7574.673,2033.775,11415.45,8548.58,1982.074,10992.12,7509.106,2018.298,11483.53,8454.265,1974.46,10980.45
7523.604,1955.555,11560.87,7572.407,2033.775,11415.62,8546.806,1982.074,10990.7,7506.833,2018.298,11483.52,8452.343,1974.46,10979.23
7521.349,1955.555,11560.58,7570.149,2033.775,11415.89,8545.052,1982.074,10989.25,7504.561,2018.298,11483.44,8450.46,1974.46,10977.96
7519.082,1955.555,11560.36,7567.887,2033.775,11416.17,8543.287,1982.074,10987.81,7502.283,2018.298,11483.43,8448.617,1974.46,10976.62
7516.231,1955.555,11559.89,7565.019,2033.775,11416.52,8540.989,1982.074,10986.06,7499.394,2018.298,11483.52,8446.336,1974.46,10974.85
7514.772,1955.555,11559.7,7563.553,2033.775,11416.65,8539.849,1982.074,10985.13,7497.922,2018.298,11483.51,8445.173,1974.46,10973.94
7512.301,1955.555,11559.45,7561.074,2033.775,11416.79,8538.159,1982.074,10983.31,7495.441,2018.298,11483.42,8443.262,1974.46,10972.36
7510.07,1955.555,11559.25,7558.834,2033.775,11416.84,8536.582,1982.074,10981.72,7493.201,2018.298,11483.42,8441.585,1974.46,10970.87
7508.473,1955.555,11559.13,7557.232,2033.775,11416.83,8535.545,1982.074,10980.5,7491.6,2018.298,11483.36,8440.422,1974.46,10969.77
7505.456,1955.555,11558.72,7554.19,2033.775,11416.7,8533.499,1982.074,10978.25,7488.556,2018.298,11483.42,8438.28,1974.46,10967.61
7504.34,1955.555,11558.6,7553.068,2033.775,11416.69,8532.796,1982.074,10977.37,7487.434,2018.298,11483.41,8437.518,1974.46,10966.78
7501.83,1955.555,11558.43,7550.554,2033.775,11416.58,8531.156,1982.074,10975.46,7484.92,2018.298,11483.29,8435.716,1974.46,10965.03
7499.798,1955.555,11558.35,7548.527,2033.775,11416.43,8529.781,1982.074,10973.96,7482.894,2018.298,11483.46,8434.308,1974.46,10963.56
7497.745,1955.555,11558.23,7546.472,2033.775,11416.34,8528.342,1982.074,10972.5,7480.84,2018.298,11483.55,8432.933,1974.46,10962.03
7496.755,1955.555,11558.21,7545.484,2033.775,11416.28,8527.621,1982.074,10971.82,7479.851,2018.298,11483.59,8432.247,1974.46,10961.32
7495.162,1955.555,11558.22,7543.892,2033.775,11416.21,8526.345,1982.074,10970.86,7478.266,2018.298,11483.76,8431.106,1974.46,10960.2
7492.201,1955.555,11558.13,7540.93,2033.775,11416.19,8524.031,1982.074,10969.01,7475.327,2018.298,11484.13,8428.919,1974.46,10958.21
7490.933,1955.555,11558.13,7539.662,2033.775,11416.22,8523.067,1982.074,10968.19,7474.064,2018.298,11484.25,8427.955,1974.46,10957.38
7490.056,1955.555,11558.15,7538.786,2033.775,11416.18,8522.42,1982.074,10967.6,7473.196,2018.298,11484.37,8427.245,1974.46,10956.87
7488.108,1955.555,11558.27,7536.835,2033.775,11416.16,8520.937,1982.074,10966.33,7471.257,2018.298,11484.59,8425.702,1974.46,10955.67
7486.723,1955.555,11558.4,7535.444,2033.775,11416.19,8519.864,1982.074,10965.45,7469.878,2018.298,11484.77,8424.546,1974.46,10954.9
7484.818,1955.555,11558.52,7533.539,2033.775,11416.3,8518.354,1982.074,10964.28,7467.993,2018.298,11485.07,8422.995,1974.46,10953.78
7484.1,1955.555,11558.59,7532.82,2033.775,11416.36,8517.789,1982.074,10963.83,7467.278,2018.298,11485.17,8422.424,1974.46,10953.34
7482.459,1955.555,11558.8,7531.167,2033.775,11416.29,8516.461,1982.074,10962.84,7465.631,2018.298,11485.32,8421.006,1974.46,10952.49
7481.157,1955.555,11558.96,7529.855,2033.775,11416.27,8515.382,1982.074,10962.1,7464.321,2018.298,11485.4,8419.903,1974.46,10951.78
7480.348,1955.555,11559.04,7529.042,2033.775,11416.29,8514.699,1982.074,10961.66,7463.527,2018.298,11485.57,8419.226,1974.46,10951.33
7478.613,1955.555,11559.23,7527.3,2033.775,11416.38,8513.266,1982.074,10960.66,7461.81,2018.298,11485.88,8417.738,1974.46,10950.42
7477.175,1955.555,11559.35,7525.862,2033.775,11416.51,8512.053,1982.074,10959.88,7460.393,2018.298,11486.16,8416.428,1974.46,10949.82
7476.23,1955.555,11559.46,7524.918,2033.775,11416.62,8511.25,1982.074,10959.37,7459.454,2018.298,11486.31,8415.578,1974.46,10949.39
7475.622,1955.555,11559.55,7524.303,2033.775,11416.61,8510.72,1982.074,10959.06,7458.848,2018.298,11486.41,8415.038,1974.46,10949.09
7473.93,1955.555,11559.86,7522.583,2033.775,11416.65,8509.343,1982.074,10958.03,7457.144,2018.298,11486.65,8413.453,1974.46,10948.43
7473.297,1955.555,11559.99,7521.939,2033.775,11416.68,8508.813,1982.074,10957.66,7456.511,2018.298,11486.78,8412.867,1974.46,10948.16
7472.115,1955.555,11560.09,7520.757,2033.775,11416.79,8507.827,1982.074,10957,7455.343,2018.298,11486.98,8411.807,1974.46,10947.63
7471.131,1955.555,11560.21,7519.773,2033.775,11416.9,8506.986,1982.074,10956.47,7454.363,2018.298,11487.13,8410.9,1974.46,10947.22
7470.19,1955.555,11560.35,7518.832,2033.775,11417.05,8506.162,1982.074,10956,7453.416,2018.298,11487.23,8410.032,1974.46,10946.83
7469.253,1955.555,11560.58,7517.884,2033.775,11417.24,8505.327,1982.074,10955.51,7452.454,2018.298,11487.32,8409.155,1974.46,10946.43
7468.281,1955.555,11560.8,7516.902,2033.775,11417.4,8504.472,1982.074,10955,7451.466,2018.298,11487.44,8408.267,1974.46,10945.98
7467.257,1955.555,11560.98,7515.89,2033.775,11417.64,8503.561,1982.074,10954.5,7450.438,2018.298,11487.61,8407.353,1974.46,10945.48
7466.19,1955.555,11561.14,7514.833,2033.775,11417.86,8502.6,1982.074,10954.01,7449.377,2018.298,11487.8,8406.365,1974.46,10945.05
7465.071,1955.555,11561.23,7513.763,2033.775,11418.19,8501.633,1982.074,10953.44,7448.302,2018.298,11488.12,8405.353,1974.46,10944.56
7464.227,1955.555,11561.32,7512.946,2033.775,11418.42,8500.888,1982.074,10953.03,7447.481,2018.298,11488.34,8404.578,1974.46,10944.21
7462.74,1955.555,11561.53,7511.556,2033.775,11418.99,8499.547,1982.074,10952.35,7446.018,2018.298,11488.67,8403.23,1974.46,10943.55
7461.516,1955.555,11561.69,7510.398,2033.775,11419.42,8498.523,1982.074,10951.66,7444.824,2018.298,11488.99,8402.068,1974.46,10943.13
7460.259,1955.555,11561.9,7509.191,2033.775,11419.83,8497.445,1982.074,10950.98,7443.597,2018.298,11489.33,8400.886,1974.46,10942.66
7459.331,1955.555,11562.09,7508.284,2033.775,11420.1,8496.628,1982.074,10950.51,7442.678,2018.298,11489.56,8400.019,1974.46,10942.28
7457.46,1955.555,11562.52,7506.429,2033.775,11420.59,8494.94,1982.074,10949.59,7440.803,2018.298,11489.97,8398.286,1974.46,10941.46
7456.29,1955.555,11562.75,7505.265,2033.775,11420.86,8493.951,1982.074,10948.92,7439.646,2018.298,11490.26,8397.196,1974.46,10940.97
7455.059,1955.555,11562.94,7504.06,2033.775,11421.17,8492.897,1982.074,10948.26,7438.439,2018.298,11490.57,8396.076,1974.46,10940.42
7453.567,1955.555,11563.22,7502.642,2033.775,11421.71,8491.588,1982.074,10947.49,7436.958,2018.298,11490.9,8394.735,1974.46,10939.71
7452.141,1955.555,11563.54,7501.261,2033.775,11422.19,8490.304,1982.074,10946.8,7435.521,2018.298,11491.17,8393.41,1974.46,10939.1
7451.079,1955.555,11563.74,7500.229,2033.775,11422.51,8489.338,1982.074,10946.31,7434.466,2018.298,11491.4,8392.409,1974.46,10938.69
7449.171,1955.555,11563.83,7498.385,2033.775,11423.01,8487.603,1982.074,10945.51,7432.614,2018.298,11491.87,8390.663,1974.46,10937.91
7448.05,1955.555,11563.93,7497.291,2033.775,11423.27,8486.565,1982.074,10945.08,7431.515,2018.298,11492.11,8389.634,1974.46,10937.46
7445.793,1955.555,11564.06,7495.076,2033.775,11423.72,8484.428,1982.074,10944.34,7429.292,2018.298,11492.52,8387.605,1974.46,10936.46
7444.701,1955.555,11564.16,7493.994,2033.775,11423.91,8483.401,1982.074,10943.96,7428.233,2018.298,11492.81,8386.605,1974.46,10936.01
7442.644,1955.555,11564.42,7491.948,2033.775,11424.24,8481.489,1982.074,10943.16,7426.216,2018.298,11493.29,8384.689,1974.46,10935.22
7441.713,1955.555,11564.56,7491.022,2033.775,11424.42,8480.608,1982.074,10942.82,7425.292,2018.298,11493.47,8383.83,1974.46,10934.83
7439.646,1955.555,11564.94,7488.925,2033.775,11424.52,8478.644,1982.074,10942.08,7423.222,2018.298,11493.83,8381.889,1974.46,10934.03
7437.984,1955.555,11565.19,7487.25,2033.775,11424.65,8477.028,1982.074,10941.62,7421.576,2018.298,11494.16,8380.319,1974.46,10933.43
7436.917,1955.555,11565.3,7486.183,2033.775,11424.77,8476.006,1982.074,10941.29,7420.517,2018.298,11494.34,8379.307,1974.46,10933.07
7434.586,1955.555,11565.58,7483.86,2033.775,11425.11,8473.753,1982.074,10940.63,7418.191,2018.298,11494.66,8377.068,1974.46,10932.36
7432.865,1955.555,11565.84,7482.134,2033.775,11425.34,8472.074,1982.074,10940.17,7416.493,2018.298,11495.04,8375.392,1974.46,10931.89
7431.133,1955.555,11566.16,7480.393,2033.775,11425.61,8470.392,1982.074,10939.64,7414.763,2018.298,11495.38,8373.681,1974.46,10931.47
7429.687,1955.555,11566.47,7478.939,2033.775,11425.88,8468.976,1982.074,10939.22,7413.329,2018.298,11495.74,8372.257,1974.46,10931.07
7427.654,1955.555,11566.98,7476.895,2033.775,11426.33,8466.951,1982.074,10938.68,7411.282,2018.298,11496.18,8370.26,1974.46,10930.44
7426.179,1955.555,11567.29,7475.474,2033.775,11426.84,8465.506,1982.074,10938.25,7409.784,2018.298,11496.36,8368.844,1974.46,10929.92
7423.505,1955.555,11567.78,7472.887,2033.775,11427.67,8462.928,1982.074,10937.39,7407.099,2018.298,11496.77,8366.265,1974.46,10929.07
7422.903,1955.555,11567.86,7472.301,2033.775,11427.84,8462.335,1982.074,10937.25,7406.493,2018.298,11496.84,8365.673,1974.46,10928.92
7420.395,1955.555,11568.15,7469.852,2033.775,11428.45,8459.842,1982.074,10936.85,7403.985,2018.298,11497.13,8363.251,1974.46,10928.21
7419.217,1955.555,11568.32,7468.689,2033.775,11428.7,8458.674,1982.074,10936.63,7402.796,2018.298,11497.16,8362.1,1974.46,10927.91
7416.569,1955.555,11568.65,7466.063,2033.775,11429.18,8456.072,1982.074,10936.04,7400.132,2018.298,11497.31,8359.554,1974.46,10927.11
7414.88,1955.555,11568.8,7464.386,2033.775,11429.42,8454.432,1982.074,10935.6,7398.443,2018.298,11497.46,8357.92,1974.46,10926.66
7412.882,1955.555,11569.3,7462.371,2033.775,11429.85,8452.445,1982.074,10935.06,7396.4,2018.298,11497.72,8355.92,1974.46,10926.17
7411.009,1955.555,11569.78,7460.498,2033.775,11430.33,8450.563,1982.074,10934.62,7394.489,2018.298,11498.02,8353.996,1974.46,10925.97
7409.112,1955.555,11570.21,7458.619,2033.775,11430.83,8448.657,1982.074,10934.23,7392.58,2018.298,11498.38,8352.07,1974.46,10925.7
7407.901,1955.555,11570.5,7457.421,2033.775,11431.17,8447.429,1982.074,10934.02,7391.354,2018.298,11498.61,8350.824,1974.46,10925.67
7405.177,1955.555,11571.07,7454.722,2033.775,11431.86,8444.671,1982.074,10933.65,7388.633,2018.298,11499.2,8348.043,1974.46,10925.56
7403.438,1955.555,11571.37,7453.018,2033.775,11432.31,8442.915,1982.074,10933.47,7386.922,2018.298,11499.63,8346.279,1974.46,10925.48
7401.458,1955.555,11571.64,7451.073,2033.775,11432.77,8440.924,1982.074,10933.31,7384.969,2018.298,11500.05,8344.284,1974.46,10925.38
7399.477,1955.555,11571.97,7449.104,2033.775,11433.17,8438.917,1982.074,10933.21,7383.083,2018.298,11500.75,8342.282,1974.46,10925.2
7397.36,1955.555,11572.4,7447.005,2033.775,11433.68,8436.765,1982.074,10933.03,7381.04,2018.298,11501.44,8340.136,1974.46,10924.97
7395.715,1955.555,11572.78,7445.377,2033.775,11434.13,8435.087,1982.074,10932.84,7379.424,2018.298,11501.93,8338.453,1974.46,10924.83
7392.772,1955.555,11573.45,7442.494,2033.775,11435.02,8432.156,1982.074,10932.12,7376.558,2018.298,11502.88,8335.438,1974.46,10924.94
7392.113,1955.555,11573.62,7441.836,2033.775,11435.2,8431.49,1982.074,10931.98,7375.928,2018.298,11503.14,8334.757,1974.46,10924.94
7389.388,1955.555,11574.26,7439.107,2033.775,11435.82,8428.734,1982.074,10931.49,7373.308,2018.298,11504.12,8331.959,1974.46,10924.86
7387.395,1955.555,11574.8,7437.11,2033.775,11436.34,8426.69,1982.074,10931.19,7371.352,2018.298,11504.78,8329.898,1974.46,10924.73
7385.662,1955.555,11575.32,7435.366,2033.775,11436.83,8424.89,1982.074,10930.99,7369.617,2018.298,11505.31,8328.095,1974.46,10924.56
7383.566,1955.555,11575.89,7433.297,2033.775,11437.49,8422.784,1982.074,10930.47,7367.52,2018.298,11505.86,8325.941,1974.46,10924.29
7380.784,1955.555,11576.83,7430.489,2033.775,11438.35,8419.913,1982.074,10929.85,7364.618,2018.298,11506.31,8323.04,1974.46,10923.83
7380.119,1955.555,11577.03,7429.819,2033.775,11438.53,8419.229,1982.074,10929.73,7363.936,2018.298,11506.44,8322.352,1974.46,10923.74
7376.891,1955.555,11577.89,7426.567,2033.775,11439.3,8415.924,1982.074,10929.24,7360.674,2018.298,11507.17,8319.043,1974.46,10923.27
7375.659,1955.555,11578.28,7425.301,2033.775,11439.55,8414.641,1982.074,10929.09,7359.386,2018.298,11507.27,8317.771,1974.46,10923.05
7372.622,1955.555,11579.12,7422.241,2033.775,11440.31,8411.522,1982.074,10928.63,7356.254,2018.298,11507.63,8314.649,1974.46,10922.61
7371.327,1955.555,11579.44,7420.937,2033.775,11440.58,8410.22,1982.074,10928.35,7354.935,2018.298,11507.82,8313.337,1974.46,10922.38
7369.505,1955.555,11580,7419.065,2033.775,11440.94,8408.397,1982.074,10927.79,7353.06,2018.298,11508.15,8311.438,1974.46,10922.23
7367.686,1955.555,11580.49,7417.204,2033.775,11441.24,8406.577,1982.074,10927.3,7351.183,2018.298,11508.32,8309.564,1974.46,10922.02
7366.373,1955.555,11580.8,7415.866,2033.775,11441.41,8405.264,1982.074,10927,7349.844,2018.298,11508.49,8308.229,1974.46,10921.82
7364.168,1955.555,11581.24,7413.628,2033.775,11441.63,8403.059,1982.074,10926.56,7347.599,2018.298,11508.62,8305.991,1974.46,10921.61
7362.476,1955.555,11581.52,7411.916,2033.775,11441.76,8401.365,1982.074,10926.27,7345.89,2018.298,11508.78,8304.288,1974.46,10921.39
7360.829,1955.555,11581.75,7410.264,2033.775,11441.94,8399.752,1982.074,10925.88,7344.228,2018.298,11508.74,8302.647,1974.46,10921.13
7359.224,1955.555,11581.91,7408.655,2033.775,11442.06,8398.174,1982.074,10925.54,7342.615,2018.298,11508.76,8301.043,1974.46,10920.96
7357.412,1955.555,11582.03,7406.842,2033.775,11442.16,8396.389,1982.074,10925.21,7340.801,2018.298,11508.84,8299.243,1974.46,10920.72
7356.094,1955.555,11582.19,7405.516,2033.775,11442.2,8395.077,1982.074,10925,7339.478,2018.298,11508.94,8297.924,1974.46,10920.57
7354.318,1955.555,11582.34,7403.736,2033.775,11442.3,8393.319,1982.074,10924.71,7337.705,2018.298,11509.13,8296.16,1974.46,10920.32
7353.587,1955.555,11582.32,7403.008,2033.775,11442.36,8392.595,1982.074,10924.61,7336.976,2018.298,11509.18,8295.435,1974.46,10920.23
7351.903,1955.555,11582.31,7401.326,2033.775,11442.46,8390.919,1982.074,10924.44,7335.305,2018.298,11509.39,8293.772,1974.46,10919.95
7350.57,1955.555,11582.34,7399.999,2033.775,11442.58,8389.598,1982.074,10924.27,7333.978,2018.298,11509.52,8292.45,1974.46,10919.78
7349.272,1955.555,11582.42,7398.708,2033.775,11442.74,8388.326,1982.074,10923.99,7332.679,2018.298,11509.6,8291.149,1974.46,10919.81
7348.025,1955.555,11582.47,7397.465,2033.775,11442.85,8387.1,1982.074,10923.77,7331.433,2018.298,11509.55,8289.902,1974.46,10919.8
7346.809,1955.555,11582.47,7396.26,2033.775,11443.01,8385.896,1982.074,10923.59,7330.217,2018.298,11509.54,8288.687,1974.46,10919.76
7345.327,1955.555,11582.43,7394.785,2033.775,11443.16,8384.424,1982.074,10923.42,7328.735,2018.298,11509.58,8287.207,1974.46,10919.66
7344.596,1955.555,11582.34,7394.051,2033.775,11443.21,8383.69,1982.074,10923.36,7328,2018.298,11509.62,8286.475,1974.46,10919.59
7343.395,1955.555,11582.24,7392.85,2033.775,11443.32,8382.486,1982.074,10923.41,7326.802,2018.298,11509.75,8285.271,1974.46,10919.51
7342.327,1955.555,11582.19,7391.785,2033.775,11443.41,8381.417,1982.074,10923.42,7325.735,2018.298,11509.84,8284.205,1974.46,10919.43
7341.293,1955.555,11582.17,7390.755,2033.775,11443.51,8380.384,1982.074,10923.39,7324.703,2018.298,11509.88,8283.172,1974.46,10919.39
7340.285,1955.555,11582.11,7389.748,2033.775,11443.58,8379.376,1982.074,10923.46,7323.698,2018.298,11509.98,8282.162,1974.46,10919.38
7339.312,1955.555,11582.08,7388.779,2033.775,11443.67,8378.403,1982.074,10923.49,7322.727,2018.298,11510.05,8281.188,1974.46,10919.41
7338.523,1955.555,11582.08,7387.992,2033.775,11443.72,8377.615,1982.074,10923.52,7321.949,2018.298,11510.18,8280.4,1974.46,10919.44
7337.45,1955.555,11582.11,7386.923,2033.775,11443.82,8376.544,1982.074,10923.59,7320.885,2018.298,11510.32,8279.327,1974.46,10919.45
7336.567,1955.555,11582.16,7386.042,2033.775,11443.9,8375.659,1982.074,10923.62,7320.019,2018.298,11510.5,8278.444,1974.46,10919.39
7335.714,1955.555,11582.25,7385.192,2033.775,11444.01,8374.803,1982.074,10923.62,7319.174,2018.298,11510.64,8277.588,1974.46,10919.36
7334.884,1955.555,11582.35,7384.355,2033.775,11444.01,8373.966,1982.074,10923.6,7318.348,2018.298,11510.78,8276.752,1974.46,10919.32
7334.139,1955.555,11582.41,7383.607,2033.775,11444.04,8373.222,1982.074,10923.68,7317.605,2018.298,11510.87,8276.01,1974.46,10919.23
7333.089,1955.555,11582.38,7382.559,2033.775,11444.08,8372.175,1982.074,10923.75,7316.561,2018.298,11510.97,8274.964,1974.46,10919.14
7332.712,1955.555,11582.38,7382.183,2033.775,11444.11,8371.798,1982.074,10923.77,7316.184,2018.298,11510.99,8274.587,1974.46,10919.12
7331.811,1955.555,11582.42,7381.286,2033.775,11444.21,8370.896,1982.074,10923.78,7315.283,2018.298,11511.02,8273.693,1974.46,10919
7331.284,1955.555,11582.46,7380.769,2033.775,11444.31,8370.368,1982.074,10923.76,7314.756,2018.298,11511.05,8273.168,1974.46,10918.95
7330.219,1955.555,11582.5,7379.726,2033.775,11444.54,8369.303,1982.074,10923.78,7313.695,2018.298,11511.16,8272.104,1974.46,10918.88
7329.744,1955.555,11582.5,7379.258,2033.775,11444.62,8368.828,1982.074,10923.8,7313.221,2018.298,11511.2,8271.63,1974.46,10918.87
7329.096,1955.555,11582.47,7378.616,2033.775,11444.71,8368.18,1982.074,10923.81,7312.577,2018.298,11511.27,8270.981,1974.46,10918.87
7328.636,1955.555,11582.47,7378.167,2033.775,11444.81,8367.722,1982.074,10923.85,7312.119,2018.298,11511.31,8270.521,1974.46,10918.89
7327.759,1955.555,11582.48,7377.318,2033.775,11445.03,8366.848,1982.074,10923.92,7311.248,2018.298,11511.41,8269.646,1974.46,10918.84
7327.427,1955.555,11582.5,7376.994,2033.775,11445.11,8366.516,1982.074,10923.93,7310.915,2018.298,11511.41,8269.314,1974.46,10918.81
7326.701,1955.555,11582.51,7376.28,2033.775,11445.24,8365.79,1982.074,10923.97,7310.188,2018.298,11511.42,8268.592,1974.46,10918.73
7326.193,1955.555,11582.46,7375.776,2033.775,11445.32,8365.28,1982.074,10923.98,7309.679,2018.298,11511.45,8268.083,1974.46,10918.69
7325.304,1955.555,11582.39,7374.892,2033.775,11445.43,8364.389,1982.074,10923.96,7308.788,2018.298,11511.47,8267.192,1974.46,10918.65
7325.052,1955.555,11582.38,7374.64,2033.775,11445.46,8364.137,1982.074,10923.98,7308.536,2018.298,11511.45,8266.943,1974.46,10918.61
7324.632,1955.555,11582.35,7374.22,2033.775,11445.48,8363.716,1982.074,10923.98,7308.116,2018.298,11511.42,8266.525,1974.46,10918.55
7324.124,1955.555,11582.23,7373.7,2033.775,11445.52,8363.194,1982.074,10923.98,7307.602,2018.298,11511.33,8266.007,1974.46,10918.5
7323.674,1955.555,11582.1,7373.23,2033.775,11445.54,8362.726,1982.074,10923.95,7307.137,2018.298,11511.26,8265.538,1974.46,10918.47
7323.228,1955.555,11581.98,7372.769,2033.775,11445.54,8362.266,1982.074,10923.99,7306.678,2018.298,11511.21,8265.076,1974.46,10918.45
7322.799,1955.555,11581.88,7372.329,2033.775,11445.53,8361.828,1982.074,10924.05,7306.238,2018.298,11511.21,8264.636,1974.46,10918.45
7322.487,1955.555,11581.82,7372.013,2033.775,11445.49,8361.511,1982.074,10924.07,7305.92,2018.298,11511.2,8264.317,1974.46,10918.46
7321.966,1955.555,11581.73,7371.488,2033.775,11445.43,8360.984,1982.074,10924.1,7305.394,2018.298,11511.16,8263.791,1974.46,10918.49
7321.592,1955.555,11581.66,7371.107,2033.775,11445.4,8360.604,1982.074,10924.13,7305.012,2018.298,11511.17,8263.409,1974.46,10918.5
7321.081,1955.555,11581.57,7370.591,2033.775,11445.35,8360.086,1982.074,10924.16,7304.494,2018.298,11511.18,8262.892,1974.46,10918.53
7320.874,1955.555,11581.54,7370.383,2033.775,11445.33,8359.878,1982.074,10924.17,7304.285,2018.298,11511.18,8262.684,1974.46,10918.54
7320.425,1955.555,11581.5,7369.932,2033.775,11445.32,8359.43,1982.074,10924.21,7303.834,2018.298,11511.17,8262.235,1974.46,10918.49
7320.161,1955.555,11581.48,7369.668,2033.775,11445.3,8359.166,1982.074,10924.23,7303.57,2018.298,11511.16,8261.972,1974.46,10918.47
7319.681,1955.555,11581.38,7369.179,2033.775,11445.28,8358.677,1982.074,10924.26,7303.08,2018.298,11511.15,8261.482,1974.46,10918.44
7319.392,1955.555,11581.33,7368.885,2033.775,11445.28,8358.383,1982.074,10924.26,7302.786,2018.298,11511.14,8261.188,1974.46,10918.44
7319.001,1955.555,11581.27,7368.493,2033.775,11445.32,8357.989,1982.074,10924.25,7302.393,2018.298,11511.16,8260.796,1974.46,10918.4
7318.743,1955.555,11581.24,7368.233,2033.775,11445.34,8357.729,1982.074,10924.24,7302.133,2018.298,11511.17,8260.536,1974.46,10918.39
7318.475,1955.555,11581.22,7367.964,2033.775,11445.35,8357.46,1982.074,10924.23,7301.864,2018.298,11511.19,8260.267,1974.46,10918.38
7318.212,1955.555,11581.2,7367.701,2033.775,11445.35,8357.201,1982.074,10924.18,7301.601,2018.298,11511.19,8260.004,1974.46,10918.39
7317.914,1955.555,11581.19,7367.402,2033.775,11445.34,8356.906,1982.074,10924.13,7301.303,2018.298,11511.2,8259.706,1974.46,10918.39
7317.613,1955.555,11581.18,7367.102,2033.775,11445.33,8356.607,1982.074,10924.09,7301.002,2018.298,11511.21,8259.405,1974.46,10918.38
7317.347,1955.555,11581.18,7366.836,2033.775,11445.31,8356.342,1982.074,10924.07,7300.736,2018.298,11511.22,8259.139,1974.46,10918.38
7317.139,1955.555,11581.19,7366.629,2033.775,11445.28,8356.134,1982.074,10924.06,7300.528,2018.298,11511.22,8258.931,1974.46,10918.38
7316.774,1955.555,11581.21,7366.268,2033.775,11445.23,8355.769,1982.074,10924.04,7300.163,2018.298,11511.23,8258.565,1974.46,10918.37
7316.566,1955.555,11581.22,7366.063,2033.775,11445.19,8355.561,1982.074,10924.06,7299.955,2018.298,11511.23,8258.357,1974.46,10918.35
7316.146,1955.555,11581.27,7365.65,2033.775,11445.1,8355.138,1982.074,10924.08,7299.532,2018.298,11511.23,8257.936,1974.46,10918.32
7315.792,1955.555,11581.29,7365.306,2033.775,11445.01,8354.784,1982.074,10924.11,7299.178,2018.298,11511.25,8257.581,1974.46,10918.31
7315.45,1955.555,11581.3,7364.977,2033.775,11444.92,8354.442,1982.074,10924.13,7298.836,2018.298,11511.27,8257.238,1974.46,10918.3
7315.111,1955.555,11581.33,7364.652,2033.775,11444.82,8354.104,1982.074,10924.16,7298.497,2018.298,11511.29,8256.898,1974.46,10918.29
7314.792,1955.555,11581.35,7364.351,2033.775,11444.71,8353.786,1982.074,10924.19,7298.178,2018.298,11511.31,8256.579,1974.46,10918.29
7314.558,1955.555,11581.38,7364.131,2033.775,11444.62,8353.553,1982.074,10924.22,7297.942,2018.298,11511.33,8256.344,1974.46,10918.29
7314.169,1955.555,11581.43,7363.771,2033.775,11444.47,8353.166,1982.074,10924.29,7297.551,2018.298,11511.35,8255.951,1974.46,10918.29
7313.896,1955.555,11581.48,7363.521,2033.775,11444.35,8352.896,1982.074,10924.35,7297.275,2018.298,11511.36,8255.675,1974.46,10918.28
7313.525,1955.555,11581.54,7363.184,2033.775,11444.18,8352.527,1982.074,10924.44,7296.897,2018.298,11511.37,8255.297,1974.46,10918.27
7313.321,1955.555,11581.59,7363.001,2033.775,11444.08,8352.326,1982.074,10924.49,7296.689,2018.298,11511.38,8255.089,1974.46,10918.26
7313,1955.555,11581.67,7362.717,2033.775,11443.91,8352.01,1982.074,10924.59,7296.359,2018.298,11511.39,8254.759,1974.46,10918.24
7312.681,1955.555,11581.75,7362.439,2033.775,11443.73,8351.697,1982.074,10924.69,7296.029,2018.298,11511.4,8254.431,1974.46,10918.22
7312.481,1955.555,11581.81,7362.267,2033.775,11443.61,8351.502,1982.074,10924.77,7295.821,2018.298,11511.4,8254.223,1974.46,10918.21
7312.223,1955.555,11581.89,7362.049,2033.775,11443.45,8351.252,1982.074,10924.87,7295.55,2018.298,11511.41,8253.953,1974.46,10918.2
7311.999,1955.555,11581.97,7361.862,2033.775,11443.31,8351.036,1982.074,10924.97,7295.313,2018.298,11511.41,8253.717,1974.46,10918.18
7311.804,1955.555,11582.04,7361.694,2033.775,11443.18,8350.844,1982.074,10925.05,7295.105,2018.298,11511.41,8253.509,1974.46,10918.18
7311.503,1955.555,11582.16,7361.426,2033.775,11443,8350.54,1982.074,10925.16,7294.781,2018.298,11511.4,8253.185,1974.46,10918.18
7311.312,1955.555,11582.24,7361.25,2033.775,11442.89,8350.343,1982.074,10925.23,7294.573,2018.298,11511.39,8252.977,1974.46,10918.18
7311.067,1955.555,11582.36,7361.019,2033.775,11442.75,8350.085,1982.074,10925.31,7294.304,2018.298,11511.37,8252.708,1974.46,10918.2
7310.88,1955.555,11582.45,7360.836,2033.775,11442.65,8349.884,1982.074,10925.36,7294.097,2018.298,11511.35,8252.501,1974.46,10918.22
7310.69,1955.555,11582.53,7360.65,2033.775,11442.56,8349.681,1982.074,10925.41,7293.893,2018.298,11511.31,8252.295,1974.46,10918.25
7310.502,1955.555,11582.62,7360.467,2033.775,11442.46,8349.479,1982.074,10925.46,7293.688,2018.298,11511.27,8252.088,1974.46,10918.27
7310.317,1955.555,11582.72,7360.288,2033.775,11442.36,8349.28,1982.074,10925.52,7293.483,2018.298,11511.23,8251.88,1974.46,10918.29
7310.103,1955.555,11582.83,7360.082,2033.775,11442.22,8349.049,1982.074,10925.6,7293.243,2018.298,11511.19,8251.636,1974.46,10918.3
7309.922,1955.555,11582.94,7359.909,2033.775,11442.11,8348.854,1982.074,10925.67,7293.037,2018.298,11511.16,8251.428,1974.46,10918.3
7309.744,1955.555,11583.05,7359.741,2033.775,11441.98,8348.661,1982.074,10925.75,7292.832,2018.298,11511.13,8251.22,1974.46,10918.3
7309.569,1955.555,11583.16,7359.576,2033.775,11441.86,8348.471,1982.074,10925.84,7292.625,2018.298,11511.1,8251.012,1974.46,10918.31
7309.396,1955.555,11583.28,7359.416,2033.775,11441.72,8348.283,1982.074,10925.93,7292.419,2018.298,11511.07,8250.804,1974.46,10918.32
7309.227,1955.555,11583.4,7359.26,2033.775,11441.58,8348.099,1982.074,10926.03,7292.213,2018.298,11511.04,8250.596,1974.46,10918.32
7309.061,1955.555,11583.52,7359.109,2033.775,11441.44,8347.918,1982.074,10926.13,7292.006,2018.298,11511.01,8250.388,1974.46,10918.33
7308.888,1955.555,11583.66,7358.954,2033.775,11441.28,8347.73,1982.074,10926.25,7291.788,2018.298,11510.98,8250.168,1974.46,10918.33
7308.727,1955.555,11583.79,7358.813,2033.775,11441.13,8347.557,1982.074,10926.36,7291.582,2018.298,11510.96,8249.96,1974.46,10918.33
7308.57,1955.555,11583.93,7358.676,2033.775,11440.97,8347.387,1982.074,10926.48,7291.375,2018.298,11510.93,8249.752,1974.46,10918.32
7308.416,1955.555,11584.07,7358.544,2033.775,11440.81,8347.221,1982.074,10926.61,7291.167,2018.298,11510.91,8249.544,1974.46,10918.31
7308.266,1955.555,11584.21,7358.418,2033.775,11440.65,8347.059,1982.074,10926.74,7290.96,2018.298,11510.89,8249.336,1974.46,10918.29
7308.119,1955.555,11584.36,7358.298,2033.775,11440.48,8346.901,1982.074,10926.87,7290.753,2018.298,11510.87,8249.129,1974.46,10918.29
7307.975,1955.555,11584.51,7358.183,2033.775,11440.3,8346.748,1982.074,10927.02,7290.546,2018.298,11510.85,8248.921,1974.46,10918.27
7307.835,1955.555,11584.66,7358.073,2033.775,11440.13,8346.6,1982.074,10927.16,7290.339,2018.298,11510.83,8248.713,1974.46,10918.26
7307.699,1955.555,11584.82,7357.97,2033.775,11439.95,8346.456,1982.074,10927.31,7290.132,2018.298,11510.81,8248.505,1974.46,10918.26
7307.566,1955.555,11584.98,7357.86,2033.775,11439.77,8346.317,1982.074,10927.47,7289.925,2018.298,11510.78,8248.297,1974.46,10918.26
7307.437,1955.555,11585.14,7357.745,2033.775,11439.59,8346.184,1982.074,10927.63,7289.719,2018.298,11510.75,8248.089,1974.46,10918.25
7307.312,1955.555,11585.31,7357.624,2033.775,11439.42,8346.056,1982.074,10927.79,7289.513,2018.298,11510.72,8247.881,1974.46,10918.24
7307.181,1955.555,11585.47,7357.498,2033.775,11439.26,8345.933,1982.074,10927.96,7289.307,2018.298,11510.69,8247.673,1974.46,10918.23
7307.044,1955.555,11585.63,7357.366,2033.775,11439.1,8345.805,1982.074,10928.13,7289.1,2018.298,11510.67,8247.465,1974.46,10918.23
7306.903,1955.555,11585.78,7357.229,2033.775,11438.94,8345.671,1982.074,10928.29,7288.892,2018.298,11510.66,8247.257,1974.46,10918.24
7306.757,1955.555,11585.93,7357.086,2033.775,11438.79,8345.532,1982.074,10928.44,7288.684,2018.298,11510.65,8247.049,1974.46,10918.25
7306.606,1955.555,11586.08,7356.939,2033.775,11438.64,8345.389,1982.074,10928.59,7288.475,2018.298,11510.65,8246.842,1974.46,10918.27
7306.451,1955.555,11586.21,7356.788,2033.775,11438.5,8345.24,1982.074,10928.74,7288.267,2018.298,11510.64,8246.636,1974.46,10918.3
7306.291,1955.555,11586.35,7356.631,2033.775,11438.36,8345.087,1982.074,10928.88,7288.059,2018.298,11510.64,8246.431,1974.46,10918.33
7306.127,1955.555,11586.48,7356.471,2033.775,11438.23,8344.93,1982.074,10929.02,7287.852,2018.298,11510.66,8246.227,1974.46,10918.37
7305.958,1955.555,11586.6,7356.306,2033.775,11438.1,8344.768,1982.074,10929.15,7287.645,2018.298,11510.68,8246.023,1974.46,10918.42
7305.786,1955.555,11586.72,7356.137,2033.775,11437.98,8344.602,1982.074,10929.27,7287.437,2018.298,11510.7,8245.822,1974.46,10918.48
7305.61,1955.555,11586.83,7355.964,2033.775,11437.86,8344.432,1982.074,10929.39,7287.229,2018.298,11510.71,8245.623,1974.46,10918.54
7305.431,1955.555,11586.93,7355.787,2033.775,11437.75,8344.258,1982.074,10929.51,7287.021,2018.298,11510.71,8245.426,1974.46,10918.6
7305.248,1955.555,11587.03,7355.607,2033.775,11437.65,8344.08,1982.074,10929.62,7286.814,2018.298,11510.74,8245.23,1974.46,10918.68
7305.062,1955.555,11587.13,7355.423,2033.775,11437.55,8343.898,1982.074,10929.72,7286.607,2018.298,11510.76,8245.038,1974.46,10918.76
7304.873,1955.555,11587.21,7355.237,2033.775,11437.46,8343.714,1982.074,10929.81,7286.399,2018.298,11510.77,8244.849,1974.46,10918.84
7304.681,1955.555,11587.3,7355.047,2033.775,11437.37,8343.526,1982.074,10929.91,7286.191,2018.298,11510.78,8244.651,1974.46,10918.91
7304.486,1955.555,11587.37,7354.855,2033.775,11437.29,8343.336,1982.074,10929.99,7285.982,2018.298,11510.78,8244.456,1974.46,10918.98
7304.29,1955.555,11587.44,7354.66,2033.775,11437.21,8343.146,1982.074,10930.07,7285.774,2018.298,11510.78,8244.264,1974.46,10919.06
7304.091,1955.555,11587.5,7354.463,2033.775,11437.15,8342.967,1982.074,10930.18,7285.565,2018.298,11510.78,8244.063,1974.46,10919.12
7303.89,1955.555,11587.56,7354.264,2033.775,11437.09,8342.785,1982.074,10930.28,7285.357,2018.298,11510.78,8243.863,1974.46,10919.18
7303.688,1955.555,11587.61,7354.063,2033.775,11437.03,8342.6,1982.074,10930.38,7285.149,2018.298,11510.8,8243.667,1974.46,10919.25
7303.483,1955.555,11587.65,7353.86,2033.775,11436.98,8342.411,1982.074,10930.47,7284.941,2018.298,11510.81,8243.473,1974.46,10919.32
7303.278,1955.555,11587.68,7353.656,2033.775,11436.94,8342.22,1982.074,10930.55,7284.733,2018.298,11510.81,8243.281,1974.46,10919.41
7303.072,1955.555,11587.71,7353.45,2033.775,11436.91,8342.038,1982.074,10930.65,7284.524,2018.298,11510.81,8243.093,1974.46,10919.49
7302.865,1955.555,11587.74,7353.244,2033.775,11436.88,8341.854,1982.074,10930.75,7284.316,2018.298,11510.82,8242.907,1974.46,10919.59
7302.66,1955.555,11587.78,7353.037,2033.775,11436.86,8341.665,1982.074,10930.84,7284.108,2018.298,11510.82,8242.718,1974.46,10919.67
7302.455,1955.555,11587.81,7352.831,2033.775,11436.83,8341.475,1982.074,10930.92,7283.9,2018.298,11510.81,8242.531,1974.46,10919.77
7302.248,1955.555,11587.83,7352.624,2033.775,11436.81,8341.286,1982.074,10931.01,7283.691,2018.298,11510.8,8242.342,1974.46,10919.85
7302.041,1955.555,11587.85,7352.416,2033.775,11436.79,8341.096,1982.074,10931.09,7283.484,2018.298,11510.78,8242.148,1974.46,10919.93
7301.833,1955.555,11587.86,7352.209,2033.775,11436.77,8340.912,1982.074,10931.19,7283.277,2018.298,11510.76,8241.953,1974.46,10920
7301.624,1955.555,11587.87,7352.001,2033.775,11436.75,8340.726,1982.074,10931.28,7283.069,2018.298,11510.75,8241.759,1974.46,10920.08
7301.416,1955.555,11587.87,7351.793,2033.775,11436.74,8340.536,1982.074,10931.37,7282.861,2018.298,11510.74,8241.566,1974.46,10920.16
7301.208,1955.555,11587.86,7351.586,2033.775,11436.72,8340.344,1982.074,10931.45,7282.654,2018.298,11510.72,8241.377,1974.46,10920.24
7301,1955.555,11587.84,7351.379,2033.775,11436.7,8340.146,1982.074,10931.51,7282.446,2018.298,11510.7,8241.185,1974.46,10920.32
7300.792,1955.555,11587.83,7351.171,2033.775,11436.68,8339.946,1982.074,10931.57,7282.239,2018.298,11510.67,8240.99,1974.46,10920.4
7300.583,1955.555,11587.83,7350.964,2033.775,11436.67,8339.75,1982.074,10931.64,7282.037,2018.298,11510.62,8240.793,1974.46,10920.46
7300.375,1955.555,11587.82,7350.757,2033.775,11436.64,8339.558,1982.074,10931.72,7281.833,2018.298,11510.58,8240.597,1974.46,10920.53
7300.167,1955.555,11587.81,7350.55,2033.775,11436.62,8339.363,1982.074,10931.8,7281.627,2018.298,11510.55,8240.402,1974.46,10920.61
7299.96,1955.555,11587.79,7350.343,2033.775,11436.6,8339.161,1982.074,10931.85,7281.421,2018.298,11510.52,8240.216,1974.46,10920.7
7299.753,1955.555,11587.76,7350.134,2033.775,11436.6,8338.96,1982.074,10931.9,7281.214,2018.298,11510.49,8240.026,1974.46,10920.79
7299.546,1955.555,11587.74,7349.926,2033.775,11436.59,8338.761,1982.074,10931.96,7281.006,2018.298,11510.48,8239.834,1974.46,10920.87
7299.338,1955.555,11587.72,7349.718,2033.775,11436.58,8338.564,1982.074,10932.03,7280.798,2018.298,11510.47,8239.639,1974.46,10920.94
7299.133,1955.555,11587.69,7349.511,2033.775,11436.55,8338.37,1982.074,10932.11,7280.59,2018.298,11510.49,8239.451,1974.46,10921.03
7298.927,1955.555,11587.66,7349.304,2033.775,11436.53,8338.175,1982.074,10932.18,7280.382,2018.298,11510.5,8239.261,1974.46,10921.11
7298.72,1955.555,11587.63,7349.096,2033.775,11436.51,8337.982,1982.074,10932.26,7280.174,2018.298,11510.51,8239.067,1974.46,10921.19
7298.514,1955.555,11587.6,7348.888,2033.775,11436.51,8337.787,1982.074,10932.33,7279.965,2018.298,11510.51,8238.877,1974.46,10921.28
7298.307,1955.555,11587.58,7348.68,2033.775,11436.5,8337.592,1982.074,10932.41,7279.757,2018.298,11510.52,8238.685,1974.46,10921.36
7298.1,1955.555,11587.55,7348.472,2033.775,11436.5,8337.392,1982.074,10932.46,7279.549,2018.298,11510.53,8238.502,1974.46,10921.46
7297.892,1955.555,11587.54,7348.263,2033.775,11436.5,8337.193,1982.074,10932.53,7279.341,2018.298,11510.53,8238.316,1974.46,10921.55
7297.684,1955.555,11587.53,7348.055,2033.775,11436.51,8336.997,1982.074,10932.6,7279.133,2018.298,11510.52,8238.128,1974.46,10921.64
7297.476,1955.555,11587.52,7347.847,2033.775,11436.52,8336.804,1982.074,10932.67,7278.924,2018.298,11510.53,8237.937,1974.46,10921.72
7297.268,1955.555,11587.51,7347.639,2033.775,11436.52,8336.608,1982.074,10932.75,7278.716,2018.298,11510.52,8237.759,1974.46,10921.83
7297.059,1955.555,11587.51,7347.431,2033.775,11436.54,8336.415,1982.074,10932.83,7278.508,2018.298,11510.52,8237.577,1974.46,10921.93
7296.852,1955.555,11587.49,7347.223,2033.775,11436.55,8336.225,1982.074,10932.91,7278.3,2018.298,11510.5,8237.393,1974.46,10922.03
7296.646,1955.555,11587.46,7347.015,2033.775,11436.55,8336.029,1982.074,10932.98,7278.092,2018.298,11510.49,8237.212,1974.46,10922.13
7296.44,1955.555,11587.43,7346.806,2033.775,11436.56,8335.834,1982.074,10933.06,7277.884,2018.298,11510.5,8237.031,1974.46,10922.24
7296.233,1955.555,11587.41,7346.598,2033.775,11436.56,8335.642,1982.074,10933.13,7277.676,2018.298,11510.5,8236.848,1974.46,10922.33
7296.026,1955.555,11587.38,7346.39,2033.775,11436.56,8335.451,1982.074,10933.22,7277.467,2018.298,11510.5,8236.663,1974.46,10922.43
7295.819,1955.555,11587.36,7346.181,2033.775,11436.57,8335.257,1982.074,10933.29,7277.259,2018.298,11510.5,8236.487,1974.46,10922.54
7295.611,1955.555,11587.35,7345.973,2033.775,11436.57,8335.065,1982.074,10933.38,7277.05,2018.298,11510.5,8236.308,1974.46,10922.65
7295.403,1955.555,11587.34,7345.767,2033.775,11436.6,8334.877,1982.074,10933.46,7276.842,2018.298,11510.49,8236.125,1974.46,10922.75
7295.195,1955.555,11587.33,7345.56,2033.775,11436.63,8334.691,1982.074,10933.56,7276.633,2018.298,11510.5,8235.939,1974.46,10922.84
7294.988,1955.555,11587.31,7345.353,2033.775,11436.65,8334.503,1982.074,10933.65,7276.425,2018.298,11510.51,8235.756,1974.46,10922.94
7294.78,1955.555,11587.29,7345.145,2033.775,11436.66,8334.317,1982.074,10933.74,7276.217,2018.298,11510.51,8235.583,1974.46,10923.06
7294.572,1955.555,11587.28,7344.937,2033.775,11436.67,8334.135,1982.074,10933.84,7276.008,2018.298,11510.51,8235.409,1974.46,10923.17
7294.367,1955.555,11587.24,7344.728,2033.775,11436.68,8333.956,1982.074,10933.95,7275.801,2018.298,11510.49,8235.231,1974.46,10923.28
7294.161,1955.555,11587.21,7344.52,2033.775,11436.67,8333.78,1982.074,10934.06,7275.594,2018.298,11510.47,8235.05,1974.46,10923.38
7293.955,1955.555,11587.18,7344.312,2033.775,11436.67,8333.608,1982.074,10934.18,7275.388,2018.298,11510.44,8234.865,1974.46,10923.48
7293.748,1955.555,11587.16,7344.104,2033.775,11436.65,8333.44,1982.074,10934.3,7275.183,2018.298,11510.4,8234.678,1974.46,10923.57
7293.54,1955.555,11587.14,7343.896,2033.775,11436.64,8333.276,1982.074,10934.43,7274.979,2018.298,11510.36,8234.487,1974.46,10923.65
7293.332,1955.555,11587.13,7343.688,2033.775,11436.62,8333.117,1982.074,10934.57,7274.776,2018.298,11510.32,8234.294,1974.46,10923.73
7293.124,1955.555,11587.13,7343.481,2033.775,11436.6,8332.962,1982.074,10934.71,7274.574,2018.298,11510.26,8234.099,1974.46,10923.8
7292.916,1955.555,11587.11,7343.275,2033.775,11436.57,8332.803,1982.074,10934.84,7274.37,2018.298,11510.22,8233.905,1974.46,10923.88
7292.708,1955.555,11587.09,7343.067,2033.775,11436.56,8332.639,1982.074,10934.97,7274.165,2018.298,11510.18,8233.715,1974.46,10923.97
7292.5,1955.555,11587.09,7342.859,2033.775,11436.54,8332.471,1982.074,10935.09,7273.959,2018.298,11510.15,8233.527,1974.46,10924.06
7292.292,1955.555,11587.08,7342.651,2033.775,11436.53,8332.299,1982.074,10935.21,7273.752,2018.298,11510.13,8233.341,1974.46,10924.15
7292.085,1955.555,11587.06,7342.444,2033.775,11436.51,8332.123,1982.074,10935.32,7273.544,2018.298,11510.11,8233.157,1974.46,10924.25
7291.881,1955.555,11587.02,7342.236,2033.775,11436.49,8331.944,1982.074,10935.43,7273.336,2018.298,11510.13,8232.978,1974.46,10924.35
7291.675,1955.555,11586.98,7342.028,2033.775,11436.48,8331.767,1982.074,10935.54,7273.128,2018.298,11510.13,8232.801,1974.46,10924.46
7291.469,1955.555,11586.95,7341.82,2033.775,11436.47,8331.579,1982.074,10935.63,7272.92,2018.298,11510.13,8232.637,1974.46,10924.59
7291.262,1955.555,11586.93,7341.612,2033.775,11436.47,8331.395,1982.074,10935.72,7272.712,2018.298,11510.12,8232.468,1974.46,10924.71
7291.054,1955.555,11586.92,7341.404,2033.775,11436.46,8331.207,1982.074,10935.82,7272.504,2018.298,11510.11,8232.295,1974.46,10924.83
7290.847,1955.555,11586.9,7341.195,2033.775,11436.45,8331.023,1982.074,10935.91,7272.296,2018.298,11510.1,8232.119,1974.46,10924.94
7290.639,1955.555,11586.88,7340.987,2033.775,11436.44,8330.843,1982.074,10936.02,7272.088,2018.298,11510.09,8231.939,1974.46,10925.05
7290.43,1955.555,11586.89,7340.78,2033.775,11436.42,8330.648,1982.074,10936.09,7271.88,2018.298,11510.07,8231.765,1974.46,10925.16
7290.222,1955.555,11586.89,7340.572,2033.775,11436.41,8330.457,1982.074,10936.17,7271.672,2018.298,11510.06,8231.587,1974.46,10925.27
7290.015,1955.555,11586.91,7340.363,2033.775,11436.4,8330.267,1982.074,10936.26,7271.463,2018.298,11510.06,8231.405,1974.46,10925.37
7289.807,1955.555,11586.92,7340.155,2033.775,11436.4,8330.079,1982.074,10936.35,7271.255,2018.298,11510.06,8231.228,1974.46,10925.48
7289.601,1955.555,11586.96,7339.947,2033.775,11436.41,8329.888,1982.074,10936.43,7271.047,2018.298,11510.07,8231.047,1974.46,10925.59
7289.395,1955.555,11586.99,7339.739,2033.775,11436.42,8329.699,1982.074,10936.52,7270.839,2018.298,11510.08,8230.863,1974.46,10925.69
7289.192,1955.555,11587.04,7339.531,2033.775,11436.43,8329.514,1982.074,10936.62,7270.632,2018.298,11510.11,8230.677,1974.46,10925.78
7288.992,1955.555,11587.09,7339.322,2033.775,11436.43,8329.333,1982.074,10936.72,7270.426,2018.298,11510.14,8230.493,1974.46,10925.88
7288.792,1955.555,11587.15,7339.114,2033.775,11436.43,8329.167,1982.074,10936.85,7270.223,2018.298,11510.18,8230.313,1974.46,10925.98
7288.591,1955.555,11587.21,7338.906,2033.775,11436.44,8328.997,1982.074,10936.97,7270.019,2018.298,11510.22,8230.136,1974.46,10926.09
7288.389,1955.555,11587.25,7338.698,2033.775,11436.46,8328.837,1982.074,10937.1,7269.813,2018.298,11510.25,8229.963,1974.46,10926.21
7288.191,1955.555,11587.32,7338.49,2033.775,11436.46,8328.683,1982.074,10937.24,7269.605,2018.298,11510.26,8229.794,1974.46,10926.33
7287.991,1955.555,11587.38,7338.281,2033.775,11436.46,8328.524,1982.074,10937.37,7269.397,2018.298,11510.28,8229.629,1974.46,10926.46
7287.79,1955.555,11587.43,7338.073,2033.775,11436.47,8328.375,1982.074,10937.52,7269.189,2018.298,11510.28,8229.46,1974.46,10926.58
7287.586,1955.555,11587.48,7337.865,2033.775,11436.47,8328.221,1982.074,10937.66,7268.981,2018.298,11510.29,8229.295,1974.46,10926.71
7287.382,1955.555,11587.52,7337.657,2033.775,11436.48,8328.075,1982.074,10937.81,7268.773,2018.298,11510.31,8229.127,1974.46,10926.83
7287.176,1955.555,11587.55,7337.449,2033.775,11436.49,8327.927,1982.074,10937.96,7268.566,2018.298,11510.33,8228.964,1974.46,10926.96
7286.969,1955.555,11587.57,7337.241,2033.775,11436.5,8327.773,1982.074,10938.1,7268.357,2018.298,11510.33,8228.805,1974.46,10927.09
7286.761,1955.555,11587.59,7337.034,2033.775,11436.52,8327.615,1982.074,10938.23,7268.149,2018.298,11510.33,8228.65,1974.46,10927.23
7286.553,1955.555,11587.6,7336.828,2033.775,11436.55,8327.455,1982.074,10938.37,7267.94,2018.298,11510.33,8228.499,1974.46,10927.38
7286.346,1955.555,11587.62,7336.621,2033.775,11436.58,8327.29,1982.074,10938.49,7267.732,2018.298,11510.32,8228.344,1974.46,10927.52
7286.138,1955.555,11587.63,7336.413,2033.775,11436.6,8327.114,1982.074,10938.6,7267.524,2018.298,11510.31,8228.185,1974.46,10927.65
7285.931,1955.555,11587.66,7336.205,2033.775,11436.61,8326.942,1982.074,10938.72,7267.316,2018.298,11510.31,8228.021,1974.46,10927.78
7285.723,1955.555,11587.68,7335.997,2033.775,11436.62,8326.774,1982.074,10938.84,7267.108,2018.298,11510.32,8227.861,1974.46,10927.91
7285.515,1955.555,11587.69,7335.789,2033.775,11436.63,8326.61,1982.074,10938.97,7266.9,2018.298,11510.33,8227.7,1974.46,10928.05
7285.307,1955.555,11587.7,7335.582,2033.775,11436.65,8326.45,1982.074,10939.11,7266.692,2018.298,11510.34,8227.535,1974.46,10928.17
7285.099,1955.555,11587.71,7335.374,2033.775,11436.66,8326.298,1982.074,10939.25,7266.484,2018.298,11510.32,8227.365,1974.46,10928.29
7284.891,1955.555,11587.71,7335.165,2033.775,11436.66,8326.142,1982.074,10939.39,7266.276,2018.298,11510.31,8227.196,1974.46,10928.42
7284.682,1955.555,11587.71,7334.957,2033.775,11436.67,8325.98,1982.074,10939.52,7266.068,2018.298,11510.3,8227.025,1974.46,10928.54
7284.474,1955.555,11587.71,7334.749,2033.775,11436.68,8325.815,1982.074,10939.65,7265.861,2018.298,11510.28,8226.848,1974.46,10928.64
7284.266,1955.555,11587.69,7334.541,2033.775,11436.68,8325.655,1982.074,10939.78,7265.653,2018.298,11510.26,8226.673,1974.46,10928.76
7284.058,1955.555,11587.68,7334.333,2033.775,11436.67,8325.491,1982.074,10939.91,7265.447,2018.298,11510.23,8226.502,1974.46,10928.88
7283.851,1955.555,11587.65,7334.125,2033.775,11436.66,8325.338,1982.074,10940.05,7265.24,2018.298,11510.21,8226.335,1974.46,10929
7283.645,1955.555,11587.63,7333.917,2033.775,11436.64,8325.189,1982.074,10940.19,7265.033,2018.298,11510.18,8226.173,1974.46,10929.13
7283.445,1955.555,11587.57,7333.709,2033.775,11436.63,8325.036,1982.074,10940.34,7264.829,2018.298,11510.14,8226.015,1974.46,10929.27
7283.243,1955.555,11587.51,7333.501,2033.775,11436.61,8324.879,1982.074,10940.47,7264.625,2018.298,11510.1,8225.84,1974.46,10929.38
7283.043,1955.555,11587.46,7333.295,2033.775,11436.58,8324.717,1982.074,10940.6,7264.42,2018.298,11510.06,8225.669,1974.46,10929.5
7282.845,1955.555,11587.39,7333.089,2033.775,11436.55,8324.551,1982.074,10940.73,7264.213,2018.298,11510.04,8225.502,1974.46,10929.63
7282.645,1955.555,11587.33,7332.885,2033.775,11436.51,8324.389,1982.074,10940.86,7264.006,2018.298,11510.02,8225.331,1974.46,10929.75
7282.444,1955.555,11587.28,7332.682,2033.775,11436.46,8324.23,1982.074,10941,7263.799,2018.298,11510,8225.156,1974.46,10929.86
7282.242,1955.555,11587.23,7332.48,2033.775,11436.41,8324.077,1982.074,10941.14,7263.592,2018.298,11509.97,8224.979,1974.46,10929.97
7282.038,1955.555,11587.19,7332.28,2033.775,11436.35,8323.929,1982.074,10941.28,7263.385,2018.298,11509.95,8224.797,1974.46,10930.07
7281.833,1955.555,11587.15,7332.083,2033.775,11436.29,8323.785,1982.074,10941.43,7263.177,2018.298,11509.93,8224.612,1974.46,10930.17
7281.628,1955.555,11587.11,7331.887,2033.775,11436.21,8323.646,1982.074,10941.59,7262.97,2018.298,11509.92,8224.425,1974.46,10930.26
7281.422,1955.555,11587.08,7331.693,2033.775,11436.14,8323.513,1982.074,10941.75,7262.762,2018.298,11509.9,8224.234,1974.46,10930.34
7281.215,1955.555,11587.06,7331.503,2033.775,11436.05,8323.385,1982.074,10941.91,7262.555,2018.298,11509.88,8224.041,1974.46,10930.42
7281.007,1955.555,11587.04,7331.315,2033.775,11435.96,8323.262,1982.074,10942.08,7262.347,2018.298,11509.86,8223.846,1974.46,10930.49
7280.799,1955.555,11587.03,7331.13,2033.775,11435.87,8323.145,1982.074,10942.25,7262.14,2018.298,11509.84,8223.647,1974.46,10930.56
7280.591,1955.555,11587.02,7330.949,2033.775,11435.76,8323.033,1982.074,10942.43,7261.932,2018.298,11509.83,8223.447,1974.46,10930.61
7280.383,1955.555,11587.01,7330.771,2033.775,11435.66,8322.928,1982.074,10942.61,7261.725,2018.298,11509.81,8223.246,1974.46,10930.67
7280.174,1955.555,11587.02,7330.596,2033.775,11435.54,8322.828,1982.074,10942.79,7261.517,2018.298,11509.8,8223.043,1974.46,10930.71
7279.966,1955.555,11587.02,7330.425,2033.775,11435.42,8322.734,1982.074,10942.98,7261.31,2018.298,11509.78,8222.839,1974.46,10930.75
7279.758,1955.555,11587.04,7330.258,2033.775,11435.3,8322.646,1982.074,10943.17,7261.102,2018.298,11509.77,8222.633,1974.46,10930.79
7279.551,1955.555,11587.06,7330.095,2033.775,11435.17,8322.564,1982.074,10943.36,7260.895,2018.298,11509.75,8222.426,1974.46,10930.81
7279.344,1955.555,11587.08,7329.937,2033.775,11435.03,8322.489,1982.074,10943.55,7260.687,2018.298,11509.74,8222.219,1974.46,10930.83
7279.137,1955.555,11587.11,7329.783,2033.775,11434.89,8322.42,1982.074,10943.75,7260.479,2018.298,11509.72,8222.011,1974.46,10930.84
7278.932,1955.555,11587.14,7329.633,2033.775,11434.75,8322.357,1982.074,10943.95,7260.272,2018.298,11509.71,8221.803,1974.46,10930.85
7278.727,1955.555,11587.18,7329.489,2033.775,11434.6,8322.302,1982.074,10944.15,7260.064,2018.298,11509.7,8221.595,1974.46,10930.85
7278.523,1955.555,11587.23,7329.349,2033.775,11434.44,8322.252,1982.074,10944.35,7259.856,2018.298,11509.68,8221.387,1974.46,10930.85
7278.321,1955.555,11587.28,7329.214,2033.775,11434.28,8322.209,1982.074,10944.55,7259.648,2018.298,11509.67,8221.179,1974.46,10930.84
7278.12,1955.555,11587.33,7329.085,2033.775,11434.12,8322.173,1982.074,10944.76,7259.44,2018.298,11509.66,8220.971,1974.46,10930.82
7277.917,1955.555,11587.38,7328.95,2033.775,11433.96,8322.13,1982.074,10944.96,7259.232,2018.298,11509.64,8220.763,1974.46,10930.81
7277.713,1955.555,11587.42,7328.811,2033.775,11433.81,8322.08,1982.074,10945.16,7259.026,2018.298,11509.61,8220.555,1974.46,10930.81
7277.508,1955.555,11587.46,7328.666,2033.775,11433.66,8322.024,1982.074,10945.36,7258.82,2018.298,11509.58,8220.347,1974.46,10930.82
7277.301,1955.555,11587.48,7328.517,2033.775,11433.51,8321.962,1982.074,10945.56,7258.616,2018.298,11509.54,8220.139,1974.46,10930.83
7277.094,1955.555,11587.5,7328.362,2033.775,11433.37,8321.893,1982.074,10945.76,7258.413,2018.298,11509.49,8219.931,1974.46,10930.85
7276.886,1955.555,11587.52,7328.204,2033.775,11433.24,8321.817,1982.074,10945.95,7258.211,2018.298,11509.44,8219.724,1974.46,10930.87
7276.679,1955.555,11587.54,7328.041,2033.775,11433.11,8321.735,1982.074,10946.14,7258.011,2018.298,11509.38,8219.518,1974.46,10930.9
7276.472,1955.555,11587.56,7327.873,2033.775,11432.98,8321.647,1982.074,10946.33,7257.812,2018.298,11509.32,8219.313,1974.46,10930.94
7276.266,1955.555,11587.59,7327.702,2033.775,11432.87,8321.554,1982.074,10946.52,7257.615,2018.298,11509.25,8219.109,1974.46,10930.99
7276.061,1955.555,11587.63,7327.527,2033.775,11432.75,8321.453,1982.074,10946.7,7257.42,2018.298,11509.18,8218.907,1974.46,10931.04
7275.857,1955.555,11587.67,7327.348,2033.775,11432.64,8321.347,1982.074,10946.88,7257.227,2018.298,11509.1,8218.707,1974.46,10931.1
7275.651,1955.555,11587.71,7327.166,2033.775,11432.54,8321.234,1982.074,10947.06,7257.031,2018.298,11509.03,8218.509,1974.46,10931.16
7275.445,1955.555,11587.73,7326.984,2033.775,11432.44,8321.117,1982.074,10947.23,7256.833,2018.298,11508.97,8218.313,1974.46,10931.23
7275.237,1955.555,11587.75,7326.799,2033.775,11432.35,8320.994,1982.074,10947.4,7256.632,2018.298,11508.91,8218.12,1974.46,10931.31
7275.029,1955.555,11587.77,7326.61,2033.775,11432.26,8320.865,1982.074,10947.56,7256.433,2018.298,11508.85,8217.93,1974.46,10931.4
7274.821,1955.555,11587.78,7326.419,2033.775,11432.17,8320.731,1982.074,10947.72,7256.236,2018.298,11508.78,8217.742,1974.46,10931.49
7274.613,1955.555,11587.78,7326.226,2033.775,11432.1,8320.593,1982.074,10947.87,7256.038,2018.298,11508.71,8217.558,1974.46,10931.58
7274.405,1955.555,11587.77,7326.037,2033.775,11432.01,8320.449,1982.074,10948.02,7255.838,2018.298,11508.66,8217.376,1974.46,10931.69
7274.197,1955.555,11587.76,7325.845,2033.775,11431.93,8320.301,1982.074,10948.17,7255.636,2018.298,11508.61,8217.198,1974.46,10931.79
7273.989,1955.555,11587.74,7325.651,2033.775,11431.85,8320.147,1982.074,10948.31,7255.432,2018.298,11508.56,8217.023,1974.46,10931.91
7273.782,1955.555,11587.72,7325.454,2033.775,11431.78,8319.989,1982.074,10948.45,7255.225,2018.298,11508.54,8216.853,1974.46,10932.03
7273.574,1955.555,11587.71,7325.255,2033.775,11431.72,8319.827,1982.074,10948.58,7255.018,2018.298,11508.52,8216.686,1974.46,10932.15
7273.366,1955.555,11587.68,7325.055,2033.775,11431.67,8319.67,1982.074,10948.71,7254.81,2018.298,11508.51,8216.523,1974.46,10932.28
7273.163,1955.555,11587.64,7324.853,2033.775,11431.62,8319.509,1982.074,10948.85,7254.603,2018.298,11508.49,8216.356,1974.46,10932.41
7272.958,1955.555,11587.6,7324.648,2033.775,11431.57,8319.364,1982.074,10949,7254.396,2018.298,11508.46,8216.179,1974.46,10932.52
7272.752,1955.555,11587.57,7324.443,2033.775,11431.54,8319.215,1982.074,10949.14,7254.189,2018.298,11508.43,8216.005,1974.46,10932.63
7272.547,1955.555,11587.53,7324.24,2033.775,11431.49,8319.062,1982.074,10949.28,7253.985,2018.298,11508.39,8215.835,1974.46,10932.75
7272.342,1955.555,11587.5,7324.038,2033.775,11431.44,8318.903,1982.074,10949.42,7253.778,2018.298,11508.37,8215.669,1974.46,10932.88
7272.137,1955.555,11587.46,7323.833,2033.775,11431.4,8318.741,1982.074,10949.55,7253.573,2018.298,11508.33,8215.507,1974.46,10933.01
7271.93,1955.555,11587.44,7323.632,2033.775,11431.35,8318.578,1982.074,10949.68,7253.368,2018.298,11508.29,8215.341,1974.46,10933.14
7271.723,1955.555,11587.42,7323.428,2033.775,11431.31,8318.418,1982.074,10949.81,7253.16,2018.298,11508.29,8215.177,1974.46,10933.27
7271.515,1955.555,11587.4,7323.224,2033.775,11431.27,8318.254,1982.074,10949.94,7252.953,2018.298,11508.27,8215.013,1974.46,10933.39
7271.307,1955.555,11587.38,7323.018,2033.775,11431.24,8318.094,1982.074,10950.07,7252.746,2018.298,11508.25,8214.868,1974.46,10933.54
7271.101,1955.555,11587.35,7322.812,2033.775,11431.2,8317.938,1982.074,10950.21,7252.538,2018.298,11508.24,8214.719,1974.46,10933.69
7270.893,1955.555,11587.33,7322.605,2033.775,11431.17,8317.778,1982.074,10950.34,7252.329,2018.298,11508.24,8214.564,1974.46,10933.83
7270.685,1955.555,11587.32,7322.398,2033.775,11431.15,8317.61,1982.074,10950.47,7252.121,2018.298,11508.25,8214.414,1974.46,10933.97
7270.477,1955.555,11587.31,7322.19,2033.775,11431.14,8317.446,1982.074,10950.6,7251.913,2018.298,11508.25,8214.259,1974.46,10934.11
7270.269,1955.555,11587.31,7321.982,2033.775,11431.13,8317.282,1982.074,10950.73,7251.704,2018.298,11508.25,8214.115,1974.46,10934.26
7270.061,1955.555,11587.31,7321.774,2033.775,11431.13,8317.122,1982.074,10950.86,7251.496,2018.298,11508.26,8213.967,1974.46,10934.41
7269.852,1955.555,11587.31,7321.565,2033.775,11431.14,8316.966,1982.074,10951,7251.289,2018.298,11508.28,8213.813,1974.46,10934.55
7269.644,1955.555,11587.31,7321.357,2033.775,11431.14,8316.814,1982.074,10951.14,7251.082,2018.298,11508.3,8213.679,1974.46,10934.71
7269.436,1955.555,11587.33,7321.149,2033.775,11431.15,8316.668,1982.074,10951.29,7250.875,2018.298,11508.33,8213.554,1974.46,10934.88
7269.229,1955.555,11587.34,7320.942,2033.775,11431.17,8316.518,1982.074,10951.43,7250.669,2018.298,11508.36,8213.427,1974.46,10935.04
7269.02,1955.555,11587.35,7320.735,2033.775,11431.19,8316.372,1982.074,10951.58,7250.461,2018.298,11508.38,8213.299,1974.46,10935.21
7268.812,1955.555,11587.35,7320.527,2033.775,11431.21,8316.231,1982.074,10951.74,7250.253,2018.298,11508.39,8213.165,1974.46,10935.37
7268.604,1955.555,11587.36,7320.321,2033.775,11431.24,8316.096,1982.074,10951.89,7250.05,2018.298,11508.43,8213.026,1974.46,10935.52
7268.396,1955.555,11587.38,7320.116,2033.775,11431.27,8315.963,1982.074,10952.05,7249.845,2018.298,11508.47,8212.893,1974.46,10935.68
7268.189,1955.555,11587.4,7319.912,2033.775,11431.31,8315.858,1982.074,10952.24,7249.639,2018.298,11508.5,8212.765,1974.46,10935.84
7267.983,1955.555,11587.43,7319.707,2033.775,11431.35,8315.748,1982.074,10952.41,7249.431,2018.298,11508.51,8212.633,1974.46,10936.01
7267.776,1955.555,11587.45,7319.5,2033.775,11431.38,8315.633,1982.074,10952.58,7249.223,2018.298,11508.53,8212.507,1974.46,10936.17
7267.569,1955.555,11587.48,7319.296,2033.775,11431.42,8315.515,1982.074,10952.76,7249.015,2018.298,11508.54,8212.386,1974.46,10936.34
7267.361,1955.555,11587.49,7319.091,2033.775,11431.46,8315.408,1982.074,10952.94,7248.807,2018.298,11508.55,8212.241,1974.46,10936.49
7267.153,1955.555,11587.5,7318.885,2033.775,11431.49,8315.296,1982.074,10953.11,7248.599,2018.298,11508.56,8212.103,1974.46,10936.65
7266.944,1955.555,11587.5,7318.678,2033.775,11431.51,8315.179,1982.074,10953.28,7248.391,2018.298,11508.57,8211.969,1974.46,10936.81
7266.736,1955.555,11587.51,7318.471,2033.775,11431.53,8315.066,1982.074,10953.46,7248.183,2018.298,11508.58,8211.83,1974.46,10936.96
7266.528,1955.555,11587.52,7318.263,2033.775,11431.54,8314.96,1982.074,10953.64,7247.975,2018.298,11508.59,8211.686,1974.46,10937.11
7266.321,1955.555,11587.54,7318.054,2033.775,11431.54,8314.859,1982.074,10953.82,7247.767,2018.298,11508.59,8211.536,1974.46,10937.26
7266.114,1955.555,11587.57,7317.846,2033.775,11431.54,8314.765,1982.074,10954.01,7247.559,2018.298,11508.6,8211.383,1974.46,10937.4
7265.908,1955.555,11587.6,7317.638,2033.775,11431.53,8314.677,1982.074,10954.2,7247.351,2018.298,11508.61,8211.225,1974.46,10937.53
7265.702,1955.555,11587.63,7317.43,2033.775,11431.52,8314.595,1982.074,10954.39,7247.143,2018.298,11508.61,8211.063,1974.46,10937.67
7265.498,1955.555,11587.67,7317.223,2033.775,11431.49,8314.52,1982.074,10954.58,7246.935,2018.298,11508.62,8210.896,1974.46,10937.79
7265.294,1955.555,11587.72,7317.017,2033.775,11431.46,8314.45,1982.074,10954.78,7246.727,2018.298,11508.62,8210.725,1974.46,10937.91
7265.092,1955.555,11587.77,7316.812,2033.775,11431.43,8314.388,1982.074,10954.98,7246.519,2018.298,11508.62,8210.55,1974.46,10938.02
7264.892,1955.555,11587.82,7316.608,2033.775,11431.38,8314.331,1982.074,10955.18,7246.311,2018.298,11508.62,8210.372,1974.46,10938.13
7264.692,1955.555,11587.89,7316.405,2033.775,11431.34,8314.281,1982.074,10955.38,7246.103,2018.298,11508.62,8210.19,1974.46,10938.23
7264.495,1955.555,11587.95,7316.205,2033.775,11431.28,8314.238,1982.074,10955.58,7245.895,2018.298,11508.62,8210.006,1974.46,10938.33
7264.299,1955.555,11588.02,7316.006,2033.775,11431.22,8314.202,1982.074,10955.79,7245.687,2018.298,11508.62,8209.818,1974.46,10938.42
7264.105,1955.555,11588.1,7315.809,2033.775,11431.15,8314.173,1982.074,10955.99,7245.479,2018.298,11508.62,8209.628,1974.46,10938.51
7263.914,1955.555,11588.18,7315.615,2033.775,11431.07,8314.149,1982.074,10956.2,7245.271,2018.298,11508.62,8209.435,1974.46,10938.58
7263.724,1955.555,11588.27,7315.423,2033.775,11430.99,8314.133,1982.074,10956.41,7245.063,2018.298,11508.62,8209.239,1974.46,10938.66
7263.537,1955.555,11588.36,7315.233,2033.775,11430.91,8314.123,1982.074,10956.62,7244.854,2018.298,11508.61,8209.041,1974.46,10938.72
7263.352,1955.555,11588.45,7315.047,2033.775,11430.81,8314.12,1982.074,10956.83,7244.646,2018.298,11508.61,8208.841,1974.46,10938.78
7263.17,1955.555,11588.55,7314.864,2033.775,11430.71,8314.124,1982.074,10957.03,7244.438,2018.298,11508.61,8208.64,1974.46,10938.83
7262.99,1955.555,11588.66,7314.684,2033.775,11430.61,8314.135,1982.074,10957.24,7244.23,2018.298,11508.6,8208.437,1974.46,10938.88
7262.813,1955.555,11588.77,7314.508,2033.775,11430.5,8314.152,1982.074,10957.45,7244.022,2018.298,11508.6,8208.232,1974.46,10938.92
7262.64,1955.555,11588.88,7314.335,2033.775,11430.38,8314.177,1982.074,10957.66,7243.814,2018.298,11508.6,8208.026,1974.46,10938.95
7262.469,1955.555,11589,7314.166,2033.775,11430.26,8314.208,1982.074,10957.86,7243.606,2018.298,11508.59,8207.819,1974.46,10938.98
7262.301,1955.555,11589.13,7314.001,2033.775,11430.13,8314.246,1982.074,10958.07,7243.398,2018.298,11508.59,8207.612,1974.46,10939
7262.136,1955.555,11589.25,7313.84,2033.775,11430,8314.291,1982.074,10958.27,7243.19,2018.298,11508.58,8207.404,1974.46,10939.01
7261.974,1955.555,11589.38,7313.684,2033.775,11429.86,8314.342,1982.074,10958.47,7242.982,2018.298,11508.58,8207.196,1974.46,10939.02
7261.816,1955.555,11589.52,7313.532,2033.775,11429.72,8314.399,1982.074,10958.67,7242.774,2018.298,11508.57,8206.988,1974.46,10939.02
7261.661,1955.555,11589.66,7313.385,2033.775,11429.57,8314.464,1982.074,10958.87,7242.566,2018.298,11508.56,8206.78,1974.46,10939.01
7261.51,1955.555,11589.8,7313.243,2033.775,11429.42,8314.534,1982.074,10959.07,7242.358,2018.298,11508.56,8206.572,1974.46,10939
7261.362,1955.555,11589.95,7313.106,2033.775,11429.26,8314.611,1982.074,10959.26,7242.15,2018.298,11508.55,8206.365,1974.46,10938.98
7261.218,1955.555,11590.1,7312.974,2033.775,11429.1,8314.694,1982.074,10959.45,7241.942,2018.298,11508.54,8206.158,1974.46,10938.95
7261.078,1955.555,11590.25,7312.848,2033.775,11428.94,8314.784,1982.074,10959.64,7241.734,2018.298,11508.54,8205.951,1974.46,10938.93
7260.941,1955.555,11590.41,7312.727,2033.775,11428.77,8314.88,1982.074,10959.83,7241.526,2018.298,11508.53,8205.744,1974.46,10938.91
7260.808,1955.555,11590.57,7312.611,2033.775,11428.59,8314.981,1982.074,10960.01,7241.318,2018.298,11508.52,8205.538,1974.46,10938.87
7260.679,1955.555,11590.74,7312.501,2033.775,11428.42,8315.089,1982.074,10960.19,7241.11,2018.298,11508.51,8205.333,1974.46,10938.84
7260.554,1955.555,11590.9,7312.396,2033.775,11428.24,8315.202,1982.074,10960.36,7240.902,2018.298,11508.51,8205.128,1974.46,10938.8
7260.433,1955.555,11591.07,7312.298,2033.775,11428.05,8315.321,1982.074,10960.53,7240.694,2018.298,11508.5,8204.923,1974.46,10938.76
7260.307,1955.555,11591.24,7312.194,2033.775,11427.87,8315.435,1982.074,10960.71,7240.486,2018.298,11508.49,8204.718,1974.46,10938.73
7260.175,1955.555,11591.4,7312.084,2033.775,11427.7,8315.542,1982.074,10960.89,7240.278,2018.298,11508.49,8204.513,1974.46,10938.69
7260.038,1955.555,11591.56,7311.968,2033.775,11427.52,8315.644,1982.074,10961.07,7240.07,2018.298,11508.49,8204.308,1974.46,10938.66
7259.896,1955.555,11591.71,7311.847,2033.775,11427.35,8315.739,1982.074,10961.25,7239.862,2018.298,11508.49,8204.102,1974.46,10938.62
7259.749,1955.555,11591.86,7311.721,2033.775,11427.19,8315.829,1982.074,10961.44,7239.654,2018.298,11508.49,8203.896,1974.46,10938.59
7259.597,1955.555,11592,7311.589,2033.775,11427.03,8315.912,1982.074,10961.63,7239.446,2018.298,11508.48,8203.688,1974.46,10938.57
7259.44,1955.555,11592.14,7311.452,2033.775,11426.87,8315.989,1982.074,10961.83,7239.238,2018.298,11508.48,8203.481,1974.46,10938.55
7259.28,1955.555,11592.27,7311.31,2033.775,11426.72,8316.06,1982.074,10962.02,7239.03,2018.298,11508.47,8203.273,1974.46,10938.54
7259.115,1955.555,11592.4,7311.163,2033.775,11426.57,8316.124,1982.074,10962.22,7238.822,2018.298,11508.46,8203.065,1974.46,10938.53
7258.946,1955.555,11592.52,7311.011,2033.775,11426.43,8316.182,1982.074,10962.42,7238.615,2018.298,11508.44,8202.857,1974.46,10938.53
7258.773,1955.555,11592.64,7310.854,2033.775,11426.29,8316.232,1982.074,10962.62,7238.408,2018.298,11508.42,8202.649,1974.46,10938.54
7258.596,1955.555,11592.75,7310.694,2033.775,11426.16,8316.277,1982.074,10962.83,7238.201,2018.298,11508.39,8202.441,1974.46,10938.55
7258.416,1955.555,11592.85,7310.529,2033.775,11426.03,8316.315,1982.074,10963.03,7237.996,2018.298,11508.36,8202.234,1974.46,10938.57
7258.232,1955.555,11592.95,7310.36,2033.775,11425.91,8316.347,1982.074,10963.24,7237.791,2018.298,11508.32,8202.027,1974.46,10938.6
7258.046,1955.555,11593.04,7310.187,2033.775,11425.79,8316.371,1982.074,10963.44,7237.587,2018.298,11508.28,8201.821,1974.46,10938.63
7257.856,1955.555,11593.13,7310.011,2033.775,11425.68,8316.389,1982.074,10963.65,7237.385,2018.298,11508.23,8201.616,1974.46,10938.67
7257.664,1955.555,11593.21,7309.831,2033.775,11425.58,8316.399,1982.074,10963.86,7237.185,2018.298,11508.17,8201.413,1974.46,10938.71
7257.469,1955.555,11593.28,7309.648,2033.775,11425.48,8316.403,1982.074,10964.07,7236.985,2018.298,11508.11,8201.211,1974.46,10938.76
7257.272,1955.555,11593.35,7309.461,2033.775,11425.38,8316.4,1982.074,10964.28,7236.788,2018.298,11508.04,8201.011,1974.46,10938.82
7257.073,1955.555,11593.41,7309.272,2033.775,11425.3,8316.391,1982.074,10964.48,7236.593,2018.298,11507.97,8200.813,1974.46,10938.89
7256.872,1955.555,11593.46,7309.08,2033.775,11425.22,8316.374,1982.074,10964.69,7236.4,2018.298,11507.89,8200.617,1974.46,10938.96
7256.669,1955.555,11593.51,7308.886,2033.775,11425.14,8316.351,1982.074,10964.9,7236.209,2018.298,11507.81,8200.424,1974.46,10939.04
7256.465,1955.555,11593.56,7308.689,2033.775,11425.07,8316.321,1982.074,10965.11,7236.019,2018.298,11507.72,8200.233,1974.46,10939.12
7256.261,1955.555,11593.6,7308.49,2033.775,11425.01,8316.285,1982.074,10965.31,7235.831,2018.298,11507.63,8200.046,1974.46,10939.21
7256.055,1955.555,11593.63,7308.29,2033.775,11424.96,8316.242,1982.074,10965.51,7235.645,2018.298,11507.54,8199.861,1974.46,10939.31
7255.849,1955.555,11593.66,7308.087,2033.775,11424.91,8316.192,1982.074,10965.72,7235.46,2018.298,11507.44,8199.68,1974.46,10939.41
7255.642,1955.555,11593.68,7307.883,2033.775,11424.87,8316.136,1982.074,10965.92,7235.277,2018.298,11507.34,8199.502,1974.46,10939.52
7255.434,1955.555,11593.69,7307.678,2033.775,11424.83,8316.073,1982.074,10966.12,7235.097,2018.298,11507.24,8199.327,1974.46,10939.63
7255.226,1955.555,11593.7,7307.472,2033.775,11424.8,8316.004,1982.074,10966.31,7234.919,2018.298,11507.13,8199.156,1974.46,10939.75
7255.018,1955.555,11593.71,7307.265,2033.775,11424.78,8315.928,1982.074,10966.51,7234.743,2018.298,11507.02,8198.989,1974.46,10939.88
7254.81,1955.555,11593.71,7307.057,2033.775,11424.76,8315.846,1982.074,10966.7,7234.57,2018.298,11506.9,8198.827,1974.46,10940.01
7254.602,1955.555,11593.71,7306.85,2033.775,11424.74,8315.758,1982.074,10966.89,7234.395,2018.298,11506.79,8198.669,1974.46,10940.14
7254.394,1955.555,11593.72,7306.644,2033.775,11424.71,8315.663,1982.074,10967.07,7234.216,2018.298,11506.68,8198.516,1974.46,10940.29
7254.186,1955.555,11593.74,7306.439,2033.775,11424.67,8315.563,1982.074,10967.25,7234.036,2018.298,11506.58,8198.366,1974.46,10940.43
7253.979,1955.555,11593.76,7306.235,2033.775,11424.63,8315.456,1982.074,10967.43,7233.853,2018.298,11506.47,8198.222,1974.46,10940.58
7253.772,1955.555,11593.79,7306.032,2033.775,11424.58,8315.344,1982.074,10967.61,7233.668,2018.298,11506.38,8198.083,1974.46,10940.74
7253.567,1955.555,11593.82,7305.832,2033.775,11424.53,8315.226,1982.074,10967.78,7233.482,2018.298,11506.29,8197.949,1974.46,10940.9
7253.362,1955.555,11593.86,7305.633,2033.775,11424.47,8315.103,1982.074,10967.95,7233.293,2018.298,11506.2,8197.82,1974.46,10941.06
7253.159,1955.555,11593.9,7305.436,2033.775,11424.4,8314.974,1982.074,10968.11,7233.104,2018.298,11506.11,8197.697,1974.46,10941.23
7252.956,1955.555,11593.95,7305.242,2033.775,11424.32,8314.84,1982.074,10968.27,7232.912,2018.298,11506.03,8197.579,1974.46,10941.4
7252.755,1955.555,11594,7305.05,2033.775,11424.24,8314.701,1982.074,10968.43,7232.719,2018.298,11505.95,8197.467,1974.46,10941.58
7252.555,1955.555,11594.06,7304.86,2033.775,11424.16,8314.557,1982.074,10968.58,7232.525,2018.298,11505.88,8197.36,1974.46,10941.75
7252.357,1955.555,11594.13,7304.674,2033.775,11424.06,8314.408,1982.074,10968.72,7232.33,2018.298,11505.8,8197.26,1974.46,10941.94
7252.162,1955.555,11594.2,7304.491,2033.775,11423.96,8314.255,1982.074,10968.86,7232.133,2018.298,11505.73,8197.165,1974.46,10942.12
7251.968,1955.555,11594.28,7304.311,2033.775,11423.86,8314.097,1982.074,10969,7231.936,2018.298,11505.67,8197.077,1974.46,10942.31
7251.776,1955.555,11594.36,7304.134,2033.775,11423.75,8313.935,1982.074,10969.13,7231.738,2018.298,11505.6,8196.995,1974.46,10942.5
7251.586,1955.555,11594.44,7303.961,2033.775,11423.63,8313.768,1982.074,10969.26,7231.539,2018.298,11505.54,8196.919,1974.46,10942.7
7251.398,1955.555,11594.53,7303.792,2033.775,11423.51,8313.597,1982.074,10969.38,7231.338,2018.298,11505.49,8196.85,1974.46,10942.89
7251.213,1955.555,11594.63,7303.627,2033.775,11423.38,8313.422,1982.074,10969.49,7231.138,2018.298,11505.43,8196.787,1974.46,10943.09
7251.031,1955.555,11594.73,7303.467,2033.775,11423.25,8313.244,1982.074,10969.6,7230.937,2018.298,11505.38,8196.73,1974.46,10943.29
7250.852,1955.555,11594.83,7303.311,2033.775,11423.11,8313.069,1982.074,10969.71,7230.734,2018.298,11505.33,8196.668,1974.46,10943.49
7250.675,1955.555,11594.95,7303.159,2033.775,11422.97,8312.898,1982.074,10969.83,7230.532,2018.298,11505.28,8196.599,1974.46,10943.69
7250.501,1955.555,11595.06,7303.012,2033.775,11422.82,8312.731,1982.074,10969.96,7230.329,2018.298,11505.23,8196.522,1974.46,10943.88
7250.331,1955.555,11595.18,7302.87,2033.775,11422.67,8312.569,1982.074,10970.09,7230.125,2018.298,11505.19,8196.44,1974.46,10944.07
7250.163,1955.555,11595.3,7302.732,2033.775,11422.51,8312.411,1982.074,10970.22,7229.922,2018.298,11505.14,8196.353,1974.46,10944.26
7249.999,1955.555,11595.43,7302.601,2033.775,11422.35,8312.258,1982.074,10970.36,7229.718,2018.298,11505.1,8196.258,1974.46,10944.45
7249.832,1955.555,11595.56,7302.463,2033.775,11422.2,8312.1,1982.074,10970.5,7229.514,2018.298,11505.06,8196.17,1974.46,10944.63
7249.661,1955.555,11595.68,7302.321,2033.775,11422.04,8311.938,1982.074,10970.63,7229.311,2018.298,11505.01,8196.088,1974.46,10944.83
7249.487,1955.555,11595.79,7302.174,2033.775,11421.9,8311.771,1982.074,10970.75,7229.108,2018.298,11504.97,8196.012,1974.46,10945.02
7249.311,1955.555,11595.9,7302.022,2033.775,11421.75,8311.6,1982.074,10970.87,7228.905,2018.298,11504.92,8195.942,1974.46,10945.22
7249.131,1955.555,11596.01,7301.866,2033.775,11421.62,8311.425,1982.074,10970.99,7228.703,2018.298,11504.87,8195.88,1974.46,10945.41
7248.949,1955.555,11596.11,7301.706,2033.775,11421.48,8311.247,1982.074,10971.1,7228.501,2018.298,11504.82,8195.823,1974.46,10945.61
7248.764,1955.555,11596.21,7301.541,2033.775,11421.36,8311.065,1982.074,10971.2,7228.301,2018.298,11504.76,8195.773,1974.46,10945.82
7248.576,1955.555,11596.3,7301.372,2033.775,11421.23,8310.881,1982.074,10971.3,7228.101,2018.298,11504.7,8195.73,1974.46,10946.02
7248.386,1955.555,11596.38,7301.199,2033.775,11421.12,8310.693,1982.074,10971.39,7227.901,2018.298,11504.64,8195.694,1974.46,10946.23
7248.194,1955.555,11596.46,7301.022,2033.775,11421.01,8310.503,1982.074,10971.47,7227.702,2018.298,11504.58,8195.664,1974.46,10946.43
7248,1955.555,11596.54,7300.842,2033.775,11420.9,8310.31,1982.074,10971.55,7227.504,2018.298,11504.52,8195.641,1974.46,10946.64
7247.804,1955.555,11596.61,7300.659,2033.775,11420.8,8310.114,1982.074,10971.62,7227.308,2018.298,11504.45,8195.624,1974.46,10946.85
7247.606,1955.555,11596.67,7300.473,2033.775,11420.71,8309.916,1982.074,10971.68,7227.112,2018.298,11504.38,8195.614,1974.46,10947.05
7247.406,1955.555,11596.73,7300.283,2033.775,11420.62,8309.716,1982.074,10971.74,7226.917,2018.298,11504.3,8195.611,1974.46,10947.26
7247.205,1955.555,11596.79,7300.091,2033.775,11420.54,8309.514,1982.074,10971.79,7226.724,2018.298,11504.23,8195.615,1974.46,10947.47
7247.002,1955.555,11596.83,7299.897,2033.775,11420.47,8309.311,1982.074,10971.84,7226.531,2018.298,11504.15,8195.626,1974.46,10947.68
7246.799,1955.555,11596.88,7299.7,2033.775,11420.4,8309.105,1982.074,10971.88,7226.34,2018.298,11504.06,8195.644,1974.46,10947.89
7246.594,1955.555,11596.92,7299.501,2033.775,11420.34,8308.899,1982.074,10971.91,7226.151,2018.298,11503.98,8195.668,1974.46,10948.09
7246.388,1955.555,11596.95,7299.301,2033.775,11420.28,8308.692,1982.074,10971.94,7225.963,2018.298,11503.89,8195.699,1974.46,10948.3
7246.181,1955.555,11596.97,7299.098,2033.775,11420.23,8308.485,1982.074,10971.96,7225.777,2018.298,11503.79,8195.737,1974.46,10948.5
7245.974,1955.555,11596.99,7298.894,2033.775,11420.19,8308.277,1982.074,10971.97,7225.593,2018.298,11503.69,8195.782,1974.46,10948.71
7245.766,1955.555,11597.01,7298.689,2033.775,11420.16,8308.069,1982.074,10971.98,7225.412,2018.298,11503.59,8195.833,1974.46,10948.91
7245.558,1955.555,11597.02,7298.483,2033.775,11420.13,8307.861,1982.074,10971.97,7225.232,2018.298,11503.49,8195.891,1974.46,10949.11
7245.349,1955.555,11597.02,7298.276,2033.775,11420.1,8307.653,1982.074,10971.97,7225.055,2018.298,11503.38,8195.955,1974.46,10949.31
7245.141,1955.555,11597.02,7298.068,2033.775,11420.09,8307.445,1982.074,10971.95,7224.88,2018.298,11503.26,8196.025,1974.46,10949.5
7244.933,1955.555,11597.01,7297.86,2033.775,11420.08,8307.238,1982.074,10971.93,7224.708,2018.298,11503.15,8196.103,1974.46,10949.7
7244.725,1955.555,11597,7297.652,2033.775,11420.08,8307.031,1982.074,10971.91,7224.538,2018.298,11503.03,8196.186,1974.46,10949.89
7244.517,1955.555,11596.98,7297.443,2033.775,11420.08,8306.825,1982.074,10971.88,7224.372,2018.298,11502.9,8196.275,1974.46,10950.08
7244.31,1955.555,11596.95,7297.235,2033.775,11420.09,8306.62,1982.074,10971.84,7224.208,2018.298,11502.77,8196.371,1974.46,10950.26
7244.104,1955.555,11596.92,7297.028,2033.775,11420.11,8306.414,1982.074,10971.82,7224.048,2018.298,11502.64,8196.473,1974.46,10950.45
7243.899,1955.555,11596.88,7296.821,2033.775,11420.13,8306.208,1982.074,10971.78,7223.891,2018.298,11502.5,8196.58,1974.46,10950.62
7243.695,1955.555,11596.84,7296.615,2033.775,11420.17,8306.003,1982.074,10971.75,7223.738,2018.298,11502.36,8196.693,1974.46,10950.8
7243.492,1955.555,11596.8,7296.41,2033.775,11420.2,8305.798,1982.074,10971.71,7223.588,2018.298,11502.22,8196.813,1974.46,10950.97
7243.29,1955.555,11596.74,7296.206,2033.775,11420.25,8305.593,1982.074,10971.68,7223.442,2018.298,11502.07,8196.937,1974.46,10951.14
7243.09,1955.555,11596.69,7296.004,2033.775,11420.3,8305.388,1982.074,10971.64,7223.3,2018.298,11501.92,8197.066,1974.46,10951.3
7242.891,1955.555,11596.62,7295.804,2033.775,11420.36,8305.183,1982.074,10971.6,7223.162,2018.298,11501.76,8197.201,1974.46,10951.46
7242.694,1955.555,11596.55,7295.605,2033.775,11420.42,8304.979,1982.074,10971.56,7223.028,2018.298,11501.6,8197.341,1974.46,10951.61
7242.5,1955.555,11596.48,7295.409,2033.775,11420.49,8304.774,1982.074,10971.52,7222.899,2018.298,11501.44,8197.485,1974.46,10951.76
7242.307,1955.555,11596.4,7295.214,2033.775,11420.56,8304.57,1982.074,10971.48,7222.774,2018.298,11501.27,8197.635,1974.46,10951.91
7242.116,1955.555,11596.32,7295.022,2033.775,11420.65,8304.366,1982.074,10971.44,7222.654,2018.298,11501.1,8197.789,1974.46,10952.05
7241.927,1955.555,11596.23,7294.833,2033.775,11420.73,8304.161,1982.074,10971.41,7222.539,2018.298,11500.93,8197.948,1974.46,10952.18
7241.741,1955.555,11596.14,7294.647,2033.775,11420.83,8303.958,1982.074,10971.37,7222.428,2018.298,11500.75,8198.111,1974.46,10952.31
7241.557,1955.555,11596.04,7294.464,2033.775,11420.93,8303.752,1982.074,10971.33,7222.323,2018.298,11500.57,8198.271,1974.46,10952.45
7241.375,1955.555,11595.94,7294.284,2033.775,11421.03,8303.545,1982.074,10971.31,7222.222,2018.298,11500.39,8198.425,1974.46,10952.59
7241.197,1955.555,11595.83,7294.107,2033.775,11421.14,8303.338,1982.074,10971.29,7222.127,2018.298,11500.2,8198.574,1974.46,10952.73
7241.021,1955.555,11595.72,7293.933,2033.775,11421.25,8303.13,1982.074,10971.27,7222.037,2018.298,11500.01,8198.719,1974.46,10952.88
7240.848,1955.555,11595.6,7293.755,2033.775,11421.36,8302.922,1982.074,10971.27,7221.942,2018.298,11499.83,8198.858,1974.46,10953.03
7240.677,1955.555,11595.48,7293.574,2033.775,11421.47,8302.714,1982.074,10971.27,7221.841,2018.298,11499.65,8198.993,1974.46,10953.19
7240.51,1955.555,11595.36,7293.39,2033.775,11421.56,8302.506,1982.074,10971.28,7221.734,2018.298,11499.47,8199.123,1974.46,10953.36
7240.345,1955.555,11595.23,7293.203,2033.775,11421.65,8302.298,1982.074,10971.29,7221.623,2018.298,11499.29,8199.247,1974.46,10953.52
7240.184,1955.555,11595.1,7293.012,2033.775,11421.74,8302.091,1982.074,10971.31,7221.505,2018.298,11499.12,8199.365,1974.46,10953.69
7240.026,1955.555,11594.96,7292.819,2033.775,11421.82,8301.885,1982.074,10971.34,7221.383,2018.298,11498.95,8199.479,1974.46,10953.87
7239.871,1955.555,11594.83,7292.624,2033.775,11421.89,8301.68,1982.074,10971.38,7221.256,2018.298,11498.79,8199.586,1974.46,10954.05
7239.719,1955.555,11594.68,7292.426,2033.775,11421.96,8301.476,1982.074,10971.42,7221.124,2018.298,11498.62,8199.688,1974.46,10954.23
7239.57,1955.555,11594.54,7292.227,2033.775,11422.01,8301.272,1982.074,10971.46,7220.987,2018.298,11498.47,8199.782,1974.46,10954.42
7239.424,1955.555,11594.39,7292.025,2033.775,11422.07,8301.071,1982.074,10971.52,7220.845,2018.298,11498.31,8199.871,1974.46,10954.6
7239.282,1955.555,11594.24,7291.822,2033.775,11422.11,8300.872,1982.074,10971.58,7220.699,2018.298,11498.17,8199.954,1974.46,10954.8
7239.143,1955.555,11594.08,7291.617,2033.775,11422.15,8300.675,1982.074,10971.65,7220.548,2018.298,11498.02,8200.03,1974.46,10954.99
7239.007,1955.555,11593.92,7291.412,2033.775,11422.19,8300.48,1982.074,10971.72,7220.394,2018.298,11497.88,8200.101,1974.46,10955.19
7238.875,1955.555,11593.76,7291.205,2033.775,11422.21,8300.288,1982.074,10971.8,7220.234,2018.298,11497.75,8200.164,1974.46,10955.38
7238.746,1955.555,11593.6,7290.998,2033.775,11422.23,8300.099,1982.074,10971.89,7220.071,2018.298,11497.62,8200.221,1974.46,10955.58
7238.62,1955.555,11593.43,7290.79,2033.775,11422.24,8299.912,1982.074,10971.98,7219.904,2018.298,11497.49,8200.271,1974.46,10955.79
7238.497,1955.555,11593.26,7290.581,2033.775,11422.25,8299.729,1982.074,10972.08,7219.734,2018.298,11497.37,8200.315,1974.46,10955.99
7238.376,1955.555,11593.09,7290.373,2033.775,11422.25,8299.549,1982.074,10972.19,7219.56,2018.298,11497.26,8200.353,1974.46,10956.2
7238.26,1955.555,11592.92,7290.165,2033.775,11422.24,8299.372,1982.074,10972.3,7219.383,2018.298,11497.15,8200.383,1974.46,10956.4
7238.146,1955.555,11592.75,7289.957,2033.775,11422.23,8299.199,1982.074,10972.41,7219.203,2018.298,11497.04,8200.406,1974.46,10956.61
7238.035,1955.555,11592.57,7289.75,2033.775,11422.21,8299.03,1982.074,10972.53,7219.019,2018.298,11496.95,8200.423,1974.46,10956.82
7237.927,1955.555,11592.39,7289.543,2033.775,11422.18,8298.865,1982.074,10972.66,7218.833,2018.298,11496.85,8200.433,1974.46,10957.02
7237.822,1955.555,11592.21,7289.337,2033.775,11422.14,8298.705,1982.074,10972.79,7218.644,2018.298,11496.76,8200.436,1974.46,10957.23
7237.719,1955.555,11592.03,7289.133,2033.775,11422.1,8298.549,1982.074,10972.93,7218.453,2018.298,11496.68,8200.432,1974.46,10957.44
7237.619,1955.555,11591.85,7288.931,2033.775,11422.05,8298.397,1982.074,10973.07,7218.259,2018.298,11496.6,8200.421,1974.46,10957.65
7237.521,1955.555,11591.67,7288.73,2033.775,11422,8298.251,1982.074,10973.22,7218.064,2018.298,11496.53,8200.403,1974.46,10957.86
7237.427,1955.555,11591.48,7288.526,2033.775,11421.95,8298.109,1982.074,10973.37,7217.867,2018.298,11496.47,8200.38,1974.46,10958.06
7237.334,1955.555,11591.29,7288.324,2033.775,11421.9,8297.973,1982.074,10973.53,7217.667,2018.298,11496.4,8200.35,1974.46,10958.27
7237.244,1955.555,11591.11,7288.119,2033.775,11421.87,8297.841,1982.074,10973.69,7217.467,2018.298,11496.35,8200.313,1974.46,10958.47
7237.156,1955.555,11590.92,7287.916,2033.775,11421.82,8297.715,1982.074,10973.86,7217.265,2018.298,11496.3,8200.269,1974.46,10958.68
7237.07,1955.555,11590.73,7287.708,2033.775,11421.8,8297.594,1982.074,10974.03,7217.061,2018.298,11496.25,8200.218,1974.46,10958.88
7236.986,1955.555,11590.54,7287.501,2033.775,11421.78,8297.479,1982.074,10974.2,7216.856,2018.298,11496.21,8200.16,1974.46,10959.08
7236.904,1955.555,11590.35,7287.295,2033.775,11421.75,8297.369,1982.074,10974.38,7216.651,2018.298,11496.18,8200.097,1974.46,10959.28
7236.824,1955.555,11590.15,7287.09,2033.775,11421.71,8297.266,1982.074,10974.56,7216.444,2018.298,11496.15,8200.026,1974.46,10959.48
7236.746,1955.555,11589.96,7286.887,2033.775,11421.67,8297.168,1982.074,10974.74,7216.237,2018.298,11496.13,8199.95,1974.46,10959.67
7236.669,1955.555,11589.77,7286.685,2033.775,11421.62,8297.076,1982.074,10974.93,7216.029,2018.298,11496.12,8199.867,1974.46,10959.86
7236.594,1955.555,11589.57,7286.484,2033.775,11421.56,8296.99,1982.074,10975.12,7215.821,2018.298,11496.11,8199.778,1974.46,10960.05
7236.521,1955.555,11589.38,7286.286,2033.775,11421.49,8296.911,1982.074,10975.31,7215.612,2018.298,11496.11,8199.684,1974.46,10960.23
7236.449,1955.555,11589.18,7286.09,2033.775,11421.42,8296.838,1982.074,10975.51,7215.404,2018.298,11496.12,8199.583,1974.46,10960.42
7236.378,1955.555,11588.99,7285.892,2033.775,11421.36,8296.76,1982.074,10975.7,7215.196,2018.298,11496.13,8199.488,1974.46,10960.6
7236.309,1955.555,11588.79,7285.692,2033.775,11421.3,8296.684,1982.074,10975.9,7214.989,2018.298,11496.14,8199.397,1974.46,10960.79
7236.241,1955.555,11588.59,7285.49,2033.775,11421.25,8296.602,1982.074,10976.09,7214.781,2018.298,11496.16,8199.313,1974.46,10960.98
7236.174,1955.555,11588.4,7285.286,2033.775,11421.21,8296.514,1982.074,10976.28,7214.574,2018.298,11496.19,8199.212,1974.46,10961.16
7236.108,1955.555,11588.2,7285.081,2033.775,11421.17,8296.419,1982.074,10976.46,7214.368,2018.298,11496.22,8199.118,1974.46,10961.35
7236.043,1955.555,11588,7284.875,2033.775,11421.14,8296.331,1982.074,10976.65,7214.162,2018.298,11496.25,8199.002,1974.46,10961.52
7235.979,1955.555,11587.8,7284.668,2033.775,11421.11,8296.249,1982.074,10976.84,7213.957,2018.298,11496.29,8198.881,1974.46,10961.69
7235.916,1955.555,11587.6,7284.46,2033.775,11421.09,8296.173,1982.074,10977.04,7213.753,2018.298,11496.33,8198.754,1974.46,10961.86
7235.854,1955.555,11587.41,7284.252,2033.775,11421.08,8296.104,1982.074,10977.23,7213.55,2018.298,11496.38,8198.622,1974.46,10962.02
7235.792,1955.555,11587.21,7284.044,2033.775,11421.08,8296.04,1982.074,10977.43,7213.348,2018.298,11496.43,8198.484,1974.46,10962.17
7235.731,1955.555,11587.01,7283.835,2033.775,11421.08,8295.983,1982.074,10977.63,7213.147,2018.298,11496.49,8198.342,1974.46,10962.33
7235.671,1955.555,11586.81,7283.627,2033.775,11421.09,8295.934,1982.074,10977.83,7212.948,2018.298,11496.55,8198.194,1974.46,10962.47
7235.611,1955.555,11586.61,7283.419,2033.775,11421.1,8295.891,1982.074,10978.04,7212.751,2018.298,11496.61,8198.042,1974.46,10962.62
7235.552,1955.555,11586.41,7283.21,2033.775,11421.09,8295.854,1982.074,10978.24,7212.556,2018.298,11496.69,8197.886,1974.46,10962.75
7235.494,1955.555,11586.21,7283.002,2033.775,11421.08,8295.823,1982.074,10978.45,7212.363,2018.298,11496.77,8197.725,1974.46,10962.88
7235.436,1955.555,11586.01,7282.795,2033.775,11421.07,8295.8,1982.074,10978.66,7212.173,2018.298,11496.85,8197.56,1974.46,10963.01
7235.378,1955.555,11585.81,7282.588,2033.775,11421.04,8295.783,1982.074,10978.86,7211.986,2018.298,11496.94,8197.391,1974.46,10963.13
7235.32,1955.555,11585.61,7282.382,2033.775,11421.01,8295.773,1982.074,10979.07,7211.801,2018.298,11497.04,8197.218,1974.46,10963.25
7235.263,1955.555,11585.41,7282.177,2033.775,11420.97,8295.771,1982.074,10979.28,7211.614,2018.298,11497.13,8197.041,1974.46,10963.36
7235.205,1955.555,11585.21,7281.973,2033.775,11420.93,8295.774,1982.074,10979.49,7211.425,2018.298,11497.22,8196.86,1974.46,10963.46
7235.147,1955.555,11585.01,7281.771,2033.775,11420.88,8295.785,1982.074,10979.7,7211.234,2018.298,11497.3,8196.677,1974.46,10963.56
7235.089,1955.555,11584.81,7281.57,2033.775,11420.83,8295.803,1982.074,10979.9,7211.042,2018.298,11497.38,8196.49,1974.46,10963.66
7235.031,1955.555,11584.61,7281.372,2033.775,11420.76,8295.827,1982.074,10980.11,7210.847,2018.298,11497.45,8196.301,1974.46,10963.74
7234.972,1955.555,11584.41,7281.175,2033.775,11420.69,8295.858,1982.074,10980.32,7210.65,2018.298,11497.52,8196.108,1974.46,10963.82
7234.914,1955.555,11584.21,7280.981,2033.775,11420.62,8295.896,1982.074,10980.52,7210.453,2018.298,11497.59,8195.914,1974.46,10963.9
7234.855,1955.555,11584.01,7280.79,2033.775,11420.54,8295.94,1982.074,10980.72,7210.254,2018.298,11497.65,8195.717,1974.46,10963.96
7234.796,1955.555,11583.81,7280.601,2033.775,11420.45,8295.991,1982.074,10980.93,7210.054,2018.298,11497.71,8195.518,1974.46,10964.02
7234.738,1955.555,11583.61,7280.415,2033.775,11420.35,8296.049,1982.074,10981.13,7209.853,2018.298,11497.76,8195.316,1974.46,10964.08
7234.679,1955.555,11583.41,7280.232,2033.775,11420.25,8296.113,1982.074,10981.33,7209.65,2018.298,11497.81,8195.113,1974.46,10964.13
7234.621,1955.555,11583.21,7280.052,2033.775,11420.15,8296.184,1982.074,10981.52,7209.447,2018.298,11497.86,8194.909,1974.46,10964.17
7234.562,1955.555,11583.01,7279.87,2033.775,11420.05,8296.248,1982.074,10981.72,7209.245,2018.298,11497.91,8194.706,1974.46,10964.22
7234.503,1955.555,11582.81,7279.684,2033.775,11419.96,8296.306,1982.074,10981.92,7209.042,2018.298,11497.96,8194.505,1974.46,10964.27
7234.445,1955.555,11582.61,7279.495,2033.775,11419.87,8296.356,1982.074,10982.12,7208.841,2018.298,11498.01,8194.306,1974.46,10964.33
7234.386,1955.555,11582.41,7279.303,2033.775,11419.79,8296.4,1982.074,10982.33,7208.64,2018.298,11498.06,8194.108,1974.46,10964.4
7234.328,1955.555,11582.21,7279.108,2033.775,11419.71,8296.438,1982.074,10982.53,7208.439,2018.298,11498.12,8193.914,1974.46,10964.48
7234.27,1955.555,11582.01,7278.912,2033.775,11419.64,8296.47,1982.074,10982.74,7208.239,2018.298,11498.18,8193.722,1974.46,10964.56
7234.205,1955.555,11581.81,7278.713,2033.775,11419.58,8296.494,1982.074,10982.94,7208.037,2018.298,11498.23,8193.532,1974.46,10964.64
7234.134,1955.555,11581.61,7278.512,2033.775,11419.53,8296.512,1982.074,10983.15,7207.833,2018.298,11498.27,8193.346,1974.46,10964.74
7234.056,1955.555,11581.42,7278.31,2033.775,11419.48,8296.522,1982.074,10983.36,7207.628,2018.298,11498.31,8193.162,1974.46,10964.84
7233.972,1955.555,11581.23,7278.105,2033.775,11419.43,8296.526,1982.074,10983.57,7207.422,2018.298,11498.34,8192.982,1974.46,10964.94
7233.882,1955.555,11581.04,7277.9,2033.775,11419.4,8296.523,1982.074,10983.78,7207.215,2018.298,11498.37,8192.806,1974.46,10965.05
7233.786,1955.555,11580.86,7277.694,2033.775,11419.37,8296.514,1982.074,10983.98,7207.007,2018.298,11498.38,8192.633,1974.46,10965.17
7233.684,1955.555,11580.67,7277.487,2033.775,11419.35,8296.497,1982.074,10984.19,7206.799,2018.298,11498.39,8192.464,1974.46,10965.29
7233.576,1955.555,11580.5,7277.28,2033.775,11419.32,8296.474,1982.074,10984.4,7206.591,2018.298,11498.4,8192.299,1974.46,10965.42
7233.462,1955.555,11580.32,7277.073,2033.775,11419.3,8296.443,1982.074,10984.6,7206.382,2018.298,11498.39,8192.139,1974.46,10965.55
7233.342,1955.555,11580.15,7276.865,2033.775,11419.29,8296.406,1982.074,10984.81,7206.174,2018.298,11498.38,8191.983,1974.46,10965.69
7233.217,1955.555,11579.98,7276.657,2033.775,11419.28,8296.362,1982.074,10985.01,7205.967,2018.298,11498.37,8191.832,1974.46,10965.83
7233.087,1955.555,11579.82,7276.449,2033.775,11419.29,8296.312,1982.074,10985.22,7205.76,2018.298,11498.34,8191.685,1974.46,10965.98
7232.951,1955.555,11579.66,7276.241,2033.775,11419.3,8296.255,1982.074,10985.42,7205.554,2018.298,11498.31,8191.543,1974.46,10966.13
7232.813,1955.555,11579.51,7276.032,2033.775,11419.3,8296.204,1982.074,10985.62,7205.348,2018.298,11498.29,8191.397,1974.46,10966.28
7232.673,1955.555,11579.35,7275.824,2033.775,11419.3,8296.16,1982.074,10985.82,7205.141,2018.298,11498.26,8191.246,1974.46,10966.43
7232.53,1955.555,11579.2,7275.616,2033.775,11419.29,8296.123,1982.074,10986.03,7204.935,2018.298,11498.23,8191.09,1974.46,10966.57
7232.385,1955.555,11579.05,7275.408,2033.775,11419.27,8296.093,1982.074,10986.23,7204.728,2018.298,11498.21,8190.93,1974.46,10966.7
7232.238,1955.555,11578.91,7275.201,2033.775,11419.24,8296.069,1982.074,10986.44,7204.521,2018.298,11498.19,8190.765,1974.46,10966.83
7232.088,1955.555,11578.76,7274.995,2033.775,11419.21,8296.053,1982.074,10986.65,7204.313,2018.298,11498.16,8190.597,1974.46,10966.95
7231.936,1955.555,11578.62,7274.791,2033.775,11419.17,8296.043,1982.074,10986.86,7204.106,2018.298,11498.14,8190.424,1974.46,10967.07
7231.781,1955.555,11578.48,7274.587,2033.775,11419.13,8296.04,1982.074,10987.06,7203.899,2018.298,11498.12,8190.248,1974.46,10967.18
7231.623,1955.555,11578.34,7274.385,2033.775,11419.08,8296.044,1982.074,10987.27,7203.691,2018.298,11498.11,8190.068,1974.46,10967.28
7231.463,1955.555,11578.21,7274.185,2033.775,11419.02,8296.055,1982.074,10987.48,7203.484,2018.298,11498.09,8189.885,1974.46,10967.38
7231.3,1955.555,11578.08,7273.987,2033.775,11418.95,8296.072,1982.074,10987.69,7203.276,2018.298,11498.07,8189.699,1974.46,10967.48
7231.135,1955.555,11577.95,7273.791,2033.775,11418.88,8296.097,1982.074,10987.9,7203.069,2018.298,11498.05,8189.51,1974.46,10967.56
7230.968,1955.555,11577.83,7273.598,2033.775,11418.81,8296.127,1982.074,10988.1,7202.861,2018.298,11498.04,8189.318,1974.46,10967.64
7230.798,1955.555,11577.71,7273.407,2033.775,11418.72,8296.164,1982.074,10988.31,7202.654,2018.298,11498.02,8189.124,1974.46,10967.72
7230.626,1955.555,11577.59,7273.219,2033.775,11418.63,8296.208,1982.074,10988.51,7202.446,2018.298,11498.01,8188.927,1974.46,10967.79
7230.452,1955.555,11577.48,7273.034,2033.775,11418.54,8296.259,1982.074,10988.71,7202.238,2018.298,11498,8188.729,1974.46,10967.85
7230.275,1955.555,11577.37,7272.852,2033.775,11418.44,8296.316,1982.074,10988.91,7202.03,2018.298,11497.98,8188.528,1974.46,10967.91
7230.096,1955.555,11577.26,7272.673,2033.775,11418.33,8296.38,1982.074,10989.11,7201.822,2018.298,11497.97,8188.325,1974.46,10967.95
7229.915,1955.555,11577.16,7272.498,2033.775,11418.22,8296.45,1982.074,10989.31,7201.614,2018.298,11497.96,8188.121,1974.46,10968
7229.731,1955.555,11577.06,7272.326,2033.775,11418.1,8296.526,1982.074,10989.5,7201.406,2018.298,11497.95,8187.916,1974.46,10968.03
7229.545,1955.555,11576.97,7272.159,2033.775,11417.97,8296.609,1982.074,10989.69,7201.198,2018.298,11497.94,8187.71,1974.46,10968.06
7229.358,1955.555,11576.88,7271.995,2033.775,11417.84,8296.698,1982.074,10989.88,7200.99,2018.298,11497.93,8187.503,1974.46,10968.08
7229.168,1955.555,11576.79,7271.836,2033.775,11417.71,8296.793,1982.074,10990.07,7200.782,2018.298,11497.92,8187.295,1974.46,10968.1
7228.977,1955.555,11576.71,7271.681,2033.775,11417.57,8296.895,1982.074,10990.25,7200.574,2018.298,11497.91,8187.087,1974.46,10968.11
7228.784,1955.555,11576.63,7271.531,2033.775,11417.43,8297.002,1982.074,10990.43,7200.366,2018.298,11497.9,8186.879,1974.46,10968.11
7228.588,1955.555,11576.56,7271.376,2033.775,11417.29,8297.104,1982.074,10990.61,7200.159,2018.298,11497.89,8186.671,1974.46,10968.12
7228.39,1955.555,11576.49,7271.217,2033.775,11417.15,8297.198,1982.074,10990.8,7199.952,2018.298,11497.86,8186.463,1974.46,10968.14
7228.189,1955.555,11576.44,7271.054,2033.775,11417.02,8297.287,1982.074,10990.98,7199.745,2018.298,11497.83,8186.256,1974.46,10968.16
7227.988,1955.555,11576.38,7270.886,2033.775,11416.9,8297.37,1982.074,10991.18,7199.54,2018.298,11497.8,8186.05,1974.46,10968.19
7227.784,1955.555,11576.34,7270.715,2033.775,11416.78,8297.446,1982.074,10991.37,7199.336,2018.298,11497.76,8185.845,1974.46,10968.23
7227.58,1955.555,11576.3,7270.54,2033.775,11416.67,8297.517,1982.074,10991.57,7199.133,2018.298,11497.71,8185.641,1974.46,10968.27
7227.376,1955.555,11576.26,7270.361,2033.775,11416.56,8297.58,1982.074,10991.76,7198.933,2018.298,11497.65,8185.438,1974.46,10968.32
7227.171,1955.555,11576.22,7270.179,2033.775,11416.46,8297.638,1982.074,10991.96,7198.733,2018.298,11497.59,8185.238,1974.46,10968.37
7226.968,1955.555,11576.17,7269.994,2033.775,11416.36,8297.688,1982.074,10992.17,7198.537,2018.298,11497.52,8185.039,1974.46,10968.43
7226.767,1955.555,11576.12,7269.806,2033.775,11416.27,8297.732,1982.074,10992.37,7198.342,2018.298,11497.45,8184.842,1974.46,10968.5
7226.567,1955.555,11576.06,7269.615,2033.775,11416.19,8297.77,1982.074,10992.58,7198.15,2018.298,11497.37,8184.648,1974.46,10968.58
7226.369,1955.555,11575.99,7269.421,2033.775,11416.11,8297.8,1982.074,10992.78,7197.96,2018.298,11497.28,8184.456,1974.46,10968.66
7226.169,1955.555,11575.94,7269.226,2033.775,11416.04,8297.824,1982.074,10992.99,7197.774,2018.298,11497.19,8184.267,1974.46,10968.75
7225.971,1955.555,11575.87,7269.027,2033.775,11415.98,8297.842,1982.074,10993.2,7197.59,2018.298,11497.09,8184.08,1974.46,10968.84
7225.771,1955.555,11575.82,7268.832,2033.775,11415.91,8297.866,1982.074,10993.4,7197.405,2018.298,11497,8183.891,1974.46,10968.92
7225.57,1955.555,11575.76,7268.638,2033.775,11415.83,8297.896,1982.074,10993.61,7197.217,2018.298,11496.9,8183.699,1974.46,10969.01
7225.367,1955.555,11575.71,7268.447,2033.775,11415.75,8297.934,1982.074,10993.81,7197.028,2018.298,11496.82,8183.504,1974.46,10969.08
7225.164,1955.555,11575.67,7268.259,2033.775,11415.66,8297.978,1982.074,10994.02,7196.836,2018.298,11496.73,8183.308,1974.46,10969.15
7224.959,1955.555,11575.63,7268.074,2033.775,11415.56,8298.028,1982.074,10994.22,7196.644,2018.298,11496.66,8183.109,1974.46,10969.21
7224.753,1955.555,11575.6,7267.892,2033.775,11415.46,8298.086,1982.074,10994.42,7196.449,2018.298,11496.58,8182.908,1974.46,10969.27
7224.547,1955.555,11575.57,7267.713,2033.775,11415.35,8298.149,1982.074,10994.62,7196.253,2018.298,11496.51,8182.706,1974.46,10969.31
7224.342,1955.555,11575.53,7267.531,2033.775,11415.25,8298.207,1982.074,10994.82,7196.06,2018.298,11496.43,8182.505,1974.46,10969.37
7224.138,1955.555,11575.49,7267.346,2033.775,11415.16,8298.258,1982.074,10995.02,7195.869,2018.298,11496.35,8182.306,1974.46,10969.43
7223.936,1955.555,11575.44,7267.158,2033.775,11415.07,8298.302,1982.074,10995.23,7195.681,2018.298,11496.26,8182.109,1974.46,10969.5
7223.735,1955.555,11575.39,7266.967,2033.775,11414.99,8298.339,1982.074,10995.43,7195.496,2018.298,11496.16,8181.915,1974.46,10969.57
7223.536,1955.555,11575.32,7266.774,2033.775,11414.91,8298.369,1982.074,10995.64,7195.314,2018.298,11496.06,8181.723,1974.46,10969.66
7223.339,1955.555,11575.25,7266.578,2033.775,11414.84,8298.394,1982.074,10995.84,7195.136,2018.298,11495.95,8181.534,1974.46,10969.74
7223.145,1955.555,11575.18,7266.38,2033.775,11414.77,8298.411,1982.074,10996.05,7194.961,2018.298,11495.84,8181.347,1974.46,10969.83
7222.949,1955.555,11575.11,7266.184,2033.775,11414.7,8298.436,1982.074,10996.26,7194.783,2018.298,11495.73,8181.158,1974.46,10969.92
7222.751,1955.555,11575.04,7265.991,2033.775,11414.63,8298.466,1982.074,10996.46,7194.603,2018.298,11495.63,8180.966,1974.46,10970
7222.552,1955.555,11574.98,7265.8,2033.775,11414.54,8298.503,1982.074,10996.67,7194.42,2018.298,11495.53,8180.771,1974.46,10970.08
7222.352,1955.555,11574.93,7265.612,2033.775,11414.45,8298.547,1982.074,10996.87,7194.236,2018.298,11495.43,8180.575,1974.46,10970.15
7222.15,1955.555,11574.88,7265.427,2033.775,11414.36,8298.598,1982.074,10997.08,7194.049,2018.298,11495.34,8180.376,1974.46,10970.21
7221.947,1955.555,11574.83,7265.245,2033.775,11414.26,8298.655,1982.074,10997.28,7193.861,2018.298,11495.25,8180.175,1974.46,10970.26
7221.715,1955.555,11574.78,7265.035,2033.775,11414.15,8298.713,1982.074,10997.51,7193.649,2018.298,11495.14,8179.95,1974.46,10970.33
7221.411,1955.555,11574.73,7264.755,2033.775,11414.02,8298.798,1982.074,10997.8,7193.375,2018.298,11495,8179.651,1974.46,10970.42
7221.028,1955.555,11574.67,7264.4,2033.775,11413.86,8298.916,1982.074,10998.17,7193.036,2018.298,11494.81,8179.274,1974.46,10970.51
7220.679,1955.555,11574.63,7264.073,2033.775,11413.73,8299.035,1982.074,10998.5,7192.731,2018.298,11494.64,8178.929,1974.46,10970.58
7220.032,1955.555,11574.56,7263.461,2033.775,11413.51,8299.274,1982.074,10999.11,7192.176,2018.298,11494.3,8178.288,1974.46,10970.69
7219.824,1955.555,11574.55,7263.263,2033.775,11413.45,8299.357,1982.074,10999.3,7192.001,2018.298,11494.19,8178.082,1974.46,10970.72
7219.256,1955.555,11574.52,7262.716,2033.775,11413.29,8299.601,1982.074,10999.81,7191.529,2018.298,11493.87,8177.516,1974.46,10970.78
7218.858,1955.555,11574.49,7262.329,2033.775,11413.19,8299.783,1982.074,11000.17,7191.204,2018.298,11493.64,8177.118,1974.46,10970.8
7218.47,1955.555,11574.44,7261.948,2033.775,11413.11,8299.973,1982.074,11000.51,7190.894,2018.298,11493.4,8176.728,1974.46,10970.82
7218.099,1955.555,11574.39,7261.58,2033.775,11413.04,8300.165,1982.074,11000.83,7190.604,2018.298,11493.16,8176.353,1974.46,10970.82
7217.837,1955.555,11574.34,7261.316,2033.775,11413,8300.31,1982.074,11001.06,7190.403,2018.298,11492.99,8176.086,1974.46,10970.81
7217.299,1955.555,11574.22,7260.77,2033.775,11412.93,8300.623,1982.074,11001.51,7190,2018.298,11492.61,8175.537,1974.46,10970.78
7217.063,1955.555,11574.16,7260.528,2033.775,11412.89,8300.769,1982.074,11001.71,7189.815,2018.298,11492.45,8175.294,1974.46,10970.76
7216.738,1955.555,11574.09,7260.201,2033.775,11412.83,8300.976,1982.074,11001.97,7189.559,2018.298,11492.24,8174.964,1974.46,10970.72
7216.26,1955.555,11574,7259.726,2033.775,11412.73,8301.291,1982.074,11002.34,7189.175,2018.298,11491.94,8174.482,1974.46,10970.65
7215.88,1955.555,11573.93,7259.352,2033.775,11412.63,8301.55,1982.074,11002.62,7188.865,2018.298,11491.71,8174.101,1974.46,10970.58
7215.594,1955.555,11573.89,7259.074,2033.775,11412.55,8301.751,1982.074,11002.83,7188.628,2018.298,11491.55,8173.817,1974.46,10970.53
7215.385,1955.555,11573.86,7258.874,2033.775,11412.49,8301.902,1982.074,11002.98,7188.453,2018.298,11491.43,8173.61,1974.46,10970.49
7215.177,1955.555,11573.84,7258.678,2033.775,11412.42,8302.057,1982.074,11003.12,7188.277,2018.298,11491.32,8173.407,1974.46,10970.44
7214.66,1955.555,11573.81,7258.195,2033.775,11412.23,8302.452,1982.074,11003.45,7187.832,2018.298,11491.05,8172.903,1974.46,10970.32
7214.345,1955.555,11573.79,7257.907,2033.775,11412.1,8302.698,1982.074,11003.65,7187.559,2018.298,11490.89,8172.597,1974.46,10970.25
7214.095,1955.555,11573.79,7257.68,2033.775,11411.99,8302.899,1982.074,11003.8,7187.338,2018.298,11490.78,8172.353,1974.46,10970.19
7213.886,1955.555,11573.79,7257.495,2033.775,11411.9,8303.07,1982.074,11003.92,7187.152,2018.298,11490.68,8172.151,1974.46,10970.14
7213.678,1955.555,11573.8,7257.313,2033.775,11411.79,8303.245,1982.074,11004.03,7186.965,2018.298,11490.59,8171.949,1974.46,10970.09
7213.113,1955.555,11573.83,7256.828,2033.775,11411.5,8303.729,1982.074,11004.32,7186.451,2018.298,11490.35,8171.4,1974.46,10969.95
7212.906,1955.555,11573.85,7256.652,2033.775,11411.39,8303.911,1982.074,11004.42,7186.26,2018.298,11490.27,8171.199,1974.46,10969.9
7212.699,1955.555,11573.88,7256.481,2033.775,11411.27,8304.096,1982.074,11004.52,7186.067,2018.298,11490.19,8170.997,1974.46,10969.85
7212.493,1955.555,11573.91,7256.313,2033.775,11411.15,8304.283,1982.074,11004.61,7185.874,2018.298,11490.12,8170.795,1974.46,10969.8
7212.063,1955.555,11573.98,7255.972,2033.775,11410.88,8304.683,1982.074,11004.79,7185.464,2018.298,11489.96,8170.373,1974.46,10969.69
7211.858,1955.555,11574.02,7255.813,2033.775,11410.74,8304.875,1982.074,11004.87,7185.268,2018.298,11489.9,8170.171,1974.46,10969.64
7211.632,1955.555,11574.07,7255.641,2033.775,11410.59,8305.092,1982.074,11004.95,7185.047,2018.298,11489.82,8169.947,1974.46,10969.58
7211.339,1955.555,11574.14,7255.423,2033.775,11410.38,8305.377,1982.074,11005.05,7184.759,2018.298,11489.73,8169.655,1974.46,10969.5
7211.139,1955.555,11574.2,7255.278,2033.775,11410.23,8305.575,1982.074,11005.11,7184.559,2018.298,11489.68,8169.454,1974.46,10969.45
7210.94,1955.555,11574.26,7255.138,2033.775,11410.07,8305.775,1982.074,11005.17,7184.358,2018.298,11489.62,8169.252,1974.46,10969.4
7210.743,1955.555,11574.33,7255.002,2033.775,11409.92,8305.977,1982.074,11005.23,7184.157,2018.298,11489.57,8169.052,1974.46,10969.35
7210.547,1955.555,11574.4,7254.873,2033.775,11409.75,8306.178,1982.074,11005.28,7183.955,2018.298,11489.52,8168.85,1974.46,10969.29
7210.229,1955.555,11574.53,7254.667,2033.775,11409.48,8306.51,1982.074,11005.37,7183.621,2018.298,11489.44,8168.518,1974.46,10969.21
7210.037,1955.555,11574.61,7254.548,2033.775,11409.31,8306.711,1982.074,11005.42,7183.418,2018.298,11489.39,8168.317,1974.46,10969.16
7209.848,1955.555,11574.7,7254.434,2033.775,11409.13,8306.912,1982.074,11005.47,7183.214,2018.298,11489.35,8168.115,1974.46,10969.1
7209.662,1955.555,11574.79,7254.326,2033.775,11408.95,8307.113,1982.074,11005.53,7183.01,2018.298,11489.31,8167.914,1974.46,10969.05
7209.478,1955.555,11574.89,7254.224,2033.775,11408.77,8307.314,1982.074,11005.58,7182.806,2018.298,11489.27,8167.712,1974.46,10969
7209.296,1955.555,11574.99,7254.128,2033.775,11408.59,8307.516,1982.074,11005.63,7182.601,2018.298,11489.23,8167.511,1974.46,10968.95
7209.118,1955.555,11575.1,7254.038,2033.775,11408.4,8307.717,1982.074,11005.69,7182.396,2018.298,11489.2,8167.309,1974.46,10968.89
7208.942,1955.555,11575.21,7253.954,2033.775,11408.21,8307.918,1982.074,11005.74,7182.19,2018.298,11489.16,8167.108,1974.46,10968.84
7208.77,1955.555,11575.33,7253.876,2033.775,11408.02,8308.119,1982.074,11005.79,7181.984,2018.298,11489.13,8166.907,1974.46,10968.79
7208.6,1955.555,11575.45,7253.804,2033.775,11407.82,8308.32,1982.074,11005.84,7181.778,2018.298,11489.1,8166.707,1974.46,10968.73
7208.434,1955.555,11575.58,7253.739,2033.775,11407.62,8308.521,1982.074,11005.9,7181.572,2018.298,11489.07,8166.505,1974.46,10968.68
7208.271,1955.555,11575.71,7253.68,2033.775,11407.42,8308.722,1982.074,11005.95,7181.366,2018.298,11489.04,8166.303,1974.46,10968.63
7208.112,1955.555,11575.84,7253.628,2033.775,11407.22,8308.923,1982.074,11006,7181.159,2018.298,11489.01,8166.102,1974.46,10968.58
7207.945,1955.555,11575.99,7253.579,2033.775,11407,8309.139,1982.074,11006.06,7180.938,2018.298,11488.99,8165.887,1974.46,10968.52
7207.793,1955.555,11576.13,7253.54,2033.775,11406.8,8309.34,1982.074,11006.11,7180.731,2018.298,11488.96,8165.685,1974.46,10968.47
7207.645,1955.555,11576.28,7253.507,2033.775,11406.59,8309.541,1982.074,11006.17,7180.524,2018.298,11488.94,8165.483,1974.46,10968.41
7207.5,1955.555,11576.43,7253.481,2033.775,11406.39,8309.742,1982.074,11006.22,7180.317,2018.298,11488.92,8165.282,1974.46,10968.36
7207.359,1955.555,11576.58,7253.462,2033.775,11406.18,8309.943,1982.074,11006.27,7180.11,2018.298,11488.89,8165.08,1974.46,10968.31
7207.223,1955.555,11576.74,7253.449,2033.775,11405.97,8310.145,1982.074,11006.32,7179.903,2018.298,11488.87,8164.878,1974.46,10968.26
7207.09,1955.555,11576.9,7253.443,2033.775,11405.76,8310.346,1982.074,11006.38,7179.696,2018.298,11488.85,8164.678,1974.46,10968.2
7206.962,1955.555,11577.06,7253.444,2033.775,11405.55,8310.547,1982.074,11006.43,7179.489,2018.298,11488.83,8164.477,1974.46,10968.15
7206.838,1955.555,11577.23,7253.452,2033.775,11405.35,8310.748,1982.074,11006.48,7179.281,2018.298,11488.81,8164.275,1974.46,10968.1
7206.718,1955.555,11577.4,7253.466,2033.775,11405.14,8310.949,1982.074,11006.53,7179.074,2018.298,11488.79,8164.073,1974.46,10968.04
7206.602,1955.555,11577.57,7253.486,2033.775,11404.93,8311.15,1982.074,11006.59,7178.866,2018.298,11488.78,8163.872,1974.46,10967.99
7206.491,1955.555,11577.75,7253.514,2033.775,11404.73,8311.352,1982.074,11006.64,7178.659,2018.298,11488.76,8163.67,1974.46,10967.94
7206.384,1955.555,11577.93,7253.547,2033.775,11404.52,8311.553,1982.074,11006.69,7178.451,2018.298,11488.74,8163.469,1974.46,10967.89
7206.272,1955.555,11578.1,7253.575,2033.775,11404.31,8311.756,1982.074,11006.74,7178.244,2018.298,11488.72,8163.27,1974.46,10967.83
7206.157,1955.555,11578.28,7253.596,2033.775,11404.11,8311.96,1982.074,11006.78,7178.036,2018.298,11488.7,8163.072,1974.46,10967.76
7206.037,1955.555,11578.45,7253.61,2033.775,11403.9,8312.166,1982.074,11006.81,7177.829,2018.298,11488.68,8162.876,1974.46,10967.69
7205.913,1955.555,11578.61,7253.617,2033.775,11403.69,8312.373,1982.074,11006.84,7177.622,2018.298,11488.66,8162.684,1974.46,10967.61
7205.784,1955.555,11578.78,7253.618,2033.775,11403.48,8312.58,1982.074,11006.86,7177.415,2018.298,11488.64,8162.493,1974.46,10967.53
7205.652,1955.555,11578.94,7253.612,2033.775,11403.28,8312.788,1982.074,11006.87,7177.208,2018.298,11488.62,8162.306,1974.46,10967.43
7205.515,1955.555,11579.1,7253.6,2033.775,11403.07,8312.996,1982.074,11006.88,7177,2018.298,11488.6,8162.122,1974.46,10967.34
7205.375,1955.555,11579.25,7253.581,2033.775,11402.86,8313.204,1982.074,11006.87,7176.793,2018.298,11488.58,8161.94,1974.46,10967.23
7205.23,1955.555,11579.4,7253.555,2033.775,11402.65,8313.412,1982.074,11006.87,7176.587,2018.298,11488.55,8161.763,1974.46,10967.12
7205.082,1955.555,11579.55,7253.522,2033.775,11402.45,8313.62,1982.074,11006.85,7176.38,2018.298,11488.53,8161.589,1974.46,10967.01
7204.929,1955.555,11579.69,7253.483,2033.775,11402.24,8313.827,1982.074,11006.83,7176.174,2018.298,11488.5,8161.419,1974.46,10966.89
7204.773,1955.555,11579.83,7253.437,2033.775,11402.04,8314.033,1982.074,11006.8,7175.967,2018.298,11488.47,8161.253,1974.46,10966.76
7204.614,1955.555,11579.96,7253.385,2033.775,11401.84,8314.238,1982.074,11006.77,7175.761,2018.298,11488.44,8161.091,1974.46,10966.63
7204.451,1955.555,11580.09,7253.326,2033.775,11401.64,8314.442,1982.074,11006.72,7175.555,2018.298,11488.41,8160.934,1974.46,10966.5
7204.284,1955.555,11580.22,7253.261,2033.775,11401.44,8314.645,1982.074,11006.68,7175.35,2018.298,11488.38,8160.781,1974.46,10966.35
7204.114,1955.555,11580.34,7253.19,2033.775,11401.24,8314.846,1982.074,11006.62,7175.144,2018.298,11488.35,8160.633,1974.46,10966.21
7203.941,1955.555,11580.45,7253.112,2033.775,11401.05,8315.045,1982.074,11006.56,7174.939,2018.298,11488.31,8160.49,1974.46,10966.06
7203.766,1955.555,11580.56,7253.028,2033.775,11400.86,8315.242,1982.074,11006.49,7174.734,2018.298,11488.28,8160.352,1974.46,10965.9
7203.586,1955.555,11580.67,7252.938,2033.775,11400.67,8315.437,1982.074,11006.42,7174.529,2018.298,11488.24,8160.219,1974.46,10965.74
7203.405,1955.555,11580.77,7252.842,2033.775,11400.49,8315.629,1982.074,11006.34,7174.325,2018.298,11488.2,8160.091,1974.46,10965.57
7203.22,1955.555,11580.87,7252.74,2033.775,11400.31,8315.818,1982.074,11006.25,7174.121,2018.298,11488.16,8159.969,1974.46,10965.41
7203.033,1955.555,11580.96,7252.632,2033.775,11400.13,8316.005,1982.074,11006.16,7173.917,2018.298,11488.11,8159.853,1974.46,10965.23
7202.844,1955.555,11581.05,7252.518,2033.775,11399.95,8316.188,1982.074,11006.06,7173.714,2018.298,11488.07,8159.742,1974.46,10965.06
7202.652,1955.555,11581.13,7252.399,2033.775,11399.78,8316.368,1982.074,11005.95,7173.512,2018.298,11488.02,8159.637,1974.46,10964.88
7202.458,1955.555,11581.2,7252.274,2033.775,11399.62,8316.545,1982.074,11005.84,7173.31,2018.298,11487.97,8159.538,1974.46,10964.69
7202.262,1955.555,11581.27,7252.145,2033.775,11399.45,8316.718,1982.074,11005.72,7173.109,2018.298,11487.91,8159.444,1974.46,10964.51
7202.064,1955.555,11581.34,7252.009,2033.775,11399.29,8316.887,1982.074,11005.6,7172.908,2018.298,11487.86,8159.357,1974.46,10964.32
7201.865,1955.555,11581.4,7251.869,2033.775,11399.14,8317.052,1982.074,11005.47,7172.708,2018.298,11487.8,8159.277,1974.46,10964.12
7201.664,1955.555,11581.45,7251.724,2033.775,11398.99,8317.212,1982.074,11005.34,7172.51,2018.298,11487.74,8159.202,1974.46,10963.93
7201.461,1955.555,11581.5,7251.574,2033.775,11398.85,8317.368,1982.074,11005.2,7172.312,2018.298,11487.67,8159.134,1974.46,10963.73
7201.257,1955.555,11581.54,7251.419,2033.775,11398.71,8317.52,1982.074,11005.06,7172.115,2018.298,11487.6,8159.073,1974.46,10963.53
7201.052,1955.555,11581.58,7251.26,2033.775,11398.57,8317.666,1982.074,11004.91,7171.919,2018.298,11487.53,8159.018,1974.46,10963.33
7200.846,1955.555,11581.61,7251.097,2033.775,11398.44,8317.808,1982.074,11004.76,7171.725,2018.298,11487.46,8158.969,1974.46,10963.13
7200.64,1955.555,11581.64,7250.929,2033.775,11398.32,8317.944,1982.074,11004.6,7171.532,2018.298,11487.38,8158.927,1974.46,10962.93
7200.432,1955.555,11581.66,7250.758,2033.775,11398.2,8318.075,1982.074,11004.44,7171.341,2018.298,11487.3,8158.892,1974.46,10962.72
7200.224,1955.555,11581.67,7250.583,2033.775,11398.09,8318.201,1982.074,11004.27,7171.151,2018.298,11487.21,8158.864,1974.46,10962.51
7200.016,1955.555,11581.68,7250.404,2033.775,11397.98,8318.321,1982.074,11004.1,7170.963,2018.298,11487.12,8158.842,1974.46,10962.31
7199.808,1955.555,11581.69,7250.222,2033.775,11397.88,8318.437,1982.074,11003.93,7170.777,2018.298,11487.03,8158.828,1974.46,10962.1
7199.599,1955.555,11581.68,7250.037,2033.775,11397.78,8318.563,1982.074,11003.76,7170.593,2018.298,11486.93,8158.82,1974.46,10961.89
7199.391,1955.555,11581.67,7249.848,2033.775,11397.69,8318.685,1982.074,11003.59,7170.411,2018.298,11486.83,8158.819,1974.46,10961.68
7199.183,1955.555,11581.66,7249.657,2033.775,11397.61,8318.801,1982.074,11003.42,7170.232,2018.298,11486.72,8158.825,1974.46,10961.48
7198.976,1955.555,11581.64,7249.463,2033.775,11397.53,8318.911,1982.074,11003.24,7170.055,2018.298,11486.61,8158.837,1974.46,10961.27
7198.769,1955.555,11581.62,7249.268,2033.775,11397.46,8319.041,1982.074,11003.08,7169.881,2018.298,11486.5,8158.856,1974.46,10961.06
7198.563,1955.555,11581.58,7249.069,2033.775,11397.4,8319.165,1982.074,11002.91,7169.709,2018.298,11486.38,8158.882,1974.46,10960.85
7198.358,1955.555,11581.55,7248.869,2033.775,11397.34,8319.298,1982.074,11002.75,7169.541,2018.298,11486.26,8158.915,1974.46,10960.65
7198.154,1955.555,11581.51,7248.667,2033.775,11397.29,8319.425,1982.074,11002.59,7169.375,2018.298,11486.13,8158.955,1974.46,10960.44
7197.951,1955.555,11581.46,7248.463,2033.775,11397.25,8319.55,1982.074,11002.42,7169.213,2018.298,11486,8159.001,1974.46,10960.24
7197.75,1955.555,11581.41,7248.258,2033.775,11397.21,8319.67,1982.074,11002.25,7169.055,2018.298,11485.87,8159.054,1974.46,10960.04
7197.549,1955.555,11581.35,7248.052,2033.775,11397.18,8319.799,1982.074,11002.09,7168.9,2018.298,11485.73,8159.113,1974.46,10959.84
7197.351,1955.555,11581.28,7247.845,2033.775,11397.15,8319.922,1982.074,11001.92,7168.749,2018.298,11485.58,8159.179,1974.46,10959.64
7197.154,1955.555,11581.21,7247.638,2033.775,11397.13,8320.039,1982.074,11001.75,7168.601,2018.298,11485.43,8159.251,1974.46,10959.45
7196.959,1955.555,11581.14,7247.43,2033.775,11397.12,8320.167,1982.074,11001.58,7168.458,2018.298,11485.28,8159.33,1974.46,10959.25
7196.767,1955.555,11581.06,7247.221,2033.775,11397.12,8320.289,1982.074,11001.41,7168.319,2018.298,11485.13,8159.415,1974.46,10959.06
7196.576,1955.555,11580.98,7247.013,2033.775,11397.12,8320.405,1982.074,11001.24,7168.184,2018.298,11484.97,8159.506,1974.46,10958.88
7196.387,1955.555,11580.89,7246.805,2033.775,11397.13,8320.519,1982.074,11001.07,7168.054,2018.298,11484.81,8159.604,1974.46,10958.69
7196.196,1955.555,11580.81,7246.596,2033.775,11397.13,8320.638,1982.074,11000.89,7167.919,2018.298,11484.65,8159.695,1974.46,10958.5
7196.003,1955.555,11580.73,7246.388,2033.775,11397.13,8320.762,1982.074,11000.73,7167.78,2018.298,11484.49,8159.78,1974.46,10958.31
7195.809,1955.555,11580.65,7246.18,2033.775,11397.11,8320.892,1982.074,11000.56,7167.637,2018.298,11484.34,8159.858,1974.46,10958.12
7195.612,1955.555,11580.58,7245.972,2033.775,11397.1,8321.026,1982.074,11000.41,7167.489,2018.298,11484.19,8159.931,1974.46,10957.92
7195.414,1955.555,11580.52,7245.765,2033.775,11397.07,8321.166,1982.074,11000.25,7167.338,2018.298,11484.05,8159.997,1974.46,10957.73
7195.214,1955.555,11580.46,7245.559,2033.775,11397.04,8321.311,1982.074,11000.1,7167.183,2018.298,11483.91,8160.056,1974.46,10957.53
7195.013,1955.555,11580.41,7245.354,2033.775,11397,8321.46,1982.074,10999.96,7167.024,2018.298,11483.78,8160.109,1974.46,10957.33
7194.81,1955.555,11580.36,7245.15,2033.775,11396.96,8321.614,1982.074,10999.82,7166.862,2018.298,11483.64,8160.155,1974.46,10957.12
7194.606,1955.555,11580.32,7244.948,2033.775,11396.91,8321.773,1982.074,10999.68,7166.697,2018.298,11483.52,8160.195,1974.46,10956.92
7194.401,1955.555,11580.28,7244.748,2033.775,11396.85,8321.937,1982.074,10999.55,7166.528,2018.298,11483.4,8160.228,1974.46,10956.71
7194.195,1955.555,11580.25,7244.55,2033.775,11396.78,8322.104,1982.074,10999.43,7166.357,2018.298,11483.28,8160.254,1974.46,10956.51
7193.988,1955.555,11580.23,7244.354,2033.775,11396.71,8322.274,1982.074,10999.31,7166.183,2018.298,11483.16,8160.273,1974.46,10956.3
7193.781,1955.555,11580.21,7244.16,2033.775,11396.64,8322.449,1982.074,10999.2,7166.005,2018.298,11483.05,8160.286,1974.46,10956.09
7193.573,1955.555,11580.19,7243.969,2033.775,11396.55,8322.628,1982.074,10999.09,7165.826,2018.298,11482.95,8160.292,1974.46,10955.88
7193.365,1955.555,11580.18,7243.78,2033.775,11396.46,8322.81,1982.074,10998.99,7165.644,2018.298,11482.85,8160.291,1974.46,10955.68
7193.156,1955.555,11580.18,7243.595,2033.775,11396.37,8322.995,1982.074,10998.89,7165.459,2018.298,11482.75,8160.283,1974.46,10955.47
7192.948,1955.555,11580.18,7243.413,2033.775,11396.27,8323.184,1982.074,10998.8,7165.273,2018.298,11482.66,8160.269,1974.46,10955.26
7192.74,1955.555,11580.19,7243.234,2033.775,11396.16,8323.375,1982.074,10998.72,7165.085,2018.298,11482.57,8160.247,1974.46,10955.05
7192.532,1955.555,11580.2,7243.059,2033.775,11396.05,8323.568,1982.074,10998.65,7164.896,2018.298,11482.48,8160.219,1974.46,10954.85
7192.324,1955.555,11580.22,7242.887,2033.775,11395.93,8323.765,1982.074,10998.58,7164.704,2018.298,11482.4,8160.184,1974.46,10954.64
7192.118,1955.555,11580.25,7242.72,2033.775,11395.81,8323.963,1982.074,10998.51,7164.511,2018.298,11482.32,8160.142,1974.46,10954.44
7191.912,1955.555,11580.28,7242.556,2033.775,11395.68,8324.163,1982.074,10998.45,7164.317,2018.298,11482.24,8160.094,1974.46,10954.23
7191.707,1955.555,11580.32,7242.397,2033.775,11395.54,8324.365,1982.074,10998.4,7164.121,2018.298,11482.17,8160.039,1974.46,10954.03
7191.502,1955.555,11580.36,7242.242,2033.775,11395.4,8324.568,1982.074,10998.36,7163.924,2018.298,11482.1,8159.978,1974.46,10953.83
7191.3,1955.555,11580.41,7242.092,2033.775,11395.26,8324.773,1982.074,10998.32,7163.727,2018.298,11482.04,8159.91,1974.46,10953.64
7191.099,1955.555,11580.46,7241.947,2033.775,11395.11,8324.979,1982.074,10998.29,7163.528,2018.298,11481.98,8159.835,1974.46,10953.44
7190.899,1955.555,11580.52,7241.806,2033.775,11394.96,8325.187,1982.074,10998.27,7163.328,2018.298,11481.92,8159.755,1974.46,10953.25
7190.701,1955.555,11580.59,7241.671,2033.775,11394.8,8325.395,1982.074,10998.25,7163.128,2018.298,11481.86,8159.668,1974.46,10953.06
7190.505,1955.555,11580.66,7241.541,2033.775,11394.63,8325.603,1982.074,10998.24,7162.927,2018.298,11481.81,8159.575,1974.46,10952.87
7190.312,1955.555,11580.73,7241.416,2033.775,11394.47,8325.811,1982.074,10998.23,7162.725,2018.298,11481.75,8159.476,1974.46,10952.69
7190.12,1955.555,11580.81,7241.297,2033.775,11394.3,8326.019,1982.074,10998.24,7162.523,2018.298,11481.7,8159.371,1974.46,10952.51
7189.93,1955.555,11580.9,7241.183,2033.775,11394.12,8326.227,1982.074,10998.25,7162.32,2018.298,11481.66,8159.26,1974.46,10952.33
7189.743,1955.555,11580.99,7241.075,2033.775,11393.94,8326.435,1982.074,10998.26,7162.117,2018.298,11481.61,8159.144,1974.46,10952.16
7189.559,1955.555,11581.09,7240.973,2033.775,11393.76,8326.642,1982.074,10998.29,7161.914,2018.298,11481.57,8159.021,1974.46,10951.99
7189.377,1955.555,11581.19,7240.877,2033.775,11393.58,8326.848,1982.074,10998.32,7161.709,2018.298,11481.52,8158.894,1974.46,10951.83
7189.199,1955.555,11581.3,7240.787,2033.775,11393.39,8327.055,1982.074,10998.34,7161.505,2018.298,11481.48,8158.761,1974.46,10951.67
7189.023,1955.555,11581.41,7240.703,2033.775,11393.2,8327.263,1982.074,10998.36,7161.301,2018.298,11481.45,8158.634,1974.46,10951.5
7188.851,1955.555,11581.53,7240.625,2033.775,11393.01,8327.471,1982.074,10998.37,7161.096,2018.298,11481.41,8158.512,1974.46,10951.33
7188.682,1955.555,11581.65,7240.554,2033.775,11392.81,8327.679,1982.074,10998.37,7160.891,2018.298,11481.37,8158.396,1974.46,10951.16
7188.516,1955.555,11581.78,7240.489,2033.775,11392.61,8327.887,1982.074,10998.37,7160.686,2018.298,11481.34,8158.285,1974.46,10950.98
7188.354,1955.555,11581.91,7240.43,2033.775,11392.41,8328.095,1982.074,10998.36,7160.48,2018.298,11481.3,8158.18,1974.46,10950.8
7188.195,1955.555,11582.04,7240.378,2033.775,11392.21,8328.303,1982.074,10998.34,7160.275,2018.298,11481.27,8158.081,1974.46,10950.62
7188.041,1955.555,11582.18,7240.332,2033.775,11392.01,8328.51,1982.074,10998.32,7160.069,2018.298,11481.24,8157.988,1974.46,10950.43
7187.89,1955.555,11582.33,7240.293,2033.775,11391.8,8328.716,1982.074,10998.29,7159.863,2018.298,11481.21,8157.901,1974.46,10950.24
7187.743,1955.555,11582.47,7240.261,2033.775,11391.6,8328.921,1982.074,10998.25,7159.657,2018.298,11481.17,8157.82,1974.46,10950.05
7187.6,1955.555,11582.62,7240.235,2033.775,11391.39,8329.125,1982.074,10998.21,7159.451,2018.298,11481.14,8157.746,1974.46,10949.86
7187.461,1955.555,11582.78,7240.216,2033.775,11391.18,8329.327,1982.074,10998.16,7159.245,2018.298,11481.12,8157.678,1974.46,10949.66
7187.326,1955.555,11582.94,7240.204,2033.775,11390.97,8329.527,1982.074,10998.1,7159.039,2018.298,11481.09,8157.617,1974.46,10949.46
7187.196,1955.555,11583.1,7240.198,2033.775,11390.77,8329.726,1982.074,10998.04,7158.833,2018.298,11481.06,8157.563,1974.46,10949.26
7187.07,1955.555,11583.27,7240.199,2033.775,11390.56,8329.922,1982.074,10997.97,7158.626,2018.298,11481.03,8157.514,1974.46,10949.06
7186.948,1955.555,11583.44,7240.207,2033.775,11390.35,8330.115,1982.074,10997.89,7158.419,2018.298,11481,8157.473,1974.46,10948.85
7186.831,1955.555,11583.61,7240.221,2033.775,11390.14,8330.307,1982.074,10997.81,7158.213,2018.298,11480.98,8157.438,1974.46,10948.65
7186.718,1955.555,11583.78,7240.242,2033.775,11389.93,8330.495,1982.074,10997.72,7158.006,2018.298,11480.95,8157.41,1974.46,10948.44
7186.61,1955.555,11583.96,7240.27,2033.775,11389.73,8330.681,1982.074,10997.62,7157.8,2018.298,11480.93,8157.389,1974.46,10948.23
7186.507,1955.555,11584.14,7240.304,2033.775,11389.52,8330.863,1982.074,10997.52,7157.593,2018.298,11480.9,8157.375,1974.46,10948.03
7186.408,1955.555,11584.32,7240.345,2033.775,11389.32,8331.042,1982.074,10997.41,7157.387,2018.298,11480.88,8157.367,1974.46,10947.82
7186.313,1955.555,11584.51,7240.392,2033.775,11389.12,8331.217,1982.074,10997.3,7157.18,2018.298,11480.85,8157.366,1974.46,10947.61
7186.224,1955.555,11584.7,7240.446,2033.775,11388.92,8331.388,1982.074,10997.18,7156.974,2018.298,11480.83,8157.372,1974.46,10947.4
7186.139,1955.555,11584.89,7240.506,2033.775,11388.72,8331.555,1982.074,10997.06,7156.767,2018.298,11480.8,8157.384,1974.46,10947.19
7186.058,1955.555,11585.08,7240.572,2033.775,11388.52,8331.718,1982.074,10996.93,7156.561,2018.298,11480.78,8157.404,1974.46,10946.99
7185.982,1955.555,11585.28,7240.645,2033.775,11388.32,8331.877,1982.074,10996.79,7156.354,2018.298,11480.75,8157.43,1974.46,10946.78
7185.913,1955.555,11585.47,7240.723,2033.775,11388.13,8332.031,1982.074,10996.65,7156.147,2018.298,11480.72,8157.463,1974.46,10946.57
7185.85,1955.555,11585.67,7240.808,2033.775,11387.94,8332.181,1982.074,10996.51,7155.942,2018.298,11480.68,8157.503,1974.46,10946.37
7185.793,1955.555,11585.87,7240.899,2033.775,11387.75,8332.325,1982.074,10996.36,7155.739,2018.298,11480.64,8157.55,1974.46,10946.17
7185.744,1955.555,11586.07,7240.997,2033.775,11387.57,8332.465,1982.074,10996.21,7155.537,2018.298,11480.59,8157.603,1974.46,10945.97
7185.701,1955.555,11586.28,7241.1,2033.775,11387.39,8332.6,1982.074,10996.05,7155.336,2018.298,11480.53,8157.663,1974.46,10945.77
7185.664,1955.555,11586.48,7241.208,2033.775,11387.21,8332.729,1982.074,10995.88,7155.138,2018.298,11480.46,8157.729,1974.46,10945.57
7185.634,1955.555,11586.69,7241.323,2033.775,11387.04,8332.855,1982.074,10995.72,7154.942,2018.298,11480.39,8157.802,1974.46,10945.37
7185.611,1955.555,11586.89,7241.444,2033.775,11386.87,8332.976,1982.074,10995.55,7154.749,2018.298,11480.32,8157.881,1974.46,10945.18
7185.595,1955.555,11587.1,7241.57,2033.775,11386.7,8333.091,1982.074,10995.37,7154.558,2018.298,11480.23,8157.966,1974.46,10944.99
7185.586,1955.555,11587.31,7241.701,2033.775,11386.54,8333.2,1982.074,10995.2,7154.37,2018.298,11480.14,8158.058,1974.46,10944.8
7185.583,1955.555,11587.52,7241.838,2033.775,11386.38,8333.304,1982.074,10995.02,7154.185,2018.298,11480.05,8158.155,1974.46,10944.62
7185.588,1955.555,11587.73,7241.979,2033.775,11386.23,8333.413,1982.074,10994.84,7154.003,2018.298,11479.95,8158.259,1974.46,10944.44
7185.599,1955.555,11587.93,7242.126,2033.775,11386.08,8333.517,1982.074,10994.66,7153.825,2018.298,11479.84,8158.368,1974.46,10944.26
7185.617,1955.555,11588.14,7242.277,2033.775,11385.94,8333.595,1982.074,10994.46,7153.65,2018.298,11479.73,8158.483,1974.46,10944.09
7185.642,1955.555,11588.35,7242.433,2033.775,11385.8,8333.679,1982.074,10994.27,7153.479,2018.298,11479.61,8158.604,1974.46,10943.92
7185.673,1955.555,11588.56,7242.584,2033.775,11385.65,8333.77,1982.074,10994.09,7153.313,2018.298,11479.48,8158.73,1974.46,10943.75
7185.711,1955.555,11588.76,7242.74,2033.775,11385.52,8333.866,1982.074,10993.9,7153.149,2018.298,11479.35,8158.861,1974.46,10943.59
7185.756,1955.555,11588.96,7242.9,2033.775,11385.38,8333.959,1982.074,10993.71,7152.991,2018.298,11479.22,8158.986,1974.46,10943.42
7185.807,1955.555,11589.17,7243.064,2033.775,11385.25,8334.058,1982.074,10993.53,7152.837,2018.298,11479.08,8159.093,1974.46,10943.24
7185.865,1955.555,11589.37,7243.233,2033.775,11385.13,8334.162,1982.074,10993.35,7152.688,2018.298,11478.93,8159.206,1974.46,10943.07
7185.93,1955.555,11589.56,7243.404,2033.775,11385.01,8334.281,1982.074,10993.18,7152.543,2018.298,11478.78,8159.324,1974.46,10942.9
7186,1955.555,11589.76,7243.585,2033.775,11384.91,8334.406,1982.074,10993.01,7152.403,2018.298,11478.63,8159.448,1974.46,10942.73
7186.078,1955.555,11589.95,7243.763,2033.775,11384.8,8334.526,1982.074,10992.84,7152.269,2018.298,11478.47,8159.578,1974.46,10942.57
7186.161,1955.555,11590.14,7243.937,2033.775,11384.68,8334.657,1982.074,10992.68,7152.14,2018.298,11478.3,8159.712,1974.46,10942.41
7186.251,1955.555,11590.33,7244.106,2033.775,11384.56,8334.782,1982.074,10992.51,7152.017,2018.298,11478.14,8159.838,1974.46,10942.24
7186.347,1955.555,11590.52,7244.281,2033.775,11384.45,8334.91,1982.074,10992.35,7151.898,2018.298,11477.96,8159.968,1974.46,10942.08
7186.449,1955.555,11590.7,7244.451,2033.775,11384.33,8335.032,1982.074,10992.18,7151.786,2018.298,11477.79,8160.103,1974.46,10941.92
7186.557,1955.555,11590.88,7244.63,2033.775,11384.22,8335.148,1982.074,10992.01,7151.68,2018.298,11477.61,8160.213,1974.46,10941.74
7186.67,1955.555,11591.05,7244.806,2033.775,11384.11,8335.264,1982.074,10991.83,7151.579,2018.298,11477.43,8160.329,1974.46,10941.57
7186.79,1955.555,11591.22,7244.989,2033.775,11384.01,8335.373,1982.074,10991.66,7151.484,2018.298,11477.24,8160.451,1974.46,10941.4
7186.915,1955.555,11591.39,7245.168,2033.775,11383.9,8335.502,1982.074,10991.49,7151.396,2018.298,11477.05,8160.578,1974.46,10941.23
7187.045,1955.555,11591.55,7245.344,2033.775,11383.79,8335.626,1982.074,10991.32,7151.313,2018.298,11476.86,8160.71,1974.46,10941.07
7187.18,1955.555,11591.71,7245.522,2033.775,11383.68,8335.755,1982.074,10991.16,7151.237,2018.298,11476.67,8160.841,1974.46,10940.91
7187.321,1955.555,11591.86,7245.698,2033.775,11383.57,8335.878,1982.074,10990.99,7151.167,2018.298,11476.47,8160.978,1974.46,10940.75
7187.466,1955.555,11592.01,7245.869,2033.775,11383.45,8335.996,1982.074,10990.82,7151.104,2018.298,11476.27,8161.109,1974.46,10940.59
7187.617,1955.555,11592.16,7246.037,2033.775,11383.33,8336.115,1982.074,10990.65,7151.047,2018.298,11476.07,8161.245,1974.46,10940.43
7187.771,1955.555,11592.3,7246.2,2033.775,11383.2,8336.229,1982.074,10990.47,7150.997,2018.298,11475.87,8161.376,1974.46,10940.27
7187.931,1955.555,11592.43,7246.359,2033.775,11383.06,8336.336,1982.074,10990.29,7150.954,2018.298,11475.67,8161.509,1974.46,10940.11
7188.094,1955.555,11592.56,7246.522,2033.775,11382.94,8336.444,1982.074,10990.12,7150.917,2018.298,11475.46,8161.647,1974.46,10939.96
7188.262,1955.555,11592.68,7246.69,2033.775,11382.81,8336.578,1982.074,10989.96,7150.887,2018.298,11475.26,8161.794,1974.46,10939.81
7188.434,1955.555,11592.8,7246.854,2033.775,11382.68,8336.706,1982.074,10989.79,7150.863,2018.298,11475.05,8161.953,1974.46,10939.67
7188.61,1955.555,11592.91,7247.011,2033.775,11382.55,8336.84,1982.074,10989.63,7150.847,2018.298,11474.84,8162.107,1974.46,10939.53
7188.789,1955.555,11593.02,7247.172,2033.775,11382.41,8336.968,1982.074,10989.47,7150.837,2018.298,11474.63,8162.256,1974.46,10939.39
7188.972,1955.555,11593.12,7247.338,2033.775,11382.29,8337.091,1982.074,10989.3,7150.834,2018.298,11474.42,8162.401,1974.46,10939.24
7189.157,1955.555,11593.22,7247.508,2033.775,11382.17,8337.208,1982.074,10989.13,7150.838,2018.298,11474.22,8162.541,1974.46,10939.08
7189.346,1955.555,11593.3,7247.674,2033.775,11382.04,8337.335,1982.074,10988.96,7150.849,2018.298,11474.01,8162.685,1974.46,10938.93
7189.537,1955.555,11593.39,7247.844,2033.775,11381.92,8337.456,1982.074,10988.79,7150.866,2018.298,11473.8,8162.823,1974.46,10938.78
7189.731,1955.555,11593.46,7248.01,2033.775,11381.8,8337.572,1982.074,10988.62,7150.891,2018.298,11473.59,8162.963,1974.46,10938.63
7189.927,1955.555,11593.53,7248.156,2033.775,11381.65,8337.693,1982.074,10988.45,7150.922,2018.298,11473.39,8163.099,1974.46,10938.47
7190.126,1955.555,11593.59,7248.307,2033.775,11381.5,8337.809,1982.074,10988.28,7150.959,2018.298,11473.18,8163.228,1974.46,10938.3
7190.327,1955.555,11593.65,7248.463,2033.775,11381.37,8337.923,1982.074,10988.1,7151.004,2018.298,11472.98,8163.363,1974.46,10938.14
7190.529,1955.555,11593.7,7248.623,2033.775,11381.23,8338.052,1982.074,10987.94,7151.055,2018.298,11472.78,8163.483,1974.46,10937.97
7190.732,1955.555,11593.74,7248.787,2033.775,11381.1,8338.176,1982.074,10987.77,7151.113,2018.298,11472.58,8163.598,1974.46,10937.8
7190.938,1955.555,11593.78,7248.944,2033.775,11380.97,8338.294,1982.074,10987.6,7151.177,2018.298,11472.38,8163.719,1974.46,10937.63
7191.144,1955.555,11593.81,7249.099,2033.775,11380.83,8338.424,1982.074,10987.44,7151.248,2018.298,11472.18,8163.846,1974.46,10937.46
7191.351,1955.555,11593.83,7249.253,2033.775,11380.69,8338.548,1982.074,10987.27,7151.313,2018.298,11471.98,8163.978,1974.46,10937.3
7191.558,1955.555,11593.85,7249.407,2033.775,11380.55,8338.667,1982.074,10987.1,7151.371,2018.298,11471.78,8164.112,1974.46,10937.14
7191.766,1955.555,11593.86,7249.562,2033.775,11380.41,8338.78,1982.074,10986.92,7151.422,2018.298,11471.58,8164.251,1974.46,10936.99
7191.975,1955.555,11593.86,7249.717,2033.775,11380.27,8338.888,1982.074,10986.75,7151.468,2018.298,11471.38,8164.405,1974.46,10936.85
7192.183,1955.555,11593.86,7249.872,2033.775,11380.13,8338.997,1982.074,10986.57,7151.506,2018.298,11471.17,8164.553,1974.46,10936.7
7192.391,1955.555,11593.85,7250.026,2033.775,11379.99,8339.112,1982.074,10986.39,7151.539,2018.298,11470.97,8164.713,1974.46,10936.57
7192.599,1955.555,11593.83,7250.17,2033.775,11379.84,8339.223,1982.074,10986.22,7151.577,2018.298,11470.76,8164.874,1974.46,10936.44
7192.806,1955.555,11593.8,7250.319,2033.775,11379.69,8339.352,1982.074,10986.05,7151.623,2018.298,11470.56,8165.033,1974.46,10936.3
7193.012,1955.555,11593.77,7250.472,2033.775,11379.55,8339.476,1982.074,10985.89,7151.675,2018.298,11470.36,8165.188,1974.46,10936.16
7193.216,1955.555,11593.74,7250.63,2033.775,11379.42,8339.594,1982.074,10985.72,7151.733,2018.298,11470.16,8165.338,1974.46,10936.02
7193.42,1955.555,11593.69,7250.792,2033.775,11379.29,8339.726,1982.074,10985.56,7151.798,2018.298,11469.96,8165.483,1974.46,10935.87
7193.622,1955.555,11593.64,7250.959,2033.775,11379.16,8339.852,1982.074,10985.39,7151.87,2018.298,11469.76,8165.627,1974.46,10935.72
7193.822,1955.555,11593.58,7251.121,2033.775,11379.03,8339.975,1982.074,10985.22,7151.948,2018.298,11469.57,8165.767,1974.46,10935.56
7194.02,1955.555,11593.52,7251.279,2033.775,11378.89,8340.092,1982.074,10985.05,7152.033,2018.298,11469.38,8165.902,1974.46,10935.41
7194.216,1955.555,11593.45,7251.441,2033.775,11378.76,8340.203,1982.074,10984.87,7152.123,2018.298,11469.19,8166.018,1974.46,10935.23
7194.409,1955.555,11593.37,7251.583,2033.775,11378.61,8340.313,1982.074,10984.7,7152.22,2018.298,11469.01,8166.14,1974.46,10935.06
7194.6,1955.555,11593.28,7251.73,2033.775,11378.46,8340.416,1982.074,10984.52,7152.322,2018.298,11468.83,8166.268,1974.46,10934.9
7194.788,1955.555,11593.19,7251.877,2033.775,11378.32,8340.536,1982.074,10984.35,7152.431,2018.298,11468.65,8166.395,1974.46,10934.73
7194.973,1955.555,11593.1,7252.028,2033.775,11378.17,8340.65,1982.074,10984.17,7152.545,2018.298,11468.47,8166.527,1974.46,10934.57
7195.155,1955.555,11593,7252.185,2033.775,11378.04,8340.76,1982.074,10984,7152.665,2018.298,11468.3,8166.665,1974.46,10934.42
7195.333,1955.555,11592.89,7252.345,2033.775,11377.9,8340.862,1982.074,10983.81,7152.79,2018.298,11468.14,8166.806,1974.46,10934.26
7195.508,1955.555,11592.78,7252.51,2033.775,11377.78,8340.972,1982.074,10983.64,7152.921,2018.298,11467.98,8166.941,1974.46,10934.1
7195.679,1955.555,11592.66,7252.662,2033.775,11377.63,8341.074,1982.074,10983.46,7153.057,2018.298,11467.82,8167.072,1974.46,10933.94
7195.846,1955.555,11592.53,7252.818,2033.775,11377.5,8341.156,1982.074,10983.26,7153.198,2018.298,11467.66,8167.208,1974.46,10933.78
7196.019,1955.555,11592.42,7252.979,2033.775,11377.36,8341.244,1982.074,10983.08,7153.344,2018.298,11467.52,8167.359,1974.46,10933.64
7196.188,1955.555,11592.29,7253.138,2033.775,11377.23,8341.338,1982.074,10982.89,7153.495,2018.298,11467.37,8167.506,1974.46,10933.49
7196.352,1955.555,11592.17,7253.292,2033.775,11377.09,8341.426,1982.074,10982.7,7153.65,2018.298,11467.23,8167.65,1974.46,10933.34
7196.515,1955.555,11592.04,7253.451,2033.775,11376.96,8341.52,1982.074,10982.52,7153.81,2018.298,11467.1,8167.792,1974.46,10933.19
7196.684,1955.555,11591.91,7253.607,2033.775,11376.82,8341.615,1982.074,10982.33,7153.967,2018.298,11466.96,8167.941,1974.46,10933.04
7196.848,1955.555,11591.79,7253.765,2033.775,11376.68,8341.717,1982.074,10982.15,7154.127,2018.298,11466.83,8168.096,1974.46,10932.91
7197.008,1955.555,11591.65,7253.926,2033.775,11376.55,8341.824,1982.074,10981.97,7154.291,2018.298,11466.7,8168.246,1974.46,10932.76
7197.171,1955.555,11591.52,7254.091,2033.775,11376.42,8341.926,1982.074,10981.79,7154.458,2018.298,11466.58,8168.391,1974.46,10932.61
7197.334,1955.555,11591.39,7254.26,2033.775,11376.3,8342.033,1982.074,10981.61,7154.632,2018.298,11466.46,8168.536,1974.46,10932.46
7197.492,1955.555,11591.26,7254.43,2033.775,11376.18,8342.147,1982.074,10981.43,7154.801,2018.298,11466.34,8168.695,1974.46,10932.33
7197.646,1955.555,11591.12,7254.595,2033.775,11376.05,8342.256,1982.074,10981.26,7154.967,2018.298,11466.21,8168.85,1974.46,10932.19
7197.804,1955.555,11590.98,7254.765,2033.775,11375.93,8342.358,1982.074,10981.08,7155.128,2018.298,11466.08,8169,1974.46,10932.04
7197.957,1955.555,11590.84,7254.93,2033.775,11375.81,8342.467,1982.074,10980.9,7155.293,2018.298,11465.96,8169.146,1974.46,10931.89
7198.115,1955.555,11590.7,7255.1,2033.775,11375.69,8342.569,1982.074,10980.72,7155.471,2018.298,11465.85,8169.29,1974.46,10931.74
7198.269,1955.555,11590.56,7255.28,2033.775,11375.58,8342.678,1982.074,10980.54,7155.651,2018.298,11465.74,8169.428,1974.46,10931.59
7198.415,1955.555,11590.42,7255.457,2033.775,11375.47,8342.78,1982.074,10980.36,7155.829,2018.298,11465.63,8169.569,1974.46,10931.44
7198.565,1955.555,11590.27,7255.629,2033.775,11375.35,8342.878,1982.074,10980.18,7156.004,2018.298,11465.52,8169.705,1974.46,10931.28
7198.708,1955.555,11590.12,7255.798,2033.775,11375.23,8342.981,1982.074,10980,7156.176,2018.298,11465.4,8169.846,1974.46,10931.13
7198.853,1955.555,11589.97,7255.963,2033.775,11375.11,8343.091,1982.074,10979.82,7156.354,2018.298,11465.29,8169.992,1974.46,10930.98
7199.003,1955.555,11589.83,7256.129,2033.775,11374.98,8343.218,1982.074,10979.65,7156.527,2018.298,11465.18,8170.133,1974.46,10930.82
7199.157,1955.555,11589.69,7256.297,2033.775,11374.86,8343.34,1982.074,10979.48,7156.699,2018.298,11465.06,8170.275,1974.46,10930.67
7199.289,1955.555,11589.53,7256.46,2033.775,11374.73,8343.456,1982.074,10979.31,7156.875,2018.298,11464.95,8170.42,1974.46,10930.52
7199.424,1955.555,11589.37,7256.628,2033.775,11374.6,8343.566,1982.074,10979.13,7157.058,2018.298,11464.85,8170.56,1974.46,10930.37
7199.564,1955.555,11589.21,7256.792,2033.775,11374.47,8343.671,1982.074,10978.96,7157.237,2018.298,11464.75,8170.695,1974.46,10930.21
7199.709,1955.555,11589.06,7256.959,2033.775,11374.35,8343.779,1982.074,10978.78,7157.414,2018.298,11464.64,8170.814,1974.46,10930.04
7199.859,1955.555,11588.92,7257.138,2033.775,11374.24,8343.908,1982.074,10978.61,7157.588,2018.298,11464.52,8170.939,1974.46,10929.87
7199.991,1955.555,11588.76,7257.313,2033.775,11374.13,8344.032,1982.074,10978.45,7157.769,2018.298,11464.42,8171.069,1974.46,10929.71
7200.127,1955.555,11588.6,7257.484,2033.775,11374.01,8344.15,1982.074,10978.27,7157.947,2018.298,11464.31,8171.182,1974.46,10929.53
7200.27,1955.555,11588.45,7257.652,2033.775,11373.89,8344.281,1982.074,10978.11,7158.128,2018.298,11464.21,8171.3,1974.46,10929.36
7200.417,1955.555,11588.3,7257.828,2033.775,11373.78,8344.406,1982.074,10977.95,7158.311,2018.298,11464.11,8171.41,1974.46,10929.18
7200.558,1955.555,11588.15,7258,2033.775,11373.66,8344.525,1982.074,10977.77,7158.491,2018.298,11464,8171.522,1974.46,10929.01
7200.693,1955.555,11587.99,7258.174,2033.775,11373.54,8344.658,1982.074,10977.61,7158.668,2018.298,11463.89,8171.641,1974.46,10928.84
7200.833,1955.555,11587.83,7258.356,2033.775,11373.44,8344.785,1982.074,10977.45,7158.841,2018.298,11463.78,8171.764,1974.46,10928.67
7200.979,1955.555,11587.68,7258.535,2033.775,11373.33,8344.907,1982.074,10977.28,7159.01,2018.298,11463.65,8171.878,1974.46,10928.5
7201.129,1955.555,11587.54,7258.71,2033.775,11373.22,8345.036,1982.074,10977.12,7159.183,2018.298,11463.54,8171.998,1974.46,10928.32
7201.284,1955.555,11587.4,7258.885,2033.775,11373.11,8345.167,1982.074,10976.95,7159.353,2018.298,11463.42,8172.112,1974.46,10928.15
7201.438,1955.555,11587.26,7259.057,2033.775,11372.99,8345.293,1982.074,10976.79,7159.518,2018.298,11463.29,8172.232,1974.46,10927.98
7201.597,1955.555,11587.13,7259.224,2033.775,11372.87,8345.413,1982.074,10976.62,7159.679,2018.298,11463.16,8172.346,1974.46,10927.81
7201.752,1955.555,11586.99,7259.388,2033.775,11372.74,8345.533,1982.074,10976.45,7159.823,2018.298,11463.01,8172.465,1974.46,10927.63
7201.906,1955.555,11586.85,7259.536,2033.775,11372.59,8345.647,1982.074,10976.27,7159.972,2018.298,11462.86,8172.578,1974.46,10927.46
7202.063,1955.555,11586.71,7259.688,2033.775,11372.45,8345.773,1982.074,10976.11,7160.125,2018.298,11462.72,8172.697,1974.46,10927.29
7202.234,1955.555,11586.59,7259.833,2033.775,11372.3,8345.897,1982.074,10975.94,7160.275,2018.298,11462.58,8172.82,1974.46,10927.12
7202.401,1955.555,11586.47,7259.982,2033.775,11372.16,8346.017,1982.074,10975.77,7160.42,2018.298,11462.43,8172.929,1974.46,10926.94
7202.575,1955.555,11586.35,7260.133,2033.775,11372.01,8346.13,1982.074,10975.59,7160.569,2018.298,11462.28,8173.044,1974.46,10926.77
7202.746,1955.555,11586.23,7260.282,2033.775,11371.87,8346.237,1982.074,10975.42,7160.723,2018.298,11462.14,8173.165,1974.46,10926.6
7202.913,1955.555,11586.11,7260.437,2033.775,11371.73,8346.341,1982.074,10975.24,7160.881,2018.298,11462.01,8173.292,1974.46,10926.43
7203.08,1955.555,11585.98,7260.595,2033.775,11371.59,8346.45,1982.074,10975.06,7161.028,2018.298,11461.86,8173.404,1974.46,10926.26
7203.242,1955.555,11585.85,7260.75,2033.775,11371.45,8346.573,1982.074,10974.89,7161.179,2018.298,11461.72,8173.523,1974.46,10926.09
7203.419,1955.555,11585.74,7260.909,2033.775,11371.32,8346.703,1982.074,10974.73,7161.333,2018.298,11461.58,8173.647,1974.46,10925.92
7203.592,1955.555,11585.63,7261.052,2033.775,11371.17,8346.828,1982.074,10974.56,7161.491,2018.298,11461.44,8173.767,1974.46,10925.75
7203.77,1955.555,11585.52,7261.2,2033.775,11371.02,8346.947,1982.074,10974.39,7161.645,2018.298,11461.3,8173.888,1974.46,10925.58
7203.943,1955.555,11585.4,7261.353,2033.775,11370.88,8347.069,1982.074,10974.22,7161.803,2018.298,11461.16,8174.015,1974.46,10925.42
7204.113,1955.555,11585.28,7261.495,2033.775,11370.72,8347.187,1982.074,10974.05,7161.955,2018.298,11461.02,8174.147,1974.46,10925.26
7204.278,1955.555,11585.15,7261.642,2033.775,11370.58,8347.298,1982.074,10973.87,7162.111,2018.298,11460.88,8174.285,1974.46,10925.1
7204.447,1955.555,11585.03,7261.793,2033.775,11370.43,8347.406,1982.074,10973.69,7162.271,2018.298,11460.75,8174.435,1974.46,10924.96
7204.611,1955.555,11584.9,7261.95,2033.775,11370.3,8347.532,1982.074,10973.53,7162.437,2018.298,11460.62,8174.58,1974.46,10924.81
7204.771,1955.555,11584.77,7262.095,2033.775,11370.15,8347.655,1982.074,10973.36,7162.605,2018.298,11460.5,8174.736,1974.46,10924.67
7204.927,1955.555,11584.63,7262.246,2033.775,11370,8347.779,1982.074,10973.19,7162.771,2018.298,11460.37,8174.888,1974.46,10924.53
7205.087,1955.555,11584.5,7262.4,2033.775,11369.86,8347.897,1982.074,10973.02,7162.927,2018.298,11460.24,8175.036,1974.46,10924.38
7205.243,1955.555,11584.36,7262.56,2033.775,11369.73,8348.017,1982.074,10972.85,7163.087,2018.298,11460.1,8175.188,1974.46,10924.24
7205.403,1955.555,11584.22,7262.718,2033.775,11369.59,8348.13,1982.074,10972.68,7163.25,2018.298,11459.97,8175.345,1974.46,10924.1
7205.568,1955.555,11584.1,7262.88,2033.775,11369.46,8348.259,1982.074,10972.51,7163.416,2018.298,11459.85,8175.498,1974.46,10923.96
7205.733,1955.555,11583.97,7263.037,2033.775,11369.33,8348.383,1982.074,10972.35,7163.588,2018.298,11459.73,8175.655,1974.46,10923.82
7205.894,1955.555,11583.84,7263.198,2033.775,11369.19,8348.501,1982.074,10972.17,7163.767,2018.298,11459.62,8175.807,1974.46,10923.68
7206.05,1955.555,11583.7,7263.363,2033.775,11369.07,8348.613,1982.074,10972,7163.941,2018.298,11459.51,8175.96,1974.46,10923.54
7206.194,1955.555,11583.55,7263.533,2033.775,11368.95,8348.736,1982.074,10971.83,7164.112,2018.298,11459.39,8176.109,1974.46,10923.39
7206.338,1955.555,11583.4,7263.715,2033.775,11368.84,8348.854,1982.074,10971.66,7164.281,2018.298,11459.27,8176.252,1974.46,10923.24
7206.47,1955.555,11583.24,7263.897,2033.775,11368.74,8348.965,1982.074,10971.48,7164.447,2018.298,11459.14,8176.391,1974.46,10923.09
7206.606,1955.555,11583.08,7264.076,2033.775,11368.64,8349.085,1982.074,10971.31,7164.608,2018.298,11459.01,8176.525,1974.46,10922.93
7206.749,1955.555,11582.93,7264.25,2033.775,11368.52,8349.2,1982.074,10971.14,7164.774,2018.298,11458.88,8176.643,1974.46,10922.75
7206.896,1955.555,11582.78,7264.434,2033.775,11368.42,8349.31,1982.074,10970.96,7164.944,2018.298,11458.76,8176.767,1974.46,10922.59
7207.047,1955.555,11582.64,7264.613,2033.775,11368.32,8349.413,1982.074,10970.78,7165.124,2018.298,11458.66,8176.896,1974.46,10922.42
7207.203,1955.555,11582.5,7264.793,2033.775,11368.21,8349.505,1982.074,10970.59,7165.299,2018.298,11458.55,8177.005,1974.46,10922.25
7207.364,1955.555,11582.37,7264.97,2033.775,11368.1,8349.576,1982.074,10970.4,7165.471,2018.298,11458.43,8177.116,1974.46,10922.07
7207.52,1955.555,11582.23,7265.151,2033.775,11368,8349.651,1982.074,10970.2,7165.639,2018.298,11458.31,8177.233,1974.46,10921.9
7207.665,1955.555,11582.08,7265.329,2033.775,11367.89,8349.733,1982.074,10970.01,7165.806,2018.298,11458.18,8177.356,1974.46,10921.73
7207.814,1955.555,11581.93,7265.509,2033.775,11367.78,8349.821,1982.074,10969.82,7165.976,2018.298,11458.06,8177.484,1974.46,10921.56
7207.947,1955.555,11581.77,7265.685,2033.775,11367.67,8349.909,1982.074,10969.63,7166.148,2018.298,11457.94,8177.617,1974.46,10921.4
7208.085,1955.555,11581.62,7265.857,2033.775,11367.56,8350.003,1982.074,10969.45,7166.316,2018.298,11457.82,8177.752,1974.46,10921.25
7208.229,1955.555,11581.46,7266.026,2033.775,11367.43,8350.104,1982.074,10969.27,7166.481,2018.298,11457.69,8177.876,1974.46,10921.08
7208.374,1955.555,11581.32,7266.202,2033.775,11367.32,8350.188,1982.074,10969.08,7166.628,2018.298,11457.54,8178.005,1974.46,10920.91
7208.524,1955.555,11581.17,7266.375,2033.775,11367.2,8350.273,1982.074,10968.89,7166.78,2018.298,11457.4,8178.139,1974.46,10920.75
7208.679,1955.555,11581.03,7266.552,2033.775,11367.09,8350.355,1982.074,10968.7,7166.927,2018.298,11457.25,8178.278,1974.46,10920.6
7208.838,1955.555,11580.9,7266.725,2033.775,11366.98,8350.443,1982.074,10968.51,7167.079,2018.298,11457.11,8178.419,1974.46,10920.45
7208.998,1955.555,11580.76,7266.897,2033.775,11366.86,8350.537,1982.074,10968.32,7167.235,2018.298,11456.97,8178.559,1974.46,10920.29
7209.159,1955.555,11580.63,7267.073,2033.775,11366.75,8350.638,1982.074,10968.14,7167.396,2018.298,11456.84,8178.709,1974.46,10920.15
7209.316,1955.555,11580.49,7267.246,2033.775,11366.63,8350.71,1982.074,10967.94,7167.561,2018.298,11456.71,8178.855,1974.46,10920
7209.478,1955.555,11580.36,7267.414,2033.775,11366.51,8350.789,1982.074,10967.75,7167.722,2018.298,11456.58,8179.015,1974.46,10919.86
7209.642,1955.555,11580.23,7267.579,2033.775,11366.38,8350.874,1982.074,10967.56,7167.88,2018.298,11456.45,8179.17,1974.46,10919.72
7209.801,1955.555,11580.1,7267.747,2033.775,11366.26,8350.966,1982.074,10967.37,7168.031,2018.298,11456.3,8179.321,1974.46,10919.58
7209.974,1955.555,11579.98,7267.927,2033.775,11366.16,8351.063,1982.074,10967.19,7168.186,2018.298,11456.16,8179.467,1974.46,10919.43
7210.143,1955.555,11579.86,7268.104,2033.775,11366.05,8351.167,1982.074,10967.01,7168.346,2018.298,11456.03,8179.623,1974.46,10919.29
7210.308,1955.555,11579.74,7268.276,2033.775,11365.93,8351.247,1982.074,10966.82,7168.51,2018.298,11455.9,8179.774,1974.46,10919.15
7210.469,1955.555,11579.6,7268.445,2033.775,11365.81,8351.333,1982.074,10966.63,7168.678,2018.298,11455.78,8179.92,1974.46,10919
7210.625,1955.555,11579.46,7268.625,2033.775,11365.7,8351.425,1982.074,10966.44,7168.842,2018.298,11455.65,8180.081,1974.46,10918.87
7210.78,1955.555,11579.33,7268.802,2033.775,11365.59,8351.498,1982.074,10966.24,7168.996,2018.298,11455.51,8180.237,1974.46,10918.73
7210.94,1955.555,11579.19,7268.986,2033.775,11365.5,8351.577,1982.074,10966.05,7169.152,2018.298,11455.37,8180.39,1974.46,10918.59
7211.119,1955.555,11579.08,7269.167,2033.775,11365.39,8351.663,1982.074,10965.86,7169.296,2018.298,11455.22,8180.546,1974.46,10918.45
7211.293,1955.555,11578.97,7269.344,2033.775,11365.28,8351.755,1982.074,10965.68,7169.444,2018.298,11455.07,8180.698,1974.46,10918.31
7211.471,1955.555,11578.86,7269.518,2033.775,11365.17,8351.853,1982.074,10965.49,7169.588,2018.298,11454.92,8180.846,1974.46,10918.16
7211.652,1955.555,11578.76,7269.689,2033.775,11365.05,8351.956,1982.074,10965.31,7169.728,2018.298,11454.77,8180.988,1974.46,10918.01
7211.836,1955.555,11578.66,7269.858,2033.775,11364.93,8352.065,1982.074,10965.13,7169.862,2018.298,11454.61,8181.125,1974.46,10917.85
7212.023,1955.555,11578.57,7270.023,2033.775,11364.8,8352.181,1982.074,10964.96,7169.991,2018.298,11454.45,8181.257,1974.46,10917.69
7212.213,1955.555,11578.48,7270.187,2033.775,11364.67,8352.302,1982.074,10964.79,7170.116,2018.298,11454.28,8181.384,1974.46,10917.53
7212.405,1955.555,11578.4,7270.348,2033.775,11364.54,8352.429,1982.074,10964.63,7170.235,2018.298,11454.11,8181.505,1974.46,10917.36
7212.599,1955.555,11578.33,7270.507,2033.775,11364.41,8352.561,1982.074,10964.46,7170.349,2018.298,11453.93,8181.621,1974.46,10917.18
7212.795,1955.555,11578.26,7270.666,2033.775,11364.27,8352.697,1982.074,10964.31,7170.457,2018.298,11453.75,8181.73,1974.46,10917.01
7212.994,1955.555,11578.2,7270.824,2033.775,11364.14,8352.84,1982.074,10964.16,7170.56,2018.298,11453.57,8181.834,1974.46,10916.83
7213.194,1955.555,11578.14,7270.98,2033.775,11364,8352.987,1982.074,10964.01,7170.656,2018.298,11453.39,8181.933,1974.46,10916.64
7213.396,1955.555,11578.09,7271.137,2033.775,11363.86,8353.139,1982.074,10963.87,7170.748,2018.298,11453.2,8182.025,1974.46,10916.46
7213.599,1955.555,11578.04,7271.293,2033.775,11363.72,8353.295,1982.074,10963.73,7170.833,2018.298,11453.01,8182.111,1974.46,10916.27
7213.803,1955.555,11578,7271.45,2033.775,11363.59,8353.456,1982.074,10963.59,7170.912,2018.298,11452.82,8182.19,1974.46,10916.08
7214.009,1955.555,11577.97,7271.606,2033.775,11363.45,8353.621,1982.074,10963.47,7170.985,2018.298,11452.62,8182.264,1974.46,10915.88
7214.215,1955.555,11577.94,7271.762,2033.775,11363.31,8353.79,1982.074,10963.35,7171.052,2018.298,11452.43,8182.331,1974.46,10915.68
7214.422,1955.555,11577.92,7271.917,2033.775,11363.17,8353.963,1982.074,10963.23,7171.112,2018.298,11452.23,8182.391,1974.46,10915.48
7214.63,1955.555,11577.9,7272.073,2033.775,11363.04,8354.14,1982.074,10963.12,7171.167,2018.298,11452.03,8182.445,1974.46,10915.28
7214.838,1955.555,11577.89,7272.229,2033.775,11362.9,8354.32,1982.074,10963.01,7171.215,2018.298,11451.82,8182.492,1974.46,10915.08
7215.046,1955.555,11577.89,7272.386,2033.775,11362.76,8354.504,1982.074,10962.92,7171.257,2018.298,11451.62,8182.533,1974.46,10914.88
7215.255,1955.555,11577.89,7272.542,2033.775,11362.62,8354.69,1982.074,10962.82,7171.292,2018.298,11451.41,8182.566,1974.46,10914.67
7215.463,1955.555,11577.9,7272.698,2033.775,11362.48,8354.88,1982.074,10962.74,7171.321,2018.298,11451.21,8182.594,1974.46,10914.46
7215.671,1955.555,11577.92,7272.854,2033.775,11362.35,8355.072,1982.074,10962.66,7171.344,2018.298,11451,8182.614,1974.46,10914.26
7215.878,1955.555,11577.94,7273.011,2033.775,11362.21,8355.267,1982.074,10962.58,7171.359,2018.298,11450.79,8182.628,1974.46,10914.05
7216.084,1955.555,11577.96,7273.168,2033.775,11362.07,8355.464,1982.074,10962.52,7171.369,2018.298,11450.58,8182.635,1974.46,10913.84
7216.29,1955.555,11578,7273.325,2033.775,11361.93,8355.663,1982.074,10962.46,7171.372,2018.298,11450.38,8182.635,1974.46,10913.63
7216.495,1955.555,11578.04,7273.481,2033.775,11361.8,8355.864,1982.074,10962.4,7171.368,2018.298,11450.17,8182.628,1974.46,10913.42
7216.698,1955.555,11578.08,7273.639,2033.775,11361.66,8356.067,1982.074,10962.35,7171.357,2018.298,11449.96,8182.614,1974.46,10913.22
7216.9,1955.555,11578.13,7273.796,2033.775,11361.52,8356.271,1982.074,10962.31,7171.341,2018.298,11449.75,8182.594,1974.46,10913.01
7217.101,1955.555,11578.19,7273.953,2033.775,11361.39,8356.477,1982.074,10962.28,7171.317,2018.298,11449.54,8182.566,1974.46,10912.8
7217.3,1955.555,11578.25,7274.11,2033.775,11361.25,8356.683,1982.074,10962.25,7171.288,2018.298,11449.34,8182.533,1974.46,10912.6
7217.497,1955.555,11578.32,7274.267,2033.775,11361.11,8356.89,1982.074,10962.23,7171.251,2018.298,11449.13,8182.492,1974.46,10912.39
7217.691,1955.555,11578.39,7274.425,2033.775,11360.98,8357.098,1982.074,10962.21,7171.209,2018.298,11448.93,8182.445,1974.46,10912.19
7217.884,1955.555,11578.47,7274.583,2033.775,11360.84,8357.306,1982.074,10962.21,7171.16,2018.298,11448.73,8182.391,1974.46,10911.99
7218.075,1955.555,11578.55,7274.741,2033.775,11360.71,8357.514,1982.074,10962.21,7171.105,2018.298,11448.53,8182.331,1974.46,10911.79
7218.263,1955.555,11578.64,7274.899,2033.775,11360.57,8357.722,1982.074,10962.21,7171.043,2018.298,11448.33,8182.264,1974.46,10911.59
7218.448,1955.555,11578.74,7275.057,2033.775,11360.44,8357.93,1982.074,10962.22,7170.976,2018.298,11448.13,8182.19,1974.46,10911.4
7218.631,1955.555,11578.84,7275.215,2033.775,11360.3,8358.137,1982.074,10962.24,7170.902,2018.298,11447.94,8182.111,1974.46,10911.2
7218.812,1955.555,11578.94,7275.374,2033.775,11360.17,8358.344,1982.074,10962.27,7170.822,2018.298,11447.74,8182.025,1974.46,10911.01
7218.989,1955.555,11579.05,7275.533,2033.775,11360.03,8358.55,1982.074,10962.3,7170.736,2018.298,11447.55,8181.933,1974.46,10910.83
7219.163,1955.555,11579.17,7275.691,2033.775,11359.9,8358.755,1982.074,10962.34,7170.644,2018.298,11447.37,8181.835,1974.46,10910.64
7219.334,1955.555,11579.28,7275.85,2033.775,11359.76,8358.958,1982.074,10962.39,7170.546,2018.298,11447.18,8181.731,1974.46,10910.46
7219.503,1955.555,11579.41,7276.009,2033.775,11359.63,8359.161,1982.074,10962.43,7170.443,2018.298,11447,8181.621,1974.46,10910.29
7219.668,1955.555,11579.53,7276.168,2033.775,11359.49,8359.363,1982.074,10962.48,7170.334,2018.298,11446.82,8181.505,1974.46,10910.11
7219.83,1955.555,11579.67,7276.328,2033.775,11359.36,8359.566,1982.074,10962.53,7170.22,2018.298,11446.65,8181.384,1974.46,10909.94
7219.988,1955.555,11579.8,7276.488,2033.775,11359.23,8359.769,1982.074,10962.58,7170.101,2018.298,11446.48,8181.258,1974.46,10909.78
7220.144,1955.555,11579.94,7276.648,2033.775,11359.09,8359.971,1982.074,10962.63,7169.977,2018.298,11446.31,8181.126,1974.46,10909.62
7220.295,1955.555,11580.08,7276.809,2033.775,11358.96,8360.176,1982.074,10962.66,7169.847,2018.298,11446.15,8180.989,1974.46,10909.46
7220.444,1955.555,11580.23,7276.97,2033.775,11358.83,8360.381,1982.074,10962.7,7169.713,2018.298,11445.99,8180.847,1974.46,10909.31
7220.589,1955.555,11580.38,7277.131,2033.775,11358.7,8360.586,1982.074,10962.73,7169.574,2018.298,11445.83,8180.7,1974.46,10909.16
7220.73,1955.555,11580.53,7277.292,2033.775,11358.57,8360.79,1982.074,10962.77,7169.43,2018.298,11445.68,8180.548,1974.46,10909.02
7220.869,1955.555,11580.68,7277.454,2033.775,11358.43,8360.993,1982.074,10962.82,7169.282,2018.298,11445.54,8180.392,1974.46,10908.88
7221.004,1955.555,11580.84,7277.615,2033.775,11358.3,8361.197,1982.074,10962.86,7169.129,2018.298,11445.4,8180.231,1974.46,10908.75
7221.136,1955.555,11581,7277.777,2033.775,11358.17,8361.4,1982.074,10962.91,7168.973,2018.298,11445.26,8180.066,1974.46,10908.62
7221.265,1955.555,11581.17,7277.939,2033.775,11358.04,8361.603,1982.074,10962.96,7168.812,2018.298,11445.13,8179.897,1974.46,10908.5
7221.391,1955.555,11581.33,7278.102,2033.775,11357.91,8361.807,1982.074,10963,7168.648,2018.298,11445,8179.724,1974.46,10908.38
7221.522,1955.555,11581.5,7278.268,2033.775,11357.79,8362.012,1982.074,10963.04,7168.488,2018.298,11444.86,8179.555,1974.46,10908.26
7221.659,1955.555,11581.65,7278.449,2033.775,11357.68,8362.218,1982.074,10963.07,7168.332,2018.298,11444.72,8179.39,1974.46,10908.13
7221.801,1955.555,11581.8,7278.627,2033.775,11357.57,8362.425,1982.074,10963.09,7168.181,2018.298,11444.58,8179.229,1974.46,10908
7221.947,1955.555,11581.95,7278.801,2033.775,11357.46,8362.633,1982.074,10963.11,7168.035,2018.298,11444.43,8179.073,1974.46,10907.86
7222.099,1955.555,11582.1,7278.971,2033.775,11357.34,8362.841,1982.074,10963.11,7167.894,2018.298,11444.28,8178.921,1974.46,10907.72
7222.254,1955.555,11582.24,7279.151,2033.775,11357.24,8363.049,1982.074,10963.12,7167.758,2018.298,11444.12,8178.774,1974.46,10907.57
7222.415,1955.555,11582.37,7279.336,2033.775,11357.14,8363.257,1982.074,10963.11,7167.627,2018.298,11443.96,8178.632,1974.46,10907.42
7222.579,1955.555,11582.5,7279.518,2033.775,11357.04,8363.465,1982.074,10963.1,7167.501,2018.298,11443.79,8178.495,1974.46,10907.26
7222.748,1955.555,11582.62,7279.697,2033.775,11356.93,8363.673,1982.074,10963.08,7167.381,2018.298,11443.62,8178.363,1974.46,10907.1
7222.92,1955.555,11582.73,7279.876,2033.775,11356.82,8363.88,1982.074,10963.06,7167.267,2018.298,11443.45,8178.237,1974.46,10906.94
7223.096,1955.555,11582.85,7280.051,2033.775,11356.71,8364.086,1982.074,10963.03,7167.159,2018.298,11443.27,8178.116,1974.46,10906.77
7223.276,1955.555,11582.95,7280.225,2033.775,11356.6,8364.291,1982.074,10962.99,7167.056,2018.298,11443.09,8178,1974.46,10906.59
7223.459,1955.555,11583.05,7280.394,2033.775,11356.48,8364.494,1982.074,10962.94,7166.959,2018.298,11442.91,8177.891,1974.46,10906.42
7223.646,1955.555,11583.14,7280.576,2033.775,11356.37,8364.696,1982.074,10962.89,7166.869,2018.298,11442.72,8177.788,1974.46,10906.24
7223.835,1955.555,11583.23,7280.755,2033.775,11356.27,8364.896,1982.074,10962.83,7166.784,2018.298,11442.53,8177.69,1974.46,10906.05
7224.027,1955.555,11583.31,7280.93,2033.775,11356.15,8365.095,1982.074,10962.77,7166.706,2018.298,11442.33,8177.598,1974.46,10905.86
7224.222,1955.555,11583.39,7281.101,2033.775,11356.03,8365.29,1982.074,10962.7,7166.634,2018.298,11442.14,8177.513,1974.46,10905.67
7224.418,1955.555,11583.45,7281.285,2033.775,11355.94,8365.483,1982.074,10962.62,7166.569,2018.298,11441.94,8177.434,1974.46,10905.48
7224.618,1955.555,11583.52,7281.465,2033.775,11355.83,8365.674,1982.074,10962.54,7166.51,2018.298,11441.74,8177.361,1974.46,10905.29
7224.815,1955.555,11583.58,7281.643,2033.775,11355.72,8365.861,1982.074,10962.45,7166.445,2018.298,11441.54,8177.294,1974.46,10905.09
7225.01,1955.555,11583.66,7281.818,2033.775,11355.61,8366.046,1982.074,10962.35,7166.374,2018.298,11441.35,8177.234,1974.46,10904.89
7225.203,1955.555,11583.73,7281.991,2033.775,11355.5,8366.228,1982.074,10962.25,7166.296,2018.298,11441.15,8177.181,1974.46,10904.69
7225.394,1955.555,11583.82,7282.163,2033.775,11355.38,8366.405,1982.074,10962.14,7166.212,2018.298,11440.96,8177.134,1974.46,10904.49
7225.582,1955.555,11583.91,7282.336,2033.775,11355.26,8366.58,1982.074,10962.02,7166.123,2018.298,11440.77,8177.094,1974.46,10904.28
7225.767,1955.555,11584,7282.508,2033.775,11355.14,8366.751,1982.074,10961.91,7166.028,2018.298,11440.59,8177.061,1974.46,10904.08
7225.95,1955.555,11584.1,7282.679,2033.775,11355.02,8366.918,1982.074,10961.78,7165.927,2018.298,11440.41,8177.034,1974.46,10903.87
7226.13,1955.555,11584.21,7282.849,2033.775,11354.9,8367.08,1982.074,10961.65,7165.82,2018.298,11440.23,8177.014,1974.46,10903.66
7226.308,1955.555,11584.32,7283.019,2033.775,11354.79,8367.238,1982.074,10961.51,7165.708,2018.298,11440.05,8177.001,1974.46,10903.45
7226.482,1955.555,11584.43,7283.189,2033.775,11354.67,8367.392,1982.074,10961.37,7165.59,2018.298,11439.88,8176.995,1974.46,10903.25
7226.653,1955.555,11584.55,7283.358,2033.775,11354.54,8367.541,1982.074,10961.23,7165.467,2018.298,11439.71,8176.995,1974.46,10903.04
7226.821,1955.555,11584.67,7283.528,2033.775,11354.42,8367.686,1982.074,10961.08,7165.338,2018.298,11439.55,8177.002,1974.46,10902.83
7226.985,1955.555,11584.8,7283.698,2033.775,11354.3,8367.824,1982.074,10960.92,7165.205,2018.298,11439.39,8177.017,1974.46,10902.62
7227.147,1955.555,11584.93,7283.868,2033.775,11354.18,8367.958,1982.074,10960.76,7165.067,2018.298,11439.23,8177.038,1974.46,10902.41
7227.305,1955.555,11585.07,7284.038,2033.775,11354.06,8368.087,1982.074,10960.6,7164.924,2018.298,11439.08,8177.065,1974.46,10902.21
7227.46,1955.555,11585.21,7284.207,2033.775,11353.94,8368.216,1982.074,10960.44,7164.777,2018.298,11438.93,8177.1,1974.46,10902
7227.611,1955.555,11585.35,7284.377,2033.775,11353.82,8368.339,1982.074,10960.27,7164.625,2018.298,11438.79,8177.141,1974.46,10901.8
7227.759,1955.555,11585.5,7284.547,2033.775,11353.7,8368.457,1982.074,10960.1,7164.469,2018.298,11438.65,8177.189,1974.46,10901.6
7227.904,1955.555,11585.65,7284.717,2033.775,11353.58,8368.573,1982.074,10959.92,7164.309,2018.298,11438.52,8177.243,1974.46,10901.39
7228.045,1955.555,11585.8,7284.887,2033.775,11353.46,8368.684,1982.074,10959.75,7164.145,2018.298,11438.39,8177.304,1974.46,10901.2
7228.191,1955.555,11585.95,7285.055,2033.775,11353.33,8368.788,1982.074,10959.57,7163.985,2018.298,11438.26,8177.372,1974.46,10901
7228.342,1955.555,11586.09,7285.23,2033.775,11353.22,8368.887,1982.074,10959.38,7163.83,2018.298,11438.12,8177.445,1974.46,10900.8
7228.498,1955.555,11586.23,7285.403,2033.775,11353.1,8368.959,1982.074,10959.19,7163.68,2018.298,11437.97,8177.525,1974.46,10900.61
7228.658,1955.555,11586.36,7285.571,2033.775,11352.98,8369.038,1982.074,10958.99,7163.534,2018.298,11437.82,8177.612,1974.46,10900.42
7228.823,1955.555,11586.49,7285.74,2033.775,11352.86,8369.123,1982.074,10958.8,7163.394,2018.298,11437.67,8177.705,1974.46,10900.24
7228.991,1955.555,11586.61,7285.917,2033.775,11352.75,8369.215,1982.074,10958.62,7163.258,2018.298,11437.51,8177.803,1974.46,10900.05
7229.164,1955.555,11586.73,7286.09,2033.775,11352.63,8369.313,1982.074,10958.43,7163.127,2018.298,11437.35,8177.908,1974.46,10899.87
7229.333,1955.555,11586.85,7286.263,2033.775,11352.52,8369.416,1982.074,10958.25,7162.992,2018.298,11437.19,8178.018,1974.46,10899.7
7229.499,1955.555,11586.98,7286.436,2033.775,11352.4,8369.516,1982.074,10958.07,7162.852,2018.298,11437.04,8178.134,1974.46,10899.52
7229.662,1955.555,11587.11,7286.608,2033.775,11352.28,8369.6,1982.074,10957.88,7162.707,2018.298,11436.89,8178.256,1974.46,10899.35
7229.821,1955.555,11587.24,7286.78,2033.775,11352.17,8369.681,1982.074,10957.69,7162.558,2018.298,11436.74,8178.383,1974.46,10899.19
7229.977,1955.555,11587.38,7286.953,2033.775,11352.05,8369.768,1982.074,10957.5,7162.404,2018.298,11436.6,8178.516,1974.46,10899.03
7230.13,1955.555,11587.52,7287.125,2033.775,11351.93,8369.845,1982.074,10957.3,7162.246,2018.298,11436.47,8178.653,1974.46,10898.87
7230.279,1955.555,11587.67,7287.297,2033.775,11351.82,8369.924,1982.074,10957.11,7162.084,2018.298,11436.34,8178.775,1974.46,10898.7
7230.425,1955.555,11587.81,7287.47,2033.775,11351.7,8370.01,1982.074,10956.92,7161.919,2018.298,11436.21,8178.903,1974.46,10898.54
7230.576,1955.555,11587.96,7287.638,2033.775,11351.58,8370.085,1982.074,10956.73,7161.757,2018.298,11436.08,8179.037,1974.46,10898.38
7230.731,1955.555,11588.1,7287.803,2033.775,11351.45,8370.166,1982.074,10956.53,7161.6,2018.298,11435.94,8179.168,1974.46,10898.22
7230.891,1955.555,11588.23,7287.97,2033.775,11351.32,8370.253,1982.074,10956.34,7161.448,2018.298,11435.8,8179.306,1974.46,10898.06
7231.055,1955.555,11588.36,7288.151,2033.775,11351.22,8370.326,1982.074,10956.15,7161.3,2018.298,11435.65,8179.441,1974.46,10897.9
7231.224,1955.555,11588.48,7288.329,2033.775,11351.11,8370.395,1982.074,10955.95,7161.157,2018.298,11435.5,8179.569,1974.46,10897.74
7231.396,1955.555,11588.6,7288.502,2033.775,11351,8370.47,1982.074,10955.76,7161.019,2018.298,11435.35,8179.693,1974.46,10897.57
7231.572,1955.555,11588.71,7288.681,2033.775,11350.89,8370.551,1982.074,10955.57,7160.886,2018.298,11435.18,8179.813,1974.46,10897.4
7231.751,1955.555,11588.82,7288.855,2033.775,11350.78,8370.639,1982.074,10955.38,7160.759,2018.298,11435.02,8179.938,1974.46,10897.23
7231.934,1955.555,11588.92,7289.029,2033.775,11350.66,8370.732,1982.074,10955.19,7160.637,2018.298,11434.85,8180.069,1974.46,10897.07
7232.12,1955.555,11589.01,7289.198,2033.775,11350.54,8370.804,1982.074,10954.99,7160.521,2018.298,11434.68,8180.198,1974.46,10896.91
7232.309,1955.555,11589.1,7289.364,2033.775,11350.41,8370.881,1982.074,10954.8,7160.41,2018.298,11434.5,8180.332,1974.46,10896.75
7232.501,1955.555,11589.18,7289.512,2033.775,11350.27,8370.965,1982.074,10954.61,7160.306,2018.298,11434.32,8180.471,1974.46,10896.59
7232.695,1955.555,11589.25,7289.654,2033.775,11350.11,8371.055,1982.074,10954.42,7160.207,2018.298,11434.14,8180.604,1974.46,10896.43
7232.887,1955.555,11589.33,7289.801,2033.775,11349.97,8371.148,1982.074,10954.24,7160.103,2018.298,11433.96,8180.729,1974.46,10896.27
7233.077,1955.555,11589.42,7289.952,2033.775,11349.82,8371.244,1982.074,10954.05,7159.992,2018.298,11433.78,8180.858,1974.46,10896.1
7233.264,1955.555,11589.51,7290.106,2033.775,11349.68,8371.346,1982.074,10953.87,7159.876,2018.298,11433.61,8180.992,1974.46,10895.94
7233.448,1955.555,11589.61,7290.265,2033.775,11349.55,8371.441,1982.074,10953.68,7159.755,2018.298,11433.44,8181.13,1974.46,10895.79
7233.63,1955.555,11589.71,7290.427,2033.775,11349.42,8371.537,1982.074,10953.5,7159.629,2018.298,11433.27,8181.264,1974.46,10895.63
7233.809,1955.555,11589.82,7290.592,2033.775,11349.29,8371.639,1982.074,10953.32,7159.498,2018.298,11433.11,8181.403,1974.46,10895.47
7233.984,1955.555,11589.93,7290.76,2033.775,11349.17,8371.766,1982.074,10953.15,7159.361,2018.298,11432.95,8181.538,1974.46,10895.31
7234.157,1955.555,11590.05,7290.93,2033.775,11349.05,8371.896,1982.074,10952.99,7159.22,2018.298,11432.8,8181.678,1974.46,10895.16
7234.327,1955.555,11590.17,7291.102,2033.775,11348.93,8372.02,1982.074,10952.82,7159.074,2018.298,11432.65,8181.813,1974.46,10895
7234.493,1955.555,11590.29,7291.275,2033.775,11348.81,8372.149,1982.074,10952.66,7158.924,2018.298,11432.51,8181.954,1974.46,10894.85
7234.656,1955.555,11590.42,7291.449,2033.775,11348.7,8372.274,1982.074,10952.49,7158.769,2018.298,11432.37,8182.089,1974.46,10894.69
7234.815,1955.555,11590.56,7291.624,2033.775,11348.58,8372.394,1982.074,10952.32,7158.61,2018.298,11432.23,8182.213,1974.46,10894.52
7234.972,1955.555,11590.69,7291.798,2033.775,11348.47,8372.507,1982.074,10952.15,7158.447,2018.298,11432.1,8182.343,1974.46,10894.36
7235.132,1955.555,11590.83,7291.969,2033.775,11348.35,8372.614,1982.074,10951.97,7158.288,2018.298,11431.97,8182.461,1974.46,10894.19
7235.297,1955.555,11590.95,7292.136,2033.775,11348.23,8372.716,1982.074,10951.79,7158.134,2018.298,11431.83,8182.584,1974.46,10894.02
7235.466,1955.555,11591.08,7292.302,2033.775,11348.1,8372.812,1982.074,10951.6,7157.984,2018.298,11431.68,8182.696,1974.46,10893.84
7235.639,1955.555,11591.19,7292.483,2033.775,11348,8372.913,1982.074,10951.42,7157.84,2018.298,11431.53,8182.814,1974.46,10893.67
7235.816,1955.555,11591.3,7292.66,2033.775,11347.89,8373.025,1982.074,10951.25,7157.7,2018.298,11431.38,8182.925,1974.46,10893.49
7235.996,1955.555,11591.41,7292.833,2033.775,11347.77,8373.139,1982.074,10951.07,7157.566,2018.298,11431.22,8183.042,1974.46,10893.32
7236.18,1955.555,11591.51,7293.003,2033.775,11347.65,8373.246,1982.074,10950.89,7157.437,2018.298,11431.05,8183.154,1974.46,10893.15
7236.366,1955.555,11591.6,7293.185,2033.775,11347.55,8373.348,1982.074,10950.71,7157.313,2018.298,11430.89,8183.272,1974.46,10892.97
7236.556,1955.555,11591.69,7293.369,2033.775,11347.45,8373.454,1982.074,10950.53,7157.194,2018.298,11430.71,8183.396,1974.46,10892.81
7236.748,1955.555,11591.77,7293.549,2033.775,11347.35,8373.555,1982.074,10950.35,7157.082,2018.298,11430.54,8183.518,1974.46,10892.64
7236.943,1955.555,11591.84,7293.732,2033.775,11347.25,8373.628,1982.074,10950.15,7156.975,2018.298,11430.36,8183.644,1974.46,10892.47
7237.14,1955.555,11591.91,7293.913,2033.775,11347.14,8373.703,1982.074,10949.96,7156.874,2018.298,11430.18,8183.776,1974.46,10892.31
7237.339,1955.555,11591.97,7294.089,2033.775,11347.03,8373.784,1982.074,10949.77,7156.779,2018.298,11429.99,8183.887,1974.46,10892.13
7237.541,1955.555,11592.02,7294.262,2033.775,11346.92,8373.855,1982.074,10949.57,7156.69,2018.298,11429.8,8184.003,1974.46,10891.96
7237.743,1955.555,11592.07,7294.431,2033.775,11346.8,8373.933,1982.074,10949.38,7156.607,2018.298,11429.61,8184.125,1974.46,10891.79
7237.947,1955.555,11592.11,7294.596,2033.775,11346.67,8374.01,1982.074,10949.18,7156.531,2018.298,11429.42,8184.252,1974.46,10891.63
7238.153,1955.555,11592.15,7294.756,2033.775,11346.54,8374.094,1982.074,10948.99,7156.461,2018.298,11429.22,8184.375,1974.46,10891.46
7238.359,1955.555,11592.17,7294.912,2033.775,11346.4,8374.181,1982.074,10948.8,7156.398,2018.298,11429.02,8184.504,1974.46,10891.29
7238.567,1955.555,11592.19,7295.072,2033.775,11346.26,8374.273,1982.074,10948.62,7156.341,2018.298,11428.82,8184.63,1974.46,10891.13
7238.775,1955.555,11592.21,7295.229,2033.775,11346.13,8374.372,1982.074,10948.43,7156.291,2018.298,11428.62,8184.75,1974.46,10890.96
7238.983,1955.555,11592.22,7295.388,2033.775,11345.99,8374.477,1982.074,10948.25,7156.248,2018.298,11428.42,8184.865,1974.46,10890.78
7239.191,1955.555,11592.22,7295.533,2033.775,11345.84,8374.575,1982.074,10948.07,7156.21,2018.298,11428.21,8184.985,1974.46,10890.61
7239.399,1955.555,11592.21,7295.683,2033.775,11345.7,8374.68,1982.074,10947.89,7156.18,2018.298,11428.01,8185.111,1974.46,10890.45
7239.607,1955.555,11592.2,7295.837,2033.775,11345.56,8374.778,1982.074,10947.71,7156.157,2018.298,11427.8,8185.243,1974.46,10890.29
7239.815,1955.555,11592.18,7295.996,2033.775,11345.42,8374.883,1982.074,10947.53,7156.14,2018.298,11427.59,8185.379,1974.46,10890.13
7240.021,1955.555,11592.15,7296.159,2033.775,11345.29,8374.981,1982.074,10947.34,7156.13,2018.298,11427.38,8185.518,1974.46,10889.97
7240.227,1955.555,11592.12,7296.306,2033.775,11345.15,8375.067,1982.074,10947.15,7156.127,2018.298,11427.17,8185.635,1974.46,10889.8
7240.432,1955.555,11592.08,7296.458,2033.775,11345,8375.158,1982.074,10946.97,7156.131,2018.298,11426.97,8185.758,1974.46,10889.63
7240.635,1955.555,11592.03,7296.614,2033.775,11344.87,8375.256,1982.074,10946.78,7156.142,2018.298,11426.76,8185.886,1974.46,10889.47
7240.836,1955.555,11591.98,7296.756,2033.775,11344.71,8375.353,1982.074,10946.6,7156.16,2018.298,11426.55,8186.015,1974.46,10889.3
7241.036,1955.555,11591.92,7296.904,2033.775,11344.57,8375.456,1982.074,10946.42,7156.184,2018.298,11426.34,8186.148,1974.46,10889.14
7241.233,1955.555,11591.85,7297.056,2033.775,11344.42,8375.563,1982.074,10946.24,7156.215,2018.298,11426.14,8186.28,1974.46,10888.98
7241.428,1955.555,11591.78,7297.213,2033.775,11344.29,8375.681,1982.074,10946.07,7156.252,2018.298,11425.93,8186.418,1974.46,10888.83
7241.621,1955.555,11591.7,7297.374,2033.775,11344.16,8375.793,1982.074,10945.89,7156.297,2018.298,11425.73,8186.535,1974.46,10888.65
7241.811,1955.555,11591.61,7297.54,2033.775,11344.03,8375.911,1982.074,10945.72,7156.348,2018.298,11425.53,8186.658,1974.46,10888.49
7241.998,1955.555,11591.52,7297.688,2033.775,11343.88,8376.024,1982.074,10945.54,7156.405,2018.298,11425.33,8186.786,1974.46,10888.32
7242.182,1955.555,11591.42,7297.842,2033.775,11343.74,8376.132,1982.074,10945.37,7156.469,2018.298,11425.13,8186.912,1974.46,10888.16
7242.363,1955.555,11591.32,7298,2033.775,11343.61,8376.25,1982.074,10945.19,7156.54,2018.298,11424.93,8187.042,1974.46,10887.99
7242.54,1955.555,11591.21,7298.163,2033.775,11343.48,8376.362,1982.074,10945.02,7156.617,2018.298,11424.74,8187.177,1974.46,10887.83
7242.713,1955.555,11591.1,7298.33,2033.775,11343.35,8376.469,1982.074,10944.84,7156.7,2018.298,11424.55,8187.292,1974.46,10887.66
7242.883,1955.555,11590.98,7298.492,2033.775,11343.22,8376.569,1982.074,10944.66,7156.789,2018.298,11424.36,8187.412,1974.46,10887.49
7243.048,1955.555,11590.85,7298.659,2033.775,11343.1,8376.668,1982.074,10944.47,7156.885,2018.298,11424.17,8187.538,1974.46,10887.32
7243.217,1955.555,11590.73,7298.821,2033.775,11342.97,8376.772,1982.074,10944.29,7156.986,2018.298,11423.99,8187.668,1974.46,10887.16
7243.382,1955.555,11590.6,7298.987,2033.775,11342.84,8376.871,1982.074,10944.11,7157.082,2018.298,11423.81,8187.805,1974.46,10887
7243.555,1955.555,11590.48,7299.157,2033.775,11342.72,8376.976,1982.074,10943.93,7157.172,2018.298,11423.62,8187.946,1974.46,10886.85
7243.723,1955.555,11590.36,7299.328,2033.775,11342.6,8377.085,1982.074,10943.75,7157.255,2018.298,11423.43,8188.092,1974.46,10886.7
7243.888,1955.555,11590.23,7299.502,2033.775,11342.49,8377.188,1982.074,10943.57,7157.333,2018.298,11423.23,8188.242,1974.46,10886.56
7244.048,1955.555,11590.1,7299.678,2033.775,11342.38,8377.314,1982.074,10943.41,7157.403,2018.298,11423.04,8188.386,1974.46,10886.41
7244.204,1955.555,11589.96,7299.853,2033.775,11342.26,8377.436,1982.074,10943.24,7157.468,2018.298,11422.84,8188.526,1974.46,10886.25
7244.36,1955.555,11589.82,7300.029,2033.775,11342.15,8377.565,1982.074,10943.07,7157.526,2018.298,11422.64,8188.661,1974.46,10886.09
7244.515,1955.555,11589.68,7300.208,2033.775,11342.04,8377.689,1982.074,10942.91,7157.578,2018.298,11422.44,8188.778,1974.46,10885.92
7244.646,1955.555,11589.52,7300.387,2033.775,11341.94,8377.809,1982.074,10942.74,7157.623,2018.298,11422.23,8188.897,1974.46,10885.75
7244.782,1955.555,11589.37,7300.567,2033.775,11341.83,8377.922,1982.074,10942.56,7157.661,2018.298,11422.03,8189.017,1974.46,10885.58
7244.917,1955.555,11589.21,7300.748,2033.775,11341.73,8378.047,1982.074,10942.39,7157.693,2018.298,11421.82,8189.142,1974.46,10885.41
7245.058,1955.555,11589.05,7300.929,2033.775,11341.63,8378.166,1982.074,10942.22,7157.718,2018.298,11421.62,8189.26,1974.46,10885.24
7245.204,1955.555,11588.9,7301.11,2033.775,11341.52,8378.279,1982.074,10942.05,7157.736,2018.298,11421.41,8189.384,1974.46,10885.08
7245.354,1955.555,11588.76,7301.292,2033.775,11341.42,8378.396,1982.074,10941.88,7157.748,2018.298,11421.2,8189.51,1974.46,10884.91
7245.509,1955.555,11588.62,7301.473,2033.775,11341.32,8378.506,1982.074,10941.7,7157.753,2018.298,11420.99,8189.641,1974.46,10884.75
7245.651,1955.555,11588.47,7301.655,2033.775,11341.22,8378.615,1982.074,10941.52,7157.751,2018.298,11420.78,8189.756,1974.46,10884.57
7245.784,1955.555,11588.31,7301.837,2033.775,11341.12,8378.731,1982.074,10941.35,7157.742,2018.298,11420.58,8189.877,1974.46,10884.4
7245.922,1955.555,11588.15,7302.019,2033.775,11341.01,8378.851,1982.074,10941.18,7157.727,2018.298,11420.37,8190.003,1974.46,10884.24
7246.065,1955.555,11588,7302.199,2033.775,11340.91,8378.964,1982.074,10941,7157.704,2018.298,11420.16,8190.128,1974.46,10884.07
7246.209,1955.555,11587.85,7302.379,2033.775,11340.81,8379.071,1982.074,10940.82,7157.675,2018.298,11419.96,8190.259,1974.46,10883.91
7246.355,1955.555,11587.7,7302.56,2033.775,11340.7,8379.179,1982.074,10940.65,7157.64,2018.298,11419.75,8190.394,1974.46,10883.75
7246.505,1955.555,11587.56,7302.742,2033.775,11340.6,8379.307,1982.074,10940.48,7157.597,2018.298,11419.55,8190.521,1974.46,10883.58
7246.66,1955.555,11587.42,7302.924,2033.775,11340.5,8379.437,1982.074,10940.32,7157.548,2018.298,11419.34,8190.633,1974.46,10883.41
7246.795,1955.555,11587.26,7303.106,2033.775,11340.4,8379.561,1982.074,10940.15,7157.493,2018.298,11419.14,8190.751,1974.46,10883.24
7246.936,1955.555,11587.11,7303.289,2033.775,11340.3,8379.691,1982.074,10939.99,7157.431,2018.298,11418.94,8190.875,1974.46,10883.07
7247.071,1955.555,11586.95,7303.472,2033.775,11340.2,8379.817,1982.074,10939.82,7157.362,2018.298,11418.75,8190.989,1974.46,10882.89
7247.211,1955.555,11586.79,7303.655,2033.775,11340.1,8379.938,1982.074,10939.65,7157.288,2018.298,11418.55,8191.109,1974.46,10882.72
7247.357,1955.555,11586.64,7303.838,2033.775,11340,8380.053,1982.074,10939.48,7157.207,2018.298,11418.36,8191.234,1974.46,10882.56
7247.494,1955.555,11586.49,7304.02,2033.775,11339.9,8380.178,1982.074,10939.31,7157.119,2018.298,11418.17,8191.352,1974.46,10882.39
7247.635,1955.555,11586.33,7304.203,2033.775,11339.8,8380.297,1982.074,10939.14,7157.026,2018.298,11417.99,8191.475,1974.46,10882.22
7247.782,1955.555,11586.19,7304.385,2033.775,11339.7,8380.411,1982.074,10938.97,7156.926,2018.298,11417.8,8191.604,1974.46,10882.05
7247.933,1955.555,11586.04,7304.567,2033.775,11339.6,8380.52,1982.074,10938.79,7156.821,2018.298,11417.62,8191.737,1974.46,10881.9
7248.088,1955.555,11585.9,7304.75,2033.775,11339.5,8380.626,1982.074,10938.61,7156.709,2018.298,11417.45,8191.876,1974.46,10881.74
7248.239,1955.555,11585.76,7304.932,2033.775,11339.4,8380.745,1982.074,10938.44,7156.593,2018.298,11417.27,8192.036,1974.46,10881.61
7248.379,1955.555,11585.6,7305.113,2033.775,11339.3,8380.86,1982.074,10938.26,7156.47,2018.298,11417.11,8192.191,1974.46,10881.47
7248.51,1955.555,11585.44,7305.295,2033.775,11339.2,8380.97,1982.074,10938.09,7156.342,2018.298,11416.94,8192.342,1974.46,10881.32
7248.646,1955.555,11585.28,7305.478,2033.775,11339.1,8381.073,1982.074,10937.91,7156.209,2018.298,11416.78,8192.5,1974.46,10881.19
7248.787,1955.555,11585.13,7305.662,2033.775,11339,8381.18,1982.074,10937.73,7156.071,2018.298,11416.63,8192.654,1974.46,10881.05
7248.933,1955.555,11584.98,7305.844,2033.775,11338.9,8381.28,1982.074,10937.55,7155.927,2018.298,11416.47,8192.804,1974.46,10880.9
7249.076,1955.555,11584.83,7306.028,2033.775,11338.8,8381.387,1982.074,10937.37,7155.779,2018.298,11416.33,8192.948,1974.46,10880.75
7249.223,1955.555,11584.68,7306.212,2033.775,11338.71,8381.487,1982.074,10937.18,7155.626,2018.298,11416.19,8193.1,1974.46,10880.61
7249.375,1955.555,11584.54,7306.396,2033.775,11338.61,8381.578,1982.074,10937,7155.469,2018.298,11416.05,8193.258,1974.46,10880.47
7249.532,1955.555,11584.41,7306.581,2033.775,11338.51,8381.676,1982.074,10936.81,7155.308,2018.298,11415.92,8193.411,1974.46,10880.33
7249.696,1955.555,11584.25,7306.779,2033.775,11338.41,8381.757,1982.074,10936.6,7155.129,2018.298,11415.78,8193.571,1974.46,10880.18
7249.847,1955.555,11584.11,7306.964,2033.775,11338.31,8381.839,1982.074,10936.41,7154.959,2018.298,11415.66,8193.716,1974.46,10880.03
7250.178,1955.555,11583.81,7307.359,2033.775,11338.11,8382.027,1982.074,10936.01,7154.587,2018.298,11415.42,8194.013,1974.46,10879.7
7250.331,1955.555,11583.66,7307.549,2033.775,11338.01,8382.112,1982.074,10935.81,7154.406,2018.298,11415.31,8194.149,1974.46,10879.53
7250.733,1955.555,11583.3,7308.032,2033.775,11337.76,8382.345,1982.074,10935.32,7153.935,2018.298,11415.04,8194.512,1974.46,10879.13
7251.043,1955.555,11583,7308.416,2033.775,11337.57,8382.542,1982.074,10934.94,7153.554,2018.298,11414.83,8194.831,1974.46,10878.84
7251.461,1955.555,11582.62,7308.916,2033.775,11337.31,8382.817,1982.074,10934.45,7153.045,2018.298,11414.59,8195.236,1974.46,10878.44
7251.946,1955.555,11582.17,7309.504,2033.775,11337,8383.158,1982.074,10933.88,7152.441,2018.298,11414.31,8195.696,1974.46,10877.97
7252.453,1955.555,11581.72,7310.104,2033.775,11336.7,8383.485,1982.074,10933.29,7151.818,2018.298,11414.06,8196.147,1974.46,10877.47
7252.978,1955.555,11581.23,7310.743,2033.775,11336.37,8383.75,1982.074,10932.62,7151.146,2018.298,11413.81,8196.703,1974.46,10877.01
7253.335,1955.555,11580.92,7311.168,2033.775,11336.16,8383.939,1982.074,10932.19,7150.695,2018.298,11413.66,8197.062,1974.46,10876.7
7254.145,1955.555,11580.17,7312.159,2033.775,11335.67,8384.413,1982.074,10931.19,7149.635,2018.298,11413.34,8197.87,1974.46,10875.94
7254.89,1955.555,11579.24,7313.21,2033.775,11335.1,8384.959,1982.074,10930.13,7148.505,2018.298,11412.96,8198.715,1974.46,10875.1
7255.139,1955.555,11578.95,7313.542,2033.775,11334.91,8385.146,1982.074,10929.79,7148.146,2018.298,11412.83,8199.014,1974.46,10874.86
7255.813,1955.555,11578.21,7314.39,2033.775,11334.38,8385.66,1982.074,10928.93,7147.222,2018.298,11412.45,8199.771,1974.46,10874.21
7256.626,1955.555,11577.38,7315.356,2033.775,11333.74,8386.226,1982.074,10927.92,7146.161,2018.298,11411.97,8200.626,1974.46,10873.42
7257.38,1955.555,11576.65,7316.205,2033.775,11333.13,8386.63,1982.074,10926.96,7145.223,2018.298,11411.51,8201.371,1974.46,10872.69
7257.969,1955.555,11576.13,7316.858,2033.775,11332.68,8386.956,1982.074,10926.24,7144.524,2018.298,11411.14,8201.917,1974.46,10872.12
7259.213,1955.555,11575.08,7318.285,2033.775,11331.9,8387.596,1982.074,10924.74,7143.115,2018.298,11410.33,8203,1974.46,10870.91
7259.685,1955.555,11574.66,7318.832,2033.775,11331.58,8387.85,1982.074,10924.16,7142.575,2018.298,11410,8203.455,1974.46,10870.46
7260.812,1955.555,11573.64,7320.113,2033.775,11330.77,8388.502,1982.074,10922.79,7141.31,2018.298,11409.16,8204.638,1974.46,10869.51
7261.462,1955.555,11573.02,7320.854,2033.775,11330.26,8388.913,1982.074,10921.99,7140.58,2018.298,11408.64,8205.316,1974.46,10868.93
7262.665,1955.555,11571.95,7322.152,2033.775,11329.31,8389.698,1982.074,10920.59,7139.3,2018.298,11407.66,8206.5,1974.46,10867.84
7263.611,1955.555,11571.06,7323.184,2033.775,11328.52,8390.333,1982.074,10919.45,7138.29,2018.298,11406.84,8207.431,1974.46,10866.92
7264.316,1955.555,11570.19,7324.024,2033.775,11327.78,8390.885,1982.074,10918.48,7137.449,2018.298,11406.1,8208.242,1974.46,10866.16
7265.36,1955.555,11568.99,7325.255,2033.775,11326.78,8391.716,1982.074,10917.12,7136.286,2018.298,11405.02,8209.362,1974.46,10865.03
7266.141,1955.555,11568.13,7326.182,2033.775,11326.07,8392.401,1982.074,10916.18,7135.458,2018.298,11404.2,8210.157,1974.46,10864.18
7267.293,1955.555,11566.93,7327.485,2033.775,11325.04,8393.332,1982.074,10914.8,7134.319,2018.298,11402.99,8211.249,1974.46,10862.92
7268.166,1955.555,11566.08,7328.332,2033.775,11324.16,8393.981,1982.074,10913.77,7133.513,2018.298,11402.08,8212.078,1974.46,10862.03
7269.315,1955.555,11564.79,7329.572,2033.775,11322.96,8394.854,1982.074,10912.28,7132.415,2018.298,11400.75,8213.41,1974.46,10860.94
7270.357,1955.555,11563.69,7330.694,2033.775,11321.95,8395.713,1982.074,10911.04,7131.488,2018.298,11399.55,8214.548,1974.46,10859.93
7271.138,1955.555,11562.88,7331.557,2033.775,11321.21,8396.323,1982.074,10910.08,7130.827,2018.298,11398.63,8215.372,1974.46,10859.16
7272.752,1955.555,11561.29,7333.328,2033.775,11319.81,8397.527,1982.074,10908.17,7129.564,2018.298,11396.75,8216.968,1974.46,10857.56
7273.371,1955.555,11560.68,7334.026,2033.775,11319.29,8398.009,1982.074,10907.45,7129.103,2018.298,11396.02,8217.562,1974.46,10856.92
7274.872,1955.555,11559.29,7335.627,2033.775,11318.02,8399.085,1982.074,10905.71,7128.075,2018.298,11394.25,8218.946,1974.46,10855.41
7275.771,1955.555,11558.51,7336.583,2033.775,11317.31,8399.692,1982.074,10904.68,7127.511,2018.298,11393.2,8219.881,1974.46,10854.68
7277.78,1955.555,11556.69,7338.709,2033.775,11315.63,8401.049,1982.074,10902.34,7126.304,2018.298,11390.77,8221.953,1974.46,10852.93
7278.27,1955.555,11556.19,7339.276,2033.775,11315.21,8401.421,1982.074,10901.74,7126.011,2018.298,11390.13,8222.477,1974.46,10852.46
7279.761,1955.555,11554.75,7340.917,2033.775,11313.94,8402.627,1982.074,10900.05,7125.211,2018.298,11388.22,8223.972,1974.46,10851.02
7281.04,1955.555,11553.59,7342.316,2033.775,11312.93,8403.584,1982.074,10898.62,7124.599,2018.298,11386.61,8225.175,1974.46,10849.79
7282.324,1955.555,11552.41,7343.693,2033.775,11311.87,8404.501,1982.074,10897.14,7124.035,2018.298,11384.96,8226.347,1974.46,10848.5
7283.297,1955.555,11551.58,7344.727,2033.775,11311.11,8405.14,1982.074,10896.03,7123.66,2018.298,11383.74,8227.178,1974.46,10847.53
7284.975,1955.555,11550.06,7346.513,2033.775,11309.72,8406.194,1982.074,10894.02,7123.067,2018.298,11381.55,8228.407,1974.46,10845.63
7286.187,1955.555,11548.9,7347.842,2033.775,11308.69,8407.025,1982.074,10892.56,7122.681,2018.298,11379.92,8229.364,1974.46,10844.25
7287.968,1955.555,11547.3,7349.578,2033.775,11307.04,8408.277,1982.074,10890.52,7122.207,2018.298,11377.57,8230.664,1974.46,10842.23
7288.633,1955.555,11546.59,7350.303,2033.775,11306.4,8408.812,1982.074,10889.71,7122.045,2018.298,11376.61,8231.164,1974.46,10841.4
7290.17,1955.555,11544.95,7351.935,2033.775,11304.85,8410.111,1982.074,10887.88,7121.745,2018.298,11374.38,8232.261,1974.46,10839.44
7291.488,1955.555,11543.63,7353.33,2033.775,11303.61,8411.238,1982.074,10886.39,7121.556,2018.298,11372.53,8233.116,1974.46,10837.78
7292.355,1955.555,11542.81,7354.168,2033.775,11302.76,8411.987,1982.074,10885.46,7121.475,2018.298,11371.34,8233.627,1974.46,10836.7
7294.294,1955.555,11541.1,7356.047,2033.775,11300.99,8413.677,1982.074,10883.51,7121.382,2018.298,11368.76,8234.657,1974.46,10834.33
7295.232,1955.555,11540.34,7356.957,2033.775,11300.19,8414.5,1982.074,10882.62,7121.378,2018.298,11367.54,8235.104,1974.46,10833.21
7297.276,1955.555,11538.55,7359.051,2033.775,11298.46,8416.277,1982.074,10880.57,7121.459,2018.298,11364.83,8236.188,1974.46,10830.72
7298.986,1955.555,11536.95,7360.717,2033.775,11296.82,8417.751,1982.074,10878.75,7121.605,2018.298,11362.49,8237.192,1974.46,10828.6
7299.758,1955.555,11536.27,7361.471,2033.775,11296.12,8418.37,1982.074,10877.93,7121.703,2018.298,11361.47,8237.662,1974.46,10827.69
7301.764,1955.555,11534.4,7363.542,2033.775,11294.32,8419.955,1982.074,10875.69,7122.053,2018.298,11358.75,8239,1974.46,10825.29
7302.577,1955.555,11533.68,7364.38,2033.775,11293.63,8420.55,1982.074,10874.78,7122.226,2018.298,11357.68,8239.557,1974.46,10824.37
7304.42,1955.555,11531.96,7366.285,2033.775,11291.98,8422.093,1982.074,10872.79,7122.71,2018.298,11355.2,8240.928,1974.46,10822.25
7305.678,1955.555,11530.8,7367.533,2033.775,11290.81,8423.094,1982.074,10871.4,7123.094,2018.298,11353.54,8241.904,1974.46,10820.84
7307.105,1955.555,11529.22,7369.03,2033.775,11289.29,8424.394,1982.074,10869.71,7123.639,2018.298,11351.48,8243.06,1974.46,10819.05
7308.705,1955.555,11527.54,7370.702,2033.775,11287.68,8425.872,1982.074,10867.92,7124.306,2018.298,11349.25,8244.257,1974.46,10817.06
7310.325,1955.555,11525.94,7372.332,2033.775,11286.1,8427.376,1982.074,10866.21,7125.03,2018.298,11347.1,8245.364,1974.46,10815.08
7311.139,1955.555,11525.19,7373.151,2033.775,11285.35,8428.136,1982.074,10865.41,7125.417,2018.298,11346.06,8245.872,1974.46,10814.09
7313.114,1955.555,11523.48,7375.008,2033.775,11283.52,8429.986,1982.074,10863.57,7126.409,2018.298,11343.65,8246.992,1974.46,10811.74
7314.535,1955.555,11522.17,7376.428,2033.775,11282.2,8431.313,1982.074,10862.16,7127.202,2018.298,11341.88,8247.879,1974.46,10810.02
7316.084,1955.555,11520.83,7377.976,2033.775,11280.86,8432.667,1982.074,10860.62,7128.103,2018.298,11340.04,8248.877,1974.46,10808.23
7317.873,1955.555,11519.5,7379.709,2033.775,11279.46,8434.087,1982.074,10858.9,7129.148,2018.298,11338.07,8250.027,1974.46,10806.32
7319.505,1955.555,11518.19,7381.184,2033.775,11277.97,8435.363,1982.074,10857.25,7130.188,2018.298,11336.26,8251.163,1974.46,10804.56
7320.68,1955.555,11517.19,7382.25,2033.775,11276.86,8436.267,1982.074,10856,7131,2018.298,11334.95,8252.044,1974.46,10803.29
7323.16,1955.555,11515.42,7384.423,2033.775,11274.72,8437.965,1982.074,10853.47,7132.684,2018.298,11332.41,8253.861,1974.46,10800.85
7324.065,1955.555,11514.73,7385.255,2033.775,11273.95,8438.568,1982.074,10852.5,7133.344,2018.298,11331.48,8254.564,1974.46,10799.96
7326.163,1955.555,11513.02,7387.153,2033.775,11272.02,8439.974,1982.074,10850.19,7134.986,2018.298,11329.33,8256.305,1974.46,10797.88
7327.324,1955.555,11512.01,7388.269,2033.775,11270.95,8440.825,1982.074,10848.9,7135.96,2018.298,11328.13,8257.311,1974.46,10796.71
7329.351,1955.555,11510.19,7390.298,2033.775,11269.14,8442.592,1982.074,10846.84,7137.747,2018.298,11326.08,8259.152,1974.46,10794.71
7330.731,1955.555,11508.55,7391.947,2033.775,11267.76,8443.933,1982.074,10845.16,7139.211,2018.298,11324.51,8260.327,1974.46,10792.91
7332.164,1955.555,11506.95,7393.64,2033.775,11266.44,8445.218,1982.074,10843.44,7140.726,2018.298,11322.99,8261.561,1974.46,10791.15
7333.653,1955.555,11505.39,7395.211,2033.775,11264.97,8446.479,1982.074,10841.69,7142.294,2018.298,11321.51,8262.78,1974.46,10789.38
7334.634,1955.555,11504.43,7396.173,2033.775,11263.99,8447.284,1982.074,10840.58,7143.324,2018.298,11320.6,8263.595,1974.46,10788.27
7336.806,1955.555,11502.26,7398.392,2033.775,11261.87,8449.073,1982.074,10838.08,7145.645,2018.298,11318.6,8265.493,1974.46,10785.86
7338.063,1955.555,11500.85,7399.8,2033.775,11260.61,8450.124,1982.074,10836.52,7147.114,2018.298,11317.41,8266.692,1974.46,10784.4
7339.591,1955.555,11499.25,7401.5,2033.775,11259.19,8451.297,1982.074,10834.63,7148.884,2018.298,11316.07,8268.156,1974.46,10782.74
7341.625,1955.555,11497.24,7403.749,2033.775,11257.43,8452.728,1982.074,10832.16,7151.193,2018.298,11314.39,8270.078,1974.46,10780.63
7342.396,1955.555,11496.35,7404.655,2033.775,11256.67,8453.352,1982.074,10831.16,7152.041,2018.298,11313.57,8270.844,1974.46,10779.73
7344.201,1955.555,11494.38,7406.757,2033.775,11255.03,8454.836,1982.074,10828.94,7154.016,2018.298,11311.78,8272.507,1974.46,10777.64
7345.311,1955.555,11493.19,7408.071,2033.775,11254.07,8455.785,1982.074,10827.62,7155.194,2018.298,11310.66,8273.479,1974.46,10776.34
7347.277,1955.555,11491.22,7410.375,2033.775,11252.51,8457.482,1982.074,10825.41,7157.274,2018.298,11308.8,8275.068,1974.46,10774.05
7349.077,1955.555,11489.09,7412.718,2033.775,11250.99,8459.256,1982.074,10823.26,7159.322,2018.298,11306.9,8276.587,1974.46,10771.71
7349.987,1955.555,11487.95,7413.914,2033.775,11250.15,8460.218,1982.074,10822.16,7160.423,2018.298,11305.95,8277.339,1974.46,10770.46
7352.007,1955.555,11485.58,7416.406,2033.775,11248.29,8462.28,1982.074,10819.83,7162.837,2018.298,11303.99,8279.03,1974.46,10767.85
7352.507,1955.555,11485.04,7416.985,2033.775,11247.83,8462.754,1982.074,10819.26,7163.427,2018.298,11303.54,8279.453,1974.46,10767.24
7354.601,1955.555,11482.89,7419.028,2033.775,11245.63,8464.593,1982.074,10816.89,7165.875,2018.298,11301.8,8281.246,1974.46,10764.83
7356.214,1955.555,11481.34,7420.604,2033.775,11244.04,8465.904,1982.074,10815.08,7167.487,2018.298,11300.25,8282.641,1974.46,10763.08
7357.875,1955.555,11479.84,7422.229,2033.775,11242.51,8467.155,1982.074,10813.23,7169.147,2018.298,11298.76,8284.09,1974.46,10761.38
7359.566,1955.555,11478.37,7423.909,2033.775,11241.03,8468.459,1982.074,10811.41,7170.802,2018.298,11297.25,8285.599,1974.46,10759.73
7361.466,1955.555,11477.17,7425.642,2033.775,11239.59,8469.705,1982.074,10809.53,7172.508,2018.298,11295.78,8287.13,1974.46,10758.08
7362.652,1955.555,11476.36,7426.777,2033.775,11238.72,8470.512,1982.074,10808.35,7173.626,2018.298,11294.88,8288.142,1974.46,10757.06
7365.606,1955.555,11474.21,7429.74,2033.775,11236.58,8472.467,1982.074,10805.26,7176.55,2018.298,11292.69,8290.632,1974.46,10754.39
7366.773,1955.555,11473.3,7430.912,2033.775,11235.67,8473.218,1982.074,10803.98,7177.763,2018.298,11291.84,8291.675,1974.46,10753.33
7368.65,1955.555,11471.73,7432.711,2033.775,11234.01,8474.381,1982.074,10801.83,7179.656,2018.298,11290.29,8293.423,1974.46,10751.63
7370.338,1955.555,11470.22,7434.319,2033.775,11232.43,8475.521,1982.074,10799.88,7181.453,2018.298,11288.92,8294.986,1974.46,10749.99
7371.622,1955.555,11469.15,7435.547,2033.775,11231.29,8476.411,1982.074,10798.46,7182.798,2018.298,11287.92,8296.104,1974.46,10748.75
7374.384,1955.555,11467.39,7437.979,2033.775,11229.09,8478.246,1982.074,10795.75,7185.496,2018.298,11286.06,8298.212,1974.46,10746.24
7375.387,1955.555,11466.7,7438.907,2033.775,11228.3,8478.959,1982.074,10794.76,7186.519,2018.298,11285.4,8298.963,1974.46,10745.28
7377.728,1955.555,11464.97,7441.08,2033.775,11226.37,8480.74,1982.074,10792.46,7188.912,2018.298,11283.75,8300.683,1974.46,10742.94
7380.262,1955.555,11463.36,7443.388,2033.775,11224.45,8482.656,1982.074,10790.15,7191.419,2018.298,11282.1,8302.379,1974.46,10740.46
7380.891,1955.555,11462.93,7443.97,2033.775,11223.96,8483.123,1982.074,10789.55,7192.042,2018.298,11281.66,8302.83,1974.46,10739.85
7383.373,1955.555,11461.12,7446.382,2033.775,11222.05,8484.927,1982.074,10787.06,7194.394,2018.298,11279.68,8304.726,1974.46,10737.42
7385.172,1955.555,11459.71,7448.22,2033.775,11220.69,8486.206,1982.074,10785.16,7196.19,2018.298,11278.26,8306.193,1974.46,10735.67
7386.818,1955.555,11458.33,7449.988,2033.775,11219.47,8487.349,1982.074,10783.34,7197.815,2018.298,11276.86,8307.625,1974.46,10734.07
7388.597,1955.555,11456.96,7451.791,2033.775,11218.14,8488.604,1982.074,10781.49,7199.558,2018.298,11275.45,8308.983,1974.46,10732.29
7390.508,1955.555,11455.39,7453.73,2033.775,11216.6,8489.959,1982.074,10779.42,7201.399,2018.298,11273.8,8310.412,1974.46,10730.27
7392.443,1955.555,11454.16,7455.576,2033.775,11215.24,8491.153,1982.074,10777.46,7203.158,2018.298,11272.32,8311.8,1974.46,10728.44
7394.337,1955.555,11452.86,7457.469,2033.775,11213.94,8492.224,1982.074,10775.43,7204.964,2018.298,11270.91,8313.247,1974.46,10726.66
7396.188,1955.555,11451.5,7459.319,2033.775,11212.58,8493.36,1982.074,10773.43,7206.722,2018.298,11269.43,8314.547,1974.46,10724.76
7398.75,1955.555,11449.88,7461.702,2033.775,11210.7,8494.731,1982.074,10770.73,7209.104,2018.298,11267.55,8316.344,1974.46,10722.32
7399.385,1955.555,11449.45,7462.32,2033.775,11210.25,8495.101,1982.074,10770.05,7209.723,2018.298,11267.1,8316.818,1974.46,10721.72
7402.05,1955.555,11447.63,7465.011,2033.775,11208.47,8496.644,1982.074,10767.22,7212.177,2018.298,11265,8318.896,1974.46,10719.25
7404.257,1955.555,11446.01,7467.241,2033.775,11206.88,8498.029,1982.074,10764.86,7214.315,2018.298,11263.29,8320.726,1974.46,10717.21
7405.307,1955.555,11445.31,7468.242,2033.775,11206.12,8498.65,1982.074,10763.76,7215.324,2018.298,11262.54,8321.512,1974.46,10716.23
7407.594,1955.555,11443.69,7470.494,2033.775,11204.45,8499.887,1982.074,10761.25,7217.605,2018.298,11260.91,8323.304,1974.46,10714.07
7409.529,1955.555,11442.43,7472.507,2033.775,11203.32,8500.971,1982.074,10759.21,7219.523,2018.298,11259.63,8324.835,1974.46,10712.34
7410.743,1955.555,11441.59,7473.774,2033.775,11202.56,8501.682,1982.074,10757.91,7220.848,2018.298,11258.97,8325.853,1974.46,10711.27
7413.475,1955.555,11439.79,7476.518,2033.775,11200.78,8503.346,1982.074,10755.1,7223.727,2018.298,11257.42,8328.179,1974.46,10708.97
7415.113,1955.555,11438.63,7478.288,2033.775,11199.84,8504.422,1982.074,10753.41,7225.459,2018.298,11256.41,8329.558,1974.46,10707.52
7417.193,1955.555,11437.24,7480.46,2033.775,11198.59,8505.72,1982.074,10751.26,7227.731,2018.298,11255.35,8331.251,1974.46,10705.67
7418.771,1955.555,11436.1,7482.113,2033.775,11197.57,8506.537,1982.074,10749.5,7229.477,2018.298,11254.5,8332.61,1974.46,10704.28
7421.495,1955.555,11434.01,7484.976,2033.775,11195.66,8508.084,1982.074,10746.43,7232.515,2018.298,11252.89,8334.803,1974.46,10701.63
7422.092,1955.555,11433.52,7485.604,2033.775,11195.22,8508.453,1982.074,10745.75,7233.205,2018.298,11252.54,8335.313,1974.46,10701.06
7424.542,1955.555,11431.38,7488.187,2033.775,11193.24,8510.01,1982.074,10742.9,7236.061,2018.298,11250.99,8337.545,1974.46,10698.69
7426.12,1955.555,11430.13,7489.759,2033.775,11191.99,8511.031,1982.074,10741.17,7237.798,2018.298,11249.98,8338.975,1974.46,10697.28
7428.037,1955.555,11428.51,7491.757,2033.775,11190.46,8512.377,1982.074,10739.04,7239.923,2018.298,11248.63,8340.761,1974.46,10695.51
7429.896,1955.555,11427.11,7493.583,2033.775,11189.02,8513.356,1982.074,10736.93,7241.849,2018.298,11247.33,8342.42,1974.46,10693.88
7431.235,1955.555,11426.03,7494.964,2033.775,11188,8514.13,1982.074,10735.4,7243.239,2018.298,11246.32,8343.687,1974.46,10692.72
7433.46,1955.555,11424.12,7497.267,2033.775,11186.18,8515.522,1982.074,10732.82,7245.38,2018.298,11244.31,8345.785,1974.46,10690.67
7435.176,1955.555,11422.55,7498.907,2033.775,11184.53,8516.693,1982.074,10730.8,7247.13,2018.298,11242.78,8347.404,1974.46,10689
7436.154,1955.555,11421.42,7499.991,2033.775,11183.51,8517.485,1982.074,10729.54,7248.283,2018.298,11241.83,8348.477,1974.46,10687.96
7438.312,1955.555,11419.1,7502.366,2033.775,11181.41,8519.256,1982.074,10726.91,7250.797,2018.298,11239.9,8350.682,1974.46,10685.68
7439.95,1955.555,11417.44,7504.159,2033.775,11179.92,8520.618,1982.074,10725.02,7252.689,2018.298,11238.55,8352.245,1974.46,10683.96
7441.373,1955.555,11416.1,7505.64,2033.775,11178.64,8521.814,1982.074,10723.48,7254.139,2018.298,11237.23,8353.512,1974.46,10682.47
7443.686,1955.555,11414.05,7507.772,2033.775,11176.41,8523.781,1982.074,10721.1,7256.495,2018.298,11235.24,8355.433,1974.46,10680.05
7444.667,1955.555,11413.13,7508.737,2033.775,11175.46,8524.675,1982.074,10720.08,7257.474,2018.298,11234.3,8356.237,1974.46,10678.96
7446.899,1955.555,11410.59,7511.224,2033.775,11173.18,8526.992,1982.074,10717.63,7259.996,2018.298,11232.06,8358.161,1974.46,10676.19
7447.751,1955.555,11409.68,7512.115,2033.775,11172.31,8527.875,1982.074,10716.75,7260.935,2018.298,11231.24,8358.836,1974.46,10675.14
7449.872,1955.555,11407.57,7514.223,2033.775,11170.18,8529.929,1982.074,10714.57,7263.256,2018.298,11229.35,8360.541,1974.46,10672.68
7451.102,1955.555,11406.42,7515.446,2033.775,11169.03,8531.042,1982.074,10713.31,7264.595,2018.298,11228.33,8361.544,1974.46,10671.33
7453.354,1955.555,11404.45,7517.521,2033.775,11166.88,8532.947,1982.074,10711,7266.897,2018.298,11226.42,8363.404,1974.46,10668.99
7454.916,1955.555,11403.28,7518.867,2033.775,11165.46,8534.264,1982.074,10709.56,7268.442,2018.298,11225.22,8364.67,1974.46,10667.5
7457.064,1955.555,11401.93,7520.673,2033.775,11163.67,8535.911,1982.074,10707.63,7270.31,2018.298,11223.5,8366.198,1974.46,10665.47
7459.159,1955.555,11400.51,7522.528,2033.775,11161.96,8537.487,1982.074,10705.65,7272.118,2018.298,11221.74,8367.688,1974.46,10663.43
7461.052,1955.555,11399.14,7524.294,2033.775,11160.43,8538.914,1982.074,10703.8,7273.843,2018.298,11220.16,8369.127,1974.46,10661.59
7462.426,1955.555,11398.08,7525.631,2033.775,11159.31,8539.931,1982.074,10702.39,7275.164,2018.298,11219.03,8370.241,1974.46,10660.25
7464.815,1955.555,11396.35,7527.822,2033.775,11157.35,8541.899,1982.074,10700.2,7277.292,2018.298,11216.99,8372.202,1974.46,10658.05
7466.675,1955.555,11394.92,7529.589,2033.775,11155.8,8543.412,1982.074,10698.4,7279.041,2018.298,11215.43,8373.823,1974.46,10656.35
7467.833,1955.555,11393.96,7530.75,2033.775,11154.84,8544.341,1982.074,10697.22,7280.191,2018.298,11214.46,8374.895,1974.46,10655.3
7470.371,1955.555,11392.04,7533.276,2033.775,11152.91,8546.229,1982.074,10694.66,7282.593,2018.298,11212.37,8377.314,1974.46,10653.23
7472.194,1955.555,11390.56,7535.185,2033.775,11151.54,8547.558,1982.074,10692.72,7284.287,2018.298,11210.75,8379.205,1974.46,10651.84
7473.47,1955.555,11389.46,7536.525,2033.775,11150.52,8548.5,1982.074,10691.32,7285.543,2018.298,11209.62,8380.532,1974.46,10650.8
7475.757,1955.555,11387.51,7538.789,2033.775,11148.55,8550.104,1982.074,10688.79,7287.84,2018.298,11207.69,8382.972,1974.46,10649.05
7477.729,1955.555,11386.25,7540.607,2033.775,11147.07,8551.421,1982.074,10686.85,7289.683,2018.298,11206.24,8384.855,1974.46,10647.65
7479.357,1955.555,11385.12,7542.061,2033.775,11145.72,8552.585,1982.074,10685.25,7291.215,2018.298,11204.99,8386.405,1974.46,10646.43
7481.653,1955.555,11383.66,7544.12,2033.775,11143.95,8554.484,1982.074,10683.3,7293.282,2018.298,11203.22,8388.531,1974.46,10644.73
7483.281,1955.555,11382.55,7545.654,2033.775,11142.71,8555.813,1982.074,10681.84,7294.821,2018.298,11201.98,8390.03,1974.46,10643.44
7485.48,1955.555,11380.94,7547.829,2033.775,11141.06,8557.658,1982.074,10679.83,7297.003,2018.298,11200.35,8392.044,1974.46,10641.61
7487.077,1955.555,11379.78,7549.476,2033.775,11139.98,8558.99,1982.074,10678.38,7298.618,2018.298,11199.22,8393.455,1974.46,10640.23
7489.824,1955.555,11377.66,7552.316,2033.775,11137.98,8561.253,1982.074,10675.75,7301.339,2018.298,11197.06,8395.861,1974.46,10637.73
7490.452,1955.555,11377.19,7552.941,2033.775,11137.51,8561.743,1982.074,10675.14,7301.968,2018.298,11196.59,8396.359,1974.46,10637.12
7492.924,1955.555,11375.22,7555.401,2033.775,11135.52,8563.727,1982.074,10672.67,7304.486,2018.298,11194.68,8398.328,1974.46,10634.65
7494.069,1955.555,11374.24,7556.55,2033.775,11134.55,8564.748,1982.074,10671.57,7305.714,2018.298,11193.81,8399.304,1974.46,10633.5
7496.575,1955.555,11372.26,7559.056,2033.775,11132.56,8566.841,1982.074,10669.15,7308.21,2018.298,11191.82,8401.284,1974.46,10630.99
7497.843,1955.555,11371.45,7560.176,2033.775,11131.56,8567.788,1982.074,10667.98,7309.35,2018.298,11190.83,8402.254,1974.46,10629.84
7500.588,1955.555,11369.56,7562.728,2033.775,11129.42,8569.798,1982.074,10665.33,7311.942,2018.298,11188.75,8404.471,1974.46,10627.36
7502.224,1955.555,11368.36,7564.326,2033.775,11128.17,8571.11,1982.074,10663.78,7313.563,2018.298,11187.53,8405.872,1974.46,10625.89
7504.223,1955.555,11366.79,7566.378,2033.775,11126.67,8572.867,1982.074,10661.94,7315.495,2018.298,11185.87,8407.687,1974.46,10624.11
7505.737,1955.555,11365.52,7567.936,2033.775,11125.45,8574.187,1982.074,10660.47,7317.04,2018.298,11184.63,8409.121,1974.46,10622.75
7508.004,1955.555,11364,7570.136,2033.775,11123.84,8575.983,1982.074,10658.42,7319.222,2018.298,11183,8411.035,1974.46,10620.8
7509.612,1955.555,11362.85,7571.843,2033.775,11122.84,8577.362,1982.074,10657,7320.714,2018.298,11181.7,8412.264,1974.46,10619.25
7511.87,1955.555,11361.33,7574.194,2033.775,11121.47,8579.194,1982.074,10654.99,7322.824,2018.298,11179.98,8414.022,1974.46,10617.18
7513.477,1955.555,11360.17,7575.875,2033.775,11120.42,8580.48,1982.074,10653.48,7324.34,2018.298,11178.71,8415.353,1974.46,10615.71
7515.633,1955.555,11358.5,7578.135,2033.775,11118.9,8582.18,1982.074,10651.35,7326.482,2018.298,11177.02,8417.246,1974.46,10613.75
7517.582,1955.555,11357.17,7580.13,2033.775,11117.64,8583.59,1982.074,10649.46,7328.311,2018.298,11175.53,8418.941,1974.46,10612.11
7519.556,1955.555,11355.9,7582.209,2033.775,11116.54,8585.223,1982.074,10647.77,7330.179,2018.298,11174.1,8420.771,1974.46,10610.63
7520.797,1955.555,11355.04,7583.521,2033.775,11115.79,8586.235,1982.074,10646.65,7331.294,2018.298,11173.09,8421.962,1974.46,10609.7
7523.369,1955.555,11353.13,7586.25,2033.775,11114.12,8588.305,1982.074,10644.2,7333.661,2018.298,11170.93,8424.581,1974.46,10607.86
7525.208,1955.555,11351.67,7588.276,2033.775,11112.93,8589.764,1982.074,10642.36,7335.447,2018.298,11169.4,8426.457,1974.46,10606.44
7526.494,1955.555,11350.58,7589.702,2033.775,11112.03,8590.844,1982.074,10641.07,7336.765,2018.298,11168.35,8427.769,1974.46,10605.39
7529.001,1955.555,11348.87,7592.21,2033.775,11110.33,8592.79,1982.074,10638.74,7338.958,2018.298,11166.26,8430.063,1974.46,10603.41
7531.52,1955.555,11347.04,7594.73,2033.775,11108.5,8594.711,1982.074,10636.29,7341.28,2018.298,11164.18,8432.354,1974.46,10601.3
7532.138,1955.555,11346.56,7595.375,2033.775,11108.05,8595.187,1982.074,10635.67,7341.882,2018.298,11163.68,8432.966,1974.46,10600.81
7534.569,1955.555,11344.54,7598.131,2033.775,11106.5,8597.285,1982.074,10633.3,7344.327,2018.298,11161.67,8435.368,1974.46,10598.75
7535.754,1955.555,11343.59,7599.428,2033.775,11105.71,8598.271,1982.074,10632.15,7345.459,2018.298,11160.66,8436.547,1974.46,10597.79
7538.287,1955.555,11341.43,7602.319,2033.775,11104.06,8600.349,1982.074,10629.55,7348.016,2018.298,11158.53,8439.063,1974.46,10595.62
7539.812,1955.555,11340.1,7604.045,2033.775,11103,8601.764,1982.074,10628.1,7349.613,2018.298,11157.29,8440.551,1974.46,10594.24
7541.58,1955.555,11338.45,7606.063,2033.775,11101.67,8603.396,1982.074,10626.31,7351.567,2018.298,11155.86,8442.377,1974.46,10592.66
7543.23,1955.555,11336.86,7607.979,2033.775,11100.42,8604.885,1982.074,10624.58,7353.461,2018.298,11154.58,8444.089,1974.46,10591.13
7544.77,1955.555,11334.99,7609.961,2033.775,11099.02,8606.462,1982.074,10622.74,7355.531,2018.298,11153.32,8445.931,1974.46,10589.56
7546.285,1955.555,11333.27,7611.795,2033.775,11097.65,8607.898,1982.074,10620.95,7357.452,2018.298,11152.06,8447.816,1974.46,10588.25
7548.004,1955.555,11331.37,7613.787,2033.775,11096.04,8609.662,1982.074,10619.1,7359.546,2018.298,11150.59,8449.869,1974.46,10586.73
7549.385,1955.555,11329.95,7615.363,2033.775,11094.84,8610.982,1982.074,10617.62,7361.207,2018.298,11149.51,8451.422,1974.46,10585.5
7551.352,1955.555,11328.05,7617.651,2033.775,11093.34,8612.751,1982.074,10615.53,7363.482,2018.298,11147.99,8453.505,1974.46,10583.73
7552.811,1955.555,11326.71,7619.273,2033.775,11092.2,8613.983,1982.074,10613.98,7365.141,2018.298,11146.91,8454.973,1974.46,10582.39
7555.412,1955.555,11324.37,7622.084,2033.775,11090.12,8616.33,1982.074,10611.38,7368.037,2018.298,11144.95,8457.483,1974.46,10579.96
7555.961,1955.555,11323.81,7622.757,2033.775,11089.72,8616.838,1982.074,10610.79,7368.745,2018.298,11144.61,8458.029,1974.46,10579.39
7558.249,1955.555,11321.62,7625.419,2033.775,11088,8618.806,1982.074,10608.3,7371.555,2018.298,11143.15,8460.119,1974.46,10577.01
7559.378,1955.555,11320.61,7626.667,2033.775,11087.14,8619.767,1982.074,10607.13,7372.876,2018.298,11142.4,8461.065,1974.46,10575.83
7561.663,1955.555,11318.18,7629.345,2033.775,11085.16,8621.886,1982.074,10604.56,7375.728,2018.298,11140.68,8463.231,1974.46,10573.29
7563.097,1955.555,11316.75,7630.931,2033.775,11083.9,8623.12,1982.074,10602.95,7377.424,2018.298,11139.57,8464.596,1974.46,10571.8
7564.97,1955.555,11315.01,7632.957,2033.775,11082.33,8624.615,1982.074,10600.88,7379.522,2018.298,11138.1,8466.383,1974.46,10569.97
7566.466,1955.555,11313.7,7634.337,2033.775,11080.9,8625.75,1982.074,10599.25,7381.019,2018.298,11136.8,8467.679,1974.46,10568.46
7568.462,1955.555,11311.84,7636.298,2033.775,11079,8627.082,1982.074,10596.86,7382.978,2018.298,11134.9,8469.479,1974.46,10566.41
7570.241,1955.555,11310.29,7638.048,2033.775,11077.42,8628.302,1982.074,10594.84,7384.727,2018.298,11133.31,8471.096,1974.46,10564.69
7571.966,1955.555,11308.68,7639.846,2033.775,11075.89,8629.492,1982.074,10592.8,7386.523,2018.298,11131.78,8472.764,1974.46,10563.02
7573.743,1955.555,11307.13,7641.693,2033.775,11074.42,8630.749,1982.074,10590.81,7388.232,2018.298,11130.16,8474.346,1974.46,10561.27
7574.977,1955.555,11305.98,7642.893,2033.775,11073.24,8631.579,1982.074,10589.34,7389.492,2018.298,11129.04,8475.355,1974.46,10559.92
7577.26,1955.555,11303.98,7645.118,2033.775,11071.18,8633.155,1982.074,10586.75,7391.82,2018.298,11127.09,8477.137,1974.46,10557.47
7579.036,1955.555,11302.65,7646.797,2033.775,11069.73,8634.338,1982.074,10584.87,7393.538,2018.298,11125.69,8478.5,1974.46,10555.71
7581.409,1955.555,11300.74,7649.162,2033.775,11067.81,8635.842,1982.074,10582.22,7395.955,2018.298,11123.83,8480.446,1974.46,10553.37
7582.522,1955.555,11300.04,7650.118,2033.775,11066.91,8636.528,1982.074,10581.1,7396.984,2018.298,11123.02,8481.29,1974.46,10552.36
7585.318,1955.555,11298.29,7652.591,2033.775,11064.72,8638.343,1982.074,10578.34,7399.4,2018.298,11120.77,8483.488,1974.46,10549.9
7586.323,1955.555,11297.61,7653.524,2033.775,11063.95,8639.042,1982.074,10577.35,7400.314,2018.298,11119.97,8484.324,1974.46,10549.02
7588.67,1955.555,11295.92,7655.786,2033.775,11062.14,8640.482,1982.074,10574.84,7402.558,2018.298,11118.14,8486.39,1974.46,10547
7589.9,1955.555,11294.96,7657.015,2033.775,11061.19,8641.3,1982.074,10573.52,7403.794,2018.298,11117.2,8487.364,1974.46,10545.78
7592,1955.555,11293.23,7659.186,2033.775,11059.54,8642.808,1982.074,10571.25,7406.014,2018.298,11115.62,8489.141,1974.46,10543.72
7593.219,1955.555,11292.42,7660.429,2033.775,11058.76,8643.527,1982.074,10569.97,7407.235,2018.298,11114.81,8490.057,1974.46,10542.57
7595.388,1955.555,11290.87,7662.643,2033.775,11057.28,8644.801,1982.074,10567.63,7409.648,2018.298,11113.68,8491.79,1974.46,10540.55
7597.034,1955.555,11289.79,7664.238,2033.775,11056.13,8645.772,1982.074,10565.93,7411.406,2018.298,11112.8,8493.084,1974.46,10539.07
7599.233,1955.555,11288.26,7666.363,2033.775,11054.5,8647.175,1982.074,10563.64,7413.809,2018.298,11111.61,8494.915,1974.46,10537.11
7600.182,1955.555,11287.55,7667.325,2033.775,11053.81,8647.818,1982.074,10562.64,7414.854,2018.298,11111.05,8495.752,1974.46,10536.27
7602.303,1955.555,11286.14,7669.344,2033.775,11052.25,8649.271,1982.074,10560.55,7417.138,2018.298,11109.92,8497.423,1974.46,10534.35
7603.62,1955.555,11285.28,7670.45,2033.775,11051.14,8650.178,1982.074,10559.27,7418.522,2018.298,11109.18,8498.49,1974.46,10533.2
7605.877,1955.555,11283.87,7672.386,2033.775,11049.31,8651.786,1982.074,10557.15,7420.829,2018.298,11107.85,8500.364,1974.46,10531.31
7607.679,1955.555,11282.73,7673.984,2033.775,11047.9,8653.158,1982.074,10555.51,7422.685,2018.298,11106.8,8501.914,1974.46,10529.84
7609.485,1955.555,11281.6,7675.524,2033.775,11046.42,8654.653,1982.074,10553.99,7424.568,2018.298,11105.8,8503.415,1974.46,10528.33
7612.539,1955.555,11279.54,7678.266,2033.775,11043.97,8657.148,1982.074,10551.29,7427.763,2018.298,11103.97,8506.091,1974.46,10525.8
7612.975,1955.555,11279.22,7678.678,2033.775,11043.62,8657.5,1982.074,10550.88,7428.221,2018.298,11103.69,8506.47,1974.46,10525.41
7614.84,1955.555,11277.78,7680.405,2033.775,11042.02,8658.98,1982.074,10549.04,7430.247,2018.298,11102.48,8508.183,1974.46,10523.79
7617.265,1955.555,11276.18,7682.596,2033.775,11040.11,8660.905,1982.074,10546.87,7432.693,2018.298,11100.92,8510.535,1974.46,10522.09
7618.903,1955.555,11275.02,7684.146,2033.775,11038.84,8662.186,1982.074,10545.32,7434.445,2018.298,11099.94,8512.121,1974.46,10520.86
7619.499,1955.555,11274.61,7684.642,2033.775,11038.31,8662.666,1982.074,10544.78,7435.096,2018.298,11099.62,8512.684,1974.46,10520.41
7622.754,1955.555,11272.21,7687.505,2033.775,11035.45,8665.254,1982.074,10541.67,7438.677,2018.298,11097.73,8515.742,1974.46,10517.75
7624.7,1955.555,11270.75,7689.277,2033.775,11033.79,8666.743,1982.074,10539.75,7440.839,2018.298,11096.63,8517.522,1974.46,10516.1
7625.905,1955.555,11269.79,7690.437,2033.775,11032.77,8667.671,1982.074,10538.52,7442.188,2018.298,11095.89,8518.705,1974.46,10515.11
7626.461,1955.555,11269.32,7690.932,2033.775,11032.23,8668.033,1982.074,10537.89,7442.816,2018.298,11095.51,8519.25,1974.46,10514.63
7629.741,1955.555,11266.33,7694.042,2033.775,11029.07,8670.358,1982.074,10534.11,7446.553,2018.298,11093.12,8522.46,1974.46,10511.56
7631,1955.555,11265.25,7695.241,2033.775,11027.93,8671.271,1982.074,10532.73,7448.018,2018.298,11092.35,8523.571,1974.46,10510.33
7632.671,1955.555,11263.88,7696.794,2033.775,11026.42,8672.525,1982.074,10530.96,7449.9,2018.298,11091.27,8524.861,1974.46,10508.59
7633.941,1955.555,11262.76,7698.046,2033.775,11025.28,8673.502,1982.074,10529.58,7451.342,2018.298,11090.39,8525.913,1974.46,10507.27
7635.712,1955.555,11261.09,7699.731,2033.775,11023.52,8674.97,1982.074,10527.63,7453.506,2018.298,11089.27,8527.486,1974.46,10505.41
7637.62,1955.555,11259.41,7701.482,2033.775,11021.68,8676.306,1982.074,10525.47,7455.729,2018.298,11088.04,8529.092,1974.46,10503.44
7639.804,1955.555,11257.35,7703.618,2033.775,11019.57,8677.964,1982.074,10522.97,7458.43,2018.298,11086.73,8531.061,1974.46,10501.17
7641.826,1955.555,11255.56,7705.597,2033.775,11017.74,8679.526,1982.074,10520.77,7460.816,2018.298,11085.48,8532.895,1974.46,10499.2
7642.15,1955.555,11255.26,7705.929,2033.775,11017.44,8679.782,1982.074,10520.41,7461.219,2018.298,11085.28,8533.208,1974.46,10498.88
7644.256,1955.555,11253.07,7708.095,2033.775,11015.31,8681.391,1982.074,10517.83,7463.916,2018.298,11083.88,8535.208,1974.46,10496.59
7645.464,1955.555,11251.89,7709.248,2033.775,11014.08,8682.329,1982.074,10516.43,7465.386,2018.298,11083.06,8536.229,1974.46,10495.25
7647.079,1955.555,11250.28,7710.863,2033.775,11012.47,8683.626,1982.074,10514.55,7467.339,2018.298,11081.88,8537.672,1974.46,10493.48
7648.991,1955.555,11248.49,7712.775,2033.775,11010.68,8684.905,1982.074,10512.27,7469.688,2018.298,11080.72,8539.391,1974.46,10491.51
7649.281,1955.555,11248.24,7713.065,2033.775,11010.42,8685.104,1982.074,10511.94,7470.037,2018.298,11080.56,8539.653,1974.46,10491.23
7650.709,1955.555,11246.9,7714.536,2033.775,11009.13,8686.17,1982.074,10510.29,7471.779,2018.298,11079.67,8540.943,1974.46,10489.75
7652.073,1955.555,11245.5,7716.044,2033.775,11007.9,8687.285,1982.074,10508.69,7473.542,2018.298,11078.83,8542.277,1974.46,10488.33
7653.981,1955.555,11243.28,7718.214,2033.775,11005.93,8688.926,1982.074,10506.27,7476.148,2018.298,11077.49,8544.349,1974.46,10486.26
7655.393,1955.555,11241.74,7719.704,2033.775,11004.46,8690.152,1982.074,10504.58,7477.975,2018.298,11076.48,8545.636,1974.46,10484.61
7656.394,1955.555,11240.72,7720.756,2033.775,11003.49,8691.025,1982.074,10503.44,7479.203,2018.298,11075.74,8546.553,1974.46,10483.52
7657.567,1955.555,11239.39,7721.965,2033.775,11002.2,8691.902,1982.074,10501.9,7480.694,2018.298,11074.78,8547.734,1974.46,10482.19
7658.743,1955.555,11238.14,7723.175,2033.775,11000.98,8692.799,1982.074,10500.44,7482.104,2018.298,11073.8,8548.918,1974.46,10480.95
7659.369,1955.555,11237.51,7723.818,2033.775,11000.37,8693.285,1982.074,10499.7,7482.905,2018.298,11073.43,8549.549,1974.46,10480.33
7660.657,1955.555,11236.31,7725.138,2033.775,10999.21,8694.128,1982.074,10498.15,7484.472,2018.298,11072.63,8550.844,1974.46,10479.14
7661.659,1955.555,11235.09,7726.357,2033.775,10998.2,8694.93,1982.074,10496.79,7485.855,2018.298,11071.86,8551.971,1974.46,10478.03
7662.672,1955.555,11233.94,7727.574,2033.775,10997.26,8695.752,1982.074,10495.49,7487.232,2018.298,11071.18,8553.102,1974.46,10476.99
7664.046,1955.555,11232.47,7729.184,2033.775,10996.06,8696.883,1982.074,10493.83,7489.004,2018.298,11070.23,8554.536,1974.46,10475.58
7664.486,1955.555,11232.03,7729.67,2033.775,10995.67,8697.225,1982.074,10493.31,7489.543,2018.298,11069.92,8554.994,1974.46,10475.16
7665.646,1955.555,11230.79,7730.831,2033.775,10994.43,8698.2,1982.074,10491.93,7490.979,2018.298,11069.02,8556.272,1974.46,10474.05
7666.604,1955.555,11229.84,7731.79,2033.775,10993.48,8699.016,1982.074,10490.85,7492.153,2018.298,11068.35,8557.397,1974.46,10473.3
7667.469,1955.555,11228.85,7732.751,2033.775,10992.58,8699.842,1982.074,10489.82,7493.322,2018.298,11067.75,8558.467,1974.46,10472.53
7668.335,1955.555,11227.92,7733.701,2033.775,10991.74,8700.777,1982.074,10488.97,7494.431,2018.298,11067.13,8559.474,1974.46,10471.76
7668.983,1955.555,11227.1,7734.431,2033.775,10991,8701.521,1982.074,10488.24,7495.323,2018.298,11066.59,8560.278,1974.46,10471.1
7670.129,1955.555,11225.76,7735.711,2033.775,10989.78,8702.743,1982.074,10486.96,7496.807,2018.298,11065.63,8561.74,1974.46,10470.11
7670.388,1955.555,11225.48,7735.994,2033.775,10989.52,8703.007,1982.074,10486.68,7497.125,2018.298,11065.42,8562.052,1974.46,10469.88
7671.44,1955.555,11224.39,7737.137,2033.775,10988.54,8704.006,1982.074,10485.55,7498.372,2018.298,11064.56,8563.244,1974.46,10468.96
7672.224,1955.555,11223.64,7737.984,2033.775,10987.85,8704.787,1982.074,10484.79,7499.332,2018.298,11064.05,8564.082,1974.46,10468.26
7673.253,1955.555,11222.71,7739.09,2033.775,10987.02,8705.749,1982.074,10483.79,7500.532,2018.298,11063.35,8565.183,1974.46,10467.42
7673.49,1955.555,11222.46,7739.364,2033.775,10986.82,8705.977,1982.074,10483.54,7500.834,2018.298,11063.2,8565.465,1974.46,10467.23
7674.45,1955.555,11221.54,7740.412,2033.775,10985.99,8706.836,1982.074,10482.52,7502.003,2018.298,11062.56,8566.55,1974.46,10466.46
7675.155,1955.555,11220.89,7741.167,2033.775,10985.41,8707.507,1982.074,10481.84,7502.827,2018.298,11062.08,8567.311,1974.46,10465.88
7675.589,1955.555,11220.39,7741.652,2033.775,10984.95,8707.967,1982.074,10481.36,7503.39,2018.298,11061.72,8567.827,1974.46,10465.45
7676.371,1955.555,11219.53,7742.494,2033.775,10984.15,8708.738,1982.074,10480.49,7504.348,2018.298,11061.07,8568.713,1974.46,10464.71
7676.947,1955.555,11218.94,7743.111,2033.775,10983.61,8709.267,1982.074,10479.86,7505.042,2018.298,11060.62,8569.326,1974.46,10464.16
7677.538,1955.555,11218.38,7743.715,2033.775,10983.05,8709.771,1982.074,10479.21,7505.715,2018.298,11060.16,8569.938,1974.46,10463.61
7678.14,1955.555,11217.78,7744.359,2033.775,10982.5,8710.3,1982.074,10478.55,7506.482,2018.298,11059.8,8570.559,1974.46,10463.04
7678.79,1955.555,11217,7745.076,2033.775,10981.79,8710.958,1982.074,10477.78,7507.383,2018.298,11059.34,8571.278,1974.46,10462.33
7679.233,1955.555,11216.51,7745.544,2033.775,10981.32,8711.428,1982.074,10477.31,7507.979,2018.298,11059.04,8571.722,1974.46,10461.83
7679.698,1955.555,11216.02,7746.034,2033.775,10980.86,8711.927,1982.074,10476.86,7508.572,2018.298,11058.72,8572.187,1974.46,10461.34
7680.067,1955.555,11215.66,7746.42,2033.775,10980.51,8712.298,1982.074,10476.5,7509.018,2018.298,11058.46,8572.555,1974.46,10460.98
7680.733,1955.555,11215.05,7747.089,2033.775,10979.91,8712.926,1982.074,10475.85,7509.837,2018.298,11058.08,8573.221,1974.46,10460.37
7681.116,1955.555,11214.64,7747.514,2033.775,10979.54,8713.3,1982.074,10475.44,7510.334,2018.298,11057.83,8573.618,1974.46,10459.98
7681.631,1955.555,11214.13,7748.071,2033.775,10979.08,8713.773,1982.074,10474.89,7510.971,2018.298,11057.48,8574.152,1974.46,10459.49
7682.134,1955.555,11213.67,7748.574,2033.775,10978.61,8714.203,1982.074,10474.35,7511.561,2018.298,11057.13,8574.648,1974.46,10459.01
7682.526,1955.555,11213.33,7748.967,2033.775,10978.27,8714.567,1982.074,10473.98,7512.002,2018.298,11056.85,8575.036,1974.46,10458.67
7683.035,1955.555,11212.85,7749.506,2033.775,10977.84,8715.037,1982.074,10473.47,7512.579,2018.298,11056.47,8575.537,1974.46,10458.19
7683.431,1955.555,11212.43,7749.965,2033.775,10977.49,8715.413,1982.074,10473.04,7513.068,2018.298,11056.16,8575.891,1974.46,10457.73
7683.829,1955.555,11212.04,7750.432,2033.775,10977.18,8715.765,1982.074,10472.6,7513.564,2018.298,11055.9,8576.249,1974.46,10457.3
7684.063,1955.555,11211.78,7750.719,2033.775,10976.97,8715.988,1982.074,10472.33,7513.87,2018.298,11055.73,8576.482,1974.46,10457.04
7684.58,1955.555,11211.24,7751.314,2033.775,10976.52,8716.446,1982.074,10471.73,7514.509,2018.298,11055.34,8576.998,1974.46,10456.5
7684.89,1955.555,11210.93,7751.613,2033.775,10976.2,8716.724,1982.074,10471.4,7514.904,2018.298,11055.15,8577.309,1974.46,10456.19
7685.285,1955.555,11210.57,7751.995,2033.775,10975.82,8717.067,1982.074,10470.99,7515.382,2018.298,11054.91,8577.694,1974.46,10455.82
7685.591,1955.555,11210.2,7752.325,2033.775,10975.48,8717.418,1982.074,10470.66,7515.801,2018.298,11054.68,8578.049,1974.46,10455.5
7685.821,1955.555,11209.94,7752.573,2033.775,10975.23,8717.664,1982.074,10470.42,7516.1,2018.298,11054.5,8578.326,1974.46,10455.29
7686.211,1955.555,11209.53,7752.991,2033.775,10974.85,8718.053,1982.074,10470,7516.58,2018.298,11054.2,8578.791,1974.46,10454.96
7686.521,1955.555,11209.22,7753.32,2033.775,10974.57,8718.353,1982.074,10469.69,7516.94,2018.298,11053.95,8579.139,1974.46,10454.7
7686.807,1955.555,11208.91,7753.649,2033.775,10974.3,8718.634,1982.074,10469.37,7517.281,2018.298,11053.71,8579.468,1974.46,10454.43
7687.013,1955.555,11208.7,7753.852,2033.775,10974.09,8718.822,1982.074,10469.15,7517.518,2018.298,11053.53,8579.692,1974.46,10454.25
7687.435,1955.555,11208.21,7754.305,2033.775,10973.62,8719.301,1982.074,10468.71,7518.001,2018.298,11053.1,8580.226,1974.46,10453.87
7687.575,1955.555,11208.05,7754.455,2033.775,10973.48,8719.449,1982.074,10468.56,7518.161,2018.298,11052.96,8580.393,1974.46,10453.75
7687.885,1955.555,11207.72,7754.781,2033.775,10973.16,8719.761,1982.074,10468.23,7518.517,2018.298,11052.69,8580.745,1974.46,10453.46
7688.141,1955.555,11207.47,7755.048,2033.775,10972.92,8720,1982.074,10467.96,7518.807,2018.298,11052.47,8581.019,1974.46,10453.23
7688.308,1955.555,11207.32,7755.222,2033.775,10972.78,8720.146,1982.074,10467.79,7518.995,2018.298,11052.34,8581.187,1974.46,10453.08
7688.644,1955.555,11206.97,7755.591,2033.775,10972.47,8720.461,1982.074,10467.42,7519.39,2018.298,11052.07,8581.582,1974.46,10452.8
7688.845,1955.555,11206.78,7755.797,2033.775,10972.28,8720.669,1982.074,10467.24,7519.614,2018.298,11051.9,8581.807,1974.46,10452.63
7689.09,1955.555,11206.55,7756.029,2033.775,10972.04,8720.906,1982.074,10467.01,7519.884,2018.298,11051.71,8582.074,1974.46,10452.44
7689.317,1955.555,11206.36,7756.245,2033.775,10971.84,8721.113,1982.074,10466.79,7520.123,2018.298,11051.53,8582.31,1974.46,10452.26
7689.575,1955.555,11206.19,7756.477,2033.775,10971.63,8721.322,1982.074,10466.56,7520.374,2018.298,11051.35,8582.549,1974.46,10452.06
7689.802,1955.555,11206.03,7756.692,2033.775,10971.45,8721.503,1982.074,10466.35,7520.598,2018.298,11051.18,8582.763,1974.46,10451.88
7690.033,1955.555,11205.85,7756.91,2033.775,10971.26,8721.684,1982.074,10466.12,7520.836,2018.298,11051.02,8583.003,1974.46,10451.72
7690.301,1955.555,11205.63,7757.162,2033.775,10971.03,8721.907,1982.074,10465.86,7521.112,2018.298,11050.81,8583.283,1974.46,10451.52
7690.469,1955.555,11205.51,7757.318,2033.775,10970.89,8722.055,1982.074,10465.71,7521.283,2018.298,11050.69,8583.448,1974.46,10451.39
7690.711,1955.555,11205.32,7757.552,2033.775,10970.69,8722.266,1982.074,10465.49,7521.53,2018.298,11050.51,8583.689,1974.46,10451.2
7690.9,1955.555,11205.16,7757.746,2033.775,10970.53,8722.449,1982.074,10465.32,7521.727,2018.298,11050.36,8583.879,1974.46,10451.04
7691.079,1955.555,11205,7757.916,2033.775,10970.36,8722.621,1982.074,10465.16,7521.899,2018.298,11050.19,8584.057,1974.46,10450.88
7691.249,1955.555,11204.84,7758.076,2033.775,10970.2,8722.782,1982.074,10464.99,7522.072,2018.298,11050.04,8584.229,1974.46,10450.72
7691.406,1955.555,11204.71,7758.226,2033.775,10970.05,8722.922,1982.074,10464.83,7522.231,2018.298,11049.9,8584.393,1974.46,10450.6
7691.642,1955.555,11204.49,7758.464,2033.775,10969.83,8723.131,1982.074,10464.59,7522.475,2018.298,11049.69,8584.639,1974.46,10450.39
7691.799,1955.555,11204.35,7758.623,2033.775,10969.7,8723.269,1982.074,10464.43,7522.631,2018.298,11049.55,8584.813,1974.46,10450.27
7692.039,1955.555,11204.13,7758.877,2033.775,10969.5,8723.478,1982.074,10464.18,7522.871,2018.298,11049.33,8585.08,1974.46,10450.09
7692.196,1955.555,11203.99,7759.044,2033.775,10969.37,8723.613,1982.074,10464.02,7523.029,2018.298,11049.2,8585.247,1974.46,10449.96
7692.349,1955.555,11203.85,7759.214,2033.775,10969.25,8723.751,1982.074,10463.87,7523.186,2018.298,11049.06,8585.416,1974.46,10449.84
7692.506,1955.555,11203.71,7759.398,2033.775,10969.15,8723.899,1982.074,10463.72,7523.347,2018.298,11048.93,8585.588,1974.46,10449.72
7692.659,1955.555,11203.57,7759.579,2033.775,10969.05,8724.048,1982.074,10463.58,7523.512,2018.298,11048.8,8585.756,1974.46,10449.6
7692.825,1955.555,11203.43,7759.766,2033.775,10968.93,8724.205,1982.074,10463.42,7523.68,2018.298,11048.66,8585.93,1974.46,10449.46
7692.999,1955.555,11203.31,7759.939,2033.775,10968.82,8724.349,1982.074,10463.27,7523.827,2018.298,11048.51,8586.091,1974.46,10449.33
7693.168,1955.555,11203.19,7760.108,2033.775,10968.7,8724.487,1982.074,10463.12,7523.976,2018.298,11048.37,8586.248,1974.46,10449.2
7693.334,1955.555,11203.06,7760.274,2033.775,10968.57,8724.629,1982.074,10462.96,7524.128,2018.298,11048.22,8586.422,1974.46,10449.08
7693.496,1955.555,11202.93,7760.425,2033.775,10968.43,8724.766,1982.074,10462.8,7524.286,2018.298,11048.09,8586.592,1974.46,10448.96
7693.665,1955.555,11202.81,7760.582,2033.775,10968.29,8724.917,1982.074,10462.66,7524.445,2018.298,11047.95,8586.758,1974.46,10448.84
7693.835,1955.555,11202.69,7760.736,2033.775,10968.15,8725.07,1982.074,10462.52,7524.609,2018.298,11047.82,8586.93,1974.46,10448.72
7694,1955.555,11202.56,7760.883,2033.775,10968,8725.218,1982.074,10462.37,7524.777,2018.298,11047.7,8587.104,1974.46,10448.6
7694.165,1955.555,11202.43,7761.036,2033.775,10967.86,8725.365,1982.074,10462.22,7524.947,2018.298,11047.58,8587.274,1974.46,10448.48
7694.335,1955.555,11202.31,7761.192,2033.775,10967.72,8725.517,1982.074,10462.08,7525.121,2018.298,11047.46,8587.443,1974.46,10448.36
7694.504,1955.555,11202.19,7761.338,2033.775,10967.57,8725.664,1982.074,10461.93,7525.292,2018.298,11047.34,8587.61,1974.46,10448.23
7694.667,1955.555,11202.06,7761.488,2033.775,10967.43,8725.806,1982.074,10461.78,7525.466,2018.298,11047.22,8587.771,1974.46,10448.1
7694.833,1955.555,11201.93,7761.642,2033.775,10967.29,8725.941,1982.074,10461.62,7525.636,2018.298,11047.1,8587.94,1974.46,10447.98
7694.995,1955.555,11201.8,7761.793,2033.775,10967.14,8726.072,1982.074,10461.46,7525.81,2018.298,11046.99,8588.105,1974.46,10447.85
7695.152,1955.555,11201.67,7761.941,2033.775,10967,8726.212,1982.074,10461.3,7525.979,2018.298,11046.87,8588.271,1974.46,10447.73
7695.305,1955.555,11201.52,7762.094,2033.775,10966.85,8726.347,1982.074,10461.14,7526.153,2018.298,11046.75,8588.432,1974.46,10447.59
7695.462,1955.555,11201.39,7762.251,2033.775,10966.72,8726.497,1982.074,10461,7526.33,2018.298,11046.64,8588.588,1974.46,10447.46
7695.615,1955.555,11201.25,7762.413,2033.775,10966.59,8726.648,1982.074,10460.86,7526.502,2018.298,11046.53,8588.74,1974.46,10447.31
7695.797,1955.555,11201.08,7762.606,2033.775,10966.44,8726.818,1982.074,10460.68,7526.711,2018.298,11046.4,8588.917,1974.46,10447.15
7696.058,1955.555,11200.9,7762.851,2033.775,10966.23,8727.039,1982.074,10460.45,7526.989,2018.298,11046.24,8589.112,1974.46,10446.89
7696.373,1955.555,11200.7,7763.115,2033.775,10965.97,8727.283,1982.074,10460.17,7527.3,2018.298,11046.04,8589.346,1974.46,10446.6
7696.773,1955.555,11200.44,7763.47,2033.775,10965.65,8727.617,1982.074,10459.83,7527.696,2018.298,11045.77,8589.66,1974.46,10446.24
7697.12,1955.555,11200.19,7763.792,2033.775,10965.37,8727.902,1982.074,10459.51,7528.038,2018.298,11045.52,8589.949,1974.46,10445.93
7697.98,1955.555,11199.54,7764.636,2033.775,10964.7,8728.636,1982.074,10458.72,7528.891,2018.298,11044.86,8590.678,1974.46,10445.13
7698.143,1955.555,11199.41,7764.803,2033.775,10964.57,8728.772,1982.074,10458.56,7529.06,2018.298,11044.73,8590.818,1974.46,10444.98
7698.861,1955.555,11198.79,7765.583,2033.775,10964.03,8729.453,1982.074,10457.9,7529.847,2018.298,11044.2,8591.481,1974.46,10444.3
7699.22,1955.555,11198.46,7765.974,2033.775,10963.74,8729.792,1982.074,10457.55,7530.287,2018.298,11043.99,8591.796,1974.46,10443.93
7699.756,1955.555,11198,7766.565,2033.775,10963.35,8730.267,1982.074,10457.02,7530.915,2018.298,11043.66,8592.271,1974.46,10443.4
7700.391,1955.555,11197.52,7767.209,2033.775,10962.89,8730.799,1982.074,10456.44,7531.618,2018.298,11043.3,8592.774,1974.46,10442.79
7701.093,1955.555,11196.96,7767.924,2033.775,10962.35,8731.38,1982.074,10455.75,7532.411,2018.298,11042.88,8593.365,1974.46,10442.11
7702.092,1955.555,11196.35,7768.729,2033.775,10961.49,8732.109,1982.074,10454.84,7533.427,2018.298,11042.29,8594.166,1974.46,10441.26
7702.554,1955.555,11196.04,7769.116,2033.775,10961.1,8732.469,1982.074,10454.41,7533.911,2018.298,11042.02,8594.558,1974.46,10440.86
7703.54,1955.555,11195.34,7769.952,2033.775,10960.22,8733.221,1982.074,10453.47,7534.952,2018.298,11041.41,8595.438,1974.46,10440.04
7704.416,1955.555,11194.77,7770.701,2033.775,10959.49,8733.898,1982.074,10452.67,7535.835,2018.298,11040.84,8596.225,1974.46,10439.34
7704.986,1955.555,11194.37,7771.215,2033.775,10959.02,8734.392,1982.074,10452.18,7536.427,2018.298,11040.47,8596.771,1974.46,10438.91
7706.198,1955.555,11193.45,7772.271,2033.775,10957.93,8735.431,1982.074,10451.07,7537.687,2018.298,11039.63,8597.93,1974.46,10437.93
7707.107,1955.555,11192.72,7773.109,2033.775,10957.11,8736.201,1982.074,10450.19,7538.742,2018.298,11039.13,8598.812,1974.46,10437.17
7707.969,1955.555,11191.98,7773.905,2033.775,10956.3,8736.924,1982.074,10449.31,7539.758,2018.298,11038.62,8599.704,1974.46,10436.46
7709.45,1955.555,11190.69,7775.304,2033.775,10954.92,8738.304,1982.074,10447.92,7541.48,2018.298,11037.68,8601.205,1974.46,10435.2
7710.015,1955.555,11190.16,7775.872,2033.775,10954.4,8738.828,1982.074,10447.35,7542.146,2018.298,11037.28,8601.779,1974.46,10434.68
7710.762,1955.555,11189.46,7776.65,2033.775,10953.73,8739.502,1982.074,10446.58,7543.014,2018.298,11036.73,8602.521,1974.46,10433.97
7711.805,1955.555,11188.54,7777.734,2033.775,10952.86,8740.429,1982.074,10445.54,7544.198,2018.298,11036,8603.556,1974.46,10433.04
7712.72,1955.555,11187.6,7778.724,2033.775,10952,8741.318,1982.074,10444.57,7545.305,2018.298,11035.3,8604.549,1974.46,10432.18
7714.1,1955.555,11186.14,7780.281,2033.775,10950.73,8742.719,1982.074,10443.14,7546.964,2018.298,11034.17,8606.205,1974.46,10431.05
7714.433,1955.555,11185.8,7780.66,2033.775,10950.45,8743.078,1982.074,10442.83,7547.367,2018.298,11033.92,8606.589,1974.46,10430.77
7715.908,1955.555,11184.39,7782.324,2033.775,10949.27,8744.572,1982.074,10441.44,7549.057,2018.298,11032.78,8608.194,1974.46,10429.51
7716.84,1955.555,11183.56,7783.413,2033.775,10948.65,8745.461,1982.074,10440.56,7550.07,2018.298,11032.04,8609.153,1974.46,10428.71
7717.891,1955.555,11182.38,7784.795,2033.775,10947.88,8746.549,1982.074,10439.41,7551.243,2018.298,11030.98,8610.457,1974.46,10427.81
7718.907,1955.555,11181.31,7786.062,2033.775,10947.13,8747.574,1982.074,10438.35,7552.371,2018.298,11030.03,8611.661,1974.46,10426.96
7720.13,1955.555,11180.1,7787.506,2033.775,10946.2,8748.727,1982.074,10437.08,7553.603,2018.298,11028.84,8613.085,1974.46,10426
7721.298,1955.555,11179.02,7788.815,2033.775,10945.29,8749.755,1982.074,10435.86,7554.78,2018.298,11027.77,8614.374,1974.46,10425.07
7722.48,1955.555,11177.92,7790.217,2033.775,10944.48,8750.807,1982.074,10434.63,7556.013,2018.298,11026.72,8615.654,1974.46,10424.08
7723.54,1955.555,11176.67,7791.605,2033.775,10943.62,8751.827,1982.074,10433.36,7557.292,2018.298,11025.7,8616.993,1974.46,10423.14
7724.384,1955.555,11175.62,7792.759,2033.775,10942.93,8752.702,1982.074,10432.33,7558.292,2018.298,11024.8,8618.07,1974.46,10422.33
7725.611,1955.555,11174.2,7794.34,2033.775,10941.91,8753.878,1982.074,10430.86,7559.73,2018.298,11023.58,8619.538,1974.46,10421.15
7726.812,1955.555,11172.82,7795.864,2033.775,10940.9,8754.865,1982.074,10429.33,7561.162,2018.298,11022.45,8620.923,1974.46,10419.97
7727.988,1955.555,11171.56,7797.272,2033.775,10939.91,8755.754,1982.074,10427.85,7562.549,2018.298,11021.43,8622.199,1974.46,10418.81
7728.907,1955.555,11170.64,7798.337,2033.775,10939.16,8756.461,1982.074,10426.76,7563.622,2018.298,11020.69,8623.134,1974.46,10417.9
7730.515,1955.555,11169.13,7800.1,2033.775,10937.83,8757.719,1982.074,10424.95,7565.573,2018.298,11019.66,8624.768,1974.46,10416.42
7731.453,1955.555,11168.19,7801.135,2033.775,10937,8758.451,1982.074,10423.84,7566.735,2018.298,11019.02,8625.819,1974.46,10415.6
7733.094,1955.555,11166.65,7802.934,2033.775,10935.65,8759.595,1982.074,10421.9,7568.667,2018.298,11017.86,8627.604,1974.46,10414.23
7734.457,1955.555,11165.45,7804.466,2033.775,10934.67,8760.568,1982.074,10420.36,7570.194,2018.298,11016.88,8629.104,1974.46,10413.21
7735.873,1955.555,11164.28,7806.092,2033.775,10933.82,8761.55,1982.074,10418.81,7571.703,2018.298,11015.84,8630.583,1974.46,10412.12
7737.264,1955.555,11163.06,7807.707,2033.775,10932.92,8762.593,1982.074,10417.28,7573.191,2018.298,11014.73,8632.041,1974.46,10410.98
7738.485,1955.555,11162.05,7809.059,2033.775,10932.09,8763.416,1982.074,10415.93,7574.493,2018.298,11013.83,8633.254,1974.46,10409.96
7740.582,1955.555,11160.21,7811.428,2033.775,10930.62,8764.945,1982.074,10413.59,7576.939,2018.298,11012.49,8635.334,1974.46,10408.1
7741.069,1955.555,11159.81,7811.953,2033.775,10930.26,8765.309,1982.074,10413.08,7577.494,2018.298,11012.18,8635.83,1974.46,10407.71
7743.193,1955.555,11158.4,7814.021,2033.775,10928.78,8766.84,1982.074,10411.04,7579.688,2018.298,11010.89,8637.78,1974.46,10406.07
7744.767,1955.555,11157.28,7815.551,2033.775,10927.6,8768.051,1982.074,10409.54,7581.317,2018.298,11009.85,8639.269,1974.46,10404.84
7746.308,1955.555,11156.11,7817.123,2033.775,10926.47,8769.313,1982.074,10408.07,7583.042,2018.298,11008.97,8640.72,1974.46,10403.56
7747.823,1955.555,11154.87,7818.672,2033.775,10925.28,8770.539,1982.074,10406.55,7584.752,2018.298,11008.03,8642.235,1974.46,10402.33
7748.93,1955.555,11153.91,7819.733,2033.775,10924.26,8771.472,1982.074,10405.42,7586.012,2018.298,11007.28,8643.342,1974.46,10401.36
7750.876,1955.555,11152.39,7821.578,2033.775,10922.62,8773.105,1982.074,10403.56,7588.094,2018.298,11005.94,8645.243,1974.46,10399.78
7752.016,1955.555,11151.43,7822.658,2033.775,10921.6,8774.082,1982.074,10402.44,7589.317,2018.298,11005.1,8646.354,1974.46,10398.8
7753.967,1955.555,11149.87,7824.484,2033.775,10919.89,8775.979,1982.074,10400.81,7591.395,2018.298,11003.71,8648.234,1974.46,10397.15
7755.109,1955.555,11148.89,7825.616,2033.775,10918.9,8777.086,1982.074,10399.79,7592.654,2018.298,11002.88,8649.332,1974.46,10396.12
7757.091,1955.555,11147.32,7827.388,2033.775,10917.09,8778.891,1982.074,10398.02,7594.726,2018.298,11001.43,8651.137,1974.46,10394.35
7758.251,1955.555,11146.33,7828.489,2033.775,10916.04,8779.941,1982.074,10396.92,7596.046,2018.298,11000.68,8652.257,1974.46,10393.32
7760.351,1955.555,11144.88,7830.394,2033.775,10914.34,8781.746,1982.074,10395.11,7598.219,2018.298,10999.33,8654.142,1974.46,10391.59
7762.004,1955.555,11143.66,7831.968,2033.775,10913.02,8783.28,1982.074,10393.75,7599.927,2018.298,10998.2,8655.738,1974.46,10390.3
7763.134,1955.555,11142.94,7832.99,2033.775,10912.16,8784.287,1982.074,10392.87,7601.019,2018.298,10997.42,8656.753,1974.46,10389.43
7765.607,1955.555,11141.36,7835.291,2033.775,10910.33,8786.427,1982.074,10390.86,7603.352,2018.298,10995.64,8658.911,1974.46,10387.44
7767.074,1955.555,11140.43,7836.546,2033.775,10909.13,8787.654,1982.074,10389.63,7604.767,2018.298,10994.63,8660.154,1974.46,10386.23
7769.558,1955.555,11138.77,7838.719,2033.775,10907.08,8789.698,1982.074,10387.44,7607.163,2018.298,10992.84,8662.141,1974.46,10383.99
7770.125,1955.555,11138.36,7839.243,2033.775,10906.61,8790.159,1982.074,10386.92,7607.691,2018.298,10992.38,8662.563,1974.46,10383.43
7772.46,1955.555,11136.56,7841.512,2033.775,10904.73,8792.313,1982.074,10384.9,7609.982,2018.298,10990.53,8664.421,1974.46,10381.14
7773.913,1955.555,11135.55,7842.72,2033.775,10903.44,8793.565,1982.074,10383.65,7611.392,2018.298,10989.46,8665.519,1974.46,10379.75
7775.779,1955.555,11134.16,7844.315,2033.775,10901.75,8795.176,1982.074,10381.98,7613.291,2018.298,10988.11,8667.021,1974.46,10377.98
7777.304,1955.555,11133.18,7845.599,2033.775,10900.47,8796.386,1982.074,10380.63,7614.625,2018.298,10986.89,8668.235,1974.46,10376.64
7779.917,1955.555,11131.39,7847.918,2033.775,10898.31,8798.425,1982.074,10378.21,7617.028,2018.298,10984.83,8670.23,1974.46,10374.17
7780.493,1955.555,11130.97,7848.458,2033.775,10897.84,8798.903,1982.074,10377.67,7617.585,2018.298,10984.38,8670.666,1974.46,10373.61
7782.746,1955.555,11129.19,7850.656,2033.775,10896,8800.749,1982.074,10375.48,7619.878,2018.298,10982.66,8672.484,1974.46,10371.39
7784.395,1955.555,11127.81,7852.352,2033.775,10894.67,8802.189,1982.074,10373.88,7621.643,2018.298,10981.42,8673.904,1974.46,10369.77
7786.111,1955.555,11126.49,7854.098,2033.775,10893.39,8803.685,1982.074,10372.31,7623.373,2018.298,10980.12,8675.383,1974.46,10368.19
7787.533,1955.555,11125.32,7855.67,2033.775,10892.44,8805.045,1982.074,10371.07,7624.674,2018.298,10978.82,8676.684,1974.46,10366.89
7789.645,1955.555,11123.97,7857.767,2033.775,10891.07,8806.84,1982.074,10369.32,7626.503,2018.298,10977.1,8678.478,1974.46,10365.14
7791.191,1955.555,11122.96,7859.327,2033.775,10890.07,8808.123,1982.074,10367.99,7627.894,2018.298,10975.88,8679.616,1974.46,10363.68
7793.247,1955.555,11121.51,7861.402,2033.775,10888.65,8809.807,1982.074,10366.12,7629.838,2018.298,10974.29,8681.229,1974.46,10361.75
7794.997,1955.555,11120.19,7863.17,2033.775,10887.35,8811.244,1982.074,10364.47,7631.578,2018.298,10972.96,8682.675,1974.46,10360.1
7796.278,1955.555,11119.15,7864.466,2033.775,10886.34,8812.388,1982.074,10363.28,7632.917,2018.298,10972,8683.801,1974.46,10358.9
7798.694,1955.555,11117.06,7866.739,2033.775,10884.09,8814.528,1982.074,10360.91,7635.389,2018.298,10969.98,8686.06,1974.46,10356.64
7799.622,1955.555,11116.48,7867.546,2033.775,10883.35,8815.363,1982.074,10360.2,7636.262,2018.298,10969.31,8686.861,1974.46,10355.89
7802.012,1955.555,11114.87,7869.725,2033.775,10881.47,8817.489,1982.074,10358.26,7638.492,2018.298,10967.49,8689.026,1974.46,10353.99
7803.271,1955.555,11113.96,7870.901,2033.775,10880.45,8818.644,1982.074,10357.22,7639.726,2018.298,10966.55,8690.22,1974.46,10353
7805.554,1955.555,11112.2,7873.146,2033.775,10878.65,8820.724,1982.074,10355.22,7641.775,2018.298,10964.52,8692.375,1974.46,10351.09
7806.88,1955.555,11111.38,7874.39,2033.775,10877.71,8821.812,1982.074,10354.11,7642.917,2018.298,10963.46,8693.683,1974.46,10350.24
7809.948,1955.555,11109.35,7877.257,2033.775,10875.4,8824.332,1982.074,10351.43,7645.698,2018.298,10961.05,8696.714,1974.46,10348.15
7810.769,1955.555,11108.77,7878.017,2033.775,10874.74,8824.997,1982.074,10350.67,7646.48,2018.298,10960.41,8697.524,1974.46,10347.55
7812.906,1955.555,11107.14,7880.098,2033.775,10873.04,8826.704,1982.074,10348.6,7648.62,2018.298,10958.79,8699.632,1974.46,10345.89
7814.644,1955.555,11105.72,7881.881,2033.775,10871.68,8828.008,1982.074,10346.77,7650.245,2018.298,10957.25,8701.344,1974.46,10344.44
7815.77,1955.555,11104.8,7883.056,2033.775,10870.82,8828.793,1982.074,10345.55,7651.333,2018.298,10956.28,8702.425,1974.46,10343.47
7818.258,1955.555,11102.81,7885.618,2033.775,10868.92,8830.6,1982.074,10342.92,7653.784,2018.298,10954.24,8704.773,1974.46,10341.31
7819.818,1955.555,11101.77,7887.124,2033.775,10867.81,8831.711,1982.074,10341.41,7655.219,2018.298,10953.03,8706.019,1974.46,10339.91
7821.825,1955.555,11100.51,7888.98,2033.775,10866.34,8833.042,1982.074,10339.45,7657.083,2018.298,10951.57,8707.613,1974.46,10338.16
7823.604,1955.555,11099.31,7890.662,2033.775,10865,8834.305,1982.074,10337.72,7658.797,2018.298,10950.28,8709.107,1974.46,10336.62
7825.62,1955.555,11097.85,7892.662,2033.775,10863.52,8835.835,1982.074,10335.75,7660.779,2018.298,10948.77,8710.833,1974.46,10334.82
7827.241,1955.555,11096.8,7894.201,2033.775,10862.36,8837.069,1982.074,10334.27,7662.33,2018.298,10947.63,8712.215,1974.46,10333.48
7829.385,1955.555,11095.32,7896.229,2033.775,10860.72,8838.612,1982.074,10332.17,7664.28,2018.298,10945.9,8714.142,1974.46,10331.72
7831.484,1955.555,11093.76,7898.191,2033.775,10858.99,8840.133,1982.074,10330.04,7666.21,2018.298,10944.13,8716.015,1974.46,10329.9
7833.118,1955.555,11092.47,7899.685,2033.775,10857.54,8841.401,1982.074,10328.39,7667.795,2018.298,10942.78,8717.518,1974.46,10328.45
7834.561,1955.555,11091.24,7901.083,2033.775,10856.26,8842.602,1982.074,10326.92,7669.173,2018.298,10941.48,8718.924,1974.46,10327.19
7836.787,1955.555,11089.86,7903.076,2033.775,10854.56,8844.076,1982.074,10324.76,7671.137,2018.298,10939.75,8720.901,1974.46,10325.47
7838.973,1955.555,11088.4,7905.046,2033.775,10852.82,8845.626,1982.074,10322.63,7673.164,2018.298,10938.07,8722.842,1974.46,10323.69
7839.928,1955.555,11087.78,7905.84,2033.775,10852,8846.326,1982.074,10321.74,7674.042,2018.298,10937.35,8723.688,1974.46,10322.93
7842.367,1955.555,11086.08,7907.983,2033.775,10849.94,8848.209,1982.074,10319.44,7676.397,2018.298,10935.53,8725.985,1974.46,10321.05
7843.646,1955.555,11085.13,7909.17,2033.775,10848.88,8849.187,1982.074,10318.17,7677.693,2018.298,10934.6,8727.187,1974.46,10320
7845.981,1955.555,11083.26,7911.455,2033.775,10846.95,8851.092,1982.074,10315.87,7680.173,2018.298,10932.94,8729.555,1974.46,10318.17
7847.856,1955.555,11081.94,7913.225,2033.775,10845.49,8852.497,1982.074,10314.06,7682.228,2018.298,10931.91,8731.418,1974.46,10316.84
7849.415,1955.555,11080.76,7914.772,2033.775,10844.3,8853.643,1982.074,10312.48,7683.947,2018.298,10930.99,8733.041,1974.46,10315.75
7851.604,1955.555,11079.29,7916.913,2033.775,10842.76,8855.118,1982.074,10310.29,7686.225,2018.298,10929.66,8735.278,1974.46,10314.35
7853.194,1955.555,11078.14,7918.465,2033.775,10841.56,8856.161,1982.074,10308.63,7687.886,2018.298,10928.62,8736.975,1974.46,10313.37
7855.899,1955.555,11076.06,7921.237,2033.775,10839.57,8857.884,1982.074,10305.68,7690.718,2018.298,10926.71,8739.983,1974.46,10311.75
7856.491,1955.555,11075.57,7921.908,2033.775,10839.19,8858.249,1982.074,10305,7691.34,2018.298,10926.26,8740.671,1974.46,10311.41
7858.908,1955.555,11073.68,7924.542,2033.775,10837.62,8859.621,1982.074,10302.26,7693.771,2018.298,10924.38,8743.464,1974.46,10310.13
7860.677,1955.555,11072.2,7926.482,2033.775,10836.37,8860.584,1982.074,10300.16,7695.44,2018.298,10922.79,8745.593,1974.46,10309.24
7862.314,1955.555,11070.73,7928.289,2033.775,10835.12,8861.436,1982.074,10298.14,7697.079,2018.298,10921.33,8747.646,1974.46,10308.46
7863.986,1955.555,11069.33,7930.041,2033.775,10833.82,8862.215,1982.074,10296.1,7698.751,2018.298,10919.93,8749.707,1974.46,10307.75
7866.726,1955.555,11067.19,7932.767,2033.775,10831.66,8863.352,1982.074,10292.81,7701.491,2018.298,10917.78,8753.029,1974.46,10306.72
7868.557,1955.555,11065.77,7934.339,2033.775,10829.96,8864.035,1982.074,10290.6,7703.359,2018.298,10916.42,8755.259,1974.46,10306.1
7869.328,1955.555,11065.25,7934.993,2033.775,10829.3,8864.281,1982.074,10289.71,7704.082,2018.298,10915.83,8756.158,1974.46,10305.86
7871.568,1955.555,11063.64,7936.999,2033.775,10827.4,8864.924,1982.074,10287.02,7706.125,2018.298,10913.97,8758.849,1974.46,10305.24
7872.92,1955.555,11062.59,7938.261,2033.775,10826.25,8865.376,1982.074,10285.37,7707.427,2018.298,10912.86,8760.5,1974.46,10304.79
7875.218,1955.555,11061.11,7940.314,2033.775,10824.44,8866.186,1982.074,10282.76,7709.555,2018.298,10911.14,8763.117,1974.46,10304
7876.96,1955.555,11059.9,7941.877,2033.775,10823.01,8866.878,1982.074,10280.75,7711.14,2018.298,10909.74,8765.124,1974.46,10303.32
7878.045,1955.555,11059.1,7942.903,2033.775,10822.13,8867.361,1982.074,10279.49,7712.178,2018.298,10908.87,8766.388,1974.46,10302.84
7880.153,1955.555,11057.42,7944.784,2033.775,10820.2,8868.406,1982.074,10277.01,7714.304,2018.298,10907.22,8768.875,1974.46,10301.81
7881.134,1955.555,11056.62,7945.699,2033.775,10819.32,8868.937,1982.074,10275.86,7715.33,2018.298,10906.48,8770.029,1974.46,10301.29
7883.146,1955.555,11055.09,7947.581,2033.775,10817.63,8870.068,1982.074,10273.6,7717.423,2018.298,10905.06,8772.297,1974.46,10300.17
7884.609,1955.555,11054.02,7948.968,2033.775,10816.47,8870.932,1982.074,10272.01,7718.889,2018.298,10903.99,8773.894,1974.46,10299.31
7885.621,1955.555,11053.32,7949.802,2033.775,10815.57,8871.552,1982.074,10270.95,7719.804,2018.298,10903.18,8774.956,1974.46,10298.7
7887.414,1955.555,11052.01,7951.368,2033.775,10813.99,8872.738,1982.074,10269.06,7721.51,2018.298,10901.75,8776.846,1974.46,10297.52
7888.872,1955.555,11051.09,7952.618,2033.775,10812.8,8873.703,1982.074,10267.64,7722.866,2018.298,10900.69,8778.276,1974.46,10296.57
7890.404,1955.555,11050.07,7953.994,2033.775,10811.58,8874.783,1982.074,10266.15,7724.35,2018.298,10899.6,8779.771,1974.46,10295.5
7891.142,1955.555,11049.55,7954.69,2033.775,10811.01,8875.339,1982.074,10265.43,7725.098,2018.298,10899.09,8780.489,1974.46,10294.94
7892.786,1955.555,11048.3,7956.106,2033.775,10809.5,8876.659,1982.074,10263.84,7726.92,2018.298,10898.12,8782.087,1974.46,10293.63
7893.446,1955.555,11047.76,7956.71,2033.775,10808.9,8877.225,1982.074,10263.21,7727.658,2018.298,10897.69,8782.728,1974.46,10293.07
7895.087,1955.555,11046.33,7958.302,2033.775,10807.41,8878.722,1982.074,10261.63,7729.533,2018.298,10896.58,8784.315,1974.46,10291.58
7895.781,1955.555,11045.68,7959.016,2033.775,10806.79,8879.396,1982.074,10260.96,7730.333,2018.298,10896.08,8784.986,1974.46,10290.91
7896.602,1955.555,11044.91,7959.815,2033.775,10805.99,8880.173,1982.074,10260.14,7731.282,2018.298,10895.46,8785.654,1974.46,10290
7898.051,1955.555,11043.62,7961.215,2033.775,10804.66,8881.457,1982.074,10258.69,7733.01,2018.298,10894.59,8786.825,1974.46,10288.46
7898.726,1955.555,11043.13,7961.84,2033.775,10804.1,8882.001,1982.074,10258.05,7733.746,2018.298,10894.19,8787.313,1974.46,10287.78
7899.39,1955.555,11042.6,7962.488,2033.775,10803.56,8882.563,1982.074,10257.42,7734.503,2018.298,10893.82,8787.828,1974.46,10287.11
7900.721,1955.555,11041.52,7963.698,2033.775,10802.34,8883.659,1982.074,10256.1,7736.014,2018.298,10893,8788.917,1974.46,10285.78
7901.707,1955.555,11040.7,7964.606,2033.775,10801.43,8884.592,1982.074,10255.22,7737.127,2018.298,10892.36,8789.693,1974.46,10284.76
7902.79,1955.555,11039.98,7965.553,2033.775,10800.54,8885.504,1982.074,10254.29,7738.257,2018.298,10891.72,8790.47,1974.46,10283.72
7904.009,1955.555,11039.11,7966.675,2033.775,10799.55,8886.518,1982.074,10253.2,7739.6,2018.298,10891.06,8791.401,1974.46,10282.55
7905.088,1955.555,11038.29,7967.721,2033.775,10798.69,8887.403,1982.074,10252.17,7740.796,2018.298,10890.43,8792.28,1974.46,10281.52
7906.403,1955.555,11037.22,7968.944,2033.775,10797.52,8888.47,1982.074,10250.85,7742.267,2018.298,10889.58,8793.356,1974.46,10280.21
7907.717,1955.555,11036.08,7970.146,2033.775,10796.26,8889.397,1982.074,10249.38,7743.749,2018.298,10888.67,8794.611,1974.46,10279
7908.262,1955.555,11035.58,7970.678,2033.775,10795.74,8889.814,1982.074,10248.76,7744.369,2018.298,10888.26,8795.13,1974.46,10278.47
7909.661,1955.555,11034.12,7972.122,2033.775,10794.33,8890.957,1982.074,10247.1,7746.166,2018.298,10887.34,8796.491,1974.46,10276.98
7910.489,1955.555,11033.19,7973.04,2033.775,10793.49,8891.694,1982.074,10246.09,7747.253,2018.298,10886.73,8797.331,1974.46,10276.06
7911.754,1955.555,11031.86,7974.433,2033.775,10792.29,8892.829,1982.074,10244.65,7748.826,2018.298,10885.79,8798.525,1974.46,10274.66
7913.276,1955.555,11030.1,7976.131,2033.775,10790.7,8894.157,1982.074,10242.74,7750.782,2018.298,10884.52,8799.981,1974.46,10272.85
7914.023,1955.555,11029.29,7976.959,2033.775,10789.97,8894.815,1982.074,10241.86,7751.688,2018.298,10883.9,8800.643,1974.46,10271.97
7914.786,1955.555,11028.51,7977.8,2033.775,10789.28,8895.493,1982.074,10241,7752.572,2018.298,10883.26,8801.325,1974.46,10271.12
7916.36,1955.555,11026.96,7979.331,2033.775,10787.69,8896.82,1982.074,10239.24,7754.15,2018.298,10881.71,8802.654,1974.46,10269.35
7917.438,1955.555,11025.73,7980.5,2033.775,10786.55,8897.843,1982.074,10237.96,7755.353,2018.298,10880.61,8803.822,1974.46,10268.21
7918.532,1955.555,11024.54,7981.698,2033.775,10785.45,8898.899,1982.074,10236.73,7756.582,2018.298,10879.55,8804.944,1974.46,10267.04
7919.888,1955.555,11023.15,7983.069,2033.775,10784.08,8900.096,1982.074,10235.21,7758.093,2018.298,10878.33,8806.239,1974.46,10265.59
7920.978,1955.555,11022.1,7984.171,2033.775,10783.05,8901.065,1982.074,10234.05,7759.3,2018.298,10877.43,8807.334,1974.46,10264.55
7922.261,1955.555,11020.51,7985.709,2033.775,10781.7,8902.43,1982.074,10232.52,7760.78,2018.298,10876.01,8808.771,1974.46,10263.09
7923.267,1955.555,11019.34,7986.9,2033.775,10780.72,8903.495,1982.074,10231.41,7761.93,2018.298,10874.98,8809.826,1974.46,10261.97
7924.679,1955.555,11017.8,7988.555,2033.775,10779.44,8905.014,1982.074,10229.98,7763.491,2018.298,10873.6,8811.304,1974.46,10260.5
7925.968,1955.555,11016.49,7989.991,2033.775,10778.29,8906.357,1982.074,10228.72,7764.907,2018.298,10872.42,8812.649,1974.46,10259.24
7926.978,1955.555,11015.52,7990.962,2033.775,10777.29,8907.408,1982.074,10227.8,7766.002,2018.298,10871.56,8813.639,1974.46,10258.25
7929.531,1955.555,11013.24,7993.422,2033.775,10774.91,8910.151,1982.074,10225.75,7768.727,2018.298,10869.48,8816.141,1974.46,10255.92
7929.894,1955.555,11012.94,7993.749,2033.775,10774.56,8910.521,1982.074,10225.45,7769.112,2018.298,10869.21,8816.497,1974.46,10255.6
7931.634,1955.555,11011.55,7995.335,2033.775,10773.01,8912.21,1982.074,10224.01,7770.754,2018.298,10867.71,8818.198,1974.46,10254.17
7933.137,1955.555,11010.37,7996.745,2033.775,10771.71,8913.705,1982.074,10222.81,7772.21,2018.298,10866.47,8819.741,1974.46,10253.04
7934.18,1955.555,11009.66,7997.653,2033.775,10770.84,8914.716,1982.074,10222.06,7773.197,2018.298,10865.68,8820.828,1974.46,10252.4
7936.403,1955.555,11008.03,7999.584,2033.775,10768.87,8916.976,1982.074,10220.48,7775.405,2018.298,10864.04,8823.153,1974.46,10250.92
7937.667,1955.555,11007.05,8000.741,2033.775,10767.77,8918.315,1982.074,10219.61,7776.716,2018.298,10863.12,8824.473,1974.46,10250.02
7939.282,1955.555,11005.72,8002.305,2033.775,10766.37,8920.195,1982.074,10218.68,7778.396,2018.298,10861.87,8826.241,1974.46,10248.9
7940.729,1955.555,11004.56,8003.727,2033.775,10765.19,8921.829,1982.074,10217.81,7779.795,2018.298,10860.65,8827.836,1974.46,10247.96
7942.472,1955.555,11003.21,8005.466,2033.775,10763.83,8923.74,1982.074,10216.71,7781.507,2018.298,10859.26,8829.772,1974.46,10246.9
7943.792,1955.555,11002.12,8006.852,2033.775,10762.82,8925.253,1982.074,10215.9,7782.835,2018.298,10858.18,8831.249,1974.46,10246.03
7945.66,1955.555,11000.76,8008.671,2033.775,10761.4,8927.253,1982.074,10214.75,7784.67,2018.298,10856.78,8833.274,1974.46,10244.92
7947.325,1955.555,10999.61,8010.207,2033.775,10760.08,8929.032,1982.074,10213.78,7786.317,2018.298,10855.6,8835.017,1974.46,10243.89
7948.561,1955.555,10998.69,8011.405,2033.775,10759.12,8930.359,1982.074,10213.01,7787.514,2018.298,10854.64,8836.365,1974.46,10243.15
7951.046,1955.555,10996.73,8013.941,2033.775,10757.21,8933.146,1982.074,10211.5,7790.045,2018.298,10852.73,8839.303,1974.46,10241.96
7952.072,1955.555,10995.86,8015.025,2033.775,10756.42,8934.348,1982.074,10210.9,7791.144,2018.298,10851.96,8840.53,1974.46,10241.42
7953.545,1955.555,10994.62,8016.542,2033.775,10755.24,8936.097,1982.074,10210.09,7792.681,2018.298,10850.8,8842.264,1974.46,10240.58
7955.422,1955.555,10993.28,8018.227,2033.775,10753.66,8938.157,1982.074,10209.06,7794.458,2018.298,10849.33,8844.23,1974.46,10239.38
7957.081,1955.555,10992.02,8019.797,2033.775,10752.29,8939.991,1982.074,10208.07,7796.11,2018.298,10848.06,8846.045,1974.46,10238.35
7958.703,1955.555,10990.7,8021.416,2033.775,10750.96,8941.798,1982.074,10207.01,7797.808,2018.298,10846.83,8847.756,1974.46,10237.14
7960.416,1955.555,10989.48,8023.083,2033.775,10749.68,8943.576,1982.074,10205.89,7799.502,2018.298,10845.59,8849.512,1974.46,10235.99
7962.014,1955.555,10988.26,8024.716,2033.775,10748.51,8945.241,1982.074,10204.77,7801.161,2018.298,10844.45,8851.227,1974.46,10234.94
7963.552,1955.555,10987.01,8026.291,2033.775,10747.31,8946.921,1982.074,10203.71,7802.761,2018.298,10843.28,8852.886,1974.46,10233.85
7965.255,1955.555,10985.53,8027.846,2033.775,10745.67,8948.965,1982.074,10202.75,7804.38,2018.298,10841.71,8854.563,1974.46,10232.34
7967.401,1955.555,10984.04,8029.707,2033.775,10743.84,8951.292,1982.074,10201.56,7806.313,2018.298,10839.95,8856.559,1974.46,10230.65
7968.477,1955.555,10983.24,8030.685,2033.775,10742.92,8952.466,1982.074,10200.92,7807.333,2018.298,10839.08,8857.611,1974.46,10229.82
7970.479,1955.555,10981.64,8032.608,2033.775,10741.23,8954.664,1982.074,10199.61,7809.334,2018.298,10837.49,8859.67,1974.46,10228.3
7972.12,1955.555,10980.25,8034.182,2033.775,10739.76,8956.479,1982.074,10198.45,7811.063,2018.298,10836.2,8861.444,1974.46,10227.08
7973.165,1955.555,10979.3,8035.155,2033.775,10738.74,8957.721,1982.074,10197.78,7812.147,2018.298,10835.3,8862.52,1974.46,10226.17
7975.399,1955.555,10977.19,8037.299,2033.775,10736.54,8960.377,1982.074,10196.23,7814.574,2018.298,10833.41,8864.925,1974.46,10224.25
7976.549,1955.555,10975.84,8038.574,2033.775,10735.31,8961.876,1982.074,10195.29,7816.005,2018.298,10832.37,8866.345,1974.46,10223.2
7978.177,1955.555,10974.06,8040.267,2033.775,10733.59,8963.914,1982.074,10193.99,7818.005,2018.298,10831.01,8868.23,1974.46,10221.69
7979.481,1955.555,10972.72,8041.62,2033.775,10732.3,8965.457,1982.074,10192.94,7819.594,2018.298,10830.03,8869.727,1974.46,10220.57
7981.287,1955.555,10970.99,8043.438,2033.775,10730.58,8967.477,1982.074,10191.46,7821.678,2018.298,10828.64,8871.583,1974.46,10218.89
7982.722,1955.555,10969.32,8045.082,2033.775,10729.12,8969.206,1982.074,10190.1,7823.467,2018.298,10827.37,8873.26,1974.46,10217.47
7984.211,1955.555,10967.71,8046.773,2033.775,10727.71,8971.004,1982.074,10188.84,7825.075,2018.298,10825.87,8874.983,1974.46,10216.1
7985.174,1955.555,10966.63,8047.913,2033.775,10726.83,8972.155,1982.074,10187.97,7826.161,2018.298,10824.92,8876.101,1974.46,10215.19
7987.341,1955.555,10964.37,8050.177,2033.775,10724.66,8974.596,1982.074,10186,7828.587,2018.298,10822.93,8878.592,1974.46,10213.29
7988.505,1955.555,10962.99,8051.518,2033.775,10723.46,8976.034,1982.074,10184.92,7830.019,2018.298,10821.84,8880.11,1974.46,10212.32
7990.093,1955.555,10961.24,8053.332,2033.775,10721.94,8977.971,1982.074,10183.56,7831.848,2018.298,10820.34,8882.063,1974.46,10210.98
7991.981,1955.555,10959.28,8055.469,2033.775,10720.26,8979.928,1982.074,10181.67,7834.003,2018.298,10818.68,8884.521,1974.46,10209.83
7992.957,1955.555,10958.28,8056.495,2033.775,10719.31,8980.968,1982.074,10180.74,7835.142,2018.298,10817.87,8885.769,1974.46,10209.19
7994.871,1955.555,10956.43,8058.499,2033.775,10717.56,8983,1982.074,10179.02,7837.353,2018.298,10816.39,8888.096,1974.46,10207.9
7996.311,1955.555,10954.72,8060.233,2033.775,10716.14,8984.756,1982.074,10177.63,7839.19,2018.298,10815.11,8890.018,1974.46,10206.75
7997.804,1955.555,10953.06,8061.98,2033.775,10714.75,8986.555,1982.074,10176.31,7841.111,2018.298,10813.97,8891.898,1974.46,10205.54
7999.357,1955.555,10951.44,8063.779,2033.775,10713.41,8988.314,1982.074,10174.91,7843.001,2018.298,10812.76,8893.832,1974.46,10204.4
8000.732,1955.555,10950.09,8065.296,2033.775,10712.23,8989.859,1982.074,10173.77,7844.585,2018.298,10811.67,8895.454,1974.46,10203.37
8002.629,1955.555,10948.36,8067.265,2033.775,10710.57,8991.86,1982.074,10172.16,7846.656,2018.298,10810.14,8897.616,1974.46,10201.98
8004.34,1955.555,10946.89,8069.037,2033.775,10709.18,8993.658,1982.074,10170.8,7848.513,2018.298,10808.87,8899.47,1974.46,10200.7
8006.005,1955.555,10945.37,8070.806,2033.775,10707.78,8995.372,1982.074,10169.33,7850.329,2018.298,10807.53,8901.282,1974.46,10199.36
8007.703,1955.555,10943.88,8072.623,2033.775,10706.44,8997.136,1982.074,10167.92,7851.985,2018.298,10805.99,8903.053,1974.46,10197.95
8009.41,1955.555,10942.39,8074.397,2033.775,10705.03,8998.707,1982.074,10166.29,7853.693,2018.298,10804.51,8904.779,1974.46,10196.49
8011.007,1955.555,10941.3,8075.955,2033.775,10703.88,9000.097,1982.074,10164.94,7855.197,2018.298,10803.29,8906.216,1974.46,10195.19
8013.092,1955.555,10939.76,8077.987,2033.775,10702.27,9001.729,1982.074,10162.93,7857.259,2018.298,10801.72,8908.356,1974.46,10193.73
8014.876,1955.555,10938.35,8079.814,2033.775,10700.92,9003.217,1982.074,10161.21,7859.113,2018.298,10800.4,8910.19,1974.46,10192.39
8016.773,1955.555,10937.1,8081.795,2033.775,10699.81,9004.76,1982.074,10159.54,7861.008,2018.298,10799.15,8911.979,1974.46,10190.99
8018.631,1955.555,10935.79,8083.749,2033.775,10698.64,9006.359,1982.074,10157.92,7862.984,2018.298,10798.02,8913.726,1974.46,10189.52
8020.368,1955.555,10934.47,8085.599,2033.775,10697.48,9007.942,1982.074,10156.42,7864.841,2018.298,10796.87,8915.352,1974.46,10188.07
8022.02,1955.555,10933.13,8087.366,2033.775,10696.3,9009.532,1982.074,10155.01,7866.622,2018.298,10795.71,8917.03,1974.46,10186.77
8023.859,1955.555,10931.53,8089.343,2033.775,10694.88,9011.363,1982.074,10153.4,7868.747,2018.298,10794.52,8918.902,1974.46,10185.21
8026.064,1955.555,10929.81,8091.78,2033.775,10693.5,9013.264,1982.074,10151.35,7871.141,2018.298,10793.08,8920.994,1974.46,10183.35
8027.17,1955.555,10928.89,8093.01,2033.775,10692.76,9014.224,1982.074,10150.28,7872.349,2018.298,10792.29,8922.039,1974.46,10182.36
8029.21,1955.555,10927.07,8095.298,2033.775,10691.26,9016.111,1982.074,10148.3,7874.718,2018.298,10790.93,8923.959,1974.46,10180.42
8030.755,1955.555,10925.38,8097.178,2033.775,10689.95,9017.648,1982.074,10146.6,7876.669,2018.298,10789.72,8925.671,1974.46,10178.89
8031.8,1955.555,10924.3,8098.511,2033.775,10689.26,9018.689,1982.074,10145.52,7877.919,2018.298,10788.89,8926.757,1974.46,10177.85
8034.145,1955.555,10922.04,8101.405,2033.775,10687.76,9021.024,1982.074,10143.25,7880.696,2018.298,10787.19,8929.039,1974.46,10175.53
8035.516,1955.555,10920.76,8103.043,2033.775,10686.85,9022.342,1982.074,10141.91,7882.262,2018.298,10786.16,8930.396,1974.46,10174.24
8037.363,1955.555,10919.14,8105.145,2033.775,10685.58,9024.122,1982.074,10140.22,7884.265,2018.298,10784.74,8932.115,1974.46,10172.49
8038.765,1955.555,10917.52,8107.016,2033.775,10684.53,9025.792,1982.074,10138.88,7885.976,2018.298,10783.45,8933.429,1974.46,10170.79
8040.502,1955.555,10915.64,8109.209,2033.775,10683.21,9027.733,1982.074,10137.2,7887.831,2018.298,10781.68,8935.063,1974.46,10168.81
8041.885,1955.555,10914.23,8110.862,2033.775,10682.13,9029.184,1982.074,10135.87,7889.294,2018.298,10780.36,8936.314,1974.46,10167.29
8044.367,1955.555,10911.87,8113.672,2033.775,10680.17,9031.628,1982.074,10133.46,7891.912,2018.298,10778.15,8938.574,1974.46,10164.71
8044.941,1955.555,10911.36,8114.287,2033.775,10679.71,9032.158,1982.074,10132.91,7892.513,2018.298,10777.67,8939.1,1974.46,10164.15
8047.007,1955.555,10909.1,8116.739,2033.775,10677.88,9034.196,1982.074,10130.62,7894.737,2018.298,10775.56,8941.14,1974.46,10161.87
8048.067,1955.555,10908.01,8117.982,2033.775,10677.01,9035.197,1982.074,10129.49,7895.872,2018.298,10774.56,8942.221,1974.46,10160.81
8050.125,1955.555,10905.68,8120.602,2033.775,10675.33,9037.007,1982.074,10126.96,7898.265,2018.298,10772.57,8944.445,1974.46,10158.63
8051.715,1955.555,10904,8122.512,2033.775,10674.02,9038.417,1982.074,10125.12,7899.966,2018.298,10771,8946.05,1974.46,10156.96
8052.812,1955.555,10902.85,8123.792,2033.775,10673.08,9039.425,1982.074,10123.89,7901.102,2018.298,10769.89,8947.146,1974.46,10155.81
8055.518,1955.555,10900.12,8126.962,2033.775,10670.92,9041.726,1982.074,10120.82,7903.881,2018.298,10767.24,8949.7,1974.46,10152.95
8056.286,1955.555,10899.37,8127.831,2033.775,10670.28,9042.398,1982.074,10119.98,7904.684,2018.298,10766.52,8950.391,1974.46,10152.12
8058.318,1955.555,10897.5,8130.125,2033.775,10668.74,9044.195,1982.074,10117.88,7906.804,2018.298,10764.75,8952.091,1974.46,10149.94
8060.044,1955.555,10896.01,8132.139,2033.775,10667.68,9045.62,1982.074,10116.1,7908.599,2018.298,10763.35,8953.551,1974.46,10148.2
8061.688,1955.555,10894.54,8134.071,2033.775,10666.61,9047.041,1982.074,10114.41,7910.384,2018.298,10762.05,8954.975,1974.46,10146.5
8062.817,1955.555,10893.58,8135.337,2033.775,10665.85,9047.882,1982.074,10113.2,7911.576,2018.298,10761.18,8955.891,1974.46,10145.35
8064.948,1955.555,10891.87,8137.638,2033.775,10664.36,9049.276,1982.074,10110.84,7913.583,2018.298,10759.32,8957.755,1974.46,10143.34
8066.469,1955.555,10890.68,8139.259,2033.775,10663.32,9050.312,1982.074,10109.22,7915.037,2018.298,10758.05,8959.021,1974.46,10141.89
8068.281,1955.555,10889.18,8141.198,2033.775,10661.99,9051.559,1982.074,10107.22,7916.865,2018.298,10756.57,8960.509,1974.46,10140.07
8070.036,1955.555,10887.71,8143.141,2033.775,10660.77,9052.835,1982.074,10105.32,7918.689,2018.298,10755.18,8961.979,1974.46,10138.31
8070.773,1955.555,10887.05,8143.962,2033.775,10660.22,9053.413,1982.074,10104.51,7919.497,2018.298,10754.61,8962.588,1974.46,10137.53
8072.164,1955.555,10885.78,8145.549,2033.775,10659.21,9054.441,1982.074,10102.94,7921,2018.298,10753.48,8963.695,1974.46,10136.01
8073.286,1955.555,10884.83,8146.766,2033.775,10658.38,9055.287,1982.074,10101.74,7922.206,2018.298,10752.64,8964.524,1974.46,10134.79
8075.301,1955.555,10883.41,8148.757,2033.775,10656.93,9056.708,1982.074,10099.72,7924.21,2018.298,10751.2,8965.979,1974.46,10132.8
8075.729,1955.555,10883.09,8149.18,2033.775,10656.6,9056.948,1982.074,10099.24,7924.656,2018.298,10750.91,8966.303,1974.46,10132.38
8077.345,1955.555,10881.78,8150.766,2033.775,10655.26,9057.94,1982.074,10097.42,7926.346,2018.298,10749.7,8967.503,1974.46,10130.68
8078.537,1955.555,10880.85,8151.955,2033.775,10654.32,9058.707,1982.074,10096.11,7927.606,2018.298,10748.86,8968.338,1974.46,10129.42
8079.465,1955.555,10880.2,8152.867,2033.775,10653.65,9059.313,1982.074,10095.15,7928.562,2018.298,10748.25,8968.932,1974.46,10128.45
8080.802,1955.555,10879.2,8154.29,2033.775,10652.77,9060.351,1982.074,10093.84,7930.041,2018.298,10747.47,8969.575,1974.46,10126.91
8081.999,1955.555,10878.36,8155.519,2033.775,10651.99,9061.218,1982.074,10092.67,7931.307,2018.298,10746.75,8970.181,1974.46,10125.58
8082.919,1955.555,10877.68,8156.465,2033.775,10651.34,9061.87,1982.074,10091.73,7932.341,2018.298,10746.25,8970.69,1974.46,10124.56
8084.079,1955.555,10876.76,8157.788,2033.775,10650.67,9062.672,1982.074,10090.48,7933.656,2018.298,10745.57,8971.393,1974.46,10123.25
8084.896,1955.555,10876.06,8158.73,2033.775,10650.16,9063.223,1982.074,10089.56,7934.592,2018.298,10745.04,8971.845,1974.46,10122.28
8086.039,1955.555,10875.27,8159.938,2033.775,10649.47,9063.897,1982.074,10088.34,7935.805,2018.298,10744.36,8972.472,1974.46,10121.04
8086.982,1955.555,10874.57,8160.94,2033.775,10648.85,9064.434,1982.074,10087.3,7936.81,2018.298,10743.75,8973.035,1974.46,10120.01
8087.659,1955.555,10874.03,8161.677,2033.775,10648.4,9064.829,1982.074,10086.53,7937.566,2018.298,10743.33,8973.54,1974.46,10119.3
8088.758,1955.555,10873.2,8162.825,2033.775,10647.64,9065.498,1982.074,10085.33,7938.749,2018.298,10742.63,8974.308,1974.46,10118.16
8089.42,1955.555,10872.73,8163.498,2033.775,10647.18,9065.837,1982.074,10084.59,7939.433,2018.298,10742.19,8974.799,1974.46,10117.51
8090.623,1955.555,10871.82,8164.758,2033.775,10646.36,9066.511,1982.074,10083.24,7940.674,2018.298,10741.33,8975.669,1974.46,10116.28
8090.997,1955.555,10871.51,8165.173,2033.775,10646.11,9066.739,1982.074,10082.81,7941.081,2018.298,10741.07,8975.944,1974.46,10115.88
8091.968,1955.555,10870.67,8166.258,2033.775,10645.42,9067.387,1982.074,10081.7,7942.144,2018.298,10740.35,8976.645,1974.46,10114.81
8092.634,1955.555,10870,8167.037,2033.775,10644.89,9067.889,1982.074,10080.9,7942.906,2018.298,10739.79,8977.132,1974.46,10114
8093.292,1955.555,10869.37,8167.774,2033.775,10644.35,9068.371,1982.074,10080.13,7943.624,2018.298,10739.23,8977.582,1974.46,10113.21
8093.747,1955.555,10868.87,8168.306,2033.775,10643.94,9068.709,1982.074,10079.54,7944.135,2018.298,10738.79,8977.863,1974.46,10112.59
8094.495,1955.555,10868.11,8169.169,2033.775,10643.3,9069.231,1982.074,10078.61,7944.968,2018.298,10738.11,8978.341,1974.46,10111.63
8095.095,1955.555,10867.53,8169.823,2033.775,10642.79,9069.613,1982.074,10077.87,7945.608,2018.298,10737.58,8978.736,1974.46,10110.9
8095.493,1955.555,10867.17,8170.253,2033.775,10642.47,9069.874,1982.074,10077.4,7946.03,2018.298,10737.25,8979.006,1974.46,10110.44
8096.297,1955.555,10866.49,8171.079,2033.775,10641.82,9070.318,1982.074,10076.45,7946.792,2018.298,10736.53,8979.507,1974.46,10109.51
8096.672,1955.555,10866.16,8171.472,2033.775,10641.5,9070.531,1982.074,10075.99,7947.168,2018.298,10736.19,8979.736,1974.46,10109.07
8097.431,1955.555,10865.44,8172.256,2033.775,10640.81,9071.002,1982.074,10075.06,7947.943,2018.298,10735.49,8980.277,1974.46,10108.17
8097.8,1955.555,10865,8172.701,2033.775,10640.45,9071.213,1982.074,10074.53,7948.366,2018.298,10735.1,8980.56,1974.46,10107.67
8098.293,1955.555,10864.45,8173.283,2033.775,10639.99,9071.506,1982.074,10073.85,7948.904,2018.298,10734.6,8980.918,1974.46,10107.02
8098.828,1955.555,10863.85,8173.934,2033.775,10639.52,9071.773,1982.074,10073.09,7949.508,2018.298,10734.06,8981.285,1974.46,10106.31
8099.114,1955.555,10863.54,8174.262,2033.775,10639.26,9071.925,1982.074,10072.7,7949.808,2018.298,10733.77,8981.463,1974.46,10105.93
8099.738,1955.555,10862.93,8174.97,2033.775,10638.74,9072.21,1982.074,10071.87,7950.458,2018.298,10733.19,8981.811,1974.46,10105.13
8099.923,1955.555,10862.71,8175.21,2033.775,10638.58,9072.286,1982.074,10071.59,7950.679,2018.298,10733,8981.917,1974.46,10104.86
8100.44,1955.555,10862.12,8175.841,2033.775,10638.13,9072.515,1982.074,10070.85,7951.288,2018.298,10732.52,8982.221,1974.46,10104.14
8100.721,1955.555,10861.83,8176.203,2033.775,10637.94,9072.645,1982.074,10070.46,7951.615,2018.298,10732.27,8982.381,1974.46,10103.77
8101.284,1955.555,10861.21,8176.933,2033.775,10637.53,9072.937,1982.074,10069.68,7952.257,2018.298,10731.74,8982.684,1974.46,10102.99
8101.612,1955.555,10860.87,8177.336,2033.775,10637.29,9073.095,1982.074,10069.23,7952.628,2018.298,10731.45,8982.888,1974.46,10102.56
8102.228,1955.555,10860.14,8178.142,2033.775,10636.77,9073.374,1982.074,10068.31,7953.404,2018.298,10730.88,8983.334,1974.46,10101.71
8102.727,1955.555,10859.58,8178.802,2033.775,10636.41,9073.615,1982.074,10067.61,7953.961,2018.298,10730.38,8983.66,1974.46,10101.04
8103.258,1955.555,10859.02,8179.468,2033.775,10636.03,9073.887,1982.074,10066.89,7954.55,2018.298,10729.89,8983.973,1974.46,10100.33
8103.921,1955.555,10858.36,8180.261,2033.775,10635.53,9074.217,1982.074,10066.01,7955.272,2018.298,10729.29,8984.323,1974.46,10099.47
8104.747,1955.555,10857.6,8181.248,2033.775,10634.99,9074.648,1982.074,10064.97,7956.165,2018.298,10728.61,8984.712,1974.46,10098.41
8105.204,1955.555,10857.2,8181.771,2033.775,10634.68,9074.918,1982.074,10064.43,7956.645,2018.298,10728.24,8984.94,1974.46,10097.85
8106.253,1955.555,10856.12,8183.059,2033.775,10633.9,9075.547,1982.074,10063.06,7957.864,2018.298,10727.35,8985.552,1974.46,10096.47
8106.743,1955.555,10855.64,8183.629,2033.775,10633.53,9075.811,1982.074,10062.43,7958.428,2018.298,10726.97,8985.849,1974.46,10095.86
8107.487,1955.555,10854.97,8184.521,2033.775,10633.07,9076.229,1982.074,10061.52,7959.24,2018.298,10726.38,8986.256,1974.46,10094.94
8108.359,1955.555,10854.07,8185.611,2033.775,10632.46,9076.713,1982.074,10060.37,7960.274,2018.298,10725.67,8986.719,1974.46,10093.78
8109.074,1955.555,10853.39,8186.459,2033.775,10631.94,9077.066,1982.074,10059.44,7961.095,2018.298,10725.12,8987.116,1974.46,10092.87
8110.087,1955.555,10852.48,8187.603,2033.775,10631.2,9077.594,1982.074,10058.18,7962.199,2018.298,10724.32,8987.621,1974.46,10091.61
8110.866,1955.555,10851.77,8188.467,2033.775,10630.6,9077.98,1982.074,10057.2,7963.071,2018.298,10723.73,8988.043,1974.46,10090.64
8112.302,1955.555,10850.55,8189.978,2033.775,10629.47,9078.652,1982.074,10055.44,7964.597,2018.298,10722.62,8988.853,1974.46,10088.94
8112.624,1955.555,10850.25,8190.326,2033.775,10629.21,9078.801,1982.074,10055.04,7964.957,2018.298,10722.38,8989.026,1974.46,10088.54
8113.828,1955.555,10848.98,8191.737,2033.775,10628.17,9079.456,1982.074,10053.41,7966.378,2018.298,10721.35,8989.675,1974.46,10086.91
8114.419,1955.555,10848.31,8192.436,2033.775,10627.62,9079.803,1982.074,10052.59,7967.117,2018.298,10720.85,8989.92,1974.46,10086.05
8115.939,1955.555,10846.71,8194.211,2033.775,10626.3,9080.621,1982.074,10050.53,7968.906,2018.298,10719.55,8990.596,1974.46,10083.95
8116.647,1955.555,10846.01,8194.898,2033.775,10625.58,9080.965,1982.074,10049.6,7969.729,2018.298,10719,8990.837,1974.46,10082.98
8117.7,1955.555,10844.89,8195.993,2033.775,10624.51,9081.448,1982.074,10048.15,7971.075,2018.298,10718.26,8991.153,1974.46,10081.48
8118.601,1955.555,10844,8196.928,2033.775,10623.65,9081.809,1982.074,10046.93,7972.167,2018.298,10717.62,8991.455,1974.46,10080.25
8120.246,1955.555,10842.48,8198.484,2033.775,10622.04,9082.656,1982.074,10044.85,7974.062,2018.298,10716.42,8992.061,1974.46,10078.09
8120.622,1955.555,10842.13,8198.851,2033.775,10621.68,9082.869,1982.074,10044.39,7974.519,2018.298,10716.19,8992.214,1974.46,10077.61
8122.069,1955.555,10840.67,8200.373,2033.775,10620.3,9083.666,1982.074,10042.49,7976.331,2018.298,10715.22,8992.759,1974.46,10075.62
8123.206,1955.555,10839.57,8201.578,2033.775,10619.27,9084.23,1982.074,10041.02,7977.698,2018.298,10714.42,8993.228,1974.46,10074.11
8124.029,1955.555,10838.65,8202.459,2033.775,10618.41,9084.633,1982.074,10039.85,7978.743,2018.298,10713.77,8993.519,1974.46,10072.91
8125.352,1955.555,10837.27,8203.868,2033.775,10617.12,9085.34,1982.074,10038.07,7980.33,2018.298,10712.7,8993.89,1974.46,10071.04
8126.6,1955.555,10836.05,8205.192,2033.775,10615.98,9085.932,1982.074,10036.43,7981.746,2018.298,10711.68,8994.284,1974.46,10069.34
8127.653,1955.555,10835.08,8206.31,2033.775,10615.08,9086.373,1982.074,10035.07,7982.935,2018.298,10710.88,8994.654,1974.46,10067.95
8129.597,1955.555,10833.39,8208.365,2033.775,10613.54,9087.084,1982.074,10032.59,7985.02,2018.298,10709.37,8995.398,1974.46,10065.49
8130.49,1955.555,10832.67,8209.218,2033.775,10612.77,9087.438,1982.074,10031.5,7985.893,2018.298,10708.62,8995.695,1974.46,10064.38
8131.335,1955.555,10831.94,8210.071,2033.775,10612.04,9087.747,1982.074,10030.43,7986.764,2018.298,10707.92,8996.019,1974.46,10063.31
8132.934,1955.555,10830.28,8211.88,2033.775,10610.61,9088.457,1982.074,10028.23,7988.464,2018.298,10706.36,8996.613,1974.46,10061.08
8134.149,1955.555,10829.09,8213.244,2033.775,10609.6,9088.926,1982.074,10026.6,7989.752,2018.298,10705.26,8997.104,1974.46,10059.46
8135.759,1955.555,10827.63,8215.037,2033.775,10608.37,9089.497,1982.074,10024.5,7991.4,2018.298,10703.83,8997.666,1974.46,10057.35
8136.638,1955.555,10826.88,8215.967,2033.775,10607.68,9089.764,1982.074,10023.38,7992.299,2018.298,10703.11,8998.001,1974.46,10056.25
8138.202,1955.555,10825.37,8217.507,2033.775,10606.15,9090.317,1982.074,10021.28,7993.939,2018.298,10701.69,8998.577,1974.46,10054.16
8139.573,1955.555,10824.14,8218.858,2033.775,10604.9,9090.551,1982.074,10019.45,7995.374,2018.298,10700.53,8999.009,1974.46,10052.37
8140.508,1955.555,10823.36,8219.78,2033.775,10604.1,9090.745,1982.074,10018.25,7996.348,2018.298,10699.8,8999.256,1974.46,10051.17
8142.406,1955.555,10821.71,8221.584,2033.775,10602.35,9091.226,1982.074,10015.78,7998.402,2018.298,10698.35,8999.947,1974.46,10048.75
8143.358,1955.555,10820.92,8222.501,2033.775,10601.52,9091.358,1982.074,10014.55,7999.298,2018.298,10697.49,9000.365,1974.46,10047.59
8145.374,1955.555,10819.34,8224.448,2033.775,10599.86,9091.716,1982.074,10012.02,8001.202,2018.298,10695.79,9001.147,1974.46,10045.15
8146.973,1955.555,10818.29,8225.949,2033.775,10598.67,9092.046,1982.074,10010.13,8002.672,2018.298,10694.56,9001.675,1974.46,10043.31
8148.481,1955.555,10817.21,8227.271,2033.775,10597.37,9092.417,1982.074,10008.31,8004.128,2018.298,10693.42,9002.139,1974.46,10041.52
8150.415,1955.555,10815.87,8228.923,2033.775,10595.7,9092.732,1982.074,10005.98,8006.027,2018.298,10692.03,9002.653,1974.46,10039.22
8151.426,1955.555,10815.12,8229.837,2033.775,10594.83,9092.865,1982.074,10004.73,8006.967,2018.298,10691.19,9002.889,1974.46,10037.99
8153.26,1955.555,10813.66,8231.589,2033.775,10593.27,9093.188,1982.074,10002.41,8008.766,2018.298,10689.68,9003.251,1974.46,10035.67
8154.559,1955.555,10812.91,8232.743,2033.775,10592.31,9093.28,1982.074,10000.91,8009.95,2018.298,10688.76,9003.531,1974.46,10034.2
8156.659,1955.555,10811.6,8234.679,2033.775,10590.76,9093.513,1982.074,9998.443,8011.95,2018.298,10687.3,9003.913,1974.46,10031.75
8158.323,1955.555,10810.48,8236.286,2033.775,10589.57,9093.766,1982.074,9996.454,8013.607,2018.298,10686.17,9004.158,1974.46,10029.76
8159.959,1955.555,10809.3,8237.857,2033.775,10588.3,9093.955,1982.074,9994.446,8015.31,2018.298,10685.09,9004.441,1974.46,10027.76
8161.195,1955.555,10808.35,8239.104,2033.775,10587.36,9094.152,1982.074,9992.897,8016.601,2018.298,10684.21,9004.61,1974.46,10026.21
8163.189,1955.555,10807.03,8241.046,2033.775,10585.97,9094.377,1982.074,9990.518,8018.62,2018.298,10682.93,9004.946,1974.46,10023.84
8164.953,1955.555,10805.78,8242.796,2033.775,10584.7,9094.494,1982.074,9988.359,8020.407,2018.298,10681.71,9005.193,1974.46,10021.7
8166.36,1955.555,10804.71,8244.26,2033.775,10583.71,9094.647,1982.074,9986.599,8021.731,2018.298,10680.54,9005.338,1974.46,10019.93
8168.271,1955.555,10803.33,8246.169,2033.775,10582.32,9095.175,1982.074,9984.3,8023.548,2018.298,10679.04,9005.211,1974.46,10017.58
8170.037,1955.555,10802.23,8247.886,2033.775,10581.15,9095.572,1982.074,9982.26,8025.175,2018.298,10677.75,9005.167,1974.46,10015.5
8171.816,1955.555,10801.14,8249.568,2033.775,10579.92,9095.904,1982.074,9980.201,8026.795,2018.298,10676.43,9005.191,1974.46,10013.42
8172.971,1955.555,10800.39,8250.706,2033.775,10579.15,9096.079,1982.074,9978.835,8027.894,2018.298,10675.6,9005.253,1974.46,10012.04
8175.413,1955.555,10798.68,8253.221,2033.775,10577.55,9096.51,1982.074,9975.887,8030.326,2018.298,10673.88,9005.482,1974.46,10009.07
8176.775,1955.555,10797.66,8254.66,2033.775,10576.64,9096.7,1982.074,9974.195,8031.748,2018.298,10672.95,9005.669,1974.46,10007.38
8178.62,1955.555,10796.18,8256.616,2033.775,10575.31,9097.126,1982.074,9971.87,8033.754,2018.298,10671.7,9005.708,1974.46,10005.01
8180.005,1955.555,10795,8258.2,2033.775,10574.41,9097.396,1982.074,9970.066,8035.294,2018.298,10670.72,9005.798,1974.46,10003.19
8182.481,1955.555,10793.01,8261.027,2033.775,10572.97,9097.761,1982.074,9966.915,8037.915,2018.298,10668.93,9005.931,1974.46,10000.02
8183.091,1955.555,10792.65,8261.649,2033.775,10572.63,9097.833,1982.074,9966.208,8038.505,2018.298,10668.54,9005.983,1974.46,9999.313
8185.479,1955.555,10791.12,8264.129,2033.775,10571.25,9098.029,1982.074,9963.378,8040.909,2018.298,10667.03,9006.287,1974.46,9996.493
8186.645,1955.555,10790.31,8265.4,2033.775,10570.62,9097.96,1982.074,9961.964,8042.17,2018.298,10666.39,9006.447,1974.46,9995.086
8188.976,1955.555,10788.59,8267.959,2033.775,10569.26,9097.913,1982.074,9959.066,8044.706,2018.298,10664.99,9006.681,1974.46,9992.197
8190.161,1955.555,10787.8,8269.222,2033.775,10568.6,9097.851,1982.074,9957.643,8045.93,2018.298,10664.26,9006.749,1974.46,9990.773
8192.667,1955.555,10786.01,8271.905,2033.775,10567.08,9097.816,1982.074,9954.56,8048.669,2018.298,10662.84,9006.883,1974.46,9987.693
8194.056,1955.555,10784.94,8273.482,2033.775,10566.33,9097.854,1982.074,9952.81,8050.197,2018.298,10661.99,9006.901,1974.46,9985.943
8195.942,1955.555,10783.39,8275.646,2033.775,10565.2,9097.828,1982.074,9950.369,8052.288,2018.298,10660.73,9006.962,1974.46,9983.504
8197.204,1955.555,10782,8277.34,2033.775,10564.38,9097.634,1982.074,9948.5,8053.865,2018.298,10659.71,9007.185,1974.46,9981.638
8198.944,1955.555,10780.2,8279.561,2033.775,10563.22,9097.456,1982.074,9946.002,8056.126,2018.298,10658.63,9007.4,1974.46,9979.143
8200.521,1955.555,10778.67,8281.474,2033.775,10562.14,9097.372,1982.074,9943.807,8058.078,2018.298,10657.62,9007.518,1974.46,9976.949
8202.154,1955.555,10777.19,8283.356,2033.775,10561,9097.36,1982.074,9941.603,8060.022,2018.298,10656.58,9007.563,1974.46,9974.745
8203.165,1955.555,10776.14,8284.594,2033.775,10560.23,9097.151,1982.074,9940.163,8061.282,2018.298,10655.86,9007.546,1974.46,9973.291
8205.297,1955.555,10774.08,8287.156,2033.775,10558.74,9096.822,1982.074,9937.214,8063.915,2018.298,10654.49,9007.413,1974.46,9970.327
8206.333,1955.555,10773.05,8288.455,2033.775,10558.06,9096.551,1982.074,9935.777,8065.208,2018.298,10653.81,9007.3,1974.46,9968.869
8208.512,1955.555,10771.02,8291.054,2033.775,10556.61,9096.095,1982.074,9932.834,8067.795,2018.298,10652.33,9006.973,1974.46,9965.909
8209.619,1955.555,10770.05,8292.312,2033.775,10555.85,9095.822,1982.074,9931.39,8069.047,2018.298,10651.56,9006.764,1974.46,9964.454
8212.07,1955.555,10768.05,8294.967,2033.775,10554.13,9094.939,1982.074,9928.35,8071.81,2018.298,10650.02,9006.211,1974.46,9961.338
8213.5,1955.555,10766.96,8296.465,2033.775,10553.13,9094.495,1982.074,9926.606,8073.35,2018.298,10649.09,9005.915,1974.46,9959.563
8215.45,1955.555,10765.39,8298.5,2033.775,10551.68,9093.957,1982.074,9924.165,8075.448,2018.298,10647.73,9005.423,1974.46,9957.112
8216.954,1955.555,10763.73,8300.345,2033.775,10550.4,9093.5,1982.074,9921.971,8077.288,2018.298,10646.45,9005.153,1974.46,9954.887
8218.518,1955.555,10762.11,8302.145,2033.775,10549.05,9093.113,1982.074,9919.754,8079.176,2018.298,10645.22,9004.81,1974.46,9952.663
8220.132,1955.555,10760.55,8303.861,2033.775,10547.6,9092.423,1982.074,9917.614,8081.134,2018.298,10644.12,9004.394,1974.46,9950.453
8221.8,1955.555,10759.03,8305.629,2033.775,10546.2,9091.801,1982.074,9915.448,8083.061,2018.298,10642.95,9003.904,1974.46,9948.253
8223.337,1955.555,10757.38,8307.431,2033.775,10544.84,9090.982,1982.074,9913.344,8084.951,2018.298,10641.71,9003.343,1974.46,9946.065
8224.927,1955.555,10755.77,8309.048,2033.775,10543.26,9090.161,1982.074,9911.24,8086.655,2018.298,10640.23,9002.847,1974.46,9943.862
8226.001,1955.555,10754.74,8310.148,2033.775,10542.26,9089.665,1982.074,9909.835,8087.75,2018.298,10639.22,9002.472,1974.46,9942.42
8228.178,1955.555,10752.37,8312.596,2033.775,10540.17,9088.388,1982.074,9906.88,8090.188,2018.298,10637.11,9001.583,1974.46,9939.326
8229.452,1955.555,10751.07,8314.018,2033.775,10539.03,9087.721,1982.074,9905.186,8091.586,2018.298,10635.95,9001.023,1974.46,9937.594
8231.202,1955.555,10749.35,8315.979,2033.775,10537.57,9086.898,1982.074,9902.879,8093.519,2018.298,10634.44,9000.194,1974.46,9935.289
8232.749,1955.555,10747.93,8317.701,2033.775,10536.36,9086.279,1982.074,9900.873,8095.216,2018.298,10633.21,8999.23,1974.46,9933.424
8234.608,1955.555,10746.34,8319.648,2033.775,10534.88,9085.479,1982.074,9898.556,8097.245,2018.298,10631.83,8998.139,1974.46,9931.229
8236.218,1955.555,10745.04,8321.329,2033.775,10533.67,9084.742,1982.074,9896.627,8098.919,2018.298,10630.62,8997.279,1974.46,9929.352
8238.098,1955.555,10743.63,8323.286,2033.775,10532.37,9084.118,1982.074,9894.36,8100.871,2018.298,10629.31,8996.372,1974.46,9927.183
8240.064,1955.555,10742.05,8325.339,2033.775,10530.9,9083.418,1982.074,9891.937,8103.009,2018.298,10627.97,8995.475,1974.46,9924.825
8241.13,1955.555,10741.25,8326.447,2033.775,10530.17,9083.013,1982.074,9890.668,8104.115,2018.298,10627.23,8994.963,1974.46,9923.596
8242.96,1955.555,10739.78,8328.547,2033.775,10529.11,9082.225,1982.074,9888.456,8106.105,2018.298,10625.98,8994.133,1974.46,9921.399
8244.49,1955.555,10738.63,8330.229,2033.775,10528.2,9081.857,1982.074,9886.578,8107.693,2018.298,10624.92,8993.516,1974.46,9919.588
8245.452,1955.555,10737.86,8331.294,2033.775,10527.58,9081.639,1982.074,9885.363,8108.731,2018.298,10624.25,8993.102,1974.46,9918.426
8247.474,1955.555,10736.28,8333.547,2033.775,10526.35,9081.102,1982.074,9882.856,8110.857,2018.298,10622.82,8992.321,1974.46,9915.983
8248.568,1955.555,10735.41,8334.784,2033.775,10525.71,9080.765,1982.074,9881.502,8111.959,2018.298,10621.96,8991.94,1974.46,9914.641
8250.083,1955.555,10734.17,8336.489,2033.775,10524.75,9080.361,1982.074,9879.587,8113.543,2018.298,10620.81,8991.453,1974.46,9912.745
8251.602,1955.555,10733.01,8338.158,2033.775,10523.81,9079.906,1982.074,9877.729,8115.115,2018.298,10619.72,8990.756,1974.46,9910.964
8252.271,1955.555,10732.46,8338.898,2033.775,10523.37,9079.673,1982.074,9876.896,8115.781,2018.298,10619.17,8990.467,1974.46,9910.148
8253.67,1955.555,10731.28,8340.56,2033.775,10522.58,9079.252,1982.074,9875.11,8117.233,2018.298,10618.05,8989.911,1974.46,9908.399
8254.848,1955.555,10730.24,8341.958,2033.775,10521.87,9078.842,1982.074,9873.594,8118.507,2018.298,10617.13,8989.373,1974.46,9906.924
8255.805,1955.555,10729.45,8343.073,2033.775,10521.32,9078.479,1982.074,9872.406,8119.537,2018.298,10616.43,8988.986,1974.46,9905.744
8257.442,1955.555,10728.18,8344.934,2033.775,10520.42,9077.809,1982.074,9870.448,8121.29,2018.298,10615.34,8988.406,1974.46,9903.758
8257.809,1955.555,10727.92,8345.343,2033.775,10520.23,9077.677,1982.074,9870.017,8121.706,2018.298,10615.16,8988.294,1974.46,9903.321
8259.196,1955.555,10726.87,8346.894,2033.775,10519.44,9077.223,1982.074,9868.338,8123.284,2018.298,10614.43,8987.856,1974.46,9901.638
8260.186,1955.555,10726.07,8348.009,2033.775,10518.83,9076.771,1982.074,9867.148,8124.42,2018.298,10613.86,8987.496,1974.46,9900.417
8261.17,1955.555,10725.33,8349.07,2033.775,10518.2,9076.37,1982.074,9865.981,8125.504,2018.298,10613.27,8987.108,1974.46,9899.246
8262.08,1955.555,10724.85,8349.963,2033.775,10517.69,9076.068,1982.074,9864.999,8126.39,2018.298,10612.75,8986.867,1974.46,9898.247
8263.599,1955.555,10723.99,8351.528,2033.775,10516.92,9075.446,1982.074,9863.368,8127.864,2018.298,10611.81,8986.403,1974.46,9896.564
8264.23,1955.555,10723.6,8352.19,2033.775,10516.59,9075.205,1982.074,9862.668,8128.515,2018.298,10611.46,8986.183,1974.46,9895.857
8264.886,1955.555,10723.17,8352.881,2033.775,10516.21,9074.974,1982.074,9861.918,8129.192,2018.298,10611.06,8985.925,1974.46,9895.116
8265.912,1955.555,10722.45,8353.966,2033.775,10515.58,9074.646,1982.074,9860.705,8130.261,2018.298,10610.4,8985.442,1974.46,9893.956
8267.067,1955.555,10721.57,8355.191,2033.775,10514.81,9074.223,1982.074,9859.32,8131.467,2018.298,10609.6,8984.931,1974.46,9892.602
8267.575,1955.555,10721.16,8355.762,2033.775,10514.49,9074.02,1982.074,9858.699,8131.995,2018.298,10609.22,8984.72,1974.46,9891.983
8268.126,1955.555,10720.75,8356.353,2033.775,10514.13,9073.87,1982.074,9858.025,8132.565,2018.298,10608.83,8984.416,1974.46,9891.364
8269.147,1955.555,10719.92,8357.548,2033.775,10513.59,9073.545,1982.074,9856.753,8133.668,2018.298,10608.11,8983.876,1974.46,9890.167
8269.559,1955.555,10719.59,8358.022,2033.775,10513.36,9073.401,1982.074,9856.243,8134.083,2018.298,10607.78,8983.674,1974.46,9889.677
8270.567,1955.555,10718.82,8359.139,2033.775,10512.76,9073.019,1982.074,9855.036,8135.099,2018.298,10607.03,8983.206,1974.46,9888.5
8270.891,1955.555,10718.59,8359.482,2033.775,10512.56,9072.886,1982.074,9854.661,8135.403,2018.298,10606.77,8983.035,1974.46,9888.142
8271.58,1955.555,10718.17,8360.169,2033.775,10512.13,9072.591,1982.074,9853.907,8136.041,2018.298,10606.27,8982.711,1974.46,9887.399
8272.523,1955.555,10717.54,8361.108,2033.775,10511.5,9072.324,1982.074,9852.808,8136.948,2018.298,10605.6,8982.285,1974.46,9886.352
8273.023,1955.555,10717.19,8361.585,2033.775,10511.11,9072.183,1982.074,9852.211,8137.422,2018.298,10605.21,8982.073,1974.46,9885.776
8273.695,1955.555,10716.69,8362.252,2033.775,10510.61,9071.964,1982.074,9851.403,8138.042,2018.298,10604.65,8981.811,1974.46,9884.982
8274.223,1955.555,10716.36,8362.758,2033.775,10510.25,9071.874,1982.074,9850.79,8138.516,2018.298,10604.25,8981.635,1974.46,9884.388
8275.122,1955.555,10715.85,8363.623,2033.775,10509.68,9071.69,1982.074,9849.771,8139.307,2018.298,10603.58,8981.374,1974.46,9883.385
8275.316,1955.555,10715.73,8363.82,2033.775,10509.57,9071.643,1982.074,9849.549,8139.484,2018.298,10603.44,8981.324,1974.46,9883.163
8276.046,1955.555,10715.26,8364.565,2033.775,10509.12,9071.433,1982.074,9848.707,8140.17,2018.298,10602.91,8981.161,1974.46,9882.311
8276.409,1955.555,10715.04,8364.922,2033.775,10508.89,9071.344,1982.074,9848.292,8140.51,2018.298,10602.65,8981.123,1974.46,9881.888
8277.163,1955.555,10714.6,8365.654,2033.775,10508.41,9071.182,1982.074,9847.43,8141.18,2018.298,10602.09,8981.065,1974.46,9881.012
8277.703,1955.555,10714.25,8366.178,2033.775,10508.04,9071.077,1982.074,9846.797,8141.682,2018.298,10601.69,8981.045,1974.46,9880.371
8278.021,1955.555,10714.04,8366.494,2033.775,10507.83,9071.027,1982.074,9846.421,8141.987,2018.298,10601.46,8981.021,1974.46,9879.993
8278.576,1955.555,10713.67,8367.069,2033.775,10507.5,9070.961,1982.074,9845.758,8142.535,2018.298,10601.08,8980.956,1974.46,9879.33
8279.042,1955.555,10713.39,8367.529,2033.775,10507.21,9070.925,1982.074,9845.215,8142.992,2018.298,10600.79,8980.886,1974.46,9878.791
8279.353,1955.555,10713.23,8367.819,2033.775,10507.01,9070.925,1982.074,9844.864,8143.293,2018.298,10600.61,8980.811,1974.46,9878.448
8279.948,1955.555,10712.89,8368.374,2033.775,10506.61,9070.902,1982.074,9844.179,8143.87,2018.298,10600.24,8980.686,1974.46,9877.774
8280.229,1955.555,10712.72,8368.647,2033.775,10506.42,9070.881,1982.074,9843.85,8144.143,2018.298,10600.05,8980.636,1974.46,9877.448
8280.767,1955.555,10712.37,8369.166,2033.775,10506.04,9070.818,1982.074,9843.209,8144.686,2018.298,10599.71,8980.553,1974.46,9876.811
8281.146,1955.555,10712.1,8369.549,2033.775,10505.78,9070.776,1982.074,9842.747,8145.085,2018.298,10599.47,8980.481,1974.46,9876.352
8281.491,1955.555,10711.84,8369.894,2033.775,10505.52,9070.723,1982.074,9842.317,8145.462,2018.298,10599.26,8980.43,1974.46,9875.922
8281.905,1955.555,10711.52,8370.317,2033.775,10505.22,9070.676,1982.074,9841.8,8145.906,2018.298,10598.99,8980.351,1974.46,9875.409
8282.127,1955.555,10711.36,8370.549,2033.775,10505.06,9070.644,1982.074,9841.524,8146.163,2018.298,10598.88,8980.309,1974.46,9875.135
8282.515,1955.555,10711.06,8370.954,2033.775,10504.8,9070.592,1982.074,9841.041,8146.606,2018.298,10598.68,8980.232,1974.46,9874.655
8282.758,1955.555,10710.88,8371.212,2033.775,10504.63,9070.55,1982.074,9840.739,8146.879,2018.298,10598.55,8980.194,1974.46,9874.354
8283.139,1955.555,10710.59,8371.637,2033.775,10504.42,9070.499,1982.074,9840.265,8147.301,2018.298,10598.33,8980.12,1974.46,9873.882
8283.366,1955.555,10710.42,8371.887,2033.775,10504.28,9070.459,1982.074,9839.982,8147.548,2018.298,10598.18,8980.056,1974.46,9873.604
8283.724,1955.555,10710.15,8372.271,2033.775,10504.05,9070.396,1982.074,9839.539,8147.938,2018.298,10597.96,8979.97,1974.46,9873.165
8283.938,1955.555,10709.99,8372.498,2033.775,10503.91,9070.351,1982.074,9839.274,8148.17,2018.298,10597.83,8979.919,1974.46,9872.901
8284.274,1955.555,10709.73,8372.874,2033.775,10503.72,9070.341,1982.074,9838.854,8148.527,2018.298,10597.6,8979.8,1974.46,9872.498
8284.536,1955.555,10709.54,8373.162,2033.775,10503.56,9070.322,1982.074,9838.526,8148.805,2018.298,10597.43,8979.717,1974.46,9872.181
8284.789,1955.555,10709.34,8373.445,2033.775,10503.42,9070.294,1982.074,9838.21,8149.074,2018.298,10597.26,8979.646,1974.46,9871.871
8284.977,1955.555,10709.2,8373.651,2033.775,10503.3,9070.277,1982.074,9837.976,8149.273,2018.298,10597.14,8979.59,1974.46,9871.643
8285.263,1955.555,10708.99,8373.96,2033.775,10503.12,9070.24,1982.074,9837.619,8149.577,2018.298,10596.95,8979.515,1974.46,9871.292
8285.506,1955.555,10708.8,8374.229,2033.775,10502.98,9070.207,1982.074,9837.316,8149.835,2018.298,10596.78,8979.438,1974.46,9870.997
8285.73,1955.555,10708.63,8374.475,2033.775,10502.84,9070.167,1982.074,9837.037,8150.074,2018.298,10596.63,8979.377,1974.46,9870.722
8285.896,1955.555,10708.51,8374.663,2033.775,10502.75,9070.131,1982.074,9836.832,8150.25,2018.298,10596.52,8979.324,1974.46,9870.521
8286.158,1955.555,10708.31,8374.954,2033.775,10502.6,9070.091,1982.074,9836.507,8150.529,2018.298,10596.35,8979.252,1974.46,9870.2
8286.362,1955.555,10708.15,8375.177,2033.775,10502.48,9070.051,1982.074,9836.254,8150.746,2018.298,10596.21,8979.204,1974.46,9869.949
8286.559,1955.555,10708.01,8375.388,2033.775,10502.35,9070.005,1982.074,9836.012,8150.954,2018.298,10596.08,8979.159,1974.46,9869.707
8286.748,1955.555,10707.87,8375.582,2033.775,10502.22,9069.969,1982.074,9835.782,8151.155,2018.298,10595.97,8979.109,1974.46,9869.48
8286.936,1955.555,10707.77,8375.757,2033.775,10502.1,9069.929,1982.074,9835.573,8151.335,2018.298,10595.85,8979.07,1974.46,9869.271
8287.148,1955.555,10707.65,8375.962,2033.775,10501.97,9069.891,1982.074,9835.331,8151.541,2018.298,10595.72,8979.022,1974.46,9869.031
8287.326,1955.555,10707.54,8376.142,2033.775,10501.86,9069.852,1982.074,9835.126,8151.699,2018.298,10595.59,8978.988,1974.46,9868.826
8287.532,1955.555,10707.42,8376.343,2033.775,10501.74,9069.79,1982.074,9834.896,8151.878,2018.298,10595.43,8978.942,1974.46,9868.594
8287.709,1955.555,10707.31,8376.53,2033.775,10501.65,9069.723,1982.074,9834.699,8152.039,2018.298,10595.3,8978.896,1974.46,9868.391
8287.897,1955.555,10707.19,8376.731,2033.775,10501.54,9069.657,1982.074,9834.482,8152.219,2018.298,10595.16,8978.837,1974.46,9868.172
8288.066,1955.555,10707.07,8376.914,2033.775,10501.44,9069.604,1982.074,9834.281,8152.386,2018.298,10595.04,8978.784,1974.46,9867.971
8288.235,1955.555,10706.94,8377.102,2033.775,10501.34,9069.516,1982.074,9834.088,8152.561,2018.298,10594.92,8978.724,1974.46,9867.767
8288.379,1955.555,10706.79,8377.282,2033.775,10501.24,9069.436,1982.074,9833.896,8152.722,2018.298,10594.78,8978.658,1974.46,9867.569
8288.564,1955.555,10706.6,8377.508,2033.775,10501.11,9069.343,1982.074,9833.652,8152.928,2018.298,10594.62,8978.568,1974.46,9867.325
8288.711,1955.555,10706.45,8377.687,2033.775,10501,9069.275,1982.074,9833.455,8153.096,2018.298,10594.5,8978.491,1974.46,9867.132
8288.868,1955.555,10706.31,8377.868,2033.775,10500.89,9069.199,1982.074,9833.253,8153.274,2018.298,10594.38,8978.416,1974.46,9866.93
8289.024,1955.555,10706.17,8378.057,2033.775,10500.8,9069.121,1982.074,9833.06,8153.444,2018.298,10594.26,8978.364,1974.46,9866.728
8289.193,1955.555,10706.03,8378.252,2033.775,10500.7,9069.046,1982.074,9832.854,8153.62,2018.298,10594.13,8978.304,1974.46,9866.517
8289.336,1955.555,10705.88,8378.438,2033.775,10500.61,9068.98,1982.074,9832.655,8153.79,2018.298,10594.01,8978.257,1974.46,9866.313
8289.483,1955.555,10705.73,8378.62,2033.775,10500.51,9068.922,1982.074,9832.455,8153.964,2018.298,10593.89,8978.205,1974.46,9866.111
8289.635,1955.555,10705.58,8378.8,2033.775,10500.4,9068.849,1982.074,9832.26,8154.125,2018.298,10593.76,8978.166,1974.46,9865.906
8289.777,1955.555,10705.43,8378.976,2033.775,10500.29,9068.781,1982.074,9832.063,8154.288,2018.298,10593.63,8978.12,1974.46,9865.703
8289.925,1955.555,10705.29,8379.147,2033.775,10500.17,9068.721,1982.074,9831.863,8154.456,2018.298,10593.51,8978.067,1974.46,9865.502
8290.077,1955.555,10705.15,8379.323,2033.775,10500.06,9068.667,1982.074,9831.662,8154.627,2018.298,10593.39,8978.033,1974.46,9865.297
8290.234,1955.555,10705.01,8379.506,2033.775,10499.96,9068.62,1982.074,9831.459,8154.788,2018.298,10593.26,8977.992,1974.46,9865.093
8290.396,1955.555,10704.88,8379.686,2033.775,10499.86,9068.566,1982.074,9831.258,8154.953,2018.298,10593.13,8977.944,1974.46,9864.89
8290.552,1955.555,10704.74,8379.861,2033.775,10499.74,9068.519,1982.074,9831.055,8155.122,2018.298,10593.01,8977.891,1974.46,9864.688
8290.707,1955.555,10704.6,8380.033,2033.775,10499.63,9068.465,1982.074,9830.854,8155.291,2018.298,10592.89,8977.843,1974.46,9864.485
8290.858,1955.555,10704.46,8380.209,2033.775,10499.52,9068.415,1982.074,9830.651,8155.461,2018.298,10592.77,8977.798,1974.46,9864.282
8291.012,1955.555,10704.32,8380.381,2033.775,10499.4,9068.354,1982.074,9830.452,8155.63,2018.298,10592.64,8977.746,1974.46,9864.08
8291.17,1955.555,10704.18,8380.551,2033.775,10499.28,9068.27,1982.074,9830.262,8155.803,2018.298,10592.53,8977.705,1974.46,9863.876
8291.331,1955.555,10704.05,8380.723,2033.775,10499.16,9068.19,1982.074,9830.068,8155.98,2018.298,10592.42,8977.657,1974.46,9863.673
8291.484,1955.555,10703.91,8380.879,2033.775,10499.02,9068.118,1982.074,9829.873,8156.16,2018.298,10592.31,8977.604,1974.46,9863.472
8291.643,1955.555,10703.77,8381.039,2033.775,10498.89,9068.052,1982.074,9829.676,8156.337,2018.298,10592.2,8977.565,1974.46,9863.267
8291.805,1955.555,10703.64,8381.199,2033.775,10498.76,9067.981,1982.074,9829.479,8156.497,2018.298,10592.07,8977.521,1974.46,9863.063
8291.972,1955.555,10703.52,8381.364,2033.775,10498.63,9067.918,1982.074,9829.281,8156.662,2018.298,10591.94,8977.469,1974.46,9862.861
8292.134,1955.555,10703.39,8381.533,2033.775,10498.51,9067.845,1982.074,9829.086,8156.829,2018.298,10591.82,8977.423,1974.46,9862.658
8292.3,1955.555,10703.26,8381.706,2033.775,10498.39,9067.776,1982.074,9828.89,8156.985,2018.298,10591.68,8977.37,1974.46,9862.457
8292.447,1955.555,10703.12,8381.883,2033.775,10498.28,9067.714,1982.074,9828.69,8157.146,2018.298,10591.55,8977.323,1974.46,9862.254
8292.6,1955.555,10702.97,8382.074,2033.775,10498.2,9067.658,1982.074,9828.489,8157.304,2018.298,10591.41,8977.27,1974.46,9862.053
8292.757,1955.555,10702.84,8382.263,2033.775,10498.11,9067.609,1982.074,9828.287,8157.467,2018.298,10591.28,8977.209,1974.46,9861.854
8292.918,1955.555,10702.7,8382.451,2033.775,10498.02,9067.578,1982.074,9828.081,8157.634,2018.298,10591.16,8977.155,1974.46,9861.652
8293.061,1955.555,10702.55,8382.637,2033.775,10497.93,9067.54,1982.074,9827.876,8157.805,2018.298,10591.04,8977.108,1974.46,9861.449
8293.208,1955.555,10702.4,8382.819,2033.775,10497.83,9067.495,1982.074,9827.673,8157.976,2018.298,10590.92,8977.056,1974.46,9861.248
8293.356,1955.555,10702.26,8382.999,2033.775,10497.72,9067.443,1982.074,9827.471,8158.15,2018.298,10590.8,8977,1974.46,9861.047
8293.499,1955.555,10702.11,8383.175,2033.775,10497.61,9067.386,1982.074,9827.271,8158.319,2018.298,10590.68,8976.922,1974.46,9860.854
8293.646,1955.555,10701.96,8383.351,2033.775,10497.5,9067.321,1982.074,9827.072,8158.491,2018.298,10590.56,8976.85,1974.46,9860.658
8293.79,1955.555,10701.81,8383.523,2033.775,10497.38,9067.25,1982.074,9826.876,8158.646,2018.298,10590.42,8976.784,1974.46,9860.461
8293.938,1955.555,10701.67,8383.68,2033.775,10497.25,9067.174,1982.074,9826.683,8158.805,2018.298,10590.29,8976.712,1974.46,9860.266
8294.084,1955.555,10701.52,8383.841,2033.775,10497.11,9067.104,1982.074,9826.486,8158.965,2018.298,10590.16,8976.634,1974.46,9860.072
8294.234,1955.555,10701.37,8384.006,2033.775,10496.99,9067.027,1982.074,9826.293,8159.126,2018.298,10590.02,8976.558,1974.46,9859.878
8294.389,1955.555,10701.23,8384.161,2033.775,10496.85,9066.957,1982.074,9826.097,8159.291,2018.298,10589.9,8976.462,1974.46,9859.692
8294.532,1955.555,10701.08,8384.321,2033.775,10496.71,9066.881,1982.074,9825.903,8159.46,2018.298,10589.77,8976.373,1974.46,9859.504
8294.681,1955.555,10700.93,8384.475,2033.775,10496.57,9066.803,1982.074,9825.71,8159.633,2018.298,10589.66,8976.29,1974.46,9859.313
8294.834,1955.555,10700.79,8384.632,2033.775,10496.43,9066.724,1982.074,9825.518,8159.796,2018.298,10589.53,8976.204,1974.46,9859.123
8294.992,1955.555,10700.66,8384.794,2033.775,10496.3,9066.638,1982.074,9825.328,8159.964,2018.298,10589.41,8976.125,1974.46,9858.931
8295.14,1955.555,10700.51,8384.96,2033.775,10496.18,9066.559,1982.074,9825.136,8160.133,2018.298,10589.28,8976.039,1974.46,9858.741
8295.292,1955.555,10700.37,8385.13,2033.775,10496.06,9066.473,1982.074,9824.946,8160.306,2018.298,10589.17,8975.96,1974.46,9858.549
8295.449,1955.555,10700.23,8385.304,2033.775,10495.94,9066.394,1982.074,9824.754,8160.475,2018.298,10589.04,8975.903,1974.46,9858.349
8295.603,1955.555,10700.09,8385.469,2033.775,10495.82,9066.32,1982.074,9824.559,8160.635,2018.298,10588.91,8975.843,1974.46,9858.149
8295.761,1955.555,10699.96,8385.638,2033.775,10495.69,9066.254,1982.074,9824.361,8160.8,2018.298,10588.79,8975.775,1974.46,9857.952
8295.906,1955.555,10699.81,8385.79,2033.775,10495.55,9066.203,1982.074,9824.159,8160.969,2018.298,10588.66,8975.695,1974.46,9857.76
8296.057,1955.555,10699.66,8385.947,2033.775,10495.41,9066.146,1982.074,9823.959,8161.133,2018.298,10588.53,8975.621,1974.46,9857.565
8296.212,1955.555,10699.52,8386.105,2033.775,10495.28,9066.081,1982.074,9823.761,8161.301,2018.298,10588.41,8975.547,1974.46,9857.371
8296.367,1955.555,10699.39,8386.267,2033.775,10495.15,9066.011,1982.074,9823.564,8161.473,2018.298,10588.29,8975.479,1974.46,9857.174
8296.517,1955.555,10699.24,8386.432,2033.775,10495.02,9065.946,1982.074,9823.366,8161.638,2018.298,10588.17,8975.42,1974.46,9856.975
8296.671,1955.555,10699.1,8386.601,2033.775,10494.9,9065.878,1982.074,9823.169,8161.796,2018.298,10588.03,8975.361,1974.46,9856.774
8296.824,1955.555,10698.96,8386.773,2033.775,10494.78,9065.81,1982.074,9822.972,8161.958,2018.298,10587.9,8975.328,1974.46,9856.568
8296.971,1955.555,10698.81,8386.939,2033.775,10494.65,9065.748,1982.074,9822.772,8162.124,2018.298,10587.77,8975.288,1974.46,9856.364
8297.122,1955.555,10698.67,8387.106,2033.775,10494.53,9065.693,1982.074,9822.571,8162.294,2018.298,10587.65,8975.248,1974.46,9856.16
8297.278,1955.555,10698.53,8387.277,2033.775,10494.41,9065.645,1982.074,9822.369,8162.466,2018.298,10587.54,8975.201,1974.46,9855.957
8297.438,1955.555,10698.39,8387.452,2033.775,10494.29,9065.603,1982.074,9822.165,8162.627,2018.298,10587.4,8975.147,1974.46,9855.756
8297.586,1955.555,10698.25,8387.641,2033.775,10494.21,9065.568,1982.074,9821.959,8162.793,2018.298,10587.28,8975.101,1974.46,9855.553
8297.738,1955.555,10698.1,8387.826,2033.775,10494.11,9065.528,1982.074,9821.755,8162.963,2018.298,10587.16,8975.061,1974.46,9855.349
8297.896,1955.555,10697.97,8388.016,2033.775,10494.03,9065.494,1982.074,9821.549,8163.137,2018.298,10587.04,8975.053,1974.46,9855.141
8298.04,1955.555,10697.82,8388.202,2033.775,10493.93,9065.459,1982.074,9821.344,8163.301,2018.298,10586.91,8975.038,1974.46,9854.933
8298.186,1955.555,10697.67,8388.385,2033.775,10493.83,9065.415,1982.074,9821.14,8163.463,2018.298,10586.78,8975.017,1974.46,9854.726
8298.328,1955.555,10697.52,8388.564,2033.775,10493.73,9065.378,1982.074,9820.935,8163.629,2018.298,10586.66,8974.988,1974.46,9854.52
8298.476,1955.555,10697.37,8388.75,2033.775,10493.63,9065.348,1982.074,9820.729,8163.79,2018.298,10586.52,8974.953,1974.46,9854.314
8298.628,1955.555,10697.23,8388.933,2033.775,10493.53,9065.313,1982.074,9820.523,8163.954,2018.298,10586.4,8974.889,1974.46,9854.116
8298.785,1955.555,10697.09,8389.116,2033.775,10493.43,9065.272,1982.074,9820.319,8164.122,2018.298,10586.27,8974.831,1974.46,9853.916
8298.934,1955.555,10696.94,8389.301,2033.775,10493.34,9065.247,1982.074,9820.112,8164.293,2018.298,10586.15,8974.78,1974.46,9853.714
8299.086,1955.555,10696.8,8389.484,2033.775,10493.24,9065.216,1982.074,9819.906,8164.468,2018.298,10586.04,8974.735,1974.46,9853.511
8299.243,1955.555,10696.67,8389.665,2033.775,10493.13,9065.188,1982.074,9819.7,8164.647,2018.298,10585.93,8974.697,1974.46,9853.306
8299.388,1955.555,10696.52,8389.842,2033.775,10493.02,9065.165,1982.074,9819.493,8164.827,2018.298,10585.83,8974.666,1974.46,9853.1
8299.537,1955.555,10696.37,8390.015,2033.775,10492.91,9065.136,1982.074,9819.287,8165.019,2018.298,10585.75,8974.614,1974.46,9852.897
8299.691,1955.555,10696.23,8390.167,2033.775,10492.76,9065.101,1982.074,9819.082,8165.208,2018.298,10585.66,8974.55,1974.46,9852.699
8299.85,1955.555,10696.09,8390.323,2033.775,10492.63,9065.068,1982.074,9818.876,8165.393,2018.298,10585.56,8974.491,1974.46,9852.499
8300.046,1955.555,10695.94,8390.517,2033.775,10492.47,9065.021,1982.074,9818.63,8165.626,2018.298,10585.47,8974.423,1974.46,9852.258
8300.193,1955.555,10695.79,8390.682,2033.775,10492.34,9064.976,1982.074,9818.427,8165.817,2018.298,10585.39,8974.358,1974.46,9852.06
8300.408,1955.555,10695.59,8390.921,2033.775,10492.17,9064.927,1982.074,9818.137,8166.082,2018.298,10585.26,8974.276,1974.46,9851.777
8300.606,1955.555,10695.42,8391.141,2033.775,10492.02,9064.875,1982.074,9817.878,8166.316,2018.298,10585.14,8974.211,1974.46,9851.521
8301.053,1955.555,10695.05,8391.63,2033.775,10491.72,9064.743,1982.074,9817.316,8166.827,2018.298,10584.87,8974.007,1974.46,9850.982
8301.412,1955.555,10694.78,8392.012,2033.775,10491.47,9064.625,1982.074,9816.879,8167.221,2018.298,10584.65,8973.86,1974.46,9850.554
8301.759,1955.555,10694.53,8392.363,2033.775,10491.23,9064.501,1982.074,9816.472,8167.585,2018.298,10584.43,8973.736,1974.46,9850.146
8302.499,1955.555,10694.04,8393.016,2033.775,10490.64,9064.271,1982.074,9815.618,8168.324,2018.298,10583.94,8973.506,1974.46,9849.293
8302.688,1955.555,10693.94,8393.181,2033.775,10490.49,9064.2,1982.074,9815.413,8168.51,2018.298,10583.83,8973.456,1974.46,9849.081
8303.469,1955.555,10693.46,8393.896,2033.775,10489.92,9063.932,1982.074,9814.537,8169.276,2018.298,10583.33,8973.218,1974.46,9848.196
8304.116,1955.555,10693.08,8394.496,2033.775,10489.47,9063.735,1982.074,9813.813,8169.872,2018.298,10582.87,8972.999,1974.46,9847.479
8304.62,1955.555,10692.76,8394.934,2033.775,10489.07,9063.579,1982.074,9813.239,8170.322,2018.298,10582.48,8972.845,1974.46,9846.905
8305.49,1955.555,10692.24,8395.705,2033.775,10488.41,9063.345,1982.074,9812.25,8171.114,2018.298,10581.85,8972.624,1974.46,9845.913
8306.331,1955.555,10691.82,8396.44,2033.775,10487.82,9063.157,1982.074,9811.326,8171.82,2018.298,10581.22,8972.392,1974.46,9845
8307.159,1955.555,10691.36,8397.173,2033.775,10487.22,9062.939,1982.074,9810.408,8172.547,2018.298,10580.62,8972.154,1974.46,9844.087
8307.804,1955.555,10690.98,8397.769,2033.775,10486.77,9062.849,1982.074,9809.665,8173.139,2018.298,10580.16,8971.919,1974.46,9843.376
8309.069,1955.555,10690.18,8398.991,2033.775,10485.9,9062.617,1982.074,9808.184,8174.354,2018.298,10579.29,8971.494,1974.46,9841.938
8309.468,1955.555,10689.91,8399.394,2033.775,10485.63,9062.543,1982.074,9807.707,8174.74,2018.298,10579,8971.373,1974.46,9841.472
8310.655,1955.555,10689.04,8400.475,2033.775,10484.64,9062.286,1982.074,9806.259,8175.944,2018.298,10578.15,8971.043,1974.46,9840.038
8311.526,1955.555,10688.36,8401.312,2033.775,10483.91,9062.176,1982.074,9805.158,8176.871,2018.298,10577.55,8970.666,1974.46,9838.998
8312.662,1955.555,10687.53,8402.405,2033.775,10483.03,9061.99,1982.074,9803.764,8178.073,2018.298,10576.82,8970.23,1974.46,9837.66
8313.992,1955.555,10686.73,8403.644,2033.775,10482.09,9061.735,1982.074,9802.233,8179.449,2018.298,10576.1,8969.799,1974.46,9836.17
8315.063,1955.555,10686.04,8404.685,2033.775,10481.36,9061.484,1982.074,9800.984,8180.559,2018.298,10575.47,8969.428,1974.46,9834.951
8315.791,1955.555,10685.53,8405.353,2033.775,10480.78,9061.281,1982.074,9800.121,8181.316,2018.298,10575.01,8969.197,1974.46,9834.095
8316.628,1955.555,10684.91,8406.16,2033.775,10480.12,9061.01,1982.074,9799.114,8182.27,2018.298,10574.59,8968.96,1974.46,9833.08
8317.941,1955.555,10684.22,8407.255,2033.775,10479.12,9060.607,1982.074,9797.688,8183.605,2018.298,10573.95,8968.575,1974.46,9831.649
8319.038,1955.555,10683.6,8408.212,2033.775,10478.3,9060.208,1982.074,9796.494,8184.721,2018.298,10573.37,8968.396,1974.46,9830.402
8320.837,1955.555,10682.51,8409.856,2033.775,10476.98,9059.605,1982.074,9794.477,8186.604,2018.298,10572.42,8968.029,1974.46,9828.329
8321.242,1955.555,10682.24,8410.244,2033.775,10476.69,9059.482,1982.074,9794.008,8187.03,2018.298,10572.19,8967.93,1974.46,9827.855
8322.932,1955.555,10681.06,8411.938,2033.775,10475.51,9058.874,1982.074,9792.035,8188.813,2018.298,10571.15,8967.438,1974.46,9825.851
8323.875,1955.555,10680.35,8412.915,2033.775,10474.85,9058.494,1982.074,9790.917,8189.829,2018.298,10570.55,8967.119,1974.46,9824.714
8325.21,1955.555,10679.26,8414.374,2033.775,10473.93,9057.954,1982.074,9789.279,8191.428,2018.298,10569.91,8966.821,1974.46,9823.015
8326.448,1955.555,10678.31,8415.665,2033.775,10473.06,9057.515,1982.074,9787.783,8192.854,2018.298,10569.27,8966.502,1974.46,9821.488
8327.43,1955.555,10677.61,8416.685,2033.775,10472.41,9057.213,1982.074,9786.616,8193.975,2018.298,10568.83,8966.216,1974.46,9820.316
8329.418,1955.555,10676.38,8418.62,2033.775,10471.1,9056.568,1982.074,9784.369,8196.118,2018.298,10567.89,8965.916,1974.46,9817.998
8330.075,1955.555,10676.05,8419.166,2033.775,10470.61,9056.377,1982.074,9783.659,8196.797,2018.298,10567.61,8965.808,1974.46,9817.271
8332.001,1955.555,10675,8420.839,2033.775,10469.19,9055.747,1982.074,9781.561,8198.791,2018.298,10566.7,8965.413,1974.46,9815.115
8333.402,1955.555,10674.21,8422.104,2033.775,10468.19,9055.334,1982.074,9780.001,8200.236,2018.298,10565.99,8965.071,1974.46,9813.539
8334.71,1955.555,10673.4,8423.264,2033.775,10467.19,9054.985,1982.074,9778.507,8201.589,2018.298,10565.26,8964.8,1974.46,9812.028
8336.277,1955.555,10672.37,8424.657,2033.775,10465.93,9054.538,1982.074,9776.684,8203.213,2018.298,10564.32,8964.554,1974.46,9810.167
8337.583,1955.555,10671.49,8425.858,2033.775,10464.92,9054.214,1982.074,9775.145,8204.608,2018.298,10563.59,8964.297,1974.46,9808.615
8339.288,1955.555,10670.49,8427.407,2033.775,10463.69,9053.87,1982.074,9773.2,8206.329,2018.298,10562.63,8963.91,1974.46,9806.679
8340.792,1955.555,10669.55,8428.836,2033.775,10462.63,9053.504,1982.074,9771.462,8207.849,2018.298,10561.7,8963.457,1974.46,9804.961
8342.276,1955.555,10668.54,8430.28,2033.775,10461.57,9053.329,1982.074,9769.679,8209.35,2018.298,10560.73,8962.822,1974.46,9803.285
8343.875,1955.555,10667.69,8431.752,2033.775,10460.52,9053.094,1982.074,9767.882,8210.712,2018.298,10559.53,8962.235,1974.46,9801.57
8344.951,1955.555,10667.12,8432.763,2033.775,10459.84,9052.896,1982.074,9766.682,8211.652,2018.298,10558.76,8961.88,1974.46,9800.407
8347.618,1955.555,10665.6,8435.368,2033.775,10458.21,9052.299,1982.074,9763.669,8214.089,2018.298,10556.89,8961.078,1974.46,9797.442
8348.389,1955.555,10665.13,8436.119,2033.775,10457.71,9052.105,1982.074,9762.786,8214.823,2018.298,10556.36,8960.871,1974.46,9796.563
8350.317,1955.555,10664.04,8437.935,2033.775,10456.44,9051.563,1982.074,9760.64,8216.63,2018.298,10555.08,8960.356,1974.46,9794.409
8351.932,1955.555,10663.06,8439.368,2033.775,10455.21,9051.102,1982.074,9758.808,8218.206,2018.298,10554.04,8959.857,1974.46,9792.587
8353.526,1955.555,10662.02,8440.854,2033.775,10454.02,9050.576,1982.074,9756.976,8219.749,2018.298,10552.92,8959.092,1974.46,9790.842
8355.658,1955.555,10660.52,8442.937,2033.775,10452.46,9049.777,1982.074,9754.498,8221.906,2018.298,10551.47,8958.125,1974.46,9788.425
8356.173,1955.555,10660.14,8443.461,2033.775,10452.08,9049.604,1982.074,9753.879,8222.451,2018.298,10551.12,8957.836,1974.46,9787.851
8358.147,1955.555,10658.52,8445.498,2033.775,10450.55,9048.837,1982.074,9751.444,8224.655,2018.298,10549.84,8956.763,1974.46,9785.534
8359.702,1955.555,10657.33,8447.099,2033.775,10449.42,9048.188,1982.074,9749.597,8226.392,2018.298,10548.93,8955.998,1974.46,9783.731
8360.654,1955.555,10656.41,8448.153,2033.775,10448.62,9047.888,1982.074,9748.31,8227.61,2018.298,10548.42,8955.395,1974.46,9782.556
8363.108,1955.555,10654.2,8450.854,2033.775,10446.72,9047.033,1982.074,9745.118,8230.614,2018.298,10547.04,8953.982,1974.46,9779.569
8363.799,1955.555,10653.52,8451.663,2033.775,10446.19,9046.752,1982.074,9744.19,8231.481,2018.298,10546.61,8953.597,1974.46,9778.681
8365.536,1955.555,10651.92,8453.441,2033.775,10444.63,9045.992,1982.074,9741.951,8233.668,2018.298,10545.71,8952.728,1974.46,9776.481
8367.405,1955.555,10650.27,8455.367,2033.775,10443.05,9045.198,1982.074,9739.591,8235.938,2018.298,10544.69,8951.535,1974.46,9774.295
8368.533,1955.555,10649.34,8456.527,2033.775,10442.16,9044.687,1982.074,9738.222,8237.257,2018.298,10544.06,8950.878,1974.46,9772.989
8370.872,1955.555,10647.54,8458.929,2033.775,10440.44,9043.563,1982.074,9735.49,8239.994,2018.298,10542.95,8949.555,1974.46,9770.349
8372.417,1955.555,10646.19,8460.585,2033.775,10439.23,9042.724,1982.074,9733.623,8241.866,2018.298,10542.12,8948.697,1974.46,9768.488
8373.041,1955.555,10645.59,8461.24,2033.775,10438.66,9042.345,1982.074,9732.84,8242.649,2018.298,10541.74,8948.359,1974.46,9767.688
8375.459,1955.555,10643.39,8463.772,2033.775,10436.59,9041.019,1982.074,9729.852,8245.545,2018.298,10540.22,8947.156,1974.46,9764.647
8376.898,1955.555,10642.02,8465.35,2033.775,10435.39,9040.132,1982.074,9728.077,8247.271,2018.298,10539.25,8946.366,1974.46,9762.828
8377.419,1955.555,10641.56,8465.917,2033.775,10434.99,9039.785,1982.074,9727.473,8247.865,2018.298,10538.88,8946.103,1974.46,9762.184
8379.531,1955.555,10639.8,8467.972,2033.775,10433.16,9038.356,1982.074,9725.127,8250.255,2018.298,10537.53,8944.979,1974.46,9759.677
8380.635,1955.555,10638.95,8469.047,2033.775,10432.27,9037.669,1982.074,9723.91,8251.447,2018.298,10536.8,8944.367,1974.46,9758.421
8382.915,1955.555,10637.29,8471.251,2033.775,10430.51,9036.045,1982.074,9721.606,8253.686,2018.298,10535.09,8943.38,1974.46,9755.781
8384.667,1955.555,10636.11,8472.948,2033.775,10429.25,9034.883,1982.074,9719.838,8255.407,2018.298,10533.86,8942.574,1974.46,9753.824
8387.039,1955.555,10634.38,8475.355,2033.775,10427.58,9033.354,1982.074,9717.337,8257.847,2018.298,10532.23,8941.369,1974.46,9751.151
8388.056,1955.555,10633.39,8476.431,2033.775,10426.64,9032.652,1982.074,9716.099,8259.057,2018.298,10531.48,8940.742,1974.46,9749.874
8389.153,1955.555,10632.38,8477.55,2033.775,10425.66,9031.945,1982.074,9714.788,8260.348,2018.298,10530.74,8940.159,1974.46,9748.504
8391.132,1955.555,10630.68,8479.564,2033.775,10424.01,9030.784,1982.074,9712.454,8262.563,2018.298,10529.37,8939.061,1974.46,9746.14
8392.887,1955.555,10629.27,8481.349,2033.775,10422.63,9029.848,1982.074,9710.408,8264.399,2018.298,10528.07,8938.308,1974.46,9744.019
8394.613,1955.555,10627.98,8483.103,2033.775,10421.38,9028.791,1982.074,9708.526,8266.134,2018.298,10526.78,8937.52,1974.46,9742.009
8395.974,1955.555,10627.02,8484.483,2033.775,10420.45,9028.025,1982.074,9707.052,8267.5,2018.298,10525.84,8936.863,1974.46,9740.483
8398.502,1955.555,10625.13,8487.167,2033.775,10418.78,9026.508,1982.074,9704.277,8270.158,2018.298,10524.13,8935.794,1974.46,9737.508
8399.298,1955.555,10624.57,8487.988,2033.775,10418.26,9026.069,1982.074,9703.409,8270.992,2018.298,10523.63,8935.436,1974.46,9736.604
8401.625,1955.555,10622.82,8490.496,2033.775,10416.78,9024.843,1982.074,9700.771,8273.335,2018.298,10521.9,8934.467,1974.46,9733.86
8403.159,1955.555,10621.36,8492.338,2033.775,10415.75,9023.95,1982.074,9698.854,8275.078,2018.298,10520.7,8933.697,1974.46,9731.891
8405.081,1955.555,10619.66,8494.535,2033.775,10414.41,9022.941,1982.074,9696.488,8277.244,2018.298,10519.31,8932.842,1974.46,9729.466
8406.239,1955.555,10618.69,8495.715,2033.775,10413.47,9022.396,1982.074,9695.084,8278.396,2018.298,10518.34,8932.386,1974.46,9728.03
8408.081,1955.555,10616.85,8497.805,2033.775,10411.92,9021.534,1982.074,9692.628,8280.441,2018.298,10516.73,8931.518,1974.46,9725.576
8409.315,1955.555,10615.7,8499.194,2033.775,10410.96,9021.255,1982.074,9690.961,8281.743,2018.298,10515.66,8931.006,1974.46,9723.965
8411.373,1955.555,10613.9,8501.487,2033.775,10409.47,9020.715,1982.074,9688.28,8283.905,2018.298,10513.98,8930.264,1974.46,9721.333
8412.688,1955.555,10612.82,8502.788,2033.775,10408.38,9020.472,1982.074,9686.599,8285.281,2018.298,10512.98,8929.856,1974.46,9719.684
8414.82,1955.555,10611.09,8504.948,2033.775,10406.68,9019.989,1982.074,9683.895,8287.559,2018.298,10511.45,8929.172,1974.46,9717.023
8416.18,1955.555,10610.06,8506.324,2033.775,10405.67,9019.635,1982.074,9682.226,8288.985,2018.298,10510.51,8928.801,1974.46,9715.357
8418.225,1955.555,10608.21,8508.54,2033.775,10404.03,9018.975,1982.074,9679.55,8291.339,2018.298,10509.08,8928.29,1974.46,9712.648
8420.24,1955.555,10606.32,8510.813,2033.775,10402.46,9018.318,1982.074,9676.867,8293.683,2018.298,10507.62,8927.689,1974.46,9709.953
8421.45,1955.555,10605.26,8512.166,2033.775,10401.59,9017.987,1982.074,9675.292,8294.981,2018.298,10506.67,8927.546,1974.46,9708.351
8423.961,1955.555,10603.2,8514.954,2033.775,10399.92,9017.168,1982.074,9672.148,8297.665,2018.298,10504.84,8927.15,1974.46,9705.126
8425.74,1955.555,10601.82,8516.922,2033.775,10398.83,9016.672,1982.074,9669.953,8299.564,2018.298,10503.63,8926.804,1974.46,9702.902
8426.504,1955.555,10601.27,8517.79,2033.775,10398.47,9016.494,1982.074,9669.027,8300.34,2018.298,10503.09,8926.745,1974.46,9701.961
8429.021,1955.555,10599.36,8520.693,2033.775,10397.22,9016.001,1982.074,9665.907,8302.996,2018.298,10501.38,8926.483,1974.46,9698.813
8429.877,1955.555,10598.56,8521.753,2033.775,10396.73,9015.818,1982.074,9664.752,8303.939,2018.298,10500.69,8926.349,1974.46,9697.65
8431.944,1955.555,10596.76,8524.201,2033.775,10395.48,9015.479,1982.074,9662.026,8306.206,2018.298,10499.14,8926.377,1974.46,9694.903
8433.775,1955.555,10595.26,8526.274,2033.775,10394.34,9015.265,1982.074,9659.67,8308.033,2018.298,10497.64,8926.343,1974.46,9692.538
8435.579,1955.555,10593.88,8528.227,2033.775,10393.18,9015.07,1982.074,9657.407,8309.833,2018.298,10496.25,8926.235,1974.46,9690.27
8437.428,1955.555,10592.56,8530.217,2033.775,10392.08,9014.95,1982.074,9655.139,8311.679,2018.298,10494.93,8926.215,1974.46,9687.998
8439.126,1955.555,10591.05,8532.168,2033.775,10390.93,9014.865,1982.074,9652.871,8313.563,2018.298,10493.67,8926.12,1974.46,9685.731
8441.542,1955.555,10589.05,8534.562,2033.775,10388.9,9014.683,1982.074,9649.737,8316.228,2018.298,10492.01,8925.614,1974.46,9682.634
8442.742,1955.555,10588.12,8535.751,2033.775,10387.95,9014.545,1982.074,9648.226,8317.542,2018.298,10491.25,8925.419,1974.46,9681.128
8444.511,1955.555,10586.84,8537.481,2033.775,10386.62,9014.442,1982.074,9646.045,8319.338,2018.298,10490,8925.209,1974.46,9678.955
8446.404,1955.555,10585.56,8539.337,2033.775,10385.29,9014.493,1982.074,9643.761,8321.259,2018.298,10488.77,8924.924,1974.46,9676.688
8448.482,1955.555,10584.61,8541.234,2033.775,10384.02,9014.47,1982.074,9641.477,8323.218,2018.298,10487.59,8924.679,1974.46,9674.418
8449.844,1955.555,10583.94,8542.524,2033.775,10383.21,9014.404,1982.074,9639.958,8324.465,2018.298,10486.72,8924.565,1974.46,9672.902
8452.539,1955.555,10582.49,8545.173,2033.775,10381.68,9014.679,1982.074,9636.91,8327.032,2018.298,10485.06,8924.266,1974.46,9669.856
8454.522,1955.555,10581.34,8547.305,2033.775,10380.84,9014.81,1982.074,9634.623,8328.993,2018.298,10483.87,8924.116,1974.46,9667.571
8456.473,1955.555,10580.13,8549.414,2033.775,10379.93,9014.865,1982.074,9632.327,8330.872,2018.298,10482.55,8924.041,1974.46,9665.275
8458.412,1955.555,10578.89,8551.497,2033.775,10378.95,9014.846,1982.074,9630.026,8332.797,2018.298,10481.29,8923.968,1974.46,9662.976
8460.755,1955.555,10577.28,8554.026,2033.775,10377.66,9015.11,1982.074,9627.199,8335.031,2018.298,10479.54,8923.96,1974.46,9660.136
8462.145,1955.555,10576.4,8555.558,2033.775,10377.05,9015.247,1982.074,9625.556,8336.322,2018.298,10478.51,8924.009,1974.46,9658.487
8464.201,1955.555,10575.13,8557.778,2033.775,10376.1,9015.368,1982.074,9623.144,8338.261,2018.298,10477.07,8924.16,1974.46,9656.077
8465.963,1955.555,10574.21,8559.582,2033.775,10375.26,9015.425,1982.074,9621.155,8339.896,2018.298,10475.94,8924.22,1974.46,9654.089
8469.013,1955.555,10572.63,8562.645,2033.775,10373.71,9015.635,1982.074,9617.729,8342.778,2018.298,10474.07,8924.21,1974.46,9650.656
8469.71,1955.555,10572.31,8563.352,2033.775,10373.41,9015.698,1982.074,9616.963,8343.402,2018.298,10473.63,8924.233,1974.46,9649.888
8472.417,1955.555,10570.94,8566.102,2033.775,10372.13,9015.849,1982.074,9613.933,8345.922,2018.298,10471.93,8924.12,1974.46,9646.855
8474.441,1955.555,10569.83,8568.16,2033.775,10371.09,9015.888,1982.074,9611.625,8347.879,2018.298,10470.71,8924.109,1974.46,9644.548
8475.921,1955.555,10568.96,8569.667,2033.775,10370.26,9015.86,1982.074,9609.907,8349.261,2018.298,10469.69,8924.157,1974.46,9642.83
8478.289,1955.555,10567.45,8572.264,2033.775,10369.19,9015.908,1982.074,9607.101,8351.572,2018.298,10468.1,8924.144,1974.46,9640.022
8480.384,1955.555,10566.24,8574.469,2033.775,10368.2,9016.119,1982.074,9604.691,8353.606,2018.298,10466.79,8924.211,1974.46,9637.605
8482.62,1955.555,10564.85,8576.942,2033.775,10367.3,9016.373,1982.074,9602.072,8355.812,2018.298,10465.35,8924.295,1974.46,9634.975
8484.457,1955.555,10563.63,8579.01,2033.775,10366.53,9016.782,1982.074,9599.902,8357.7,2018.298,10464.21,8924.153,1974.46,9632.771
8485.936,1955.555,10562.57,8580.69,2033.775,10365.83,9017.061,1982.074,9598.106,8359.258,2018.298,10463.27,8924.096,1974.46,9630.954
8487.985,1955.555,10560.92,8583.087,2033.775,10364.75,9017.403,1982.074,9595.499,8361.555,2018.298,10461.99,8924.099,1974.46,9628.324
8489.585,1955.555,10559.72,8584.882,2033.775,10363.87,9017.6,1982.074,9593.508,8363.333,2018.298,10461.07,8924.166,1974.46,9626.325
8492.33,1955.555,10557.61,8588.039,2033.775,10362.45,9017.825,1982.074,9590.054,8366.355,2018.298,10459.39,8924.396,1974.46,9622.871
8492.96,1955.555,10557.16,8588.735,2033.775,10362.11,9017.84,1982.074,9589.278,8367.045,2018.298,10459.03,8924.455,1974.46,9622.098
8495.273,1955.555,10555.17,8591.433,2033.775,10360.68,9017.871,1982.074,9586.226,8369.909,2018.298,10457.98,8924.94,1974.46,9619.084
8496.424,1955.555,10554.13,8592.806,2033.775,10359.96,9017.896,1982.074,9584.679,8371.346,2018.298,10457.4,8925.137,1974.46,9617.549
8498.96,1955.555,10552,8595.892,2033.775,10358.75,9018.02,1982.074,9581.364,8374.382,2018.298,10456.07,8925.537,1974.46,9614.257
8500.383,1955.555,10550.88,8597.555,2033.775,10358.03,9017.997,1982.074,9579.553,8376.016,2018.298,10455.28,8925.813,1974.46,9612.467
8502.442,1955.555,10549.36,8599.907,2033.775,10357.03,9018.049,1982.074,9576.996,8378.284,2018.298,10454.1,8926.18,1974.46,9609.936
8504.181,1955.555,10548.17,8601.818,2033.775,10356.14,9018.089,1982.074,9574.888,8380.193,2018.298,10453.21,8926.413,1974.46,9607.84
8506.408,1955.555,10546.74,8604.288,2033.775,10355.19,9018.226,1982.074,9572.247,8382.55,2018.298,10452.01,8926.62,1974.46,9605.204
8508.111,1955.555,10545.67,8606.145,2033.775,10354.41,9018.396,1982.074,9570.24,8384.313,2018.298,10451.04,8926.712,1974.46,9603.192
8510.311,1955.555,10544.19,8608.553,2033.775,10353.3,9018.751,1982.074,9567.613,8386.676,2018.298,10449.83,8926.919,1974.46,9600.55
8512.023,1955.555,10543.11,8610.404,2033.775,10352.49,9018.956,1982.074,9565.603,8388.446,2018.298,10448.86,8927.143,1974.46,9598.541
8514.905,1955.555,10541.18,8613.539,2033.775,10351,9019.422,1982.074,9562.16,8391.5,2018.298,10447.2,8928.073,1974.46,9595.194
8515.571,1955.555,10540.76,8614.277,2033.775,10350.73,9019.553,1982.074,9561.385,8392.179,2018.298,10446.8,8928.259,1974.46,9594.431
8518.355,1955.555,10539.04,8617.313,2033.775,10349.51,9019.855,1982.074,9558.128,8394.938,2018.298,10445.05,8928.927,1974.46,9591.229
8519.876,1955.555,10538.03,8619,2033.775,10348.82,9020.071,1982.074,9556.316,8396.444,2018.298,10444.02,8929.241,1974.46,9589.432
8522.058,1955.555,10536.69,8621.337,2033.775,10347.76,9020.207,1982.074,9553.757,8398.607,2018.298,10442.64,8929.6,1974.46,9586.894
8523.826,1955.555,10535.52,8623.271,2033.775,10346.89,9020.389,1982.074,9551.643,8400.434,2018.298,10441.56,8929.827,1974.46,9584.784
8526.073,1955.555,10534.13,8625.64,2033.775,10345.73,9020.525,1982.074,9549.007,8402.718,2018.298,10440.24,8930.293,1974.46,9582.187
8527.765,1955.555,10533.01,8627.43,2033.775,10344.77,9020.697,1982.074,9546.985,8404.506,2018.298,10439.28,8930.586,1974.46,9580.179
8529.876,1955.555,10531.4,8629.77,2033.775,10343.51,9020.695,1982.074,9544.328,8407.016,2018.298,10438.41,8930.883,1974.46,9577.539
8531.526,1955.555,10530.22,8631.58,2033.775,10342.6,9020.761,1982.074,9542.302,8408.908,2018.298,10437.68,8931.204,1974.46,9575.537
8534.433,1955.555,10528.29,8634.867,2033.775,10341.43,9020.986,1982.074,9538.818,8412.123,2018.298,10436.32,8931.645,1974.46,9572.074
8535.091,1955.555,10527.88,8635.588,2033.775,10341.14,9021.062,1982.074,9538.048,8412.826,2018.298,10436,8931.717,1974.46,9571.303
8537.767,1955.555,10526.35,8638.416,2033.775,10339.92,9021.261,1982.074,9534.973,8415.58,2018.298,10434.61,8931.729,1974.46,9568.221
8539.801,1955.555,10525.19,8640.537,2033.775,10338.92,9021.336,1982.074,9532.629,8417.641,2018.298,10433.49,8931.79,1974.46,9565.876
8541.915,1955.555,10524.18,8642.622,2033.775,10337.85,9021.334,1982.074,9530.285,8419.646,2018.298,10432.28,8931.928,1974.46,9563.536
8543.714,1955.555,10523.25,8644.441,2033.775,10336.96,9021.398,1982.074,9528.26,8421.414,2018.298,10431.29,8931.98,1974.46,9561.511
8546.76,1955.555,10521.54,8647.604,2033.775,10335.48,9021.823,1982.074,9524.794,8424.514,2018.298,10429.68,8932.186,1974.46,9558.025
8547.43,1955.555,10521.13,8648.314,2033.775,10335.15,9021.894,1982.074,9524.015,8425.219,2018.298,10429.34,8932.162,1974.46,9557.243
8550.013,1955.555,10519.45,8651.086,2033.775,10333.8,9022.126,1982.074,9520.942,8427.949,2018.298,10427.91,8932.173,1974.46,9554.162
8551.986,1955.555,10518.18,8653.164,2033.775,10332.71,9022.391,1982.074,9518.608,8429.994,2018.298,10426.76,8931.969,1974.46,9551.822
8553.795,1955.555,10516.67,8655.21,2033.775,10331.55,9022.579,1982.074,9516.262,8432.08,2018.298,10425.67,8931.841,1974.46,9549.472
8555.393,1955.555,10515.43,8657.002,2033.775,10330.6,9022.815,1982.074,9514.25,8433.844,2018.298,10424.67,8931.797,1974.46,9547.447
8557.612,1955.555,10513.82,8659.387,2033.775,10329.25,9023.046,1982.074,9511.516,8436.276,2018.298,10423.4,8931.827,1974.46,9544.703
8559.918,1955.555,10512.25,8661.853,2033.775,10327.95,9023.188,1982.074,9508.732,8438.922,2018.298,10422.53,8931.949,1974.46,9541.919
8560.867,1955.555,10511.5,8662.907,2033.775,10327.35,9023.211,1982.074,9507.52,8440.061,2018.298,10422.11,8931.945,1974.46,9540.706
8563.436,1955.555,10509.28,8665.669,2033.775,10325.38,9023.188,1982.074,9504.13,8443.202,2018.298,10420.83,8931.943,1974.46,9537.316
8564.907,1955.555,10508.03,8667.195,2033.775,10324.19,9023.237,1982.074,9502.196,8445.026,2018.298,10420.19,8931.879,1974.46,9535.383
8566.668,1955.555,10506.48,8669.093,2033.775,10322.81,9023.249,1982.074,9499.851,8447.212,2018.298,10419.34,8931.877,1974.46,9533.037
8568.481,1955.555,10504.98,8671.037,2033.775,10321.5,9023.185,1982.074,9497.503,8449.371,2018.298,10418.41,8931.586,1974.46,9530.706
8570.013,1955.555,10503.64,8672.76,2033.775,10320.4,9023.062,1982.074,9495.467,8451.287,2018.298,10417.72,8931.399,1974.46,9528.675
8572.758,1955.555,10501.38,8675.824,2033.775,10318.6,9023.136,1982.074,9491.912,8454.586,2018.298,10416.39,8930.896,1974.46,9525.155
8574.001,1955.555,10500.42,8677.188,2033.775,10317.83,9023.179,1982.074,9490.344,8456.022,2018.298,10415.76,8930.725,1974.46,9523.596
8575.188,1955.555,10499.57,8678.379,2033.775,10316.98,9023.226,1982.074,9488.883,8457.341,2018.298,10415.12,8930.612,1974.46,9522.138
8577.648,1955.555,10497.62,8680.991,2033.775,10315.24,9023.225,1982.074,9485.745,8460.264,2018.298,10413.98,8930.475,1974.46,9519.004
8579.478,1955.555,10496.27,8682.926,2033.775,10314.04,9023.259,1982.074,9483.47,8462.354,2018.298,10413.09,8930.449,1974.46,9516.729
8581.609,1955.555,10494.53,8685.312,2033.775,10312.67,9023.21,1982.074,9480.719,8464.847,2018.298,10411.92,8930.509,1974.46,9513.978
8583.436,1955.555,10493.14,8687.112,2033.775,10311.25,9023.244,1982.074,9478.423,8466.9,2018.298,10410.89,8930.483,1974.46,9511.682
8584.499,1955.555,10492.38,8688.164,2033.775,10310.47,9023.221,1982.074,9477.115,8468.05,2018.298,10410.27,8930.512,1974.46,9510.375
8587.284,1955.555,10490.52,8690.841,2033.775,10308.46,9022.975,1982.074,9473.778,8471.043,2018.298,10408.78,8931.005,1974.46,9507.065
8588.837,1955.555,10489.54,8692.346,2033.775,10307.41,9022.899,1982.074,9471.942,8472.658,2018.298,10407.9,8931.216,1974.46,9505.24
8590.806,1955.555,10487.85,8694.518,2033.775,10305.99,9022.879,1982.074,9469.35,8474.978,2018.298,10406.74,8931.429,1974.46,9502.656
8592.419,1955.555,10486.48,8696.33,2033.775,10304.89,9022.932,1982.074,9467.229,8476.991,2018.298,10406.08,8931.534,1974.46,9500.538
8594.439,1955.555,10484.86,8698.583,2033.775,10303.62,9023.08,1982.074,9464.648,8479.419,2018.298,10405.19,8931.963,1974.46,9497.988
8596.133,1955.555,10483.6,8700.457,2033.775,10302.64,9023.271,1982.074,9462.544,8481.378,2018.298,10404.4,8932.29,1974.46,9495.9
8598.286,1955.555,10482.02,8702.784,2033.775,10301.33,9023.598,1982.074,9459.894,8483.819,2018.298,10403.32,8932.617,1974.46,9493.25
8599.974,1955.555,10480.87,8704.598,2033.775,10300.39,9023.914,1982.074,9457.873,8485.661,2018.298,10402.43,8932.811,1974.46,9491.215
8602.055,1955.555,10479.19,8706.928,2033.775,10299.08,9024.242,1982.074,9455.219,8488.195,2018.298,10401.57,8933.15,1974.46,9488.563
8603.908,1955.555,10477.74,8708.898,2033.775,10297.8,9024.414,1982.074,9452.875,8490.396,2018.298,10400.75,8933.41,1974.46,9486.228
8605.331,1955.555,10476.63,8710.444,2033.775,10296.87,9024.507,1982.074,9451.071,8492.066,2018.298,10400.06,8933.552,1974.46,9484.427
8607.621,1955.555,10474.83,8712.816,2033.775,10295.18,9024.729,1982.074,9448.169,8494.792,2018.298,10399.04,8933.685,1974.46,9481.519
8609.077,1955.555,10473.77,8714.321,2033.775,10294.18,9024.891,1982.074,9446.37,8496.461,2018.298,10398.35,8933.691,1974.46,9479.713
8611.476,1955.555,10472.13,8716.695,2033.775,10292.5,9025.055,1982.074,9443.469,8499.108,2018.298,10397.15,8933.51,1974.46,9476.813
8613.003,1955.555,10471.15,8718.208,2033.775,10291.51,9025.098,1982.074,9441.658,8500.753,2018.298,10396.39,8933.456,1974.46,9475.002
8615.194,1955.555,10469.25,8720.683,2033.775,10289.99,9025.217,1982.074,9438.759,8503.347,2018.298,10395.09,8933.465,1974.46,9472.101
8616.596,1955.555,10468.11,8722.167,2033.775,10288.97,9025.44,1982.074,9436.967,8504.934,2018.298,10394.23,8933.425,1974.46,9470.295
8618.91,1955.555,10466.36,8724.608,2033.775,10287.39,9025.705,1982.074,9434.073,8507.531,2018.298,10392.93,8933.456,1974.46,9467.39
8620.389,1955.555,10465.31,8726.162,2033.775,10286.46,9025.811,1982.074,9432.264,8509.134,2018.298,10392.08,8933.535,1974.46,9465.579
8622.69,1955.555,10463.54,8728.7,2033.775,10285.05,9025.886,1982.074,9429.36,8511.441,2018.298,10390.32,8933.68,1974.46,9462.678
8624.605,1955.555,10462.16,8730.798,2033.775,10283.97,9026.023,1982.074,9427.006,8513.36,2018.298,10388.95,8933.854,1974.46,9460.326
8626.569,1955.555,10460.84,8732.902,2033.775,10282.89,9026.22,1982.074,9424.649,8515.329,2018.298,10387.64,8934.359,1974.46,9458.016
8627.829,1955.555,10459.91,8734.302,2033.775,10282.19,9026.4,1982.074,9423.094,8516.66,2018.298,10386.81,8934.697,1974.46,9456.486
8630.289,1955.555,10457.96,8737.06,2033.775,10280.69,9026.551,1982.074,9419.958,8519.382,2018.298,10385.25,8935.273,1974.46,9453.4
8631.56,1955.555,10457.02,8738.385,2033.775,10279.82,9026.678,1982.074,9418.381,8520.778,2018.298,10384.5,8935.513,1974.46,9451.837
8634.147,1955.555,10455.23,8740.92,2033.775,10277.96,9027.033,1982.074,9415.254,8523.523,2018.298,10382.97,8935.887,1974.46,9448.713
8635.469,1955.555,10454.38,8742.202,2033.775,10277.05,9027.218,1982.074,9413.692,8524.908,2018.298,10382.22,8936.022,1974.46,9447.146
8638.167,1955.555,10452.76,8744.782,2033.775,10275.25,9027.483,1982.074,9410.558,8527.468,2018.298,10380.39,8936.396,1974.46,9444.023
8640.145,1955.555,10451.49,8746.683,2033.775,10273.86,9027.759,1982.074,9408.222,8529.426,2018.298,10379.09,8936.6,1974.46,9441.681
8642.435,1955.555,10450.11,8748.891,2033.775,10272.36,9028.317,1982.074,9405.611,8531.695,2018.298,10377.68,8936.917,1974.46,9439.029
8644.333,1955.555,10448.89,8750.798,2033.775,10271.15,9028.964,1982.074,9403.448,8533.592,2018.298,10376.46,8937.259,1974.46,9436.798
8645.91,1955.555,10447.95,8752.365,2033.775,10270.19,9029.433,1982.074,9401.671,8535.167,2018.298,10375.51,8937.577,1974.46,9434.987
8647.995,1955.555,10446.41,8754.529,2033.775,10268.77,9030.154,1982.074,9399.184,8537.399,2018.298,10374.2,8938.109,1974.46,9432.453
8650.265,1955.555,10444.85,8756.879,2033.775,10267.33,9031.116,1982.074,9396.603,8539.694,2018.298,10372.67,8938.763,1974.46,9429.777
8651.634,1955.555,10443.97,8758.199,2033.775,10266.38,9031.694,1982.074,9395.084,8541.053,2018.298,10371.78,8939.2,1974.46,9428.212
8653.749,1955.555,10442.71,8760.216,2033.775,10264.97,9032.64,1982.074,9392.812,8543.131,2018.298,10370.46,8939.777,1974.46,9425.819
8656.001,1955.555,10441.27,8762.424,2033.775,10263.46,9033.586,1982.074,9390.311,8545.338,2018.298,10368.95,8940.389,1974.46,9423.216
8657.638,1955.555,10440.04,8764.153,2033.775,10262.36,9034.378,1982.074,9388.419,8547.066,2018.298,10367.85,8940.923,1974.46,9421.236
8659.815,1955.555,10438.5,8766.445,2033.775,10261,9035.474,1982.074,9385.991,8549.358,2018.298,10366.49,8941.7,1974.46,9418.688
8661.476,1955.555,10437.3,8768.175,2033.775,10259.9,9036.256,1982.074,9384.094,8551.139,2018.298,10365.47,8942.363,1974.46,9416.746
8663.682,1955.555,10435.8,8770.467,2033.775,10258.54,9037.191,1982.074,9381.598,8553.301,2018.298,10363.91,8943.307,1974.46,9414.253
8665.675,1955.555,10434.54,8772.534,2033.775,10257.4,9038.092,1982.074,9379.415,8555.232,2018.298,10362.56,8944.069,1974.46,9412.019
8667.099,1955.555,10433.41,8774.053,2033.775,10256.4,9038.729,1982.074,9377.716,8556.751,2018.298,10361.56,8944.711,1974.46,9410.321
8669.438,1955.555,10431.68,8776.537,2033.775,10254.89,9039.409,1982.074,9374.888,8559.236,2018.298,10360.05,8945.65,1974.46,9407.568
8670.827,1955.555,10430.52,8778.115,2033.775,10254,9039.891,1982.074,9373.141,8560.814,2018.298,10359.16,8946.359,1974.46,9405.9
8673.118,1955.555,10428.72,8780.696,2033.775,10252.65,9040.756,1982.074,9370.36,8563.316,2018.298,10357.67,8947.41,1974.46,9403.185
8675.02,1955.555,10427.33,8782.82,2033.775,10251.63,9041.53,1982.074,9368.134,8565.38,2018.298,10356.53,8948.188,1974.46,9400.959
8676.964,1955.555,10426,8784.93,2033.775,10250.58,9042.376,1982.074,9365.936,8567.479,2018.298,10355.46,8949.255,1974.46,9398.858
8678.345,1955.555,10424.96,8786.451,2033.775,10249.76,9043.049,1982.074,9364.344,8568.876,2018.298,10354.44,8949.986,1974.46,9397.293
8680.715,1955.555,10423.29,8788.821,2033.775,10248.1,9043.835,1982.074,9361.556,8571.273,2018.298,10352.82,8951.126,1974.46,9394.63
8682.772,1955.555,10421.95,8790.879,2033.775,10246.75,9044.579,1982.074,9359.211,8573.354,2018.298,10351.5,8952.019,1974.46,9392.338
8684.394,1955.555,10420.69,8792.63,2033.775,10245.68,9045.263,1982.074,9357.278,8575.122,2018.298,10350.46,8952.7,1974.46,9390.404
8686.506,1955.555,10419.05,8794.958,2033.775,10244.37,9046.071,1982.074,9354.729,8577.472,2018.298,10349.19,8953.313,1974.46,9387.802
8688.414,1955.555,10417.67,8797.047,2033.775,10243.28,9046.711,1982.074,9352.461,8579.551,2018.298,10348.08,8953.929,1974.46,9385.526
8689.881,1955.555,10416.6,8798.503,2033.775,10242.2,9047.43,1982.074,9350.795,8581.099,2018.298,10347.13,8954.254,1974.46,9383.741
8692.724,1955.555,10414.67,8801.327,2033.775,10240.24,9048.687,1982.074,9347.597,8584.087,2018.298,10345.43,8954.979,1974.46,9380.382
8693.527,1955.555,10414.02,8802.192,2033.775,10239.68,9049.032,1982.074,9346.626,8584.999,2018.298,10344.95,8955.229,1974.46,9379.382
8695.423,1955.555,10412.59,8804.231,2033.775,10238.45,9049.96,1982.074,9344.437,8587.058,2018.298,10343.76,8955.883,1974.46,9377.096
8697.988,1955.555,10410.77,8806.977,2033.775,10236.93,9051.22,1982.074,9341.558,8589.693,2018.298,10342.05,8956.747,1974.46,9374.074
8699.304,1955.555,10409.91,8808.264,2033.775,10236.02,9051.804,1982.074,9340.095,8590.968,2018.298,10341.13,8957.23,1974.46,9372.574
8701.989,1955.555,10408.26,8810.895,2033.775,10234.29,9052.875,1982.074,9337.133,8593.575,2018.298,10339.36,8958.294,1974.46,9369.609
8703.267,1955.555,10407.33,8812.239,2033.775,10233.46,9053.653,1982.074,9335.762,8594.881,2018.298,10338.47,8958.663,1974.46,9368.076
8705.874,1955.555,10405.57,8814.976,2033.775,10231.91,9055.115,1982.074,9332.976,8597.487,2018.298,10336.71,8959.499,1974.46,9365.043
8707.689,1955.555,10404.07,8816.931,2033.775,10230.58,9056.144,1982.074,9330.851,8599.484,2018.298,10335.45,8960.2,1974.46,9362.789
8708.925,1955.555,10403.11,8818.254,2033.775,10229.75,9056.778,1982.074,9329.421,8600.835,2018.298,10334.66,8960.668,1974.46,9361.296
8712.109,1955.555,10400.79,8821.457,2033.775,10227.47,9058.445,1982.074,9325.856,8604.224,2018.298,10332.66,8961.967,1974.46,9357.581
8713.076,1955.555,10400.14,8822.43,2033.775,10226.82,9058.914,1982.074,9324.787,8605.248,2018.298,10332.1,8962.388,1974.46,9356.492
8715.421,1955.555,10398.66,8824.786,2033.775,10225.36,9060.264,1982.074,9322.366,8607.714,2018.298,10330.83,8963.472,1974.46,9353.941
8717.457,1955.555,10397.47,8826.832,2033.775,10224.18,9061.345,1982.074,9320.269,8609.662,2018.298,10329.5,8964.465,1974.46,9351.801
8718.71,1955.555,10396.5,8828.229,2033.775,10223.44,9062.023,1982.074,9318.838,8610.998,2018.298,10328.65,8965.028,1974.46,9350.321
8721.256,1955.555,10394.66,8831.049,2033.775,10222.06,9063.342,1982.074,9315.987,8613.701,2018.298,10327.06,8966.24,1974.46,9347.425
8722.566,1955.555,10393.78,8832.527,2033.775,10221.5,9063.958,1982.074,9314.532,8615.087,2018.298,10326.3,8966.897,1974.46,9345.988
8725.228,1955.555,10392.11,8835.43,2033.775,10220.3,9065.033,1982.074,9311.582,8617.889,2018.298,10324.88,8968.109,1974.46,9343.092
8727.27,1955.555,10390.92,8837.582,2033.775,10219.33,9065.914,1982.074,9309.39,8619.899,2018.298,10323.64,8968.95,1974.46,9340.884
8728.646,1955.555,10390.18,8839.003,2033.775,10218.68,9066.449,1982.074,9307.92,8621.257,2018.298,10322.86,8969.391,1974.46,9339.384
8731.375,1955.555,10388.59,8841.944,2033.775,10217.53,9067.784,1982.074,9305.059,8624.047,2018.298,10321.39,8970.379,1974.46,9336.385
8732.891,1955.555,10387.78,8843.527,2033.775,10216.85,9068.461,1982.074,9303.476,8625.594,2018.298,10320.63,8970.971,1974.46,9334.769
8735.434,1955.555,10386.38,8846.256,2033.775,10215.86,9069.514,1982.074,9300.77,8628.09,2018.298,10319.15,8972.058,1974.46,9332.076
8737.481,1955.555,10385.16,8848.519,2033.775,10215.11,9070.298,1982.074,9298.52,8630.177,2018.298,10318,8973.193,1974.46,9329.981
8739.302,1955.555,10384.1,8850.533,2033.775,10214.5,9070.996,1982.074,9296.531,8632.031,2018.298,10317,8974.137,1974.46,9328.097
8741.447,1955.555,10382.59,8853.013,2033.775,10213.65,9071.945,1982.074,9294.088,8634.377,2018.298,10315.83,8975.232,1974.46,9325.716
8743.211,1955.555,10381.44,8854.982,2033.775,10212.9,9072.566,1982.074,9292.074,8636.265,2018.298,10314.89,8976.051,1974.46,9323.773
8745.438,1955.555,10380.08,8857.389,2033.775,10211.89,9073.352,1982.074,9289.587,8638.61,2018.298,10313.75,8976.984,1974.46,9321.338
8747.073,1955.555,10378.75,8859.304,2033.775,10211.02,9073.917,1982.074,9287.559,8640.533,2018.298,10312.89,8977.71,1974.46,9319.361
8749.163,1955.555,10377.17,8861.822,2033.775,10210.28,9074.703,1982.074,9285.056,8642.893,2018.298,10311.74,8978.533,1974.46,9316.87
8750.874,1955.555,10375.96,8863.815,2033.775,10209.63,9075.341,1982.074,9283.059,8644.808,2018.298,10310.89,8979.438,1974.46,9314.979
8753.115,1955.555,10374.46,8866.348,2033.775,10208.71,9076.244,1982.074,9280.521,8647.301,2018.298,10309.87,8980.52,1974.46,9312.511
8754.738,1955.555,10373.2,8868.289,2033.775,10208.04,9076.995,1982.074,9278.609,8649.174,2018.298,10309.02,8981.282,1974.46,9310.604
8756.893,1955.555,10371.64,8870.774,2033.775,10207.09,9077.94,1982.074,9276.123,8651.733,2018.298,10308.3,8982.498,1974.46,9308.238
8758.852,1955.555,10370.32,8872.954,2033.775,10206.18,9078.853,1982.074,9273.942,8653.985,2018.298,10307.58,8983.509,1974.46,9306.102
8760.283,1955.555,10369.2,8874.605,2033.775,10205.42,9079.575,1982.074,9272.275,8655.697,2018.298,10306.97,8984.422,1974.46,9304.531
8763.064,1955.555,10367.17,8877.821,2033.775,10204.19,9081.047,1982.074,9269.163,8658.941,2018.298,10305.82,8986.071,1974.46,9301.509
8763.908,1955.555,10366.6,8878.8,2033.775,10203.9,9081.448,1982.074,9268.225,8659.892,2018.298,10305.45,8986.592,1974.46,9300.631
8765.924,1955.555,10365.32,8881.064,2033.775,10203.15,9082.342,1982.074,9266.012,8662.131,2018.298,10304.63,8987.741,1974.46,9298.539
8768.625,1955.555,10363.73,8884.005,2033.775,10202.06,9083.61,1982.074,9263.145,8665.036,2018.298,10303.45,8989.187,1974.46,9295.757
8770.695,1955.555,10362.59,8886.195,2033.775,10201.17,9084.553,1982.074,9260.976,8667.31,2018.298,10302.79,8990.413,1974.46,9293.734
8772.148,1955.555,10361.71,8887.743,2033.775,10200.48,9085.278,1982.074,9259.444,8668.922,2018.298,10302.27,8991.244,1974.46,9292.258
8774.71,1955.555,10360.29,8890.564,2033.775,10199.68,9086.62,1982.074,9256.838,8671.687,2018.298,10301.3,8992.927,1974.46,9289.856
8776.896,1955.555,10359.16,8892.907,2033.775,10198.93,9087.816,1982.074,9254.689,8673.978,2018.298,10300.41,8994.271,1974.46,9287.798
8778.685,1955.555,10358.17,8894.835,2033.775,10198.25,9088.87,1982.074,9252.936,8675.858,2018.298,10299.6,8995.333,1974.46,9286.049
8781.003,1955.555,10356.85,8897.38,2033.775,10197.44,9090.318,1982.074,9250.694,8678.276,2018.298,10298.47,8997.044,1974.46,9284.001
8782.818,1955.555,10355.89,8899.315,2033.775,10196.76,9091.487,1982.074,9249.007,8680.198,2018.298,10297.75,8998.308,1974.46,9282.384
8785.135,1955.555,10354.57,8901.8,2033.775,10195.79,9092.874,1982.074,9246.729,8682.664,2018.298,10296.73,8999.936,1974.46,9280.271
8786.943,1955.555,10353.59,8903.71,2033.775,10195.03,9094,1982.074,9245.009,8684.539,2018.298,10295.89,9001.137,1974.46,9278.603
8789.363,1955.555,10352.64,8906.092,2033.775,10193.99,9095.494,1982.074,9242.882,8686.872,2018.298,10294.75,9002.857,1974.46,9276.655
8791.286,1955.555,10351.82,8908.031,2033.775,10193.2,9096.752,1982.074,9241.21,8688.589,2018.298,10293.55,9004.241,1974.46,9275.085
8793.743,1955.555,10350.87,8910.501,2033.775,10192.29,9098.403,1982.074,9239.158,8690.798,2018.298,10292.12,9005.917,1974.46,9273.053
8795.662,1955.555,10350.05,8912.431,2033.775,10191.5,9099.763,1982.074,9237.578,8692.582,2018.298,10291.04,9007.317,1974.46,9271.509
8798.196,1955.555,10349.11,8914.9,2033.775,10190.4,9101.259,1982.074,9235.325,8694.942,2018.298,10289.72,9009.068,1974.46,9269.447
8800.095,1955.555,10348.33,8916.745,2033.775,10189.5,9102.449,1982.074,9233.653,8696.765,2018.298,10288.77,9010.345,1974.46,9267.841
8802.521,1955.555,10347.24,8919.081,2033.775,10188.22,9103.986,1982.074,9231.481,8699.151,2018.298,10287.6,9011.931,1974.46,9265.704
8804.37,1955.555,10346.33,8920.92,2033.775,10187.3,9105.23,1982.074,9229.841,8701.027,2018.298,10286.75,9013.195,1974.46,9264.08
8806.875,1955.555,10345.41,8923.243,2033.775,10185.99,9106.7,1982.074,9227.613,8703.509,2018.298,10285.77,9014.766,1974.46,9261.922
8808.82,1955.555,10344.73,8924.937,2033.775,10184.81,9107.813,1982.074,9225.881,8705.396,2018.298,10284.94,9015.922,1974.46,9260.218
8811.305,1955.555,10343.78,8927.173,2033.775,10183.37,9109.302,1982.074,9223.676,8707.801,2018.298,10283.8,9017.68,1974.46,9258.221
8813.199,1955.555,10342.98,8928.937,2033.775,10182.31,9110.508,1982.074,9222.011,8709.641,2018.298,10282.89,9018.987,1974.46,9256.634
8815.654,1955.555,10341.95,8931.159,2033.775,10180.85,9112.139,1982.074,9219.907,8712.04,2018.298,10281.73,9020.888,1974.46,9254.77
8818.073,1955.555,10340.84,8933.429,2033.775,10179.46,9113.838,1982.074,9217.858,8714.218,2018.298,10280.2,9022.726,1974.46,9252.845
8820.119,1955.555,10339.82,8935.388,2033.775,10178.28,9115.205,1982.074,9216.026,8716.131,2018.298,10278.95,9024.249,1974.46,9251.141
8822.229,1955.555,10338.68,8937.472,2033.775,10177.09,9116.475,1982.074,9213.991,8718.18,2018.298,10277.7,9025.818,1974.46,9249.327
8824.347,1955.555,10337.63,8939.558,2033.775,10175.98,9117.792,1982.074,9212.025,8720.239,2018.298,10276.54,9027.308,1974.46,9247.488
8825.5,1955.555,10337,8940.631,2033.775,10175.23,9118.557,1982.074,9210.961,8721.4,2018.298,10275.93,9028.099,1974.46,9246.443
8828.313,1955.555,10335.6,8943.264,2033.775,10173.51,9120,1982.074,9208.17,8724.232,2018.298,10274.57,9030.22,1974.46,9244.124
8829.703,1955.555,10334.85,8944.615,2033.775,10172.69,9120.771,1982.074,9206.791,8725.605,2018.298,10273.79,9031.247,1974.46,9242.924
8832.505,1955.555,10333.45,8947.344,2033.775,10171.16,9122.389,1982.074,9204.11,8728.375,2018.298,10272.33,9033.204,1974.46,9240.48
8834.576,1955.555,10332.33,8949.433,2033.775,10170.07,9123.67,1982.074,9202.136,8730.314,2018.298,10270.99,9034.615,1974.46,9238.596
8836.059,1955.555,10331.53,8950.954,2033.775,10169.34,9124.477,1982.074,9200.653,8731.735,2018.298,10270.08,9035.749,1974.46,9237.346
8838.688,1955.555,10330.21,8953.646,2033.775,10168.16,9125.967,1982.074,9198.117,8734.263,2018.298,10268.58,9037.653,1974.46,9235.104
8840.84,1955.555,10329.04,8955.855,2033.775,10167.1,9127.276,1982.074,9196.047,8736.407,2018.298,10267.4,9039.177,1974.46,9233.186
8842.463,1955.555,10327.78,8957.733,2033.775,10166.27,9128.356,1982.074,9194.302,8738.235,2018.298,10266.46,9040.399,1974.46,9231.538
8844.612,1955.555,10326.23,8960.124,2033.775,10165.13,9129.824,1982.074,9192.094,8740.419,2018.298,10264.96,9041.909,1974.46,9229.358
8846.314,1955.555,10325.09,8962.003,2033.775,10164.3,9131.016,1982.074,9190.423,8742.146,2018.298,10263.85,9043.139,1974.46,9227.715
8848.619,1955.555,10323.64,8964.455,2033.775,10163.12,9132.264,1982.074,9188.007,8744.482,2018.298,10262.46,9044.728,1974.46,9225.508
8851.018,1955.555,10322.15,8967.042,2033.775,10161.99,9133.621,1982.074,9185.527,8746.823,2018.298,10260.87,9046.303,1974.46,9223.161
8851.888,1955.555,10321.64,8967.949,2033.775,10161.55,9134.133,1982.074,9184.661,8747.674,2018.298,10260.34,9046.836,1974.46,9222.309
8854.675,1955.555,10320.15,8970.644,2033.775,10159.9,9135.785,1982.074,9181.965,8750.402,2018.298,10258.74,9048.687,1974.46,9219.745
8855.931,1955.555,10319.26,8971.981,2033.775,10159.13,9136.473,1982.074,9180.587,8751.756,2018.298,10258.01,9049.626,1974.46,9218.525
8858.57,1955.555,10317.51,8974.781,2033.775,10157.66,9137.978,1982.074,9177.803,8754.583,2018.298,10256.58,9051.475,1974.46,9215.956
8860.574,1955.555,10316.28,8976.897,2033.775,10156.63,9139.011,1982.074,9175.689,8756.601,2018.298,10255.37,9052.785,1974.46,9214.003
8862.277,1955.555,10315.14,8978.729,2033.775,10155.71,9139.914,1982.074,9173.85,8758.392,2018.298,10254.38,9053.871,1974.46,9212.265
8865.236,1955.555,10313.25,8981.913,2033.775,10154.24,9141.563,1982.074,9170.752,8761.512,2018.298,10252.77,9055.631,1974.46,9209.229
8865.884,1955.555,10312.82,8982.63,2033.775,10153.93,9141.854,1982.074,9170.03,8762.215,2018.298,10252.44,9056.063,1974.46,9208.583
8868.37,1955.555,10311.04,8985.456,2033.775,10152.76,9143.092,1982.074,9167.23,8764.795,2018.298,10250.79,9057.683,1974.46,9205.984
8869.689,1955.555,10310.15,8986.901,2033.775,10152.1,9143.781,1982.074,9165.8,8766.16,2018.298,10249.98,9058.478,1974.46,9204.61
8872.337,1955.555,10308.5,8989.562,2033.775,10150.47,9145.19,1982.074,9163.016,8768.882,2018.298,10248.46,9059.951,1974.46,9201.859
8874.369,1955.555,10307.32,8991.603,2033.775,10149.31,9145.953,1982.074,9160.794,8770.967,2018.298,10247.37,9061.117,1974.46,9199.82
8876.434,1955.555,10306.22,8993.675,2033.775,10148.22,9146.786,1982.074,9158.604,8773.006,2018.298,10246.22,9062.213,1974.46,9197.75
8878.27,1955.555,10305.29,8995.526,2033.775,10147.32,9147.58,1982.074,9156.706,8774.757,2018.298,10245.14,9063.115,1974.46,9195.9
8881.479,1955.555,10303.88,8998.729,2033.775,10145.89,9149.037,1982.074,9153.519,8777.798,2018.298,10243.4,9064.91,1974.46,9192.89
8882.222,1955.555,10303.64,8999.431,2033.775,10145.55,9149.34,1982.074,9152.799,8778.487,2018.298,10243.03,9065.288,1974.46,9192.206
8885.101,1955.555,10302.61,9002.223,2033.775,10144.31,9150.617,1982.074,9150.021,8781.132,2018.298,10241.5,9066.678,1974.46,9189.483
8886.568,1955.555,10302.03,9003.643,2033.775,10143.62,9151.132,1982.074,9148.53,8782.521,2018.298,10240.75,9067.349,1974.46,9188.056
8889.425,1955.555,10300.79,9006.486,2033.775,10142.35,9152.243,1982.074,9145.622,8785.211,2018.298,10239.18,9068.652,1974.46,9185.229
8890.908,1955.555,10300.26,9007.843,2033.775,10141.54,9152.854,1982.074,9144.168,8786.599,2018.298,10238.43,9069.266,1974.46,9183.775
8893.794,1955.555,10299.11,9010.448,2033.775,10139.85,9154.151,1982.074,9141.345,8789.296,2018.298,10236.89,9070.379,1974.46,9180.875
8895.951,1955.555,10298.16,9012.463,2033.775,10138.64,9155.088,1982.074,9139.185,8791.377,2018.298,10235.79,9071.294,1974.46,9178.706
8898.986,1955.555,10297.18,9015.225,2033.775,10137.04,9156.26,1982.074,9136.219,8794.243,2018.298,10234.4,9072.494,1974.46,9175.751
8899.722,1955.555,10296.92,9015.877,2033.775,10136.61,9156.57,1982.074,9135.502,8794.956,2018.298,10234.08,9072.895,1974.46,9175.08
8902.776,1955.555,10295.71,9018.679,2033.775,10134.89,9157.976,1982.074,9132.531,8797.845,2018.298,10232.51,9074.483,1974.46,9172.203
8904.4,1955.555,10295,9020.218,2033.775,10134.02,9158.785,1982.074,9130.956,8799.407,2018.298,10231.68,9075.351,1974.46,9170.658
8906.866,1955.555,10293.94,9022.593,2033.775,10132.77,9160.089,1982.074,9128.61,8801.815,2018.298,10230.49,9076.587,1974.46,9168.275
8908.789,1955.555,10293.23,9024.436,2033.775,10131.87,9161.252,1982.074,9126.924,8803.683,2018.298,10229.65,9077.479,1974.46,9166.432
8911.223,1955.555,10292.25,9026.834,2033.775,10130.8,9162.672,1982.074,9124.715,8806.109,2018.298,10228.64,9078.7,1974.46,9164.106
8913.094,1955.555,10291.41,9028.731,2033.775,10130.03,9163.722,1982.074,9122.956,8807.976,2018.298,10227.8,9079.493,1974.46,9162.218
8915.47,1955.555,10290.26,9031.213,2033.775,10129.13,9165.133,1982.074,9120.726,8810.415,2018.298,10226.79,9080.595,1974.46,9159.818
8917.271,1955.555,10289.32,9033.103,2033.775,10128.38,9166.164,1982.074,9118.971,8812.27,2018.298,10225.95,9081.504,1974.46,9157.997
8919.646,1955.555,10288.17,9035.519,2033.775,10127.32,9167.706,1982.074,9116.83,8814.7,2018.298,10224.93,9082.45,1974.46,9155.534
8922.145,1955.555,10287.36,9037.957,2033.775,10126.34,9169.171,1982.074,9114.65,8817.087,2018.298,10223.83,9083.472,1974.46,9153.114
8924.279,1955.555,10286.59,9040.163,2033.775,10125.81,9170.374,1982.074,9112.727,8819.055,2018.298,10222.7,9084.407,1974.46,9151.047
8925.911,1955.555,10285.94,9041.856,2033.775,10125.34,9171.256,1982.074,9111.208,8820.605,2018.298,10221.88,9085.184,1974.46,9149.472
8928.31,1955.555,10284.9,9044.354,2033.775,10124.57,9172.495,1982.074,9108.904,8822.955,2018.298,10220.73,9086.415,1974.46,9147.164
8930.167,1955.555,10284.01,9046.323,2033.775,10123.97,9173.453,1982.074,9107.085,8824.83,2018.298,10219.88,9087.442,1974.46,9145.383
8932.701,1955.555,10283.15,9048.858,2033.775,10123.12,9174.679,1982.074,9104.706,8827.306,2018.298,10218.87,9088.703,1974.46,9143.021
8934.878,1955.555,10282.33,9051.088,2033.775,10122.45,9175.812,1982.074,9102.674,8829.428,2018.298,10217.91,9089.731,1974.46,9140.935
8936.545,1955.555,10281.64,9052.799,2033.775,10121.88,9176.638,1982.074,9101.07,8831.097,2018.298,10217.23,9090.581,1974.46,9139.343
8939.636,1955.555,10280.24,9055.98,2033.775,10120.7,9177.793,1982.074,9097.88,8834.307,2018.298,10216.13,9092.268,1974.46,9136.398
8940.571,1955.555,10279.94,9056.892,2033.775,10120.33,9178.158,1982.074,9096.966,8835.257,2018.298,10215.87,9092.729,1974.46,9135.529
8943.524,1955.555,10278.86,9059.917,2033.775,10119.48,9179.419,1982.074,9094.088,8838.264,2018.298,10214.96,9094.108,1974.46,9132.706
8944.923,1955.555,10278.3,9061.354,2033.775,10119.02,9180.068,1982.074,9092.729,8839.69,2018.298,10214.47,9094.726,1974.46,9131.332
8947.802,1955.555,10277.04,9064.414,2033.775,10118.3,9181.602,1982.074,9089.982,8842.66,2018.298,10213.44,9096.106,1974.46,9128.507
8949.276,1955.555,10276.33,9065.992,2033.775,10117.87,9182.352,1982.074,9088.529,8844.186,2018.298,10212.85,9096.815,1974.46,9127.033
8953.042,1955.555,10275.11,9069.775,2033.775,10116.71,9184.051,1982.074,9084.955,8848.039,2018.298,10211.95,9098.589,1974.46,9123.495
8954.583,1955.555,10274.6,9071.358,2033.775,10116.34,9184.796,1982.074,9083.513,8849.606,2018.298,10211.53,9099.362,1974.46,9122.067
8956.246,1955.555,10274.04,9073.055,2033.775,10115.9,9185.57,1982.074,9081.938,8851.284,2018.298,10211.01,9100.317,1974.46,9120.596
8958.752,1955.555,10273.11,9075.617,2033.775,10115.13,9186.828,1982.074,9079.579,8853.886,2018.298,10210.39,9101.699,1974.46,9118.306
8960.69,1955.555,10272.49,9077.547,2033.775,10114.49,9187.844,1982.074,9077.815,8855.849,2018.298,10209.86,9102.692,1974.46,9116.53
8963.963,1955.555,10271.33,9080.93,2033.775,10113.7,9189.478,1982.074,9074.75,8859.167,2018.298,10208.83,9104.426,1974.46,9113.521
8964.703,1955.555,10271.11,9081.674,2033.775,10113.5,9189.862,1982.074,9074.082,8859.896,2018.298,10208.58,9104.788,1974.46,9112.841
8967.584,1955.555,10270.18,9084.571,2033.775,10112.62,9191.654,1982.074,9071.642,8862.725,2018.298,10207.5,9106.299,1974.46,9110.217
8969.06,1955.555,10269.65,9086.057,2033.775,10112.12,9192.54,1982.074,9070.348,8864.17,2018.298,10206.89,9107.125,1974.46,9108.884
8971.963,1955.555,10268.62,9089.045,2033.775,10111.37,9194.522,1982.074,9067.989,8867.048,2018.298,10205.79,9108.834,1974.46,9106.32
8974.133,1955.555,10267.77,9091.285,2033.775,10110.73,9195.963,1982.074,9066.157,8869.221,2018.298,10204.95,9110.072,1974.46,9104.346
8976.286,1955.555,10267.09,9093.434,2033.775,10110.03,9197.3,1982.074,9064.338,8871.297,2018.298,10204.06,9111.333,1974.46,9102.474
8978.769,1955.555,10266.22,9095.909,2033.775,10109.15,9198.787,1982.074,9062.168,8873.749,2018.298,10203.11,9112.873,1974.46,9100.342
8980.347,1955.555,10265.61,9097.483,2033.775,10108.52,9199.548,1982.074,9060.656,8875.306,2018.298,10202.45,9113.818,1974.46,9098.938
8982.84,1955.555,10264.55,9099.969,2033.775,10107.44,9200.845,1982.074,9058.277,8877.831,2018.298,10201.47,9115.258,1974.46,9096.642
8984.947,1955.555,10263.57,9101.958,2033.775,10106.24,9201.93,1982.074,9056.222,8880.063,2018.298,10200.82,9116.428,1974.46,9094.633
8987.021,1955.555,10262.52,9103.984,2033.775,10105.11,9202.781,1982.074,9054.061,8882.271,2018.298,10200.1,9117.727,1974.46,9092.707
8988.385,1955.555,10261.61,9105.439,2033.775,10104.35,9203.432,1982.074,9052.556,8883.814,2018.298,10199.54,9118.598,1974.46,9091.318
8991.304,1955.555,10259.8,9108.539,2033.775,10102.87,9204.897,1982.074,9049.449,8887.007,2018.298,10198.28,9120.327,1974.46,9088.351
8992.951,1955.555,10258.85,9110.28,2033.775,10102.11,9205.765,1982.074,9047.758,8888.75,2018.298,10197.52,9121.23,1974.46,9086.678
8994.338,1955.555,10258.11,9111.722,2033.775,10101.48,9206.526,1982.074,9046.383,8890.1,2018.298,10196.71,9121.986,1974.46,9085.3
8997.314,1955.555,10256.65,9114.725,2033.775,10100.07,9208.281,1982.074,9043.567,8893.002,2018.298,10195.11,9123.677,1974.46,9082.445
8998.741,1955.555,10255.64,9116.309,2033.775,10099.34,9209.243,1982.074,9042.109,8894.521,2018.298,10194.25,9124.615,1974.46,9080.973
9001.023,1955.555,10254.14,9118.649,2033.775,10097.93,9210.673,1982.074,9039.781,8896.941,2018.298,10192.98,9126.131,1974.46,9078.699
9003.418,1955.555,10252.68,9121.101,2033.775,10096.56,9212.219,1982.074,9037.438,8899.469,2018.298,10191.76,9127.61,1974.46,9076.313
9004.373,1955.555,10252.13,9122.076,2033.775,10096.06,9212.793,1982.074,9036.503,8900.473,2018.298,10191.31,9128.22,1974.46,9075.399
9006.971,1955.555,10250.77,9124.709,2033.775,10094.76,9214.409,1982.074,9034.054,8903.192,2018.298,10190.21,9129.781,1974.46,9072.915
9009.134,1955.555,10249.72,9126.853,2033.775,10093.67,9215.667,1982.074,9032.005,8905.449,2018.298,10189.38,9130.838,1974.46,9070.756
9011.368,1955.555,10248.35,9129.19,2033.775,10092.48,9216.966,1982.074,9029.726,8907.881,2018.298,10188.4,9132.067,1974.46,9068.438
9013.336,1955.555,10247.22,9131.243,2033.775,10091.52,9218.022,1982.074,9027.721,8909.984,2018.298,10187.55,9132.846,1974.46,9066.31
9014.884,1955.555,10246.4,9132.853,2033.775,10090.83,9218.788,1982.074,9026.146,8911.597,2018.298,10186.87,9133.385,1974.46,9064.644
9017.233,1955.555,10245.26,9135.287,2033.775,10089.88,9219.854,1982.074,9023.758,8913.83,2018.298,10185.51,9134.271,1974.46,9062.184
9019.632,1955.555,10244.19,9137.765,2033.775,10089,9220.845,1982.074,9021.324,8916.118,2018.298,10184.22,9135.027,1974.46,9059.667
9021.876,1955.555,10243.46,9140.064,2033.775,10088.48,9221.662,1982.074,9019.113,8918.208,2018.298,10183.13,9135.691,1974.46,9057.405
9023.094,1955.555,10243.02,9141.316,2033.775,10088.16,9222.071,1982.074,9017.886,8919.374,2018.298,10182.57,9135.986,1974.46,9056.146
9026.183,1955.555,10241.8,9144.504,2033.775,10087.21,9223.046,1982.074,9014.709,8922.264,2018.298,10180.93,9136.85,1974.46,9052.937
9027.781,1955.555,10241.1,9146.212,2033.775,10086.87,9223.51,1982.074,9013.028,8923.808,2018.298,10180.12,9137.203,1974.46,9051.229
9029.462,1955.555,10240.31,9148.021,2033.775,10086.43,9223.946,1982.074,9011.22,8925.482,2018.298,10179.3,9137.64,1974.46,9049.421
9032.34,1955.555,10239.05,9151.049,2033.775,10085.61,9224.559,1982.074,9008.142,8928.264,2018.298,10177.85,9138.476,1974.46,9046.396
9033.7,1955.555,10238.41,9152.509,2033.775,10085.24,9224.776,1982.074,9006.651,8929.56,2018.298,10177.08,9138.829,1974.46,9044.932
9036.33,1955.555,10236.7,9155.523,2033.775,10084.37,9225.332,1982.074,9003.563,8932.31,2018.298,10175.57,9139.465,1974.46,9041.859
9037.62,1955.555,10235.92,9156.957,2033.775,10083.9,9225.49,1982.074,9002.064,8933.654,2018.298,10174.89,9139.84,1974.46,9040.399
9040.355,1955.555,10234.39,9159.907,2033.775,10082.84,9225.905,1982.074,8998.956,8936.497,2018.298,10173.57,9140.52,1974.46,9037.338
9043.173,1955.555,10232.93,9162.979,2033.775,10082.04,9226.429,1982.074,8995.826,8939.309,2018.298,10172.1,9141.105,1974.46,9034.22
9043.842,1955.555,10232.54,9163.719,2033.775,10081.82,9226.581,1982.074,8995.07,8940.004,2018.298,10171.76,9141.256,1974.46,9033.463
9046.509,1955.555,10231.13,9166.585,2033.775,10080.87,9227.203,1982.074,8992.116,8942.765,2018.298,10170.54,9141.719,1974.46,9030.479
9048.495,1955.555,10229.92,9168.85,2033.775,10080.36,9227.606,1982.074,8989.829,8944.918,2018.298,10169.67,9142.091,1974.46,9028.188
9050.521,1955.555,10228.79,9171.104,2033.775,10079.8,9228.313,1982.074,8987.617,8947.094,2018.298,10168.86,9142.538,1974.46,9025.908
9052.521,1955.555,10227.61,9173.348,2033.775,10079.21,9228.947,1982.074,8985.385,8949.273,2018.298,10168.06,9142.982,1974.46,9023.631
9055.014,1955.555,10226.25,9176.11,2033.775,10078.56,9229.633,1982.074,8982.631,8951.905,2018.298,10167,9143.505,1974.46,9020.841
9056.554,1955.555,10225.48,9177.775,2033.775,10078.11,9230.052,1982.074,8980.958,8953.406,2018.298,10166.15,9143.724,1974.46,9019.131
9058.683,1955.555,10224.37,9180.072,2033.775,10077.41,9230.559,1982.074,8978.61,8955.535,2018.298,10165.04,9144.106,1974.46,9016.76
9060.716,1955.555,10223.26,9182.262,2033.775,10076.66,9230.973,1982.074,8976.334,8957.616,2018.298,10164.03,9144.55,1974.46,9014.489
9062.255,1955.555,10222.33,9183.98,2033.775,10076.12,9231.302,1982.074,8974.563,8959.262,2018.298,10163.3,9144.837,1974.46,9012.711
9064.98,1955.555,10220.79,9186.935,2033.775,10075.09,9232.281,1982.074,8971.591,8962.004,2018.298,10161.79,9145.437,1974.46,9009.639
9066.989,1955.555,10219.74,9189.048,2033.775,10074.27,9232.92,1982.074,8969.417,8964.023,2018.298,10160.76,9145.824,1974.46,9007.406
9069.071,1955.555,10218.74,9191.229,2033.775,10073.51,9233.498,1982.074,8967.181,8966.116,2018.298,10159.78,9146.169,1974.46,9005.122
9071.837,1955.555,10217.52,9194.198,2033.775,10072.95,9234.158,1982.074,8964.23,8968.895,2018.298,10158.59,9146.718,1974.46,9002.149
9073.001,1955.555,10216.9,9195.484,2033.775,10072.66,9234.404,1982.074,8962.936,8970.123,2018.298,10158.11,9146.999,1974.46,9000.861
9075.15,1955.555,10215.84,9197.803,2033.775,10072.06,9234.928,1982.074,8960.599,8972.382,2018.298,10157.31,9147.434,1974.46,8998.506
9077,1955.555,10215.01,9199.749,2033.775,10071.48,9235.306,1982.074,8958.605,8974.336,2018.298,10156.77,9147.867,1974.46,8996.524
9079.33,1955.555,10213.84,9202.225,2033.775,10070.67,9235.834,1982.074,8956.053,8976.823,2018.298,10155.98,9148.341,1974.46,8993.961
9081.158,1955.555,10212.95,9204.135,2033.775,10069.96,9236.181,1982.074,8954.048,8978.753,2018.298,10155.34,9148.709,1974.46,8991.96
9083.509,1955.555,10211.85,9206.589,2033.775,10069.12,9236.203,1982.074,8951.454,8981.24,2018.298,10154.61,9149.095,1974.46,8989.396
9085.646,1955.555,10210.94,9208.814,2033.775,10068.45,9236.3,1982.074,8949.132,8983.506,2018.298,10154.09,9149.458,1974.46,8987.1
9087.317,1955.555,10210.29,9210.513,2033.775,10067.88,9236.433,1982.074,8947.344,8985.239,2018.298,10153.63,9149.681,1974.46,8985.32
9089.926,1955.555,10209.17,9213.253,2033.775,10067.14,9236.735,1982.074,8944.523,8987.957,2018.298,10152.81,9149.94,1974.46,8982.495
9092.087,1955.555,10208.33,9215.473,2033.775,10066.47,9237.065,1982.074,8942.229,8990.224,2018.298,10152.33,9150.17,1974.46,8980.188
9093.528,1955.555,10207.72,9217.004,2033.775,10066.14,9237.238,1982.074,8940.671,8991.744,2018.298,10151.94,9150.188,1974.46,8978.62
9096.604,1955.555,10206.52,9220.203,2033.775,10065.33,9237.494,1982.074,8937.381,8994.917,2018.298,10151.04,9150.331,1974.46,8975.323
9098.193,1955.555,10205.86,9221.856,2033.775,10064.85,9237.571,1982.074,8935.662,8996.556,2018.298,10150.51,9150.284,1974.46,8973.604
9100.57,1955.555,10204.64,9224.399,2033.775,10064.03,9237.622,1982.074,8932.989,8999.151,2018.298,10149.88,9150.299,1974.46,8970.931
9102.412,1955.555,10203.77,9226.316,2033.775,10063.33,9237.654,1982.074,8930.951,9001.114,2018.298,10149.32,9150.167,1974.46,8968.896
9105.588,1955.555,10202.39,9229.448,2033.775,10061.86,9237.963,1982.074,8927.503,9004.415,2018.298,10148.28,9150.057,1974.46,8965.437
9106.29,1955.555,10202.08,9230.153,2033.775,10061.55,9238.006,1982.074,8926.736,9005.14,2018.298,10148.02,9150.058,1974.46,8964.668
9109.078,1955.555,10200.95,9232.792,2033.775,10060.11,9238.077,1982.074,8923.729,9008.008,2018.298,10147.12,9150.158,1974.46,8961.661
9111.125,1955.555,10199.84,9234.868,2033.775,10059.06,9237.882,1982.074,8921.411,9010.296,2018.298,10146.69,9150.328,1974.46,8959.34
9112.433,1955.555,10199.12,9236.221,2033.775,10058.43,9237.806,1982.074,8919.921,9011.753,2018.298,10146.37,9150.388,1974.46,8957.85
9115.235,1955.555,10197.7,9239.111,2033.775,10057.2,9237.742,1982.074,8916.779,9014.798,2018.298,10145.6,9150.733,1974.46,8954.727
9117.294,1955.555,10196.74,9241.229,2033.775,10056.38,9237.771,1982.074,8914.508,9016.979,2018.298,10144.96,9150.909,1974.46,8952.462
9119.674,1955.555,10195.72,9243.632,2033.775,10055.42,9237.888,1982.074,8911.923,9019.44,2018.298,10144.16,9151.323,1974.46,8949.907
9121.289,1955.555,10195.09,9245.262,2033.775,10054.83,9238.022,1982.074,8910.194,9021.145,2018.298,10143.84,9151.545,1974.46,8948.188
9123.801,1955.555,10194.1,9247.833,2033.775,10054,9237.988,1982.074,8907.491,9023.783,2018.298,10143.26,9151.802,1974.46,8945.498
9125.986,1955.555,10193.31,9250.018,2033.775,10053.21,9238.035,1982.074,8905.169,9026.059,2018.298,10142.79,9151.947,1974.46,8943.18
9128.144,1955.555,10192.45,9252.225,2033.775,10052.49,9238.029,1982.074,8902.847,9028.322,2018.298,10142.27,9152.017,1974.46,8940.859
9129.66,1955.555,10191.91,9253.772,2033.775,10052.04,9238.078,1982.074,8901.235,9029.882,2018.298,10141.86,9152.029,1974.46,8939.247
9132.423,1955.555,10190.81,9256.701,2033.775,10051.53,9238.432,1982.074,8898.284,9032.73,2018.298,10141.01,9152.149,1974.46,8936.277
9134.682,1955.555,10190,9259.052,2033.775,10051.04,9238.64,1982.074,8895.893,9035.007,2018.298,10140.25,9152.208,1974.46,8933.877
9136.96,1955.555,10189.51,9261.314,2033.775,10050.49,9238.765,1982.074,8893.567,9037.066,2018.298,10139.17,9152.341,1974.46,8931.553
9138.714,1955.555,10189.08,9263.071,2033.775,10050.07,9238.772,1982.074,8891.761,9038.691,2018.298,10138.38,9152.385,1974.46,8929.747
9141.989,1955.555,10188.16,9266.353,2033.775,10049.17,9238.897,1982.074,8888.36,9041.799,2018.298,10136.99,9152.395,1974.46,8926.345
9142.899,1955.555,10187.87,9267.265,2033.775,10048.88,9238.901,1982.074,8887.405,9042.684,2018.298,10136.63,9152.429,1974.46,8925.391
9145.874,1955.555,10186.82,9270.246,2033.775,10047.85,9238.743,1982.074,8884.255,9045.643,2018.298,10135.54,9152.676,1974.46,8922.246
9148.045,1955.555,10185.98,9272.46,2033.775,10047.13,9238.702,1982.074,8881.925,9047.854,2018.298,10134.8,9152.782,1974.46,8919.918
9149.844,1955.555,10184.99,9274.392,2033.775,10046.43,9238.733,1982.074,8879.873,9049.821,2018.298,10134.22,9152.879,1974.46,8917.868
9152.168,1955.555,10183.8,9276.835,2033.775,10045.51,9238.651,1982.074,8877.264,9052.299,2018.298,10133.39,9153.129,1974.46,8915.27
9154.281,1955.555,10182.81,9279.047,2033.775,10044.76,9238.654,1982.074,8874.929,9054.514,2018.298,10132.65,9153.276,1974.46,8912.938
9155.904,1955.555,10182,9280.782,2033.775,10044.24,9238.529,1982.074,8873.12,9056.251,2018.298,10132.14,9153.546,1974.46,8911.146
9158.499,1955.555,10180.81,9283.484,2033.775,10043.32,9238.426,1982.074,8870.269,9059.032,2018.298,10131.5,9153.878,1974.46,8908.312
9160.177,1955.555,10180.11,9285.21,2033.775,10042.74,9238.42,1982.074,8868.449,9060.791,2018.298,10131.04,9154.03,1974.46,8906.499
9163.36,1955.555,10178.9,9288.396,2033.775,10041.54,9238.52,1982.074,8865.045,9064.145,2018.298,10130.44,9154.204,1974.46,8903.098
9164.212,1955.555,10178.49,9289.277,2033.775,10041.19,9238.557,1982.074,8864.099,9065.07,2018.298,10130.24,9154.222,1974.46,8902.151
9167.11,1955.555,10177.19,9292.268,2033.775,10040.13,9239.142,1982.074,8860.979,9068.152,2018.298,10129.48,9154.384,1974.46,8898.981
9169.119,1955.555,10176.09,9294.447,2033.775,10039.43,9239.489,1982.074,8858.717,9070.354,2018.298,10128.86,9154.575,1974.46,8896.701
9170.923,1955.555,10175.18,9296.331,2033.775,10038.7,9239.73,1982.074,8856.711,9072.28,2018.298,10128.25,9154.571,1974.46,8894.682
9173.283,1955.555,10173.86,9298.855,2033.775,10037.72,9239.966,1982.074,8854.013,9074.887,2018.298,10127.52,9154.654,1974.46,8891.975
9175.356,1955.555,10172.78,9300.97,2033.775,10036.73,9240.208,1982.074,8851.688,9077.19,2018.298,10127.13,9154.802,1974.46,8889.643
9177.465,1955.555,10171.77,9303.116,2033.775,10035.8,9240.55,1982.074,8849.376,9079.48,2018.298,10126.66,9155.025,1974.46,8887.316
9179.605,1955.555,10170.83,9305.292,2033.775,10034.95,9240.816,1982.074,8847.053,9081.755,2018.298,10126.12,9155.325,1974.46,8884.998
9181.734,1955.555,10169.98,9307.357,2033.775,10033.95,9240.955,1982.074,8844.763,9083.968,2018.298,10125.51,9155.743,1974.46,8882.742
9183.635,1955.555,10169.29,9309.206,2033.775,10033.13,9241.144,1982.074,8842.749,9085.916,2018.298,10124.97,9156.046,1974.46,8880.743
9186.121,1955.555,10168.36,9311.664,2033.775,10032.13,9241.154,1982.074,8840.097,9088.542,2018.298,10124.6,9156.357,1974.46,8878.109
9188.009,1955.555,10167.63,9313.502,2033.775,10031.29,9241.229,1982.074,8838.073,9090.536,2018.298,10124.25,9156.529,1974.46,8876.092
9190.436,1955.555,10166.54,9315.954,2033.775,10030.25,9241.413,1982.074,8835.418,9093.143,2018.298,10123.71,9156.668,1974.46,8873.434
9193.351,1955.555,10165.34,9318.896,2033.775,10029.12,9242.111,1982.074,8832.344,9096.256,2018.298,10123.21,9156.936,1974.46,8870.292
9195.192,1955.555,10164.65,9320.682,2033.775,10028.29,9242.483,1982.074,8830.413,9098.187,2018.298,10122.84,9157.167,1974.46,8868.339
9196.683,1955.555,10164.15,9322.131,2033.775,10027.68,9242.811,1982.074,8828.874,9099.721,2018.298,10122.49,9157.241,1974.46,8866.768
9199.229,1955.555,10163.19,9324.669,2033.775,10026.7,9243.333,1982.074,8826.205,9102.421,2018.298,10122.17,9157.458,1974.46,8864.057
9201.138,1955.555,10162.43,9326.608,2033.775,10026.03,9243.661,1982.074,8824.178,9104.451,2018.298,10121.86,9157.688,1974.46,8862.017
9204.436,1955.555,10161.08,9330.011,2033.775,10024.97,9244.115,1982.074,8820.643,9107.956,2018.298,10121.22,9157.811,1974.46,8858.455
9206.58,1955.555,10160.14,9332.237,2033.775,10024.24,9244.602,1982.074,8818.352,9110.268,2018.298,10120.84,9157.968,1974.46,8856.118
9207.511,1955.555,10159.71,9333.225,2033.775,10023.96,9244.782,1982.074,8817.339,9111.286,2018.298,10120.7,9158.07,1974.46,8855.095
9209.941,1955.555,10158.49,9335.741,2033.775,10022.93,9245.2,1982.074,8814.653,9113.984,2018.298,10120.38,9158.43,1974.46,8852.4
9212.008,1955.555,10157.39,9337.938,2033.775,10022.12,9245.656,1982.074,8812.356,9116.314,2018.298,10120.15,9158.814,1974.46,8850.09
9213.396,1955.555,10156.6,9339.45,2033.775,10021.61,9245.915,1982.074,8810.783,9117.903,2018.298,10120.02,9159.128,1974.46,8848.526
9216.261,1955.555,10154.88,9342.612,2033.775,10020.53,9246.167,1982.074,8807.45,9121.238,2018.298,10119.82,9160.034,1974.46,8845.31
9218.188,1955.555,10153.66,9344.741,2033.775,10019.7,9246.414,1982.074,8805.181,9123.519,2018.298,10119.73,9160.581,1974.46,8843.093
9220.754,1955.555,10151.94,9347.66,2033.775,10018.68,9246.849,1982.074,8802.119,9126.608,2018.298,10119.65,9161.375,1974.46,8840.104
9221.85,1955.555,10151.16,9348.942,2033.775,10018.28,9247.081,1982.074,8800.796,9127.951,2018.298,10119.64,9161.766,1974.46,8838.819
9223.779,1955.555,10149.71,9351.266,2033.775,10017.64,9247.575,1982.074,8798.436,9130.361,2018.298,10119.65,9162.391,1974.46,8836.49
9225.398,1955.555,10148.43,9353.271,2033.775,10017.15,9248.064,1982.074,8796.43,9132.424,2018.298,10119.69,9162.86,1974.46,8834.48
9227.413,1955.555,10146.76,9355.798,2033.775,10016.45,9248.912,1982.074,8793.948,9135.044,2018.298,10119.78,9163.29,1974.46,8831.894
9229.176,1955.555,10145.21,9358.048,2033.775,10015.78,9249.598,1982.074,8791.705,9137.386,2018.298,10119.88,9163.75,1974.46,8829.594
9230.898,1955.555,10143.62,9360.319,2033.775,10015.19,9250.209,1982.074,8789.439,9139.728,2018.298,10120.01,9164.285,1974.46,8827.31
9232.046,1955.555,10142.5,9361.881,2033.775,10014.84,9250.575,1982.074,8787.881,9141.324,2018.298,10120.11,9164.701,1974.46,8825.764
9234.21,1955.555,10140.29,9364.967,2033.775,10014.57,9251.079,1982.074,8784.824,9144.412,2018.298,10120.33,9165.79,1974.46,8822.863
9235.296,1955.555,10139.12,9366.552,2033.775,10014.38,9251.39,1982.074,8783.258,9146.003,2018.298,10120.46,9166.302,1974.46,8821.352
9237.34,1955.555,10136.8,9369.615,2033.775,10013.96,9252.091,1982.074,8780.246,9149.083,2018.298,10120.72,9167.197,1974.46,8818.392
9238.365,1955.555,10135.57,9371.19,2033.775,10013.69,9252.452,1982.074,8778.689,9150.674,2018.298,10120.86,9167.609,1974.46,8816.848
9240.294,1955.555,10133.15,9374.276,2033.775,10013.39,9253.251,1982.074,8775.694,9153.759,2018.298,10121.15,9168.312,1974.46,8813.828
9241.813,1955.555,10131.36,9376.604,2033.775,10013.09,9253.781,1982.074,8773.409,9156.101,2018.298,10121.29,9168.765,1974.46,8811.526
9242.887,1955.555,10130.17,9378.18,2033.775,10012.84,9254.254,1982.074,8771.884,9157.696,2018.298,10121.34,9169.124,1974.46,8809.971
9245.006,1955.555,10127.99,9381.201,2033.775,10012.46,9255.059,1982.074,8768.948,9160.74,2018.298,10121.32,9169.906,1974.46,8807.029
9247.375,1955.555,10125.7,9384.456,2033.775,10011.96,9256.206,1982.074,8765.86,9164.032,2018.298,10121.2,9170.856,1974.46,8803.875
9247.952,1955.555,10125.18,9385.22,2033.775,10011.81,9256.453,1982.074,8765.123,9164.808,2018.298,10121.14,9171.105,1974.46,8803.138
9250.271,1955.555,10123.21,9388.186,2033.775,10011.15,9256.957,1982.074,8762.126,9167.83,2018.298,10120.83,9172.378,1974.46,8800.378
9252.116,1955.555,10121.75,9390.533,2033.775,10010.98,9257.423,1982.074,8759.819,9170.161,2018.298,10120.51,9173.293,1974.46,8798.21
9253.386,1955.555,10120.81,9392.106,2033.775,10010.85,9257.782,1982.074,8758.281,9171.718,2018.298,10120.24,9173.859,1974.46,8796.735
9255.906,1955.555,10119.07,9395.148,2033.775,10010.49,9258.575,1982.074,8755.323,9174.719,2018.298,10119.63,9174.863,1974.46,8793.842
9257.932,1955.555,10117.77,9397.529,2033.775,10010.13,9259.078,1982.074,8752.969,9177.061,2018.298,10119.07,9175.577,1974.46,8791.542
9259.711,1955.555,10116.71,9399.575,2033.775,10009.79,9259.483,1982.074,8750.936,9179.061,2018.298,10118.52,9176.214,1974.46,8789.569
9262.014,1955.555,10115.43,9402.159,2033.775,10009.28,9260.082,1982.074,8748.371,9181.577,2018.298,10117.75,9176.94,1974.46,8787.038
9264.106,1955.555,10114.36,9404.488,2033.775,10008.96,9260.691,1982.074,8746.1,9183.8,2018.298,10116.98,9177.515,1974.46,8784.758
9266.233,1955.555,10113.35,9406.806,2033.775,10008.56,9261.226,1982.074,8743.81,9186.035,2018.298,10116.25,9178.163,1974.46,8782.498
9267.704,1955.555,10112.72,9408.375,2033.775,10008.24,9261.473,1982.074,8742.227,9187.563,2018.298,10115.77,9178.743,1974.46,8781.005
9270.825,1955.555,10111.49,9411.696,2033.775,10007.76,9262.098,1982.074,8738.93,9190.729,2018.298,10114.66,9179.855,1974.46,8777.84
9272.36,1955.555,10110.72,9413.409,2033.775,10007.66,9262.472,1982.074,8737.256,9192.338,2018.298,10114.06,9180.371,1974.46,8776.203
9274.846,1955.555,10109.58,9416.132,2033.775,10007.41,9263.155,1982.074,8734.608,9194.887,2018.298,10113.07,9181.107,1974.46,8773.569
9277.012,1955.555,10108.67,9418.463,2033.775,10007.12,9263.638,1982.074,8732.309,9197.094,2018.298,10112.26,9181.665,1974.46,8771.287
9279.146,1955.555,10107.7,9420.777,2033.775,10006.75,9264.193,1982.074,8730.032,9199.269,2018.298,10111.39,9182.433,1974.46,8769.073
9281.928,1955.555,10106.32,9423.866,2033.775,10006.43,9265.027,1982.074,8727.042,9202.148,2018.298,10110.23,9183.659,1974.46,8766.221
9283.529,1955.555,10105.34,9425.729,2033.775,10006.18,9265.592,1982.074,8725.248,9203.933,2018.298,10109.64,9184.345,1974.46,8764.47
9285.319,1955.555,10104.32,9427.763,2033.775,10005.84,9266.274,1982.074,8723.303,9205.867,2018.298,10108.93,9185.087,1974.46,8762.546
9288.227,1955.555,10102.78,9431.042,2033.775,10005.61,9267.464,1982.074,8720.237,9208.913,2018.298,10107.69,9186.355,1974.46,8759.513
9290.33,1955.555,10101.75,9433.369,2033.775,10005.36,9268.382,1982.074,8718.085,9211.112,2018.298,10106.89,9187.187,1974.46,8757.325
9291.858,1955.555,10101.04,9435.057,2033.775,10005.3,9269.192,1982.074,8716.604,9212.691,2018.298,10106.29,9187.769,1974.46,8755.74
9294.412,1955.555,10099.86,9437.862,2033.775,10005.1,9270.461,1982.074,8714.093,9215.289,2018.298,10105.21,9188.824,1974.46,8753.133
9296.742,1955.555,10098.87,9440.379,2033.775,10004.84,9271.704,1982.074,8711.89,9217.592,2018.298,10104.17,9189.85,1974.46,8750.82
9298.864,1955.555,10097.89,9442.694,2033.775,10004.52,9272.786,1982.074,8709.817,9219.719,2018.298,10103.2,9190.866,1974.46,8748.716
9301.017,1955.555,10096.98,9444.998,2033.775,10004.13,9273.905,1982.074,8707.766,9221.813,2018.298,10102.16,9191.951,1974.46,8746.646
9303.024,1955.555,10096.21,9447.141,2033.775,10003.95,9274.873,1982.074,8705.846,9223.766,2018.298,10101.26,9193.003,1974.46,8744.771
9304.558,1955.555,10095.67,9448.761,2033.775,10003.82,9275.651,1982.074,8704.419,9225.264,2018.298,10100.63,9193.751,1974.46,8743.328
9307.861,1955.555,10094.82,9452.15,2033.775,10003.44,9277.187,1982.074,8701.373,9228.448,2018.298,10099.4,9195.235,1974.46,8740.257
9310.771,1955.555,10093.97,9455.151,2033.775,10003.01,9278.462,1982.074,8698.622,9231.313,2018.298,10098.41,9196.644,1974.46,8737.571
9311.879,1955.555,10093.61,9456.313,2033.775,10002.91,9278.955,1982.074,8697.566,9232.374,2018.298,10097.93,9197.15,1974.46,8736.521
9313.982,1955.555,10093.03,9458.478,2033.775,10002.64,9279.71,1982.074,8695.521,9234.387,2018.298,10097.09,9198.034,1974.46,8734.528
9316.607,1955.555,10092.22,9461.192,2033.775,10002.22,9280.745,1982.074,8692.976,9236.895,2018.298,10095.97,9199.276,1974.46,8732.078
9318.803,1955.555,10091.46,9463.475,2033.775,10001.79,9281.689,1982.074,8690.854,9239.044,2018.298,10095.09,9200.457,1974.46,8730.078
9320.969,1955.555,10090.63,9465.739,2033.775,10001.29,9282.702,1982.074,8688.768,9241.219,2018.298,10094.28,9201.694,1974.46,8728.116
9323.092,1955.555,10089.7,9467.952,2033.775,10000.61,9283.781,1982.074,8686.717,9243.421,2018.298,10093.56,9202.865,1974.46,8726.117
9325.245,1955.555,10088.85,9470.188,2033.775,9999.994,9284.639,1982.074,8684.563,9245.6,2018.298,10092.77,9203.971,1974.46,8724.08
9327.396,1955.555,10087.99,9472.436,2033.775,9999.446,9285.564,1982.074,8682.442,9247.748,2018.298,10091.91,9205.007,1974.46,8722.011
9329.623,1955.555,10087.37,9474.7,2033.775,9998.973,9286.233,1982.074,8680.228,9249.724,2018.298,10090.71,9205.975,1974.46,8719.909
9331.828,1955.555,10086.67,9476.979,2033.775,9998.573,9286.974,1982.074,8678.036,9251.736,2018.298,10089.57,9206.874,1974.46,8717.777
9334.006,1955.555,10085.9,9479.265,2033.775,9998.239,9287.784,1982.074,8675.873,9253.783,2018.298,10088.49,9207.702,1974.46,8715.621
9336.155,1955.555,10085.05,9481.536,2033.775,9997.831,9288.663,1982.074,8673.739,9255.861,2018.298,10087.49,9208.459,1974.46,8713.44
9338.275,1955.555,10084.14,9483.838,2033.775,9997.673,9289.61,1982.074,8671.636,9257.971,2018.298,10086.56,9209.145,1974.46,8711.237
9340.365,1955.555,10083.17,9486.134,2033.775,9997.439,9290.489,1982.074,8669.502,9260.11,2018.298,10085.69,9209.902,1974.46,8709.058
9342.486,1955.555,10082.25,9488.441,2033.775,9997.397,9291.465,1982.074,8667.41,9262.26,2018.298,10084.85,9210.73,1974.46,8706.903
9344.26,1955.555,10081.4,9490.408,2033.775,9997.297,9292.238,1982.074,8665.6,9264.069,2018.298,10084.07,9211.497,1974.46,8705.09
9346.084,1955.555,10080.59,9492.396,2033.775,9997.13,9292.962,1982.074,8663.74,9265.876,2018.298,10083.23,9212.193,1974.46,8703.22
9348.746,1955.555,10079.3,9495.333,2033.775,9996.786,9294.358,1982.074,8661.134,9268.593,2018.298,10082.06,9212.969,1974.46,8700.366
9351.021,1955.555,10078.29,9497.795,2033.775,9996.427,9295.461,1982.074,8658.903,9270.846,2018.298,10081.01,9213.699,1974.46,8697.988
9353.82,1955.555,10077.15,9500.773,2033.775,9995.893,9296.742,1982.074,8656.162,9273.552,2018.298,10079.65,9214.682,1974.46,8695.126
9355.396,1955.555,10076.44,9502.413,2033.775,9995.352,9297.422,1982.074,8654.575,9275.12,2018.298,10078.93,9215.296,1974.46,8693.512
9357.178,1955.555,10075.57,9504.315,2033.775,9994.793,9298.258,1982.074,8652.777,9276.947,2018.298,10078.16,9216.062,1974.46,8691.683
9359.229,1955.555,10074.51,9506.552,2033.775,9994.215,9299.162,1982.074,8650.652,9279.15,2018.298,10077.47,9217.022,1974.46,8689.582
9361.294,1955.555,10073.48,9508.802,2033.775,9993.711,9300.134,1982.074,8648.562,9281.325,2018.298,10076.7,9218.166,1974.46,8687.58
9363.356,1955.555,10072.45,9511.066,2033.775,9993.281,9301.174,1982.074,8646.504,9283.475,2018.298,10075.87,9219.45,1974.46,8685.665
9366.038,1955.555,10071.22,9513.981,2033.775,9992.826,9302.59,1982.074,8643.915,9286.189,2018.298,10074.71,9221.16,1974.46,8683.261
9367.744,1955.555,10070.5,9515.806,2033.775,9992.515,9303.53,1982.074,8642.321,9287.928,2018.298,10074.08,9222.183,1974.46,8681.719
9368.826,1955.555,10069.89,9516.99,2033.775,9992.131,9304.063,1982.074,8641.196,9289.083,2018.298,10073.62,9222.836,1974.46,8680.659
9371.638,1955.555,10068.41,9520.042,2033.775,9991.251,9305.518,1982.074,8638.372,9291.99,2018.298,10072.33,9224.511,1974.46,8677.96
9373.713,1955.555,10067.4,9522.267,2033.775,9990.634,9306.641,1982.074,8636.355,9294.169,2018.298,10071.57,9225.663,1974.46,8675.96
9375.818,1955.555,10066.46,9524.507,2033.775,9990.09,9307.608,1982.074,8634.263,9296.319,2018.298,10070.74,9227.01,1974.46,8674.088
9377.839,1955.555,10065.36,9526.758,2033.775,9989.621,9308.642,1982.074,8632.208,9298.479,2018.298,10069.95,9228.291,1974.46,8672.178
9379.89,1955.555,10064.32,9529.025,2033.775,9989.226,9309.742,1982.074,8630.188,9300.612,2018.298,10069.09,9229.51,1974.46,8670.226
9381.928,1955.555,10063.24,9531.307,2033.775,9988.904,9310.909,1982.074,8628.201,9302.719,2018.298,10068.16,9230.666,1974.46,8668.232
9383.996,1955.555,10062.24,9533.572,2033.775,9988.51,9312.138,1982.074,8626.257,9304.79,2018.298,10067.16,9231.756,1974.46,8666.207
9385.886,1955.555,10060.99,9535.813,2033.775,9988.194,9313.283,1982.074,8624.305,9306.871,2018.298,10066.27,9232.893,1974.46,8664.249
9387.191,1955.555,10060.19,9537.323,2033.775,9987.932,9314.195,1982.074,8623.073,9308.26,2018.298,10065.62,9233.643,1974.46,8662.913
9390.604,1955.555,10058.13,9541.236,2033.775,9987.183,9316.669,1982.074,8619.948,9311.847,2018.298,10063.88,9235.48,1974.46,8659.376
9392.082,1955.555,10057.26,9542.919,2033.775,9986.834,9317.778,1982.074,8618.636,9313.383,2018.298,10063.11,9236.224,1974.46,8657.826
9393.786,1955.555,10056.27,9544.844,2033.775,9986.406,9319.099,1982.074,8617.171,9315.133,2018.298,10062.21,9237.018,1974.46,8656.021
9395.776,1955.555,10055.13,9547.074,2033.775,9985.879,9320.688,1982.074,8615.519,9317.151,2018.298,10061.12,9237.872,1974.46,8653.894
9397.771,1955.555,10054.01,9549.293,2033.775,9985.324,9322.325,1982.074,8613.921,9319.15,2018.298,10060.01,9238.655,1974.46,8651.744
9399.748,1955.555,10052.92,9551.476,2033.775,9984.752,9323.99,1982.074,8612.396,9321.105,2018.298,10058.88,9239.359,1974.46,8649.6
9401.67,1955.555,10051.88,9553.583,2033.775,9984.175,9325.648,1982.074,8610.973,9322.981,2018.298,10057.76,9239.973,1974.46,8647.502
9403.542,1955.555,10050.89,9555.622,2033.775,9983.595,9327.3,1982.074,8609.643,9324.784,2018.298,10056.65,9240.502,1974.46,8645.448
9405.366,1955.555,10049.94,9557.596,2033.775,9983.013,9328.942,1982.074,8608.402,9326.516,2018.298,10055.54,9240.95,1974.46,8643.439
9407.143,1955.555,10049.03,9559.505,2033.775,9982.433,9330.572,1982.074,8607.25,9328.176,2018.298,10054.43,9241.321,1974.46,8641.479
9408.874,1955.555,10048.16,9561.354,2033.775,9981.854,9332.189,1982.074,8606.181,9329.77,2018.298,10053.33,9241.619,1974.46,8639.563
9410.548,1955.555,10047.34,9563.132,2033.775,9981.284,9333.777,1982.074,8605.2,9331.285,2018.298,10052.24,9241.846,1974.46,8637.709
9412.177,1955.555,10046.55,9564.851,2033.775,9980.721,9335.345,1982.074,8604.297,9332.734,2018.298,10051.16,9242.007,1974.46,8635.907
9413.764,1955.555,10045.8,9566.516,2033.775,9980.163,9336.893,1982.074,8603.467,9334.121,2018.298,10050.08,9242.106,1974.46,8634.153
9415.31,1955.555,10045.09,9568.128,2033.775,9979.613,9338.418,1982.074,8602.707,9335.446,2018.298,10049.01,9242.147,1974.46,8632.449
9416.814,1955.555,10044.4,9569.688,2033.775,9979.071,9339.919,1982.074,8602.015,9336.711,2018.298,10047.94,9242.133,1974.46,8630.796
9418.279,1955.555,10043.76,9571.199,2033.775,9978.539,9341.393,1982.074,8601.386,9337.916,2018.298,10046.89,9242.066,1974.46,8629.194
9419.699,1955.555,10043.14,9572.656,2033.775,9978.019,9342.833,1982.074,8600.819,9339.06,2018.298,10045.85,9241.952,1974.46,8627.65
9421.08,1955.555,10042.56,9574.066,2033.775,9977.508,9344.224,1982.074,8600.256,9340.146,2018.298,10044.81,9241.792,1974.46,8626.158
9422.423,1955.555,10042,9575.431,2033.775,9977.008,9345.586,1982.074,8599.749,9341.178,2018.298,10043.79,9241.59,1974.46,8624.719
9423.732,1955.555,10041.48,9576.754,2033.775,9976.518,9346.922,1982.074,8599.294,9342.157,2018.298,10042.77,9241.349,1974.46,8623.328
9425.014,1955.555,10040.98,9578.043,2033.775,9976.035,9348.236,1982.074,8598.886,9343.09,2018.298,10041.76,9241.069,1974.46,8621.98
9426.287,1955.555,10040.49,9579.318,2033.775,9975.554,9349.549,1982.074,8598.516,9343.991,2018.298,10040.74,9240.749,1974.46,8620.655
9427.597,1955.555,10040.01,9580.623,2033.775,9975.057,9350.901,1982.074,8598.169,9344.891,2018.298,10039.67,9240.377,1974.46,8619.309
9428.936,1955.555,10039.53,9581.951,2033.775,9974.547,9352.269,1982.074,8597.774,9345.781,2018.298,10038.56,9239.953,1974.46,8617.95
9430.305,1955.555,10039.05,9583.303,2033.775,9974.024,9353.672,1982.074,8597.411,9346.661,2018.298,10037.41,9239.477,1974.46,8616.581
9431.703,1955.555,10038.58,9584.678,2033.775,9973.489,9355.1,1982.074,8597.037,9347.528,2018.298,10036.21,9238.945,1974.46,8615.204
9433.13,1955.555,10038.12,9586.074,2033.775,9972.942,9356.561,1982.074,8596.697,9348.381,2018.298,10034.98,9238.36,1974.46,8613.822
9434.583,1955.555,10037.66,9587.491,2033.775,9972.384,9358.053,1982.074,8596.391,9349.215,2018.298,10033.7,9237.721,1974.46,8612.439
9436.07,1955.555,10037.22,9588.935,2033.775,9971.812,9359.578,1982.074,8596.093,9350.033,2018.298,10032.38,9237.022,1974.46,8611.051
9438.011,1955.555,10036.66,9590.811,2033.775,9971.064,9361.553,1982.074,8595.666,9351.054,2018.298,10030.64,9236.057,1974.46,8609.276
9439.24,1955.555,10036.32,9591.994,2033.775,9970.591,9362.807,1982.074,8595.432,9351.669,2018.298,10029.52,9235.411,1974.46,8608.177
9440.077,1955.555,10036.06,9592.818,2033.775,9970.292,9363.673,1982.074,8595.299,9352.117,2018.298,10028.77,9234.992,1974.46,8607.407
9442.354,1955.555,10035.32,9595.098,2033.775,9969.548,9366.054,1982.074,8595.014,9353.396,2018.298,10026.74,9233.916,1974.46,8605.265
9444.396,1955.555,10034.61,9597.173,2033.775,9968.945,9368.207,1982.074,8594.827,9354.594,2018.298,10024.94,9233.01,1974.46,8603.303
9445.191,1955.555,10034.32,9597.991,2033.775,9968.73,9369.052,1982.074,8594.781,9355.081,2018.298,10024.25,9232.68,1974.46,8602.523
9446.689,1955.555,10033.74,9599.557,2033.775,9968.373,9370.657,1982.074,8594.747,9356.039,2018.298,10022.96,9232.103,1974.46,8601.024
9448.57,1955.555,10032.98,9601.55,2033.775,9967.986,9372.688,1982.074,8594.771,9357.292,2018.298,10021.37,9231.436,1974.46,8599.106
9450.193,1955.555,10032.34,9603.257,2033.775,9967.632,9374.431,1982.074,8594.756,9358.333,2018.298,10019.97,9230.809,1974.46,8597.479
9451.977,1955.555,10031.67,9605.117,2033.775,9967.221,9376.336,1982.074,8594.728,9359.431,2018.298,10018.41,9230.066,1974.46,8595.723
9454.147,1955.555,10030.89,9607.365,2033.775,9966.696,9378.646,1982.074,8594.699,9360.711,2018.298,10016.49,9229.098,1974.46,8593.626
9455,1955.555,10030.59,9608.241,2033.775,9966.481,9379.548,1982.074,8594.698,9361.191,2018.298,10015.72,9228.692,1974.46,8592.819
9456.238,1955.555,10030.18,9609.505,2033.775,9966.158,9380.853,1982.074,8594.708,9361.856,2018.298,10014.6,9228.068,1974.46,8591.673
9459.102,1955.555,10029.28,9612.406,2033.775,9965.387,9383.841,1982.074,8594.657,9363.316,2018.298,10011.98,9226.548,1974.46,8589.083
9460.783,1955.555,10028.78,9614.099,2033.775,9964.92,9385.597,1982.074,8594.67,9364.128,2018.298,10010.42,9225.609,1974.46,8587.599
9462.233,1955.555,10028.36,9615.549,2033.775,9964.507,9387.103,1982.074,8594.625,9364.788,2018.298,10009.06,9224.763,1974.46,8586.351
9464.046,1955.555,10027.88,9617.35,2033.775,9963.979,9388.98,1982.074,8594.622,9365.564,2018.298,10007.35,9223.658,1974.46,8584.832
9465.882,1955.555,10027.42,9619.162,2033.775,9963.433,9390.874,1982.074,8594.668,9366.299,2018.298,10005.61,9222.495,1974.46,8583.338
9467.738,1955.555,10026.98,9620.984,2033.775,9962.87,9392.779,1982.074,8594.753,9366.99,2018.298,10003.83,9221.274,1974.46,8581.871
9469.615,1955.555,10026.57,9622.816,2033.775,9962.291,9394.697,1982.074,8594.874,9367.637,2018.298,10002.02,9219.997,1974.46,8580.435
9471.511,1955.555,10026.19,9624.656,2033.775,9961.697,9396.625,1982.074,8595.021,9368.235,2018.298,10000.18,9218.665,1974.46,8579.032
9473.424,1955.555,10025.83,9626.504,2033.775,9961.089,9398.563,1982.074,8595.188,9368.785,2018.298,9998.314,9217.28,1974.46,8577.665
9475.361,1955.555,10025.54,9628.384,2033.775,9960.537,9400.508,1982.074,8595.421,9369.4,2018.298,9996.454,9215.932,1974.46,8576.244
9477.32,1955.555,10025.31,9630.293,2033.775,9960.044,9402.457,1982.074,8595.719,9370.08,2018.298,9994.603,9214.621,1974.46,8574.771
9479.267,1955.555,10024.92,9632.231,2033.775,9959.61,9404.409,1982.074,8596.083,9370.825,2018.298,9992.762,9213.351,1974.46,8573.243
9481.234,1955.555,10024.58,9634.192,2033.775,9959.238,9406.358,1982.074,8596.513,9371.635,2018.298,9990.938,9212.125,1974.46,8571.668
9483.182,1955.555,10024.1,9636.176,2033.775,9958.929,9408.303,1982.074,8597.009,9372.508,2018.298,9989.131,9210.945,1974.46,8570.044
9485.153,1955.555,10023.67,9638.178,2033.775,9958.684,9410.24,1982.074,8597.571,9373.444,2018.298,9987.345,9209.813,1974.46,8568.374
9487.115,1955.555,10023.29,9640.158,2033.775,9958.407,9412.161,1982.074,8598.129,9374.321,2018.298,9985.548,9208.691,1974.46,8566.719
9488.451,1955.555,10023.06,9641.499,2033.775,9958.198,9413.465,1982.074,8598.507,9374.881,2018.298,9984.312,9207.93,1974.46,8565.596
9491.965,1955.555,10022.51,9645.004,2033.775,9957.599,9416.881,1982.074,8599.498,9376.254,2018.298,9981.03,9205.934,1974.46,8562.651
9493.494,1955.555,10022.3,9646.521,2033.775,9957.316,9418.364,1982.074,8599.929,9376.809,2018.298,9979.589,9205.067,1974.46,8561.373
9495.26,1955.555,10022.09,9648.265,2033.775,9956.968,9420.072,1982.074,8600.424,9377.398,2018.298,9977.911,9204.069,1974.46,8559.901
9497.324,1955.555,10021.89,9650.293,2033.775,9956.534,9422.065,1982.074,8601.002,9378.028,2018.298,9975.935,9202.905,1974.46,8558.184
9499.401,1955.555,10021.73,9652.324,2033.775,9956.074,9424.066,1982.074,8601.583,9378.603,2018.298,9973.932,9201.736,1974.46,8556.459
9501.492,1955.555,10021.62,9654.36,2033.775,9955.588,9426.078,1982.074,8602.167,9379.12,2018.298,9971.902,9200.561,1974.46,8554.725
9503.592,1955.555,10021.54,9656.398,2033.775,9955.076,9428.097,1982.074,8602.753,9379.579,2018.298,9969.852,9199.381,1974.46,8552.985
9505.703,1955.555,10021.51,9658.44,2033.775,9954.54,9430.126,1982.074,8603.342,9379.979,2018.298,9967.777,9198.195,1974.46,8551.236
9507.82,1955.555,10021.53,9660.482,2033.775,9953.981,9432.16,1982.074,8603.932,9380.319,2018.298,9965.687,9197.007,1974.46,8549.483
9509.94,1955.555,10021.59,9662.521,2033.775,9953.401,9434.197,1982.074,8604.522,9380.598,2018.298,9963.584,9195.816,1974.46,8547.728
9512.068,1955.555,10021.7,9664.565,2033.775,9952.8,9436.244,1982.074,8605.116,9380.814,2018.298,9961.464,9194.62,1974.46,8545.963
9514.202,1955.555,10021.85,9666.611,2033.775,9952.177,9438.299,1982.074,8605.713,9380.969,2018.298,9959.33,9193.419,1974.46,8544.191
9516.339,1955.555,10022.06,9668.658,2033.775,9951.533,9440.36,1982.074,8606.312,9381.06,2018.298,9957.186,9192.214,1974.46,8542.414
9518.48,1955.555,10022.31,9670.709,2033.775,9950.869,9442.432,1982.074,8606.913,9381.087,2018.298,9955.029,9191.004,1974.46,8540.629
9520.617,1955.555,10022.61,9672.756,2033.775,9950.187,9444.505,1982.074,8607.515,9381.05,2018.298,9952.871,9189.792,1974.46,8538.842
9522.577,1955.555,10022.94,9674.635,2033.775,9949.543,9446.413,1982.074,8608.068,9380.956,2018.298,9950.887,9188.677,1974.46,8537.197
9524.07,1955.555,10023.22,9676.068,2033.775,9949.038,9447.873,1982.074,8608.492,9380.839,2018.298,9949.371,9187.823,1974.46,8535.938
9527.18,1955.555,10023.89,9679.059,2033.775,9947.959,9450.928,1982.074,8609.379,9380.5,2018.298,9946.209,9186.039,1974.46,8533.306
9529.938,1955.555,10024.54,9681.718,2033.775,9946.976,9453.652,1982.074,8610.17,9380.114,2018.298,9943.398,9184.447,1974.46,8530.957
9530.997,1955.555,10024.83,9682.741,2033.775,9946.587,9454.704,1982.074,8610.476,9379.933,2018.298,9942.318,9183.832,1974.46,8530.05
9532.983,1955.555,10025.4,9684.669,2033.775,9945.838,9456.691,1982.074,8611.053,9379.529,2018.298,9940.289,9182.671,1974.46,8528.337
9535.451,1955.555,10026.19,9687.075,2033.775,9944.882,9459.179,1982.074,8611.774,9378.95,2018.298,9937.765,9181.218,1974.46,8526.193
9537.53,1955.555,10026.91,9689.114,2033.775,9944.053,9461.294,1982.074,8612.389,9378.458,2018.298,9935.618,9179.982,1974.46,8524.37
9539.587,1955.555,10027.69,9691.145,2033.775,9943.208,9463.406,1982.074,8613.002,9377.966,2018.298,9933.474,9178.748,1974.46,8522.549
9541.617,1955.555,10028.46,9693.149,2033.775,9942.374,9465.492,1982.074,8613.607,9377.48,2018.298,9931.357,9177.529,1974.46,8520.751
9543.572,1955.555,10029.2,9695.081,2033.775,9941.571,9467.501,1982.074,8614.19,9377.013,2018.298,9929.319,9176.355,1974.46,8519.02
9545.467,1955.555,10029.92,9696.952,2033.775,9940.793,9469.447,1982.074,8614.755,9376.56,2018.298,9927.344,9175.218,1974.46,8517.342
9547.307,1955.555,10030.62,9698.769,2033.775,9940.037,9471.337,1982.074,8615.304,9376.119,2018.298,9925.426,9174.113,1974.46,8515.713
9549.344,1955.555,10031.4,9700.78,2033.775,9939.2,9473.43,1982.074,8615.911,9375.632,2018.298,9923.302,9172.891,1974.46,8513.909
9551.302,1955.555,10032.14,9702.714,2033.775,9938.396,9475.441,1982.074,8616.495,9375.163,2018.298,9921.26,9171.715,1974.46,8512.176
9552.137,1955.555,10032.46,9703.538,2033.775,9938.053,9476.299,1982.074,8616.744,9374.963,2018.298,9920.39,9171.214,1974.46,8511.437
9553.993,1955.555,10033.16,9705.372,2033.775,9937.29,9478.206,1982.074,8617.298,9374.519,2018.298,9918.454,9170.1,1974.46,8509.793
9555.689,1955.555,10033.81,9707.048,2033.775,9936.594,9479.948,1982.074,8617.804,9374.112,2018.298,9916.686,9169.081,1974.46,8508.291
9557.212,1955.555,10034.38,9708.552,2033.775,9935.969,9481.512,1982.074,8618.258,9373.748,2018.298,9915.099,9168.167,1974.46,8506.943
9558.479,1955.555,10034.87,9709.804,2033.775,9935.448,9482.813,1982.074,8618.636,9373.444,2018.298,9913.777,9167.406,1974.46,8505.821
9559.895,1955.555,10035.4,9711.201,2033.775,9934.867,9484.268,1982.074,8619.058,9373.105,2018.298,9912.302,9166.557,1974.46,8504.568
9561.901,1955.555,10036.16,9713.183,2033.775,9934.043,9486.329,1982.074,8619.656,9372.625,2018.298,9910.21,9165.353,1974.46,8502.792
9562.906,1955.555,10036.55,9714.176,2033.775,9933.63,9487.361,1982.074,8619.956,9372.385,2018.298,9909.162,9164.749,1974.46,8501.902
9564.153,1955.555,10037.02,9715.407,2033.775,9933.117,9488.643,1982.074,8620.328,9372.086,2018.298,9907.861,9164,1974.46,8500.798
9565.412,1955.555,10037.5,9716.65,2033.775,9932.6,9489.936,1982.074,8620.703,9371.785,2018.298,9906.549,9163.244,1974.46,8499.683
9566.634,1955.555,10037.96,9717.857,2033.775,9932.098,9491.19,1982.074,8621.067,9371.493,2018.298,9905.275,9162.511,1974.46,8498.601
9567.821,1955.555,10038.41,9719.03,2033.775,9931.61,9492.41,1982.074,8621.422,9371.209,2018.298,9904.037,9161.798,1974.46,8497.549
9568.988,1955.555,10038.86,9720.183,2033.775,9931.131,9493.609,1982.074,8621.77,9370.93,2018.298,9902.82,9161.098,1974.46,8496.516
9570.456,1955.555,10039.41,9721.633,2033.775,9930.528,9495.117,1982.074,8622.207,9370.578,2018.298,9901.29,9160.217,1974.46,8495.216
9571.136,1955.555,10039.67,9722.305,2033.775,9930.249,9495.815,1982.074,8622.41,9370.415,2018.298,9900.581,9159.809,1974.46,8494.614
9572.034,1955.555,10040.01,9723.191,2033.775,9929.88,9496.738,1982.074,8622.678,9370.2,2018.298,9899.645,9159.27,1974.46,8493.819
9573.5,1955.555,10040.57,9724.639,2033.775,9929.278,9498.244,1982.074,8623.114,9369.85,2018.298,9898.117,9158.39,1974.46,8492.521
9574.234,1955.555,10040.85,9725.364,2033.775,9928.977,9498.999,1982.074,8623.333,9369.674,2018.298,9897.352,9157.949,1974.46,8491.871
9575.145,1955.555,10041.19,9726.263,2033.775,9928.603,9499.934,1982.074,8623.604,9369.456,2018.298,9896.403,9157.403,1974.46,8491.065
9576.064,1955.555,10041.54,9727.171,2033.775,9928.225,9500.878,1982.074,8623.879,9369.236,2018.298,9895.444,9156.852,1974.46,8490.251
9576.957,1955.555,10041.88,9728.053,2033.775,9927.858,9501.795,1982.074,8624.145,9369.022,2018.298,9894.514,9156.316,1974.46,8489.461
9577.823,1955.555,10042.21,9728.908,2033.775,9927.503,9502.685,1982.074,8624.402,9368.815,2018.298,9893.61,9155.797,1974.46,8488.694
9578.665,1955.555,10042.53,9729.739,2033.775,9927.157,9503.549,1982.074,8624.653,9368.614,2018.298,9892.732,9155.292,1974.46,8487.949
9579.514,1955.555,10042.82,9730.579,2033.775,9926.84,9504.402,1982.074,8624.932,9368.442,2018.298,9891.852,9154.813,1974.46,8487.19
9580.412,1955.555,10043.1,9731.468,2033.775,9926.537,9505.285,1982.074,8625.252,9368.293,2018.298,9890.925,9154.338,1974.46,8486.38
9581.356,1955.555,10043.35,9732.403,2033.775,9926.252,9506.193,1982.074,8625.615,9368.169,2018.298,9889.954,9153.871,1974.46,8485.521
9582.344,1955.555,10043.59,9733.383,2033.775,9925.988,9507.122,1982.074,8626.022,9368.073,2018.298,9888.944,9153.416,1974.46,8484.613
9583.374,1955.555,10043.79,9734.406,2033.775,9925.748,9508.07,1982.074,8626.476,9368.008,2018.298,9887.896,9152.976,1974.46,8483.658
9584.446,1955.555,10043.98,9735.473,2033.775,9925.534,9509.035,1982.074,8626.977,9367.976,2018.298,9886.809,9152.553,1974.46,8482.656
9585.564,1955.555,10044.13,9736.586,2033.775,9925.349,9510.02,1982.074,8627.529,9367.979,2018.298,9885.68,9152.148,1974.46,8481.603
9586.725,1955.555,10044.24,9737.742,2033.775,9925.194,9511.018,1982.074,8628.133,9368.021,2018.298,9884.515,9151.767,1974.46,8480.501
9587.922,1955.555,10044.33,9738.937,2033.775,9925.075,9512.023,1982.074,8628.787,9368.104,2018.298,9883.317,9151.41,1974.46,8479.355
9589.154,1955.555,10044.37,9740.167,2033.775,9924.993,9513.034,1982.074,8629.493,9368.229,2018.298,9882.091,9151.083,1974.46,8478.167
9590.421,1955.555,10044.37,9741.433,2033.775,9924.95,9514.049,1982.074,8630.252,9368.399,2018.298,9880.836,9150.787,1974.46,8476.936
9591.705,1955.555,10044.34,9742.718,2033.775,9924.948,9515.052,1982.074,8631.055,9368.613,2018.298,9879.569,9150.528,1974.46,8475.677
9592.802,1955.555,10044.39,9743.815,2033.775,9924.982,9515.887,1982.074,8631.77,9368.831,2018.298,9878.492,9150.342,1974.46,8474.594
9593.93,1955.555,10044.53,9744.95,2033.775,9925.046,9516.802,1982.074,8632.443,9369.093,2018.298,9877.387,9150.186,1974.46,8473.468
9595.083,1955.555,10044.64,9746.104,2033.775,9925.148,9517.711,1982.074,8633.16,9369.396,2018.298,9876.27,9150.064,1974.46,8472.316
9596.255,1955.555,10044.7,9747.272,2033.775,9925.252,9518.608,1982.074,8633.916,9369.741,2018.298,9875.147,9149.979,1974.46,8471.146
9597.441,1955.555,10044.77,9748.454,2033.775,9925.377,9519.491,1982.074,8634.711,9370.127,2018.298,9874.023,9149.933,1974.46,8469.959
9598.642,1955.555,10044.8,9749.652,2033.775,9925.465,9520.4,1982.074,8635.496,9370.554,2018.298,9872.9,9149.925,1974.46,8468.758
9599.783,1955.555,10044.79,9750.793,2033.775,9925.511,9521.316,1982.074,8636.178,9370.994,2018.298,9871.847,9149.954,1974.46,8467.616
9600.87,1955.555,10044.91,9751.886,2033.775,9925.55,9522.172,1982.074,8636.858,9371.449,2018.298,9870.853,9150.019,1974.46,8466.524
9601.715,1955.555,10044.98,9752.73,2033.775,9925.493,9522.817,1982.074,8637.407,9371.826,2018.298,9870.094,9150.096,1974.46,8465.681
9602.792,1955.555,10045.1,9753.813,2033.775,9925.455,9523.62,1982.074,8638.136,9372.341,2018.298,9869.14,9150.229,1974.46,8464.605
9604.184,1955.555,10045.28,9755.211,2033.775,9925.32,9524.644,1982.074,8639.096,9373.047,2018.298,9867.927,9150.449,1974.46,8463.219
9605.129,1955.555,10045.37,9756.158,2033.775,9925.261,9525.314,1982.074,8639.768,9373.551,2018.298,9867.122,9150.628,1974.46,8462.286
9605.603,1955.555,10045.4,9756.632,2033.775,9925.246,9525.639,1982.074,8640.114,9373.815,2018.298,9866.729,9150.732,1974.46,8461.823
9606.82,1955.555,10045.43,9757.85,2033.775,9925.249,9526.469,1982.074,8641.006,9374.528,2018.298,9865.741,9151.04,1974.46,8460.645
9607.71,1955.555,10045.43,9758.738,2033.775,9925.206,9527.072,1982.074,8641.66,9375.072,2018.298,9865.037,9151.293,1974.46,8459.791
9608.568,1955.555,10045.52,9759.602,2033.775,9925.192,9527.667,1982.074,8642.287,9375.623,2018.298,9864.371,9151.565,1974.46,8458.971
9609.398,1955.555,10045.59,9760.434,2033.775,9925.206,9528.254,1982.074,8642.877,9376.174,2018.298,9863.747,9151.854,1974.46,8458.189
9610.203,1955.555,10045.62,9761.238,2033.775,9925.246,9528.803,1982.074,8643.466,9376.727,2018.298,9863.161,9152.156,1974.46,8457.443
9610.986,1955.555,10045.63,9762.019,2033.775,9925.311,9529.355,1982.074,8644.021,9377.282,2018.298,9862.609,9152.475,1974.46,8456.728
9611.743,1955.555,10045.73,9762.777,2033.775,9925.398,9529.877,1982.074,8644.579,9377.842,2018.298,9862.089,9152.808,1974.46,8456.04
9612.473,1955.555,10045.81,9763.509,2033.775,9925.459,9530.319,1982.074,8645.164,9378.396,2018.298,9861.607,9153.149,1974.46,8455.391
9613.181,1955.555,10045.88,9764.221,2033.775,9925.444,9530.767,1982.074,8645.718,9378.947,2018.298,9861.158,9153.501,1974.46,8454.771
9613.869,1955.555,10045.92,9764.91,2033.775,9925.452,9531.158,1982.074,8646.285,9379.496,2018.298,9860.74,9153.861,1974.46,8454.184
9614.542,1955.555,10045.94,9765.582,2033.775,9925.404,9531.528,1982.074,8646.848,9380.045,2018.298,9860.35,9154.231,1974.46,8453.621
9615.198,1955.555,10045.94,9766.236,2033.775,9925.349,9531.906,1982.074,8647.384,9380.592,2018.298,9859.987,9154.61,1974.46,8453.085
9615.828,1955.555,10045.93,9766.864,2033.775,9925.295,9532.286,1982.074,8647.887,9381.128,2018.298,9859.656,9154.99,1974.46,8452.583
9616.43,1955.555,10045.97,9767.466,2033.775,9925.263,9532.665,1982.074,8648.355,9381.651,2018.298,9859.356,9155.369,1974.46,8452.114
9616.854,1955.555,10046.01,9767.893,2033.775,9925.254,9532.928,1982.074,8648.691,9382.028,2018.298,9859.156,9155.648,1974.46,8451.792
9617.551,1955.555,10046.06,9768.59,2033.775,9925.263,9533.375,1982.074,8649.226,9382.654,2018.298,9858.851,9156.121,1974.46,8451.28
9618.29,1955.555,10046.14,9769.333,2033.775,9925.296,9533.788,1982.074,8649.845,9383.333,2018.298,9858.546,9156.644,1974.46,8450.751
9618.798,1955.555,10046.19,9769.843,2033.775,9925.277,9534.079,1982.074,8650.263,9383.805,2018.298,9858.353,9157.014,1974.46,8450.4
9619.193,1955.555,10046.21,9770.238,2033.775,9925.276,9534.315,1982.074,8650.58,9384.176,2018.298,9858.215,9157.31,1974.46,8450.138
9619.7,1955.555,10046.22,9770.745,2033.775,9925.291,9534.612,1982.074,8650.991,9384.656,2018.298,9858.054,9157.699,1974.46,8449.813
9620.189,1955.555,10046.22,9771.233,2033.775,9925.321,9534.911,1982.074,8651.378,9385.125,2018.298,9857.913,9158.085,1974.46,8449.513
9620.662,1955.555,10046.24,9771.706,2033.775,9925.291,9535.17,1982.074,8651.773,9385.583,2018.298,9857.792,9158.468,1974.46,8449.234
9621.119,1955.555,10046.24,9772.162,2033.775,9925.257,9535.433,1982.074,8652.147,9386.028,2018.298,9857.689,9158.846,1974.46,8448.978
9621.559,1955.555,10046.23,9772.602,2033.775,9925.238,9535.697,1982.074,8652.499,9386.46,2018.298,9857.605,9159.218,1974.46,8448.742
9621.993,1955.555,10046.23,9773.036,2033.775,9925.234,9535.97,1982.074,8652.837,9386.889,2018.298,9857.536,9159.593,1974.46,8448.522
9622.419,1955.555,10046.25,9773.462,2033.775,9925.244,9536.228,1982.074,8653.176,9387.312,2018.298,9857.482,9159.968,1974.46,8448.319
9622.704,1955.555,10046.25,9773.747,2033.775,9925.26,9536.408,1982.074,8653.397,9387.596,2018.298,9857.455,9160.223,1974.46,8448.191
9623.175,1955.555,10046.24,9774.216,2033.775,9925.302,9536.717,1982.074,8653.753,9388.065,2018.298,9857.426,9160.65,1974.46,8447.994
9623.692,1955.555,10046.23,9774.733,2033.775,9925.302,9537.069,1982.074,8654.133,9388.583,2018.298,9857.411,9161.128,1974.46,8447.793
9623.992,1955.555,10046.19,9775.034,2033.775,9925.312,9537.281,1982.074,8654.347,9388.884,2018.298,9857.412,9161.409,1974.46,8447.685
9624.2,1955.555,10046.18,9775.242,2033.775,9925.325,9537.423,1982.074,8654.499,9389.093,2018.298,9857.417,9161.606,1974.46,8447.616
9624.837,1955.555,10046.16,9775.877,2033.775,9925.385,9537.85,1982.074,8654.973,9389.729,2018.298,9857.391,9162.215,1974.46,8447.427
9625.354,1955.555,10046.15,9776.391,2033.775,9925.45,9538.208,1982.074,8655.347,9390.247,2018.298,9857.386,9162.714,1974.46,8447.289
9625.916,1955.555,10046.15,9776.949,2033.775,9925.512,9538.584,1982.074,8655.765,9390.809,2018.298,9857.399,9163.26,1974.46,8447.158
9626.455,1955.555,10046.2,9777.487,2033.775,9925.57,9538.959,1982.074,8656.155,9391.35,2018.298,9857.395,9163.79,1974.46,8447.049
9626.976,1955.555,10046.23,9778.008,2033.775,9925.609,9539.308,1982.074,8656.543,9391.871,2018.298,9857.406,9164.305,1974.46,8446.96
9627.483,1955.555,10046.25,9778.515,2033.775,9925.647,9539.647,1982.074,8656.921,9392.379,2018.298,9857.418,9164.806,1974.46,8446.874
9627.979,1955.555,10046.28,9779.009,2033.775,9925.685,9539.979,1982.074,8657.289,9392.875,2018.298,9857.43,9165.294,1974.46,8446.79
9628.453,1955.555,10046.31,9779.483,2033.775,9925.721,9540.297,1982.074,8657.643,9393.351,2018.298,9857.44,9165.763,1974.46,8446.709
9628.76,1955.555,10046.33,9779.79,2033.775,9925.744,9540.503,1982.074,8657.871,9393.658,2018.298,9857.447,9166.065,1974.46,8446.657
9629.534,1955.555,10046.37,9780.563,2033.775,9925.803,9541.021,1982.074,8658.447,9394.434,2018.298,9857.466,9166.829,1974.46,8446.525
9629.856,1955.555,10046.39,9780.886,2033.775,9925.827,9541.237,1982.074,8658.688,9394.757,2018.298,9857.474,9167.147,1974.46,8446.471
9630.217,1955.555,10046.41,9781.246,2033.775,9925.854,9541.479,1982.074,8658.956,9395.118,2018.298,9857.482,9167.504,1974.46,8446.409
9630.634,1955.555,10046.44,9781.662,2033.775,9925.886,9541.758,1982.074,8659.267,9395.535,2018.298,9857.492,9167.915,1974.46,8446.339
9631.072,1955.555,10046.46,9782.1,2033.775,9925.919,9542.052,1982.074,8659.593,9395.975,2018.298,9857.503,9168.348,1974.46,8446.265
9631.407,1955.555,10046.48,9782.434,2033.775,9925.944,9542.276,1982.074,8659.842,9396.31,2018.298,9857.511,9168.678,1974.46,8446.208
9632.161,1955.555,10046.53,9783.187,2033.775,9926.001,9542.781,1982.074,8660.403,9397.064,2018.298,9857.528,9169.422,1974.46,8446.08
9632.782,1955.555,10046.56,9783.808,2033.775,9926.048,9543.197,1982.074,8660.866,9397.687,2018.298,9857.543,9170.035,1974.46,8445.975
9633.463,1955.555,10046.6,9784.487,2033.775,9926.099,9543.653,1982.074,8661.373,9398.368,2018.298,9857.559,9170.707,1974.46,8445.859
9634.194,1955.555,10046.64,9785.219,2033.775,9926.153,9544.144,1982.074,8661.918,9399.102,2018.298,9857.576,9171.43,1974.46,8445.735
9634.975,1955.555,10046.69,9785.998,2033.775,9926.212,9544.666,1982.074,8662.499,9399.883,2018.298,9857.595,9172.2,1974.46,8445.603
9635.803,1955.555,10046.74,9786.825,2033.775,9926.274,9545.221,1982.074,8663.116,9400.712,2018.298,9857.614,9173.018,1974.46,8445.462
9636.677,1955.555,10046.79,9787.698,2033.775,9926.34,9545.807,1982.074,8663.768,9401.588,2018.298,9857.635,9173.881,1974.46,8445.313
9637.601,1955.555,10046.84,9788.621,2033.775,9926.409,9546.426,1982.074,8664.456,9402.514,2018.298,9857.656,9174.793,1974.46,8445.156
9638.567,1955.555,10046.9,9789.587,2033.775,9926.482,9547.073,1982.074,8665.176,9403.482,2018.298,9857.679,9175.748,1974.46,8444.992
9639.576,1955.555,10046.95,9790.595,2033.775,9926.559,9547.749,1982.074,8665.927,9404.492,2018.298,9857.702,9176.744,1974.46,8444.821
9640.462,1955.555,10047,9791.479,2033.775,9926.625,9548.342,1982.074,8666.586,9405.379,2018.298,9857.723,9177.618,1974.46,8444.671
9641.406,1955.555,10047.06,9792.423,2033.775,9926.696,9548.975,1982.074,8667.289,9406.324,2018.298,9857.745,9178.55,1974.46,8444.511
9643.023,1955.555,10047.15,9794.038,2033.775,9926.818,9550.058,1982.074,8668.493,9407.943,2018.298,9857.783,9180.146,1974.46,8444.236
9644.341,1955.555,10047.23,9795.354,2033.775,9926.918,9550.94,1982.074,8669.475,9409.263,2018.298,9857.814,9181.446,1974.46,8444.013
9644.942,1955.555,10047.26,9795.956,2033.775,9926.963,9551.344,1982.074,8669.923,9409.865,2018.298,9857.828,9182.041,1974.46,8443.91
9646.357,1955.555,10047.35,9797.369,2033.775,9927.069,9552.292,1982.074,8670.977,9411.282,2018.298,9857.861,9183.438,1974.46,8443.67
9647.732,1955.555,10047.43,9798.742,2033.775,9927.173,9553.213,1982.074,8672.001,9412.659,2018.298,9857.894,9184.795,1974.46,8443.437
9649.046,1955.555,10047.5,9800.055,2033.775,9927.271,9554.093,1982.074,8672.979,9413.975,2018.298,9857.924,9186.092,1974.46,8443.214
9650.361,1955.555,10047.58,9801.368,2033.775,9927.37,9554.974,1982.074,8673.959,9415.292,2018.298,9857.955,9187.39,1974.46,8442.99
9651.65,1955.555,10047.65,9802.656,2033.775,9927.467,9555.837,1982.074,8674.919,9416.583,2018.298,9857.985,9188.662,1974.46,8442.771
9652.904,1955.555,10047.72,9803.909,2033.775,9927.562,9556.677,1982.074,8675.853,9417.839,2018.298,9858.015,9189.9,1974.46,8442.559
9654.112,1955.555,10047.79,9805.115,2033.775,9927.652,9557.485,1982.074,8676.752,9419.048,2018.298,9858.043,9191.093,1974.46,8442.354
9655.288,1955.555,10047.86,9806.29,2033.775,9927.741,9558.273,1982.074,8677.628,9420.226,2018.298,9858.07,9192.254,1974.46,8442.154
9656.43,1955.555,10047.93,9807.431,2033.775,9927.827,9559.038,1982.074,8678.479,9421.369,2018.298,9858.097,9193.381,1974.46,8441.96
9657.531,1955.555,10047.99,9808.531,2033.775,9927.91,9559.776,1982.074,8679.3,9422.473,2018.298,9858.122,9194.469,1974.46,8441.772
9658.597,1955.555,10048.05,9809.596,2033.775,9927.99,9560.49,1982.074,8680.093,9423.539,2018.298,9858.147,9195.521,1974.46,8441.592
9659.641,1955.555,10048.12,9810.638,2033.775,9928.068,9561.189,1982.074,8680.87,9424.584,2018.298,9858.172,9196.551,1974.46,8441.415
9660.644,1955.555,10048.17,9811.64,2033.775,9928.144,9561.861,1982.074,8681.617,9425.589,2018.298,9858.195,9197.541,1974.46,8441.245
9661.611,1955.555,10048.23,9812.606,2033.775,9928.217,9562.51,1982.074,8682.338,9426.558,2018.298,9858.218,9198.496,1974.46,8441.081
9662.555,1955.555,10048.28,9813.549,2033.775,9928.288,9563.142,1982.074,8683.04,9427.502,2018.298,9858.24,9199.428,1974.46,8440.921
9663.468,1955.555,10048.34,9814.461,2033.775,9928.356,9563.753,1982.074,8683.72,9428.416,2018.298,9858.262,9200.329,1974.46,8440.766
9664.35,1955.555,10048.39,9815.342,2033.775,9928.423,9564.344,1982.074,8684.377,9429.299,2018.298,9858.282,9201.2,1974.46,8440.616
9665.212,1955.555,10048.44,9816.203,2033.775,9928.487,9564.921,1982.074,8685.02,9430.162,2018.298,9858.303,9202.052,1974.46,8440.47
9666.038,1955.555,10048.48,9817.028,2033.775,9928.55,9565.475,1982.074,8685.635,9430.989,2018.298,9858.322,9202.867,1974.46,8440.329
9666.839,1955.555,10048.53,9817.828,2033.775,9928.61,9566.011,1982.074,8686.231,9431.791,2018.298,9858.341,9203.658,1974.46,8440.193
9667.619,1955.555,10048.58,9818.607,2033.775,9928.669,9566.533,1982.074,8686.813,9432.572,2018.298,9858.359,9204.429,1974.46,8440.061
9668.378,1955.555,10048.62,9819.366,2033.775,9928.726,9567.042,1982.074,8687.378,9433.333,2018.298,9858.377,9205.178,1974.46,8439.932
9669.113,1955.555,10048.66,9820.101,2033.775,9928.781,9567.534,1982.074,8687.926,9434.069,2018.298,9858.395,9205.903,1974.46,8439.807
9669.82,1955.555,10048.7,9820.807,2033.775,9928.834,9568.008,1982.074,8688.452,9434.777,2018.298,9858.411,9206.602,1974.46,8439.687
9670.504,1955.555,10048.74,9821.49,2033.775,9928.886,9568.466,1982.074,8688.962,9435.462,2018.298,9858.427,9207.276,1974.46,8439.57
9671.174,1955.555,10048.78,9822.159,2033.775,9928.937,9568.915,1982.074,8689.461,9436.133,2018.298,9858.442,9207.938,1974.46,8439.457
9671.819,1955.555,10048.82,9822.805,2033.775,9928.985,9569.348,1982.074,8689.942,9436.779,2018.298,9858.457,9208.575,1974.46,8439.348
9672.444,1955.555,10048.86,9823.429,2033.775,9929.032,9569.767,1982.074,8690.408,9437.405,2018.298,9858.472,9209.192,1974.46,8439.241
9673.005,1955.555,10048.89,9823.988,2033.775,9929.074,9570.143,1982.074,8690.826,9437.967,2018.298,9858.484,9209.746,1974.46,8439.146
9673.423,1955.555,10048.91,9824.405,2033.775,9929.105,9570.423,1982.074,8691.138,9438.385,2018.298,9858.494,9210.158,1974.46,8439.075
9674.251,1955.555,10048.96,9825.232,2033.775,9929.168,9570.978,1982.074,8691.755,9439.214,2018.298,9858.514,9210.976,1974.46,8438.935
9674.967,1955.555,10049,9825.947,2033.775,9929.222,9571.457,1982.074,8692.288,9439.931,2018.298,9858.53,9211.683,1974.46,8438.813
9675.231,1955.555,10049.02,9826.211,2033.775,9929.241,9571.634,1982.074,8692.485,9440.195,2018.298,9858.536,9211.943,1974.46,8438.768
9675.834,1955.555,10049.05,9826.813,2033.775,9929.286,9572.037,1982.074,8692.934,9440.799,2018.298,9858.55,9212.538,1974.46,8438.665
9676.432,1955.555,10049.09,9827.41,2033.775,9929.331,9572.438,1982.074,8693.379,9441.397,2018.298,9858.563,9213.129,1974.46,8438.563
9676.792,1955.555,10049.11,9827.77,2033.775,9929.358,9572.679,1982.074,8693.647,9441.758,2018.298,9858.572,9213.484,1974.46,8438.502
9677.108,1955.555,10049.11,9828.084,2033.775,9929.393,9572.882,1982.074,8693.89,9442.074,2018.298,9858.579,9213.798,1974.46,8438.459
9677.905,1955.555,10049.19,9828.878,2033.775,9929.498,9573.417,1982.074,8694.485,9442.874,2018.298,9858.622,9214.595,1974.46,8438.375
9678.229,1955.555,10049.21,9829.203,2033.775,9929.511,9573.627,1982.074,8694.734,9443.198,2018.298,9858.65,9214.919,1974.46,8438.352
9678.596,1955.555,10049.24,9829.569,2033.775,9929.537,9573.872,1982.074,8695.007,9443.563,2018.298,9858.693,9215.286,1974.46,8438.337
9679.012,1955.555,10049.25,9829.983,2033.775,9929.58,9574.14,1982.074,8695.325,9443.978,2018.298,9858.715,9215.702,1974.46,8438.334
9679.419,1955.555,10049.29,9830.39,2033.775,9929.636,9574.366,1982.074,8695.667,9444.388,2018.298,9858.715,9216.111,1974.46,8438.345
9679.807,1955.555,10049.32,9830.778,2033.775,9929.643,9574.592,1982.074,8695.983,9444.776,2018.298,9858.728,9216.5,1974.46,8438.367
9680.184,1955.555,10049.36,9831.157,2033.775,9929.661,9574.821,1982.074,8696.285,9445.154,2018.298,9858.752,9216.878,1974.46,8438.401
9680.55,1955.555,10049.38,9831.523,2033.775,9929.651,9575.053,1982.074,8696.569,9445.521,2018.298,9858.746,9217.241,1974.46,8438.446
9680.956,1955.555,10049.39,9831.93,2033.775,9929.654,9575.297,1982.074,8696.894,9445.927,2018.298,9858.753,9217.643,1974.46,8438.51
9681.366,1955.555,10049.38,9832.34,2033.775,9929.653,9575.54,1982.074,8697.224,9446.336,2018.298,9858.773,9218.045,1974.46,8438.587
9681.612,1955.555,10049.38,9832.586,2033.775,9929.66,9575.692,1982.074,8697.417,9446.582,2018.298,9858.777,9218.285,1974.46,8438.642
9681.906,1955.555,10049.39,9832.879,2033.775,9929.679,9575.874,1982.074,8697.648,9446.876,2018.298,9858.775,9218.569,1974.46,8438.716
9682.219,1955.555,10049.43,9833.192,2033.775,9929.709,9576.063,1982.074,8697.899,9447.19,2018.298,9858.784,9218.871,1974.46,8438.805
9682.499,1955.555,10049.45,9833.472,2033.775,9929.742,9576.24,1982.074,8698.118,9447.472,2018.298,9858.782,9219.138,1974.46,8438.894
9682.71,1955.555,10049.46,9833.684,2033.775,9929.74,9576.358,1982.074,8698.293,9447.683,2018.298,9858.788,9219.336,1974.46,8438.967
9683.125,1955.555,10049.46,9834.099,2033.775,9929.734,9576.603,1982.074,8698.63,9448.098,2018.298,9858.813,9219.721,1974.46,8439.123
9683.481,1955.555,10049.43,9834.456,2033.775,9929.741,9576.822,1982.074,8698.913,9448.454,2018.298,9858.843,9220.048,1974.46,8439.269
9683.689,1955.555,10049.42,9834.664,2033.775,9929.752,9576.955,1982.074,8699.073,9448.661,2018.298,9858.867,9220.235,1974.46,8439.359
9683.934,1955.555,10049.41,9834.908,2033.775,9929.772,9577.117,1982.074,8699.256,9448.905,2018.298,9858.874,9220.452,1974.46,8439.474
9684.23,1955.555,10049.41,9835.203,2033.775,9929.808,9577.316,1982.074,8699.476,9449.202,2018.298,9858.881,9220.71,1974.46,8439.62
9684.474,1955.555,10049.39,9835.444,2033.775,9929.844,9577.475,1982.074,8699.662,9449.446,2018.298,9858.895,9220.918,1974.46,8439.748
9684.692,1955.555,10049.38,9835.662,2033.775,9929.869,9577.589,1982.074,8699.849,9449.665,2018.298,9858.911,9221.101,1974.46,8439.868
9684.9,1955.555,10049.38,9835.87,2033.775,9929.864,9577.703,1982.074,8700.022,9449.872,2018.298,9858.934,9221.271,1974.46,8439.988
9685.28,1955.555,10049.34,9836.252,2033.775,9929.867,9577.924,1982.074,8700.334,9450.254,2018.298,9858.949,9221.575,1974.46,8440.219
9685.486,1955.555,10049.31,9836.46,2033.775,9929.876,9578.05,1982.074,8700.5,9450.462,2018.298,9858.965,9221.741,1974.46,8440.345
9685.692,1955.555,10049.28,9836.668,2033.775,9929.892,9578.181,1982.074,8700.662,9450.669,2018.298,9858.987,9221.902,1974.46,8440.477
9685.899,1955.555,10049.26,9836.875,2033.775,9929.913,9578.317,1982.074,8700.819,9450.875,2018.298,9859.017,9222.06,1974.46,8440.613
9686.131,1955.555,10049.24,9837.107,2033.775,9929.912,9578.461,1982.074,8701.002,9451.106,2018.298,9859.031,9222.229,1974.46,8440.771
9686.339,1955.555,10049.24,9837.315,2033.775,9929.918,9578.596,1982.074,8701.161,9451.314,2018.298,9859.048,9222.383,1974.46,8440.912
9686.547,1955.555,10049.23,9837.523,2033.775,9929.931,9578.713,1982.074,8701.334,9451.521,2018.298,9859.071,9222.531,1974.46,8441.058
9686.755,1955.555,10049.24,9837.73,2033.775,9929.95,9578.835,1982.074,8701.503,9451.728,2018.298,9859.102,9222.688,1974.46,8441.195
9686.99,1955.555,10049.26,9837.965,2033.775,9929.979,9578.979,1982.074,8701.689,9451.96,2018.298,9859.144,9222.858,1974.46,8441.357
9687.198,1955.555,10049.27,9838.171,2033.775,9930.013,9579.112,1982.074,8701.85,9452.166,2018.298,9859.175,9223.005,1974.46,8441.506
9687.406,1955.555,10049.27,9838.378,2033.775,9930.039,9579.25,1982.074,8702.006,9452.373,2018.298,9859.201,9223.166,1974.46,8441.638
9687.617,1955.555,10049.28,9838.589,2033.775,9930.035,9579.395,1982.074,8702.16,9452.582,2018.298,9859.235,9223.325,1974.46,8441.776
9687.825,1955.555,10049.28,9838.797,2033.775,9930.038,9579.532,1982.074,8702.316,9452.784,2018.298,9859.287,9223.478,1974.46,8441.918
9688.033,1955.555,10049.29,9839.005,2033.775,9930.048,9579.646,1982.074,8702.491,9452.987,2018.298,9859.332,9223.637,1974.46,8442.052
9688.241,1955.555,10049.28,9839.213,2033.775,9930.057,9579.765,1982.074,8702.662,9453.188,2018.298,9859.391,9223.792,1974.46,8442.19
9688.447,1955.555,10049.26,9839.421,2033.775,9930.072,9579.873,1982.074,8702.84,9453.39,2018.298,9859.442,9223.942,1974.46,8442.334
9688.654,1955.555,10049.24,9839.629,2033.775,9930.076,9579.987,1982.074,8703.014,9453.593,2018.298,9859.487,9224.099,1974.46,8442.472
9688.862,1955.555,10049.22,9839.837,2033.775,9930.087,9580.107,1982.074,8703.185,9453.798,2018.298,9859.525,9224.251,1974.46,8442.614
9689.07,1955.555,10049.21,9840.045,2033.775,9930.104,9580.232,1982.074,8703.351,9454.003,2018.298,9859.56,9224.398,1974.46,8442.762
9689.277,1955.555,10049.18,9840.252,2033.775,9930.129,9580.363,1982.074,8703.513,9454.21,2018.298,9859.587,9224.554,1974.46,8442.9
9689.485,1955.555,10049.16,9840.458,2033.775,9930.16,9580.499,1982.074,8703.671,9454.416,2018.298,9859.62,9224.704,1974.46,8443.045
9689.693,1955.555,10049.15,9840.666,2033.775,9930.175,9580.64,1982.074,8703.824,9454.621,2018.298,9859.659,9224.87,1974.46,8443.17
9689.901,1955.555,10049.15,9840.873,2033.775,9930.196,9580.775,1982.074,8703.982,9454.825,2018.298,9859.702,9225.032,1974.46,8443.301
9690.109,1955.555,10049.15,9841.079,2033.775,9930.225,9580.909,1982.074,8704.143,9455.026,2018.298,9859.757,9225.19,1974.46,8443.437
9690.317,1955.555,10049.16,9841.287,2033.775,9930.238,9581.048,1982.074,8704.298,9455.225,2018.298,9859.821,9225.344,1974.46,8443.578
9690.525,1955.555,10049.17,9841.494,2033.775,9930.259,9581.182,1982.074,8704.458,9455.424,2018.298,9859.884,9225.509,1974.46,8443.706
9690.733,1955.555,10049.17,9841.702,2033.775,9930.275,9581.32,1982.074,8704.613,9455.625,2018.298,9859.939,9225.669,1974.46,8443.839
9690.941,1955.555,10049.15,9841.909,2033.775,9930.299,9581.469,1982.074,8704.76,9455.825,2018.298,9859.999,9225.825,1974.46,8443.977
9691.149,1955.555,10049.14,9842.115,2033.775,9930.329,9581.615,1982.074,8704.908,9456.026,2018.298,9860.052,9225.977,1974.46,8444.119
9691.357,1955.555,10049.14,9842.323,2033.775,9930.325,9581.757,1982.074,8705.061,9456.229,2018.298,9860.098,9226.123,1974.46,8444.267
9691.563,1955.555,10049.11,9842.531,2033.775,9930.328,9581.909,1982.074,8705.202,9456.434,2018.298,9860.137,9226.265,1974.46,8444.419
9691.771,1955.555,10049.09,9842.739,2033.775,9930.337,9582.057,1982.074,8705.349,9456.634,2018.298,9860.193,9226.411,1974.46,8444.566
9691.978,1955.555,10049.06,9842.947,2033.775,9930.346,9582.204,1982.074,8705.495,9456.834,2018.298,9860.25,9226.558,1974.46,8444.714
9692.185,1955.555,10049.04,9843.155,2033.775,9930.354,9582.352,1982.074,8705.642,9457.034,2018.298,9860.307,9226.704,1974.46,8444.861
9692.392,1955.555,10049.02,9843.363,2033.775,9930.363,9582.499,1982.074,8705.788,9457.234,2018.298,9860.363,9226.851,1974.46,8445.009
9692.599,1955.555,10049,9843.571,2033.775,9930.372,9582.646,1982.074,8705.935,9457.435,2018.298,9860.42,9226.997,1974.46,8445.156
9692.806,1955.555,10048.97,9843.779,2033.775,9930.381,9582.794,1982.074,8706.081,9457.635,2018.298,9860.477,9227.144,1974.46,8445.304
9693.013,1955.555,10048.95,9843.987,2033.775,9930.39,9582.941,1982.074,8706.228,9457.835,2018.298,9860.533,9227.29,1974.46,8445.451
9693.22,1955.555,10048.93,9844.195,2033.775,9930.398,9583.089,1982.074,8706.374,9458.035,2018.298,9860.59,9227.437,1974.46,8445.599
9693.427,1955.555,10048.91,9844.403,2033.775,9930.414,9583.243,1982.074,8706.514,9458.237,2018.298,9860.64,9227.578,1974.46,8445.751
9693.635,1955.555,10048.9,9844.611,2033.775,9930.417,9583.393,1982.074,8706.658,9458.441,2018.298,9860.683,9227.725,1974.46,8445.898
9693.843,1955.555,10048.89,9844.819,2033.775,9930.427,9583.538,1982.074,8706.808,9458.646,2018.298,9860.719,9227.889,1974.46,8446.027
9694.051,1955.555,10048.88,9845.027,2033.775,9930.427,9583.678,1982.074,8706.962,9458.853,2018.298,9860.748,9228.048,1974.46,8446.161
9694.258,1955.555,10048.86,9845.235,2033.775,9930.434,9583.831,1982.074,8707.103,9459.058,2018.298,9860.784,9228.203,1974.46,8446.3
9694.465,1955.555,10048.84,9845.443,2033.775,9930.447,9583.98,1982.074,8707.248,9459.255,2018.298,9860.851,9228.354,1974.46,8446.444
9694.672,1955.555,10048.82,9845.651,2033.775,9930.461,9584.13,1982.074,8707.394,9459.452,2018.298,9860.917,9228.504,1974.46,8446.589
9694.879,1955.555,10048.8,9845.859,2033.775,9930.475,9584.279,1982.074,8707.539,9459.649,2018.298,9860.983,9228.654,1974.46,8446.733
9695.086,1955.555,10048.78,9846.067,2033.775,9930.488,9584.429,1982.074,8707.685,9459.847,2018.298,9861.05,9228.805,1974.46,8446.878
9695.293,1955.555,10048.76,9846.275,2033.775,9930.502,9584.578,1982.074,8707.83,9460.044,2018.298,9861.116,9228.955,1974.46,8447.022
9695.5,1955.555,10048.74,9846.483,2033.775,9930.516,9584.728,1982.074,8707.976,9460.241,2018.298,9861.183,9229.105,1974.46,8447.167
9695.707,1955.555,10048.73,9846.691,2033.775,9930.529,9584.877,1982.074,8708.121,9460.438,2018.298,9861.249,9229.256,1974.46,8447.312
9695.914,1955.555,10048.71,9846.899,2033.775,9930.543,9585.026,1982.074,8708.267,9460.636,2018.298,9861.315,9229.406,1974.46,8447.456
9696.121,1955.555,10048.69,9847.107,2033.775,9930.557,9585.176,1982.074,8708.412,9460.833,2018.298,9861.382,9229.557,1974.46,8447.601
9696.328,1955.555,10048.67,9847.315,2033.775,9930.57,9585.325,1982.074,8708.558,9461.03,2018.298,9861.448,9229.707,1974.46,8447.745
9696.535,1955.555,10048.65,9847.523,2033.775,9930.584,9585.475,1982.074,8708.703,9461.228,2018.298,9861.515,9229.857,1974.46,8447.89
9696.742,1955.555,10048.63,9847.731,2033.775,9930.598,9585.624,1982.074,8708.849,9461.425,2018.298,9861.581,9230.008,1974.46,8448.034
9696.949,1955.555,10048.61,9847.939,2033.775,9930.611,9585.773,1982.074,8708.994,9461.622,2018.298,9861.647,9230.158,1974.46,8448.179
9697.156,1955.555,10048.6,9848.147,2033.775,9930.625,9585.923,1982.074,8709.14,9461.819,2018.298,9861.714,9230.309,1974.46,8448.323
9697.363,1955.555,10048.58,9848.355,2033.775,9930.639,9586.072,1982.074,8709.285,9462.017,2018.298,9861.78,9230.459,1974.46,8448.468
9697.57,1955.555,10048.56,9848.563,2033.775,9930.652,9586.222,1982.074,8709.431,9462.214,2018.298,9861.847,9230.609,1974.46,8448.612
9697.777,1955.555,10048.54,9848.771,2033.775,9930.666,9586.371,1982.074,8709.576,9462.411,2018.298,9861.913,9230.76,1974.46,8448.757
9697.984,1955.555,10048.52,9848.979,2033.775,9930.68,9586.521,1982.074,8709.722,9462.608,2018.298,9861.979,9230.91,1974.46,8448.901
9698.191,1955.555,10048.5,9849.188,2033.775,9930.693,9586.67,1982.074,8709.867,9462.806,2018.298,9862.046,9231.061,1974.46,8449.046
9698.398,1955.555,10048.48,9849.396,2033.775,9930.707,9586.819,1982.074,8710.013,9463.003,2018.298,9862.112,9231.211,1974.46,8449.19
9698.605,1955.555,10048.47,9849.604,2033.775,9930.721,9586.969,1982.074,8710.158,9463.2,2018.298,9862.179,9231.361,1974.46,8449.335
9698.813,1955.555,10048.45,9849.812,2033.775,9930.734,9587.118,1982.074,8710.304,9463.397,2018.298,9862.245,9231.512,1974.46,8449.479
9699.02,1955.555,10048.43,9850.02,2033.775,9930.748,9587.268,1982.074,8710.449,9463.595,2018.298,9862.312,9231.662,1974.46,8449.624
9699.227,1955.555,10048.41,9850.228,2033.775,9930.762,9587.417,1982.074,8710.595,9463.792,2018.298,9862.378,9231.813,1974.46,8449.769
9699.434,1955.555,10048.39,9850.436,2033.775,9930.775,9587.566,1982.074,8710.74,9463.989,2018.298,9862.444,9231.963,1974.46,8449.913
9699.641,1955.555,10048.37,9850.644,2033.775,9930.789,9587.716,1982.074,8710.886,9464.187,2018.298,9862.511,9232.113,1974.46,8450.058
9699.848,1955.555,10048.35,9850.852,2033.775,9930.803,9587.865,1982.074,8711.031,9464.384,2018.298,9862.577,9232.264,1974.46,8450.202
9700.055,1955.555,10048.34,9851.06,2033.775,9930.816,9588.015,1982.074,8711.177,9464.581,2018.298,9862.644,9232.414,1974.46,8450.347
9700.262,1955.555,10048.32,9851.268,2033.775,9930.83,9588.164,1982.074,8711.322,9464.778,2018.298,9862.71,9232.564,1974.46,8450.491
9700.469,1955.555,10048.3,9851.476,2033.775,9930.844,9588.313,1982.074,8711.468,9464.976,2018.298,9862.776,9232.715,1974.46,8450.636
9700.676,1955.555,10048.28,9851.684,2033.775,9930.857,9588.463,1982.074,8711.613,9465.173,2018.298,9862.843,9232.865,1974.46,8450.78
9700.883,1955.555,10048.26,9851.892,2033.775,9930.871,9588.612,1982.074,8711.759,9465.37,2018.298,9862.909,9233.016,1974.46,8450.925
9701.09,1955.555,10048.24,9852.1,2033.775,9930.885,9588.762,1982.074,8711.904,9465.567,2018.298,9862.976,9233.166,1974.46,8451.069
9701.297,1955.555,10048.22,9852.308,2033.775,9930.898,9588.911,1982.074,8712.05,9465.765,2018.298,9863.042,9233.316,1974.46,8451.214
9701.504,1955.555,10048.21,9852.516,2033.775,9930.912,9589.061,1982.074,8712.195,9465.962,2018.298,9863.108,9233.467,1974.46,8451.358
9701.711,1955.555,10048.19,9852.724,2033.775,9930.926,9589.21,1982.074,8712.341,9466.159,2018.298,9863.175,9233.617,1974.46,8451.503
9701.918,1955.555,10048.17,9852.932,2033.775,9930.939,9589.359,1982.074,8712.486,9466.356,2018.298,9863.241,9233.768,1974.46,8451.647
9702.125,1955.555,10048.15,9853.14,2033.775,9930.953,9589.509,1982.074,8712.632,9466.554,2018.298,9863.308,9233.918,1974.46,8451.792
9702.332,1955.555,10048.13,9853.348,2033.775,9930.967,9589.658,1982.074,8712.777,9466.751,2018.298,9863.374,9234.068,1974.46,8451.937
9702.539,1955.555,10048.11,9853.556,2033.775,9930.98,9589.808,1982.074,8712.923,9466.948,2018.298,9863.44,9234.219,1974.46,8452.081
9702.746,1955.555,10048.09,9853.764,2033.775,9930.994,9589.957,1982.074,8713.068,9467.146,2018.298,9863.507,9234.369,1974.46,8452.226
9702.953,1955.555,10048.08,9853.972,2033.775,9931.008,9590.106,1982.074,8713.214,9467.343,2018.298,9863.573,9234.52,1974.46,8452.37
9703.16,1955.555,10048.06,9854.18,2033.775,9931.021,9590.256,1982.074,8713.359,9467.54,2018.298,9863.64,9234.67,1974.46,8452.515
9703.367,1955.555,10048.04,9854.388,2033.775,9931.035,9590.405,1982.074,8713.505,9467.737,2018.298,9863.706,9234.82,1974.46,8452.659
9703.574,1955.555,10048.02,9854.596,2033.775,9931.049,9590.555,1982.074,8713.65,9467.935,2018.298,9863.772,9234.971,1974.46,8452.804
9703.781,1955.555,10048,9854.804,2033.775,9931.063,9590.704,1982.074,8713.796,9468.132,2018.298,9863.839,9235.121,1974.46,8452.948
9703.988,1955.555,10047.98,9855.012,2033.775,9931.076,9590.854,1982.074,8713.941,9468.329,2018.298,9863.905,9235.271,1974.46,8453.093
9704.195,1955.555,10047.96,9855.22,2033.775,9931.09,9591.003,1982.074,8714.087,9468.526,2018.298,9863.972,9235.422,1974.46,8453.237
9704.402,1955.555,10047.95,9855.428,2033.775,9931.104,9591.152,1982.074,8714.232,9468.724,2018.298,9864.038,9235.572,1974.46,8453.382
9704.609,1955.555,10047.93,9855.636,2033.775,9931.117,9591.302,1982.074,8714.378,9468.921,2018.298,9864.104,9235.723,1974.46,8453.526
9704.817,1955.555,10047.92,9855.843,2033.775,9931.138,9591.446,1982.074,8714.528,9469.12,2018.298,9864.164,9235.887,1974.46,8453.655
9705.025,1955.555,10047.91,9856.051,2033.775,9931.142,9591.585,1982.074,8714.684,9469.321,2018.298,9864.218,9236.046,1974.46,8453.789
9705.233,1955.555,10047.9,9856.259,2033.775,9931.152,9591.719,1982.074,8714.843,9469.524,2018.298,9864.265,9236.201,1974.46,8453.929
9705.441,1955.555,10047.9,9856.467,2033.775,9931.17,9591.857,1982.074,8714.998,9469.729,2018.298,9864.305,9236.366,1974.46,8454.056
9705.649,1955.555,10047.9,9856.675,2033.775,9931.183,9591.991,1982.074,8715.157,9469.935,2018.298,9864.338,9236.526,1974.46,8454.188
9705.856,1955.555,10047.88,9856.882,2033.775,9931.202,9592.13,1982.074,8715.313,9470.133,2018.298,9864.401,9236.693,1974.46,8454.313
9706.064,1955.555,10047.86,9857.089,2033.775,9931.229,9592.264,1982.074,8715.472,9470.333,2018.298,9864.458,9236.86,1974.46,8454.438
9706.272,1955.555,10047.85,9857.295,2033.775,9931.262,9592.374,1982.074,8715.648,9470.535,2018.298,9864.508,9237.022,1974.46,8454.569
9706.48,1955.555,10047.84,9857.502,2033.775,9931.288,9592.49,1982.074,8715.821,9470.735,2018.298,9864.564,9237.181,1974.46,8454.705
9706.688,1955.555,10047.85,9857.71,2033.775,9931.294,9592.612,1982.074,8715.99,9470.934,2018.298,9864.63,9237.334,1974.46,8454.846
9706.896,1955.555,10047.84,9857.918,2033.775,9931.307,9592.727,1982.074,8716.164,9471.134,2018.298,9864.688,9237.491,1974.46,8454.982
9707.104,1955.555,10047.83,9858.126,2033.775,9931.308,9592.847,1982.074,8716.334,9471.335,2018.298,9864.741,9237.644,1974.46,8455.124
9707.312,1955.555,10047.8,9858.334,2033.775,9931.315,9592.973,1982.074,8716.5,9471.537,2018.298,9864.792,9237.792,1974.46,8455.271
9707.519,1955.555,10047.78,9858.542,2033.775,9931.33,9593.096,1982.074,8716.668,9471.741,2018.298,9864.836,9237.959,1974.46,8455.395
9707.727,1955.555,10047.76,9858.749,2033.775,9931.352,9593.224,1982.074,8716.832,9471.946,2018.298,9864.873,9238.122,1974.46,8455.524
9707.935,1955.555,10047.75,9858.957,2033.775,9931.353,9593.35,1982.074,8716.998,9472.146,2018.298,9864.932,9238.28,1974.46,8455.659
9708.143,1955.555,10047.75,9859.165,2033.775,9931.36,9593.464,1982.074,8717.172,9472.345,2018.298,9864.996,9238.435,1974.46,8455.8
9708.35,1955.555,10047.73,9859.373,2033.775,9931.375,9593.579,1982.074,8717.346,9472.545,2018.298,9865.055,9238.584,1974.46,8455.945
9708.696,1955.555,10047.71,9859.721,2033.775,9931.377,9593.78,1982.074,8717.629,9472.876,2018.298,9865.16,9238.838,1974.46,8456.183
9709.053,1955.555,10047.7,9860.077,2033.775,9931.386,9593.995,1982.074,8717.914,9473.214,2018.298,9865.275,9239.098,1974.46,8456.428
9709.329,1955.555,10047.7,9860.354,2033.775,9931.401,9594.156,1982.074,8718.139,9473.479,2018.298,9865.355,9239.298,1974.46,8456.618
9710.157,1955.555,10047.61,9861.186,2033.775,9931.4,9594.662,1982.074,8718.8,9474.282,2018.298,9865.572,9239.881,1974.46,8457.212
9710.61,1955.555,10047.58,9861.64,2033.775,9931.415,9594.905,1982.074,8719.184,9474.725,2018.298,9865.676,9240.188,1974.46,8457.546
9710.852,1955.555,10047.57,9861.881,2033.775,9931.422,9595.041,1982.074,8719.383,9474.961,2018.298,9865.724,9240.357,1974.46,8457.719
9711.719,1955.555,10047.55,9862.747,2033.775,9931.474,9595.553,1982.074,8720.083,9475.816,2018.298,9865.869,9241.036,1974.46,8458.259
9712.16,1955.555,10047.55,9863.187,2033.775,9931.515,9595.825,1982.074,8720.431,9476.254,2018.298,9865.929,9241.375,1974.46,8458.541
9713.171,1955.555,10047.58,9864.189,2033.775,9931.642,9596.474,1982.074,8721.206,9477.264,2018.298,9865.975,9242.13,1974.46,8459.213
9713.946,1955.555,10047.64,9864.957,2033.775,9931.764,9596.991,1982.074,8721.785,9478.038,2018.298,9866.035,9242.693,1974.46,8459.748
9714.902,1955.555,10047.68,9865.896,2033.775,9931.945,9597.728,1982.074,8722.396,9478.989,2018.298,9866.141,9243.446,1974.46,8460.338
9715.559,1955.555,10047.79,9866.555,2033.775,9932.05,9598.226,1982.074,8722.839,9479.648,2018.298,9866.236,9243.957,1974.46,8460.766
9716.64,1955.555,10047.94,9867.644,2033.775,9932.124,9599.06,1982.074,8723.543,9480.723,2018.298,9866.428,9244.776,1974.46,8461.487
9717.613,1955.555,10048.12,9868.629,2033.775,9932.224,9599.795,1982.074,8724.206,9481.703,2018.298,9866.569,9245.498,1974.46,8462.166
9718.292,1955.555,10048.22,9869.309,2033.775,9932.315,9600.289,1982.074,8724.682,9482.387,2018.298,9866.629,9246.046,1974.46,8462.578
9719.971,1955.555,10048.42,9870.994,2033.775,9932.442,9601.468,1982.074,8725.894,9484.064,2018.298,9866.831,9247.362,1974.46,8463.638
9720.803,1955.555,10048.49,9871.829,2033.775,9932.445,9602.03,1982.074,8726.511,9484.89,2018.298,9866.958,9247.995,1974.46,8464.182
9721.929,1955.555,10048.71,9872.977,2033.775,9932.487,9602.841,1982.074,8727.325,9486.034,2018.298,9867.056,9248.913,1974.46,8464.872
9723.095,1955.555,10048.91,9874.156,2033.775,9932.569,9603.729,1982.074,8728.105,9487.209,2018.298,9867.194,9249.858,1974.46,8465.583
9724.304,1955.555,10049.07,9875.376,2033.775,9932.569,9604.639,1982.074,8728.919,9488.417,2018.298,9867.363,9250.809,1974.46,8466.348
9725.514,1955.555,10049.2,9876.592,2033.775,9932.609,9605.521,1982.074,8729.756,9489.615,2018.298,9867.571,9251.73,1974.46,8467.141
9726.693,1955.555,10049.28,9877.771,2033.775,9932.687,9606.353,1982.074,8730.597,9490.773,2018.298,9867.812,9252.602,1974.46,8467.94
9727.817,1955.555,10049.48,9878.914,2033.775,9932.701,9607.151,1982.074,8731.413,9491.872,2018.298,9868.126,9253.417,1974.46,8468.74
9728.917,1955.555,10049.64,9880.024,2033.775,9932.752,9607.902,1982.074,8732.232,9492.95,2018.298,9868.396,9254.185,1974.46,8469.544
9729.98,1955.555,10049.76,9881.092,2033.775,9932.836,9608.6,1982.074,8733.045,9493.996,2018.298,9868.623,9254.915,1974.46,8470.326
9730.787,1955.555,10049.86,9881.905,2033.775,9932.847,9609.201,1982.074,8733.593,9494.797,2018.298,9868.769,9255.456,1974.46,8470.934
9732.014,1955.555,10049.98,9883.136,2033.775,9932.904,9610.147,1982.074,8734.382,9496.009,2018.298,9868.99,9256.279,1974.46,8471.85
9732.989,1955.555,10050.04,9884.11,2033.775,9932.981,9610.877,1982.074,8735.032,9496.976,2018.298,9869.135,9256.945,1974.46,8472.565
9733.627,1955.555,10050.14,9884.753,2033.775,9933.054,9611.359,1982.074,8735.463,9497.615,2018.298,9869.226,9257.37,1974.46,8473.053
9734.821,1955.555,10050.37,9885.957,2033.775,9933.229,9612.24,1982.074,8736.302,9498.813,2018.298,9869.436,9258.051,1974.46,8474.062
9735.421,1955.555,10050.47,9886.556,2033.775,9933.328,9612.666,1982.074,8736.734,9499.417,2018.298,9869.503,9258.381,1974.46,8474.57
9736.642,1955.555,10050.63,9887.763,2033.775,9933.568,9613.5,1982.074,8737.64,9500.647,2018.298,9869.525,9259.084,1974.46,8475.58
9737.271,1955.555,10050.69,9888.386,2033.775,9933.671,9613.985,1982.074,8738.045,9501.278,2018.298,9869.558,9259.444,1974.46,8476.099
9738.265,1955.555,10050.75,9889.38,2033.775,9933.729,9614.729,1982.074,8738.708,9502.273,2018.298,9869.582,9260.039,1974.46,8476.897
9739.075,1955.555,10050.77,9890.188,2033.775,9933.804,9615.327,1982.074,8739.256,9503.083,2018.298,9869.628,9260.545,1974.46,8477.532
9740.169,1955.555,10050.84,9891.275,2033.775,9933.939,9616.11,1982.074,8740.022,9504.177,2018.298,9869.702,9261.17,1974.46,8478.433
9741.054,1955.555,10050.89,9892.151,2033.775,9934.077,9616.724,1982.074,8740.663,9505.063,2018.298,9869.723,9261.691,1974.46,8479.149
9742.272,1955.555,10050.93,9893.353,2033.775,9934.287,9617.537,1982.074,8741.57,9506.279,2018.298,9869.791,9262.44,1974.46,8480.111
9743.243,1955.555,10050.99,9894.305,2033.775,9934.486,9618.199,1982.074,8742.282,9507.248,2018.298,9869.872,9263.06,1974.46,8480.861
9745.414,1955.555,10051.06,9896.438,2033.775,9934.896,9619.767,1982.074,8743.785,9509.405,2018.298,9870.123,9264.396,1974.46,8482.573
9745.716,1955.555,10051.06,9896.732,2033.775,9934.963,9619.997,1982.074,8743.981,9509.704,2018.298,9870.168,9264.589,1974.46,8482.806
9746.945,1955.555,10051.11,9897.94,2033.775,9935.195,9620.907,1982.074,8744.81,9510.934,2018.298,9870.205,9265.308,1974.46,8483.805
9748.457,1955.555,10051.19,9899.422,2033.775,9935.508,9621.993,1982.074,8745.864,9512.444,2018.298,9870.301,9266.231,1974.46,8485.004
9749.034,1955.555,10051.24,9899.966,2033.775,9935.707,9622.396,1982.074,8746.281,9513.021,2018.298,9870.356,9266.564,1974.46,8485.479
9750.721,1955.555,10051.32,9901.569,2033.775,9936.236,9623.527,1982.074,8747.534,9514.696,2018.298,9870.573,9267.579,1974.46,8486.828
9752.142,1955.555,10051.32,9902.933,2033.775,9936.638,9624.445,1982.074,8748.619,9516.114,2018.298,9870.675,9268.414,1974.46,8487.979
9753.938,1955.555,10051.36,9904.673,2033.775,9937.088,9625.701,1982.074,8749.904,9517.901,2018.298,9870.862,9269.517,1974.46,8489.397
9754.871,1955.555,10051.42,9905.55,2033.775,9937.41,9626.332,1982.074,8750.594,9518.835,2018.298,9870.896,9270.113,1974.46,8490.116
9756.841,1955.555,10051.47,9907.421,2033.775,9938.028,9627.614,1982.074,8752.09,9520.801,2018.298,9871.029,9271.248,1974.46,8491.727
9758.064,1955.555,10051.42,9908.596,2033.775,9938.374,9628.429,1982.074,8753.004,9522.019,2018.298,9871.152,9271.959,1974.46,8492.724
9759.45,1955.555,10051.4,9909.938,2033.775,9938.722,9629.375,1982.074,8754.017,9523.4,2018.298,9871.26,9272.709,1974.46,8493.89
9760.589,1955.555,10051.33,9911.029,2033.775,9939.053,9630.126,1982.074,8754.875,9524.534,2018.298,9871.385,9273.357,1974.46,8494.828
9762.388,1955.555,10051.28,9912.717,2033.775,9939.677,9631.266,1982.074,8756.268,9526.321,2018.298,9871.593,9274.429,1974.46,8496.274
9763.613,1955.555,10051.28,9913.879,2033.775,9940.063,9632.072,1982.074,8757.189,9527.533,2018.298,9871.774,9275.137,1974.46,8497.274
9765.564,1955.555,10051.35,9915.75,2033.775,9940.619,9633.309,1982.074,8758.7,9529.453,2018.298,9872.126,9276.317,1974.46,8498.829
9767.183,1955.555,10051.23,9917.319,2033.775,9941.029,9634.294,1982.074,8759.988,9531.063,2018.298,9872.321,9277.34,1974.46,8500.088
9768.298,1955.555,10051.19,9918.407,2033.775,9941.276,9635.001,1982.074,8760.852,9532.166,2018.298,9872.492,9278.071,1974.46,8500.931
9770.453,1955.555,10051.18,9920.487,2033.775,9941.84,9636.532,1982.074,8762.367,9534.283,2018.298,9872.892,9279.536,1974.46,8502.511
9771.524,1955.555,10051.21,9921.509,2033.775,9942.164,9637.32,1982.074,8763.094,9535.344,2018.298,9873.05,9280.296,1974.46,8503.267
9773.551,1955.555,10051.1,9923.462,2033.775,9942.715,9638.827,1982.074,8764.453,9537.341,2018.298,9873.414,9281.74,1974.46,8504.692
9775.022,1955.555,10051.06,9924.891,2033.775,9943.068,9639.887,1982.074,8765.475,9538.779,2018.298,9873.726,9282.754,1974.46,8505.761
9776.434,1955.555,10051.07,9926.257,2033.775,9943.421,9640.894,1982.074,8766.464,9540.158,2018.298,9874.024,9283.843,1974.46,8506.659
9777.624,1955.555,10051.12,9927.419,2033.775,9943.681,9641.716,1982.074,8767.326,9541.33,2018.298,9874.238,9284.77,1974.46,8507.407
9779.677,1955.555,10051.28,9929.412,2033.775,9944.194,9643.087,1982.074,8768.861,9543.384,2018.298,9874.376,9286.329,1974.46,8508.751
9780.116,1955.555,10051.31,9929.842,2033.775,9944.29,9643.373,1982.074,8769.196,9543.822,2018.298,9874.42,9286.653,1974.46,8509.05
9782.071,1955.555,10051.29,9931.771,2033.775,9944.61,9644.594,1982.074,8770.724,9545.762,2018.298,9874.671,9288.048,1974.46,8510.42
9782.98,1955.555,10051.32,9932.676,2033.775,9944.691,9645.169,1982.074,8771.428,9546.668,2018.298,9874.741,9288.699,1974.46,8511.054
9784.161,1955.555,10051.38,9933.85,2033.775,9944.836,9645.974,1982.074,8772.294,9547.844,2018.298,9874.871,9289.623,1974.46,8511.792
9784.943,1955.555,10051.45,9934.626,2033.775,9944.957,9646.489,1982.074,8772.887,9548.621,2018.298,9874.982,9290.221,1974.46,8512.302
9786.419,1955.555,10051.54,9936.101,2033.775,9945.059,9647.423,1982.074,8774.033,9550.076,2018.298,9875.24,9291.337,1974.46,8513.271
9787.493,1955.555,10051.64,9937.174,2033.775,9945.168,9648.076,1982.074,8774.892,9551.138,2018.298,9875.432,9292.128,1974.46,8514.004
9788.169,1955.555,10051.67,9937.845,2033.775,9945.259,9648.504,1982.074,8775.416,9551.8,2018.298,9875.573,9292.609,1974.46,8514.479
9789.55,1955.555,10051.8,9939.226,2033.775,9945.379,9649.344,1982.074,8776.52,9553.145,2018.298,9875.908,9293.563,1974.46,8515.486
9790.479,1955.555,10052.03,9940.176,2033.775,9945.493,9649.948,1982.074,8777.262,9554.063,2018.298,9876.18,9294.202,1974.46,8516.198
9791.28,1955.555,10052.2,9940.986,2033.775,9945.618,9650.524,1982.074,8777.845,9554.838,2018.298,9876.444,9294.73,1974.46,8516.825
9792.335,1955.555,10052.4,9942.045,2033.775,9945.791,9651.253,1982.074,8778.632,9555.863,2018.298,9876.758,9295.447,1974.46,8517.623
9793.215,1955.555,10052.53,9942.918,2033.775,9945.963,9651.836,1982.074,8779.305,9556.723,2018.298,9876.989,9296.104,1974.46,8518.225
9794.075,1955.555,10052.63,9943.762,2033.775,9946.158,9652.429,1982.074,8779.937,9557.565,2018.298,9877.188,9296.722,1974.46,8518.831
9794.916,1955.555,10052.7,9944.577,2033.775,9946.375,9653.031,1982.074,8780.527,9558.353,2018.298,9877.492,9297.305,1974.46,8519.441
9795.465,1955.555,10052.68,9945.104,2033.775,9946.529,9653.41,1982.074,8780.925,9558.871,2018.298,9877.674,9297.671,1974.46,8519.851
9796.489,1955.555,10052.66,9946.097,2033.775,9946.785,9654.093,1982.074,8781.688,9559.849,2018.298,9877.98,9298.465,1974.46,8520.498
9797.28,1955.555,10052.68,9946.868,2033.775,9946.957,9654.601,1982.074,8782.295,9560.61,2018.298,9878.192,9299.062,1974.46,8521.018
9798.02,1955.555,10052.72,9947.607,2033.775,9947.006,9655.134,1982.074,8782.809,9561.3,2018.298,9878.462,9299.604,1974.46,8521.522
9798.576,1955.555,10052.72,9948.161,2033.775,9947.061,9655.534,1982.074,8783.195,9561.822,2018.298,9878.653,9299.999,1974.46,8521.915
9799.7,1955.555,10052.76,9949.281,2033.775,9947.161,9656.317,1982.074,8784.003,9562.891,2018.298,9879.006,9300.825,1974.46,8522.679
9800.342,1955.555,10052.8,9949.92,2033.775,9947.239,9656.75,1982.074,8784.479,9563.486,2018.298,9879.249,9301.283,1974.46,8523.131
9800.562,1955.555,10052.79,9950.138,2033.775,9947.273,9656.893,1982.074,8784.647,9563.693,2018.298,9879.325,9301.435,1974.46,8523.291
9801.383,1955.555,10052.75,9950.945,2033.775,9947.427,9657.404,1982.074,8785.291,9564.473,2018.298,9879.585,9301.98,1974.46,8523.905
9801.992,1955.555,10052.74,9951.551,2033.775,9947.498,9657.831,1982.074,8785.726,9565.045,2018.298,9879.794,9302.44,1974.46,8524.305
9802.37,1955.555,10052.74,9951.925,2033.775,9947.555,9658.091,1982.074,8786,9565.404,2018.298,9879.912,9302.718,1974.46,8524.562
9803.163,1955.555,10052.77,9952.705,2033.775,9947.699,9658.638,1982.074,8786.575,9566.166,2018.298,9880.135,9303.324,1974.46,8525.073
9803.712,1955.555,10052.81,9953.245,2033.775,9947.803,9659.003,1982.074,8786.986,9566.674,2018.298,9880.346,9303.732,1974.46,8525.441
9804.19,1955.555,10052.79,9953.72,2033.775,9947.865,9659.31,1982.074,8787.354,9567.121,2018.298,9880.515,9304.077,1974.46,8525.773
9804.783,1955.555,10052.79,9954.305,2033.775,9947.962,9659.674,1982.074,8787.822,9567.682,2018.298,9880.706,9304.49,1974.46,8526.198
9805.229,1955.555,10052.77,9954.741,2033.775,9948.049,9659.959,1982.074,8788.164,9568.107,2018.298,9880.836,9304.833,1974.46,8526.482
9805.777,1955.555,10052.77,9955.278,2033.775,9948.166,9660.297,1982.074,8788.598,9568.638,2018.298,9880.979,9305.244,1974.46,8526.847
9806.307,1955.555,10052.79,9955.792,2033.775,9948.296,9660.636,1982.074,8789.005,9569.134,2018.298,9881.164,9305.629,1974.46,8527.211
9806.764,1955.555,10052.82,9956.232,2033.775,9948.422,9660.917,1982.074,8789.366,9569.567,2018.298,9881.311,9305.951,1974.46,8527.536
9807.086,1955.555,10052.85,9956.546,2033.775,9948.501,9661.077,1982.074,8789.647,9569.867,2018.298,9881.433,9306.171,1974.46,8527.773
9807.584,1955.555,10052.84,9957.024,2033.775,9948.639,9661.338,1982.074,8790.072,9570.335,2018.298,9881.604,9306.498,1974.46,8528.149
9807.944,1955.555,10052.83,9957.374,2033.775,9948.727,9661.532,1982.074,8790.375,9570.677,2018.298,9881.718,9306.743,1974.46,8528.413
9808.417,1955.555,10052.83,9957.845,2033.775,9948.765,9661.801,1982.074,8790.764,9571.13,2018.298,9881.852,9307.07,1974.46,8528.755
9808.767,1955.555,10052.84,9958.192,2033.775,9948.805,9662.009,1982.074,8791.045,9571.466,2018.298,9881.947,9307.316,1974.46,8529.003
9809.33,1955.555,10052.88,9958.751,2033.775,9948.888,9662.286,1982.074,8791.537,9572.014,2018.298,9882.085,9307.701,1974.46,8529.417
9809.538,1955.555,10052.88,9958.956,2033.775,9948.925,9662.395,1982.074,8791.715,9572.217,2018.298,9882.129,9307.839,1974.46,8529.573
9809.998,1955.555,10052.89,9959.405,2033.775,9949.021,9662.646,1982.074,8792.1,9572.662,2018.298,9882.241,9308.132,1974.46,8529.927
9810.233,1955.555,10052.89,9959.64,2033.775,9949.045,9662.78,1982.074,8792.292,9572.89,2018.298,9882.303,9308.288,1974.46,8530.103
9810.686,1955.555,10052.88,9960.088,2033.775,9949.104,9663.005,1982.074,8792.684,9573.309,2018.298,9882.473,9308.617,1974.46,8530.412
9811.016,1955.555,10052.88,9960.416,2033.775,9949.135,9663.179,1982.074,8792.964,9573.618,2018.298,9882.587,9308.85,1974.46,8530.646
9811.224,1955.555,10052.88,9960.623,2033.775,9949.161,9663.286,1982.074,8793.143,9573.816,2018.298,9882.652,9308.992,1974.46,8530.798
9811.641,1955.555,10052.91,9961.035,2033.775,9949.228,9663.514,1982.074,8793.493,9574.211,2018.298,9882.79,9309.268,1974.46,8531.112
9811.928,1955.555,10052.9,9961.317,2033.775,9949.282,9663.678,1982.074,8793.729,9574.485,2018.298,9882.876,9309.449,1974.46,8531.334
9812.288,1955.555,10052.89,9961.668,2033.775,9949.362,9663.894,1982.074,8794.018,9574.829,2018.298,9882.984,9309.687,1974.46,8531.605
9812.567,1955.555,10052.87,9961.938,2033.775,9949.434,9664.039,1982.074,8794.256,9575.099,2018.298,9883.06,9309.876,1974.46,8531.811
9813.08,1955.555,10052.85,9962.433,2033.775,9949.572,9664.321,1982.074,8794.685,9575.598,2018.298,9883.182,9310.261,1974.46,8532.151
9813.583,1955.555,10052.85,9962.909,2033.775,9949.733,9664.611,1982.074,8795.096,9576.085,2018.298,9883.304,9310.626,1974.46,8532.497
9813.953,1955.555,10052.83,9963.264,2033.775,9949.841,9664.81,1982.074,8795.409,9576.433,2018.298,9883.432,9310.899,1974.46,8532.747
9814.754,1955.555,10052.83,9964.019,2033.775,9950.107,9665.261,1982.074,8796.071,9577.192,2018.298,9883.684,9311.473,1974.46,8533.306
9815.196,1955.555,10052.84,9964.44,2033.775,9950.241,9665.521,1982.074,8796.429,9577.617,2018.298,9883.81,9311.787,1974.46,8533.617
9816.141,1955.555,10052.79,9965.331,2033.775,9950.559,9666.104,1982.074,8797.174,9578.532,2018.298,9884.048,9312.437,1974.46,8534.305
9816.911,1955.555,10052.77,9966.064,2033.775,9950.793,9666.558,1982.074,8797.796,9579.283,2018.298,9884.218,9313.033,1974.46,8534.791
9817.43,1955.555,10052.77,9966.563,2033.775,9950.935,9666.877,1982.074,8798.205,9579.785,2018.298,9884.349,9313.425,1974.46,8535.132
9818.604,1955.555,10052.82,9967.704,2033.775,9951.218,9667.572,1982.074,8799.152,9580.932,2018.298,9884.607,9314.285,1974.46,8535.933
9819.175,1955.555,10052.82,9968.27,2033.775,9951.296,9667.925,1982.074,8799.602,9581.484,2018.298,9884.751,9314.69,1974.46,8536.335
9820.792,1955.555,10052.85,9969.864,2033.775,9951.57,9669.021,1982.074,8800.791,9583.044,2018.298,9885.183,9315.8,1974.46,8537.513
9821.316,1955.555,10052.85,9970.378,2033.775,9951.676,9669.407,1982.074,8801.146,9583.549,2018.298,9885.323,9316.2,1974.46,8537.851
9822.525,1955.555,10052.88,9971.554,2033.775,9951.958,9670.272,1982.074,8801.991,9584.724,2018.298,9885.61,9317.099,1974.46,8538.66
9823.371,1955.555,10052.93,9972.386,2033.775,9952.122,9670.859,1982.074,8802.604,9585.539,2018.298,9885.841,9317.709,1974.46,8539.248
9824.733,1955.555,10052.95,9973.714,2033.775,9952.429,9671.77,1982.074,8803.618,9586.862,2018.298,9886.168,9318.659,1974.46,8540.225
9825.639,1955.555,10052.94,9974.589,2033.775,9952.661,9672.352,1982.074,8804.312,9587.748,2018.298,9886.356,9319.341,1974.46,8540.82
9827.397,1955.555,10052.99,9976.273,2033.775,9953.169,9673.438,1982.074,8805.695,9589.456,2018.298,9886.778,9320.627,1974.46,8542.021
9827.884,1955.555,10053,9976.744,2033.775,9953.294,9673.727,1982.074,8806.088,9589.918,2018.298,9886.932,9320.972,1974.46,8542.364
9829.605,1955.555,10053.11,9978.396,2033.775,9953.792,9674.642,1982.074,8807.55,9591.572,2018.298,9887.422,9322.153,1974.46,8543.621
9830.877,1955.555,10053.23,9979.63,2033.775,9954.12,9675.354,1982.074,8808.609,9592.756,2018.298,9887.902,9322.997,1974.46,8544.579
9832.336,1955.555,10053.42,9981.038,2033.775,9954.544,9676.215,1982.074,8809.802,9594.136,2018.298,9888.41,9323.99,1974.46,8545.664
9833.356,1955.555,10053.65,9982.042,2033.775,9954.842,9676.832,1982.074,8810.648,9595.13,2018.298,9888.739,9324.783,1974.46,8546.349
9834.914,1955.555,10054.12,9983.521,2033.775,9955.515,9677.589,1982.074,8812.086,9596.646,2018.298,9889.322,9325.978,1974.46,8547.45
9836.284,1955.555,10054.47,9984.803,2033.775,9956.114,9678.289,1982.074,8813.316,9597.984,2018.298,9889.787,9327.016,1974.46,8548.413
9837.639,1955.555,10054.78,9986.057,2033.775,9956.711,9679.015,1982.074,8814.5,9599.292,2018.298,9890.256,9328.002,1974.46,8549.391
9838.493,1955.555,10054.94,9986.854,2033.775,9957.059,9679.493,1982.074,8815.227,9600.099,2018.298,9890.581,9328.6,1974.46,8550.022
9840.257,1955.555,10055.22,9988.513,2033.775,9957.719,9680.374,1982.074,8816.78,9601.775,2018.298,9891.194,9329.794,1974.46,8551.351
9841.506,1955.555,10055.45,9989.707,2033.775,9958.149,9681.036,1982.074,8817.863,9602.947,2018.298,9891.683,9330.752,1974.46,8552.183
9842.715,1955.555,10055.63,9990.863,2033.775,9958.544,9681.67,1982.074,8818.908,9604.09,2018.298,9892.116,9331.648,1974.46,8553.014
9843.878,1955.555,10055.88,9992,2033.775,9958.891,9682.319,1982.074,8819.903,9605.214,2018.298,9892.501,9332.56,1974.46,8553.776
9844.654,1955.555,10056.01,9992.727,2033.775,9959.195,9682.771,1982.074,8820.549,9605.96,2018.298,9892.756,9333.147,1974.46,8554.302
9846.208,1955.555,10056.42,9994.169,2033.775,9959.898,9683.734,1982.074,8821.833,9607.495,2018.298,9893.224,9334.309,1974.46,8555.41
9846.967,1955.555,10056.61,9994.88,2033.775,9960.228,9684.184,1982.074,8822.475,9608.251,2018.298,9893.428,9334.902,1974.46,8555.921
9848.158,1955.555,10056.87,9996.001,2033.775,9960.709,9684.824,1982.074,8823.513,9609.438,2018.298,9893.706,9335.801,1974.46,8556.746
9849.021,1955.555,10057.12,9996.836,2033.775,9961.036,9685.32,1982.074,8824.26,9610.307,2018.298,9893.931,9336.471,1974.46,8557.343
9850.44,1955.555,10057.48,9998.216,2033.775,9961.524,9686.01,1982.074,8825.551,9611.71,2018.298,9894.346,9337.532,1974.46,8558.351
9850.745,1955.555,10057.54,9998.513,2033.775,9961.619,9686.156,1982.074,8825.825,9612.012,2018.298,9894.424,9337.751,1974.46,8558.572
9851.923,1955.555,10057.76,9999.639,2033.775,9962.027,9686.735,1982.074,8826.873,9613.125,2018.298,9894.863,9338.603,1974.46,8559.413
9852.808,1955.555,10057.89,10000.49,2033.775,9962.305,9687.143,1982.074,8827.67,9613.968,2018.298,9895.164,9339.219,1974.46,8560.063
9853.361,1955.555,10057.96,10001.01,2033.775,9962.492,9687.412,1982.074,8828.158,9614.499,2018.298,9895.334,9339.62,1974.46,8560.449
9854.503,1955.555,10058.13,10002.11,2033.775,9962.845,9688.004,1982.074,8829.149,9615.594,2018.298,9895.701,9340.464,1974.46,8561.237
9855.017,1955.555,10058.23,10002.62,2033.775,9962.988,9688.286,1982.074,8829.589,9616.09,2018.298,9895.866,9340.834,1974.46,8561.606
9856.082,1955.555,10058.39,10003.68,2033.775,9963.178,9688.898,1982.074,8830.477,9617.124,2018.298,9896.174,9341.572,1974.46,8562.393
9856.825,1955.555,10058.49,10004.41,2033.775,9963.334,9689.344,1982.074,8831.079,9617.822,2018.298,9896.443,9342.066,1974.46,8562.955
9857.449,1955.555,10058.58,10005.02,2033.775,9963.485,9689.644,1982.074,8831.635,9618.411,2018.298,9896.672,9342.468,1974.46,8563.443
9858.253,1955.555,10058.83,10005.83,2033.775,9963.714,9690.067,1982.074,8832.362,9619.182,2018.298,9897.011,9342.936,1974.46,8564.143
9858.847,1955.555,10059,10006.44,2033.775,9963.831,9690.395,1982.074,8832.884,9619.753,2018.298,9897.24,9343.273,1974.46,8564.658
9859.819,1955.555,10059.23,10007.41,2033.775,9964.054,9690.954,1982.074,8833.713,9620.693,2018.298,9897.582,9343.849,1974.46,8565.477
9860.032,1955.555,10059.29,10007.63,2033.775,9964.11,9691.071,1982.074,8833.9,9620.903,2018.298,9897.65,9343.981,1974.46,8565.653
9860.83,1955.555,10059.49,10008.42,2033.775,9964.345,9691.528,1982.074,8834.583,9621.691,2018.298,9897.88,9344.497,1974.46,8566.293
9861.426,1955.555,10059.61,10008.99,2033.775,9964.538,9691.884,1982.074,8835.078,9622.267,2018.298,9898.08,9344.878,1974.46,8566.769
9861.816,1955.555,10059.68,10009.37,2033.775,9964.657,9692.093,1982.074,8835.415,9622.642,2018.298,9898.209,9345.079,1974.46,8567.11
9862.683,1955.555,10059.81,10010.2,2033.775,9964.948,9692.578,1982.074,8836.143,9623.446,2018.298,9898.553,9345.548,1974.46,8567.849
9863.014,1955.555,10059.81,10010.51,2033.775,9965.066,9692.726,1982.074,8836.439,9623.753,2018.298,9898.678,9345.734,1974.46,8568.122
9863.806,1955.555,10059.85,10011.22,2033.775,9965.413,9693.096,1982.074,8837.141,9624.474,2018.298,9899.009,9346.14,1974.46,8568.804
9864.014,1955.555,10059.85,10011.41,2033.775,9965.507,9693.195,1982.074,8837.323,9624.666,2018.298,9899.09,9346.252,1974.46,8568.979
9864.709,1955.555,10059.87,10012.04,2033.775,9965.799,9693.549,1982.074,8837.923,9625.315,2018.298,9899.339,9346.646,1974.46,8569.553
9865.196,1955.555,10059.9,10012.49,2033.775,9965.989,9693.811,1982.074,8838.335,9625.762,2018.298,9899.536,9346.935,1974.46,8569.946
9865.669,1955.555,10059.95,10012.93,2033.775,9966.16,9694.075,1982.074,8838.729,9626.202,2018.298,9899.714,9347.209,1974.46,8570.334
9866.136,1955.555,10059.96,10013.37,2033.775,9966.313,9694.326,1982.074,8839.124,9626.641,2018.298,9899.874,9347.491,1974.46,8570.706
9866.441,1955.555,10059.97,10013.66,2033.775,9966.404,9694.481,1982.074,8839.388,9626.932,2018.298,9899.97,9347.685,1974.46,8570.943
9867.019,1955.555,10060.02,10014.23,2033.775,9966.529,9694.792,1982.074,8839.877,9627.482,2018.298,9900.149,9348.033,1974.46,8571.406
9867.43,1955.555,10060.07,10014.63,2033.775,9966.632,9694.977,1982.074,8840.247,9627.865,2018.298,9900.308,9348.293,1974.46,8571.729
9867.701,1955.555,10060.09,10014.9,2033.775,9966.67,9695.106,1982.074,8840.487,9628.12,2018.298,9900.404,9348.43,1974.46,8571.965
9868.214,1955.555,10060.15,10015.41,2033.775,9966.759,9695.366,1982.074,8840.933,9628.591,2018.298,9900.615,9348.702,1974.46,8572.403
9868.607,1955.555,10060.21,10015.8,2033.775,9966.815,9695.563,1982.074,8841.277,9628.958,2018.298,9900.767,9348.923,1974.46,8572.733
9868.926,1955.555,10060.26,10016.12,2033.775,9966.872,9695.731,1982.074,8841.553,9629.261,2018.298,9900.88,9349.089,1974.46,8573.011
9869.329,1955.555,10060.32,10016.52,2033.775,9966.93,9695.944,1982.074,8841.899,9629.632,2018.298,9901.047,9349.31,1974.46,8573.353
9869.638,1955.555,10060.33,10016.83,2033.775,9966.983,9696.081,1982.074,8842.176,9629.917,2018.298,9901.164,9349.485,1974.46,8573.606
9870.129,1955.555,10060.37,10017.31,2033.775,9967.084,9696.313,1982.074,8842.609,9630.378,2018.298,9901.336,9349.729,1974.46,8574.033
9870.336,1955.555,10060.39,10017.51,2033.775,9967.124,9696.418,1982.074,8842.79,9630.575,2018.298,9901.402,9349.839,1974.46,8574.211
9870.735,1955.555,10060.44,10017.91,2033.775,9967.215,9696.631,1982.074,8843.133,9630.953,2018.298,9901.544,9350.062,1974.46,8574.547
9871.046,1955.555,10060.45,10018.21,2033.775,9967.295,9696.786,1982.074,8843.401,9631.244,2018.298,9901.653,9350.241,1974.46,8574.8
9871.254,1955.555,10060.45,10018.41,2033.775,9967.353,9696.889,1982.074,8843.582,9631.441,2018.298,9901.721,9350.367,1974.46,8574.966
9871.639,1955.555,10060.47,10018.78,2033.775,9967.454,9697.09,1982.074,8843.91,9631.81,2018.298,9901.833,9350.61,1974.46,8575.265
9871.847,1955.555,10060.49,10018.98,2033.775,9967.489,9697.204,1982.074,8844.084,9632.006,2018.298,9901.902,9350.719,1974.46,8575.442
9872.217,1955.555,10060.54,10019.35,2033.775,9967.564,9697.394,1982.074,8844.405,9632.345,2018.298,9902.059,9350.917,1974.46,8575.758
9872.423,1955.555,10060.57,10019.55,2033.775,9967.613,9697.505,1982.074,8844.581,9632.537,2018.298,9902.14,9351.033,1974.46,8575.931
9872.77,1955.555,10060.63,10019.89,2033.775,9967.697,9697.681,1982.074,8844.887,9632.866,2018.298,9902.266,9351.24,1974.46,8576.217
9873.007,1955.555,10060.67,10020.12,2033.775,9967.763,9697.787,1982.074,8845.102,9633.093,2018.298,9902.344,9351.388,1974.46,8576.406
9873.26,1955.555,10060.71,10020.37,2033.775,9967.841,9697.909,1982.074,8845.328,9633.339,2018.298,9902.42,9351.552,1974.46,8576.604
9873.466,1955.555,10060.75,10020.57,2033.775,9967.909,9698.014,1982.074,8845.508,9633.536,2018.298,9902.486,9351.682,1974.46,8576.768
9873.725,1955.555,10060.79,10020.82,2033.775,9967.987,9698.153,1982.074,8845.731,9633.779,2018.298,9902.588,9351.851,1974.46,8576.97
9873.931,1955.555,10060.83,10021.02,2033.775,9968.029,9698.257,1982.074,8845.912,9633.974,2018.298,9902.662,9351.979,1974.46,8577.134
9874.176,1955.555,10060.91,10021.27,2033.775,9968.09,9698.388,1982.074,8846.135,9634.209,2018.298,9902.769,9352.13,1974.46,8577.344
9874.375,1955.555,10060.97,10021.48,2033.775,9968.124,9698.49,1982.074,8846.316,9634.401,2018.298,9902.848,9352.24,1974.46,8577.521
9874.576,1955.555,10061.02,10021.68,2033.775,9968.165,9698.588,1982.074,8846.5,9634.597,2018.298,9902.921,9352.356,1974.46,8577.693
9874.814,1955.555,10061.1,10021.93,2033.775,9968.223,9698.713,1982.074,8846.718,9634.835,2018.298,9903.001,9352.504,1974.46,8577.897
9875.014,1955.555,10061.16,10022.13,2033.775,9968.276,9698.822,1982.074,8846.896,9635.034,2018.298,9903.063,9352.632,1974.46,8578.063
9875.252,1955.555,10061.23,10022.37,2033.775,9968.335,9698.958,1982.074,8847.101,9635.271,2018.298,9903.128,9352.789,1974.46,8578.252
9875.453,1955.555,10061.28,10022.57,2033.775,9968.377,9699.063,1982.074,8847.28,9635.474,2018.298,9903.177,9352.943,1974.46,8578.392
9875.692,1955.555,10061.33,10022.81,2033.775,9968.432,9699.195,1982.074,8847.487,9635.713,2018.298,9903.231,9353.12,1974.46,8578.563
9875.896,1955.555,10061.37,10023.01,2033.775,9968.484,9699.313,1982.074,8847.659,9635.914,2018.298,9903.285,9353.265,1974.46,8578.712
9876.095,1955.555,10061.44,10023.21,2033.775,9968.544,9699.433,1982.074,8847.829,9636.113,2018.298,9903.345,9353.423,1974.46,8578.848
9876.295,1955.555,10061.49,10023.41,2033.775,9968.61,9699.559,1982.074,8847.995,9636.307,2018.298,9903.422,9353.576,1974.46,8578.988
9876.497,1955.555,10061.54,10023.6,2033.775,9968.683,9699.679,1982.074,8848.165,9636.503,2018.298,9903.493,9353.725,1974.46,8579.134
9876.701,1955.555,10061.59,10023.8,2033.775,9968.756,9699.805,1982.074,8848.331,9636.701,2018.298,9903.558,9353.881,1974.46,8579.271
9876.905,1955.555,10061.63,10023.99,2033.775,9968.836,9699.951,1982.074,8848.479,9636.896,2018.298,9903.63,9354.036,1974.46,8579.41
9877.11,1955.555,10061.67,10024.17,2033.775,9968.934,9700.093,1982.074,8848.632,9637.095,2018.298,9903.695,9354.188,1974.46,8579.554
9877.315,1955.555,10061.7,10024.36,2033.775,9969.025,9700.229,1982.074,8848.789,9637.295,2018.298,9903.754,9354.334,1974.46,8579.702
9877.52,1955.555,10061.75,10024.55,2033.775,9969.111,9700.367,1982.074,8848.945,9637.492,2018.298,9903.821,9354.476,1974.46,8579.855
9877.725,1955.555,10061.78,10024.73,2033.775,9969.21,9700.5,1982.074,8849.105,9637.686,2018.298,9903.899,9354.611,1974.46,8580.013
9877.931,1955.555,10061.81,10024.92,2033.775,9969.303,9700.639,1982.074,8849.261,9637.881,2018.298,9903.972,9354.742,1974.46,8580.175
9878.136,1955.555,10061.84,10025.11,2033.775,9969.39,9700.786,1982.074,8849.407,9638.079,2018.298,9904.037,9354.878,1974.46,8580.332
9878.339,1955.555,10061.89,10025.3,2033.775,9969.483,9700.929,1982.074,8849.559,9638.279,2018.298,9904.096,9355.009,1974.46,8580.494
9878.543,1955.555,10061.93,10025.49,2033.775,9969.57,9701.066,1982.074,8849.715,9638.478,2018.298,9904.161,9355.145,1974.46,8580.652
9878.748,1955.555,10061.97,10025.68,2033.775,9969.651,9701.203,1982.074,8849.872,9638.667,2018.298,9904.248,9355.275,1974.46,8580.814
9878.95,1955.555,10062.02,10025.87,2033.775,9969.727,9701.348,1982.074,8850.021,9638.859,2018.298,9904.329,9355.411,1974.46,8580.973
9879.154,1955.555,10062.06,10026.06,2033.775,9969.819,9701.487,1982.074,8850.176,9639.054,2018.298,9904.405,9355.555,1974.46,8581.124
9879.359,1955.555,10062.1,10026.25,2033.775,9969.906,9701.622,1982.074,8850.335,9639.244,2018.298,9904.489,9355.7,1974.46,8581.273
9879.565,1955.555,10062.13,10026.44,2033.775,9969.986,9701.766,1982.074,8850.486,9639.438,2018.298,9904.567,9355.841,1974.46,8581.427
9879.773,1955.555,10062.12,10026.63,2033.775,9970.061,9701.904,1982.074,8850.642,9639.631,2018.298,9904.646,9355.977,1974.46,8581.585
9879.981,1955.555,10062.13,10026.83,2033.775,9970.128,9702.038,1982.074,8850.802,9639.826,2018.298,9904.718,9356.117,1974.46,8581.738
9880.189,1955.555,10062.14,10027.02,2033.775,9970.218,9702.178,1982.074,8850.956,9640.024,2018.298,9904.783,9356.253,1974.46,8581.896
9880.397,1955.555,10062.16,10027.21,2033.775,9970.301,9702.315,1982.074,8851.112,9640.225,2018.298,9904.843,9356.384,1974.46,8582.059
9880.604,1955.555,10062.18,10027.41,2033.775,9970.378,9702.464,1982.074,8851.259,9640.426,2018.298,9904.896,9356.514,1974.46,8582.222
9880.813,1955.555,10062.18,10027.6,2033.775,9970.448,9702.612,1982.074,8851.404,9640.631,2018.298,9904.934,9356.648,1974.46,8582.381
9881.021,1955.555,10062.19,10027.8,2033.775,9970.517,9702.756,1982.074,8851.555,9640.834,2018.298,9904.979,9356.778,1974.46,8582.544
9881.229,1955.555,10062.21,10027.99,2033.775,9970.606,9702.895,1982.074,8851.71,9641.036,2018.298,9905.03,9356.913,1974.46,8582.703
9881.436,1955.555,10062.23,10028.18,2033.775,9970.69,9703.028,1982.074,8851.87,9641.242,2018.298,9905.061,9357.063,1974.46,8582.848
9881.642,1955.555,10062.26,10028.37,2033.775,9970.769,9703.156,1982.074,8852.034,9641.449,2018.298,9905.087,9357.209,1974.46,8582.997
9881.85,1955.555,10062.27,10028.56,2033.775,9970.858,9703.279,1982.074,8852.202,9641.655,2018.298,9905.12,9357.35,1974.46,8583.151
9882.058,1955.555,10062.27,10028.75,2033.775,9970.941,9703.416,1982.074,8852.359,9641.861,2018.298,9905.153,9357.499,1974.46,8583.296
9882.266,1955.555,10062.28,10028.94,2033.775,9971.019,9703.564,1982.074,8852.506,9642.067,2018.298,9905.181,9357.644,1974.46,8583.445
9882.474,1955.555,10062.29,10029.14,2033.775,9971.089,9703.708,1982.074,8852.656,9642.272,2018.298,9905.215,9357.783,1974.46,8583.6
9882.682,1955.555,10062.3,10029.34,2033.775,9971.155,9703.847,1982.074,8852.812,9642.479,2018.298,9905.24,9357.918,1974.46,8583.759
9882.89,1955.555,10062.31,10029.53,2033.775,9971.228,9703.98,1982.074,8852.972,9642.686,2018.298,9905.272,9358.048,1974.46,8583.922
9883.098,1955.555,10062.32,10029.72,2033.775,9971.324,9704.108,1982.074,8853.136,9642.891,2018.298,9905.312,9358.183,1974.46,8584.081
9883.306,1955.555,10062.33,10029.9,2033.775,9971.415,9704.235,1982.074,8853.301,9643.094,2018.298,9905.357,9358.313,1974.46,8584.244
9883.513,1955.555,10062.35,10030.09,2033.775,9971.5,9704.356,1982.074,8853.471,9643.295,2018.298,9905.41,9358.433,1974.46,8584.414
9883.721,1955.555,10062.36,10030.29,2033.775,9971.578,9704.481,1982.074,8853.638,9643.495,2018.298,9905.469,9358.559,1974.46,8584.58
9883.929,1955.555,10062.38,10030.48,2033.775,9971.658,9704.628,1982.074,8853.786,9643.696,2018.298,9905.521,9358.665,1974.46,8584.759
9884.137,1955.555,10062.39,10030.67,2033.775,9971.732,9704.77,1982.074,8853.938,9643.897,2018.298,9905.574,9358.777,1974.46,8584.934
9884.345,1955.555,10062.39,10030.87,2033.775,9971.814,9704.906,1982.074,8854.096,9644.097,2018.298,9905.634,9358.896,1974.46,8585.105
9884.553,1955.555,10062.4,10031.06,2033.775,9971.891,9705.038,1982.074,8854.258,9644.293,2018.298,9905.704,9359.008,1974.46,8585.28
9884.761,1955.555,10062.41,10031.25,2033.775,9971.963,9705.164,1982.074,8854.424,9644.486,2018.298,9905.781,9359.126,1974.46,8585.452
9884.968,1955.555,10062.43,10031.45,2033.775,9972.029,9705.284,1982.074,8854.594,9644.683,2018.298,9905.853,9359.25,1974.46,8585.62
9885.175,1955.555,10062.46,10031.65,2033.775,9972.098,9705.382,1982.074,8854.778,9644.871,2018.298,9905.94,9359.368,1974.46,8585.792
9885.38,1955.555,10062.49,10031.84,2033.775,9972.169,9705.485,1982.074,8854.959,9645.063,2018.298,9906.021,9359.492,1974.46,8585.96
9885.587,1955.555,10062.52,10032.04,2033.775,9972.243,9705.595,1982.074,8855.137,9645.257,2018.298,9906.097,9359.621,1974.46,8586.124
9885.792,1955.555,10062.56,10032.24,2033.775,9972.311,9705.687,1982.074,8855.323,9645.453,2018.298,9906.165,9359.742,1974.46,8586.294
9885.999,1955.555,10062.58,10032.44,2033.775,9972.372,9705.784,1982.074,8855.507,9645.652,2018.298,9906.228,9359.869,1974.46,8586.459
9886.207,1955.555,10062.6,10032.63,2033.775,9972.439,9705.889,1982.074,8855.688,9645.854,2018.298,9906.283,9359.989,1974.46,8586.629
9886.414,1955.555,10062.62,10032.82,2033.775,9972.535,9705.998,1982.074,8855.864,9646.048,2018.298,9906.357,9360.114,1974.46,8586.795
9886.621,1955.555,10062.64,10033,2033.775,9972.625,9706.113,1982.074,8856.037,9646.245,2018.298,9906.425,9360.235,1974.46,8586.965
9886.829,1955.555,10062.63,10033.2,2033.775,9972.709,9706.223,1982.074,8856.215,9646.443,2018.298,9906.488,9360.341,1974.46,8587.145
9887.037,1955.555,10062.64,10033.39,2033.775,9972.786,9706.337,1982.074,8856.389,9646.634,2018.298,9906.573,9360.452,1974.46,8587.32
9887.245,1955.555,10062.65,10033.58,2033.775,9972.873,9706.431,1982.074,8856.575,9646.826,2018.298,9906.652,9360.569,1974.46,8587.492
9887.453,1955.555,10062.66,10033.77,2033.775,9972.954,9706.53,1982.074,8856.759,9647.016,2018.298,9906.738,9360.692,1974.46,8587.66
9887.661,1955.555,10062.67,10033.96,2033.775,9973.039,9706.636,1982.074,8856.938,9647.208,2018.298,9906.818,9360.82,1974.46,8587.825
9887.868,1955.555,10062.69,10034.15,2033.775,9973.118,9706.747,1982.074,8857.114,9647.403,2018.298,9906.892,9360.953,1974.46,8587.985
9888.076,1955.555,10062.71,10034.35,2033.775,9973.19,9706.845,1982.074,8857.298,9647.601,2018.298,9906.959,9361.083,1974.46,8588.147
9888.283,1955.555,10062.74,10034.55,2033.775,9973.262,9706.948,1982.074,8857.479,9647.8,2018.298,9907.02,9361.219,1974.46,8588.306
9888.489,1955.555,10062.77,10034.74,2033.775,9973.329,9707.058,1982.074,8857.655,9647.993,2018.298,9907.097,9361.366,1974.46,8588.452
9888.694,1955.555,10062.81,10034.94,2033.775,9973.399,9707.173,1982.074,8857.829,9648.188,2018.298,9907.168,9361.522,1974.46,8588.59
9888.896,1955.555,10062.86,10035.13,2033.775,9973.486,9707.294,1982.074,8857.999,9648.386,2018.298,9907.235,9361.674,1974.46,8588.732
9889.099,1955.555,10062.91,10035.32,2033.775,9973.567,9707.403,1982.074,8858.177,9648.585,2018.298,9907.296,9361.829,1974.46,8588.871
9889.3,1955.555,10062.96,10035.52,2033.775,9973.642,9707.519,1982.074,8858.351,9648.774,2018.298,9907.384,9361.979,1974.46,8589.015
9889.499,1955.555,10063.02,10035.71,2033.775,9973.71,9707.622,1982.074,8858.531,9648.966,2018.298,9907.465,9362.125,1974.46,8589.163
9889.7,1955.555,10063.08,10035.91,2033.775,9973.774,9707.731,1982.074,8858.709,9649.16,2018.298,9907.54,9362.266,1974.46,8589.316
9889.902,1955.555,10063.13,10036.11,2033.775,9973.844,9707.847,1982.074,8858.883,9649.356,2018.298,9907.609,9362.418,1974.46,8589.458
9890.106,1955.555,10063.17,10036.3,2033.775,9973.918,9707.944,1982.074,8859.066,9649.555,2018.298,9907.673,9362.565,1974.46,8589.604
9890.312,1955.555,10063.21,10036.5,2033.775,9973.986,9708.044,1982.074,8859.249,9649.753,2018.298,9907.735,9362.72,1974.46,8589.745
9890.518,1955.555,10063.24,10036.7,2033.775,9974.051,9708.149,1982.074,8859.429,9649.953,2018.298,9907.791,9362.869,1974.46,8589.891
9890.724,1955.555,10063.27,10036.9,2033.775,9974.089,9708.261,1982.074,8859.604,9650.155,2018.298,9907.841,9363.014,1974.46,8590.041
9890.93,1955.555,10063.3,10037.11,2033.775,9974.134,9708.378,1982.074,8859.776,9650.355,2018.298,9907.896,9363.153,1974.46,8590.195
9891.136,1955.555,10063.34,10037.31,2033.775,9974.166,9708.499,1982.074,8859.945,9650.558,2018.298,9907.947,9363.288,1974.46,8590.354
9891.342,1955.555,10063.37,10037.52,2033.775,9974.205,9708.625,1982.074,8860.111,9650.762,2018.298,9907.987,9363.444,1974.46,8590.492
9891.546,1955.555,10063.41,10037.72,2033.775,9974.25,9708.745,1982.074,8860.281,9650.968,2018.298,9908.019,9363.597,1974.46,8590.635
9891.752,1955.555,10063.44,10037.93,2033.775,9974.282,9708.847,1982.074,8860.463,9651.173,2018.298,9908.057,9363.751,1974.46,8590.775
9891.96,1955.555,10063.45,10038.13,2033.775,9974.321,9708.952,1982.074,8860.643,9651.376,2018.298,9908.101,9363.9,1974.46,8590.921
9892.168,1955.555,10063.46,10038.33,2033.775,9974.366,9709.046,1982.074,8860.828,9651.58,2018.298,9908.142,9364.045,1974.46,8591.071
9892.376,1955.555,10063.48,10038.54,2033.775,9974.418,9709.146,1982.074,8861.011,9651.783,2018.298,9908.189,9364.185,1974.46,8591.226
9892.583,1955.555,10063.5,10038.74,2033.775,9974.469,9709.252,1982.074,8861.19,9651.984,2018.298,9908.243,9364.338,1974.46,8591.366
9892.79,1955.555,10063.52,10038.94,2033.775,9974.526,9709.363,1982.074,8861.366,9652.191,2018.298,9908.266,9364.487,1974.46,8591.512
9892.997,1955.555,10063.54,10039.14,2033.775,9974.567,9709.48,1982.074,8861.538,9652.397,2018.298,9908.295,9364.632,1974.46,8591.662
9893.204,1955.555,10063.57,10039.35,2033.775,9974.615,9709.572,1982.074,8861.725,9652.603,2018.298,9908.331,9364.785,1974.46,8591.804
9893.41,1955.555,10063.6,10039.55,2033.775,9974.67,9709.666,1982.074,8861.91,9652.807,2018.298,9908.374,9364.94,1974.46,8591.943
9893.608,1955.555,10063.66,10039.75,2033.775,9974.729,9709.767,1982.074,8862.093,9653.009,2018.298,9908.424,9365.091,1974.46,8592.088
9893.809,1955.555,10063.72,10039.95,2033.775,9974.794,9709.873,1982.074,8862.272,9653.209,2018.298,9908.479,9365.236,1974.46,8592.237
9894.011,1955.555,10063.77,10040.15,2033.775,9974.832,9709.985,1982.074,8862.448,9653.399,2018.298,9908.564,9365.377,1974.46,8592.391
9894.215,1955.555,10063.82,10040.35,2033.775,9974.876,9710.078,1982.074,8862.635,9653.592,2018.298,9908.644,9365.513,1974.46,8592.549
9894.42,1955.555,10063.85,10040.56,2033.775,9974.927,9710.177,1982.074,8862.818,9653.787,2018.298,9908.716,9365.67,1974.46,8592.686
9894.626,1955.555,10063.88,10040.76,2033.775,9974.984,9710.28,1982.074,8862.999,9653.984,2018.298,9908.782,9365.822,1974.46,8592.827
9894.831,1955.555,10063.92,10040.95,2033.775,9975.049,9710.39,1982.074,8863.177,9654.173,2018.298,9908.871,9365.971,1974.46,8592.974
9895.032,1955.555,10063.98,10041.15,2033.775,9975.119,9710.498,1982.074,8863.354,9654.364,2018.298,9908.953,9366.114,1974.46,8593.125
9895.234,1955.555,10064.02,10041.34,2033.775,9975.208,9710.612,1982.074,8863.529,9654.559,2018.298,9909.029,9366.252,1974.46,8593.281
9895.438,1955.555,10064.07,10041.53,2033.775,9975.291,9710.731,1982.074,8863.7,9654.751,2018.298,9909.108,9366.389,1974.46,8593.438
9895.644,1955.555,10064.1,10041.72,2033.775,9975.367,9710.856,1982.074,8863.867,9654.942,2018.298,9909.19,9366.521,1974.46,8593.6
9895.85,1955.555,10064.14,10041.92,2033.775,9975.438,9710.976,1982.074,8864.038,9655.137,2018.298,9909.266,9366.657,1974.46,8593.757
9896.055,1955.555,10064.17,10042.1,2033.775,9975.538,9711.101,1982.074,8864.205,9655.325,2018.298,9909.354,9366.789,1974.46,8593.918
9896.258,1955.555,10064.22,10042.29,2033.775,9975.632,9711.237,1982.074,8864.362,9655.517,2018.298,9909.436,9366.905,1974.46,8594.091
9896.462,1955.555,10064.26,10042.48,2033.775,9975.72,9711.369,1982.074,8864.524,9655.708,2018.298,9909.518,9367.026,1974.46,8594.261
9896.667,1955.555,10064.3,10042.67,2033.775,9975.809,9711.495,1982.074,8864.69,9655.902,2018.298,9909.593,9367.146,1974.46,8594.432
9896.865,1955.555,10064.36,10042.86,2033.775,9975.894,9711.635,1982.074,8864.845,9656.099,2018.298,9909.662,9367.271,1974.46,8594.599
9897.063,1955.555,10064.43,10043.05,2033.775,9975.973,9711.774,1982.074,8864.999,9656.296,2018.298,9909.729,9367.4,1974.46,8594.762
9897.264,1955.555,10064.49,10043.24,2033.775,9976.045,9711.909,1982.074,8865.158,9656.495,2018.298,9909.79,9367.52,1974.46,8594.933
9897.466,1955.555,10064.54,10043.44,2033.775,9976.11,9712.039,1982.074,8865.321,9656.696,2018.298,9909.845,9367.63,1974.46,8595.109
9897.669,1955.555,10064.58,10043.64,2033.775,9976.171,9712.166,1982.074,8865.486,9656.896,2018.298,9909.905,9367.742,1974.46,8595.285
9897.868,1955.555,10064.64,10043.84,2033.775,9976.217,9712.288,1982.074,8865.655,9657.097,2018.298,9909.96,9367.86,1974.46,8595.457
9898.069,1955.555,10064.7,10044.04,2033.775,9976.27,9712.415,1982.074,8865.82,9657.296,2018.298,9910.021,9367.983,1974.46,8595.625
9898.272,1955.555,10064.75,10044.24,2033.775,9976.329,9712.537,1982.074,8865.989,9657.497,2018.298,9910.075,9368.112,1974.46,8595.789
9898.477,1955.555,10064.79,10044.44,2033.775,9976.395,9712.663,1982.074,8866.155,9657.699,2018.298,9910.126,9368.225,1974.46,8595.965
9898.677,1955.555,10064.85,10044.65,2033.775,9976.436,9712.808,1982.074,8866.305,9657.899,2018.298,9910.184,9368.343,1974.46,8596.137
9898.879,1955.555,10064.9,10044.85,2033.775,9976.483,9712.947,1982.074,8866.459,9658.102,2018.298,9910.234,9368.449,1974.46,8596.315
9899.077,1955.555,10064.96,10045.05,2033.775,9976.523,9713.082,1982.074,8866.618,9658.302,2018.298,9910.292,9368.562,1974.46,8596.491
9899.277,1955.555,10065.02,10045.26,2033.775,9976.569,9713.228,1982.074,8866.768,9658.493,2018.298,9910.373,9368.68,1974.46,8596.663
9899.479,1955.555,10065.08,10045.46,2033.775,9976.622,9713.368,1982.074,8866.921,9658.688,2018.298,9910.448,9368.804,1974.46,8596.831
9899.683,1955.555,10065.12,10045.66,2033.775,9976.682,9713.504,1982.074,8867.079,9658.884,2018.298,9910.519,9368.922,1974.46,8597.003
9899.888,1955.555,10065.16,10045.86,2033.775,9976.74,9713.639,1982.074,8867.237,9659.082,2018.298,9910.583,9369.045,1974.46,8597.171
9900.092,1955.555,10065.2,10046.06,2033.775,9976.805,9713.769,1982.074,8867.4,9659.282,2018.298,9910.641,9369.174,1974.46,8597.335
9900.293,1955.555,10065.26,10046.25,2033.775,9976.873,9713.893,1982.074,8867.567,9659.473,2018.298,9910.725,9369.308,1974.46,8597.494
9900.496,1955.555,10065.3,10046.45,2033.775,9976.935,9714.012,1982.074,8867.738,9659.666,2018.298,9910.802,9369.455,1974.46,8597.642
9900.693,1955.555,10065.37,10046.65,2033.775,9977.003,9714.134,1982.074,8867.907,9659.862,2018.298,9910.873,9369.598,1974.46,8597.794
9900.893,1955.555,10065.43,10046.85,2033.775,9977.067,9714.261,1982.074,8868.072,9660.061,2018.298,9910.938,9369.751,1974.46,8597.935
9901.091,1955.555,10065.5,10047.04,2033.775,9977.139,9714.388,1982.074,8868.237,9660.261,2018.298,9910.996,9369.899,1974.46,8598.08
9901.291,1955.555,10065.55,10047.24,2033.775,9977.215,9714.509,1982.074,8868.407,9660.458,2018.298,9911.064,9370.052,1974.46,8598.222
9901.491,1955.555,10065.61,10047.43,2033.775,9977.303,9714.61,1982.074,8868.589,9660.657,2018.298,9911.126,9370.2,1974.46,8598.368
9901.693,1955.555,10065.66,10047.61,2033.775,9977.401,9714.718,1982.074,8868.768,9660.857,2018.298,9911.184,9370.344,1974.46,8598.52
9901.892,1955.555,10065.73,10047.8,2033.775,9977.493,9714.831,1982.074,8868.942,9661.059,2018.298,9911.236,9370.498,1974.46,8598.659
9902.092,1955.555,10065.78,10047.99,2033.775,9977.581,9714.925,1982.074,8869.129,9661.258,2018.298,9911.296,9370.648,1974.46,8598.804
9902.294,1955.555,10065.83,10048.18,2033.775,9977.662,9715.024,1982.074,8869.312,9661.455,2018.298,9911.362,9370.794,1974.46,8598.953
9902.498,1955.555,10065.88,10048.37,2033.775,9977.737,9715.116,1982.074,8869.498,9661.654,2018.298,9911.422,9370.935,1974.46,8599.107
9902.702,1955.555,10065.92,10048.57,2033.775,9977.806,9715.214,1982.074,8869.682,9661.844,2018.298,9911.509,9371.069,1974.46,8599.266
9902.899,1955.555,10065.99,10048.77,2033.775,9977.868,9715.317,1982.074,8869.862,9662.036,2018.298,9911.59,9371.207,1974.46,8599.422
9903.099,1955.555,10066.05,10048.97,2033.775,9977.906,9715.427,1982.074,8870.039,9662.23,2018.298,9911.664,9371.349,1974.46,8599.575
9903.3,1955.555,10066.1,10049.17,2033.775,9977.951,9715.542,1982.074,8870.213,9662.428,2018.298,9911.732,9371.502,1974.46,8599.716
9903.502,1955.555,10066.15,10049.38,2033.775,9978.003,9715.663,1982.074,8870.383,9662.627,2018.298,9911.794,9371.651,1974.46,8599.861
9903.705,1955.555,10066.2,10049.58,2033.775,9978.061,9715.79,1982.074,8870.548,9662.828,2018.298,9911.85,9371.806,1974.46,8600.002
9903.907,1955.555,10066.25,10049.78,2033.775,9978.107,9715.911,1982.074,8870.718,9663.023,2018.298,9911.923,9371.955,1974.46,8600.147
9904.109,1955.555,10066.3,10049.98,2033.775,9978.161,9716.038,1982.074,8870.883,9663.221,2018.298,9911.989,9372.1,1974.46,8600.298
9904.309,1955.555,10066.36,10050.18,2033.775,9978.221,9716.187,1982.074,8871.029,9663.42,2018.298,9912.049,9372.239,1974.46,8600.452
9904.51,1955.555,10066.42,10050.38,2033.775,9978.287,9716.33,1982.074,8871.18,9663.621,2018.298,9912.104,9372.374,1974.46,8600.611
9904.712,1955.555,10066.47,10050.57,2033.775,9978.36,9716.469,1982.074,8871.335,9663.82,2018.298,9912.164,9372.53,1974.46,8600.749
9904.913,1955.555,10066.52,10050.76,2033.775,9978.452,9716.603,1982.074,8871.495,9664.021,2018.298,9912.221,9372.682,1974.46,8600.892
9905.116,1955.555,10066.57,10050.95,2033.775,9978.538,9716.73,1982.074,8871.659,9664.219,2018.298,9912.284,9372.828,1974.46,8601.039
9905.314,1955.555,10066.63,10051.14,2033.775,9978.629,9716.854,1982.074,8871.827,9664.418,2018.298,9912.345,9372.97,1974.46,8601.191
9905.515,1955.555,10066.69,10051.33,2033.775,9978.714,9716.98,1982.074,8871.992,9664.612,2018.298,9912.419,9373.122,1974.46,8601.333
9905.717,1955.555,10066.74,10051.51,2033.775,9978.814,9717.103,1982.074,8872.161,9664.805,2018.298,9912.499,9373.27,1974.46,8601.479
9906.047,1955.555,10066.81,10051.81,2033.775,9978.967,9717.307,1982.074,8872.43,9665.12,2018.298,9912.619,9373.521,1974.46,8601.704
9906.344,1955.555,10066.87,10052.08,2033.775,9979.095,9717.497,1982.074,8872.664,9665.404,2018.298,9912.722,9373.74,1974.46,8601.912
9906.991,1955.555,10067.02,10052.68,2033.775,9979.399,9717.967,1982.074,8873.137,9666.037,2018.298,9912.928,9374.207,1974.46,8602.388
9907.195,1955.555,10067.06,10052.86,2033.775,9979.492,9718.108,1982.074,8873.289,9666.234,2018.298,9912.995,9374.348,1974.46,8602.541
9907.873,1955.555,10067.19,10053.49,2033.775,9979.778,9718.561,1982.074,8873.808,9666.892,2018.298,9913.198,9374.797,1974.46,8603.063
9908.269,1955.555,10067.27,10053.86,2033.775,9979.935,9718.848,1982.074,8874.095,9667.258,2018.298,9913.372,9375.068,1974.46,8603.364
9909.1,1955.555,10067.43,10054.65,2033.775,9980.234,9719.426,1982.074,8874.712,9668.033,2018.298,9913.71,9375.644,1974.46,8603.984
9909.557,1955.555,10067.57,10055.1,2033.775,9980.389,9719.739,1982.074,8875.07,9668.475,2018.298,9913.889,9375.981,1974.46,8604.32
9910.516,1955.555,10067.82,10056.05,2033.775,9980.68,9720.432,1982.074,8875.779,9669.404,2018.298,9914.231,9376.661,1974.46,8605.041
9911.04,1955.555,10067.93,10056.58,2033.775,9980.781,9720.795,1982.074,8876.176,9669.915,2018.298,9914.4,9377.065,1974.46,8605.396
9912.234,1955.555,10068.31,10057.81,2033.775,9981.007,9721.648,1982.074,8877.092,9671.115,2018.298,9914.755,9377.979,1974.46,8606.251
9912.7,1955.555,10068.45,10058.29,2033.775,9981.11,9721.969,1982.074,8877.459,9671.587,2018.298,9914.878,9378.343,1974.46,8606.575
9913.77,1955.555,10068.74,10059.36,2033.775,9981.381,9722.67,1982.074,8878.317,9672.669,2018.298,9915.117,9379.145,1974.46,8607.34
9914.008,1955.555,10068.8,10059.6,2033.775,9981.426,9722.818,1982.074,8878.513,9672.906,2018.298,9915.178,9379.316,1974.46,8607.515
9914.895,1955.555,10068.98,10060.49,2033.775,9981.619,9723.344,1982.074,8879.249,9673.775,2018.298,9915.431,9379.929,1974.46,8608.181
9915.342,1955.555,10069.11,10060.94,2033.775,9981.733,9723.583,1982.074,8879.647,9674.226,2018.298,9915.546,9380.232,1974.46,8608.533
9916.184,1955.555,10069.32,10061.79,2033.775,9981.923,9724.045,1982.074,8880.382,9675.06,2018.298,9915.786,9380.777,1974.46,8609.209
9916.61,1955.555,10069.43,10062.21,2033.775,9982.033,9724.292,1982.074,8880.748,9675.488,2018.298,9915.895,9380.997,1974.46,8609.593
9917.407,1955.555,10069.62,10063,2033.775,9982.264,9724.768,1982.074,8881.414,9676.298,2018.298,9916.014,9381.427,1974.46,8610.29
9917.808,1955.555,10069.7,10063.39,2033.775,9982.392,9724.994,1982.074,8881.754,9676.699,2018.298,9916.086,9381.652,1974.46,8610.63
9918.566,1955.555,10069.83,10064.11,2033.775,9982.656,9725.441,1982.074,8882.38,9677.451,2018.298,9916.247,9382.098,1974.46,8611.257
9918.949,1955.555,10069.9,10064.48,2033.775,9982.778,9725.659,1982.074,8882.704,9677.838,2018.298,9916.295,9382.334,1974.46,8611.567
9919.623,1955.555,10070.14,10065.15,2033.775,9983.024,9726.005,1982.074,8883.33,9678.545,2018.298,9916.406,9382.785,1974.46,8612.122
9919.972,1955.555,10070.25,10065.47,2033.775,9983.202,9726.166,1982.074,8883.658,9678.904,2018.298,9916.475,9383.007,1974.46,8612.413
9920.617,1955.555,10070.46,10066.07,2033.775,9983.512,9726.461,1982.074,8884.268,9679.564,2018.298,9916.623,9383.356,1974.46,8612.992
9920.943,1955.555,10070.56,10066.38,2033.775,9983.658,9726.62,1982.074,8884.57,9679.896,2018.298,9916.709,9383.543,1974.46,8613.279
9921.553,1955.555,10070.74,10066.96,2033.775,9983.911,9726.933,1982.074,8885.121,9680.503,2018.298,9916.889,9383.877,1974.46,8613.817
9921.99,1955.555,10070.89,10067.39,2033.775,9984.082,9727.175,1982.074,8885.518,9680.938,2018.298,9917.052,9384.135,1974.46,8614.204
9922.426,1955.555,10071.03,10067.81,2033.775,9984.274,9727.426,1982.074,8885.9,9681.362,2018.298,9917.225,9384.401,1974.46,8614.576
9922.936,1955.555,10071.2,10068.3,2033.775,9984.483,9727.719,1982.074,8886.35,9681.861,2018.298,9917.423,9384.728,1974.46,8615.002
9923.136,1955.555,10071.26,10068.48,2033.775,9984.588,9727.826,1982.074,8886.528,9682.057,2018.298,9917.496,9384.83,1974.46,8615.184
9923.686,1955.555,10071.4,10068.98,2033.775,9984.855,9728.135,1982.074,8887.005,9682.595,2018.298,9917.679,9385.125,1974.46,8615.669
9924.075,1955.555,10071.49,10069.34,2033.775,9985.032,9728.362,1982.074,8887.332,9682.969,2018.298,9917.817,9385.324,1974.46,8616.015
9924.41,1955.555,10071.55,10069.65,2033.775,9985.173,9728.532,1982.074,8887.628,9683.292,2018.298,9917.925,9385.504,1974.46,8616.305
9924.962,1955.555,10071.67,10070.17,2033.775,9985.39,9728.793,1982.074,8888.131,9683.825,2018.298,9918.115,9385.818,1974.46,8616.775
9925.166,1955.555,10071.71,10070.36,2033.775,9985.492,9728.895,1982.074,8888.313,9684.022,2018.298,9918.183,9385.938,1974.46,8616.945
9925.604,1955.555,10071.81,10070.75,2033.775,9985.7,9729.127,1982.074,8888.697,9684.452,2018.298,9918.313,9386.21,1974.46,8617.304
9925.939,1955.555,10071.88,10071.06,2033.775,9985.849,9729.313,1982.074,8888.984,9684.772,2018.298,9918.437,9386.385,1974.46,8617.599
9926.153,1955.555,10071.92,10071.26,2033.775,9985.937,9729.438,1982.074,8889.162,9684.978,2018.298,9918.508,9386.501,1974.46,8617.782
9926.58,1955.555,10071.98,10071.65,2033.775,9986.121,9729.652,1982.074,8889.536,9685.389,2018.298,9918.636,9386.744,1974.46,8618.138
9926.887,1955.555,10072.04,10071.94,2033.775,9986.245,9729.816,1982.074,8889.801,9685.686,2018.298,9918.729,9386.928,1974.46,8618.389
9927.2,1955.555,10072.15,10072.25,2033.775,9986.367,9729.993,1982.074,8890.082,9685.987,2018.298,9918.87,9387.089,1974.46,8618.68
9927.479,1955.555,10072.24,10072.51,2033.775,9986.491,9730.157,1982.074,8890.324,9686.256,2018.298,9918.985,9387.238,1974.46,8618.931
9927.679,1955.555,10072.29,10072.7,2033.775,9986.573,9730.279,1982.074,8890.493,9686.45,2018.298,9919.061,9387.344,1974.46,8619.11
9927.983,1955.555,10072.37,10073,2033.775,9986.688,9730.487,1982.074,8890.729,9686.74,2018.298,9919.182,9387.512,1974.46,8619.376
9928.203,1955.555,10072.42,10073.19,2033.775,9986.798,9730.642,1982.074,8890.895,9686.948,2018.298,9919.269,9387.639,1974.46,8619.563
9928.499,1955.555,10072.48,10073.46,2033.775,9986.938,9730.841,1982.074,8891.121,9687.23,2018.298,9919.376,9387.816,1974.46,8619.807
9928.705,1955.555,10072.51,10073.65,2033.775,9987.029,9730.973,1982.074,8891.282,9687.428,2018.298,9919.443,9387.939,1974.46,8619.975
9928.991,1955.555,10072.53,10073.91,2033.775,9987.147,9731.146,1982.074,8891.51,9687.689,2018.298,9919.56,9388.115,1974.46,8620.2
9929.199,1955.555,10072.53,10074.09,2033.775,9987.253,9731.268,1982.074,8891.679,9687.878,2018.298,9919.649,9388.249,1974.46,8620.36
9929.452,1955.555,10072.54,10074.31,2033.775,9987.374,9731.408,1982.074,8891.89,9688.109,2018.298,9919.751,9388.404,1974.46,8620.56
9929.67,1955.555,10072.55,10074.51,2033.775,9987.472,9731.535,1982.074,8892.067,9688.313,2018.298,9919.832,9388.544,1974.46,8620.728
9929.882,1955.555,10072.57,10074.7,2033.775,9987.561,9731.686,1982.074,8892.218,9688.513,2018.298,9919.904,9388.675,1974.46,8620.896
9930.089,1955.555,10072.6,10074.89,2033.775,9987.642,9731.828,1982.074,8892.37,9688.704,2018.298,9919.985,9388.809,1974.46,8621.056
9930.296,1955.555,10072.62,10075.08,2033.775,9987.724,9731.966,1982.074,8892.526,9688.898,2018.298,9920.061,9388.961,1974.46,8621.198
9930.502,1955.555,10072.65,10075.28,2033.775,9987.801,9732.098,1982.074,8892.688,9689.096,2018.298,9920.129,9389.108,1974.46,8621.346
9930.731,1955.555,10072.67,10075.49,2033.775,9987.879,9732.247,1982.074,8892.862,9689.305,2018.298,9920.227,9389.27,1974.46,8621.511
9930.938,1955.555,10072.69,10075.69,2033.775,9987.956,9732.377,1982.074,8893.025,9689.496,2018.298,9920.309,9389.41,1974.46,8621.664
9931.146,1955.555,10072.69,10075.88,2033.775,9988.027,9732.502,1982.074,8893.192,9689.69,2018.298,9920.385,9389.553,1974.46,8621.816
9931.354,1955.555,10072.7,10076.09,2033.775,9988.071,9732.621,1982.074,8893.363,9689.885,2018.298,9920.461,9389.689,1974.46,8621.974
9931.563,1955.555,10072.71,10076.29,2033.775,9988.122,9732.746,1982.074,8893.53,9690.081,2018.298,9920.53,9389.821,1974.46,8622.135
9931.77,1955.555,10072.73,10076.49,2033.775,9988.18,9732.865,1982.074,8893.701,9690.274,2018.298,9920.608,9389.972,1974.46,8622.279
9931.976,1955.555,10072.76,10076.69,2033.775,9988.243,9732.99,1982.074,8893.868,9690.462,2018.298,9920.699,9390.128,1974.46,8622.417
9932.195,1955.555,10072.8,10076.9,2033.775,9988.318,9733.119,1982.074,8894.049,9690.665,2018.298,9920.79,9390.289,1974.46,8622.569
9932.4,1955.555,10072.83,10077.09,2033.775,9988.395,9733.234,1982.074,8894.223,9690.858,2018.298,9920.869,9390.436,1974.46,8622.718
9932.6,1955.555,10072.9,10077.27,2033.775,9988.493,9733.346,1982.074,8894.398,9691.054,2018.298,9920.941,9390.581,1974.46,8622.867
9932.798,1955.555,10072.96,10077.46,2033.775,9988.586,9733.463,1982.074,8894.571,9691.251,2018.298,9921.008,9390.727,1974.46,8623.017
9932.998,1955.555,10073.02,10077.64,2033.775,9988.686,9733.586,1982.074,8894.739,9691.446,2018.298,9921.081,9390.871,1974.46,8623.167
9933.2,1955.555,10073.07,10077.83,2033.775,9988.778,9733.724,1982.074,8894.896,9691.642,2018.298,9921.154,9391.011,1974.46,8623.322
9933.404,1955.555,10073.11,10078.02,2033.775,9988.865,9733.855,1982.074,8895.057,9691.839,2018.298,9921.221,9391.165,1974.46,8623.462
9933.609,1955.555,10073.15,10078.21,2033.775,9988.956,9733.982,1982.074,8895.222,9692.038,2018.298,9921.28,9391.315,1974.46,8623.606
9933.817,1955.555,10073.16,10078.4,2033.775,9989.041,9734.112,1982.074,8895.385,9692.239,2018.298,9921.334,9391.461,1974.46,8623.756
9934.024,1955.555,10073.19,10078.58,2033.775,9989.143,9734.237,1982.074,8895.552,9692.438,2018.298,9921.394,9391.61,1974.46,8623.901
9934.23,1955.555,10073.22,10078.76,2033.775,9989.237,9734.356,1982.074,8895.723,9692.633,2018.298,9921.469,9391.755,1974.46,8624.052
9934.436,1955.555,10073.25,10078.95,2033.775,9989.326,9734.481,1982.074,8895.89,9692.829,2018.298,9921.538,9391.895,1974.46,8624.206
9934.64,1955.555,10073.3,10079.14,2033.775,9989.409,9734.613,1982.074,8896.051,9693.028,2018.298,9921.601,9392.037,1974.46,8624.358
9934.843,1955.555,10073.34,10079.34,2033.775,9989.485,9734.739,1982.074,8896.217,9693.229,2018.298,9921.656,9392.175,1974.46,8624.515
9935.047,1955.555,10073.39,10079.52,2033.775,9989.578,9734.86,1982.074,8896.387,9693.43,2018.298,9921.714,9392.307,1974.46,8624.676
9935.252,1955.555,10073.42,10079.71,2033.775,9989.665,9735.003,1982.074,8896.539,9693.634,2018.298,9921.754,9392.453,1974.46,8624.824
9935.456,1955.555,10073.46,10079.9,2033.775,9989.76,9735.141,1982.074,8896.695,9693.837,2018.298,9921.801,9392.595,1974.46,8624.978
9935.661,1955.555,10073.5,10080.09,2033.775,9989.848,9735.273,1982.074,8896.856,9694.038,2018.298,9921.854,9392.749,1974.46,8625.117
9935.865,1955.555,10073.54,10080.27,2033.775,9989.95,9735.4,1982.074,8897.021,9694.241,2018.298,9921.902,9392.898,1974.46,8625.262
9936.065,1955.555,10073.59,10080.45,2033.775,9990.047,9735.521,1982.074,8897.19,9694.444,2018.298,9921.949,9393.043,1974.46,8625.411
9936.268,1955.555,10073.65,10080.64,2033.775,9990.137,9735.656,1982.074,8897.35,9694.65,2018.298,9921.98,9393.183,1974.46,8625.565
9936.469,1955.555,10073.7,10080.83,2033.775,9990.221,9735.786,1982.074,8897.513,9694.855,2018.298,9922.019,9393.317,1974.46,8625.725
9936.672,1955.555,10073.75,10081.03,2033.775,9990.299,9735.931,1982.074,8897.663,9695.061,2018.298,9922.058,9393.446,1974.46,8625.888
9936.876,1955.555,10073.79,10081.22,2033.775,9990.37,9736.07,1982.074,8897.818,9695.265,2018.298,9922.097,9393.581,1974.46,8626.047
9937.072,1955.555,10073.86,10081.42,2033.775,9990.427,9736.204,1982.074,8897.978,9695.468,2018.298,9922.143,9393.71,1974.46,8626.21
9937.271,1955.555,10073.92,10081.62,2033.775,9990.484,9736.345,1982.074,8898.132,9695.669,2018.298,9922.195,9393.845,1974.46,8626.369
9937.471,1955.555,10073.98,10081.82,2033.775,9990.549,9736.48,1982.074,8898.29,9695.87,2018.298,9922.248,9393.983,1974.46,8626.524
9937.673,1955.555,10074.03,10082.02,2033.775,9990.614,9736.61,1982.074,8898.453,9696.07,2018.298,9922.305,9394.116,1974.46,8626.685
9937.875,1955.555,10074.08,10082.21,2033.775,9990.687,9736.735,1982.074,8898.62,9696.269,2018.298,9922.367,9394.244,1974.46,8626.849
9938.079,1955.555,10074.12,10082.41,2033.775,9990.76,9736.854,1982.074,8898.791,9696.469,2018.298,9922.424,9394.377,1974.46,8627.009
9938.284,1955.555,10074.16,10082.61,2033.775,9990.804,9736.979,1982.074,8898.958,9696.674,2018.298,9922.461,9394.528,1974.46,8627.151
9938.488,1955.555,10074.2,10082.81,2033.775,9990.854,9737.116,1982.074,8899.115,9696.878,2018.298,9922.502,9394.675,1974.46,8627.299
9938.686,1955.555,10074.27,10083.01,2033.775,9990.906,9737.247,1982.074,8899.277,9697.084,2018.298,9922.53,9394.831,1974.46,8627.438
9938.884,1955.555,10074.33,10083.22,2033.775,9990.953,9737.384,1982.074,8899.435,9697.289,2018.298,9922.564,9394.982,1974.46,8627.581
9939.084,1955.555,10074.39,10083.42,2033.775,9991.006,9737.515,1982.074,8899.597,9697.496,2018.298,9922.59,9395.129,1974.46,8627.729
9939.286,1955.555,10074.44,10083.62,2033.775,9991.065,9737.649,1982.074,8899.756,9697.702,2018.298,9922.622,9395.274,1974.46,8627.879
9939.485,1955.555,10074.5,10083.82,2033.775,9991.132,9737.778,1982.074,8899.919,9697.907,2018.298,9922.661,9395.415,1974.46,8628.033
9939.687,1955.555,10074.55,10084.01,2033.775,9991.202,9737.902,1982.074,8900.087,9698.11,2018.298,9922.707,9395.564,1974.46,8628.178
9939.89,1955.555,10074.6,10084.21,2033.775,9991.257,9738.021,1982.074,8900.259,9698.313,2018.298,9922.758,9395.71,1974.46,8628.327
9940.087,1955.555,10074.67,10084.41,2033.775,9991.318,9738.125,1982.074,8900.439,9698.517,2018.298,9922.801,9395.854,1974.46,8628.478
9940.286,1955.555,10074.73,10084.61,2033.775,9991.387,9738.235,1982.074,8900.616,9698.719,2018.298,9922.851,9395.994,1974.46,8628.633
9940.486,1955.555,10074.79,10084.81,2033.775,9991.446,9738.34,1982.074,8900.797,9698.919,2018.298,9922.907,9396.128,1974.46,8628.792
9940.685,1955.555,10074.85,10085.01,2033.775,9991.512,9738.45,1982.074,8900.974,9699.117,2018.298,9922.971,9396.257,1974.46,8628.956
9940.885,1955.555,10074.91,10085.21,2033.775,9991.574,9738.566,1982.074,8901.146,9699.307,2018.298,9923.058,9396.386,1974.46,8629.12
9941.081,1955.555,10074.98,10085.4,2033.775,9991.643,9738.671,1982.074,8901.326,9699.499,2018.298,9923.139,9396.502,1974.46,8629.293
9941.279,1955.555,10075.05,10085.6,2033.775,9991.71,9738.781,1982.074,8901.503,9699.693,2018.298,9923.215,9396.624,1974.46,8629.462
9941.479,1955.555,10075.1,10085.79,2033.775,9991.783,9738.897,1982.074,8901.676,9699.89,2018.298,9923.284,9396.752,1974.46,8629.627
9941.682,1955.555,10075.16,10086,2033.775,9991.828,9738.997,1982.074,8901.859,9700.076,2018.298,9923.377,9396.868,1974.46,8629.8
9941.877,1955.555,10075.23,10086.2,2033.775,9991.88,9739.097,1982.074,8902.042,9700.266,2018.298,9923.464,9396.981,1974.46,8629.975
9942.074,1955.555,10075.29,10086.4,2033.775,9991.925,9739.202,1982.074,8902.222,9700.458,2018.298,9923.545,9397.101,1974.46,8630.146
9942.274,1955.555,10075.35,10086.6,2033.775,9991.977,9739.313,1982.074,8902.397,9700.652,2018.298,9923.619,9397.225,1974.46,8630.313
9942.476,1955.555,10075.41,10086.8,2033.775,9992.034,9739.401,1982.074,8902.586,9700.85,2018.298,9923.687,9397.354,1974.46,8630.476
9942.679,1955.555,10075.45,10087.01,2033.775,9992.077,9739.496,1982.074,8902.771,9701.049,2018.298,9923.748,9397.493,1974.46,8630.631
9942.878,1955.555,10075.51,10087.21,2033.775,9992.127,9739.597,1982.074,8902.954,9701.247,2018.298,9923.813,9397.627,1974.46,8630.791
9943.079,1955.555,10075.57,10087.41,2033.775,9992.184,9739.703,1982.074,8903.133,9701.447,2018.298,9923.872,9397.759,1974.46,8630.953
9943.281,1955.555,10075.62,10087.61,2033.775,9992.246,9739.81,1982.074,8903.312,9701.649,2018.298,9923.921,9397.901,1974.46,8631.105
9943.484,1955.555,10075.67,10087.81,2033.775,9992.314,9739.902,1982.074,8903.498,9701.853,2018.298,9923.967,9398.039,1974.46,8631.263
9943.689,1955.555,10075.7,10088,2033.775,9992.39,9740.001,1982.074,8903.682,9702.054,2018.298,9924.02,9398.181,1974.46,8631.416
9943.894,1955.555,10075.75,10088.2,2033.775,9992.458,9740.1,1982.074,8903.865,9702.26,2018.298,9924.053,9398.316,1974.46,8631.573
9944.099,1955.555,10075.78,10088.39,2033.775,9992.533,9740.193,1982.074,8904.052,9702.464,2018.298,9924.092,9398.452,1974.46,8631.731
9944.307,1955.555,10075.79,10088.59,2033.775,9992.602,9740.293,1982.074,8904.234,9702.667,2018.298,9924.138,9398.583,1974.46,8631.894
9944.515,1955.555,10075.8,10088.78,2033.775,9992.677,9740.398,1982.074,8904.414,9702.868,2018.298,9924.19,9398.708,1974.46,8632.061
9944.723,1955.555,10075.81,10088.97,2033.775,9992.775,9740.495,1982.074,8904.599,9703.067,2018.298,9924.25,9398.839,1974.46,8632.223
9944.931,1955.555,10075.82,10089.15,2033.775,9992.881,9740.598,1982.074,8904.779,9703.271,2018.298,9924.296,9398.98,1974.46,8632.376
9945.139,1955.555,10075.82,10089.33,2033.775,9992.98,9740.688,1982.074,8904.967,9703.472,2018.298,9924.349,9399.116,1974.46,8632.534
9945.347,1955.555,10075.84,10089.52,2033.775,9993.073,9740.783,1982.074,8905.151,9703.672,2018.298,9924.407,9399.259,1974.46,8632.686
9945.554,1955.555,10075.86,10089.7,2033.775,9993.179,9740.886,1982.074,8905.333,9703.87,2018.298,9924.471,9399.401,1974.46,8632.838
9945.76,1955.555,10075.88,10089.88,2033.775,9993.279,9740.994,1982.074,8905.511,9704.068,2018.298,9924.535,9399.539,1974.46,8632.994
9945.965,1955.555,10075.92,10090.06,2033.775,9993.374,9741.108,1982.074,8905.686,9704.269,2018.298,9924.593,9399.671,1974.46,8633.155
9946.169,1955.555,10075.96,10090.25,2033.775,9993.463,9741.228,1982.074,8905.856,9704.474,2018.298,9924.629,9399.798,1974.46,8633.32
9946.373,1955.555,10076,10090.44,2033.775,9993.545,9741.342,1982.074,8906.031,9704.678,2018.298,9924.671,9399.93,1974.46,8633.481
9946.714,1955.555,10076.06,10090.74,2033.775,9993.72,9741.5,1982.074,8906.339,9705.015,2018.298,9924.752,9400.181,1974.46,8633.72
9946.92,1955.555,10076.09,10090.93,2033.775,9993.818,9741.602,1982.074,8906.521,9705.216,2018.298,9924.808,9400.327,1974.46,8633.868
9947.368,1955.555,10076.1,10091.33,2033.775,9994.019,9741.832,1982.074,8906.905,9705.644,2018.298,9924.941,9400.637,1974.46,8634.192
9947.645,1955.555,10076.12,10091.57,2033.775,9994.148,9741.982,1982.074,8907.138,9705.91,2018.298,9925.015,9400.835,1974.46,8634.386
9948.256,1955.555,10076.16,10092.12,2033.775,9994.42,9742.332,1982.074,8907.642,9706.496,2018.298,9925.197,9401.26,1974.46,8634.828
9948.609,1955.555,10076.2,10092.45,2033.775,9994.566,9742.544,1982.074,8907.927,9706.839,2018.298,9925.292,9401.497,1974.46,8635.093
9949.388,1955.555,10076.29,10093.17,2033.775,9994.866,9742.991,1982.074,8908.571,9707.587,2018.298,9925.525,9402.03,1974.46,8635.667
9949.693,1955.555,10076.34,10093.46,2033.775,9994.975,9743.183,1982.074,8908.813,9707.885,2018.298,9925.607,9402.232,1974.46,8635.9
9950.386,1955.555,10076.43,10094.13,2033.775,9995.167,9743.598,1982.074,8909.376,9708.552,2018.298,9925.815,9402.674,1974.46,8636.442
9950.594,1955.555,10076.44,10094.33,2033.775,9995.231,9743.716,1982.074,8909.548,9708.753,2018.298,9925.871,9402.818,1974.46,8636.592
9951.161,1955.555,10076.49,10094.87,2033.775,9995.424,9743.981,1982.074,8910.052,9709.297,2018.298,9926.041,9403.215,1974.46,8637.001
9951.456,1955.555,10076.5,10095.15,2033.775,9995.482,9744.127,1982.074,8910.309,9709.572,2018.298,9926.147,9403.413,1974.46,8637.22
9952.001,1955.555,10076.54,10095.69,2033.775,9995.609,9744.382,1982.074,8910.792,9710.088,2018.298,9926.327,9403.767,1974.46,8637.637
9952.396,1955.555,10076.58,10096.07,2033.775,9995.714,9744.578,1982.074,8911.137,9710.467,2018.298,9926.445,9404.05,1974.46,8637.914
9952.646,1955.555,10076.61,10096.31,2033.775,9995.78,9744.711,1982.074,8911.353,9710.7,2018.298,9926.544,9404.229,1974.46,8638.093
9953.23,1955.555,10076.68,10096.89,2033.775,9995.908,9744.957,1982.074,8911.887,9711.245,2018.298,9926.765,9404.64,1974.46,8638.513
9953.444,1955.555,10076.71,10097.1,2033.775,9995.962,9745.054,1982.074,8912.079,9711.447,2018.298,9926.839,9404.785,1974.46,8638.672
9953.957,1955.555,10076.8,10097.59,2033.775,9996.107,9745.297,1982.074,8912.539,9711.94,2018.298,9927.002,9405.124,1974.46,8639.066
9954.163,1955.555,10076.83,10097.79,2033.775,9996.172,9745.39,1982.074,8912.726,9712.141,2018.298,9927.061,9405.255,1974.46,8639.229
9954.624,1955.555,10076.92,10098.23,2033.775,9996.332,9745.612,1982.074,8913.139,9712.586,2018.298,9927.208,9405.536,1974.46,8639.604
9954.828,1955.555,10076.96,10098.43,2033.775,9996.41,9745.715,1982.074,8913.319,9712.786,2018.298,9927.267,9405.667,1974.46,8639.766
9955.252,1955.555,10077.03,10098.83,2033.775,9996.572,9745.939,1982.074,8913.687,9713.212,2018.298,9927.328,9405.965,1974.46,8640.076
9955.46,1955.555,10077.04,10099.02,2033.775,9996.645,9746.029,1982.074,8913.874,9713.418,2018.298,9927.357,9406.104,1974.46,8640.231
9955.869,1955.555,10077.06,10099.4,2033.775,9996.799,9746.219,1982.074,8914.237,9713.822,2018.298,9927.426,9406.395,1974.46,8640.521
9956.077,1955.555,10077.08,10099.58,2033.775,9996.902,9746.311,1982.074,8914.425,9714.026,2018.298,9927.467,9406.537,1974.46,8640.672
9956.455,1955.555,10077.11,10099.91,2033.775,9997.089,9746.488,1982.074,8914.761,9714.397,2018.298,9927.546,9406.788,1974.46,8640.957
9956.662,1955.555,10077.14,10100.1,2033.775,9997.186,9746.592,1982.074,8914.941,9714.6,2018.298,9927.596,9406.939,1974.46,8641.1
9957.021,1955.555,10077.19,10100.42,2033.775,9997.343,9746.782,1982.074,8915.25,9714.96,2018.298,9927.643,9407.195,1974.46,8641.357
9957.225,1955.555,10077.23,10100.61,2033.775,9997.427,9746.897,1982.074,8915.424,9715.165,2018.298,9927.677,9407.337,1974.46,8641.51
9957.563,1955.555,10077.26,10100.93,2033.775,9997.554,9747.094,1982.074,8915.7,9715.498,2018.298,9927.743,9407.583,1974.46,8641.744
9957.771,1955.555,10077.27,10101.11,2033.775,9997.658,9747.229,1982.074,8915.858,9715.702,2018.298,9927.783,9407.736,1974.46,8641.885
9958.083,1955.555,10077.3,10101.39,2033.775,9997.807,9747.426,1982.074,8916.103,9716.01,2018.298,9927.84,9407.96,1974.46,8642.104
9958.307,1955.555,10077.31,10101.59,2033.775,9997.906,9747.576,1982.074,8916.269,9716.229,2018.298,9927.888,9408.124,1974.46,8642.256
9958.515,1955.555,10077.32,10101.77,2033.775,9998.001,9747.711,1982.074,8916.428,9716.434,2018.298,9927.925,9408.272,1974.46,8642.402
9958.76,1955.555,10077.34,10102,2033.775,9998.105,9747.864,1982.074,8916.62,9716.674,2018.298,9927.977,9408.449,1974.46,8642.574
9958.967,1955.555,10077.37,10102.19,2033.775,9998.188,9747.998,1982.074,8916.779,9716.876,2018.298,9928.027,9408.594,1974.46,8642.725
9959.191,1955.555,10077.4,10102.4,2033.775,9998.271,9748.139,1982.074,8916.957,9717.094,2018.298,9928.09,9408.746,1974.46,8642.893
9959.399,1955.555,10077.42,10102.59,2033.775,9998.353,9748.267,1982.074,8917.122,9717.292,2018.298,9928.153,9408.881,1974.46,8643.051
9959.61,1955.555,10077.43,10102.79,2033.775,9998.43,9748.391,1982.074,8917.293,9717.495,2018.298,9928.211,9409.036,1974.46,8643.194
9959.817,1955.555,10077.45,10102.98,2033.775,9998.512,9748.516,1982.074,8917.46,9717.695,2018.298,9928.268,9409.185,1974.46,8643.341
9960.023,1955.555,10077.48,10103.17,2033.775,9998.591,9748.661,1982.074,8917.609,9717.894,2018.298,9928.331,9409.337,1974.46,8643.482
9960.229,1955.555,10077.52,10103.36,2033.775,9998.684,9748.807,1982.074,8917.759,9718.094,2018.298,9928.388,9409.484,1974.46,8643.629
9960.433,1955.555,10077.56,10103.55,2033.775,9998.771,9748.947,1982.074,8917.913,9718.295,2018.298,9928.442,9409.637,1974.46,8643.771
9960.637,1955.555,10077.6,10103.74,2033.775,9998.852,9749.083,1982.074,8918.071,9718.502,2018.298,9928.469,9409.784,1974.46,8643.917
9960.842,1955.555,10077.64,10103.92,2033.775,9998.961,9749.213,1982.074,8918.234,9718.708,2018.298,9928.502,9409.927,1974.46,8644.068
9961.046,1955.555,10077.68,10104.1,2033.775,9999.064,9749.348,1982.074,8918.393,9718.912,2018.298,9928.542,9410.064,1974.46,8644.225
9961.251,1955.555,10077.72,10104.28,2033.775,9999.162,9749.478,1982.074,8918.556,9719.116,2018.298,9928.582,9410.216,1974.46,8644.367
9961.459,1955.555,10077.73,10104.47,2033.775,9999.254,9749.602,1982.074,8918.723,9719.319,2018.298,9928.629,9410.362,1974.46,8644.515
9961.666,1955.555,10077.75,10104.66,2033.775,9999.34,9749.721,1982.074,8918.894,9719.521,2018.298,9928.683,9410.504,1974.46,8644.667
9961.872,1955.555,10077.78,10104.85,2033.775,9999.419,9749.84,1982.074,8919.064,9719.721,2018.298,9928.74,9410.641,1974.46,8644.824
9962.077,1955.555,10077.82,10105.04,2033.775,9999.509,9749.953,1982.074,8919.239,9719.919,2018.298,9928.805,9410.772,1974.46,8644.985
9962.283,1955.555,10077.85,10105.23,2033.775,9999.592,9750.072,1982.074,8919.41,9720.119,2018.298,9928.862,9410.926,1974.46,8645.126
9962.491,1955.555,10077.86,10105.42,2033.775,9999.669,9750.198,1982.074,8919.576,9720.317,2018.298,9928.927,9411.075,1974.46,8645.271
9962.698,1955.555,10077.89,10105.62,2033.775,9999.732,9750.318,1982.074,8919.746,9720.518,2018.298,9928.984,9411.22,1974.46,8645.422
9962.905,1955.555,10077.91,10105.82,2033.775,9999.801,9750.442,1982.074,8919.914,9720.716,2018.298,9929.047,9411.359,1974.46,8645.577
9963.112,1955.555,10077.93,10106.01,2033.775,9999.875,9750.561,1982.074,8920.086,9720.916,2018.298,9929.104,9411.511,1974.46,8645.721
9963.318,1955.555,10077.96,10106.2,2033.775,9999.956,9750.686,1982.074,8920.252,9721.119,2018.298,9929.15,9411.657,1974.46,8645.869
9963.524,1955.555,10077.99,10106.4,2033.775,10000.03,9750.806,1982.074,8920.422,9721.322,2018.298,9929.194,9411.799,1974.46,8646.022
9963.732,1955.555,10078,10106.6,2033.775,10000.09,9750.92,1982.074,8920.596,9721.524,2018.298,9929.245,9411.935,1974.46,8646.18
9963.94,1955.555,10078.02,10106.79,2033.775,10000.16,9751.028,1982.074,8920.773,9721.725,2018.298,9929.303,9412.077,1974.46,8646.331
9964.147,1955.555,10078.04,10107,2033.775,10000.21,9751.143,1982.074,8920.947,9721.923,2018.298,9929.367,9412.224,1974.46,8646.479
9964.354,1955.555,10078.07,10107.2,2033.775,10000.26,9751.263,1982.074,8921.117,9722.116,2018.298,9929.445,9412.365,1974.46,8646.633
9964.562,1955.555,10078.08,10107.4,2033.775,10000.33,9751.402,1982.074,8921.272,9722.312,2018.298,9929.518,9412.502,1974.46,8646.79
9964.77,1955.555,10078.09,10107.59,2033.775,10000.39,9751.536,1982.074,8921.432,9722.509,2018.298,9929.583,9412.633,1974.46,8646.952
9964.977,1955.555,10078.12,10107.79,2033.775,10000.46,9751.665,1982.074,8921.596,9722.697,2018.298,9929.672,9412.759,1974.46,8647.118
9965.183,1955.555,10078.15,10108,2033.775,10000.51,9751.788,1982.074,8921.764,9722.889,2018.298,9929.755,9412.868,1974.46,8647.295
9965.388,1955.555,10078.19,10108.2,2033.775,10000.56,9751.906,1982.074,8921.936,9723.08,2018.298,9929.836,9412.983,1974.46,8647.469
9965.596,1955.555,10078.2,10108.4,2033.775,10000.61,9752.019,1982.074,8922.111,9723.274,2018.298,9929.911,9413.102,1974.46,8647.641
9965.803,1955.555,10078.22,10108.6,2033.775,10000.68,9752.137,1982.074,8922.283,9723.463,2018.298,9930,9413.226,1974.46,8647.809
9966.011,1955.555,10078.23,10108.8,2033.775,10000.74,9752.271,1982.074,8922.442,9723.654,2018.298,9930.083,9413.354,1974.46,8647.972
9966.219,1955.555,10078.24,10108.99,2033.775,10000.8,9752.399,1982.074,8922.606,9723.844,2018.298,9930.169,9413.479,1974.46,8648.14
9966.426,1955.555,10078.26,10109.2,2033.775,10000.85,9752.522,1982.074,8922.774,9724.033,2018.298,9930.256,9413.607,1974.46,8648.303
9966.634,1955.555,10078.27,10109.4,2033.775,10000.9,9752.64,1982.074,8922.946,9724.225,2018.298,9930.337,9413.731,1974.46,8648.471
9966.841,1955.555,10078.29,10109.6,2033.775,10000.95,9752.771,1982.074,8923.107,9724.419,2018.298,9930.412,9413.852,1974.46,8648.641
9967.049,1955.555,10078.31,10109.8,2033.775,10001.01,9752.898,1982.074,8923.272,9724.616,2018.298,9930.48,9413.978,1974.46,8648.807
9967.256,1955.555,10078.33,10110,2033.775,10001.08,9753.02,1982.074,8923.441,9724.814,2018.298,9930.545,9414.101,1974.46,8648.975
9967.464,1955.555,10078.33,10110.19,2033.775,10001.16,9753.135,1982.074,8923.614,9725.015,2018.298,9930.603,9414.224,1974.46,8649.143
9967.672,1955.555,10078.35,10110.39,2033.775,10001.21,9753.256,1982.074,8923.783,9725.217,2018.298,9930.654,9414.34,1974.46,8649.315
9967.879,1955.555,10078.37,10110.59,2033.775,10001.28,9753.371,1982.074,8923.956,9725.417,2018.298,9930.712,9414.444,1974.46,8649.496
9968.085,1955.555,10078.4,10110.79,2033.775,10001.34,9753.472,1982.074,8924.139,9725.621,2018.298,9930.752,9414.555,1974.46,8649.673
9968.29,1955.555,10078.43,10110.98,2033.775,10001.41,9753.568,1982.074,8924.323,9725.824,2018.298,9930.799,9414.662,1974.46,8649.852
9968.494,1955.555,10078.47,10111.18,2033.775,10001.48,9753.659,1982.074,8924.511,9726.025,2018.298,9930.853,9414.775,1974.46,8650.026
9968.702,1955.555,10078.48,10111.37,2033.775,10001.56,9753.751,1982.074,8924.697,9726.231,2018.298,9930.882,9414.895,1974.46,8650.197
9968.91,1955.555,10078.49,10111.57,2033.775,10001.63,9753.844,1982.074,8924.884,9726.437,2018.298,9930.918,9415.019,1974.46,8650.364
9969.118,1955.555,10078.5,10111.76,2033.775,10001.71,9753.942,1982.074,8925.067,9726.641,2018.298,9930.96,9415.141,1974.46,8650.533
9969.325,1955.555,10078.53,10111.95,2033.775,10001.79,9754.047,1982.074,8925.248,9726.846,2018.298,9930.998,9415.263,1974.46,8650.702
9969.531,1955.555,10078.56,10112.13,2033.775,10001.9,9754.157,1982.074,8925.425,9727.05,2018.298,9931.039,9415.37,1974.46,8650.881
9969.739,1955.555,10078.57,10112.31,2033.775,10002,9754.265,1982.074,8925.604,9727.253,2018.298,9931.087,9415.483,1974.46,8651.056
9969.947,1955.555,10078.59,10112.5,2033.775,10002.09,9754.378,1982.074,8925.778,9727.455,2018.298,9931.139,9415.602,1974.46,8651.227
9970.154,1955.555,10078.61,10112.69,2033.775,10002.18,9754.497,1982.074,8925.949,9727.655,2018.298,9931.197,9415.726,1974.46,8651.394
9970.361,1955.555,10078.64,10112.88,2033.775,10002.26,9754.61,1982.074,8926.124,9727.854,2018.298,9931.263,9415.841,1974.46,8651.566
9970.567,1955.555,10078.67,10113.06,2033.775,10002.37,9754.729,1982.074,8926.295,9728.054,2018.298,9931.321,9415.962,1974.46,8651.736
9970.772,1955.555,10078.71,10113.24,2033.775,10002.48,9754.874,1982.074,8926.444,9728.252,2018.298,9931.387,9416.089,1974.46,8651.901
9970.978,1955.555,10078.74,10113.42,2033.775,10002.58,9755.014,1982.074,8926.599,9728.452,2018.298,9931.445,9416.221,1974.46,8652.063
9971.182,1955.555,10078.79,10113.61,2033.775,10002.67,9755.148,1982.074,8926.758,9728.652,2018.298,9931.504,9416.351,1974.46,8652.226
9971.387,1955.555,10078.82,10113.79,2033.775,10002.76,9755.278,1982.074,8926.921,9728.851,2018.298,9931.568,9416.475,1974.46,8652.393
9971.594,1955.555,10078.84,10113.98,2033.775,10002.85,9755.402,1982.074,8927.088,9729.049,2018.298,9931.632,9416.604,1974.46,8652.556
9971.801,1955.555,10078.87,10114.16,2033.775,10002.96,9755.521,1982.074,8927.259,9729.239,2018.298,9931.716,9416.751,1974.46,8652.704
9972.007,1955.555,10078.91,10114.34,2033.775,10003.07,9755.636,1982.074,8927.433,9729.433,2018.298,9931.794,9416.9,1974.46,8652.849
9972.214,1955.555,10078.93,10114.52,2033.775,10003.17,9755.744,1982.074,8927.61,9729.628,2018.298,9931.865,9417.045,1974.46,8652.998
9972.422,1955.555,10078.94,10114.7,2033.775,10003.28,9755.858,1982.074,8927.784,9729.825,2018.298,9931.934,9417.185,1974.46,8653.152
9972.63,1955.555,10078.95,10114.88,2033.775,10003.38,9755.973,1982.074,8927.958,9730.021,2018.298,9932.005,9417.319,1974.46,8653.312
9972.837,1955.555,10078.97,10115.06,2033.775,10003.48,9756.092,1982.074,8928.129,9730.22,2018.298,9932.069,9417.472,1974.46,8653.453
9973.044,1955.555,10079,10115.25,2033.775,10003.57,9756.223,1982.074,8928.291,9730.419,2018.298,9932.129,9417.619,1974.46,8653.6
9973.25,1955.555,10079.03,10115.44,2033.775,10003.65,9756.355,1982.074,8928.451,9730.621,2018.298,9932.179,9417.762,1974.46,8653.751
9973.454,1955.555,10079.07,10115.63,2033.775,10003.73,9756.486,1982.074,8928.613,9730.827,2018.298,9932.212,9417.915,1974.46,8653.892
9973.662,1955.555,10079.09,10115.83,2033.775,10003.81,9756.624,1982.074,8928.77,9731.031,2018.298,9932.251,9418.063,1974.46,8654.037
9973.869,1955.555,10079.11,10116.02,2033.775,10003.89,9756.757,1982.074,8928.931,9731.234,2018.298,9932.297,9418.207,1974.46,8654.188
9974.077,1955.555,10079.12,10116.21,2033.775,10003.96,9756.889,1982.074,8929.093,9731.436,2018.298,9932.35,9418.346,1974.46,8654.343
9974.284,1955.555,10079.14,10116.41,2033.775,10004.03,9757.015,1982.074,8929.259,9731.641,2018.298,9932.385,9418.479,1974.46,8654.502
9974.491,1955.555,10079.17,10116.61,2033.775,10004.1,9757.139,1982.074,8929.427,9731.845,2018.298,9932.427,9418.608,1974.46,8654.666
9974.697,1955.555,10079.2,10116.8,2033.775,10004.17,9757.257,1982.074,8929.599,9732.048,2018.298,9932.475,9418.761,1974.46,8654.808
9974.904,1955.555,10079.22,10117,2033.775,10004.24,9757.379,1982.074,8929.768,9732.249,2018.298,9932.529,9418.908,1974.46,8654.954
9975.11,1955.555,10079.25,10117.2,2033.775,10004.3,9757.498,1982.074,8929.938,9732.448,2018.298,9932.591,9419.051,1974.46,8655.105
9975.315,1955.555,10079.29,10117.39,2033.775,10004.38,9757.615,1982.074,8930.111,9732.646,2018.298,9932.659,9419.188,1974.46,8655.262
9975.521,1955.555,10079.32,10117.59,2033.775,10004.45,9757.736,1982.074,8930.281,9732.844,2018.298,9932.725,9419.321,1974.46,8655.423
9975.725,1955.555,10079.36,10117.79,2033.775,10004.5,9757.852,1982.074,8930.455,9733.042,2018.298,9932.787,9419.448,1974.46,8655.588
9975.928,1955.555,10079.41,10117.99,2033.775,10004.56,9757.958,1982.074,8930.634,9733.23,2018.298,9932.875,9419.581,1974.46,8655.749
9976.132,1955.555,10079.45,10118.19,2033.775,10004.6,9758.07,1982.074,8930.81,9733.422,2018.298,9932.957,9419.711,1974.46,8655.912
9976.34,1955.555,10079.47,10118.4,2033.775,10004.66,9758.188,1982.074,8930.981,9733.616,2018.298,9933.033,9419.845,1974.46,8656.071
9976.547,1955.555,10079.49,10118.6,2033.775,10004.71,9758.313,1982.074,8931.148,9733.812,2018.298,9933.104,9419.979,1974.46,8656.23
9976.755,1955.555,10079.5,10118.79,2033.775,10004.78,9758.447,1982.074,8931.308,9734.008,2018.298,9933.173,9420.131,1974.46,8656.373
9976.963,1955.555,10079.51,10119,2033.775,10004.83,9758.576,1982.074,8931.471,9734.207,2018.298,9933.235,9420.278,1974.46,8656.521
9977.171,1955.555,10079.53,10119.2,2033.775,10004.89,9758.7,1982.074,8931.639,9734.403,2018.298,9933.304,9420.421,1974.46,8656.673
9977.379,1955.555,10079.53,10119.39,2033.775,10004.95,9758.818,1982.074,8931.811,9734.603,2018.298,9933.366,9420.559,1974.46,8656.829
9977.587,1955.555,10079.55,10119.59,2033.775,10005.02,9758.931,1982.074,8931.986,9734.8,2018.298,9933.433,9420.69,1974.46,8656.99
9977.794,1955.555,10079.57,10119.79,2033.775,10005.09,9759.049,1982.074,8932.158,9734.999,2018.298,9933.493,9420.834,1974.46,8657.142
9978.001,1955.555,10079.59,10119.99,2033.775,10005.14,9759.161,1982.074,8932.334,9735.204,2018.298,9933.528,9420.972,1974.46,8657.298
9978.206,1955.555,10079.63,10120.19,2033.775,10005.2,9759.249,1982.074,8932.522,9735.408,2018.298,9933.57,9421.117,1974.46,8657.446
9978.411,1955.555,10079.66,10120.39,2033.775,10005.26,9759.343,1982.074,8932.708,9735.61,2018.298,9933.619,9421.258,1974.46,8657.6
9978.616,1955.555,10079.7,10120.59,2033.775,10005.32,9759.439,1982.074,8932.893,9735.812,2018.298,9933.675,9421.399,1974.46,8657.752
9978.819,1955.555,10079.75,10120.79,2033.775,10005.38,9759.542,1982.074,8933.074,9736.017,2018.298,9933.713,9421.536,1974.46,8657.909
9979.024,1955.555,10079.78,10120.99,2033.775,10005.43,9759.646,1982.074,8933.255,9736.22,2018.298,9933.758,9421.675,1974.46,8658.064
9979.232,1955.555,10079.79,10121.19,2033.775,10005.49,9759.757,1982.074,8933.432,9736.422,2018.298,9933.81,9421.817,1974.46,8658.217
9979.44,1955.555,10079.8,10121.39,2033.775,10005.55,9759.855,1982.074,8933.615,9736.622,2018.298,9933.868,9421.955,1974.46,8658.373
9979.648,1955.555,10079.81,10121.58,2033.775,10005.62,9759.948,1982.074,8933.802,9736.827,2018.298,9933.905,9422.087,1974.46,8658.534
9979.855,1955.555,10079.83,10121.78,2033.775,10005.7,9760.048,1982.074,8933.985,9737.031,2018.298,9933.949,9422.214,1974.46,8658.699
9980.062,1955.555,10079.86,10121.97,2033.775,10005.78,9760.142,1982.074,8934.171,9737.233,2018.298,9934,9422.313,1974.46,8658.883
9980.267,1955.555,10079.89,10122.15,2033.775,10005.89,9760.242,1982.074,8934.354,9737.439,2018.298,9934.031,9422.417,1974.46,8659.063
9980.475,1955.555,10079.91,10122.33,2033.775,10005.99,9760.331,1982.074,8934.542,9737.646,2018.298,9934.06,9422.521,1974.46,8659.244
9980.683,1955.555,10079.92,10122.51,2033.775,10006.09,9760.426,1982.074,8934.728,9737.852,2018.298,9934.087,9422.62,1974.46,8659.427
9980.89,1955.555,10079.95,10122.7,2033.775,10006.19,9760.526,1982.074,8934.91,9738.057,2018.298,9934.121,9422.726,1974.46,8659.606
9981.096,1955.555,10079.98,10122.88,2033.775,10006.28,9760.633,1982.074,8935.089,9738.261,2018.298,9934.162,9422.837,1974.46,8659.782
9981.301,1955.555,10080.02,10123.07,2033.775,10006.37,9760.745,1982.074,8935.264,9738.464,2018.298,9934.21,9422.953,1974.46,8659.955
9981.509,1955.555,10080.03,10123.26,2033.775,10006.45,9760.854,1982.074,8935.441,9738.665,2018.298,9934.265,9423.075,1974.46,8660.124
9981.716,1955.555,10080.05,10123.46,2033.775,10006.53,9760.97,1982.074,8935.615,9738.864,2018.298,9934.326,9423.202,1974.46,8660.289
9981.922,1955.555,10080.08,10123.64,2033.775,10006.62,9761.081,1982.074,8935.791,9739.062,2018.298,9934.394,9423.335,1974.46,8660.45
9982.127,1955.555,10080.12,10123.83,2033.775,10006.71,9761.198,1982.074,8935.963,9739.261,2018.298,9934.454,9423.462,1974.46,8660.615
9982.331,1955.555,10080.16,10124.02,2033.775,10006.8,9761.315,1982.074,8936.136,9739.458,2018.298,9934.521,9423.586,1974.46,8660.782
9982.534,1955.555,10080.2,10124.21,2033.775,10006.89,9761.438,1982.074,8936.305,9739.657,2018.298,9934.582,9423.689,1974.46,8660.963
9982.738,1955.555,10080.25,10124.4,2033.775,10006.98,9761.556,1982.074,8936.478,9739.854,2018.298,9934.649,9423.799,1974.46,8661.14
9982.945,1955.555,10080.26,10124.59,2033.775,10007.06,9761.66,1982.074,8936.658,9740.054,2018.298,9934.71,9423.914,1974.46,8661.313
9983.152,1955.555,10080.29,10124.77,2033.775,10007.16,9761.771,1982.074,8936.835,9740.256,2018.298,9934.759,9424.029,1974.46,8661.487
9983.358,1955.555,10080.32,10124.96,2033.775,10007.25,9761.887,1982.074,8937.008,9740.462,2018.298,9934.79,9424.149,1974.46,8661.657
9983.563,1955.555,10080.36,10125.15,2033.775,10007.34,9762.008,1982.074,8937.177,9740.667,2018.298,9934.828,9424.275,1974.46,8661.823
9983.767,1955.555,10080.41,10125.34,2033.775,10007.42,9762.13,1982.074,8937.346,9740.872,2018.298,9934.866,9424.387,1974.46,8661.999
9983.971,1955.555,10080.45,10125.53,2033.775,10007.51,9762.265,1982.074,8937.505,9741.076,2018.298,9934.91,9424.504,1974.46,8662.171
9984.168,1955.555,10080.52,10125.72,2033.775,10007.6,9762.404,1982.074,8937.659,9741.282,2018.298,9934.94,9424.627,1974.46,8662.339
9984.366,1955.555,10080.58,10125.9,2033.775,10007.69,9762.539,1982.074,8937.818,9741.488,2018.298,9934.969,9424.755,1974.46,8662.503
9984.566,1955.555,10080.64,10126.08,2033.775,10007.8,9762.673,1982.074,8937.979,9741.693,2018.298,9935.003,9424.897,1974.46,8662.654
9984.769,1955.555,10080.69,10126.26,2033.775,10007.9,9762.801,1982.074,8938.143,9741.897,2018.298,9935.044,9425.035,1974.46,8662.811
9984.972,1955.555,10080.73,10126.45,2033.775,10008,9762.924,1982.074,8938.311,9742.101,2018.298,9935.092,9425.173,1974.46,8662.967
9985.169,1955.555,10080.8,10126.63,2033.775,10008.09,9763.048,1982.074,8938.478,9742.302,2018.298,9935.146,9425.312,1974.46,8663.123
9985.368,1955.555,10080.86,10126.82,2033.775,10008.18,9763.179,1982.074,8938.64,9742.501,2018.298,9935.208,9425.462,1974.46,8663.267
9985.569,1955.555,10080.91,10127,2033.775,10008.28,9763.306,1982.074,8938.805,9742.707,2018.298,9935.24,9425.608,1974.46,8663.415
9985.772,1955.555,10080.96,10127.18,2033.775,10008.38,9763.435,1982.074,8938.969,9742.914,2018.298,9935.268,9425.749,1974.46,8663.568
9985.971,1955.555,10081.03,10127.37,2033.775,10008.48,9763.561,1982.074,8939.135,9743.119,2018.298,9935.302,9425.885,1974.46,8663.727
9986.167,1955.555,10081.1,10127.55,2033.775,10008.58,9763.7,1982.074,8939.289,9743.323,2018.298,9935.343,9426.03,1974.46,8663.876
9986.365,1955.555,10081.16,10127.73,2033.775,10008.68,9763.837,1982.074,8939.446,9743.526,2018.298,9935.39,9426.18,1974.46,8664.021
9986.564,1955.555,10081.22,10127.92,2033.775,10008.78,9763.976,1982.074,8939.602,9743.729,2018.298,9935.435,9426.324,1974.46,8664.17
9986.76,1955.555,10081.29,10128.1,2033.775,10008.88,9764.113,1982.074,8939.758,9743.932,2018.298,9935.486,9426.47,1974.46,8664.319
9986.957,1955.555,10081.36,10128.28,2033.775,10008.98,9764.246,1982.074,8939.919,9744.135,2018.298,9935.534,9426.61,1974.46,8664.473
9987.152,1955.555,10081.43,10128.47,2033.775,10009.07,9764.373,1982.074,8940.084,9744.336,2018.298,9935.589,9426.746,1974.46,8664.631
9987.35,1955.555,10081.5,10128.65,2033.775,10009.17,9764.495,1982.074,8940.253,9744.537,2018.298,9935.644,9426.891,1974.46,8664.781
9987.544,1955.555,10081.58,10128.84,2033.775,10009.27,9764.611,1982.074,8940.426,9744.736,2018.298,9935.705,9427.045,1974.46,8664.921
9987.74,1955.555,10081.64,10129.02,2033.775,10009.36,9764.712,1982.074,8940.608,9744.94,2018.298,9935.744,9427.194,1974.46,8665.065
9987.939,1955.555,10081.71,10129.21,2033.775,10009.45,9764.818,1982.074,8940.787,9745.144,2018.298,9935.79,9427.346,1974.46,8665.209
9988.141,1955.555,10081.76,10129.4,2033.775,10009.53,9764.918,1982.074,8940.97,9745.345,2018.298,9935.843,9427.492,1974.46,8665.357
9988.336,1955.555,10081.83,10129.6,2033.775,10009.6,9765.023,1982.074,8941.149,9745.548,2018.298,9935.89,9427.64,1974.46,8665.504
9988.531,1955.555,10081.91,10129.79,2033.775,10009.68,9765.135,1982.074,8941.325,9745.749,2018.298,9935.943,9427.782,1974.46,8665.655
9988.729,1955.555,10081.98,10129.98,2033.775,10009.78,9765.246,1982.074,8941.501,9745.954,2018.298,9935.978,9427.92,1974.46,8665.812
9988.928,1955.555,10082.04,10130.16,2033.775,10009.87,9765.352,1982.074,8941.681,9746.158,2018.298,9936.019,9428.053,1974.46,8665.972
9989.129,1955.555,10082.09,10130.35,2033.775,10009.96,9765.463,1982.074,8941.856,9746.361,2018.298,9936.066,9428.181,1974.46,8666.136
9989.326,1955.555,10082.16,10130.54,2033.775,10010.04,9765.556,1982.074,8942.043,9746.563,2018.298,9936.121,9428.303,1974.46,8666.305
9989.525,1955.555,10082.22,10130.74,2033.775,10010.11,9765.654,1982.074,8942.227,9746.762,2018.298,9936.182,9428.431,1974.46,8666.469
9989.727,1955.555,10082.27,10130.93,2033.775,10010.19,9765.759,1982.074,8942.407,9746.959,2018.298,9936.249,9428.574,1974.46,8666.62
9989.93,1955.555,10082.32,10131.11,2033.775,10010.3,9765.869,1982.074,8942.584,9747.146,2018.298,9936.34,9428.723,1974.46,8666.767
9990.131,1955.555,10082.37,10131.29,2033.775,10010.41,9765.985,1982.074,8942.757,9747.337,2018.298,9936.425,9428.866,1974.46,8666.918
9990.325,1955.555,10082.44,10131.47,2033.775,10010.51,9766.082,1982.074,8942.941,9747.53,2018.298,9936.503,9429.005,1974.46,8667.073
9990.522,1955.555,10082.51,10131.66,2033.775,10010.6,9766.186,1982.074,8943.122,9747.722,2018.298,9936.585,9429.138,1974.46,8667.233
9990.722,1955.555,10082.57,10131.85,2033.775,10010.69,9766.295,1982.074,8943.3,9747.916,2018.298,9936.66,9429.266,1974.46,8667.397
9990.923,1955.555,10082.63,10132.04,2033.775,10010.77,9766.409,1982.074,8943.474,9748.106,2018.298,9936.744,9429.39,1974.46,8667.564
9991.118,1955.555,10082.7,10132.24,2033.775,10010.84,9766.529,1982.074,8943.644,9748.3,2018.298,9936.822,9429.493,1974.46,8667.745
9991.315,1955.555,10082.77,10132.43,2033.775,10010.92,9766.644,1982.074,8943.817,9748.494,2018.298,9936.896,9429.603,1974.46,8667.923
9991.516,1955.555,10082.83,10132.61,2033.775,10011.03,9766.764,1982.074,8943.987,9748.691,2018.298,9936.965,9429.718,1974.46,8668.097
9991.717,1955.555,10082.88,10132.79,2033.775,10011.13,9766.902,1982.074,8944.143,9748.891,2018.298,9937.026,9429.838,1974.46,8668.267
9991.919,1955.555,10082.93,10132.97,2033.775,10011.23,9767.035,1982.074,8944.303,9749.088,2018.298,9937.095,9429.938,1974.46,8668.449
9992.123,1955.555,10082.97,10133.15,2033.775,10011.33,9767.163,1982.074,8944.467,9749.287,2018.298,9937.156,9430.045,1974.46,8668.628
9992.327,1955.555,10083.01,10133.34,2033.775,10011.42,9767.297,1982.074,8944.626,9749.484,2018.298,9937.225,9430.156,1974.46,8668.805
9992.535,1955.555,10083.03,10133.53,2033.775,10011.51,9767.426,1982.074,8944.79,9749.671,2018.298,9937.318,9430.258,1974.46,8668.986
9992.742,1955.555,10083.05,10133.71,2033.775,10011.61,9767.568,1982.074,8944.942,9749.858,2018.298,9937.408,9430.365,1974.46,8669.165
9992.948,1955.555,10083.08,10133.9,2033.775,10011.71,9767.71,1982.074,8945.095,9750.049,2018.298,9937.492,9430.479,1974.46,8669.34
9993.153,1955.555,10083.11,10134.09,2033.775,10011.79,9767.847,1982.074,8945.252,9750.242,2018.298,9937.57,9430.597,1974.46,8669.511
9993.357,1955.555,10083.16,10134.28,2033.775,10011.87,9767.979,1982.074,8945.413,9750.434,2018.298,9937.651,9430.721,1974.46,8669.678
9993.561,1955.555,10083.2,10134.46,2033.775,10011.98,9768.104,1982.074,8945.579,9750.619,2018.298,9937.747,9430.831,1974.46,8669.854
9993.763,1955.555,10083.25,10134.64,2033.775,10012.08,9768.226,1982.074,8945.749,9750.808,2018.298,9937.837,9430.938,1974.46,8670.033
9993.962,1955.555,10083.31,10134.82,2033.775,10012.18,9768.341,1982.074,8945.923,9750.998,2018.298,9937.921,9431.052,1974.46,8670.208
9994.163,1955.555,10083.37,10135.01,2033.775,10012.27,9768.462,1982.074,8946.093,9751.191,2018.298,9937.998,9431.171,1974.46,8670.379
9994.365,1955.555,10083.42,10135.2,2033.775,10012.35,9768.577,1982.074,8946.267,9751.387,2018.298,9938.069,9431.295,1974.46,8670.546
9994.563,1955.555,10083.49,10135.39,2033.775,10012.43,9768.698,1982.074,8946.437,9751.585,2018.298,9938.134,9431.408,1974.46,8670.721
9994.762,1955.555,10083.55,10135.58,2033.775,10012.52,9768.813,1982.074,8946.61,9751.785,2018.298,9938.192,9431.527,1974.46,8670.892
9994.958,1955.555,10083.62,10135.76,2033.775,10012.63,9768.905,1982.074,8946.797,9751.983,2018.298,9938.257,9431.626,1974.46,8671.075
9995.156,1955.555,10083.68,10135.94,2033.775,10012.73,9769.002,1982.074,8946.981,9752.177,2018.298,9938.334,9431.73,1974.46,8671.256
9995.355,1955.555,10083.74,10136.13,2033.775,10012.83,9769.096,1982.074,8947.167,9752.373,2018.298,9938.405,9431.841,1974.46,8671.433
9995.557,1955.555,10083.8,10136.31,2033.775,10012.93,9769.195,1982.074,8947.35,9752.571,2018.298,9938.47,9431.94,1974.46,8671.616
9995.756,1955.555,10083.86,10136.49,2033.775,10013.03,9769.302,1982.074,8947.529,9752.771,2018.298,9938.528,9432.046,1974.46,8671.796
9995.955,1955.555,10083.92,10136.67,2033.775,10013.13,9769.413,1982.074,8947.705,9752.977,2018.298,9938.564,9432.157,1974.46,8671.973
9996.156,1955.555,10083.98,10136.86,2033.775,10013.22,9769.521,1982.074,8947.883,9753.181,2018.298,9938.607,9432.268,1974.46,8672.149
9996.358,1955.555,10084.03,10137.05,2033.775,10013.31,9769.636,1982.074,8948.057,9753.383,2018.298,9938.657,9432.384,1974.46,8672.322
9996.559,1955.555,10084.08,10137.24,2033.775,10013.39,9769.725,1982.074,8948.245,9753.583,2018.298,9938.714,9432.494,1974.46,8672.499
9996.761,1955.555,10084.13,10137.43,2033.775,10013.47,9769.82,1982.074,8948.431,9753.781,2018.298,9938.776,9432.61,1974.46,8672.672
9996.958,1955.555,10084.2,10137.63,2033.775,10013.55,9769.922,1982.074,8948.612,9753.979,2018.298,9938.842,9432.711,1974.46,8672.854
9997.157,1955.555,10084.26,10137.81,2033.775,10013.64,9770.029,1982.074,8948.791,9754.179,2018.298,9938.9,9432.817,1974.46,8673.034
9997.358,1955.555,10084.31,10138,2033.775,10013.73,9770.143,1982.074,8948.966,9754.376,2018.298,9938.966,9432.929,1974.46,8673.21
9997.553,1955.555,10084.39,10138.19,2033.775,10013.82,9770.24,1982.074,8949.15,9754.566,2018.298,9939.051,9433.046,1974.46,8673.383
9997.749,1955.555,10084.46,10138.38,2033.775,10013.9,9770.335,1982.074,8949.336,9754.755,2018.298,9939.139,9433.168,1974.46,8673.552
9997.947,1955.555,10084.52,10138.58,2033.775,10013.97,9770.422,1982.074,8949.525,9754.946,2018.298,9939.221,9433.293,1974.46,8673.719
9998.142,1955.555,10084.59,10138.77,2033.775,10014.04,9770.515,1982.074,8949.712,9755.136,2018.298,9939.309,9433.424,1974.46,8673.881
9998.339,1955.555,10084.66,10138.97,2033.775,10014.12,9770.613,1982.074,8949.896,9755.327,2018.298,9939.39,9433.549,1974.46,8674.048
9998.536,1955.555,10084.73,10139.16,2033.775,10014.2,9770.719,1982.074,8950.075,9755.521,2018.298,9939.465,9433.68,1974.46,8674.21
9998.735,1955.555,10084.79,10139.35,2033.775,10014.27,9770.83,1982.074,8950.252,9755.718,2018.298,9939.533,9433.805,1974.46,8674.377
9998.937,1955.555,10084.85,10139.55,2033.775,10014.36,9770.92,1982.074,8950.44,9755.917,2018.298,9939.596,9433.936,1974.46,8674.539
9999.14,1955.555,10084.89,10139.73,2033.775,10014.46,9771.016,1982.074,8950.626,9756.113,2018.298,9939.664,9434.078,1974.46,8674.69
9999.344,1955.555,10084.94,10139.92,2033.775,10014.55,9771.117,1982.074,8950.808,9756.305,2018.298,9939.746,9434.216,1974.46,8674.847
9999.548,1955.555,10084.98,10140.1,2033.775,10014.64,9771.225,1982.074,8950.986,9756.499,2018.298,9939.822,9434.354,1974.46,8675.002
9999.753,1955.555,10085.02,10140.29,2033.775,10014.72,9771.324,1982.074,8951.169,9756.691,2018.298,9939.902,9434.493,1974.46,8675.157
9999.959,1955.555,10085.04,10140.49,2033.775,10014.8,9771.43,1982.074,8951.349,9756.883,2018.298,9939.985,9434.627,1974.46,8675.316
10000.16,1955.555,10085.08,10140.68,2033.775,10014.88,9771.523,1982.074,8951.535,9757.076,2018.298,9940.063,9434.756,1974.46,8675.48
10000.37,1955.555,10085.1,10140.87,2033.775,10014.96,9771.623,1982.074,8951.718,9757.263,2018.298,9940.155,9434.896,1974.46,8675.635
10000.58,1955.555,10085.12,10141.07,2033.775,10015.01,9771.72,1982.074,8951.902,9757.452,2018.298,9940.242,9435.031,1974.46,8675.793
10000.78,1955.555,10085.16,10141.28,2033.775,10015.07,9771.822,1982.074,8952.084,9757.639,2018.298,9940.334,9435.161,1974.46,8675.956
10000.99,1955.555,10085.18,10141.48,2033.775,10015.12,9771.917,1982.074,8952.27,9757.828,2018.298,9940.42,9435.285,1974.46,8676.123
10001.2,1955.555,10085.2,10141.68,2033.775,10015.17,9772.018,1982.074,8952.452,9758.019,2018.298,9940.504,9435.415,1974.46,8676.286
10001.41,1955.555,10085.21,10141.88,2033.775,10015.22,9772.114,1982.074,8952.637,9758.212,2018.298,9940.581,9435.545,1974.46,8676.449
10001.62,1955.555,10085.22,10142.08,2033.775,10015.27,9772.217,1982.074,8952.818,9758.408,2018.298,9940.652,9435.686,1974.46,8676.603
10001.82,1955.555,10085.25,10142.29,2033.775,10015.31,9772.325,1982.074,8952.996,9758.604,2018.298,9940.726,9435.821,1974.46,8676.761
10002.03,1955.555,10085.28,10142.49,2033.775,10015.37,9772.438,1982.074,8953.171,9758.793,2018.298,9940.813,9435.974,1974.46,8676.903
10002.23,1955.555,10085.31,10142.69,2033.775,10015.43,9772.539,1982.074,8953.354,9758.985,2018.298,9940.893,9436.121,1974.46,8677.051
10002.44,1955.555,10085.34,10142.89,2033.775,10015.5,9772.646,1982.074,8953.532,9759.179,2018.298,9940.971,9436.275,1974.46,8677.19
10002.64,1955.555,10085.38,10143.08,2033.775,10015.56,9772.748,1982.074,8953.714,9759.368,2018.298,9941.058,9436.425,1974.46,8677.335
10002.85,1955.555,10085.42,10143.28,2033.775,10015.64,9772.856,1982.074,8953.892,9759.561,2018.298,9941.139,9436.57,1974.46,8677.484
10003.05,1955.555,10085.46,10143.47,2033.775,10015.71,9772.953,1982.074,8954.076,9759.755,2018.298,9941.213,9436.717,1974.46,8677.633
10003.26,1955.555,10085.5,10143.67,2033.775,10015.78,9773.056,1982.074,8954.258,9759.952,2018.298,9941.28,9436.858,1974.46,8677.786
10003.47,1955.555,10085.51,10143.87,2033.775,10015.85,9773.164,1982.074,8954.436,9760.151,2018.298,9941.342,9436.994,1974.46,8677.943
10003.67,1955.555,10085.53,10144.07,2033.775,10015.91,9773.278,1982.074,8954.61,9760.349,2018.298,9941.409,9437.125,1974.46,8678.105
10003.88,1955.555,10085.55,10144.26,2033.775,10015.97,9773.397,1982.074,8954.781,9760.537,2018.298,9941.497,9437.267,1974.46,8678.258
10004.09,1955.555,10085.58,10144.46,2033.775,10016.05,9773.532,1982.074,8954.94,9760.729,2018.298,9941.579,9437.405,1974.46,8678.413
10004.29,1955.555,10085.61,10144.66,2033.775,10016.1,9773.661,1982.074,8955.104,9760.914,2018.298,9941.674,9437.539,1974.46,8678.573
10004.5,1955.555,10085.63,10144.86,2033.775,10016.16,9773.785,1982.074,8955.271,9761.102,2018.298,9941.765,9437.667,1974.46,8678.737
10004.71,1955.555,10085.64,10145.06,2033.775,10016.21,9773.93,1982.074,8955.422,9761.29,2018.298,9941.854,9437.802,1974.46,8678.896
10004.92,1955.555,10085.66,10145.26,2033.775,10016.26,9774.069,1982.074,8955.577,9761.479,2018.298,9941.939,9437.932,1974.46,8679.059
10005.12,1955.555,10085.68,10145.46,2033.775,10016.33,9774.203,1982.074,8955.736,9761.672,2018.298,9942.019,9438.057,1974.46,8679.226
10005.33,1955.555,10085.71,10145.66,2033.775,10016.39,9774.332,1982.074,8955.9,9761.867,2018.298,9942.092,9438.187,1974.46,8679.389
10005.54,1955.555,10085.74,10145.86,2033.775,10016.46,9774.456,1982.074,8956.067,9762.064,2018.298,9942.158,9438.312,1974.46,8679.556
10005.74,1955.555,10085.78,10146.05,2033.775,10016.54,9774.595,1982.074,8956.223,9762.264,2018.298,9942.219,9438.441,1974.46,8679.719
10005.95,1955.555,10085.81,10146.23,2033.775,10016.64,9774.729,1982.074,8956.383,9762.461,2018.298,9942.285,9438.566,1974.46,8679.886
10006.15,1955.555,10085.86,10146.42,2033.775,10016.74,9774.859,1982.074,8956.545,9762.648,2018.298,9942.376,9438.688,1974.46,8680.055
10006.35,1955.555,10085.89,10146.6,2033.775,10016.83,9774.991,1982.074,8956.706,9762.839,2018.298,9942.461,9438.814,1974.46,8680.22
10006.56,1955.555,10085.93,10146.79,2033.775,10016.91,9775.117,1982.074,8956.872,9763.032,2018.298,9942.54,9438.946,1974.46,8680.381
10006.76,1955.555,10085.97,10146.99,2033.775,10016.99,9775.238,1982.074,8957.042,9763.228,2018.298,9942.612,9439.073,1974.46,8680.546
10006.97,1955.555,10086.01,10147.18,2033.775,10017.06,9775.372,1982.074,8957.201,9763.418,2018.298,9942.697,9439.197,1974.46,8680.713
10007.17,1955.555,10086.06,10147.38,2033.775,10017.13,9775.501,1982.074,8957.365,9763.61,2018.298,9942.776,9439.327,1974.46,8680.876
10007.37,1955.555,10086.1,10147.58,2033.775,10017.19,9775.646,1982.074,8957.516,9763.806,2018.298,9942.85,9439.47,1974.46,8681.028
10007.58,1955.555,10086.15,10147.78,2033.775,10017.25,9775.784,1982.074,8957.671,9763.996,2018.298,9942.934,9439.607,1974.46,8681.185
10007.78,1955.555,10086.2,10147.98,2033.775,10017.3,9775.924,1982.074,8957.825,9764.183,2018.298,9943.027,9439.74,1974.46,8681.346
10007.98,1955.555,10086.24,10148.18,2033.775,10017.37,9776.059,1982.074,8957.984,9764.372,2018.298,9943.114,9439.867,1974.46,8681.511
10008.2,1955.555,10086.29,10148.4,2033.775,10017.43,9776.207,1982.074,8958.154,9764.579,2018.298,9943.202,9439.977,1974.46,8681.708
10008.5,1955.555,10086.35,10148.69,2033.775,10017.51,9776.414,1982.074,8958.382,9764.856,2018.298,9943.337,9440.135,1974.46,8681.973
10008.86,1955.555,10086.44,10149.04,2033.775,10017.61,9776.648,1982.074,8958.658,9765.188,2018.298,9943.484,9440.306,1974.46,8682.292
10009.25,1955.555,10086.59,10149.44,2033.775,10017.75,9776.912,1982.074,8958.989,9765.568,2018.298,9943.668,9440.517,1974.46,8682.658
10009.63,1955.555,10086.73,10149.83,2033.775,10017.88,9777.156,1982.074,8959.317,9765.942,2018.298,9943.833,9440.732,1974.46,8683.005
10010.13,1955.555,10086.89,10150.34,2033.775,10018,9777.494,1982.074,8959.716,9766.411,2018.298,9944.063,9441.022,1974.46,8683.439
10011.05,1955.555,10087.16,10151.26,2033.775,10018.23,9778.087,1982.074,8960.463,9767.28,2018.298,9944.456,9441.578,1974.46,8684.215
10011.7,1955.555,10087.32,10151.91,2033.775,10018.41,9778.534,1982.074,8960.966,9767.902,2018.298,9944.713,9441.987,1974.46,8684.749
10012.11,1955.555,10087.41,10152.31,2033.775,10018.54,9778.804,1982.074,8961.29,9768.297,2018.298,9944.861,9442.207,1974.46,8685.108
10012.63,1955.555,10087.56,10152.82,2033.775,10018.71,9779.135,1982.074,8961.715,9768.807,2018.298,9945.034,9442.503,1974.46,8685.559
10013.59,1955.555,10087.93,10153.79,2033.775,10019.08,9779.743,1982.074,8962.551,9769.734,2018.298,9945.489,9443.1,1974.46,8686.403
10014.4,1955.555,10088.21,10154.62,2033.775,10019.28,9780.312,1982.074,8963.186,9770.511,2018.298,9945.84,9443.613,1974.46,8687.083
10015.25,1955.555,10088.48,10155.48,2033.775,10019.52,9780.886,1982.074,8963.871,9771.338,2018.298,9946.181,9444.055,1974.46,8687.86
10016.18,1955.555,10088.73,10156.39,2033.775,10019.81,9781.477,1982.074,8964.626,9772.235,2018.298,9946.517,9444.555,1974.46,8688.678
10016.87,1955.555,10088.9,10157.06,2033.775,10020.05,9781.896,1982.074,8965.2,9772.884,2018.298,9946.81,9444.946,1974.46,8689.272
10018.35,1955.555,10089.35,10158.5,2033.775,10020.62,9782.858,1982.074,8966.41,9774.313,2018.298,9947.398,9445.838,1974.46,8690.535
10019.37,1955.555,10089.62,10159.47,2033.775,10021.04,9783.49,1982.074,8967.26,9775.306,2018.298,9947.77,9446.477,1974.46,8691.38
10020.24,1955.555,10089.83,10160.34,2033.775,10021.26,9784.064,1982.074,8967.949,9776.101,2018.298,9948.187,9447.012,1974.46,8692.101
10021.37,1955.555,10090.05,10161.45,2033.775,10021.59,9784.771,1982.074,8968.857,9777.123,2018.298,9948.715,9447.554,1974.46,8693.115
10022.54,1955.555,10090.32,10162.58,2033.775,10021.97,9785.521,1982.074,8969.79,9778.203,2018.298,9949.229,9448.151,1974.46,8694.151
10023.74,1955.555,10090.56,10163.73,2033.775,10022.39,9786.338,1982.074,8970.704,9779.327,2018.298,9949.721,9448.798,1974.46,8695.193
10024.98,1955.555,10090.81,10164.91,2033.775,10022.86,9787.148,1982.074,8971.673,9780.467,2018.298,9950.266,9449.499,1974.46,8696.244
10026.27,1955.555,10090.94,10166.09,2033.775,10023.38,9787.947,1982.074,8972.693,9781.654,2018.298,9950.786,9450.14,1974.46,8697.371
10027.59,1955.555,10091.09,10167.37,2033.775,10023.77,9788.731,1982.074,8973.767,9782.889,2018.298,9951.279,9450.834,1974.46,8698.504
10028.93,1955.555,10091.29,10168.68,2033.775,10024.12,9789.497,1982.074,8974.89,9784.167,2018.298,9951.742,9451.582,1974.46,8699.639
10030.3,1955.555,10091.54,10170.01,2033.775,10024.53,9790.438,1982.074,8975.914,9785.469,2018.298,9952.234,9452.385,1974.46,8700.775
10031.7,1955.555,10091.85,10171.36,2033.775,10024.99,9791.371,1982.074,8976.998,9786.821,2018.298,9952.695,9453.247,1974.46,8701.915
10033.11,1955.555,10092.2,10172.74,2033.775,10025.44,9792.334,1982.074,8978.087,9788.212,2018.298,9953.119,9453.985,1974.46,8703.167
10034.34,1955.555,10092.47,10173.93,2033.775,10025.87,9793.141,1982.074,8979.062,9789.409,2018.298,9953.527,9454.663,1974.46,8704.235
10035.79,1955.555,10092.57,10175.27,2033.775,10026.41,9794.025,1982.074,8980.204,9790.692,2018.298,9954.192,9455.461,1974.46,8705.439
10038.04,1955.555,10092.79,10177.35,2033.775,10027.32,9795.392,1982.074,8982.011,9792.736,2018.298,9955.168,9456.734,1974.46,8707.313
10039.2,1955.555,10092.95,10178.46,2033.775,10027.67,9796.066,1982.074,8982.967,9793.809,2018.298,9955.637,9457.424,1974.46,8708.258
10040.7,1955.555,10093.2,10179.9,2033.775,10028.18,9796.942,1982.074,8984.208,9795.22,2018.298,9956.2,9458.358,1974.46,8709.455
10042.28,1955.555,10093.51,10181.39,2033.775,10028.76,9797.826,1982.074,8985.551,9796.628,2018.298,9956.975,9459.306,1974.46,8710.754
10043.86,1955.555,10093.88,10182.89,2033.775,10029.4,9798.904,1982.074,8986.77,9798.078,2018.298,9957.712,9460.232,1974.46,8712.091
10045.49,1955.555,10094.11,10184.42,2033.775,10030,9799.957,1982.074,8988.041,9799.573,2018.298,9958.411,9461.217,1974.46,8713.416
10047.15,1955.555,10094.39,10185.97,2033.775,10030.67,9800.986,1982.074,8989.37,9801.073,2018.298,9959.17,9462.263,1974.46,8714.732
10048.82,1955.555,10094.73,10187.5,2033.775,10031.39,9801.982,1982.074,8990.747,9802.614,2018.298,9959.887,9463.426,1974.46,8715.972
10050.49,1955.555,10095.13,10189.03,2033.775,10032.18,9803.132,1982.074,8992.021,9804.193,2018.298,9960.56,9464.559,1974.46,8717.261
10052.19,1955.555,10095.51,10190.61,2033.775,10032.92,9804.257,1982.074,8993.354,9805.73,2018.298,9961.382,9465.743,1974.46,8718.539
10053.92,1955.555,10095.83,10192.17,2033.775,10033.72,9805.347,1982.074,8994.733,9807.304,2018.298,9962.167,9466.896,1974.46,8719.867
10055.65,1955.555,10096.2,10193.76,2033.775,10034.5,9806.44,1982.074,8996.125,9808.912,2018.298,9962.905,9468.098,1974.46,8721.166
10057.39,1955.555,10096.63,10195.35,2033.775,10035.34,9807.621,1982.074,8997.481,9810.497,2018.298,9963.756,9469.276,1974.46,8722.525
10059.17,1955.555,10096.98,10196.84,2033.775,10036.39,9808.831,1982.074,8998.835,9812.103,2018.298,9964.603,9470.42,1974.46,8723.936
10060.47,1955.555,10097.25,10197.94,2033.775,10037.12,9809.682,1982.074,8999.852,9813.295,2018.298,9965.183,9471.221,1974.46,8724.992
10062.59,1955.555,10097.76,10199.8,2033.775,10038.25,9811.061,1982.074,9001.54,9815.285,2018.298,9966.071,9472.48,1974.46,8726.771
10064.6,1955.555,10098.03,10201.57,2033.775,10039.25,9812.291,1982.074,9003.151,9817.162,2018.298,9966.837,9473.485,1974.46,8728.531
10066.45,1955.555,10098.34,10203.17,2033.775,10040.24,9813.469,1982.074,9004.614,9818.923,2018.298,9967.489,9474.404,1974.46,8730.169
10068.31,1955.555,10098.71,10204.81,2033.775,10041.17,9814.606,1982.074,9006.126,9820.634,2018.298,9968.298,9475.384,1974.46,8731.787
10070.16,1955.555,10099.15,10206.34,2033.775,10042.31,9815.702,1982.074,9007.686,9822.383,2018.298,9969.056,9476.424,1974.46,8733.385
10072,1955.555,10099.64,10207.9,2033.775,10043.4,9816.745,1982.074,9009.277,9824.153,2018.298,9969.755,9477.514,1974.46,8734.945
10073.23,1955.555,10100.02,10208.98,2033.775,10044.1,9817.56,1982.074,9010.273,9825.263,2018.298,9970.407,9478.284,1974.46,8735.976
10075.65,1955.555,10101.02,10211.08,2033.775,10045.67,9819.151,1982.074,9012.354,9827.563,2018.298,9971.66,9480.132,1974.46,8737.832
10078.11,1955.555,10101.94,10213.19,2033.775,10047.24,9820.678,1982.074,9014.491,9829.908,2018.298,9972.84,9481.922,1974.46,8739.753
10079.71,1955.555,10102.48,10214.57,2033.775,10048.2,9821.762,1982.074,9015.787,9831.386,2018.298,9973.659,9483.033,1974.46,8741.026
10081.13,1955.555,10103.21,10215.9,2033.775,10049.1,9822.747,1982.074,9017.046,9832.809,2018.298,9974.388,9484.169,1974.46,8742.151
10082.95,1955.555,10104.07,10217.56,2033.775,10050.23,9823.934,1982.074,9018.668,9834.627,2018.298,9975.245,9485.55,1974.46,8743.611
10085.41,1955.555,10105.14,10219.82,2033.775,10051.67,9825.443,1982.074,9020.882,9837.087,2018.298,9976.308,9487.326,1974.46,8745.617
10087.01,1955.555,10105.78,10221.3,2033.775,10052.56,9826.454,1982.074,9022.285,9838.695,2018.298,9976.941,9488.43,1974.46,8746.948
10088.5,1955.555,10106.42,10222.77,2033.775,10053.25,9827.358,1982.074,9023.631,9840.223,2018.298,9977.485,9489.534,1974.46,8748.135
10090.34,1955.555,10107.15,10224.53,2033.775,10054.16,9828.408,1982.074,9025.311,9842.065,2018.298,9978.211,9490.835,1974.46,8749.628
10092.15,1955.555,10107.79,10226.27,2033.775,10054.95,9829.368,1982.074,9026.964,9843.866,2018.298,9978.853,9492.125,1974.46,8751.038
10093.81,1955.555,10108.58,10227.93,2033.775,10055.76,9830.347,1982.074,9028.529,9845.584,2018.298,9979.529,9493.326,1974.46,8752.439
10095.46,1955.555,10109.3,10229.51,2033.775,10056.6,9831.249,1982.074,9030.083,9847.233,2018.298,9980.242,9494.45,1974.46,8753.842
10097.08,1955.555,10109.95,10231.09,2033.775,10057.35,9832.175,1982.074,9031.564,9848.806,2018.298,9981.003,9495.643,1974.46,8755.118
10098.66,1955.555,10110.54,10232.59,2033.775,10058.13,9833.165,1982.074,9032.934,9850.319,2018.298,9981.754,9496.755,1974.46,8756.39
10100.13,1955.555,10111.28,10234.05,2033.775,10058.87,9834.083,1982.074,9034.293,9851.716,2018.298,9982.614,9497.794,1974.46,8757.658
10101.56,1955.555,10111.94,10235.48,2033.775,10059.55,9834.942,1982.074,9035.612,9853.083,2018.298,9983.396,9498.76,1974.46,8758.902
10102.95,1955.555,10112.59,10236.84,2033.775,10060.25,9835.736,1982.074,9036.924,9854.383,2018.298,9984.209,9499.798,1974.46,8760.031
10104.31,1955.555,10113.18,10238.14,2033.775,10060.97,9836.67,1982.074,9038.08,9855.668,2018.298,9984.955,9500.768,1974.46,8761.157
10105.62,1955.555,10113.79,10239.41,2033.775,10061.65,9837.539,1982.074,9039.231,9856.938,2018.298,9985.639,9501.672,1974.46,8762.28
10106.92,1955.555,10114.34,10240.69,2033.775,10062.25,9838.353,1982.074,9040.386,9858.204,2018.298,9986.267,9502.521,1974.46,8763.409
10108.24,1955.555,10114.85,10241.95,2033.775,10062.9,9839.131,1982.074,9041.571,9859.494,2018.298,9986.855,9503.342,1974.46,8764.566
10109.5,1955.555,10115.56,10243.21,2033.775,10063.6,9840.037,1982.074,9042.696,9860.827,2018.298,9987.412,9504.187,1974.46,8765.738
10110.81,1955.555,10116.24,10244.48,2033.775,10064.35,9840.925,1982.074,9043.875,9862.133,2018.298,9988.101,9505.01,1974.46,8766.963
10111.88,1955.555,10116.76,10245.49,2033.775,10064.98,9841.679,1982.074,9044.794,9863.202,2018.298,9988.62,9505.537,1974.46,8768.028
10113.3,1955.555,10117.39,10246.88,2033.775,10065.68,9842.626,1982.074,9046.028,9864.623,2018.298,9989.254,9506.273,1974.46,8769.399
10115.02,1955.555,10118.08,10248.5,2033.775,10066.57,9843.703,1982.074,9047.531,9866.336,2018.298,9989.951,9507.201,1974.46,8770.999
10116.4,1955.555,10118.84,10249.88,2033.775,10067.34,9844.623,1982.074,9048.816,9867.811,2018.298,9990.521,9508.038,1974.46,8772.34
10117.84,1955.555,10119.56,10251.25,2033.775,10068.17,9845.513,1982.074,9050.149,9869.286,2018.298,9991.146,9508.773,1974.46,8773.764
10119.31,1955.555,10120.24,10252.62,2033.775,10069.06,9846.372,1982.074,9051.533,9870.765,2018.298,9991.83,9509.568,1974.46,8775.186
10120.84,1955.555,10120.88,10254.01,2033.775,10069.95,9847.247,1982.074,9052.937,9872.175,2018.298,9992.694,9510.422,1974.46,8776.602
10121.97,1955.555,10121.32,10255.01,2033.775,10070.64,9847.855,1982.074,9053.987,9873.198,2018.298,9993.347,9511.082,1974.46,8777.62
10123.85,1955.555,10122.03,10256.77,2033.775,10071.6,9848.804,1982.074,9055.756,9874.925,2018.298,9994.369,9512.185,1974.46,8779.297
10125.66,1955.555,10122.49,10258.38,2033.775,10072.55,9849.74,1982.074,9057.373,9876.512,2018.298,9995.357,9513.225,1974.46,8780.85
10127.33,1955.555,10122.96,10259.85,2033.775,10073.47,9850.757,1982.074,9058.776,9878.012,2018.298,9996.225,9514.007,1974.46,8782.396
10129,1955.555,10123.5,10261.31,2033.775,10074.44,9851.738,1982.074,9060.229,9879.558,2018.298,9997.052,9514.771,1974.46,8783.974
10130.67,1955.555,10124.1,10262.76,2033.775,10075.47,9852.685,1982.074,9061.733,9881.124,2018.298,9997.893,9515.597,1974.46,8785.547
10132.35,1955.555,10124.73,10264.31,2033.775,10076.37,9853.736,1982.074,9063.185,9882.73,2018.298,9998.688,9516.481,1974.46,8787.105
10134.02,1955.555,10125.42,10265.84,2033.775,10077.34,9854.766,1982.074,9064.675,9884.281,2018.298,9999.623,9517.34,1974.46,8788.7
10135.24,1955.555,10125.92,10266.93,2033.775,10078.08,9855.521,1982.074,9065.759,9885.435,2018.298,10000.27,9517.986,1974.46,8789.853
10137.23,1955.555,10126.81,10268.7,2033.775,10079.36,9856.707,1982.074,9067.587,9887.368,2018.298,10001.27,9519.097,1974.46,8791.729
10138.95,1955.555,10127.89,10270.3,2033.775,10080.6,9857.754,1982.074,9069.321,9889.094,2018.298,10002.34,9520.186,1974.46,8793.438
10140.57,1955.555,10128.83,10271.74,2033.775,10081.8,9858.802,1982.074,9070.88,9890.651,2018.298,10003.38,9521.089,1974.46,8795.084
10142,1955.555,10129.6,10272.97,2033.775,10082.87,9859.73,1982.074,9072.21,9892.025,2018.298,10004.25,9521.915,1974.46,8796.479
10143.64,1955.555,10130.41,10274.38,2033.775,10084.02,9860.729,1982.074,9073.744,9893.606,2018.298,10005.17,9522.898,1974.46,8798.022
10146.11,1955.555,10131.79,10276.79,2033.775,10085.52,9862.369,1982.074,9076.048,9896.077,2018.298,10006.54,9524.496,1974.46,8800.356
10147.39,1955.555,10132.46,10277.99,2033.775,10086.32,9863.172,1982.074,9077.257,9897.367,2018.298,10007.21,9525.276,1974.46,8801.58
10149.07,1955.555,10133.27,10279.51,2033.775,10087.41,9864.15,1982.074,9078.841,9899.05,2018.298,10008.01,9526.109,1974.46,8803.245
10150.85,1955.555,10134.09,10281.06,2033.775,10088.6,9865.124,1982.074,9080.539,9900.845,2018.298,10008.79,9526.932,1974.46,8805.021
10152.64,1955.555,10134.92,10282.71,2033.775,10089.68,9866.047,1982.074,9082.277,9902.623,2018.298,10009.63,9527.816,1974.46,8806.78
10154.46,1955.555,10135.7,10284.33,2033.775,10090.82,9867.032,1982.074,9083.995,9904.241,2018.298,10010.77,9528.626,1974.46,8808.588
10156.26,1955.555,10136.54,10285.92,2033.775,10092.02,9867.968,1982.074,9085.757,9905.88,2018.298,10011.91,9529.501,1974.46,8810.381
10158.01,1955.555,10137.54,10287.49,2033.775,10093.28,9868.968,1982.074,9087.5,9907.567,2018.298,10013,9530.44,1974.46,8812.157
10159.77,1955.555,10138.54,10289.02,2033.775,10094.59,9869.915,1982.074,9089.285,9909.299,2018.298,10014.04,9531.443,1974.46,8813.911
10161.19,1955.555,10139.28,10290.36,2033.775,10095.48,9870.892,1982.074,9090.559,9910.648,2018.298,10014.91,9532.285,1974.46,8815.277
10162.89,1955.555,10140.47,10292.05,2033.775,10096.68,9872.1,1982.074,9092.245,9912.428,2018.298,10015.98,9533.232,1974.46,8817.123
10164.94,1955.555,10141.79,10293.99,2033.775,10098.16,9873.452,1982.074,9094.271,9914.558,2018.298,10017.16,9534.415,1974.46,8819.253
10166.7,1955.555,10142.85,10295.58,2033.775,10099.46,9874.54,1982.074,9096.021,9916.391,2018.298,10018.1,9535.474,1974.46,8821.021
10168.64,1955.555,10143.94,10297.34,2033.775,10100.83,9875.651,1982.074,9097.948,9918.402,2018.298,10019.05,9536.47,1974.46,8823.01
10171.06,1955.555,10145.21,10299.51,2033.775,10102.49,9876.938,1982.074,9100.358,9921.011,2018.298,10019.87,9537.749,1974.46,8825.424
10172,1955.555,10145.67,10300.32,2033.775,10103.14,9877.508,1982.074,9101.232,9921.996,2018.298,10020.21,9538.228,1974.46,8826.351
10173.31,1955.555,10146.36,10301.44,2033.775,10104.12,9878.276,1982.074,9102.502,9923.398,2018.298,10020.7,9538.95,1974.46,8827.646
10175.58,1955.555,10147.92,10303.45,2033.775,10106,9879.625,1982.074,9104.902,9925.969,2018.298,10021.68,9540.078,1974.46,8830.158
10177.51,1955.555,10149.16,10305.08,2033.775,10107.62,9880.883,1982.074,9106.826,9928.086,2018.298,10022.58,9541.088,1974.46,8832.223
10179.33,1955.555,10150.25,10306.66,2033.775,10109.03,9881.983,1982.074,9108.635,9930.009,2018.298,10023.46,9542.079,1974.46,8834.094
10181.19,1955.555,10151.28,10308.33,2033.775,10110.34,9883.028,1982.074,9110.486,9931.909,2018.298,10024.41,9543.136,1974.46,8835.938
10182.89,1955.555,10152.29,10309.85,2033.775,10111.61,9884.169,1982.074,9112.101,9933.646,2018.298,10025.36,9544.174,1974.46,8837.62
10184.07,1955.555,10153.16,10310.94,2033.775,10112.58,9884.975,1982.074,9113.325,9934.937,2018.298,10026.05,9544.983,1974.46,8838.842
10186.51,1955.555,10154.86,10313.09,2033.775,10114.64,9886.527,1982.074,9115.86,9937.598,2018.298,10027.38,9546.544,1974.46,8841.371
10188.26,1955.555,10156.12,10314.61,2033.775,10116.18,9887.763,1982.074,9117.633,9939.5,2018.298,10028.4,9547.738,1974.46,8843.172
10190.01,1955.555,10157.39,10316.07,2033.775,10117.77,9888.941,1982.074,9119.448,9941.437,2018.298,10029.37,9549.075,1974.46,8844.874
10191.71,1955.555,10158.74,10317.49,2033.775,10119.41,9890.06,1982.074,9121.302,9943.363,2018.298,10030.35,9550.355,1974.46,8846.619
10193.44,1955.555,10160.05,10318.93,2033.775,10121.03,9891.122,1982.074,9123.199,9945.384,2018.298,10031.16,9551.584,1974.46,8848.414
10195.22,1955.555,10161.31,10320.5,2033.775,10122.55,9892.186,1982.074,9125.103,9947.382,2018.298,10032.03,9552.756,1974.46,8850.253
10196.9,1955.555,10162.42,10321.9,2033.775,10124,9893.141,1982.074,9126.88,9949.275,2018.298,10032.73,9554.095,1974.46,8851.763
10198.18,1955.555,10163.21,10322.9,2033.775,10125.11,9893.982,1982.074,9128.114,9950.66,2018.298,10033.29,9555.049,1974.46,8852.913
10200.85,1955.555,10165,10324.98,2033.775,10127.57,9895.708,1982.074,9130.831,9953.602,2018.298,10034.6,9557.022,1974.46,8855.456
10203.3,1955.555,10166.53,10326.96,2033.775,10129.67,9897.176,1982.074,9133.317,9956.252,2018.298,10035.74,9558.717,1974.46,8857.794
10204.25,1955.555,10167.08,10327.73,2033.775,10130.46,9897.705,1982.074,9134.286,9957.253,2018.298,10036.21,9559.335,1974.46,8858.709
10206.03,1955.555,10168.11,10329.09,2033.775,10131.99,9898.629,1982.074,9136.114,9959.08,2018.298,10037.13,9560.426,1974.46,8860.442
10208.26,1955.555,10169.49,10330.91,2033.775,10133.89,9900.119,1982.074,9138.282,9961.471,2018.298,10038.23,9562.003,1974.46,8862.548
10210.29,1955.555,10170.37,10332.39,2033.775,10135.54,9901.313,1982.074,9140.146,9963.449,2018.298,10039.22,9563.271,1974.46,8864.361
10212.31,1955.555,10171.31,10333.82,2033.775,10137.24,9902.526,1982.074,9142.007,9965.494,2018.298,10040.09,9564.596,1974.46,8866.146
10214.29,1955.555,10172.33,10335.2,2033.775,10138.99,9903.684,1982.074,9143.914,9967.518,2018.298,10041.03,9566.057,1974.46,8867.832
10216.33,1955.555,10173.25,10336.52,2033.775,10140.79,9904.813,1982.074,9145.841,9969.512,2018.298,10042.04,9567.479,1974.46,8869.555
10217.78,1955.555,10173.98,10337.44,2033.775,10142.13,9905.621,1982.074,9147.245,9970.934,2018.298,10042.81,9568.527,1974.46,8870.79
10220.11,1955.555,10175.23,10338.87,2033.775,10144.36,9906.869,1982.074,9149.588,9973.334,2018.298,10043.95,9570.179,1974.46,8872.869
10222.22,1955.555,10176.46,10340.28,2033.775,10146.36,9908.123,1982.074,9151.682,9975.506,2018.298,10045.06,9571.702,1974.46,8874.775
10223.76,1955.555,10177.36,10341.26,2033.775,10147.84,9909.106,1982.074,9153.166,9977.1,2018.298,10045.85,9572.768,1974.46,8876.201
10225.71,1955.555,10178.57,10342.6,2033.775,10149.71,9910.312,1982.074,9155.12,9979.229,2018.298,10046.71,9574.153,1974.46,8878.031
10228.08,1955.555,10179.82,10344.09,2033.775,10151.93,9911.706,1982.074,9157.408,9981.679,2018.298,10047.8,9575.7,1974.46,8880.22
10230.04,1955.555,10180.94,10345.28,2033.775,10153.85,9912.827,1982.074,9159.366,9983.711,2018.298,10048.78,9576.941,1974.46,8882.104
10231.97,1955.555,10182.12,10346.42,2033.775,10155.81,9913.888,1982.074,9161.367,9985.718,2018.298,10049.83,9578.416,1974.46,8883.823
10233.87,1955.555,10183.36,10347.74,2033.775,10157.65,9915.027,1982.074,9163.324,9987.688,2018.298,10050.94,9579.833,1974.46,8885.59
10235.74,1955.555,10184.63,10348.99,2033.775,10159.53,9916.099,1982.074,9165.312,9989.716,2018.298,10051.94,9581.188,1974.46,8887.396
10237.58,1955.555,10185.96,10350.19,2033.775,10161.46,9917.112,1982.074,9167.348,9991.804,2018.298,10052.84,9582.491,1974.46,8889.26
10239,1955.555,10187.07,10351.12,2033.775,10163,9917.882,1982.074,9168.977,9993.434,2018.298,10053.61,9583.624,1974.46,8890.66
10241.29,1955.555,10188.67,10352.66,2033.775,10165.34,9919.038,1982.074,9171.524,9995.925,2018.298,10054.88,9585.312,1974.46,8892.893
10243.24,1955.555,10190.13,10353.99,2033.775,10167.38,9919.971,1982.074,9173.771,9998.054,2018.298,10056.06,9586.714,1974.46,8894.881
10244.17,1955.555,10190.88,10354.61,2033.775,10168.4,9920.346,1982.074,9174.901,9999.076,2018.298,10056.67,9587.368,1974.46,8895.876
10246.86,1955.555,10192.56,10356.16,2033.775,10171.16,9921.229,1982.074,9177.946,10001.74,2018.298,10058.38,9589.022,1974.46,8898.581
10248.76,1955.555,10193.83,10357.35,2033.775,10173.12,9921.938,1982.074,9180.123,10003.78,2018.298,10059.43,9590.152,1974.46,8900.572
10250.63,1955.555,10195.15,10358.47,2033.775,10175.11,9922.502,1982.074,9182.337,10005.78,2018.298,10060.53,9591.175,1974.46,8902.616
10252.46,1955.555,10196.53,10359.53,2033.775,10177.14,9923.051,1982.074,9184.562,10007.75,2018.298,10061.7,9591.962,1974.46,8904.768
10254.25,1955.555,10197.96,10360.52,2033.775,10179.21,9923.673,1982.074,9186.771,10009.68,2018.298,10062.94,9592.82,1974.46,8906.896
10255.74,1955.555,10199.25,10361.38,2033.775,10180.98,9924.27,1982.074,9188.651,10011.31,2018.298,10064.06,9593.618,1974.46,8908.701
10257.18,1955.555,10200.58,10362.17,2033.775,10182.77,9924.922,1982.074,9190.496,10012.99,2018.298,10065.07,9594.456,1974.46,8910.47
10259.53,1955.555,10202.88,10363.4,2033.775,10185.82,9926.109,1982.074,9193.562,10015.93,2018.298,10066.53,9595.756,1974.46,8913.489
10261.35,1955.555,10204.79,10364.64,2033.775,10188.15,9927.143,1982.074,9195.989,10018.25,2018.298,10067.78,9596.689,1974.46,8915.957
10262.09,1955.555,10205.67,10365.14,2033.775,10189.19,9927.708,1982.074,9196.995,10019.25,2018.298,10068.36,9597.133,1974.46,8917.022
10263.83,1955.555,10207.58,10366.2,2033.775,10191.55,9928.939,1982.074,9199.272,10021.45,2018.298,10069.73,9598.205,1974.46,8919.379
10264.95,1955.555,10209.09,10366.91,2033.775,10193.29,9929.776,1982.074,9200.95,10023,2018.298,10070.78,9599.037,1974.46,8921.059
10266.93,1955.555,10211.93,10368.33,2033.775,10196.44,9931.219,1982.074,9204.095,10025.92,2018.298,10072.63,9600.673,1974.46,8924.106
10267.98,1955.555,10213.34,10369.01,2033.775,10198.07,9931.901,1982.074,9205.72,10027.38,2018.298,10073.63,9601.557,1974.46,8925.632
10269.02,1955.555,10214.65,10369.59,2033.775,10199.63,9932.656,1982.074,9207.209,10028.73,2018.298,10074.61,9602.472,1974.46,8927.028
10270.67,1955.555,10217.13,10370.55,2033.775,10202.46,9934.164,1982.074,9209.779,10031.08,2018.298,10076.44,9604.022,1974.46,8929.573
10271.99,1955.555,10219.24,10371.26,2033.775,10204.84,9935.35,1982.074,9211.961,10033.07,2018.298,10077.93,9605.26,1974.46,8931.727
10273.7,1955.555,10221.78,10372.05,2033.775,10207.79,9936.724,1982.074,9214.697,10035.54,2018.298,10079.73,9606.749,1974.46,8934.402
10274.67,1955.555,10223.22,10372.44,2033.775,10209.49,9937.453,1982.074,9216.276,10036.92,2018.298,10080.8,9607.768,1974.46,8935.813
10275.64,1955.555,10224.56,10372.93,2033.775,10211.08,9938.283,1982.074,9217.714,10038.26,2018.298,10081.78,9608.695,1974.46,8937.189
10276.79,1955.555,10226.18,10373.52,2033.775,10212.97,9939.217,1982.074,9219.46,10039.81,2018.298,10083,9609.747,1974.46,8938.866
10278.6,1955.555,10228.56,10374.31,2033.775,10215.85,9940.671,1982.074,9222.073,10042.25,2018.298,10084.73,9611.252,1974.46,8941.45
10279.84,1955.555,10230.52,10374.86,2033.775,10218.11,9941.734,1982.074,9224.14,10044.1,2018.298,10086.14,9612.355,1974.46,8943.496
10281.13,1955.555,10232.45,10375.54,2033.775,10220.32,9942.936,1982.074,9226.123,10045.91,2018.298,10087.59,9613.522,1974.46,8945.5
10282.5,1955.555,10234.34,10376.17,2033.775,10222.57,9944.076,1982.074,9228.154,10047.89,2018.298,10088.83,9614.718,1974.46,8947.5
10283.59,1955.555,10236.39,10376.71,2033.775,10224.83,9945.147,1982.074,9230.217,10049.81,2018.298,10090.13,9616.116,1974.46,8949.356
10284.75,1955.555,10238.41,10377.18,2033.775,10227.11,9946.152,1982.074,9232.316,10051.7,2018.298,10091.5,9617.455,1974.46,8951.26
10285.96,1955.555,10240.4,10377.6,2033.775,10229.4,9947.089,1982.074,9234.45,10053.54,2018.298,10092.92,9618.732,1974.46,8953.209
10287.22,1955.555,10242.36,10377.95,2033.775,10231.71,9948.094,1982.074,9236.553,10055.33,2018.298,10094.41,9619.945,1974.46,8955.198
10288.53,1955.555,10244.29,10378.25,2033.775,10234.02,9949.12,1982.074,9238.646,10057.21,2018.298,10095.78,9621.093,1974.46,8957.227
10289.87,1955.555,10246.18,10378.5,2033.775,10236.33,9950.075,1982.074,9240.766,10059.05,2018.298,10097.21,9622.171,1974.46,8959.287
10290.89,1955.555,10247.54,10378.63,2033.775,10238.02,9950.911,1982.074,9242.24,10060.42,2018.298,10098.21,9622.732,1974.46,8960.887
10292.59,1955.555,10249.72,10378.78,2033.775,10240.78,9952.195,1982.074,9244.688,10062.61,2018.298,10099.9,9623.655,1974.46,8963.493
10294.19,1955.555,10251.68,10378.86,2033.775,10243.31,9953.299,1982.074,9246.972,10064.56,2018.298,10101.52,9624.579,1974.46,8965.854
10295.71,1955.555,10253.46,10378.88,2033.775,10245.65,9954.247,1982.074,9249.109,10066.31,2018.298,10103.07,9625.502,1974.46,8968.003
10297.27,1955.555,10255.2,10378.84,2033.775,10247.99,9955.213,1982.074,9251.239,10068,2018.298,10104.68,9626.445,1974.46,8970.143
10298.74,1955.555,10256.78,10378.75,2033.775,10250.14,9956.04,1982.074,9253.232,10069.76,2018.298,10105.94,9627.104,1974.46,8972.198
10299.86,1955.555,10257.93,10378.65,2033.775,10251.74,9956.715,1982.074,9254.685,10071.03,2018.298,10106.91,9627.642,1974.46,8973.706
10302.29,1955.555,10260.34,10378.35,2033.775,10255.16,9958.134,1982.074,9257.807,10073.69,2018.298,10109.08,9628.898,1974.46,8976.896
10304.53,1955.555,10262.47,10378.01,2033.775,10258.22,9959.318,1982.074,9260.657,10076.01,2018.298,10111.11,9630.083,1974.46,8979.747
10305.76,1955.555,10263.71,10377.88,2033.775,10259.97,9959.938,1982.074,9262.296,10077.3,2018.298,10112.3,9630.808,1974.46,8981.342
10306.89,1955.555,10264.94,10377.8,2033.775,10261.64,9960.648,1982.074,9263.806,10078.62,2018.298,10113.32,9631.339,1974.46,8982.924
10308.19,1955.555,10266.45,10377.78,2033.775,10263.63,9961.438,1982.074,9265.639,10080.18,2018.298,10114.56,9632.036,1974.46,8984.794
10310.09,1955.555,10268.81,10377.84,2033.775,10266.66,9962.688,1982.074,9268.396,10082.5,2018.298,10116.5,9633.186,1974.46,8987.594
10311.5,1955.555,10270.68,10377.97,2033.775,10269,9963.586,1982.074,9270.56,10084.25,2018.298,10118.07,9634.146,1974.46,8989.73
10312.85,1955.555,10272.59,10378.17,2033.775,10271.33,9964.41,1982.074,9272.747,10085.93,2018.298,10119.68,9634.893,1974.46,8991.946
10314.14,1955.555,10274.55,10378.45,2033.775,10273.65,9965.191,1982.074,9274.956,10087.6,2018.298,10121.33,9635.713,1974.46,8994.141
10315.02,1955.555,10276,10378.71,2033.775,10275.33,9965.706,1982.074,9276.577,10088.8,2018.298,10122.54,9636.298,1974.46,8995.737
10316.4,1955.555,10278.42,10379.22,2033.775,10278.07,9966.413,1982.074,9279.268,10090.92,2018.298,10124.34,9637.339,1974.46,8998.316
10317.88,1955.555,10281.25,10379.91,2033.775,10281.19,9966.908,1982.074,9282.424,10093.29,2018.298,10126.48,9638.631,1974.46,9001.238
10318.71,1955.555,10282.97,10380.38,2033.775,10283.04,9967.267,1982.074,9284.303,10094.76,2018.298,10127.7,9639.461,1974.46,9002.961
10319.21,1955.555,10284.09,10380.73,2033.775,10284.22,9967.535,1982.074,9285.5,10095.68,2018.298,10128.52,9639.889,1974.46,9004.11
10320.43,1955.555,10287.11,10381.74,2033.775,10287.32,9968.354,1982.074,9288.659,10098.05,2018.298,10130.76,9641.127,1974.46,9007.131
10321.48,1955.555,10289.19,10382.38,2033.775,10289.56,9969.012,1982.074,9290.889,10099.69,2018.298,10132.41,9642.078,1974.46,9009.252
10322.14,1955.555,10290.6,10382.86,2033.775,10291.04,9969.5,1982.074,9292.367,10100.79,2018.298,10133.51,9642.762,1974.46,9010.65
10323.73,1955.555,10294.34,10384.23,2033.775,10294.87,9970.649,1982.074,9296.269,10103.58,2018.298,10136.47,9644.365,1974.46,9014.389
10324.24,1955.555,10295.4,10384.67,2033.775,10295.96,9970.85,1982.074,9297.429,10104.36,2018.298,10137.35,9644.864,1974.46,9015.455
10325.32,1955.555,10297.85,10385.6,2033.775,10298.46,9971.389,1982.074,9300.045,10106.21,2018.298,10139.28,9645.818,1974.46,9017.95
10326.26,1955.555,10300.16,10386.55,2033.775,10300.77,9971.972,1982.074,9302.472,10107.9,2018.298,10141.11,9646.785,1974.46,9020.251
10326.75,1955.555,10301.28,10386.98,2033.775,10301.92,9972.29,1982.074,9303.656,10108.71,2018.298,10142.04,9647.297,1974.46,9021.366
10327.98,1955.555,10304.31,10388.22,2033.775,10304.94,9973.24,1982.074,9306.78,10110.8,2018.298,10144.55,9648.756,1974.46,9024.287
10328.58,1955.555,10306.58,10389.04,2033.775,10307.15,9973.997,1982.074,9309.006,10112.47,2018.298,10146.2,9650.009,1974.46,9026.276
10329.15,1955.555,10308.87,10390.01,2033.775,10309.29,9975.022,1982.074,9311.127,10114.09,2018.298,10147.91,9651.302,1974.46,9028.247
10329.78,1955.555,10311.13,10390.91,2033.775,10311.46,9975.977,1982.074,9313.276,10115.65,2018.298,10149.67,9652.526,1974.46,9030.254
10330.34,1955.555,10312.91,10391.56,2033.775,10313.2,9976.675,1982.074,9314.999,10116.84,2018.298,10151.09,9653.442,1974.46,9031.871
10330.79,1955.555,10315.26,10392.62,2033.775,10315.36,9977.502,1982.074,9317.249,10118.42,2018.298,10152.9,9654.605,1974.46,9033.968
10331.51,1955.555,10318.47,10393.97,2033.775,10318.36,9978.535,1982.074,9320.372,10120.49,2018.298,10155.45,9656.105,1974.46,9036.895
10332.09,1955.555,10320.7,10394.84,2033.775,10320.49,9979.408,1982.074,9322.504,10121.89,2018.298,10157.29,9657.089,1974.46,9038.979
10332.42,1955.555,10321.82,10395.25,2033.775,10321.59,9979.882,1982.074,9323.575,10122.57,2018.298,10158.24,9657.447,1974.46,9040.094
10333.4,1955.555,10324.76,10396.23,2033.775,10324.52,9981.038,1982.074,9326.443,10124.28,2018.298,10160.82,9658.488,1974.46,9043.006
10334.05,1955.555,10327.02,10396.91,2033.775,10326.77,9982.035,1982.074,9328.572,10125.59,2018.298,10162.77,9659.352,1974.46,9045.192
10334.51,1955.555,10329.32,10397.51,2033.775,10329.04,9982.962,1982.074,9330.732,10126.84,2018.298,10164.76,9660.188,1974.46,9047.39
10334.93,1955.555,10331.14,10397.93,2033.775,10330.86,9983.64,1982.074,9332.467,10127.86,2018.298,10166.32,9660.906,1974.46,9049.107
10335.39,1955.555,10333.5,10398.31,2033.775,10333.23,9984.442,1982.074,9334.735,10129.22,2018.298,10168.3,9661.884,1974.46,9051.307
10336.4,1955.555,10336.63,10398.94,2033.775,10336.46,9985.436,1982.074,9337.866,10130.99,2018.298,10171.07,9663.234,1974.46,9054.301
10337.03,1955.555,10338.84,10399.45,2033.775,10338.71,9986.061,1982.074,9340.086,10132.17,2018.298,10173.05,9664.251,1974.46,9056.371
10337.31,1955.555,10339.99,10399.75,2033.775,10339.85,9986.193,1982.074,9341.262,10132.75,2018.298,10174.08,9664.802,1974.46,9057.418
10337.96,1955.555,10343.01,10400.44,2033.775,10342.86,9986.64,1982.074,9344.318,10134.26,2018.298,10176.77,9666.175,1974.46,9060.186
10338.53,1955.555,10345.3,10400.89,2033.775,10345.17,9987.057,1982.074,9346.637,10135.48,2018.298,10178.79,9667.152,1974.46,9062.329
10339.24,1955.555,10347.55,10401.37,2033.775,10347.48,9987.55,1982.074,9348.942,10136.88,2018.298,10180.69,9668.149,1974.46,9064.466
10339.88,1955.555,10349.82,10401.93,2033.775,10349.77,9987.906,1982.074,9351.271,10138.22,2018.298,10182.63,9669.075,1974.46,9066.633
10340.67,1955.555,10351.68,10402.18,2033.775,10351.78,9988.277,1982.074,9353.258,10139.32,2018.298,10184.32,9669.93,1974.46,9068.464
10341.4,1955.555,10353.55,10402.5,2033.775,10353.77,9988.711,1982.074,9355.224,10140.35,2018.298,10186.05,9670.8,1974.46,9070.278
10342.4,1955.555,10356.41,10403.08,2033.775,10356.74,9989.46,1982.074,9358.159,10141.82,2018.298,10188.7,9672.26,1974.46,9072.933
10343.11,1955.555,10358.66,10403.56,2033.775,10359.04,9990.071,1982.074,9360.434,10142.9,2018.298,10190.79,9673.326,1974.46,9075.031
10343.74,1955.555,10360.9,10404.12,2033.775,10361.31,9990.75,1982.074,9362.665,10144.03,2018.298,10192.83,9674.314,1974.46,9077.144
10344.25,1955.555,10362.4,10404.51,2033.775,10362.83,9991.159,1982.074,9364.188,10144.75,2018.298,10194.24,9675.097,1974.46,9078.514
10345.24,1955.555,10365.4,10405.32,2033.775,10365.89,9992.116,1982.074,9367.203,10145.75,2018.298,10197.24,9676.574,1974.46,9081.311
10345.9,1955.555,10367.66,10405.82,2033.775,10368.2,9992.804,1982.074,9369.456,10146.48,2018.298,10199.48,9677.605,1974.46,9083.429
10346.66,1955.555,10370.57,10406.35,2033.775,10371.16,9993.587,1982.074,9372.359,10147.5,2018.298,10202.3,9678.96,1974.46,9086.113
10347.16,1955.555,10372.8,10406.84,2033.775,10373.39,9994.109,1982.074,9374.584,10148.2,2018.298,10204.48,9679.922,1974.46,9088.186
10347.49,1955.555,10374.56,10407.27,2033.775,10375.12,9994.289,1982.074,9376.361,10148.8,2018.298,10206.16,9680.621,1974.46,9089.83
10347.98,1955.555,10376.86,10407.77,2033.775,10377.43,9994.586,1982.074,9378.699,10149.51,2018.298,10208.41,9681.328,1974.46,9092.078
10348.09,1955.555,10379.22,10408.19,2033.775,10379.75,9994.835,1982.074,9381.048,10150.3,2018.298,10210.64,9682.11,1974.46,9094.307
10348.27,1955.555,10381.57,10408.61,2033.775,10382.07,9995.159,1982.074,9383.381,10151.15,2018.298,10212.83,9682.962,1974.46,9096.503
10348.53,1955.555,10383.91,10408.96,2033.775,10384.4,9995.391,1982.074,9385.724,10151.93,2018.298,10215.05,9683.885,1974.46,9098.669
10348.84,1955.555,10386.07,10409.28,2033.775,10386.55,9995.676,1982.074,9387.886,10152.72,2018.298,10217.08,9684.484,1974.46,9100.767
10348.9,1955.555,10387.71,10409.47,2033.775,10388.19,9995.944,1982.074,9389.512,10153.13,2018.298,10218.68,9684.989,1974.46,9102.335
10349.17,1955.555,10391.76,10409.8,2033.775,10392.23,9996.736,1982.074,9393.488,10154.26,2018.298,10222.58,9686.356,1974.46,9106.152
10349.14,1955.555,10393.53,10409.89,2033.775,10394,9996.941,1982.074,9395.242,10154.81,2018.298,10224.25,9686.925,1974.46,9107.824
10349.16,1955.555,10395.67,10409.93,2033.775,10396.13,9997.211,1982.074,9397.364,10155.53,2018.298,10226.27,9687.679,1974.46,9109.826
10349.01,1955.555,10397.69,10410.04,2033.775,10398.16,9997.532,1982.074,9399.365,10156.29,2018.298,10228.15,9688.455,1974.46,9111.698
10348.93,1955.555,10399.7,10410.09,2033.775,10400.17,9997.917,1982.074,9401.346,10156.72,2018.298,10230.12,9689.269,1974.46,9113.544
10348.51,1955.555,10402.7,10410.06,2033.775,10403.2,9998.127,1982.074,9404.365,10157.46,2018.298,10233.05,9690.864,1974.46,9116.116
10348.25,1955.555,10405.05,10409.96,2033.775,10405.56,9998.368,1982.074,9406.716,10158.11,2018.298,10235.32,9692.043,1974.46,9118.163
10348,1955.555,10407.39,10409.78,2033.775,10407.91,9998.685,1982.074,9409.05,10158.76,2018.298,10237.59,9693.151,1974.46,9120.242
10347.47,1955.555,10409.69,10409.74,2033.775,10410.28,9998.841,1982.074,9411.408,10159.31,2018.298,10239.89,9694.194,1974.46,9122.363
10347.01,1955.555,10412.01,10409.62,2033.775,10412.63,9999.074,1982.074,9413.754,10159.93,2018.298,10242.16,9695.165,1974.46,9124.512
10346.58,1955.555,10414.33,10409.42,2033.775,10414.98,9999.384,1982.074,9416.095,10160.63,2018.298,10244.42,9696.295,1974.46,9126.584
10346.28,1955.555,10416.33,10409.36,2033.775,10417.01,9999.715,1982.074,9418.093,10161.29,2018.298,10246.33,9697.344,1974.46,9128.316
10345.93,1955.555,10418.31,10409.23,2033.775,10419.02,9999.94,1982.074,9420.094,10161.91,2018.298,10248.25,9698.384,1974.46,9130.041
10345.51,1955.555,10421.32,10408.93,2033.775,10422.04,10000.38,1982.074,9423.099,10162.57,2018.298,10251.21,9699.896,1974.46,9132.675
10345.02,1955.555,10423.63,10408.62,2033.775,10424.38,10000.8,1982.074,9425.426,10163.15,2018.298,10253.5,9701.005,1974.46,9134.763
10344.61,1955.555,10425.96,10408.24,2033.775,10426.71,10001.29,1982.074,9427.737,10163.81,2018.298,10255.77,9702.045,1974.46,9136.885
10344.27,1955.555,10428.3,10407.97,2033.775,10429.06,10001.86,1982.074,9430.03,10164.55,2018.298,10258.02,9703.015,1974.46,9139.039
10343.94,1955.555,10431.29,10407.52,2033.775,10432.04,10002.49,1982.074,9432.973,10165.39,2018.298,10260.91,9704.453,1974.46,9141.682
10343.94,1955.555,10433.2,10407.07,2033.775,10433.9,10002.95,1982.074,9434.829,10165.68,2018.298,10262.8,9705.313,1974.46,9143.391
10343.9,1955.555,10434.44,10406.82,2033.775,10435.11,10003.21,1982.074,9436.039,10165.9,2018.298,10264.01,9705.832,1974.46,9144.514
10343.68,1955.555,10437.71,10406.27,2033.775,10438.34,10003.38,1982.074,9439.313,10166.6,2018.298,10267.22,9707.11,1974.46,9147.532
10343.45,1955.555,10440.06,10405.72,2033.775,10440.63,10003.58,1982.074,9441.66,10167.18,2018.298,10269.5,9708.223,1974.46,9149.609
10343.13,1955.555,10442.4,10405.19,2033.775,10442.93,10003.85,1982.074,9444.008,10167.59,2018.298,10271.83,9709.27,1974.46,9151.729
10342.75,1955.555,10444.73,10404.68,2033.775,10445.24,10004.21,1982.074,9446.345,10168.08,2018.298,10274.14,9710.246,1974.46,9153.881
10342.65,1955.555,10447.09,10404.05,2033.775,10447.52,10004.46,1982.074,9448.695,10168.64,2018.298,10276.44,9711.155,1974.46,9156.063
10342.49,1955.555,10449.11,10403.58,2033.775,10449.49,10004.73,1982.074,9450.699,10169.44,2018.298,10278.29,9711.956,1974.46,9157.92
10342.28,1955.555,10451.11,10403.17,2033.775,10451.46,10005.07,1982.074,9452.682,10170.18,2018.298,10280.17,9712.975,1974.46,9159.654
10341.85,1955.555,10454.12,10402.36,2033.775,10454.39,10005.69,1982.074,9455.661,10171.33,2018.298,10282.98,9714.428,1974.46,9162.326
10341.44,1955.555,10456.44,10401.82,2033.775,10456.68,10006.41,1982.074,9457.904,10172.2,2018.298,10285.17,9715.485,1974.46,9164.434
10340.96,1955.555,10458.76,10401.12,2033.775,10458.94,10007.2,1982.074,9460.136,10173,2018.298,10287.4,9716.477,1974.46,9166.58
10340.4,1955.555,10461.05,10400.5,2033.775,10461.22,10007.9,1982.074,9462.391,10173.72,2018.298,10289.65,9717.396,1974.46,9168.757
10340.09,1955.555,10462.73,10399.95,2033.775,10462.84,10008.36,1982.074,9464.037,10174.19,2018.298,10291.29,9718.01,1974.46,9170.353
10339.51,1955.555,10465.48,10399.13,2033.775,10465.52,10009.02,1982.074,9466.764,10174.88,2018.298,10294.01,9719.085,1974.46,9172.944
10339.06,1955.555,10468,10398.46,2033.775,10468,10009.55,1982.074,9469.273,10175.42,2018.298,10296.52,9720.077,1974.46,9175.309
10338.58,1955.555,10470.31,10397.92,2033.775,10470.3,10009.95,1982.074,9471.6,10175.84,2018.298,10298.84,9720.919,1974.46,9177.515
10338.02,1955.555,10472.61,10397.45,2033.775,10472.62,10010.03,1982.074,9473.964,10176.54,2018.298,10301.1,9721.894,1974.46,9179.67
10337.32,1955.555,10474.88,10396.96,2033.775,10474.93,10010.18,1982.074,9476.326,10177.16,2018.298,10303.39,9722.798,1974.46,9181.857
10336.7,1955.555,10477.16,10396.44,2033.775,10477.24,10010.41,1982.074,9478.678,10177.71,2018.298,10305.69,9723.629,1974.46,9184.069
10336.16,1955.555,10479.44,10395.85,2033.775,10479.51,10010.71,1982.074,9481.009,10178.3,2018.298,10307.96,9724.383,1974.46,9186.296
10335.57,1955.555,10481.73,10395.02,2033.775,10481.73,10011.02,1982.074,9483.355,10178.82,2018.298,10310.27,9724.779,1974.46,9188.629
10334.9,1955.555,10484,10394.27,2033.775,10483.96,10011.26,1982.074,9485.701,10179.25,2018.298,10312.59,9725.25,1974.46,9190.939
10334.16,1955.555,10486.24,10393.59,2033.775,10486.22,10011.57,1982.074,9488.04,10179.63,2018.298,10314.92,9725.797,1974.46,9193.235
10333.2,1955.555,10488.2,10392.89,2033.775,10488.3,10011.94,1982.074,9490.197,10180.14,2018.298,10317.05,9726.373,1974.46,9195.346
10332.53,1955.555,10489.71,10392.34,2033.775,10489.85,10012.14,1982.074,9491.836,10180.47,2018.298,10318.67,9726.73,1974.46,9196.958
10331.05,1955.555,10493.34,10390.93,2033.775,10493.51,10012.76,1982.074,9495.708,10181.13,2018.298,10322.53,9727.704,1974.46,9200.756
10330.51,1955.555,10494.39,10390.56,2033.775,10494.63,10012.89,1982.074,9496.881,10181.29,2018.298,10323.7,9727.942,1974.46,9201.912
10329.05,1955.555,10497.47,10389.4,2033.775,10497.83,10013.13,1982.074,9500.275,10181.87,2018.298,10327.05,9728.737,1974.46,9205.222
10328.1,1955.555,10499.54,10388.55,2033.775,10499.95,10013.37,1982.074,9502.544,10182.3,2018.298,10329.29,9729.343,1974.46,9207.421
10327.36,1955.555,10501.29,10387.79,2033.775,10501.69,10013.53,1982.074,9504.436,10182.59,2018.298,10331.17,9729.755,1974.46,9209.275
10326.39,1955.555,10503.42,10386.92,2033.775,10503.86,10013.52,1982.074,9506.774,10182.88,2018.298,10333.49,9730.217,1974.46,9211.568
10325.78,1955.555,10504.87,10386.52,2033.775,10505.38,10013.57,1982.074,9508.349,10183.03,2018.298,10335.06,9730.504,1974.46,9213.117
10324.32,1955.555,10508.69,10385.33,2033.775,10509.3,10013.82,1982.074,9512.436,10183.27,2018.298,10339.15,9731.382,1974.46,9217.117
10323.74,1955.555,10510.37,10384.76,2033.775,10510.98,10013.92,1982.074,9514.205,10183.32,2018.298,10340.92,9731.818,1974.46,9218.835
10322.91,1955.555,10512.22,10384.04,2033.775,10512.87,10014.1,1982.074,9516.223,10183.41,2018.298,10342.94,9732.381,1974.46,9220.781
10321.94,1955.555,10514.38,10383.42,2033.775,10515.16,10014.14,1982.074,9518.589,10183.64,2018.298,10345.29,9733.112,1974.46,9223.032
10321.05,1955.555,10516.57,10382.73,2033.775,10517.42,10014.26,1982.074,9520.95,10183.8,2018.298,10347.65,9733.473,1974.46,9225.369
10320.24,1955.555,10518.78,10381.97,2033.775,10519.65,10014.22,1982.074,9523.305,10183.88,2018.298,10350.01,9733.907,1974.46,9227.684
10319.49,1955.555,10521.02,10381.13,2033.775,10521.86,10014.26,1982.074,9525.667,10183.89,2018.298,10352.37,9734.269,1974.46,9230.019
10318.67,1955.555,10523.24,10380.03,2033.775,10523.95,10014.35,1982.074,9528.029,10184,2018.298,10354.73,9734.707,1974.46,9232.341
10317.91,1955.555,10525.11,10379.08,2033.775,10525.74,10014.49,1982.074,9530.048,10184.02,2018.298,10356.75,9735.146,1974.46,9234.316
10316.98,1955.555,10527.2,10378.08,2033.775,10527.79,10014.73,1982.074,9532.321,10184.05,2018.298,10359.04,9735.716,1974.46,9236.529
10315.58,1955.555,10530.09,10376.77,2033.775,10530.72,10015.17,1982.074,9535.498,10183.98,2018.298,10362.25,9736.173,1974.46,9239.703
10314.96,1955.555,10531.1,10376.25,2033.775,10531.78,10015.37,1982.074,9536.668,10183.91,2018.298,10363.43,9736.38,1974.46,9240.872
10313.42,1955.555,10533.79,10374.92,2033.775,10534.58,10016.19,1982.074,9539.656,10183.76,2018.298,10366.53,9737.021,1974.46,9243.905
10312.32,1955.555,10535.87,10373.9,2033.775,10536.71,10016.75,1982.074,9541.949,10183.57,2018.298,10368.88,9737.513,1974.46,9246.213
10311.56,1955.555,10537.4,10373.17,2033.775,10538.25,10017.12,1982.074,9543.614,10183.46,2018.298,10370.58,9737.922,1974.46,9247.869
10310.25,1955.555,10539.89,10371.89,2033.775,10540.75,10017.64,1982.074,9546.375,10183.2,2018.298,10373.38,9738.686,1974.46,9250.573
10309.13,1955.555,10542.2,10370.64,2033.775,10543,10018.06,1982.074,9548.909,10182.87,2018.298,10375.93,9739.313,1974.46,9253.063
10308.11,1955.555,10544.86,10369.34,2033.775,10545.54,10018.79,1982.074,9551.667,10182.41,2018.298,10378.74,9739.942,1974.46,9255.846
10307.13,1955.555,10547.23,10368.25,2033.775,10547.85,10019.44,1982.074,9554.144,10182.07,2018.298,10381.28,9740.428,1974.46,9258.359
10306.39,1955.555,10548.84,10367.55,2033.775,10549.48,10019.83,1982.074,9555.875,10181.84,2018.298,10383.04,9740.821,1974.46,9260.09
10305.78,1955.555,10550.33,10366.91,2033.775,10550.96,10020.27,1982.074,9557.423,10181.6,2018.298,10384.63,9741.229,1974.46,9261.646
10304.88,1955.555,10552.98,10365.69,2033.775,10553.49,10020.94,1982.074,9560.146,10181.11,2018.298,10387.39,9742.027,1974.46,9264.335
10303.97,1955.555,10555.38,10364.57,2033.775,10555.78,10021.54,1982.074,9562.634,10181,2018.298,10389.95,9742.836,1974.46,9266.763
10303.07,1955.555,10557.56,10363.6,2033.775,10557.94,10022.01,1982.074,9564.946,10180.81,2018.298,10392.3,9743.796,1974.46,9268.92
10302.31,1955.555,10559.8,10362.7,2033.775,10560.12,10022.46,1982.074,9567.267,10180.56,2018.298,10394.65,9744.686,1974.46,9271.109
10301.48,1955.555,10562.01,10361.7,2033.775,10562.27,10023.13,1982.074,9569.534,10180.22,2018.298,10396.99,9745.548,1974.46,9273.31
10300.58,1955.555,10564.19,10360.65,2033.775,10564.38,10023.72,1982.074,9571.823,10179.81,2018.298,10399.32,9746.338,1974.46,9275.537
10299.6,1955.555,10566.34,10359.66,2033.775,10566.53,10024.24,1982.074,9574.127,10179.32,2018.298,10401.63,9747.054,1974.46,9277.787
10298.88,1955.555,10567.88,10359,2033.775,10568.09,10024.55,1982.074,9575.799,10178.92,2018.298,10403.28,9747.516,1974.46,9279.425
10297.77,1955.555,10570.46,10357.83,2033.775,10570.65,10024.99,1982.074,9578.575,10178.61,2018.298,10406.07,9748.194,1974.46,9282.151
10296.68,1955.555,10572.79,10356.68,2033.775,10572.94,10025.3,1982.074,9581.123,10178.24,2018.298,10408.61,9748.691,1974.46,9284.67
10295.85,1955.555,10575,10355.33,2033.775,10574.89,10025.61,1982.074,9583.47,10177.83,2018.298,10410.94,9749.226,1974.46,9286.976
10294.95,1955.555,10577.19,10354.05,2033.775,10576.87,10025.92,1982.074,9585.81,10177.34,2018.298,10413.25,9749.521,1974.46,9289.317
10293.98,1955.555,10579.33,10352.85,2033.775,10578.9,10026.16,1982.074,9588.152,10176.78,2018.298,10415.54,9749.892,1974.46,9291.643
10292.94,1955.555,10581.46,10351.7,2033.775,10580.96,10026.32,1982.074,9590.51,10176.14,2018.298,10417.82,9750.34,1974.46,9293.963
10291.83,1955.555,10583.54,10350.34,2033.775,10582.89,10026.24,1982.074,9592.872,10175.51,2018.298,10420.1,9750.864,1974.46,9296.268
10290.66,1955.555,10585.59,10349.04,2033.775,10584.87,10026.24,1982.074,9595.235,10174.82,2018.298,10422.35,9751.111,1974.46,9298.618
10289.42,1955.555,10587.6,10347.79,2033.775,10586.87,10026.32,1982.074,9597.59,10174.05,2018.298,10424.58,9751.376,1974.46,9300.959
10288.11,1955.555,10589.56,10346.61,2033.775,10588.91,10026.47,1982.074,9599.941,10173.21,2018.298,10426.78,9751.718,1974.46,9303.291
10286.82,1955.555,10591.54,10345.36,2033.775,10590.92,10026.7,1982.074,9602.295,10172.43,2018.298,10429.02,9752.137,1974.46,9305.618
10285.27,1955.555,10593.33,10344.33,2033.775,10593.04,10026.86,1982.074,9604.658,10171.99,2018.298,10431.34,9752.633,1974.46,9307.934
10283.79,1955.555,10595.17,10343.22,2033.775,10595.13,10026.83,1982.074,9607.021,10171.47,2018.298,10433.65,9753.203,1974.46,9310.227
10282.37,1955.555,10597.06,10342.05,2033.775,10597.18,10026.66,1982.074,9609.373,10170.87,2018.298,10435.93,9753.847,1974.46,9312.495
10281.01,1955.555,10598.99,10340.82,2033.775,10599.2,10026.57,1982.074,9611.731,10170.2,2018.298,10438.19,9754.461,1974.46,9314.774
10279.53,1955.555,10600.83,10339.53,2033.775,10601.17,10026.56,1982.074,9614.094,10169.61,2018.298,10440.48,9754.72,1974.46,9317.122
10278.12,1955.555,10602.71,10338.17,2033.775,10603.1,10026.62,1982.074,9616.453,10168.95,2018.298,10442.74,9755.055,1974.46,9319.458
10276.76,1955.555,10604.65,10336.75,2033.775,10604.99,10026.45,1982.074,9618.811,10168.21,2018.298,10444.99,9755.467,1974.46,9321.785
10275.35,1955.555,10606.53,10335.4,2033.775,10606.92,10026.36,1982.074,9621.159,10167.46,2018.298,10447.22,9755.815,1974.46,9324.11
10273.87,1955.555,10608.38,10333.98,2033.775,10608.81,10026.34,1982.074,9623.524,10166.64,2018.298,10449.44,9756.242,1974.46,9326.437
10272.75,1955.555,10609.86,10333,2033.775,10610.39,10026.39,1982.074,9625.384,10165.94,2018.298,10451.16,9756.638,1974.46,9328.254
10271.13,1955.555,10612.18,10331.44,2033.775,10612.75,10026.15,1982.074,9628.205,10165,2018.298,10453.83,9757.329,1974.46,9330.999
10269.52,1955.555,10614.33,10330,2033.775,10615.02,10026.02,1982.074,9630.893,10164.11,2018.298,10456.37,9757.658,1974.46,9333.669
10268.58,1955.555,10615.67,10329.23,2033.775,10616.46,10025.99,1982.074,9632.52,10163.52,2018.298,10457.88,9757.91,1974.46,9335.276
10267.44,1955.555,10617.41,10328.18,2033.775,10618.26,10026.03,1982.074,9634.606,10162.7,2018.298,10459.8,9758.3,1974.46,9337.326
10266.39,1955.555,10619.13,10327.36,2033.775,10620.1,10025.92,1982.074,9636.616,10161.85,2018.298,10461.63,9758.578,1974.46,9339.319
10265.42,1955.555,10620.83,10326.51,2033.775,10621.86,10025.88,1982.074,9638.57,10160.98,2018.298,10463.38,9758.912,1974.46,9341.245
10264.53,1955.555,10622.5,10325.69,2033.775,10623.57,10025.9,1982.074,9640.469,10160.36,2018.298,10465.17,9759.298,1974.46,9343.104
10263.62,1955.555,10624.11,10325.1,2033.775,10625.32,10025.98,1982.074,9642.312,10159.71,2018.298,10466.9,9759.731,1974.46,9344.897
10262.8,1955.555,10625.7,10324.48,2033.775,10627,10026.12,1982.074,9644.095,10159.01,2018.298,10468.55,9760.208,1974.46,9346.621
10262.06,1955.555,10627.25,10323.96,2033.775,10628.63,10026.2,1982.074,9645.808,10158.3,2018.298,10470.11,9760.691,1974.46,9348.266
10261.39,1955.555,10628.77,10323.39,2033.775,10630.19,10026.32,1982.074,9647.468,10157.65,2018.298,10471.64,9761.108,1974.46,9349.877
10260.64,1955.555,10630.2,10322.96,2033.775,10631.75,10026.39,1982.074,9649.083,10157,2018.298,10473.12,9761.462,1974.46,9351.455
10259.95,1955.555,10631.62,10322.5,2033.775,10633.25,10026.52,1982.074,9650.65,10156.33,2018.298,10474.54,9761.855,1974.46,9352.978
10259.26,1955.555,10632.98,10322,2033.775,10634.7,10026.8,1982.074,9652.151,10155.62,2018.298,10475.89,9762.189,1974.46,9354.468
10258.64,1955.555,10634.32,10321.47,2033.775,10636.08,10027.03,1982.074,9653.61,10155.13,2018.298,10477.29,9762.459,1974.46,9355.92
10258.08,1955.555,10635.63,10320.99,2033.775,10637.42,10027.21,1982.074,9655.023,10154.61,2018.298,10478.61,9762.765,1974.46,9357.311
10257.44,1955.555,10636.85,10320.63,2033.775,10638.75,10027.33,1982.074,9656.399,10154.06,2018.298,10479.88,9763.083,1974.46,9358.654
10256.86,1955.555,10638.06,10320.24,2033.775,10640.03,10027.41,1982.074,9657.736,10153.49,2018.298,10481.09,9763.435,1974.46,9359.946
10256.41,1955.555,10639.09,10319.88,2033.775,10641.1,10027.57,1982.074,9658.847,10152.98,2018.298,10482.09,9763.693,1974.46,9361.039
10255.92,1955.555,10640.21,10319.45,2033.775,10642.24,10027.75,1982.074,9660.061,10152.39,2018.298,10483.17,9763.93,1974.46,9362.242
10255.3,1955.555,10641.75,10318.81,2033.775,10643.78,10027.94,1982.074,9661.712,10151.8,2018.298,10484.72,9764.304,1974.46,9363.862
10255.11,1955.555,10642.32,10318.58,2033.775,10644.33,10027.98,1982.074,9662.306,10151.57,2018.298,10485.27,9764.457,1974.46,9364.438
10254.59,1955.555,10643.74,10318.05,2033.775,10645.75,10028.05,1982.074,9663.817,10150.94,2018.298,10486.65,9764.936,1974.46,9365.874
10254.17,1955.555,10644.77,10317.69,2033.775,10646.8,10028.25,1982.074,9664.911,10150.44,2018.298,10487.64,9765.252,1974.46,9366.938
10253.91,1955.555,10645.5,10317.52,2033.775,10647.56,10028.35,1982.074,9665.686,10150.07,2018.298,10488.33,9765.562,1974.46,9367.655
10253.51,1955.555,10646.69,10317.19,2033.775,10648.76,10028.49,1982.074,9666.924,10149.6,2018.298,10489.48,9766.017,1974.46,9368.814
10253.2,1955.555,10647.74,10316.87,2033.775,10649.81,10028.57,1982.074,9668.019,10149.15,2018.298,10490.48,9766.384,1974.46,9369.849
10252.97,1955.555,10648.89,10316.56,2033.775,10650.95,10028.62,1982.074,9669.194,10148.63,2018.298,10491.54,9766.831,1974.46,9370.938
10252.75,1955.555,10649.8,10316.28,2033.775,10651.83,10028.71,1982.074,9670.118,10148.2,2018.298,10492.36,9767.155,1974.46,9371.808
10252.68,1955.555,10650.25,10316.12,2033.775,10652.26,10028.74,1982.074,9670.575,10147.97,2018.298,10492.76,9767.302,1974.46,9372.242
10252.51,1955.555,10651.06,10315.86,2033.775,10653.05,10028.77,1982.074,9671.406,10147.53,2018.298,10493.47,9767.541,1974.46,9373.038
10252.22,1955.555,10652.29,10315.45,2033.775,10654.25,10028.89,1982.074,9672.665,10146.9,2018.298,10494.56,9767.864,1974.46,9374.26
10251.94,1955.555,10653.35,10315.14,2033.775,10655.29,10029.02,1982.074,9673.747,10146.43,2018.298,10495.54,9768.239,1974.46,9375.283
10251.83,1955.555,10653.74,10315.03,2033.775,10655.68,10029.06,1982.074,9674.15,10146.24,2018.298,10495.9,9768.372,1974.46,9375.665
10251.5,1955.555,10654.57,10314.77,2033.775,10656.54,10029.21,1982.074,9675.029,10145.88,2018.298,10496.72,9768.637,1974.46,9376.518
10251.18,1955.555,10655.43,10314.56,2033.775,10657.43,10029.35,1982.074,9675.941,10145.49,2018.298,10497.55,9768.931,1974.46,9377.392
10251,1955.555,10655.96,10314.43,2033.775,10657.97,10029.41,1982.074,9676.493,10145.23,2018.298,10498.04,9769.09,1974.46,9377.924
10250.79,1955.555,10656.64,10314.25,2033.775,10658.66,10029.46,1982.074,9677.207,10144.88,2018.298,10498.67,9769.36,1974.46,9378.587
10250.62,1955.555,10657.31,10314.04,2033.775,10659.33,10029.5,1982.074,9677.9,10144.52,2018.298,10499.26,9769.602,1974.46,9379.238
10250.42,1955.555,10657.96,10313.87,2033.775,10659.98,10029.5,1982.074,9678.572,10144.16,2018.298,10499.83,9769.82,1974.46,9379.874
10250.24,1955.555,10658.49,10313.74,2033.775,10660.53,10029.45,1982.074,9679.132,10143.88,2018.298,10500.32,9769.985,1974.46,9380.411
10250.06,1955.555,10659.07,10313.59,2033.775,10661.12,10029.41,1982.074,9679.741,10143.56,2018.298,10500.84,9770.158,1974.46,9380.996
10249.85,1955.555,10659.87,10313.35,2033.775,10661.91,10029.39,1982.074,9680.571,10143.11,2018.298,10501.53,9770.367,1974.46,9381.8
10249.76,1955.555,10660.16,10313.26,2033.775,10662.19,10029.37,1982.074,9680.867,10142.94,2018.298,10501.77,9770.433,1974.46,9382.089
10249.59,1955.555,10660.9,10313.01,2033.775,10662.91,10029.31,1982.074,9681.626,10142.52,2018.298,10502.41,9770.602,1974.46,9382.83
10249.48,1955.555,10661.44,10312.85,2033.775,10663.44,10029.29,1982.074,9682.181,10142.2,2018.298,10502.87,9770.707,1974.46,9383.376
10249.4,1955.555,10661.82,10312.75,2033.775,10663.82,10029.29,1982.074,9682.57,10141.95,2018.298,10503.17,9770.764,1974.46,9383.761
10249.24,1955.555,10662.43,10312.6,2033.775,10664.43,10029.3,1982.074,9683.198,10141.57,2018.298,10503.66,9770.876,1974.46,9384.379
10249.06,1955.555,10663.08,10312.48,2033.775,10665.1,10029.3,1982.074,9683.877,10141.12,2018.298,10504.17,9771.018,1974.46,9385.043
10248.93,1955.555,10663.46,10312.4,2033.775,10665.48,10029.25,1982.074,9684.266,10140.86,2018.298,10504.47,9771.072,1974.46,9385.432
10248.86,1955.555,10663.69,10312.34,2033.775,10665.73,10029.22,1982.074,9684.514,10140.71,2018.298,10504.67,9771.115,1974.46,9385.678
10248.63,1955.555,10664.29,10312.18,2033.775,10666.35,10029.17,1982.074,9685.154,10140.32,2018.298,10505.17,9771.247,1974.46,9386.307
10248.48,1955.555,10664.72,10312.06,2033.775,10666.78,10029.12,1982.074,9685.604,10140.05,2018.298,10505.54,9771.352,1974.46,9386.747
10248.35,1955.555,10665.13,10311.94,2033.775,10667.19,10029.09,1982.074,9686.029,10139.81,2018.298,10505.89,9771.437,1974.46,9387.165
10248.22,1955.555,10665.53,10311.8,2033.775,10667.59,10029.07,1982.074,9686.45,10139.58,2018.298,10506.25,9771.47,1974.46,9387.585
10248.1,1955.555,10665.83,10311.69,2033.775,10667.9,10029.06,1982.074,9686.775,10139.4,2018.298,10506.52,9771.506,1974.46,9387.908
10247.94,1955.555,10666.29,10311.51,2033.775,10668.35,10029.07,1982.074,9687.259,10139.14,2018.298,10506.92,9771.575,1974.46,9388.387
10247.81,1955.555,10666.73,10311.33,2033.775,10668.77,10029.05,1982.074,9687.716,10138.88,2018.298,10507.3,9771.655,1974.46,9388.838
10247.74,1955.555,10667,10311.23,2033.775,10669.03,10029.05,1982.074,9687.995,10138.75,2018.298,10507.55,9771.705,1974.46,9389.112
10247.64,1955.555,10667.34,10311.08,2033.775,10669.35,10029.06,1982.074,9688.349,10138.57,2018.298,10507.85,9771.758,1974.46,9389.462
10247.57,1955.555,10667.58,10310.98,2033.775,10669.58,10029.1,1982.074,9688.601,10138.43,2018.298,10508.07,9771.78,1974.46,9389.718
10247.44,1955.555,10667.96,10310.83,2033.775,10669.95,10029.17,1982.074,9688.992,10138.21,2018.298,10508.4,9771.817,1974.46,9390.113
10247.32,1955.555,10668.29,10310.7,2033.775,10670.28,10029.21,1982.074,9689.346,10138,2018.298,10508.69,9771.85,1974.46,9390.469
10247.23,1955.555,10668.53,10310.61,2033.775,10670.52,10029.24,1982.074,9689.594,10137.86,2018.298,10508.89,9771.88,1974.46,9390.716
10247.11,1955.555,10668.82,10310.51,2033.775,10670.81,10029.3,1982.074,9689.902,10137.67,2018.298,10509.15,9771.929,1974.46,9391.026
10246.92,1955.555,10669.19,10310.39,2033.775,10671.21,10029.36,1982.074,9690.313,10137.44,2018.298,10509.49,9772.007,1974.46,9391.435
10246.81,1955.555,10669.44,10310.3,2033.775,10671.48,10029.4,1982.074,9690.59,10137.28,2018.298,10509.72,9772.043,1974.46,9391.712
10246.73,1955.555,10669.63,10310.23,2033.775,10671.67,10029.42,1982.074,9690.797,10137.16,2018.298,10509.89,9772.076,1974.46,9391.918
10246.56,1955.555,10670.06,10310.08,2033.775,10672.1,10029.45,1982.074,9691.247,10136.94,2018.298,10510.28,9772.163,1974.46,9392.361
10246.47,1955.555,10670.24,10310.01,2033.775,10672.3,10029.46,1982.074,9691.455,10136.83,2018.298,10510.46,9772.21,1974.46,9392.564
10246.36,1955.555,10670.45,10309.92,2033.775,10672.52,10029.47,1982.074,9691.692,10136.7,2018.298,10510.66,9772.256,1974.46,9392.797
10246.21,1955.555,10670.7,10309.8,2033.775,10672.78,10029.48,1982.074,9691.979,10136.56,2018.298,10510.91,9772.32,1974.46,9393.076
10246.11,1955.555,10670.88,10309.71,2033.775,10672.96,10029.48,1982.074,9692.188,10136.47,2018.298,10511.1,9772.36,1974.46,9393.28
10246.01,1955.555,10671.06,10309.64,2033.775,10673.16,10029.49,1982.074,9692.396,10136.37,2018.298,10511.28,9772.372,1974.46,9393.488
10245.87,1955.555,10671.35,10309.51,2033.775,10673.46,10029.53,1982.074,9692.715,10136.21,2018.298,10511.56,9772.401,1974.46,9393.809
10245.77,1955.555,10671.58,10309.41,2033.775,10673.68,10029.58,1982.074,9692.957,10136.07,2018.298,10511.76,9772.426,1974.46,9394.054
10245.69,1955.555,10671.77,10309.33,2033.775,10673.87,10029.61,1982.074,9693.163,10135.96,2018.298,10511.94,9772.453,1974.46,9394.261
10245.58,1955.555,10671.98,10309.24,2033.775,10674.08,10029.64,1982.074,9693.393,10135.85,2018.298,10512.14,9772.487,1974.46,9394.489
10245.49,1955.555,10672.17,10309.17,2033.775,10674.29,10029.66,1982.074,9693.605,10135.74,2018.298,10512.33,9772.525,1974.46,9394.7
10245.4,1955.555,10672.35,10309.1,2033.775,10674.48,10029.67,1982.074,9693.813,10135.63,2018.298,10512.5,9772.569,1974.46,9394.904
10245.31,1955.555,10672.54,10309.03,2033.775,10674.68,10029.67,1982.074,9694.021,10135.51,2018.298,10512.67,9772.619,1974.46,9395.106
10245.22,1955.555,10672.74,10308.94,2033.775,10674.87,10029.71,1982.074,9694.231,10135.4,2018.298,10512.86,9772.663,1974.46,9395.315
10245.14,1955.555,10672.93,10308.88,2033.775,10675.07,10029.75,1982.074,9694.437,10135.28,2018.298,10513.03,9772.713,1974.46,9395.518
10245.07,1955.555,10673.13,10308.82,2033.775,10675.27,10029.78,1982.074,9694.642,10135.17,2018.298,10513.2,9772.756,1974.46,9395.722
10245.01,1955.555,10673.32,10308.75,2033.775,10675.47,10029.81,1982.074,9694.848,10135.06,2018.298,10513.38,9772.785,1974.46,9395.928
10244.95,1955.555,10673.53,10308.67,2033.775,10675.66,10029.83,1982.074,9695.055,10134.94,2018.298,10513.55,9772.821,1974.46,9396.133
10244.91,1955.555,10673.73,10308.61,2033.775,10675.86,10029.85,1982.074,9695.263,10134.84,2018.298,10513.73,9772.831,1974.46,9396.341
10244.85,1955.555,10673.93,10308.55,2033.775,10676.06,10029.86,1982.074,9695.471,10134.73,2018.298,10513.91,9772.848,1974.46,9396.549
10244.79,1955.555,10674.13,10308.49,2033.775,10676.26,10029.89,1982.074,9695.677,10134.62,2018.298,10514.09,9772.871,1974.46,9396.756
10244.72,1955.555,10674.32,10308.43,2033.775,10676.46,10029.91,1982.074,9695.884,10134.5,2018.298,10514.26,9772.89,1974.46,9396.963
10244.66,1955.555,10674.52,10308.37,2033.775,10676.66,10029.92,1982.074,9696.092,10134.4,2018.298,10514.44,9772.915,1974.46,9397.17
10244.6,1955.555,10674.72,10308.3,2033.775,10676.86,10029.93,1982.074,9696.3,10134.3,2018.298,10514.62,9772.944,1974.46,9397.376
10244.54,1955.555,10674.92,10308.23,2033.775,10677.05,10029.95,1982.074,9696.507,10134.19,2018.298,10514.8,9772.98,1974.46,9397.581
10244.47,1955.555,10675.12,10308.16,2033.775,10677.25,10029.96,1982.074,9696.715,10134.08,2018.298,10514.98,9773.023,1974.46,9397.785
10244.39,1955.555,10675.31,10308.09,2033.775,10677.44,10029.97,1982.074,9696.923,10133.96,2018.298,10515.15,9773.067,1974.46,9397.988
10244.32,1955.555,10675.51,10308.03,2033.775,10677.64,10029.97,1982.074,9697.131,10133.84,2018.298,10515.32,9773.135,1974.46,9398.186
10244.25,1955.555,10675.7,10307.97,2033.775,10677.84,10029.98,1982.074,9697.339,10133.72,2018.298,10515.49,9773.195,1974.46,9398.385
10244.17,1955.555,10675.9,10307.9,2033.775,10678.04,10029.98,1982.074,9697.547,10133.6,2018.298,10515.66,9773.25,1974.46,9398.586
10244.09,1955.555,10676.09,10307.83,2033.775,10678.23,10029.98,1982.074,9697.755,10133.47,2018.298,10515.82,9773.319,1974.46,9398.782
10244,1955.555,10676.29,10307.74,2033.775,10678.44,10029.96,1982.074,9697.978,10133.35,2018.298,10516.01,9773.387,1974.46,9398.995
10243.88,1955.555,10676.55,10307.64,2033.775,10678.7,10029.95,1982.074,9698.261,10133.18,2018.298,10516.24,9773.463,1974.46,9399.268
10243.72,1955.555,10676.86,10307.51,2033.775,10679.03,10029.93,1982.074,9698.61,10132.97,2018.298,10516.52,9773.565,1974.46,9399.603
10243.51,1955.555,10677.2,10307.38,2033.775,10679.4,10029.92,1982.074,9699.005,10132.7,2018.298,10516.81,9773.668,1974.46,9399.983
10243.33,1955.555,10677.52,10307.25,2033.775,10679.76,10029.92,1982.074,9699.384,10132.46,2018.298,10517.09,9773.755,1974.46,9400.352
10243.19,1955.555,10677.78,10307.15,2033.775,10680.03,10029.89,1982.074,9699.669,10132.28,2018.298,10517.32,9773.857,1974.46,9400.619
10242.88,1955.555,10678.34,10306.93,2033.775,10680.63,10029.83,1982.074,9700.307,10131.89,2018.298,10517.83,9774.066,1974.46,9401.225
10242.78,1955.555,10678.52,10306.86,2033.775,10680.82,10029.82,1982.074,9700.515,10131.76,2018.298,10517.99,9774.128,1974.46,9401.424
10242.61,1955.555,10678.89,10306.69,2033.775,10681.2,10029.78,1982.074,9700.924,10131.5,2018.298,10518.31,9774.236,1974.46,9401.82
10242.35,1955.555,10679.29,10306.5,2033.775,10681.64,10029.72,1982.074,9701.398,10131.22,2018.298,10518.7,9774.348,1974.46,9402.286
10242.2,1955.555,10679.53,10306.38,2033.775,10681.89,10029.68,1982.074,9701.673,10131.06,2018.298,10518.92,9774.428,1974.46,9402.551
10242.08,1955.555,10679.7,10306.29,2033.775,10682.07,10029.66,1982.074,9701.88,10130.94,2018.298,10519.1,9774.481,1974.46,9402.752
10241.84,1955.555,10680.08,10306.07,2033.775,10682.46,10029.62,1982.074,9702.328,10130.71,2018.298,10519.48,9774.583,1974.46,9403.19
10241.68,1955.555,10680.34,10305.91,2033.775,10682.73,10029.59,1982.074,9702.634,10130.55,2018.298,10519.74,9774.643,1974.46,9403.492
10241.52,1955.555,10680.6,10305.75,2033.775,10682.98,10029.57,1982.074,9702.936,10130.4,2018.298,10520.01,9774.711,1974.46,9403.786
10241.41,1955.555,10680.78,10305.64,2033.775,10683.17,10029.57,1982.074,9703.15,10130.29,2018.298,10520.19,9774.753,1974.46,9403.997
10241.23,1955.555,10681.07,10305.43,2033.775,10683.44,10029.57,1982.074,9703.491,10130.1,2018.298,10520.48,9774.793,1974.46,9404.335
10241.02,1955.555,10681.38,10305.22,2033.775,10683.74,10029.53,1982.074,9703.859,10129.94,2018.298,10520.81,9774.849,1974.46,9404.701
10240.93,1955.555,10681.57,10305.08,2033.775,10683.91,10029.51,1982.074,9704.073,10129.83,2018.298,10520.99,9774.888,1974.46,9404.912
10240.83,1955.555,10681.75,10304.96,2033.775,10684.08,10029.5,1982.074,9704.281,10129.73,2018.298,10521.17,9774.897,1974.46,9405.12
10240.63,1955.555,10682.12,10304.72,2033.775,10684.41,10029.46,1982.074,9704.692,10129.5,2018.298,10521.52,9774.93,1974.46,9405.532
10240.52,1955.555,10682.29,10304.59,2033.775,10684.58,10029.45,1982.074,9704.9,10129.38,2018.298,10521.69,9774.953,1974.46,9405.739
10240.38,1955.555,10682.51,10304.44,2033.775,10684.79,10029.44,1982.074,9705.162,10129.23,2018.298,10521.91,9774.981,1974.46,9405.999
10240.25,1955.555,10682.73,10304.29,2033.775,10684.99,10029.44,1982.074,9705.41,10129.08,2018.298,10522.1,9775.016,1974.46,9406.244
10240.15,1955.555,10682.91,10304.16,2033.775,10685.15,10029.45,1982.074,9705.618,10128.95,2018.298,10522.27,9775.052,1974.46,9406.449
10240.03,1955.555,10683.09,10304.03,2033.775,10685.32,10029.45,1982.074,9705.837,10128.82,2018.298,10522.44,9775.07,1974.46,9406.667
10239.89,1955.555,10683.3,10303.88,2033.775,10685.52,10029.46,1982.074,9706.085,10128.67,2018.298,10522.64,9775.1,1974.46,9406.913
10239.78,1955.555,10683.47,10303.76,2033.775,10685.7,10029.46,1982.074,9706.293,10128.54,2018.298,10522.8,9775.111,1974.46,9407.121
10239.66,1955.555,10683.65,10303.64,2033.775,10685.87,10029.49,1982.074,9706.498,10128.42,2018.298,10522.97,9775.126,1974.46,9407.329
10239.54,1955.555,10683.81,10303.51,2033.775,10686.02,10029.52,1982.074,9706.704,10128.29,2018.298,10523.14,9775.147,1974.46,9407.536
10239.41,1955.555,10683.98,10303.36,2033.775,10686.18,10029.54,1982.074,9706.911,10128.17,2018.298,10523.31,9775.157,1974.46,9407.744
10239.26,1955.555,10684.15,10303.21,2033.775,10686.35,10029.58,1982.074,9707.139,10128.03,2018.298,10523.49,9775.176,1974.46,9407.974
10239.13,1955.555,10684.31,10303.08,2033.775,10686.51,10029.61,1982.074,9707.345,10127.92,2018.298,10523.66,9775.199,1974.46,9408.181
10238.99,1955.555,10684.47,10302.94,2033.775,10686.66,10029.63,1982.074,9707.552,10127.8,2018.298,10523.83,9775.229,1974.46,9408.387
10238.87,1955.555,10684.64,10302.8,2033.775,10686.82,10029.67,1982.074,9707.757,10127.67,2018.298,10524,9775.265,1974.46,9408.592
10238.75,1955.555,10684.81,10302.66,2033.775,10686.97,10029.71,1982.074,9707.962,10127.55,2018.298,10524.17,9775.3,1974.46,9408.797
10238.62,1955.555,10684.97,10302.52,2033.775,10687.12,10029.74,1982.074,9708.168,10127.42,2018.298,10524.33,9775.342,1974.46,9409.001
10238.49,1955.555,10685.13,10302.38,2033.775,10687.28,10029.76,1982.074,9708.375,10127.3,2018.298,10524.5,9775.378,1974.46,9409.206
10238.35,1955.555,10685.29,10302.24,2033.775,10687.44,10029.78,1982.074,9708.583,10127.17,2018.298,10524.67,9775.41,1974.46,9409.412
10238.21,1955.555,10685.45,10302.13,2033.775,10687.61,10029.79,1982.074,9708.791,10127.04,2018.298,10524.83,9775.449,1974.46,9409.617
10238.08,1955.555,10685.6,10302.01,2033.775,10687.78,10029.81,1982.074,9708.998,10126.9,2018.298,10524.98,9775.495,1974.46,9409.82
10237.94,1955.555,10685.76,10301.89,2033.775,10687.95,10029.83,1982.074,9709.205,10126.75,2018.298,10525.13,9775.571,1974.46,9410.015
10237.82,1955.555,10685.93,10301.77,2033.775,10688.12,10029.86,1982.074,9709.411,10126.61,2018.298,10525.28,9775.641,1974.46,9410.211
10237.68,1955.555,10686.08,10301.64,2033.775,10688.29,10029.88,1982.074,9709.618,10126.46,2018.298,10525.43,9775.703,1974.46,9410.409
10237.54,1955.555,10686.24,10301.51,2033.775,10688.45,10029.89,1982.074,9709.826,10126.32,2018.298,10525.58,9775.76,1974.46,9410.609
10237.4,1955.555,10686.39,10301.38,2033.775,10688.61,10029.9,1982.074,9710.034,10126.18,2018.298,10525.73,9775.81,1974.46,9410.812
10237.26,1955.555,10686.55,10301.24,2033.775,10688.77,10029.93,1982.074,9710.239,10126.05,2018.298,10525.89,9775.853,1974.46,9411.016
10237.11,1955.555,10686.7,10301.12,2033.775,10688.94,10029.96,1982.074,9710.445,10125.92,2018.298,10526.06,9775.889,1974.46,9411.221
10236.98,1955.555,10686.85,10301,2033.775,10689.11,10029.99,1982.074,9710.652,10125.78,2018.298,10526.21,9775.902,1974.46,9411.429
10236.83,1955.555,10687,10300.87,2033.775,10689.27,10030.02,1982.074,9710.857,10125.64,2018.298,10526.37,9775.923,1974.46,9411.636
10236.69,1955.555,10687.16,10300.76,2033.775,10689.45,10030.05,1982.074,9711.063,10125.49,2018.298,10526.51,9775.95,1974.46,9411.842
10236.56,1955.555,10687.32,10300.63,2033.775,10689.61,10030.07,1982.074,9711.271,10125.34,2018.298,10526.66,9775.976,1974.46,9412.049
10236.43,1955.555,10687.48,10300.52,2033.775,10689.79,10030.11,1982.074,9711.476,10125.2,2018.298,10526.81,9776.008,1974.46,9412.255
10236.3,1955.555,10687.64,10300.41,2033.775,10689.97,10030.13,1982.074,9711.682,10125.05,2018.298,10526.96,9776.047,1974.46,9412.46
10236.17,1955.555,10687.81,10300.29,2033.775,10690.14,10030.16,1982.074,9711.889,10124.91,2018.298,10527.11,9776.06,1974.46,9412.668
10236.04,1955.555,10687.97,10300.17,2033.775,10690.31,10030.17,1982.074,9712.096,10124.77,2018.298,10527.26,9776.079,1974.46,9412.875
10235.91,1955.555,10688.13,10300.05,2033.775,10690.47,10030.19,1982.074,9712.304,10124.62,2018.298,10527.41,9776.105,1974.46,9413.082
10235.78,1955.555,10688.3,10299.92,2033.775,10690.64,10030.2,1982.074,9712.512,10124.48,2018.298,10527.56,9776.126,1974.46,9413.289
10235.67,1955.555,10688.47,10299.79,2033.775,10690.8,10030.21,1982.074,9712.72,10124.34,2018.298,10527.72,9776.153,1974.46,9413.495
10235.56,1955.555,10688.65,10299.67,2033.775,10690.97,10030.21,1982.074,9712.928,10124.21,2018.298,10527.88,9776.188,1974.46,9413.7
10235.44,1955.555,10688.82,10299.54,2033.775,10691.14,10030.23,1982.074,9713.135,10124.08,2018.298,10528.05,9776.229,1974.46,9413.904
10235.32,1955.555,10688.99,10299.43,2033.775,10691.31,10030.25,1982.074,9713.343,10123.94,2018.298,10528.2,9776.261,1974.46,9414.11
10235.2,1955.555,10689.16,10299.33,2033.775,10691.49,10030.28,1982.074,9713.548,10123.81,2018.298,10528.36,9776.3,1974.46,9414.315
10235.08,1955.555,10689.33,10299.22,2033.775,10691.67,10030.31,1982.074,9713.754,10123.68,2018.298,10528.52,9776.308,1974.46,9414.523
10234.95,1955.555,10689.49,10299.11,2033.775,10691.85,10030.34,1982.074,9713.96,10123.55,2018.298,10528.69,9776.322,1974.46,9414.731
10234.83,1955.555,10689.66,10299,2033.775,10692.03,10030.37,1982.074,9714.166,10123.43,2018.298,10528.86,9776.344,1974.46,9414.938
10234.71,1955.555,10689.83,10298.91,2033.775,10692.21,10030.4,1982.074,9714.373,10123.34,2018.298,10529.04,9776.372,1974.46,9415.145
10234.59,1955.555,10690.01,10298.8,2033.775,10692.39,10030.41,1982.074,9714.581,10123.23,2018.298,10529.22,9776.407,1974.46,9415.35
10234.49,1955.555,10690.18,10298.69,2033.775,10692.57,10030.42,1982.074,9714.789,10123.14,2018.298,10529.41,9776.449,1974.46,9415.554
10234.37,1955.555,10690.36,10298.58,2033.775,10692.75,10030.43,1982.074,9714.997,10123.04,2018.298,10529.59,9776.468,1974.46,9415.762
10234.25,1955.555,10690.53,10298.48,2033.775,10692.93,10030.45,1982.074,9715.204,10122.93,2018.298,10529.77,9776.492,1974.46,9415.969
10234.14,1955.555,10690.71,10298.37,2033.775,10693.1,10030.47,1982.074,9715.411,10122.82,2018.298,10529.95,9776.523,1974.46,9416.175
10234.03,1955.555,10690.88,10298.25,2033.775,10693.28,10030.49,1982.074,9715.619,10122.72,2018.298,10530.13,9776.541,1974.46,9416.383
10233.92,1955.555,10691.06,10298.14,2033.775,10693.45,10030.49,1982.074,9715.827,10122.62,2018.298,10530.31,9776.564,1974.46,9416.59
10233.81,1955.555,10691.24,10298.02,2033.775,10693.63,10030.52,1982.074,9716.034,10122.52,2018.298,10530.49,9776.589,1974.46,9416.797
10233.69,1955.555,10691.41,10297.91,2033.775,10693.8,10030.54,1982.074,9716.241,10122.41,2018.298,10530.67,9776.611,1974.46,9417.004
10233.58,1955.555,10691.59,10297.8,2033.775,10693.98,10030.56,1982.074,9716.449,10122.31,2018.298,10530.85,9776.641,1974.46,9417.21
10233.47,1955.555,10691.76,10297.68,2033.775,10694.14,10030.57,1982.074,9716.657,10122.2,2018.298,10531.03,9776.65,1974.46,9417.418
10233.36,1955.555,10691.94,10297.56,2033.775,10694.31,10030.59,1982.074,9716.864,10122.11,2018.298,10531.22,9776.667,1974.46,9417.626
10233.25,1955.555,10692.11,10297.43,2033.775,10694.48,10030.61,1982.074,9717.072,10122.01,2018.298,10531.4,9776.689,1974.46,9417.833
10233.14,1955.555,10692.29,10297.29,2033.775,10694.64,10030.62,1982.074,9717.28,10121.9,2018.298,10531.58,9776.719,1974.46,9418.039
10233.03,1955.555,10692.47,10297.16,2033.775,10694.8,10030.65,1982.074,9717.486,10121.8,2018.298,10531.76,9776.755,1974.46,9418.244
10232.92,1955.555,10692.64,10297.04,2033.775,10694.96,10030.67,1982.074,9717.693,10121.7,2018.298,10531.94,9776.796,1974.46,9418.448
10232.79,1955.555,10692.81,10296.92,2033.775,10695.13,10030.69,1982.074,9717.901,10121.59,2018.298,10532.12,9776.831,1974.46,9418.653
10232.69,1955.555,10693,10296.79,2033.775,10695.3,10030.71,1982.074,9718.109,10121.47,2018.298,10532.3,9776.872,1974.46,9418.857
10232.59,1955.555,10693.17,10296.67,2033.775,10695.47,10030.71,1982.074,9718.317,10121.36,2018.298,10532.47,9776.919,1974.46,9419.061
10232.48,1955.555,10693.35,10296.56,2033.775,10695.64,10030.71,1982.074,9718.525,10121.25,2018.298,10532.65,9776.984,1974.46,9419.258
10232.39,1955.555,10693.54,10296.43,2033.775,10695.81,10030.71,1982.074,9718.733,10121.13,2018.298,10532.82,9777.044,1974.46,9419.458
10232.29,1955.555,10693.72,10296.32,2033.775,10695.99,10030.71,1982.074,9718.941,10121.02,2018.298,10532.99,9777.097,1974.46,9419.659
10232.18,1955.555,10693.9,10296.21,2033.775,10696.16,10030.7,1982.074,9719.149,10120.89,2018.298,10533.16,9777.143,1974.46,9419.862
10232.09,1955.555,10694.09,10296.1,2033.775,10696.34,10030.7,1982.074,9719.357,10120.76,2018.298,10533.32,9777.182,1974.46,9420.067
10232,1955.555,10694.28,10296.01,2033.775,10696.53,10030.7,1982.074,9719.565,10120.64,2018.298,10533.49,9777.228,1974.46,9420.271
10231.9,1955.555,10694.46,10295.89,2033.775,10696.7,10030.67,1982.074,9719.771,10120.52,2018.298,10533.66,9777.267,1974.46,9420.476
10231.79,1955.555,10694.64,10295.78,2033.775,10696.88,10030.63,1982.074,9719.977,10120.42,2018.298,10533.84,9777.289,1974.46,9420.683
10231.68,1955.555,10694.81,10295.66,2033.775,10697.05,10030.61,1982.074,9720.183,10120.31,2018.298,10534.02,9777.301,1974.46,9420.891
10231.57,1955.555,10694.99,10295.55,2033.775,10697.22,10030.58,1982.074,9720.39,10120.2,2018.298,10534.2,9777.308,1974.46,9421.099
10231.46,1955.555,10695.17,10295.42,2033.775,10697.39,10030.57,1982.074,9720.598,10120.1,2018.298,10534.38,9777.321,1974.46,9421.307
10231.34,1955.555,10695.34,10295.29,2033.775,10697.55,10030.56,1982.074,9720.806,10119.98,2018.298,10534.55,9777.342,1974.46,9421.514
10231.22,1955.555,10695.5,10295.17,2033.775,10697.72,10030.55,1982.074,9721.014,10119.88,2018.298,10534.73,9777.354,1974.46,9421.722
10231.1,1955.555,10695.68,10295.05,2033.775,10697.89,10030.53,1982.074,9721.221,10119.78,2018.298,10534.91,9777.374,1974.46,9421.929
10230.98,1955.555,10695.85,10294.91,2033.775,10698.04,10030.51,1982.074,9721.428,10119.67,2018.298,10535.09,9777.4,1974.46,9422.136
10230.85,1955.555,10696.01,10294.77,2033.775,10698.2,10030.5,1982.074,9721.636,10119.56,2018.298,10535.27,9777.434,1974.46,9422.342
10230.72,1955.555,10696.18,10294.63,2033.775,10698.35,10030.47,1982.074,9721.843,10119.44,2018.298,10535.44,9777.474,1974.46,9422.546
10230.59,1955.555,10696.33,10294.48,2033.775,10698.5,10030.46,1982.074,9722.051,10119.32,2018.298,10535.61,9777.521,1974.46,9422.749
10230.45,1955.555,10696.49,10294.35,2033.775,10698.66,10030.45,1982.074,9722.259,10119.19,2018.298,10535.78,9777.576,1974.46,9422.95
10230.31,1955.555,10696.65,10294.21,2033.775,10698.82,10030.45,1982.074,9722.467,10119.07,2018.298,10535.94,9777.625,1974.46,9423.152
10230.16,1955.555,10696.81,10294.08,2033.775,10698.99,10030.46,1982.074,9722.689,10118.93,2018.298,10536.12,9777.703,1974.46,9423.36
10229.98,1955.555,10697.03,10293.89,2033.775,10699.21,10030.49,1982.074,9722.973,10118.77,2018.298,10536.35,9777.794,1974.46,9423.63
10229.77,1955.555,10697.32,10293.63,2033.775,10699.46,10030.52,1982.074,9723.333,10118.57,2018.298,10536.65,9777.898,1974.46,9423.977
10229.51,1955.555,10697.65,10293.34,2033.775,10699.77,10030.55,1982.074,9723.753,10118.35,2018.298,10537.01,9778.007,1974.46,9424.384
10229.19,1955.555,10698.02,10293.02,2033.775,10700.12,10030.56,1982.074,9724.235,10118.1,2018.298,10537.42,9778.116,1974.46,9424.854
10228.77,1955.555,10698.49,10292.58,2033.775,10700.57,10030.56,1982.074,9724.863,10117.77,2018.298,10537.96,9778.329,1974.46,9425.444
10228.38,1955.555,10699.03,10292.07,2033.775,10701.02,10030.64,1982.074,9725.533,10117.4,2018.298,10538.52,9778.536,1974.46,9426.085
10228.18,1955.555,10699.29,10291.84,2033.775,10701.24,10030.66,1982.074,9725.853,10117.21,2018.298,10538.78,9778.625,1974.46,9426.393
10227.67,1955.555,10699.89,10291.29,2033.775,10701.8,10030.72,1982.074,9726.642,10116.74,2018.298,10539.42,9778.834,1974.46,9427.156
10227.13,1955.555,10700.5,10290.74,2033.775,10702.4,10030.8,1982.074,9727.451,10116.23,2018.298,10540.05,9779.022,1974.46,9427.947
10226.58,1955.555,10701.09,10290.16,2033.775,10702.96,10030.85,1982.074,9728.252,10115.66,2018.298,10540.62,9779.191,1974.46,9428.732
10225.99,1955.555,10701.69,10289.56,2033.775,10703.57,10030.99,1982.074,9729.093,10115.08,2018.298,10541.24,9779.361,1974.46,9429.567
10225.26,1955.555,10702.23,10288.91,2033.775,10704.19,10031.11,1982.074,9729.983,10114.48,2018.298,10541.92,9779.605,1974.46,9430.433
10224.49,1955.555,10702.76,10288.21,2033.775,10704.82,10031.21,1982.074,9730.92,10113.88,2018.298,10542.64,9779.835,1974.46,9431.345
10223.7,1955.555,10703.35,10287.51,2033.775,10705.51,10031.32,1982.074,9731.897,10113.27,2018.298,10543.41,9780.044,1974.46,9432.307
10222.88,1955.555,10703.99,10286.79,2033.775,10706.25,10031.4,1982.074,9732.929,10112.63,2018.298,10544.22,9780.23,1974.46,9433.324
10222.06,1955.555,10704.68,10286.02,2033.775,10707,10031.45,1982.074,9734,10111.98,2018.298,10545.07,9780.458,1974.46,9434.372
10221.37,1955.555,10705.3,10285.33,2033.775,10707.63,10031.55,1982.074,9734.933,10111.39,2018.298,10545.8,9780.768,1974.46,9435.257
10220.68,1955.555,10705.96,10284.64,2033.775,10708.28,10031.62,1982.074,9735.878,10110.82,2018.298,10546.56,9781.052,1974.46,9436.161
10219.67,1955.555,10706.87,10283.72,2033.775,10709.28,10031.68,1982.074,9737.236,10109.97,2018.298,10547.62,9781.529,1974.46,9437.435
10218.86,1955.555,10707.49,10283,2033.775,10710.01,10031.69,1982.074,9738.258,10109.32,2018.298,10548.41,9781.856,1974.46,9438.402
10218.09,1955.555,10708.12,10282.28,2033.775,10710.7,10031.81,1982.074,9739.249,10108.71,2018.298,10549.2,9782.146,1974.46,9439.357
10217.36,1955.555,10708.75,10281.56,2033.775,10711.33,10031.89,1982.074,9740.208,10108.1,2018.298,10549.94,9782.394,1974.46,9440.287
10216.87,1955.555,10709.21,10281.04,2033.775,10711.77,10031.92,1982.074,9740.883,10107.69,2018.298,10550.48,9782.569,1974.46,9440.94
10216.05,1955.555,10709.93,10280.22,2033.775,10712.49,10031.95,1982.074,9741.971,10107,2018.298,10551.32,9782.817,1974.46,9442
10215.35,1955.555,10710.58,10279.49,2033.775,10713.1,10031.94,1982.074,9742.924,10106.42,2018.298,10552.07,9783.147,1974.46,9442.894
10214.71,1955.555,10711.14,10278.85,2033.775,10713.66,10032,1982.074,9743.77,10105.88,2018.298,10552.73,9783.416,1974.46,9443.698
10214.01,1955.555,10711.57,10278.22,2033.775,10714.18,10032.11,1982.074,9744.584,10105.28,2018.298,10553.29,9783.65,1974.46,9444.486
10213.35,1955.555,10712.01,10277.59,2033.775,10714.67,10032.22,1982.074,9745.374,10104.71,2018.298,10553.86,9783.853,1974.46,9445.258
10212.72,1955.555,10712.46,10276.97,2033.775,10715.12,10032.3,1982.074,9746.138,10104.19,2018.298,10554.42,9784.058,1974.46,9445.998
10212.13,1955.555,10712.91,10276.35,2033.775,10715.54,10032.35,1982.074,9746.884,10103.68,2018.298,10554.97,9784.233,1974.46,9446.725
10211.54,1955.555,10713.34,10275.74,2033.775,10715.94,10032.38,1982.074,9747.61,10103.21,2018.298,10555.52,9784.443,1974.46,9447.421
10211,1955.555,10713.79,10275.17,2033.775,10716.35,10032.41,1982.074,9748.314,10102.76,2018.298,10556.06,9784.625,1974.46,9448.103
10210.54,1955.555,10714.16,10274.7,2033.775,10716.7,10032.49,1982.074,9748.896,10102.47,2018.298,10556.57,9784.758,1974.46,9448.675
10210.1,1955.555,10714.52,10274.25,2033.775,10717.06,10032.56,1982.074,9749.464,10102.17,2018.298,10557.06,9784.868,1974.46,9449.234
10209.44,1955.555,10715.02,10273.58,2033.775,10717.54,10032.62,1982.074,9750.286,10101.71,2018.298,10557.74,9785.086,1974.46,9450.03
10208.94,1955.555,10715.39,10273.06,2033.775,10717.88,10032.64,1982.074,9750.909,10101.35,2018.298,10558.25,9785.231,1974.46,9450.637
10208.49,1955.555,10715.79,10272.56,2033.775,10718.22,10032.65,1982.074,9751.512,10100.98,2018.298,10558.73,9785.353,1974.46,9451.227
10208.07,1955.555,10716.19,10272.1,2033.775,10718.57,10032.64,1982.074,9752.089,10100.62,2018.298,10559.17,9785.462,1974.46,9451.793
10207.76,1955.555,10716.46,10271.78,2033.775,10718.82,10032.65,1982.074,9752.497,10100.35,2018.298,10559.48,9785.56,1974.46,9452.189
10207.27,1955.555,10716.89,10271.25,2033.775,10719.21,10032.64,1982.074,9753.153,10099.91,2018.298,10559.97,9785.744,1974.46,9452.819
10206.83,1955.555,10717.26,10270.77,2033.775,10719.52,10032.71,1982.074,9753.724,10099.54,2018.298,10560.42,9785.888,1974.46,9453.375
10206.44,1955.555,10717.59,10270.35,2033.775,10719.81,10032.75,1982.074,9754.233,10099.28,2018.298,10560.85,9785.999,1974.46,9453.875
10206.05,1955.555,10717.89,10269.95,2033.775,10720.11,10032.77,1982.074,9754.729,10099.01,2018.298,10561.27,9786.092,1974.46,9454.362
10205.68,1955.555,10718.2,10269.57,2033.775,10720.4,10032.79,1982.074,9755.211,10098.73,2018.298,10561.66,9786.166,1974.46,9454.839
10205.31,1955.555,10718.51,10269.16,2033.775,10720.65,10032.8,1982.074,9755.688,10098.48,2018.298,10562.07,9786.169,1974.46,9455.317
10204.84,1955.555,10718.87,10268.66,2033.775,10720.98,10032.89,1982.074,9756.279,10098.16,2018.298,10562.57,9786.192,1974.46,9455.914
10204.61,1955.555,10719.04,10268.43,2033.775,10721.14,10032.92,1982.074,9756.557,10098.01,2018.298,10562.81,9786.213,1974.46,9456.192
10204.35,1955.555,10719.21,10268.16,2033.775,10721.29,10032.95,1982.074,9756.869,10097.84,2018.298,10563.07,9786.242,1974.46,9456.504
10203.91,1955.555,10719.51,10267.71,2033.775,10721.57,10032.97,1982.074,9757.398,10097.55,2018.298,10563.52,9786.301,1974.46,9457.031
10203.58,1955.555,10719.72,10267.34,2033.775,10721.73,10033.01,1982.074,9757.795,10097.32,2018.298,10563.84,9786.348,1974.46,9457.427
10203.25,1955.555,10719.92,10267,2033.775,10721.9,10033.05,1982.074,9758.175,10097.08,2018.298,10564.14,9786.405,1974.46,9457.805
10203.03,1955.555,10720.03,10266.78,2033.775,10722.02,10033.08,1982.074,9758.424,10096.93,2018.298,10564.34,9786.45,1974.46,9458.051
10202.49,1955.555,10720.36,10266.19,2033.775,10722.26,10033.12,1982.074,9759.055,10096.52,2018.298,10564.82,9786.613,1974.46,9458.661
10202.26,1955.555,10720.5,10265.96,2033.775,10722.36,10033.14,1982.074,9759.315,10096.38,2018.298,10565.04,9786.673,1974.46,9458.916
10202.05,1955.555,10720.62,10265.73,2033.775,10722.47,10033.16,1982.074,9759.56,10096.24,2018.298,10565.24,9786.721,1974.46,9459.156
10201.81,1955.555,10720.77,10265.48,2033.775,10722.59,10033.17,1982.074,9759.841,10096.08,2018.298,10565.47,9786.767,1974.46,9459.435
10201.46,1955.555,10720.98,10265.1,2033.775,10722.75,10033.17,1982.074,9760.252,10095.83,2018.298,10565.8,9786.828,1974.46,9459.841
10201.17,1955.555,10721.14,10264.79,2033.775,10722.87,10033.18,1982.074,9760.587,10095.61,2018.298,10566.05,9786.836,1974.46,9460.176
10200.82,1955.555,10721.32,10264.42,2033.775,10723,10033.17,1982.074,9760.978,10095.36,2018.298,10566.35,9786.858,1974.46,9460.566
10200.63,1955.555,10721.4,10264.22,2033.775,10723.07,10033.16,1982.074,9761.186,10095.25,2018.298,10566.53,9786.877,1974.46,9460.773
10200.39,1955.555,10721.52,10263.98,2033.775,10723.18,10033.15,1982.074,9761.45,10095.1,2018.298,10566.75,9786.896,1974.46,9461.038
10200.1,1955.555,10721.66,10263.69,2033.775,10723.32,10033.12,1982.074,9761.772,10094.92,2018.298,10567.02,9786.929,1974.46,9461.36
10199.85,1955.555,10721.76,10263.44,2033.775,10723.42,10033.09,1982.074,9762.034,10094.76,2018.298,10567.23,9786.964,1974.46,9461.621
10199.6,1955.555,10721.82,10263.21,2033.775,10723.51,10033.07,1982.074,9762.29,10094.62,2018.298,10567.45,9787.001,1974.46,9461.875
10199.36,1955.555,10721.89,10262.96,2033.775,10723.6,10033.05,1982.074,9762.546,10094.48,2018.298,10567.66,9787.047,1974.46,9462.127
10199.13,1955.555,10721.97,10262.73,2033.775,10723.67,10033.05,1982.074,9762.788,10094.34,2018.298,10567.86,9787.113,1974.46,9462.359
10198.93,1955.555,10722.02,10262.53,2033.775,10723.7,10033.05,1982.074,9762.996,10094.21,2018.298,10568.02,9787.164,1974.46,9462.562
10198.59,1955.555,10722.11,10262.19,2033.775,10723.76,10033.07,1982.074,9763.338,10093.99,2018.298,10568.29,9787.236,1974.46,9462.896
10198.39,1955.555,10722.15,10261.98,2033.775,10723.78,10033.08,1982.074,9763.549,10093.85,2018.298,10568.44,9787.287,1974.46,9463.101
10198.18,1955.555,10722.2,10261.77,2033.775,10723.81,10033.08,1982.074,9763.757,10093.72,2018.298,10568.6,9787.356,1974.46,9463.297
10197.98,1955.555,10722.25,10261.57,2033.775,10723.83,10033.11,1982.074,9763.964,10093.58,2018.298,10568.75,9787.419,1974.46,9463.495
10197.78,1955.555,10722.3,10261.36,2033.775,10723.85,10033.12,1982.074,9764.172,10093.42,2018.298,10568.89,9787.482,1974.46,9463.693
10197.58,1955.555,10722.35,10261.15,2033.775,10723.89,10033.14,1982.074,9764.38,10093.26,2018.298,10569.03,9787.539,1974.46,9463.894
10197.38,1955.555,10722.39,10260.95,2033.775,10723.93,10033.15,1982.074,9764.588,10093.11,2018.298,10569.17,9787.59,1974.46,9464.096
10197.17,1955.555,10722.43,10260.75,2033.775,10723.98,10033.15,1982.074,9764.796,10092.95,2018.298,10569.31,9787.634,1974.46,9464.3
10196.97,1955.555,10722.48,10260.55,2033.775,10724.04,10033.17,1982.074,9765.004,10092.8,2018.298,10569.45,9787.678,1974.46,9464.503
10196.76,1955.555,10722.53,10260.35,2033.775,10724.09,10033.18,1982.074,9765.212,10092.65,2018.298,10569.6,9787.734,1974.46,9464.703
10196.56,1955.555,10722.59,10260.14,2033.775,10724.14,10033.18,1982.074,9765.42,10092.51,2018.298,10569.75,9787.785,1974.46,9464.905
10196.37,1955.555,10722.65,10259.94,2033.775,10724.2,10033.18,1982.074,9765.628,10092.37,2018.298,10569.9,9787.829,1974.46,9465.109
10196.17,1955.555,10722.72,10259.74,2033.775,10724.26,10033.18,1982.074,9765.836,10092.23,2018.298,10570.06,9787.866,1974.46,9465.314
10195.98,1955.555,10722.79,10259.55,2033.775,10724.33,10033.2,1982.074,9766.044,10092.1,2018.298,10570.22,9787.896,1974.46,9465.521
10195.78,1955.555,10722.86,10259.34,2033.775,10724.38,10033.21,1982.074,9766.252,10091.95,2018.298,10570.37,9787.934,1974.46,9465.726
10195.59,1955.555,10722.94,10259.14,2033.775,10724.43,10033.21,1982.074,9766.46,10091.81,2018.298,10570.52,9787.964,1974.46,9465.932
10195.39,1955.555,10723.01,10258.94,2033.775,10724.49,10033.21,1982.074,9766.668,10091.68,2018.298,10570.69,9787.969,1974.46,9466.14
10195.19,1955.555,10723.08,10258.74,2033.775,10724.55,10033.21,1982.074,9766.876,10091.55,2018.298,10570.84,9787.98,1974.46,9466.348
10194.99,1955.555,10723.14,10258.54,2033.775,10724.58,10033.23,1982.074,9767.084,10091.42,2018.298,10571.01,9787.999,1974.46,9466.556
10194.79,1955.555,10723.19,10258.33,2033.775,10724.62,10033.24,1982.074,9767.292,10091.29,2018.298,10571.17,9788.023,1974.46,9466.763
10194.59,1955.555,10723.25,10258.13,2033.775,10724.66,10033.24,1982.074,9767.5,10091.15,2018.298,10571.33,9788.032,1974.46,9466.971
10194.39,1955.555,10723.31,10257.92,2033.775,10724.69,10033.24,1982.074,9767.708,10091.01,2018.298,10571.48,9788.048,1974.46,9467.179
10194.19,1955.555,10723.36,10257.72,2033.775,10724.73,10033.26,1982.074,9767.915,10090.87,2018.298,10571.63,9788.07,1974.46,9467.386
10193.99,1955.555,10723.41,10257.51,2033.775,10724.76,10033.27,1982.074,9768.123,10090.73,2018.298,10571.79,9788.072,1974.46,9467.594
10193.79,1955.555,10723.46,10257.31,2033.775,10724.79,10033.29,1982.074,9768.331,10090.61,2018.298,10571.96,9788.081,1974.46,9467.802
10193.59,1955.555,10723.52,10257.1,2033.775,10724.83,10033.29,1982.074,9768.539,10090.49,2018.298,10572.13,9788.097,1974.46,9468.01
10193.38,1955.555,10723.57,10256.9,2033.775,10724.88,10033.3,1982.074,9768.747,10090.36,2018.298,10572.29,9788.116,1974.46,9468.217
10193.18,1955.555,10723.61,10256.7,2033.775,10724.94,10033.29,1982.074,9768.955,10090.22,2018.298,10572.45,9788.143,1974.46,9468.424
10192.98,1955.555,10723.66,10256.5,2033.775,10725.01,10033.28,1982.074,9769.163,10090.08,2018.298,10572.6,9788.162,1974.46,9468.631
10192.77,1955.555,10723.7,10256.31,2033.775,10725.08,10033.24,1982.074,9769.368,10089.94,2018.298,10572.76,9788.188,1974.46,9468.838
10192.57,1955.555,10723.75,10256.11,2033.775,10725.15,10033.2,1982.074,9769.572,10089.8,2018.298,10572.91,9788.222,1974.46,9469.044
10192.37,1955.555,10723.79,10255.91,2033.775,10725.2,10033.17,1982.074,9769.777,10089.66,2018.298,10573.07,9788.255,1974.46,9469.25
10192.16,1955.555,10723.83,10255.71,2033.775,10725.25,10033.14,1982.074,9769.983,10089.52,2018.298,10573.22,9788.285,1974.46,9469.456
10191.96,1955.555,10723.88,10255.51,2033.775,10725.31,10033.12,1982.074,9770.19,10089.37,2018.298,10573.36,9788.302,1974.46,9469.664
10191.76,1955.555,10723.93,10255.3,2033.775,10725.35,10033.11,1982.074,9770.398,10089.22,2018.298,10573.5,9788.304,1974.46,9469.872
10191.56,1955.555,10724,10255.1,2033.775,10725.4,10033.1,1982.074,9770.606,10089.08,2018.298,10573.66,9788.313,1974.46,9470.08
10191.36,1955.555,10724.07,10254.9,2033.775,10725.46,10033.12,1982.074,9770.814,10088.92,2018.298,10573.8,9788.328,1974.46,9470.288
10191.16,1955.555,10724.12,10254.7,2033.775,10725.52,10033.13,1982.074,9771.022,10088.76,2018.298,10573.93,9788.351,1974.46,9470.495
10190.96,1955.555,10724.18,10254.51,2033.775,10725.6,10033.13,1982.074,9771.23,10088.6,2018.298,10574.06,9788.38,1974.46,9470.701
10190.77,1955.555,10724.25,10254.31,2033.775,10725.67,10033.14,1982.074,9771.438,10088.45,2018.298,10574.2,9788.385,1974.46,9470.909
10190.56,1955.555,10724.29,10254.12,2033.775,10725.74,10033.14,1982.074,9771.646,10088.29,2018.298,10574.33,9788.396,1974.46,9471.117
10190.36,1955.555,10724.35,10253.92,2033.775,10725.82,10033.14,1982.074,9771.854,10088.13,2018.298,10574.47,9788.398,1974.46,9471.325
10190.16,1955.555,10724.41,10253.73,2033.775,10725.9,10033.15,1982.074,9772.063,10087.98,2018.298,10574.62,9788.4,1974.46,9471.533
10189.96,1955.555,10724.47,10253.53,2033.775,10725.96,10033.16,1982.074,9772.271,10087.83,2018.298,10574.76,9788.409,1974.46,9471.741
10189.77,1955.555,10724.55,10253.34,2033.775,10726.03,10033.17,1982.074,9772.479,10087.69,2018.298,10574.92,9788.425,1974.46,9471.949
10189.57,1955.555,10724.61,10253.13,2033.775,10726.07,10033.18,1982.074,9772.687,10087.56,2018.298,10575.08,9788.425,1974.46,9472.157
10189.37,1955.555,10724.68,10252.93,2033.775,10726.12,10033.19,1982.074,9772.895,10087.42,2018.298,10575.23,9788.432,1974.46,9472.365
10189.17,1955.555,10724.74,10252.72,2033.775,10726.16,10033.22,1982.074,9773.102,10087.26,2018.298,10575.37,9788.445,1974.46,9472.573
10188.97,1955.555,10724.79,10252.52,2033.775,10726.21,10033.24,1982.074,9773.309,10087.11,2018.298,10575.51,9788.449,1974.46,9472.781
10188.77,1955.555,10724.84,10252.32,2033.775,10726.26,10033.25,1982.074,9773.517,10086.96,2018.298,10575.66,9788.46,1974.46,9472.989
10188.56,1955.555,10724.86,10252.12,2033.775,10726.32,10033.25,1982.074,9773.725,10086.82,2018.298,10575.81,9788.467,1974.46,9473.197
10188.36,1955.555,10724.89,10251.92,2033.775,10726.38,10033.28,1982.074,9773.932,10086.68,2018.298,10575.96,9788.48,1974.46,9473.405
10188.15,1955.555,10724.93,10251.72,2033.775,10726.44,10033.29,1982.074,9774.14,10086.53,2018.298,10576.11,9788.501,1974.46,9473.612
10187.95,1955.555,10724.97,10251.52,2033.775,10726.5,10033.3,1982.074,9774.348,10086.39,2018.298,10576.26,9788.528,1974.46,9473.819
10187.75,1955.555,10725.02,10251.32,2033.775,10726.54,10033.3,1982.074,9774.556,10086.25,2018.298,10576.41,9788.563,1974.46,9474.024
10187.55,1955.555,10725.09,10251.12,2033.775,10726.6,10033.3,1982.074,9774.764,10086.11,2018.298,10576.57,9788.592,1974.46,9474.23
10187.35,1955.555,10725.16,10250.92,2033.775,10726.66,10033.32,1982.074,9774.972,10085.97,2018.298,10576.73,9788.61,1974.46,9474.438
10187.15,1955.555,10725.22,10250.72,2033.775,10726.73,10033.33,1982.074,9775.18,10085.84,2018.298,10576.89,9788.636,1974.46,9474.645
10186.95,1955.555,10725.26,10250.52,2033.775,10726.79,10033.34,1982.074,9775.387,10085.71,2018.298,10577.05,9788.668,1974.46,9474.851
10186.74,1955.555,10725.3,10250.32,2033.775,10726.85,10033.36,1982.074,9775.595,10085.59,2018.298,10577.22,9788.707,1974.46,9475.056
10186.54,1955.555,10725.34,10250.12,2033.775,10726.9,10033.36,1982.074,9775.803,10085.47,2018.298,10577.39,9788.771,1974.46,9475.254
10186.33,1955.555,10725.37,10249.91,2033.775,10726.94,10033.36,1982.074,9776.011,10085.36,2018.298,10577.57,9788.833,1974.46,9475.452
10186.13,1955.555,10725.38,10249.71,2033.775,10726.99,10033.38,1982.074,9776.218,10085.24,2018.298,10577.74,9788.89,1974.46,9475.652
10185.92,1955.555,10725.41,10249.51,2033.775,10727.04,10033.4,1982.074,9776.426,10085.12,2018.298,10577.91,9788.939,1974.46,9475.854
10185.71,1955.555,10725.43,10249.31,2033.775,10727.09,10033.41,1982.074,9776.634,10084.99,2018.298,10578.07,9788.99,1974.46,9476.057
10185.5,1955.555,10725.45,10249.11,2033.775,10727.15,10033.42,1982.074,9776.842,10084.87,2018.298,10578.24,9789.034,1974.46,9476.261
10185.3,1955.555,10725.49,10248.9,2033.775,10727.19,10033.42,1982.074,9777.05,10084.73,2018.298,10578.4,9789.089,1974.46,9476.462
10185.09,1955.555,10725.5,10248.7,2033.775,10727.23,10033.42,1982.074,9777.258,10084.6,2018.298,10578.56,9789.137,1974.46,9476.665
10184.88,1955.555,10725.52,10248.49,2033.775,10727.27,10033.41,1982.074,9777.466,10084.46,2018.298,10578.72,9789.179,1974.46,9476.869
10184.68,1955.555,10725.55,10248.29,2033.775,10727.33,10033.37,1982.074,9777.67,10084.32,2018.298,10578.87,9789.217,1974.46,9477.074
10184.47,1955.555,10725.59,10248.09,2033.775,10727.38,10033.33,1982.074,9777.875,10084.16,2018.298,10579.01,9789.248,1974.46,9477.28
10184.27,1955.555,10725.63,10247.89,2033.775,10727.42,10033.3,1982.074,9778.081,10084,2018.298,10579.14,9789.286,1974.46,9477.485
10184.07,1955.555,10725.68,10247.68,2033.775,10727.46,10033.28,1982.074,9778.288,10083.85,2018.298,10579.28,9789.344,1974.46,9477.686
10183.86,1955.555,10725.72,10247.48,2033.775,10727.51,10033.27,1982.074,9778.496,10083.7,2018.298,10579.42,9789.396,1974.46,9477.887
10183.66,1955.555,10725.75,10247.28,2033.775,10727.55,10033.25,1982.074,9778.703,10083.55,2018.298,10579.57,9789.442,1974.46,9478.09
10183.45,1955.555,10725.79,10247.08,2033.775,10727.61,10033.22,1982.074,9778.91,10083.39,2018.298,10579.7,9789.481,1974.46,9478.295
10183.25,1955.555,10725.83,10246.88,2033.775,10727.67,10033.21,1982.074,9779.118,10083.23,2018.298,10579.83,9789.543,1974.46,9478.494
10183.04,1955.555,10725.88,10246.68,2033.775,10727.73,10033.2,1982.074,9779.326,10083.07,2018.298,10579.97,9789.598,1974.46,9478.695
10182.84,1955.555,10725.94,10246.48,2033.775,10727.79,10033.19,1982.074,9779.534,10082.92,2018.298,10580.11,9789.646,1974.46,9478.898
10182.64,1955.555,10726,10246.28,2033.775,10727.84,10033.18,1982.074,9779.742,10082.77,2018.298,10580.25,9789.687,1974.46,9479.103
10182.45,1955.555,10726.08,10246.07,2033.775,10727.87,10033.17,1982.074,9779.95,10082.62,2018.298,10580.4,9789.724,1974.46,9479.308
10182.26,1955.555,10726.16,10245.86,2033.775,10727.9,10033.14,1982.074,9780.156,10082.48,2018.298,10580.55,9789.771,1974.46,9479.511
10182.06,1955.555,10726.23,10245.66,2033.775,10727.94,10033.12,1982.074,9780.363,10082.32,2018.298,10580.69,9789.811,1974.46,9479.715
10181.86,1955.555,10726.29,10245.46,2033.775,10727.99,10033.1,1982.074,9780.571,10082.17,2018.298,10580.83,9789.845,1974.46,9479.921
10181.66,1955.555,10726.35,10245.25,2033.775,10728.02,10033.06,1982.074,9780.775,10082.01,2018.298,10580.97,9789.885,1974.46,9480.125
10181.47,1955.555,10726.41,10245.05,2033.775,10728.07,10033.02,1982.074,9780.98,10081.86,2018.298,10581.12,9789.919,1974.46,9480.331
10181.27,1955.555,10726.47,10244.85,2033.775,10728.12,10032.99,1982.074,9781.187,10081.72,2018.298,10581.27,9789.959,1974.46,9480.535
10181.08,1955.555,10726.55,10244.64,2033.775,10728.16,10032.97,1982.074,9781.394,10081.58,2018.298,10581.42,9789.993,1974.46,9480.741
10180.88,1955.555,10726.63,10244.44,2033.775,10728.2,10032.95,1982.074,9781.602,10081.45,2018.298,10581.58,9789.995,1974.46,9480.949
10180.68,1955.555,10726.7,10244.24,2033.775,10728.25,10032.94,1982.074,9781.81,10081.33,2018.298,10581.76,9790.004,1974.46,9481.157
10180.49,1955.555,10726.76,10244.04,2033.775,10728.31,10032.94,1982.074,9782.018,10081.21,2018.298,10581.92,9790.02,1974.46,9481.365
10180.29,1955.555,10726.82,10243.84,2033.775,10728.38,10032.95,1982.074,9782.226,10081.08,2018.298,10582.09,9790.04,1974.46,9481.572
10180.07,1955.555,10726.87,10243.63,2033.775,10728.45,10032.94,1982.074,9782.45,10080.94,2018.298,10582.26,9790.042,1974.46,9481.797
10179.87,1955.555,10726.93,10243.43,2033.775,10728.51,10032.95,1982.074,9782.658,10080.8,2018.298,10582.42,9790.05,1974.46,9482.005
10179.66,1955.555,10726.98,10243.22,2033.775,10728.56,10032.97,1982.074,9782.865,10080.68,2018.298,10582.59,9790.062,1974.46,9482.213
10179.33,1955.555,10727.04,10242.9,2033.775,10728.64,10033.01,1982.074,9783.2,10080.48,2018.298,10582.86,9790.069,1974.46,9482.55
10178.88,1955.555,10727.09,10242.45,2033.775,10728.74,10033.05,1982.074,9783.658,10080.2,2018.298,10583.22,9790.096,1974.46,9483.009
10178.42,1955.555,10727.15,10242,2033.775,10728.84,10033.07,1982.074,9784.113,10079.92,2018.298,10583.58,9790.108,1974.46,9483.464
10177.87,1955.555,10727.24,10241.45,2033.775,10728.95,10033.11,1982.074,9784.673,10079.57,2018.298,10584.02,9790.143,1974.46,9484.023
10177.12,1955.555,10727.37,10240.7,2033.775,10729.09,10033.13,1982.074,9785.437,10079.11,2018.298,10584.63,9790.214,1974.46,9484.784
10176.64,1955.555,10727.46,10240.22,2033.775,10729.17,10033.15,1982.074,9785.923,10078.8,2018.298,10585,9790.217,1974.46,9485.271
10176.06,1955.555,10727.56,10239.64,2033.775,10729.23,10033.15,1982.074,9786.512,10078.41,2018.298,10585.45,9790.24,1974.46,9485.859
10175.42,1955.555,10727.75,10238.97,2033.775,10729.29,10033.23,1982.074,9787.176,10077.97,2018.298,10585.95,9790.288,1974.46,9486.526
10174.89,1955.555,10727.88,10238.43,2033.775,10729.36,10033.28,1982.074,9787.715,10077.68,2018.298,10586.41,9790.34,1974.46,9487.064
10173.78,1955.555,10728.13,10237.31,2033.775,10729.53,10033.39,1982.074,9788.851,10077.02,2018.298,10587.34,9790.486,1974.46,9488.196
10172.93,1955.555,10728.29,10236.45,2033.775,10729.69,10033.45,1982.074,9789.717,10076.53,2018.298,10588.05,9790.552,1974.46,9489.063
10172.33,1955.555,10728.41,10235.85,2033.775,10729.79,10033.47,1982.074,9790.328,10076.16,2018.298,10588.54,9790.587,1974.46,9489.674
10171.06,1955.555,10728.68,10234.56,2033.775,10729.91,10033.47,1982.074,9791.626,10075.35,2018.298,10589.56,9790.603,1974.46,9490.972
10170.06,1955.555,10728.86,10233.55,2033.775,10730.04,10033.44,1982.074,9792.642,10074.69,2018.298,10590.33,9790.647,1974.46,9491.987
10169.01,1955.555,10729.01,10232.49,2033.775,10730.06,10033.55,1982.074,9793.691,10073.98,2018.298,10591.11,9790.682,1974.46,9493.043
10168.16,1955.555,10729.1,10231.64,2033.775,10730.11,10033.64,1982.074,9794.544,10073.42,2018.298,10591.76,9790.737,1974.46,9493.898
10166.99,1955.555,10729.19,10230.47,2033.775,10730.21,10033.73,1982.074,9795.711,10072.63,2018.298,10592.63,9790.852,1974.46,9495.063
10165.61,1955.555,10729.13,10229.12,2033.775,10730.5,10033.78,1982.074,9797.092,10071.73,2018.298,10593.68,9791.031,1974.46,9496.433
10164.4,1955.555,10729.12,10227.93,2033.775,10730.71,10033.79,1982.074,9798.302,10070.92,2018.298,10594.57,9791.228,1974.46,9497.626
10163.16,1955.555,10729.15,10226.7,2033.775,10730.89,10033.76,1982.074,9799.544,10070.11,2018.298,10595.52,9791.43,1974.46,9498.852
10161.88,1955.555,10729.22,10225.43,2033.775,10731.03,10033.68,1982.074,9800.819,10069.25,2018.298,10596.46,9791.832,1974.46,9500.064
10160.58,1955.555,10729.34,10224.12,2033.775,10731.13,10033.63,1982.074,9802.133,10068.4,2018.298,10597.46,9792.205,1974.46,9501.324
10159.25,1955.555,10729.62,10222.77,2033.775,10731.11,10033.79,1982.074,9803.475,10067.52,2018.298,10598.49,9792.546,1974.46,9502.632
10157.89,1955.555,10729.86,10221.39,2033.775,10731.14,10033.91,1982.074,9804.852,10066.65,2018.298,10599.56,9792.999,1974.46,9503.937
10156.71,1955.555,10730.03,10220.19,2033.775,10731.18,10034.03,1982.074,9806.042,10065.87,2018.298,10600.47,9793.354,1974.46,9505.079
10155.48,1955.555,10730.16,10218.96,2033.775,10731.26,10034.12,1982.074,9807.278,10065.03,2018.298,10601.38,9793.684,1974.46,9506.274
10153.62,1955.555,10730.41,10217.09,2033.775,10731.44,10034.19,1982.074,9809.153,10063.79,2018.298,10602.79,9794.123,1974.46,9508.099
10152.14,1955.555,10730.64,10215.6,2033.775,10731.55,10034.19,1982.074,9810.645,10062.8,2018.298,10603.9,9794.425,1974.46,9509.559
10150.68,1955.555,10730.99,10214.11,2033.775,10731.72,10034.3,1982.074,9812.146,10061.76,2018.298,10604.99,9794.681,1974.46,9511.041
10149.67,1955.555,10731.2,10213.09,2033.775,10731.86,10034.34,1982.074,9813.172,10060.98,2018.298,10605.66,9794.879,1974.46,9512.048
10147.59,1955.555,10731.57,10211.01,2033.775,10732.23,10034.36,1982.074,9815.288,10059.41,2018.298,10607.08,9795.323,1974.46,9514.117
10146.01,1955.555,10731.79,10209.5,2033.775,10732.76,10034.33,1982.074,9816.886,10058.27,2018.298,10608.19,9795.674,1974.46,9515.676
10144.86,1955.555,10731.99,10208.39,2033.775,10733.11,10034.41,1982.074,9818.047,10057.46,2018.298,10609.03,9795.893,1974.46,9516.819
10142.93,1955.555,10732.38,10206.49,2033.775,10733.65,10034.49,1982.074,9820.018,10056.14,2018.298,10610.49,9796.37,1974.46,9518.732
10141.18,1955.555,10732.8,10204.75,2033.775,10734.08,10034.51,1982.074,9821.816,10054.74,2018.298,10611.62,9796.749,1974.46,9520.491
10139.87,1955.555,10733.03,10203.47,2033.775,10734.43,10034.47,1982.074,9823.142,10053.73,2018.298,10612.49,9797.155,1974.46,9521.753
10138.14,1955.555,10733.38,10201.8,2033.775,10735.02,10034.37,1982.074,9824.907,10052.42,2018.298,10613.67,9797.642,1974.46,9523.453
10136.17,1955.555,10733.86,10199.87,2033.775,10735.64,10034.25,1982.074,9826.936,10050.95,2018.298,10615.08,9798.137,1974.46,9525.424
10134.73,1955.555,10734.25,10198.43,2033.775,10736.04,10034.11,1982.074,9828.417,10049.91,2018.298,10616.14,9798.451,1974.46,9526.878
10133.27,1955.555,10734.71,10196.99,2033.775,10736.56,10034.02,1982.074,9829.947,10048.81,2018.298,10617.2,9798.884,1974.46,9528.349
10131.11,1955.555,10735.45,10194.82,2033.775,10737.27,10033.82,1982.074,9832.224,10047.21,2018.298,10618.84,9799.456,1974.46,9530.562
10129.41,1955.555,10736.05,10193.09,2033.775,10737.79,10033.58,1982.074,9834.011,10045.9,2018.298,10620.08,9799.851,1974.46,9532.321
10127.7,1955.555,10736.59,10191.4,2033.775,10738.37,10033.15,1982.074,9835.748,10044.63,2018.298,10621.35,9800.185,1974.46,9534.08
10126.54,1955.555,10737,10190.22,2033.775,10738.73,10032.89,1982.074,9836.948,10043.8,2018.298,10622.25,9800.374,1974.46,9535.293
10124.95,1955.555,10737.79,10188.54,2033.775,10739.3,10032.57,1982.074,9838.699,10042.53,2018.298,10623.49,9800.666,1974.46,9537.048
10122.59,1955.555,10738.85,10186.12,2033.775,10740.21,10032.2,1982.074,9841.258,10040.74,2018.298,10625.35,9801.053,1974.46,9539.604
10120.88,1955.555,10739.56,10184.32,2033.775,10740.68,10031.78,1982.074,9843.065,10039.45,2018.298,10626.69,9801.271,1974.46,9541.448
10119.69,1955.555,10740.01,10183.1,2033.775,10741,10031.53,1982.074,9844.306,10038.59,2018.298,10627.62,9801.46,1974.46,9542.698
10117.26,1955.555,10740.83,10180.64,2033.775,10741.73,10030.94,1982.074,9846.807,10036.93,2018.298,10629.58,9802.011,1974.46,9545.209
10115.41,1955.555,10741.39,10178.8,2033.775,10742.34,10030.46,1982.074,9848.678,10035.57,2018.298,10630.95,9802.362,1974.46,9547.106
10113.49,1955.555,10741.72,10176.94,2033.775,10742.9,10030.05,1982.074,9850.58,10034.25,2018.298,10632.38,9802.654,1974.46,9549.031
10111.56,1955.555,10741.99,10175.06,2033.775,10743.44,10029.69,1982.074,9852.502,10032.87,2018.298,10633.76,9802.884,1974.46,9550.972
10109.6,1955.555,10742.24,10173.18,2033.775,10744,10029.4,1982.074,9854.446,10031.52,2018.298,10635.2,9802.867,1974.46,9552.938
10107.8,1955.555,10742.52,10171.41,2033.775,10744.46,10029.19,1982.074,9856.257,10030.32,2018.298,10636.57,9802.9,1974.46,9554.76
10106.44,1955.555,10742.78,10170.06,2033.775,10744.77,10028.85,1982.074,9857.603,10029.44,2018.298,10637.64,9802.971,1974.46,9556.146
10103.69,1955.555,10743.07,10167.46,2033.775,10745.7,10028.27,1982.074,9860.306,10028.04,2018.298,10640.02,9803.201,1974.46,9558.901
10101.69,1955.555,10743.35,10165.54,2033.775,10746.32,10027.9,1982.074,9862.289,10026.96,2018.298,10641.73,9803.33,1974.46,9560.914
10099.7,1955.555,10743.7,10163.59,2033.775,10746.88,10027.61,1982.074,9864.291,10025.82,2018.298,10643.4,9803.525,1974.46,9562.929
10097.72,1955.555,10744.11,10161.63,2033.775,10747.37,10027.3,1982.074,9866.294,10024.63,2018.298,10645.04,9803.763,1974.46,9564.941
10096.13,1955.555,10744.32,10160.06,2033.775,10747.71,10027.1,1982.074,9867.887,10023.71,2018.298,10646.36,9803.699,1974.46,9566.545
10094.01,1955.555,10744.44,10157.97,2033.775,10748.09,10026.92,1982.074,9870,10022.44,2018.298,10648.06,9803.685,1974.46,9568.666
10091.58,1955.555,10744.66,10155.56,2033.775,10748.44,10026.62,1982.074,9872.417,10021.16,2018.298,10650.13,9803.604,1974.46,9571.099
10089.51,1955.555,10744.61,10153.56,2033.775,10748.97,10026.25,1982.074,9874.451,10020.02,2018.298,10651.85,9803.603,1974.46,9573.167
10087.6,1955.555,10744.62,10151.7,2033.775,10749.4,10025.97,1982.074,9876.341,10018.91,2018.298,10653.41,9803.589,1974.46,9575.078
10086.14,1955.555,10744.68,10150.26,2033.775,10749.69,10025.8,1982.074,9877.796,10018.16,2018.298,10654.67,9803.528,1974.46,9576.542
10083.25,1955.555,10744.86,10147.41,2033.775,10750.15,10025.55,1982.074,9880.677,10016.61,2018.298,10657.11,9803.504,1974.46,9579.433
10081.16,1955.555,10745.07,10145.33,2033.775,10750.42,10025.65,1982.074,9882.775,10015.43,2018.298,10658.85,9803.555,1974.46,9581.533
10079.07,1955.555,10745.27,10143.23,2033.775,10750.62,10025.68,1982.074,9884.877,10014.25,2018.298,10660.58,9803.675,1974.46,9583.632
10077.55,1955.555,10745.29,10141.71,2033.775,10750.72,10025.69,1982.074,9886.4,10013.35,2018.298,10661.81,9803.604,1974.46,9585.154
10075,1955.555,10745.41,10139.17,2033.775,10750.79,10025.82,1982.074,9888.947,10011.9,2018.298,10663.92,9803.57,1974.46,9587.703
10072.71,1955.555,10745.46,10136.87,2033.775,10750.66,10025.86,1982.074,9891.242,10010.66,2018.298,10665.84,9803.615,1974.46,9589.998
10070.58,1955.555,10745.46,10134.74,2033.775,10750.61,10025.82,1982.074,9893.374,10009.55,2018.298,10667.66,9803.653,1974.46,9592.13
10068.75,1955.555,10745.4,10132.92,2033.775,10750.62,10025.73,1982.074,9895.193,10008.65,2018.298,10669.24,9803.714,1974.46,9593.95
10066.9,1955.555,10745.3,10131.06,2033.775,10750.58,10025.58,1982.074,9897.047,10007.77,2018.298,10670.88,9803.681,1974.46,9595.81
10064.15,1955.555,10745.08,10128.31,2033.775,10750.77,10025.26,1982.074,9899.784,10006.53,2018.298,10673.34,9803.721,1974.46,9598.565
10062.01,1955.555,10744.87,10126.16,2033.775,10750.86,10024.97,1982.074,9901.919,10005.61,2018.298,10675.29,9803.748,1974.46,9600.72
10059.9,1955.555,10744.62,10124.03,2033.775,10750.87,10024.75,1982.074,9904.035,10004.75,2018.298,10677.24,9803.779,1974.46,9602.847
10058.46,1955.555,10744.49,10122.59,2033.775,10750.83,10024.56,1982.074,9905.467,10004.13,2018.298,10678.54,9803.722,1974.46,9604.29
10055.53,1955.555,10744.33,10119.67,2033.775,10751.06,10023.75,1982.074,9908.281,10002.78,2018.298,10681.14,9803.7,1974.46,9607.218
10053.36,1955.555,10744.29,10117.5,2033.775,10751.16,10023.22,1982.074,9910.391,10001.71,2018.298,10683.04,9803.755,1974.46,9609.393
10051.79,1955.555,10744.31,10115.93,2033.775,10751.31,10022.88,1982.074,9911.925,10000.9,2018.298,10684.38,9803.846,1974.46,9610.96
10049.16,1955.555,10744.42,10113.3,2033.775,10751.47,10022.41,1982.074,9914.515,9999.456,2018.298,10686.58,9804.029,1974.46,9613.588
10046.8,1955.555,10744.6,10110.94,2033.775,10751.54,10022.05,1982.074,9916.851,9998.102,2018.298,10688.52,9804.271,1974.46,9615.938
10044.63,1955.555,10744.84,10108.76,2033.775,10751.67,10021.64,1982.074,9919.002,9996.788,2018.298,10690.27,9804.667,1974.46,9618.092
10042.78,1955.555,10745.11,10106.89,2033.775,10751.69,10021.35,1982.074,9920.848,9995.618,2018.298,10691.73,9804.985,1974.46,9619.934
10040.89,1955.555,10745.44,10104.97,2033.775,10751.71,10021.11,1982.074,9922.745,9994.373,2018.298,10693.18,9805.249,1974.46,9621.828
10038.13,1955.555,10746.03,10102.15,2033.775,10751.82,10020.84,1982.074,9925.555,9992.467,2018.298,10695.26,9805.865,1974.46,9624.582
10035.99,1955.555,10746.55,10099.95,2033.775,10751.99,10020.82,1982.074,9927.764,9990.922,2018.298,10696.84,9806.413,1974.46,9626.722
10033.87,1955.555,10747.15,10097.76,2033.775,10752.22,10020.72,1982.074,9929.964,9989.332,2018.298,10698.37,9806.889,1974.46,9628.872
10031.76,1955.555,10747.82,10095.57,2033.775,10752.53,10020.55,1982.074,9932.17,9987.686,2018.298,10699.84,9807.379,1974.46,9631.029
10030.22,1955.555,10748.25,10093.99,2033.775,10752.7,10020.61,1982.074,9933.763,9986.533,2018.298,10700.94,9807.681,1974.46,9632.594
10027.67,1955.555,10749.03,10091.32,2033.775,10752.91,10020.61,1982.074,9936.437,9984.558,2018.298,10702.74,9808.102,1974.46,9635.234
10024.81,1955.555,10749.97,10088.32,2033.775,10753.06,10020.52,1982.074,9939.443,9982.289,2018.298,10704.72,9808.491,1974.46,9638.218
10023.14,1955.555,10750.56,10086.55,2033.775,10753.1,10020.4,1982.074,9941.208,9980.93,2018.298,10705.85,9808.778,1974.46,9639.963
10022.01,1955.555,10750.98,10085.34,2033.775,10753.1,10020.29,1982.074,9942.411,9979.982,2018.298,10706.6,9808.936,1974.46,9641.161
10019.16,1955.555,10752.13,10082.27,2033.775,10753.06,10019.89,1982.074,9945.459,9977.531,2018.298,10708.45,9809.408,1974.46,9644.198
10017.13,1955.555,10753.01,10080.05,2033.775,10753.04,10019.29,1982.074,9947.595,9975.732,2018.298,10709.75,9809.678,1974.46,9646.4
10015.1,1955.555,10753.93,10077.82,2033.775,10753.04,10018.75,1982.074,9949.76,9973.895,2018.298,10711.01,9809.876,1974.46,9648.622
10013.65,1955.555,10754.63,10076.22,2033.775,10753.02,10018.38,1982.074,9951.317,9972.555,2018.298,10711.89,9810.038,1974.46,9650.216
10011.26,1955.555,10755.85,10073.53,2033.775,10753.04,10017.62,1982.074,9953.9,9970.271,2018.298,10713.32,9810.223,1974.46,9652.9
10009.13,1955.555,10756.99,10071.12,2033.775,10753.09,10017.02,1982.074,9956.233,9968.2,2018.298,10714.54,9810.28,1974.46,9655.309
10007.18,1955.555,10758.09,10068.88,2033.775,10753.12,10016.53,1982.074,9958.421,9966.249,2018.298,10715.64,9810.407,1974.46,9657.546
10005.54,1955.555,10759.07,10066.97,2033.775,10753.19,10016.18,1982.074,9960.298,9964.565,2018.298,10716.55,9810.465,1974.46,9659.455
10003.89,1955.555,10760.1,10065.02,2033.775,10753.2,10015.88,1982.074,9962.225,9962.827,2018.298,10717.43,9810.588,1974.46,9661.401
10001.49,1955.555,10761.68,10062.15,2033.775,10753.3,10015.54,1982.074,9965.08,9960.235,2018.298,10718.67,9810.66,1974.46,9664.276
9999.64,1955.555,10762.95,10059.91,2033.775,10753.43,10015.33,1982.074,9967.316,9958.191,2018.298,10719.6,9810.79,1974.46,9666.518
9997.819,1955.555,10764.27,10057.67,2033.775,10753.53,10015.06,1982.074,9969.546,9956.126,2018.298,10720.48,9810.953,1974.46,9668.758
9996.027,1955.555,10765.63,10055.42,2033.775,10753.7,10014.96,1982.074,9971.792,9954.04,2018.298,10721.32,9811.189,1974.46,9670.994
9994.76,1955.555,10766.63,10053.81,2033.775,10753.87,10014.84,1982.074,9973.406,9952.525,2018.298,10721.89,9811.307,1974.46,9672.609
9992.674,1955.555,10768.37,10051.13,2033.775,10754.25,10014.59,1982.074,9976.11,9949.964,2018.298,10722.79,9811.592,1974.46,9675.31
9990.843,1955.555,10769.97,10048.73,2033.775,10754.67,10014.47,1982.074,9978.538,9947.654,2018.298,10723.54,9811.768,1974.46,9677.733
9989.182,1955.555,10771.48,10046.53,2033.775,10755.14,10014.37,1982.074,9980.787,9945.5,2018.298,10724.19,9812.004,1974.46,9679.973
9987.797,1955.555,10772.81,10044.66,2033.775,10755.59,10014.21,1982.074,9982.699,9943.652,2018.298,10724.71,9812.307,1974.46,9681.867
9986.334,1955.555,10774.12,10042.77,2033.775,10756.12,10013.99,1982.074,9984.652,9941.777,2018.298,10725.3,9812.553,1974.46,9683.817
9984.125,1955.555,10775.98,10040.02,2033.775,10756.98,10013.57,1982.074,9987.506,9939.056,2018.298,10726.25,9812.962,1974.46,9686.672
9982.349,1955.555,10777.37,10037.89,2033.775,10757.73,10013.27,1982.074,9989.744,9936.95,2018.298,10727.07,9813.209,1974.46,9688.917
9980.559,1955.555,10778.69,10035.82,2033.775,10758.54,10012.9,1982.074,9991.934,9934.907,2018.298,10727.93,9813.615,1974.46,9691.1
9979.314,1955.555,10779.54,10034.41,2033.775,10759.07,10012.48,1982.074,9993.382,9933.54,2018.298,10728.57,9813.842,1974.46,9692.59
9976.749,1955.555,10781.19,10031.6,2033.775,10760.24,10011.73,1982.074,9996.337,9930.768,2018.298,10729.84,9814.202,1974.46,9695.617
9974.806,1955.555,10782.35,10029.54,2033.775,10761.18,10011.25,1982.074,9998.549,9928.736,2018.298,10730.84,9814.396,1974.46,9697.873
9972.828,1955.555,10783.44,10027.51,2033.775,10762.18,10010.83,1982.074,10000.77,9926.742,2018.298,10731.9,9814.738,1974.46,9700.106
9971.243,1955.555,10784.25,10025.83,2033.775,10762.77,10010.57,1982.074,10002.53,9925.146,2018.298,10732.69,9814.951,1974.46,9701.874
9969.224,1955.555,10785.46,10023.63,2033.775,10763.61,10010.26,1982.074,10004.86,9923.001,2018.298,10733.66,9815.434,1974.46,9704.177
