5764.285,1960.249,6215.9,5818.588,1982.391,6222.647,5796.645,1951.742,6219.324,5741.769,1963.141,6223.204,5781.064,2049.588,6222.063,5825.258,1980.396,6225.198,5743.597,1950.402,6281.496,5750.398,2045.3,6280.753,5824.021,2009.202,6202.109,5763.612,1974.1,6215.323,5804.202,2003.393,6254.859,5796.417,2021.167,6286.243,5764.288,2045.503,6261.788,5812.13,2000.925,6290.884,5810.479,1989.58,6227.778
5763.876,1960.249,6215.822,5818.172,1982.391,6222.662,5796.608,1951.742,6218.909,5741.418,1963.141,6222.979,5781.424,2049.588,6221.852,5825.644,1980.396,6225.042,5743.309,1950.402,6281.195,5750.781,2045.3,6280.59,5824.137,2009.202,6201.709,5763.337,1974.1,6215.636,5803.826,2003.393,6254.68,5796.79,2021.167,6286.055,5763.903,2045.503,6261.629,5812.538,2000.925,6290.798,5810.79,1989.58,6228.056
5763.468,1960.249,6215.737,5817.755,1982.391,6222.666,5796.575,1951.742,6218.494,5741.063,1963.141,6222.762,5781.78,2049.588,6221.636,5826.032,1980.396,6224.89,5743.013,1950.402,6280.901,5751.166,2045.3,6280.43,5824.263,2009.202,6201.312,5763.052,1974.1,6215.94,5803.447,2003.393,6254.508,5797.167,2021.167,6285.878,5763.516,2045.503,6261.476,5812.948,2000.925,6290.726,5811.109,1989.58,6228.323
5763.062,1960.249,6215.646,5817.339,1982.391,6222.659,5796.544,1951.742,6218.079,5740.702,1963.141,6222.553,5782.134,2049.588,6221.416,5826.422,1980.396,6224.744,5742.71,1950.402,6280.616,5751.552,2045.3,6280.274,5824.397,2009.202,6200.917,5762.758,1974.1,6216.235,5803.063,2003.393,6254.344,5797.549,2021.167,6285.712,5763.126,2045.503,6261.328,5813.36,2000.925,6290.667,5811.438,1989.58,6228.579
5762.859,1960.249,6215.598,5817.131,1982.391,6222.65,5796.53,1951.742,6217.871,5740.52,1963.141,6222.453,5782.309,2049.588,6221.304,5826.618,1980.396,6224.673,5742.555,1950.402,6280.477,5751.746,2045.3,6280.199,5824.468,2009.202,6200.722,5762.607,1974.1,6216.378,5802.87,2003.393,6254.267,5797.743,2021.167,6285.635,5762.931,2045.503,6261.257,5813.567,2000.925,6290.645,5811.606,1989.58,6228.702
5762.658,1960.249,6215.546,5816.923,1982.391,6222.636,5796.517,1951.742,6217.663,5740.335,1963.141,6222.356,5782.483,2049.588,6221.189,5826.815,1980.396,6224.604,5742.396,1950.402,6280.342,5751.941,2045.3,6280.125,5824.543,2009.202,6200.527,5762.451,1974.1,6216.517,5802.675,2003.393,6254.194,5797.938,2021.167,6285.563,5762.734,2045.503,6261.188,5813.775,2000.925,6290.629,5811.779,1989.58,6228.819
5762.457,1960.249,6215.492,5816.715,1982.391,6222.615,5796.505,1951.742,6217.455,5740.148,1963.141,6222.263,5782.655,2049.588,6221.072,5827.012,1980.396,6224.538,5742.234,1950.402,6280.212,5752.137,2045.3,6280.054,5824.623,2009.202,6200.335,5762.291,1974.1,6216.65,5802.478,2003.393,6254.126,5798.136,2021.167,6285.497,5762.536,2045.503,6261.122,5813.983,2000.925,6290.621,5811.955,1989.58,6228.93
5762.256,1960.249,6215.435,5816.509,1982.391,6222.589,5796.495,1951.742,6217.247,5739.96,1963.141,6222.174,5782.826,2049.588,6220.953,5827.21,1980.396,6224.473,5742.068,1950.402,6280.085,5752.333,2045.3,6279.985,5824.706,2009.202,6200.144,5762.127,1974.1,6216.778,5802.28,2003.393,6254.063,5798.335,2021.167,6285.436,5762.338,2045.503,6261.059,5814.191,2000.925,6290.619,5812.134,1989.58,6229.036
5762.057,1960.249,6215.375,5816.303,1982.391,6222.557,5796.486,1951.742,6217.039,5739.77,1963.141,6222.089,5782.996,2049.588,6220.832,5827.408,1980.396,6224.41,5741.899,1950.402,6279.963,5752.53,2045.3,6279.918,5824.792,2009.202,6199.955,5761.959,1974.1,6216.902,5802.08,2003.393,6254.005,5798.536,2021.167,6285.381,5762.139,2045.503,6260.998,5814.4,2000.925,6290.624,5812.317,1989.58,6229.136
5761.858,1960.249,6215.314,5816.099,1982.391,6222.519,5796.479,1951.742,6216.831,5739.579,1963.141,6222.007,5783.164,2049.588,6220.709,5827.607,1980.396,6224.348,5741.728,1950.402,6279.846,5752.729,2045.3,6279.854,5824.882,2009.202,6199.767,5761.788,1974.1,6217.02,5801.878,2003.393,6253.952,5798.739,2021.167,6285.333,5761.938,2045.503,6260.94,5814.608,2000.925,6290.635,5812.503,1989.58,6229.229
5761.66,1960.249,6215.25,5815.895,1982.391,6222.475,5796.472,1951.742,6216.623,5739.386,1963.141,6221.928,5783.33,2049.588,6220.583,5827.806,1980.396,6224.288,5741.553,1950.402,6279.733,5752.928,2045.3,6279.793,5824.975,2009.202,6199.58,5761.612,1974.1,6217.133,5801.675,2003.393,6253.904,5798.942,2021.167,6285.29,5761.738,2045.503,6260.885,5814.815,2000.925,6290.653,5812.692,1989.58,6229.317
5761.462,1960.249,6215.185,5815.693,1982.391,6222.425,5796.467,1951.742,6216.415,5739.191,1963.141,6221.853,5783.495,2049.588,6220.456,5828.006,1980.396,6224.229,5741.375,1950.402,6279.625,5753.127,2045.3,6279.735,5825.07,2009.202,6199.395,5761.434,1974.1,6217.24,5801.471,2003.393,6253.862,5799.147,2021.167,6285.252,5761.536,2045.503,6260.832,5815.022,2000.925,6290.678,5812.884,1989.58,6229.398
5761.265,1960.249,6215.117,5815.492,1982.391,6222.369,5796.463,1951.742,6216.207,5738.996,1963.141,6221.78,5783.658,2049.588,6220.327,5828.206,1980.396,6224.172,5741.194,1950.402,6279.521,5753.328,2045.3,6279.679,5825.168,2009.202,6199.211,5761.252,1974.1,6217.342,5801.266,2003.393,6253.825,5799.354,2021.167,6285.222,5761.334,2045.503,6260.782,5815.229,2000.925,6290.709,5813.079,1989.58,6229.474
5761.068,1960.249,6215.048,5815.293,1982.391,6222.307,5796.46,1951.742,6215.999,5738.8,1963.141,6221.71,5783.819,2049.588,6220.195,5828.407,1980.396,6224.116,5741.011,1950.402,6279.421,5753.53,2045.3,6279.626,5825.269,2009.202,6199.029,5761.067,1974.1,6217.438,5801.06,2003.393,6253.793,5799.561,2021.167,6285.197,5761.131,2045.503,6260.734,5815.433,2000.925,6290.748,5813.275,1989.58,6229.542
5760.873,1960.249,6214.978,5815.096,1982.391,6222.239,5796.458,1951.742,6215.791,5738.603,1963.141,6221.642,5783.979,2049.588,6220.062,5828.608,1980.396,6224.062,5740.826,1950.402,6279.327,5753.732,2045.3,6279.577,5825.371,2009.202,6198.847,5760.88,1974.1,6217.529,5800.854,2003.393,6253.768,5799.768,2021.167,6285.178,5760.928,2045.503,6260.688,5815.637,2000.925,6290.793,5813.474,1989.58,6229.605
5760.677,1960.249,6214.905,5814.901,1982.391,6222.166,5796.458,1951.742,6215.583,5738.405,1963.141,6221.577,5784.137,2049.588,6219.927,5828.81,1980.396,6224.009,5740.638,1950.402,6279.238,5753.935,2045.3,6279.531,5825.474,2009.202,6198.667,5760.689,1974.1,6217.614,5800.646,2003.393,6253.748,5799.976,2021.167,6285.165,5760.725,2045.503,6260.646,5815.838,2000.925,6290.845,5813.675,1989.58,6229.661
5760.482,1960.249,6214.832,5814.708,1982.391,6222.087,5796.458,1951.742,6215.375,5738.207,1963.141,6221.513,5784.294,2049.588,6219.79,5829.011,1980.396,6223.958,5740.447,1950.402,6279.153,5754.139,2045.3,6279.488,5825.579,2009.202,6198.487,5760.497,1974.1,6217.693,5800.438,2003.393,6253.733,5800.184,2021.167,6285.158,5760.521,2045.503,6260.604,5816.039,2000.925,6290.903,5813.877,1989.58,6229.71
5760.288,1960.249,6214.756,5814.518,1982.391,6222.002,5796.459,1951.742,6215.167,5738.008,1963.141,6221.452,5784.449,2049.588,6219.65,5829.213,1980.396,6223.908,5740.255,1950.402,6279.074,5754.343,2045.3,6279.448,5825.686,2009.202,6198.308,5760.302,1974.1,6217.767,5800.23,2003.393,6253.725,5800.393,2021.167,6285.158,5760.316,2045.503,6260.566,5816.237,2000.925,6290.968,5814.082,1989.58,6229.752
5760.095,1960.249,6214.68,5814.331,1982.391,6221.912,5796.462,1951.742,6214.959,5737.809,1963.141,6221.392,5784.602,2049.588,6219.509,5829.416,1980.396,6223.859,5740.061,1950.402,6278.999,5754.548,2045.3,6279.412,5825.793,2009.202,6198.13,5760.104,1974.1,6217.834,5800.021,2003.393,6253.723,5800.601,2021.167,6285.163,5760.111,2045.503,6260.53,5816.433,2000.925,6291.039,5814.287,1989.58,6229.789
5759.902,1960.249,6214.602,5814.146,1982.391,6221.815,5796.466,1951.742,6214.751,5737.609,1963.141,6221.334,5784.753,2049.588,6219.367,5829.619,1980.396,6223.812,5739.864,1950.402,6278.929,5754.754,2045.3,6279.379,5825.902,2009.202,6197.953,5759.905,1974.1,6217.896,5799.813,2003.393,6253.726,5800.809,2021.167,6285.175,5759.905,2045.503,6260.496,5816.626,2000.925,6291.117,5814.493,1989.58,6229.818
5759.709,1960.249,6214.522,5813.963,1982.391,6221.714,5796.471,1951.742,6214.543,5737.409,1963.141,6221.277,5784.903,2049.588,6219.222,5829.822,1980.396,6223.765,5739.667,1950.402,6278.864,5754.96,2045.3,6279.351,5826.012,2009.202,6197.776,5759.705,1974.1,6217.951,5799.605,2003.393,6253.735,5801.016,2021.167,6285.192,5759.7,2045.503,6260.464,5816.817,2000.925,6291.201,5814.7,1989.58,6229.84
5759.508,1960.249,6214.437,5813.775,1982.391,6221.602,5796.478,1951.742,6214.324,5737.198,1963.141,6221.219,5785.059,2049.588,6219.068,5830.036,1980.396,6223.716,5739.457,1950.402,6278.801,5755.177,2045.3,6279.324,5826.129,2009.202,6197.591,5759.492,1974.1,6218.003,5799.386,2003.393,6253.751,5801.234,2021.167,6285.217,5759.483,2045.503,6260.433,5817.015,2000.925,6291.295,5814.918,1989.58,6229.857
5759.316,1960.249,6214.355,5813.6,1982.391,6221.489,5796.484,1951.742,6214.116,5736.997,1963.141,6221.166,5785.206,2049.588,6218.92,5830.239,1980.396,6223.671,5739.256,1950.402,6278.746,5755.384,2045.3,6279.303,5826.241,2009.202,6197.415,5759.288,1974.1,6218.047,5799.179,2003.393,6253.773,5801.44,2021.167,6285.247,5759.276,2045.503,6260.405,5817.2,2000.925,6291.392,5815.126,1989.58,6229.866
5759.125,1960.249,6214.271,5813.427,1982.391,6221.371,5796.492,1951.742,6213.907,5736.794,1963.141,6221.112,5785.351,2049.588,6218.77,5830.443,1980.396,6223.627,5739.053,1950.402,6278.696,5755.593,2045.3,6279.286,5826.354,2009.202,6197.239,5759.082,1974.1,6218.085,5798.972,2003.393,6253.8,5801.646,2021.167,6285.283,5759.068,2045.503,6260.38,5817.382,2000.925,6291.494,5815.335,1989.58,6229.869
5758.934,1960.249,6214.186,5813.259,1982.391,6221.249,5796.501,1951.742,6213.699,5736.592,1963.141,6221.061,5785.494,2049.588,6218.619,5830.647,1980.396,6223.583,5738.85,1950.402,6278.651,5755.801,2045.3,6279.272,5826.467,2009.202,6197.065,5758.876,1974.1,6218.117,5798.766,2003.393,6253.833,5801.851,2021.167,6285.324,5758.861,2045.503,6260.356,5817.561,2000.925,6291.602,5815.544,1989.58,6229.865
5758.745,1960.249,6214.1,5813.094,1982.391,6221.121,5796.511,1951.742,6213.491,5736.39,1963.141,6221.01,5785.636,2049.588,6218.466,5830.851,1980.396,6223.54,5738.645,1950.402,6278.611,5756.009,2045.3,6279.263,5826.582,2009.202,6196.891,5758.669,1974.1,6218.143,5798.562,2003.393,6253.873,5802.053,2021.167,6285.372,5758.654,2045.503,6260.335,5817.735,2000.925,6291.716,5815.752,1989.58,6229.861
5758.556,1960.249,6214.013,5812.934,1982.391,6220.989,5796.522,1951.742,6213.283,5736.188,1963.141,6220.96,5785.775,2049.588,6218.312,5831.054,1980.396,6223.498,5738.44,1950.402,6278.576,5756.217,2045.3,6279.258,5826.696,2009.202,6196.717,5758.462,1974.1,6218.163,5798.358,2003.393,6253.918,5802.254,2021.167,6285.425,5758.447,2045.503,6260.315,5817.906,2000.925,6291.835,5815.96,1989.58,6229.851
5758.367,1960.249,6213.925,5812.777,1982.391,6220.852,5796.534,1951.742,6213.075,5735.985,1963.141,6220.911,5785.914,2049.588,6218.156,5831.258,1980.396,6223.456,5738.234,1950.402,6278.545,5756.425,2045.3,6279.257,5826.811,2009.202,6196.543,5758.254,1974.1,6218.177,5798.157,2003.393,6253.97,5802.454,2021.167,6285.484,5758.239,2045.503,6260.297,5818.073,2000.925,6291.959,5816.168,1989.58,6229.834
5758.179,1960.249,6213.835,5812.625,1982.391,6220.709,5796.547,1951.742,6212.867,5735.783,1963.141,6220.863,5786.05,2049.588,6217.998,5831.462,1980.396,6223.414,5738.027,1950.402,6278.52,5756.633,2045.3,6279.261,5826.926,2009.202,6196.37,5758.046,1974.1,6218.185,5797.957,2003.393,6254.027,5802.652,2021.167,6285.549,5758.032,2045.503,6260.281,5818.236,2000.925,6292.089,5816.375,1989.58,6229.813
5757.992,1960.249,6213.745,5812.477,1982.391,6220.563,5796.562,1951.742,6212.66,5735.58,1963.141,6220.816,5786.184,2049.588,6217.839,5831.667,1980.396,6223.373,5737.82,1950.402,6278.5,5756.841,2045.3,6279.269,5827.042,2009.202,6196.196,5757.837,1974.1,6218.188,5797.758,2003.393,6254.09,5802.848,2021.167,6285.62,5757.824,2045.503,6260.266,5818.395,2000.925,6292.225,5816.582,1989.58,6229.791
5757.747,1960.249,6213.625,5812.289,1982.391,6220.365,5796.583,1951.742,6212.388,5735.314,1963.141,6220.755,5786.357,2049.588,6217.628,5831.934,1980.396,6223.32,5737.548,1950.402,6278.479,5757.114,2045.3,6279.285,5827.192,2009.202,6195.969,5757.564,1974.1,6218.183,5797.5,2003.393,6254.18,5803.102,2021.167,6285.72,5757.552,2045.503,6260.248,5818.596,2000.925,6292.408,5816.854,1989.58,6229.764
5757.449,1960.249,6213.478,5812.067,1982.391,6220.118,5796.609,1951.742,6212.057,5734.99,1963.141,6220.681,5786.564,2049.588,6217.368,5832.26,1980.396,6223.256,5737.216,1950.402,6278.461,5757.445,2045.3,6279.311,5827.376,2009.202,6195.693,5757.232,1974.1,6218.168,5797.19,2003.393,6254.3,5803.407,2021.167,6285.85,5757.221,2045.503,6260.228,5818.834,2000.925,6292.64,5817.184,1989.58,6229.731
5757.111,1960.249,6213.309,5811.823,1982.391,6219.829,5796.641,1951.742,6211.681,5734.622,1963.141,6220.598,5786.796,2049.588,6217.07,5832.631,1980.396,6223.184,5736.839,1950.402,6278.45,5757.821,2045.3,6279.349,5827.586,2009.202,6195.379,5756.856,1974.1,6218.142,5796.842,2003.393,6254.446,5803.75,2021.167,6286.008,5756.844,2045.503,6260.208,5819.097,2000.925,6292.912,5817.56,1989.58,6229.695
5756.785,1960.249,6213.144,5811.595,1982.391,6219.543,5796.674,1951.742,6211.316,5734.265,1963.141,6220.519,5787.018,2049.588,6216.779,5832.99,1980.396,6223.115,5736.473,1950.402,6278.446,5758.184,2045.3,6279.394,5827.789,2009.202,6195.075,5756.492,1974.1,6218.107,5796.509,2003.393,6254.597,5804.078,2021.167,6286.171,5756.479,2045.503,6260.191,5819.343,2000.925,6293.182,5817.924,1989.58,6229.662
5756.469,1960.249,6212.981,5811.381,1982.391,6219.259,5796.708,1951.742,6210.962,5733.918,1963.141,6220.441,5787.229,2049.588,6216.493,5833.339,1980.396,6223.048,5736.118,1950.402,6278.45,5758.535,2045.3,6279.445,5827.986,2009.202,6194.779,5756.139,1974.1,6218.065,5796.19,2003.393,6254.754,5804.392,2021.167,6286.338,5756.124,2045.503,6260.177,5819.574,2000.925,6293.453,5818.278,1989.58,6229.63
5756.164,1960.249,6212.822,5811.182,1982.391,6218.978,5796.742,1951.742,6210.62,5733.582,1963.141,6220.365,5787.431,2049.588,6216.213,5833.677,1980.396,6222.982,5735.773,1950.402,6278.461,5758.875,2045.3,6279.502,5828.178,2009.202,6194.493,5755.797,1974.1,6218.017,5795.886,2003.393,6254.915,5804.691,2021.167,6286.508,5755.779,2045.503,6260.165,5819.79,2000.925,6293.721,5818.621,1989.58,6229.601
5755.869,1960.249,6212.667,5810.998,1982.391,6218.701,5796.776,1951.742,6210.289,5733.257,1963.141,6220.292,5787.622,2049.588,6215.941,5834.004,1980.396,6222.919,5735.44,1950.402,6278.479,5759.202,2045.3,6279.565,5828.363,2009.202,6194.216,5755.469,1974.1,6217.962,5795.596,2003.393,6255.08,5804.976,2021.167,6286.681,5755.447,2045.503,6260.156,5819.991,2000.925,6293.987,5818.953,1989.58,6229.573
5755.641,1960.249,6212.545,5810.86,1982.391,6218.481,5796.805,1951.742,6210.031,5733.005,1963.141,6220.235,5787.768,2049.588,6215.728,5834.258,1980.396,6222.87,5735.182,1950.402,6278.498,5759.455,2045.3,6279.619,5828.509,2009.202,6194.002,5755.214,1974.1,6217.914,5795.375,2003.393,6255.214,5805.194,2021.167,6286.821,5755.188,2045.503,6260.15,5820.143,2000.925,6294.196,5819.21,1989.58,6229.553
5755.347,1960.249,6212.387,5810.69,1982.391,6218.193,5796.843,1951.742,6209.7,5732.679,1963.141,6220.161,5787.953,2049.588,6215.45,5834.585,1980.396,6222.806,5734.85,1950.402,6278.53,5759.78,2045.3,6279.696,5828.698,2009.202,6193.727,5754.888,1974.1,6217.844,5795.095,2003.393,6255.396,5805.47,2021.167,6287.009,5754.854,2045.503,6260.145,5820.335,2000.925,6294.469,5819.543,1989.58,6229.527
5755.162,1960.249,6212.287,5810.589,1982.391,6218.009,5796.869,1951.742,6209.491,5732.475,1963.141,6220.114,5788.067,2049.588,6215.274,5834.792,1980.396,6222.766,5734.641,1950.402,6278.555,5759.983,2045.3,6279.749,5828.817,2009.202,6193.554,5754.683,1974.1,6217.796,5794.923,2003.393,6255.516,5805.64,2021.167,6287.133,5754.644,2045.503,6260.143,5820.454,2000.925,6294.643,5819.753,1989.58,6229.512
5754.979,1960.249,6212.187,5810.494,1982.391,6217.824,5796.896,1951.742,6209.285,5732.271,1963.141,6220.067,5788.179,2049.588,6215.098,5834.996,1980.396,6222.727,5734.435,1950.402,6278.585,5760.184,2045.3,6279.806,5828.937,2009.202,6193.384,5754.481,1974.1,6217.745,5794.755,2003.393,6255.64,5805.804,2021.167,6287.26,5754.436,2045.503,6260.142,5820.569,2000.925,6294.816,5819.96,1989.58,6229.497
5754.797,1960.249,6212.086,5810.404,1982.391,6217.636,5796.924,1951.742,6209.079,5732.068,1963.141,6220.021,5788.288,2049.588,6214.921,5835.201,1980.396,6222.687,5734.23,1950.402,6278.62,5760.383,2045.3,6279.868,5829.057,2009.202,6193.214,5754.281,1974.1,6217.69,5794.592,2003.393,6255.769,5805.965,2021.167,6287.393,5754.228,2045.503,6260.143,5820.683,2000.925,6294.99,5820.168,1989.58,6229.483
5754.616,1960.249,6211.985,5810.319,1982.391,6217.446,5796.954,1951.742,6208.873,5731.865,1963.141,6219.975,5788.396,2049.588,6214.743,5835.405,1980.396,6222.647,5734.025,1950.402,6278.66,5760.581,2045.3,6279.934,5829.178,2009.202,6193.044,5754.081,1974.1,6217.631,5794.432,2003.393,6255.903,5806.123,2021.167,6287.529,5754.02,2045.503,6260.144,5820.795,2000.925,6295.166,5820.375,1989.58,6229.469
5754.434,1960.249,6211.883,5810.239,1982.391,6217.253,5796.985,1951.742,6208.667,5731.662,1963.141,6219.928,5788.501,2049.588,6214.563,5835.61,1980.396,6222.608,5733.822,1950.402,6278.705,5760.776,2045.3,6280.004,5829.3,2009.202,6192.875,5753.882,1974.1,6217.569,5794.276,2003.393,6256.042,5806.275,2021.167,6287.67,5753.812,2045.503,6260.146,5820.906,2000.925,6295.342,5820.583,1989.58,6229.456
5754.253,1960.249,6211.78,5810.165,1982.391,6217.059,5797.017,1951.742,6208.461,5731.459,1963.141,6219.882,5788.604,2049.588,6214.382,5835.814,1980.396,6222.569,5733.62,1950.402,6278.755,5760.971,2045.3,6280.079,5829.422,2009.202,6192.707,5753.685,1974.1,6217.504,5794.125,2003.393,6256.185,5806.424,2021.167,6287.816,5753.604,2045.503,6260.15,5821.016,2000.925,6295.519,5820.792,1989.58,6229.443
5754.072,1960.249,6211.676,5810.096,1982.391,6216.862,5797.051,1951.742,6208.255,5731.256,1963.141,6219.835,5788.706,2049.588,6214.201,5836.019,1980.396,6222.53,5733.418,1950.402,6278.809,5761.164,2045.3,6280.158,5829.545,2009.202,6192.539,5753.488,1974.1,6217.437,5793.978,2003.393,6256.332,5806.569,2021.167,6287.966,5753.396,2045.503,6260.155,5821.125,2000.925,6295.697,5821,1989.58,6229.43
5753.892,1960.249,6211.572,5810.033,1982.391,6216.664,5797.085,1951.742,6208.05,5731.053,1963.141,6219.789,5788.806,2049.588,6214.018,5836.224,1980.396,6222.491,5733.219,1950.402,6278.868,5761.354,2045.3,6280.241,5829.669,2009.202,6192.372,5753.292,1974.1,6217.367,5793.835,2003.393,6256.484,5806.709,2021.167,6288.12,5753.188,2045.503,6260.161,5821.232,2000.925,6295.875,5821.208,1989.58,6229.417
5753.712,1960.249,6211.468,5809.975,1982.391,6216.463,5797.122,1951.742,6207.845,5730.85,1963.141,6219.743,5788.904,2049.588,6213.834,5836.428,1980.396,6222.453,5733.021,1950.402,6278.932,5761.543,2045.3,6280.329,5829.793,2009.202,6192.204,5753.096,1974.1,6217.296,5793.697,2003.393,6256.64,5806.845,2021.167,6288.277,5752.98,2045.503,6260.168,5821.339,2000.925,6296.054,5821.416,1989.58,6229.405
5753.532,1960.249,6211.363,5809.923,1982.391,6216.262,5797.159,1951.742,6207.64,5730.646,1963.141,6219.696,5789,2049.588,6213.65,5836.633,1980.396,6222.414,5732.824,1950.402,6279,5761.73,2045.3,6280.421,5829.917,2009.202,6192.037,5752.9,1974.1,6217.224,5793.564,2003.393,6256.8,5806.977,2021.167,6288.439,5752.772,2045.503,6260.176,5821.446,2000.925,6296.232,5821.624,1989.58,6229.393
5753.353,1960.249,6211.257,5809.876,1982.391,6216.059,5797.197,1951.742,6207.436,5730.443,1963.141,6219.65,5789.096,2049.588,6213.465,5836.837,1980.396,6222.375,5732.628,1950.402,6279.072,5761.915,2045.3,6280.518,5830.042,2009.202,6191.871,5752.706,1974.1,6217.15,5793.436,2003.393,6256.964,5807.103,2021.167,6288.604,5752.564,2045.503,6260.186,5821.552,2000.925,6296.412,5821.832,1989.58,6229.381
5753.174,1960.249,6211.151,5809.834,1982.391,6215.854,5797.237,1951.742,6207.231,5730.24,1963.141,6219.604,5789.189,2049.588,6213.279,5837.042,1980.396,6222.337,5732.435,1950.402,6279.148,5762.098,2045.3,6280.618,5830.168,2009.202,6191.705,5752.511,1974.1,6217.076,5793.312,2003.393,6257.131,5807.225,2021.167,6288.773,5752.356,2045.503,6260.196,5821.657,2000.925,6296.591,5822.04,1989.58,6229.37
5752.995,1960.249,6211.044,5809.798,1982.391,6215.649,5797.277,1951.742,6207.027,5730.037,1963.141,6219.558,5789.281,2049.588,6213.092,5837.247,1980.396,6222.299,5732.243,1950.402,6279.229,5762.278,2045.3,6280.723,5830.295,2009.202,6191.54,5752.317,1974.1,6217,5793.193,2003.393,6257.303,5807.343,2021.167,6288.945,5752.148,2045.503,6260.207,5821.763,2000.925,6296.771,5822.248,1989.58,6229.358
5752.816,1960.249,6210.937,5809.768,1982.391,6215.443,5797.319,1951.742,6206.823,5729.834,1963.141,6219.512,5789.371,2049.588,6212.904,5837.451,1980.396,6222.262,5732.052,1950.402,6279.313,5762.456,2045.3,6280.832,5830.423,2009.202,6191.375,5752.124,1974.1,6216.923,5793.08,2003.393,6257.478,5807.457,2021.167,6289.119,5751.94,2045.503,6260.219,5821.868,2000.925,6296.95,5822.456,1989.58,6229.347
5752.638,1960.249,6210.829,5809.743,1982.391,6215.237,5797.362,1951.742,6206.619,5729.631,1963.141,6219.466,5789.46,2049.588,6212.716,5837.656,1980.396,6222.224,5731.864,1950.402,6279.402,5762.631,2045.3,6280.944,5830.552,2009.202,6191.212,5751.93,1974.1,6216.846,5792.971,2003.393,6257.655,5807.566,2021.167,6289.296,5751.732,2045.503,6260.232,5821.972,2000.925,6297.13,5822.664,1989.58,6229.336
5752.46,1960.249,6210.721,5809.724,1982.391,6215.029,5797.406,1951.742,6206.416,5729.428,1963.141,6219.42,5789.547,2049.588,6212.527,5837.861,1980.396,6222.187,5731.677,1950.402,6279.494,5762.803,2045.3,6281.061,5830.682,2009.202,6191.049,5751.737,1974.1,6216.768,5792.868,2003.393,6257.836,5807.672,2021.167,6289.476,5751.524,2045.503,6260.247,5822.077,2000.925,6297.311,5822.872,1989.58,6229.326
5752.283,1960.249,6210.612,5809.709,1982.391,6214.821,5797.451,1951.742,6206.212,5729.225,1963.141,6219.374,5789.632,2049.588,6212.337,5838.066,1980.396,6222.149,5731.493,1950.402,6279.59,5762.973,2045.3,6281.182,5830.813,2009.202,6190.887,5751.544,1974.1,6216.689,5792.77,2003.393,6258.02,5807.773,2021.167,6289.658,5751.317,2045.503,6260.262,5822.181,2000.925,6297.491,5823.08,1989.58,6229.316
5752.105,1960.249,6210.503,5809.701,1982.391,6214.613,5797.498,1951.742,6206.009,5729.021,1963.141,6219.328,5789.716,2049.588,6212.146,5838.271,1980.396,6222.112,5731.31,1950.402,6279.69,5763.14,2045.3,6281.306,5830.944,2009.202,6190.726,5751.352,1974.1,6216.61,5792.677,2003.393,6258.207,5807.871,2021.167,6289.842,5751.109,2045.503,6260.277,5822.285,2000.925,6297.671,5823.288,1989.58,6229.307
5751.928,1960.249,6210.394,5809.697,1982.391,6214.405,5797.545,1951.742,6205.807,5728.818,1963.141,6219.283,5789.799,2049.588,6211.955,5838.476,1980.396,6222.076,5731.13,1950.402,6279.794,5763.304,2045.3,6281.434,5831.077,2009.202,6190.564,5751.16,1974.1,6216.531,5792.59,2003.393,6258.396,5807.965,2021.167,6290.028,5750.902,2045.503,6260.294,5822.389,2000.925,6297.851,5823.496,1989.58,6229.297
5751.751,1960.249,6210.284,5809.698,1982.391,6214.196,5797.593,1951.742,6205.604,5728.615,1963.141,6219.237,5789.88,2049.588,6211.763,5838.681,1980.396,6222.039,5730.952,1950.402,6279.902,5763.465,2045.3,6281.567,5831.209,2009.202,6190.404,5750.967,1974.1,6216.451,5792.508,2003.393,6258.587,5808.055,2021.167,6290.215,5750.694,2045.503,6260.312,5822.493,2000.925,6298.031,5823.704,1989.58,6229.289
5751.575,1960.249,6210.174,5809.705,1982.391,6213.988,5797.643,1951.742,6205.402,5728.412,1963.141,6219.192,5789.959,2049.588,6211.571,5838.886,1980.396,6222.003,5730.777,1950.402,6280.015,5763.622,2045.3,6281.704,5831.343,2009.202,6190.245,5750.775,1974.1,6216.371,5792.431,2003.393,6258.781,5808.142,2021.167,6290.405,5750.487,2045.503,6260.33,5822.597,2000.925,6298.212,5823.912,1989.58,6229.28
5751.398,1960.249,6210.063,5809.716,1982.391,6213.78,5797.692,1951.742,6205.2,5728.209,1963.141,6219.146,5790.038,2049.588,6211.378,5839.091,1980.396,6221.967,5730.604,1950.402,6280.131,5763.775,2045.3,6281.844,5831.477,2009.202,6190.085,5750.583,1974.1,6216.29,5792.36,2003.393,6258.977,5808.226,2021.167,6290.595,5750.279,2045.503,6260.349,5822.701,2000.925,6298.393,5824.12,1989.58,6229.272
5751.222,1960.249,6209.953,5809.733,1982.391,6213.573,5797.742,1951.742,6204.998,5728.006,1963.141,6219.101,5790.114,2049.588,6211.184,5839.296,1980.396,6221.931,5730.434,1950.402,6280.25,5763.925,2045.3,6281.989,5831.612,2009.202,6189.927,5750.392,1974.1,6216.209,5792.294,2003.393,6259.174,5808.307,2021.167,6290.787,5750.072,2045.503,6260.369,5822.805,2000.925,6298.573,5824.328,1989.58,6229.263
5751.046,1960.249,6209.841,5809.754,1982.391,6213.366,5797.792,1951.742,6204.795,5727.803,1963.141,6219.055,5790.189,2049.588,6210.99,5839.501,1980.396,6221.895,5730.266,1950.402,6280.374,5764.071,2045.3,6282.137,5831.747,2009.202,6189.769,5750.2,1974.1,6216.128,5792.233,2003.393,6259.374,5808.385,2021.167,6290.98,5749.865,2045.503,6260.39,5822.909,2000.925,6298.754,5824.536,1989.58,6229.254
5750.87,1960.249,6209.73,5809.78,1982.391,6213.159,5797.843,1951.742,6204.593,5727.6,1963.141,6219.009,5790.263,2049.588,6210.795,5839.707,1980.396,6221.859,5730.101,1950.402,6280.501,5764.213,2045.3,6282.29,5831.883,2009.202,6189.611,5750.008,1974.1,6216.047,5792.178,2003.393,6259.574,5808.46,2021.167,6291.174,5749.658,2045.503,6260.412,5823.013,2000.925,6298.935,5824.744,1989.58,6229.245
5750.694,1960.249,6209.618,5809.81,1982.391,6212.953,5797.895,1951.742,6204.392,5727.396,1963.141,6218.963,5790.335,2049.588,6210.6,5839.912,1980.396,6221.824,5729.938,1950.402,6280.631,5764.352,2045.3,6282.445,5832.019,2009.202,6189.454,5749.816,1974.1,6215.966,5792.128,2003.393,6259.776,5808.533,2021.167,6291.369,5749.451,2045.503,6260.434,5823.116,2000.925,6299.115,5824.952,1989.58,6229.236
5750.519,1960.249,6209.506,5809.845,1982.391,6212.748,5797.946,1951.742,6204.19,5727.193,1963.141,6218.917,5790.406,2049.588,6210.404,5840.117,1980.396,6221.789,5729.778,1950.402,6280.764,5764.486,2045.3,6282.604,5832.156,2009.202,6189.296,5749.624,1974.1,6215.885,5792.083,2003.393,6259.98,5808.604,2021.167,6291.565,5749.244,2045.503,6260.457,5823.22,2000.925,6299.296,5825.16,1989.58,6229.226
5750.344,1960.249,6209.394,5809.884,1982.391,6212.543,5797.998,1951.742,6203.988,5726.99,1963.141,6218.87,5790.476,2049.588,6210.208,5840.322,1980.396,6221.754,5729.62,1950.402,6280.9,5764.616,2045.3,6282.767,5832.293,2009.202,6189.14,5749.433,1974.1,6215.803,5792.044,2003.393,6260.185,5808.672,2021.167,6291.762,5749.037,2045.503,6260.481,5823.324,2000.925,6299.477,5825.368,1989.58,6229.216
5750.168,1960.249,6209.281,5809.927,1982.391,6212.339,5798.05,1951.742,6203.787,5726.787,1963.141,6218.823,5790.543,2049.588,6210.011,5840.527,1980.396,6221.72,5729.465,1950.402,6281.04,5764.742,2045.3,6282.933,5832.431,2009.202,6188.983,5749.241,1974.1,6215.722,5792.009,2003.393,6260.39,5808.739,2021.167,6291.959,5748.831,2045.503,6260.505,5823.428,2000.925,6299.657,5825.576,1989.58,6229.207
5749.994,1960.249,6209.168,5809.975,1982.391,6212.137,5798.102,1951.742,6203.585,5726.584,1963.141,6218.776,5790.61,2049.588,6209.813,5840.732,1980.396,6221.686,5729.313,1950.402,6281.181,5764.863,2045.3,6283.102,5832.569,2009.202,6188.828,5749.05,1974.1,6215.64,5791.979,2003.393,6260.596,5808.804,2021.167,6292.157,5748.624,2045.503,6260.53,5823.532,2000.925,6299.838,5825.784,1989.58,6229.197
5749.819,1960.249,6209.055,5810.026,1982.391,6211.935,5798.155,1951.742,6203.383,5726.381,1963.141,6218.729,5790.675,2049.588,6209.616,5840.938,1980.396,6221.651,5729.163,1950.402,6281.326,5764.98,2045.3,6283.274,5832.707,2009.202,6188.672,5748.858,1974.1,6215.559,5791.954,2003.393,6260.803,5808.868,2021.167,6292.355,5748.417,2045.503,6260.555,5823.636,2000.925,6300.019,5825.992,1989.58,6229.189
5749.644,1960.249,6208.941,5810.081,1982.391,6211.734,5798.208,1951.742,6203.182,5726.178,1963.141,6218.683,5790.739,2049.588,6209.417,5841.144,1980.396,6221.617,5729.015,1950.402,6281.473,5765.094,2045.3,6283.449,5832.846,2009.202,6188.517,5748.667,1974.1,6215.477,5791.933,2003.393,6261.01,5808.93,2021.167,6292.554,5748.211,2045.503,6260.58,5823.74,2000.925,6300.199,5826.2,1989.58,6229.185
5749.47,1960.249,6208.828,5810.139,1982.391,6211.534,5798.261,1951.742,6202.981,5725.976,1963.141,6218.636,5790.802,2049.588,6209.219,5841.349,1980.396,6221.583,5728.87,1950.402,6281.622,5765.203,2045.3,6283.626,5832.985,2009.202,6188.362,5748.476,1974.1,6215.396,5791.917,2003.393,6261.217,5808.991,2021.167,6292.753,5748.004,2045.503,6260.605,5823.844,2000.925,6300.379,5826.408,1989.58,6229.182
5749.295,1960.249,6208.714,5810.2,1982.391,6211.334,5798.315,1951.742,6202.78,5725.773,1963.141,6218.589,5790.863,2049.588,6209.02,5841.555,1980.396,6221.55,5728.728,1950.402,6281.774,5765.307,2045.3,6283.807,5833.124,2009.202,6188.207,5748.283,1974.1,6215.317,5791.904,2003.393,6261.425,5809.05,2021.167,6292.953,5747.798,2045.503,6260.63,5823.948,2000.925,6300.56,5826.616,1989.58,6229.18
5749.121,1960.249,6208.6,5810.264,1982.391,6211.136,5798.369,1951.742,6202.579,5725.57,1963.141,6218.542,5790.923,2049.588,6208.82,5841.76,1980.396,6221.517,5728.587,1950.402,6281.928,5765.406,2045.3,6283.99,5833.264,2009.202,6188.053,5748.088,1974.1,6215.243,5791.895,2003.393,6261.633,5809.109,2021.167,6293.152,5747.591,2045.503,6260.655,5824.052,2000.925,6300.74,5826.824,1989.58,6229.18
5748.947,1960.249,6208.485,5810.331,1982.391,6210.939,5798.423,1951.742,6202.377,5725.367,1963.141,6218.495,5790.981,2049.588,6208.621,5841.966,1980.396,6221.483,5728.45,1950.402,6282.084,5765.5,2045.3,6284.176,5833.404,2009.202,6187.898,5747.893,1974.1,6215.17,5791.89,2003.393,6261.841,5809.167,2021.167,6293.353,5747.385,2045.503,6260.68,5824.156,2000.925,6300.92,5827.032,1989.58,6229.181
5748.773,1960.249,6208.371,5810.4,1982.391,6210.743,5798.478,1951.742,6202.176,5725.164,1963.141,6218.448,5791.039,2049.588,6208.42,5842.171,1980.396,6221.45,5728.314,1950.402,6282.242,5765.589,2045.3,6284.365,5833.544,2009.202,6187.745,5747.697,1974.1,6215.101,5791.888,2003.393,6262.049,5809.223,2021.167,6293.553,5747.178,2045.503,6260.705,5824.26,2000.925,6301.1,5827.24,1989.58,6229.183
5748.6,1960.249,6208.255,5810.471,1982.391,6210.547,5798.532,1951.742,6201.976,5724.961,1963.141,6218.401,5791.095,2049.588,6208.22,5842.377,1980.396,6221.417,5728.181,1950.402,6282.402,5765.673,2045.3,6284.555,5833.684,2009.202,6187.59,5747.5,1974.1,6215.033,5791.889,2003.393,6262.257,5809.279,2021.167,6293.753,5746.971,2045.503,6260.729,5824.365,2000.925,6301.28,5827.448,1989.58,6229.186
5748.427,1960.249,6208.14,5810.545,1982.391,6210.352,5798.587,1951.742,6201.775,5724.758,1963.141,6218.354,5791.149,2049.588,6208.019,5842.583,1980.396,6221.385,5728.05,1950.402,6282.564,5765.752,2045.3,6284.748,5833.822,2009.202,6187.435,5747.302,1974.1,6214.967,5791.892,2003.393,6262.465,5809.334,2021.167,6293.954,5746.764,2045.503,6260.752,5824.469,2000.925,6301.46,5827.656,1989.58,6229.19
5748.255,1960.249,6208.023,5810.62,1982.391,6210.158,5798.643,1951.742,6201.574,5724.555,1963.141,6218.308,5791.203,2049.588,6207.818,5842.788,1980.396,6221.353,5727.921,1950.402,6282.728,5765.827,2045.3,6284.943,5833.96,2009.202,6187.279,5747.104,1974.1,6214.903,5791.898,2003.393,6262.673,5809.389,2021.167,6294.155,5746.557,2045.503,6260.774,5824.574,2000.925,6301.641,5827.864,1989.58,6229.201
5748.083,1960.249,6207.906,5810.697,1982.391,6209.965,5798.698,1951.742,6201.374,5724.352,1963.141,6218.262,5791.255,2049.588,6207.616,5842.994,1980.396,6221.32,5727.794,1950.402,6282.893,5765.896,2045.3,6285.139,5834.098,2009.202,6187.123,5746.906,1974.1,6214.84,5791.907,2003.393,6262.881,5809.442,2021.167,6294.356,5746.35,2045.503,6260.796,5824.678,2000.925,6301.821,5828.071,1989.58,6229.218
5747.911,1960.249,6207.788,5810.776,1982.391,6209.772,5798.753,1951.742,6201.173,5724.148,1963.141,6218.215,5791.306,2049.588,6207.415,5843.199,1980.396,6221.288,5727.669,1950.402,6283.059,5765.959,2045.3,6285.337,5834.234,2009.202,6186.966,5746.707,1974.1,6214.778,5791.917,2003.393,6263.089,5809.496,2021.167,6294.558,5746.143,2045.503,6260.817,5824.783,2000.925,6302.001,5828.278,1989.58,6229.241
5747.739,1960.249,6207.67,5810.856,1982.391,6209.58,5798.809,1951.742,6200.972,5723.945,1963.141,6218.169,5791.355,2049.588,6207.212,5843.405,1980.396,6221.256,5727.547,1950.402,6283.228,5766.018,2045.3,6285.537,5834.371,2009.202,6186.809,5746.508,1974.1,6214.716,5791.929,2003.393,6263.297,5809.548,2021.167,6294.759,5745.936,2045.503,6260.837,5824.887,2000.925,6302.181,5828.484,1989.58,6229.271
5747.568,1960.249,6207.551,5810.938,1982.391,6209.388,5798.865,1951.742,6200.771,5723.742,1963.141,6218.123,5791.404,2049.588,6207.01,5843.61,1980.396,6221.225,5727.426,1950.402,6283.397,5766.072,2045.3,6285.738,5834.506,2009.202,6186.651,5746.309,1974.1,6214.655,5791.943,2003.393,6263.505,5809.601,2021.167,6294.961,5745.729,2045.503,6260.856,5824.992,2000.925,6302.361,5828.689,1989.58,6229.307
5747.397,1960.249,6207.432,5811.02,1982.391,6209.197,5798.921,1951.742,6200.571,5723.539,1963.141,6218.076,5791.451,2049.588,6206.807,5843.816,1980.396,6221.193,5727.307,1950.402,6283.568,5766.121,2045.3,6285.941,5834.642,2009.202,6186.493,5746.11,1974.1,6214.595,5791.958,2003.393,6263.713,5809.652,2021.167,6295.163,5745.521,2045.503,6260.875,5825.096,2000.925,6302.542,5828.895,1989.58,6229.344
5747.227,1960.249,6207.313,5811.104,1982.391,6209.006,5798.978,1951.742,6200.37,5723.336,1963.141,6218.03,5791.498,2049.588,6206.604,5844.022,1980.396,6221.162,5727.19,1950.402,6283.74,5766.164,2045.3,6286.145,5834.776,2009.202,6186.334,5745.91,1974.1,6214.535,5791.974,2003.393,6263.92,5809.704,2021.167,6295.364,5745.313,2045.503,6260.894,5825.198,2000.925,6302.723,5829.101,1989.58,6229.374
5747.057,1960.249,6207.192,5811.188,1982.391,6208.816,5799.034,1951.742,6200.17,5723.133,1963.141,6217.984,5791.542,2049.588,6206.401,5844.229,1980.396,6221.131,5727.075,1950.402,6283.914,5766.203,2045.3,6286.349,5834.911,2009.202,6186.175,5745.71,1974.1,6214.476,5791.991,2003.393,6264.128,5809.754,2021.167,6295.566,5745.106,2045.503,6260.912,5825.297,2000.925,6302.906,5829.306,1989.58,6229.409
5746.888,1960.249,6207.071,5811.273,1982.391,6208.626,5799.091,1951.742,6199.97,5722.93,1963.141,6217.938,5791.586,2049.588,6206.197,5844.434,1980.396,6221.099,5726.961,1950.402,6284.088,5766.236,2045.3,6286.555,5835.045,2009.202,6186.016,5745.511,1974.1,6214.418,5792.009,2003.393,6264.335,5809.805,2021.167,6295.768,5744.898,2045.503,6260.931,5825.395,2000.925,6303.09,5829.511,1989.58,6229.449
5746.719,1960.249,6206.948,5811.359,1982.391,6208.437,5799.147,1951.742,6199.77,5722.727,1963.141,6217.893,5791.629,2049.588,6205.994,5844.64,1980.396,6221.067,5726.849,1950.402,6284.264,5766.264,2045.3,6286.761,5835.177,2009.202,6185.855,5745.312,1974.1,6214.355,5792.027,2003.393,6264.543,5809.855,2021.167,6295.97,5744.691,2045.503,6260.95,5825.49,2000.925,6303.275,5829.714,1989.58,6229.492
5746.552,1960.249,6206.824,5811.446,1982.391,6208.247,5799.205,1951.742,6199.569,5722.523,1963.141,6217.847,5791.671,2049.588,6205.79,5844.845,1980.396,6221.034,5726.739,1950.402,6284.44,5766.287,2045.3,6286.968,5835.308,2009.202,6185.693,5745.115,1974.1,6214.288,5792.047,2003.393,6264.75,5809.905,2021.167,6296.172,5744.483,2045.503,6260.969,5825.583,2000.925,6303.461,5829.917,1989.58,6229.529
5746.386,1960.249,6206.698,5811.534,1982.391,6208.058,5799.262,1951.742,6199.369,5722.32,1963.141,6217.801,5791.711,2049.588,6205.585,5845.051,1980.396,6221,5726.63,1950.402,6284.618,5766.305,2045.3,6287.176,5835.438,2009.202,6185.53,5744.919,1974.1,6214.216,5792.067,2003.393,6264.958,5809.954,2021.167,6296.375,5744.276,2045.503,6260.988,5825.676,2000.925,6303.648,5830.124,1989.58,6229.56
5746.222,1960.249,6206.57,5811.622,1982.391,6207.869,5799.319,1951.742,6199.169,5722.117,1963.141,6217.756,5791.749,2049.588,6205.38,5845.256,1980.396,6220.965,5726.522,1950.402,6284.797,5766.318,2045.3,6287.384,5835.565,2009.202,6185.365,5744.726,1974.1,6214.139,5792.087,2003.393,6265.165,5810.003,2021.167,6296.577,5744.068,2045.503,6261.007,5825.767,2000.925,6303.835,5830.33,1989.58,6229.59
5746.06,1960.249,6206.439,5811.71,1982.391,6207.681,5799.376,1951.742,6198.969,5721.914,1963.141,6217.71,5791.786,2049.588,6205.175,5845.461,1980.396,6220.929,5726.417,1950.402,6284.976,5766.327,2045.3,6287.592,5835.692,2009.202,6185.2,5744.533,1974.1,6214.06,5792.108,2003.393,6265.372,5810.052,2021.167,6296.779,5743.861,2045.503,6261.026,5825.857,2000.925,6304.022,5830.535,1989.58,6229.626
5745.899,1960.249,6206.307,5811.799,1982.391,6207.492,5799.434,1951.742,6198.769,5721.711,1963.141,6217.665,5791.821,2049.588,6204.97,5845.666,1980.396,6220.892,5726.312,1950.402,6285.156,5766.33,2045.3,6287.8,5835.817,2009.202,6185.033,5744.342,1974.1,6213.977,5792.129,2003.393,6265.579,5810.101,2021.167,6296.981,5743.653,2045.503,6261.045,5825.947,2000.925,6304.21,5830.741,1989.58,6229.654
5745.74,1960.249,6206.173,5811.888,1982.391,6207.304,5799.492,1951.742,6198.568,5721.508,1963.141,6217.62,5791.854,2049.588,6204.765,5845.871,1980.396,6220.854,5726.209,1950.402,6285.337,5766.329,2045.3,6288.009,5835.941,2009.202,6184.866,5744.153,1974.1,6213.891,5792.151,2003.393,6265.786,5810.149,2021.167,6297.184,5743.446,2045.503,6261.064,5826.037,2000.925,6304.398,5830.946,1989.58,6229.688
5745.583,1960.249,6206.037,5811.977,1982.391,6207.116,5799.549,1951.742,6198.368,5721.305,1963.141,6217.575,5791.886,2049.588,6204.559,5846.075,1980.396,6220.815,5726.107,1950.402,6285.519,5766.322,2045.3,6288.217,5836.063,2009.202,6184.698,5743.962,1974.1,6213.808,5792.173,2003.393,6265.993,5810.198,2021.167,6297.387,5743.238,2045.503,6261.083,5826.125,2000.925,6304.587,5831.151,1989.58,6229.726
5745.426,1960.249,6205.899,5812.07,1982.391,6206.93,5799.607,1951.742,6198.168,5721.102,1963.141,6217.53,5791.916,2049.588,6204.353,5846.28,1980.396,6220.776,5726.007,1950.402,6285.702,5766.311,2045.3,6288.425,5836.185,2009.202,6184.529,5743.772,1974.1,6213.721,5792.195,2003.393,6266.2,5810.246,2021.167,6297.589,5743.031,2045.503,6261.102,5826.216,2000.925,6304.774,5831.356,1989.58,6229.763
5745.271,1960.249,6205.759,5812.166,1982.391,6206.745,5799.665,1951.742,6197.968,5720.898,1963.141,6217.486,5791.944,2049.588,6204.147,5846.484,1980.396,6220.736,5725.908,1950.402,6285.885,5766.295,2045.3,6288.632,5836.306,2009.202,6184.359,5743.584,1974.1,6213.632,5792.217,2003.393,6266.407,5810.293,2021.167,6297.792,5742.823,2045.503,6261.121,5826.307,2000.925,6304.961,5831.562,1989.58,6229.792
5745.118,1960.249,6205.618,5812.264,1982.391,6206.561,5799.723,1951.742,6197.768,5720.694,1963.141,6217.441,5791.971,2049.588,6203.94,5846.688,1980.396,6220.696,5725.81,1950.402,6286.068,5766.275,2045.3,6288.84,5836.425,2009.202,6184.188,5743.396,1974.1,6213.542,5792.24,2003.393,6266.614,5810.341,2021.167,6297.995,5742.616,2045.503,6261.14,5826.399,2000.925,6305.148,5831.767,1989.58,6229.829
5744.966,1960.249,6205.476,5812.365,1982.391,6206.379,5799.781,1951.742,6197.567,5720.491,1963.141,6217.397,5791.997,2049.588,6203.734,5846.893,1980.396,6220.655,5725.712,1950.402,6286.252,5766.25,2045.3,6289.046,5836.544,2009.202,6184.018,5743.209,1974.1,6213.451,5792.262,2003.393,6266.821,5810.388,2021.167,6298.197,5742.408,2045.503,6261.159,5826.493,2000.925,6305.334,5831.971,1989.58,6229.87
5744.815,1960.249,6205.332,5812.469,1982.391,6206.198,5799.839,1951.742,6197.368,5720.287,1963.141,6217.353,5792.021,2049.588,6203.527,5847.097,1980.396,6220.613,5725.617,1950.402,6286.438,5766.221,2045.3,6289.252,5836.662,2009.202,6183.846,5743.022,1974.1,6213.359,5792.285,2003.393,6267.028,5810.436,2021.167,6298.4,5742.201,2045.503,6261.178,5826.587,2000.925,6305.52,5832.176,1989.58,6229.911
5744.562,1960.249,6205.086,5812.653,1982.391,6205.896,5799.938,1951.742,6197.028,5719.942,1963.141,6217.278,5792.06,2049.588,6203.176,5847.443,1980.396,6220.542,5725.456,1950.402,6286.752,5766.164,2045.3,6289.601,5836.861,2009.202,6183.554,5742.704,1974.1,6213.206,5792.324,2003.393,6267.379,5810.518,2021.167,6298.744,5741.849,2045.503,6261.21,5826.749,2000.925,6305.834,5832.521,1989.58,6229.988
5744.414,1960.249,6204.939,5812.766,1982.391,6205.722,5799.996,1951.742,6196.829,5719.738,1963.141,6217.234,5792.082,2049.588,6202.969,5847.646,1980.396,6220.5,5725.362,1950.402,6286.938,5766.125,2045.3,6289.806,5836.977,2009.202,6183.381,5742.516,1974.1,6213.116,5792.347,2003.393,6267.586,5810.567,2021.167,6298.946,5741.641,2045.503,6261.229,5826.844,2000.925,6306.019,5832.726,1989.58,6230.023
5744.026,1960.249,6204.55,5813.076,1982.391,6205.268,5800.15,1951.742,6196.301,5719.201,1963.141,6217.119,5792.136,2049.588,6202.422,5848.184,1980.396,6220.386,5725.118,1950.402,6287.43,5766.014,2045.3,6290.344,5837.282,2009.202,6182.925,5742.021,1974.1,6212.877,5792.408,2003.393,6268.132,5810.7,2021.167,6299.479,5741.094,2045.503,6261.279,5827.099,2000.925,6306.506,5833.264,1989.58,6230.131
5743.88,1960.249,6204.402,5813.198,1982.391,6205.099,5800.208,1951.742,6196.102,5718.998,1963.141,6217.075,5792.155,2049.588,6202.214,5848.388,1980.396,6220.343,5725.026,1950.402,6287.617,5765.968,2045.3,6290.547,5837.397,2009.202,6182.751,5741.834,1974.1,6212.785,5792.432,2003.393,6268.339,5810.751,2021.167,6299.681,5740.887,2045.503,6261.297,5827.196,2000.925,6306.69,5833.467,1989.58,6230.178
5743.264,1960.249,6203.765,5813.734,1982.391,6204.393,5800.456,1951.742,6195.251,5718.131,1963.141,6216.891,5792.231,2049.588,6201.332,5849.254,1980.396,6220.157,5724.64,1950.402,6288.414,5765.754,2045.3,6291.407,5837.883,2009.202,6182.01,5741.04,1974.1,6212.393,5792.531,2003.393,6269.219,5810.972,2021.167,6300.539,5740.004,2045.503,6261.376,5827.611,2000.925,6307.473,5834.338,1989.58,6230.337
5743.121,1960.249,6203.614,5813.864,1982.391,6204.23,5800.514,1951.742,6195.051,5717.927,1963.141,6216.848,5792.248,2049.588,6201.124,5849.458,1980.396,6220.113,5724.551,1950.402,6288.603,5765.7,2045.3,6291.608,5837.997,2009.202,6181.836,5740.854,1974.1,6212.3,5792.555,2003.393,6269.426,5811.025,2021.167,6300.74,5739.797,2045.503,6261.396,5827.709,2000.925,6307.656,5834.542,1989.58,6230.381
5742.534,1960.249,6202.99,5814.412,1982.391,6203.572,5800.754,1951.742,6194.229,5717.089,1963.141,6216.671,5792.313,2049.588,6200.27,5850.294,1980.396,6219.932,5724.192,1950.402,6289.38,5765.46,2045.3,6292.431,5838.462,2009.202,6181.117,5740.086,1974.1,6211.918,5792.652,2003.393,6270.277,5811.244,2021.167,6301.568,5738.944,2045.503,6261.477,5828.115,2000.925,6308.411,5835.375,1989.58,6230.582
5742.267,1960.249,6202.696,5814.664,1982.391,6203.265,5800.865,1951.742,6193.848,5716.7,1963.141,6216.591,5792.34,2049.588,6199.874,5850.682,1980.396,6219.847,5724.029,1950.402,6289.742,5765.342,2045.3,6292.81,5838.677,2009.202,6180.783,5739.731,1974.1,6211.742,5792.693,2003.393,6270.672,5811.347,2021.167,6301.952,5738.549,2045.503,6261.515,5828.304,2000.925,6308.76,5835.76,1989.58,6230.679
5741.428,1960.249,6201.744,5815.46,1982.391,6202.276,5801.22,1951.742,6192.629,5715.457,1963.141,6216.34,5792.42,2049.588,6198.607,5851.921,1980.396,6219.574,5723.517,1950.402,6290.903,5764.943,2045.3,6294.015,5839.362,2009.202,6179.715,5738.594,1974.1,6211.178,5792.818,2003.393,6271.935,5811.678,2021.167,6303.177,5737.287,2045.503,6261.641,5828.911,2000.925,6309.874,5836.988,1989.58,6230.997
5741.292,1960.249,6201.585,5815.589,1982.391,6202.113,5801.278,1951.742,6192.43,5715.252,1963.141,6216.299,5792.433,2049.588,6198.399,5852.125,1980.396,6219.532,5723.435,1950.402,6291.095,5764.874,2045.3,6294.211,5839.475,2009.202,6179.54,5738.41,1974.1,6211.081,5792.838,2003.393,6272.143,5811.736,2021.167,6303.377,5737.08,2045.503,6261.662,5829.011,2000.925,6310.057,5837.189,1989.58,6231.051
5740.396,1960.249,6200.5,5816.459,1982.391,6201.006,5801.671,1951.742,6191.078,5713.87,1963.141,6216.031,5792.505,2049.588,6196.993,5853.506,1980.396,6219.258,5722.887,1950.402,6292.392,5764.382,2045.3,6295.53,5840.23,2009.202,6178.352,5737.176,1974.1,6210.401,5792.962,2003.393,6273.545,5812.158,2021.167,6304.721,5735.679,2045.503,6261.806,5829.691,2000.925,6311.29,5838.545,1989.58,6231.43
5740.089,1960.249,6200.116,5816.761,1982.391,6200.618,5801.808,1951.742,6190.606,5713.388,1963.141,6215.94,5792.527,2049.588,6196.502,5853.989,1980.396,6219.167,5722.7,1950.402,6292.846,5764.202,2045.3,6295.987,5840.493,2009.202,6177.937,5736.75,1974.1,6210.159,5793.004,2003.393,6274.034,5812.313,2021.167,6305.187,5735.191,2045.503,6261.857,5829.929,2000.925,6311.719,5839.017,1989.58,6231.567
5739.259,1960.249,6199.039,5817.591,1982.391,6199.542,5802.186,1951.742,6189.3,5712.051,1963.141,6215.693,5792.578,2049.588,6195.144,5855.327,1980.396,6218.929,5722.19,1950.402,6294.106,5763.681,2045.3,6297.243,5841.218,2009.202,6176.787,5735.565,1974.1,6209.491,5793.095,2003.393,6275.391,5812.767,2021.167,6306.468,5733.839,2045.503,6262.001,5830.592,2000.925,6312.905,5840.318,1989.58,6231.96
5738.875,1960.249,6198.52,5817.984,1982.391,6199.03,5802.366,1951.742,6188.68,5711.416,1963.141,6215.579,5792.597,2049.588,6194.499,5855.964,1980.396,6218.822,5721.952,1950.402,6294.706,5763.423,2045.3,6297.834,5841.562,2009.202,6176.24,5735.005,1974.1,6209.169,5793.128,2003.393,6276.036,5812.993,2021.167,6307.073,5733.197,2045.503,6262.071,5830.908,2000.925,6313.468,5840.934,1989.58,6232.154
5738.286,1960.249,6197.695,5818.6,1982.391,6198.225,5802.648,1951.742,6187.707,5710.417,1963.141,6215.404,5792.619,2049.588,6193.485,5856.967,1980.396,6218.674,5721.586,1950.402,6295.651,5763,2045.3,6298.756,5842.099,2009.202,6175.381,5734.123,1974.1,6208.673,5793.166,2003.393,6277.049,5813.361,2021.167,6308.017,5732.189,2045.503,6262.181,5831.42,2000.925,6314.343,5841.897,1989.58,6232.469
5737.692,1960.249,6196.83,5819.236,1982.391,6197.391,5802.941,1951.742,6186.699,5709.383,1963.141,6215.228,5792.635,2049.588,6192.436,5858.008,1980.396,6218.543,5721.213,1950.402,6296.632,5762.546,2045.3,6299.702,5842.654,2009.202,6174.49,5733.211,1974.1,6208.153,5793.191,2003.393,6278.098,5813.757,2021.167,6308.989,5731.146,2045.503,6262.296,5831.966,2000.925,6315.24,5842.891,1989.58,6232.806
5736.877,1960.249,6195.656,5820.103,1982.391,6196.254,5803.34,1951.742,6185.327,5707.973,1963.141,6214.996,5792.646,2049.588,6191.007,5859.43,1980.396,6218.395,5720.708,1950.402,6297.968,5761.905,2045.3,6300.979,5843.406,2009.202,6173.276,5731.972,1974.1,6207.442,5793.208,2003.393,6279.527,5814.314,2021.167,6310.305,5729.727,2045.503,6262.455,5832.729,2000.925,6316.448,5844.239,1989.58,6233.28
5736.336,1960.249,6194.882,5820.676,1982.391,6195.504,5803.597,1951.742,6184.418,5707.042,1963.141,6214.834,5792.646,2049.588,6190.063,5860.371,1980.396,6218.315,5720.375,1950.402,6298.852,5761.465,2045.3,6301.815,5843.902,2009.202,6172.472,5731.153,1974.1,6206.971,5793.208,2003.393,6280.472,5814.677,2021.167,6311.177,5728.789,2045.503,6262.569,5833.247,2000.925,6317.238,5845.126,1989.58,6233.604
5735.75,1960.249,6194.052,5821.294,1982.391,6194.697,5803.868,1951.742,6183.438,5706.042,1963.141,6214.652,5792.641,2049.588,6189.046,5861.386,1980.396,6218.252,5720.018,1950.402,6299.804,5760.977,2045.3,6302.707,5844.434,2009.202,6171.606,5730.255,1974.1,6206.494,5793.178,2003.393,6281.488,5815.061,2021.167,6312.118,5727.781,2045.503,6262.701,5833.816,2000.925,6318.08,5846.077,1989.58,6233.965
5735.055,1960.249,6193.07,5822.028,1982.391,6193.744,5804.18,1951.742,6182.276,5704.86,1963.141,6214.429,5792.629,2049.588,6187.843,5862.588,1980.396,6218.203,5719.598,1950.402,6300.931,5760.379,2045.3,6303.751,5845.062,2009.202,6170.58,5729.175,1974.1,6205.963,5793.107,2003.393,6282.69,5815.509,2021.167,6313.234,5726.59,2045.503,6262.867,5834.506,2000.925,6319.066,5847.197,1989.58,6234.404
5734.333,1960.249,6192.058,5822.789,1982.391,6192.761,5804.494,1951.742,6181.073,5703.641,1963.141,6214.19,5792.597,2049.588,6186.6,5863.831,1980.396,6218.178,5719.167,1950.402,6302.097,5759.742,2045.3,6304.819,5845.708,2009.202,6169.518,5728.063,1974.1,6205.406,5792.999,2003.393,6283.929,5815.966,2021.167,6314.391,5725.358,2045.503,6263.038,5835.234,2000.925,6320.074,5848.349,1989.58,6234.872
5733.591,1960.249,6191.019,5823.575,1982.391,6191.754,5804.809,1951.742,6179.835,5702.389,1963.141,6213.938,5792.542,2049.588,6185.324,5865.108,1980.396,6218.178,5718.726,1950.402,6303.296,5759.069,2045.3,6305.904,5846.369,2009.202,6168.425,5726.927,1974.1,6204.824,5792.85,2003.393,6285.198,5816.429,2021.167,6315.581,5724.093,2045.503,6263.212,5835.997,2000.925,6321.098,5849.527,1989.58,6235.365
5732.828,1960.249,6189.954,5824.403,1982.391,6190.739,5805.122,1951.742,6178.563,5701.106,1963.141,6213.673,5792.464,2049.588,6184.016,5866.418,1980.396,6218.216,5718.265,1950.402,6304.522,5758.358,2045.3,6307.005,5847.045,2009.202,6167.303,5725.744,1974.1,6204.259,5792.699,2003.393,6286.499,5816.897,2021.167,6316.804,5722.795,2045.503,6263.389,5836.794,2000.925,6322.138,5850.729,1989.58,6235.885
5731.41,1960.249,6187.974,5825.982,1982.391,6188.884,5805.689,1951.742,6176.195,5698.723,1963.141,6213.171,5792.276,2049.588,6181.587,5868.851,1980.396,6218.36,5717.39,1950.402,6306.795,5757.002,2045.3,6309.028,5848.298,2009.202,6165.214,5723.517,1974.1,6203.271,5792.42,2003.393,6288.918,5817.759,2021.167,6319.082,5720.382,2045.503,6263.714,5838.303,2000.925,6324.049,5852.953,1989.58,6236.877
5731.208,1960.249,6187.692,5826.205,1982.391,6188.617,5805.767,1951.742,6175.857,5698.383,1963.141,6213.099,5792.244,2049.588,6181.242,5869.196,1980.396,6218.391,5717.263,1950.402,6307.118,5756.804,2045.3,6309.313,5848.476,2009.202,6164.917,5723.199,1974.1,6203.133,5792.38,2003.393,6289.263,5817.88,2021.167,6319.407,5720.038,2045.503,6263.76,5838.522,2000.925,6324.318,5853.258,1989.58,6237.042
5730.101,1960.249,6186.143,5827.409,1982.391,6187.142,5806.184,1951.742,6173.999,5696.522,1963.141,6212.696,5792.036,2049.588,6179.349,5871.088,1980.396,6218.616,5716.556,1950.402,6308.886,5755.688,2045.3,6310.856,5849.449,2009.202,6163.28,5721.443,1974.1,6202.396,5792.162,2003.393,6291.155,5818.538,2021.167,6321.193,5718.15,2045.503,6264.01,5839.744,2000.925,6325.779,5854.936,1989.58,6237.943
5729.823,1960.249,6185.752,5827.708,1982.391,6186.769,5806.285,1951.742,6173.531,5696.055,1963.141,6212.594,5791.976,2049.588,6178.874,5871.562,1980.396,6218.686,5716.375,1950.402,6309.329,5755.4,2045.3,6311.239,5849.692,2009.202,6162.868,5721,1974.1,6202.216,5792.107,2003.393,6291.63,5818.702,2021.167,6321.643,5717.676,2045.503,6264.072,5840.057,2000.925,6326.142,5855.347,1989.58,6238.189
5728.791,1960.249,6184.216,5828.833,1982.391,6185.298,5806.664,1951.742,6171.72,5694.247,1963.141,6212.195,5791.713,2049.588,6177.042,5873.385,1980.396,6219.01,5715.667,1950.402,6311.04,5754.263,2045.3,6312.7,5850.632,2009.202,6161.273,5719.278,1974.1,6201.537,5791.893,2003.393,6293.469,5819.328,2021.167,6323.385,5715.84,2045.503,6264.311,5841.283,2000.925,6327.528,5856.925,1989.58,6239.158
5727.993,1960.249,6182.956,5829.709,1982.391,6184.092,5806.958,1951.742,6170.259,5692.786,1963.141,6211.903,5791.477,2049.588,6175.57,5874.844,1980.396,6219.313,5715.063,1950.402,6312.402,5753.328,2045.3,6313.86,5851.386,2009.202,6159.988,5717.885,1974.1,6201.006,5791.72,2003.393,6294.949,5819.827,2021.167,6324.789,5714.362,2045.503,6264.5,5842.286,2000.925,6328.63,5858.22,1989.58,6239.896
5727.218,1960.249,6181.653,5830.571,1982.391,6182.846,5807.248,1951.742,6168.771,5691.291,1963.141,6211.653,5791.211,2049.588,6174.078,5876.319,1980.396,6219.662,5714.415,1950.402,6313.772,5752.371,2045.3,6315.035,5852.15,2009.202,6158.68,5716.463,1974.1,6200.483,5791.542,2003.393,6296.454,5820.33,2021.167,6326.218,5712.856,2045.503,6264.67,5843.3,2000.925,6329.756,5859.523,1989.58,6240.672
5726.388,1960.249,6180.165,5831.509,1982.391,6181.422,5807.561,1951.742,6167.096,5689.601,1963.141,6211.425,5790.883,2049.588,6172.405,5877.967,1980.396,6220.101,5713.646,1950.402,6315.294,5751.289,2045.3,6316.352,5853.007,2009.202,6157.207,5714.856,1974.1,6199.916,5791.338,2003.393,6298.146,5820.889,2021.167,6327.828,5711.16,2045.503,6264.836,5844.438,2000.925,6331.025,5860.992,1989.58,6241.538
5725.638,1960.249,6178.728,5832.369,1982.391,6180.049,5807.834,1951.742,6165.5,5687.989,1963.141,6211.26,5790.544,2049.588,6170.822,5879.521,1980.396,6220.56,5712.881,1950.402,6316.722,5750.254,2045.3,6317.597,5853.82,2009.202,6155.806,5713.346,1974.1,6199.329,5791.142,2003.393,6299.753,5821.451,2021.167,6329.347,5709.546,2045.503,6264.969,5845.518,2000.925,6332.231,5862.362,1989.58,6242.403
5725.029,1960.249,6177.476,5833.081,1982.391,6178.853,5808.056,1951.742,6164.125,5686.599,1963.141,6211.162,5790.228,2049.588,6169.465,5880.845,1980.396,6220.99,5712.192,1950.402,6317.933,5749.358,2045.3,6318.663,5854.517,2009.202,6154.601,5712.063,1974.1,6198.784,5790.97,2003.393,6301.135,5821.96,2021.167,6330.644,5708.157,2045.503,6265.063,5846.448,2000.925,6333.268,5863.515,1989.58,6243.184
5724.456,1960.249,6176.208,5833.766,1982.391,6177.643,5808.262,1951.742,6162.75,5685.209,1963.141,6211.108,5789.888,2049.588,6168.117,5882.156,1980.396,6221.454,5711.476,1950.402,6319.124,5748.458,2045.3,6319.722,5855.212,2009.202,6153.397,5710.802,1974.1,6198.199,5790.794,2003.393,6302.514,5822.494,2021.167,6331.927,5706.769,2045.503,6265.137,5847.378,2000.925,6334.301,5864.641,1989.58,6244
5723.568,1960.249,6174.088,5834.854,1982.391,6175.619,5808.581,1951.742,6160.475,5682.911,1963.141,6211.092,5789.287,2049.588,6165.899,5884.302,1980.396,6222.274,5710.244,1950.402,6321.064,5746.96,2045.3,6321.464,5856.358,2009.202,6151.406,5708.748,1974.1,6197.166,5790.434,2003.393,6304.784,5823.416,2021.167,6334.032,5704.474,2045.503,6265.245,5848.921,2000.925,6336.003,5866.458,1989.58,6245.408
5723.367,1960.249,6173.566,5835.109,1982.391,6175.12,5808.657,1951.742,6159.92,5682.351,1963.141,6211.106,5789.13,2049.588,6165.362,5884.824,1980.396,6222.478,5709.933,1950.402,6321.529,5746.593,2045.3,6321.886,5856.638,2009.202,6150.921,5708.256,1974.1,6196.897,5790.329,2003.393,6305.334,5823.65,2021.167,6334.541,5703.914,2045.503,6265.268,5849.3,2000.925,6336.416,5866.89,1989.58,6245.765
5722.584,1960.249,6171.353,5836.133,1982.391,6173.008,5808.975,1951.742,6157.596,5680.007,1963.141,6211.238,5788.433,2049.588,6163.121,5887.003,1980.396,6223.347,5708.58,1950.402,6323.447,5745.041,2045.3,6323.646,5857.807,2009.202,6148.887,5706.231,1974.1,6195.709,5789.818,2003.393,6307.625,5824.671,2021.167,6336.654,5701.569,2045.503,6265.349,5850.893,2000.925,6338.139,5868.652,1989.58,6247.316
5722.061,1960.249,6169.728,5836.846,1982.391,6171.457,5809.194,1951.742,6155.903,5678.306,1963.141,6211.388,5787.887,2049.588,6161.503,5888.584,1980.396,6223.992,5707.563,1950.402,6324.819,5743.903,2045.3,6324.918,5858.678,2009.202,6147.418,5704.788,1974.1,6194.797,5789.41,2003.393,6309.283,5825.443,2021.167,6338.177,5699.863,2045.503,6265.398,5852.06,2000.925,6339.385,5869.9,1989.58,6248.482
5721.579,1960.249,6168.069,5837.537,1982.391,6169.874,5809.403,1951.742,6154.188,5676.59,1963.141,6211.593,5787.295,2049.588,6159.88,5890.178,1980.396,6224.656,5706.5,1950.402,6326.181,5742.743,2045.3,6326.197,5859.579,2009.202,6145.945,5703.325,1974.1,6193.878,5788.96,2003.393,6310.951,5826.252,2021.167,6339.703,5698.135,2045.503,6265.392,5853.249,2000.925,6340.637,5871.127,1989.58,6249.698
5721.139,1960.249,6166.379,5838.204,1982.391,6168.261,5809.603,1951.742,6152.455,5674.864,1963.141,6211.856,5786.659,2049.588,6158.254,5891.784,1980.396,6225.339,5705.395,1950.402,6327.532,5741.562,2045.3,6327.482,5860.51,2009.202,6144.469,5701.845,1974.1,6192.954,5788.465,2003.393,6312.625,5827.098,2021.167,6341.229,5696.39,2045.503,6265.329,5854.459,2000.925,6341.894,5872.331,1989.58,6250.963
5720.743,1960.249,6164.659,5838.848,1982.391,6166.618,5809.791,1951.742,6150.7,5673.128,1963.141,6212.176,5785.975,2049.588,6156.627,5893.402,1980.396,6226.043,5704.246,1950.402,6328.871,5740.359,2045.3,6328.773,5861.47,2009.202,6142.988,5700.347,1974.1,6192.022,5787.924,2003.393,6314.305,5827.981,2021.167,6342.757,5694.629,2045.503,6265.207,5855.694,2000.925,6343.154,5873.509,1989.58,6252.278
5720.392,1960.249,6162.909,5839.468,1982.391,6164.944,5809.968,1951.742,6148.925,5671.384,1963.141,6212.556,5785.244,2049.588,6155,5895.032,1980.396,6226.767,5703.053,1950.402,6330.198,5739.133,2045.3,6330.069,5862.46,2009.202,6141.504,5698.831,1974.1,6191.083,5787.333,2003.393,6315.988,5828.902,2021.167,6344.286,5692.853,2045.503,6265.025,5856.953,2000.925,6344.418,5874.66,1989.58,6253.642
5719.889,1960.249,6159.975,5840.452,1982.391,6162.135,5810.239,1951.742,6145.961,5668.483,1963.141,6213.221,5783.959,2049.588,6152.314,5897.742,1980.396,6227.996,5701.056,1950.402,6332.405,5737.073,2045.3,6332.217,5864.144,2009.202,6139.05,5696.298,1974.1,6189.52,5786.272,2003.393,6318.77,5830.484,2021.167,6346.807,5689.896,2045.503,6264.694,5859.071,2000.925,6346.508,5876.512,1989.58,6255.973
5719.825,1960.249,6159.525,5840.605,1982.391,6161.707,5810.276,1951.742,6145.508,5668.042,1963.141,6213.328,5783.752,2049.588,6151.909,5898.155,1980.396,6228.188,5700.75,1950.402,6332.741,5736.755,2045.3,6332.542,5864.406,2009.202,6138.679,5695.911,1974.1,6189.281,5786.099,2003.393,6319.19,5830.733,2021.167,6347.188,5689.444,2045.503,6264.639,5859.398,2000.925,6346.824,5876.785,1989.58,6256.337
5719.596,1960.249,6157.515,5841.302,1982.391,6159.809,5810.427,1951.742,6143.492,5666.082,1963.141,6213.828,5782.79,2049.588,6150.13,5899.983,1980.396,6229.052,5699.376,1950.402,6334.225,5735.333,2045.3,6333.98,5865.593,2009.202,6137.041,5694.188,1974.1,6188.223,5785.278,2003.393,6321.04,5831.87,2021.167,6348.86,5687.439,2045.503,6264.375,5860.865,2000.925,6348.216,5877.956,1989.58,6257.987
5719.47,1960.249,6156.043,5841.822,1982.391,6158.427,5810.524,1951.742,6142.018,5664.656,1963.141,6214.21,5782.055,2049.588,6148.849,5901.336,1980.396,6229.645,5698.366,1950.402,6335.302,5734.319,2045.3,6335.054,5866.491,2009.202,6135.869,5692.929,1974.1,6187.451,5784.643,2003.393,6322.373,5832.688,2021.167,6350.09,5685.977,2045.503,6264.167,5861.946,2000.925,6349.223,5878.776,1989.58,6259.215
5719.306,1960.249,6153.181,5842.854,1982.391,6155.752,5810.688,1951.742,6139.157,5661.896,1963.141,6214.987,5780.568,2049.588,6146.397,5903.995,1980.396,6230.717,5696.389,1950.402,6337.377,5732.395,2045.3,6337.179,5868.295,2009.202,6133.64,5690.485,1974.1,6185.953,5783.339,2003.393,6324.927,5834.251,2021.167,6352.492,5683.144,2045.503,6263.737,5864.062,2000.925,6351.156,5880.299,1989.58,6261.645
5719.269,1960.249,6151.923,5843.316,1982.391,6154.583,5810.748,1951.742,6137.901,5660.69,1963.141,6215.344,5779.889,2049.588,6145.339,5905.174,1980.396,6231.154,5695.515,1950.402,6338.281,5731.571,2045.3,6338.129,5869.112,2009.202,6132.683,5689.414,1974.1,6185.296,5782.737,2003.393,6326.031,5834.927,2021.167,6353.553,5681.902,2045.503,6263.535,5864.999,2000.925,6351.995,5880.935,1989.58,6262.73
5719.265,1960.249,6150.024,5844.031,1982.391,6152.825,5810.821,1951.742,6136.004,5658.877,1963.141,6215.905,5778.824,2049.588,6143.767,5906.972,1980.396,6231.763,5694.185,1950.402,6339.635,5730.357,2045.3,6339.589,5870.382,2009.202,6131.272,5687.796,1974.1,6184.303,5781.782,2003.393,6327.673,5835.932,2021.167,6355.163,5680.032,2045.503,6263.211,5866.426,2000.925,6353.246,5881.844,1989.58,6264.397
5719.313,1960.249,6148.113,5844.799,1982.391,6151.074,5810.876,1951.742,6134.093,5657.059,1963.141,6216.495,5777.721,2049.588,6142.206,5908.802,1980.396,6232.318,5692.89,1950.402,6341.042,5729.165,2045.3,6341.083,5871.681,2009.202,6129.87,5686.167,1974.1,6183.303,5780.776,2003.393,6329.298,5836.93,2021.167,6356.792,5678.152,2045.503,6262.866,5867.876,2000.925,6354.491,5882.707,1989.58,6266.104
5719.414,1960.249,6146.191,5845.621,1982.391,6149.333,5810.913,1951.742,6132.169,5655.236,1963.141,6217.112,5776.581,2049.588,6140.655,5910.661,1980.396,6232.818,5691.634,1950.402,6342.501,5727.994,2045.3,6342.611,5873.009,2009.202,6128.476,5684.529,1974.1,6182.294,5779.718,2003.393,6330.907,5837.92,2021.167,6358.443,5676.263,2045.503,6262.498,5869.35,2000.925,6355.729,5883.521,1989.58,6267.848
5719.628,1960.249,6143.481,5846.849,1982.391,6146.908,5810.936,1951.742,6129.452,5652.675,1963.141,6218.019,5774.928,2049.588,6138.499,5913.306,1980.396,6233.44,5689.71,1950.402,6344.422,5726.382,2045.3,6344.798,5874.911,2009.202,6126.536,5682.217,1974.1,6180.867,5778.162,2003.393,6333.135,5839.298,2021.167,6360.785,5673.602,2045.503,6261.949,5871.45,2000.925,6357.453,5884.593,1989.58,6270.346
5719.692,1960.249,6142.178,5847.471,1982.391,6145.761,5810.933,1951.742,6128.147,5651.445,1963.141,6218.455,5774.113,2049.588,6137.479,5914.585,1980.396,6233.698,5688.817,1950.402,6345.375,5725.628,2045.3,6345.863,5875.837,2009.202,6125.617,5681.108,1974.1,6180.179,5777.385,2003.393,6334.184,5839.95,2021.167,6361.915,5672.327,2045.503,6261.671,5872.468,2000.925,6358.268,5885.068,1989.58,6271.562
5719.745,1960.249,6139.556,5848.785,1982.391,6143.491,5810.898,1951.742,6125.526,5648.975,1963.141,6219.332,5772.436,2049.588,6135.464,5917.171,1980.396,6234.134,5687.087,1950.402,6347.345,5724.15,2045.3,6348.028,5877.727,2009.202,6123.799,5678.883,1974.1,6178.793,5775.767,2003.393,6336.248,5841.241,2021.167,6364.196,5669.772,2045.503,6261.084,5874.533,2000.925,6359.883,5885.945,1989.58,6274.034
5719.732,1960.249,6138.233,5849.484,1982.391,6142.369,5810.866,1951.742,6124.205,5647.73,1963.141,6219.777,5771.624,2049.588,6134.42,5918.481,1980.396,6234.312,5686.247,1950.402,6348.367,5723.381,2045.3,6349.104,5878.693,2009.202,6122.897,5677.763,1974.1,6178.092,5774.936,2003.393,6337.275,5841.882,2021.167,6365.353,5668.479,2045.503,6260.806,5875.56,2000.925,6360.715,5886.346,1989.58,6275.294
5719.63,1960.249,6135.581,5850.962,1982.391,6140.163,5810.77,1951.742,6121.552,5645.232,1963.141,6220.675,5770.061,2049.588,6132.273,5921.121,1980.396,6234.584,5684.629,1950.402,6350.473,5721.793,2045.3,6351.232,5880.659,2009.202,6121.114,5675.517,1974.1,6176.678,5773.235,2003.393,6339.313,5843.149,2021.167,6367.685,5665.878,2045.503,6260.279,5877.595,2000.925,6362.42,5887.069,1989.58,6277.849
5719.585,1960.249,6134.916,5851.351,1982.391,6139.622,5810.737,1951.742,6120.887,5644.606,1963.141,6220.902,5769.687,2049.588,6131.722,5921.785,1980.396,6234.631,5684.207,1950.402,6350.987,5721.384,2045.3,6351.757,5881.159,2009.202,6120.674,5674.954,1974.1,6176.321,5772.801,2003.393,6339.818,5843.462,2021.167,6368.272,5665.224,2045.503,6260.156,5878.099,2000.925,6362.854,5887.229,1989.58,6278.496
5719.341,1960.249,6132.376,5852.906,1982.391,6137.599,5810.583,1951.742,6118.341,5642.211,1963.141,6221.78,5768.323,2049.588,6129.565,5924.334,1980.396,6234.729,5682.469,1950.402,6352.856,5719.776,2045.3,6353.737,5883.1,2009.202,6119.019,5672.803,1974.1,6174.95,5771.107,2003.393,6341.726,5844.643,2021.167,6370.534,5662.711,2045.503,6259.714,5880.01,2000.925,6364.544,5887.762,1989.58,6280.991
5719.09,1960.249,6130.37,5854.19,1982.391,6136.037,5810.436,1951.742,6116.326,5640.317,1963.141,6222.482,5767.294,2049.588,6127.825,5926.354,1980.396,6234.743,5681.141,1950.402,6354.38,5718.471,2045.3,6355.28,5884.656,2009.202,6117.73,5671.103,1974.1,6173.859,5769.742,2003.393,6343.215,5845.563,2021.167,6372.333,5660.717,2045.503,6259.389,5881.509,2000.925,6365.899,5888.12,1989.58,6282.981
5718.78,1960.249,6128.354,5855.536,1982.391,6134.504,5810.26,1951.742,6114.294,5638.409,1963.141,6223.2,5766.311,2049.588,6126.039,5928.392,1980.396,6234.69,5679.752,1950.402,6355.874,5717.124,2045.3,6356.811,5886.247,2009.202,6116.455,5669.391,1974.1,6172.752,5768.34,2003.393,6344.696,5846.476,2021.167,6374.155,5658.701,2045.503,6259.085,5883.01,2000.925,6367.278,5888.414,1989.58,6284.999
5718.033,1960.249,6124.251,5858.388,1982.391,6131.46,5809.847,1951.742,6110.145,5634.513,1963.141,6224.686,5764.409,2049.588,6122.326,5932.554,1980.396,6234.449,5677.013,1950.402,6359.021,5714.309,2045.3,6359.887,5889.539,2009.202,6113.895,5665.896,1974.1,6170.478,5765.425,2003.393,6347.677,5848.312,2021.167,6377.899,5654.571,2045.503,6258.514,5886.062,2000.925,6370.12,5888.881,1989.58,6289.145
5717.948,1960.249,6123.848,5858.679,1982.391,6131.169,5809.8,1951.742,6109.736,5634.129,1963.141,6224.834,5764.23,2049.588,6121.955,5932.963,1980.396,6234.412,5676.744,1950.402,6359.332,5714.025,2045.3,6360.186,5889.867,2009.202,6113.647,5665.552,1974.1,6170.252,5765.132,2003.393,6347.967,5848.49,2021.167,6378.27,5654.163,2045.503,6258.462,5886.362,2000.925,6370.401,5888.914,1989.58,6289.555
5717.679,1960.249,6122.716,5859.528,1982.391,6130.374,5809.652,1951.742,6108.583,5633.047,1963.141,6225.262,5763.747,2049.588,6120.897,5934.117,1980.396,6234.271,5675.979,1950.402,6360.209,5713.208,2045.3,6361.014,5890.807,2009.202,6112.962,5664.581,1974.1,6169.611,5764.292,2003.393,6348.771,5848.984,2021.167,6379.323,5653.007,2045.503,6258.329,5887.209,2000.925,6371.197,5888.969,1989.58,6290.717
5717.042,1960.249,6120.319,5861.391,1982.391,6128.736,5809.302,1951.742,6106.128,5630.747,1963.141,6226.186,5762.766,2049.588,6118.62,5936.565,1980.396,6233.889,5674.424,1950.402,6362.141,5711.436,2045.3,6362.748,5892.833,2009.202,6111.532,5662.517,1974.1,6168.239,5762.473,2003.393,6350.456,5850.02,2021.167,6381.575,5650.541,2045.503,6258.074,5889.015,2000.925,6372.896,5889.004,1989.58,6293.197
5716.399,1960.249,6118.117,5863.162,1982.391,6127.277,5809.008,1951.742,6103.853,5628.625,1963.141,6227.055,5761.904,2049.588,6116.493,5938.816,1980.396,6233.464,5672.927,1950.402,6363.88,5709.768,2045.3,6364.323,5894.712,2009.202,6110.219,5660.611,1974.1,6166.963,5760.763,2003.393,6351.986,5850.96,2021.167,6383.667,5648.257,2045.503,6257.863,5890.688,2000.925,6374.465,5888.961,1989.58,6295.492
5715.662,1960.249,6115.795,5865.091,1982.391,6125.789,5808.727,1951.742,6101.434,5626.377,1963.141,6227.994,5761.028,2049.588,6114.22,5941.191,1980.396,6232.936,5671.277,1950.402,6365.674,5707.968,2045.3,6365.964,5896.716,2009.202,6108.833,5658.591,1974.1,6165.602,5758.92,2003.393,6353.58,5851.94,2021.167,6385.897,5645.829,2045.503,6257.665,5892.472,2000.925,6376.124,5888.836,1989.58,6297.925
5715.094,1960.249,6114.136,5866.513,1982.391,6124.762,5808.545,1951.742,6099.69,5624.764,1963.141,6228.681,5760.424,2049.588,6112.574,5942.886,1980.396,6232.5,5670.049,1950.402,6366.926,5706.653,2045.3,6367.124,5898.163,2009.202,6107.844,5657.141,1974.1,6164.617,5757.613,2003.393,6354.748,5852.598,2021.167,6387.522,5644.081,2045.503,6257.541,5893.763,2000.925,6377.309,5888.689,1989.58,6299.673
5714.155,1960.249,6111.563,5868.785,1982.391,6123.23,5808.296,1951.742,6096.963,5622.253,1963.141,6229.773,5759.521,2049.588,6109.989,5945.51,1980.396,6231.736,5668.302,1950.402,6369.037,5704.569,2045.3,6368.901,5900.43,2009.202,6106.308,5654.879,1974.1,6163.073,5755.602,2003.393,6356.606,5853.551,2021.167,6390.091,5641.347,2045.503,6257.376,5895.794,2000.925,6379.146,5888.371,1989.58,6302.394
5713.445,1960.249,6109.722,5870.455,1982.391,6122.179,5808.139,1951.742,6094.996,5620.45,1963.141,6230.575,5758.897,2049.588,6108.117,5947.381,1980.396,6231.125,5666.994,1950.402,6370.515,5703.047,2045.3,6370.157,5902.068,2009.202,6105.209,5653.252,1974.1,6161.957,5754.175,2003.393,6357.97,5854.183,2021.167,6391.961,5639.376,2045.503,6257.277,5897.271,2000.925,6380.454,5888.089,1989.58,6304.348
5712.913,1960.249,6108.407,5871.679,1982.391,6121.461,5808.043,1951.742,6093.581,5619.159,1963.141,6231.162,5758.467,2049.588,6106.765,5948.71,1980.396,6230.644,5666.02,1950.402,6371.546,5701.939,2045.3,6371.042,5903.25,2009.202,6104.424,5652.085,1974.1,6161.151,5753.167,2003.393,6358.968,5854.597,2021.167,6393.318,5637.959,2045.503,6257.219,5898.343,2000.925,6381.382,5887.849,1989.58,6305.746
5712.121,1960.249,6106.432,5873.548,1982.391,6120.444,5807.923,1951.742,6091.458,5617.23,1963.141,6232.059,5757.85,2049.588,6104.73,5950.678,1980.396,6229.857,5664.509,1950.402,6373.045,5700.257,2045.3,6372.344,5905.025,2009.202,6103.254,5650.338,1974.1,6159.938,5751.683,2003.393,6360.492,5855.158,2021.167,6395.37,5635.833,2045.503,6257.153,5899.969,2000.925,6382.753,5887.43,1989.58,6307.832
5711.296,1960.249,6104.459,5875.458,1982.391,6119.481,5807.826,1951.742,6089.322,5615.3,1963.141,6232.977,5757.255,2049.588,6102.677,5952.68,1980.396,6229.133,5662.951,1950.402,6374.51,5698.547,2045.3,6373.626,5906.814,2009.202,6102.085,5648.584,1974.1,6158.716,5750.22,2003.393,6362.05,5855.661,2021.167,6397.448,5633.696,2045.503,6257.107,5901.622,2000.925,6384.109,5886.982,1989.58,6309.921
5710.19,1960.249,6101.898,5877.988,1982.391,6118.303,5807.729,1951.742,6086.534,5612.792,1963.141,6234.197,5756.513,2049.588,6099.987,5955.319,1980.396,6228.274,5661.163,1950.402,6376.652,5696.29,2045.3,6375.266,5909.154,2009.202,6100.566,5646.299,1974.1,6157.117,5748.349,2003.393,6364.12,5856.238,2021.167,6400.179,5630.907,2045.503,6257.072,5903.806,2000.925,6385.844,5886.353,1989.58,6312.64
5709.465,1960.249,6100.264,5879.633,1982.391,6117.6,5807.686,1951.742,6084.747,5611.191,1963.141,6234.994,5756.057,2049.588,6098.258,5957.026,1980.396,6227.78,5659.972,1950.402,6377.988,5694.828,2045.3,6376.295,5910.657,2009.202,6099.596,5644.835,1974.1,6156.089,5747.175,2003.393,6365.47,5856.556,2021.167,6401.939,5629.119,2045.503,6257.065,5905.227,2000.925,6386.931,5885.916,1989.58,6314.374
5708.964,1960.249,6099.149,5880.771,1982.391,6117.154,5807.669,1951.742,6083.525,5610.103,1963.141,6235.549,5755.759,2049.588,6097.074,5958.2,1980.396,6227.48,5659.129,1950.402,6378.873,5693.819,2045.3,6376.983,5911.684,2009.202,6098.936,5643.837,1974.1,6155.386,5746.393,2003.393,6366.408,5856.738,2021.167,6403.147,5627.897,2045.503,6257.07,5906.21,2000.925,6387.655,5885.592,1989.58,6315.552
5707.454,1960.249,6095.474,5884.514,1982.391,6115.823,5807.496,1951.742,6079.556,5606.582,1963.141,6237.387,5754.832,2049.588,6093.212,5962.046,1980.396,6226.63,5656.296,1950.402,6381.659,5690.505,2045.3,6379.172,5915.029,2009.202,6096.794,5640.594,1974.1,6153.094,5743.911,2003.393,6369.509,5857.216,2021.167,6407.091,5623.926,2045.503,6257.122,5909.452,2000.925,6389.951,5884.452,1989.58,6319.357
5706.606,1960.249,6093.207,5886.819,1982.391,6115.084,5807.316,1951.742,6077.142,5604.449,1963.141,6238.528,5754.294,2049.588,6090.853,5964.397,1980.396,6226.19,5654.516,1950.402,6383.299,5688.466,2045.3,6380.476,5917.067,2009.202,6095.491,5638.619,1974.1,6151.696,5742.439,2003.393,6371.43,5857.437,2021.167,6409.501,5621.507,2045.503,6257.171,5911.458,2000.925,6391.304,5883.699,1989.58,6321.658
5706.433,1960.249,6092.691,5887.342,1982.391,6114.934,5807.26,1951.742,6076.601,5603.972,1963.141,6238.79,5754.18,2049.588,6090.321,5964.925,1980.396,6226.092,5654.138,1950.402,6383.69,5688.004,2045.3,6380.762,5917.525,2009.202,6095.198,5638.175,1974.1,6151.381,5742.118,2003.393,6371.869,5857.47,2021.167,6410.044,5620.964,2045.503,6257.187,5911.916,2000.925,6391.598,5883.516,1989.58,6322.17
5705.264,1960.249,6088.82,5891.262,1982.391,6113.942,5806.716,1951.742,6072.594,5600.448,1963.141,6240.77,5753.382,2049.588,6086.359,5968.84,1980.396,6225.359,5651.237,1950.402,6386.508,5684.536,2045.3,6382.838,5920.928,2009.202,6093.019,5634.879,1974.1,6149.042,5739.802,2003.393,6375.183,5857.605,2021.167,6414.085,5616.925,2045.503,6257.329,5915.367,2000.925,6393.703,5882.053,1989.58,6325.939
5704.841,1960.249,6087.233,5892.865,1982.391,6113.589,5806.446,1951.742,6070.974,5599.025,1963.141,6241.589,5753.08,2049.588,6084.746,5970.422,1980.396,6225.063,5650.022,1950.402,6387.613,5683.115,2045.3,6383.66,5922.309,2009.202,6092.131,5633.541,1974.1,6148.092,5738.893,2003.393,6376.55,5857.613,2021.167,6415.728,5615.285,2045.503,6257.398,5916.79,2000.925,6394.522,5881.417,1989.58,6327.453
5704.593,1960.249,6086.167,5893.937,1982.391,6113.371,5806.282,1951.742,6069.893,5598.073,1963.141,6242.127,5752.893,2049.588,6083.668,5971.473,1980.396,6224.867,5649.238,1950.402,6388.375,5682.16,2045.3,6384.193,5923.227,2009.202,6091.537,5632.629,1974.1,6147.487,5738.309,2003.393,6377.475,5857.587,2021.167,6416.821,5614.192,2045.503,6257.451,5917.751,2000.925,6395.044,5880.963,1989.58,6328.448
5703.993,1960.249,6083.148,5896.962,1982.391,6112.806,5805.862,1951.742,6066.844,5595.382,1963.141,6243.62,5752.413,2049.588,6080.628,5974.424,1980.396,6224.314,5647.072,1950.402,6390.563,5679.451,2045.3,6385.653,5925.805,2009.202,6089.858,5630.009,1974.1,6145.871,5736.726,2003.393,6380.115,5857.425,2021.167,6419.896,5611.12,2045.503,6257.619,5920.493,2000.925,6396.443,5879.606,1989.58,6331.211
5703.873,1960.249,6082.422,5897.687,1982.391,6112.684,5805.773,1951.742,6066.115,5594.736,1963.141,6243.971,5752.31,2049.588,6079.901,5975.124,1980.396,6224.184,5646.538,1950.402,6391.069,5678.799,2045.3,6385.992,5926.419,2009.202,6089.455,5629.371,1974.1,6145.505,5736.364,2003.393,6380.755,5857.366,2021.167,6420.628,5610.386,2045.503,6257.663,5921.156,2000.925,6396.76,5879.263,1989.58,6331.861
5703.505,1960.249,6079.648,5900.453,1982.391,6112.27,5805.477,1951.742,6063.333,5592.27,1963.141,6245.29,5751.958,2049.588,6077.125,5977.785,1980.396,6223.686,5644.568,1950.402,6393.058,5676.297,2045.3,6387.244,5928.75,2009.202,6087.909,5626.899,1974.1,6144.192,5735.044,2003.393,6383.222,5857.062,2021.167,6423.41,5607.595,2045.503,6257.848,5923.711,2000.925,6397.901,5877.881,1989.58,6334.295
5703.144,1960.249,6077.467,5902.645,1982.391,6111.985,5805.26,1951.742,6061.134,5590.314,1963.141,6246.318,5751.714,2049.588,6074.929,5979.87,1980.396,6223.296,5643.107,1950.402,6394.717,5674.306,2045.3,6388.201,5930.584,2009.202,6086.677,5625.02,1974.1,6143.029,5734.051,2003.393,6385.196,5856.76,2021.167,6425.6,5605.392,2045.503,6258.005,5925.752,2000.925,6398.749,5876.731,1989.58,6336.183
5702.709,1960.249,6075.292,5904.848,1982.391,6111.745,5805.059,1951.742,6058.927,5588.345,1963.141,6247.336,5751.502,2049.588,6072.723,5981.947,1980.396,6222.907,5641.588,1950.402,6396.333,5672.293,2045.3,6389.13,5932.416,2009.202,6085.43,5623.1,1974.1,6141.919,5733.105,2003.393,6387.202,5856.397,2021.167,6427.787,5603.182,2045.503,6258.175,5927.823,2000.925,6399.542,5875.521,1989.58,6338.041
5702.203,1960.249,6073.128,5907.062,1982.391,6111.552,5804.871,1951.742,6056.713,5586.365,1963.141,6248.343,5751.319,2049.588,6070.509,5984.012,1980.396,6222.521,5640.168,1950.402,6398.042,5670.261,2045.3,6390.028,5934.243,2009.202,6084.166,5621.144,1974.1,6140.864,5732.209,2003.393,6389.235,5855.975,2021.167,6429.969,5600.967,2045.503,6258.355,5929.919,2000.925,6400.281,5874.251,1989.58,6339.865
5701.742,1960.249,6071.413,5908.834,1982.391,6111.437,5804.73,1951.742,6054.943,5584.778,1963.141,6249.139,5751.194,2049.588,6068.737,5985.646,1980.396,6222.215,5639.025,1950.402,6399.402,5668.632,2045.3,6390.737,5935.694,2009.202,6083.144,5619.556,1974.1,6140.069,5731.537,2003.393,6390.879,5855.59,2021.167,6431.703,5599.198,2045.503,6258.507,5931.61,2000.925,6400.824,5873.192,1989.58,6341.292
5700.962,1960.249,6068.849,5911.51,1982.391,6111.325,5804.464,1951.742,6052.278,5582.376,1963.141,6250.325,5751.033,2049.588,6066.064,5988.089,1980.396,6221.758,5637.29,1950.402,6401.442,5666.17,2045.3,6391.79,5937.87,2009.202,6081.582,5617.125,1974.1,6138.942,5730.588,2003.393,6393.385,5854.94,2021.167,6434.302,5596.53,2045.503,6258.747,5934.183,2000.925,6401.574,5871.528,1989.58,6343.392
5700.245,1960.249,6066.733,5913.744,1982.391,6111.285,5804.197,1951.742,6050.06,5580.369,1963.141,6251.304,5750.918,2049.588,6063.833,5990.096,1980.396,6221.383,5635.834,1950.402,6403.135,5664.11,2045.3,6392.653,5939.67,2009.202,6080.261,5615.086,1974.1,6138.028,5729.854,2003.393,6395.495,5854.343,2021.167,6436.455,5594.307,2045.503,6258.955,5936.297,2000.925,6402.293,5870.086,1989.58,6345.099
5699.459,1960.249,6064.637,5915.98,1982.391,6111.299,5803.885,1951.742,6047.845,5578.353,1963.141,6252.273,5750.821,2049.588,6061.599,5992.076,1980.396,6221.012,5634.367,1950.402,6404.824,5662.042,2045.3,6393.503,5941.459,2009.202,6078.918,5613.034,1974.1,6137.14,5729.176,2003.393,6397.627,5853.689,2021.167,6438.595,5592.081,2045.503,6259.172,5938.437,2000.925,6402.947,5868.589,1989.58,6346.762
5698.607,1960.249,6062.563,5918.222,1982.391,6111.371,5803.527,1951.742,6045.631,5576.328,1963.141,6253.236,5750.737,2049.588,6059.358,5994.029,1980.396,6220.647,5632.889,1950.402,6406.51,5659.961,2045.3,6394.338,5943.235,2009.202,6077.551,5610.963,1974.1,6136.279,5728.556,2003.393,6399.782,5852.982,2021.167,6440.723,5589.85,2045.503,6259.396,5940.589,2000.925,6403.581,5867.038,1989.58,6348.382
5697.445,1960.249,6059.969,5921.058,1982.391,6111.535,5803.015,1951.742,6042.836,5573.757,1963.141,6254.443,5750.645,2049.588,6056.519,5996.457,1980.396,6220.193,5631.007,1950.402,6408.638,5657.316,2045.3,6395.375,5945.464,2009.202,6075.79,5608.376,1974.1,6135.103,5727.846,2003.393,6402.534,5852.021,2021.167,6443.396,5587.024,2045.503,6259.689,5943.339,2000.925,6404.299,5865.008,1989.58,6350.371
5697.115,1960.249,6059.288,5921.813,1982.391,6111.599,5802.863,1951.742,6042.094,5573.07,1963.141,6254.762,5750.623,2049.588,6055.762,5997.087,1980.396,6220.075,5630.504,1950.402,6409.203,5656.609,2045.3,6395.644,5946.051,2009.202,6075.312,5607.697,1974.1,6134.768,5727.678,2003.393,6403.272,5851.776,2021.167,6444.113,5586.271,2045.503,6259.769,5944.065,2000.925,6404.513,5864.451,1989.58,6350.884
5695.656,1960.249,6056.502,5924.936,1982.391,6111.948,5802.168,1951.742,6039.029,5570.215,1963.141,6256.075,5750.538,2049.588,6052.621,5999.682,1980.396,6219.59,5628.405,1950.402,6411.542,5653.663,2045.3,6396.737,5948.459,2009.202,6073.294,5604.925,1974.1,6133.284,5727.065,2003.393,6406.356,5850.812,2021.167,6447.104,5583.147,2045.503,6260.109,5947.053,2000.925,6405.492,5862.071,1989.58,6352.938
5694.281,1960.249,6053.655,5928.066,1982.391,6112.384,5801.385,1951.742,6035.966,5567.339,1963.141,6257.385,5750.457,2049.588,6049.462,6002.201,1980.396,6219.119,5626.287,1950.402,6413.887,5650.688,2045.3,6397.807,5950.85,2009.202,6071.228,5602.188,1974.1,6131.702,5726.538,2003.393,6409.473,5849.892,2021.167,6450.128,5580.006,2045.503,6260.458,5950.024,2000.925,6406.574,5859.619,1989.58,6354.934
5693.671,1960.249,6052.278,5929.551,1982.391,6112.634,5800.972,1951.742,6034.518,5565.968,1963.141,6258.005,5750.42,2049.588,6047.958,6003.354,1980.396,6218.903,5625.275,1950.402,6415.001,5649.267,2045.3,6398.301,5951.972,2009.202,6070.224,5600.909,1974.1,6130.906,5726.33,2003.393,6410.964,5849.487,2021.167,6451.579,5578.511,2045.503,6260.626,5951.422,2000.925,6407.135,5858.482,1989.58,6355.922
5692.876,1960.249,6050.314,5931.629,1982.391,6113.043,5800.335,1951.742,6032.497,5564.035,1963.141,6258.871,5750.375,2049.588,6045.84,6004.944,1980.396,6218.605,5623.848,1950.402,6416.567,5647.259,2045.3,6398.976,5953.526,2009.202,6068.785,5599.109,1974.1,6129.787,5726.097,2003.393,6413.071,5848.969,2021.167,6453.633,5576.406,2045.503,6260.867,5953.362,2000.925,6407.989,5856.93,1989.58,6357.365
5691.59,1960.249,6046.812,5935.266,1982.391,6113.869,5799.118,1951.742,6028.971,5560.627,1963.141,6260.387,5750.31,2049.588,6042.111,6007.66,1980.396,6218.098,5621.331,1950.402,6419.318,5643.71,2045.3,6400.123,5956.216,2009.202,6066.202,5595.941,1974.1,6127.816,5725.794,2003.393,6416.789,5848.153,2021.167,6457.273,5572.702,2045.503,6261.295,5956.727,2000.925,6409.601,5854.28,1989.58,6359.992
5691.412,1960.249,6046.273,5935.815,1982.391,6114.01,5798.919,1951.742,6028.44,5560.109,1963.141,6260.616,5750.303,2049.588,6041.545,6008.049,1980.396,6218.025,5620.948,1950.402,6419.735,5643.169,2045.3,6400.291,5956.617,2009.202,6065.802,5595.459,1974.1,6127.517,5725.765,2003.393,6417.355,5848.044,2021.167,6457.83,5572.139,2045.503,6261.361,5957.229,2000.925,6409.863,5853.891,1989.58,6360.404
5690.639,1960.249,6043.65,5938.441,1982.391,6114.769,5797.888,1951.742,6025.907,5557.606,1963.141,6261.715,5750.28,2049.588,6038.811,6009.91,1980.396,6217.677,5619.098,1950.402,6421.748,5640.549,2045.3,6401.069,5958.514,2009.202,6063.833,5593.137,1974.1,6126.072,5725.703,2003.393,6420.089,5847.594,2021.167,6460.527,5569.424,2045.503,6261.68,5959.614,2000.925,6411.203,5852.079,1989.58,6362.452
5689.974,1960.249,6041.086,5940.961,1982.391,6115.578,5796.823,1951.742,6023.482,5555.181,1963.141,6262.776,5750.274,2049.588,6036.164,6011.632,1980.396,6217.354,5617.305,1950.402,6423.695,5638.001,2045.3,6401.791,5960.313,2009.202,6061.891,5590.887,1974.1,6124.673,5725.721,2003.393,6422.738,5847.072,2021.167,6463.124,5566.794,2045.503,6261.99,5961.893,2000.925,6412.551,5850.389,1989.58,6364.492
5689.607,1960.249,6039.456,5942.535,1982.391,6116.135,5796.11,1951.742,6021.972,5553.649,1963.141,6263.442,5750.281,2049.588,6034.494,6012.67,1980.396,6217.161,5616.173,1950.402,6424.924,5636.389,2045.3,6402.225,5961.422,2009.202,6060.642,5589.468,1974.1,6123.791,5725.782,2003.393,6424.407,5846.69,2021.167,6464.75,5565.136,2045.503,6262.187,5963.308,2000.925,6413.438,5849.365,1989.58,6365.813
5689.172,1960.249,6037.218,5944.658,1982.391,6116.958,5795.083,1951.742,6019.937,5551.559,1963.141,6264.349,5750.284,2049.588,6032.215,6014.044,1980.396,6216.903,5614.63,1950.402,6426.6,5634.186,2045.3,6402.805,5962.898,2009.202,6058.906,5587.533,1974.1,6122.587,5725.792,2003.393,6426.687,5846.096,2021.167,6466.951,5562.874,2045.503,6262.454,5965.239,2000.925,6414.65,5848.029,1989.58,6367.66
5688.762,1960.249,6034.974,5946.758,1982.391,6117.846,5794.045,1951.742,6017.906,5549.465,1963.141,6265.254,5750.28,2049.588,6029.934,6015.356,1980.396,6216.613,5613.086,1950.402,6428.279,5631.976,2045.3,6403.373,5964.338,2009.202,6057.137,5585.595,1974.1,6121.381,5725.728,2003.393,6428.968,5845.43,2021.167,6469.134,5560.608,2045.503,6262.722,5967.172,2000.925,6415.863,5846.752,1989.58,6369.551
5688.374,1960.249,6032.718,5948.837,1982.391,6118.799,5793.069,1951.742,6015.834,5547.363,1963.141,6266.161,5750.219,2049.588,6027.645,6016.608,1980.396,6216.293,5611.539,1950.402,6429.966,5629.755,2045.3,6403.927,5965.744,2009.202,6055.33,5583.65,1974.1,6120.172,5725.588,2003.393,6431.254,5844.689,2021.167,6471.301,5558.335,2045.503,6262.989,5969.112,2000.925,6417.08,5845.534,1989.58,6371.491
5687.892,1960.249,6029.714,5951.56,1982.391,6120.149,5791.864,1951.742,6013.039,5544.569,1963.141,6267.365,5750.061,2049.588,6024.605,6018.187,1980.396,6215.833,5609.409,1950.402,6432.141,5626.825,2045.3,6404.754,5967.557,2009.202,6052.886,5581.065,1974.1,6118.564,5725.311,2003.393,6434.285,5843.612,2021.167,6474.148,5555.313,2045.503,6263.342,5971.691,2000.925,6418.698,5844,1989.58,6374.12
5687.668,1960.249,6028.203,5952.905,1982.391,6120.868,5791.305,1951.742,6011.616,5543.166,1963.141,6267.969,5749.944,2049.588,6023.082,6018.927,1980.396,6215.592,5608.304,1950.402,6433.197,5625.368,2045.3,6405.214,5968.438,2009.202,6051.638,5579.768,1974.1,6117.757,5725.126,2003.393,6435.802,5843.025,2021.167,6475.559,5553.796,2045.503,6263.518,5972.985,2000.925,6419.51,5843.273,1989.58,6375.464
5687.361,1960.249,6025.931,5954.89,1982.391,6122.008,5790.536,1951.742,6009.455,5541.06,1963.141,6268.875,5749.714,2049.588,6020.8,6019.993,1980.396,6215.205,5606.595,1950.402,6434.727,5623.203,2045.3,6405.972,5969.718,2009.202,6049.735,5577.819,1974.1,6116.545,5724.779,2003.393,6438.069,5842.074,2021.167,6477.647,5551.518,2045.503,6263.779,5974.929,2000.925,6420.729,5842.249,1989.58,6377.517
5687.085,1960.249,6023.655,5956.838,1982.391,6123.207,5789.838,1951.742,6007.27,5538.955,1963.141,6269.782,5749.433,2049.588,6018.524,6020.999,1980.396,6214.801,5604.837,1950.402,6436.2,5621.062,2045.3,6406.794,5970.951,2009.202,6047.802,5575.872,1974.1,6115.333,5724.364,2003.393,6440.325,5841.056,2021.167,6479.702,5549.24,2045.503,6264.036,5976.872,2000.925,6421.948,5841.072,1989.58,6379.485
5686.84,1960.249,6021.374,5958.749,1982.391,6124.465,5789.211,1951.742,6005.061,5536.848,1963.141,6270.691,5749.1,2049.588,6016.253,6021.948,1980.396,6214.384,5603.031,1950.402,6437.616,5618.945,2045.3,6407.683,5972.139,2009.202,6045.839,5573.922,1974.1,6114.121,5723.88,2003.393,6442.569,5839.971,2021.167,6481.725,5546.96,2045.503,6264.29,5978.816,2000.925,6423.168,5839.775,1989.58,6381.38
5686.628,1960.249,6019.085,5960.622,1982.391,6125.782,5788.657,1951.742,6002.83,5534.739,1963.141,6271.603,5748.719,2049.588,6013.987,6022.843,1980.396,6213.956,5601.176,1950.402,6438.974,5616.854,2045.3,6408.636,5973.281,2009.202,6043.845,5571.97,1974.1,6112.907,5723.327,2003.393,6444.8,5838.903,2021.167,6483.76,5544.676,2045.503,6264.539,5980.763,2000.925,6424.39,5838.418,1989.58,6383.235
5686.45,1960.249,6016.793,5962.453,1982.391,6127.157,5788.061,1951.742,6000.608,5532.629,1963.141,6272.517,5748.291,2049.588,6011.728,6023.712,1980.396,6213.574,5599.276,1950.402,6440.272,5614.791,2045.3,6409.653,5974.375,2009.202,6041.822,5570.017,1974.1,6111.692,5722.705,2003.393,6447.015,5837.768,2021.167,6485.762,5542.389,2045.503,6264.782,5982.712,2000.925,6425.612,5837.121,1989.58,6385.136
5686.304,1960.249,6014.497,5964.241,1982.391,6128.586,5787.404,1951.742,5998.401,5530.52,1963.141,6273.434,5747.818,2049.588,6009.476,6024.557,1980.396,6213.235,5597.334,1950.402,6441.507,5612.757,2045.3,6410.732,5975.42,2009.202,6039.772,5568.062,1974.1,6110.476,5722.015,2003.393,6449.21,5836.568,2021.167,6487.726,5540.101,2045.503,6265.02,5984.662,2000.925,6426.836,5835.886,1989.58,6387.079
5686.151,1960.249,6011.503,5966.508,1982.391,6130.518,5786.643,1951.742,5995.501,5527.773,1963.141,6274.633,5747.142,2049.588,6006.555,6025.623,1980.396,6212.848,5594.752,1950.402,6443.033,5610.099,2045.3,6412.119,5976.715,2009.202,6037.068,5565.516,1974.1,6108.892,5721.116,2003.393,6452.071,5834.921,2021.167,6490.232,5537.119,2045.503,6265.321,5987.202,2000.925,6428.43,5834.035,1989.58,6389.438
5686.103,1960.249,6010.206,5967.462,1982.391,6131.383,5786.355,1951.742,5994.234,5526.584,1963.141,6275.155,5746.825,2049.588,6005.296,6026.065,1980.396,6212.703,5593.613,1950.402,6443.657,5608.967,2045.3,6412.757,5977.247,2009.202,6035.884,5564.413,1974.1,6108.206,5720.767,2003.393,6453.322,5834.173,2021.167,6491.294,5535.827,2045.503,6265.447,5988.302,2000.925,6429.12,5833.267,1989.58,6390.485
5686.024,1960.249,6006.977,5969.766,1982.391,6133.605,5785.741,1951.742,5991.061,5523.629,1963.141,6276.46,5745.982,2049.588,6002.177,6027.153,1980.396,6212.387,5590.831,1950.402,6445.302,5606.27,2045.3,6414.537,5978.498,2009.202,6032.904,5561.668,1974.1,6106.499,5720,2003.393,6456.462,5832.228,2021.167,6493.875,5532.61,2045.503,6265.75,5991.04,2000.925,6430.838,5831.442,1989.58,6393.152
5685.98,1960.249,6006.201,5970.335,1982.391,6134.12,5785.619,1951.742,5990.294,5522.92,1963.141,6276.775,5745.804,2049.588,6001.421,6027.402,1980.396,6212.323,5590.147,1950.402,6445.669,5605.619,2045.3,6414.961,5978.822,2009.202,6032.199,5561.009,1974.1,6106.089,5719.84,2003.393,6457.222,5831.74,2021.167,6494.479,5531.837,2045.503,6265.82,5991.698,2000.925,6431.25,5830.983,1989.58,6393.778
5685.691,1960.249,6002.983,5972.77,1982.391,6136.18,5784.649,1951.742,5987.213,5519.973,1963.141,6278.093,5745.166,2049.588,5998.254,6028.435,1980.396,6212.094,5587.354,1950.402,6447.292,5602.928,2045.3,6416.749,5980.264,2009.202,6029.309,5558.266,1974.1,6104.383,5719.277,2003.393,6460.403,5829.633,2021.167,6496.928,5528.621,2045.503,6266.097,5994.434,2000.925,6432.967,5828.989,1989.58,6396.32
5685.409,1960.249,6000.687,5974.554,1982.391,6137.592,5784.027,1951.742,5984.984,5517.865,1963.141,6279.044,5744.341,2049.588,5996.093,6029.143,1980.396,6211.962,5585.278,1950.402,6448.315,5601.008,2045.3,6418.04,5981.354,2009.202,6027.268,5556.301,1974.1,6103.161,5718.948,2003.393,6462.693,5828.068,2021.167,6498.632,5526.316,2045.503,6266.286,5996.394,2000.925,6434.197,5827.736,1989.58,6398.266
5685.052,1960.249,5998.401,5976.377,1982.391,6138.941,5783.479,1951.742,5982.737,5515.76,1963.141,6280.001,5743.587,2049.588,5993.906,6029.83,1980.396,6211.856,5583.238,1950.402,6449.406,5599.047,2045.3,6419.267,5982.5,2009.202,6025.259,5554.336,1974.1,6101.939,5718.693,2003.393,6464.992,5826.45,2021.167,6500.285,5524.011,2045.503,6266.463,5998.354,2000.925,6435.426,5826.421,1989.58,6400.169
5684.445,1960.249,5995.209,5978.988,1982.391,6140.745,5783.029,1951.742,5979.519,5512.809,1963.141,6281.355,5742.576,2049.588,5990.818,6030.767,1980.396,6211.744,5580.425,1950.402,6451.03,5596.294,2045.3,6420.992,5984.191,2009.202,6022.486,5551.578,1974.1,6100.223,5718.44,2003.393,6468.231,5824.104,2021.167,6502.533,5520.772,2045.503,6266.696,6001.105,2000.925,6437.153,5824.488,1989.58,6402.78
5683.966,1960.249,5993.072,5980.775,1982.391,6141.895,5782.656,1951.742,5977.361,5510.823,1963.141,6282.276,5741.962,2049.588,5988.716,6031.374,1980.396,6211.691,5578.413,1950.402,6451.895,5594.401,2045.3,6422.093,5985.386,2009.202,6020.651,5549.718,1974.1,6099.066,5718.34,2003.393,6470.419,5822.476,2021.167,6503.997,5518.588,2045.503,6266.841,6002.96,2000.925,6438.317,5823.128,1989.58,6404.497
5683.839,1960.249,5992.49,5981.268,1982.391,6142.19,5782.535,1951.742,5976.777,5510.284,1963.141,6282.529,5741.814,2049.588,5988.139,6031.534,1980.396,6211.682,5577.854,1950.402,6452.102,5593.883,2045.3,6422.387,5985.711,2009.202,6020.151,5549.212,1974.1,6098.751,5718.332,2003.393,6471.015,5822.02,2021.167,6504.38,5517.994,2045.503,6266.877,6003.465,2000.925,6438.634,5822.743,1989.58,6404.951
5683.444,1960.249,5988.344,5984.777,1982.391,6144.136,5781.558,1951.742,5972.729,5506.522,1963.141,6284.313,5740.882,2049.588,5984.079,6032.652,1980.396,6211.658,5573.999,1950.402,6453.68,5590.195,2045.3,6424.324,5987.984,2009.202,6016.661,5545.675,1974.1,6096.551,5718.41,2003.393,6475.179,5818.751,2021.167,6506.961,5513.836,2045.503,6267.104,6006.994,2000.925,6440.848,5819.948,1989.58,6408.04
5683.228,1960.249,5986.661,5986.211,1982.391,6144.872,5781.213,1951.742,5971.067,5504.994,1963.141,6285.047,5740.32,2049.588,5982.478,6033.085,1980.396,6211.663,5572.45,1950.402,6454.374,5588.668,2045.3,6425.064,5988.91,2009.202,6015.239,5544.234,1974.1,6095.655,5718.387,2003.393,6476.876,5817.454,2021.167,6508.056,5512.142,2045.503,6267.186,6008.431,2000.925,6441.75,5818.769,1989.58,6409.26
5682.979,1960.249,5985.123,5987.541,1982.391,6145.5,5780.947,1951.742,5969.532,5503.594,1963.141,6285.729,5739.852,2049.588,5980.992,6033.476,1980.396,6211.68,5571.045,1950.402,6455.047,5587.244,2045.3,6425.697,5989.76,2009.202,6013.934,5542.911,1974.1,6094.832,5718.389,2003.393,6478.433,5816.297,2021.167,6509.1,5510.586,2045.503,6267.25,6009.751,2000.925,6442.578,5817.652,1989.58,6410.346
5682.446,1960.249,5982.391,5989.934,1982.391,6146.536,5780.562,1951.742,5966.775,5501.099,1963.141,6286.959,5739.104,2049.588,5978.311,6034.161,1980.396,6211.733,5568.498,1950.402,6456.168,5584.739,2045.3,6426.91,5991.279,2009.202,6011.601,5540.547,1974.1,6093.362,5718.444,2003.393,6481.215,5814.292,2021.167,6511.03,5507.806,2045.503,6267.345,6012.109,2000.925,6444.057,5815.651,1989.58,6412.28
5681.979,1960.249,5980.356,5991.728,1982.391,6147.243,5780.34,1951.742,5964.699,5499.233,1963.141,6287.893,5738.603,2049.588,5976.285,6034.659,1980.396,6211.788,5566.616,1950.402,6457.071,5582.981,2045.3,6428.036,5992.418,2009.202,6009.852,5538.775,1974.1,6092.259,5718.527,2003.393,6483.3,5812.837,2021.167,6512.527,5505.721,2045.503,6267.401,6013.877,2000.925,6445.167,5814.113,1989.58,6413.691
5681.089,1960.249,5976.983,5994.724,1982.391,6148.313,5780.083,1951.742,5961.22,5496.124,1963.141,6289.471,5737.876,2049.588,5972.873,6035.473,1980.396,6211.904,5563.425,1950.402,6458.481,5579.985,2045.3,6429.822,5994.321,2009.202,6006.929,5535.813,1974.1,6090.417,5718.74,2003.393,6486.781,5810.488,2021.167,6515.106,5502.234,2045.503,6267.466,6016.832,2000.925,6447.021,5811.547,1989.58,6416.055
5680.866,1960.249,5976.24,5995.381,1982.391,6148.524,5780,1951.742,5960.449,5495.435,1963.141,6289.827,5737.739,2049.588,5972.109,6035.648,1980.396,6211.935,5562.726,1950.402,6458.817,5579.306,2045.3,6430.197,5994.745,2009.202,6006.279,5535.154,1974.1,6090.007,5718.762,2003.393,6487.556,5809.984,2021.167,6515.696,5501.459,2045.503,6267.475,6017.489,2000.925,6447.433,5810.977,1989.58,6416.58
5680.109,1960.249,5973.387,5997.894,1982.391,6149.241,5779.59,1951.742,5957.525,5492.822,1963.141,6291.197,5737.125,2049.588,5969.222,6036.306,1980.396,6212.074,5560.109,1950.402,6460.185,5576.698,2045.3,6431.581,5996.355,2009.202,6003.805,5532.647,1974.1,6088.448,5718.753,2003.393,6490.508,5808.14,2021.167,6518.001,5498.508,2045.503,6267.48,6019.99,2000.925,6449.002,5808.824,1989.58,6418.598
5679.397,1960.249,5971.169,5999.843,1982.391,6149.728,5779.245,1951.742,5955.222,5490.768,1963.141,6292.293,5736.458,2049.588,5966.99,6036.81,1980.396,6212.197,5558.05,1950.402,6461.273,5574.606,2045.3,6432.604,5997.626,2009.202,6001.853,5530.669,1974.1,6087.217,5718.671,2003.393,6492.836,5806.744,2021.167,6519.866,5496.18,2045.503,6267.463,6021.963,2000.925,6450.24,5807.149,1989.58,6420.216
5678.95,1960.249,5969.831,6001.007,1982.391,6149.979,5778.991,1951.742,5953.834,5489.529,1963.141,6292.967,5736.1,2049.588,5965.625,6037.108,1980.396,6212.281,5556.839,1950.402,6461.996,5573.355,2045.3,6433.257,5998.396,2009.202,6000.67,5529.471,1974.1,6086.472,5718.576,2003.393,6494.244,5805.936,2021.167,6521.022,5494.77,2045.503,6267.44,6023.158,2000.925,6450.99,5806.153,1989.58,6421.214
5677.888,1960.249,5966.271,6004.046,1982.391,6150.531,5778.202,1951.742,5950.204,5486.28,1963.141,6294.765,5735.272,2049.588,5962.004,6037.88,1980.396,6212.524,5553.643,1950.402,6463.89,5570.093,2045.3,6435.034,6000.423,2009.202,5997.558,5526.317,1974.1,6084.51,5718.208,2003.393,6497.94,5803.904,2021.167,6524.132,5491.058,2045.503,6267.342,6026.305,2000.925,6452.964,5803.579,1989.58,6423.891
5677.413,1960.249,5964.465,6005.52,1982.391,6150.749,5777.954,1951.742,5948.353,5484.655,1963.141,6295.682,5734.834,2049.588,5960.188,6038.257,1980.396,6212.657,5552.006,1950.402,6464.789,5568.465,2045.3,6435.949,6001.442,2009.202,5995.993,5524.731,1974.1,6083.524,5717.963,2003.393,6499.791,5802.934,2021.167,6525.728,5489.193,2045.503,6267.273,6027.887,2000.925,6453.957,5802.313,1989.58,6425.262
5676.893,1960.249,5962.191,6007.326,1982.391,6150.956,5777.568,1951.742,5946.052,5482.634,1963.141,6296.846,5734.362,2049.588,5957.904,6038.718,1980.396,6212.836,5550,1950.402,6465.979,5566.497,2045.3,6437.202,6002.715,2009.202,5994.038,5522.75,1974.1,6082.292,5717.583,2003.393,6502.093,5801.786,2021.167,6527.759,5486.864,2045.503,6267.163,6029.863,2000.925,6455.196,5800.766,1989.58,6427.008
5676.448,1960.249,5959.899,6009.087,1982.391,6151.1,5777.107,1951.742,5943.763,5480.623,1963.141,6298.028,5733.623,2049.588,5955.689,6039.169,1980.396,6213.029,5548.031,1950.402,6467.234,5564.494,2045.3,6438.401,6003.989,2009.202,5992.082,5520.768,1974.1,6081.059,5717.129,2003.393,6504.383,5800.703,2021.167,6529.827,5484.535,2045.503,6267.026,6031.84,2000.925,6456.437,5799.254,1989.58,6428.786
5676.198,1960.249,5957.161,6011.104,1982.391,6151.198,5776.476,1951.742,5941.087,5478.266,1963.141,6299.443,5732.837,2049.588,5953.054,6039.688,1980.396,6213.271,5545.904,1950.402,6468.977,5561.971,2045.3,6439.494,6005.49,2009.202,5989.777,5518.433,1974.1,6079.607,5716.509,2003.393,6507.062,5799.506,2021.167,6532.302,5481.793,2045.503,6266.833,6034.169,2000.925,6457.898,5797.518,1989.58,6430.917
5675.87,1960.249,5954.301,6013.139,1982.391,6151.231,5775.771,1951.742,5938.295,5475.814,1963.141,6300.949,5732.106,2049.588,5950.27,6040.22,1980.396,6213.541,5543.619,1950.402,6470.728,5559.367,2045.3,6440.723,6007.061,2009.202,5987.365,5515.988,1974.1,6078.086,5715.77,2003.393,6509.844,5798.337,2021.167,6534.933,5478.925,2045.503,6266.596,6036.608,2000.925,6459.429,5795.746,1989.58,6433.185
5675.791,1960.249,5953.767,6013.506,1982.391,6151.225,5775.657,1951.742,5937.769,5475.357,1963.141,6301.235,5731.986,2049.588,5949.744,6040.317,1980.396,6213.594,5543.181,1950.402,6471.042,5558.887,2045.3,6440.969,6007.355,2009.202,5986.913,5515.53,1974.1,6077.802,5715.614,2003.393,6510.36,5798.134,2021.167,6535.433,5478.389,2045.503,6266.545,6037.065,2000.925,6459.715,5795.395,1989.58,6433.593
5675.495,1960.249,5951.151,6015.28,1982.391,6151.138,5775.181,1951.742,5935.179,5473.145,1963.141,6302.659,5731.256,2049.588,5947.214,6040.783,1980.396,6213.87,5541.048,1950.402,6472.585,5556.585,2045.3,6442.247,6008.792,2009.202,5984.707,5513.294,1974.1,6076.411,5714.776,2003.393,6512.856,5797.221,2021.167,6537.902,5475.772,2045.503,6266.262,6039.295,2000.925,6461.114,5793.738,1989.58,6435.639
5675.201,1960.249,5949.137,6016.602,1982.391,6151.029,5774.87,1951.742,5933.168,5471.446,1963.141,6303.778,5730.756,2049.588,5945.242,6041.136,1980.396,6214.094,5539.384,1950.402,6473.758,5554.839,2045.3,6443.292,6009.902,2009.202,5983.001,5511.566,1974.1,6075.336,5714.067,2003.393,6514.764,5796.577,2021.167,6539.832,5473.753,2045.503,6266.017,6041.019,2000.925,6462.196,5792.45,1989.58,6437.215
5675.039,1960.249,5947.169,6017.846,1982.391,6150.885,5774.542,1951.742,5931.221,5469.81,1963.141,6304.882,5730.303,2049.588,5943.32,6041.47,1980.396,6214.323,5537.733,1950.402,6474.842,5553.179,2045.3,6444.361,6010.979,2009.202,5981.346,5509.889,1974.1,6074.293,5713.32,2003.393,6516.592,5796.012,2021.167,6541.725,5471.796,2045.503,6265.751,6042.692,2000.925,6463.246,5791.246,1989.58,6438.78
5674.82,1960.249,5945.277,6019.012,1982.391,6150.712,5774.204,1951.742,5929.348,5468.244,1963.141,6305.966,5729.898,2049.588,5941.46,6041.786,1980.396,6214.555,5536.286,1950.402,6476.081,5551.612,2045.3,6445.444,6012.019,2009.202,5979.75,5508.271,1974.1,6073.288,5712.543,2003.393,6518.331,5795.526,2021.167,6543.566,5469.914,2045.503,6265.47,6044.306,2000.925,6464.258,5790.129,1989.58,6440.323
5674.579,1960.249,5943.443,6020.113,1982.391,6150.512,5773.854,1951.742,5927.533,5466.737,1963.141,6307.036,5729.535,2049.588,5939.647,6042.085,1980.396,6214.79,5534.842,1950.402,6477.236,5550.125,2045.3,6446.545,6013.028,2009.202,5978.2,5506.701,1974.1,6072.311,5711.736,2003.393,6519.995,5795.112,2021.167,6545.369,5468.089,2045.503,6265.17,6045.872,2000.925,6465.241,5789.081,1989.58,6441.846
5674.5,1960.249,5941.653,6021.15,1982.391,6150.288,5773.494,1951.742,5925.778,5465.289,1963.141,6308.091,5729.21,2049.588,5937.886,6042.368,1980.396,6215.027,5533.407,1950.402,6478.309,5548.721,2045.3,6447.658,6014.006,2009.202,5976.698,5505.18,1974.1,6071.365,5710.902,2003.393,6521.581,5794.767,2021.167,6547.127,5466.326,2045.503,6264.853,6047.39,2000.925,6466.193,5788.099,1989.58,6443.344
5674.418,1960.249,5940.599,6021.746,1982.391,6150.138,5773.271,1951.742,5924.745,5464.443,1963.141,6308.724,5729.036,2049.588,5936.843,6042.531,1980.396,6215.173,5532.564,1950.402,6478.948,5547.884,2045.3,6448.303,6014.583,2009.202,5975.812,5504.282,1974.1,6070.806,5710.38,2003.393,6522.5,5794.596,2021.167,6548.17,5465.289,2045.503,6264.65,6048.286,2000.925,6466.755,5787.54,1989.58,6444.241
5674.159,1960.249,5938.249,6023.052,1982.391,6149.765,5772.751,1951.742,5922.44,5462.569,1963.141,6310.163,5728.685,2049.588,5934.506,6042.886,1980.396,6215.513,5530.61,1950.402,6480.279,5546.174,2045.3,6449.937,6015.873,2009.202,5973.831,5502.274,1974.1,6069.558,5709.148,2003.393,6524.518,5794.291,2021.167,6550.515,5462.977,2045.503,6264.162,6050.289,2000.925,6468.012,5786.331,1989.58,6446.271
5673.927,1960.249,5936.632,6023.927,1982.391,6149.483,5772.444,1951.742,5920.836,5461.288,1963.141,6311.174,5728.415,2049.588,5932.896,6043.125,1980.396,6215.757,5529.291,1950.402,6481.241,5544.957,2045.3,6451.025,6016.764,2009.202,5972.462,5500.887,1974.1,6068.695,5708.253,2003.393,6525.884,5794.131,2021.167,6552.14,5461.385,2045.503,6263.8,6051.672,2000.925,6468.879,5785.523,1989.58,6447.69
5673.872,1960.249,5935.054,6024.752,1982.391,6149.188,5772.198,1951.742,5919.276,5460.062,1963.141,6312.169,5728.028,2049.588,5931.364,6043.35,1980.396,6216.002,5528.038,1950.402,6482.203,5543.746,2045.3,6452.04,6017.626,2009.202,5971.139,5499.546,1974.1,6067.861,5707.345,2003.393,6527.176,5794.028,2021.167,6553.716,5459.852,2045.503,6263.425,6053.01,2000.925,6469.719,5784.768,1989.58,6449.077
5673.768,1960.249,5933.526,6025.533,1982.391,6148.879,5772.009,1951.742,5917.757,5458.887,1963.141,6313.149,5727.682,2049.588,5929.874,6043.562,1980.396,6216.248,5526.715,1950.402,6482.973,5542.541,2045.3,6452.983,6018.461,2009.202,5969.856,5498.246,1974.1,6067.052,5706.426,2003.393,6528.4,5793.977,2021.167,6555.246,5458.371,2045.503,6263.037,6054.307,2000.925,6470.532,5784.059,1989.58,6450.433
5673.618,1960.249,5932.048,6026.273,1982.391,6148.559,5771.874,1951.742,5916.277,5457.76,1963.141,6314.117,5727.371,2049.588,5928.421,6043.76,1980.396,6216.496,5525.456,1950.402,6483.761,5541.342,2045.3,6453.861,6019.272,2009.202,5968.611,5496.984,1974.1,6066.268,5705.496,2003.393,6529.559,5793.975,2021.167,6556.731,5456.941,2045.503,6262.637,6055.565,2000.925,6471.322,5783.392,1989.58,6451.76
5673.427,1960.249,5930.622,6026.974,1982.391,6148.227,5771.79,1951.742,5914.841,5456.682,1963.141,6315.069,5727.094,2049.588,5927.01,6043.946,1980.396,6216.744,5524.206,1950.402,6484.473,5540.153,2045.3,6454.672,6020.057,2009.202,5967.405,5495.763,1974.1,6065.507,5704.56,2003.393,6530.651,5794.019,2021.167,6558.17,5455.563,2045.503,6262.227,6056.784,2000.925,6472.086,5782.765,1989.58,6453.055
5673.198,1960.249,5929.25,6027.636,1982.391,6147.887,5771.753,1951.742,5913.45,5455.652,1963.141,6316.005,5726.847,2049.588,5925.641,6044.12,1980.396,6216.991,5523.02,1950.402,6485.202,5539.057,2045.3,6455.528,6020.816,2009.202,5966.239,5494.581,1974.1,6064.772,5703.621,2003.393,6531.679,5794.106,2021.167,6559.559,5454.236,2045.503,6261.807,6057.963,2000.925,6472.826,5782.174,1989.58,6454.314
5672.983,1960.249,5927.65,6028.386,1982.391,6147.47,5771.684,1951.742,5911.838,5454.475,1963.141,6317.107,5726.583,2049.588,5924.049,6044.313,1980.396,6217.288,5521.629,1950.402,6486.021,5537.753,2045.3,6456.479,6021.697,2009.202,5964.886,5493.21,1974.1,6063.92,5702.494,2003.393,6532.834,5794.259,2021.167,6561.165,5452.707,2045.503,6261.293,6059.33,2000.925,6473.684,5781.507,1989.58,6455.783
5672.673,1960.249,5926.386,6028.978,1982.391,6147.115,5771.606,1951.742,5910.539,5453.538,1963.141,6318.011,5726.39,2049.588,5922.763,6044.463,1980.396,6217.534,5520.53,1950.402,6486.718,5536.677,2045.3,6457.212,6022.408,2009.202,5963.795,5492.105,1974.1,6063.232,5701.556,2003.393,6533.737,5794.423,2021.167,6562.456,5451.481,2045.503,6260.857,6060.433,2000.925,6474.376,5780.981,1989.58,6456.973
5672.464,1960.249,5925.396,6029.427,1982.391,6146.825,5771.528,1951.742,5909.53,5452.787,1963.141,6318.689,5726.25,2049.588,5921.761,6044.575,1980.396,6217.731,5519.638,1950.402,6487.195,5535.822,2045.3,6457.754,6022.96,2009.202,5962.947,5491.246,1974.1,6062.698,5700.805,2003.393,6534.415,5794.583,2021.167,6563.456,5450.517,2045.503,6260.55,6061.29,2000.925,6474.914,5780.581,1989.58,6457.902
5672.25,1960.249,5924.185,6029.961,1982.391,6146.456,5771.412,1951.742,5908.307,5451.849,1963.141,6319.483,5726.097,2049.588,5920.542,6044.703,1980.396,6217.978,5518.504,1950.402,6487.671,5534.849,2045.3,6458.506,6023.631,2009.202,5961.917,5490.202,1974.1,6062.048,5699.866,2003.393,6535.209,5794.817,2021.167,6564.663,5449.334,2045.503,6260.215,6062.332,2000.925,6475.567,5780.104,1989.58,6459.035
5672.082,1960.249,5923.005,6030.466,1982.391,6146.081,5771.28,1951.742,5907.123,5450.914,1963.141,6320.223,5725.962,2049.588,5919.357,6044.821,1980.396,6218.223,5517.42,1950.402,6488.167,5533.883,2045.3,6459.204,6024.281,2009.202,5960.918,5489.189,1974.1,6061.419,5698.981,2003.393,6536.008,5795.007,2021.167,6565.839,5448.177,2045.503,6259.928,6063.341,2000.925,6476.201,5779.649,1989.58,6460.136
5671.956,1960.249,5921.86,6030.943,1982.391,6145.703,5771.136,1951.742,5905.981,5449.987,1963.141,6320.907,5725.848,2049.588,5918.212,6044.928,1980.396,6218.466,5516.39,1950.402,6488.682,5532.927,2045.3,6459.847,6024.91,2009.202,5959.953,5488.211,1974.1,6060.811,5698.152,2003.393,6536.807,5795.155,2021.167,6566.981,5447.051,2045.503,6259.687,6064.317,2000.925,6476.813,5779.217,1989.58,6461.203
5671.986,1960.249,5920.743,6031.394,1982.391,6145.32,5770.981,1951.742,5904.875,5449.067,1963.141,6321.542,5725.751,2049.588,5917.099,6045.026,1980.396,6218.708,5515.406,1950.402,6489.213,5531.98,2045.3,6460.44,6025.52,2009.202,5959.016,5487.263,1974.1,6060.22,5697.373,2003.393,6537.608,5795.265,2021.167,6568.094,5445.951,2045.503,6259.489,6065.264,2000.925,6477.407,5778.803,1989.58,6462.241
5672.005,1960.249,5919.659,6031.82,1982.391,6144.934,5770.821,1951.742,5903.803,5448.155,1963.141,6322.127,5725.676,2049.588,5916.018,6045.114,1980.396,6218.947,5514.459,1950.402,6489.74,5531.044,2045.3,6460.985,6026.111,2009.202,5958.108,5486.342,1974.1,6059.648,5696.643,2003.393,6538.409,5795.338,2021.167,6569.175,5444.878,2045.503,6259.333,6066.182,2000.925,6477.983,5778.407,1989.58,6463.249
5672.025,1960.249,5918.61,6032.222,1982.391,6144.545,5770.657,1951.742,5902.768,5447.254,1963.141,6322.666,5725.621,2049.588,5914.971,6045.192,1980.396,6219.185,5513.559,1950.402,6490.279,5530.121,2045.3,6461.483,6026.683,2009.202,5957.229,5485.452,1974.1,6059.094,5695.961,2003.393,6539.207,5795.376,2021.167,6570.224,5443.836,2045.503,6259.215,6067.07,2000.925,6478.541,5778.027,1989.58,6464.227
5672.013,1960.249,5917.79,6032.528,1982.391,6144.229,5770.521,1951.742,5901.958,5446.537,1963.141,6323.063,5725.59,2049.588,5914.151,6045.248,1980.396,6219.375,5512.842,1950.402,6490.678,5529.412,2045.3,6461.896,6027.131,2009.202,5956.542,5484.755,1974.1,6058.66,5695.449,2003.393,6539.848,5795.38,2021.167,6571.044,5443.018,2045.503,6259.149,6067.766,2000.925,6478.977,5777.733,1989.58,6464.992
5671.958,1960.249,5916.604,6032.957,1982.391,6143.756,5770.313,1951.742,5900.79,5445.479,1963.141,6323.604,5725.563,2049.588,5912.964,6045.321,1980.396,6219.654,5511.823,1950.402,6491.289,5528.38,2045.3,6462.484,6027.779,2009.202,5955.546,5483.747,1974.1,6058.033,5694.737,2003.393,6540.799,5795.351,2021.167,6572.231,5441.832,2045.503,6259.094,6068.771,2000.925,6479.608,5777.312,1989.58,6466.102
5671.853,1960.249,5915.284,6033.42,1982.391,6143.21,5770.125,1951.742,5899.479,5444.282,1963.141,6324.168,5725.549,2049.588,5911.641,6045.393,1980.396,6219.973,5510.666,1950.402,6491.933,5527.252,2045.3,6463.177,6028.501,2009.202,5954.437,5482.622,1974.1,6057.333,5693.979,2003.393,6541.885,5795.276,2021.167,6573.553,5440.508,2045.503,6259.075,6069.893,2000.925,6480.312,5776.845,1989.58,6467.34
5671.75,1960.249,5914.374,6033.731,1982.391,6142.818,5770.023,1951.742,5898.569,5443.441,1963.141,6324.531,5725.551,2049.588,5910.726,6045.45,1980.396,6220.195,5509.881,1950.402,6492.403,5526.479,2045.3,6463.668,6029.001,2009.202,5953.67,5481.845,1974.1,6056.85,5693.479,2003.393,6542.652,5795.197,2021.167,6574.465,5439.592,2045.503,6259.092,6070.668,2000.925,6480.798,5776.524,1989.58,6468.197
5671.708,1960.249,5914.08,6033.829,1982.391,6142.687,5770,1951.742,5898.272,5443.165,1963.141,6324.64,5725.554,2049.588,5910.428,6045.466,1980.396,6220.269,5509.617,1950.402,6492.542,5526.223,2045.3,6463.82,6029.164,2009.202,5953.42,5481.592,1974.1,6056.693,5693.325,2003.393,6542.906,5795.163,2021.167,6574.76,5439.295,2045.503,6259.107,6070.92,2000.925,6480.956,5776.42,1989.58,6468.476
5671.513,1960.249,5912.991,6034.176,1982.391,6142.186,5769.95,1951.742,5897.167,5442.123,1963.141,6325.011,5725.577,2049.588,5909.323,6045.54,1980.396,6220.54,5508.596,1950.402,6492.968,5525.252,2045.3,6464.351,6029.767,2009.202,5952.493,5480.652,1974.1,6056.108,5692.783,2003.393,6543.871,5795,2021.167,6575.854,5438.192,2045.503,6259.2,6071.857,2000.925,6481.544,5776.037,1989.58,6469.513
5671.427,1960.249,5912.404,6034.355,1982.391,6141.908,5769.913,1951.742,5896.576,5441.558,1963.141,6325.191,5725.594,2049.588,5908.731,6045.576,1980.396,6220.688,5508.057,1950.402,6493.214,5524.724,2045.3,6464.618,6030.09,2009.202,5951.997,5480.149,1974.1,6055.795,5692.509,2003.393,6544.396,5794.894,2021.167,6576.438,5437.604,2045.503,6259.269,6072.359,2000.925,6481.859,5775.833,1989.58,6470.068
5671.296,1960.249,5911.239,6034.693,1982.391,6141.345,5769.821,1951.742,5895.407,5440.43,1963.141,6325.511,5725.636,2049.588,5907.559,6045.637,1980.396,6220.987,5506.958,1950.402,6493.624,5523.724,2045.3,6465.231,6030.73,2009.202,5951.014,5479.153,1974.1,6055.176,5692.002,2003.393,6545.455,5794.649,2021.167,6577.585,5436.442,2045.503,6259.429,6073.353,2000.925,6482.482,5775.43,1989.58,6471.169
5671.213,1960.249,5910.715,6034.839,1982.391,6141.082,5769.772,1951.742,5894.88,5439.916,1963.141,6325.639,5725.66,2049.588,5907.03,6045.661,1980.396,6221.125,5506.468,1950.402,6493.825,5523.263,2045.3,6465.494,6031.02,2009.202,5950.569,5478.703,1974.1,6054.896,5691.789,2003.393,6545.94,5794.523,2021.167,6578.1,5435.919,2045.503,6259.515,6073.802,2000.925,6482.764,5775.248,1989.58,6471.667
5671.097,1960.249,5909.8,6035.08,1982.391,6140.614,5769.673,1951.742,5893.963,5439.013,1963.141,6325.833,5725.708,2049.588,5906.109,6045.71,1980.396,6221.364,5505.626,1950.402,6494.204,5522.447,2045.3,6465.924,6031.523,2009.202,5949.796,5477.919,1974.1,6054.409,5691.446,2003.393,6546.796,5794.275,2021.167,6578.988,5435.006,2045.503,6259.649,6074.583,2000.925,6483.254,5774.933,1989.58,6472.534
5671.028,1960.249,5909.062,6035.262,1982.391,6140.228,5769.617,1951.742,5893.224,5438.284,1963.141,6325.964,5725.723,2049.588,5905.368,6045.745,1980.396,6221.561,5504.924,1950.402,6494.442,5521.793,2045.3,6466.274,6031.928,2009.202,5949.175,5477.29,1974.1,6054.017,5691.192,2003.393,6547.493,5794.053,2021.167,6579.696,5434.276,2045.503,6259.778,6075.211,2000.925,6483.648,5774.681,1989.58,6473.23
5670.976,1960.249,5908.204,6035.461,1982.391,6139.77,5769.561,1951.742,5892.366,5437.433,1963.141,6326.088,5725.776,2049.588,5904.51,6045.779,1980.396,6221.792,5504.11,1950.402,6494.717,5521.023,2045.3,6466.656,6032.397,2009.202,5948.455,5476.56,1974.1,6053.563,5690.925,2003.393,6548.31,5793.771,2021.167,6580.508,5433.435,2045.503,6259.956,6075.939,2000.925,6484.105,5774.389,1989.58,6474.039
5670.96,1960.249,5907.646,6035.582,1982.391,6139.465,5769.543,1951.742,5891.809,5436.876,1963.141,6326.108,5725.802,2049.588,5903.953,6045.798,1980.396,6221.943,5503.588,1950.402,6494.913,5520.516,2045.3,6466.887,6032.701,2009.202,5947.988,5476.086,1974.1,6053.269,5690.77,2003.393,6548.845,5793.572,2021.167,6581.028,5432.886,2045.503,6260.054,6076.412,2000.925,6484.402,5774.2,1989.58,6474.563
5670.908,1960.249,5906.971,6035.717,1982.391,6139.087,5769.543,1951.742,5891.131,5436.2,1963.141,6326.154,5725.812,2049.588,5903.275,6045.821,1980.396,6222.129,5502.961,1950.402,6495.171,5519.89,2045.3,6467.147,6033.071,2009.202,5947.42,5475.511,1974.1,6052.911,5690.602,2003.393,6549.502,5793.31,2021.167,6581.653,5432.215,2045.503,6260.15,6076.986,2000.925,6484.762,5773.971,1989.58,6475.2
5670.876,1960.249,5906.274,6035.844,1982.391,6138.69,5769.577,1951.742,5890.435,5435.506,1963.141,6326.224,5725.896,2049.588,5902.584,6045.845,1980.396,6222.323,5502.312,1950.402,6495.423,5519.251,2045.3,6467.425,6033.451,2009.202,5946.836,5474.919,1974.1,6052.542,5690.451,2003.393,6550.182,5793.02,2021.167,6582.287,5431.523,2045.503,6260.227,6077.576,2000.925,6485.132,5773.735,1989.58,6475.855
5670.869,1960.249,5905.686,6035.942,1982.391,6138.349,5769.604,1951.742,5889.847,5434.923,1963.141,6326.302,5725.949,2049.588,5901.998,6045.865,1980.396,6222.488,5501.771,1950.402,6495.654,5518.704,2045.3,6467.643,6033.772,2009.202,5946.343,5474.419,1974.1,6052.232,5690.343,2003.393,6550.76,5792.759,2021.167,6582.814,5430.939,2045.503,6260.299,6078.075,2000.925,6485.445,5773.537,1989.58,6476.409
5670.875,1960.249,5904.735,6036.083,1982.391,6137.788,5769.637,1951.742,5888.897,5433.978,1963.141,6326.397,5726.122,2049.588,5901.063,6045.896,1980.396,6222.756,5500.895,1950.402,6496.023,5517.781,2045.3,6467.869,6034.291,2009.202,5945.546,5473.612,1974.1,6051.73,5690.199,2003.393,6551.7,5792.31,2021.167,6583.652,5430,2045.503,6260.444,6078.88,2000.925,6485.95,5773.217,1989.58,6477.304
5670.907,1960.249,5903.894,6036.193,1982.391,6137.28,5769.655,1951.742,5888.055,5433.138,1963.141,6326.468,5726.247,2049.588,5900.23,6045.924,1980.396,6222.998,5500.108,1950.402,6496.324,5516.97,2045.3,6468.097,6034.75,2009.202,5944.84,5472.897,1974.1,6051.285,5690.098,2003.393,6552.536,5791.889,2021.167,6584.382,5429.163,2045.503,6260.546,6079.593,2000.925,6486.398,5772.934,1989.58,6478.097
5670.97,1960.249,5903.008,6036.292,1982.391,6136.734,5769.704,1951.742,5887.168,5432.256,1963.141,6326.572,5726.351,2049.588,5899.348,6045.958,1980.396,6223.254,5499.269,1950.402,6496.614,5516.101,2045.3,6468.281,6035.234,2009.202,5944.096,5472.143,1974.1,6050.816,5690.021,2003.393,6553.42,5791.422,2021.167,6585.137,5428.279,2045.503,6260.624,6080.345,2000.925,6486.87,5772.635,1989.58,6478.933
5670.987,1960.249,5902.453,6036.344,1982.391,6136.386,5769.753,1951.742,5886.615,5431.712,1963.141,6326.684,5726.397,2049.588,5898.795,6045.988,1980.396,6223.416,5498.745,1950.402,6496.798,5515.562,2045.3,6468.414,6035.537,2009.202,5943.631,5471.672,1974.1,6050.523,5689.989,2003.393,6553.975,5791.121,2021.167,6585.603,5427.724,2045.503,6260.633,6080.815,2000.925,6487.165,5772.449,1989.58,6479.455
5670.887,1960.249,5900.484,6036.49,1982.391,6135.133,5770.206,1951.742,5884.696,5429.769,1963.141,6327.016,5726.499,2049.588,5896.826,6046.106,1980.396,6223.992,5496.863,1950.402,6497.388,5513.664,2045.3,6468.949,6036.613,2009.202,5941.979,5469.998,1974.1,6049.482,5689.929,2003.393,6555.945,5790.026,2021.167,6587.242,5425.754,2045.503,6260.728,6082.486,2000.925,6488.212,5771.788,1989.58,6481.312
5670.876,1960.249,5899.878,6036.523,1982.391,6134.735,5770.326,1951.742,5884.102,5429.168,1963.141,6327.099,5726.55,2049.588,5896.222,6046.138,1980.396,6224.175,5496.279,1950.402,6497.551,5513.086,2045.3,6469.133,6036.944,2009.202,5941.471,5469.483,1974.1,6049.162,5689.927,2003.393,6556.551,5789.683,2021.167,6587.741,5425.15,2045.503,6260.777,6082.999,2000.925,6488.535,5771.584,1989.58,6481.883
5670.889,1960.249,5899.01,6036.552,1982.391,6134.158,5770.47,1951.742,5883.246,5428.306,1963.141,6327.199,5726.652,2049.588,5895.359,6046.175,1980.396,6224.441,5495.451,1950.402,6497.811,5512.251,2045.3,6469.368,6037.417,2009.202,5940.743,5468.746,1974.1,6048.704,5689.947,2003.393,6557.419,5789.183,2021.167,6588.45,5424.284,2045.503,6260.83,6083.734,2000.925,6488.996,5771.294,1989.58,6482.7
5670.876,1960.249,5897.468,6036.571,1982.391,6133.118,5770.676,1951.742,5881.717,5426.79,1963.141,6327.48,5726.882,2049.588,5893.834,6046.229,1980.396,6224.922,5493.965,1950.402,6498.224,5510.781,2045.3,6469.835,6038.259,2009.202,5939.451,5467.436,1974.1,6047.889,5690.022,2003.393,6558.959,5788.283,2021.167,6589.702,5422.748,2045.503,6260.974,6085.041,2000.925,6489.816,5770.778,1989.58,6484.153
5670.893,1960.249,5896.788,6036.564,1982.391,6132.648,5770.744,1951.742,5881.041,5426.118,1963.141,6327.583,5727.037,2049.588,5893.173,6046.251,1980.396,6225.139,5493.317,1950.402,6498.428,5510.16,2045.3,6470.109,6038.63,2009.202,5938.881,5466.859,1974.1,6047.53,5690.071,2003.393,6559.637,5787.883,2021.167,6590.251,5422.072,2045.503,6261.042,6085.617,2000.925,6490.177,5770.551,1989.58,6484.793
5670.907,1960.249,5895.125,6036.51,1982.391,6131.487,5770.806,1951.742,5879.379,5424.467,1963.141,6327.778,5727.363,2049.588,5891.542,6046.299,1980.396,6225.674,5491.748,1950.402,6498.977,5508.618,2045.3,6470.731,6039.538,2009.202,5937.488,5465.447,1974.1,6046.652,5690.231,2003.393,6561.291,5786.899,2021.167,6591.59,5420.424,2045.503,6261.265,6087.025,2000.925,6491.061,5769.996,1989.58,6486.359
5670.854,1960.249,5893.478,6036.419,1982.391,6130.309,5770.739,1951.742,5877.732,5422.818,1963.141,6327.803,5727.649,2049.588,5889.918,6046.348,1980.396,6226.222,5490.21,1950.402,6499.573,5507.074,2045.3,6471.311,6040.438,2009.202,5936.106,5464.047,1974.1,6045.781,5690.426,2003.393,6562.928,5785.92,2021.167,6592.916,5418.843,2045.503,6261.733,6088.422,2000.925,6491.938,5769.446,1989.58,6487.913
5670.854,1960.249,5892.898,6036.376,1982.391,6129.885,5770.735,1951.742,5877.152,5422.239,1963.141,6327.831,5727.73,2049.588,5889.345,6046.369,1980.396,6226.419,5489.704,1950.402,6499.855,5506.539,2045.3,6471.533,6040.754,2009.202,5935.621,5463.555,1974.1,6045.475,5690.507,2003.393,6563.502,5785.577,2021.167,6593.382,5418.282,2045.503,6261.88,6088.913,2000.925,6492.246,5769.253,1989.58,6488.459
5670.907,1960.249,5891.308,6036.254,1982.391,6128.712,5770.768,1951.742,5875.562,5420.653,1963.141,6327.958,5727.903,2049.588,5887.763,6046.436,1980.396,6226.964,5488.291,1950.402,6500.585,5505.089,2045.3,6472.188,6041.622,2009.202,5934.288,5462.204,1974.1,6044.635,5690.762,2003.393,6565.072,5784.636,2021.167,6594.664,5416.73,2045.503,6262.231,6090.26,2000.925,6493.091,5768.724,1989.58,6489.959
5671.006,1960.249,5889.808,6036.137,1982.391,6127.578,5770.848,1951.742,5874.06,5419.159,1963.141,6328.128,5728.018,2049.588,5886.264,6046.489,1980.396,6227.496,5486.932,1950.402,6501.231,5503.74,2045.3,6472.853,6042.443,2009.202,5933.027,5460.927,1974.1,6043.84,5691.034,2003.393,6566.55,5783.751,2021.167,6595.879,5415.273,2045.503,6262.604,6091.534,2000.925,6493.891,5768.225,1989.58,6491.376
5671.05,1960.249,5889.541,6036.108,1982.391,6127.371,5770.846,1951.742,5873.79,5418.892,1963.141,6328.167,5728.029,2049.588,5885.994,6046.496,1980.396,6227.594,5486.687,1950.402,6501.345,5503.519,2045.3,6473.008,6042.59,2009.202,5932.801,5460.697,1974.1,6043.698,5691.075,2003.393,6566.817,5783.6,2021.167,6596.103,5415.01,2045.503,6262.662,6091.763,2000.925,6494.034,5768.135,1989.58,6491.631
5671.314,1960.249,5887.561,6035.848,1982.391,6125.841,5770.898,1951.742,5871.792,5416.91,1963.141,6328.42,5727.961,2049.588,5883.997,6046.521,1980.396,6228.324,5484.905,1950.402,6502.247,5501.848,2045.3,6474.102,6043.68,2009.202,5931.127,5459.001,1974.1,6042.643,5691.31,2003.393,6568.801,5782.53,2021.167,6597.791,5413.046,2045.503,6263.029,6093.455,2000.925,6495.096,5767.474,1989.58,6493.515
5671.493,1960.249,5886.165,6035.624,1982.391,6124.741,5770.725,1951.742,5870.396,5415.504,1963.141,6328.493,5727.959,2049.588,5882.589,6046.521,1980.396,6228.857,5483.668,1950.402,6502.919,5500.664,2045.3,6474.865,6044.448,2009.202,5929.947,5457.806,1974.1,6041.899,5691.43,2003.393,6570.204,5781.815,2021.167,6599.003,5411.655,2045.503,6263.244,6094.647,2000.925,6495.844,5767.049,1989.58,6494.857
5671.603,1960.249,5885.014,6035.406,1982.391,6123.829,5770.62,1951.742,5869.245,5414.353,1963.141,6328.591,5727.78,2049.588,5881.448,6046.507,1980.396,6229.305,5482.671,1950.402,6503.504,5499.678,2045.3,6475.467,6045.079,2009.202,5928.979,5456.825,1974.1,6041.289,5691.492,2003.393,6571.358,5781.261,2021.167,6600.017,5410.508,2045.503,6263.383,6095.626,2000.925,6496.458,5766.735,1989.58,6495.969
5671.721,1960.249,5883.102,6034.991,1982.391,6122.308,5770.508,1951.742,5867.332,5412.442,1963.141,6328.741,5727.546,2049.588,5879.546,6046.459,1980.396,6230.063,5480.904,1950.402,6504.245,5498.051,2045.3,6476.48,6046.125,2009.202,5927.373,5455.197,1974.1,6040.276,5691.533,2003.393,6573.274,5780.396,2021.167,6601.727,5408.599,2045.503,6263.551,6097.25,2000.925,6497.477,5766.27,1989.58,6497.828
5671.758,1960.249,5881.858,6034.683,1982.391,6121.309,5770.337,1951.742,5866.1,5411.201,1963.141,6328.831,5727.356,2049.588,5878.316,6046.41,1980.396,6230.572,5479.773,1950.402,6504.763,5496.975,2045.3,6477.103,6046.803,2009.202,5926.331,5454.141,1974.1,6039.619,5691.52,2003.393,6574.518,5779.87,2021.167,6602.854,5407.356,2045.503,6263.62,6098.304,2000.925,6498.138,5766.003,1989.58,6499.043
5671.753,1960.249,5880.538,6034.316,1982.391,6120.246,5770.199,1951.742,5864.787,5409.882,1963.141,6328.884,5727.197,2049.588,5877.005,6046.338,1980.396,6231.123,5478.591,1950.402,6505.352,5495.813,2045.3,6477.732,6047.524,2009.202,5925.224,5453.02,1974.1,6038.922,5691.464,2003.393,6575.837,5779.351,2021.167,6604.068,5406.036,2045.503,6263.629,6099.422,2000.925,6498.839,5765.758,1989.58,6500.34
5671.698,1960.249,5878.992,6033.841,1982.391,6119,5769.921,1951.742,5863.266,5408.356,1963.141,6329.137,5727.062,2049.588,5875.465,6046.231,1980.396,6231.781,5477.125,1950.402,6505.844,5494.559,2045.3,6478.636,6048.368,2009.202,5923.928,5451.707,1974.1,6038.105,5691.349,2003.393,6577.379,5778.789,2021.167,6605.509,5404.491,2045.503,6263.69,6100.732,2000.925,6499.661,5765.512,1989.58,6501.867
5671.59,1960.249,5877.423,6033.31,1982.391,6117.732,5769.689,1951.742,5861.71,5406.797,1963.141,6329.344,5726.873,2049.588,5873.903,6046.096,1980.396,6232.467,5475.652,1950.402,6506.394,5493.254,2045.3,6479.514,6049.226,2009.202,5922.61,5450.372,1974.1,6037.274,5691.181,2003.393,6578.943,5778.265,2021.167,6606.992,5402.919,2045.503,6263.748,6102.065,2000.925,6500.497,5765.302,1989.58,6503.425
5671.428,1960.249,5875.835,6032.72,1982.391,6116.446,5769.505,1951.742,5860.125,5405.228,1963.141,6329.633,5726.732,2049.588,5872.313,6045.932,1980.396,6233.179,5474.175,1950.402,6507,5491.901,2045.3,6480.36,6050.097,2009.202,5921.272,5449.016,1974.1,6036.431,5690.96,2003.393,6580.524,5777.781,2021.167,6608.513,5401.327,2045.503,6263.858,6103.417,2000.925,6501.345,5765.124,1989.58,6505.011
5671.212,1960.249,5874.23,6032.072,1982.391,6115.146,5769.371,1951.742,5858.511,5403.626,1963.141,6329.874,5726.66,2049.588,5870.695,6045.735,1980.396,6233.919,5472.698,1950.402,6507.664,5490.501,2045.3,6481.174,6050.98,2009.202,5919.916,5447.641,1974.1,6035.576,5690.685,2003.393,6582.12,5777.341,2021.167,6610.071,5399.716,2045.503,6264.022,6104.789,2000.925,6502.206,5764.972,1989.58,6506.623
5670.83,1960.249,5871.96,6031.08,1982.391,6113.309,5769.255,1951.742,5856.211,5401.34,1963.141,6330.142,5726.482,2049.588,5868.4,6045.412,1980.396,6234.995,5470.63,1950.402,6508.675,5488.474,2045.3,6482.265,6052.237,2009.202,5917.986,5445.687,1974.1,6034.36,5690.22,2003.393,6584.375,5776.786,2021.167,6612.305,5397.435,2045.503,6264.331,6106.739,2000.925,6503.429,5764.777,1989.58,6508.916
5670.587,1960.249,5870.874,6030.593,1982.391,6112.408,5769.226,1951.742,5855.098,5400.234,1963.141,6330.278,5726.359,2049.588,5867.293,6045.248,1980.396,6235.539,5469.646,1950.402,6509.197,5487.553,2045.3,6482.892,6052.845,2009.202,5917.053,5444.741,1974.1,6033.772,5689.96,2003.393,6585.458,5776.553,2021.167,6613.394,5396.327,2045.503,6264.443,6107.682,2000.925,6504.021,5764.692,1989.58,6510.026
5670.167,1960.249,5868.66,6029.602,1982.391,6110.572,5769.094,1951.742,5852.849,5397.991,1963.141,6330.481,5726.075,2049.588,5865.059,6044.909,1980.396,6236.664,5467.692,1950.402,6510.317,5485.751,2045.3,6484.243,6054.074,2009.202,5915.166,5442.828,1974.1,6032.582,5689.365,2003.393,6587.63,5776.151,2021.167,6615.611,5394.089,2045.503,6264.698,6109.59,2000.925,6505.218,5764.525,1989.58,6512.271
5669.917,1960.249,5867.545,6029.094,1982.391,6109.631,5768.989,1951.742,5851.711,5396.857,1963.141,6330.621,5725.968,2049.588,5863.921,6044.729,1980.396,6237.26,5466.72,1950.402,6510.917,5484.815,2045.3,6484.898,6054.698,2009.202,5914.208,5441.857,1974.1,6031.979,5689.028,2003.393,6588.722,5775.984,2021.167,6616.741,5392.975,2045.503,6264.951,6110.558,2000.925,6505.826,5764.439,1989.58,6513.411
5669.614,1960.249,5865.96,6028.372,1982.391,6108.294,5768.985,1951.742,5850.097,5395.247,1963.141,6330.729,5725.764,2049.588,5862.32,6044.47,1980.396,6238.121,5465.286,1950.402,6511.659,5483.463,2045.3,6485.78,6055.579,2009.202,5912.855,5440.487,1974.1,6031.126,5688.503,2003.393,6590.249,5775.799,2021.167,6618.345,5391.39,2045.503,6265.258,6111.925,2000.925,6506.684,5764.31,1989.58,6515.019
5669.343,1960.249,5864.234,6027.585,1982.391,6106.837,5768.928,1951.742,5848.351,5393.508,1963.141,6330.904,5725.508,2049.588,5860.592,6044.181,1980.396,6239.083,5463.703,1950.402,6512.398,5481.969,2045.3,6486.687,6056.532,2009.202,5911.392,5439.003,1974.1,6030.203,5687.881,2003.393,6591.881,5775.654,2021.167,6620.086,5389.665,2045.503,6265.533,6113.405,2000.925,6507.612,5764.157,1989.58,6516.759
5668.909,1960.249,5862.523,6026.785,1982.391,6105.356,5768.946,1951.742,5846.586,5391.749,1963.141,6331.042,5725.13,2049.588,5858.868,6043.878,1980.396,6240.087,5462.128,1950.402,6513.196,5480.482,2045.3,6487.637,6057.495,2009.202,5909.913,5437.505,1974.1,6029.271,5687.201,2003.393,6593.51,5775.564,2021.167,6621.849,5387.914,2045.503,6265.754,6114.9,2000.925,6508.55,5763.986,1989.58,6518.515
5668.528,1960.249,5860.782,6025.973,1982.391,6103.852,5768.906,1951.742,5844.804,5389.967,1963.141,6331.003,5724.805,2049.588,5857.115,6043.563,1980.396,6241.136,5460.543,1950.402,6514.009,5478.978,2045.3,6488.591,6058.467,2009.202,5908.419,5435.991,1974.1,6028.33,5686.461,2003.393,6595.131,5775.531,2021.167,6623.631,5386.139,2045.503,6265.92,6116.41,2000.925,6509.498,5763.772,1989.58,6520.284
5668.085,1960.249,5859.039,6025.148,1982.391,6102.325,5768.833,1951.742,5843.008,5388.168,1963.141,6331.024,5724.501,2049.588,5855.343,6043.233,1980.396,6242.23,5458.948,1950.402,6514.838,5477.455,2045.3,6489.547,6059.449,2009.202,5906.912,5434.464,1974.1,6027.379,5685.662,2003.393,6596.743,5775.555,2021.167,6625.429,5384.343,2045.503,6266.028,6117.934,2000.925,6510.454,5763.515,1989.58,6522.063
5667.735,1960.249,5857.445,6024.397,1982.391,6100.934,5768.736,1951.742,5841.379,5386.536,1963.141,6331.021,5724.244,2049.588,5853.732,6042.925,1980.396,6243.255,5457.504,1950.402,6515.596,5476.071,2045.3,6490.41,6060.339,2009.202,5905.544,5433.078,1974.1,6026.518,5684.891,2003.393,6598.181,5775.629,2021.167,6627.06,5382.713,2045.503,6266.104,6119.316,2000.925,6511.321,5763.248,1989.58,6523.673
5667.232,1960.249,5854.731,6023.122,1982.391,6098.573,5768.525,1951.742,5838.628,5383.788,1963.141,6330.76,5723.842,2049.588,5851.002,6042.388,1980.396,6245.039,5455.067,1950.402,6516.891,5473.723,2045.3,6491.859,6061.846,2009.202,5903.231,5430.734,1974.1,6025.06,5683.508,2003.393,6600.57,5775.843,2021.167,6629.812,5379.959,2045.503,6266.286,6121.655,2000.925,6512.788,5762.74,1989.58,6526.385
5666.859,1960.249,5852.277,6021.969,1982.391,6096.438,5768.294,1951.742,5836.158,5381.313,1963.141,6330.577,5723.512,2049.588,5848.544,6041.882,1980.396,6246.718,5452.882,1950.402,6518.064,5471.607,2045.3,6493.153,6063.2,2009.202,5901.151,5428.627,1974.1,6023.749,5682.197,2003.393,6602.677,5776.115,2021.167,6632.278,5377.479,2045.503,6266.368,6123.757,2000.925,6514.106,5762.237,1989.58,6528.815
5666.755,1960.249,5851.421,6021.567,1982.391,6095.693,5768.201,1951.742,5835.301,5380.457,1963.141,6330.475,5723.409,2049.588,5847.688,6041.7,1980.396,6247.325,5452.125,1950.402,6518.476,5470.87,2045.3,6493.6,6063.671,2009.202,5900.429,5427.895,1974.1,6023.293,5681.766,2003.393,6603.424,5776.184,2021.167,6633.138,5376.616,2045.503,6266.369,6124.487,2000.925,6514.565,5762.048,1989.58,6529.656
5666.385,1960.249,5849.937,6020.853,1982.391,6094.371,5768.013,1951.742,5833.784,5378.933,1963.141,6330.343,5723.248,2049.588,5846.167,6041.372,1980.396,6248.416,5450.784,1950.402,6519.211,5469.56,2045.3,6494.388,6064.505,2009.202,5899.147,5426.596,1974.1,6022.485,5681.043,2003.393,6604.772,5776.26,2021.167,6634.666,5375.087,2045.503,6266.319,6125.783,2000.925,6515.378,5761.688,1989.58,6531.142
5665.59,1960.249,5846.884,6019.377,1982.391,6091.638,5767.574,1951.742,5830.661,5375.782,1963.141,6330.174,5722.945,2049.588,5843.028,6040.679,1980.396,6250.716,5448.026,1950.402,6520.74,5466.851,2045.3,6496.001,6066.227,2009.202,5896.503,5423.917,1974.1,6020.819,5679.645,2003.393,6607.6,5776.326,2021.167,6637.819,5371.939,2045.503,6266.115,6128.455,2000.925,6517.055,5760.903,1989.58,6534.196
5665.304,1960.249,5845.619,6018.769,1982.391,6090.511,5767.372,1951.742,5829.38,5374.49,1963.141,6330.062,5722.832,2049.588,5841.736,6040.382,1980.396,6251.704,5446.895,1950.402,6521.373,5465.734,2045.3,6496.661,6066.935,2009.202,5895.416,5422.815,1974.1,6020.134,5679.107,2003.393,6608.78,5776.314,2021.167,6639.117,5370.642,2045.503,6266.073,6129.554,2000.925,6517.744,5760.564,1989.58,6535.448
5665.21,1960.249,5845.135,6018.537,1982.391,6090.082,5767.288,1951.742,5828.895,5373.998,1963.141,6330.036,5722.794,2049.588,5841.245,6040.267,1980.396,6252.085,5446.466,1950.402,6521.616,5465.309,2045.3,6496.909,6067.204,2009.202,5895.003,5422.396,1974.1,6019.874,5678.917,2003.393,6609.235,5776.296,2021.167,6639.609,5370.15,2045.503,6266.042,6129.972,2000.925,6518.006,5760.43,1989.58,6535.922
5664.62,1960.249,5842.498,6017.267,1982.391,6087.729,5766.787,1951.742,5826.24,5371.305,1963.141,6329.811,5722.614,2049.588,5838.55,6039.634,1980.396,6254.188,5444.121,1950.402,6522.955,5462.972,2045.3,6498.264,6068.679,2009.202,5892.738,5420.102,1974.1,6018.446,5677.959,2003.393,6611.762,5776.117,2021.167,6642.306,5367.449,2045.503,6265.955,6132.261,2000.925,6519.442,5759.669,1989.58,6538.514
5664.256,1960.249,5840.583,6016.349,1982.391,6086.029,5766.397,1951.742,5824.332,5369.363,1963.141,6329.637,5722.502,2049.588,5836.605,6039.163,1980.396,6255.752,5442.433,1950.402,6523.928,5461.283,2045.3,6499.233,6069.742,2009.202,5891.105,5418.447,1974.1,6017.417,5677.328,2003.393,6613.606,5775.932,2021.167,6644.246,5365.502,2045.503,6266.033,6133.912,2000.925,6520.478,5759.104,1989.58,6540.378
5663.825,1960.249,5838.667,6015.423,1982.391,6084.314,5766.068,1951.742,5822.396,5367.404,1963.141,6329.525,5722.326,2049.588,5834.65,6038.679,1980.396,6257.359,5440.738,1950.402,6524.915,5459.577,2045.3,6500.203,6070.813,2009.202,5889.46,5416.78,1974.1,6016.38,5676.751,2003.393,6615.482,5775.691,2021.167,6646.193,5363.539,2045.503,6266.047,6135.574,2000.925,6521.521,5758.521,1989.58,6542.251
5663.454,1960.249,5836.727,6014.49,1982.391,6082.587,5765.801,1951.742,5820.439,5365.431,1963.141,6329.426,5722.083,2049.588,5832.69,6038.184,1980.396,6259.006,5439.036,1950.402,6525.915,5457.857,2045.3,6501.172,6071.891,2009.202,5887.805,5415.103,1974.1,6015.337,5676.233,2003.393,6617.389,5775.396,2021.167,6648.146,5361.577,2045.503,6266.279,6137.248,2000.925,6522.57,5757.923,1989.58,6544.133
5663.239,1960.249,5835.359,6013.836,1982.391,6081.375,5765.7,1951.742,5819.058,5364.046,1963.141,6329.401,5721.869,2049.588,5831.322,6037.83,1980.396,6260.18,5437.845,1950.402,6526.621,5456.648,2045.3,6501.846,6072.647,2009.202,5886.644,5413.927,1974.1,6014.605,5675.912,2003.393,6618.736,5775.151,2021.167,6649.509,5360.197,2045.503,6266.398,6138.421,2000.925,6523.306,5757.497,1989.58,6545.45
5662.576,1960.249,5831.826,6012.136,1982.391,6078.228,5765.322,1951.742,5815.483,5360.452,1963.141,6329.456,5721.428,2049.588,5827.754,6036.903,1980.396,6263.261,5434.762,1950.402,6528.466,5453.503,2045.3,6503.582,6074.608,2009.202,5883.632,5410.875,1974.1,6012.707,5675.193,2003.393,6622.257,5774.425,2021.167,6653.028,5356.609,2045.503,6266.607,6141.466,2000.925,6525.216,5756.376,1989.58,6548.863
5662.495,1960.249,5831.331,6011.898,1982.391,6077.788,5765.297,1951.742,5814.982,5359.95,1963.141,6329.454,5721.383,2049.588,5827.254,6036.77,1980.396,6263.702,5434.333,1950.402,6528.725,5453.063,2045.3,6503.822,6074.882,2009.202,5883.211,5410.449,1974.1,6012.442,5675.108,2003.393,6622.752,5774.312,2021.167,6653.517,5356.107,2045.503,6266.62,6141.891,2000.925,6525.483,5756.218,1989.58,6549.339
5662.115,1960.249,5828.417,6010.507,1982.391,6075.211,5765.091,1951.742,5812.05,5357.012,1963.141,6329.542,5721.234,2049.588,5824.319,6035.991,1980.396,6266.29,5431.824,1950.402,6530.253,5450.479,2045.3,6505.219,6076.486,2009.202,5880.748,5407.953,1974.1,6010.89,5674.705,2003.393,6625.663,5773.576,2021.167,6656.362,5353.211,2045.503,6267.119,6144.381,2000.925,6527.045,5755.285,1989.58,6552.124
5661.918,1960.249,5826.403,6009.548,1982.391,6073.436,5764.883,1951.742,5810.038,5354.993,1963.141,6329.669,5721.065,2049.588,5822.303,6035.446,1980.396,6268.1,5430.102,1950.402,6531.313,5448.695,2045.3,6506.173,6077.59,2009.202,5879.053,5406.235,1974.1,6009.821,5674.492,2003.393,6627.675,5773.025,2021.167,6658.308,5351.207,2045.503,6267.397,6146.095,2000.925,6528.12,5754.639,1989.58,6554.04
5661.812,1960.249,5824.772,6008.774,1982.391,6072.001,5764.658,1951.742,5808.419,5353.366,1963.141,6329.825,5721.087,2049.588,5820.669,6035.001,1980.396,6269.575,5428.713,1950.402,6532.173,5447.251,2045.3,6506.937,6078.481,2009.202,5877.683,5404.848,1974.1,6008.958,5674.371,2003.393,6629.305,5772.547,2021.167,6659.87,5349.582,2045.503,6267.569,6147.479,2000.925,6528.989,5754.114,1989.58,6555.587
5661.485,1960.249,5822.749,6007.802,1982.391,6070.202,5764.442,1951.742,5806.381,5351.318,1963.141,6329.901,5721.047,2049.588,5818.62,6034.44,1980.396,6271.438,5426.977,1950.402,6533.26,5445.436,2045.3,6507.886,6079.6,2009.202,5875.965,5403.107,1974.1,6007.875,5674.283,2003.393,6631.353,5771.908,2021.167,6661.816,5347.538,2045.503,6267.718,6149.215,2000.925,6530.078,5753.455,1989.58,6557.526
5661.223,1960.249,5820.711,6006.828,1982.391,6068.397,5764.083,1951.742,5804.359,5349.269,1963.141,6329.754,5720.94,2049.588,5816.568,6033.875,1980.396,6273.319,5425.241,1950.402,6534.356,5443.612,2045.3,6508.829,6080.721,2009.202,5874.244,5401.363,1974.1,6006.791,5674.26,2003.393,6633.406,5771.234,2021.167,6663.756,5345.485,2045.503,6267.8,6150.955,2000.925,6531.17,5752.792,1989.58,6559.47
5660.767,1960.249,5818.693,6005.847,1982.391,6066.58,5763.789,1951.742,5802.311,5347.202,1963.141,6329.674,5720.786,2049.588,5814.505,6033.301,1980.396,6275.226,5423.497,1950.402,6535.467,5441.771,2045.3,6509.769,6081.85,2009.202,5872.51,5399.606,1974.1,6005.698,5674.302,2003.393,6635.475,5770.525,2021.167,6665.699,5343.417,2045.503,6267.815,6152.708,2000.925,6532.27,5752.125,1989.58,6561.427
5660.375,1960.249,5816.654,6004.861,1982.391,6064.755,5763.681,1951.742,5800.237,5345.147,1963.141,6329.373,5720.563,2049.588,5812.441,6032.722,1980.396,6277.15,5421.751,1950.402,6536.589,5439.918,2045.3,6510.704,6082.983,2009.202,5870.77,5397.843,1974.1,6004.601,5674.407,2003.393,6637.548,5769.79,2021.167,6667.64,5341.348,2045.503,6267.992,6154.466,2000.925,6533.373,5751.456,1989.58,6563.391
5660.037,1960.249,5814.599,6003.873,1982.391,6062.924,5763.504,1951.742,5798.162,5343.077,1963.141,6329.139,5720.339,2049.588,5810.37,6032.138,1980.396,6279.089,5419.963,1950.402,6537.658,5438.09,2045.3,6511.703,6084.12,2009.202,5869.024,5396.074,1974.1,6003.501,5674.445,2003.393,6639.631,5769.034,2021.167,6669.58,5339.268,2045.503,6268.102,6156.231,2000.925,6534.48,5750.846,1989.58,6565.383
5659.68,1960.249,5812.527,6002.875,1982.391,6061.076,5763.32,1951.742,5796.068,5340.982,1963.141,6328.972,5720.046,2049.588,5808.289,6031.546,1980.396,6281.054,5418.149,1950.402,6538.72,5436.15,2045.3,6512.511,6085.267,2009.202,5867.263,5394.29,1974.1,6002.391,5674.415,2003.393,6641.732,5768.246,2021.167,6671.527,5337.167,2045.503,6268.144,6158.011,2000.925,6535.597,5750.292,1989.58,6567.41
5659.206,1960.249,5809.105,6001.235,1982.391,6058.038,5763.037,1951.742,5792.625,5337.547,1963.141,6328.606,5719.649,2049.588,5804.856,6030.57,1980.396,6284.296,5415.15,1950.402,6540.435,5432.941,2045.3,6513.791,6087.152,2009.202,5864.368,5391.355,1974.1,6000.566,5674.251,2003.393,6645.184,5766.905,2021.167,6674.709,5333.712,2045.503,6268.099,6160.938,2000.925,6537.433,5749.481,1989.58,6570.768
5659.15,1960.249,5808.581,6000.984,1982.391,6057.574,5762.976,1951.742,5792.101,5337.021,1963.141,6328.567,5719.606,2049.588,5804.331,6030.42,1980.396,6284.793,5414.701,1950.402,6540.711,5432.458,2045.3,6514.002,6087.439,2009.202,5863.926,5390.908,1974.1,6000.288,5674.209,2003.393,6645.709,5766.716,2021.167,6675.202,5333.185,2045.503,6268.075,6161.385,2000.925,6537.713,5749.372,1989.58,6571.284
5658.421,1960.249,5804.724,5999.121,1982.391,6054.123,5762.58,1951.742,5788.196,5333.17,1963.141,6327.81,5719.156,2049.588,5800.432,6029.306,1980.396,6288.496,5411.294,1950.402,6542.661,5428.915,2045.3,6515.692,6089.581,2009.202,5860.637,5387.575,1974.1,5998.215,5673.772,2003.393,6649.61,5765.427,2021.167,6678.909,5329.266,2045.503,6268.283,6164.709,2000.925,6539.799,5748.671,1989.58,6575.146
5658.157,1960.249,5803.151,5998.363,1982.391,6052.719,5762.367,1951.742,5786.615,5331.595,1963.141,6327.553,5718.944,2049.588,5798.851,6028.851,1980.396,6290.007,5409.884,1950.402,6543.407,5427.449,2045.3,6516.321,6090.452,2009.202,5859.3,5386.22,1974.1,5997.372,5673.544,2003.393,6651.189,5764.952,2021.167,6680.432,5327.67,2045.503,6268.315,6166.061,2000.925,6540.647,5748.427,1989.58,6576.722
5657.938,1960.249,5801.675,5997.654,1982.391,6051.406,5762.119,1951.742,5785.143,5330.115,1963.141,6327.361,5718.719,2049.588,5797.376,6028.424,1980.396,6291.423,5408.542,1950.402,6544.063,5426.097,2045.3,6516.954,6091.266,2009.202,5858.049,5384.952,1974.1,5996.583,5673.283,2003.393,6652.659,5764.554,2021.167,6681.871,5326.178,2045.503,6268.296,6167.326,2000.925,6541.441,5748.234,1989.58,6578.202
5657.716,1960.249,5799.976,5996.84,1982.391,6049.899,5761.762,1951.742,5783.467,5328.409,1963.141,6327.196,5718.429,2049.588,5795.688,6027.935,1980.396,6293.05,5406.979,1950.402,6544.764,5424.468,2045.3,6517.487,6092.201,2009.202,5856.613,5383.497,1974.1,5995.678,5672.929,2003.393,6654.335,5764.15,2021.167,6683.536,5324.466,2045.503,6268.373,6168.777,2000.925,6542.352,5748.047,1989.58,6579.905
5657.475,1960.249,5797.847,5995.822,1982.391,6048.014,5761.107,1951.742,5781.426,5326.27,1963.141,6327.061,5718.025,2049.588,5793.583,6027.321,1980.396,6295.087,5405.001,1950.402,6545.591,5422.454,2045.3,6518.22,6093.371,2009.202,5854.816,5381.677,1974.1,5994.546,5672.419,2003.393,6656.417,5763.712,2021.167,6685.634,5322.323,2045.503,6268.397,6170.593,2000.925,6543.491,5747.845,1989.58,6582.038
5657.175,1960.249,5794.856,5994.393,1982.391,6045.368,5760.282,1951.742,5778.534,5323.284,1963.141,6326.706,5717.398,2049.588,5790.643,6026.46,1980.396,6297.949,5402.31,1950.402,6546.932,5419.538,2045.3,6518.955,6095.012,2009.202,5852.296,5379.124,1974.1,5992.958,5671.61,2003.393,6659.314,5763.192,2021.167,6688.596,5319.315,2045.503,6268.378,6173.141,2000.925,6545.089,5747.59,1989.58,6585.033
5657.08,1960.249,5794.144,5994.052,1982.391,6044.736,5760.108,1951.742,5777.837,5322.571,1963.141,6326.615,5717.146,2049.588,5789.971,6026.254,1980.396,6298.633,5401.657,1950.402,6547.23,5418.847,2045.3,6519.153,6095.403,2009.202,5851.694,5378.514,1974.1,5992.579,5671.395,2003.393,6659.999,5763.091,2021.167,6689.307,5318.597,2045.503,6268.381,6173.749,2000.925,6545.471,5747.532,1989.58,6585.748
5656.628,1960.249,5791.434,5992.747,1982.391,6042.319,5759.354,1951.742,5775.195,5319.836,1963.141,6326.357,5716.267,2049.588,5787.368,6025.466,1980.396,6301.251,5399.123,1950.402,6548.292,5416.232,2045.3,6519.997,6096.902,2009.202,5849.392,5376.181,1974.1,5991.127,5670.487,2003.393,6662.592,5762.792,2021.167,6692.038,5315.85,2045.503,6268.336,6176.076,2000.925,6546.931,5747.309,1989.58,6588.485
5656.201,1960.249,5789.307,5991.716,1982.391,6040.41,5758.663,1951.742,5773.139,5317.67,1963.141,6326.224,5715.596,2049.588,5785.305,6024.843,1980.396,6303.321,5397.095,1950.402,6549.064,5414.191,2045.3,6520.73,6098.086,2009.202,5847.574,5374.338,1974.1,5989.981,5669.705,2003.393,6664.616,5762.625,2021.167,6694.201,5313.683,2045.503,6268.23,6177.914,2000.925,6548.084,5747.125,1989.58,6590.646
5655.703,1960.249,5787.186,5990.681,1982.391,6038.493,5757.908,1951.742,5771.095,5315.526,1963.141,6325.833,5714.77,2049.588,5783.288,6024.217,1980.396,6305.401,5395.11,1950.402,6549.964,5412.165,2045.3,6521.534,6099.275,2009.202,5845.748,5372.488,1974.1,5988.831,5668.854,2003.393,6666.622,5762.526,2021.167,6696.378,5311.508,2045.503,6268.099,6179.76,2000.925,6549.242,5746.925,1989.58,6592.814
5654.986,1960.249,5784.528,5989.373,1982.391,6036.07,5756.792,1951.742,5768.578,5312.803,1963.141,6325.43,5713.81,2049.588,5780.708,6023.425,1980.396,6308.03,5392.689,1950.402,6551.274,5409.641,2045.3,6522.632,6100.778,2009.202,5843.441,5370.15,1974.1,5987.376,5667.698,2003.393,6669.121,5762.491,2021.167,6699.131,5308.767,2045.503,6267.842,6182.092,2000.925,6550.705,5746.609,1989.58,6595.548
5654.79,1960.249,5783.804,5989.016,1982.391,6035.411,5756.511,1951.742,5767.883,5312.058,1963.141,6325.344,5713.49,2049.588,5780.03,6023.209,1980.396,6308.746,5392.019,1950.402,6551.609,5408.963,2045.3,6522.953,6101.187,2009.202,5842.813,5369.513,1974.1,5986.98,5667.405,2003.393,6669.811,5762.46,2021.167,6699.88,5308.022,2045.503,6267.748,6182.727,2000.925,6551.104,5746.507,1989.58,6596.291
5653.803,1960.249,5780.458,5987.359,1982.391,6032.341,5755.128,1951.742,5764.68,5308.607,1963.141,6324.833,5712.105,2049.588,5776.828,6022.206,1980.396,6312.08,5389.064,1950.402,6553.464,5405.862,2045.3,6524.551,6103.091,2009.202,5839.889,5366.551,1974.1,5985.138,5666.147,2003.393,6673.065,5762.213,2021.167,6703.359,5304.549,2045.503,6267.423,6185.682,2000.925,6552.958,5745.956,1989.58,6599.735
5653.375,1960.249,5778.75,5986.522,1982.391,6030.792,5754.483,1951.742,5763.042,5306.858,1963.141,6324.631,5711.46,2049.588,5775.189,6021.699,1980.396,6313.764,5387.602,1950.402,6554.445,5404.285,2045.3,6525.334,6104.052,2009.202,5838.414,5365.056,1974.1,5984.208,5665.566,2003.393,6674.727,5762.039,2021.167,6705.111,5302.792,2045.503,6267.296,6187.174,2000.925,6553.893,5745.644,1989.58,6601.467
5652.853,1960.249,5776.61,5985.476,1982.391,6028.854,5753.744,1951.742,5760.966,5304.663,1963.141,6324.451,5710.586,2049.588,5773.167,6021.065,1980.396,6315.871,5385.733,1950.402,6555.611,5402.345,2045.3,6526.377,6105.254,2009.202,5836.567,5363.185,1974.1,5983.044,5664.906,2003.393,6676.829,5761.759,2021.167,6707.296,5300.602,2045.503,6267.065,6189.04,2000.925,6555.064,5745.212,1989.58,6603.626
5652.323,1960.249,5774.466,5984.426,1982.391,6026.911,5753.071,1951.742,5758.863,5302.458,1963.141,6324.572,5709.776,2049.588,5771.112,6020.429,1980.396,6317.983,5383.923,1950.402,6556.877,5400.435,2045.3,6527.487,6106.459,2009.202,5834.717,5361.31,1974.1,5981.877,5664.312,2003.393,6678.956,5761.419,2021.167,6709.478,5298.459,2045.503,6266.531,6190.911,2000.925,6556.238,5744.742,1989.58,6605.783
5651.565,1960.249,5771.777,5983.099,1982.391,6024.453,5751.94,1951.742,5756.309,5299.665,1963.141,6324.633,5708.647,2049.588,5768.557,6019.625,1980.396,6320.655,5381.693,1950.402,6558.559,5398.067,2045.3,6528.968,6107.983,2009.202,5832.376,5358.938,1974.1,5980.402,5663.648,2003.393,6681.669,5760.915,2021.167,6712.225,5295.728,2045.503,6265.945,6193.277,2000.925,6557.723,5744.105,1989.58,6608.502
5651.332,1960.249,5771.041,5982.732,1982.391,6023.773,5751.65,1951.742,5755.592,5298.892,1963.141,6324.625,5708.271,2049.588,5767.882,6019.402,1980.396,6321.395,5381.061,1950.402,6559.004,5397.399,2045.3,6529.357,6108.405,2009.202,5831.729,5358.282,1974.1,5979.994,5663.488,2003.393,6682.425,5760.755,2021.167,6712.981,5294.967,2045.503,6265.808,6193.931,2000.925,6558.133,5743.919,1989.58,6609.251
5650.106,1960.249,5767.394,5980.904,1982.391,6020.388,5750.092,1951.742,5752.075,5295.049,1963.141,6324.457,5706.406,2049.588,5764.518,6018.294,1980.396,6325.076,5378.078,1950.402,6561.433,5394.044,2045.3,6531.238,6110.504,2009.202,5828.505,5355.016,1974.1,5977.962,5662.815,2003.393,6686.213,5759.868,2021.167,6716.723,5291.161,2045.503,6265.248,6197.19,2000.925,6560.178,5742.942,1989.58,6612.971
5649.908,1960.249,5766.863,5980.635,1982.391,6019.89,5749.781,1951.742,5751.603,5294.483,1963.141,6324.436,5706.148,2049.588,5764.014,6018.131,1980.396,6325.618,5377.639,1950.402,6561.79,5393.559,2045.3,6531.531,6110.813,2009.202,5828.03,5354.535,1974.1,5977.663,5662.733,2003.393,6686.773,5759.724,2021.167,6717.271,5290.599,2045.503,6265.184,6197.669,2000.925,6560.479,5742.792,1989.58,6613.517
5648.775,1960.249,5764.103,5979.218,1982.391,6017.265,5748.221,1951.742,5749.059,5291.507,1963.141,6324.226,5704.875,2049.588,5761.315,6017.271,1980.396,6328.473,5375.263,1950.402,6563.594,5391.058,2045.3,6533.157,6112.441,2009.202,5825.53,5352.001,1974.1,5976.087,5662.399,2003.393,6689.738,5758.901,2021.167,6720.138,5287.625,2045.503,6264.943,6200.197,2000.925,6562.064,5741.975,1989.58,6616.385
5647.929,1960.249,5762.221,5978.238,1982.391,6015.449,5747.201,1951.742,5747.266,5289.455,1963.141,6324.014,5704.218,2049.588,5759.359,6016.677,1980.396,6330.448,5373.726,1950.402,6564.97,5389.366,2045.3,6534.337,6113.567,2009.202,5823.801,5350.249,1974.1,5974.997,5662.233,2003.393,6691.794,5758.29,2021.167,6722.107,5285.608,2045.503,6264.508,6201.944,2000.925,6563.161,5741.394,1989.58,6618.363
5647,1960.249,5760.688,5977.386,1982.391,6013.872,5746.366,1951.742,5745.68,5287.667,1963.141,6323.873,5703.592,2049.588,5757.679,6016.161,1980.396,6332.164,5372.353,1950.402,6566.124,5387.93,2045.3,6535.411,6114.545,2009.202,5822.298,5348.727,1974.1,5974.05,5662.145,2003.393,6693.585,5757.727,2021.167,6723.809,5283.844,2045.503,6264.187,6203.463,2000.925,6564.114,5740.875,1989.58,6620.079
5645.584,1960.249,5758.172,5976.015,1982.391,6011.332,5745.106,1951.742,5743.083,5284.784,1963.141,6323.74,5702.497,2049.588,5755.009,6015.329,1980.396,6334.927,5370.084,1950.402,6567.907,5385.675,2045.3,6537.213,6116.121,2009.202,5819.88,5346.276,1974.1,5972.526,5662.094,2003.393,6696.471,5756.773,2021.167,6726.532,5280.989,2045.503,6263.764,6205.908,2000.925,6565.648,5740.025,1989.58,6622.836
5645.294,1960.249,5757.614,5975.716,1982.391,6010.779,5744.743,1951.742,5742.569,5284.157,1963.141,6323.691,5702.239,2049.588,5754.435,6015.148,1980.396,6335.529,5369.544,1950.402,6568.23,5385.251,2045.3,6537.677,6116.464,2009.202,5819.353,5345.742,1974.1,5972.194,5662.102,2003.393,6697.1,5756.557,2021.167,6727.123,5280.364,2045.503,6263.692,6206.44,2000.925,6565.982,5739.836,1989.58,6623.436
5644.113,1960.249,5755.513,5974.571,1982.391,6008.658,5743.417,1951.742,5740.557,5281.754,1963.141,6323.494,5701.18,2049.588,5752.27,6014.453,1980.396,6337.837,5367.518,1950.402,6569.536,5383.566,2045.3,6539.401,6117.779,2009.202,5817.333,5343.695,1974.1,5970.921,5662.055,2003.393,6699.509,5755.701,2021.167,6729.375,5277.962,2045.503,6263.495,6208.482,2000.925,6567.263,5739.185,1989.58,6625.756
5642.684,1960.249,5752.787,5973.108,1982.391,6005.949,5741.789,1951.742,5737.944,5278.68,1963.141,6323.342,5699.738,2049.588,5749.55,6013.566,1980.396,6340.784,5364.986,1950.402,6571.286,5381.344,2045.3,6541.532,6119.459,2009.202,5814.753,5341.081,1974.1,5969.295,5661.896,2003.393,6702.583,5754.7,2021.167,6732.286,5274.904,2045.503,6263.144,6211.089,2000.925,6568.899,5738.442,1989.58,6628.743
5642.219,1960.249,5751.745,5972.566,1982.391,6004.945,5741.217,1951.742,5736.957,5277.539,1963.141,6323.379,5699.17,2049.588,5748.56,6013.237,1980.396,6341.877,5364.069,1950.402,6571.966,5380.495,2045.3,6542.294,6120.082,2009.202,5813.797,5340.112,1974.1,5968.692,5661.801,2003.393,6703.721,5754.364,2021.167,6733.376,5273.77,2045.503,6263.018,6212.056,2000.925,6569.506,5738.199,1989.58,6629.857
5641.356,1960.249,5749.959,5971.624,1982.391,6003.2,5740.129,1951.742,5735.298,5275.556,1963.141,6323.378,5698.15,2049.588,5746.859,6012.666,1980.396,6343.775,5362.516,1950.402,6573.198,5379.123,2045.3,6543.725,6121.164,2009.202,5812.135,5338.428,1974.1,5967.645,5661.572,2003.393,6705.69,5753.842,2021.167,6735.289,5271.792,2045.503,6262.863,6213.736,2000.925,6570.56,5737.832,1989.58,6631.806
5640.391,1960.249,5747.855,5970.524,1982.391,6001.164,5738.818,1951.742,5733.391,5273.243,1963.141,6323.301,5696.857,2049.588,5744.939,6011.999,1980.396,6345.992,5360.75,1950.402,6574.694,5377.468,2045.3,6545.343,6122.427,2009.202,5810.196,5336.463,1974.1,5966.422,5661.23,2003.393,6707.979,5753.304,2021.167,6737.54,5269.489,2045.503,6262.635,6215.696,2000.925,6571.79,5737.462,1989.58,6634.09
5639.862,1960.249,5746.795,5969.961,1982.391,6000.121,5738.178,1951.742,5732.393,5272.06,1963.141,6323.223,5696.228,2049.588,5743.935,6011.657,1980.396,6347.126,5359.828,1950.402,6575.439,5376.661,2045.3,6546.211,6123.074,2009.202,5809.203,5335.457,1974.1,5965.796,5661.018,2003.393,6709.146,5753.065,2021.167,6738.701,5268.322,2045.503,6262.427,6216.7,2000.925,6572.419,5737.301,1989.58,6635.264
5638.922,1960.249,5745.054,5969.021,1982.391,5998.379,5737.166,1951.742,5730.693,5270.084,1963.141,6323.108,5694.974,2049.588,5742.404,6011.086,1980.396,6349.021,5358.33,1950.402,6576.733,5375.267,2045.3,6547.616,6124.154,2009.202,5807.544,5333.776,1974.1,5964.751,5660.601,2003.393,6711.08,5752.73,2021.167,6740.651,5266.363,2045.503,6262.145,6218.376,2000.925,6573.471,5737.071,1989.58,6637.229
5637.919,1960.249,5743.334,5968.075,1982.391,5996.628,5736.203,1951.742,5728.951,5268.102,1963.141,6322.927,5693.763,2049.588,5740.824,6010.513,1980.396,6350.927,5356.867,1950.402,6578.083,5373.819,2045.3,6548.982,6125.24,2009.202,5805.876,5332.085,1974.1,5963.7,5660.119,2003.393,6713.011,5752.457,2021.167,6742.623,5264.385,2045.503,6261.925,6220.063,2000.925,6574.529,5736.871,1989.58,6639.208
5636.857,1960.249,5741.641,5967.125,1982.391,5994.869,5735.294,1951.742,5727.17,5266.114,1963.141,6322.722,5692.601,2049.588,5739.199,6009.937,1980.396,6352.841,5355.443,1950.402,6579.485,5372.321,2045.3,6550.306,6126.331,2009.202,5804.202,5330.388,1974.1,5962.644,5659.573,2003.393,6714.934,5752.246,2021.167,6744.61,5262.392,2045.503,6261.77,6221.755,2000.925,6575.591,5736.688,1989.58,6641.198
5635.72,1960.249,5739.954,5966.158,1982.391,5993.079,5734.429,1951.742,5725.329,5264.083,1963.141,6322.58,5691.472,2049.588,5737.505,6009.35,1980.396,6354.79,5354.034,1950.402,6580.953,5370.841,2045.3,6551.702,6127.441,2009.202,5802.496,5328.66,1974.1,5961.569,5658.955,2003.393,6716.872,5752.096,2021.167,6746.64,5260.357,2045.503,6261.813,6223.479,2000.925,6576.673,5736.511,1989.58,6643.224
5634.222,1960.249,5737.565,5964.818,1982.391,5990.598,5733.146,1951.742,5722.817,5261.296,1963.141,6322.156,5689.985,2049.588,5735.11,6008.538,1980.396,6357.489,5352.016,1950.402,6582.922,5368.855,2045.3,6553.703,6128.979,2009.202,5800.133,5326.266,1974.1,5960.08,5658.011,2003.393,6719.529,5751.979,2021.167,6749.457,5257.538,2045.503,6261.828,6225.868,2000.925,6578.171,5736.267,1989.58,6646.032
5633.611,1960.249,5736.516,5964.241,1982.391,5989.529,5732.559,1951.742,5721.755,5260.09,1963.141,6322.013,5689.256,2049.588,5734.138,6008.188,1980.396,6358.652,5351.077,1950.402,6583.691,5367.972,2045.3,6554.537,6129.642,2009.202,5799.116,5325.235,1974.1,5959.439,5657.642,2003.393,6720.686,5751.895,2021.167,6750.667,5256.324,2045.503,6261.795,6226.896,2000.925,6578.817,5736.134,1989.58,6647.238
5632.255,1960.249,5733.981,5962.875,1982.391,5987,5731.359,1951.742,5719.143,5257.226,1963.141,6321.768,5687.436,2049.588,5731.914,6007.359,1980.396,6361.404,5348.914,1950.402,6585.584,5365.833,2045.3,6556.458,6131.21,2009.202,5796.707,5322.794,1974.1,5957.921,5656.857,2003.393,6723.451,5751.616,2021.167,6753.528,5253.455,2045.503,6261.622,6229.331,2000.925,6580.345,5735.753,1989.58,6650.086
5630.881,1960.249,5731.601,5961.57,1982.391,5984.582,5730.174,1951.742,5716.665,5254.481,1963.141,6321.624,5685.734,2049.588,5729.757,6006.567,1980.396,6364.036,5346.756,1950.402,6587.287,5364.045,2045.3,6558.545,6132.71,2009.202,5794.404,5320.46,1974.1,5956.469,5656.192,2003.393,6726.117,5751.277,2021.167,6756.255,5250.718,2045.503,6261.366,6231.659,2000.925,6581.806,5735.331,1989.58,6652.801
5630.495,1960.249,5730.731,5961.117,1982.391,5983.744,5729.75,1951.742,5715.813,5253.533,1963.141,6321.542,5685.157,2049.588,5729,6006.292,1980.396,6364.948,5346.028,1950.402,6587.901,5363.402,2045.3,6559.247,6133.23,2009.202,5793.606,5319.651,1974.1,5955.966,5655.991,2003.393,6727.048,5751.135,2021.167,6757.196,5249.768,2045.503,6261.309,6232.466,2000.925,6582.312,5735.166,1989.58,6653.739
5629.795,1960.249,5729.195,5960.315,1982.391,5982.259,5728.979,1951.742,5714.312,5251.861,1963.141,6321.313,5684.16,2049.588,5727.64,6005.806,1980.396,6366.563,5344.774,1950.402,6589.031,5362.222,2045.3,6560.454,6134.151,2009.202,5792.192,5318.218,1974.1,5955.075,5655.688,2003.393,6728.708,5750.841,2021.167,6758.857,5248.083,2045.503,6261.203,6233.895,2000.925,6583.208,5734.842,1989.58,6655.394
5628.823,1960.249,5727.071,5959.206,1982.391,5980.203,5727.885,1951.742,5712.249,5249.553,1963.141,6320.949,5682.814,2049.588,5725.731,6005.133,1980.396,6368.8,5343.091,1950.402,6590.65,5360.535,2045.3,6562.07,6135.426,2009.202,5790.234,5316.235,1974.1,5953.841,5655.343,2003.393,6731.018,5750.379,2021.167,6761.146,5245.758,2045.503,6260.979,6235.874,2000.925,6584.45,5734.354,1989.58,6657.678
5628.013,1960.249,5725.445,5958.342,1982.391,5978.604,5727.016,1951.742,5710.655,5247.75,1963.141,6320.726,5681.794,2049.588,5724.229,6004.609,1980.396,6370.54,5341.78,1950.402,6591.908,5359.265,2045.3,6563.369,6136.417,2009.202,5788.712,5314.692,1974.1,5952.882,5655.132,2003.393,6732.822,5749.979,2021.167,6762.918,5243.944,2045.503,6260.896,6237.412,2000.925,6585.416,5733.946,1989.58,6659.447
5627.015,1960.249,5723.597,5957.344,1982.391,5976.756,5725.986,1951.742,5708.825,5245.658,1963.141,6320.535,5680.645,2049.588,5722.472,6004.004,1980.396,6372.551,5340.313,1950.402,6593.412,5357.748,2045.3,6564.822,6137.563,2009.202,5786.952,5312.909,1974.1,5951.772,5654.955,2003.393,6734.916,5749.473,2021.167,6764.957,5241.85,2045.503,6260.73,6239.191,2000.925,6586.532,5733.445,1989.58,6661.487
5626.064,1960.249,5721.964,5956.447,1982.391,5975.094,5725.038,1951.742,5707.192,5243.797,1963.141,6320.211,5679.637,2049.588,5720.875,6003.459,1980.396,6374.36,5339.094,1950.402,6594.855,5356.364,2045.3,6566.107,6138.594,2009.202,5785.369,5311.305,1974.1,5950.775,5654.855,2003.393,6736.802,5748.983,2021.167,6766.78,5239.972,2045.503,6260.52,6240.792,2000.925,6587.536,5732.972,1989.58,6663.315
5624.395,1960.249,5719.267,5954.939,1982.391,5972.302,5723.408,1951.742,5704.472,5240.656,1963.141,6319.769,5677.983,2049.588,5718.168,6002.545,1980.396,6377.398,5336.969,1950.402,6597.211,5354.111,2045.3,6568.341,6140.326,2009.202,5782.71,5308.61,1974.1,5949.099,5654.789,2003.393,6739.974,5748.107,2021.167,6769.829,5236.833,2045.503,6260.063,6243.479,2000.925,6589.222,5732.144,1989.58,6666.376
5624.042,1960.249,5718.653,5954.603,1982.391,5971.679,5723.035,1951.742,5703.87,5239.958,1963.141,6319.647,5677.623,2049.588,5717.56,6002.341,1980.396,6378.076,5336.499,1950.402,6597.741,5353.625,2045.3,6568.856,6140.712,2009.202,5782.117,5308.009,1974.1,5948.725,5654.751,2003.393,6740.681,5747.934,2021.167,6770.515,5236.133,2045.503,6259.953,6244.079,2000.925,6589.599,5731.979,1989.58,6667.064
5622.618,1960.249,5716.352,5953.317,1982.391,5969.298,5721.582,1951.742,5701.589,5237.278,1963.141,6319.271,5676.278,2049.588,5715.213,6001.561,1980.396,6380.667,5334.638,1950.402,6599.705,5351.832,2045.3,6570.883,6142.188,2009.202,5779.849,5305.711,1974.1,5947.296,5654.52,2003.393,6743.376,5747.355,2021.167,6773.158,5233.438,2045.503,6259.708,6246.371,2000.925,6591.037,5731.426,1989.58,6669.713
5621.316,1960.249,5714.658,5952.302,1982.391,5967.417,5720.41,1951.742,5699.803,5235.199,1963.141,6318.778,5675.24,2049.588,5713.346,6000.945,1980.396,6382.712,5333.101,1950.402,6601.189,5350.365,2045.3,6572.437,6143.354,2009.202,5778.059,5303.897,1974.1,5946.167,5654.27,2003.393,6745.499,5746.966,2021.167,6775.259,5231.311,2045.503,6259.507,6248.181,2000.925,6592.172,5731.048,1989.58,6671.815
5620.557,1960.249,5713.6,5951.684,1982.391,5966.271,5719.679,1951.742,5698.726,5233.922,1963.141,6318.52,5674.619,2049.588,5712.202,6000.57,1980.396,6383.959,5332.111,1950.402,6602.037,5349.448,2045.3,6573.362,6144.065,2009.202,5776.967,5302.791,1974.1,5945.479,5654.075,2003.393,6746.787,5746.771,2021.167,6776.547,5230.019,2045.503,6259.343,6249.284,2000.925,6592.865,5730.851,1989.58,6673.103
5618.897,1960.249,5711.119,5950.266,1982.391,5963.646,5717.968,1951.742,5696.282,5230.979,1963.141,6318.024,5673.222,2049.588,5709.566,5999.709,1980.396,6386.817,5329.892,1950.402,6604.032,5347.491,2045.3,6575.615,6145.694,2009.202,5774.466,5300.257,1974.1,5943.903,5653.535,2003.393,6749.722,5746.417,2021.167,6779.51,5227.039,2045.503,6259.19,6251.813,2000.925,6594.451,5730.467,1989.58,6676.062
5616.415,1960.249,5708.127,5948.418,1982.391,5960.224,5715.698,1951.742,5693.127,5227.126,1963.141,6317.503,5671.439,2049.588,5706.113,5998.589,1980.396,6390.541,5327.086,1950.402,6606.724,5344.847,2045.3,6578.466,6147.815,2009.202,5771.208,5296.955,1974.1,5941.85,5652.709,2003.393,6753.521,5746.08,2021.167,6783.384,5223.152,2045.503,6259.08,6255.106,2000.925,6596.518,5730.042,1989.58,6679.925
5616.083,1960.249,5707.7,5948.162,1982.391,5959.748,5715.376,1951.742,5692.693,5226.59,1963.141,6317.429,5671.195,2049.588,5705.63,5998.433,1980.396,6391.059,5326.701,1950.402,6607.104,5344.466,2045.3,6578.851,6148.111,2009.202,5770.755,5296.496,1974.1,5941.564,5652.577,2003.393,6754.046,5746.051,2021.167,6783.924,5222.611,2045.503,6259.054,6255.564,2000.925,6596.805,5729.988,1989.58,6680.463
5614.769,1960.249,5706.096,5947.176,1982.391,5957.923,5714.117,1951.742,5691.046,5224.538,1963.141,6317.131,5670.272,2049.588,5703.774,5997.835,1980.396,6393.044,5325.271,1950.402,6608.605,5342.967,2045.3,6580.284,6149.243,2009.202,5769.017,5294.734,1974.1,5940.469,5652.007,2003.393,6756.04,5746.004,2021.167,6785.997,5220.538,2045.503,6259.006,6257.321,2000.925,6597.907,5729.805,1989.58,6682.528
5612.924,1960.249,5703.866,5945.801,1982.391,5955.376,5712.436,1951.742,5688.69,5221.662,1963.141,6316.809,5668.9,2049.588,5701.226,5997.001,1980.396,6395.816,5323.333,1950.402,6610.756,5340.931,2045.3,6582.342,6150.822,2009.202,5766.592,5292.277,1974.1,5938.94,5651.303,2003.393,6758.847,5745.862,2021.167,6788.887,5217.648,2045.503,6258.844,6259.773,2000.925,6599.445,5729.563,1989.58,6685.411
5612.015,1960.249,5702.725,5945.108,1982.391,5954.092,5711.628,1951.742,5687.476,5220.208,1963.141,6316.694,5668.167,2049.588,5699.965,5996.581,1980.396,6397.212,5322.49,1950.402,6611.945,5339.905,2045.3,6583.379,6151.618,2009.202,5765.37,5291.038,1974.1,5938.169,5650.994,2003.393,6760.272,5745.751,2021.167,6790.341,5216.196,2045.503,6258.714,6261.008,2000.925,6600.221,5729.407,1989.58,6686.86
5610.708,1960.249,5700.971,5944.069,1982.391,5952.167,5710.357,1951.742,5685.695,5218.02,1963.141,6316.651,5667.103,2049.588,5698.053,5995.95,1980.396,6399.308,5321.166,1950.402,6613.688,5338.418,2045.3,6584.984,6152.812,2009.202,5763.536,5289.18,1974.1,5937.014,5650.599,2003.393,6762.424,5745.531,2021.167,6792.518,5214.011,2045.503,6258.592,6262.862,2000.925,6601.383,5729.124,1989.58,6689.029
5609.221,1960.249,5698.833,5942.832,1982.391,5949.876,5708.9,1951.742,5683.537,5215.416,1963.141,6316.63,5665.762,2049.588,5695.821,5995.199,1980.396,6401.801,5319.585,1950.402,6615.757,5336.712,2045.3,6586.951,6154.233,2009.202,5761.354,5286.969,1974.1,5935.638,5650.212,2003.393,6764.999,5745.205,2021.167,6795.101,5211.408,2045.503,6258.531,6265.067,2000.925,6602.767,5728.731,1989.58,6691.603
5608.073,1960.249,5697.063,5941.829,1982.391,5948.02,5707.52,1951.742,5681.941,5213.323,1963.141,6316.894,5664.682,2049.588,5694.008,5994.591,1980.396,6403.822,5318.401,1950.402,6617.503,5335.346,2045.3,6588.559,6155.384,2009.202,5759.586,5285.178,1974.1,5934.524,5649.965,2003.393,6767.094,5744.892,2021.167,6797.187,5209.324,2045.503,6258.201,6266.854,2000.925,6603.889,5728.372,1989.58,6693.681
5607.193,1960.249,5695.673,5941.048,1982.391,5946.572,5706.485,1951.742,5680.663,5211.685,1963.141,6317.045,5663.88,2049.588,5692.572,5994.117,1980.396,6405.396,5317.435,1950.402,6618.833,5334.322,2045.3,6589.846,6156.282,2009.202,5758.208,5283.781,1974.1,5933.655,5649.826,2003.393,6768.733,5744.612,2021.167,6798.807,5207.692,2045.503,6257.997,6268.248,2000.925,6604.763,5728.061,1989.58,6695.295
5606.07,1960.249,5694.024,5940.1,1982.391,5944.817,5705.282,1951.742,5679.072,5209.694,1963.141,6317.164,5662.916,2049.588,5690.826,5993.542,1980.396,6407.307,5316.209,1950.402,6620.408,5333.132,2045.3,6591.446,6157.37,2009.202,5756.537,5282.087,1974.1,5932.602,5649.72,2003.393,6770.725,5744.234,2021.167,6800.765,5205.706,2045.503,6257.814,6269.937,2000.925,6605.823,5727.651,1989.58,6697.246
5604.234,1960.249,5691.127,5938.47,1982.391,5941.799,5703.304,1951.742,5676.271,5206.265,1963.141,6317.256,5661.16,2049.588,5687.88,5992.553,1980.396,6410.591,5314.121,1950.402,6623.128,5331.241,2045.3,6594.308,6159.242,2009.202,5753.662,5279.175,1974.1,5930.79,5649.55,2003.393,6774.15,5743.524,2021.167,6804.119,5202.282,2045.503,6257.612,6272.842,2000.925,6607.646,5727.041,1989.58,6700.621
5604.051,1960.249,5690.705,5938.251,1982.391,5941.394,5703.051,1951.742,5675.886,5205.805,1963.141,6317.253,5660.913,2049.588,5687.491,5992.42,1980.396,6411.032,5313.853,1950.402,6623.502,5330.975,2045.3,6594.684,6159.493,2009.202,5753.276,5278.784,1974.1,5930.547,5649.512,2003.393,6774.609,5743.42,2021.167,6804.567,5201.824,2045.503,6257.571,6273.232,2000.925,6607.89,5726.972,1989.58,6701.076
5603.01,1960.249,5688.501,5937.024,1982.391,5939.288,5701.645,1951.742,5673.895,5203.368,1963.141,6317.318,5659.542,2049.588,5685.476,5991.642,1980.396,6413.341,5312.498,1950.402,6625.528,5329.631,2045.3,6596.717,6160.889,2009.202,5751.279,5276.673,1974.1,5929.328,5649.391,2003.393,6777.043,5742.951,2021.167,6806.958,5199.39,2045.503,6257.436,6275.253,2000.925,6609.252,5726.683,1989.58,6703.496
5602.744,1960.249,5687.983,5936.714,1982.391,5938.795,5701.293,1951.742,5673.431,5202.787,1963.141,6317.353,5659.199,2049.588,5685.005,5991.438,1980.396,6413.887,5312.19,1950.402,6626.022,5329.326,2045.3,6597.213,6161.238,2009.202,5750.813,5276.16,1974.1,5929.054,5649.344,2003.393,6777.624,5742.857,2021.167,6807.533,5198.808,2045.503,6257.422,6275.726,2000.925,6609.594,5726.633,1989.58,6704.076
5601.584,1960.249,5685.894,5935.378,1982.391,5936.813,5699.915,1951.742,5671.479,5200.407,1963.141,6317.573,5657.728,2049.588,5683.122,5990.528,1980.396,6416.096,5310.994,1950.402,6628.091,5328.142,2045.3,6599.289,6162.732,2009.202,5748.947,5274.017,1974.1,5927.997,5649.072,2003.393,6779.998,5742.549,2021.167,6809.903,5196.418,2045.503,6257.446,6277.616,2000.925,6611.056,5726.506,1989.58,6706.462
5601.001,1960.249,5684.921,5934.714,1982.391,5935.895,5699.291,1951.742,5670.532,5199.282,1963.141,6317.715,5657.001,2049.588,5682.251,5990.063,1980.396,6417.13,5310.459,1950.402,6629.091,5327.612,2045.3,6600.292,6163.47,2009.202,5748.086,5272.983,1974.1,5927.528,5648.907,2003.393,6781.12,5742.439,2021.167,6811.032,5195.285,2045.503,6257.494,6278.49,2000.925,6611.779,5726.483,1989.58,6707.596
5599.905,1960.249,5683.217,5933.474,1982.391,5934.292,5698.231,1951.742,5668.804,5197.281,1963.141,6318.033,5655.652,2049.588,5680.739,5989.279,1980.396,6418.999,5309.562,1950.402,6630.908,5326.726,2045.3,6602.113,6164.837,2009.202,5746.591,5271.111,1974.1,5926.753,5648.548,2003.393,6783.114,5742.308,2021.167,6813.054,5193.264,2045.503,6257.646,6280.008,2000.925,6613.122,5726.508,1989.58,6709.622
5598.926,1960.249,5681.8,5932.375,1982.391,5932.966,5697.38,1951.742,5667.308,5195.59,1963.141,6318.359,5654.465,2049.588,5679.493,5988.562,1980.396,6420.564,5308.851,1950.402,6632.477,5326.023,2045.3,6603.686,6166.041,2009.202,5745.359,5269.5,1974.1,5926.146,5648.298,2003.393,6784.818,5742.252,2021.167,6814.775,5191.552,2045.503,6257.832,6281.26,2000.925,6614.304,5726.585,1989.58,6711.342
5597.466,1960.249,5679.827,5930.749,1982.391,5931.127,5696.236,1951.742,5665.136,5193.196,1963.141,6318.903,5652.714,2049.588,5677.771,5987.466,1980.396,6422.761,5307.91,1950.402,6634.744,5325.095,2045.3,6605.958,6167.812,2009.202,5743.66,5267.176,1974.1,5925.356,5648.021,2003.393,6787.257,5742.253,2021.167,6817.229,5189.122,2045.503,6258.176,6282.989,2000.925,6616.046,5726.776,1989.58,6713.79
5596.438,1960.249,5678.528,5929.651,1982.391,5929.887,5695.417,1951.742,5663.696,5191.569,1963.141,6319.216,5651.572,2049.588,5676.572,5986.727,1980.396,6424.244,5307.167,1950.402,6636.225,5324.461,2045.3,6607.489,6169.007,2009.202,5742.513,5265.607,1974.1,5924.824,5647.888,2003.393,6788.908,5742.218,2021.167,6818.885,5187.49,2045.503,6258.462,6284.155,2000.925,6617.222,5726.858,1989.58,6715.444
5596.149,1960.249,5678.16,5929.341,1982.391,5929.536,5695.172,1951.742,5663.297,5191.106,1963.141,6319.29,5651.26,2049.588,5676.223,5986.518,1980.396,6424.663,5306.971,1950.402,6636.65,5324.304,2045.3,6607.93,6169.346,2009.202,5742.189,5265.164,1974.1,5924.673,5647.866,2003.393,6789.376,5742.199,2021.167,6819.354,5187.031,2045.503,6258.557,6284.485,2000.925,6617.555,5726.868,1989.58,6715.913
5594.679,1960.249,5676.153,5927.693,1982.391,5927.673,5693.837,1951.742,5661.199,5188.665,1963.141,6319.761,5649.632,2049.588,5674.344,5985.408,1980.396,6426.889,5305.836,1950.402,6638.863,5323.637,2045.3,6610.326,6171.141,2009.202,5740.467,5262.809,1974.1,5923.873,5647.826,2003.393,6791.863,5742.053,2021.167,6821.835,5184.58,2045.503,6258.98,6286.237,2000.925,6619.32,5726.854,1989.58,6718.399
5593.557,1960.249,5674.722,5926.488,1982.391,5926.31,5692.838,1951.742,5659.68,5186.903,1963.141,6320.218,5648.462,2049.588,5672.951,5984.596,1980.396,6428.517,5305.06,1950.402,6640.508,5323.091,2045.3,6612.062,6172.454,2009.202,5739.208,5261.086,1974.1,5923.288,5647.855,2003.393,6793.682,5741.919,2021.167,6823.649,5182.774,2045.503,6259.204,6287.518,2000.925,6620.612,5726.796,1989.58,6720.217
5592.474,1960.249,5673.244,5925.274,1982.391,5924.938,5691.808,1951.742,5658.166,5185.117,1963.141,6320.621,5647.304,2049.588,5671.533,5983.779,1980.396,6430.156,5304.332,1950.402,6642.189,5322.485,2045.3,6613.79,6173.775,2009.202,5737.94,5259.352,1974.1,5922.699,5647.943,2003.393,6795.512,5741.761,2021.167,6825.473,5180.958,2045.503,6259.44,6288.808,2000.925,6621.912,5726.69,1989.58,6722.045
5591.333,1960.249,5671.789,5924.049,1982.391,5923.553,5690.747,1951.742,5656.653,5183.3,1963.141,6320.968,5646.155,2049.588,5670.085,5982.954,1980.396,6431.811,5303.653,1950.402,6643.91,5321.817,2045.3,6615.514,6175.11,2009.202,5736.661,5257.601,1974.1,5922.104,5648.091,2003.393,6797.355,5741.585,2021.167,6827.313,5179.133,2045.503,6259.739,6290.11,2000.925,6623.225,5726.538,1989.58,6723.888
5590.078,1960.249,5670.413,5922.815,1982.391,5922.158,5689.654,1951.742,5655.145,5181.525,1963.141,6321.533,5645.018,2049.588,5668.61,5982.123,1980.396,6433.478,5302.862,1950.402,6645.596,5321.087,2045.3,6617.228,6176.454,2009.202,5735.371,5255.837,1974.1,5921.505,5648.18,2003.393,6799.215,5741.467,2021.167,6829.172,5177.306,2045.503,6260.1,6291.422,2000.925,6624.547,5726.339,1989.58,6725.739
5588.373,1960.249,5668.416,5921.012,1982.391,5920.249,5688.08,1951.742,5653.044,5178.999,1963.141,6322.248,5643.438,2049.588,5666.515,5980.981,1980.396,6435.843,5301.515,1950.402,6647.851,5319.979,2045.3,6619.609,6178.408,2009.202,5733.616,5253.324,1974.1,5920.743,5648.222,2003.393,6801.841,5741.385,2021.167,6831.797,5174.718,2045.503,6260.548,6293.21,2000.925,6626.471,5726,1989.58,6728.343
5587.979,1960.249,5667.922,5920.564,1982.391,5919.804,5687.694,1951.742,5652.545,5178.389,1963.141,6322.411,5643.064,2049.588,5666.006,5980.695,1980.396,6436.406,5301.173,1950.402,6648.381,5319.755,2045.3,6620.199,6178.891,2009.202,5733.21,5252.714,1974.1,5920.579,5648.212,2003.393,6802.472,5741.385,2021.167,6832.428,5174.1,2045.503,6260.676,6293.625,2000.925,6626.947,5725.935,1989.58,6728.971
5586.205,1960.249,5665.739,5918.502,1982.391,5917.89,5685.943,1951.742,5650.345,5175.674,1963.141,6323.149,5641.424,2049.588,5663.722,5979.564,1980.396,6438.982,5299.729,1950.402,6650.796,5318.672,2045.3,6622.796,6181.103,2009.202,5731.471,5249.975,1974.1,5919.94,5648.076,2003.393,6805.282,5741.479,2021.167,6835.24,5171.365,2045.503,6261.337,6295.4,2000.925,6629.129,5725.716,1989.58,6731.775
5585.198,1960.249,5664.595,5917.353,1982.391,5916.89,5684.978,1951.742,5649.166,5174.191,1963.141,6323.501,5640.551,2049.588,5662.474,5978.906,1980.396,6440.356,5298.932,1950.402,6652.095,5318.122,2045.3,6624.217,6182.331,2009.202,5730.568,5248.48,1974.1,5919.643,5647.954,2003.393,6806.801,5741.578,2021.167,6836.761,5169.896,2045.503,6261.743,6296.323,2000.925,6630.342,5725.63,1989.58,6733.296
5583.959,1960.249,5663.09,5915.841,1982.391,5915.66,5683.723,1951.742,5647.676,5172.259,1963.141,6323.757,5639.45,2049.588,5660.867,5978.008,1980.396,6442.086,5297.967,1950.402,6653.788,5317.358,2045.3,6626.01,6183.938,2009.202,5729.467,5246.557,1974.1,5919.325,5647.734,2003.393,6808.738,5741.767,2021.167,6838.7,5168.007,2045.503,6262.221,6297.452,2000.925,6631.931,5725.554,1989.58,6735.242
5582.459,1960.249,5661.143,5913.885,1982.391,5914.172,5682.117,1951.742,5645.818,5169.835,1963.141,6324.159,5638.083,2049.588,5658.826,5976.804,1980.396,6444.229,5296.821,1950.402,6655.961,5316.524,2045.3,6628.322,6186.01,2009.202,5728.145,5244.121,1974.1,5919.003,5647.385,2003.393,6811.17,5741.952,2021.167,6841.15,5165.643,2045.503,6262.893,6298.81,2000.925,6633.979,5725.487,1989.58,6737.698
5582.062,1960.249,5660.59,5913.329,1982.391,5913.777,5681.666,1951.742,5645.308,5169.167,1963.141,6324.292,5637.711,2049.588,5658.255,5976.451,1980.396,6444.812,5296.519,1950.402,6656.572,5316.32,2045.3,6628.972,6186.596,2009.202,5727.797,5243.442,1974.1,5918.937,5647.31,2003.393,6811.848,5741.988,2021.167,6841.831,5164.982,2045.503,6263.057,6299.167,2000.925,6634.56,5725.452,1989.58,6738.378
5580.152,1960.249,5658.104,5910.773,1982.391,5911.962,5679.567,1951.742,5642.981,5166.114,1963.141,6325.007,5636.029,2049.588,5655.611,5974.827,1980.396,6447.493,5295.222,1950.402,6659.426,5315.282,2045.3,6631.93,6189.292,2009.202,5726.197,5240.323,1974.1,5918.629,5647.065,2003.393,6814.973,5742.083,2021.167,6844.963,5161.939,2045.503,6263.811,6300.812,2000.925,6637.229,5725.209,1989.58,6741.502
5578.423,1960.249,5656.433,5908.813,1982.391,5910.57,5678.016,1951.742,5641.144,5163.726,1963.141,6325.284,5634.673,2049.588,5653.625,5973.582,1980.396,6449.549,5294.299,1950.402,6661.647,5314.412,2045.3,6634.171,6191.36,2009.202,5724.97,5237.93,1974.1,5918.393,5646.956,2003.393,6817.375,5742.106,2021.167,6847.367,5159.643,2045.503,6264.523,6302.073,2000.925,6639.275,5724.967,1989.58,6743.894
5577.115,1960.249,5655.083,5907.281,1982.391,5909.482,5676.662,1951.742,5639.841,5161.867,1963.141,6325.561,5633.563,2049.588,5652.109,5972.608,1980.396,6451.157,5293.635,1950.402,6663.405,5313.675,2045.3,6635.9,6192.976,2009.202,5724.011,5236.06,1974.1,5918.208,5646.93,2003.393,6819.254,5742.089,2021.167,6849.245,5157.831,2045.503,6265.021,6303.059,2000.925,6640.875,5724.735,1989.58,6745.758
5576.756,1960.249,5654.688,5906.846,1982.391,5909.173,5676.29,1951.742,5639.458,5161.336,1963.141,6325.617,5633.234,2049.588,5651.689,5972.332,1980.396,6451.613,5293.463,1950.402,6663.91,5313.403,2045.3,6636.36,6193.435,2009.202,5723.739,5235.528,1974.1,5918.156,5646.906,2003.393,6819.787,5742.076,2021.167,6849.779,5157.313,2045.503,6265.155,6303.339,2000.925,6641.33,5724.683,1989.58,6746.29
5574.562,1960.249,5652.353,5904.233,1982.391,5907.317,5674.131,1951.742,5637.089,5158.156,1963.141,6326.012,5631.176,2049.588,5649.232,5970.671,1980.396,6454.354,5292.335,1950.402,6666.91,5311.866,2045.3,6639.172,6196.191,2009.202,5722.104,5232.339,1974.1,5917.842,5646.653,2003.393,6822.982,5741.933,2021.167,6852.979,5154.204,2045.503,6265.932,6305.021,2000.925,6644.058,5724.446,1989.58,6749.485
5573.485,1960.249,5651.129,5902.904,1982.391,5906.374,5673.074,1951.742,5635.849,5156.546,1963.141,6326.266,5630.089,2049.588,5648.018,5969.827,1980.396,6455.749,5291.711,1950.402,6668.415,5311.132,2045.3,6640.626,6197.593,2009.202,5721.272,5230.717,1974.1,5917.682,5646.546,2003.393,6824.608,5741.826,2021.167,6854.605,5152.641,2045.503,6266.393,6305.876,2000.925,6645.445,5724.358,1989.58,6751.111
5572.188,1960.249,5649.554,5901.241,1982.391,5905.192,5671.7,1951.742,5634.341,5154.542,1963.141,6326.649,5628.554,2049.588,5646.674,5968.77,1980.396,6457.494,5290.879,1950.402,6670.278,5310.272,2045.3,6642.477,6199.348,2009.202,5720.231,5228.687,1974.1,5917.481,5646.149,2003.393,6826.609,5741.652,2021.167,6856.637,5150.666,2045.503,6266.905,6306.946,2000.925,6647.182,5724.286,1989.58,6753.15
5570.834,1960.249,5648.015,5899.532,1982.391,5904.061,5670.271,1951.742,5632.872,5152.543,1963.141,6327.1,5627.057,2049.588,5645.275,5967.766,1980.396,6459.28,5290.105,1950.402,6672.176,5309.471,2045.3,6644.363,6201.143,2009.202,5719.244,5226.642,1974.1,5917.347,5645.817,2003.393,6828.631,5741.451,2021.167,6858.675,5148.701,2045.503,6267.484,6307.964,2000.925,6648.961,5724.192,1989.58,6755.196
5569.423,1960.249,5646.513,5897.777,1982.391,5902.98,5668.786,1951.742,5631.442,5150.548,1963.141,6327.618,5625.576,2049.588,5643.841,5966.786,1980.396,6461.094,5289.39,1950.402,6674.109,5308.727,2045.3,6646.285,6202.981,2009.202,5718.31,5224.582,1974.1,5917.279,5645.548,2003.393,6830.675,5741.228,2021.167,6860.724,5146.744,2045.503,6268.13,6308.928,2000.925,6650.783,5724.08,1989.58,6757.253
5567.956,1960.249,5645.051,5895.979,1982.391,5901.952,5667.275,1951.742,5630.026,5148.562,1963.141,6328.205,5624.042,2049.588,5642.45,5965.671,1980.396,6462.839,5288.735,1950.402,6676.073,5308.042,2045.3,6648.24,6204.857,2009.202,5717.433,5222.511,1974.1,5917.279,5645.346,2003.393,6832.736,5740.99,2021.167,6862.779,5144.8,2045.503,6268.844,6309.836,2000.925,6652.644,5723.95,1989.58,6759.318
5566.438,1960.249,5643.633,5894.143,1982.391,5900.98,5665.714,1951.742,5628.656,5146.59,1963.141,6328.858,5622.458,2049.588,5641.105,5964.61,1980.396,6464.625,5288.143,1950.402,6678.065,5307.421,2045.3,6650.222,6206.767,2009.202,5716.615,5220.435,1974.1,5917.347,5645.209,2003.393,6834.809,5740.744,2021.167,6864.841,5142.874,2045.503,6269.624,6310.687,2000.925,6654.54,5723.804,1989.58,6761.39
5564.866,1960.249,5642.259,5892.267,1982.391,5900.065,5664.101,1951.742,5627.332,5144.63,1963.141,6329.579,5620.941,2049.588,5639.671,5963.534,1980.396,6466.415,5287.614,1950.402,6680.084,5306.862,2045.3,6652.233,6208.712,2009.202,5715.857,5218.351,1974.1,5917.483,5645.14,2003.393,6836.896,5740.497,2021.167,6866.913,5140.965,2045.503,6270.47,6311.478,2000.925,6656.472,5723.645,1989.58,6763.471
5563.125,1960.249,5640.835,5890.214,1982.391,5899.146,5662.317,1951.742,5625.962,5142.546,1963.141,6330.424,5619.256,2049.588,5638.181,5962.438,1980.396,6468.378,5287.115,1950.402,6682.277,5306.331,2045.3,6654.419,6210.833,2009.202,5715.109,5216.113,1974.1,5917.703,5645.139,2003.393,6839.145,5740.237,2021.167,6869.146,5138.94,2045.503,6271.448,6312.261,2000.925,6658.58,5723.457,1989.58,6765.71
5561.094,1960.249,5639.283,5887.848,1982.391,5898.177,5660.239,1951.742,5624.472,5140.21,1963.141,6331.462,5617.287,2049.588,5636.551,5960.945,1980.396,6470.453,5286.63,1950.402,6684.788,5305.808,2045.3,6656.921,6213.271,2009.202,5714.338,5213.578,1974.1,5918.037,5645.22,2003.393,6841.7,5739.951,2021.167,6871.685,5136.676,2045.503,6272.635,6313.073,2000.925,6661.003,5723.219,1989.58,6768.254
5559.749,1960.249,5638.322,5886.298,1982.391,5897.602,5658.865,1951.742,5623.553,5138.722,1963.141,6332.183,5615.98,2049.588,5635.539,5960.023,1980.396,6471.826,5286.37,1950.402,6686.42,5305.523,2045.3,6658.55,6214.863,2009.202,5713.891,5211.947,1974.1,5918.306,5645.326,2003.393,6843.35,5739.82,2021.167,6873.333,5135.238,2045.503,6273.45,6313.547,2000.925,6662.587,5723.119,1989.58,6769.905
5559.201,1960.249,5637.957,5885.674,1982.391,5897.393,5658.306,1951.742,5623.206,5138.139,1963.141,6332.489,5615.446,2049.588,5635.153,5959.674,1980.396,6472.384,5286.288,1950.402,6687.074,5305.431,2045.3,6659.202,6215.502,2009.202,5713.734,5211.301,1974.1,5918.434,5645.39,2003.393,6844.005,5739.789,2021.167,6873.991,5134.676,2045.503,6273.793,6313.715,2000.925,6663.224,5723.1,1989.58,6770.563
5556.541,1960.249,5636.309,5882.675,1982.391,5896.497,5655.596,1951.742,5621.64,5135.417,1963.141,6334.033,5612.852,2049.588,5633.403,5958.104,1980.396,6475.091,5285.998,1950.402,6690.189,5305.095,2045.3,6662.313,6218.564,2009.202,5713.087,5208.253,1974.1,5919.145,5645.795,2003.393,6847.108,5739.745,2021.167,6877.12,5132.06,2045.503,6275.511,6314.413,2000.925,6666.274,5723.115,1989.58,6773.692
5556.146,1960.249,5636.082,5882.235,1982.391,5896.381,5655.195,1951.742,5621.425,5135.029,1963.141,6334.271,5612.466,2049.588,5633.161,5957.889,1980.396,6475.492,5285.971,1950.402,6690.644,5305.061,2045.3,6662.767,6219.012,2009.202,5713.007,5207.813,1974.1,5919.262,5645.869,2003.393,6847.557,5739.753,2021.167,6877.575,5131.688,2045.503,6275.773,6314.5,2000.925,6666.721,5723.132,1989.58,6774.147
5553.604,1960.249,5634.729,5879.428,1982.391,5895.739,5652.612,1951.742,5620.151,5132.623,1963.141,6335.853,5609.979,2049.588,5631.71,5956.416,1980.396,6477.966,5285.892,1950.402,6693.523,5304.94,2045.3,6665.645,6221.863,2009.202,5712.598,5205.058,1974.1,5920.098,5646.428,2003.393,6850.382,5739.901,2021.167,6880.451,5129.389,2045.503,6277.507,6314.958,2000.925,6669.564,5723.334,1989.58,6777.02
5552.775,1960.249,5634.321,5878.521,1982.391,5895.563,5651.771,1951.742,5619.77,5131.868,1963.141,6336.385,5609.166,2049.588,5631.271,5955.969,1980.396,6478.775,5285.897,1950.402,6694.447,5304.931,2045.3,6666.568,6222.781,2009.202,5712.496,5204.183,1974.1,5920.395,5646.578,2003.393,6851.293,5739.979,2021.167,6881.371,5128.67,2045.503,6278.087,6315.074,2000.925,6670.48,5723.43,1989.58,6777.939
5550.204,1960.249,5633.162,5875.737,1982.391,5895.115,5649.166,1951.742,5618.689,5129.618,1963.141,6338.085,5606.642,2049.588,5630.013,5954.688,1980.396,6481.288,5286.005,1950.402,6697.265,5304.997,2045.3,6669.388,6225.592,2009.202,5712.278,5201.543,1974.1,5921.388,5646.947,2003.393,6854.089,5740.304,2021.167,6884.172,5126.535,2045.503,6279.93,6315.339,2000.925,6673.288,5723.803,1989.58,6780.734
5549.851,1960.249,5633.016,5875.358,1982.391,5895.066,5648.809,1951.742,5618.555,5129.321,1963.141,6338.325,5606.295,2049.588,5629.854,5954.511,1980.396,6481.625,5286.032,1950.402,6697.646,5305.019,2045.3,6669.769,6225.974,2009.202,5712.261,5201.191,1974.1,5921.534,5646.985,2003.393,6854.469,5740.36,2021.167,6884.55,5126.254,2045.503,6280.188,6315.363,2000.925,6673.669,5723.866,1989.58,6781.11
5548.302,1960.249,5632.436,5873.711,1982.391,5894.911,5647.242,1951.742,5618.022,5128.069,1963.141,6339.407,5604.769,2049.588,5629.214,5953.742,1980.396,6483.09,5286.203,1950.402,6699.291,5305.165,2045.3,6671.417,6227.628,2009.202,5712.242,5199.684,1974.1,5922.216,5647.096,2003.393,6856.12,5740.656,2021.167,6886.177,5125.075,2045.503,6281.349,6315.41,2000.925,6675.323,5724.188,1989.58,6782.733
5546.93,1960.249,5631.973,5872.266,1982.391,5894.823,5645.856,1951.742,5617.602,5127.005,1963.141,6340.389,5603.416,2049.588,5628.698,5952.964,1980.396,6484.312,5286.4,1950.402,6700.726,5305.34,2045.3,6672.854,6229.076,2009.202,5712.272,5198.385,1974.1,5922.856,5647.146,2003.393,6857.567,5740.961,2021.167,6887.593,5124.077,2045.503,6282.397,6315.404,2000.925,6676.771,5724.514,1989.58,6784.144
5545.584,1960.249,5631.567,5870.861,1982.391,5894.783,5644.499,1951.742,5617.237,5126.003,1963.141,6341.375,5602.087,2049.588,5628.241,5952.213,1980.396,6485.5,5286.637,1950.402,6702.111,5305.556,2045.3,6674.243,6230.479,2009.202,5712.347,5197.146,1974.1,5923.519,5647.241,2003.393,6858.969,5741.299,2021.167,6888.957,5123.141,2045.503,6283.447,6315.353,2000.925,6678.176,5724.872,1989.58,6785.503
5543.244,1960.249,5630.944,5868.439,1982.391,5894.793,5642.141,1951.742,5616.687,5124.335,1963.141,6343.13,5599.773,2049.588,5627.528,5950.988,1980.396,6487.589,5287.122,1950.402,6704.484,5306.006,2045.3,6676.623,6232.892,2009.202,5712.556,5195.048,1974.1,5924.729,5647.484,2003.393,6861.378,5741.946,2021.167,6891.29,5121.59,2045.503,6285.306,6315.185,2000.925,6680.591,5725.539,1989.58,6787.831
5542.306,1960.249,5630.727,5867.477,1982.391,5894.829,5641.196,1951.742,5616.499,5123.695,1963.141,6343.85,5598.844,2049.588,5627.274,5950.528,1980.396,6488.435,5287.346,1950.402,6705.42,5306.216,2045.3,6677.563,6233.848,2009.202,5712.67,5194.23,1974.1,5925.238,5647.612,2003.393,6862.333,5742.233,2021.167,6892.209,5120.998,2045.503,6286.065,6315.086,2000.925,6681.549,5725.826,1989.58,6788.75
5541.58,1960.249,5630.583,5866.738,1982.391,5894.88,5640.466,1951.742,5616.378,5123.221,1963.141,6344.418,5598.123,2049.588,5627.103,5950.118,1980.396,6489.052,5287.542,1950.402,6706.135,5306.401,2045.3,6678.28,6234.58,2009.202,5712.782,5193.615,1974.1,5925.649,5647.734,2003.393,6863.063,5742.477,2021.167,6892.908,5120.562,2045.503,6286.664,6314.987,2000.925,6682.283,5726.068,1989.58,6789.449
5540.473,1960.249,5630.403,5865.623,1982.391,5894.995,5639.354,1951.742,5616.232,5122.532,1963.141,6345.303,5597.024,2049.588,5626.879,5949.528,1980.396,6490.005,5287.873,1950.402,6707.206,5306.717,2045.3,6679.356,6235.683,2009.202,5712.988,5192.703,1974.1,5926.302,5647.955,2003.393,6864.163,5742.879,2021.167,6893.955,5119.931,2045.503,6287.591,6314.8,2000.925,6683.389,5726.443,1989.58,6790.505
5539.036,1960.249,5630.216,5864.188,1982.391,5895.19,5637.913,1951.742,5616.089,5121.679,1963.141,6346.475,5595.596,2049.588,5626.637,5948.807,1980.396,6491.262,5288.346,1950.402,6708.575,5307.169,2045.3,6680.732,6237.097,2009.202,5713.3,5191.554,1974.1,5927.184,5648.287,2003.393,6865.573,5743.442,2021.167,6895.29,5119.156,2045.503,6288.815,6314.512,2000.925,6684.808,5726.912,1989.58,6791.875
5537.886,1960.249,5630.105,5863.048,1982.391,5895.383,5636.759,1951.742,5616.014,5121.03,1963.141,6347.431,5594.451,2049.588,5626.481,5948.239,1980.396,6492.269,5288.759,1950.402,6709.655,5307.566,2045.3,6681.817,6238.217,2009.202,5713.585,5190.66,1974.1,5927.917,5648.588,2003.393,6866.689,5743.925,2021.167,6896.34,5118.57,2045.503,6289.811,6314.245,2000.925,6685.933,5727.288,1989.58,6792.968
5536.53,1960.249,5630.019,5861.717,1982.391,5895.654,5635.402,1951.742,5615.969,5120.304,1963.141,6348.579,5593.1,2049.588,5626.342,5947.611,1980.396,6493.473,5289.286,1950.402,6710.907,5308.074,2045.3,6683.077,6239.521,2009.202,5713.964,5189.639,1974.1,5928.813,5648.985,2003.393,6867.988,5744.531,2021.167,6897.555,5117.92,2045.503,6291.004,6313.888,2000.925,6687.243,5727.722,1989.58,6794.255
5535.138,1960.249,5629.975,5860.361,1982.391,5895.976,5634.008,1951.742,5615.968,5119.599,1963.141,6349.781,5591.709,2049.588,5626.245,5946.875,1980.396,6494.656,5289.868,1950.402,6712.173,5308.637,2045.3,6684.352,6240.846,2009.202,5714.396,5188.622,1974.1,5929.765,5649.435,2003.393,6869.307,5745.193,2021.167,6898.781,5117.294,2045.503,6292.249,6313.478,2000.925,6688.575,5728.206,1989.58,6795.562
5533.421,1960.249,5629.978,5858.705,1982.391,5896.427,5632.292,1951.742,5616.024,5118.778,1963.141,6351.289,5589.994,2049.588,5626.182,5946.002,1980.396,6496.134,5290.636,1950.402,6713.708,5309.382,2045.3,6685.898,6242.46,2009.202,5714.982,5187.407,1974.1,5930.979,5650.043,2003.393,6870.912,5746.058,2021.167,6900.265,5116.573,2045.503,6293.807,6312.919,2000.925,6690.198,5728.835,1989.58,6797.158
5532.274,1960.249,5630.018,5857.608,1982.391,5896.765,5631.147,1951.742,5616.099,5118.263,1963.141,6352.314,5588.846,2049.588,5626.177,5945.451,1980.396,6497.141,5291.182,1950.402,6714.718,5309.913,2045.3,6686.916,6243.525,2009.202,5715.409,5186.623,1974.1,5931.816,5650.484,2003.393,6871.972,5746.668,2021.167,6901.237,5116.125,2045.503,6294.863,6312.511,2000.925,6691.271,5729.289,1989.58,6798.212
5530.193,1960.249,5630.157,5855.636,1982.391,5897.444,5629.071,1951.742,5616.303,5117.388,1963.141,6354.208,5586.761,2049.588,5626.236,5944.509,1980.396,6499.002,5292.235,1950.402,6716.519,5310.939,2045.3,6688.732,6245.436,2009.202,5716.247,5185.247,1974.1,5933.385,5651.349,2003.393,6873.87,5747.833,2021.167,6902.967,5115.375,2045.503,6296.81,6311.705,2000.925,6693.195,5730.108,1989.58,6800.129
5528.681,1960.249,5630.309,5854.217,1982.391,5897.985,5627.564,1951.742,5616.5,5116.796,1963.141,6355.607,5585.245,2049.588,5626.329,5943.868,1980.396,6500.38,5293.044,1950.402,6717.804,5311.729,2045.3,6690.029,6246.806,2009.202,5716.903,5184.283,1974.1,5934.559,5652.023,2003.393,6875.231,5748.722,2021.167,6904.199,5114.875,2045.503,6298.244,6311.072,2000.925,6694.576,5730.737,1989.58,6801.512
5527.98,1960.249,5630.402,5853.565,1982.391,5898.258,5626.867,1951.742,5616.616,5116.542,1963.141,6356.267,5584.541,2049.588,5626.396,5943.591,1980.396,6501.03,5293.44,1950.402,6718.39,5312.116,2045.3,6690.621,6247.433,2009.202,5717.229,5183.853,1974.1,5935.12,5652.357,2003.393,6875.854,5749.154,2021.167,6904.759,5114.664,2045.503,6298.919,6310.757,2000.925,6695.209,5731.051,1989.58,6802.146
5526.23,1960.249,5630.694,5851.952,1982.391,5898.998,5625.126,1951.742,5616.961,5115.959,1963.141,6357.943,5582.78,2049.588,5626.62,5942.847,1980.396,6502.642,5294.481,1950.402,6719.827,5313.136,2045.3,6692.073,6248.98,2009.202,5718.098,5182.819,1974.1,5936.563,5653.248,2003.393,6877.39,5750.284,2021.167,6906.127,5114.19,2045.503,6300.629,6309.914,2000.925,6696.771,5731.841,1989.58,6803.733
5524.357,1960.249,5631.069,5850.242,1982.391,5899.85,5623.266,1951.742,5617.395,5115.392,1963.141,6359.766,5580.895,2049.588,5626.923,5941.975,1980.396,6504.34,5295.652,1950.402,6721.335,5314.285,2045.3,6693.599,6250.614,2009.202,5719.087,5181.758,1974.1,5938.15,5654.259,2003.393,6879.01,5751.547,2021.167,6907.56,5113.742,2045.503,6302.486,6308.953,2000.925,6698.421,5732.679,1989.58,6805.449
5523.119,1960.249,5631.36,5849.123,1982.391,5900.454,5622.037,1951.742,5617.724,5115.053,1963.141,6360.993,5579.646,2049.588,5627.166,5941.431,1980.396,6505.491,5296.465,1950.402,6722.315,5315.083,2045.3,6694.59,6251.681,2009.202,5719.781,5181.085,1974.1,5939.231,5654.968,2003.393,6880.067,5752.419,2021.167,6908.487,5113.483,2045.503,6303.732,6308.276,2000.925,6699.499,5733.265,1989.58,6806.578
5521.536,1960.249,5631.787,5847.707,1982.391,5901.28,5620.468,1951.742,5618.199,5114.669,1963.141,6362.587,5578.048,2049.588,5627.531,5940.734,1980.396,6506.975,5297.552,1950.402,6723.542,5316.152,2045.3,6695.833,6253.024,2009.202,5720.72,5180.266,1974.1,5940.65,5655.925,2003.393,6881.397,5753.581,2021.167,6909.643,5113.203,2045.503,6305.347,6307.36,2000.925,6700.858,5734.024,1989.58,6808.03
5519.954,1960.249,5632.27,5846.305,1982.391,5902.159,5618.901,1951.742,5618.73,5114.334,1963.141,6364.207,5576.448,2049.588,5627.953,5940.016,1980.396,6508.465,5298.69,1950.402,6724.743,5317.271,2045.3,6697.051,6254.349,2009.202,5721.712,5179.485,1974.1,5942.109,5656.934,2003.393,6882.708,5754.791,2021.167,6910.771,5112.974,2045.503,6306.985,6306.391,2000.925,6702.199,5734.792,1989.58,6809.494
5518.041,1960.249,5632.923,5844.63,1982.391,5903.289,5617.009,1951.742,5619.442,5113.991,1963.141,6366.198,5574.512,2049.588,5628.531,5938.983,1980.396,6510.202,5300.126,1950.402,6726.164,5318.687,2045.3,6698.493,6255.926,2009.202,5722.975,5178.591,1974.1,5943.922,5658.219,2003.393,6884.269,5756.313,2021.167,6912.101,5112.76,2045.503,6308.995,6305.154,2000.925,6703.797,5735.788,1989.58,6811.252
5516.785,1960.249,5633.398,5843.542,1982.391,5904.076,5615.769,1951.742,5619.956,5113.806,1963.141,6367.528,5573.238,2049.588,5628.957,5938.335,1980.396,6511.378,5301.112,1950.402,6727.076,5319.659,2045.3,6699.42,6256.946,2009.202,5723.849,5178.037,1974.1,5945.145,5659.106,2003.393,6885.277,5757.352,2021.167,6912.951,5112.661,2045.503,6310.334,6304.298,2000.925,6704.832,5736.488,1989.58,6812.398
5514.568,1960.249,5634.154,5841.644,1982.391,5905.448,5613.584,1951.742,5620.802,5113.559,1963.141,6369.857,5571.043,2049.588,5629.772,5937.205,1980.396,6513.429,5302.777,1950.402,6728.723,5321.369,2045.3,6701.02,6258.725,2009.202,5725.372,5177.07,1974.1,5947.278,5660.854,2003.393,6886.836,5759.116,2021.167,6914.492,5112.413,2045.503,6312.663,6302.805,2000.925,6706.637,5737.773,1989.58,6814.356
5513.562,1960.249,5634.535,5840.771,1982.391,5906.079,5612.61,1951.742,5621.259,5113.411,1963.141,6370.924,5570.022,2049.588,5630.114,5936.686,1980.396,6514.372,5303.566,1950.402,6729.455,5322.131,2045.3,6701.781,6259.543,2009.202,5726.072,5176.626,1974.1,5948.259,5661.658,2003.393,6887.551,5759.903,2021.167,6915.227,5112.333,2045.503,6313.737,6302.119,2000.925,6707.466,5738.393,1989.58,6815.236
5512.199,1960.249,5635.102,5839.575,1982.391,5906.943,5611.254,1951.742,5621.842,5113.054,1963.141,6372.356,5568.638,2049.588,5630.628,5935.973,1980.396,6515.665,5304.76,1950.402,6730.323,5323.046,2045.3,6702.938,6260.664,2009.202,5727.032,5176.017,1974.1,5949.603,5662.729,2003.393,6888.566,5760.949,2021.167,6916.268,5112.177,2045.503,6315.205,6301.178,2000.925,6708.604,5739.282,1989.58,6816.415
5510.893,1960.249,5635.892,5838.337,1982.391,5907.838,5609.862,1951.742,5622.469,5112.733,1963.141,6373.849,5567.191,2049.588,5631.115,5935.236,1980.396,6517.002,5305.964,1950.402,6731.262,5324.032,2045.3,6704.104,6261.824,2009.202,5728.025,5175.386,1974.1,5950.994,5663.802,2003.393,6889.653,5761.995,2021.167,6917.38,5111.965,2045.503,6316.716,6300.205,2000.925,6709.78,5740.202,1989.58,6817.633
5509.601,1960.249,5636.617,5837.137,1982.391,5908.706,5608.532,1951.742,5623.121,5112.47,1963.141,6375.306,5565.803,2049.588,5631.632,5934.521,1980.396,6518.299,5307.102,1950.402,6732.21,5325.025,2045.3,6705.203,6262.949,2009.202,5728.988,5174.775,1974.1,5952.343,5664.911,2003.393,6890.635,5762.973,2021.167,6918.492,5111.73,2045.503,6318.179,6299.261,2000.925,6710.921,5741.133,1989.58,6818.785
5508.334,1960.249,5637.294,5835.973,1982.391,5909.547,5607.225,1951.742,5623.716,5112.261,1963.141,6376.727,5564.475,2049.588,5632.178,5933.828,1980.396,6519.557,5308.174,1950.402,6733.165,5325.992,2045.3,6706.265,6264.04,2009.202,5729.922,5174.182,1974.1,5953.651,5665.954,2003.393,6891.622,5763.957,2021.167,6919.538,5111.456,2045.503,6319.588,6298.345,2000.925,6712.027,5742.071,1989.58,6819.872
5507.158,1960.249,5638.043,5834.843,1982.391,5910.364,5605.908,1951.742,5624.175,5112.013,1963.141,6378.1,5563.203,2049.588,5632.75,5933.155,1980.396,6520.778,5309.248,1950.402,6734.056,5326.964,2045.3,6707.265,6265.099,2009.202,5730.83,5173.606,1974.1,5954.921,5666.936,2003.393,6892.612,5764.763,2021.167,6920.676,5111.235,2045.503,6320.965,6297.456,2000.925,6713.102,5742.958,1989.58,6820.949
5506.001,1960.249,5638.729,5833.753,1982.391,5911.152,5604.654,1951.742,5624.66,5111.625,1963.141,6379.387,5561.981,2049.588,5633.313,5932.506,1980.396,6521.956,5310.272,1950.402,6734.926,5327.923,2045.3,6708.208,6266.121,2009.202,5731.704,5173.051,1974.1,5956.146,5667.85,2003.393,6893.598,5765.576,2021.167,6921.748,5110.978,2045.503,6322.285,6296.599,2000.925,6714.138,5743.846,1989.58,6821.958
