9287.066,1975.98,5339.087,9271.555,1966.141,5337.326,9217.99,1955.12,5248.131,9240.885,1951.155,5328.905,9243.426,1976.812,5261.983,9276.644,1992.067,5261.756,9250.984,2014.702,5300.689,9248.784,1978.241,5252.584,9230.166,2030.728,5253.679,9257.951,1981.396,5323.554,9244.065,2020.255,5290.637,9305.405,2016.508,5341.804,9309.62,1968.176,5345.043,9213.39,2008.945,5276.436,9270.803,1966.29,5329.751
9287.038,1975.98,5339.503,9271.653,1966.141,5337.731,9218.11,1955.12,5247.732,9240.47,1951.155,5328.938,9243.135,1976.812,5261.685,9276.983,1992.067,5261.997,9250.816,2014.702,5301.07,9248.626,1978.241,5252.97,9230.444,2030.728,5253.989,9257.776,1981.396,5323.932,9244.42,2020.255,5290.856,9305.139,2016.508,5342.124,9309.81,1968.176,5344.672,9213.026,2008.945,5276.233,9270.785,1966.29,5330.167
9287.025,1975.98,5339.873,9271.724,1966.141,5338.021,9218.22,1955.12,5247.333,9240.343,1951.155,5328.95,9242.855,1976.812,5261.385,9277.329,1992.067,5262.226,9250.68,2014.702,5301.379,9248.459,1978.241,5253.348,9230.721,2030.728,5254.294,9257.676,1981.396,5324.168,9244.729,2020.255,5291.047,9304.888,2016.508,5342.439,9310.006,1968.176,5344.315,9212.686,2008.945,5276.05,9270.776,1966.29,5330.48
9287.024,1975.98,5340.243,9271.793,1966.141,5338.313,9218.32,1955.12,5246.933,9240.217,1951.155,5328.964,9242.583,1976.812,5261.08,9277.682,1992.067,5262.444,9250.543,2014.702,5301.686,9248.282,1978.241,5253.722,9230.999,2030.728,5254.598,9257.582,1981.396,5324.405,9245.037,2020.255,5291.239,9304.645,2016.508,5342.761,9310.213,1968.176,5343.964,9212.341,2008.945,5275.872,9270.771,1966.29,5330.792
9287.03,1975.98,5340.428,9271.827,1966.141,5338.458,9218.366,1955.12,5246.731,9240.154,1951.155,5328.972,9242.45,1976.812,5260.924,9277.861,1992.067,5262.547,9250.475,2014.702,5301.838,9248.188,1978.241,5253.906,9231.139,2030.728,5254.749,9257.532,1981.396,5324.521,9245.191,2020.255,5291.335,9304.526,2016.508,5342.925,9310.322,1968.176,5343.792,9212.167,2008.945,5275.786,9270.771,1966.29,5330.947
9287.042,1975.98,5340.612,9271.86,1966.141,5338.604,9218.407,1955.12,5246.528,9240.092,1951.155,5328.981,9242.32,1976.812,5260.765,9278.044,1992.067,5262.644,9250.406,2014.702,5301.99,9248.09,1978.241,5254.088,9231.279,2030.728,5254.898,9257.486,1981.396,5324.638,9245.346,2020.255,5291.431,9304.413,2016.508,5343.091,9310.437,1968.176,5343.623,9211.992,2008.945,5275.702,9270.771,1966.29,5331.102
9287.06,1975.98,5340.796,9271.894,1966.141,5338.749,9218.443,1955.12,5246.325,9240.03,1951.155,5328.991,9242.193,1976.812,5260.604,9278.23,1992.067,5262.735,9250.338,2014.702,5302.141,9247.986,1978.241,5254.267,9231.421,2030.728,5255.047,9257.443,1981.396,5324.756,9245.5,2020.255,5291.527,9304.304,2016.508,5343.26,9310.556,1968.176,5343.458,9211.815,2008.945,5275.62,9270.773,1966.29,5331.257
9287.083,1975.98,5340.979,9271.927,1966.141,5338.895,9218.476,1955.12,5246.121,9239.969,1951.155,5329.001,9242.069,1976.812,5260.44,9278.42,1992.067,5262.82,9250.27,2014.702,5302.292,9247.878,1978.241,5254.442,9231.563,2030.728,5255.195,9257.402,1981.396,5324.874,9245.654,2020.255,5291.624,9304.198,2016.508,5343.432,9310.681,1968.176,5343.296,9211.638,2008.945,5275.541,9270.776,1966.29,5331.412
9287.112,1975.98,5341.162,9271.959,1966.141,5339.04,9218.504,1955.12,5245.916,9239.907,1951.155,5329.013,9241.948,1976.812,5260.275,9278.611,1992.067,5262.899,9250.2,2014.702,5302.442,9247.765,1978.241,5254.615,9231.708,2030.728,5255.342,9257.361,1981.396,5324.992,9245.808,2020.255,5291.72,9304.097,2016.508,5343.605,9310.811,1968.176,5343.138,9211.459,2008.945,5275.464,9270.781,1966.29,5331.566
9287.147,1975.98,5341.343,9271.991,1966.141,5339.186,9218.527,1955.12,5245.71,9239.847,1951.155,5329.026,9241.83,1976.812,5260.107,9278.806,1992.067,5262.972,9250.131,2014.702,5302.591,9247.646,1978.241,5254.785,9231.854,2030.728,5255.488,9257.321,1981.396,5325.109,9245.961,2020.255,5291.816,9304,2016.508,5343.782,9310.945,1968.176,5342.984,9211.279,2008.945,5275.389,9270.787,1966.29,5331.72
9287.188,1975.98,5341.523,9272.022,1966.141,5339.331,9218.547,1955.12,5245.504,9239.786,1951.155,5329.039,9241.715,1976.812,5259.937,9279.002,1992.067,5263.038,9250.062,2014.702,5302.74,9247.523,1978.241,5254.951,9232,2030.728,5255.632,9257.281,1981.396,5325.227,9246.114,2020.255,5291.912,9303.907,2016.508,5343.96,9311.084,1968.176,5342.835,9211.099,2008.945,5275.315,9270.794,1966.29,5331.874
9287.234,1975.98,5341.702,9272.054,1966.141,5339.477,9218.563,1955.12,5245.297,9239.727,1951.155,5329.053,9241.603,1976.812,5259.765,9279.2,1992.067,5263.098,9249.992,2014.702,5302.889,9247.396,1978.241,5255.113,9232.147,2030.728,5255.776,9257.241,1981.396,5325.343,9246.268,2020.255,5292.008,9303.818,2016.508,5344.141,9311.228,1968.176,5342.69,9210.918,2008.945,5275.244,9270.802,1966.29,5332.028
9287.286,1975.98,5341.879,9272.085,1966.141,5339.622,9218.574,1955.12,5245.091,9239.667,1951.155,5329.068,9241.493,1976.812,5259.592,9279.4,1992.067,5263.151,9249.923,2014.702,5303.037,9247.263,1978.241,5255.271,9232.296,2030.728,5255.918,9257.201,1981.396,5325.459,9246.421,2020.255,5292.104,9303.734,2016.508,5344.324,9311.376,1968.176,5342.549,9210.736,2008.945,5275.174,9270.811,1966.29,5332.181
9287.344,1975.98,5342.054,9272.116,1966.141,5339.768,9218.582,1955.12,5244.884,9239.607,1951.155,5329.083,9241.386,1976.812,5259.417,9279.603,1992.067,5263.198,9249.853,2014.702,5303.184,9247.126,1978.241,5255.425,9232.445,2030.728,5256.06,9257.161,1981.396,5325.575,9246.574,2020.255,5292.201,9303.654,2016.508,5344.508,9311.528,1968.176,5342.413,9210.554,2008.945,5275.106,9270.82,1966.29,5332.334
9287.406,1975.98,5342.228,9272.146,1966.141,5339.913,9218.586,1955.12,5244.677,9239.549,1951.155,5329.1,9241.281,1976.812,5259.24,9279.806,1992.067,5263.238,9249.782,2014.702,5303.33,9246.984,1978.241,5255.575,9232.596,2030.728,5256.2,9257.121,1981.396,5325.69,9246.728,2020.255,5292.297,9303.579,2016.508,5344.695,9311.685,1968.176,5342.282,9210.371,2008.945,5275.039,9270.831,1966.29,5332.487
9287.475,1975.98,5342.4,9272.177,1966.141,5340.059,9218.586,1955.12,5244.47,9239.49,1951.155,5329.117,9241.179,1976.812,5259.062,9280.01,1992.067,5263.271,9249.712,2014.702,5303.476,9246.839,1978.241,5255.721,9232.747,2030.728,5256.338,9257.081,1981.396,5325.805,9246.881,2020.255,5292.393,9303.508,2016.508,5344.883,9311.845,1968.176,5342.155,9210.188,2008.945,5274.974,9270.842,1966.29,5332.64
9287.548,1975.98,5342.569,9272.207,1966.141,5340.204,9218.582,1955.12,5244.263,9239.432,1951.155,5329.134,9241.078,1976.812,5258.883,9280.215,1992.067,5263.298,9249.642,2014.702,5303.621,9246.688,1978.241,5255.862,9232.899,2030.728,5256.476,9257.041,1981.396,5325.92,9247.034,2020.255,5292.489,9303.441,2016.508,5345.072,9312.009,1968.176,5342.033,9210.003,2008.945,5274.91,9270.854,1966.29,5332.793
9287.627,1975.98,5342.737,9272.237,1966.141,5340.35,9218.574,1955.12,5244.056,9239.374,1951.155,5329.152,9240.98,1976.812,5258.703,9280.421,1992.067,5263.318,9249.57,2014.702,5303.766,9246.534,1978.241,5255.999,9233.054,2030.728,5256.612,9257.001,1981.396,5326.034,9247.188,2020.255,5292.584,9303.38,2016.508,5345.263,9312.177,1968.176,5341.916,9209.818,2008.945,5274.847,9270.866,1966.29,5332.945
9287.711,1975.98,5342.902,9272.267,1966.141,5340.496,9218.563,1955.12,5243.849,9239.316,1951.155,5329.171,9240.885,1976.812,5258.521,9280.628,1992.067,5263.332,9249.499,2014.702,5303.91,9246.376,1978.241,5256.131,9233.209,2030.728,5256.747,9256.961,1981.396,5326.148,9247.341,2020.255,5292.68,9303.322,2016.508,5345.456,9312.348,1968.176,5341.804,9209.633,2008.945,5274.786,9270.88,1966.29,5333.098
9287.799,1975.98,5343.064,9272.295,1966.141,5340.642,9218.547,1955.12,5243.643,9239.26,1951.155,5329.19,9240.79,1976.812,5258.338,9280.835,1992.067,5263.339,9249.428,2014.702,5304.053,9246.214,1978.241,5256.258,9233.365,2030.728,5256.88,9256.92,1981.396,5326.261,9247.494,2020.255,5292.776,9303.27,2016.508,5345.649,9312.522,1968.176,5341.697,9209.446,2008.945,5274.727,9270.895,1966.29,5333.25
9287.892,1975.98,5343.225,9272.322,1966.141,5340.788,9218.528,1955.12,5243.437,9239.203,1951.155,5329.21,9240.697,1976.812,5258.155,9281.042,1992.067,5263.339,9249.355,2014.702,5304.195,9246.048,1978.241,5256.38,9233.522,2030.728,5257.012,9256.879,1981.396,5326.374,9247.647,2020.255,5292.871,9303.221,2016.508,5345.844,9312.7,1968.176,5341.595,9209.26,2008.945,5274.669,9270.909,1966.29,5333.401
9287.986,1975.98,5343.384,9272.35,1966.141,5340.934,9218.506,1955.12,5243.23,9239.146,1951.155,5329.231,9240.606,1976.812,5257.971,9281.249,1992.067,5263.332,9249.283,2014.702,5304.337,9245.878,1978.241,5256.497,9233.681,2030.728,5257.143,9256.838,1981.396,5326.486,9247.802,2020.255,5292.966,9303.177,2016.508,5346.04,9312.881,1968.176,5341.499,9209.072,2008.945,5274.614,9270.925,1966.29,5333.553
9288.085,1975.98,5343.541,9272.376,1966.141,5341.08,9218.48,1955.12,5243.025,9239.091,1951.155,5329.252,9240.517,1976.812,5257.786,9281.456,1992.067,5263.318,9249.211,2014.702,5304.479,9245.704,1978.241,5256.608,9233.84,2030.728,5257.271,9256.798,1981.396,5326.598,9247.956,2020.255,5293.062,9303.138,2016.508,5346.236,9313.064,1968.176,5341.408,9208.885,2008.945,5274.56,9270.941,1966.29,5333.704
9288.187,1975.98,5343.695,9272.401,1966.141,5341.226,9218.451,1955.12,5242.82,9239.035,1951.155,5329.273,9240.429,1976.812,5257.601,9281.662,1992.067,5263.298,9249.139,2014.702,5304.619,9245.527,1978.241,5256.714,9234.001,2030.728,5257.399,9256.759,1981.396,5326.71,9248.11,2020.255,5293.156,9303.103,2016.508,5346.434,9313.251,1968.176,5341.323,9208.696,2008.945,5274.507,9270.959,1966.29,5333.855
9288.292,1975.98,5343.848,9272.427,1966.141,5341.373,9218.419,1955.12,5242.615,9238.979,1951.155,5329.295,9240.342,1976.812,5257.414,9281.868,1992.067,5263.271,9249.065,2014.702,5304.759,9245.348,1978.241,5256.814,9234.163,2030.728,5257.525,9256.722,1981.396,5326.822,9248.265,2020.255,5293.251,9303.072,2016.508,5346.632,9313.439,1968.176,5341.243,9208.508,2008.945,5274.456,9270.977,1966.29,5334.006
9288.399,1975.98,5344,9272.451,1966.141,5341.519,9218.384,1955.12,5242.411,9238.925,1951.155,5329.318,9240.257,1976.812,5257.227,9282.073,1992.067,5263.238,9248.992,2014.702,5304.898,9245.165,1978.241,5256.909,9234.326,2030.728,5257.649,9256.683,1981.396,5326.933,9248.419,2020.255,5293.345,9303.046,2016.508,5346.831,9313.63,1968.176,5341.168,9208.318,2008.945,5274.405,9270.995,1966.29,5334.156
9288.509,1975.98,5344.149,9272.475,1966.141,5341.666,9218.346,1955.12,5242.208,9238.87,1951.155,5329.34,9240.173,1976.812,5257.04,9282.276,1992.067,5263.198,9248.919,2014.702,5305.036,9244.979,1978.241,5256.998,9234.49,2030.728,5257.772,9256.643,1981.396,5327.043,9248.573,2020.255,5293.439,9303.024,2016.508,5347.03,9313.823,1968.176,5341.099,9208.129,2008.945,5274.356,9271.015,1966.29,5334.307
9288.62,1975.98,5344.298,9272.498,1966.141,5341.812,9218.305,1955.12,5242.004,9238.816,1951.155,5329.363,9240.09,1976.812,5256.852,9282.479,1992.067,5263.151,9248.845,2014.702,5305.174,9244.791,1978.241,5257.081,9234.656,2030.728,5257.894,9256.603,1981.396,5327.153,9248.728,2020.255,5293.533,9303.007,2016.508,5347.229,9314.019,1968.176,5341.035,9207.939,2008.945,5274.309,9271.034,1966.29,5334.457
9288.732,1975.98,5344.447,9272.521,1966.141,5341.958,9218.261,1955.12,5241.802,9238.763,1951.155,5329.387,9240.008,1976.812,5256.663,9282.679,1992.067,5263.098,9248.771,2014.702,5305.311,9244.6,1978.241,5257.158,9234.823,2030.728,5258.013,9256.562,1981.396,5327.263,9248.882,2020.255,5293.627,9302.994,2016.508,5347.429,9314.215,1968.176,5340.977,9207.749,2008.945,5274.262,9271.055,1966.29,5334.607
9288.847,1975.98,5344.594,9272.543,1966.141,5342.105,9218.214,1955.12,5241.6,9238.709,1951.155,5329.411,9239.928,1976.812,5256.473,9282.877,1992.067,5263.038,9248.696,2014.702,5305.447,9244.406,1978.241,5257.229,9234.991,2030.728,5258.131,9256.521,1981.396,5327.372,9249.037,2020.255,5293.72,9302.985,2016.508,5347.629,9314.413,1968.176,5340.924,9207.559,2008.945,5274.216,9271.075,1966.29,5334.757
9288.96,1975.98,5344.742,9272.564,1966.141,5342.251,9218.164,1955.12,5241.399,9238.656,1951.155,5329.435,9239.849,1976.812,5256.283,9283.073,1992.067,5262.972,9248.621,2014.702,5305.582,9244.211,1978.241,5257.294,9235.16,2030.728,5258.247,9256.479,1981.396,5327.48,9249.192,2020.255,5293.813,9302.981,2016.508,5347.83,9314.612,1968.176,5340.876,9207.368,2008.945,5274.17,9271.097,1966.29,5334.906
9289.074,1975.98,5344.889,9272.586,1966.141,5342.398,9218.111,1955.12,5241.198,9238.604,1951.155,5329.459,9239.771,1976.812,5256.093,9283.268,1992.067,5262.9,9248.546,2014.702,5305.717,9244.014,1978.241,5257.354,9235.331,2030.728,5258.361,9256.438,1981.396,5327.588,9249.348,2020.255,5293.906,9302.981,2016.508,5348.03,9314.813,1968.176,5340.834,9207.178,2008.945,5274.126,9271.118,1966.29,5335.056
9289.19,1975.98,5345.035,9272.607,1966.141,5342.544,9218.057,1955.12,5240.999,9238.551,1951.155,5329.484,9239.695,1976.812,5255.902,9283.46,1992.067,5262.821,9248.471,2014.702,5305.851,9243.814,1978.241,5257.406,9235.503,2030.728,5258.474,9256.397,1981.396,5327.695,9249.503,2020.255,5293.998,9302.985,2016.508,5348.23,9315.016,1968.176,5340.797,9206.986,2008.945,5274.082,9271.141,1966.29,5335.205
9289.308,1975.98,5345.181,9272.628,1966.141,5342.691,9217.999,1955.12,5240.799,9238.499,1951.155,5329.509,9239.62,1976.812,5255.71,9283.649,1992.067,5262.737,9248.395,2014.702,5305.984,9243.614,1978.241,5257.453,9235.676,2030.728,5258.584,9256.356,1981.396,5327.802,9249.658,2020.255,5294.09,9302.994,2016.508,5348.43,9315.219,1968.176,5340.766,9206.795,2008.945,5274.039,9271.163,1966.29,5335.354
9289.439,1975.98,5345.343,9272.65,1966.141,5342.855,9217.933,1955.12,5240.577,9238.441,1951.155,5329.537,9239.537,1976.812,5255.495,9283.858,1992.067,5262.635,9248.309,2014.702,5306.132,9243.388,1978.241,5257.498,9235.871,2030.728,5258.706,9256.311,1981.396,5327.922,9249.833,2020.255,5294.192,9303.008,2016.508,5348.654,9315.447,1968.176,5340.736,9206.58,2008.945,5273.991,9271.189,1966.29,5335.521
9289.568,1975.98,5345.5,9272.672,1966.141,5343.015,9217.865,1955.12,5240.362,9238.386,1951.155,5329.565,9239.459,1976.812,5255.286,9284.058,1992.067,5262.53,9248.226,2014.702,5306.275,9243.167,1978.241,5257.534,9236.062,2030.728,5258.821,9256.267,1981.396,5328.037,9250.002,2020.255,5294.292,9303.025,2016.508,5348.871,9315.669,1968.176,5340.712,9206.372,2008.945,5273.945,9271.215,1966.29,5335.682
9289.695,1975.98,5345.653,9272.692,1966.141,5343.17,9217.797,1955.12,5240.152,9238.331,1951.155,5329.592,9239.384,1976.812,5255.081,9284.249,1992.067,5262.421,9248.144,2014.702,5306.414,9242.95,1978.241,5257.563,9236.249,2030.728,5258.933,9256.224,1981.396,5328.149,9250.168,2020.255,5294.388,9303.047,2016.508,5349.083,9315.887,1968.176,5340.694,9206.168,2008.945,5273.9,9271.24,1966.29,5335.84
9289.818,1975.98,5345.801,9272.712,1966.141,5343.32,9217.729,1955.12,5239.951,9238.279,1951.155,5329.619,9239.313,1976.812,5254.882,9284.431,1992.067,5262.311,9248.064,2014.702,5306.546,9242.74,1978.241,5257.585,9236.431,2030.728,5259.038,9256.182,1981.396,5328.257,9250.328,2020.255,5294.481,9303.072,2016.508,5349.286,9316.097,1968.176,5340.682,9205.972,2008.945,5273.858,9271.266,1966.29,5335.992
9289.95,1975.98,5345.956,9272.732,1966.141,5343.479,9217.656,1955.12,5239.739,9238.225,1951.155,5329.647,9239.238,1976.812,5254.672,9284.618,1992.067,5262.188,9247.98,2014.702,5306.686,9242.518,1978.241,5257.601,9236.624,2030.728,5259.146,9256.137,1981.396,5328.371,9250.498,2020.255,5294.579,9303.104,2016.508,5349.501,9316.319,1968.176,5340.673,9205.764,2008.945,5273.813,9271.293,1966.29,5336.152
9290.086,1975.98,5346.114,9272.753,1966.141,5343.642,9217.578,1955.12,5239.522,9238.169,1951.155,5329.677,9239.164,1976.812,5254.455,9284.808,1992.067,5262.055,9247.894,2014.702,5306.829,9242.289,1978.241,5257.611,9236.824,2030.728,5259.256,9256.088,1981.396,5328.486,9250.673,2020.255,5294.678,9303.14,2016.508,5349.721,9316.548,1968.176,5340.669,9205.55,2008.945,5273.768,9271.321,1966.29,5336.317
9290.209,1975.98,5346.256,9272.771,1966.141,5343.789,9217.506,1955.12,5239.328,9238.119,1951.155,5329.703,9239.099,1976.812,5254.26,9284.974,1992.067,5261.93,9247.815,2014.702,5306.957,9242.083,1978.241,5257.613,9237.005,2030.728,5259.353,9256.042,1981.396,5328.588,9250.83,2020.255,5294.768,9303.176,2016.508,5349.918,9316.754,1968.176,5340.67,9205.357,2008.945,5273.729,9271.347,1966.29,5336.465
9290.343,1975.98,5346.407,9272.791,1966.141,5343.946,9217.427,1955.12,5239.12,9238.066,1951.155,5329.732,9239.03,1976.812,5254.05,9285.147,1992.067,5261.792,9247.731,2014.702,5307.092,9241.862,1978.241,5257.609,9237.2,2030.728,5259.454,9255.991,1981.396,5328.696,9250.999,2020.255,5294.863,9303.219,2016.508,5350.128,9316.975,1968.176,5340.674,9205.15,2008.945,5273.688,9271.373,1966.29,5336.624
9290.468,1975.98,5346.547,9272.809,1966.141,5344.092,9217.352,1955.12,5238.926,9238.018,1951.155,5329.759,9238.968,1976.812,5253.854,9285.306,1992.067,5261.657,9247.652,2014.702,5307.218,9241.657,1978.241,5257.599,9237.383,2030.728,5259.546,9255.942,1981.396,5328.795,9251.156,2020.255,5294.951,9303.262,2016.508,5350.324,9317.181,1968.176,5340.682,9204.957,2008.945,5273.652,9271.397,1966.29,5336.772
9290.594,1975.98,5346.687,9272.826,1966.141,5344.239,9217.274,1955.12,5238.734,9237.969,1951.155,5329.786,9238.906,1976.812,5253.657,9285.46,1992.067,5261.519,9247.573,2014.702,5307.343,9241.452,1978.241,5257.582,9237.567,2030.728,5259.636,9255.892,1981.396,5328.894,9251.314,2020.255,5295.039,9303.309,2016.508,5350.519,9317.386,1968.176,5340.693,9204.764,2008.945,5273.617,9271.422,1966.29,5336.92
9290.721,1975.98,5346.826,9272.844,1966.141,5344.385,9217.195,1955.12,5238.542,9237.92,1951.155,5329.813,9238.847,1976.812,5253.459,9285.61,1992.067,5261.375,9247.493,2014.702,5307.467,9241.248,1978.241,5257.56,9237.753,2030.728,5259.724,9255.841,1981.396,5328.991,9251.473,2020.255,5295.126,9303.358,2016.508,5350.713,9317.591,1968.176,5340.708,9204.57,2008.945,5273.583,9271.446,1966.29,5337.068
9290.848,1975.98,5346.965,9272.86,1966.141,5344.532,9217.115,1955.12,5238.351,9237.871,1951.155,5329.84,9238.788,1976.812,5253.262,9285.757,1992.067,5261.229,9247.413,2014.702,5307.591,9241.044,1978.241,5257.531,9237.939,2030.728,5259.809,9255.789,1981.396,5329.088,9251.631,2020.255,5295.213,9303.412,2016.508,5350.906,9317.796,1968.176,5340.725,9204.376,2008.945,5273.551,9271.47,1966.29,5337.215
9290.976,1975.98,5347.104,9272.877,1966.141,5344.678,9217.033,1955.12,5238.16,9237.823,1951.155,5329.868,9238.731,1976.812,5253.063,9285.9,1992.067,5261.079,9247.333,2014.702,5307.713,9240.841,1978.241,5257.496,9238.127,2030.728,5259.892,9255.736,1981.396,5329.184,9251.79,2020.255,5295.299,9303.469,2016.508,5351.098,9318.001,1968.176,5340.744,9204.182,2008.945,5273.519,9271.493,1966.29,5337.363
9291.104,1975.98,5347.243,9272.894,1966.141,5344.825,9216.95,1955.12,5237.97,9237.775,1951.155,5329.895,9238.676,1976.812,5252.865,9286.041,1992.067,5260.927,9247.252,2014.702,5307.835,9240.64,1978.241,5257.455,9238.315,2030.728,5259.973,9255.683,1981.396,5329.278,9251.949,2020.255,5295.385,9303.529,2016.508,5351.29,9318.206,1968.176,5340.766,9203.987,2008.945,5273.488,9271.517,1966.29,5337.51
9291.24,1975.98,5347.391,9272.911,1966.141,5344.98,9216.86,1955.12,5237.769,9237.725,1951.155,5329.924,9238.618,1976.812,5252.653,9286.189,1992.067,5260.763,9247.166,2014.702,5307.963,9240.427,1978.241,5257.404,9238.517,2030.728,5260.057,9255.625,1981.396,5329.378,9252.119,2020.255,5295.476,9303.597,2016.508,5351.492,9318.424,1968.176,5340.792,9203.78,2008.945,5273.456,9271.541,1966.29,5337.667
9291.369,1975.98,5347.529,9272.927,1966.141,5345.127,9216.774,1955.12,5237.58,9237.677,1951.155,5329.952,9238.565,1976.812,5252.453,9286.33,1992.067,5260.61,9247.085,2014.702,5308.083,9240.229,1978.241,5257.351,9238.707,2030.728,5260.133,9255.57,1981.396,5329.472,9252.279,2020.255,5295.56,9303.663,2016.508,5351.681,9318.628,1968.176,5340.818,9203.586,2008.945,5273.427,9271.563,1966.29,5337.815
9291.498,1975.98,5347.667,9272.942,1966.141,5345.273,9216.688,1955.12,5237.391,9237.63,1951.155,5329.98,9238.514,1976.812,5252.253,9286.469,1992.067,5260.456,9247.003,2014.702,5308.203,9240.031,1978.241,5257.292,9238.898,2030.728,5260.207,9255.516,1981.396,5329.564,9252.439,2020.255,5295.644,9303.732,2016.508,5351.869,9318.832,1968.176,5340.846,9203.391,2008.945,5273.398,9271.586,1966.29,5337.962
9291.628,1975.98,5347.806,9272.958,1966.141,5345.42,9216.599,1955.12,5237.204,9237.583,1951.155,5330.008,9238.464,1976.812,5252.053,9286.606,1992.067,5260.301,9246.921,2014.702,5308.321,9239.836,1978.241,5257.227,9239.091,2030.728,5260.278,9255.461,1981.396,5329.656,9252.6,2020.255,5295.728,9303.805,2016.508,5352.056,9319.036,1968.176,5340.876,9203.195,2008.945,5273.37,9271.608,1966.29,5338.11
9291.758,1975.98,5347.944,9272.973,1966.141,5345.566,9216.509,1955.12,5237.017,9237.536,1951.155,5330.036,9238.415,1976.812,5251.853,9286.743,1992.067,5260.145,9246.839,2014.702,5308.438,9239.643,1978.241,5257.156,9239.284,2030.728,5260.347,9255.405,1981.396,5329.748,9252.761,2020.255,5295.81,9303.88,2016.508,5352.242,9319.24,1968.176,5340.907,9203,2008.945,5273.343,9271.631,1966.29,5338.257
9291.888,1975.98,5348.082,9272.987,1966.141,5345.713,9216.418,1955.12,5236.83,9237.489,1951.155,5330.063,9238.368,1976.812,5251.651,9286.881,1992.067,5259.99,9246.756,2014.702,5308.555,9239.451,1978.241,5257.08,9239.478,2030.728,5260.413,9255.35,1981.396,5329.838,9252.922,2020.255,5295.892,9303.958,2016.508,5352.427,9319.443,1968.176,5340.939,9202.805,2008.945,5273.316,9271.652,1966.29,5338.405
9292.019,1975.98,5348.219,9273.001,1966.141,5345.859,9216.326,1955.12,5236.644,9237.443,1951.155,5330.092,9238.323,1976.812,5251.45,9287.018,1992.067,5259.833,9246.673,2014.702,5308.671,9239.263,1978.241,5256.998,9239.672,2030.728,5260.477,9255.294,1981.396,5329.929,9253.083,2020.255,5295.974,9304.038,2016.508,5352.611,9319.646,1968.176,5340.972,9202.609,2008.945,5273.29,9271.674,1966.29,5338.552
9292.149,1975.98,5348.357,9273.015,1966.141,5346.006,9216.233,1955.12,5236.458,9237.397,1951.155,5330.12,9238.279,1976.812,5251.249,9287.154,1992.067,5259.677,9246.59,2014.702,5308.786,9239.076,1978.241,5256.911,9239.867,2030.728,5260.539,9255.238,1981.396,5330.019,9253.245,2020.255,5296.055,9304.121,2016.508,5352.794,9319.85,1968.176,5341.006,9202.414,2008.945,5273.264,9271.695,1966.29,5338.699
9292.28,1975.98,5348.495,9273.027,1966.141,5346.152,9216.14,1955.12,5236.273,9237.352,1951.155,5330.148,9238.236,1976.812,5251.046,9287.291,1992.067,5259.521,9246.506,2014.702,5308.9,9238.893,1978.241,5256.818,9240.063,2030.728,5260.598,9255.183,1981.396,5330.108,9253.407,2020.255,5296.135,9304.206,2016.508,5352.976,9320.053,1968.176,5341.042,9202.219,2008.945,5273.238,9271.717,1966.29,5338.846
9292.412,1975.98,5348.632,9273.04,1966.141,5346.298,9216.045,1955.12,5236.089,9237.306,1951.155,5330.177,9238.195,1976.812,5250.844,9287.427,1992.067,5259.364,9246.422,2014.702,5309.013,9238.712,1978.241,5256.72,9240.261,2030.728,5260.654,9255.127,1981.396,5330.197,9253.569,2020.255,5296.214,9304.294,2016.508,5353.156,9320.256,1968.176,5341.077,9202.023,2008.945,5273.213,9271.737,1966.29,5338.993
9292.544,1975.98,5348.77,9273.052,1966.141,5346.444,9215.949,1955.12,5235.905,9237.261,1951.155,5330.205,9238.155,1976.812,5250.641,9287.563,1992.067,5259.208,9246.338,2014.702,5309.125,9238.534,1978.241,5256.616,9240.458,2030.728,5260.708,9255.071,1981.396,5330.285,9253.732,2020.255,5296.293,9304.384,2016.508,5353.336,9320.459,1968.176,5341.113,9201.827,2008.945,5273.189,9271.758,1966.29,5339.14
9292.676,1975.98,5348.908,9273.063,1966.141,5346.59,9215.853,1955.12,5235.721,9237.216,1951.155,5330.233,9238.117,1976.812,5250.438,9287.7,1992.067,5259.051,9246.254,2014.702,5309.237,9238.359,1978.241,5256.508,9240.656,2030.728,5260.76,9255.016,1981.396,5330.373,9253.896,2020.255,5296.372,9304.477,2016.508,5353.514,9320.662,1968.176,5341.15,9201.631,2008.945,5273.165,9271.778,1966.29,5339.287
9292.808,1975.98,5349.045,9273.074,1966.141,5346.736,9215.755,1955.12,5235.538,9237.171,1951.155,5330.262,9238.08,1976.812,5250.235,9287.836,1992.067,5258.895,9246.169,2014.702,5309.348,9238.188,1978.241,5256.395,9240.855,2030.728,5260.809,9254.96,1981.396,5330.46,9254.06,2020.255,5296.449,9304.571,2016.508,5353.691,9320.865,1968.176,5341.187,9201.435,2008.945,5273.141,9271.799,1966.29,5339.434
9292.94,1975.98,5349.183,9273.085,1966.141,5346.882,9215.656,1955.12,5235.355,9237.126,1951.155,5330.29,9238.044,1976.812,5250.031,9287.972,1992.067,5258.737,9246.084,2014.702,5309.458,9238.019,1978.241,5256.276,9241.055,2030.728,5260.855,9254.904,1981.396,5330.547,9254.224,2020.255,5296.526,9304.668,2016.508,5353.868,9321.068,1968.176,5341.225,9201.238,2008.945,5273.118,9271.819,1966.29,5339.581
9293.073,1975.98,5349.321,9273.096,1966.141,5347.028,9215.557,1955.12,5235.173,9237.081,1951.155,5330.318,9238.01,1976.812,5249.828,9288.107,1992.067,5258.581,9245.999,2014.702,5309.566,9237.854,1978.241,5256.154,9241.255,2030.728,5260.898,9254.849,1981.396,5330.634,9254.388,2020.255,5296.603,9304.767,2016.508,5354.043,9321.271,1968.176,5341.262,9201.042,2008.945,5273.095,9271.839,1966.29,5339.728
9293.206,1975.98,5349.458,9273.105,1966.141,5347.174,9215.456,1955.12,5234.991,9237.037,1951.155,5330.347,9237.977,1976.812,5249.624,9288.243,1992.067,5258.423,9245.913,2014.702,5309.674,9237.691,1978.241,5256.026,9241.455,2030.728,5260.939,9254.793,1981.396,5330.72,9254.553,2020.255,5296.678,9304.867,2016.508,5354.217,9321.475,1968.176,5341.3,9200.846,2008.945,5273.072,9271.858,1966.29,5339.875
9293.339,1975.98,5349.596,9273.115,1966.141,5347.32,9215.354,1955.12,5234.81,9236.993,1951.155,5330.375,9237.944,1976.812,5249.419,9288.382,1992.067,5258.269,9245.826,2014.702,5309.781,9237.533,1978.241,5255.895,9241.656,2030.728,5260.978,9254.737,1981.396,5330.805,9254.718,2020.255,5296.753,9304.971,2016.508,5354.39,9321.678,1968.176,5341.338,9200.649,2008.945,5273.049,9271.878,1966.29,5340.021
9293.473,1975.98,5349.734,9273.124,1966.141,5347.466,9215.252,1955.12,5234.629,9236.949,1951.155,5330.403,9237.913,1976.812,5249.215,9288.519,1992.067,5258.113,9245.738,2014.702,5309.886,9237.379,1978.241,5255.759,9241.858,2030.728,5261.014,9254.682,1981.396,5330.891,9254.884,2020.255,5296.827,9305.076,2016.508,5354.561,9321.881,1968.176,5341.376,9200.453,2008.945,5273.027,9271.897,1966.29,5340.167
9293.606,1975.98,5349.871,9273.133,1966.141,5347.612,9215.149,1955.12,5234.449,9236.905,1951.155,5330.432,9237.883,1976.812,5249.01,9288.658,1992.067,5257.959,9245.65,2014.702,5309.99,9237.228,1978.241,5255.619,9242.061,2030.728,5261.047,9254.626,1981.396,5330.976,9255.05,2020.255,5296.9,9305.184,2016.508,5354.731,9322.084,1968.176,5341.415,9200.257,2008.945,5273.005,9271.916,1966.29,5340.314
9293.74,1975.98,5350.008,9273.142,1966.141,5347.758,9215.046,1955.12,5234.27,9236.861,1951.155,5330.46,9237.854,1976.812,5248.806,9288.795,1992.067,5257.803,9245.562,2014.702,5310.092,9237.08,1978.241,5255.476,9242.263,2030.728,5261.078,9254.57,1981.396,5331.06,9255.216,2020.255,5296.973,9305.293,2016.508,5354.9,9322.287,1968.176,5341.453,9200.061,2008.945,5272.983,9271.935,1966.29,5340.46
9293.874,1975.98,5350.146,9273.149,1966.141,5347.904,9214.941,1955.12,5234.09,9236.817,1951.155,5330.488,9237.825,1976.812,5248.601,9288.932,1992.067,5257.646,9245.472,2014.702,5310.194,9236.937,1978.241,5255.328,9242.466,2030.728,5261.105,9254.515,1981.396,5331.144,9255.383,2020.255,5297.045,9305.404,2016.508,5355.067,9322.49,1968.176,5341.491,9199.864,2008.945,5272.961,9271.953,1966.29,5340.607
9294.009,1975.98,5350.283,9273.157,1966.141,5348.05,9214.836,1955.12,5233.912,9236.774,1951.155,5330.517,9237.799,1976.812,5248.396,9289.062,1992.067,5257.485,9245.382,2014.702,5310.294,9236.796,1978.241,5255.178,9242.669,2030.728,5261.131,9254.459,1981.396,5331.228,9255.55,2020.255,5297.116,9305.518,2016.508,5355.234,9322.693,1968.176,5341.529,9199.668,2008.945,5272.94,9271.972,1966.29,5340.753
9294.144,1975.98,5350.42,9273.164,1966.141,5348.196,9214.729,1955.12,5233.733,9236.731,1951.155,5330.545,9237.772,1976.812,5248.19,9289.196,1992.067,5257.326,9245.291,2014.702,5310.393,9236.659,1978.241,5255.024,9242.873,2030.728,5261.153,9254.403,1981.396,5331.311,9255.717,2020.255,5297.187,9305.633,2016.508,5355.399,9322.896,1968.176,5341.567,9199.472,2008.945,5272.919,9271.99,1966.29,5340.9
9294.278,1975.98,5350.557,9273.17,1966.141,5348.342,9214.622,1955.12,5233.556,9236.688,1951.155,5330.573,9237.747,1976.812,5247.985,9289.334,1992.067,5257.17,9245.2,2014.702,5310.491,9236.525,1978.241,5254.868,9243.077,2030.728,5261.173,9254.348,1981.396,5331.393,9255.885,2020.255,5297.256,9305.75,2016.508,5355.563,9323.1,1968.176,5341.605,9199.274,2008.945,5272.898,9272.008,1966.29,5341.046
9294.413,1975.98,5350.694,9273.175,1966.141,5348.488,9214.514,1955.12,5233.378,9236.646,1951.155,5330.602,9237.723,1976.812,5247.779,9289.475,1992.067,5257.017,9245.108,2014.702,5310.587,9236.395,1978.241,5254.709,9243.281,2030.728,5261.191,9254.292,1981.396,5331.475,9256.053,2020.255,5297.325,9305.869,2016.508,5355.725,9323.303,1968.176,5341.644,9199.077,2008.945,5272.877,9272.025,1966.29,5341.193
9294.549,1975.98,5350.832,9273.18,1966.141,5348.634,9214.405,1955.12,5233.202,9236.603,1951.155,5330.63,9237.7,1976.812,5247.574,9289.617,1992.067,5256.866,9245.016,2014.702,5310.683,9236.267,1978.241,5254.547,9243.485,2030.728,5261.206,9254.237,1981.396,5331.557,9256.222,2020.255,5297.392,9305.99,2016.508,5355.886,9323.506,1968.176,5341.682,9198.88,2008.945,5272.857,9272.043,1966.29,5341.339
9294.685,1975.98,5350.969,9273.184,1966.141,5348.78,9214.295,1955.12,5233.025,9236.56,1951.155,5330.658,9237.679,1976.812,5247.368,9289.762,1992.067,5256.716,9244.923,2014.702,5310.777,9236.142,1978.241,5254.383,9243.689,2030.728,5261.218,9254.183,1981.396,5331.639,9256.392,2020.255,5297.458,9306.113,2016.508,5356.046,9323.709,1968.176,5341.719,9198.683,2008.945,5272.837,9272.06,1966.29,5341.485
9294.82,1975.98,5351.106,9273.187,1966.141,5348.926,9214.184,1955.12,5232.85,9236.517,1951.155,5330.686,9237.659,1976.812,5247.162,9289.907,1992.067,5256.567,9244.829,2014.702,5310.87,9236.02,1978.241,5254.217,9243.895,2030.728,5261.228,9254.128,1981.396,5331.72,9256.562,2020.255,5297.523,9306.237,2016.508,5356.206,9323.912,1968.176,5341.757,9198.485,2008.945,5272.817,9272.076,1966.29,5341.631
9294.956,1975.98,5351.243,9273.189,1966.141,5349.072,9214.071,1955.12,5232.675,9236.474,1951.155,5330.713,9237.641,1976.812,5246.956,9290.054,1992.067,5256.42,9244.735,2014.702,5310.961,9235.9,1978.241,5254.049,9244.1,2030.728,5261.234,9254.073,1981.396,5331.8,9256.732,2020.255,5297.586,9306.363,2016.508,5356.363,9324.115,1968.176,5341.794,9198.288,2008.945,5272.797,9272.092,1966.29,5341.777
9295.092,1975.98,5351.38,9273.191,1966.141,5349.217,9213.958,1955.12,5232.501,9236.431,1951.155,5330.74,9237.623,1976.812,5246.75,9290.202,1992.067,5256.275,9244.642,2014.702,5311.052,9235.784,1978.241,5253.879,9244.305,2030.728,5261.239,9254.019,1981.396,5331.88,9256.903,2020.255,5297.648,9306.49,2016.508,5356.52,9324.318,1968.176,5341.832,9198.091,2008.945,5272.777,9272.106,1966.29,5341.923
9295.229,1975.98,5351.518,9273.192,1966.141,5349.363,9213.843,1955.12,5232.329,9236.388,1951.155,5330.767,9237.607,1976.812,5246.543,9290.352,1992.067,5256.13,9244.547,2014.702,5311.141,9235.671,1978.241,5253.708,9244.51,2030.728,5261.241,9253.964,1981.396,5331.96,9257.075,2020.255,5297.709,9306.619,2016.508,5356.675,9324.521,1968.176,5341.869,9197.894,2008.945,5272.758,9272.121,1966.29,5342.069
9295.365,1975.98,5351.655,9273.193,1966.141,5349.508,9213.727,1955.12,5232.156,9236.345,1951.155,5330.793,9237.593,1976.812,5246.336,9290.501,1992.067,5255.985,9244.452,2014.702,5311.229,9235.56,1978.241,5253.534,9244.715,2030.728,5261.24,9253.909,1981.396,5332.04,9257.247,2020.255,5297.769,9306.749,2016.508,5356.83,9324.725,1968.176,5341.905,9197.696,2008.945,5272.739,9272.135,1966.29,5342.215
9295.502,1975.98,5351.792,9273.193,1966.141,5349.654,9213.609,1955.12,5231.985,9236.302,1951.155,5330.819,9237.579,1976.812,5246.13,9290.65,1992.067,5255.841,9244.356,2014.702,5311.316,9235.451,1978.241,5253.359,9244.92,2030.728,5261.236,9253.854,1981.396,5332.119,9257.42,2020.255,5297.828,9306.881,2016.508,5356.983,9324.928,1968.176,5341.942,9197.499,2008.945,5272.72,9272.148,1966.29,5342.361
9295.639,1975.98,5351.929,9273.192,1966.141,5349.799,9213.491,1955.12,5231.814,9236.259,1951.155,5330.845,9237.566,1976.812,5245.923,9290.8,1992.067,5255.696,9244.261,2014.702,5311.402,9235.345,1978.241,5253.182,9245.125,2030.728,5261.23,9253.8,1981.396,5332.197,9257.594,2020.255,5297.885,9307.014,2016.508,5357.135,9325.132,1968.176,5341.978,9197.302,2008.945,5272.701,9272.161,1966.29,5342.507
9295.775,1975.98,5352.066,9273.191,1966.141,5349.945,9213.372,1955.12,5231.644,9236.216,1951.155,5330.87,9237.555,1976.812,5245.717,9290.949,1992.067,5255.552,9244.164,2014.702,5311.487,9235.24,1978.241,5253.004,9245.33,2030.728,5261.222,9253.745,1981.396,5332.275,9257.768,2020.255,5297.94,9307.147,2016.508,5357.287,9325.336,1968.176,5342.014,9197.104,2008.945,5272.682,9272.174,1966.29,5342.653
9295.913,1975.98,5352.204,9273.189,1966.141,5350.09,9213.252,1955.12,5231.475,9236.173,1951.155,5330.896,9237.544,1976.812,5245.51,9291.099,1992.067,5255.407,9244.067,2014.702,5311.571,9235.138,1978.241,5252.825,9245.535,2030.728,5261.211,9253.69,1981.396,5332.353,9257.942,2020.255,5297.995,9307.282,2016.508,5357.437,9325.54,1968.176,5342.05,9196.907,2008.945,5272.664,9272.186,1966.29,5342.799
9296.051,1975.98,5352.341,9273.188,1966.141,5350.235,9213.131,1955.12,5231.306,9236.13,1951.155,5330.921,9237.534,1976.812,5245.303,9291.248,1992.067,5255.263,9243.971,2014.702,5311.653,9235.037,1978.241,5252.645,9245.74,2030.728,5261.198,9253.636,1981.396,5332.431,9258.117,2020.255,5298.048,9307.418,2016.508,5357.586,9325.744,1968.176,5342.085,9196.71,2008.945,5272.645,9272.197,1966.29,5342.945
9296.188,1975.98,5352.478,9273.185,1966.141,5350.38,9213.009,1955.12,5231.138,9236.087,1951.155,5330.946,9237.525,1976.812,5245.096,9291.402,1992.067,5255.123,9243.873,2014.702,5311.735,9234.938,1978.241,5252.464,9245.944,2030.728,5261.182,9253.581,1981.396,5332.508,9258.293,2020.255,5298.1,9307.555,2016.508,5357.735,9325.948,1968.176,5342.121,9196.513,2008.945,5272.627,9272.208,1966.29,5343.091
9296.326,1975.98,5352.615,9273.182,1966.141,5350.525,9212.886,1955.12,5230.97,9236.044,1951.155,5330.971,9237.518,1976.812,5244.889,9291.544,1992.067,5254.971,9243.775,2014.702,5311.815,9234.842,1978.241,5252.282,9246.148,2030.728,5261.163,9253.527,1981.396,5332.584,9258.469,2020.255,5298.15,9307.692,2016.508,5357.883,9326.152,1968.176,5342.156,9196.315,2008.945,5272.609,9272.219,1966.29,5343.237
9296.464,1975.98,5352.752,9273.179,1966.141,5350.67,9212.762,1955.12,5230.804,9236.002,1951.155,5330.996,9237.511,1976.812,5244.682,9291.69,1992.067,5254.823,9243.678,2014.702,5311.895,9234.746,1978.241,5252.099,9246.353,2030.728,5261.142,9253.474,1981.396,5332.661,9258.646,2020.255,5298.199,9307.831,2016.508,5358.031,9326.356,1968.176,5342.19,9196.117,2008.945,5272.591,9272.229,1966.29,5343.383
9296.602,1975.98,5352.89,9273.176,1966.141,5350.815,9212.637,1955.12,5230.638,9235.96,1951.155,5331.02,9237.505,1976.812,5244.475,9291.841,1992.067,5254.68,9243.58,2014.702,5311.973,9234.652,1978.241,5251.915,9246.557,2030.728,5261.119,9253.42,1981.396,5332.736,9258.822,2020.255,5298.247,9307.971,2016.508,5358.177,9326.561,1968.176,5342.225,9195.919,2008.945,5272.574,9272.238,1966.29,5343.529
9296.74,1975.98,5353.027,9273.172,1966.141,5350.96,9212.511,1955.12,5230.472,9235.918,1951.155,5331.044,9237.499,1976.812,5244.268,9291.99,1992.067,5254.535,9243.481,2014.702,5312.05,9234.56,1978.241,5251.73,9246.76,2030.728,5261.093,9253.366,1981.396,5332.812,9259,2020.255,5298.293,9308.111,2016.508,5358.323,9326.765,1968.176,5342.259,9195.721,2008.945,5272.556,9272.247,1966.29,5343.674
9296.879,1975.98,5353.165,9273.168,1966.141,5351.105,9212.384,1955.12,5230.308,9235.876,1951.155,5331.069,9237.494,1976.812,5244.061,9292.145,1992.067,5254.396,9243.384,2014.702,5312.126,9234.468,1978.241,5251.545,9246.963,2030.728,5261.064,9253.313,1981.396,5332.887,9259.178,2020.255,5298.338,9308.253,2016.508,5358.468,9326.969,1968.176,5342.292,9195.522,2008.945,5272.539,9272.255,1966.29,5343.82
9297.021,1975.98,5353.299,9273.164,1966.141,5351.25,9212.256,1955.12,5230.144,9235.834,1951.155,5331.093,9237.49,1976.812,5243.854,9292.303,1992.067,5254.261,9243.286,2014.702,5312.202,9234.377,1978.241,5251.36,9247.166,2030.728,5261.034,9253.259,1981.396,5332.962,9259.356,2020.255,5298.381,9308.396,2016.508,5358.613,9327.173,1968.176,5342.325,9195.324,2008.945,5272.522,9272.263,1966.29,5343.965
9297.165,1975.98,5353.431,9273.159,1966.141,5351.395,9212.127,1955.12,5229.98,9235.792,1951.155,5331.117,9237.487,1976.812,5243.646,9292.465,1992.067,5254.131,9243.188,2014.702,5312.277,9234.287,1978.241,5251.174,9247.368,2030.728,5261.001,9253.205,1981.396,5333.036,9259.535,2020.255,5298.423,9308.538,2016.508,5358.757,9327.378,1968.176,5342.357,9195.126,2008.945,5272.504,9272.27,1966.29,5344.111
9297.312,1975.98,5353.561,9273.154,1966.141,5351.539,9211.998,1955.12,5229.817,9235.75,1951.155,5331.141,9237.484,1976.812,5243.439,9292.631,1992.067,5254.005,9243.091,2014.702,5312.352,9234.198,1978.241,5250.988,9247.57,2030.728,5260.966,9253.151,1981.396,5333.11,9259.715,2020.255,5298.464,9308.682,2016.508,5358.9,9327.583,1968.176,5342.388,9194.928,2008.945,5272.486,9272.275,1966.29,5344.256
9297.46,1975.98,5353.688,9273.149,1966.141,5351.684,9211.868,1955.12,5229.655,9235.708,1951.155,5331.165,9237.482,1976.812,5243.232,9292.796,1992.067,5253.879,9242.993,2014.702,5312.426,9234.109,1978.241,5250.802,9247.772,2030.728,5260.929,9253.098,1981.396,5333.184,9259.895,2020.255,5298.503,9308.826,2016.508,5359.042,9327.788,1968.176,5342.418,9194.729,2008.945,5272.468,9272.28,1966.29,5344.402
9297.61,1975.98,5353.813,9273.144,1966.141,5351.828,9211.737,1955.12,5229.494,9235.666,1951.155,5331.188,9237.481,1976.812,5243.025,9292.957,1992.067,5253.752,9242.896,2014.702,5312.5,9234.021,1978.241,5250.615,9247.974,2030.728,5260.889,9253.044,1981.396,5333.257,9260.075,2020.255,5298.541,9308.972,2016.508,5359.185,9327.993,1968.176,5342.448,9194.531,2008.945,5272.449,9272.284,1966.29,5344.547
9297.763,1975.98,5353.936,9273.138,1966.141,5351.973,9211.605,1955.12,5229.333,9235.624,1951.155,5331.212,9237.48,1976.812,5242.817,9293.123,1992.067,5253.626,9242.798,2014.702,5312.572,9233.934,1978.241,5250.428,9248.175,2030.728,5260.847,9252.99,1981.396,5333.33,9260.256,2020.255,5298.577,9309.117,2016.508,5359.326,9328.198,1968.176,5342.478,9194.333,2008.945,5272.429,9272.287,1966.29,5344.693
9297.916,1975.98,5354.058,9273.132,1966.141,5352.117,9211.473,1955.12,5229.173,9235.582,1951.155,5331.235,9237.48,1976.812,5242.61,9293.289,1992.067,5253.504,9242.7,2014.702,5312.645,9233.847,1978.241,5250.241,9248.375,2030.728,5260.803,9252.937,1981.396,5333.402,9260.438,2020.255,5298.611,9309.264,2016.508,5359.467,9328.403,1968.176,5342.506,9194.135,2008.945,5272.409,9272.289,1966.29,5344.838
9298.07,1975.98,5354.179,9273.126,1966.141,5352.261,9211.34,1955.12,5229.013,9235.54,1951.155,5331.259,9237.481,1976.812,5242.402,9293.454,1992.067,5253.378,9242.604,2014.702,5312.716,9233.76,1978.241,5250.053,9248.575,2030.728,5260.757,9252.883,1981.396,5333.474,9260.619,2020.255,5298.645,9309.411,2016.508,5359.607,9328.608,1968.176,5342.534,9193.937,2008.945,5272.389,9272.29,1966.29,5344.983
9298.226,1975.98,5354.298,9273.119,1966.141,5352.405,9211.206,1955.12,5228.854,9235.498,1951.155,5331.282,9237.482,1976.812,5242.195,9293.619,1992.067,5253.251,9242.507,2014.702,5312.787,9233.674,1978.241,5249.866,9248.774,2030.728,5260.708,9252.829,1981.396,5333.546,9260.801,2020.255,5298.676,9309.559,2016.508,5359.747,9328.813,1968.176,5342.562,9193.738,2008.945,5272.369,9272.29,1966.29,5345.128
9298.382,1975.98,5354.417,9273.112,1966.141,5352.549,9211.071,1955.12,5228.695,9235.457,1951.155,5331.305,9237.484,1976.812,5241.987,9293.778,1992.067,5253.121,9242.41,2014.702,5312.857,9233.588,1978.241,5249.678,9248.974,2030.728,5260.658,9252.776,1981.396,5333.617,9260.983,2020.255,5298.707,9309.707,2016.508,5359.886,9329.019,1968.176,5342.588,9193.54,2008.945,5272.348,9272.289,1966.29,5345.273
9298.539,1975.98,5354.535,9273.105,1966.141,5352.693,9210.937,1955.12,5228.538,9235.416,1951.155,5331.328,9237.486,1976.812,5241.78,9293.943,1992.067,5252.994,9242.313,2014.702,5312.927,9233.502,1978.241,5249.49,9249.172,2030.728,5260.605,9252.724,1981.396,5333.688,9261.166,2020.255,5298.735,9309.855,2016.508,5360.024,9329.224,1968.176,5342.615,9193.342,2008.945,5272.328,9272.287,1966.29,5345.418
9298.697,1975.98,5354.652,9273.098,1966.141,5352.837,9210.801,1955.12,5228.38,9235.375,1951.155,5331.35,9237.489,1976.812,5241.572,9294.109,1992.067,5252.869,9242.217,2014.702,5312.997,9233.417,1978.241,5249.302,9249.37,2030.728,5260.55,9252.671,1981.396,5333.759,9261.35,2020.255,5298.763,9310.005,2016.508,5360.163,9329.43,1968.176,5342.642,9193.144,2008.945,5272.307,9272.284,1966.29,5345.563
9298.855,1975.98,5354.769,9273.09,1966.141,5352.98,9210.664,1955.12,5228.224,9235.334,1951.155,5331.373,9237.492,1976.812,5241.365,9294.274,1992.067,5252.743,9242.12,2014.702,5313.065,9233.332,1978.241,5249.113,9249.567,2030.728,5260.494,9252.618,1981.396,5333.829,9261.533,2020.255,5298.789,9310.154,2016.508,5360.3,9329.636,1968.176,5342.667,9192.945,2008.945,5272.286,9272.28,1966.29,5345.707
9299.015,1975.98,5354.885,9273.082,1966.141,5353.124,9210.527,1955.12,5228.067,9235.293,1951.155,5331.395,9237.496,1976.812,5241.157,9294.438,1992.067,5252.615,9242.023,2014.702,5313.133,9233.247,1978.241,5248.925,9249.765,2030.728,5260.435,9252.565,1981.396,5333.899,9261.717,2020.255,5298.813,9310.305,2016.508,5360.438,9329.842,1968.176,5342.693,9192.747,2008.945,5272.265,9272.275,1966.29,5345.852
9299.174,1975.98,5355.001,9273.074,1966.141,5353.268,9210.39,1955.12,5227.912,9235.252,1951.155,5331.417,9237.5,1976.812,5240.95,9294.605,1992.067,5252.491,9241.927,2014.702,5313.201,9233.162,1978.241,5248.736,9249.961,2030.728,5260.375,9252.513,1981.396,5333.969,9261.901,2020.255,5298.836,9310.455,2016.508,5360.574,9330.048,1968.176,5342.718,9192.549,2008.945,5272.244,9272.27,1966.29,5345.996
9299.334,1975.98,5355.116,9273.065,1966.141,5353.411,9210.251,1955.12,5227.756,9235.211,1951.155,5331.439,9237.505,1976.812,5240.742,9294.771,1992.067,5252.364,9241.831,2014.702,5313.268,9233.077,1978.241,5248.548,9250.156,2030.728,5260.312,9252.46,1981.396,5334.038,9262.086,2020.255,5298.857,9310.606,2016.508,5360.71,9330.254,1968.176,5342.743,9192.351,2008.945,5272.223,9272.264,1966.29,5346.14
9299.494,1975.98,5355.231,9273.057,1966.141,5353.555,9210.112,1955.12,5227.602,9235.17,1951.155,5331.461,9237.51,1976.812,5240.535,9294.937,1992.067,5252.239,9241.735,2014.702,5313.334,9232.993,1978.241,5248.359,9250.352,2030.728,5260.248,9252.407,1981.396,5334.107,9262.271,2020.255,5298.877,9310.758,2016.508,5360.846,9330.46,1968.176,5342.767,9192.152,2008.945,5272.202,9272.257,1966.29,5346.284
9299.654,1975.98,5355.346,9273.048,1966.141,5353.698,9209.973,1955.12,5227.448,9235.129,1951.155,5331.483,9237.516,1976.812,5240.327,9295.106,1992.067,5252.12,9241.64,2014.702,5313.4,9232.909,1978.241,5248.17,9250.546,2030.728,5260.181,9252.354,1981.396,5334.176,9262.456,2020.255,5298.896,9310.91,2016.508,5360.982,9330.666,1968.176,5342.788,9191.954,2008.945,5272.181,9272.249,1966.29,5346.428
9299.815,1975.98,5355.461,9273.038,1966.141,5353.842,9209.832,1955.12,5227.294,9235.088,1951.155,5331.505,9237.521,1976.812,5240.12,9295.28,1992.067,5252.005,9241.544,2014.702,5313.465,9232.825,1978.241,5247.981,9250.74,2030.728,5260.113,9252.302,1981.396,5334.244,9262.642,2020.255,5298.913,9311.063,2016.508,5361.117,9330.873,1968.176,5342.806,9191.756,2008.945,5272.16,9272.24,1966.29,5346.571
9299.977,1975.98,5355.575,9273.028,1966.141,5353.985,9209.691,1955.12,5227.142,9235.047,1951.155,5331.527,9237.528,1976.812,5239.912,9295.458,1992.067,5251.896,9241.448,2014.702,5313.529,9232.741,1978.241,5247.792,9250.934,2030.728,5260.042,9252.249,1981.396,5334.312,9262.827,2020.255,5298.929,9311.216,2016.508,5361.252,9331.08,1968.176,5342.82,9191.558,2008.945,5272.139,9272.231,1966.29,5346.715
9300.138,1975.98,5355.689,9273.019,1966.141,5354.128,9209.55,1955.12,5226.989,9235.006,1951.155,5331.548,9237.535,1976.812,5239.705,9295.639,1992.067,5251.793,9241.353,2014.702,5313.593,9232.657,1978.241,5247.604,9251.126,2030.728,5259.971,9252.197,1981.396,5334.379,9263.014,2020.255,5298.943,9311.369,2016.508,5361.386,9331.287,1968.176,5342.832,9191.359,2008.945,5272.118,9272.222,1966.29,5346.858
9300.3,1975.98,5355.803,9273.009,1966.141,5354.271,9209.408,1955.12,5226.837,9234.965,1951.155,5331.57,9237.543,1976.812,5239.497,9295.822,1992.067,5251.696,9241.257,2014.702,5313.657,9232.573,1978.241,5247.415,9251.318,2030.728,5259.897,9252.146,1981.396,5334.447,9263.2,2020.255,5298.956,9311.522,2016.508,5361.52,9331.494,1968.176,5342.841,9191.161,2008.945,5272.097,9272.211,1966.29,5347.001
9300.462,1975.98,5355.917,9272.998,1966.141,5354.414,9209.266,1955.12,5226.686,9234.925,1951.155,5331.591,9237.551,1976.812,5239.29,9296.008,1992.067,5251.602,9241.162,2014.702,5313.72,9232.489,1978.241,5247.226,9251.51,2030.728,5259.822,9252.094,1981.396,5334.514,9263.387,2020.255,5298.967,9311.677,2016.508,5361.654,9331.701,1968.176,5342.848,9190.963,2008.945,5272.076,9272.2,1966.29,5347.145
9300.624,1975.98,5356.031,9272.987,1966.141,5354.557,9209.123,1955.12,5226.535,9234.885,1951.155,5331.612,9237.559,1976.812,5239.082,9296.195,1992.067,5251.511,9241.067,2014.702,5313.782,9232.405,1978.241,5247.037,9251.7,2030.728,5259.745,9252.042,1981.396,5334.58,9263.573,2020.255,5298.977,9311.831,2016.508,5361.787,9331.908,1968.176,5342.853,9190.764,2008.945,5272.055,9272.188,1966.29,5347.287
9300.787,1975.98,5356.144,9272.977,1966.141,5354.7,9208.979,1955.12,5226.385,9234.845,1951.155,5331.633,9237.567,1976.812,5238.875,9296.385,1992.067,5251.426,9240.973,2014.702,5313.844,9232.32,1978.241,5246.848,9251.891,2030.728,5259.666,9251.99,1981.396,5334.646,9263.761,2020.255,5298.984,9311.986,2016.508,5361.92,9332.115,1968.176,5342.856,9190.564,2008.945,5272.034,9272.176,1966.29,5347.43
9300.95,1975.98,5356.257,9272.966,1966.141,5354.843,9208.835,1955.12,5226.235,9234.805,1951.155,5331.654,9237.576,1976.812,5238.667,9296.576,1992.067,5251.344,9240.878,2014.702,5313.905,9232.235,1978.241,5246.659,9252.08,2030.728,5259.586,9251.938,1981.396,5334.712,9263.948,2020.255,5298.991,9312.142,2016.508,5362.053,9332.322,1968.176,5342.857,9190.365,2008.945,5272.013,9272.163,1966.29,5347.572
9301.113,1975.98,5356.371,9272.954,1966.141,5354.985,9208.69,1955.12,5226.085,9234.765,1951.155,5331.675,9237.586,1976.812,5238.459,9296.768,1992.067,5251.262,9240.783,2014.702,5313.966,9232.15,1978.241,5246.47,9252.269,2030.728,5259.504,9251.887,1981.396,5334.778,9264.136,2020.255,5298.996,9312.297,2016.508,5362.185,9332.529,1968.176,5342.857,9190.166,2008.945,5271.992,9272.149,1966.29,5347.714
9301.276,1975.98,5356.484,9272.942,1966.141,5355.128,9208.545,1955.12,5225.937,9234.725,1951.155,5331.696,9237.596,1976.812,5238.252,9296.96,1992.067,5251.184,9240.688,2014.702,5314.026,9232.065,1978.241,5246.281,9252.457,2030.728,5259.42,9251.835,1981.396,5334.843,9264.323,2020.255,5298.999,9312.453,2016.508,5362.317,9332.736,1968.176,5342.855,9189.967,2008.945,5271.972,9272.135,1966.29,5347.856
9301.44,1975.98,5356.597,9272.931,1966.141,5355.271,9208.399,1955.12,5225.788,9234.685,1951.155,5331.717,9237.605,1976.812,5238.044,9297.153,1992.067,5251.107,9240.595,2014.702,5314.085,9231.98,1978.241,5246.092,9252.645,2030.728,5259.335,9251.783,1981.396,5334.908,9264.512,2020.255,5299.001,9312.609,2016.508,5362.449,9332.943,1968.176,5342.852,9189.768,2008.945,5271.951,9272.119,1966.29,5347.998
9301.604,1975.98,5356.709,9272.919,1966.141,5355.413,9208.253,1955.12,5225.64,9234.645,1951.155,5331.738,9237.616,1976.812,5237.837,9297.348,1992.067,5251.033,9240.501,2014.702,5314.145,9231.896,1978.241,5245.904,9252.831,2030.728,5259.249,9251.731,1981.396,5334.973,9264.7,2020.255,5299.001,9312.766,2016.508,5362.58,9333.15,1968.176,5342.847,9189.568,2008.945,5271.931,9272.104,1966.29,5348.14
9301.769,1975.98,5356.822,9272.906,1966.141,5355.556,9208.106,1955.12,5225.493,9234.604,1951.155,5331.759,9237.627,1976.812,5237.629,9297.542,1992.067,5250.959,9240.407,2014.702,5314.203,9231.811,1978.241,5245.715,9253.018,2030.728,5259.161,9251.68,1981.396,5335.037,9264.889,2020.255,5299,9312.923,2016.508,5362.711,9333.357,1968.176,5342.84,9189.369,2008.945,5271.911,9272.087,1966.29,5348.281
9301.933,1975.98,5356.935,9272.894,1966.141,5355.698,9207.96,1955.12,5225.345,9234.564,1951.155,5331.78,9237.638,1976.812,5237.422,9297.735,1992.067,5250.882,9240.313,2014.702,5314.261,9231.725,1978.241,5245.527,9253.203,2030.728,5259.072,9251.628,1981.396,5335.101,9265.077,2020.255,5298.998,9313.08,2016.508,5362.842,9333.564,1968.176,5342.833,9189.17,2008.945,5271.891,9272.069,1966.29,5348.422
9302.097,1975.98,5357.048,9272.881,1966.141,5355.84,9207.813,1955.12,5225.197,9234.525,1951.155,5331.801,9237.649,1976.812,5237.214,9297.928,1992.067,5250.802,9240.22,2014.702,5314.319,9231.639,1978.241,5245.338,9253.388,2030.728,5258.981,9251.577,1981.396,5335.165,9265.266,2020.255,5298.994,9313.237,2016.508,5362.973,9333.771,1968.176,5342.824,9188.971,2008.945,5271.871,9272.052,1966.29,5348.563
9302.262,1975.98,5357.16,9272.868,1966.141,5355.982,9207.668,1955.12,5225.048,9234.486,1951.155,5331.822,9237.661,1976.812,5237.007,9298.118,1992.067,5250.719,9240.126,2014.702,5314.376,9231.553,1978.241,5245.15,9253.572,2030.728,5258.889,9251.526,1981.396,5335.228,9265.454,2020.255,5298.989,9313.395,2016.508,5363.104,9333.979,1968.176,5342.813,9188.771,2008.945,5271.851,9272.033,1966.29,5348.704
9302.427,1975.98,5357.272,9272.855,1966.141,5356.124,9207.522,1955.12,5224.9,9234.447,1951.155,5331.843,9237.673,1976.812,5236.799,9298.308,1992.067,5250.634,9240.033,2014.702,5314.433,9231.467,1978.241,5244.961,9253.756,2030.728,5258.795,9251.476,1981.396,5335.291,9265.644,2020.255,5298.982,9313.553,2016.508,5363.234,9334.186,1968.176,5342.802,9188.572,2008.945,5271.832,9272.014,1966.29,5348.845
9302.592,1975.98,5357.385,9272.842,1966.141,5356.266,9207.377,1955.12,5224.751,9234.408,1951.155,5331.864,9237.686,1976.812,5236.592,9298.497,1992.067,5250.547,9239.94,2014.702,5314.489,9231.381,1978.241,5244.773,9253.938,2030.728,5258.701,9251.425,1981.396,5335.354,9265.833,2020.255,5298.973,9313.711,2016.508,5363.364,9334.393,1968.176,5342.79,9188.373,2008.945,5271.812,9271.993,1966.29,5348.985
9302.757,1975.98,5357.497,9272.828,1966.141,5356.408,9207.231,1955.12,5224.602,9234.369,1951.155,5331.885,9237.698,1976.812,5236.385,9298.686,1992.067,5250.459,9239.848,2014.702,5314.544,9231.294,1978.241,5244.585,9254.121,2030.728,5258.604,9251.374,1981.396,5335.416,9266.022,2020.255,5298.963,9313.869,2016.508,5363.494,9334.6,1968.176,5342.777,9188.174,2008.945,5271.793,9271.973,1966.29,5349.125
9302.922,1975.98,5357.609,9272.814,1966.141,5356.55,9207.087,1955.12,5224.453,9234.33,1951.155,5331.906,9237.712,1976.812,5236.178,9298.874,1992.067,5250.371,9239.755,2014.702,5314.6,9231.207,1978.241,5244.397,9254.303,2030.728,5258.507,9251.322,1981.396,5335.477,9266.212,2020.255,5298.951,9314.027,2016.508,5363.623,9334.807,1968.176,5342.763,9187.975,2008.945,5271.774,9271.951,1966.29,5349.265
9303.087,1975.98,5357.722,9272.801,1966.141,5356.691,9206.942,1955.12,5224.304,9234.291,1951.155,5331.927,9237.727,1976.812,5235.971,9299.062,1992.067,5250.281,9239.662,2014.702,5314.654,9231.12,1978.241,5244.209,9254.484,2030.728,5258.409,9251.27,1981.396,5335.537,9266.401,2020.255,5298.938,9314.187,2016.508,5363.752,9335.014,1968.176,5342.748,9187.775,2008.945,5271.755,9271.929,1966.29,5349.404
9303.253,1975.98,5357.833,9272.787,1966.141,5356.833,9206.798,1955.12,5224.154,9234.253,1951.155,5331.948,9237.742,1976.812,5235.764,9299.249,1992.067,5250.191,9239.569,2014.702,5314.708,9231.033,1978.241,5244.021,9254.665,2030.728,5258.309,9251.216,1981.396,5335.595,9266.591,2020.255,5298.923,9314.346,2016.508,5363.881,9335.221,1968.176,5342.731,9187.576,2008.945,5271.736,9271.905,1966.29,5349.543
9303.419,1975.98,5357.945,9272.772,1966.141,5356.975,9206.653,1955.12,5224.005,9234.215,1951.155,5331.969,9237.759,1976.812,5235.557,9299.437,1992.067,5250.101,9239.478,2014.702,5314.762,9230.946,1978.241,5243.833,9254.845,2030.728,5258.208,9251.161,1981.396,5335.652,9266.78,2020.255,5298.907,9314.505,2016.508,5364.01,9335.428,1968.176,5342.715,9187.376,2008.945,5271.718,9271.882,1966.29,5349.683
9303.585,1975.98,5358.057,9272.758,1966.141,5357.116,9206.509,1955.12,5223.855,9234.177,1951.155,5331.99,9237.776,1976.812,5235.35,9299.624,1992.067,5250.011,9239.386,2014.702,5314.815,9230.858,1978.241,5243.645,9255.024,2030.728,5258.106,9251.105,1981.396,5335.708,9266.97,2020.255,5298.89,9314.664,2016.508,5364.139,9335.635,1968.176,5342.697,9187.176,2008.945,5271.699,9271.857,1966.29,5349.821
9303.751,1975.98,5358.169,9272.743,1966.141,5357.258,9206.364,1955.12,5223.706,9234.139,1951.155,5332.011,9237.795,1976.812,5235.143,9299.812,1992.067,5249.92,9239.294,2014.702,5314.868,9230.771,1978.241,5243.458,9255.203,2030.728,5258.003,9251.049,1981.396,5335.764,9267.159,2020.255,5298.871,9314.823,2016.508,5364.268,9335.842,1968.176,5342.679,9186.976,2008.945,5271.681,9271.832,1966.29,5349.959
9303.917,1975.98,5358.281,9272.729,1966.141,5357.399,9206.22,1955.12,5223.556,9234.101,1951.155,5332.031,9237.814,1976.812,5234.936,9299.998,1992.067,5249.829,9239.202,2014.702,5314.92,9230.683,1978.241,5243.27,9255.381,2030.728,5257.899,9250.992,1981.396,5335.818,9267.349,2020.255,5298.85,9314.983,2016.508,5364.396,9336.049,1968.176,5342.66,9186.775,2008.945,5271.663,9271.807,1966.29,5350.098
9304.084,1975.98,5358.393,9272.714,1966.141,5357.541,9206.075,1955.12,5223.406,9234.063,1951.155,5332.052,9237.834,1976.812,5234.729,9300.186,1992.067,5249.737,9239.11,2014.702,5314.972,9230.595,1978.241,5243.083,9255.559,2030.728,5257.794,9250.936,1981.396,5335.871,9267.538,2020.255,5298.828,9315.144,2016.508,5364.524,9336.256,1968.176,5342.641,9186.575,2008.945,5271.645,9271.78,1966.29,5350.235
9304.251,1975.98,5358.504,9272.698,1966.141,5357.682,9205.931,1955.12,5223.256,9234.024,1951.155,5332.072,9237.854,1976.812,5234.522,9300.372,1992.067,5249.646,9239.02,2014.702,5315.023,9230.506,1978.241,5242.895,9255.735,2030.728,5257.688,9250.878,1981.396,5335.924,9267.728,2020.255,5298.805,9315.304,2016.508,5364.652,9336.463,1968.176,5342.621,9186.375,2008.945,5271.627,9271.753,1966.29,5350.373
9304.418,1975.98,5358.616,9272.683,1966.141,5357.823,9205.786,1955.12,5223.106,9233.986,1951.155,5332.092,9237.876,1976.812,5234.316,9300.561,1992.067,5249.558,9238.929,2014.702,5315.075,9230.417,1978.241,5242.708,9255.912,2030.728,5257.582,9250.819,1981.396,5335.975,9267.917,2020.255,5298.78,9315.464,2016.508,5364.78,9336.67,1968.176,5342.6,9186.175,2008.945,5271.61,9271.725,1966.29,5350.51
9304.585,1975.98,5358.728,9272.667,1966.141,5357.964,9205.642,1955.12,5222.956,9233.948,1951.155,5332.111,9237.898,1976.812,5234.109,9300.75,1992.067,5249.472,9238.838,2014.702,5315.125,9230.328,1978.241,5242.521,9256.088,2030.728,5257.474,9250.761,1981.396,5336.025,9268.106,2020.255,5298.753,9315.624,2016.508,5364.908,9336.877,1968.176,5342.578,9185.975,2008.945,5271.593,9271.696,1966.29,5350.647
9304.752,1975.98,5358.839,9272.651,1966.141,5358.105,9205.498,1955.12,5222.806,9233.91,1951.155,5332.131,9237.921,1976.812,5233.903,9300.941,1992.067,5249.39,9238.747,2014.702,5315.176,9230.239,1978.241,5242.333,9256.263,2030.728,5257.365,9250.701,1981.396,5336.074,9268.296,2020.255,5298.726,9315.785,2016.508,5365.036,9337.083,1968.176,5342.556,9185.774,2008.945,5271.576,9271.667,1966.29,5350.784
9304.919,1975.98,5358.951,9272.636,1966.141,5358.246,9205.354,1955.12,5222.656,9233.872,1951.155,5332.15,9237.944,1976.812,5233.696,9301.134,1992.067,5249.31,9238.656,2014.702,5315.226,9230.149,1978.241,5242.146,9256.438,2030.728,5257.255,9250.642,1981.396,5336.122,9268.485,2020.255,5298.697,9315.946,2016.508,5365.163,9337.289,1968.176,5342.534,9185.574,2008.945,5271.559,9271.637,1966.29,5350.92
9305.086,1975.98,5359.062,9272.619,1966.141,5358.387,9205.211,1955.12,5222.506,9233.834,1951.155,5332.169,9237.969,1976.812,5233.49,9301.326,1992.067,5249.231,9238.565,2014.702,5315.275,9230.06,1978.241,5241.959,9256.611,2030.728,5257.144,9250.581,1981.396,5336.168,9268.675,2020.255,5298.667,9316.107,2016.508,5365.291,9337.495,1968.176,5342.511,9185.374,2008.945,5271.542,9271.605,1966.29,5351.056
9305.254,1975.98,5359.173,9272.603,1966.141,5358.528,9205.067,1955.12,5222.356,9233.796,1951.155,5332.188,9237.993,1976.812,5233.284,9301.52,1992.067,5249.155,9238.476,2014.702,5315.324,9229.97,1978.241,5241.772,9256.785,2030.728,5257.032,9250.521,1981.396,5336.214,9268.864,2020.255,5298.635,9316.269,2016.508,5365.418,9337.701,1968.176,5342.487,9185.174,2008.945,5271.525,9271.574,1966.29,5351.191
9305.422,1975.98,5359.285,9272.586,1966.141,5358.668,9204.924,1955.12,5222.207,9233.758,1951.155,5332.207,9238.019,1976.812,5233.078,9301.714,1992.067,5249.081,9238.386,2014.702,5315.372,9229.88,1978.241,5241.586,9256.958,2030.728,5256.92,9250.46,1981.396,5336.259,9269.054,2020.255,5298.602,9316.43,2016.508,5365.545,9337.907,1968.176,5342.463,9184.974,2008.945,5271.509,9271.542,1966.29,5351.327
9305.59,1975.98,5359.396,9272.569,1966.141,5358.809,9204.779,1955.12,5222.057,9233.72,1951.155,5332.225,9238.045,1976.812,5232.872,9301.908,1992.067,5249.007,9238.296,2014.702,5315.42,9229.789,1978.241,5241.399,9257.131,2030.728,5256.807,9250.398,1981.396,5336.304,9269.243,2020.255,5298.567,9316.591,2016.508,5365.672,9338.113,1968.176,5342.438,9184.773,2008.945,5271.493,9271.509,1966.29,5351.461
9305.758,1975.98,5359.507,9272.553,1966.141,5358.95,9204.635,1955.12,5221.907,9233.682,1951.155,5332.243,9238.071,1976.812,5232.666,9302.104,1992.067,5248.936,9238.206,2014.702,5315.468,9229.698,1978.241,5241.213,9257.303,2030.728,5256.692,9250.337,1981.396,5336.347,9269.433,2020.255,5298.531,9316.752,2016.508,5365.799,9338.319,1968.176,5342.413,9184.573,2008.945,5271.478,9271.476,1966.29,5351.596
9305.926,1975.98,5359.619,9272.536,1966.141,5359.09,9204.49,1955.12,5221.757,9233.644,1951.155,5332.261,9238.099,1976.812,5232.459,9302.299,1992.067,5248.865,9238.116,2014.702,5315.516,9229.607,1978.241,5241.026,9257.475,2030.728,5256.578,9250.275,1981.396,5336.39,9269.622,2020.255,5298.493,9316.914,2016.508,5365.926,9338.525,1968.176,5342.387,9184.372,2008.945,5271.462,9271.441,1966.29,5351.73
9306.094,1975.98,5359.73,9272.52,1966.141,5359.231,9204.346,1955.12,5221.607,9233.605,1951.155,5332.279,9238.127,1976.812,5232.253,9302.495,1992.067,5248.795,9238.027,2014.702,5315.563,9229.517,1978.241,5240.84,9257.646,2030.728,5256.462,9250.214,1981.396,5336.433,9269.812,2020.255,5298.455,9317.076,2016.508,5366.052,9338.731,1968.176,5342.361,9184.171,2008.945,5271.446,9271.406,1966.29,5351.864
9306.262,1975.98,5359.841,9272.502,1966.141,5359.372,9204.201,1955.12,5221.457,9233.567,1951.155,5332.297,9238.155,1976.812,5232.047,9302.691,1992.067,5248.726,9237.938,2014.702,5315.609,9229.426,1978.241,5240.654,9257.816,2030.728,5256.346,9250.152,1981.396,5336.475,9270.001,2020.255,5298.415,9317.238,2016.508,5366.179,9338.938,1968.176,5342.335,9183.97,2008.945,5271.431,9271.37,1966.29,5351.998
9306.431,1975.98,5359.953,9272.484,1966.141,5359.512,9204.057,1955.12,5221.307,9233.529,1951.155,5332.314,9238.185,1976.812,5231.842,9302.888,1992.067,5248.658,9237.85,2014.702,5315.655,9229.334,1978.241,5240.468,9257.986,2030.728,5256.229,9250.091,1981.396,5336.516,9270.189,2020.255,5298.373,9317.4,2016.508,5366.305,9339.144,1968.176,5342.308,9183.769,2008.945,5271.416,9271.334,1966.29,5352.131
9306.6,1975.98,5360.064,9272.467,1966.141,5359.652,9203.912,1955.12,5221.157,9233.491,1951.155,5332.332,9238.214,1976.812,5231.636,9303.085,1992.067,5248.591,9237.761,2014.702,5315.701,9229.242,1978.241,5240.282,9258.156,2030.728,5256.111,9250.029,1981.396,5336.557,9270.378,2020.255,5298.33,9317.563,2016.508,5366.432,9339.35,1968.176,5342.281,9183.567,2008.945,5271.401,9271.297,1966.29,5352.264
9306.769,1975.98,5360.175,9272.449,1966.141,5359.792,9203.768,1955.12,5221.007,9233.453,1951.155,5332.349,9238.244,1976.812,5231.431,9303.282,1992.067,5248.524,9237.673,2014.702,5315.747,9229.15,1978.241,5240.096,9258.325,2030.728,5255.992,9249.968,1981.396,5336.598,9270.566,2020.255,5298.286,9317.725,2016.508,5366.558,9339.556,1968.176,5342.253,9183.366,2008.945,5271.387,9271.259,1966.29,5352.396
9306.938,1975.98,5360.286,9272.432,1966.141,5359.933,9203.623,1955.12,5220.858,9233.415,1951.155,5332.366,9238.274,1976.812,5231.225,9303.479,1992.067,5248.458,9237.585,2014.702,5315.792,9229.059,1978.241,5239.91,9258.494,2030.728,5255.873,9249.906,1981.396,5336.638,9270.755,2020.255,5298.241,9317.887,2016.508,5366.684,9339.762,1968.176,5342.225,9183.165,2008.945,5271.373,9271.221,1966.29,5352.528
9307.106,1975.98,5360.397,9272.414,1966.141,5360.073,9203.479,1955.12,5220.708,9233.377,1951.155,5332.382,9238.306,1976.812,5231.02,9303.677,1992.067,5248.393,9237.497,2014.702,5315.836,9228.966,1978.241,5239.724,9258.663,2030.728,5255.753,9249.846,1981.396,5336.678,9270.943,2020.255,5298.194,9318.049,2016.508,5366.81,9339.968,1968.176,5342.196,9182.964,2008.945,5271.358,9271.182,1966.29,5352.659
9307.275,1975.98,5360.508,9272.396,1966.141,5360.213,9203.334,1955.12,5220.559,9233.339,1951.155,5332.399,9238.337,1976.812,5230.814,9303.874,1992.067,5248.328,9237.409,2014.702,5315.881,9228.873,1978.241,5239.539,9258.831,2030.728,5255.633,9249.785,1981.396,5336.718,9271.132,2020.255,5298.146,9318.212,2016.508,5366.936,9340.174,1968.176,5342.167,9182.763,2008.945,5271.344,9271.142,1966.29,5352.791
9307.444,1975.98,5360.619,9272.378,1966.141,5360.353,9203.189,1955.12,5220.409,9233.301,1951.155,5332.416,9238.369,1976.812,5230.608,9304.072,1992.067,5248.263,9237.321,2014.702,5315.925,9228.78,1978.241,5239.353,9258.998,2030.728,5255.512,9249.725,1981.396,5336.757,9271.32,2020.255,5298.097,9318.375,2016.508,5367.062,9340.38,1968.176,5342.137,9182.562,2008.945,5271.331,9271.101,1966.29,5352.921
9307.613,1975.98,5360.729,9272.359,1966.141,5360.493,9203.045,1955.12,5220.259,9233.263,1951.155,5332.432,9238.401,1976.812,5230.403,9304.271,1992.067,5248.198,9237.234,2014.702,5315.969,9228.688,1978.241,5239.167,9259.164,2030.728,5255.388,9249.664,1981.396,5336.796,9271.508,2020.255,5298.046,9318.538,2016.508,5367.188,9340.586,1968.176,5342.107,9182.36,2008.945,5271.317,9271.06,1966.29,5353.052
9307.782,1975.98,5360.84,9272.341,1966.141,5360.633,9202.901,1955.12,5220.109,9233.225,1951.155,5332.448,9238.435,1976.812,5230.198,9304.469,1992.067,5248.134,9237.147,2014.702,5316.012,9228.595,1978.241,5238.982,9259.329,2030.728,5255.263,9249.604,1981.396,5336.835,9271.695,2020.255,5297.995,9318.701,2016.508,5367.314,9340.792,1968.176,5342.077,9182.159,2008.945,5271.304,9271.018,1966.29,5353.182
9307.952,1975.98,5360.951,9272.322,1966.141,5360.773,9202.758,1955.12,5219.959,9233.187,1951.155,5332.464,9238.468,1976.812,5229.993,9304.667,1992.067,5248.071,9237.061,2014.702,5316.055,9228.5,1978.241,5238.797,9259.493,2030.728,5255.137,9249.542,1981.396,5336.873,9271.883,2020.255,5297.941,9318.864,2016.508,5367.439,9340.997,1968.176,5342.046,9181.958,2008.945,5271.291,9270.975,1966.29,5353.311
9308.122,1975.98,5361.062,9272.304,1966.141,5360.913,9202.614,1955.12,5219.809,9233.148,1951.155,5332.479,9238.502,1976.812,5229.788,9304.865,1992.067,5248.007,9236.974,2014.702,5316.098,9228.404,1978.241,5238.613,9259.656,2030.728,5255.009,9249.48,1981.396,5336.908,9272.07,2020.255,5297.887,9319.027,2016.508,5367.565,9341.202,1968.176,5342.015,9181.757,2008.945,5271.278,9270.932,1966.29,5353.44
9308.292,1975.98,5361.173,9272.285,1966.141,5361.053,9202.471,1955.12,5219.658,9233.11,1951.155,5332.495,9238.536,1976.812,5229.583,9305.063,1992.067,5247.944,9236.887,2014.702,5316.14,9228.308,1978.241,5238.43,9259.818,2030.728,5254.88,9249.418,1981.396,5336.941,9272.258,2020.255,5297.832,9319.19,2016.508,5367.69,9341.407,1968.176,5341.983,9181.556,2008.945,5271.265,9270.888,1966.29,5353.568
9308.462,1975.98,5361.284,9272.267,1966.141,5361.192,9202.327,1955.12,5219.507,9233.072,1951.155,5332.511,9238.57,1976.812,5229.377,9305.262,1992.067,5247.882,9236.801,2014.702,5316.182,9228.21,1978.241,5238.247,9259.979,2030.728,5254.75,9249.354,1981.396,5336.974,9272.445,2020.255,5297.775,9319.354,2016.508,5367.816,9341.612,1968.176,5341.951,9181.354,2008.945,5271.252,9270.843,1966.29,5353.697
9308.632,1975.98,5361.395,9272.248,1966.141,5361.332,9202.184,1955.12,5219.356,9233.034,1951.155,5332.526,9238.605,1976.812,5229.172,9305.46,1992.067,5247.819,9236.715,2014.702,5316.224,9228.111,1978.241,5238.064,9260.14,2030.728,5254.619,9249.291,1981.396,5337.004,9272.632,2020.255,5297.717,9319.517,2016.508,5367.941,9341.817,1968.176,5341.918,9181.153,2008.945,5271.24,9270.798,1966.29,5353.825
9308.802,1975.98,5361.505,9272.229,1966.141,5361.472,9202.041,1955.12,5219.205,9232.996,1951.155,5332.541,9238.641,1976.812,5228.967,9305.658,1992.067,5247.757,9236.629,2014.702,5316.265,9228.012,1978.241,5237.882,9260.299,2030.728,5254.486,9249.227,1981.396,5337.033,9272.818,2020.255,5297.658,9319.68,2016.508,5368.067,9342.022,1968.176,5341.886,9180.952,2008.945,5271.228,9270.752,1966.29,5353.952
9308.972,1975.98,5361.616,9272.211,1966.141,5361.611,9201.898,1955.12,5219.053,9232.958,1951.155,5332.556,9238.677,1976.812,5228.763,9305.857,1992.067,5247.696,9236.543,2014.702,5316.306,9227.911,1978.241,5237.7,9260.456,2030.728,5254.352,9249.162,1981.396,5337.06,9273.005,2020.255,5297.598,9319.843,2016.508,5368.192,9342.228,1968.176,5341.853,9180.75,2008.945,5271.216,9270.705,1966.29,5354.079
9309.142,1975.98,5361.727,9272.191,1966.141,5361.751,9201.756,1955.12,5218.902,9232.921,1951.155,5332.571,9238.713,1976.812,5228.558,9306.058,1992.067,5247.638,9236.457,2014.702,5316.347,9227.81,1978.241,5237.519,9260.612,2030.728,5254.217,9249.098,1981.396,5337.086,9273.191,2020.255,5297.537,9320.007,2016.508,5368.318,9342.433,1968.176,5341.819,9180.548,2008.945,5271.205,9270.658,1966.29,5354.206
9309.312,1975.98,5361.838,9272.172,1966.141,5361.891,9201.613,1955.12,5218.75,9232.884,1951.155,5332.585,9238.749,1976.812,5228.354,9306.259,1992.067,5247.583,9236.371,2014.702,5316.387,9227.707,1978.241,5237.338,9260.769,2030.728,5254.081,9249.033,1981.396,5337.111,9273.378,2020.255,5297.474,9320.171,2016.508,5368.443,9342.638,1968.176,5341.785,9180.346,2008.945,5271.193,9270.61,1966.29,5354.332
9309.481,1975.98,5361.949,9272.152,1966.141,5362.03,9201.471,1955.12,5218.599,9232.847,1951.155,5332.6,9238.786,1976.812,5228.149,9306.461,1992.067,5247.532,9236.286,2014.702,5316.426,9227.604,1978.241,5237.158,9260.924,2030.728,5253.943,9248.968,1981.396,5337.135,9273.563,2020.255,5297.411,9320.335,2016.508,5368.569,9342.843,1968.176,5341.751,9180.144,2008.945,5271.182,9270.562,1966.29,5354.457
9309.652,1975.98,5362.06,9272.133,1966.141,5362.17,9201.328,1955.12,5218.447,9232.81,1951.155,5332.615,9238.823,1976.812,5227.944,9306.663,1992.067,5247.483,9236.201,2014.702,5316.465,9227.499,1978.241,5236.979,9261.078,2030.728,5253.805,9248.902,1981.396,5337.158,9273.749,2020.255,5297.346,9320.499,2016.508,5368.694,9343.048,1968.176,5341.716,9179.941,2008.945,5271.171,9270.513,1966.29,5354.582
9309.823,1975.98,5362.17,9272.113,1966.141,5362.31,9201.186,1955.12,5218.295,9232.772,1951.155,5332.629,9238.861,1976.812,5227.74,9306.866,1992.067,5247.438,9236.116,2014.702,5316.504,9227.395,1978.241,5236.799,9261.231,2030.728,5253.665,9248.837,1981.396,5337.18,9273.935,2020.255,5297.28,9320.663,2016.508,5368.819,9343.253,1968.176,5341.681,9179.739,2008.945,5271.161,9270.463,1966.29,5354.707
9309.994,1975.98,5362.281,9272.094,1966.141,5362.449,9201.043,1955.12,5218.143,9232.735,1951.155,5332.643,9238.899,1976.812,5227.535,9307.069,1992.067,5247.394,9236.031,2014.702,5316.542,9227.289,1978.241,5236.621,9261.384,2030.728,5253.524,9248.771,1981.396,5337.201,9274.12,2020.255,5297.213,9320.827,2016.508,5368.944,9343.458,1968.176,5341.646,9179.537,2008.945,5271.15,9270.412,1966.29,5354.831
9310.165,1975.98,5362.392,9272.074,1966.141,5362.588,9200.9,1955.12,5217.991,9232.698,1951.155,5332.657,9238.938,1976.812,5227.331,9307.273,1992.067,5247.353,9235.946,2014.702,5316.58,9227.183,1978.241,5236.442,9261.535,2030.728,5253.383,9248.706,1981.396,5337.221,9274.305,2020.255,5297.145,9320.991,2016.508,5369.069,9343.663,1968.176,5341.61,9179.335,2008.945,5271.14,9270.361,1966.29,5354.954
9310.336,1975.98,5362.503,9272.055,1966.141,5362.727,9200.758,1955.12,5217.839,9232.661,1951.155,5332.671,9238.977,1976.812,5227.126,9307.478,1992.067,5247.313,9235.861,2014.702,5316.617,9227.074,1978.241,5236.265,9261.686,2030.728,5253.24,9248.641,1981.396,5337.24,9274.489,2020.255,5297.076,9321.155,2016.508,5369.194,9343.868,1968.176,5341.574,9179.133,2008.945,5271.129,9270.31,1966.29,5355.077
9310.507,1975.98,5362.614,9272.035,1966.141,5362.866,9200.615,1955.12,5217.688,9232.624,1951.155,5332.684,9239.016,1976.812,5226.922,9307.683,1992.067,5247.275,9235.777,2014.702,5316.654,9226.964,1978.241,5236.089,9261.835,2030.728,5253.097,9248.575,1981.396,5337.259,9274.674,2020.255,5297.005,9321.319,2016.508,5369.319,9344.073,1968.176,5341.538,9178.931,2008.945,5271.12,9270.258,1966.29,5355.2
9310.678,1975.98,5362.725,9272.016,1966.141,5363.005,9200.474,1955.12,5217.536,9232.587,1951.155,5332.697,9239.055,1976.812,5226.718,9307.888,1992.067,5247.238,9235.693,2014.702,5316.691,9226.852,1978.241,5235.914,9261.983,2030.728,5252.953,9248.511,1981.396,5337.278,9274.858,2020.255,5296.934,9321.483,2016.508,5369.444,9344.278,1968.176,5341.501,9178.729,2008.945,5271.113,9270.205,1966.29,5355.322
9310.849,1975.98,5362.835,9271.996,1966.141,5363.145,9200.332,1955.12,5217.384,9232.549,1951.155,5332.709,9239.095,1976.812,5226.514,9308.093,1992.067,5247.203,9235.609,2014.702,5316.729,9226.738,1978.241,5235.74,9262.131,2030.728,5252.808,9248.445,1981.396,5337.294,9275.042,2020.255,5296.861,9321.647,2016.508,5369.57,9344.483,1968.176,5341.464,9178.526,2008.945,5271.111,9270.151,1966.29,5355.443
9311.02,1975.98,5362.946,9271.977,1966.141,5363.284,9200.19,1955.12,5217.232,9232.511,1951.155,5332.72,9239.135,1976.812,5226.31,9308.298,1992.067,5247.169,9235.526,2014.702,5316.767,9226.623,1978.241,5235.567,9262.278,2030.728,5252.662,9248.38,1981.396,5337.309,9275.226,2020.255,5296.787,9321.812,2016.508,5369.695,9344.688,1968.176,5341.426,9178.324,2008.945,5271.114,9270.098,1966.29,5355.564
9311.19,1975.98,5363.057,9271.957,1966.141,5363.423,9200.049,1955.12,5217.08,9232.473,1951.155,5332.731,9239.175,1976.812,5226.106,9308.503,1992.067,5247.136,9235.443,2014.702,5316.804,9226.506,1978.241,5235.396,9262.425,2030.728,5252.515,9248.314,1981.396,5337.322,9275.408,2020.255,5296.71,9321.976,2016.508,5369.821,9344.892,1968.176,5341.389,9178.122,2008.945,5271.122,9270.043,1966.29,5355.685
9311.361,1975.98,5363.168,9271.938,1966.141,5363.562,9199.907,1955.12,5216.928,9232.435,1951.155,5332.741,9239.215,1976.812,5225.902,9308.709,1992.067,5247.104,9235.36,2014.702,5316.842,9226.387,1978.241,5235.226,9262.57,2030.728,5252.367,9248.249,1981.396,5337.333,9275.59,2020.255,5296.633,9322.14,2016.508,5369.947,9345.096,1968.176,5341.351,9177.92,2008.945,5271.134,9269.988,1966.29,5355.805
9311.532,1975.98,5363.279,9271.917,1966.141,5363.701,9199.766,1955.12,5216.775,9232.396,1951.155,5332.751,9239.256,1976.812,5225.698,9308.915,1992.067,5247.072,9235.278,2014.702,5316.879,9226.267,1978.241,5235.056,9262.715,2030.728,5252.219,9248.184,1981.396,5337.341,9275.771,2020.255,5296.553,9322.304,2016.508,5370.073,9345.3,1968.176,5341.312,9177.718,2008.945,5271.151,9269.933,1966.29,5355.925
9311.703,1975.98,5363.39,9271.896,1966.141,5363.84,9199.624,1955.12,5216.623,9232.358,1951.155,5332.76,9239.297,1976.812,5225.494,9309.121,1992.067,5247.042,9235.196,2014.702,5316.917,9226.145,1978.241,5234.888,9262.858,2030.728,5252.07,9248.118,1981.396,5337.349,9275.952,2020.255,5296.472,9322.468,2016.508,5370.199,9345.504,1968.176,5341.273,9177.517,2008.945,5271.173,9269.877,1966.29,5356.044
9311.874,1975.98,5363.5,9271.876,1966.141,5363.979,9199.482,1955.12,5216.471,9232.32,1951.155,5332.769,9239.338,1976.812,5225.29,9309.327,1992.067,5247.011,9235.114,2014.702,5316.956,9226.021,1978.241,5234.72,9263.002,2030.728,5251.92,9248.053,1981.396,5337.354,9276.133,2020.255,5296.39,9322.631,2016.508,5370.325,9345.708,1968.176,5341.234,9177.315,2008.945,5271.199,9269.82,1966.29,5356.163
9312.046,1975.98,5363.611,9271.855,1966.141,5364.119,9199.341,1955.12,5216.319,9232.282,1951.155,5332.776,9239.38,1976.812,5225.086,9309.533,1992.067,5246.982,9235.033,2014.702,5316.994,9225.897,1978.241,5234.554,9263.145,2030.728,5251.77,9247.987,1981.396,5337.36,9276.313,2020.255,5296.306,9322.794,2016.508,5370.451,9345.912,1968.176,5341.195,9177.115,2008.945,5271.229,9269.763,1966.29,5356.281
9312.218,1975.98,5363.722,9271.835,1966.141,5364.258,9199.199,1955.12,5216.167,9232.244,1951.155,5332.784,9239.422,1976.812,5224.883,9309.739,1992.067,5246.953,9234.952,2014.702,5317.032,9225.771,1978.241,5234.389,9263.286,2030.728,5251.619,9247.922,1981.396,5337.365,9276.492,2020.255,5296.22,9322.957,2016.508,5370.578,9346.116,1968.176,5341.155,9176.915,2008.945,5271.262,9269.705,1966.29,5356.398
9312.39,1975.98,5363.833,9271.814,1966.141,5364.397,9199.058,1955.12,5216.016,9232.206,1951.155,5332.791,9239.464,1976.812,5224.679,9309.945,1992.067,5246.925,9234.871,2014.702,5317.07,9225.645,1978.241,5234.225,9263.428,2030.728,5251.468,9247.856,1981.396,5337.367,9276.671,2020.255,5296.132,9323.12,2016.508,5370.704,9346.32,1968.176,5341.115,9176.716,2008.945,5271.299,9269.646,1966.29,5356.516
9312.562,1975.98,5363.944,9271.794,1966.141,5364.536,9198.915,1955.12,5215.864,9232.168,1951.155,5332.797,9239.506,1976.812,5224.476,9310.151,1992.067,5246.897,9234.791,2014.702,5317.108,9225.517,1978.241,5234.062,9263.569,2030.728,5251.317,9247.791,1981.396,5337.367,9276.849,2020.255,5296.043,9323.283,2016.508,5370.831,9346.524,1968.176,5341.075,9176.518,2008.945,5271.34,9269.588,1966.29,5356.632
9312.733,1975.98,5364.055,9271.773,1966.141,5364.675,9198.772,1955.12,5215.712,9232.13,1951.155,5332.803,9239.549,1976.812,5224.272,9310.357,1992.067,5246.87,9234.711,2014.702,5317.146,9225.387,1978.241,5233.899,9263.711,2030.728,5251.166,9247.727,1981.396,5337.365,9277.026,2020.255,5295.953,9323.446,2016.508,5370.957,9346.729,1968.176,5341.034,9176.319,2008.945,5271.384,9269.528,1966.29,5356.749
9312.905,1975.98,5364.166,9271.753,1966.141,5364.814,9198.63,1955.12,5215.56,9232.092,1951.155,5332.808,9239.593,1976.812,5224.069,9310.563,1992.067,5246.843,9234.631,2014.702,5317.183,9225.256,1978.241,5233.738,9263.853,2030.728,5251.015,9247.662,1981.396,5337.361,9277.203,2020.255,5295.861,9323.609,2016.508,5371.084,9346.933,1968.176,5340.993,9176.122,2008.945,5271.431,9269.469,1966.29,5356.864
9313.077,1975.98,5364.276,9271.732,1966.141,5364.954,9198.487,1955.12,5215.408,9232.054,1951.155,5332.813,9239.638,1976.812,5223.866,9310.77,1992.067,5246.816,9234.551,2014.702,5317.219,9225.124,1978.241,5233.577,9263.994,2030.728,5250.864,9247.598,1981.396,5337.355,9277.38,2020.255,5295.768,9323.772,2016.508,5371.211,9347.137,1968.176,5340.951,9175.926,2008.945,5271.48,9269.408,1966.29,5356.979
9313.249,1975.98,5364.387,9271.712,1966.141,5365.093,9198.345,1955.12,5215.256,9232.016,1951.155,5332.817,9239.684,1976.812,5223.663,9310.976,1992.067,5246.791,9234.471,2014.702,5317.255,9224.991,1978.241,5233.417,9264.136,2030.728,5250.713,9247.534,1981.396,5337.347,9277.556,2020.255,5295.673,9323.936,2016.508,5371.338,9347.34,1968.176,5340.907,9175.729,2008.945,5271.532,9269.348,1966.29,5357.094
9313.421,1975.98,5364.498,9271.691,1966.141,5365.232,9198.202,1955.12,5215.104,9231.978,1951.155,5332.821,9239.73,1976.812,5223.46,9311.183,1992.067,5246.765,9234.391,2014.702,5317.291,9224.857,1978.241,5233.259,9264.277,2030.728,5250.563,9247.471,1981.396,5337.337,9277.73,2020.255,5295.577,9324.099,2016.508,5371.465,9347.543,1968.176,5340.862,9175.534,2008.945,5271.587,9269.286,1966.29,5357.208
9313.593,1975.98,5364.609,9271.671,1966.141,5365.371,9198.06,1955.12,5214.953,9231.939,1951.155,5332.825,9239.777,1976.812,5223.257,9311.39,1992.067,5246.74,9234.311,2014.702,5317.326,9224.723,1978.241,5233.101,9264.419,2030.728,5250.412,9247.408,1981.396,5337.325,9277.905,2020.255,5295.479,9324.262,2016.508,5371.592,9347.746,1968.176,5340.816,9175.34,2008.945,5271.644,9269.225,1966.29,5357.322
9313.765,1975.98,5364.72,9271.65,1966.141,5365.51,9197.917,1955.12,5214.801,9231.901,1951.155,5332.828,9239.825,1976.812,5223.055,9311.597,1992.067,5246.715,9234.231,2014.702,5317.361,9224.587,1978.241,5232.943,9264.562,2030.728,5250.261,9247.346,1981.396,5337.311,9278.079,2020.255,5295.381,9324.425,2016.508,5371.72,9347.948,1968.176,5340.769,9175.146,2008.945,5271.702,9269.162,1966.29,5357.435
9313.937,1975.98,5364.832,9271.63,1966.141,5365.649,9197.774,1955.12,5214.649,9231.863,1951.155,5332.83,9239.874,1976.812,5222.853,9311.804,1992.067,5246.691,9234.152,2014.702,5317.396,9224.45,1978.241,5232.787,9264.704,2030.728,5250.11,9247.284,1981.396,5337.294,9278.252,2020.255,5295.281,9324.588,2016.508,5371.847,9348.15,1968.176,5340.72,9174.952,2008.945,5271.763,9269.1,1966.29,5357.547
9314.108,1975.98,5364.944,9271.609,1966.141,5365.789,9197.632,1955.12,5214.497,9231.825,1951.155,5332.833,9239.923,1976.812,5222.65,9312.011,1992.067,5246.667,9234.073,2014.702,5317.432,9224.313,1978.241,5232.631,9264.847,2030.728,5249.959,9247.224,1981.396,5337.276,9278.425,2020.255,5295.179,9324.751,2016.508,5371.975,9348.353,1968.176,5340.671,9174.759,2008.945,5271.825,9269.037,1966.29,5357.659
9314.28,1975.98,5365.056,9271.589,1966.141,5365.928,9197.489,1955.12,5214.345,9231.787,1951.155,5332.834,9239.973,1976.812,5222.448,9312.218,1992.067,5246.644,9233.995,2014.702,5317.467,9224.174,1978.241,5232.476,9264.989,2030.728,5249.808,9247.163,1981.396,5337.257,9278.597,2020.255,5295.076,9324.914,2016.508,5372.102,9348.555,1968.176,5340.621,9174.566,2008.945,5271.889,9268.974,1966.29,5357.77
9314.452,1975.98,5365.168,9271.568,1966.141,5366.067,9197.347,1955.12,5214.194,9231.749,1951.155,5332.836,9240.023,1976.812,5222.247,9312.425,1992.067,5246.621,9233.917,2014.702,5317.502,9224.035,1978.241,5232.322,9265.132,2030.728,5249.657,9247.103,1981.396,5337.24,9278.768,2020.255,5294.972,9325.077,2016.508,5372.23,9348.757,1968.176,5340.57,9174.374,2008.945,5271.955,9268.91,1966.29,5357.881
9314.623,1975.98,5365.28,9271.548,1966.141,5366.206,9197.204,1955.12,5214.042,9231.711,1951.155,5332.837,9240.074,1976.812,5222.045,9312.632,1992.067,5246.598,9233.839,2014.702,5317.537,9223.896,1978.241,5232.168,9265.274,2030.728,5249.506,9247.042,1981.396,5337.224,9278.938,2020.255,5294.867,9325.24,2016.508,5372.358,9348.958,1968.176,5340.519,9174.183,2008.945,5272.021,9268.846,1966.29,5357.991
9314.794,1975.98,5365.393,9271.527,1966.141,5366.345,9197.062,1955.12,5213.891,9231.673,1951.155,5332.837,9240.126,1976.812,5221.843,9312.839,1992.067,5246.575,9233.762,2014.702,5317.572,9223.755,1978.241,5232.015,9265.417,2030.728,5249.355,9246.981,1981.396,5337.206,9279.108,2020.255,5294.76,9325.403,2016.508,5372.486,9349.159,1968.176,5340.466,9173.991,2008.945,5272.09,9268.781,1966.29,5358.101
9314.965,1975.98,5365.505,9271.507,1966.141,5366.484,9196.919,1955.12,5213.74,9231.635,1951.155,5332.838,9240.178,1976.812,5221.642,9313.046,1992.067,5246.553,9233.685,2014.702,5317.607,9223.613,1978.241,5231.863,9265.56,2030.728,5249.205,9246.922,1981.396,5337.187,9279.277,2020.255,5294.652,9325.565,2016.508,5372.614,9349.36,1968.176,5340.413,9173.801,2008.945,5272.159,9268.717,1966.29,5358.21
9315.136,1975.98,5365.618,9271.486,1966.141,5366.624,9196.776,1955.12,5213.588,9231.597,1951.155,5332.838,9240.23,1976.812,5221.44,9313.253,1992.067,5246.531,9233.607,2014.702,5317.643,9223.472,1978.241,5231.711,9265.702,2030.728,5249.054,9246.862,1981.396,5337.167,9279.446,2020.255,5294.543,9325.728,2016.508,5372.742,9349.562,1968.176,5340.359,9173.61,2008.945,5272.229,9268.651,1966.29,5358.319
9315.307,1975.98,5365.731,9271.466,1966.141,5366.763,9196.634,1955.12,5213.437,9231.559,1951.155,5332.837,9240.283,1976.812,5221.239,9313.46,1992.067,5246.51,9233.53,2014.702,5317.678,9223.329,1978.241,5231.56,9265.845,2030.728,5248.903,9246.803,1981.396,5337.15,9279.614,2020.255,5294.433,9325.89,2016.508,5372.87,9349.763,1968.176,5340.305,9173.42,2008.945,5272.301,9268.586,1966.29,5358.428
9315.478,1975.98,5365.844,9271.445,1966.141,5366.902,9196.491,1955.12,5213.286,9231.521,1951.155,5332.837,9240.337,1976.812,5221.038,9313.667,1992.067,5246.489,9233.454,2014.702,5317.713,9223.186,1978.241,5231.41,9265.987,2030.728,5248.752,9246.741,1981.396,5337.138,9279.781,2020.255,5294.322,9326.052,2016.508,5372.999,9349.963,1968.176,5340.25,9173.23,2008.945,5272.373,9268.52,1966.29,5358.536
9315.648,1975.98,5365.957,9271.425,1966.141,5367.041,9196.349,1955.12,5213.134,9231.482,1951.155,5332.836,9240.391,1976.812,5220.837,9313.874,1992.067,5246.468,9233.378,2014.702,5317.749,9223.042,1978.241,5231.26,9266.13,2030.728,5248.601,9246.681,1981.396,5337.124,9279.948,2020.255,5294.209,9326.214,2016.508,5373.127,9350.163,1968.176,5340.194,9173.041,2008.945,5272.446,9268.453,1966.29,5358.643
9315.819,1975.98,5366.07,9271.404,1966.141,5367.18,9196.205,1955.12,5212.983,9231.444,1951.155,5332.834,9240.444,1976.812,5220.636,9314.081,1992.067,5246.448,9233.302,2014.702,5317.785,9222.897,1978.241,5231.11,9266.272,2030.728,5248.45,9246.621,1981.396,5337.107,9280.114,2020.255,5294.095,9326.376,2016.508,5373.255,9350.363,1968.176,5340.138,9172.852,2008.945,5272.521,9268.387,1966.29,5358.75
9315.99,1975.98,5366.184,9271.384,1966.141,5367.319,9196.062,1955.12,5212.832,9231.406,1951.155,5332.833,9240.499,1976.812,5220.436,9314.288,1992.067,5246.428,9233.227,2014.702,5317.82,9222.752,1978.241,5230.961,9266.415,2030.728,5248.299,9246.562,1981.396,5337.092,9280.279,2020.255,5293.98,9326.538,2016.508,5373.384,9350.563,1968.176,5340.081,9172.663,2008.945,5272.595,9268.319,1966.29,5358.856
9316.161,1975.98,5366.297,9271.362,1966.141,5367.458,9195.918,1955.12,5212.681,9231.369,1951.155,5332.831,9240.554,1976.812,5220.235,9314.495,1992.067,5246.408,9233.151,2014.702,5317.856,9222.606,1978.241,5230.813,9266.558,2030.728,5248.148,9246.502,1981.396,5337.074,9280.444,2020.255,5293.865,9326.7,2016.508,5373.513,9350.764,1968.176,5340.024,9172.475,2008.945,5272.671,9268.252,1966.29,5358.962
9316.332,1975.98,5366.41,9271.341,1966.141,5367.598,9195.774,1955.12,5212.53,9231.332,1951.155,5332.829,9240.609,1976.812,5220.034,9314.702,1992.067,5246.389,9233.076,2014.702,5317.892,9222.46,1978.241,5230.666,9266.7,2030.728,5247.998,9246.44,1981.396,5337.066,9280.608,2020.255,5293.748,9326.862,2016.508,5373.642,9350.964,1968.176,5339.966,9172.286,2008.945,5272.747,9268.185,1966.29,5359.068
9316.503,1975.98,5366.524,9271.319,1966.141,5367.737,9195.631,1955.12,5212.379,9231.295,1951.155,5332.827,9240.665,1976.812,5219.833,9314.909,1992.067,5246.37,9233.002,2014.702,5317.927,9222.313,1978.241,5230.519,9266.842,2030.728,5247.846,9246.38,1981.396,5337.057,9280.771,2020.255,5293.629,9327.024,2016.508,5373.771,9351.163,1968.176,5339.907,9172.099,2008.945,5272.824,9268.116,1966.29,5359.173
9316.674,1975.98,5366.638,9271.298,1966.141,5367.876,9195.487,1955.12,5212.229,9231.258,1951.155,5332.824,9240.721,1976.812,5219.633,9315.116,1992.067,5246.351,9232.928,2014.702,5317.963,9222.166,1978.241,5230.372,9266.982,2030.728,5247.693,9246.319,1981.396,5337.045,9280.935,2020.255,5293.51,9327.187,2016.508,5373.899,9351.362,1968.176,5339.848,9171.911,2008.945,5272.902,9268.048,1966.29,5359.277
9316.845,1975.98,5366.751,9271.276,1966.141,5368.015,9195.344,1955.12,5212.078,9231.221,1951.155,5332.821,9240.776,1976.812,5219.433,9315.323,1992.067,5246.333,9232.854,2014.702,5317.999,9222.019,1978.241,5230.226,9267.122,2030.728,5247.54,9246.26,1981.396,5337.032,9281.097,2020.255,5293.39,9327.349,2016.508,5374.028,9351.562,1968.176,5339.789,9171.725,2008.945,5272.981,9267.979,1966.29,5359.381
9317.016,1975.98,5366.865,9271.255,1966.141,5368.154,9195.2,1955.12,5211.927,9231.184,1951.155,5332.817,9240.833,1976.812,5219.232,9315.53,1992.067,5246.315,9232.779,2014.702,5318.034,9221.87,1978.241,5230.08,9267.261,2030.728,5247.386,9246.2,1981.396,5337.018,9281.259,2020.255,5293.269,9327.511,2016.508,5374.158,9351.761,1968.176,5339.729,9171.538,2008.945,5273.062,9267.911,1966.29,5359.485
9317.187,1975.98,5366.979,9271.233,1966.141,5368.293,9195.057,1955.12,5211.776,9231.146,1951.155,5332.814,9240.89,1976.812,5219.032,9315.737,1992.067,5246.297,9232.706,2014.702,5318.07,9221.722,1978.241,5229.935,9267.398,2030.728,5247.231,9246.142,1981.396,5337.001,9281.42,2020.255,5293.147,9327.673,2016.508,5374.287,9351.96,1968.176,5339.668,9171.352,2008.945,5273.143,9267.842,1966.29,5359.588
9317.357,1975.98,5367.093,9271.212,1966.141,5368.433,9194.913,1955.12,5211.625,9231.109,1951.155,5332.81,9240.946,1976.812,5218.832,9315.944,1992.067,5246.28,9232.633,2014.702,5318.105,9221.572,1978.241,5229.79,9267.536,2030.728,5247.075,9246.084,1981.396,5336.982,9281.58,2020.255,5293.024,9327.835,2016.508,5374.417,9352.159,1968.176,5339.608,9171.166,2008.945,5273.225,9267.772,1966.29,5359.69
9317.528,1975.98,5367.207,9271.19,1966.141,5368.572,9194.77,1955.12,5211.475,9231.072,1951.155,5332.806,9241.004,1976.812,5218.632,9316.151,1992.067,5246.263,9232.56,2014.702,5318.141,9221.423,1978.241,5229.645,9267.673,2030.728,5246.918,9246.027,1981.396,5336.962,9281.74,2020.255,5292.9,9327.997,2016.508,5374.546,9352.358,1968.176,5339.547,9170.98,2008.945,5273.308,9267.703,1966.29,5359.792
9317.699,1975.98,5367.321,9271.169,1966.141,5368.711,9194.626,1955.12,5211.325,9231.035,1951.155,5332.802,9241.062,1976.812,5218.432,9316.358,1992.067,5246.247,9232.486,2014.702,5318.177,9221.273,1978.241,5229.501,9267.809,2030.728,5246.761,9245.97,1981.396,5336.943,9281.899,2020.255,5292.775,9328.159,2016.508,5374.675,9352.558,1968.176,5339.485,9170.796,2008.945,5273.391,9267.633,1966.29,5359.894
9317.87,1975.98,5367.436,9271.147,1966.141,5368.85,9194.482,1955.12,5211.174,9230.998,1951.155,5332.797,9241.119,1976.812,5218.231,9316.566,1992.067,5246.23,9232.414,2014.702,5318.212,9221.123,1978.241,5229.357,9267.943,2030.728,5246.603,9245.913,1981.396,5336.923,9282.058,2020.255,5292.649,9328.321,2016.508,5374.805,9352.756,1968.176,5339.423,9170.611,2008.945,5273.476,9267.563,1966.29,5359.995
9318.041,1975.98,5367.55,9271.126,1966.141,5368.989,9194.339,1955.12,5211.024,9230.961,1951.155,5332.793,9241.177,1976.812,5218.032,9316.774,1992.067,5246.215,9232.342,2014.702,5318.247,9220.973,1978.241,5229.214,9268.077,2030.728,5246.444,9245.856,1981.396,5336.902,9282.216,2020.255,5292.522,9328.482,2016.508,5374.935,9352.954,1968.176,5339.361,9170.427,2008.945,5273.561,9267.492,1966.29,5360.096
9318.212,1975.98,5367.664,9271.104,1966.141,5369.128,9194.195,1955.12,5210.874,9230.924,1951.155,5332.788,9241.234,1976.812,5217.832,9316.982,1992.067,5246.199,9232.27,2014.702,5318.282,9220.821,1978.241,5229.071,9268.21,2030.728,5246.285,9245.804,1981.396,5336.874,9282.373,2020.255,5292.394,9328.644,2016.508,5375.065,9353.152,1968.176,5339.298,9170.243,2008.945,5273.646,9267.422,1966.29,5360.196
9318.383,1975.98,5367.778,9271.083,1966.141,5369.268,9194.052,1955.12,5210.723,9230.887,1951.155,5332.783,9241.293,1976.812,5217.632,9317.19,1992.067,5246.184,9232.198,2014.702,5318.317,9220.67,1978.241,5228.929,9268.342,2030.728,5246.125,9245.75,1981.396,5336.848,9282.53,2020.255,5292.266,9328.805,2016.508,5375.195,9353.351,1968.176,5339.235,9170.06,2008.945,5273.733,9267.352,1966.29,5360.295
9318.554,1975.98,5367.893,9271.062,1966.141,5369.407,9193.907,1955.12,5210.573,9230.851,1951.155,5332.778,9241.352,1976.812,5217.433,9317.398,1992.067,5246.169,9232.127,2014.702,5318.353,9220.519,1978.241,5228.787,9268.474,2030.728,5245.964,9245.695,1981.396,5336.824,9282.687,2020.255,5292.136,9328.966,2016.508,5375.325,9353.549,1968.176,5339.171,9169.876,2008.945,5273.82,9267.28,1966.29,5360.395
9318.725,1975.98,5368.008,9271.04,1966.141,5369.546,9193.763,1955.12,5210.422,9230.814,1951.155,5332.772,9241.41,1976.812,5217.233,9317.606,1992.067,5246.155,9232.056,2014.702,5318.388,9220.366,1978.241,5228.645,9268.604,2030.728,5245.802,9245.641,1981.396,5336.799,9282.842,2020.255,5292.006,9329.127,2016.508,5375.455,9353.747,1968.176,5339.107,9169.692,2008.945,5273.908,9267.209,1966.29,5360.493
9318.896,1975.98,5368.123,9271.019,1966.141,5369.685,9193.618,1955.12,5210.272,9230.778,1951.155,5332.767,9241.469,1976.812,5217.033,9317.814,1992.067,5246.141,9231.984,2014.702,5318.423,9220.214,1978.241,5228.503,9268.734,2030.728,5245.64,9245.586,1981.396,5336.776,9282.997,2020.255,5291.875,9329.288,2016.508,5375.585,9353.945,1968.176,5339.043,9169.51,2008.945,5273.996,9267.138,1966.29,5360.591
9319.066,1975.98,5368.237,9270.997,1966.141,5369.824,9193.474,1955.12,5210.123,9230.742,1951.155,5332.761,9241.527,1976.812,5216.833,9318.022,1992.067,5246.125,9231.914,2014.702,5318.458,9220.063,1978.241,5228.36,9268.863,2030.728,5245.478,9245.534,1981.396,5336.747,9283.151,2020.255,5291.743,9329.449,2016.508,5375.715,9354.144,1968.176,5338.979,9169.327,2008.945,5274.085,9267.066,1966.29,5360.689
9319.237,1975.98,5368.352,9270.976,1966.141,5369.963,9193.329,1955.12,5209.973,9230.706,1951.155,5332.755,9241.586,1976.812,5216.634,9318.229,1992.067,5246.108,9231.844,2014.702,5318.493,9219.913,1978.241,5228.216,9268.991,2030.728,5245.314,9245.482,1981.396,5336.717,9283.306,2020.255,5291.61,9329.61,2016.508,5375.846,9354.341,1968.176,5338.914,9169.145,2008.945,5274.174,9266.995,1966.29,5360.786
9319.408,1975.98,5368.467,9270.954,1966.141,5370.103,9193.185,1955.12,5209.823,9230.67,1951.155,5332.749,9241.645,1976.812,5216.434,9318.437,1992.067,5246.09,9231.773,2014.702,5318.528,9219.765,1978.241,5228.07,9269.119,2030.728,5245.15,9245.43,1981.396,5336.689,9283.459,2020.255,5291.477,9329.771,2016.508,5375.976,9354.538,1968.176,5338.848,9168.963,2008.945,5274.264,9266.923,1966.29,5360.883
9319.579,1975.98,5368.582,9270.933,1966.141,5370.242,9193.04,1955.12,5209.673,9230.634,1951.155,5332.743,9241.704,1976.812,5216.234,9318.644,1992.067,5246.07,9231.703,2014.702,5318.563,9219.618,1978.241,5227.922,9269.246,2030.728,5244.985,9245.378,1981.396,5336.661,9283.612,2020.255,5291.344,9329.933,2016.508,5376.106,9354.734,1968.176,5338.778,9168.781,2008.945,5274.354,9266.851,1966.29,5360.979
9319.75,1975.98,5368.697,9270.911,1966.141,5370.382,9192.896,1955.12,5209.523,9230.598,1951.155,5332.736,9241.764,1976.812,5216.035,9318.851,1992.067,5246.05,9231.634,2014.702,5318.599,9219.473,1978.241,5227.774,9269.372,2030.728,5244.82,9245.325,1981.396,5336.634,9283.766,2020.255,5291.21,9330.094,2016.508,5376.237,9354.929,1968.176,5338.705,9168.6,2008.945,5274.445,9266.778,1966.29,5361.075
9319.921,1975.98,5368.813,9270.89,1966.141,5370.521,9192.751,1955.12,5209.373,9230.562,1951.155,5332.729,9241.823,1976.812,5215.835,9319.058,1992.067,5246.029,9231.564,2014.702,5318.634,9219.328,1978.241,5227.624,9269.497,2030.728,5244.655,9245.271,1981.396,5336.609,9283.92,2020.255,5291.078,9330.255,2016.508,5376.368,9355.122,1968.176,5338.627,9168.418,2008.945,5274.537,9266.706,1966.29,5361.17
9320.092,1975.98,5368.928,9270.868,1966.141,5370.661,9192.606,1955.12,5209.223,9230.525,1951.155,5332.723,9241.883,1976.812,5215.636,9319.265,1992.067,5246.007,9231.495,2014.702,5318.669,9219.186,1978.241,5227.473,9269.622,2030.728,5244.488,9245.218,1981.396,5336.585,9284.074,2020.255,5290.945,9330.415,2016.508,5376.5,9355.313,1968.176,5338.547,9168.237,2008.945,5274.628,9266.634,1966.29,5361.266
9320.263,1975.98,5369.043,9270.847,1966.141,5370.801,9192.462,1955.12,5209.074,9230.489,1951.155,5332.716,9241.942,1976.812,5215.437,9319.472,1992.067,5245.984,9231.426,2014.702,5318.704,9219.044,1978.241,5227.32,9269.746,2030.728,5244.321,9245.164,1981.396,5336.562,9284.228,2020.255,5290.811,9330.575,2016.508,5376.631,9355.504,1968.176,5338.463,9168.057,2008.945,5274.721,9266.562,1966.29,5361.36
9320.434,1975.98,5369.158,9270.825,1966.141,5370.94,9192.317,1955.12,5208.924,9230.453,1951.155,5332.709,9241.999,1976.812,5215.236,9319.679,1992.067,5245.961,9231.357,2014.702,5318.739,9218.904,1978.241,5227.166,9269.869,2030.728,5244.154,9245.11,1981.396,5336.539,9284.38,2020.255,5290.676,9330.735,2016.508,5376.764,9355.693,1968.176,5338.376,9167.876,2008.945,5274.813,9266.489,1966.29,5361.455
9320.604,1975.98,5369.275,9270.804,1966.141,5371.08,9192.173,1955.12,5208.775,9230.417,1951.155,5332.702,9242.053,1976.812,5215.035,9319.886,1992.067,5245.938,9231.289,2014.702,5318.773,9218.767,1978.241,5227.01,9269.991,2030.728,5243.986,9245.056,1981.396,5336.517,9284.531,2020.255,5290.541,9330.895,2016.508,5376.896,9355.881,1968.176,5338.287,9167.694,2008.945,5274.904,9266.417,1966.29,5361.548
9320.772,1975.98,5369.393,9270.782,1966.141,5371.22,9192.028,1955.12,5208.625,9230.381,1951.155,5332.694,9242.104,1976.812,5214.833,9320.093,1992.067,5245.914,9231.221,2014.702,5318.808,9218.631,1978.241,5226.853,9270.113,2030.728,5243.817,9245.001,1981.396,5336.496,9284.683,2020.255,5290.404,9331.054,2016.508,5377.03,9356.067,1968.176,5338.195,9167.513,2008.945,5274.995,9266.344,1966.29,5361.642
9320.941,1975.98,5369.511,9270.761,1966.141,5371.359,9191.884,1955.12,5208.476,9230.345,1951.155,5332.687,9242.153,1976.812,5214.631,9320.3,1992.067,5245.89,9231.152,2014.702,5318.843,9218.497,1978.241,5226.694,9270.234,2030.728,5243.648,9244.946,1981.396,5336.475,9284.833,2020.255,5290.266,9331.212,2016.508,5377.164,9356.253,1968.176,5338.101,9167.331,2008.945,5275.085,9266.271,1966.29,5361.734
9321.109,1975.98,5369.631,9270.739,1966.141,5371.499,9191.739,1955.12,5208.327,9230.309,1951.155,5332.68,9242.2,1976.812,5214.429,9320.507,1992.067,5245.865,9231.085,2014.702,5318.877,9218.364,1978.241,5226.534,9270.354,2030.728,5243.479,9244.892,1981.396,5336.454,9284.982,2020.255,5290.127,9331.37,2016.508,5377.298,9356.438,1968.176,5338.004,9167.149,2008.945,5275.175,9266.197,1966.29,5361.827
9321.276,1975.98,5369.751,9270.718,1966.141,5371.639,9191.594,1955.12,5208.177,9230.272,1951.155,5332.672,9242.244,1976.812,5214.225,9320.714,1992.067,5245.84,9231.017,2014.702,5318.912,9218.229,1978.241,5226.376,9270.475,2030.728,5243.309,9244.837,1981.396,5336.433,9285.131,2020.255,5289.988,9331.528,2016.508,5377.433,9356.621,1968.176,5337.906,9166.967,2008.945,5275.265,9266.124,1966.29,5361.919
9321.443,1975.98,5369.873,9270.696,1966.141,5371.778,9191.448,1955.12,5208.028,9230.237,1951.155,5332.665,9242.286,1976.812,5214.021,9320.921,1992.067,5245.815,9230.948,2014.702,5318.945,9218.093,1978.241,5226.22,9270.594,2030.728,5243.139,9244.782,1981.396,5336.413,9285.279,2020.255,5289.847,9331.686,2016.508,5377.567,9356.804,1968.176,5337.807,9166.784,2008.945,5275.354,9266.051,1966.29,5362.011
9321.609,1975.98,5369.995,9270.675,1966.141,5371.918,9191.303,1955.12,5207.878,9230.202,1951.155,5332.657,9242.326,1976.812,5213.817,9321.128,1992.067,5245.791,9230.88,2014.702,5318.978,9217.953,1978.241,5226.065,9270.712,2030.728,5242.968,9244.728,1981.396,5336.392,9285.427,2020.255,5289.706,9331.843,2016.508,5377.703,9356.985,1968.176,5337.706,9166.602,2008.945,5275.444,9265.978,1966.29,5362.103
9321.775,1975.98,5370.118,9270.653,1966.141,5372.059,9191.157,1955.12,5207.729,9230.167,1951.155,5332.649,9242.364,1976.812,5213.613,9321.335,1992.067,5245.766,9230.812,2014.702,5319.01,9217.812,1978.241,5225.913,9270.83,2030.728,5242.796,9244.674,1981.396,5336.372,9285.573,2020.255,5289.563,9332,2016.508,5377.838,9357.167,1968.176,5337.603,9166.419,2008.945,5275.533,9265.904,1966.29,5362.193
9321.941,1975.98,5370.241,9270.631,1966.141,5372.199,9191.012,1955.12,5207.581,9230.132,1951.155,5332.642,9242.4,1976.812,5213.408,9321.542,1992.067,5245.741,9230.743,2014.702,5319.041,9217.668,1978.241,5225.763,9270.947,2030.728,5242.625,9244.62,1981.396,5336.352,9285.719,2020.255,5289.42,9332.156,2016.508,5377.975,9357.348,1968.176,5337.5,9166.236,2008.945,5275.622,9265.831,1966.29,5362.284
9322.106,1975.98,5370.365,9270.608,1966.141,5372.339,9190.866,1955.12,5207.432,9230.097,1951.155,5332.634,9242.435,1976.812,5213.203,9321.749,1992.067,5245.716,9230.675,2014.702,5319.072,9217.522,1978.241,5225.614,9271.063,2030.728,5242.452,9244.566,1981.396,5336.332,9285.866,2020.255,5289.279,9332.313,2016.508,5378.11,9357.527,1968.176,5337.395,9166.054,2008.945,5275.71,9265.758,1966.29,5362.375
9322.271,1975.98,5370.49,9270.587,1966.141,5372.479,9190.721,1955.12,5207.283,9230.062,1951.155,5332.626,9242.467,1976.812,5212.997,9321.956,1992.067,5245.691,9230.606,2014.702,5319.102,9217.375,1978.241,5225.468,9271.18,2030.728,5242.28,9244.513,1981.396,5336.312,9286.015,2020.255,5289.138,9332.471,2016.508,5378.246,9357.707,1968.176,5337.289,9165.871,2008.945,5275.799,9265.685,1966.29,5362.464
9322.437,1975.98,5370.615,9270.565,1966.141,5372.619,9190.575,1955.12,5207.134,9230.026,1951.155,5332.618,9242.498,1976.812,5212.791,9322.163,1992.067,5245.666,9230.538,2014.702,5319.131,9217.225,1978.241,5225.324,9271.295,2030.728,5242.107,9244.459,1981.396,5336.292,9286.164,2020.255,5288.999,9332.628,2016.508,5378.381,9357.886,1968.176,5337.183,9165.688,2008.945,5275.888,9265.611,1966.29,5362.554
9322.601,1975.98,5370.74,9270.544,1966.141,5372.759,9190.43,1955.12,5206.985,9229.991,1951.155,5332.61,9242.527,1976.812,5212.585,9322.37,1992.067,5245.641,9230.47,2014.702,5319.16,9217.072,1978.241,5225.182,9271.409,2030.728,5241.934,9244.405,1981.396,5336.271,9286.315,2020.255,5288.861,9332.785,2016.508,5378.517,9358.063,1968.176,5337.075,9165.506,2008.945,5275.977,9265.538,1966.29,5362.643
9322.765,1975.98,5370.865,9270.522,1966.141,5372.899,9190.284,1955.12,5206.836,9229.956,1951.155,5332.602,9242.556,1976.812,5212.379,9322.577,1992.067,5245.617,9230.401,2014.702,5319.188,9216.918,1978.241,5225.042,9271.523,2030.728,5241.76,9244.352,1981.396,5336.251,9286.468,2020.255,5288.725,9332.943,2016.508,5378.651,9358.241,1968.176,5336.967,9165.323,2008.945,5276.066,9265.465,1966.29,5362.732
9322.931,1975.98,5370.988,9270.501,1966.141,5373.04,9190.139,1955.12,5206.688,9229.921,1951.155,5332.594,9242.582,1976.812,5212.172,9322.784,1992.067,5245.592,9230.333,2014.702,5319.216,9216.762,1978.241,5224.904,9271.637,2030.728,5241.585,9244.298,1981.396,5336.23,9286.622,2020.255,5288.591,9333.102,2016.508,5378.786,9358.419,1968.176,5336.858,9165.141,2008.945,5276.155,9265.392,1966.29,5362.82
9323.1,1975.98,5371.107,9270.479,1966.141,5373.18,9189.993,1955.12,5206.539,9229.886,1951.155,5332.585,9242.607,1976.812,5211.966,9322.991,1992.067,5245.568,9230.265,2014.702,5319.243,9216.604,1978.241,5224.769,9271.75,2030.728,5241.411,9244.245,1981.396,5336.21,9286.779,2020.255,5288.459,9333.26,2016.508,5378.92,9358.596,1968.176,5336.748,9164.958,2008.945,5276.244,9265.318,1966.29,5362.908
9323.271,1975.98,5371.224,9270.458,1966.141,5373.321,9189.848,1955.12,5206.391,9229.851,1951.155,5332.577,9242.632,1976.812,5211.759,9323.198,1992.067,5245.544,9230.196,2014.702,5319.27,9216.443,1978.241,5224.636,9271.862,2030.728,5241.236,9244.192,1981.396,5336.189,9286.938,2020.255,5288.331,9333.418,2016.508,5379.055,9358.772,1968.176,5336.638,9164.775,2008.945,5276.333,9265.245,1966.29,5362.996
9323.442,1975.98,5371.338,9270.437,1966.141,5373.461,9189.702,1955.12,5206.242,9229.815,1951.155,5332.569,9242.654,1976.812,5211.552,9323.405,1992.067,5245.521,9230.128,2014.702,5319.295,9216.281,1978.241,5224.505,9271.975,2030.728,5241.061,9244.14,1981.396,5336.169,9287.1,2020.255,5288.205,9333.576,2016.508,5379.188,9358.948,1968.176,5336.527,9164.593,2008.945,5276.421,9265.172,1966.29,5363.083
9323.616,1975.98,5371.45,9270.415,1966.141,5373.602,9189.557,1955.12,5206.094,9229.78,1951.155,5332.56,9242.676,1976.812,5211.345,9323.612,1992.067,5245.497,9230.06,2014.702,5319.321,9216.117,1978.241,5224.377,9272.086,2030.728,5240.885,9244.087,1981.396,5336.148,9287.264,2020.255,5288.083,9333.735,2016.508,5379.322,9359.124,1968.176,5336.415,9164.41,2008.945,5276.51,9265.099,1966.29,5363.17
9323.791,1975.98,5371.56,9270.394,1966.141,5373.743,9189.41,1955.12,5205.945,9229.745,1951.155,5332.551,9242.696,1976.812,5211.138,9323.819,1992.067,5245.474,9229.991,2014.702,5319.346,9215.952,1978.241,5224.251,9272.197,2030.728,5240.709,9244.034,1981.396,5336.128,9287.431,2020.255,5287.963,9333.895,2016.508,5379.456,9359.299,1968.176,5336.303,9164.228,2008.945,5276.599,9265.025,1966.29,5363.257
9323.967,1975.98,5371.668,9270.372,1966.141,5373.883,9189.264,1955.12,5205.797,9229.71,1951.155,5332.542,9242.716,1976.812,5210.931,9324.026,1992.067,5245.451,9229.923,2014.702,5319.37,9215.785,1978.241,5224.127,9272.308,2030.728,5240.533,9243.981,1981.396,5336.107,9287.6,2020.255,5287.848,9334.054,2016.508,5379.589,9359.474,1968.176,5336.19,9164.045,2008.945,5276.688,9264.952,1966.29,5363.344
9324.144,1975.98,5371.775,9270.351,1966.141,5374.024,9189.117,1955.12,5205.648,9229.676,1951.155,5332.532,9242.734,1976.812,5210.724,9324.233,1992.067,5245.429,9229.854,2014.702,5319.394,9215.616,1978.241,5224.006,9272.417,2030.728,5240.356,9243.929,1981.396,5336.086,9287.771,2020.255,5287.735,9334.213,2016.508,5379.722,9359.648,1968.176,5336.077,9163.862,2008.945,5276.778,9264.879,1966.29,5363.43
9324.321,1975.98,5371.88,9270.329,1966.141,5374.165,9188.971,1955.12,5205.5,9229.642,1951.155,5332.522,9242.752,1976.812,5210.516,9324.44,1992.067,5245.406,9229.786,2014.702,5319.417,9215.445,1978.241,5223.888,9272.526,2030.728,5240.18,9243.877,1981.396,5336.065,9287.945,2020.255,5287.626,9334.372,2016.508,5379.855,9359.822,1968.176,5335.963,9163.68,2008.945,5276.867,9264.806,1966.29,5363.516
9324.5,1975.98,5371.984,9270.308,1966.141,5374.306,9188.824,1955.12,5205.352,9229.607,1951.155,5332.512,9242.769,1976.812,5210.309,9324.647,1992.067,5245.384,9229.718,2014.702,5319.44,9215.272,1978.241,5223.771,9272.635,2030.728,5240.002,9243.825,1981.396,5336.044,9288.121,2020.255,5287.521,9334.532,2016.508,5379.988,9359.996,1968.176,5335.849,9163.497,2008.945,5276.957,9264.732,1966.29,5363.601
9324.68,1975.98,5372.087,9270.286,1966.141,5374.447,9188.678,1955.12,5205.204,9229.573,1951.155,5332.501,9242.784,1976.812,5210.101,9324.854,1992.067,5245.363,9229.649,2014.702,5319.463,9215.099,1978.241,5223.658,9272.743,2030.728,5239.825,9243.773,1981.396,5336.023,9288.299,2020.255,5287.419,9334.692,2016.508,5380.12,9360.17,1968.176,5335.734,9163.314,2008.945,5277.047,9264.659,1966.29,5363.686
9324.859,1975.98,5372.189,9270.265,1966.141,5374.588,9188.531,1955.12,5205.056,9229.539,1951.155,5332.491,9242.799,1976.812,5209.894,9325.061,1992.067,5245.335,9229.581,2014.702,5319.485,9214.923,1978.241,5223.546,9272.851,2030.728,5239.647,9243.722,1981.396,5336.001,9288.479,2020.255,5287.32,9334.853,2016.508,5380.252,9360.346,1968.176,5335.623,9163.132,2008.945,5277.137,9264.586,1966.29,5363.771
9325.04,1975.98,5372.291,9270.243,1966.141,5374.729,9188.385,1955.12,5204.908,9229.505,1951.155,5332.479,9242.813,1976.812,5209.686,9325.267,1992.067,5245.303,9229.513,2014.702,5319.506,9214.745,1978.241,5223.438,9272.958,2030.728,5239.469,9243.67,1981.396,5335.98,9288.66,2020.255,5287.225,9335.013,2016.508,5380.385,9360.524,1968.176,5335.516,9162.949,2008.945,5277.227,9264.513,1966.29,5363.855
9325.221,1975.98,5372.391,9270.222,1966.141,5374.871,9188.238,1955.12,5204.76,9229.471,1951.155,5332.468,9242.831,1976.812,5209.479,9325.472,1992.067,5245.265,9229.444,2014.702,5319.527,9214.566,1978.241,5223.332,9273.065,2030.728,5239.291,9243.618,1981.396,5335.958,9288.843,2020.255,5287.131,9335.173,2016.508,5380.517,9360.704,1968.176,5335.411,9162.768,2008.945,5277.317,9264.44,1966.29,5363.94
9325.402,1975.98,5372.491,9270.2,1966.141,5375.012,9188.092,1955.12,5204.612,9229.437,1951.155,5332.457,9242.853,1976.812,5209.271,9325.676,1992.067,5245.222,9229.376,2014.702,5319.548,9214.386,1978.241,5223.228,9273.172,2030.728,5239.112,9243.566,1981.396,5335.937,9289.026,2020.255,5287.04,9335.333,2016.508,5380.648,9360.885,1968.176,5335.308,9162.586,2008.945,5277.408,9264.368,1966.29,5364.025
9325.584,1975.98,5372.59,9270.179,1966.141,5375.154,9187.945,1955.12,5204.464,9229.402,1951.155,5332.445,9242.877,1976.812,5209.065,9325.879,1992.067,5245.174,9229.308,2014.702,5319.568,9214.204,1978.241,5223.127,9273.278,2030.728,5238.934,9243.516,1981.396,5335.916,9289.211,2020.255,5286.949,9335.493,2016.508,5380.78,9361.067,1968.176,5335.207,9162.404,2008.945,5277.499,9264.297,1966.29,5364.111
9325.766,1975.98,5372.689,9270.156,1966.141,5375.295,9187.799,1955.12,5204.316,9229.369,1951.155,5332.433,9242.905,1976.812,5208.858,9326.08,1992.067,5245.122,9229.239,2014.702,5319.587,9214.021,1978.241,5223.029,9273.384,2030.728,5238.754,9243.465,1981.396,5335.894,9289.396,2020.255,5286.86,9335.654,2016.508,5380.912,9361.251,1968.176,5335.108,9162.223,2008.945,5277.59,9264.227,1966.29,5364.196
9325.947,1975.98,5372.788,9270.134,1966.141,5375.437,9187.652,1955.12,5204.168,9229.336,1951.155,5332.42,9242.937,1976.812,5208.652,9326.28,1992.067,5245.065,9229.171,2014.702,5319.606,9213.836,1978.241,5222.933,9273.489,2030.728,5238.575,9243.414,1981.396,5335.872,9289.582,2020.255,5286.773,9335.815,2016.508,5381.043,9361.436,1968.176,5335.012,9162.041,2008.945,5277.682,9264.156,1966.29,5364.282
9326.13,1975.98,5372.886,9270.111,1966.141,5375.579,9187.506,1955.12,5204.021,9229.303,1951.155,5332.408,9242.971,1976.812,5208.447,9326.479,1992.067,5245.005,9229.103,2014.702,5319.625,9213.649,1978.241,5222.84,9273.594,2030.728,5238.396,9243.363,1981.396,5335.85,9289.769,2020.255,5286.687,9335.977,2016.508,5381.174,9361.621,1968.176,5334.917,9161.859,2008.945,5277.773,9264.087,1966.29,5364.368
9326.313,1975.98,5372.983,9270.092,1966.141,5375.721,9187.359,1955.12,5203.873,9229.27,1951.155,5332.395,9243.007,1976.812,5208.242,9326.678,1992.067,5244.94,9229.034,2014.702,5319.644,9213.462,1978.241,5222.75,9273.698,2030.728,5238.216,9243.313,1981.396,5335.828,9289.956,2020.255,5286.603,9336.138,2016.508,5381.305,9361.807,1968.176,5334.823,9161.678,2008.945,5277.865,9264.019,1966.29,5364.455
9326.495,1975.98,5373.081,9270.074,1966.141,5375.863,9187.213,1955.12,5203.725,9229.236,1951.155,5332.382,9243.046,1976.812,5208.037,9326.874,1992.067,5244.873,9228.966,2014.702,5319.662,9213.273,1978.241,5222.663,9273.802,2030.728,5238.036,9243.262,1981.396,5335.806,9290.145,2020.255,5286.52,9336.299,2016.508,5381.436,9361.993,1968.176,5334.73,9161.496,2008.945,5277.958,9263.95,1966.29,5364.541
9326.678,1975.98,5373.178,9270.059,1966.141,5376.006,9187.066,1955.12,5203.577,9229.203,1951.155,5332.369,9243.087,1976.812,5207.833,9327.069,1992.067,5244.801,9228.897,2014.702,5319.68,9213.083,1978.241,5222.578,9273.905,2030.728,5237.855,9243.211,1981.396,5335.784,9290.333,2020.255,5286.438,9336.46,2016.508,5381.567,9362.18,1968.176,5334.638,9161.314,2008.945,5278.05,9263.883,1966.29,5364.628
9326.86,1975.98,5373.274,9270.045,1966.141,5376.149,9186.92,1955.12,5203.429,9229.17,1951.155,5332.355,9243.131,1976.812,5207.629,9327.264,1992.067,5244.727,9228.829,2014.702,5319.697,9212.892,1978.241,5222.496,9274.009,2030.728,5237.675,9243.161,1981.396,5335.762,9290.522,2020.255,5286.357,9336.621,2016.508,5381.698,9362.367,1968.176,5334.547,9161.134,2008.945,5278.143,9263.816,1966.29,5364.715
9327.044,1975.98,5373.371,9270.033,1966.141,5376.293,9186.773,1955.12,5203.281,9229.137,1951.155,5332.341,9243.177,1976.812,5207.426,9327.457,1992.067,5244.65,9228.762,2014.702,5319.713,9212.699,1978.241,5222.417,9274.111,2030.728,5237.494,9243.111,1981.396,5335.74,9290.712,2020.255,5286.278,9336.782,2016.508,5381.828,9362.555,1968.176,5334.458,9160.953,2008.945,5278.235,9263.75,1966.29,5364.802
9327.228,1975.98,5373.468,9270.023,1966.141,5376.437,9186.627,1955.12,5203.133,9229.104,1951.155,5332.327,9243.225,1976.812,5207.224,9327.649,1992.067,5244.57,9228.694,2014.702,5319.73,9212.506,1978.241,5222.341,9274.214,2030.728,5237.313,9243.062,1981.396,5335.717,9290.902,2020.255,5286.2,9336.944,2016.508,5381.958,9362.743,1968.176,5334.369,9160.772,2008.945,5278.329,9263.685,1966.29,5364.889
9327.411,1975.98,5373.564,9270.016,1966.141,5376.581,9186.48,1955.12,5202.985,9229.07,1951.155,5332.313,9243.274,1976.812,5207.021,9327.841,1992.067,5244.488,9228.627,2014.702,5319.746,9212.312,1978.241,5222.267,9274.315,2030.728,5237.132,9243.012,1981.396,5335.695,9291.094,2020.255,5286.124,9337.106,2016.508,5382.089,9362.932,1968.176,5334.281,9160.592,2008.945,5278.422,9263.619,1966.29,5364.977
9327.595,1975.98,5373.66,9270.01,1966.141,5376.725,9186.334,1955.12,5202.837,9229.038,1951.155,5332.299,9243.326,1976.812,5206.82,9328.031,1992.067,5244.404,9228.56,2014.702,5319.762,9212.116,1978.241,5222.196,9274.417,2030.728,5236.95,9242.962,1981.396,5335.672,9291.285,2020.255,5286.048,9337.269,2016.508,5382.219,9363.121,1968.176,5334.194,9160.411,2008.945,5278.516,9263.555,1966.29,5365.064
9327.778,1975.98,5373.756,9270.005,1966.141,5376.869,9186.188,1955.12,5202.689,9229.006,1951.155,5332.284,9243.379,1976.812,5206.619,9328.221,1992.067,5244.319,9228.492,2014.702,5319.777,9211.92,1978.241,5222.128,9274.519,2030.728,5236.769,9242.912,1981.396,5335.65,9291.478,2020.255,5285.974,9337.431,2016.508,5382.349,9363.311,1968.176,5334.107,9160.23,2008.945,5278.609,9263.49,1966.29,5365.151
9327.962,1975.98,5373.852,9270.002,1966.141,5377.014,9186.041,1955.12,5202.541,9228.974,1951.155,5332.27,9243.434,1976.812,5206.418,9328.41,1992.067,5244.231,9228.425,2014.702,5319.792,9211.723,1978.241,5222.063,9274.619,2030.728,5236.587,9242.862,1981.396,5335.627,9291.67,2020.255,5285.901,9337.593,2016.508,5382.479,9363.5,1968.176,5334.022,9160.05,2008.945,5278.704,9263.427,1966.29,5365.239
9328.146,1975.98,5373.947,9270,1966.141,5377.159,9185.895,1955.12,5202.393,9228.941,1951.155,5332.254,9243.489,1976.812,5206.217,9328.599,1992.067,5244.143,9228.357,2014.702,5319.807,9211.524,1978.241,5222.001,9274.72,2030.728,5236.405,9242.813,1981.396,5335.605,9291.864,2020.255,5285.833,9337.755,2016.508,5382.609,9363.69,1968.176,5333.937,9159.87,2008.945,5278.798,9263.363,1966.29,5365.326
9328.329,1975.98,5374.043,9270,1966.141,5377.304,9185.748,1955.12,5202.245,9228.909,1951.155,5332.239,9243.547,1976.812,5206.017,9328.786,1992.067,5244.053,9228.29,2014.702,5319.821,9211.325,1978.241,5221.942,9274.82,2030.728,5236.223,9242.764,1981.396,5335.582,9292.061,2020.255,5285.77,9337.917,2016.508,5382.739,9363.881,1968.176,5333.853,9159.69,2008.945,5278.893,9263.3,1966.29,5365.414
9328.513,1975.98,5374.138,9270.001,1966.141,5377.449,9185.602,1955.12,5202.097,9228.877,1951.155,5332.224,9243.605,1976.812,5205.817,9328.974,1992.067,5243.962,9228.223,2014.702,5319.835,9211.125,1978.241,5221.886,9274.92,2030.728,5236.04,9242.715,1981.396,5335.559,9292.258,2020.255,5285.71,9338.079,2016.508,5382.869,9364.071,1968.176,5333.769,9159.511,2008.945,5278.988,9263.236,1966.29,5365.5
9328.696,1975.98,5374.233,9270.003,1966.141,5377.594,9185.455,1955.12,5201.949,9228.845,1951.155,5332.208,9243.665,1976.812,5205.618,9329.16,1992.067,5243.871,9228.155,2014.702,5319.849,9210.924,1978.241,5221.833,9275.02,2030.728,5235.857,9242.666,1981.396,5335.536,9292.457,2020.255,5285.656,9338.241,2016.508,5382.998,9364.262,1968.176,5333.685,9159.331,2008.945,5279.083,9263.173,1966.29,5365.587
9328.881,1975.98,5374.329,9270.006,1966.141,5377.74,9185.309,1955.12,5201.8,9228.813,1951.155,5332.193,9243.726,1976.812,5205.419,9329.347,1992.067,5243.778,9228.088,2014.702,5319.862,9210.722,1978.241,5221.783,9275.119,2030.728,5235.675,9242.617,1981.396,5335.513,9292.657,2020.255,5285.606,9338.403,2016.508,5383.127,9364.453,1968.176,5333.602,9159.151,2008.945,5279.179,9263.109,1966.29,5365.674
9329.065,1975.98,5374.423,9270.01,1966.141,5377.885,9185.162,1955.12,5201.652,9228.78,1951.155,5332.177,9243.787,1976.812,5205.22,9329.533,1992.067,5243.685,9228.021,2014.702,5319.875,9210.52,1978.241,5221.735,9275.218,2030.728,5235.492,9242.568,1981.396,5335.49,9292.858,2020.255,5285.562,9338.566,2016.508,5383.257,9364.645,1968.176,5333.52,9158.972,2008.945,5279.275,9263.047,1966.29,5365.761
9329.25,1975.98,5374.518,9270.015,1966.141,5378.031,9185.016,1955.12,5201.503,9228.748,1951.155,5332.161,9243.85,1976.812,5205.022,9329.719,1992.067,5243.59,9227.953,2014.702,5319.888,9210.316,1978.241,5221.691,9275.316,2030.728,5235.309,9242.52,1981.396,5335.467,9293.061,2020.255,5285.521,9338.729,2016.508,5383.386,9364.836,1968.176,5333.438,9158.792,2008.945,5279.371,9262.984,1966.29,5365.847
9329.435,1975.98,5374.613,9270.021,1966.141,5378.177,9184.87,1955.12,5201.355,9228.717,1951.155,5332.145,9243.913,1976.812,5204.824,9329.904,1992.067,5243.496,9227.886,2014.702,5319.9,9210.112,1978.241,5221.649,9275.415,2030.728,5235.125,9242.471,1981.396,5335.444,9293.264,2020.255,5285.485,9338.893,2016.508,5383.516,9365.027,1968.176,5333.356,9158.613,2008.945,5279.468,9262.922,1966.29,5365.934
9329.619,1975.98,5374.708,9270.027,1966.141,5378.323,9184.725,1955.12,5201.207,9228.686,1951.155,5332.129,9243.978,1976.812,5204.626,9330.09,1992.067,5243.4,9227.818,2014.702,5319.912,9209.908,1978.241,5221.611,9275.513,2030.728,5234.941,9242.422,1981.396,5335.421,9293.468,2020.255,5285.453,9339.056,2016.508,5383.645,9365.219,1968.176,5333.274,9158.435,2008.945,5279.564,9262.859,1966.29,5366.02
9329.804,1975.98,5374.802,9270.035,1966.141,5378.47,9184.579,1955.12,5201.058,9228.654,1951.155,5332.112,9244.043,1976.812,5204.428,9330.274,1992.067,5243.305,9227.752,2014.702,5319.924,9209.703,1978.241,5221.575,9275.61,2030.728,5234.758,9242.374,1981.396,5335.398,9293.672,2020.255,5285.426,9339.219,2016.508,5383.773,9365.41,1968.176,5333.193,9158.256,2008.945,5279.662,9262.797,1966.29,5366.105
9329.988,1975.98,5374.896,9270.044,1966.141,5378.616,9184.434,1955.12,5200.91,9228.623,1951.155,5332.096,9244.109,1976.812,5204.231,9330.459,1992.067,5243.209,9227.686,2014.702,5319.936,9209.498,1978.241,5221.542,9275.708,2030.728,5234.574,9242.326,1981.396,5335.375,9293.877,2020.255,5285.403,9339.382,2016.508,5383.902,9365.602,1968.176,5333.112,9158.077,2008.945,5279.759,9262.734,1966.29,5366.191
9330.173,1975.98,5374.991,9270.053,1966.141,5378.763,9184.288,1955.12,5200.761,9228.592,1951.155,5332.079,9244.176,1976.812,5204.034,9330.644,1992.067,5243.113,9227.619,2014.702,5319.947,9209.292,1978.241,5221.513,9275.805,2030.728,5234.39,9242.278,1981.396,5335.351,9294.082,2020.255,5285.384,9339.545,2016.508,5384.031,9365.794,1968.176,5333.032,9157.898,2008.945,5279.856,9262.672,1966.29,5366.277
9330.357,1975.98,5375.085,9270.063,1966.141,5378.91,9184.143,1955.12,5200.612,9228.561,1951.155,5332.062,9244.243,1976.812,5203.836,9330.828,1992.067,5243.016,9227.553,2014.702,5319.958,9209.086,1978.241,5221.486,9275.901,2030.728,5234.206,9242.23,1981.396,5335.328,9294.288,2020.255,5285.37,9339.708,2016.508,5384.16,9365.986,1968.176,5332.951,9157.72,2008.945,5279.954,9262.609,1966.29,5366.362
9330.542,1975.98,5375.179,9270.072,1966.141,5379.057,9183.997,1955.12,5200.463,9228.529,1951.155,5332.045,9244.311,1976.812,5203.64,9331.013,1992.067,5242.919,9227.486,2014.702,5319.968,9208.879,1978.241,5221.462,9275.998,2030.728,5234.021,9242.183,1981.396,5335.304,9294.494,2020.255,5285.359,9339.871,2016.508,5384.289,9366.179,1968.176,5332.871,9157.541,2008.945,5280.052,9262.547,1966.29,5366.448
9330.727,1975.98,5375.273,9270.083,1966.141,5379.204,9183.852,1955.12,5200.314,9228.498,1951.155,5332.028,9244.379,1976.812,5203.443,9331.197,1992.067,5242.822,9227.42,2014.702,5319.979,9208.672,1978.241,5221.441,9276.095,2030.728,5233.837,9242.135,1981.396,5335.281,9294.7,2020.255,5285.353,9340.034,2016.508,5384.418,9366.371,1968.176,5332.791,9157.363,2008.945,5280.151,9262.484,1966.29,5366.533
9330.911,1975.98,5375.367,9270.095,1966.141,5379.351,9183.706,1955.12,5200.165,9228.467,1951.155,5332.011,9244.447,1976.812,5203.246,9331.382,1992.067,5242.725,9227.354,2014.702,5319.988,9208.465,1978.241,5221.424,9276.19,2030.728,5233.652,9242.087,1981.396,5335.257,9294.906,2020.255,5285.351,9340.197,2016.508,5384.547,9366.563,1968.176,5332.711,9157.186,2008.945,5280.25,9262.422,1966.29,5366.618
9331.096,1975.98,5375.46,9270.106,1966.141,5379.499,9183.558,1955.12,5200.019,9228.436,1951.155,5331.993,9244.517,1976.812,5203.05,9331.565,1992.067,5242.628,9227.287,2014.702,5319.997,9208.257,1978.241,5221.409,9276.286,2030.728,5233.467,9242.039,1981.396,5335.233,9295.112,2020.255,5285.352,9340.36,2016.508,5384.675,9366.756,1968.176,5332.631,9157.005,2008.945,5280.343,9262.359,1966.29,5366.702
9331.28,1975.98,5375.554,9270.118,1966.141,5379.646,9183.406,1955.12,5199.876,9228.404,1951.155,5331.976,9244.586,1976.812,5202.854,9331.749,1992.067,5242.53,9227.221,2014.702,5320.005,9208.049,1978.241,5221.397,9276.381,2030.728,5233.282,9241.991,1981.396,5335.209,9295.318,2020.255,5285.357,9340.523,2016.508,5384.804,9366.948,1968.176,5332.551,9156.821,2008.945,5280.432,9262.298,1966.29,5366.787
9331.466,1975.98,5375.648,9270.131,1966.141,5379.794,9183.253,1955.12,5199.735,9228.373,1951.155,5331.958,9244.655,1976.812,5202.657,9331.933,1992.067,5242.433,9227.154,2014.702,5320.013,9207.841,1978.241,5221.389,9276.476,2030.728,5233.097,9241.944,1981.396,5335.186,9295.524,2020.255,5285.366,9340.687,2016.508,5384.932,9367.141,1968.176,5332.471,9156.636,2008.945,5280.515,9262.236,1966.29,5366.871
9331.651,1975.98,5375.741,9270.144,1966.141,5379.942,9183.097,1955.12,5199.598,9228.342,1951.155,5331.94,9244.726,1976.812,5202.461,9332.116,1992.067,5242.335,9227.088,2014.702,5320.019,9207.633,1978.241,5221.383,9276.57,2030.728,5232.912,9241.897,1981.396,5335.162,9295.73,2020.255,5285.378,9340.85,2016.508,5385.061,9367.333,1968.176,5332.392,9156.447,2008.945,5280.594,9262.175,1966.29,5366.955
9331.837,1975.98,5375.834,9270.157,1966.141,5380.09,9182.938,1955.12,5199.463,9228.312,1951.155,5331.922,9244.796,1976.812,5202.265,9332.3,1992.067,5242.237,9227.021,2014.702,5320.025,9207.425,1978.241,5221.38,9276.664,2030.728,5232.726,9241.851,1981.396,5335.138,9295.937,2020.255,5285.394,9341.013,2016.508,5385.189,9367.525,1968.176,5332.312,9156.257,2008.945,5280.667,9262.113,1966.29,5367.039
9332.022,1975.98,5375.928,9270.171,1966.141,5380.239,9182.776,1955.12,5199.331,9228.281,1951.155,5331.904,9244.866,1976.812,5202.069,9332.483,1992.067,5242.14,9226.955,2014.702,5320.03,9207.217,1978.241,5221.38,9276.758,2030.728,5232.54,9241.804,1981.396,5335.114,9296.143,2020.255,5285.413,9341.176,2016.508,5385.317,9367.718,1968.176,5332.232,9156.065,2008.945,5280.736,9262.052,1966.29,5367.123
9332.208,1975.98,5376.021,9270.185,1966.141,5380.388,9182.613,1955.12,5199.202,9228.251,1951.155,5331.886,9244.937,1976.812,5201.874,9332.667,1992.067,5242.042,9226.889,2014.702,5320.035,9207.009,1978.241,5221.383,9276.851,2030.728,5232.354,9241.757,1981.396,5335.09,9296.348,2020.255,5285.435,9341.339,2016.508,5385.446,9367.91,1968.176,5332.153,9155.872,2008.945,5280.801,9261.99,1966.29,5367.207
9332.394,1975.98,5376.114,9270.199,1966.141,5380.537,9182.448,1955.12,5199.075,9228.221,1951.155,5331.867,9245.008,1976.812,5201.678,9332.851,1992.067,5241.943,9226.822,2014.702,5320.039,9206.801,1978.241,5221.39,9276.943,2030.728,5232.168,9241.71,1981.396,5335.066,9296.553,2020.255,5285.46,9341.502,2016.508,5385.574,9368.103,1968.176,5332.073,9155.678,2008.945,5280.861,9261.929,1966.29,5367.29
9332.579,1975.98,5376.207,9270.214,1966.141,5380.686,9182.281,1955.12,5198.951,9228.19,1951.155,5331.849,9245.079,1976.812,5201.482,9333.034,1992.067,5241.845,9226.756,2014.702,5320.042,9206.593,1978.241,5221.399,9277.036,2030.728,5231.981,9241.663,1981.396,5335.042,9296.758,2020.255,5285.489,9341.666,2016.508,5385.703,9368.295,1968.176,5331.993,9155.481,2008.945,5280.918,9261.867,1966.29,5367.373
9332.765,1975.98,5376.3,9270.229,1966.141,5380.835,9182.112,1955.12,5198.829,9228.16,1951.155,5331.83,9245.15,1976.812,5201.286,9333.218,1992.067,5241.747,9226.689,2014.702,5320.044,9206.385,1978.241,5221.411,9277.128,2030.728,5231.795,9241.616,1981.396,5335.017,9296.962,2020.255,5285.518,9341.83,2016.508,5385.831,9368.488,1968.176,5331.916,9155.284,2008.945,5280.971,9261.806,1966.29,5367.456
9332.95,1975.98,5376.393,9270.243,1966.141,5380.984,9181.941,1955.12,5198.709,9228.13,1951.155,5331.812,9245.222,1976.812,5201.09,9333.401,1992.067,5241.649,9226.623,2014.702,5320.045,9206.178,1978.241,5221.426,9277.22,2030.728,5231.608,9241.57,1981.396,5334.992,9297.166,2020.255,5285.546,9341.994,2016.508,5385.959,9368.683,1968.176,5331.841,9155.087,2008.945,5281.021,9261.744,1966.29,5367.539
9333.136,1975.98,5376.486,9270.259,1966.141,5381.134,9181.77,1955.12,5198.592,9228.1,1951.155,5331.792,9245.293,1976.812,5200.895,9333.585,1992.067,5241.551,9226.557,2014.702,5320.046,9205.971,1978.241,5221.444,9277.311,2030.728,5231.421,9241.524,1981.396,5334.967,9297.37,2020.255,5285.575,9342.158,2016.508,5386.088,9368.878,1968.176,5331.769,9154.889,2008.945,5281.067,9261.683,1966.29,5367.622
9333.321,1975.98,5376.58,9270.274,1966.141,5381.284,9181.596,1955.12,5198.478,9228.069,1951.155,5331.773,9245.364,1976.812,5200.699,9333.769,1992.067,5241.453,9226.49,2014.702,5320.047,9205.764,1978.241,5221.465,9277.401,2030.728,5231.233,9241.479,1981.396,5334.942,9297.574,2020.255,5285.604,9342.322,2016.508,5386.216,9369.074,1968.176,5331.699,9154.689,2008.945,5281.112,9261.621,1966.29,5367.704
9333.507,1975.98,5376.674,9270.29,1966.141,5381.435,9181.421,1955.12,5198.365,9228.039,1951.155,5331.754,9245.436,1976.812,5200.504,9333.952,1992.067,5241.354,9226.425,2014.702,5320.046,9205.557,1978.241,5221.489,9277.492,2030.728,5231.046,9241.433,1981.396,5334.916,9297.778,2020.255,5285.634,9342.486,2016.508,5386.345,9369.271,1968.176,5331.631,9154.49,2008.945,5281.154,9261.56,1966.29,5367.787
9333.691,1975.98,5376.768,9270.306,1966.141,5381.585,9181.245,1955.12,5198.254,9228.009,1951.155,5331.735,9245.507,1976.812,5200.309,9334.136,1992.067,5241.256,9226.359,2014.702,5320.045,9205.351,1978.241,5221.515,9277.582,2030.728,5230.858,9241.388,1981.396,5334.89,9297.982,2020.255,5285.664,9342.65,2016.508,5386.473,9369.469,1968.176,5331.565,9154.29,2008.945,5281.195,9261.498,1966.29,5367.869
9333.876,1975.98,5376.862,9270.321,1966.141,5381.736,9181.067,1955.12,5198.145,9227.979,1951.155,5331.716,9245.578,1976.812,5200.113,9334.319,1992.067,5241.158,9226.294,2014.702,5320.044,9205.145,1978.241,5221.544,9277.672,2030.728,5230.67,9241.343,1981.396,5334.864,9298.187,2020.255,5285.693,9342.814,2016.508,5386.602,9369.667,1968.176,5331.502,9154.09,2008.945,5281.235,9261.437,1966.29,5367.951
9334.061,1975.98,5376.957,9270.337,1966.141,5381.887,9180.889,1955.12,5198.038,9227.948,1951.155,5331.697,9245.649,1976.812,5199.918,9334.503,1992.067,5241.06,9226.229,2014.702,5320.042,9204.939,1978.241,5221.577,9277.761,2030.728,5230.482,9241.298,1981.396,5334.837,9298.391,2020.255,5285.724,9342.979,2016.508,5386.729,9369.866,1968.176,5331.44,9153.89,2008.945,5281.273,9261.375,1966.29,5368.032
9334.245,1975.98,5377.051,9270.354,1966.141,5382.038,9180.709,1955.12,5197.933,9227.918,1951.155,5331.677,9245.721,1976.812,5199.723,9334.687,1992.067,5240.961,9226.163,2014.702,5320.039,9204.734,1978.241,5221.612,9277.85,2030.728,5230.294,9241.253,1981.396,5334.811,9298.595,2020.255,5285.754,9343.143,2016.508,5386.857,9370.065,1968.176,5331.381,9153.689,2008.945,5281.31,9261.313,1966.29,5368.114
9334.43,1975.98,5377.146,9270.37,1966.141,5382.189,9180.528,1955.12,5197.829,9227.888,1951.155,5331.658,9245.792,1976.812,5199.527,9334.87,1992.067,5240.862,9226.098,2014.702,5320.035,9204.529,1978.241,5221.649,9277.938,2030.728,5230.106,9241.208,1981.396,5334.784,9298.799,2020.255,5285.785,9343.307,2016.508,5386.985,9370.266,1968.176,5331.323,9153.488,2008.945,5281.346,9261.252,1966.29,5368.195
9334.614,1975.98,5377.24,9270.387,1966.141,5382.341,9180.347,1955.12,5197.727,9227.858,1951.155,5331.638,9245.863,1976.812,5199.332,9335.056,1992.067,5240.769,9226.032,2014.702,5320.031,9204.325,1978.241,5221.69,9278.026,2030.728,5229.917,9241.164,1981.396,5334.756,9299.003,2020.255,5285.816,9343.471,2016.508,5387.113,9370.465,1968.176,5331.263,9153.287,2008.945,5281.382,9261.19,1966.29,5368.276
9334.799,1975.98,5377.335,9270.403,1966.141,5382.493,9180.164,1955.12,5197.626,9227.829,1951.155,5331.619,9245.935,1976.812,5199.137,9335.244,1992.067,5240.679,9225.967,2014.702,5320.026,9204.122,1978.241,5221.733,9278.114,2030.728,5229.729,9241.12,1981.396,5334.729,9299.207,2020.255,5285.848,9343.635,2016.508,5387.241,9370.663,1968.176,5331.201,9153.086,2008.945,5281.417,9261.129,1966.29,5368.357
9334.983,1975.98,5377.43,9270.42,1966.141,5382.646,9179.981,1955.12,5197.527,9227.8,1951.155,5331.599,9246.006,1976.812,5198.941,9335.435,1992.067,5240.594,9225.901,2014.702,5320.021,9203.919,1978.241,5221.779,9278.201,2030.728,5229.54,9241.076,1981.396,5334.702,9299.411,2020.255,5285.88,9343.799,2016.508,5387.369,9370.861,1968.176,5331.136,9152.885,2008.945,5281.452,9261.067,1966.29,5368.438
9335.168,1975.98,5377.524,9270.437,1966.141,5382.798,9179.798,1955.12,5197.429,9227.771,1951.155,5331.579,9246.077,1976.812,5198.745,9335.627,1992.067,5240.514,9225.836,2014.702,5320.015,9203.717,1978.241,5221.828,9278.288,2030.728,5229.351,9241.032,1981.396,5334.674,9299.615,2020.255,5285.912,9343.963,2016.508,5387.497,9371.059,1968.176,5331.069,9152.684,2008.945,5281.486,9261.006,1966.29,5368.519
9335.353,1975.98,5377.619,9270.453,1966.141,5382.951,9179.613,1955.12,5197.332,9227.741,1951.155,5331.559,9246.148,1976.812,5198.549,9335.82,1992.067,5240.438,9225.771,2014.702,5320.009,9203.516,1978.241,5221.879,9278.374,2030.728,5229.161,9240.988,1981.396,5334.646,9299.819,2020.255,5285.945,9344.127,2016.508,5387.625,9371.255,1968.176,5331,9152.482,2008.945,5281.521,9260.944,1966.29,5368.599
9335.537,1975.98,5377.714,9270.47,1966.141,5383.104,9179.429,1955.12,5197.236,9227.712,1951.155,5331.539,9246.226,1976.812,5198.356,9336.014,1992.067,5240.361,9225.706,2014.702,5320.001,9203.314,1978.241,5221.934,9278.46,2030.728,5228.972,9240.945,1981.396,5334.618,9300.023,2020.255,5285.978,9344.291,2016.508,5387.753,9371.45,1968.176,5330.928,9152.281,2008.945,5281.555,9260.883,1966.29,5368.679
9335.722,1975.98,5377.809,9270.486,1966.141,5383.257,9179.243,1955.12,5197.142,9227.683,1951.155,5331.519,9246.309,1976.812,5198.165,9336.207,1992.067,5240.285,9225.642,2014.702,5319.994,9203.114,1978.241,5221.99,9278.546,2030.728,5228.782,9240.902,1981.396,5334.59,9300.228,2020.255,5286.012,9344.455,2016.508,5387.881,9371.646,1968.176,5330.855,9152.08,2008.945,5281.589,9260.821,1966.29,5368.759
9335.906,1975.98,5377.903,9270.503,1966.141,5383.41,9179.058,1955.12,5197.048,9227.653,1951.155,5331.498,9246.396,1976.812,5197.976,9336.4,1992.067,5240.209,9225.577,2014.702,5319.985,9202.915,1978.241,5222.049,9278.631,2030.728,5228.592,9240.859,1981.396,5334.562,9300.432,2020.255,5286.046,9344.619,2016.508,5388.009,9371.84,1968.176,5330.78,9151.879,2008.945,5281.623,9260.761,1966.29,5368.839
9336.091,1975.98,5377.997,9270.521,1966.141,5383.564,9178.871,1955.12,5196.955,9227.624,1951.155,5331.478,9246.49,1976.812,5197.79,9336.594,1992.067,5240.133,9225.513,2014.702,5319.977,9202.717,1978.241,5222.111,9278.716,2030.728,5228.402,9240.816,1981.396,5334.533,9300.636,2020.255,5286.081,9344.783,2016.508,5388.137,9372.033,1968.176,5330.703,9151.678,2008.945,5281.656,9260.7,1966.29,5368.918
9336.276,1975.98,5378.091,9270.538,1966.141,5383.718,9178.685,1955.12,5196.863,9227.595,1951.155,5331.457,9246.589,1976.812,5197.606,9336.787,1992.067,5240.057,9225.448,2014.702,5319.967,9202.519,1978.241,5222.175,9278.8,2030.728,5228.211,9240.773,1981.396,5334.504,9300.84,2020.255,5286.115,9344.947,2016.508,5388.265,9372.226,1968.176,5330.624,9151.477,2008.945,5281.69,9260.64,1966.29,5368.998
9336.462,1975.98,5378.186,9270.556,1966.141,5383.872,9178.497,1955.12,5196.772,9227.565,1951.155,5331.437,9246.692,1976.812,5197.425,9336.98,1992.067,5239.98,9225.384,2014.702,5319.958,9202.321,1978.241,5222.242,9278.884,2030.728,5228.021,9240.73,1981.396,5334.476,9301.044,2020.255,5286.15,9345.11,2016.508,5388.394,9372.418,1968.176,5330.543,9151.275,2008.945,5281.724,9260.58,1966.29,5369.079
9336.647,1975.98,5378.28,9270.573,1966.141,5384.026,9178.31,1955.12,5196.682,9227.536,1951.155,5331.416,9246.801,1976.812,5197.248,9337.174,1992.067,5239.904,9225.319,2014.702,5319.947,9202.125,1978.241,5222.312,9278.968,2030.728,5227.831,9240.688,1981.396,5334.447,9301.248,2020.255,5286.186,9345.272,2016.508,5388.523,9372.609,1968.176,5330.461,9151.074,2008.945,5281.757,9260.522,1966.29,5369.161
9336.833,1975.98,5378.374,9270.591,1966.141,5384.181,9178.121,1955.12,5196.593,9227.507,1951.155,5331.395,9246.914,1976.812,5197.073,9337.367,1992.067,5239.828,9225.255,2014.702,5319.937,9201.93,1978.241,5222.383,9279.051,2030.728,5227.64,9240.646,1981.396,5334.418,9301.452,2020.255,5286.223,9345.435,2016.508,5388.654,9372.8,1968.176,5330.378,9150.873,2008.945,5281.791,9260.467,1966.29,5369.244
9337.019,1975.98,5378.468,9270.608,1966.141,5384.336,9177.933,1955.12,5196.504,9227.478,1951.155,5331.374,9247.031,1976.812,5196.901,9337.561,1992.067,5239.752,9225.191,2014.702,5319.925,9201.735,1978.241,5222.458,9279.134,2030.728,5227.449,9240.604,1981.396,5334.389,9301.656,2020.255,5286.26,9345.596,2016.508,5388.786,9372.99,1968.176,5330.293,9150.671,2008.945,5281.825,9260.413,1966.29,5369.328
9337.204,1975.98,5378.562,9270.626,1966.141,5384.491,9177.744,1955.12,5196.416,9227.448,1951.155,5331.353,9247.153,1976.812,5196.732,9337.754,1992.067,5239.676,9225.128,2014.702,5319.914,9201.542,1978.241,5222.534,9279.216,2030.728,5227.257,9240.562,1981.396,5334.359,9301.859,2020.255,5286.297,9345.756,2016.508,5388.919,9373.18,1968.176,5330.207,9150.469,2008.945,5281.858,9260.361,1966.29,5369.413
9337.39,1975.98,5378.655,9270.644,1966.141,5384.646,9177.556,1955.12,5196.329,9227.419,1951.155,5331.332,9247.279,1976.812,5196.566,9337.947,1992.067,5239.6,9225.064,2014.702,5319.901,9201.35,1978.241,5222.612,9279.298,2030.728,5227.066,9240.52,1981.396,5334.33,9302.063,2020.255,5286.335,9345.915,2016.508,5389.052,9373.368,1968.176,5330.119,9150.267,2008.945,5281.892,9260.312,1966.29,5369.499
9337.575,1975.98,5378.749,9270.661,1966.141,5384.802,9177.366,1955.12,5196.242,9227.39,1951.155,5331.311,9247.409,1976.812,5196.403,9338.141,1992.067,5239.523,9225.001,2014.702,5319.889,9201.158,1978.241,5222.693,9279.379,2030.728,5226.875,9240.478,1981.396,5334.301,9302.266,2020.255,5286.374,9346.074,2016.508,5389.187,9373.557,1968.176,5330.029,9150.064,2008.945,5281.926,9260.264,1966.29,5369.585
9337.761,1975.98,5378.842,9270.679,1966.141,5384.958,9177.177,1955.12,5196.155,9227.36,1951.155,5331.29,9247.543,1976.812,5196.243,9338.334,1992.067,5239.447,9224.938,2014.702,5319.875,9200.968,1978.241,5222.776,9279.46,2030.728,5226.683,9240.436,1981.396,5334.271,9302.469,2020.255,5286.413,9346.232,2016.508,5389.322,9373.744,1968.176,5329.938,9149.862,2008.945,5281.959,9260.217,1966.29,5369.673
9337.946,1975.98,5378.935,9270.696,1966.141,5385.114,9176.987,1955.12,5196.069,9227.331,1951.155,5331.269,9247.68,1976.812,5196.086,9338.527,1992.067,5239.371,9224.874,2014.702,5319.861,9200.778,1978.241,5222.862,9279.541,2030.728,5226.491,9240.394,1981.396,5334.241,9302.672,2020.255,5286.453,9346.39,2016.508,5389.458,9373.931,1968.176,5329.847,9149.66,2008.945,5281.994,9260.172,1966.29,5369.761
9338.132,1975.98,5379.028,9270.714,1966.141,5385.271,9176.798,1955.12,5195.983,9227.302,1951.155,5331.247,9247.82,1976.812,5195.933,9338.721,1992.067,5239.295,9224.811,2014.702,5319.847,9200.59,1978.241,5222.949,9279.621,2030.728,5226.299,9240.352,1981.396,5334.211,9302.875,2020.255,5286.493,9346.547,2016.508,5389.594,9374.117,1968.176,5329.753,9149.458,2008.945,5282.028,9260.129,1966.29,5369.85
9338.317,1975.98,5379.121,9270.731,1966.141,5385.427,9176.608,1955.12,5195.898,9227.273,1951.155,5331.226,9247.964,1976.812,5195.781,9338.914,1992.067,5239.219,9224.747,2014.702,5319.832,9200.402,1978.241,5223.039,9279.701,2030.728,5226.106,9240.311,1981.396,5334.182,9303.078,2020.255,5286.534,9346.703,2016.508,5389.732,9374.303,1968.176,5329.659,9149.256,2008.945,5282.062,9260.088,1966.29,5369.94
9338.503,1975.98,5379.214,9270.749,1966.141,5385.584,9176.418,1955.12,5195.813,9227.245,1951.155,5331.204,9248.109,1976.812,5195.633,9339.107,1992.067,5239.143,9224.685,2014.702,5319.817,9200.216,1978.241,5223.13,9279.78,2030.728,5225.914,9240.27,1981.396,5334.151,9303.281,2020.255,5286.576,9346.858,2016.508,5389.87,9374.488,1968.176,5329.564,9149.054,2008.945,5282.096,9260.048,1966.29,5370.03
9338.689,1975.98,5379.307,9270.767,1966.141,5385.742,9176.228,1955.12,5195.728,9227.217,1951.155,5331.183,9248.258,1976.812,5195.487,9339.299,1992.067,5239.061,9224.622,2014.702,5319.801,9200.03,1978.241,5223.224,9279.859,2030.728,5225.722,9240.229,1981.396,5334.121,9303.484,2020.255,5286.618,9347.014,2016.508,5390.009,9374.675,1968.176,5329.471,9148.852,2008.945,5282.13,9260.01,1966.29,5370.121
9338.876,1975.98,5379.399,9270.784,1966.141,5385.899,9176.037,1955.12,5195.644,9227.188,1951.155,5331.161,9248.408,1976.812,5195.343,9339.488,1992.067,5238.975,9224.56,2014.702,5319.785,9199.846,1978.241,5223.32,9279.938,2030.728,5225.529,9240.188,1981.396,5334.091,9303.687,2020.255,5286.661,9347.168,2016.508,5390.149,9374.862,1968.176,5329.381,9148.649,2008.945,5282.165,9259.973,1966.29,5370.213
9339.063,1975.98,5379.491,9270.802,1966.141,5386.057,9175.847,1955.12,5195.559,9227.16,1951.155,5331.139,9248.562,1976.812,5195.202,9339.676,1992.067,5238.883,9224.497,2014.702,5319.769,9199.662,1978.241,5223.417,9280.016,2030.728,5225.336,9240.146,1981.396,5334.061,9303.889,2020.255,5286.704,9347.321,2016.508,5390.29,9375.052,1968.176,5329.294,9148.447,2008.945,5282.199,9259.938,1966.29,5370.305
9339.249,1975.98,5379.583,9270.819,1966.141,5386.215,9175.656,1955.12,5195.475,9227.132,1951.155,5331.117,9248.717,1976.812,5195.063,9339.86,1992.067,5238.788,9224.435,2014.702,5319.751,9199.479,1978.241,5223.517,9280.093,2030.728,5225.143,9240.105,1981.396,5334.03,9304.091,2020.255,5286.748,9347.474,2016.508,5390.431,9375.242,1968.176,5329.209,9148.245,2008.945,5282.233,9259.903,1966.29,5370.398
9339.436,1975.98,5379.675,9270.837,1966.141,5386.374,9175.466,1955.12,5195.391,9227.104,1951.155,5331.095,9248.873,1976.812,5194.926,9340.043,1992.067,5238.688,9224.372,2014.702,5319.734,9199.298,1978.241,5223.618,9280.17,2030.728,5224.949,9240.064,1981.396,5334,9304.293,2020.255,5286.793,9347.626,2016.508,5390.573,9375.434,1968.176,5329.126,9148.043,2008.945,5282.268,9259.871,1966.29,5370.491
9339.622,1975.98,5379.766,9270.854,1966.141,5386.532,9175.275,1955.12,5195.308,9227.075,1951.155,5331.073,9249.031,1976.812,5194.791,9340.227,1992.067,5238.588,9224.31,2014.702,5319.716,9199.117,1978.241,5223.721,9280.246,2030.728,5224.756,9240.023,1981.396,5333.969,9304.495,2020.255,5286.838,9347.777,2016.508,5390.715,9375.624,1968.176,5329.042,9147.841,2008.945,5282.303,9259.84,1966.29,5370.585
9339.809,1975.98,5379.857,9270.872,1966.141,5386.691,9175.085,1955.12,5195.224,9227.047,1951.155,5331.051,9249.19,1976.812,5194.657,9340.41,1992.067,5238.49,9224.247,2014.702,5319.697,9198.938,1978.241,5223.826,9280.322,2030.728,5224.562,9239.983,1981.396,5333.938,9304.697,2020.255,5286.885,9347.929,2016.508,5390.858,9375.813,1968.176,5328.956,9147.639,2008.945,5282.337,9259.81,1966.29,5370.679
9339.995,1975.98,5379.949,9270.89,1966.141,5386.85,9174.895,1955.12,5195.141,9227.019,1951.155,5331.029,9249.352,1976.812,5194.524,9340.595,1992.067,5238.393,9224.185,2014.702,5319.678,9198.759,1978.241,5223.933,9280.398,2030.728,5224.368,9239.943,1981.396,5333.907,9304.899,2020.255,5286.932,9348.079,2016.508,5391.002,9376.002,1968.176,5328.868,9147.437,2008.945,5282.372,9259.781,1966.29,5370.773
9340.182,1975.98,5380.04,9270.907,1966.141,5387.009,9174.704,1955.12,5195.057,9226.99,1951.155,5331.007,9249.514,1976.812,5194.394,9340.779,1992.067,5238.297,9224.123,2014.702,5319.659,9198.581,1978.241,5224.041,9280.474,2030.728,5224.174,9239.903,1981.396,5333.876,9305.101,2020.255,5286.979,9348.229,2016.508,5391.147,9376.19,1968.176,5328.779,9147.234,2008.945,5282.407,9259.754,1966.29,5370.868
9340.369,1975.98,5380.13,9270.925,1966.141,5387.169,9174.514,1955.12,5194.974,9226.962,1951.155,5330.985,9249.677,1976.812,5194.264,9340.965,1992.067,5238.202,9224.062,2014.702,5319.639,9198.404,1978.241,5224.151,9280.549,2030.728,5223.98,9239.863,1981.396,5333.845,9305.302,2020.255,5287.027,9348.378,2016.508,5391.292,9376.378,1968.176,5328.688,9147.032,2008.945,5282.441,9259.728,1966.29,5370.963
9340.557,1975.98,5380.221,9270.942,1966.141,5387.329,9174.323,1955.12,5194.89,9226.934,1951.155,5330.962,9249.841,1976.812,5194.136,9341.15,1992.067,5238.107,9224,2014.702,5319.619,9198.229,1978.241,5224.262,9280.623,2030.728,5223.786,9239.823,1981.396,5333.814,9305.503,2020.255,5287.076,9348.526,2016.508,5391.438,9376.564,1968.176,5328.596,9146.83,2008.945,5282.477,9259.702,1966.29,5371.058
9340.744,1975.98,5380.311,9270.96,1966.141,5387.489,9174.133,1955.12,5194.807,9226.905,1951.155,5330.94,9250.006,1976.812,5194.008,9341.337,1992.067,5238.014,9223.938,2014.702,5319.599,9198.054,1978.241,5224.375,9280.697,2030.728,5223.591,9239.783,1981.396,5333.783,9305.704,2020.255,5287.126,9348.674,2016.508,5391.584,9376.75,1968.176,5328.502,9146.628,2008.945,5282.512,9259.678,1966.29,5371.154
9340.932,1975.98,5380.401,9270.978,1966.141,5387.65,9173.942,1955.12,5194.723,9226.877,1951.155,5330.917,9250.171,1976.812,5193.882,9341.523,1992.067,5237.922,9223.877,2014.702,5319.578,9197.88,1978.241,5224.49,9280.771,2030.728,5223.396,9239.743,1981.396,5333.751,9305.905,2020.255,5287.176,9348.821,2016.508,5391.731,9376.936,1968.176,5328.407,9146.426,2008.945,5282.547,9259.654,1966.29,5371.25
9341.119,1975.98,5380.491,9270.994,1966.141,5387.811,9173.752,1955.12,5194.64,9226.849,1951.155,5330.895,9250.337,1976.812,5193.756,9341.71,1992.067,5237.83,9223.815,2014.702,5319.556,9197.707,1978.241,5224.606,9280.844,2030.728,5223.201,9239.703,1981.396,5333.72,9306.106,2020.255,5287.228,9348.968,2016.508,5391.879,9377.12,1968.176,5328.311,9146.224,2008.945,5282.582,9259.632,1966.29,5371.346
9341.307,1975.98,5380.58,9271.011,1966.141,5387.972,9173.562,1955.12,5194.556,9226.82,1951.155,5330.873,9250.504,1976.812,5193.632,9341.897,1992.067,5237.739,9223.754,2014.702,5319.535,9197.535,1978.241,5224.724,9280.916,2030.728,5223.006,9239.663,1981.396,5333.688,9306.307,2020.255,5287.279,9349.113,2016.508,5392.027,9377.304,1968.176,5328.213,9146.021,2008.945,5282.617,9259.61,1966.29,5371.442
9341.494,1975.98,5380.669,9271.027,1966.141,5388.133,9173.371,1955.12,5194.473,9226.792,1951.155,5330.85,9250.671,1976.812,5193.508,9342.085,1992.067,5237.649,9223.692,2014.702,5319.513,9197.364,1978.241,5224.843,9280.988,2030.728,5222.811,9239.624,1981.396,5333.657,9306.507,2020.255,5287.332,9349.259,2016.508,5392.176,9377.487,1968.176,5328.114,9145.819,2008.945,5282.652,9259.59,1966.29,5371.539
9341.682,1975.98,5380.758,9271.044,1966.141,5388.294,9173.181,1955.12,5194.389,9226.764,1951.155,5330.827,9250.839,1976.812,5193.384,9342.272,1992.067,5237.56,9223.632,2014.702,5319.49,9197.194,1978.241,5224.964,9281.06,2030.728,5222.615,9239.585,1981.396,5333.625,9306.707,2020.255,5287.386,9349.403,2016.508,5392.326,9377.67,1968.176,5328.014,9145.617,2008.945,5282.688,9259.57,1966.29,5371.635
9341.87,1975.98,5380.847,9271.061,1966.141,5388.456,9172.99,1955.12,5194.306,9226.735,1951.155,5330.804,9251.007,1976.812,5193.261,9342.461,1992.067,5237.471,9223.571,2014.702,5319.467,9197.025,1978.241,5225.086,9281.131,2030.728,5222.419,9239.546,1981.396,5333.593,9306.907,2020.255,5287.44,9349.548,2016.508,5392.476,9377.852,1968.176,5327.913,9145.415,2008.945,5282.723,9259.552,1966.29,5371.732
9342.059,1975.98,5380.935,9271.077,1966.141,5388.618,9172.8,1955.12,5194.222,9226.707,1951.155,5330.781,9251.176,1976.812,5193.139,9342.649,1992.067,5237.382,9223.511,2014.702,5319.444,9196.857,1978.241,5225.209,9281.201,2030.728,5222.224,9239.507,1981.396,5333.562,9307.107,2020.255,5287.495,9349.691,2016.508,5392.626,9378.033,1968.176,5327.811,9145.213,2008.945,5282.758,9259.534,1966.29,5371.83
9342.247,1975.98,5381.023,9271.094,1966.141,5388.781,9172.609,1955.12,5194.139,9226.679,1951.155,5330.758,9251.345,1976.812,5193.017,9342.838,1992.067,5237.294,9223.45,2014.702,5319.42,9196.69,1978.241,5225.333,9281.271,2030.728,5222.027,9239.468,1981.396,5333.53,9307.307,2020.255,5287.551,9349.834,2016.508,5392.777,9378.214,1968.176,5327.708,9145.011,2008.945,5282.793,9259.517,1966.29,5371.927
9342.436,1975.98,5381.111,9271.11,1966.141,5388.943,9172.419,1955.12,5194.055,9226.65,1951.155,5330.735,9251.514,1976.812,5192.895,9343.024,1992.067,5237.202,9223.39,2014.702,5319.396,9196.524,1978.241,5225.459,9281.341,2030.728,5221.831,9239.429,1981.396,5333.498,9307.506,2020.255,5287.607,9349.977,2016.508,5392.929,9378.396,1968.176,5327.607,9144.809,2008.945,5282.829,9259.5,1966.29,5372.024
9342.624,1975.98,5381.198,9271.127,1966.141,5389.106,9172.229,1955.12,5193.971,9226.622,1951.155,5330.712,9251.683,1976.812,5192.774,9343.209,1992.067,5237.104,9223.329,2014.702,5319.372,9196.36,1978.241,5225.587,9281.41,2030.728,5221.635,9239.39,1981.396,5333.466,9307.705,2020.255,5287.665,9350.118,2016.508,5393.081,9378.58,1968.176,5327.51,9144.606,2008.945,5282.864,9259.484,1966.29,5372.122
9342.813,1975.98,5381.286,9271.144,1966.141,5389.27,9172.038,1955.12,5193.887,9226.594,1951.155,5330.689,9251.853,1976.812,5192.653,9343.391,1992.067,5237.002,9223.269,2014.702,5319.347,9196.2,1978.241,5225.719,9281.476,2030.728,5221.437,9239.351,1981.396,5333.434,9307.904,2020.255,5287.723,9350.26,2016.508,5393.234,9378.766,1968.176,5327.415,9144.404,2008.945,5282.9,9259.469,1966.29,5372.22
9343.001,1975.98,5381.373,9271.16,1966.141,5389.433,9171.848,1955.12,5193.803,9226.565,1951.155,5330.666,9252.022,1976.812,5192.533,9343.569,1992.067,5236.896,9223.208,2014.702,5319.322,9196.044,1978.241,5225.856,9281.537,2030.728,5221.238,9239.312,1981.396,5333.401,9308.103,2020.255,5287.782,9350.4,2016.508,5393.387,9378.952,1968.176,5327.322,9144.202,2008.945,5282.936,9259.454,1966.29,5372.318
9343.19,1975.98,5381.459,9271.177,1966.141,5389.597,9171.657,1955.12,5193.718,9226.537,1951.155,5330.642,9252.192,1976.812,5192.413,9343.746,1992.067,5236.786,9223.147,2014.702,5319.297,9195.893,1978.241,5225.999,9281.596,2030.728,5221.039,9239.272,1981.396,5333.369,9308.301,2020.255,5287.842,9350.541,2016.508,5393.541,9379.14,1968.176,5327.231,9144,2008.945,5282.971,9259.439,1966.29,5372.416
9343.38,1975.98,5381.545,9271.193,1966.141,5389.761,9171.467,1955.12,5193.634,9226.509,1951.155,5330.619,9252.362,1976.812,5192.293,9343.924,1992.067,5236.677,9223.088,2014.702,5319.271,9195.745,1978.241,5226.146,9281.65,2030.728,5220.838,9239.233,1981.396,5333.337,9308.499,2020.255,5287.903,9350.681,2016.508,5393.695,9379.326,1968.176,5327.139,9143.798,2008.945,5283.007,9259.426,1966.29,5372.514
9343.569,1975.98,5381.631,9271.21,1966.141,5389.925,9171.276,1955.12,5193.549,9226.48,1951.155,5330.595,9252.533,1976.812,5192.173,9344.103,1992.067,5236.57,9223.028,2014.702,5319.245,9195.603,1978.241,5226.297,9281.701,2030.728,5220.636,9239.195,1981.396,5333.305,9308.697,2020.255,5287.964,9350.819,2016.508,5393.85,9379.512,1968.176,5327.045,9143.596,2008.945,5283.042,9259.412,1966.29,5372.613
9343.759,1975.98,5381.717,9271.226,1966.141,5390.09,9171.086,1955.12,5193.464,9226.452,1951.155,5330.572,9252.704,1976.812,5192.054,9344.282,1992.067,5236.464,9222.969,2014.702,5319.219,9195.465,1978.241,5226.454,9281.749,2030.728,5220.434,9239.157,1981.396,5333.272,9308.895,2020.255,5288.027,9350.958,2016.508,5394.005,9379.697,1968.176,5326.95,9143.394,2008.945,5283.078,9259.399,1966.29,5372.711
9343.948,1975.98,5381.802,9271.241,1966.141,5390.255,9170.896,1955.12,5193.379,9226.425,1951.155,5330.548,9252.875,1976.812,5191.935,9344.462,1992.067,5236.359,9222.909,2014.702,5319.192,9195.332,1978.241,5226.614,9281.793,2030.728,5220.23,9239.119,1981.396,5333.239,9309.092,2020.255,5288.09,9351.096,2016.508,5394.161,9379.882,1968.176,5326.853,9143.191,2008.945,5283.114,9259.387,1966.29,5372.81
9344.138,1975.98,5381.887,9271.257,1966.141,5390.42,9170.705,1955.12,5193.294,9226.397,1951.155,5330.525,9253.046,1976.812,5191.815,9344.643,1992.067,5236.256,9222.85,2014.702,5319.165,9195.205,1978.241,5226.778,9281.834,2030.728,5220.026,9239.081,1981.396,5333.207,9309.289,2020.255,5288.154,9351.233,2016.508,5394.317,9380.065,1968.176,5326.754,9142.989,2008.945,5283.149,9259.374,1966.29,5372.909
9344.328,1975.98,5381.972,9271.272,1966.141,5390.585,9170.516,1955.12,5193.209,9226.37,1951.155,5330.501,9253.217,1976.812,5191.696,9344.824,1992.067,5236.154,9222.79,2014.702,5319.138,9195.083,1978.241,5226.947,9281.871,2030.728,5219.821,9239.043,1981.396,5333.174,9309.486,2020.255,5288.219,9351.37,2016.508,5394.474,9380.248,1968.176,5326.654,9142.787,2008.945,5283.185,9259.362,1966.29,5373.008
9344.519,1975.98,5382.056,9271.288,1966.141,5390.751,9170.326,1955.12,5193.124,9226.343,1951.155,5330.477,9253.388,1976.812,5191.578,9345.007,1992.067,5236.054,9222.73,2014.702,5319.11,9194.966,1978.241,5227.119,9281.904,2030.728,5219.615,9239.005,1981.396,5333.141,9309.683,2020.255,5288.284,9351.507,2016.508,5394.631,9380.43,1968.176,5326.553,9142.585,2008.945,5283.221,9259.351,1966.29,5373.107
9344.709,1975.98,5382.14,9271.304,1966.141,5390.917,9170.137,1955.12,5193.038,9226.315,1951.155,5330.453,9253.559,1976.812,5191.459,9345.189,1992.067,5235.954,9222.671,2014.702,5319.082,9194.854,1978.241,5227.295,9281.935,2030.728,5219.409,9238.967,1981.396,5333.108,9309.879,2020.255,5288.351,9351.643,2016.508,5394.789,9380.611,1968.176,5326.451,9142.383,2008.945,5283.256,9259.34,1966.29,5373.206
9344.899,1975.98,5382.224,9271.319,1966.141,5391.083,9169.947,1955.12,5192.952,9226.288,1951.155,5330.429,9253.729,1976.812,5191.34,9345.373,1992.067,5235.855,9222.611,2014.702,5319.054,9194.749,1978.241,5227.474,9281.961,2030.728,5219.203,9238.929,1981.396,5333.075,9310.075,2020.255,5288.418,9351.778,2016.508,5394.947,9380.792,1968.176,5326.347,9142.181,2008.945,5283.292,9259.329,1966.29,5373.306
9345.09,1975.98,5382.307,9271.335,1966.141,5391.25,9169.758,1955.12,5192.866,9226.261,1951.155,5330.405,9253.9,1976.812,5191.222,9345.557,1992.067,5235.758,9222.552,2014.702,5319.025,9194.649,1978.241,5227.657,9281.984,2030.728,5218.996,9238.891,1981.396,5333.042,9310.271,2020.255,5288.486,9351.913,2016.508,5395.106,9380.972,1968.176,5326.242,9141.979,2008.945,5283.328,9259.318,1966.29,5373.405
9345.28,1975.98,5382.39,9271.351,1966.141,5391.417,9169.568,1955.12,5192.78,9226.233,1951.155,5330.381,9254.071,1976.812,5191.104,9345.741,1992.067,5235.661,9222.493,2014.702,5318.996,9194.556,1978.241,5227.842,9282.004,2030.728,5218.789,9238.853,1981.396,5333.009,9310.467,2020.255,5288.555,9352.048,2016.508,5395.265,9381.15,1968.176,5326.136,9141.776,2008.945,5283.363,9259.308,1966.29,5373.505
9345.471,1975.98,5382.473,9271.366,1966.141,5391.583,9169.379,1955.12,5192.693,9226.206,1951.155,5330.357,9254.242,1976.812,5190.985,9345.926,1992.067,5235.565,9222.435,2014.702,5318.967,9194.468,1978.241,5228.031,9282.021,2030.728,5218.581,9238.814,1981.396,5332.976,9310.662,2020.255,5288.625,9352.182,2016.508,5395.424,9381.329,1968.176,5326.028,9141.574,2008.945,5283.399,9259.298,1966.29,5373.604
9345.659,1975.98,5382.561,9271.38,1966.141,5391.751,9169.191,1955.12,5192.603,9226.178,1951.155,5330.334,9254.41,1976.812,5190.862,9346.107,1992.067,5235.464,9222.375,2014.702,5318.938,9194.374,1978.241,5228.216,9282.039,2030.728,5218.374,9238.775,1981.396,5332.943,9310.858,2020.255,5288.691,9352.316,2016.508,5395.583,9381.511,1968.176,5325.926,9141.371,2008.945,5283.431,9259.286,1966.29,5373.704
9345.846,1975.98,5382.653,9271.392,1966.141,5391.919,9169.006,1955.12,5192.508,9226.149,1951.155,5330.311,9254.573,1976.812,5190.733,9346.286,1992.067,5235.356,9222.314,2014.702,5318.912,9194.274,1978.241,5228.399,9282.06,2030.728,5218.167,9238.735,1981.396,5332.913,9311.057,2020.255,5288.754,9352.451,2016.508,5395.741,9381.695,1968.176,5325.83,9141.167,2008.945,5283.46,9259.273,1966.29,5373.804
9346.029,1975.98,5382.751,9271.401,1966.141,5392.087,9168.822,1955.12,5192.409,9226.12,1951.155,5330.289,9254.732,1976.812,5190.599,9346.461,1992.067,5235.243,9222.254,2014.702,5318.886,9194.169,1978.241,5228.578,9282.082,2030.728,5217.959,9238.694,1981.396,5332.883,9311.256,2020.255,5288.813,9352.587,2016.508,5395.899,9381.883,1968.176,5325.738,9140.963,2008.945,5283.486,9259.26,1966.29,5373.903
9346.211,1975.98,5382.853,9271.409,1966.141,5392.255,9168.641,1955.12,5192.307,9226.091,1951.155,5330.268,9254.888,1976.812,5190.459,9346.634,1992.067,5235.126,9222.192,2014.702,5318.862,9194.058,1978.241,5228.754,9282.106,2030.728,5217.753,9238.652,1981.396,5332.855,9311.456,2020.255,5288.869,9352.724,2016.508,5396.056,9382.072,1968.176,5325.652,9140.759,2008.945,5283.509,9259.245,1966.29,5374.003
9346.39,1975.98,5382.959,9271.416,1966.141,5392.424,9168.461,1955.12,5192.202,9226.061,1951.155,5330.247,9255.038,1976.812,5190.315,9346.803,1992.067,5235.004,9222.131,2014.702,5318.839,9193.94,1978.241,5228.926,9282.133,2030.728,5217.546,9238.609,1981.396,5332.829,9311.657,2020.255,5288.921,9352.86,2016.508,5396.213,9382.265,1968.176,5325.572,9140.554,2008.945,5283.53,9259.229,1966.29,5374.103
9346.565,1975.98,5383.07,9271.422,1966.141,5392.593,9168.283,1955.12,5192.093,9226.03,1951.155,5330.227,9255.184,1976.812,5190.167,9346.973,1992.067,5234.884,9222.068,2014.702,5318.817,9193.817,1978.241,5229.094,9282.16,2030.728,5217.34,9238.566,1981.396,5332.803,9311.858,2020.255,5288.97,9352.998,2016.508,5396.369,9382.459,1968.176,5325.497,9140.349,2008.945,5283.549,9259.213,1966.29,5374.202
9346.739,1975.98,5383.185,9271.427,1966.141,5392.763,9168.107,1955.12,5191.981,9225.999,1951.155,5330.207,9255.325,1976.812,5190.013,9347.139,1992.067,5234.759,9222.006,2014.702,5318.796,9193.689,1978.241,5229.258,9282.189,2030.728,5217.134,9238.522,1981.396,5332.779,9312.061,2020.255,5289.015,9353.136,2016.508,5396.525,9382.655,1968.176,5325.426,9140.144,2008.945,5283.565,9259.195,1966.29,5374.302
9346.915,1975.98,5383.296,9271.437,1966.141,5392.932,9167.931,1955.12,5191.871,9225.968,1951.155,5330.188,9255.469,1976.812,5189.862,9347.307,1992.067,5234.635,9221.943,2014.702,5318.775,9193.566,1978.241,5229.426,9282.215,2030.728,5216.927,9238.479,1981.396,5332.754,9312.262,2020.255,5289.067,9353.272,2016.508,5396.682,9382.849,1968.176,5325.35,9139.938,2008.945,5283.585,9259.179,1966.29,5374.401
9347.092,1975.98,5383.406,9271.451,1966.141,5393.102,9167.756,1955.12,5191.757,9225.937,1951.155,5330.167,9255.61,1976.812,5189.71,9347.476,1992.067,5234.514,9221.881,2014.702,5318.753,9193.449,1978.241,5229.598,9282.237,2030.728,5216.72,9238.437,1981.396,5332.728,9312.461,2020.255,5289.126,9353.409,2016.508,5396.839,9383.04,1968.176,5325.267,9139.733,2008.945,5283.607,9259.162,1966.29,5374.501
9347.271,1975.98,5383.513,9271.472,1966.141,5393.271,9167.584,1955.12,5191.64,9225.905,1951.155,5330.147,9255.75,1976.812,5189.556,9347.646,1992.067,5234.394,9221.818,2014.702,5318.731,9193.338,1978.241,5229.773,9282.256,2030.728,5216.513,9238.395,1981.396,5332.701,9312.658,2020.255,5289.191,9353.545,2016.508,5396.997,9383.229,1968.176,5325.178,9139.529,2008.945,5283.631,9259.146,1966.29,5374.601
9347.45,1975.98,5383.618,9271.497,1966.141,5393.439,9167.414,1955.12,5191.519,9225.875,1951.155,5330.127,9255.889,1976.812,5189.4,9347.818,1992.067,5234.276,9221.756,2014.702,5318.708,9193.232,1978.241,5229.952,9282.271,2030.728,5216.305,9238.354,1981.396,5332.672,9312.854,2020.255,5289.262,9353.681,2016.508,5397.154,9383.414,1968.176,5325.083,9139.325,2008.945,5283.656,9259.131,1966.29,5374.701
9347.631,1975.98,5383.721,9271.524,1966.141,5393.607,9167.247,1955.12,5191.395,9225.845,1951.155,5330.106,9256.025,1976.812,5189.243,9347.991,1992.067,5234.161,9221.694,2014.702,5318.685,9193.133,1978.241,5230.134,9282.282,2030.728,5216.097,9238.313,1981.396,5332.643,9313.046,2020.255,5289.34,9353.815,2016.508,5397.313,9383.597,1968.176,5324.983,9139.121,2008.945,5283.683,9259.116,1966.29,5374.801
9347.813,1975.98,5383.822,9271.556,1966.141,5393.775,9167.082,1955.12,5191.268,9225.814,1951.155,5330.086,9256.16,1976.812,5189.084,9348.165,1992.067,5234.046,9221.633,2014.702,5318.66,9193.039,1978.241,5230.32,9282.29,2030.728,5215.889,9238.274,1981.396,5332.612,9313.236,2020.255,5289.423,9353.95,2016.508,5397.471,9383.775,1968.176,5324.876,9138.917,2008.945,5283.711,9259.102,1966.29,5374.902
9347.995,1975.98,5383.921,9271.59,1966.141,5393.943,9166.919,1955.12,5191.138,9225.784,1951.155,5330.065,9256.293,1976.812,5188.924,9348.34,1992.067,5233.934,9221.571,2014.702,5318.635,9192.951,1978.241,5230.508,9282.295,2030.728,5215.681,9238.236,1981.396,5332.58,9313.424,2020.255,5289.513,9354.084,2016.508,5397.63,9383.951,1968.176,5324.765,9138.713,2008.945,5283.74,9259.088,1966.29,5375.002
9348.176,1975.98,5384.025,9271.621,1966.141,5394.112,9166.758,1955.12,5191.006,9225.753,1951.155,5330.045,9256.421,1976.812,5188.76,9348.512,1992.067,5233.816,9221.509,2014.702,5318.612,9192.857,1978.241,5230.694,9282.302,2030.728,5215.473,9238.197,1981.396,5332.549,9313.612,2020.255,5289.599,9354.219,2016.508,5397.789,9384.13,1968.176,5324.658,9138.509,2008.945,5283.766,9259.073,1966.29,5375.103
9348.354,1975.98,5384.133,9271.649,1966.141,5394.282,9166.599,1955.12,5190.871,9225.722,1951.155,5330.025,9256.544,1976.812,5188.592,9348.68,1992.067,5233.692,9221.446,2014.702,5318.589,9192.758,1978.241,5230.876,9282.312,2030.728,5215.265,9238.157,1981.396,5332.52,9313.803,2020.255,5289.681,9354.354,2016.508,5397.947,9384.312,1968.176,5324.556,9138.304,2008.945,5283.79,9259.058,1966.29,5375.204
9348.529,1975.98,5384.245,9271.675,1966.141,5394.452,9166.441,1955.12,5190.734,9225.689,1951.155,5330.006,9256.662,1976.812,5188.42,9348.843,1992.067,5233.563,9221.383,2014.702,5318.568,9192.652,1978.241,5231.055,9282.323,2030.728,5215.057,9238.116,1981.396,5332.492,9313.995,2020.255,5289.76,9354.489,2016.508,5398.105,9384.496,1968.176,5324.46,9138.099,2008.945,5283.811,9259.041,1966.29,5375.304
9348.702,1975.98,5384.36,9271.697,1966.141,5394.623,9166.286,1955.12,5190.596,9225.657,1951.155,5329.988,9256.774,1976.812,5188.245,9349.002,1992.067,5233.429,9221.319,2014.702,5318.548,9192.541,1978.241,5231.23,9282.338,2030.728,5214.85,9238.074,1981.396,5332.466,9314.188,2020.255,5289.834,9354.625,2016.508,5398.262,9384.684,1968.176,5324.369,9137.894,2008.945,5283.83,9259.023,1966.29,5375.405
9348.873,1975.98,5384.479,9271.717,1966.141,5394.794,9166.133,1955.12,5190.455,9225.625,1951.155,5329.971,9256.882,1976.812,5188.066,9349.156,1992.067,5233.29,9221.255,2014.702,5318.53,9192.424,1978.241,5231.402,9282.355,2030.728,5214.642,9238.031,1981.396,5332.441,9314.384,2020.255,5289.906,9354.762,2016.508,5398.419,9384.873,1968.176,5324.284,9137.688,2008.945,5283.847,9259.005,1966.29,5375.505
9349.043,1975.98,5384.599,9271.733,1966.141,5394.967,9165.981,1955.12,5190.313,9225.592,1951.155,5329.954,9256.983,1976.812,5187.884,9349.307,1992.067,5233.145,9221.19,2014.702,5318.512,9192.301,1978.241,5231.57,9282.376,2030.728,5214.435,9237.987,1981.396,5332.417,9314.58,2020.255,5289.973,9354.898,2016.508,5398.576,9385.065,1968.176,5324.204,9137.482,2008.945,5283.862,9258.985,1966.29,5375.605
9349.211,1975.98,5384.721,9271.748,1966.141,5395.139,9165.832,1955.12,5190.168,9225.559,1951.155,5329.938,9257.079,1976.812,5187.699,9349.467,1992.067,5233.012,9221.126,2014.702,5318.496,9192.173,1978.241,5231.734,9282.398,2030.728,5214.228,9237.942,1981.396,5332.396,9314.778,2020.255,5290.036,9355.036,2016.508,5398.732,9385.26,1968.176,5324.128,9137.276,2008.945,5283.875,9258.965,1966.29,5375.705
9349.379,1975.98,5384.844,9271.769,1966.141,5395.312,9165.685,1955.12,5190.021,9225.525,1951.155,5329.921,9257.175,1976.812,5187.514,9349.629,1992.067,5232.881,9221.062,2014.702,5318.479,9192.05,1978.241,5231.902,9282.418,2030.728,5214.021,9237.898,1981.396,5332.372,9314.974,2020.255,5290.105,9355.173,2016.508,5398.889,9385.451,1968.176,5324.047,9137.071,2008.945,5283.895,9258.947,1966.29,5375.806
9349.546,1975.98,5384.968,9271.794,1966.141,5395.483,9165.539,1955.12,5189.872,9225.492,1951.155,5329.905,9257.271,1976.812,5187.329,9349.793,1992.067,5232.752,9220.997,2014.702,5318.461,9191.933,1978.241,5232.074,9282.434,2030.728,5213.813,9237.855,1981.396,5332.347,9315.167,2020.255,5290.181,9355.309,2016.508,5399.046,9385.641,1968.176,5323.96,9136.866,2008.945,5283.92,9258.933,1966.29,5375.908
9349.712,1975.98,5385.093,9271.823,1966.141,5395.655,9165.396,1955.12,5189.721,9225.459,1951.155,5329.888,9257.365,1976.812,5187.144,9349.958,1992.067,5232.625,9220.933,2014.702,5318.442,9191.821,1978.241,5232.249,9282.445,2030.728,5213.605,9237.813,1981.396,5332.321,9315.357,2020.255,5290.263,9355.444,2016.508,5399.205,9385.827,1968.176,5323.867,9136.662,2008.945,5283.95,9258.921,1966.29,5376.01
9349.878,1975.98,5385.219,9271.856,1966.141,5395.826,9165.254,1955.12,5189.568,9225.426,1951.155,5329.871,9257.46,1976.812,5186.958,9350.125,1992.067,5232.501,9220.869,2014.702,5318.423,9191.716,1978.241,5232.428,9282.454,2030.728,5213.397,9237.771,1981.396,5332.294,9315.546,2020.255,5290.351,9355.579,2016.508,5399.363,9386.011,1968.176,5323.768,9136.459,2008.945,5283.986,9258.912,1966.29,5376.112
9350.043,1975.98,5385.345,9271.893,1966.141,5395.997,9165.114,1955.12,5189.414,9225.394,1951.155,5329.853,9257.554,1976.812,5186.772,9350.293,1992.067,5232.378,9220.806,2014.702,5318.403,9191.616,1978.241,5232.611,9282.459,2030.728,5213.189,9237.73,1981.396,5332.266,9315.731,2020.255,5290.445,9355.714,2016.508,5399.522,9386.19,1968.176,5323.663,9136.257,2008.945,5284.027,9258.906,1966.29,5376.215
9350.207,1975.98,5385.473,9271.93,1966.141,5396.167,9164.977,1955.12,5189.257,9225.361,1951.155,5329.835,9257.647,1976.812,5186.586,9350.463,1992.067,5232.258,9220.742,2014.702,5318.382,9191.522,1978.241,5232.796,9282.46,2030.728,5212.981,9237.69,1981.396,5332.237,9315.913,2020.255,5290.545,9355.848,2016.508,5399.682,9386.367,1968.176,5323.552,9136.056,2008.945,5284.073,9258.903,1966.29,5376.318
9350.371,1975.98,5385.601,9271.968,1966.141,5396.338,9164.841,1955.12,5189.1,9225.329,1951.155,5329.817,9257.741,1976.812,5186.4,9350.634,1992.067,5232.139,9220.679,2014.702,5318.36,9191.435,1978.241,5232.985,9282.458,2030.728,5212.773,9237.651,1981.396,5332.207,9316.092,2020.255,5290.651,9355.98,2016.508,5399.842,9386.54,1968.176,5323.436,9135.855,2008.945,5284.125,9258.903,1966.29,5376.421
9350.534,1975.98,5385.729,9272.002,1966.141,5396.51,9164.706,1955.12,5188.941,9225.296,1951.155,5329.799,9257.829,1976.812,5186.212,9350.801,1992.067,5232.015,9220.615,2014.702,5318.34,9191.341,1978.241,5233.17,9282.459,2030.728,5212.565,9237.611,1981.396,5332.177,9316.272,2020.255,5290.752,9356.114,2016.508,5400.002,9386.716,1968.176,5323.324,9135.654,2008.945,5284.171,9258.901,1966.29,5376.524
9350.697,1975.98,5385.859,9272.033,1966.141,5396.683,9164.572,1955.12,5188.781,9225.263,1951.155,5329.783,9257.912,1976.812,5186.021,9350.964,1992.067,5231.885,9220.551,2014.702,5318.321,9191.241,1978.241,5233.353,9282.464,2030.728,5212.357,9237.57,1981.396,5332.149,9316.456,2020.255,5290.85,9356.248,2016.508,5400.161,9386.896,1968.176,5323.218,9135.452,2008.945,5284.214,9258.897,1966.29,5376.627
9350.859,1975.98,5385.99,9272.061,1966.141,5396.857,9164.439,1955.12,5188.621,9225.229,1951.155,5329.767,9257.99,1976.812,5185.828,9351.122,1992.067,5231.75,9220.486,2014.702,5318.303,9191.136,1978.241,5233.532,9282.472,2030.728,5212.149,9237.528,1981.396,5332.123,9316.642,2020.255,5290.944,9356.383,2016.508,5400.32,9387.078,1968.176,5323.118,9135.249,2008.945,5284.253,9258.892,1966.29,5376.731
9351.021,1975.98,5386.121,9272.085,1966.141,5397.031,9164.308,1955.12,5188.46,9225.195,1951.155,5329.751,9258.063,1976.812,5185.633,9351.286,1992.067,5231.622,9220.422,2014.702,5318.286,9191.024,1978.241,5233.708,9282.482,2030.728,5211.941,9237.485,1981.396,5332.098,9316.829,2020.255,5291.033,9356.518,2016.508,5400.478,9387.264,1968.176,5323.022,9135.046,2008.945,5284.289,9258.884,1966.29,5376.834
9351.183,1975.98,5386.252,9272.106,1966.141,5397.207,9164.176,1955.12,5188.299,9225.161,1951.155,5329.736,9258.132,1976.812,5185.436,9351.446,1992.067,5231.489,9220.356,2014.702,5318.271,9190.907,1978.241,5233.88,9282.496,2030.728,5211.733,9237.442,1981.396,5332.074,9317.019,2020.255,5291.119,9356.653,2016.508,5400.636,9387.451,1968.176,5322.933,9134.842,2008.945,5284.32,9258.874,1966.29,5376.938
9351.344,1975.98,5386.384,9272.125,1966.141,5397.382,9164.045,1955.12,5188.137,9225.127,1951.155,5329.722,9258.195,1976.812,5185.238,9351.603,1992.067,5231.351,9220.291,2014.702,5318.256,9190.785,1978.241,5234.048,9282.513,2030.728,5211.525,9237.398,1981.396,5332.052,9317.21,2020.255,5291.2,9356.789,2016.508,5400.793,9387.642,1968.176,5322.848,9134.638,2008.945,5284.349,9258.863,1966.29,5377.042
9351.505,1975.98,5386.516,9272.142,1966.141,5397.559,9163.915,1955.12,5187.974,9225.093,1951.155,5329.709,9258.255,1976.812,5185.038,9351.754,1992.067,5231.207,9220.226,2014.702,5318.243,9190.657,1978.241,5234.212,9282.532,2030.728,5211.318,9237.354,1981.396,5332.031,9317.402,2020.255,5291.277,9356.926,2016.508,5400.951,9387.834,1968.176,5322.769,9134.433,2008.945,5284.375,9258.851,1966.29,5377.145
9351.665,1975.98,5386.648,9272.163,1966.141,5397.734,9163.787,1955.12,5187.81,9225.059,1951.155,5329.695,9258.315,1976.812,5184.839,9351.907,1992.067,5231.066,9220.16,2014.702,5318.229,9190.535,1978.241,5234.38,9282.548,2030.728,5211.11,9237.31,1981.396,5332.009,9317.593,2020.255,5291.361,9357.062,2016.508,5401.108,9388.023,1968.176,5322.683,9134.229,2008.945,5284.406,9258.841,1966.29,5377.249
9351.825,1975.98,5386.782,9272.189,1966.141,5397.91,9163.66,1955.12,5187.645,9225.024,1951.155,5329.681,9258.377,1976.812,5184.64,9352.063,1992.067,5230.928,9220.095,2014.702,5318.214,9190.418,1978.241,5234.552,9282.56,2030.728,5210.902,9237.267,1981.396,5331.985,9317.78,2020.255,5291.45,9357.196,2016.508,5401.267,9388.211,1968.176,5322.591,9134.025,2008.945,5284.443,9258.834,1966.29,5377.353
9351.984,1975.98,5386.916,9272.21,1966.141,5398.086,9163.535,1955.12,5187.479,9224.99,1951.155,5329.667,9258.439,1976.812,5184.441,9352.221,1992.067,5230.792,9220.029,2014.702,5318.199,9190.307,1978.241,5234.728,9282.568,2030.728,5210.694,9237.224,1981.396,5331.961,9317.965,2020.255,5291.546,9357.331,2016.508,5401.425,9388.395,1968.176,5322.494,9133.823,2008.945,5284.485,9258.83,1966.29,5377.458
9352.144,1975.98,5387.05,9272.235,1966.141,5398.262,9163.412,1955.12,5187.311,9224.956,1951.155,5329.652,9258.502,1976.812,5184.243,9352.381,1992.067,5230.659,9219.964,2014.702,5318.182,9190.201,1978.241,5234.907,9282.573,2030.728,5210.486,9237.182,1981.396,5331.935,9318.146,2020.255,5291.647,9357.465,2016.508,5401.585,9388.575,1968.176,5322.39,9133.622,2008.945,5284.532,9258.829,1966.29,5377.563
9352.303,1975.98,5387.185,9272.266,1966.141,5398.438,9163.29,1955.12,5187.142,9224.922,1951.155,5329.637,9258.565,1976.812,5184.044,9352.542,1992.067,5230.527,9219.899,2014.702,5318.165,9190.102,1978.241,5235.089,9282.574,2030.728,5210.278,9237.141,1981.396,5331.908,9318.324,2020.255,5291.755,9357.598,2016.508,5401.745,9388.753,1968.176,5322.281,9133.422,2008.945,5284.583,9258.831,1966.29,5377.667
9352.461,1975.98,5387.319,9272.294,1966.141,5398.614,9163.17,1955.12,5186.972,9224.888,1951.155,5329.621,9258.63,1976.812,5183.847,9352.705,1992.067,5230.398,9219.835,2014.702,5318.147,9190.008,1978.241,5235.275,9282.571,2030.728,5210.07,9237.101,1981.396,5331.88,9318.499,2020.255,5291.868,9357.73,2016.508,5401.906,9388.927,1968.176,5322.166,9133.224,2008.945,5284.64,9258.836,1966.29,5377.772
9352.619,1975.98,5387.455,9272.326,1966.141,5398.79,9163.051,1955.12,5186.801,9224.854,1951.155,5329.605,9258.695,1976.812,5183.649,9352.87,1992.067,5230.271,9219.771,2014.702,5318.128,9189.921,1978.241,5235.463,9282.565,2030.728,5209.862,9237.062,1981.396,5331.851,9318.67,2020.255,5291.986,9357.862,2016.508,5402.067,9389.097,1968.176,5322.046,9133.026,2008.945,5284.702,9258.844,1966.29,5377.877
9352.777,1975.98,5387.59,9272.361,1966.141,5398.966,9162.933,1955.12,5186.629,9224.821,1951.155,5329.589,9258.762,1976.812,5183.452,9353.037,1992.067,5230.146,9219.706,2014.702,5318.109,9189.84,1978.241,5235.655,9282.557,2030.728,5209.654,9237.022,1981.396,5331.82,9318.837,2020.255,5292.11,9357.993,2016.508,5402.229,9389.263,1968.176,5321.92,9132.83,2008.945,5284.768,9258.854,1966.29,5377.982
9352.935,1975.98,5387.727,9272.397,1966.141,5399.141,9162.816,1955.12,5186.457,9224.788,1951.155,5329.572,9258.828,1976.812,5183.254,9353.205,1992.067,5230.023,9219.642,2014.702,5318.089,9189.765,1978.241,5235.849,9282.546,2030.728,5209.446,9236.984,1981.396,5331.789,9319,2020.255,5292.239,9358.124,2016.508,5402.391,9389.425,1968.176,5321.79,9132.636,2008.945,5284.838,9258.866,1966.29,5378.087
9353.092,1975.98,5387.863,9272.435,1966.141,5399.317,9162.701,1955.12,5186.283,9224.755,1951.155,5329.555,9258.896,1976.812,5183.057,9353.375,1992.067,5229.902,9219.577,2014.702,5318.068,9189.696,1978.241,5236.045,9282.532,2030.728,5209.238,9236.947,1981.396,5331.756,9319.159,2020.255,5292.373,9358.254,2016.508,5402.553,9389.583,1968.176,5321.654,9132.443,2008.945,5284.913,9258.882,1966.29,5378.192
9353.249,1975.98,5388,9272.472,1966.141,5399.493,9162.587,1955.12,5186.109,9224.722,1951.155,5329.538,9258.963,1976.812,5182.86,9353.546,1992.067,5229.783,9219.514,2014.702,5318.046,9189.635,1978.241,5236.243,9282.517,2030.728,5209.031,9236.911,1981.396,5331.723,9319.314,2020.255,5292.511,9358.383,2016.508,5402.716,9389.736,1968.176,5321.513,9132.252,2008.945,5284.991,9258.9,1966.29,5378.297
9353.405,1975.98,5388.137,9272.509,1966.141,5399.669,9162.475,1955.12,5185.934,9224.688,1951.155,5329.521,9259.031,1976.812,5182.664,9353.718,1992.067,5229.666,9219.45,2014.702,5318.024,9189.579,1978.241,5236.443,9282.499,2030.728,5208.823,9236.876,1981.396,5331.688,9319.465,2020.255,5292.654,9358.511,2016.508,5402.88,9389.886,1968.176,5321.368,9132.063,2008.945,5285.073,9258.921,1966.29,5378.401
9353.562,1975.98,5388.274,9272.546,1966.141,5399.845,9162.363,1955.12,5185.758,9224.656,1951.155,5329.503,9259.101,1976.812,5182.467,9353.891,1992.067,5229.55,9219.387,2014.702,5318.001,9189.53,1978.241,5236.646,9282.479,2030.728,5208.616,9236.842,1981.396,5331.652,9319.611,2020.255,5292.801,9358.639,2016.508,5403.045,9390.03,1968.176,5321.218,9131.874,2008.945,5285.159,9258.944,1966.29,5378.505
9353.718,1975.98,5388.412,9272.583,1966.141,5400.022,9162.253,1955.12,5185.582,9224.624,1951.155,5329.485,9259.17,1976.812,5182.271,9354.064,1992.067,5229.436,9219.323,2014.702,5317.977,9189.488,1978.241,5236.849,9282.456,2030.728,5208.409,9236.809,1981.396,5331.616,9319.753,2020.255,5292.953,9358.766,2016.508,5403.21,9390.17,1968.176,5321.063,9131.688,2008.945,5285.249,9258.97,1966.29,5378.609
9353.874,1975.98,5388.549,9272.62,1966.141,5400.199,9162.144,1955.12,5185.405,9224.592,1951.155,5329.466,9259.239,1976.812,5182.075,9354.239,1992.067,5229.324,9219.26,2014.702,5317.953,9189.453,1978.241,5237.054,9282.431,2030.728,5208.203,9236.776,1981.396,5331.579,9319.89,2020.255,5293.109,9358.892,2016.508,5403.375,9390.305,1968.176,5320.905,9131.503,2008.945,5285.341,9258.997,1966.29,5378.713
9354.029,1975.98,5388.688,9272.657,1966.141,5400.376,9162.035,1955.12,5185.227,9224.56,1951.155,5329.448,9259.31,1976.812,5181.879,9354.415,1992.067,5229.213,9219.197,2014.702,5317.927,9189.425,1978.241,5237.259,9282.402,2030.728,5207.996,9236.745,1981.396,5331.541,9320.022,2020.255,5293.27,9359.018,2016.508,5403.542,9390.436,1968.176,5320.742,9131.319,2008.945,5285.436,9259.027,1966.29,5378.816
9354.185,1975.98,5388.826,9272.694,1966.141,5400.554,9161.928,1955.12,5185.049,9224.527,1951.155,5329.429,9259.38,1976.812,5181.683,9354.592,1992.067,5229.104,9219.135,2014.702,5317.901,9189.402,1978.241,5237.466,9282.372,2030.728,5207.79,9236.715,1981.396,5331.501,9320.15,2020.255,5293.434,9359.143,2016.508,5403.708,9390.562,1968.176,5320.576,9131.138,2008.945,5285.534,9259.06,1966.29,5378.919
9354.34,1975.98,5388.964,9272.732,1966.141,5400.731,9161.821,1955.12,5184.87,9224.495,1951.155,5329.41,9259.451,1976.812,5181.487,9354.77,1992.067,5228.995,9219.072,2014.702,5317.875,9189.387,1978.241,5237.673,9282.339,2030.728,5207.584,9236.686,1981.396,5331.462,9320.272,2020.255,5293.602,9359.267,2016.508,5403.875,9390.683,1968.176,5320.407,9130.957,2008.945,5285.635,9259.094,1966.29,5379.022
9354.495,1975.98,5389.103,9272.771,1966.141,5400.909,9161.716,1955.12,5184.691,9224.463,1951.155,5329.39,9259.522,1976.812,5181.292,9354.948,1992.067,5228.888,9219.01,2014.702,5317.848,9189.378,1978.241,5237.88,9282.304,2030.728,5207.379,9236.657,1981.396,5331.421,9320.39,2020.255,5293.773,9359.391,2016.508,5404.042,9390.799,1968.176,5320.234,9130.777,2008.945,5285.738,9259.13,1966.29,5379.125
9354.65,1975.98,5389.242,9272.808,1966.141,5401.087,9161.61,1955.12,5184.511,9224.432,1951.155,5329.371,9259.591,1976.812,5181.095,9355.128,1992.067,5228.782,9218.947,2014.702,5317.82,9189.376,1978.241,5238.088,9282.266,2030.728,5207.175,9236.63,1981.396,5331.38,9320.502,2020.255,5293.948,9359.514,2016.508,5404.21,9390.911,1968.176,5320.059,9130.6,2008.945,5285.843,9259.168,1966.29,5379.227
9354.806,1975.98,5389.381,9272.845,1966.141,5401.266,9161.506,1955.12,5184.331,9224.4,1951.155,5329.351,9259.656,1976.812,5180.897,9355.308,1992.067,5228.678,9218.886,2014.702,5317.792,9189.381,1978.241,5238.295,9282.226,2030.728,5206.971,9236.604,1981.396,5331.338,9320.608,2020.255,5294.126,9359.636,2016.508,5404.379,9391.02,1968.176,5319.881,9130.423,2008.945,5285.95,9259.207,1966.29,5379.328
9354.96,1975.98,5389.52,9272.882,1966.141,5401.445,9161.402,1955.12,5184.15,9224.369,1951.155,5329.331,9259.718,1976.812,5180.698,9355.488,1992.067,5228.574,9218.824,2014.702,5317.763,9189.393,1978.241,5238.503,9282.183,2030.728,5206.767,9236.58,1981.396,5331.295,9320.71,2020.255,5294.307,9359.758,2016.508,5404.548,9391.125,1968.176,5319.702,9130.247,2008.945,5286.059,9259.248,1966.29,5379.43
9355.114,1975.98,5389.659,9272.919,1966.141,5401.624,9161.3,1955.12,5183.969,9224.338,1951.155,5329.31,9259.776,1976.812,5180.499,9355.67,1992.067,5228.472,9218.763,2014.702,5317.734,9189.411,1978.241,5238.71,9282.138,2030.728,5206.564,9236.557,1981.396,5331.252,9320.806,2020.255,5294.491,9359.879,2016.508,5404.717,9391.228,1968.176,5319.521,9130.072,2008.945,5286.169,9259.291,1966.29,5379.531
9355.269,1975.98,5389.799,9272.955,1966.141,5401.803,9161.197,1955.12,5183.788,9224.307,1951.155,5329.29,9259.832,1976.812,5180.298,9355.852,1992.067,5228.37,9218.701,2014.702,5317.704,9189.437,1978.241,5238.916,9282.09,2030.728,5206.361,9236.534,1981.396,5331.208,9320.896,2020.255,5294.678,9359.999,2016.508,5404.887,9391.33,1968.176,5319.339,9129.898,2008.945,5286.282,9259.335,1966.29,5379.632
9355.423,1975.98,5389.938,9272.991,1966.141,5401.983,9161.096,1955.12,5183.606,9224.275,1951.155,5329.269,9259.885,1976.812,5180.096,9356.034,1992.067,5228.27,9218.64,2014.702,5317.673,9189.469,1978.241,5239.121,9282.04,2030.728,5206.159,9236.513,1981.396,5331.164,9320.981,2020.255,5294.868,9360.119,2016.508,5405.058,9391.43,1968.176,5319.156,9129.726,2008.945,5286.395,9259.38,1966.29,5379.733
9355.577,1975.98,5390.078,9273.028,1966.141,5402.162,9160.995,1955.12,5183.424,9224.244,1951.155,5329.248,9259.935,1976.812,5179.894,9356.217,1992.067,5228.17,9218.579,2014.702,5317.642,9189.508,1978.241,5239.325,9281.987,2030.728,5205.958,9236.492,1981.396,5331.119,9321.061,2020.255,5295.06,9360.238,2016.508,5405.229,9391.53,1968.176,5318.974,9129.554,2008.945,5286.51,9259.427,1966.29,5379.833
9355.731,1975.98,5390.218,9273.064,1966.141,5402.342,9160.895,1955.12,5183.241,9224.213,1951.155,5329.226,9259.981,1976.812,5179.691,9356.4,1992.067,5228.071,9218.519,2014.702,5317.61,9189.554,1978.241,5239.528,9281.932,2030.728,5205.757,9236.473,1981.396,5331.073,9321.134,2020.255,5295.254,9360.356,2016.508,5405.4,9391.629,1968.176,5318.791,9129.383,2008.945,5286.625,9259.475,1966.29,5379.934
9355.886,1975.98,5390.357,9273.101,1966.141,5402.523,9160.795,1955.12,5183.059,9224.183,1951.155,5329.205,9260.025,1976.812,5179.487,9356.584,1992.067,5227.974,9218.458,2014.702,5317.578,9189.605,1978.241,5239.729,9281.874,2030.728,5205.557,9236.454,1981.396,5331.027,9321.202,2020.255,5295.45,9360.475,2016.508,5405.572,9391.732,1968.176,5318.609,9129.212,2008.945,5286.742,9259.523,1966.29,5380.035
9356.04,1975.98,5390.497,9273.137,1966.141,5402.704,9160.695,1955.12,5182.875,9224.152,1951.155,5329.183,9260.066,1976.812,5179.283,9356.769,1992.067,5227.876,9218.397,2014.702,5317.545,9189.663,1978.241,5239.928,9281.813,2030.728,5205.357,9236.437,1981.396,5330.981,9321.266,2020.255,5295.648,9360.592,2016.508,5405.744,9391.84,1968.176,5318.431,9129.042,2008.945,5286.86,9259.573,1966.29,5380.135
9356.194,1975.98,5390.637,9273.172,1966.141,5402.885,9160.597,1955.12,5182.692,9224.122,1951.155,5329.161,9260.104,1976.812,5179.079,9356.953,1992.067,5227.78,9218.337,2014.702,5317.513,9189.728,1978.241,5240.125,9281.751,2030.728,5205.159,9236.42,1981.396,5330.934,9321.323,2020.255,5295.848,9360.708,2016.508,5405.917,9391.943,1968.176,5318.25,9128.872,2008.945,5286.978,9259.624,1966.29,5380.235
9356.349,1975.98,5390.776,9273.207,1966.141,5403.066,9160.498,1955.12,5182.509,9224.092,1951.155,5329.139,9260.14,1976.812,5178.874,9357.138,1992.067,5227.685,9218.276,2014.702,5317.479,9189.799,1978.241,5240.321,9281.686,2030.728,5204.961,9236.404,1981.396,5330.887,9321.375,2020.255,5296.049,9360.824,2016.508,5406.089,9392.044,1968.176,5318.068,9128.703,2008.945,5287.097,9259.676,1966.29,5380.335
9356.503,1975.98,5390.916,9273.237,1966.141,5403.249,9160.4,1955.12,5182.325,9224.062,1951.155,5329.117,9260.172,1976.812,5178.668,9357.323,1992.067,5227.589,9218.216,2014.702,5317.446,9189.876,1978.241,5240.514,9281.618,2030.728,5204.764,9236.39,1981.396,5330.839,9321.421,2020.255,5296.251,9360.939,2016.508,5406.263,9392.142,1968.176,5317.884,9128.534,2008.945,5287.217,9259.729,1966.29,5380.435
9356.657,1975.98,5391.056,9273.264,1966.141,5403.432,9160.303,1955.12,5182.141,9224.031,1951.155,5329.095,9260.201,1976.812,5178.462,9357.509,1992.067,5227.495,9218.155,2014.702,5317.412,9189.958,1978.241,5240.704,9281.548,2030.728,5204.568,9236.376,1981.396,5330.791,9321.461,2020.255,5296.456,9361.054,2016.508,5406.437,9392.237,1968.176,5317.699,9128.366,2008.945,5287.337,9259.782,1966.29,5380.535
9356.812,1975.98,5391.195,9273.286,1966.141,5403.616,9160.205,1955.12,5181.957,9224.001,1951.155,5329.073,9260.228,1976.812,5178.255,9357.694,1992.067,5227.401,9218.095,2014.702,5317.378,9190.046,1978.241,5240.892,9281.475,2030.728,5204.374,9236.362,1981.396,5330.743,9321.495,2020.255,5296.661,9361.167,2016.508,5406.611,9392.331,1968.176,5317.514,9128.198,2008.945,5287.458,9259.836,1966.29,5380.635
9356.966,1975.98,5391.335,9273.305,1966.141,5403.801,9160.108,1955.12,5181.773,9223.971,1951.155,5329.051,9260.251,1976.812,5178.048,9357.881,1992.067,5227.308,9218.034,2014.702,5317.345,9190.14,1978.241,5241.077,9281.399,2030.728,5204.179,9236.35,1981.396,5330.694,9321.523,2020.255,5296.867,9361.28,2016.508,5406.786,9392.425,1968.176,5317.328,9128.03,2008.945,5287.578,9259.891,1966.29,5380.735
9357.12,1975.98,5391.475,9273.319,1966.141,5403.986,9160.012,1955.12,5181.588,9223.94,1951.155,5329.029,9260.271,1976.812,5177.841,9358.067,1992.067,5227.215,9217.974,2014.702,5317.312,9190.239,1978.241,5241.259,9281.321,2030.728,5203.986,9236.338,1981.396,5330.645,9321.546,2020.255,5297.073,9361.393,2016.508,5406.961,9392.517,1968.176,5317.141,9127.862,2008.945,5287.699,9259.947,1966.29,5380.835
9357.274,1975.98,5391.614,9273.331,1966.141,5404.171,9159.915,1955.12,5181.404,9223.91,1951.155,5329.006,9260.289,1976.812,5177.634,9358.254,1992.067,5227.123,9217.912,2014.702,5317.278,9190.344,1978.241,5241.438,9281.241,2030.728,5203.794,9236.327,1981.396,5330.596,9321.563,2020.255,5297.28,9361.504,2016.508,5407.137,9392.613,1968.176,5316.957,9127.694,2008.945,5287.82,9260.005,1966.29,5380.935
9357.429,1975.98,5391.753,9273.34,1966.141,5404.357,9159.818,1955.12,5181.219,9223.88,1951.155,5328.984,9260.305,1976.812,5177.426,9358.44,1992.067,5227.031,9217.851,2014.702,5317.245,9190.454,1978.241,5241.614,9281.158,2030.728,5203.603,9236.317,1981.396,5330.546,9321.574,2020.255,5297.488,9361.615,2016.508,5407.313,9392.715,1968.176,5316.774,9127.527,2008.945,5287.942,9260.062,1966.29,5381.035
9357.583,1975.98,5391.893,9273.346,1966.141,5404.544,9159.723,1955.12,5181.035,9223.85,1951.155,5328.961,9260.317,1976.812,5177.218,9358.628,1992.067,5226.94,9217.789,2014.702,5317.212,9190.569,1978.241,5241.787,9281.073,2030.728,5203.413,9236.308,1981.396,5330.497,9321.58,2020.255,5297.695,9361.726,2016.508,5407.489,9392.82,1968.176,5316.595,9127.36,2008.945,5288.063,9260.12,1966.29,5381.135
9357.738,1975.98,5392.032,9273.35,1966.141,5404.73,9159.627,1955.12,5180.85,9223.819,1951.155,5328.939,9260.327,1976.812,5177.01,9358.815,1992.067,5226.849,9217.728,2014.702,5317.18,9190.689,1978.241,5241.956,9280.985,2030.728,5203.224,9236.299,1981.396,5330.447,9321.581,2020.255,5297.903,9361.835,2016.508,5407.666,9392.931,1968.176,5316.418,9127.193,2008.945,5288.185,9260.178,1966.29,5381.235
9357.894,1975.98,5392.171,9273.352,1966.141,5404.917,9159.531,1955.12,5180.665,9223.789,1951.155,5328.917,9260.335,1976.812,5176.802,9359.003,1992.067,5226.759,9217.665,2014.702,5317.148,9190.814,1978.241,5242.121,9280.896,2030.728,5203.037,9236.291,1981.396,5330.396,9321.576,2020.255,5298.11,9361.944,2016.508,5407.843,9393.045,1968.176,5316.244,9127.026,2008.945,5288.307,9260.229,1966.29,5381.339
9358.049,1975.98,5392.31,9273.353,1966.141,5405.104,9159.436,1955.12,5180.48,9223.759,1951.155,5328.894,9260.34,1976.812,5176.594,9359.188,1992.067,5226.663,9217.603,2014.702,5317.116,9190.944,1978.241,5242.283,9280.807,2030.728,5202.849,9236.283,1981.396,5330.346,9321.565,2020.255,5298.318,9362.053,2016.508,5408.021,9393.163,1968.176,5316.072,9126.859,2008.945,5288.428,9260.284,1966.29,5381.443
9358.204,1975.98,5392.448,9273.354,1966.141,5405.292,9159.34,1955.12,5180.295,9223.729,1951.155,5328.872,9260.342,1976.812,5176.386,9359.37,1992.067,5226.563,9217.54,2014.702,5317.085,9191.079,1978.241,5242.44,9280.718,2030.728,5202.66,9236.276,1981.396,5330.295,9321.55,2020.255,5298.525,9362.16,2016.508,5408.199,9393.284,1968.176,5315.903,9126.692,2008.945,5288.55,9260.343,1966.29,5381.545
9358.359,1975.98,5392.587,9273.353,1966.141,5405.479,9159.244,1955.12,5180.11,9223.698,1951.155,5328.849,9260.342,1976.812,5176.178,9359.55,1992.067,5226.457,9217.477,2014.702,5317.054,9191.219,1978.241,5242.594,9280.63,2030.728,5202.471,9236.27,1981.396,5330.245,9321.529,2020.255,5298.731,9362.268,2016.508,5408.378,9393.4,1968.176,5315.73,9126.524,2008.945,5288.671,9260.39,1966.29,5381.653
9358.515,1975.98,5392.725,9273.351,1966.141,5405.667,9159.148,1955.12,5179.925,9223.668,1951.155,5328.827,9260.34,1976.812,5175.97,9359.727,1992.067,5226.346,9217.413,2014.702,5317.023,9191.363,1978.241,5242.743,9280.543,2030.728,5202.282,9236.264,1981.396,5330.194,9321.504,2020.255,5298.938,9362.374,2016.508,5408.557,9393.514,1968.176,5315.555,9126.356,2008.945,5288.792,9260.439,1966.29,5381.76
9358.67,1975.98,5392.863,9273.348,1966.141,5405.854,9159.053,1955.12,5179.74,9223.638,1951.155,5328.804,9260.335,1976.812,5175.762,9359.9,1992.067,5226.23,9217.35,2014.702,5316.993,9191.512,1978.241,5242.888,9280.457,2030.728,5202.092,9236.258,1981.396,5330.143,9321.474,2020.255,5299.143,9362.479,2016.508,5408.736,9393.622,1968.176,5315.377,9126.188,2008.945,5288.914,9260.485,1966.29,5381.869
9358.826,1975.98,5393.001,9273.344,1966.141,5406.042,9158.957,1955.12,5179.555,9223.607,1951.155,5328.782,9260.328,1976.812,5175.554,9360.07,1992.067,5226.11,9217.286,2014.702,5316.963,9191.664,1978.241,5243.029,9280.372,2030.728,5201.902,9236.253,1981.396,5330.091,9321.438,2020.255,5299.348,9362.584,2016.508,5408.916,9393.726,1968.176,5315.196,9126.021,2008.945,5289.035,9260.534,1966.29,5381.978
9358.982,1975.98,5393.139,9273.339,1966.141,5406.23,9158.861,1955.12,5179.37,9223.577,1951.155,5328.759,9260.318,1976.812,5175.346,9360.237,1992.067,5225.986,9217.222,2014.702,5316.934,9191.821,1978.241,5243.165,9280.288,2030.728,5201.712,9236.248,1981.396,5330.04,9321.398,2020.255,5299.551,9362.688,2016.508,5409.096,9393.824,1968.176,5315.013,9125.853,2008.945,5289.155,9260.587,1966.29,5382.084
9359.139,1975.98,5393.277,9273.335,1966.141,5406.418,9158.766,1955.12,5179.185,9223.547,1951.155,5328.737,9260.307,1976.812,5175.138,9360.401,1992.067,5225.857,9217.157,2014.702,5316.904,9191.982,1978.241,5243.295,9280.205,2030.728,5201.521,9236.244,1981.396,5329.988,9321.354,2020.255,5299.754,9362.792,2016.508,5409.277,9393.92,1968.176,5314.828,9125.685,2008.945,5289.276,9260.644,1966.29,5382.19
9359.295,1975.98,5393.414,9273.33,1966.141,5406.607,9158.67,1955.12,5179,9223.517,1951.155,5328.714,9260.293,1976.812,5174.93,9360.562,1992.067,5225.725,9217.093,2014.702,5316.875,9192.146,1978.241,5243.422,9280.122,2030.728,5201.33,9236.24,1981.396,5329.937,9321.307,2020.255,5299.957,9362.895,2016.508,5409.458,9394.012,1968.176,5314.641,9125.517,2008.945,5289.396,9260.703,1966.29,5382.294
9359.451,1975.98,5393.551,9273.325,1966.141,5406.795,9158.574,1955.12,5178.814,9223.486,1951.155,5328.691,9260.277,1976.812,5174.723,9360.719,1992.067,5225.588,9217.028,2014.702,5316.847,9192.314,1978.241,5243.543,9280.04,2030.728,5201.139,9236.237,1981.396,5329.885,9321.255,2020.255,5300.158,9362.997,2016.508,5409.639,9394.106,1968.176,5314.456,9125.348,2008.945,5289.517,9260.767,1966.29,5382.396
9359.608,1975.98,5393.688,9273.319,1966.141,5406.984,9158.479,1955.12,5178.629,9223.456,1951.155,5328.668,9260.259,1976.812,5174.515,9360.873,1992.067,5225.448,9216.963,2014.702,5316.819,9192.486,1978.241,5243.66,9279.959,2030.728,5200.947,9236.234,1981.396,5329.833,9321.199,2020.255,5300.358,9363.099,2016.508,5409.821,9394.204,1968.176,5314.271,9125.179,2008.945,5289.636,9260.831,1966.29,5382.499
9359.766,1975.98,5393.825,9273.313,1966.141,5407.173,9158.383,1955.12,5178.444,9223.426,1951.155,5328.646,9260.238,1976.812,5174.308,9361.023,1992.067,5225.304,9216.897,2014.702,5316.791,9192.661,1978.241,5243.771,9279.879,2030.728,5200.754,9236.231,1981.396,5329.781,9321.14,2020.255,5300.557,9363.199,2016.508,5410.003,9394.298,1968.176,5314.085,9125.01,2008.945,5289.756,9260.889,1966.29,5382.605
9359.923,1975.98,5393.961,9273.306,1966.141,5407.362,9158.287,1955.12,5178.259,9223.396,1951.155,5328.623,9260.216,1976.812,5174.101,9361.171,1992.067,5225.156,9216.832,2014.702,5316.764,9192.839,1978.241,5243.877,9279.8,2030.728,5200.562,9236.229,1981.396,5329.729,9321.077,2020.255,5300.754,9363.299,2016.508,5410.186,9394.388,1968.176,5313.898,9124.841,2008.945,5289.875,9260.95,1966.29,5382.71
9360.08,1975.98,5394.097,9273.298,1966.141,5407.551,9158.191,1955.12,5178.074,9223.365,1951.155,5328.6,9260.191,1976.812,5173.894,9361.313,1992.067,5225.004,9216.766,2014.702,5316.737,9193.02,1978.241,5243.978,9279.722,2030.728,5200.369,9236.228,1981.396,5329.676,9321.009,2020.255,5300.951,9363.398,2016.508,5410.369,9394.479,1968.176,5313.711,9124.672,2008.945,5289.994,9261.016,1966.29,5382.814
9360.238,1975.98,5394.233,9273.289,1966.141,5407.74,9158.096,1955.12,5177.89,9223.335,1951.155,5328.577,9260.165,1976.812,5173.688,9361.451,1992.067,5224.848,9216.699,2014.702,5316.71,9193.203,1978.241,5244.074,9279.645,2030.728,5200.175,9236.226,1981.396,5329.624,9320.936,2020.255,5301.145,9363.497,2016.508,5410.552,9394.568,1968.176,5313.522,9124.502,2008.945,5290.113,9261.074,1966.29,5382.922
9360.396,1975.98,5394.369,9273.28,1966.141,5407.929,9157.999,1955.12,5177.705,9223.305,1951.155,5328.554,9260.137,1976.812,5173.481,9361.583,1992.067,5224.687,9216.633,2014.702,5316.684,9193.39,1978.241,5244.164,9279.568,2030.728,5199.981,9236.224,1981.396,5329.571,9320.856,2020.255,5301.337,9363.595,2016.508,5410.735,9394.659,1968.176,5313.335,9124.332,2008.945,5290.231,9261.134,1966.29,5383.03
9360.555,1975.98,5394.504,9273.271,1966.141,5408.119,9157.902,1955.12,5177.521,9223.274,1951.155,5328.531,9260.106,1976.812,5173.275,9361.71,1992.067,5224.521,9216.566,2014.702,5316.658,9193.579,1978.241,5244.249,9279.493,2030.728,5199.787,9236.223,1981.396,5329.518,9320.771,2020.255,5301.526,9363.692,2016.508,5410.919,9394.754,1968.176,5313.149,9124.162,2008.945,5290.35,9261.196,1966.29,5383.136
9360.713,1975.98,5394.639,9273.26,1966.141,5408.308,9157.806,1955.12,5177.336,9223.243,1951.155,5328.508,9260.074,1976.812,5173.069,9361.831,1992.067,5224.352,9216.499,2014.702,5316.633,9193.771,1978.241,5244.328,9279.419,2030.728,5199.592,9236.222,1981.396,5329.465,9320.681,2020.255,5301.713,9363.789,2016.508,5411.104,9394.845,1968.176,5312.962,9123.992,2008.945,5290.467,9261.263,1966.29,5383.241
9360.872,1975.98,5394.773,9273.25,1966.141,5408.498,9157.709,1955.12,5177.151,9223.212,1951.155,5328.485,9260.041,1976.812,5172.864,9361.947,1992.067,5224.179,9216.432,2014.702,5316.608,9193.964,1978.241,5244.402,9279.346,2030.728,5199.397,9236.221,1981.396,5329.412,9320.584,2020.255,5301.896,9363.885,2016.508,5411.289,9394.933,1968.176,5312.773,9123.822,2008.945,5290.585,9261.332,1966.29,5383.344
9361.031,1975.98,5394.908,9273.239,1966.141,5408.688,9157.612,1955.12,5176.967,9223.181,1951.155,5328.462,9260.006,1976.812,5172.659,9362.058,1992.067,5224.002,9216.364,2014.702,5316.583,9194.159,1978.241,5244.47,9279.273,2030.728,5199.202,9236.221,1981.396,5329.359,9320.481,2020.255,5302.077,9363.979,2016.508,5411.474,9395.024,1968.176,5312.586,9123.651,2008.945,5290.702,9261.395,1966.29,5383.451
9361.19,1975.98,5395.042,9273.228,1966.141,5408.878,9157.515,1955.12,5176.783,9223.149,1951.155,5328.439,9259.969,1976.812,5172.454,9362.162,1992.067,5223.822,9216.297,2014.702,5316.56,9194.356,1978.241,5244.533,9279.202,2030.728,5199.006,9236.221,1981.396,5329.306,9320.374,2020.255,5302.254,9364.074,2016.508,5411.66,9395.112,1968.176,5312.397,9123.48,2008.945,5290.819,9261.461,1966.29,5383.557
9361.35,1975.98,5395.175,9273.216,1966.141,5409.068,9157.417,1955.12,5176.599,9223.118,1951.155,5328.416,9259.93,1976.812,5172.249,9362.261,1992.067,5223.638,9216.229,2014.702,5316.536,9194.555,1978.241,5244.593,9279.132,2030.728,5198.81,9236.221,1981.396,5329.252,9320.261,2020.255,5302.428,9364.168,2016.508,5411.846,9395.197,1968.176,5312.207,9123.313,2008.945,5290.941,9261.531,1966.29,5383.661
9361.51,1975.98,5395.309,9273.204,1966.141,5409.258,9157.319,1955.12,5176.415,9223.087,1951.155,5328.393,9259.89,1976.812,5172.045,9362.353,1992.067,5223.451,9216.16,2014.702,5316.512,9194.754,1978.241,5244.649,9279.063,2030.728,5198.614,9236.221,1981.396,5329.199,9320.143,2020.255,5302.599,9364.261,2016.508,5412.032,9395.28,1968.176,5312.016,9123.15,2008.945,5291.068,9261.604,1966.29,5383.764
9361.673,1975.98,5395.438,9273.191,1966.141,5409.449,9157.222,1955.12,5176.231,9223.056,1951.155,5328.37,9259.848,1976.812,5171.841,9362.438,1992.067,5223.261,9216.092,2014.702,5316.489,9194.954,1978.241,5244.703,9278.995,2030.728,5198.417,9236.221,1981.396,5329.145,9320.019,2020.255,5302.765,9364.353,2016.508,5412.219,9395.357,1968.176,5311.823,9122.991,2008.945,5291.201,9261.679,1966.29,5383.867
9361.837,1975.98,5395.565,9273.186,1966.141,5409.64,9157.123,1955.12,5176.048,9223.024,1951.155,5328.347,9259.804,1976.812,5171.637,9362.519,1992.067,5223.069,9216.023,2014.702,5316.467,9195.155,1978.241,5244.754,9278.929,2030.728,5198.22,9236.222,1981.396,5329.091,9319.89,2020.255,5302.928,9364.444,2016.508,5412.406,9395.429,1968.176,5311.627,9122.837,2008.945,5291.339,9261.753,1966.29,5383.97
9362.003,1975.98,5395.691,9273.186,1966.141,5409.831,9157.024,1955.12,5175.864,9222.993,1951.155,5328.324,9259.759,1976.812,5171.434,9362.592,1992.067,5222.874,9215.955,2014.702,5316.445,9195.356,1978.241,5244.802,9278.863,2030.728,5198.022,9236.223,1981.396,5329.037,9319.756,2020.255,5303.087,9364.535,2016.508,5412.593,9395.494,1968.176,5311.429,9122.687,2008.945,5291.481,9261.827,1966.29,5384.074
9362.17,1975.98,5395.816,9273.191,1966.141,5410.022,9156.926,1955.12,5175.681,9222.962,1951.155,5328.301,9259.712,1976.812,5171.231,9362.659,1992.067,5222.677,9215.886,2014.702,5316.423,9195.559,1978.241,5244.847,9278.799,2030.728,5197.824,9236.225,1981.396,5328.983,9319.617,2020.255,5303.242,9364.625,2016.508,5412.781,9395.553,1968.176,5311.229,9122.541,2008.945,5291.629,9261.898,1966.29,5384.18
9362.338,1975.98,5395.939,9273.204,1966.141,5410.213,9156.826,1955.12,5175.498,9222.931,1951.155,5328.278,9259.663,1976.812,5171.028,9362.72,1992.067,5222.478,9215.816,2014.702,5316.402,9195.762,1978.241,5244.89,9278.735,2030.728,5197.625,9236.229,1981.396,5328.929,9319.475,2020.255,5303.392,9364.714,2016.508,5412.969,9395.605,1968.176,5311.028,9122.4,2008.945,5291.781,9261.974,1966.29,5384.284
9362.507,1975.98,5396.061,9273.223,1966.141,5410.404,9156.727,1955.12,5175.315,9222.899,1951.155,5328.255,9259.613,1976.812,5170.826,9362.773,1992.067,5222.276,9215.747,2014.702,5316.382,9195.965,1978.241,5244.929,9278.674,2030.728,5197.427,9236.233,1981.396,5328.875,9319.327,2020.255,5303.538,9364.802,2016.508,5413.158,9395.651,1968.176,5310.825,9122.265,2008.945,5291.937,9262.051,1966.29,5384.387
9362.677,1975.98,5396.18,9273.248,1966.141,5410.595,9156.627,1955.12,5175.132,9222.868,1951.155,5328.231,9259.562,1976.812,5170.625,9362.821,1992.067,5222.074,9215.678,2014.702,5316.362,9196.169,1978.241,5244.966,9278.613,2030.728,5197.228,9236.24,1981.396,5328.82,9319.176,2020.255,5303.68,9364.89,2016.508,5413.347,9395.695,1968.176,5310.621,9122.134,2008.945,5292.098,9262.129,1966.29,5384.491
9362.849,1975.98,5396.298,9273.279,1966.141,5410.784,9156.526,1955.12,5174.95,9222.837,1951.155,5328.208,9259.509,1976.812,5170.423,9362.862,1992.067,5221.87,9215.607,2014.702,5316.342,9196.373,1978.241,5245,9278.554,2030.728,5197.028,9236.248,1981.396,5328.766,9319.021,2020.255,5303.818,9364.977,2016.508,5413.536,9395.735,1968.176,5310.417,9122.008,2008.945,5292.262,9262.204,1966.29,5384.596
9363.021,1975.98,5396.415,9273.316,1966.141,5410.973,9156.426,1955.12,5174.767,9222.806,1951.155,5328.185,9259.455,1976.812,5170.222,9362.896,1992.067,5221.664,9215.537,2014.702,5316.323,9196.578,1978.241,5245.032,9278.495,2030.728,5196.828,9236.258,1981.396,5328.712,9318.861,2020.255,5303.951,9365.063,2016.508,5413.726,9395.771,1968.176,5310.212,9121.887,2008.945,5292.43,9262.268,1966.29,5384.709
9363.195,1975.98,5396.529,9273.36,1966.141,5411.16,9156.325,1955.12,5174.585,9222.774,1951.155,5328.161,9259.399,1976.812,5170.021,9362.924,1992.067,5221.458,9215.467,2014.702,5316.304,9196.783,1978.241,5245.062,9278.438,2030.728,5196.628,9236.269,1981.396,5328.658,9318.698,2020.255,5304.08,9365.147,2016.508,5413.916,9395.804,1968.176,5310.006,9121.771,2008.945,5292.602,9262.335,1966.29,5384.822
9363.37,1975.98,5396.642,9273.41,1966.141,5411.346,9156.224,1955.12,5174.403,9222.743,1951.155,5328.138,9259.343,1976.812,5169.821,9362.944,1992.067,5221.25,9215.396,2014.702,5316.285,9196.988,1978.241,5245.088,9278.383,2030.728,5196.427,9236.28,1981.396,5328.604,9318.532,2020.255,5304.204,9365.231,2016.508,5414.106,9395.831,1968.176,5309.799,9121.66,2008.945,5292.777,9262.402,1966.29,5384.935
9363.546,1975.98,5396.753,9273.466,1966.141,5411.531,9156.122,1955.12,5174.221,9222.712,1951.155,5328.114,9259.284,1976.812,5169.621,9362.958,1992.067,5221.042,9215.326,2014.702,5316.267,9197.194,1978.241,5245.113,9278.328,2030.728,5196.226,9236.294,1981.396,5328.55,9318.362,2020.255,5304.323,9365.314,2016.508,5414.297,9395.853,1968.176,5309.592,9121.555,2008.945,5292.956,9262.473,1966.29,5385.045
9363.724,1975.98,5396.862,9273.52,1966.141,5411.716,9156.021,1955.12,5174.04,9222.681,1951.155,5328.091,9259.225,1976.812,5169.421,9362.965,1992.067,5220.834,9215.256,2014.702,5316.25,9197.4,1978.241,5245.135,9278.275,2030.728,5196.025,9236.309,1981.396,5328.497,9318.189,2020.255,5304.438,9365.397,2016.508,5414.488,9395.868,1968.176,5309.385,9121.455,2008.945,5293.138,9262.547,1966.29,5385.154
9363.902,1975.98,5396.97,9273.58,1966.141,5411.899,9155.918,1955.12,5173.858,9222.649,1951.155,5328.067,9259.164,1976.812,5169.222,9362.965,1992.067,5220.625,9215.185,2014.702,5316.232,9197.606,1978.241,5245.154,9278.224,2030.728,5195.823,9236.324,1981.396,5328.443,9318.014,2020.255,5304.547,9365.479,2016.508,5414.679,9395.878,1968.176,5309.177,9121.361,2008.945,5293.322,9262.625,1966.29,5385.261
9364.082,1975.98,5397.075,9273.62,1966.141,5412.088,9155.815,1955.12,5173.677,9222.618,1951.155,5328.044,9259.103,1976.812,5169.023,9362.958,1992.067,5220.417,9215.113,2014.702,5316.216,9197.813,1978.241,5245.171,9278.174,2030.728,5195.621,9236.342,1981.396,5328.39,9317.834,2020.255,5304.651,9365.561,2016.508,5414.871,9395.881,1968.176,5308.968,9121.273,2008.945,5293.51,9262.706,1966.29,5385.366
9364.263,1975.98,5397.179,9273.666,1966.141,5412.276,9155.713,1955.12,5173.496,9222.587,1951.155,5328.021,9259.039,1976.812,5168.825,9362.944,1992.067,5220.209,9215.042,2014.702,5316.2,9198.019,1978.241,5245.187,9278.125,2030.728,5195.418,9236.36,1981.396,5328.337,9317.651,2020.255,5304.75,9365.641,2016.508,5415.063,9395.877,1968.176,5308.76,9121.191,2008.945,5293.7,9262.787,1966.29,5385.472
9364.444,1975.98,5397.28,9273.719,1966.141,5412.463,9155.609,1955.12,5173.315,9222.556,1951.155,5327.997,9258.975,1976.812,5168.627,9362.924,1992.067,5220.002,9214.971,2014.702,5316.184,9198.226,1978.241,5245.199,9278.078,2030.728,5195.216,9236.38,1981.396,5328.285,9317.467,2020.255,5304.844,9365.72,2016.508,5415.256,9395.866,1968.176,5308.552,9121.116,2008.945,5293.893,9262.858,1966.29,5385.584
9364.627,1975.98,5397.379,9273.766,1966.141,5412.651,9155.506,1955.12,5173.134,9222.524,1951.155,5327.974,9258.909,1976.812,5168.429,9362.896,1992.067,5219.795,9214.899,2014.702,5316.169,9198.433,1978.241,5245.21,9278.032,2030.728,5195.013,9236.4,1981.396,5328.232,9317.279,2020.255,5304.933,9365.798,2016.508,5415.449,9395.849,1968.176,5308.344,9121.047,2008.945,5294.088,9262.935,1966.29,5385.695
9364.812,1975.98,5397.476,9273.813,1966.141,5412.839,9155.402,1955.12,5172.954,9222.493,1951.155,5327.95,9258.843,1976.812,5168.232,9362.863,1992.067,5219.59,9214.827,2014.702,5316.154,9198.64,1978.241,5245.219,9277.988,2030.728,5194.809,9236.423,1981.396,5328.18,9317.089,2020.255,5305.015,9365.875,2016.508,5415.642,9395.825,1968.176,5308.137,9120.984,2008.945,5294.286,9263.014,1966.29,5385.804
9364.997,1975.98,5397.571,9273.864,1966.141,5413.026,9155.298,1955.12,5172.773,9222.462,1951.155,5327.927,9258.775,1976.812,5168.035,9362.823,1992.067,5219.385,9214.755,2014.702,5316.14,9198.847,1978.241,5245.226,9277.945,2030.728,5194.605,9236.446,1981.396,5328.128,9316.896,2020.255,5305.092,9365.951,2016.508,5415.835,9395.795,1968.176,5307.931,9120.928,2008.945,5294.485,9263.097,1966.29,5385.911
9365.184,1975.98,5397.664,9273.907,1966.141,5413.216,9155.193,1955.12,5172.593,9222.431,1951.155,5327.903,9258.706,1976.812,5167.839,9362.776,1992.067,5219.182,9214.683,2014.702,5316.126,9199.054,1978.241,5245.23,9277.904,2030.728,5194.401,9236.471,1981.396,5328.077,9316.702,2020.255,5305.165,9366.027,2016.508,5416.029,9395.758,1968.176,5307.726,9120.877,2008.945,5294.686,9263.182,1966.29,5386.017
9365.371,1975.98,5397.754,9273.956,1966.141,5413.404,9155.089,1955.12,5172.414,9222.399,1951.155,5327.88,9258.636,1976.812,5167.643,9362.723,1992.067,5218.981,9214.61,2014.702,5316.113,9199.261,1978.241,5245.233,9277.865,2030.728,5194.197,9236.496,1981.396,5328.026,9316.506,2020.255,5305.231,9366.103,2016.508,5416.224,9395.715,1968.176,5307.522,9120.833,2008.945,5294.888,9263.269,1966.29,5386.122
9365.56,1975.98,5397.842,9274.012,1966.141,5413.591,9154.983,1955.12,5172.234,9222.367,1951.155,5327.856,9258.564,1976.812,5167.447,9362.662,1992.067,5218.782,9214.538,2014.702,5316.101,9199.468,1978.241,5245.229,9277.827,2030.728,5193.992,9236.522,1981.396,5327.975,9316.308,2020.255,5305.293,9366.177,2016.508,5416.418,9395.665,1968.176,5307.32,9120.795,2008.945,5295.091,9263.354,1966.29,5386.229
9365.749,1975.98,5397.928,9274.069,1966.141,5413.777,9154.878,1955.12,5172.055,9222.335,1951.155,5327.833,9258.492,1976.812,5167.251,9362.596,1992.067,5218.584,9214.466,2014.702,5316.088,9199.675,1978.241,5245.219,9277.791,2030.728,5193.787,9236.55,1981.396,5327.924,9316.108,2020.255,5305.349,9366.25,2016.508,5416.613,9395.608,1968.176,5307.12,9120.763,2008.945,5295.296,9263.434,1966.29,5386.34
9365.939,1975.98,5398.011,9274.133,1966.141,5413.961,9154.771,1955.12,5171.875,9222.303,1951.155,5327.811,9258.419,1976.812,5167.057,9362.522,1992.067,5218.389,9214.394,2014.702,5316.077,9199.881,1978.241,5245.202,9277.757,2030.728,5193.582,9236.578,1981.396,5327.874,9315.907,2020.255,5305.399,9366.322,2016.508,5416.809,9395.545,1968.176,5306.921,9120.737,2008.945,5295.501,9263.513,1966.29,5386.453
9366.131,1975.98,5398.092,9274.203,1966.141,5414.143,9154.665,1955.12,5171.696,9222.271,1951.155,5327.788,9258.345,1976.812,5166.862,9362.443,1992.067,5218.197,9214.32,2014.702,5316.065,9200.087,1978.241,5245.178,9277.725,2030.728,5193.376,9236.607,1981.396,5327.824,9315.705,2020.255,5305.444,9366.394,2016.508,5417.004,9395.476,1968.176,5306.725,9120.718,2008.945,5295.708,9263.596,1966.29,5386.563
9366.323,1975.98,5398.171,9274.274,1966.141,5414.325,9154.559,1955.12,5171.518,9222.238,1951.155,5327.766,9258.27,1976.812,5166.668,9362.357,1992.067,5218.007,9214.247,2014.702,5316.055,9200.292,1978.241,5245.147,9277.694,2030.728,5193.17,9236.638,1981.396,5327.774,9315.502,2020.255,5305.482,9366.464,2016.508,5417.201,9395.399,1968.176,5306.531,9120.705,2008.945,5295.914,9263.683,1966.29,5386.671
9366.518,1975.98,5398.247,9274.363,1966.141,5414.498,9154.451,1955.12,5171.339,9222.205,1951.155,5327.744,9258.193,1976.812,5166.474,9362.266,1992.067,5217.82,9214.174,2014.702,5316.044,9200.496,1978.241,5245.11,9277.665,2030.728,5192.964,9236.668,1981.396,5327.725,9315.297,2020.255,5305.515,9366.533,2016.508,5417.397,9395.317,1968.176,5306.339,9120.699,2008.945,5296.121,9263.769,1966.29,5386.78
9366.713,1975.98,5398.32,9274.447,1966.141,5414.675,9154.344,1955.12,5171.161,9222.172,1951.155,5327.722,9258.116,1976.812,5166.281,9362.168,1992.067,5217.636,9214.101,2014.702,5316.035,9200.698,1978.241,5245.066,9277.638,2030.728,5192.757,9236.699,1981.396,5327.676,9315.092,2020.255,5305.541,9366.602,2016.508,5417.594,9395.229,1968.176,5306.151,9120.7,2008.945,5296.328,9263.857,1966.29,5386.887
9366.909,1975.98,5398.391,9274.534,1966.141,5414.851,9154.242,1955.12,5170.979,9222.139,1951.155,5327.7,9258.038,1976.812,5166.088,9362.064,1992.067,5217.455,9214.027,2014.702,5316.025,9200.899,1978.241,5245.016,9277.612,2030.728,5192.551,9236.731,1981.396,5327.627,9314.886,2020.255,5305.561,9366.669,2016.508,5417.791,9395.134,1968.176,5305.965,9120.708,2008.945,5296.535,9263.945,1966.29,5386.996
9367.105,1975.98,5398.459,9274.633,1966.141,5415.02,9154.146,1955.12,5170.794,9222.105,1951.155,5327.679,9257.959,1976.812,5165.896,9361.955,1992.067,5217.278,9213.954,2014.702,5316.017,9201.099,1978.241,5244.958,9277.589,2030.728,5192.344,9236.765,1981.396,5327.578,9314.679,2020.255,5305.575,9366.735,2016.508,5417.988,9395.033,1968.176,5305.783,9120.723,2008.945,5296.742,9264.035,1966.29,5387.104
9367.303,1975.98,5398.525,9274.728,1966.141,5415.192,9154.057,1955.12,5170.606,9222.072,1951.155,5327.658,9257.879,1976.812,5165.703,9361.84,1992.067,5217.104,9213.881,2014.702,5316.008,9201.296,1978.241,5244.895,9277.567,2030.728,5192.137,9236.796,1981.396,5327.528,9314.472,2020.255,5305.586,9366.801,2016.508,5418.186,9394.927,1968.176,5305.604,9120.744,2008.945,5296.948,9264.127,1966.29,5387.21
9367.501,1975.98,5398.587,9274.817,1966.141,5415.367,9153.974,1955.12,5170.415,9222.038,1951.155,5327.637,9257.798,1976.812,5165.511,9361.719,1992.067,5216.935,9213.808,2014.702,5316,9201.491,1978.241,5244.825,9277.548,2030.728,5191.929,9236.829,1981.396,5327.479,9314.265,2020.255,5305.595,9366.865,2016.508,5418.384,9394.814,1968.176,5305.428,9120.771,2008.945,5297.153,9264.217,1966.29,5387.32
9367.7,1975.98,5398.647,9274.901,1966.141,5415.544,9153.896,1955.12,5170.222,9222.004,1951.155,5327.616,9257.716,1976.812,5165.32,9361.592,1992.067,5216.77,9213.734,2014.702,5315.993,9201.684,1978.241,5244.749,9277.531,2030.728,5191.722,9236.864,1981.396,5327.432,9314.058,2020.255,5305.601,9366.928,2016.508,5418.583,9394.696,1968.176,5305.257,9120.806,2008.945,5297.357,9264.307,1966.29,5387.43
9367.9,1975.98,5398.705,9274.979,1966.141,5415.725,9153.826,1955.12,5170.026,9221.97,1951.155,5327.596,9257.633,1976.812,5165.129,9361.46,1992.067,5216.608,9213.661,2014.702,5315.986,9201.874,1978.241,5244.667,9277.517,2030.728,5191.514,9236.9,1981.396,5327.385,9313.851,2020.255,5305.603,9366.989,2016.508,5418.781,9394.572,1968.176,5305.089,9120.847,2008.945,5297.56,9264.397,1966.29,5387.54
9368.102,1975.98,5398.759,9275.052,1966.141,5415.908,9153.762,1955.12,5169.828,9221.936,1951.155,5327.576,9257.549,1976.812,5164.938,9361.323,1992.067,5216.452,9213.587,2014.702,5315.98,9202.062,1978.241,5244.578,9277.504,2030.728,5191.306,9236.938,1981.396,5327.339,9313.644,2020.255,5305.603,9367.05,2016.508,5418.98,9394.443,1968.176,5304.926,9120.895,2008.945,5297.761,9264.488,1966.29,5387.65
9368.304,1975.98,5398.81,9275.126,1966.141,5416.091,9153.704,1955.12,5169.627,9221.901,1951.155,5327.556,9257.464,1976.812,5164.748,9361.181,1992.067,5216.299,9213.513,2014.702,5315.974,9202.246,1978.241,5244.483,9277.493,2030.728,5191.098,9236.979,1981.396,5327.294,9313.437,2020.255,5305.599,9367.109,2016.508,5419.18,9394.309,1968.176,5304.767,9120.949,2008.945,5297.96,9264.579,1966.29,5387.761
9368.506,1975.98,5398.858,9275.194,1966.141,5416.276,9153.653,1955.12,5169.425,9221.866,1951.155,5327.537,9257.379,1976.812,5164.558,9361.033,1992.067,5216.152,9213.438,2014.702,5315.969,9202.427,1978.241,5244.383,9277.484,2030.728,5190.89,9237.02,1981.396,5327.25,9313.229,2020.255,5305.591,9367.168,2016.508,5419.38,9394.169,1968.176,5304.612,9121.01,2008.945,5298.158,9264.663,1966.29,5387.876
9368.709,1975.98,5398.904,9275.263,1966.141,5416.461,9153.608,1955.12,5169.222,9221.831,1951.155,5327.518,9257.293,1976.812,5164.369,9360.882,1992.067,5216.009,9213.364,2014.702,5315.965,9202.604,1978.241,5244.276,9277.479,2030.728,5190.682,9237.063,1981.396,5327.208,9313.022,2020.255,5305.58,9367.226,2016.508,5419.58,9394.024,1968.176,5304.462,9121.077,2008.945,5298.354,9264.751,1966.29,5387.991
9368.913,1975.98,5398.946,9275.336,1966.141,5416.643,9153.57,1955.12,5169.017,9221.796,1951.155,5327.499,9257.206,1976.812,5164.18,9360.726,1992.067,5215.872,9213.29,2014.702,5315.961,9202.778,1978.241,5244.164,9277.475,2030.728,5190.474,9237.106,1981.396,5327.167,9312.816,2020.255,5305.565,9367.282,2016.508,5419.781,9393.875,1968.176,5304.316,9121.15,2008.945,5298.547,9264.843,1966.29,5388.103
9369.117,1975.98,5398.986,9275.404,1966.141,5416.829,9153.539,1955.12,5168.811,9221.761,1951.155,5327.48,9257.118,1976.812,5163.991,9360.567,1992.067,5215.736,9213.216,2014.702,5315.958,9202.948,1978.241,5244.046,9277.474,2030.728,5190.266,9237.152,1981.396,5327.126,9312.61,2020.255,5305.547,9367.337,2016.508,5419.981,9393.721,1968.176,5304.176,9121.229,2008.945,5298.738,9264.937,1966.29,5388.214
9369.322,1975.98,5399.022,9275.475,1966.141,5417.013,9153.515,1955.12,5168.604,9221.726,1951.155,5327.461,9257.029,1976.812,5163.803,9360.404,1992.067,5215.606,9213.142,2014.702,5315.955,9203.114,1978.241,5243.923,9277.475,2030.728,5190.058,9237.199,1981.396,5327.088,9312.404,2020.255,5305.524,9367.391,2016.508,5420.183,9393.563,1968.176,5304.041,9121.314,2008.945,5298.927,9265.029,1966.29,5388.326
9369.527,1975.98,5399.055,9275.539,1966.141,5417.2,9153.497,1955.12,5168.396,9221.69,1951.155,5327.443,9256.939,1976.812,5163.615,9360.237,1992.067,5215.481,9213.067,2014.702,5315.952,9203.276,1978.241,5243.794,9277.479,2030.728,5189.85,9237.248,1981.396,5327.051,9312.199,2020.255,5305.498,9367.443,2016.508,5420.384,9393.399,1968.176,5303.911,9121.405,2008.945,5299.113,9265.123,1966.29,5388.438
9369.733,1975.98,5399.085,9275.609,1966.141,5417.385,9153.486,1955.12,5168.188,9221.654,1951.155,5327.425,9256.849,1976.812,5163.427,9360.067,1992.067,5215.361,9212.993,2014.702,5315.95,9203.435,1978.241,5243.66,9277.484,2030.728,5189.642,9237.298,1981.396,5327.015,9311.995,2020.255,5305.467,9367.495,2016.508,5420.585,9393.232,1968.176,5303.787,9121.501,2008.945,5299.296,9265.219,1966.29,5388.55
9369.939,1975.98,5399.112,9275.674,1966.141,5417.573,9153.482,1955.12,5167.979,9221.618,1951.155,5327.408,9256.758,1976.812,5163.24,9359.895,1992.067,5215.245,9212.919,2014.702,5315.949,9203.588,1978.241,5243.521,9277.493,2030.728,5189.434,9237.35,1981.396,5326.981,9311.791,2020.255,5305.432,9367.546,2016.508,5420.788,9393.062,1968.176,5303.667,9121.603,2008.945,5299.476,9265.313,1966.29,5388.663
9370.146,1975.98,5399.136,9275.743,1966.141,5417.759,9153.485,1955.12,5167.771,9221.582,1951.155,5327.391,9256.666,1976.812,5163.054,9359.726,1992.067,5215.124,9212.845,2014.702,5315.948,9203.737,1978.241,5243.377,9277.504,2030.728,5189.226,9237.4,1981.396,5326.945,9311.588,2020.255,5305.392,9367.595,2016.508,5420.99,9392.887,1968.176,5303.554,9121.709,2008.945,5299.653,9265.41,1966.29,5388.775
9370.354,1975.98,5399.157,9275.807,1966.141,5417.947,9153.495,1955.12,5167.563,9221.546,1951.155,5327.374,9256.573,1976.812,5162.867,9359.554,1992.067,5215.006,9212.771,2014.702,5315.947,9203.882,1978.241,5243.228,9277.518,2030.728,5189.018,9237.45,1981.396,5326.908,9311.386,2020.255,5305.348,9367.643,2016.508,5421.192,9392.708,1968.176,5303.447,9121.821,2008.945,5299.827,9265.506,1966.29,5388.888
9370.561,1975.98,5399.174,9275.875,1966.141,5418.133,9153.512,1955.12,5167.355,9221.51,1951.155,5327.356,9256.479,1976.812,5162.681,9359.378,1992.067,5214.895,9212.696,2014.702,5315.947,9204.021,1978.241,5243.075,9277.534,2030.728,5188.811,9237.498,1981.396,5326.869,9311.185,2020.255,5305.3,9367.689,2016.508,5421.396,9392.526,1968.176,5303.345,9121.938,2008.945,5299.997,9265.603,1966.29,5389.001
9370.769,1975.98,5399.188,9275.938,1966.141,5418.322,9153.535,1955.12,5167.148,9221.474,1951.155,5327.339,9256.385,1976.812,5162.496,9359.198,1992.067,5214.79,9212.622,2014.702,5315.948,9204.157,1978.241,5242.919,9277.553,2030.728,5188.603,9237.545,1981.396,5326.828,9310.984,2020.255,5305.247,9367.735,2016.508,5421.599,9392.342,1968.176,5303.25,9122.062,2008.945,5300.163,9265.7,1966.29,5389.114
9370.977,1975.98,5399.199,9275.981,1966.141,5418.516,9153.565,1955.12,5166.942,9221.438,1951.155,5327.322,9256.289,1976.812,5162.311,9359.016,1992.067,5214.69,9212.548,2014.702,5315.949,9204.289,1978.241,5242.759,9277.574,2030.728,5188.396,9237.591,1981.396,5326.785,9310.786,2020.255,5305.189,9367.779,2016.508,5421.802,9392.153,1968.176,5303.16,9122.189,2008.945,5300.325,9265.798,1966.29,5389.228
9371.185,1975.98,5399.206,9276.016,1966.141,5418.711,9153.603,1955.12,5166.737,9221.401,1951.155,5327.304,9256.193,1976.812,5162.126,9358.829,1992.067,5214.596,9212.474,2014.702,5315.95,9204.416,1978.241,5242.595,9277.599,2030.728,5188.189,9237.636,1981.396,5326.741,9310.589,2020.255,5305.126,9367.822,2016.508,5422.006,9391.963,1968.176,5303.077,9122.323,2008.945,5300.482,9265.896,1966.29,5389.34
9371.393,1975.98,5399.21,9276.057,1966.141,5418.906,9153.646,1955.12,5166.534,9221.365,1951.155,5327.287,9256.097,1976.812,5161.941,9358.64,1992.067,5214.509,9212.399,2014.702,5315.952,9204.539,1978.241,5242.428,9277.626,2030.728,5187.982,9237.68,1981.396,5326.696,9310.394,2020.255,5305.059,9367.864,2016.508,5422.21,9391.77,1968.176,5303,9122.462,2008.945,5300.636,9265.995,1966.29,5389.454
9371.601,1975.98,5399.21,9276.099,1966.141,5419.101,9153.695,1955.12,5166.332,9221.329,1951.155,5327.269,9255.999,1976.812,5161.757,9358.448,1992.067,5214.428,9212.325,2014.702,5315.955,9204.657,1978.241,5242.258,9277.656,2030.728,5187.776,9237.722,1981.396,5326.649,9310.2,2020.255,5304.987,9367.904,2016.508,5422.414,9391.573,1968.176,5302.929,9122.605,2008.945,5300.785,9266.092,1966.29,5389.57
9371.809,1975.98,5399.208,9276.147,1966.141,5419.294,9153.752,1955.12,5166.131,9221.293,1951.155,5327.251,9255.9,1976.812,5161.574,9358.258,1992.067,5214.344,9212.251,2014.702,5315.958,9204.771,1978.241,5242.085,9277.689,2030.728,5187.571,9237.763,1981.396,5326.601,9310.009,2020.255,5304.911,9367.943,2016.508,5422.619,9391.38,1968.176,5302.852,9122.753,2008.945,5300.929,9266.192,1966.29,5389.684
9372.017,1975.98,5399.201,9276.202,1966.141,5419.486,9153.815,1955.12,5165.932,9221.257,1951.155,5327.234,9255.802,1976.812,5161.391,9358.064,1992.067,5214.267,9212.177,2014.702,5315.961,9204.881,1978.241,5241.909,9277.725,2030.728,5187.366,9237.803,1981.396,5326.551,9309.819,2020.255,5304.829,9367.981,2016.508,5422.823,9391.189,1968.176,5302.768,9122.905,2008.945,5301.069,9266.294,1966.29,5389.797
9372.225,1975.98,5399.191,9276.264,1966.141,5419.676,9153.885,1955.12,5165.736,9221.221,1951.155,5327.216,9255.702,1976.812,5161.208,9357.865,1992.067,5214.207,9212.103,2014.702,5315.965,9204.985,1978.241,5241.73,9277.763,2030.728,5187.161,9237.841,1981.396,5326.5,9309.632,2020.255,5304.743,9368.018,2016.508,5423.028,9390.997,1968.176,5302.687,9123.062,2008.945,5301.204,9266.396,1966.29,5389.911
9372.433,1975.98,5399.178,9276.318,1966.141,5419.868,9153.961,1955.12,5165.542,9221.185,1951.155,5327.198,9255.602,1976.812,5161.026,9357.668,1992.067,5214.14,9212.028,2014.702,5315.969,9205.086,1978.241,5241.548,9277.804,2030.728,5186.957,9237.878,1981.396,5326.447,9309.446,2020.255,5304.651,9368.053,2016.508,5423.233,9390.817,1968.176,5302.583,9123.222,2008.945,5301.334,9266.498,1966.29,5390.025
9372.641,1975.98,5399.162,9276.375,1966.141,5420.06,9154.043,1955.12,5165.351,9221.148,1951.155,5327.18,9255.5,1976.812,5160.844,9357.473,1992.067,5214.067,9211.954,2014.702,5315.974,9205.182,1978.241,5241.364,9277.849,2030.728,5186.753,9237.913,1981.396,5326.393,9309.264,2020.255,5304.556,9368.086,2016.508,5423.439,9390.642,1968.176,5302.47,9123.386,2008.945,5301.46,9266.601,1966.29,5390.139
9372.848,1975.98,5399.142,9276.437,1966.141,5420.25,9154.132,1955.12,5165.162,9221.112,1951.155,5327.162,9255.397,1976.812,5160.663,9357.28,1992.067,5213.988,9211.88,2014.702,5315.979,9205.273,1978.241,5241.178,9277.896,2030.728,5186.551,9237.946,1981.396,5326.337,9309.083,2020.255,5304.455,9368.118,2016.508,5423.645,9390.463,1968.176,5302.364,9123.546,2008.945,5301.59,9266.704,1966.29,5390.253
9373.055,1975.98,5399.118,9276.498,1966.141,5420.44,9154.227,1955.12,5164.977,9221.076,1951.155,5327.144,9255.295,1976.812,5160.481,9357.09,1992.067,5213.903,9211.806,2014.702,5315.986,9205.36,1978.241,5240.99,9277.947,2030.728,5186.349,9237.979,1981.396,5326.281,9308.905,2020.255,5304.35,9368.149,2016.508,5423.851,9390.28,1968.176,5302.263,9123.701,2008.945,5301.726,9266.809,1966.29,5390.367
9373.261,1975.98,5399.091,9276.558,1966.141,5420.631,9154.324,1955.12,5164.792,9221.04,1951.155,5327.125,9255.191,1976.812,5160.301,9356.899,1992.067,5213.818,9211.731,2014.702,5315.993,9205.442,1978.241,5240.799,9278.001,2030.728,5186.147,9238.009,1981.396,5326.223,9308.73,2020.255,5304.239,9368.179,2016.508,5424.057,9390.095,1968.176,5302.169,9123.853,2008.945,5301.867,9266.913,1966.29,5390.481
9373.467,1975.98,5399.061,9276.622,1966.141,5420.82,9154.415,1955.12,5164.605,9221.004,1951.155,5327.106,9255.087,1976.812,5160.121,9356.71,1992.067,5213.731,9211.657,2014.702,5316,9205.521,1978.241,5240.607,9278.058,2030.728,5185.947,9238.038,1981.396,5326.165,9308.559,2020.255,5304.125,9368.207,2016.508,5424.263,9389.912,1968.176,5302.069,9123.999,2008.945,5302.012,9267.018,1966.29,5390.595
9373.672,1975.98,5399.027,9276.681,1966.141,5421.012,9154.5,1955.12,5164.415,9220.968,1951.155,5327.088,9254.981,1976.812,5159.941,9356.521,1992.067,5213.641,9211.583,2014.702,5316.009,9205.595,1978.241,5240.414,9278.117,2030.728,5185.748,9238.065,1981.396,5326.105,9308.39,2020.255,5304.005,9368.233,2016.508,5424.47,9389.732,1968.176,5301.962,9124.141,2008.945,5302.162,9267.121,1966.29,5390.709
9373.877,1975.98,5398.99,9276.719,1966.141,5421.208,9154.579,1955.12,5164.222,9220.932,1951.155,5327.069,9254.876,1976.812,5159.762,9356.337,1992.067,5213.545,9211.51,2014.702,5316.018,9205.664,1978.241,5240.218,9278.18,2030.728,5185.549,9238.091,1981.396,5326.044,9308.225,2020.255,5303.881,9368.259,2016.508,5424.676,9389.552,1968.176,5301.858,9124.277,2008.945,5302.317,9267.229,1966.29,5390.824
9374.081,1975.98,5398.95,9276.763,1966.141,5421.404,9154.651,1955.12,5164.027,9220.896,1951.155,5327.051,9254.77,1976.812,5159.583,9356.154,1992.067,5213.445,9211.437,2014.702,5316.027,9205.729,1978.241,5240.021,9278.246,2030.728,5185.352,9238.114,1981.396,5325.983,9308.063,2020.255,5303.752,9368.282,2016.508,5424.883,9389.375,1968.176,5301.749,9124.408,2008.945,5302.476,9267.339,1966.29,5390.934
9374.284,1975.98,5398.906,9276.798,1966.141,5421.602,9154.73,1955.12,5163.834,9220.859,1951.155,5327.032,9254.662,1976.812,5159.405,9355.975,1992.067,5213.34,9211.363,2014.702,5316.038,9205.791,1978.241,5239.823,9278.315,2030.728,5185.155,9238.137,1981.396,5325.92,9307.904,2020.255,5303.62,9368.305,2016.508,5425.09,9389.202,1968.176,5301.633,9124.534,2008.945,5302.639,9267.446,1966.29,5391.049
9374.487,1975.98,5398.858,9276.839,1966.141,5421.798,9154.804,1955.12,5163.64,9220.823,1951.155,5327.014,9254.554,1976.812,5159.227,9355.798,1992.067,5213.23,9211.29,2014.702,5316.049,9205.849,1978.241,5239.624,9278.388,2030.728,5184.96,9238.157,1981.396,5325.857,9307.75,2020.255,5303.482,9368.326,2016.508,5425.297,9389.032,1968.176,5301.512,9124.655,2008.945,5302.806,9267.555,1966.29,5391.164
9374.689,1975.98,5398.808,9276.884,1966.141,5421.994,9154.883,1955.12,5163.447,9220.787,1951.155,5326.995,9254.444,1976.812,5159.05,9355.625,1992.067,5213.114,9211.217,2014.702,5316.061,9205.902,1978.241,5239.424,9278.463,2030.728,5184.766,9238.176,1981.396,5325.793,9307.6,2020.255,5303.341,9368.346,2016.508,5425.505,9388.859,1968.176,5301.396,9124.771,2008.945,5302.977,9267.66,1966.29,5391.28
9374.891,1975.98,5398.753,9276.93,1966.141,5422.189,9154.969,1955.12,5163.257,9220.751,1951.155,5326.976,9254.335,1976.812,5158.873,9355.453,1992.067,5212.996,9211.144,2014.702,5316.073,9205.952,1978.241,5239.223,9278.542,2030.728,5184.573,9238.192,1981.396,5325.728,9307.453,2020.255,5303.195,9368.364,2016.508,5425.712,9388.689,1968.176,5301.275,9124.88,2008.945,5303.151,9267.766,1966.29,5391.399
9375.091,1975.98,5398.696,9276.982,1966.141,5422.384,9155.061,1955.12,5163.07,9220.715,1951.155,5326.957,9254.225,1976.812,5158.696,9355.278,1992.067,5212.883,9211.07,2014.702,5316.086,9205.998,1978.241,5239.021,9278.624,2030.728,5184.382,9238.208,1981.396,5325.663,9307.311,2020.255,5303.046,9368.381,2016.508,5425.92,9388.535,1968.176,5301.135,9124.983,2008.945,5303.33,9267.867,1966.29,5391.521
9375.29,1975.98,5398.635,9277.012,1966.141,5422.583,9155.158,1955.12,5162.887,9220.679,1951.155,5326.938,9254.113,1976.812,5158.52,9355.111,1992.067,5212.759,9210.997,2014.702,5316.101,9206.041,1978.241,5238.817,9278.709,2030.728,5184.192,9238.222,1981.396,5325.597,9307.173,2020.255,5302.893,9368.396,2016.508,5426.127,9388.376,1968.176,5301,9125.081,2008.945,5303.511,9267.96,1966.29,5391.651
9375.488,1975.98,5398.57,9277.047,1966.141,5422.781,9155.263,1955.12,5162.706,9220.643,1951.155,5326.918,9254.001,1976.812,5158.344,9354.94,1992.067,5212.64,9210.925,2014.702,5316.115,9206.08,1978.241,5238.614,9278.798,2030.728,5184.003,9238.233,1981.396,5325.53,9307.039,2020.255,5302.735,9368.41,2016.508,5426.335,9388.219,1968.176,5300.863,9125.173,2008.945,5303.695,9268.058,1966.29,5391.778
9375.686,1975.98,5398.502,9277.089,1966.141,5422.978,9155.373,1955.12,5162.529,9220.606,1951.155,5326.899,9253.889,1976.812,5158.168,9354.766,1992.067,5212.526,9210.853,2014.702,5316.131,9206.116,1978.241,5238.41,9278.89,2030.728,5183.816,9238.243,1981.396,5325.463,9306.91,2020.255,5302.574,9368.423,2016.508,5426.543,9388.058,1968.176,5300.731,9125.259,2008.945,5303.882,9268.159,1966.29,5391.902
9375.881,1975.98,5398.432,9277.134,1966.141,5423.174,9155.488,1955.12,5162.355,9220.57,1951.155,5326.88,9253.775,1976.812,5157.994,9354.593,1992.067,5212.41,9210.78,2014.702,5316.147,9206.149,1978.241,5238.205,9278.979,2030.728,5183.628,9238.252,1981.396,5325.396,9306.786,2020.255,5302.41,9368.434,2016.508,5426.751,9387.896,1968.176,5300.601,9125.339,2008.945,5304.072,9268.248,1966.29,5392.036
9376.075,1975.98,5398.357,9277.179,1966.141,5423.371,9155.609,1955.12,5162.186,9220.534,1951.155,5326.861,9253.661,1976.812,5157.819,9354.422,1992.067,5212.292,9210.708,2014.702,5316.164,9206.18,1978.241,5238,9279.067,2030.728,5183.44,9238.259,1981.396,5325.328,9306.666,2020.255,5302.242,9368.443,2016.508,5426.959,9387.737,1968.176,5300.465,9125.412,2008.945,5304.264,9268.342,1966.29,5392.167
9376.269,1975.98,5398.28,9277.229,1966.141,5423.566,9155.725,1955.12,5162.013,9220.498,1951.155,5326.842,9253.546,1976.812,5157.646,9354.253,1992.067,5212.17,9210.636,2014.702,5316.182,9206.207,1978.241,5237.794,9279.153,2030.728,5183.25,9238.265,1981.396,5325.26,9306.551,2020.255,5302.07,9368.451,2016.508,5427.167,9387.584,1968.176,5300.324,9125.479,2008.945,5304.459,9268.44,1966.29,5392.296
9376.461,1975.98,5398.199,9277.255,1966.141,5423.767,9155.835,1955.12,5161.835,9220.462,1951.155,5326.822,9253.431,1976.812,5157.472,9354.085,1992.067,5212.047,9210.564,2014.702,5316.2,9206.232,1978.241,5237.588,9279.238,2030.728,5183.06,9238.269,1981.396,5325.191,9306.44,2020.255,5301.896,9368.458,2016.508,5427.375,9387.436,1968.176,5300.178,9125.54,2008.945,5304.656,9268.543,1966.29,5392.421
9376.651,1975.98,5398.115,9277.287,1966.141,5423.966,9155.939,1955.12,5161.655,9220.426,1951.155,5326.803,9253.314,1976.812,5157.299,9353.919,1992.067,5211.92,9210.493,2014.702,5316.219,9206.255,1978.241,5237.382,9279.321,2030.728,5182.869,9238.271,1981.396,5325.123,9306.336,2020.255,5301.718,9368.463,2016.508,5427.583,9387.292,1968.176,5300.027,9125.595,2008.945,5304.854,9268.646,1966.29,5392.548
9376.841,1975.98,5398.028,9277.325,1966.141,5424.164,9156.037,1955.12,5161.471,9220.39,1951.155,5326.783,9253.197,1976.812,5157.127,9353.756,1992.067,5211.792,9210.422,2014.702,5316.238,9206.275,1978.241,5237.176,9279.402,2030.728,5182.677,9238.272,1981.396,5325.054,9306.236,2020.255,5301.537,9368.467,2016.508,5427.791,9387.153,1968.176,5299.872,9125.643,2008.945,5305.054,9268.745,1966.29,5392.677
9377.028,1975.98,5397.938,9277.37,1966.141,5424.361,9156.129,1955.12,5161.284,9220.354,1951.155,5326.764,9253.079,1976.812,5156.956,9353.595,1992.067,5211.66,9210.351,2014.702,5316.259,9206.294,1978.241,5236.969,9279.481,2030.728,5182.485,9238.272,1981.396,5324.984,9306.142,2020.255,5301.354,9368.469,2016.508,5427.999,9387.02,1968.176,5299.712,9125.684,2008.945,5305.256,9268.85,1966.29,5392.804
9377.215,1975.98,5397.845,9277.404,1966.141,5424.56,9156.215,1955.12,5161.094,9220.317,1951.155,5326.744,9252.96,1976.812,5156.785,9353.436,1992.067,5211.525,9210.28,2014.702,5316.28,9206.311,1978.241,5236.762,9279.559,2030.728,5182.292,9238.271,1981.396,5324.915,9306.053,2020.255,5301.167,9368.47,2016.508,5428.207,9386.892,1968.176,5299.548,9125.718,2008.945,5305.458,9268.958,1966.29,5392.927
9377.399,1975.98,5397.749,9277.426,1966.141,5424.761,9156.294,1955.12,5160.902,9220.281,1951.155,5326.725,9252.841,1976.812,5156.614,9353.279,1992.067,5211.388,9210.21,2014.702,5316.302,9206.325,1978.241,5236.555,9279.634,2030.728,5182.098,9238.27,1981.396,5324.845,9305.969,2020.255,5300.979,9368.469,2016.508,5428.415,9386.769,1968.176,5299.38,9125.746,2008.945,5305.662,9269.07,1966.29,5393.047
9377.583,1975.98,5397.65,9277.453,1966.141,5424.961,9156.38,1955.12,5160.712,9220.245,1951.155,5326.705,9252.721,1976.812,5156.444,9353.125,1992.067,5211.248,9210.14,2014.702,5316.324,9206.338,1978.241,5236.348,9279.708,2030.728,5181.903,9238.267,1981.396,5324.775,9305.891,2020.255,5300.788,9368.467,2016.508,5428.623,9386.641,1968.176,5299.216,9125.768,2008.945,5305.867,9269.168,1966.29,5393.18
9377.765,1975.98,5397.548,9277.471,1966.141,5425.163,9156.472,1955.12,5160.525,9220.209,1951.155,5326.686,9252.6,1976.812,5156.275,9352.974,1992.067,5211.105,9210.07,2014.702,5316.348,9206.35,1978.241,5236.141,9279.78,2030.728,5181.708,9238.263,1981.396,5324.706,9305.817,2020.255,5300.595,9368.463,2016.508,5428.831,9386.507,1968.176,5299.056,9125.782,2008.945,5306.072,9269.271,1966.29,5393.31
9377.944,1975.98,5397.443,9277.495,1966.141,5425.364,9156.569,1955.12,5160.341,9220.173,1951.155,5326.666,9252.478,1976.812,5156.106,9352.825,1992.067,5210.959,9210.001,2014.702,5316.372,9206.359,1978.241,5235.933,9279.851,2030.728,5181.512,9238.258,1981.396,5324.635,9305.75,2020.255,5300.399,9368.458,2016.508,5429.039,9386.382,1968.176,5298.89,9125.79,2008.945,5306.277,9269.377,1966.29,5393.437
9378.122,1975.98,5397.335,9277.525,1966.141,5425.564,9156.674,1955.12,5160.161,9220.137,1951.155,5326.646,9252.355,1976.812,5155.938,9352.68,1992.067,5210.81,9209.932,2014.702,5316.396,9206.368,1978.241,5235.726,9279.919,2030.728,5181.315,9238.253,1981.396,5324.565,9305.688,2020.255,5300.202,9368.451,2016.508,5429.247,9386.251,1968.176,5298.728,9125.791,2008.945,5306.483,9269.476,1966.29,5393.571
9378.299,1975.98,5397.224,9277.556,1966.141,5425.765,9156.784,1955.12,5159.983,9220.101,1951.155,5326.625,9252.232,1976.812,5155.77,9352.537,1992.067,5210.658,9209.862,2014.702,5316.421,9206.375,1978.241,5235.518,9279.985,2030.728,5181.118,9238.247,1981.396,5324.495,9305.633,2020.255,5300.003,9368.443,2016.508,5429.455,9386.115,1968.176,5298.57,9125.785,2008.945,5306.688,9269.579,1966.29,5393.702
9378.474,1975.98,5397.111,9277.574,1966.141,5425.966,9156.899,1955.12,5159.81,9220.064,1951.155,5326.605,9252.108,1976.812,5155.602,9352.397,1992.067,5210.503,9209.794,2014.702,5316.447,9206.381,1978.241,5235.311,9280.05,2030.728,5180.92,9238.24,1981.396,5324.424,9305.583,2020.255,5299.803,9368.434,2016.508,5429.663,9385.985,1968.176,5298.407,9125.772,2008.945,5306.894,9269.687,1966.29,5393.829
9378.646,1975.98,5396.995,9277.6,1966.141,5426.167,9157.021,1955.12,5159.641,9220.028,1951.155,5326.585,9251.983,1976.812,5155.435,9352.262,1992.067,5210.346,9209.726,2014.702,5316.474,9206.386,1978.241,5235.103,9280.112,2030.728,5180.721,9238.233,1981.396,5324.353,9305.539,2020.255,5299.602,9368.423,2016.508,5429.871,9385.855,1968.176,5298.244,9125.754,2008.945,5307.098,9269.799,1966.29,5393.954
9378.817,1975.98,5396.876,9277.632,1966.141,5426.368,9157.147,1955.12,5159.475,9219.992,1951.155,5326.565,9251.858,1976.812,5155.269,9352.13,1992.067,5210.185,9209.657,2014.702,5316.501,9206.39,1978.241,5234.896,9280.174,2030.728,5180.522,9238.227,1981.396,5324.282,9305.5,2020.255,5299.399,9368.41,2016.508,5430.079,9385.72,1968.176,5298.086,9125.729,2008.945,5307.302,9269.915,1966.29,5394.075
9378.986,1975.98,5396.755,9277.671,1966.141,5426.567,9157.279,1955.12,5159.314,9219.956,1951.155,5326.545,9251.732,1976.812,5155.104,9352.001,1992.067,5210.021,9209.59,2014.702,5316.529,9206.393,1978.241,5234.688,9280.233,2030.728,5180.322,9238.219,1981.396,5324.211,9305.467,2020.255,5299.195,9368.396,2016.508,5430.287,9385.579,1968.176,5297.932,9125.696,2008.945,5307.504,9270.032,1966.29,5394.195
9379.153,1975.98,5396.631,9277.716,1966.141,5426.765,9157.417,1955.12,5159.157,9219.92,1951.155,5326.525,9251.605,1976.812,5154.938,9351.876,1992.067,5209.855,9209.522,2014.702,5316.558,9206.395,1978.241,5234.48,9280.291,2030.728,5180.122,9238.211,1981.396,5324.14,9305.439,2020.255,5298.99,9368.382,2016.508,5430.495,9385.434,1968.176,5297.783,9125.657,2008.945,5307.706,9270.145,1966.29,5394.322
9379.319,1975.98,5396.504,9277.765,1966.141,5426.962,9157.56,1955.12,5159.005,9219.884,1951.155,5326.505,9251.478,1976.812,5154.774,9351.755,1992.067,5209.686,9209.456,2014.702,5316.587,9206.396,1978.241,5234.273,9280.347,2030.728,5179.921,9238.203,1981.396,5324.068,9305.418,2020.255,5298.785,9368.365,2016.508,5430.702,9385.283,1968.176,5297.639,9125.611,2008.945,5307.906,9270.261,1966.29,5394.445
9379.483,1975.98,5396.375,9277.807,1966.141,5427.161,9157.707,1955.12,5158.857,9219.848,1951.155,5326.485,9251.35,1976.812,5154.61,9351.638,1992.067,5209.513,9209.39,2014.702,5316.617,9206.393,1978.241,5234.065,9280.4,2030.728,5179.72,9238.194,1981.396,5323.997,9305.402,2020.255,5298.579,9368.348,2016.508,5430.91,9385.128,1968.176,5297.5,9125.56,2008.945,5308.105,9270.37,1966.29,5394.575
9379.646,1975.98,5396.244,9277.851,1966.141,5427.359,9157.859,1955.12,5158.715,9219.812,1951.155,5326.465,9251.221,1976.812,5154.446,9351.525,1992.067,5209.338,9209.323,2014.702,5316.646,9206.382,1978.241,5233.858,9280.452,2030.728,5179.519,9238.186,1981.396,5323.925,9305.393,2020.255,5298.372,9368.329,2016.508,5431.117,9384.969,1968.176,5297.366,9125.501,2008.945,5308.302,9270.483,1966.29,5394.701
9379.806,1975.98,5396.111,9277.885,1966.141,5427.559,9158.016,1955.12,5158.577,9219.775,1951.155,5326.445,9251.091,1976.812,5154.284,9351.417,1992.067,5209.16,9209.257,2014.702,5316.674,9206.366,1978.241,5233.651,9280.502,2030.728,5179.316,9238.177,1981.396,5323.853,9305.39,2020.255,5298.166,9368.309,2016.508,5431.324,9384.813,1968.176,5297.227,9125.437,2008.945,5308.497,9270.602,1966.29,5394.824
9379.964,1975.98,5395.975,9277.911,1966.141,5427.761,9158.177,1955.12,5158.445,9219.739,1951.155,5326.425,9250.96,1976.812,5154.122,9351.313,1992.067,5208.979,9209.19,2014.702,5316.703,9206.344,1978.241,5233.444,9280.55,2030.728,5179.114,9238.168,1981.396,5323.781,9305.393,2020.255,5297.959,9368.287,2016.508,5431.531,9384.663,1968.176,5297.083,9125.365,2008.945,5308.689,9270.724,1966.29,5394.943
9380.12,1975.98,5395.837,9277.944,1966.141,5427.961,9158.352,1955.12,5158.332,9219.703,1951.155,5326.404,9250.829,1976.812,5153.96,9351.214,1992.067,5208.796,9209.124,2014.702,5316.731,9206.314,1978.241,5233.239,9280.597,2030.728,5178.911,9238.159,1981.396,5323.708,9305.4,2020.255,5297.752,9368.264,2016.508,5431.738,9384.518,1968.176,5296.934,9125.288,2008.945,5308.88,9270.85,1966.29,5395.059
9380.274,1975.98,5395.697,9277.983,1966.141,5428.161,9158.523,1955.12,5158.214,9219.667,1951.155,5326.384,9250.697,1976.812,5153.799,9351.119,1992.067,5208.611,9209.058,2014.702,5316.76,9206.279,1978.241,5233.034,9280.642,2030.728,5178.707,9238.15,1981.396,5323.636,9305.414,2020.255,5297.546,9368.239,2016.508,5431.945,9384.377,1968.176,5296.78,9125.204,2008.945,5309.067,9270.979,1966.29,5395.172
9380.427,1975.98,5395.555,9278.029,1966.141,5428.359,9158.691,1955.12,5158.09,9219.631,1951.155,5326.363,9250.564,1976.812,5153.638,9351.029,1992.067,5208.423,9208.991,2014.702,5316.788,9206.237,1978.241,5232.831,9280.685,2030.728,5178.503,9238.142,1981.396,5323.563,9305.434,2020.255,5297.341,9368.214,2016.508,5432.152,9384.241,1968.176,5296.622,9125.114,2008.945,5309.252,9271.114,1966.29,5395.278
9380.577,1975.98,5395.411,9278.099,1966.141,5428.55,9158.854,1955.12,5157.96,9219.595,1951.155,5326.343,9250.431,1976.812,5153.479,9350.944,1992.067,5208.232,9208.925,2014.702,5316.815,9206.189,1978.241,5232.628,9280.726,2030.728,5178.299,9238.133,1981.396,5323.49,9305.459,2020.255,5297.136,9368.188,2016.508,5432.358,9384.111,1968.176,5296.459,9125.019,2008.945,5309.434,9271.247,1966.29,5395.388
9380.726,1975.98,5395.265,9278.162,1966.141,5428.744,9159.014,1955.12,5157.826,9219.559,1951.155,5326.322,9250.297,1976.812,5153.319,9350.864,1992.067,5208.04,9208.858,2014.702,5316.843,9206.135,1978.241,5232.428,9280.765,2030.728,5178.095,9238.124,1981.396,5323.417,9305.49,2020.255,5296.932,9368.159,2016.508,5432.565,9383.986,1968.176,5296.293,9124.917,2008.945,5309.612,9271.376,1966.29,5395.503
9380.872,1975.98,5395.117,9278.22,1966.141,5428.939,9159.168,1955.12,5157.687,9219.522,1951.155,5326.302,9250.162,1976.812,5153.161,9350.789,1992.067,5207.846,9208.792,2014.702,5316.871,9206.074,1978.241,5232.229,9280.802,2030.728,5177.89,9238.115,1981.396,5323.344,9305.527,2020.255,5296.729,9368.13,2016.508,5432.771,9383.867,1968.176,5296.122,9124.81,2008.945,5309.788,9271.508,1966.29,5395.615
9381.017,1975.98,5394.967,9278.271,1966.141,5429.136,9159.327,1955.12,5157.552,9219.486,1951.155,5326.281,9250.026,1976.812,5153.002,9350.72,1992.067,5207.649,9208.726,2014.702,5316.898,9206.008,1978.241,5232.032,9280.837,2030.728,5177.685,9238.106,1981.396,5323.27,9305.57,2020.255,5296.526,9368.1,2016.508,5432.977,9383.752,1968.176,5295.949,9124.696,2008.945,5309.959,9271.646,1966.29,5395.721
9381.159,1975.98,5394.815,9278.345,1966.141,5429.326,9159.49,1955.12,5157.423,9219.45,1951.155,5326.261,9249.891,1976.812,5152.845,9350.655,1992.067,5207.451,9208.659,2014.702,5316.925,9205.937,1978.241,5231.836,9280.871,2030.728,5177.479,9238.098,1981.396,5323.196,9305.618,2020.255,5296.325,9368.068,2016.508,5433.183,9383.637,1968.176,5295.775,9124.578,2008.945,5310.127,9271.78,1966.29,5395.831
9381.3,1975.98,5394.661,9278.413,1966.141,5429.518,9159.658,1955.12,5157.299,9219.414,1951.155,5326.24,9249.754,1976.812,5152.688,9350.597,1992.067,5207.251,9208.593,2014.702,5316.952,9205.859,1978.241,5231.643,9280.903,2030.728,5177.273,9238.089,1981.396,5323.122,9305.672,2020.255,5296.125,9368.035,2016.508,5433.388,9383.516,1968.176,5295.605,9124.454,2008.945,5310.291,9271.917,1966.29,5395.939
9381.438,1975.98,5394.506,9278.475,1966.141,5429.712,9159.83,1955.12,5157.181,9219.378,1951.155,5326.22,9249.616,1976.812,5152.532,9350.543,1992.067,5207.05,9208.526,2014.702,5316.979,9205.777,1978.241,5231.452,9280.934,2030.728,5177.067,9238.08,1981.396,5323.048,9305.731,2020.255,5295.927,9368.001,2016.508,5433.594,9383.39,1968.176,5295.439,9124.325,2008.945,5310.45,9272.067,1966.29,5396.028
9381.575,1975.98,5394.349,9278.532,1966.141,5429.908,9160.005,1955.12,5157.068,9219.342,1951.155,5326.199,9249.478,1976.812,5152.376,9350.495,1992.067,5206.848,9208.46,2014.702,5317.006,9205.69,1978.241,5231.263,9280.962,2030.728,5176.861,9238.071,1981.396,5322.973,9305.796,2020.255,5295.731,9367.966,2016.508,5433.799,9383.259,1968.176,5295.277,9124.191,2008.945,5310.605,9272.216,1966.29,5396.121
9381.71,1975.98,5394.19,9278.584,1966.141,5430.105,9160.184,1955.12,5156.961,9219.306,1951.155,5326.179,9249.339,1976.812,5152.221,9350.453,1992.067,5206.644,9208.394,2014.702,5317.032,9205.599,1978.241,5231.077,9280.988,2030.728,5176.655,9238.063,1981.396,5322.898,9305.865,2020.255,5295.536,9367.93,2016.508,5434.004,9383.133,1968.176,5295.111,9124.052,2008.945,5310.756,9272.361,1966.29,5396.22
9381.843,1975.98,5394.03,9278.629,1966.141,5430.304,9160.359,1955.12,5156.849,9219.27,1951.155,5326.158,9249.199,1976.812,5152.066,9350.417,1992.067,5206.438,9208.327,2014.702,5317.059,9205.509,1978.241,5230.889,9281.013,2030.728,5176.448,9238.054,1981.396,5322.824,9305.94,2020.255,5295.343,9367.893,2016.508,5434.209,9383.002,1968.176,5294.95,9123.907,2008.945,5310.903,9272.504,1966.29,5396.323
9381.974,1975.98,5393.868,9278.69,1966.141,5430.499,9160.531,1955.12,5156.731,9219.233,1951.155,5326.138,9249.059,1976.812,5151.913,9350.386,1992.067,5206.232,9208.261,2014.702,5317.085,9205.421,1978.241,5230.701,9281.036,2030.728,5176.241,9238.046,1981.396,5322.749,9306.021,2020.255,5295.152,9367.854,2016.508,5434.414,9382.876,1968.176,5294.784,9123.759,2008.945,5311.044,9272.644,1966.29,5396.432
9382.104,1975.98,5393.705,9278.746,1966.141,5430.695,9160.699,1955.12,5156.608,9219.197,1951.155,5326.117,9248.918,1976.812,5151.759,9350.36,1992.067,5206.025,9208.194,2014.702,5317.111,9205.336,1978.241,5230.511,9281.058,2030.728,5176.034,9238.038,1981.396,5322.673,9306.105,2020.255,5294.964,9367.815,2016.508,5434.618,9382.756,1968.176,5294.614,9123.605,2008.945,5311.181,9272.779,1966.29,5396.544
9382.231,1975.98,5393.541,9278.795,1966.141,5430.893,9160.863,1955.12,5156.479,9219.161,1951.155,5326.096,9248.776,1976.812,5151.606,9350.341,1992.067,5205.818,9208.128,2014.702,5317.137,9205.253,1978.241,5230.32,9281.077,2030.728,5175.827,9238.03,1981.396,5322.598,9306.195,2020.255,5294.777,9367.775,2016.508,5434.822,9382.642,1968.176,5294.44,9123.447,2008.945,5311.313,9272.918,1966.29,5396.655
9382.357,1975.98,5393.375,9278.863,1966.141,5431.086,9161.023,1955.12,5156.346,9219.124,1951.155,5326.075,9248.639,1976.812,5151.451,9350.327,1992.067,5205.61,9208.062,2014.702,5317.163,9205.165,1978.241,5230.132,9281.095,2030.728,5175.619,9238.022,1981.396,5322.522,9306.29,2020.255,5294.593,9367.734,2016.508,5435.026,9382.532,1968.176,5294.262,9123.285,2008.945,5311.439,9273.054,1966.29,5396.769
9382.481,1975.98,5393.208,9278.925,1966.141,5431.281,9161.179,1955.12,5156.207,9219.087,1951.155,5326.054,9248.504,1976.812,5151.292,9350.319,1992.067,5205.402,9207.995,2014.702,5317.188,9205.071,1978.241,5229.946,9281.11,2030.728,5175.412,9238.015,1981.396,5322.446,9306.39,2020.255,5294.412,9367.692,2016.508,5435.23,9382.429,1968.176,5294.081,9123.119,2008.945,5311.561,9273.193,1966.29,5396.879
9382.604,1975.98,5393.039,9278.98,1966.141,5431.478,9161.33,1955.12,5156.063,9219.05,1951.155,5326.034,9248.373,1976.812,5151.129,9350.318,1992.067,5205.193,9207.929,2014.702,5317.213,9204.972,1978.241,5229.764,9281.125,2030.728,5175.204,9238.007,1981.396,5322.37,9306.493,2020.255,5294.232,9367.649,2016.508,5435.434,9382.332,1968.176,5293.896,9122.949,2008.945,5311.676,9273.336,1966.29,5396.986
9382.725,1975.98,5392.87,9279.037,1966.141,5431.674,9161.477,1955.12,5155.916,9219.013,1951.155,5326.014,9248.247,1976.812,5150.963,9350.323,1992.067,5204.985,9207.862,2014.702,5317.239,9204.866,1978.241,5229.584,9281.138,2030.728,5174.996,9237.999,1981.396,5322.293,9306.602,2020.255,5294.056,9367.605,2016.508,5435.637,9382.231,1968.176,5293.714,9122.775,2008.945,5311.786,9273.481,1966.29,5397.09
9382.844,1975.98,5392.699,9279.101,1966.141,5431.868,9161.618,1955.12,5155.763,9218.976,1951.155,5325.994,9248.127,1976.812,5150.793,9350.334,1992.067,5204.777,9207.796,2014.702,5317.264,9204.756,1978.241,5229.409,9281.148,2030.728,5174.788,9237.991,1981.396,5322.216,9306.714,2020.255,5293.882,9367.561,2016.508,5435.84,9382.158,1968.176,5293.519,9122.599,2008.945,5311.891,9273.63,1966.29,5397.19
9382.961,1975.98,5392.527,9279.158,1966.141,5432.064,9161.755,1955.12,5155.606,9218.938,1951.155,5325.974,9248.012,1976.812,5150.62,9350.351,1992.067,5204.569,9207.729,2014.702,5317.289,9204.64,1978.241,5229.236,9281.157,2030.728,5174.58,9237.983,1981.396,5322.139,9306.83,2020.255,5293.711,9367.515,2016.508,5436.043,9382.078,1968.176,5293.327,9122.418,2008.945,5311.989,9273.781,1966.29,5397.286
9383.077,1975.98,5392.354,9279.209,1966.141,5432.263,9161.887,1955.12,5155.445,9218.9,1951.155,5325.955,9247.901,1976.812,5150.443,9350.373,1992.067,5204.362,9207.663,2014.702,5317.313,9204.518,1978.241,5229.068,9281.165,2030.728,5174.372,9237.976,1981.396,5322.062,9306.951,2020.255,5293.543,9367.468,2016.508,5436.246,9382.011,1968.176,5293.129,9122.234,2008.945,5312.082,9273.936,1966.29,5397.378
9383.191,1975.98,5392.18,9279.253,1966.141,5432.462,9162.014,1955.12,5155.28,9218.862,1951.155,5325.936,9247.797,1976.812,5150.263,9350.401,1992.067,5204.156,9207.597,2014.702,5317.338,9204.391,1978.241,5228.903,9281.171,2030.728,5174.164,9237.969,1981.396,5321.984,9307.076,2020.255,5293.378,9367.42,2016.508,5436.449,9381.938,1968.176,5292.935,9122.048,2008.945,5312.169,9274.093,1966.29,5397.467
9383.305,1975.98,5392.005,9279.297,1966.141,5432.663,9162.136,1955.12,5155.111,9218.824,1951.155,5325.917,9247.698,1976.812,5150.08,9350.436,1992.067,5203.95,9207.53,2014.702,5317.362,9204.259,1978.241,5228.743,9281.175,2030.728,5173.956,9237.962,1981.396,5321.907,9307.204,2020.255,5293.215,9367.371,2016.508,5436.651,9381.857,1968.176,5292.742,9121.858,2008.945,5312.25,9274.252,1966.29,5397.551
9383.416,1975.98,5391.83,9279.334,1966.141,5432.864,9162.252,1955.12,5154.938,9218.786,1951.155,5325.898,9247.605,1976.812,5149.893,9350.476,1992.067,5203.746,9207.464,2014.702,5317.387,9204.122,1978.241,5228.586,9281.177,2030.728,5173.748,9237.955,1981.396,5321.829,9307.336,2020.255,5293.056,9367.321,2016.508,5436.854,9381.775,1968.176,5292.551,9121.667,2008.945,5312.324,9274.414,1966.29,5397.632
9383.526,1975.98,5391.653,9279.392,1966.141,5433.061,9162.363,1955.12,5154.762,9218.748,1951.155,5325.879,9247.518,1976.812,5149.704,9350.521,1992.067,5203.542,9207.397,2014.702,5317.411,9203.98,1978.241,5228.435,9281.178,2030.728,5173.54,9237.948,1981.396,5321.75,9307.472,2020.255,5292.899,9367.271,2016.508,5437.056,9381.694,1968.176,5292.359,9121.473,2008.945,5312.392,9274.578,1966.29,5397.708
9383.635,1975.98,5391.475,9279.443,1966.141,5433.259,9162.469,1955.12,5154.583,9218.71,1951.155,5325.861,9247.436,1976.812,5149.513,9350.573,1992.067,5203.341,9207.331,2014.702,5317.435,9203.834,1978.241,5228.287,9281.177,2030.728,5173.332,9237.941,1981.396,5321.672,9307.61,2020.255,5292.745,9367.22,2016.508,5437.257,9381.62,1968.176,5292.164,9121.276,2008.945,5312.454,9274.744,1966.29,5397.781
9383.742,1975.98,5391.296,9279.488,1966.141,5433.459,9162.568,1955.12,5154.399,9218.671,1951.155,5325.843,9247.358,1976.812,5149.319,9350.631,1992.067,5203.141,9207.265,2014.702,5317.458,9203.684,1978.241,5228.143,9281.174,2030.728,5173.124,9237.935,1981.396,5321.593,9307.752,2020.255,5292.594,9367.168,2016.508,5437.459,9381.544,1968.176,5291.97,9121.078,2008.945,5312.51,9274.912,1966.29,5397.849
9383.848,1975.98,5391.117,9279.526,1966.141,5433.66,9162.662,1955.12,5154.213,9218.632,1951.155,5325.826,9247.286,1976.812,5149.124,9350.694,1992.067,5202.942,9207.198,2014.702,5317.482,9203.53,1978.241,5228.003,9281.169,2030.728,5172.916,9237.928,1981.396,5321.514,9307.897,2020.255,5292.446,9367.115,2016.508,5437.661,9381.479,1968.176,5291.772,9120.878,2008.945,5312.559,9275.082,1966.29,5397.913
9383.952,1975.98,5390.937,9279.559,1966.141,5433.863,9162.75,1955.12,5154.024,9218.593,1951.155,5325.808,9247.219,1976.812,5148.927,9350.764,1992.067,5202.746,9207.132,2014.702,5317.505,9203.373,1978.241,5227.866,9281.163,2030.728,5172.708,9237.921,1981.396,5321.435,9308.046,2020.255,5292.301,9367.062,2016.508,5437.862,9381.417,1968.176,5291.573,9120.677,2008.945,5312.602,9275.254,1966.29,5397.973
9384.056,1975.98,5390.756,9279.586,1966.141,5434.066,9162.832,1955.12,5153.833,9218.554,1951.155,5325.791,9247.155,1976.812,5148.729,9350.839,1992.067,5202.552,9207.065,2014.702,5317.529,9203.213,1978.241,5227.734,9281.155,2030.728,5172.5,9237.914,1981.396,5321.355,9308.192,2020.255,5292.155,9367.008,2016.508,5438.063,9381.359,1968.176,5291.373,9120.475,2008.945,5312.639,9275.428,1966.29,5398.029
9384.157,1975.98,5390.575,9279.629,1966.141,5434.267,9162.908,1955.12,5153.639,9218.515,1951.155,5325.774,9247.097,1976.812,5148.529,9350.92,1992.067,5202.36,9206.999,2014.702,5317.552,9203.049,1978.241,5227.605,9281.146,2030.728,5172.292,9237.907,1981.396,5321.276,9308.338,2020.255,5292.008,9366.953,2016.508,5438.264,9381.308,1968.176,5291.171,9120.271,2008.945,5312.669,9275.604,1966.29,5398.08
9384.258,1975.98,5390.393,9279.665,1966.141,5434.469,9162.979,1955.12,5153.443,9218.476,1951.155,5325.757,9247.043,1976.812,5148.328,9351.006,1992.067,5202.17,9206.933,2014.702,5317.575,9202.882,1978.241,5227.482,9281.135,2030.728,5172.084,9237.9,1981.396,5321.196,9308.482,2020.255,5291.86,9366.897,2016.508,5438.464,9381.261,1968.176,5290.968,9120.066,2008.945,5312.693,9275.78,1966.29,5398.127
9384.357,1975.98,5390.21,9279.714,1966.141,5434.668,9163.042,1955.12,5153.245,9218.437,1951.155,5325.741,9246.994,1976.812,5148.125,9351.098,1992.067,5201.983,9206.866,2014.702,5317.598,9202.711,1978.241,5227.363,9281.122,2030.728,5171.876,9237.894,1981.396,5321.116,9308.626,2020.255,5291.711,9366.842,2016.508,5438.665,9381.22,1968.176,5290.764,9119.861,2008.945,5312.71,9275.959,1966.29,5398.17
9384.456,1975.98,5390.026,9279.756,1966.141,5434.869,9163.1,1955.12,5153.044,9218.396,1951.155,5325.725,9246.95,1976.812,5147.921,9351.195,1992.067,5201.799,9206.8,2014.702,5317.621,9202.537,1978.241,5227.249,9281.107,2030.728,5171.668,9237.887,1981.396,5321.035,9308.769,2020.255,5291.562,9366.785,2016.508,5438.865,9381.184,1968.176,5290.559,9119.655,2008.945,5312.722,9276.139,1966.29,5398.209
9384.554,1975.98,5389.842,9279.792,1966.141,5435.071,9163.151,1955.12,5152.843,9218.356,1951.155,5325.708,9246.911,1976.812,5147.717,9351.298,1992.067,5201.618,9206.732,2014.702,5317.644,9202.36,1978.241,5227.139,9281.091,2030.728,5171.461,9237.88,1981.396,5320.955,9308.91,2020.255,5291.411,9366.728,2016.508,5439.065,9381.153,1968.176,5290.353,9119.45,2008.945,5312.742,9276.319,1966.29,5398.243
9384.65,1975.98,5389.658,9279.821,1966.141,5435.274,9163.196,1955.12,5152.64,9218.316,1951.155,5325.693,9246.876,1976.812,5147.511,9351.405,1992.067,5201.44,9206.665,2014.702,5317.667,9202.181,1978.241,5227.035,9281.073,2030.728,5171.253,9237.874,1981.396,5320.874,9309.051,2020.255,5291.259,9366.67,2016.508,5439.266,9381.128,1968.176,5290.146,9119.244,2008.945,5312.755,9276.501,1966.29,5398.273
9384.746,1975.98,5389.473,9279.859,1966.141,5435.476,9163.235,1955.12,5152.435,9218.276,1951.155,5325.677,9246.846,1976.812,5147.305,9351.519,1992.067,5201.265,9206.598,2014.702,5317.689,9201.998,1978.241,5226.936,9281.054,2030.728,5171.046,9237.868,1981.396,5320.792,9309.19,2020.255,5291.106,9366.611,2016.508,5439.465,9381.108,1968.176,5289.939,9119.038,2008.945,5312.763,9276.684,1966.29,5398.299
9384.841,1975.98,5389.287,9279.891,1966.141,5435.679,9163.268,1955.12,5152.229,9218.236,1951.155,5325.662,9246.82,1976.812,5147.099,9351.637,1992.067,5201.093,9206.53,2014.702,5317.711,9201.813,1978.241,5226.843,9281.032,2030.728,5170.839,9237.862,1981.396,5320.71,9309.329,2020.255,5290.952,9366.553,2016.508,5439.665,9381.095,1968.176,5289.731,9118.832,2008.945,5312.766,9276.867,1966.29,5398.321
9384.935,1975.98,5389.101,9279.932,1966.141,5435.881,9163.294,1955.12,5152.023,9218.196,1951.155,5325.647,9246.8,1976.812,5146.892,9351.76,1992.067,5200.925,9206.463,2014.702,5317.734,9201.624,1978.241,5226.755,9281.01,2030.728,5170.632,9237.856,1981.396,5320.628,9309.467,2020.255,5290.797,9366.493,2016.508,5439.865,9381.086,1968.176,5289.523,9118.626,2008.945,5312.764,9277.052,1966.29,5398.338
9385.027,1975.98,5388.915,9279.976,1966.141,5436.082,9163.313,1955.12,5151.815,9218.156,1951.155,5325.632,9246.784,1976.812,5146.684,9351.888,1992.067,5200.761,9206.396,2014.702,5317.756,9201.433,1978.241,5226.673,9280.985,2030.728,5170.425,9237.851,1981.396,5320.546,9309.604,2020.255,5290.642,9366.434,2016.508,5440.064,9381.083,1968.176,5289.314,9118.42,2008.945,5312.771,9277.237,1966.29,5398.352
9385.119,1975.98,5388.728,9280.013,1966.141,5436.284,9163.327,1955.12,5151.607,9218.116,1951.155,5325.618,9246.772,1976.812,5146.476,9352.021,1992.067,5200.6,9206.328,2014.702,5317.778,9201.239,1978.241,5226.596,9280.959,2030.728,5170.219,9237.845,1981.396,5320.464,9309.739,2020.255,5290.485,9366.373,2016.508,5440.263,9381.085,1968.176,5289.106,9118.214,2008.945,5312.782,9277.423,1966.29,5398.362
9385.21,1975.98,5388.54,9280.044,1966.141,5436.487,9163.334,1955.12,5151.399,9218.075,1951.155,5325.604,9246.766,1976.812,5146.268,9352.157,1992.067,5200.443,9206.261,2014.702,5317.8,9201.044,1978.241,5226.525,9280.931,2030.728,5170.012,9237.839,1981.396,5320.381,9309.874,2020.255,5290.328,9366.313,2016.508,5440.462,9381.093,1968.176,5288.898,9118.008,2008.945,5312.788,9277.608,1966.29,5398.368
9385.3,1975.98,5388.352,9280.068,1966.141,5436.691,9163.334,1955.12,5151.191,9218.034,1951.155,5325.589,9246.763,1976.812,5146.06,9352.299,1992.067,5200.291,9206.193,2014.702,5317.822,9200.847,1978.241,5226.461,9280.901,2030.728,5169.806,9237.833,1981.396,5320.298,9310.008,2020.255,5290.169,9366.251,2016.508,5440.661,9381.106,1968.176,5288.69,9117.802,2008.945,5312.789,9277.795,1966.29,5398.37
9385.389,1975.98,5388.164,9280.086,1966.141,5436.896,9163.328,1955.12,5150.983,9217.993,1951.155,5325.576,9246.765,1976.812,5145.851,9352.444,1992.067,5200.142,9206.126,2014.702,5317.844,9200.647,1978.241,5226.402,9280.87,2030.728,5169.6,9237.827,1981.396,5320.215,9310.141,2020.255,5290.01,9366.189,2016.508,5440.86,9381.125,1968.176,5288.482,9117.596,2008.945,5312.784,9277.981,1966.29,5398.368
9385.477,1975.98,5387.975,9280.097,1966.141,5437.102,9163.315,1955.12,5150.775,9217.952,1951.155,5325.562,9246.771,1976.812,5145.643,9352.595,1992.067,5199.998,9206.059,2014.702,5317.865,9200.446,1978.241,5226.35,9280.837,2030.728,5169.395,9237.821,1981.396,5320.132,9310.272,2020.255,5289.851,9366.127,2016.508,5441.059,9381.149,1968.176,5288.275,9117.39,2008.945,5312.781,9278.168,1966.29,5398.362
9385.564,1975.98,5387.786,9280.106,1966.141,5437.307,9163.297,1955.12,5150.567,9217.911,1951.155,5325.549,9246.782,1976.812,5145.435,9352.749,1992.067,5199.857,9205.991,2014.702,5317.887,9200.243,1978.241,5226.304,9280.802,2030.728,5169.189,9237.815,1981.396,5320.048,9310.403,2020.255,5289.69,9366.064,2016.508,5441.257,9381.18,1968.176,5288.069,9117.184,2008.945,5312.775,9278.354,1966.29,5398.354
9385.651,1975.98,5387.597,9280.142,1966.141,5437.509,9163.271,1955.12,5150.36,9217.87,1951.155,5325.536,9246.797,1976.812,5145.228,9352.907,1992.067,5199.722,9205.924,2014.702,5317.908,9200.039,1978.241,5226.264,9280.766,2030.728,5168.984,9237.81,1981.396,5319.964,9310.533,2020.255,5289.528,9366.001,2016.508,5441.456,9381.215,1968.176,5287.864,9116.978,2008.945,5312.766,9278.541,1966.29,5398.341
9385.737,1975.98,5387.407,9280.17,1966.141,5437.713,9163.24,1955.12,5150.154,9217.829,1951.155,5325.523,9246.816,1976.812,5145.02,9353.069,1992.067,5199.591,9205.856,2014.702,5317.93,9199.834,1978.241,5226.23,9280.728,2030.728,5168.78,9237.804,1981.396,5319.88,9310.662,2020.255,5289.366,9365.938,2016.508,5441.654,9381.256,1968.176,5287.66,9116.771,2008.945,5312.755,9278.728,1966.29,5398.326
9385.822,1975.98,5387.217,9280.191,1966.141,5437.917,9163.203,1955.12,5149.949,9217.788,1951.155,5325.511,9246.84,1976.812,5144.813,9353.235,1992.067,5199.465,9205.789,2014.702,5317.951,9199.628,1978.241,5226.203,9280.688,2030.728,5168.575,9237.798,1981.396,5319.795,9310.79,2020.255,5289.203,9365.874,2016.508,5441.852,9381.302,1968.176,5287.457,9116.565,2008.945,5312.744,9278.914,1966.29,5398.308
9385.907,1975.98,5387.027,9280.206,1966.141,5438.123,9163.159,1955.12,5149.746,9217.747,1951.155,5325.499,9246.867,1976.812,5144.606,9353.404,1992.067,5199.344,9205.722,2014.702,5317.972,9199.421,1978.241,5226.182,9280.646,2030.728,5168.371,9237.792,1981.396,5319.71,9310.917,2020.255,5289.04,9365.81,2016.508,5442.05,9381.353,1968.176,5287.255,9116.359,2008.945,5312.732,9279.101,1966.29,5398.287
9385.991,1975.98,5386.836,9280.227,1966.141,5438.328,9163.109,1955.12,5149.543,9217.705,1951.155,5325.487,9246.899,1976.812,5144.4,9353.577,1992.067,5199.227,9205.654,2014.702,5317.993,9199.213,1978.241,5226.168,9280.604,2030.728,5168.167,9237.788,1981.396,5319.625,9311.043,2020.255,5288.875,9365.745,2016.508,5442.248,9381.409,1968.176,5287.054,9116.154,2008.945,5312.721,9279.287,1966.29,5398.26
9386.075,1975.98,5386.646,9280.24,1966.141,5438.534,9163.054,1955.12,5149.343,9217.663,1951.155,5325.475,9246.936,1976.812,5144.195,9353.753,1992.067,5199.115,9205.587,2014.702,5318.014,9199.005,1978.241,5226.16,9280.559,2030.728,5167.964,9237.786,1981.396,5319.54,9311.168,2020.255,5288.71,9365.681,2016.508,5442.446,9381.471,1968.176,5286.855,9115.948,2008.945,5312.709,9279.473,1966.29,5398.227
9386.158,1975.98,5386.455,9280.247,1966.141,5438.74,9162.992,1955.12,5149.144,9217.621,1951.155,5325.464,9246.976,1976.812,5143.991,9353.932,1992.067,5199.009,9205.52,2014.702,5318.035,9198.797,1978.241,5226.159,9280.512,2030.728,5167.761,9237.786,1981.396,5319.454,9311.293,2020.255,5288.544,9365.615,2016.508,5442.644,9381.537,1968.176,5286.658,9115.742,2008.945,5312.698,9279.657,1966.29,5398.187
9386.24,1975.98,5386.263,9280.247,1966.141,5438.946,9162.925,1955.12,5148.946,9217.579,1951.155,5325.453,9247.02,1976.812,5143.787,9354.113,1992.067,5198.907,9205.452,2014.702,5318.056,9198.589,1978.241,5226.164,9280.464,2030.728,5167.559,9237.788,1981.396,5319.368,9311.417,2020.255,5288.377,9365.55,2016.508,5442.841,9381.608,1968.176,5286.462,9115.536,2008.945,5312.688,9279.841,1966.29,5398.142
9386.322,1975.98,5386.072,9280.239,1966.141,5439.152,9162.852,1955.12,5148.751,9217.537,1951.155,5325.442,9247.066,1976.812,5143.584,9354.298,1992.067,5198.811,9205.385,2014.702,5318.076,9198.381,1978.241,5226.176,9280.414,2030.728,5167.356,9237.793,1981.396,5319.281,9311.54,2020.255,5288.21,9365.484,2016.508,5443.039,9381.686,1968.176,5286.268,9115.33,2008.945,5312.682,9280.022,1966.29,5398.09
9386.403,1975.98,5385.88,9280.238,1966.141,5439.358,9162.772,1955.12,5148.559,9217.495,1951.155,5325.431,9247.117,1976.812,5143.382,9354.485,1992.067,5198.719,9205.317,2014.702,5318.095,9198.174,1978.241,5226.194,9280.362,2030.728,5167.155,9237.8,1981.396,5319.195,9311.662,2020.255,5288.042,9365.418,2016.508,5443.236,9381.768,1968.176,5286.077,9115.124,2008.945,5312.679,9280.203,1966.29,5398.033
9386.484,1975.98,5385.688,9280.243,1966.141,5439.564,9162.688,1955.12,5148.368,9217.453,1951.155,5325.421,9247.172,1976.812,5143.181,9354.675,1992.067,5198.633,9205.25,2014.702,5318.114,9197.967,1978.241,5226.219,9280.309,2030.728,5166.954,9237.809,1981.396,5319.108,9311.783,2020.255,5287.874,9365.352,2016.508,5443.434,9381.854,1968.176,5285.887,9114.917,2008.945,5312.679,9280.382,1966.29,5397.969
9386.564,1975.98,5385.497,9280.241,1966.141,5439.77,9162.599,1955.12,5148.18,9217.411,1951.155,5325.411,9247.23,1976.812,5142.981,9354.867,1992.067,5198.552,9205.183,2014.702,5318.133,9197.761,1978.241,5226.25,9280.254,2030.728,5166.753,9237.82,1981.396,5319.021,9311.903,2020.255,5287.704,9365.285,2016.508,5443.631,9381.944,1968.176,5285.7,9114.71,2008.945,5312.682,9280.559,1966.29,5397.9
9386.645,1975.98,5385.304,9280.242,1966.141,5439.976,9162.504,1955.12,5147.995,9217.369,1951.155,5325.401,9247.292,1976.812,5142.782,9355.062,1992.067,5198.477,9205.115,2014.702,5318.151,9197.556,1978.241,5226.288,9280.197,2030.728,5166.553,9237.834,1981.396,5318.935,9312.022,2020.255,5287.534,9365.219,2016.508,5443.828,9382.04,1968.176,5285.515,9114.503,2008.945,5312.688,9280.732,1966.29,5397.825
9386.725,1975.98,5385.112,9280.245,1966.141,5440.182,9162.403,1955.12,5147.812,9217.327,1951.155,5325.392,9247.357,1976.812,5142.584,9355.253,1992.067,5198.395,9205.048,2014.702,5318.168,9197.353,1978.241,5226.332,9280.144,2030.728,5166.352,9237.85,1981.396,5318.848,9312.141,2020.255,5287.364,9365.151,2016.508,5444.025,9382.141,1968.176,5285.332,9114.297,2008.945,5312.698,9280.904,1966.29,5397.744
9386.804,1975.98,5384.919,9280.241,1966.141,5440.388,9162.298,1955.12,5147.632,9217.285,1951.155,5325.382,9247.426,1976.812,5142.388,9355.441,1992.067,5198.307,9204.979,2014.702,5318.186,9197.15,1978.241,5226.382,9280.093,2030.728,5166.15,9237.868,1981.396,5318.762,9312.258,2020.255,5287.193,9365.084,2016.508,5444.223,9382.245,1968.176,5285.152,9114.091,2008.945,5312.711,9281.073,1966.29,5397.658
9386.883,1975.98,5384.727,9280.234,1966.141,5440.594,9162.188,1955.12,5147.456,9217.242,1951.155,5325.374,9247.497,1976.812,5142.192,9355.627,1992.067,5198.212,9204.911,2014.702,5318.202,9196.95,1978.241,5226.439,9280.045,2030.728,5165.947,9237.889,1981.396,5318.675,9312.374,2020.255,5287.021,9365.017,2016.508,5444.419,9382.354,1968.176,5284.975,9113.885,2008.945,5312.729,9281.239,1966.29,5397.566
9386.961,1975.98,5384.534,9280.231,1966.141,5440.8,9162.072,1955.12,5147.282,9217.199,1951.155,5325.365,9247.571,1976.812,5141.998,9355.81,1992.067,5198.112,9204.843,2014.702,5318.218,9196.752,1978.241,5226.502,9280,2030.728,5165.744,9237.912,1981.396,5318.589,9312.489,2020.255,5286.849,9364.949,2016.508,5444.616,9382.468,1968.176,5284.8,9113.68,2008.945,5312.752,9281.402,1966.29,5397.469
9387.039,1975.98,5384.341,9280.222,1966.141,5441.006,9161.953,1955.12,5147.111,9217.156,1951.155,5325.356,9247.649,1976.812,5141.804,9355.989,1992.067,5198.006,9204.774,2014.702,5318.234,9196.556,1978.241,5226.572,9279.958,2030.728,5165.54,9237.938,1981.396,5318.503,9312.604,2020.255,5286.676,9364.881,2016.508,5444.813,9382.586,1968.176,5284.628,9113.475,2008.945,5312.779,9281.563,1966.29,5397.366
9387.117,1975.98,5384.147,9280.219,1966.141,5441.213,9161.829,1955.12,5146.943,9217.113,1951.155,5325.348,9247.73,1976.812,5141.612,9356.165,1992.067,5197.894,9204.706,2014.702,5318.25,9196.362,1978.241,5226.647,9279.919,2030.728,5165.335,9237.965,1981.396,5318.418,9312.719,2020.255,5286.502,9364.813,2016.508,5445.01,9382.708,1968.176,5284.459,9113.271,2008.945,5312.812,9281.72,1966.29,5397.258
9387.194,1975.98,5383.954,9280.209,1966.141,5441.419,9161.701,1955.12,5146.779,9217.07,1951.155,5325.34,9247.814,1976.812,5141.421,9356.337,1992.067,5197.776,9204.638,2014.702,5318.265,9196.171,1978.241,5226.729,9279.883,2030.728,5165.13,9237.995,1981.396,5318.333,9312.828,2020.255,5286.326,9364.744,2016.508,5445.207,9382.834,1968.176,5284.293,9113.067,2008.945,5312.849,9281.873,1966.29,5397.145
9387.271,1975.98,5383.761,9280.206,1966.141,5441.625,9161.568,1955.12,5146.619,9217.027,1951.155,5325.333,9247.9,1976.812,5141.232,9356.505,1992.067,5197.653,9204.569,2014.702,5318.28,9195.978,1978.241,5226.805,9279.85,2030.728,5164.925,9238.028,1981.396,5318.249,9312.934,2020.255,5286.147,9364.676,2016.508,5445.403,9382.964,1968.176,5284.13,9112.865,2008.945,5312.892,9282.022,1966.29,5397.027
9387.349,1975.98,5383.567,9280.196,1966.141,5441.832,9161.431,1955.12,5146.462,9216.984,1951.155,5325.325,9247.989,1976.812,5141.044,9356.669,1992.067,5197.524,9204.501,2014.702,5318.294,9195.782,1978.241,5226.875,9279.819,2030.728,5164.719,9238.064,1981.396,5318.166,9313.034,2020.255,5285.966,9364.607,2016.508,5445.6,9383.098,1968.176,5283.97,9112.664,2008.945,5312.939,9282.168,1966.29,5396.904
9387.425,1975.98,5383.374,9280.163,1966.141,5442.035,9161.288,1955.12,5146.311,9216.941,1951.155,5325.318,9248.081,1976.812,5140.857,9356.828,1992.067,5197.391,9204.433,2014.702,5318.308,9195.585,1978.241,5226.94,9279.792,2030.728,5164.512,9238.104,1981.396,5318.083,9313.131,2020.255,5285.782,9364.539,2016.508,5445.796,9383.235,1968.176,5283.813,9112.464,2008.945,5312.993,9282.31,1966.29,5396.776
9387.501,1975.98,5383.18,9280.117,1966.141,5442.236,9161.141,1955.12,5146.163,9216.898,1951.155,5325.312,9248.176,1976.812,5140.671,9356.983,1992.067,5197.251,9204.364,2014.702,5318.322,9195.386,1978.241,5227,9279.768,2030.728,5164.305,9238.146,1981.396,5318.001,9313.223,2020.255,5285.596,9364.47,2016.508,5445.993,9383.376,1968.176,5283.66,9112.266,2008.945,5313.052,9282.447,1966.29,5396.644
9387.577,1975.98,5382.986,9280.078,1966.141,5442.438,9160.989,1955.12,5146.021,9216.855,1951.155,5325.305,9248.272,1976.812,5140.487,9357.134,1992.067,5197.107,9204.295,2014.702,5318.335,9195.185,1978.241,5227.053,9279.747,2030.728,5164.098,9238.19,1981.396,5317.921,9313.31,2020.255,5285.407,9364.4,2016.508,5446.189,9383.521,1968.176,5283.51,9112.069,2008.945,5313.117,9282.58,1966.29,5396.507
9387.653,1975.98,5382.792,9280.046,1966.141,5442.643,9160.833,1955.12,5145.883,9216.813,1951.155,5325.299,9248.365,1976.812,5140.301,9357.279,1992.067,5196.958,9204.226,2014.702,5318.348,9194.981,1978.241,5227.1,9279.729,2030.728,5163.891,9238.238,1981.396,5317.842,9313.392,2020.255,5285.217,9364.331,2016.508,5446.385,9383.668,1968.176,5283.363,9111.875,2008.945,5313.188,9282.709,1966.29,5396.366
9387.729,1975.98,5382.598,9280.021,1966.141,5442.848,9160.672,1955.12,5145.75,9216.77,1951.155,5325.293,9248.455,1976.812,5140.113,9357.42,1992.067,5196.805,9204.156,2014.702,5318.36,9194.777,1978.241,5227.141,9279.715,2030.728,5163.683,9238.289,1981.396,5317.765,9313.469,2020.255,5285.024,9364.262,2016.508,5446.582,9383.818,1968.176,5283.219,9111.683,2008.945,5313.263,9282.833,1966.29,5396.22
9387.804,1975.98,5382.404,9280.002,1966.141,5443.053,9160.507,1955.12,5145.624,9216.727,1951.155,5325.287,9248.541,1976.812,5139.923,9357.556,1992.067,5196.646,9204.087,2014.702,5318.373,9194.572,1978.241,5227.175,9279.704,2030.728,5163.475,9238.342,1981.396,5317.688,9313.541,2020.255,5284.829,9364.192,2016.508,5446.778,9383.973,1968.176,5283.079,9111.492,2008.945,5313.344,9282.952,1966.29,5396.071
9387.879,1975.98,5382.21,9279.989,1966.141,5443.259,9160.338,1955.12,5145.502,9216.684,1951.155,5325.282,9248.623,1976.812,5139.732,9357.686,1992.067,5196.484,9204.018,2014.702,5318.384,9194.366,1978.241,5227.203,9279.696,2030.728,5163.267,9238.397,1981.396,5317.613,9313.608,2020.255,5284.633,9364.123,2016.508,5446.974,9384.13,1968.176,5282.942,9111.304,2008.945,5313.431,9283.066,1966.29,5395.917
9387.954,1975.98,5382.016,9279.996,1966.141,5443.465,9160.165,1955.12,5145.386,9216.641,1951.155,5325.276,9248.702,1976.812,5139.539,9357.811,1992.067,5196.317,9203.948,2014.702,5318.396,9194.159,1978.241,5227.225,9279.691,2030.728,5163.059,9238.456,1981.396,5317.54,9313.671,2020.255,5284.435,9364.054,2016.508,5447.17,9384.29,1968.176,5282.809,9111.118,2008.945,5313.522,9283.176,1966.29,5395.761
9388.029,1975.98,5381.821,9279.996,1966.141,5443.672,9159.988,1955.12,5145.275,9216.598,1951.155,5325.271,9248.777,1976.812,5139.345,9357.93,1992.067,5196.146,9203.879,2014.702,5318.407,9193.952,1978.241,5227.24,9279.69,2030.728,5162.851,9238.518,1981.396,5317.468,9313.729,2020.255,5284.235,9363.983,2016.508,5447.367,9384.453,1968.176,5282.679,9110.936,2008.945,5313.62,9283.28,1966.29,5395.6
9388.104,1975.98,5381.627,9280.006,1966.141,5443.878,9159.808,1955.12,5145.171,9216.555,1951.155,5325.267,9248.849,1976.812,5139.149,9358.044,1992.067,5195.972,9203.81,2014.702,5318.418,9193.744,1978.241,5227.249,9279.692,2030.728,5162.643,9238.581,1981.396,5317.398,9313.78,2020.255,5284.034,9363.913,2016.508,5447.563,9384.618,1968.176,5282.553,9110.756,2008.945,5313.722,9283.379,1966.29,5395.437
9388.178,1975.98,5381.433,9280.009,1966.141,5444.085,9159.624,1955.12,5145.072,9216.512,1951.155,5325.263,9248.917,1976.812,5138.953,9358.152,1992.067,5195.794,9203.74,2014.702,5318.429,9193.536,1978.241,5227.251,9279.698,2030.728,5162.435,9238.647,1981.396,5317.33,9313.827,2020.255,5283.832,9363.843,2016.508,5447.759,9384.786,1968.176,5282.43,9110.579,2008.945,5313.83,9283.473,1966.29,5395.27
9388.252,1975.98,5381.238,9280.014,1966.141,5444.292,9159.438,1955.12,5144.98,9216.469,1951.155,5325.259,9248.981,1976.812,5138.754,9358.255,1992.067,5195.612,9203.671,2014.702,5318.439,9193.328,1978.241,5227.247,9279.707,2030.728,5162.227,9238.716,1981.396,5317.263,9313.869,2020.255,5283.628,9363.772,2016.508,5447.955,9384.956,1968.176,5282.31,9110.405,2008.945,5313.943,9283.561,1966.29,5395.1
9388.326,1975.98,5381.044,9280.012,1966.141,5444.498,9159.248,1955.12,5144.894,9216.425,1951.155,5325.255,9249.042,1976.812,5138.555,9358.351,1992.067,5195.427,9203.602,2014.702,5318.449,9193.12,1978.241,5227.237,9279.72,2030.728,5162.019,9238.787,1981.396,5317.199,9313.905,2020.255,5283.423,9363.702,2016.508,5448.151,9385.129,1968.176,5282.194,9110.235,2008.945,5314.062,9283.643,1966.29,5394.927
9388.4,1975.98,5380.849,9280.003,1966.141,5444.705,9159.056,1955.12,5144.813,9216.381,1951.155,5325.251,9249.099,1976.812,5138.355,9358.44,1992.067,5195.239,9203.532,2014.702,5318.459,9192.913,1978.241,5227.22,9279.735,2030.728,5161.812,9238.86,1981.396,5317.137,9313.937,2020.255,5283.218,9363.632,2016.508,5448.347,9385.304,1968.176,5282.081,9110.069,2008.945,5314.185,9283.719,1966.29,5394.751
9388.475,1975.98,5380.654,9279.987,1966.141,5444.911,9158.86,1955.12,5144.74,9216.337,1951.155,5325.248,9249.152,1976.812,5138.154,9358.524,1992.067,5195.048,9203.462,2014.702,5318.468,9192.706,1978.241,5227.197,9279.755,2030.728,5161.604,9238.936,1981.396,5317.077,9313.962,2020.255,5283.012,9363.562,2016.508,5448.542,9385.48,1968.176,5281.971,9109.907,2008.945,5314.313,9283.789,1966.29,5394.574
9388.549,1975.98,5380.459,9279.972,1966.141,5445.117,9158.663,1955.12,5144.672,9216.293,1951.155,5325.245,9249.202,1976.812,5137.952,9358.602,1992.067,5194.855,9203.392,2014.702,5318.478,9192.5,1978.241,5227.168,9279.778,2030.728,5161.397,9239.014,1981.396,5317.019,9313.982,2020.255,5282.805,9363.491,2016.508,5448.738,9385.659,1968.176,5281.865,9109.749,2008.945,5314.447,9283.854,1966.29,5394.394
9388.622,1975.98,5380.265,9279.956,1966.141,5445.323,9158.468,1955.12,5144.599,9216.249,1951.155,5325.243,9249.248,1976.812,5137.749,9358.673,1992.067,5194.659,9203.321,2014.702,5318.486,9192.295,1978.241,5227.133,9279.805,2030.728,5161.19,9239.094,1981.396,5316.963,9313.997,2020.255,5282.597,9363.421,2016.508,5448.934,9385.84,1968.176,5281.762,9109.595,2008.945,5314.584,9283.912,1966.29,5394.212
9388.695,1975.98,5380.07,9279.951,1966.141,5445.529,9158.275,1955.12,5144.519,9216.205,1951.155,5325.24,9249.291,1976.812,5137.544,9358.737,1992.067,5194.461,9203.251,2014.702,5318.495,9192.091,1978.241,5227.092,9279.835,2030.728,5160.984,9239.176,1981.396,5316.91,9314.006,2020.255,5282.39,9363.351,2016.508,5449.13,9386.022,1968.176,5281.662,9109.444,2008.945,5314.727,9283.965,1966.29,5394.029
9388.769,1975.98,5379.875,9279.939,1966.141,5445.735,9158.086,1955.12,5144.432,9216.161,1951.155,5325.238,9249.33,1976.812,5137.34,9358.805,1992.067,5194.264,9203.181,2014.702,5318.503,9191.889,1978.241,5227.044,9279.869,2030.728,5160.779,9239.26,1981.396,5316.859,9314.01,2020.255,5282.182,9363.28,2016.508,5449.326,9386.207,1968.176,5281.566,9109.298,2008.945,5314.873,9284.012,1966.29,5393.844
9388.842,1975.98,5379.68,9279.921,1966.141,5445.941,9157.899,1955.12,5144.34,9216.117,1951.155,5325.236,9249.365,1976.812,5137.135,9358.865,1992.067,5194.064,9203.11,2014.702,5318.512,9191.688,1978.241,5226.989,9279.906,2030.728,5160.574,9239.346,1981.396,5316.812,9314.008,2020.255,5281.974,9363.21,2016.508,5449.521,9386.394,1968.176,5281.473,9109.155,2008.945,5315.023,9284.053,1966.29,5393.657
9388.915,1975.98,5379.485,9279.878,1966.141,5446.144,9157.716,1955.12,5144.241,9216.073,1951.155,5325.235,9249.396,1976.812,5136.929,9358.92,1992.067,5193.863,9203.04,2014.702,5318.52,9191.488,1978.241,5226.928,9279.947,2030.728,5160.37,9239.434,1981.396,5316.766,9314,2020.255,5281.766,9363.139,2016.508,5449.717,9386.581,1968.176,5281.383,9109.018,2008.945,5315.179,9284.088,1966.29,5393.47
9388.988,1975.98,5379.291,9279.842,1966.141,5446.347,9157.535,1955.12,5144.137,9216.029,1951.155,5325.233,9249.425,1976.812,5136.722,9358.968,1992.067,5193.661,9202.97,2014.702,5318.527,9191.292,1978.241,5226.86,9279.992,2030.728,5160.166,9239.523,1981.396,5316.723,9313.987,2020.255,5281.559,9363.067,2016.508,5449.913,9386.771,1968.176,5281.296,9108.886,2008.945,5315.338,9284.117,1966.29,5393.281
9389.062,1975.98,5379.096,9279.789,1966.141,5446.547,9157.358,1955.12,5144.026,9215.985,1951.155,5325.232,9249.449,1976.812,5136.515,9359.009,1992.067,5193.457,9202.899,2014.702,5318.535,9191.098,1978.241,5226.786,9280.04,2030.728,5159.963,9239.612,1981.396,5316.678,9313.969,2020.255,5281.352,9362.996,2016.508,5450.109,9386.961,1968.176,5281.212,9108.759,2008.945,5315.502,9284.152,1966.29,5393.094
9389.135,1975.98,5378.901,9279.743,1966.141,5446.749,9157.186,1955.12,5143.91,9215.941,1951.155,5325.231,9249.471,1976.812,5136.308,9359.043,1992.067,5193.251,9202.829,2014.702,5318.542,9190.905,1978.241,5226.706,9280.092,2030.728,5159.762,9239.699,1981.396,5316.629,9313.944,2020.255,5281.145,9362.925,2016.508,5450.305,9387.153,1968.176,5281.132,9108.638,2008.945,5315.67,9284.193,1966.29,5392.908
9389.208,1975.98,5378.706,9279.704,1966.141,5446.952,9157.017,1955.12,5143.789,9215.897,1951.155,5325.231,9249.488,1976.812,5136.101,9359.071,1992.067,5193.044,9202.759,2014.702,5318.549,9190.716,1978.241,5226.619,9280.147,2030.728,5159.561,9239.785,1981.396,5316.578,9313.915,2020.255,5280.939,9362.854,2016.508,5450.5,9387.347,1968.176,5281.054,9108.521,2008.945,5315.842,9284.24,1966.29,5392.723
9389.281,1975.98,5378.511,9279.672,1966.141,5447.157,9156.852,1955.12,5143.662,9215.854,1951.155,5325.23,9249.502,1976.812,5135.893,9359.093,1992.067,5192.837,9202.688,2014.702,5318.556,9190.529,1978.241,5226.526,9280.206,2030.728,5159.361,9239.87,1981.396,5316.524,9313.879,2020.255,5280.735,9362.782,2016.508,5450.696,9387.537,1968.176,5280.97,9108.411,2008.945,5316.017,9284.293,1966.29,5392.54
9389.354,1975.98,5378.316,9279.646,1966.141,5447.362,9156.69,1955.12,5143.529,9215.81,1951.155,5325.23,9249.513,1976.812,5135.685,9359.107,1992.067,5192.629,9202.618,2014.702,5318.563,9190.346,1978.241,5226.428,9280.269,2030.728,5159.163,9239.954,1981.396,5316.468,9313.837,2020.255,5280.531,9362.711,2016.508,5450.892,9387.725,1968.176,5280.88,9108.307,2008.945,5316.196,9284.352,1966.29,5392.359
9389.427,1975.98,5378.121,9279.608,1966.141,5447.565,9156.534,1955.12,5143.392,9215.766,1951.155,5325.231,9249.52,1976.812,5135.477,9359.129,1992.067,5192.422,9202.548,2014.702,5318.569,9190.166,1978.241,5226.323,9280.335,2030.728,5158.965,9240.036,1981.396,5316.409,9313.788,2020.255,5280.329,9362.64,2016.508,5451.088,9387.909,1968.176,5280.784,9108.208,2008.945,5316.378,9284.415,1966.29,5392.18
9389.499,1975.98,5377.925,9279.576,1966.141,5447.77,9156.383,1955.12,5143.249,9215.722,1951.155,5325.231,9249.523,1976.812,5135.269,9359.167,1992.067,5192.217,9202.477,2014.702,5318.575,9189.989,1978.241,5226.213,9280.405,2030.728,5158.769,9240.117,1981.396,5316.347,9313.733,2020.255,5280.128,9362.568,2016.508,5451.284,9388.091,1968.176,5280.682,9108.115,2008.945,5316.563,9284.484,1966.29,5392.002
9389.571,1975.98,5377.73,9279.551,1966.141,5447.976,9156.235,1955.12,5143.102,9215.678,1951.155,5325.232,9249.523,1976.812,5135.061,9359.2,1992.067,5192.012,9202.405,2014.702,5318.581,9189.816,1978.241,5226.097,9280.479,2030.728,5158.574,9240.197,1981.396,5316.283,9313.677,2020.255,5279.929,9362.497,2016.508,5451.479,9388.269,1968.176,5280.574,9108.028,2008.945,5316.752,9284.56,1966.29,5391.827
9389.644,1975.98,5377.535,9279.532,1966.141,5448.182,9156.084,1955.12,5142.959,9215.634,1951.155,5325.233,9249.521,1976.812,5134.853,9359.227,1992.067,5191.805,9202.334,2014.702,5318.587,9189.647,1978.241,5225.975,9280.556,2030.728,5158.381,9240.275,1981.396,5316.217,9313.613,2020.255,5279.731,9362.426,2016.508,5451.675,9388.443,1968.176,5280.46,9107.948,2008.945,5316.943,9284.64,1966.29,5391.654
9389.716,1975.98,5377.339,9279.517,1966.141,5448.388,9155.928,1955.12,5142.821,9215.59,1951.155,5325.235,9249.514,1976.812,5134.645,9359.246,1992.067,5191.598,9202.263,2014.702,5318.593,9189.482,1978.241,5225.848,9280.637,2030.728,5158.189,9240.353,1981.396,5316.149,9313.543,2020.255,5279.535,9362.354,2016.508,5451.871,9388.614,1968.176,5280.341,9107.874,2008.945,5317.136,9284.726,1966.29,5391.484
9389.788,1975.98,5377.144,9279.519,1966.141,5448.595,9155.767,1955.12,5142.689,9215.546,1951.155,5325.236,9249.504,1976.812,5134.437,9359.259,1992.067,5191.39,9202.191,2014.702,5318.598,9189.322,1978.241,5225.716,9280.721,2030.728,5157.999,9240.429,1981.396,5316.079,9313.467,2020.255,5279.342,9362.283,2016.508,5452.067,9388.781,1968.176,5280.216,9107.807,2008.945,5317.332,9284.816,1966.29,5391.317
9389.86,1975.98,5376.949,9279.514,1966.141,5448.802,9155.602,1955.12,5142.562,9215.502,1951.155,5325.238,9249.49,1976.812,5134.229,9359.265,1992.067,5191.182,9202.12,2014.702,5318.604,9189.166,1978.241,5225.578,9280.809,2030.728,5157.81,9240.503,1981.396,5316.006,9313.384,2020.255,5279.151,9362.212,2016.508,5452.263,9388.943,1968.176,5280.085,9107.745,2008.945,5317.53,9284.912,1966.29,5391.152
9389.933,1975.98,5376.753,9279.502,1966.141,5449.008,9155.433,1955.12,5142.44,9215.458,1951.155,5325.24,9249.474,1976.812,5134.021,9359.264,1992.067,5190.973,9202.049,2014.702,5318.608,9189.015,1978.241,5225.436,9280.9,2030.728,5157.623,9240.576,1981.396,5315.933,9313.295,2020.255,5278.963,9362.141,2016.508,5452.458,9389.102,1968.176,5279.95,9107.69,2008.945,5317.729,9285.013,1966.29,5390.991
9389.999,1975.98,5376.556,9279.508,1966.141,5449.215,9155.26,1955.12,5142.324,9215.414,1951.155,5325.243,9249.454,1976.812,5133.813,9359.256,1992.067,5190.765,9201.978,2014.702,5318.613,9188.868,1978.241,5225.288,9280.995,2030.728,5157.437,9240.648,1981.396,5315.857,9313.2,2020.255,5278.778,9362.063,2016.508,5452.652,9389.255,1968.176,5279.809,9107.643,2008.945,5317.931,9285.118,1966.29,5390.833
9390.059,1975.98,5376.356,9279.522,1966.141,5449.422,9155.083,1955.12,5142.214,9215.37,1951.155,5325.245,9249.431,1976.812,5133.606,9359.241,1992.067,5190.557,9201.906,2014.702,5318.618,9188.727,1978.241,5225.136,9281.094,2030.728,5157.253,9240.72,1981.396,5315.78,9313.1,2020.255,5278.596,9361.979,2016.508,5452.842,9389.404,1968.176,5279.664,9107.602,2008.945,5318.134,9285.229,1966.29,5390.677
9390.111,1975.98,5376.154,9279.53,1966.141,5449.629,9154.91,1955.12,5142.098,9215.327,1951.155,5325.248,9249.404,1976.812,5133.4,9359.22,1992.067,5190.35,9201.835,2014.702,5318.623,9188.59,1978.241,5224.979,9281.195,2030.728,5157.072,9240.79,1981.396,5315.702,9312.993,2020.255,5278.418,9361.889,2016.508,5453.03,9389.549,1968.176,5279.513,9107.566,2008.945,5318.338,9285.344,1966.29,5390.525
9390.157,1975.98,5375.951,9279.531,1966.141,5449.836,9154.741,1955.12,5141.976,9215.284,1951.155,5325.251,9249.375,1976.812,5133.194,9359.191,1992.067,5190.144,9201.764,2014.702,5318.627,9188.458,1978.241,5224.818,9281.301,2030.728,5156.892,9240.86,1981.396,5315.622,9312.89,2020.255,5278.237,9361.793,2016.508,5453.215,9389.688,1968.176,5279.358,9107.538,2008.945,5318.543,9285.464,1966.29,5390.377
9390.197,1975.98,5375.747,9279.542,1966.141,5450.043,9154.576,1955.12,5141.849,9215.241,1951.155,5325.254,9249.343,1976.812,5132.988,9359.159,1992.067,5189.938,9201.692,2014.702,5318.632,9188.329,1978.241,5224.654,9281.41,2030.728,5156.714,9240.928,1981.396,5315.54,9312.792,2020.255,5278.054,9361.691,2016.508,5453.397,9389.821,1968.176,5279.198,9107.517,2008.945,5318.75,9285.588,1966.29,5390.232
9390.23,1975.98,5375.541,9279.546,1966.141,5450.25,9154.415,1955.12,5141.717,9215.198,1951.155,5325.258,9249.308,1976.812,5132.783,9359.12,1992.067,5189.733,9201.621,2014.702,5318.636,9188.206,1978.241,5224.486,9281.522,2030.728,5156.539,9240.993,1981.396,5315.456,9312.699,2020.255,5277.868,9361.584,2016.508,5453.575,9389.95,1968.176,5279.034,9107.502,2008.945,5318.956,9285.716,1966.29,5390.091
9390.257,1975.98,5375.334,9279.547,1966.141,5450.457,9154.259,1955.12,5141.579,9215.155,1951.155,5325.262,9249.269,1976.812,5132.579,9359.074,1992.067,5189.53,9201.549,2014.702,5318.64,9188.089,1978.241,5224.314,9281.639,2030.728,5156.366,9241.057,1981.396,5315.369,9312.612,2020.255,5277.679,9361.471,2016.508,5453.75,9390.073,1968.176,5278.866,9107.494,2008.945,5319.163,9285.849,1966.29,5389.954
9390.276,1975.98,5375.127,9279.541,1966.141,5450.664,9154.107,1955.12,5141.437,9215.112,1951.155,5325.266,9249.227,1976.812,5132.375,9359.052,1992.067,5189.323,9201.477,2014.702,5318.644,9187.977,1978.241,5224.139,9281.758,2030.728,5156.195,9241.117,1981.396,5315.28,9312.531,2020.255,5277.487,9361.352,2016.508,5453.921,9390.19,1968.176,5278.694,9107.493,2008.945,5319.37,9285.985,1966.29,5389.821
9390.289,1975.98,5374.919,9279.528,1966.141,5450.871,9153.96,1955.12,5141.289,9215.069,1951.155,5325.27,9249.182,1976.812,5132.171,9359.022,1992.067,5189.117,9201.404,2014.702,5318.648,9187.87,1978.241,5223.96,9281.88,2030.728,5156.026,9241.176,1981.396,5315.189,9312.456,2020.255,5277.293,9361.228,2016.508,5454.089,9390.303,1968.176,5278.519,9107.499,2008.945,5319.577,9286.126,1966.29,5389.691
9390.295,1975.98,5374.711,9279.534,1966.141,5451.078,9153.817,1955.12,5141.137,9215.026,1951.155,5325.274,9249.134,1976.812,5131.968,9358.986,1992.067,5188.912,9201.332,2014.702,5318.652,9187.77,1978.241,5223.778,9282.006,2030.728,5155.86,9241.231,1981.396,5315.097,9312.387,2020.255,5277.098,9361.098,2016.508,5454.252,9390.409,1968.176,5278.339,9107.512,2008.945,5319.784,9286.271,1966.29,5389.566
9390.294,1975.98,5374.502,9279.533,1966.141,5451.285,9153.681,1955.12,5140.98,9214.983,1951.155,5325.279,9249.083,1976.812,5131.766,9358.943,1992.067,5188.708,9201.26,2014.702,5318.655,9187.675,1978.241,5223.593,9282.135,2030.728,5155.697,9241.285,1981.396,5315.002,9312.322,2020.255,5276.9,9360.963,2016.508,5454.411,9390.51,1968.176,5278.157,9107.531,2008.945,5319.99,9286.418,1966.29,5389.445
9390.286,1975.98,5374.294,9279.525,1966.141,5451.492,9153.549,1955.12,5140.819,9214.94,1951.155,5325.284,9249.029,1976.812,5131.565,9358.894,1992.067,5188.505,9201.188,2014.702,5318.659,9187.586,1978.241,5223.405,9282.267,2030.728,5155.536,9241.336,1981.396,5314.905,9312.264,2020.255,5276.7,9360.823,2016.508,5454.565,9390.604,1968.176,5277.971,9107.558,2008.945,5320.196,9286.569,1966.29,5389.328
9390.271,1975.98,5374.086,9279.511,1966.141,5451.699,9153.422,1955.12,5140.653,9214.897,1951.155,5325.29,9248.973,1976.812,5131.364,9358.838,1992.067,5188.305,9201.115,2014.702,5318.662,9187.503,1978.241,5223.214,9282.402,2030.728,5155.377,9241.385,1981.396,5314.807,9312.211,2020.255,5276.499,9360.679,2016.508,5454.715,9390.691,1968.176,5277.782,9107.591,2008.945,5320.4,9286.724,1966.29,5389.214
9390.25,1975.98,5373.879,9279.489,1966.141,5451.905,9153.301,1955.12,5140.484,9214.854,1951.155,5325.295,9248.913,1976.812,5131.165,9358.775,1992.067,5188.106,9201.043,2014.702,5318.666,9187.427,1978.241,5223.021,9282.541,2030.728,5155.222,9241.431,1981.396,5314.707,9312.165,2020.255,5276.296,9360.529,2016.508,5454.86,9390.773,1968.176,5277.59,9107.63,2008.945,5320.604,9286.881,1966.29,5389.105
9390.222,1975.98,5373.673,9279.465,1966.141,5452.111,9153.186,1955.12,5140.311,9214.812,1951.155,5325.301,9248.852,1976.812,5130.966,9358.706,1992.067,5187.909,9200.971,2014.702,5318.668,9187.356,1978.241,5222.825,9282.683,2030.728,5155.069,9241.475,1981.396,5314.605,9312.125,2020.255,5276.092,9360.375,2016.508,5455,9390.849,1968.176,5277.396,9107.676,2008.945,5320.806,9287.041,1966.29,5389.001
9390.187,1975.98,5373.467,9279.436,1966.141,5452.316,9153.076,1955.12,5140.133,9214.769,1951.155,5325.307,9248.787,1976.812,5130.768,9358.631,1992.067,5187.715,9200.898,2014.702,5318.671,9187.293,1978.241,5222.626,9282.827,2030.728,5154.919,9241.516,1981.396,5314.502,9312.091,2020.255,5275.887,9360.216,2016.508,5455.135,9390.918,1968.176,5277.2,9107.729,2008.945,5321.006,9287.204,1966.29,5388.9
9390.145,1975.98,5373.263,9279.413,1966.141,5452.522,9152.973,1955.12,5139.953,9214.726,1951.155,5325.313,9248.72,1976.812,5130.571,9358.562,1992.067,5187.518,9200.826,2014.702,5318.674,9187.235,1978.241,5222.426,9282.975,2030.728,5154.772,9241.555,1981.396,5314.397,9312.063,2020.255,5275.681,9360.053,2016.508,5455.265,9390.98,1968.176,5277.001,9107.787,2008.945,5321.205,9287.37,1966.29,5388.804
9390.097,1975.98,5373.061,9279.39,1966.141,5452.728,9152.875,1955.12,5139.769,9214.683,1951.155,5325.319,9248.649,1976.812,5130.375,9358.499,1992.067,5187.319,9200.754,2014.702,5318.677,9187.185,1978.241,5222.225,9283.125,2030.728,5154.628,9241.592,1981.396,5314.292,9312.04,2020.255,5275.475,9359.886,2016.508,5455.389,9391.036,1968.176,5276.8,9107.852,2008.945,5321.402,9287.538,1966.29,5388.711
9390.042,1975.98,5372.859,9279.359,1966.141,5452.933,9152.783,1955.12,5139.582,9214.64,1951.155,5325.326,9248.577,1976.812,5130.179,9358.443,1992.067,5187.119,9200.681,2014.702,5318.68,9187.14,1978.241,5222.021,9283.278,2030.728,5154.487,9241.627,1981.396,5314.185,9312.023,2020.255,5275.268,9359.715,2016.508,5455.508,9391.086,1968.176,5276.598,9107.923,2008.945,5321.596,9287.709,1966.29,5388.623
9389.98,1975.98,5372.66,9279.336,1966.141,5453.139,9152.697,1955.12,5139.392,9214.597,1951.155,5325.333,9248.502,1976.812,5129.985,9358.394,1992.067,5186.917,9200.607,2014.702,5318.683,9187.102,1978.241,5221.817,9283.435,2030.728,5154.349,9241.66,1981.396,5314.077,9312.013,2020.255,5275.06,9359.54,2016.508,5455.621,9391.129,1968.176,5276.394,9108,2008.945,5321.789,9287.882,1966.29,5388.539
9389.912,1975.98,5372.463,9279.324,1966.141,5453.346,9152.618,1955.12,5139.199,9214.554,1951.155,5325.34,9248.424,1976.812,5129.792,9358.351,1992.067,5186.712,9200.534,2014.702,5318.686,9187.069,1978.241,5221.611,9283.594,2030.728,5154.214,9241.691,1981.396,5313.968,9312.008,2020.255,5274.852,9359.361,2016.508,5455.729,9391.165,1968.176,5276.189,9108.083,2008.945,5321.978,9288.057,1966.29,5388.458
9389.838,1975.98,5372.269,9279.306,1966.141,5453.553,9152.545,1955.12,5139.004,9214.511,1951.155,5325.348,9248.344,1976.812,5129.6,9358.287,1992.067,5186.514,9200.461,2014.702,5318.688,9187.044,1978.241,5221.405,9283.755,2030.728,5154.082,9241.721,1981.396,5313.858,9312.01,2020.255,5274.644,9359.18,2016.508,5455.83,9391.194,1968.176,5275.983,9108.172,2008.945,5322.165,9288.233,1966.29,5388.38
9389.757,1975.98,5372.077,9279.28,1966.141,5453.759,9152.479,1955.12,5138.807,9214.468,1951.155,5325.355,9248.261,1976.812,5129.409,9358.229,1992.067,5186.314,9200.388,2014.702,5318.69,9187.025,1978.241,5221.197,9283.915,2030.728,5153.95,9241.749,1981.396,5313.747,9312.018,2020.255,5274.436,9358.995,2016.508,5455.926,9391.217,1968.176,5275.776,9108.267,2008.945,5322.349,9288.411,1966.29,5388.306
9389.67,1975.98,5371.887,9279.258,1966.141,5453.965,9152.418,1955.12,5138.607,9214.425,1951.155,5325.363,9248.176,1976.812,5129.219,9358.177,1992.067,5186.112,9200.314,2014.702,5318.693,9187.013,1978.241,5220.989,9284.075,2030.728,5153.816,9241.775,1981.396,5313.635,9312.031,2020.255,5274.229,9358.807,2016.508,5456.016,9391.232,1968.176,5275.568,9108.367,2008.945,5322.53,9288.591,1966.29,5388.235
9389.577,1975.98,5371.701,9279.232,1966.141,5454.171,9152.364,1955.12,5138.406,9214.383,1951.155,5325.372,9248.088,1976.812,5129.03,9358.13,1992.067,5185.909,9200.241,2014.702,5318.695,9187.007,1978.241,5220.781,9284.234,2030.728,5153.682,9241.801,1981.396,5313.523,9312.051,2020.255,5274.021,9358.616,2016.508,5456.099,9391.241,1968.176,5275.36,9108.474,2008.945,5322.708,9288.771,1966.29,5388.167
9389.478,1975.98,5371.518,9279.214,1966.141,5454.377,9152.317,1955.12,5138.203,9214.341,1951.155,5325.38,9247.998,1976.812,5128.842,9358.089,1992.067,5185.705,9200.168,2014.702,5318.698,9187.008,1978.241,5220.573,9284.393,2030.728,5153.547,9241.825,1981.396,5313.41,9312.076,2020.255,5273.815,9358.423,2016.508,5456.176,9391.243,1968.176,5275.152,9108.586,2008.945,5322.882,9288.953,1966.29,5388.102
9389.372,1975.98,5371.338,9279.189,1966.141,5454.583,9152.277,1955.12,5137.999,9214.299,1951.155,5325.389,9247.905,1976.812,5128.655,9358.054,1992.067,5185.5,9200.095,2014.702,5318.7,9187.016,1978.241,5220.365,9284.551,2030.728,5153.411,9241.849,1981.396,5313.296,9312.107,2020.255,5273.609,9358.227,2016.508,5456.247,9391.238,1968.176,5274.943,9108.703,2008.945,5323.052,9289.136,1966.29,5388.04
9389.261,1975.98,5371.162,9279.161,1966.141,5454.789,9152.244,1955.12,5137.793,9214.257,1951.155,5325.397,9247.811,1976.812,5128.47,9358.024,1992.067,5185.294,9200.021,2014.702,5318.703,9187.03,1978.241,5220.158,9284.708,2030.728,5153.274,9241.871,1981.396,5313.182,9312.145,2020.255,5273.405,9358.028,2016.508,5456.312,9391.227,1968.176,5274.735,9108.826,2008.945,5323.219,9289.319,1966.29,5387.979
9389.145,1975.98,5370.989,9279.126,1966.141,5454.994,9152.217,1955.12,5137.586,9214.215,1951.155,5325.407,9247.714,1976.812,5128.286,9358.001,1992.067,5185.087,9199.948,2014.702,5318.705,9187.052,1978.241,5219.951,9284.864,2030.728,5153.137,9241.893,1981.396,5313.066,9312.187,2020.255,5273.201,9357.828,2016.508,5456.37,9391.208,1968.176,5274.528,9108.954,2008.945,5323.381,9289.504,1966.29,5387.921
9389.027,1975.98,5370.817,9279.092,1966.141,5455.198,9152.196,1955.12,5137.379,9214.173,1951.155,5325.416,9247.615,1976.812,5128.103,9357.983,1992.067,5184.879,9199.874,2014.702,5318.707,9187.08,1978.241,5219.745,9285.02,2030.728,5152.998,9241.914,1981.396,5312.951,9312.234,2020.255,5272.999,9357.626,2016.508,5456.421,9391.183,1968.176,5274.321,9109.087,2008.945,5323.54,9289.689,1966.29,5387.865
9388.898,1975.98,5370.653,9279.058,1966.141,5455.403,9152.183,1955.12,5137.171,9214.131,1951.155,5325.426,9247.514,1976.812,5127.92,9357.972,1992.067,5184.671,9199.8,2014.702,5318.708,9187.114,1978.241,5219.54,9285.175,2030.728,5152.859,9241.938,1981.396,5312.835,9312.288,2020.255,5272.798,9357.423,2016.508,5456.467,9391.151,1968.176,5274.115,9109.224,2008.945,5323.695,9289.873,1966.29,5387.802
9388.756,1975.98,5370.501,9279.017,1966.141,5455.606,9152.176,1955.12,5136.963,9214.089,1951.155,5325.436,9247.41,1976.812,5127.74,9357.966,1992.067,5184.463,9199.726,2014.702,5318.71,9187.155,1978.241,5219.335,9285.329,2030.728,5152.719,9241.967,1981.396,5312.72,9312.347,2020.255,5272.598,9357.218,2016.508,5456.506,9391.113,1968.176,5273.91,9109.364,2008.945,5323.847,9290.055,1966.29,5387.734
9388.619,1975.98,5370.344,9278.966,1966.141,5455.808,9152.176,1955.12,5136.754,9214.047,1951.155,5325.445,9247.305,1976.812,5127.56,9357.966,1992.067,5184.255,9199.651,2014.702,5318.712,9187.203,1978.241,5219.133,9285.482,2030.728,5152.578,9241.998,1981.396,5312.605,9312.411,2020.255,5272.4,9357.012,2016.508,5456.538,9391.068,1968.176,5273.707,9109.51,2008.945,5323.994,9290.234,1966.29,5387.66
9388.485,1975.98,5370.184,9278.902,1966.141,5456.005,9152.183,1955.12,5136.546,9214.005,1951.155,5325.456,9247.197,1976.812,5127.382,9357.973,1992.067,5184.047,9199.577,2014.702,5318.714,9187.257,1978.241,5218.932,9285.635,2030.728,5152.436,9242.033,1981.396,5312.491,9312.48,2020.255,5272.205,9356.805,2016.508,5456.564,9391.017,1968.176,5273.505,9109.658,2008.945,5324.138,9290.411,1966.29,5387.579
9388.357,1975.98,5370.02,9278.845,1966.141,5456.204,9152.196,1955.12,5136.338,9213.963,1951.155,5325.466,9247.088,1976.812,5127.205,9357.985,1992.067,5183.839,9199.503,2014.702,5318.716,9187.317,1978.241,5218.732,9285.786,2030.728,5152.293,9242.071,1981.396,5312.377,9312.555,2020.255,5272.01,9356.598,2016.508,5456.583,9390.958,1968.176,5273.305,9109.811,2008.945,5324.277,9290.586,1966.29,5387.493
9388.234,1975.98,5369.852,9278.794,1966.141,5456.405,9152.217,1955.12,5136.131,9213.921,1951.155,5325.477,9246.977,1976.812,5127.029,9358.004,1992.067,5183.631,9199.429,2014.702,5318.718,9187.385,1978.241,5218.535,9285.938,2030.728,5152.15,9242.113,1981.396,5312.265,9312.623,2020.255,5271.814,9356.39,2016.508,5456.596,9390.894,1968.176,5273.106,9109.967,2008.945,5324.413,9290.758,1966.29,5387.401
9388.129,1975.98,5369.672,9278.737,1966.141,5456.605,9152.244,1955.12,5135.924,9213.879,1951.155,5325.487,9246.863,1976.812,5126.854,9358.028,1992.067,5183.424,9199.354,2014.702,5318.72,9187.458,1978.241,5218.34,9286.088,2030.728,5152.006,9242.159,1981.396,5312.153,9312.685,2020.255,5271.615,9356.182,2016.508,5456.602,9390.822,1968.176,5272.911,9110.118,2008.945,5324.553,9290.927,1966.29,5387.304
9388.018,1975.98,5369.496,9278.682,1966.141,5456.805,9152.278,1955.12,5135.719,9213.838,1951.155,5325.499,9246.748,1976.812,5126.681,9358.059,1992.067,5183.218,9199.28,2014.702,5318.722,9187.537,1978.241,5218.148,9286.237,2030.728,5151.861,9242.209,1981.396,5312.042,9312.74,2020.255,5271.415,9355.974,2016.508,5456.601,9390.745,1968.176,5272.717,9110.266,2008.945,5324.699,9291.093,1966.29,5387.201
9387.9,1975.98,5369.324,9278.633,1966.141,5457.006,9152.319,1955.12,5135.515,9213.797,1951.155,5325.51,9246.631,1976.812,5126.509,9358.095,1992.067,5183.013,9199.206,2014.702,5318.724,9187.623,1978.241,5217.958,9286.386,2030.728,5151.716,9242.263,1981.396,5311.933,9312.789,2020.255,5271.212,9355.766,2016.508,5456.593,9390.664,1968.176,5272.525,9110.408,2008.945,5324.849,9291.255,1966.29,5387.092
9387.777,1975.98,5369.155,9278.59,1966.141,5457.209,9152.367,1955.12,5135.312,9213.756,1951.155,5325.521,9246.512,1976.812,5126.338,9358.138,1992.067,5182.809,9199.131,2014.702,5318.726,9187.715,1978.241,5217.771,9286.534,2030.728,5151.569,9242.32,1981.396,5311.825,9312.831,2020.255,5271.009,9355.558,2016.508,5456.579,9390.6,1968.176,5272.327,9110.546,2008.945,5325.003,9291.413,1966.29,5386.979
9387.598,1975.98,5368.907,9278.537,1966.141,5457.51,9152.457,1955.12,5135.019,9213.695,1951.155,5325.539,9246.334,1976.812,5126.088,9358.209,1992.067,5182.511,9199.021,2014.702,5318.729,9187.858,1978.241,5217.5,9286.751,2030.728,5151.353,9242.41,1981.396,5311.668,9312.883,2020.255,5270.707,9355.253,2016.508,5456.547,9390.517,1968.176,5272.032,9110.74,2008.945,5325.237,9291.641,1966.29,5386.803
9387.48,1975.98,5368.735,9278.495,1966.141,5457.713,9152.524,1955.12,5134.822,9213.654,1951.155,5325.551,9246.211,1976.812,5125.92,9358.264,1992.067,5182.31,9198.945,2014.702,5318.73,9187.962,1978.241,5217.32,9286.897,2030.728,5151.205,9242.475,1981.396,5311.563,9312.911,2020.255,5270.501,9355.047,2016.508,5456.519,9390.453,1968.176,5271.833,9110.867,2008.945,5325.4,9291.792,1966.29,5386.679
9387.343,1975.98,5368.538,9278.454,1966.141,5457.949,9152.609,1955.12,5134.597,9213.607,1951.155,5325.565,9246.067,1976.812,5125.727,9358.333,1992.067,5182.08,9198.858,2014.702,5318.732,9188.088,1978.241,5217.116,9287.065,2030.728,5151.034,9242.554,1981.396,5311.444,9312.937,2020.255,5270.262,9354.81,2016.508,5456.479,9390.373,1968.176,5271.607,9111.007,2008.945,5325.593,9291.962,1966.29,5386.53
9387.201,1975.98,5368.338,9278.404,1966.141,5458.188,9152.703,1955.12,5134.371,9213.56,1951.155,5325.58,9245.919,1976.812,5125.532,9358.41,1992.067,5181.848,9198.77,2014.702,5318.733,9188.224,1978.241,5216.912,9287.235,2030.728,5150.858,9242.639,1981.396,5311.325,9312.954,2020.255,5270.019,9354.569,2016.508,5456.43,9390.283,1968.176,5271.379,9111.143,2008.945,5325.794,9292.13,1966.29,5386.373
9387.075,1975.98,5368.172,9278.368,1966.141,5458.393,9152.79,1955.12,5134.182,9213.519,1951.155,5325.593,9245.791,1976.812,5125.368,9358.481,1992.067,5181.652,9198.694,2014.702,5318.735,9188.345,1978.241,5216.743,9287.38,2030.728,5150.708,9242.715,1981.396,5311.225,9312.962,2020.255,5269.811,9354.366,2016.508,5456.382,9390.201,1968.176,5271.188,9111.253,2008.945,5325.969,9292.269,1966.29,5386.234
9386.933,1975.98,5367.982,9278.333,1966.141,5458.627,9152.896,1955.12,5133.968,9213.472,1951.155,5325.607,9245.643,1976.812,5125.181,9358.57,1992.067,5181.431,9198.608,2014.702,5318.736,9188.489,1978.241,5216.554,9287.544,2030.728,5150.536,9242.806,1981.396,5311.114,9312.964,2020.255,5269.573,9354.137,2016.508,5456.319,9390.1,1968.176,5270.972,9111.372,2008.945,5326.172,9292.422,1966.29,5386.071
9386.811,1975.98,5367.813,9278.295,1966.141,5458.832,9152.994,1955.12,5133.785,9213.431,1951.155,5325.621,9245.512,1976.812,5125.02,9358.653,1992.067,5181.24,9198.533,2014.702,5318.737,9188.621,1978.241,5216.393,9287.687,2030.728,5150.385,9242.889,1981.396,5311.019,9312.958,2020.255,5269.365,9353.938,2016.508,5456.258,9390.005,1968.176,5270.787,9111.471,2008.945,5326.354,9292.551,1966.29,5385.923
9386.683,1975.98,5367.649,9278.255,1966.141,5459.035,9153.099,1955.12,5133.604,9213.391,1951.155,5325.634,9245.379,1976.812,5124.859,9358.742,1992.067,5181.051,9198.457,2014.702,5318.738,9188.758,1978.241,5216.236,9287.828,2030.728,5150.232,9242.975,1981.396,5310.926,9312.946,2020.255,5269.157,9353.74,2016.508,5456.19,9389.904,1968.176,5270.604,9111.563,2008.945,5326.539,9292.675,1966.29,5385.772
9386.55,1975.98,5367.489,9278.228,1966.141,5459.24,9153.209,1955.12,5133.428,9213.351,1951.155,5325.647,9245.245,1976.812,5124.7,9358.836,1992.067,5180.865,9198.381,2014.702,5318.739,9188.899,1978.241,5216.083,9287.97,2030.728,5150.08,9243.064,1981.396,5310.835,9312.928,2020.255,5268.95,9353.546,2016.508,5456.116,9389.798,1968.176,5270.425,9111.65,2008.945,5326.726,9292.794,1966.29,5385.616
9386.411,1975.98,5367.333,9278.193,1966.141,5459.445,9153.325,1955.12,5133.255,9213.311,1951.155,5325.661,9245.109,1976.812,5124.542,9358.936,1992.067,5180.682,9198.305,2014.702,5318.74,9189.046,1978.241,5215.936,9288.11,2030.728,5149.926,9243.157,1981.396,5310.748,9312.902,2020.255,5268.744,9353.354,2016.508,5456.035,9389.686,1968.176,5270.25,9111.73,2008.945,5326.916,9292.908,1966.29,5385.457
9386.265,1975.98,5367.167,9278.15,1966.141,5459.661,9153.454,1955.12,5133.076,9213.268,1951.155,5325.676,9244.964,1976.812,5124.375,9359.047,1992.067,5180.491,9198.225,2014.702,5318.741,9189.206,1978.241,5215.785,9288.259,2030.728,5149.762,9243.259,1981.396,5310.658,9312.868,2020.255,5268.526,9353.153,2016.508,5455.943,9389.561,1968.176,5270.068,9111.809,2008.945,5327.12,9293.023,1966.29,5385.284
9386.132,1975.98,5367.007,9278.104,1966.141,5459.863,9153.581,1955.12,5132.911,9213.228,1951.155,5325.69,9244.825,1976.812,5124.22,9359.157,1992.067,5180.314,9198.148,2014.702,5318.742,9189.362,1978.241,5215.647,9288.397,2030.728,5149.607,9243.357,1981.396,5310.576,9312.829,2020.255,5268.321,9352.967,2016.508,5455.851,9389.437,1968.176,5269.901,9111.876,2008.945,5327.315,9293.127,1966.29,5385.117
9386.002,1975.98,5366.844,9278.063,1966.141,5460.066,9153.714,1955.12,5132.75,9213.188,1951.155,5325.704,9244.686,1976.812,5124.066,9359.272,1992.067,5180.141,9198.072,2014.702,5318.743,9189.523,1978.241,5215.515,9288.536,2030.728,5149.451,9243.459,1981.396,5310.497,9312.783,2020.255,5268.118,9352.783,2016.508,5455.751,9389.311,1968.176,5269.735,9111.938,2008.945,5327.512,9293.225,1966.29,5384.947
9385.868,1975.98,5366.685,9278.049,1966.141,5460.273,9153.852,1955.12,5132.594,9213.147,1951.155,5325.719,9244.544,1976.812,5123.913,9359.393,1992.067,5179.971,9197.996,2014.702,5318.743,9189.688,1978.241,5215.388,9288.674,2030.728,5149.295,9243.563,1981.396,5310.42,9312.731,2020.255,5267.917,9352.604,2016.508,5455.646,9389.18,1968.176,5269.573,9111.992,2008.945,5327.711,9293.317,1966.29,5384.774
9385.729,1975.98,5366.529,9278.027,1966.141,5460.48,9153.994,1955.12,5132.442,9213.107,1951.155,5325.733,9244.401,1976.812,5123.761,9359.518,1992.067,5179.804,9197.92,2014.702,5318.744,9189.857,1978.241,5215.266,9288.811,2030.728,5149.138,9243.671,1981.396,5310.347,9312.686,2020.255,5267.714,9352.427,2016.508,5455.536,9389.044,1968.176,5269.415,9112.041,2008.945,5327.912,9293.404,1966.29,5384.598
9385.596,1975.98,5366.37,9278,1966.141,5460.686,9154.132,1955.12,5132.286,9213.067,1951.155,5325.749,9244.258,1976.812,5123.611,9359.647,1992.067,5179.641,9197.844,2014.702,5318.744,9190.03,1978.241,5215.15,9288.946,2030.728,5148.98,9243.78,1981.396,5310.275,9312.646,2020.255,5267.51,9352.253,2016.508,5455.421,9388.913,1968.176,5269.253,9112.083,2008.945,5328.114,9293.485,1966.29,5384.419
9385.458,1975.98,5366.213,9277.967,1966.141,5460.891,9154.265,1955.12,5132.125,9213.028,1951.155,5325.764,9244.112,1976.812,5123.462,9359.782,1992.067,5179.482,9197.767,2014.702,5318.745,9190.207,1978.241,5215.04,9289.081,2030.728,5148.822,9243.892,1981.396,5310.207,9312.611,2020.255,5267.305,9352.081,2016.508,5455.303,9388.788,1968.176,5269.086,9112.118,2008.945,5328.317,9293.561,1966.29,5384.237
9385.325,1975.98,5366.053,9277.929,1966.141,5461.095,9154.396,1955.12,5131.963,9212.989,1951.155,5325.779,9243.966,1976.812,5123.314,9359.921,1992.067,5179.327,9197.689,2014.702,5318.745,9190.387,1978.241,5214.935,9289.216,2030.728,5148.663,9244.005,1981.396,5310.14,9312.583,2020.255,5267.099,9351.912,2016.508,5455.181,9388.668,1968.176,5268.916,9112.146,2008.945,5328.521,9293.63,1966.29,5384.054
9385.198,1975.98,5365.888,9277.885,1966.141,5461.298,9154.521,1955.12,5131.797,9212.95,1951.155,5325.794,9243.818,1976.812,5123.167,9360.064,1992.067,5179.176,9197.612,2014.702,5318.745,9190.57,1978.241,5214.836,9289.35,2030.728,5148.503,9244.12,1981.396,5310.075,9312.561,2020.255,5266.892,9351.746,2016.508,5455.055,9388.554,1968.176,5268.742,9112.168,2008.945,5328.726,9293.693,1966.29,5383.868
9385.076,1975.98,5365.719,9277.836,1966.141,5461.5,9154.651,1955.12,5131.635,9212.911,1951.155,5325.81,9243.669,1976.812,5123.022,9360.212,1992.067,5179.029,9197.535,2014.702,5318.745,9190.757,1978.241,5214.744,9289.482,2030.728,5148.343,9244.237,1981.396,5310.013,9312.544,2020.255,5266.685,9351.583,2016.508,5454.925,9388.445,1968.176,5268.564,9112.183,2008.945,5328.932,9293.75,1966.29,5383.68
9384.96,1975.98,5365.546,9277.781,1966.141,5461.701,9154.774,1955.12,5131.467,9212.872,1951.155,5325.826,9243.519,1976.812,5122.878,9360.364,1992.067,5178.886,9197.458,2014.702,5318.745,9190.946,1978.241,5214.657,9289.614,2030.728,5148.182,9244.356,1981.396,5309.954,9312.533,2020.255,5266.477,9351.423,2016.508,5454.792,9388.343,1968.176,5268.383,9112.191,2008.945,5329.138,9293.801,1966.29,5383.49
9384.85,1975.98,5365.369,9277.722,1966.141,5461.9,9154.903,1955.12,5131.303,9212.833,1951.155,5325.842,9243.367,1976.812,5122.735,9360.521,1992.067,5178.748,9197.381,2014.702,5318.744,9191.139,1978.241,5214.577,9289.745,2030.728,5148.02,9244.474,1981.396,5309.89,9312.528,2020.255,5266.269,9351.267,2016.508,5454.654,9388.246,1968.176,5268.198,9112.193,2008.945,5329.344,9293.857,1966.29,5383.302
9384.745,1975.98,5365.189,9277.657,1966.141,5462.097,9155.037,1955.12,5131.144,9212.794,1951.155,5325.858,9243.215,1976.812,5122.593,9360.681,1992.067,5178.615,9197.304,2014.702,5318.744,9191.333,1978.241,5214.503,9289.876,2030.728,5147.858,9244.589,1981.396,5309.823,9312.529,2020.255,5266.061,9351.113,2016.508,5454.514,9388.155,1968.176,5268.011,9112.188,2008.945,5329.55,9293.92,1966.29,5383.116
9384.646,1975.98,5365.005,9277.588,1966.141,5462.293,9155.177,1955.12,5130.989,9212.755,1951.155,5325.875,9243.062,1976.812,5122.453,9360.845,1992.067,5178.486,9197.227,2014.702,5318.743,9191.53,1978.241,5214.436,9290.006,2030.728,5147.695,9244.703,1981.396,5309.752,9312.536,2020.255,5265.853,9350.963,2016.508,5454.369,9388.071,1968.176,5267.82,9112.177,2008.945,5329.756,9293.988,1966.29,5382.932
9384.554,1975.98,5364.819,9277.514,1966.141,5462.487,9155.321,1955.12,5130.839,9212.717,1951.155,5325.891,9242.907,1976.812,5122.313,9361.012,1992.067,5178.362,9197.148,2014.702,5318.743,9191.729,1978.241,5214.375,9290.135,2030.728,5147.531,9244.815,1981.396,5309.677,9312.549,2020.255,5265.645,9350.816,2016.508,5454.221,9387.993,1968.176,5267.627,9112.158,2008.945,5329.961,9294.063,1966.29,5382.75
9384.46,1975.98,5364.633,9277.436,1966.141,5462.679,9155.471,1955.12,5130.693,9212.679,1951.155,5325.908,9242.752,1976.812,5122.175,9361.183,1992.067,5178.242,9197.07,2014.702,5318.742,9191.931,1978.241,5214.32,9290.263,2030.728,5147.367,9244.926,1981.396,5309.599,9312.567,2020.255,5265.438,9350.674,2016.508,5454.069,9387.922,1968.176,5267.431,9112.133,2008.945,5330.166,9294.143,1966.29,5382.571
9384.345,1975.98,5364.459,9277.353,1966.141,5462.87,9155.624,1955.12,5130.553,9212.641,1951.155,5325.925,9242.595,1976.812,5122.038,9361.356,1992.067,5178.127,9196.992,2014.702,5318.741,9192.134,1978.241,5214.272,9290.39,2030.728,5147.203,9245.033,1981.396,5309.517,9312.592,2020.255,5265.231,9350.535,2016.508,5453.914,9387.856,1968.176,5267.233,9112.101,2008.945,5330.37,9294.229,1966.29,5382.395
9384.231,1975.98,5364.284,9277.266,1966.141,5463.058,9155.782,1955.12,5130.417,9212.603,1951.155,5325.942,9242.437,1976.812,5121.902,9361.533,1992.067,5178.018,9196.914,2014.702,5318.74,9192.338,1978.241,5214.231,9290.517,2030.728,5147.037,9245.139,1981.396,5309.431,9312.622,2020.255,5265.025,9350.4,2016.508,5453.755,9387.798,1968.176,5267.034,9112.063,2008.945,5330.572,9294.319,1966.29,5382.221
9384.124,1975.98,5364.105,9277.175,1966.141,5463.245,9155.937,1955.12,5130.277,9212.564,1951.155,5325.959,9242.282,1976.812,5121.763,9361.713,1992.067,5177.914,9196.836,2014.702,5318.738,9192.543,1978.241,5214.196,9290.643,2030.728,5146.871,9245.242,1981.396,5309.341,9312.658,2020.255,5264.82,9350.27,2016.508,5453.593,9387.746,1968.176,5266.832,9112.018,2008.945,5330.773,9294.416,1966.29,5382.05
9384.011,1975.98,5363.93,9277.08,1966.141,5463.43,9156.086,1955.12,5130.133,9212.526,1951.155,5325.977,9242.132,1976.812,5121.619,9361.896,1992.067,5177.814,9196.758,2014.702,5318.737,9192.749,1978.241,5214.168,9290.768,2030.728,5146.705,9245.343,1981.396,5309.249,9312.7,2020.255,5264.616,9350.143,2016.508,5453.428,9387.688,1968.176,5266.632,9111.966,2008.945,5330.973,9294.518,1966.29,5381.882
9383.893,1975.98,5363.759,9276.981,1966.141,5463.613,9156.231,1955.12,5129.983,9212.488,1951.155,5325.994,9241.984,1976.812,5121.472,9362.081,1992.067,5177.72,9196.68,2014.702,5318.735,9192.956,1978.241,5214.147,9290.892,2030.728,5146.538,9245.441,1981.396,5309.152,9312.747,2020.255,5264.414,9350.021,2016.508,5453.259,9387.622,1968.176,5266.435,9111.907,2008.945,5331.171,9294.625,1966.29,5381.717
9383.769,1975.98,5363.591,9276.88,1966.141,5463.794,9156.372,1955.12,5129.83,9212.45,1951.155,5326.012,9241.841,1976.812,5121.321,9362.27,1992.067,5177.63,9196.601,2014.702,5318.734,9193.164,1978.241,5214.133,9291.015,2030.728,5146.37,9245.537,1981.396,5309.053,9312.8,2020.255,5264.212,9349.902,2016.508,5453.087,9387.551,1968.176,5266.239,9111.843,2008.945,5331.367,9294.737,1966.29,5381.556
9383.639,1975.98,5363.428,9276.775,1966.141,5463.973,9156.508,1955.12,5129.672,9212.412,1951.155,5326.03,9241.701,1976.812,5121.167,9362.46,1992.067,5177.546,9196.521,2014.702,5318.732,9193.372,1978.241,5214.126,9291.138,2030.728,5146.202,9245.63,1981.396,5308.95,9312.857,2020.255,5264.013,9349.789,2016.508,5452.913,9387.473,1968.176,5266.045,9111.771,2008.945,5331.561,9294.854,1966.29,5381.398
9383.514,1975.98,5363.262,9276.668,1966.141,5464.151,9156.639,1955.12,5129.51,9212.375,1951.155,5326.048,9241.565,1976.812,5121.009,9362.652,1992.067,5177.467,9196.442,2014.702,5318.73,9193.58,1978.241,5214.125,9291.26,2030.728,5146.033,9245.72,1981.396,5308.844,9312.921,2020.255,5263.814,9349.681,2016.508,5452.735,9387.389,1968.176,5265.855,9111.694,2008.945,5331.752,9294.977,1966.29,5381.245
9383.394,1975.98,5363.091,9276.558,1966.141,5464.327,9156.765,1955.12,5129.344,9212.338,1951.155,5326.066,9241.434,1976.812,5120.848,9362.848,1992.067,5177.394,9196.363,2014.702,5318.728,9193.788,1978.241,5214.132,9291.381,2030.728,5145.863,9245.808,1981.396,5308.735,9312.989,2020.255,5263.618,9349.576,2016.508,5452.555,9387.298,1968.176,5265.667,9111.611,2008.945,5331.94,9295.104,1966.29,5381.094
9383.27,1975.98,5362.924,9276.444,1966.141,5464.501,9156.886,1955.12,5129.175,9212.301,1951.155,5326.084,9241.306,1976.812,5120.683,9363.044,1992.067,5177.325,9196.284,2014.702,5318.726,9193.996,1978.241,5214.145,9291.501,2030.728,5145.693,9245.893,1981.396,5308.624,9313.063,2020.255,5263.423,9349.477,2016.508,5452.372,9387.201,1968.176,5265.483,9111.521,2008.945,5332.126,9295.235,1966.29,5380.948
9383.151,1975.98,5362.752,9276.329,1966.141,5464.674,9157.001,1955.12,5129.001,9212.264,1951.155,5326.103,9241.182,1976.812,5120.516,9363.242,1992.067,5177.262,9196.205,2014.702,5318.723,9194.203,1978.241,5214.163,9291.62,2030.728,5145.523,9245.975,1981.396,5308.509,9313.141,2020.255,5263.23,9349.382,2016.508,5452.186,9387.11,1968.176,5265.295,9111.426,2008.945,5332.309,9295.371,1966.29,5380.806
9383.039,1975.98,5362.577,9276.211,1966.141,5464.845,9157.111,1955.12,5128.825,9212.227,1951.155,5326.122,9241.062,1976.812,5120.345,9363.442,1992.067,5177.204,9196.126,2014.702,5318.721,9194.41,1978.241,5214.183,9291.738,2030.728,5145.352,9246.054,1981.396,5308.392,9313.224,2020.255,5263.039,9349.292,2016.508,5451.998,9387.026,1968.176,5265.105,9111.324,2008.945,5332.489,9295.512,1966.29,5380.668
9382.933,1975.98,5362.397,9276.091,1966.141,5465.015,9157.216,1955.12,5128.645,9212.189,1951.155,5326.141,9240.946,1976.812,5120.172,9363.644,1992.067,5177.151,9196.047,2014.702,5318.718,9194.617,1978.241,5214.201,9291.856,2030.728,5145.18,9246.129,1981.396,5308.272,9313.312,2020.255,5262.85,9349.208,2016.508,5451.808,9386.948,1968.176,5264.912,9111.217,2008.945,5332.665,9295.65,1966.29,5380.528
9382.832,1975.98,5362.215,9275.969,1966.141,5465.183,9157.314,1955.12,5128.461,9212.152,1951.155,5326.16,9240.835,1976.812,5119.996,9363.847,1992.067,5177.104,9195.967,2014.702,5318.715,9194.825,1978.241,5214.216,9291.974,2030.728,5145.007,9246.201,1981.396,5308.15,9313.403,2020.255,5262.664,9349.129,2016.508,5451.615,9386.877,1968.176,5264.716,9111.104,2008.945,5332.838,9295.788,1966.29,5380.387
9382.737,1975.98,5362.03,9275.846,1966.141,5465.35,9157.407,1955.12,5128.274,9212.115,1951.155,5326.179,9240.729,1976.812,5119.817,9364.051,1992.067,5177.062,9195.887,2014.702,5318.711,9195.033,1978.241,5214.232,9292.09,2030.728,5144.834,9246.271,1981.396,5308.026,9313.5,2020.255,5262.479,9349.055,2016.508,5451.42,9386.812,1968.176,5264.518,9110.985,2008.945,5333.007,9295.924,1966.29,5380.244
9382.648,1975.98,5361.841,9275.721,1966.141,5465.516,9157.494,1955.12,5128.085,9212.079,1951.155,5326.198,9240.626,1976.812,5119.636,9364.256,1992.067,5177.024,9195.807,2014.702,5318.708,9195.241,1978.241,5214.242,9292.205,2030.728,5144.661,9246.343,1981.396,5307.902,9313.592,2020.255,5262.292,9348.986,2016.508,5451.224,9386.752,1968.176,5264.318,9110.861,2008.945,5333.172,9296.058,1966.29,5380.1
9382.566,1975.98,5361.65,9275.602,1966.141,5465.686,9157.575,1955.12,5127.894,9212.043,1951.155,5326.217,9240.527,1976.812,5119.452,9364.462,1992.067,5176.992,9195.727,2014.702,5318.705,9195.449,1978.241,5214.248,9292.319,2030.728,5144.487,9246.416,1981.396,5307.779,9313.679,2020.255,5262.103,9348.912,2016.508,5451.029,9386.697,1968.176,5264.117,9110.732,2008.945,5333.333,9296.19,1966.29,5379.954
9382.49,1975.98,5361.456,9275.487,1966.141,5465.86,9157.65,1955.12,5127.699,9212.007,1951.155,5326.237,9240.434,1976.812,5119.266,9364.668,1992.067,5176.965,9195.646,2014.702,5318.701,9195.657,1978.241,5214.26,9292.433,2030.728,5144.313,9246.491,1981.396,5307.656,9313.761,2020.255,5261.912,9348.831,2016.508,5450.837,9386.647,1968.176,5263.915,9110.598,2008.945,5333.489,9296.321,1966.29,5379.806
9382.42,1975.98,5361.26,9275.379,1966.141,5466.037,9157.72,1955.12,5127.502,9211.971,1951.155,5326.256,9240.345,1976.812,5119.078,9364.875,1992.067,5176.943,9195.566,2014.702,5318.697,9195.864,1978.241,5214.279,9292.546,2030.728,5144.138,9246.565,1981.396,5307.532,9313.838,2020.255,5261.718,9348.744,2016.508,5450.648,9386.604,1968.176,5263.711,9110.458,2008.945,5333.641,9296.45,1966.29,5379.656
9382.356,1975.98,5361.062,9275.276,1966.141,5466.218,9157.782,1955.12,5127.304,9211.935,1951.155,5326.276,9240.26,1976.812,5118.888,9365.083,1992.067,5176.926,9195.486,2014.702,5318.693,9196.071,1978.241,5214.305,9292.658,2030.728,5143.963,9246.642,1981.396,5307.409,9313.91,2020.255,5261.523,9348.651,2016.508,5450.462,9386.564,1968.176,5263.507,9110.313,2008.945,5333.789,9296.578,1966.29,5379.505
9382.3,1975.98,5360.861,9275.18,1966.141,5466.402,9157.839,1955.12,5127.103,9211.898,1951.155,5326.296,9240.18,1976.812,5118.695,9365.291,1992.067,5176.913,9195.405,2014.702,5318.688,9196.277,1978.241,5214.337,9292.77,2030.728,5143.787,9246.72,1981.396,5307.287,9313.977,2020.255,5261.326,9348.552,2016.508,5450.279,9386.531,1968.176,5263.301,9110.164,2008.945,5333.931,9296.704,1966.29,5379.353
9382.249,1975.98,5360.659,9275.09,1966.141,5466.589,9157.889,1955.12,5126.901,9211.862,1951.155,5326.316,9240.104,1976.812,5118.501,9365.499,1992.067,5176.905,9195.324,2014.702,5318.684,9196.481,1978.241,5214.376,9292.88,2030.728,5143.61,9246.8,1981.396,5307.164,9314.038,2020.255,5261.127,9348.438,2016.508,5450.104,9386.504,1968.176,5263.095,9110.011,2008.945,5334.069,9296.828,1966.29,5379.199
9382.205,1975.98,5360.456,9274.993,1966.141,5466.773,9157.933,1955.12,5126.697,9211.826,1951.155,5326.336,9240.032,1976.812,5118.306,9365.707,1992.067,5176.902,9195.243,2014.702,5318.68,9196.685,1978.241,5214.422,9292.989,2030.728,5143.433,9246.88,1981.396,5307.041,9314.095,2020.255,5260.927,9348.331,2016.508,5449.925,9386.481,1968.176,5262.888,9109.853,2008.945,5334.202,9296.956,1966.29,5379.049
9382.168,1975.98,5360.25,9274.891,1966.141,5466.955,9157.97,1955.12,5126.492,9211.791,1951.155,5326.357,9239.966,1976.812,5118.108,9365.915,1992.067,5176.904,9195.162,2014.702,5318.675,9196.886,1978.241,5214.475,9293.098,2030.728,5143.255,9246.961,1981.396,5306.918,9314.146,2020.255,5260.725,9348.229,2016.508,5449.743,9386.465,1968.176,5262.68,9109.69,2008.945,5334.329,9297.088,1966.29,5378.901
9382.138,1975.98,5360.044,9274.782,1966.141,5467.132,9158.001,1955.12,5126.286,9211.756,1951.155,5326.377,9239.903,1976.812,5117.91,9366.123,1992.067,5176.91,9195.081,2014.702,5318.67,9197.089,1978.241,5214.521,9293.205,2030.728,5143.077,9247.043,1981.396,5306.795,9314.191,2020.255,5260.522,9348.134,2016.508,5449.558,9386.453,1968.176,5262.472,9109.524,2008.945,5334.451,9297.224,1966.29,5378.757
9382.114,1975.98,5359.837,9274.668,1966.141,5467.306,9158.025,1955.12,5126.079,9211.721,1951.155,5326.398,9239.846,1976.812,5117.709,9366.331,1992.067,5176.92,9195,2014.702,5318.665,9197.293,1978.241,5214.561,9293.313,2030.728,5142.898,9247.126,1981.396,5306.672,9314.231,2020.255,5260.318,9348.044,2016.508,5449.37,9386.447,1968.176,5262.264,9109.354,2008.945,5334.568,9297.363,1966.29,5378.617
9382.098,1975.98,5359.63,9274.549,1966.141,5467.476,9158.043,1955.12,5125.872,9211.686,1951.155,5326.419,9239.793,1976.812,5117.508,9366.539,1992.067,5176.935,9194.918,2014.702,5318.659,9197.499,1978.241,5214.593,9293.419,2030.728,5142.719,9247.209,1981.396,5306.549,9314.267,2020.255,5260.113,9347.961,2016.508,5449.179,9386.447,1968.176,5262.056,9109.181,2008.945,5334.679,9297.507,1966.29,5378.481
9382.087,1975.98,5359.422,9274.424,1966.141,5467.642,9158.055,1955.12,5125.664,9211.65,1951.155,5326.44,9239.744,1976.812,5117.306,9366.746,1992.067,5176.953,9194.836,2014.702,5318.654,9197.706,1978.241,5214.62,9293.524,2030.728,5142.539,9247.293,1981.396,5306.426,9314.296,2020.255,5259.907,9347.884,2016.508,5448.985,9386.452,1968.176,5261.848,9109.003,2008.945,5334.785,9297.654,1966.29,5378.349
9382.083,1975.98,5359.213,9274.293,1966.141,5467.804,9158.06,1955.12,5125.455,9211.615,1951.155,5326.461,9239.7,1976.812,5117.102,9366.953,1992.067,5176.976,9194.754,2014.702,5318.648,9197.913,1978.241,5214.639,9293.629,2030.728,5142.359,9247.377,1981.396,5306.302,9314.32,2020.255,5259.7,9347.813,2016.508,5448.79,9386.463,1968.176,5261.64,9108.822,2008.945,5334.885,9297.806,1966.29,5378.221
9382.086,1975.98,5359.005,9274.157,1966.141,5467.961,9158.058,1955.12,5125.247,9211.58,1951.155,5326.482,9239.66,1976.812,5116.897,9367.16,1992.067,5177.002,9194.672,2014.702,5318.642,9198.121,1978.241,5214.652,9293.732,2030.728,5142.178,9247.462,1981.396,5306.178,9314.339,2020.255,5259.493,9347.749,2016.508,5448.591,9386.479,1968.176,5261.432,9108.639,2008.945,5334.979,9297.961,1966.29,5378.097
9382.096,1975.98,5358.797,9274.017,1966.141,5468.114,9158.049,1955.12,5125.039,9211.546,1951.155,5326.503,9239.625,1976.812,5116.692,9367.367,1992.067,5177.021,9194.59,2014.702,5318.636,9198.329,1978.241,5214.658,9293.835,2030.728,5141.997,9247.547,1981.396,5306.054,9314.352,2020.255,5259.285,9347.691,2016.508,5448.391,9386.501,1968.176,5261.225,9108.452,2008.945,5335.067,9298.119,1966.29,5377.978
9382.112,1975.98,5358.589,9273.871,1966.141,5468.263,9158.034,1955.12,5124.831,9211.512,1951.155,5326.525,9239.594,1976.812,5116.486,9367.575,1992.067,5177.035,9194.508,2014.702,5318.63,9198.537,1978.241,5214.67,9293.942,2030.728,5141.818,9247.633,1981.396,5305.929,9314.359,2020.255,5259.077,9347.63,2016.508,5448.192,9386.528,1968.176,5261.019,9108.263,2008.945,5335.149,9298.281,1966.29,5377.863
9382.136,1975.98,5358.382,9273.721,1966.141,5468.406,9158.013,1955.12,5124.624,9211.478,1951.155,5326.546,9239.567,1976.812,5116.28,9367.783,1992.067,5177.042,9194.425,2014.702,5318.624,9198.744,1978.241,5214.687,9294.054,2030.728,5141.643,9247.719,1981.396,5305.804,9314.361,2020.255,5258.869,9347.556,2016.508,5447.998,9386.561,1968.176,5260.813,9108.07,2008.945,5335.226,9298.446,1966.29,5377.753
9382.166,1975.98,5358.176,9273.565,1966.141,5468.545,9157.984,1955.12,5124.417,9211.443,1951.155,5326.568,9239.545,1976.812,5116.073,9367.991,1992.067,5177.042,9194.342,2014.702,5318.617,9198.952,1978.241,5214.699,9294.169,2030.728,5141.469,9247.805,1981.396,5305.679,9314.357,2020.255,5258.661,9347.488,2016.508,5447.801,9386.599,1968.176,5260.608,9107.876,2008.945,5335.296,9298.615,1966.29,5377.648
9382.203,1975.98,5357.971,9273.406,1966.141,5468.678,9157.949,1955.12,5124.211,9211.409,1951.155,5326.59,9239.527,1976.812,5115.865,9368.199,1992.067,5177.035,9194.259,2014.702,5318.61,9199.159,1978.241,5214.717,9294.289,2030.728,5141.299,9247.891,1981.396,5305.553,9314.349,2020.255,5258.453,9347.427,2016.508,5447.602,9386.642,1968.176,5260.405,9107.68,2008.945,5335.36,9298.787,1966.29,5377.548
9382.247,1975.98,5357.768,9273.242,1966.141,5468.806,9157.908,1955.12,5124.007,9211.375,1951.155,5326.612,9239.514,1976.812,5115.657,9368.407,1992.067,5177.022,9194.176,2014.702,5318.603,9199.366,1978.241,5214.738,9294.413,2030.728,5141.131,9247.978,1981.396,5305.426,9314.334,2020.255,5258.246,9347.371,2016.508,5447.401,9386.69,1968.176,5260.202,9107.481,2008.945,5335.419,9298.962,1966.29,5377.454
9382.297,1975.98,5357.565,9273.074,1966.141,5468.929,9157.86,1955.12,5123.805,9211.341,1951.155,5326.634,9239.504,1976.812,5115.449,9368.614,1992.067,5177.002,9194.093,2014.702,5318.596,9199.573,1978.241,5214.759,9294.541,2030.728,5140.967,9248.064,1981.396,5305.299,9314.313,2020.255,5258.039,9347.322,2016.508,5447.198,9386.744,1968.176,5260.001,9107.282,2008.945,5335.472,9299.14,1966.29,5377.364
9382.354,1975.98,5357.365,9272.902,1966.141,5469.046,9157.807,1955.12,5123.604,9211.308,1951.155,5326.656,9239.498,1976.812,5115.241,9368.821,1992.067,5176.977,9194.01,2014.702,5318.588,9199.78,1978.241,5214.776,9294.673,2030.728,5140.806,9248.151,1981.396,5305.172,9314.288,2020.255,5257.832,9347.271,2016.508,5446.996,9386.804,1968.176,5259.801,9107.081,2008.945,5335.521,9299.32,1966.29,5377.28
9382.417,1975.98,5357.166,9272.727,1966.141,5469.157,9157.746,1955.12,5123.404,9211.274,1951.155,5326.678,9239.496,1976.812,5115.033,9369.027,1992.067,5176.944,9193.926,2014.702,5318.581,9199.988,1978.241,5214.786,9294.809,2030.728,5140.647,9248.238,1981.396,5305.044,9314.257,2020.255,5257.626,9347.228,2016.508,5446.792,9386.868,1968.176,5259.604,9106.88,2008.945,5335.57,9299.504,1966.29,5377.202
9382.486,1975.98,5356.97,9272.548,1966.141,5469.263,9157.68,1955.12,5123.207,9211.241,1951.155,5326.701,9239.498,1976.812,5114.825,9369.232,1992.067,5176.905,9193.842,2014.702,5318.573,9200.196,1978.241,5214.79,9294.948,2030.728,5140.493,9248.326,1981.396,5304.917,9314.221,2020.255,5257.421,9347.189,2016.508,5446.587,9386.938,1968.176,5259.407,9106.679,2008.945,5335.616,9299.689,1966.29,5377.129
9382.563,1975.98,5356.776,9272.365,1966.141,5469.362,9157.606,1955.12,5123.012,9211.208,1951.155,5326.723,9239.504,1976.812,5114.617,9369.436,1992.067,5176.859,9193.758,2014.702,5318.565,9200.404,1978.241,5214.787,9295.092,2030.728,5140.341,9248.414,1981.396,5304.788,9314.179,2020.255,5257.217,9347.158,2016.508,5446.381,9387.014,1968.176,5259.213,9106.477,2008.945,5335.661,9299.877,1966.29,5377.063
9382.645,1975.98,5356.584,9272.18,1966.141,5469.456,9157.527,1955.12,5122.819,9211.175,1951.155,5326.746,9239.514,1976.812,5114.409,9369.638,1992.067,5176.808,9193.674,2014.702,5318.557,9200.612,1978.241,5214.777,9295.238,2030.728,5140.193,9248.498,1981.396,5304.657,9314.137,2020.255,5257.013,9347.134,2016.508,5446.174,9387.095,1968.176,5259.021,9106.275,2008.945,5335.708,9300.067,1966.29,5377.001
9382.732,1975.98,5356.396,9271.991,1966.141,5469.543,9157.442,1955.12,5122.628,9211.142,1951.155,5326.769,9239.527,1976.812,5114.201,9369.838,1992.067,5176.75,9193.59,2014.702,5318.548,9200.82,1978.241,5214.761,9295.389,2030.728,5140.049,9248.586,1981.396,5304.527,9314.096,2020.255,5256.809,9347.116,2016.508,5445.967,9387.181,1968.176,5258.831,9106.073,2008.945,5335.753,9300.256,1966.29,5376.937
9382.827,1975.98,5356.21,9271.8,1966.141,5469.625,9157.352,1955.12,5122.441,9211.108,1951.155,5326.792,9239.545,1976.812,5113.993,9370.036,1992.067,5176.685,9193.506,2014.702,5318.54,9201.027,1978.241,5214.738,9295.542,2030.728,5139.909,9248.678,1981.396,5304.4,9314.055,2020.255,5256.604,9347.105,2016.508,5445.759,9387.271,1968.176,5258.644,9105.871,2008.945,5335.797,9300.443,1966.29,5376.869
9382.928,1975.98,5356.028,9271.605,1966.141,5469.699,9157.255,1955.12,5122.256,9211.075,1951.155,5326.814,9239.565,1976.812,5113.786,9370.232,1992.067,5176.614,9193.421,2014.702,5318.531,9201.233,1978.241,5214.708,9295.699,2030.728,5139.772,9248.773,1981.396,5304.275,9314.014,2020.255,5256.4,9347.102,2016.508,5445.55,9387.368,1968.176,5258.459,9105.669,2008.945,5335.84,9300.63,1966.29,5376.797
9383.034,1975.98,5355.849,9271.409,1966.141,5469.768,9157.152,1955.12,5122.075,9211.043,1951.155,5326.837,9239.59,1976.812,5113.579,9370.426,1992.067,5176.538,9193.336,2014.702,5318.522,9201.438,1978.241,5214.672,9295.859,2030.728,5139.639,9248.873,1981.396,5304.152,9313.973,2020.255,5256.196,9347.104,2016.508,5445.342,9387.47,1968.176,5258.277,9105.466,2008.945,5335.881,9300.814,1966.29,5376.72
9383.146,1975.98,5355.673,9271.211,1966.141,5469.83,9157.044,1955.12,5121.897,9211.011,1951.155,5326.86,9239.617,1976.812,5113.373,9370.617,1992.067,5176.455,9193.251,2014.702,5318.513,9201.643,1978.241,5214.633,9296.022,2030.728,5139.509,9248.977,1981.396,5304.032,9313.938,2020.255,5255.991,9347.114,2016.508,5445.134,9387.576,1968.176,5258.098,9105.263,2008.945,5335.922,9300.997,1966.29,5376.639
9383.264,1975.98,5355.501,9271.011,1966.141,5469.885,9156.931,1955.12,5121.723,9210.979,1951.155,5326.884,9239.647,1976.812,5113.167,9370.806,1992.067,5176.366,9193.166,2014.702,5318.504,9201.847,1978.241,5214.594,9296.188,2030.728,5139.384,9249.083,1981.396,5303.915,9313.908,2020.255,5255.785,9347.109,2016.508,5444.926,9387.688,1968.176,5257.922,9105.06,2008.945,5335.963,9301.178,1966.29,5376.553
9383.387,1975.98,5355.333,9270.809,1966.141,5469.934,9156.812,1955.12,5121.552,9210.946,1951.155,5326.907,9239.682,1976.812,5112.961,9370.991,1992.067,5176.271,9193.081,2014.702,5318.495,9202.051,1978.241,5214.556,9296.357,2030.728,5139.262,9249.193,1981.396,5303.799,9313.885,2020.255,5255.578,9347.107,2016.508,5444.717,9387.806,1968.176,5257.75,9104.856,2008.945,5336.003,9301.355,1966.29,5376.461
9383.515,1975.98,5355.169,9270.605,1966.141,5469.977,9156.688,1955.12,5121.385,9210.914,1951.155,5326.931,9239.719,1976.812,5112.756,9371.174,1992.067,5176.171,9192.995,2014.702,5318.486,9202.256,1978.241,5214.521,9296.529,2030.728,5139.145,9249.307,1981.396,5303.687,9313.867,2020.255,5255.371,9347.112,2016.508,5444.509,9387.929,1968.176,5257.582,9104.653,2008.945,5336.042,9301.531,1966.29,5376.365
9383.648,1975.98,5355.009,9270.4,1966.141,5470.012,9156.558,1955.12,5121.222,9210.882,1951.155,5326.954,9239.759,1976.812,5112.551,9371.354,1992.067,5176.065,9192.909,2014.702,5318.477,9202.462,1978.241,5214.491,9296.704,2030.728,5139.031,9249.424,1981.396,5303.577,9313.855,2020.255,5255.163,9347.124,2016.508,5444.301,9388.057,1968.176,5257.417,9104.449,2008.945,5336.077,9301.704,1966.29,5376.263
9383.787,1975.98,5354.854,9270.194,1966.141,5470.041,9156.423,1955.12,5121.063,9210.85,1951.155,5326.978,9239.802,1976.812,5112.348,9371.529,1992.067,5175.953,9192.823,2014.702,5318.469,9202.669,1978.241,5214.466,9296.881,2030.728,5138.921,9249.544,1981.396,5303.47,9313.85,2020.255,5254.955,9347.119,2016.508,5444.093,9388.189,1968.176,5257.257,9104.245,2008.945,5336.11,9301.874,1966.29,5376.156
9383.931,1975.98,5354.703,9269.987,1966.141,5470.063,9156.283,1955.12,5120.908,9210.818,1951.155,5327.001,9239.847,1976.812,5112.145,9371.701,1992.067,5175.836,9192.737,2014.702,5318.461,9202.875,1978.241,5214.436,9297.061,2030.728,5138.816,9249.667,1981.396,5303.366,9313.85,2020.255,5254.747,9347.121,2016.508,5443.885,9388.327,1968.176,5257.101,9104.04,2008.945,5336.14,9302.04,1966.29,5376.044
9384.079,1975.98,5354.557,9269.78,1966.141,5470.079,9156.139,1955.12,5120.757,9210.787,1951.155,5327.025,9239.895,1976.812,5111.942,9371.87,1992.067,5175.713,9192.65,2014.702,5318.454,9203.08,1978.241,5214.402,9297.242,2030.728,5138.714,9249.793,1981.396,5303.265,9313.855,2020.255,5254.539,9347.13,2016.508,5443.677,9388.47,1968.176,5256.948,9103.835,2008.945,5336.168,9302.203,1966.29,5375.927
9384.232,1975.98,5354.415,9269.572,1966.141,5470.087,9155.99,1955.12,5120.612,9210.756,1951.155,5327.049,9239.945,1976.812,5111.74,9372.035,1992.067,5175.586,9192.563,2014.702,5318.446,9203.285,1978.241,5214.368,9297.427,2030.728,5138.617,9249.922,1981.396,5303.167,9313.867,2020.255,5254.331,9347.146,2016.508,5443.469,9388.616,1968.176,5256.8,9103.63,2008.945,5336.193,9302.362,1966.29,5375.804
9384.39,1975.98,5354.278,9269.364,1966.141,5470.089,9155.837,1955.12,5120.471,9210.725,1951.155,5327.073,9239.998,1976.812,5111.539,9372.196,1992.067,5175.453,9192.477,2014.702,5318.439,9203.491,1978.241,5214.335,9297.613,2030.728,5138.524,9250.054,1981.396,5303.071,9313.885,2020.255,5254.123,9347.168,2016.508,5443.262,9388.768,1968.176,5256.657,9103.424,2008.945,5336.212,9302.518,1966.29,5375.677
9384.551,1975.98,5354.147,9269.156,1966.141,5470.084,9155.68,1955.12,5120.334,9210.693,1951.155,5327.097,9240.054,1976.812,5111.338,9372.353,1992.067,5175.315,9192.39,2014.702,5318.433,9203.697,1978.241,5214.308,9297.802,2030.728,5138.435,9250.188,1981.396,5302.978,9313.908,2020.255,5253.916,9347.197,2016.508,5443.056,9388.923,1968.176,5256.519,9103.217,2008.945,5336.224,9302.669,1966.29,5375.544
9384.717,1975.98,5354.021,9268.948,1966.141,5470.073,9155.518,1955.12,5120.203,9210.662,1951.155,5327.122,9240.111,1976.812,5111.138,9372.505,1992.067,5175.173,9192.303,2014.702,5318.427,9203.903,1978.241,5214.276,9297.992,2030.728,5138.35,9250.324,1981.396,5302.889,9313.938,2020.255,5253.71,9347.233,2016.508,5442.851,9389.083,1968.176,5256.386,9103.01,2008.945,5336.229,9302.816,1966.29,5375.407
9384.887,1975.98,5353.899,9268.741,1966.141,5470.054,9155.352,1955.12,5120.077,9210.631,1951.155,5327.146,9240.171,1976.812,5110.938,9372.652,1992.067,5175.026,9192.215,2014.702,5318.421,9204.109,1978.241,5214.245,9298.185,2030.728,5138.27,9250.463,1981.396,5302.802,9313.972,2020.255,5253.505,9347.236,2016.508,5442.643,9389.247,1968.176,5256.257,9102.803,2008.945,5336.227,9302.959,1966.29,5375.266
9385.06,1975.98,5353.784,9268.535,1966.141,5470.029,9155.182,1955.12,5119.956,9210.601,1951.155,5327.17,9240.233,1976.812,5110.74,9372.795,1992.067,5174.875,9192.127,2014.702,5318.416,9204.315,1978.241,5214.216,9298.378,2030.728,5138.193,9250.604,1981.396,5302.719,9314.012,2020.255,5253.301,9347.246,2016.508,5442.435,9389.415,1968.176,5256.134,9102.596,2008.945,5336.218,9303.097,1966.29,5375.12
9385.236,1975.98,5353.673,9268.33,1966.141,5469.997,9155.009,1955.12,5119.84,9210.57,1951.155,5327.195,9240.298,1976.812,5110.542,9372.934,1992.067,5174.719,9192.039,2014.702,5318.41,9204.522,1978.241,5214.19,9298.573,2030.728,5138.121,9250.748,1981.396,5302.638,9314.057,2020.255,5253.098,9347.263,2016.508,5442.227,9389.587,1968.176,5256.016,9102.389,2008.945,5336.202,9303.23,1966.29,5374.969
9385.416,1975.98,5353.568,9268.126,1966.141,5469.958,9154.832,1955.12,5119.73,9210.54,1951.155,5327.219,9240.364,1976.812,5110.344,9373.067,1992.067,5174.559,9191.951,2014.702,5318.405,9204.729,1978.241,5214.162,9298.771,2030.728,5138.053,9250.894,1981.396,5302.56,9314.107,2020.255,5252.896,9347.286,2016.508,5442.02,9389.763,1968.176,5255.904,9102.183,2008.945,5336.18,9303.359,1966.29,5374.814
9385.599,1975.98,5353.469,9267.923,1966.141,5469.913,9154.652,1955.12,5119.625,9210.51,1951.155,5327.244,9240.432,1976.812,5110.147,9373.195,1992.067,5174.395,9191.862,2014.702,5318.401,9204.936,1978.241,5214.138,9298.969,2030.728,5137.989,9251.041,1981.396,5302.485,9314.163,2020.255,5252.695,9347.316,2016.508,5441.814,9389.941,1968.176,5255.797,9101.978,2008.945,5336.151,9303.483,1966.29,5374.656
9385.947,1975.98,5353.292,9267.546,1966.141,5469.815,9154.31,1955.12,5119.438,9210.453,1951.155,5327.29,9240.563,1976.812,5109.78,9373.427,1992.067,5174.08,9191.696,2014.702,5318.393,9205.323,1978.241,5214.092,9299.343,2030.728,5137.877,9251.321,1981.396,5302.35,9314.277,2020.255,5252.322,9347.363,2016.508,5441.427,9390.282,1968.176,5255.607,9101.601,2008.945,5336.056,9303.705,1966.29,5374.351
9386.322,1975.98,5353.117,9267.149,1966.141,5469.699,9153.94,1955.12,5119.251,9210.394,1951.155,5327.339,9240.704,1976.812,5109.391,9373.661,1992.067,5173.739,9191.52,2014.702,5318.385,9205.733,1978.241,5214.037,9299.741,2030.728,5137.767,9251.622,1981.396,5302.211,9314.408,2020.255,5251.929,9347.417,2016.508,5441.017,9390.65,1968.176,5255.417,9101.198,2008.945,5335.968,9303.93,1966.29,5374.02
9386.608,1975.98,5352.992,9266.854,1966.141,5469.602,9153.658,1955.12,5119.119,9210.349,1951.155,5327.376,9240.813,1976.812,5109.099,9373.83,1992.067,5173.478,9191.386,2014.702,5318.38,9206.042,1978.241,5213.999,9300.043,2030.728,5137.69,9251.847,1981.396,5302.1,9314.514,2020.255,5251.636,9347.456,2016.508,5440.708,9390.932,1968.176,5255.283,9100.897,2008.945,5335.893,9304.104,1966.29,5373.774
9386.809,1975.98,5352.911,9266.652,1966.141,5469.527,9153.465,1955.12,5119.022,9210.317,1951.155,5327.402,9240.884,1976.812,5108.895,9373.941,1992.067,5173.292,9191.293,2014.702,5318.376,9206.257,1978.241,5213.973,9300.254,2030.728,5137.641,9252,1981.396,5302.017,9314.592,2020.255,5251.435,9347.49,2016.508,5440.494,9391.13,1968.176,5255.196,9100.688,2008.945,5335.847,9304.229,1966.29,5373.606
9387.475,1975.98,5352.661,9265.994,1966.141,5469.261,9152.838,1955.12,5118.686,9210.216,1951.155,5327.488,9241.099,1976.812,5108.216,9374.29,1992.067,5172.672,9190.985,2014.702,5318.366,9206.96,1978.241,5213.867,9300.95,2030.728,5137.493,9252.498,1981.396,5301.729,9314.864,2020.255,5250.777,9347.626,2016.508,5439.795,9391.79,1968.176,5254.93,9099.99,2008.945,5335.719,9304.656,1966.29,5373.065
9387.987,1975.98,5352.482,9265.498,1966.141,5469.042,9152.367,1955.12,5118.415,9210.139,1951.155,5327.553,9241.25,1976.812,5107.694,9374.542,1992.067,5172.19,9190.749,2014.702,5318.358,9207.499,1978.241,5213.799,9301.483,2030.728,5137.39,9252.874,1981.396,5301.496,9315.084,2020.255,5250.281,9347.747,2016.508,5439.266,9392.301,1968.176,5254.743,9099.455,2008.945,5335.639,9304.992,1966.29,5372.66
9388.352,1975.98,5352.353,9265.15,1966.141,5468.875,9152.038,1955.12,5118.212,9210.085,1951.155,5327.599,9241.348,1976.812,5107.321,9374.73,1992.067,5171.854,9190.58,2014.702,5318.354,9207.883,1978.241,5213.76,9301.862,2030.728,5137.316,9253.138,1981.396,5301.32,9315.248,2020.255,5249.931,9347.846,2016.508,5438.892,9392.668,1968.176,5254.622,9099.081,2008.945,5335.549,9305.238,1966.29,5372.378
9388.78,1975.98,5352.21,9264.752,1966.141,5468.666,9151.661,1955.12,5117.965,9210.022,1951.155,5327.653,9241.451,1976.812,5106.881,9374.962,1992.067,5171.466,9190.382,2014.702,5318.349,9208.332,1978.241,5213.721,9302.305,2030.728,5137.229,9253.44,1981.396,5301.105,9315.448,2020.255,5249.527,9347.946,2016.508,5438.452,9393.101,1968.176,5254.493,9098.643,2008.945,5335.45,9305.535,1966.29,5372.056
9389.632,1975.98,5351.947,9263.978,1966.141,5468.228,9150.931,1955.12,5117.454,9209.898,1951.155,5327.76,9241.633,1976.812,5106.008,9375.439,1992.067,5170.713,9189.987,2014.702,5318.34,9209.22,1978.241,5213.643,9303.179,2030.728,5137.057,9254.028,1981.396,5300.66,9315.861,2020.255,5248.737,9348.173,2016.508,5437.59,9393.963,1968.176,5254.267,9097.771,2008.945,5335.281,9306.139,1966.29,5371.436
9390.082,1975.98,5351.816,9263.578,1966.141,5467.984,9150.555,1955.12,5117.173,9209.834,1951.155,5327.816,9241.717,1976.812,5105.547,9375.701,1992.067,5170.324,9189.778,2014.702,5318.335,9209.687,1978.241,5213.604,9303.639,2030.728,5136.965,9254.333,1981.396,5300.414,9316.087,2020.255,5248.326,9348.307,2016.508,5437.141,9394.42,1968.176,5254.163,9097.313,2008.945,5335.188,9306.465,1966.29,5371.119
9390.482,1975.98,5351.706,9263.232,1966.141,5467.757,9150.229,1955.12,5116.916,9209.777,1951.155,5327.866,9241.78,1976.812,5105.137,9375.94,1992.067,5169.985,9189.592,2014.702,5318.333,9210.101,1978.241,5213.575,9304.046,2030.728,5136.883,9254.598,1981.396,5300.188,9316.294,2020.255,5247.966,9348.438,2016.508,5436.747,9394.827,1968.176,5254.083,9096.904,2008.945,5335.119,9306.762,1966.29,5370.846
9390.809,1975.98,5351.621,9262.958,1966.141,5467.564,9149.972,1955.12,5116.698,9209.731,1951.155,5327.907,9241.823,1976.812,5104.803,9376.142,1992.067,5169.714,9189.44,2014.702,5318.331,9210.437,1978.241,5213.556,9304.376,2030.728,5136.816,9254.808,1981.396,5299.996,9316.467,2020.255,5247.677,9348.553,2016.508,5436.43,9395.16,1968.176,5254.029,9096.574,2008.945,5335.059,9307.009,1966.29,5370.631
9391.011,1975.98,5351.569,9262.792,1966.141,5467.439,9149.816,1955.12,5116.56,9209.703,1951.155,5327.932,9241.845,1976.812,5104.596,9376.27,1992.067,5169.55,9189.347,2014.702,5318.33,9210.645,1978.241,5213.549,9304.58,2030.728,5136.775,9254.935,1981.396,5299.874,9316.577,2020.255,5247.5,9348.638,2016.508,5436.24,9395.367,1968.176,5254.002,9096.369,2008.945,5335.023,9307.166,1966.29,5370.502
9391.483,1975.98,5351.444,9262.412,1966.141,5467.133,9149.462,1955.12,5116.223,9209.638,1951.155,5327.991,9241.883,1976.812,5104.108,9376.577,1992.067,5169.169,9189.125,2014.702,5318.328,9211.133,1978.241,5213.528,9305.06,2030.728,5136.677,9255.225,1981.396,5299.577,9316.844,2020.255,5247.09,9348.797,2016.508,5435.777,9395.854,1968.176,5253.954,9095.886,2008.945,5334.956,9307.543,1966.29,5370.211
9391.885,1975.98,5351.342,9262.099,1966.141,5466.863,9149.17,1955.12,5115.928,9209.582,1951.155,5328.041,9241.905,1976.812,5103.694,9376.843,1992.067,5168.851,9188.936,2014.702,5318.327,9211.547,1978.241,5213.506,9305.466,2030.728,5136.594,9255.464,1981.396,5299.317,9317.075,2020.255,5246.746,9348.913,2016.508,5435.379,9396.269,1968.176,5253.926,9095.475,2008.945,5334.913,9307.87,1966.29,5369.974
9392.275,1975.98,5351.246,9261.803,1966.141,5466.591,9148.896,1955.12,5115.634,9209.528,1951.155,5328.09,9241.917,1976.812,5103.291,9377.11,1992.067,5168.55,9188.751,2014.702,5318.326,9211.948,1978.241,5213.482,9305.86,2030.728,5136.513,9255.689,1981.396,5299.057,9317.306,2020.255,5246.416,9349.038,2016.508,5434.997,9396.669,1968.176,5253.886,9095.076,2008.945,5334.865,9308.194,1966.29,5369.753
9392.654,1975.98,5351.156,9261.525,1966.141,5466.319,9148.639,1955.12,5115.341,9209.477,1951.155,5328.137,9241.918,1976.812,5102.901,9377.377,1992.067,5168.266,9188.571,2014.702,5318.326,9212.337,1978.241,5213.456,9306.242,2030.728,5136.434,9255.901,1981.396,5298.798,9317.533,2020.255,5246.1,9349.171,2016.508,5434.63,9397.056,1968.176,5253.834,9094.689,2008.945,5334.832,9308.515,1966.29,5369.548
9393.021,1975.98,5351.071,9261.267,1966.141,5466.048,9148.399,1955.12,5115.051,9209.427,1951.155,5328.183,9241.932,1976.812,5102.525,9377.643,1992.067,5168,9188.397,2014.702,5318.327,9212.711,1978.241,5213.423,9306.608,2030.728,5136.349,9256.1,1981.396,5298.542,9317.757,2020.255,5245.798,9349.311,2016.508,5434.281,9397.427,1968.176,5253.772,9094.315,2008.945,5334.812,9308.829,1966.29,5369.36
9393.449,1975.98,5350.973,9260.975,1966.141,5465.721,9148.13,1955.12,5114.704,9209.369,1951.155,5328.237,9241.961,1976.812,5102.087,9377.962,1992.067,5167.698,9188.193,2014.702,5318.328,9213.147,1978.241,5213.375,9307.034,2030.728,5136.239,9256.324,1981.396,5298.236,9318.023,2020.255,5245.449,9349.487,2016.508,5433.879,9397.857,1968.176,5253.686,9093.884,2008.945,5334.735,9309.204,1966.29,5369.151
9393.789,1975.98,5350.897,9260.752,1966.141,5465.455,9147.925,1955.12,5114.421,9209.324,1951.155,5328.279,9241.996,1976.812,5101.74,9378.222,1992.067,5167.465,9188.031,2014.702,5318.329,9213.493,1978.241,5213.332,9307.369,2030.728,5136.143,9256.497,1981.396,5297.987,9318.238,2020.255,5245.175,9349.638,2016.508,5433.564,9398.197,1968.176,5253.605,9093.539,2008.945,5334.685,9309.507,1966.29,5368.994
9394.059,1975.98,5350.837,9260.583,1966.141,5465.238,9147.77,1955.12,5114.193,9209.289,1951.155,5328.313,9242.032,1976.812,5101.466,9378.433,1992.067,5167.287,9187.902,2014.702,5318.33,9213.767,1978.241,5213.293,9307.633,2030.728,5136.06,9256.629,1981.396,5297.786,9318.411,2020.255,5244.96,9349.766,2016.508,5433.319,9398.464,1968.176,5253.534,9093.266,2008.945,5334.654,9309.75,1966.29,5368.877
9394.481,1975.98,5350.745,9260.329,1966.141,5464.89,9147.538,1955.12,5113.828,9209.233,1951.155,5328.366,9242.104,1976.812,5101.039,9378.771,1992.067,5167.018,9187.699,2014.702,5318.332,9214.193,1978.241,5213.225,9308.042,2030.728,5135.919,9256.828,1981.396,5297.465,9318.687,2020.255,5244.626,9349.978,2016.508,5432.942,9398.878,1968.176,5253.407,9092.835,2008.945,5334.62,9310.137,1966.29,5368.706
9394.74,1975.98,5350.688,9260.181,1966.141,5464.671,9147.403,1955.12,5113.6,9209.199,1951.155,5328.398,9242.155,1976.812,5100.779,9378.983,1992.067,5166.858,9187.574,2014.702,5318.334,9214.454,1978.241,5213.179,9308.29,2030.728,5135.826,9256.957,1981.396,5297.271,9318.849,2020.255,5244.417,9350.115,2016.508,5432.716,9399.129,1968.176,5253.321,9092.57,2008.945,5334.608,9310.371,1966.29,5368.594
9395.005,1975.98,5350.629,9260.036,1966.141,5464.443,9147.272,1955.12,5113.361,9209.165,1951.155,5328.432,9242.218,1976.812,5100.515,9379.205,1992.067,5166.702,9187.446,2014.702,5318.336,9214.723,1978.241,5213.14,9308.542,2030.728,5135.725,9257.095,1981.396,5297.077,9319.018,2020.255,5244.204,9350.241,2016.508,5432.476,9399.383,1968.176,5253.225,9092.3,2008.945,5334.609,9310.607,1966.29,5368.472
9395.301,1975.98,5350.565,9259.883,1966.141,5464.183,9147.136,1955.12,5113.091,9209.127,1951.155,5328.469,9242.297,1976.812,5100.222,9379.457,1992.067,5166.534,9187.303,2014.702,5318.339,9215.023,1978.241,5213.105,9308.819,2030.728,5135.604,9257.255,1981.396,5296.864,9319.209,2020.255,5243.969,9350.388,2016.508,5432.211,9399.662,1968.176,5253.109,9091.998,2008.945,5334.622,9310.866,1966.29,5368.329
9395.646,1975.98,5350.491,9259.714,1966.141,5463.875,9146.986,1955.12,5112.771,9209.083,1951.155,5328.512,9242.4,1976.812,5099.884,9379.757,1992.067,5166.347,9187.135,2014.702,5318.342,9215.375,1978.241,5213.075,9309.14,2030.728,5135.454,9257.449,1981.396,5296.621,9319.435,2020.255,5243.698,9350.566,2016.508,5431.906,9399.983,1968.176,5252.962,9091.646,2008.945,5334.626,9311.164,1966.29,5368.152
9396.001,1975.98,5350.416,9259.551,1966.141,5463.553,9146.844,1955.12,5112.438,9209.038,1951.155,5328.557,9242.518,1976.812,5099.541,9380.069,1992.067,5166.163,9186.962,2014.702,5318.346,9215.736,1978.241,5213.054,9309.464,2030.728,5135.291,9257.656,1981.396,5296.375,9319.67,2020.255,5243.422,9350.758,2016.508,5431.599,9400.309,1968.176,5252.801,9091.284,2008.945,5334.618,9311.464,1966.29,5367.962
9396.205,1975.98,5350.373,9259.463,1966.141,5463.365,9146.769,1955.12,5112.243,9209.013,1951.155,5328.583,9242.591,1976.812,5099.346,9380.252,1992.067,5166.063,9186.862,2014.702,5318.349,9215.944,1978.241,5213.048,9309.647,2030.728,5135.192,9257.78,1981.396,5296.238,9319.8,2020.255,5243.259,9350.872,2016.508,5431.425,9400.492,1968.176,5252.703,9091.076,2008.945,5334.607,9311.633,1966.29,5367.848
9396.672,1975.98,5350.274,9259.275,1966.141,5462.929,9146.61,1955.12,5111.793,9208.954,1951.155,5328.642,9242.774,1976.812,5098.906,9380.676,1992.067,5165.844,9186.633,2014.702,5318.355,9216.421,1978.241,5213.047,9310.062,2030.728,5134.956,9258.074,1981.396,5295.933,9320.086,2020.255,5242.878,9351.145,2016.508,5431.034,9400.927,1968.176,5252.507,9090.604,2008.945,5334.548,9312.013,1966.29,5367.575
9396.948,1975.98,5350.217,9259.173,1966.141,5462.667,9146.525,1955.12,5111.524,9208.92,1951.155,5328.677,9242.892,1976.812,5098.649,9380.93,1992.067,5165.722,9186.496,2014.702,5318.359,9216.703,1978.241,5213.054,9310.303,2030.728,5134.809,9258.255,1981.396,5295.758,9320.249,2020.255,5242.647,9351.312,2016.508,5430.807,9401.181,1968.176,5252.383,9090.324,2008.945,5334.523,9312.233,1966.29,5367.408
9397.152,1975.98,5350.175,9259.104,1966.141,5462.472,9146.47,1955.12,5111.324,9208.895,1951.155,5328.703,9242.984,1976.812,5098.462,9381.12,1992.067,5165.637,9186.396,2014.702,5318.362,9216.911,1978.241,5213.065,9310.478,2030.728,5134.695,9258.392,1981.396,5295.632,9320.372,2020.255,5242.479,9351.439,2016.508,5430.643,9401.365,1968.176,5252.286,9090.118,2008.945,5334.492,9312.393,1966.29,5367.279
9397.417,1975.98,5350.121,9259.021,1966.141,5462.216,9146.405,1955.12,5111.061,9208.861,1951.155,5328.737,9243.112,1976.812,5098.224,9381.37,1992.067,5165.534,9186.265,2014.702,5318.367,9217.181,1978.241,5213.087,9310.7,2030.728,5134.542,9258.575,1981.396,5295.474,9320.525,2020.255,5242.256,9351.611,2016.508,5430.434,9401.6,1968.176,5252.151,9089.851,2008.945,5334.461,9312.594,1966.29,5367.106
9397.647,1975.98,5350.074,9258.957,1966.141,5461.991,9146.356,1955.12,5110.831,9208.833,1951.155,5328.766,9243.23,1976.812,5098.021,9381.59,1992.067,5165.449,9186.15,2014.702,5318.371,9217.415,1978.241,5213.112,9310.89,2030.728,5134.403,9258.739,1981.396,5295.341,9320.653,2020.255,5242.059,9351.766,2016.508,5430.256,9401.8,1968.176,5252.028,9089.616,2008.945,5334.441,9312.765,1966.29,5366.951
9397.938,1975.98,5350.015,9258.885,1966.141,5461.706,9146.305,1955.12,5110.539,9208.798,1951.155,5328.803,9243.387,1976.812,5097.769,9381.869,1992.067,5165.351,9186.006,2014.702,5318.376,9217.708,1978.241,5213.151,9311.123,2030.728,5134.221,9258.952,1981.396,5295.18,9320.81,2020.255,5241.808,9351.966,2016.508,5430.038,9402.057,1968.176,5251.881,9089.321,2008.945,5334.426,9312.974,1966.29,5366.75
9398.142,1975.98,5349.974,9258.84,1966.141,5461.503,9146.275,1955.12,5110.333,9208.773,1951.155,5328.829,9243.503,1976.812,5097.596,9382.067,1992.067,5165.286,9185.903,2014.702,5318.38,9217.914,1978.241,5213.184,9311.284,2030.728,5134.089,9259.105,1981.396,5295.072,9320.918,2020.255,5241.63,9352.11,2016.508,5429.888,9402.253,1968.176,5251.811,9089.114,2008.945,5334.403,9313.117,1966.29,5366.603
9398.346,1975.98,5349.934,9258.802,1966.141,5461.3,9146.253,1955.12,5110.126,9208.749,1951.155,5328.855,9243.624,1976.812,5097.427,9382.268,1992.067,5165.227,9185.801,2014.702,5318.385,9218.119,1978.241,5213.222,9311.441,2030.728,5133.952,9259.263,1981.396,5294.968,9321.029,2020.255,5241.454,9352.259,2016.508,5429.742,9402.447,1968.176,5251.735,9088.907,2008.945,5334.386,9313.256,1966.29,5366.453
9398.552,1975.98,5349.893,9258.77,1966.141,5461.093,9146.237,1955.12,5109.916,9208.725,1951.155,5328.882,9243.752,1976.812,5097.26,9382.471,1992.067,5165.173,9185.697,2014.702,5318.389,9218.325,1978.241,5213.266,9311.596,2030.728,5133.81,9259.425,1981.396,5294.869,9321.144,2020.255,5241.277,9352.413,2016.508,5429.599,9402.641,1968.176,5251.652,9088.697,2008.945,5334.376,9313.392,1966.29,5366.297
9398.967,1975.98,5349.811,9258.718,1966.141,5460.676,9146.219,1955.12,5109.494,9208.675,1951.155,5328.935,9244.006,1976.812,5096.921,9382.882,1992.067,5165.074,9185.488,2014.702,5318.399,9218.736,1978.241,5213.362,9311.897,2030.728,5133.514,9259.757,1981.396,5294.68,9321.379,2020.255,5240.926,9352.73,2016.508,5429.32,9403.031,1968.176,5251.491,9088.275,2008.945,5334.362,9313.655,1966.29,5365.976
9399.171,1975.98,5349.771,9258.699,1966.141,5460.47,9146.217,1955.12,5109.285,9208.65,1951.155,5328.961,9244.136,1976.812,5096.759,9383.086,1992.067,5165.031,9185.385,2014.702,5318.404,9218.938,1978.241,5213.415,9312.042,2030.728,5133.364,9259.924,1981.396,5294.591,9321.497,2020.255,5240.755,9352.891,2016.508,5429.187,9403.221,1968.176,5251.405,9088.067,2008.945,5334.362,9313.78,1966.29,5365.813
9399.375,1975.98,5349.731,9258.687,1966.141,5460.264,9146.222,1955.12,5109.077,9208.626,1951.155,5328.988,9244.271,1976.812,5096.601,9383.291,1992.067,5164.992,9185.281,2014.702,5318.409,9219.138,1978.241,5213.472,9312.183,2030.728,5133.209,9260.083,1981.396,5294.49,9321.617,2020.255,5240.585,9353.054,2016.508,5429.058,9403.408,1968.176,5251.313,9087.859,2008.945,5334.35,9313.9,1966.29,5365.647
9399.579,1975.98,5349.692,9258.681,1966.141,5460.057,9146.233,1955.12,5108.869,9208.602,1951.155,5329.014,9244.395,1976.812,5096.432,9383.497,1992.067,5164.959,9185.178,2014.702,5318.414,9219.337,1978.241,5213.533,9312.318,2030.728,5133.051,9260.246,1981.396,5294.393,9321.737,2020.255,5240.415,9353.221,2016.508,5428.933,9403.592,1968.176,5251.215,9087.652,2008.945,5334.335,9314.016,1966.29,5365.478
9399.827,1975.98,5349.645,9258.682,1966.141,5459.805,9146.256,1955.12,5108.617,9208.572,1951.155,5329.046,9244.55,1976.812,5096.232,9383.748,1992.067,5164.925,9185.052,2014.702,5318.421,9219.577,1978.241,5213.611,9312.478,2030.728,5132.854,9260.447,1981.396,5294.281,9321.884,2020.255,5240.209,9353.428,2016.508,5428.788,9403.808,1968.176,5251.083,9087.401,2008.945,5334.307,9314.149,1966.29,5365.268
9400.032,1975.98,5349.607,9258.688,1966.141,5459.598,9146.281,1955.12,5108.41,9208.549,1951.155,5329.073,9244.684,1976.812,5096.072,9383.955,1992.067,5164.901,9184.947,2014.702,5318.427,9219.773,1978.241,5213.679,9312.604,2030.728,5132.689,9260.616,1981.396,5294.194,9322.004,2020.255,5240.039,9353.602,2016.508,5428.672,9403.988,1968.176,5250.979,9087.194,2008.945,5334.291,9314.254,1966.29,5365.092
9400.248,1975.98,5349.567,9258.702,1966.141,5459.381,9146.314,1955.12,5108.193,9208.523,1951.155,5329.101,9244.829,1976.812,5095.908,9384.174,1992.067,5164.882,9184.837,2014.702,5318.433,9219.979,1978.241,5213.754,9312.731,2030.728,5132.511,9260.793,1981.396,5294.1,9322.131,2020.255,5239.86,9353.787,2016.508,5428.556,9404.183,1968.176,5250.876,9086.977,2008.945,5334.272,9314.358,1966.29,5364.904
9400.453,1975.98,5349.529,9258.722,1966.141,5459.175,9146.353,1955.12,5107.988,9208.5,1951.155,5329.127,9244.984,1976.812,5095.771,9384.382,1992.067,5164.868,9184.732,2014.702,5318.438,9220.178,1978.241,5213.819,9312.848,2030.728,5132.338,9260.962,1981.396,5294.012,9322.249,2020.255,5239.689,9353.967,2016.508,5428.451,9404.37,1968.176,5250.785,9086.769,2008.945,5334.262,9314.455,1966.29,5364.723
9400.665,1975.98,5349.49,9258.749,1966.141,5458.962,9146.399,1955.12,5107.778,9208.476,1951.155,5329.154,9245.142,1976.812,5095.623,9384.598,1992.067,5164.859,9184.624,2014.702,5318.445,9220.385,1978.241,5213.879,9312.963,2030.728,5132.155,9261.138,1981.396,5293.923,9322.375,2020.255,5239.514,9354.155,2016.508,5428.346,9404.567,1968.176,5250.697,9086.553,2008.945,5334.259,9314.551,1966.29,5364.533
9400.87,1975.98,5349.453,9258.781,1966.141,5458.758,9146.451,1955.12,5107.576,9208.452,1951.155,5329.181,9245.288,1976.812,5095.476,9384.806,1992.067,5164.854,9184.519,2014.702,5318.451,9220.586,1978.241,5213.931,9313.069,2030.728,5131.976,9261.309,1981.396,5293.839,9322.494,2020.255,5239.343,9354.34,2016.508,5428.25,9404.76,1968.176,5250.618,9086.345,2008.945,5334.262,9314.64,1966.29,5364.349
9401.075,1975.98,5349.416,9258.819,1966.141,5458.555,9146.51,1955.12,5107.376,9208.429,1951.155,5329.208,9245.431,1976.812,5095.323,9385.014,1992.067,5164.854,9184.413,2014.702,5318.458,9220.789,1978.241,5213.977,9313.17,2030.728,5131.794,9261.48,1981.396,5293.755,9322.617,2020.255,5239.175,9354.527,2016.508,5428.16,9404.945,1968.176,5250.523,9086.137,2008.945,5334.272,9314.726,1966.29,5364.162
9401.28,1975.98,5349.38,9258.864,1966.141,5458.353,9146.574,1955.12,5107.178,9208.405,1951.155,5329.234,9245.568,1976.812,5095.167,9385.222,1992.067,5164.859,9184.308,2014.702,5318.464,9220.994,1978.241,5214.015,9313.266,2030.728,5131.609,9261.652,1981.396,5293.672,9322.739,2020.255,5239.007,9354.717,2016.508,5428.074,9405.131,1968.176,5250.428,9085.929,2008.945,5334.278,9314.808,1966.29,5363.974
9401.485,1975.98,5349.344,9258.915,1966.141,5458.152,9146.646,1955.12,5106.982,9208.382,1951.155,5329.261,9245.703,1976.812,5095.008,9385.43,1992.067,5164.868,9184.202,2014.702,5318.471,9221.2,1978.241,5214.047,9313.355,2030.728,5131.421,9261.824,1981.396,5293.589,9322.865,2020.255,5238.841,9354.904,2016.508,5427.983,9405.319,1968.176,5250.339,9085.722,2008.945,5334.254,9314.89,1966.29,5363.787
9401.69,1975.98,5349.307,9258.972,1966.141,5457.953,9146.724,1955.12,5106.789,9208.359,1951.155,5329.288,9245.841,1976.812,5094.852,9385.638,1992.067,5164.881,9184.096,2014.702,5318.478,9221.407,1978.241,5214.072,9313.439,2030.728,5131.23,9261.997,1981.396,5293.506,9322.994,2020.255,5238.677,9355.089,2016.508,5427.888,9405.511,1968.176,5250.257,9085.515,2008.945,5334.236,9314.973,1966.29,5363.599
9401.896,1975.98,5349.271,9259.034,1966.141,5457.756,9146.808,1955.12,5106.599,9208.337,1951.155,5329.315,9245.974,1976.812,5094.691,9385.846,1992.067,5164.898,9183.989,2014.702,5318.484,9221.614,1978.241,5214.091,9313.518,2030.728,5131.038,9262.17,1981.396,5293.424,9323.126,2020.255,5238.516,9355.271,2016.508,5427.787,9405.705,1968.176,5250.181,9085.307,2008.945,5334.225,9315.057,1966.29,5363.412
9402.101,1975.98,5349.235,9259.103,1966.141,5457.561,9146.897,1955.12,5106.411,9208.314,1951.155,5329.342,9246.089,1976.812,5094.52,9386.053,1992.067,5164.919,9183.883,2014.702,5318.492,9221.822,1978.241,5214.103,9313.591,2030.728,5130.842,9262.344,1981.396,5293.343,9323.261,2020.255,5238.357,9355.451,2016.508,5427.682,9405.901,1968.176,5250.111,9085.099,2008.945,5334.22,9315.141,1966.29,5363.225
9402.313,1975.98,5349.198,9259.179,1966.141,5457.36,9146.997,1955.12,5106.219,9208.291,1951.155,5329.37,9246.203,1976.812,5094.336,9386.267,1992.067,5164.945,9183.772,2014.702,5318.499,9222.038,1978.241,5214.107,9313.66,2030.728,5130.638,9262.524,1981.396,5293.259,9323.403,2020.255,5238.196,9355.634,2016.508,5427.567,9406.106,1968.176,5250.045,9084.883,2008.945,5334.223,9315.229,1966.29,5363.032
9402.519,1975.98,5349.163,9259.258,1966.141,5457.169,9147.1,1955.12,5106.038,9208.269,1951.155,5329.396,9246.308,1976.812,5094.156,9386.473,1992.067,5164.974,9183.665,2014.702,5318.506,9222.246,1978.241,5214.105,9313.722,2030.728,5130.439,9262.698,1981.396,5293.177,9323.544,2020.255,5238.042,9355.808,2016.508,5427.453,9406.294,1968.176,5249.954,9084.677,2008.945,5334.197,9315.314,1966.29,5362.846
9402.724,1975.98,5349.128,9259.343,1966.141,5456.981,9147.208,1955.12,5105.859,9208.246,1951.155,5329.423,9246.406,1976.812,5093.973,9386.679,1992.067,5165.006,9183.558,2014.702,5318.514,9222.454,1978.241,5214.097,9313.777,2030.728,5130.238,9262.873,1981.396,5293.096,9323.686,2020.255,5237.89,9355.979,2016.508,5427.333,9406.484,1968.176,5249.869,9084.47,2008.945,5334.179,9315.401,1966.29,5362.66
9402.929,1975.98,5349.094,9259.433,1966.141,5456.795,9147.322,1955.12,5105.685,9208.224,1951.155,5329.45,9246.505,1976.812,5093.789,9386.884,1992.067,5165.042,9183.45,2014.702,5318.521,9222.662,1978.241,5214.081,9313.827,2030.728,5130.036,9263.048,1981.396,5293.015,9323.828,2020.255,5237.738,9356.146,2016.508,5427.21,9406.678,1968.176,5249.79,9084.262,2008.945,5334.167,9315.489,1966.29,5362.474
9403.134,1975.98,5349.058,9259.527,1966.141,5456.611,9147.441,1955.12,5105.515,9208.201,1951.155,5329.477,9246.598,1976.812,5093.603,9387.088,1992.067,5165.081,9183.343,2014.702,5318.529,9222.869,1978.241,5214.059,9313.871,2030.728,5129.833,9263.223,1981.396,5292.934,9323.972,2020.255,5237.587,9356.312,2016.508,5427.083,9406.873,1968.176,5249.718,9084.054,2008.945,5334.161,9315.578,1966.29,5362.289
9403.339,1975.98,5349.023,9259.627,1966.141,5456.43,9147.566,1955.12,5105.348,9208.179,1951.155,5329.504,9246.71,1976.812,5093.427,9387.294,1992.067,5165.113,9183.234,2014.702,5318.537,9223.075,1978.241,5214.029,9313.908,2030.728,5129.627,9263.398,1981.396,5292.853,9324.117,2020.255,5237.438,9356.474,2016.508,5426.951,9407.07,1968.176,5249.652,9083.846,2008.945,5334.15,9315.668,1966.29,5362.104
9403.544,1975.98,5348.989,9259.731,1966.141,5456.252,9147.693,1955.12,5105.183,9208.157,1951.155,5329.531,9246.816,1976.812,5093.248,9387.501,1992.067,5165.139,9183.126,2014.702,5318.544,9223.28,1978.241,5213.994,9313.939,2030.728,5129.421,9263.573,1981.396,5292.771,9324.264,2020.255,5237.291,9356.632,2016.508,5426.816,9407.27,1968.176,5249.592,9083.638,2008.945,5334.146,9315.76,1966.29,5361.921
9403.749,1975.98,5348.954,9259.84,1966.141,5456.076,9147.81,1955.12,5105.011,9208.136,1951.155,5329.558,9246.917,1976.812,5093.066,9387.708,1992.067,5165.159,9183.018,2014.702,5318.551,9223.484,1978.241,5213.951,9313.965,2030.728,5129.215,9263.748,1981.396,5292.688,9324.412,2020.255,5237.145,9356.787,2016.508,5426.678,9407.471,1968.176,5249.538,9083.43,2008.945,5334.135,9315.853,1966.29,5361.738
9403.954,1975.98,5348.92,9259.953,1966.141,5455.903,9147.914,1955.12,5104.83,9208.114,1951.155,5329.584,9247.012,1976.812,5092.88,9387.916,1992.067,5165.171,9182.908,2014.702,5318.557,9223.687,1978.241,5213.902,9313.997,2030.728,5129.009,9263.923,1981.396,5292.604,9324.561,2020.255,5236.999,9356.939,2016.508,5426.537,9407.674,1968.176,5249.491,9083.223,2008.945,5334.11,9315.946,1966.29,5361.556
9404.16,1975.98,5348.888,9260.07,1966.141,5455.733,9148.024,1955.12,5104.653,9208.093,1951.155,5329.611,9247.101,1976.812,5092.692,9388.124,1992.067,5165.178,9182.799,2014.702,5318.562,9223.887,1978.241,5213.846,9314.036,2030.728,5128.804,9264.098,1981.396,5292.52,9324.71,2020.255,5236.854,9357.089,2016.508,5426.392,9407.878,1968.176,5249.45,9083.016,2008.945,5334.092,9316.042,1966.29,5361.374
9404.366,1975.98,5348.857,9260.19,1966.141,5455.565,9148.14,1955.12,5104.48,9208.071,1951.155,5329.638,9247.183,1976.812,5092.5,9388.332,1992.067,5165.178,9182.689,2014.702,5318.566,9224.085,1978.241,5213.784,9314.082,2030.728,5128.601,9264.271,1981.396,5292.434,9324.86,2020.255,5236.709,9357.235,2016.508,5426.245,9408.083,1968.176,5249.416,9082.808,2008.945,5334.08,9316.14,1966.29,5361.193
9404.572,1975.98,5348.826,9260.314,1966.141,5455.399,9148.25,1955.12,5104.303,9208.05,1951.155,5329.665,9247.271,1976.812,5092.312,9388.54,1992.067,5165.171,9182.579,2014.702,5318.57,9224.281,1978.241,5213.715,9314.134,2030.728,5128.399,9264.445,1981.396,5292.348,9325.011,2020.255,5236.565,9357.38,2016.508,5426.095,9408.289,1968.176,5249.388,9082.6,2008.945,5334.075,9316.239,1966.29,5361.014
9404.778,1975.98,5348.794,9260.441,1966.141,5455.236,9148.349,1955.12,5104.12,9208.028,1951.155,5329.692,9247.352,1976.812,5092.12,9388.748,1992.067,5165.158,9182.469,2014.702,5318.574,9224.476,1978.241,5213.64,9314.192,2030.728,5128.2,9264.619,1981.396,5292.26,9325.161,2020.255,5236.422,9357.521,2016.508,5425.942,9408.496,1968.176,5249.367,9082.392,2008.945,5334.077,9316.341,1966.29,5360.835
9404.984,1975.98,5348.764,9260.571,1966.141,5455.076,9148.439,1955.12,5103.932,9208.007,1951.155,5329.72,9247.438,1976.812,5091.93,9388.955,1992.067,5165.138,9182.358,2014.702,5318.576,9224.667,1978.241,5213.558,9314.258,2030.728,5128.002,9264.793,1981.396,5292.172,9325.312,2020.255,5236.278,9357.661,2016.508,5425.788,9408.704,1968.176,5249.353,9082.184,2008.945,5334.072,9316.444,1966.29,5360.658
9405.19,1975.98,5348.734,9260.703,1966.141,5454.917,9148.533,1955.12,5103.746,9207.985,1951.155,5329.747,9247.519,1976.812,5091.738,9389.162,1992.067,5165.111,9182.247,2014.702,5318.578,9224.855,1978.241,5213.47,9314.329,2030.728,5127.806,9264.967,1981.396,5292.083,9325.462,2020.255,5236.135,9357.798,2016.508,5425.631,9408.912,1968.176,5249.344,9081.976,2008.945,5334.074,9316.551,1966.29,5360.482
9405.396,1975.98,5348.705,9260.838,1966.141,5454.76,9148.633,1955.12,5103.563,9207.964,1951.155,5329.774,9247.605,1976.812,5091.548,9389.368,1992.067,5165.079,9182.136,2014.702,5318.58,9225.041,1978.241,5213.376,9314.407,2030.728,5127.613,9265.14,1981.396,5291.994,9325.612,2020.255,5235.991,9357.933,2016.508,5425.473,9409.12,1968.176,5249.343,9081.77,2008.945,5334.104,9316.659,1966.29,5360.308
9405.603,1975.98,5348.677,9260.974,1966.141,5454.605,9148.738,1955.12,5103.383,9207.943,1951.155,5329.802,9247.684,1976.812,5091.355,9389.572,1992.067,5165.039,9182.024,2014.702,5318.58,9225.224,1978.241,5213.277,9314.491,2030.728,5127.422,9265.313,1981.396,5291.904,9325.763,2020.255,5235.847,9358.066,2016.508,5425.313,9409.328,1968.176,5249.348,9081.563,2008.945,5334.128,9316.771,1966.29,5360.135
9405.808,1975.98,5348.642,9261.111,1966.141,5454.451,9148.813,1955.12,5103.189,9207.923,1951.155,5329.829,9247.769,1976.812,5091.165,9389.775,1992.067,5164.993,9181.913,2014.702,5318.58,9225.403,1978.241,5213.171,9314.582,2030.728,5127.235,9265.485,1981.396,5291.813,9325.913,2020.255,5235.703,9358.198,2016.508,5425.152,9409.536,1968.176,5249.359,9081.355,2008.945,5334.145,9316.888,1966.29,5359.966
9406.012,1975.98,5348.6,9261.251,1966.141,5454.299,9148.896,1955.12,5102.998,9207.902,1951.155,5329.856,9247.857,1976.812,5090.977,9389.978,1992.067,5164.941,9181.801,2014.702,5318.58,9225.579,1978.241,5213.06,9314.679,2030.728,5127.05,9265.658,1981.396,5291.721,9326.063,2020.255,5235.559,9358.329,2016.508,5424.99,9409.744,1968.176,5249.377,9081.147,2008.945,5334.154,9317.01,1966.29,5359.801
9406.217,1975.98,5348.562,9261.392,1966.141,5454.148,9148.983,1955.12,5102.809,9207.882,1951.155,5329.884,9247.952,1976.812,5090.791,9390.178,1992.067,5164.882,9181.688,2014.702,5318.578,9225.751,1978.241,5212.942,9314.781,2030.728,5126.869,9265.831,1981.396,5291.629,9326.214,2020.255,5235.415,9358.459,2016.508,5424.827,9409.951,1968.176,5249.402,9080.939,2008.945,5334.157,9317.136,1966.29,5359.638
9406.422,1975.98,5348.527,9261.533,1966.141,5453.998,9149.077,1955.12,5102.623,9207.861,1951.155,5329.911,9248.053,1976.812,5090.609,9390.376,1992.067,5164.817,9181.576,2014.702,5318.576,9225.919,1978.241,5212.82,9314.89,2030.728,5126.69,9266.004,1981.396,5291.536,9326.363,2020.255,5235.271,9358.588,2016.508,5424.664,9410.157,1968.176,5249.433,9080.731,2008.945,5334.158,9317.265,1966.29,5359.478
9406.628,1975.98,5348.495,9261.676,1966.141,5453.849,9149.178,1955.12,5102.44,9207.841,1951.155,5329.938,9248.159,1976.812,5090.43,9390.572,1992.067,5164.747,9181.463,2014.702,5318.574,9226.083,1978.241,5212.691,9315.004,2030.728,5126.516,9266.176,1981.396,5291.443,9326.514,2020.255,5235.126,9358.717,2016.508,5424.501,9410.362,1968.176,5249.471,9080.523,2008.945,5334.171,9317.397,1966.29,5359.321
9406.834,1975.98,5348.464,9261.819,1966.141,5453.701,9149.284,1955.12,5102.261,9207.82,1951.155,5329.966,9248.271,1976.812,5090.255,9390.766,1992.067,5164.669,9181.35,2014.702,5318.57,9226.243,1978.241,5212.558,9315.124,2030.728,5126.346,9266.348,1981.396,5291.349,9326.663,2020.255,5234.981,9358.847,2016.508,5424.338,9410.566,1968.176,5249.515,9080.316,2008.945,5334.189,9317.533,1966.29,5359.167
9407.04,1975.98,5348.434,9261.964,1966.141,5453.554,9149.396,1955.12,5102.085,9207.8,1951.155,5329.993,9248.39,1976.812,5090.083,9390.957,1992.067,5164.586,9181.236,2014.702,5318.566,9226.398,1978.241,5212.419,9315.249,2030.728,5126.179,9266.52,1981.396,5291.254,9326.812,2020.255,5234.835,9358.977,2016.508,5424.175,9410.769,1968.176,5249.565,9080.108,2008.945,5334.2,9317.673,1966.29,5359.016
9407.245,1975.98,5348.397,9262.109,1966.141,5453.407,9149.515,1955.12,5101.913,9207.779,1951.155,5330.021,9248.514,1976.812,5089.916,9391.151,1992.067,5164.51,9181.122,2014.702,5318.562,9226.549,1978.241,5212.276,9315.38,2030.728,5126.017,9266.691,1981.396,5291.159,9326.96,2020.255,5234.689,9359.107,2016.508,5424.014,9410.973,1968.176,5249.608,9079.9,2008.945,5334.205,9317.817,1966.29,5358.87
9407.449,1975.98,5348.354,9262.255,1966.141,5453.261,9149.638,1955.12,5101.745,9207.759,1951.155,5330.048,9248.643,1976.812,5089.753,9391.343,1992.067,5164.428,9181.008,2014.702,5318.557,9226.694,1978.241,5212.127,9315.516,2030.728,5125.858,9266.863,1981.396,5291.063,9327.107,2020.255,5234.543,9359.239,2016.508,5423.853,9411.178,1968.176,5249.646,9079.692,2008.945,5334.203,9317.967,1966.29,5358.729
9407.651,1975.98,5348.303,9262.401,1966.141,5453.116,9149.767,1955.12,5101.581,9207.739,1951.155,5330.075,9248.777,1976.812,5089.594,9391.536,1992.067,5164.351,9180.894,2014.702,5318.551,9226.835,1978.241,5211.974,9315.656,2030.728,5125.705,9267.035,1981.396,5290.967,9327.254,2020.255,5234.395,9359.372,2016.508,5423.692,9411.384,1968.176,5249.676,9079.484,2008.945,5334.209,9318.121,1966.29,5358.592
9407.852,1975.98,5348.247,9262.549,1966.141,5452.971,9149.9,1955.12,5101.421,9207.72,1951.155,5330.103,9248.9,1976.812,5089.426,9391.728,1992.067,5164.268,9180.779,2014.702,5318.545,9226.971,1978.241,5211.816,9315.802,2030.728,5125.556,9267.207,1981.396,5290.87,9327.399,2020.255,5234.246,9359.507,2016.508,5423.533,9411.591,1968.176,5249.699,9079.276,2008.945,5334.218,9318.279,1966.29,5358.46
9408.05,1975.98,5348.183,9262.696,1966.141,5452.827,9150.039,1955.12,5101.266,9207.7,1951.155,5330.13,9249.029,1976.812,5089.262,9391.916,1992.067,5164.179,9180.664,2014.702,5318.538,9227.102,1978.241,5211.654,9315.952,2030.728,5125.412,9267.379,1981.396,5290.773,9327.543,2020.255,5234.095,9359.643,2016.508,5423.375,9411.799,1968.176,5249.716,9079.068,2008.945,5334.22,9318.441,1966.29,5358.333
9408.246,1975.98,5348.113,9262.844,1966.141,5452.683,9150.184,1955.12,5101.116,9207.681,1951.155,5330.157,9249.163,1976.812,5089.102,9392.112,1992.067,5164.108,9180.549,2014.702,5318.531,9227.227,1978.241,5211.488,9316.107,2030.728,5125.273,9267.551,1981.396,5290.675,9327.685,2020.255,5233.942,9359.779,2016.508,5423.218,9412.007,1968.176,5249.726,9078.86,2008.945,5334.215,9318.607,1966.29,5358.212
9408.44,1975.98,5348.037,9262.992,1966.141,5452.539,9150.333,1955.12,5100.97,9207.661,1951.155,5330.185,9249.302,1976.812,5088.947,9392.306,1992.067,5164.031,9180.434,2014.702,5318.522,9227.347,1978.241,5211.317,9316.267,2030.728,5125.139,9267.723,1981.396,5290.577,9327.827,2020.255,5233.79,9359.917,2016.508,5423.062,9412.215,1968.176,5249.729,9078.652,2008.945,5334.204,9318.777,1966.29,5358.097
9408.632,1975.98,5347.955,9263.141,1966.141,5452.396,9150.486,1955.12,5100.83,9207.642,1951.155,5330.212,9249.445,1976.812,5088.796,9392.497,1992.067,5163.947,9180.317,2014.702,5318.514,9227.461,1978.241,5211.143,9316.431,2030.728,5125.011,9267.894,1981.396,5290.479,9327.968,2020.255,5233.637,9360.056,2016.508,5422.906,9412.423,1968.176,5249.725,9078.445,2008.945,5334.186,9318.951,1966.29,5357.986
9408.82,1975.98,5347.866,9263.289,1966.141,5452.253,9150.645,1955.12,5100.694,9207.622,1951.155,5330.239,9249.594,1976.812,5088.65,9392.688,1992.067,5163.863,9180.201,2014.702,5318.504,9227.569,1978.241,5210.965,9316.599,2030.728,5124.888,9268.064,1981.396,5290.38,9328.11,2020.255,5233.485,9360.195,2016.508,5422.752,9412.631,1968.176,5249.714,9078.237,2008.945,5334.2,9319.129,1966.29,5357.882
9409.012,1975.98,5347.783,9263.438,1966.141,5452.11,9150.807,1955.12,5100.563,9207.603,1951.155,5330.267,9249.738,1976.812,5088.501,9392.875,1992.067,5163.773,9180.085,2014.702,5318.495,9227.672,1978.241,5210.784,9316.77,2030.728,5124.769,9268.238,1981.396,5290.285,9328.254,2020.255,5233.334,9360.339,2016.508,5422.601,9412.839,1968.176,5249.71,9078.029,2008.945,5334.208,9319.306,1966.29,5357.775
9409.205,1975.98,5347.706,9263.586,1966.141,5451.967,9150.974,1955.12,5100.438,9207.583,1951.155,5330.294,9249.879,1976.812,5088.348,9393.06,1992.067,5163.677,9179.968,2014.702,5318.484,9227.769,1978.241,5210.6,9316.943,2030.728,5124.655,9268.414,1981.396,5290.194,9328.398,2020.255,5233.184,9360.486,2016.508,5422.454,9413.047,1968.176,5249.712,9077.821,2008.945,5334.208,9319.48,1966.29,5357.667
9409.401,1975.98,5347.635,9263.734,1966.141,5451.823,9151.127,1955.12,5100.297,9207.563,1951.155,5330.321,9250.016,1976.812,5088.19,9393.241,1992.067,5163.575,9179.851,2014.702,5318.473,9227.859,1978.241,5210.412,9317.12,2030.728,5124.545,9268.593,1981.396,5290.108,9328.543,2020.255,5233.034,9360.638,2016.508,5422.312,9413.255,1968.176,5249.722,9077.613,2008.945,5334.202,9319.654,1966.29,5357.558
9409.6,1975.98,5347.57,9263.882,1966.141,5451.68,9151.284,1955.12,5100.161,9207.544,1951.155,5330.349,9250.148,1976.812,5088.03,9393.42,1992.067,5163.468,9179.733,2014.702,5318.461,9227.943,1978.241,5210.222,9317.3,2030.728,5124.439,9268.773,1981.396,5290.026,9328.688,2020.255,5232.885,9360.793,2016.508,5422.173,9413.463,1968.176,5249.737,9077.405,2008.945,5334.188,9319.827,1966.29,5357.446
9409.799,1975.98,5347.511,9264.029,1966.141,5451.536,9151.446,1955.12,5100.029,9207.524,1951.155,5330.376,9250.286,1976.812,5087.874,9393.595,1992.067,5163.355,9179.615,2014.702,5318.449,9228.021,1978.241,5210.029,9317.482,2030.728,5124.34,9268.956,1981.396,5289.948,9328.834,2020.255,5232.736,9360.952,2016.508,5422.039,9413.67,1968.176,5249.759,9077.197,2008.945,5334.18,9319.999,1966.29,5357.332
9410,1975.98,5347.457,9264.177,1966.141,5451.392,9151.598,1955.12,5099.886,9207.506,1951.155,5330.403,9250.429,1976.812,5087.722,9393.766,1992.067,5163.236,9179.497,2014.702,5318.437,9228.093,1978.241,5209.833,9317.669,2030.728,5124.246,9269.141,1981.396,5289.875,9328.979,2020.255,5232.587,9361.115,2016.508,5421.909,9413.876,1968.176,5249.788,9076.989,2008.945,5334.165,9320.17,1966.29,5357.216
9410.202,1975.98,5347.409,9264.324,1966.141,5451.248,9151.747,1955.12,5099.741,9207.487,1951.155,5330.431,9250.576,1976.812,5087.575,9393.934,1992.067,5163.112,9179.379,2014.702,5318.423,9228.158,1978.241,5209.636,9317.858,2030.728,5124.159,9269.327,1981.396,5289.806,9329.126,2020.255,5232.439,9361.281,2016.508,5421.783,9414.081,1968.176,5249.823,9076.781,2008.945,5334.152,9320.339,1966.29,5357.099
9410.403,1975.98,5347.354,9264.473,1966.141,5451.104,9151.889,1955.12,5099.588,9207.469,1951.155,5330.458,9250.729,1976.812,5087.433,9394.105,1992.067,5162.994,9179.261,2014.702,5318.409,9228.217,1978.241,5209.436,9318.05,2030.728,5124.077,9269.513,1981.396,5289.736,9329.27,2020.255,5232.289,9361.448,2016.508,5421.659,9414.287,1968.176,5249.852,9076.574,2008.945,5334.133,9320.512,1966.29,5356.986
9410.603,1975.98,5347.292,9264.622,1966.141,5450.962,9152.035,1955.12,5099.44,9207.45,1951.155,5330.485,9250.886,1976.812,5087.296,9394.281,1992.067,5162.881,9179.142,2014.702,5318.395,9228.269,1978.241,5209.234,9318.244,2030.728,5124.002,9269.698,1981.396,5289.664,9329.415,2020.255,5232.14,9361.615,2016.508,5421.535,9414.494,1968.176,5249.873,9076.367,2008.945,5334.107,9320.688,1966.29,5356.879
9410.8,1975.98,5347.225,9264.771,1966.141,5450.82,9152.187,1955.12,5099.297,9207.432,1951.155,5330.513,9251.047,1976.812,5087.164,9394.46,1992.067,5162.774,9179.022,2014.702,5318.379,9228.314,1978.241,5209.031,9318.44,2030.728,5123.933,9269.884,1981.396,5289.591,9329.559,2020.255,5231.989,9361.782,2016.508,5421.411,9414.702,1968.176,5249.888,9076.161,2008.945,5334.074,9320.868,1966.29,5356.778
9410.999,1975.98,5347.163,9264.922,1966.141,5450.679,9152.343,1955.12,5099.159,9207.413,1951.155,5330.54,9251.213,1976.812,5087.038,9394.643,1992.067,5162.673,9178.903,2014.702,5318.364,9228.366,1978.241,5208.83,9318.639,2030.728,5123.871,9270.066,1981.396,5289.512,9329.7,2020.255,5231.836,9361.95,2016.508,5421.288,9414.91,1968.176,5249.896,9075.957,2008.945,5334.031,9321.051,1966.29,5356.683
9411.195,1975.98,5347.094,9265.073,1966.141,5450.539,9152.503,1955.12,5099.026,9207.395,1951.155,5330.567,9251.379,1976.812,5086.912,9394.828,1992.067,5162.578,9178.783,2014.702,5318.348,9228.425,1978.241,5208.63,9318.839,2030.728,5123.814,9270.247,1981.396,5289.428,9329.841,2020.255,5231.683,9362.119,2016.508,5421.166,9415.118,1968.176,5249.898,9075.759,2008.945,5333.968,9321.236,1966.29,5356.594
9411.39,1975.98,5347.02,9265.225,1966.141,5450.399,9152.668,1955.12,5098.899,9207.376,1951.155,5330.595,9251.549,1976.812,5086.792,9395.017,1992.067,5162.489,9178.663,2014.702,5318.331,9228.489,1978.241,5208.432,9319.041,2030.728,5123.765,9270.426,1981.396,5289.339,9329.98,2020.255,5231.529,9362.288,2016.508,5421.045,9415.326,1968.176,5249.893,9075.559,2008.945,5333.912,9321.425,1966.29,5356.51
9411.589,1975.98,5346.958,9265.377,1966.141,5450.26,9152.837,1955.12,5098.777,9207.357,1951.155,5330.622,9251.723,1976.812,5086.678,9395.208,1992.067,5162.406,9178.543,2014.702,5318.314,9228.561,1978.241,5208.236,9319.245,2030.728,5123.722,9270.602,1981.396,5289.244,9330.119,2020.255,5231.373,9362.458,2016.508,5420.925,9415.534,1968.176,5249.88,9075.356,2008.945,5333.862,9321.616,1966.29,5356.433
9411.786,1975.98,5346.891,9265.529,1966.141,5450.121,9153.01,1955.12,5098.66,9207.339,1951.155,5330.649,9251.9,1976.812,5086.569,9395.401,1992.067,5162.329,9178.422,2014.702,5318.296,9228.638,1978.241,5208.043,9319.45,2030.728,5123.685,9270.774,1981.396,5289.145,9330.256,2020.255,5231.216,9362.63,2016.508,5420.807,9415.741,1968.176,5249.861,9075.152,2008.945,5333.819,9321.81,1966.29,5356.362
9411.983,1975.98,5346.824,9265.682,1966.141,5449.982,9153.187,1955.12,5098.549,9207.32,1951.155,5330.677,9252.082,1976.812,5086.467,9395.582,1992.067,5162.225,9178.301,2014.702,5318.277,9228.722,1978.241,5207.852,9319.656,2030.728,5123.655,9270.944,1981.396,5289.04,9330.393,2020.255,5231.059,9362.803,2016.508,5420.69,9415.948,1968.176,5249.835,9074.951,2008.945,5333.768,9322.006,1966.29,5356.297
9412.187,1975.98,5346.779,9265.834,1966.141,5449.844,9153.358,1955.12,5098.431,9207.302,1951.155,5330.704,9252.267,1976.812,5086.37,9395.766,1992.067,5162.127,9178.18,2014.702,5318.258,9228.812,1978.241,5207.664,9319.863,2030.728,5123.632,9271.111,1981.396,5288.93,9330.528,2020.255,5230.901,9362.977,2016.508,5420.576,9416.154,1968.176,5249.803,9074.748,2008.945,5333.722,9322.204,1966.29,5356.239
9412.389,1975.98,5346.727,9265.987,1966.141,5449.706,9153.534,1955.12,5098.319,9207.284,1951.155,5330.731,9252.452,1976.812,5086.276,9395.952,1992.067,5162.035,9178.058,2014.702,5318.239,9228.907,1978.241,5207.479,9320.071,2030.728,5123.615,9271.275,1981.396,5288.815,9330.668,2020.255,5230.747,9363.152,2016.508,5420.465,9416.358,1968.176,5249.763,9074.543,2008.945,5333.684,9322.404,1966.29,5356.187
9412.589,1975.98,5346.668,9266.141,1966.141,5449.567,9153.713,1955.12,5098.212,9207.267,1951.155,5330.759,9252.639,1976.812,5086.183,9396.136,1992.067,5161.938,9177.936,2014.702,5318.219,9229.009,1978.241,5207.297,9320.279,2030.728,5123.604,9271.437,1981.396,5288.696,9330.804,2020.255,5230.589,9363.33,2016.508,5420.357,9416.562,1968.176,5249.717,9074.346,2008.945,5333.616,9322.605,1966.29,5356.142
9412.79,1975.98,5346.616,9266.294,1966.141,5449.43,9153.896,1955.12,5098.112,9207.249,1951.155,5330.786,9252.828,1976.812,5086.097,9396.318,1992.067,5161.837,9177.813,2014.702,5318.198,9229.116,1978.241,5207.118,9320.487,2030.728,5123.601,9271.594,1981.396,5288.572,9330.936,2020.255,5230.428,9363.51,2016.508,5420.252,9416.763,1968.176,5249.665,9074.146,2008.945,5333.555,9322.809,1966.29,5356.103
9412.989,1975.98,5346.556,9266.447,1966.141,5449.292,9154.081,1955.12,5098.017,9207.231,1951.155,5330.813,9253.021,1976.812,5086.016,9396.504,1992.067,5161.743,9177.691,2014.702,5318.177,9229.229,1978.241,5206.943,9320.695,2030.728,5123.59,9271.748,1981.396,5288.443,9331.072,2020.255,5230.271,9363.691,2016.508,5420.151,9416.963,1968.176,5249.605,9073.945,2008.945,5333.5,9323.013,1966.29,5356.07
9413.187,1975.98,5346.49,9266.601,1966.141,5449.155,9154.27,1955.12,5097.929,9207.214,1951.155,5330.841,9253.215,1976.812,5085.942,9396.692,1992.067,5161.654,9177.568,2014.702,5318.156,9229.347,1978.241,5206.771,9320.903,2030.728,5123.572,9271.898,1981.396,5288.311,9331.214,2020.255,5230.118,9363.875,2016.508,5420.053,9417.16,1968.176,5249.54,9073.743,2008.945,5333.452,9323.218,1966.29,5356.044
9413.382,1975.98,5346.418,9266.755,1966.141,5449.018,9154.457,1955.12,5097.837,9207.196,1951.155,5330.868,9253.412,1976.812,5085.874,9396.884,1992.067,5161.572,9177.445,2014.702,5318.134,9229.47,1978.241,5206.603,9321.11,2030.728,5123.548,9272.045,1981.396,5288.174,9331.359,2020.255,5229.97,9364.061,2016.508,5419.958,9417.355,1968.176,5249.467,9073.539,2008.945,5333.411,9323.424,1966.29,5356.024
9413.579,1975.98,5346.352,9266.909,1966.141,5448.881,9154.647,1955.12,5097.752,9207.179,1951.155,5330.896,9253.611,1976.812,5085.813,9397.072,1992.067,5161.484,9177.322,2014.702,5318.111,9229.598,1978.241,5206.439,9321.316,2030.728,5123.517,9272.188,1981.396,5288.033,9331.51,2020.255,5229.825,9364.247,2016.508,5419.865,9417.549,1968.176,5249.389,9073.337,2008.945,5333.363,9323.63,1966.29,5356.012
9413.774,1975.98,5346.279,9267.063,1966.141,5448.744,9154.84,1955.12,5097.673,9207.161,1951.155,5330.923,9253.807,1976.812,5085.741,9397.264,1992.067,5161.402,9177.198,2014.702,5318.087,9229.731,1978.241,5206.279,9321.521,2030.728,5123.479,9272.328,1981.396,5287.888,9331.664,2020.255,5229.685,9364.436,2016.508,5419.776,9417.739,1968.176,5249.304,9073.14,2008.945,5333.295,9323.837,1966.29,5356.005
9413.966,1975.98,5346.197,9267.218,1966.141,5448.608,9155.035,1955.12,5097.6,9207.144,1951.155,5330.95,9254.004,1976.812,5085.675,9397.461,1992.067,5161.335,9177.074,2014.702,5318.063,9229.87,1978.241,5206.123,9321.725,2030.728,5123.434,9272.464,1981.396,5287.74,9331.821,2020.255,5229.548,9364.625,2016.508,5419.69,9417.927,1968.176,5249.213,9072.94,2008.945,5333.234,9324.044,1966.29,5356.006
9414.16,1975.98,5346.121,9267.372,1966.141,5448.472,9155.231,1955.12,5097.53,9207.126,1951.155,5330.978,9254.196,1976.812,5085.595,9397.656,1992.067,5161.262,9176.95,2014.702,5318.039,9230.013,1978.241,5205.972,9321.927,2030.728,5123.383,9272.596,1981.396,5287.587,9331.98,2020.255,5229.414,9364.816,2016.508,5419.607,9418.111,1968.176,5249.116,9072.746,2008.945,5333.16,9324.251,1966.29,5356.013
9414.356,1975.98,5346.052,9267.526,1966.141,5448.335,9155.422,1955.12,5097.445,9207.108,1951.155,5331.005,9254.391,1976.812,5085.521,9397.849,1992.067,5161.182,9176.825,2014.702,5318.014,9230.16,1978.241,5205.824,9322.127,2030.728,5123.325,9272.724,1981.396,5287.432,9332.141,2020.255,5229.281,9365.009,2016.508,5419.528,9418.294,1968.176,5249.015,9072.549,2008.945,5333.092,9324.457,1966.29,5356.026
9414.555,1975.98,5345.989,9267.68,1966.141,5448.198,9155.615,1955.12,5097.367,9207.091,1951.155,5331.032,9254.588,1976.812,5085.453,9398.038,1992.067,5161.097,9176.7,2014.702,5317.989,9230.312,1978.241,5205.682,9322.325,2030.728,5123.261,9272.848,1981.396,5287.272,9332.302,2020.255,5229.149,9365.202,2016.508,5419.451,9418.461,1968.176,5248.89,9072.35,2008.945,5333.031,9324.663,1966.29,5356.046
9414.751,1975.98,5345.919,9267.832,1966.141,5448.06,9155.811,1955.12,5097.294,9207.073,1951.155,5331.06,9254.787,1976.812,5085.391,9398.225,1992.067,5161.005,9176.575,2014.702,5317.963,9230.468,1978.241,5205.543,9322.521,2030.728,5123.19,9272.967,1981.396,5287.11,9332.46,2020.255,5229.014,9365.396,2016.508,5419.376,9418.632,1968.176,5248.771,9072.152,2008.945,5332.964,9324.868,1966.29,5356.073
9414.949,1975.98,5345.856,9267.983,1966.141,5447.92,9156.008,1955.12,5097.229,9207.057,1951.155,5331.087,9254.98,1976.812,5085.313,9398.415,1992.067,5160.92,9176.449,2014.702,5317.937,9230.628,1978.241,5205.41,9322.716,2030.728,5123.115,9273.082,1981.396,5286.945,9332.616,2020.255,5228.875,9365.592,2016.508,5419.305,9418.796,1968.176,5248.643,9071.967,2008.945,5332.87,9325.072,1966.29,5356.106
9415.146,1975.98,5345.787,9268.135,1966.141,5447.78,9156.208,1955.12,5097.17,9207.04,1951.155,5331.114,9255.176,1976.812,5085.241,9398.603,1992.067,5160.829,9176.323,2014.702,5317.91,9230.792,1978.241,5205.281,9322.916,2030.728,5123.057,9273.193,1981.396,5286.777,9332.773,2020.255,5228.739,9365.788,2016.508,5419.236,9418.965,1968.176,5248.52,9071.778,2008.945,5332.782,9325.275,1966.29,5356.146
9415.34,1975.98,5345.712,9268.29,1966.141,5447.645,9156.409,1955.12,5097.117,9207.023,1951.155,5331.142,9255.374,1976.812,5085.176,9398.797,1992.067,5160.753,9176.197,2014.702,5317.882,9230.959,1978.241,5205.157,9323.114,2030.728,5122.993,9273.301,1981.396,5286.606,9332.929,2020.255,5228.6,9365.985,2016.508,5419.171,9419.138,1968.176,5248.403,9071.587,2008.945,5332.701,9325.478,1966.29,5356.192
9415.533,1975.98,5345.635,9268.449,1966.141,5447.514,9156.612,1955.12,5097.071,9207.007,1951.155,5331.169,9255.574,1976.812,5085.117,9398.988,1992.067,5160.671,9176.07,2014.702,5317.854,9231.13,1978.241,5205.038,9323.311,2030.728,5122.921,9273.404,1981.396,5286.433,9333.082,2020.255,5228.459,9366.184,2016.508,5419.108,9419.308,1968.176,5248.283,9071.393,2008.945,5332.625,9325.678,1966.29,5356.244
9415.729,1975.98,5345.564,9268.612,1966.141,5447.388,9156.817,1955.12,5097.032,9206.99,1951.155,5331.196,9255.776,1976.812,5085.065,9399.18,1992.067,5160.59,9175.943,2014.702,5317.826,9231.303,1978.241,5204.922,9323.504,2030.728,5122.844,9273.504,1981.396,5286.257,9333.234,2020.255,5228.317,9366.384,2016.508,5419.051,9419.469,1968.176,5248.151,9071.196,2008.945,5332.557,9325.878,1966.29,5356.297
9415.927,1975.98,5345.499,9268.779,1966.141,5447.267,9157.023,1955.12,5097,9206.974,1951.155,5331.224,9255.979,1976.812,5085.02,9399.369,1992.067,5160.504,9175.816,2014.702,5317.797,9231.479,1978.241,5204.81,9323.694,2030.728,5122.76,9273.6,1981.396,5286.079,9333.384,2020.255,5228.172,9366.586,2016.508,5419,9419.635,1968.176,5248.024,9070.998,2008.945,5332.494,9326.078,1966.29,5356.35
9416.122,1975.98,5345.427,9268.949,1966.141,5447.15,9157.23,1955.12,5096.974,9206.957,1951.155,5331.251,9256.185,1976.812,5084.98,9399.556,1992.067,5160.412,9175.688,2014.702,5317.768,9231.656,1978.241,5204.702,9323.895,2030.728,5122.703,9273.691,1981.396,5285.899,9333.53,2020.255,5228.024,9366.789,2016.508,5418.953,9419.805,1968.176,5247.903,9070.802,2008.945,5332.425,9326.278,1966.29,5356.404
9416.32,1975.98,5345.362,9269.123,1966.141,5447.04,9157.433,1955.12,5096.923,9206.94,1951.155,5331.278,9256.387,1976.812,5084.932,9399.739,1992.067,5160.314,9175.561,2014.702,5317.738,9231.836,1978.241,5204.596,9324.093,2030.728,5122.639,9273.779,1981.396,5285.717,9333.676,2020.255,5227.875,9366.993,2016.508,5418.912,9419.972,1968.176,5247.779,9070.604,2008.945,5332.362,9326.478,1966.29,5356.458
9416.521,1975.98,5345.304,9269.3,1966.141,5446.934,9157.637,1955.12,5096.88,9206.924,1951.155,5331.306,9256.591,1976.812,5084.89,9399.92,1992.067,5160.21,9175.433,2014.702,5317.708,9232.017,1978.241,5204.493,9324.289,2030.728,5122.568,9273.863,1981.396,5285.533,9333.819,2020.255,5227.724,9367.198,2016.508,5418.876,9420.131,1968.176,5247.645,9070.403,2008.945,5332.306,9326.677,1966.29,5356.513
9416.714,1975.98,5345.228,9269.479,1966.141,5446.833,9157.842,1955.12,5096.842,9206.907,1951.155,5331.333,9256.793,1976.812,5084.841,9400.097,1992.067,5160.1,9175.304,2014.702,5317.677,9232.198,1978.241,5204.392,9324.482,2030.728,5122.492,9273.944,1981.396,5285.347,9333.96,2020.255,5227.57,9367.404,2016.508,5418.846,9420.294,1968.176,5247.515,9070.208,2008.945,5332.232,9326.876,1966.29,5356.568
9416.91,1975.98,5345.158,9269.662,1966.141,5446.738,9158.044,1955.12,5096.791,9206.891,1951.155,5331.36,9256.997,1976.812,5084.799,9400.27,1992.067,5159.984,9175.175,2014.702,5317.646,9232.381,1978.241,5204.293,9324.674,2030.728,5122.409,9274.021,1981.396,5285.16,9334.098,2020.255,5227.414,9367.611,2016.508,5418.821,9420.462,1968.176,5247.391,9070.011,2008.945,5332.166,9327.075,1966.29,5356.624
9417.108,1975.98,5345.094,9269.848,1966.141,5446.647,9158.248,1955.12,5096.747,9206.874,1951.155,5331.388,9257.204,1976.812,5084.772,9400.448,1992.067,5159.878,9175.046,2014.702,5317.614,9232.564,1978.241,5204.195,9324.862,2030.728,5122.32,9274.104,1981.396,5284.975,9334.232,2020.255,5227.255,9367.818,2016.508,5418.802,9420.618,1968.176,5247.253,9069.812,2008.945,5332.105,9327.275,1966.29,5356.675
9417.307,1975.98,5345.03,9270.035,1966.141,5446.563,9158.453,1955.12,5096.71,9206.858,1951.155,5331.415,9257.411,1976.812,5084.752,9400.624,1992.067,5159.766,9174.916,2014.702,5317.582,9232.745,1978.241,5204.091,9325.048,2030.728,5122.225,9274.191,1981.396,5284.792,9334.364,2020.255,5227.094,9368.026,2016.508,5418.789,9420.778,1968.176,5247.12,9069.61,2008.945,5332.052,9327.478,1966.29,5356.722
9417.507,1975.98,5344.973,9270.226,1966.141,5446.483,9158.658,1955.12,5096.674,9206.843,1951.155,5331.442,9257.619,1976.812,5084.739,9400.796,1992.067,5159.648,9174.786,2014.702,5317.549,9232.923,1978.241,5203.983,9325.233,2030.728,5122.129,9274.283,1981.396,5284.611,9334.494,2020.255,5226.931,9368.234,2016.508,5418.78,9420.935,1968.176,5246.982,9069.411,2008.945,5331.992,9327.681,1966.29,5356.764
9417.709,1975.98,5344.921,9270.418,1966.141,5446.408,9158.864,1955.12,5096.645,9206.827,1951.155,5331.47,9257.827,1976.812,5084.732,9400.964,1992.067,5159.524,9174.656,2014.702,5317.516,9233.098,1978.241,5203.87,9325.428,2030.728,5122.055,9274.38,1981.396,5284.433,9334.622,2020.255,5226.766,9368.442,2016.508,5418.777,9421.096,1968.176,5246.85,9069.21,2008.945,5331.938,9327.885,1966.29,5356.801
9417.911,1975.98,5344.871,9270.611,1966.141,5446.338,9159.071,1955.12,5096.623,9206.812,1951.155,5331.497,9258.035,1976.812,5084.733,9401.128,1992.067,5159.396,9174.525,2014.702,5317.482,9233.27,1978.241,5203.752,9325.62,2030.728,5121.975,9274.481,1981.396,5284.257,9334.75,2020.255,5226.602,9368.65,2016.508,5418.779,9421.252,1968.176,5246.712,9069.006,2008.945,5331.899,9328.089,1966.29,5356.833
9418.114,1975.98,5344.826,9270.807,1966.141,5446.273,9159.279,1955.12,5096.607,9206.796,1951.155,5331.524,9258.243,1976.812,5084.74,9401.306,1992.067,5159.287,9174.395,2014.702,5317.448,9233.438,1978.241,5203.63,9325.81,2030.728,5121.889,9274.587,1981.396,5284.084,9334.877,2020.255,5226.437,9368.858,2016.508,5418.787,9421.413,1968.176,5246.58,9068.803,2008.945,5331.853,9328.294,1966.29,5356.86
9418.319,1975.98,5344.789,9271.004,1966.141,5446.212,9159.487,1955.12,5096.597,9206.78,1951.155,5331.552,9258.451,1976.812,5084.754,9401.479,1992.067,5159.172,9174.264,2014.702,5317.414,9233.604,1978.241,5203.505,9325.996,2030.728,5121.797,9274.697,1981.396,5283.913,9335.002,2020.255,5226.271,9369.066,2016.508,5418.799,9421.578,1968.176,5246.453,9068.602,2008.945,5331.801,9328.5,1966.29,5356.883
9418.522,1975.98,5344.744,9271.201,1966.141,5446.154,9159.695,1955.12,5096.593,9206.765,1951.155,5331.579,9258.658,1976.812,5084.775,9401.649,1992.067,5159.052,9174.132,2014.702,5317.378,9233.77,1978.241,5203.379,9326.169,2030.728,5121.681,9274.812,1981.396,5283.745,9335.126,2020.255,5226.103,9369.273,2016.508,5418.817,9421.747,1968.176,5246.331,9068.397,2008.945,5331.758,9328.706,1966.29,5356.9
9418.728,1975.98,5344.707,9271.399,1966.141,5446.098,9159.903,1955.12,5096.597,9206.749,1951.155,5331.606,9258.864,1976.812,5084.803,9401.815,1992.067,5158.926,9174,2014.702,5317.343,9233.934,1978.241,5203.251,9326.346,2030.728,5121.571,9274.93,1981.396,5283.58,9335.251,2020.255,5225.936,9369.48,2016.508,5418.84,9421.914,1968.176,5246.207,9068.195,2008.945,5331.708,9328.913,1966.29,5356.912
9418.927,1975.98,5344.646,9271.599,1966.141,5446.043,9160.111,1955.12,5096.607,9206.733,1951.155,5331.634,9259.069,1976.812,5084.838,9401.978,1992.067,5158.795,9173.868,2014.702,5317.307,9234.098,1978.241,5203.124,9326.526,2030.728,5121.467,9275.051,1981.396,5283.417,9335.376,2020.255,5225.77,9369.687,2016.508,5418.869,9422.069,1968.176,5246.067,9067.995,2008.945,5331.652,9329.12,1966.29,5356.919
9419.128,1975.98,5344.592,9271.798,1966.141,5445.99,9160.319,1955.12,5096.624,9206.718,1951.155,5331.661,9259.273,1976.812,5084.879,9402.135,1992.067,5158.659,9173.735,2014.702,5317.27,9234.262,1978.241,5202.996,9326.7,2030.728,5121.352,9275.176,1981.396,5283.256,9335.501,2020.255,5225.603,9369.893,2016.508,5418.902,9422.224,1968.176,5245.927,9067.795,2008.945,5331.594,9329.327,1966.29,5356.921
9419.331,1975.98,5344.545,9271.997,1966.141,5445.938,9160.526,1955.12,5096.647,9206.702,1951.155,5331.688,9259.477,1976.812,5084.927,9402.288,1992.067,5158.517,9173.603,2014.702,5317.233,9234.426,1978.241,5202.868,9326.877,2030.728,5121.243,9275.304,1981.396,5283.098,9335.624,2020.255,5225.435,9370.098,2016.508,5418.94,9422.383,1968.176,5245.792,9067.591,2008.945,5331.55,9329.534,1966.29,5356.917
9419.53,1975.98,5344.483,9272.196,1966.141,5445.885,9160.732,1955.12,5096.677,9206.688,1951.155,5331.716,9259.678,1976.812,5084.981,9402.445,1992.067,5158.381,9173.47,2014.702,5317.195,9234.591,1978.241,5202.74,9327.058,2030.728,5121.139,9275.436,1981.396,5282.943,9335.747,2020.255,5225.267,9370.302,2016.508,5418.983,9422.546,1968.176,5245.663,9067.387,2008.945,5331.508,9329.741,1966.29,5356.909
9419.729,1975.98,5344.423,9272.396,1966.141,5445.833,9160.938,1955.12,5096.714,9206.673,1951.155,5331.743,9259.877,1976.812,5085.042,9402.607,1992.067,5158.25,9173.336,2014.702,5317.157,9234.756,1978.241,5202.614,9327.241,2030.728,5121.042,9275.57,1981.396,5282.79,9335.871,2020.255,5225.1,9370.505,2016.508,5419.031,9422.719,1968.176,5245.545,9067.185,2008.945,5331.459,9329.948,1966.29,5356.895
9419.931,1975.98,5344.37,9272.595,1966.141,5445.781,9161.143,1955.12,5096.751,9206.658,1951.155,5331.771,9260.074,1976.812,5085.11,9402.773,1992.067,5158.124,9173.202,2014.702,5317.119,9234.917,1978.241,5202.482,9327.417,2030.728,5120.93,9275.71,1981.396,5282.641,9335.991,2020.255,5224.93,9370.706,2016.508,5419.083,9422.887,1968.176,5245.423,9066.983,2008.945,5331.406,9330.154,1966.29,5356.875
9420.134,1975.98,5344.324,9272.795,1966.141,5445.731,9161.347,1955.12,5096.795,9206.644,1951.155,5331.798,9260.269,1976.812,5085.184,9402.936,1992.067,5157.993,9173.068,2014.702,5317.08,9235.073,1978.241,5202.345,9327.597,2030.728,5120.824,9275.854,1981.396,5282.497,9336.115,2020.255,5224.762,9370.906,2016.508,5419.14,9423.046,1968.176,5245.288,9066.778,2008.945,5331.368,9330.36,1966.29,5356.85
9420.338,1975.98,5344.284,9272.995,1966.141,5445.681,9161.549,1955.12,5096.845,9206.629,1951.155,5331.825,9260.461,1976.812,5085.264,9403.11,1992.067,5157.88,9172.934,2014.702,5317.04,9235.226,1978.241,5202.203,9327.779,2030.728,5120.724,9276.002,1981.396,5282.356,9336.241,2020.255,5224.596,9371.105,2016.508,5419.202,9423.201,1968.176,5245.149,9066.575,2008.945,5331.323,9330.565,1966.29,5356.82
9420.541,1975.98,5344.237,9273.195,1966.141,5445.631,9161.749,1955.12,5096.902,9206.614,1951.155,5331.853,9260.65,1976.812,5085.35,9403.281,1992.067,5157.761,9172.799,2014.702,5317,9235.373,1978.241,5202.056,9327.965,2030.728,5120.629,9276.154,1981.396,5282.221,9336.37,2020.255,5224.433,9371.303,2016.508,5419.268,9423.361,1968.176,5245.016,9066.373,2008.945,5331.271,9330.77,1966.29,5356.784
9420.742,1975.98,5344.184,9273.396,1966.141,5445.582,9161.947,1955.12,5096.965,9206.6,1951.155,5331.879,9260.84,1976.812,5085.438,9403.448,1992.067,5157.637,9172.663,2014.702,5316.959,9235.516,1978.241,5201.904,9328.153,2030.728,5120.542,9276.312,1981.396,5282.09,9336.501,2020.255,5224.271,9371.499,2016.508,5419.338,9423.525,1968.176,5244.887,9066.173,2008.945,5331.213,9330.973,1966.29,5356.743
9420.939,1975.98,5344.118,9273.596,1966.141,5445.531,9162.144,1955.12,5097.035,9206.586,1951.155,5331.907,9261.025,1976.812,5085.532,9403.611,1992.067,5157.508,9172.527,2014.702,5316.918,9235.653,1978.241,5201.748,9328.333,2030.728,5120.437,9276.473,1981.396,5281.965,9336.635,2020.255,5224.112,9371.693,2016.508,5419.413,9423.69,1968.176,5244.76,9065.973,2008.945,5331.156,9331.175,1966.29,5356.697
9421.139,1975.98,5344.058,9273.795,1966.141,5445.477,9162.338,1955.12,5097.111,9206.572,1951.155,5331.934,9261.213,1976.812,5085.623,9403.771,1992.067,5157.374,9172.392,2014.702,5316.877,9235.795,1978.241,5201.595,9328.517,2030.728,5120.337,9276.636,1981.396,5281.843,9336.771,2020.255,5223.954,9371.886,2016.508,5419.492,9423.853,1968.176,5244.63,9065.774,2008.945,5331.092,9331.376,1966.29,5356.645
9421.34,1975.98,5344.004,9273.993,1966.141,5445.419,9162.529,1955.12,5097.194,9206.559,1951.155,5331.962,9261.396,1976.812,5085.721,9403.934,1992.067,5157.245,9172.255,2014.702,5316.836,9235.941,1978.241,5201.447,9328.703,2030.728,5120.245,9276.802,1981.396,5281.724,9336.907,2020.255,5223.797,9372.081,2016.508,5419.565,9424.02,1968.176,5244.505,9065.578,2008.945,5331.021,9331.575,1966.29,5356.587
9421.543,1975.98,5343.957,9274.19,1966.141,5445.358,9162.718,1955.12,5097.283,9206.546,1951.155,5331.99,9261.577,1976.812,5085.824,9404.102,1992.067,5157.121,9172.118,2014.702,5316.794,9236.092,1978.241,5201.303,9328.893,2030.728,5120.158,9276.971,1981.396,5281.609,9337.047,2020.255,5223.643,9372.278,2016.508,5419.633,9424.181,1968.176,5244.373,9065.383,2008.945,5330.949,9331.773,1966.29,5356.525
9421.744,1975.98,5343.903,9274.387,1966.141,5445.293,9162.903,1955.12,5097.377,9206.533,1951.155,5332.018,9261.755,1976.812,5085.934,9404.253,1992.067,5156.978,9171.981,2014.702,5316.751,9236.246,1978.241,5201.164,9329.085,2030.728,5120.077,9277.142,1981.396,5281.497,9337.188,2020.255,5223.489,9372.478,2016.508,5419.695,9424.347,1968.176,5244.247,9065.189,2008.945,5330.872,9331.963,1966.29,5356.442
9421.943,1975.98,5343.843,9274.581,1966.141,5445.225,9163.086,1955.12,5097.479,9206.521,1951.155,5332.046,9261.929,1976.812,5086.049,9404.409,1992.067,5156.84,9171.844,2014.702,5316.708,9236.404,1978.241,5201.028,9329.279,2030.728,5120.003,9277.314,1981.396,5281.388,9337.329,2020.255,5223.336,9372.678,2016.508,5419.752,9424.517,1968.176,5244.125,9064.996,2008.945,5330.794,9332.155,1966.29,5356.365
9422.141,1975.98,5343.777,9274.774,1966.141,5445.154,9163.265,1955.12,5097.585,9206.51,1951.155,5332.074,9262.099,1976.812,5086.169,9404.569,1992.067,5156.707,9171.706,2014.702,5316.665,9236.566,1978.241,5200.897,9329.473,2030.728,5119.924,9277.49,1981.396,5281.283,9337.474,2020.255,5223.186,9372.88,2016.508,5419.803,9424.683,1968.176,5243.999,9064.798,2008.945,5330.731,9332.351,1966.29,5356.294
9422.33,1975.98,5343.691,9274.967,1966.141,5445.08,9163.44,1955.12,5097.698,9206.499,1951.155,5332.103,9262.265,1976.812,5086.295,9404.723,1992.067,5156.566,9171.568,2014.702,5316.621,9236.731,1978.241,5200.771,9329.668,2030.728,5119.852,9277.668,1981.396,5281.183,9337.62,2020.255,5223.038,9373.083,2016.508,5419.848,9424.829,1968.176,5243.851,9064.599,2008.945,5330.669,9332.548,1966.29,5356.229
9422.522,1975.98,5343.611,9275.158,1966.141,5445.003,9163.612,1955.12,5097.816,9206.488,1951.155,5332.131,9262.426,1976.812,5086.427,9404.881,1992.067,5156.431,9171.43,2014.702,5316.577,9236.9,1978.241,5200.649,9329.863,2030.728,5119.779,9277.849,1981.396,5281.086,9337.766,2020.255,5222.889,9373.288,2016.508,5419.887,9424.98,1968.176,5243.707,9064.401,2008.945,5330.602,9332.743,1966.29,5356.159
9422.704,1975.98,5343.509,9275.349,1966.141,5444.925,9163.78,1955.12,5097.94,9206.479,1951.155,5332.16,9262.583,1976.812,5086.563,9405.043,1992.067,5156.3,9171.291,2014.702,5316.532,9237.072,1978.241,5200.531,9330.061,2030.728,5119.713,9278.031,1981.396,5280.995,9337.912,2020.255,5222.741,9373.494,2016.508,5419.92,9425.137,1968.176,5243.569,9064.207,2008.945,5330.527,9332.94,1966.29,5356.094
9422.889,1975.98,5343.413,9275.539,1966.141,5444.846,9163.943,1955.12,5098.07,9206.47,1951.155,5332.189,9262.735,1976.812,5086.705,9405.21,1992.067,5156.175,9171.152,2014.702,5316.486,9237.247,1978.241,5200.417,9330.26,2030.728,5119.653,9278.217,1981.396,5280.909,9338.059,2020.255,5222.593,9373.7,2016.508,5419.947,9425.297,1968.176,5243.436,9064.015,2008.945,5330.447,9333.138,1966.29,5356.029
9423.072,1975.98,5343.315,9275.729,1966.141,5444.765,9164.103,1955.12,5098.204,9206.461,1951.155,5332.218,9262.883,1976.812,5086.852,9405.381,1992.067,5156.056,9171.013,2014.702,5316.441,9237.424,1978.241,5200.308,9330.461,2030.728,5119.6,9278.404,1981.396,5280.827,9338.205,2020.255,5222.445,9373.907,2016.508,5419.968,9425.456,1968.176,5243.301,9063.825,2008.945,5330.36,9333.339,1966.29,5355.978
9423.256,1975.98,5343.217,9275.918,1966.141,5444.684,9164.257,1955.12,5098.344,9206.453,1951.155,5332.247,9263.025,1976.812,5087.003,9405.556,1992.067,5155.942,9170.873,2014.702,5316.395,9237.604,1978.241,5200.202,9330.66,2030.728,5119.538,9278.595,1981.396,5280.751,9338.354,2020.255,5222.301,9374.115,2016.508,5419.983,9425.613,1968.176,5243.165,9063.639,2008.945,5330.267,9333.538,1966.29,5355.92
9423.443,1975.98,5343.125,9276.107,1966.141,5444.602,9164.407,1955.12,5098.488,9206.445,1951.155,5332.276,9263.163,1976.812,5087.159,9405.733,1992.067,5155.834,9170.733,2014.702,5316.349,9237.785,1978.241,5200.101,9330.861,2030.728,5119.482,9278.787,1981.396,5280.68,9338.507,2020.255,5222.159,9374.323,2016.508,5419.992,9425.775,1968.176,5243.034,9063.455,2008.945,5330.168,9333.735,1966.29,5355.855
9423.626,1975.98,5343.025,9276.297,1966.141,5444.52,9164.553,1955.12,5098.637,9206.438,1951.155,5332.305,9263.313,1976.812,5087.304,9405.894,1992.067,5155.701,9170.593,2014.702,5316.302,9237.969,1978.241,5200.003,9331.063,2030.728,5119.433,9278.981,1981.396,5280.615,9338.663,2020.255,5222.021,9374.531,2016.508,5419.996,9425.941,1968.176,5242.908,9063.275,2008.945,5330.063,9333.935,1966.29,5355.796
9423.812,1975.98,5342.93,9276.487,1966.141,5444.439,9164.697,1955.12,5098.787,9206.432,1951.155,5332.334,9263.475,1976.812,5087.435,9406.058,1992.067,5155.573,9170.452,2014.702,5316.254,9238.153,1978.241,5199.907,9331.261,2030.728,5119.366,9279.178,1981.396,5280.554,9338.817,2020.255,5221.881,9374.739,2016.508,5419.993,9426.104,1968.176,5242.777,9063.099,2008.945,5329.952,9334.132,1966.29,5355.731
9423.998,1975.98,5342.838,9276.678,1966.141,5444.361,9164.847,1955.12,5098.933,9206.426,1951.155,5332.364,9263.633,1976.812,5087.571,9406.218,1992.067,5155.439,9170.312,2014.702,5316.207,9238.339,1978.241,5199.813,9331.457,2030.728,5119.296,9279.375,1981.396,5280.499,9338.971,2020.255,5221.741,9374.947,2016.508,5419.985,9426.27,1968.176,5242.652,9062.926,2008.945,5329.836,9334.329,1966.29,5355.667
9424.188,1975.98,5342.752,9276.869,1966.141,5444.284,9164.995,1955.12,5099.079,9206.42,1951.155,5332.393,9263.803,1976.812,5087.691,9406.371,1992.067,5155.298,9170.17,2014.702,5316.158,9238.525,1978.241,5199.72,9331.655,2030.728,5119.233,9279.573,1981.396,5280.448,9339.127,2020.255,5221.603,9375.155,2016.508,5419.972,9426.439,1968.176,5242.532,9062.757,2008.945,5329.714,9334.518,1966.29,5355.579
9424.38,1975.98,5342.672,9277.061,1966.141,5444.207,9165.14,1955.12,5099.228,9206.415,1951.155,5332.422,9263.971,1976.812,5087.815,9406.528,1992.067,5155.162,9170.028,2014.702,5316.11,9238.713,1978.241,5199.628,9331.851,2030.728,5119.16,9279.772,1981.396,5280.4,9339.285,2020.255,5221.468,9375.362,2016.508,5419.954,9426.62,1968.176,5242.428,9062.592,2008.945,5329.586,9334.708,1966.29,5355.497
9424.575,1975.98,5342.599,9277.252,1966.141,5444.129,9165.289,1955.12,5099.373,9206.41,1951.155,5332.452,9264.135,1976.812,5087.944,9406.69,1992.067,5155.031,9169.886,2014.702,5316.061,9238.9,1978.241,5199.539,9332.048,2030.728,5119.092,9279.973,1981.396,5280.357,9339.446,2020.255,5221.335,9375.569,2016.508,5419.93,9426.797,1968.176,5242.318,9062.432,2008.945,5329.454,9334.894,1966.29,5355.404
9424.768,1975.98,5342.52,9277.443,1966.141,5444.052,9165.443,1955.12,5099.513,9206.406,1951.155,5332.481,9264.301,1976.812,5088.069,9406.856,1992.067,5154.906,9169.743,2014.702,5316.012,9239.089,1978.241,5199.45,9332.247,2030.728,5119.032,9280.174,1981.396,5280.317,9339.607,2020.255,5221.204,9375.775,2016.508,5419.9,9426.98,1968.176,5242.22,9062.275,2008.945,5329.316,9335.082,1966.29,5355.318
9424.952,1975.98,5342.423,9277.635,1966.141,5443.974,9165.588,1955.12,5099.663,9206.402,1951.155,5332.51,9264.463,1976.812,5088.2,9407.026,1992.067,5154.786,9169.601,2014.702,5315.962,9239.278,1978.241,5199.362,9332.442,2030.728,5118.96,9280.376,1981.396,5280.28,9339.771,2020.255,5221.076,9375.98,2016.508,5419.866,9427.161,1968.176,5242.116,9062.124,2008.945,5329.173,9335.273,1966.29,5355.237
9425.14,1975.98,5342.333,9277.825,1966.141,5443.894,9165.737,1955.12,5099.809,9206.399,1951.155,5332.54,9264.62,1976.812,5088.336,9407.2,1992.067,5154.671,9169.457,2014.702,5315.912,9239.469,1978.241,5199.279,9332.641,2030.728,5118.895,9280.579,1981.396,5280.249,9339.938,2020.255,5220.951,9376.185,2016.508,5419.826,9427.338,1968.176,5242.006,9061.978,2008.945,5329.025,9335.463,1966.29,5355.153
9425.322,1975.98,5342.233,9278.015,1966.141,5443.812,9165.882,1955.12,5099.958,9206.396,1951.155,5332.569,9264.776,1976.812,5088.474,9407.378,1992.067,5154.563,9169.313,2014.702,5315.861,9239.661,1978.241,5199.199,9332.841,2030.728,5118.836,9280.782,1981.396,5280.223,9340.107,2020.255,5220.829,9376.388,2016.508,5419.781,9427.528,1968.176,5241.921,9061.836,2008.945,5328.873,9335.655,1966.29,5355.075
9425.508,1975.98,5342.139,9278.203,1966.141,5443.728,9166.031,1955.12,5100.104,9206.395,1951.155,5332.598,9264.928,1976.812,5088.617,9407.56,1992.067,5154.459,9169.17,2014.702,5315.81,9239.854,1978.241,5199.123,9333.043,2030.728,5118.784,9280.986,1981.396,5280.202,9340.279,2020.255,5220.712,9376.59,2016.508,5419.73,9427.716,1968.176,5241.829,9061.699,2008.945,5328.715,9335.843,1966.29,5354.986
9425.695,1975.98,5342.047,9278.391,1966.141,5443.643,9166.176,1955.12,5100.254,9206.393,1951.155,5332.627,9265.074,1976.812,5088.765,9407.744,1992.067,5154.363,9169.025,2014.702,5315.758,9240.05,1978.241,5199.05,9333.246,2030.728,5118.739,9281.191,1981.396,5280.186,9340.454,2020.255,5220.599,9376.79,2016.508,5419.674,9427.899,1968.176,5241.731,9061.567,2008.945,5328.554,9336.025,1966.29,5354.886
9425.88,1975.98,5341.95,9278.577,1966.141,5443.555,9166.336,1955.12,5100.388,9206.392,1951.155,5332.657,9265.216,1976.812,5088.917,9407.927,1992.067,5154.263,9168.881,2014.702,5315.707,9240.246,1978.241,5198.981,9333.451,2030.728,5118.7,9281.392,1981.396,5280.141,9340.632,2020.255,5220.491,9376.989,2016.508,5419.612,9428.08,1968.176,5241.628,9061.441,2008.945,5328.388,9336.211,1966.29,5354.792
9426.072,1975.98,5341.87,9278.763,1966.141,5443.465,9166.491,1955.12,5100.527,9206.391,1951.155,5332.686,9265.378,1976.812,5089.048,9408.109,1992.067,5154.162,9168.736,2014.702,5315.654,9240.442,1978.241,5198.912,9333.657,2030.728,5118.668,9281.594,1981.396,5280.104,9340.809,2020.255,5220.381,9377.187,2016.508,5419.545,9428.26,1968.176,5241.523,9061.32,2008.945,5328.218,9336.394,1966.29,5354.694
9426.27,1975.98,5341.803,9278.949,1966.141,5443.376,9166.637,1955.12,5100.676,9206.391,1951.155,5332.715,9265.536,1976.812,5089.184,9408.295,1992.067,5154.067,9168.591,2014.702,5315.602,9240.638,1978.241,5198.841,9333.863,2030.728,5118.637,9281.797,1981.396,5280.072,9340.987,2020.255,5220.275,9377.382,2016.508,5419.474,9428.436,1968.176,5241.411,9061.205,2008.945,5328.045,9336.58,1966.29,5354.602
9426.464,1975.98,5341.729,9279.136,1966.141,5443.289,9166.787,1955.12,5100.821,9206.391,1951.155,5332.745,9265.689,1976.812,5089.325,9408.478,1992.067,5153.967,9168.445,2014.702,5315.548,9240.833,1978.241,5198.769,9334.065,2030.728,5118.587,9282.001,1981.396,5280.048,9341.168,2020.255,5220.171,9377.576,2016.508,5419.399,9428.609,1968.176,5241.296,9061.096,2008.945,5327.868,9336.761,1966.29,5354.5
9426.658,1975.98,5341.653,9279.322,1966.141,5443.201,9166.945,1955.12,5100.957,9206.392,1951.155,5332.774,9265.847,1976.812,5089.461,9408.652,1992.067,5153.854,9168.3,2014.702,5315.495,9241.028,1978.241,5198.696,9334.27,2030.728,5118.543,9282.2,1981.396,5279.999,9341.349,2020.255,5220.067,9377.77,2016.508,5419.321,9428.786,1968.176,5241.187,9060.992,2008.945,5327.687,9336.945,1966.29,5354.404
9426.854,1975.98,5341.581,9279.51,1966.141,5443.114,9167.11,1955.12,5101.083,9206.393,1951.155,5332.803,9266,1976.812,5089.603,9408.83,1992.067,5153.745,9168.153,2014.702,5315.441,9241.223,1978.241,5198.622,9334.475,2030.728,5118.507,9282.399,1981.396,5279.947,9341.528,2020.255,5219.962,9377.961,2016.508,5419.239,9428.967,1968.176,5241.083,9060.895,2008.945,5327.503,9337.133,1966.29,5354.314
9427.046,1975.98,5341.501,9279.697,1966.141,5443.028,9167.271,1955.12,5101.216,9206.395,1951.155,5332.833,9266.149,1976.812,5089.749,9409.011,1992.067,5153.642,9168.007,2014.702,5315.387,9241.416,1978.241,5198.544,9334.681,2030.728,5118.477,9282.6,1981.396,5279.902,9341.708,2020.255,5219.857,9378.151,2016.508,5419.154,9429.134,1968.176,5240.959,9060.803,2008.945,5327.316,9337.322,1966.29,5354.229
9427.237,1975.98,5341.42,9279.886,1966.141,5442.944,9167.428,1955.12,5101.354,9206.396,1951.155,5332.861,9266.311,1976.812,5089.88,9409.195,1992.067,5153.545,9167.86,2014.702,5315.333,9241.609,1978.241,5198.466,9334.882,2030.728,5118.422,9282.802,1981.396,5279.863,9341.888,2020.255,5219.752,9378.341,2016.508,5419.067,9429.305,1968.176,5240.84,9060.718,2008.945,5327.126,9337.511,1966.29,5354.142
9427.427,1975.98,5341.332,9280.074,1966.141,5442.86,9167.58,1955.12,5101.496,9206.399,1951.155,5332.89,9266.468,1976.812,5090.017,9409.372,1992.067,5153.435,9167.713,2014.702,5315.277,9241.802,1978.241,5198.388,9335.084,2030.728,5118.374,9283.005,1981.396,5279.831,9342.067,2020.255,5219.646,9378.528,2016.508,5418.977,9429.478,1968.176,5240.725,9060.626,2008.945,5326.939,9337.702,1966.29,5354.062
9427.62,1975.98,5341.255,9280.264,1966.141,5442.778,9167.721,1955.12,5101.649,9206.402,1951.155,5332.919,9266.621,1976.812,5090.159,9409.551,1992.067,5153.327,9167.565,2014.702,5315.222,9241.994,1978.241,5198.309,9335.284,2030.728,5118.317,9283.208,1981.396,5279.801,9342.247,2020.255,5219.54,9378.715,2016.508,5418.884,9429.649,1968.176,5240.606,9060.528,2008.945,5326.755,9337.887,1966.29,5353.966
9427.812,1975.98,5341.172,9280.453,1966.141,5442.695,9167.849,1955.12,5101.814,9206.406,1951.155,5332.948,9266.77,1976.812,5090.305,9409.731,1992.067,5153.223,9167.418,2014.702,5315.167,9242.188,1978.241,5198.231,9335.486,2030.728,5118.268,9283.412,1981.396,5279.778,9342.426,2020.255,5219.434,9378.9,2016.508,5418.789,9429.813,1968.176,5240.479,9060.425,2008.945,5326.574,9338.074,1966.29,5353.876
9428,1975.98,5341.083,9280.643,1966.141,5442.613,9167.976,1955.12,5101.979,9206.41,1951.155,5332.977,9266.913,1976.812,5090.457,9409.912,1992.067,5153.119,9167.27,2014.702,5315.11,9242.381,1978.241,5198.154,9335.69,2030.728,5118.225,9283.616,1981.396,5279.755,9342.604,2020.255,5219.327,9379.084,2016.508,5418.691,9429.982,1968.176,5240.356,9060.315,2008.945,5326.397,9338.263,1966.29,5353.788
9428.186,1975.98,5340.988,9280.832,1966.141,5442.532,9168.107,1955.12,5102.141,9206.415,1951.155,5333.005,9267.073,1976.812,5090.59,9410.097,1992.067,5153.022,9167.121,2014.702,5315.054,9242.574,1978.241,5198.077,9335.896,2030.728,5118.188,9283.821,1981.396,5279.734,9342.784,2020.255,5219.221,9379.267,2016.508,5418.591,9430.155,1968.176,5240.239,9060.2,2008.945,5326.224,9338.444,1966.29,5353.686
9428.376,1975.98,5340.903,9281.021,1966.141,5442.45,9168.245,1955.12,5102.297,9206.42,1951.155,5333.033,9267.229,1976.812,5090.729,9410.271,1992.067,5152.909,9166.972,2014.702,5314.997,9242.768,1978.241,5198.001,9336.102,2030.728,5118.158,9284.025,1981.396,5279.706,9342.965,2020.255,5219.118,9379.447,2016.508,5418.488,9430.331,1968.176,5240.128,9060.079,2008.945,5326.054,9338.629,1966.29,5353.59
9428.563,1975.98,5340.812,9281.211,1966.141,5442.368,9168.369,1955.12,5102.465,9206.426,1951.155,5333.062,9267.384,1976.812,5090.867,9410.45,1992.067,5152.801,9166.822,2014.702,5314.94,9242.961,1978.241,5197.925,9336.309,2030.728,5118.135,9284.229,1981.396,5279.679,9343.146,2020.255,5219.015,9379.627,2016.508,5418.382,9430.511,1968.176,5240.023,9059.953,2008.945,5325.888,9338.807,1966.29,5353.482
9428.752,1975.98,5340.722,9281.399,1966.141,5442.283,9168.499,1955.12,5102.628,9206.432,1951.155,5333.089,9267.534,1976.812,5091.011,9410.632,1992.067,5152.7,9166.673,2014.702,5314.882,9243.156,1978.241,5197.852,9336.516,2030.728,5118.117,9284.435,1981.396,5279.658,9343.328,2020.255,5218.915,9379.804,2016.508,5418.272,9430.685,1968.176,5239.908,9059.821,2008.945,5325.727,9338.988,1966.29,5353.381
9428.938,1975.98,5340.627,9281.586,1966.141,5442.195,9168.634,1955.12,5102.787,9206.438,1951.155,5333.117,9267.681,1976.812,5091.159,9410.816,1992.067,5152.604,9166.522,2014.702,5314.824,9243.353,1978.241,5197.781,9336.724,2030.728,5118.105,9284.64,1981.396,5279.644,9343.513,2020.255,5218.818,9379.979,2016.508,5418.159,9430.862,1968.176,5239.799,9059.685,2008.945,5325.569,9339.173,1966.29,5353.285
9429.123,1975.98,5340.533,9281.772,1966.141,5442.106,9168.764,1955.12,5102.95,9206.444,1951.155,5333.145,9267.821,1976.812,5091.313,9411.003,1992.067,5152.51,9166.372,2014.702,5314.766,9243.55,1978.241,5197.714,9336.931,2030.728,5118.079,9284.843,1981.396,5279.607,9343.698,2020.255,5218.724,9380.15,2016.508,5418.042,9431.043,1968.176,5239.696,9059.543,2008.945,5325.417,9339.352,1966.29,5353.179
9429.306,1975.98,5340.433,9281.957,1966.141,5442.014,9168.888,1955.12,5103.117,9206.451,1951.155,5333.172,9267.957,1976.812,5091.47,9411.192,1992.067,5152.423,9166.222,2014.702,5314.708,9243.747,1978.241,5197.647,9337.138,2030.728,5118.059,9285.047,1981.396,5279.577,9343.883,2020.255,5218.628,9380.32,2016.508,5417.92,9431.228,1968.176,5239.599,9059.396,2008.945,5325.269,9339.533,1966.29,5353.078
9429.485,1975.98,5340.327,9282.142,1966.141,5441.921,9168.981,1955.12,5103.303,9206.459,1951.155,5333.2,9268.093,1976.812,5091.628,9411.384,1992.067,5152.339,9166.07,2014.702,5314.648,9243.944,1978.241,5197.582,9337.346,2030.728,5118.046,9285.252,1981.396,5279.553,9344.069,2020.255,5218.536,9380.487,2016.508,5417.796,9431.415,1968.176,5239.508,9059.245,2008.945,5325.126,9339.698,1966.29,5352.951
9429.661,1975.98,5340.215,9282.324,1966.141,5441.825,9169.082,1955.12,5103.486,9206.467,1951.155,5333.227,9268.223,1976.812,5091.791,9411.577,1992.067,5152.262,9165.919,2014.702,5314.589,9244.143,1978.241,5197.518,9337.554,2030.728,5118.041,9285.456,1981.396,5279.522,9344.258,2020.255,5218.448,9380.651,2016.508,5417.667,9431.613,1968.176,5239.444,9059.089,2008.945,5324.988,9339.867,1966.29,5352.83
9429.846,1975.98,5340.118,9282.506,1966.141,5441.726,9169.188,1955.12,5103.665,9206.476,1951.155,5333.254,9268.348,1976.812,5091.958,9411.773,1992.067,5152.191,9165.768,2014.702,5314.529,9244.341,1978.241,5197.454,9337.762,2030.728,5118.042,9285.659,1981.396,5279.49,9344.448,2020.255,5218.364,9380.812,2016.508,5417.535,9431.81,1968.176,5239.375,9058.929,2008.945,5324.855,9340.04,1966.29,5352.714
9430.026,1975.98,5340.015,9282.684,1966.141,5441.622,9169.289,1955.12,5103.848,9206.484,1951.155,5333.281,9268.467,1976.812,5092.129,9411.972,1992.067,5152.127,9165.615,2014.702,5314.469,9244.541,1978.241,5197.396,9337.97,2030.728,5118.049,9285.863,1981.396,5279.465,9344.642,2020.255,5218.286,9380.968,2016.508,5417.397,9432.008,1968.176,5239.311,9058.772,2008.945,5324.718,9340.209,1966.29,5352.592
9430.204,1975.98,5339.906,9282.858,1966.141,5441.511,9169.383,1955.12,5104.034,9206.493,1951.155,5333.308,9268.58,1976.812,5092.304,9412.172,1992.067,5152.07,9165.463,2014.702,5314.409,9244.743,1978.241,5197.346,9338.178,2030.728,5118.064,9286.068,1981.396,5279.446,9344.837,2020.255,5218.215,9381.119,2016.508,5417.254,9432.208,1968.176,5239.254,9058.621,2008.945,5324.575,9340.374,1966.29,5352.465
9430.378,1975.98,5339.791,9283.029,1966.141,5441.395,9169.493,1955.12,5104.21,9206.503,1951.155,5333.334,9268.688,1976.812,5092.482,9412.374,1992.067,5152.019,9165.311,2014.702,5314.348,9244.946,1978.241,5197.301,9338.385,2030.728,5118.085,9286.274,1981.396,5279.435,9345.035,2020.255,5218.15,9381.266,2016.508,5417.106,9432.41,1968.176,5239.204,9058.475,2008.945,5324.427,9340.534,1966.29,5352.333
9430.548,1975.98,5339.671,9283.196,1966.141,5441.273,9169.598,1955.12,5104.391,9206.513,1951.155,5333.36,9268.789,1976.812,5092.664,9412.577,1992.067,5151.974,9165.157,2014.702,5314.287,9245.151,1978.241,5197.264,9338.591,2030.728,5118.114,9286.48,1981.396,5279.43,9345.235,2020.255,5218.091,9381.407,2016.508,5416.954,9432.614,1968.176,5239.161,9058.333,2008.945,5324.274,9340.69,1966.29,5352.196
9430.714,1975.98,5339.545,9283.359,1966.141,5441.146,9169.696,1955.12,5104.574,9206.523,1951.155,5333.386,9268.885,1976.812,5092.849,9412.782,1992.067,5151.937,9165.004,2014.702,5314.225,9245.357,1978.241,5197.233,9338.796,2030.728,5118.149,9286.687,1981.396,5279.432,9345.438,2020.255,5218.04,9381.544,2016.508,5416.796,9432.819,1968.176,5239.124,9058.196,2008.945,5324.117,9340.842,1966.29,5352.053
9430.876,1975.98,5339.414,9283.519,1966.141,5441.014,9169.788,1955.12,5104.761,9206.534,1951.155,5333.412,9268.975,1976.812,5093.037,9412.988,1992.067,5151.906,9164.851,2014.702,5314.163,9245.564,1978.241,5197.209,9339,2030.728,5118.19,9286.893,1981.396,5279.44,9345.641,2020.255,5217.994,9381.676,2016.508,5416.635,9433.025,1968.176,5239.094,9058.064,2008.945,5323.956,9340.988,1966.29,5351.906
9431.042,1975.98,5339.288,9283.682,1966.141,5440.887,9169.875,1955.12,5104.951,9206.544,1951.155,5333.438,9269.067,1976.812,5093.223,9413.193,1992.067,5151.868,9164.696,2014.702,5314.103,9245.771,1978.241,5197.179,9339.205,2030.728,5118.227,9287.099,1981.396,5279.454,9345.844,2020.255,5217.949,9381.812,2016.508,5416.477,9433.231,1968.176,5239.065,9057.928,2008.945,5323.798,9341.14,1966.29,5351.763
9431.212,1975.98,5339.167,9283.849,1966.141,5440.765,9169.956,1955.12,5105.143,9206.554,1951.155,5333.464,9269.164,1976.812,5093.407,9413.396,1992.067,5151.824,9164.54,2014.702,5314.045,9245.976,1978.241,5197.143,9339.411,2030.728,5118.257,9287.304,1981.396,5279.474,9346.047,2020.255,5217.905,9381.952,2016.508,5416.323,9433.438,1968.176,5239.039,9057.786,2008.945,5323.646,9341.295,1966.29,5351.624
9431.386,1975.98,5339.052,9284.02,1966.141,5440.648,9170.031,1955.12,5105.337,9206.563,1951.155,5333.491,9269.265,1976.812,5093.589,9413.599,1992.067,5151.773,9164.383,2014.702,5313.988,9246.18,1978.241,5197.1,9339.618,2030.728,5118.283,9287.509,1981.396,5279.5,9346.25,2020.255,5217.86,9382.097,2016.508,5416.173,9433.645,1968.176,5239.013,9057.64,2008.945,5323.498,9341.454,1966.29,5351.49
9431.563,1975.98,5338.943,9284.193,1966.141,5440.537,9170.101,1955.12,5105.534,9206.571,1951.155,5333.517,9269.369,1976.812,5093.769,9413.799,1992.067,5151.715,9164.225,2014.702,5313.934,9246.382,1978.241,5197.052,9339.825,2030.728,5118.303,9287.713,1981.396,5279.532,9346.453,2020.255,5217.816,9382.245,2016.508,5416.027,9433.852,1968.176,5238.988,9057.488,2008.945,5323.354,9341.617,1966.29,5351.361
9431.744,1975.98,5338.839,9284.371,1966.141,5440.431,9170.163,1955.12,5105.732,9206.579,1951.155,5333.543,9269.479,1976.812,5093.946,9413.997,1992.067,5151.651,9164.065,2014.702,5313.88,9246.583,1978.241,5196.998,9340.033,2030.728,5118.317,9287.916,1981.396,5279.57,9346.656,2020.255,5217.772,9382.397,2016.508,5415.885,9434.059,1968.176,5238.965,9057.333,2008.945,5323.216,9341.783,1966.29,5351.236
9431.929,1975.98,5338.742,9284.552,1966.141,5440.331,9170.22,1955.12,5105.933,9206.587,1951.155,5333.57,9269.592,1976.812,5094.121,9414.193,1992.067,5151.581,9163.905,2014.702,5313.829,9246.782,1978.241,5196.937,9340.241,2030.728,5118.327,9288.117,1981.396,5279.614,9346.86,2020.255,5217.729,9382.554,2016.508,5415.748,9434.266,1968.176,5238.942,9057.173,2008.945,5323.083,9341.953,1966.29,5351.117
9432.116,1975.98,5338.65,9284.735,1966.141,5440.236,9170.271,1955.12,5106.135,9206.594,1951.155,5333.597,9269.71,1976.812,5094.293,9414.387,1992.067,5151.504,9163.744,2014.702,5313.779,9246.979,1978.241,5196.871,9340.449,2030.728,5118.331,9288.317,1981.396,5279.664,9347.064,2020.255,5217.686,9382.714,2016.508,5415.614,9434.473,1968.176,5238.921,9057.009,2008.945,5322.955,9342.127,1966.29,5351.002
9432.307,1975.98,5338.565,9284.922,1966.141,5440.148,9170.314,1955.12,5106.339,9206.601,1951.155,5333.624,9269.832,1976.812,5094.461,9414.578,1992.067,5151.421,9163.582,2014.702,5313.73,9247.175,1978.241,5196.798,9340.657,2030.728,5118.329,9288.516,1981.396,5279.72,9347.269,2020.255,5217.643,9382.877,2016.508,5415.485,9434.68,1968.176,5238.9,9056.841,2008.945,5322.832,9342.304,1966.29,5350.892
9432.499,1975.98,5338.486,9285.111,1966.141,5440.065,9170.353,1955.12,5106.544,9206.606,1951.155,5333.651,9269.959,1976.812,5094.626,9414.767,1992.067,5151.332,9163.42,2014.702,5313.684,9247.368,1978.241,5196.72,9340.865,2030.728,5118.322,9288.712,1981.396,5279.783,9347.473,2020.255,5217.601,9383.044,2016.508,5415.361,9434.887,1968.176,5238.881,9056.669,2008.945,5322.714,9342.483,1966.29,5350.788
9432.694,1975.98,5338.413,9285.304,1966.141,5439.989,9170.384,1955.12,5106.75,9206.612,1951.155,5333.678,9270.091,1976.812,5094.788,9414.952,1992.067,5151.237,9163.257,2014.702,5313.638,9247.559,1978.241,5196.635,9341.073,2030.728,5118.31,9288.906,1981.396,5279.851,9347.677,2020.255,5217.558,9383.214,2016.508,5415.241,9435.094,1968.176,5238.862,9056.493,2008.945,5322.602,9342.666,1966.29,5350.688
9432.892,1975.98,5338.346,9285.498,1966.141,5439.919,9170.409,1955.12,5106.957,9206.617,1951.155,5333.705,9270.227,1976.812,5094.946,9415.134,1992.067,5151.136,9163.093,2014.702,5313.594,9247.746,1978.241,5196.545,9341.281,2030.728,5118.293,9289.099,1981.396,5279.926,9347.881,2020.255,5217.516,9383.388,2016.508,5415.125,9435.301,1968.176,5238.844,9056.314,2008.945,5322.495,9342.852,1966.29,5350.595
9433.091,1975.98,5338.285,9285.694,1966.141,5439.855,9170.428,1955.12,5107.165,9206.621,1951.155,5333.731,9270.367,1976.812,5095.1,9415.313,1992.067,5151.029,9162.928,2014.702,5313.551,9247.931,1978.241,5196.449,9341.488,2030.728,5118.271,9289.289,1981.396,5280.006,9348.085,2020.255,5217.474,9383.564,2016.508,5415.015,9435.508,1968.176,5238.827,9056.132,2008.945,5322.394,9343.04,1966.29,5350.506
9433.292,1975.98,5338.231,9285.893,1966.141,5439.797,9170.44,1955.12,5107.373,9206.625,1951.155,5333.758,9270.512,1976.812,5095.25,9415.487,1992.067,5150.916,9162.762,2014.702,5313.51,9248.112,1978.241,5196.348,9341.694,2030.728,5118.243,9289.477,1981.396,5280.093,9348.289,2020.255,5217.433,9383.744,2016.508,5414.91,9435.715,1968.176,5238.806,9055.946,2008.945,5322.299,9343.23,1966.29,5350.423
9433.495,1975.98,5338.184,9286.093,1966.141,5439.746,9170.446,1955.12,5107.581,9206.628,1951.155,5333.786,9270.661,1976.812,5095.395,9415.659,1992.067,5150.798,9162.596,2014.702,5313.47,9248.291,1978.241,5196.24,9341.9,2030.728,5118.209,9289.661,1981.396,5280.185,9348.493,2020.255,5217.392,9383.927,2016.508,5414.81,9435.922,1968.176,5238.783,9055.758,2008.945,5322.209,9343.424,1966.29,5350.346
9433.696,1975.98,5338.13,9286.291,1966.141,5439.688,9170.459,1955.12,5107.789,9206.632,1951.155,5333.813,9270.806,1976.812,5095.545,9415.834,1992.067,5150.686,9162.43,2014.702,5313.429,9248.473,1978.241,5196.139,9342.105,2030.728,5118.171,9289.849,1981.396,5280.271,9348.698,2020.255,5217.357,9384.106,2016.508,5414.704,9436.13,1968.176,5238.766,9055.572,2008.945,5322.114,9343.619,1966.29,5350.274
9433.896,1975.98,5338.069,9286.487,1966.141,5439.625,9170.479,1955.12,5107.996,9206.636,1951.155,5333.839,9270.945,1976.812,5095.7,9416.012,1992.067,5150.578,9162.263,2014.702,5313.387,9248.658,1978.241,5196.043,9342.31,2030.728,5118.128,9290.039,1981.396,5280.353,9348.904,2020.255,5217.329,9384.282,2016.508,5414.592,9436.338,1968.176,5238.756,9055.391,2008.945,5322.012,9343.816,1966.29,5350.209
9434.093,1975.98,5338.002,9286.682,1966.141,5439.554,9170.505,1955.12,5108.203,9206.641,1951.155,5333.866,9271.079,1976.812,5095.859,9416.192,1992.067,5150.475,9162.096,2014.702,5313.344,9248.847,1978.241,5195.954,9342.512,2030.728,5118.08,9290.231,1981.396,5280.427,9349.111,2020.255,5217.308,9384.454,2016.508,5414.474,9436.546,1968.176,5238.753,9055.212,2008.945,5321.905,9344.016,1966.29,5350.151
9434.288,1975.98,5337.928,9286.874,1966.141,5439.478,9170.538,1955.12,5108.408,9206.646,1951.155,5333.893,9271.208,1976.812,5096.023,9416.376,1992.067,5150.377,9161.929,2014.702,5313.3,9249.038,1978.241,5195.871,9342.713,2030.728,5118.027,9290.426,1981.396,5280.496,9349.319,2020.255,5217.294,9384.622,2016.508,5414.351,9436.754,1968.176,5238.757,9055.037,2008.945,5321.792,9344.217,1966.29,5350.099
9434.48,1975.98,5337.848,9287.063,1966.141,5439.395,9170.578,1955.12,5108.613,9206.651,1951.155,5333.919,9271.331,1976.812,5096.191,9416.563,1992.067,5150.284,9161.762,2014.702,5313.256,9249.231,1978.241,5195.794,9342.913,2030.728,5117.968,9290.622,1981.396,5280.559,9349.527,2020.255,5217.287,9384.786,2016.508,5414.222,9436.962,1968.176,5238.768,9054.866,2008.945,5321.673,9344.42,1966.29,5350.053
9434.764,1975.98,5337.72,9287.342,1966.141,5439.262,9170.647,1955.12,5108.916,9206.66,1951.155,5333.958,9271.507,1976.812,5096.447,9416.845,1992.067,5150.154,9161.513,2014.702,5313.188,9249.523,1978.241,5195.689,9343.209,2030.728,5117.873,9290.918,1981.396,5280.644,9349.838,2020.255,5217.286,9385.024,2016.508,5414.022,9437.271,1968.176,5238.794,9054.617,2008.945,5321.487,9344.725,1966.29,5349.994
9434.963,1975.98,5337.622,9287.537,1966.141,5439.16,9170.704,1955.12,5109.13,9206.667,1951.155,5333.986,9271.626,1976.812,5096.634,9417.049,1992.067,5150.066,9161.334,2014.702,5313.139,9249.734,1978.241,5195.622,9343.418,2030.728,5117.799,9291.131,1981.396,5280.697,9350.06,2020.255,5217.281,9385.198,2016.508,5413.885,9437.493,1968.176,5238.808,9054.436,2008.945,5321.361,9344.943,1966.29,5349.958
9435.374,1975.98,5337.435,9287.941,1966.141,5438.966,9170.806,1955.12,5109.57,9206.68,1951.155,5334.042,9271.879,1976.812,5097.009,9417.458,1992.067,5149.875,9160.969,2014.702,5313.042,9250.16,1978.241,5195.47,9343.841,2030.728,5117.639,9291.562,1981.396,5280.82,9350.512,2020.255,5217.271,9385.56,2016.508,5413.614,9437.944,1968.176,5238.826,9054.057,2008.945,5321.114,9345.391,1966.29,5349.899
9435.682,1975.98,5337.307,9288.244,1966.141,5438.833,9170.87,1955.12,5109.897,9206.688,1951.155,5334.084,9272.072,1976.812,5097.28,9417.755,1992.067,5149.724,9160.697,2014.702,5312.973,9250.471,1978.241,5195.348,9344.149,2030.728,5117.514,9291.876,1981.396,5280.92,9350.845,2020.255,5217.265,9385.832,2016.508,5413.421,9438.277,1968.176,5238.833,9053.771,2008.945,5320.941,9345.722,1966.29,5349.864
9436.056,1975.98,5337.165,9288.612,1966.141,5438.685,9170.936,1955.12,5110.292,9206.698,1951.155,5334.135,9272.313,1976.812,5097.6,9418.105,1992.067,5149.531,9160.37,2014.702,5312.892,9250.839,1978.241,5195.191,9344.517,2030.728,5117.354,9292.25,1981.396,5281.052,9351.245,2020.255,5217.258,9386.165,2016.508,5413.2,9438.678,1968.176,5238.833,9053.423,2008.945,5320.745,9346.12,1966.29,5349.834
9436.544,1975.98,5336.997,9289.094,1966.141,5438.508,9171.004,1955.12,5110.804,9206.709,1951.155,5334.2,9272.634,1976.812,5098.004,9418.55,1992.067,5149.268,9159.945,2014.702,5312.791,9251.308,1978.241,5194.974,9344.985,2030.728,5117.138,9292.728,1981.396,5281.238,9351.761,2020.255,5217.249,9386.603,2016.508,5412.926,9439.193,1968.176,5238.824,9052.966,2008.945,5320.505,9346.635,1966.29,5349.81
9437.283,1975.98,5336.77,9289.823,1966.141,5438.267,9171.083,1955.12,5111.574,9206.724,1951.155,5334.297,9273.131,1976.812,5098.597,9419.202,1992.067,5148.853,9159.305,2014.702,5312.644,9251.999,1978.241,5194.626,9345.68,2030.728,5116.798,9293.434,1981.396,5281.538,9352.533,2020.255,5217.237,9387.27,2016.508,5412.534,9439.966,1968.176,5238.795,9052.27,2008.945,5320.167,9347.407,1966.29,5349.795
9437.692,1975.98,5336.658,9290.228,1966.141,5438.147,9171.113,1955.12,5111.997,9206.73,1951.155,5334.35,9273.413,1976.812,5098.914,9419.554,1992.067,5148.614,9158.95,2014.702,5312.566,9252.372,1978.241,5194.424,9346.056,2030.728,5116.602,9293.815,1981.396,5281.715,9352.958,2020.255,5217.231,9387.642,2016.508,5412.329,9440.39,1968.176,5238.772,9051.882,2008.945,5319.994,9347.831,1966.29,5349.799
9438.438,1975.98,5336.48,9290.964,1966.141,5437.956,9171.143,1955.12,5112.762,9206.741,1951.155,5334.446,9273.938,1976.812,5099.472,9420.197,1992.067,5148.199,9158.307,2014.702,5312.429,9253.034,1978.241,5194.039,9346.725,2030.728,5116.23,9294.494,1981.396,5282.057,9353.724,2020.255,5217.221,9388.322,2016.508,5411.978,9441.153,1968.176,5238.719,9051.174,2008.945,5319.703,9348.596,1966.29,5349.828
9439.262,1975.98,5336.254,9291.778,1966.141,5437.714,9171.203,1955.12,5113.615,9206.755,1951.155,5334.552,9274.502,1976.812,5100.114,9420.929,1992.067,5147.756,9157.584,2014.702,5312.271,9253.786,1978.241,5193.633,9347.46,2030.728,5115.794,9295.264,1981.396,5282.415,9354.578,2020.255,5217.237,9389.093,2016.508,5411.607,9442.008,1968.176,5238.687,9050.395,2008.945,5319.353,9349.448,1966.29,5349.862
9439.818,1975.98,5336.082,9292.328,1966.141,5437.532,9171.264,1955.12,5114.194,9206.766,1951.155,5334.624,9274.872,1976.812,5100.564,9421.436,1992.067,5147.469,9157.089,2014.702,5312.16,9254.308,1978.241,5193.374,9347.953,2030.728,5115.483,9295.796,1981.396,5282.643,9355.16,2020.255,5217.268,9389.625,2016.508,5411.369,9442.591,1968.176,5238.684,9049.871,2008.945,5319.096,9350.029,1966.29,5349.888
9440.78,1975.98,5335.75,9293.277,1966.141,5437.182,9171.402,1955.12,5115.203,9206.786,1951.155,5334.748,9275.492,1976.812,5101.371,9422.334,1992.067,5146.992,9156.222,2014.702,5311.959,9255.232,1978.241,5192.95,9348.798,2030.728,5114.916,9296.736,1981.396,5283.012,9356.174,2020.255,5217.354,9390.564,2016.508,5410.978,9443.608,1968.176,5238.713,9048.973,2008.945,5318.619,9351.044,1966.29,5349.935
9441.776,1975.98,5335.369,9294.26,1966.141,5436.782,9171.582,1955.12,5116.254,9206.811,1951.155,5334.876,9276.114,1976.812,5102.237,9423.29,1992.067,5146.518,9155.307,2014.702,5311.743,9256.217,1978.241,5192.538,9349.666,2030.728,5114.296,9297.733,1981.396,5283.369,9357.233,2020.255,5217.479,9391.56,2016.508,5410.594,9444.673,1968.176,5238.778,9048.048,2008.945,5318.088,9352.108,1966.29,5349.988
9442.521,1975.98,5335.056,9294.992,1966.141,5436.456,9171.744,1955.12,5117.045,9206.83,1951.155,5334.973,9276.563,1976.812,5102.908,9424.022,1992.067,5146.18,9154.609,2014.702,5311.574,9256.971,1978.241,5192.251,9350.31,2030.728,5113.809,9298.496,1981.396,5283.616,9358.031,2020.255,5217.601,9392.32,2016.508,5410.324,9445.477,1968.176,5238.853,9047.361,2008.945,5317.664,9352.913,1966.29,5350.03
9443.274,1975.98,5334.71,9295.734,1966.141,5436.096,9171.938,1955.12,5117.852,9206.853,1951.155,5335.07,9277.002,1976.812,5103.611,9424.784,1992.067,5145.853,9153.89,2014.702,5311.396,9257.755,1978.241,5191.981,9350.956,2030.728,5113.289,9299.288,1981.396,5283.845,9358.847,2020.255,5217.752,9393.108,2016.508,5410.068,9446.3,1968.176,5238.958,9046.671,2008.945,5317.205,9353.74,1966.29,5350.076
9444.328,1975.98,5334.183,9296.771,1966.141,5435.551,9172.249,1955.12,5118.988,9206.887,1951.155,5335.208,9277.593,1976.812,5104.631,9425.879,1992.067,5145.419,9152.863,2014.702,5311.136,9258.881,1978.241,5191.635,9351.853,2030.728,5112.525,9300.422,1981.396,5284.135,9359.997,2020.255,5218.004,9394.237,2016.508,5409.733,9447.463,1968.176,5239.144,9045.712,2008.945,5316.521,9354.915,1966.29,5350.144
9445.146,1975.98,5333.807,9297.577,1966.141,5435.16,9172.459,1955.12,5119.863,9206.91,1951.155,5335.312,9278.058,1976.812,5105.402,9426.705,1992.067,5145.063,9152.069,2014.702,5310.951,9259.732,1978.241,5191.344,9352.522,2030.728,5111.924,9301.281,1981.396,5284.384,9360.876,2020.255,5218.198,9395.107,2016.508,5409.502,9448.354,1968.176,5239.265,9044.963,2008.945,5316.022,9355.812,1966.29,5350.222
9446.317,1975.98,5333.312,9298.732,1966.141,5434.644,9172.717,1955.12,5121.108,9206.94,1951.155,5335.459,9278.733,1976.812,5106.479,9427.858,1992.067,5144.527,9150.937,2014.702,5310.709,9260.923,1978.241,5190.896,9353.448,2030.728,5111.053,9302.484,1981.396,5284.774,9362.117,2020.255,5218.474,9396.345,2016.508,5409.209,9449.618,1968.176,5239.407,9043.883,2008.945,5315.351,9357.074,1966.29,5350.367
9447.22,1975.98,5332.964,9299.623,1966.141,5434.279,9172.883,1955.12,5122.062,9206.961,1951.155,5335.57,9279.263,1976.812,5107.288,9428.756,1992.067,5144.168,9150.065,2014.702,5310.54,9261.817,1978.241,5190.528,9354.136,2030.728,5110.373,9303.39,1981.396,5285.1,9363.061,2020.255,5218.685,9397.292,2016.508,5409.013,9450.581,1968.176,5239.493,9043.046,2008.945,5314.867,9358.031,1966.29,5350.504
9448.505,1975.98,5332.515,9300.893,1966.141,5433.807,9173.073,1955.12,5123.409,9206.985,1951.155,5335.727,9280.03,1976.812,5108.411,9430.004,1992.067,5143.625,9148.829,2014.702,5310.322,9263.06,1978.241,5189.972,9355.08,2030.728,5109.393,9304.648,1981.396,5285.598,9364.388,2020.255,5218.984,9398.632,2016.508,5408.773,9451.938,1968.176,5239.583,9041.847,2008.945,5314.222,9359.372,1966.29,5350.734
9449.488,1975.98,5332.206,9301.865,1966.141,5433.48,9173.186,1955.12,5124.434,9207.001,1951.155,5335.844,9280.628,1976.812,5109.25,9430.937,1992.067,5143.188,9147.884,2014.702,5310.172,9263.986,1978.241,5189.521,9355.776,2030.728,5108.634,9305.589,1981.396,5286.006,9365.393,2020.255,5219.212,9399.65,2016.508,5408.621,9452.968,1968.176,5239.63,9040.924,2008.945,5313.763,9360.382,1966.29,5350.937
9450.878,1975.98,5331.816,9303.241,1966.141,5433.067,9173.297,1955.12,5125.873,9207.02,1951.155,5336.007,9281.49,1976.812,5110.407,9432.229,1992.067,5142.548,9146.551,2014.702,5309.985,9265.265,1978.241,5188.85,9356.728,2030.728,5107.549,9306.896,1981.396,5286.599,9366.799,2020.255,5219.534,9401.083,2016.508,5408.446,9454.41,1968.176,5239.666,9039.612,2008.945,5313.16,9361.788,1966.29,5351.26
9451.798,1975.98,5331.588,9304.153,1966.141,5432.825,9173.34,1955.12,5126.819,9207.029,1951.155,5336.114,9282.073,1976.812,5111.154,9433.07,1992.067,5142.112,9145.668,2014.702,5309.876,9266.09,1978.241,5188.384,9357.336,2030.728,5106.822,9307.746,1981.396,5287.009,9367.722,2020.255,5219.747,9402.026,2016.508,5408.357,9455.357,1968.176,5239.669,9038.739,2008.945,5312.79,9362.705,1966.29,5351.498
9453.331,1975.98,5331.156,9305.673,1966.141,5432.367,9173.464,1955.12,5128.408,9207.052,1951.155,5336.291,9283.094,1976.812,5112.377,9434.509,1992.067,5141.427,9144.173,2014.702,5309.742,9267.502,1978.241,5187.646,9358.397,2030.728,5105.635,9309.194,1981.396,5287.656,9369.262,2020.255,5220.155,9403.615,2016.508,5408.248,9456.949,1968.176,5239.729,9037.293,2008.945,5312.121,9364.245,1966.29,5351.899
9454.602,1975.98,5330.752,9306.932,1966.141,5431.943,9173.611,1955.12,5129.733,9207.075,1951.155,5336.437,9283.98,1976.812,5113.373,9435.73,1992.067,5140.893,9142.911,2014.702,5309.67,9268.703,1978.241,5187.066,9359.318,2030.728,5104.67,9310.423,1981.396,5288.161,9370.539,2020.255,5220.54,9404.947,2016.508,5408.19,9458.279,1968.176,5239.821,9036.102,2008.945,5311.522,9365.534,1966.29,5352.237
9455.649,1975.98,5330.381,9307.969,1966.141,5431.555,9173.77,1955.12,5130.833,9207.099,1951.155,5336.557,9284.747,1976.812,5114.178,9436.763,1992.067,5140.481,9141.854,2014.702,5309.645,9269.72,1978.241,5186.617,9360.112,2030.728,5103.892,9311.459,1981.396,5288.551,9371.593,2020.255,5220.895,9406.059,2016.508,5408.169,9459.385,1968.176,5239.935,9035.125,2008.945,5310.99,9366.608,1966.29,5352.521
9457.37,1975.98,5329.707,9309.672,1966.141,5430.854,9174.093,1955.12,5132.653,9207.144,1951.155,5336.753,9286.064,1976.812,5115.475,9438.501,1992.067,5139.853,9140.088,2014.702,5309.66,9271.434,1978.241,5185.925,9361.474,2030.728,5102.642,9313.202,1981.396,5289.146,9373.324,2020.255,5221.542,9407.906,2016.508,5408.179,9461.216,1968.176,5240.184,9033.531,2008.945,5310.053,9368.394,1966.29,5352.996
9459.239,1975.98,5329.044,9311.474,1966.141,5430.042,9174.504,1955.12,5134.593,9207.197,1951.155,5336.959,9287.522,1976.812,5116.819,9440.387,1992.067,5139.241,9138.187,2014.702,5309.738,9273.296,1978.241,5185.243,9362.977,2030.728,5101.349,9315.091,1981.396,5289.726,9375.158,2020.255,5222.296,9409.888,2016.508,5408.238,9463.188,1968.176,5240.387,9031.855,2008.945,5308.993,9370.308,1966.29,5353.509
9461.063,1975.98,5328.464,9313.187,1966.141,5429.202,9174.961,1955.12,5136.451,9207.255,1951.155,5337.153,9288.971,1976.812,5118.07,9442.226,1992.067,5138.71,9136.346,2014.702,5309.875,9275.113,1978.241,5184.644,9364.468,2030.728,5100.149,9316.931,1981.396,5290.229,9376.903,2020.255,5223.082,9411.798,2016.508,5408.34,9465.098,1968.176,5240.521,9030.272,2008.945,5307.917,9372.154,1966.29,5354.007
9462.861,1975.98,5327.956,9314.833,1966.141,5428.326,9175.42,1955.12,5138.264,9207.316,1951.155,5337.338,9290.425,1976.812,5119.245,9444.038,1992.067,5138.25,9134.546,2014.702,5310.067,9276.907,1978.241,5184.117,9365.962,2030.728,5099.025,9318.743,1981.396,5290.665,9378.582,2020.255,5223.905,9413.661,2016.508,5408.484,9466.966,1968.176,5240.591,9028.762,2008.945,5306.816,9373.957,1966.29,5354.498
9463.161,1975.98,5327.881,9315.109,1966.141,5428.19,9175.487,1955.12,5138.565,9207.325,1951.155,5337.369,9290.671,1976.812,5119.432,9444.335,1992.067,5138.166,9134.248,2014.702,5310.104,9277.202,1978.241,5184.024,9366.204,2030.728,5098.833,9319.042,1981.396,5290.738,9378.86,2020.255,5224.039,9413.969,2016.508,5408.517,9467.274,1968.176,5240.596,9028.506,2008.945,5306.643,9374.253,1966.29,5354.586
9463.522,1975.98,5327.802,9315.445,1966.141,5428.038,9175.558,1955.12,5138.929,9207.335,1951.155,5337.405,9290.971,1976.812,5119.648,9444.688,1992.067,5138.053,9133.892,2014.702,5310.154,9277.553,1978.241,5183.905,9366.487,2030.728,5098.595,9319.399,1981.396,5290.83,9379.195,2020.255,5224.196,9414.335,2016.508,5408.567,9467.645,1968.176,5240.594,9028.193,2008.945,5306.445,9374.604,1966.29,5354.701
9466.59,1975.98,5327.23,9318.32,1966.141,5426.845,9176.058,1955.12,5142.009,9207.409,1951.155,5337.717,9293.553,1976.812,5121.4,9447.633,1992.067,5137.023,9130.894,2014.702,5310.622,9280.481,1978.241,5182.831,9368.826,2030.728,5096.53,9322.403,1981.396,5291.643,9382.026,2020.255,5225.504,9417.413,2016.508,5409.078,9470.764,1968.176,5240.52,9025.504,2008.945,5304.862,9377.547,1966.29,5355.736
9467.989,1975.98,5327.012,9319.642,1966.141,5426.345,9176.243,1955.12,5143.413,9207.438,1951.155,5337.856,9294.747,1976.812,5122.161,9448.964,1992.067,5136.54,9129.53,2014.702,5310.861,9281.799,1978.241,5182.311,9369.863,2030.728,5095.566,9323.755,1981.396,5292.056,9383.315,2020.255,5226.089,9418.803,2016.508,5409.351,9472.178,1968.176,5240.458,9024.261,2008.945,5304.184,9378.87,1966.29,5356.239
9468.392,1975.98,5326.96,9320.024,1966.141,5426.214,9176.284,1955.12,5143.816,9207.445,1951.155,5337.896,9295.095,1976.812,5122.369,9449.349,1992.067,5136.412,9129.141,2014.702,5310.937,9282.172,1978.241,5182.152,9370.153,2030.728,5095.282,9324.138,1981.396,5292.187,9383.686,2020.255,5226.254,9419.198,2016.508,5409.44,9472.582,1968.176,5240.434,9023.898,2008.945,5304.001,9379.246,1966.29,5356.392
9471.113,1975.98,5326.69,9322.635,1966.141,5425.414,9176.481,1955.12,5146.544,9207.485,1951.155,5338.164,9297.482,1976.812,5123.704,9451.92,1992.067,5135.479,9126.521,2014.702,5311.5,9284.66,1978.241,5181.017,9372.057,2030.728,5093.318,9326.692,1981.396,5293.153,9386.191,2020.255,5227.349,9421.848,2016.508,5410.12,9475.309,1968.176,5240.217,9021.417,2008.945,5302.849,9381.754,1966.29,5357.484
9472.66,1975.98,5326.577,9324.129,1966.141,5425.008,9176.547,1955.12,5148.094,9207.503,1951.155,5338.314,9298.857,1976.812,5124.421,9453.4,1992.067,5135.018,9125.037,2014.702,5311.848,9286.053,1978.241,5180.335,9373.111,2030.728,5092.181,9328.122,1981.396,5293.748,9387.616,2020.255,5227.96,9423.338,2016.508,5410.548,9476.851,1968.176,5240.053,9019.989,2008.945,5302.242,9383.16,1966.29,5358.137
9473.807,1975.98,5326.53,9325.243,1966.141,5424.744,9176.633,1955.12,5149.238,9207.52,1951.155,5338.424,9299.892,1976.812,5124.918,9454.506,1992.067,5134.712,9123.947,2014.702,5312.142,9287.099,1978.241,5179.865,9373.918,2030.728,5091.365,9329.192,1981.396,5294.155,9388.655,2020.255,5228.447,9424.434,2016.508,5410.887,9477.986,1968.176,5239.894,9018.949,2008.945,5301.758,9384.212,1966.29,5358.594
9476.068,1975.98,5326.512,9327.456,1966.141,5424.295,9176.876,1955.12,5151.487,9207.559,1951.155,5338.637,9301.961,1976.812,5125.831,9456.705,1992.067,5134.183,9121.815,2014.702,5312.792,9289.19,1978.241,5179.005,9375.561,2030.728,5089.811,9331.327,1981.396,5294.893,9390.671,2020.255,5229.474,9426.58,2016.508,5411.598,9480.215,1968.176,5239.508,9016.931,2008.945,5300.738,9386.308,1966.29,5359.444
9477.242,1975.98,5326.541,9328.612,1966.141,5424.1,9177.04,1955.12,5152.649,9207.582,1951.155,5338.746,9303.05,1976.812,5126.27,9457.855,1992.067,5133.945,9120.719,2014.702,5313.167,9290.29,1978.241,5178.595,9376.439,2030.728,5089.032,9332.446,1981.396,5295.242,9391.699,2020.255,5230.041,9427.687,2016.508,5411.989,9481.364,1968.176,5239.27,9015.9,2008.945,5300.175,9387.406,1966.29,5359.858
9479.809,1975.98,5326.688,9331.157,1966.141,5423.755,9177.483,1955.12,5155.182,9207.642,1951.155,5338.979,9305.465,1976.812,5127.151,9460.389,1992.067,5133.507,9118.344,2014.702,5314.066,9292.727,1978.241,5177.775,9378.419,2030.728,5087.392,9334.92,1981.396,5295.93,9393.909,2020.255,5231.354,9430.094,2016.508,5412.89,9483.863,1968.176,5238.667,9013.687,2008.945,5298.868,9389.832,1966.29,5360.706
9482.141,1975.98,5326.898,9333.484,1966.141,5423.518,9177.962,1955.12,5157.474,9207.701,1951.155,5339.188,9307.689,1976.812,5127.881,9462.708,1992.067,5133.185,9116.205,2014.702,5314.957,9294.969,1978.241,5177.102,9380.27,2030.728,5085.957,9337.192,1981.396,5296.485,9395.882,2020.255,5232.616,9432.271,2016.508,5413.751,9486.12,1968.176,5238.044,9011.71,2008.945,5297.613,9392.06,1966.29,5361.425
9482.586,1975.98,5326.953,9333.932,1966.141,5423.487,9178.068,1955.12,5157.91,9207.714,1951.155,5339.227,9308.12,1976.812,5128.007,9463.154,1992.067,5133.137,9115.801,2014.702,5315.141,9295.402,1978.241,5176.987,9380.633,2030.728,5085.694,9337.631,1981.396,5296.578,9396.252,2020.255,5232.87,9432.685,2016.508,5413.924,9486.549,1968.176,5237.911,9011.34,2008.945,5297.36,9392.489,1966.29,5361.552
9485.007,1975.98,5327.331,9336.379,1966.141,5423.398,9178.726,1955.12,5160.271,9207.789,1951.155,5339.436,9310.493,1976.812,5128.618,9465.599,1992.067,5132.959,9113.625,2014.702,5316.218,9297.79,1978.241,5176.438,9382.663,2030.728,5084.322,9340.041,1981.396,5297.009,9398.226,2020.255,5234.323,9434.929,2016.508,5414.907,9488.863,1968.176,5237.106,9009.361,2008.945,5295.914,9394.854,1966.29,5362.193
9486.212,1975.98,5327.511,9337.596,1966.141,5423.393,9179.019,1955.12,5161.453,9207.823,1951.155,5339.54,9311.682,1976.812,5128.885,9466.81,1992.067,5132.831,9112.553,2014.702,5316.775,9298.97,1978.241,5176.134,9383.654,2030.728,5083.614,9341.231,1981.396,5297.263,9399.208,2020.255,5235.042,9436.031,2016.508,5415.425,9490.01,1968.176,5236.696,9008.355,2008.945,5295.227,9396.021,1966.29,5362.541
9488.635,1975.98,5327.824,9340.036,1966.141,5423.461,9179.537,1955.12,5163.84,9207.885,1951.155,5339.748,9314.08,1976.812,5129.349,9469.229,1992.067,5132.497,9110.424,2014.702,5317.935,9301.318,1978.241,5175.462,9385.604,2030.728,5082.142,9343.602,1981.396,5297.849,9401.181,2020.255,5236.481,9438.215,2016.508,5416.52,9492.302,1968.176,5235.853,9006.294,2008.945,5293.916,9398.343,1966.29,5363.299
9489.25,1975.98,5327.892,9340.654,1966.141,5423.499,9179.65,1955.12,5164.449,9207.898,1951.155,5339.8,9314.691,1976.812,5129.447,9469.84,1992.067,5132.392,9109.89,2014.702,5318.239,9301.914,1978.241,5175.292,9386.088,2030.728,5081.755,9344.197,1981.396,5298.017,9401.682,2020.255,5236.845,9438.762,2016.508,5416.812,9492.881,1968.176,5235.634,9005.761,2008.945,5293.601,9398.927,1966.29,5363.507
9492.372,1975.98,5328.191,9343.776,1966.141,5423.788,9180.135,1955.12,5167.548,9207.963,1951.155,5340.067,9317.803,1976.812,5129.853,9472.914,1992.067,5131.763,9107.212,2014.702,5319.834,9304.927,1978.241,5174.422,9388.488,2030.728,5079.736,9347.186,1981.396,5298.966,9404.22,2020.255,5238.687,9441.491,2016.508,5418.358,9495.805,1968.176,5234.5,9003.011,2008.945,5292.091,9401.854,1966.29,5364.633
9494.527,1975.98,5328.368,9345.922,1966.141,5424.056,9180.404,1955.12,5169.695,9208.002,1951.155,5340.249,9319.956,1976.812,5130.066,9475.019,1992.067,5131.262,9105.386,2014.702,5320.97,9307.002,1978.241,5173.814,9390.106,2030.728,5078.3,9349.225,1981.396,5299.688,9405.97,2020.255,5239.957,9443.347,2016.508,5419.471,9497.813,1968.176,5233.699,9001.082,2008.945,5291.111,9403.853,1966.29,5365.461
9497.661,1975.98,5328.589,9349.025,1966.141,5424.547,9180.703,1955.12,5172.824,9208.052,1951.155,5340.51,9323.092,1976.812,5130.279,9478.052,1992.067,5130.437,9102.763,2014.702,5322.672,9310.012,1978.241,5172.913,9392.402,2030.728,5076.154,9352.15,1981.396,5300.833,9408.512,2020.255,5241.803,9446.001,2016.508,5421.153,9500.721,1968.176,5232.507,8998.236,2008.945,5289.776,9406.724,1966.29,5366.739
9498.045,1975.98,5328.618,9349.403,1966.141,5424.619,9180.729,1955.12,5173.208,9208.057,1951.155,5340.542,9323.477,1976.812,5130.293,9478.42,1992.067,5130.324,9102.445,2014.702,5322.887,9310.38,1978.241,5172.799,9392.677,2030.728,5075.884,9352.504,1981.396,5300.985,9408.823,2020.255,5242.03,9446.321,2016.508,5421.367,9501.075,1968.176,5232.358,8997.883,2008.945,5289.624,9407.071,1966.29,5366.904
9498.502,1975.98,5328.667,9349.852,1966.141,5424.72,9180.773,1955.12,5173.666,9208.064,1951.155,5340.58,9323.937,1976.812,5130.295,9478.863,1992.067,5130.204,9102.075,2014.702,5323.156,9310.823,1978.241,5172.678,9393.015,2030.728,5075.573,9352.932,1981.396,5301.154,9409.186,2020.255,5242.313,9446.699,2016.508,5421.627,9501.504,1968.176,5232.193,8997.467,2008.945,5289.427,9407.491,1966.29,5367.091
9501.514,1975.98,5329.095,9352.795,1966.141,5425.485,9181.169,1955.12,5176.682,9208.122,1951.155,5340.826,9326.978,1976.812,5130.209,9481.823,1992.067,5129.504,9099.683,2014.702,5325.014,9313.782,1978.241,5171.972,9395.317,2030.728,5073.585,9355.794,1981.396,5302.181,9411.521,2020.255,5244.261,9449.181,2016.508,5423.384,9504.378,1968.176,5231.197,8994.76,2008.945,5288.04,9410.298,1966.29,5368.261
9503.063,1975.98,5329.367,9354.304,1966.141,5425.931,9181.425,1955.12,5178.234,9208.155,1951.155,5340.95,9328.549,1976.812,5130.113,9483.366,1992.067,5129.193,9098.477,2014.702,5326.016,9315.324,1978.241,5171.657,9396.542,2030.728,5072.596,9357.261,1981.396,5302.749,9412.759,2020.255,5245.232,9450.452,2016.508,5424.311,9505.881,1968.176,5230.731,8993.384,2008.945,5287.277,9411.765,1966.29,5368.83
9505.584,1975.98,5329.895,9356.748,1966.141,5426.741,9181.926,1955.12,5180.76,9208.216,1951.155,5341.149,9331.112,1976.812,5129.872,9485.905,1992.067,5128.766,9096.557,2014.702,5327.72,9317.862,1978.241,5171.224,9398.597,2030.728,5071.045,9359.636,1981.396,5303.742,9414.83,2020.255,5246.762,9452.513,2016.508,5425.854,9508.363,1968.176,5230.049,8991.174,2008.945,5285.955,9414.187,1966.29,5369.701
9507.165,1975.98,5330.28,9358.275,1966.141,5427.303,9182.295,1955.12,5182.345,9208.258,1951.155,5341.272,9332.727,1976.812,5129.666,9487.519,1992.067,5128.549,9095.379,2014.702,5328.836,9319.475,1978.241,5171.003,9399.927,2030.728,5070.107,9361.119,1981.396,5304.409,9416.167,2020.255,5247.69,9453.802,2016.508,5426.846,9509.945,1968.176,5229.669,8989.806,2008.945,5285.075,9415.73,1966.29,5370.214
9509.429,1975.98,5330.911,9360.452,1966.141,5428.186,9182.901,1955.12,5184.615,9208.323,1951.155,5341.447,9335.046,1976.812,5129.293,9489.856,1992.067,5128.312,9093.731,2014.702,5330.502,9321.812,1978.241,5170.76,9401.891,2030.728,5068.817,9363.234,1981.396,5305.431,9418.135,2020.255,5248.973,9455.645,2016.508,5428.302,9512.247,1968.176,5229.196,8987.872,2008.945,5283.739,9417.978,1966.29,5370.9
9511.521,1975.98,5331.568,9362.457,1966.141,5429.076,9183.537,1955.12,5186.714,9208.389,1951.155,5341.605,9337.199,1976.812,5128.875,9492.045,1992.067,5128.162,9092.245,2014.702,5332.108,9324,1978.241,5170.605,9403.763,2030.728,5067.674,9365.182,1981.396,5306.44,9420.007,2020.255,5250.117,9457.347,2016.508,5429.684,9514.409,1968.176,5228.825,8986.108,2008.945,5282.434,9420.09,1966.29,5371.489
9513.065,1975.98,5332.003,9363.9,1966.141,5429.774,9183.957,1955.12,5188.262,9208.434,1951.155,5341.722,9338.763,1976.812,5128.52,9493.641,1992.067,5128,9091.176,2014.702,5333.298,9325.6,1978.241,5170.502,9405.106,2030.728,5066.799,9366.58,1981.396,5307.224,9421.37,2020.255,5250.959,9458.568,2016.508,5430.722,9515.981,1968.176,5228.513,8984.79,2008.945,5281.521,9421.623,1966.29,5371.958
9515.055,1975.98,5332.5,9365.717,1966.141,5430.725,9184.437,1955.12,5190.255,9208.486,1951.155,5341.87,9340.747,1976.812,5128.004,9495.673,1992.067,5127.727,9089.831,2014.702,5334.839,9327.646,1978.241,5170.384,9406.793,2030.728,5065.633,9368.335,1981.396,5308.284,9423.108,2020.255,5252.045,9460.102,2016.508,5432.083,9517.981,1968.176,5228.063,8983.068,2008.945,5280.408,9423.567,1966.29,5372.609
9517.43,1975.98,5333.021,9367.833,1966.141,5431.922,9184.936,1955.12,5192.635,9208.544,1951.155,5342.046,9343.08,1976.812,5127.318,9498.071,1992.067,5127.325,9088.262,2014.702,5336.689,9330.073,1978.241,5170.26,9408.753,2030.728,5064.193,9370.374,1981.396,5309.609,9425.162,2020.255,5253.346,9461.885,2016.508,5433.736,9520.34,1968.176,5227.471,8980.988,2008.945,5279.148,9425.853,1966.29,5373.439
9519.163,1975.98,5333.35,9369.341,1966.141,5432.839,9185.246,1955.12,5194.373,9208.582,1951.155,5342.174,9344.757,1976.812,5126.768,9499.802,1992.067,5126.977,9087.141,2014.702,5338.048,9331.836,1978.241,5170.181,9410.149,2030.728,5063.115,9371.821,1981.396,5310.618,9426.656,2020.255,5254.283,9463.153,2016.508,5434.963,9522.04,1968.176,5226.999,8979.457,2008.945,5278.271,9427.495,1966.29,5374.084
9520.879,1975.98,5333.627,9370.795,1966.141,5433.791,9185.501,1955.12,5196.091,9208.615,1951.155,5342.299,9346.391,1976.812,5126.174,9501.493,1992.067,5126.579,9086.055,2014.702,5339.4,9333.571,1978.241,5170.115,9411.499,2030.728,5062.021,9373.213,1981.396,5311.658,9428.132,2020.255,5255.2,9464.378,2016.508,5436.196,9523.703,1968.176,5226.495,8977.964,2008.945,5277.385,9429.096,1966.29,5374.76
9523.242,1975.98,5333.945,9372.748,1966.141,5435.159,9185.779,1955.12,5198.46,9208.656,1951.155,5342.47,9348.605,1976.812,5125.29,9503.796,1992.067,5125.958,9084.588,2014.702,5341.275,9335.954,1978.241,5170.042,9413.316,2030.728,5060.477,9375.076,1981.396,5313.147,9430.161,2020.255,5256.451,9466.024,2016.508,5437.921,9525.969,1968.176,5225.75,8975.901,2008.945,5276.189,9431.269,1966.29,5375.743
9524.986,1975.98,5334.135,9374.152,1966.141,5436.212,9185.932,1955.12,5200.208,9208.684,1951.155,5342.596,9350.214,1976.812,5124.587,9505.475,1992.067,5125.447,9083.525,2014.702,5342.668,9337.708,1978.241,5170,9414.627,2030.728,5059.31,9376.41,1981.396,5314.288,9431.657,2020.255,5257.366,9467.211,2016.508,5439.213,9527.623,1968.176,5225.163,8974.38,2008.945,5275.314,9432.849,1966.29,5376.506
9527.369,1975.98,5334.474,9376.029,1966.141,5437.718,9186.219,1955.12,5202.598,9208.726,1951.155,5342.765,9352.387,1976.812,5123.553,9507.799,1992.067,5124.821,9082.131,2014.702,5344.625,9340.114,1978.241,5170.021,9416.476,2030.728,5057.769,9378.19,1981.396,5315.907,9433.746,2020.255,5258.562,9468.819,2016.508,5441.002,9529.916,1968.176,5224.434,8972.334,2008.945,5274.047,9435.042,1966.29,5377.494
9528.89,1975.98,5334.742,9377.201,1966.141,5438.723,9186.453,1955.12,5204.124,9208.756,1951.155,5342.872,9353.759,1976.812,5122.845,9509.302,1992.067,5124.469,9081.277,2014.702,5345.91,9341.657,1978.241,5170.084,9417.693,2030.728,5056.82,9379.3,1981.396,5316.98,9435.107,2020.255,5259.289,9469.839,2016.508,5442.161,9531.402,1968.176,5224.014,8971.049,2008.945,5273.192,9436.466,1966.29,5378.09
9530.938,1975.98,5335.171,9378.745,1966.141,5440.137,9186.839,1955.12,5206.181,9208.802,1951.155,5343.014,9355.586,1976.812,5121.824,9511.354,1992.067,5124.058,9080.178,2014.702,5347.688,9343.745,1978.241,5170.239,9419.386,2030.728,5055.587,9380.757,1981.396,5318.483,9436.981,2020.255,5260.221,9471.204,2016.508,5443.747,9533.435,1968.176,5223.512,8969.345,2008.945,5271.976,9438.417,1966.29,5378.847
9533.529,1975.98,5335.804,9380.652,1966.141,5442.002,9187.415,1955.12,5208.785,9208.865,1951.155,5343.192,9357.871,1976.812,5120.447,9513.985,1992.067,5123.621,9078.852,2014.702,5350,9346.397,1978.241,5170.523,9421.592,2030.728,5054.088,9382.553,1981.396,5320.455,9439.403,2020.255,5261.338,9472.922,2016.508,5445.786,9536.044,1968.176,5222.957,8967.226,2008.945,5270.355,9440.929,1966.29,5379.744
9535.097,1975.98,5336.242,9381.778,1966.141,5443.177,9187.818,1955.12,5210.361,9208.907,1951.155,5343.298,9359.237,1976.812,5119.562,9515.599,1992.067,5123.406,9078.089,2014.702,5351.436,9348.01,1978.241,5170.75,9422.968,2030.728,5053.218,9383.64,1981.396,5321.666,9440.858,2020.255,5262.067,9473.956,2016.508,5447.042,9537.646,1968.176,5222.67,8965.966,2008.945,5269.325,9442.476,1966.29,5380.25
9536.696,1975.98,5336.745,9382.897,1966.141,5444.426,9188.287,1955.12,5211.97,9208.953,1951.155,5343.405,9360.614,1976.812,5118.604,9517.268,1992.067,5123.24,9077.352,2014.702,5352.94,9349.662,1978.241,5171.038,9424.413,2030.728,5052.369,9384.748,1981.396,5322.923,9442.332,2020.255,5262.868,9475.007,2016.508,5448.347,9539.306,1968.176,5222.429,8964.703,2008.945,5268.222,9444.082,1966.29,5380.729
9539.831,1975.98,5337.846,9385.034,1966.141,5446.971,9189.319,1955.12,5215.127,9209.051,1951.155,5343.612,9363.279,1976.812,5116.619,9520.583,1992.067,5123.019,9075.989,2014.702,5355.968,9352.915,1978.241,5171.714,9427.331,2030.728,5050.78,9386.912,1981.396,5325.442,9445.198,2020.255,5264.548,9477.061,2016.508,5450.958,9542.607,1968.176,5222.059,8962.273,2008.945,5265.955,9447.29,1966.29,5381.592
9541.498,1975.98,5338.374,9386.115,1966.141,5448.345,9189.809,1955.12,5216.805,9209.1,1951.155,5343.72,9364.649,1976.812,5115.533,9522.323,1992.067,5122.846,9075.292,2014.702,5357.569,9354.619,1978.241,5172.104,9428.844,2030.728,5049.903,9388.008,1981.396,5326.805,9446.707,2020.255,5265.43,9478.117,2016.508,5452.35,9544.339,1968.176,5221.813,8960.961,2008.945,5264.8,9448.967,1966.29,5382.087
9542.65,1975.98,5338.708,9386.827,1966.141,5449.312,9190.106,1955.12,5217.967,9209.132,1951.155,5343.794,9365.566,1976.812,5114.759,9523.513,1992.067,5122.688,9074.826,2014.702,5358.673,9355.782,1978.241,5172.397,9429.866,2030.728,5049.275,9388.729,1981.396,5327.765,9447.743,2020.255,5266.034,9478.826,2016.508,5453.317,9545.521,1968.176,5221.611,8960.055,2008.945,5264.013,9450.109,1966.29,5382.455
9543.061,1975.98,5338.817,9387.067,1966.141,5449.661,9190.198,1955.12,5218.38,9209.143,1951.155,5343.821,9365.882,1976.812,5114.476,9523.931,1992.067,5122.619,9074.666,2014.702,5359.065,9356.191,1978.241,5172.509,9430.222,2030.728,5049.043,9388.972,1981.396,5328.112,9448.109,2020.255,5266.247,9479.071,2016.508,5453.663,9545.938,1968.176,5221.528,8959.757,2008.945,5263.714,9450.51,1966.29,5382.594
9545.913,1975.98,5339.512,9388.655,1966.141,5452.131,9190.741,1955.12,5221.265,9209.215,1951.155,5344.004,9368.007,1976.812,5112.449,9526.811,1992.067,5122.043,9073.585,2014.702,5361.792,9359.005,1978.241,5173.35,9432.64,2030.728,5047.377,9390.579,1981.396,5330.57,9450.648,2020.255,5267.72,9480.733,2016.508,5456.083,9548.801,1968.176,5220.875,8957.62,2008.945,5261.7,9453.258,1966.29,5383.627
9547.609,1975.98,5339.89,9389.549,1966.141,5453.622,9191.007,1955.12,5222.981,9209.256,1951.155,5344.111,9369.228,1976.812,5111.211,9528.503,1992.067,5121.647,9072.961,2014.702,5363.413,9360.658,1978.241,5173.886,9434.045,2030.728,5046.355,9391.482,1981.396,5332.055,9452.143,2020.255,5268.607,9481.707,2016.508,5457.521,9550.484,1968.176,5220.446,8956.326,2008.945,5260.54,9454.869,1966.29,5384.277
9547.984,1975.98,5339.966,9389.735,1966.141,5453.956,9191.053,1955.12,5223.36,9209.265,1951.155,5344.135,9369.487,1976.812,5110.931,9528.872,1992.067,5121.548,9072.827,2014.702,5363.771,9361.02,1978.241,5174.012,9434.349,2030.728,5046.122,9391.671,1981.396,5332.388,9452.47,2020.255,5268.805,9481.919,2016.508,5457.84,9550.853,1968.176,5220.342,8956.04,2008.945,5260.286,9455.221,1966.29,5384.429
9549.619,1975.98,5340.273,9390.499,1966.141,5455.435,9191.199,1955.12,5225.017,9209.301,1951.155,5344.238,9370.581,1976.812,5109.676,9530.465,1992.067,5121.064,9072.26,2014.702,5365.334,9362.576,1978.241,5174.6,9435.643,2030.728,5045.076,9392.441,1981.396,5333.863,9453.883,2020.255,5269.683,9482.833,2016.508,5459.23,9552.442,1968.176,5219.85,8954.794,2008.945,5259.183,9456.732,1966.29,5385.123
9551.036,1975.98,5340.587,9391.122,1966.141,5456.746,9191.374,1955.12,5226.456,9209.335,1951.155,5344.326,9371.499,1976.812,5108.552,9531.866,1992.067,5120.688,9071.81,2014.702,5366.713,9363.917,1978.241,5175.156,9436.801,2030.728,5044.201,9393.074,1981.396,5335.168,9455.09,2020.255,5270.488,9483.59,2016.508,5460.468,9553.842,1968.176,5219.466,8953.739,2008.945,5258.186,9458.035,1966.29,5385.763
9552.399,1975.98,5340.936,9391.685,1966.141,5458.036,9191.59,1955.12,5227.845,9209.371,1951.155,5344.41,9372.353,1976.812,5107.433,9533.236,1992.067,5120.368,9071.417,2014.702,5368.063,9365.198,1978.241,5175.738,9437.95,2030.728,5043.389,9393.649,1981.396,5336.453,9456.234,2020.255,5271.307,9484.284,2016.508,5461.692,9555.211,1968.176,5219.139,8952.749,2008.945,5257.187,9459.282,1966.29,5386.414
9554.716,1975.98,5341.611,9392.576,1966.141,5460.277,9192.037,1955.12,5230.213,9209.437,1951.155,5344.551,9373.753,1976.812,5105.468,9535.603,1992.067,5119.896,9070.82,2014.702,5370.4,9367.361,1978.241,5176.807,9439.966,2030.728,5042.063,9394.568,1981.396,5338.683,9458.149,2020.255,5272.774,9485.405,2016.508,5463.829,9557.574,1968.176,5218.654,8951.107,2008.945,5255.418,9461.396,1966.29,5387.576
9555.024,1975.98,5341.712,9392.687,1966.141,5460.583,9192.107,1955.12,5230.529,9209.446,1951.155,5344.57,9373.933,1976.812,5105.198,9535.923,1992.067,5119.844,9070.75,2014.702,5370.716,9367.647,1978.241,5176.96,9440.242,2030.728,5041.894,9394.683,1981.396,5338.986,9458.4,2020.255,5272.98,9485.547,2016.508,5464.121,9557.894,1968.176,5218.6,8950.895,2008.945,5255.174,9461.677,1966.29,5387.738
9556.647,1975.98,5342.302,9393.218,1966.141,5462.225,9192.537,1955.12,5232.198,9209.499,1951.155,5344.667,9374.841,1976.812,5103.729,9537.635,1992.067,5119.618,9070.434,2014.702,5372.413,9369.142,1978.241,5177.825,9441.744,2030.728,5041.042,9395.24,1981.396,5340.62,9459.699,2020.255,5274.118,9486.247,2016.508,5465.699,9559.604,1968.176,5218.364,8949.806,2008.945,5253.834,9463.158,1966.29,5388.623
9557.408,1975.98,5342.607,9393.444,1966.141,5463.013,9192.767,1955.12,5232.983,9209.525,1951.155,5344.711,9375.249,1976.812,5103.019,9538.45,1992.067,5119.537,9070.31,2014.702,5373.223,9369.837,1978.241,5178.258,9442.47,2030.728,5040.66,9395.48,1981.396,5341.404,9460.298,2020.255,5274.678,9486.555,2016.508,5466.458,9560.42,1968.176,5218.279,8949.31,2008.945,5253.181,9463.856,1966.29,5389.052
9558.44,1975.98,5343.061,9393.721,1966.141,5464.105,9193.118,1955.12,5234.052,9209.563,1951.155,5344.771,9375.777,1976.812,5102.023,9539.575,1992.067,5119.463,9070.176,2014.702,5374.341,9370.773,1978.241,5178.885,9443.484,2030.728,5040.169,9395.777,1981.396,5342.491,9461.096,2020.255,5275.474,9486.943,2016.508,5467.517,9561.544,1968.176,5218.199,8948.657,2008.945,5252.262,9464.811,1966.29,5389.651
9559.519,1975.98,5343.498,9393.971,1966.141,5465.242,9193.444,1955.12,5235.166,9209.602,1951.155,5344.834,9376.291,1976.812,5100.979,9540.733,1992.067,5119.349,9070.031,2014.702,5375.495,9371.722,1978.241,5179.559,9444.518,2030.728,5039.634,9396.047,1981.396,5343.623,9461.912,2020.255,5276.302,9487.352,2016.508,5468.605,9562.702,1968.176,5218.097,8947.954,2008.945,5251.335,9465.794,1966.29,5390.272
9560.576,1975.98,5343.891,9394.179,1966.141,5466.351,9193.726,1955.12,5236.256,9209.638,1951.155,5344.895,9376.758,1976.812,5099.953,9541.852,1992.067,5119.201,9069.885,2014.702,5376.612,9372.623,1978.241,5180.236,9445.505,2030.728,5039.088,9396.271,1981.396,5344.729,9462.698,2020.255,5277.11,9487.753,2016.508,5469.659,9563.823,1968.176,5217.979,8947.244,2008.945,5250.459,9466.746,1966.29,5390.876
9561.613,1975.98,5344.244,9394.347,1966.141,5467.433,9193.964,1955.12,5237.322,9209.672,1951.155,5344.955,9377.181,1976.812,5098.942,9542.932,1992.067,5119.022,9069.736,2014.702,5377.696,9373.479,1978.241,5180.918,9446.448,2030.728,5038.533,9396.455,1981.396,5345.808,9463.455,2020.255,5277.901,9488.147,2016.508,5470.68,9564.91,1968.176,5217.847,8946.529,2008.945,5249.63,9467.67,1966.29,5391.464
9562.626,1975.98,5344.557,9394.477,1966.141,5468.485,9194.16,1955.12,5238.36,9209.703,1951.155,5345.013,9377.56,1976.812,5097.952,9543.972,1992.067,5118.815,9069.587,2014.702,5378.745,9374.29,1978.241,5181.602,9447.347,2030.728,5037.971,9396.599,1981.396,5346.858,9464.182,2020.255,5278.673,9488.534,2016.508,5471.667,9565.96,1968.176,5217.703,8945.814,2008.945,5248.847,9468.563,1966.29,5392.034
9563.613,1975.98,5344.834,9394.57,1966.141,5469.506,9194.375,1955.12,5239.36,9209.732,1951.155,5345.069,9377.896,1976.812,5096.983,9544.971,1992.067,5118.583,9069.438,2014.702,5379.759,9375.054,1978.241,5182.287,9448.202,2030.728,5037.404,9396.704,1981.396,5347.879,9464.879,2020.255,5279.425,9488.913,2016.508,5472.62,9566.974,1968.176,5217.547,8945.109,2008.945,5248.103,9469.428,1966.29,5392.586
9564.771,1975.98,5345.126,9394.643,1966.141,5470.698,9194.658,1955.12,5240.515,9209.766,1951.155,5345.135,9378.254,1976.812,5095.844,9546.124,1992.067,5118.273,9069.259,2014.702,5380.938,9375.918,1978.241,5183.111,9449.18,2030.728,5036.719,9396.788,1981.396,5349.07,9465.683,2020.255,5280.308,9489.357,2016.508,5473.727,9568.15,1968.176,5217.348,8944.288,2008.945,5247.24,9470.433,1966.29,5393.229
9565.696,1975.98,5345.336,9394.671,1966.141,5471.647,9194.911,1955.12,5241.427,9209.791,1951.155,5345.188,9378.51,1976.812,5094.93,9547.033,1992.067,5117.998,9069.112,2014.702,5381.875,9376.585,1978.241,5183.787,9449.942,2030.728,5036.154,9396.823,1981.396,5350.019,9466.315,2020.255,5281.015,9489.715,2016.508,5474.606,9569.084,1968.176,5217.175,8943.628,2008.945,5246.557,9471.232,1966.29,5393.74
9566.431,1975.98,5345.528,9394.669,1966.141,5472.406,9195.138,1955.12,5242.148,9209.813,1951.155,5345.229,9378.69,1976.812,5094.192,9547.767,1992.067,5117.801,9069.02,2014.702,5382.628,9377.1,1978.241,5184.345,9450.566,2030.728,5035.722,9396.827,1981.396,5350.778,9466.803,2020.255,5281.596,9489.978,2016.508,5475.319,9569.835,1968.176,5217.062,8943.118,2008.945,5245.994,9471.874,1966.29,5394.145
9567.355,1975.98,5345.802,9394.635,1966.141,5473.37,9195.455,1955.12,5243.055,9209.842,1951.155,5345.28,9378.951,1976.812,5093.263,9548.706,1992.067,5117.582,9068.933,2014.702,5383.589,9377.73,1978.241,5185.075,9451.378,2030.728,5035.2,9396.802,1981.396,5351.742,9467.398,2020.255,5282.355,9490.281,2016.508,5476.235,9570.793,1968.176,5216.949,8942.494,2008.945,5245.258,9472.693,1966.29,5394.653
9568.706,1975.98,5346.25,9394.538,1966.141,5474.79,9195.967,1955.12,5244.375,9209.888,1951.155,5345.354,9379.38,1976.812,5091.906,9550.102,1992.067,5117.304,9068.852,2014.702,5385.01,9378.626,1978.241,5186.181,9452.599,2030.728,5034.469,9396.718,1981.396,5353.163,9468.239,2020.255,5283.503,9490.685,2016.508,5477.6,9572.211,1968.176,5216.83,8941.61,2008.945,5244.143,9473.908,1966.29,5395.393
9569.71,1975.98,5346.621,9394.431,1966.141,5475.854,9196.384,1955.12,5245.355,9209.924,1951.155,5345.408,9379.735,1976.812,5090.897,9551.157,1992.067,5117.13,9068.825,2014.702,5386.079,9379.271,1978.241,5187.035,9453.534,2030.728,5033.95,9396.62,1981.396,5354.228,9468.843,2020.255,5284.387,9490.954,2016.508,5478.635,9573.279,1968.176,5216.774,8940.974,2008.945,5243.283,9474.826,1966.29,5395.942
9570.454,1975.98,5346.923,9394.323,1966.141,5476.65,9196.715,1955.12,5246.082,9209.952,1951.155,5345.447,9380.026,1976.812,5090.149,9551.953,1992.067,5117.025,9068.832,2014.702,5386.882,9379.734,1978.241,5187.69,9454.249,2030.728,5033.583,9396.521,1981.396,5355.025,9469.273,2020.255,5285.064,9491.131,2016.508,5479.418,9574.082,1968.176,5216.759,8940.518,2008.945,5242.622,9475.519,1966.29,5396.348
9572.015,1975.98,5347.618,9394.04,1966.141,5478.334,9197.469,1955.12,5247.602,9210.015,1951.155,5345.529,9380.698,1976.812,5088.579,9553.652,1992.067,5116.857,9068.902,2014.702,5388.587,9380.673,1978.241,5189.117,9455.793,2030.728,5032.854,9396.256,1981.396,5356.712,9470.143,2020.255,5286.535,9491.452,2016.508,5481.096,9575.79,1968.176,5216.783,8939.594,2008.945,5241.186,9476.963,1966.29,5397.259
9572.637,1975.98,5347.873,9393.909,1966.141,5478.994,9197.785,1955.12,5248.191,9210.038,1951.155,5345.562,9380.943,1976.812,5087.952,9554.319,1992.067,5116.771,9068.91,2014.702,5389.26,9381.025,1978.241,5189.69,9456.394,2030.728,5032.551,9396.13,1981.396,5357.373,9470.486,2020.255,5287.113,9491.588,2016.508,5481.754,9576.463,1968.176,5216.778,8939.248,2008.945,5240.609,9477.533,1966.29,5397.616
9573.594,1975.98,5348.232,9393.68,1966.141,5479.991,9198.294,1955.12,5249.069,9210.073,1951.155,5345.612,9381.286,1976.812,5086.989,9555.329,1992.067,5116.608,9068.892,2014.702,5390.282,9381.533,1978.241,5190.578,9457.293,2030.728,5032.064,9395.905,1981.396,5358.37,9471.011,2020.255,5287.99,9491.807,2016.508,5482.753,9577.484,1968.176,5216.75,8938.752,2008.945,5239.715,9478.401,1966.29,5398.155
9574.559,1975.98,5348.562,9393.422,1966.141,5480.978,9198.83,1955.12,5249.928,9210.107,1951.155,5345.662,9381.599,1976.812,5086.018,9556.331,1992.067,5116.419,9068.842,2014.702,5391.3,9382.012,1978.241,5191.479,9458.177,2030.728,5031.555,9395.648,1981.396,5359.357,9471.536,2020.255,5288.863,9492.036,2016.508,5483.747,9578.503,1968.176,5216.7,8938.286,2008.945,5238.807,9479.27,1966.29,5398.69
9576.271,1975.98,5349.092,9392.918,1966.141,5482.697,9199.819,1955.12,5251.404,9210.166,1951.155,5345.751,9382.094,1976.812,5084.295,9558.065,1992.067,5115.969,9068.702,2014.702,5393.086,9382.807,1978.241,5193.084,9459.704,2030.728,5030.619,9395.142,1981.396,5361.076,9472.463,2020.255,5290.396,9492.459,2016.508,5485.487,9580.29,1968.176,5216.576,8937.521,2008.945,5237.187,9480.798,1966.29,5399.624
9576.739,1975.98,5349.223,9392.768,1966.141,5483.16,9200.101,1955.12,5251.795,9210.182,1951.155,5345.775,9382.214,1976.812,5083.824,9558.536,1992.067,5115.847,9068.649,2014.702,5393.569,9383.01,1978.241,5193.526,9460.112,2030.728,5030.354,9394.989,1981.396,5361.538,9472.716,2020.255,5290.811,9492.579,2016.508,5485.958,9580.774,1968.176,5216.533,8937.328,2008.945,5236.74,9481.214,1966.29,5399.875
9579.329,1975.98,5349.869,9391.871,1966.141,5485.674,9201.713,1955.12,5253.891,9210.264,1951.155,5345.91,9382.79,1976.812,5081.217,9561.141,1992.067,5115.259,9068.283,2014.702,5396.213,9384.056,1978.241,5195.982,9462.312,2030.728,5028.841,9394.068,1981.396,5364.044,9474.107,2020.255,5293.088,9493.263,2016.508,5488.537,9583.428,1968.176,5216.245,8936.349,2008.945,5234.256,9483.505,1966.29,5401.243
9580.521,1975.98,5350.131,9391.429,1966.141,5486.811,9202.479,1955.12,5254.822,9210.3,1951.155,5345.971,9383.017,1976.812,5080.018,9562.339,1992.067,5115.029,9068.08,2014.702,5397.416,9384.505,1978.241,5197.116,9463.299,2030.728,5028.124,9393.61,1981.396,5365.175,9474.746,2020.255,5294.127,9493.587,2016.508,5489.713,9584.638,1968.176,5216.09,8935.938,2008.945,5233.107,9484.556,1966.29,5401.863
9580.866,1975.98,5350.198,9391.292,1966.141,5487.135,9202.709,1955.12,5255.083,9210.31,1951.155,5345.989,9383.071,1976.812,5079.67,9562.687,1992.067,5114.974,9068.012,2014.702,5397.761,9384.626,1978.241,5197.447,9463.578,2030.728,5027.91,9393.468,1981.396,5365.497,9474.931,2020.255,5294.427,9493.684,2016.508,5490.052,9584.986,1968.176,5216.039,8935.831,2008.945,5232.771,9484.859,1966.29,5402.04
9583.024,1975.98,5350.56,9390.387,1966.141,5489.127,9204.187,1955.12,5256.659,9210.371,1951.155,5346.101,9383.343,1976.812,5077.499,9564.857,1992.067,5114.7,9067.521,2014.702,5399.893,9385.326,1978.241,5199.52,9465.283,2030.728,5026.54,9392.516,1981.396,5367.467,9476.082,2020.255,5296.286,9494.3,2016.508,5492.15,9587.145,1968.176,5215.68,8935.231,2008.945,5230.667,9486.757,1966.29,5403.127
9584.095,1975.98,5350.721,9389.912,1966.141,5490.101,9204.941,1955.12,5257.412,9210.4,1951.155,5346.156,9383.443,1976.812,5076.421,9565.936,1992.067,5114.597,9067.248,2014.702,5400.94,9385.646,1978.241,5200.554,9466.11,2030.728,5025.841,9392.013,1981.396,5368.426,9476.653,2020.255,5297.205,9494.613,2016.508,5493.187,9588.209,1968.176,5215.483,8934.969,2008.945,5229.616,9487.699,1966.29,5403.659
9585.573,1975.98,5350.922,9389.223,1966.141,5491.424,9206.015,1955.12,5258.416,9210.439,1951.155,5346.232,9383.536,1976.812,5074.931,9567.425,1992.067,5114.492,9066.829,2014.702,5402.373,9386.047,1978.241,5201.992,9467.228,2030.728,5024.852,9391.276,1981.396,5369.725,9477.443,2020.255,5298.471,9495.055,2016.508,5494.612,9589.672,1968.176,5215.186,8934.654,2008.945,5228.156,9489.004,1966.29,5404.383
9587.079,1975.98,5351.107,9388.486,1966.141,5492.751,9207.137,1955.12,5259.398,9210.478,1951.155,5346.311,9383.583,1976.812,5073.414,9568.934,1992.067,5114.371,9066.361,2014.702,5403.816,9386.416,1978.241,5203.463,9468.339,2030.728,5023.819,9390.485,1981.396,5371.021,9478.248,2020.255,5299.757,9495.514,2016.508,5496.058,9591.153,1968.176,5214.857,8934.384,2008.945,5226.663,9490.335,1966.29,5405.11
9588.614,1975.98,5351.275,9387.703,1966.141,5494.082,9208.249,1955.12,5260.428,9210.516,1951.155,5346.39,9383.588,1976.812,5071.869,9570.469,1992.067,5114.199,9065.843,2014.702,5405.271,9386.838,1978.241,5204.95,9469.445,2030.728,5022.741,9389.638,1981.396,5372.312,9479.069,2020.255,5301.064,9495.99,2016.508,5497.526,9592.655,1968.176,5214.498,8934.158,2008.945,5225.135,9491.696,1966.29,5405.839
9590.347,1975.98,5351.452,9386.782,1966.141,5495.561,9209.467,1955.12,5261.623,9210.557,1951.155,5346.48,9383.545,1976.812,5070.128,9572.192,1992.067,5113.949,9065.211,2014.702,5406.895,9387.365,1978.241,5206.61,9470.665,2030.728,5021.498,9388.635,1981.396,5373.736,9479.997,2020.255,5302.538,9496.537,2016.508,5499.179,9594.342,1968.176,5214.064,8933.961,2008.945,5223.404,9493.237,1966.29,5406.65
9592.174,1975.98,5351.699,9385.757,1966.141,5497.093,9210.794,1955.12,5262.842,9210.597,1951.155,5346.576,9383.438,1976.812,5068.287,9574.025,1992.067,5113.744,9064.599,2014.702,5408.634,9387.865,1978.241,5208.385,9471.999,2030.728,5020.225,9387.524,1981.396,5375.208,9480.928,2020.255,5304.13,9497.059,2016.508,5500.948,9596.142,1968.176,5213.664,8933.812,2008.945,5221.566,9494.841,1966.29,5407.562
9593.354,1975.98,5351.898,9385.06,1966.141,5498.065,9211.678,1955.12,5263.603,9210.62,1951.155,5346.639,9383.33,1976.812,5067.095,9575.218,1992.067,5113.649,9064.239,2014.702,5409.774,9388.151,1978.241,5209.546,9472.891,2030.728,5019.427,9386.773,1981.396,5376.14,9481.497,2020.255,5305.182,9497.359,2016.508,5502.106,9597.317,1968.176,5213.443,8933.754,2008.945,5220.371,9495.861,1966.29,5408.187
9594.963,1975.98,5352.224,9384.06,1966.141,5499.368,9212.923,1955.12,5264.605,9210.65,1951.155,5346.726,9383.129,1976.812,5065.465,9576.858,1992.067,5113.574,9063.797,2014.702,5411.355,9388.492,1978.241,5211.153,9474.15,2030.728,5018.374,9385.701,1981.396,5377.383,9482.231,2020.255,5306.651,9497.72,2016.508,5503.708,9598.94,1968.176,5213.192,8933.729,2008.945,5218.729,9497.232,1966.29,5409.09
9596.582,1975.98,5352.607,9383.003,1966.141,5500.653,9214.214,1955.12,5265.577,9210.678,1951.155,5346.815,9382.871,1976.812,5063.822,9578.522,1992.067,5113.552,9063.401,2014.702,5412.971,9388.784,1978.241,5212.791,9475.461,2030.728,5017.348,9384.703,1981.396,5378.715,9482.927,2020.255,5308.163,9498.032,2016.508,5505.343,9600.592,1968.176,5212.992,8933.757,2008.945,5217.065,9498.591,1966.29,5410.05
9599.523,1975.98,5353.406,9380.992,1966.141,5502.944,9216.63,1955.12,5267.274,9210.722,1951.155,5346.978,9382.3,1976.812,5060.828,9581.569,1992.067,5113.612,9062.774,2014.702,5415.953,9389.221,1978.241,5215.807,9477.921,2030.728,5015.549,9382.911,1981.396,5381.18,9484.108,2020.255,5310.972,9498.506,2016.508,5508.354,9603.628,1968.176,5212.724,8933.909,2008.945,5214.021,9501.021,1966.29,5411.889
9601.176,1975.98,5353.913,9379.81,1966.141,5504.205,9218.024,1955.12,5268.188,9210.743,1951.155,5347.07,9381.921,1976.812,5059.142,9583.296,1992.067,5113.702,9062.474,2014.702,5417.655,9389.412,1978.241,5217.525,9479.349,2030.728,5014.575,9381.85,1981.396,5382.543,9484.727,2020.255,5312.586,9498.719,2016.508,5510.069,9605.354,1968.176,5212.629,8934.052,2008.945,5212.299,9502.364,1966.29,5412.977
9602.307,1975.98,5354.293,9378.983,1966.141,5505.065,9219.001,1955.12,5268.789,9210.757,1951.155,5347.134,9381.627,1976.812,5057.985,9584.488,1992.067,5113.726,9062.231,2014.702,5418.823,9389.58,1978.241,5218.706,9480.317,2030.728,5013.879,9381.087,1981.396,5383.46,9485.15,2020.255,5313.701,9498.896,2016.508,5511.249,9606.543,1968.176,5212.536,8934.189,2008.945,5211.114,9503.302,1966.29,5413.713
9602.717,1975.98,5354.441,9378.678,1966.141,5505.375,9219.364,1955.12,5268.998,9210.762,1951.155,5347.157,9381.508,1976.812,5057.566,9584.925,1992.067,5113.72,9062.131,2014.702,5419.248,9389.655,1978.241,5219.136,9480.665,2030.728,5013.617,9380.797,1981.396,5383.786,9485.304,2020.255,5314.108,9498.971,2016.508,5511.678,9606.977,1968.176,5212.492,8934.254,2008.945,5210.683,9503.648,1966.29,5413.978
9605.227,1975.98,5355.41,9376.772,1966.141,5507.273,9221.64,1955.12,5270.218,9210.789,1951.155,5347.301,9380.705,1976.812,5054.998,9587.612,1992.067,5113.598,9061.432,2014.702,5421.845,9390.199,1978.241,5221.771,9482.771,2030.728,5011.944,9378.944,1981.396,5385.737,9486.245,2020.255,5316.627,9499.504,2016.508,5514.315,9609.646,1968.176,5212.161,8934.737,2008.945,5208.036,9505.812,1966.29,5415.575
9606.27,1975.98,5355.831,9375.968,1966.141,5508.059,9222.603,1955.12,5270.696,9210.8,1951.155,5347.361,9380.341,1976.812,5053.934,9588.733,1992.067,5113.51,9061.107,2014.702,5422.922,9390.461,1978.241,5222.864,9483.636,2030.728,5011.225,9378.144,1981.396,5386.527,9486.636,2020.255,5317.682,9499.754,2016.508,5515.412,9610.758,1968.176,5211.998,8934.976,2008.945,5206.937,9506.726,1966.29,5416.229
9608.772,1975.98,5356.872,9374.011,1966.141,5509.934,9224.957,1955.12,5271.775,9210.822,1951.155,5347.506,9379.395,1976.812,5051.393,9591.429,1992.067,5113.211,9060.252,2014.702,5425.495,9391.174,1978.241,5225.48,9485.678,2030.728,5009.441,9376.151,1981.396,5388.368,9487.569,2020.255,5320.226,9500.42,2016.508,5518.04,9613.432,1968.176,5211.547,8935.637,2008.945,5204.306,9508.953,1966.29,5417.774
9609.892,1975.98,5357.345,9373.126,1966.141,5510.766,9226.023,1955.12,5272.223,9210.831,1951.155,5347.57,9378.94,1976.812,5050.266,9592.632,1992.067,5113.038,9059.835,2014.702,5426.636,9391.53,1978.241,5226.642,9486.574,2030.728,5008.622,9375.232,1981.396,5389.163,9487.983,2020.255,5321.368,9500.746,2016.508,5519.209,9614.625,1968.176,5211.319,8935.972,2008.945,5203.138,9509.962,1966.29,5418.451
9611.479,1975.98,5358.02,9371.86,1966.141,5511.937,9227.556,1955.12,5272.81,9210.842,1951.155,5347.662,9378.253,1976.812,5048.684,9594.33,1992.067,5112.736,9059.197,2014.702,5428.239,9392.089,1978.241,5228.274,9487.82,2030.728,5007.43,9373.892,1981.396,5390.248,9488.566,2020.255,5322.991,9501.249,2016.508,5520.859,9616.312,1968.176,5210.961,8936.501,2008.945,5201.496,9511.408,1966.29,5419.39
9613.367,1975.98,5358.825,9370.343,1966.141,5513.318,9229.397,1955.12,5273.45,9210.853,1951.155,5347.77,9377.385,1976.812,5046.823,9596.34,1992.067,5112.312,9058.385,2014.702,5430.125,9392.815,1978.241,5230.195,9489.272,2030.728,5005.978,9372.259,1981.396,5391.493,9489.252,2020.255,5324.925,9501.893,2016.508,5522.809,9618.311,1968.176,5210.493,8937.194,2008.945,5199.563,9513.146,1966.29,5420.483
9615.836,1975.98,5359.871,9368.347,1966.141,5515.108,9231.825,1955.12,5274.209,9210.864,1951.155,5347.911,9376.188,1976.812,5044.423,9598.945,1992.067,5111.672,9057.254,2014.702,5432.557,9393.844,1978.241,5232.673,9491.128,2030.728,5004.042,9370.081,1981.396,5393.058,9490.138,2020.255,5327.456,9502.79,2016.508,5525.336,9620.909,1968.176,5209.83,8938.183,2008.945,5197.069,9515.438,1966.29,5421.876
9617.94,1975.98,5360.754,9366.636,1966.141,5516.619,9233.909,1955.12,5274.79,9210.872,1951.155,5348.031,9375.115,1976.812,5042.407,9601.145,1992.067,5111.056,9056.234,2014.702,5434.6,9394.786,1978.241,5234.753,9492.672,2030.728,5002.36,9368.269,1981.396,5394.446,9490.882,2020.255,5329.614,9503.589,2016.508,5527.475,9623.109,1968.176,5209.221,8939.093,2008.945,5194.974,9517.405,1966.29,5423.034
9619.26,1975.98,5361.307,9365.558,1966.141,5517.558,9235.225,1955.12,5275.111,9210.875,1951.155,5348.105,9374.406,1976.812,5041.165,9602.509,1992.067,5110.625,9055.561,2014.702,5435.861,9395.418,1978.241,5236.036,9493.617,2030.728,5001.287,9367.16,1981.396,5395.35,9491.341,2020.255,5330.968,9504.11,2016.508,5528.807,9624.479,1968.176,5208.813,8939.705,2008.945,5193.682,9518.648,1966.29,5423.74
9620.862,1975.98,5361.968,9364.242,1966.141,5518.687,9236.831,1955.12,5275.449,9210.877,1951.155,5348.195,9373.502,1976.812,5039.685,9604.145,1992.067,5110.05,9054.702,2014.702,5437.367,9396.234,1978.241,5237.566,9494.736,2030.728,4999.962,9365.851,1981.396,5396.486,9491.889,2020.255,5332.612,9504.767,2016.508,5530.411,9626.131,1968.176,5208.288,8940.499,2008.945,5192.14,9520.168,1966.29,5424.573
9622.154,1975.98,5362.492,9363.179,1966.141,5519.587,9238.131,1955.12,5275.68,9210.877,1951.155,5348.268,9372.739,1976.812,5038.518,9605.444,1992.067,5109.544,9054.052,2014.702,5438.601,9396.931,1978.241,5238.774,9495.614,2030.728,4998.88,9364.825,1981.396,5397.431,9492.347,2020.255,5333.928,9505.313,2016.508,5531.693,9627.46,1968.176,5207.869,8941.178,2008.945,5190.921,9521.4,1966.29,5425.226
9623.4,1975.98,5362.991,9362.149,1966.141,5520.449,9239.39,1955.12,5275.862,9210.874,1951.155,5348.337,9371.972,1976.812,5037.416,9606.68,1992.067,5109.018,9053.465,2014.702,5439.808,9397.639,1978.241,5239.916,9496.439,2030.728,4997.821,9363.865,1981.396,5398.369,9492.804,2020.255,5335.19,9505.857,2016.508,5532.92,9628.741,1968.176,5207.47,8941.869,2008.945,5189.771,9522.596,1966.29,5425.836
9626.216,1975.98,5364.226,9359.729,1966.141,5522.344,9242.287,1955.12,5276.186,9210.862,1951.155,5348.495,9370.132,1976.812,5034.952,9609.546,1992.067,5107.904,9052.212,2014.702,5442.616,9399.173,1978.241,5242.581,9498.408,2030.728,4995.459,9361.738,1981.396,5400.588,9493.756,2020.255,5338.113,9507.01,2016.508,5535.771,9631.705,1968.176,5206.653,8943.537,2008.945,5187.188,9525.287,1966.29,5427.324
9626.807,1975.98,5364.509,9359.2,1966.141,5522.731,9242.908,1955.12,5276.234,9210.858,1951.155,5348.528,9369.723,1976.812,5034.44,9610.164,1992.067,5107.687,9051.965,2014.702,5443.223,9399.48,1978.241,5243.159,9498.844,2030.728,4994.97,9361.301,1981.396,5401.076,9493.938,2020.255,5338.742,9507.235,2016.508,5536.385,9632.342,1968.176,5206.5,8943.91,2008.945,5186.649,9525.85,1966.29,5427.659
9629.751,1975.98,5366.037,9356.46,1966.141,5524.601,9246.06,1955.12,5276.378,9210.836,1951.155,5348.696,9367.568,1976.812,5031.918,9613.328,1992.067,5106.69,9050.814,2014.702,5446.334,9400.944,1978.241,5246.136,9501.13,2030.728,4992.566,9359.168,1981.396,5403.615,9494.758,2020.255,5341.957,9508.275,2016.508,5539.536,9635.591,1968.176,5205.83,8945.889,2008.945,5183.986,9528.642,1966.29,5429.451
9631.237,1975.98,5366.872,9355.021,1966.141,5525.516,9247.687,1955.12,5276.399,9210.821,1951.155,5348.781,9366.419,1976.812,5030.658,9614.971,1992.067,5106.232,9050.275,2014.702,5447.952,9401.646,1978.241,5247.69,9502.345,2030.728,4991.37,9358.115,1981.396,5404.956,9495.125,2020.255,5343.622,9508.757,2016.508,5541.171,9637.271,1968.176,5205.54,8946.95,2008.945,5182.651,9530.046,1966.29,5430.418
9631.873,1975.98,5367.256,9354.381,1966.141,5525.894,9248.396,1955.12,5276.385,9210.813,1951.155,5348.818,9365.9,1976.812,5030.126,9615.692,1992.067,5106.056,9050.063,2014.702,5448.664,9401.93,1978.241,5248.376,9502.891,2030.728,4990.867,9357.676,1981.396,5405.554,9495.261,2020.255,5344.353,9508.943,2016.508,5541.891,9638.007,1968.176,5205.438,8947.432,2008.945,5182.085,9530.644,1966.29,5430.859
9635.209,1975.98,5369.428,9350.889,1966.141,5527.804,9252.203,1955.12,5276.186,9210.768,1951.155,5349.013,9363.03,1976.812,5027.367,9619.588,1992.067,5105.238,9049.055,2014.702,5452.515,9403.327,1978.241,5252.104,9505.903,2030.728,4988.265,9355.427,1981.396,5408.838,9495.861,2020.255,5348.288,9509.814,2016.508,5545.775,9641.966,1968.176,5205.02,8950.107,2008.945,5179.138,9533.768,1966.29,5433.327
9637.195,1975.98,5370.815,9348.726,1966.141,5528.897,9254.527,1955.12,5275.988,9210.735,1951.155,5349.13,9361.229,1976.812,5025.746,9621.975,1992.067,5104.818,9048.518,2014.702,5454.878,9404.104,1978.241,5254.4,9507.788,2030.728,4986.742,9354.124,1981.396,5410.88,9496.148,2020.255,5350.694,9510.268,2016.508,5548.156,9644.383,1968.176,5204.844,8951.794,2008.945,5177.397,9535.619,1966.29,5434.891
9638.903,1975.98,5371.931,9346.925,1966.141,5529.854,9256.484,1955.12,5275.757,9210.705,1951.155,5349.228,9359.673,1976.812,5024.427,9623.971,1992.067,5104.399,9048.131,2014.702,5456.881,9404.819,1978.241,5256.31,9509.344,2030.728,4985.424,9353.058,1981.396,5412.617,9496.404,2020.255,5352.717,9510.689,2016.508,5550.151,9646.416,1968.176,5204.689,8953.261,2008.945,5175.98,9537.179,1966.29,5436.205
9639.581,1975.98,5372.345,9346.23,1966.141,5530.239,9257.245,1955.12,5275.643,9210.692,1951.155,5349.265,9359.052,1976.812,5023.932,9624.742,1992.067,5104.21,9048.006,2014.702,5457.665,9405.122,1978.241,5257.044,9509.938,2030.728,4984.896,9352.652,1981.396,5413.299,9496.51,2020.255,5353.503,9510.869,2016.508,5550.924,9647.207,1968.176,5204.626,8953.85,2008.945,5175.447,9537.787,1966.29,5436.715
9641.082,1975.98,5373.199,9344.737,1966.141,5531.104,9258.893,1955.12,5275.339,9210.662,1951.155,5349.345,9357.67,1976.812,5022.897,9626.405,1992.067,5103.746,9047.79,2014.702,5459.378,9405.831,1978.241,5258.619,9511.201,2030.728,4983.721,9351.788,1981.396,5414.793,9496.751,2020.255,5355.212,9511.291,2016.508,5552.598,9648.927,1968.176,5204.484,8955.167,2008.945,5174.331,9539.111,1966.29,5437.822
9643.084,1975.98,5374.262,9342.796,1966.141,5532.272,9261.045,1955.12,5274.871,9210.619,1951.155,5349.449,9355.816,1976.812,5021.594,9628.566,1992.067,5103.065,9047.581,2014.702,5461.635,9406.828,1978.241,5260.654,9512.825,2030.728,4982.141,9350.673,1981.396,5416.764,9497.083,2020.255,5357.453,9511.885,2016.508,5554.784,9651.184,1968.176,5204.29,8956.943,2008.945,5172.924,9540.853,1966.29,5439.27
9644.701,1975.98,5375.061,9341.265,1966.141,5533.226,9262.751,1955.12,5274.441,9210.582,1951.155,5349.53,9354.31,1976.812,5020.601,9630.269,1992.067,5102.467,9047.474,2014.702,5463.436,9407.675,1978.241,5262.248,9514.09,2030.728,4980.854,9349.834,1981.396,5418.361,9497.358,2020.255,5359.235,9512.389,2016.508,5556.516,9652.98,1968.176,5204.13,8958.394,2008.945,5171.85,9542.224,1966.29,5440.442
9646.633,1975.98,5375.949,9339.477,1966.141,5534.373,9264.748,1955.12,5273.869,9210.536,1951.155,5349.624,9352.501,1976.812,5019.484,9632.25,1992.067,5101.697,9047.416,2014.702,5465.561,9408.732,1978.241,5264.092,9515.546,2030.728,4979.306,9348.906,1981.396,5420.272,9497.696,2020.255,5361.333,9513.017,2016.508,5558.546,9655.097,1968.176,5203.937,8960.143,2008.945,5170.642,9543.82,1966.29,5441.845
9650.492,1975.98,5377.6,9335.972,1966.141,5536.681,9268.665,1955.12,5272.609,9210.439,1951.155,5349.806,9348.864,1976.812,5017.387,9636.112,1992.067,5100.049,9047.439,2014.702,5469.76,9410.938,1978.241,5267.665,9518.356,2030.728,4976.188,9347.192,1981.396,5424.104,9498.387,2020.255,5365.472,9514.323,2016.508,5562.535,9659.274,1968.176,5203.542,8963.673,2008.945,5168.369,9546.938,1966.29,5444.654
9650.873,1975.98,5377.777,9335.613,1966.141,5536.9,9269.063,1955.12,5272.495,9210.431,1951.155,5349.824,9348.494,1976.812,5017.189,9636.504,1992.067,5099.897,9047.456,2014.702,5470.179,9411.147,1978.241,5268.029,9518.647,2030.728,4975.886,9347.033,1981.396,5424.493,9498.442,2020.255,5365.889,9514.44,2016.508,5562.938,9659.693,1968.176,5203.517,8964.033,2008.945,5168.153,9547.24,1966.29,5444.945
9651.975,1975.98,5378.336,9334.539,1966.141,5537.511,9270.242,1955.12,5272.199,9210.406,1951.155,5349.879,9347.386,1976.812,5016.644,9637.67,1992.067,5099.488,9047.544,2014.702,5471.412,9411.727,1978.241,5269.121,9519.533,2030.728,4975.024,9346.604,1981.396,5425.651,9498.565,2020.255,5367.118,9514.747,2016.508,5564.135,9660.929,1968.176,5203.481,8965.113,2008.945,5167.554,9548.102,1966.29,5445.831
9654.9,1975.98,5379.943,9331.585,1966.141,5539.064,9273.458,1955.12,5271.503,9210.344,1951.155,5350.03,9344.345,1976.812,5015.268,9640.854,1992.067,5098.485,9047.89,2014.702,5474.731,9413.193,1978.241,5272.119,9522,2030.728,4972.776,9345.547,1981.396,5428.816,9498.789,2020.255,5370.448,9515.471,2016.508,5567.393,9664.267,1968.176,5203.495,8968.084,2008.945,5166.031,9550.35,1966.29,5448.298
9656.118,1975.98,5380.666,9330.311,1966.141,5539.682,9274.834,1955.12,5271.252,9210.319,1951.155,5350.094,9343.036,1976.812,5014.727,9642.217,1992.067,5098.104,9048.082,2014.702,5476.134,9413.773,1978.241,5273.41,9523.077,2030.728,4971.857,9345.143,1981.396,5430.172,9498.838,2020.255,5371.863,9515.732,2016.508,5568.785,9665.682,1968.176,5203.547,8969.364,2008.945,5165.427,9551.269,1966.29,5449.375
9658.511,1975.98,5382.192,9327.718,1966.141,5540.836,9277.61,1955.12,5270.839,9210.275,1951.155,5350.225,9340.38,1976.812,5013.729,9644.974,1992.067,5097.431,9048.561,2014.702,5478.932,9414.852,1978.241,5276.035,9525.295,2030.728,4970.087,9344.335,1981.396,5432.892,9498.843,2020.255,5374.701,9516.165,2016.508,5571.589,9668.513,1968.176,5203.745,8971.969,2008.945,5164.3,9553.039,1966.29,5451.593
9659.686,1975.98,5382.997,9326.398,1966.141,5541.372,9279.012,1955.12,5270.677,9210.256,1951.155,5350.291,9339.031,1976.812,5013.271,9646.368,1992.067,5097.138,9048.847,2014.702,5480.327,9415.35,1978.241,5277.37,9526.437,2030.728,4969.235,9343.89,1981.396,5434.245,9498.799,2020.255,5376.125,9516.336,2016.508,5573.003,9669.93,1968.176,5203.89,8973.294,2008.945,5163.778,9553.891,1966.29,5452.734
9661.979,1975.98,5384.681,9323.729,1966.141,5542.356,9281.823,1955.12,5270.445,9210.221,1951.155,5350.423,9336.308,1976.812,5012.447,9649.171,1992.067,5096.645,9049.509,2014.702,5483.095,9416.256,1978.241,5280.067,9528.772,2030.728,4967.61,9343.088,1981.396,5436.974,9498.617,2020.255,5378.965,9516.585,2016.508,5575.838,9672.749,1968.176,5204.273,8975.974,2008.945,5162.821,9555.517,1966.29,5455.07
9662.569,1975.98,5385.085,9323.065,1966.141,5542.625,9282.529,1955.12,5270.364,9210.211,1951.155,5350.456,9335.616,1976.812,5012.262,9649.871,1992.067,5096.498,9049.698,2014.702,5483.785,9416.506,1978.241,5280.737,9529.347,2030.728,4967.183,9342.906,1981.396,5437.666,9498.572,2020.255,5379.679,9516.631,2016.508,5576.552,9673.459,1968.176,5204.362,8976.655,2008.945,5162.603,9555.921,1966.29,5455.66
9665.864,1975.98,5387.195,9319.49,1966.141,5544.213,9286.371,1955.12,5269.795,9210.151,1951.155,5350.633,9331.806,1976.812,5011.375,9653.672,1992.067,5095.569,9050.855,2014.702,5487.522,9417.99,1978.241,5284.357,9532.408,2030.728,4964.747,9342.021,1981.396,5441.475,9498.325,2020.255,5383.581,9516.796,2016.508,5580.46,9677.343,1968.176,5204.815,8980.418,2008.945,5161.532,9558.106,1966.29,5458.903
9668.207,1975.98,5388.592,9317.034,1966.141,5545.399,9289.04,1955.12,5269.312,9210.105,1951.155,5350.755,9329.13,1976.812,5010.845,9656.299,1992.067,5094.835,9051.747,2014.702,5490.101,9419.106,1978.241,5286.846,9534.487,2030.728,4962.981,9341.475,1981.396,5444.146,9498.152,2020.255,5386.302,9516.851,2016.508,5583.187,9680.054,1968.176,5205.106,8983.064,2008.945,5160.871,9559.615,1966.29,5461.174
9670.104,1975.98,5389.645,9315.112,1966.141,5546.406,9291.151,1955.12,5268.858,9210.066,1951.155,5350.851,9326.989,1976.812,5010.493,9658.368,1992.067,5094.184,9052.522,2014.702,5492.127,9420.059,1978.241,5288.795,9536.096,2030.728,4961.525,9341.094,1981.396,5446.282,9498.013,2020.255,5388.466,9516.847,2016.508,5585.355,9682.212,1968.176,5205.319,8985.186,2008.945,5160.415,9560.805,1966.29,5462.987
9671.145,1975.98,5390.179,9314.094,1966.141,5546.981,9292.281,1955.12,5268.577,9210.044,1951.155,5350.902,9325.83,1976.812,5010.341,9659.472,1992.067,5093.796,9052.977,2014.702,5493.205,9420.605,1978.241,5289.829,9536.937,2030.728,4960.712,9340.915,1981.396,5447.437,9497.936,2020.255,5389.632,9516.819,2016.508,5586.524,9683.376,1968.176,5205.424,8986.336,2008.945,5160.206,9561.44,1966.29,5463.967
9671.687,1975.98,5390.437,9313.581,1966.141,5547.293,9292.856,1955.12,5268.414,9210.031,1951.155,5350.927,9325.232,1976.812,5010.282,9660.031,1992.067,5093.579,9053.228,2014.702,5493.75,9420.903,1978.241,5290.35,9537.354,2030.728,4960.282,9340.836,1981.396,5448.032,9497.896,2020.255,5390.23,9516.793,2016.508,5587.124,9683.974,1968.176,5205.473,8986.93,2008.945,5160.119,9561.765,1966.29,5464.472
9674.453,1975.98,5391.65,9311.052,1966.141,5548.944,9295.724,1955.12,5267.499,9209.964,1951.155,5351.054,9322.218,1976.812,5010.086,9662.81,1992.067,5092.394,9054.579,2014.702,5496.451,9422.486,1978.241,5292.923,9539.389,2030.728,4958.049,9340.494,1981.396,5451.032,9497.688,2020.255,5393.243,9516.598,2016.508,5590.137,9686.984,1968.176,5205.695,8989.931,2008.945,5159.776,9563.384,1966.29,5467.021
9676.412,1975.98,5392.586,9309.273,1966.141,5550.19,9297.807,1955.12,5266.909,9209.919,1951.155,5351.146,9320.048,1976.812,5010.017,9664.834,1992.067,5091.607,9055.613,2014.702,5498.36,9423.563,1978.241,5294.809,9540.902,2030.728,4956.492,9340.225,1981.396,5453.186,9497.467,2020.255,5395.403,9516.387,2016.508,5592.298,9689.144,1968.176,5205.925,8992.095,2008.945,5159.6,9564.487,1966.29,5468.891
9678.279,1975.98,5393.556,9307.591,1966.141,5551.453,9299.843,1955.12,5266.404,9209.878,1951.155,5351.237,9317.944,1976.812,5010.018,9666.819,1992.067,5090.911,9056.676,2014.702,5500.176,9424.547,1978.241,5296.668,9542.418,2030.728,4955.033,9340.032,1981.396,5455.281,9497.185,2020.255,5397.488,9516.114,2016.508,5594.384,9691.227,1968.176,5206.217,8994.196,2008.945,5159.499,9565.497,1966.29,5470.736
9680.062,1975.98,5394.556,9305.997,1966.141,5552.732,9301.837,1955.12,5265.978,9209.842,1951.155,5351.326,9315.901,1976.812,5010.085,9668.77,1992.067,5090.297,9057.765,2014.702,5501.906,9425.442,1978.241,5298.506,9543.937,2030.728,4953.664,9339.755,1981.396,5457.306,9496.845,2020.255,5399.503,9515.783,2016.508,5596.401,9693.24,1968.176,5206.566,8996.24,2008.945,5159.467,9566.419,1966.29,5472.561
9682.261,1975.98,5395.887,9304.047,1966.141,5554.406,9304.361,1955.12,5265.524,9209.8,1951.155,5351.439,9313.337,1976.812,5010.255,9671.245,1992.067,5089.606,9059.205,2014.702,5504.035,9426.492,1978.241,5300.852,9545.9,2030.728,4952.006,9339.489,1981.396,5459.862,9496.335,2020.255,5402.022,9515.284,2016.508,5598.922,9695.757,1968.176,5207.088,8998.81,2008.945,5159.511,9567.502,1966.29,5474.892
9683.997,1975.98,5397.016,9302.521,1966.141,5555.806,9306.407,1955.12,5265.225,9209.769,1951.155,5351.531,9311.276,1976.812,5010.459,9673.257,1992.067,5089.115,9060.421,2014.702,5505.711,9427.275,1978.241,5302.769,9547.525,2030.728,4950.723,9339.307,1981.396,5461.924,9495.857,2020.255,5404.038,9514.815,2016.508,5600.94,9697.77,1968.176,5207.575,9000.878,2008.945,5159.614,9568.313,1966.29,5476.797
9684.897,1975.98,5397.645,9301.735,1966.141,5556.574,9307.497,1955.12,5265.102,9209.754,1951.155,5351.581,9310.188,1976.812,5010.603,9674.332,1992.067,5088.889,9061.095,2014.702,5506.579,9427.657,1978.241,5303.799,9548.409,2030.728,4950.071,9339.165,1981.396,5463.013,9495.569,2020.255,5405.097,9514.532,2016.508,5602.001,9698.828,1968.176,5207.868,9001.973,2008.945,5159.705,9568.709,1966.29,5477.821
9686.356,1975.98,5398.736,9300.476,1966.141,5557.89,9309.311,1955.12,5264.957,9209.732,1951.155,5351.663,9308.391,1976.812,5010.901,9676.126,1992.067,5088.574,9062.259,2014.702,5507.98,9428.234,1978.241,5305.526,9549.91,2030.728,4949.039,9338.989,1981.396,5464.826,9495.034,2020.255,5406.838,9514.005,2016.508,5603.745,9700.567,1968.176,5208.411,9003.782,2008.945,5159.914,9569.312,1966.29,5479.541
9687.784,1975.98,5399.734,9299.31,1966.141,5559.185,9311.039,1955.12,5264.763,9209.709,1951.155,5351.741,9306.683,1976.812,5011.242,9677.831,1992.067,5088.217,9063.415,2014.702,5509.284,9428.84,1978.241,5307.16,9551.377,2030.728,4948.098,9338.772,1981.396,5466.554,9494.555,2020.255,5408.512,9513.483,2016.508,5605.406,9702.213,1968.176,5208.983,9005.505,2008.945,5160.171,9569.892,1966.29,5481.182
9690.043,1975.98,5401.204,9297.566,1966.141,5561.24,9313.703,1955.12,5264.375,9209.669,1951.155,5351.86,9304.059,1976.812,5011.855,9680.45,1992.067,5087.581,9065.269,2014.702,5511.24,9429.858,1978.241,5309.655,9553.692,2030.728,4946.718,9338.365,1981.396,5469.218,9493.861,2020.255,5411.116,9512.65,2016.508,5607.967,9704.729,1968.176,5209.949,9008.156,2008.945,5160.655,9570.797,1966.29,5483.719
9691.88,1975.98,5402.316,9296.226,1966.141,5562.916,9315.814,1955.12,5263.999,9209.634,1951.155,5351.954,9301.985,1976.812,5012.412,9682.52,1992.067,5087.008,9066.795,2014.702,5512.75,9430.733,1978.241,5311.615,9555.571,2030.728,4945.68,9337.987,1981.396,5471.331,9493.348,2020.255,5413.2,9511.966,2016.508,5610.001,9706.707,1968.176,5210.782,9010.255,2008.945,5161.11,9571.526,1966.29,5485.737
9692.692,1975.98,5402.772,9295.664,1966.141,5563.66,9316.726,1955.12,5263.805,9209.617,1951.155,5351.994,9301.094,1976.812,5012.683,9683.409,1992.067,5086.73,9067.479,2014.702,5513.383,9431.141,1978.241,5312.454,9556.401,2030.728,4945.256,9337.803,1981.396,5472.244,9493.142,2020.255,5414.108,9511.659,2016.508,5610.881,9707.554,1968.176,5211.171,9011.159,2008.945,5161.337,9571.847,1966.29,5486.611
9693.827,1975.98,5403.362,9294.921,1966.141,5564.7,9317.966,1955.12,5263.5,9209.593,1951.155,5352.048,9299.884,1976.812,5013.094,9684.616,1992.067,5086.31,9068.444,2014.702,5514.22,9431.736,1978.241,5313.584,9557.559,2030.728,4944.713,9337.524,1981.396,5473.491,9492.882,2020.255,5415.36,9511.227,2016.508,5612.083,9708.698,1968.176,5211.741,9012.388,2008.945,5161.689,9572.291,1966.29,5487.809
9694.799,1975.98,5403.827,9294.317,1966.141,5565.591,9319.002,1955.12,5263.208,9209.571,1951.155,5352.093,9298.876,1976.812,5013.474,9685.622,1992.067,5085.924,9069.281,2014.702,5514.899,9432.27,1978.241,5314.521,9558.548,2030.728,4944.287,9337.272,1981.396,5474.537,9492.683,2020.255,5416.418,9510.853,2016.508,5613.093,9709.646,1968.176,5212.252,9013.413,2008.945,5162.02,9572.671,1966.29,5488.816
9695.685,1975.98,5404.287,9293.785,1966.141,5566.436,9319.971,1955.12,5262.97,9209.553,1951.155,5352.135,9297.954,1976.812,5013.856,9686.565,1992.067,5085.597,9070.077,2014.702,5515.502,9432.734,1978.241,5315.404,9559.478,2030.728,4943.922,9337.07,1981.396,5475.515,9492.466,2020.255,5417.393,9510.476,2016.508,5614.017,9710.51,1968.176,5212.754,9014.353,2008.945,5162.356,9572.992,1966.29,5489.762
9697.139,1975.98,5405.104,9292.942,1966.141,5567.875,9321.602,1955.12,5262.625,9209.523,1951.155,5352.207,9296.436,1976.812,5014.546,9688.158,1992.067,5085.102,9071.438,2014.702,5516.466,9433.463,1978.241,5316.904,9561.05,2030.728,4943.364,9336.786,1981.396,5477.158,9492.051,2020.255,5419.008,9509.795,2016.508,5615.54,9711.924,1968.176,5213.639,9015.903,2008.945,5162.971,9573.477,1966.29,5491.358
9698.296,1975.98,5405.805,9292.297,1966.141,5569.065,9322.934,1955.12,5262.389,9209.502,1951.155,5352.265,9295.222,1976.812,5015.145,9689.463,1992.067,5084.742,9072.568,2014.702,5517.211,9434.014,1978.241,5318.14,9562.339,2030.728,4942.954,9336.6,1981.396,5478.499,9491.671,2020.255,5420.307,9509.203,2016.508,5616.757,9713.047,1968.176,5214.395,9017.145,2008.945,5163.51,9573.827,1966.29,5492.665
9699.398,1975.98,5406.523,9291.708,1966.141,5570.241,9324.235,1955.12,5262.202,9209.482,1951.155,5352.323,9294.062,1976.812,5015.766,9690.742,1992.067,5084.435,9073.689,2014.702,5517.9,9434.51,1978.241,5319.358,9563.604,2030.728,4942.596,9336.461,1981.396,5479.807,9491.261,2020.255,5421.557,9508.589,2016.508,5617.92,9714.113,1968.176,5215.164,9018.333,2008.945,5164.073,9574.126,1966.29,5493.946
9700.443,1975.98,5407.253,9291.175,1966.141,5571.399,9325.502,1955.12,5262.062,9209.466,1951.155,5352.379,9292.958,1976.812,5016.403,9691.99,1992.067,5084.177,9074.797,2014.702,5518.531,9434.951,1978.241,5320.554,9564.842,2030.728,4942.289,9336.368,1981.396,5481.078,9490.824,2020.255,5422.754,9507.957,2016.508,5619.027,9715.122,1968.176,5215.943,9019.466,2008.945,5164.656,9574.375,1966.29,5495.196
9701.432,1975.98,5407.994,9290.695,1966.141,5572.537,9326.732,1955.12,5261.966,9209.451,1951.155,5352.434,9291.909,1976.812,5017.056,9693.207,1992.067,5083.968,9075.89,2014.702,5519.107,9435.341,1978.241,5321.726,9566.05,2030.728,4942.031,9336.318,1981.396,5482.312,9490.363,2020.255,5423.9,9507.311,2016.508,5620.079,9716.074,1968.176,5216.73,9020.545,2008.945,5165.257,9574.576,1966.29,5496.415
9702.46,1975.98,5408.817,9290.224,1966.141,5573.767,9328.048,1955.12,5261.907,9209.438,1951.155,5352.493,9290.814,1976.812,5017.789,9694.512,1992.067,5083.787,9077.074,2014.702,5519.683,9435.716,1978.241,5322.989,9567.347,2030.728,4941.799,9336.309,1981.396,5483.629,9489.832,2020.255,5425.105,9506.584,2016.508,5621.178,9717.062,1968.176,5217.602,9021.674,2008.945,5165.936,9574.748,1966.29,5497.721
9703.472,1975.98,5409.684,9289.788,1966.141,5575.026,9329.38,1955.12,5261.891,9209.426,1951.155,5352.553,9289.731,1976.812,5018.565,9695.837,1992.067,5083.647,9078.291,2014.702,5520.226,9436.053,1978.241,5324.278,9568.665,2030.728,4941.606,9336.343,1981.396,5484.961,9489.255,2020.255,5426.307,9505.813,2016.508,5622.266,9718.031,1968.176,5218.516,9022.793,2008.945,5166.659,9574.879,1966.29,5499.047
9704.081,1975.98,5410.242,9289.544,1966.141,5575.815,9330.206,1955.12,5261.908,9209.42,1951.155,5352.591,9289.076,1976.812,5019.069,9696.661,1992.067,5083.588,9079.057,2014.702,5520.538,9436.235,1978.241,5325.084,9569.486,2030.728,4941.514,9336.391,1981.396,5485.786,9488.873,2020.255,5427.04,9505.313,2016.508,5622.924,9718.613,1968.176,5219.102,9023.472,2008.945,5167.129,9574.934,1966.29,5499.872
9704.859,1975.98,5411.002,9289.256,1966.141,5576.864,9331.292,1955.12,5261.966,9209.414,1951.155,5352.64,9288.235,1976.812,5019.759,9697.748,1992.067,5083.545,9080.077,2014.702,5520.915,9436.441,1978.241,5326.152,9570.57,2030.728,4941.428,9336.489,1981.396,5486.869,9488.339,2020.255,5427.987,9504.628,2016.508,5623.768,9719.354,1968.176,5219.898,9024.345,2008.945,5167.778,9574.97,1966.29,5500.958
9706.023,1975.98,5412.216,9288.864,1966.141,5578.5,9332.967,1955.12,5262.11,9209.407,1951.155,5352.717,9286.972,1976.812,5020.869,9699.43,1992.067,5083.533,9081.673,2014.702,5521.447,9436.705,1978.241,5327.813,9572.25,2030.728,4941.35,9336.591,1981.396,5488.547,9487.466,2020.255,5429.424,9503.525,2016.508,5625.039,9720.459,1968.176,5221.166,9025.661,2008.945,5168.824,9574.97,1966.29,5502.641
9706.813,1975.98,5413.095,9288.627,1966.141,5579.657,9334.14,1955.12,5262.25,9209.404,1951.155,5352.771,9286.11,1976.812,5021.677,9700.61,1992.067,5083.564,9082.806,2014.702,5521.783,9436.853,1978.241,5328.985,9573.432,2030.728,4941.334,9336.701,1981.396,5489.724,9486.819,2020.255,5430.413,9502.723,2016.508,5625.905,9721.205,1968.176,5222.082,9026.562,2008.945,5169.589,9574.932,1966.29,5503.821
9707.342,1975.98,5413.724,9288.488,1966.141,5580.467,9334.952,1955.12,5262.375,9209.403,1951.155,5352.809,9285.529,1976.812,5022.259,9701.431,1992.067,5083.612,9083.601,2014.702,5521.991,9436.928,1978.241,5329.804,9574.254,2030.728,4941.35,9336.805,1981.396,5490.539,9486.348,2020.255,5431.086,9502.145,2016.508,5626.489,9721.703,1968.176,5222.735,9027.17,2008.945,5170.142,9574.878,1966.29,5504.642
9707.488,1975.98,5413.911,9288.456,1966.141,5580.703,9335.186,1955.12,5262.418,9209.403,1951.155,5352.819,9285.367,1976.812,5022.433,9701.667,1992.067,5083.634,9083.832,2014.702,5522.044,9436.941,1978.241,5330.041,9574.491,2030.728,4941.362,9336.843,1981.396,5490.774,9486.205,2020.255,5431.276,9501.972,2016.508,5626.653,9721.841,1968.176,5222.929,9027.341,2008.945,5170.307,9574.854,1966.29,5504.878
9708.1,1975.98,5414.744,9288.349,1966.141,5581.73,9336.194,1955.12,5262.641,9209.405,1951.155,5352.867,9284.687,1976.812,5023.21,9702.692,1992.067,5083.762,9084.826,2014.702,5522.325,9436.969,1978.241,5331.074,9575.521,2030.728,4941.449,9337.039,1981.396,5491.789,9485.616,2020.255,5432.125,9501.198,2016.508,5627.338,9722.412,1968.176,5223.79,9028.126,2008.945,5170.979,9574.72,1966.29,5505.903
9708.608,1975.98,5415.487,9288.284,1966.141,5582.628,9337.066,1955.12,5262.863,9209.408,1951.155,5352.908,9284.116,1976.812,5023.906,9703.582,1992.067,5083.902,9085.695,2014.702,5522.559,9436.963,1978.241,5331.975,9576.415,2030.728,4941.554,9337.239,1981.396,5492.667,9485.079,2020.255,5432.848,9500.505,2016.508,5627.913,9722.885,1968.176,5224.556,9028.79,2008.945,5171.586,9574.573,1966.29,5506.791
9709.078,1975.98,5416.223,9288.25,1966.141,5583.501,9337.905,1955.12,5263.107,9209.412,1951.155,5352.947,9283.585,1976.812,5024.6,9704.439,1992.067,5084.067,9086.546,2014.702,5522.759,9436.929,1978.241,5332.847,9577.278,2030.728,4941.684,9337.461,1981.396,5493.511,9484.537,2020.255,5433.532,9499.814,2016.508,5628.448,9723.319,1968.176,5225.314,9029.415,2008.945,5172.197,9574.403,1966.29,5507.647
9710.008,1975.98,5417.792,9288.239,1966.141,5585.325,9339.639,1955.12,5263.672,9209.424,1951.155,5353.029,9282.523,1976.812,5026.083,9706.218,1992.067,5084.469,9088.334,2014.702,5523.118,9436.798,1978.241,5334.666,9579.071,2030.728,4942.015,9337.987,1981.396,5495.257,9483.359,2020.255,5434.925,9498.338,2016.508,5629.518,9724.174,1968.176,5226.925,9030.691,2008.945,5173.5,9573.989,1966.29,5509.423
9710.235,1975.98,5418.206,9288.252,1966.141,5585.797,9340.083,1955.12,5263.833,9209.428,1951.155,5353.05,9282.261,1976.812,5026.476,9706.675,1992.067,5084.588,9088.792,2014.702,5523.234,9436.749,1978.241,5335.136,9579.533,2030.728,4942.116,9338.108,1981.396,5495.714,9483.082,2020.255,5435.308,9497.946,2016.508,5629.783,9724.382,1968.176,5227.35,9031.011,2008.945,5173.848,9573.867,1966.29,5509.88
9710.451,1975.98,5418.631,9288.28,1966.141,5586.273,9340.525,1955.12,5264.011,9209.432,1951.155,5353.071,9282.009,1976.812,5026.881,9707.132,1992.067,5084.723,9089.25,2014.702,5523.367,9436.684,1978.241,5335.609,9579.996,2030.728,4942.233,9338.216,1981.396,5496.179,9482.8,2020.255,5435.692,9497.543,2016.508,5630.037,9724.577,1968.176,5227.785,9031.321,2008.945,5174.209,9573.729,1966.29,5510.336
9710.771,1975.98,5419.317,9288.35,1966.141,5587.027,9341.219,1955.12,5264.315,9209.439,1951.155,5353.104,9281.631,1976.812,5027.537,9707.851,1992.067,5084.961,9089.975,2014.702,5523.587,9436.556,1978.241,5336.355,9580.724,2030.728,4942.443,9338.41,1981.396,5496.911,9482.332,2020.255,5436.288,9496.89,2016.508,5630.418,9724.864,1968.176,5228.485,9031.851,2008.945,5174.751,9573.485,1966.29,5511.053
9710.905,1975.98,5419.63,9288.393,1966.141,5587.366,9341.526,1955.12,5264.462,9209.443,1951.155,5353.12,9281.471,1976.812,5027.837,9708.171,1992.067,5085.08,9090.304,2014.702,5523.675,9436.504,1978.241,5336.692,9581.048,2030.728,4942.548,9338.487,1981.396,5497.243,9482.113,2020.255,5436.549,9496.59,2016.508,5630.581,9724.983,1968.176,5228.805,9032.081,2008.945,5175.002,9573.365,1966.29,5511.373
9711.232,1975.98,5420.471,9288.534,1966.141,5588.256,9342.326,1955.12,5264.877,9209.455,1951.155,5353.159,9281.072,1976.812,5028.646,9709.006,1992.067,5085.419,9091.182,2014.702,5523.88,9436.347,1978.241,5337.58,9581.896,2030.728,4942.854,9338.614,1981.396,5498.136,9481.513,2020.255,5437.222,9495.783,2016.508,5630.984,9725.271,1968.176,5229.66,9032.668,2008.945,5175.687,9573.021,1966.29,5512.206
9711.5,1975.98,5421.23,9288.687,1966.141,5589.047,9343.028,1955.12,5265.271,9209.467,1951.155,5353.193,9280.74,1976.812,5029.38,9709.741,1992.067,5085.746,9091.972,2014.702,5524.037,9436.181,1978.241,5338.368,9582.645,2030.728,4943.152,9338.754,1981.396,5498.929,9480.957,2020.255,5437.805,9495.052,2016.508,5631.32,9725.502,1968.176,5230.431,9033.261,2008.945,5176.232,9572.688,1966.29,5512.939
9711.65,1975.98,5421.707,9288.797,1966.141,5589.534,9343.456,1955.12,5265.53,9209.475,1951.155,5353.214,9280.549,1976.812,5029.842,9710.19,1992.067,5085.964,9092.453,2014.702,5524.171,9436.062,1978.241,5338.854,9583.103,2030.728,4943.352,9338.804,1981.396,5499.426,9480.624,2020.255,5438.178,9494.591,2016.508,5631.514,9725.63,1968.176,5230.914,9033.617,2008.945,5176.582,9572.468,1966.29,5513.387
9711.828,1975.98,5422.339,9288.963,1966.141,5590.17,9344.007,1955.12,5265.889,9209.486,1951.155,5353.242,9280.317,1976.812,5030.457,9710.772,1992.067,5086.27,9093.086,2014.702,5524.349,9435.885,1978.241,5339.486,9583.696,2030.728,4943.635,9338.849,1981.396,5500.082,9480.192,2020.255,5438.673,9493.992,2016.508,5631.785,9725.784,1968.176,5231.553,9034.071,2008.945,5177.058,9572.188,1966.29,5513.981
9712.078,1975.98,5423.13,9289.146,1966.141,5590.979,9344.716,1955.12,5266.318,9209.5,1951.155,5353.277,9280.052,1976.812,5031.242,9711.519,1992.067,5086.632,9093.892,2014.702,5524.546,9435.687,1978.241,5340.292,9584.433,2030.728,4944.016,9338.878,1981.396,5500.91,9479.654,2020.255,5439.303,9493.247,2016.508,5632.148,9725.962,1968.176,5232.362,9034.624,2008.945,5177.676,9571.847,1966.29,5514.737
9712.191,1975.98,5423.45,9289.211,1966.141,5591.312,9345.012,1955.12,5266.485,9209.505,1951.155,5353.292,9279.953,1976.812,5031.567,9711.829,1992.067,5086.77,9094.217,2014.702,5524.645,9435.615,1978.241,5340.624,9584.729,2030.728,4944.181,9338.879,1981.396,5501.25,9479.437,2020.255,5439.563,9492.945,2016.508,5632.305,9726.028,1968.176,5232.695,9034.861,2008.945,5177.918,9571.713,1966.29,5515.049
9712.462,1975.98,5424.146,9289.33,1966.141,5592.049,9345.674,1955.12,5266.83,9209.515,1951.155,5353.324,9279.761,1976.812,5032.289,9712.521,1992.067,5087.052,9094.935,2014.702,5524.852,9435.482,1978.241,5341.358,9585.369,2030.728,4944.566,9338.857,1981.396,5501.996,9478.964,2020.255,5440.141,9492.292,2016.508,5632.667,9726.161,1968.176,5233.43,9035.366,2008.945,5178.469,9571.43,1966.29,5515.74
9712.725,1975.98,5424.76,9289.415,1966.141,5592.71,9346.275,1955.12,5267.119,9209.522,1951.155,5353.353,9279.609,1976.812,5032.938,9713.146,1992.067,5087.285,9095.571,2014.702,5525.052,9435.385,1978.241,5342.018,9585.929,2030.728,4944.929,9338.816,1981.396,5502.662,9478.547,2020.255,5440.662,9491.717,2016.508,5633.004,9726.271,1968.176,5234.088,9035.801,2008.945,5178.975,9571.188,1966.29,5516.361
9712.899,1975.98,5425.134,9289.455,1966.141,5593.121,9346.653,1955.12,5267.285,9209.526,1951.155,5353.371,9279.529,1976.812,5033.343,9713.538,1992.067,5087.416,9095.968,2014.702,5525.166,9435.337,1978.241,5342.428,9586.268,2030.728,4945.165,9338.777,1981.396,5503.073,9478.293,2020.255,5440.987,9491.366,2016.508,5633.222,9726.332,1968.176,5234.496,9036.06,2008.945,5179.297,9571.044,1966.29,5516.748
9713.195,1975.98,5425.717,9289.497,1966.141,5593.773,9347.26,1955.12,5267.53,9209.532,1951.155,5353.399,9279.423,1976.812,5033.988,9714.164,1992.067,5087.603,9096.602,2014.702,5525.325,9435.282,1978.241,5343.079,9586.792,2030.728,4945.556,9338.694,1981.396,5503.721,9477.896,2020.255,5441.506,9490.82,2016.508,5633.581,9726.422,1968.176,5235.143,9036.484,2008.945,5179.794,9570.827,1966.29,5517.365
9713.445,1975.98,5426.171,9289.515,1966.141,5594.292,9347.747,1955.12,5267.708,9209.536,1951.155,5353.422,9279.355,1976.812,5034.503,9714.666,1992.067,5087.736,9097.102,2014.702,5525.463,9435.255,1978.241,5343.597,9587.197,2030.728,4945.879,9338.611,1981.396,5504.233,9477.586,2020.255,5441.921,9490.394,2016.508,5633.876,9726.488,1968.176,5235.657,9036.811,2008.945,5180.197,9570.664,1966.29,5517.857
9713.677,1975.98,5426.628,9289.549,1966.141,5594.804,9348.223,1955.12,5267.9,9209.541,1951.155,5353.445,9279.306,1976.812,5035.013,9715.157,1992.067,5087.883,9097.58,2014.702,5525.647,9435.212,1978.241,5344.108,9587.587,2030.728,4946.212,9338.547,1981.396,5504.742,9477.317,2020.255,5442.358,9489.963,2016.508,5634.153,9726.537,1968.176,5236.167,9037.064,2008.945,5180.643,9570.486,1966.29,5518.338
9713.883,1975.98,5427.07,9289.597,1966.141,5595.289,9348.669,1955.12,5268.097,9209.546,1951.155,5353.466,9279.274,1976.812,5035.5,9715.619,1992.067,5088.039,9098.041,2014.702,5525.808,9435.154,1978.241,5344.592,9587.947,2030.728,4946.541,9338.501,1981.396,5505.227,9477.049,2020.255,5442.765,9489.545,2016.508,5634.404,9726.567,1968.176,5236.654,9037.319,2008.945,5181.058,9570.303,1966.29,5518.79
9714.034,1975.98,5427.425,9289.647,1966.141,5595.671,9349.017,1955.12,5268.265,9209.551,1951.155,5353.483,9279.262,1976.812,5035.886,9715.98,1992.067,5088.173,9098.409,2014.702,5525.922,9435.097,1978.241,5344.974,9588.224,2030.728,4946.81,9338.478,1981.396,5505.612,9476.837,2020.255,5443.087,9489.208,2016.508,5634.591,9726.579,1968.176,5237.04,9037.532,2008.945,5181.38,9570.146,1966.29,5519.142
9714.304,1975.98,5428.117,9289.769,1966.141,5596.404,9349.675,1955.12,5268.609,9209.561,1951.155,5353.515,9279.262,1976.812,5036.628,9716.668,1992.067,5088.456,9099.108,2014.702,5526.172,9434.962,1978.241,5345.704,9588.739,2030.728,4947.345,9338.456,1981.396,5506.354,9476.431,2020.255,5443.709,9488.547,2016.508,5634.93,9726.577,1968.176,5237.783,9037.943,2008.945,5181.999,9569.821,1966.29,5519.811
9714.389,1975.98,5428.359,9289.818,1966.141,5596.656,9349.898,1955.12,5268.735,9209.564,1951.155,5353.525,9279.271,1976.812,5036.885,9716.902,1992.067,5088.561,9099.349,2014.702,5526.262,9434.907,1978.241,5345.955,9588.911,2030.728,4947.536,9338.457,1981.396,5506.611,9476.283,2020.255,5443.919,9488.314,2016.508,5635.04,9726.568,1968.176,5238.04,9038.093,2008.945,5182.208,9569.702,1966.29,5520.038
9714.498,1975.98,5428.706,9289.901,1966.141,5597.01,9350.209,1955.12,5268.924,9209.57,1951.155,5353.541,9279.274,1976.812,5037.249,9717.229,1992.067,5088.721,9099.693,2014.702,5526.379,9434.817,1978.241,5346.308,9589.146,2030.728,4947.813,9338.471,1981.396,5506.975,9476.064,2020.255,5444.21,9487.98,2016.508,5635.184,9726.543,1968.176,5238.402,9038.313,2008.945,5182.498,9569.522,1966.29,5520.354
9714.623,1975.98,5429.154,9290.021,1966.141,5597.459,9350.598,1955.12,5269.179,9209.578,1951.155,5353.56,9279.295,1976.812,5037.713,9717.64,1992.067,5088.938,9100.138,2014.702,5526.516,9434.737,1978.241,5346.766,9589.434,2030.728,4948.178,9338.503,1981.396,5507.438,9475.773,2020.255,5444.572,9487.548,2016.508,5635.355,9726.496,1968.176,5238.865,9038.605,2008.945,5182.858,9569.279,1966.29,5520.751
9714.73,1975.98,5429.495,9290.104,1966.141,5597.808,9350.902,1955.12,5269.365,9209.584,1951.155,5353.575,9279.322,1976.812,5038.07,9717.961,1992.067,5089.096,9100.477,2014.702,5526.63,9434.688,1978.241,5347.12,9589.646,2030.728,4948.466,9338.516,1981.396,5507.796,9475.553,2020.255,5444.853,9487.219,2016.508,5635.495,9726.468,1968.176,5239.222,9038.803,2008.945,5183.157,9569.099,1966.29,5521.059
9714.914,1975.98,5430.016,9290.213,1966.141,5598.349,9351.383,1955.12,5269.637,9209.592,1951.155,5353.598,9279.383,1976.812,5038.619,9718.465,1992.067,5089.323,9101.006,2014.702,5526.789,9434.628,1978.241,5347.669,9589.959,2030.728,4948.921,9338.518,1981.396,5508.348,9475.216,2020.255,5445.291,9486.717,2016.508,5635.726,9726.437,1968.176,5239.773,9039.122,2008.945,5183.607,9568.827,1966.29,5521.54
9715.006,1975.98,5430.252,9290.255,1966.141,5598.599,9351.607,1955.12,5269.755,9209.595,1951.155,5353.609,9279.419,1976.812,5038.87,9718.699,1992.067,5089.419,9101.251,2014.702,5526.854,9434.608,1978.241,5347.922,9590.096,2030.728,4949.134,9338.511,1981.396,5508.602,9475.063,2020.255,5445.493,9486.489,2016.508,5635.837,9726.425,1968.176,5240.026,9039.275,2008.945,5183.81,9568.707,1966.29,5521.763
9715.158,1975.98,5430.609,9290.307,1966.141,5598.984,9351.957,1955.12,5269.924,9209.6,1951.155,5353.625,9279.433,1976.812,5039.258,9719.063,1992.067,5089.556,9101.616,2014.702,5526.985,9434.591,1978.241,5348.31,9590.294,2030.728,4949.468,9338.487,1981.396,5508.989,9474.833,2020.255,5445.805,9486.146,2016.508,5636.018,9726.413,1968.176,5240.414,9039.52,2008.945,5184.111,9568.528,1966.29,5522.108
9715.408,1975.98,5431.146,9290.367,1966.141,5599.573,9352.498,1955.12,5270.165,9209.605,1951.155,5353.651,9279.473,1976.812,5039.849,9719.624,1992.067,5089.746,9102.18,2014.702,5527.167,9434.583,1978.241,5348.902,9590.58,2030.728,4949.986,9338.432,1981.396,5509.579,9474.486,2020.255,5446.285,9485.628,2016.508,5636.306,9726.403,1968.176,5241.006,9039.908,2008.945,5184.559,9568.266,1966.29,5522.639
9715.502,1975.98,5431.332,9290.382,1966.141,5599.781,9352.691,1955.12,5270.243,9209.607,1951.155,5353.661,9279.493,1976.812,5040.057,9719.823,1992.067,5089.806,9102.377,2014.702,5527.234,9434.587,1978.241,5349.11,9590.675,2030.728,4950.172,9338.405,1981.396,5509.785,9474.366,2020.255,5446.455,9485.448,2016.508,5636.412,9726.402,1968.176,5241.214,9040.063,2008.945,5184.698,9568.177,1966.29,5522.827
9715.934,1975.98,5432.12,9290.418,1966.141,5600.679,9353.534,1955.12,5270.554,9209.614,1951.155,5353.7,9279.612,1976.812,5040.947,9720.69,1992.067,5090.039,9103.236,2014.702,5527.496,9434.632,1978.241,5350.007,9591.057,2030.728,4950.985,9338.264,1981.396,5510.672,9473.856,2020.255,5447.193,9484.687,2016.508,5636.887,9726.407,1968.176,5242.112,9040.714,2008.945,5185.316,9567.808,1966.29,5523.646
9716.202,1975.98,5432.65,9290.461,1966.141,5601.271,9354.085,1955.12,5270.778,9209.619,1951.155,5353.726,9279.666,1976.812,5041.539,9721.259,1992.067,5090.212,9103.802,2014.702,5527.68,9434.643,1978.241,5350.602,9591.292,2030.728,4951.531,9338.188,1981.396,5511.262,9473.503,2020.255,5447.671,9484.172,2016.508,5637.185,9726.391,1968.176,5242.707,9041.132,2008.945,5185.739,9567.546,1966.29,5524.179
9716.393,1975.98,5433.058,9290.508,1966.141,5601.719,9354.496,1955.12,5270.961,9209.624,1951.155,5353.746,9279.722,1976.812,5041.985,9721.685,1992.067,5090.356,9104.233,2014.702,5527.805,9434.636,1978.241,5351.051,9591.456,2030.728,4951.949,9338.146,1981.396,5511.709,9473.224,2020.255,5448.024,9483.775,2016.508,5637.397,9726.363,1968.176,5243.155,9041.438,2008.945,5186.069,9567.335,1966.29,5524.576
9716.701,1975.98,5433.78,9290.616,1966.141,5602.497,9355.203,1955.12,5271.304,9209.633,1951.155,5353.779,9279.822,1976.812,5042.764,9722.42,1992.067,5090.633,9104.995,2014.702,5527.999,9434.599,1978.241,5351.836,9591.719,2030.728,4952.69,9338.099,1981.396,5512.494,9472.758,2020.255,5448.657,9483.071,2016.508,5637.746,9726.29,1968.176,5243.938,9041.952,2008.945,5186.663,9566.943,1966.29,5525.257
9717.018,1975.98,5434.593,9290.765,1966.141,5603.356,9355.975,1955.12,5271.71,9209.645,1951.155,5353.816,9279.888,1976.812,5043.634,9723.226,1992.067,5090.967,9105.847,2014.702,5528.186,9434.528,1978.241,5352.706,9591.983,2030.728,4953.521,9338.074,1981.396,5513.366,9472.219,2020.255,5449.343,9482.277,2016.508,5638.107,9726.181,1968.176,5244.803,9042.508,2008.945,5187.335,9566.483,1966.29,5525.999
9717.099,1975.98,5434.823,9290.813,1966.141,5603.595,9356.187,1955.12,5271.831,9209.648,1951.155,5353.827,9279.914,1976.812,5043.875,9723.447,1992.067,5091.068,9106.086,2014.702,5528.23,9434.501,1978.241,5352.948,9592.05,2030.728,4953.755,9338.075,1981.396,5513.609,9472.063,2020.255,5449.529,9482.053,2016.508,5638.2,9726.143,1968.176,5245.043,9042.656,2008.945,5187.527,9566.349,1966.29,5526.202
9717.161,1975.98,5435.021,9290.862,1966.141,5603.797,9356.364,1955.12,5271.939,9209.651,1951.155,5353.835,9279.943,1976.812,5044.082,9723.634,1992.067,5091.16,9106.294,2014.702,5528.248,9434.471,1978.241,5353.154,9592.1,2030.728,4953.958,9338.083,1981.396,5513.817,9471.925,2020.255,5449.685,9481.857,2016.508,5638.274,9726.103,1968.176,5245.248,9042.789,2008.945,5187.688,9566.228,1966.29,5526.371
9717.365,1975.98,5435.602,9290.987,1966.141,5604.4,9356.899,1955.12,5272.244,9209.66,1951.155,5353.861,9279.979,1976.812,5044.696,9724.194,1992.067,5091.415,9106.905,2014.702,5528.318,9434.4,1978.241,5353.765,9592.229,2030.728,4954.56,9338.086,1981.396,5514.433,9471.513,2020.255,5450.142,9481.289,2016.508,5638.51,9726.001,1968.176,5245.854,9043.188,2008.945,5188.157,9565.879,1966.29,5526.878
9717.589,1975.98,5436.178,9291.094,1966.141,5605.008,9357.445,1955.12,5272.532,9209.668,1951.155,5353.888,9280.036,1976.812,5045.311,9724.765,1992.067,5091.651,9107.516,2014.702,5528.409,9434.35,1978.241,5354.38,9592.338,2030.728,4955.167,9338.069,1981.396,5515.05,9471.094,2020.255,5450.596,9480.727,2016.508,5638.765,9725.915,1968.176,5246.466,9043.573,2008.945,5188.64,9565.539,1966.29,5527.394
9717.688,1975.98,5436.41,9291.129,1966.141,5605.258,9357.672,1955.12,5272.643,9209.671,1951.155,5353.898,9280.067,1976.812,5045.562,9725.001,1992.067,5091.741,9107.768,2014.702,5528.428,9434.337,1978.241,5354.632,9592.374,2030.728,4955.417,9338.054,1981.396,5515.302,9470.92,2020.255,5450.779,9480.5,2016.508,5638.876,9725.886,1968.176,5246.716,9043.697,2008.945,5188.859,9565.404,1966.29,5527.607
9717.965,1975.98,5437.002,9291.2,1966.141,5605.908,9358.269,1955.12,5272.909,9209.678,1951.155,5353.927,9280.17,1976.812,5046.207,9725.619,1992.067,5091.952,9108.418,2014.702,5528.497,9434.324,1978.241,5355.286,9592.447,2030.728,4956.067,9337.993,1981.396,5515.953,9470.465,2020.255,5451.247,9479.923,2016.508,5639.183,9725.822,1968.176,5247.367,9044.037,2008.945,5189.417,9565.064,1966.29,5528.165
9718.099,1975.98,5437.266,9291.223,1966.141,5606.203,9358.542,1955.12,5273.021,9209.681,1951.155,5353.939,9280.215,1976.812,5046.5,9725.902,1992.067,5092.039,9108.711,2014.702,5528.538,9434.328,1978.241,5355.582,9592.471,2030.728,4956.362,9337.956,1981.396,5516.246,9470.256,2020.255,5451.456,9479.666,2016.508,5639.33,9725.796,1968.176,5247.661,9044.199,2008.945,5189.665,9564.915,1966.29,5528.42
9718.421,1975.98,5437.856,9291.254,1966.141,5606.875,9359.172,1955.12,5273.255,9209.686,1951.155,5353.969,9280.293,1976.812,5047.167,9726.551,1992.067,5092.214,9109.373,2014.702,5528.652,9434.358,1978.241,5356.253,9592.502,2030.728,4957.033,9337.851,1981.396,5516.91,9469.774,2020.255,5451.925,9479.094,2016.508,5639.683,9725.739,1968.176,5248.331,9044.585,2008.945,5190.215,9564.587,1966.29,5529.007
9718.526,1975.98,5438.036,9291.257,1966.141,5607.083,9359.369,1955.12,5273.322,9209.687,1951.155,5353.978,9280.321,1976.812,5047.374,9726.754,1992.067,5092.262,9109.577,2014.702,5528.694,9434.374,1978.241,5356.46,9592.505,2030.728,4957.242,9337.812,1981.396,5517.115,9469.623,2020.255,5452.068,9478.92,2016.508,5639.797,9725.723,1968.176,5248.538,9044.696,2008.945,5190.392,9564.488,1966.29,5529.19
9718.761,1975.98,5438.406,9291.25,1966.141,5607.521,9359.789,1955.12,5273.448,9209.688,1951.155,5353.997,9280.342,1976.812,5047.811,9727.184,1992.067,5092.349,9110.012,2014.702,5528.748,9434.422,1978.241,5356.896,9592.497,2030.728,4957.68,9337.715,1981.396,5517.542,9469.301,2020.255,5452.364,9478.563,2016.508,5640.05,9725.69,1968.176,5248.975,9044.94,2008.945,5190.755,9564.289,1966.29,5529.58
9718.975,1975.98,5438.72,9291.232,1966.141,5607.9,9360.156,1955.12,5273.545,9209.689,1951.155,5354.014,9280.369,1976.812,5048.19,9727.559,1992.067,5092.413,9110.387,2014.702,5528.807,9434.476,1978.241,5357.272,9592.478,2030.728,4958.059,9337.619,1981.396,5517.91,9469.018,2020.255,5452.617,9478.26,2016.508,5640.279,9725.664,1968.176,5249.354,9045.162,2008.945,5191.064,9564.122,1966.29,5529.921
9719.191,1975.98,5439.019,9291.203,1966.141,5608.269,9360.517,1955.12,5273.628,9209.69,1951.155,5354.03,9280.407,1976.812,5048.557,9727.925,1992.067,5092.462,9110.75,2014.702,5528.875,9434.539,1978.241,5357.636,9592.446,2030.728,4958.427,9337.515,1981.396,5518.264,9468.738,2020.255,5452.858,9477.973,2016.508,5640.511,9725.64,1968.176,5249.722,9045.374,2008.945,5191.367,9563.966,1966.29,5530.256
9719.494,1975.98,5439.408,9291.149,1966.141,5608.758,9361,1955.12,5273.723,9209.69,1951.155,5354.052,9280.475,1976.812,5049.045,9728.415,1992.067,5092.513,9111.236,2014.702,5528.953,9434.64,1978.241,5358.118,9592.389,2030.728,4958.917,9337.359,1981.396,5518.731,9468.36,2020.255,5453.174,9477.6,2016.508,5640.833,9725.609,1968.176,5250.213,9045.67,2008.945,5191.761,9563.766,1966.29,5530.706
9719.627,1975.98,5439.569,9291.12,1966.141,5608.965,9361.206,1955.12,5273.757,9209.69,1951.155,5354.061,9280.496,1976.812,5049.252,9728.623,1992.067,5092.528,9111.44,2014.702,5528.993,9434.688,1978.241,5358.321,9592.357,2030.728,4959.123,9337.287,1981.396,5518.927,9468.198,2020.255,5453.305,9477.446,2016.508,5640.974,9725.597,1968.176,5250.421,9045.775,2008.945,5191.94,9563.685,1966.29,5530.898
9719.956,1975.98,5439.941,9291.037,1966.141,5609.455,9361.698,1955.12,5273.821,9209.689,1951.155,5354.083,9280.546,1976.812,5049.747,9729.119,1992.067,5092.547,9111.936,2014.702,5529.039,9434.82,1978.241,5358.8,9592.278,2030.728,4959.613,9337.101,1981.396,5519.387,9467.807,2020.255,5453.611,9477.091,2016.508,5641.321,9725.568,1968.176,5250.917,9046.018,2008.945,5192.374,9563.499,1966.29,5531.359
9720.175,1975.98,5440.174,9290.975,1966.141,5609.768,9362.017,1955.12,5273.852,9209.688,1951.155,5354.097,9280.588,1976.812,5050.063,9729.438,1992.067,5092.549,9112.253,2014.702,5529.079,9434.915,1978.241,5359.105,9592.217,2030.728,4959.927,9336.971,1981.396,5519.68,9467.552,2020.255,5453.804,9476.869,2016.508,5641.552,9725.551,1968.176,5251.236,9046.173,2008.945,5192.653,9563.385,1966.29,5531.658
9720.384,1975.98,5440.412,9290.923,1966.141,5610.081,9362.331,1955.12,5273.893,9209.688,1951.155,5354.111,9280.609,1976.812,5050.38,9729.755,1992.067,5092.561,9112.566,2014.702,5529.128,9434.999,1978.241,5359.411,9592.146,2030.728,4960.236,9336.852,1981.396,5519.974,9467.306,2020.255,5454.003,9476.643,2016.508,5641.773,9725.522,1968.176,5251.552,9046.332,2008.945,5192.927,9563.263,1966.29,5531.95
9720.575,1975.98,5440.645,9290.883,1966.141,5610.379,9362.628,1955.12,5273.941,9209.688,1951.155,5354.125,9280.64,1976.812,5050.679,9730.056,1992.067,5092.583,9112.863,2014.702,5529.18,9435.069,1978.241,5359.703,9592.068,2030.728,4960.527,9336.748,1981.396,5520.256,9467.078,2020.255,5454.2,9476.42,2016.508,5641.976,9725.486,1968.176,5251.851,9046.492,2008.945,5193.183,9563.138,1966.29,5532.224
9720.721,1975.98,5440.833,9290.859,1966.141,5610.616,9362.862,1955.12,5273.988,9209.688,1951.155,5354.135,9280.672,1976.812,5050.916,9730.293,1992.067,5092.607,9113.097,2014.702,5529.229,9435.117,1978.241,5359.937,9592,2030.728,4960.756,9336.674,1981.396,5520.483,9466.902,2020.255,5454.361,9476.238,2016.508,5642.131,9725.449,1968.176,5252.087,9046.625,2008.945,5193.38,9563.031,1966.29,5532.438
9720.888,1975.98,5441.066,9290.84,1966.141,5610.902,9363.142,1955.12,5274.053,9209.688,1951.155,5354.148,9280.72,1976.812,5051.198,9730.577,1992.067,5092.646,9113.378,2014.702,5529.284,9435.166,1978.241,5360.22,9591.908,2030.728,4961.028,9336.593,1981.396,5520.758,9466.698,2020.255,5454.563,9476.015,2016.508,5642.311,9725.396,1968.176,5252.369,9046.772,2008.945,5193.626,9562.896,1966.29,5532.69
9721.043,1975.98,5441.298,9290.83,1966.141,5611.181,9363.411,1955.12,5274.125,9209.689,1951.155,5354.16,9280.757,1976.812,5051.475,9730.853,1992.067,5092.694,9113.649,2014.702,5529.347,9435.204,1978.241,5360.496,9591.811,2030.728,4961.289,9336.523,1981.396,5521.028,9466.506,2020.255,5454.765,9475.791,2016.508,5642.478,9725.335,1968.176,5252.641,9046.924,2008.945,5193.86,9562.755,1966.29,5532.931
9721.186,1975.98,5441.526,9290.83,1966.141,5611.45,9363.669,1955.12,5274.202,9209.69,1951.155,5354.172,9280.778,1976.812,5051.743,9731.116,1992.067,5092.748,9113.909,2014.702,5529.416,9435.232,1978.241,5360.764,9591.725,2030.728,4961.544,9336.465,1981.396,5521.29,9466.327,2020.255,5454.965,9475.57,2016.508,5642.631,9725.268,1968.176,5252.901,9047.077,2008.945,5194.081,9562.612,1966.29,5533.159
9721.316,1975.98,5441.751,9290.838,1966.141,5611.711,9363.916,1955.12,5274.286,9209.692,1951.155,5354.183,9280.805,1976.812,5052.002,9731.37,1992.067,5092.809,9114.163,2014.702,5529.474,9435.251,1978.241,5361.023,9591.674,2030.728,4961.8,9336.416,1981.396,5521.546,9466.16,2020.255,5455.166,9475.352,2016.508,5642.773,9725.194,1968.176,5253.151,9047.232,2008.945,5194.29,9562.467,1966.29,5533.375
9721.45,1975.98,5441.966,9290.838,1966.141,5611.963,9364.157,1955.12,5274.359,9209.693,1951.155,5354.194,9280.82,1976.812,5052.254,9731.617,1992.067,5092.859,9114.407,2014.702,5529.539,9435.277,1978.241,5361.274,9591.617,2030.728,4962.046,9336.361,1981.396,5521.792,9465.996,2020.255,5455.357,9475.145,2016.508,5642.918,9725.122,1968.176,5253.393,9047.386,2008.945,5194.491,9562.33,1966.29,5533.587
9721.587,1975.98,5442.17,9290.83,1966.141,5612.209,9364.396,1955.12,5274.422,9209.694,1951.155,5354.205,9280.843,1976.812,5052.499,9731.859,1992.067,5092.901,9114.641,2014.702,5529.616,9435.311,1978.241,5361.518,9591.554,2030.728,4962.284,9336.3,1981.396,5522.031,9465.834,2020.255,5455.542,9474.947,2016.508,5643.065,9725.051,1968.176,5253.628,9047.542,2008.945,5194.681,9562.2,1966.29,5533.796
9721.739,1975.98,5442.383,9290.813,1966.141,5612.471,9364.65,1955.12,5274.481,9209.694,1951.155,5354.217,9280.843,1976.812,5052.761,9732.118,1992.067,5092.938,9114.884,2014.702,5529.712,9435.354,1978.241,5361.776,9591.479,2030.728,4962.534,9336.227,1981.396,5522.282,9465.659,2020.255,5455.737,9474.742,2016.508,5643.228,9724.975,1968.176,5253.878,9047.737,2008.945,5194.855,9562.066,1966.29,5534.021
9721.9,1975.98,5442.594,9290.789,1966.141,5612.734,9364.91,1955.12,5274.533,9209.694,1951.155,5354.229,9280.852,1976.812,5053.025,9732.382,1992.067,5092.965,9115.133,2014.702,5529.802,9435.407,1978.241,5362.036,9591.41,2030.728,4962.79,9336.144,1981.396,5522.534,9465.479,2020.255,5455.931,9474.54,2016.508,5643.399,9724.896,1968.176,5254.131,9047.929,2008.945,5195.039,9561.936,1966.29,5534.25
9722.032,1975.98,5442.755,9290.764,1966.141,5612.941,9365.115,1955.12,5274.567,9209.694,1951.155,5354.238,9280.865,1976.812,5053.233,9732.59,1992.067,5092.98,9115.331,2014.702,5529.866,9435.455,1978.241,5362.238,9591.35,2030.728,4962.989,9336.072,1981.396,5522.729,9465.336,2020.255,5456.082,9474.386,2016.508,5643.539,9724.832,1968.176,5254.33,9048.074,2008.945,5195.188,9561.836,1966.29,5534.433
9722.174,1975.98,5442.917,9290.73,1966.141,5613.154,9365.329,1955.12,5274.596,9209.693,1951.155,5354.247,9280.877,1976.812,5053.449,9732.806,1992.067,5092.989,9115.538,2014.702,5529.925,9435.512,1978.241,5362.447,9591.28,2030.728,4963.194,9335.992,1981.396,5522.93,9465.185,2020.255,5456.236,9474.23,2016.508,5643.689,9724.766,1968.176,5254.535,9048.22,2008.945,5195.347,9561.736,1966.29,5534.625
9722.358,1975.98,5443.117,9290.682,1966.141,5613.421,9365.6,1955.12,5274.623,9209.692,1951.155,5354.259,9280.9,1976.812,5053.719,9733.077,1992.067,5092.992,9115.802,2014.702,5529.992,9435.591,1978.241,5362.707,9591.185,2030.728,4963.448,9335.883,1981.396,5523.179,9464.992,2020.255,5456.428,9474.041,2016.508,5643.884,9724.681,1968.176,5254.792,9048.396,2008.945,5195.553,9561.615,1966.29,5534.868
9722.502,1975.98,5443.282,9290.649,1966.141,5613.638,9365.816,1955.12,5274.651,9209.691,1951.155,5354.269,9280.915,1976.812,5053.938,9733.296,1992.067,5093.001,9116.016,2014.702,5530.04,9435.647,1978.241,5362.918,9591.106,2030.728,4963.653,9335.802,1981.396,5523.382,9464.837,2020.255,5456.583,9473.883,2016.508,5644.036,9724.605,1968.176,5254.998,9048.533,2008.945,5195.723,9561.511,1966.29,5535.06
9722.634,1975.98,5443.443,9290.625,1966.141,5613.845,9366.021,1955.12,5274.686,9209.691,1951.155,5354.278,9280.937,1976.812,5054.145,9733.504,1992.067,5093.017,9116.222,2014.702,5530.067,9435.695,1978.241,5363.121,9591.019,2030.728,4963.841,9335.73,1981.396,5523.578,9464.691,2020.255,5456.732,9473.728,2016.508,5644.175,9724.527,1968.176,5255.191,9048.655,2008.945,5195.892,9561.405,1966.29,5535.24
9722.76,1975.98,5443.609,9290.607,1966.141,5614.052,9366.226,1955.12,5274.727,9209.691,1951.155,5354.287,9280.938,1976.812,5054.353,9733.711,1992.067,5093.039,9116.427,2014.702,5530.102,9435.736,1978.241,5363.325,9590.932,2030.728,4964.031,9335.666,1981.396,5523.776,9464.551,2020.255,5456.886,9473.568,2016.508,5644.31,9724.442,1968.176,5255.381,9048.777,2008.945,5196.061,9561.295,1966.29,5535.417
9722.898,1975.98,5443.805,9290.595,1966.141,5614.292,9366.459,1955.12,5274.781,9209.691,1951.155,5354.298,9280.948,1976.812,5054.593,9733.948,1992.067,5093.072,9116.662,2014.702,5530.15,9435.776,1978.241,5363.562,9590.839,2030.728,4964.252,9335.599,1981.396,5524.006,9464.395,2020.255,5457.068,9473.38,2016.508,5644.458,9724.338,1968.176,5255.597,9048.913,2008.945,5196.259,9561.161,1966.29,5535.615
9723.031,1975.98,5444.005,9290.591,1966.141,5614.532,9366.69,1955.12,5274.844,9209.692,1951.155,5354.309,9280.966,1976.812,5054.832,9734.185,1992.067,5093.113,9116.9,2014.702,5530.178,9435.809,1978.241,5363.799,9590.732,2030.728,4964.467,9335.539,1981.396,5524.239,9464.239,2020.255,5457.251,9473.187,2016.508,5644.601,9724.227,1968.176,5255.81,9049.055,2008.945,5196.453,9561.021,1966.29,5535.81
9723.141,1975.98,5444.183,9290.594,1966.141,5614.741,9366.89,1955.12,5274.904,9209.693,1951.155,5354.318,9280.981,1976.812,5055.04,9734.389,1992.067,5093.155,9117.106,2014.702,5530.208,9435.829,1978.241,5364.007,9590.646,2030.728,4964.656,9335.494,1981.396,5524.442,9464.109,2020.255,5457.415,9473.015,2016.508,5644.719,9724.124,1968.176,5255.991,9049.176,2008.945,5196.622,9560.893,1966.29,5535.974
9723.244,1975.98,5444.364,9290.604,1966.141,5614.949,9367.087,1955.12,5274.972,9209.694,1951.155,5354.327,9281.004,1976.812,5055.247,9734.591,1992.067,5093.204,9117.312,2014.702,5530.246,9435.843,1978.241,5364.215,9590.548,2030.728,4964.839,9335.456,1981.396,5524.647,9463.985,2020.255,5457.582,9472.839,2016.508,5644.831,9724.016,1968.176,5256.168,9049.303,2008.945,5196.788,9560.76,1966.29,5536.135
9723.362,1975.98,5444.556,9290.607,1966.141,5615.175,9367.303,1955.12,5275.038,9209.695,1951.155,5354.337,9281.004,1976.812,5055.473,9734.813,1992.067,5093.25,9117.532,2014.702,5530.294,9435.865,1978.241,5364.44,9590.447,2030.728,4965.042,9335.407,1981.396,5524.868,9463.849,2020.255,5457.761,9472.652,2016.508,5644.959,9723.896,1968.176,5256.36,9049.446,2008.945,5196.962,9560.619,1966.29,5536.312
9723.516,1975.98,5444.789,9290.604,1966.141,5615.454,9367.572,1955.12,5275.11,9209.696,1951.155,5354.349,9281.013,1976.812,5055.752,9735.087,1992.067,5093.298,9117.808,2014.702,5530.339,9435.901,1978.241,5364.716,9590.331,2030.728,4965.295,9335.339,1981.396,5525.138,9463.678,2020.255,5457.981,9472.428,2016.508,5645.124,9723.745,1968.176,5256.595,9049.639,2008.945,5197.164,9560.449,1966.29,5536.533
9723.636,1975.98,5444.959,9290.594,1966.141,5615.662,9367.775,1955.12,5275.158,9209.696,1951.155,5354.358,9281.026,1976.812,5055.96,9735.293,1992.067,5093.327,9118.012,2014.702,5530.379,9435.936,1978.241,5364.922,9590.25,2030.728,4965.487,9335.281,1981.396,5525.338,9463.548,2020.255,5458.144,9472.264,2016.508,5645.252,9723.631,1968.176,5256.769,9049.783,2008.945,5197.314,9560.325,1966.29,5536.7
9723.762,1975.98,5445.125,9290.578,1966.141,5615.869,9367.979,1955.12,5275.199,9209.696,1951.155,5354.368,9281.025,1976.812,5056.168,9735.5,1992.067,5093.35,9118.218,2014.702,5530.408,9435.976,1978.241,5365.126,9590.176,2030.728,4965.682,9335.217,1981.396,5525.536,9463.416,2020.255,5458.305,9472.104,2016.508,5645.386,9723.515,1968.176,5256.942,9049.938,2008.945,5197.454,9560.205,1966.29,5536.87
9723.893,1975.98,5445.287,9290.556,1966.141,5616.076,9368.185,1955.12,5275.234,9209.696,1951.155,5354.377,9281.031,1976.812,5056.377,9735.708,1992.067,5093.365,9118.423,2014.702,5530.443,9436.022,1978.241,5365.33,9590.092,2030.728,4965.872,9335.146,1981.396,5525.732,9463.282,2020.255,5458.464,9471.948,2016.508,5645.525,9723.396,1968.176,5257.114,9050.087,2008.945,5197.599,9560.088,1966.29,5537.042
9724.028,1975.98,5445.445,9290.527,1966.141,5616.283,9368.391,1955.12,5275.262,9209.695,1951.155,5354.386,9281.044,1976.812,5056.585,9735.916,1992.067,5093.375,9118.627,2014.702,5530.485,9436.076,1978.241,5365.531,9589.993,2030.728,4966.055,9335.069,1981.396,5525.926,9463.146,2020.255,5458.622,9471.797,2016.508,5645.668,9723.276,1968.176,5257.284,9050.231,2008.945,5197.749,9559.974,1966.29,5537.216
9724.2,1975.98,5445.632,9290.485,1966.141,5616.534,9368.644,1955.12,5275.288,9209.694,1951.155,5354.397,9281.048,1976.812,5056.839,9736.171,1992.067,5093.377,9118.875,2014.702,5530.54,9436.149,1978.241,5365.774,9589.88,2030.728,4966.283,9334.968,1981.396,5526.159,9462.978,2020.255,5458.813,9471.618,2016.508,5645.85,9723.128,1968.176,5257.49,9050.405,2008.945,5197.935,9559.839,1966.29,5537.432
9724.336,1975.98,5445.791,9290.458,1966.141,5616.74,9368.85,1955.12,5275.315,9209.693,1951.155,5354.407,9281.056,1976.812,5057.047,9736.379,1992.067,5093.387,9119.083,2014.702,5530.558,9436.203,1978.241,5365.976,9589.779,2030.728,4966.465,9334.891,1981.396,5526.353,9462.845,2020.255,5458.973,9471.467,2016.508,5645.993,9723.001,1968.176,5257.655,9050.542,2008.945,5198.092,9559.723,1966.29,5537.604
9724.467,1975.98,5445.953,9290.438,1966.141,5616.947,9369.055,1955.12,5275.35,9209.693,1951.155,5354.416,9281.068,1976.812,5057.255,9736.587,1992.067,5093.403,9119.29,2014.702,5530.581,9436.25,1978.241,5366.179,9589.685,2030.728,4966.651,9334.82,1981.396,5526.549,9462.717,2020.255,5459.137,9471.311,2016.508,5646.131,9722.868,1968.176,5257.816,9050.674,2008.945,5198.253,9559.601,1966.29,5537.773
9724.592,1975.98,5446.12,9290.423,1966.141,5617.155,9369.259,1955.12,5275.392,9209.693,1951.155,5354.425,9281.088,1976.812,5057.463,9736.794,1992.067,5093.426,9119.497,2014.702,5530.604,9436.29,1978.241,5366.383,9589.596,2030.728,4966.839,9334.756,1981.396,5526.748,9462.575,2020.255,5459.29,9471.15,2016.508,5646.265,9722.738,1968.176,5257.979,9050.8,2008.945,5198.418,9559.473,1966.29,5537.938
9724.711,1975.98,5446.29,9290.415,1966.141,5617.363,9369.462,1955.12,5275.439,9209.693,1951.155,5354.435,9281.114,1976.812,5057.669,9737,1992.067,5093.455,9119.703,2014.702,5530.634,9436.323,1978.241,5366.589,9589.501,2030.728,4967.025,9334.698,1981.396,5526.948,9462.438,2020.255,5459.447,9470.986,2016.508,5646.393,9722.604,1968.176,5258.138,9050.906,2008.945,5198.597,9559.34,1966.29,5538.099
9724.825,1975.98,5446.464,9290.414,1966.141,5617.572,9369.663,1955.12,5275.494,9209.694,1951.155,5354.444,9281.146,1976.812,5057.875,9737.205,1992.067,5093.491,9119.908,2014.702,5530.67,9436.35,1978.241,5366.795,9589.412,2030.728,4967.213,9334.647,1981.396,5527.15,9462.307,2020.255,5459.609,9470.817,2016.508,5646.515,9722.464,1968.176,5258.292,9051.019,2008.945,5198.772,9559.202,1966.29,5538.255
9724.934,1975.98,5446.643,9290.42,1966.141,5617.78,9369.862,1955.12,5275.555,9209.695,1951.155,5354.453,9281.186,1976.812,5058.08,9737.409,1992.067,5093.534,9120.114,2014.702,5530.7,9436.369,1978.241,5367.003,9589.329,2030.728,4967.404,9334.604,1981.396,5527.354,9462.181,2020.255,5459.774,9470.645,2016.508,5646.632,9722.321,1968.176,5258.444,9051.137,2008.945,5198.944,9559.059,1966.29,5538.406
9725.048,1975.98,5446.817,9290.42,1966.141,5617.988,9370.063,1955.12,5275.61,9209.696,1951.155,5354.462,9281.238,1976.812,5058.281,9737.614,1992.067,5093.57,9120.319,2014.702,5530.736,9436.396,1978.241,5367.209,9589.25,2030.728,4967.597,9334.553,1981.396,5527.556,9462.053,2020.255,5459.938,9470.476,2016.508,5646.754,9722.177,1968.176,5258.594,9051.261,2008.945,5199.111,9558.918,1966.29,5538.56
9725.156,1975.98,5446.995,9290.413,1966.141,5618.196,9370.267,1955.12,5275.658,9209.696,1951.155,5354.472,9281.284,1976.812,5058.484,9737.82,1992.067,5093.6,9120.523,2014.702,5530.779,9436.429,1978.241,5367.415,9589.15,2030.728,4967.78,9334.495,1981.396,5527.756,9461.923,2020.255,5460.101,9470.311,2016.508,5646.881,9722.03,1968.176,5258.742,9051.39,2008.945,5199.275,9558.781,1966.29,5538.718
9725.259,1975.98,5447.177,9290.399,1966.141,5618.404,9370.471,1955.12,5275.699,9209.696,1951.155,5354.481,9281.324,1976.812,5058.689,9738.027,1992.067,5093.623,9120.727,2014.702,5530.825,9436.468,1978.241,5367.62,9589.057,2030.728,4967.966,9334.432,1981.396,5527.954,9461.791,2020.255,5460.262,9470.149,2016.508,5647.014,9721.882,1968.176,5258.888,9051.524,2008.945,5199.434,9558.649,1966.29,5538.878
9725.355,1975.98,5447.361,9290.38,1966.141,5618.612,9370.676,1955.12,5275.734,9209.696,1951.155,5354.49,9281.383,1976.812,5058.889,9738.235,1992.067,5093.639,9120.933,2014.702,5530.852,9436.513,1978.241,5367.823,9588.967,2030.728,4968.154,9334.361,1981.396,5528.15,9461.657,2020.255,5460.421,9469.993,2016.508,5647.151,9721.731,1968.176,5259.032,9051.657,2008.945,5199.594,9558.521,1966.29,5539.042
9725.445,1975.98,5447.549,9290.354,1966.141,5618.818,9370.882,1955.12,5275.762,9209.695,1951.155,5354.5,9281.435,1976.812,5059.091,9738.443,1992.067,5093.648,9121.139,2014.702,5530.883,9436.563,1978.241,5368.025,9588.883,2030.728,4968.345,9334.285,1981.396,5528.344,9461.521,2020.255,5460.579,9469.841,2016.508,5647.294,9721.579,1968.176,5259.174,9051.785,2008.945,5199.759,9558.397,1966.29,5539.21
9725.529,1975.98,5447.74,9290.321,1966.141,5619.024,9371.089,1955.12,5275.784,9209.694,1951.155,5354.509,9281.485,1976.812,5059.293,9738.651,1992.067,5093.651,9121.344,2014.702,5530.92,9436.619,1978.241,5368.226,9588.806,2030.728,4968.538,9334.203,1981.396,5528.536,9461.382,2020.255,5460.734,9469.693,2016.508,5647.441,9721.425,1968.176,5259.313,9051.918,2008.945,5199.919,9558.278,1966.29,5539.38
9725.607,1975.98,5447.933,9290.282,1966.141,5619.229,9371.297,1955.12,5275.798,9209.693,1951.155,5354.518,9281.53,1976.812,5059.497,9738.859,1992.067,5093.647,9121.55,2014.702,5530.949,9436.681,1978.241,5368.425,9588.734,2030.728,4968.734,9334.114,1981.396,5528.724,9461.241,2020.255,5460.887,9469.551,2016.508,5647.593,9721.268,1968.176,5259.45,9052.055,2008.945,5200.076,9558.163,1966.29,5539.554
9725.679,1975.98,5448.129,9290.237,1966.141,5619.432,9371.505,1955.12,5275.806,9209.692,1951.155,5354.527,9281.571,1976.812,5059.701,9739.067,1992.067,5093.637,9121.755,2014.702,5530.984,9436.748,1978.241,5368.623,9588.67,2030.728,4968.932,9334.02,1981.396,5528.91,9461.099,2020.255,5461.039,9469.413,2016.508,5647.749,9721.108,1968.176,5259.585,9052.201,2008.945,5200.224,9558.053,1966.29,5539.731
9725.744,1975.98,5448.327,9290.186,1966.141,5619.633,9371.713,1955.12,5275.808,9209.69,1951.155,5354.536,9281.605,1976.812,5059.906,9739.275,1992.067,5093.619,9121.959,2014.702,5531.026,9436.82,1978.241,5368.818,9588.618,2030.728,4969.134,9333.919,1981.396,5529.092,9460.953,2020.255,5461.188,9469.28,2016.508,5647.909,9720.947,1968.176,5259.717,9052.343,2008.945,5200.376,9557.947,1966.29,5539.911
9725.803,1975.98,5448.526,9290.128,1966.141,5619.833,9371.921,1955.12,5275.802,9209.688,1951.155,5354.544,9281.646,1976.812,5060.111,9739.482,1992.067,5093.595,9122.162,2014.702,5531.074,9436.898,1978.241,5369.011,9588.56,2030.728,4969.333,9333.813,1981.396,5529.271,9460.806,2020.255,5461.335,9469.152,2016.508,5648.074,9720.784,1968.176,5259.847,9052.479,2008.945,5200.534,9557.847,1966.29,5540.093
9725.854,1975.98,5448.728,9290.064,1966.141,5620.032,9372.129,1955.12,5275.79,9209.687,1951.155,5354.553,9281.694,1976.812,5060.313,9739.688,1992.067,5093.564,9122.363,2014.702,5531.128,9436.982,1978.241,5369.202,9588.494,2030.728,4969.531,9333.7,1981.396,5529.447,9460.656,2020.255,5461.48,9469.029,2016.508,5648.242,9720.619,1968.176,5259.975,9052.611,2008.945,5200.695,9557.751,1966.29,5540.278
9725.9,1975.98,5448.931,9289.994,1966.141,5620.228,9372.336,1955.12,5275.771,9209.684,1951.155,5354.562,9281.76,1976.812,5060.511,9739.894,1992.067,5093.526,9122.566,2014.702,5531.176,9437.071,1978.241,5369.39,9588.445,2030.728,4969.734,9333.583,1981.396,5529.619,9460.504,2020.255,5461.623,9468.912,2016.508,5648.414,9720.452,1968.176,5260.099,9052.745,2008.945,5200.855,9557.66,1966.29,5540.465
9725.939,1975.98,5449.136,9289.918,1966.141,5620.422,9372.543,1955.12,5275.745,9209.681,1951.155,5354.571,9281.818,1976.812,5060.711,9740.097,1992.067,5093.482,9122.769,2014.702,5531.227,9437.165,1978.241,5369.576,9588.39,2030.728,4969.935,9333.46,1981.396,5529.787,9460.35,2020.255,5461.763,9468.8,2016.508,5648.59,9720.283,1968.176,5260.221,9052.88,2008.945,5201.014,9557.574,1966.29,5540.655
9725.972,1975.98,5449.341,9289.849,1966.141,5620.618,9372.75,1955.12,5275.726,9209.678,1951.155,5354.58,9281.87,1976.812,5060.913,9740.302,1992.067,5093.445,9122.964,2014.702,5531.3,9437.253,1978.241,5369.765,9588.327,2030.728,4970.133,9333.343,1981.396,5529.959,9460.2,2020.255,5461.908,9468.682,2016.508,5648.762,9720.118,1968.176,5260.349,9053.025,2008.945,5201.163,9557.482,1966.29,5540.842
9725.997,1975.98,5449.548,9289.785,1966.141,5620.817,9372.958,1955.12,5275.714,9209.676,1951.155,5354.588,9281.916,1976.812,5061.116,9740.508,1992.067,5093.414,9123.161,2014.702,5531.369,9437.335,1978.241,5369.957,9588.259,2030.728,4970.33,9333.231,1981.396,5530.135,9460.056,2020.255,5462.058,9468.559,2016.508,5648.93,9719.958,1968.176,5260.481,9053.166,2008.945,5201.316,9557.385,1966.29,5541.026
9726.016,1975.98,5449.755,9289.729,1966.141,5621.018,9373.166,1955.12,5275.708,9209.674,1951.155,5354.597,9281.955,1976.812,5061.32,9740.715,1992.067,5093.39,9123.36,2014.702,5531.431,9437.41,1978.241,5370.151,9588.184,2030.728,4970.524,9333.126,1981.396,5530.314,9459.916,2020.255,5462.212,9468.43,2016.508,5649.093,9719.788,1968.176,5260.602,9053.302,2008.945,5201.475,9557.281,1966.29,5541.207
9726.027,1975.98,5449.963,9289.679,1966.141,5621.22,9373.374,1955.12,5275.71,9209.672,1951.155,5354.606,9282.024,1976.812,5061.517,9740.923,1992.067,5093.373,9123.562,2014.702,5531.486,9437.479,1978.241,5370.348,9588.083,2030.728,4970.707,9333.026,1981.396,5530.497,9459.781,2020.255,5462.371,9468.296,2016.508,5649.253,9719.622,1968.176,5260.728,9053.459,2008.945,5201.611,9557.172,1966.29,5541.384
9726.032,1975.98,5450.172,9289.636,1966.141,5621.423,9373.582,1955.12,5275.718,9209.671,1951.155,5354.615,9282.088,1976.812,5061.715,9741.131,1992.067,5093.363,9123.764,2014.702,5531.536,9437.542,1978.241,5370.546,9587.988,2030.728,4970.893,9332.933,1981.396,5530.683,9459.651,2020.255,5462.534,9468.156,2016.508,5649.408,9719.46,1968.176,5260.859,9053.611,2008.945,5201.753,9557.057,1966.29,5541.558
9726.03,1975.98,5450.38,9289.6,1966.141,5621.628,9373.79,1955.12,5275.733,9209.67,1951.155,5354.624,9282.145,1976.812,5061.916,9741.339,1992.067,5093.359,9123.964,2014.702,5531.593,9437.598,1978.241,5370.747,9587.896,2030.728,4971.079,9332.845,1981.396,5530.872,9459.511,2020.255,5462.688,9468.012,2016.508,5649.558,9719.303,1968.176,5260.995,9053.759,2008.945,5201.9,9556.936,1966.29,5541.727
9726.021,1975.98,5450.588,9289.569,1966.141,5621.834,9373.997,1955.12,5275.755,9209.669,1951.155,5354.633,9282.194,1976.812,5062.118,9741.547,1992.067,5093.363,9124.166,2014.702,5531.644,9437.647,1978.241,5370.95,9587.809,2030.728,4971.269,9332.763,1981.396,5531.063,9459.366,2020.255,5462.837,9467.862,2016.508,5649.704,9719.149,1968.176,5261.137,9053.901,2008.945,5202.051,9556.81,1966.29,5541.893
9726.006,1975.98,5450.796,9289.546,1966.141,5622.042,9374.203,1955.12,5275.784,9209.668,1951.155,5354.643,9282.237,1976.812,5062.322,9741.755,1992.067,5093.373,9124.369,2014.702,5531.688,9437.69,1978.241,5371.154,9587.729,2030.728,4971.461,9332.688,1981.396,5531.258,9459.226,2020.255,5462.991,9467.709,2016.508,5649.844,9719.001,1968.176,5261.283,9054.039,2008.945,5202.208,9556.678,1966.29,5542.054
9725.983,1975.98,5451.003,9289.529,1966.141,5622.249,9374.408,1955.12,5275.82,9209.668,1951.155,5354.652,9282.273,1976.812,5062.527,9741.963,1992.067,5093.39,9124.571,2014.702,5531.738,9437.727,1978.241,5371.359,9587.654,2030.728,4971.656,9332.618,1981.396,5531.455,9459.082,2020.255,5463.142,9467.551,2016.508,5649.979,9718.854,1968.176,5261.431,9054.192,2008.945,5202.349,9556.541,1966.29,5542.21
9725.941,1975.98,5451.307,9289.516,1966.141,5622.556,9374.709,1955.12,5275.882,9209.668,1951.155,5354.666,9282.317,1976.812,5062.831,9742.268,1992.067,5093.424,9124.866,2014.702,5531.823,9437.77,1978.241,5371.663,9587.51,2030.728,4971.926,9332.526,1981.396,5531.747,9458.878,2020.255,5463.371,9467.312,2016.508,5650.171,9718.632,1968.176,5261.642,9054.411,2008.945,5202.564,9556.332,1966.29,5542.435
9725.906,1975.98,5451.512,9289.513,1966.141,5622.764,9374.911,1955.12,5275.931,9209.668,1951.155,5354.675,9282.354,1976.812,5063.036,9742.474,1992.067,5093.455,9125.067,2014.702,5531.875,9437.792,1978.241,5371.87,9587.417,2030.728,4972.113,9332.471,1981.396,5531.948,9458.744,2020.255,5463.531,9467.145,2016.508,5650.296,9718.485,1968.176,5261.79,9054.555,2008.945,5202.715,9556.185,1966.29,5542.583
9725.777,1975.98,5452.137,9289.525,1966.141,5623.402,9375.526,1955.12,5276.101,9209.67,1951.155,5354.703,9282.542,1976.812,5063.645,9743.102,1992.067,5093.568,9125.679,2014.702,5532.059,9437.84,1978.241,5372.506,9587.153,2030.728,4972.694,9332.32,1981.396,5532.568,9458.352,2020.255,5464.033,9466.621,2016.508,5650.662,9718.097,1968.176,5262.295,9054.979,2008.945,5203.191,9555.72,1966.29,5543.02
9725.729,1975.98,5452.339,9289.536,1966.141,5623.61,9375.726,1955.12,5276.163,9209.671,1951.155,5354.712,9282.597,1976.812,5063.846,9743.306,1992.067,5093.612,9125.88,2014.702,5532.112,9437.849,1978.241,5372.714,9587.073,2030.728,4972.886,9332.277,1981.396,5532.772,9458.229,2020.255,5464.202,9466.446,2016.508,5650.775,9717.964,1968.176,5262.456,9055.132,2008.945,5203.333,9555.563,1966.29,5543.157
9725.608,1975.98,5452.774,9289.546,1966.141,5624.061,9376.161,1955.12,5276.283,9209.672,1951.155,5354.731,9282.702,1976.812,5064.285,9743.75,1992.067,5093.693,9126.314,2014.702,5532.234,9437.881,1978.241,5373.164,9586.914,2030.728,4973.309,9332.171,1981.396,5533.211,9457.958,2020.255,5464.563,9466.076,2016.508,5651.033,9717.688,1968.176,5262.813,9055.454,2008.945,5203.649,9555.231,1966.29,5543.463
9725.451,1975.98,5453.28,9289.541,1966.141,5624.59,9376.676,1955.12,5276.407,9209.673,1951.155,5354.754,9282.809,1976.812,5064.803,9744.273,1992.067,5093.771,9126.828,2014.702,5532.36,9437.933,1978.241,5373.69,9586.743,2030.728,4973.81,9332.03,1981.396,5533.721,9457.636,2020.255,5464.981,9465.651,2016.508,5651.349,9717.379,1968.176,5263.242,9055.819,2008.945,5204.032,9554.852,1966.29,5543.832
9725.215,1975.98,5453.96,9289.511,1966.141,5625.31,9377.381,1955.12,5276.554,9209.673,1951.155,5354.786,9282.93,1976.812,5065.513,9744.988,1992.067,5093.853,9127.521,2014.702,5532.555,9438.023,1978.241,5374.405,9586.489,2030.728,4974.483,9331.816,1981.396,5534.408,9457.189,2020.255,5465.546,9465.088,2016.508,5651.797,9716.976,1968.176,5263.839,9056.299,2008.945,5204.569,9554.347,1966.29,5544.345
9724.986,1975.98,5454.553,9289.465,1966.141,5625.943,9378.007,1955.12,5276.663,9209.672,1951.155,5354.814,9283.017,1976.812,5066.143,9745.622,1992.067,5093.905,9128.139,2014.702,5532.707,9438.12,1978.241,5375.033,9586.284,2030.728,4975.085,9331.608,1981.396,5535.009,9456.788,2020.255,5466.039,9464.603,2016.508,5652.208,9716.636,1968.176,5264.376,9056.713,2008.945,5205.051,9553.912,1966.29,5544.809
9724.768,1975.98,5455.07,9289.406,1966.141,5626.501,9378.563,1955.12,5276.741,9209.671,1951.155,5354.838,9283.111,1976.812,5066.696,9746.183,1992.067,5093.933,9128.692,2014.702,5532.8,9438.221,1978.241,5375.585,9586.13,2030.728,4975.625,9331.407,1981.396,5535.533,9456.428,2020.255,5466.469,9464.186,2016.508,5652.583,9716.351,1968.176,5264.86,9057.12,2008.945,5205.437,9553.539,1966.29,5545.228
9724.456,1975.98,5455.744,9289.307,1966.141,5627.237,9379.301,1955.12,5276.82,9209.668,1951.155,5354.871,9283.248,1976.812,5067.425,9746.925,1992.067,5093.946,9129.432,2014.702,5532.864,9438.374,1978.241,5376.311,9585.902,2030.728,4976.331,9331.119,1981.396,5536.217,9455.943,2020.255,5467.031,9463.65,2016.508,5653.098,9715.993,1968.176,5265.51,9057.642,2008.945,5205.965,9553.06,1966.29,5545.794
9724.097,1975.98,5456.458,9289.175,1966.141,5628.025,9380.098,1955.12,5276.88,9209.664,1951.155,5354.905,9283.37,1976.812,5068.215,9747.724,1992.067,5093.934,9130.226,2014.702,5532.959,9438.561,1978.241,5377.088,9585.77,2030.728,4977.119,9330.786,1981.396,5536.943,9455.413,2020.255,5467.628,9463.092,2016.508,5653.669,9715.63,1968.176,5266.222,9058.185,2008.945,5206.551,9552.559,1966.29,5546.417
9723.527,1975.98,5457.504,9288.942,1966.141,5629.193,9381.287,1955.12,5276.931,9209.656,1951.155,5354.957,9283.383,1976.812,5069.406,9748.913,1992.067,5093.877,9131.412,2014.702,5533.067,9438.87,1978.241,5378.238,9585.533,2030.728,4978.287,9330.255,1981.396,5538.009,9454.609,2020.255,5468.507,9462.286,2016.508,5654.546,9715.12,1968.176,5267.298,9058.965,2008.945,5207.451,9551.837,1966.29,5547.364
9723.073,1975.98,5458.278,9288.74,1966.141,5630.067,9382.184,1955.12,5276.94,9209.648,1951.155,5354.995,9283.422,1976.812,5070.302,9749.808,1992.067,5093.805,9132.302,2014.702,5533.178,9439.127,1978.241,5379.098,9585.326,2030.728,4979.16,9329.829,1981.396,5538.799,9453.994,2020.255,5469.159,9461.7,2016.508,5655.226,9714.76,1968.176,5268.12,9059.597,2008.945,5208.088,9551.313,1966.29,5548.091
9722.734,1975.98,5458.813,9288.578,1966.141,5630.68,9382.817,1955.12,5276.926,9209.643,1951.155,5355.022,9283.47,1976.812,5070.934,9750.438,1992.067,5093.734,9132.928,2014.702,5533.277,9439.324,1978.241,5379.7,9585.207,2030.728,4979.782,9329.511,1981.396,5539.347,9453.552,2020.255,5469.612,9461.302,2016.508,5655.718,9714.521,1968.176,5268.707,9060.049,2008.945,5208.532,9550.955,1966.29,5548.615
9721.768,1975.98,5460.237,9288.124,1966.141,5632.339,9384.536,1955.12,5276.833,9209.629,1951.155,5355.096,9283.657,1976.812,5072.645,9752.141,1992.067,5093.486,9134.634,2014.702,5533.499,9439.904,1978.241,5381.32,9584.828,2030.728,4981.461,9328.599,1981.396,5540.806,9452.33,2020.255,5470.824,9460.262,2016.508,5657.089,9713.916,1968.176,5270.317,9061.235,2008.945,5209.778,9550.023,1966.29,5550.061
9721.619,1975.98,5460.441,9288.056,1966.141,5632.582,9384.787,1955.12,5276.811,9209.627,1951.155,5355.106,9283.692,1976.812,5072.895,9752.389,1992.067,5093.442,9134.885,2014.702,5533.524,9439.996,1978.241,5381.555,9584.782,2030.728,4981.709,9328.458,1981.396,5541.016,9452.148,2020.255,5470.998,9460.115,2016.508,5657.294,9713.833,1968.176,5270.555,9061.403,2008.945,5209.966,9549.893,1966.29,5550.277
9721.031,1975.98,5461.195,9287.789,1966.141,5633.5,9385.736,1955.12,5276.698,9209.622,1951.155,5355.148,9283.687,1976.812,5073.851,9753.323,1992.067,5093.243,9135.838,2014.702,5533.594,9440.366,1978.241,5382.436,9584.577,2030.728,4982.643,9327.9,1981.396,5541.792,9451.447,2020.255,5471.647,9459.586,2016.508,5658.09,9713.538,1968.176,5271.464,9062.029,2008.945,5210.689,9549.419,1966.29,5551.107
9720.35,1975.98,5462.012,9287.525,1966.141,5634.53,9386.797,1955.12,5276.607,9209.618,1951.155,5355.194,9283.715,1976.812,5074.915,9754.371,1992.067,5093.056,9136.896,2014.702,5533.706,9440.746,1978.241,5383.43,9584.314,2030.728,4983.674,9327.309,1981.396,5542.676,9450.69,2020.255,5472.395,9458.968,2016.508,5658.957,9713.177,1968.176,5272.465,9062.699,2008.945,5211.516,9548.861,1966.29,5552.013
9719.637,1975.98,5462.812,9287.294,1966.141,5635.576,9387.866,1955.12,5276.55,9209.615,1951.155,5355.241,9283.778,1976.812,5075.984,9755.432,1992.067,5092.902,9137.957,2014.702,5533.854,9441.095,1978.241,5384.443,9584.017,2030.728,4984.703,9326.742,1981.396,5543.585,9449.954,2020.255,5473.172,9458.317,2016.508,5659.808,9712.78,1968.176,5273.46,9063.455,2008.945,5212.274,9548.271,1966.29,5552.907
9719.112,1975.98,5463.363,9287.154,1966.141,5636.324,9388.626,1955.12,5276.535,9209.614,1951.155,5355.274,9283.802,1976.812,5076.744,9756.188,1992.067,5092.818,9138.706,2014.702,5533.984,9441.318,1978.241,5385.169,9583.781,2030.728,4985.426,9326.361,1981.396,5544.244,9449.449,2020.255,5473.741,9457.836,2016.508,5660.396,9712.477,1968.176,5274.157,9063.974,2008.945,5212.83,9547.831,1966.29,5553.527
9718.395,1975.98,5464.069,9287.002,1966.141,5637.319,9389.633,1955.12,5276.548,9209.614,1951.155,5355.318,9283.865,1976.812,5077.748,9757.191,1992.067,5092.739,9139.703,2014.702,5534.122,9441.583,1978.241,5386.141,9583.438,2030.728,4986.372,9325.886,1981.396,5545.131,9448.806,2020.255,5474.516,9457.174,2016.508,5661.155,9712.044,1968.176,5275.066,9064.636,2008.945,5213.588,9547.222,1966.29,5554.329
9717.935,1975.98,5464.493,9286.928,1966.141,5637.94,9390.258,1955.12,5276.576,9209.615,1951.155,5355.345,9283.925,1976.812,5078.371,9757.816,1992.067,5092.71,9140.319,2014.702,5534.228,9441.728,1978.241,5386.749,9583.245,2030.728,4986.967,9325.608,1981.396,5545.691,9448.422,2020.255,5475.01,9456.747,2016.508,5661.612,9711.757,1968.176,5275.622,9065.031,2008.945,5214.072,9546.827,1966.29,5554.814
9717.171,1975.98,5465.152,9286.841,1966.141,5638.946,9391.265,1955.12,5276.655,9209.618,1951.155,5355.389,9284.054,1976.812,5079.372,9758.826,1992.067,5092.697,9141.316,2014.702,5534.387,9441.929,1978.241,5387.738,9582.901,2030.728,4987.916,9325.191,1981.396,5546.61,9447.829,2020.255,5475.827,9456.034,2016.508,5662.328,9711.265,1968.176,5276.503,9065.673,2008.945,5214.851,9546.165,1966.29,5555.576
9716.367,1975.98,5465.801,9286.785,1966.141,5639.977,9392.291,1955.12,5276.769,9209.623,1951.155,5355.434,9284.14,1976.812,5080.401,9759.858,1992.067,5092.717,9142.33,2014.702,5534.583,9442.102,1978.241,5388.756,9582.494,2030.728,4988.865,9324.796,1981.396,5547.564,9447.25,2020.255,5476.682,9455.282,2016.508,5663.035,9710.731,1968.176,5277.388,9066.342,2008.945,5215.638,9545.463,1966.29,5556.333
9715.637,1975.98,5466.353,9286.766,1966.141,5640.893,9393.197,1955.12,5276.9,9209.629,1951.155,5355.473,9284.246,1976.812,5081.311,9760.772,1992.067,5092.765,9143.238,2014.702,5534.699,9442.226,1978.241,5389.664,9582.158,2030.728,4989.717,9324.473,1981.396,5548.421,9446.762,2020.255,5477.457,9454.595,2016.508,5663.64,9710.233,1968.176,5278.157,9066.929,2008.945,5216.34,9544.818,1966.29,5556.984
9714.912,1975.98,5466.864,9286.776,1966.141,5641.779,9394.07,1955.12,5277.055,9209.636,1951.155,5355.511,9284.255,1976.812,5082.197,9761.656,1992.067,5092.84,9144.114,2014.702,5534.839,9442.316,1978.241,5390.546,9581.86,2030.728,4990.553,9324.187,1981.396,5549.261,9446.313,2020.255,5478.223,9453.91,2016.508,5664.204,9709.727,1968.176,5278.885,9067.475,2008.945,5217.039,9544.174,1966.29,5557.594
9714.347,1975.98,5467.236,9286.807,1966.141,5642.456,9394.732,1955.12,5277.196,9209.642,1951.155,5355.54,9284.268,1976.812,5082.874,9762.328,1992.067,5092.919,9144.778,2014.702,5534.968,9442.364,1978.241,5391.221,9581.653,2030.728,4991.197,9323.989,1981.396,5549.908,9445.991,2020.255,5478.818,9453.374,2016.508,5664.617,9709.322,1968.176,5279.427,9067.886,2008.945,5217.577,9543.667,1966.29,5558.042
9713.177,1975.98,5467.951,9286.912,1966.141,5643.823,9396.063,1955.12,5277.524,9209.655,1951.155,5355.598,9284.339,1976.812,5084.244,9763.684,1992.067,5093.125,9146.115,2014.702,5535.274,9442.415,1978.241,5392.591,9581.448,2030.728,4992.553,9323.633,1981.396,5551.232,9445.378,2020.255,5480.044,9452.261,2016.508,5665.418,9708.468,1968.176,5280.5,9068.577,2008.945,5218.761,9542.611,1966.29,5558.917
9712.554,1975.98,5468.338,9286.992,1966.141,5644.552,9396.77,1955.12,5277.723,9209.664,1951.155,5355.629,9284.4,1976.812,5084.975,9764.405,1992.067,5093.259,9146.825,2014.702,5535.46,9442.418,1978.241,5393.325,9581.314,2030.728,4993.274,9323.466,1981.396,5551.947,9444.981,2020.255,5480.661,9451.651,2016.508,5665.827,9707.992,1968.176,5281.058,9068.968,2008.945,5219.382,9542.031,1966.29,5559.367
9711.127,1975.98,5469.163,9287.227,1966.141,5646.184,9398.34,1955.12,5278.221,9209.686,1951.155,5355.697,9284.594,1976.812,5086.611,9766.015,1992.067,5093.612,9148.404,2014.702,5535.932,9442.372,1978.241,5394.972,9580.962,2030.728,4994.884,9323.143,1981.396,5553.563,9444.137,2020.255,5482.076,9450.254,2016.508,5666.7,9706.883,1968.176,5282.276,9069.863,2008.945,5220.766,9540.696,1966.29,5560.333
9709.755,1975.98,5469.896,9287.498,1966.141,5647.715,9399.807,1955.12,5278.739,9209.708,1951.155,5355.761,9284.826,1976.812,5088.149,9767.522,1992.067,5093.995,9149.879,2014.702,5536.425,9442.277,1978.241,5396.525,9580.579,2030.728,4996.392,9322.888,1981.396,5555.097,9443.383,2020.255,5483.437,9448.908,2016.508,5667.48,9705.799,1968.176,5283.391,9070.751,2008.945,5222.043,9539.407,1966.29,5561.204
9708.691,1975.98,5470.51,9287.683,1966.141,5648.93,9400.978,1955.12,5279.112,9209.728,1951.155,5355.811,9285.05,1976.812,5089.357,9768.703,1992.067,5094.336,9151.047,2014.702,5536.804,9442.234,1978.241,5397.752,9580.279,2030.728,4997.583,9322.663,1981.396,5556.304,9442.774,2020.255,5484.503,9447.865,2016.508,5668.129,9704.914,1968.176,5284.244,9071.47,2008.945,5223.04,9538.404,1966.29,5561.913
9707.972,1975.98,5470.958,9287.79,1966.141,5649.771,9401.793,1955.12,5279.343,9209.742,1951.155,5355.844,9285.231,1976.812,5090.186,9769.51,1992.067,5094.598,9151.855,2014.702,5537.057,9442.227,1978.241,5398.6,9580.046,2030.728,4998.398,9322.491,1981.396,5557.134,9442.345,2020.255,5485.233,9447.16,2016.508,5668.6,9704.284,1968.176,5284.812,9071.987,2008.945,5223.71,9537.723,1966.29,5562.417
9707.71,1975.98,5471.133,9287.822,1966.141,5650.083,9402.099,1955.12,5279.419,9209.748,1951.155,5355.856,9285.313,1976.812,5090.49,9769.806,1992.067,5094.705,9152.157,2014.702,5537.147,9442.216,1978.241,5398.915,9579.949,2030.728,4998.698,9322.421,1981.396,5557.44,9442.182,2020.255,5485.502,9446.904,2016.508,5668.782,9704.044,1968.176,5285.015,9072.181,2008.945,5223.959,9537.476,1966.29,5562.611
9705.953,1975.98,5472.392,9287.997,1966.141,5652.238,9404.212,1955.12,5279.874,9209.79,1951.155,5355.94,9286.007,1976.812,5092.538,9771.813,1992.067,5095.505,9154.235,2014.702,5537.739,9442.092,1978.241,5401.072,9578.983,2030.728,5000.632,9321.893,1981.396,5559.536,9441.034,2020.255,5487.334,9445.185,2016.508,5670.092,9702.348,1968.176,5286.355,9073.305,2008.945,5225.805,9535.816,1966.29,5563.996
9704.97,1975.98,5473.146,9288.069,1966.141,5653.474,9405.431,1955.12,5280.096,9209.812,1951.155,5355.989,9286.365,1976.812,5093.724,9772.948,1992.067,5096.002,9155.432,2014.702,5538.059,9441.989,1978.241,5402.307,9578.467,2030.728,5001.758,9321.563,1981.396,5560.73,9440.361,2020.255,5488.374,9444.223,2016.508,5670.873,9701.351,1968.176,5287.091,9073.983,2008.945,5226.842,9534.89,1966.29,5564.818
9704.262,1975.98,5473.728,9288.104,1966.141,5654.389,9406.337,1955.12,5280.231,9209.828,1951.155,5356.024,9286.694,1976.812,5094.578,9773.775,1992.067,5096.396,9156.32,2014.702,5538.28,9441.89,1978.241,5403.217,9578.112,2030.728,5002.603,9321.301,1981.396,5561.607,9439.853,2020.255,5489.135,9443.53,2016.508,5671.472,9700.597,1968.176,5287.61,9074.51,2008.945,5227.591,9534.223,1966.29,5565.445
9703.156,1975.98,5474.576,9288.109,1966.141,5655.782,9407.707,1955.12,5280.482,9209.855,1951.155,5356.078,9287.152,1976.812,5095.894,9775.013,1992.067,5097.037,9157.66,2014.702,5538.66,9441.73,1978.241,5404.6,9577.531,2030.728,5003.869,9320.944,1981.396,5562.954,9439.107,2020.255,5490.312,9442.447,2016.508,5672.348,9699.476,1968.176,5288.438,9075.348,2008.945,5228.705,9533.178,1966.29,5566.366
9701.258,1975.98,5475.936,9288.043,1966.141,5658.117,9409.99,1955.12,5280.977,9209.904,1951.155,5356.166,9287.977,1976.812,5098.079,9777.051,1992.067,5098.178,9159.943,2014.702,5539.15,9441.451,1978.241,5406.918,9576.582,2030.728,5006.003,9320.421,1981.396,5565.23,9437.904,2020.255,5492.313,9440.584,2016.508,5673.757,9697.643,1968.176,5289.886,9076.771,2008.945,5230.557,9531.376,1966.29,5567.852
9699.64,1975.98,5477.017,9287.924,1966.141,5660.06,9411.878,1955.12,5281.452,9209.942,1951.155,5356.24,9288.633,1976.812,5099.912,9778.717,1992.067,5099.184,9161.832,2014.702,5539.621,9441.208,1978.241,5408.848,9575.85,2030.728,5007.806,9320.047,1981.396,5567.141,9436.94,2020.255,5494.004,9438.994,2016.508,5674.88,9696.126,1968.176,5291.105,9077.815,2008.945,5232.199,9529.835,1966.29,5569.041
9698.877,1975.98,5477.491,9287.84,1966.141,5660.954,9412.741,1955.12,5281.699,9209.958,1951.155,5356.275,9288.907,1976.812,5100.767,9779.47,1992.067,5099.673,9162.696,2014.702,5539.863,9441.092,1978.241,5409.738,9575.539,2030.728,5008.649,9319.903,1981.396,5568.027,9436.513,2020.255,5494.793,9438.244,2016.508,5675.374,9695.422,1968.176,5291.663,9078.247,2008.945,5232.987,9529.106,1966.29,5569.565
9698.309,1975.98,5477.819,9287.864,1966.141,5661.61,9413.365,1955.12,5281.9,9209.97,1951.155,5356.301,9289.088,1976.812,5101.397,9780.008,1992.067,5100.048,9163.322,2014.702,5540.06,9441.004,1978.241,5410.388,9575.332,2030.728,5009.271,9319.819,1981.396,5568.678,9436.213,2020.255,5495.377,9437.685,2016.508,5675.716,9694.921,1968.176,5292.086,9078.568,2008.945,5233.559,9528.562,1966.29,5569.931
9696.943,1975.98,5478.549,9287.871,1966.141,5663.158,9414.822,1955.12,5282.423,9210,1951.155,5356.359,9289.465,1976.812,5102.899,9781.248,1992.067,5100.974,9164.785,2014.702,5540.565,9440.788,1978.241,5411.92,9574.893,2030.728,5010.756,9319.672,1981.396,5570.219,9435.534,2020.255,5496.768,9436.339,2016.508,5676.481,9693.772,1968.176,5293.125,9079.369,2008.945,5234.884,9527.249,1966.29,5570.752
9695.549,1975.98,5479.236,9287.827,1966.141,5664.712,9416.268,1955.12,5282.995,9210.028,1951.155,5356.419,9289.84,1976.812,5104.408,9782.463,1992.067,5101.944,9166.286,2014.702,5540.969,9440.563,1978.241,5413.458,9574.549,2030.728,5012.272,9319.472,1981.396,5571.76,9434.881,2020.255,5498.178,9434.963,2016.508,5677.204,9692.654,1968.176,5294.204,9080.217,2008.945,5236.187,9525.904,1966.29,5571.532
9693.916,1975.98,5480.099,9287.715,1966.141,5666.555,9417.961,1955.12,5283.731,9210.064,1951.155,5356.489,9290.227,1976.812,5106.213,9783.867,1992.067,5103.144,9168.078,2014.702,5541.415,9440.236,1978.241,5415.275,9574.082,2030.728,5014.058,9319.294,1981.396,5573.598,9434.16,2020.255,5499.878,9433.302,2016.508,5678.009,9691.368,1968.176,5295.529,9081.273,2008.945,5237.701,9524.278,1966.29,5572.406
9692.747,1975.98,5480.98,9287.805,1966.141,5668.016,9419.283,1955.12,5284.358,9210.095,1951.155,5356.543,9290.486,1976.812,5107.654,9784.948,1992.067,5104.13,9169.486,2014.702,5541.814,9439.93,1978.241,5416.706,9573.666,2030.728,5015.461,9319.167,1981.396,5575.056,9433.633,2020.255,5501.244,9431.965,2016.508,5678.604,9690.384,1968.176,5296.612,9082.144,2008.945,5238.878,9522.967,1966.29,5573.057
9691.799,1975.98,5481.647,9287.838,1966.141,5669.174,9420.313,1955.12,5284.888,9210.117,1951.155,5356.587,9290.729,1976.812,5108.787,9785.778,1992.067,5104.938,9170.605,2014.702,5542.115,9439.65,1978.241,5417.831,9573.211,2030.728,5016.527,9319.104,1981.396,5576.213,9433.251,2020.255,5502.338,9430.892,2016.508,5679.04,9689.476,1968.176,5297.332,9082.731,2008.945,5239.877,9521.984,1966.29,5573.672
9690.629,1975.98,5482.414,9287.832,1966.141,5670.572,9421.535,1955.12,5285.568,9210.146,1951.155,5356.639,9290.98,1976.812,5110.163,9786.748,1992.067,5105.947,9171.977,2014.702,5542.393,9439.269,1978.241,5419.176,9572.599,2030.728,5017.785,9319.024,1981.396,5577.61,9432.834,2020.255,5503.673,9429.579,2016.508,5679.523,9688.408,1968.176,5298.236,9083.479,2008.945,5241.059,9520.775,1966.29,5574.375
9689.461,1975.98,5483.126,9287.781,1966.141,5671.94,9422.708,1955.12,5286.273,9210.177,1951.155,5356.689,9291.012,1976.812,5111.531,9787.664,1992.067,5106.963,9173.309,2014.702,5542.708,9438.988,1978.241,5420.516,9572.04,2030.728,5019.034,9318.991,1981.396,5578.978,9432.371,2020.255,5504.96,9428.28,2016.508,5679.954,9687.394,1968.176,5299.154,9084.249,2008.945,5242.19,9519.57,1966.29,5575.024
9687.963,1975.98,5483.974,9287.774,1966.141,5673.661,9424.154,1955.12,5287.207,9210.217,1951.155,5356.75,9291.106,1976.812,5113.25,9788.773,1992.067,5108.28,9174.97,2014.702,5543.158,9438.581,1978.241,5422.188,9571.389,2030.728,5020.627,9319.006,1981.396,5580.699,9431.786,2020.255,5506.58,9426.63,2016.508,5680.442,9686.155,1968.176,5300.35,9085.107,2008.945,5243.682,9518.044,1966.29,5575.82
9687.213,1975.98,5484.42,9287.8,1966.141,5674.533,9424.871,1955.12,5287.704,9210.236,1951.155,5356.782,9291.183,1976.812,5114.119,9789.313,1992.067,5108.965,9175.804,2014.702,5543.414,9438.347,1978.241,5423.028,9571.085,2030.728,5021.445,9319.03,1981.396,5581.571,9431.517,2020.255,5507.41,9425.785,2016.508,5680.663,9685.548,1968.176,5300.976,9085.566,2008.945,5244.424,9517.258,1966.29,5576.198
9685.59,1975.98,5485.55,9287.921,1966.141,5676.507,9426.459,1955.12,5288.884,9210.273,1951.155,5356.857,9291.421,1976.812,5116.082,9790.486,1992.067,5110.557,9177.675,2014.702,5544.056,9437.869,1978.241,5424.948,9570.458,2030.728,5023.321,9318.898,1981.396,5583.545,9430.709,2020.255,5509.215,9423.855,2016.508,5681.099,9684.085,1968.176,5302.307,9086.662,2008.945,5246.07,9515.418,1966.29,5576.925
9685.346,1975.98,5485.715,9287.948,1966.141,5676.801,9426.689,1955.12,5289.067,9210.278,1951.155,5356.869,9291.466,1976.812,5116.374,9790.653,1992.067,5110.8,9177.961,2014.702,5544.129,9437.797,1978.241,5425.234,9570.374,2030.728,5023.604,9318.889,1981.396,5583.84,9430.597,2020.255,5509.488,9423.565,2016.508,5681.154,9683.871,1968.176,5302.51,9086.809,2008.945,5246.327,9515.141,1966.29,5577.025
9683.595,1975.98,5486.817,9288.075,1966.141,5678.866,9428.266,1955.12,5290.407,9210.316,1951.155,5356.948,9291.849,1976.812,5118.407,9791.769,1992.067,5112.543,9179.954,2014.702,5544.684,9437.222,1978.241,5427.221,9569.768,2030.728,5025.582,9318.886,1981.396,5585.909,9429.867,2020.255,5511.424,9421.521,2016.508,5681.477,9682.417,1968.176,5303.982,9087.893,2008.945,5248.089,9513.177,1966.29,5577.676
9683.118,1975.98,5487.096,9288.127,1966.141,5679.416,9428.675,1955.12,5290.778,9210.327,1951.155,5356.968,9291.969,1976.812,5118.946,9792.051,1992.067,5113.018,9180.481,2014.702,5544.849,9437.051,1978.241,5427.747,9569.588,2030.728,5026.104,9318.903,1981.396,5586.461,9429.688,2020.255,5511.946,9420.974,2016.508,5681.545,9682.042,1968.176,5304.388,9088.197,2008.945,5248.549,9512.648,1966.29,5577.835
9681.66,1975.98,5488.224,9288.36,1966.141,5681.244,9429.998,1955.12,5292.061,9210.365,1951.155,5357.036,9292.31,1976.812,5120.757,9792.94,1992.067,5114.631,9182.248,2014.702,5545.375,9436.567,1978.241,5429.525,9569.045,2030.728,5027.865,9319.021,1981.396,5588.3,9429.14,2020.255,5513.706,9419.139,2016.508,5681.713,9680.836,1968.176,5305.781,9089.264,2008.945,5250.052,9510.87,1966.29,5578.318
9681.146,1975.98,5488.622,9288.464,1966.141,5681.886,9430.449,1955.12,5292.528,9210.38,1951.155,5357.06,9292.45,1976.812,5121.391,9793.235,1992.067,5115.21,9182.864,2014.702,5545.58,9436.453,1978.241,5430.165,9568.874,2030.728,5028.492,9319.084,1981.396,5588.946,9428.965,2020.255,5514.331,9418.49,2016.508,5681.751,9680.345,1968.176,5306.206,9089.624,2008.945,5250.593,9510.239,1966.29,5578.471
9680.978,1975.98,5488.744,9288.504,1966.141,5682.09,9430.589,1955.12,5292.683,9210.384,1951.155,5357.068,9292.488,1976.812,5121.596,9793.324,1992.067,5115.399,9183.063,2014.702,5545.644,9436.412,1978.241,5430.369,9568.829,2030.728,5028.695,9319.111,1981.396,5589.153,9428.915,2020.255,5514.533,9418.282,2016.508,5681.757,9680.191,1968.176,5306.348,9089.745,2008.945,5250.762,9510.036,1966.29,5578.516
9679.782,1975.98,5489.551,9288.733,1966.141,5683.514,9431.521,1955.12,5293.783,9210.41,1951.155,5357.123,9292.802,1976.812,5123.003,9793.894,1992.067,5116.724,9184.421,2014.702,5546.126,9436.137,1978.241,5431.784,9568.476,2030.728,5030.093,9319.153,1981.396,5590.594,9428.608,2020.255,5515.942,9416.84,2016.508,5681.747,9679.165,1968.176,5307.361,9090.612,2008.945,5251.915,9508.62,1966.29,5578.785
9679.019,1975.98,5490.103,9288.853,1966.141,5684.449,9432.105,1955.12,5294.521,9210.428,1951.155,5357.159,9293.016,1976.812,5123.921,9794.237,1992.067,5117.601,9185.326,2014.702,5546.388,9436.059,1978.241,5432.723,9568.362,2030.728,5031.028,9319.211,1981.396,5591.535,9428.434,2020.255,5516.868,9415.898,2016.508,5681.71,9678.517,1968.176,5308.044,9091.126,2008.945,5252.704,9507.69,1966.29,5578.937
9678.091,1975.98,5490.729,9288.958,1966.141,5685.563,9432.771,1955.12,5295.42,9210.45,1951.155,5357.2,9293.233,1976.812,5125.018,9794.61,1992.067,5118.655,9186.39,2014.702,5546.734,9435.991,1978.241,5433.84,9568.191,2030.728,5032.134,9319.316,1981.396,5592.648,9428.259,2020.255,5517.972,9414.783,2016.508,5681.629,9677.716,1968.176,5308.826,9091.693,2008.945,5253.667,9506.582,1966.29,5579.087
9677.392,1975.98,5491.168,9289.063,1966.141,5686.382,9433.241,1955.12,5296.1,9210.468,1951.155,5357.23,9293.421,1976.812,5125.823,9794.86,1992.067,5119.442,9187.166,2014.702,5547.015,9435.968,1978.241,5434.666,9568.039,2030.728,5032.946,9319.322,1981.396,5593.474,9428.152,2020.255,5518.792,9413.962,2016.508,5681.542,9677.143,1968.176,5309.42,9092.113,2008.945,5254.378,9505.761,1966.29,5579.178
9677.181,1975.98,5491.291,9289.076,1966.141,5686.625,9433.373,1955.12,5296.305,9210.473,1951.155,5357.239,9293.513,1976.812,5126.048,9794.927,1992.067,5119.677,9187.393,2014.702,5547.105,9435.953,1978.241,5434.909,9567.986,2030.728,5033.184,9319.332,1981.396,5593.718,9428.128,2020.255,5519.034,9413.721,2016.508,5681.509,9676.979,1968.176,5309.602,9092.244,2008.945,5254.584,9505.518,1966.29,5579.199
9676.146,1975.98,5491.85,9289.087,1966.141,5687.8,9433.977,1955.12,5297.313,9210.494,1951.155,5357.284,9293.921,1976.812,5127.15,9795.209,1992.067,5120.818,9188.469,2014.702,5547.576,9435.872,1978.241,5436.082,9567.694,2030.728,5034.322,9319.396,1981.396,5594.891,9428.043,2020.255,5520.206,9412.563,2016.508,5681.31,9676.146,1968.176,5310.43,9092.906,2008.945,5255.554,9504.345,1966.29,5579.27
9675.165,1975.98,5492.422,9289.134,1966.141,5688.935,9434.527,1955.12,5298.307,9210.517,1951.155,5357.326,9294.28,1976.812,5128.228,9795.445,1992.067,5121.929,9189.516,2014.702,5548.017,9435.757,1978.241,5437.211,9567.376,2030.728,5035.413,9319.568,1981.396,5596.014,9427.991,2020.255,5521.341,9411.45,2016.508,5681.08,9675.36,1968.176,5311.25,9093.577,2008.945,5256.471,9503.21,1966.29,5579.31
9674.704,1975.98,5492.671,9289.173,1966.141,5689.458,9434.767,1955.12,5298.773,9210.526,1951.155,5357.346,9294.43,1976.812,5128.73,9795.537,1992.067,5122.444,9189.992,2014.702,5548.235,9435.661,1978.241,5437.727,9567.164,2030.728,5035.892,9319.646,1981.396,5596.532,9427.98,2020.255,5521.865,9410.94,2016.508,5680.958,9675.01,1968.176,5311.64,9093.9,2008.945,5256.883,9502.687,1966.29,5579.318
9674.081,1975.98,5493.034,9289.25,1966.141,5690.174,9435.074,1955.12,5299.425,9210.54,1951.155,5357.373,9294.613,1976.812,5129.427,9795.641,1992.067,5123.158,9190.6,2014.702,5548.624,9435.553,1978.241,5438.439,9566.894,2030.728,5036.56,9319.729,1981.396,5597.249,9427.983,2020.255,5522.586,9410.245,2016.508,5680.766,9674.473,1968.176,5312.122,9094.354,2008.945,5257.444,9501.966,1966.29,5579.313
9673.427,1975.98,5493.388,9289.354,1966.141,5690.911,9435.369,1955.12,5300.108,9210.556,1951.155,5357.4,9294.778,1976.812,5130.152,9795.724,1992.067,5123.897,9191.235,2014.702,5549.009,9435.465,1978.241,5439.178,9566.638,2030.728,5037.258,9319.827,1981.396,5597.985,9427.962,2020.255,5523.329,9409.535,2016.508,5680.545,9673.936,1968.176,5312.636,9094.801,2008.945,5258.038,9501.223,1966.29,5579.333
9672.678,1975.98,5493.824,9289.502,1966.141,5691.765,9435.687,1955.12,5300.914,9210.571,1951.155,5357.434,9294.943,1976.812,5131.003,9795.792,1992.067,5124.761,9191.952,2014.702,5549.497,9435.391,1978.241,5440.041,9566.366,2030.728,5038.082,9319.895,1981.396,5598.85,9427.908,2020.255,5524.194,9408.717,2016.508,5680.261,9673.33,1968.176,5313.255,9095.262,2008.945,5258.771,9500.357,1966.29,5579.384
9672.072,1975.98,5494.151,9289.601,1966.141,5692.446,9435.918,1955.12,5301.563,9210.584,1951.155,5357.459,9295.084,1976.812,5131.677,9795.823,1992.067,5125.449,9192.534,2014.702,5549.865,9435.297,1978.241,5440.723,9566.118,2030.728,5038.724,9319.971,1981.396,5599.534,9427.843,2020.255,5524.879,9408.074,2016.508,5680.014,9672.826,1968.176,5313.724,9095.647,2008.945,5259.341,9499.672,1966.29,5579.447
9671.565,1975.98,5494.351,9289.696,1966.141,5692.982,9436.084,1955.12,5302.082,9210.595,1951.155,5357.479,9295.152,1976.812,5132.218,9795.83,1992.067,5125.994,9192.987,2014.702,5550.167,9435.167,1978.241,5441.252,9565.938,2030.728,5039.238,9320.049,1981.396,5600.073,9427.773,2020.255,5525.42,9407.572,2016.508,5679.802,9672.439,1968.176,5314.107,9095.967,2008.945,5259.782,9499.131,1966.29,5579.515
9670.963,1975.98,5494.611,9289.833,1966.141,5693.624,9436.264,1955.12,5302.713,9210.607,1951.155,5357.504,9295.256,1976.812,5132.866,9795.817,1992.067,5126.65,9193.543,2014.702,5550.516,9435.031,1978.241,5441.895,9565.742,2030.728,5039.865,9320.164,1981.396,5600.719,9427.669,2020.255,5526.068,9406.977,2016.508,5679.527,9671.972,1968.176,5314.567,9096.35,2008.945,5260.315,9498.482,1966.29,5579.618
9670.385,1975.98,5494.883,9289.946,1966.141,5694.253,9436.419,1955.12,5303.333,9210.62,1951.155,5357.528,9295.373,1976.812,5133.495,9795.784,1992.067,5127.288,9194.095,2014.702,5550.838,9434.895,1978.241,5442.519,9565.501,2030.728,5040.457,9320.296,1981.396,5601.345,9427.555,2020.255,5526.697,9406.405,2016.508,5679.241,9671.519,1968.176,5315.018,9096.676,2008.945,5260.864,9497.854,1966.29,5579.734
9669.669,1975.98,5495.25,9290.064,1966.141,5695.048,9436.588,1955.12,5304.12,9210.637,1951.155,5357.558,9295.546,1976.812,5134.28,9795.716,1992.067,5128.089,9194.803,2014.702,5551.22,9434.716,1978.241,5443.303,9565.222,2030.728,5041.211,9320.485,1981.396,5602.126,9427.396,2020.255,5527.485,9405.695,2016.508,5678.863,9670.967,1968.176,5315.604,9097.109,2008.945,5261.542,9497.066,1966.29,5579.899
9668.872,1975.98,5495.69,9290.17,1966.141,5695.953,9436.75,1955.12,5305.016,9210.653,1951.155,5357.592,9295.713,1976.812,5135.176,9795.608,1992.067,5128.994,9195.553,2014.702,5551.737,9434.506,1978.241,5444.189,9564.919,2030.728,5042.07,9320.729,1981.396,5603.004,9427.201,2020.255,5528.375,9404.901,2016.508,5678.417,9670.364,1968.176,5316.288,9097.625,2008.945,5262.292,9496.181,1966.29,5580.109
9668.683,1975.98,5495.777,9290.188,1966.141,5696.161,9436.78,1955.12,5305.222,9210.657,1951.155,5357.6,9295.739,1976.812,5135.382,9795.577,1992.067,5129.2,9195.728,2014.702,5551.85,9434.456,1978.241,5444.392,9564.856,2030.728,5042.269,9320.79,1981.396,5603.203,9427.152,2020.255,5528.577,9404.723,2016.508,5678.31,9670.231,1968.176,5316.448,9097.734,2008.945,5262.469,9495.979,1966.29,5580.163
9668.21,1975.98,5496.012,9290.217,1966.141,5696.688,9436.84,1955.12,5305.747,9210.668,1951.155,5357.62,9295.822,1976.812,5135.904,9795.481,1992.067,5129.719,9196.181,2014.702,5552.121,9434.325,1978.241,5444.903,9564.647,2030.728,5042.753,9320.963,1981.396,5603.702,9427.021,2020.255,5529.088,9404.275,2016.508,5678.03,9669.833,1968.176,5316.794,9098.025,2008.945,5262.909,9495.473,1966.29,5580.311
9667.582,1975.98,5496.35,9290.234,1966.141,5697.401,9436.897,1955.12,5306.458,9210.684,1951.155,5357.645,9295.877,1976.812,5136.615,9795.328,1992.067,5130.416,9196.783,2014.702,5552.502,9434.141,1978.241,5445.592,9564.388,2030.728,5043.418,9321.217,1981.396,5604.369,9426.83,2020.255,5529.775,9403.679,2016.508,5677.64,9669.311,1968.176,5317.28,9098.438,2008.945,5263.491,9494.793,1966.29,5580.528
9667.27,1975.98,5496.514,9290.232,1966.141,5697.754,9436.914,1955.12,5306.811,9210.691,1951.155,5357.657,9295.915,1976.812,5136.966,9795.241,1992.067,5130.758,9197.088,2014.702,5552.682,9434.046,1978.241,5445.932,9564.27,2030.728,5043.751,9321.354,1981.396,5604.694,9426.729,2020.255,5530.114,9403.388,2016.508,5677.44,9669.06,1968.176,5317.528,9098.652,2008.945,5263.771,9494.46,1966.29,5580.644
9666.81,1975.98,5496.738,9290.247,1966.141,5698.265,9436.922,1955.12,5307.322,9210.704,1951.155,5357.675,9295.985,1976.812,5137.473,9795.1,1992.067,5131.25,9197.506,2014.702,5552.977,9433.839,1978.241,5446.399,9564.114,2030.728,5044.238,9321.558,1981.396,5605.163,9426.568,2020.255,5530.599,9402.973,2016.508,5677.142,9668.705,1968.176,5317.897,9098.901,2008.945,5264.218,9493.983,1966.29,5580.828
9666.373,1975.98,5496.968,9290.277,1966.141,5698.757,9436.913,1955.12,5307.815,9210.718,1951.155,5357.691,9296.041,1976.812,5137.963,9794.947,1992.067,5131.719,9197.918,2014.702,5553.248,9433.654,1978.241,5446.856,9563.95,2030.728,5044.704,9321.762,1981.396,5605.612,9426.397,2020.255,5531.062,9402.578,2016.508,5676.845,9668.374,1968.176,5318.263,9099.15,2008.945,5264.644,9493.529,1966.29,5581.02
9665.941,1975.98,5497.177,9290.322,1966.141,5699.235,9436.889,1955.12,5308.294,9210.73,1951.155,5357.707,9296.11,1976.812,5138.438,9794.784,1992.067,5132.17,9198.327,2014.702,5553.499,9433.489,1978.241,5447.307,9563.806,2030.728,5045.161,9321.96,1981.396,5606.049,9426.217,2020.255,5531.506,9402.201,2016.508,5676.548,9668.046,1968.176,5318.613,9099.405,2008.945,5265.05,9493.094,1966.29,5581.221
9665.523,1975.98,5497.382,9290.381,1966.141,5699.697,9436.883,1955.12,5308.76,9210.742,1951.155,5357.723,9296.146,1976.812,5138.902,9794.611,1992.067,5132.603,9198.732,2014.702,5553.729,9433.344,1978.241,5447.749,9563.638,2030.728,5045.595,9322.159,1981.396,5606.469,9426.027,2020.255,5531.931,9401.842,2016.508,5676.253,9667.736,1968.176,5318.961,9099.666,2008.945,5265.436,9492.678,1966.29,5581.43
9665.086,1975.98,5497.616,9290.459,1966.141,5700.187,9436.86,1955.12,5309.256,9210.754,1951.155,5357.74,9296.199,1976.812,5139.395,9794.412,1992.067,5133.058,9199.155,2014.702,5553.988,9433.248,1978.241,5448.236,9563.475,2030.728,5046.063,9322.379,1981.396,5606.914,9425.811,2020.255,5532.377,9401.465,2016.508,5675.931,9667.419,1968.176,5319.342,9099.957,2008.945,5265.838,9492.242,1966.29,5581.667
9664.651,1975.98,5497.866,9290.555,1966.141,5700.678,9436.858,1955.12,5309.757,9210.766,1951.155,5357.757,9296.27,1976.812,5139.891,9794.196,1992.067,5133.51,9199.582,2014.702,5554.251,9433.136,1978.241,5448.724,9563.325,2030.728,5046.542,9322.608,1981.396,5607.358,9425.577,2020.255,5532.821,9401.09,2016.508,5675.599,9667.062,1968.176,5319.694,9100.264,2008.945,5266.234,9491.811,1966.29,5581.921
9664.33,1975.98,5498.019,9290.611,1966.141,5701.029,9436.875,1955.12,5310.112,9210.772,1951.155,5357.771,9296.331,1976.812,5140.241,9794.033,1992.067,5133.826,9199.873,2014.702,5554.455,9433.053,1978.241,5449.07,9563.23,2030.728,5046.884,9322.781,1981.396,5607.669,9425.407,2020.255,5533.133,9400.824,2016.508,5675.363,9666.816,1968.176,5319.951,9100.458,2008.945,5266.531,9491.509,1966.29,5582.11
9663.901,1975.98,5498.21,9290.672,1966.141,5701.496,9436.882,1955.12,5310.582,9210.78,1951.155,5357.789,9296.424,1976.812,5140.702,9793.804,1992.067,5134.236,9200.267,2014.702,5554.712,9432.938,1978.241,5449.526,9563.049,2030.728,5047.318,9323.021,1981.396,5608.073,9425.177,2020.255,5533.542,9400.473,2016.508,5675.051,9666.493,1968.176,5320.292,9100.728,2008.945,5266.916,9491.117,1966.29,5582.369
9663.602,1975.98,5498.356,9290.705,1966.141,5701.828,9436.876,1955.12,5310.916,9210.786,1951.155,5357.801,9296.491,1976.812,5141.029,9793.631,1992.067,5134.521,9200.552,2014.702,5554.885,9432.854,1978.241,5449.849,9562.93,2030.728,5047.63,9323.201,1981.396,5608.355,9425.009,2020.255,5533.831,9400.224,2016.508,5674.829,9666.271,1968.176,5320.542,9100.928,2008.945,5267.183,9490.844,1966.29,5582.561
9663.035,1975.98,5498.656,9290.748,1966.141,5702.467,9436.843,1955.12,5311.556,9210.799,1951.155,5357.825,9296.564,1976.812,5141.666,9793.282,1992.067,5135.059,9201.078,2014.702,5555.25,9432.688,1978.241,5450.467,9562.722,2030.728,5048.236,9323.562,1981.396,5608.884,9424.68,2020.255,5534.38,9399.746,2016.508,5674.402,9665.862,1968.176,5321.035,9101.329,2008.945,5267.682,9490.329,1966.29,5582.943
9662.521,1975.98,5498.949,9290.771,1966.141,5703.059,9436.793,1955.12,5312.146,9210.811,1951.155,5357.847,9296.651,1976.812,5142.251,9792.943,1992.067,5135.545,9201.575,2014.702,5555.572,9432.527,1978.241,5451.037,9562.548,2030.728,5048.802,9323.91,1981.396,5609.363,9424.368,2020.255,5534.883,9399.306,2016.508,5674.007,9665.474,1968.176,5321.481,9101.685,2008.945,5268.155,9489.863,1966.29,5583.309
9662.336,1975.98,5499.047,9290.772,1966.141,5703.267,9436.782,1955.12,5312.354,9210.815,1951.155,5357.854,9296.68,1976.812,5142.458,9792.829,1992.067,5135.719,9201.754,2014.702,5555.679,9432.469,1978.241,5451.236,9562.493,2030.728,5049.003,9324.038,1981.396,5609.527,9424.257,2020.255,5535.059,9399.151,2016.508,5673.868,9665.34,1968.176,5321.641,9101.797,2008.945,5268.33,9489.703,1966.29,5583.441
9661.954,1975.98,5499.265,9290.763,1966.141,5703.707,9436.745,1955.12,5312.792,9210.825,1951.155,5357.87,9296.754,1976.812,5142.891,9792.577,1992.067,5136.079,9202.138,2014.702,5555.893,9432.34,1978.241,5451.656,9562.392,2030.728,5049.431,9324.318,1981.396,5609.866,9424.017,2020.255,5535.427,9398.825,2016.508,5673.573,9665.05,1968.176,5321.971,9102.046,2008.945,5268.692,9489.372,1966.29,5583.731
9661.218,1975.98,5499.6,9290.721,1966.141,5704.514,9436.655,1955.12,5313.596,9210.845,1951.155,5357.897,9296.917,1976.812,5143.683,9792.104,1992.067,5136.735,9202.807,2014.702,5556.347,9432.094,1978.241,5452.426,9562.18,2030.728,5050.211,9324.854,1981.396,5610.472,9423.565,2020.255,5536.097,9398.228,2016.508,5673.029,9664.536,1968.176,5322.595,9102.526,2008.945,5269.342,9488.778,1966.29,5584.28
9660.758,1975.98,5499.828,9290.679,1966.141,5705.025,9436.615,1955.12,5314.108,9210.856,1951.155,5357.916,9296.987,1976.812,5144.192,9791.819,1992.067,5137.162,9203.241,2014.702,5556.621,9431.932,1978.241,5452.914,9562.062,2030.728,5050.711,9325.206,1981.396,5610.846,9423.273,2020.255,5536.52,9397.849,2016.508,5672.682,9664.214,1968.176,5322.995,9102.845,2008.945,5269.745,9488.411,1966.29,5584.639
9660.128,1975.98,5500.166,9290.601,1966.141,5705.736,9436.512,1955.12,5314.815,9210.87,1951.155,5357.942,9297.108,1976.812,5144.896,9791.402,1992.067,5137.742,9203.857,2014.702,5556.982,9431.697,1978.241,5453.588,9561.874,2030.728,5051.401,9325.712,1981.396,5611.35,9422.86,2020.255,5537.102,9397.323,2016.508,5672.198,9663.784,1968.176,5323.565,9103.306,2008.945,5270.29,9487.914,1966.29,5585.152
9659.492,1975.98,5500.535,9290.5,1966.141,5706.463,9436.394,1955.12,5315.54,9210.884,1951.155,5357.97,9297.256,1976.812,5145.616,9790.955,1992.067,5138.325,9204.503,2014.702,5557.333,9431.446,1978.241,5454.279,9561.627,2030.728,5052.093,9326.249,1981.396,5611.852,9422.429,2020.255,5537.696,9396.785,2016.508,5671.699,9663.361,1968.176,5324.167,9103.761,2008.945,5270.866,9487.417,1966.29,5585.693
9658.8,1975.98,5500.967,9290.366,1966.141,5707.268,9436.269,1955.12,5316.346,9210.9,1951.155,5358,9297.404,1976.812,5146.418,9790.479,1992.067,5138.988,9205.232,2014.702,5557.698,9431.157,1978.241,5455.042,9561.378,2030.728,5052.87,9326.862,1981.396,5612.39,9421.941,2020.255,5538.35,9396.189,2016.508,5671.143,9662.906,1968.176,5324.844,9104.254,2008.945,5271.516,9486.882,1966.29,5586.309
9658.124,1975.98,5501.42,9290.212,1966.141,5708.067,9436.17,1955.12,5317.154,9210.918,1951.155,5358.029,9297.446,1976.812,5147.231,9790.034,1992.067,5139.669,9205.901,2014.702,5558.162,9430.857,1978.241,5455.798,9561.155,2030.728,5053.653,9327.491,1981.396,5612.907,9421.447,2020.255,5538.997,9395.597,2016.508,5670.584,9662.477,1968.176,5325.536,9104.724,2008.945,5272.18,9486.364,1966.29,5586.937
9657.629,1975.98,5501.859,9290.07,1966.141,5708.713,9436.077,1955.12,5317.809,9210.933,1951.155,5358.052,9297.486,1976.812,5147.892,9789.654,1992.067,5140.211,9206.457,2014.702,5558.521,9430.604,1978.241,5456.409,9560.995,2030.728,5054.295,9328.016,1981.396,5613.311,9421.04,2020.255,5539.518,9395.117,2016.508,5670.129,9662.109,1968.176,5326.086,9105.082,2008.945,5272.735,9485.958,1966.29,5587.459
9657.016,1975.98,5502.369,9289.925,1966.141,5709.497,9435.991,1955.12,5318.602,9210.947,1951.155,5358.083,9297.561,1976.812,5148.685,9789.285,1992.067,5140.917,9207.141,2014.702,5558.931,9430.276,1978.241,5457.135,9560.717,2030.728,5055.042,9328.631,1981.396,5613.817,9420.57,2020.255,5540.161,9394.558,2016.508,5669.562,9661.646,1968.176,5326.735,9105.536,2008.945,5273.39,9485.58,1966.29,5588.161
9656.173,1975.98,5503.023,9289.765,1966.141,5710.552,9435.782,1955.12,5319.648,9210.968,1951.155,5358.123,9297.694,1976.812,5149.744,9788.761,1992.067,5141.847,9208.057,2014.702,5559.477,9429.805,1978.241,5458.093,9560.272,2030.728,5056.012,9329.432,1981.396,5614.522,9419.97,2020.255,5541.043,9393.834,2016.508,5668.778,9660.996,1968.176,5327.582,9106.162,2008.945,5274.252,9485.044,1966.29,5589.084
9655.972,1975.98,5503.169,9289.735,1966.141,5710.799,9435.734,1955.12,5319.892,9210.973,1951.155,5358.132,9297.733,1976.812,5149.989,9788.632,1992.067,5142.06,9208.255,2014.702,5559.627,9429.696,1978.241,5458.316,9560.177,2030.728,5056.242,9329.613,1981.396,5614.693,9419.837,2020.255,5541.253,9393.671,2016.508,5668.59,9660.852,1968.176,5327.784,9106.314,2008.945,5274.449,9484.912,1966.29,5589.295
9655.076,1975.98,5503.984,9289.633,1966.141,5712.005,9435.539,1955.12,5321.087,9210.999,1951.155,5358.175,9297.962,1976.812,5151.178,9787.972,1992.067,5143.075,9209.243,2014.702,5560.327,9429.199,1978.241,5459.42,9559.746,2030.728,5057.373,9330.468,1981.396,5615.55,9419.137,2020.255,5542.24,9392.909,2016.508,5667.649,9660.115,1968.176,5328.745,9107.087,2008.945,5275.379,9484.243,1966.29,5590.304
9654.62,1975.98,5504.372,9289.602,1966.141,5712.603,9435.462,1955.12,5321.681,9211.012,1951.155,5358.197,9298.094,1976.812,5151.762,9787.629,1992.067,5143.566,9209.743,2014.702,5560.656,9428.955,1978.241,5459.967,9559.552,2030.728,5057.939,9330.888,1981.396,5615.977,9418.793,2020.255,5542.73,9392.539,2016.508,5667.179,9659.747,1968.176,5329.216,9107.454,2008.945,5275.851,9483.897,1966.29,5590.792
9654.427,1975.98,5504.526,9289.597,1966.141,5712.85,9435.406,1955.12,5321.921,9211.017,1951.155,5358.206,9298.18,1976.812,5151.994,9787.493,1992.067,5143.772,9209.954,2014.702,5560.785,9428.848,1978.241,5460.189,9559.457,2030.728,5058.167,9331.06,1981.396,5616.154,9418.645,2020.255,5542.927,9392.39,2016.508,5666.983,9659.602,1968.176,5329.416,9107.599,2008.945,5276.051,9483.754,1966.29,5590.993
9653.313,1975.98,5505.354,9289.615,1966.141,5714.237,9435.136,1955.12,5323.282,9211.042,1951.155,5358.258,9298.618,1976.812,5153.31,9786.806,1992.067,5144.977,9211.16,2014.702,5561.471,9428.201,1978.241,5461.417,9558.967,2030.728,5059.466,9332.017,1981.396,5617.158,9417.804,2020.255,5544.03,9391.563,2016.508,5665.869,9658.896,1968.176,5330.61,9108.448,2008.945,5277.146,9482.911,1966.29,5592.095
9652.571,1975.98,5505.871,9289.599,1966.141,5715.141,9434.988,1955.12,5324.174,9211.06,1951.155,5358.292,9298.955,1976.812,5154.149,9786.332,1992.067,5145.748,9211.96,2014.702,5561.893,9427.765,1978.241,5462.208,9558.676,2030.728,5060.322,9332.661,1981.396,5617.792,9417.247,2020.255,5544.742,9391.036,2016.508,5665.134,9658.473,1968.176,5331.41,9109.024,2008.945,5277.841,9482.382,1966.29,5592.828
9652.038,1975.98,5506.266,9289.566,1966.141,5715.804,9434.901,1955.12,5324.833,9211.073,1951.155,5358.315,9299.182,1976.812,5154.773,9785.966,1992.067,5146.302,9212.52,2014.702,5562.251,9427.434,1978.241,5462.784,9558.482,2030.728,5060.957,9333.148,1981.396,5618.244,9416.833,2020.255,5545.261,9390.658,2016.508,5664.589,9658.143,1968.176,5331.986,9109.431,2008.945,5278.365,9482.008,1966.29,5593.377
9651.885,1975.98,5506.409,9289.55,1966.141,5716.013,9434.86,1955.12,5325.038,9211.077,1951.155,5358.323,9299.247,1976.812,5154.972,9785.848,1992.067,5146.475,9212.699,2014.702,5562.358,9427.325,1978.241,5462.963,9558.416,2030.728,5061.155,9333.307,1981.396,5618.381,9416.7,2020.255,5545.423,9390.542,2016.508,5664.415,9658.033,1968.176,5332.165,9109.564,2008.945,5278.526,9481.895,1966.29,5593.553
9651.167,1975.98,5507.062,9289.503,1966.141,5716.982,9434.702,1955.12,5325.995,9211.098,1951.155,5358.358,9299.519,1976.812,5155.904,9785.293,1992.067,5147.271,9213.549,2014.702,5562.827,9426.808,1978.241,5463.783,9558.045,2030.728,5062.052,9334.037,1981.396,5619.02,9416.078,2020.255,5546.167,9390.017,2016.508,5663.6,9657.497,1968.176,5332.974,9110.158,2008.945,5279.292,9481.393,1966.29,5594.384
9650.468,1975.98,5507.657,9289.487,1966.141,5717.9,9434.582,1955.12,5326.906,9211.118,1951.155,5358.391,9299.746,1976.812,5156.794,9784.875,1992.067,5148.089,9214.367,2014.702,5563.244,9426.301,1978.241,5464.549,9557.696,2030.728,5062.902,9334.727,1981.396,5619.626,9415.481,2020.255,5546.865,9389.533,2016.508,5662.819,9657.071,1968.176,5333.788,9110.717,2008.945,5280.02,9480.938,1966.29,5595.183
9649.715,1975.98,5508.257,9289.501,1966.141,5718.863,9434.487,1955.12,5327.864,9211.141,1951.155,5358.425,9299.976,1976.812,5157.729,9784.409,1992.067,5148.932,9215.244,2014.702,5563.641,9425.753,1978.241,5465.34,9557.36,2030.728,5063.804,9335.446,1981.396,5620.264,9414.849,2020.255,5547.589,9389.042,2016.508,5661.992,9656.598,1968.176,5334.625,9111.326,2008.945,5280.763,9480.486,1966.29,5596.032
9648.67,1975.98,5509.218,9289.565,1966.141,5720.281,9434.305,1955.12,5329.272,9211.173,1951.155,5358.475,9300.269,1976.812,5159.118,9783.73,1992.067,5150.179,9216.539,2014.702,5564.223,9424.907,1978.241,5466.481,9556.9,2030.728,5065.147,9336.505,1981.396,5621.209,9413.946,2020.255,5548.686,9388.341,2016.508,5660.758,9655.859,1968.176,5335.838,9112.313,2008.945,5281.781,9479.778,1966.29,5597.263
9647.86,1975.98,5509.916,9289.647,1966.141,5721.346,9434.142,1955.12,5330.328,9211.198,1951.155,5358.512,9300.485,1976.812,5160.164,9783.189,1992.067,5151.1,9217.499,2014.702,5564.692,9424.277,1978.241,5467.344,9556.588,2030.728,5066.168,9337.298,1981.396,5621.924,9413.291,2020.255,5549.528,9387.831,2016.508,5659.82,9655.274,1968.176,5336.732,9113.029,2008.945,5282.57,9479.216,1966.29,5598.17
9647.252,1975.98,5510.435,9289.734,1966.141,5722.142,9433.96,1955.12,5331.107,9211.216,1951.155,5358.541,9300.62,1976.812,5160.953,9782.815,1992.067,5151.807,9218.25,2014.702,5564.969,9423.827,1978.241,5468.005,9556.307,2030.728,5066.917,9337.889,1981.396,5622.463,9412.816,2020.255,5550.172,9387.463,2016.508,5659.11,9654.814,1968.176,5337.387,9113.547,2008.945,5283.178,9478.777,1966.29,5598.839
9646.481,1975.98,5511.051,9289.873,1966.141,5723.118,9433.753,1955.12,5332.071,9211.239,1951.155,5358.575,9300.817,1976.812,5161.919,9782.326,1992.067,5152.664,9219.164,2014.702,5565.34,9423.299,1978.241,5468.838,9555.99,2030.728,5067.852,9338.613,1981.396,5623.131,9412.25,2020.255,5550.979,9387.026,2016.508,5658.226,9654.222,1968.176,5338.175,9114.235,2008.945,5283.882,9478.218,1966.29,5599.651
9645.538,1975.98,5511.755,9290.075,1966.141,5724.278,9433.544,1955.12,5333.229,9211.268,1951.155,5358.615,9301.073,1976.812,5163.068,9781.71,1992.067,5153.666,9220.239,2014.702,5565.818,9422.794,1978.241,5469.901,9555.648,2030.728,5068.978,9339.473,1981.396,5623.935,9411.594,2020.255,5551.956,9386.527,2016.508,5657.16,9653.545,1968.176,5339.138,9115.06,2008.945,5284.719,9477.529,1966.29,5600.606
9644.153,1975.98,5512.72,9290.418,1966.141,5725.931,9433.26,1955.12,5334.894,9211.315,1951.155,5358.667,9301.494,1976.812,5164.703,9780.865,1992.067,5155.127,9221.759,2014.702,5566.554,9422.167,1978.241,5471.469,9555.212,2030.728,5070.608,9340.697,1981.396,5625.095,9410.682,2020.255,5553.375,9385.844,2016.508,5655.617,9652.489,1968.176,5340.455,9116.201,2008.945,5285.957,9476.516,1966.29,5601.955
9643.051,1975.98,5513.292,9290.709,1966.141,5727.138,9433.091,1955.12,5336.124,9211.35,1951.155,5358.707,9301.961,1976.812,5165.854,9780.209,1992.067,5156.182,9222.858,2014.702,5567.132,9421.668,1978.241,5472.606,9554.93,2030.728,5071.818,9341.592,1981.396,5625.957,9410.045,2020.255,5554.442,9385.364,2016.508,5654.471,9651.744,1968.176,5341.449,9117.04,2008.945,5286.867,9475.753,1966.29,5602.935
9642.303,1975.98,5513.71,9290.937,1966.141,5727.964,9433.002,1955.12,5336.977,9211.372,1951.155,5358.734,9302.257,1976.812,5166.658,9779.732,1992.067,5156.895,9223.604,2014.702,5567.556,9421.367,1978.241,5473.409,9554.763,2030.728,5072.659,9342.203,1981.396,5626.556,9409.63,2020.255,5555.191,9385.05,2016.508,5653.674,9651.253,1968.176,5342.151,9117.598,2008.945,5287.514,9475.217,1966.29,5603.603
9641.24,1975.98,5514.352,9291.305,1966.141,5729.149,9432.845,1955.12,5338.208,9211.403,1951.155,5358.776,9302.647,1976.812,5167.835,9779.207,1992.067,5158.019,9224.764,2014.702,5567.997,9420.894,1978.241,5474.557,9554.481,2030.728,5073.867,9343.081,1981.396,5627.433,9409.064,2020.255,5556.296,9384.619,2016.508,5652.511,9650.374,1968.176,5343.027,9118.435,2008.945,5288.424,9474.429,1966.29,5604.561
9639.694,1975.98,5515.225,9291.886,1966.141,5730.827,9432.678,1955.12,5339.975,9211.445,1951.155,5358.836,9303.15,1976.812,5169.538,9778.402,1992.067,5159.601,9226.401,2014.702,5568.681,9420.163,1978.241,5476.175,9553.958,2030.728,5075.563,9344.323,1981.396,5628.699,9408.157,2020.255,5557.822,9384.039,2016.508,5650.833,9649.158,1968.176,5344.321,9119.666,2008.945,5289.693,9473.29,1966.29,5605.921
9638.904,1975.98,5515.705,9292.217,1966.141,5731.69,9432.611,1955.12,5340.896,9211.467,1951.155,5358.869,9303.484,1976.812,5170.399,9777.997,1992.067,5160.432,9227.242,2014.702,5569.065,9419.756,1978.241,5477.004,9553.715,2030.728,5076.455,9344.963,1981.396,5629.366,9407.711,2020.255,5558.631,9383.756,2016.508,5649.954,9648.547,1968.176,5345.015,9120.328,2008.945,5290.333,9472.688,1966.29,5606.622
9637.597,1975.98,5516.56,9292.822,1966.141,5733.13,9432.551,1955.12,5342.457,9211.501,1951.155,5358.924,9304.001,1976.812,5171.874,9777.268,1992.067,5161.813,9228.641,2014.702,5569.76,9419.281,1978.241,5478.493,9553.301,2030.728,5077.961,9346.03,1981.396,5630.506,9406.879,2020.255,5559.953,9383.31,2016.508,5648.457,9647.554,1968.176,5346.22,9121.417,2008.945,5291.442,9471.658,1966.29,5607.796
9636.074,1975.98,5517.629,9293.599,1966.141,5734.82,9432.483,1955.12,5344.316,9211.543,1951.155,5358.989,9304.559,1976.812,5173.648,9776.367,1992.067,5163.441,9230.278,2014.702,5570.642,9418.659,1978.241,5480.246,9552.74,2030.728,5079.735,9347.283,1981.396,5631.879,9405.94,2020.255,5561.559,9382.816,2016.508,5646.664,9646.418,1968.176,5347.694,9122.669,2008.945,5292.804,9470.415,1966.29,5609.178
9635.073,1975.98,5518.381,9294.157,1966.141,5735.94,9432.316,1955.12,5345.557,9211.574,1951.155,5359.031,9304.895,1976.812,5174.854,9775.839,1992.067,5164.576,9231.386,2014.702,5571.226,9418.202,1978.241,5481.411,9552.338,2030.728,5080.921,9348.114,1981.396,5632.815,9405.274,2020.255,5562.619,9382.489,2016.508,5645.457,9645.687,1968.176,5348.71,9123.592,2008.945,5293.638,9469.548,1966.29,5610.081
9634.653,1975.98,5518.719,9294.413,1966.141,5736.415,9432.243,1955.12,5346.091,9211.587,1951.155,5359.05,9305.022,1976.812,5175.378,9775.596,1992.067,5165.057,9231.854,2014.702,5571.493,9418.011,1978.241,5481.915,9552.182,2030.728,5081.437,9348.466,1981.396,5633.223,9404.973,2020.255,5563.065,9382.351,2016.508,5644.936,9645.357,1968.176,5349.137,9123.978,2008.945,5294.01,9469.162,1966.29,5610.458
9632.449,1975.98,5520.815,9295.944,1966.141,5739.043,9431.929,1955.12,5349.117,9211.657,1951.155,5359.156,9306.103,1976.812,5178.222,9774.134,1992.067,5167.725,9234.446,2014.702,5573.086,9416.837,1978.241,5484.721,9551.289,2030.728,5084.345,9350.417,1981.396,5635.556,9403.19,2020.255,5565.531,9381.58,2016.508,5641.995,9643.579,1968.176,5351.605,9126.081,2008.945,5296.178,9466.916,1966.29,5612.509
9631.795,1975.98,5521.398,9296.41,1966.141,5739.786,9431.867,1955.12,5349.991,9211.677,1951.155,5359.187,9306.387,1976.812,5179.051,9773.688,1992.067,5168.479,9235.208,2014.702,5573.52,9416.473,1978.241,5485.518,9551.024,2030.728,5085.181,9350.969,1981.396,5636.237,9402.654,2020.255,5566.224,9381.362,2016.508,5641.146,9643.074,1968.176,5352.322,9126.691,2008.945,5296.795,9466.25,1966.29,5613.079
9630.902,1975.98,5522.393,9297.156,1966.141,5740.895,9431.7,1955.12,5351.316,9211.706,1951.155,5359.234,9306.877,1976.812,5180.294,9772.971,1992.067,5169.606,9236.37,2014.702,5574.179,9415.878,1978.241,5486.714,9550.663,2030.728,5086.467,9351.792,1981.396,5637.289,9401.803,2020.255,5567.253,9381.036,2016.508,5639.852,9642.192,1968.176,5353.326,9127.629,2008.945,5297.729,9465.207,1966.29,5613.914
9629.091,1975.98,5524.282,9298.688,1966.141,5743.018,9431.458,1955.12,5353.923,9211.762,1951.155,5359.328,9307.757,1976.812,5182.759,9771.494,1992.067,5171.768,9238.604,2014.702,5575.544,9414.636,1978.241,5489.018,9550.037,2030.728,5089.009,9353.369,1981.396,5639.376,9400.07,2020.255,5569.215,9380.408,2016.508,5637.312,9640.53,1968.176,5355.348,9129.479,2008.945,5299.54,9463.111,1966.29,5615.482
9627.844,1975.98,5525.631,9299.81,1966.141,5744.472,9431.348,1955.12,5355.757,9211.799,1951.155,5359.395,9308.317,1976.812,5184.509,9770.508,1992.067,5173.318,9240.139,2014.702,5576.553,9413.737,1978.241,5490.62,9549.656,2030.728,5090.806,9354.439,1981.396,5640.869,9398.831,2020.255,5570.571,9379.938,2016.508,5635.536,9639.411,1968.176,5356.805,9130.783,2008.945,5300.797,9461.667,1966.29,5616.617
9626.703,1975.98,5526.787,9300.843,1966.141,5745.725,9431.303,1955.12,5357.38,9211.831,1951.155,5359.455,9308.763,1976.812,5186.071,9769.818,1992.067,5174.788,9241.439,2014.702,5577.525,9412.919,1978.241,5492.021,9549.372,2030.728,5092.405,9355.354,1981.396,5642.211,9397.715,2020.255,5571.75,9379.494,2016.508,5633.975,9638.465,1968.176,5358.125,9131.942,2008.945,5301.898,9460.415,1966.29,5617.65
9626.43,1975.98,5527.101,9301.118,1966.141,5746.038,9431.234,1955.12,5357.791,9211.839,1951.155,5359.47,9308.884,1976.812,5186.469,9769.629,1992.067,5175.159,9241.781,2014.702,5577.763,9412.703,1978.241,5492.377,9549.324,2030.728,5092.819,9355.579,1981.396,5642.561,9397.424,2020.255,5572.047,9379.374,2016.508,5633.576,9638.213,1968.176,5358.456,9132.241,2008.945,5302.178,9460.101,1966.29,5617.922
9624.41,1975.98,5529.276,9303.151,1966.141,5748.2,9430.842,1955.12,5360.733,9211.894,1951.155,5359.581,9309.824,1976.812,5189.285,9768.195,1992.067,5177.758,9244.271,2014.702,5579.38,9411.115,1978.241,5494.883,9548.92,2030.728,5095.759,9357.128,1981.396,5645.092,9395.309,2020.255,5574.128,9378.465,2016.508,5630.752,9636.495,1968.176,5360.876,9134.382,2008.945,5304.157,9457.906,1966.29,5619.92
9623.507,1975.98,5530.196,9304.064,1966.141,5749.11,9430.682,1955.12,5362.012,9211.917,1951.155,5359.63,9310.316,1976.812,5190.476,9767.536,1992.067,5178.866,9245.328,2014.702,5580.118,9410.405,1978.241,5495.958,9548.702,2030.728,5097.03,9357.773,1981.396,5646.207,9394.373,2020.255,5575.014,9378.048,2016.508,5629.533,9635.784,1968.176,5361.951,9135.313,2008.945,5305.006,9456.976,1966.29,5620.811
9622.712,1975.98,5531.141,9304.967,1966.141,5749.953,9430.521,1955.12,5363.236,9211.938,1951.155,5359.677,9310.751,1976.812,5191.631,9766.87,1992.067,5179.905,9246.299,2014.702,5580.88,9409.706,1978.241,5496.975,9548.566,2030.728,5098.257,9358.366,1981.396,5647.29,9393.461,2020.255,5575.846,9377.628,2016.508,5628.373,9635.009,1968.176,5362.912,9136.207,2008.945,5305.812,9456.105,1966.29,5621.686
9621.89,1975.98,5532.13,9305.935,1966.141,5750.801,9430.326,1955.12,5364.508,9211.96,1951.155,5359.726,9311.164,1976.812,5192.85,9766.142,1992.067,5180.966,9247.336,2014.702,5581.642,9408.957,1978.241,5498.021,9548.383,2030.728,5099.53,9358.956,1981.396,5648.433,9392.494,2020.255,5576.694,9377.168,2016.508,5627.171,9634.234,1968.176,5363.939,9137.142,2008.945,5306.645,9455.222,1966.29,5622.621
9620.476,1975.98,5533.725,9307.583,1966.141,5752.152,9430.072,1955.12,5366.624,9211.994,1951.155,5359.809,9311.781,1976.812,5194.889,9764.778,1992.067,5182.604,9249.073,2014.702,5582.876,9407.682,1978.241,5499.727,9548.01,2030.728,5101.628,9359.889,1981.396,5650.349,9390.877,2020.255,5578.081,9376.4,2016.508,5625.185,9633.008,1968.176,5365.682,9138.692,2008.945,5308.013,9453.889,1966.29,5624.284
9618.503,1975.98,5535.807,9309.859,1966.141,5753.897,9429.824,1955.12,5369.481,9212.043,1951.155,5359.918,9312.893,1976.812,5197.533,9762.901,1992.067,5184.773,9251.464,2014.702,5584.46,9405.919,1978.241,5501.988,9547.426,2030.728,5104.437,9361.083,1981.396,5652.956,9388.679,2020.255,5579.92,9375.355,2016.508,5622.515,9631.407,1968.176,5368.062,9140.709,2008.945,5309.912,9452.022,1966.29,5626.462
9616.826,1975.98,5537.464,9311.775,1966.141,5755.27,9429.697,1955.12,5371.835,9212.086,1951.155,5360.007,9313.734,1976.812,5199.735,9761.418,1992.067,5186.605,9253.386,2014.702,5585.826,9404.432,1978.241,5503.816,9547.021,2030.728,5106.759,9362.015,1981.396,5655.12,9386.852,2020.255,5581.409,9374.483,2016.508,5620.326,9629.938,1968.176,5369.906,9142.302,2008.945,5311.513,9450.431,1966.29,5628.202
9615.752,1975.98,5538.458,9312.992,1966.141,5756.083,9429.554,1955.12,5373.292,9212.114,1951.155,5360.061,9314.212,1976.812,5201.119,9760.426,1992.067,5187.682,9254.529,2014.702,5586.74,9403.484,1978.241,5504.931,9546.724,2030.728,5108.192,9362.563,1981.396,5656.477,9385.704,2020.255,5582.317,9373.915,2016.508,5618.978,9629.048,1968.176,5371.068,9143.25,2008.945,5312.53,9449.471,1966.29,5629.306
9614.59,1975.98,5539.598,9314.374,1966.141,5756.944,9429.357,1955.12,5374.908,9212.148,1951.155,5360.12,9314.692,1976.812,5202.674,9759.362,1992.067,5188.914,9255.699,2014.702,5587.872,9402.404,1978.241,5506.148,9546.382,2030.728,5109.783,9363.138,1981.396,5657.999,9384.414,2020.255,5583.308,9373.252,2016.508,5617.492,9628.101,1968.176,5372.391,9144.261,2008.945,5313.689,9448.435,1966.29,5630.561
9613.268,1975.98,5540.902,9315.981,1966.141,5757.874,9429.194,1955.12,5376.757,9212.189,1951.155,5360.187,9315.32,1976.812,5204.421,9758.174,1992.067,5190.34,9257.075,2014.702,5589.119,9401.143,1978.241,5507.51,9546.052,2030.728,5111.61,9363.742,1981.396,5659.754,9382.925,2020.255,5584.416,9372.461,2016.508,5615.813,9627.069,1968.176,5373.936,9145.362,2008.945,5315.039,9447.294,1966.29,5632.026
9612.739,1975.98,5541.391,9316.616,1966.141,5758.213,9429.141,1955.12,5377.475,9212.204,1951.155,5360.213,9315.542,1976.812,5205.105,9757.731,1992.067,5190.908,9257.624,2014.702,5589.584,9400.642,1978.241,5508.026,9545.947,2030.728,5112.322,9363.956,1981.396,5660.441,9382.341,2020.255,5584.836,9372.146,2016.508,5615.167,9626.66,1968.176,5374.528,9145.791,2008.945,5315.553,9446.87,1966.29,5632.607
9611.22,1975.98,5542.708,9318.419,1966.141,5759.105,9429.056,1955.12,5379.484,9212.249,1951.155,5360.285,9316.098,1976.812,5207.039,9756.548,1992.067,5192.533,9259.199,2014.702,5590.835,9399.21,1978.241,5509.438,9545.591,2030.728,5114.301,9364.498,1981.396,5662.378,9380.69,2020.255,5585.985,9371.24,2016.508,5613.372,9625.572,1968.176,5376.219,9146.937,2008.945,5317.023,9445.736,1966.29,5634.269
9609.065,1975.98,5544.702,9321.091,1966.141,5760.32,9429.027,1955.12,5382.419,9212.317,1951.155,5360.387,9316.815,1976.812,5209.884,9754.898,1992.067,5194.961,9261.557,2014.702,5592.583,9397.074,1978.241,5511.45,9544.976,2030.728,5117.171,9365.206,1981.396,5665.226,9378.255,2020.255,5587.621,9369.878,2016.508,5610.773,9624.065,1968.176,5378.738,9148.521,2008.945,5319.199,9444.158,1966.29,5636.743
9607.796,1975.98,5545.672,9322.566,1966.141,5760.934,9428.797,1955.12,5384,9212.362,1951.155,5360.438,9317.155,1976.812,5211.445,9753.938,1992.067,5196.237,9262.87,2014.702,5593.493,9395.887,1978.241,5512.518,9544.656,2030.728,5118.737,9365.546,1981.396,5666.787,9376.914,2020.255,5588.488,9369.109,2016.508,5609.373,9623.291,1968.176,5380.135,9149.329,2008.945,5320.389,9443.342,1966.29,5638.117
9607.425,1975.98,5545.976,9323.015,1966.141,5761.103,9428.743,1955.12,5384.477,9212.375,1951.155,5360.453,9317.272,1976.812,5211.91,9753.662,1992.067,5196.629,9263.272,2014.702,5593.752,9395.523,1978.241,5512.829,9544.556,2030.728,5119.205,9365.634,1981.396,5667.258,9376.508,2020.255,5588.742,9368.87,2016.508,5608.958,9623.021,1968.176,5380.531,9149.58,2008.945,5320.734,9443.11,1966.29,5638.536
9605.578,1975.98,5547.456,9325.2,1966.141,5762.012,9428.556,1955.12,5386.835,9212.436,1951.155,5360.532,9317.786,1976.812,5214.22,9752.365,1992.067,5198.608,9265.302,2014.702,5594.97,9393.69,1978.241,5514.325,9543.907,2030.728,5121.481,9366.002,1981.396,5669.595,9374.479,2020.255,5589.958,9367.646,2016.508,5606.933,9621.654,1968.176,5382.463,9150.872,2008.945,5322.392,9442.032,1966.29,5640.643
9603.875,1975.98,5548.915,9327.242,1966.141,5762.94,9428.451,1955.12,5389.076,9212.491,1951.155,5360.609,9318.345,1976.812,5216.392,9751.01,1992.067,5200.396,9267.262,2014.702,5596.06,9391.919,1978.241,5515.701,9543.363,2030.728,5123.657,9366.287,1981.396,5671.82,9372.536,2020.255,5591.078,9366.44,2016.508,5605.042,9620.419,1968.176,5384.335,9152.246,2008.945,5323.782,9441.073,1966.29,5642.67
9602.805,1975.98,5549.894,9328.527,1966.141,5763.613,9428.432,1955.12,5390.526,9212.525,1951.155,5360.66,9318.883,1976.812,5217.739,9750.172,1992.067,5201.579,9268.506,2014.702,5596.806,9390.752,1978.241,5516.562,9543.058,2030.728,5125.075,9366.431,1981.396,5673.263,9371.268,2020.255,5591.78,9365.628,2016.508,5603.841,9619.657,1968.176,5385.57,9153.087,2008.945,5324.691,9440.495,1966.29,5644
9601.395,1975.98,5551.272,9330.243,1966.141,5764.584,9428.469,1955.12,5392.498,9212.573,1951.155,5360.728,9319.616,1976.812,5219.568,9749.086,1992.067,5203.224,9270.162,2014.702,5597.875,9389.138,1978.241,5517.692,9542.407,2030.728,5126.936,9366.57,1981.396,5675.229,9369.528,2020.255,5592.707,9364.477,2016.508,5602.241,9618.612,1968.176,5387.241,9154.201,2008.945,5325.92,9439.767,1966.29,5645.832
9599.847,1975.98,5552.512,9331.936,1966.141,5765.617,9428.571,1955.12,5394.478,9212.622,1951.155,5360.796,9320.293,1976.812,5221.432,9748.048,1992.067,5204.914,9271.792,2014.702,5599.004,9387.484,1978.241,5518.787,9541.814,2030.728,5128.829,9366.656,1981.396,5677.21,9367.765,2020.255,5593.611,9363.294,2016.508,5600.65,9617.616,1968.176,5388.956,9155.286,2008.945,5327.143,9439.093,1966.29,5647.697
9598.318,1975.98,5553.821,9333.619,1966.141,5766.72,9428.609,1955.12,5396.49,9212.673,1951.155,5360.864,9320.918,1976.812,5223.345,9746.83,1992.067,5206.517,9273.408,2014.702,5600.203,9385.778,1978.241,5519.854,9541.152,2030.728,5130.729,9366.693,1981.396,5679.222,9365.971,2020.255,5594.52,9362.065,2016.508,5599.057,9616.663,1968.176,5390.729,9156.35,2008.945,5328.368,9438.469,1966.29,5649.61
9596.159,1975.98,5555.796,9336.014,1966.141,5768.403,9428.761,1955.12,5399.413,9212.748,1951.155,5360.963,9321.767,1976.812,5226.146,9745.137,1992.067,5208.904,9275.7,2014.702,5602.023,9383.257,1978.241,5521.339,9540.281,2030.728,5133.523,9366.676,1981.396,5682.148,9363.358,2020.255,5595.836,9360.231,2016.508,5596.776,9615.046,1968.176,5393.168,9157.839,2008.945,5330.124,9437.65,1966.29,5652.42
9594.313,1975.98,5557.6,9338.076,1966.141,5769.954,9428.81,1955.12,5401.993,9212.815,1951.155,5361.049,9322.434,1976.812,5228.639,9743.713,1992.067,5211.056,9277.668,2014.702,5603.692,9381.001,1978.241,5522.591,9539.594,2030.728,5136.011,9366.599,1981.396,5684.727,9361.063,2020.255,5597.012,9358.605,2016.508,5594.774,9613.691,1968.176,5395.364,9159.085,2008.945,5331.627,9437.008,1966.29,5654.919
9593.984,1975.98,5557.942,9338.446,1966.141,5770.251,9428.78,1955.12,5402.467,9212.828,1951.155,5361.065,9322.563,1976.812,5229.096,9743.45,1992.067,5211.452,9278.02,2014.702,5604.011,9380.58,1978.241,5522.81,9539.482,2030.728,5136.473,9366.573,1981.396,5685.201,9360.643,2020.255,5597.234,9358.318,2016.508,5594.396,9613.455,1968.176,5395.776,9159.303,2008.945,5331.897,9436.904,1966.29,5655.382
9592.08,1975.98,5559.636,9340.38,1966.141,5771.91,9428.707,1955.12,5405.015,9212.896,1951.155,5361.148,9323.173,1976.812,5231.57,9741.982,1992.067,5213.535,9279.851,2014.702,5605.783,9378.29,1978.241,5523.927,9538.68,2030.728,5138.891,9366.354,1981.396,5687.74,9358.41,2020.255,5598.461,9356.806,2016.508,5592.347,9612.188,1968.176,5397.987,9160.447,2008.945,5333.348,9436.428,1966.29,5657.885
9590.302,1975.98,5561.196,9342.125,1966.141,5773.507,9428.717,1955.12,5407.38,9212.961,1951.155,5361.226,9323.664,1976.812,5233.884,9740.684,1992.067,5215.512,9281.496,2014.702,5607.483,9376.138,1978.241,5524.907,9538.009,2030.728,5141.16,9366.085,1981.396,5690.09,9356.371,2020.255,5599.659,9355.464,2016.508,5590.398,9610.848,1968.176,5399.936,9161.454,2008.945,5334.658,9436.06,1966.29,5660.222
9589.73,1975.98,5561.732,9342.686,1966.141,5774.054,9428.745,1955.12,5408.163,9212.982,1951.155,5361.251,9323.852,1976.812,5234.644,9740.271,1992.067,5216.177,9282.022,2014.702,5608.063,9375.417,1978.241,5525.212,9537.811,2030.728,5141.917,9365.974,1981.396,5690.865,9355.708,2020.255,5600.075,9355.041,2016.508,5589.74,9610.426,1968.176,5400.596,9161.771,2008.945,5335.081,9435.962,1966.29,5660.999
9588.715,1975.98,5562.748,9343.681,1966.141,5775.09,9428.845,1955.12,5409.596,9213.022,1951.155,5361.297,9324.159,1976.812,5236.047,9739.374,1992.067,5217.299,9282.952,2014.702,5609.158,9374.08,1978.241,5525.737,9537.493,2030.728,5143.318,9365.728,1981.396,5692.28,9354.515,2020.255,5600.875,9354.304,2016.508,5588.507,9609.691,1968.176,5401.83,9162.333,2008.945,5335.854,9435.829,1966.29,5662.429
9586.522,1975.98,5564.928,9345.75,1966.141,5777.387,9428.958,1955.12,5412.686,9213.11,1951.155,5361.395,9324.778,1976.812,5239.075,9737.523,1992.067,5219.776,9284.875,2014.702,5611.579,9371.174,1978.241,5526.79,9536.908,2030.728,5146.354,9365.108,1981.396,5695.309,9351.998,2020.255,5602.67,9352.8,2016.508,5585.806,9608.198,1968.176,5404.537,9163.495,2008.945,5337.496,9435.642,1966.29,5665.515
9585.645,1975.98,5565.754,9346.527,1966.141,5778.308,9429.004,1955.12,5413.89,9213.146,1951.155,5361.432,9325.059,1976.812,5240.247,9736.834,1992.067,5220.765,9285.594,2014.702,5612.547,9370.03,1978.241,5527.169,9536.719,2030.728,5147.544,9364.832,1981.396,5696.481,9351.039,2020.255,5603.399,9352.246,2016.508,5584.736,9607.568,1968.176,5405.564,9163.918,2008.945,5338.112,9435.606,1966.29,5666.72
9585.428,1975.98,5565.972,9346.718,1966.141,5778.548,9428.986,1955.12,5414.196,9213.154,1951.155,5361.442,9325.125,1976.812,5240.546,9736.667,1992.067,5221.022,9285.769,2014.702,5612.799,9369.736,1978.241,5527.258,9536.681,2030.728,5147.849,9364.753,1981.396,5696.778,9350.801,2020.255,5603.592,9352.113,2016.508,5584.459,9607.398,1968.176,5405.82,9164.021,2008.945,5338.267,9435.607,1966.29,5667.026
9583.857,1975.98,5567.554,9348.045,1966.141,5780.34,9428.792,1955.12,5416.417,9213.221,1951.155,5361.51,9325.476,1976.812,5242.748,9735.356,1992.067,5222.826,9286.978,2014.702,5614.672,9367.586,1978.241,5527.847,9536.331,2030.728,5150.051,9364.114,1981.396,5698.914,9349.11,2020.255,5605.045,9351.211,2016.508,5582.421,9606.223,1968.176,5407.714,9164.754,2008.945,5339.4,9435.686,1966.29,5669.254
9582.834,1975.98,5568.569,9348.865,1966.141,5781.524,9428.713,1955.12,5417.856,9213.264,1951.155,5361.554,9325.749,1976.812,5244.163,9734.548,1992.067,5224.02,9287.719,2014.702,5615.908,9366.187,1978.241,5528.189,9536.151,2030.728,5151.481,9363.66,1981.396,5700.281,9348.047,2020.255,5606.018,9350.667,2016.508,5581.086,9605.503,1968.176,5408.963,9165.201,2008.945,5340.114,9435.782,1966.29,5670.692
9581.867,1975.98,5569.568,9349.62,1966.141,5782.692,9428.683,1955.12,5419.246,9213.306,1951.155,5361.596,9325.887,1976.812,5245.546,9733.807,1992.067,5225.195,9288.395,2014.702,5617.123,9364.828,1978.241,5528.485,9536.157,2030.728,5152.871,9363.183,1981.396,5701.587,9347.051,2020.255,5606.988,9350.181,2016.508,5579.784,9604.849,1968.176,5410.19,9165.612,2008.945,5340.794,9435.92,1966.29,5672.076
9580.724,1975.98,5570.83,9350.499,1966.141,5784.15,9428.701,1955.12,5420.948,9213.357,1951.155,5361.647,9326.111,1976.812,5247.234,9732.946,1992.067,5226.665,9289.174,2014.702,5618.637,9363.156,1978.241,5528.806,9536.155,2030.728,5154.574,9362.55,1981.396,5703.167,9345.87,2020.255,5608.215,9349.633,2016.508,5578.172,9603.873,1968.176,5411.585,9166.094,2008.945,5341.617,9436.143,1966.29,5673.764
9580.157,1975.98,5571.498,9350.928,1966.141,5784.914,9428.709,1955.12,5421.824,9213.385,1951.155,5361.673,9326.255,1976.812,5248.097,9732.441,1992.067,5227.379,9289.549,2014.702,5619.428,9362.293,1978.241,5528.949,9536.138,2030.728,5155.449,9362.199,1981.396,5703.97,9345.284,2020.255,5608.865,9349.375,2016.508,5577.336,9603.396,1968.176,5412.319,9166.328,2008.945,5342.033,9436.285,1966.29,5674.627
9579.929,1975.98,5571.779,9351.095,1966.141,5785.235,9428.702,1955.12,5422.186,9213.396,1951.155,5361.684,9326.326,1976.812,5248.452,9732.242,1992.067,5227.682,9289.693,2014.702,5619.76,9361.935,1978.241,5528.999,9536.118,2030.728,5155.81,9362.044,1981.396,5704.297,9345.051,2020.255,5609.141,9349.278,2016.508,5576.987,9603.208,1968.176,5412.628,9166.421,2008.945,5342.204,9436.355,1966.29,5674.982
9578.768,1975.98,5573.059,9351.845,1966.141,5786.792,9428.728,1955.12,5423.914,9213.451,1951.155,5361.734,9326.571,1976.812,5250.163,9731.34,1992.067,5229.155,9290.33,2014.702,5621.367,9360.218,1978.241,5529.195,9536.075,2030.728,5157.538,9361.257,1981.396,5705.835,9343.979,2020.255,5610.496,9348.865,2016.508,5575.31,9602.325,1968.176,5414.114,9166.851,2008.945,5343.025,9436.746,1966.29,5676.666
9577.967,1975.98,5574.001,9352.347,1966.141,5787.923,9428.786,1955.12,5425.149,9213.49,1951.155,5361.77,9326.787,1976.812,5251.381,9730.704,1992.067,5230.217,9290.748,2014.702,5622.531,9358.985,1978.241,5529.305,9536.016,2030.728,5158.773,9360.66,1981.396,5706.919,9343.242,2020.255,5611.491,9348.604,2016.508,5574.101,9601.729,1968.176,5415.197,9167.142,2008.945,5343.603,9437.064,1966.29,5677.862
9576.538,1975.98,5575.799,9353.214,1966.141,5790.049,9428.97,1955.12,5427.438,9213.564,1951.155,5361.835,9327.082,1976.812,5253.657,9729.589,1992.067,5232.224,9291.452,2014.702,5624.716,9356.694,1978.241,5529.453,9535.83,2030.728,5161.062,9359.491,1981.396,5708.896,9341.936,2020.255,5613.379,9348.18,2016.508,5571.844,9600.483,1968.176,5417.126,9167.655,2008.945,5344.667,9437.726,1966.29,5680.061
9576.406,1975.98,5575.977,9353.291,1966.141,5790.256,9428.988,1955.12,5427.658,9213.571,1951.155,5361.841,9327.117,1976.812,5253.875,9729.457,1992.067,5232.401,9291.513,2014.702,5624.929,9356.474,1978.241,5529.462,9535.805,2030.728,5161.282,9359.373,1981.396,5709.082,9341.815,2020.255,5613.565,9348.145,2016.508,5571.626,9600.37,1968.176,5417.316,9167.701,2008.945,5344.767,9437.796,1966.29,5680.27
9575.844,1975.98,5576.655,9353.574,1966.141,5791.091,9429.089,1955.12,5428.534,9213.601,1951.155,5361.866,9327.287,1976.812,5254.74,9728.954,1992.067,5233.125,9291.728,2014.702,5625.784,9355.593,1978.241,5529.476,9535.728,2030.728,5162.16,9358.878,1981.396,5709.812,9341.361,2020.255,5614.321,9348.029,2016.508,5570.752,9599.882,1968.176,5418.05,9167.879,2008.945,5345.167,9438.104,1966.29,5681.096
9574.792,1975.98,5578.011,9354.078,1966.141,5792.731,9429.229,1955.12,5430.245,9213.657,1951.155,5361.913,9327.674,1976.812,5256.412,9728.021,1992.067,5234.566,9292.092,2014.702,5627.461,9353.877,1978.241,5529.463,9535.521,2030.728,5163.864,9357.871,1981.396,5711.201,9340.525,2020.255,5615.82,9347.85,2016.508,5569.045,9598.979,1968.176,5419.51,9168.207,2008.945,5345.945,9438.754,1966.29,5682.684
9574.028,1975.98,5579.039,9354.419,1966.141,5793.966,9429.21,1955.12,5431.525,9213.7,1951.155,5361.948,9327.829,1976.812,5257.683,9727.361,1992.067,5235.663,9292.322,2014.702,5628.721,9352.598,1978.241,5529.423,9535.326,2030.728,5165.129,9357.088,1981.396,5712.214,9339.938,2020.255,5616.958,9347.749,2016.508,5567.769,9598.342,1968.176,5420.621,9168.438,2008.945,5346.518,9439.277,1966.29,5683.853
9573.338,1975.98,5580.035,9354.709,1966.141,5795.143,9429.23,1955.12,5432.737,9213.741,1951.155,5361.981,9328.016,1976.812,5258.88,9726.771,1992.067,5236.721,9292.502,2014.702,5629.919,9351.388,1978.241,5529.357,9535.015,2030.728,5166.3,9356.317,1981.396,5713.149,9339.418,2020.255,5618.052,9347.685,2016.508,5566.559,9597.773,1968.176,5421.691,9168.643,2008.945,5347.056,9439.808,1966.29,5684.942
9572.931,1975.98,5580.651,9354.866,1966.141,5795.864,9429.268,1955.12,5433.474,9213.767,1951.155,5362,9328.153,1976.812,5259.605,9726.334,1992.067,5237.316,9292.588,2014.702,5630.653,9350.651,1978.241,5529.3,9534.849,2030.728,5167.02,9355.83,1981.396,5713.704,9339.122,2020.255,5618.729,9347.664,2016.508,5565.821,9597.44,1968.176,5422.35,9168.761,2008.945,5347.381,9440.152,1966.29,5685.596
9572.549,1975.98,5581.271,9355.004,1966.141,5796.579,9429.253,1955.12,5434.203,9213.791,1951.155,5362.02,9328.313,1976.812,5260.316,9725.922,1992.067,5237.918,9292.648,2014.702,5631.379,9349.927,1978.241,5529.227,9534.63,2030.728,5167.715,9355.332,1981.396,5714.236,9338.852,2020.255,5619.406,9347.661,2016.508,5565.093,9597.133,1968.176,5423.011,9168.87,2008.945,5347.701,9440.513,1966.29,5686.229
9572.426,1975.98,5581.458,9355.041,1966.141,5796.799,9429.256,1955.12,5434.426,9213.799,1951.155,5362.026,9328.368,1976.812,5260.533,9725.802,1992.067,5238.106,9292.66,2014.702,5631.602,9349.705,1978.241,5529.2,9534.57,2030.728,5167.93,9355.174,1981.396,5714.395,9338.775,2020.255,5619.616,9347.666,2016.508,5564.869,9597.019,1968.176,5423.203,9168.901,2008.945,5347.799,9440.63,1966.29,5686.419
9571.801,1975.98,5582.474,9355.212,1966.141,5797.979,9429.311,1955.12,5435.618,9213.84,1951.155,5362.057,9328.703,1976.812,5261.677,9725.193,1992.067,5239.133,9292.682,2014.702,5632.794,9348.525,1978.241,5529.028,9534.288,2030.728,5169.089,9354.307,1981.396,5715.213,9338.405,2020.255,5620.75,9347.72,2016.508,5563.678,9596.44,1968.176,5424.246,9169.061,2008.945,5348.325,9441.286,1966.29,5687.416
9571.398,1975.98,5583.246,9355.32,1966.141,5798.843,9429.282,1955.12,5436.488,9213.87,1951.155,5362.079,9329.018,1976.812,5262.488,9724.774,1992.067,5239.896,9292.669,2014.702,5633.665,9347.667,1978.241,5528.883,9534.109,2030.728,5169.941,9353.654,1981.396,5715.79,9338.162,2020.255,5621.585,9347.779,2016.508,5562.809,9596.023,1968.176,5425.011,9169.168,2008.945,5348.707,9441.741,1966.29,5688.158
9571.076,1975.98,5583.817,9355.392,1966.141,5799.496,9429.282,1955.12,5437.144,9213.894,1951.155,5362.096,9329.234,1976.812,5263.107,9724.478,1992.067,5240.481,9292.638,2014.702,5634.321,9347.022,1978.241,5528.761,9533.996,2030.728,5170.587,9353.149,1981.396,5716.209,9337.999,2020.255,5622.221,9347.839,2016.508,5562.156,9595.729,1968.176,5425.597,9169.243,2008.945,5348.993,9442.065,1966.29,5688.729
9570.683,1975.98,5584.536,9355.47,1966.141,5800.311,9429.31,1955.12,5437.963,9213.923,1951.155,5362.116,9329.56,1976.812,5263.859,9724.159,1992.067,5241.236,9292.572,2014.702,5635.138,9346.221,1978.241,5528.59,9533.881,2030.728,5171.399,9352.503,1981.396,5716.712,9337.821,2020.255,5623.021,9347.932,2016.508,5561.342,9595.385,1968.176,5426.341,9169.33,2008.945,5349.351,9442.446,1966.29,5689.455
9570.305,1975.98,5585.44,9355.553,1966.141,5801.287,9429.272,1955.12,5438.942,9213.958,1951.155,5362.141,9329.942,1976.812,5264.761,9723.749,1992.067,5242.126,9292.463,2014.702,5636.112,9345.267,1978.241,5528.367,9533.709,2030.728,5172.364,9351.71,1981.396,5717.289,9337.64,2020.255,5623.984,9348.05,2016.508,5560.369,9595.003,1968.176,5427.244,9169.426,2008.945,5349.778,9442.874,1966.29,5690.336
9569.877,1975.98,5586.375,9355.633,1966.141,5802.311,9429.268,1955.12,5439.969,9213.995,1951.155,5362.166,9330.313,1976.812,5265.719,9723.419,1992.067,5243.099,9292.315,2014.702,5637.128,9344.271,1978.241,5528.112,9533.562,2030.728,5173.38,9350.86,1981.396,5717.866,9337.481,2020.255,5624.999,9348.182,2016.508,5559.351,9594.476,1968.176,5428.125,9169.517,2008.945,5350.225,9443.291,1966.29,5691.275
9569.402,1975.98,5587.327,9355.712,1966.141,5803.371,9429.297,1955.12,5441.033,9214.033,1951.155,5362.191,9330.699,1976.812,5266.71,9723.045,1992.067,5244.095,9292.128,2014.702,5638.176,9343.246,1978.241,5527.828,9533.263,2030.728,5174.402,9349.962,1981.396,5718.436,9337.352,2020.255,5626.055,9348.327,2016.508,5558.297,9593.959,1968.176,5429.056,9169.602,2008.945,5350.685,9443.691,1966.29,5692.261
9568.879,1975.98,5588.297,9355.792,1966.141,5804.47,9429.363,1955.12,5442.133,9214.073,1951.155,5362.218,9331.146,1976.812,5267.718,9722.623,1992.067,5245.114,9291.898,2014.702,5639.254,9342.19,1978.241,5527.513,9532.988,2030.728,5175.469,9349.013,1981.396,5718.996,9337.252,2020.255,5627.153,9348.488,2016.508,5557.208,9593.456,1968.176,5430.037,9169.68,2008.945,5351.161,9444.072,1966.29,5693.295
9568.388,1975.98,5589.326,9355.876,1966.141,5805.605,9429.47,1955.12,5443.268,9214.114,1951.155,5362.245,9331.572,1976.812,5268.774,9722.307,1992.067,5246.208,9291.625,2014.702,5640.36,9341.105,1978.241,5527.167,9532.74,2030.728,5176.582,9348.013,1981.396,5719.542,9337.186,2020.255,5628.291,9348.666,2016.508,5556.083,9592.97,1968.176,5431.067,9169.75,2008.945,5351.65,9444.431,1966.29,5694.376
9567.844,1975.98,5590.375,9355.967,1966.141,5806.783,9429.618,1955.12,5444.441,9214.157,1951.155,5362.272,9331.996,1976.812,5269.877,9721.941,1992.067,5247.333,9291.305,2014.702,5641.498,9339.986,1978.241,5526.788,9532.521,2030.728,5177.743,9346.958,1981.396,5720.076,9337.155,2020.255,5629.472,9348.862,2016.508,5554.917,9592.5,1968.176,5432.152,9169.813,2008.945,5352.157,9444.766,1966.29,5695.51
9567.25,1975.98,5591.435,9356.066,1966.141,5807.994,9429.731,1955.12,5445.651,9214.202,1951.155,5362.3,9332.394,1976.812,5271.025,9721.528,1992.067,5248.476,9290.938,2014.702,5642.657,9338.843,1978.241,5526.378,9532.335,2030.728,5178.944,9345.856,1981.396,5720.59,9337.163,2020.255,5630.688,9349.077,2016.508,5553.722,9591.891,1968.176,5433.203,9169.868,2008.945,5352.676,9445.072,1966.29,5696.686
9565.982,1975.98,5593.533,9356.283,1966.141,5810.434,9429.558,1955.12,5448.095,9214.293,1951.155,5362.355,9333.189,1976.812,5273.341,9720.75,1992.067,5250.8,9290.122,2014.702,5644.968,9336.551,1978.241,5525.514,9532.039,2030.728,5181.377,9343.604,1981.396,5721.554,9337.257,2020.255,5633.136,9349.539,2016.508,5551.316,9590.731,1968.176,5435.362,9169.957,2008.945,5353.719,9445.612,1966.29,5699.076
9565.378,1975.98,5594.611,9356.353,1966.141,5811.667,9429.492,1955.12,5449.33,9214.339,1951.155,5362.383,9333.553,1976.812,5274.522,9720.35,1992.067,5251.969,9289.673,2014.702,5646.12,9335.401,1978.241,5525.062,9531.753,2030.728,5182.58,9342.483,1981.396,5722.077,9337.344,2020.255,5634.369,9349.788,2016.508,5550.106,9590.183,1968.176,5436.47,9169.991,2008.945,5354.242,9445.845,1966.29,5700.29
9564.986,1975.98,5595.308,9356.371,1966.141,5812.467,9429.476,1955.12,5450.129,9214.369,1951.155,5362.401,9333.793,1976.812,5275.285,9720.066,1992.067,5252.717,9289.358,2014.702,5646.855,9334.662,1978.241,5524.758,9531.593,2030.728,5183.363,9341.771,1981.396,5722.438,9337.426,2020.255,5635.165,9349.96,2016.508,5549.325,9589.852,1968.176,5437.198,9170.007,2008.945,5354.58,9445.97,1966.29,5701.08
9564.748,1975.98,5595.766,9356.366,1966.141,5812.983,9429.482,1955.12,5450.646,9214.389,1951.155,5362.412,9333.932,1976.812,5275.782,9719.868,1992.067,5253.194,9289.141,2014.702,5647.323,9334.188,1978.241,5524.556,9531.506,2030.728,5183.872,9341.318,1981.396,5722.687,9337.495,2020.255,5635.676,9350.077,2016.508,5548.823,9589.653,1968.176,5437.674,9170.013,2008.945,5354.797,9446.033,1966.29,5701.592
9563.749,1975.98,5597.544,9356.279,1966.141,5815.021,9429.574,1955.12,5452.683,9214.466,1951.155,5362.456,9334.639,1976.812,5277.694,9719.277,1992.067,5255.146,9288.219,2014.702,5649.143,9332.322,1978.241,5523.734,9530.997,2030.728,5185.847,9339.563,1981.396,5723.727,9337.833,2020.255,5637.688,9350.569,2016.508,5546.844,9588.682,1968.176,5439.468,9170.018,2008.945,5355.657,9446.219,1966.29,5703.623
9563.31,1975.98,5598.389,9356.208,1966.141,5815.971,9429.648,1955.12,5453.632,9214.502,1951.155,5362.476,9334.939,1976.812,5278.597,9718.972,1992.067,5256.047,9287.762,2014.702,5649.978,9331.456,1978.241,5523.34,9530.79,2030.728,5186.776,9338.761,1981.396,5724.239,9338.021,2020.255,5638.621,9350.814,2016.508,5545.925,9588.256,1968.176,5440.319,9170.012,2008.945,5356.057,9446.274,1966.29,5704.573
9562.776,1975.98,5599.729,9356.053,1966.141,5817.404,9429.808,1955.12,5455.065,9214.558,1951.155,5362.506,9335.459,1976.812,5279.941,9718.465,1992.067,5257.397,9287.028,2014.702,5651.219,9330.15,1978.241,5522.731,9530.408,2030.728,5188.167,9337.571,1981.396,5725.053,9338.353,2020.255,5640.024,9351.211,2016.508,5544.539,9587.653,1968.176,5441.629,9169.991,2008.945,5356.663,9446.313,1966.29,5706.015
9562.09,1975.98,5601.375,9355.803,1966.141,5819.17,9429.961,1955.12,5456.842,9214.626,1951.155,5362.543,9336.047,1976.812,5281.624,9717.819,1992.067,5259.06,9286.072,2014.702,5652.724,9328.542,1978.241,5521.963,9529.993,2030.728,5189.902,9336.134,1981.396,5726.108,9338.818,2020.255,5641.746,9351.732,2016.508,5542.834,9586.924,1968.176,5443.256,9169.951,2008.945,5357.413,9446.302,1966.29,5707.798
9561.347,1975.98,5603.005,9355.494,1966.141,5820.935,9430.174,1955.12,5458.621,9214.695,1951.155,5362.579,9336.766,1976.812,5283.264,9717.116,1992.067,5260.708,9285.063,2014.702,5654.205,9326.932,1978.241,5521.18,9529.633,2030.728,5191.657,9334.725,1981.396,5727.215,9339.342,2020.255,5643.459,9352.29,2016.508,5541.132,9586.244,1968.176,5444.914,9169.896,2008.945,5358.166,9446.233,1966.29,5709.588
9560.858,1975.98,5603.989,9355.27,1966.141,5822.011,9430.34,1955.12,5459.708,9214.738,1951.155,5362.601,9337.173,1976.812,5284.284,9716.652,1992.067,5261.704,9284.415,2014.702,5655.092,9325.946,1978.241,5520.693,9529.447,2030.728,5192.74,9333.883,1981.396,5727.922,9339.697,2020.255,5644.5,9352.653,2016.508,5540.095,9585.861,1968.176,5445.944,9169.852,2008.945,5358.628,9446.155,1966.29,5710.685
9560.19,1975.98,5605.248,9354.933,1966.141,5823.395,9430.509,1955.12,5461.122,9214.794,1951.155,5362.629,9337.714,1976.812,5285.601,9716.009,1992.067,5262.975,9283.538,2014.702,5656.214,9324.673,1978.241,5520.057,9529.253,2030.728,5194.151,9332.822,1981.396,5728.873,9340.201,2020.255,5645.832,9353.151,2016.508,5538.761,9585.218,1968.176,5447.214,9169.782,2008.945,5359.228,9446.009,1966.29,5712.102
9559.224,1975.98,5606.664,9354.473,1966.141,5825.047,9430.673,1955.12,5462.829,9214.861,1951.155,5362.662,9338.313,1976.812,5287.207,9715.284,1992.067,5264.529,9282.439,2014.702,5657.531,9323.142,1978.241,5519.286,9529.075,2030.728,5195.857,9331.584,1981.396,5730.06,9340.86,2020.255,5647.415,9353.786,2016.508,5537.168,9584.493,1968.176,5448.769,9169.685,2008.945,5359.952,9445.777,1966.29,5713.801
9558.207,1975.98,5608.265,9353.904,1966.141,5826.856,9430.916,1955.12,5464.709,9214.937,1951.155,5362.697,9339.095,1976.812,5288.933,9714.54,1992.067,5266.273,9281.178,2014.702,5658.947,9321.451,1978.241,5518.43,9528.94,2030.728,5197.748,9330.258,1981.396,5731.415,9341.646,2020.255,5649.141,9354.526,2016.508,5535.423,9583.748,1968.176,5450.512,9169.56,2008.945,5360.754,9445.46,1966.29,5715.67
9557.073,1975.98,5610.186,9353.167,1966.141,5828.961,9431.144,1955.12,5466.928,9215.025,1951.155,5362.738,9339.947,1976.812,5290.993,9713.598,1992.067,5268.295,9279.641,2014.702,5660.563,9319.462,1978.241,5517.422,9529.024,2030.728,5199.977,9328.751,1981.396,5733.06,9342.635,2020.255,5651.141,9355.443,2016.508,5533.39,9582.915,1968.176,5452.582,9169.392,2008.945,5361.703,9445.016,1966.29,5717.856
9556.549,1975.98,5611.144,9352.772,1966.141,5829.979,9431.227,1955.12,5468.017,9215.069,1951.155,5362.758,9340.331,1976.812,5292.015,9713.169,1992.067,5269.3,9278.862,2014.702,5661.33,9318.487,1978.241,5516.931,9529.03,2030.728,5201.069,9328.04,1981.396,5733.889,9343.15,2020.255,5652.104,9355.916,2016.508,5532.405,9582.54,1968.176,5453.608,9169.299,2008.945,5362.171,9444.764,1966.29,5718.919
9556.337,1975.98,5611.563,9352.617,1966.141,5830.423,9431.25,1955.12,5468.486,9215.088,1951.155,5362.767,9340.481,1976.812,5292.46,9712.987,1992.067,5269.733,9278.518,2014.702,5661.648,9318.067,1978.241,5516.72,9529.018,2030.728,5201.539,9327.746,1981.396,5734.255,9343.386,2020.255,5652.51,9356.129,2016.508,5531.987,9582.394,1968.176,5454.054,9169.255,2008.945,5362.373,9444.641,1966.29,5719.373
9555.305,1975.98,5613.647,9351.777,1966.141,5832.591,9431.309,1955.12,5470.81,9215.183,1951.155,5362.807,9341.155,1976.812,5294.684,9712.018,1992.067,5271.847,9276.759,2014.702,5663.17,9315.986,1978.241,5515.685,9528.877,2030.728,5203.86,9326.351,1981.396,5736.115,9344.615,2020.255,5654.484,9357.233,2016.508,5529.941,9581.524,1968.176,5456.211,9169.016,2008.945,5363.371,9443.96,1966.29,5721.597
9554.235,1975.98,5615.804,9350.835,1966.141,5834.806,9431.309,1955.12,5473.216,9215.281,1951.155,5362.848,9341.777,1976.812,5297.008,9711.086,1992.067,5274.066,9274.889,2014.702,5664.685,9313.827,1978.241,5514.624,9528.653,2030.728,5206.257,9324.97,1981.396,5738.087,9345.954,2020.255,5656.484,9358.428,2016.508,5527.852,9580.698,1968.176,5458.472,9168.743,2008.945,5364.415,9443.182,1966.29,5723.874
9553.272,1975.98,5617.917,9349.856,1966.141,5836.912,9431.251,1955.12,5475.537,9215.377,1951.155,5362.887,9342.45,1976.812,5299.229,9710.118,1992.067,5276.177,9273.038,2014.702,5666.087,9311.738,1978.241,5513.614,9528.514,2030.728,5208.574,9323.7,1981.396,5740.031,9347.308,2020.255,5658.371,9359.63,2016.508,5525.867,9579.955,1968.176,5460.671,9168.455,2008.945,5365.435,9442.36,1966.29,5726.045
9552.889,1975.98,5618.597,9349.551,1966.141,5837.63,9431.257,1955.12,5476.318,9215.409,1951.155,5362.899,9342.788,1976.812,5299.932,9709.815,1992.067,5276.897,9272.4,2014.702,5666.539,9311.032,1978.241,5513.28,9528.447,2030.728,5209.353,9323.295,1981.396,5740.699,9347.783,2020.255,5658.99,9360.052,2016.508,5525.209,9579.609,1968.176,5461.372,9168.35,2008.945,5365.783,9442.061,1966.29,5726.767
9552.136,1975.98,5619.901,9348.916,1966.141,5838.996,9431.317,1955.12,5477.823,9215.472,1951.155,5362.923,9343.413,1976.812,5301.302,9709.438,1992.067,5278.355,9271.144,2014.702,5667.369,9309.666,1978.241,5512.647,9528.221,2030.728,5210.842,9322.556,1981.396,5742.011,9348.739,2020.255,5660.154,9360.896,2016.508,5523.962,9578.988,1968.176,5462.744,9168.131,2008.945,5366.455,9441.438,1966.29,5728.139
9551.219,1975.98,5621.616,9348.152,1966.141,5840.785,9431.46,1955.12,5479.763,9215.553,1951.155,5362.953,9344.161,1976.812,5303.096,9708.889,1992.067,5280.221,9269.487,2014.702,5668.389,9307.895,1978.241,5511.847,9527.86,2030.728,5212.753,9321.628,1981.396,5743.72,9350.021,2020.255,5661.618,9362.028,2016.508,5522.381,9578.244,1968.176,5464.541,9167.827,2008.945,5367.329,9440.576,1966.29,5729.883
9550.522,1975.98,5623.028,9347.619,1966.141,5842.267,9431.627,1955.12,5481.328,9215.619,1951.155,5362.977,9344.869,1976.812,5304.5,9708.395,1992.067,5281.716,9268.121,2014.702,5669.17,9306.454,1978.241,5511.213,9527.619,2030.728,5214.309,9320.913,1981.396,5745.123,9351.094,2020.255,5662.77,9362.978,2016.508,5521.125,9577.596,1968.176,5465.976,9167.562,2008.945,5368.045,9439.834,1966.29,5731.271
9549.771,1975.98,5624.684,9346.948,1966.141,5843.956,9431.864,1955.12,5483.13,9215.695,1951.155,5363.003,9345.634,1976.812,5306.148,9707.769,1992.067,5283.423,9266.515,2014.702,5670.022,9304.782,1978.241,5510.5,9527.399,2030.728,5216.114,9320.13,1981.396,5746.763,9352.374,2020.255,5664.061,9364.09,2016.508,5519.688,9576.901,1968.176,5467.656,9167.233,2008.945,5368.881,9438.926,1966.29,5732.846
9549.069,1975.98,5626.379,9346.216,1966.141,5845.638,9432.149,1955.12,5484.942,9215.773,1951.155,5363.028,9346.351,1976.812,5307.836,9707.08,1992.067,5285.124,9264.867,2014.702,5670.829,9303.087,1978.241,5509.801,9527.029,2030.728,5217.911,9319.382,1981.396,5748.437,9353.706,2020.255,5665.321,9365.229,2016.508,5518.25,9576.158,1968.176,5469.333,9166.879,2008.945,5369.734,9437.959,1966.29,5734.405
9548.228,1975.98,5628.029,9345.503,1966.141,5847.349,9432.482,1955.12,5486.765,9215.853,1951.155,5363.053,9347.019,1976.812,5309.563,9706.647,1992.067,5286.925,9263.178,2014.702,5671.59,9301.366,1978.241,5509.116,9526.715,2030.728,5219.737,9318.668,1981.396,5750.146,9355.091,2020.255,5666.552,9366.394,2016.508,5516.811,9575.464,1968.176,5471.051,9166.496,2008.945,5370.608,9436.934,1966.29,5735.948
9547.435,1975.98,5629.718,9344.609,1966.141,5848.986,9432.862,1955.12,5488.591,9215.933,1951.155,5363.078,9347.634,1976.812,5311.323,9706.153,1992.067,5288.724,9261.453,2014.702,5672.301,9299.625,1978.241,5508.45,9526.459,2030.728,5221.585,9317.947,1981.396,5751.866,9356.523,2020.255,5667.746,9367.582,2016.508,5515.374,9574.821,1968.176,5472.802,9166.084,2008.945,5371.501,9435.854,1966.29,5737.47
9546.091,1975.98,5632.841,9343.079,1966.141,5852.022,9433.637,1955.12,5491.9,9216.079,1951.155,5363.12,9349.084,1976.812,5314.396,9705.146,1992.067,5291.971,9258.27,2014.702,5673.495,9296.435,1978.241,5507.279,9525.78,2030.728,5224.917,9316.626,1981.396,5754.997,9359.202,2020.255,5669.84,9369.774,2016.508,5512.777,9573.755,1968.176,5476.031,9165.283,2008.945,5373.152,9433.803,1966.29,5740.181
9545.393,1975.98,5634.621,9342.203,1966.141,5853.722,9434.133,1955.12,5493.747,9216.162,1951.155,5363.143,9349.843,1976.812,5316.15,9704.61,1992.067,5293.807,9256.502,2014.702,5674.224,9294.631,1978.241,5506.648,9525.46,2030.728,5226.802,9315.94,1981.396,5756.781,9360.671,2020.255,5671.064,9371.048,2016.508,5511.351,9573.215,1968.176,5477.865,9164.794,2008.945,5374.114,9432.603,1966.29,5741.669
9544.87,1975.98,5635.826,9341.64,1966.141,5854.908,9434.504,1955.12,5495.006,9216.219,1951.155,5363.158,9350.324,1976.812,5317.371,9704.313,1992.067,5295.086,9255.306,2014.702,5674.765,9293.386,1978.241,5506.234,9525.198,2030.728,5228.088,9315.51,1981.396,5758.021,9361.652,2020.255,5671.937,9371.93,2016.508,5510.38,9572.86,1968.176,5479.129,9164.437,2008.945,5374.786,9431.748,1966.29,5742.666
9544.692,1975.98,5636.273,9341.447,1966.141,5855.35,9434.651,1955.12,5495.465,9216.24,1951.155,5363.164,9350.486,1976.812,5317.824,9704.189,1992.067,5295.551,9254.873,2014.702,5674.977,9292.927,1978.241,5506.089,9525.117,2030.728,5228.563,9315.366,1981.396,5758.481,9362.002,2020.255,5672.269,9372.256,2016.508,5510.026,9572.694,1968.176,5479.582,9164.298,2008.945,5375.034,9431.424,1966.29,5743.022
9543.62,1975.98,5638.479,9340.542,1966.141,5857.629,9435.454,1955.12,5497.781,9216.348,1951.155,5363.189,9351.234,1976.812,5320.158,9703.538,1992.067,5297.916,9252.708,2014.702,5676.129,9290.578,1978.241,5505.388,9524.786,2030.728,5230.993,9314.712,1981.396,5760.845,9363.728,2020.255,5674.011,9373.934,2016.508,5508.239,9571.926,1968.176,5481.91,9163.565,2008.945,5376.294,9429.719,1966.29,5744.784
9542.825,1975.98,5640.26,9339.882,1966.141,5859.465,9436.136,1955.12,5499.608,9216.434,1951.155,5363.208,9351.863,1976.812,5322.003,9702.959,1992.067,5299.778,9251.017,2014.702,5677.1,9288.729,1978.241,5504.77,9524.586,2030.728,5232.933,9314.253,1981.396,5762.74,9365.056,2020.255,5675.439,9375.243,2016.508,5506.795,9571.376,1968.176,5483.781,9162.942,2008.945,5377.322,9428.321,1966.29,5746.145
9541.498,1975.98,5643.516,9338.715,1966.141,5862.782,9437.438,1955.12,5502.873,9216.589,1951.155,5363.241,9353.002,1976.812,5325.327,9701.901,1992.067,5303.131,9248.025,2014.702,5678.948,9285.433,1978.241,5503.546,9524.299,2030.728,5236.437,9313.49,1981.396,5766.171,9367.375,2020.255,5678.081,9377.557,2016.508,5504.149,9570.495,1968.176,5487.185,9161.753,2008.945,5379.206,9425.729,1966.29,5748.52
9541.326,1975.98,5643.981,9338.565,1966.141,5863.254,9437.632,1955.12,5503.329,9216.611,1951.155,5363.245,9353.155,1976.812,5325.798,9701.737,1992.067,5303.598,9247.612,2014.702,5679.222,9284.974,1978.241,5503.358,9524.274,2030.728,5236.932,9313.395,1981.396,5766.657,9367.689,2020.255,5678.463,9377.876,2016.508,5503.771,9570.387,1968.176,5487.668,9161.571,2008.945,5379.481,9425.375,1966.29,5748.866
9540.282,1975.98,5646.477,9337.837,1966.141,5865.859,9438.743,1955.12,5505.794,9216.731,1951.155,5363.267,9354.104,1976.812,5328.33,9700.979,1992.067,5306.195,9245.407,2014.702,5680.789,9282.505,1978.241,5502.253,9523.764,2030.728,5239.589,9312.931,1981.396,5769.321,9369.339,2020.255,5680.607,9379.576,2016.508,5501.667,9569.795,1968.176,5490.308,9160.548,2008.945,5380.982,9423.501,1966.29,5750.817
9539.808,1975.98,5647.725,9337.444,1966.141,5867.136,9439.317,1955.12,5507,9216.791,1951.155,5363.277,9354.618,1976.812,5329.562,9700.648,1992.067,5307.489,9244.344,2014.702,5681.597,9281.305,1978.241,5501.668,9523.555,2030.728,5240.908,9312.733,1981.396,5770.642,9370.119,2020.255,5681.691,9380.395,2016.508,5500.612,9569.356,1968.176,5491.57,9160.009,2008.945,5381.743,9422.606,1966.29,5751.809
9538.678,1975.98,5651.014,9336.531,1966.141,5870.492,9440.878,1955.12,5510.106,9216.947,1951.155,5363.301,9355.85,1976.812,5332.813,9699.68,1992.067,5310.829,9241.642,2014.702,5683.786,9278.23,1978.241,5500.042,9523.123,2030.728,5244.359,9312.299,1981.396,5774.092,9372.059,2020.255,5684.578,9382.468,2016.508,5497.821,9568.322,1968.176,5494.89,9158.545,2008.945,5383.736,9420.357,1966.29,5754.461
9538.525,1975.98,5651.498,9336.414,1966.141,5870.985,9441.114,1955.12,5510.555,9216.97,1951.155,5363.304,9356.014,1976.812,5333.292,9699.573,1992.067,5311.325,9241.258,2014.702,5684.117,9277.789,1978.241,5499.794,9523.077,2030.728,5244.864,9312.249,1981.396,5774.596,9372.327,2020.255,5685.008,9382.761,2016.508,5497.408,9568.188,1968.176,5495.378,9158.316,2008.945,5384.037,9420.042,1966.29,5754.857
9537.981,1975.98,5653.441,9335.968,1966.141,5872.953,9442.09,1955.12,5512.32,9217.062,1951.155,5363.315,9356.891,1976.812,5335.108,9699.083,1992.067,5313.282,9239.773,2014.702,5685.484,9276.057,1978.241,5498.761,9522.958,2030.728,5246.878,9312.102,1981.396,5776.608,9373.343,2020.255,5686.751,9383.892,2016.508,5495.738,9567.647,1968.176,5497.323,9157.38,2008.945,5385.227,9418.834,1966.29,5756.474
9536.944,1975.98,5657.675,9335.144,1966.141,5877.234,9444.27,1955.12,5516.094,9217.26,1951.155,5363.336,9358.655,1976.812,5339.092,9698.126,1992.067,5317.535,9236.661,2014.702,5688.536,9272.376,1978.241,5496.428,9522.844,2030.728,5251.236,9311.898,1981.396,5780.962,9375.414,2020.255,5690.587,9386.254,2016.508,5492.076,9566.618,1968.176,5501.559,9155.26,2008.945,5387.831,9416.327,1966.29,5760.039
9536.604,1975.98,5659.292,9334.885,1966.141,5878.865,9445.12,1955.12,5517.509,9217.335,1951.155,5363.343,9359.274,1976.812,5340.623,9697.711,1992.067,5319.134,9235.521,2014.702,5689.73,9271.007,1978.241,5495.506,9522.747,2030.728,5252.885,9311.801,1981.396,5782.61,9376.151,2020.255,5692.065,9387.116,2016.508,5490.668,9566.118,1968.176,5503.133,9154.397,2008.945,5388.855,9415.422,1966.29,5761.42
9536.36,1975.98,5660.673,9334.71,1966.141,5880.257,9445.862,1955.12,5518.7,9217.399,1951.155,5363.348,9359.757,1976.812,5341.939,9697.316,1992.067,5320.48,9234.585,2014.702,5690.776,9269.818,1978.241,5494.761,9522.548,2030.728,5254.274,9311.709,1981.396,5784.01,9376.737,2020.255,5693.34,9387.82,2016.508,5489.455,9565.737,1968.176,5504.484,9153.638,2008.945,5389.73,9414.691,1966.29,5762.619
9536.236,1975.98,5661.176,9334.662,1966.141,5880.772,9446.144,1955.12,5519.135,9217.423,1951.155,5363.35,9359.987,1976.812,5342.403,9697.154,1992.067,5320.973,9234.252,2014.702,5691.173,9269.371,1978.241,5494.5,9522.491,2030.728,5254.789,9311.679,1981.396,5784.526,9376.938,2020.255,5693.817,9388.069,2016.508,5489.001,9565.581,1968.176,5504.978,9153.349,2008.945,5390.053,9414.437,1966.29,5763.069
9535.647,1975.98,5663.964,9334.493,1966.141,5883.617,9447.725,1955.12,5521.504,9217.554,1951.155,5363.362,9361.173,1976.812,5344.993,9696.377,1992.067,5323.714,9232.495,2014.702,5693.417,9266.864,1978.241,5493.147,9522.272,2030.728,5257.63,9311.523,1981.396,5787.371,9377.96,2020.255,5696.478,9389.381,2016.508,5486.473,9564.631,1968.176,5507.664,9151.807,2008.945,5391.892,9413.115,1966.29,5765.594
9535.485,1975.98,5664.707,9334.473,1966.141,5884.377,9448.167,1955.12,5522.122,9217.589,1951.155,5363.366,9361.466,1976.812,5345.694,9696.146,1992.067,5324.438,9232.046,2014.702,5694.03,9266.184,1978.241,5492.809,9522.202,2030.728,5258.387,9311.493,1981.396,5788.13,9378.21,2020.255,5697.195,9389.753,2016.508,5485.81,9564.354,1968.176,5508.372,9151.401,2008.945,5392.409,9412.785,1966.29,5766.279
9534.593,1975.98,5667.461,9334.037,1966.141,5887.239,9449.928,1955.12,5524.42,9217.721,1951.155,5363.387,9362.506,1976.812,5348.396,9695.176,1992.067,5327.167,9230.414,2014.702,5696.422,9263.552,1978.241,5491.604,9522.03,2030.728,5261.277,9311.418,1981.396,5791.023,9379.073,2020.255,5699.959,9391.251,2016.508,5483.332,9563.214,1968.176,5511.034,9149.912,2008.945,5394.441,9411.614,1966.29,5768.927
9533.779,1975.98,5670.282,9333.69,1966.141,5890.155,9451.789,1955.12,5526.691,9217.854,1951.155,5363.413,9363.674,1976.812,5351.088,9694.257,1992.067,5329.955,9228.839,2014.702,5698.9,9260.845,1978.241,5490.471,9521.952,2030.728,5264.212,9311.357,1981.396,5793.957,9379.858,2020.255,5702.788,9392.852,2016.508,5480.871,9561.971,1968.176,5513.693,9148.438,2008.945,5396.598,9410.515,1966.29,5771.649
9533.433,1975.98,5671.65,9333.569,1966.141,5891.56,9452.719,1955.12,5527.752,9217.918,1951.155,5363.428,9364.284,1976.812,5352.36,9693.98,1992.067,5331.338,9228.121,2014.702,5700.115,9259.527,1978.241,5489.969,9521.915,2030.728,5265.622,9311.346,1981.396,5795.367,9380.192,2020.255,5704.158,9393.659,2016.508,5479.714,9561.332,1968.176,5514.951,9147.752,2008.945,5397.677,9410.029,1966.29,5772.974
9532.464,1975.98,5676.078,9333.329,1966.141,5896.086,9455.814,1955.12,5531.063,9218.122,1951.155,5363.481,9366.11,1976.812,5356.507,9692.948,1992.067,5335.752,9225.945,2014.702,5704.091,9255.243,1978.241,5488.497,9521.944,2030.728,5270.155,9311.374,1981.396,5799.897,9381.125,2020.255,5708.594,9396.374,2016.508,5476.084,9559.151,1968.176,5518.925,9145.642,2008.945,5401.244,9408.61,1966.29,5777.279
9532.231,1975.98,5677.339,9333.207,1966.141,5897.363,9456.72,1955.12,5531.971,9218.18,1951.155,5363.499,9366.588,1976.812,5357.696,9692.615,1992.067,5336.99,9225.367,2014.702,5705.235,9254.019,1978.241,5488.12,9521.91,2030.728,5271.437,9311.406,1981.396,5801.179,9381.349,2020.255,5709.856,9397.175,2016.508,5475.083,9558.571,1968.176,5520.068,9145.065,2008.945,5402.294,9408.249,1966.29,5778.509
9532.035,1975.98,5678.596,9333.127,1966.141,5898.632,9457.647,1955.12,5532.841,9218.236,1951.155,5363.518,9367.057,1976.812,5358.878,9692.282,1992.067,5338.218,9224.831,2014.702,5706.388,9252.792,1978.241,5487.787,9521.773,2030.728,5272.701,9311.46,1981.396,5802.449,9381.531,2020.255,5711.115,9398.002,2016.508,5474.117,9558.033,1968.176,5521.221,9144.525,2008.945,5403.361,9407.931,1966.29,5779.74
9531.948,1975.98,5679.304,9333.105,1966.141,5899.346,9458.184,1955.12,5533.312,9218.268,1951.155,5363.529,9367.298,1976.812,5359.549,9692.093,1992.067,5338.906,9224.552,2014.702,5707.045,9252.099,1978.241,5487.622,9521.72,2030.728,5273.413,9311.505,1981.396,5803.161,9381.611,2020.255,5711.824,9398.483,2016.508,5473.59,9557.753,1968.176,5521.877,9144.241,2008.945,5403.972,9407.774,1966.29,5780.437
9531.626,1975.98,5682.903,9333.115,1966.141,5902.959,9460.976,1955.12,5535.606,9218.425,1951.155,5363.593,9368.805,1976.812,5362.833,9691.044,1992.067,5342.364,9223.245,2014.702,5710.414,9248.561,1978.241,5486.904,9521.567,2030.728,5277.023,9311.807,1981.396,5806.761,9381.906,2020.255,5715.425,9401.007,2016.508,5471.003,9556.442,1968.176,5525.245,9142.898,2008.945,5407.118,9407.101,1966.29,5783.987
9531.513,1975.98,5684.899,9333.187,1966.141,5904.958,9462.561,1955.12,5536.825,9218.511,1951.155,5363.632,9369.615,1976.812,5364.659,9690.602,1992.067,5344.313,9222.584,2014.702,5712.301,9246.592,1978.241,5486.571,9521.382,2030.728,5279.014,9312.019,1981.396,5808.749,9382.008,2020.255,5717.422,9402.425,2016.508,5469.596,9555.778,1968.176,5527.131,9142.205,2008.945,5408.901,9406.793,1966.29,5785.962
9531.478,1975.98,5686.355,9333.286,1966.141,5906.411,9463.691,1955.12,5537.743,9218.573,1951.155,5363.662,9370.192,1976.812,5365.996,9690.263,1992.067,5345.73,9222.147,2014.702,5713.69,9245.15,1978.241,5486.375,9521.199,2030.728,5280.459,9312.208,1981.396,5810.192,9382.038,2020.255,5718.878,9403.459,2016.508,5468.571,9555.34,1968.176,5528.52,9141.74,2008.945,5410.224,9406.616,1966.29,5787.408
9531.354,1975.98,5688.521,9333.289,1966.141,5908.58,9465.337,1955.12,5539.156,9218.664,1951.155,5363.71,9371.035,1976.812,5367.993,9689.689,1992.067,5347.822,9221.565,2014.702,5715.78,9242.995,1978.241,5486.155,9520.998,2030.728,5282.619,9312.545,1981.396,5812.335,9382.019,2020.255,5721.047,9405,2016.508,5467.046,9554.755,1968.176,5530.609,9141.111,2008.945,5412.221,9406.423,1966.29,5789.568
9531.281,1975.98,5691.608,9333.394,1966.141,5911.667,9467.625,1955.12,5541.229,9218.792,1951.155,5363.783,9372.218,1976.812,5370.843,9689.14,1992.067,5350.861,9220.835,2014.702,5718.781,9239.918,1978.241,5485.941,9520.813,2030.728,5285.701,9313.094,1981.396,5815.373,9381.9,2020.255,5724.132,9407.195,2016.508,5464.876,9554.021,1968.176,5533.608,9140.28,2008.945,5415.096,9406.248,1966.29,5792.651
9531.305,1975.98,5694.285,9333.572,1966.141,5914.337,9469.55,1955.12,5543.088,9218.901,1951.155,5363.849,9373.324,1976.812,5373.28,9688.577,1992.067,5353.478,9220.287,2014.702,5721.401,9237.247,1978.241,5485.844,9520.739,2030.728,5288.377,9313.633,1981.396,5817.994,9381.723,2020.255,5726.803,9409.157,2016.508,5463.055,9553.468,1968.176,5536.228,9139.617,2008.945,5417.619,9406.185,1966.29,5795.327
9531.503,1975.98,5695.925,9333.703,1966.141,5915.984,9470.7,1955.12,5544.273,9218.968,1951.155,5363.893,9374.056,1976.812,5374.761,9688.178,1992.067,5355.08,9220.002,2014.702,5723.028,9235.598,1978.241,5485.837,9520.748,2030.728,5290.029,9314.006,1981.396,5819.603,9381.57,2020.255,5728.447,9410.402,2016.508,5461.97,9553.18,1968.176,5537.854,9139.246,2008.945,5419.192,9406.106,1966.29,5796.977
9531.695,1975.98,5698.109,9333.948,1966.141,5918.163,9472.177,1955.12,5545.895,9219.055,1951.155,5363.953,9375.091,1976.812,5376.693,9687.578,1992.067,5357.189,9219.694,2014.702,5725.199,9233.409,1978.241,5485.765,9520.446,2030.728,5292.201,9314.552,1981.396,5821.726,9381.312,2020.255,5730.624,9412.1,2016.508,5460.583,9552.866,1968.176,5540.024,9138.813,2008.945,5421.298,9406.074,1966.29,5799.169
9531.75,1975.98,5699.104,9334.092,1966.141,5919.149,9472.824,1955.12,5546.653,9219.094,1951.155,5363.981,9375.59,1976.812,5377.556,9687.414,1992.067,5358.172,9219.587,2014.702,5726.19,9232.416,1978.241,5485.703,9520.341,2030.728,5293.192,9314.824,1981.396,5822.685,9381.173,2020.255,5731.611,9412.891,2016.508,5459.977,9552.756,1968.176,5541.015,9138.645,2008.945,5422.263,9406.054,1966.29,5800.166
9532.361,1975.98,5702.457,9334.631,1966.141,5922.513,9474.952,1955.12,5549.314,9219.224,1951.155,5364.083,9377.391,1976.812,5380.448,9686.744,1992.067,5361.513,9219.33,2014.702,5729.587,9229.028,1978.241,5485.396,9520.093,2030.728,5296.59,9315.834,1981.396,5825.938,9380.622,2020.255,5734.972,9415.66,2016.508,5457.991,9552.488,1968.176,5544.411,9138.163,2008.945,5425.581,9406.096,1966.29,5803.573
9532.685,1975.98,5704.626,9335.048,1966.141,5924.667,9476.266,1955.12,5551.07,9219.306,1951.155,5364.152,9378.61,1976.812,5382.271,9686.243,1992.067,5363.648,9219.236,2014.702,5731.779,9226.854,1978.241,5485.141,9520.005,2030.728,5298.782,9316.538,1981.396,5828.015,9380.239,2020.255,5737.131,9417.483,2016.508,5456.772,9552.387,1968.176,5546.602,9137.915,2008.945,5427.73,9406.194,1966.29,5805.764
9532.854,1975.98,5706.091,9335.376,1966.141,5926.104,9477.11,1955.12,5552.278,9219.359,1951.155,5364.201,9379.47,1976.812,5383.469,9685.859,1992.067,5365.072,9219.222,2014.702,5733.253,9225.396,1978.241,5484.934,9519.994,2030.728,5300.256,9317.049,1981.396,5829.397,9379.978,2020.255,5738.581,9418.735,2016.508,5455.994,9552.366,1968.176,5548.077,9137.791,2008.945,5429.183,9406.309,1966.29,5807.234
9533.26,1975.98,5708.134,9335.905,1966.141,5928.119,9478.249,1955.12,5554.023,9219.434,1951.155,5364.271,9380.739,1976.812,5385.121,9685.326,1992.067,5367.086,9219.27,2014.702,5735.336,9223.346,1978.241,5484.591,9520.047,2030.728,5302.339,9317.823,1981.396,5831.331,9379.602,2020.255,5740.629,9420.539,2016.508,5454.952,9552.404,1968.176,5550.16,9137.676,2008.945,5431.241,9406.538,1966.29,5809.305
9533.621,1975.98,5710.327,9336.54,1966.141,5930.249,9479.403,1955.12,5555.922,9219.511,1951.155,5364.35,9382.107,1976.812,5386.87,9684.809,1992.067,5369.247,9219.393,2014.702,5737.555,9221.147,1978.241,5484.297,9519.831,2030.728,5304.55,9318.705,1981.396,5833.371,9379.202,2020.255,5742.813,9422.495,2016.508,5453.897,9552.516,1968.176,5552.379,9137.518,2008.945,5433.436,9406.855,1966.29,5811.504
9533.972,1975.98,5712.997,9337.394,1966.141,5932.803,9480.728,1955.12,5558.267,9219.603,1951.155,5364.448,9383.782,1976.812,5388.977,9684.096,1992.067,5371.844,9219.63,2014.702,5740.237,9218.473,1978.241,5484.029,9519.657,2030.728,5307.237,9319.84,1981.396,5835.813,9378.725,2020.255,5745.462,9424.901,2016.508,5452.689,9552.737,1968.176,5555.063,9137.279,2008.945,5436.095,9407.327,1966.29,5814.156
9534.465,1975.98,5715.606,9338.316,1966.141,5935.292,9481.959,1955.12,5560.62,9219.69,1951.155,5364.548,9385.446,1976.812,5391.044,9683.52,1992.067,5374.436,9219.95,2014.702,5742.874,9215.828,1978.241,5483.85,9519.573,2030.728,5309.892,9321.023,1981.396,5838.189,9378.271,2020.255,5748.077,9427.308,2016.508,5451.567,9553.041,1968.176,5557.701,9136.959,2008.945,5438.712,9407.706,1966.29,5816.784
9534.77,1975.98,5717.503,9339.043,1966.141,5937.071,9482.795,1955.12,5562.35,9219.752,1951.155,5364.623,9386.656,1976.812,5392.535,9683.041,1992.067,5376.297,9220.244,2014.702,5744.772,9213.911,1978.241,5483.784,9519.575,2030.728,5311.813,9321.926,1981.396,5839.885,9377.953,2020.255,5749.971,9429.071,2016.508,5450.806,9553.322,1968.176,5559.601,9136.665,2008.945,5440.599,9408.042,1966.29,5818.676
9535.041,1975.98,5719.635,9339.92,1966.141,5939.033,9483.667,1955.12,5564.313,9219.818,1951.155,5364.709,9388.015,1976.812,5394.198,9682.72,1992.067,5378.421,9220.643,2014.702,5746.884,9211.767,1978.241,5483.779,9519.36,2030.728,5313.951,9322.874,1981.396,5841.813,9377.611,2020.255,5752.092,9431.067,2016.508,5450.01,9553.705,1968.176,5561.716,9136.267,2008.945,5442.699,9408.486,1966.29,5820.778
9535.481,1975.98,5722.438,9341.083,1966.141,5941.621,9484.734,1955.12,5566.942,9219.902,1951.155,5364.827,9389.813,1976.812,5396.392,9682.204,1992.067,5381.211,9221.26,2014.702,5749.653,9208.936,1978.241,5483.866,9519.169,2030.728,5316.782,9324.043,1981.396,5844.399,9377.179,2020.255,5754.895,9433.731,2016.508,5449.035,9554.3,1968.176,5564.49,9135.649,2008.945,5445.456,9409.162,1966.29,5823.534
9535.55,1975.98,5722.994,9341.329,1966.141,5942.125,9484.929,1955.12,5567.468,9219.921,1951.155,5364.849,9390.167,1976.812,5396.825,9682.084,1992.067,5381.759,9221.399,2014.702,5750.196,9208.377,1978.241,5483.898,9519.149,2030.728,5317.342,9324.257,1981.396,5844.917,9377.106,2020.255,5755.45,9434.263,2016.508,5448.857,9554.435,1968.176,5565.034,9135.511,2008.945,5445.997,9409.313,1966.29,5824.074
9536.081,1975.98,5726.703,9342.973,1966.141,5945.491,9486.113,1955.12,5571.023,9220.041,1951.155,5364.998,9392.536,1976.812,5399.725,9681.163,1992.067,5385.391,9222.451,2014.702,5753.792,9204.651,1978.241,5484.209,9519.142,2030.728,5321.089,9325.577,1981.396,5848.423,9376.648,2020.255,5759.167,9437.847,2016.508,5447.768,9555.454,1968.176,5568.64,9134.475,2008.945,5449.583,9410.438,1966.29,5827.647
9536.327,1975.98,5728.942,9344.132,1966.141,5947.422,9486.756,1955.12,5573.182,9220.111,1951.155,5365.091,9393.954,1976.812,5401.473,9680.712,1992.067,5387.598,9223.154,2014.702,5755.932,9202.417,1978.241,5484.454,9519.122,2030.728,5323.341,9326.303,1981.396,5850.556,9376.399,2020.255,5761.405,9440.019,2016.508,5447.171,9556.136,1968.176,5570.787,9133.786,2008.945,5451.721,9411.184,1966.29,5829.773
9536.646,1975.98,5731.175,9345.229,1966.141,5949.393,9487.33,1955.12,5575.363,9220.179,1951.155,5365.188,9395.364,1976.812,5403.232,9680.188,1992.067,5389.792,9223.928,2014.702,5758.051,9200.187,1978.241,5484.758,9519.174,2030.728,5325.596,9326.96,1981.396,5852.713,9376.179,2020.255,5763.648,9442.208,2016.508,5446.632,9556.888,1968.176,5572.913,9133.031,2008.945,5453.841,9411.998,1966.29,5831.876
9537.141,1975.98,5733.382,9346.264,1966.141,5951.404,9487.835,1955.12,5577.567,9220.243,1951.155,5365.287,9396.765,1976.812,5405.007,9679.59,1992.067,5391.973,9224.772,2014.702,5760.148,9197.958,1978.241,5485.12,9519.3,2030.728,5327.854,9327.549,1981.396,5854.897,9375.987,2020.255,5765.901,9444.417,2016.508,5446.149,9557.709,1968.176,5575.02,9132.211,2008.945,5455.944,9412.882,1966.29,5833.958
9537.474,1975.98,5734.993,9346.968,1966.141,5952.89,9488.15,1955.12,5579.182,9220.292,1951.155,5365.358,9397.771,1976.812,5406.307,9679.208,1992.067,5393.573,9225.437,2014.702,5761.653,9196.345,1978.241,5485.425,9519.178,2030.728,5329.495,9327.926,1981.396,5856.498,9375.874,2020.255,5767.541,9446.032,2016.508,5445.84,9558.355,1968.176,5576.533,9131.568,2008.945,5457.455,9413.573,1966.29,5835.451
9537.966,1975.98,5736.909,9347.756,1966.141,5954.705,9488.468,1955.12,5581.134,9220.362,1951.155,5365.436,9398.964,1976.812,5407.884,9678.91,1992.067,5395.528,9226.294,2014.702,5763.436,9194.415,1978.241,5485.842,9519.095,2030.728,5331.471,9328.316,1981.396,5858.437,9375.768,2020.255,5769.515,9447.983,2016.508,5445.517,9559.191,1968.176,5578.326,9130.741,2008.945,5459.249,9414.462,1966.29,5837.218
9538.459,1975.98,5739.123,9348.591,1966.141,5956.814,9488.759,1955.12,5583.384,9220.44,1951.155,5365.528,9400.31,1976.812,5409.709,9678.495,1992.067,5397.759,9227.344,2014.702,5765.447,9192.214,1978.241,5486.378,9519.074,2030.728,5333.74,9328.692,1981.396,5860.674,9375.679,2020.255,5771.781,9450.229,2016.508,5445.201,9560.215,1968.176,5580.35,9129.731,2008.945,5461.276,9415.546,1966.29,5839.21
9539.165,1975.98,5741.543,9349.499,1966.141,5959.166,9489.002,1955.12,5585.894,9220.533,1951.155,5365.626,9401.776,1976.812,5411.759,9677.953,1992.067,5400.221,9228.583,2014.702,5767.643,9189.784,1978.241,5487.036,9519.134,2030.728,5336.26,9329.191,1981.396,5863.146,9375.662,2020.255,5774.303,9452.733,2016.508,5444.91,9561.424,1968.176,5582.563,9128.542,2008.945,5463.496,9416.678,1966.29,5841.463
9539.814,1975.98,5744.077,9350.479,1966.141,5961.591,9489.17,1955.12,5588.504,9220.626,1951.155,5365.731,9403.264,1976.812,5413.909,9677.632,1992.067,5402.817,9229.942,2014.702,5769.878,9187.281,1978.241,5487.783,9518.911,2030.728,5338.866,9329.793,1981.396,5865.691,9375.73,2020.255,5776.917,9455.337,2016.508,5444.667,9562.751,1968.176,5584.816,9127.24,2008.945,5465.762,9417.775,1966.29,5843.838
9540.18,1975.98,5745.722,9351.058,1966.141,5963.173,9489.224,1955.12,5590.188,9220.685,1951.155,5365.802,9404.197,1976.812,5415.311,9677.465,1992.067,5404.493,9230.864,2014.702,5771.288,9185.682,1978.241,5488.305,9518.822,2030.728,5340.548,9330.234,1981.396,5867.317,9375.829,2020.255,5778.599,9457.017,2016.508,5444.548,9563.652,1968.176,5586.24,9126.359,2008.945,5467.196,9418.432,1966.29,5845.39
9540.833,1975.98,5747.904,9351.631,1966.141,5965.378,9489.224,1955.12,5592.466,9220.761,1951.155,5365.9,9405.424,1976.812,5417.229,9677.165,1992.067,5406.751,9232.173,2014.702,5773.153,9183.538,1978.241,5489.066,9518.631,2030.728,5342.818,9330.842,1981.396,5869.513,9376.037,2020.255,5780.867,9459.291,2016.508,5444.434,9564.932,1968.176,5588.124,9125.111,2008.945,5469.1,9419.25,1966.29,5847.516
9541.416,1975.98,5750.111,9352.277,1966.141,5967.567,9489.149,1955.12,5594.748,9220.846,1951.155,5365.992,9406.614,1976.812,5419.176,9676.791,1992.067,5409.003,9233.545,2014.702,5774.978,9181.409,1978.241,5489.883,9518.368,2030.728,5345.085,9331.522,1981.396,5871.692,9376.32,2020.255,5783.132,9461.572,2016.508,5444.364,9566.273,1968.176,5589.97,9123.806,2008.945,5470.97,9420.079,1966.29,5849.642
9542.564,1975.98,5753.08,9353.279,1966.141,5970.588,9488.943,1955.12,5597.924,9220.963,1951.155,5366.123,9408.216,1976.812,5421.925,9676.305,1992.067,5412.148,9235.54,2014.702,5777.458,9178.471,1978.241,5491.099,9517.903,2030.728,5348.234,9332.846,1981.396,5874.587,9376.818,2020.255,5786.276,9464.754,2016.508,5444.325,9568.227,1968.176,5592.483,9121.91,2008.945,5473.525,9421.138,1966.29,5852.644
9543.067,1975.98,5754.518,9353.806,1966.141,5972.019,9488.796,1955.12,5599.44,9221.018,1951.155,5366.188,9408.953,1976.812,5423.259,9676.022,1992.067,5413.646,9236.533,2014.702,5778.614,9177.079,1978.241,5491.716,9517.636,2030.728,5349.734,9333.572,1981.396,5875.926,9377.105,2020.255,5787.773,9466.277,2016.508,5444.332,9569.2,1968.176,5593.656,9120.968,2008.945,5474.722,9421.594,1966.29,5854.098
9544.528,1975.98,5759.18,9355.643,1966.141,5976.545,9488.166,1955.12,5604.285,9221.186,1951.155,5366.404,9411.217,1976.812,5427.586,9674.961,1992.067,5418.415,9239.837,2014.702,5782.212,9172.67,1978.241,5493.81,9516.634,2030.728,5354.515,9335.761,1981.396,5880.293,9378.184,2020.255,5792.538,9471.159,2016.508,5444.427,9572.439,1968.176,5597.313,9117.839,2008.945,5478.471,9423.208,1966.29,5858.709
9544.896,1975.98,5760.504,9356.201,1966.141,5977.802,9487.945,1955.12,5605.642,9221.238,1951.155,5366.461,9411.823,1976.812,5428.82,9674.421,1992.067,5419.679,9240.8,2014.702,5783.194,9171.444,1978.241,5494.43,9516.396,2030.728,5355.87,9336.489,1981.396,5881.459,9378.53,2020.255,5793.868,9472.533,2016.508,5444.47,9573.384,1968.176,5598.313,9116.929,2008.945,5479.501,9423.704,1966.29,5859.991
9545.218,1975.98,5761.829,9356.795,1966.141,5979.028,9487.683,1955.12,5606.979,9221.289,1951.155,5366.52,9412.394,1976.812,5430.057,9673.928,1992.067,5420.95,9241.785,2014.702,5784.135,9170.245,1978.241,5495.076,9516.204,2030.728,5357.219,9337.173,1981.396,5882.638,9378.917,2020.255,5795.175,9473.895,2016.508,5444.528,9574.351,1968.176,5599.272,9115.998,2008.945,5480.497,9424.237,1966.29,5861.245
9545.412,1975.98,5762.568,9357.15,1966.141,5979.706,9487.511,1955.12,5607.724,9221.316,1951.155,5366.554,9412.696,1976.812,5430.759,9673.674,1992.067,5421.671,9242.355,2014.702,5784.645,9169.582,1978.241,5495.455,9516.121,2030.728,5357.979,9337.535,1981.396,5883.312,9379.158,2020.255,5795.9,9474.658,2016.508,5444.567,9574.91,1968.176,5599.793,9115.461,2008.945,5481.041,9424.54,1966.29,5861.947
9546.42,1975.98,5766.998,9359.394,1966.141,5983.656,9486.35,1955.12,5612.116,9221.474,1951.155,5366.762,9414.384,1976.812,5434.976,9672.213,1992.067,5425.973,9245.838,2014.702,5787.561,9165.701,1978.241,5497.81,9515.777,2030.728,5362.508,9339.699,1981.396,5887.306,9380.73,2020.255,5800.162,9479.19,2016.508,5444.84,9578.333,1968.176,5602.78,9112.181,2008.945,5484.181,9426.39,1966.29,5866.096
9546.587,1975.98,5768.713,9360.293,1966.141,5985.126,9485.964,1955.12,5613.796,9221.531,1951.155,5366.844,9414.981,1976.812,5436.593,9671.712,1992.067,5427.623,9247.195,2014.702,5788.624,9164.252,1978.241,5498.742,9515.703,2030.728,5364.231,9340.471,1981.396,5888.848,9381.265,2020.255,5801.801,9480.91,2016.508,5444.952,9579.595,1968.176,5603.955,9110.903,2008.945,5485.339,9426.932,1966.29,5867.733
9546.708,1975.98,5769.645,9360.68,1966.141,5985.982,9485.783,1955.12,5614.718,9221.562,1951.155,5366.89,9415.283,1976.812,5437.482,9671.396,1992.067,5428.507,9247.953,2014.702,5789.179,9163.476,1978.241,5499.27,9515.69,2030.728,5365.17,9340.889,1981.396,5889.689,9381.584,2020.255,5802.685,9481.845,2016.508,5445.042,9580.261,1968.176,5604.618,9110.19,2008.945,5485.95,9427.256,1966.29,5868.614
9547.371,1975.98,5773.696,9361.904,1966.141,5989.9,9485.128,1955.12,5618.77,9221.659,1951.155,5367.11,9416.493,1976.812,5441.404,9670.117,1992.067,5432.408,9251.344,2014.702,5791.493,9160.145,1978.241,5501.665,9515.76,2030.728,5369.274,9342.595,1981.396,5893.423,9382.68,2020.255,5806.641,9485.917,2016.508,5445.559,9583.074,1968.176,5607.607,9107.005,2008.945,5488.538,9428.798,1966.29,5872.419
9547.482,1975.98,5774.262,9362.095,1966.141,5990.445,9485.055,1955.12,5619.342,9221.674,1951.155,5367.141,9416.647,1976.812,5441.959,9669.92,1992.067,5432.95,9251.83,2014.702,5791.803,9159.686,1978.241,5502.014,9515.787,2030.728,5369.85,9342.817,1981.396,5893.955,9382.852,2020.255,5807.191,9486.486,2016.508,5445.649,9583.455,1968.176,5608.04,9106.548,2008.945,5488.889,9429.031,1966.29,5872.946
9548.112,1975.98,5777.017,9363.112,1966.141,5993.082,9484.787,1955.12,5622.155,9221.752,1951.155,5367.291,9417.328,1976.812,5444.702,9669.041,1992.067,5435.636,9254.264,2014.702,5793.24,9157.482,1978.241,5503.782,9516.004,2030.728,5372.668,9343.822,1981.396,5896.597,9383.783,2020.255,5809.859,9489.263,2016.508,5446.177,9585.254,1968.176,5610.22,9104.263,2008.945,5490.551,9430.092,1966.29,5875.566
9548.871,1975.98,5779.897,9364.275,1966.141,5995.824,9484.602,1955.12,5625.128,9221.84,1951.155,5367.447,9417.963,1976.812,5447.612,9668.207,1992.067,5438.495,9256.877,2014.702,5794.669,9155.211,1978.241,5505.707,9516.321,2030.728,5375.629,9344.792,1981.396,5899.413,9384.697,2020.255,5812.694,9492.17,2016.508,5446.823,9587.073,1968.176,5612.578,9101.809,2008.945,5492.238,9431.55,1966.29,5878.163
9549.436,1975.98,5781.787,9365.244,1966.141,5997.541,9484.544,1955.12,5627.099,9221.902,1951.155,5367.549,9418.328,1976.812,5449.549,9667.506,1992.067,5440.337,9258.637,2014.702,5795.559,9153.742,1978.241,5507.021,9516.59,2030.728,5377.582,9345.494,1981.396,5901.255,9385.23,2020.255,5814.592,9494.08,2016.508,5447.31,9588.226,1968.176,5614.178,9100.155,2008.945,5493.312,9432.458,1966.29,5879.913
9549.669,1975.98,5782.651,9365.658,1966.141,5998.334,9484.547,1955.12,5627.994,9221.925,1951.155,5367.599,9418.469,1976.812,5450.433,9667.215,1992.067,5441.184,9259.448,2014.702,5795.936,9153.092,1978.241,5507.636,9516.738,2030.728,5378.465,9345.841,1981.396,5902.081,9385.482,2020.255,5815.452,9494.94,2016.508,5447.557,9588.725,1968.176,5614.921,9099.392,2008.945,5493.779,9432.845,1966.29,5880.72
9550.72,1975.98,5786.086,9367.216,1966.141,6001.572,9484.676,1955.12,5631.584,9222.022,1951.155,5367.796,9418.928,1976.812,5453.996,9666.159,1992.067,5444.618,9262.754,2014.702,5797.344,9150.55,1978.241,5510.174,9517.439,2030.728,5381.988,9346.842,1981.396,5905.531,9386.35,2020.255,5818.938,9498.361,2016.508,5448.655,9590.63,1968.176,5617.967,9096.281,2008.945,5495.577,9434.288,1966.29,5884.01
9551.324,1975.98,5787.853,9367.97,1966.141,6003.281,9484.804,1955.12,5633.447,9222.077,1951.155,5367.898,9419.112,1976.812,5455.854,9665.669,1992.067,5446.42,9264.495,2014.702,5798.019,9149.266,1978.241,5511.529,9517.858,2030.728,5383.808,9347.216,1981.396,5907.361,9386.859,2020.255,5820.734,9500.121,2016.508,5449.28,9591.567,1968.176,5619.582,9094.642,2008.945,5496.469,9434.981,1966.29,5885.744
9552.002,1975.98,5790.07,9368.836,1966.141,6005.431,9485.038,1955.12,5635.753,9222.15,1951.155,5368.024,9419.417,1976.812,5458.152,9665.134,1992.067,5448.676,9266.683,2014.702,5798.785,9147.719,1978.241,5513.255,9518.445,2030.728,5386.05,9347.754,1981.396,5909.616,9387.457,2020.255,5822.974,9502.279,2016.508,5450.125,9592.666,1968.176,5621.624,9092.577,2008.945,5497.523,9435.771,1966.29,5887.923
9553.341,1975.98,5793.985,9370.256,1966.141,6009.318,9485.59,1955.12,5639.854,9222.289,1951.155,5368.245,9420.094,1976.812,5462.234,9664.312,1992.067,5452.731,9270.63,2014.702,5800.025,9145.046,1978.241,5516.413,9519.613,2030.728,5390.019,9348.845,1981.396,5913.607,9388.334,2020.255,5827.018,9506.082,2016.508,5451.757,9594.508,1968.176,5625.329,9088.846,2008.945,5499.31,9437.054,1966.29,5891.857
9553.546,1975.98,5794.527,9370.473,1966.141,6009.855,9485.686,1955.12,5640.426,9222.31,1951.155,5368.276,9420.207,1976.812,5462.803,9664.215,1992.067,5453.303,9271.182,2014.702,5800.205,9144.685,1978.241,5516.866,9519.793,2030.728,5390.57,9349.001,1981.396,5914.165,9388.438,2020.255,5827.588,9506.607,2016.508,5452.002,9594.749,1968.176,5625.856,9088.316,2008.945,5499.546,9437.289,1966.29,5892.387
9554.635,1975.98,5797.502,9371.56,1966.141,6012.832,9486.311,1955.12,5643.532,9222.429,1951.155,5368.441,9420.929,1976.812,5465.888,9663.79,1992.067,5456.443,9274.222,2014.702,5801.096,9142.779,1978.241,5519.397,9520.866,2030.728,5393.551,9349.955,1981.396,5917.187,9388.906,2020.255,5830.722,9509.434,2016.508,5453.435,9595.972,1968.176,5628.779,9085.393,2008.945,5500.765,9438.479,1966.29,5895.324
9555.746,1975.98,5799.542,9372.334,1966.141,6015.022,9486.843,1955.12,5645.793,9222.513,1951.155,5368.566,9421.531,1976.812,5468.131,9663.61,1992.067,5458.759,9276.452,2014.702,5801.745,9141.437,1978.241,5521.292,9521.718,2030.728,5395.712,9350.878,1981.396,5919.319,9389.175,2020.255,5833.03,9511.472,2016.508,5454.55,9596.798,1968.176,5630.95,9083.227,2008.945,5501.603,9439.281,1966.29,5897.504
9556.504,1975.98,5801.05,9372.948,1966.141,6016.593,9487.282,1955.12,5647.422,9222.577,1951.155,5368.656,9422.022,1976.812,5469.746,9663.425,1992.067,5460.436,9278.052,2014.702,5802.25,9140.501,1978.241,5522.696,9522.383,2030.728,5397.263,9351.497,1981.396,5920.888,9389.315,2020.255,5834.711,9512.925,2016.508,5455.406,9597.347,1968.176,5632.545,9081.639,2008.945,5502.171,9439.812,1966.29,5899.105
9557.357,1975.98,5802.895,9373.75,1966.141,6018.461,9487.876,1955.12,5649.367,9222.652,1951.155,5368.768,9422.678,1976.812,5471.67,9663.136,1992.067,5462.448,9279.997,2014.702,5802.836,9139.424,1978.241,5524.419,9523.239,2030.728,5399.106,9352.181,1981.396,5922.803,9389.419,2020.255,5836.741,9514.643,2016.508,5456.493,9597.945,1968.176,5634.488,9079.708,2008.945,5502.806,9440.476,1966.29,5901.027
9558.376,1975.98,5805.059,9374.645,1966.141,6020.68,9488.648,1955.12,5651.631,9222.734,1951.155,5368.904,9423.522,1976.812,5473.908,9662.438,1992.067,5464.736,9282.282,2014.702,5803.54,9138.217,1978.241,5526.484,9524.312,2030.728,5401.244,9353.02,1981.396,5925.043,9389.463,2020.255,5839.133,9516.622,2016.508,5457.835,9598.574,1968.176,5636.796,9077.417,2008.945,5503.494,9441.182,1966.29,5903.313
9560.839,1975.98,5809.352,9376.343,1966.141,6025.329,9490.397,1955.12,5656.26,9222.916,1951.155,5369.182,9425.42,1976.812,5478.479,9661.149,1992.067,5469.514,9286.989,2014.702,5805.061,9135.846,1978.241,5530.828,9526.661,2030.728,5405.599,9354.603,1981.396,5929.732,9389.394,2020.255,5844.081,9520.629,2016.508,5460.74,9599.721,1968.176,5641.611,9072.644,2008.945,5504.794,9442.598,1966.29,5908.055
9561.713,1975.98,5810.998,9376.946,1966.141,6027.091,9491.112,1955.12,5657.981,9222.989,1951.155,5369.287,9426.19,1976.812,5480.175,9660.724,1992.067,5471.328,9288.766,2014.702,5805.623,9135.002,1978.241,5532.489,9527.594,2030.728,5407.211,9355.141,1981.396,5931.516,9389.308,2020.255,5845.942,9522.103,2016.508,5461.88,9600.093,1968.176,5643.436,9070.834,2008.945,5505.236,9443.072,1966.29,5909.856
9562.408,1975.98,5812.417,9377.507,1966.141,6028.569,9491.766,1955.12,5659.42,9223.049,1951.155,5369.378,9426.891,1976.812,5481.592,9660.413,1992.067,5472.877,9290.259,2014.702,5806.14,9134.329,1978.241,5533.919,9528.426,2030.728,5408.555,9355.548,1981.396,5933.043,9389.184,2020.255,5847.518,9523.321,2016.508,5462.887,9600.358,1968.176,5644.994,9069.289,2008.945,5505.571,9443.425,1966.29,5911.397
9562.646,1975.98,5812.948,9377.73,1966.141,6029.105,9492.023,1955.12,5659.942,9223.072,1951.155,5369.411,9427.165,1976.812,5482.105,9660.317,1992.067,5473.451,9290.802,2014.702,5806.349,9134.098,1978.241,5534.453,9528.747,2030.728,5409.04,9355.751,1981.396,5933.588,9389.157,2020.255,5848.099,9523.758,2016.508,5463.271,9600.438,1968.176,5645.57,9068.718,2008.945,5505.679,9443.574,1966.29,5911.959
9563.795,1975.98,5815.282,9378.778,1966.141,6031.486,9493.25,1955.12,5662.236,9223.177,1951.155,5369.559,9428.468,1976.812,5484.356,9659.974,1992.067,5476.03,9293.198,2014.702,5807.359,9133.134,1978.241,5536.868,9530.247,2030.728,5411.165,9356.581,1981.396,5936.053,9389.124,2020.255,5850.7,9525.656,2016.508,5465.048,9600.707,1968.176,5648.158,9066.15,2008.945,5506.095,9444.16,1966.29,5914.494
9564.755,1975.98,5817.406,9379.647,1966.141,6033.65,9494.416,1955.12,5664.255,9223.289,1951.155,5369.68,9429.7,1976.812,5486.335,9659.526,1992.067,5478.318,9295.315,2014.702,5808.335,9132.335,1978.241,5539.059,9531.648,2030.728,5413.028,9357.253,1981.396,5938.286,9389.17,2020.255,5853.031,9527.308,2016.508,5466.693,9600.873,1968.176,5650.483,9063.841,2008.945,5506.408,9444.61,1966.29,5916.781
9565.646,1975.98,5819.563,9380.445,1966.141,6035.842,9495.647,1955.12,5666.236,9223.398,1951.155,5369.805,9430.998,1976.812,5488.274,9658.919,1992.067,5480.57,9297.401,2014.702,5809.38,9131.603,1978.241,5541.273,9533.107,2030.728,5414.848,9357.852,1981.396,5940.541,9389.293,2020.255,5855.36,9528.909,2016.508,5468.39,9600.964,1968.176,5652.814,9061.522,2008.945,5506.661,9444.985,1966.29,5919.084
9566.606,1975.98,5821.689,9381.172,1966.141,6038.059,9496.813,1955.12,5668.257,9223.504,1951.155,5369.936,9432.333,1976.812,5490.188,9658.386,1992.067,5482.842,9299.452,2014.702,5810.493,9130.938,1978.241,5543.51,9534.621,2030.728,5416.624,9358.376,1981.396,5942.814,9389.492,2020.255,5857.685,9530.457,2016.508,5470.136,9601.131,1968.176,5655.142,9059.197,2008.945,5506.852,9445.003,1966.29,5921.417
9567.498,1975.98,5823.848,9382.024,1966.141,6040.233,9497.914,1955.12,5670.317,9223.606,1951.155,5370.071,9433.595,1976.812,5492.153,9657.927,1992.067,5485.132,9301.468,2014.702,5811.673,9130.342,1978.241,5545.768,9536.19,2030.728,5418.354,9358.826,1981.396,5945.105,9389.768,2020.255,5860.004,9531.952,2016.508,5471.93,9601.374,1968.176,5657.464,9056.866,2008.945,5506.981,9445.097,1966.29,5923.75
9568.386,1975.98,5826.008,9382.806,1966.141,6042.435,9498.946,1955.12,5672.413,9223.706,1951.155,5370.21,9434.901,1976.812,5494.089,9657.543,1992.067,5487.436,9303.443,2014.702,5812.919,9129.814,1978.241,5548.042,9537.812,2030.728,5420.034,9359.666,1981.396,5947.285,9390.118,2020.255,5862.313,9533.392,2016.508,5473.769,9601.692,1968.176,5659.778,9054.532,2008.945,5507.048,9445.267,1966.29,5926.08
9569.641,1975.98,5828.801,9383.924,1966.141,6045.285,9500.209,1955.12,5675.202,9223.832,1951.155,5370.4,9436.689,1976.812,5496.573,9657.139,1992.067,5490.47,9305.979,2014.702,5814.636,9129.026,1978.241,5551.001,9540.004,2030.728,5422.171,9360.674,1981.396,5950.176,9390.677,2020.255,5865.324,9535.204,2016.508,5476.235,9602.209,1968.176,5662.796,9051.477,2008.945,5507.237,9445.588,1966.29,5929.125
9570.124,1975.98,5830.645,9384.327,1966.141,6047.148,9500.938,1955.12,5676.963,9223.903,1951.155,5370.525,9437.85,1976.812,5498.086,9656.698,1992.067,5492.325,9307.521,2014.702,5815.756,9128.476,1978.241,5552.826,9541.41,2030.728,5423.458,9361.243,1981.396,5951.996,9391.086,2020.255,5867.186,9536.286,2016.508,5477.805,9602.592,1968.176,5664.664,9049.578,2008.945,5507.417,9445.849,1966.29,5931.013
9570.707,1975.98,5832.604,9384.824,1966.141,6049.13,9501.657,1955.12,5678.876,9223.98,1951.155,5370.66,9439.141,1976.812,5499.67,9656.291,1992.067,5494.328,9309.135,2014.702,5817.01,9127.821,1978.241,5554.762,9542.959,2030.728,5424.791,9361.79,1981.396,5953.965,9391.59,2020.255,5869.167,9537.394,2016.508,5479.522,9603.067,1968.176,5666.651,9047.551,2008.945,5507.675,9446.193,1966.29,5933.027
9571.736,1975.98,5835.691,9385.661,1966.141,6052.276,9502.703,1955.12,5681.959,9224.088,1951.155,5370.885,9441.113,1976.812,5502.26,9655.748,1992.067,5497.537,9311.638,2014.702,5819.091,9126.679,1978.241,5557.811,9545.492,2030.728,5426.836,9362.56,1981.396,5957.128,9392.495,2020.255,5872.293,9539.075,2016.508,5482.309,9603.929,1968.176,5669.79,9044.337,2008.945,5508.193,9446.846,1966.29,5936.216
9572.267,1975.98,5837.16,9386.111,1966.141,6053.771,9503.156,1955.12,5683.453,9224.144,1951.155,5370.994,9442.019,1976.812,5503.532,9655.438,1992.067,5499.067,9312.805,2014.702,5820.127,9126.083,1978.241,5559.254,9546.737,2030.728,5427.778,9362.88,1981.396,5958.656,9392.978,2020.255,5873.778,9539.841,2016.508,5483.669,9604.391,1968.176,5671.281,9042.805,2008.945,5508.492,9447.208,1966.29,5937.735
9573.435,1975.98,5840.088,9386.922,1966.141,6056.819,9503.72,1955.12,5686.556,9224.265,1951.155,5371.21,9443.762,1976.812,5506.16,9654.714,1992.067,5502.136,9315.093,2014.702,5822.297,9124.786,1978.241,5562.128,9549.31,2030.728,5429.601,9363.427,1981.396,5961.762,9393.883,2020.255,5876.799,9541.304,2016.508,5486.462,9605.27,1968.176,5674.309,9039.731,2008.945,5509.196,9448.038,1966.29,5940.777
9574.357,1975.98,5843.071,9387.989,1966.141,6059.752,9504.378,1955.12,5689.607,9224.394,1951.155,5371.423,9445.401,1976.812,5508.816,9653.9,1992.067,5505.15,9317.286,2014.702,5824.519,9123.409,1978.241,5564.93,9551.912,2030.728,5431.325,9363.868,1981.396,5964.852,9394.877,2020.255,5879.758,9542.668,2016.508,5489.27,9606.202,1968.176,5677.289,9036.713,2008.945,5509.993,9448.956,1966.29,5943.761
9574.696,1975.98,5844.052,9388.315,1966.141,6060.738,9504.63,1955.12,5690.615,9224.436,1951.155,5371.496,9445.917,1976.812,5509.717,9653.598,1992.067,5506.143,9317.991,2014.702,5825.281,9122.921,1978.241,5565.846,9552.795,2030.728,5431.87,9363.981,1981.396,5965.884,9395.153,2020.255,5880.759,9543.094,2016.508,5490.217,9606.479,1968.176,5678.289,9035.718,2008.945,5510.29,9449.293,1966.29,5944.743
9575.415,1975.98,5845.931,9388.885,1966.141,6062.667,9505.182,1955.12,5692.549,9224.516,1951.155,5371.639,9446.859,1976.812,5511.494,9652.95,1992.067,5508.047,9319.308,2014.702,5826.801,9121.918,1978.241,5567.589,9554.538,2030.728,5432.872,9364.137,1981.396,5967.889,9395.752,2020.255,5882.679,9543.862,2016.508,5492.075,9606.953,1968.176,5680.244,9033.811,2008.945,5510.929,9450.007,1966.29,5946.623
9576.648,1975.98,5848.863,9389.686,1966.141,6065.745,9506.351,1955.12,5695.507,9224.651,1951.155,5371.863,9448.257,1976.812,5514.352,9651.831,1992.067,5511.025,9321.311,2014.702,5829.273,9120.246,1978.241,5570.295,9557.345,2030.728,5434.369,9364.28,1981.396,5971.066,9396.724,2020.255,5885.708,9544.989,2016.508,5495.05,9607.804,1968.176,5683.309,9030.827,2008.945,5512.032,9451.231,1966.29,5949.558
9578.033,1975.98,5851.874,9390.414,1966.141,6068.978,9507.681,1955.12,5698.543,9224.803,1951.155,5372.096,9449.614,1976.812,5517.375,9650.567,1992.067,5514.088,9323.312,2014.702,5831.915,9118.417,1978.241,5573.059,9560.317,2030.728,5435.834,9364.538,1981.396,5974.371,9397.744,2020.255,5888.86,9546.07,2016.508,5498.183,9608.724,1968.176,5686.493,9027.756,2008.945,5513.277,9452.407,1966.29,5952.657
9579.397,1975.98,5854.602,9391.042,1966.141,6071.963,9508.813,1955.12,5701.375,9224.952,1951.155,5372.309,9450.99,1976.812,5520.098,9649.315,1992.067,5516.87,9325.072,2014.702,5834.405,9116.654,1978.241,5575.548,9563.095,2030.728,5437.095,9364.875,1981.396,5977.402,9398.502,2020.255,5891.815,9546.978,2016.508,5501.094,9609.666,1968.176,5689.394,9024.967,2008.945,5514.511,9453.396,1966.29,5955.542
9580.291,1975.98,5856.252,9391.368,1966.141,6073.811,9509.451,1955.12,5703.14,9225.049,1951.155,5372.44,9451.814,1976.812,5521.784,9648.602,1992.067,5518.605,9326.105,2014.702,5835.972,9115.522,1978.241,5577.044,9564.827,2030.728,5437.815,9365.144,1981.396,5979.259,9399.027,2020.255,5893.617,9547.481,2016.508,5502.902,9610.263,1968.176,5691.173,9023.275,2008.945,5515.323,9453.945,1966.29,5957.337
9580.964,1975.98,5857.403,9391.626,1966.141,6075.119,9509.912,1955.12,5704.391,9225.115,1951.155,5372.537,9452.36,1976.812,5523,9648.135,1992.067,5519.854,9326.803,2014.702,5837.109,9114.686,1978.241,5578.083,9566.074,2030.728,5438.288,9365.377,1981.396,5980.572,9399.442,2020.255,5894.884,9547.801,2016.508,5504.196,9610.742,1968.176,5692.417,9022.092,2008.945,5515.938,9454.294,1966.29,5958.624
9581.242,1975.98,5857.917,9391.758,1966.141,6075.689,9510.132,1955.12,5704.933,9225.146,1951.155,5372.579,9452.582,1976.812,5523.541,9647.921,1992.067,5520.398,9327.095,2014.702,5837.615,9114.305,1978.241,5578.526,9566.627,2030.728,5438.478,9365.498,1981.396,5981.144,9399.596,2020.255,5895.448,9547.924,2016.508,5504.768,9610.944,1968.176,5692.966,9021.582,2008.945,5516.224,9454.465,1966.29,5959.183
9582.883,1975.98,5860.723,9392.594,1966.141,6078.83,9511.255,1955.12,5707.982,9225.321,1951.155,5372.807,9453.827,1976.812,5526.542,9646.664,1992.067,5523.394,9328.628,2014.702,5840.481,9112.112,1978.241,5580.926,9569.733,2030.728,5439.432,9366.096,1981.396,5984.338,9400.55,2020.255,5898.555,9548.511,2016.508,5507.964,9612.167,1968.176,5695.978,9018.799,2008.945,5517.901,9455.802,1966.29,5962.145
9583.668,1975.98,5862.172,9393.069,1966.141,6080.408,9511.875,1955.12,5709.51,9225.408,1951.155,5372.928,9454.409,1976.812,5528.085,9645.994,1992.067,5524.899,9329.357,2014.702,5841.959,9110.963,1978.241,5582.107,9571.323,2030.728,5439.865,9366.452,1981.396,5985.948,9401.085,2020.255,5900.114,9548.76,2016.508,5509.594,9612.737,1968.176,5697.524,9017.415,2008.945,5518.796,9456.534,1966.29,5963.622
9585.063,1975.98,5864.559,9394.05,1966.141,6082.993,9512.831,1955.12,5712.104,9225.575,1951.155,5373.117,9455.3,1976.812,5530.703,9644.815,1992.067,5527.399,9330.499,2014.702,5844.478,9108.974,1978.241,5584.028,9574.013,2030.728,5440.506,9367.138,1981.396,5988.626,9401.753,2020.255,5902.797,9549.095,2016.508,5512.338,9613.777,1968.176,5700.086,9015.142,2008.945,5520.37,9457.682,1966.29,5966.138
9586.076,1975.98,5866.677,9394.826,1966.141,6085.208,9513.714,1955.12,5714.279,9225.727,1951.155,5373.274,9455.982,1976.812,5532.948,9643.768,1992.067,5529.499,9331.397,2014.702,5846.646,9107.234,1978.241,5585.604,9576.313,2030.728,5440.976,9367.794,1981.396,5990.88,9402.226,2020.255,5905.097,9549.309,2016.508,5514.676,9614.589,1968.176,5702.289,9013.255,2008.945,5521.766,9458.696,1966.29,5968.254
9586.916,1975.98,5868.871,9395.531,1966.141,6087.449,9514.526,1955.12,5716.484,9225.875,1951.155,5373.438,9456.592,1976.812,5535.217,9642.672,1992.067,5531.577,9332.226,2014.702,5848.845,9105.445,1978.241,5587.127,9578.628,2030.728,5441.373,9368.515,1981.396,5993.117,9402.773,2020.255,5907.381,9549.452,2016.508,5517.021,9615.47,1968.176,5704.467,9011.411,2008.945,5523.222,9459.643,1966.29,5970.405
9588.109,1975.98,5871.707,9396.473,1966.141,6090.378,9515.684,1955.12,5719.334,9226.064,1951.155,5373.662,9457.292,1976.812,5538.213,9641.177,1992.067,5534.265,9333.216,2014.702,5851.758,9103.041,1978.241,5589.046,9581.676,2030.728,5441.793,9369.305,1981.396,5996.09,9403.589,2020.255,5910.348,9549.547,2016.508,5520.096,9616.943,1968.176,5707.168,9009.059,2008.945,5525.205,9460.788,1966.29,5973.261
9589.179,1975.98,5874.032,9397.176,1966.141,6092.839,9516.724,1955.12,5721.673,9226.219,1951.155,5373.857,9457.793,1976.812,5540.723,9639.884,1992.067,5536.473,9333.959,2014.702,5854.207,9100.991,1978.241,5590.579,9584.221,2030.728,5442.062,9369.767,1981.396,5998.607,9404.037,2020.255,5912.868,9549.549,2016.508,5522.655,9618.095,1968.176,5709.454,9007.154,2008.945,5526.915,9461.663,1966.29,5975.666
9590.229,1975.98,5876.133,9397.747,1966.141,6095.118,9517.459,1955.12,5723.904,9226.357,1951.155,5374.044,9458.177,1976.812,5543.04,9638.653,1992.067,5538.473,9334.567,2014.702,5856.475,9099.067,1978.241,5591.926,9586.563,2030.728,5442.233,9370.266,1981.396,6000.903,9404.523,2020.255,5915.166,9549.479,2016.508,5525.002,9619.365,1968.176,5711.429,9005.457,2008.945,5528.538,9462.394,1966.29,5977.898
9591.191,1975.98,5877.908,9398.003,1966.141,6097.12,9518.153,1955.12,5725.799,9226.479,1951.155,5374.207,9458.441,1976.812,5545.042,9637.559,1992.067,5540.168,9335.026,2014.702,5858.441,9097.378,1978.241,5593.031,9588.571,2030.728,5442.444,9370.574,1981.396,6002.898,9405.006,2020.255,5917.125,9549.485,2016.508,5527.021,9620.401,1968.176,5713.162,9004.043,2008.945,5529.979,9462.958,1966.29,5979.836
9592.201,1975.98,5879.634,9398.321,1966.141,6099.095,9518.902,1955.12,5727.654,9226.623,1951.155,5374.351,9458.639,1976.812,5547.032,9636.442,1992.067,5541.827,9335.545,2014.702,5860.373,9095.671,1978.241,5594.074,9590.553,2030.728,5442.718,9370.85,1981.396,6004.879,9405.781,2020.255,5918.969,9549.557,2016.508,5529.02,9621.373,1968.176,5714.91,9002.688,2008.945,5531.45,9463.454,1966.29,5981.773
9593.816,1975.98,5882.199,9398.9,1966.141,6102.07,9520.129,1955.12,5730.426,9226.838,1951.155,5374.578,9458.978,1976.812,5550.044,9634.713,1992.067,5544.314,9336.426,2014.702,5863.273,9093.036,1978.241,5595.572,9593.54,2030.728,5443.229,9371.365,1981.396,6007.866,9406.863,2020.255,5921.8,9549.765,2016.508,5532.043,9622.888,1968.176,5717.536,9000.707,2008.945,5533.744,9464.271,1966.29,5984.692
9594.727,1975.98,5884.178,9399.387,1966.141,6104.193,9521.068,1955.12,5732.391,9226.998,1951.155,5374.743,9459.412,1976.812,5552.178,9633.525,1992.067,5546.14,9337.127,2014.702,5865.335,9091.11,1978.241,5596.59,9595.674,2030.728,5443.665,9371.806,1981.396,6009.999,9407.574,2020.255,5923.859,9549.846,2016.508,5534.22,9623.914,1968.176,5719.457,8999.336,2008.945,5535.436,9464.926,1966.29,5986.77
9595.446,1975.98,5885.618,9399.797,1966.141,6105.749,9521.636,1955.12,5733.897,9227.113,1951.155,5374.87,9459.682,1976.812,5553.765,9632.69,1992.067,5547.516,9337.694,2014.702,5866.841,9089.665,1978.241,5597.298,9597.239,2030.728,5444.038,9372.183,1981.396,6011.563,9408.05,2020.255,5925.397,9549.854,2016.508,5535.829,9624.625,1968.176,5720.9,8998.363,2008.945,5536.718,9465.46,1966.29,5988.288
9596.901,1975.98,5888.543,9400.732,1966.141,6108.879,9522.887,1955.12,5736.916,9227.356,1951.155,5375.126,9460.27,1976.812,5556.979,9631.084,1992.067,5550.36,9339.241,2014.702,5869.719,9086.688,1978.241,5598.644,9600.392,2030.728,5444.897,9373.051,1981.396,6014.713,9408.728,2020.255,5928.593,9549.771,2016.508,5539.095,9626.095,1968.176,5723.818,8996.472,2008.945,5539.382,9466.894,1966.29,5991.224
9598.009,1975.98,5890.598,9401.192,1966.141,6111.167,9523.851,1955.12,5739.041,9227.532,1951.155,5375.316,9460.614,1976.812,5559.287,9630,1992.067,5552.427,9340.278,2014.702,5871.81,9084.532,1978.241,5599.539,9602.622,2030.728,5445.583,9373.744,1981.396,6016.942,9409.286,2020.255,5930.859,9549.638,2016.508,5541.425,9627.181,1968.176,5725.884,8995.182,2008.945,5541.327,9467.849,1966.29,5993.354
9598.797,1975.98,5891.951,9401.551,1966.141,6112.692,9524.544,1955.12,5740.445,9227.648,1951.155,5375.449,9460.91,1976.812,5560.824,9629.316,1992.067,5553.836,9340.928,2014.702,5873.235,9083.068,1978.241,5600.096,9604.104,2030.728,5446.09,9374.119,1981.396,6018.462,9409.71,2020.255,5932.367,9549.5,2016.508,5542.985,9627.863,1968.176,5727.293,8994.358,2008.945,5542.658,9468.442,1966.29,5994.803
9600.464,1975.98,5894.611,9402.369,1966.141,6115.722,9526.031,1955.12,5743.209,9227.874,1951.155,5375.727,9461.402,1976.812,5563.924,9628.035,1992.067,5556.701,9342.411,2014.702,5876.001,9080.103,1978.241,5601.123,9607.039,2030.728,5447.202,9374.971,1981.396,6021.483,9410.659,2020.255,5935.359,9549.125,2016.508,5546.101,9629.139,1968.176,5730.162,8992.792,2008.945,5545.378,9469.536,1966.29,5997.745
9601.34,1975.98,5895.912,9402.827,1966.141,6117.222,9526.806,1955.12,5744.573,9227.993,1951.155,5375.865,9461.598,1976.812,5565.48,9627.439,1992.067,5558.152,9343.106,2014.702,5877.406,9078.605,1978.241,5601.59,9608.487,2030.728,5447.803,9375.445,1981.396,6022.978,9411.155,2020.255,5936.847,9548.89,2016.508,5547.651,9629.721,1968.176,5731.618,8992.053,2008.945,5546.761,9470.034,1966.29,5999.231
9602.034,1975.98,5897.092,9403.27,1966.141,6118.518,9527.512,1955.12,5745.747,9228.095,1951.155,5375.991,9461.724,1976.812,5566.844,9626.959,1992.067,5559.435,9343.674,2014.702,5878.653,9077.312,1978.241,5602.041,9609.735,2030.728,5448.369,9375.902,1981.396,6024.269,9411.631,2020.255,5938.131,9548.642,2016.508,5548.999,9630.191,1968.176,5732.904,8991.368,2008.945,5547.948,9470.512,1966.29,6000.516
9603.807,1975.98,5900.284,9404.433,1966.141,6121.979,9529.291,1955.12,5748.935,9228.405,1951.155,5376.297,9461.94,1976.812,5570.488,9625.786,1992.067,5562.892,9345.076,2014.702,5882.024,9073.905,1978.241,5603.354,9613.011,2030.728,5449.98,9377.232,1981.396,6027.669,9413.009,2020.255,5941.512,9547.868,2016.508,5552.566,9631.558,1968.176,5736.29,8989.44,2008.945,5551.048,9472.104,1966.29,6003.801
9605.038,1975.98,5902.338,9405.27,1966.141,6124.223,9530.39,1955.12,5751.063,9228.608,1951.155,5376.511,9462.004,1976.812,5572.883,9625.088,1992.067,5565.183,9346.065,2014.702,5884.206,9071.699,1978.241,5604.289,9615.127,2030.728,5451.102,9378.178,1981.396,6029.87,9413.953,2020.255,5943.713,9547.288,2016.508,5554.89,9632.526,1968.176,5738.48,8988.109,2008.945,5553.04,9473.211,1966.29,6005.925
9606.645,1975.98,5905.207,9406.317,1966.141,6127.339,9531.801,1955.12,5754.033,9228.882,1951.155,5376.818,9461.984,1976.812,5576.17,9624.228,1992.067,5568.356,9347.682,2014.702,5887.069,9068.716,1978.241,5605.67,9617.983,2030.728,5452.73,9379.573,1981.396,6032.847,9415.175,2020.255,5946.766,9546.393,2016.508,5558.053,9633.953,1968.176,5741.442,8986.194,2008.945,5555.712,9474.634,1966.29,6008.889
9607.712,1975.98,5906.974,9407.039,1966.141,6129.273,9532.747,1955.12,5755.867,9229.052,1951.155,5377.022,9461.904,1976.812,5578.233,9623.75,1992.067,5570.364,9348.637,2014.702,5888.898,9066.872,1978.241,5606.598,9619.742,2030.728,5453.81,9380.388,1981.396,6034.744,9416.004,2020.255,5948.656,9545.769,2016.508,5560.021,9634.787,1968.176,5743.33,8984.938,2008.945,5557.349,9475.71,1966.29,6010.65
9608.031,1975.98,5907.466,9407.262,1966.141,6129.816,9532.999,1955.12,5756.397,9229.099,1951.155,5377.083,9461.862,1976.812,5578.818,9623.632,1992.067,5570.939,9348.925,2014.702,5889.41,9066.356,1978.241,5606.879,9620.232,2030.728,5454.133,9380.604,1981.396,6035.29,9416.24,2020.255,5949.193,9545.574,2016.508,5560.574,9634.993,1968.176,5743.879,8984.566,2008.945,5557.803,9476.035,1966.29,6011.138
9609.896,1975.98,5910.141,9408.599,1966.141,6132.79,9534.302,1955.12,5759.386,9229.362,1951.155,5377.422,9461.523,1976.812,5582.061,9623.077,1992.067,5574.152,9350.434,2014.702,5892.3,9063.546,1978.241,5608.532,9622.894,2030.728,5456.018,9381.779,1981.396,6038.331,9417.621,2020.255,5952.147,9544.396,2016.508,5563.614,9636.147,1968.176,5746.929,8982.417,2008.945,5560.254,9477.754,1966.29,6013.909
9611.512,1975.98,5912.305,9409.786,1966.141,6135.216,9535.3,1955.12,5761.896,9229.577,1951.155,5377.719,9461.154,1976.812,5584.737,9622.701,1992.067,5576.827,9351.577,2014.702,5894.748,9061.264,1978.241,5609.978,9625.046,2030.728,5457.65,9382.835,1981.396,6040.817,9418.845,2020.255,5954.556,9543.343,2016.508,5566.102,9636.845,1968.176,5749.539,8980.57,2008.945,5562.226,9479.103,1966.29,6016.25
9612.707,1975.98,5914.104,9410.799,1966.141,6137.124,9536.266,1955.12,5763.828,9229.745,1951.155,5377.967,9460.79,1976.812,5586.866,9622.468,1992.067,5578.974,9352.555,2014.702,5896.674,9059.478,1978.241,5611.192,9626.723,2030.728,5459.011,9383.744,1981.396,6042.776,9419.885,2020.255,5956.448,9542.438,2016.508,5568.063,9637.464,1968.176,5751.608,8979.043,2008.945,5563.752,9480.118,1966.29,6018.156
9613.581,1975.98,5915.329,9411.548,1966.141,6138.43,9536.936,1955.12,5765.176,9229.843,1951.155,5378.157,9460.487,1976.812,5588.34,9622.352,1992.067,5580.475,9353.258,2014.702,5898.004,9058.262,1978.241,5612.079,9627.859,2030.728,5459.997,9384.339,1981.396,6044.159,9420.393,2020.255,5957.865,9541.766,2016.508,5569.409,9637.942,1968.176,5753.036,8977.944,2008.945,5564.781,9480.869,1966.29,6019.46
9616.957,1975.98,5919.75,9414.155,1966.141,6143.343,9539.677,1955.12,5770.016,9230.23,1951.155,5378.855,9459.191,1976.812,5593.749,9622.098,1992.067,5586.031,9355.694,2014.702,5903.004,9053.867,1978.241,5615.488,9631.939,2030.728,5463.777,9386.126,1981.396,6049.426,9422.325,2020.255,5963.081,9539.127,2016.508,5574.305,9639.881,1968.176,5758.249,8973.763,2008.945,5568.449,9483.876,1966.29,6024.139
9617.255,1975.98,5920.115,9414.39,1966.141,6143.752,9539.896,1955.12,5770.434,9230.268,1951.155,5378.916,9459.097,1976.812,5594.211,9622.091,1992.067,5586.502,9355.887,2014.702,5903.435,9053.504,1978.241,5615.789,9632.274,2030.728,5464.108,9386.292,1981.396,6049.867,9422.503,2020.255,5963.518,9538.891,2016.508,5574.713,9640.02,1968.176,5758.7,8973.419,2008.945,5568.771,9484.144,1966.29,6024.527
9617.648,1975.98,5920.585,9414.712,1966.141,6144.274,9540.196,1955.12,5770.968,9230.318,1951.155,5378.995,9458.954,1976.812,5594.808,9622.102,1992.067,5587.115,9356.119,2014.702,5904.002,9053.045,1978.241,5616.195,9632.696,2030.728,5464.554,9386.526,1981.396,6050.434,9422.753,2020.255,5964.078,9538.566,2016.508,5575.234,9640.219,1968.176,5759.28,8972.985,2008.945,5569.205,9484.476,1966.29,6025.043
9620.212,1975.98,5923.184,9416.527,1966.141,6147.44,9541.879,1955.12,5774.208,9230.591,1951.155,5379.482,9457.988,1976.812,5598.328,9622.278,1992.067,5590.761,9357.393,2014.702,5907.423,9050.344,1978.241,5618.65,9635.118,2030.728,5467.285,9388.032,1981.396,6053.759,9424.348,2020.255,5967.361,9536.542,2016.508,5578.271,9641.519,1968.176,5762.691,8970.721,2008.945,5572.067,9486.348,1966.29,6028.177
9621.504,1975.98,5924.582,9417.42,1966.141,6149.122,9542.783,1955.12,5775.882,9230.727,1951.155,5379.752,9457.425,1976.812,5600.146,9622.309,1992.067,5592.664,9358.046,2014.702,5909.211,9048.978,1978.241,5619.976,9636.334,2030.728,5468.749,9388.874,1981.396,6055.466,9425.381,2020.255,5968.959,9535.539,2016.508,5579.888,9642.098,1968.176,5764.504,8969.491,2008.945,5573.52,9487.396,1966.29,6029.765
9623.045,1975.98,5926.363,9418.456,1966.141,6151.237,9543.835,1955.12,5777.99,9230.9,1951.155,5380.091,9456.664,1976.812,5602.375,9622.269,1992.067,5595.02,9358.927,2014.702,5911.396,9047.237,1978.241,5621.563,9637.778,2030.728,5470.61,9389.978,1981.396,6057.547,9426.595,2020.255,5970.979,9534.352,2016.508,5581.922,9642.888,1968.176,5766.723,8967.912,2008.945,5575.268,9488.668,1966.29,6031.749
9624.544,1975.98,5928.215,9419.436,1966.141,6153.409,9544.828,1955.12,5780.155,9231.092,1951.155,5380.437,9455.831,1976.812,5604.606,9622.15,1992.067,5597.399,9359.889,2014.702,5913.576,9045.387,1978.241,5623.063,9639.177,2030.728,5472.539,9391.063,1981.396,6059.668,9427.755,2020.255,5973.06,9533.206,2016.508,5584.01,9643.593,1968.176,5768.999,8966.258,2008.945,5576.982,9489.903,1966.29,6033.786
9626.413,1975.98,5930.686,9420.801,1966.141,6156.19,9546.026,1955.12,5783.012,9231.362,1951.155,5380.89,9454.668,1976.812,5607.478,9621.896,1992.067,5600.487,9361.015,2014.702,5916.462,9043.045,1978.241,5625.093,9640.912,2030.728,5475.105,9392.113,1981.396,6062.583,9429.504,2020.255,5975.617,9531.79,2016.508,5586.765,9644.605,1968.176,5771.927,8964.267,2008.945,5579.355,9491.52,1966.29,6036.429
9627.251,1975.98,5932.067,9421.465,1966.141,6157.663,9546.603,1955.12,5784.521,9231.516,1951.155,5381.129,9454.02,1976.812,5608.957,9621.71,1992.067,5602.092,9361.651,2014.702,5917.947,9041.859,1978.241,5626.19,9641.772,2030.728,5476.472,9392.711,1981.396,6064.084,9430.372,2020.255,5976.98,9531.091,2016.508,5588.221,9645.037,1968.176,5773.484,8963.188,2008.945,5580.559,9492.396,1966.29,6037.786
9628.944,1975.98,5934.663,9422.831,1966.141,6160.445,9547.612,1955.12,5787.452,9231.77,1951.155,5381.623,9452.698,1976.812,5611.76,9621.253,1992.067,5605.157,9362.965,2014.702,5920.754,9039.655,1978.241,5628.369,9643.337,2030.728,5479.147,9393.95,1981.396,6066.924,9431.95,2020.255,5979.647,9529.826,2016.508,5591.05,9645.962,1968.176,5776.442,8961.219,2008.945,5582.951,9493.989,1966.29,6040.444
9629.87,1975.98,5935.986,9423.576,1966.141,6161.877,9548.182,1955.12,5788.962,9231.903,1951.155,5381.891,9451.971,1976.812,5613.201,9620.963,1992.067,5606.746,9363.696,2014.702,5922.193,9038.545,1978.241,5629.541,9644.105,2030.728,5480.567,9394.645,1981.396,6068.382,9432.929,2020.255,5980.931,9529.208,2016.508,5592.542,9646.468,1968.176,5777.976,8960.144,2008.945,5584.155,9494.666,1966.29,6041.91
9631.729,1975.98,5938.465,9424.939,1966.141,6164.66,9549.272,1955.12,5791.863,9232.182,1951.155,5382.407,9450.499,1976.812,5615.927,9620.307,1992.067,5609.774,9365.189,2014.702,5924.908,9036.488,1978.241,5631.859,9645.491,2030.728,5483.338,9395.812,1981.396,6071.253,9434.726,2020.255,5983.455,9528.103,2016.508,5595.436,9647.199,1968.176,5780.986,8958.156,2008.945,5586.532,9496.056,1966.29,6044.679
9632.724,1975.98,5939.704,9425.685,1966.141,6166.063,9549.903,1955.12,5793.321,9232.339,1951.155,5382.677,9449.707,1976.812,5617.304,9619.92,1992.067,5611.315,9366,2014.702,5926.274,9035.474,1978.241,5633.081,9646.155,2030.728,5484.782,9396.458,1981.396,6072.704,9435.604,2020.255,5984.779,9527.577,2016.508,5596.935,9647.625,1968.176,5782.517,8957.123,2008.945,5587.739,9496.814,1966.29,6046.075
9634.078,1975.98,5941.947,9426.989,1966.141,6168.334,9550.865,1955.12,5795.758,9232.61,1951.155,5383.125,9448.34,1976.812,5619.538,9619.313,1992.067,5613.864,9367.41,2014.702,5928.482,9033.866,1978.241,5635.15,9647.171,2030.728,5487.197,9397.602,1981.396,6075.062,9437.024,2020.255,5986.98,9526.781,2016.508,5599.43,9648.409,1968.176,5785.017,8955.485,2008.945,5589.784,9498.14,1966.29,6048.335
9635.554,1975.98,5944.217,9428.413,1966.141,6170.637,9551.883,1955.12,5798.267,9232.916,1951.155,5383.595,9447.003,1976.812,5621.893,9618.601,1992.067,5616.476,9368.941,2014.702,5930.715,9032.276,1978.241,5637.342,9648.139,2030.728,5489.726,9398.862,1981.396,6077.458,9438.505,2020.255,5989.248,9525.874,2016.508,5601.981,9649.304,1968.176,5787.573,8953.862,2008.945,5591.951,9499.585,1966.29,6050.625
9636.554,1975.98,5945.65,9429.334,1966.141,6172.122,9552.535,1955.12,5799.888,9233.13,1951.155,5383.902,9446.19,1976.812,5623.439,9618.299,1992.067,5618.197,9369.977,2014.702,5932.124,9031.163,1978.241,5638.689,9648.71,2030.728,5491.377,9399.726,1981.396,6078.977,9439.643,2020.255,5990.574,9525.235,2016.508,5603.608,9649.765,1968.176,5789.258,8952.861,2008.945,5593.383,9500.53,1966.29,6052.094
9638.546,1975.98,5948.345,9431.384,1966.141,6174.773,9553.684,1955.12,5803.037,9233.55,1951.155,5384.505,9444.73,1976.812,5626.456,9617.612,1992.067,5621.478,9372.049,2014.702,5934.757,9029.113,1978.241,5641.34,9649.7,2030.728,5494.579,9401.477,1981.396,6081.834,9441.74,2020.255,5993.188,9524.112,2016.508,5606.766,9650.5,1968.176,5792.528,8950.853,2008.945,5596.066,9502.436,1966.29,6054.851
9639.858,1975.98,5950.047,9432.734,1966.141,6176.446,9554.354,1955.12,5805.079,9233.845,1951.155,5384.9,9443.857,1976.812,5628.42,9617.104,1992.067,5623.566,9373.433,2014.702,5936.402,9027.775,1978.241,5643.022,9650.268,2030.728,5496.651,9402.659,1981.396,6083.629,9443.03,2020.255,5994.907,9523.459,2016.508,5608.813,9651.04,1968.176,5794.608,8949.558,2008.945,5597.781,9503.715,1966.29,6056.579
9640.326,1975.98,5950.615,9433.215,1966.141,6177.003,9554.69,1955.12,5805.733,9233.957,1951.155,5385.033,9443.581,1976.812,5629.102,9616.906,1992.067,5624.275,9373.925,2014.702,5936.95,9027.337,1978.241,5643.613,9650.482,2030.728,5497.355,9403.084,1981.396,6084.23,9443.412,2020.255,5995.536,9523.241,2016.508,5609.516,9651.135,1968.176,5795.338,8949.134,2008.945,5598.383,9504.09,1966.29,6057.212
9643.388,1975.98,5954.089,9436.124,1966.141,6180.606,9556.677,1955.12,5809.916,9234.645,1951.155,5385.899,9441.981,1976.812,5633.447,9615.611,1992.067,5628.721,9376.905,2014.702,5940.494,9024.443,1978.241,5647.229,9651.687,2030.728,5501.827,9405.854,1981.396,6087.941,9445.663,2020.255,5999.583,9521.727,2016.508,5613.892,9651.883,1968.176,5799.908,8946.344,2008.945,5602.078,9506.399,1966.29,6061.225
9644.915,1975.98,5955.478,9437.424,1966.141,6182.21,9557.501,1955.12,5811.809,9234.958,1951.155,5386.322,9441.054,1976.812,5635.292,9614.97,1992.067,5630.683,9378.182,2014.702,5942.116,9023.197,1978.241,5648.875,9652.157,2030.728,5503.837,9407.059,1981.396,6089.618,9446.726,2020.255,6001.354,9520.901,2016.508,5615.784,9652.283,1968.176,5801.933,8945.018,2008.945,5603.66,9507.325,1966.29,6063.071
9645.338,1975.98,5955.889,9437.81,1966.141,6182.656,9557.719,1955.12,5812.356,9235.049,1951.155,5386.447,9440.807,1976.812,5635.826,9614.855,1992.067,5631.261,9378.533,2014.702,5942.589,9022.84,1978.241,5649.344,9652.272,2030.728,5504.415,9407.387,1981.396,6090.107,9447.045,2020.255,6001.849,9520.658,2016.508,5616.321,9652.416,1968.176,5802.507,8944.654,2008.945,5604.124,9507.606,1966.29,6063.588
9648.3,1975.98,5958.959,9440.604,1966.141,6185.879,9559.162,1955.12,5816.371,9235.643,1951.155,5387.411,9438.708,1976.812,5639.541,9613.889,1992.067,5635.417,9380.963,2014.702,5946.097,9019.8,1978.241,5652.337,9653.116,2030.728,5508.597,9409.878,1981.396,6093.57,9449.338,2020.255,6005.446,9518.731,2016.508,5620.127,9653.515,1968.176,5806.629,8942.133,2008.945,5607.565,9509.765,1966.29,6067.269
9650.409,1975.98,5960.856,9442.677,1966.141,6187.817,9560.161,1955.12,5819.026,9236.068,1951.155,5388.093,9437.26,1976.812,5641.981,9613.156,1992.067,5638.158,9382.651,2014.702,5948.377,9017.845,1978.241,5654.393,9653.586,2030.728,5511.395,9411.458,1981.396,6095.927,9450.828,2020.255,6007.86,9517.534,2016.508,5622.7,9654.335,1968.176,5809.346,8940.382,2008.945,5609.797,9511.279,1966.29,6069.668
9651.686,1975.98,5962.083,9443.93,1966.141,6189.068,9560.801,1955.12,5820.676,9236.355,1951.155,5388.532,9436.403,1976.812,5643.53,9612.644,1992.067,5639.852,9383.719,2014.702,5949.79,9016.667,1978.241,5655.715,9653.822,2030.728,5513.149,9412.491,1981.396,6097.364,9451.807,2020.255,6009.335,9516.84,2016.508,5624.328,9654.902,1968.176,5811.022,8939.244,2008.945,5611.154,9512.272,1966.29,6071.133
9652.58,1975.98,5962.815,9444.721,1966.141,6189.912,9561.184,1955.12,5821.768,9236.536,1951.155,5388.835,9435.877,1976.812,5644.561,9612.452,1992.067,5640.993,9384.311,2014.702,5950.783,9015.927,1978.241,5656.604,9654.102,2030.728,5514.272,9413.197,1981.396,6098.28,9452.478,2020.255,6010.278,9516.319,2016.508,5625.361,9655.309,1968.176,5812.105,8938.53,2008.945,5612.064,9512.904,1966.29,6072.102
9655.078,1975.98,5965.002,9446.911,1966.141,6192.406,9562.17,1955.12,5824.938,9237.092,1951.155,5389.705,9434.465,1976.812,5647.565,9611.797,1992.067,5644.247,9385.908,2014.702,5953.693,9013.66,1978.241,5659.029,9654.798,2030.728,5517.518,9415.308,1981.396,6100.843,9454.63,2020.255,6012.805,9514.923,2016.508,5628.373,9656.372,1968.176,5815.25,8936.568,2008.945,5614.742,9514.628,1966.29,6074.939
9656.229,1975.98,5966.077,9447.808,1966.141,6193.701,9562.687,1955.12,5826.425,9237.385,1951.155,5390.132,9433.842,1976.812,5649.011,9611.436,1992.067,5645.78,9386.711,2014.702,5955.048,9012.623,1978.241,5660.214,9655.077,2030.728,5519.067,9416.269,1981.396,6102.09,9455.611,2020.255,6014.037,9514.299,2016.508,5629.818,9656.827,1968.176,5816.758,8935.597,2008.945,5615.98,9515.489,1966.29,6076.258
9657.799,1975.98,5967.645,9449.034,1966.141,6195.55,9563.347,1955.12,5828.544,9237.829,1951.155,5390.737,9433.031,1976.812,5651.077,9610.855,1992.067,5647.922,9387.904,2014.702,5956.919,9011.217,1978.241,5661.931,9655.501,2030.728,5521.246,9417.564,1981.396,6103.892,9456.937,2020.255,6015.817,9513.486,2016.508,5631.884,9657.538,1968.176,5818.86,8934.171,2008.945,5617.681,9516.763,1966.29,6078.075
9659.765,1975.98,5969.352,9450.544,1966.141,6197.671,9564.201,1955.12,5831.003,9238.256,1951.155,5391.546,9431.901,1976.812,5653.422,9610.325,1992.067,5650.471,9389.375,2014.702,5959.067,9009.549,1978.241,5663.93,9655.914,2030.728,5523.816,9419.175,1981.396,6105.938,9458.422,2020.255,6017.955,9512.613,2016.508,5634.336,9658.291,1968.176,5821.353,8932.564,2008.945,5619.729,9518.123,1966.29,6080.295
9661.689,1975.98,5971.137,9452.136,1966.141,6199.759,9564.981,1955.12,5833.51,9238.734,1951.155,5392.386,9430.742,1976.812,5655.778,9609.706,1992.067,5653.022,9390.928,2014.702,5961.184,9007.934,1978.241,5666,9656.246,2030.728,5526.42,9420.77,1981.396,6108.023,9459.924,2020.255,6020.108,9511.557,2016.508,5636.74,9659.046,1968.176,5823.867,8930.969,2008.945,5621.814,9519.413,1966.29,6082.582
9663.025,1975.98,5972.459,9453.259,1966.141,6201.266,9565.481,1955.12,5835.322,9239.114,1951.155,5393.005,9429.821,1976.812,5657.417,9609.203,1992.067,5654.833,9392.226,2014.702,5962.543,9006.667,1978.241,5667.389,9656.401,2030.728,5528.293,9421.862,1981.396,6109.553,9460.948,2020.255,6021.684,9510.775,2016.508,5638.45,9659.646,1968.176,5825.649,8929.767,2008.945,5623.259,9520.39,1966.29,6084.188
9664.918,1975.98,5974.46,9454.832,1966.141,6203.527,9566.239,1955.12,5837.97,9239.722,1951.155,5393.924,9428.551,1976.812,5659.861,9608.38,1992.067,5657.462,9394.107,2014.702,5964.555,9004.878,1978.241,5669.483,9656.718,2030.728,5531.03,9423.39,1981.396,6111.845,9462.284,2020.255,6024.093,9509.477,2016.508,5640.879,9660.438,1968.176,5828.287,8927.937,2008.945,5625.318,9521.896,1966.29,6086.494
9666.359,1975.98,5975.941,9455.708,1966.141,6205.399,9566.766,1955.12,5839.969,9240.226,1951.155,5394.635,9427.49,1976.812,5661.635,9607.698,1992.067,5659.414,9395.469,2014.702,5966.11,9003.563,1978.241,5671.078,9656.886,2030.728,5533.09,9424.755,1981.396,6113.396,9463.345,2020.255,6025.867,9508.563,2016.508,5642.732,9661.217,1968.176,5830.201,8926.614,2008.945,5626.907,9523.136,1966.29,6088.148
9667.688,1975.98,5977.399,9456.603,1966.141,6207.157,9567.33,1955.12,5841.859,9240.68,1951.155,5395.371,9426.534,1976.812,5663.36,9606.987,1992.067,5661.253,9396.719,2014.702,5967.635,9002.093,1978.241,5672.392,9657.102,2030.728,5535.05,9426.009,1981.396,6114.919,9464.412,2020.255,6027.526,9507.626,2016.508,5644.468,9661.924,1968.176,5832.042,8925.403,2008.945,5628.463,9524.465,1966.29,6089.605
9668.112,1975.98,5977.896,9456.917,1966.141,6207.729,9567.537,1955.12,5842.479,9240.844,1951.155,5395.619,9426.236,1976.812,5663.941,9606.732,1992.067,5661.854,9397.116,2014.702,5968.154,9001.62,1978.241,5672.842,9657.194,2030.728,5535.697,9426.407,1981.396,6115.437,9464.783,2020.255,6028.063,9507.335,2016.508,5645.053,9662.138,1968.176,5832.66,8924.985,2008.945,5628.965,9524.913,1966.29,6090.08
9670.318,1975.98,5980.658,9458.723,1966.141,6210.769,9568.651,1955.12,5845.834,9241.789,1951.155,5396.948,9424.729,1976.812,5667.139,9605.245,1992.067,5665.062,9399.193,2014.702,5971.015,8999.143,1978.241,5675.365,9657.356,2030.728,5539.229,9428.472,1981.396,6118.307,9466.667,2020.255,6031.055,9505.491,2016.508,5648.069,9663.186,1968.176,5836.036,8922.637,2008.945,5631.608,9527.336,1966.29,6092.655
9670.794,1975.98,5981.438,9459.157,1966.141,6211.573,9568.953,1955.12,5846.697,9242.063,1951.155,5397.307,9424.399,1976.812,5667.992,9604.834,1992.067,5665.878,9399.718,2014.702,5971.763,8998.478,1978.241,5675.992,9657.382,2030.728,5540.142,9429.029,1981.396,6119.031,9467.179,2020.255,6031.812,9505.04,2016.508,5648.864,9663.462,1968.176,5836.907,8922.047,2008.945,5632.306,9527.94,1966.29,6093.341
9671.686,1975.98,5982.797,9459.977,1966.141,6212.977,9569.438,1955.12,5848.248,9242.585,1951.155,5397.935,9423.834,1976.812,5669.516,9604.265,1992.067,5667.4,9400.844,2014.702,5972.935,8997.332,1978.241,5677.145,9657.479,2030.728,5541.764,9429.979,1981.396,6120.35,9468.133,2020.255,6033.127,9504.285,2016.508,5650.303,9663.949,1968.176,5838.458,8920.958,2008.945,5633.513,9529.011,1966.29,6094.564
9672.785,1975.98,5984.36,9460.993,1966.141,6214.594,9569.925,1955.12,5850.096,9243.262,1951.155,5398.66,9423.11,1976.812,5671.284,9603.706,1992.067,5669.228,9402.121,2014.702,5974.356,8995.873,1978.241,5678.379,9657.426,2030.728,5543.674,9431.145,1981.396,6121.864,9469.201,2020.255,6034.712,9503.453,2016.508,5652.023,9664.754,1968.176,5840.191,8919.649,2008.945,5634.905,9530.37,1966.29,6095.906
9673.802,1975.98,5985.708,9461.938,1966.141,6215.994,9570.407,1955.12,5851.714,9243.923,1951.155,5399.285,9422.643,1976.812,5672.907,9603.159,1992.067,5670.826,9403.209,2014.702,5975.648,8994.62,1978.241,5679.511,9657.434,2030.728,5545.363,9432.131,1981.396,6123.235,9470.19,2020.255,6036.081,9502.768,2016.508,5653.567,9665.414,1968.176,5841.745,8918.453,2008.945,5636.098,9531.532,1966.29,6097.131
9674.576,1975.98,5986.989,9462.755,1966.141,6217.249,9570.882,1955.12,5853.134,9244.509,1951.155,5399.876,9422.182,1976.812,5674.331,9602.629,1992.067,5672.225,9404.135,2014.702,5976.824,8993.527,1978.241,5680.534,9657.489,2030.728,5546.859,9433.019,1981.396,6124.44,9471.106,2020.255,6037.264,9502.205,2016.508,5654.955,9666.052,1968.176,5843.099,8917.536,2008.945,5637.281,9532.526,1966.29,6098.25
9675.501,1975.98,5988.413,9463.727,1966.141,6218.641,9571.446,1955.12,5854.735,9245.17,1951.155,5400.588,9421.687,1976.812,5675.955,9601.976,1992.067,5673.792,9405.229,2014.702,5978.123,8992.326,1978.241,5681.733,9657.608,2030.728,5548.552,9434.07,1981.396,6125.773,9472.181,2020.255,6038.579,9501.619,2016.508,5656.548,9666.725,1968.176,5844.658,8916.453,2008.945,5638.588,9533.638,1966.29,6099.533
9676.263,1975.98,5989.505,9464.524,1966.141,6219.708,9571.93,1955.12,5855.976,9245.687,1951.155,5401.183,9421.502,1976.812,5677.274,9601.504,1992.067,5675.038,9405.924,2014.702,5979.258,8991.415,1978.241,5682.705,9657.745,2030.728,5549.877,9434.865,1981.396,6126.842,9472.946,2020.255,6039.668,9501.201,2016.508,5657.813,9667.212,1968.176,5845.897,8915.7,2008.945,5639.687,9534.477,1966.29,6100.568
9677.419,1975.98,5991.207,9465.81,1966.141,6221.314,9572.503,1955.12,5857.952,9246.474,1951.155,5402.15,9421.15,1976.812,5679.301,9600.716,1992.067,5676.938,9407.055,2014.702,5980.978,8990.057,1978.241,5684.25,9658.023,2030.728,5551.916,9436.128,1981.396,6128.466,9474.023,2020.255,6041.422,9500.504,2016.508,5659.749,9667.945,1968.176,5847.82,8914.482,2008.945,5641.345,9535.72,1966.29,6102.208
9678.249,1975.98,5992.346,9466.588,1966.141,6222.489,9572.859,1955.12,5859.315,9247.056,1951.155,5402.82,9420.864,1976.812,5680.681,9600.037,1992.067,5678.173,9407.79,2014.702,5982.18,8989.162,1978.241,5685.339,9658.26,2030.728,5553.306,9436.956,1981.396,6129.606,9474.8,2020.255,6042.598,9499.941,2016.508,5661.041,9668.404,1968.176,5849.152,8913.722,2008.945,5642.532,9536.682,1966.29,6103.238
9679.09,1975.98,5993.424,9467.38,1966.141,6223.603,9573.248,1955.12,5860.626,9247.612,1951.155,5403.504,9420.549,1976.812,5682.011,9599.396,1992.067,5679.38,9408.473,2014.702,5983.364,8988.329,1978.241,5686.423,9658.444,2030.728,5554.66,9437.787,1981.396,6130.691,9475.492,2020.255,6043.776,9499.438,2016.508,5662.312,9668.968,1968.176,5850.397,8912.946,2008.945,5643.658,9537.599,1966.29,6104.252
9679.594,1975.98,5994.029,9467.856,1966.141,6224.229,9573.496,1955.12,5861.373,9247.928,1951.155,5403.919,9420.393,1976.812,5682.782,9599.051,1992.067,5680.087,9408.888,2014.702,5984.032,8987.87,1978.241,5687.062,9658.544,2030.728,5555.44,9438.286,1981.396,6131.3,9475.912,2020.255,6044.441,9499.172,2016.508,5663.052,9669.288,1968.176,5851.116,8912.521,2008.945,5644.32,9538.146,1966.29,6104.818
9680.347,1975.98,5995.135,9468.701,1966.141,6225.267,9573.96,1955.12,5862.627,9248.455,1951.155,5404.645,9420.17,1976.812,5684.102,9598.502,1992.067,5681.307,9409.63,2014.702,5985.145,8987.126,1978.241,5688.174,9658.756,2030.728,5556.761,9439.167,1981.396,6132.307,9476.663,2020.255,6045.548,9498.761,2016.508,5664.325,9669.792,1968.176,5852.355,8911.837,2008.945,5645.469,9539.064,1966.29,6105.79
9681.317,1975.98,5996.466,9469.783,1966.141,6226.51,9574.533,1955.12,5864.172,9249.149,1951.155,5405.539,9419.949,1976.812,5685.734,9597.876,1992.067,5682.832,9410.589,2014.702,5986.485,8986.255,1978.241,5689.573,9658.963,2030.728,5558.396,9440.182,1981.396,6133.605,9477.633,2020.255,6046.881,9498.307,2016.508,5665.909,9670.571,1968.176,5853.808,8911.04,2008.945,5646.912,9540.235,1966.29,6106.95
9681.824,1975.98,5997.115,9470.344,1966.141,6227.112,9574.845,1955.12,5864.934,9249.49,1951.155,5406.009,9419.865,1976.812,5686.553,9597.588,1992.067,5683.603,9411.089,2014.702,5987.139,8985.843,1978.241,5690.285,9659.093,2030.728,5559.208,9440.709,1981.396,6134.237,9478.139,2020.255,6047.53,9498.105,2016.508,5666.707,9670.937,1968.176,5854.545,8910.666,2008.945,5647.645,9540.837,1966.29,6107.511
9682.744,1975.98,5998.217,9471.355,1966.141,6228.131,9575.396,1955.12,5866.259,9249.997,1951.155,5406.902,9419.678,1976.812,5687.976,9597.131,1992.067,5684.963,9411.999,2014.702,5988.249,8985.165,1978.241,5691.551,9659.366,2030.728,5560.618,9441.665,1981.396,6135.308,9479.058,2020.255,6048.633,9497.795,2016.508,5668.108,9671.531,1968.176,5855.852,8910.056,2008.945,5648.944,9541.962,1966.29,6108.403
9683.646,1975.98,5999.338,9472.401,1966.141,6229.119,9575.875,1955.12,5867.616,9250.469,1951.155,5407.843,9419.449,1976.812,5689.396,9596.717,1992.067,5686.341,9412.946,2014.702,5989.331,8984.527,1978.241,5692.84,9659.726,2030.728,5562.011,9442.657,1981.396,6136.35,9479.976,2020.255,6049.741,9497.524,2016.508,5669.521,9672.084,1968.176,5857.18,8909.486,2008.945,5650.265,9543.073,1966.29,6109.316
9683.808,1975.98,5999.563,9472.609,1966.141,6229.303,9575.976,1955.12,5867.875,9250.567,1951.155,5408.025,9419.397,1976.812,5689.669,9596.646,1992.067,5686.61,9413.136,2014.702,5989.534,8984.412,1978.241,5693.093,9659.786,2030.728,5562.282,9442.855,1981.396,6136.544,9480.159,2020.255,6049.949,9497.48,2016.508,5669.795,9672.185,1968.176,5857.438,8909.385,2008.945,5650.523,9543.294,1966.29,6109.485
9684.9,1975.98,6000.979,9473.89,1966.141,6230.552,9576.413,1955.12,5869.61,9251.246,1951.155,5409.184,9419.012,1976.812,5691.416,9596.244,1992.067,5688.354,9414.4,2014.702,5990.8,8983.727,1978.241,5694.746,9660.181,2030.728,5564.027,9444.172,1981.396,6137.756,9481.389,2020.255,6051.249,9497.245,2016.508,5671.568,9672.857,1968.176,5859.096,8908.786,2008.945,5652.209,9544.729,1966.29,6110.552
9685.565,1975.98,6001.953,9474.76,1966.141,6231.348,9576.738,1955.12,5870.743,9251.706,1951.155,5409.967,9418.725,1976.812,5692.559,9596.018,1992.067,5689.51,9415.178,2014.702,5991.686,8983.311,1978.241,5695.849,9660.403,2030.728,5565.185,9445.064,1981.396,6138.526,9482.227,2020.255,6052.079,9497.124,2016.508,5672.741,9673.265,1968.176,5860.202,8908.429,2008.945,5653.333,9545.652,1966.29,6111.286
9686.522,1975.98,6003.258,9475.989,1966.141,6232.4,9577.235,1955.12,5872.283,9252.383,1951.155,5411.039,9418.382,1976.812,5694.141,9595.759,1992.067,5691.108,9416.284,2014.702,5992.868,8982.789,1978.241,5697.381,9660.93,2030.728,5566.715,9446.288,1981.396,6139.586,9483.413,2020.255,6053.18,9496.905,2016.508,5674.344,9673.924,1968.176,5861.681,8907.988,2008.945,5654.89,9547.069,1966.29,6112.068
9686.651,1975.98,6003.422,9476.152,1966.141,6232.53,9577.306,1955.12,5872.479,9252.477,1951.155,5411.176,9418.345,1976.812,5694.346,9595.732,1992.067,5691.314,9416.432,2014.702,5993.015,8982.729,1978.241,5697.58,9660.991,2030.728,5566.915,9446.45,1981.396,6139.717,9483.57,2020.255,6053.316,9496.884,2016.508,5674.551,9674.002,1968.176,5861.874,8907.938,2008.945,5655.092,9547.255,1966.29,6112.163
9686.806,1975.98,6003.62,9476.354,1966.141,6232.681,9577.398,1955.12,5872.713,9252.578,1951.155,5411.35,9418.308,1976.812,5694.595,9595.709,1992.067,5691.564,9416.615,2014.702,5993.187,8982.663,1978.241,5697.823,9661.057,2030.728,5567.157,9446.65,1981.396,6139.869,9483.766,2020.255,6053.475,9496.866,2016.508,5674.802,9674.089,1968.176,5862.109,8907.886,2008.945,5655.338,9547.482,1966.29,6112.27
9687.722,1975.98,6004.715,9477.523,1966.141,6233.498,9577.968,1955.12,5874.022,9253.191,1951.155,5412.321,9418.144,1976.812,5696.013,9595.62,1992.067,5692.989,9417.688,2014.702,5994.128,8982.338,1978.241,5699.213,9661.53,2030.728,5568.503,9447.815,1981.396,6140.694,9484.863,2020.255,6054.388,9496.813,2016.508,5676.229,9674.501,1968.176,5863.476,8907.634,2008.945,5656.743,9548.754,1966.29,6112.918
9688.108,1975.98,6005.319,9478.125,1966.141,6233.89,9578.146,1955.12,5874.717,9253.521,1951.155,5412.807,9418.085,1976.812,5696.728,9595.599,1992.067,5693.707,9418.243,2014.702,5994.584,8982.197,1978.241,5699.917,9661.746,2030.728,5569.188,9448.414,1981.396,6141.089,9485.43,2020.255,6054.828,9496.809,2016.508,5676.946,9674.73,1968.176,5864.155,8907.53,2008.945,5657.453,9549.382,1966.29,6113.265
9688.599,1975.98,6006.032,9478.808,1966.141,6234.421,9578.39,1955.12,5875.547,9253.941,1951.155,5413.384,9418.042,1976.812,5697.592,9595.602,1992.067,5694.572,9418.838,2014.702,5995.212,8982.056,1978.241,5700.77,9661.979,2030.728,5570.021,9449.083,1981.396,6141.638,9486.13,2020.255,6055.337,9496.776,2016.508,5677.811,9674.98,1968.176,5864.984,8907.434,2008.945,5658.313,9550.125,1966.29,6113.708
9689.456,1975.98,6007.235,9479.951,1966.141,6235.355,9578.851,1955.12,5876.951,9254.697,1951.155,5414.355,9418.018,1976.812,5699.069,9595.558,1992.067,5696.048,9419.888,2014.702,5996.251,8981.861,1978.241,5702.234,9662.33,2030.728,5571.456,9450.255,1981.396,6142.537,9487.296,2020.255,6056.244,9496.77,2016.508,5679.288,9675.421,1968.176,5866.394,8907.221,2008.945,5659.774,9551.443,1966.29,6114.373
9689.582,1975.98,6007.4,9480.117,1966.141,6235.482,9578.916,1955.12,5877.148,9254.817,1951.155,5414.485,9418.021,1976.812,5699.277,9595.559,1992.067,5696.256,9420.04,2014.702,5996.393,8981.841,1978.241,5702.442,9662.373,2030.728,5571.66,9450.424,1981.396,6142.658,9487.465,2020.255,6056.366,9496.775,2016.508,5679.497,9675.489,1968.176,5866.59,8907.197,2008.945,5659.981,9551.626,1966.29,6114.473
9690.064,1975.98,6007.992,9480.738,1966.141,6235.925,9579.126,1955.12,5877.882,9255.286,1951.155,5414.932,9418.058,1976.812,5700.04,9595.58,1992.067,5697.019,9420.616,2014.702,5996.893,8981.79,1978.241,5703.204,9662.506,2030.728,5572.412,9451.042,1981.396,6143.105,9488.088,2020.255,6056.807,9496.746,2016.508,5680.259,9675.717,1968.176,5867.319,8907.137,2008.945,5660.742,9552.283,1966.29,6114.861
9690.563,1975.98,6008.564,9481.371,1966.141,6236.346,9579.358,1955.12,5878.605,9255.741,1951.155,5415.395,9418.069,1976.812,5700.799,9595.577,1992.067,5697.779,9421.206,2014.702,5997.372,8981.765,1978.241,5703.963,9662.563,2030.728,5573.169,9451.656,1981.396,6143.553,9488.71,2020.255,6057.243,9496.742,2016.508,5681.019,9675.93,1968.176,5868.048,8907.102,2008.945,5661.501,9552.925,1966.29,6115.268
9691.048,1975.98,6009.312,9482.042,1966.141,6236.933,9579.659,1955.12,5879.444,9256.282,1951.155,5415.939,9417.999,1976.812,5701.688,9595.603,1992.067,5698.669,9421.916,2014.702,5997.911,8981.764,1978.241,5704.854,9662.66,2030.728,5574.055,9452.394,1981.396,6144.053,9489.423,2020.255,6057.778,9496.696,2016.508,5681.909,9676.154,1968.176,5868.911,8907.089,2008.945,5662.392,9553.661,1966.29,6115.77
9691.447,1975.98,6009.887,9482.584,1966.141,6237.376,9579.873,1955.12,5880.111,9256.696,1951.155,5416.384,9417.967,1976.812,5702.387,9595.6,1992.067,5699.37,9422.421,2014.702,5998.396,8981.786,1978.241,5705.554,9662.759,2030.728,5574.748,9452.988,1981.396,6144.423,9489.996,2020.255,6058.18,9496.684,2016.508,5682.609,9676.325,1968.176,5869.59,8907.019,2008.945,5663.088,9554.193,1966.29,6116.226
9691.866,1975.98,6010.449,9483.141,1966.141,6237.802,9580.109,1955.12,5880.771,9257.129,1951.155,5416.817,9417.957,1976.812,5703.087,9595.62,1992.067,5700.07,9422.942,2014.702,5998.864,8981.796,1978.241,5706.254,9662.772,2030.728,5575.449,9453.571,1981.396,6144.812,9490.557,2020.255,6058.601,9496.617,2016.508,5683.307,9676.503,1968.176,5870.268,8906.971,2008.945,5663.788,9554.74,1966.29,6116.664
9692.191,1975.98,6010.857,9483.564,1966.141,6238.104,9580.301,1955.12,5881.255,9257.442,1951.155,5417.151,9417.967,1976.812,5703.608,9595.542,1992.067,5700.585,9423.342,2014.702,5999.199,8981.82,1978.241,5706.775,9662.8,2030.728,5575.969,9454.014,1981.396,6145.087,9490.955,2020.255,6058.937,9496.585,2016.508,5683.827,9676.608,1968.176,5870.778,8906.952,2008.945,5664.309,9555.157,1966.29,6116.976
9692.783,1975.98,6011.552,9484.324,1966.141,6238.61,9580.608,1955.12,5882.114,9257.974,1951.155,5417.757,9417.912,1976.812,5704.519,9595.436,1992.067,5701.492,9424.059,2014.702,5999.763,8981.888,1978.241,5707.685,9662.861,2030.728,5576.879,9454.842,1981.396,6145.469,9491.671,2020.255,6059.502,9496.451,2016.508,5684.729,9676.822,1968.176,5871.665,8906.95,2008.945,5665.221,9555.905,1966.29,6117.499
9693.02,1975.98,6011.895,9484.679,1966.141,6238.829,9580.745,1955.12,5882.508,9258.241,1951.155,5418.013,9417.9,1976.812,5704.936,9595.387,1992.067,5701.905,9424.395,2014.702,6000.01,8981.933,1978.241,5708.099,9662.873,2030.728,5577.296,9455.214,1981.396,6145.656,9492.006,2020.255,6059.75,9496.403,2016.508,5685.144,9676.933,1968.176,5872.067,8906.963,2008.945,5665.638,9556.255,1966.29,6117.727
9693.351,1975.98,6012.366,9485.178,1966.141,6239.116,9580.952,1955.12,5883.045,9258.601,1951.155,5418.38,9417.868,1976.812,5705.51,9595.337,1992.067,5702.479,9424.869,2014.702,6000.335,8982.013,1978.241,5708.669,9662.908,2030.728,5577.871,9455.757,1981.396,6145.847,9492.48,2020.255,6060.076,9496.354,2016.508,5685.717,9677.104,1968.176,5872.617,8906.999,2008.945,5666.212,9556.747,1966.29,6118.025
9693.745,1975.98,6012.889,9485.757,1966.141,6239.424,9581.16,1955.12,5883.667,9259.014,1951.155,5418.797,9417.812,1976.812,5706.164,9595.271,1992.067,5703.131,9425.422,2014.702,6000.688,8982.125,1978.241,5709.315,9662.969,2030.728,5578.523,9456.368,1981.396,6146.085,9493.021,2020.255,6060.448,9496.317,2016.508,5686.372,9677.318,1968.176,5873.236,8907.062,2008.945,5666.865,9557.318,1966.29,6118.346
9694.146,1975.98,6013.408,9486.346,1966.141,6239.714,9581.389,1955.12,5884.282,9259.416,1951.155,5419.23,9417.776,1976.812,5706.819,9595.226,1992.067,5703.786,9425.99,2014.702,6001.016,8982.217,1978.241,5709.965,9662.984,2030.728,5579.18,9456.972,1981.396,6146.343,9493.573,2020.255,6060.803,9496.344,2016.508,5687.027,9677.514,1968.176,5873.863,8907.146,2008.945,5667.516,9557.9,1966.29,6118.649
9694.484,1975.98,6013.817,9486.829,1966.141,6239.932,9581.599,1955.12,5884.769,9259.755,1951.155,5419.569,9417.766,1976.812,5707.349,9595.207,1992.067,5704.316,9426.44,2014.702,6001.296,8982.27,1978.241,5710.493,9663.015,2030.728,5579.709,9457.452,1981.396,6146.567,9494.019,2020.255,6061.091,9496.348,2016.508,5687.558,9677.688,1968.176,5874.364,8907.23,2008.945,5668.04,9558.351,1966.29,6118.93
9694.932,1975.98,6014.323,9487.453,1966.141,6240.19,9581.854,1955.12,5885.395,9260.174,1951.155,5420.017,9417.773,1976.812,5708.025,9595.161,1992.067,5704.99,9427.026,2014.702,6001.633,8982.309,1978.241,5711.168,9663.026,2030.728,5580.385,9458.055,1981.396,6146.873,9494.564,2020.255,6061.489,9496.424,2016.508,5688.229,9677.855,1968.176,5875.019,8907.36,2008.945,5668.703,9558.936,1966.29,6119.269
9695.074,1975.98,6014.475,9487.648,1966.141,6240.264,9581.926,1955.12,5885.59,9260.299,1951.155,5420.16,9417.783,1976.812,5708.233,9595.153,1992.067,5705.198,9427.218,2014.702,6001.715,8982.327,1978.241,5711.375,9663.037,2030.728,5580.593,9458.239,1981.396,6146.969,9494.736,2020.255,6061.606,9496.44,2016.508,5688.437,9677.896,1968.176,5875.223,8907.4,2008.945,5668.907,9559.119,1966.29,6119.367
9695.602,1975.98,6014.94,9488.299,1966.141,6240.533,9582.205,1955.12,5886.236,9260.706,1951.155,5420.656,9417.802,1976.812,5708.936,9595.151,1992.067,5705.902,9427.854,2014.702,6002.014,8982.414,1978.241,5712.074,9663.095,2030.728,5581.294,9458.873,1981.396,6147.273,9495.331,2020.255,6061.982,9496.475,2016.508,5689.139,9678.056,1968.176,5875.908,8907.534,2008.945,5669.598,9559.76,1966.29,6119.657
9695.854,1975.98,6015.177,9488.614,1966.141,6240.676,9582.332,1955.12,5886.558,9260.916,1951.155,5420.894,9417.822,1976.812,5709.282,9595.144,1992.067,5706.248,9428.163,2014.702,6002.171,8982.468,1978.241,5712.416,9663.121,2030.728,5581.639,9459.186,1981.396,6147.422,9495.63,2020.255,6062.158,9496.466,2016.508,5689.485,9678.146,1968.176,5876.243,8907.592,2008.945,5669.939,9560.07,1966.29,6119.81
9696.54,1975.98,6015.796,9489.468,1966.141,6241.031,9582.643,1955.12,5887.429,9261.469,1951.155,5421.539,9417.855,1976.812,5710.206,9595.002,1992.067,5707.161,9429.016,2014.702,6002.529,8982.642,1978.241,5713.324,9663.222,2030.728,5582.558,9460.033,1981.396,6147.791,9496.441,2020.255,6062.601,9496.466,2016.508,5690.41,9678.394,1968.176,5877.133,8907.776,2008.945,5670.845,9560.929,1966.29,6120.153
9696.7,1975.98,6015.929,9489.661,1966.141,6241.108,9582.718,1955.12,5887.623,9261.594,1951.155,5421.685,9417.87,1976.812,5710.414,9594.977,1992.067,5707.368,9429.205,2014.702,6002.616,8982.688,1978.241,5713.527,9663.251,2030.728,5582.764,9460.212,1981.396,6147.898,9496.628,2020.255,6062.694,9496.465,2016.508,5690.618,9678.445,1968.176,5877.334,8907.824,2008.945,5671.047,9561.132,1966.29,6120.199
9697.173,1975.98,6016.303,9490.214,1966.141,6241.348,9582.918,1955.12,5888.191,9261.953,1951.155,5422.11,9417.906,1976.812,5711.015,9594.899,1992.067,5707.966,9429.764,2014.702,6002.84,8982.826,1978.241,5714.113,9663.355,2030.728,5583.357,9460.738,1981.396,6148.191,9497.175,2020.255,6062.947,9496.465,2016.508,5691.221,9678.613,1968.176,5877.913,8907.9,2008.945,5671.645,9561.715,1966.29,6120.352
9697.397,1975.98,6016.478,9490.479,1966.141,6241.452,9583.017,1955.12,5888.458,9262.117,1951.155,5422.317,9417.933,1976.812,5711.298,9594.872,1992.067,5708.249,9430.034,2014.702,6002.93,8982.899,1978.241,5714.388,9663.414,2030.728,5583.636,9460.991,1981.396,6148.321,9497.425,2020.255,6063.084,9496.475,2016.508,5691.505,9678.701,1968.176,5878.184,8907.945,2008.945,5671.926,9561.988,1966.29,6120.432
9697.702,1975.98,6016.73,9490.832,1966.141,6241.631,9583.166,1955.12,5888.825,9262.336,1951.155,5422.613,9417.982,1976.812,5711.691,9594.848,1992.067,5708.644,9430.405,2014.702,6003.067,8982.948,1978.241,5714.781,9663.514,2030.728,5584.019,9461.349,1981.396,6148.491,9497.778,2020.255,6063.263,9496.501,2016.508,5691.9,9678.836,1968.176,5878.556,8908.021,2008.945,5672.314,9562.364,1966.29,6120.555
9698.006,1975.98,6016.999,9491.198,1966.141,6241.805,9583.3,1955.12,5889.208,9262.57,1951.155,5422.909,9417.987,1976.812,5712.096,9594.836,1992.067,5709.049,9430.781,2014.702,6003.22,8983.011,1978.241,5715.182,9663.603,2030.728,5584.415,9461.701,1981.396,6148.691,9498.137,2020.255,6063.452,9496.464,2016.508,5692.304,9678.983,1968.176,5878.934,8908.095,2008.945,5672.713,9562.745,1966.29,6120.693
9698.304,1975.98,6017.255,9491.56,1966.141,6241.962,9583.437,1955.12,5889.577,9262.792,1951.155,5423.201,9418.005,1976.812,5712.489,9594.826,1992.067,5709.443,9431.141,2014.702,6003.38,8983.085,1978.241,5715.568,9663.677,2030.728,5584.801,9462.05,1981.396,6148.875,9498.491,2020.255,6063.624,9496.44,2016.508,5692.697,9679.122,1968.176,5879.302,8908.179,2008.945,5673.097,9563.11,1966.29,6120.839
9698.585,1975.98,6017.514,9491.914,1966.141,6242.103,9583.577,1955.12,5889.932,9262.998,1951.155,5423.492,9418.034,1976.812,5712.87,9594.828,1992.067,5709.825,9431.494,2014.702,6003.524,8983.169,1978.241,5715.941,9663.729,2030.728,5585.179,9462.394,1981.396,6149.042,9498.84,2020.255,6063.779,9496.43,2016.508,5693.079,9679.268,1968.176,5879.655,8908.272,2008.945,5673.467,9563.469,1966.29,6120.97
9698.846,1975.98,6017.771,9492.259,1966.141,6242.226,9583.723,1955.12,5890.267,9263.168,1951.155,5423.79,9418.074,1976.812,5713.234,9594.842,1992.067,5710.19,9431.837,2014.702,6003.65,8983.261,1978.241,5716.295,9663.792,2030.728,5585.54,9462.728,1981.396,6149.19,9499.179,2020.255,6063.917,9496.432,2016.508,5693.444,9679.396,1968.176,5879.997,8908.374,2008.945,5673.819,9563.808,1966.29,6121.108
9699.106,1975.98,6018.044,9492.618,1966.141,6242.342,9583.885,1955.12,5890.608,9263.354,1951.155,5424.091,9418.104,1976.812,5713.61,9594.838,1992.067,5710.568,9432.193,2014.702,6003.776,8983.367,1978.241,5716.657,9663.848,2030.728,5585.914,9463.077,1981.396,6149.333,9499.533,2020.255,6064.047,9496.444,2016.508,5693.822,9679.504,1968.176,5880.359,8908.491,2008.945,5674.178,9564.162,1966.29,6121.239
9699.504,1975.98,6018.434,9493.153,1966.141,6242.496,9584.106,1955.12,5891.119,9263.638,1951.155,5424.53,9418.134,1976.812,5714.166,9594.841,1992.067,5711.125,9432.724,2014.702,6003.944,8983.542,1978.241,5717.186,9663.947,2030.728,5586.461,9463.571,1981.396,6149.588,9500.024,2020.255,6064.308,9496.479,2016.508,5694.377,9679.68,1968.176,5880.888,8908.681,2008.945,5674.702,9564.69,1966.29,6121.416
9699.656,1975.98,6018.593,9493.367,1966.141,6242.549,9584.201,1955.12,5891.318,9263.75,1951.155,5424.705,9418.139,1976.812,5714.386,9594.85,1992.067,5711.345,9432.932,2014.702,6004.017,8983.618,1978.241,5717.393,9663.959,2030.728,5586.681,9463.771,1981.396,6149.683,9500.223,2020.255,6064.405,9496.5,2016.508,5694.597,9679.739,1968.176,5881.1,8908.763,2008.945,5674.906,9564.901,1966.29,6121.479
9699.795,1975.98,6018.749,9493.57,1966.141,6242.594,9584.277,1955.12,5891.512,9263.861,1951.155,5424.866,9418.15,1976.812,5714.594,9594.864,1992.067,5711.553,9433.128,2014.702,6004.087,8983.696,1978.241,5717.585,9663.977,2030.728,5586.889,9463.962,1981.396,6149.767,9500.413,2020.255,6064.49,9496.526,2016.508,5694.803,9679.802,1968.176,5881.298,8908.847,2008.945,5675.097,9565.092,1966.29,6121.564
9700.157,1975.98,6019.128,9494.079,1966.141,6242.722,9584.486,1955.12,5891.993,9264.155,1951.155,5425.265,9418.196,1976.812,5715.117,9594.919,1992.067,5712.075,9433.636,2014.702,6004.22,8983.909,1978.241,5718.065,9664.038,2030.728,5587.41,9464.45,1981.396,6149.96,9500.898,2020.255,6064.69,9496.657,2016.508,5695.312,9679.976,1968.176,5881.793,8909.073,2008.945,5675.571,9565.567,1966.29,6121.787
9700.3,1975.98,6019.279,9494.282,1966.141,6242.767,9584.574,1955.12,5892.182,9264.277,1951.155,5425.419,9418.222,1976.812,5715.324,9594.947,1992.067,5712.282,9433.838,2014.702,6004.27,8984,1978.241,5718.253,9664.069,2030.728,5587.616,9464.646,1981.396,6150.031,9501.094,2020.255,6064.763,9496.704,2016.508,5695.515,9680.051,1968.176,5881.988,8909.169,2008.945,5675.756,9565.759,1966.29,6121.869
9700.752,1975.98,6019.657,9494.864,1966.141,6242.858,9584.823,1955.12,5892.716,9264.634,1951.155,5425.848,9418.312,1976.812,5715.906,9595.026,1992.067,5712.865,9434.405,2014.702,6004.427,8984.273,1978.241,5718.774,9664.177,2030.728,5588.195,9465.183,1981.396,6150.275,9501.652,2020.255,6064.95,9496.881,2016.508,5696.076,9680.282,1968.176,5882.529,8909.41,2008.945,5676.293,9566.288,1966.29,6122.127
9700.907,1975.98,6019.795,9495.069,1966.141,6242.893,9584.918,1955.12,5892.901,9264.768,1951.155,5425.993,9418.351,1976.812,5716.111,9595.062,1992.067,5713.071,9434.604,2014.702,6004.49,8984.376,1978.241,5718.956,9664.222,2030.728,5588.399,9465.375,1981.396,6150.355,9501.852,2020.255,6065.011,9496.937,2016.508,5696.277,9680.37,1968.176,5882.718,8909.502,2008.945,5676.48,9566.479,1966.29,6122.212
9701.104,1975.98,6019.983,9495.34,1966.141,6242.929,9585.044,1955.12,5893.143,9264.937,1951.155,5426.189,9418.41,1976.812,5716.377,9595.101,1992.067,5713.341,9434.867,2014.702,6004.563,8984.519,1978.241,5719.188,9664.271,2030.728,5588.667,9465.63,1981.396,6150.452,9502.114,2020.255,6065.083,9497.023,2016.508,5696.536,9680.493,1968.176,5882.961,8909.63,2008.945,5676.721,9566.73,1966.29,6122.315
9701.494,1975.98,6020.294,9495.831,1966.141,6243.012,9585.289,1955.12,5893.577,9265.275,1951.155,5426.52,9418.534,1976.812,5716.859,9595.188,1992.067,5713.831,9435.344,2014.702,6004.707,8984.792,1978.241,5719.604,9664.37,2030.728,5589.155,9466.101,1981.396,6150.613,9502.59,2020.255,6065.229,9497.166,2016.508,5697.013,9680.723,1968.176,5883.403,8909.877,2008.945,5677.153,9567.188,1966.29,6122.511
9701.914,1975.98,6020.652,9496.372,1966.141,6243.122,9585.576,1955.12,5894.048,9265.64,1951.155,5426.898,9418.689,1976.812,5717.389,9595.304,1992.067,5714.371,9435.877,2014.702,6004.849,8985.11,1978.241,5720.056,9664.464,2030.728,5589.699,9466.628,1981.396,6150.775,9503.111,2020.255,6065.409,9497.325,2016.508,5697.541,9680.992,1968.176,5883.885,8910.167,2008.945,5677.623,9567.703,1966.29,6122.71
9702.23,1975.98,6020.94,9496.794,1966.141,6243.193,9585.811,1955.12,5894.406,9265.912,1951.155,5427.202,9418.823,1976.812,5717.795,9595.407,1992.067,5714.786,9436.286,2014.702,6004.973,8985.368,1978.241,5720.397,9664.538,2030.728,5590.12,9467.026,1981.396,6150.93,9503.515,2020.255,6065.55,9497.462,2016.508,5697.946,9681.253,1968.176,5884.224,8910.403,2008.945,5677.979,9568.106,1966.29,6122.852
9702.38,1975.98,6021.085,9497,1966.141,6243.221,9585.931,1955.12,5894.577,9266.04,1951.155,5427.354,9418.895,1976.812,5717.991,9595.464,1992.067,5714.986,9436.483,2014.702,6005.04,8985.499,1978.241,5720.559,9664.563,2030.728,5590.327,9467.223,1981.396,6151,9503.714,2020.255,6065.612,9497.526,2016.508,5698.144,9681.375,1968.176,5884.393,8910.524,2008.945,5678.149,9568.305,1966.29,6122.915
9702.938,1975.98,6021.584,9497.738,1966.141,6243.345,9586.381,1955.12,5895.175,9266.482,1951.155,5427.917,9419.116,1976.812,5718.707,9595.691,1992.067,5715.699,9437.2,2014.702,6005.256,8985.988,1978.241,5721.126,9664.677,2030.728,5591.067,9467.937,1981.396,6151.226,9504.421,2020.255,6065.86,9497.783,2016.508,5698.848,9681.793,1968.176,5885.014,8910.955,2008.945,5678.762,9569.026,1966.29,6123.116
9703.761,1975.98,6022.297,9498.805,1966.141,6243.562,9587.049,1955.12,5896.035,9267.101,1951.155,5428.757,9419.473,1976.812,5719.735,9595.98,1992.067,5716.749,9438.231,2014.702,6005.604,8986.725,1978.241,5721.928,9664.877,2030.728,5592.137,9468.984,1981.396,6151.52,9505.447,2020.255,6066.221,9498.175,2016.508,5699.863,9682.429,1968.176,5885.897,8911.609,2008.945,5679.632,9570.1,1966.29,6123.299
9704.048,1975.98,6022.563,9499.19,1966.141,6243.626,9587.25,1955.12,5896.371,9267.333,1951.155,5429.053,9419.612,1976.812,5720.1,9596.097,1992.067,5717.122,9438.583,2014.702,6005.776,8986.998,1978.241,5722.207,9664.962,2030.728,5592.519,9469.354,1981.396,6151.646,9505.807,2020.255,6066.376,9498.357,2016.508,5700.209,9682.685,1968.176,5886.194,8911.854,2008.945,5679.937,9570.482,1966.29,6123.378
9704.656,1975.98,6023.16,9500.025,1966.141,6243.796,9587.711,1955.12,5897.087,9267.818,1951.155,5429.714,9419.943,1976.812,5720.885,9596.377,1992.067,5717.927,9439.36,2014.702,6006.125,8987.608,1978.241,5722.802,9665.154,2030.728,5593.349,9470.17,1981.396,6151.894,9506.6,2020.255,6066.688,9498.729,2016.508,5700.976,9683.22,1968.176,5886.857,8912.41,2008.945,5680.583,9571.312,1966.29,6123.576
9705.353,1975.98,6023.729,9500.898,1966.141,6244.01,9588.197,1955.12,5897.844,9268.281,1951.155,5430.447,9420.319,1976.812,5721.702,9596.7,1992.067,5718.766,9440.192,2014.702,6006.467,8988.231,1978.241,5723.451,9665.329,2030.728,5594.23,9471.038,1981.396,6152.126,9507.445,2020.255,6066.993,9499.096,2016.508,5701.797,9683.77,1968.176,5887.569,8913.019,2008.945,5681.245,9572.179,1966.29,6123.814
9705.75,1975.98,6024.073,9501.414,1966.141,6244.118,9588.486,1955.12,5898.284,9268.567,1951.155,5430.869,9420.555,1976.812,5722.172,9596.905,1992.067,5719.251,9440.686,2014.702,6006.651,8988.585,1978.241,5723.841,9665.448,2030.728,5594.743,9471.55,1981.396,6152.251,9507.946,2020.255,6067.155,9499.305,2016.508,5702.281,9684.077,1968.176,5887.996,8913.388,2008.945,5681.621,9572.696,1966.29,6123.912
9706.409,1975.98,6024.683,9502.291,1966.141,6244.312,9589,1955.12,5899.02,9269.079,1951.155,5431.572,9421.04,1976.812,5722.928,9597.247,1992.067,5720.081,9441.537,2014.702,6006.937,8989.109,1978.241,5724.569,9665.64,2030.728,5595.621,9472.429,1981.396,6152.436,9508.809,2020.255,6067.404,9499.554,2016.508,5703.144,9684.578,1968.176,5888.741,8913.995,2008.945,5682.282,9573.572,1966.29,6124.107
9707.103,1975.98,6025.323,9503.219,1966.141,6244.484,9589.632,1955.12,5899.721,9269.523,1951.155,5432.373,9421.523,1976.812,5723.738,9597.578,1992.067,5720.965,9442.44,2014.702,6007.208,8989.686,1978.241,5725.316,9665.856,2030.728,5596.539,9473.351,1981.396,6152.634,9509.673,2020.255,6067.783,9499.845,2016.508,5704.041,9685.079,1968.176,5889.54,8914.685,2008.945,5682.925,9574.486,1966.29,6124.342
9707.866,1975.98,6025.943,9504.169,1966.141,6244.739,9590.266,1955.12,5900.473,9270.015,1951.155,5433.193,9422.003,1976.812,5724.597,9597.893,1992.067,5721.897,9443.373,2014.702,6007.521,8990.312,1978.241,5726.075,9666.051,2030.728,5597.503,9474.318,1981.396,6152.812,9510.587,2020.255,6068.147,9500.175,2016.508,5704.967,9685.629,1968.176,5890.356,8915.382,2008.945,5683.62,9575.458,1966.29,6124.497
9708.647,1975.98,6026.621,9505.156,1966.141,6245.046,9590.906,1955.12,5901.285,9270.56,1951.155,5434.041,9422.48,1976.812,5725.514,9598.247,1992.067,5722.868,9444.368,2014.702,6007.802,8990.995,1978.241,5726.851,9666.288,2030.728,5598.51,9475.346,1981.396,6152.928,9511.56,2020.255,6068.499,9500.551,2016.508,5705.93,9686.234,1968.176,5891.194,8916.09,2008.945,5684.373,9576.474,1966.29,6124.692
9709.433,1975.98,6027.349,9506.188,1966.141,6245.331,9591.542,1955.12,5902.146,9271.154,1951.155,5434.901,9422.947,1976.812,5726.478,9598.647,1992.067,5723.861,9445.389,2014.702,6008.126,8991.729,1978.241,5727.631,9666.5,2030.728,5599.56,9476.405,1981.396,6153.083,9512.578,2020.255,6068.83,9500.969,2016.508,5706.916,9686.889,1968.176,5892.042,8916.798,2008.945,5685.177,9577.543,1966.29,6124.747
9710.578,1975.98,6028.27,9507.617,1966.141,6245.674,9592.452,1955.12,5903.3,9271.859,1951.155,5436.154,9423.549,1976.812,5727.818,9599.049,1992.067,5725.275,9446.839,2014.702,6008.362,8992.7,1978.241,5728.733,9666.838,2030.728,5600.99,9477.852,1981.396,6153.342,9513.99,2020.255,6069.238,9501.582,2016.508,5708.251,9687.749,1968.176,5893.233,8917.805,2008.945,5686.248,9579.008,1966.29,6124.871
9711.29,1975.98,6028.882,9508.536,1966.141,6245.864,9593.009,1955.12,5904.056,9272.337,1951.155,5436.941,9423.907,1976.812,5728.686,9599.335,1992.067,5726.169,9447.76,2014.702,6008.543,8993.344,1978.241,5729.417,9667.023,2030.728,5601.91,9478.771,1981.396,6153.527,9514.9,2020.255,6069.469,9501.999,2016.508,5709.092,9688.319,1968.176,5893.979,8918.406,2008.945,5686.968,9579.94,1966.29,6124.98
9712.058,1975.98,6029.586,9509.563,1966.141,6246.041,9593.654,1955.12,5904.874,9272.848,1951.155,5437.828,9424.277,1976.812,5729.66,9599.685,1992.067,5727.15,9448.789,2014.702,6008.703,8994.082,1978.241,5730.152,9667.132,2030.728,5602.946,9479.789,1981.396,6153.753,9515.918,2020.255,6069.693,9502.488,2016.508,5710.012,9689.008,1968.176,5894.761,8919.101,2008.945,5687.745,9580.971,1966.29,6125.135
9712.951,1975.98,6030.443,9510.79,1966.141,6246.21,9594.452,1955.12,5905.82,9273.489,1951.155,5438.863,9424.683,1976.812,5730.829,9600.138,1992.067,5728.303,9450.006,2014.702,6008.932,8994.906,1978.241,5731.076,9667.301,2030.728,5604.173,9481.006,1981.396,6153.983,9517.123,2020.255,6069.976,9503.102,2016.508,5711.087,9689.796,1968.176,5895.716,8919.955,2008.945,5688.641,9582.188,1966.29,6125.36
9714.043,1975.98,6031.562,9512.312,1966.141,6246.568,9595.498,1955.12,5906.981,9274.343,1951.155,5440.144,9425.242,1976.812,5732.288,9600.757,1992.067,5729.737,9451.545,2014.702,6009.204,8995.899,1978.241,5732.282,9667.564,2030.728,5605.713,9482.542,1981.396,6154.272,9518.64,2020.255,6070.354,9503.872,2016.508,5712.447,9690.75,1968.176,5896.953,8921.069,2008.945,5689.736,9583.697,1966.29,6125.769
9714.419,1975.98,6031.92,9512.821,1966.141,6246.671,9595.854,1955.12,5907.36,9274.626,1951.155,5440.571,9425.444,1976.812,5732.767,9600.979,1992.067,5730.208,9452.054,2014.702,6009.311,8996.243,1978.241,5732.672,9667.629,2030.728,5606.229,9483.056,1981.396,6154.352,9519.147,2020.255,6070.463,9504.113,2016.508,5712.907,9691.054,1968.176,5897.375,8921.452,2008.945,5690.088,9584.203,1966.29,6125.888
9715.85,1975.98,6033.375,9514.835,1966.141,6247.007,9597.204,1955.12,5908.892,9275.793,1951.155,5442.214,9426.299,1976.812,5734.621,9601.908,1992.067,5732.025,9454.039,2014.702,6009.783,8997.642,1978.241,5734.16,9667.95,2030.728,5608.245,9485.089,1981.396,6154.534,9521.156,2020.255,6070.827,9505.001,2016.508,5714.745,9692.3,1968.176,5898.991,8923.017,2008.945,5691.399,9586.178,1966.29,6126.404
9716.607,1975.98,6034.144,9515.904,1966.141,6247.15,9597.927,1955.12,5909.693,9276.3,1951.155,5443.153,9426.712,1976.812,5735.618,9602.368,1992.067,5733.001,9455.097,2014.702,6009.999,8998.406,1978.241,5734.921,9668.072,2030.728,5609.317,9486.16,1981.396,6154.665,9522.211,2020.255,6071.053,9505.502,2016.508,5715.701,9693.055,1968.176,5899.762,8923.904,2008.945,5692.013,9587.23,1966.29,6126.643
9718.031,1975.98,6035.684,9517.991,1966.141,6247.36,9599.354,1955.12,5911.229,9277.346,1951.155,5444.947,9427.578,1976.812,5737.528,9603.323,1992.067,5734.868,9457.137,2014.702,6010.484,8999.939,1978.241,5736.353,9668.219,2030.728,5611.409,9488.232,1981.396,6154.988,9524.255,2020.255,6071.524,9506.568,2016.508,5717.507,9694.484,1968.176,5901.296,8925.59,2008.945,5693.261,9589.29,1966.29,6127.039
9718.818,1975.98,6036.593,9519.183,1966.141,6247.519,9600.186,1955.12,5912.099,9277.979,1951.155,5445.956,9428.11,1976.812,5738.606,9603.905,1992.067,5735.92,9458.306,2014.702,6010.765,9000.845,1978.241,5737.144,9668.342,2030.728,5612.605,9489.414,1981.396,6155.212,9525.434,2020.255,6071.761,9507.146,2016.508,5718.562,9695.275,1968.176,5902.202,8926.532,2008.945,5694.008,9590.451,1966.29,6127.352
9719.36,1975.98,6037.18,9519.971,1966.141,6247.651,9600.719,1955.12,5912.694,9278.423,1951.155,5446.613,9428.437,1976.812,5739.336,9604.27,1992.067,5736.631,9459.088,2014.702,6010.926,9001.463,1978.241,5737.649,9668.449,2030.728,5613.396,9490.21,1981.396,6155.287,9526.211,2020.255,6071.944,9507.552,2016.508,5719.25,9695.771,1968.176,5902.83,8927.199,2008.945,5694.447,9591.215,1966.29,6127.588
9719.672,1975.98,6037.54,9520.44,1966.141,6247.727,9601.024,1955.12,5913.059,9278.699,1951.155,5446.996,9428.645,1976.812,5739.764,9604.465,1992.067,5737.065,9459.56,2014.702,6010.991,9001.841,1978.241,5737.938,9668.529,2030.728,5613.866,9490.682,1981.396,6155.347,9526.678,2020.255,6072.038,9507.78,2016.508,5719.667,9696.077,1968.176,5903.193,8927.588,2008.945,5694.722,9591.674,1966.29,6127.714
9720.762,1975.98,6039.226,9522.4,1966.141,6248.164,9602.169,1955.12,5914.708,9279.92,1951.155,5448.572,9429.323,1976.812,5741.653,9605.276,1992.067,5738.902,9461.555,2014.702,6011.212,9003.361,1978.241,5739.25,9668.93,2030.728,5615.833,9492.664,1981.396,6155.666,9528.658,2020.255,6072.368,9508.686,2016.508,5721.459,9697.543,1968.176,5904.566,8929.188,2008.945,5695.934,9593.627,1966.29,6128.181
9721.475,1975.98,6040.253,9523.629,1966.141,6248.396,9602.915,1955.12,5915.711,9280.648,1951.155,5449.58,9429.784,1976.812,5742.816,9605.818,1992.067,5740.029,9462.805,2014.702,6011.23,9004.313,1978.241,5740.062,9669.219,2030.728,5617.05,9493.892,1981.396,6155.905,9529.908,2020.255,6072.39,9509.213,2016.508,5722.593,9698.428,1968.176,5905.45,8930.23,2008.945,5696.626,9594.853,1966.29,6128.432
9722.188,1975.98,6041.315,9524.887,1966.141,6248.629,9603.712,1955.12,5916.713,9281.428,1951.155,5450.585,9430.295,1976.812,5743.989,9606.509,1992.067,5741.106,9464.075,2014.702,6011.08,9005.312,1978.241,5740.861,9669.474,2030.728,5618.304,9495.154,1981.396,6156.108,9531.186,2020.255,6072.454,9509.714,2016.508,5723.771,9699.303,1968.176,5906.384,8931.272,2008.945,5697.369,9596.113,1966.29,6128.647
9722.637,1975.98,6041.939,9525.647,1966.141,6248.745,9604.138,1955.12,5917.354,9281.876,1951.155,5451.206,9430.609,1976.812,5744.691,9606.902,1992.067,5741.767,9464.842,2014.702,6011.014,9005.928,1978.241,5741.321,9669.568,2030.728,5619.067,9495.918,1981.396,6156.205,9531.952,2020.255,6072.517,9510.038,2016.508,5724.468,9699.81,1968.176,5906.962,8931.825,2008.945,5697.904,9596.876,1966.29,6128.752
9722.939,1975.98,6042.333,9526.141,1966.141,6248.804,9604.426,1955.12,5917.758,9282.157,1951.155,5451.612,9430.827,1976.812,5745.137,9607.143,1992.067,5742.202,9465.338,2014.702,6010.987,9006.333,1978.241,5741.607,9669.621,2030.728,5619.561,9496.412,1981.396,6156.251,9532.446,2020.255,6072.563,9510.262,2016.508,5724.912,9700.125,1968.176,5907.346,8932.193,2008.945,5698.237,9597.37,1966.29,6128.803
9723.811,1975.98,6043.389,9527.506,1966.141,6248.921,9605.257,1955.12,5918.847,9282.971,1951.155,5452.707,9431.467,1976.812,5746.348,9607.765,1992.067,5743.422,9466.707,2014.702,6010.959,9007.426,1978.241,5742.433,9669.748,2030.728,5620.925,9497.779,1981.396,6156.335,9533.812,2020.255,6072.67,9510.753,2016.508,5726.19,9701.009,1968.176,5908.393,8933.238,2008.945,5699.124,9598.731,1966.29,6128.952
9723.98,1975.98,6043.656,9527.821,1966.141,6248.938,9605.457,1955.12,5919.092,9283.155,1951.155,5452.961,9431.621,1976.812,5746.625,9607.922,1992.067,5743.696,9467.023,2014.702,6010.963,9007.669,1978.241,5742.635,9669.788,2030.728,5621.238,9498.096,1981.396,6156.344,9534.127,2020.255,6072.685,9510.876,2016.508,5726.482,9701.205,1968.176,5908.641,8933.486,2008.945,5699.32,9599.046,1966.29,6128.98
9724.653,1975.98,6044.637,9529.011,1966.141,6248.962,9606.239,1955.12,5919.988,9283.717,1951.155,5454.004,9432.166,1976.812,5747.682,9608.55,1992.067,5744.706,9468.212,2014.702,6011,9008.607,1978.241,5743.366,9669.976,2030.728,5622.413,9499.283,1981.396,6156.417,9535.313,2020.255,6072.778,9511.364,2016.508,5727.566,9701.911,1968.176,5909.598,8934.441,2008.945,5700.029,9600.233,1966.29,6129.051
9725.505,1975.98,6045.794,9530.448,1966.141,6248.945,9607.148,1955.12,5921.101,9284.437,1951.155,5455.242,9432.778,1976.812,5748.982,9609.269,1992.067,5745.951,9469.646,2014.702,6011.092,9009.771,1978.241,5744.21,9670.249,2030.728,5623.824,9500.72,1981.396,6156.458,9536.748,2020.255,6072.844,9511.997,2016.508,5728.857,9702.802,1968.176,5910.726,8935.623,2008.945,5700.847,9601.666,1966.29,6129.16
9725.802,1975.98,6046.171,9530.927,1966.141,6248.923,9607.464,1955.12,5921.462,9284.69,1951.155,5455.647,9432.996,1976.812,5749.409,9609.494,1992.067,5746.374,9470.124,2014.702,6011.134,9010.167,1978.241,5744.479,9670.321,2030.728,5624.297,9501.192,1981.396,6156.538,9537.226,2020.255,6072.881,9512.222,2016.508,5729.28,9703.092,1968.176,5911.108,8936.026,2008.945,5701.106,9602.139,1966.29,6129.238
9726.269,1975.98,6046.726,9531.652,1966.141,6248.915,9607.923,1955.12,5922.024,9285.094,1951.155,5456.247,9433.298,1976.812,5750.068,9609.815,1992.067,5747.024,9470.844,2014.702,6011.22,9010.78,1978.241,5744.867,9670.386,2030.728,5625.02,9501.911,1981.396,6156.635,9537.946,2020.255,6072.962,9512.567,2016.508,5729.917,9703.543,1968.176,5911.675,8936.643,2008.945,5701.488,9602.85,1966.29,6129.379
9726.703,1975.98,6047.215,9532.303,1966.141,6248.848,9608.353,1955.12,5922.517,9285.461,1951.155,5456.786,9433.59,1976.812,5750.653,9610.079,1992.067,5747.623,9471.49,2014.702,6011.319,9011.345,1978.241,5745.198,9670.466,2030.728,5625.669,9502.545,1981.396,6156.796,9538.594,2020.255,6073.056,9512.897,2016.508,5730.482,9703.934,1968.176,5912.2,8937.21,2008.945,5701.814,9603.495,1966.29,6129.485
9727.54,1975.98,6048.097,9533.516,1966.141,6248.764,9609.122,1955.12,5923.458,9286.118,1951.155,5457.805,9434.148,1976.812,5751.733,9610.604,1992.067,5748.72,9472.686,2014.702,6011.542,9012.339,1978.241,5745.897,9670.583,2030.728,5626.879,9503.732,1981.396,6157.059,9539.791,2020.255,6073.27,9513.564,2016.508,5731.499,9704.69,1968.176,5913.152,8938.283,2008.945,5702.386,9604.688,1966.29,6129.722
9728.016,1975.98,6048.694,9534.278,1966.141,6248.736,9609.547,1955.12,5924.093,9286.552,1951.155,5458.432,9434.521,1976.812,5752.4,9610.957,1992.067,5749.397,9473.448,2014.702,6011.572,9012.978,1978.241,5746.316,9670.682,2030.728,5627.637,9504.483,1981.396,6157.199,9540.553,2020.255,6073.325,9513.994,2016.508,5732.13,9705.162,1968.176,5913.752,8938.945,2008.945,5702.766,9605.413,1966.29,6129.959
9728.643,1975.98,6049.432,9535.245,1966.141,6248.707,9610.111,1955.12,5924.879,9287.127,1951.155,5459.207,9435.021,1976.812,5753.229,9611.424,1992.067,5750.245,9474.413,2014.702,6011.642,9013.793,1978.241,5746.838,9670.838,2030.728,5628.592,9505.44,1981.396,6157.345,9541.515,2020.255,6073.427,9514.512,2016.508,5732.948,9705.734,1968.176,5914.533,8939.769,2008.945,5703.275,9606.342,1966.29,6130.229
9728.853,1975.98,6049.663,9535.557,1966.141,6248.716,9610.286,1955.12,5925.138,9287.319,1951.155,5459.452,9435.191,1976.812,5753.49,9611.542,1992.067,5750.534,9474.724,2014.702,6011.674,9014.062,1978.241,5746.998,9670.898,2030.728,5628.898,9505.747,1981.396,6157.402,9541.826,2020.255,6073.452,9514.712,2016.508,5733.187,9705.91,1968.176,5914.79,8940.038,2008.945,5703.432,9606.645,1966.29,6130.307
9729.138,1975.98,6050.009,9536.005,1966.141,6248.715,9610.55,1955.12,5925.5,9287.632,1951.155,5459.772,9435.447,1976.812,5753.858,9611.726,1992.067,5750.943,9475.168,2014.702,6011.735,9014.414,1978.241,5747.274,9671,2030.728,5629.335,9506.19,1981.396,6157.469,9542.271,2020.255,6073.501,9514.988,2016.508,5733.541,9706.194,1968.176,5915.137,8940.414,2008.945,5703.677,9607.082,1966.29,6130.404
9729.663,1975.98,6050.606,9536.8,1966.141,6248.739,9611.038,1955.12,5926.128,9288.205,1951.155,5460.322,9435.923,1976.812,5754.496,9612.074,1992.067,5751.658,9475.952,2014.702,6011.87,9015.056,1978.241,5747.745,9671.205,2030.728,5630.104,9506.98,1981.396,6157.563,9543.059,2020.255,6073.615,9515.458,2016.508,5734.183,9706.677,1968.176,5915.77,8941.119,2008.945,5704.045,9607.856,1966.29,6130.586
9730.083,1975.98,6051.104,9537.45,1966.141,6248.76,9611.455,1955.12,5926.629,9288.659,1951.155,5460.787,9436.329,1976.812,5755.005,9612.379,1992.067,5752.233,9476.59,2014.702,6012,9015.593,1978.241,5748.112,9671.352,2030.728,5630.738,9507.618,1981.396,6157.692,9543.71,2020.255,6073.625,9515.825,2016.508,5734.721,9707.075,1968.176,5916.285,8941.687,2008.945,5704.366,9608.495,1966.29,6130.714
9730.507,1975.98,6051.575,9538.08,1966.141,6248.691,9611.845,1955.12,5927.128,9289.086,1951.155,5461.254,9436.708,1976.812,5755.513,9612.693,1992.067,5752.783,9477.215,2014.702,6012.107,9016.127,1978.241,5748.453,9671.515,2030.728,5631.35,9508.243,1981.396,6157.797,9544.343,2020.255,6073.655,9516.179,2016.508,5735.247,9707.532,1968.176,5916.724,8942.228,2008.945,5704.695,9609.12,1966.29,6130.819
9731.191,1975.98,6052.287,9539.064,1966.141,6248.616,9612.477,1955.12,5927.887,9289.727,1951.155,5462.002,9437.272,1976.812,5756.323,9613.212,1992.067,5753.623,9478.18,2014.702,6012.315,9016.957,1978.241,5748.986,9671.872,2030.728,5632.271,9509.222,1981.396,6157.929,9545.327,2020.255,6073.734,9516.735,2016.508,5736.062,9708.222,1968.176,5917.43,8943.118,2008.945,5705.12,9610.08,1966.29,6131.048
9731.404,1975.98,6052.537,9539.394,1966.141,6248.624,9612.695,1955.12,5928.132,9289.932,1951.155,5462.259,9437.45,1976.812,5756.6,9613.375,1992.067,5753.908,9478.503,2014.702,6012.374,9017.239,1978.241,5749.155,9671.981,2030.728,5632.581,9509.548,1981.396,6157.97,9545.654,2020.255,6073.771,9516.912,2016.508,5736.339,9708.446,1968.176,5917.67,8943.41,2008.945,5705.271,9610.401,1966.29,6131.119
9731.906,1975.98,6053.09,9540.141,1966.141,6248.652,9613.21,1955.12,5928.674,9290.379,1951.155,5462.856,9437.874,1976.812,5757.215,9613.728,1992.067,5754.567,9479.242,2014.702,6012.483,9017.893,1978.241,5749.517,9672.206,2030.728,5633.293,9510.269,1981.396,6158.168,9546.401,2020.255,6073.78,9517.393,2016.508,5736.912,9708.939,1968.176,5918.231,8944.063,2008.945,5705.634,9611.136,1966.29,6131.258
9732.273,1975.98,6053.534,9540.716,1966.141,6248.637,9613.615,1955.12,5929.083,9290.738,1951.155,5463.305,9438.216,1976.812,5757.679,9614.016,1992.067,5755.066,9479.804,2014.702,6012.61,9018.397,1978.241,5749.793,9672.361,2030.728,5633.848,9510.828,1981.396,6158.302,9546.977,2020.255,6073.805,9517.748,2016.508,5737.365,9709.351,1968.176,5918.634,8944.557,2008.945,5705.93,9611.705,1966.29,6131.346
9732.403,1975.98,6053.697,9540.924,1966.141,6248.625,9613.739,1955.12,5929.25,9290.869,1951.155,5463.466,9438.337,1976.812,5757.848,9614.101,1992.067,5755.256,9480.009,2014.702,6012.649,9018.58,1978.241,5749.894,9672.433,2030.728,5634.044,9511.032,1981.396,6158.344,9547.185,2020.255,6073.821,9517.871,2016.508,5737.533,9709.494,1968.176,5918.785,8944.738,2008.945,5706.032,9611.912,1966.29,6131.372
9732.903,1975.98,6054.284,9541.694,1966.141,6248.596,9614.219,1955.12,5929.855,9291.334,1951.155,5464.081,9438.806,1976.812,5758.46,9614.437,1992.067,5755.951,9480.768,2014.702,6012.786,9019.235,1978.241,5750.301,9672.672,2030.728,5634.777,9511.792,1981.396,6158.475,9547.953,2020.255,6073.89,9518.307,2016.508,5738.169,9710.009,1968.176,5919.359,8945.396,2008.945,5706.434,9612.678,1966.29,6131.463
9733.236,1975.98,6054.65,9542.189,1966.141,6248.583,9614.539,1955.12,5930.233,9291.623,1951.155,5464.482,9439.11,1976.812,5758.851,9614.667,1992.067,5756.389,9481.258,2014.702,6012.858,9019.664,1978.241,5750.548,9672.811,2030.728,5635.252,9512.282,1981.396,6158.542,9548.444,2020.255,6073.95,9518.602,2016.508,5738.566,9710.327,1968.176,5919.739,8945.827,2008.945,5706.679,9613.171,1966.29,6131.505
9733.584,1975.98,6055.008,9542.688,1966.141,6248.585,9614.809,1955.12,5930.652,9291.927,1951.155,5464.876,9439.387,1976.812,5759.266,9614.913,1992.067,5756.823,9481.753,2014.702,6012.919,9020.099,1978.241,5750.793,9672.935,2030.728,5635.735,9512.778,1981.396,6158.595,9548.943,2020.255,6073.96,9518.899,2016.508,5738.966,9710.651,1968.176,5920.117,8946.26,2008.945,5706.926,9613.666,1966.29,6131.564
9733.904,1975.98,6055.345,9543.153,1966.141,6248.595,9615.073,1955.12,5931.035,9292.191,1951.155,5465.258,9439.656,1976.812,5759.645,9615.155,1992.067,5757.219,9482.216,2014.702,6012.962,9020.511,1978.241,5751.008,9673.035,2030.728,5636.189,9513.242,1981.396,6158.628,9549.407,2020.255,6073.986,9519.165,2016.508,5739.348,9710.942,1968.176,5920.479,8946.656,2008.945,5707.168,9614.129,1966.29,6131.604
9734.238,1975.98,6055.674,9543.622,1966.141,6248.598,9615.339,1955.12,5931.421,9292.46,1951.155,5465.642,9439.925,1976.812,5760.029,9615.352,1992.067,5757.645,9482.685,2014.702,6012.952,9020.947,1978.241,5751.179,9673.151,2030.728,5636.644,9513.703,1981.396,6158.715,9549.874,2020.255,6074.026,9519.468,2016.508,5739.706,9711.224,1968.176,5920.854,8947.063,2008.945,5707.399,9614.594,1966.29,6131.663
9734.539,1975.98,6055.991,9544.059,1966.141,6248.604,9615.584,1955.12,5931.782,9292.682,1951.155,5466.018,9440.182,1976.812,5760.382,9615.547,1992.067,5758.036,9483.121,2014.702,6012.957,9021.349,1978.241,5751.351,9673.246,2030.728,5637.07,9514.135,1981.396,6158.784,9550.311,2020.255,6074.02,9519.738,2016.508,5740.048,9711.509,1968.176,5921.185,8947.45,2008.945,5707.602,9615.028,1966.29,6131.704
9734.822,1975.98,6056.327,9544.498,1966.141,6248.595,9615.843,1955.12,5932.138,9292.899,1951.155,5466.399,9440.451,1976.812,5760.729,9615.757,1992.067,5758.422,9483.56,2014.702,6012.977,9021.746,1978.241,5751.538,9673.346,2030.728,5637.498,9514.57,1981.396,6158.838,9550.75,2020.255,6074.027,9519.999,2016.508,5740.401,9711.784,1968.176,5921.527,8947.817,2008.945,5707.843,9615.467,1966.29,6131.73
9735.093,1975.98,6056.635,9544.907,1966.141,6248.573,9616.095,1955.12,5932.461,9293.114,1951.155,5466.748,9440.713,1976.812,5761.045,9615.953,1992.067,5758.782,9483.969,2014.702,6013.005,9022.111,1978.241,5751.724,9673.434,2030.728,5637.899,9514.979,1981.396,6158.875,9551.159,2020.255,6074.048,9520.231,2016.508,5740.739,9712.031,1968.176,5921.854,8948.168,2008.945,5708.057,9615.876,1966.29,6131.752
9735.375,1975.98,6056.937,9545.32,1966.141,6248.577,9616.359,1955.12,5932.779,9293.342,1951.155,5467.092,9441,1976.812,5761.342,9616.162,1992.067,5759.139,9484.38,2014.702,6013.048,9022.493,1978.241,5751.881,9673.476,2030.728,5638.31,9515.391,1981.396,6158.9,9551.571,2020.255,6074.082,9520.417,2016.508,5741.108,9712.29,1968.176,5922.177,8948.514,2008.945,5708.284,9616.289,1966.29,6131.773
9735.647,1975.98,6057.21,9545.706,1966.141,6248.567,9616.598,1955.12,5933.083,9293.546,1951.155,5467.419,9441.259,1976.812,5761.628,9616.384,1992.067,5759.454,9484.762,2014.702,6013.1,9022.845,1978.241,5752.039,9673.527,2030.728,5638.692,9515.776,1981.396,6158.91,9551.957,2020.255,6074.101,9520.602,2016.508,5741.447,9712.521,1968.176,5922.485,8948.843,2008.945,5708.485,9616.672,1966.29,6131.822
9735.929,1975.98,6057.479,9546.094,1966.141,6248.544,9616.847,1955.12,5933.38,9293.762,1951.155,5467.742,9441.525,1976.812,5761.911,9616.597,1992.067,5759.779,9485.145,2014.702,6013.165,9023.193,1978.241,5752.209,9673.582,2030.728,5639.077,9516.162,1981.396,6158.959,9552.344,2020.255,6074.133,9520.798,2016.508,5741.782,9712.744,1968.176,5922.804,8949.181,2008.945,5708.677,9617.059,1966.29,6131.858
9736.234,1975.98,6057.79,9546.528,1966.141,6248.505,9617.131,1955.12,5933.711,9294.016,1951.155,5468.096,9441.814,1976.812,5762.238,9616.844,1992.067,5760.138,9485.577,2014.702,6013.224,9023.579,1978.241,5752.413,9673.658,2030.728,5639.507,9516.591,1981.396,6159.04,9552.78,2020.255,6074.141,9521.03,2016.508,5742.151,9713.001,1968.176,5923.157,8949.567,2008.945,5708.88,9617.493,1966.29,6131.894
9736.426,1975.98,6058.035,9546.839,1966.141,6248.487,9617.356,1955.12,5933.925,9294.205,1951.155,5468.342,9442.032,1976.812,5762.46,9617.042,1992.067,5760.378,9485.884,2014.702,6013.276,9023.857,1978.241,5752.552,9673.722,2030.728,5639.811,9516.897,1981.396,6159.087,9553.091,2020.255,6074.157,9521.205,2016.508,5742.408,9713.175,1968.176,5923.414,8949.84,2008.945,5709.03,9617.801,1966.29,6131.94
9736.606,1975.98,6058.25,9547.119,1966.141,6248.47,9617.558,1955.12,5934.122,9294.383,1951.155,5468.559,9442.24,1976.812,5762.649,9617.214,1992.067,5760.6,9486.159,2014.702,6013.333,9024.104,1978.241,5752.685,9673.788,2030.728,5640.083,9517.176,1981.396,6159.121,9553.371,2020.255,6074.167,9521.364,2016.508,5742.64,9713.32,1968.176,5923.654,8950.09,2008.945,5709.158,9618.079,1966.29,6131.973
9737.104,1975.98,6058.806,9547.858,1966.141,6248.37,9618.074,1955.12,5934.66,9294.837,1951.155,5469.15,9442.777,1976.812,5763.167,9617.705,1992.067,5761.162,9486.895,2014.702,6013.458,9024.717,1978.241,5753.111,9673.941,2030.728,5640.813,9517.919,1981.396,6159.187,9554.116,2020.255,6074.197,9521.807,2016.508,5743.24,9713.728,1968.176,5924.279,8950.743,2008.945,5709.519,9618.812,1966.29,6132.113
9737.56,1975.98,6059.282,9548.5,1966.141,6248.219,9618.515,1955.12,5935.15,9295.25,1951.155,5469.663,9443.236,1976.812,5763.64,9618.135,1992.067,5761.661,9487.547,2014.702,6013.546,9025.27,1978.241,5753.47,9674.049,2030.728,5641.463,9518.576,1981.396,6159.232,9554.773,2020.255,6074.235,9522.215,2016.508,5743.757,9714.105,1968.176,5924.818,8951.309,2008.945,5709.856,9619.462,1966.29,6132.215
9737.801,1975.98,6059.518,9548.831,1966.141,6248.152,9618.742,1955.12,5935.4,9295.468,1951.155,5469.921,9443.464,1976.812,5763.89,9618.347,1992.067,5761.924,9487.88,2014.702,6013.603,9025.559,1978.241,5753.644,9674.115,2030.728,5641.794,9518.914,1981.396,6159.245,9555.111,2020.255,6074.228,9522.433,2016.508,5744.016,9714.286,1968.176,5925.104,8951.568,2008.945,5710.072,9619.797,1966.29,6132.256
9738.229,1975.98,6059.806,9549.34,1966.141,6248.067,9619.077,1955.12,5935.792,9295.788,1951.155,5470.325,9443.811,1976.812,5764.272,9618.657,1992.067,5762.336,9488.392,2014.702,6013.673,9025.991,1978.241,5753.925,9674.167,2030.728,5642.308,9519.43,1981.396,6159.248,9555.627,2020.255,6074.232,9522.752,2016.508,5744.421,9714.577,1968.176,5925.53,8951.976,2008.945,5710.39,9620.311,1966.29,6132.303
9738.595,1975.98,6060.071,9549.784,1966.141,6247.98,9619.368,1955.12,5936.139,9296.096,1951.155,5470.657,9444.115,1976.812,5764.607,9618.917,1992.067,5762.707,9488.839,2014.702,6013.741,9026.362,1978.241,5754.183,9674.228,2030.728,5642.756,9519.882,1981.396,6159.235,9556.078,2020.255,6074.206,9522.999,2016.508,5744.8,9714.844,1968.176,5925.895,8952.341,2008.945,5710.656,9620.762,1966.29,6132.329
9738.979,1975.98,6060.368,9550.258,1966.141,6247.869,9619.669,1955.12,5936.521,9296.414,1951.155,5471.024,9444.431,1976.812,5764.977,9619.184,1992.067,5763.113,9489.321,2014.702,6013.799,9026.771,1978.241,5754.448,9674.308,2030.728,5643.235,9520.367,1981.396,6159.209,9556.563,2020.255,6074.179,9523.277,2016.508,5745.198,9715.153,1968.176,5926.27,8952.713,2008.945,5710.969,9621.248,1966.29,6132.34
9739.905,1975.98,6061.064,9551.394,1966.141,6247.642,9620.414,1955.12,5937.408,9297.144,1951.155,5471.923,9445.152,1976.812,5765.883,9619.688,1992.067,5764.156,9490.475,2014.702,6013.904,9027.721,1978.241,5755.11,9674.537,2030.728,5644.371,9521.523,1981.396,6159.136,9557.717,2020.255,6074.074,9523.973,2016.508,5746.125,9715.861,1968.176,5927.187,8953.624,2008.945,5711.684,9622.402,1966.29,6132.437
9740.744,1975.98,6061.738,9552.455,1966.141,6247.466,9621.21,1955.12,5938.131,9297.809,1951.155,5472.768,9445.943,1976.812,5766.612,9620.188,1992.067,5765.108,9491.542,2014.702,6014.042,9028.583,1978.241,5755.753,9674.681,2030.728,5645.437,9522.594,1981.396,6159.032,9558.791,2020.255,6074.011,9524.59,2016.508,5747.006,9716.506,1968.176,5928.048,8954.49,2008.945,5712.321,9623.477,1966.29,6132.492
9741.019,1975.98,6061.973,9552.81,1966.141,6247.395,9621.47,1955.12,5938.383,9298.05,1951.155,5473.037,9446.201,1976.812,5766.865,9620.367,1992.067,5765.423,9491.895,2014.702,6014.119,9028.88,1978.241,5755.959,9674.732,2030.728,5645.794,9522.954,1981.396,6159.009,9559.152,2020.255,6074.001,9524.775,2016.508,5747.317,9716.731,1968.176,5928.33,8954.777,2008.945,5712.541,9623.838,1966.29,6132.498
9741.434,1975.98,6062.354,9553.365,1966.141,6247.303,9621.861,1955.12,5938.789,9298.411,1951.155,5473.469,9446.59,1976.812,5767.273,9620.653,1992.067,5765.909,9492.445,2014.702,6014.237,9029.353,1978.241,5756.266,9674.831,2030.728,5646.35,9523.517,1981.396,6158.973,9559.716,2020.255,6074.005,9525.08,2016.508,5747.792,9717.098,1968.176,5928.758,8955.236,2008.945,5712.868,9624.401,1966.29,6132.49
9742.757,1975.98,6063.577,9555.15,1966.141,6247.066,9623.184,1955.12,5940.012,9299.697,1951.155,5474.728,9447.788,1976.812,5768.618,9621.618,1992.067,5767.43,9494.218,2014.702,6014.557,9030.83,1978.241,5757.295,9675.203,2030.728,5648.112,9525.316,1981.396,6158.914,9561.516,2020.255,6074.077,9526.102,2016.508,5749.274,9718.046,1968.176,5930.29,8956.736,2008.945,5713.864,9626.2,1966.29,6132.404
9742.96,1975.98,6063.712,9555.391,1966.141,6247.026,9623.357,1955.12,5940.183,9299.866,1951.155,5474.904,9447.945,1976.812,5768.804,9621.742,1992.067,5767.64,9494.459,2014.702,6014.593,9031.035,1978.241,5757.428,9675.262,2030.728,5648.349,9525.56,1981.396,6158.901,9561.759,2020.255,6074.094,9526.246,2016.508,5749.471,9718.181,1968.176,5930.493,8956.943,2008.945,5713.993,9626.444,1966.29,6132.401
9743.78,1975.98,6064.301,9556.392,1966.141,6246.893,9624.052,1955.12,5940.916,9300.539,1951.155,5475.656,9448.572,1976.812,5769.595,9622.206,1992.067,5768.536,9495.462,2014.702,6014.707,9031.875,1978.241,5757.989,9675.534,2030.728,5649.321,9526.567,1981.396,6158.836,9562.763,2020.255,6074.2,9526.866,2016.508,5750.268,9718.767,1968.176,5931.314,8957.808,2008.945,5714.514,9627.454,1966.29,6132.419
9745.515,1975.98,6065.635,9558.537,1966.141,6246.462,9625.619,1955.12,5942.442,9301.944,1951.155,5477.332,9449.883,1976.812,5771.347,9623.275,1992.067,5770.445,9497.643,2014.702,6014.884,9033.651,1978.241,5759.267,9676.151,2030.728,5651.42,9528.729,1981.396,6158.49,9564.931,2020.255,6074.499,9528.259,2016.508,5751.956,9720.095,1968.176,5933.053,8959.644,2008.945,5715.704,9629.643,1966.29,6132.387
9746.03,1975.98,6066.059,9559.188,1966.141,6246.318,9626.087,1955.12,5942.918,9302.356,1951.155,5477.857,9450.267,1976.812,5771.893,9623.62,1992.067,5771.017,9498.306,2014.702,6014.96,9034.206,1978.241,5759.638,9676.412,2030.728,5652.035,9529.391,1981.396,6158.406,9565.592,2020.255,6074.588,9528.698,2016.508,5752.458,9720.517,1968.176,5933.57,8960.254,2008.945,5715.974,9630.304,1966.29,6132.481
9746.751,1975.98,6066.693,9560.132,1966.141,6246.141,9626.737,1955.12,5943.624,9302.901,1951.155,5478.646,9450.811,1976.812,5772.684,9624.143,1992.067,5771.822,9499.255,2014.702,6015.1,9035.021,1978.241,5760.146,9676.759,2030.728,5652.93,9530.346,1981.396,6158.314,9566.545,2020.255,6074.7,9529.307,2016.508,5753.201,9721.148,1968.176,5934.293,8961.119,2008.945,5716.39,9631.258,1966.29,6132.585
9748.054,1975.98,6068.115,9562.003,1966.141,6245.676,9628.09,1955.12,5944.999,9304.048,1951.155,5480.196,9451.954,1976.812,5774.236,9625.145,1992.067,5773.47,9501.171,2014.702,6015.319,9036.647,1978.241,5761.182,9677.396,2030.728,5654.75,9532.271,1981.396,6158.192,9568.456,2020.255,6074.958,9530.479,2016.508,5754.732,9722.444,1968.176,5935.721,8962.828,2008.945,5717.282,9633.181,1966.29,6132.731
9748.717,1975.98,6068.792,9562.93,1966.141,6245.475,9628.783,1955.12,5945.645,9304.541,1951.155,5481.006,9452.541,1976.812,5774.981,9625.64,1992.067,5774.278,9502.118,2014.702,6015.348,9037.464,1978.241,5761.665,9677.681,2030.728,5655.655,9533.218,1981.396,6158.164,9569.399,2020.255,6075.054,9531.029,2016.508,5755.503,9723.172,1968.176,5936.329,8963.676,2008.945,5717.708,9634.127,1966.29,6132.792
9749.349,1975.98,6069.476,9563.839,1966.141,6245.273,9629.475,1955.12,5946.268,9305.051,1951.155,5481.784,9453.094,1976.812,5775.73,9626.151,1992.067,5775.056,9503.047,2014.702,6015.407,9038.28,1978.241,5762.113,9677.93,2030.728,5656.552,9534.148,1981.396,6158.166,9570.328,2020.255,6075.118,9531.546,2016.508,5756.278,9723.866,1968.176,5936.949,8964.541,2008.945,5718.051,9635.058,1966.29,6132.822
9749.545,1975.98,6069.682,9564.119,1966.141,6245.22,9629.692,1955.12,5946.452,9305.215,1951.155,5482.018,9453.255,1976.812,5775.966,9626.323,1992.067,5775.284,9503.331,2014.702,6015.434,9038.535,1978.241,5762.242,9678.015,2030.728,5656.824,9534.433,1981.396,6158.187,9570.613,2020.255,6075.135,9531.712,2016.508,5756.51,9724.072,1968.176,5937.146,8964.803,2008.945,5718.165,9635.34,1966.29,6132.863
9750.61,1975.98,6070.819,9565.659,1966.141,6244.983,9630.85,1955.12,5947.495,9306.151,1951.155,5483.262,9454.176,1976.812,5777.223,9627.22,1992.067,5776.559,9504.862,2014.702,6015.723,9039.922,1978.241,5762.952,9678.433,2030.728,5658.325,9535.989,1981.396,6158.25,9572.165,2020.255,6075.277,9532.496,2016.508,5757.856,9725.043,1968.176,5938.364,8966.21,2008.945,5718.834,9636.889,1966.29,6133.037
9751.863,1975.98,6072.073,9567.419,1966.141,6244.771,9632.127,1955.12,5948.724,9307.263,1951.155,5484.642,9455.182,1976.812,5778.683,9628.191,1992.067,5778.042,9506.614,2014.702,6015.994,9041.524,1978.241,5763.708,9678.963,2030.728,5660.016,9537.742,1981.396,6158.513,9573.937,2020.255,6075.341,9533.433,2016.508,5759.36,9726.13,1968.176,5939.764,8967.832,2008.945,5719.548,9638.655,1966.29,6133.178
9752.571,1975.98,6072.736,9568.386,1966.141,6244.686,9632.804,1955.12,5949.419,9307.896,1951.155,5485.377,9455.709,1976.812,5779.498,9628.696,1992.067,5778.871,9507.578,2014.702,6016.111,9042.41,1978.241,5764.106,9679.223,2030.728,5660.951,9538.705,1981.396,6158.637,9574.905,2020.255,6075.408,9533.969,2016.508,5760.169,9726.75,1968.176,5940.511,8968.757,2008.945,5719.844,9639.626,1966.29,6133.181
9753.175,1975.98,6073.266,9569.188,1966.141,6244.642,9633.345,1955.12,5950.013,9308.449,1951.155,5485.959,9456.125,1976.812,5780.184,9629.137,1992.067,5779.542,9508.378,2014.702,6016.182,9043.153,1978.241,5764.411,9679.463,2030.728,5661.717,9539.504,1981.396,6158.714,9575.704,2020.255,6075.489,9534.432,2016.508,5760.825,9727.214,1968.176,5941.166,8969.513,2008.945,5720.113,9640.429,1966.29,6133.209
9753.431,1975.98,6073.491,9569.527,1966.141,6244.612,9633.578,1955.12,5950.262,9308.676,1951.155,5486.214,9456.293,1976.812,5780.48,9629.333,1992.067,5779.821,9508.719,2014.702,6016.201,9043.448,1978.241,5764.582,9679.555,2030.728,5662.046,9539.841,1981.396,6158.768,9576.042,2020.255,6075.535,9534.637,2016.508,5761.098,9727.42,1968.176,5941.438,8969.83,2008.945,5720.238,9640.769,1966.29,6133.233
9754.055,1975.98,6074.048,9570.362,1966.141,6244.566,9634.189,1955.12,5950.832,9309.222,1951.155,5486.848,9456.685,1976.812,5781.219,9629.86,1992.067,5780.47,9509.555,2014.702,6016.22,9044.185,1978.241,5764.978,9679.805,2030.728,5662.844,9540.671,1981.396,6158.871,9576.866,2020.255,6075.673,9535.157,2016.508,5761.751,9727.832,1968.176,5942.166,8970.598,2008.945,5720.57,9641.604,1966.29,6133.249
9754.82,1975.98,6074.689,9571.36,1966.141,6244.544,9634.897,1955.12,5951.537,9309.937,1951.155,5487.544,9457.126,1976.812,5782.115,9630.464,1992.067,5781.265,9510.554,2014.702,6016.211,9045.079,1978.241,5765.422,9680.246,2030.728,5663.739,9541.665,1981.396,6158.961,9577.845,2020.255,6075.871,9535.802,2016.508,5762.514,9728.353,1968.176,5943.018,8971.501,2008.945,5720.996,9642.602,1966.29,6133.3
9755.416,1975.98,6075.211,9572.151,1966.141,6244.5,9635.44,1955.12,5952.114,9310.485,1951.155,5488.115,9457.499,1976.812,5782.813,9630.853,1992.067,5781.955,9511.346,2014.702,6016.229,9045.8,1978.241,5765.751,9680.573,2030.728,5664.461,9542.454,1981.396,6159.03,9578.626,2020.255,6076.001,9536.293,2016.508,5763.136,9728.787,1968.176,5943.68,8972.234,2008.945,5721.295,9643.393,1966.29,6133.344
9756.104,1975.98,6075.776,9573.041,1966.141,6244.481,9636.028,1955.12,5952.782,9311.081,1951.155,5488.776,9457.943,1976.812,5783.584,9631.314,1992.067,5782.716,9512.234,2014.702,6016.279,9046.581,1978.241,5766.178,9680.914,2030.728,5665.283,9543.333,1981.396,6159.167,9579.502,2020.255,6076.16,9536.821,2016.508,5763.852,9729.3,1968.176,5944.408,8973.047,2008.945,5721.658,9644.279,1966.29,6133.423
9757.001,1975.98,6076.613,9574.265,1966.141,6244.396,9636.809,1955.12,5953.729,9311.872,1951.155,5489.714,9458.591,1976.812,5784.626,9631.881,1992.067,5783.804,9513.456,2014.702,6016.388,9047.62,1978.241,5766.831,9681.346,2030.728,5666.431,9544.551,1981.396,6159.317,9580.716,2020.255,6076.338,9537.586,2016.508,5764.811,9730.038,1968.176,5945.387,8974.15,2008.945,5722.194,9645.497,1966.29,6133.572
9757.777,1975.98,6077.347,9575.332,1966.141,6244.357,9637.623,1955.12,5954.42,9312.533,1951.155,5490.553,9459.185,1976.812,5785.515,9632.4,1992.067,5784.738,9514.517,2014.702,6016.518,9048.543,1978.241,5767.369,9681.689,2030.728,5667.443,9545.601,1981.396,6159.518,9581.777,2020.255,6076.458,9538.225,2016.508,5765.668,9730.709,1968.176,5946.219,8975.096,2008.945,5722.693,9646.562,1966.29,6133.667
9758.214,1975.98,6077.732,9575.914,1966.141,6244.354,9638.054,1955.12,5954.812,9312.908,1951.155,5490.998,9459.523,1976.812,5785.988,9632.7,1992.067,5785.237,9515.092,2014.702,6016.607,9049.031,1978.241,5767.687,9681.858,2030.728,5668,9546.176,1981.396,6159.608,9582.354,2020.255,6076.543,9538.557,2016.508,5766.146,9731.089,1968.176,5946.66,8975.612,2008.945,5722.961,9647.14,1966.29,6133.737
9758.554,1975.98,6078.014,9576.355,1966.141,6244.366,9638.373,1955.12,5955.116,9313.209,1951.155,5491.321,9459.792,1976.812,5786.338,9632.906,1992.067,5785.627,9515.525,2014.702,6016.689,9049.385,1978.241,5767.951,9682,2030.728,5668.418,9546.613,1981.396,6159.662,9582.788,2020.255,6076.622,9538.809,2016.508,5766.508,9731.384,1968.176,5946.988,8976.016,2008.945,5723.141,9647.58,1966.29,6133.759
9759.106,1975.98,6078.442,9577.054,1966.141,6244.407,9638.863,1955.12,5955.615,9313.669,1951.155,5491.848,9460.271,1976.812,5786.848,9633.253,1992.067,5786.235,9516.219,2014.702,6016.782,9049.958,1978.241,5768.352,9682.203,2030.728,5669.087,9547.31,1981.396,6159.725,9583.48,2020.255,6076.724,9539.234,2016.508,5767.063,9731.804,1968.176,5947.547,8976.646,2008.945,5723.445,9648.277,1966.29,6133.816
9759.893,1975.98,6079.011,9578.023,1966.141,6244.452,9639.567,1955.12,5956.282,9314.366,1951.155,5492.523,9460.912,1976.812,5787.577,9633.762,1992.067,5787.062,9517.176,2014.702,6016.941,9050.771,1978.241,5768.882,9682.515,2030.728,5670.006,9548.278,1981.396,6159.781,9584.42,2020.255,6076.967,9539.8,2016.508,5767.852,9732.412,1968.176,5948.303,8977.505,2008.945,5723.896,9649.241,1966.29,6133.928
9760.326,1975.98,6079.353,9578.575,1966.141,6244.459,9639.955,1955.12,5956.675,9314.75,1951.155,5492.92,9461.272,1976.812,5787.995,9634.054,1992.067,5787.53,9517.717,2014.702,6017.049,9051.229,1978.241,5769.19,9682.696,2030.728,5670.527,9548.828,1981.396,6159.831,9584.959,2020.255,6077.088,9540.136,2016.508,5768.29,9732.771,1968.176,5948.722,8977.985,2008.945,5724.169,9649.793,1966.29,6133.946
9760.992,1975.98,6079.849,9579.406,1966.141,6244.456,9640.556,1955.12,5957.249,9315.308,1951.155,5493.536,9461.794,1976.812,5788.642,9634.516,1992.067,5788.221,9518.525,2014.702,6017.239,9051.927,1978.241,5769.642,9682.948,2030.728,5671.319,9549.644,1981.396,6159.989,9585.769,2020.255,6077.274,9540.649,2016.508,5768.943,9733.333,1968.176,5949.334,8978.738,2008.945,5724.52,9650.622,1966.29,6134
9761.458,1975.98,6080.218,9580,1966.141,6244.473,9641.013,1955.12,5957.628,9315.691,1951.155,5493.989,9462.125,1976.812,5789.135,9634.862,1992.067,5788.703,9519.103,2014.702,6017.38,9052.436,1978.241,5769.948,9683.106,2030.728,5671.892,9550.23,1981.396,6160.084,9586.338,2020.255,6077.444,9541.001,2016.508,5769.422,9733.72,1968.176,5949.785,8979.286,2008.945,5724.751,9651.216,1966.29,6133.985
9761.626,1975.98,6080.342,9580.208,1966.141,6244.472,9641.169,1955.12,5957.766,9315.821,1951.155,5494.152,9462.247,1976.812,5789.304,9634.979,1992.067,5788.876,9519.304,2014.702,6017.435,9052.617,1978.241,5770.05,9683.168,2030.728,5672.09,9550.438,1981.396,6160.11,9586.539,2020.255,6077.497,9541.13,2016.508,5769.586,9733.851,1968.176,5949.948,8979.476,2008.945,5724.838,9651.424,1966.29,6133.986
9762.365,1975.98,6080.946,9581.162,1966.141,6244.437,9641.882,1955.12,5958.401,9316.438,1951.155,5494.88,9462.83,1976.812,5790.059,9635.397,1992.067,5789.734,9520.216,2014.702,6017.715,9053.465,1978.241,5770.488,9683.481,2030.728,5672.992,9551.372,1981.396,6160.302,9587.465,2020.255,6077.729,9541.694,2016.508,5770.356,9734.473,1968.176,5950.672,8980.385,2008.945,5725.128,9652.378,1966.29,6134.025
9762.751,1975.98,6081.241,9581.646,1966.141,6244.403,9642.233,1955.12,5958.735,9316.74,1951.155,5495.26,9463.139,1976.812,5790.433,9635.625,1992.067,5790.163,9520.661,2014.702,6017.909,9053.903,1978.241,5770.696,9683.686,2030.728,5673.433,9551.851,1981.396,6160.384,9587.939,2020.255,6077.831,9541.969,2016.508,5770.756,9734.844,1968.176,5950.985,8980.842,2008.945,5725.29,9652.863,1966.29,6134.034
9763.224,1975.98,6081.579,9582.224,1966.141,6244.336,9642.651,1955.12,5959.139,9317.116,1951.155,5495.704,9463.533,1976.812,5790.859,9635.871,1992.067,5790.689,9521.197,2014.702,6018.133,9054.427,1978.241,5770.949,9683.922,2030.728,5673.963,9552.426,1981.396,6160.464,9588.506,2020.255,6077.959,9542.313,2016.508,5771.225,9735.275,1968.176,5951.374,8981.385,2008.945,5725.497,9653.443,1966.29,6134.064
9763.694,1975.98,6081.893,9582.788,1966.141,6244.289,9643.039,1955.12,5959.552,9317.529,1951.155,5496.09,9463.904,1976.812,5791.287,9636.128,1992.067,5791.194,9521.727,2014.702,6018.333,9054.921,1978.241,5771.225,9684.176,2030.728,5674.469,9552.988,1981.396,6160.523,9589.062,2020.255,6078.066,9542.632,2016.508,5771.691,9735.684,1968.176,5951.767,8981.906,2008.945,5725.716,9654.007,1966.29,6134.112
9764.14,1975.98,6082.21,9583.331,1966.141,6244.226,9643.426,1955.12,5959.938,9317.916,1951.155,5496.476,9464.249,1976.812,5791.711,9636.392,1992.067,5791.673,9522.233,2014.702,6018.539,9055.406,1978.241,5771.476,9684.415,2030.728,5674.961,9553.524,1981.396,6160.631,9589.602,2020.255,6078.151,9542.955,2016.508,5772.132,9736.064,1968.176,5952.158,8982.403,2008.945,5725.943,9654.553,1966.29,6134.141
9764.562,1975.98,6082.533,9583.859,1966.141,6244.182,9643.748,1955.12,5960.359,9318.279,1951.155,5496.863,9464.564,1976.812,5792.138,9636.633,1992.067,5792.145,9522.731,2014.702,6018.722,9055.886,1978.241,5771.704,9684.631,2030.728,5675.445,9554.048,1981.396,6160.719,9590.122,2020.255,6078.251,9543.255,2016.508,5772.57,9736.422,1968.176,5952.55,8982.894,2008.945,5726.147,9655.083,1966.29,6134.152
9764.959,1975.98,6082.857,9584.372,1966.141,6244.156,9644.073,1955.12,5960.756,9318.645,1951.155,5497.224,9464.878,1976.812,5792.544,9636.865,1992.067,5792.603,9523.219,2014.702,6018.884,9056.334,1978.241,5771.953,9684.824,2030.728,5675.921,9554.557,1981.396,6160.788,9590.627,2020.255,6078.346,9543.546,2016.508,5772.993,9736.755,1968.176,5952.941,8983.383,2008.945,5726.301,9655.595,1966.29,6134.188
9765.333,1975.98,6083.185,9584.869,1966.141,6244.147,9644.4,1955.12,5961.13,9318.987,1951.155,5497.583,9465.185,1976.812,5792.935,9637.105,1992.067,5793.038,9523.695,2014.702,6019.024,9056.776,1978.241,5772.181,9684.997,2030.728,5676.387,9555.051,1981.396,6160.839,9591.109,2020.255,6078.466,9543.814,2016.508,5773.411,9737.086,1968.176,5953.312,8983.852,2008.945,5726.466,9656.092,1966.29,6134.208
9765.763,1975.98,6083.585,9585.457,1966.141,6244.155,9644.802,1955.12,5961.56,9319.378,1951.155,5498.022,9465.534,1976.812,5793.407,9637.405,1992.067,5793.543,9524.264,2014.702,6019.172,9057.308,1978.241,5772.432,9685.183,2030.728,5676.945,9555.637,1981.396,6160.88,9591.684,2020.255,6078.589,9544.147,2016.508,5773.895,9737.462,1968.176,5953.763,8984.399,2008.945,5726.678,9656.68,1966.29,6134.213
9766.176,1975.98,6083.996,9586.039,1966.141,6244.182,9645.186,1955.12,5961.998,9319.814,1951.155,5498.407,9465.871,1976.812,5793.882,9637.662,1992.067,5794.066,9524.807,2014.702,6019.384,9057.819,1978.241,5772.71,9685.349,2030.728,5677.503,9556.219,1981.396,6160.903,9592.257,2020.255,6078.693,9544.462,2016.508,5774.385,9737.85,1968.176,5954.198,8984.959,2008.945,5726.839,9657.26,1966.29,6134.255
9766.318,1975.98,6084.148,9586.247,1966.141,6244.198,9645.322,1955.12,5962.155,9319.966,1951.155,5498.549,9465.97,1976.812,5794.066,9637.76,1992.067,5794.25,9525.003,2014.702,6019.453,9058.006,1978.241,5772.803,9685.415,2030.728,5677.701,9556.427,1981.396,6160.904,9592.461,2020.255,6078.737,9544.58,2016.508,5774.557,9737.999,1968.176,5954.343,8985.157,2008.945,5726.903,9657.468,1966.29,6134.264
9766.84,1975.98,6084.74,9587.031,1966.141,6244.285,9645.86,1955.12,5962.732,9320.522,1951.155,5499.108,9466.365,1976.812,5794.749,9638.153,1992.067,5794.934,9525.755,2014.702,6019.691,9058.704,1978.241,5773.169,9685.669,2030.728,5678.447,9557.215,1981.396,6160.884,9593.227,2020.255,6078.927,9545.004,2016.508,5775.222,9738.545,1968.176,5954.912,8985.899,2008.945,5727.17,9658.257,1966.29,6134.271
9767.13,1975.98,6085.092,9587.483,1966.141,6244.35,9646.182,1955.12,5963.056,9320.834,1951.155,5499.442,9466.606,1976.812,5795.136,9638.325,1992.067,5795.356,9526.194,2014.702,6019.815,9059.115,1978.241,5773.368,9685.802,2030.728,5678.884,9557.67,1981.396,6160.857,9593.666,2020.255,6079.052,9545.236,2016.508,5775.614,9738.886,1968.176,5955.215,8986.323,2008.945,5727.339,9658.713,1966.29,6134.26
9767.257,1975.98,6085.257,9587.688,1966.141,6244.386,9646.323,1955.12,5963.208,9320.971,1951.155,5499.599,9466.712,1976.812,5795.315,9638.405,1992.067,5795.548,9526.396,2014.702,6019.865,9059.302,1978.241,5773.46,9685.854,2030.728,5679.085,9557.877,1981.396,6160.838,9593.864,2020.255,6079.115,9545.348,2016.508,5775.791,9739.046,1968.176,5955.349,8986.518,2008.945,5727.413,9658.921,1966.29,6134.275
9767.521,1975.98,6085.623,9588.131,1966.141,6244.479,9646.621,1955.12,5963.548,9321.299,1951.155,5499.91,9466.929,1976.812,5795.712,9638.57,1992.067,5795.969,9526.839,2014.702,6019.959,9059.705,1978.241,5773.664,9685.979,2030.728,5679.52,9558.325,1981.396,6160.783,9594.29,2020.255,6079.267,9545.601,2016.508,5776.165,9739.402,1968.176,5955.626,8986.942,2008.945,5727.567,9659.372,1966.29,6134.294
9767.766,1975.98,6085.986,9588.556,1966.141,6244.583,9646.898,1955.12,5963.887,9321.624,1951.155,5500.202,9467.127,1976.812,5796.102,9638.743,1992.067,5796.371,9527.27,2014.702,6020.036,9060.094,1978.241,5773.865,9686.115,2030.728,5679.936,9558.757,1981.396,6160.716,9594.697,2020.255,6079.426,9545.855,2016.508,5776.521,9739.756,1968.176,5955.884,8987.355,2008.945,5727.709,9659.809,1966.29,6134.317
9768.028,1975.98,6086.405,9589.033,1966.141,6244.715,9647.199,1955.12,5964.28,9321.981,1951.155,5500.545,9467.338,1976.812,5796.549,9638.954,1992.067,5796.819,9527.76,2014.702,6020.107,9060.531,1978.241,5774.096,9686.284,2030.728,5680.401,9559.243,1981.396,6160.624,9595.152,2020.255,6079.622,9546.155,2016.508,5776.915,9740.165,1968.176,5956.163,8987.826,2008.945,5727.861,9660.304,1966.29,6134.327
9768.304,1975.98,6086.878,9589.556,1966.141,6244.878,9647.518,1955.12,5964.725,9322.363,1951.155,5500.938,9467.557,1976.812,5797.051,9639.203,1992.067,5797.307,9528.304,2014.702,6020.168,9061.014,1978.241,5774.354,9686.461,2030.728,5680.919,9559.777,1981.396,6160.504,9595.648,2020.255,6079.854,9546.499,2016.508,5777.34,9740.627,1968.176,5956.457,8988.35,2008.945,5728.02,9660.851,1966.29,6134.321
9768.593,1975.98,6087.413,9590.13,1966.141,6245.078,9647.855,1955.12,5965.23,9322.773,1951.155,5501.387,9467.783,1976.812,5797.615,9639.497,1992.067,5797.839,9528.91,2014.702,6020.217,9061.548,1978.241,5774.646,9686.639,2030.728,5681.501,9560.366,1981.396,6160.353,9596.191,2020.255,6080.129,9546.895,2016.508,5777.802,9741.15,1968.176,5956.767,8988.936,2008.945,5728.184,9661.458,1966.29,6134.35
9768.888,1975.98,6088.003,9590.746,1966.141,6245.314,9648.204,1955.12,5965.791,9323.202,1951.155,5501.889,9468.012,1976.812,5798.234,9639.835,1992.067,5798.406,9529.569,2014.702,6020.248,9062.125,1978.241,5774.965,9686.852,2030.728,5682.126,9561,1981.396,6160.168,9596.771,2020.255,6080.446,9547.338,2016.508,5778.29,9741.729,1968.176,5957.084,8989.574,2008.945,5728.35,9662.116,1966.29,6134.401
9769.184,1975.98,6088.648,9591.417,1966.141,6245.547,9648.599,1955.12,5966.38,9323.646,1951.155,5502.443,9468.278,1976.812,5798.892,9640.218,1992.067,5799.004,9530.277,2014.702,6020.304,9062.757,1978.241,5775.288,9687.103,2030.728,5682.79,9561.688,1981.396,6159.992,9597.403,2020.255,6080.767,9547.798,2016.508,5778.831,9742.339,1968.176,5957.446,8990.255,2008.945,5728.55,9662.825,1966.29,6134.433
9769.598,1975.98,6089.636,9592.439,1966.141,6245.865,9649.223,1955.12,5967.25,9324.341,1951.155,5503.257,9468.713,1976.812,5799.871,9640.824,1992.067,5799.886,9531.342,2014.702,6020.424,9063.726,1978.241,5775.744,9687.448,2030.728,5683.803,9562.732,1981.396,6159.76,9598.374,2020.255,6081.219,9548.465,2016.508,5779.668,9743.241,1968.176,5958.022,8991.271,2008.945,5728.885,9663.896,1966.29,6134.448
9769.793,1975.98,6090.147,9592.968,1966.141,6246.011,9649.557,1955.12,5967.685,9324.683,1951.155,5503.686,9468.952,1976.812,5800.364,9641.149,1992.067,5800.327,9531.884,2014.702,6020.503,9064.224,1978.241,5775.972,9687.548,2030.728,5684.342,9563.271,1981.396,6159.659,9598.878,2020.255,6081.435,9548.792,2016.508,5780.108,9743.693,1968.176,5958.332,8991.798,2008.945,5729.039,9664.443,1966.29,6134.438
9770.057,1975.98,6090.912,9593.754,1966.141,6246.2,9650.07,1955.12,5968.31,9325.208,1951.155,5504.3,9469.328,1976.812,5801.08,9641.607,1992.067,5800.994,9532.68,2014.702,6020.646,9064.967,1978.241,5776.292,9687.721,2030.728,5685.132,9564.071,1981.396,6159.536,9599.632,2020.255,6081.728,9549.301,2016.508,5780.737,9744.346,1968.176,5958.811,8992.566,2008.945,5729.29,9665.251,1966.29,6134.402
9770.322,1975.98,6091.773,9594.637,1966.141,6246.381,9650.665,1955.12,5968.987,9325.827,1951.155,5504.955,9469.773,1976.812,5801.863,9642.047,1992.067,5801.78,9533.561,2014.702,6020.835,9065.762,1978.241,5776.716,9687.942,2030.728,5686.006,9564.966,1981.396,6159.428,9600.481,2020.255,6082.026,9549.844,2016.508,5781.456,9745.054,1968.176,5959.367,8993.413,2008.945,5729.598,9666.146,1966.29,6134.419
9770.573,1975.98,6092.688,9595.572,1966.141,6246.542,9651.31,1955.12,5969.684,9326.53,1951.155,5505.592,9470.269,1976.812,5802.672,9642.537,1992.067,5802.593,9534.481,2014.702,6021.063,9066.613,1978.241,5777.136,9688.205,2030.728,5686.917,9565.911,1981.396,6159.345,9601.387,2020.255,6082.312,9550.395,2016.508,5782.229,9745.78,1968.176,5959.978,8994.294,2008.945,5729.952,9667.095,1966.29,6134.408
9770.803,1975.98,6093.65,9596.552,1966.141,6246.678,9652.005,1955.12,5970.387,9327.24,1951.155,5506.279,9470.812,1976.812,5803.498,9643.07,1992.067,5803.425,9535.447,2014.702,6021.273,9067.514,1978.241,5777.544,9688.495,2030.728,5687.862,9566.898,1981.396,6159.291,9602.339,2020.255,6082.578,9550.941,2016.508,5783.052,9746.55,1968.176,5960.598,8995.209,2008.945,5730.324,9668.082,1966.29,6134.369
9771.09,1975.98,6095.053,9597.976,1966.141,6246.828,9653.028,1955.12,5971.388,9328.236,1951.155,5507.309,9471.563,1976.812,5804.717,9643.624,1992.067,5804.746,9536.855,2014.702,6021.532,9068.81,1978.241,5778.151,9688.9,2030.728,5689.236,9568.33,1981.396,6159.259,9603.705,2020.255,6083.007,9551.769,2016.508,5784.221,9747.635,1968.176,5961.533,8996.543,2008.945,5730.844,9669.507,1966.29,6134.385
9771.151,1975.98,6095.406,9598.333,1966.141,6246.854,9653.279,1955.12,5971.644,9328.487,1951.155,5507.564,9471.743,1976.812,5805.027,9643.773,1992.067,5805.072,9537.21,2014.702,6021.585,9069.133,1978.241,5778.308,9689.013,2030.728,5689.577,9568.688,1981.396,6159.263,9604.044,2020.255,6083.126,9551.984,2016.508,5784.508,9747.898,1968.176,5961.776,8996.879,2008.945,5730.968,9669.865,1966.29,6134.378
9771.438,1975.98,6097.435,9600.381,1966.141,6246.935,9654.762,1955.12,5973.058,9330.028,1951.155,5508.915,9472.715,1976.812,5806.831,9644.688,1992.067,5806.906,9539.245,2014.702,6021.824,9070.967,1978.241,5779.22,9689.72,2030.728,5691.5,9570.735,1981.396,6159.352,9605.954,2020.255,6083.866,9553.263,2016.508,5786.109,9749.359,1968.176,5963.213,8998.812,2008.945,5731.646,9671.914,1966.29,6134.353
9771.654,1975.98,6098.677,9601.64,1966.141,6247.003,9655.702,1955.12,5973.897,9330.987,1951.155,5509.732,9473.349,1976.812,5807.92,9645.286,1992.067,5808.015,9540.501,2014.702,6021.93,9072.089,1978.241,5779.792,9690.324,2030.728,5692.606,9571.992,1981.396,6159.443,9607.14,2020.255,6084.293,9554.017,2016.508,5787.119,9750.229,1968.176,5964.125,9000.008,2008.945,5732.041,9673.174,1966.29,6134.378
9771.716,1975.98,6098.969,9601.938,1966.141,6247.01,9655.932,1955.12,5974.089,9331.21,1951.155,5509.932,9473.508,1976.812,5808.174,9645.437,1992.067,5808.273,9540.8,2014.702,6021.945,9072.354,1978.241,5779.931,9690.459,2030.728,5692.874,9572.29,1981.396,6159.473,9607.423,2020.255,6084.388,9554.188,2016.508,5787.364,9750.428,1968.176,5964.349,9000.293,2008.945,5732.129,9673.473,1966.29,6134.395
9772.134,1975.98,6100.691,9603.683,1966.141,6247.322,9657.253,1955.12,5975.27,9332.489,1951.155,5511.158,9474.497,1976.812,5809.644,9646.272,1992.067,5809.836,9542.571,2014.702,6021.979,9073.915,1978.241,5780.767,9691.244,2030.728,5694.462,9574.046,1981.396,6159.705,9609.115,2020.255,6084.909,9555.152,2016.508,5788.851,9751.58,1968.176,5965.694,9001.995,2008.945,5732.617,9675.238,1966.29,6134.546
9772.362,1975.98,6101.512,9604.526,1966.141,6247.444,9657.934,1955.12,5975.783,9333.105,1951.155,5511.747,9474.996,1976.812,5810.335,9646.699,1992.067,5810.574,9543.424,2014.702,6021.967,9074.663,1978.241,5781.175,9691.597,2030.728,5695.238,9574.888,1981.396,6159.841,9609.936,2020.255,6085.141,9555.593,2016.508,5789.581,9752.155,1968.176,5966.323,9002.819,2008.945,5732.834,9676.085,1966.29,6134.647
9772.794,1975.98,6102.89,9605.961,1966.141,6247.605,9659.057,1955.12,5976.69,9334.116,1951.155,5512.777,9475.802,1976.812,5811.532,9647.462,1992.067,5811.8,9544.867,2014.702,6021.995,9075.952,1978.241,5781.825,9692.35,2030.728,5696.469,9576.304,1981.396,6160.119,9611.336,2020.255,6085.489,9556.336,2016.508,5790.818,9753.164,1968.176,5967.355,9004.202,2008.945,5733.248,9677.512,1966.29,6134.865
9773.295,1975.98,6104.321,9607.472,1966.141,6247.743,9660.205,1955.12,5977.681,9335.142,1951.155,5513.895,9476.607,1976.812,5812.818,9648.302,1992.067,5813.063,9546.382,2014.702,6022.073,9077.328,1978.241,5782.464,9693.099,2030.728,5697.789,9577.801,1981.396,6160.361,9612.798,2020.255,6085.893,9557.142,2016.508,5792.103,9754.259,1968.176,5968.405,9005.641,2008.945,5733.729,9679.003,1966.29,6135.143
9773.659,1975.98,6105.261,9608.472,1966.141,6247.867,9660.946,1955.12,5978.364,9335.838,1951.155,5514.624,9477.014,1976.812,5813.74,9648.832,1992.067,5813.92,9547.386,2014.702,6022.158,9078.256,1978.241,5782.858,9693.567,2030.728,5698.681,9578.802,1981.396,6160.482,9613.771,2020.255,6086.156,9557.705,2016.508,5792.939,9755.009,1968.176,5969.079,9006.6,2008.945,5734.04,9679.987,1966.29,6135.36
9774.201,1975.98,6106.537,9609.831,1966.141,6248.139,9661.835,1955.12,5979.428,9336.896,1951.155,5515.52,9477.613,1976.812,5814.99,9649.46,1992.067,5815.156,9548.763,2014.702,6022.32,9079.539,1978.241,5783.382,9694.171,2030.728,5699.929,9580.172,1981.396,6160.692,9615.12,2020.255,6086.474,9558.441,2016.508,5794.113,9756.145,1968.176,5969.874,9007.903,2008.945,5734.511,9681.33,1966.29,6135.702
9775.179,1975.98,6108.642,9612.121,1966.141,6248.522,9663.381,1955.12,5981.161,9338.695,1951.155,5516.987,9478.686,1976.812,5817.049,9650.579,1992.067,5817.19,9551.065,2014.702,6022.617,9081.669,1978.241,5784.305,9695.113,2030.728,5702.051,9582.454,1981.396,6161.12,9617.391,2020.255,6086.958,9559.61,2016.508,5796.119,9758.002,1968.176,5971.266,9010.131,2008.945,5735.164,9683.56,1966.29,6136.349
9775.537,1975.98,6109.353,9612.91,1966.141,6248.628,9663.93,1955.12,5981.737,9339.296,1951.155,5517.509,9479.076,1976.812,5817.743,9650.985,1992.067,5817.875,9551.853,2014.702,6022.736,9082.409,1978.241,5784.598,9695.412,2030.728,5702.788,9583.233,1981.396,6161.282,9618.174,2020.255,6087.099,9559.995,2016.508,5796.815,9758.623,1968.176,5971.764,9010.901,2008.945,5735.364,9684.316,1966.29,6136.595
9776.324,1975.98,6110.793,9614.552,1966.141,6248.661,9665.101,1955.12,5982.888,9340.56,1951.155,5518.557,9479.734,1976.812,5819.247,9651.848,1992.067,5819.271,9553.467,2014.702,6023.035,9083.955,1978.241,5785.151,9696.148,2030.728,5704.255,9584.789,1981.396,6161.807,9619.803,2020.255,6087.301,9560.836,2016.508,5798.226,9759.869,1968.176,5972.833,9012.476,2008.945,5735.829,9685.859,1966.29,6137.155
9777.165,1975.98,6112.219,9616.204,1966.141,6248.747,9666.318,1955.12,5984.009,9341.799,1951.155,5519.655,9480.374,1976.812,5820.773,9652.796,1992.067,5820.628,9555.104,2014.702,6023.282,9085.489,1978.241,5785.771,9696.856,2030.728,5705.751,9586.374,1981.396,6162.284,9621.438,2020.255,6087.558,9561.771,2016.508,5799.591,9761.192,1968.176,5973.827,9014.047,2008.945,5736.349,9687.41,1966.29,6137.732
9777.858,1975.98,6113.311,9617.493,1966.141,6248.857,9667.299,1955.12,5984.854,9342.738,1951.155,5520.544,9480.913,1976.812,5821.949,9653.502,1992.067,5821.712,9556.386,2014.702,6023.455,9086.704,1978.241,5786.217,9697.452,2030.728,5706.9,9587.624,1981.396,6162.617,9622.708,2020.255,6087.801,9562.468,2016.508,5800.682,9762.201,1968.176,5974.637,9015.271,2008.945,5736.766,9688.607,1966.29,6138.224
9778.953,1975.98,6114.917,9619.424,1966.141,6249.085,9668.797,1955.12,5986.092,9344.105,1951.155,5521.925,9481.779,1976.812,5823.689,9654.817,1992.067,5823.143,9558.303,2014.702,6023.778,9088.55,1978.241,5786.827,9698.406,2030.728,5708.594,9589.518,1981.396,6163.055,9624.604,2020.255,6088.228,9563.6,2016.508,5802.262,9763.695,1968.176,5975.88,9017.09,2008.945,5737.453,9690.381,1966.29,6139.02
9779.186,1975.98,6115.235,9619.814,1966.141,6249.135,9669.108,1955.12,5986.333,9344.373,1951.155,5522.214,9481.967,1976.812,5824.036,9655.074,1992.067,5823.441,9558.688,2014.702,6023.856,9088.938,1978.241,5786.899,9698.588,2030.728,5708.943,9589.905,1981.396,6163.127,9624.985,2020.255,6088.327,9563.867,2016.508,5802.551,9763.989,1968.176,5976.142,9017.463,2008.945,5737.58,9690.753,1966.29,6139.148
9780.912,1975.98,6117.442,9622.615,1966.141,6249.231,9671.269,1955.12,5988.118,9346.21,1951.155,5524.331,9483.378,1976.812,5826.458,9656.971,1992.067,5825.505,9561.443,2014.702,6024.374,9091.675,1978.241,5787.502,9699.801,2030.728,5711.47,9592.689,1981.396,6163.45,9627.712,2020.255,6088.975,9565.702,2016.508,5804.669,9766.099,1968.176,5977.988,9020.145,2008.945,5738.396,9693.372,1966.29,6140.147
9781.173,1975.98,6117.754,9623.021,1966.141,6249.215,9671.572,1955.12,5988.387,9346.457,1951.155,5524.653,9483.594,1976.812,5826.801,9657.235,1992.067,5825.813,9561.84,2014.702,6024.462,9092.068,1978.241,5787.602,9700.016,2030.728,5711.814,9593.091,1981.396,6163.51,9628.09,2020.255,6089.123,9565.958,2016.508,5804.985,9766.413,1968.176,5978.245,9020.521,2008.945,5738.55,9693.759,1966.29,6140.27
9782.802,1975.98,6119.577,9625.465,1966.141,6249.198,9673.456,1955.12,5989.944,9348.009,1951.155,5526.542,9484.96,1976.812,5828.828,9658.769,1992.067,5827.716,9564.207,2014.702,6025.07,9094.416,1978.241,5788.283,9701.255,2030.728,5713.921,9595.495,1981.396,6163.95,9630.394,2020.255,6089.94,9567.435,2016.508,5806.933,9768.469,1968.176,5979.567,9022.812,2008.945,5739.402,9696.063,1966.29,6141.084
9783.926,1975.98,6120.755,9627.093,1966.141,6249.24,9674.744,1955.12,5990.939,9349.083,1951.155,5527.765,9485.776,1976.812,5830.237,9659.747,1992.067,5829.017,9565.81,2014.702,6025.357,9095.964,1978.241,5788.788,9702.034,2030.728,5715.351,9597.091,1981.396,6164.273,9631.907,2020.255,6090.541,9568.548,2016.508,5808.121,9769.869,1968.176,5980.398,9024.351,2008.945,5739.934,9697.581,1966.29,6141.675
9785.425,1975.98,6122.228,9629.191,1966.141,6249.363,9676.448,1955.12,5992.17,9350.172,1951.155,5529.563,9486.89,1976.812,5832.02,9661.065,1992.067,5830.654,9567.865,2014.702,6025.796,9098.021,1978.241,5789.216,9702.979,2030.728,5717.228,9599.136,1981.396,6164.757,9633.885,2020.255,6091.252,9569.935,2016.508,5809.701,9771.675,1968.176,5981.473,9026.317,2008.945,5740.676,9699.514,1966.29,6142.5
9787.161,1975.98,6123.827,9631.542,1966.141,6249.578,9678.406,1955.12,5993.488,9351.447,1951.155,5531.55,9488.205,1976.812,5833.98,9662.572,1992.067,5832.471,9570.156,2014.702,6026.364,9100.315,1978.241,5789.773,9703.97,2030.728,5719.37,9601.481,1981.396,6165.023,9636.045,2020.255,6092.205,9571.433,2016.508,5811.525,9773.662,1968.176,5982.747,9028.552,2008.945,5741.437,9701.653,1966.29,6143.497
9788.449,1975.98,6124.938,9633.231,1966.141,6249.776,9679.848,1955.12,5994.392,9352.413,1951.155,5532.95,9489.198,1976.812,5835.361,9663.615,1992.067,5833.815,9571.793,2014.702,6026.827,9101.954,1978.241,5790.229,9704.634,2030.728,5720.937,9603.165,1981.396,6165.264,9637.621,2020.255,6092.845,9572.469,2016.508,5812.874,9775.125,1968.176,5983.615,9030.149,2008.945,5742.022,9703.172,1966.29,6144.265
9788.791,1975.98,6125.214,9633.665,1966.141,6249.849,9680.228,1955.12,5994.613,9352.669,1951.155,5533.308,9489.467,1976.812,5835.709,9663.904,1992.067,5834.147,9572.221,2014.702,6026.93,9102.374,1978.241,5790.36,9704.807,2030.728,5721.341,9603.599,1981.396,6165.339,9638.033,2020.255,6092.998,9572.748,2016.508,5813.214,9775.496,1968.176,5983.852,9030.567,2008.945,5742.16,9703.558,1966.29,6144.476
9791.27,1975.98,6127.086,9636.62,1966.141,6250.805,9682.859,1955.12,5996.262,9354.556,1951.155,5535.775,9491.209,1976.812,5838.28,9665.869,1992.067,5836.552,9575.229,2014.702,6027.699,9105.441,1978.241,5790.847,9706.109,2030.728,5724.161,9606.642,1981.396,6165.958,9640.974,2020.255,6093.995,9574.797,2016.508,5815.548,9778.166,1968.176,5985.438,9033.388,2008.945,5743.46,9706.233,1966.29,6146.052
9791.636,1975.98,6127.344,9637.051,1966.141,6250.929,9683.247,1955.12,5996.488,9354.84,1951.155,5536.123,9491.473,1976.812,5838.643,9666.164,1992.067,5836.889,9575.667,2014.702,6027.796,9105.882,1978.241,5790.931,9706.333,2030.728,5724.549,9607.078,1981.396,6166.06,9641.402,2020.255,6094.126,9575.081,2016.508,5815.894,9778.564,1968.176,5985.643,9033.801,2008.945,5743.635,9706.612,1966.29,6146.292
9793.705,1975.98,6128.706,9639.424,1966.141,6251.637,9685.428,1955.12,5997.663,9356.24,1951.155,5538.166,9492.973,1976.812,5840.614,9667.969,1992.067,5838.585,9578.107,2014.702,6028.22,9108.298,1978.241,5791.479,9707.496,2030.728,5726.736,9609.472,1981.396,6166.694,9643.79,2020.255,6094.783,9576.59,2016.508,5817.858,9780.779,1968.176,5986.751,9036.113,2008.945,5744.523,9708.66,1966.29,6147.685
9795.263,1975.98,6129.66,9641.175,1966.141,6252.157,9687.063,1955.12,5998.477,9357.271,1951.155,5539.673,9493.978,1976.812,5842.139,9669.258,1992.067,5839.879,9579.896,2014.702,6028.592,9110.089,1978.241,5791.835,9708.367,2030.728,5728.341,9611.223,1981.396,6167.214,9645.564,2020.255,6095.215,9577.722,2016.508,5819.292,9782.386,1968.176,5987.621,9037.839,2008.945,5745.122,9710.137,1966.29,6148.76
9795.978,1975.98,6130.067,9641.971,1966.141,6252.365,9687.8,1955.12,5998.841,9357.758,1951.155,5540.336,9494.415,1976.812,5842.835,9669.819,1992.067,5840.48,9580.694,2014.702,6028.785,9110.893,1978.241,5792.01,9708.735,2030.728,5729.077,9612.004,1981.396,6167.471,9646.368,2020.255,6095.386,9578.139,2016.508,5820.001,9783.144,1968.176,5987.94,9038.619,2008.945,5745.38,9710.785,1966.29,6149.265
9798.4,1975.98,6131.344,9644.597,1966.141,6253.145,9690.294,1955.12,5999.973,9359.449,1951.155,5542.49,9496.186,1976.812,5844.925,9671.622,1992.067,5842.542,9583.376,2014.702,6029.342,9113.549,1978.241,5792.679,9709.882,2030.728,5731.564,9614.579,1981.396,6168.402,9649.063,2020.255,6095.877,9579.604,2016.508,5822.315,9785.632,1968.176,5989.085,9041.231,2008.945,5746.205,9712.891,1966.29,6151.018
9799.536,1975.98,6131.897,9645.818,1966.141,6253.465,9691.428,1955.12,6000.529,9360.261,1951.155,5543.458,9496.97,1976.812,5845.915,9672.422,1992.067,5843.52,9584.561,2014.702,6029.781,9114.763,1978.241,5793.027,9710.447,2030.728,5732.693,9615.753,1981.396,6168.867,9650.311,2020.255,6096.067,9580.313,2016.508,5823.36,9786.761,1968.176,5989.65,9042.447,2008.945,5746.545,9713.834,1966.29,6151.856
9801.452,1975.98,6132.754,9647.832,1966.141,6254.058,9693.365,1955.12,6001.339,9361.662,1951.155,5545.021,9498.381,1976.812,5847.47,9673.697,1992.067,5845.188,9586.552,2014.702,6030.446,9116.799,1978.241,5793.54,9711.326,2030.728,5734.6,9617.682,1981.396,6169.696,9652.395,2020.255,6096.322,9581.55,2016.508,5825.057,9788.745,1968.176,5990.336,9044.502,2008.945,5746.978,9715.357,1966.29,6153.302
9803.463,1975.98,6133.577,9649.935,1966.141,6254.603,9695.361,1955.12,6002.197,9363.165,1951.155,5546.589,9499.806,1976.812,5849.109,9674.96,1992.067,5846.956,9588.634,2014.702,6031.066,9118.922,1978.241,5794.001,9712.056,2030.728,5736.646,9619.651,1981.396,6170.612,9654.558,2020.255,6096.523,9582.753,2016.508,5826.866,9790.773,1968.176,5991.113,9046.612,2008.945,5747.496,9716.884,1966.29,6154.847
9804.793,1975.98,6134.072,9651.319,1966.141,6254.914,9696.649,1955.12,6002.793,9364.202,1951.155,5547.559,9500.701,1976.812,5850.211,9675.747,1992.067,5848.138,9590.007,2014.702,6031.426,9120.3,1978.241,5794.343,9712.576,2030.728,5737.967,9620.909,1981.396,6171.271,9655.968,2020.255,6096.681,9583.557,2016.508,5828.036,9792.082,1968.176,5991.664,9048.001,2008.945,5747.789,9717.848,1966.29,6155.889
9806.958,1975.98,6134.959,9653.617,1966.141,6255.351,9698.744,1955.12,6003.833,9365.941,1951.155,5549.124,9502.117,1976.812,5852.073,9677.106,1992.067,5850.042,9592.288,2014.702,6031.946,9122.504,1978.241,5795.126,9713.451,2030.728,5740.137,9623.016,1981.396,6172.288,9658.287,2020.255,6096.982,9584.943,2016.508,5829.92,9794.207,1968.176,5992.642,9050.312,2008.945,5748.155,9719.492,1966.29,6157.553
9808.687,1975.98,6135.735,9655.466,1966.141,6255.765,9700.417,1955.12,6004.721,9367.307,1951.155,5550.436,9503.432,1976.812,5853.437,9678.257,1992.067,5851.546,9594.147,2014.702,6032.306,9124.309,1978.241,5795.702,9714.217,2030.728,5741.87,9624.746,1981.396,6173.057,9660.161,2020.255,6097.249,9585.813,2016.508,5831.603,9795.9,1968.176,5993.489,9052.172,2008.945,5748.512,9720.867,1966.29,6158.856
9810.484,1975.98,6136.613,9657.403,1966.141,6256.264,9702.158,1955.12,6005.707,9368.703,1951.155,5551.869,9504.773,1976.812,5854.921,9679.518,1992.067,5853.1,9596.124,2014.702,6032.622,9126.234,1978.241,5796.247,9714.972,2030.728,5743.723,9626.6,1981.396,6173.811,9662.141,2020.255,6097.537,9586.791,2016.508,5833.349,9797.66,1968.176,5994.442,9054.124,2008.945,5748.954,9722.364,1966.29,6160.185
9812.181,1975.98,6137.512,9659.245,1966.141,6256.802,9703.802,1955.12,6006.698,9370,1951.155,5553.284,9506.013,1976.812,5856.387,9680.77,1992.067,5854.554,9597.953,2014.702,6033.202,9128.097,1978.241,5796.709,9715.644,2030.728,5745.52,9628.399,1981.396,6174.477,9664.039,2020.255,6097.813,9587.782,2016.508,5834.992,9799.316,1968.176,5995.412,9055.981,2008.945,5749.438,9723.841,1966.29,6161.411
9813.568,1975.98,6138.306,9660.765,1966.141,6257.3,9705.148,1955.12,6007.56,9371.118,1951.155,5554.427,9507.005,1976.812,5857.641,9681.848,1992.067,5855.734,9599.492,2014.702,6033.636,9129.636,1978.241,5797.143,9716.16,2030.728,5747.033,9629.916,1981.396,6174.984,9665.62,2020.255,6098.05,9588.652,2016.508,5836.334,9800.788,1968.176,5996.037,9057.472,2008.945,5750.02,9725.104,1966.29,6162.392
9816.325,1975.98,6140.007,9663.81,1966.141,6258.405,9707.831,1955.12,6009.375,9373.566,1951.155,5556.548,9509.178,1976.812,5860.044,9684.102,1992.067,5858.061,9602.638,2014.702,6034.412,9132.76,1978.241,5798.002,9717.119,2030.728,5750.127,9633.02,1981.396,6175.912,9668.822,2020.255,6098.527,9590.504,2016.508,5838.993,9803.727,1968.176,5997.4,9060.526,2008.945,5751.097,9727.596,1966.29,6164.461
9818.286,1975.98,6141.307,9665.995,1966.141,6259.278,9709.746,1955.12,6010.741,9375.293,1951.155,5558.146,9510.698,1976.812,5861.84,9685.788,1992.067,5859.701,9604.939,2014.702,6034.901,9135.007,1978.241,5798.7,9717.753,2030.728,5752.393,9635.294,1981.396,6176.514,9671.149,2020.255,6098.867,9591.911,2016.508,5840.879,9805.827,1968.176,5998.459,9062.77,2008.945,5751.806,9729.454,1966.29,6165.905
9819.726,1975.98,6142.152,9667.524,1966.141,6259.947,9711.08,1955.12,6011.744,9376.48,1951.155,5559.32,9511.734,1976.812,5863.148,9687.019,1992.067,5860.83,9606.583,2014.702,6035.194,9136.584,1978.241,5799.247,9718.158,2030.728,5754.012,9636.921,1981.396,6176.889,9672.802,2020.255,6099.095,9592.952,2016.508,5842.184,9807.292,1968.176,5999.26,9064.317,2008.945,5752.433,9730.917,1966.29,6166.709
9820.17,1975.98,6142.394,9667.981,1966.141,6260.164,9711.477,1955.12,6012.057,9376.873,1951.155,5559.638,9512.059,1976.812,5863.537,9687.401,1992.067,5861.16,9607.07,2014.702,6035.331,9137.056,1978.241,5799.428,9718.268,2030.728,5754.506,9637.417,1981.396,6176.987,9673.304,2020.255,6099.156,9593.28,2016.508,5842.568,9807.728,1968.176,5999.517,9064.792,2008.945,5752.607,9731.352,1966.29,6166.968
9822.333,1975.98,6143.665,9670.212,1966.141,6261.313,9713.405,1955.12,6013.661,9378.771,1951.155,5561.28,9513.505,1976.812,5865.587,9689.348,1992.067,5862.744,9609.507,2014.702,6035.929,9139.302,1978.241,5800.545,9718.747,2030.728,5756.968,9639.893,1981.396,6177.393,9675.796,2020.255,6099.437,9594.971,2016.508,5844.422,9809.846,1968.176,6000.861,9067.118,2008.945,5753.548,9733.499,1966.29,6168.265
9824.138,1975.98,6145.145,9672.321,1966.141,6262.313,9715.16,1955.12,6015.199,9380.485,1951.155,5562.864,9514.912,1976.812,5867.45,9691.201,1992.067,5864.163,9611.786,2014.702,6036.432,9141.425,1978.241,5801.517,9719.135,2030.728,5759.27,9642.183,1981.396,6177.845,9678.117,2020.255,6099.674,9596.511,2016.508,5846.176,9811.801,1968.176,6002.136,9069.252,2008.945,5754.494,9735.535,1966.29,6169.406
9825.532,1975.98,6146.215,9673.934,1966.141,6263.014,9716.452,1955.12,6016.391,9381.736,1951.155,5564.098,9516.017,1976.812,5868.817,9692.627,1992.067,5865.189,9613.51,2014.702,6036.772,9143.045,1978.241,5802.197,9719.384,2030.728,5761.009,9643.895,1981.396,6178.242,9679.866,2020.255,6099.836,9597.713,2016.508,5847.458,9813.241,1968.176,6003.144,9070.933,2008.945,5755.01,9737.039,1966.29,6170.315
9827.688,1975.98,6147.759,9676.398,1966.141,6263.991,9718.354,1955.12,6018.237,9383.777,1951.155,5565.79,9517.65,1976.812,5870.905,9694.822,1992.067,5866.675,9616.12,2014.702,6037.228,9145.52,1978.241,5803.149,9719.697,2030.728,5763.641,9646.456,1981.396,6178.925,9682.506,2020.255,6100.066,9599.416,2016.508,5849.49,9815.362,1968.176,6004.734,9073.44,2008.945,5755.871,9739.262,1966.29,6171.76
9829.264,1975.98,6148.844,9678.199,1966.141,6264.638,9719.693,1955.12,6019.604,9385.26,1951.155,5567,9518.878,1976.812,5872.373,9696.437,1992.067,5867.702,9618.011,2014.702,6037.52,9147.327,1978.241,5803.777,9719.881,2030.728,5765.545,9648.288,1981.396,6179.479,9684.411,2020.255,6100.229,9600.692,2016.508,5850.916,9816.903,1968.176,6005.869,9075.265,2008.945,5756.449,9740.867,1966.29,6172.801
9830.496,1975.98,6149.635,9679.594,1966.141,6265.087,9720.691,1955.12,6020.675,9386.363,1951.155,5567.963,9519.854,1976.812,5873.465,9697.694,1992.067,5868.452,9619.462,2014.702,6037.715,9148.649,1978.241,5804.407,9719.991,2030.728,5767.005,9649.714,1981.396,6179.813,9685.87,2020.255,6100.351,9601.704,2016.508,5851.975,9818.054,1968.176,6006.775,9076.687,2008.945,5756.801,9742.069,1966.29,6173.638
9833.25,1975.98,6151.533,9682.809,1966.141,6266.009,9722.908,1955.12,6023.178,9388.869,1951.155,5570.178,9522.127,1976.812,5875.917,9700.613,1992.067,5870.083,9622.781,2014.702,6038.106,9151.714,1978.241,5805.746,9720.176,2030.728,5770.343,9652.942,1981.396,6180.683,9689.202,2020.255,6100.625,9604.093,2016.508,5854.315,9820.611,1968.176,6008.929,9079.904,2008.945,5757.711,9744.75,1966.29,6175.638
9833.672,1975.98,6151.842,9683.315,1966.141,6266.137,9723.258,1955.12,6023.566,9389.249,1951.155,5570.537,9522.493,1976.812,5876.291,9701.076,1992.067,5870.324,9623.301,2014.702,6038.159,9152.195,1978.241,5805.949,9720.196,2030.728,5770.865,9653.442,1981.396,6180.835,9689.722,2020.255,6100.686,9604.478,2016.508,5854.668,9821,1968.176,6009.279,9080.402,2008.945,5757.87,9745.202,1966.29,6175.9
9835.777,1975.98,6153.367,9685.856,1966.141,6266.688,9725.005,1955.12,6025.49,9391.356,1951.155,5572.059,9524.232,1976.812,5878.223,9703.414,1992.067,5871.461,9625.889,2014.702,6038.394,9154.535,1978.241,5807.083,9720.255,2030.728,5773.463,9655.783,1981.396,6181.968,9692.293,2020.255,6101.068,9606.449,2016.508,5856.363,9822.875,1968.176,6011.08,9082.918,2008.945,5758.528,9747.406,1966.29,6177.279
9838.278,1975.98,6155.058,9688.826,1966.141,6267.232,9727.033,1955.12,6027.723,9393.744,1951.155,5573.906,9526.324,1976.812,5880.399,9706.084,1992.067,5872.869,9628.896,2014.702,6038.643,9157.294,1978.241,5808.31,9720.422,2030.728,5776.478,9658.491,1981.396,6183.302,9695.264,2020.255,6101.604,9608.803,2016.508,5858.254,9825.158,1968.176,6013.055,9085.813,2008.945,5759.387,9749.923,1966.29,6178.945
9840.195,1975.98,6156.334,9691.076,1966.141,6267.721,9728.587,1955.12,6029.421,9395.615,1951.155,5575.249,9527.974,1976.812,5882.006,9708.085,1992.067,5874.009,9631.19,2014.702,6038.823,9159.416,1978.241,5809.205,9720.625,2030.728,5778.771,9660.589,1981.396,6184.252,9697.516,2020.255,6102.083,9610.428,2016.508,5859.885,9826.876,1968.176,6014.588,9087.998,2008.945,5760.114,9751.878,1966.29,6180.161
9840.647,1975.98,6156.614,9691.592,1966.141,6267.851,9728.948,1955.12,6029.81,9396.055,1951.155,5575.547,9528.344,1976.812,5882.387,9708.538,1992.067,5874.287,9631.72,2014.702,6038.865,9159.912,1978.241,5809.395,9720.689,2030.728,5779.299,9661.08,1981.396,6184.455,9698.031,2020.255,6102.209,9610.813,2016.508,5860.251,9827.261,1968.176,6014.955,9088.497,2008.945,5760.296,9752.337,1966.29,6180.428
9843.454,1975.98,6158.827,9695.027,1966.141,6268.836,9731.37,1955.12,6032.437,9398.941,1951.155,5577.654,9530.68,1976.812,5885.093,9711.521,1992.067,5876.256,9635.28,2014.702,6039.149,9163.289,1978.241,5810.566,9721.236,2030.728,5782.831,9664.208,1981.396,6186.185,9701.476,2020.255,6103.162,9613.474,2016.508,5862.638,9829.766,1968.176,6017.504,9091.813,2008.945,5761.63,9755.474,1966.29,6182.14
9846.278,1975.98,6160.908,9698.367,1966.141,6269.91,9733.733,1955.12,6035.027,9401.774,1951.155,5579.724,9533.058,1976.812,5887.672,9714.384,1992.067,5878.284,9638.774,2014.702,6039.442,9166.564,1978.241,5811.823,9721.886,2030.728,5786.279,9667.33,1981.396,6187.784,9704.827,2020.255,6104.197,9616.16,2016.508,5864.895,9832.26,1968.176,6019.972,9094.947,2008.945,5763.207,9758.59,1966.29,6183.75
9847.343,1975.98,6161.64,9699.583,1966.141,6270.345,9734.601,1955.12,6035.983,9402.819,1951.155,5580.483,9533.964,1976.812,5888.592,9715.413,1992.067,5879.064,9640.06,2014.702,6039.559,9167.754,1978.241,5812.325,9722.166,2030.728,5787.54,9668.497,1981.396,6188.336,9706.049,2020.255,6104.614,9617.121,2016.508,5865.757,9833.239,1968.176,6020.814,9096.119,2008.945,5763.75,9759.751,1966.29,6184.315
9848.417,1975.98,6162.328,9700.77,1966.141,6270.812,9735.458,1955.12,6036.927,9403.826,1951.155,5581.266,9534.888,1976.812,5889.472,9716.403,1992.067,5879.868,9641.328,2014.702,6039.684,9168.912,1978.241,5812.859,9722.483,2030.728,5788.775,9669.667,1981.396,6188.845,9707.244,2020.255,6105.061,9618.098,2016.508,5866.577,9834.179,1968.176,6021.677,9097.223,2008.945,5764.39,9760.91,1966.29,6184.848
9849.034,1975.98,6162.695,9701.43,1966.141,6271.096,9735.94,1955.12,6037.458,9404.379,1951.155,5581.725,9535.424,1976.812,5889.95,9716.946,1992.067,5880.339,9642.042,2014.702,6039.761,9169.555,1978.241,5813.182,9722.686,2030.728,5789.465,9670.335,1981.396,6189.11,9707.91,2020.255,6105.33,9618.633,2016.508,5867.057,9834.691,1968.176,6022.18,9097.855,2008.945,5764.73,9761.57,1966.29,6185.132
9853.096,1975.98,6164.936,9705.629,1966.141,6273.067,9739.027,1955.12,6040.918,9407.848,1951.155,5584.805,9538.785,1976.812,5893.147,9720.35,1992.067,5883.491,9646.646,2014.702,6040.303,9173.631,1978.241,5815.395,9724.133,2030.728,5793.872,9674.698,1981.396,6190.685,9712.163,2020.255,6107.179,9622.185,2016.508,5870.041,9838.142,1968.176,6025.281,9101.84,2008.945,5767.105,9765.865,1966.29,6186.881
9853.482,1975.98,6165.133,9706.016,1966.141,6273.264,9739.314,1955.12,6041.243,9408.162,1951.155,5585.104,9539.109,1976.812,5893.436,9720.658,1992.067,5883.796,9647.076,2014.702,6040.358,9174.029,1978.241,5815.567,9724.281,2030.728,5794.28,9675.11,1981.396,6190.819,9712.557,2020.255,6107.361,9622.508,2016.508,5870.33,9838.469,1968.176,6025.566,9102.18,2008.945,5767.375,9766.271,1966.29,6187.036
9855.365,1975.98,6166.016,9707.839,1966.141,6274.265,9740.683,1955.12,6042.807,9409.622,1951.155,5586.584,9540.854,1976.812,5894.569,9722.088,1992.067,5885.307,9649.135,2014.702,6040.648,9175.909,1978.241,5816.457,9725.058,2030.728,5796.209,9677.107,1981.396,6191.398,9714.424,2020.255,6108.275,9624.151,2016.508,5871.604,9839.989,1968.176,6026.985,9103.851,2008.945,5768.613,9768.226,1966.29,6187.745
9857.758,1975.98,6167.237,9710.151,1966.141,6275.631,9742.435,1955.12,6044.841,9411.569,1951.155,5588.434,9543.087,1976.812,5896.061,9723.87,1992.067,5887.316,9651.789,2014.702,6041.053,9178.299,1978.241,5817.684,9726.142,2030.728,5798.667,9679.71,1981.396,6192.064,9716.813,2020.255,6109.501,9626.219,2016.508,5873.319,9841.892,1968.176,6028.881,9106.06,2008.945,5770.141,9770.767,1966.29,6188.612
9858.567,1975.98,6167.617,9710.936,1966.141,6276.061,9743.013,1955.12,6045.523,9412.237,1951.155,5589.028,9543.813,1976.812,5896.582,9724.441,1992.067,5888.004,9652.671,2014.702,6041.199,9179.09,1978.241,5818.101,9726.529,2030.728,5799.473,9680.568,1981.396,6192.314,9717.609,2020.255,6109.907,9626.888,2016.508,5873.913,9842.504,1968.176,6029.533,9106.812,2008.945,5770.625,9771.617,1966.29,6188.888
9861.605,1975.98,6169.035,9713.927,1966.141,6277.575,9745.153,1955.12,6048.101,9414.668,1951.155,5591.337,9546.474,1976.812,5898.623,9726.819,1992.067,5890.368,9655.971,2014.702,6041.784,9182.002,1978.241,5819.763,9728.08,2030.728,5802.445,9683.777,1981.396,6193.287,9720.568,2020.255,6111.48,9629.323,2016.508,5876.217,9844.982,1968.176,6031.79,9109.688,2008.945,5772.347,9774.82,1966.29,6189.874
9863.236,1975.98,6169.732,9715.535,1966.141,6278.323,9746.331,1955.12,6049.428,9415.792,1951.155,5592.709,9547.845,1976.812,5899.748,9728.085,1992.067,5891.61,9657.706,2014.702,6042.151,9183.513,1978.241,5820.692,9728.951,2030.728,5803.99,9685.457,1981.396,6193.856,9722.121,2020.255,6112.337,9630.651,2016.508,5877.394,9846.254,1968.176,6033.027,9111.239,2008.945,5773.208,9776.498,1966.29,6190.449
9866.573,1975.98,6171.035,9718.723,1966.141,6279.957,9748.795,1955.12,6052.028,9418.15,1951.155,5595.406,9550.614,1976.812,5902.019,9730.558,1992.067,5894.202,9661.185,2014.702,6043.005,9186.624,1978.241,5822.467,9730.813,2030.728,5807.051,9688.81,1981.396,6195.117,9725.23,2020.255,6114.112,9633.444,2016.508,5879.637,9848.739,1968.176,6035.607,9114.313,2008.945,5775.048,9779.848,1966.29,6191.72
9869.007,1975.98,6171.896,9721.058,1966.141,6281.059,9750.631,1955.12,6053.843,9419.913,1951.155,5597.292,9552.663,1976.812,5903.59,9732.277,1992.067,5896.127,9663.67,2014.702,6043.703,9188.823,1978.241,5823.819,9732.225,2030.728,5809.211,9691.259,1981.396,6195.932,9727.465,2020.255,6115.405,9635.534,2016.508,5881.153,9850.208,1968.176,6037.73,9116.507,2008.945,5776.408,9782.23,1966.29,6192.712
9871.109,1975.98,6172.564,9723.083,1966.141,6281.935,9752.25,1955.12,6055.342,9421.416,1951.155,5598.907,9554.235,1976.812,5905.138,9733.801,1992.067,5897.724,9665.773,2014.702,6044.369,9190.633,1978.241,5825.083,9733.371,2030.728,5811.097,9693.369,1981.396,6196.576,9729.363,2020.255,6116.527,9637.361,2016.508,5882.39,9851.522,1968.176,6039.502,9118.249,2008.945,5777.763,9784.239,1966.29,6193.626
9873.238,1975.98,6173.167,9725.142,1966.141,6282.746,9753.922,1955.12,6056.792,9422.976,1951.155,5600.477,9555.861,1976.812,5906.639,9735.38,1992.067,5899.274,9667.86,2014.702,6045.104,9192.404,1978.241,5826.408,9734.46,2030.728,5813.023,9695.496,1981.396,6197.188,9731.261,2020.255,6117.663,9639.232,2016.508,5883.571,9852.897,1968.176,6041.236,9120.039,2008.945,5779.063,9786.223,1966.29,6194.606
9874.353,1975.98,6173.521,9726.243,1966.141,6283.139,9754.789,1955.12,6057.577,9423.736,1951.155,5601.366,9556.747,1976.812,5907.403,9736.22,1992.067,5900.088,9668.95,2014.702,6045.529,9193.363,1978.241,5827.078,9735.002,2030.728,5814.06,9696.609,1981.396,6197.548,9732.263,2020.255,6118.266,9640.241,2016.508,5884.164,9853.654,1968.176,6042.128,9121.008,2008.945,5779.72,9787.286,1966.29,6195.095
9874.979,1975.98,6173.744,9726.86,1966.141,6283.389,9755.297,1955.12,6058.007,9424.186,1951.155,5601.856,9557.265,1976.812,5907.821,9736.682,1992.067,5900.567,9669.562,2014.702,6045.791,9193.921,1978.241,5827.441,9735.291,2030.728,5814.659,9697.235,1981.396,6197.774,9732.831,2020.255,6118.611,9640.825,2016.508,5884.482,9854.101,1968.176,6042.621,9121.57,2008.945,5780.075,9787.898,1966.29,6195.355
9877.815,1975.98,6174.857,9729.546,1966.141,6284.827,9757.684,1955.12,6059.899,9426.207,1951.155,5604.135,9559.695,1976.812,5909.657,9738.784,1992.067,5902.771,9672.321,2014.702,6047.081,9196.527,1978.241,5829.018,9736.526,2030.728,5817.443,9700.066,1981.396,6198.899,9735.417,2020.255,6120.218,9643.544,2016.508,5885.855,9856.219,1968.176,6044.81,9124.329,2008.945,5781.366,9790.729,1966.29,6196.477
9879.97,1975.98,6175.631,9731.599,1966.141,6285.841,9759.523,1955.12,6061.262,9427.781,1951.155,5605.797,9561.566,1976.812,5910.977,9740.31,1992.067,5904.479,9674.362,2014.702,6048.118,9198.524,1978.241,5830.138,9737.388,2030.728,5819.565,9702.165,1981.396,6199.814,9737.351,2020.255,6121.442,9645.618,2016.508,5886.824,9857.788,1968.176,6046.478,9126.397,2008.945,5782.347,9792.873,1966.29,6197.278
9883.62,1975.98,6176.77,9735.08,1966.141,6287.421,9762.669,1955.12,6063.436,9430.501,1951.155,5608.486,9564.762,1976.812,5913.078,9742.576,1992.067,5907.558,9677.713,2014.702,6049.96,9201.736,1978.241,5832.213,9738.711,2030.728,5823.152,9705.618,1981.396,6201.456,9740.562,2020.255,6123.516,9649.038,2016.508,5888.534,9860.498,1968.176,6049.175,9129.797,2008.945,5784.098,9796.478,1966.29,6198.551
9885.251,1975.98,6177.154,9736.628,1966.141,6288.064,9764.038,1955.12,6064.402,9431.73,1951.155,5609.625,9566.191,1976.812,5913.952,9743.613,1992.067,5908.875,9679.154,2014.702,6050.815,9203.106,1978.241,5833.178,9739.24,2030.728,5824.743,9707.154,1981.396,6202.126,9741.962,2020.255,6124.435,9650.559,2016.508,5889.238,9861.724,1968.176,6050.318,9131.261,2008.945,5784.914,9798.044,1966.29,6199.146
9886.305,1975.98,6177.439,9737.649,1966.141,6288.449,9764.984,1955.12,6064.947,9432.53,1951.155,5610.367,9567.141,1976.812,5914.491,9744.316,1992.067,5909.709,9680.074,2014.702,6051.403,9204.02,1978.241,5833.777,9739.552,2030.728,5825.789,9708.153,1981.396,6202.565,9742.888,2020.255,6125.013,9651.563,2016.508,5889.666,9862.498,1968.176,6051.088,9132.196,2008.945,5785.476,9799.051,1966.29,6199.567
9888.533,1975.98,6177.938,9739.812,1966.141,6289.185,9766.973,1955.12,6066.07,9434.148,1951.155,5611.979,9569.163,1976.812,5915.552,9745.844,1992.067,5911.407,9682.037,2014.702,6052.571,9205.969,1978.241,5834.967,9740.133,2030.728,5827.998,9710.213,1981.396,6203.553,9744.766,2020.255,6126.313,9653.688,2016.508,5890.5,9864.17,1968.176,6052.644,9134.29,2008.945,5786.388,9801.128,1966.29,6200.516
9890.704,1975.98,6178.499,9741.909,1966.141,6289.977,9768.888,1955.12,6067.236,9435.788,1951.155,5613.509,9571.092,1976.812,5916.696,9747.444,1992.067,5912.977,9684.041,2014.702,6053.577,9207.92,1978.241,5836.072,9740.774,2030.728,5830.146,9712.202,1981.396,6204.588,9746.65,2020.255,6127.528,9655.748,2016.508,5891.386,9865.86,1968.176,6054.117,9136.314,2008.945,5787.351,9803.107,1966.29,6201.569
9892.859,1975.98,6179.131,9743.983,1966.141,6290.838,9770.866,1955.12,6068.299,9437.479,1951.155,5614.987,9573.061,1976.812,5917.778,9748.996,1992.067,5914.601,9686.029,2014.702,6054.622,9209.909,1978.241,5837.115,9741.487,2030.728,5832.276,9714.228,1981.396,6205.559,9748.577,2020.255,6128.683,9657.781,2016.508,5892.34,9867.601,1968.176,6055.537,9138.356,2008.945,5788.288,9805.124,1966.29,6202.559
9895.668,1975.98,6180.057,9746.677,1966.141,6292.061,9773.54,1955.12,6069.563,9439.77,1951.155,5616.858,9575.59,1976.812,5919.31,9750.968,1992.067,5916.805,9688.601,2014.702,6056.083,9212.572,1978.241,5838.401,9742.517,2030.728,5835.049,9716.932,1981.396,6206.757,9751.162,2020.255,6130.12,9660.416,2016.508,5893.684,9869.952,1968.176,6057.331,9141.062,2008.945,5789.482,9807.82,1966.29,6203.775
9897.38,1975.98,6180.684,9748.361,1966.141,6292.76,9775.162,1955.12,6070.396,9441.271,1951.155,5617.894,9577.083,1976.812,5920.356,9752.139,1992.067,5918.203,9690.093,2014.702,6057.13,9214.239,1978.241,5839.14,9743.207,2030.728,5836.736,9718.574,1981.396,6207.549,9752.784,2020.255,6130.953,9662.013,2016.508,5894.565,9871.438,1968.176,6058.388,9142.704,2008.945,5790.273,9809.506,1966.29,6204.47
9899.87,1975.98,6181.689,9750.967,1966.141,6293.409,9777.51,1955.12,6071.699,9443.465,1951.155,5619.441,9579.255,1976.812,5921.936,9753.929,1992.067,5920.205,9692.34,2014.702,6058.6,9216.657,1978.241,5840.307,9744.305,2030.728,5839.187,9720.979,1981.396,6208.744,9755.316,2020.255,6131.846,9664.319,2016.508,5895.939,9873.675,1968.176,6059.874,9145.16,2008.945,5791.358,9812.112,1966.29,6205.116
9902.764,1975.98,6182.749,9753.931,1966.141,6294.251,9779.906,1955.12,6073.636,9445.924,1951.155,5621.298,9581.704,1976.812,5923.806,9755.907,1992.067,5922.567,9694.973,2014.702,6060.202,9219.475,1978.241,5841.556,9745.655,2030.728,5841.957,9723.782,1981.396,6210.023,9758.19,2020.255,6132.956,9666.913,2016.508,5897.602,9876.296,1968.176,6061.493,9148.092,2008.945,5792.308,9815.077,1966.29,6205.956
9904.118,1975.98,6183.333,9755.374,1966.141,6294.557,9781.084,1955.12,6074.525,9447.071,1951.155,5622.225,9582.905,1976.812,5924.663,9756.826,1992.067,5923.721,9696.163,2014.702,6061.074,9220.843,1978.241,5842.109,9746.326,2030.728,5843.271,9725.144,1981.396,6210.591,9759.549,2020.255,6133.532,9668.129,2016.508,5898.438,9877.525,1968.176,6062.309,9149.48,2008.945,5792.808,9816.529,1966.29,6206.215
9904.811,1975.98,6183.606,9756.112,1966.141,6294.651,9781.692,1955.12,6074.954,9447.699,1951.155,5622.625,9583.497,1976.812,5925.114,9757.275,1992.067,5924.314,9696.777,2014.702,6061.493,9221.541,1978.241,5842.365,9746.677,2030.728,5843.926,9725.839,1981.396,6210.855,9760.237,2020.255,6133.813,9668.728,2016.508,5898.88,9878.179,1968.176,6062.666,9150.178,2008.945,5793.067,9817.257,1966.29,6206.37
9907.638,1975.98,6184.613,9759.075,1966.141,6295.129,9784.201,1955.12,6076.602,9450.187,1951.155,5624.305,9585.683,1976.812,5927.17,9759.031,1992.067,5926.748,9699.31,2014.702,6063.104,9224.271,1978.241,5843.613,9748.143,2030.728,5846.544,9728.679,1981.396,6211.828,9763.083,2020.255,6134.768,9671.084,2016.508,5900.739,9880.765,1968.176,6064.189,9153.024,2008.945,5794.02,9820.171,1966.29,6207.091
9910.688,1975.98,6185.588,9762.219,1966.141,6295.741,9786.915,1955.12,6078.3,9452.779,1951.155,5626.183,9588.085,1976.812,5929.287,9760.844,1992.067,5929.386,9702.066,2014.702,6064.733,9227.225,1978.241,5844.849,9749.762,2030.728,5849.306,9731.739,1981.396,6212.769,9766.094,2020.255,6135.854,9673.531,2016.508,5902.804,9883.575,1968.176,6065.723,9156.058,2008.945,5795.045,9823.253,1966.29,6207.961
9912.146,1975.98,6186.002,9763.697,1966.141,6296.078,9788.218,1955.12,6079.076,9454.1,1951.155,5626.929,9589.255,1976.812,5930.252,9761.674,1992.067,5930.655,9703.396,2014.702,6065.462,9228.643,1978.241,5845.388,9750.556,2030.728,5850.598,9733.202,1981.396,6213.167,9767.508,2020.255,6136.401,9674.658,2016.508,5903.82,9884.93,1968.176,6066.406,9157.511,2008.945,5795.48,9824.726,1966.29,6208.325
9914.228,1975.98,6186.52,9765.771,1966.141,6296.622,9790.083,1955.12,6080.132,9455.931,1951.155,5628.044,9590.953,1976.812,5931.561,9762.809,1992.067,5932.474,9705.31,2014.702,6066.43,9230.671,1978.241,5846.084,9751.716,2030.728,5852.4,9735.288,1981.396,6213.665,9769.489,2020.255,6137.218,9676.301,2016.508,5905.199,9886.782,1968.176,6067.485,9159.608,2008.945,5795.924,9826.823,1966.29,6208.771
9916.456,1975.98,6186.998,9767.957,1966.141,6297.27,9792.091,1955.12,6081.21,9457.838,1951.155,5629.293,9592.661,1976.812,5933.07,9763.974,1992.067,5934.432,9707.333,2014.702,6067.48,9232.831,1978.241,5846.813,9752.99,2030.728,5854.289,9737.521,1981.396,6214.122,9771.576,2020.255,6138.133,9677.998,2016.508,5906.721,9888.788,1968.176,6068.568,9161.822,2008.945,5796.468,9829.036,1966.29,6209.319
9918.7,1975.98,6187.403,9770.122,1966.141,6297.988,9794.123,1955.12,6082.244,9459.704,1951.155,5630.604,9594.419,1976.812,5934.524,9765.099,1992.067,5936.416,9709.391,2014.702,6068.463,9234.959,1978.241,5847.633,9754.307,2030.728,5856.15,9739.77,1981.396,6214.508,9773.644,2020.255,6139.095,9679.646,2016.508,5908.298,9890.759,1968.176,6069.716,9164.073,2008.945,5796.838,9831.267,1966.29,6209.794
9920.959,1975.98,6187.735,9772.312,1966.141,6298.635,9796.18,1955.12,6083.233,9461.725,1951.155,5631.667,9596.226,1976.812,5935.92,9766.185,1992.067,5938.423,9711.388,2014.702,6069.571,9237.115,1978.241,5848.384,9755.667,2030.728,5857.983,9742.006,1981.396,6214.967,9775.691,2020.255,6140.104,9681.242,2016.508,5909.931,9892.693,1968.176,6070.929,9166.313,2008.945,5797.282,9833.543,1966.29,6209.974
9923.262,1975.98,6187.997,9774.554,1966.141,6299.219,9798.289,1955.12,6084.191,9463.739,1951.155,5632.813,9598.012,1976.812,5937.397,9767.246,1992.067,5940.482,9713.45,2014.702,6070.628,9239.327,1978.241,5849.075,9757.091,2030.728,5859.811,9744.287,1981.396,6215.375,9777.746,2020.255,6141.174,9682.808,2016.508,5911.64,9894.616,1968.176,6072.223,9168.57,2008.945,5797.806,9835.846,1966.29,6210.231
9926.249,1975.98,6188.238,9777.478,1966.141,6299.879,9801.044,1955.12,6085.369,9466.325,1951.155,5634.328,9600.258,1976.812,5939.381,9768.706,1992.067,5943.1,9716.021,2014.702,6072.17,9242.216,1978.241,5849.873,9758.854,2030.728,5862.234,9747.22,1981.396,6215.995,9780.372,2020.255,6142.616,9684.829,2016.508,5913.852,9897.047,1968.176,6073.977,9171.466,2008.945,5798.58,9838.812,1966.29,6210.663
9927.795,1975.98,6188.313,9778.998,1966.141,6300.171,9802.48,1955.12,6085.946,9467.635,1951.155,5635.153,9601.384,1976.812,5940.444,9769.499,1992.067,5944.429,9717.373,2014.702,6072.923,9243.721,1978.241,5850.236,9759.764,2030.728,5863.487,9748.724,1981.396,6216.359,9781.732,2020.255,6143.352,9685.873,2016.508,5914.995,9898.272,1968.176,6074.922,9172.996,2008.945,5798.814,9840.335,1966.29,6210.935
9930.351,1975.98,6188.352,9781.522,1966.141,6300.57,9804.873,1955.12,6086.844,9469.751,1951.155,5636.587,9603.185,1976.812,5942.258,9770.842,1992.067,5946.604,9719.646,2014.702,6074.092,9246.224,1978.241,5850.755,9760.945,2030.728,5865.753,9751.188,1981.396,6217.034,9783.986,2020.255,6144.554,9687.572,2016.508,5916.905,9900.271,1968.176,6076.515,9175.509,2008.945,5799.283,9842.835,1966.29,6211.467
9932.973,1975.98,6188.306,9784.125,1966.141,6300.894,9807.348,1955.12,6087.711,9471.984,1951.155,5637.961,9604.97,1976.812,5944.179,9772.292,1992.067,5948.79,9721.95,2014.702,6075.346,9248.797,1978.241,5851.263,9762.233,2030.728,5868.038,9753.696,1981.396,6217.8,9786.307,2020.255,6145.773,9689.418,2016.508,5918.768,9902.27,1968.176,6078.213,9178.121,2008.945,5799.511,9845.381,1966.29,6212.097
9934.677,1975.98,6188.221,9785.811,1966.141,6301.159,9808.97,1955.12,6088.238,9473.407,1951.155,5638.903,9606.142,1976.812,5945.419,9773.281,1992.067,5950.18,9723.475,2014.702,6076.112,9250.48,1978.241,5851.539,9763.119,2030.728,5869.497,9755.321,1981.396,6218.317,9787.82,2020.255,6146.558,9690.579,2016.508,5920.018,9903.535,1968.176,6079.358,9179.815,2008.945,5799.715,9847.05,1966.29,6212.453
9936.962,1975.98,6188.032,9788.063,1966.141,6301.588,9811.165,1955.12,6088.897,9475.277,1951.155,5640.229,9607.661,1976.812,5947.136,9774.362,1992.067,5952.202,9725.556,2014.702,6077.074,9252.754,1978.241,5851.835,9764.371,2030.728,5871.417,9757.496,1981.396,6219.04,9789.861,2020.255,6147.6,9692.084,2016.508,5921.747,9905.239,1968.176,6080.891,9182.081,2008.945,5800.064,9849.3,1966.29,6212.891
9939.244,1975.98,6187.769,9790.305,1966.141,6302.09,9813.343,1955.12,6089.63,9477.225,1951.155,5641.448,9608.994,1976.812,5949.007,9775.405,1992.067,5954.248,9727.672,2014.702,6077.969,9255.021,1978.241,5852.207,9765.684,2030.728,5873.302,9759.665,1981.396,6219.792,9791.937,2020.255,6148.584,9693.536,2016.508,5923.527,9906.915,1968.176,6082.461,9184.362,2008.945,5800.338,9851.562,1966.29,6213.295
9942.459,1975.98,6187.291,9793.452,1966.141,6302.901,9816.388,1955.12,6090.766,9479.922,1951.155,5643.262,9610.966,1976.812,5951.591,9776.975,1992.067,5957.094,9730.514,2014.702,6079.546,9258.244,1978.241,5852.626,9767.626,2030.728,5875.909,9762.719,1981.396,6220.901,9794.913,2020.255,6149.89,9695.508,2016.508,5926.111,9909.243,1968.176,6084.728,9187.575,2008.945,5800.833,9854.776,1966.29,6213.775
9945.476,1975.98,6186.741,9796.396,1966.141,6303.762,9819.224,1955.12,6091.932,9482.655,1951.155,5644.651,9612.905,1976.812,5953.966,9778.542,1992.067,5959.729,9733.242,2014.702,6080.945,9261.303,1978.241,5852.846,9769.536,2030.728,5878.307,9765.584,1981.396,6221.991,9797.756,2020.255,6151.04,9697.288,2016.508,5928.608,9911.411,1968.176,6086.895,9190.491,2008.945,5801.782,9857.793,1966.29,6214.328
9946.467,1975.98,6186.594,9797.348,1966.141,6304.073,9820.16,1955.12,6092.289,9483.533,1951.155,5645.134,9613.584,1976.812,5954.703,9779.04,1992.067,5960.599,9734.148,2014.702,6081.373,9262.299,1978.241,5852.951,9770.186,2030.728,5879.07,9766.515,1981.396,6222.362,9798.695,2020.255,6151.388,9697.843,2016.508,5929.442,9912.143,1968.176,6087.579,9191.453,2008.945,5802.061,9858.772,1966.29,6214.54
9948.486,1975.98,6186.362,9799.258,1966.141,6304.767,9822.036,1955.12,6093.07,9485.281,1951.155,5646.171,9614.912,1976.812,5956.242,9780.107,1992.067,5962.328,9735.983,2014.702,6082.247,9264.313,1978.241,5853.229,9771.552,2030.728,5880.575,9768.389,1981.396,6223.147,9800.621,2020.255,6152.038,9698.913,2016.508,5931.169,9913.671,1968.176,6088.918,9193.422,2008.945,5802.566,9860.743,1966.29,6215.036
9952.837,1975.98,6186.004,9803.311,1966.141,6306.386,9826.009,1955.12,6094.879,9488.96,1951.155,5648.521,9617.654,1976.812,5959.638,9782.521,1992.067,5965.965,9739.983,2014.702,6083.994,9268.614,1978.241,5853.966,9774.589,2030.728,5883.71,9772.383,1981.396,6224.904,9804.795,2020.255,6153.313,9701.091,2016.508,5934.952,9917.046,1968.176,6091.686,9197.683,2008.945,5803.514,9864.939,1966.29,6216.238
9954.55,1975.98,6185.92,9804.882,1966.141,6307.073,9827.585,1955.12,6095.554,9490.494,1951.155,5649.288,9618.688,1976.812,5961.007,9783.515,1992.067,5967.363,9741.527,2014.702,6084.741,9270.318,1978.241,5854.164,9775.741,2030.728,5884.98,9773.938,1981.396,6225.625,9806.438,2020.255,6153.805,9701.995,2016.508,5936.41,9918.407,1968.176,6092.729,9199.368,2008.945,5803.832,9866.572,1966.29,6216.765
9955.015,1975.98,6185.912,9805.302,1966.141,6307.273,9828.017,1955.12,6095.728,9490.903,1951.155,5649.509,9619.001,1976.812,5961.351,9783.797,1992.067,5967.733,9741.937,2014.702,6084.962,9270.778,1978.241,5854.232,9776.042,2030.728,5885.335,9774.356,1981.396,6225.828,9806.884,2020.255,6153.936,9702.253,2016.508,5936.797,9918.785,1968.176,6093,9199.828,2008.945,5803.903,9867.01,1966.29,6216.922
9958.657,1975.98,6185.971,9808.541,1966.141,6308.94,9831.426,1955.12,6097.009,9494.117,1951.155,5651.224,9621.367,1976.812,5964.121,9785.909,1992.067,5970.701,9745.196,2014.702,6086.588,9274.362,1978.241,5854.886,9778.412,2030.728,5888.101,9777.596,1981.396,6227.492,9810.384,2020.255,6154.941,9704.164,2016.508,5939.898,9921.815,1968.176,6095.023,9203.335,2008.945,5804.889,9870.396,1966.29,6218.264
9961.659,1975.98,6186.118,9811.168,1966.141,6310.4,9834.262,1955.12,6098.003,9496.784,1951.155,5652.611,9623.243,1976.812,5966.469,9787.536,1992.067,5973.229,9747.929,2014.702,6087.84,9277.344,1978.241,5855.265,9780.292,2030.728,5890.446,9780.238,1981.396,6228.922,9813.275,2020.255,6155.754,9705.807,2016.508,5942.415,9924.368,1968.176,6096.61,9206.212,2008.945,5805.761,9873.153,1966.29,6219.462
9962.233,1975.98,6186.165,9811.662,1966.141,6310.695,9834.809,1955.12,6098.182,9497.286,1951.155,5652.894,9623.588,1976.812,5966.93,9787.852,1992.067,5973.71,9748.46,2014.702,6088.063,9277.912,1978.241,5855.356,9780.638,2030.728,5890.907,9780.738,1981.396,6229.208,9813.83,2020.255,6155.907,9706.137,2016.508,5942.887,9924.867,1968.176,6096.897,9206.762,2008.945,5805.931,9873.674,1966.29,6219.709
9965.403,1975.98,6186.529,9814.348,1966.141,6312.417,9837.863,1955.12,6099.101,9500.015,1951.155,5654.548,9625.412,1976.812,5969.548,9789.445,1992.067,5976.474,9751.42,2014.702,6089.255,9281.044,1978.241,5855.965,9782.467,2030.728,5893.522,9783.47,1981.396,6230.854,9816.909,2020.255,6156.735,9708.038,2016.508,5945.449,9927.682,1968.176,6098.4,9209.839,2008.945,5806.773,9876.511,1966.29,6221.169
9968.448,1975.98,6186.98,9816.885,1966.141,6314.16,9840.829,1955.12,6099.921,9502.593,1951.155,5656.229,9627.254,1976.812,5972.014,9790.9,1992.067,5979.186,9754.311,2014.702,6090.312,9284.082,1978.241,5856.458,9784.147,2030.728,5896.101,9786.154,1981.396,6232.36,9819.862,2020.255,6157.601,9709.79,2016.508,5947.98,9930.442,1968.176,6099.761,9212.737,2008.945,5807.81,9879.2,1966.29,6222.667
9970.852,1975.98,6187.417,9818.854,1966.141,6315.604,9843.196,1955.12,6100.519,9504.594,1951.155,5657.629,9628.65,1976.812,5974.018,9791.998,1992.067,5981.368,9756.631,2014.702,6091.076,9286.486,1978.241,5856.888,9785.454,2030.728,5898.165,9788.321,1981.396,6233.486,9822.189,2020.255,6158.34,9711.114,2016.508,5950.033,9932.668,1968.176,6100.768,9215.063,2008.945,5808.558,9881.294,1966.29,6223.925
9972.723,1975.98,6187.821,9820.361,1966.141,6316.784,9845.062,1955.12,6100.946,9506.107,1951.155,5658.801,9629.796,1976.812,5975.552,9792.895,1992.067,5983.059,9758.467,2014.702,6091.616,9288.386,1978.241,5857.12,9786.371,2030.728,5899.845,9790.047,1981.396,6234.315,9824,2020.255,6158.96,9712.204,2016.508,5951.606,9934.437,1968.176,6101.5,9216.903,2008.945,5809.083,9882.901,1966.29,6224.964
9973.291,1975.98,6187.925,9820.806,1966.141,6317.154,9845.628,1955.12,6101.062,9506.557,1951.155,5659.166,9630.156,1976.812,5976.003,9793.181,1992.067,5983.562,9759.026,2014.702,6091.761,9288.957,1978.241,5857.209,9786.664,2030.728,5900.343,9790.575,1981.396,6234.548,9824.542,2020.255,6159.16,9712.52,2016.508,5952.091,9934.978,1968.176,6101.704,9217.46,2008.945,5809.239,9883.396,1966.29,6225.262
9976.556,1975.98,6188.629,9823.303,1966.141,6319.372,9848.913,1955.12,6101.66,9509.218,1951.155,5661.184,9632.273,1976.812,5978.587,9794.92,1992.067,5986.413,9762.285,2014.702,6092.494,9292.238,1978.241,5857.831,9788.272,2030.728,5903.27,9793.672,1981.396,6235.8,9827.649,2020.255,6160.383,9714.256,2016.508,5954.943,9938.141,1968.176,6102.776,9220.705,2008.945,5810.029,9886.202,1966.29,6227.075
9978.073,1975.98,6189.009,9824.44,1966.141,6320.446,9850.457,1955.12,6101.913,9510.494,1951.155,5662.088,9633.304,1976.812,5979.764,9795.773,1992.067,5987.724,9763.821,2014.702,6092.789,9293.765,1978.241,5858.172,9789.07,2030.728,5904.616,9795.141,1981.396,6236.339,9829.101,2020.255,6160.968,9715.029,2016.508,5956.303,9939.638,1968.176,6103.229,9222.224,2008.945,5810.406,9887.633,1966.29,6227.704
9981.065,1975.98,6189.863,9826.771,1966.141,6322.508,9853.51,1955.12,6102.516,9513.091,1951.155,5663.803,9635.276,1976.812,5982.17,9797.389,1992.067,5990.383,9766.895,2014.702,6093.276,9296.777,1978.241,5858.951,9790.427,2030.728,5907.416,9798.024,1981.396,6237.508,9832.023,2020.255,6162.036,9716.494,2016.508,5959.048,9942.644,1968.176,6104.034,9225.266,2008.945,5811.063,9890.439,1966.29,6229.049
9984.396,1975.98,6190.933,9829.466,1966.141,6324.738,9856.917,1955.12,6103.306,9516.101,1951.155,5665.585,9637.427,1976.812,5984.929,9799.108,1992.067,5993.429,9770.364,2014.702,6093.715,9300.191,1978.241,5859.714,9791.891,2030.728,5910.593,9801.222,1981.396,6238.927,9835.175,2020.255,6163.553,9718.241,2016.508,5962.079,9946.051,1968.176,6104.827,9228.659,2008.945,5811.913,9893.543,1966.29,6230.664
9984.842,1975.98,6191.06,9829.833,1966.141,6325.022,9857.373,1955.12,6103.396,9516.492,1951.155,5665.834,9637.725,1976.812,5985.286,9799.35,1992.067,5993.826,9770.823,2014.702,6093.789,9300.644,1978.241,5859.822,9792.099,2030.728,5911.009,9801.652,1981.396,6239.101,9835.6,2020.255,6163.74,9718.486,2016.508,5962.473,9946.507,1968.176,6104.917,9229.103,2008.945,5812.05,9893.939,1966.29,6230.905
9988.692,1975.98,6192.296,9833.11,1966.141,6327.392,9861.367,1955.12,6104.033,9519.923,1951.155,5667.976,9640.211,1976.812,5988.476,9801.564,1992.067,5997.21,9774.794,2014.702,6094.557,9304.544,1978.241,5860.893,9793.92,2030.728,5914.62,9805.349,1981.396,6240.742,9839.217,2020.255,6165.55,9720.731,2016.508,5965.837,9950.513,1968.176,6105.471,9233.002,2008.945,5813.122,9897.321,1966.29,6233.124
9990.969,1975.98,6192.722,9835.03,1966.141,6328.687,9863.665,1955.12,6104.323,9522.05,1951.155,5668.891,9641.828,1976.812,5990.133,9802.896,1992.067,5999.105,9777.052,2014.702,6095.071,9306.796,1978.241,5861.432,9795.03,2030.728,5916.652,9807.434,1981.396,6241.75,9841.32,2020.255,6166.518,9722.134,2016.508,5967.68,9952.805,1968.176,6105.802,9235.254,2008.945,5813.663,9899.215,1966.29,6234.457
9993.231,1975.98,6193.223,9836.993,1966.141,6329.919,9865.953,1955.12,6104.688,9524.147,1951.155,5669.876,9643.392,1976.812,5991.843,9804.289,1992.067,6000.957,9779.293,2014.702,6095.66,9309.03,1978.241,5862.045,9796.207,2030.728,5918.648,9809.554,1981.396,6242.685,9843.365,2020.255,6167.608,9723.717,2016.508,5969.372,9955.1,1968.176,6106.127,9237.464,2008.945,5814.362,9901.065,1966.29,6235.852
9995.478,1975.98,6193.797,9838.996,1966.141,6331.086,9868.251,1955.12,6104.997,9526.231,1951.155,5670.892,9645.011,1976.812,5993.502,9805.735,1992.067,6002.769,9781.515,2014.702,6096.321,9311.317,1978.241,5862.427,9797.448,2030.728,5920.606,9811.644,1981.396,6243.689,9845.445,2020.255,6168.631,9725.245,2016.508,5971.116,9957.413,1968.176,6106.282,9239.696,2008.945,5814.988,9902.974,1966.29,6237.167
9996.324,1975.98,6194.027,9839.769,1966.141,6331.503,9869.116,1955.12,6105.142,9527.008,1951.155,5671.302,9645.603,1976.812,5994.15,9806.302,1992.067,6003.438,9782.347,2014.702,6096.599,9312.178,1978.241,5862.6,9797.941,2030.728,5921.332,9812.422,1981.396,6244.095,9846.226,2020.255,6169.033,9725.802,2016.508,5971.794,9958.29,1968.176,6106.323,9240.549,2008.945,5815.198,9903.68,1966.29,6237.689
9997.771,1975.98,6194.47,9841.123,1966.141,6332.178,9870.6,1955.12,6105.441,9528.322,1951.155,5672.052,9646.586,1976.812,5995.3,9807.312,1992.067,6004.565,9783.766,2014.702,6097.125,9313.659,1978.241,5862.908,9798.832,2030.728,5922.555,9813.74,1981.396,6244.838,9847.593,2020.255,6169.681,9726.723,2016.508,5972.995,9959.798,1968.176,6106.444,9242.029,2008.945,5815.511,9904.866,1966.29,6238.627
10000.35,1975.98,6195.336,9843.594,1966.141,6333.311,9873.248,1955.12,6106.053,9530.728,1951.155,5673.317,9648.42,1976.812,5997.306,9809.18,1992.067,6006.539,9786.284,2014.702,6098.148,9316.375,1978.241,5863.016,9800.503,2030.728,5924.699,9816.15,1981.396,6246.096,9850.085,2020.255,6170.765,9728.306,2016.508,5975.205,9962.5,1968.176,6106.739,9244.706,2008.945,5815.985,9906.941,1966.29,6240.382
10003.27,1975.98,6196.428,9846.473,1966.141,6334.518,9876.31,1955.12,6106.664,9533.441,1951.155,5674.861,9650.449,1976.812,5999.678,9811.399,1992.067,6008.735,9789.137,2014.702,6099.417,9319.489,1978.241,5863.241,9802.5,2030.728,5927.099,9818.87,1981.396,6247.629,9853.023,2020.255,6171.82,9730.041,2016.508,5977.8,9965.605,1968.176,6107.056,9247.796,2008.945,5816.43,9909.258,1966.29,6242.475
10006.52,1975.98,6197.763,9849.756,1966.141,6335.769,9879.73,1955.12,6107.464,9536.437,1951.155,5676.697,9652.645,1976.812,6002.421,9813.673,1992.067,6011.414,9792.299,2014.702,6100.949,9322.983,1978.241,5863.609,9804.834,2030.728,5929.725,9821.985,1981.396,6249.254,9856.289,2020.255,6173.116,9731.898,2016.508,5980.782,9969.087,1968.176,6107.526,9251.288,2008.945,5816.815,9911.94,1966.29,6244.744
10006.96,1975.98,6197.925,9850.194,1966.141,6335.92,9880.186,1955.12,6107.555,9536.824,1951.155,5676.952,9652.946,1976.812,6002.773,9813.984,1992.067,6011.757,9792.723,2014.702,6101.138,9323.443,1978.241,5863.672,9805.153,2030.728,5930.062,9822.403,1981.396,6249.456,9856.726,2020.255,6173.273,9732.156,2016.508,5981.167,9969.549,1968.176,6107.573,9251.749,2008.945,5816.872,9912.305,1966.29,6245.032
10009.06,1975.98,6198.662,9852.328,1966.141,6336.577,9882.4,1955.12,6107.843,9538.607,1951.155,5678.297,9654.631,1976.812,6004.24,9815.453,1992.067,6013.44,9794.732,2014.702,6102.112,9325.661,1978.241,5863.935,9806.637,2030.728,5931.731,9824.446,1981.396,6250.357,9858.897,2020.255,6173.792,9733.458,2016.508,5982.982,9971.762,1968.176,6107.872,9253.982,2008.945,5816.853,9914.235,1966.29,6246.153
10011.97,1975.98,6199.572,9855.265,1966.141,6337.377,9885.427,1955.12,6108.163,9541.015,1951.155,5680.16,9656.859,1976.812,6006.312,9817.415,1992.067,6015.766,9797.514,2014.702,6103.349,9328.693,1978.241,5864.194,9808.91,2030.728,5933.755,9827.27,1981.396,6251.493,9861.833,2020.255,6174.595,9735.313,2016.508,5985.395,9974.763,1968.176,6108.377,9257.025,2008.945,5816.926,9916.815,1966.29,6247.767
10013.44,1975.98,6200.111,9856.792,1966.141,6337.74,9886.99,1955.12,6108.294,9542.187,1951.155,5681.204,9657.974,1976.812,6007.418,9818.462,1992.067,6016.936,9798.968,2014.702,6103.939,9330.261,1978.241,5864.276,9810.125,2030.728,5934.749,9828.744,1981.396,6252.031,9863.333,2020.255,6175.059,9736.31,2016.508,5986.607,9976.318,1968.176,6108.587,9258.593,2008.945,5817.016,9918.118,1966.29,6248.643
10016.41,1975.98,6201.088,9859.856,1966.141,6338.363,9890.105,1955.12,6108.569,9544.588,1951.155,5683.207,9660.216,1976.812,6009.598,9820.612,1992.067,6019.207,9801.869,2014.702,6105.106,9333.377,1978.241,5864.542,9812.479,2030.728,5936.808,9831.646,1981.396,6253.199,9866.289,2020.255,6176.08,9738.373,2016.508,5988.957,9979.442,1968.176,6108.729,9261.715,2008.945,5816.837,9920.655,1966.29,6250.471
10020.09,1975.98,6202.429,9863.666,1966.141,6339.269,9894.011,1955.12,6108.834,9547.613,1951.155,5685.693,9663.126,1976.812,6012.217,9823.299,1992.067,6022.055,9805.591,2014.702,6106.323,9337.287,1978.241,5864.747,9815.341,2030.728,5939.48,9835.323,1981.396,6254.541,9870.11,2020.255,6176.933,9740.938,2016.508,5991.916,9983.354,1968.176,6108.875,9265.629,2008.945,5816.742,9923.905,1966.29,6252.655
10021.39,1975.98,6202.947,9865.031,1966.141,6339.552,9895.403,1955.12,6108.892,9548.719,1951.155,5686.542,9664.136,1976.812,6013.179,9824.286,1992.067,6023.039,9806.901,2014.702,6106.798,9338.682,1978.241,5864.774,9816.367,2030.728,5940.423,9836.618,1981.396,6255.058,9871.479,2020.255,6177.204,9741.88,2016.508,5992.943,9984.745,1968.176,6108.973,9267.023,2008.945,5816.736,9925.086,1966.29,6253.396
10022.42,1975.98,6203.399,9866.131,1966.141,6339.813,9896.532,1955.12,6108.911,9549.637,1951.155,5687.201,9664.932,1976.812,6013.98,9825.11,1992.067,6023.811,9807.951,2014.702,6107.216,9339.81,1978.241,5864.833,9817.174,2030.728,5941.214,9837.654,1981.396,6255.507,9872.579,2020.255,6177.459,9742.667,2016.508,5993.753,9985.874,1968.176,6108.939,9268.152,2008.945,5816.764,9926.062,1966.29,6253.966
10023.93,1975.98,6204.113,9867.743,1966.141,6340.251,9898.202,1955.12,6108.942,9551.025,1951.155,5688.13,9666.074,1976.812,6015.199,9826.365,1992.067,6024.914,9809.482,2014.702,6107.883,9341.455,1978.241,5865.121,9818.375,2030.728,5942.375,9839.166,1981.396,6256.218,9874.193,2020.255,6177.89,9743.865,2016.508,5994.917,9987.545,1968.176,6108.943,9269.82,2008.945,5816.678,9927.529,1966.29,6254.764
10026.35,1975.98,6205.35,9870.358,1966.141,6340.99,9900.919,1955.12,6108.954,9553.186,1951.155,5689.78,9667.875,1976.812,6017.234,9828.462,1992.067,6026.644,9811.938,2014.702,6109.046,9344.146,1978.241,5865.5,9820.391,2030.728,5944.198,9841.589,1981.396,6257.45,9876.801,2020.255,6178.656,9745.867,2016.508,5996.754,9990.261,1968.176,6109.038,9272.537,2008.945,5816.627,9929.956,1966.29,6255.988
10028.39,1975.98,6206.474,9872.576,1966.141,6341.694,9903.244,1955.12,6108.956,9555.058,1951.155,5691.162,9669.366,1976.812,6019.02,9830.302,1992.067,6028.067,9814.009,2014.702,6110.107,9346.449,1978.241,5865.835,9822.151,2030.728,5945.719,9843.681,1981.396,6258.466,9879.017,2020.255,6179.364,9747.625,2016.508,5998.279,9992.582,1968.176,6109.195,9274.863,2008.945,5816.66,9932.064,1966.29,6256.971
10030.39,1975.98,6207.662,9874.769,1966.141,6342.468,9905.567,1955.12,6108.982,9556.972,1951.155,5692.48,9670.914,1976.812,6020.754,9832.184,1992.067,6029.432,9816.043,2014.702,6111.233,9348.743,1978.241,5866.21,9823.959,2030.728,5947.181,9845.79,1981.396,6259.44,9881.213,2020.255,6180.123,9749.33,2016.508,5999.859,9994.896,1968.176,6109.428,9277.186,2008.945,5816.769,9934.2,1966.29,6257.889
10032.34,1975.98,6208.91,9876.931,1966.141,6343.31,9907.886,1955.12,6109.046,9558.925,1951.155,5693.734,9672.515,1976.812,6022.434,9834.104,1992.067,6030.734,9818.037,2014.702,6112.42,9351.044,1978.241,5866.51,9825.715,2030.728,5948.698,9847.916,1981.396,6260.369,9883.388,2020.255,6180.93,9750.899,2016.508,6001.569,9997.195,1968.176,6109.736,9279.499,2008.945,5816.953,9936.358,1966.29,6258.741
10035.78,1975.98,6211.26,9880.758,1966.141,6344.942,9912.04,1955.12,6109.242,9562.498,1951.155,5695.865,9675.632,1976.812,6025.19,9837.62,1992.067,6032.959,9821.544,2014.702,6114.659,9355.186,1978.241,5866.912,9828.951,2030.728,5951.313,9851.764,1981.396,6261.95,9887.257,2020.255,6182.457,9753.811,2016.508,6004.541,10001.3,1968.176,6110.423,9283.659,2008.945,5816.903,9940.272,1966.29,6260.151
10037.25,1975.98,6212.195,9882.336,1966.141,6345.676,9913.777,1955.12,6109.316,9563.95,1951.155,5696.824,9676.922,1976.812,6026.358,9839.118,1992.067,6033.844,9822.98,2014.702,6115.641,9356.922,1978.241,5867.023,9830.34,2030.728,5952.362,9853.388,1981.396,6262.573,9888.862,2020.255,6183.126,9755.068,2016.508,6005.744,10003,1968.176,6110.767,9285.398,2008.945,5816.939,9941.926,1966.29,6260.692
10039.24,1975.98,6213.377,9884.409,1966.141,6346.721,9916.096,1955.12,6109.409,9565.898,1951.155,5698.085,9678.666,1976.812,6027.89,9841.153,1992.067,6034.96,9824.854,2014.702,6117.011,9359.214,1978.241,5867.389,9832.225,2030.728,5953.717,9855.574,1981.396,6263.352,9891.003,2020.255,6184.023,9756.798,2016.508,6007.292,10005.26,1968.176,6111.299,9287.72,2008.945,5816.903,9944.151,1966.29,6261.349
10041.45,1975.98,6214.586,9886.615,1966.141,6347.922,9918.604,1955.12,6109.51,9568.051,1951.155,5699.381,9680.499,1976.812,6029.608,9843.393,1992.067,6036.098,9826.835,2014.702,6118.556,9361.706,1978.241,5867.703,9834.312,2030.728,5955.116,9857.961,1981.396,6264.134,9893.303,2020.255,6185.031,9758.724,2016.508,6008.906,10007.74,1968.176,6111.739,9290.231,2008.945,5816.947,9946.58,1966.29,6261.991
10041.96,1975.98,6214.848,9887.115,1966.141,6348.215,9919.184,1955.12,6109.532,9568.557,1951.155,5699.664,9680.935,1976.812,6029.99,9843.917,1992.067,6036.344,9827.28,2014.702,6118.926,9362.283,1978.241,5867.757,9834.804,2030.728,5955.422,9858.517,1981.396,6264.3,9893.831,2020.255,6185.27,9759.146,2016.508,6009.303,10008.31,1968.176,6111.859,9290.811,2008.945,5816.976,9947.145,1966.29,6262.124
10045,1975.98,6216.264,9889.948,1966.141,6350,9922.527,1955.12,6109.653,9571.368,1951.155,5701.481,9683.313,1976.812,6032.347,9846.991,1992.067,6037.669,9829.786,2014.702,6121.146,9365.625,1978.241,5867.958,9837.628,2030.728,5957.221,9861.749,1981.396,6265.171,9896.926,2020.255,6186.548,9761.658,2016.508,6011.515,10011.56,1968.176,6112.658,9294.158,2008.945,5817.03,9950.423,1966.29,6262.8
10046.44,1975.98,6216.88,9891.301,1966.141,6350.791,9924.093,1955.12,6109.703,9572.711,1951.155,5702.288,9684.461,1976.812,6033.413,9848.434,1992.067,6038.278,9830.926,2014.702,6122.222,9367.191,1978.241,5868.001,9838.972,2030.728,5958.025,9863.249,1981.396,6265.621,9898.392,2020.255,6187.1,9762.867,2016.508,6012.511,10013.07,1968.176,6113.081,9295.718,2008.945,5816.881,9951.965,1966.29,6263.077
10048.84,1975.98,6217.817,9893.572,1966.141,6352.021,9926.674,1955.12,6109.782,9574.968,1951.155,5703.545,9686.41,1976.812,6035.108,9850.82,1992.067,6039.264,9832.748,2014.702,6124.052,9369.767,1978.241,5868.204,9841.225,2030.728,5959.289,9865.698,1981.396,6266.444,9900.838,2020.255,6187.931,9764.913,2016.508,6014.088,10015.57,1968.176,6113.708,9298.286,2008.945,5816.603,9954.491,1966.29,6263.615
10051.33,1975.98,6218.693,9895.931,1966.141,6353.201,9929.309,1955.12,6109.855,9577.313,1951.155,5704.753,9688.456,1976.812,6036.772,9853.265,1992.067,6040.251,9834.55,2014.702,6125.979,9372.401,1978.241,5868.325,9843.56,2030.728,5960.514,9868.225,1981.396,6267.202,9903.361,2020.255,6188.697,9767.054,2016.508,6015.628,10018.15,1968.176,6114.282,9300.916,2008.945,5816.405,9957.083,1966.29,6264.106
10052.97,1975.98,6219.21,9897.49,1966.141,6353.918,9931.023,1955.12,6109.895,9578.707,1951.155,5705.755,9689.822,1976.812,6037.812,9854.837,1992.067,6040.94,9835.761,2014.702,6127.194,9374.117,1978.241,5868.348,9845.102,2030.728,5961.268,9869.884,1981.396,6267.641,9905.02,2020.255,6189.141,9768.479,2016.508,6016.585,10019.83,1968.176,6114.613,9302.631,2008.945,5816.332,9958.758,1966.29,6264.48
10055.19,1975.98,6219.834,9899.62,1966.141,6354.815,9933.332,1955.12,6109.932,9580.619,1951.155,5707.052,9691.693,1976.812,6039.167,9856.926,1992.067,6041.927,9837.441,2014.702,6128.779,9376.427,1978.241,5868.303,9847.205,2030.728,5962.223,9872.062,1981.396,6268.413,9907.23,2020.255,6189.812,9770.438,2016.508,6017.809,10022.1,1968.176,6115.008,9304.941,2008.945,5816.309,9960.995,1966.29,6265.058
10058.14,1975.98,6220.556,9902.45,1966.141,6355.898,9936.361,1955.12,6109.955,9583.181,1951.155,5708.671,9694.204,1976.812,6040.865,9859.628,1992.067,6043.298,9839.71,2014.702,6130.789,9379.424,1978.241,5867.853,9849.998,2030.728,5963.397,9874.949,1981.396,6269.333,9910.1,2020.255,6190.787,9773.027,2016.508,6019.385,10025.1,1968.176,6115.466,9307.938,2008.945,5815.851,9963.903,1966.29,6265.911
10061.83,1975.98,6221.336,9906.019,1966.141,6357.133,9940.136,1955.12,6109.94,9586.383,1951.155,5710.673,9697.084,1976.812,6043.307,9862.944,1992.067,6045.102,9842.611,2014.702,6133.205,9383.196,1978.241,5867.68,9853.52,2030.728,5964.76,9878.508,1981.396,6270.595,9913.721,2020.255,6191.857,9776.045,2016.508,6021.655,10028.84,1968.176,6115.981,9311.681,2008.945,5815.353,9967.49,1966.29,6267.092
10063.51,1975.98,6221.635,9907.65,1966.141,6357.638,9941.843,1955.12,6109.909,9587.86,1951.155,5711.531,9698.422,1976.812,6044.369,9864.421,1992.067,6045.96,9843.957,2014.702,6134.258,9384.899,1978.241,5867.546,9855.13,2030.728,5965.331,9880.136,1981.396,6271.114,9915.379,2020.255,6192.267,9777.443,2016.508,6022.637,10030.53,1968.176,6116.19,9313.381,2008.945,5815.184,9969.095,1966.29,6267.679
10063.97,1975.98,6221.7,9908.093,1966.141,6357.759,9942.302,1955.12,6109.893,9588.265,1951.155,5711.748,9698.763,1976.812,6044.676,9864.812,1992.067,6046.202,9844.327,2014.702,6134.53,9385.358,1978.241,5867.53,9855.566,2030.728,5965.471,9880.575,1981.396,6271.245,9915.826,2020.255,6192.371,9777.827,2016.508,6022.888,10030.99,1968.176,6116.242,9313.839,2008.945,5815.153,9969.521,1966.29,6267.851
10066.75,1975.98,6222.009,9910.819,1966.141,6358.412,9945.101,1955.12,6109.741,9590.776,1951.155,5712.994,9700.907,1976.812,6046.481,9867.152,1992.067,6047.744,9846.635,2014.702,6136.121,9388.155,1978.241,5867.342,9858.259,2030.728,5966.253,9883.234,1981.396,6272.133,9918.562,2020.255,6192.98,9780.222,2016.508,6024.346,10033.78,1968.176,6116.531,9316.584,2008.945,5814.584,9972.085,1966.29,6268.985
10069.69,1975.98,6222.238,9913.71,1966.141,6359.004,9948.041,1955.12,6109.517,9593.2,1951.155,5714.676,9703.226,1976.812,6048.306,9869.668,1992.067,6049.285,9849.111,2014.702,6137.723,9391.093,1978.241,5867.064,9861.063,2030.728,5967.168,9885.906,1981.396,6273.384,9921.444,2020.255,6193.601,9782.791,2016.508,6025.796,10036.71,1968.176,6116.817,9319.447,2008.945,5813.874,9974.785,1966.29,6270.173
10071.63,1975.98,6222.326,9915.597,1966.141,6359.455,9949.972,1955.12,6109.323,9594.83,1951.155,5715.729,9704.789,1976.812,6049.456,9871.354,1992.067,6050.244,9850.771,2014.702,6138.729,9393.018,1978.241,5866.818,9862.888,2030.728,5967.83,9887.689,1981.396,6274.148,9923.341,2020.255,6194.005,9784.346,2016.508,6026.958,10038.64,1968.176,6117,9321.345,2008.945,5813.468,9976.586,1966.29,6270.896
10072.51,1975.98,6222.337,9916.445,1966.141,6359.688,9950.845,1955.12,6109.212,9595.584,1951.155,5716.182,9705.475,1976.812,6050.007,9872.133,1992.067,6050.654,9851.536,2014.702,6139.162,9393.886,1978.241,5866.679,9863.704,2030.728,5968.157,9888.509,1981.396,6274.468,9924.202,2020.255,6194.183,9785.067,2016.508,6027.461,10039.52,1968.176,6117.082,9322.211,2008.945,5813.313,9977.412,1966.29,6271.197
10075.65,1975.98,6222.275,9919.445,1966.141,6360.616,9953.948,1955.12,6108.735,9598.327,1951.155,5717.71,9707.984,1976.812,6051.895,9874.958,1992.067,6052.024,9854.313,2014.702,6140.627,9397.001,1978.241,5866.281,9866.58,2030.728,5969.418,9891.47,1981.396,6275.514,9927.273,2020.255,6194.827,9787.7,2016.508,6029.173,10042.64,1968.176,6117.37,9325.318,2008.945,5812.858,9980.393,1966.29,6272.184
10077.94,1975.98,6222.156,9921.651,1966.141,6361.221,9956.217,1955.12,6108.448,9600.36,1951.155,5718.758,9709.856,1976.812,6053.209,9877.048,1992.067,6052.955,9856.367,2014.702,6141.633,9399.266,1978.241,5865.961,9868.644,2030.728,5970.406,9893.65,1981.396,6276.205,9929.511,2020.255,6195.297,9789.647,2016.508,6030.374,10044.91,1968.176,6117.653,9327.586,2008.945,5812.554,9982.584,1966.29,6272.838
10080.48,1975.98,6221.94,9924.027,1966.141,6362.166,9958.761,1955.12,6108.195,9602.671,1951.155,5719.854,9711.996,1976.812,6054.61,9879.417,1992.067,6053.917,9858.696,2014.702,6142.689,9401.808,1978.241,5865.686,9870.985,2030.728,5971.433,9896.097,1981.396,6276.949,9932.013,2020.255,6195.819,9791.867,2016.508,6031.644,10047.44,1968.176,6118.051,9330.13,2008.945,5812.297,9985.056,1966.29,6273.495
10083.08,1975.98,6221.637,9926.484,1966.141,6363.051,9961.365,1955.12,6108.007,9605.053,1951.155,5720.926,9714.228,1976.812,6055.968,9881.867,1992.067,6054.821,9861.105,2014.702,6143.697,9404.412,1978.241,5865.49,9873.356,2030.728,5972.529,9898.619,1981.396,6277.626,9934.569,2020.255,6196.346,9794.105,2016.508,6032.991,10050,1968.176,6118.542,9332.735,2008.945,5812.117,9987.599,1966.29,6274.09
10084.76,1975.98,6221.385,9928.104,1966.141,6363.576,9963.064,1955.12,6107.93,9606.602,1951.155,5721.631,9715.709,1976.812,6056.804,9883.482,1992.067,6055.358,9862.694,2014.702,6144.307,9406.11,1978.241,5865.386,9874.917,2030.728,5973.207,9900.276,1981.396,6278.014,9936.237,2020.255,6196.679,9795.592,2016.508,6033.82,10051.66,1968.176,6118.914,9334.421,2008.945,5811.881,9989.267,1966.29,6274.428
10087.03,1975.98,6221.12,9930.3,1966.141,6364.208,9965.35,1955.12,6107.893,9608.674,1951.155,5722.594,9717.734,1976.812,6057.863,9885.639,1992.067,6056.116,9864.854,2014.702,6145.056,9408.386,1978.241,5865.172,9877.042,2030.728,5974.048,9902.518,1981.396,6278.461,9938.48,2020.255,6197.112,9797.623,2016.508,6034.868,10053.91,1968.176,6119.341,9336.693,2008.945,5811.638,9991.516,1966.29,6274.833
10090.03,1975.98,6220.868,9933.215,1966.141,6364.945,9968.355,1955.12,6107.936,9611.313,1951.155,5724.037,9720.443,1976.812,6059.167,9888.47,1992.067,6057.127,9867.661,2014.702,6146.132,9411.393,1978.241,5865.215,9879.804,2030.728,5975.238,9905.478,1981.396,6278.991,9941.433,2020.255,6197.676,9800.339,2016.508,6036.158,10056.88,1968.176,6119.807,9339.673,2008.945,5811.231,9994.481,1966.29,6275.318
10091.88,1975.98,6220.773,9935.022,1966.141,6365.34,9970.204,1955.12,6108.017,9612.964,1951.155,5724.871,9722.136,1976.812,6059.915,9890.119,1992.067,6057.966,9869.403,2014.702,6146.755,9413.242,1978.241,5865.181,9881.428,2030.728,5976.125,9907.32,1981.396,6279.154,9943.249,2020.255,6198.02,9802.035,2016.508,6036.896,10058.72,1968.176,6120.033,9341.514,2008.945,5811.042,9996.312,1966.29,6275.586
10093.88,1975.98,6220.735,9936.999,1966.141,6365.704,9972.208,1955.12,6108.165,9614.74,1951.155,5725.81,9723.999,1976.812,6060.666,9891.939,1992.067,6058.817,9871.298,2014.702,6147.425,9415.249,1978.241,5865.078,9883.101,2030.728,5977.238,9909.324,1981.396,6279.301,9945.224,2020.255,6198.384,9803.879,2016.508,6037.695,10060.72,1968.176,6120.213,9343.508,2008.945,5810.792,9998.305,1966.29,6275.839
10097.04,1975.98,6220.777,9940.121,1966.141,6366.174,9975.349,1955.12,6108.49,9617.578,1951.155,5727.193,9726.887,1976.812,6061.942,9894.842,1992.067,6060.061,9874.307,2014.702,6148.381,9418.396,1978.241,5864.813,9885.699,2030.728,5979.031,9912.464,1981.396,6279.634,9948.309,2020.255,6199.057,9806.869,2016.508,6038.709,10063.87,1968.176,6120.394,9346.651,2008.945,5810.502,10001.44,1966.29,6276.177
10097.8,1975.98,6220.812,9940.876,1966.141,6366.263,9976.102,1955.12,6108.59,9618.271,1951.155,5727.503,9727.589,1976.812,6062.234,9895.55,1992.067,6060.337,9875.038,2014.702,6148.588,9419.155,1978.241,5864.808,9886.339,2030.728,5979.442,9913.224,1981.396,6279.638,9949.046,2020.255,6199.243,9807.58,2016.508,6038.977,10064.62,1968.176,6120.489,9347.41,2008.945,5810.458,10002.2,1966.29,6276.244
10101.23,1975.98,6221.08,9944.304,1966.141,6366.551,9979.497,1955.12,6109.14,9621.456,1951.155,5728.805,9730.807,1976.812,6063.451,9898.793,1992.067,6061.483,9878.376,2014.702,6149.418,9422.589,1978.241,5865.014,9889.292,2030.728,5981.206,9916.661,1981.396,6279.769,9952.353,2020.255,6200.191,9810.835,2016.508,6040.088,10068.03,1968.176,6120.987,9350.849,2008.945,5810.367,10005.63,1966.29,6276.48
10103.45,1975.98,6221.325,9946.53,1966.141,6366.666,9981.687,1955.12,6109.558,9623.545,1951.155,5729.584,9732.917,1976.812,6064.171,9900.873,1992.067,6062.286,9880.556,2014.702,6149.887,9424.804,1978.241,5865.275,9891.237,2030.728,5982.295,9918.886,1981.396,6279.927,9954.475,2020.255,6200.874,9812.941,2016.508,6040.82,10070.24,1968.176,6121.237,9353.076,2008.945,5810.258,10007.85,1966.29,6276.705
10105.28,1975.98,6221.589,9948.386,1966.141,6366.7,9983.499,1955.12,6109.957,9625.262,1951.155,5730.29,9734.596,1976.812,6064.962,9902.585,1992.067,6063.003,9882.382,2014.702,6150.218,9426.653,1978.241,5865.433,9892.882,2030.728,5983.156,9920.732,1981.396,6280.119,9956.223,2020.255,6201.499,9814.704,2016.508,6041.401,10072.08,1968.176,6121.506,9354.932,2008.945,5810.228,10009.69,1966.29,6276.951
10108.25,1975.98,6222.115,9951.402,1966.141,6366.658,9986.426,1955.12,6110.688,9628.068,1951.155,5731.394,9737.365,1976.812,6066.158,9905.332,1992.067,6064.249,9885.331,2014.702,6150.853,9429.646,1978.241,5865.806,9895.592,2030.728,5984.479,9923.721,1981.396,6280.528,9959.093,2020.255,6202.427,9817.569,2016.508,6042.344,10075.07,1968.176,6121.87,9357.947,2008.945,5810.277,10012.66,1966.29,6277.447
10111.31,1975.98,6222.758,9954.521,1966.141,6366.512,9989.432,1955.12,6111.526,9631.009,1951.155,5732.441,9740.27,1976.812,6067.301,9908.137,1992.067,6065.619,9888.359,2014.702,6151.609,9432.755,1978.241,5866.091,9898.434,2030.728,5985.768,9926.798,1981.396,6281.053,9962.09,2020.255,6203.299,9820.501,2016.508,6043.416,10078.16,1968.176,6122.348,9361.064,2008.945,5810.431,10015.72,1966.29,6278.058
10112.75,1975.98,6223.111,9956.009,1966.141,6366.491,9990.854,1955.12,6111.966,9632.466,1951.155,5732.746,9741.672,1976.812,6067.801,9909.455,1992.067,6066.31,9889.791,2014.702,6152.017,9434.239,1978.241,5866.205,9899.807,2030.728,5986.343,9928.273,1981.396,6281.255,9963.531,2020.255,6203.673,9821.907,2016.508,6043.903,10079.62,1968.176,6122.624,9362.549,2008.945,5810.553,10017.19,1966.29,6278.302
10113.49,1975.98,6223.317,9956.774,1966.141,6366.505,9991.579,1955.12,6112.211,9633.217,1951.155,5732.895,9742.379,1976.812,6068.095,9910.123,1992.067,6066.684,9890.52,2014.702,6152.25,9435,1978.241,5866.289,9900.521,2030.728,5986.619,9929.027,1981.396,6281.389,9964.277,2020.255,6203.844,9822.622,2016.508,6044.178,10080.37,1968.176,6122.791,9363.313,2008.945,5810.591,10017.95,1966.29,6278.403
10116.38,1975.98,6224.226,9959.802,1966.141,6366.564,9994.418,1955.12,6113.263,9636.166,1951.155,5733.58,9745.032,1976.812,6069.555,9912.722,1992.067,6068.238,9893.371,2014.702,6153.268,9438.02,1978.241,5866.521,9903.375,2030.728,5987.628,9931.954,1981.396,6282.164,9967.246,2020.255,6204.438,9825.412,2016.508,6045.355,10083.3,1968.176,6123.545,9366.331,2008.945,5810.839,10020.96,1966.29,6278.704
10119.48,1975.98,6225.313,9963.086,1966.141,6366.736,9997.469,1955.12,6114.489,9639.343,1951.155,5734.429,9747.842,1976.812,6071.263,9915.495,1992.067,6070.005,9896.431,2014.702,6154.474,9441.288,1978.241,5866.88,9906.506,2030.728,5988.634,9935.159,1981.396,6282.901,9970.485,2020.255,6204.999,9828.398,2016.508,6046.732,10086.46,1968.176,6124.469,9369.604,2008.945,5811.154,10024.25,1966.29,6278.926
10122.34,1975.98,6226.42,9966.141,1966.141,6366.995,10000.28,1955.12,6115.708,9642.356,1951.155,5734.988,9750.512,1976.812,6072.77,9918.131,1992.067,6071.569,9899.245,2014.702,6155.688,9444.332,1978.241,5867.24,9909.415,2030.728,5989.6,9938.167,1981.396,6283.492,9973.487,2020.255,6205.62,9831.139,2016.508,6048.106,10089.37,1968.176,6125.425,9372.645,2008.945,5811.547,10027.31,1966.29,6279.036
10123.26,1975.98,6226.81,9967.13,1966.141,6367.11,10001.19,1955.12,6116.124,9643.334,1951.155,5735.174,9751.395,1976.812,6073.23,9919.003,1992.067,6072.05,9900.146,2014.702,6156.112,9445.3,1978.241,5867.473,9910.35,2030.728,5989.944,9939.149,1981.396,6283.653,9974.455,2020.255,6205.853,9832.043,2016.508,6048.523,10090.32,1968.176,6125.705,9373.596,2008.945,5811.84,10028.3,1966.29,6279.039
10124.63,1975.98,6227.443,9968.622,1966.141,6367.334,10002.54,1955.12,6116.784,9644.813,1951.155,5735.47,9752.754,1976.812,6073.884,9920.347,1992.067,6072.737,9901.491,2014.702,6156.796,9446.799,1978.241,5867.645,9911.771,2030.728,5990.449,9940.646,1981.396,6283.848,9975.91,2020.255,6206.252,9833.36,2016.508,6049.259,10091.76,1968.176,6126.176,9375.052,2008.945,5812.237,10029.81,1966.29,6279
10127.1,1975.98,6228.685,9971.34,1966.141,6367.831,10005,1955.12,6118.051,9647.504,1951.155,5736.101,9755.282,1976.812,6074.999,9922.846,1992.067,6073.916,9903.912,2014.702,6158.127,9449.542,1978.241,5867.976,9914.429,2030.728,5991.208,9943.396,1981.396,6284.118,9978.55,2020.255,6207.07,9835.81,2016.508,6050.537,10094.35,1968.176,6127.124,9377.74,2008.945,5812.875,10032.57,1966.29,6278.973
10130.43,1975.98,6230.229,9974.936,1966.141,6368.608,10008.23,1955.12,6119.811,9651.056,1951.155,5737.057,9758.694,1976.812,6076.373,9926.221,1992.067,6075.38,9907.077,2014.702,6160.001,9453.178,1978.241,5868.535,9917.931,2030.728,5992.333,9947.066,1981.396,6284.358,9982.026,2020.255,6208.271,9839.125,2016.508,6052.131,10097.76,1968.176,6128.498,9381.345,2008.945,5813.608,10036.25,1966.29,6279.058
10130.96,1975.98,6230.454,9975.502,1966.141,6368.711,10008.73,1955.12,6120.087,9651.615,1951.155,5737.189,9759.235,1976.812,6076.57,9926.756,1992.067,6075.592,9907.563,2014.702,6160.311,9453.749,1978.241,5868.604,9918.484,2030.728,5992.491,9947.638,1981.396,6284.43,9982.564,2020.255,6208.476,9839.651,2016.508,6052.364,10098.31,1968.176,6128.695,9381.91,2008.945,5813.717,10036.83,1966.29,6279.09
10134.25,1975.98,6231.718,9978.981,1966.141,6369.229,10011.78,1955.12,6121.834,9655.01,1951.155,5738.113,9762.483,1976.812,6077.92,9930.065,1992.067,6076.785,9910.469,2014.702,6162.293,9457.254,1978.241,5868.903,9921.834,2030.728,5993.566,9951.112,1981.396,6284.979,9985.811,2020.255,6209.831,9842.812,2016.508,6053.91,10101.57,1968.176,6130.009,9385.384,2008.945,5814.274,10040.33,1966.29,6279.401
10136.33,1975.98,6232.588,9981.228,1966.141,6369.487,10013.72,1955.12,6122.998,9657.171,1951.155,5738.778,9764.542,1976.812,6078.855,9932.196,1992.067,6077.541,9912.314,2014.702,6163.597,9459.502,1978.241,5869.144,9924.024,2030.728,5994.125,9953.367,1981.396,6285.141,9987.87,2020.255,6210.763,9844.78,2016.508,6055.021,10103.64,1968.176,6130.921,9387.627,2008.945,5814.558,10042.57,1966.29,6279.675
10137.05,1975.98,6232.862,9981.996,1966.141,6369.551,10014.37,1955.12,6123.408,9657.916,1951.155,5738.978,9765.233,1976.812,6079.197,9932.922,1992.067,6077.802,9912.935,2014.702,6164.055,9460.266,1978.241,5869.251,9924.765,2030.728,5994.341,9954.134,1981.396,6285.221,9988.563,2020.255,6211.102,9845.464,2016.508,6055.378,10104.33,1968.176,6131.255,9388.372,2008.945,5814.756,10043.34,1966.29,6279.793
10140.43,1975.98,6234.017,9985.56,1966.141,6369.727,10017.36,1955.12,6125.365,9661.329,1951.155,5740.017,9768.524,1976.812,6080.576,9936.237,1992.067,6079.122,9915.746,2014.702,6166.25,9463.781,1978.241,5869.862,9928.156,2030.728,5995.448,9957.668,1981.396,6285.709,9991.728,2020.255,6212.748,9848.628,2016.508,6057.027,10107.62,1968.176,6132.653,9391.849,2008.945,5815.559,10046.84,1966.29,6280.456
10142.33,1975.98,6234.598,9987.541,1966.141,6369.889,10019,1955.12,6126.485,9663.251,1951.155,5740.525,9770.418,1976.812,6081.181,9938.06,1992.067,6079.917,9917.277,2014.702,6167.518,9465.728,1978.241,5870.266,9930.063,2030.728,5996.009,9959.637,1981.396,6285.976,9993.516,2020.255,6213.615,9850.415,2016.508,6057.898,10109.42,1968.176,6133.491,9393.779,2008.945,5816.033,10048.78,1966.29,6280.888
10144.83,1975.98,6235.453,9990.165,1966.141,6370.189,10021.15,1955.12,6128.015,9665.835,1951.155,5741.073,9772.906,1976.812,6082.066,9940.444,1992.067,6081.052,9919.26,2014.702,6169.262,9468.335,1978.241,5870.688,9932.571,2030.728,5996.838,9962.254,1981.396,6286.321,9995.923,2020.255,6214.7,9852.826,2016.508,6058.977,10111.78,1968.176,6134.683,9396.363,2008.945,5816.578,10051.34,1966.29,6281.547
10146.73,1975.98,6236.039,9992.134,1966.141,6370.478,10022.75,1955.12,6129.198,9667.767,1951.155,5741.548,9774.775,1976.812,6082.748,9942.212,1992.067,6081.965,9920.712,2014.702,6170.622,9470.321,1978.241,5870.804,9934.489,2030.728,5997.369,9964.227,1981.396,6286.574,9997.759,2020.255,6215.468,9854.668,2016.508,6059.73,10113.56,1968.176,6135.566,9398.322,2008.945,5816.925,10053.23,1966.29,6282.168
10149.87,1975.98,6237.104,9995.394,1966.141,6371.064,10025.37,1955.12,6131.219,9671.036,1951.155,5742.075,9777.848,1976.812,6083.983,9945.229,1992.067,6083.333,9923.057,2014.702,6172.961,9473.619,1978.241,5871.105,9937.65,2030.728,5998.356,9967.512,1981.396,6286.981,10000.85,2020.255,6216.661,9857.772,2016.508,6060.882,10116.74,1968.176,6136.475,9401.601,2008.945,5817.395,10056.35,1966.29,6283.277
10152.27,1975.98,6237.832,9997.847,1966.141,6371.587,10027.37,1955.12,6132.732,9673.498,1951.155,5742.554,9780.204,1976.812,6084.843,9947.479,1992.067,6084.442,9924.775,2014.702,6174.789,9476.108,1978.241,5871.415,9939.977,2030.728,5999.295,9970.002,1981.396,6287.277,10003.21,2020.255,6217.501,9860.151,2016.508,6061.678,10119.13,1968.176,6137.241,9404.094,2008.945,5817.67,10058.74,1966.29,6284.047
10152.83,1975.98,6237.982,9998.417,1966.141,6371.689,10027.84,1955.12,6133.068,9674.071,1951.155,5742.635,9780.755,1976.812,6085.023,9948.006,1992.067,6084.682,9925.158,2014.702,6175.223,9476.686,1978.241,5871.467,9940.521,2030.728,5999.494,9970.575,1981.396,6287.362,10003.76,2020.255,6217.681,9860.707,2016.508,6061.843,10119.69,1968.176,6137.4,9404.672,2008.945,5817.714,10059.3,1966.29,6284.207
10155.37,1975.98,6238.575,10000.98,1966.141,6372.173,10029.97,1955.12,6134.573,9676.643,1951.155,5743.083,9783.26,1976.812,6085.755,9950.419,1992.067,6085.677,9926.82,2014.702,6177.235,9479.291,1978.241,5871.619,9943,2030.728,6000.311,9973.145,1981.396,6287.82,10006.26,2020.255,6218.422,9863.213,2016.508,6062.575,10122.17,1968.176,6138.198,9407.267,2008.945,5818,10061.83,1966.29,6284.843
10157.64,1975.98,6239.056,10003.28,1966.141,6372.529,10031.88,1955.12,6135.902,9678.916,1951.155,5743.556,9785.509,1976.812,6086.333,9952.535,1992.067,6086.633,9928.24,2014.702,6179.072,9481.604,1978.241,5871.83,9945.229,2030.728,6000.965,9975.418,1981.396,6288.294,10008.51,2020.255,6219.023,9865.462,2016.508,6063.152,10124.4,1968.176,6138.846,9409.582,2008.945,5818.179,10064.1,1966.29,6285.335
10159.93,1975.98,6239.462,10005.57,1966.141,6372.867,10033.79,1955.12,6137.221,9681.173,1951.155,5744.103,9787.775,1976.812,6086.837,9954.709,1992.067,6087.448,9929.6,2014.702,6180.954,9483.922,1978.241,5871.965,9947.441,2030.728,6001.667,9977.675,1981.396,6288.839,10010.76,2020.255,6219.566,9867.678,2016.508,6063.846,10126.65,1968.176,6139.421,9411.896,2008.945,5818.359,10066.38,1966.29,6285.766
10164.97,1975.98,6240.19,10010.59,1966.141,6373.771,10038.07,1955.12,6139.98,9686.086,1951.155,5745.465,9792.786,1976.812,6087.781,9959.423,1992.067,6089.392,9932.72,2014.702,6184.987,9489.021,1978.241,5871.904,9952.162,2030.728,6003.595,9982.623,1981.396,6290.057,10015.75,2020.255,6220.613,9872.59,2016.508,6065.213,10131.55,1968.176,6140.845,9416.91,2008.945,5819.286,10071.31,1966.29,6287.07
10166.82,1975.98,6240.451,10012.41,1966.141,6374.16,10039.67,1955.12,6140.937,9687.783,1951.155,5746.234,9794.628,1976.812,6088.065,9961.157,1992.067,6090.074,9933.907,2014.702,6186.424,9490.884,1978.241,5871.942,9953.91,2030.728,6004.242,9984.43,1981.396,6290.511,10017.59,2020.255,6220.942,9874.4,2016.508,6065.653,10133.36,1968.176,6141.307,9418.753,2008.945,5819.565,10073.12,1966.29,6287.487
10168.63,1975.98,6240.666,10014.18,1966.141,6374.597,10041.27,1955.12,6141.821,9689.464,1951.155,5746.941,9796.419,1976.812,6088.403,9962.831,1992.067,6090.795,9935.111,2014.702,6187.792,9492.704,1978.241,5872.04,9955.639,2030.728,6004.819,9986.194,1981.396,6290.964,10019.39,2020.255,6221.212,9876.202,2016.508,6065.93,10135.11,1968.176,6141.815,9420.552,2008.945,5819.856,10074.91,1966.29,6287.837
10169.2,1975.98,6240.752,10014.74,1966.141,6374.754,10041.78,1955.12,6142.085,9689.993,1951.155,5747.177,9796.991,1976.812,6088.491,9963.355,1992.067,6091.042,9935.508,2014.702,6188.215,9493.281,1978.241,5872.089,9956.194,2030.728,6004.985,9986.754,1981.396,6291.111,10019.96,2020.255,6221.282,9876.771,2016.508,6066.037,10135.66,1968.176,6141.995,9421.126,2008.945,5819.93,10075.49,1966.29,6287.93
10173.21,1975.98,6241.496,10018.63,1966.141,6375.984,10045.47,1955.12,6143.826,9693.752,1951.155,5748.759,9801.046,1976.812,6088.924,9966.958,1992.067,6092.954,9938.386,2014.702,6191.103,9497.33,1978.241,5872.573,9960.214,2030.728,6005.67,9990.689,1981.396,6292.171,10024.03,2020.255,6221.652,9880.753,2016.508,6066.919,10139.57,1968.176,6143.134,9425.155,2008.945,5820.555,10079.49,1966.29,6288.713
10173.78,1975.98,6241.621,10019.18,1966.141,6376.177,10046,1955.12,6144.057,9694.295,1951.155,5748.966,9801.621,1976.812,6089.004,9967.48,1992.067,6093.209,9938.809,2014.702,6191.502,9497.904,1978.241,5872.661,9960.783,2030.728,6005.786,9991.249,1981.396,6292.326,10024.61,2020.255,6221.688,9881.316,2016.508,6067.063,10140.13,1968.176,6143.314,9425.728,2008.945,5820.656,10080.07,1966.29,6288.762
10176.88,1975.98,6242.195,10022.11,1966.141,6377.318,10048.93,1955.12,6145.212,9697.273,1951.155,5749.996,9804.726,1976.812,6089.543,9970.224,1992.067,6094.76,9941.163,2014.702,6193.596,9501.029,1978.241,5873.07,9963.849,2030.728,6006.518,9994.278,1981.396,6293.188,10027.75,2020.255,6221.792,9884.342,2016.508,6067.944,10142.97,1968.176,6144.672,9428.769,2008.945,5821.482,10083.2,1966.29,6289.13
10177.64,1975.98,6242.323,10022.83,1966.141,6377.622,10049.67,1955.12,6145.473,9697.99,1951.155,5750.292,9805.485,1976.812,6089.701,9970.911,1992.067,6095.12,9941.758,2014.702,6194.094,9501.795,1978.241,5873.196,9964.597,2030.728,6006.722,9995.022,1981.396,6293.407,10028.53,2020.255,6221.795,9885.079,2016.508,6068.186,10143.68,1968.176,6144.983,9429.523,2008.945,5821.661,10083.96,1966.29,6289.246
10181.17,1975.98,6243.01,10026.09,1966.141,6379.136,10053.01,1955.12,6146.808,9701.358,1951.155,5751.561,9808.983,1976.812,6090.546,9974.152,1992.067,6096.683,9944.58,2014.702,6196.326,9505.348,1978.241,5873.767,9968.035,2030.728,6007.785,9998.465,1981.396,6294.451,10032.13,2020.255,6221.707,9888.285,2016.508,6069.821,10147.02,1968.176,6146.317,9433.051,2008.945,5822.375,10087.5,1966.29,6289.899
10182.87,1975.98,6243.397,10027.69,1966.141,6379.814,10054.64,1955.12,6147.398,9703.002,1951.155,5752.119,9810.656,1976.812,6091.009,9975.662,1992.067,6097.539,9945.973,2014.702,6197.362,9507.063,1978.241,5874.031,9969.676,2030.728,6008.351,10000.11,1981.396,6295.003,10033.86,2020.255,6221.615,9889.856,2016.508,6070.559,10148.65,1968.176,6146.908,9434.735,2008.945,5822.795,10089.2,1966.29,6290.27
10185.19,1975.98,6243.633,10029.87,1966.141,6380.655,10056.86,1955.12,6148.12,9705.234,1951.155,5752.797,9812.884,1976.812,6091.705,9977.729,1992.067,6098.622,9947.882,2014.702,6198.702,9509.356,1978.241,5874.461,9971.855,2030.728,6009.185,10002.3,1981.396,6295.811,10036.19,2020.255,6221.423,9892,2016.508,6071.481,10150.87,1968.176,6147.629,9437,2008.945,5823.355,10091.46,1966.29,6290.842
10187.5,1975.98,6243.945,10032.07,1966.141,6381.425,10059.09,1955.12,6148.812,9707.391,1951.155,5753.692,9815.183,1976.812,6092.115,9979.83,1992.067,6099.638,9949.828,2014.702,6199.991,9511.651,1978.241,5874.889,9974.008,2030.728,6010.089,10004.51,1981.396,6296.548,10038.52,2020.255,6221.308,9894.155,2016.508,6072.379,10153.12,1968.176,6148.278,9439.283,2008.945,5823.841,10093.7,1966.29,6291.489
10190.72,1975.98,6244.488,10035.19,1966.141,6382.401,10062.24,1955.12,6149.677,9710.446,1951.155,5754.846,9818.378,1976.812,6092.792,9982.815,1992.067,6100.963,9952.596,2014.702,6201.724,9514.866,1978.241,5875.466,9976.796,2030.728,6011.791,10007.64,1981.396,6297.482,10041.78,2020.255,6221.254,9897.21,2016.508,6073.536,10156.19,1968.176,6149.377,9442.458,2008.945,5824.607,10096.81,1966.29,6292.497
10193.01,1975.98,6244.951,10037.44,1966.141,6383.025,10064.47,1955.12,6150.359,9712.655,1951.155,5755.599,9820.645,1976.812,6093.352,9984.979,1992.067,6101.839,9954.603,2014.702,6202.915,9517.149,1978.241,5875.953,9978.827,2030.728,6012.94,10009.9,1981.396,6298.079,10044.12,2020.255,6221.292,9899.414,2016.508,6074.304,10158.42,1968.176,6150.09,9444.744,2008.945,5825.08,10099,1966.29,6293.289
10194.04,1975.98,6245.078,10038.45,1966.141,6383.27,10065.47,1955.12,6150.629,9713.648,1951.155,5755.901,9821.646,1976.812,6093.625,9985.953,1992.067,6102.197,9955.508,2014.702,6203.421,9518.171,1978.241,5876.136,9979.746,2030.728,6013.422,10010.91,1981.396,6298.312,10045.15,2020.255,6221.342,9900.33,2016.508,6074.792,10159.41,1968.176,6150.375,9445.727,2008.945,5825.415,10099.97,1966.29,6293.672
10197.63,1975.98,6245.639,10042,1966.141,6384.009,10068.88,1955.12,6151.881,9717.155,1951.155,5756.844,9825.116,1976.812,6094.693,9989.319,1992.067,6103.558,9958.727,2014.702,6205.1,9521.756,1978.241,5876.711,9983.017,2030.728,6015,10014.47,1981.396,6299.021,10048.77,2020.255,6221.638,9903.451,2016.508,6076.648,10162.94,1968.176,6151.255,9449.2,2008.945,5826.473,10103.3,1966.29,6295.125
10199.9,1975.98,6245.863,10044.28,1966.141,6384.135,10071.05,1955.12,6152.598,9719.38,1951.155,5757.365,9827.282,1976.812,6095.416,9991.408,1992.067,6104.482,9960.781,2014.702,6206.097,9523.998,1978.241,5877.147,9985.105,2030.728,6015.925,10016.73,1981.396,6299.398,10051.04,2020.255,6221.898,9905.444,2016.508,6077.764,10165.17,1968.176,6151.736,9451.406,2008.945,5827.067,10105.42,1966.29,6295.97
10200.67,1975.98,6245.964,10045.06,1966.141,6384.125,10071.79,1955.12,6152.817,9720.114,1951.155,5757.618,9828.013,1976.812,6095.679,9992.108,1992.067,6104.817,9961.489,2014.702,6206.415,9524.765,1978.241,5877.27,9985.816,2030.728,6016.236,10017.5,1981.396,6299.502,10051.81,2020.255,6222.01,9906.132,2016.508,6078.125,10165.93,1968.176,6151.875,9452.162,2008.945,5827.244,10106.15,1966.29,6296.234
10204.27,1975.98,6246.206,10048.67,1966.141,6384.2,10075.29,1955.12,6153.723,9723.563,1951.155,5758.68,9831.376,1976.812,6096.982,9995.312,1992.067,6106.479,9964.82,2014.702,6207.8,9528.307,1978.241,5877.958,9989.263,2030.728,6017.305,10021.06,1981.396,6300.068,10055.36,2020.255,6222.647,9909.368,2016.508,6079.719,10169.45,1968.176,6152.661,9455.7,2008.945,5827.952,10109.58,1966.29,6297.356
10206,1975.98,6246.378,10050.4,1966.141,6384.292,10076.98,1955.12,6154.106,9725.24,1951.155,5759.137,9832.98,1976.812,6097.649,9996.831,1992.067,6107.323,9966.443,2014.702,6208.423,9529.977,1978.241,5878.44,9990.931,2030.728,6017.796,10022.78,1981.396,6300.29,10057.06,2020.255,6223.01,9910.946,2016.508,6080.447,10171.16,1968.176,6152.984,9457.387,2008.945,5828.374,10111.25,1966.29,6297.849
10208.32,1975.98,6246.685,10052.73,1966.141,6384.49,10079.24,1955.12,6154.697,9727.514,1951.155,5759.677,9835.114,1976.812,6098.599,9998.909,1992.067,6108.39,9968.601,2014.702,6209.318,9532.241,1978.241,5879.014,9993.149,2030.728,6018.529,10025.11,1981.396,6300.52,10059.33,2020.255,6223.572,9913.092,2016.508,6081.371,10173.47,1968.176,6153.344,9459.634,2008.945,5829.015,10113.5,1966.29,6298.446
10210.62,1975.98,6247.066,10055.05,1966.141,6384.762,10081.52,1955.12,6155.214,9729.801,1951.155,5760.142,9837.222,1976.812,6099.601,10001.02,1992.067,6109.387,9970.732,2014.702,6210.267,9534.521,1978.241,5879.512,9995.413,2030.728,6019.097,10027.44,1981.396,6300.679,10061.61,2020.255,6224.059,9915.257,2016.508,6082.241,10175.74,1968.176,6153.877,9461.897,2008.945,5829.581,10115.78,1966.29,6298.979
10212.95,1975.98,6247.529,10057.4,1966.141,6385.115,10083.81,1955.12,6155.816,9732.142,1951.155,5760.538,9839.339,1976.812,6100.675,10003.2,1992.067,6110.33,9972.882,2014.702,6211.273,9536.783,1978.241,5880.23,9997.695,2030.728,6019.75,10029.81,1981.396,6300.77,10063.92,2020.255,6224.614,9917.48,2016.508,6083.071,10178.04,1968.176,6154.461,9464.18,2008.945,5830.236,10118.1,1966.29,6299.459
10216.1,1975.98,6248.261,10060.61,1966.141,6385.491,10086.97,1955.12,6156.534,9735.345,1951.155,5760.974,9842.183,1976.812,6102.21,10006.1,1992.067,6111.746,9975.797,2014.702,6212.666,9539.895,1978.241,5881.107,10000.8,2030.728,6020.634,10033.04,1981.396,6300.924,10067.09,2020.255,6225.267,9920.534,2016.508,6084.127,10181.2,1968.176,6155.154,9467.289,2008.945,5831.121,10121.28,1966.29,6300.031
10218.31,1975.98,6248.849,10062.88,1966.141,6385.682,10089.13,1955.12,6157.263,9737.627,1951.155,5761.101,9844.164,1976.812,6103.349,10008.19,1992.067,6112.679,9977.857,2014.702,6213.654,9542.047,1978.241,5881.876,10003.02,2030.728,6021.186,10035.32,1981.396,6301.057,10069.34,2020.255,6225.654,9922.711,2016.508,6084.823,10183.45,1968.176,6155.57,9469.507,2008.945,5831.674,10123.54,1966.29,6300.381
10219.06,1975.98,6249.027,10063.66,1966.141,6385.722,10089.88,1955.12,6157.487,9738.401,1951.155,5761.17,9844.827,1976.812,6103.754,10008.91,1992.067,6112.973,9978.568,2014.702,6213.969,9542.787,1978.241,5882.113,10003.78,2030.728,6021.349,10036.09,1981.396,6301.111,10070.11,2020.255,6225.761,9923.457,2016.508,6085.042,10184.22,1968.176,6155.686,9470.267,2008.945,5831.837,10124.31,1966.29,6300.483
10222.87,1975.98,6250.051,10067.6,1966.141,6385.794,10093.69,1955.12,6158.498,9742.314,1951.155,5761.646,9848.258,1976.812,6105.696,10012.61,1992.067,6114.343,9982.164,2014.702,6215.581,9546.578,1978.241,5883.194,10007.71,2030.728,6021.654,10040.02,1981.396,6301.439,10074,2020.255,6226.43,9927.341,2016.508,6085.72,10188.15,1968.176,6155.941,9474.092,2008.945,5832.792,10128.23,1966.29,6300.919
10224.96,1975.98,6250.541,10069.75,1966.141,6385.763,10095.78,1955.12,6158.981,9744.45,1951.155,5761.906,9850.163,1976.812,6106.694,10014.63,1992.067,6115.059,9984.151,2014.702,6216.402,9548.665,1978.241,5883.715,10009.85,2030.728,6021.891,10042.16,1981.396,6301.651,10076.13,2020.255,6226.726,9929.446,2016.508,6086.16,10190.29,1968.176,6156.151,9476.188,2008.945,5833.277,10130.37,1966.29,6301.118
10226.59,1975.98,6250.866,10071.41,1966.141,6385.792,10097.41,1955.12,6159.301,9746.087,1951.155,5762.159,9851.654,1976.812,6107.415,10016.2,1992.067,6115.593,9985.699,2014.702,6216.989,9550.284,1978.241,5884.064,10011.5,2030.728,6022.019,10043.81,1981.396,6301.764,10077.77,2020.255,6226.899,9931.077,2016.508,6086.445,10191.94,1968.176,6156.258,9477.813,2008.945,5833.598,10132.02,1966.29,6301.244
10230.26,1975.98,6251.475,10075.12,1966.141,6385.978,10101.08,1955.12,6159.898,9749.691,1951.155,5763.083,9855.056,1976.812,6108.922,10019.72,1992.067,6116.794,9989.214,2014.702,6218.21,9553.92,1978.241,5884.854,10015.2,2030.728,6022.428,10047.53,1981.396,6301.906,10081.46,2020.255,6227.411,9934.72,2016.508,6087.205,10195.66,1968.176,6156.026,9481.484,2008.945,5834.199,10135.73,1966.29,6301.475
10230.84,1975.98,6251.551,10075.7,1966.141,6386.026,10101.66,1955.12,6159.992,9750.259,1951.155,5763.209,9855.595,1976.812,6109.14,10020.27,1992.067,6116.989,9989.769,2014.702,6218.383,9554.492,1978.241,5884.959,10015.78,2030.728,6022.473,10048.11,1981.396,6301.91,10082.03,2020.255,6227.506,9935.292,2016.508,6087.305,10196.23,1968.176,6155.955,9482.061,2008.945,5834.274,10136.31,1966.29,6301.504
10234.38,1975.98,6251.903,10079.24,1966.141,6386.432,10105.12,1955.12,6160.815,9753.748,1951.155,5763.902,9858.935,1976.812,6110.365,10023.59,1992.067,6118.273,9993.198,2014.702,6219.33,9558.011,1978.241,5885.486,10019.32,2030.728,6022.864,10051.67,1981.396,6301.828,10085.56,2020.255,6227.977,9938.836,2016.508,6087.623,10199.78,1968.176,6155.635,9485.571,2008.945,5834.849,10139.86,1966.29,6301.646
10236.68,1975.98,6252.056,10081.54,1966.141,6386.62,10107.38,1955.12,6161.276,9756.001,1951.155,5764.393,9861.124,1976.812,6111.088,10025.77,1992.067,6119.035,9995.439,2014.702,6219.87,9560.199,1978.241,5886.212,10021.61,2030.728,6023.143,10053.97,1981.396,6301.765,10087.85,2020.255,6228.207,9941.125,2016.508,6087.903,10202.08,1968.176,6155.503,9487.857,2008.945,5835.147,10142.17,1966.29,6301.732
10238.23,1975.98,6252.108,10083.09,1966.141,6386.696,10108.91,1955.12,6161.537,9757.532,1951.155,5764.674,9862.617,1976.812,6111.528,10027.25,1992.067,6119.5,9996.964,2014.702,6220.186,9561.692,1978.241,5886.654,10023.16,2030.728,6023.225,10055.53,1981.396,6301.771,10089.4,2020.255,6228.316,9942.678,2016.508,6088.01,10203.64,1968.176,6155.464,9489.394,2008.945,5835.398,10143.72,1966.29,6301.779
10240.43,1975.98,6252.11,10085.29,1966.141,6386.731,10111.09,1955.12,6161.834,9759.71,1951.155,5765,9864.748,1976.812,6112.08,10029.37,1992.067,6120.09,9999.134,2014.702,6220.561,9563.823,1978.241,5887.209,10025.36,2030.728,6023.386,10057.73,1981.396,6301.848,10091.6,2020.255,6228.408,9944.868,2016.508,6088.233,10205.84,1968.176,6155.482,9491.583,2008.945,5835.635,10145.92,1966.29,6301.833
10242.76,1975.98,6252.216,10087.62,1966.141,6386.693,10113.41,1955.12,6162.073,9761.961,1951.155,5765.61,9867.024,1976.812,6112.591,10031.64,1992.067,6120.641,10001.44,2014.702,6220.883,9566.09,1978.241,5887.759,10027.69,2030.728,6023.418,10060.05,1981.396,6302.002,10093.94,2020.255,6228.437,9947.2,2016.508,6088.257,10208.17,1968.176,6155.578,9493.893,2008.945,5835.961,10148.25,1966.29,6301.88
10245.09,1975.98,6252.323,10089.95,1966.141,6386.73,10115.73,1955.12,6162.325,9764.23,1951.155,5766.146,9869.314,1976.812,6113.026,10033.92,1992.067,6121.117,10003.76,2014.702,6221.181,9568.372,1978.241,5888.235,10030.02,2030.728,6023.362,10062.37,1981.396,6302.23,10096.27,2020.255,6228.398,9949.531,2016.508,6088.222,10210.5,1968.176,6155.597,9496.189,2008.945,5836.362,10150.58,1966.29,6301.917
10248.17,1975.98,6252.363,10093.01,1966.141,6387.013,10118.79,1955.12,6162.556,9767.241,1951.155,5766.754,9872.35,1976.812,6113.501,10036.95,1992.067,6121.646,10006.81,2014.702,6221.474,9571.398,1978.241,5888.763,10033.08,2030.728,6023.116,10065.42,1981.396,6302.581,10099.34,2020.255,6228.448,9952.603,2016.508,6088.277,10213.57,1968.176,6155.537,9499.231,2008.945,5836.792,10153.65,1966.29,6301.954
10251.34,1975.98,6252.301,10096.18,1966.141,6387.201,10121.97,1955.12,6162.691,9770.342,1951.155,5767.428,9875.499,1976.812,6113.89,10040.09,1992.067,6122.089,10009.98,2014.702,6221.673,9574.534,1978.241,5889.248,10036.25,2030.728,6022.965,10068.57,1981.396,6303.002,10102.51,2020.255,6228.396,9955.775,2016.508,6088.229,10216.74,1968.176,6155.372,9502.387,2008.945,5837.132,10156.83,1966.29,6301.981
10253.95,1975.98,6252.165,10098.79,1966.141,6387.439,10124.58,1955.12,6162.717,9772.917,1951.155,5767.9,9878.106,1976.812,6114.125,10042.69,1992.067,6122.37,10012.6,2014.702,6221.798,9577.133,1978.241,5889.563,10038.87,2030.728,6022.918,10071.17,1981.396,6303.272,10105.13,2020.255,6228.415,9958.393,2016.508,6088.276,10219.35,1968.176,6155.15,9504.993,2008.945,5837.377,10159.44,1966.29,6302.005
10256.22,1975.98,6251.971,10101.05,1966.141,6387.72,10126.86,1955.12,6162.896,9775.17,1951.155,5768.238,9880.381,1976.812,6114.254,10044.96,1992.067,6122.541,10014.86,2014.702,6222.098,9579.396,1978.241,5889.829,10041.14,2030.728,6022.803,10073.44,1981.396,6303.439,10107.41,2020.255,6228.356,9960.671,2016.508,6088.242,10221.62,1968.176,6154.926,9507.238,2008.945,5837.765,10161.72,1966.29,6302.016
10256.8,1975.98,6251.902,10101.63,1966.141,6387.811,10127.44,1955.12,6162.923,9775.748,1951.155,5768.322,9880.965,1976.812,6114.269,10045.55,1992.067,6122.565,10015.44,2014.702,6222.156,9579.975,1978.241,5889.907,10041.73,2030.728,6022.754,10074.03,1981.396,6303.465,10107.99,2020.255,6228.322,9961.255,2016.508,6088.214,10222.19,1968.176,6154.849,9507.817,2008.945,5837.846,10162.31,1966.29,6302.016
10259.09,1975.98,6251.555,10103.92,1966.141,6388.095,10129.75,1955.12,6162.954,9778.049,1951.155,5768.581,9883.279,1976.812,6114.249,10047.86,1992.067,6122.586,10017.75,2014.702,6222.31,9582.278,1978.241,5890.139,10044.03,2030.728,6022.486,10076.34,1981.396,6303.589,10110.3,2020.255,6228.14,9963.563,2016.508,6088.028,10224.48,1968.176,6154.471,9510.068,2008.945,5838.388,10164.62,1966.29,6302.01
10262.13,1975.98,6251.407,10106.96,1966.141,6388.37,10132.8,1955.12,6162.895,9781.054,1951.155,5769.09,9886.324,1976.812,6114.124,10050.9,1992.067,6122.78,10020.79,2014.702,6222.413,9585.299,1978.241,5890.543,10047.08,2030.728,6022.459,10079.38,1981.396,6303.792,10113.3,2020.255,6227.61,9966.591,2016.508,6087.685,10227.47,1968.176,6153.875,9513.054,2008.945,5839.004,10167.67,1966.29,6301.994
10263.79,1975.98,6251.272,10108.61,1966.141,6388.465,10134.46,1955.12,6162.809,9782.695,1951.155,5769.313,9887.977,1976.812,6114.002,10052.56,1992.067,6122.875,10022.45,2014.702,6222.414,9586.934,1978.241,5890.817,10048.73,2030.728,6022.517,10081.03,1981.396,6303.927,10114.94,2020.255,6227.375,9968.237,2016.508,6087.5,10229.1,1968.176,6153.601,9514.661,2008.945,5839.408,10169.32,1966.29,6301.98
10267.49,1975.98,6250.948,10112.32,1966.141,6388.703,10138.16,1955.12,6162.494,9786.369,1951.155,5769.885,9891.684,1976.812,6113.717,10056.28,1992.067,6122.967,10026.17,2014.702,6222.296,9590.578,1978.241,5891.55,10052.45,2030.728,6022.526,10084.73,1981.396,6304.292,10118.64,2020.255,6226.969,9971.943,2016.508,6087.207,10232.72,1968.176,6152.759,9518.191,2008.945,5840.574,10173.04,1966.29,6301.939
10268.07,1975.98,6250.878,10112.91,1966.141,6388.721,10138.74,1955.12,6162.474,9786.948,1951.155,5769.956,9892.263,1976.812,6113.654,10056.86,1992.067,6122.963,10026.75,2014.702,6222.258,9591.146,1978.241,5891.684,10053.03,2030.728,6022.509,10085.31,1981.396,6304.36,10119.22,2020.255,6226.925,9972.523,2016.508,6087.146,10233.3,1968.176,6152.646,9518.751,2008.945,5840.739,10173.62,1966.29,6301.931
10270.96,1975.98,6250.626,10115.8,1966.141,6388.553,10141.64,1955.12,6162.461,9789.836,1951.155,5770.214,9895.133,1976.812,6113.243,10059.74,1992.067,6123.283,10029.61,2014.702,6221.789,9593.944,1978.241,5892.44,10055.93,2030.728,6022.326,10088.18,1981.396,6304.76,10122.11,2020.255,6226.797,9975.415,2016.508,6086.94,10236.16,1968.176,6152.176,9521.558,2008.945,5841.466,10176.52,1966.29,6301.883
10273.61,1975.98,6250.472,10118.46,1966.141,6388.485,10144.3,1955.12,6162.661,9792.479,1951.155,5770.512,9897.777,1976.812,6112.953,10062.39,1992.067,6123.492,10032.25,2014.702,6221.444,9596.435,1978.241,5893.376,10058.58,2030.728,6022.24,10090.82,1981.396,6305.05,10124.77,2020.255,6226.716,9978.073,2016.508,6086.837,10238.79,1968.176,6151.831,9524.065,2008.945,5842.354,10179.18,1966.29,6301.831
10275.35,1975.98,6250.441,10120.2,1966.141,6388.496,10146.04,1955.12,6162.734,9794.215,1951.155,5770.651,9899.514,1976.812,6112.819,10064.13,1992.067,6123.574,10033.97,2014.702,6221.208,9597.98,1978.241,5894.178,10060.33,2030.728,6022.236,10092.56,1981.396,6305.188,10126.51,2020.255,6226.72,9979.813,2016.508,6086.777,10240.53,1968.176,6151.661,9525.725,2008.945,5842.88,10180.92,1966.29,6301.792
10277.69,1975.98,6250.422,10122.53,1966.141,6388.586,10148.37,1955.12,6162.841,9796.536,1951.155,5770.893,9901.846,1976.812,6112.717,10066.46,1992.067,6123.611,10036.29,2014.702,6220.969,9600.087,1978.241,5895.184,10062.66,2030.728,6022.301,10094.89,1981.396,6305.302,10128.85,2020.255,6226.741,9982.147,2016.508,6086.773,10242.86,1968.176,6151.51,9527.925,2008.945,5843.659,10183.25,1966.29,6301.731
10280.76,1975.98,6250.296,10125.6,1966.141,6388.805,10151.45,1955.12,6162.88,9799.606,1951.155,5771.112,9904.913,1976.812,6112.98,10069.54,1992.067,6123.563,10039.35,2014.702,6220.602,9602.906,1978.241,5896.42,10065.73,2030.728,6022.48,10097.97,1981.396,6305.36,10131.92,2020.255,6226.668,9985.224,2016.508,6086.667,10245.93,1968.176,6151.412,9530.792,2008.945,5844.78,10186.32,1966.29,6301.644
10283.94,1975.98,6250.198,10128.77,1966.141,6389.132,10154.62,1955.12,6163.141,9802.781,1951.155,5771.331,9908.091,1976.812,6113.149,10072.72,1992.067,6123.415,10042.52,2014.702,6220.322,9605.861,1978.241,5897.602,10068.9,2030.728,6022.758,10101.15,1981.396,6305.323,10135.1,2020.255,6226.489,9988.406,2016.508,6086.662,10249.11,1968.176,6151.206,9533.761,2008.945,5845.925,10189.5,1966.29,6301.548
10285.46,1975.98,6250.102,10130.27,1966.141,6389.336,10156.13,1955.12,6163.215,9804.29,1951.155,5771.472,9909.605,1976.812,6113.18,10074.23,1992.067,6123.227,10044.03,2014.702,6220.234,9607.286,1978.241,5898.118,10070.42,2030.728,6022.841,10102.66,1981.396,6305.259,10136.61,2020.255,6226.354,9989.921,2016.508,6086.698,10250.62,1968.176,6151.102,9535.191,2008.945,5846.424,10191.02,1966.29,6301.499
10286.16,1975.98,6250.034,10130.97,1966.141,6389.455,10156.84,1955.12,6163.227,9804.999,1951.155,5771.517,9910.315,1976.812,6113.171,10074.93,1992.067,6123.162,10044.74,2014.702,6220.209,9607.962,1978.241,5898.338,10071.13,2030.728,6022.857,10103.37,1981.396,6305.208,10137.32,2020.255,6226.268,9990.631,2016.508,6086.692,10251.33,1968.176,6151.03,9535.869,2008.945,5846.636,10191.73,1966.29,6301.474
10289.36,1975.98,6249.771,10134.11,1966.141,6390.089,10160.04,1955.12,6163.174,9808.199,1951.155,5771.668,9913.516,1976.812,6113.026,10078.13,1992.067,6122.974,10047.95,2014.702,6220.189,9611.039,1978.241,5899.23,10074.33,2030.728,6022.823,10106.55,1981.396,6304.875,10140.51,2020.255,6225.982,9993.834,2016.508,6086.7,10254.52,1968.176,6150.779,9538.956,2008.945,5847.491,10194.93,1966.29,6301.359
10291.69,1975.98,6249.652,10136.42,1966.141,6390.478,10162.38,1955.12,6163.06,9810.539,1951.155,5771.702,9915.849,1976.812,6112.844,10080.47,1992.067,6122.914,10050.29,2014.702,6220.24,9613.251,1978.241,5899.994,10076.66,2030.728,6022.992,10108.88,1981.396,6304.605,10142.83,2020.255,6225.708,9996.173,2016.508,6086.629,10256.86,1968.176,6150.733,9541.179,2008.945,5848.224,10197.26,1966.29,6301.274
10293.76,1975.98,6249.611,10138.47,1966.141,6390.754,10164.44,1955.12,6162.891,9812.597,1951.155,5771.912,9917.904,1976.812,6112.616,10082.52,1992.067,6123.197,10052.35,2014.702,6220.218,9615.227,1978.241,5900.604,10078.73,2030.728,6023.075,10110.93,1981.396,6304.339,10144.85,2020.255,6225.245,9998.239,2016.508,6086.558,10258.93,1968.176,6150.667,9543.163,2008.945,5848.807,10199.33,1966.29,6301.198
10297.31,1975.98,6249.655,10142,1966.141,6391.114,10167.99,1955.12,6162.634,9816.14,1951.155,5772.158,9921.444,1976.812,6112.34,10086.05,1992.067,6123.569,10055.9,2014.702,6220.333,9618.616,1978.241,5901.662,10082.25,2030.728,6023.518,10114.44,1981.396,6303.827,10148.33,2020.255,6224.564,10001.79,2016.508,6086.551,10262.47,1968.176,6150.437,9546.521,2008.945,5849.964,10202.88,1966.29,6301.068
10299.64,1975.98,6249.821,10144.33,1966.141,6391.274,10170.31,1955.12,6162.389,9818.476,1951.155,5772.243,9923.773,1976.812,6112.138,10088.37,1992.067,6123.878,10058.24,2014.702,6220.333,9620.849,1978.241,5902.354,10084.58,2030.728,6023.733,10116.75,1981.396,6303.447,10150.63,2020.255,6224.137,10004.13,2016.508,6086.624,10264.74,1968.176,6149.88,9548.754,2008.945,5850.654,10205.21,1966.29,6300.985
10300.68,1975.98,6249.86,10145.38,1966.141,6391.312,10171.35,1955.12,6162.274,9819.518,1951.155,5772.247,9924.783,1976.812,6111.881,10089.4,1992.067,6123.972,10059.28,2014.702,6220.343,9621.854,1978.241,5902.63,10085.62,2030.728,6023.795,10117.77,1981.396,6303.257,10151.65,2020.255,6223.947,10005.17,2016.508,6086.622,10265.76,1968.176,6149.666,9549.715,2008.945,5851.056,10206.25,1966.29,6300.949
10304.33,1975.98,6249.88,10149.02,1966.141,6391.323,10174.95,1955.12,6161.756,9823.16,1951.155,5772.142,9928.342,1976.812,6111.096,10093.02,1992.067,6124.398,10062.93,2014.702,6220.26,9625.334,1978.241,5903.708,10089.19,2030.728,6024.51,10121.34,1981.396,6302.514,10155.24,2020.255,6223.299,10008.81,2016.508,6086.496,10269.35,1968.176,6149.031,9553.12,2008.945,5852.352,10209.89,1966.29,6300.831
10306.62,1975.98,6249.851,10151.31,1966.141,6391.255,10177.23,1955.12,6161.505,9825.446,1951.155,5772,9930.594,1976.812,6110.676,10095.3,1992.067,6124.488,10065.21,2014.702,6220.132,9627.5,1978.241,5904.454,10091.45,2030.728,6024.885,10123.57,1981.396,6301.993,10157.49,2020.255,6222.891,10011.1,2016.508,6086.343,10271.62,1968.176,6148.706,9555.286,2008.945,5853.096,10212.18,1966.29,6300.756
10307.39,1975.98,6249.816,10152.08,1966.141,6391.207,10178,1955.12,6161.395,9826.224,1951.155,5771.975,9931.365,1976.812,6110.58,10096.08,1992.067,6124.483,10065.99,2014.702,6220.063,9628.243,1978.241,5904.682,10092.22,2030.728,6024.988,10124.32,1981.396,6301.797,10158.25,2020.255,6222.746,10011.87,2016.508,6086.317,10272.38,1968.176,6148.571,9556.021,2008.945,5853.351,10212.96,1966.29,6300.733
10311,1975.98,6249.534,10155.69,1966.141,6390.863,10181.6,1955.12,6160.998,9829.838,1951.155,5771.738,9934.959,1976.812,6110.127,10099.7,1992.067,6124.571,10069.58,2014.702,6219.626,9631.668,1978.241,5905.86,10095.83,2030.728,6025.347,10127.8,1981.396,6300.79,10161.81,2020.255,6222.061,10015.5,2016.508,6086.313,10275.97,1968.176,6148.057,9559.48,2008.945,5854.422,10216.58,1966.29,6300.64
10312.74,1975.98,6249.341,10157.42,1966.141,6390.641,10183.32,1955.12,6160.75,9831.58,1951.155,5771.681,9936.694,1976.812,6109.966,10101.44,1992.067,6124.665,10071.31,2014.702,6219.359,9633.314,1978.241,5906.432,10097.57,2030.728,6025.462,10129.49,1981.396,6300.36,10163.52,2020.255,6221.723,10017.24,2016.508,6086.254,10277.7,1968.176,6147.866,9561.177,2008.945,5854.823,10218.32,1966.29,6300.566
10315.05,1975.98,6248.974,10159.73,1966.141,6390.268,10185.65,1955.12,6160.494,9833.914,1951.155,5771.528,9939.025,1976.812,6109.772,10103.77,1992.067,6124.848,10073.63,2014.702,6219.076,9635.548,1978.241,5907.125,10099.9,2030.728,6025.542,10131.77,1981.396,6299.858,10165.81,2020.255,6221.258,10019.58,2016.508,6086.251,10280.04,1968.176,6147.885,9563.435,2008.945,5855.436,10220.65,1966.29,6300.433
10317.36,1975.98,6248.63,10162.03,1966.141,6389.818,10187.94,1955.12,6160.02,9836.256,1951.155,5771.495,9941.352,1976.812,6109.496,10106.1,1992.067,6125.016,10075.96,2014.702,6218.843,9637.807,1978.241,5907.747,10102.21,2030.728,6025.958,10134.07,1981.396,6299.431,10168.1,2020.255,6220.793,10021.92,2016.508,6086.361,10282.38,1968.176,6147.827,9565.674,2008.945,5856.123,10222.99,1966.29,6300.263
10319.74,1975.98,6248.355,10164.35,1966.141,6389.283,10190.29,1955.12,6159.613,9838.641,1951.155,5771.383,9943.73,1976.812,6109.292,10108.48,1992.067,6125.252,10078.33,2014.702,6218.528,9640.087,1978.241,5908.455,10104.57,2030.728,6026.305,10136.43,1981.396,6299.072,10170.44,2020.255,6220.316,10024.3,2016.508,6086.396,10284.76,1968.176,6147.689,9567.978,2008.945,5856.748,10225.36,1966.29,6300.037
10322.96,1975.98,6248.085,10167.49,1966.141,6388.454,10193.5,1955.12,6159.165,9841.871,1951.155,5771.125,9946.967,1976.812,6109.122,10111.71,1992.067,6125.453,10081.55,2014.702,6218.207,9643.136,1978.241,5909.553,10107.79,2030.728,6026.671,10139.66,1981.396,6298.756,10173.62,2020.255,6219.67,10027.53,2016.508,6086.084,10287.99,1968.176,6147.397,9571.076,2008.945,5857.698,10228.58,1966.29,6299.663
10325.27,1975.98,6247.854,10169.75,1966.141,6387.935,10195.76,1955.12,6158.629,9844.176,1951.155,5770.865,9949.284,1976.812,6109.207,10114.02,1992.067,6125.652,10083.85,2014.702,6217.908,9645.343,1978.241,5910.267,10110.1,2030.728,6026.858,10141.96,1981.396,6298.456,10175.89,2020.255,6219.221,10029.84,2016.508,6085.938,10290.29,1968.176,6147.112,9573.271,2008.945,5858.45,10230.87,1966.29,6299.329
10326.82,1975.98,6247.661,10171.26,1966.141,6387.555,10197.29,1955.12,6158.318,9845.719,1951.155,5770.634,9950.845,1976.812,6109.212,10115.57,1992.067,6125.779,10085.38,2014.702,6217.603,9646.842,1978.241,5910.699,10111.66,2030.728,6026.933,10143.5,1981.396,6298.203,10177.42,2020.255,6218.912,10031.4,2016.508,6085.89,10291.83,1968.176,6146.87,9574.683,2008.945,5859.113,10232.41,1966.29,6299.06
10329.01,1975.98,6247.316,10173.42,1966.141,6387.087,10199.46,1955.12,6157.875,9847.918,1951.155,5770.377,9953.059,1976.812,6109.148,10117.78,1992.067,6125.955,10087.56,2014.702,6217.24,9648.948,1978.241,5911.381,10113.87,2030.728,6027.019,10145.7,1981.396,6298.006,10179.58,2020.255,6218.459,10033.59,2016.508,6085.568,10294.04,1968.176,6146.739,9576.717,2008.945,5859.987,10234.58,1966.29,6298.615
10331.34,1975.98,6247.134,10175.7,1966.141,6386.543,10201.77,1955.12,6157.481,9850.212,1951.155,5769.899,9955.4,1976.812,6109.06,10120.12,1992.067,6126.113,10089.89,2014.702,6216.932,9651.153,1978.241,5912.175,10116.22,2030.728,6027.033,10148.03,1981.396,6297.721,10181.88,2020.255,6217.981,10035.92,2016.508,6085.303,10296.38,1968.176,6146.523,9578.884,2008.945,5860.88,10236.86,1966.29,6298.082
10333.68,1975.98,6246.875,10178,1966.141,6386.074,10204.09,1955.12,6157.164,9852.517,1951.155,5769.464,9957.739,1976.812,6108.895,10122.45,1992.067,6126.277,10092.22,2014.702,6216.7,9653.332,1978.241,5913.042,10118.56,2030.728,6027.119,10150.37,1981.396,6297.507,10184.17,2020.255,6217.505,10038.26,2016.508,6085.115,10298.71,1968.176,6146.266,9581.08,2008.945,5861.703,10239.13,1966.29,6297.489
10336,1975.98,6246.565,10180.29,1966.141,6385.57,10206.42,1955.12,6156.833,9854.836,1951.155,5769.105,9960.073,1976.812,6108.653,10124.8,1992.067,6126.43,10094.5,2014.702,6216.159,9655.478,1978.241,5913.991,10120.91,2030.728,6027.129,10152.71,1981.396,6297.39,10186.47,2020.255,6217.042,10040.59,2016.508,6084.856,10301.03,1968.176,6145.932,9583.265,2008.945,5862.56,10241.38,1966.29,6296.842
10339.22,1975.98,6246.028,10183.43,1966.141,6384.682,10209.66,1955.12,6156.479,9858.073,1951.155,5768.712,9963.305,1976.812,6108.211,10128.04,1992.067,6126.66,10097.7,2014.702,6215.512,9658.502,1978.241,5915.212,10124.16,2030.728,6027.328,10155.96,1981.396,6297.202,10189.67,2020.255,6216.402,10043.84,2016.508,6084.604,10304.25,1968.176,6145.42,9586.261,2008.945,5863.849,10244.54,1966.29,6296.029
10340.76,1975.98,6245.774,10184.95,1966.141,6384.307,10211.2,1955.12,6156.26,9859.579,1951.155,5768.307,9964.852,1976.812,6108.012,10129.6,1992.067,6126.779,10099.24,2014.702,6215.252,9659.948,1978.241,5915.796,10125.72,2030.728,6027.372,10157.52,1981.396,6297.099,10191.2,2020.255,6216.099,10045.4,2016.508,6084.534,10305.81,1968.176,6145.338,9587.713,2008.945,5864.418,10246.06,1966.29,6295.68
10343.91,1975.98,6245.369,10188.06,1966.141,6383.643,10214.37,1955.12,6155.915,9862.664,1951.155,5767.527,9968.02,1976.812,6107.708,10132.76,1992.067,6127.051,10102.39,2014.702,6214.826,9662.792,1978.241,5917.224,10128.88,2030.728,6027.725,10160.69,1981.396,6296.859,10194.32,2020.255,6215.489,10048.53,2016.508,6083.933,10308.98,1968.176,6145.066,9590.634,2008.945,5865.68,10249.18,1966.29,6295.048
10347.04,1975.98,6245.215,10191.14,1966.141,6383.09,10217.46,1955.12,6155.429,9865.722,1951.155,5766.86,9971.123,1976.812,6107.308,10135.88,1992.067,6127.299,10105.42,2014.702,6214.04,9665.634,1978.241,5918.535,10132,2030.728,6027.97,10163.81,1981.396,6296.592,10197.39,2020.255,6214.905,10051.62,2016.508,6083.443,10312.09,1968.176,6144.697,9593.623,2008.945,5866.604,10252.26,1966.29,6294.499
10349.51,1975.98,6245.013,10193.59,1966.141,6382.733,10219.89,1955.12,6154.97,9868.135,1951.155,5766.309,9973.594,1976.812,6107.166,10138.35,1992.067,6127.46,10107.84,2014.702,6213.496,9667.914,1978.241,5919.498,10134.48,2030.728,6028.083,10166.27,1981.396,6296.353,10199.82,2020.255,6214.434,10054.07,2016.508,6083.135,10314.55,1968.176,6144.438,9595.962,2008.945,5867.413,10254.71,1966.29,6294.118
10351.43,1975.98,6244.792,10195.51,1966.141,6382.504,10221.8,1955.12,6154.673,9870.035,1951.155,5765.939,9975.522,1976.812,6106.991,10140.27,1992.067,6127.645,10109.74,2014.702,6213.133,9669.722,1978.241,5920.193,10136.41,2030.728,6028.108,10168.19,1981.396,6296.142,10201.72,2020.255,6214.056,10056,2016.508,6082.958,10316.47,1968.176,6144.173,9597.838,2008.945,5867.893,10256.62,1966.29,6293.857
10352.01,1975.98,6244.706,10196.09,1966.141,6382.415,10222.39,1955.12,6154.643,9870.615,1951.155,5765.846,9976.105,1976.812,6106.922,10140.85,1992.067,6127.686,10110.32,2014.702,6213.042,9670.276,1978.241,5920.386,10137,2030.728,6028.096,10168.78,1981.396,6296.07,10202.29,2020.255,6213.936,10056.59,2016.508,6082.923,10317.05,1968.176,6144.074,9598.401,2008.945,5868.06,10257.21,1966.29,6293.789
10355.53,1975.98,6244.067,10199.59,1966.141,6381.719,10225.95,1955.12,6154.34,9874.041,1951.155,5764.833,9979.665,1976.812,6106.617,10144.42,1992.067,6127.965,10113.84,2014.702,6212.449,9673.688,1978.241,5921.447,10140.57,2030.728,6027.909,10172.31,1981.396,6295.572,10205.79,2020.255,6213.226,10060.15,2016.508,6082.622,10320.54,1968.176,6143.348,9601.915,2008.945,5868.705,10260.76,1966.29,6293.425
10357.83,1975.98,6243.762,10201.89,1966.141,6381.341,10228.26,1955.12,6154.067,9876.289,1951.155,5764.248,9981.972,1976.812,6106.343,10146.73,1992.067,6128.143,10116.14,2014.702,6212.138,9675.927,1978.241,5922.063,10142.87,2030.728,6027.608,10174.61,1981.396,6295.207,10208.07,2020.255,6212.77,10062.47,2016.508,6082.502,10322.77,1968.176,6142.69,9604.185,2008.945,5869.199,10263.07,1966.29,6293.22
10359.37,1975.98,6243.506,10203.45,1966.141,6381.353,10229.81,1955.12,6153.851,9877.814,1951.155,5763.903,9983.532,1976.812,6106.238,10148.29,1992.067,6128.285,10117.69,2014.702,6211.875,9677.447,1978.241,5922.429,10144.43,2030.728,6027.457,10176.14,1981.396,6294.929,10209.61,2020.255,6212.495,10064.03,2016.508,6082.445,10324.29,1968.176,6142.297,9605.746,2008.945,5869.281,10264.63,1966.29,6293.101
10362.44,1975.98,6242.895,10206.57,1966.141,6381.274,10232.89,1955.12,6153.353,9880.883,1951.155,5763.315,9986.654,1976.812,6106.341,10151.41,1992.067,6128.47,10120.78,2014.702,6211.452,9680.507,1978.241,5923.06,10147.55,2030.728,6027.249,10179.2,1981.396,6294.307,10212.69,2020.255,6212.01,10067.15,2016.508,6082.229,10327.33,1968.176,6141.612,9608.859,2008.945,5869.545,10267.75,1966.29,6292.894
10363.99,1975.98,6242.69,10208.13,1966.141,6381.184,10234.43,1955.12,6153.071,9882.428,1951.155,5763.072,9988.218,1976.812,6106.341,10152.97,1992.067,6128.513,10122.34,2014.702,6211.291,9682.048,1978.241,5923.326,10149.11,2030.728,6027.192,10180.73,1981.396,6293.958,10214.24,2020.255,6211.8,10068.69,2016.508,6081.947,10328.89,1968.176,6141.48,9610.421,2008.945,5869.63,10269.31,1966.29,6292.798
10366.23,1975.98,6242.469,10210.38,1966.141,6380.979,10236.64,1955.12,6152.619,9884.666,1951.155,5762.793,9990.473,1976.812,6106.268,10155.23,1992.067,6128.502,10124.59,2014.702,6211.249,9684.274,1978.241,5923.69,10151.36,2030.728,6027.176,10182.91,1981.396,6293.4,10216.48,2020.255,6211.544,10070.92,2016.508,6081.613,10331.13,1968.176,6141.218,9612.676,2008.945,5869.575,10271.56,1966.29,6292.68
10369.29,1975.98,6242.623,10213.42,1966.141,6380.603,10239.65,1955.12,6152.103,9887.689,1951.155,5762.316,9993.527,1976.812,6106.069,10158.28,1992.067,6128.39,10127.65,2014.702,6211.388,9687.31,1978.241,5924.085,10154.42,2030.728,6027.244,10185.86,1981.396,6292.564,10219.53,2020.255,6211.279,10073.96,2016.508,6081.258,10334.17,1968.176,6140.842,9615.736,2008.945,5869.601,10274.61,1966.29,6292.545
10370.87,1975.98,6242.651,10214.98,1966.141,6380.356,10241.22,1955.12,6151.887,9889.263,1951.155,5762.12,9995.112,1976.812,6106.017,10159.87,1992.067,6128.282,10129.24,2014.702,6211.408,9688.885,1978.241,5924.268,10156.01,2030.728,6027.326,10187.4,1981.396,6292.182,10221.11,2020.255,6211.181,10075.52,2016.508,6081.024,10335.75,1968.176,6140.699,9617.32,2008.945,5869.667,10276.2,1966.29,6292.428
10373.49,1975.98,6242.611,10217.56,1966.141,6379.865,10243.83,1955.12,6151.567,9891.875,1951.155,5761.917,9997.727,1976.812,6105.846,10162.47,1992.067,6128.023,10131.86,2014.702,6211.406,9691.489,1978.241,5924.554,10158.62,2030.728,6027.536,10189.96,1981.396,6291.632,10223.73,2020.255,6211.082,10078.13,2016.508,6080.723,10338.37,1968.176,6140.548,9619.934,2008.945,5869.86,10278.8,1966.29,6292.158
10376.17,1975.98,6242.484,10220.2,1966.141,6379.449,10246.46,1955.12,6151.11,9894.535,1951.155,5761.646,10000.4,1976.812,6105.781,10165.14,1992.067,6127.846,10134.53,2014.702,6211.316,9694.154,1978.241,5924.768,10161.29,2030.728,6027.664,10192.59,1981.396,6291.158,10226.4,2020.255,6211.036,10080.79,2016.508,6080.501,10341.04,1968.176,6140.481,9622.599,2008.945,5870.081,10281.45,1966.29,6291.805
10377.9,1975.98,6242.344,10221.91,1966.141,6379.122,10248.15,1955.12,6150.701,9896.262,1951.155,5761.413,10002.14,1976.812,6105.727,10166.88,1992.067,6127.927,10136.27,2014.702,6211.201,9695.894,1978.241,5924.872,10163.03,2030.728,6027.689,10194.31,1981.396,6290.905,10228.14,2020.255,6210.967,10082.53,2016.508,6080.415,10342.78,1968.176,6140.494,9624.314,2008.945,5870.383,10283.17,1966.29,6291.526
10380.74,1975.98,6242.021,10224.67,1966.141,6378.377,10250.95,1955.12,6150.122,9899.077,1951.155,5760.938,10004.99,1976.812,6105.545,10169.74,1992.067,6127.966,10139.12,2014.702,6211.106,9698.737,1978.241,5925.135,10165.89,2030.728,6027.742,10197.07,1981.396,6290.144,10231,2020.255,6210.918,10085.38,2016.508,6080.194,10345.64,1968.176,6140.608,9627.142,2008.945,5870.785,10285.98,1966.29,6290.99
10383.49,1975.98,6241.624,10227.37,1966.141,6377.74,10253.69,1955.12,6149.648,9901.802,1951.155,5760.386,10007.76,1976.812,6105.278,10172.52,1992.067,6127.914,10141.9,2014.702,6211.081,9701.517,1978.241,5925.103,10168.67,2030.728,6027.703,10199.77,1981.396,6289.492,10233.78,2020.255,6210.911,10088.16,2016.508,6080.07,10348.42,1968.176,6140.628,9629.905,2008.945,5871.086,10288.69,1966.29,6290.389
10385.5,1975.98,6241.611,10229.31,1966.141,6377.216,10255.68,1955.12,6149.371,9903.718,1951.155,5759.791,10009.75,1976.812,6105.02,10174.52,1992.067,6127.861,10143.9,2014.702,6210.998,9703.523,1978.241,5925.122,10170.67,2030.728,6027.608,10201.73,1981.396,6289.085,10235.78,2020.255,6210.887,10090.16,2016.508,6079.915,10350.42,1968.176,6140.577,9631.906,2008.945,5871.238,10290.63,1966.29,6289.899
10387.51,1975.98,6241.533,10231.28,1966.141,6376.764,10257.68,1955.12,6149.157,9905.662,1951.155,5759.255,10011.74,1976.812,6104.713,10176.54,1992.067,6127.742,10145.92,2014.702,6210.848,9705.538,1978.241,5925.207,10172.68,2030.728,6027.448,10203.69,1981.396,6288.591,10237.8,2020.255,6210.895,10092.17,2016.508,6079.888,10352.44,1968.176,6140.522,9633.921,2008.945,5871.325,10292.58,1966.29,6289.357
10390.18,1975.98,6241.342,10233.92,1966.141,6376.384,10260.35,1955.12,6148.961,9908.263,1951.155,5758.63,10014.4,1976.812,6104.394,10179.2,1992.067,6127.528,10148.58,2014.702,6210.665,9708.213,1978.241,5925.231,10175.35,2030.728,6027.322,10206.22,1981.396,6287.717,10240.47,2020.255,6210.93,10094.85,2016.508,6079.974,10355.11,1968.176,6140.362,9636.596,2008.945,5871.353,10295.13,1966.29,6288.573
10391.92,1975.98,6241.179,10235.65,1966.141,6376.079,10262.09,1955.12,6148.776,9909.976,1951.155,5758.277,10016.12,1976.812,6104.086,10180.95,1992.067,6127.445,10150.32,2014.702,6210.489,9709.961,1978.241,5925.19,10177.1,2030.728,6027.365,10207.89,1981.396,6287.2,10242.22,2020.255,6210.954,10096.6,2016.508,6079.973,10356.85,1968.176,6140.201,9638.344,2008.945,5871.313,10296.79,1966.29,6288.02
10395.25,1975.98,6240.755,10238.93,1966.141,6375.384,10265.44,1955.12,6148.53,9913.287,1951.155,5757.707,10019.44,1976.812,6103.603,10184.29,1992.067,6127.131,10153.68,2014.702,6210.543,9713.318,1978.241,5925.047,10180.46,2030.728,6027.336,10211.08,1981.396,6286.158,10245.57,2020.255,6210.985,10099.96,2016.508,6079.861,10360.18,1968.176,6139.78,9641.702,2008.945,5871.435,10299.95,1966.29,6286.883
10397.32,1975.98,6240.423,10240.97,1966.141,6374.884,10267.52,1955.12,6148.309,9915.341,1951.155,5757.283,10021.53,1976.812,6103.37,10186.39,1992.067,6127.004,10155.78,2014.702,6210.513,9715.403,1978.241,5924.83,10182.55,2030.728,6027.25,10213.1,1981.396,6285.573,10247.67,2020.255,6210.936,10102.05,2016.508,6079.722,10362.25,1968.176,6139.45,9643.799,2008.945,5871.441,10301.91,1966.29,6286.143
10398.11,1975.98,6240.271,10241.74,1966.141,6374.669,10268.31,1955.12,6148.199,9916.089,1951.155,5757.012,10022.31,1976.812,6103.255,10187.18,1992.067,6126.93,10156.58,2014.702,6210.48,9716.18,1978.241,5924.655,10183.35,2030.728,6027.19,10213.87,1981.396,6285.376,10248.46,2020.255,6210.891,10102.84,2016.508,6079.644,10363.04,1968.176,6139.336,9644.595,2008.945,5871.418,10302.67,1966.29,6285.886
10401.59,1975.98,6239.475,10245.25,1966.141,6373.998,10271.87,1955.12,6147.82,9919.436,1951.155,5755.748,10025.77,1976.812,6102.326,10190.75,1992.067,6126.712,10160.14,2014.702,6210.216,9719.694,1978.241,5923.987,10186.91,2030.728,6026.809,10217.26,1981.396,6284.25,10252.03,2020.255,6210.572,10106.41,2016.508,6079.501,10366.56,1968.176,6138.707,9648.165,2008.945,5871.196,10306.09,1966.29,6284.845
10404.47,1975.98,6238.976,10248.1,1966.141,6373.356,10274.76,1955.12,6147.417,9922.199,1951.155,5754.806,10028.61,1976.812,6101.66,10193.66,1992.067,6126.44,10163.05,2014.702,6209.906,9722.579,1978.241,5923.537,10189.82,2030.728,6026.593,10220.06,1981.396,6283.423,10254.93,2020.255,6210.218,10109.33,2016.508,6079.309,10369.44,1968.176,6138.218,9651.071,2008.945,5870.919,10308.91,1966.29,6284.087
10406.56,1975.98,6238.77,10250.13,1966.141,6372.829,10276.86,1955.12,6147.355,9924.204,1951.155,5754.194,10030.67,1976.812,6101.249,10195.74,1992.067,6126.176,10165.13,2014.702,6209.642,9724.645,1978.241,5923.178,10191.9,2030.728,6026.37,10222.09,1981.396,6282.884,10257,2020.255,6209.904,10111.41,2016.508,6079.102,10371.5,1968.176,6137.835,9653.153,2008.945,5870.674,10310.95,1966.29,6283.61
10407.27,1975.98,6238.676,10250.81,1966.141,6372.625,10277.57,1955.12,6147.311,9924.896,1951.155,5754.008,10031.37,1976.812,6101.126,10196.45,1992.067,6126.063,10165.83,2014.702,6209.528,9725.356,1978.241,5923.094,10192.62,2030.728,6026.313,10222.79,1981.396,6282.719,10257.7,2020.255,6209.776,10112.12,2016.508,6079.008,10372.2,1968.176,6137.682,9653.869,2008.945,5870.639,10311.65,1966.29,6283.465
10411.17,1975.98,6238.031,10254.64,1966.141,6371.629,10281.51,1955.12,6146.936,9928.75,1951.155,5753.104,10035.25,1976.812,6100.306,10200.33,1992.067,6125.286,10169.77,2014.702,6209.069,9729.293,1978.241,5922.687,10196.55,2030.728,6025.868,10226.66,1981.396,6281.916,10261.58,2020.255,6208.964,10116.04,2016.508,6078.405,10376.09,1968.176,6136.959,9657.813,2008.945,5870.316,10315.5,1966.29,6282.536
10413.03,1975.98,6237.662,10256.52,1966.141,6371.389,10283.39,1955.12,6146.695,9930.553,1951.155,5752.528,10037.11,1976.812,6099.984,10202.19,1992.067,6124.975,10171.64,2014.702,6208.788,9731.168,1978.241,5922.431,10198.42,2030.728,6025.593,10228.52,1981.396,6281.584,10263.42,2020.255,6208.524,10117.92,2016.508,6078.221,10377.92,1968.176,6136.469,9659.703,2008.945,5870.223,10317.33,1966.29,6282.034
10415.04,1975.98,6237.194,10258.55,1966.141,6371.061,10285.42,1955.12,6146.366,9932.471,1951.155,5751.777,10039.14,1976.812,6099.614,10204.25,1992.067,6124.826,10173.66,2014.702,6208.416,9733.217,1978.241,5922.219,10200.48,2030.728,6025.478,10230.56,1981.396,6281.28,10265.4,2020.255,6207.99,10119.96,2016.508,6077.955,10379.85,1968.176,6135.742,9661.756,2008.945,5870.054,10319.33,1966.29,6281.553
10419.07,1975.98,6236.114,10262.65,1966.141,6370.261,10289.52,1955.12,6145.565,9936.404,1951.155,5750.382,10043.21,1976.812,6098.723,10208.4,1992.067,6124.387,10177.79,2014.702,6207.797,9737.38,1978.241,5921.925,10204.64,2030.728,6025.172,10234.7,1981.396,6280.781,10269.4,2020.255,6206.795,10124.12,2016.508,6077.55,10383.78,1968.176,6134.334,9665.902,2008.945,5869.575,10323.42,1966.29,6280.712
10419.63,1975.98,6235.944,10263.22,1966.141,6370.13,10290.09,1955.12,6145.435,9936.962,1951.155,5750.205,10043.78,1976.812,6098.58,10208.98,1992.067,6124.306,10178.37,2014.702,6207.691,9737.962,1978.241,5921.865,10205.22,2030.728,6025.11,10235.28,1981.396,6280.7,10269.97,2020.255,6206.646,10124.7,2016.508,6077.518,10384.33,1968.176,6134.155,9666.483,2008.945,5869.506,10323.99,1966.29,6280.608
10421.91,1975.98,6235.169,10265.55,1966.141,6369.515,10292.42,1955.12,6144.818,9939.193,1951.155,5749.291,10046.14,1976.812,6098.065,10211.35,1992.067,6123.896,10180.72,2014.702,6207.178,9740.374,1978.241,5921.854,10207.63,2030.728,6025.058,10237.66,1981.396,6280.318,10272.32,2020.255,6206.109,10127.1,2016.508,6077.306,10386.65,1968.176,6133.492,9668.887,2008.945,5869.3,10326.38,1966.29,6280.237
10426.53,1975.98,6233.767,10270.18,1966.141,6368.129,10296.9,1955.12,6143.009,9943.721,1951.155,5747.606,10050.89,1976.812,6097.189,10216.14,1992.067,6123.232,10185.44,2014.702,6206.138,9745.201,1978.241,5921.675,10212.46,2030.728,6024.794,10242.41,1981.396,6279.448,10277.01,2020.255,6204.942,10131.9,2016.508,6076.723,10391.25,1968.176,6132.011,9673.71,2008.945,5869.045,10331.16,1966.29,6279.599
10427.9,1975.98,6233.402,10271.54,1966.141,6367.769,10298.22,1955.12,6142.524,9945.059,1951.155,5747.157,10052.27,1976.812,6096.888,10217.53,1992.067,6122.992,10186.82,2014.702,6205.863,9746.612,1978.241,5921.651,10213.86,2030.728,6024.671,10243.8,1981.396,6279.184,10278.33,2020.255,6204.458,10133.3,2016.508,6076.581,10392.58,1968.176,6131.535,9675.116,2008.945,5868.925,10332.55,1966.29,6279.366
10429.11,1975.98,6233.035,10272.78,1966.141,6367.486,10299.43,1955.12,6142.128,9946.271,1951.155,5746.794,10053.49,1976.812,6096.579,10218.77,1992.067,6122.736,10188.06,2014.702,6205.584,9747.876,1978.241,5921.587,10215.12,2030.728,6024.565,10245.04,1981.396,6278.918,10279.53,2020.255,6204.063,10134.56,2016.508,6076.413,10393.78,1968.176,6131.147,9676.38,2008.945,5868.858,10333.79,1966.29,6279.117
10430.04,1975.98,6232.717,10273.73,1966.141,6367.233,10300.38,1955.12,6141.847,9947.203,1951.155,5746.468,10054.45,1976.812,6096.344,10219.74,1992.067,6122.531,10189.03,2014.702,6205.387,9748.864,1978.241,5921.614,10216.1,2030.728,6024.45,10246,1981.396,6278.679,10280.45,2020.255,6203.698,10135.53,2016.508,6076.27,10394.73,1968.176,6130.875,9677.365,2008.945,5868.773,10334.76,1966.29,6278.891
10434.32,1975.98,6231.108,10278.03,1966.141,6365.656,10304.72,1955.12,6140.406,9951.566,1951.155,5745.098,10058.93,1976.812,6095.406,10224.23,1992.067,6121.675,10193.48,2014.702,6204.331,9753.434,1978.241,5921.81,10220.63,2030.728,6023.769,10250.52,1981.396,6278.042,10284.76,2020.255,6202.151,10140.04,2016.508,6075.462,10399.17,1968.176,6129.759,9681.933,2008.945,5868.532,10339.17,1966.29,6277.7
10436.25,1975.98,6230.456,10279.91,1966.141,6364.909,10306.58,1955.12,6139.609,9953.522,1951.155,5744.553,10060.9,1976.812,6094.924,10226.21,1992.067,6121.23,10195.44,2014.702,6203.797,9755.464,1978.241,5921.83,10222.62,2030.728,6023.401,10252.53,1981.396,6277.719,10286.68,2020.255,6201.5,10142.06,2016.508,6075.358,10401.12,1968.176,6129.2,9683.962,2008.945,5868.491,10341.15,1966.29,6277.225
10436.8,1975.98,6230.25,10280.46,1966.141,6364.692,10307.11,1955.12,6139.35,9954.093,1951.155,5744.415,10061.47,1976.812,6094.767,10226.78,1992.067,6121.106,10196,2014.702,6203.625,9756.05,1978.241,5921.817,10223.2,2030.728,6023.276,10253.11,1981.396,6277.613,10287.23,2020.255,6201.294,10142.65,2016.508,6075.309,10401.68,1968.176,6129.02,9684.548,2008.945,5868.468,10341.72,1966.29,6277.103
10440.21,1975.98,6229.092,10283.85,1966.141,6363.47,10310.3,1955.12,6137.668,9957.565,1951.155,5743.448,10064.97,1976.812,6093.912,10230.32,1992.067,6120.412,10199.41,2014.702,6202.478,9759.653,1978.241,5921.726,10226.74,2030.728,6022.623,10256.63,1981.396,6276.878,10290.48,2020.255,6199.742,10146.23,2016.508,6074.888,10405.17,1968.176,6128.116,9688.128,2008.945,5868.883,10345.26,1966.29,6276.44
10441.88,1975.98,6228.586,10285.51,1966.141,6362.932,10311.86,1955.12,6136.896,9959.168,1951.155,5742.751,10066.59,1976.812,6093.254,10232.03,1992.067,6120.038,10201.09,2014.702,6201.976,9761.4,1978.241,5921.739,10228.48,2030.728,6022.475,10258.33,1981.396,6276.48,10292.08,2020.255,6199.038,10147.96,2016.508,6074.659,10406.84,1968.176,6127.623,9689.869,2008.945,5869.027,10346.98,1966.29,6276.16
10444.16,1975.98,6227.977,10287.68,1966.141,6362.005,10314,1955.12,6135.909,9961.358,1951.155,5741.884,10068.8,1976.812,6092.433,10234.31,1992.067,6119.484,10203.32,2014.702,6201.227,9763.755,1978.241,5921.833,10230.82,2030.728,6022.199,10260.61,1981.396,6275.883,10294.26,2020.255,6198.154,10150.28,2016.508,6074.275,10409.08,1968.176,6126.885,9692.223,2008.945,5869.145,10349.32,1966.29,6275.833
10446.41,1975.98,6227.296,10289.85,1966.141,6361.103,10316.16,1955.12,6134.982,9963.555,1951.155,5741.052,10071.02,1976.812,6091.687,10236.58,1992.067,6118.88,10205.57,2014.702,6200.553,9766.102,1978.241,5921.913,10233.14,2030.728,6021.847,10262.87,1981.396,6275.226,10296.47,2020.255,6197.338,10152.59,2016.508,6073.816,10411.28,1968.176,6126.077,9694.557,2008.945,5869.408,10351.65,1966.29,6275.556
10451.34,1975.98,6225.974,10294.63,1966.141,6359.293,10320.91,1955.12,6133.083,9968.394,1951.155,5739.397,10075.92,1976.812,6090.222,10241.49,1992.067,6117.454,10210.51,2014.702,6199.245,9771.214,1978.241,5921.811,10238.17,2030.728,6020.917,10267.73,1981.396,6273.636,10301.31,2020.255,6195.704,10157.68,2016.508,6073.399,10416.17,1968.176,6124.566,9699.654,2008.945,5869.815,10356.71,1966.29,6274.794
10451.79,1975.98,6225.838,10295.06,1966.141,6359.112,10321.35,1955.12,6132.92,9968.843,1951.155,5739.26,10076.37,1976.812,6090.072,10241.94,1992.067,6117.313,10210.96,2014.702,6199.109,9771.684,1978.241,5921.786,10238.63,2030.728,6020.816,10268.17,1981.396,6273.476,10301.76,2020.255,6195.56,10158.15,2016.508,6073.345,10416.61,1968.176,6124.413,9700.124,2008.945,5869.837,10357.17,1966.29,6274.709
10452.37,1975.98,6225.642,10295.62,1966.141,6358.859,10321.93,1955.12,6132.721,9969.433,1951.155,5739.1,10076.95,1976.812,6089.886,10242.52,1992.067,6117.115,10211.54,2014.702,6198.915,9772.295,1978.241,5921.759,10239.22,2030.728,6020.666,10268.76,1981.396,6273.312,10302.34,2020.255,6195.381,10158.75,2016.508,6073.255,10417.19,1968.176,6124.195,9700.735,2008.945,5869.846,10357.77,1966.29,6274.581
10456.17,1975.98,6224.518,10299.28,1966.141,6357.336,10325.7,1955.12,6131.525,9973.261,1951.155,5738.073,10080.64,1976.812,6088.448,10246.24,1992.067,6115.742,10215.44,2014.702,6198.199,9776.252,1978.241,5921.544,10243.03,2030.728,6019.565,10272.54,1981.396,6272.128,10306.16,2020.255,6194.323,10162.65,2016.508,6072.546,10420.89,1968.176,6122.784,9704.698,2008.945,5869.772,10361.61,1966.29,6273.625
10457.35,1975.98,6224.127,10300.41,1966.141,6356.826,10326.89,1955.12,6131.179,9974.447,1951.155,5737.713,10081.81,1976.812,6088.037,10247.39,1992.067,6115.283,10216.65,2014.702,6197.935,9777.487,1978.241,5921.437,10244.21,2030.728,6019.183,10273.72,1981.396,6271.749,10307.36,2020.255,6194,10163.87,2016.508,6072.285,10422.06,1968.176,6122.364,9705.938,2008.945,5869.708,10362.81,1966.29,6273.29
10460.62,1975.98,6222.924,10303.57,1966.141,6355.376,10330.26,1955.12,6130.286,9977.62,1951.155,5736.278,10085.13,1976.812,6086.974,10250.59,1992.067,6113.916,10220.03,2014.702,6197.083,9780.944,1978.241,5921.021,10247.49,2030.728,6018,10277,1981.396,6270.575,10310.73,2020.255,6193.118,10167.24,2016.508,6071.439,10425.29,1968.176,6121.081,9709.418,2008.945,5869.619,10366.13,1966.29,6272.247
10462.09,1975.98,6222.325,10304.98,1966.141,6354.637,10331.81,1955.12,6129.913,9979.091,1951.155,5735.67,10086.63,1976.812,6086.438,10252.04,1992.067,6113.254,10221.56,2014.702,6196.644,9782.479,1978.241,5920.602,10249,2030.728,6017.505,10278.48,1981.396,6269.99,10312.28,2020.255,6192.746,10168.77,2016.508,6071.002,10426.79,1968.176,6120.542,9711.007,2008.945,5869.526,10367.63,1966.29,6271.724
10464.25,1975.98,6221.368,10307.11,1966.141,6353.611,10334.11,1955.12,6129.412,9981.298,1951.155,5734.842,10088.84,1976.812,6085.62,10254.15,1992.067,6112.217,10223.8,2014.702,6195.919,9784.773,1978.241,5920.055,10251.23,2030.728,6016.745,10280.64,1981.396,6269.053,10314.57,2020.255,6192.221,10171.02,2016.508,6070.281,10429.03,1968.176,6119.818,9713.354,2008.945,5869.312,10369.83,1966.29,6270.882
10466.36,1975.98,6220.343,10309.25,1966.141,6352.656,10336.42,1955.12,6128.963,9983.413,1951.155,5733.815,10091.02,1976.812,6084.731,10256.24,1992.067,6111.128,10226.02,2014.702,6195.124,9787.077,1978.241,5919.584,10253.43,2030.728,6015.914,10282.77,1981.396,6268.05,10316.86,2020.255,6191.689,10173.26,2016.508,6069.558,10431.26,1968.176,6119.058,9715.688,2008.945,5869.021,10372,1966.29,6269.975
10469.11,1975.98,6218.902,10312.13,1966.141,6351.489,10339.44,1955.12,6128.273,9986.243,1951.155,5732.554,10093.84,1976.812,6083.467,10259.03,1992.067,6109.784,10228.9,2014.702,6193.98,9790.145,1978.241,5919.144,10256.29,2030.728,6014.726,10285.53,1981.396,6266.638,10319.88,2020.255,6190.986,10176.17,2016.508,6068.509,10434.16,1968.176,6117.96,9718.748,2008.945,5868.538,10374.82,1966.29,6268.693
10470.19,1975.98,6218.287,10313.26,1966.141,6350.983,10340.64,1955.12,6127.956,9987.396,1951.155,5732.084,10094.96,1976.812,6082.922,10260.17,1992.067,6109.28,10230.04,2014.702,6193.483,9791.37,1978.241,5918.927,10257.42,2030.728,6014.21,10286.61,1981.396,6266.034,10321.08,2020.255,6190.675,10177.33,2016.508,6068.049,10435.31,1968.176,6117.481,9719.971,2008.945,5868.303,10375.94,1966.29,6268.143
10473.64,1975.98,6216.197,10316.9,1966.141,6349.222,10344.51,1955.12,6126.801,9991.183,1951.155,5730.687,10098.53,1976.812,6081.038,10263.91,1992.067,6107.771,10233.68,2014.702,6191.752,9795.382,1978.241,5918.487,10261.04,2030.728,6012.422,10290.21,1981.396,6264.195,10324.99,2020.255,6189.673,10181.03,2016.508,6066.438,10438.98,1968.176,6115.808,9723.907,2008.945,5867.415,10379.5,1966.29,6266.252
10477.13,1975.98,6214.655,10320.27,1966.141,6347.449,10348.12,1955.12,6125.593,9994.561,1951.155,5728.928,10101.84,1976.812,6079.151,10267.52,1992.067,6106.566,10237.09,2014.702,6190.047,9799.152,1978.241,5917.949,10264.4,2030.728,6010.623,10293.57,1981.396,6262.403,10328.68,2020.255,6188.727,10184.47,2016.508,6064.803,10442.39,1968.176,6114.116,9727.513,2008.945,5866.188,10382.81,1966.29,6264.368
10477.55,1975.98,6214.452,10320.67,1966.141,6347.218,10348.56,1955.12,6125.43,9994.982,1951.155,5728.726,10102.24,1976.812,6078.906,10267.96,1992.067,6106.404,10237.5,2014.702,6189.825,9799.612,1978.241,5917.868,10264.8,2030.728,6010.389,10293.97,1981.396,6262.169,10329.13,2020.255,6188.596,10184.89,2016.508,6064.589,10442.8,1968.176,6113.895,9727.939,2008.945,5865.998,10383.21,1966.29,6264.124
10478.16,1975.98,6214.131,10321.26,1966.141,6346.857,10349.2,1955.12,6125.168,9995.612,1951.155,5728.44,10102.82,1976.812,6078.525,10268.6,1992.067,6106.144,10238.1,2014.702,6189.476,9800.289,1978.241,5917.726,10265.39,2030.728,6010.023,10294.56,1981.396,6261.805,10329.78,2020.255,6188.381,10185.49,2016.508,6064.252,10443.4,1968.176,6113.548,9728.563,2008.945,5865.698,10383.79,1966.29,6263.743
10481.28,1975.98,6212.364,10324.26,1966.141,6344.884,10352.51,1955.12,6123.795,9998.928,1951.155,5727.068,10105.75,1976.812,6076.451,10271.88,1992.067,6104.681,10240.91,2014.702,6187.251,9803.774,1978.241,5916.873,10268.5,2030.728,6008.226,10297.31,1981.396,6259.502,10333.16,2020.255,6187.153,10188.66,2016.508,6062.567,10446.44,1968.176,6111.647,9731.847,2008.945,5864.252,10386.85,1966.29,6261.867
10482.91,1975.98,6211.369,10325.82,1966.141,6343.782,10354.25,1955.12,6123.007,10000.69,1951.155,5726.326,10107.27,1976.812,6075.296,10273.59,1992.067,6103.846,10242.45,2014.702,6186.117,9805.614,1978.241,5916.358,10270.12,2030.728,6007.216,10298.8,1981.396,6258.308,10334.93,2020.255,6186.451,10190.32,2016.508,6061.626,10448.1,1968.176,6110.704,9733.607,2008.945,5863.511,10388.44,1966.29,6260.815
10484.88,1975.98,6210.076,10327.7,1966.141,6342.358,10356.37,1955.12,6121.963,10002.8,1951.155,5725.276,10109.21,1976.812,6073.953,10275.7,1992.067,6102.779,10244.39,2014.702,6184.779,9807.864,1978.241,5915.648,10272.08,2030.728,6005.903,10300.67,1981.396,6256.872,10337.1,2020.255,6185.527,10192.33,2016.508,6060.398,10450.12,1968.176,6109.473,9735.758,2008.945,5862.541,10390.44,1966.29,6259.557
10487.63,1975.98,6208.209,10330.4,1966.141,6340.422,10359.45,1955.12,6120.725,10005.82,1951.155,5723.896,10111.87,1976.812,6071.974,10278.61,1992.067,6101.181,10247.19,2014.702,6182.987,9810.996,1978.241,5914.547,10275.08,2030.728,6004.489,10303.35,1981.396,6254.91,10340.12,2020.255,6184.147,10195.31,2016.508,6058.923,10453.07,1968.176,6107.958,9738.825,2008.945,5861.271,10393.34,1966.29,6257.941
10490.17,1975.98,6206.359,10332.93,1966.141,6338.569,10362.32,1955.12,6119.458,10008.72,1951.155,5722.685,10114.46,1976.812,6070.185,10281.41,1992.067,6099.76,10249.77,2014.702,6181.205,9813.925,1978.241,5913.408,10277.88,2030.728,6003.058,10305.92,1981.396,6253.108,10342.94,2020.255,6182.768,10198.08,2016.508,6057.436,10455.82,1968.176,6106.434,9741.766,2008.945,5860.164,10396.03,1966.29,6256.324
10490.97,1975.98,6205.735,10333.73,1966.141,6337.944,10363.24,1955.12,6119.019,10009.62,1951.155,5722.222,10115.27,1976.812,6069.581,10282.3,1992.067,6099.272,10250.59,2014.702,6180.603,9814.877,1978.241,5913.059,10278.76,2030.728,6002.566,10306.76,1981.396,6252.546,10343.84,2020.255,6182.3,10198.95,2016.508,6056.927,10456.69,1968.176,6105.913,9742.702,2008.945,5859.776,10396.88,1966.29,6255.774
10492.21,1975.98,6204.802,10334.92,1966.141,6336.948,10364.62,1955.12,6118.301,10011.02,1951.155,5721.557,10116.58,1976.812,6068.749,10283.64,1992.067,6098.48,10251.81,2014.702,6179.64,9816.317,1978.241,5912.478,10280.1,2030.728,6001.77,10308.08,1981.396,6251.713,10345.2,2020.255,6181.549,10200.3,2016.508,6056.157,10457.99,1968.176,6105.072,9744.156,2008.945,5859.229,10398.16,1966.29,6254.889
10494.46,1975.98,6203.222,10336.93,1966.141,6335.065,10367.01,1955.12,6116.949,10013.55,1951.155,5720.461,10118.69,1976.812,6066.983,10285.96,1992.067,6097,10254.03,2014.702,6178.004,9818.903,1978.241,5911.531,10282.55,2030.728,6000.517,10310.43,1981.396,6250.293,10347.58,2020.255,6180.16,10202.68,2016.508,6054.77,10460.26,1968.176,6103.506,9746.769,2008.945,5858.358,10400.5,1966.29,6253.429
10496.67,1975.98,6201.783,10338.89,1966.141,6333.303,10369.35,1955.12,6115.742,10016,1951.155,5719.495,10120.77,1976.812,6065.364,10288.13,1992.067,6095.52,10256.19,2014.702,6176.505,9821.235,1978.241,5910.314,10284.85,2030.728,5999.245,10312.72,1981.396,6248.99,10349.82,2020.255,6178.779,10204.94,2016.508,6053.427,10462.36,1968.176,6101.926,9749.235,2008.945,5857.445,10402.87,1966.29,6252.288
10499.21,1975.98,6200.151,10341.2,1966.141,6331.353,10371.99,1955.12,6114.268,10018.84,1951.155,5718.476,10123.21,1976.812,6063.583,10290.58,1992.067,6093.747,10258.72,2014.702,6174.857,9823.96,1978.241,5909.005,10287.48,2030.728,5997.746,10315.3,1981.396,6247.418,10352.35,2020.255,6177.132,10207.57,2016.508,6051.937,10464.84,1968.176,6100.19,9752.034,2008.945,5856.303,10405.55,1966.29,6250.889
10501.02,1975.98,6198.629,10343.05,1966.141,6329.888,10374.06,1955.12,6113.132,10020.96,1951.155,5717.441,10125.02,1976.812,6062.07,10292.54,1992.067,6092.424,10260.74,2014.702,6173.638,9825.97,1978.241,5907.768,10289.5,2030.728,5996.528,10317.28,1981.396,6246.133,10354.3,2020.255,6175.801,10209.58,2016.508,6050.706,10466.81,1968.176,6098.898,9754.291,2008.945,5855.611,10407.6,1966.29,6249.729
10502.89,1975.98,6197.151,10344.96,1966.141,6328.468,10376.11,1955.12,6111.917,10023.14,1951.155,5716.465,10126.89,1976.812,6060.588,10294.51,1992.067,6091.087,10262.91,2014.702,6172.637,9828.041,1978.241,5906.583,10291.5,2030.728,5995.232,10319.24,1981.396,6244.776,10356.24,2020.255,6174.411,10211.58,2016.508,6049.396,10468.91,1968.176,6097.767,9756.548,2008.945,5854.837,10409.64,1966.29,6248.489
10505.42,1975.98,6195.287,10347.55,1966.141,6326.681,10378.76,1955.12,6110.229,10026.05,1951.155,5715.275,10129.42,1976.812,6058.719,10296.89,1992.067,6089.035,10265.71,2014.702,6171.227,9830.818,1978.241,5905.115,10294.15,2030.728,5993.542,10321.77,1981.396,6242.916,10358.75,2020.255,6172.524,10214.15,2016.508,6047.585,10471.63,1968.176,6096.187,9759.485,2008.945,5853.722,10412.38,1966.29,6246.951
10506.25,1975.98,6194.713,10348.4,1966.141,6326.132,10379.65,1955.12,6109.75,10026.98,1951.155,5714.888,10130.21,1976.812,6058.091,10297.63,1992.067,6088.341,10266.6,2014.702,6170.744,9831.724,1978.241,5904.664,10295,2030.728,5992.995,10322.57,1981.396,6242.293,10359.54,2020.255,6171.9,10214.96,2016.508,6046.986,10472.52,1968.176,6095.701,9760.419,2008.945,5853.332,10413.24,1966.29,6246.427
10508.49,1975.98,6193.276,10350.68,1966.141,6324.761,10381.96,1955.12,6108.411,10029.48,1951.155,5713.948,10132.46,1976.812,6056.668,10299.63,1992.067,6086.578,10268.9,2014.702,6169.395,9834.052,1978.241,5903.369,10297.21,2030.728,5991.503,10324.62,1981.396,6240.592,10361.6,2020.255,6170.211,10217.27,2016.508,6045.647,10474.81,1968.176,6094.343,9762.842,2008.945,5852.225,10415.48,1966.29,6244.974
10510.77,1975.98,6192.137,10352.9,1966.141,6323.522,10384.15,1955.12,6107.121,10031.81,1951.155,5712.941,10134.57,1976.812,6055.239,10301.59,1992.067,6084.958,10271.05,2014.702,6168.036,9836.314,1978.241,5902.206,10299.27,2030.728,5990.011,10326.53,1981.396,6238.911,10363.54,2020.255,6168.559,10219.42,2016.508,6044.297,10476.95,1968.176,6092.977,9765.12,2008.945,5851.093,10417.71,1966.29,6243.758
10512.04,1975.98,6191.445,10354.19,1966.141,6322.857,10385.37,1955.12,6106.344,10033.16,1951.155,5712.411,10135.74,1976.812,6054.385,10302.7,1992.067,6084.032,10272.25,2014.702,6167.221,9837.626,1978.241,5901.584,10300.42,2030.728,5989.121,10327.59,1981.396,6237.919,10364.62,2020.255,6167.595,10220.63,2016.508,6043.488,10478.15,1968.176,6092.157,9766.398,2008.945,5850.405,10418.96,1966.29,6243.023
10514.96,1975.98,6189.734,10357.15,1966.141,6321.208,10388.17,1955.12,6104.439,10036.14,1951.155,5710.794,10138.54,1976.812,6052.489,10305.38,1992.067,6081.958,10274.99,2014.702,6165.229,9840.765,1978.241,5900.316,10303.02,2030.728,5986.96,10330.1,1981.396,6235.654,10367.11,2020.255,6165.298,10223.37,2016.508,6041.508,10481.01,1968.176,6090.338,9769.43,2008.945,5848.899,10421.82,1966.29,6241.214
10516.74,1975.98,6188.615,10358.95,1966.141,6320.126,10389.87,1955.12,6103.203,10038.01,1951.155,5709.853,10140.27,1976.812,6051.294,10306.99,1992.067,6080.62,10276.64,2014.702,6163.94,9842.683,1978.241,5899.467,10304.45,2030.728,5985.419,10331.69,1981.396,6234.279,10368.62,2020.255,6163.846,10225.09,2016.508,6040.301,10482.74,1968.176,6089.154,9771.273,2008.945,5847.898,10423.56,1966.29,6240.041
10517.48,1975.98,6188.114,10359.7,1966.141,6319.641,10390.57,1955.12,6102.653,10038.82,1951.155,5709.479,10141,1976.812,6050.783,10307.72,1992.067,6080.096,10277.33,2014.702,6163.368,9843.487,1978.241,5899.079,10305.07,2030.728,5984.783,10332.37,1981.396,6233.708,10369.25,2020.255,6163.217,10225.8,2016.508,6039.763,10483.47,1968.176,6088.636,9772.072,2008.945,5847.498,10424.29,1966.29,6239.52
10521.18,1975.98,6185.426,10363.46,1966.141,6317.03,10394.29,1955.12,6099.989,10043.04,1951.155,5707.698,10144.67,1976.812,6048.044,10311.59,1992.067,6077.664,10281.07,2014.702,6160.728,9847.824,1978.241,5897.622,10308.39,2030.728,5981.633,10335.94,1981.396,6230.85,10372.44,2020.255,6159.938,10229.36,2016.508,6036.891,10487.44,1968.176,6086.365,9776.181,2008.945,5845.486,10427.92,1966.29,6236.743
10522.51,1975.98,6184.231,10364.99,1966.141,6316.114,10395.71,1955.12,6098.902,10044.71,1951.155,5707.058,10146.06,1976.812,6046.929,10313.07,1992.067,6076.666,10282.59,2014.702,6159.792,9849.498,1978.241,5896.998,10309.72,2030.728,5980.447,10337.36,1981.396,6229.764,10373.66,2020.255,6158.637,10230.59,2016.508,6035.595,10489.01,1968.176,6085.527,9777.81,2008.945,5844.753,10429.31,1966.29,6235.619
10524.31,1975.98,6182.71,10366.97,1966.141,6314.837,10397.61,1955.12,6097.502,10046.93,1951.155,5706.283,10147.85,1976.812,6045.396,10314.99,1992.067,6075.283,10284.56,2014.702,6158.501,9851.682,1978.241,5896.102,10311.54,2030.728,5978.937,10339.26,1981.396,6228.37,10375.25,2020.255,6156.892,10232.27,2016.508,6033.937,10491.06,1968.176,6084.352,9779.989,2008.945,5843.848,10431.1,1966.29,6234.083
10525.65,1975.98,6181.657,10368.4,1966.141,6313.915,10398.94,1955.12,6096.449,10048.52,1951.155,5705.673,10149.11,1976.812,6044.249,10316.33,1992.067,6074.242,10285.96,2014.702,6157.524,9853.233,1978.241,5895.404,10312.83,2030.728,5977.823,10340.66,1981.396,6227.396,10376.38,2020.255,6155.615,10233.52,2016.508,6032.781,10492.51,1968.176,6083.457,9781.581,2008.945,5843.247,10432.36,1966.29,6232.94
10528.09,1975.98,6179.054,10371.34,1966.141,6311.883,10401.78,1955.12,6094.284,10051.61,1951.155,5703.88,10152.03,1976.812,6042.191,10319.08,1992.067,6071.966,10288.98,2014.702,6155.621,9856.394,1978.241,5893.744,10315.45,2030.728,5975.4,10343.63,1981.396,6225.419,10378.69,2020.255,6152.902,10236.22,2016.508,6030.444,10495.48,1968.176,6081.48,9784.878,2008.945,5841.876,10434.95,1966.29,6230.482
10529,1975.98,6178.153,10372.36,1966.141,6311.124,10402.77,1955.12,6093.477,10052.73,1951.155,5703.276,10153.05,1976.812,6041.422,10320.11,1992.067,6071.214,10290.03,2014.702,6154.906,9857.542,1978.241,5893.188,10316.41,2030.728,5974.565,10344.71,1981.396,6224.739,10379.54,2020.255,6151.952,10237.05,2016.508,6029.478,10496.52,1968.176,6080.74,9786.039,2008.945,5841.349,10435.85,1966.29,6229.579
10530.52,1975.98,6176.693,10374.18,1966.141,6310.034,10404.51,1955.12,6092.282,10054.56,1951.155,5702.218,10154.69,1976.812,6040.092,10321.78,1992.067,6069.913,10291.75,2014.702,6153.665,9859.474,1978.241,5892.329,10317.96,2030.728,5973.13,10346.52,1981.396,6223.654,10380.99,2020.255,6150.41,10238.48,2016.508,6027.922,10498.2,1968.176,6079.458,9787.935,2008.945,5840.411,10437.31,1966.29,6228.047
10532.17,1975.98,6174.834,10376.26,1966.141,6308.687,10406.51,1955.12,6090.814,10056.75,1951.155,5701.047,10156.57,1976.812,6038.471,10323.68,1992.067,6068.323,10293.7,2014.702,6152.144,9861.705,1978.241,5891.248,10319.77,2030.728,5971.43,10348.68,1981.396,6222.436,10382.72,2020.255,6148.637,10240.22,2016.508,6026.154,10500.15,1968.176,6077.922,9790.174,2008.945,5839.346,10438.98,1966.29,6226.22
10533.66,1975.98,6173.402,10377.96,1966.141,6307.506,10408.14,1955.12,6089.536,10058.6,1951.155,5700.131,10158.08,1976.812,6037.067,10325.22,1992.067,6066.946,10295.3,2014.702,6150.823,9863.536,1978.241,5890.285,10321.36,2030.728,5970.111,10350.45,1981.396,6221.36,10384.22,2020.255,6147.206,10241.65,2016.508,6024.656,10501.73,1968.176,6076.589,9792.012,2008.945,5838.396,10440.34,1966.29,6224.663
10535.31,1975.98,6171.712,10379.85,1966.141,6306.096,10410.03,1955.12,6088.117,10060.74,1951.155,5699.12,10159.77,1976.812,6035.409,10326.94,1992.067,6065.316,10297.06,2014.702,6149.256,9865.591,1978.241,5889.118,10323.13,2030.728,5968.545,10352.42,1981.396,6220.066,10385.98,2020.255,6145.628,10243.33,2016.508,6023,10503.58,1968.176,6075.119,9794.138,2008.945,5837.366,10441.86,1966.29,6222.853
10536.9,1975.98,6169.973,10381.7,1966.141,6304.628,10411.86,1955.12,6086.641,10062.74,1951.155,5697.883,10161.5,1976.812,6033.817,10328.49,1992.067,6063.542,10298.78,2014.702,6147.637,9867.669,1978.241,5888.008,10324.85,2030.728,5966.927,10354.35,1981.396,6218.712,10387.78,2020.255,6144.112,10244.96,2016.508,6021.294,10505.38,1968.176,6073.593,9796.223,2008.945,5836.269,10443.34,1966.29,6221.016
10538.57,1975.98,6168.305,10383.5,1966.141,6303.095,10413.66,1955.12,6085.1,10064.8,1951.155,5696.708,10163.22,1976.812,6032.187,10330.1,1992.067,6061.815,10300.44,2014.702,6145.957,9869.815,1978.241,5887.016,10326.51,2030.728,5965.248,10356.24,1981.396,6217.291,10389.64,2020.255,6142.651,10246.53,2016.508,6019.53,10507.13,1968.176,6072.004,9798.351,2008.945,5835.238,10444.77,1966.29,6219.14
10540.7,1975.98,6166.042,10385.79,1966.141,6301.004,10415.98,1955.12,6083.032,10067.54,1951.155,5695.251,10165.4,1976.812,6029.97,10332.3,1992.067,6059.614,10302.55,2014.702,6143.678,9872.593,1978.241,5885.621,10328.63,2030.728,5962.97,10358.67,1981.396,6215.345,10392.14,2020.255,6140.81,10248.68,2016.508,6017.28,10509.36,1968.176,6069.841,9800.961,2008.945,5833.55,10446.74,1966.29,6216.736
10541.96,1975.98,6164.617,10387.16,1966.141,6299.682,10417.38,1955.12,6081.75,10069.25,1951.155,5694.417,10166.75,1976.812,6028.635,10333.74,1992.067,6058.381,10303.8,2014.702,6142.245,9874.26,1978.241,5884.713,10329.87,2030.728,5961.538,10360.11,1981.396,6214.11,10393.71,2020.255,6139.736,10249.94,2016.508,6015.864,10510.68,1968.176,6068.477,9802.588,2008.945,5832.573,10447.99,1966.29,6215.307
10543.32,1975.98,6163.054,10388.59,1966.141,6298.192,10418.86,1955.12,6080.304,10071.13,1951.155,5693.57,10168.17,1976.812,6027.133,10335.27,1992.067,6056.985,10305.11,2014.702,6140.647,9876.174,1978.241,5883.926,10331.18,2030.728,5959.932,10361.64,1981.396,6212.715,10395.38,2020.255,6138.511,10251.31,2016.508,6014.314,10512.17,1968.176,6067.043,9804.396,2008.945,5831.565,10449.4,1966.29,6213.793
10544.92,1975.98,6161.323,10390.29,1966.141,6296.547,10420.44,1955.12,6078.555,10073.23,1951.155,5692.473,10169.78,1976.812,6025.407,10336.96,1992.067,6055.337,10306.67,2014.702,6138.874,9878.342,1978.241,5882.992,10332.73,2030.728,5958.15,10363.33,1981.396,6211.07,10397.23,2020.255,6137.051,10252.93,2016.508,6012.598,10513.82,1968.176,6065.354,9806.4,2008.945,5830.319,10451.07,1966.29,6212.119
10546.47,1975.98,6159.539,10392.17,1966.141,6295.124,10422.09,1955.12,6076.859,10075.35,1951.155,5691.445,10171.33,1976.812,6023.629,10338.84,1992.067,6053.909,10308.27,2014.702,6137.132,9880.479,1978.241,5881.988,10334.32,2030.728,5956.404,10364.97,1981.396,6209.371,10399.04,2020.255,6135.531,10254.5,2016.508,6010.829,10515.49,1968.176,6063.688,9808.445,2008.945,5829.139,10452.79,1966.29,6210.498
10548.37,1975.98,6157.394,10394.4,1966.141,6293.319,10424.04,1955.12,6074.753,10077.97,1951.155,5690.281,10173.15,1976.812,6021.408,10341.06,1992.067,6052.098,10310.27,2014.702,6135.08,9883.034,1978.241,5880.683,10336.32,2030.728,5954.347,10366.89,1981.396,6207.243,10401.17,2020.255,6133.613,10256.42,2016.508,6008.696,10517.46,1968.176,6061.597,9810.847,2008.945,5827.567,10454.93,1966.29,6208.594
10549.77,1975.98,6155.575,10396.14,1966.141,6291.82,10425.65,1955.12,6073.124,10079.94,1951.155,5689.096,10174.66,1976.812,6019.682,10342.79,1992.067,6050.594,10311.76,2014.702,6133.333,9885.041,1978.241,5879.574,10337.72,2030.728,5952.53,10368.38,1981.396,6205.496,10402.91,2020.255,6132.112,10258.01,2016.508,6007.044,10518.97,1968.176,6059.876,9812.805,2008.945,5826.375,10456.7,1966.29,6207.129
10550.99,1975.98,6154.094,10397.54,1966.141,6290.52,10426.98,1955.12,6071.748,10081.61,1951.155,5688.16,10175.97,1976.812,6018.281,10344.2,1992.067,6049.29,10313.04,2014.702,6131.913,9886.688,1978.241,5878.592,10338.93,2030.728,5951.051,10369.57,1981.396,6203.999,10404.33,2020.255,6130.827,10259.29,2016.508,6005.62,10520.19,1968.176,6058.396,9814.474,2008.945,5825.433,10458.21,1966.29,6205.951
10552.54,1975.98,6152.319,10399.36,1966.141,6289.012,10428.59,1955.12,6070.017,10083.71,1951.155,5687.074,10177.54,1976.812,6016.521,10345.88,1992.067,6047.628,10314.69,2014.702,6130.217,9888.718,1978.241,5877.387,10340.5,2030.728,5949.278,10370.99,1981.396,6202.111,10406.05,2020.255,6129.209,10260.93,2016.508,6003.918,10521.75,1968.176,6056.624,9816.49,2008.945,5824.205,10460.12,1966.29,6204.56
10554.15,1975.98,6150.589,10401.18,1966.141,6287.504,10430.24,1955.12,6068.329,10085.84,1951.155,5686.057,10178.85,1976.812,6014.558,10347.61,1992.067,6046.024,10316.28,2014.702,6128.469,9890.708,1978.241,5876.116,10342.11,2030.728,5947.558,10372.43,1981.396,6200.243,10407.73,2020.255,6127.558,10262.51,2016.508,6002.164,10523.36,1968.176,6054.891,9818.38,2008.945,5822.789,10461.98,1966.29,6203.107
10555.81,1975.98,6148.917,10402.94,1966.141,6285.941,10431.83,1955.12,6066.592,10087.98,1951.155,5685.069,10180.23,1976.812,6012.643,10349.31,1992.067,6044.391,10317.67,2014.702,6126.572,9892.725,1978.241,5874.898,10343.76,2030.728,5945.875,10373.9,1981.396,6198.397,10409.38,2020.255,6125.879,10264.02,2016.508,6000.363,10525.07,1968.176,6053.279,9820.138,2008.945,5821.221,10463.79,1966.29,6201.598
10557.42,1975.98,6147.183,10404.66,1966.141,6284.313,10433.37,1955.12,6064.795,10090.14,1951.155,5684.116,10181.54,1976.812,6010.675,10350.96,1992.067,6042.694,10319.14,2014.702,6124.712,9894.71,1978.241,5873.61,10345.36,2030.728,5944.129,10375.39,1981.396,6196.562,10411.01,2020.255,6124.163,10265.49,2016.508,5998.504,10526.75,1968.176,6051.604,9821.955,2008.945,5819.705,10465.55,1966.29,6200.022
10559.58,1975.98,6144.947,10406.85,1966.141,6282.103,10435.32,1955.12,6062.372,10093.03,1951.155,5682.958,10183.18,1976.812,6008.035,10353.05,1992.067,6040.396,10320.98,2014.702,6122.208,9897.262,1978.241,5871.833,10347.38,2030.728,5941.77,10377.38,1981.396,6194.179,10413.11,2020.255,6121.872,10267.71,2016.508,5996.326,10528.87,1968.176,6049.333,9824.326,2008.945,5817.693,10467.8,1966.29,6197.878
10560.86,1975.98,6143.54,10408.14,1966.141,6280.71,10436.46,1955.12,6060.854,10094.77,1951.155,5682.194,10184.24,1976.812,6006.457,10354.28,1992.067,6038.952,10322.05,2014.702,6120.643,9898.783,1978.241,5870.697,10348.57,2030.728,5940.289,10378.62,1981.396,6192.741,10414.37,2020.255,6120.452,10269.02,2016.508,5994.953,10530.12,1968.176,6047.905,9825.813,2008.945,5816.514,10469.14,1966.29,6196.526
10562.2,1975.98,6141.959,10409.49,1966.141,6279.145,10437.75,1955.12,6059.231,10096.69,1951.155,5681.423,10185.29,1976.812,6004.674,10355.58,1992.067,6037.332,10323.28,2014.702,6118.974,9900.215,1978.241,5869.199,10349.82,2030.728,5938.631,10380,1981.396,6191.192,10415.72,2020.255,6118.881,10270.4,2016.508,5993.407,10531.43,1968.176,6046.301,9827.479,2008.945,5815.279,10470.55,1966.29,6195.006
10564.21,1975.98,6139.414,10411.54,1966.141,6276.622,10439.69,1955.12,6056.622,10099.78,1951.155,5680.41,10186.97,1976.812,6001.893,10357.8,1992.067,6034.966,10325.19,2014.702,6116.341,9902.535,1978.241,5866.925,10351.95,2030.728,5936.185,10382.19,1981.396,6188.799,10417.8,2020.255,6116.386,10272.48,2016.508,5990.915,10533.41,1968.176,6043.722,9830.023,2008.945,5813.26,10472.68,1966.29,6192.557
10564.68,1975.98,6138.782,10412.02,1966.141,6275.996,10440.13,1955.12,6055.975,10100.51,1951.155,5680.14,10187.4,1976.812,6001.229,10358.33,1992.067,6034.376,10325.63,2014.702,6115.689,9903.114,1978.241,5866.393,10352.45,2030.728,5935.576,10382.73,1981.396,6188.229,10418.3,2020.255,6115.775,10272.97,2016.508,5990.298,10533.87,1968.176,6043.083,9830.623,2008.945,5812.751,10473.18,1966.29,6191.948
10566.56,1975.98,6136.065,10413.93,1966.141,6273.3,10441.92,1955.12,6053.199,10103.65,1951.155,5679.11,10188.74,1976.812,5998.213,10360.43,1992.067,6031.829,10327.56,2014.702,6113.013,9905.466,1978.241,5864.073,10354.57,2030.728,5933.042,10385.05,1981.396,6185.872,10420.34,2020.255,6113.181,10274.93,2016.508,5987.642,10535.7,1968.176,6040.334,9833.135,2008.945,5810.607,10475.19,1966.29,6189.329
10568.3,1975.98,6133.84,10415.63,1966.141,6271.053,10443.4,1955.12,6050.792,10106.3,1951.155,5678.143,10189.98,1976.812,5995.676,10362.15,1992.067,6029.596,10329.19,2014.702,6110.708,9907.538,1978.241,5862.159,10356.31,2030.728,5930.82,10387.06,1981.396,6183.895,10422.05,2020.255,6110.942,10276.54,2016.508,5985.319,10537.55,1968.176,6038.207,9835.32,2008.945,5808.823,10476.84,1966.29,6187.044
10569.67,1975.98,6132.323,10416.76,1966.141,6269.342,10444.52,1955.12,6049.081,10108.25,1951.155,5677.512,10190.93,1976.812,5993.865,10363.51,1992.067,6028.063,10330.24,2014.702,6108.951,9908.943,1978.241,5860.668,10357.68,2030.728,5929.296,10388.54,1981.396,6182.487,10423.28,2020.255,6109.301,10277.68,2016.508,5983.622,10538.84,1968.176,6036.619,9836.863,2008.945,5807.476,10478,1966.29,6185.354
10571.05,1975.98,6130.706,10417.98,1966.141,6267.608,10445.74,1955.12,6047.347,10110.28,1951.155,5676.888,10191.98,1976.812,5992.021,10364.86,1992.067,6026.429,10331.39,2014.702,6107.167,9910.357,1978.241,5859.086,10359.04,2030.728,5927.672,10390.11,1981.396,6181.06,10424.52,2020.255,6107.585,10278.93,2016.508,5981.903,10540.13,1968.176,6034.931,9838.415,2008.945,5806.029,10479.16,1966.29,6183.576
10572.61,1975.98,6128.781,10419.48,1966.141,6265.629,10447.24,1955.12,6045.367,10112.63,1951.155,5676.08,10193.28,1976.812,5989.907,10366.38,1992.067,6024.467,10332.8,2014.702,6105.126,9912.07,1978.241,5857.291,10360.81,2030.728,5925.93,10391.98,1981.396,6179.428,10425.96,2020.255,6105.561,10280.31,2016.508,5979.847,10541.81,1968.176,6033.106,9840.254,2008.945,5804.363,10480.46,1966.29,6181.467
10575.61,1975.98,6125.672,10422.19,1966.141,6262.271,10449.73,1955.12,6041.842,10116.76,1951.155,5674.826,10195.17,1976.812,5986.02,10368.92,1992.067,6020.969,10335.07,2014.702,6101.45,9914.816,1978.241,5853.958,10363.78,2030.728,5922.798,10395.14,1981.396,6176.485,10428.57,2020.255,6102.12,10282.85,2016.508,5976.348,10544.63,1968.176,6029.837,9843.513,2008.945,5801.529,10482.85,1966.29,6177.87
10576.53,1975.98,6124.658,10423.02,1966.141,6261.18,10450.46,1955.12,6040.682,10118.05,1951.155,5674.386,10195.8,1976.812,5984.81,10369.86,1992.067,6019.979,10335.82,2014.702,6100.311,9915.72,1978.241,5852.932,10364.69,2030.728,5921.776,10396.11,1981.396,6175.523,10429.5,2020.255,6101.121,10283.69,2016.508,5975.275,10545.56,1968.176,6028.83,9844.533,2008.945,5800.619,10483.65,1966.29,6176.756
10576.83,1975.98,6124.298,10423.29,1966.141,6260.795,10450.72,1955.12,6040.29,10118.5,1951.155,5674.227,10196,1976.812,5984.383,10370.17,1992.067,6019.627,10336.09,2014.702,6099.927,9916.042,1978.241,5852.588,10365.01,2030.728,5921.429,10396.44,1981.396,6175.181,10429.81,2020.255,6100.766,10283.97,2016.508,5974.896,10545.86,1968.176,6028.472,9844.895,2008.945,5800.317,10483.93,1966.29,6176.381
10579.39,1975.98,6121.297,10425.27,1966.141,6257.389,10453.01,1955.12,6037.085,10122.16,1951.155,5672.776,10197.77,1976.812,5980.863,10372.7,1992.067,6016.601,10338.14,2014.702,6096.555,9918.835,1978.241,5849.806,10367.58,2030.728,5918.437,10399.05,1981.396,6172.232,10432.3,2020.255,6097.712,10286.21,2016.508,5971.649,10548.33,1968.176,6025.398,9847.837,2008.945,5797.693,10486.42,1966.29,6173.322
10580.62,1975.98,6119.742,10426.33,1966.141,6255.706,10454.22,1955.12,6035.509,10124.03,1951.155,5672.104,10198.73,1976.812,5979.119,10373.94,1992.067,6015.045,10339.19,2014.702,6094.871,9920.224,1978.241,5848.384,10368.84,2030.728,5916.904,10400.32,1981.396,6170.704,10433.51,2020.255,6096.133,10287.28,2016.508,5969.976,10549.53,1968.176,6023.808,9849.253,2008.945,5796.298,10487.72,1966.29,6171.821
10581.23,1975.98,6118.933,10426.89,1966.141,6254.869,10454.84,1955.12,6034.712,10124.97,1951.155,5671.732,10199.13,1976.812,5978.192,10374.54,1992.067,6014.241,10339.74,2014.702,6094.025,9920.952,1978.241,5847.686,10369.46,2030.728,5916.105,10400.94,1981.396,6169.908,10434.21,2020.255,6095.404,10287.72,2016.508,5969.068,10550.13,1968.176,6023,9849.989,2008.945,5795.607,10488.41,1966.29,6171.08
10583.35,1975.98,6116.04,10428.99,1966.141,6251.962,10457.38,1955.12,6032.175,10128.26,1951.155,5670.302,10200.64,1976.812,5974.942,10376.65,1992.067,6011.337,10341.75,2014.702,6091.054,9923.621,1978.241,5845.291,10371.71,2030.728,5913.312,10403.06,1981.396,6167.01,10436.6,2020.255,6092.734,10289.4,2016.508,5965.897,10552.18,1968.176,6020.059,9852.247,2008.945,5792.822,10490.92,1966.29,6168.527
10584.98,1975.98,6114.246,10430.48,1966.141,6250.043,10459.04,1955.12,6030.402,10130.45,1951.155,5669.262,10201.74,1976.812,5972.777,10378.03,1992.067,6009.343,10343.14,2014.702,6089.068,9925.373,1978.241,5843.611,10373.17,2030.728,5911.373,10404.42,1981.396,6165.004,10438.16,2020.255,6090.876,10290.6,2016.508,5963.789,10553.64,1968.176,6018.115,9853.836,2008.945,5790.987,10492.68,1966.29,6166.854
10586.14,1975.98,6112.881,10431.53,1966.141,6248.59,10460.22,1955.12,6029.053,10132.07,1951.155,5668.488,10202.44,1976.812,5971.128,10379.02,1992.067,6007.85,10344.2,2014.702,6087.622,9926.626,1978.241,5842.329,10374.2,2030.728,5909.908,10405.38,1981.396,6163.491,10439.27,2020.255,6089.466,10291.54,2016.508,5962.261,10554.66,1968.176,6016.644,9855.054,2008.945,5789.671,10494.02,1966.29,6165.66
10588.24,1975.98,6110.255,10433.4,1966.141,6245.799,10462.35,1955.12,6026.454,10135.23,1951.155,5667.36,10203.83,1976.812,5968.069,10380.83,1992.067,6005.02,10346.24,2014.702,6084.955,9928.609,1978.241,5839.617,10376.05,2030.728,5907.103,10407.09,1981.396,6160.598,10441.41,2020.255,6086.876,10293.56,2016.508,5959.578,10556.41,1968.176,6013.774,9857.415,2008.945,5787.281,10496.6,1966.29,6163.503
10589.67,1975.98,6108.375,10434.78,1966.141,6243.878,10463.78,1955.12,6024.577,10137.51,1951.155,5666.709,10204.88,1976.812,5965.949,10382.07,1992.067,6003.006,10347.72,2014.702,6083.11,9930.067,1978.241,5837.755,10377.42,2030.728,5905.171,10408.36,1981.396,6158.603,10442.95,2020.255,6085.088,10294.92,2016.508,5957.645,10557.54,1968.176,6011.698,9859.021,2008.945,5785.545,10498.36,1966.29,6161.929
10591.18,1975.98,6106.56,10436.22,1966.141,6242.009,10465.16,1955.12,6022.658,10139.75,1951.155,5665.986,10205.99,1976.812,5963.869,10383.37,1992.067,6001.038,10349.13,2014.702,6081.222,9931.475,1978.241,5835.861,10378.71,2030.728,5903.201,10409.69,1981.396,6156.655,10444.53,2020.255,6083.335,10296.22,2016.508,5955.672,10558.74,1968.176,6009.664,9860.637,2008.945,5783.827,10500.07,1966.29,6160.304
10592.01,1975.98,6105.487,10437.08,1966.141,6240.96,10465.91,1955.12,6021.528,10141.03,1951.155,5665.528,10206.65,1976.812,5962.68,10384.15,1992.067,5999.93,10349.91,2014.702,6080.108,9932.32,1978.241,5834.798,10379.42,2030.728,5902.043,10410.47,1981.396,6155.542,10445.42,2020.255,6082.312,10296.96,2016.508,5954.533,10559.32,1968.176,6008.438,9861.633,2008.945,5782.903,10501.03,1966.29,6159.338
10593.43,1975.98,6103.526,10438.83,1966.141,6239.285,10467.38,1955.12,6019.604,10143.28,1951.155,5664.636,10207.89,1976.812,5960.598,10385.49,1992.067,5997.909,10351.37,2014.702,6078.169,9933.89,1978.241,5832.953,10380.76,2030.728,5900.02,10411.88,1981.396,6153.571,10446.98,2020.255,6080.46,10298.21,2016.508,5952.46,10560.44,1968.176,6006.288,9863.354,2008.945,5781.198,10502.68,1966.29,6157.565
10594.96,1975.98,6101.728,10440.48,1966.141,6237.599,10468.75,1955.12,6017.685,10145.45,1951.155,5663.697,10209.23,1976.812,5958.657,10386.53,1992.067,5995.792,10352.72,2014.702,6076.237,9935.475,1978.241,5831.207,10381.99,2030.728,5898.009,10413.27,1981.396,6151.667,10448.48,2020.255,6078.635,10299.28,2016.508,5950.357,10561.59,1968.176,6004.23,9864.974,2008.945,5779.485,10504.23,1966.29,6155.792
10597.07,1975.98,6099.071,10442.77,1966.141,6235.098,10470.63,1955.12,6014.86,10148.66,1951.155,5662.612,10211.06,1976.812,5955.804,10388.13,1992.067,5992.799,10354.57,2014.702,6073.394,9937.543,1978.241,5828.518,10383.67,2030.728,5895.06,10415.3,1981.396,6148.953,10450.58,2020.255,6075.979,10300.91,2016.508,5947.383,10563.17,1968.176,6001.231,9866.897,2008.945,5776.69,10506.39,1966.29,6153.176
10598.45,1975.98,6097.497,10444.14,1966.141,6233.507,10471.73,1955.12,6013.079,10150.62,1951.155,5661.877,10212.32,1976.812,5954.125,10388.96,1992.067,5990.878,10355.56,2014.702,6071.55,9938.766,1978.241,5826.815,10384.96,2030.728,5893.407,10416.58,1981.396,6147.291,10451.86,2020.255,6074.32,10301.98,2016.508,5945.58,10564.03,1968.176,5999.319,9868.142,2008.945,5775.004,10507.68,1966.29,6151.523
10598.97,1975.98,6096.864,10444.65,1966.141,6232.867,10472.2,1955.12,6012.404,10151.38,1951.155,5661.564,10212.79,1976.812,5953.452,10389.32,1992.067,5990.137,10355.9,2014.702,6070.802,9939.179,1978.241,5826.106,10385.44,2030.728,5892.744,10417.08,1981.396,6146.646,10452.36,2020.255,6073.664,10302.29,2016.508,5944.819,10564.39,1968.176,5998.583,9868.594,2008.945,5774.319,10508.17,1966.29,6150.862
10601.16,1975.98,6094.025,10446.8,1966.141,6230,10474.14,1955.12,6009.393,10154.65,1951.155,5660.092,10214.74,1976.812,5950.448,10390.96,1992.067,5986.952,10357.49,2014.702,6067.589,9941.083,1978.241,5823.071,10387.45,2030.728,5889.781,10419.34,1981.396,6143.864,10454.47,2020.255,6070.775,10303.74,2016.508,5941.546,10566.07,1968.176,5995.418,9870.468,2008.945,5771.266,10510.21,1966.29,6147.918
10602.28,1975.98,6092.472,10447.9,1966.141,6228.433,10475.13,1955.12,6007.757,10156.37,1951.155,5659.249,10215.73,1976.812,5948.811,10391.88,1992.067,5985.279,10358.39,2014.702,6065.902,9942.152,1978.241,5821.485,10388.48,2030.728,5888.165,10420.56,1981.396,6142.395,10455.58,2020.255,6069.219,10304.48,2016.508,5939.78,10567.02,1968.176,5993.758,9871.521,2008.945,5769.669,10511.25,1966.29,6146.318
10604.54,1975.98,6089.333,10449.94,1966.141,6225.146,10477.03,1955.12,6004.384,10159.78,1951.155,5657.431,10217.84,1976.812,5945.568,10393.87,1992.067,5981.958,10360.33,2014.702,6062.552,9944.419,1978.241,5818.349,10390.44,2030.728,5884.829,10423.08,1981.396,6139.462,10457.8,2020.255,6066.048,10306.08,2016.508,5936.258,10569.06,1968.176,5990.467,9873.647,2008.945,5766.436,10513.29,1966.29,6143.027
10605.25,1975.98,6088.28,10450.56,1966.141,6224.039,10477.69,1955.12,6003.299,10160.87,1951.155,5656.776,10218.5,1976.812,5944.482,10394.54,1992.067,5980.881,10361,2014.702,6061.474,9945.274,1978.241,5817.412,10391.11,2030.728,5883.754,10423.88,1981.396,6138.473,10458.51,2020.255,6065,10306.64,2016.508,5935.12,10569.69,1968.176,5989.366,9874.379,2008.945,5765.399,10513.93,1966.29,6141.93
10606.08,1975.98,6086.957,10451.37,1966.141,6222.703,10478.45,1955.12,6001.939,10162.23,1951.155,5656.017,10219.37,1976.812,5943.191,10395.41,1992.067,5979.583,10361.68,2014.702,6060.071,9946.288,1978.241,5816.226,10391.9,2030.728,5882.407,10424.87,1981.396,6137.272,10459.38,2020.255,6063.706,10307.38,2016.508,5933.745,10570.42,1968.176,5987.985,9875.319,2008.945,5764.154,10514.68,1966.29,6140.562
10608.4,1975.98,6082.966,10453.88,1966.141,6218.831,10480.4,1955.12,5997.752,10166.34,1951.155,5653.901,10222.18,1976.812,5939.526,10398,1992.067,5975.765,10363.61,2014.702,6055.876,9949.478,1978.241,5812.888,10394.09,2030.728,5878.345,10427.7,1981.396,6133.625,10461.91,2020.255,6059.849,10309.7,2016.508,5929.751,10572.7,1968.176,5983.974,9878.222,2008.945,5760.564,10516.8,1966.29,6136.463
10609.24,1975.98,6081.407,10454.79,1966.141,6217.314,10481.2,1955.12,5996.171,10167.99,1951.155,5653.269,10223.21,1976.812,5938.086,10399.03,1992.067,5974.326,10364.4,2014.702,6054.292,9950.659,1978.241,5811.568,10394.83,2030.728,5876.736,10428.74,1981.396,6132.19,10462.86,2020.255,6058.353,10310.54,2016.508,5928.196,10573.7,1968.176,5982.513,9879.38,2008.945,5759.224,10517.57,1966.29,6134.871
10609.83,1975.98,6080.205,10455.45,1966.141,6216.144,10481.84,1955.12,5994.994,10169.23,1951.155,5652.749,10223.96,1976.812,5936.97,10399.83,1992.067,5973.25,10365.04,2014.702,6053.112,9951.586,1978.241,5810.598,10395.43,2030.728,5875.536,10429.5,1981.396,6131.079,10463.56,2020.255,6057.21,10311.23,2016.508,5927.04,10574.42,1968.176,5981.381,9880.29,2008.945,5758.238,10518.13,1966.29,6133.65
10610.55,1975.98,6078.643,10456.25,1966.141,6214.626,10482.71,1955.12,5993.515,10170.79,1951.155,5652.032,10224.86,1976.812,5935.511,10400.89,1992.067,5971.898,10365.79,2014.702,6051.568,9952.718,1978.241,5809.307,10396.25,2030.728,5874.026,10430.41,1981.396,6129.626,10464.44,2020.255,6055.737,10312,2016.508,5925.508,10575.3,1968.176,5979.904,9881.495,2008.945,5757.015,10518.89,1966.29,6132.111
10612.58,1975.98,6074.547,10457.77,1966.141,6210.31,10484.96,1955.12,5989.53,10174.88,1951.155,5649.988,10227.24,1976.812,5931.601,10403.63,1992.067,5968.234,10367.81,2014.702,6047.469,9955.733,1978.241,5805.868,10398.56,2030.728,5870.078,10432.72,1981.396,6125.68,10466.76,2020.255,6051.794,10314.2,2016.508,5921.498,10577.5,1968.176,5975.896,9884.965,2008.945,5754.034,10521.05,1966.29,6128.081
10612.83,1975.98,6074.012,10457.98,1966.141,6209.761,10485.26,1955.12,5989.027,10175.43,1951.155,5649.77,10227.53,1976.812,5931.088,10403.97,1992.067,5967.756,10368.08,2014.702,6046.943,9956.136,1978.241,5805.438,10398.84,2030.728,5869.561,10433.01,1981.396,6125.163,10467.05,2020.255,6051.282,10314.5,2016.508,5920.992,10577.77,1968.176,5975.371,9885.386,2008.945,5753.623,10521.35,1966.29,6127.571
10614.23,1975.98,6070.125,10459.59,1966.141,6205.955,10487.52,1955.12,5985.564,10179.21,1951.155,5648.114,10229.67,1976.812,5927.557,10406.31,1992.067,5964.349,10369.94,2014.702,6043.256,9958.647,1978.241,5802.157,10400.81,2030.728,5865.925,10434.86,1981.396,6121.471,10469.05,2020.255,6047.668,10316.72,2016.508,5917.506,10579.96,1968.176,5971.87,9888.247,2008.945,5750.642,10523.53,1966.29,6124.063
10614.45,1975.98,6069.578,10459.83,1966.141,6205.42,10487.82,1955.12,5985.061,10179.74,1951.155,5647.86,10229.94,1976.812,5927.034,10406.63,1992.067,5963.857,10370.21,2014.702,6042.732,9959.021,1978.241,5801.701,10401.07,2030.728,5865.398,10435.11,1981.396,6120.938,10469.33,2020.255,6047.152,10317.02,2016.508,5917,10580.26,1968.176,5971.363,9888.655,2008.945,5750.218,10523.86,1966.29,6123.574
10615.37,1975.98,6067.461,10460.87,1966.141,6203.354,10488.96,1955.12,5983.046,10181.9,1951.155,5647.021,10230.81,1976.812,5924.892,10407.87,1992.067,5961.91,10371.27,2014.702,6040.682,9960.473,1978.241,5799.905,10402.16,2030.728,5863.363,10436.02,1981.396,6118.813,10470.49,2020.255,6045.157,10318.13,2016.508,5914.975,10581.62,1968.176,5969.49,9890.203,2008.945,5748.503,10525.08,1966.29,6121.614
10616.39,1975.98,6065.328,10461.99,1966.141,6201.274,10490.18,1955.12,5981.024,10184.1,1951.155,5646.164,10231.76,1976.812,5922.731,10409.11,1992.067,5959.898,10372.36,2014.702,6038.589,9962.018,1978.241,5798.116,10403.35,2030.728,5861.318,10436.87,1981.396,6116.61,10471.74,2020.255,6043.147,10319.27,2016.508,5912.904,10582.94,1968.176,5967.529,9891.729,2008.945,5746.697,10526.27,1966.29,6119.573
10617.47,1975.98,6063.234,10463.17,1966.141,6199.237,10491.23,1955.12,5978.914,10186.27,1951.155,5645.238,10232.79,1976.812,5920.608,10410.32,1992.067,5957.877,10373.47,2014.702,6036.508,9963.499,1978.241,5796.284,10404.5,2030.728,5859.262,10437.66,1981.396,6114.388,10473.02,2020.255,6041.173,10320.34,2016.508,5910.803,10584.19,1968.176,5965.533,9893.049,2008.945,5744.745,10527.4,1966.29,6117.503
10618.63,1975.98,6061.173,10464.43,1966.141,6197.235,10492.35,1955.12,5976.834,10188.41,1951.155,5644.239,10233.88,1976.812,5918.516,10411.51,1992.067,5955.837,10374.59,2014.702,6034.43,9964.923,1978.241,5794.399,10405.58,2030.728,5857.165,10438.37,1981.396,6112.138,10474.27,2020.255,6039.17,10321.41,2016.508,5908.698,10585.38,1968.176,5963.492,9894.436,2008.945,5742.833,10528.47,1966.29,6115.397
10619.71,1975.98,6059.072,10465.61,1966.141,6195.188,10493.54,1955.12,5974.789,10190.54,1951.155,5643.218,10235.26,1976.812,5916.593,10412.67,1992.067,5953.781,10375.72,2014.702,6032.356,9966.287,1978.241,5792.466,10406.74,2030.728,5855.101,10439.17,1981.396,6109.908,10475.46,2020.255,6037.125,10322.21,2016.508,5906.469,10586.5,1968.176,5961.409,9895.887,2008.945,5740.965,10529.61,1966.29,6113.323
10621.14,1975.98,6056.52,10467.26,1966.141,6192.773,10495.25,1955.12,5972.422,10193.13,1951.155,5641.87,10236.89,1976.812,5914.163,10414.09,1992.067,5951.227,10377.15,2014.702,6029.804,9968.05,1978.241,5790.134,10408.29,2030.728,5852.623,10440.23,1981.396,6107.186,10476.85,2020.255,6034.551,10323.27,2016.508,5903.749,10587.97,1968.176,5958.882,9897.604,2008.945,5738.598,10531.15,1966.29,6110.838
10622.87,1975.98,6053.261,10469.24,1966.141,6189.659,10497.32,1955.12,5969.365,10196.35,1951.155,5640.062,10238.83,1976.812,5911.03,10415.86,1992.067,5947.989,10378.97,2014.702,6026.597,9970.318,1978.241,5787.223,10410.15,2030.728,5849.434,10441.69,1981.396,6103.796,10478.54,2020.255,6031.274,10324.74,2016.508,5900.36,10589.72,1968.176,5955.634,9899.866,2008.945,5735.684,10532.99,1966.29,6107.644
10623.91,1975.98,6051.142,10470.44,1966.141,6187.627,10498.57,1955.12,5967.368,10198.37,1951.155,5638.839,10240.02,1976.812,5908.986,10416.97,1992.067,5945.91,10380.15,2014.702,6024.558,9971.829,1978.241,5785.41,10411.27,2030.728,5847.357,10442.67,1981.396,6101.649,10479.66,2020.255,6029.196,10325.43,2016.508,5898.104,10590.77,1968.176,5953.521,9901.373,2008.945,5733.868,10534.11,1966.29,6105.565
10624.27,1975.98,6050.337,10470.86,1966.141,6186.853,10499.02,1955.12,5966.606,10199.14,1951.155,5638.407,10240.43,1976.812,5908.208,10417.38,1992.067,5945.13,10380.6,2014.702,6023.8,9972.416,1978.241,5784.751,10411.66,2030.728,5846.567,10443.01,1981.396,6100.834,10480.05,2020.255,6028.408,10325.72,2016.508,5897.27,10591.14,1968.176,5952.719,9901.959,2008.945,5733.208,10534.5,1966.29,6104.775
10624.87,1975.98,6048.886,10471.57,1966.141,6185.453,10499.77,1955.12,5965.227,10200.48,1951.155,5637.594,10241.14,1976.812,5906.81,10418.11,1992.067,5943.739,10381.42,2014.702,6022.462,9973.497,1978.241,5783.614,10412.31,2030.728,5845.14,10443.57,1981.396,6099.368,10480.75,2020.255,6027.005,10326.27,2016.508,5895.804,10591.75,1968.176,5951.272,9903.038,2008.945,5732.069,10535.16,1966.29,6103.349
10626.47,1975.98,6044.601,10473.5,1966.141,6181.305,10501.81,1955.12,5961.135,10204.47,1951.155,5635.354,10243.08,1976.812,5902.667,10420.19,1992.067,5939.67,10383.85,2014.702,6018.591,9976.756,1978.241,5780.404,10414.08,2030.728,5840.92,10444.66,1981.396,6094.926,10482.89,2020.255,6022.963,10328.04,2016.508,5891.584,10593.37,1968.176,5946.997,9906.291,2008.945,5728.853,10536.93,1966.29,6099.134
10626.65,1975.98,6044.042,10473.73,1966.141,6180.763,10502.06,1955.12,5960.6,10204.97,1951.155,5635.048,10243.35,1976.812,5902.142,10420.46,1992.067,5939.146,10384.17,2014.702,6018.097,9977.188,1978.241,5780.004,10414.29,2030.728,5840.37,10444.78,1981.396,6094.35,10483.15,2020.255,6022.434,10328.25,2016.508,5891.034,10593.56,1968.176,5946.439,9906.723,2008.945,5728.453,10537.14,1966.29,6098.584
10627.58,1975.98,6040.954,10474.89,1966.141,6177.756,10503.31,1955.12,5957.627,10207.71,1951.155,5633.352,10244.71,1976.812,5899.221,10421.9,1992.067,5936.263,10385.97,2014.702,6015.422,9979.629,1978.241,5777.896,10415.33,2030.728,5837.319,10445.56,1981.396,6091.219,10484.65,2020.255,6019.581,10329.19,2016.508,5887.95,10594.51,1968.176,5943.357,9909.087,2008.945,5726.26,10538.2,1966.29,6095.537
10628.08,1975.98,6039.46,10475.43,1966.141,6176.273,10503.86,1955.12,5956.151,10209.08,1951.155,5632.567,10245.33,1976.812,5897.772,10422.6,1992.067,5934.851,10386.87,2014.702,6014.13,9980.838,1978.241,5776.886,10415.89,2030.728,5835.846,10445.98,1981.396,6089.702,10485.34,2020.255,6018.164,10329.7,2016.508,5886.459,10595,1968.176,5941.859,9910.168,2008.945,5725.113,10538.76,1966.29,6094.066
10628.86,1975.98,6037.372,10476.15,1966.141,6174.164,10504.71,1955.12,5954.089,10211.09,1951.155,5631.607,10246.38,1976.812,5895.8,10423.58,1992.067,5932.849,10388.18,2014.702,6012.327,9982.501,1978.241,5775.4,10416.6,2030.728,5833.73,10446.66,1981.396,6087.577,10486.25,2020.255,6016.129,10330.3,2016.508,5884.31,10595.45,1968.176,5939.676,9911.75,2008.945,5723.541,10539.49,1966.29,6091.959
10629.62,1975.98,6035.132,10476.85,1966.141,6171.906,10505.88,1955.12,5952.038,10213.29,1951.155,5630.737,10247.41,1976.812,5893.675,10424.61,1992.067,5930.723,10389.61,2014.702,6010.444,9984.418,1978.241,5774.018,10417.36,2030.728,5831.492,10447.45,1981.396,6085.349,10487.29,2020.255,6014.005,10331,2016.508,5882.053,10596.01,1968.176,5937.378,9913.384,2008.945,5721.833,10539.98,1966.29,6089.647
10630.3,1975.98,6032.869,10477.51,1966.141,6169.638,10506.99,1955.12,5949.95,10215.46,1951.155,5629.795,10248.37,1976.812,5891.519,10425.63,1992.067,5928.592,10391.08,2014.702,6008.593,9986.287,1978.241,5772.573,10418.19,2030.728,5829.281,10448.15,1981.396,6083.095,10488.25,2020.255,6011.849,10331.77,2016.508,5879.821,10596.64,1968.176,5935.101,9915.071,2008.945,5720.18,10540.55,1966.29,6087.353
10631.09,1975.98,6029.862,10478.51,1966.141,6166.693,10508.35,1955.12,5947.155,10218.27,1951.155,5628.463,10249.55,1976.812,5888.639,10426.88,1992.067,5925.745,10392.93,2014.702,6006.094,9988.686,1978.241,5770.592,10419.18,2030.728,5826.333,10449.03,1981.396,6080.109,10489.62,2020.255,6009.053,10332.89,2016.508,5876.917,10597.54,1968.176,5932.125,9917.21,2008.945,5717.922,10541.39,1966.29,6084.358
10631.83,1975.98,6027.416,10479.26,1966.141,6164.25,10509.4,1955.12,5944.825,10220.54,1951.155,5627.294,10250.8,1976.812,5886.41,10427.91,1992.067,5923.411,10394.38,2014.702,6003.993,9990.601,1978.241,5768.902,10420.08,2030.728,5823.941,10449.79,1981.396,6077.672,10490.66,2020.255,6006.723,10333.88,2016.508,5874.563,10598.13,1968.176,5929.64,9919.026,2008.945,5716.126,10541.91,1966.29,6081.858
10632.72,1975.98,6025.23,10479.87,1966.141,6161.968,10510.29,1955.12,5942.639,10222.61,1951.155,5626.145,10251.88,1976.812,5884.313,10428.87,1992.067,5921.252,10395.66,2014.702,6002.007,9992.319,1978.241,5767.281,10420.98,2030.728,5821.757,10450.37,1981.396,6075.383,10491.56,2020.255,6004.539,10334.86,2016.508,5872.415,10598.76,1968.176,5927.362,9920.76,2008.945,5714.521,10542.47,1966.29,6079.563
10633.79,1975.98,6022.371,10480.59,1966.141,6159.002,10511.5,1955.12,5939.834,10225.22,1951.155,5624.574,10253.48,1976.812,5881.709,10430.01,1992.067,5918.424,10397.23,2014.702,5999.389,9994.606,1978.241,5765.262,10422.05,2030.728,5818.899,10451.19,1981.396,6072.442,10493.03,2020.255,6001.864,10336.22,2016.508,5869.683,10599.29,1968.176,5924.358,9923.064,2008.945,5712.521,10543.04,1966.29,6076.566
10634.78,1975.98,6019.416,10481.47,1966.141,6156.015,10512.63,1955.12,5936.931,10227.84,1951.155,5622.883,10255.17,1976.812,5879.091,10431.16,1992.067,5915.53,10398.76,2014.702,5996.676,9996.903,1978.241,5763.157,10423.23,2030.728,5816.018,10451.85,1981.396,6069.398,10494.44,2020.255,5999.086,10337.7,2016.508,5866.938,10599.94,1968.176,5921.31,9925.484,2008.945,5710.558,10543.72,1966.29,6073.525
10634.92,1975.98,6018.964,10481.59,1966.141,6155.559,10512.79,1955.12,5936.487,10228.24,1951.155,5622.641,10255.41,1976.812,5878.687,10431.33,1992.067,5915.087,10398.98,2014.702,5996.258,9997.261,1978.241,5762.85,10423.4,2030.728,5815.577,10451.92,1981.396,6068.932,10494.64,2020.255,5998.659,10337.93,2016.508,5866.53,10600.05,1968.176,5920.852,9925.86,2008.945,5710.273,10543.81,1966.29,6073.062
10635.44,1975.98,6016.993,10482.16,1966.141,6153.602,10513.4,1955.12,5934.543,10229.96,1951.155,5621.534,10256.4,1976.812,5876.904,10432.01,1992.067,5913.167,10399.86,2014.702,5994.42,9998.759,1978.241,5761.466,10424.01,2030.728,5813.632,10452.26,1981.396,6066.92,10495.45,2020.255,5996.785,10339,2016.508,5864.797,10600.61,1968.176,5918.889,9927.382,2008.945,5708.916,10543.94,1966.29,6071.026
10635.99,1975.98,6014.581,10482.78,1966.141,6151.205,10514.08,1955.12,5932.163,10232.08,1951.155,5620.26,10257.45,1976.812,5874.665,10432.91,1992.067,5910.862,10400.86,2014.702,5992.157,10000.39,1978.241,5759.606,10424.83,2030.728,5811.299,10452.74,1981.396,6064.494,10496.35,2020.255,5994.48,10340.24,2016.508,5862.653,10601.35,1968.176,5916.53,9929.281,2008.945,5707.33,10544.17,1966.29,6068.563
10636.53,1975.98,6011.806,10483.39,1966.141,6148.444,10514.76,1955.12,5929.418,10234.67,1951.155,5619.141,10258.74,1976.812,5872.146,10434.02,1992.067,5908.261,10401.92,2014.702,5989.535,10002.32,1978.241,5757.542,10425.78,2030.728,5808.634,10453.37,1981.396,6061.737,10497.29,2020.255,5991.815,10341.57,2016.508,5860.157,10602.29,1968.176,5913.862,9931.702,2008.945,5705.868,10544.54,1966.29,6065.759
10636.81,1975.98,6010.602,10483.79,1966.141,6147.275,10515.02,1955.12,5928.21,10235.79,1951.155,5618.615,10259.15,1976.812,5870.981,10434.53,1992.067,5907.14,10402.34,2014.702,5988.375,10003.2,1978.241,5756.669,10426.23,2030.728,5807.484,10453.55,1981.396,6060.516,10497.67,2020.255,5990.638,10342.11,2016.508,5859.048,10602.74,1968.176,5912.711,9932.738,2008.945,5705.195,10544.73,1966.29,6064.54
10637.65,1975.98,6007.404,10484.75,1966.141,6144.11,10515.81,1955.12,5925,10238.74,1951.155,5617.111,10260.35,1976.812,5867.901,10436.01,1992.067,5904.181,10403.72,2014.702,5985.367,10005.61,1978.241,5754.41,10427.54,2030.728,5804.447,10454.16,1981.396,6057.265,10498.57,2020.255,5987.457,10343.8,2016.508,5856.206,10603.83,1968.176,5909.591,9935.451,2008.945,5703.304,10545.37,1966.29,6061.294
10637.93,1975.98,6006.421,10485.03,1966.141,6143.128,10516.04,1955.12,5924.002,10239.63,1951.155,5616.616,10260.74,1976.812,5866.957,10436.44,1992.067,5903.251,10404.12,2014.702,5984.424,10006.38,1978.241,5753.736,10427.97,2030.728,5803.521,10454.33,1981.396,6056.257,10498.88,2020.255,5986.483,10344.3,2016.508,5855.311,10604.14,1968.176,5908.616,9936.271,2008.945,5702.692,10545.6,1966.29,6060.298
10639.06,1975.98,6003.563,10485.81,1966.141,6140.156,10516.8,1955.12,5921.026,10242.44,1951.155,5615.375,10262.01,1976.812,5864.158,10437.63,1992.067,5900.418,10405.21,2014.702,5981.552,10008.76,1978.241,5751.787,10429.09,2030.728,5800.658,10454.87,1981.396,6053.231,10499.82,2020.255,5983.557,10345.72,2016.508,5852.588,10605.35,1968.176,5905.79,9938.854,2008.945,5701.027,10546.18,1966.29,6057.281
10640.21,1975.98,6000.346,10486.57,1966.141,6136.825,10517.74,1955.12,5917.744,10245.52,1951.155,5613.894,10263.44,1976.812,5861.055,10438.85,1992.067,5897.23,10406.72,2014.702,5978.489,10011.47,1978.241,5749.708,10430.43,2030.728,5797.518,10455.58,1981.396,6049.89,10500.81,2020.255,5980.287,10347.2,2016.508,5849.511,10606.65,1968.176,5902.631,9941.75,2008.945,5699.217,10546.94,1966.29,6053.95
10641.37,1975.98,5996.738,10487.58,1966.141,6133.173,10518.9,1955.12,5914.136,10248.88,1951.155,5612.14,10264.78,1976.812,5857.512,10440.11,1992.067,5893.655,10408.29,2014.702,5975.039,10014.55,1978.241,5747.502,10431.71,2030.728,5793.949,10456.48,1981.396,6046.21,10502.02,2020.255,5976.698,10348.94,2016.508,5846.144,10608.16,1968.176,5899.155,9944.978,2008.945,5697.232,10547.9,1966.29,6050.285
10641.93,1975.98,5994.761,10488.17,1966.141,6131.205,10519.59,1955.12,5912.199,10250.67,1951.155,5611.129,10265.57,1976.812,5855.615,10440.73,1992.067,5891.696,10409.12,2014.702,5973.161,10016.26,1978.241,5746.361,10432.36,2030.728,5791.998,10457.04,1981.396,6044.231,10502.93,2020.255,5974.85,10349.83,2016.508,5844.288,10608.91,1968.176,5897.243,9946.692,2008.945,5696.098,10548.49,1966.29,6048.314
10642.35,1975.98,5993.095,10488.81,1966.141,6129.606,10520.21,1955.12,5910.597,10252.2,1951.155,5610.353,10266.29,1976.812,5854.051,10441.2,1992.067,5890.044,10409.82,2014.702,5971.587,10017.72,1978.241,5745.454,10432.94,2030.728,5790.382,10457.56,1981.396,6042.593,10503.63,2020.255,5973.282,10350.51,2016.508,5842.712,10609.61,1968.176,5895.672,9948.169,2008.945,5695.22,10549.03,1966.29,6046.684
10642.5,1975.98,5992.395,10489.05,1966.141,6128.932,10520.49,1955.12,5909.937,10252.83,1951.155,5610.008,10266.56,1976.812,5853.39,10441.38,1992.067,5889.35,10410.08,2014.702,5970.923,10018.29,1978.241,5745.022,10433.25,2030.728,5789.735,10457.8,1981.396,6041.917,10503.97,2020.255,5972.653,10350.8,2016.508,5842.057,10609.88,1968.176,5895.009,9948.778,2008.945,5694.844,10549.28,1966.29,6046.012
10642.84,1975.98,5991.068,10489.55,1966.141,6127.659,10521.06,1955.12,5908.693,10254.08,1951.155,5609.453,10267.13,1976.812,5852.145,10441.68,1992.067,5888.014,10410.74,2014.702,5969.72,10019.41,1978.241,5744.233,10433.8,2030.728,5788.482,10458.21,1981.396,6040.614,10504.58,2020.255,5971.429,10351.31,2016.508,5840.786,10610.35,1968.176,5893.724,9949.938,2008.945,5694.117,10549.74,1966.29,6044.722
10643.7,1975.98,5988.082,10490.59,1966.141,6124.733,10522.44,1955.12,5905.909,10256.88,1951.155,5608.101,10268.69,1976.812,5849.456,10442.26,1992.067,5884.963,10412.13,2014.702,5966.943,10022,1978.241,5742.526,10434.95,2030.728,5785.597,10459.26,1981.396,6037.688,10505.89,2020.255,5968.609,10352.68,2016.508,5838.001,10611.54,1968.176,5890.854,9952.688,2008.945,5692.672,10550.88,1966.29,6041.831
10644.28,1975.98,5986.268,10491.29,1966.141,6122.96,10523.28,1955.12,5904.202,10258.57,1951.155,5607.216,10269.59,1976.812,5847.776,10442.68,1992.067,5883.104,10412.92,2014.702,5965.213,10023.63,1978.241,5741.532,10435.6,2030.728,5783.805,10459.85,1981.396,6035.876,10506.63,2020.255,5966.855,10353.47,2016.508,5836.266,10612.3,1968.176,5889.106,9954.428,2008.945,5691.895,10551.57,1966.29,6040.057
10644.47,1975.98,5985.461,10491.57,1966.141,6122.179,10523.66,1955.12,5903.46,10259.29,1951.155,5606.807,10270.03,1976.812,5847.073,10442.88,1992.067,5882.301,10413.29,2014.702,5964.466,10024.35,1978.241,5741.122,10435.86,2030.728,5783.017,10460.06,1981.396,6035.075,10506.93,2020.255,5966.082,10353.79,2016.508,5835.5,10612.6,1968.176,5888.335,9955.197,2008.945,5691.586,10551.96,1966.29,6039.324
10645.02,1975.98,5983.432,10492.17,1966.141,6120.164,10524.58,1955.12,5901.571,10261.08,1951.155,5605.71,10271.08,1976.812,5845.256,10443.48,1992.067,5880.283,10414.14,2014.702,5962.543,10026.21,1978.241,5740.145,10436.4,2030.728,5780.986,10460.66,1981.396,6033.059,10507.63,2020.255,5964.099,10354.53,2016.508,5833.533,10613.54,1968.176,5886.45,9957.122,2008.945,5690.738,10552.88,1966.29,6037.436
10645.65,1975.98,5981.392,10492.85,1966.141,6118.14,10525.45,1955.12,5899.624,10262.86,1951.155,5604.538,10272.1,1976.812,5843.378,10444.14,1992.067,5878.256,10415.12,2014.702,5960.649,10028.13,1978.241,5739.215,10437.02,2030.728,5778.944,10461.33,1981.396,6031.033,10508.28,2020.255,5962.066,10355.22,2016.508,5831.512,10614.42,1968.176,5884.507,9959.081,2008.945,5689.891,10553.76,1966.29,6035.489
10646.09,1975.98,5979.804,10493.24,1966.141,6116.541,10526.27,1955.12,5898.192,10264.21,1951.155,5603.589,10272.83,1976.812,5841.903,10444.71,1992.067,5876.708,10415.91,2014.702,5959.202,10029.64,1978.241,5738.546,10437.51,2030.728,5777.371,10461.69,1981.396,6029.424,10508.85,2020.255,5960.518,10355.74,2016.508,5829.95,10615.07,1968.176,5882.995,9960.57,2008.945,5689.187,10554.38,1966.29,6033.965
10646.6,1975.98,5978.195,10493.7,1966.141,6114.917,10527.05,1955.12,5896.7,10265.62,1951.155,5602.663,10273.54,1976.812,5840.37,10445.33,1992.067,5875.143,10416.66,2014.702,5957.695,10031.16,1978.241,5737.811,10437.81,2030.728,5775.71,10462.11,1981.396,6027.791,10509.37,2020.255,5958.917,10356.33,2016.508,5828.37,10615.69,1968.176,5881.425,9962.118,2008.945,5688.517,10555.08,1966.29,6032.429
10646.94,1975.98,5976.685,10493.96,1966.141,6113.392,10527.73,1955.12,5895.309,10266.88,1951.155,5601.771,10274.23,1976.812,5838.988,10445.95,1992.067,5873.725,10417.32,2014.702,5956.292,10032.57,1978.241,5737.183,10438.13,2030.728,5774.197,10462.53,1981.396,6026.304,10509.83,2020.255,5957.439,10356.82,2016.508,5826.903,10615.97,1968.176,5879.905,9963.517,2008.945,5687.856,10555.67,1966.29,6031
10647.33,1975.98,5975.151,10494.27,1966.141,6111.839,10528.38,1955.12,5893.862,10268.21,1951.155,5600.901,10274.9,1976.812,5837.551,10446.63,1992.067,5872.293,10417.94,2014.702,5954.837,10034,1978.241,5736.493,10438.42,2030.728,5772.64,10463.01,1981.396,6024.794,10510.26,2020.255,5955.913,10357.13,2016.508,5825.349,10616.32,1968.176,5878.359,9964.888,2008.945,5687.062,10556.25,1966.29,6029.522
10647.75,1975.98,5973.757,10494.61,1966.141,6110.426,10529.02,1955.12,5892.561,10269.4,1951.155,5600.066,10275.46,1976.812,5836.213,10447.28,1992.067,5870.995,10418.48,2014.702,5953.487,10035.28,1978.241,5735.817,10438.73,2030.728,5771.221,10463.5,1981.396,6023.424,10510.61,2020.255,5954.504,10357.46,2016.508,5823.934,10616.64,1968.176,5876.943,9966.168,2008.945,5686.375,10556.72,1966.29,6028.15
10648.13,1975.98,5972.319,10494.98,1966.141,6108.983,10529.64,1955.12,5891.206,10270.51,1951.155,5599.077,10276,1976.812,5834.824,10447.98,1992.067,5869.681,10418.98,2014.702,5952.086,10036.58,1978.241,5735.082,10439.1,2030.728,5769.777,10464.03,1981.396,6022.034,10510.94,2020.255,5953.052,10357.85,2016.508,5822.496,10617.02,1968.176,5875.503,9967.503,2008.945,5685.714,10557.17,1966.29,6026.729
10648.6,1975.98,5970.441,10495.51,1966.141,6107.123,10530.39,1955.12,5889.421,10272,1951.155,5597.841,10276.64,1976.812,5832.999,10448.93,1992.067,5867.992,10419.59,2014.702,5950.249,10038.29,1978.241,5734.183,10439.63,2030.728,5767.918,10464.78,1981.396,6020.249,10511.33,2020.255,5951.157,10358.26,2016.508,5820.605,10617.58,1968.176,5873.649,9969.208,2008.945,5684.799,10557.89,1966.29,6024.933
10648.91,1975.98,5969.315,10495.87,1966.141,6106.009,10530.81,1955.12,5888.329,10272.87,1951.155,5597.057,10277,1976.812,5831.884,10449.46,1992.067,5866.953,10419.92,2014.702,5949.128,10039.36,1978.241,5733.703,10439.99,2030.728,5766.806,10465.26,1981.396,6019.184,10511.6,2020.255,5950.021,10358.55,2016.508,5819.471,10617.95,1968.176,5872.54,9970.256,2008.945,5684.28,10558.29,1966.29,6023.833
10649.01,1975.98,5969,10495.98,1966.141,6105.697,10530.91,1955.12,5888.016,10273.12,1951.155,5596.843,10277.12,1976.812,5831.578,10449.6,1992.067,5866.654,10420.01,2014.702,5948.808,10039.66,1978.241,5733.563,10440.1,2030.728,5766.492,10465.4,1981.396,6018.887,10511.69,2020.255,5949.701,10358.64,2016.508,5819.153,10618.06,1968.176,5872.229,9970.558,2008.945,5684.143,10558.39,1966.29,6023.519
10649.33,1975.98,5967.108,10496.56,1966.141,6103.867,10531.48,1955.12,5886.183,10274.63,1951.155,5595.652,10277.8,1976.812,5829.782,10450.37,1992.067,5864.896,10420.45,2014.702,5946.941,10041.42,1978.241,5732.808,10440.76,2030.728,5764.692,10466.3,1981.396,6017.19,10512.26,2020.255,5947.87,10359.06,2016.508,5817.282,10618.79,1968.176,5870.453,9972.276,2008.945,5683.291,10558.89,1966.29,6021.666
10649.52,1975.98,5966.181,10496.87,1966.141,6102.974,10531.73,1955.12,5885.271,10275.38,1951.155,5595.089,10278.1,1976.812,5828.886,10450.72,1992.067,5864.017,10420.69,2014.702,5946.028,10042.28,1978.241,5732.408,10441.2,2030.728,5763.852,10466.71,1981.396,6016.34,10512.57,2020.255,5946.977,10359.3,2016.508,5816.368,10619.17,1968.176,5869.59,9973.137,2008.945,5682.899,10559.16,1966.29,6020.762
10649.88,1975.98,5964.5,10497.49,1966.141,6101.369,10532.13,1955.12,5883.599,10276.8,1951.155,5594.112,10278.6,1976.812,5827.24,10451.37,1992.067,5862.423,10421.2,2014.702,5944.383,10043.86,1978.241,5731.731,10441.93,2030.728,5762.298,10467.41,1981.396,6014.769,10513.08,2020.255,5945.334,10359.79,2016.508,5814.719,10619.92,1968.176,5868.042,9974.721,2008.945,5682.228,10559.6,1966.29,6019.099
10650.25,1975.98,5963.018,10498.11,1966.141,6099.973,10532.45,1955.12,5882.105,10277.91,1951.155,5593.063,10279.09,1976.812,5825.793,10452.07,1992.067,5861.064,10421.69,2014.702,5942.938,10045.24,1978.241,5731.085,10442.59,2030.728,5760.918,10467.99,1981.396,6013.354,10513.33,2020.255,5943.826,10360.08,2016.508,5813.218,10620.55,1968.176,5866.646,9976.106,2008.945,5681.585,10560.04,1966.29,6017.637
10650.39,1975.98,5962.553,10498.29,1966.141,6099.526,10532.57,1955.12,5881.636,10278.27,1951.155,5592.743,10279.28,1976.812,5825.347,10452.27,1992.067,5860.627,10421.79,2014.702,5942.464,10045.7,1978.241,5730.925,10442.78,2030.728,5760.475,10468.16,1981.396,6012.9,10513.42,2020.255,5943.352,10360.18,2016.508,5812.747,10620.73,1968.176,5866.199,9976.538,2008.945,5681.368,10560.17,1966.29,6017.169
10650.63,1975.98,5961.603,10498.63,1966.141,6098.606,10532.84,1955.12,5880.692,10279.01,1951.155,5592.096,10279.63,1976.812,5824.43,10452.66,1992.067,5859.726,10422.01,2014.702,5941.509,10046.61,1978.241,5730.57,10443.23,2030.728,5759.603,10468.47,1981.396,6011.969,10513.64,2020.255,5942.395,10360.43,2016.508,5811.796,10621.07,1968.176,5865.278,9977.429,2008.945,5680.956,10560.37,1966.29,6016.208
10650.94,1975.98,5960.237,10499.08,1966.141,6097.278,10533.27,1955.12,5879.358,10280.01,1951.155,5591.118,10280.08,1976.812,5823.106,10453.17,1992.067,5858.422,10422.35,2014.702,5940.149,10047.9,1978.241,5730.021,10443.83,2030.728,5758.337,10468.97,1981.396,6010.662,10513.98,2020.255,5941.036,10360.83,2016.508,5810.453,10621.51,1968.176,5863.949,9978.687,2008.945,5680.34,10560.69,1966.29,6014.845
10651.06,1975.98,5959.653,10499.25,1966.141,6096.709,10533.48,1955.12,5878.801,10280.45,1951.155,5590.716,10280.29,1976.812,5822.55,10453.37,1992.067,5857.862,10422.51,2014.702,5939.577,10048.44,1978.241,5729.771,10444.07,2030.728,5757.792,10469.16,1981.396,6010.1,10514.08,2020.255,5940.451,10361.01,2016.508,5809.888,10621.68,1968.176,5863.378,9979.227,2008.945,5680.09,10560.81,1966.29,6014.262
10651.28,1975.98,5958.259,10499.63,1966.141,6095.347,10533.93,1955.12,5877.464,10281.53,1951.155,5589.798,10280.84,1976.812,5821.248,10453.8,1992.067,5856.517,10422.85,2014.702,5938.206,10049.76,1978.241,5729.267,10444.6,2030.728,5756.48,10469.58,1981.396,6008.751,10514.39,2020.255,5939.071,10361.5,2016.508,5808.563,10622.03,1968.176,5862.012,9980.488,2008.945,5679.456,10561.13,1966.29,6012.887
10651.4,1975.98,5957.309,10499.85,1966.141,6094.416,10534.22,1955.12,5876.553,10282.27,1951.155,5589.199,10281.24,1976.812,5820.377,10454.12,1992.067,5855.613,10423.11,2014.702,5937.285,10050.64,1978.241,5728.896,10445.01,2030.728,5755.616,10469.94,1981.396,6007.862,10514.63,2020.255,5938.144,10361.76,2016.508,5807.641,10622.25,1968.176,5861.078,9981.357,2008.945,5679.053,10561.42,1966.29,6011.975
10651.58,1975.98,5956.151,10500.03,1966.141,6093.258,10534.55,1955.12,5875.427,10283.21,1951.155,5588.497,10281.69,1976.812,5819.296,10454.51,1992.067,5854.507,10423.47,2014.702,5936.168,10051.76,1978.241,5728.533,10445.47,2030.728,5754.542,10470.34,1981.396,6006.761,10514.95,2020.255,5937.018,10362.11,2016.508,5806.523,10622.47,1968.176,5859.927,9982.437,2008.945,5678.596,10561.87,1966.29,6010.892
10651.73,1975.98,5955.586,10500.14,1966.141,6092.686,10534.69,1955.12,5874.862,10283.64,1951.155,5588.097,10281.83,1976.812,5818.731,10454.68,1992.067,5853.951,10423.73,2014.702,5935.647,10052.31,1978.241,5728.334,10445.69,2030.728,5754,10470.52,1981.396,6006.207,10515.16,2020.255,5936.476,10362.24,2016.508,5805.956,10622.56,1968.176,5859.352,9982.963,2008.945,5678.346,10562.07,1966.29,6010.346
10651.8,1975.98,5955.275,10500.23,1966.141,6092.38,10534.76,1955.12,5874.55,10283.88,1951.155,5587.886,10281.92,1976.812,5818.424,10454.77,1992.067,5853.644,10423.86,2014.702,5935.358,10052.6,1978.241,5728.215,10445.81,2030.728,5753.706,10470.64,1981.396,6005.91,10515.27,2020.255,5936.175,10362.33,2016.508,5805.648,10622.6,1968.176,5859.035,9983.246,2008.945,5678.198,10562.17,1966.29,6010.043
10652.19,1975.98,5953.718,10500.74,1966.141,6090.855,10535.15,1955.12,5872.992,10285.11,1951.155,5586.862,10282.31,1976.812,5816.866,10455.23,1992.067,5852.104,10424.49,2014.702,5933.879,10054.07,1978.241,5727.569,10446.38,2030.728,5752.204,10471.36,1981.396,6004.473,10515.76,2020.255,5934.644,10362.8,2016.508,5804.111,10622.85,1968.176,5857.448,9984.639,2008.945,5677.396,10562.91,1966.29,6008.617
10652.38,1975.98,5953.059,10500.94,1966.141,6090.199,10535.33,1955.12,5872.33,10285.66,1951.155,5586.443,10282.45,1976.812,5816.194,10455.45,1992.067,5851.455,10424.74,2014.702,5933.24,10054.7,1978.241,5727.295,10446.61,2030.728,5751.555,10471.64,1981.396,6003.851,10515.97,2020.255,5933.993,10362.91,2016.508,5803.436,10622.98,1968.176,5856.774,9985.244,2008.945,5677.074,10563.21,1966.29,6007.998
10652.67,1975.98,5952.122,10501.26,1966.141,6089.27,10535.55,1955.12,5871.375,10286.36,1951.155,5585.758,10282.61,1976.812,5815.226,10455.73,1992.067,5850.515,10425.06,2014.702,5932.314,10055.62,1978.241,5726.954,10446.93,2030.728,5750.628,10472.13,1981.396,6002.996,10516.31,2020.255,5933.071,10363.11,2016.508,5802.474,10623.19,1968.176,5855.817,9986.112,2008.945,5676.617,10563.6,1966.29,6007.099
10652.89,1975.98,5950.753,10501.75,1966.141,6087.974,10535.82,1955.12,5870.016,10287.38,1951.155,5584.823,10282.82,1976.812,5813.855,10456.08,1992.067,5849.175,10425.39,2014.702,5930.968,10056.9,1978.241,5726.43,10447.34,2030.728,5749.305,10472.77,1981.396,6001.767,10516.81,2020.255,5931.777,10363.43,2016.508,5801.127,10623.54,1968.176,5854.476,9987.358,2008.945,5676.012,10564.26,1966.29,6005.88
10653.05,1975.98,5949.914,10502.02,1966.141,6087.164,10536.02,1955.12,5869.184,10288.03,1951.155,5584.267,10282.97,1976.812,5813.015,10456.25,1992.067,5848.337,10425.62,2014.702,5930.145,10057.68,1978.241,5726.081,10447.57,2030.728,5748.481,10473.14,1981.396,6000.997,10517.08,2020.255,5930.97,10363.65,2016.508,5800.301,10623.83,1968.176,5853.674,9988.139,2008.945,5675.665,10564.64,1966.29,6005.115
10653.25,1975.98,5949.032,10502.32,1966.141,6086.312,10536.25,1955.12,5868.311,10288.74,1951.155,5583.702,10283.07,1976.812,5812.116,10456.37,1992.067,5847.441,10425.89,2014.702,5929.282,10058.52,1978.241,5725.748,10447.83,2030.728,5747.618,10473.5,1981.396,6000.169,10517.35,2020.255,5930.105,10363.86,2016.508,5799.42,10624.12,1968.176,5852.815,9988.969,2008.945,5675.305,10565.04,1966.29,6004.306
10653.45,1975.98,5947.909,10502.6,1966.141,6085.206,10536.51,1955.12,5867.2,10289.65,1951.155,5583.018,10283.24,1976.812,5810.987,10456.57,1992.067,5846.317,10426.2,2014.702,5928.183,10059.57,1978.241,5725.3,10448.14,2030.728,5746.518,10473.93,1981.396,5999.111,10517.72,2020.255,5929.026,10364.16,2016.508,5798.321,10624.5,1968.176,5851.741,9990.03,2008.945,5674.886,10565.52,1966.29,6003.269
10653.69,1975.98,5946.757,10502.82,1966.141,6084.048,10536.75,1955.12,5866.047,10290.62,1951.155,5582.343,10283.45,1976.812,5809.829,10456.79,1992.067,5845.161,10426.56,2014.702,5927.06,10060.64,1978.241,5724.804,10448.58,2030.728,5745.426,10474.36,1981.396,5998.017,10518.07,2020.255,5927.901,10364.44,2016.508,5797.177,10624.87,1968.176,5850.62,9991.11,2008.945,5674.418,10565.98,1966.29,6002.184
10653.98,1975.98,5945.579,10503.08,1966.141,6082.864,10537.02,1955.12,5864.863,10291.63,1951.155,5581.682,10283.69,1976.812,5808.639,10457.06,1992.067,5843.978,10426.9,2014.702,5925.897,10061.81,1978.241,5724.466,10449,2030.728,5744.287,10474.77,1981.396,5996.876,10518.51,2020.255,5926.771,10364.76,2016.508,5796.008,10625.2,1968.176,5849.454,9992.207,2008.945,5673.9,10566.41,1966.29,6001.051
10654.39,1975.98,5944.113,10503.4,1966.141,6081.376,10537.22,1955.12,5863.355,10292.93,1951.155,5580.878,10284.03,1976.812,5807.156,10457.39,1992.067,5842.491,10427.29,2014.702,5924.425,10063.25,1978.241,5723.995,10449.47,2030.728,5742.841,10475.41,1981.396,5995.494,10519.09,2020.255,5925.362,10365.12,2016.508,5794.529,10625.73,1968.176,5848.028,9993.604,2008.945,5673.295,10566.91,1966.29,5999.612
10654.76,1975.98,5942.938,10503.7,1966.141,6080.181,10537.43,1955.12,5862.14,10293.95,1951.155,5580.194,10284.35,1976.812,5805.966,10457.69,1992.067,5841.298,10427.5,2014.702,5923.21,10064.44,1978.241,5723.653,10449.92,2030.728,5741.692,10475.89,1981.396,5994.359,10519.52,2020.255,5924.208,10365.45,2016.508,5793.342,10626.12,1968.176,5846.86,9994.749,2008.945,5672.843,10567.27,1966.29,5998.435
10655.05,1975.98,5941.919,10503.85,1966.141,6079.134,10537.64,1955.12,5861.104,10294.85,1951.155,5579.644,10284.65,1976.812,5804.953,10457.88,1992.067,5840.256,10427.71,2014.702,5922.174,10065.44,1978.241,5723.327,10450.26,2030.728,5740.693,10476.27,1981.396,5993.372,10519.85,2020.255,5923.204,10365.77,2016.508,5792.332,10626.43,1968.176,5845.847,9995.698,2008.945,5672.376,10567.74,1966.29,5997.487
10655.45,1975.98,5940.651,10504.09,1966.141,6077.825,10537.77,1955.12,5859.781,10295.97,1951.155,5578.915,10284.98,1976.812,5803.663,10458.12,1992.067,5838.949,10427.95,2014.702,5920.867,10066.69,1978.241,5722.876,10450.66,2030.728,5739.424,10476.71,1981.396,5992.116,10520.23,2020.255,5921.93,10366.15,2016.508,5791.057,10626.77,1968.176,5844.562,9996.908,2008.945,5671.825,10568.3,1966.29,5996.278
10655.92,1975.98,5939.38,10504.37,1966.141,6076.499,10537.95,1955.12,5858.437,10297.08,1951.155,5578.135,10285.35,1976.812,5802.358,10458.4,1992.067,5837.622,10428.25,2014.702,5919.543,10067.95,1978.241,5722.374,10451.02,2030.728,5738.117,10477.28,1981.396,5990.888,10520.69,2020.255,5920.652,10366.49,2016.508,5789.745,10627.16,1968.176,5843.263,9998.087,2008.945,5671.154,10568.82,1966.29,5995.027
10656.36,1975.98,5938.062,10504.71,1966.141,6075.15,10538.18,1955.12,5857.065,10298.23,1951.155,5577.368,10285.77,1976.812,5801.034,10458.73,1992.067,5836.272,10428.59,2014.702,5918.196,10069.23,1978.241,5721.818,10451.35,2030.728,5736.766,10477.84,1981.396,5989.614,10521.11,2020.255,5919.328,10366.89,2016.508,5788.413,10627.52,1968.176,5841.92,9999.316,2008.945,5670.506,10569.31,1966.29,5993.729
10657.11,1975.98,5936.509,10505.18,1966.141,6073.491,10538.52,1955.12,5855.375,10299.64,1951.155,5576.37,10286.26,1976.812,5799.382,10458.97,1992.067,5834.564,10428.94,2014.702,5916.508,10070.79,1978.241,5721.076,10451.81,2030.728,5735.103,10478.48,1981.396,5988.011,10521.58,2020.255,5917.668,10367.37,2016.508,5786.756,10628.09,1968.176,5840.293,10000.85,2008.945,5669.708,10569.98,1966.29,5992.138
10657.74,1975.98,5935.262,10505.6,1966.141,6072.16,10538.84,1955.12,5854.016,10300.83,1951.155,5575.638,10286.68,1976.812,5798.048,10459.21,1992.067,5833.189,10429.27,2014.702,5915.151,10072.05,1978.241,5720.49,10452.14,2030.728,5733.746,10478.95,1981.396,5986.698,10522.05,2020.255,5916.354,10367.71,2016.508,5785.403,10628.51,1968.176,5838.961,10002.1,2008.945,5669.103,10570.48,1966.29,5990.833
10658.66,1975.98,5933.288,10506.25,1966.141,6070.083,10539.27,1955.12,5851.881,10302.64,1951.155,5574.437,10287.25,1976.812,5795.949,10459.66,1992.067,5831.059,10429.5,2014.702,5912.987,10074,1978.241,5719.515,10452.9,2030.728,5731.71,10479.67,1981.396,5984.644,10522.94,2020.255,5914.37,10368.18,2016.508,5783.279,10629.23,1968.176,5836.909,10004.09,2008.945,5668.225,10571.19,1966.29,5988.776
10659.41,1975.98,5931.512,10506.52,1966.141,6068.174,10539.59,1955.12,5849.981,10304.22,1951.155,5573.321,10287.69,1976.812,5794.073,10460.11,1992.067,5829.185,10429.76,2014.702,5911.077,10075.73,1978.241,5718.673,10453.57,2030.728,5729.901,10480.35,1981.396,5982.839,10523.67,2020.255,5912.587,10368.66,2016.508,5781.411,10629.81,1968.176,5835.069,10005.88,2008.945,5667.495,10571.63,1966.29,5986.901
10659.74,1975.98,5930.659,10506.68,1966.141,6067.273,10539.73,1955.12,5849.077,10304.95,1951.155,5572.773,10287.93,1976.812,5793.191,10460.35,1992.067,5828.303,10429.91,2014.702,5910.176,10076.49,1978.241,5718.157,10453.93,2030.728,5729.06,10480.69,1981.396,5981.991,10524,2020.255,5911.73,10368.85,2016.508,5780.517,10630.05,1968.176,5834.188,10006.71,2008.945,5667.121,10571.77,1966.29,5985.997
10660.28,1975.98,5929.093,10507.02,1966.141,6065.65,10540.03,1955.12,5847.447,10306.31,1951.155,5571.824,10288.32,1976.812,5791.578,10460.74,1992.067,5826.691,10430.24,2014.702,5908.551,10077.89,1978.241,5717.267,10454.53,2030.728,5727.514,10481.26,1981.396,5980.433,10524.53,2020.255,5910.16,10369.25,2016.508,5778.907,10630.45,1968.176,5832.578,10008.2,2008.945,5666.395,10572.07,1966.29,5984.366
10660.68,1975.98,5927.815,10507.34,1966.141,6064.35,10540.31,1955.12,5846.138,10307.39,1951.155,5571.03,10288.54,1976.812,5790.259,10461.01,1992.067,5825.381,10430.55,2014.702,5907.249,10079.04,1978.241,5716.585,10454.97,2030.728,5726.25,10481.67,1981.396,5979.16,10524.91,2020.255,5908.878,10369.58,2016.508,5777.612,10630.76,1968.176,5831.275,10009.39,2008.945,5665.769,10572.36,1966.29,5983.058
10660.79,1975.98,5927.438,10507.4,1966.141,6063.963,10540.41,1955.12,5845.758,10307.69,1951.155,5570.788,10288.62,1976.812,5789.875,10461.08,1992.067,5824.996,10430.63,2014.702,5906.865,10079.37,1978.241,5716.382,10455.09,2030.728,5725.876,10481.78,1981.396,5978.784,10525.02,2020.255,5908.5,10369.67,2016.508,5777.23,10630.84,1968.176,5830.891,10009.74,2008.945,5665.602,10572.45,1966.29,5982.678
10661.36,1975.98,5925.057,10507.85,1966.141,6061.555,10541.07,1955.12,5843.399,10309.52,1951.155,5569.15,10289.2,1976.812,5787.494,10461.44,1992.067,5822.573,10431.04,2014.702,5904.45,10081.5,1978.241,5715.175,10455.82,2030.728,5723.54,10482.39,1981.396,5976.412,10525.58,2020.255,5906.116,10370.08,2016.508,5774.816,10631.1,1968.176,5828.456,10012.02,2008.945,5664.7,10572.97,1966.29,5980.285
10661.61,1975.98,5923.873,10508.11,1966.141,6060.374,10541.35,1955.12,5842.224,10310.44,1951.155,5568.372,10289.44,1976.812,5786.309,10461.66,1992.067,5821.383,10431.28,2014.702,5903.264,10082.58,1978.241,5714.614,10456.15,2030.728,5722.375,10482.65,1981.396,5975.231,10525.82,2020.255,5904.931,10370.31,2016.508,5773.627,10631.25,1968.176,5827.256,10013.13,2008.945,5664.218,10573.27,1966.29,5979.113
10661.89,1975.98,5922.257,10508.24,1966.141,6058.739,10541.69,1955.12,5840.619,10311.69,1951.155,5567.307,10289.72,1976.812,5784.693,10462,1992.067,5819.779,10431.85,2014.702,5901.729,10084.05,1978.241,5713.902,10456.54,2030.728,5720.782,10483.16,1981.396,5973.67,10526.09,2020.255,5903.314,10370.63,2016.508,5772.02,10631.47,1968.176,5825.631,10014.61,2008.945,5663.516,10573.75,1966.29,5977.544
10662.2,1975.98,5920.631,10508.42,1966.141,6057.093,10541.98,1955.12,5838.988,10312.98,1951.155,5566.272,10289.94,1976.812,5783.052,10462.4,1992.067,5818.171,10432.39,2014.702,5900.161,10085.47,1978.241,5713.054,10456.91,2030.728,5719.167,10483.61,1981.396,5972.079,10526.34,2020.255,5901.677,10371,2016.508,5770.405,10631.58,1968.176,5823.978,10016.08,2008.945,5662.758,10574.18,1966.29,5975.946
10662.58,1975.98,5918.331,10508.74,1966.141,6054.786,10542.38,1955.12,5836.692,10314.77,1951.155,5564.777,10290.32,1976.812,5780.754,10463.03,1992.067,5815.928,10433.07,2014.702,5897.933,10087.39,1978.241,5711.733,10457.26,2030.728,5716.865,10484.19,1981.396,5969.82,10526.63,2020.255,5899.366,10371.58,2016.508,5768.148,10631.8,1968.176,5821.659,10018.12,2008.945,5661.625,10574.72,1966.29,5973.678
10662.72,1975.98,5917.206,10508.93,1966.141,6053.667,10542.61,1955.12,5835.581,10315.66,1951.155,5564.077,10290.55,1976.812,5779.642,10463.3,1992.067,5814.826,10433.37,2014.702,5896.837,10088.35,1978.241,5711.121,10457.47,2030.728,5715.75,10484.43,1981.396,5968.712,10526.75,2020.255,5898.237,10371.95,2016.508,5767.077,10631.94,1968.176,5820.533,10019.1,2008.945,5661.061,10574.94,1966.29,5972.565
10662.94,1975.98,5915.596,10509.25,1966.141,6052.075,10542.98,1955.12,5834,10316.92,1951.155,5563.047,10290.92,1976.812,5778.061,10463.64,1992.067,5813.239,10433.74,2014.702,5895.256,10089.75,1978.241,5710.29,10457.7,2030.728,5714.142,10484.74,1981.396,5967.116,10526.94,2020.255,5896.625,10372.44,2016.508,5765.527,10632.14,1968.176,5818.92,10020.57,2008.945,5660.371,10575.3,1966.29,5970.979
10662.89,1975.98,5913.867,10509.64,1966.141,6050.39,10543.43,1955.12,5832.33,10318.09,1951.155,5561.775,10291.35,1976.812,5776.385,10463.96,1992.067,5811.538,10434.08,2014.702,5893.561,10091.26,1978.241,5709.453,10458,2030.728,5712.438,10485,1981.396,5965.407,10527.11,2020.255,5894.904,10372.9,2016.508,5763.861,10632.14,1968.176,5817.19,10022.17,2008.945,5659.699,10575.79,1966.29,5969.322
10662.89,1975.98,5911.338,10510.3,1966.141,6047.947,10544.01,1955.12,5829.867,10319.87,1951.155,5559.974,10292.06,1976.812,5773.958,10464.5,1992.067,5809.067,10434.5,2014.702,5891.066,10093.51,1978.241,5708.304,10458.16,2030.728,5709.914,10485.32,1981.396,5962.898,10527.36,2020.255,5892.387,10373.68,2016.508,5761.456,10632.22,1968.176,5814.663,10024.47,2008.945,5658.641,10576.44,1966.29,5966.877
10662.94,1975.98,5909.782,10510.74,1966.141,6046.456,10544.31,1955.12,5828.341,10321,1951.155,5558.902,10292.55,1976.812,5772.48,10464.88,1992.067,5807.557,10434.75,2014.702,5889.529,10094.84,1978.241,5707.485,10458.3,2030.728,5708.364,10485.47,1981.396,5961.349,10527.51,2020.255,5890.838,10374.12,2016.508,5759.96,10632.32,1968.176,5813.109,10025.88,2008.945,5657.997,10576.85,1966.29,5965.376
10662.92,1975.98,5909.075,10510.92,1966.141,6045.771,10544.5,1955.12,5827.658,10321.52,1951.155,5558.431,10292.7,1976.812,5771.788,10465.03,1992.067,5806.865,10434.94,2014.702,5888.849,10095.44,1978.241,5707.113,10458.39,2030.728,5707.662,10485.56,1981.396,5960.647,10527.6,2020.255,5890.136,10374.31,2016.508,5759.279,10632.34,1968.176,5812.402,10026.54,2008.945,5657.741,10577.02,1966.29,5964.688
10662.94,1975.98,5905.314,10511.77,1966.141,6042.107,10545.37,1955.12,5824.001,10324.41,1951.155,5556.024,10293.62,1976.812,5768.143,10465.94,1992.067,5803.217,10435.85,2014.702,5885.201,10098.7,1978.241,5705.242,10458.99,2030.728,5703.949,10486.17,1981.396,5956.936,10528.21,2020.255,5886.424,10375.21,2016.508,5755.629,10632.14,1968.176,5808.647,10030,2008.945,5656.266,10577.78,1966.29,5961.005
10663,1975.98,5903.551,10512.36,1966.141,6040.445,10545.73,1955.12,5822.272,10325.76,1951.155,5554.88,10293.83,1976.812,5766.391,10466.53,1992.067,5801.556,10436.23,2014.702,5883.476,10100.26,1978.241,5704.411,10459.2,2030.728,5702.197,10486.5,1981.396,5955.201,10528.55,2020.255,5884.693,10375.58,2016.508,5753.903,10632.11,1968.176,5806.883,10031.6,2008.945,5655.526,10578.07,1966.29,5959.266
10663.02,1975.98,5903.094,10512.5,1966.141,6040.01,10545.82,1955.12,5821.825,10326.1,1951.155,5554.579,10293.9,1976.812,5765.938,10466.67,1992.067,5801.121,10436.34,2014.702,5883.032,10100.67,1978.241,5704.208,10459.27,2030.728,5701.745,10486.54,1981.396,5954.746,10528.65,2020.255,5884.247,10375.67,2016.508,5753.455,10632.11,1968.176,5806.425,10032.01,2008.945,5655.321,10578.17,1966.29,5958.817
10663.18,1975.98,5901.254,10513.01,1966.141,6038.235,10546.19,1955.12,5820.018,10327.39,1951.155,5553.255,10293.96,1976.812,5764.094,10467.19,1992.067,5799.349,10437.02,2014.702,5881.319,10102.35,1978.241,5703.439,10459.61,2030.728,5699.931,10486.76,1981.396,5952.914,10529.11,2020.255,5882.46,10375.88,2016.508,5751.622,10632.19,1968.176,5804.582,10033.64,2008.945,5654.447,10578.48,1966.29,5956.999
10663.43,1975.98,5899.005,10513.56,1966.141,6036.039,10546.64,1955.12,5817.8,10329.02,1951.155,5551.684,10293.91,1976.812,5761.83,10467.76,1992.067,5797.158,10437.8,2014.702,5879.191,10104.43,1978.241,5702.558,10460.08,2030.728,5697.716,10487.11,1981.396,5950.677,10529.61,2020.255,5880.25,10375.86,2016.508,5749.357,10632.36,1968.176,5802.324,10035.6,2008.945,5653.315,10578.93,1966.29,5954.781
10663.55,1975.98,5898.197,10513.78,1966.141,6035.253,10546.8,1955.12,5817,10329.62,1951.155,5551.137,10293.92,1976.812,5761.013,10467.94,1992.067,5796.361,10438.05,2014.702,5878.415,10105.17,1978.241,5702.216,10460.22,2030.728,5696.912,10487.17,1981.396,5949.862,10529.81,2020.255,5879.459,10375.87,2016.508,5748.541,10632.45,1968.176,5801.512,10036.32,2008.945,5652.93,10579.07,1966.29,5953.976
10664.25,1975.98,5895.444,10514.47,1966.141,6032.5,10547.37,1955.12,5814.219,10331.51,1951.155,5549.018,10294.04,1976.812,5758.177,10468.49,1992.067,5793.576,10438.84,2014.702,5875.688,10107.71,1978.241,5700.942,10460.63,2030.728,5694.103,10487.49,1981.396,5947.041,10530.62,2020.255,5876.738,10375.99,2016.508,5745.705,10632.85,1968.176,5798.701,10038.87,2008.945,5651.674,10579.33,1966.29,5951.148
10664.66,1975.98,5893.531,10514.89,1966.141,6030.588,10547.75,1955.12,5812.302,10332.83,1951.155,5547.574,10294.18,1976.812,5756.225,10468.81,1992.067,5791.646,10439.44,2014.702,5873.824,10109.43,1978.241,5700.008,10460.91,2030.728,5692.166,10487.63,1981.396,5945.089,10531.11,2020.255,5874.845,10376.14,2016.508,5743.753,10633.19,1968.176,5796.773,10040.59,2008.945,5650.751,10579.55,1966.29,5949.204
10665,1975.98,5891.716,10515.22,1966.141,6028.772,10548.12,1955.12,5810.493,10334.13,1951.155,5546.254,10294.22,1976.812,5754.38,10469.06,1992.067,5789.817,10439.94,2014.702,5872.048,10111.02,1978.241,5699.074,10461.33,2030.728,5690.37,10487.82,1981.396,5943.254,10531.52,2020.255,5873.045,10376.34,2016.508,5741.919,10633.56,1968.176,5794.966,10042.19,2008.945,5649.828,10579.82,1966.29,5947.378
10665.23,1975.98,5890.175,10515.45,1966.141,6027.231,10548.43,1955.12,5808.967,10335.25,1951.155,5545.176,10294.31,1976.812,5752.824,10469.22,1992.067,5788.268,10440.32,2014.702,5870.536,10112.4,1978.241,5698.344,10461.77,2030.728,5688.875,10488.04,1981.396,5941.711,10531.97,2020.255,5871.553,10376.56,2016.508,5740.377,10633.93,1968.176,5793.452,10043.61,2008.945,5649.187,10579.84,1966.29,5945.821
10665.52,1975.98,5887.644,10515.74,1966.141,6024.7,10548.93,1955.12,5806.47,10337.06,1951.155,5543.378,10294.54,1976.812,5750.287,10469.41,1992.067,5785.728,10440.85,2014.702,5868.044,10114.69,1978.241,5697.22,10462.41,2030.728,5686.409,10488.25,1981.396,5939.171,10532.63,2020.255,5869.09,10376.8,2016.508,5737.84,10634.61,1968.176,5790.997,10045.9,2008.945,5648.069,10579.96,1966.29,5943.275
10665.46,1975.98,5886.097,10516.06,1966.141,6023.185,10549.18,1955.12,5804.943,10338.16,1951.155,5542.29,10294.73,1976.812,5748.75,10469.58,1992.067,5784.188,10441.12,2014.702,5866.521,10116.09,1978.241,5696.58,10462.75,2030.728,5684.898,10488.42,1981.396,5937.633,10532.98,2020.255,5867.582,10376.79,2016.508,5736.292,10635.07,1968.176,5789.519,10047.27,2008.945,5647.349,10580.08,1966.29,5941.732
10665.45,1975.98,5883.76,10516.47,1966.141,6020.883,10549.49,1955.12,5802.626,10339.87,1951.155,5540.703,10294.93,1976.812,5746.422,10469.9,1992.067,5781.874,10441.46,2014.702,5864.208,10118.21,1978.241,5695.588,10463.19,2030.728,5682.602,10488.76,1981.396,5935.321,10533.43,2020.255,5865.29,10376.86,2016.508,5733.956,10635.83,1968.176,5787.311,10049.33,2008.945,5646.24,10580.24,1966.29,5939.4
10665.49,1975.98,5882.191,10516.69,1966.141,6019.329,10549.65,1955.12,5801.065,10341.06,1951.155,5539.675,10294.95,1976.812,5744.853,10470.15,1992.067,5780.325,10441.66,2014.702,5862.651,10119.61,1978.241,5694.875,10463.48,2030.728,5681.061,10488.94,1981.396,5933.762,10533.69,2020.255,5863.741,10376.95,2016.508,5732.389,10636.4,1968.176,5785.846,10050.73,2008.945,5645.541,10580.4,1966.29,5937.839
10665.59,1975.98,5880.464,10517.01,1966.141,6017.628,10549.77,1955.12,5799.339,10342.41,1951.155,5538.589,10295.02,1976.812,5743.124,10470.47,1992.067,5778.625,10441.93,2014.702,5860.943,10121.13,1978.241,5694.04,10463.9,2030.728,5679.382,10489.09,1981.396,5932.038,10533.92,2020.255,5862.026,10376.91,2016.508,5730.66,10637.07,1968.176,5784.251,10052.25,2008.945,5644.719,10580.34,1966.29,5936.11
10665.77,1975.98,5878.501,10517.3,1966.141,6015.68,10549.89,1955.12,5797.373,10343.9,1951.155,5537.302,10295.29,1976.812,5741.172,10470.78,1992.067,5776.679,10442.55,2014.702,5859.072,10122.9,1978.241,5693.18,10464.32,2030.728,5677.455,10489.29,1981.396,5930.077,10534.12,2020.255,5860.065,10376.92,2016.508,5728.688,10637.89,1968.176,5782.461,10054.03,2008.945,5643.868,10580.33,1966.29,5934.139
10666.02,1975.98,5876.531,10517.54,1966.141,6013.708,10550.08,1955.12,5795.396,10345.44,1951.155,5536.05,10295.5,1976.812,5739.197,10471.03,1992.067,5774.708,10443.17,2014.702,5857.187,10124.74,1978.241,5692.435,10464.78,2030.728,5675.525,10489.48,1981.396,5928.1,10534.26,2020.255,5858.084,10377,2016.508,5726.704,10638.66,1968.176,5780.63,10055.91,2008.945,5643.208,10580.24,1966.29,5932.154
10666.33,1975.98,5874.565,10517.71,1966.141,6011.726,10550.33,1955.12,5793.421,10346.94,1951.155,5534.746,10295.64,1976.812,5737.212,10471.21,1992.067,5772.727,10443.8,2014.702,5855.297,10126.58,1978.241,5691.67,10465.19,2030.728,5673.577,10489.55,1981.396,5926.111,10534.34,2020.255,5856.097,10377.14,2016.508,5724.719,10639.37,1968.176,5778.772,10057.76,2008.945,5642.486,10580.22,1966.29,5930.165
10666.71,1975.98,5872.603,10518,1966.141,6009.748,10550.63,1955.12,5791.447,10348.58,1951.155,5533.599,10295.53,1976.812,5735.217,10471.34,1992.067,5770.732,10444.42,2014.702,5853.4,10128.44,1978.241,5690.958,10465.53,2030.728,5671.608,10489.68,1981.396,5924.117,10534.37,2020.255,5854.099,10377.34,2016.508,5722.731,10640.03,1968.176,5776.883,10059.6,2008.945,5641.706,10580.09,1966.29,5928.17
10667.15,1975.98,5869.852,10518.31,1966.141,6006.979,10551.14,1955.12,5788.708,10350.83,1951.155,5531.961,10295.47,1976.812,5732.432,10471.42,1992.067,5767.947,10445.29,2014.702,5850.755,10131.13,1978.241,5690.228,10465.92,2030.728,5668.849,10489.77,1981.396,5921.333,10534.37,2020.255,5851.314,10377.72,2016.508,5719.97,10640.85,1968.176,5774.222,10062.2,2008.945,5640.703,10580,1966.29,5925.386
10667.54,1975.98,5868.568,10518.43,1966.141,6005.642,10551.35,1955.12,5787.381,10351.89,1951.155,5531.137,10295.48,1976.812,5731.089,10471.49,1992.067,5766.607,10445.67,2014.702,5849.468,10132.42,1978.241,5689.842,10466.06,2030.728,5667.515,10489.85,1981.396,5919.993,10534.41,2020.255,5849.972,10377.94,2016.508,5718.646,10641.21,1968.176,5772.928,10063.47,2008.945,5640.26,10579.93,1966.29,5924.045
10668.06,1975.98,5866.65,10518.54,1966.141,6003.658,10551.82,1955.12,5785.452,10353.42,1951.155,5529.867,10295.56,1976.812,5729.104,10471.64,1992.067,5764.627,10446.17,2014.702,5847.545,10134.3,1978.241,5689.208,10466.31,2030.728,5665.543,10490.02,1981.396,5918.013,10534.53,2020.255,5847.989,10378.2,2016.508,5716.677,10641.67,1968.176,5770.995,10065.33,2008.945,5639.563,10579.9,1966.29,5922.059
10668.91,1975.98,5863.55,10518.92,1966.141,6000.467,10552.49,1955.12,5782.308,10355.82,1951.155,5527.732,10295.81,1976.812,5725.9,10471.96,1992.067,5761.43,10446.89,2014.702,5844.413,10137.31,1978.241,5688.084,10466.6,2030.728,5662.343,10490.39,1981.396,5914.821,10534.84,2020.255,5844.791,10378.53,2016.508,5713.481,10641.97,1968.176,5767.796,10068.37,2008.945,5638.536,10579.77,1966.29,5918.848
10669.02,1975.98,5863.056,10518.97,1966.141,5999.961,10552.57,1955.12,5781.807,10356.2,1951.155,5527.384,10295.86,1976.812,5725.395,10472.01,1992.067,5760.925,10446.99,2014.702,5843.915,10137.78,1978.241,5687.891,10466.58,2030.728,5661.835,10490.46,1981.396,5914.318,10534.9,2020.255,5844.287,10378.6,2016.508,5712.977,10642.03,1968.176,5767.292,10068.85,2008.945,5638.367,10579.77,1966.29,5918.339
10669.74,1975.98,5859.553,10519.22,1966.141,5996.395,10553.08,1955.12,5778.269,10358.72,1951.155,5524.855,10295.91,1976.812,5721.82,10472.5,1992.067,5757.384,10447.56,2014.702,5840.387,10141.04,1978.241,5686.425,10466.6,2030.728,5658.26,10491.06,1981.396,5910.794,10535.47,2020.255,5840.758,10378.94,2016.508,5709.419,10642.6,1968.176,5763.763,10072.26,2008.945,5637.293,10579.86,1966.29,5914.766
10669.82,1975.98,5859.049,10519.19,1966.141,5995.884,10553.14,1955.12,5777.761,10359.13,1951.155,5524.543,10295.93,1976.812,5721.31,10472.57,1992.067,5756.879,10447.63,2014.702,5839.88,10141.51,1978.241,5686.23,10466.62,2030.728,5657.749,10491.16,1981.396,5910.292,10535.57,2020.255,5840.256,10379.04,2016.508,5708.917,10642.67,1968.176,5763.255,10072.75,2008.945,5637.125,10579.89,1966.29,5914.255
10670.29,1975.98,5856.52,10519.15,1966.141,5993.314,10553.51,1955.12,5775.216,10361.11,1951.155,5522.911,10296.1,1976.812,5718.744,10473,1992.067,5754.345,10447.89,2014.702,5837.323,10143.92,1978.241,5685.319,10466.8,2030.728,5655.185,10491.73,1981.396,5907.787,10536.15,2020.255,5837.75,10379.6,2016.508,5706.406,10642.85,1968.176,5760.691,10075.15,2008.945,5636.209,10579.86,1966.29,5911.684
10670.63,1975.98,5854.209,10519.19,1966.141,5990.978,10553.89,1955.12,5772.911,10362.87,1951.155,5521.368,10296.26,1976.812,5716.413,10473.42,1992.067,5752.048,10448.05,2014.702,5834.992,10146.13,1978.241,5684.557,10467.03,2030.728,5652.86,10492.18,1981.396,5905.496,10536.74,2020.255,5835.491,10380.02,2016.508,5704.109,10643.09,1968.176,5758.367,10077.3,2008.945,5635.311,10579.92,1966.29,5909.348
10670.81,1975.98,5852.675,10519.1,1966.141,5989.436,10554.15,1955.12,5771.388,10364.09,1951.155,5520.429,10296.38,1976.812,5714.873,10473.72,1992.067,5750.533,10448.11,2014.702,5833.449,10147.57,1978.241,5684.005,10467.24,2030.728,5651.33,10492.44,1981.396,5903.973,10537.19,2020.255,5834.012,10380.26,2016.508,5702.582,10643.3,1968.176,5756.837,10078.75,2008.945,5634.764,10580,1966.29,5907.806
10671.26,1975.98,5850.646,10519.04,1966.141,5987.36,10554.56,1955.12,5769.353,10365.7,1951.155,5519.113,10296.46,1976.812,5712.797,10474.15,1992.067,5748.501,10448.12,2014.702,5831.372,10149.57,1978.241,5683.462,10467.33,2030.728,5649.254,10492.73,1981.396,5901.917,10537.85,2020.255,5832.042,10380.83,2016.508,5700.584,10643.78,1968.176,5754.815,10080.67,2008.945,5633.965,10580.18,1966.29,5905.737
10671.84,1975.98,5847.96,10519.05,1966.141,5984.612,10555.2,1955.12,5766.68,10367.77,1951.155,5517.303,10296.65,1976.812,5710.056,10474.74,1992.067,5745.82,10448.06,2014.702,5828.625,10152.23,1978.241,5682.747,10467.54,2030.728,5646.514,10493.04,1981.396,5899.186,10538.81,2020.255,5829.467,10381.49,2016.508,5697.918,10644.33,1968.176,5752.122,10083.24,2008.945,5632.992,10580.51,1966.29,5903.009
10672.24,1975.98,5845.739,10519.13,1966.141,5982.355,10555.72,1955.12,5764.481,10369.45,1951.155,5515.799,10296.88,1976.812,5707.81,10475.26,1992.067,5743.622,10447.94,2014.702,5826.37,10154.39,1978.241,5682.087,10467.78,2030.728,5644.269,10493.22,1981.396,5896.935,10539.52,2020.255,5827.326,10381.97,2016.508,5695.71,10644.82,1968.176,5749.917,10085.37,2008.945,5632.262,10580.85,1966.29,5900.777
10672.88,1975.98,5842.813,10518.97,1966.141,5979.364,10555.96,1955.12,5761.496,10371.62,1951.155,5513.732,10297.29,1976.812,5704.843,10476.01,1992.067,5740.725,10447.89,2014.702,5823.375,10157.22,1978.241,5681.12,10468.2,2030.728,5641.304,10493.36,1981.396,5893.943,10540.39,2020.255,5824.458,10382.64,2016.508,5692.792,10645.46,1968.176,5746.991,10088.24,2008.945,5631.387,10581.4,1966.29,5897.833
10673.34,1975.98,5840.331,10518.92,1966.141,5976.84,10556.24,1955.12,5758.987,10373.39,1951.155,5511.931,10297.71,1976.812,5702.354,10476.69,1992.067,5738.294,10447.93,2014.702,5820.851,10159.58,1978.241,5680.234,10468.64,2030.728,5638.817,10493.39,1981.396,5891.419,10541.03,2020.255,5822.017,10383.31,2016.508,5690.359,10645.91,1968.176,5744.508,10090.63,2008.945,5630.571,10581.94,1966.29,5895.367
10673.54,1975.98,5839.076,10518.93,1966.141,5975.57,10556.43,1955.12,5757.731,10374.26,1951.155,5511.007,10297.9,1976.812,5701.099,10477.01,1992.067,5737.066,10447.99,2014.702,5819.583,10160.76,1978.241,5679.75,10468.86,2030.728,5637.566,10493.37,1981.396,5890.15,10541.32,2020.255,5820.78,10383.81,2016.508,5689.189,10646.1,1968.176,5743.252,10091.81,2008.945,5630.122,10582.25,1966.29,5894.136
10673.71,1975.98,5838.07,10518.97,1966.141,5974.55,10556.61,1955.12,5756.726,10374.94,1951.155,5510.241,10298.09,1976.812,5700.094,10477.24,1992.067,5736.07,10448,2014.702,5818.561,10161.7,1978.241,5679.354,10469.07,2030.728,5636.566,10493.32,1981.396,5889.13,10541.52,2020.255,5819.778,10384.17,2016.508,5688.235,10646.22,1968.176,5742.238,10092.76,2008.945,5629.737,10582.49,1966.29,5893.142
10673.93,1975.98,5836.536,10518.87,1966.141,5973.003,10556.92,1955.12,5755.208,10375.93,1951.155,5509.049,10298.42,1976.812,5698.58,10477.53,1992.067,5734.548,10448.08,2014.702,5817.013,10163.11,1978.241,5678.707,10469.41,2030.728,5635.053,10493.23,1981.396,5887.582,10541.77,2020.255,5818.249,10384.68,2016.508,5686.77,10646.33,1968.176,5740.691,10094.26,2008.945,5629.333,10582.8,1966.29,5891.623
10674.25,1975.98,5834.088,10518.78,1966.141,5970.536,10557.5,1955.12,5752.808,10377.67,1951.155,5507.305,10299.03,1976.812,5696.187,10477.94,1992.067,5732.113,10448.21,2014.702,5814.547,10165.35,1978.241,5677.674,10469.8,2030.728,5632.617,10493.18,1981.396,5885.114,10542.09,2020.255,5815.801,10385.41,2016.508,5684.412,10646.58,1968.176,5738.235,10096.62,2008.945,5628.61,10583.21,1966.29,5889.188
10674.46,1975.98,5831.966,10518.58,1966.141,5968.413,10557.93,1955.12,5750.72,10379.13,1951.155,5505.75,10299.62,1976.812,5694.139,10478.35,1992.067,5730.021,10448.38,2014.702,5812.423,10167.31,1978.241,5676.841,10470.21,2030.728,5630.525,10493.2,1981.396,5882.982,10542.31,2020.255,5813.681,10385.97,2016.508,5682.356,10646.87,1968.176,5736.123,10098.64,2008.945,5627.927,10583.49,1966.29,5887.076
10674.74,1975.98,5829.852,10518.46,1966.141,5966.284,10558.37,1955.12,5748.634,10380.54,1951.155,5504.146,10300.06,1976.812,5692.052,10478.82,1992.067,5727.942,10448.5,2014.702,5810.293,10169.3,1978.241,5676.067,10470.7,2030.728,5628.447,10493.28,1981.396,5880.852,10542.45,2020.255,5811.553,10386.63,2016.508,5680.327,10647.08,1968.176,5734.001,10100.63,2008.945,5627.183,10583.71,1966.29,5884.954
10675.04,1975.98,5827.73,10518.4,1966.141,5964.143,10558.97,1955.12,5746.576,10381.9,1951.155,5502.491,10300.44,1976.812,5689.944,10479.36,1992.067,5725.869,10448.56,2014.702,5808.152,10171.32,1978.241,5675.35,10471.25,2030.728,5626.376,10493.41,1981.396,5878.714,10542.66,2020.255,5809.42,10387.22,2016.508,5678.267,10647.08,1968.176,5731.858,10102.62,2008.945,5626.375,10583.85,1966.29,5882.816
10675.27,1975.98,5825.602,10518.41,1966.141,5962.001,10559.5,1955.12,5744.502,10383.3,1951.155,5500.875,10300.84,1976.812,5687.84,10479.97,1992.067,5723.815,10448.57,2014.702,5806.012,10173.36,1978.241,5674.694,10471.86,2030.728,5624.326,10493.61,1981.396,5876.582,10542.79,2020.255,5807.284,10387.75,2016.508,5676.192,10647.15,1968.176,5729.719,10104.58,2008.945,5625.509,10584.38,1966.29,5880.739
10675.61,1975.98,5823.215,10518.5,1966.141,5959.593,10560.02,1955.12,5742.148,10384.83,1951.155,5499.005,10301.36,1976.812,5685.486,10480.71,1992.067,5721.522,10448.65,2014.702,5803.603,10175.67,1978.241,5674.024,10472.48,2030.728,5621.997,10493.75,1981.396,5874.176,10543.03,2020.255,5804.887,10388.06,2016.508,5673.803,10647.31,1968.176,5727.313,10106.75,2008.945,5624.468,10584.89,1966.29,5878.383
10675.91,1975.98,5820.473,10518.7,1966.141,5956.842,10560.61,1955.12,5739.457,10386.76,1951.155,5497.041,10302.06,1976.812,5682.819,10481.48,1992.067,5718.874,10448.83,2014.702,5800.851,10178.29,1978.241,5673.171,10473.22,2030.728,5619.339,10493.71,1981.396,5871.418,10543.4,2020.255,5802.153,10388.52,2016.508,5671.083,10647.58,1968.176,5724.569,10109.28,2008.945,5623.359,10585.38,1966.29,5875.67
10676.04,1975.98,5818.146,10518.94,1966.141,5954.524,10561.11,1955.12,5737.182,10388.34,1951.155,5495.328,10302.58,1976.812,5680.546,10482.06,1992.067,5716.618,10449.07,2014.702,5798.532,10180.52,1978.241,5672.489,10473.77,2030.728,5617.074,10493.76,1981.396,5869.088,10543.78,2020.255,5799.854,10388.97,2016.508,5668.797,10647.88,1968.176,5722.257,10111.44,2008.945,5622.492,10585.89,1966.29,5873.396
10676.28,1975.98,5815.37,10519.29,1966.141,5951.759,10561.71,1955.12,5734.462,10390.17,1951.155,5493.22,10303.1,1976.812,5677.81,10482.68,1992.067,5713.9,10449.27,2014.702,5795.752,10183.22,1978.241,5671.786,10474.34,2030.728,5614.346,10493.89,1981.396,5866.305,10544.28,2020.255,5797.112,10389.61,2016.508,5666.083,10648.33,1968.176,5719.507,10114.06,2008.945,5621.541,10586.41,1966.29,5870.658
10676.31,1975.98,5814.83,10519.34,1966.141,5951.221,10561.83,1955.12,5733.934,10390.51,1951.155,5492.804,10303.19,1976.812,5677.276,10482.78,1992.067,5713.37,10449.29,2014.702,5795.212,10183.74,1978.241,5671.657,10474.39,2030.728,5613.808,10493.93,1981.396,5865.766,10544.36,2020.255,5796.577,10389.75,2016.508,5665.561,10648.43,1968.176,5718.977,10114.58,2008.945,5621.392,10586.51,1966.29,5870.127
10676.57,1975.98,5811.877,10519.58,1966.141,5948.266,10562.46,1955.12,5731.04,10392.33,1951.155,5490.46,10303.56,1976.812,5674.335,10483.26,1992.067,5710.445,10449.35,2014.702,5792.249,10186.61,1978.241,5670.885,10474.74,2030.728,5610.864,10494.23,1981.396,5862.817,10544.7,2020.255,5793.632,10390.41,2016.508,5662.672,10649.1,1968.176,5716.088,10117.3,2008.945,5620.208,10586.97,1966.29,5867.199
10676.75,1975.98,5810.44,10519.7,1966.141,5946.824,10562.77,1955.12,5729.627,10393.17,1951.155,5489.288,10303.7,1976.812,5672.894,10483.46,1992.067,5709.011,10449.37,2014.702,5790.802,10188.01,1978.241,5670.543,10474.84,2030.728,5609.421,10494.46,1981.396,5861.387,10544.91,2020.255,5792.201,10390.79,2016.508,5661.275,10649.47,1968.176,5714.689,10118.63,2008.945,5619.659,10587.15,1966.29,5865.763
10676.88,1975.98,5809.087,10519.74,1966.141,5945.464,10563.06,1955.12,5728.3,10393.93,1951.155,5488.161,10303.78,1976.812,5671.537,10483.6,1992.067,5707.659,10449.38,2014.702,5789.442,10189.34,1978.241,5670.264,10474.98,2030.728,5608.068,10494.62,1981.396,5860.038,10545.07,2020.255,5790.85,10391.1,2016.508,5659.951,10649.86,1968.176,5713.386,10119.91,2008.945,5619.185,10587.28,1966.29,5864.409
10677.38,1975.98,5804.9,10520.01,1966.141,5941.256,10563.83,1955.12,5724.154,10396.83,1951.155,5485.098,10303.89,1976.812,5667.322,10484.06,1992.067,5703.467,10449.46,2014.702,5785.227,10193.45,1978.241,5669.298,10475.55,2030.728,5603.891,10495.51,1981.396,5855.917,10545.68,2020.255,5786.679,10391.93,2016.508,5655.818,10651.2,1968.176,5709.389,10123.91,2008.945,5617.843,10588.42,1966.29,5860.348
10677.59,1975.98,5803.043,10520.19,1966.141,5939.396,10564.11,1955.12,5722.306,10398.07,1951.155,5483.699,10303.88,1976.812,5665.453,10484.32,1992.067,5701.617,10449.56,2014.702,5783.36,10195.28,1978.241,5668.929,10475.87,2030.728,5602.048,10495.96,1981.396,5854.101,10546.01,2020.255,5784.839,10392.24,2016.508,5653.974,10651.85,1968.176,5707.637,10125.7,2008.945,5617.306,10588.86,1966.29,5858.532
10677.67,1975.98,5802.502,10520.26,1966.141,5938.854,10564.18,1955.12,5721.763,10398.42,1951.155,5483.278,10303.86,1976.812,5664.906,10484.37,1992.067,5701.073,10449.6,2014.702,5782.815,10195.82,1978.241,5668.828,10476.03,2030.728,5601.526,10496.07,1981.396,5853.566,10546.11,2020.255,5784.301,10392.31,2016.508,5653.432,10652.06,1968.176,5707.13,10126.21,2008.945,5617.128,10588.97,1966.29,5857.997
10678.4,1975.98,5798.57,10520.88,1966.141,5934.904,10564.78,1955.12,5717.81,10400.87,1951.155,5480.118,10303.58,1976.812,5660.917,10484.71,1992.067,5697.088,10449.61,2014.702,5778.816,10199.76,1978.241,5668.161,10477.1,2030.728,5597.673,10496.78,1981.396,5849.631,10546.7,2020.255,5780.346,10393.38,2016.508,5649.58,10653.45,1968.176,5703.381,10130.04,2008.945,5615.95,10589.69,1966.29,5854.063
10678.9,1975.98,5796.267,10521.32,1966.141,5932.587,10565.21,1955.12,5715.492,10402.25,1951.155,5478.208,10303.49,1976.812,5658.562,10484.79,1992.067,5694.732,10449.6,2014.702,5776.458,10202.07,1978.241,5667.692,10477.68,2030.728,5595.389,10497.13,1981.396,5847.299,10546.97,2020.255,5778.004,10393.94,2016.508,5647.289,10654.19,1968.176,5701.146,10132.31,2008.945,5615.329,10590.37,1966.29,5851.807
10679.04,1975.98,5795.733,10521.44,1966.141,5932.05,10565.29,1955.12,5714.948,10402.56,1951.155,5477.753,10303.49,1976.812,5658.012,10484.82,1992.067,5694.183,10449.59,2014.702,5775.908,10202.6,1978.241,5667.565,10477.8,2030.728,5594.851,10497.19,1981.396,5846.753,10547.05,2020.255,5777.459,10394.05,2016.508,5646.75,10654.37,1968.176,5700.625,10132.83,2008.945,5615.167,10590.51,1966.29,5851.275
10679.39,1975.98,5793.27,10522.05,1966.141,5929.637,10565.75,1955.12,5712.501,10403.89,1951.155,5475.651,10303.56,1976.812,5655.524,10485.07,1992.067,5691.706,10449.64,2014.702,5773.42,10205.01,1978.241,5666.911,10478.36,2030.728,5592.427,10497.41,1981.396,5844.274,10547.34,2020.255,5774.987,10394.49,2016.508,5644.301,10655.12,1968.176,5698.251,10135.24,2008.945,5614.512,10591.08,1966.29,5848.851
10679.86,1975.98,5790.625,10522.62,1966.141,5927.014,10566.15,1955.12,5709.847,10405.26,1951.155,5473.337,10303.72,1976.812,5652.843,10485.2,1992.067,5689.024,10449.79,2014.702,5770.738,10207.57,1978.241,5666.122,10478.88,2030.728,5589.792,10497.73,1981.396,5841.608,10547.21,2020.255,5772.305,10394.88,2016.508,5641.644,10655.84,1968.176,5695.665,10137.87,2008.945,5614.001,10591.6,1966.29,5846.217
10680.32,1975.98,5787.58,10523.42,1966.141,5924.039,10566.76,1955.12,5706.826,10406.73,1951.155,5470.632,10304.01,1976.812,5649.776,10485.46,1992.067,5685.954,10449.85,2014.702,5767.658,10210.49,1978.241,5665.12,10479.66,2030.728,5586.811,10498,1981.396,5838.539,10547.16,2020.255,5769.225,10395.59,2016.508,5638.645,10656.57,1968.176,5692.671,10140.88,2008.945,5613.317,10592.1,1966.29,5843.177
10680.67,1975.98,5785.715,10523.85,1966.141,5922.192,10567.08,1955.12,5704.956,10407.69,1951.155,5468.998,10304.25,1976.812,5647.894,10485.67,1992.067,5684.069,10449.89,2014.702,5765.762,10212.26,1978.241,5664.444,10480.08,2030.728,5584.96,10498.14,1981.396,5836.647,10547.08,2020.255,5767.329,10395.96,2016.508,5636.786,10656.96,1968.176,5690.815,10142.71,2008.945,5612.836,10592.34,1966.29,5841.296
10680.82,1975.98,5785.182,10523.96,1966.141,5921.649,10567.15,1955.12,5704.407,10407.96,1951.155,5468.512,10304.33,1976.812,5647.348,10485.72,1992.067,5683.518,10449.9,2014.702,5765.209,10212.77,1978.241,5664.23,10480.18,2030.728,5584.417,10498.17,1981.396,5836.095,10547.08,2020.255,5766.776,10396.05,2016.508,5636.24,10657.05,1968.176,5690.27,10143.24,2008.945,5612.678,10592.4,1966.29,5840.745
10681.79,1975.98,5781.241,10524.63,1966.141,5917.646,10567.56,1955.12,5700.369,10409.97,1951.155,5464.987,10305.1,1976.812,5643.363,10486.19,1992.067,5679.486,10450.12,2014.702,5761.156,10216.46,1978.241,5662.541,10480.81,2030.728,5580.408,10497.84,1981.396,5832.05,10546.81,2020.255,5762.726,10396.8,2016.508,5632.25,10657.54,1968.176,5686.24,10147.11,2008.945,5611.434,10592.69,1966.29,5836.697
10682.37,1975.98,5778.514,10525.08,1966.141,5914.895,10567.74,1955.12,5697.588,10411.27,1951.155,5462.521,10305.72,1976.812,5640.646,10486.42,1992.067,5676.708,10450.17,2014.702,5758.369,10218.95,1978.241,5661.298,10481.47,2030.728,5577.7,10497.7,1981.396,5829.266,10546.72,2020.255,5759.94,10397.22,2016.508,5629.495,10657.96,1968.176,5683.485,10149.74,2008.945,5610.526,10592.87,1966.29,5833.916
10682.78,1975.98,5776.325,10525.37,1966.141,5912.686,10567.82,1955.12,5695.361,10412.25,1951.155,5460.518,10306.29,1976.812,5638.491,10486.3,1992.067,5674.483,10450.15,2014.702,5756.141,10220.92,1978.241,5660.24,10481.93,2030.728,5575.52,10497.66,1981.396,5827.038,10546.72,2020.255,5757.712,10397.63,2016.508,5627.304,10658.35,1968.176,5681.291,10151.82,2008.945,5609.732,10592.85,1966.29,5831.688
10682.96,1975.98,5775.179,10525.51,1966.141,5911.535,10567.87,1955.12,5694.202,10412.73,1951.155,5459.464,10306.62,1976.812,5637.378,10486.27,1992.067,5673.323,10450.28,2014.702,5754.988,10221.92,1978.241,5659.656,10482.13,2030.728,5574.376,10497.68,1981.396,5825.878,10546.9,2020.255,5756.565,10397.8,2016.508,5626.156,10658.52,1968.176,5680.143,10152.89,2008.945,5609.283,10592.87,1966.29,5830.527
10683.05,1975.98,5774.474,10525.62,1966.141,5910.833,10567.88,1955.12,5693.492,10412.97,1951.155,5458.793,10306.84,1976.812,5636.705,10486.28,1992.067,5672.613,10450.33,2014.702,5754.28,10222.52,1978.241,5659.279,10482.23,2030.728,5573.673,10497.7,1981.396,5825.168,10546.98,2020.255,5755.86,10397.83,2016.508,5625.447,10658.64,1968.176,5679.444,10153.54,2008.945,5608.987,10592.91,1966.29,5829.818
10683.32,1975.98,5771.441,10526.07,1966.141,5907.82,10567.71,1955.12,5690.452,10414.06,1951.155,5455.953,10307.9,1976.812,5633.849,10486.42,1992.067,5669.571,10450.47,2014.702,5751.238,10225.04,1978.241,5657.578,10482.61,2030.728,5570.651,10497.88,1981.396,5822.128,10547.24,2020.255,5752.826,10398.05,2016.508,5622.41,10659.09,1968.176,5676.431,10156.26,2008.945,5607.628,10593.17,1966.29,5826.785
10683.5,1975.98,5768.288,10526.75,1966.141,5904.736,10567.64,1955.12,5687.294,10415.3,1951.155,5453.045,10309.09,1976.812,5630.925,10486.66,1992.067,5666.423,10450.41,2014.702,5748.081,10227.61,1978.241,5655.729,10482.89,2030.728,5567.506,10498.17,1981.396,5818.984,10547.71,2020.255,5749.704,10398.39,2016.508,5619.27,10659.57,1968.176,5673.311,10159.04,2008.945,5606.127,10592.93,1966.29,5823.636
10683.57,1975.98,5765.299,10527.29,1966.141,5901.798,10567.67,1955.12,5684.306,10416.33,1951.155,5450.241,10310.31,1976.812,5628.196,10487.03,1992.067,5663.457,10450.44,2014.702,5745.092,10229.97,1978.241,5653.9,10483.08,2030.728,5564.523,10498.77,1981.396,5816.055,10548.06,2020.255,5746.735,10398.75,2016.508,5616.303,10659.93,1968.176,5670.343,10161.68,2008.945,5604.729,10592.8,1966.29,5820.649
10683.63,1975.98,5764.351,10527.44,1966.141,5900.858,10567.71,1955.12,5683.356,10416.66,1951.155,5449.347,10310.73,1976.812,5627.342,10487.14,1992.067,5662.513,10450.49,2014.702,5744.142,10230.74,1978.241,5653.341,10483.18,2030.728,5563.578,10498.93,1981.396,5815.118,10548.27,2020.255,5745.808,10398.9,2016.508,5615.364,10660.02,1968.176,5669.396,10162.51,2008.945,5604.259,10592.79,1966.29,5819.699
10683.77,1975.98,5762.855,10527.74,1966.141,5899.386,10567.82,1955.12,5681.858,10417.18,1951.155,5447.939,10311.43,1976.812,5626.013,10487.53,1992.067,5661.063,10450.6,2014.702,5742.644,10231.98,1978.241,5652.491,10483.32,2030.728,5562.082,10499.13,1981.396,5813.629,10548.56,2020.255,5744.333,10399.07,2016.508,5613.872,10660.26,1968.176,5667.914,10163.79,2008.945,5603.477,10592.82,1966.29,5818.197
10683.97,1975.98,5760.164,10528.19,1966.141,5896.726,10568.12,1955.12,5679.175,10418.2,1951.155,5445.442,10312.77,1976.812,5623.669,10488.16,1992.067,5658.438,10450.73,2014.702,5739.948,10234.25,1978.241,5651.029,10483.45,2030.728,5559.386,10499.48,1981.396,5810.954,10548.98,2020.255,5741.667,10399.47,2016.508,5611.203,10660.81,1968.176,5665.272,10166.05,2008.945,5602.002,10592.96,1966.29,5815.502
10684.34,1975.98,5756.637,10528.67,1966.141,5893.212,10568.61,1955.12,5675.664,10419.66,1951.155,5442.207,10314.63,1976.812,5620.648,10488.86,1992.067,5654.962,10451.02,2014.702,5736.414,10237.28,1978.241,5649.196,10483.73,2030.728,5555.851,10499.82,1981.396,5807.424,10549.42,2020.255,5738.148,10400.11,2016.508,5607.714,10661.57,1968.176,5661.808,10168.96,2008.945,5599.975,10593.27,1966.29,5811.969
10684.42,1975.98,5756.081,10528.73,1966.141,5892.654,10568.64,1955.12,5675.103,10419.95,1951.155,5441.729,10314.94,1976.812,5620.179,10488.96,1992.067,5654.408,10451.08,2014.702,5735.855,10237.77,1978.241,5648.92,10483.77,2030.728,5555.291,10499.89,1981.396,5806.866,10549.47,2020.255,5737.589,10400.23,2016.508,5607.166,10661.67,1968.176,5661.255,10169.41,2008.945,5599.64,10593.34,1966.29,5811.411
10684.6,1975.98,5753.271,10528.8,1966.141,5889.839,10568.88,1955.12,5672.297,10421.35,1951.155,5439.287,10316.56,1976.812,5617.882,10489.33,1992.067,5651.618,10451.49,2014.702,5733.07,10240.26,1978.241,5647.609,10484.06,2030.728,5552.49,10500.15,1981.396,5804.062,10549.28,2020.255,5734.779,10400.7,2016.508,5604.389,10662.09,1968.176,5658.471,10171.62,2008.945,5597.892,10593.58,1966.29,5808.606
10684.59,1975.98,5750.723,10528.79,1966.141,5887.292,10569.01,1955.12,5669.753,10422.58,1951.155,5437.055,10318.1,1976.812,5615.853,10489.6,1992.067,5649.084,10451.78,2014.702,5730.539,10242.48,1978.241,5646.351,10484.25,2030.728,5549.95,10500.3,1981.396,5801.519,10549.2,2020.255,5732.233,10401.05,2016.508,5601.866,10662.39,1968.176,5655.942,10173.67,2008.945,5596.377,10594.06,1966.29,5806.103
10684.65,1975.98,5748.771,10528.84,1966.141,5885.338,10569.17,1955.12,5667.806,10423.47,1951.155,5435.314,10319.33,1976.812,5614.336,10489.74,1992.067,5647.136,10452.05,2014.702,5728.604,10244.14,1978.241,5645.332,10484.28,2030.728,5547.996,10500.48,1981.396,5799.574,10549.2,2020.255,5730.28,10401.39,2016.508,5599.941,10662.56,1968.176,5653.996,10175.28,2008.945,5595.267,10594.36,1966.29,5804.173
10684.9,1975.98,5744.903,10529.08,1966.141,5881.47,10569.36,1955.12,5663.935,10425.11,1951.155,5431.804,10321.88,1976.812,5611.409,10489.75,1992.067,5643.26,10452.47,2014.702,5724.751,10247.38,1978.241,5643.203,10484.46,2030.728,5544.125,10500.71,1981.396,5795.705,10549.32,2020.255,5726.406,10402.17,2016.508,5596.146,10663.06,1968.176,5650.152,10178.46,2008.945,5593.053,10594.83,1966.29,5800.326
10685.26,1975.98,5741.219,10528.93,1966.141,5877.771,10569.66,1955.12,5660.246,10426.57,1951.155,5428.402,10324.39,1976.812,5608.694,10489.82,1992.067,5639.56,10453.08,2014.702,5721.101,10250.41,1978.241,5641.071,10484.69,2030.728,5540.431,10501.06,1981.396,5792.02,10549.56,2020.255,5722.713,10403.04,2016.508,5592.547,10663.42,1968.176,5646.468,10181.56,2008.945,5591.04,10595.72,1966.29,5796.733
10685.26,1975.98,5740.09,10528.92,1966.141,5876.643,10569.91,1955.12,5659.144,10427,1951.155,5427.358,10325.15,1976.812,5607.86,10489.87,1992.067,5638.432,10453.23,2014.702,5719.981,10251.31,1978.241,5640.391,10484.8,2030.728,5539.307,10501.17,1981.396,5790.896,10549.66,2020.255,5721.589,10403.33,2016.508,5591.458,10663.49,1968.176,5645.341,10182.49,2008.945,5590.395,10595.96,1966.29,5795.629
10685.31,1975.98,5738.962,10528.95,1966.141,5875.514,10570.12,1955.12,5658.035,10427.53,1951.155,5426.365,10325.9,1976.812,5607.02,10489.88,1992.067,5637.304,10453.39,2014.702,5718.864,10252.19,1978.241,5639.682,10484.8,2030.728,5538.179,10501.07,1981.396,5789.772,10549.8,2020.255,5720.469,10403.66,2016.508,5590.378,10663.6,1968.176,5644.218,10183.4,2008.945,5589.723,10596.16,1966.29,5794.519
10685.37,1975.98,5738.15,10528.9,1966.141,5874.701,10570.25,1955.12,5657.23,10427.9,1951.155,5425.636,10326.44,1976.812,5606.41,10489.91,1992.067,5636.49,10453.47,2014.702,5718.054,10252.8,1978.241,5639.15,10484.82,2030.728,5537.365,10501.03,1981.396,5788.959,10549.88,2020.255,5719.658,10403.92,2016.508,5589.605,10663.71,1968.176,5643.412,10184.04,2008.945,5589.228,10596.27,1966.29,5793.713
10685.33,1975.98,5735.258,10528.82,1966.141,5871.81,10570.68,1955.12,5654.371,10429.1,1951.155,5423.006,10328.34,1976.812,5604.227,10490.12,1992.067,5633.605,10453.88,2014.702,5715.19,10254.93,1978.241,5637.19,10485,2030.728,5534.478,10500.97,1981.396,5786.067,10550.52,2020.255,5716.838,10404.91,2016.508,5586.889,10664.44,1968.176,5640.612,10186.28,2008.945,5587.396,10596.6,1966.29,5790.838
10685.37,1975.98,5732.365,10528.44,1966.141,5868.942,10571.22,1955.12,5651.528,10430.22,1951.155,5420.338,10330.22,1976.812,5602.03,10490.24,1992.067,5630.715,10454.19,2014.702,5712.314,10256.99,1978.241,5635.161,10485.27,2030.728,5531.598,10501,1981.396,5783.174,10551.08,2020.255,5713.999,10405.98,2016.508,5584.202,10665.07,1968.176,5637.789,10188.46,2008.945,5585.492,10596.83,1966.29,5787.955
10685.47,1975.98,5730.283,10528.21,1966.141,5866.87,10571.57,1955.12,5649.474,10431.05,1951.155,5418.429,10331.56,1976.812,5600.438,10490.39,1992.067,5628.636,10454.35,2014.702,5710.236,10258.43,1978.241,5633.652,10485.54,2030.728,5529.53,10500.9,1981.396,5781.093,10551.41,2020.255,5711.941,10406.8,2016.508,5582.288,10665.46,1968.176,5635.742,10190.18,2008.945,5584.321,10596.92,1966.29,5785.873
10685.59,1975.98,5728.748,10528.09,1966.141,5865.334,10571.78,1955.12,5647.948,10431.63,1951.155,5416.999,10332.55,1976.812,5599.255,10490.56,1992.067,5627.104,10454.49,2014.702,5708.702,10259.52,1978.241,5632.567,10485.67,2030.728,5527.996,10500.88,1981.396,5779.552,10551.6,2020.255,5710.413,10407.45,2016.508,5580.89,10665.7,1968.176,5634.22,10191.43,2008.945,5583.417,10596.94,1966.29,5784.332
10685.9,1975.98,5725.948,10527.77,1966.141,5862.536,10572.36,1955.12,5645.191,10432.68,1951.155,5414.388,10334.33,1976.812,5597.08,10490.95,1992.067,5624.315,10454.67,2014.702,5705.891,10261.58,1978.241,5630.641,10486,2030.728,5525.198,10500.93,1981.396,5776.736,10551.87,2020.255,5707.609,10408.71,2016.508,5578.368,10666.14,1968.176,5631.438,10193.66,2008.945,5581.694,10597.04,1966.29,5781.517
10686.12,1975.98,5723.169,10527.53,1966.141,5859.758,10572.84,1955.12,5642.445,10433.65,1951.155,5411.771,10336.09,1976.812,5594.916,10491.41,1992.067,5621.566,10454.85,2014.702,5703.109,10263.67,1978.241,5628.793,10486.42,2030.728,5522.442,10500.61,1981.396,5773.966,10552.04,2020.255,5704.826,10410.01,2016.508,5575.907,10666.49,1968.176,5628.671,10195.81,2008.945,5579.923,10597.08,1966.29,5778.729
10686.15,1975.98,5722.602,10527.44,1966.141,5859.199,10572.92,1955.12,5641.882,10433.83,1951.155,5411.232,10336.45,1976.812,5594.473,10491.48,1992.067,5621.002,10454.87,2014.702,5702.541,10264.1,1978.241,5628.43,10486.52,2030.728,5521.883,10500.57,1981.396,5773.399,10552.06,2020.255,5704.259,10410.29,2016.508,5575.413,10666.54,1968.176,5628.106,10196.24,2008.945,5579.549,10597.07,1966.29,5778.161
10686.7,1975.98,5719.745,10527.03,1966.141,5856.317,10573.58,1955.12,5639.048,10434.67,1951.155,5408.447,10338.25,1976.812,5592.193,10491.95,1992.067,5618.13,10455.06,2014.702,5699.638,10266.39,1978.241,5626.632,10487.15,2030.728,5519.042,10500.32,1981.396,5770.5,10552.52,2020.255,5701.385,10411.79,2016.508,5572.92,10667.04,1968.176,5625.24,10198.37,2008.945,5577.567,10596.93,1966.29,5775.255
10687.17,1975.98,5716.775,10526.72,1966.141,5853.328,10574.18,1955.12,5636.104,10435.44,1951.155,5405.542,10340.1,1976.812,5589.825,10492.53,1992.067,5615.18,10455.36,2014.702,5696.647,10268.81,1978.241,5624.846,10487.89,2030.728,5516.128,10500.16,1981.396,5767.499,10552.88,2020.255,5698.402,10413.41,2016.508,5570.386,10667.31,1968.176,5622.247,10200.5,2008.945,5575.453,10596.87,1966.29,5772.25
10687.76,1975.98,5713.088,10526.44,1966.141,5849.603,10574.81,1955.12,5632.423,10436.8,1951.155,5402.063,10342.38,1976.812,5586.868,10493.36,1992.067,5611.54,10455.62,2014.702,5692.921,10271.88,1978.241,5622.717,10488.93,2030.728,5512.541,10499.66,1981.396,5763.797,10553.22,2020.255,5694.682,10415.5,2016.508,5567.291,10667.78,1968.176,5618.541,10203.08,2008.945,5572.745,10596.93,1966.29,5768.516
10688.24,1975.98,5710.901,10526.35,1966.141,5847.366,10575.44,1955.12,5630.272,10437.54,1951.155,5399.952,10343.73,1976.812,5585.086,10493.93,1992.067,5609.376,10455.71,2014.702,5690.685,10273.67,1978.241,5621.382,10489.44,2030.728,5510.363,10499.42,1981.396,5761.572,10553.35,2020.255,5692.447,10416.8,2016.508,5565.468,10668.04,1968.176,5616.317,10204.67,2008.945,5571.174,10597.08,1966.29,5766.282
10688.48,1975.98,5709.554,10526.34,1966.141,5845.997,10575.77,1955.12,5628.945,10438.08,1951.155,5398.691,10344.55,1976.812,5583.99,10494.27,1992.067,5608.049,10455.72,2014.702,5689.315,10274.74,1978.241,5620.53,10489.8,2030.728,5509.042,10499.3,1981.396,5760.208,10553.48,2020.255,5691.083,10417.62,2016.508,5564.374,10668.18,1968.176,5614.955,10205.68,2008.945,5570.245,10597.19,1966.29,5764.917
10688.63,1975.98,5708.586,10526.19,1966.141,5845.03,10575.98,1955.12,5627.99,10438.43,1951.155,5397.779,10345.13,1976.812,5583.202,10494.48,1992.067,5607.094,10455.71,2014.702,5688.337,10275.49,1978.241,5619.897,10490.09,2030.728,5508.106,10499.24,1981.396,5759.232,10553.53,2020.255,5690.106,10418.23,2016.508,5563.607,10668.3,1968.176,5613.985,10206.42,2008.945,5569.605,10597.25,1966.29,5763.94
10688.91,1975.98,5706.208,10525.9,1966.141,5842.653,10576.42,1955.12,5625.636,10439.22,1951.155,5395.519,10346.53,1976.812,5581.264,10494.8,1992.067,5604.72,10455.62,2014.702,5685.945,10277.26,1978.241,5618.289,10490.86,2030.728,5505.839,10499.15,1981.396,5756.84,10553.5,2020.255,5687.712,10419.76,2016.508,5561.767,10668.48,1968.176,5611.598,10208.18,2008.945,5567.981,10597.39,1966.29,5761.55
10689.14,1975.98,5703.435,10525.65,1966.141,5839.882,10576.84,1955.12,5622.885,10440.05,1951.155,5392.864,10348.14,1976.812,5578.998,10495.25,1992.067,5601.975,10455.44,2014.702,5683.169,10279.26,1978.241,5616.353,10491.83,2030.728,5503.234,10499.12,1981.396,5754.059,10553.32,2020.255,5684.936,10421.5,2016.508,5559.6,10668.78,1968.176,5608.831,10210.12,2008.945,5565.99,10597.46,1966.29,5758.769
10689.19,1975.98,5702.416,10525.59,1966.141,5838.863,10576.98,1955.12,5621.875,10440.33,1951.155,5391.881,10348.73,1976.812,5578.162,10495.45,1992.067,5600.974,10455.35,2014.702,5682.153,10279.97,1978.241,5615.62,10492.14,2030.728,5502.261,10499.14,1981.396,5753.039,10553.28,2020.255,5683.917,10422.13,2016.508,5558.794,10668.85,1968.176,5607.813,10210.86,2008.945,5565.283,10597.45,1966.29,5757.749
10689.47,1975.98,5698.006,10525.48,1966.141,5834.446,10577.47,1955.12,5617.483,10441.37,1951.155,5387.587,10351.23,1976.812,5574.522,10496.44,1992.067,5596.668,10454.86,2014.702,5677.764,10282.94,1978.241,5612.345,10493.62,2030.728,5498.096,10499.32,1981.396,5748.625,10553.28,2020.255,5679.498,10424.78,2016.508,5555.266,10668.76,1968.176,5603.396,10213.94,2008.945,5562.121,10597.28,1966.29,5753.334
10689.56,1975.98,5695.542,10525.5,1966.141,5831.98,10577.66,1955.12,5615.025,10442.12,1951.155,5385.24,10352.61,1976.812,5572.479,10497.07,1992.067,5594.284,10454.66,2014.702,5675.306,10284.53,1978.241,5610.465,10494.36,2030.728,5495.747,10499.48,1981.396,5746.165,10553.36,2020.255,5677.034,10426.23,2016.508,5553.273,10668.79,1968.176,5600.93,10215.65,2008.945,5560.344,10597.1,1966.29,5750.875
10689.57,1975.98,5693.825,10525.57,1966.141,5830.264,10577.84,1955.12,5613.317,10442.6,1951.155,5383.589,10353.55,1976.812,5571.046,10497.56,1992.067,5592.638,10454.58,2014.702,5673.59,10285.6,1978.241,5609.119,10494.9,2030.728,5494.116,10499.68,1981.396,5744.458,10553.26,2020.255,5675.319,10427.22,2016.508,5551.871,10668.86,1968.176,5599.214,10216.84,2008.945,5559.101,10597.03,1966.29,5749.158
10689.51,1975.98,5691.624,10525.74,1966.141,5828.068,10578.01,1955.12,5611.122,10443.13,1951.155,5381.453,10354.75,1976.812,5569.2,10498.25,1992.067,5590.548,10454.55,2014.702,5671.388,10286.91,1978.241,5607.351,10495.66,2030.728,5492.049,10499.86,1981.396,5742.263,10553.2,2020.255,5673.118,10428.46,2016.508,5550.054,10669.03,1968.176,5597.019,10218.3,2008.945,5557.458,10597.01,1966.29,5746.957
10689.44,1975.98,5690.311,10525.93,1966.141,5826.767,10578.16,1955.12,5609.814,10443.41,1951.155,5380.167,10355.46,1976.812,5568.091,10498.7,1992.067,5589.313,10454.57,2014.702,5670.073,10287.66,1978.241,5606.269,10496.16,2030.728,5490.829,10500.06,1981.396,5740.963,10553.21,2020.255,5671.802,10429.18,2016.508,5548.951,10669.09,1968.176,5595.705,10219.15,2008.945,5556.449,10597.04,1966.29,5745.642
10689.14,1975.98,5687.076,10526.29,1966.141,5823.539,10578.61,1955.12,5606.598,10444.24,1951.155,5377.028,10357.18,1976.812,5565.336,10499.85,1992.067,5586.274,10454.73,2014.702,5666.829,10289.42,1978.241,5603.539,10497.46,2030.728,5487.856,10500.45,1981.396,5737.739,10553.34,2020.255,5668.557,10430.88,2016.508,5546.186,10669.35,1968.176,5592.466,10221.15,2008.945,5553.889,10597.22,1966.29,5742.398
10689.05,1975.98,5685.541,10526.41,1966.141,5822.006,10578.87,1955.12,5605.083,10444.59,1951.155,5375.53,10357.98,1976.812,5564.026,10500.4,1992.067,5584.842,10454.86,2014.702,5665.296,10290.29,1978.241,5602.27,10498.13,2030.728,5486.468,10500.67,1981.396,5736.217,10553.45,2020.255,5667.023,10431.66,2016.508,5544.858,10669.42,1968.176,5590.931,10222.06,2008.945,5552.649,10597.26,1966.29,5740.861
10688.99,1975.98,5683.324,10526.64,1966.141,5819.799,10579.31,1955.12,5602.909,10445.02,1951.155,5373.354,10359.12,1976.812,5562.125,10501.22,1992.067,5582.783,10455.12,2014.702,5663.093,10291.59,1978.241,5600.474,10499.14,2030.728,5484.496,10500.92,1981.396,5734.013,10553.69,2020.255,5664.817,10432.73,2016.508,5542.917,10669.45,1968.176,5588.712,10223.31,2008.945,5550.821,10597.08,1966.29,5738.65
10688.82,1975.98,5680.334,10526.85,1966.141,5816.812,10579.99,1955.12,5599.993,10445.5,1951.155,5370.398,10360.64,1976.812,5559.546,10502.37,1992.067,5580.017,10455.56,2014.702,5660.132,10293.42,1978.241,5598.1,10500.59,2030.728,5481.876,10501.29,1981.396,5731.042,10553.7,2020.255,5661.823,10434.11,2016.508,5540.262,10669.59,1968.176,5585.721,10224.93,2008.945,5548.302,10596.95,1966.29,5735.659
10688.77,1975.98,5678.724,10526.91,1966.141,5815.202,10580.4,1955.12,5598.435,10445.71,1951.155,5368.8,10361.44,1976.812,5558.152,10503,1992.067,5578.535,10455.98,2014.702,5658.575,10294.35,1978.241,5596.791,10501.41,2030.728,5480.49,10501.44,1981.396,5729.438,10553.77,2020.255,5660.213,10434.82,2016.508,5538.816,10669.71,1968.176,5584.115,10225.69,2008.945,5546.88,10596.92,1966.29,5734.048
10688.69,1975.98,5675.729,10526.92,1966.141,5812.206,10581.25,1955.12,5595.563,10446.4,1951.155,5365.886,10362.92,1976.812,5555.546,10504.21,1992.067,5575.795,10456.65,2014.702,5655.655,10296.02,1978.241,5594.3,10503.01,2030.728,5477.957,10501.63,1981.396,5726.447,10553.98,2020.255,5657.224,10436.08,2016.508,5536.095,10670.05,1968.176,5581.137,10227.04,2008.945,5544.208,10596.7,1966.29,5731.06
10688.7,1975.98,5674.156,10526.88,1966.141,5810.633,10581.75,1955.12,5594.069,10446.72,1951.155,5364.345,10363.68,1976.812,5554.172,10504.86,1992.067,5574.365,10456.96,2014.702,5654.112,10296.85,1978.241,5592.965,10503.89,2030.728,5476.652,10501.67,1981.396,5724.875,10554.14,2020.255,5655.66,10436.7,2016.508,5534.652,10670.18,1968.176,5579.57,10227.8,2008.945,5542.831,10596.64,1966.29,5729.488
10688.5,1975.98,5671.858,10526.89,1966.141,5808.328,10582.53,1955.12,5591.901,10447.11,1951.155,5362.072,10364.79,1976.812,5552.148,10505.85,1992.067,5572.282,10457.33,2014.702,5651.836,10298.01,1978.241,5590.969,10505.23,2030.728,5474.776,10501.81,1981.396,5722.573,10554.45,2020.255,5653.375,10437.56,2016.508,5532.514,10670.31,1968.176,5577.269,10228.98,2008.945,5540.847,10596.62,1966.29,5727.183
10688.38,1975.98,5669.555,10526.95,1966.141,5806.022,10583.32,1955.12,5589.736,10447.42,1951.155,5359.787,10365.87,1976.812,5550.115,10506.86,1992.067,5570.213,10457.63,2014.702,5649.55,10299.09,1978.241,5588.936,10506.51,2030.728,5472.856,10502.01,1981.396,5720.275,10554.59,2020.255,5651.072,10438.4,2016.508,5530.367,10670.52,1968.176,5574.972,10230.09,2008.945,5538.826,10596.59,1966.29,5724.876
10688.34,1975.98,5667.246,10527.08,1966.141,5803.716,10584.12,1955.12,5587.569,10447.66,1951.155,5357.49,10366.95,1976.812,5548.071,10507.91,1992.067,5568.157,10457.88,2014.702,5647.254,10300.12,1978.241,5586.865,10507.72,2030.728,5470.893,10502.28,1981.396,5717.981,10554.64,2020.255,5648.763,10439.22,2016.508,5528.209,10670.8,1968.176,5572.679,10231.16,2008.945,5536.777,10596.53,1966.29,5722.567
10688.4,1975.98,5662.232,10527.86,1966.141,5798.763,10585.86,1955.12,5582.87,10448.02,1951.155,5352.488,10369.24,1976.812,5543.616,10510.26,1992.067,5563.728,10458.27,2014.702,5642.255,10302.19,1978.241,5582.299,10510.22,2030.728,5466.546,10502.99,1981.396,5713.019,10554.91,2020.255,5643.756,10440.96,2016.508,5523.508,10671.58,1968.176,5567.725,10233.32,2008.945,5532.254,10596.56,1966.29,5717.553
10688.4,1975.98,5661.771,10527.92,1966.141,5798.305,10586.02,1955.12,5582.438,10448.04,1951.155,5352.026,10369.45,1976.812,5543.204,10510.48,1992.067,5563.324,10458.32,2014.702,5641.796,10302.37,1978.241,5581.873,10510.44,2030.728,5466.139,10503.05,1981.396,5712.562,10554.95,2020.255,5643.296,10441.12,2016.508,5523.074,10671.66,1968.176,5567.271,10233.5,2008.945,5531.83,10596.58,1966.29,5717.091
10688.4,1975.98,5661.134,10528,1966.141,5797.673,10586.24,1955.12,5581.842,10448.04,1951.155,5351.39,10369.74,1976.812,5542.635,10510.8,1992.067,5562.771,10458.41,2014.702,5641.167,10302.59,1978.241,5581.277,10510.72,2030.728,5465.568,10503.13,1981.396,5711.929,10555.03,2020.255,5642.664,10441.33,2016.508,5522.473,10671.8,1968.176,5566.65,10233.66,2008.945,5531.214,10596.53,1966.29,5716.456
10688.55,1975.98,5657.989,10528.55,1966.141,5794.574,10587.36,1955.12,5578.9,10448.04,1951.155,5348.241,10371.12,1976.812,5539.809,10512.41,1992.067,5560.069,10458.95,2014.702,5638.065,10303.61,1978.241,5578.297,10512.02,2030.728,5462.698,10503.39,1981.396,5708.792,10555.5,2020.255,5639.552,10442.33,2016.508,5519.493,10672.58,1968.176,5563.601,10234.55,2008.945,5528.193,10596.37,1966.29,5713.312
10688.64,1975.98,5655.679,10528.88,1966.141,5792.286,10588.19,1955.12,5576.742,10448.11,1951.155,5345.931,10372.12,1976.812,5537.729,10513.63,1992.067,5558.106,10459.28,2014.702,5635.778,10304.28,1978.241,5576.085,10513.04,2030.728,5460.624,10503.65,1981.396,5706.496,10555.93,2020.255,5637.28,10443.06,2016.508,5517.298,10673.23,1968.176,5561.382,10235.27,2008.945,5525.998,10596.33,1966.29,5711
10688.65,1975.98,5653.358,10529.14,1966.141,5789.979,10589.02,1955.12,5574.578,10448.1,1951.155,5343.61,10373.12,1976.812,5535.633,10514.89,1992.067,5556.158,10459.55,2014.702,5633.472,10304.88,1978.241,5573.844,10513.99,2030.728,5458.508,10503.97,1981.396,5704.197,10556.25,2020.255,5634.98,10443.76,2016.508,5515.087,10673.95,1968.176,5559.176,10235.92,2008.945,5523.77,10596.36,1966.29,5708.679
10688.57,1975.98,5650.531,10529.61,1966.141,5787.19,10590.04,1955.12,5571.943,10448.01,1951.155,5340.783,10374.32,1976.812,5533.074,10516.47,1992.067,5553.814,10459.8,2014.702,5630.655,10305.53,1978.241,5571.09,10515.17,2030.728,5455.936,10504.45,1981.396,5701.409,10556.72,2020.255,5632.193,10444.6,2016.508,5512.387,10674.92,1968.176,5556.518,10236.63,2008.945,5521.031,10596.49,1966.29,5705.854
10688.58,1975.98,5648.292,10530.15,1966.141,5785.017,10590.86,1955.12,5569.859,10447.71,1951.155,5338.565,10375.26,1976.812,5531.044,10517.76,1992.067,5551.983,10460.07,2014.702,5628.433,10305.97,1978.241,5568.895,10515.83,2030.728,5453.799,10504.91,1981.396,5699.219,10557.17,2020.255,5630,10445.24,2016.508,5510.244,10675.75,1968.176,5554.439,10237.12,2008.945,5518.846,10596.67,1966.29,5703.622
10688.71,1975.98,5644.867,10530.86,1966.141,5781.663,10592.12,1955.12,5566.673,10447.35,1951.155,5335.155,10376.69,1976.812,5527.929,10519.79,1992.067,5549.218,10460.22,2014.702,5625.008,10306.53,1978.241,5565.513,10516.91,2030.728,5450.542,10505.77,1981.396,5695.899,10557.69,2020.255,5626.61,10446.2,2016.508,5506.955,10677.13,1968.176,5551.299,10238.23,2008.945,5515.602,10597.05,1966.29,5700.216
10688.92,1975.98,5641.894,10531.7,1966.141,5778.803,10593.22,1955.12,5563.905,10447.14,1951.155,5332.182,10377.92,1976.812,5525.217,10521.59,1992.067,5546.85,10460.45,2014.702,5622.036,10307.03,1978.241,5562.576,10517.93,2030.728,5447.743,10506.42,1981.396,5692.99,10558.23,2020.255,5623.679,10447.01,2016.508,5504.087,10678.41,1968.176,5548.609,10239.1,2008.945,5512.753,10597.49,1966.29,5697.266
10689.07,1975.98,5640.506,10532.19,1966.141,5777.499,10593.74,1955.12,5562.611,10446.97,1951.155,5330.798,10378.5,1976.812,5523.946,10522.4,1992.067,5545.714,10460.6,2014.702,5620.649,10307.27,1978.241,5561.203,10518.45,2030.728,5446.449,10506.68,1981.396,5691.62,10558.52,2020.255,5622.315,10447.38,2016.508,5502.743,10679.05,1968.176,5547.371,10239.47,2008.945,5511.408,10597.72,1966.29,5695.891
10689.2,1975.98,5639.519,10532.51,1966.141,5776.556,10594.11,1955.12,5561.688,10446.87,1951.155,5329.806,10378.9,1976.812,5523.037,10522.96,1992.067,5544.885,10460.71,2014.702,5619.659,10307.45,1978.241,5560.223,10518.75,2030.728,5445.498,10506.9,1981.396,5690.647,10558.75,2020.255,5621.347,10447.64,2016.508,5501.78,10679.54,1968.176,5546.501,10239.71,2008.945,5510.44,10597.92,1966.29,5694.915
10689.91,1975.98,5635.376,10534.01,1966.141,5772.63,10595.7,1955.12,5557.795,10446.61,1951.155,5325.611,10380.61,1976.812,5519.198,10525.17,1992.067,5541.313,10461.29,2014.702,5615.496,10308.22,1978.241,5556.093,10520.12,2030.728,5441.526,10508.37,1981.396,5686.712,10559.87,2020.255,5617.295,10448.82,2016.508,5497.749,10681.71,1968.176,5542.899,10240.57,2008.945,5506.327,10598.5,1966.29,5690.752
10690.14,1975.98,5634.233,10534.4,1966.141,5771.528,10596.14,1955.12,5556.716,10446.64,1951.155,5324.445,10381.08,1976.812,5518.132,10525.75,1992.067,5540.303,10461.49,2014.702,5614.347,10308.44,1978.241,5554.948,10520.54,2030.728,5440.437,10508.75,1981.396,5685.607,10560.21,2020.255,5616.18,10449.18,2016.508,5496.639,10682.34,1968.176,5541.919,10240.77,2008.945,5505.178,10598.7,1966.29,5689.603
10690.53,1975.98,5632.603,10534.89,1966.141,5769.926,10596.77,1955.12,5555.167,10446.63,1951.155,5322.769,10381.76,1976.812,5516.599,10526.54,1992.067,5538.823,10461.83,2014.702,5612.705,10308.76,1978.241,5553.304,10521.19,2030.728,5438.892,10509.31,1981.396,5684.029,10560.75,2020.255,5614.592,10449.74,2016.508,5495.059,10683.29,1968.176,5540.542,10241.02,2008.945,5503.52,10599.03,1966.29,5687.959
10691.15,1975.98,5630.355,10535.62,1966.141,5767.711,10597.67,1955.12,5553.015,10446.73,1951.155,5320.441,10382.69,1976.812,5514.466,10527.57,1992.067,5536.732,10462.21,2014.702,5610.406,10309.22,1978.241,5551.022,10521.79,2030.728,5436.641,10510.03,1981.396,5681.811,10561.56,2020.255,5612.408,10450.58,2016.508,5492.885,10684.68,1968.176,5538.669,10241.29,2008.945,5501.206,10599.43,1966.29,5685.663
10691.84,1975.98,5628.131,10536.26,1966.141,5765.476,10598.56,1955.12,5550.868,10446.77,1951.155,5318.114,10383.63,1976.812,5512.335,10528.53,1992.067,5534.612,10462.65,2014.702,5608.12,10309.7,1978.241,5548.746,10522.47,2030.728,5434.414,10510.67,1981.396,5679.573,10562.44,2020.255,5610.251,10451.47,2016.508,5490.736,10686.13,1968.176,5536.845,10241.49,2008.945,5498.887,10599.9,1966.29,5683.383
10692.56,1975.98,5625.914,10536.97,1966.141,5763.251,10599.46,1955.12,5548.717,10446.72,1951.155,5315.781,10384.56,1976.812,5510.199,10529.42,1992.067,5532.456,10463.16,2014.702,5605.845,10310.2,1978.241,5546.467,10523.2,2030.728,5432.198,10511.55,1981.396,5677.413,10563.38,2020.255,5608.116,10452.43,2016.508,5488.607,10687.63,1968.176,5535.064,10241.62,2008.945,5496.558,10600.45,1966.29,5681.115
10693.71,1975.98,5622.754,10537.98,1966.141,5760.047,10600.85,1955.12,5545.656,10446.55,1951.155,5312.424,10385.91,1976.812,5507.12,10530.61,1992.067,5529.309,10464.01,2014.702,5602.592,10310.81,1978.241,5543.161,10524.36,2030.728,5429.042,10512.71,1981.396,5674.26,10564.82,2020.255,5605.082,10453.88,2016.508,5485.576,10689.72,1968.176,5532.427,10241.75,2008.945,5493.199,10601.34,1966.29,5677.875
10694.35,1975.98,5620.807,10538.71,1966.141,5758.132,10601.75,1955.12,5543.815,10446.38,1951.155,5310.382,10386.72,1976.812,5505.242,10531.26,1992.067,5527.369,10464.27,2014.702,5600.562,10311.11,1978.241,5541.134,10525.13,2030.728,5427.142,10513.36,1981.396,5672.316,10565.76,2020.255,5603.259,10454.81,2016.508,5483.752,10690.94,1968.176,5530.779,10241.9,2008.945,5491.155,10601.95,1966.29,5675.917
10694.58,1975.98,5619.993,10539.02,1966.141,5757.34,10602.14,1955.12,5543.064,10446.28,1951.155,5309.54,10387.06,1976.812,5504.465,10531.51,1992.067,5526.557,10464.41,2014.702,5599.724,10311.21,1978.241,5540.292,10525.42,2030.728,5426.346,10513.6,1981.396,5671.503,10566.17,2020.255,5602.517,10455.22,2016.508,5483.008,10691.42,1968.176,5530.081,10241.94,2008.945,5490.308,10602.23,1966.29,5675.116
10695.83,1975.98,5616.189,10540.75,1966.141,5753.729,10604.1,1955.12,5539.575,10446.36,1951.155,5305.536,10388.66,1976.812,5500.796,10532.55,1992.067,5522.689,10465.01,2014.702,5595.766,10311.54,1978.241,5536.302,10526.83,2030.728,5422.597,10514.62,1981.396,5667.631,10568.21,2020.255,5599.072,10457.22,2016.508,5479.542,10693.58,1968.176,5526.712,10242.23,2008.945,5486.314,10603.66,1966.29,5671.377
10696.4,1975.98,5614.638,10541.41,1966.141,5752.217,10604.96,1955.12,5538.161,10446.33,1951.155,5303.886,10389.32,1976.812,5499.285,10532.92,1992.067,5521.082,10465.31,2014.702,5594.143,10311.63,1978.241,5534.653,10527.43,2030.728,5421.061,10514.95,1981.396,5666.013,10569.09,2020.255,5597.679,10458.08,2016.508,5478.135,10694.43,1968.176,5525.295,10242.27,2008.945,5484.665,10604.24,1966.29,5669.833
10697.25,1975.98,5612.523,10542.26,1966.141,5750.102,10606.19,1955.12,5536.243,10446.23,1951.155,5301.61,10390.23,1976.812,5497.198,10533.37,1992.067,5518.848,10465.8,2014.702,5591.918,10311.67,1978.241,5532.375,10528.03,2030.728,5418.863,10515.47,1981.396,5663.796,10570.37,2020.255,5595.793,10459.24,2016.508,5476.175,10695.53,1968.176,5523.303,10242.4,2008.945,5482.39,10605.12,1966.29,5667.73
10698.48,1975.98,5609.7,10543.55,1966.141,5747.304,10607.92,1955.12,5533.698,10445.99,1951.155,5298.537,10391.47,1976.812,5494.375,10533.88,1992.067,5515.808,10466.51,2014.702,5588.919,10311.62,1978.241,5529.293,10528.95,2030.728,5415.919,10516.27,1981.396,5660.817,10572.18,2020.255,5593.295,10460.77,2016.508,5473.502,10696.94,1968.176,5520.56,10242.47,2008.945,5479.308,10606.21,1966.29,5664.847
10699.49,1975.98,5607.586,10544.46,1966.141,5745.147,10609.3,1955.12,5531.804,10445.73,1951.155,5296.209,10392.41,1976.812,5492.23,10534.26,1992.067,5513.5,10466.84,2014.702,5586.602,10311.51,1978.241,5526.954,10529.71,2030.728,5413.706,10516.94,1981.396,5658.575,10573.49,2020.255,5591.354,10461.91,2016.508,5471.455,10697.94,1968.176,5518.443,10242.45,2008.945,5476.966,10607.11,1966.29,5662.685
10700.41,1975.98,5605.813,10545.21,1966.141,5743.297,10610.52,1955.12,5530.225,10445.44,1951.155,5294.235,10393.21,1976.812,5490.404,10534.59,1992.067,5511.532,10467.19,2014.702,5584.637,10311.35,1978.241,5524.965,10530.41,2030.728,5411.836,10517.38,1981.396,5656.629,10574.55,2020.255,5589.664,10462.85,2016.508,5469.698,10698.74,1968.176,5516.613,10242.69,2008.945,5474.985,10607.93,1966.29,5660.869
10701.4,1975.98,5604.04,10545.91,1966.141,5741.39,10611.81,1955.12,5528.655,10445.08,1951.155,5292.235,10394.03,1976.812,5488.546,10534.93,1992.067,5509.53,10467.36,2014.702,5582.613,10311.12,1978.241,5522.947,10531.33,2030.728,5410.025,10517.9,1981.396,5654.664,10575.57,2020.255,5587.91,10463.79,2016.508,5467.897,10699.49,1968.176,5514.726,10242.88,2008.945,5472.963,10608.83,1966.29,5659.045
10702.58,1975.98,5602.069,10546.74,1966.141,5739.247,10613.28,1955.12,5526.89,10444.63,1951.155,5289.98,10394.96,1976.812,5486.444,10535.3,1992.067,5507.261,10467.63,2014.702,5580.328,10310.82,1978.241,5520.668,10532.31,2030.728,5407.942,10518.55,1981.396,5652.459,10576.67,2020.255,5585.886,10464.82,2016.508,5465.844,10700.4,1968.176,5512.616,10243.02,2008.945,5470.668,10609.9,1966.29,5657.012
10703.83,1975.98,5600.143,10547.64,1966.141,5737.138,10614.77,1955.12,5525.145,10444.11,1951.155,5287.747,10395.83,1976.812,5484.323,10535.66,1992.067,5504.999,10467.97,2014.702,5578.06,10310.58,1978.241,5518.387,10533.21,2030.728,5405.834,10519.28,1981.396,5650.283,10577.69,2020.255,5583.833,10465.83,2016.508,5463.784,10701.39,1968.176,5510.544,10243.09,2008.945,5468.376,10610.96,1966.29,5654.977
10705.21,1975.98,5598.154,10548.52,1966.141,5734.883,10616.35,1955.12,5523.319,10443.57,1951.155,5285.388,10396.68,1976.812,5482.061,10536.04,1992.067,5502.61,10468.4,2014.702,5575.681,10310.4,1978.241,5515.975,10534.23,2030.728,5403.641,10519.78,1981.396,5647.917,10578.7,2020.255,5581.634,10466.84,2016.508,5461.585,10702.49,1968.176,5508.393,10243.1,2008.945,5465.957,10611.96,1966.29,5652.774
10706.32,1975.98,5596.424,10549.21,1966.141,5732.939,10617.65,1955.12,5521.721,10442.98,1951.155,5283.415,10397.36,1976.812,5480.116,10536.42,1992.067,5500.585,10468.84,2014.702,5573.667,10310.3,1978.241,5513.917,10535.04,2030.728,5401.745,10520.28,1981.396,5645.916,10579.5,2020.255,5579.734,10467.67,2016.508,5459.703,10703.49,1968.176,5506.591,10243.04,2008.945,5463.897,10612.87,1966.29,5650.924
10707.56,1975.98,5594.372,10549.88,1966.141,5730.641,10619.11,1955.12,5519.816,10442.36,1951.155,5281.101,10398.09,1976.812,5477.834,10536.94,1992.067,5498.247,10469.43,2014.702,5571.344,10310.26,1978.241,5511.522,10536.05,2030.728,5399.572,10520.93,1981.396,5643.611,10580.35,2020.255,5577.496,10468.59,2016.508,5457.491,10704.72,1968.176,5504.536,10242.91,2008.945,5461.506,10613.98,1966.29,5648.805
10709.23,1975.98,5591.385,10550.93,1966.141,5727.383,10621.09,1955.12,5517.03,10441.59,1951.155,5277.767,10399.04,1976.812,5474.547,10537.78,1992.067,5494.931,10470.37,2014.702,5568.055,10310.31,1978.241,5508.101,10537.47,2030.728,5396.459,10521.97,1981.396,5640.351,10581.47,2020.255,5574.261,10469.87,2016.508,5454.319,10706.57,1968.176,5501.658,10242.61,2008.945,5458.098,10615.57,1966.29,5645.774
10710.61,1975.98,5588.707,10551.94,1966.141,5724.544,10622.76,1955.12,5514.521,10440.82,1951.155,5274.854,10399.79,1976.812,5471.629,10538.62,1992.067,5492.035,10471.29,2014.702,5565.186,10310.44,1978.241,5505.09,10538.63,2030.728,5393.678,10522.6,1981.396,5637.405,10582.35,2020.255,5571.381,10470.97,2016.508,5451.514,10708.29,1968.176,5499.176,10242.27,2008.945,5455.104,10616.95,1966.29,5643.097
10710.9,1975.98,5588.193,10552.22,1966.141,5724.025,10623.07,1955.12,5514.021,10440.63,1951.155,5274.296,10399.93,1976.812,5471.056,10538.8,1992.067,5491.474,10471.49,2014.702,5564.632,10310.48,1978.241,5504.502,10538.87,2030.728,5393.141,10522.74,1981.396,5636.831,10582.51,2020.255,5570.813,10471.18,2016.508,5450.963,10708.62,1968.176,5498.691,10242.18,2008.945,5454.521,10617.21,1966.29,5642.567
10712.11,1975.98,5586.182,10553.3,1966.141,5721.943,10624.25,1955.12,5511.988,10439.95,1951.155,5272.048,10400.39,1976.812,5468.755,10539.59,1992.067,5489.264,10472.36,2014.702,5562.45,10310.58,1978.241,5502.158,10539.77,2030.728,5390.973,10523.34,1981.396,5634.564,10583.05,2020.255,5568.53,10471.99,2016.508,5448.763,10710,1968.176,5496.796,10241.92,2008.945,5452.189,10618.3,1966.29,5640.487
10713.76,1975.98,5583.623,10554.62,1966.141,5719.195,10625.68,1955.12,5509.301,10439.02,1951.155,5269.148,10400.9,1976.812,5465.751,10540.7,1992.067,5486.427,10473.57,2014.702,5559.653,10310.37,1978.241,5499.117,10540.86,2030.728,5388.125,10524.23,1981.396,5631.647,10583.66,2020.255,5565.544,10473.02,2016.508,5445.896,10711.86,1968.176,5494.382,10241.68,2008.945,5449.151,10619.75,1966.29,5637.811
10714.7,1975.98,5582.274,10555.34,1966.141,5717.721,10626.41,1955.12,5507.83,10438.37,1951.155,5267.638,10401.13,1976.812,5464.126,10541.35,1992.067,5484.918,10474.27,2014.702,5558.168,10310.31,1978.241,5497.476,10541.61,2030.728,5386.665,10524.76,1981.396,5630.092,10583.94,2020.255,5563.926,10473.56,2016.508,5444.346,10712.89,1968.176,5493.102,10241.6,2008.945,5447.511,10620.51,1966.29,5636.355
10716.52,1975.98,5579.823,10556.6,1966.141,5714.937,10627.68,1955.12,5505.05,10437.27,1951.155,5264.792,10401.48,1976.812,5461.093,10542.64,1992.067,5482.151,10475.46,2014.702,5555.358,10310.3,1978.241,5494.423,10542.91,2030.728,5383.904,10525.44,1981.396,5627.116,10584.42,2020.255,5560.911,10474.54,2016.508,5441.456,10714.82,1968.176,5490.739,10241.56,2008.945,5444.458,10621.76,1966.29,5633.598
10717.54,1975.98,5578.536,10557.27,1966.141,5713.436,10628.31,1955.12,5503.534,10436.64,1951.155,5263.272,10401.62,1976.812,5459.456,10543.38,1992.067,5480.685,10476.15,2014.702,5553.867,10310.32,1978.241,5492.78,10543.56,2030.728,5382.396,10525.7,1981.396,5625.495,10584.85,2020.255,5559.328,10475.05,2016.508,5439.897,10715.84,1968.176,5489.459,10241.54,2008.945,5442.815,10622.36,1966.29,5632.07
10719.39,1975.98,5576.357,10558.34,1966.141,5710.789,10629.32,1955.12,5500.863,10435.64,1951.155,5260.595,10401.77,1976.812,5456.604,10544.75,1992.067,5478.176,10477.44,2014.702,5551.314,10310.1,1978.241,5489.932,10544.88,2030.728,5379.86,10526.25,1981.396,5622.69,10585.52,2020.255,5556.55,10475.93,2016.508,5437.178,10717.57,1968.176,5487.189,10241.2,2008.945,5439.979,10623.48,1966.29,5629.442
10720.1,1975.98,5575.577,10558.73,1966.141,5709.809,10629.73,1955.12,5499.891,10435.3,1951.155,5259.597,10401.8,1976.812,5455.551,10545.28,1992.067,5477.267,10477.94,2014.702,5550.387,10310.05,1978.241,5488.879,10545.33,2030.728,5378.909,10526.47,1981.396,5621.66,10585.73,2020.255,5555.518,10476.24,2016.508,5436.173,10718.18,1968.176,5486.331,10241.11,2008.945,5438.93,10623.92,1966.29,5628.485
10722.54,1975.98,5573.047,10560.03,1966.141,5706.541,10631.19,1955.12,5496.688,10434,1951.155,5256.328,10401.8,1976.812,5452.033,10547.15,1992.067,5474.289,10479.7,2014.702,5547.344,10310.01,1978.241,5485.361,10546.92,2030.728,5375.768,10527.3,1981.396,5618.242,10586.33,2020.255,5552.051,10477.27,2016.508,5432.809,10720.13,1968.176,5483.399,10240.52,2008.945,5435.461,10625.34,1966.29,5625.268
10724.17,1975.98,5571.248,10560.86,1966.141,5704.258,10632.26,1955.12,5494.512,10433.18,1951.155,5254.044,10401.72,1976.812,5449.606,10548.51,1992.067,5472.275,10480.85,2014.702,5545.206,10310.06,1978.241,5482.934,10548.05,2030.728,5373.62,10527.96,1981.396,5615.903,10586.82,2020.255,5549.674,10477.96,2016.508,5430.482,10721.41,1968.176,5481.334,10240.19,2008.945,5433.056,10626.25,1966.29,5623.018
10726.29,1975.98,5568.754,10561.87,1966.141,5701.148,10633.81,1955.12,5491.629,10431.79,1951.155,5251.086,10401.53,1976.812,5446.342,10550.42,1992.067,5469.622,10482.3,2014.702,5542.275,10310.03,1978.241,5479.664,10549.48,2030.728,5370.678,10528.81,1981.396,5612.745,10587.59,2020.255,5546.495,10478.86,2016.508,5427.342,10723.22,1968.176,5478.609,10239.85,2008.945,5429.803,10627.58,1966.29,5620.026
10727.54,1975.98,5567.181,10562.55,1966.141,5699.258,10634.7,1955.12,5489.827,10430.99,1951.155,5249.241,10401.35,1976.812,5444.34,10551.6,1992.067,5468,10483.14,2014.702,5540.446,10310.09,1978.241,5477.655,10550.3,2030.728,5368.843,10529.39,1981.396,5610.822,10588.11,2020.255,5544.555,10479.41,2016.508,5425.409,10724.27,1968.176,5476.899,10239.61,2008.945,5427.808,10628.24,1966.29,5618.132
10727.89,1975.98,5566.709,10562.78,1966.141,5698.716,10634.98,1955.12,5489.314,10430.77,1951.155,5248.693,10401.28,1976.812,5443.756,10551.95,1992.067,5467.527,10483.36,2014.702,5539.903,10310.09,1978.241,5477.067,10550.52,2030.728,5368.298,10529.55,1981.396,5610.255,10588.29,2020.255,5543.993,10479.56,2016.508,5424.842,10724.57,1968.176,5476.389,10239.55,2008.945,5427.222,10628.45,1966.29,5617.583
10730.83,1975.98,5562.479,10564.63,1966.141,5693.909,10637.36,1955.12,5484.744,10429.05,1951.155,5243.841,10400.52,1976.812,5438.663,10555.04,1992.067,5463.409,10485.29,2014.702,5535.128,10309.9,1978.241,5471.92,10552.38,2030.728,5363.494,10531.1,1981.396,5605.345,10589.92,2020.255,5539.111,10480.9,2016.508,5419.87,10727.27,1968.176,5472.008,10239.27,2008.945,5422.08,10630.47,1966.29,5612.845
10732.42,1975.98,5560.011,10565.59,1966.141,5691.133,10638.8,1955.12,5482.182,10427.82,1951.155,5241.169,10400.19,1976.812,5435.743,10556.82,1992.067,5461.071,10486.3,2014.702,5532.368,10309.7,1978.241,5468.988,10553.53,2030.728,5360.789,10532.08,1981.396,5602.573,10590.94,2020.255,5536.354,10481.57,2016.508,5417.008,10728.8,1968.176,5469.496,10239.2,2008.945,5419.142,10631.71,1966.29,5610.179
10732.87,1975.98,5559.272,10565.88,1966.141,5690.32,10639.23,1955.12,5481.437,10427.45,1951.155,5240.392,10400.12,1976.812,5434.884,10557.32,1992.067,5460.369,10486.57,2014.702,5531.549,10309.64,1978.241,5468.127,10553.87,2030.728,5359.998,10532.39,1981.396,5601.77,10591.26,2020.255,5535.554,10481.79,2016.508,5416.176,10729.32,1968.176,5468.808,10239.27,2008.945,5418.283,10632.1,1966.29,5609.409
10733.1,1975.98,5558.862,10566.05,1966.141,5689.882,10639.48,1955.12,5481.039,10427.26,1951.155,5239.962,10400.09,1976.812,5434.414,10557.58,1992.067,5459.978,10486.69,2014.702,5531.095,10309.62,1978.241,5467.658,10554.07,2030.728,5359.572,10532.61,1981.396,5601.35,10591.45,2020.255,5535.124,10481.93,2016.508,5415.726,10729.59,1968.176,5468.423,10239.31,2008.945,5417.814,10632.32,1966.29,5608.996
10735.22,1975.98,5554.765,10567.87,1966.141,5685.641,10641.81,1955.12,5477.053,10425.39,1951.155,5235.745,10400.01,1976.812,5429.801,10560.03,1992.067,5456.066,10488,2014.702,5526.67,10309.32,1978.241,5463.054,10556.52,2030.728,5355.667,10534.55,1981.396,5597.164,10593.43,2020.255,5530.954,10483.42,2016.508,5411.359,10732.48,1968.176,5464.827,10239.87,2008.945,5413.234,10634.65,1966.29,5605.012
10735.98,1975.98,5553.171,10568.62,1966.141,5684.041,10642.75,1955.12,5475.556,10424.72,1951.155,5234.107,10400.04,1976.812,5428.034,10560.92,1992.067,5454.541,10488.56,2014.702,5524.993,10309.26,1978.241,5461.288,10557.42,2030.728,5354.141,10535.24,1981.396,5595.538,10594.23,2020.255,5529.38,10484.04,2016.508,5409.706,10733.54,1968.176,5463.414,10240.02,2008.945,5411.474,10635.59,1966.29,5603.514
10736.63,1975.98,5551.707,10569.12,1966.141,5682.521,10643.55,1955.12,5474.174,10424.17,1951.155,5232.606,10400.06,1976.812,5426.435,10561.69,1992.067,5453.136,10488.96,2014.702,5523.444,10309.26,1978.241,5459.688,10558.18,2030.728,5352.734,10535.87,1981.396,5594.069,10595,2020.255,5527.978,10484.66,2016.508,5408.229,10734.46,1968.176,5462.104,10240.26,2008.945,5409.892,10636.43,1966.29,5602.155
10737.84,1975.98,5549.154,10570.06,1966.141,5679.852,10645.06,1955.12,5471.778,10422.99,1951.155,5230.036,10400.19,1976.812,5423.608,10562.96,1992.067,5450.612,10489.75,2014.702,5520.729,10309.35,1978.241,5456.86,10559.67,2030.728,5350.333,10536.91,1981.396,5591.436,10596.43,2020.255,5525.54,10485.61,2016.508,5405.567,10736.01,1968.176,5459.737,10240.58,2008.945,5407.081,10637.97,1966.29,5599.784
10739.01,1975.98,5546.904,10570.97,1966.141,5677.49,10646.33,1955.12,5469.59,10422.01,1951.155,5227.701,10400.38,1976.812,5421.083,10564.04,1992.067,5448.318,10490.22,2014.702,5518.241,10309.15,1978.241,5454.334,10560.94,2030.728,5348.139,10537.91,1981.396,5589.109,10597.78,2020.255,5523.396,10486.55,2016.508,5403.213,10737.32,1968.176,5457.573,10240.79,2008.945,5404.556,10639.35,1966.29,5597.662
10739.91,1975.98,5545.29,10571.7,1966.141,5675.789,10647.48,1955.12,5468.136,10421.35,1951.155,5225.973,10400.46,1976.812,5419.234,10564.78,1992.067,5446.621,10490.63,2014.702,5516.436,10309.07,1978.241,5452.486,10561.81,2030.728,5346.508,10538.7,1981.396,5587.436,10598.82,2020.255,5521.861,10487.29,2016.508,5401.517,10738.23,1968.176,5455.962,10240.89,2008.945,5402.709,10640.4,1966.29,5596.133
10741.17,1975.98,5543.204,10572.7,1966.141,5673.568,10648.92,1955.12,5466.173,10420.28,1951.155,5223.783,10400.64,1976.812,5416.806,10565.68,1992.067,5444.358,10491.24,2014.702,5514.078,10309.03,1978.241,5450.052,10562.89,2030.728,5344.325,10539.8,1981.396,5585.263,10600.24,2020.255,5519.883,10488.05,2016.508,5399.204,10739.36,1968.176,5453.805,10240.95,2008.945,5400.274,10641.82,1966.29,5594.158
10742.4,1975.98,5541.3,10573.5,1966.141,5671.447,10650.31,1955.12,5464.384,10419.36,1951.155,5221.711,10400.89,1976.812,5414.551,10566.45,1992.067,5442.227,10491.88,2014.702,5511.902,10309.06,1978.241,5447.784,10563.83,2030.728,5342.259,10540.67,1981.396,5583.168,10601.62,2020.255,5518.082,10488.83,2016.508,5397.073,10740.35,1968.176,5451.762,10240.93,2008.945,5398.006,10643.19,1966.29,5592.349
10743.79,1975.98,5539.295,10574.44,1966.141,5669.194,10651.87,1955.12,5462.507,10418.44,1951.155,5219.451,10401.16,1976.812,5412.125,10567.22,1992.067,5439.91,10492.64,2014.702,5509.584,10309.17,1978.241,5445.345,10564.76,2030.728,5340.004,10541.62,1981.396,5580.921,10603.16,2020.255,5516.189,10489.74,2016.508,5394.809,10741.34,1968.176,5449.531,10240.85,2008.945,5395.567,10644.61,1966.29,5590.366
10745.03,1975.98,5537.39,10575.39,1966.141,5667.13,10653.37,1955.12,5460.804,10417.65,1951.155,5217.322,10401.4,1976.812,5409.869,10567.87,1992.067,5437.736,10493.42,2014.702,5507.453,10309.33,1978.241,5443.082,10565.56,2030.728,5337.881,10542.39,1981.396,5578.785,10604.64,2020.255,5514.475,10490.34,2016.508,5392.621,10742.33,1968.176,5447.488,10240.7,2008.945,5393.303,10645.97,1966.29,5588.548
10746.28,1975.98,5535.306,10576.47,1966.141,5664.951,10655.03,1955.12,5459.024,10416.76,1951.155,5215.056,10401.73,1976.812,5407.458,10568.5,1992.067,5435.386,10494.33,2014.702,5505.197,10309.43,1978.241,5440.651,10566.35,2030.728,5335.578,10543.29,1981.396,5576.524,10606.29,2020.255,5512.687,10491.06,2016.508,5390.296,10743.46,1968.176,5445.334,10240.52,2008.945,5390.876,10647.42,1966.29,5586.598
10747.39,1975.98,5533.321,10577.54,1966.141,5662.948,10656.62,1955.12,5457.401,10415.87,1951.155,5212.966,10402.08,1976.812,5405.211,10569.16,1992.067,5433.208,10495.25,2014.702,5503.117,10309.5,1978.241,5438.377,10567.01,2030.728,5333.401,10544.2,1981.396,5574.438,10607.78,2020.255,5510.966,10491.8,2016.508,5388.146,10744.58,1968.176,5443.356,10240.43,2008.945,5388.604,10648.69,1966.29,5584.715
10748.52,1975.98,5531.154,10578.63,1966.141,5660.762,10658.37,1955.12,5455.7,10414.98,1951.155,5210.693,10402.11,1976.812,5402.771,10569.94,1992.067,5430.897,10496.31,2014.702,5500.918,10309.48,1978.241,5435.938,10567.79,2030.728,5331.091,10545.24,1981.396,5572.234,10609.32,2020.255,5509.068,10492.67,2016.508,5385.867,10745.85,1968.176,5441.274,10240.41,2008.945,5386.164,10650.06,1966.29,5582.691
10749.71,1975.98,5528.652,10579.94,1966.141,5658.321,10660.3,1955.12,5453.705,10414.05,1951.155,5208.08,10402.22,1976.812,5400.001,10570.91,1992.067,5428.302,10497.59,2014.702,5498.459,10309.54,1978.241,5433.166,10568.77,2030.728,5328.497,10546.51,1981.396,5569.771,10610.99,2020.255,5506.856,10493.58,2016.508,5383.248,10747.38,1968.176,5438.957,10240.3,2008.945,5383.394,10651.67,1966.29,5580.441
10750.52,1975.98,5526.813,10580.95,1966.141,5656.585,10661.64,1955.12,5452.216,10413.32,1951.155,5206.21,10402.37,1976.812,5397.999,10571.68,1992.067,5426.447,10498.48,2014.702,5496.658,10309.72,1978.241,5431.167,10569.57,2030.728,5326.654,10547.49,1981.396,5568.018,10612.14,2020.255,5505.216,10494.29,2016.508,5381.373,10748.53,1968.176,5437.315,10240.29,2008.945,5381.387,10652.73,1966.29,5578.736
10751.28,1975.98,5525.224,10581.92,1966.141,5655.111,10662.78,1955.12,5450.874,10412.87,1951.155,5204.508,10402.56,1976.812,5396.248,10572.41,1992.067,5424.842,10499.31,2014.702,5495.104,10309.83,1978.241,5429.409,10570.25,2030.728,5325.03,10548.4,1981.396,5566.508,10613.11,2020.255,5503.745,10494.78,2016.508,5379.679,10749.59,1968.176,5435.904,10240.33,2008.945,5379.626,10653.71,1966.29,5577.269
10752.36,1975.98,5523.128,10583.38,1966.141,5653.262,10664.25,1955.12,5449.027,10412.18,1951.155,5202.25,10402.75,1976.812,5393.896,10573.32,1992.067,5422.667,10500.48,2014.702,5493.058,10310.05,1978.241,5427.059,10571.09,2030.728,5322.826,10549.68,1981.396,5564.527,10614.34,2020.255,5501.732,10495.5,2016.508,5377.432,10751.04,1968.176,5434.05,10240.47,2008.945,5377.271,10655.08,1966.29,5575.347
10753.88,1975.98,5520.416,10585.23,1966.141,5650.765,10666.11,1955.12,5446.534,10411.31,1951.155,5199.266,10403.08,1976.812,5390.805,10574.62,1992.067,5419.845,10501.82,2014.702,5490.252,10310.71,1978.241,5424.021,10572.62,2030.728,5320.117,10551.45,1981.396,5561.975,10615.88,2020.255,5499.029,10496.54,2016.508,5374.504,10753.01,1968.176,5431.641,10240.76,2008.945,5374.175,10656.96,1966.29,5572.874
10754.84,1975.98,5518.806,10586.47,1966.141,5649.353,10667.18,1955.12,5444.992,10410.73,1951.155,5197.481,10403.34,1976.812,5388.944,10575.46,1992.067,5418.165,10502.68,2014.702,5488.584,10311.04,1978.241,5422.173,10573.48,2030.728,5318.451,10552.47,1981.396,5560.397,10616.75,2020.255,5497.366,10497.23,2016.508,5372.757,10754.2,1968.176,5430.193,10240.86,2008.945,5372.3,10657.92,1966.29,5571.264
10755.97,1975.98,5517.063,10587.8,1966.141,5647.755,10668.31,1955.12,5443.25,10410.05,1951.155,5195.519,10403.69,1976.812,5386.899,10576.46,1992.067,5416.34,10503.7,2014.702,5486.772,10311.35,1978.241,5420.12,10574.38,2030.728,5316.579,10553.82,1981.396,5558.819,10617.66,2020.255,5495.498,10498.05,2016.508,5370.852,10755.53,1968.176,5428.599,10240.95,2008.945,5370.226,10659.04,1966.29,5569.518
10757.83,1975.98,5514.376,10589.89,1966.141,5645.241,10670,1955.12,5440.453,10408.89,1951.155,5192.464,10404.29,1976.812,5383.686,10578.04,1992.067,5413.482,10505.38,2014.702,5483.972,10311.73,1978.241,5416.873,10575.83,2030.728,5313.646,10555.93,1981.396,5556.315,10619.1,2020.255,5492.563,10499.45,2016.508,5367.895,10757.63,1968.176,5426.092,10241.19,2008.945,5366.965,10660.9,1966.29,5566.828
10758.77,1975.98,5513.116,10590.85,1966.141,5644.001,10670.77,1955.12,5439.083,10408.42,1951.155,5190.964,10404.63,1976.812,5382.153,10578.76,1992.067,5412.086,10506.24,2014.702,5482.654,10311.78,1978.241,5415.303,10576.3,2030.728,5312.148,10556.93,1981.396,5555.112,10619.74,2020.255,5491.132,10500.16,2016.508,5366.498,10758.61,1968.176,5424.884,10241.34,2008.945,5365.402,10661.83,1966.29,5565.565
10760.73,1975.98,5510.655,10592.86,1966.141,5641.585,10672.22,1955.12,5436.295,10407.4,1951.155,5187.993,10405.41,1976.812,5379.108,10580.1,1992.067,5409.245,10507.77,2014.702,5479.913,10311.99,1978.241,5412.168,10577.34,2030.728,5309.183,10559.07,1981.396,5552.806,10620.94,2020.255,5488.228,10501.68,2016.508,5363.748,10760.63,1968.176,5422.478,10241.55,2008.945,5362.267,10663.78,1966.29,5563.097
10761.74,1975.98,5509.458,10593.9,1966.141,5640.411,10672.99,1955.12,5434.926,10406.84,1951.155,5186.526,10405.6,1976.812,5377.55,10580.96,1992.067,5407.925,10508.58,2014.702,5478.569,10312.07,1978.241,5410.6,10577.91,2030.728,5307.719,10560.1,1981.396,5551.619,10621.5,2020.255,5486.758,10502.46,2016.508,5362.383,10761.6,1968.176,5421.243,10241.66,2008.945,5360.701,10664.79,1966.29,5561.894
10763.88,1975.98,5507.103,10596.06,1966.141,5638.08,10674.63,1955.12,5432.207,10405.61,1951.155,5183.596,10406.09,1976.812,5374.41,10582.59,1992.067,5405.198,10510.32,2014.702,5475.904,10312.18,1978.241,5407.424,10579.15,2030.728,5304.795,10562.1,1981.396,5549.15,10622.3,2020.255,5483.692,10504.12,2016.508,5359.672,10763.48,1968.176,5418.682,10242.11,2008.945,5357.555,10666.83,1966.29,5559.463
10765.51,1975.98,5505.408,10597.61,1966.141,5636.299,10675.92,1955.12,5430.229,10404.84,1951.155,5181.366,10406.53,1976.812,5372.094,10583.82,1992.067,5403.191,10511.66,2014.702,5473.969,10312.34,1978.241,5405.072,10580.15,2030.728,5302.658,10563.52,1981.396,5547.271,10622.97,2020.255,5481.433,10505.17,2016.508,5357.578,10764.82,1968.176,5416.737,10242.37,2008.945,5355.212,10668.38,1966.29,5557.682
10766.73,1975.98,5504.229,10598.67,1966.141,5634.985,10676.88,1955.12,5428.839,10404.24,1951.155,5179.784,10406.71,1976.812,5370.411,10584.66,1992.067,5401.721,10512.67,2014.702,5472.61,10312.33,1978.241,5403.378,10580.75,2030.728,5301.077,10564.5,1981.396,5545.889,10623.44,2020.255,5479.805,10505.98,2016.508,5356.091,10765.73,1968.176,5415.311,10242.69,2008.945,5353.549,10669.58,1966.29,5556.488
10768.83,1975.98,5502.322,10600.53,1966.141,5632.842,10678.57,1955.12,5426.562,10403.15,1951.155,5177.167,10407.11,1976.812,5367.602,10586.37,1992.067,5399.455,10514.38,2014.702,5470.349,10312.37,1978.241,5400.542,10581.85,2030.728,5298.461,10566.06,1981.396,5543.521,10624.31,2020.255,5477.105,10507.39,2016.508,5353.631,10767.18,1968.176,5412.872,10243.13,2008.945,5350.746,10671.52,1966.29,5554.422
10770.26,1975.98,5501.105,10601.72,1966.141,5631.385,10679.74,1955.12,5425.09,10402.37,1951.155,5175.46,10407.42,1976.812,5365.751,10587.45,1992.067,5397.922,10515.36,2014.702,5468.75,10312.46,1978.241,5398.667,10582.62,2030.728,5296.751,10567.15,1981.396,5541.989,10624.95,2020.255,5475.339,10508.3,2016.508,5351.988,10768.08,1968.176,5411.229,10243.36,2008.945,5348.883,10672.76,1966.29,5553.016
10772.35,1975.98,5499.203,10603.43,1966.141,5629.13,10681.56,1955.12,5422.925,10401.46,1951.155,5172.778,10407.98,1976.812,5362.977,10589.01,1992.067,5395.561,10516.91,2014.702,5466.382,10312.68,1978.241,5395.845,10583.86,2030.728,5294.205,10568.96,1981.396,5539.813,10625.98,2020.255,5472.704,10509.63,2016.508,5349.491,10769.53,1968.176,5408.796,10243.93,2008.945,5346.112,10674.57,1966.29,5550.839
10774.18,1975.98,5497.434,10604.81,1966.141,5626.998,10683.17,1955.12,5420.955,10400.57,1951.155,5170.396,10408.56,1976.812,5360.5,10590.42,1992.067,5393.442,10518.37,2014.702,5464.3,10312.96,1978.241,5393.318,10585.02,2030.728,5291.946,10570.6,1981.396,5537.872,10626.98,2020.255,5470.367,10510.79,2016.508,5347.229,10770.9,1968.176,5406.655,10244.37,2008.945,5343.607,10676.2,1966.29,5548.9
10776.17,1975.98,5495.376,10606.42,1966.141,5624.625,10684.91,1955.12,5418.68,10399.48,1951.155,5167.748,10409.29,1976.812,5357.732,10591.93,1992.067,5391.01,10520.08,2014.702,5462.009,10313.38,1978.241,5390.485,10586.4,2030.728,5289.438,10572.38,1981.396,5535.627,10628.19,2020.255,5467.772,10512.06,2016.508,5344.666,10772.52,1968.176,5404.295,10245.13,2008.945,5340.846,10678.02,1966.29,5546.697
10777.53,1975.98,5493.884,10607.45,1966.141,5622.894,10686.08,1955.12,5417.04,10398.66,1951.155,5165.91,10409.86,1976.812,5355.8,10592.94,1992.067,5389.267,10521.33,2014.702,5460.429,10313.73,1978.241,5388.501,10587.42,2030.728,5287.696,10573.58,1981.396,5534.007,10629.09,2020.255,5465.971,10512.93,2016.508,5342.85,10773.71,1968.176,5402.671,10245.6,2008.945,5338.887,10679.3,1966.29,5545.137
10777.91,1975.98,5493.434,10607.75,1966.141,5622.39,10686.41,1955.12,5416.548,10398.4,1951.155,5165.38,10410.04,1976.812,5355.239,10593.22,1992.067,5388.747,10521.69,2014.702,5459.957,10313.85,1978.241,5387.923,10587.73,2030.728,5287.193,10573.91,1981.396,5533.521,10629.37,2020.255,5465.452,10513.18,2016.508,5342.314,10774.08,1968.176,5402.207,10245.72,2008.945,5338.309,10679.66,1966.29,5544.67
10780.16,1975.98,5490.604,10609.44,1966.141,5619.188,10688.32,1955.12,5413.476,10396.7,1951.155,5162.184,10411.27,1976.812,5351.835,10594.84,1992.067,5385.512,10523.76,2014.702,5456.991,10314.69,1978.241,5384.404,10589.7,2030.728,5284.159,10575.87,1981.396,5530.479,10631.19,2020.255,5462.322,10514.66,2016.508,5339.014,10776.4,1968.176,5399.434,10246.35,2008.945,5334.747,10681.81,1966.29,5541.762
10781.39,1975.98,5488.958,10610.34,1966.141,5617.344,10689.46,1955.12,5411.768,10395.72,1951.155,5160.378,10412.02,1976.812,5349.925,10595.71,1992.067,5383.65,10524.88,2014.702,5455.271,10315.23,1978.241,5382.424,10590.85,2030.728,5282.465,10576.92,1981.396,5528.717,10632.27,2020.255,5460.579,10515.48,2016.508,5337.133,10777.67,1968.176,5397.818,10246.65,2008.945,5332.716,10682.99,1966.29,5540.084
10783.31,1975.98,5486.195,10611.92,1966.141,5614.37,10691.41,1955.12,5409.03,10394.17,1951.155,5157.395,10413.34,1976.812,5346.831,10597.03,1992.067,5380.556,10526.63,2014.702,5452.393,10316.01,1978.241,5379.149,10592.82,2030.728,5279.732,10578.64,1981.396,5525.821,10634.13,2020.255,5457.776,10516.79,2016.508,5334.033,10779.66,1968.176,5395.103,10247.25,2008.945,5329.403,10684.87,1966.29,5537.288
10784.69,1975.98,5484.078,10613.17,1966.141,5612.179,10692.94,1955.12,5407.024,10393.06,1951.155,5155.125,10414.4,1976.812,5344.54,10598.05,1992.067,5378.247,10527.86,2014.702,5450.192,10316.67,1978.241,5376.713,10594.34,2030.728,5277.716,10580,1981.396,5523.693,10635.58,2020.255,5455.708,10517.75,2016.508,5331.698,10781.08,1968.176,5393.019,10247.77,2008.945,5326.935,10686.23,1966.29,5535.163
10784.99,1975.98,5483.577,10613.47,1966.141,5611.674,10693.31,1955.12,5406.57,10392.79,1951.155,5154.608,10414.66,1976.812,5344.016,10598.3,1992.067,5377.719,10528.11,2014.702,5449.661,10316.79,1978.241,5376.14,10594.67,2030.728,5277.238,10580.31,1981.396,5523.2,10635.91,2020.255,5455.224,10517.96,2016.508,5331.155,10781.4,1968.176,5392.525,10247.92,2008.945,5326.367,10686.53,1966.29,5534.665
10786.67,1975.98,5480.587,10614.77,1966.141,5608.505,10695.56,1955.12,5403.981,10391.27,1951.155,5151.536,10416.26,1976.812,5340.987,10599.88,1992.067,5374.678,10529.64,2014.702,5446.594,10317.57,1978.241,5372.802,10596.55,2030.728,5274.371,10582.26,1981.396,5520.379,10637.8,2020.255,5452.368,10519.2,2016.508,5327.96,10783.33,1968.176,5389.695,10249,2008.945,5323.114,10688.28,1966.29,5531.718
10787.41,1975.98,5479.164,10615.43,1966.141,5607.043,10696.57,1955.12,5402.737,10390.69,1951.155,5150.039,10417.05,1976.812,5339.59,10600.48,1992.067,5373.188,10530.36,2014.702,5445.164,10317.99,1978.241,5371.253,10597.39,2030.728,5273.001,10583.13,1981.396,5519.033,10638.68,2020.255,5451.028,10519.77,2016.508,5326.46,10784.28,1968.176,5388.401,10249.45,2008.945,5321.577,10689.08,1966.29,5530.326
10788.43,1975.98,5477.037,10616.47,1966.141,5604.927,10698,1955.12,5400.861,10389.77,1951.155,5147.866,10418.26,1976.812,5337.567,10601.42,1992.067,5371.028,10531.47,2014.702,5443.08,10318.67,1978.241,5368.997,10598.55,2030.728,5270.948,10584.35,1981.396,5517.013,10639.95,2020.255,5449.042,10520.56,2016.508,5324.242,10785.73,1968.176,5386.543,10250.28,2008.945,5319.367,10690.21,1966.29,5528.261
10789.59,1975.98,5474.396,10617.83,1966.141,5602.38,10699.68,1955.12,5398.512,10388.65,1951.155,5145.209,10419.81,1976.812,5335.132,10602.6,1992.067,5368.395,10532.9,2014.702,5440.575,10319.6,1978.241,5366.264,10599.89,2030.728,5268.391,10586.07,1981.396,5514.693,10641.48,2020.255,5446.594,10521.5,2016.508,5321.513,10787.58,1968.176,5384.328,10251.2,2008.945,5316.635,10691.57,1966.29,5525.717
10790.44,1975.98,5472.29,10618.92,1966.141,5600.387,10700.93,1955.12,5396.622,10387.69,1951.155,5143.149,10421.07,1976.812,5333.247,10603.59,1992.067,5366.353,10534.09,2014.702,5438.641,10320.39,1978.241,5364.136,10600.95,2030.728,5266.387,10587.36,1981.396,5512.83,10642.67,2020.255,5444.66,10522.2,2016.508,5319.354,10789.09,1968.176,5382.633,10251.87,2008.945,5314.463,10692.63,1966.29,5523.711
10791.64,1975.98,5469.014,10620.69,1966.141,5597.381,10702.89,1955.12,5393.737,10386.13,1951.155,5140.031,10423.09,1976.812,5330.401,10605.21,1992.067,5363.264,10536.01,2014.702,5435.729,10321.62,1978.241,5360.872,10602.49,2030.728,5263.255,10589.51,1981.396,5510.078,10644.39,2020.255,5441.628,10523.23,2016.508,5316.025,10791.33,1968.176,5379.953,10252.64,2008.945,5311.063,10694.36,1966.29,5520.682
10792.88,1975.98,5465.931,10622.42,1966.141,5594.543,10704.77,1955.12,5390.997,10384.54,1951.155,5137.11,10425.08,1976.812,5327.737,10606.85,1992.067,5360.369,10537.92,2014.702,5433.011,10322.48,1978.241,5357.661,10603.86,2030.728,5260.226,10591.54,1981.396,5507.444,10645.94,2020.255,5438.687,10524.19,2016.508,5312.843,10793.37,1968.176,5377.332,10253.49,2008.945,5307.848,10696.1,1966.29,5517.85
10793.63,1975.98,5464.205,10623.3,1966.141,5592.878,10705.84,1955.12,5389.442,10383.68,1951.155,5135.432,10426.15,1976.812,5326.189,10607.82,1992.067,5358.754,10539.05,2014.702,5431.5,10323.03,1978.241,5355.857,10604.57,2030.728,5258.482,10592.64,1981.396,5505.914,10646.83,2020.255,5437.026,10524.79,2016.508,5311.056,10794.48,1968.176,5375.809,10253.9,2008.945,5306.008,10697.07,1966.29,5516.234
10794.09,1975.98,5463.256,10623.83,1966.141,5591.966,10706.43,1955.12,5388.573,10383.17,1951.155,5134.512,10426.73,1976.812,5325.307,10608.39,1992.067,5357.869,10539.67,2014.702,5430.652,10323.37,1978.241,5354.861,10604.97,2030.728,5257.508,10593.22,1981.396,5505.04,10647.33,2020.255,5436.103,10525.16,2016.508,5310.07,10795.07,1968.176,5374.939,10254.16,2008.945,5304.99,10697.6,1966.29,5515.325
10794.49,1975.98,5462.485,10624.29,1966.141,5591.228,10706.91,1955.12,5387.854,10382.81,1951.155,5133.723,10427.17,1976.812,5324.563,10608.88,1992.067,5357.151,10540.16,2014.702,5429.936,10323.67,1978.241,5354.048,10605.22,2030.728,5256.675,10593.72,1981.396,5504.327,10647.77,2020.255,5435.353,10525.49,2016.508,5309.267,10795.54,1968.176,5374.206,10254.3,2008.945,5304.132,10698.03,1966.29,5514.569
10796.46,1975.98,5458.955,10626.05,1966.141,5587.585,10709.17,1955.12,5384.497,10381.01,1951.155,5130.102,10429.15,1976.812,5321.032,10611.22,1992.067,5353.857,10542.34,2014.702,5426.525,10325.49,1978.241,5350.437,10606.49,2030.728,5252.835,10595.92,1981.396,5500.932,10649.91,2020.255,5431.921,10527.14,2016.508,5305.577,10797.59,1968.176,5370.722,10255.05,2008.945,5300.158,10700,1966.29,5511.037
10797.5,1975.98,5457.235,10626.98,1966.141,5585.807,10710.28,1955.12,5382.828,10380.06,1951.155,5128.334,10430.07,1976.812,5319.248,10612.35,1992.067,5352.199,10543.36,2014.702,5424.798,10326.34,1978.241,5348.615,10607.17,2030.728,5250.945,10596.95,1981.396,5499.211,10651.02,2020.255,5430.248,10528.03,2016.508,5303.772,10798.56,1968.176,5368.96,10255.49,2008.945,5298.197,10700.95,1966.29,5509.271
10798.78,1975.98,5455.268,10627.88,1966.141,5583.644,10711.58,1955.12,5380.876,10378.88,1951.155,5126.31,10431.08,1976.812,5317.131,10613.72,1992.067,5350.295,10544.62,2014.702,5422.822,10327.45,1978.241,5346.553,10608.01,2030.728,5248.76,10598.09,1981.396,5497.164,10652.48,2020.255,5428.414,10528.89,2016.508,5301.592,10799.62,1968.176,5366.869,10256.07,2008.945,5295.927,10702.13,1966.29,5507.246
10800.72,1975.98,5452.466,10629.06,1966.141,5580.442,10713.47,1955.12,5378.04,10377.19,1951.155,5123.347,10432.8,1976.812,5314.189,10615.8,1992.067,5347.587,10546.55,2014.702,5420.008,10328.98,1978.241,5343.5,10609.32,2030.728,5245.611,10599.84,1981.396,5494.234,10654.52,2020.255,5425.678,10530.04,2016.508,5298.383,10801.06,1968.176,5363.778,10257.03,2008.945,5292.654,10703.94,1966.29,5504.356
10801.78,1975.98,5451.044,10629.72,1966.141,5578.799,10714.41,1955.12,5376.535,10376.26,1951.155,5121.837,10433.65,1976.812,5312.632,10616.83,1992.067,5346.146,10547.6,2014.702,5418.579,10329.9,1978.241,5341.988,10610.04,2030.728,5243.991,10600.7,1981.396,5492.682,10655.53,2020.255,5424.222,10530.7,2016.508,5296.736,10801.86,1968.176,5362.197,10257.58,2008.945,5290.971,10704.93,1966.29,5502.885
10802.78,1975.98,5449.788,10630.37,1966.141,5577.332,10715.21,1955.12,5375.145,10375.43,1951.155,5120.46,10434.57,1976.812,5311.319,10617.77,1992.067,5344.849,10548.59,2014.702,5417.317,10330.69,1978.241,5340.591,10610.72,2030.728,5242.54,10601.47,1981.396,5491.278,10656.4,2020.255,5422.874,10531.34,2016.508,5295.265,10802.63,1968.176,5360.79,10258.13,2008.945,5289.463,10705.86,1966.29,5501.579
10804.62,1975.98,5447.624,10631.61,1966.141,5574.775,10716.55,1955.12,5372.643,10373.89,1951.155,5118.075,10436.13,1976.812,5308.945,10619.4,1992.067,5342.526,10550.41,2014.702,5415.143,10332.01,1978.241,5338.076,10612,2030.728,5240.003,10602.91,1981.396,5488.829,10657.86,2020.255,5420.441,10532.55,2016.508,5292.701,10804.07,1968.176,5358.345,10259.2,2008.945,5286.831,10707.32,1966.29,5499.157
10805.88,1975.98,5446.23,10632.48,1966.141,5573.109,10717.38,1955.12,5370.957,10372.82,1951.155,5116.527,10437.11,1976.812,5307.339,10620.54,1992.067,5341.023,10551.62,2014.702,5413.7,10332.93,1978.241,5336.439,10612.88,2030.728,5238.345,10603.91,1981.396,5487.237,10658.69,2020.255,5418.752,10533.42,2016.508,5291.029,10805.08,1968.176,5356.756,10259.78,2008.945,5285.043,10708.33,1966.29,5497.575
10807.32,1975.98,5444.74,10633.5,1966.141,5571.304,10718.24,1955.12,5369.069,10371.75,1951.155,5114.755,10438.13,1976.812,5305.533,10621.73,1992.067,5339.327,10552.9,2014.702,5412.066,10334.01,1978.241,5334.668,10613.91,2030.728,5236.542,10605,1981.396,5485.473,10659.66,2020.255,5416.92,10534.4,2016.508,5289.205,10806.23,1968.176,5355.026,10260.5,2008.945,5283.095,10709.51,1966.29,5495.867
10810.13,1975.98,5441.649,10635.3,1966.141,5567.541,10720.09,1955.12,5365.331,10369.46,1951.155,5111.263,10440.07,1976.812,5301.836,10624.03,1992.067,5335.844,10555.36,2014.702,5408.698,10336.3,1978.241,5331.179,10616.07,2030.728,5232.972,10606.86,1981.396,5481.735,10661.59,2020.255,5413.218,10536.15,2016.508,5285.416,10808.64,1968.176,5351.624,10262.06,2008.945,5279.226,10711.98,1966.29,5492.504
10810.51,1975.98,5441.201,10635.57,1966.141,5567.018,10720.37,1955.12,5364.812,10369.12,1951.155,5110.78,10440.32,1976.812,5301.306,10624.33,1992.067,5335.343,10555.69,2014.702,5408.211,10336.61,1978.241,5330.676,10616.38,2030.728,5232.476,10607.06,1981.396,5481.183,10661.88,2020.255,5412.704,10536.36,2016.508,5284.865,10808.97,1968.176,5351.133,10262.3,2008.945,5278.687,10712.32,1966.29,5492.021
10812.54,1975.98,5438.648,10637.45,1966.141,5564.347,10722.01,1955.12,5361.988,10367.16,1951.155,5108.172,10441.64,1976.812,5298.322,10625.96,1992.067,5332.515,10557.44,2014.702,5405.458,10338.21,1978.241,5327.837,10618.2,2030.728,5229.766,10608.29,1981.396,5478.161,10663.54,2020.255,5409.897,10537.62,2016.508,5281.854,10810.85,1968.176,5348.473,10263.56,2008.945,5275.678,10714.11,1966.29,5489.295
10813.95,1975.98,5436.755,10638.74,1966.141,5562.372,10723.25,1955.12,5359.985,10365.81,1951.155,5106.241,10442.67,1976.812,5296.197,10627.12,1992.067,5330.458,10558.64,2014.702,5403.425,10339.31,1978.241,5325.747,10619.56,2030.728,5227.837,10609.25,1981.396,5476.006,10664.79,2020.255,5407.899,10538.45,2016.508,5279.648,10812.21,1968.176,5346.545,10264.54,2008.945,5273.532,10715.36,1966.29,5487.297
10814.92,1975.98,5435.362,10639.62,1966.141,5560.922,10724.2,1955.12,5358.574,10364.93,1951.155,5104.787,10443.35,1976.812,5294.645,10627.9,1992.067,5328.955,10559.52,2014.702,5401.974,10340.05,1978.241,5324.218,10620.57,2030.728,5226.471,10609.9,1981.396,5474.437,10665.73,2020.255,5406.484,10539.11,2016.508,5278.082,10813.17,1968.176,5345.143,10265.2,2008.945,5271.971,10716.24,1966.29,5485.843
10816.46,1975.98,5432.976,10641.18,1966.141,5558.544,10725.85,1955.12,5356.261,10363.39,1951.155,5102.4,10444.86,1976.812,5292.233,10629.17,1992.067,5326.408,10561.13,2014.702,5399.626,10341.49,1978.241,5321.766,10622.3,2030.728,5224.222,10611.07,1981.396,5471.843,10667.35,2020.255,5404.147,10540.29,2016.508,5275.495,10814.76,1968.176,5342.787,10266.3,2008.945,5269.348,10717.63,1966.29,5483.365
10817.78,1975.98,5430.799,10642.51,1966.141,5556.374,10727.4,1955.12,5354.241,10362.1,1951.155,5100.206,10446.34,1976.812,5290.166,10630.3,1992.067,5324.133,10562.49,2014.702,5397.481,10342.7,1978.241,5319.532,10623.91,2030.728,5222.248,10612.18,1981.396,5469.559,10668.84,2020.255,5402.09,10541.42,2016.508,5273.217,10816.13,1968.176,5340.642,10267.36,2008.945,5267.037,10718.82,1966.29,5481.117
10818.93,1975.98,5428.741,10643.9,1966.141,5554.472,10728.83,1955.12,5352.364,10360.84,1951.155,5098.209,10447.65,1976.812,5288.204,10631.43,1992.067,5322.058,10563.7,2014.702,5395.451,10343.9,1978.241,5317.497,10625.44,2030.728,5220.452,10613.29,1981.396,5467.475,10670.31,2020.255,5400.242,10542.54,2016.508,5271.139,10817.2,1968.176,5338.538,10268.09,2008.945,5264.791,10719.88,1966.29,5479.01
10819.86,1975.98,5426.955,10645.04,1966.141,5552.813,10730.04,1955.12,5350.759,10359.72,1951.155,5096.543,10448.72,1976.812,5286.496,10632.44,1992.067,5320.32,10564.78,2014.702,5393.754,10344.9,1978.241,5315.754,10626.78,2030.728,5218.955,10614.29,1981.396,5465.729,10671.51,2020.255,5398.626,10543.55,2016.508,5269.4,10818.1,1968.176,5336.74,10268.77,2008.945,5262.897,10720.79,1966.29,5477.218
10820.75,1975.98,5425.102,10646.15,1966.141,5551.081,10731.26,1955.12,5349.112,10358.51,1951.155,5094.88,10449.74,1976.812,5284.716,10633.54,1992.067,5318.58,10565.82,2014.702,5391.986,10345.93,1978.241,5313.977,10628.19,2030.728,5217.461,10615.37,1981.396,5463.98,10672.68,2020.255,5396.937,10544.64,2016.508,5267.658,10819.09,1968.176,5334.936,10269.53,2008.945,5260.987,10721.71,1966.29,5475.381
10821.96,1975.98,5422.339,10647.69,1966.141,5548.486,10732.99,1955.12,5346.635,10356.87,1951.155,5092.345,10451.34,1976.812,5282.154,10635.21,1992.067,5316.068,10567.38,2014.702,5389.399,10347.36,1978.241,5311.317,10630.32,2030.728,5215.322,10617.04,1981.396,5461.465,10674.33,2020.255,5394.41,10546.33,2016.508,5265.154,10820.62,1968.176,5332.334,10270.73,2008.945,5258.22,10723.09,1966.29,5472.698
10822.77,1975.98,5420.326,10648.76,1966.141,5546.6,10734.17,1955.12,5344.816,10355.9,1951.155,5090.405,10452.62,1976.812,5280.405,10636.47,1992.067,5314.303,10568.5,2014.702,5387.539,10348.68,1978.241,5309.593,10631.89,2030.728,5213.826,10618.18,1981.396,5459.618,10675.6,2020.255,5392.652,10547.54,2016.508,5263.354,10821.78,1968.176,5330.5,10271.66,2008.945,5256.26,10724.15,1966.29,5470.802
10823.34,1975.98,5418.766,10649.63,1966.141,5545.184,10735.03,1955.12,5343.395,10355.11,1951.155,5088.946,10453.79,1976.812,5279.221,10637.48,1992.067,5312.982,10569.4,2014.702,5386.144,10349.64,1978.241,5308.24,10633.05,2030.728,5212.641,10619.09,1981.396,5458.234,10676.64,2020.255,5391.357,10548.51,2016.508,5262.003,10822.71,1968.176,5329.125,10272.42,2008.945,5254.784,10725,1966.29,5469.378
10824.55,1975.98,5415.751,10651.01,1966.141,5542.247,10736.62,1955.12,5340.564,10353.46,1951.155,5086.144,10455.99,1976.812,5276.831,10639.52,1992.067,5310.46,10571.13,2014.702,5383.396,10351.61,1978.241,5305.659,10635.25,2030.728,5210.251,10621.21,1981.396,5455.774,10678.71,2020.255,5388.853,10550.48,2016.508,5259.427,10824.61,1968.176,5326.494,10273.84,2008.945,5251.861,10726.76,1966.29,5466.648
10825.48,1975.98,5413.623,10652.08,1966.141,5540.177,10737.8,1955.12,5338.558,10352.3,1951.155,5084.131,10457.5,1976.812,5275.07,10641.04,1992.067,5308.7,10572.43,2014.702,5381.471,10353.08,1978.241,5303.857,10636.77,2030.728,5208.495,10622.75,1981.396,5454.029,10680.13,2020.255,5387.013,10551.85,2016.508,5257.547,10825.91,1968.176,5324.567,10274.92,2008.945,5249.802,10728.06,1966.29,5464.721
10826.16,1975.98,5412.201,10652.84,1966.141,5538.799,10738.64,1955.12,5337.225,10351.47,1951.155,5082.794,10458.49,1976.812,5273.843,10642.03,1992.067,5307.474,10573.24,2014.702,5380.117,10354.12,1978.241,5302.67,10637.96,2030.728,5207.452,10623.75,1981.396,5452.813,10681.05,2020.255,5385.735,10552.82,2016.508,5256.304,10826.75,1968.176,5323.233,10275.67,2008.945,5248.415,10728.98,1966.29,5463.443
10827.21,1975.98,5410.171,10653.97,1966.141,5536.813,10739.92,1955.12,5335.332,10350.29,1951.155,5080.833,10459.87,1976.812,5272.018,10643.45,1992.067,5305.682,10574.47,2014.702,5378.192,10355.68,1978.241,5300.998,10639.62,2030.728,5205.882,10625.15,1981.396,5451.002,10682.33,2020.255,5383.839,10554.18,2016.508,5254.471,10827.9,1968.176,5321.26,10276.82,2008.945,5246.438,10730.28,1966.29,5461.562
10828.8,1975.98,5407.329,10655.68,1966.141,5534.039,10741.83,1955.12,5332.694,10348.53,1951.155,5078.095,10461.74,1976.812,5269.355,10645.75,1992.067,5303.378,10576.32,2014.702,5375.509,10357.97,1978.241,5298.69,10641.91,2030.728,5203.571,10627.05,1981.396,5448.36,10684.06,2020.255,5381.081,10556.16,2016.508,5251.885,10829.46,1968.176,5318.398,10278.54,2008.945,5243.678,10732.11,1966.29,5458.866
10830,1975.98,5405.336,10656.96,1966.141,5532.098,10743.13,1955.12,5330.768,10347.21,1951.155,5076.182,10463.06,1976.812,5267.44,10647.34,1992.067,5301.679,10577.69,2014.702,5373.636,10359.56,1978.241,5296.988,10643.49,2030.728,5201.867,10628.35,1981.396,5446.429,10685.23,2020.255,5379.07,10557.64,2016.508,5250.085,10830.63,1968.176,5316.391,10279.84,2008.945,5241.748,10733.47,1966.29,5456.982
10830.85,1975.98,5404.016,10657.87,1966.141,5530.814,10743.97,1955.12,5329.438,10346.27,1951.155,5074.918,10463.93,1976.812,5266.126,10648.44,1992.067,5300.557,10578.58,2014.702,5372.34,10360.59,1978.241,5295.803,10644.67,2030.728,5200.826,10629.18,1981.396,5445.095,10685.98,2020.255,5377.69,10558.56,2016.508,5248.814,10831.47,1968.176,5315.059,10280.76,2008.945,5240.472,10734.32,1966.29,5455.658
10832.65,1975.98,5401.424,10659.74,1966.141,5528.274,10745.56,1955.12,5326.716,10344.31,1951.155,5072.445,10465.74,1976.812,5263.549,10650.58,1992.067,5298.236,10580.06,2014.702,5369.55,10362.59,1978.241,5293.359,10646.97,2030.728,5198.661,10630.74,1981.396,5442.351,10687.59,2020.255,5374.973,10560.35,2016.508,5246.217,10833.18,1968.176,5312.41,10282.39,2008.945,5237.772,10736.1,1966.29,5453.057
10833.59,1975.98,5400.165,10660.63,1966.141,5526.987,10746.31,1955.12,5325.338,10343.3,1951.155,5071.249,10466.49,1976.812,5262.167,10651.6,1992.067,5297.049,10580.84,2014.702,5368.188,10363.54,1978.241,5292.112,10648.07,2030.728,5197.548,10631.55,1981.396,5441.013,10688.42,2020.255,5373.646,10561.28,2016.508,5244.955,10834.07,1968.176,5311.121,10283.25,2008.945,5236.457,10736.9,1966.29,5451.705
10834.98,1975.98,5398.415,10661.85,1966.141,5525.114,10747.32,1955.12,5323.342,10341.91,1951.155,5069.498,10467.61,1976.812,5260.236,10653.01,1992.067,5295.315,10582.01,2014.702,5366.285,10364.84,1978.241,5290.293,10649.59,2030.728,5195.912,10632.61,1981.396,5439.044,10689.67,2020.255,5371.794,10562.67,2016.508,5243.202,10835.4,1968.176,5309.323,10284.52,2008.945,5234.624,10738.09,1966.29,5449.817
10836.7,1975.98,5396.391,10663.22,1966.141,5522.841,10748.59,1955.12,5321.011,10340.33,1951.155,5067.363,10469.02,1976.812,5257.985,10654.62,1992.067,5293.205,10583.44,2014.702,5364.05,10366.55,1978.241,5288.267,10651.34,2030.728,5193.909,10633.77,1981.396,5436.656,10691.22,2020.255,5369.64,10564.25,2016.508,5241.067,10836.91,1968.176,5307.138,10286.11,2008.945,5232.497,10739.59,1966.29,5447.621
10838.72,1975.98,5394.153,10665.05,1966.141,5520.438,10750.12,1955.12,5318.408,10338.83,1951.155,5064.748,10470.7,1976.812,5255.48,10656.38,1992.067,5290.75,10585.15,2014.702,5361.564,10368.43,1978.241,5285.9,10653.24,2030.728,5191.569,10635.18,1981.396,5433.985,10693.06,2020.255,5367.246,10565.63,2016.508,5238.383,10838.54,1968.176,5304.599,10288,2008.945,5230.139,10741.36,1966.29,5445.178
10840.23,1975.98,5392.594,10666.31,1966.141,5518.671,10751.27,1955.12,5316.575,10337.68,1951.155,5062.906,10472.13,1976.812,5253.849,10657.59,1992.067,5288.949,10586.44,2014.702,5359.819,10369.72,1978.241,5284.157,10654.56,2030.728,5189.844,10636.25,1981.396,5432.101,10694.43,2020.255,5365.568,10566.68,2016.508,5236.489,10839.65,1968.176,5302.738,10289.29,2008.945,5228.402,10742.51,1966.29,5443.34
10841.35,1975.98,5391.361,10667.37,1966.141,5517.395,10752.21,1955.12,5315.198,10336.81,1951.155,5061.492,10473.18,1976.812,5252.562,10658.47,1992.067,5287.539,10587.47,2014.702,5358.513,10370.71,1978.241,5282.82,10655.52,2030.728,5188.488,10637.12,1981.396,5430.683,10695.53,2020.255,5364.313,10567.54,2016.508,5235.063,10840.55,1968.176,5301.339,10290.27,2008.945,5227.054,10743.44,1966.29,5441.958
10843.32,1975.98,5389.033,10669.25,1966.141,5514.989,10754,1955.12,5312.727,10335.24,1951.155,5058.869,10475.04,1976.812,5250.137,10660.01,1992.067,5284.903,10589.44,2014.702,5356.179,10372.3,1978.241,5280.217,10657.21,2030.728,5185.943,10638.8,1981.396,5428.133,10697.6,2020.255,5362.072,10569.2,2016.508,5232.498,10842.29,1968.176,5298.826,10292.14,2008.945,5224.638,10745.13,1966.29,5439.415
10844.36,1975.98,5387.734,10670.23,1966.141,5513.648,10755.02,1955.12,5311.416,10334.35,1951.155,5057.472,10476.01,1976.812,5248.787,10660.86,1992.067,5283.479,10590.55,2014.702,5354.946,10373.22,1978.241,5278.832,10658.26,2030.728,5184.655,10639.67,1981.396,5426.717,10698.69,2020.255,5360.818,10570.03,2016.508,5231.063,10843.28,1968.176,5297.492,10293.11,2008.945,5223.292,10746.09,1966.29,5438.063
10846.18,1975.98,5385.279,10672.19,1966.141,5511.298,10756.97,1955.12,5309.06,10332.61,1951.155,5054.953,10477.74,1976.812,5246.266,10662.35,1992.067,5280.804,10592.67,2014.702,5352.74,10374.99,1978.241,5276.335,10660.11,2030.728,5182.218,10641.35,1981.396,5424.161,10700.62,2020.255,5358.441,10571.64,2016.508,5228.462,10845.18,1968.176,5295.093,10294.82,2008.945,5220.755,10747.8,1966.29,5435.525
10847.13,1975.98,5383.911,10673.22,1966.141,5509.984,10758.08,1955.12,5307.812,10331.62,1951.155,5053.612,10478.64,1976.812,5244.863,10663.21,1992.067,5279.375,10593.86,2014.702,5351.577,10375.9,1978.241,5274.945,10661.07,2030.728,5180.859,10642.31,1981.396,5422.799,10701.62,2020.255,5357.114,10572.49,2016.508,5227.03,10846.17,1968.176,5293.754,10295.62,2008.945,5219.292,10748.71,1966.29,5434.129
10848.9,1975.98,5381.181,10675.44,1966.141,5507.607,10760.31,1955.12,5305.445,10329.6,1951.155,5051.061,10480.64,1976.812,5242.299,10664.9,1992.067,5276.597,10596.26,2014.702,5349.383,10377.83,1978.241,5272.324,10662.99,2030.728,5178.233,10644.27,1981.396,5420.204,10703.5,2020.255,5354.46,10574.25,2016.508,5224.29,10847.75,1968.176,5290.913,10296.87,2008.945,5216.29,10750.42,1966.29,5431.364
10850.1,1975.98,5379.188,10676.97,1966.141,5505.855,10761.85,1955.12,5303.701,10328.1,1951.155,5049.282,10482.01,1976.812,5240.418,10666.09,1992.067,5274.598,10597.93,2014.702,5347.757,10379.15,1978.241,5270.405,10664.35,2030.728,5176.343,10645.54,1981.396,5418.253,10704.91,2020.255,5352.605,10575.57,2016.508,5222.371,10848.95,1968.176,5288.917,10297.83,2008.945,5214.171,10751.71,1966.29,5429.425
10850.87,1975.98,5377.815,10677.97,1966.141,5504.638,10762.85,1955.12,5302.489,10327.05,1951.155,5048.114,10482.9,1976.812,5239.117,10666.94,1992.067,5273.274,10599.02,2014.702,5346.622,10380,1978.241,5269.079,10665.38,2030.728,5175.154,10646.44,1981.396,5416.963,10705.82,2020.255,5351.321,10576.5,2016.508,5221.107,10849.8,1968.176,5287.595,10298.53,2008.945,5212.762,10752.62,1966.29,5428.144
10852.32,1975.98,5375.027,10679.88,1966.141,5502.144,10764.78,1955.12,5300.009,10324.79,1951.155,5045.926,10484.65,1976.812,5236.514,10668.73,1992.067,5270.689,10601.12,2014.702,5344.286,10381.6,1978.241,5266.378,10667.36,2030.728,5172.715,10648.19,1981.396,5414.354,10707.72,2020.255,5348.818,10578.71,2016.508,5218.878,10851.59,1968.176,5285.011,10300.02,2008.945,5209.996,10754.52,1966.29,5425.646
10853,1975.98,5373.606,10680.94,1966.141,5500.984,10765.7,1955.12,5298.734,10323.7,1951.155,5044.792,10485.41,1976.812,5235.133,10669.66,1992.067,5269.422,10602.13,2014.702,5343.08,10382.43,1978.241,5265.039,10668.21,2030.728,5171.391,10649.05,1981.396,5413.034,10708.7,2020.255,5347.585,10579.79,2016.508,5217.724,10852.53,1968.176,5283.745,10300.81,2008.945,5208.634,10755.52,1966.29,5424.423
10854.3,1975.98,5370.634,10683.06,1966.141,5498.523,10767.53,1955.12,5296.048,10321.36,1951.155,5042.548,10487.07,1976.812,5232.339,10671.56,1992.067,5266.784,10604.14,2014.702,5340.528,10384.21,1978.241,5262.328,10670.06,2030.728,5168.72,10650.91,1981.396,5410.372,10710.9,2020.255,5345.2,10581.92,2016.508,5215.275,10854.54,1968.176,5281.197,10302.08,2008.945,5205.645,10757.49,1966.29,5421.848
10856,1975.98,5367.085,10685.71,1966.141,5495.61,10769.63,1955.12,5292.724,10318.6,1951.155,5039.737,10489.18,1976.812,5229.022,10673.75,1992.067,5263.521,10607.03,2014.702,5337.859,10386.27,1978.241,5258.974,10672.25,2030.728,5165.458,10653.26,1981.396,5407.222,10713.57,2020.255,5342.309,10584.4,2016.508,5212.225,10857.04,1968.176,5278.162,10303.74,2008.945,5202.076,10759.83,1966.29,5418.683
10856.47,1975.98,5366.189,10686.4,1966.141,5494.881,10770.14,1955.12,5291.854,10317.92,1951.155,5038.992,10489.67,1976.812,5228.141,10674.35,1992.067,5262.703,10607.75,2014.702,5337.152,10386.82,1978.241,5258.125,10672.84,2030.728,5164.639,10653.89,1981.396,5406.432,10714.23,2020.255,5341.545,10585.01,2016.508,5211.421,10857.69,1968.176,5277.391,10304.19,2008.945,5201.174,10760.44,1966.29,5417.878
10856.7,1975.98,5365.777,10686.75,1966.141,5494.557,10770.37,1955.12,5291.439,10317.61,1951.155,5038.634,10489.92,1976.812,5227.737,10674.63,1992.067,5262.33,10608.08,2014.702,5336.812,10387.08,1978.241,5257.732,10673.11,2030.728,5164.249,10654.2,1981.396,5406.072,10714.54,2020.255,5341.195,10585.29,2016.508,5211.037,10857.99,1968.176,5277.029,10304.37,2008.945,5200.736,10760.71,1966.29,5417.496
10858.95,1975.98,5362.033,10689.83,1966.141,5491.454,10772.34,1955.12,5287.537,10314.9,1951.155,5035.206,10492.3,1976.812,5224.069,10677.74,1992.067,5259.25,10611.01,2014.702,5333.566,10389.38,1978.241,5254.012,10675.69,2030.728,5160.72,10657.12,1981.396,5402.823,10717.37,2020.255,5337.862,10587.7,2016.508,5207.392,10860.59,1968.176,5273.547,10306.14,2008.945,5196.739,10763.21,1966.29,5413.907
10859.59,1975.98,5361.047,10690.63,1966.141,5490.593,10772.91,1955.12,5286.506,10314.14,1951.155,5034.309,10492.95,1976.812,5223.093,10678.54,1992.067,5258.395,10611.77,2014.702,5332.671,10389.96,1978.241,5252.992,10676.42,2030.728,5159.795,10657.93,1981.396,5401.974,10718.14,2020.255,5336.969,10588.38,2016.508,5206.435,10861.26,1968.176,5272.584,10306.56,2008.945,5195.644,10763.91,1966.29,5412.964
10860.86,1975.98,5359.216,10692.14,1966.141,5488.962,10774.04,1955.12,5284.586,10312.83,1951.155,5032.502,10494.13,1976.812,5221.2,10680.02,1992.067,5256.725,10613.16,2014.702,5330.93,10391,1978.241,5251.023,10677.85,2030.728,5158.087,10659.52,1981.396,5400.411,10719.63,2020.255,5335.316,10589.73,2016.508,5204.662,10862.48,1968.176,5270.716,10307.44,2008.945,5193.595,10765.3,1966.29,5411.221
10863.03,1975.98,5356.298,10694.53,1966.141,5486.221,10775.99,1955.12,5281.515,10310.61,1951.155,5029.626,10495.59,1976.812,5217.869,10682.63,1992.067,5254.193,10615.34,2014.702,5328.021,10392.6,1978.241,5247.756,10680.53,2030.728,5155.626,10662.19,1981.396,5397.939,10721.98,2020.255,5332.541,10592.03,2016.508,5201.842,10864.36,1968.176,5267.605,10308.98,2008.945,5190.3,10767.65,1966.29,5408.451
10865.39,1975.98,5353.339,10697.11,1966.141,5483.455,10778.11,1955.12,5278.391,10308.3,1951.155,5026.631,10497.21,1976.812,5214.458,10685.41,1992.067,5251.629,10617.71,2014.702,5325.073,10394.15,1978.241,5244.309,10683.22,2030.728,5152.979,10664.88,1981.396,5395.282,10724.3,2020.255,5329.555,10594.56,2016.508,5199.037,10866.22,1968.176,5264.312,10310.63,2008.945,5186.901,10770.19,1966.29,5405.653
10865.69,1975.98,5352.983,10697.45,1966.141,5483.13,10778.39,1955.12,5278.013,10308.01,1951.155,5026.27,10497.43,1976.812,5214.042,10685.74,1992.067,5251.301,10618.01,2014.702,5324.718,10394.35,1978.241,5243.889,10683.55,2030.728,5152.642,10665.2,1981.396,5394.942,10724.59,2020.255,5329.193,10594.9,2016.508,5198.713,10866.43,1968.176,5263.897,10310.82,2008.945,5186.475,10770.5,1966.29,5405.301
10866.2,1975.98,5352.422,10698.03,1966.141,5482.65,10778.85,1955.12,5277.416,10307.51,1951.155,5025.699,10497.75,1976.812,5213.357,10686.26,1992.067,5250.751,10618.52,2014.702,5324.16,10394.75,1978.241,5243.241,10684.02,2030.728,5152.053,10665.7,1981.396,5394.375,10725.09,2020.255,5328.621,10595.43,2016.508,5198.171,10866.76,1968.176,5263.214,10311.1,2008.945,5185.77,10771.02,1966.29,5404.748
10869.01,1975.98,5349.514,10701.08,1966.141,5479.99,10781.24,1955.12,5274.146,10305.11,1951.155,5022.442,10499.6,1976.812,5209.759,10688.99,1992.067,5247.762,10621.58,2014.702,5321.516,10396.87,1978.241,5239.793,10686.67,2030.728,5148.995,10668.48,1981.396,5391.438,10727.85,2020.255,5325.658,10598.19,2016.508,5195.214,10868.63,1968.176,5259.625,10312.71,2008.945,5182.056,10773.87,1966.29,5401.881
10870.36,1975.98,5348.026,10702.69,1966.141,5478.787,10782.37,1955.12,5272.486,10303.86,1951.155,5020.865,10500.58,1976.812,5208.004,10690.29,1992.067,5246.234,10623.06,2014.702,5320.154,10397.86,1978.241,5238.048,10687.97,2030.728,5147.462,10669.91,1981.396,5390.025,10728.99,2020.255,5324.006,10599.51,2016.508,5193.702,10869.62,1968.176,5257.875,10313.57,2008.945,5180.24,10775.33,1966.29,5400.502
10871.5,1975.98,5346.684,10704.07,1966.141,5477.686,10783.31,1955.12,5271,10302.89,1951.155,5019.395,10501.44,1976.812,5206.463,10691.39,1992.067,5244.858,10624.32,2014.702,5318.917,10398.7,1978.241,5236.499,10689.15,2030.728,5146.156,10671.13,1981.396,5388.754,10730.04,2020.255,5322.591,10600.63,2016.508,5192.338,10870.53,1968.176,5256.368,10314.37,2008.945,5178.672,10776.65,1966.29,5399.328
10873.3,1975.98,5344.427,10706.26,1966.141,5475.812,10784.78,1955.12,5268.517,10301.23,1951.155,5017.041,10502.87,1976.812,5203.964,10693.06,1992.067,5242.506,10626.3,2014.702,5316.828,10399.99,1978.241,5233.919,10691.22,2030.728,5144.143,10673.01,1981.396,5386.563,10731.83,2020.255,5320.332,10602.72,2016.508,5190.351,10872.1,1968.176,5253.951,10315.77,2008.945,5176.15,10778.79,1966.29,5397.4
10874.65,1975.98,5342.606,10707.93,1966.141,5474.28,10785.88,1955.12,5266.526,10299.86,1951.155,5015.232,10504.06,1976.812,5202.029,10694.35,1992.067,5240.634,10627.85,2014.702,5315.161,10400.76,1978.241,5231.783,10692.91,2030.728,5142.626,10674.54,1981.396,5384.888,10733.3,2020.255,5318.601,10604.32,2016.508,5188.739,10873.4,1968.176,5252.089,10316.8,2008.945,5174.13,10780.58,1966.29,5396.021
10876.05,1975.98,5340.601,10709.72,1966.141,5472.619,10786.98,1955.12,5264.349,10298.32,1951.155,5013.335,10505.39,1976.812,5199.983,10695.77,1992.067,5238.65,10629.44,2014.702,5313.315,10401.66,1978.241,5229.512,10694.67,2030.728,5140.935,10676.25,1981.396,5383.141,10734.82,2020.255,5316.688,10605.99,2016.508,5186.956,10874.86,1968.176,5250.131,10317.85,2008.945,5171.921,10782.46,1966.29,5394.466
10877.56,1975.98,5338.272,10711.82,1966.141,5470.799,10788.16,1955.12,5261.833,10296.5,1951.155,5011.237,10506.97,1976.812,5197.698,10697.46,1992.067,5236.448,10631.19,2014.702,5311.158,10402.76,1978.241,5226.966,10696.61,2030.728,5138.948,10678.19,1981.396,5381.16,10736.62,2020.255,5314.57,10607.82,2016.508,5184.875,10876.59,1968.176,5247.96,10318.95,2008.945,5169.373,10784.55,1966.29,5392.636
10878.6,1975.98,5336.551,10713.34,1966.141,5469.484,10789.07,1955.12,5260.041,10295.14,1951.155,5009.75,10508.12,1976.812,5196.048,10698.49,1992.067,5234.72,10632.51,2014.702,5309.638,10403.63,1978.241,5225.149,10697.97,2030.728,5137.464,10679.65,1981.396,5379.771,10738.1,2020.255,5313.211,10609.11,2016.508,5183.33,10877.79,1968.176,5246.347,10319.7,2008.945,5167.509,10786.02,1966.29,5391.264
10879.61,1975.98,5334.759,10714.97,1966.141,5468.225,10790.06,1955.12,5258.24,10293.71,1951.155,5008.276,10509.3,1976.812,5194.367,10699.56,1992.067,5232.966,10633.64,2014.702,5307.924,10404.57,1978.241,5223.322,10699.31,2030.728,5135.903,10681.18,1981.396,5378.401,10739.57,2020.255,5311.773,10610.38,2016.508,5181.714,10879.04,1968.176,5244.714,10320.54,2008.945,5165.629,10787.47,1966.29,5389.813
10880.83,1975.98,5332.401,10717.01,1966.141,5466.526,10791.42,1955.12,5255.953,10291.75,1951.155,5006.485,10510.83,1976.812,5192.197,10700.88,1992.067,5230.655,10635.18,2014.702,5305.755,10405.86,1978.241,5220.999,10700.97,2030.728,5133.828,10683.1,1981.396,5376.563,10741.41,2020.255,5309.852,10611.96,2016.508,5179.575,10880.58,1968.176,5242.549,10321.66,2008.945,5163.219,10789.29,1966.29,5387.876
10881.73,1975.98,5330.551,10718.66,1966.141,5465.303,10792.52,1955.12,5254.22,10290.23,1951.155,5005.096,10512.02,1976.812,5190.525,10701.96,1992.067,5228.905,10636.42,2014.702,5304.119,10406.92,1978.241,5219.238,10702.2,2030.728,5132.183,10684.54,1981.396,5375.096,10742.78,2020.255,5308.321,10613.13,2016.508,5177.887,10881.72,1968.176,5240.838,10322.59,2008.945,5161.387,10790.65,1966.29,5386.334
10882.81,1975.98,5328.116,10720.75,1966.141,5463.647,10794.02,1955.12,5252.021,10288.17,1951.155,5003.415,10513.58,1976.812,5188.362,10703.36,1992.067,5226.643,10637.81,2014.702,5301.842,10408.37,1978.241,5217,10703.73,2030.728,5129.999,10686.42,1981.396,5373.209,10744.49,2020.255,5306.279,10614.58,2016.508,5175.654,10883.12,1968.176,5238.572,10323.62,2008.945,5158.931,10792.63,1966.29,5384.543
10883.7,1975.98,5326.269,10722.35,1966.141,5462.364,10795.24,1955.12,5250.365,10286.62,1951.155,5002.069,10514.78,1976.812,5186.7,10704.43,1992.067,5224.89,10638.93,2014.702,5300.125,10409.54,1978.241,5215.313,10705.1,2030.728,5128.472,10687.82,1981.396,5371.71,10745.85,2020.255,5304.743,10615.65,2016.508,5173.903,10884.15,1968.176,5236.793,10324.48,2008.945,5157.067,10794.1,1966.29,5383.115
10884.94,1975.98,5323.91,10724.39,1966.141,5460.65,10796.88,1955.12,5248.268,10284.63,1951.155,5000.298,10516.35,1976.812,5184.548,10705.89,1992.067,5222.663,10640.46,2014.702,5297.945,10411.13,1978.241,5213.176,10706.81,2030.728,5126.433,10689.71,1981.396,5369.832,10747.55,2020.255,5302.692,10616.98,2016.508,5171.593,10885.4,1968.176,5234.443,10325.68,2008.945,5154.687,10795.95,1966.29,5381.2
10885.81,1975.98,5322.372,10725.72,1966.141,5459.493,10798.01,1955.12,5246.913,10283.35,1951.155,4999.081,10517.39,1976.812,5183.125,10706.91,1992.067,5221.218,10641.52,2014.702,5296.534,10412.14,1978.241,5211.732,10707.93,2030.728,5125.069,10690.96,1981.396,5368.58,10748.67,2020.255,5301.332,10617.82,2016.508,5170.039,10886.18,1968.176,5232.859,10326.52,2008.945,5153.133,10797.13,1966.29,5379.89
10887.3,1975.98,5319.915,10727.83,1966.141,5457.539,10799.92,1955.12,5244.764,10281.33,1951.155,4997.031,10519.1,1976.812,5180.811,10708.64,1992.067,5218.921,10643.33,2014.702,5294.292,10413.74,1978.241,5209.339,10709.68,2030.728,5122.788,10692.92,1981.396,5366.476,10750.56,2020.255,5299.157,10619.11,2016.508,5167.472,10887.37,1968.176,5230.239,10327.96,2008.945,5150.647,10799.05,1966.29,5377.745
10889.17,1975.98,5316.614,10730.71,1966.141,5455.06,10802.35,1955.12,5241.853,10278.75,1951.155,4994.252,10521.35,1976.812,5177.766,10711.27,1992.067,5216.192,10645.8,2014.702,5291.417,10415.76,1978.241,5206.132,10711.9,2030.728,5119.708,10695.41,1981.396,5363.619,10752.94,2020.255,5296.21,10620.74,2016.508,5164.047,10889.04,1968.176,5226.837,10329.97,2008.945,5147.432,10801.71,1966.29,5375.039
10890.28,1975.98,5314.492,10732.47,1966.141,5453.436,10803.83,1955.12,5239.966,10277.08,1951.155,4992.538,10522.71,1976.812,5175.795,10712.88,1992.067,5214.416,10647.3,2014.702,5289.551,10416.99,1978.241,5204.075,10713.25,2030.728,5117.733,10697.05,1981.396,5361.867,10754.51,2020.255,5294.399,10621.84,2016.508,5161.918,10890.17,1968.176,5224.723,10331.3,2008.945,5145.441,10803.33,1966.29,5373.276
10890.49,1975.98,5314.067,10732.8,1966.141,5453.104,10804.11,1955.12,5239.585,10276.75,1951.155,4992.201,10522.97,1976.812,5175.399,10713.18,1992.067,5214.055,10647.62,2014.702,5289.204,10417.22,1978.241,5203.663,10713.51,2030.728,5117.335,10697.38,1981.396,5361.533,10754.82,2020.255,5294.044,10622.07,2016.508,5161.506,10890.41,1968.176,5224.314,10331.58,2008.945,5145.057,10803.64,1966.29,5372.919
10892.15,1975.98,5310.335,10735.62,1966.141,5450.144,10806.41,1955.12,5236.213,10274.05,1951.155,4989.132,10525.07,1976.812,5171.894,10715.72,1992.067,5210.852,10650.29,2014.702,5286.106,10419.13,1978.241,5200.053,10715.54,2030.728,5113.792,10700.16,1981.396,5358.542,10757.94,2020.255,5291.404,10623.92,2016.508,5157.867,10892.55,1968.176,5220.84,10334.06,2008.945,5141.809,10806.2,1966.29,5369.738
10892.66,1975.98,5309.276,10736.46,1966.141,5449.317,10807.05,1955.12,5235.22,10273.24,1951.155,4988.273,10525.64,1976.812,5170.864,10716.42,1992.067,5209.905,10651.02,2014.702,5285.19,10419.71,1978.241,5199.031,10716.16,2030.728,5112.79,10700.94,1981.396,5357.655,10758.81,2020.255,5290.614,10624.49,2016.508,5156.835,10893.21,1968.176,5219.859,10334.74,2008.945,5140.85,10807.06,1966.29,5368.928
10893.45,1975.98,5307.766,10737.63,1966.141,5448.082,10807.92,1955.12,5233.754,10272.17,1951.155,4986.947,10526.42,1976.812,5169.347,10717.39,1992.067,5208.503,10652.14,2014.702,5283.898,10420.61,1978.241,5197.579,10717.01,2030.728,5111.311,10702.03,1981.396,5356.347,10760.04,2020.255,5289.43,10625.36,2016.508,5155.369,10894.19,1968.176,5218.468,10335.68,2008.945,5139.43,10808.31,1966.29,5367.773
10894.99,1975.98,5305.052,10739.71,1966.141,5445.759,10809.42,1955.12,5231.022,10270.37,1951.155,4984.403,10527.75,1976.812,5166.527,10719.08,1992.067,5205.884,10654.25,2014.702,5281.603,10422.33,1978.241,5194.979,10718.65,2030.728,5108.657,10704.11,1981.396,5354.021,10762.21,2020.255,5287.19,10627.04,2016.508,5152.738,10896.07,1968.176,5215.977,10337.32,2008.945,5136.776,10810.53,1966.29,5365.585
10895.97,1975.98,5303.451,10741.01,1966.141,5444.404,10810.27,1955.12,5229.352,10269.23,1951.155,4982.91,10528.5,1976.812,5164.806,10720.05,1992.067,5204.279,10655.56,2014.702,5280.265,10423.42,1978.241,5193.45,10719.37,2030.728,5106.928,10705.4,1981.396,5352.664,10763.47,2020.255,5285.803,10628.09,2016.508,5151.189,10897.24,1968.176,5214.511,10338.18,2008.945,5135.11,10811.83,1966.29,5364.228
10897.11,1975.98,5301.71,10742.4,1966.141,5442.854,10811.16,1955.12,5227.469,10267.92,1951.155,4981.295,10529.32,1976.812,5162.898,10721.07,1992.067,5202.465,10657.07,2014.702,5278.829,10424.67,1978.241,5191.794,10720.22,2030.728,5105.027,10706.89,1981.396,5351.205,10764.82,2020.255,5284.218,10629.27,2016.508,5149.477,10898.57,1968.176,5212.913,10339.2,2008.945,5133.294,10813.21,1966.29,5362.676
10898.98,1975.98,5299.036,10744.65,1966.141,5440.493,10812.45,1955.12,5224.468,10265.78,1951.155,4978.827,10530.62,1976.812,5159.903,10722.58,1992.067,5199.567,10659.5,2014.702,5276.651,10426.58,1978.241,5189.144,10721.64,2030.728,5102.085,10709.29,1981.396,5348.989,10766.85,2020.255,5281.66,10631.14,2016.508,5146.795,10900.68,1968.176,5210.426,10340.88,2008.945,5130.492,10815.31,1966.29,5360.168
10899.93,1975.98,5297.778,10745.7,1966.141,5439.322,10813.12,1955.12,5223.044,10264.71,1951.155,4977.674,10531.25,1976.812,5158.461,10723.28,1992.067,5198.158,10660.64,2014.702,5275.565,10427.47,1978.241,5187.844,10722.23,2030.728,5100.629,10710.52,1981.396,5348.009,10767.79,2020.255,5280.398,10632.04,2016.508,5145.509,10901.66,1968.176,5209.196,10341.73,2008.945,5129.169,10816.16,1966.29,5358.845
10901.92,1975.98,5295.295,10747.91,1966.141,5437.021,10814.57,1955.12,5220.208,10262.69,1951.155,4975.21,10532.61,1976.812,5155.583,10724.61,1992.067,5195.264,10662.87,2014.702,5273.292,10429.18,1978.241,5185.157,10723.54,2030.728,5097.722,10712.94,1981.396,5345.945,10769.61,2020.255,5277.781,10633.88,2016.508,5142.913,10903.57,1968.176,5206.643,10343.54,2008.945,5126.547,10817.97,1966.29,5356.225
10903.45,1975.98,5293.509,10749.48,1966.141,5435.268,10815.71,1955.12,5218.148,10261.14,1951.155,4973.439,10533.68,1976.812,5153.487,10725.66,1992.067,5193.158,10664.47,2014.702,5271.559,10430.38,1978.241,5183.133,10724.57,2030.728,5095.607,10714.68,1981.396,5344.362,10771.01,2020.255,5275.893,10635.18,2016.508,5140.951,10904.91,1968.176,5204.711,10344.93,2008.945,5124.652,10819.36,1966.29,5354.327
10904.6,1975.98,5292.258,10750.62,1966.141,5434.016,10816.57,1955.12,5216.69,10259.98,1951.155,4972.2,10534.5,1976.812,5152,10726.47,1992.067,5191.666,10665.57,2014.702,5270.273,10431.29,1978.241,5181.702,10725.16,2030.728,5094.018,10715.9,1981.396,5343.18,10771.98,2020.255,5274.499,10636.08,2016.508,5139.509,10905.84,1968.176,5203.289,10345.9,2008.945,5123.254,10820.41,1966.29,5352.992
10907.12,1975.98,5289.68,10753.28,1966.141,5431.581,10818.52,1955.12,5213.653,10257.44,1951.155,4969.648,10536.33,1976.812,5148.893,10728.19,1992.067,5188.5,10667.83,2014.702,5267.465,10433.56,1978.241,5178.9,10726.54,2030.728,5090.686,10718.47,1981.396,5340.655,10773.65,2020.255,5271.304,10637.88,2016.508,5136.389,10907.7,1968.176,5200.204,10348.22,2008.945,5120.499,10822.72,1966.29,5350.231
10909.44,1975.98,5287.449,10755.77,1966.141,5429.538,10820.34,1955.12,5210.995,10255.24,1951.155,4967.287,10538.04,1976.812,5146.166,10729.55,1992.067,5185.579,10669.77,2014.702,5264.889,10435.5,1978.241,5176.33,10727.86,2030.728,5087.748,10720.74,1981.396,5338.359,10775.23,2020.255,5268.498,10639.41,2016.508,5133.55,10909.28,1968.176,5197.393,10350.57,2008.945,5118.295,10824.87,1966.29,5347.831
10911.08,1975.98,5285.773,10757.62,1966.141,5428.093,10821.72,1955.12,5209.104,10253.84,1951.155,4965.411,10539.35,1976.812,5144.221,10730.6,1992.067,5183.483,10671.12,2014.702,5262.972,10436.75,1978.241,5174.344,10728.89,2030.728,5085.644,10722.4,1981.396,5336.713,10776.45,2020.255,5266.493,10640.45,2016.508,5131.454,10910.49,1968.176,5195.388,10352.23,2008.945,5116.638,10826.39,1966.29,5346.049
10911.4,1975.98,5285.427,10757.98,1966.141,5427.791,10822.01,1955.12,5208.734,10253.54,1951.155,4965.044,10539.62,1976.812,5143.839,10730.82,1992.067,5183.068,10671.4,2014.702,5262.597,10437.01,1978.241,5173.954,10729.15,2030.728,5085.251,10722.73,1981.396,5336.372,10776.7,2020.255,5266.099,10640.65,2016.508,5131.028,10910.72,1968.176,5194.979,10352.55,2008.945,5116.295,10826.69,1966.29,5345.685
10913.13,1975.98,5283.406,10759.96,1966.141,5426.016,10823.72,1955.12,5206.689,10251.81,1951.155,4963.022,10541.23,1976.812,5141.717,10731.87,1992.067,5180.623,10673.14,2014.702,5260.581,10438.57,1978.241,5171.794,10730.53,2030.728,5082.977,10724.5,1981.396,5334.382,10778.21,2020.255,5263.906,10641.7,2016.508,5128.582,10912.01,1968.176,5192.651,10354.31,2008.945,5114.294,10828.32,1966.29,5343.58
10915.61,1975.98,5280.32,10762.82,1966.141,5423.281,10826.34,1955.12,5203.728,10249.14,1951.155,4960.101,10543.71,1976.812,5138.632,10733.56,1992.067,5177.041,10675.62,2014.702,5257.5,10440.98,1978.241,5168.661,10732.48,2030.728,5079.53,10727.03,1981.396,5331.339,10780.55,2020.255,5260.713,10643.16,2016.508,5124.901,10914.05,1968.176,5189.256,10356.82,2008.945,5111.234,10830.67,1966.29,5340.395
10917.02,1975.98,5278.447,10764.46,1966.141,5421.608,10827.84,1955.12,5201.926,10247.61,1951.155,4958.329,10545.11,1976.812,5136.759,10734.62,1992.067,5174.955,10677.03,2014.702,5255.63,10442.28,1978.241,5166.71,10733.56,2030.728,5077.454,10728.46,1981.396,5329.49,10781.99,2020.255,5258.863,10644.09,2016.508,5122.752,10915.31,1968.176,5187.286,10358.24,2008.945,5109.376,10832.01,1966.29,5338.477
10917.29,1975.98,5278.063,10764.78,1966.141,5421.263,10828.13,1955.12,5201.556,10247.32,1951.155,4957.962,10545.38,1976.812,5136.375,10734.85,1992.067,5174.544,10677.3,2014.702,5255.247,10442.55,1978.241,5166.329,10733.77,2030.728,5077.031,10728.69,1981.396,5329.078,10782.28,2020.255,5258.5,10644.29,2016.508,5122.329,10915.58,1968.176,5186.9,10358.54,2008.945,5109.013,10832.27,1966.29,5338.086
10918.75,1975.98,5275.833,10766.52,1966.141,5419.241,10829.7,1955.12,5199.4,10245.58,1951.155,4955.936,10546.84,1976.812,5134.143,10736.21,1992.067,5172.254,10678.77,2014.702,5253.018,10444.06,1978.241,5164.131,10735,2030.728,5074.667,10730.04,1981.396,5326.78,10784.01,2020.255,5256.469,10645.43,2016.508,5119.918,10917.16,1968.176,5184.754,10360.32,2008.945,5107.03,10833.69,1966.29,5335.826
10920.29,1975.98,5273.306,10768.37,1966.141,5416.935,10831.36,1955.12,5196.954,10243.59,1951.155,4953.751,10548.41,1976.812,5131.634,10737.55,1992.067,5169.612,10680.47,2014.702,5250.598,10445.82,1978.241,5161.749,10736.46,2030.728,5072.091,10731.62,1981.396,5324.28,10785.96,2020.255,5254.246,10646.78,2016.508,5117.286,10919,1968.176,5182.431,10362.23,2008.945,5104.766,10835.19,1966.29,5333.279
10921.23,1975.98,5271.642,10769.62,1966.141,5415.485,10832.38,1955.12,5195.339,10242.33,1951.155,4952.311,10549.54,1976.812,5130.087,10738.28,1992.067,5167.846,10681.52,2014.702,5248.999,10447.16,1978.241,5160.387,10737.56,2030.728,5070.531,10732.7,1981.396,5322.698,10787.21,2020.255,5252.801,10647.71,2016.508,5115.614,10920.23,1968.176,5180.968,10363.41,2008.945,5103.263,10836.22,1966.29,5331.665
10922.31,1975.98,5269.582,10771.08,1966.141,5413.673,10833.57,1955.12,5193.335,10240.74,1951.155,4950.61,10550.59,1976.812,5128.012,10739.25,1992.067,5165.729,10682.73,2014.702,5247.013,10448.74,1978.241,5158.677,10738.85,2030.728,5068.591,10734.03,1981.396,5320.789,10788.68,2020.255,5250.995,10648.91,2016.508,5113.619,10921.78,1968.176,5179.237,10364.87,2008.945,5101.448,10837.53,1966.29,5329.743
10923,1975.98,5268.17,10772.02,1966.141,5412.418,10834.41,1955.12,5192.009,10239.65,1951.155,4949.479,10551.34,1976.812,5126.636,10739.94,1992.067,5164.322,10683.59,2014.702,5245.696,10449.77,1978.241,5157.49,10739.72,2030.728,5067.286,10734.75,1981.396,5319.397,10789.63,2020.255,5249.744,10649.67,2016.508,5112.247,10922.79,1968.176,5178.036,10365.75,2008.945,5100.147,10838.27,1966.29,5328.357
10924.28,1975.98,5265.297,10773.83,1966.141,5409.844,10836.18,1955.12,5189.409,10237.69,1951.155,4947.023,10552.77,1976.812,5123.831,10741.43,1992.067,5161.549,10685.21,2014.702,5243.002,10451.75,1978.241,5155.043,10741.39,2030.728,5064.616,10736.3,1981.396,5316.657,10791.45,2020.255,5247.176,10650.88,2016.508,5109.342,10924.74,1968.176,5175.562,10367.59,2008.945,5097.599,10839.84,1966.29,5325.63
10924.88,1975.98,5263.844,10774.69,1966.141,5408.53,10837.11,1955.12,5188.14,10236.66,1951.155,4945.831,10553.34,1976.812,5122.37,10742,1992.067,5160.087,10686.06,2014.702,5241.684,10452.69,1978.241,5153.791,10742.17,2030.728,5063.256,10737.12,1981.396,5315.315,10792.33,2020.255,5245.882,10651.44,2016.508,5107.876,10925.67,1968.176,5174.296,10368.55,2008.945,5096.357,10840.59,1966.29,5324.251
10926.16,1975.98,5260.977,10776.63,1966.141,5406.056,10839.04,1955.12,5185.662,10234.54,1951.155,4943.514,10554.59,1976.812,5119.486,10743.25,1992.067,5157.202,10687.68,2014.702,5238.992,10454.5,1978.241,5151.225,10743.66,2030.728,5060.488,10738.66,1981.396,5312.58,10794.14,2020.255,5243.313,10652.66,2016.508,5104.983,10927.44,1968.176,5171.706,10370.52,2008.945,5093.911,10842.09,1966.29,5321.493
10926.85,1975.98,5259.569,10777.55,1966.141,5404.792,10840.04,1955.12,5184.458,10233.45,1951.155,4942.394,10555.26,1976.812,5118.07,10743.83,1992.067,5155.75,10688.66,2014.702,5237.767,10455.41,1978.241,5149.948,10744.35,2030.728,5059.084,10739.42,1981.396,5311.209,10795,2020.255,5242.005,10653.27,2016.508,5103.538,10928.29,1968.176,5170.387,10371.46,2008.945,5092.66,10842.88,1966.29,5320.144
10928.31,1975.98,5256.783,10779.33,1966.141,5402.19,10842.11,1955.12,5182.087,10231.18,1951.155,4940.215,10556.69,1976.812,5115.266,10745.11,1992.067,5152.87,10690.54,2014.702,5235.24,10457.15,1978.241,5147.321,10745.65,2030.728,5056.217,10740.88,1981.396,5308.42,10796.64,2020.255,5239.317,10654.57,2016.508,5100.672,10929.89,1968.176,5167.681,10373.27,2008.945,5090.083,10844.11,1966.29,5317.244
10929.09,1975.98,5255.418,10780.17,1966.141,5400.864,10843.1,1955.12,5180.873,10230.1,1951.155,4939.075,10557.39,1976.812,5113.858,10745.79,1992.067,5151.455,10691.43,2014.702,5233.95,10457.97,1978.241,5145.984,10746.32,2030.728,5054.797,10741.5,1981.396,5306.979,10797.59,2020.255,5238.067,10655.09,2016.508,5099.19,10930.74,1968.176,5166.357,10374.13,2008.945,5088.769,10844.77,1966.29,5315.818
10930.29,1975.98,5253.466,10781.33,1966.141,5398.893,10844.5,1955.12,5179.058,10228.47,1951.155,4937.467,10558.33,1976.812,5111.774,10746.84,1992.067,5149.426,10692.67,2014.702,5232.028,10459.41,1978.241,5144.208,10747.24,2030.728,5052.702,10742.48,1981.396,5304.909,10798.92,2020.255,5236.201,10655.92,2016.508,5097.057,10932.03,1968.176,5164.469,10375.46,2008.945,5086.907,10845.8,1966.29,5313.773
10932.17,1975.98,5250.595,10783.2,1966.141,5396.014,10846.5,1955.12,5176.268,10225.99,1951.155,4935.088,10559.85,1976.812,5108.693,10748.53,1992.067,5146.43,10694.49,2014.702,5229.113,10461.49,1978.241,5141.474,10748.54,2030.728,5049.52,10743.89,1981.396,5301.778,10800.81,2020.255,5233.336,10657.27,2016.508,5093.896,10933.92,1968.176,5161.602,10377.55,2008.945,5084.179,10847.44,1966.29,5310.755
10933.96,1975.98,5248.051,10784.82,1966.141,5393.356,10848.24,1955.12,5173.685,10223.93,1951.155,4932.759,10561.32,1976.812,5105.95,10750,1992.067,5143.693,10696.05,2014.702,5226.42,10463.29,1978.241,5138.937,10749.81,2030.728,5046.678,10745.27,1981.396,5298.986,10802.44,2020.255,5230.687,10658.58,2016.508,5091.075,10935.72,1968.176,5159.06,10379.36,2008.945,5081.647,10848.55,1966.29,5307.85
10935.38,1975.98,5246.173,10786.01,1966.141,5391.327,10849.48,1955.12,5171.69,10222.31,1951.155,4931.05,10562.47,1976.812,5103.898,10751.18,1992.067,5141.667,10697.16,2014.702,5224.347,10464.59,1978.241,5136.975,10750.83,2030.728,5044.562,10746.37,1981.396,5296.91,10803.61,2020.255,5228.645,10659.64,2016.508,5088.975,10937.13,1968.176,5157.181,10380.99,2008.945,5079.954,10849.46,1966.29,5305.681
10936.36,1975.98,5244.951,10786.76,1966.141,5389.948,10850.27,1955.12,5170.334,10221.2,1951.155,4929.946,10563.15,1976.812,5102.484,10751.93,1992.067,5140.29,10697.84,2014.702,5222.934,10465.5,1978.241,5135.695,10751.56,2030.728,5043.173,10747.31,1981.396,5295.653,10804.34,2020.255,5227.258,10660.39,2016.508,5087.597,10938.11,1968.176,5155.954,10382.04,2008.945,5078.789,10850.12,1966.29,5304.255
10936.75,1975.98,5244.506,10787.06,1966.141,5389.442,10850.55,1955.12,5169.817,10220.77,1951.155,4929.547,10563.42,1976.812,5101.964,10752.2,1992.067,5139.767,10698.12,2014.702,5222.414,10465.82,1978.241,5135.207,10751.84,2030.728,5042.653,10747.65,1981.396,5295.172,10804.6,2020.255,5226.73,10660.68,2016.508,5087.091,10938.49,1968.176,5155.504,10382.42,2008.945,5078.34,10850.38,1966.29,5303.73
10939.43,1975.98,5241.585,10789.03,1966.141,5385.999,10852.47,1955.12,5166.349,10217.77,1951.155,4926.946,10565.05,1976.812,5098.346,10753.96,1992.067,5136.212,10699.64,2014.702,5218.753,10467.62,1978.241,5131.671,10753.6,2030.728,5039.099,10749.81,1981.396,5291.846,10806.45,2020.255,5223.224,10662.8,2016.508,5083.734,10940.93,1968.176,5152.38,10384.88,2008.945,5075.228,10852.26,1966.29,5300.242
10940.94,1975.98,5240.042,10789.91,1966.141,5384.024,10853.54,1955.12,5164.47,10216.19,1951.155,4925.471,10565.94,1976.812,5096.377,10754.97,1992.067,5134.304,10700.5,2014.702,5216.768,10468.67,1978.241,5129.778,10754.62,2030.728,5037.194,10750.93,1981.396,5289.996,10807.78,2020.255,5221.518,10663.95,2016.508,5081.908,10942.21,1968.176,5150.636,10386.17,2008.945,5073.489,10853.32,1966.29,5298.357
10942.11,1975.98,5238.93,10790.61,1966.141,5382.575,10854.35,1955.12,5163.083,10214.98,1951.155,4924.411,10566.6,1976.812,5094.909,10755.77,1992.067,5132.908,10701.18,2014.702,5215.312,10469.41,1978.241,5128.352,10755.28,2030.728,5035.727,10751.79,1981.396,5288.639,10808.74,2020.255,5220.226,10664.77,2016.508,5080.52,10943.12,1968.176,5149.306,10387.08,2008.945,5072.164,10854.16,1966.29,5296.979
10944.07,1975.98,5237.167,10791.69,1966.141,5380.165,10855.72,1955.12,5160.825,10212.94,1951.155,4922.734,10567.76,1976.812,5092.537,10757.16,1992.067,5130.658,10702.39,2014.702,5212.96,10470.42,1978.241,5125.91,10756.45,2030.728,5033.356,10753.14,1981.396,5286.368,10810.25,2020.255,5218.056,10666.03,2016.508,5078.2,10944.53,1968.176,5147.078,10388.51,2008.945,5069.94,10855.35,1966.29,5294.622
10946,1975.98,5235.33,10792.86,1966.141,5377.775,10857.12,1955.12,5158.563,10210.83,1951.155,4921.114,10568.86,1976.812,5090.112,10758.62,1992.067,5128.435,10703.68,2014.702,5210.633,10471.51,1978.241,5123.485,10757.7,2030.728,5031.01,10754.53,1981.396,5284.101,10811.69,2020.255,5215.822,10667.23,2016.508,5075.825,10946.04,1968.176,5144.882,10389.87,2008.945,5067.657,10856.63,1966.29,5292.29
10947.23,1975.98,5234.072,10793.68,1966.141,5376.217,10858.06,1955.12,5157.071,10209.47,1951.155,4919.995,10569.63,1976.812,5088.529,10759.59,1992.067,5126.966,10704.58,2014.702,5209.12,10472.29,1978.241,5121.903,10758.5,2030.728,5029.439,10755.46,1981.396,5282.604,10812.6,2020.255,5214.312,10668.07,2016.508,5074.276,10947.07,1968.176,5143.456,10390.74,2008.945,5066.123,10857.39,1966.29,5290.699
10949.18,1975.98,5231.952,10795.04,1966.141,5373.681,10859.6,1955.12,5154.645,10207.2,1951.155,4918.225,10570.71,1976.812,5085.861,10761.19,1992.067,5124.575,10706.13,2014.702,5206.698,10473.64,1978.241,5119.362,10759.5,2030.728,5026.74,10757.02,1981.396,5280.186,10814,2020.255,5211.798,10669.53,2016.508,5071.792,10948.84,1968.176,5141.183,10392.08,2008.945,5063.575,10858.71,1966.29,5288.144
10950.65,1975.98,5230.234,10796.18,1966.141,5371.721,10860.83,1955.12,5152.742,10205.31,1951.155,4916.973,10571.63,1976.812,5083.79,10762.39,1992.067,5122.654,10707.42,2014.702,5204.833,10474.64,1978.241,5117.329,10760.36,2030.728,5024.643,10758.19,1981.396,5278.243,10815.04,2020.255,5209.784,10670.73,2016.508,5069.874,10950.18,1968.176,5139.356,10393.31,2008.945,5061.674,10859.74,1966.29,5286.125
10952.19,1975.98,5228.333,10797.49,1966.141,5369.658,10862.15,1955.12,5150.693,10203.32,1951.155,4915.557,10572.59,1976.812,5081.546,10763.62,1992.067,5120.545,10708.89,2014.702,5202.88,10475.67,1978.241,5115.116,10761.35,2030.728,5022.414,10759.38,1981.396,5276.108,10816.2,2020.255,5207.637,10672.09,2016.508,5067.847,10951.28,1968.176,5137.176,10394.62,2008.945,5059.612,10860.76,1966.29,5283.909
10953.85,1975.98,5226.12,10798.89,1966.141,5367.271,10863.64,1955.12,5148.357,10201.12,1951.155,4913.878,10573.77,1976.812,5079.038,10765.21,1992.067,5118.296,10710.55,2014.702,5200.663,10476.93,1978.241,5112.645,10762.56,2030.728,5019.923,10760.57,1981.396,5273.61,10817.39,2020.255,5205.133,10673.71,2016.508,5065.596,10952.6,1968.176,5134.745,10396.02,2008.945,5057.226,10862.01,1966.29,5281.435
10955.21,1975.98,5224.192,10800.02,1966.141,5365.203,10864.89,1955.12,5146.359,10199.29,1951.155,4912.39,10574.83,1976.812,5076.935,10766.51,1992.067,5116.331,10711.9,2014.702,5198.731,10478.05,1978.241,5110.573,10763.67,2030.728,5017.839,10761.39,1981.396,5271.4,10818.28,2020.255,5202.951,10675.09,2016.508,5063.691,10953.8,1968.176,5132.715,10397.15,2008.945,5055.158,10863.14,1966.29,5279.365
10956.4,1975.98,5222.381,10801,1966.141,5363.269,10866.02,1955.12,5144.513,10197.57,1951.155,4911.077,10575.87,1976.812,5075.032,10767.71,1992.067,5114.526,10713.08,2014.702,5196.917,10479.11,1978.241,5108.687,10764.74,2030.728,5015.958,10762.21,1981.396,5269.395,10819.16,2020.255,5200.972,10676.38,2016.508,5061.949,10954.96,1968.176,5130.887,10398.13,2008.945,5053.225,10864.11,1966.29,5277.431
10957.23,1975.98,5221.012,10801.84,1966.141,5361.904,10866.85,1955.12,5143.142,10196.32,1951.155,4910.063,10576.67,1976.812,5073.646,10768.64,1992.067,5113.216,10713.97,2014.702,5195.584,10479.95,1978.241,5107.317,10765.58,2030.728,5014.591,10762.8,1981.396,5267.904,10819.86,2020.255,5199.529,10677.34,2016.508,5060.667,10955.79,1968.176,5129.513,10398.75,2008.945,5051.747,10864.78,1966.29,5275.975
10958.54,1975.98,5218.712,10803.24,1966.141,5359.659,10868.22,1955.12,5140.878,10194.22,1951.155,4908.46,10578.07,1976.812,5071.4,10770.1,1992.067,5111.009,10715.38,2014.702,5193.342,10481.25,1978.241,5105.016,10767.01,2030.728,5012.37,10763.86,1981.396,5265.481,10820.85,2020.255,5197.078,10678.95,2016.508,5058.571,10957.36,1968.176,5127.386,10399.86,2008.945,5049.346,10865.97,1966.29,5273.612
10959.78,1975.98,5216.356,10804.7,1966.141,5357.433,10869.59,1955.12,5138.599,10192.16,1951.155,4906.779,10579.54,1976.812,5069.183,10771.63,1992.067,5108.833,10716.71,2014.702,5191.041,10482.49,1978.241,5102.658,10768.53,2030.728,5010.184,10765.01,1981.396,5263.08,10821.93,2020.255,5194.645,10680.51,2016.508,5056.414,10958.87,1968.176,5125.194,10401.06,2008.945,5046.967,10867.04,1966.29,5271.174
10960.67,1975.98,5214.513,10805.76,1966.141,5355.683,10870.64,1955.12,5136.844,10190.59,1951.155,4905.455,10580.72,1976.812,5067.508,10772.85,1992.067,5107.193,10717.68,2014.702,5189.237,10483.26,1978.241,5100.759,10769.5,2030.728,5008.379,10765.83,1981.396,5261.204,10822.78,2020.255,5192.781,10681.66,2016.508,5054.718,10959.98,1968.176,5123.471,10402.04,2008.945,5045.167,10867.92,1966.29,5269.325
10961.75,1975.98,5212.092,10807.06,1966.141,5353.375,10872,1955.12,5134.569,10188.71,1951.155,4903.585,10582.3,1976.812,5065.38,10774.37,1992.067,5105.02,10719.27,2014.702,5187.113,10484.33,1978.241,5098.336,10770.83,2030.728,5006.085,10766.98,1981.396,5258.813,10823.68,2020.255,5190.287,10683.16,2016.508,5052.539,10961.38,1968.176,5121.216,10403.34,2008.945,5042.86,10869.14,1966.29,5266.971
10962.52,1975.98,5210.197,10808.23,1966.141,5351.695,10873.04,1955.12,5132.805,10187.22,1951.155,4902.189,10583.56,1976.812,5063.77,10775.49,1992.067,5103.307,10720.44,2014.702,5185.434,10485.21,1978.241,5096.487,10771.91,2030.728,5004.35,10767.92,1981.396,5256.998,10824.44,2020.255,5188.385,10684.34,2016.508,5050.868,10962.39,1968.176,5119.442,10404.29,2008.945,5041.046,10870.08,1966.29,5265.151
10963.57,1975.98,5207.379,10809.88,1966.141,5349.178,10874.54,1955.12,5130.202,10185.07,1951.155,4900.089,10585.47,1976.812,5061.449,10777.21,1992.067,5100.839,10722.08,2014.702,5182.912,10486.58,1978.241,5093.813,10773.51,2030.728,5001.799,10769,1981.396,5254.19,10825.64,2020.255,5185.628,10686,2016.508,5048.361,10963.81,1968.176,5116.787,10405.59,2008.945,5038.338,10871.37,1966.29,5262.435
10964.26,1975.98,5205.336,10811,1966.141,5347.336,10875.6,1955.12,5128.33,10183.47,1951.155,4898.636,10586.88,1976.812,5059.82,10778.38,1992.067,5099.033,10723.19,2014.702,5181.067,10487.63,1978.241,5091.931,10774.47,2030.728,4999.872,10769.84,1981.396,5252.204,10826.56,2020.255,5183.682,10687.21,2016.508,5046.579,10965.01,1968.176,5114.997,10406.59,2008.945,5036.428,10872.28,1966.29,5260.483
10964.72,1975.98,5203.803,10811.78,1966.141,5345.942,10876.4,1955.12,5126.94,10182.31,1951.155,4897.536,10587.96,1976.812,5058.636,10779.3,1992.067,5097.717,10724.06,2014.702,5179.723,10488.32,1978.241,5090.486,10775.23,2030.728,4998.464,10770.45,1981.396,5250.725,10827.12,2020.255,5182.181,10688.07,2016.508,5045.229,10965.88,1968.176,5113.655,10407.33,2008.945,5035.009,10873.04,1966.29,5259.072
10965.4,1975.98,5201.249,10813.01,1966.141,5343.596,10877.78,1955.12,5124.687,10180.33,1951.155,4895.783,10589.78,1976.812,5056.716,10780.73,1992.067,5095.495,10725.42,2014.702,5177.455,10489.49,1978.241,5088.112,10776.36,2030.728,4996.071,10771.25,1981.396,5248.203,10828.12,2020.255,5179.733,10689.51,2016.508,5043.011,10967.25,1968.176,5111.391,10408.67,2008.945,5032.728,10874.39,1966.29,5256.801
10966.02,1975.98,5198.671,10814.25,1966.141,5341.255,10879.24,1955.12,5122.476,10178.47,1951.155,4893.899,10591.64,1976.812,5054.83,10782.09,1992.067,5093.224,10726.71,2014.702,5175.14,10490.73,1978.241,5085.773,10777.57,2030.728,4993.713,10772.13,1981.396,5245.706,10829.21,2020.255,5177.317,10690.97,2016.508,5040.8,10968.6,1968.176,5109.113,10409.94,2008.945,5030.401,10875.68,1966.29,5254.483
10966.47,1975.98,5196.978,10815.02,1966.141,5339.68,10880.25,1955.12,5121.043,10177.19,1951.155,4892.693,10592.83,1976.812,5053.541,10782.95,1992.067,5091.692,10727.51,2014.702,5173.581,10491.61,1978.241,5084.253,10778.42,2030.728,4992.179,10772.77,1981.396,5244.072,10829.98,2020.255,5175.741,10691.88,2016.508,5039.299,10969.44,1968.176,5107.577,10410.73,2008.945,5028.833,10876.5,1966.29,5252.933
10967.31,1975.98,5194.221,10816.19,1966.141,5337.051,10881.89,1955.12,5118.672,10175.04,1951.155,4890.781,10594.71,1976.812,5051.361,10784.43,1992.067,5089.219,10728.75,2014.702,5170.978,10492.79,1978.241,5081.625,10779.46,2030.728,4989.493,10773.91,1981.396,5241.424,10831.33,2020.255,5173.196,10693.12,2016.508,5036.699,10970.75,1968.176,5105.01,10411.82,2008.945,5026.167,10877.76,1966.29,5250.343
10968.03,1975.98,5192.079,10817.19,1966.141,5335.02,10883.15,1955.12,5116.797,10173.3,1951.155,4889.336,10596.13,1976.812,5049.603,10785.52,1992.067,5087.243,10729.42,2014.702,5168.819,10493.57,1978.241,5079.506,10780.29,2030.728,4987.392,10774.62,1981.396,5239.279,10832.4,2020.255,5171.207,10694.15,2016.508,5034.691,10971.71,1968.176,5102.964,10412.37,2008.945,5023.975,10878.7,1966.29,5248.289
10968.88,1975.98,5189.799,10818.3,1966.141,5332.855,10884.48,1955.12,5114.766,10171.38,1951.155,4887.844,10597.6,1976.812,5047.662,10786.64,1992.067,5085.081,10730.22,2014.702,5166.522,10494.43,1978.241,5077.229,10781.26,2030.728,4985.162,10775.47,1981.396,5236.998,10833.49,2020.255,5169.031,10695.34,2016.508,5032.568,10972.67,1968.176,5100.731,10413.04,2008.945,5021.638,10879.65,1966.29,5246.048
10969.92,1975.98,5187.242,10819.48,1966.141,5330.357,10885.97,1955.12,5112.438,10169.14,1951.155,4886.222,10599.19,1976.812,5045.405,10787.83,1992.067,5082.588,10731.21,2014.702,5163.944,10495.48,1978.241,5074.676,10782.45,2030.728,4982.666,10776.2,1981.396,5234.335,10835.04,2020.255,5166.748,10696.76,2016.508,5030.2,10973.69,1968.176,5098.161,10413.55,2008.945,5018.923,10880.78,1966.29,5243.529
10970.73,1975.98,5185.413,10820.27,1966.141,5328.52,10886.99,1955.12,5110.717,10167.7,1951.155,4884.833,10600.29,1976.812,5043.731,10788.75,1992.067,5080.809,10731.88,2014.702,5162.055,10495.98,1978.241,5072.737,10783.37,2030.728,4980.886,10776.79,1981.396,5232.421,10836.12,2020.255,5165.056,10697.74,2016.508,5028.451,10974.48,1968.176,5096.323,10413.99,2008.945,5016.968,10881.71,1966.29,5241.755
10971.5,1975.98,5183.827,10821.12,1966.141,5326.973,10887.84,1955.12,5109.174,10166.39,1951.155,4883.652,10601.21,1976.812,5042.229,10789.6,1992.067,5079.27,10732.41,2014.702,5160.377,10496.48,1978.241,5071.046,10784.22,2030.728,4979.348,10777.36,1981.396,5230.753,10837.01,2020.255,5163.539,10698.55,2016.508,5026.885,10975.23,1968.176,5094.729,10414.12,2008.945,5015.211,10882.48,1966.29,5240.168
10973.08,1975.98,5180.821,10822.64,1966.141,5323.941,10889.39,1955.12,5106.15,10163.8,1951.155,4881.461,10602.88,1976.812,5039.276,10791.34,1992.067,5076.353,10733.35,2014.702,5157.115,10497.54,1978.241,5067.822,10785.94,2030.728,4976.417,10778.54,1981.396,5227.572,10838.74,2020.255,5160.618,10699.88,2016.508,5023.762,10976.78,1968.176,5091.708,10414.48,2008.945,5011.836,10883.75,1966.29,5237.02
10974.27,1975.98,5178.712,10823.66,1966.141,5321.743,10890.42,1955.12,5103.958,10161.9,1951.155,4879.959,10604.01,1976.812,5037.13,10792.51,1992.067,5074.233,10734.1,2014.702,5154.81,10498.37,1978.241,5065.546,10787.14,2030.728,4974.313,10779.46,1981.396,5225.33,10839.91,2020.255,5158.494,10700.9,2016.508,5021.564,10977.95,1968.176,5089.587,10414.82,2008.945,5009.438,10884.73,1966.29,5234.804
10974.91,1975.98,5177.664,10824.14,1966.141,5320.614,10890.9,1955.12,5102.832,10160.91,1951.155,4879.23,10604.54,1976.812,5036.026,10793.08,1992.067,5073.143,10734.47,2014.702,5153.643,10498.83,1978.241,5064.409,10787.71,2030.728,4973.228,10779.81,1981.396,5224.156,10840.49,2020.255,5157.417,10701.45,2016.508,5020.469,10978.58,1968.176,5088.534,10415.03,2008.945,5008.229,10885.22,1966.29,5233.682
10976.35,1975.98,5175.454,10825.1,1966.141,5318.15,10891.87,1955.12,5100.374,10158.99,1951.155,4877.414,10605.62,1976.812,5033.613,10794.22,1992.067,5070.763,10735.37,2014.702,5151.159,10499.9,1978.241,5061.993,10789.07,2030.728,4970.964,10780.66,1981.396,5221.653,10841.68,2020.255,5155.057,10702.71,2016.508,5018.149,10980,1968.176,5086.31,10415.57,2008.945,5005.644,10886.06,1966.29,5231.175
10977.87,1975.98,5173.287,10826.33,1966.141,5315.811,10892.88,1955.12,5097.927,10157.01,1951.155,4875.658,10606.61,1976.812,5031.16,10795.37,1992.067,5068.377,10736.35,2014.702,5148.701,10501.05,1978.241,5059.608,10790.57,2030.728,4968.783,10781.31,1981.396,5219.087,10842.79,2020.255,5152.655,10704.05,2016.508,5015.867,10981.36,1968.176,5084.036,10416.2,2008.945,5003.072,10886.97,1966.29,5228.692
10979.1,1975.98,5171.649,10827.23,1966.141,5313.97,10893.68,1955.12,5096.041,10155.45,1951.155,4874.341,10607.32,1976.812,5029.238,10796.23,1992.067,5066.525,10737.06,2014.702,5146.777,10502,1978.241,5057.792,10791.67,2030.728,4967.057,10781.86,1981.396,5217.116,10843.59,2020.255,5150.769,10705.14,2016.508,5014.133,10982.35,1968.176,5082.243,10416.75,2008.945,5001.098,10887.74,1966.29,5226.795
10980.98,1975.98,5169.305,10828.47,1966.141,5311.229,10894.86,1955.12,5093.282,10153.08,1951.155,4872.486,10608.26,1976.812,5026.385,10797.58,1992.067,5063.842,10738,2014.702,5143.926,10503.47,1978.241,5055.176,10793.21,2030.728,4964.474,10782.76,1981.396,5214.25,10844.67,2020.255,5147.965,10706.66,2016.508,5011.54,10983.72,1968.176,5079.568,10417.65,2008.945,4998.231,10888.75,1966.29,5223.962
10982.28,1975.98,5167.582,10829.28,1966.141,5309.236,10895.72,1955.12,5091.306,10151.45,1951.155,4871.078,10608.87,1976.812,5024.319,10798.61,1992.067,5061.948,10738.62,2014.702,5141.863,10504.59,1978.241,5053.336,10794.25,2030.728,4962.587,10783.47,1981.396,5212.215,10845.72,2020.255,5146.084,10707.69,2016.508,5009.646,10984.48,1968.176,5077.554,10418.36,2008.945,4996.198,10889.53,1966.29,5221.957
10983.26,1975.98,5166.182,10829.88,1966.141,5307.635,10896.44,1955.12,5089.759,10150.12,1951.155,4870.004,10609.3,1976.812,5022.665,10799.38,1992.067,5060.423,10739.07,2014.702,5140.212,10505.53,1978.241,5051.906,10795.29,2030.728,4961.231,10784.08,1981.396,5210.617,10846.51,2020.255,5144.565,10708.45,2016.508,5008.117,10985.14,1968.176,5075.977,10418.98,2008.945,4994.604,10890.17,1966.29,5220.37
10985.36,1975.98,5162.97,10831.11,1966.141,5304,10898.19,1955.12,5086.341,10147.06,1951.155,4867.691,10610.39,1976.812,5018.984,10801,1992.067,5056.945,10739.96,2014.702,5136.48,10507.53,1978.241,5048.63,10797.53,2030.728,4958.112,10785.54,1981.396,5207.071,10848.15,2020.255,5141.1,10710.07,2016.508,5004.639,10986.74,1968.176,5072.487,10420.47,2008.945,4991.07,10891.71,1966.29,5216.855
10985.97,1975.98,5161.968,10831.45,1966.141,5302.877,10898.72,1955.12,5085.295,10146.13,1951.155,4866.973,10610.76,1976.812,5017.871,10801.53,1992.067,5055.897,10740.27,2014.702,5135.349,10508.11,1978.241,5047.61,10798.18,2030.728,4957.137,10786.03,1981.396,5206.002,10848.62,2020.255,5140.024,10710.54,2016.508,5003.563,10987.26,1968.176,5071.437,10420.97,2008.945,4990.005,10892.21,1966.29,5215.797
10987.29,1975.98,5159.625,10832.15,1966.141,5300.277,10899.93,1955.12,5082.891,10144.11,1951.155,4865.193,10611.68,1976.812,5015.341,10802.81,1992.067,5053.53,10741.06,2014.702,5132.776,10509.36,1978.241,5045.227,10799.67,2030.728,4954.899,10787.21,1981.396,5203.585,10849.62,2020.255,5137.523,10711.54,2016.508,5001.064,10988.28,1968.176,5068.947,10422.17,2008.945,4987.598,10893.32,1966.29,5213.343
10988.16,1975.98,5157.966,10832.69,1966.141,5298.486,10900.82,1955.12,5081.246,10142.67,1951.155,4864.002,10612.37,1976.812,5013.603,10803.65,1992.067,5051.856,10741.67,2014.702,5131.007,10510.18,1978.241,5043.543,10800.66,2030.728,4953.31,10787.98,1981.396,5201.878,10850.25,2020.255,5135.762,10712.26,2016.508,4999.338,10988.93,1968.176,5067.188,10423.06,2008.945,4985.95,10894.15,1966.29,5211.663
10989.39,1975.98,5155.411,10833.6,1966.141,5295.799,10902.14,1955.12,5078.733,10140.42,1951.155,4862.27,10613.5,1976.812,5011,10804.84,1992.067,5049.284,10742.69,2014.702,5128.356,10511.34,1978.241,5040.954,10802.08,2030.728,4950.853,10789.31,1981.396,5199.374,10851.13,2020.255,5133.063,10713.4,2016.508,4996.741,10989.84,1968.176,5064.502,10424.48,2008.945,4983.497,10895.47,1966.29,5209.155
10990.15,1975.98,5153.702,10834.26,1966.141,5294.05,10902.95,1955.12,5077.051,10138.9,1951.155,4861.177,10614.3,1976.812,5009.309,10805.59,1992.067,5047.57,10743.41,2014.702,5126.633,10512.05,1978.241,5039.225,10803,2030.728,4949.225,10790.14,1981.396,5197.697,10851.65,2020.255,5131.267,10714.17,2016.508,4995.04,10990.5,1968.176,5062.753,10425.47,2008.945,4981.911,10896.33,1966.29,5207.492
10991.5,1975.98,5150.379,10835.61,1966.141,5290.729,10904.41,1955.12,5073.774,10135.93,1951.155,4859.178,10615.92,1976.812,5006.109,10807.08,1992.067,5044.313,10744.91,2014.702,5123.375,10513.3,1978.241,5035.866,10804.66,2030.728,4946.045,10791.62,1981.396,5194.429,10852.66,2020.255,5127.828,10715.7,2016.508,4991.798,10991.87,1968.176,5059.44,10427.46,2008.945,4978.929,10898.06,1966.29,5204.352
10992.09,1975.98,5148.768,10836.31,1966.141,5289.159,10905.05,1955.12,5072.183,10134.62,1951.155,4858.063,10616.74,1976.812,5004.6,10807.77,1992.067,5042.741,10745.69,2014.702,5121.848,10513.96,1978.241,5034.278,10805.4,2030.728,4944.497,10792.51,1981.396,5192.96,10853.2,2020.255,5126.198,10716.45,2016.508,4990.253,10992.58,1968.176,5057.875,10428.37,2008.945,4977.47,10898.92,1966.29,5202.867
10992.65,1975.98,5147.104,10837,1966.141,5287.545,10905.66,1955.12,5070.538,10133.25,1951.155,4856.971,10617.61,1976.812,5003.083,10808.55,1992.067,5041.183,10746.45,2014.702,5120.265,10514.68,1978.241,5032.68,10806.26,2030.728,4942.968,10793.36,1981.396,5191.431,10853.73,2020.255,5124.525,10717.23,2016.508,4988.685,10993.35,1968.176,5056.302,10429.25,2008.945,4975.952,10899.84,1966.29,5201.378
10993.5,1975.98,5144.225,10838.26,1966.141,5284.818,10906.61,1955.12,5067.687,10130.84,1951.155,4855.175,10619.19,1976.812,5000.527,10809.8,1992.067,5038.451,10747.65,2014.702,5117.511,10516,1978.241,5029.982,10807.94,2030.728,4940.479,10794.92,1981.396,5188.859,10854.72,2020.255,5121.689,10718.61,2016.508,4986.013,10994.76,1968.176,5053.65,10430.66,2008.945,4973.301,10901.35,1966.29,5198.776
10994.06,1975.98,5142.134,10839.18,1966.141,5282.86,10907.36,1955.12,5065.659,10129.06,1951.155,4853.938,10620.38,1976.812,4998.72,10810.91,1992.067,5036.597,10748.58,2014.702,5115.558,10517.02,1978.241,5028.073,10809.17,2030.728,4938.701,10795.97,1981.396,5186.972,10855.46,2020.255,5119.657,10719.54,2016.508,4984.062,10995.72,1968.176,5051.709,10431.81,2008.945,4971.468,10902.36,1966.29,5196.869
10994.42,1975.98,5140.58,10839.84,1966.141,5281.406,10907.96,1955.12,5064.18,10127.75,1951.155,4853.04,10621.21,1976.812,4997.358,10811.69,1992.067,5035.203,10749.31,2014.702,5114.14,10517.81,1978.241,5026.689,10810.04,2030.728,4937.359,10796.85,1981.396,5185.635,10856.06,2020.255,5118.176,10720.27,2016.508,4982.644,10996.37,1968.176,5050.254,10432.61,2008.945,4970.087,10903.17,1966.29,5195.493
10994.9,1975.98,5138.273,10840.88,1966.141,5279.293,10908.92,1955.12,5062.027,10125.78,1951.155,4851.741,10622.66,1976.812,4995.496,10812.77,1992.067,5033.109,10750.46,2014.702,5112.082,10519.05,1978.241,5024.685,10811.25,2030.728,4935.337,10798.24,1981.396,5183.731,10856.84,2020.255,5115.955,10721.42,2016.508,4980.587,10997.34,1968.176,5048.106,10433.93,2008.945,4968.136,10904.4,1966.29,5193.48
10995.48,1975.98,5135.449,10842.24,1966.141,5276.753,10910.17,1955.12,5059.433,10123.32,1951.155,4850.232,10624.35,1976.812,4993.161,10814.01,1992.067,5030.507,10752.04,2014.702,5109.673,10520.65,1978.241,5022.286,10812.65,2030.728,4932.818,10799.86,1981.396,5181.35,10857.9,2020.255,5113.271,10722.91,2016.508,4978.118,10998.44,1968.176,5045.442,10435.47,2008.945,4965.699,10905.82,1966.29,5190.971
10995.87,1975.98,5133.224,10843.24,1966.141,5274.726,10911.22,1955.12,5057.432,10121.48,1951.155,4848.933,10625.61,1976.812,4991.289,10815.05,1992.067,5028.501,10753.22,2014.702,5107.745,10521.65,1978.241,5020.258,10813.78,2030.728,4930.864,10801.07,1981.396,5179.442,10858.79,2020.255,5111.197,10724.01,2016.508,4976.146,10999.29,1968.176,5043.347,10436.49,2008.945,4963.684,10906.87,1966.29,5188.97
10996.21,1975.98,5130.81,10844.32,1966.141,5272.54,10912.42,1955.12,5055.308,10119.5,1951.155,4847.507,10626.91,1976.812,4989.224,10816.24,1992.067,5026.372,10754.49,2014.702,5105.662,10522.79,1978.241,5018.104,10815.19,2030.728,4928.872,10802.47,1981.396,5177.444,10859.83,2020.255,5108.989,10725.27,2016.508,4974.056,11000.29,1968.176,5041.125,10437.86,2008.945,4961.667,10908.04,1966.29,5186.833
10996.54,1975.98,5128.06,10845.63,1966.141,5270.099,10913.71,1955.12,5052.853,10117.25,1951.155,4845.879,10628.31,1976.812,4986.831,10817.32,1992.067,5023.82,10756.08,2014.702,5103.397,10524.17,1978.241,5015.7,10816.72,2030.728,4926.559,10803.98,1981.396,5175.123,10860.95,2020.255,5106.457,10726.77,2016.508,4971.73,11001.52,1968.176,5038.64,10439.35,2008.945,4959.326,10909.47,1966.29,5184.458
10996.82,1975.98,5126.073,10846.61,1966.141,5268.347,10914.58,1955.12,5051.046,10115.59,1951.155,4844.753,10629.26,1976.812,4985.066,10818.07,1992.067,5021.959,10757.18,2014.702,5101.72,10525.22,1978.241,5013.994,10817.91,2030.728,4924.947,10805.02,1981.396,5173.408,10861.64,2020.255,5104.573,10727.81,2016.508,4970.012,11002.47,1968.176,5036.87,10440.49,2008.945,4957.676,10910.5,1966.29,5182.737
10997.15,1975.98,5124.048,10847.63,1966.141,5266.567,10915.41,1955.12,5049.17,10113.87,1951.155,4843.633,10630.27,1976.812,4983.277,10818.9,1992.067,5020.082,10758.25,2014.702,5099.969,10526.25,1978.241,5012.213,10819.08,2030.728,4923.259,10806.26,1981.396,5171.773,10862.42,2020.255,5102.671,10728.81,2016.508,4968.22,11003.49,1968.176,5035.092,10441.6,2008.945,4955.95,10911.5,1966.29,5180.943
10997.7,1975.98,5121.092,10848.97,1966.141,5263.873,10916.72,1955.12,5046.463,10111.51,1951.155,4841.771,10631.77,1976.812,4980.67,10820.2,1992.067,5017.372,10759.97,2014.702,5097.497,10527.83,1978.241,5009.656,10820.71,2030.728,4920.731,10808,1981.396,5169.321,10863.63,2020.255,5099.922,10730.19,2016.508,4965.548,11004.91,1968.176,5032.439,10443.44,2008.945,4953.572,10912.87,1966.29,5178.269
10998.15,1975.98,5118.981,10849.99,1966.141,5261.972,10917.72,1955.12,5044.551,10109.77,1951.155,4840.492,10632.78,1976.812,4978.765,10821.2,1992.067,5015.459,10761.14,2014.702,5095.684,10529.02,1978.241,5007.858,10821.81,2030.728,4918.879,10809.31,1981.396,5167.603,10864.46,2020.255,5097.93,10731.24,2016.508,4963.664,11005.86,1968.176,5030.504,10444.7,2008.945,4951.822,10913.83,1966.29,5176.336
10998.52,1975.98,5117.421,10850.78,1966.141,5260.577,10918.51,1955.12,5043.153,10108.45,1951.155,4839.583,10633.58,1976.812,4977.374,10821.99,1992.067,5014.062,10762.09,2014.702,5094.396,10529.99,1978.241,5006.577,10822.59,2030.728,4917.477,10810.24,1981.396,5166.294,10865.13,2020.255,5096.469,10731.98,2016.508,4962.238,11006.53,1968.176,5029.044,10445.68,2008.945,4950.552,10914.67,1966.29,5174.967
10999.21,1975.98,5114.868,10852.16,1966.141,5258.321,10919.88,1955.12,5040.893,10106.34,1951.155,4837.993,10634.8,1976.812,4975.029,10823.43,1992.067,5011.844,10763.6,2014.702,5092.222,10531.51,1978.241,5004.413,10823.8,2030.728,4915.123,10811.7,1981.396,5164.089,10866.3,2020.255,5094.097,10732.94,2016.508,4959.775,11007.55,1968.176,5026.603,10447.23,2008.945,4948.406,10915.98,1966.29,5172.666
11000.08,1975.98,5111.99,10853.8,1966.141,5255.799,10921.36,1955.12,5038.275,10103.88,1951.155,4836.266,10636.22,1976.812,4972.379,10825.11,1992.067,5009.354,10765.23,2014.702,5089.698,10533.16,1978.241,5001.899,10825.23,2030.728,4912.479,10813.53,1981.396,5161.708,10867.72,2020.255,5091.448,10734.13,2016.508,4957.015,11008.79,1968.176,5023.868,10448.9,2008.945,4945.912,10917.48,1966.29,5170.064
11000.76,1975.98,5109.939,10855.03,1966.141,5254.024,10922.36,1955.12,5036.359,10102.07,1951.155,4835.081,10637.18,1976.812,4970.44,10826.4,1992.067,5007.614,10766.46,2014.702,5087.921,10534.28,1978.241,5000.052,10826.26,2030.728,4910.579,10814.8,1981.396,5159.952,10868.67,2020.255,5089.505,10735.05,2016.508,4955.058,11009.75,1968.176,5021.931,10450.2,2008.945,4944.177,10918.5,1966.29,5168.158
11001.33,1975.98,5108.377,10856.06,1966.141,5252.715,10923.08,1955.12,5034.86,10100.68,1951.155,4834.167,10637.96,1976.812,4968.974,10827.34,1992.067,5006.244,10767.37,2014.702,5086.524,10535.3,1978.241,4998.734,10827.1,2030.728,4909.144,10815.72,1981.396,5158.57,10869.45,2020.255,5088.035,10735.81,2016.508,4953.575,11010.54,1968.176,5020.465,10451.14,2008.945,4942.811,10919.34,1966.29,5166.718
11002.47,1975.98,5105.549,10857.86,1966.141,5250.255,10924.32,1955.12,5032.072,10098.08,1951.155,4832.574,10639.31,1976.812,4966.235,10828.99,1992.067,5003.679,10768.94,2014.702,5083.91,10537.08,1978.241,4996.259,10828.73,2030.728,4906.565,10817.34,1981.396,5155.982,10870.96,2020.255,5085.389,10737.28,2016.508,4950.904,11012.07,1968.176,5017.826,10452.97,2008.945,4940.364,10921.04,1966.29,5164.186
11003.14,1975.98,5104.028,10858.8,1966.141,5248.882,10924.94,1955.12,5030.532,10096.64,1951.155,4831.741,10640.09,1976.812,4964.768,10829.84,1992.067,5002.252,10769.84,2014.702,5082.514,10538,1978.241,4994.878,10829.76,2030.728,4905.257,10818.09,1981.396,5154.502,10871.71,2020.255,5083.902,10738.12,2016.508,4949.474,11012.95,1968.176,5016.416,10454,2008.945,4939.061,10921.92,1966.29,5162.776
11004.46,1975.98,5101.282,10860.43,1966.141,5246.315,10926.18,1955.12,5027.75,10093.96,1951.155,4830.303,10641.6,1976.812,4962.128,10831.32,1992.067,4999.592,10771.41,2014.702,5079.905,10539.62,1978.241,4992.297,10831.55,2030.728,4902.8,10819.5,1981.396,5151.802,10873.15,2020.255,5081.226,10739.76,2016.508,4946.907,11014.48,1968.176,5013.783,10456.09,2008.945,4936.85,10923.44,1966.29,5160.144
11005.24,1975.98,5099.762,10861.3,1966.141,5244.842,10926.92,1955.12,5026.208,10092.43,1951.155,4829.528,10642.5,1976.812,4960.673,10832.11,1992.067,4998.071,10772.24,2014.702,5078.41,10540.57,1978.241,4990.873,10832.52,2030.728,4901.387,10820.34,1981.396,5150.311,10874.01,2020.255,5079.743,10740.72,2016.508,4945.494,11015.29,1968.176,5012.276,10457.22,2008.945,4935.569,10924.26,1966.29,5158.641
11007.11,1975.98,5096.406,10863.5,1966.141,5241.688,10928.7,1955.12,5022.803,10089.06,1951.155,4827.678,10644.57,1976.812,4957.431,10833.76,1992.067,4994.6,10774,2014.702,5074.993,10542.38,1978.241,4987.484,10834.58,2030.728,4898.143,10821.64,1981.396,5146.696,10875.82,2020.255,5076.352,10742.99,2016.508,4942.391,11017,1968.176,5008.835,10459.68,2008.945,4932.61,10926.2,1966.29,5155.325
11007.72,1975.98,5095.397,10864.18,1966.141,5240.725,10929.28,1955.12,5021.778,10088.02,1951.155,4827.146,10645.17,1976.812,4956.419,10834.3,1992.067,4993.555,10774.5,2014.702,5073.93,10542.97,1978.241,4986.465,10835.18,2030.728,4897.13,10822.08,1981.396,5145.603,10876.39,2020.255,5075.328,10743.65,2016.508,4941.418,11017.49,1968.176,5007.766,10460.4,2008.945,4931.681,10926.77,1966.29,5154.294
11009.18,1975.98,5093.128,10865.69,1966.141,5238.487,10930.68,1955.12,5019.47,10085.56,1951.155,4826.016,10646.37,1976.812,4953.999,10835.38,1992.067,4991.08,10775.29,2014.702,5071.345,10544.39,1978.241,4984.172,10836.2,2030.728,4894.629,10823.01,1981.396,5143.068,10877.78,2020.255,5073.009,10745.1,2016.508,4939.138,11018.54,1968.176,5005.276,10461.98,2008.945,4929.493,10928,1966.29,5151.892
11010.63,1975.98,5091.036,10867.04,1966.141,5236.334,10931.93,1955.12,5017.254,10083.29,1951.155,4824.877,10647.47,1976.812,4951.709,10836.17,1992.067,4988.662,10775.93,2014.702,5068.883,10545.74,1978.241,4982.017,10837.23,2030.728,4892.307,10823.96,1981.396,5140.71,10879.01,2020.255,5070.782,10746.47,2016.508,4936.992,11019.6,1968.176,5002.965,10463.41,2008.945,4927.385,10929.02,1966.29,5149.562
11012.03,1975.98,5089.14,10868.23,1966.141,5234.299,10933.02,1955.12,5015.165,10081.19,1951.155,4823.811,10648.57,1976.812,4949.622,10836.92,1992.067,4986.428,10776.59,2014.702,5066.622,10546.93,1978.241,4979.979,10838.21,2030.728,4890.161,10824.92,1981.396,5138.554,10880.08,2020.255,5068.682,10747.67,2016.508,4934.962,11020.65,1968.176,5000.856,10464.97,2008.945,4925.624,10930.04,1966.29,5147.434
11013.28,1975.98,5087.57,10869.19,1966.141,5232.538,10933.89,1955.12,5013.361,10079.27,1951.155,4823.216,10649.56,1976.812,4947.88,10837.63,1992.067,4984.553,10777.22,2014.702,5064.72,10548,1978.241,4978.283,10838.98,2030.728,4888.313,10825.79,1981.396,5136.751,10880.93,2020.255,5066.87,10748.63,2016.508,4933.206,11021.61,1968.176,4999.095,10466.26,2008.945,4924.085,10930.68,1966.29,5145.538
11014.6,1975.98,5086.001,10870.11,1966.141,5230.701,10934.72,1955.12,5011.483,10077.33,1951.155,4822.543,10650.63,1976.812,4946.128,10838.41,1992.067,4982.654,10777.93,2014.702,5062.792,10549.14,1978.241,4976.58,10839.74,2030.728,4886.403,10826.63,1981.396,5134.876,10881.98,2020.255,5065.102,10749.56,2016.508,4931.373,11022.64,1968.176,4997.321,10467.52,2008.945,4922.465,10931.41,1966.29,5143.616
11016.38,1975.98,5084.024,10871.22,1966.141,5228.282,10935.88,1955.12,5009.085,10074.85,1951.155,4821.589,10651.95,1976.812,4943.813,10839.5,1992.067,4980.227,10778.93,2014.702,5060.325,10550.7,1978.241,4974.422,10840.8,2030.728,4883.961,10827.8,1981.396,5132.483,10883.26,2020.255,5062.768,10751.03,2016.508,4929.155,11023.91,1968.176,4994.98,10469.13,2008.945,4920.344,10932.43,1966.29,5141.157
11017.81,1975.98,5082.545,10872.02,1966.141,5226.39,10936.83,1955.12,5007.265,10072.96,1951.155,4820.791,10653.02,1976.812,4942.062,10840.41,1992.067,4978.384,10779.76,2014.702,5058.448,10552.06,1978.241,4972.878,10841.68,2030.728,4882.106,10828.89,1981.396,5130.745,10884.19,2020.255,5060.937,10752.11,2016.508,4927.408,11024.83,1968.176,4993.144,10470.4,2008.945,4918.732,10933.28,1966.29,5139.287
11019.82,1975.98,5080.312,10873.27,1966.141,5223.657,10938.31,1955.12,5004.645,10070.22,1951.155,4819.531,10654.67,1976.812,4939.549,10841.53,1992.067,4975.593,10780.67,2014.702,5055.579,10554.04,1978.241,4970.613,10843.05,2030.728,4879.432,10830.41,1981.396,5128.147,10885.6,2020.255,5058.283,10753.92,2016.508,4925.006,11026.26,1968.176,4990.5,10472.34,2008.945,4916.435,10934.61,1966.29,5136.59
11021.22,1975.98,5078.66,10874.24,1966.141,5221.722,10939.43,1955.12,5002.795,10068.29,1951.155,4818.561,10655.92,1976.812,4937.781,10842.4,1992.067,4973.612,10781.38,2014.702,5053.538,10555.41,1978.241,4968.938,10844.11,2030.728,4877.542,10831.58,1981.396,5126.33,10886.67,2020.255,5056.402,10755.16,2016.508,4923.238,11027.36,1968.176,4988.632,10473.79,2008.945,4914.828,10935.42,1966.29,5134.586
11022.25,1975.98,5077.357,10874.78,1966.141,5220.151,10940.34,1955.12,5001.404,10066.83,1951.155,4817.769,10656.92,1976.812,4936.457,10843.04,1992.067,4972.079,10781.98,2014.702,5051.99,10556.41,1978.241,4967.62,10844.87,2030.728,4876.065,10832.43,1981.396,5124.907,10887.49,2020.255,5054.956,10756.08,2016.508,4921.85,11028.24,1968.176,4987.227,10474.86,2008.945,4913.56,10936.1,1966.29,5133.07
11024.18,1975.98,5074.744,10875.9,1966.141,5217.1,10942.02,1955.12,4998.625,10063.95,1951.155,4816.271,10658.98,1976.812,4933.94,10844.38,1992.067,4969.117,10783.03,2014.702,5048.913,10558.29,1978.241,4964.966,10845.91,2030.728,4872.988,10834.1,1981.396,5122.118,10889.01,2020.255,5052.088,10757.77,2016.508,4919.076,11030.06,1968.176,4984.533,10477.05,2008.945,4911.156,10937.36,1966.29,5130.073
11025.5,1975.98,5072.834,10876.73,1966.141,5214.933,10943.23,1955.12,4996.645,10061.76,1951.155,4815.487,10660.38,1976.812,4932.096,10845.4,1992.067,4967.033,10783.77,2014.702,5046.711,10559.69,1978.241,4963.116,10846.73,2030.728,4870.816,10835.23,1981.396,5120.088,10890.04,2020.255,5050.005,10758.91,2016.508,4917.057,11031.29,1968.176,4982.568,10478.57,2008.945,4909.4,10938.32,1966.29,5127.962
11026.35,1975.98,5071.513,10877.32,1966.141,5213.478,10944.04,1955.12,4995.301,10060.3,1951.155,4814.908,10661.31,1976.812,4930.825,10846.13,1992.067,4965.643,10784.31,2014.702,5045.238,10560.61,1978.241,4961.838,10847.33,2030.728,4869.364,10835.94,1981.396,5118.69,10890.85,2020.255,5048.661,10759.64,2016.508,4915.665,11032.02,1968.176,4981.176,10479.56,2008.945,4908.179,10938.96,1966.29,5126.525
11027.53,1975.98,5069.545,10878.26,1966.141,5211.384,10945.23,1955.12,4993.339,10058.16,1951.155,4814.085,10662.82,1976.812,4929.103,10847.26,1992.067,4963.647,10785.18,2014.702,5043.115,10561.92,1978.241,4959.955,10848.28,2030.728,4867.275,10836.92,1981.396,5116.615,10892.01,2020.255,5046.679,10760.77,2016.508,4913.669,11033.15,1968.176,4979.181,10481.08,2008.945,4906.462,10939.82,1966.29,5124.398
11029.01,1975.98,5066.878,10879.41,1966.141,5208.56,10946.8,1955.12,4990.729,10055.32,1951.155,4812.976,10664.76,1976.812,4926.749,10848.84,1992.067,4961.038,10786.43,2014.702,5040.331,10563.74,1978.241,4957.508,10849.63,2030.728,4864.54,10838.13,1981.396,5113.815,10893.46,2020.255,5043.996,10762.36,2016.508,4911.062,11034.75,1968.176,4976.578,10483.11,2008.945,4904.192,10941.05,1966.29,5121.608
11029.74,1975.98,5065.45,10879.96,1966.141,5207.049,10947.63,1955.12,4989.354,10053.84,1951.155,4812.343,10665.74,1976.812,4925.476,10849.71,1992.067,4959.688,10787.13,2014.702,5038.887,10564.71,1978.241,4956.225,10850.39,2030.728,4863.123,10838.6,1981.396,5112.279,10894.18,2020.255,5042.558,10763.13,2016.508,4909.651,11035.69,1968.176,4975.276,10484.15,2008.945,4902.962,10941.75,1966.29,5120.16
11031,1975.98,5062.792,10881.05,1966.141,5204.32,10949.16,1955.12,4986.842,10051.18,1951.155,4811.096,10667.46,1976.812,4923.088,10851.35,1992.067,4957.246,10788.33,2014.702,5036.202,10566.09,1978.241,4953.628,10851.69,2030.728,4860.485,10839.56,1981.396,5109.496,10895.4,2020.255,5039.884,10764.37,2016.508,4906.987,11037.33,1968.176,4972.839,10486.13,2008.945,4900.791,10942.94,1966.29,5117.47
11032.26,1975.98,5059.916,10882.13,1966.141,5201.37,10950.78,1955.12,4984.159,10048.32,1951.155,4809.791,10669.21,1976.812,4920.482,10853.15,1992.067,4954.678,10789.4,2014.702,5033.25,10567.65,1978.241,4950.907,10853.17,2030.728,4857.717,10840.56,1981.396,5106.524,10896.8,2020.255,5037.076,10765.79,2016.508,4904.189,11039,1968.176,4970.183,10488.17,2008.945,4898.405,10944.36,1966.29,5114.671
11032.7,1975.98,5058.821,10882.4,1966.141,5200.224,10951.39,1955.12,4983.15,10047.27,1951.155,4809.266,10669.83,1976.812,4919.482,10853.79,1992.067,4953.692,10789.83,2014.702,5032.155,10568.18,1978.241,4949.855,10853.76,2030.728,4856.697,10840.94,1981.396,5105.409,10897.36,2020.255,5036.037,10766.36,2016.508,4903.157,11039.6,1968.176,4969.165,10488.91,2008.945,4897.485,10944.86,1966.29,5113.603
11033.75,1975.98,5055.92,10883.21,1966.141,5197.248,10952.98,1955.12,4980.506,10044.41,1951.155,4808.101,10671.38,1976.812,4916.813,10855.38,1992.067,4951.049,10791.07,2014.702,5029.328,10569.66,1978.241,4947.147,10855.25,2030.728,4853.998,10842.03,1981.396,5102.521,10898.72,2020.255,5033.27,10767.86,2016.508,4900.46,11041.23,1968.176,4966.543,10490.75,2008.945,4895.015,10946.37,1966.29,5110.917
11034.24,1975.98,5054.427,10883.68,1966.141,5195.746,10953.78,1955.12,4979.157,10042.94,1951.155,4807.55,10672.25,1976.812,4915.5,10856.23,1992.067,4949.727,10791.55,2014.702,5027.831,10570.38,1978.241,4945.754,10855.78,2030.728,4852.517,10842.51,1981.396,5101.024,10899.36,2020.255,5031.834,10768.4,2016.508,4898.983,11042.06,1968.176,4965.212,10491.65,2008.945,4893.726,10947.1,1966.29,5109.523
11035.3,1975.98,5051.471,10884.7,1966.141,5192.775,10955.38,1955.12,4976.453,10040.03,1951.155,4806.354,10673.89,1976.812,4912.818,10857.94,1992.067,4947.088,10792.61,2014.702,5024.871,10571.93,1978.241,4943.016,10856.93,2030.728,4849.591,10843.23,1981.396,5097.965,10900.55,2020.255,5028.922,10769.57,2016.508,4896.065,11043.65,1968.176,4962.498,10493.42,2008.945,4891.128,10948.46,1966.29,5106.69
11035.88,1975.98,5050.011,10885.4,1966.141,5191.369,10956.17,1955.12,4975.096,10038.6,1951.155,4805.708,10674.76,1976.812,4911.515,10858.8,1992.067,4945.777,10793.18,2014.702,5023.41,10572.74,1978.241,4941.673,10857.55,2030.728,4848.148,10843.64,1981.396,5096.449,10901.09,2020.255,5027.449,10770.08,2016.508,4894.579,11044.4,1968.176,4961.117,10494.27,2008.945,4889.802,10949.1,1966.29,5105.253
11038.24,1975.98,5044.576,10887.87,1966.141,5185.982,10959.1,1955.12,4969.949,10033.28,1951.155,4803.11,10677.9,1976.812,4906.49,10862.04,1992.067,4940.819,10795.54,2014.702,5017.974,10575.42,1978.241,4936.387,10859.75,2030.728,4842.648,10845.11,1981.396,5090.708,10902.96,2020.255,5021.827,10772.17,2016.508,4889.036,11047.05,1968.176,4955.821,10497.28,2008.945,4884.698,10951.33,1966.29,5099.766
11038.41,1975.98,5044.22,10888.02,1966.141,5185.62,10959.31,1955.12,4969.613,10032.93,1951.155,4802.926,10678.1,1976.812,4906.152,10862.25,1992.067,4940.483,10795.68,2014.702,5017.608,10575.61,1978.241,4936.042,10859.9,2030.728,4842.284,10845.22,1981.396,5090.33,10903.1,2020.255,5021.458,10772.32,2016.508,4888.671,11047.22,1968.176,4955.464,10497.46,2008.945,4884.354,10951.47,1966.29,5099.397
11038.59,1975.98,5043.87,10888.16,1966.141,5185.252,10959.5,1955.12,4969.271,10032.59,1951.155,4802.731,10678.29,1976.812,4905.808,10862.44,1992.067,4940.141,10795.84,2014.702,5017.247,10575.81,1978.241,4935.704,10860.06,2030.728,4841.924,10845.34,1981.396,5089.957,10903.22,2020.255,5021.084,10772.46,2016.508,4888.307,11047.39,1968.176,4955.113,10497.64,2008.945,4884.002,10951.54,1966.29,5099.011
11040.3,1975.98,5040.764,10889.32,1966.141,5181.897,10961.15,1955.12,4966.133,10029.45,1951.155,4801.072,10679.9,1976.812,4902.646,10864.1,1992.067,4937.004,10797.71,2014.702,5014.233,10577.89,1978.241,4932.832,10861.47,2030.728,4838.668,10846.41,1981.396,5086.575,10904.26,2020.255,5017.693,10773.9,2016.508,4885.065,11049.09,1968.176,4951.996,10499.34,2008.945,4880.89,10952.34,1966.29,5095.555
11041.49,1975.98,5038.766,10890,1966.141,5179.676,10962.3,1955.12,4964.112,10027.43,1951.155,4799.918,10681.02,1976.812,4900.61,10865.34,1992.067,4935.042,10798.87,2014.702,5012.219,10579.19,1978.241,4930.906,10862.46,2030.728,4836.566,10847.19,1981.396,5084.383,10905.01,2020.255,5015.495,10774.65,2016.508,4882.865,11050.13,1968.176,4949.92,10500.39,2008.945,4878.815,10952.94,1966.29,5093.308
11042.34,1975.98,5037.44,10890.42,1966.141,5178.16,10963.03,1955.12,4962.72,10026.1,1951.155,4799.092,10681.75,1976.812,4899.213,10866.14,1992.067,4933.688,10799.61,2014.702,5010.832,10580.03,1978.241,4929.575,10863.18,2030.728,4835.166,10847.76,1981.396,5082.918,10905.57,2020.255,5014.025,10775.21,2016.508,4881.395,11050.88,1968.176,4948.539,10501.15,2008.945,4877.436,10953.39,1966.29,5091.802
11043.63,1975.98,5035.547,10891.1,1966.141,5175.97,10964.04,1955.12,4960.657,10024.22,1951.155,4797.772,10682.98,1976.812,4897.277,10867.24,1992.067,4931.675,10800.62,2014.702,5008.773,10581.19,1978.241,4927.594,10864.41,2030.728,4833.235,10848.68,1981.396,5080.817,10906.46,2020.255,5011.909,10776.09,2016.508,4879.277,11052.04,1968.176,4946.56,10502.31,2008.945,4875.461,10954.13,1966.29,5089.628
11045.44,1975.98,5033.083,10892.02,1966.141,5173.054,10965.46,1955.12,4957.952,10021.66,1951.155,4796.098,10684.53,1976.812,4894.645,10868.62,1992.067,4928.946,10801.88,2014.702,5005.988,10582.82,1978.241,4925.007,10865.98,2030.728,4830.61,10849.81,1981.396,5077.979,10907.7,2020.255,5009.115,10777.17,2016.508,4876.417,11053.51,1968.176,4943.876,10503.78,2008.945,4872.78,10955.2,1966.29,5086.766
11046.47,1975.98,5031.773,10892.57,1966.141,5171.484,10966.28,1955.12,4956.506,10020.32,1951.155,4795.109,10685.33,1976.812,4893.186,10869.32,1992.067,4927.438,10802.67,2014.702,5004.523,10583.66,1978.241,4923.571,10866.78,2030.728,4829.154,10850.38,1981.396,5076.415,10908.3,2020.255,5007.564,10777.8,2016.508,4874.879,11054.26,1968.176,4942.391,10504.63,2008.945,4871.348,10955.68,1966.29,5085.174
11048.38,1975.98,5029.156,10893.86,1966.141,5168.509,10967.97,1955.12,4953.736,10017.65,1951.155,4793.267,10686.89,1976.812,4890.344,10870.6,1992.067,4924.455,10804.11,2014.702,5001.615,10585.24,1978.241,4920.741,10868.53,2030.728,4826.421,10851.58,1981.396,5073.401,10909.44,2020.255,5004.526,10779.14,2016.508,4871.922,11055.73,1968.176,4939.5,10506.54,2008.945,4868.729,10956.73,1966.29,5082.103
11049.72,1975.98,5027.207,10895,1966.141,5166.442,10969.13,1955.12,4951.682,10015.67,1951.155,4791.985,10688.26,1976.812,4888.417,10871.49,1992.067,4922.268,10805.09,2014.702,4999.466,10586.12,1978.241,4918.547,10869.84,2030.728,4824.454,10852.22,1981.396,5071.126,10910.3,2020.255,5002.329,10780.18,2016.508,4869.803,11056.87,1968.176,4937.434,10507.88,2008.945,4866.78,10957.54,1966.29,5079.886
11050.99,1975.98,5025.217,10896.07,1966.141,5164.34,10970.23,1955.12,4949.593,10013.67,1951.155,4790.738,10689.56,1976.812,4886.448,10872.44,1992.067,4920.108,10806.23,2014.702,4997.403,10587.06,1978.241,4916.384,10871.08,2030.728,4822.446,10852.91,1981.396,5068.87,10911.24,2020.255,5000.163,10781.29,2016.508,4867.72,11058.08,1968.176,4935.405,10509.14,2008.945,4864.789,10958.42,1966.29,5077.698
11051.85,1975.98,5023.76,10896.79,1966.141,5162.806,10970.97,1955.12,4948.068,10012.2,1951.155,4789.891,10690.45,1976.812,4885.004,10873.17,1992.067,4918.58,10807.01,2014.702,4995.895,10587.79,1978.241,4914.854,10872.03,2030.728,4821.042,10853.45,1981.396,5067.266,10911.65,2020.255,4998.518,10781.93,2016.508,4866.15,11058.99,1968.176,4933.978,10510,2008.945,4863.33,10959.11,1966.29,5076.149
11053.22,1975.98,5021.267,10898.19,1966.141,5160.327,10972.2,1955.12,4945.503,10009.69,1951.155,4788.549,10691.85,1976.812,4882.532,10874.51,1992.067,4916.083,10808.22,2014.702,4993.322,10588.97,1978.241,4912.268,10873.54,2030.728,4818.632,10854.39,1981.396,5064.579,10912.42,2020.255,4995.781,10783.09,2016.508,4863.552,11060.62,1968.176,4931.649,10511.37,2008.945,4860.835,10960.18,1966.29,5073.512
11054.37,1975.98,5019.001,10899.36,1966.141,5158.072,10973.29,1955.12,4943.211,10007.51,1951.155,4787.244,10693.04,1976.812,4880.284,10875.65,1992.067,4913.81,10809.37,2014.702,4991.052,10590.11,1978.241,4909.992,10874.82,2030.728,4816.436,10855.2,1981.396,5062.171,10913.19,2020.255,4993.358,10784.19,2016.508,4861.264,11062.02,1968.176,4929.521,10512.58,2008.945,4858.597,10961.01,1966.29,5071.109
11055.27,1975.98,5017.379,10900.16,1966.141,5156.402,10974.09,1955.12,4941.542,10005.89,1951.155,4786.346,10693.85,1976.812,4878.619,10876.59,1992.067,4912.22,10810.14,2014.702,4989.373,10590.85,1978.241,4908.298,10875.81,2030.728,4814.874,10855.66,1981.396,5060.376,10913.64,2020.255,4991.561,10785.05,2016.508,4859.625,11062.98,1968.176,4927.94,10513.4,2008.945,4856.939,10961.66,1966.29,5069.378
11056.52,1975.98,5015.268,10901.21,1966.141,5154.184,10975.14,1955.12,4939.324,10003.71,1951.155,4785.227,10695.01,1976.812,4876.457,10877.78,1992.067,4910.072,10811.1,2014.702,4987.115,10591.84,1978.241,4906.05,10877.06,2030.728,4812.762,10856.34,1981.396,5058.019,10914.3,2020.255,4989.199,10786.26,2016.508,4857.49,11064.19,1968.176,4925.805,10514.49,2008.945,4854.74,10962.67,1966.29,5067.142
11057.73,1975.98,5013.353,10902.11,1966.141,5152.101,10976.09,1955.12,4937.266,10001.66,1951.155,4784.257,10696.02,1976.812,4874.423,10878.88,1992.067,4908.086,10812.02,2014.702,4985.038,10592.56,1978.241,4903.898,10878.15,2030.728,4810.771,10857.04,1981.396,5055.86,10914.91,2020.255,4987.013,10787.44,2016.508,4855.552,11065.24,1968.176,4923.795,10515.43,2008.945,4852.673,10963.54,1966.29,5065.043
11058.71,1975.98,5011.696,10902.82,1966.141,5150.311,10976.89,1955.12,4935.515,9999.899,1951.155,4783.467,10696.95,1976.812,4872.741,10879.76,1992.067,4906.374,10812.74,2014.702,4983.252,10593.23,1978.241,4902.094,10879.13,2030.728,4809.114,10857.54,1981.396,5054,10915.49,2020.255,4985.176,10788.5,2016.508,4853.94,11065.96,1968.176,4922.008,10516.17,2008.945,4850.895,10964.29,1966.29,5063.273
11060.22,1975.98,5008.961,10904.35,1966.141,5147.589,10978.27,1955.12,4932.718,9997.031,1951.155,4782.239,10698.38,1976.812,4869.967,10881.09,1992.067,4903.554,10813.82,2014.702,4980.324,10594.42,1978.241,4899.208,10880.83,2030.728,4806.496,10858.43,1981.396,5051.012,10916.52,2020.255,4982.232,10790.29,2016.508,4851.383,11067.13,1968.176,4919.118,10517.27,2008.945,4847.975,10965.43,1966.29,5060.369
11061.07,1975.98,5007.289,10905.21,1966.141,5145.925,10979.16,1955.12,4931.064,9995.333,1951.155,4781.445,10699.19,1976.812,4868.273,10881.95,1992.067,4901.886,10814.41,2014.702,4978.547,10595.18,1978.241,4897.497,10881.82,2030.728,4804.902,10859.02,1981.396,5049.232,10917.14,2020.255,4980.461,10791.31,2016.508,4849.812,11067.9,1968.176,4917.406,10517.99,2008.945,4846.243,10966.08,1966.29,5058.609
11062.27,1975.98,5004.711,10906.44,1966.141,5143.358,10980.47,1955.12,4928.54,9992.795,1951.155,4780.156,10700.32,1976.812,4865.663,10883.33,1992.067,4899.396,10815.24,2014.702,4975.823,10596.43,1978.241,4894.94,10883.24,2030.728,4802.435,10860,1981.396,5046.558,10918.15,2020.255,4977.802,10793.05,2016.508,4847.56,11068.76,1968.176,4914.693,10519.16,2008.945,4843.651,10967,1966.29,5055.917
11063.01,1975.98,5002.988,10907.2,1966.141,5141.642,10981.38,1955.12,4926.904,9991.028,1951.155,4779.529,10701.12,1976.812,4863.969,10884.18,1992.067,4897.727,10815.84,2014.702,4974.048,10597.2,1978.241,4893.23,10884.23,2030.728,4800.841,10860.7,1981.396,5044.819,10918.88,2020.255,4976.073,10794.15,2016.508,4846.041,11069.29,1968.176,4912.895,10519.91,2008.945,4841.934,10967.57,1966.29,5054.133
11064.05,1975.98,5000.335,10908.26,1966.141,5138.999,10982.7,1955.12,4924.375,9988.376,1951.155,4778.49,10702.43,1976.812,4861.437,10885.56,1992.067,4895.231,10816.85,2014.702,4971.382,10598.28,1978.241,4890.595,10886.06,2030.728,4798.661,10861.84,1981.396,5042.21,10919.53,2020.255,4973.3,10795.87,2016.508,4843.771,11070.18,1968.176,4910.189,10521.07,2008.945,4839.33,10968.41,1966.29,5051.412
11064.9,1975.98,4997.94,10909.13,1966.141,5136.611,10983.79,1955.12,4922.083,9986.042,1951.155,4777.485,10703.52,1976.812,4859.141,10886.71,1992.067,4892.969,10817.58,2014.702,4968.951,10599.33,1978.241,4888.277,10887.63,2030.728,4796.664,10862.94,1981.396,5039.918,10920.18,2020.255,4970.845,10797.34,2016.508,4841.697,11071.05,1968.176,4907.802,10522.02,2008.945,4836.975,10969.1,1966.29,5048.965
11065.46,1975.98,4996.176,10909.71,1966.141,5134.852,10984.54,1955.12,4920.388,9984.313,1951.155,4776.821,10704.25,1976.812,4857.442,10887.51,1992.067,4891.295,10818.18,2014.702,4967.197,10600.14,1978.241,4886.613,10888.81,2030.728,4795.239,10863.78,1981.396,5038.271,10920.71,2020.255,4969.07,10798.36,2016.508,4840.152,11071.74,1968.176,4906.083,10522.77,2008.945,4835.282,10969.66,1966.29,5047.2
11065.98,1975.98,4994.325,10910.25,1966.141,5133.006,10985.25,1955.12,4918.603,9982.541,1951.155,4776.073,10704.96,1976.812,4855.654,10888.28,1992.067,4889.534,10818.85,2014.702,4965.395,10601.04,1978.241,4884.914,10889.99,2030.728,4793.72,10864.71,1981.396,5036.586,10921.31,2020.255,4967.243,10799.37,2016.508,4838.513,11072.51,1968.176,4904.323,10523.42,2008.945,4833.469,10970.3,1966.29,5045.386
11066.74,1975.98,4991.293,10911.22,1966.141,5130.038,10986.33,1955.12,4915.667,9979.648,1951.155,4774.892,10706.16,1976.812,4852.77,10889.45,1992.067,4886.637,10820.04,2014.702,4962.505,10602.41,1978.241,4882.107,10891.83,2030.728,4791.19,10866.13,1981.396,5033.801,10922.38,2020.255,4964.306,10800.91,2016.508,4835.799,11073.86,1968.176,4901.505,10524.46,2008.945,4830.524,10971.43,1966.29,5042.474
11067.13,1975.98,4989.46,10911.87,1966.141,5128.277,10986.91,1955.12,4913.886,9977.937,1951.155,4774.126,10706.94,1976.812,4851.063,10890.1,1992.067,4884.877,10820.81,2014.702,4960.795,10603.18,1978.241,4880.396,10892.88,2030.728,4789.637,10866.92,1981.396,5032.103,10923.07,2020.255,4962.562,10801.91,2016.508,4834.211,11074.73,1968.176,4899.841,10525,2008.945,4828.729,10972.17,1966.29,5040.75
11067.64,1975.98,4986.658,10912.93,1966.141,5125.635,10987.71,1955.12,4911.152,9975.376,1951.155,4772.878,10707.88,1976.812,4848.375,10891,1992.067,4882.178,10821.89,2014.702,4958.161,10604.26,1978.241,4877.761,10894.4,2030.728,4787.227,10868.04,1981.396,5029.485,10924.19,2020.255,4959.945,10803.5,2016.508,4831.845,11076.12,1968.176,4897.356,10525.91,2008.945,4826.03,10973.37,1966.29,5038.168
11068.03,1975.98,4984.146,10913.96,1966.141,5123.311,10988.5,1955.12,4908.738,9973.031,1951.155,4771.899,10708.8,1976.812,4846.005,10891.74,1992.067,4879.747,10822.78,2014.702,4955.78,10605.15,1978.241,4875.38,10895.68,2030.728,4785.034,10869.09,1981.396,5027.169,10925.26,2020.255,4957.642,10804.84,2016.508,4829.688,11077.29,1968.176,4895.1,10526.8,2008.945,4823.65,10974.37,1966.29,5035.831
11068.34,1975.98,4982.323,10914.91,1966.141,5121.722,10989.14,1955.12,4906.999,9971.348,1951.155,4771.13,10709.34,1976.812,4844.234,10892.23,1992.067,4877.961,10823.49,2014.702,4954.068,10605.74,1978.241,4873.625,10896.59,2030.728,4783.421,10869.8,1981.396,5025.459,10926.09,2020.255,4955.988,10805.77,2016.508,4828.087,11078.09,1968.176,4893.431,10527.42,2008.945,4821.903,10975.11,1966.29,5034.136
11068.8,1975.98,4979.914,10916.1,1966.141,5119.575,10990.05,1955.12,4904.722,9969.15,1951.155,4770.039,10709.97,1976.812,4841.863,10892.8,1992.067,4875.577,10824.36,2014.702,4951.774,10606.53,1978.241,4871.304,10897.72,2030.728,4781.246,10870.81,1981.396,5023.224,10927.26,2020.255,4953.83,10806.93,2016.508,4825.925,11079.08,1968.176,4891.186,10528.15,2008.945,4819.563,10976.32,1966.29,5032.003
11069.27,1975.98,4977.696,10917.13,1966.141,5117.557,10990.91,1955.12,4902.625,9967.006,1951.155,4769.302,10710.62,1976.812,4839.691,10893.41,1992.067,4873.391,10825.23,2014.702,4949.681,10607.2,1978.241,4869.136,10898.7,2030.728,4779.203,10871.53,1981.396,5021.076,10928.27,2020.255,4951.802,10807.93,2016.508,4823.893,11079.92,1968.176,4889.083,10528.9,2008.945,4817.423,10977.38,1966.29,5029.998
11069.71,1975.98,4975.823,10918.07,1966.141,5115.874,10991.64,1955.12,4900.845,9965.206,1951.155,4768.618,10711.23,1976.812,4837.867,10893.98,1992.067,4871.552,10826.19,2014.702,4948.016,10607.68,1978.241,4867.273,10899.48,2030.728,4777.441,10872.21,1981.396,5019.272,10929.08,2020.255,4950.052,10808.73,2016.508,4822.141,11080.59,1968.176,4887.276,10529.48,2008.945,4815.586,10978.33,1966.29,5028.324
11070.51,1975.98,4972.8,10919.5,1966.141,5113.094,10992.83,1955.12,4897.954,9962.321,1951.155,4767.411,10712.33,1976.812,4834.937,10895,1992.067,4868.597,10827.75,2014.702,4945.305,10608.32,1978.241,4864.211,10900.65,2030.728,4774.54,10873.4,1981.396,5016.381,10930.76,2020.255,4947.418,10810.18,2016.508,4819.368,11081.58,1968.176,4884.31,10530.57,2008.945,4812.656,10979.82,1966.29,5025.572
11071.6,1975.98,4969.081,10921.16,1966.141,5109.594,10994.32,1955.12,4894.377,9958.645,1951.155,4766.185,10713.56,1976.812,4831.264,10896.38,1992.067,4864.977,10829.58,2014.702,4941.885,10609.22,1978.241,4860.443,10902.21,2030.728,4770.993,10874.99,1981.396,5012.848,10932.75,2020.255,4944.087,10811.85,2016.508,4815.874,11082.69,1968.176,4880.598,10531.81,2008.945,4808.983,10981.87,1966.29,5022.286
11072.12,1975.98,4967.472,10921.84,1966.141,5108.043,10994.97,1955.12,4892.817,9957.044,1951.155,4765.637,10714.05,1976.812,4829.644,10897.04,1992.067,4863.417,10830.32,2014.702,4940.366,10609.67,1978.241,4858.812,10902.95,2030.728,4769.47,10875.74,1981.396,5011.329,10933.56,2020.255,4942.606,10812.63,2016.508,4814.373,11083.13,1968.176,4878.965,10532.29,2008.945,4807.363,10982.72,1966.29,5020.823
11072.28,1975.98,4967.029,10922.01,1966.141,5107.605,10995.15,1955.12,4892.382,9956.604,1951.155,4765.47,10714.17,1976.812,4829.188,10897.23,1992.067,4862.989,10830.51,2014.702,4939.937,10609.81,1978.241,4858.362,10903.15,2030.728,4769.047,10875.96,1981.396,5010.913,10933.78,2020.255,4942.187,10812.88,2016.508,4813.969,11083.25,1968.176,4878.509,10532.45,2008.945,4806.919,10982.95,1966.29,5020.409
11073.52,1975.98,4963.874,10923.17,1966.141,5104.419,10996.43,1955.12,4889.245,9953.477,1951.155,4764.164,10714.93,1976.812,4825.886,10898.74,1992.067,4859.952,10831.88,2014.702,4936.835,10610.92,1978.241,4855.161,10904.59,2030.728,4765.978,10877.64,1981.396,5007.972,10935.21,2020.255,4939.118,10814.52,2016.508,4811.003,11084.02,1968.176,4875.209,10533.63,2008.945,4803.74,10984.46,1966.29,5017.374
11074.17,1975.98,4962.343,10923.78,1966.141,5102.873,10997,1955.12,4887.683,9951.962,1951.155,4763.472,10715.3,1976.812,4824.263,10899.52,1992.067,4858.482,10832.6,2014.702,4935.333,10611.52,1978.241,4853.606,10905.22,2030.728,4764.438,10878.51,1981.396,5006.554,10935.73,2020.255,4937.534,10815.28,2016.508,4809.522,11084.46,1968.176,4873.601,10534.24,2008.945,4802.193,10985.15,1966.29,5015.859
11075.54,1975.98,4959.403,10925.09,1966.141,5099.902,10998.03,1955.12,4884.606,9949.04,1951.155,4762.064,10716.12,1976.812,4821.125,10901.13,1992.067,4855.666,10833.56,2014.702,4932.234,10612.58,1978.241,4850.542,10906.55,2030.728,4761.48,10880.25,1981.396,5003.816,10936.72,2020.255,4934.446,10816.67,2016.508,4806.595,11085.4,1968.176,4870.498,10535.54,2008.945,4799.223,10986.4,1966.29,5012.868
11076.6,1975.98,4957.297,10926.1,1966.141,5097.773,10998.7,1955.12,4882.345,9946.949,1951.155,4760.971,10716.79,1976.812,4818.862,10902.23,1992.067,4853.579,10834.33,2014.702,4930.004,10613.28,1978.241,4848.289,10907.59,2030.728,4759.362,10881.45,1981.396,5001.784,10937.43,2020.255,4932.197,10817.63,2016.508,4804.437,11086.16,1968.176,4868.264,10536.42,2008.945,4797.032,10987.24,1966.29,5010.662
11077.73,1975.98,4955.229,10927.23,1966.141,5095.702,10999.3,1955.12,4880.066,9944.795,1951.155,4760.017,10717.52,1976.812,4816.623,10903.26,1992.067,4851.46,10835.14,2014.702,4927.792,10613.71,1978.241,4845.972,10908.6,2030.728,4757.23,10882.58,1981.396,4999.717,10938.22,2020.255,4929.975,10818.52,2016.508,4802.254,11086.99,1968.176,4866.059,10537.22,2008.945,4794.816,10988.01,1966.29,5008.435
11078.59,1975.98,4953.771,10928.1,1966.141,5094.257,10999.68,1955.12,4878.418,9943.239,1951.155,4759.354,10718.1,1976.812,4815.032,10903.95,1992.067,4849.917,10835.66,2014.702,4926.185,10614.07,1978.241,4844.321,10909.27,2030.728,4755.678,10883.42,1981.396,4998.245,10938.78,2020.255,4928.378,10819.11,2016.508,4800.671,11087.63,1968.176,4864.497,10537.75,2008.945,4793.208,10988.46,1966.29,5006.805
11079.95,1975.98,4951.276,10929.5,1966.141,5091.781,11000.23,1955.12,4875.629,9940.662,1951.155,4758.156,10719.06,1976.812,4812.36,10905.02,1992.067,4847.286,10836.63,2014.702,4923.514,10614.77,1978.241,4841.566,10910.37,2030.728,4753.057,10884.73,1981.396,4995.727,10939.8,2020.255,4925.728,10820.02,2016.508,4797.981,11088.81,1968.176,4861.908,10538.54,2008.945,4790.479,10989.31,1966.29,5004.093
11081.09,1975.98,4949.009,10930.77,1966.141,5089.582,11000.79,1955.12,4873.155,9938.397,1951.155,4757.012,10719.92,1976.812,4809.974,10905.91,1992.067,4844.907,10837.58,2014.702,4921.159,10615.48,1978.241,4839.128,10911.27,2030.728,4750.686,10885.83,1981.396,4993.44,10940.84,2020.255,4923.414,10820.77,2016.508,4795.557,11089.78,1968.176,4859.563,10539.16,2008.945,4788.02,10990.14,1966.29,5001.697
11082.08,1975.98,4946.875,10931.96,1966.141,5087.552,11001.39,1955.12,4870.88,9936.233,1951.155,4756.087,10720.72,1976.812,4807.761,10906.65,1992.067,4842.675,10838.53,2014.702,4919.005,10616.2,1978.241,4836.89,10912.14,2030.728,4748.499,10886.79,1981.396,4991.288,10942.02,2020.255,4921.375,10821.4,2016.508,4793.29,11090.6,1968.176,4857.36,10539.82,2008.945,4785.759,10990.99,1966.29,4999.502
11083,1975.98,4944.71,10933.12,1966.141,5085.51,11002.07,1955.12,4868.626,9934.027,1951.155,4755.271,10721.51,1976.812,4805.55,10907.45,1992.067,4840.463,10839.37,2014.702,4916.812,10617,1978.241,4834.678,10913.2,2030.728,4746.398,10887.65,1981.396,4989.101,10943.12,2020.255,4919.3,10821.96,2016.508,4791.006,11091.36,1968.176,4855.134,10540.19,2008.945,4783.436,10991.76,1966.29,4997.281
11083.78,1975.98,4942.699,10934.13,1966.141,5083.605,11002.75,1955.12,4866.581,9932.031,1951.155,4754.456,10722.25,1976.812,4803.523,10908.25,1992.067,4838.461,10839.98,2014.702,4914.743,10617.8,1978.241,4832.675,10914.1,2030.728,4744.441,10888.51,1981.396,4987.122,10944.08,2020.255,4917.365,10822.42,2016.508,4788.899,11092.13,1968.176,4853.117,10540.59,2008.945,4781.319,10992.54,1966.29,4995.269
11084.31,1975.98,4941.187,10934.84,1966.141,5082.164,11003.31,1955.12,4865.078,9930.567,1951.155,4753.801,10722.79,1976.812,4802.016,10908.83,1992.067,4836.966,10840.48,2014.702,4913.22,10618.44,1978.241,4831.206,10914.73,2030.728,4742.965,10889.18,1981.396,4985.666,10944.74,2020.255,4915.904,10822.72,2016.508,4787.325,11092.64,1968.176,4851.599,10540.95,2008.945,4779.755,10993,1966.29,4993.735
11085.19,1975.98,4938.39,10936.04,1966.141,5079.488,11004.41,1955.12,4862.362,9927.931,1951.155,4752.518,10723.79,1976.812,4799.259,10909.8,1992.067,4834.198,10841.49,2014.702,4910.467,10619.7,1978.241,4828.558,10915.78,2030.728,4740.229,10890.32,1981.396,4982.964,10945.91,2020.255,4913.214,10823.19,2016.508,4784.431,11093.68,1968.176,4848.856,10541.69,2008.945,4776.918,10993.79,1966.29,4990.911
11086.04,1975.98,4935.386,10937.22,1966.141,5076.602,11005.68,1955.12,4859.512,9925.172,1951.155,4751.062,10724.85,1976.812,4796.328,10910.95,1992.067,4831.299,10842.66,2014.702,4907.574,10621.14,1978.241,4825.787,10916.89,2030.728,4737.311,10891.44,1981.396,4980.052,10947.36,2020.255,4910.456,10823.61,2016.508,4781.34,11094.69,1968.176,4845.903,10542.58,2008.945,4773.927,10994.73,1966.29,4987.935
11086.32,1975.98,4934.248,10937.63,1966.141,5075.503,11006.19,1955.12,4858.457,9924.24,1951.155,4750.35,10725.28,1976.812,4795.237,10911.46,1992.067,4830.24,10843.14,2014.702,4906.503,10621.64,1978.241,4824.729,10917.26,2030.728,4736.201,10891.73,1981.396,4978.917,10947.88,2020.255,4909.403,10823.81,2016.508,4780.185,11095.06,1968.176,4844.793,10542.95,2008.945,4772.815,10995.12,1966.29,4986.83
11086.96,1975.98,4931.213,10938.62,1966.141,5072.562,11007.63,1955.12,4855.709,9921.787,1951.155,4748.451,10726.32,1976.812,4792.315,10912.89,1992.067,4827.49,10844.3,2014.702,4903.626,10622.88,1978.241,4821.886,10918.69,2030.728,4733.446,10892.6,1981.396,4975.939,10949.17,2020.255,4906.581,10824.43,2016.508,4777.144,11096.15,1968.176,4841.887,10543.82,2008.945,4769.836,10996.05,1966.29,4983.87
11087.38,1975.98,4928.905,10939.29,1966.141,5070.315,11008.79,1955.12,4853.667,9919.886,1951.155,4747.076,10727.04,1976.812,4790.081,10913.91,1992.067,4825.376,10845.25,2014.702,4901.481,10623.78,1978.241,4819.718,10919.7,2030.728,4731.328,10893.34,1981.396,4973.711,10950.09,2020.255,4904.425,10824.97,2016.508,4774.862,11096.9,1968.176,4839.664,10544.54,2008.945,4767.606,10996.42,1966.29,4981.553
11087.63,1975.98,4927.237,10939.72,1966.141,5068.687,11009.66,1955.12,4852.226,9918.488,1951.155,4746.134,10727.5,1976.812,4788.459,10914.59,1992.067,4823.834,10845.88,2014.702,4899.918,10624.47,1978.241,4818.183,10920.38,2030.728,4729.784,10893.91,1981.396,4972.127,10950.7,2020.255,4902.855,10825.41,2016.508,4773.235,11097.37,1968.176,4838.044,10545.09,2008.945,4766.013,10996.63,1966.29,4979.88
11087.95,1975.98,4924.43,10940.36,1966.141,5065.933,11011.05,1955.12,4849.764,9916.095,1951.155,4744.631,10728.36,1976.812,4785.768,10915.65,1992.067,4821.213,10846.86,2014.702,4897.264,10625.56,1978.241,4815.571,10921.42,2030.728,4727.159,10895.01,1981.396,4969.523,10951.9,2020.255,4900.293,10826.13,2016.508,4770.501,11098.24,1968.176,4835.357,10546.1,2008.945,4763.372,10997.06,1966.29,4977.087
11088.17,1975.98,4921.918,10940.93,1966.141,5063.476,11012.22,1955.12,4847.529,9913.964,1951.155,4743.282,10729.11,1976.812,4783.359,10916.67,1992.067,4818.907,10847.5,2014.702,4894.826,10626.44,1978.241,4813.211,10922.44,2030.728,4724.852,10895.92,1981.396,4967.169,10953.09,2020.255,4898.069,10826.85,2016.508,4768.085,11099.1,1968.176,4832.985,10547.08,2008.945,4761.046,10997.53,1966.29,4974.61
11088.3,1975.98,4920.085,10941.4,1966.141,5061.7,11013.02,1955.12,4845.874,9912.38,1951.155,4742.35,10729.51,1976.812,4781.565,10917.35,1992.067,4817.202,10848.03,2014.702,4893.065,10627.28,1978.241,4811.572,10923.13,2030.728,4723.147,10896.59,1981.396,4965.458,10953.9,2020.255,4896.42,10827.2,2016.508,4766.28,11099.78,1968.176,4831.278,10547.87,2008.945,4759.39,10997.93,1966.29,4972.816
11088.43,1975.98,4917.653,10942.1,1966.141,5059.367,11014,1955.12,4843.646,9910.24,1951.155,4741.184,10729.9,1976.812,4779.16,10918.19,1992.067,4814.914,10848.8,2014.702,4890.755,10628.31,1978.241,4809.364,10923.97,2030.728,4720.859,10897.51,1981.396,4963.202,10954.9,2020.255,4894.201,10827.73,2016.508,4763.903,11100.75,1968.176,4829.045,10548.59,2008.945,4757.06,10998.47,1966.29,4970.438
11088.5,1975.98,4915.403,10942.82,1966.141,5057.234,11014.85,1955.12,4841.559,9908.229,1951.155,4740.172,10730.33,1976.812,4776.951,10919.15,1992.067,4812.877,10849.42,2014.702,4888.589,10629.19,1978.241,4807.294,10924.67,2030.728,4718.72,10898.29,1981.396,4961.09,10955.89,2020.255,4892.178,10828.3,2016.508,4761.724,11101.72,1968.176,4827.012,10549.32,2008.945,4754.931,10999.03,1966.29,4968.259
11088.51,1975.98,4913.493,10943.38,1966.141,5055.404,11015.51,1955.12,4839.765,9906.495,1951.155,4739.369,10730.76,1976.812,4775.089,10919.97,1992.067,4811.149,10850,2014.702,4886.768,10629.89,1978.241,4805.514,10925.04,2030.728,4716.844,10898.95,1981.396,4959.295,10956.68,2020.255,4890.435,10828.84,2016.508,4759.892,11102.6,1968.176,4825.314,10550,2008.945,4753.145,10999.57,1966.29,4966.426
11088.43,1975.98,4910.396,10944.37,1966.141,5052.469,11016.48,1955.12,4836.824,9903.693,1951.155,4738.047,10731.56,1976.812,4772.095,10921.2,1992.067,4808.306,10851.03,2014.702,4883.849,10630.92,1978.241,4802.593,10925.72,2030.728,4713.823,10899.91,1981.396,4956.352,10957.85,2020.255,4887.568,10830.11,2016.508,4757.066,11104.11,1968.176,4822.61,10551.2,2008.945,4750.287,11000.85,1966.29,4963.602
11088.3,1975.98,4907.879,10944.94,1966.141,5050.016,11017.2,1955.12,4834.408,9901.407,1951.155,4736.986,10732.28,1976.812,4769.681,10922.36,1992.067,4806.069,10851.81,2014.702,4881.452,10631.73,1978.241,4800.206,10926.37,2030.728,4711.386,10900.78,1981.396,4953.984,10958.75,2020.255,4885.214,10831.07,2016.508,4754.734,11105.41,1968.176,4820.451,10552.09,2008.945,4747.931,11001.81,1966.29,4961.272
11088.1,1975.98,4905.545,10945.56,1966.141,5047.754,11017.72,1955.12,4832.124,9899.251,1951.155,4736.071,10733.03,1976.812,4767.461,10923.37,1992.067,4803.955,10852.61,2014.702,4879.249,10632.48,1978.241,4797.987,10927.03,2030.728,4709.141,10901.85,1981.396,4951.904,10959.8,2020.255,4883.117,10831.9,2016.508,4752.542,11106.55,1968.176,4818.406,10553.08,2008.945,4745.805,11002.63,1966.29,4959.078
11087.87,1975.98,4903.565,10946.14,1966.141,5045.847,11018.23,1955.12,4830.196,9897.572,1951.155,4734.995,10733.73,1976.812,4765.593,10924.17,1992.067,4802.129,10853.35,2014.702,4877.396,10633.18,1978.241,4796.121,10927.67,2030.728,4707.25,10902.87,1981.396,4950.188,10960.76,2020.255,4881.372,10832.54,2016.508,4750.655,11107.47,1968.176,4816.637,10553.85,2008.945,4743.968,11003.27,1966.29,4957.189
11087.57,1975.98,4901.544,10946.8,1966.141,5043.914,11018.66,1955.12,4828.198,9895.834,1951.155,4733.921,10734.73,1976.812,4763.811,10925.06,1992.067,4800.289,10854.17,2014.702,4875.524,10633.91,1978.241,4794.21,10928.08,2030.728,4705.248,10903.86,1981.396,4948.398,10961.69,2020.255,4879.552,10833.26,2016.508,4748.743,11108.36,1968.176,4814.795,10554.87,2008.945,4742.197,11004.2,1966.29,4955.372
11087.1,1975.98,4898.945,10947.74,1966.141,5041.443,11019.12,1955.12,4825.597,9893.542,1951.155,4732.607,10735.94,1976.812,4761.465,10926.13,1992.067,4797.875,10855.31,2014.702,4873.14,10634.93,1978.241,4791.773,10928.69,2030.728,4702.679,10905.29,1981.396,4946.178,10962.81,2020.255,4877.161,10834.27,2016.508,4746.303,11109.43,1968.176,4812.38,10556.11,2008.945,4739.866,11005.33,1966.29,4952.985
11086.67,1975.98,4896.947,10948.52,1966.141,5039.557,11019.54,1955.12,4823.598,9891.737,1951.155,4731.649,10736.82,1976.812,4759.621,10926.9,1992.067,4795.981,10855.92,2014.702,4871.192,10635.67,1978.241,4789.87,10929.23,2030.728,4700.709,10906.34,1981.396,4944.425,10963.91,2020.255,4875.436,10835.11,2016.508,4744.441,11110.2,1968.176,4810.49,10557.01,2008.945,4738.032,11006.15,1966.29,4951.11
11085.95,1975.98,4894.046,10949.65,1966.141,5036.788,11020.25,1955.12,4820.695,9889.053,1951.155,4730.334,10738.38,1976.812,4757.069,10927.93,1992.067,4793.177,10856.92,2014.702,4868.374,10636.85,1978.241,4787.124,10930.12,2030.728,4697.854,10907.79,1981.396,4941.812,10965.43,2020.255,4872.861,10836.43,2016.508,4741.757,11111.31,1968.176,4807.715,10558.24,2008.945,4735.307,11007.57,1966.29,4948.479
11085.5,1975.98,4891.942,10950.52,1966.141,5034.822,11020.81,1955.12,4818.617,9887.106,1951.155,4729.417,10739.44,1976.812,4755.197,10928.74,1992.067,4791.183,10857.7,2014.702,4866.37,10637.77,1978.241,4785.176,10930.7,2030.728,4695.783,10908.77,1981.396,4939.897,10966.46,2020.255,4870.973,10837.36,2016.508,4739.817,11112.05,1968.176,4805.692,10559.42,2008.945,4733.506,11008.53,1966.29,4946.552
11085.21,1975.98,4890.319,10951.24,1966.141,5033.338,11021.44,1955.12,4817.091,9885.593,1951.155,4728.763,10740.21,1976.812,4753.736,10929.54,1992.067,4789.739,10858.35,2014.702,4864.854,10638.46,1978.241,4783.679,10931.2,2030.728,4694.211,10909.56,1981.396,4938.452,10967.2,2020.255,4869.501,10838.03,2016.508,4738.308,11112.56,1968.176,4804.124,10560.28,2008.945,4732.097,11009.21,1966.29,4945.053
11084.65,1975.98,4886.553,10953,1966.141,5029.964,11022.88,1955.12,4813.569,9882.051,1951.155,4727.369,10741.86,1976.812,4750.309,10931.31,1992.067,4786.372,10859.97,2014.702,4861.407,10640.17,1978.241,4780.279,10932.47,2030.728,4690.623,10911.29,1981.396,4935.059,10968.81,2020.255,4866.049,10839.67,2016.508,4734.877,11113.62,1968.176,4800.469,10562.25,2008.945,4728.84,11010.74,1966.29,4941.569
11084.15,1975.98,4882.096,10954.95,1966.141,5025.921,11024.45,1955.12,4809.365,9878.113,1951.155,4725.221,10743.4,1976.812,4746.096,10933.47,1992.067,4782.438,10862,2014.702,4857.409,10642.24,1978.241,4776.298,10934.11,2030.728,4686.446,10913.62,1981.396,4931.226,10970.56,2020.255,4861.921,10841.58,2016.508,4730.814,11114.73,1968.176,4796.123,10564.44,2008.945,4724.928,11012.42,1966.29,4937.406
11084.12,1975.98,4881.707,10955.1,1966.141,5025.564,11024.57,1955.12,4808.995,9877.766,1951.155,4725.046,10743.54,1976.812,4745.732,10933.64,1992.067,4782.091,10862.19,2014.702,4857.067,10642.41,1978.241,4775.947,10934.26,2030.728,4686.088,10913.81,1981.396,4930.887,10970.7,2020.255,4861.558,10841.75,2016.508,4730.466,11114.81,1968.176,4795.742,10564.62,2008.945,4724.582,11012.55,1966.29,4937.04
11084.1,1975.98,4881.317,10955.25,1966.141,5025.204,11024.68,1955.12,4808.621,9877.411,1951.155,4724.881,10743.69,1976.812,4745.372,10933.81,1992.067,4781.737,10862.39,2014.702,4856.731,10642.56,1978.241,4775.589,10934.4,2030.728,4685.723,10913.99,1981.396,4930.54,10970.83,2020.255,4861.189,10841.94,2016.508,4730.124,11114.89,1968.176,4795.358,10564.79,2008.945,4724.229,11012.67,1966.29,4936.668
11084.05,1975.98,4877.592,10956.59,1966.141,5021.726,11025.63,1955.12,4805.018,9873.981,1951.155,4723.426,10745.21,1976.812,4741.969,10935.28,1992.067,4778.313,10864.39,2014.702,4853.592,10644.17,1978.241,4772.225,10935.84,2030.728,4682.285,10915.77,1981.396,4927.264,10971.95,2020.255,4857.634,10843.83,2016.508,4726.913,11115.47,1968.176,4791.679,10566.76,2008.945,4721.071,11013.71,1966.29,4933.092
11084.1,1975.98,4874.562,10957.23,1966.141,5018.763,11026.31,1955.12,4802.064,9871.154,1951.155,4722.334,10746.33,1976.812,4739.155,10936.11,1992.067,4775.397,10865.98,2014.702,4851.006,10645.56,1978.241,4769.533,10937.09,2030.728,4679.528,10917.14,1981.396,4924.564,10972.89,2020.255,4854.754,10845.28,2016.508,4724.252,11115.85,1968.176,4788.672,10568.29,2008.945,4718.451,11014.56,1966.29,4930.183
11084.16,1975.98,4873.394,10957.51,1966.141,5017.628,11026.54,1955.12,4800.916,9870.106,1951.155,4721.814,10746.8,1976.812,4738.084,10936.42,1992.067,4774.27,10866.55,2014.702,4849.989,10646.06,1978.241,4768.476,10937.55,2030.728,4678.449,10917.64,1981.396,4923.505,10973.29,2020.255,4853.654,10845.8,2016.508,4723.207,11116.02,1968.176,4787.514,10568.91,2008.945,4717.46,11014.85,1966.29,4929.049
11084.35,1975.98,4871.181,10958.12,1966.141,5015.493,11026.58,1955.12,4798.696,9868.102,1951.155,4720.86,10747.57,1976.812,4736,10937.07,1992.067,4772.149,10867.58,2014.702,4848.023,10646.79,1978.241,4766.378,10938.33,2030.728,4676.373,10918.52,1981.396,4921.466,10974.09,2020.255,4851.582,10846.88,2016.508,4721.264,11116.42,1968.176,4785.331,10570.03,2008.945,4715.543,11015.34,1966.29,4926.882
11084.72,1975.98,4867.943,10958.68,1966.141,5012.282,11026.75,1955.12,4795.441,9865.115,1951.155,4719.555,10748.8,1976.812,4732.98,10937.93,1992.067,4769.005,10869,2014.702,4845.089,10647.95,1978.241,4763.334,10939.59,2030.728,4673.366,10919.71,1981.396,4918.432,10975.28,2020.255,4848.549,10848.36,2016.508,4718.362,11116.91,1968.176,4782.107,10571.58,2008.945,4712.676,11015.94,1966.29,4923.68
11085.17,1975.98,4864.944,10958.96,1966.141,5009.262,11026.95,1955.12,4792.416,9862.298,1951.155,4718.433,10750.02,1976.812,4730.206,10938.83,1992.067,4766.108,10870.23,2014.702,4842.317,10648.99,1978.241,4760.484,10940.67,2030.728,4670.531,10920.72,1981.396,4915.574,10976.35,2020.255,4845.713,10849.66,2016.508,4715.621,11117.26,1968.176,4779.096,10572.94,2008.945,4709.964,11016.41,1966.29,4920.684
11085.69,1975.98,4862.066,10959.32,1966.141,5006.36,11027.24,1955.12,4789.505,9859.651,1951.155,4717.188,10751.28,1976.812,4727.565,10939.79,1992.067,4763.344,10871.33,2014.702,4839.606,10650.07,1978.241,4757.768,10941.45,2030.728,4667.713,10921.9,1981.396,4912.896,10977.45,2020.255,4843.004,10850.83,2016.508,4712.94,11117.5,1968.176,4776.181,10574.31,2008.945,4707.38,11016.77,1966.29,4917.781
11085.87,1975.98,4861.243,10959.46,1966.141,5005.528,11027.35,1955.12,4788.67,9858.878,1951.155,4716.854,10751.66,1976.812,4726.816,10940.12,1992.067,4762.568,10871.67,2014.702,4838.833,10650.41,1978.241,4756.996,10941.66,2030.728,4666.896,10922.21,1981.396,4912.114,10977.76,2020.255,4842.219,10851.14,2016.508,4712.158,11117.6,1968.176,4775.344,10574.68,2008.945,4706.623,11016.84,1966.29,4916.942
11085.98,1975.98,4860.789,10959.55,1966.141,5005.068,11027.4,1955.12,4788.205,9858.442,1951.155,4716.683,10751.89,1976.812,4726.406,10940.28,1992.067,4762.131,10871.84,2014.702,4838.4,10650.61,1978.241,4756.573,10941.79,2030.728,4666.446,10922.4,1981.396,4911.684,10977.94,2020.255,4841.787,10851.3,2016.508,4711.718,11117.67,1968.176,4774.881,10574.9,2008.945,4706.214,11016.87,1966.29,4916.475
11087.25,1975.98,4856.336,10960.57,1966.141,5000.555,11028.07,1955.12,4783.625,9854.082,1951.155,4715.132,10754.23,1976.812,4722.415,10941.81,1992.067,4757.76,10874.33,2014.702,4834.498,10652.54,1978.241,4752.365,10943.21,2030.728,4662.041,10924.07,1981.396,4907.37,10979.8,2020.255,4837.551,10852.75,2016.508,4707.324,11118.51,1968.176,4770.33,10577.41,2008.945,4702.322,11016.99,1966.29,4911.848
11088.07,1975.98,4853.041,10961.21,1966.141,4997.219,11028.67,1955.12,4780.281,9850.906,1951.155,4713.925,10755.86,1976.812,4719.43,10943.03,1992.067,4754.59,10876.06,2014.702,4831.574,10654.05,1978.241,4749.323,10944.23,2030.728,4658.801,10925.34,1981.396,4904.216,10981.18,2020.255,4834.447,10853.93,2016.508,4704.135,11119.23,1968.176,4767.01,10579.16,2008.945,4699.407,11017.18,1966.29,4908.456
11088.47,1975.98,4851.212,10961.42,1966.141,4995.359,11029.06,1955.12,4778.452,9849.137,1951.155,4713.318,10756.82,1976.812,4717.825,10943.72,1992.067,4752.851,10877.04,2014.702,4829.977,10654.81,1978.241,4747.613,10944.85,2030.728,4657.036,10926.03,1981.396,4902.48,10981.98,2020.255,4832.754,10854.63,2016.508,4702.401,11119.8,1968.176,4765.227,10580.06,2008.945,4697.771,11017.35,1966.29,4906.592
11088.75,1975.98,4849.688,10961.63,1966.141,4993.823,11029.32,1955.12,4776.923,9847.654,1951.155,4712.863,10757.57,1976.812,4716.468,10944.16,1992.067,4751.363,10877.8,2014.702,4828.626,10655.35,1978.241,4746.161,10945.3,2030.728,4655.551,10926.56,1981.396,4901.022,10982.66,2020.255,4831.365,10855.26,2016.508,4700.984,11120.22,1968.176,4763.735,10580.77,2008.945,4696.391,11017.55,1966.29,4905.053
11088.84,1975.98,4849.111,10961.73,1966.141,4993.249,11029.44,1955.12,4776.351,9847.092,1951.155,4712.71,10757.83,1976.812,4715.949,10944.34,1992.067,4750.81,10878.09,2014.702,4828.119,10655.58,1978.241,4745.622,10945.45,2030.728,4654.988,10926.74,1981.396,4900.468,10982.92,2020.255,4830.843,10855.48,2016.508,4700.443,11120.36,1968.176,4763.169,10581.02,2008.945,4695.864,11017.64,1966.29,4904.477
11089.36,1975.98,4844.906,10962.6,1966.141,4989.1,11030.34,1955.12,4772.21,9842.968,1951.155,4711.734,10759.64,1976.812,4712.116,10945.71,1992.067,4746.798,10880.05,2014.702,4824.365,10657.32,1978.241,4741.759,10946.68,2030.728,4650.932,10927.82,1981.396,4896.368,10984.84,2020.255,4827.064,10857.25,2016.508,4696.596,11121.58,1968.176,4759.11,10583.02,2008.945,4692.128,11018.43,1966.29,4900.314
11089.47,1975.98,4843.742,10962.88,1966.141,4987.964,11030.63,1955.12,4771.076,9841.839,1951.155,4711.428,10760.12,1976.812,4711.047,10946.12,1992.067,4745.705,10880.56,2014.702,4823.313,10657.8,1978.241,4740.693,10946.97,2030.728,4649.8,10928.15,1981.396,4895.247,10985.37,2020.255,4826.022,10857.71,2016.508,4695.519,11121.88,1968.176,4757.979,10583.56,2008.945,4691.091,11018.57,1966.29,4899.153
11089.66,1975.98,4841.07,10963.85,1966.141,4985.467,11031,1955.12,4768.423,9839.232,1951.155,4710.812,10761.36,1976.812,4708.675,10946.78,1992.067,4743.108,10881.65,2014.702,4820.864,10658.98,1978.241,4738.288,10947.62,2030.728,4647.201,10928.62,1981.396,4892.61,10986.58,2020.255,4823.635,10858.67,2016.508,4693.019,11122.73,1968.176,4755.438,10584.73,2008.945,4688.678,11018.97,1966.29,4896.505
11089.76,1975.98,4838.56,10964.68,1966.141,4983.096,11031.43,1955.12,4765.947,9836.77,1951.155,4710.313,10762.51,1976.812,4706.438,10947.15,1992.067,4740.623,10882.63,2014.702,4818.551,10659.95,1978.241,4735.969,10948.3,2030.728,4644.783,10929.15,1981.396,4890.153,10987.67,2020.255,4821.371,10859.5,2016.508,4690.645,11123.44,1968.176,4753.029,10585.55,2008.945,4686.304,11019.43,1966.29,4894.035
11089.8,1975.98,4836.731,10965.23,1966.141,4981.351,11031.8,1955.12,4764.155,9834.95,1951.155,4710.118,10763.4,1976.812,4704.843,10947.48,1992.067,4738.822,10883.29,2014.702,4816.844,10660.71,1978.241,4734.305,10948.74,2030.728,4643.007,10929.59,1981.396,4888.377,10988.43,2020.255,4819.709,10860.21,2016.508,4688.959,11123.91,1968.176,4751.258,10586.21,2008.945,4684.595,11019.83,1966.29,4892.248
11089.92,1975.98,4834.308,10965.89,1966.141,4979.014,11032.15,1955.12,4761.754,9832.548,1951.155,4709.78,10764.73,1976.812,4702.813,10947.99,1992.067,4736.45,10884.09,2014.702,4814.553,10661.57,1978.241,4732.037,10949.27,2030.728,4640.638,10930.26,1981.396,4886.043,10989.45,2020.255,4817.51,10861.08,2016.508,4686.696,11124.44,1968.176,4748.892,10587.15,2008.945,4682.36,11020.27,1966.29,4889.862
11090.15,1975.98,4831.571,10966.54,1966.141,4976.346,11032.52,1955.12,4759.033,9829.828,1951.155,4709.398,10766.16,1976.812,4700.469,10948.62,1992.067,4733.778,10884.91,2014.702,4811.933,10662.5,1978.241,4729.452,10949.81,2030.728,4637.946,10930.7,1981.396,4883.333,10990.65,2020.255,4815.041,10861.99,2016.508,4684.103,11124.96,1968.176,4746.196,10588.13,2008.945,4679.796,11020.69,1966.29,4887.148
11090.42,1975.98,4829.254,10967.02,1966.141,4974.063,11032.71,1955.12,4756.708,9827.53,1951.155,4708.999,10767.31,1976.812,4698.438,10948.93,1992.067,4731.465,10885.64,2014.702,4809.718,10663.34,1978.241,4727.274,10950.22,2030.728,4635.649,10931.15,1981.396,4881.044,10991.76,2020.255,4812.991,10862.81,2016.508,4681.922,11125.63,1968.176,4743.961,10588.97,2008.945,4677.621,11020.97,1966.29,4884.832
11090.82,1975.98,4826.567,10967.49,1966.141,4971.388,11033.02,1955.12,4754.009,9824.87,1951.155,4708.446,10768.57,1976.812,4696.031,10949.37,1992.067,4728.784,10886.41,2014.702,4807.113,10664.39,1978.241,4724.771,10950.45,2030.728,4632.942,10931.75,1981.396,4878.396,10992.98,2020.255,4810.565,10863.91,2016.508,4679.437,11126.33,1968.176,4741.335,10590.34,2008.945,4675.275,11021.21,1966.29,4882.125
11091.49,1975.98,4822.904,10968.01,1966.141,4967.701,11033.38,1955.12,4750.302,9821.251,1951.155,4707.57,10770.19,1976.812,4692.677,10949.96,1992.067,4725.108,10887.67,2014.702,4803.608,10665.95,1978.241,4721.39,10950.89,2030.728,4629.244,10932.71,1981.396,4874.797,10994.57,2020.255,4807.197,10865.3,2016.508,4675.982,11127.16,1968.176,4737.706,10592.18,2008.945,4672.033,11021.41,1966.29,4878.407
11091.59,1975.98,4822.447,10968.08,1966.141,4967.238,11033.43,1955.12,4749.838,9820.794,1951.155,4707.471,10770.38,1976.812,4692.249,10950.05,1992.067,4724.65,10887.82,2014.702,4803.164,10666.16,1978.241,4720.972,10950.96,2030.728,4628.782,10932.81,1981.396,4874.341,10994.75,2020.255,4806.768,10865.46,2016.508,4675.543,11127.25,1968.176,4737.247,10592.39,2008.945,4671.619,11021.42,1966.29,4877.94
11091.78,1975.98,4821.688,10968.23,1966.141,4966.472,11033.55,1955.12,4749.065,9820.027,1951.155,4707.322,10770.67,1976.812,4691.524,10950.23,1992.067,4723.889,10888.03,2014.702,4802.413,10666.54,1978.241,4720.285,10951.1,2030.728,4628.013,10932.96,1981.396,4873.575,10995.04,2020.255,4806.041,10865.73,2016.508,4674.81,11127.38,1968.176,4736.475,10592.82,2008.945,4670.962,11021.46,1966.29,4877.16
11092.94,1975.98,4817.89,10968.89,1966.141,4962.555,11033.98,1955.12,4745.117,9816.156,1951.155,4706.435,10772.04,1976.812,4687.796,10951.25,1992.067,4720.051,10889,2014.702,4798.562,10668.54,1978.241,4716.859,10951.57,2030.728,4624.07,10933.6,1981.396,4869.656,10996.37,2020.255,4802.3,10867.14,2016.508,4671.096,11128,1968.176,4732.553,10594.92,2008.945,4667.596,11021.76,1966.29,4873.2
11093.45,1975.98,4815.975,10969.15,1966.141,4960.59,11034.26,1955.12,4743.154,9814.21,1951.155,4706.056,10772.57,1976.812,4685.887,10951.69,1992.067,4718.119,10889.58,2014.702,4796.666,10669.54,1978.241,4715.142,10951.87,2030.728,4622.11,10933.86,1981.396,4867.69,10996.98,2020.255,4800.412,10867.78,2016.508,4669.22,11128.04,1968.176,4730.57,10595.98,2008.945,4665.921,11021.97,1966.29,4871.229
11093.85,1975.98,4814.275,10969.32,1966.141,4958.853,11034.38,1955.12,4741.413,9812.508,1951.155,4705.666,10773.1,1976.812,4684.223,10952.03,1992.067,4716.406,10890.15,2014.702,4795.014,10670.36,1978.241,4713.602,10952.1,2030.728,4620.38,10934.03,1981.396,4865.953,10997.49,2020.255,4798.743,10868.29,2016.508,4667.551,11128.14,1968.176,4728.827,10597.04,2008.945,4664.532,11022.21,1966.29,4869.5
11094.41,1975.98,4811.481,10969.66,1966.141,4956.023,11034.66,1955.12,4738.577,9809.738,1951.155,4704.994,10773.86,1976.812,4681.476,10952.68,1992.067,4713.631,10890.99,2014.702,4792.292,10671.72,1978.241,4711.101,10952.42,2030.728,4617.548,10934.22,1981.396,4863.109,10998.23,2020.255,4795.992,10869.1,2016.508,4664.818,11128.39,1968.176,4725.988,10598.71,2008.945,4662.225,11022.7,1966.29,4866.693
11095.15,1975.98,4808.844,10970.27,1966.141,4953.352,11035.02,1955.12,4735.861,9807.056,1951.155,4704.435,10774.5,1976.812,4678.811,10953.24,1992.067,4710.949,10891.73,2014.702,4789.653,10672.96,1978.241,4708.654,10952.67,2030.728,4614.82,10934.33,1981.396,4860.372,10999.06,2020.255,4793.379,10870.06,2016.508,4662.252,11128.72,1968.176,4723.268,10600.34,2008.945,4660.021,11023.26,1966.29,4864.01
11095.71,1975.98,4806.583,10970.71,1966.141,4951.065,11035.4,1955.12,4733.564,9804.762,1951.155,4704.035,10775.11,1976.812,4676.565,10953.42,1992.067,4708.626,10892.29,2014.702,4787.394,10673.94,1978.241,4706.541,10952.96,2030.728,4612.509,10934.48,1981.396,4858.048,10999.68,2020.255,4791.136,10870.81,2016.508,4660.046,11129.07,1968.176,4720.966,10601.66,2008.945,4658.104,11023.51,1966.29,4861.696
11096.19,1975.98,4804.304,10971.08,1966.141,4948.764,11035.49,1955.12,4731.235,9802.476,1951.155,4703.582,10775.8,1976.812,4674.338,10953.67,1992.067,4706.31,10892.79,2014.702,4785.117,10675.17,1978.241,4704.565,10953.32,2030.728,4610.207,10934.69,1981.396,4855.728,11000.24,2020.255,4788.873,10871.48,2016.508,4657.816,11129.36,1968.176,4718.654,10602.92,2008.945,4656.143,11023.63,1966.29,4859.369
11096.6,1975.98,4802.044,10971.37,1966.141,4946.486,11035.65,1955.12,4728.946,9800.28,1951.155,4702.911,10776.55,1976.812,4672.169,10953.8,1992.067,4704.019,10893.21,2014.702,4782.862,10676.33,1978.241,4702.581,10953.75,2030.728,4607.953,10934.96,1981.396,4853.449,11000.71,2020.255,4786.627,10872.11,2016.508,4655.609,11129.56,1968.176,4716.368,10604.37,2008.945,4654.365,11023.68,1966.29,4857.074
11096.98,1975.98,4800.542,10971.51,1966.141,4944.943,11035.81,1955.12,4727.405,9798.808,1951.155,4702.43,10777.1,1976.812,4670.722,10953.95,1992.067,4702.476,10893.46,2014.702,4781.333,10677.22,1978.241,4701.313,10954.15,2030.728,4606.454,10935.18,1981.396,4851.916,11000.98,2020.255,4785.101,10872.49,2016.508,4654.106,11129.62,1968.176,4714.819,10605.31,2008.945,4653.133,11023.76,1966.29,4855.526
11097.85,1975.98,4796.532,10971.43,1966.141,4940.841,11036.37,1955.12,4723.339,9794.867,1951.155,4701.286,10778.69,1976.812,4666.939,10954.03,1992.067,4698.374,10893.99,2014.702,4777.265,10679.62,1978.241,4697.985,10955.06,2030.728,4602.454,10935.66,1981.396,4847.841,11001.74,2020.255,4781.069,10873.36,2016.508,4650.096,11129.91,1968.176,4710.727,10607.69,2008.945,4649.791,11024.1,1966.29,4851.438
11098.37,1975.98,4793.67,10971.25,1966.141,4937.936,11037.01,1955.12,4720.501,9792.048,1951.155,4700.566,10779.88,1976.812,4664.282,10954.18,1992.067,4695.467,10894.29,2014.702,4774.371,10681.24,1978.241,4695.57,10955.62,2030.728,4599.597,10935.91,1981.396,4844.942,11002.3,2020.255,4778.212,10873.88,2016.508,4647.233,11130.21,1968.176,4707.832,10608.95,2008.945,4647.164,11024.44,1966.29,4848.547
11098.64,1975.98,4791.873,10971.21,1966.141,4936.119,11037.45,1955.12,4718.737,9790.273,1951.155,4700.174,10780.56,1976.812,4662.6,10954.33,1992.067,4693.657,10894.43,2014.702,4772.56,10682.2,1978.241,4694.029,10956.01,2030.728,4597.822,10936.01,1981.396,4843.128,11002.58,2020.255,4776.417,10874.27,2016.508,4645.458,11130.27,1968.176,4706.016,10609.78,2008.945,4645.55,11024.71,1966.29,4846.75
11098.7,1975.98,4791.409,10971.16,1966.141,4935.655,11037.55,1955.12,4718.281,9789.815,1951.155,4700.089,10780.73,1976.812,4662.162,10954.39,1992.067,4693.194,10894.46,2014.702,4772.094,10682.44,1978.241,4693.627,10956.09,2030.728,4597.364,10936.05,1981.396,4842.663,11002.64,2020.255,4775.955,10874.35,2016.508,4644.999,11130.29,1968.176,4705.55,10609.95,2008.945,4645.117,11024.76,1966.29,4846.287
11098.52,1975.98,4786.448,10970.83,1966.141,4930.701,11038.46,1955.12,4713.401,9784.908,1951.155,4699.338,10783.13,1976.812,4657.817,10955.13,1992.067,4688.285,10894.58,2014.702,4767.131,10684.96,1978.241,4689.347,10956.85,2030.728,4592.457,10936.6,1981.396,4837.729,11003.11,2020.255,4771.012,10874.6,2016.508,4640.041,11130.74,1968.176,4700.604,10611.95,2008.945,4640.57,11025.62,1966.29,4841.397
11098.52,1975.98,4785.516,10970.79,1966.141,4929.771,11038.6,1955.12,4712.48,9783.987,1951.155,4699.2,10783.55,1976.812,4656.988,10955.25,1992.067,4687.361,10894.58,2014.702,4766.2,10685.44,1978.241,4688.551,10956.96,2030.728,4591.532,10936.73,1981.396,4836.807,11003.16,2020.255,4770.083,10874.68,2016.508,4639.112,11130.79,1968.176,4699.675,10612.28,2008.945,4639.7,11025.76,1966.29,4840.476
11098.55,1975.98,4784.463,10970.79,1966.141,4928.717,11038.73,1955.12,4711.434,9782.954,1951.155,4698.994,10784,1976.812,4656.034,10955.35,1992.067,4686.313,10894.55,2014.702,4765.147,10685.96,1978.241,4687.632,10957.08,2030.728,4590.485,10936.9,1981.396,4835.768,11003.19,2020.255,4769.029,10874.8,2016.508,4638.065,11130.88,1968.176,4698.625,10612.68,2008.945,4638.727,11025.87,1966.29,4839.428
11098.69,1975.98,4781.064,10970.9,1966.141,4925.316,11039.16,1955.12,4708.06,9779.598,1951.155,4698.437,10785.6,1976.812,4653.03,10955.59,1992.067,4682.918,10894.37,2014.702,4761.75,10687.53,1978.241,4684.614,10957.37,2030.728,4587.095,10937.55,1981.396,4832.429,11003.18,2020.255,4765.627,10875.11,2016.508,4634.677,11131.07,1968.176,4695.229,10614,2008.945,4635.591,11026.13,1966.29,4836.036
11098.73,1975.98,4778.079,10970.85,1966.141,4922.332,11039.48,1955.12,4705.091,9776.639,1951.155,4698.044,10786.91,1976.812,4650.349,10955.87,1992.067,4679.947,10894.13,2014.702,4758.775,10689.02,1978.241,4682.031,10957.52,2030.728,4584.113,10938.04,1981.396,4829.485,11003.26,2020.255,4762.643,10875.47,2016.508,4631.714,11130.89,1968.176,4692.249,10615.01,2008.945,4632.78,11026.46,1966.29,4833.068
11098.76,1975.98,4777.498,10970.86,1966.141,4921.75,11039.57,1955.12,4704.518,9776.064,1951.155,4697.95,10787.15,1976.812,4649.818,10955.91,1992.067,4679.366,10894.07,2014.702,4758.196,10689.3,1978.241,4681.521,10957.53,2030.728,4583.531,10938.12,1981.396,4828.908,11003.28,2020.255,4762.061,10875.56,2016.508,4631.139,11130.88,1968.176,4691.667,10615.21,2008.945,4632.234,11026.54,1966.29,4832.492
11098.49,1975.98,4774.236,10970.84,1966.141,4918.477,11040.02,1955.12,4701.275,9772.818,1951.155,4697.526,10788.58,1976.812,4646.875,10956.21,1992.067,4676.106,10893.66,2014.702,4754.95,10690.79,1978.241,4678.603,10957.67,2030.728,4580.261,10938.47,1981.396,4825.654,11003.45,2020.255,4758.792,10875.82,2016.508,4627.876,11130.9,1968.176,4688.394,10616.44,2008.945,4629.201,11027.1,1966.29,4829.268
11098.34,1975.98,4771.131,10970.93,1966.141,4915.369,11040.34,1955.12,4698.183,9769.724,1951.155,4697.225,10789.85,1976.812,4644.037,10956.82,1992.067,4673.058,10893.37,2014.702,4751.854,10692.1,1978.241,4675.787,10957.91,2030.728,4577.162,10938.7,1981.396,4822.554,11003.55,2020.255,4755.685,10876.17,2016.508,4624.787,11131.02,1968.176,4685.287,10617.7,2008.945,4626.359,11027.74,1966.29,4826.224
11098.31,1975.98,4769.672,10971.02,1966.141,4913.913,11040.44,1955.12,4696.728,9768.294,1951.155,4696.936,10790.4,1976.812,4642.687,10957.06,1992.067,4671.619,10893.28,2014.702,4750.398,10692.83,1978.241,4674.521,10957.93,2030.728,4575.703,10938.76,1981.396,4821.097,11003.64,2020.255,4754.229,10876.38,2016.508,4623.343,11131.2,1968.176,4683.839,10618.16,2008.945,4624.974,11027.99,1966.29,4824.787
11098.34,1975.98,4767.926,10971.18,1966.141,4912.173,11040.62,1955.12,4694.99,9766.582,1951.155,4696.587,10791.14,1976.812,4641.101,10957.29,1992.067,4669.887,10893.23,2014.702,4748.652,10693.65,1978.241,4672.978,10958,2030.728,4573.958,10938.6,1981.396,4819.357,11003.71,2020.255,4752.483,10876.59,2016.508,4621.608,11131.36,1968.176,4682.1,10618.76,2008.945,4623.333,11028.23,1966.29,4823.058
11098.48,1975.98,4764.95,10971.36,1966.141,4909.2,11040.83,1955.12,4692.018,9763.645,1951.155,4696.088,10792.32,1976.812,4638.366,10957.58,1992.067,4666.923,10893.24,2014.702,4745.673,10694.96,1978.241,4670.302,10958.17,2030.728,4570.983,10938.42,1981.396,4816.383,11003.74,2020.255,4749.504,10877.03,2016.508,4618.662,11131.54,1968.176,4679.125,10619.87,2008.945,4620.57,11028.55,1966.29,4820.096
11098.67,1975.98,4762.624,10971.45,1966.141,4906.868,11040.95,1955.12,4689.688,9761.358,1951.155,4695.616,10793.17,1976.812,4636.194,10958.07,1992.067,4664.641,10893.32,2014.702,4743.341,10695.92,1978.241,4668.174,10958.18,2030.728,4568.649,10938.36,1981.396,4814.05,11003.69,2020.255,4747.171,10877.08,2016.508,4616.329,11131.6,1968.176,4676.792,10620.82,2008.945,4618.435,11028.73,1966.29,4817.769
11098.92,1975.98,4760.342,10971.46,1966.141,4904.571,11041.15,1955.12,4687.399,9759.096,1951.155,4695.226,10793.94,1976.812,4634.031,10958.48,1992.067,4662.38,10893.48,2014.702,4741.05,10696.86,1978.241,4666.08,10958.1,2030.728,4566.354,10938.38,1981.396,4811.754,11003.59,2020.255,4744.877,10877.21,2016.508,4614.036,11131.72,1968.176,4674.5,10621.67,2008.945,4616.305,11028.83,1966.29,4815.475
11099.15,1975.98,4758.8,10971.51,1966.141,4903.014,11041.23,1955.12,4685.843,9757.553,1951.155,4695.012,10794.42,1976.812,4632.546,10958.7,1992.067,4660.838,10893.64,2014.702,4739.5,10697.59,1978.241,4664.705,10958.09,2030.728,4564.796,10938.44,1981.396,4810.197,11003.47,2020.255,4743.324,10877.35,2016.508,4612.484,11131.84,1968.176,4672.945,10622.02,2008.945,4614.787,11028.85,1966.29,4813.917
11099.7,1975.98,4755.702,10971.87,1966.141,4899.888,11041.49,1955.12,4682.708,9754.423,1951.155,4694.681,10795.28,1976.812,4629.519,10959.32,1992.067,4657.753,10894.06,2014.702,4736.381,10698.98,1978.241,4661.88,10958.19,2030.728,4561.65,10938.59,1981.396,4807.054,11003.13,2020.255,4740.196,10877.73,2016.508,4609.36,11131.94,1968.176,4669.8,10622.83,2008.945,4611.745,11028.78,1966.29,4810.771
11100.1,1975.98,4753.401,10972.16,1966.141,4897.57,11041.61,1955.12,4680.375,9752.093,1951.155,4694.512,10795.99,1976.812,4627.294,10959.71,1992.067,4655.45,10894.31,2014.702,4734.059,10699.94,1978.241,4659.751,10958.33,2030.728,4559.319,10938.78,1981.396,4804.725,11002.85,2020.255,4737.877,10878.06,2016.508,4607.047,11131.87,1968.176,4667.466,10623.5,2008.945,4609.507,11028.81,1966.29,4808.435
11100.33,1975.98,4751.74,10972.31,1966.141,4895.9,11041.64,1955.12,4678.698,9750.442,1951.155,4694.216,10796.44,1976.812,4625.681,10959.93,1992.067,4653.788,10894.45,2014.702,4732.388,10700.68,1978.241,4658.248,10958.34,2030.728,4557.642,10938.95,1981.396,4803.058,11002.69,2020.255,4736.208,10878.35,2016.508,4605.395,11131.87,1968.176,4665.789,10623.91,2008.945,4607.881,11028.69,1966.29,4806.762
11100.72,1975.98,4748.183,10972.79,1966.141,4892.354,11041.83,1955.12,4675.125,9746.901,1951.155,4693.7,10797.51,1976.812,4622.265,10960.3,1992.067,4650.228,10894.63,2014.702,4728.815,10702.16,1978.241,4654.988,10958.47,2030.728,4554.066,10939.42,1981.396,4799.511,11002.44,2020.255,4732.64,10878.84,2016.508,4601.852,11131.99,1968.176,4662.213,10624.9,2008.945,4604.442,11028.57,1966.29,4803.186
11100.85,1975.98,4746.488,10972.99,1966.141,4890.666,11042.06,1955.12,4673.441,9745.212,1951.155,4693.51,10797.96,1976.812,4620.626,10960.6,1992.067,4648.555,10894.78,2014.702,4727.121,10702.81,1978.241,4653.417,10958.39,2030.728,4552.368,10939.59,1981.396,4797.819,11002.32,2020.255,4730.944,10879.13,2016.508,4600.177,11132.1,1968.176,4660.517,10625.42,2008.945,4602.825,11028.55,1966.29,4801.486
11100.93,1975.98,4744.743,10973.13,1966.141,4888.924,11042.25,1955.12,4671.704,9743.47,1951.155,4693.372,10798.21,1976.812,4618.896,10960.85,1992.067,4646.825,10894.98,2014.702,4725.385,10703.43,1978.241,4651.783,10958.37,2030.728,4550.621,10939.71,1981.396,4796.076,11002.25,2020.255,4729.198,10879.38,2016.508,4598.446,11132.27,1968.176,4658.777,10626,2008.945,4601.173,11028.51,1966.29,4799.739
11100.98,1975.98,4742.109,10973.35,1966.141,4886.298,11042.61,1955.12,4669.094,9740.838,1951.155,4693.25,10798.64,1976.812,4616.297,10961.22,1992.067,4644.217,10895.2,2014.702,4722.76,10704.28,1978.241,4649.291,10958.39,2030.728,4547.986,10939.95,1981.396,4793.453,11002.24,2020.255,4726.563,10879.66,2016.508,4595.827,11132.45,1968.176,4656.149,10626.81,2008.945,4598.669,11028.53,1966.29,4797.104
11100.95,1975.98,4740.066,10973.57,1966.141,4884.267,11042.82,1955.12,4667.062,9738.797,1951.155,4693.165,10799.04,1976.812,4614.293,10961.5,1992.067,4642.193,10895.33,2014.702,4720.721,10705.1,1978.241,4647.417,10958.47,2030.728,4545.945,10940.07,1981.396,4791.413,11002.29,2020.255,4724.521,10880.09,2016.508,4593.83,11132.47,1968.176,4654.106,10627.51,2008.945,4596.749,11028.61,1966.29,4795.063
11100.85,1975.98,4737.435,10973.94,1966.141,4881.66,11043.01,1955.12,4664.435,9736.168,1951.155,4693.002,10799.59,1976.812,4611.718,10961.78,1992.067,4639.574,10895.39,2014.702,4718.088,10706.16,1978.241,4645.007,10958.66,2030.728,4543.318,10940.14,1981.396,4788.781,11002.44,2020.255,4721.892,10880.67,2016.508,4591.261,11132.14,1968.176,4651.494,10628.49,2008.945,4594.304,11028.79,1966.29,4792.436
11100.71,1975.98,4735.394,10974.16,1966.141,4879.625,11043.09,1955.12,4662.39,9734.142,1951.155,4692.719,10800.09,1976.812,4609.732,10961.93,1992.067,4637.533,10895.46,2014.702,4716.043,10706.92,1978.241,4643.108,10958.88,2030.728,4541.283,10940.26,1981.396,4786.738,11002.62,2020.255,4719.854,10881.05,2016.508,4589.25,11131.94,1968.176,4649.456,10629.32,2008.945,4592.431,11028.88,1966.29,4790.392
11100.38,1975.98,4732.079,10974.42,1966.141,4876.304,11043.11,1955.12,4659.059,9730.829,1951.155,4692.367,10800.51,1976.812,4606.429,10962.19,1992.067,4634.213,10895.5,2014.702,4712.712,10708.06,1978.241,4639.979,10959.33,2030.728,4537.984,10940.36,1981.396,4783.408,11003,2020.255,4716.545,10881.57,2016.508,4585.96,11131.74,1968.176,4646.131,10630.82,2008.945,4589.46,11029.13,1966.29,4787.07
11100.05,1975.98,4729.468,10974.84,1966.141,4873.708,11043.01,1955.12,4656.429,9728.205,1951.155,4692.175,10800.94,1976.812,4603.832,10962.48,1992.067,4631.598,10895.47,2014.702,4710.082,10709.01,1978.241,4637.525,10959.65,2030.728,4535.372,10940.35,1981.396,4780.777,11003.37,2020.255,4713.94,10882.28,2016.508,4583.426,11131.47,1968.176,4643.514,10632.06,2008.945,4587.141,11029.41,1966.29,4784.454
11099.95,1975.98,4728.303,10975,1966.141,4872.549,11042.94,1955.12,4655.262,9727.036,1951.155,4692.127,10801.13,1976.812,4602.678,10962.57,1992.067,4630.431,10895.42,2014.702,4708.913,10709.4,1978.241,4636.421,10959.71,2030.728,4534.203,10940.31,1981.396,4779.607,11003.49,2020.255,4712.777,10882.55,2016.508,4582.289,11131.39,1968.176,4642.347,10632.58,2008.945,4586.092,11029.56,1966.29,4783.294
11099.74,1975.98,4724.858,10975.39,1966.141,4869.12,11042.59,1955.12,4651.828,9723.585,1951.155,4692.101,10801.82,1976.812,4599.296,10962.73,1992.067,4626.984,10895.2,2014.702,4705.469,10710.43,1978.241,4633.128,10959.98,2030.728,4530.763,10940.29,1981.396,4776.157,11003.75,2020.255,4709.336,10883.26,2016.508,4578.912,11131.25,1968.176,4638.898,10634.01,2008.945,4582.95,11029.9,1966.29,4779.859
11099.68,1975.98,4722.667,10975.57,1966.141,4866.934,11042.44,1955.12,4649.64,9721.396,1951.155,4691.985,10802.32,1976.812,4597.162,10962.76,1992.067,4624.791,10895,2014.702,4703.286,10711.16,1978.241,4631.058,10960.13,2030.728,4528.575,10940.33,1981.396,4773.965,11003.85,2020.255,4707.145,10883.64,2016.508,4576.752,11131.21,1968.176,4636.706,10634.85,2008.945,4580.925,11030.04,1966.29,4777.671
11099.69,1975.98,4720.963,10975.65,1966.141,4865.231,11042.38,1955.12,4647.938,9719.692,1951.155,4691.951,10802.77,1976.812,4595.518,10962.7,1992.067,4623.088,10894.81,2014.702,4701.593,10711.83,1978.241,4629.491,10960.3,2030.728,4526.879,10940.41,1981.396,4772.264,11003.87,2020.255,4705.441,10883.88,2016.508,4575.065,11131.4,1968.176,4635.013,10635.45,2008.945,4579.331,11030.09,1966.29,4775.968
11099.76,1975.98,4719.307,10975.85,1966.141,4863.587,11042.38,1955.12,4646.281,9718.039,1951.155,4691.847,10803.09,1976.812,4593.893,10962.69,1992.067,4621.432,10894.67,2014.702,4699.942,10712.47,1978.241,4627.964,10960.65,2030.728,4525.259,10940.43,1981.396,4770.607,11003.83,2020.255,4703.785,10884.06,2016.508,4573.418,11131.53,1968.176,4633.361,10636.09,2008.945,4577.801,11030.09,1966.29,4774.312
11099.97,1975.98,4716.289,10976.12,1966.141,4860.573,11041.94,1955.12,4643.288,9715.015,1951.155,4691.756,10803.78,1976.812,4590.947,10962.78,1992.067,4618.408,10894.52,2014.702,4696.92,10713.59,1978.241,4625.153,10961.18,2030.728,4522.282,10940.37,1981.396,4767.582,11003.79,2020.255,4700.76,10884.49,2016.508,4570.423,11131.67,1968.176,4630.338,10637.34,2008.945,4575.046,11030,1966.29,4771.288
11100.14,1975.98,4714.64,10976.21,1966.141,4858.918,11041.71,1955.12,4641.646,9713.356,1951.155,4691.76,10804.21,1976.812,4589.346,10962.78,1992.067,4616.75,10894.5,2014.702,4695.263,10714.34,1978.241,4623.672,10961.51,2030.728,4520.657,10940.4,1981.396,4765.924,11003.71,2020.255,4699.104,10884.78,2016.508,4568.791,11131.71,1968.176,4628.681,10637.98,2008.945,4573.516,11029.89,1966.29,4769.633
11100.57,1975.98,4711.453,10976.28,1966.141,4855.703,11041.37,1955.12,4638.447,9710.143,1951.155,4691.875,10804.67,1976.812,4586.163,10962.61,1992.067,4613.538,10894.55,2014.702,4692.047,10715.73,1978.241,4620.775,10962.05,2030.728,4517.485,10940.75,1981.396,4762.728,11003.45,2020.255,4695.898,10885.71,2016.508,4565.713,11131.69,1968.176,4625.465,10639.31,2008.945,4570.587,11029.58,1966.29,4766.432
11100.81,1975.98,4709.125,10976.26,1966.141,4853.362,11041.21,1955.12,4636.113,9707.808,1951.155,4692.034,10805.09,1976.812,4583.86,10962.56,1992.067,4611.198,10894.66,2014.702,4689.709,10716.68,1978.241,4618.635,10962.72,2030.728,4515.245,10940.93,1981.396,4760.394,11003.19,2020.255,4693.573,10886.32,2016.508,4563.453,11131.75,1968.176,4623.125,10640.35,2008.945,4568.49,11029.43,1966.29,4764.097
11100.98,1975.98,4706.789,10976.31,1966.141,4851.021,11041.11,1955.12,4633.772,9705.478,1951.155,4692.27,10805.58,1976.812,4581.569,10962.59,1992.067,4608.856,10894.85,2014.702,4687.375,10717.56,1978.241,4616.464,10963.33,2030.728,4512.981,10941.03,1981.396,4758.054,11002.96,2020.255,4691.243,10886.85,2016.508,4561.172,11131.73,1968.176,4620.783,10641.31,2008.945,4566.357,11029.35,1966.29,4761.756
11101.07,1975.98,4704.451,10976.29,1966.141,4848.681,11041.05,1955.12,4631.433,9703.157,1951.155,4692.577,10806.14,1976.812,4579.298,10962.7,1992.067,4606.519,10895.12,2014.702,4685.05,10718.36,1978.241,4614.267,10963.86,2030.728,4510.702,10941.06,1981.396,4755.714,11002.77,2020.255,4688.911,10887.31,2016.508,4558.876,11131.41,1968.176,4618.465,10642.21,2008.945,4564.196,11029.35,1966.29,4759.416
11101.09,1975.98,4702.615,10976.33,1966.141,4846.845,11040.95,1955.12,4629.6,9701.345,1951.155,4692.867,10806.43,1976.812,4577.485,10962.84,1992.067,4604.688,10895.26,2014.702,4683.22,10718.94,1978.241,4612.523,10964.21,2030.728,4508.9,10941.03,1981.396,4753.878,11002.68,2020.255,4687.077,10887.61,2016.508,4557.065,11131.22,1968.176,4616.639,10642.86,2008.945,4562.479,11029.41,1966.29,4757.581
11101.04,1975.98,4700.176,10976.31,1966.141,4844.406,11040.88,1955.12,4627.162,9698.925,1951.155,4693.173,10806.66,1976.812,4575.057,10962.96,1992.067,4602.251,10895.6,2014.702,4680.804,10719.63,1978.241,4610.183,10964.61,2030.728,4506.493,10940.9,1981.396,4751.442,11002.64,2020.255,4684.638,10887.93,2016.508,4554.646,11130.79,1968.176,4614.237,10643.65,2008.945,4560.169,11029.57,1966.29,4755.146
11100.9,1975.98,4697.424,10976.7,1966.141,4841.678,11040.88,1955.12,4624.406,9696.205,1951.155,4693.618,10806.91,1976.812,4572.312,10963.01,1992.067,4599.496,10896.01,2014.702,4678.079,10720.4,1978.241,4607.538,10964.96,2030.728,4503.76,10940.84,1981.396,4748.687,11002.68,2020.255,4681.882,10888.2,2016.508,4551.903,11130.39,1968.176,4611.51,10644.58,2008.945,4557.575,11029.66,1966.29,4752.392
11100.73,1975.98,4695.438,10976.92,1966.141,4839.699,11040.94,1955.12,4622.415,9694.262,1951.155,4694.055,10807.16,1976.812,4570.335,10962.98,1992.067,4597.504,10896.25,2014.702,4676.1,10721.06,1978.241,4605.656,10965.16,2030.728,4501.777,10940.87,1981.396,4746.695,11002.76,2020.255,4679.892,10888.33,2016.508,4549.916,11130.02,1968.176,4609.553,10645.19,2008.945,4555.679,11030.01,1966.29,4750.431
11100.48,1975.98,4693.109,10977.11,1966.141,4837.362,11041.08,1955.12,4620.075,9691.959,1951.155,4694.495,10807.51,1976.812,4568.017,10962.89,1992.067,4595.163,10896.46,2014.702,4673.766,10721.75,1978.241,4603.417,10965.31,2030.728,4499.438,10940.96,1981.396,4744.353,11002.93,2020.255,4677.554,10888.61,2016.508,4547.588,11129.66,1968.176,4607.237,10645.83,2008.945,4553.426,11030.36,1966.29,4748.112
11100.21,1975.98,4689.745,10977.46,1966.141,4834.006,11041.18,1955.12,4616.702,9688.626,1951.155,4695.019,10807.62,1976.812,4564.645,10962.86,1992.067,4591.789,10896.67,2014.702,4670.399,10722.65,1978.241,4600.164,10965.62,2030.728,4496.079,10941.19,1981.396,4740.987,11003.25,2020.255,4674.195,10888.9,2016.508,4544.227,11129.21,1968.176,4603.894,10646.86,2008.945,4550.21,11030.74,1966.29,4744.76
11100.13,1975.98,4687.989,10977.59,1966.141,4832.253,11041.17,1955.12,4614.944,9686.881,1951.155,4695.234,10807.73,1976.812,4562.89,10962.9,1992.067,4590.031,10896.73,2014.702,4668.642,10723.1,1978.241,4598.466,10965.73,2030.728,4494.324,10941.35,1981.396,4739.237,11003.35,2020.255,4672.44,10889.19,2016.508,4542.493,11129.03,1968.176,4602.145,10647.33,2008.945,4548.518,11030.88,1966.29,4743.007
11100.11,1975.98,4686.396,10977.87,1966.141,4830.684,11041.11,1955.12,4613.351,9685.294,1951.155,4695.378,10807.88,1976.812,4561.304,10962.87,1992.067,4588.438,10896.74,2014.702,4667.049,10723.46,1978.241,4596.914,10965.86,2030.728,4492.736,10941.54,1981.396,4737.656,11003.4,2020.255,4670.848,10889.4,2016.508,4540.913,11128.92,1968.176,4600.555,10647.71,2008.945,4546.97,11030.96,1966.29,4741.416
11100.17,1975.98,4683.561,10978.27,1966.141,4827.876,11040.91,1955.12,4610.522,9682.496,1951.155,4695.842,10808.25,1976.812,4558.492,10962.9,1992.067,4585.602,10896.41,2014.702,4664.233,10724.02,1978.241,4594.133,10966.21,2030.728,4489.922,10941.8,1981.396,4734.832,11003.62,2020.255,4668.02,10889.68,2016.508,4538.092,11128.81,1968.176,4597.721,10648.3,2008.945,4544.196,11031.01,1966.29,4738.58
11100.37,1975.98,4679.712,10979.02,1966.141,4824.097,11040.61,1955.12,4606.683,9678.676,1951.155,4696.347,10808.87,1976.812,4554.688,10962.83,1992.067,4581.75,10896.07,2014.702,4660.395,10724.65,1978.241,4590.332,10966.78,2030.728,4486.111,10942.03,1981.396,4730.985,11004.08,2020.255,4664.194,10889.94,2016.508,4534.247,11128.8,1968.176,4593.867,10648.98,2008.945,4540.402,11030.95,1966.29,4734.727
11100.64,1975.98,4676.524,10979.54,1966.141,4820.939,11040.46,1955.12,4603.487,9675.501,1951.155,4696.744,10809.28,1976.812,4551.516,10962.68,1992.067,4578.554,10895.9,2014.702,4657.2,10725.28,1978.241,4587.194,10967.37,2030.728,4482.966,10942.41,1981.396,4727.809,11004.36,2020.255,4661.007,10889.97,2016.508,4531.048,11128.87,1968.176,4590.668,10649.51,2008.945,4537.248,11030.79,1966.29,4731.531
11100.97,1975.98,4673.728,10980.08,1966.141,4818.176,11040.41,1955.12,4600.672,9672.697,1951.155,4697.001,10809.55,1976.812,4548.713,10962.47,1992.067,4575.747,10895.84,2014.702,4654.385,10725.74,1978.241,4584.416,10967.8,2030.728,4480.183,10942.66,1981.396,4725.003,11004.51,2020.255,4658.196,10889.86,2016.508,4528.234,11129.29,1968.176,4587.884,10649.76,2008.945,4534.443,11030.71,1966.29,4728.718
11101.15,1975.98,4672.498,10980.28,1966.141,4816.948,11040.42,1955.12,4599.429,9671.456,1951.155,4697.075,10809.8,1976.812,4547.494,10962.34,1992.067,4574.51,10895.85,2014.702,4653.141,10725.9,1978.241,4583.183,10967.95,2030.728,4478.948,10942.73,1981.396,4723.762,11004.54,2020.255,4656.952,10889.85,2016.508,4526.99,11129.5,1968.176,4586.659,10649.85,2008.945,4533.203,11030.69,1966.29,4727.475
11101.22,1975.98,4672.113,10980.33,1966.141,4816.56,11040.44,1955.12,4599.038,9671.068,1951.155,4697.121,10809.87,1976.812,4547.109,10962.29,1992.067,4574.123,10895.87,2014.702,4652.75,10725.94,1978.241,4582.794,10967.98,2030.728,4478.559,10942.74,1981.396,4723.371,11004.54,2020.255,4656.562,10889.86,2016.508,4526.6,11129.55,1968.176,4586.271,10649.83,2008.945,4532.813,11030.69,1966.29,4727.084
11101.78,1975.98,4669.535,10980.7,1966.141,4813.949,11040.62,1955.12,4596.407,9668.465,1951.155,4697.545,10810.41,1976.812,4544.529,10961.85,1992.067,4571.521,10896.07,2014.702,4650.12,10726.11,1978.241,4580.162,10968.12,2030.728,4475.924,10942.71,1981.396,4720.733,11004.42,2020.255,4653.926,10890.02,2016.508,4523.966,11129.9,1968.176,4583.656,10649.78,2008.945,4530.175,11030.76,1966.29,4724.448
11102.31,1975.98,4666.672,10981.03,1966.141,4811.055,11040.89,1955.12,4593.507,9665.613,1951.155,4698.132,10810.93,1976.812,4541.663,10961.47,1992.067,4568.635,10896.39,2014.702,4647.226,10726.29,1978.241,4577.256,10968.19,2030.728,4473.013,10942.59,1981.396,4717.824,11004.29,2020.255,4651.019,10890.1,2016.508,4521.056,11130.37,1968.176,4580.782,10649.82,2008.945,4527.263,11030.93,1966.29,4721.541
11102.57,1975.98,4664.979,10981.18,1966.141,4809.349,11041.21,1955.12,4591.825,9663.926,1951.155,4698.422,10811.17,1976.812,4539.968,10961.29,1992.067,4566.932,10896.63,2014.702,4645.53,10726.45,1978.241,4575.551,10968.17,2030.728,4471.301,10942.47,1981.396,4716.116,11004.22,2020.255,4649.309,10890.1,2016.508,4519.343,11130.59,1968.176,4579.084,10650.14,2008.945,4525.582,11031.08,1966.29,4719.835
11102.77,1975.98,4663.328,10981.27,1966.141,4807.688,11041.47,1955.12,4590.182,9662.29,1951.155,4698.726,10811.36,1976.812,4538.314,10961.17,1992.067,4565.272,10896.81,2014.702,4643.876,10726.66,1978.241,4573.9,10968.33,2030.728,4469.645,10942.29,1981.396,4714.462,11004.2,2020.255,4647.645,10890.04,2016.508,4517.681,11130.86,1968.176,4577.443,10650.41,2008.945,4523.939,11031.28,1966.29,4718.184
11103.04,1975.98,4660.303,10981.34,1966.141,4804.651,11041.84,1955.12,4587.167,9659.287,1951.155,4699.181,10811.59,1976.812,4535.286,10961.04,1992.067,4562.238,10897.04,2014.702,4640.848,10727.13,1978.241,4570.899,10968.53,2030.728,4466.614,10942.07,1981.396,4711.433,11004.25,2020.255,4644.608,10889.85,2016.508,4514.649,11131.26,1968.176,4574.432,10651.15,2008.945,4520.993,11031.55,1966.29,4715.159
11103.15,1975.98,4658.644,10981.32,1966.141,4802.988,11041.99,1955.12,4585.511,9657.636,1951.155,4699.376,10811.67,1976.812,4533.625,10961.02,1992.067,4560.575,10897.21,2014.702,4639.192,10727.33,1978.241,4569.248,10968.58,2030.728,4464.952,10942,1981.396,4709.771,11004.33,2020.255,4642.947,10889.69,2016.508,4512.994,11131.43,1968.176,4572.777,10651.5,2008.945,4519.367,11031.69,1966.29,4713.501
11103.25,1975.98,4655.417,10980.85,1966.141,4799.793,11042.25,1955.12,4582.293,9654.435,1951.155,4699.791,10811.72,1976.812,4530.397,10961.09,1992.067,4557.347,10897.43,2014.702,4635.973,10727.88,1978.241,4566.068,10968.59,2030.728,4461.724,10941.95,1981.396,4706.544,11004.58,2020.255,4639.729,10889.4,2016.508,4509.78,11131.81,1968.176,4569.572,10652.25,2008.945,4516.228,11031.85,1966.29,4710.277
11103.26,1975.98,4653.069,10980.59,1966.141,4797.459,11042.46,1955.12,4579.954,9652.119,1951.155,4700.188,10811.7,1976.812,4528.049,10961.21,1992.067,4555.001,10897.54,2014.702,4633.626,10728.21,1978.241,4563.742,10968.51,2030.728,4459.376,10941.98,1981.396,4704.196,11004.83,2020.255,4637.394,10889.21,2016.508,4507.44,11132.02,1968.176,4567.232,10652.72,2008.945,4513.926,11031.96,1966.29,4707.931
11103.2,1975.98,4650.713,10980.41,1966.141,4795.109,11042.59,1955.12,4577.601,9649.784,1951.155,4700.512,10811.6,1976.812,4525.694,10961.4,1992.067,4552.653,10897.58,2014.702,4631.271,10728.46,1978.241,4561.398,10968.36,2030.728,4457.024,10942.07,1981.396,4701.841,11005.14,2020.255,4635.058,10889.03,2016.508,4505.092,11132.37,1968.176,4564.902,10653.28,2008.945,4511.636,11031.99,1966.29,4705.574
11103,1975.98,4647.042,10980.24,1966.141,4791.436,11042.35,1955.12,4573.932,9646.127,1951.155,4700.896,10811.34,1976.812,4522.027,10961.82,1992.067,4549,10897.54,2014.702,4627.594,10728.73,1978.241,4557.731,10967.93,2030.728,4453.373,10942.31,1981.396,4698.172,11005.71,2020.255,4631.427,10888.76,2016.508,4501.426,11132.96,1968.176,4561.271,10654.03,2008.945,4508.037,11031.48,1966.29,4701.932
11102.79,1975.98,4644.456,10979.96,1966.141,4788.856,11042.27,1955.12,4571.338,9643.539,1951.155,4701.083,10811.17,1976.812,4519.439,10962.02,1992.067,4546.413,10897.45,2014.702,4625.001,10728.84,1978.241,4555.139,10967.67,2030.728,4450.791,10942.54,1981.396,4695.588,11006.05,2020.255,4628.854,10888.65,2016.508,4498.833,11133.29,1968.176,4558.697,10654.48,2008.945,4505.481,11031.19,1966.29,4699.354
11102.59,1975.98,4642.583,10979.81,1966.141,4786.979,11042.26,1955.12,4569.455,9641.675,1951.155,4701.348,10811.05,1976.812,4517.561,10962.11,1992.067,4544.533,10897.44,2014.702,4623.119,10728.86,1978.241,4553.256,10967.54,2030.728,4448.912,10942.65,1981.396,4693.708,11006.23,2020.255,4626.98,10888.63,2016.508,4496.951,11133.46,1968.176,4556.823,10654.74,2008.945,4503.617,11031.04,1966.29,4697.477
11102.43,1975.98,4640.403,10979.72,1966.141,4784.795,11042.33,1955.12,4567.27,9639.502,1951.155,4701.583,10810.92,1976.812,4515.38,10962.15,1992.067,4542.347,10897.5,2014.702,4620.934,10728.8,1978.241,4551.07,10967.24,2030.728,4446.748,10942.71,1981.396,4691.523,11006.37,2020.255,4624.798,10888.66,2016.508,4494.766,11133.6,1968.176,4554.642,10654.98,2008.945,4501.443,11030.94,1966.29,4695.293
11102.34,1975.98,4638.141,10979.65,1966.141,4782.532,11042.41,1955.12,4565.007,9637.258,1951.155,4701.885,10810.8,1976.812,4513.12,10962.11,1992.067,4540.083,10897.65,2014.702,4618.673,10728.67,1978.241,4548.81,10966.91,2030.728,4444.506,10942.7,1981.396,4689.259,11006.44,2020.255,4622.535,10888.77,2016.508,4492.504,11133.67,1968.176,4552.378,10655.15,2008.945,4499.186,11030.91,1966.29,4693.029
11102.29,1975.98,4637.555,10979.65,1966.141,4781.944,11042.41,1955.12,4564.419,9636.673,1951.155,4701.944,10810.77,1976.812,4512.533,10962.12,1992.067,4539.495,10897.7,2014.702,4618.088,10728.62,1978.241,4548.224,10966.85,2030.728,4443.922,10942.68,1981.396,4688.672,11006.44,2020.255,4621.947,10888.81,2016.508,4491.918,11133.75,1968.176,4551.797,10655.17,2008.945,4498.598,11030.92,1966.29,4692.441
11101.97,1975.98,4632.47,10980.31,1966.141,4776.891,11042.58,1955.12,4559.326,9631.589,1951.155,4702.29,10810.54,1976.812,4507.445,10962.04,1992.067,4534.4,10898.35,2014.702,4613.034,10728,1978.241,4543.167,10966.46,2030.728,4438.841,10942.32,1981.396,4683.588,11006.27,2020.255,4616.854,10889.33,2016.508,4486.85,11134.36,1968.176,4546.737,10655.22,2008.945,4493.502,11031.17,1966.29,4687.352
11101.92,1975.98,4631.059,10980.45,1966.141,4775.486,11042.63,1955.12,4557.915,9630.179,1951.155,4702.358,10810.53,1976.812,4506.033,10961.97,1992.067,4532.99,10898.49,2014.702,4611.629,10727.78,1978.241,4541.771,10966.23,2030.728,4437.447,10942.26,1981.396,4682.178,11006.17,2020.255,4615.446,10889.43,2016.508,4485.441,11134.48,1968.176,4545.33,10655.19,2008.945,4492.091,11031.19,1966.29,4685.94
11101.92,1975.98,4629.599,10980.54,1966.141,4774.03,11042.62,1955.12,4556.456,9628.72,1951.155,4702.381,10810.46,1976.812,4504.575,10961.95,1992.067,4531.531,10898.6,2014.702,4610.174,10727.61,1978.241,4540.323,10966.03,2030.728,4436.002,10942.23,1981.396,4680.72,11005.98,2020.255,4613.999,10889.49,2016.508,4483.982,11134.56,1968.176,4543.873,10655.11,2008.945,4490.634,11031.17,1966.29,4684.481
11101.85,1975.98,4627.249,10980.62,1966.141,4771.68,11042.54,1955.12,4554.106,9626.391,1951.155,4702.706,10810.28,1976.812,4502.23,10961.93,1992.067,4529.18,10898.7,2014.702,4607.826,10727.22,1978.241,4538.003,10965.67,2030.728,4433.679,10942.25,1981.396,4678.369,11005.76,2020.255,4611.658,10889.5,2016.508,4481.631,11134.61,1968.176,4541.522,10654.9,2008.945,4488.292,11031.09,1966.29,4682.132
11102.2,1975.98,4622.911,10980.61,1966.141,4767.328,11042.25,1955.12,4549.764,9622.063,1951.155,4703.167,10810.45,1976.812,4497.882,10961.74,1992.067,4524.832,10898.79,2014.702,4603.475,10726.66,1978.241,4533.688,10965.02,2030.728,4429.375,10942.39,1981.396,4674.021,11005.48,2020.255,4607.315,10889.38,2016.508,4477.281,11134.75,1968.176,4537.173,10654.38,2008.945,4483.971,11030.79,1966.29,4677.79
11102.3,1975.98,4621.011,10980.68,1966.141,4765.427,11041.88,1955.12,4547.897,9620.166,1951.155,4703.306,10810.46,1976.812,4495.98,10961.72,1992.067,4522.93,10898.77,2014.702,4601.573,10726.47,1978.241,4531.795,10964.73,2030.728,4427.495,10942.39,1981.396,4672.119,11005.42,2020.255,4605.414,10889.27,2016.508,4475.382,11134.75,1968.176,4535.271,10654.09,2008.945,4482.091,11030.73,1966.29,4675.889
11102.3,1975.98,4620.62,10980.68,1966.141,4765.035,11041.81,1955.12,4547.512,9619.774,1951.155,4703.321,10810.45,1976.812,4495.588,10961.7,1992.067,4522.539,10898.76,2014.702,4601.182,10726.42,1978.241,4531.407,10964.66,2030.728,4427.11,10942.38,1981.396,4671.727,11005.4,2020.255,4605.023,10889.23,2016.508,4474.992,11134.74,1968.176,4534.879,10654.02,2008.945,4481.707,11030.73,1966.29,4675.497
11102.27,1975.98,4618.563,10980.61,1966.141,4762.979,11041.4,1955.12,4545.497,9617.741,1951.155,4703.633,10810.33,1976.812,4493.535,10961.54,1992.067,4520.488,10898.64,2014.702,4599.129,10726.08,1978.241,4529.378,10964.23,2030.728,4425.099,10942.26,1981.396,4669.674,11005.4,2020.255,4602.966,10888.98,2016.508,4472.951,11134.72,1968.176,4532.823,10653.78,2008.945,4479.664,11030.79,1966.29,4673.441
11102.11,1975.98,4615.506,10980.61,1966.141,4759.918,11040.89,1955.12,4542.479,9614.702,1951.155,4703.999,10810.05,1976.812,4490.487,10961.62,1992.067,4517.428,10898.38,2014.702,4596.08,10725.32,1978.241,4526.414,10963.68,2030.728,4422.087,10941.99,1981.396,4666.625,11005.31,2020.255,4599.907,10888.7,2016.508,4469.903,11134.6,1968.176,4529.764,10653.75,2008.945,4476.603,11030.98,1966.29,4670.386
11102.13,1975.98,4613.663,10980.82,1966.141,4758.087,11040.64,1955.12,4540.652,9612.865,1951.155,4704.159,10809.82,1976.812,4488.658,10961.61,1992.067,4515.584,10898.18,2014.702,4594.248,10724.91,1978.241,4524.615,10963.41,2030.728,4420.264,10941.87,1981.396,4664.786,11005.2,2020.255,4598.067,10888.86,2016.508,4468.067,11134.47,1968.176,4527.926,10653.68,2008.945,4474.761,11031.03,1966.29,4668.543
11102.07,1975.98,4611.214,10981.02,1966.141,4755.646,11040.39,1955.12,4538.215,9610.419,1951.155,4704.292,10809.18,1976.812,4486.292,10961.71,1992.067,4513.137,10897.86,2014.702,4591.82,10724.26,1978.241,4522.253,10963.13,2030.728,4417.83,10941.77,1981.396,4662.339,11004.72,2020.255,4595.664,10889,2016.508,4465.621,11134.26,1968.176,4525.485,10653.5,2008.945,4472.317,11031.02,1966.29,4666.094
11101.89,1975.98,4607.941,10981.19,1966.141,4752.373,11040.17,1955.12,4534.945,9607.154,1951.155,4704.588,10808.43,1976.812,4483.102,10961.74,1992.067,4509.859,10897.35,2014.702,4588.583,10723.5,1978.241,4519.067,10962.86,2030.728,4414.563,10941.72,1981.396,4659.063,11004.18,2020.255,4592.43,10889.08,2016.508,4462.345,11134.09,1968.176,4522.212,10653.15,2008.945,4469.059,11030.9,1966.29,4662.818
11101.63,1975.98,4604.902,10981.24,1966.141,4749.323,11039.86,1955.12,4531.911,9604.109,1951.155,4704.764,10807.68,1976.812,4480.144,10961.67,1992.067,4506.81,10896.81,2014.702,4585.582,10722.88,1978.241,4516.08,10962.71,2030.728,4411.517,10941.76,1981.396,4656.013,11003.78,2020.255,4589.407,10889.06,2016.508,4459.294,11133.83,1968.176,4519.172,10652.74,2008.945,4466.035,11030.69,1966.29,4659.775
11101.29,1975.98,4601.982,10981.2,1966.141,4746.383,11039.3,1955.12,4529.023,9601.187,1951.155,4705.077,10806.93,1976.812,4477.302,10961.5,1992.067,4503.875,10896.22,2014.702,4582.702,10722.38,1978.241,4513.183,10962.66,2030.728,4408.578,10941.87,1981.396,4653.076,11003.48,2020.255,4586.482,10888.94,2016.508,4456.357,11133.88,1968.176,4516.233,10652.26,2008.945,4463.136,11030.58,1966.29,4656.838
11101.17,1975.98,4601.147,10981.27,1966.141,4745.542,11039.17,1955.12,4528.19,9600.345,1951.155,4705.14,10806.74,1976.812,4476.479,10961.43,1992.067,4503.034,10896.08,2014.702,4581.87,10722.23,1978.241,4512.353,10962.67,2030.728,4407.734,10941.87,1981.396,4652.232,11003.42,2020.255,4585.641,10888.88,2016.508,4455.516,11133.87,1968.176,4515.39,10652.09,2008.945,4462.309,11030.53,1966.29,4655.996
11101.12,1975.98,4600.68,10981.3,1966.141,4745.072,11039.11,1955.12,4527.724,9599.874,1951.155,4705.159,10806.65,1976.812,4476.018,10961.38,1992.067,4502.566,10896.01,2014.702,4581.405,10722.12,1978.241,4511.893,10962.69,2030.728,4407.264,10941.88,1981.396,4651.761,11003.4,2020.255,4585.17,10888.83,2016.508,4455.047,11133.85,1968.176,4514.919,10651.98,2008.945,4461.85,11030.48,1966.29,4655.528
11100.75,1975.98,4596.059,10981.4,1966.141,4740.438,11038.64,1955.12,4523.112,9595.238,1951.155,4705.198,10805.29,1976.812,4471.587,10960.71,1992.067,4497.979,10895.16,2014.702,4576.847,10721.24,1978.241,4507.342,10963.05,2030.728,4402.643,10941.8,1981.396,4647.126,11003.32,2020.255,4580.536,10888.21,2016.508,4450.455,11133.47,1968.176,4510.299,10650.96,2008.945,4457.329,11030.07,1966.29,4650.912
11100.67,1975.98,4594.296,10981.38,1966.141,4738.674,11038.51,1955.12,4521.353,9593.475,1951.155,4705.155,10804.83,1976.812,4469.885,10960.4,1992.067,4496.242,10894.9,2014.702,4575.103,10721,1978.241,4505.594,10963.25,2030.728,4400.89,10941.72,1981.396,4645.365,11003.26,2020.255,4578.773,10887.91,2016.508,4448.715,11133.44,1968.176,4508.535,10650.52,2008.945,4455.622,11029.95,1966.29,4649.153
11100.55,1975.98,4592.702,10981.31,1966.141,4737.076,11038.44,1955.12,4519.755,9591.881,1951.155,4705.022,10804.46,1976.812,4468.329,10960.08,1992.067,4494.675,10894.71,2014.702,4573.515,10720.73,1978.241,4504.018,10963.37,2030.728,4399.295,10941.59,1981.396,4643.771,11003.17,2020.255,4577.177,10887.67,2016.508,4447.134,11133.36,1968.176,4506.938,10650.15,2008.945,4454.066,11029.88,1966.29,4647.555
11100.36,1975.98,4588.333,10980.97,1966.141,4732.715,11038.11,1955.12,4515.394,9587.513,1951.155,4704.8,10803.59,1976.812,4464.042,10959.34,1992.067,4490.365,10894.33,2014.702,4569.157,10720.28,1978.241,4499.667,10963.57,2030.728,4394.926,10941.1,1981.396,4639.425,11002.86,2020.255,4572.816,10886.39,2016.508,4442.951,11133.06,1968.176,4502.574,10649.27,2008.945,4449.781,11029.78,1966.29,4643.185
11100.33,1975.98,4585.846,10980.7,1966.141,4730.243,11038.13,1955.12,4512.907,9585.026,1951.155,4704.755,10803.01,1976.812,4461.623,10959,1992.067,4487.901,10894.2,2014.702,4566.674,10719.94,1978.241,4497.204,10963.6,2030.728,4392.439,10940.86,1981.396,4636.949,11002.65,2020.255,4570.339,10885.74,2016.508,4440.55,11132.81,1968.176,4500.1,10648.85,2008.945,4447.329,11029.64,1966.29,4640.701
11100.37,1975.98,4583.961,10980.55,1966.141,4728.363,11038.08,1955.12,4511.022,9583.142,1951.155,4704.733,10802.48,1976.812,4459.814,10958.8,1992.067,4486.026,10894.16,2014.702,4564.789,10719.62,1978.241,4495.345,10963.56,2030.728,4390.554,10940.45,1981.396,4635.109,11002.48,2020.255,4568.462,10885.31,2016.508,4438.715,11132.5,1968.176,4498.24,10648.86,2008.945,4445.444,11029.48,1966.29,4638.823
11100.36,1975.98,4583.179,10980.53,1966.141,4727.581,11038.04,1955.12,4510.241,9582.37,1951.155,4704.603,10802.27,1976.812,4459.06,10958.75,1992.067,4485.246,10894.17,2014.702,4564.007,10719.38,1978.241,4494.603,10963.54,2030.728,4389.772,10940.3,1981.396,4634.34,11002.39,2020.255,4567.685,10885.15,2016.508,4437.948,11132.35,1968.176,4497.472,10648.84,2008.945,4444.662,11029.42,1966.29,4638.043
11100.27,1975.98,4580.97,10980.39,1966.141,4725.374,11037.89,1955.12,4508.036,9580.18,1951.155,4704.304,10801.75,1976.812,4456.912,10958.51,1992.067,4483.047,10894.27,2014.702,4561.798,10718.74,1978.241,4492.484,10963.39,2030.728,4387.566,10939.96,1981.396,4632.155,11002.15,2020.255,4565.488,10884.79,2016.508,4435.768,11132.01,1968.176,4495.289,10648.71,2008.945,4442.455,11029.38,1966.29,4635.833
11100.09,1975.98,4578.582,10980.16,1966.141,4722.991,11037.89,1955.12,4505.641,9577.798,1951.155,4704.059,10801.26,1976.812,4454.567,10958.34,1992.067,4480.659,10894.46,2014.702,4559.411,10718.14,1978.241,4490.168,10963.16,2030.728,4385.183,10939.49,1981.396,4629.81,11001.88,2020.255,4563.11,10884.29,2016.508,4433.426,11131.71,1968.176,4492.913,10648.49,2008.945,4440.071,11029.3,1966.29,4633.439
11099.81,1975.98,4575.753,10979.92,1966.141,4720.157,11037.8,1955.12,4502.799,9574.976,1951.155,4703.707,10800.59,1976.812,4451.804,10957.88,1992.067,4477.852,10894.6,2014.702,4556.572,10717.5,1978.241,4487.396,10962.78,2030.728,4382.364,10938.98,1981.396,4627.013,11001.65,2020.255,4560.276,10883.79,2016.508,4430.627,11131.33,1968.176,4490.094,10648.13,2008.945,4437.25,11029.11,1966.29,4630.602
11099.63,1975.98,4573.228,10979.68,1966.141,4717.637,11037.93,1955.12,4500.27,9572.454,1951.155,4703.477,10799.92,1976.812,4449.362,10957.56,1992.067,4475.341,10894.66,2014.702,4554.041,10717.02,1978.241,4484.91,10962.74,2030.728,4379.833,10938.58,1981.396,4624.513,11001.5,2020.255,4557.749,10883.26,2016.508,4428.151,11131.08,1968.176,4487.575,10647.73,2008.945,4434.75,11028.86,1966.29,4628.083
11099.56,1975.98,4571.384,10979.72,1966.141,4715.792,11037.96,1955.12,4498.425,9570.62,1951.155,4703.273,10799.42,1976.812,4447.585,10957.19,1992.067,4473.533,10894.65,2014.702,4552.196,10716.61,1978.241,4483.111,10962.66,2030.728,4377.989,10938.33,1981.396,4622.685,11001.45,2020.255,4555.905,10882.93,2016.508,4426.335,11130.95,1968.176,4485.734,10647.55,2008.945,4432.913,11028.62,1966.29,4626.253
11099.4,1975.98,4568.933,10979.69,1966.141,4713.336,11037.99,1955.12,4495.969,9568.171,1951.155,4703.082,10798.75,1976.812,4445.224,10956.78,1992.067,4471.111,10894.58,2014.702,4549.741,10715.99,1978.241,4480.735,10962.47,2030.728,4375.54,10938.06,1981.396,4620.244,11001.44,2020.255,4553.449,10882.55,2016.508,4423.909,11130.86,1968.176,4483.279,10647.24,2008.945,4430.477,11028.35,1966.29,4623.811
11099.18,1975.98,4566.7,10979.59,1966.141,4711.094,11038.12,1955.12,4493.729,9565.93,1951.155,4702.981,10798.2,1976.812,4443.047,10956.48,1992.067,4468.888,10894.46,2014.702,4547.501,10715.42,1978.241,4478.563,10962.32,2030.728,4373.301,10937.86,1981.396,4618.01,11001.48,2020.255,4551.206,10882.13,2016.508,4421.705,11130.71,1968.176,4481.041,10646.88,2008.945,4428.263,11028.15,1966.29,4621.577
11098.88,1975.98,4564.352,10979.41,1966.141,4708.734,11038.3,1955.12,4491.368,9563.563,1951.155,4702.952,10797.55,1976.812,4440.771,10956.04,1992.067,4466.563,10894.27,2014.702,4545.142,10715.13,1978.241,4476.214,10962.09,2030.728,4370.945,10937.71,1981.396,4615.648,11001.57,2020.255,4548.841,10881.49,2016.508,4419.424,11130.55,1968.176,4478.679,10646.42,2008.945,4425.94,11027.99,1966.29,4619.215
11098.48,1975.98,4561.798,10979.13,1966.141,4706.164,11038.41,1955.12,4488.785,9560.978,1951.155,4702.978,10796.92,1976.812,4438.263,10955.63,1992.067,4464.009,10894,2014.702,4542.571,10714.73,1978.241,4473.66,10961.76,2030.728,4368.381,10937.61,1981.396,4613.065,11001.71,2020.255,4546.26,10880.71,2016.508,4416.96,11130.49,1968.176,4476.094,10645.93,2008.945,4423.4,11028.2,1966.29,4616.638
11098.26,1975.98,4559.994,10978.99,1966.141,4704.352,11038.43,1955.12,4486.968,9559.162,1951.155,4703.055,10796.54,1976.812,4436.487,10955.41,1992.067,4462.206,10893.77,2014.702,4540.77,10714.39,1978.241,4471.875,10961.46,2030.728,4366.588,10937.59,1981.396,4611.249,11001.76,2020.255,4544.444,10880.2,2016.508,4415.215,11130.39,1968.176,4474.279,10645.54,2008.945,4421.627,11028.28,1966.29,4614.823
11098.1,1975.98,4558.192,10978.91,1966.141,4702.544,11038.53,1955.12,4485.162,9557.357,1951.155,4703.191,10796.22,1976.812,4434.707,10955.13,1992.067,4460.418,10893.5,2014.702,4538.981,10714,1978.241,4470.109,10961.27,2030.728,4364.79,10937.61,1981.396,4609.439,11001.74,2020.255,4542.634,10879.62,2016.508,4413.503,11130.23,1968.176,4472.477,10645.08,2008.945,4419.875,11028.31,1966.29,4613.014
11097.97,1975.98,4555.932,10979.13,1966.141,4700.291,11038.58,1955.12,4482.898,9555.096,1951.155,4703.288,10795.88,1976.812,4432.467,10954.85,1992.067,4458.171,10893.1,2014.702,4536.752,10713.43,1978.241,4467.917,10960.95,2030.728,4362.548,10937.7,1981.396,4607.177,11001.64,2020.255,4540.372,10878.95,2016.508,4411.338,11129.73,1968.176,4470.267,10644.45,2008.945,4417.703,11028.28,1966.29,4610.75
11097.94,1975.98,4554.47,10979.22,1966.141,4698.831,11038.57,1955.12,4481.436,9553.633,1951.155,4703.3,10795.72,1976.812,4431.014,10954.62,1992.067,4456.726,10892.82,2014.702,4535.318,10713.02,1978.241,4466.514,10960.84,2030.728,4361.089,10937.8,1981.396,4605.718,11001.54,2020.255,4538.913,10878.57,2016.508,4409.927,11129.46,1968.176,4468.829,10643.99,2008.945,4416.314,11028.21,1966.29,4609.29
11097.96,1975.98,4552.156,10979.28,1966.141,4696.519,11038.5,1955.12,4479.123,9551.321,1951.155,4703.396,10795.38,1976.812,4428.726,10954.34,1992.067,4454.43,10892.31,2014.702,4533.061,10712.37,1978.241,4464.292,10960.59,2030.728,4358.79,10938.01,1981.396,4603.415,11001.3,2020.255,4536.612,10877.89,2016.508,4407.715,11129.11,1968.176,4466.542,10643.55,2008.945,4414.042,11028.02,1966.29,4606.983
11098.03,1975.98,4550.402,10979.28,1966.141,4694.763,11038.39,1955.12,4477.371,9549.57,1951.155,4703.525,10795.06,1976.812,4426.998,10954.11,1992.067,4452.689,10891.99,2014.702,4531.335,10711.94,1978.241,4462.591,10960.44,2030.728,4357.04,10938.12,1981.396,4601.663,11001.17,2020.255,4534.86,10877.38,2016.508,4406.036,11128.9,1968.176,4464.799,10643.18,2008.945,4412.325,11027.82,1966.29,4605.239
11098.16,1975.98,4548.565,10979.21,1966.141,4692.922,11038.21,1955.12,4475.537,9547.73,1951.155,4703.601,10794.67,1976.812,4425.198,10954.13,1992.067,4450.848,10891.71,2014.702,4529.516,10711.29,1978.241,4460.865,10960.23,2030.728,4355.211,10938.21,1981.396,4599.823,11000.98,2020.255,4533.029,10876.89,2016.508,4404.258,11128.74,1968.176,4462.964,10642.74,2008.945,4410.538,11027.56,1966.29,4603.417
11098.33,1975.98,4546.927,10979.1,1966.141,4691.278,11038.11,1955.12,4473.893,9546.085,1951.155,4703.517,10794.27,1976.812,4423.6,10954.09,1992.067,4449.201,10891.51,2014.702,4527.88,10710.77,1978.241,4459.303,10959.98,2030.728,4353.582,10938.25,1981.396,4598.176,11000.76,2020.255,4531.397,10876.52,2016.508,4402.655,11128.43,1968.176,4461.346,10642.29,2008.945,4408.953,11027.26,1966.29,4601.795
11098.46,1975.98,4545.206,10978.94,1966.141,4689.56,11038.03,1955.12,4472.169,9544.359,1951.155,4703.485,10793.8,1976.812,4421.941,10954.09,1992.067,4447.475,10891.35,2014.702,4526.161,10710.28,1978.241,4457.649,10959.67,2030.728,4351.885,10938.32,1981.396,4596.452,11000.54,2020.255,4529.687,10876.17,2016.508,4400.964,11128.16,1968.176,4459.642,10641.81,2008.945,4407.294,11027.01,1966.29,4600.088
11098.54,1975.98,4543.321,10978.82,1966.141,4687.678,11038.11,1955.12,4470.285,9542.476,1951.155,4703.396,10793,1976.812,4420.233,10954.02,1992.067,4445.59,10891.25,2014.702,4524.278,10709.68,1978.241,4455.861,10959.39,2030.728,4350.02,10938.33,1981.396,4594.566,11000.32,2020.255,4527.814,10875.86,2016.508,4399.104,11127.93,1968.176,4457.77,10641.24,2008.945,4405.499,11026.74,1966.29,4598.222
11098.55,1975.98,4541.769,10978.68,1966.141,4686.132,11038.12,1955.12,4468.732,9540.923,1951.155,4703.374,10792.38,1976.812,4418.807,10953.93,1992.067,4444.041,10891.21,2014.702,4522.726,10709.14,1978.241,4454.406,10959.21,2030.728,4348.478,10938.3,1981.396,4593.014,11000.13,2020.255,4526.273,10875.79,2016.508,4397.553,11127.79,1968.176,4456.224,10640.71,2008.945,4404.038,11026.56,1966.29,4596.679
11098.53,1975.98,4540.385,10978.59,1966.141,4684.75,11038.24,1955.12,4467.353,9539.539,1951.155,4703.399,10791.88,1976.812,4417.518,10953.84,1992.067,4442.66,10891.23,2014.702,4521.342,10708.75,1978.241,4453.078,10959.09,2030.728,4347.099,10938.22,1981.396,4591.632,10999.93,2020.255,4524.904,10875.68,2016.508,4396.173,11127.57,1968.176,4454.856,10640.37,2008.945,4402.697,11026.45,1966.29,4595.299
11098.47,1975.98,4539.347,10978.5,1966.141,4683.716,11038.3,1955.12,4466.315,9538.501,1951.155,4703.453,10791.53,1976.812,4416.538,10953.76,1992.067,4441.623,10891.27,2014.702,4520.304,10708.42,1978.241,4452.092,10958.95,2030.728,4346.068,10938.13,1981.396,4590.597,10999.81,2020.255,4523.873,10875.57,2016.508,4395.14,11127.44,1968.176,4453.825,10640.17,2008.945,4401.677,11026.4,1966.29,4594.261
11098.33,1975.98,4537.516,10978.38,1966.141,4681.882,11038.34,1955.12,4464.479,9536.668,1951.155,4703.582,10790.97,1976.812,4414.787,10953.69,1992.067,4439.787,10891.41,2014.702,4518.472,10707.9,1978.241,4450.33,10958.77,2030.728,4344.24,10937.91,1981.396,4588.773,10999.61,2020.255,4522.046,10875.34,2016.508,4393.316,11127.14,1968.176,4452.013,10639.76,2008.945,4399.886,11026.37,1966.29,4592.424
11098.22,1975.98,4536.512,10978.41,1966.141,4680.873,11038.33,1955.12,4463.468,9535.658,1951.155,4703.619,10790.7,1976.812,4413.814,10953.81,1992.067,4438.783,10891.52,2014.702,4517.467,10707.65,1978.241,4449.352,10958.56,2030.728,4343.252,10937.75,1981.396,4587.774,10999.51,2020.255,4521.042,10875.18,2016.508,4392.319,11127,1968.176,4451.012,10639.5,2008.945,4398.909,11026.39,1966.29,4591.414
11097.92,1975.98,4534.374,10978.41,1966.141,4678.714,11038.24,1955.12,4461.312,9533.5,1951.155,4703.682,10790.18,1976.812,4411.719,10953.98,1992.067,4436.631,10891.82,2014.702,4515.33,10707.03,1978.241,4447.282,10958.17,2030.728,4341.128,10937.36,1981.396,4585.652,10999.32,2020.255,4518.893,10874.64,2016.508,4390.231,11126.79,1968.176,4448.864,10638.88,2008.945,4396.841,11026.49,1966.29,4589.258
11097.81,1975.98,4533.742,10978.39,1966.141,4678.074,11038.19,1955.12,4460.673,9532.86,1951.155,4703.642,10790.01,1976.812,4411.103,10954.01,1992.067,4435.991,10891.89,2014.702,4514.693,10706.83,1978.241,4446.674,10958.04,2030.728,4340.502,10937.26,1981.396,4585.019,10999.28,2020.255,4518.253,10874.46,2016.508,4389.615,11126.7,1968.176,4448.229,10638.68,2008.945,4396.233,11026.5,1966.29,4588.618
11097.53,1975.98,4532.333,10978.29,1966.141,4676.639,11038.03,1955.12,4459.244,9531.423,1951.155,4703.6,10789.57,1976.812,4409.732,10954.03,1992.067,4434.554,10891.99,2014.702,4513.259,10706.43,1978.241,4445.294,10957.91,2030.728,4339.071,10937.09,1981.396,4583.591,10999.24,2020.255,4516.816,10874.02,2016.508,4388.245,11126.46,1968.176,4446.812,10638.17,2008.945,4394.886,11026.48,1966.29,4587.18
11097.31,1975.98,4531.397,10978.2,1966.141,4675.684,11037.9,1955.12,4458.293,9530.463,1951.155,4703.603,10789.31,1976.812,4408.809,10954.01,1992.067,4433.594,10892.04,2014.702,4512.301,10706.13,1978.241,4444.382,10957.79,2030.728,4338.119,10937,1981.396,4582.636,10999.23,2020.255,4515.857,10873.76,2016.508,4387.321,11126.27,1968.176,4445.871,10637.81,2008.945,4393.998,11026.43,1966.29,4586.222
11097.05,1975.98,4530.388,10978.06,1966.141,4674.65,11037.75,1955.12,4457.26,9529.42,1951.155,4703.64,10789,1976.812,4407.814,10953.96,1992.067,4432.552,10892.06,2014.702,4511.258,10705.77,1978.241,4443.402,10957.63,2030.728,4337.088,10936.93,1981.396,4581.596,10999.22,2020.255,4514.813,10873.51,2016.508,4386.308,11126.04,1968.176,4444.855,10637.38,2008.945,4393.046,11026.34,1966.29,4585.182
11096.69,1975.98,4528.814,10977.87,1966.141,4673.047,11037.49,1955.12,4455.669,9527.81,1951.155,4703.75,10788.46,1976.812,4406.293,10953.87,1992.067,4430.941,10892.05,2014.702,4509.644,10705.17,1978.241,4441.905,10957.32,2030.728,4335.502,10936.85,1981.396,4579.984,10999.25,2020.255,4513.2,10872.88,2016.508,4384.824,11125.61,1968.176,4443.297,10636.67,2008.945,4391.596,11026.16,1966.29,4583.578
11096.41,1975.98,4527.389,10977.78,1966.141,4671.598,11037.2,1955.12,4454.246,9526.358,1951.155,4703.802,10787.93,1976.812,4404.941,10953.73,1992.067,4429.495,10892,2014.702,4508.193,10704.58,1978.241,4440.577,10957,2030.728,4334.086,10936.82,1981.396,4578.533,10999.29,2020.255,4511.75,10872.25,2016.508,4383.514,11125.28,1968.176,4441.885,10635.99,2008.945,4390.313,11025.94,1966.29,4582.142
11096.24,1975.98,4526.306,10977.68,1966.141,4670.506,11036.95,1955.12,4453.178,9525.262,1951.155,4703.782,10787.49,1976.812,4403.933,10953.6,1992.067,4428.406,10891.94,2014.702,4507.098,10704.11,1978.241,4439.588,10956.73,2030.728,4333.024,10936.83,1981.396,4577.436,10999.29,2020.255,4510.652,10871.79,2016.508,4382.519,11125.06,1968.176,4440.81,10635.45,2008.945,4389.361,11025.75,1966.29,4581.063
11096.13,1975.98,4525.475,10977.57,1966.141,4669.674,11036.73,1955.12,4452.369,9524.424,1951.155,4703.794,10787.14,1976.812,4403.174,10953.47,1992.067,4427.578,10891.87,2014.702,4506.263,10703.72,1978.241,4438.845,10956.49,2030.728,4332.221,10936.86,1981.396,4576.599,10999.26,2020.255,4509.814,10871.41,2016.508,4381.77,11124.92,1968.176,4439.983,10635.01,2008.945,4388.647,11025.57,1966.29,4580.243
11096.11,1975.98,4525.224,10977.53,1966.141,4669.426,11036.65,1955.12,4452.129,9524.173,1951.155,4703.806,10787.02,1976.812,4402.95,10953.42,1992.067,4427.331,10891.84,2014.702,4506.013,10703.6,1978.241,4438.626,10956.41,2030.728,4331.982,10936.87,1981.396,4576.348,10999.24,2020.255,4509.563,10871.29,2016.508,4381.549,11124.87,1968.176,4439.736,10634.87,2008.945,4388.438,11025.51,1966.29,4579.999
11096,1975.98,4523.466,10977.2,1966.141,4667.697,11036.15,1955.12,4450.442,9522.412,1951.155,4703.831,10786.18,1976.812,4401.402,10953.04,1992.067,4425.613,10891.61,2014.702,4504.268,10702.7,1978.241,4437.108,10955.8,2030.728,4330.329,10936.92,1981.396,4574.587,10999.13,2020.255,4507.806,10870.5,2016.508,4379.976,11124.52,1968.176,4438.011,10633.85,2008.945,4387.002,11025.09,1966.29,4578.29
11095.96,1975.98,4523.001,10977.09,1966.141,4667.241,11036,1955.12,4449.999,9521.945,1951.155,4703.809,10785.95,1976.812,4400.999,10952.92,1992.067,4425.16,10891.53,2014.702,4503.807,10702.45,1978.241,4436.713,10955.63,2030.728,4329.896,10936.92,1981.396,4574.12,10999.09,2020.255,4507.34,10870.28,2016.508,4379.565,11124.41,1968.176,4437.556,10633.57,2008.945,4386.63,11024.99,1966.29,4577.832
11095.82,1975.98,4521.959,10976.83,1966.141,4666.226,11035.7,1955.12,4448.993,9520.896,1951.155,4703.794,10785.39,1976.812,4400.111,10952.66,1992.067,4424.142,10891.33,2014.702,4502.778,10701.86,1978.241,4435.845,10955.2,2030.728,4328.937,10936.89,1981.396,4573.071,10998.96,2020.255,4506.299,10869.75,2016.508,4378.661,11124.13,1968.176,4436.543,10632.9,2008.945,4385.816,11024.81,1966.29,4576.798
11095.71,1975.98,4521.267,10976.63,1966.141,4665.554,11035.53,1955.12,4448.313,9520.194,1951.155,4703.807,10784.99,1976.812,4399.53,10952.47,1992.067,4423.467,10891.17,2014.702,4502.095,10701.45,1978.241,4435.277,10954.89,2030.728,4328.305,10936.84,1981.396,4572.371,10998.85,2020.255,4505.606,10869.37,2016.508,4378.068,11123.93,1968.176,4435.873,10632.44,2008.945,4385.287,11024.71,1966.29,4576.104
11095.63,1975.98,4520.234,10976.34,1966.141,4664.558,11035.3,1955.12,4447.302,9519.16,1951.155,4703.861,10784.45,1976.812,4398.648,10952.16,1992.067,4422.48,10890.96,2014.702,4501.079,10700.81,1978.241,4434.46,10954.47,2030.728,4327.358,10936.74,1981.396,4571.34,10998.74,2020.255,4504.576,10868.84,2016.508,4377.175,11123.65,1968.176,4434.875,10631.74,2008.945,4384.522,11024.59,1966.29,4575.075
11095.55,1975.98,4519.581,10976.18,1966.141,4663.919,11035.18,1955.12,4446.656,9518.505,1951.155,4703.917,10784.09,1976.812,4398.1,10951.98,1992.067,4421.847,10890.84,2014.702,4500.433,10700.39,1978.241,4433.956,10954.19,2030.728,4326.767,10936.65,1981.396,4570.688,10998.65,2020.255,4503.924,10868.53,2016.508,4376.597,11123.46,1968.176,4434.246,10631.25,2008.945,4384.087,11024.54,1966.29,4574.419
11095.38,1975.98,4518.368,10975.92,1966.141,4662.722,11034.98,1955.12,4445.446,9517.292,1951.155,4704.086,10783.38,1976.812,4397.101,10951.6,1992.067,4420.681,10890.65,2014.702,4499.223,10699.58,1978.241,4433.041,10953.69,2030.728,4325.647,10936.45,1981.396,4569.479,10998.46,2020.255,4502.714,10867.98,2016.508,4375.503,11123.09,1968.176,4433.078,10630.36,2008.945,4383.249,11024.48,1966.29,4573.195
11095.28,1975.98,4517.814,10975.82,1966.141,4662.167,11034.88,1955.12,4444.893,9516.741,1951.155,4704.205,10783.04,1976.812,4396.653,10951.45,1992.067,4420.139,10890.58,2014.702,4498.665,10699.19,1978.241,4432.633,10953.38,2030.728,4325.18,10936.34,1981.396,4568.927,10998.35,2020.255,4502.162,10867.71,2016.508,4375.008,11122.94,1968.176,4432.535,10629.9,2008.945,4382.916,11024.47,1966.29,4572.632
11095.16,1975.98,4517.26,10975.74,1966.141,4661.607,11034.75,1955.12,4444.341,9516.184,1951.155,4704.306,10782.68,1976.812,4396.214,10951.32,1992.067,4419.588,10890.49,2014.702,4498.105,10698.79,1978.241,4432.236,10953.08,2030.728,4324.699,10936.21,1981.396,4568.375,10998.26,2020.255,4501.603,10867.42,2016.508,4374.52,11122.8,1968.176,4431.985,10629.46,2008.945,4382.567,11024.48,1966.29,4572.066
11094.98,1975.98,4516.24,10975.62,1966.141,4660.577,11034.49,1955.12,4443.337,9515.158,1951.155,4704.458,10781.9,1976.812,4395.525,10951.11,1992.067,4418.572,10890.29,2014.702,4497.087,10698.03,1978.241,4431.533,10952.56,2030.728,4323.802,10935.95,1981.396,4567.374,10998.08,2020.255,4500.581,10866.93,2016.508,4373.609,11122.59,1968.176,4430.97,10628.59,2008.945,4381.992,11024.52,1966.29,4571.03
11094.86,1975.98,4515.497,10975.65,1966.141,4659.825,11034.28,1955.12,4442.616,9514.411,1951.155,4704.544,10781.36,1976.812,4395.008,10950.93,1992.067,4417.841,10890.19,2014.702,4496.342,10697.46,1978.241,4431.041,10952.2,2030.728,4323.14,10935.73,1981.396,4566.653,10997.95,2020.255,4499.84,10866.55,2016.508,4372.961,11122.46,1968.176,4430.229,10627.98,2008.945,4381.555,11024.56,1966.29,4570.279
11094.84,1975.98,4515.29,10975.65,1966.141,4659.617,11034.21,1955.12,4442.418,9514.203,1951.155,4704.561,10781.21,1976.812,4394.86,10950.88,1992.067,4417.641,10890.15,2014.702,4496.137,10697.29,1978.241,4430.91,10952.11,2030.728,4322.953,10935.66,1981.396,4566.456,10997.94,2020.255,4499.632,10866.46,2016.508,4372.77,11122.43,1968.176,4430.023,10627.8,2008.945,4381.455,11024.58,1966.29,4570.071
11094.75,1975.98,4514.268,10975.62,1966.141,4658.591,11033.86,1955.12,4441.455,9513.178,1951.155,4704.611,10780.51,1976.812,4394.107,10950.75,1992.067,4416.622,10889.97,2014.702,4495.128,10696.47,1978.241,4430.292,10951.68,2030.728,4322.019,10935.31,1981.396,4565.494,10997.84,2020.255,4498.61,10866.03,2016.508,4371.84,11122.32,1968.176,4429.003,10626.92,2008.945,4380.932,11024.68,1966.29,4569.051
11094.71,1975.98,4513.624,10975.57,1966.141,4657.947,11033.62,1955.12,4440.857,9512.545,1951.155,4704.737,10780.09,1976.812,4393.62,10950.66,1992.067,4415.984,10889.83,2014.702,4494.498,10695.97,1978.241,4429.888,10951.41,2030.728,4321.435,10935.09,1981.396,4564.887,10997.76,2020.255,4497.97,10865.81,2016.508,4371.235,11122.27,1968.176,4428.36,10626.37,2008.945,4380.585,11024.73,1966.29,4568.408
11094.69,1975.98,4513.003,10975.56,1966.141,4657.326,11033.37,1955.12,4440.29,9511.932,1951.155,4704.838,10779.67,1976.812,4393.166,10950.54,1992.067,4415.374,10889.69,2014.702,4493.893,10695.5,1978.241,4429.484,10951.17,2030.728,4320.863,10934.89,1981.396,4564.298,10997.67,2020.255,4497.357,10865.57,2016.508,4370.659,11122.24,1968.176,4427.74,10625.86,2008.945,4380.235,11024.75,1966.29,4567.787
11094.69,1975.98,4512.568,10975.54,1966.141,4656.892,11033.2,1955.12,4439.886,9511.501,1951.155,4704.9,10779.36,1976.812,4392.854,10950.46,1992.067,4414.947,10889.58,2014.702,4493.472,10695.16,1978.241,4429.211,10951.01,2030.728,4320.458,10934.76,1981.396,4563.884,10997.58,2020.255,4496.93,10865.4,2016.508,4370.262,11122.24,1968.176,4427.305,10625.5,2008.945,4379.987,11024.75,1966.29,4567.352
11094.71,1975.98,4511.858,10975.54,1966.141,4656.181,11032.96,1955.12,4439.219,9510.795,1951.155,4704.979,10778.88,1976.812,4392.331,10950.31,1992.067,4414.251,10889.4,2014.702,4492.788,10694.55,1978.241,4428.843,10950.77,2030.728,4319.787,10934.56,1981.396,4563.203,10997.43,2020.255,4496.237,10865.18,2016.508,4369.586,11122.25,1968.176,4426.595,10624.88,2008.945,4379.652,11024.73,1966.29,4566.642
11094.74,1975.98,4511.409,10975.53,1966.141,4655.731,11032.82,1955.12,4438.792,9510.346,1951.155,4705.015,10778.57,1976.812,4392.005,10950.21,1992.067,4413.813,10889.27,2014.702,4492.356,10694.18,1978.241,4428.597,10950.64,2030.728,4319.357,10934.44,1981.396,4562.77,10997.32,2020.255,4495.799,10865.02,2016.508,4369.163,11122.27,1968.176,4426.145,10624.49,2008.945,4379.426,11024.7,1966.29,4566.193
11094.8,1975.98,4510.747,10975.49,1966.141,4655.067,11032.63,1955.12,4438.153,9509.682,1951.155,4705.046,10778.13,1976.812,4391.509,10950.03,1992.067,4413.172,10889.1,2014.702,4491.713,10693.6,1978.241,4428.265,10950.42,2030.728,4318.729,10934.28,1981.396,4562.123,10997.16,2020.255,4495.154,10864.78,2016.508,4368.545,11122.33,1968.176,4425.482,10623.9,2008.945,4379.112,11024.64,1966.29,4565.531
11094.87,1975.98,4510.179,10975.43,1966.141,4654.498,11032.49,1955.12,4437.6,9509.115,1951.155,4705.124,10777.74,1976.812,4391.095,10949.92,1992.067,4412.612,10888.97,2014.702,4491.156,10693.12,1978.241,4427.963,10950.21,2030.728,4318.196,10934.06,1981.396,4561.596,10997.01,2020.255,4494.603,10864.57,2016.508,4368.011,11122.39,1968.176,4424.914,10623.41,2008.945,4378.821,11024.57,1966.29,4564.964
11094.93,1975.98,4509.777,10975.38,1966.141,4654.094,11032.39,1955.12,4437.206,9508.71,1951.155,4705.167,10777.45,1976.812,4390.81,10949.82,1992.067,4412.216,10888.89,2014.702,4490.756,10692.78,1978.241,4427.737,10950.09,2030.728,4317.807,10933.92,1981.396,4561.216,10996.9,2020.255,4494.211,10864.42,2016.508,4367.635,11122.45,1968.176,4424.511,10623.05,2008.945,4378.625,11024.5,1966.29,4564.562
11095.06,1975.98,4509.051,10975.26,1966.141,4653.366,11032.22,1955.12,4436.485,9507.974,1951.155,4705.22,10776.94,1976.812,4390.275,10949.63,1992.067,4411.504,10888.78,2014.702,4490.027,10692.16,1978.241,4427.335,10949.85,2030.728,4317.109,10933.67,1981.396,4560.521,10996.68,2020.255,4493.505,10864.13,2016.508,4366.958,11122.58,1968.176,4423.783,10622.39,2008.945,4378.292,11024.36,1966.29,4563.837
11095.17,1975.98,4508.573,10975.17,1966.141,4652.886,11032.13,1955.12,4436.004,9507.485,1951.155,4705.239,10776.62,1976.812,4389.9,10949.53,1992.067,4411.025,10888.69,2014.702,4489.547,10691.74,1978.241,4427.082,10949.67,2030.728,4316.653,10933.51,1981.396,4560.059,10996.53,2020.255,4493.04,10863.92,2016.508,4366.516,11122.67,1968.176,4423.302,10621.96,2008.945,4378.06,11024.25,1966.29,4563.36
11095.2,1975.98,4508.368,10975.12,1966.141,4652.683,11032.1,1955.12,4435.798,9507.277,1951.155,4705.24,10776.48,1976.812,4389.744,10949.48,1992.067,4410.822,10888.64,2014.702,4489.343,10691.56,1978.241,4426.977,10949.59,2030.728,4316.461,10933.44,1981.396,4559.861,10996.47,2020.255,4492.842,10863.82,2016.508,4366.33,11122.71,1968.176,4423.099,10621.78,2008.945,4377.967,11024.2,1966.29,4563.159
11095.32,1975.98,4507.681,10974.94,1966.141,4652.01,11032.02,1955.12,4435.107,9506.581,1951.155,4705.268,10776,1976.812,4389.24,10949.3,1992.067,4410.15,10888.49,2014.702,4488.665,10690.97,1978.241,4426.604,10949.3,2030.728,4315.828,10933.24,1981.396,4559.195,10996.24,2020.255,4492.185,10863.51,2016.508,4365.708,11122.87,1968.176,4422.421,10621.19,2008.945,4377.586,11023.98,1966.29,4562.5
11095.4,1975.98,4507.233,10974.81,1966.141,4651.573,11031.95,1955.12,4434.656,9506.131,1951.155,4705.344,10775.7,1976.812,4388.899,10949.18,1992.067,4409.709,10888.38,2014.702,4488.222,10690.58,1978.241,4426.373,10949.1,2030.728,4315.418,10933.09,1981.396,4558.762,10996.09,2020.255,4491.753,10863.29,2016.508,4365.306,11122.99,1968.176,4421.98,10620.81,2008.945,4377.335,11023.83,1966.29,4562.068
11095.56,1975.98,4506.55,10974.66,1966.141,4650.888,11031.82,1955.12,4433.967,9505.437,1951.155,4705.439,10775.25,1976.812,4388.361,10948.98,1992.067,4409.04,10888.19,2014.702,4487.547,10689.96,1978.241,4426.036,10948.81,2030.728,4314.78,10932.85,1981.396,4558.106,10995.86,2020.255,4491.093,10862.88,2016.508,4364.736,11123.19,1968.176,4421.311,10620.23,2008.945,4376.949,11023.6,1966.29,4561.406
11095.61,1975.98,4506.348,10974.61,1966.141,4650.686,11031.77,1955.12,4433.764,9505.229,1951.155,4705.46,10775.12,1976.812,4388.197,10948.91,1992.067,4408.843,10888.13,2014.702,4487.347,10689.78,1978.241,4425.941,10948.72,2030.728,4314.593,10932.77,1981.396,4557.913,10995.79,2020.255,4490.896,10862.77,2016.508,4364.563,11123.26,1968.176,4421.113,10620.05,2008.945,4376.833,11023.54,1966.29,4561.208
11095.67,1975.98,4506.148,10974.56,1966.141,4650.485,11031.72,1955.12,4433.562,9505.021,1951.155,4705.475,10775,1976.812,4388.028,10948.83,1992.067,4408.648,10888.07,2014.702,4487.148,10689.59,1978.241,4425.852,10948.64,2030.728,4314.4,10932.68,1981.396,4557.723,10995.72,2020.255,4490.7,10862.65,2016.508,4364.394,11123.34,1968.176,4420.918,10619.88,2008.945,4376.718,11023.47,1966.29,4561.011
11095.86,1975.98,4505.586,10974.38,1966.141,4649.921,11031.56,1955.12,4432.994,9504.43,1951.155,4705.497,10774.67,1976.812,4387.539,10948.64,1992.067,4408.091,10887.88,2014.702,4486.587,10689.05,1978.241,4425.616,10948.4,2030.728,4313.858,10932.43,1981.396,4557.191,10995.52,2020.255,4490.143,10862.32,2016.508,4363.902,11123.56,1968.176,4420.372,10619.39,2008.945,4376.388,11023.28,1966.29,4560.451
11095.98,1975.98,4505.245,10974.25,1966.141,4649.579,11031.47,1955.12,4432.642,9504.066,1951.155,4705.499,10774.45,1976.812,4387.245,10948.5,1992.067,4407.753,10887.76,2014.702,4486.245,10688.71,1978.241,4425.477,10948.25,2030.728,4313.53,10932.26,1981.396,4556.87,10995.4,2020.255,4489.801,10862.12,2016.508,4363.595,11123.7,1968.176,4420.034,10619.09,2008.945,4376.185,11023.16,1966.29,4560.107
11096.12,1975.98,4504.891,10974.16,1966.141,4649.211,11031.38,1955.12,4432.27,9503.687,1951.155,4705.511,10774.22,1976.812,4386.945,10948.35,1992.067,4407.404,10887.63,2014.702,4485.889,10688.36,1978.241,4425.337,10948.08,2030.728,4313.191,10932.07,1981.396,4556.539,10995.27,2020.255,4489.443,10861.93,2016.508,4363.266,11123.83,1968.176,4419.678,10618.78,2008.945,4375.971,11023.04,1966.29,4559.747
11096.25,1975.98,4504.576,10974.06,1966.141,4648.884,11031.3,1955.12,4431.939,9503.348,1951.155,4705.551,10774,1976.812,4386.683,10948.21,1992.067,4407.095,10887.5,2014.702,4485.57,10688.04,1978.241,4425.202,10947.91,2030.728,4312.892,10931.9,1981.396,4556.241,10995.15,2020.255,4489.122,10861.75,2016.508,4362.977,11123.94,1968.176,4419.356,10618.49,2008.945,4375.789,11022.92,1966.29,4559.427
11096.4,1975.98,4504.25,10973.94,1966.141,4648.545,11031.22,1955.12,4431.589,9502.991,1951.155,4705.582,10773.76,1976.812,4386.416,10948.05,1992.067,4406.776,10887.37,2014.702,4485.239,10687.72,1978.241,4425.049,10947.73,2030.728,4312.585,10931.73,1981.396,4555.929,10995.04,2020.255,4488.784,10861.55,2016.508,4362.68,11124.06,1968.176,4419.018,10618.18,2008.945,4375.607,11022.78,1966.29,4559.097
11096.54,1975.98,4503.958,10973.83,1966.141,4648.243,11031.15,1955.12,4431.275,9502.669,1951.155,4705.599,10773.54,1976.812,4386.183,10947.91,1992.067,4406.485,10887.24,2014.702,4484.942,10687.42,1978.241,4424.921,10947.55,2030.728,4312.313,10931.57,1981.396,4555.646,10994.93,2020.255,4488.481,10861.36,2016.508,4362.418,11124.17,1968.176,4418.714,10617.89,2008.945,4375.454,11022.67,1966.29,4558.796
11096.69,1975.98,4503.661,10973.7,1966.141,4647.934,11031.12,1955.12,4430.943,9502.335,1951.155,4705.618,10773.3,1976.812,4385.948,10947.75,1992.067,4406.188,10887.11,2014.702,4484.636,10687.13,1978.241,4424.771,10947.36,2030.728,4312.038,10931.41,1981.396,4555.354,10994.81,2020.255,4488.168,10861.16,2016.508,4362.154,11124.28,1968.176,4418.398,10617.6,2008.945,4375.304,11022.53,1966.29,4558.489
11096.83,1975.98,4503.397,10973.58,1966.141,4647.66,11031.08,1955.12,4430.645,9502.034,1951.155,4705.625,10773.08,1976.812,4385.744,10947.61,1992.067,4405.925,10886.99,2014.702,4484.361,10686.85,1978.241,4424.645,10947.18,2030.728,4311.796,10931.27,1981.396,4555.089,10994.7,2020.255,4487.889,10860.96,2016.508,4361.922,11124.37,1968.176,4418.113,10617.32,2008.945,4375.178,11022.41,1966.29,4558.217
11096.99,1975.98,4503.125,10973.44,1966.141,4647.376,11031.03,1955.12,4430.333,9501.719,1951.155,4705.622,10772.84,1976.812,4385.538,10947.44,1992.067,4405.655,10886.86,2014.702,4484.075,10686.56,1978.241,4424.522,10946.99,2030.728,4311.548,10931.12,1981.396,4554.81,10994.58,2020.255,4487.597,10860.76,2016.508,4361.685,11124.47,1968.176,4417.813,10617.03,2008.945,4375.055,11022.26,1966.29,4557.935
11097.14,1975.98,4502.886,10973.31,1966.141,4647.126,11030.97,1955.12,4430.055,9501.437,1951.155,4705.623,10772.62,1976.812,4385.36,10947.31,1992.067,4405.408,10886.74,2014.702,4483.819,10686.3,1978.241,4424.42,10946.81,2030.728,4311.332,10930.99,1981.396,4554.56,10994.47,2020.255,4487.337,10860.56,2016.508,4361.479,11124.56,1968.176,4417.545,10616.77,2008.945,4374.953,11022.13,1966.29,4557.688
11097.27,1975.98,4502.691,10973.21,1966.141,4646.915,11030.93,1955.12,4429.825,9501.204,1951.155,4705.59,10772.44,1976.812,4385.207,10947.19,1992.067,4405.206,10886.63,2014.702,4483.608,10686.08,1978.241,4424.343,10946.66,2030.728,4311.148,10930.87,1981.396,4554.356,10994.37,2020.255,4487.124,10860.38,2016.508,4361.33,11124.64,1968.176,4417.325,10616.55,2008.945,4374.865,11022.01,1966.29,4557.483
11097.49,1975.98,4502.394,10973.04,1966.141,4646.59,11030.87,1955.12,4429.465,9500.84,1951.155,4705.552,10772.17,1976.812,4384.958,10946.99,1992.067,4404.896,10886.47,2014.702,4483.28,10685.73,1978.241,4424.233,10946.42,2030.728,4310.869,10930.68,1981.396,4554.043,10994.22,2020.255,4486.792,10860.11,2016.508,4361.086,11124.78,1968.176,4416.985,10616.21,2008.945,4374.722,11021.83,1966.29,4557.166
11097.66,1975.98,4502.167,10972.9,1966.141,4646.339,11030.82,1955.12,4429.182,9500.554,1951.155,4705.531,10771.97,1976.812,4384.757,10946.83,1992.067,4404.657,10886.34,2014.702,4483.024,10685.45,1978.241,4424.156,10946.23,2030.728,4310.656,10930.53,1981.396,4553.803,10994.09,2020.255,4486.534,10859.9,2016.508,4360.888,11124.89,1968.176,4416.722,10615.95,2008.945,4374.604,11021.68,1966.29,4556.919
11097.79,1975.98,4502.005,10972.79,1966.141,4646.161,11030.79,1955.12,4428.977,9500.346,1951.155,4705.522,10771.83,1976.812,4384.606,10946.71,1992.067,4404.487,10886.25,2014.702,4482.839,10685.25,1978.241,4424.105,10946.1,2030.728,4310.494,10930.41,1981.396,4553.633,10994,2020.255,4486.347,10859.75,2016.508,4360.74,11124.98,1968.176,4416.534,10615.76,2008.945,4374.517,11021.58,1966.29,4556.741
11097.97,1975.98,4501.81,10972.65,1966.141,4645.943,11030.75,1955.12,4428.72,9500.086,1951.155,4705.521,10771.65,1976.812,4384.412,10946.56,1992.067,4404.279,10886.13,2014.702,4482.609,10685,1978.241,4424.051,10945.93,2030.728,4310.298,10930.25,1981.396,4553.425,10993.88,2020.255,4486.116,10859.58,2016.508,4360.548,11125.1,1968.176,4416.304,10615.53,2008.945,4374.403,11021.44,1966.29,4556.52
11098.13,1975.98,4501.638,10972.52,1966.141,4645.751,11030.72,1955.12,4428.487,9499.852,1951.155,4705.525,10771.5,1976.812,4384.232,10946.41,1992.067,4404.096,10886.02,2014.702,4482.402,10684.76,1978.241,4424.009,10945.8,2030.728,4310.103,10930.1,1981.396,4553.242,10993.77,2020.255,4485.909,10859.42,2016.508,4360.371,11125.21,1968.176,4416.093,10615.32,2008.945,4374.298,11021.32,1966.29,4556.322
11098.3,1975.98,4501.464,10972.37,1966.141,4645.555,11030.69,1955.12,4428.244,9499.607,1951.155,4705.539,10771.35,1976.812,4384.039,10946.25,1992.067,4403.908,10885.9,2014.702,4482.186,10684.52,1978.241,4423.972,10945.66,2030.728,4309.903,10929.94,1981.396,4553.055,10993.66,2020.255,4485.694,10859.27,2016.508,4360.181,11125.31,1968.176,4415.872,10615.1,2008.945,4374.186,11021.18,1966.29,4556.117
11098.45,1975.98,4501.303,10972.23,1966.141,4645.383,11030.68,1955.12,4428.024,9499.388,1951.155,4705.551,10771.21,1976.812,4383.87,10946.12,1992.067,4403.734,10885.8,2014.702,4481.993,10684.31,1978.241,4423.932,10945.52,2030.728,4309.728,10929.8,1981.396,4552.889,10993.55,2020.255,4485.5,10859.13,2016.508,4360.014,11125.4,1968.176,4415.669,10614.9,2008.945,4374.091,11021.07,1966.29,4555.928
11098.6,1975.98,4501.129,10972.08,1966.141,4645.208,11030.66,1955.12,4427.795,9499.158,1951.155,4705.557,10771.06,1976.812,4383.698,10945.98,1992.067,4403.549,10885.69,2014.702,4481.792,10684.08,1978.241,4423.883,10945.38,2030.728,4309.549,10929.65,1981.396,4552.718,10993.44,2020.255,4485.296,10858.97,2016.508,4359.842,11125.49,1968.176,4415.456,10614.69,2008.945,4373.999,11020.95,1966.29,4555.731
11098.73,1975.98,4500.968,10971.94,1966.141,4645.054,11030.63,1955.12,4427.588,9498.95,1951.155,4705.569,10770.91,1976.812,4383.547,10945.87,1992.067,4403.376,10885.58,2014.702,4481.609,10683.88,1978.241,4423.832,10945.24,2030.728,4309.392,10929.51,1981.396,4552.564,10993.35,2020.255,4485.111,10858.83,2016.508,4359.69,11125.56,1968.176,4415.259,10614.5,2008.945,4373.921,11020.83,1966.29,4555.559
11098.86,1975.98,4500.802,10971.8,1966.141,4644.905,11030.61,1955.12,4427.381,9498.742,1951.155,4705.578,10770.76,1976.812,4383.401,10945.74,1992.067,4403.208,10885.48,2014.702,4481.428,10683.68,1978.241,4423.775,10945.1,2030.728,4309.24,10929.36,1981.396,4552.413,10993.25,2020.255,4484.926,10858.69,2016.508,4359.538,11125.62,1968.176,4415.061,10614.3,2008.945,4373.851,11020.72,1966.29,4555.382
11099.01,1975.98,4500.584,10971.6,1966.141,4644.719,11030.58,1955.12,4427.115,9498.475,1951.155,4705.581,10770.57,1976.812,4383.22,10945.56,1992.067,4403.012,10885.35,2014.702,4481.195,10683.42,1978.241,4423.694,10944.93,2030.728,4309.034,10929.18,1981.396,4552.222,10993.13,2020.255,4484.687,10858.5,2016.508,4359.349,11125.69,1968.176,4414.804,10614.05,2008.945,4373.768,11020.59,1966.29,4555.15
11099.13,1975.98,4500.411,10971.45,1966.141,4644.574,11030.55,1955.12,4426.909,9498.268,1951.155,4705.56,10770.41,1976.812,4383.084,10945.41,1992.067,4402.865,10885.25,2014.702,4481.014,10683.22,1978.241,4423.645,10944.79,2030.728,4308.878,10929.03,1981.396,4552.075,10993.04,2020.255,4484.501,10858.35,2016.508,4359.206,11125.74,1968.176,4414.602,10613.85,2008.945,4373.71,11020.51,1966.29,4554.958
11099.24,1975.98,4500.234,10971.31,1966.141,4644.423,11030.52,1955.12,4426.704,9498.061,1951.155,4705.536,10770.25,1976.812,4382.953,10945.27,1992.067,4402.713,10885.14,2014.702,4480.833,10683.02,1978.241,4423.59,10944.65,2030.728,4308.727,10928.88,1981.396,4551.93,10992.95,2020.255,4484.316,10858.19,2016.508,4359.069,11125.79,1968.176,4414.398,10613.65,2008.945,4373.659,11020.42,1966.29,4554.767
11099.35,1975.98,4500.06,10971.16,1966.141,4644.28,11030.49,1955.12,4426.498,9497.854,1951.155,4705.516,10770.08,1976.812,4382.828,10945.13,1992.067,4402.556,10885.04,2014.702,4480.653,10682.82,1978.241,4423.539,10944.5,2030.728,4308.58,10928.72,1981.396,4551.791,10992.85,2020.255,4484.13,10858.04,2016.508,4358.926,11125.84,1968.176,4414.195,10613.45,2008.945,4373.603,11020.34,1966.29,4554.575
11099.49,1975.98,4499.873,10971,1966.141,4644.117,11030.46,1955.12,4426.269,9497.624,1951.155,4705.502,10769.89,1976.812,4382.695,10944.99,1992.067,4402.378,10884.92,2014.702,4480.454,10682.59,1978.241,4423.488,10944.33,2030.728,4308.423,10928.55,1981.396,4551.642,10992.75,2020.255,4483.925,10857.87,2016.508,4358.771,11125.9,1968.176,4413.973,10613.23,2008.945,4373.536,11020.26,1966.29,4554.36
11099.61,1975.98,4499.707,10970.85,1966.141,4643.965,11030.43,1955.12,4426.063,9497.418,1951.155,4705.474,10769.72,1976.812,4382.581,10944.86,1992.067,4402.216,10884.82,2014.702,4480.274,10682.39,1978.241,4423.447,10944.18,2030.728,4308.284,10928.38,1981.396,4551.513,10992.65,2020.255,4483.738,10857.71,2016.508,4358.636,11125.95,1968.176,4413.772,10613.03,2008.945,4373.471,11020.19,1966.29,4554.164
11099.74,1975.98,4499.544,10970.7,1966.141,4643.823,11030.4,1955.12,4425.857,9497.211,1951.155,4705.452,10769.54,1976.812,4382.473,10944.73,1992.067,4402.05,10884.71,2014.702,4480.094,10682.18,1978.241,4423.411,10944.03,2030.728,4308.14,10928.22,1981.396,4551.389,10992.56,2020.255,4483.551,10857.55,2016.508,4358.506,11126.01,1968.176,4413.572,10612.83,2008.945,4373.402,11020.13,1966.29,4553.966
11099.88,1975.98,4499.387,10970.55,1966.141,4643.684,11030.36,1955.12,4425.653,9497.003,1951.155,4705.437,10769.36,1976.812,4382.37,10944.6,1992.067,4401.888,10884.61,2014.702,4479.915,10681.98,1978.241,4423.38,10943.88,2030.728,4307.996,10928.05,1981.396,4551.27,10992.47,2020.255,4483.364,10857.37,2016.508,4358.389,11126.07,1968.176,4413.373,10612.64,2008.945,4373.33,11020.07,1966.29,4553.767
11100.02,1975.98,4499.233,10970.4,1966.141,4643.539,11030.32,1955.12,4425.448,9496.795,1951.155,4705.428,10769.18,1976.812,4382.273,10944.46,1992.067,4401.731,10884.5,2014.702,4479.735,10681.77,1978.241,4423.355,10943.72,2030.728,4307.856,10927.87,1981.396,4551.157,10992.38,2020.255,4483.177,10857.21,2016.508,4358.266,11126.13,1968.176,4413.173,10612.44,2008.945,4373.253,11020.01,1966.29,4553.565
11100.18,1975.98,4499.064,10970.23,1966.141,4643.37,11030.28,1955.12,4425.215,9496.559,1951.155,4705.427,10768.96,1976.812,4382.17,10944.3,1992.067,4401.555,10884.38,2014.702,4479.531,10681.54,1978.241,4423.333,10943.54,2030.728,4307.704,10927.67,1981.396,4551.035,10992.28,2020.255,4482.963,10857.02,2016.508,4358.12,11126.2,1968.176,4412.946,10612.22,2008.945,4373.162,11019.96,1966.29,4553.336
11100.32,1975.98,4498.911,10970.08,1966.141,4643.225,11030.24,1955.12,4425.011,9496.351,1951.155,4705.432,10768.77,1976.812,4382.086,10944.16,1992.067,4401.405,10884.28,2014.702,4479.352,10681.33,1978.241,4423.306,10943.38,2030.728,4307.573,10927.49,1981.396,4550.932,10992.18,2020.255,4482.778,10856.85,2016.508,4357.997,11126.25,1968.176,4412.745,10612.03,2008.945,4373.087,11019.9,1966.29,4553.135
11100.46,1975.98,4498.753,10969.94,1966.141,4643.067,11030.22,1955.12,4424.804,9496.143,1951.155,4705.438,10768.58,1976.812,4382.008,10944.02,1992.067,4401.251,10884.17,2014.702,4479.173,10681.12,1978.241,4423.272,10943.21,2030.728,4307.447,10927.31,1981.396,4550.833,10992.08,2020.255,4482.596,10856.68,2016.508,4357.879,11126.3,1968.176,4412.542,10611.83,2008.945,4373.02,11019.84,1966.29,4552.937
11100.59,1975.98,4498.591,10969.8,1966.141,4642.914,11030.19,1955.12,4424.598,9495.936,1951.155,4705.418,10768.38,1976.812,4381.936,10943.87,1992.067,4401.108,10884.06,2014.702,4478.997,10680.92,1978.241,4423.235,10943.04,2030.728,4307.327,10927.13,1981.396,4550.729,10991.98,2020.255,4482.417,10856.52,2016.508,4357.75,11126.34,1968.176,4412.337,10611.63,2008.945,4372.959,11019.77,1966.29,4552.74
11100.72,1975.98,4498.424,10969.66,1966.141,4642.765,11030.16,1955.12,4424.392,9495.728,1951.155,4705.402,10768.19,1976.812,4381.871,10943.72,1992.067,4400.96,10883.94,2014.702,4478.825,10680.71,1978.241,4423.217,10942.87,2030.728,4307.204,10926.95,1981.396,4550.618,10991.86,2020.255,4482.241,10856.35,2016.508,4357.625,11126.37,1968.176,4412.132,10611.43,2008.945,4372.904,11019.69,1966.29,4552.545
11100.84,1975.98,4498.254,10969.51,1966.141,4642.621,11030.12,1955.12,4424.187,9495.52,1951.155,4705.393,10767.99,1976.812,4381.807,10943.58,1992.067,4400.808,10883.82,2014.702,4478.657,10680.5,1978.241,4423.208,10942.7,2030.728,4307.086,10926.78,1981.396,4550.502,10991.75,2020.255,4482.068,10856.18,2016.508,4357.507,11126.4,1968.176,4411.925,10611.23,2008.945,4372.856,11019.61,1966.29,4552.354
11100.95,1975.98,4498.08,10969.35,1966.141,4642.481,11030.08,1955.12,4423.983,9495.312,1951.155,4705.391,10767.79,1976.812,4381.749,10943.45,1992.067,4400.644,10883.69,2014.702,4478.493,10680.29,1978.241,4423.193,10942.53,2030.728,4306.975,10926.61,1981.396,4550.38,10991.63,2020.255,4481.899,10856,2016.508,4357.395,11126.42,1968.176,4411.718,10611.03,2008.945,4372.815,11019.52,1966.29,4552.165
11101.06,1975.98,4497.902,10969.21,1966.141,4642.333,11030.03,1955.12,4423.78,9495.104,1951.155,4705.395,10767.58,1976.812,4381.698,10943.32,1992.067,4400.483,10883.57,2014.702,4478.325,10680.09,1978.241,4423.194,10942.35,2030.728,4306.869,10926.44,1981.396,4550.253,10991.5,2020.255,4481.732,10855.83,2016.508,4357.275,11126.43,1968.176,4411.51,10610.82,2008.945,4372.78,11019.43,1966.29,4551.979
11101.17,1975.98,4497.728,10969.07,1966.141,4642.179,11029.99,1955.12,4423.577,9494.896,1951.155,4705.406,10767.38,1976.812,4381.64,10943.18,1992.067,4400.328,10883.45,2014.702,4478.155,10679.88,1978.241,4423.201,10942.17,2030.728,4306.757,10926.27,1981.396,4550.132,10991.38,2020.255,4481.567,10855.66,2016.508,4357.162,11126.45,1968.176,4411.302,10610.62,2008.945,4372.741,11019.34,1966.29,4551.791
11101.29,1975.98,4497.557,10968.92,1966.141,4642.03,11029.95,1955.12,4423.373,9494.689,1951.155,4705.437,10767.18,1976.812,4381.589,10943.07,1992.067,4400.153,10883.33,2014.702,4477.984,10679.67,1978.241,4423.214,10942,2030.728,4306.64,10926.1,1981.396,4550.016,10991.25,2020.255,4481.404,10855.48,2016.508,4357.05,11126.47,1968.176,4411.096,10610.41,2008.945,4372.696,11019.26,1966.29,4551.6
11101.42,1975.98,4497.39,10968.77,1966.141,4641.885,11029.91,1955.12,4423.167,9494.482,1951.155,4705.463,10766.98,1976.812,4381.524,10942.95,1992.067,4399.979,10883.21,2014.702,4477.813,10679.46,1978.241,4423.232,10941.83,2030.728,4306.517,10925.92,1981.396,4549.905,10991.12,2020.255,4481.242,10855.31,2016.508,4356.933,11126.5,1968.176,4410.89,10610.21,2008.945,4372.646,11019.18,1966.29,4551.408
11101.55,1975.98,4497.227,10968.62,1966.141,4641.742,11029.88,1955.12,4422.962,9494.275,1951.155,4705.482,10766.78,1976.812,4381.466,10942.83,1992.067,4399.809,10883.1,2014.702,4477.64,10679.26,1978.241,4423.257,10941.67,2030.728,4306.388,10925.74,1981.396,4549.8,10990.98,2020.255,4481.081,10855.13,2016.508,4356.833,11126.54,1968.176,4410.685,10610.01,2008.945,4372.591,11019.1,1966.29,4551.213
11101.68,1975.98,4497.068,10968.47,1966.141,4641.593,11029.85,1955.12,4422.756,9494.067,1951.155,4705.494,10766.58,1976.812,4381.405,10942.71,1992.067,4399.642,10882.98,2014.702,4477.467,10679.05,1978.241,4423.287,10941.5,2030.728,4306.265,10925.56,1981.396,4549.701,10990.85,2020.255,4480.922,10854.95,2016.508,4356.727,11126.58,1968.176,4410.48,10609.81,2008.945,4372.532,11019.03,1966.29,4551.017
11101.82,1975.98,4496.914,10968.32,1966.141,4641.45,11029.82,1955.12,4422.549,9493.859,1951.155,4705.51,10766.38,1976.812,4381.35,10942.57,1992.067,4399.48,10882.86,2014.702,4477.294,10678.84,1978.241,4423.324,10941.33,2030.728,4306.137,10925.37,1981.396,4549.607,10990.71,2020.255,4480.764,10854.75,2016.508,4356.645,11126.62,1968.176,4410.276,10609.61,2008.945,4372.468,11018.96,1966.29,4550.819
11101.96,1975.98,4496.755,10968.17,1966.141,4641.311,11029.79,1955.12,4422.343,9493.651,1951.155,4705.52,10766.18,1976.812,4381.301,10942.44,1992.067,4399.322,10882.74,2014.702,4477.125,10678.64,1978.241,4423.354,10941.17,2030.728,4306.014,10925.19,1981.396,4549.508,10990.58,2020.255,4480.606,10854.56,2016.508,4356.578,11126.66,1968.176,4410.071,10609.41,2008.945,4372.411,11018.89,1966.29,4550.624
11102.09,1975.98,4496.592,10968.01,1966.141,4641.177,11029.75,1955.12,4422.139,9493.443,1951.155,4705.522,10765.98,1976.812,4381.259,10942.3,1992.067,4399.169,10882.63,2014.702,4476.953,10678.43,1978.241,4423.376,10940.99,2030.728,4305.896,10925.01,1981.396,4549.402,10990.44,2020.255,4480.45,10854.36,2016.508,4356.505,11126.69,1968.176,4409.865,10609.21,2008.945,4372.36,11018.82,1966.29,4550.43
11102.21,1975.98,4496.425,10967.86,1966.141,4641.033,11029.72,1955.12,4421.934,9493.235,1951.155,4705.531,10765.77,1976.812,4381.224,10942.15,1992.067,4399.021,10882.5,2014.702,4476.785,10678.22,1978.241,4423.393,10940.82,2030.728,4305.785,10924.83,1981.396,4549.291,10990.3,2020.255,4480.294,10854.17,2016.508,4356.425,11126.71,1968.176,4409.658,10609.01,2008.945,4372.316,11018.73,1966.29,4550.24
11102.33,1975.98,4496.254,10967.71,1966.141,4640.89,11029.67,1955.12,4421.729,9493.027,1951.155,4705.534,10765.57,1976.812,4381.196,10942,1992.067,4398.877,10882.38,2014.702,4476.621,10678.02,1978.241,4423.402,10940.64,2030.728,4305.679,10924.66,1981.396,4549.174,10990.17,2020.255,4480.134,10853.98,2016.508,4356.339,11126.73,1968.176,4409.451,10608.8,2008.945,4372.279,11018.64,1966.29,4550.052
11102.44,1975.98,4496.079,10967.55,1966.141,4640.751,11029.63,1955.12,4421.526,9492.819,1951.155,4705.543,10765.36,1976.812,4381.174,10941.84,1992.067,4398.738,10882.24,2014.702,4476.461,10677.81,1978.241,4423.413,10940.46,2030.728,4305.579,10924.49,1981.396,4549.052,10990.04,2020.255,4479.971,10853.79,2016.508,4356.26,11126.74,1968.176,4409.243,10608.59,2008.945,4372.249,11018.54,1966.29,4549.868
11102.55,1975.98,4495.9,10967.41,1966.141,4640.598,11029.58,1955.12,4421.325,9492.611,1951.155,4705.555,10765.15,1976.812,4381.16,10941.7,1992.067,4398.583,10882.1,2014.702,4476.306,10677.6,1978.241,4423.417,10940.27,2030.728,4305.485,10924.33,1981.396,4548.924,10989.91,2020.255,4479.811,10853.59,2016.508,4356.187,11126.75,1968.176,4409.034,10608.39,2008.945,4372.225,11018.44,1966.29,4549.686
11102.65,1975.98,4495.718,10967.26,1966.141,4640.449,11029.52,1955.12,4421.123,9492.403,1951.155,4705.56,10764.94,1976.812,4381.14,10941.56,1992.067,4398.433,10881.97,2014.702,4476.147,10677.39,1978.241,4423.423,10940.09,2030.728,4305.376,10924.17,1981.396,4548.791,10989.77,2020.255,4479.655,10853.4,2016.508,4356.12,11126.75,1968.176,4408.826,10608.18,2008.945,4372.208,11018.33,1966.29,4549.508
11102.75,1975.98,4495.533,10967.11,1966.141,4640.305,11029.47,1955.12,4420.922,9492.196,1951.155,4705.539,10764.74,1976.812,4381.126,10941.41,1992.067,4398.288,10881.83,2014.702,4475.986,10677.18,1978.241,4423.433,10939.92,2030.728,4305.265,10924.01,1981.396,4548.652,10989.63,2020.255,4479.504,10853.19,2016.508,4356.065,11126.74,1968.176,4408.618,10607.97,2008.945,4372.197,11018.24,1966.29,4549.323
11102.84,1975.98,4495.345,10966.96,1966.141,4640.166,11029.4,1955.12,4420.724,9491.99,1951.155,4705.511,10764.53,1976.812,4381.12,10941.26,1992.067,4398.139,10881.7,2014.702,4475.83,10676.98,1978.241,4423.436,10939.74,2030.728,4305.16,10923.86,1981.396,4548.511,10989.49,2020.255,4479.348,10853,2016.508,4356.004,11126.72,1968.176,4408.41,10607.76,2008.945,4372.189,11018.14,1966.29,4549.142
11102.92,1975.98,4495.154,10966.82,1966.141,4640.009,11029.33,1955.12,4420.528,9491.783,1951.155,4705.489,10764.32,1976.812,4381.13,10941.11,1992.067,4397.996,10881.55,2014.702,4475.679,10676.77,1978.241,4423.41,10939.56,2030.728,4305.055,10923.71,1981.396,4548.364,10989.34,2020.255,4479.196,10852.79,2016.508,4355.958,11126.7,1968.176,4408.203,10607.56,2008.945,4372.188,11018.03,1966.29,4548.963
11103,1975.98,4494.96,10966.68,1966.141,4639.858,11029.26,1955.12,4420.332,9491.575,1951.155,4705.475,10764.11,1976.812,4381.134,10940.96,1992.067,4397.851,10881.41,2014.702,4475.532,10676.56,1978.241,4423.392,10939.37,2030.728,4304.956,10923.57,1981.396,4548.211,10989.21,2020.255,4479.04,10852.59,2016.508,4355.905,11126.67,1968.176,4407.997,10607.35,2008.945,4372.194,11017.92,1966.29,4548.784
11103.07,1975.98,4494.765,10966.53,1966.141,4639.711,11029.19,1955.12,4420.137,9491.367,1951.155,4705.467,10763.9,1976.812,4381.13,10940.81,1992.067,4397.711,10881.25,2014.702,4475.39,10676.35,1978.241,4423.38,10939.19,2030.728,4304.863,10923.42,1981.396,4548.063,10989.06,2020.255,4478.888,10852.39,2016.508,4355.868,11126.63,1968.176,4407.792,10607.14,2008.945,4372.167,11017.81,1966.29,4548.609
11103.13,1975.98,4494.566,10966.38,1966.141,4639.57,11029.11,1955.12,4419.946,9491.159,1951.155,4705.466,10763.7,1976.812,4381.144,10940.65,1992.067,4397.577,10881.11,2014.702,4475.244,10676.15,1978.241,4423.375,10939,2030.728,4304.776,10923.27,1981.396,4547.92,10988.92,2020.255,4478.74,10852.18,2016.508,4355.825,11126.59,1968.176,4407.588,10606.93,2008.945,4372.146,11017.69,1966.29,4548.437
11103.19,1975.98,4494.366,10966.24,1966.141,4639.415,11029.02,1955.12,4419.757,9490.952,1951.155,4705.441,10763.49,1976.812,4381.15,10940.49,1992.067,4397.441,10880.96,2014.702,4475.098,10675.94,1978.241,4423.377,10938.81,2030.728,4304.695,10923.12,1981.396,4547.782,10988.76,2020.255,4478.598,10851.98,2016.508,4355.775,11126.54,1968.176,4407.386,10606.73,2008.945,4372.131,11017.57,1966.29,4548.27
11103.25,1975.98,4494.167,10966.09,1966.141,4639.264,11028.93,1955.12,4419.566,9490.744,1951.155,4705.423,10763.28,1976.812,4381.149,10940.33,1992.067,4397.311,10880.81,2014.702,4474.95,10675.73,1978.241,4423.385,10938.6,2030.728,4304.642,10922.96,1981.396,4547.649,10988.61,2020.255,4478.457,10851.78,2016.508,4355.718,11126.5,1968.176,4407.182,10606.52,2008.945,4372.111,11017.45,1966.29,4548.1
11103.31,1975.98,4493.967,10965.95,1966.141,4639.119,11028.86,1955.12,4419.374,9490.536,1951.155,4705.412,10763.07,1976.812,4381.142,10940.16,1992.067,4397.185,10880.67,2014.702,4474.799,10675.52,1978.241,4423.4,10938.41,2030.728,4304.581,10922.79,1981.396,4547.521,10988.46,2020.255,4478.317,10851.57,2016.508,4355.696,11126.46,1968.176,4406.977,10606.31,2008.945,4372.086,11017.33,1966.29,4547.927
11103.37,1975.98,4493.769,10965.79,1966.141,4638.978,11028.78,1955.12,4419.179,9490.329,1951.155,4705.388,10762.86,1976.812,4381.128,10939.99,1992.067,4397.065,10880.53,2014.702,4474.646,10675.31,1978.241,4423.421,10938.2,2030.728,4304.528,10922.62,1981.396,4547.398,10988.3,2020.255,4478.18,10851.37,2016.508,4355.667,11126.43,1968.176,4406.771,10606.11,2008.945,4372.055,11017.22,1966.29,4547.751
11103.44,1975.98,4493.572,10965.64,1966.141,4638.833,11028.71,1955.12,4418.983,9490.121,1951.155,4705.372,10762.66,1976.812,4381.107,10939.82,1992.067,4396.948,10880.39,2014.702,4474.49,10675.11,1978.241,4423.449,10938,2030.728,4304.468,10922.45,1981.396,4547.281,10988.14,2020.255,4478.043,10851.16,2016.508,4355.632,11126.41,1968.176,4406.563,10605.9,2008.945,4372.019,11017.11,1966.29,4547.574
11103.51,1975.98,4493.376,10965.51,1966.141,4638.671,11028.64,1955.12,4418.786,9489.913,1951.155,4705.362,10762.45,1976.812,4381.079,10939.64,1992.067,4396.842,10880.25,2014.702,4474.333,10674.9,1978.241,4423.483,10937.81,2030.728,4304.405,10922.28,1981.396,4547.169,10987.98,2020.255,4477.909,10850.96,2016.508,4355.593,11126.39,1968.176,4406.356,10605.7,2008.945,4371.978,11017.01,1966.29,4547.394
11103.58,1975.98,4493.182,10965.38,1966.141,4638.513,11028.58,1955.12,4418.587,9489.705,1951.155,4705.359,10762.25,1976.812,4381.044,10939.46,1992.067,4396.73,10880.12,2014.702,4474.173,10674.7,1978.241,4423.524,10937.61,2030.728,4304.349,10922.1,1981.396,4547.063,10987.82,2020.255,4477.775,10850.75,2016.508,4355.571,11126.38,1968.176,4406.148,10605.49,2008.945,4371.931,11016.91,1966.29,4547.211
11103.66,1975.98,4492.989,10965.23,1966.141,4638.36,11028.52,1955.12,4418.387,9489.497,1951.155,4705.363,10762.04,1976.812,4381.003,10939.29,1992.067,4396.613,10879.99,2014.702,4474.012,10674.5,1978.241,4423.571,10937.4,2030.728,4304.305,10921.91,1981.396,4546.963,10987.66,2020.255,4477.644,10850.54,2016.508,4355.543,11126.38,1968.176,4405.939,10605.29,2008.945,4371.879,11016.81,1966.29,4547.026
11103.75,1975.98,4492.799,10965.1,1966.141,4638.202,11028.47,1955.12,4418.186,9489.289,1951.155,4705.374,10761.84,1976.812,4380.956,10939.11,1992.067,4396.519,10879.86,2014.702,4473.85,10674.29,1978.241,4423.624,10937.2,2030.728,4304.264,10921.73,1981.396,4546.869,10987.5,2020.255,4477.513,10850.34,2016.508,4355.512,11126.38,1968.176,4405.731,10605.09,2008.945,4371.822,11016.72,1966.29,4546.839
11103.83,1975.98,4492.606,10964.96,1966.141,4638.048,11028.41,1955.12,4417.987,9489.081,1951.155,4705.377,10761.63,1976.812,4380.915,10938.92,1992.067,4396.433,10879.72,2014.702,4473.691,10674.09,1978.241,4423.67,10936.99,2030.728,4304.23,10921.54,1981.396,4546.769,10987.34,2020.255,4477.377,10850.13,2016.508,4355.488,11126.38,1968.176,4405.522,10604.89,2008.945,4371.772,11016.62,1966.29,4546.655
11103.9,1975.98,4492.411,10964.81,1966.141,4637.899,11028.34,1955.12,4417.79,9488.873,1951.155,4705.386,10761.43,1976.812,4380.88,10938.73,1992.067,4396.351,10879.58,2014.702,4473.537,10673.89,1978.241,4423.71,10936.79,2030.728,4304.2,10921.37,1981.396,4546.662,10987.19,2020.255,4477.236,10849.92,2016.508,4355.47,11126.37,1968.176,4405.314,10604.69,2008.945,4371.729,11016.52,1966.29,4546.475
11103.97,1975.98,4492.213,10964.66,1966.141,4637.755,11028.27,1955.12,4417.594,9488.666,1951.155,4705.366,10761.22,1976.812,4380.852,10938.54,1992.067,4396.263,10879.44,2014.702,4473.388,10673.68,1978.241,4423.744,10936.58,2030.728,4304.177,10921.19,1981.396,4546.55,10987.03,2020.255,4477.101,10849.71,2016.508,4355.459,11126.35,1968.176,4405.107,10604.48,2008.945,4371.692,11016.41,1966.29,4546.297
11104.03,1975.98,4492.014,10964.51,1966.141,4637.616,11028.19,1955.12,4417.401,9488.458,1951.155,4705.353,10761.02,1976.812,4380.831,10938.34,1992.067,4396.189,10879.29,2014.702,4473.243,10673.47,1978.241,4423.77,10936.37,2030.728,4304.149,10921.02,1981.396,4546.432,10986.86,2020.255,4476.983,10849.51,2016.508,4355.456,11126.33,1968.176,4404.9,10604.27,2008.945,4371.663,11016.29,1966.29,4546.124
11104.08,1975.98,4491.812,10964.35,1966.141,4637.482,11028.1,1955.12,4417.211,9488.25,1951.155,4705.347,10760.81,1976.812,4380.817,10938.15,1992.067,4396.11,10879.13,2014.702,4473.099,10673.27,1978.241,4423.79,10936.17,2030.728,4304.125,10920.85,1981.396,4546.309,10986.68,2020.255,4476.87,10849.3,2016.508,4355.458,11126.29,1968.176,4404.694,10604.07,2008.945,4371.64,11016.17,1966.29,4545.955
11104.13,1975.98,4491.609,10964.19,1966.141,4637.349,11028.01,1955.12,4417.024,9488.042,1951.155,4705.339,10760.6,1976.812,4380.81,10937.95,1992.067,4396.038,10878.98,2014.702,4472.96,10673.06,1978.241,4423.811,10935.96,2030.728,4304.083,10920.69,1981.396,4546.18,10986.51,2020.255,4476.751,10849.09,2016.508,4355.468,11126.26,1968.176,4404.489,10603.86,2008.945,4371.624,11016.04,1966.29,4545.789
11104.17,1975.98,4491.404,10964.02,1966.141,4637.221,11027.92,1955.12,4416.84,9487.834,1951.155,4705.338,10760.39,1976.812,4380.809,10937.76,1992.067,4395.97,10878.82,2014.702,4472.826,10672.85,1978.241,4423.841,10935.76,2030.728,4304.04,10920.53,1981.396,4546.046,10986.35,2020.255,4476.626,10848.88,2016.508,4355.484,11126.21,1968.176,4404.285,10603.65,2008.945,4371.614,11015.92,1966.29,4545.62
11104.2,1975.98,4491.199,10963.86,1966.141,4637.099,11027.81,1955.12,4416.66,9487.626,1951.155,4705.344,10760.18,1976.812,4380.815,10937.56,1992.067,4395.896,10878.66,2014.702,4472.697,10672.65,1978.241,4423.885,10935.55,2030.728,4304.004,10920.36,1981.396,4545.918,10986.17,2020.255,4476.517,10848.67,2016.508,4355.507,11126.16,1968.176,4404.083,10603.44,2008.945,4371.612,11015.8,1966.29,4545.454
11104.23,1975.98,4490.992,10963.68,1966.141,4636.981,11027.7,1955.12,4416.482,9487.418,1951.155,4705.356,10759.98,1976.812,4380.829,10937.37,1992.067,4395.815,10878.49,2014.702,4472.574,10672.45,1978.241,4423.922,10935.35,2030.728,4303.967,10920.19,1981.396,4545.796,10986,2020.255,4476.401,10848.47,2016.508,4355.51,11126.11,1968.176,4403.883,10603.24,2008.945,4371.616,11015.66,1966.29,4545.293
11104.25,1975.98,4490.785,10963.52,1966.141,4636.847,11027.59,1955.12,4416.309,9487.21,1951.155,4705.362,10759.77,1976.812,4380.838,10937.17,1992.067,4395.746,10878.32,2014.702,4472.457,10672.24,1978.241,4423.953,10935.14,2030.728,4303.925,10920.02,1981.396,4545.679,10985.82,2020.255,4476.296,10848.26,2016.508,4355.52,11126.04,1968.176,4403.685,10603.03,2008.945,4371.627,11015.53,1966.29,4545.136
11104.26,1975.98,4490.577,10963.36,1966.141,4636.717,11027.47,1955.12,4416.139,9487.002,1951.155,4705.374,10759.56,1976.812,4380.854,10936.97,1992.067,4395.693,10878.15,2014.702,4472.337,10672.04,1978.241,4423.999,10934.94,2030.728,4303.891,10919.85,1981.396,4545.567,10985.63,2020.255,4476.195,10848.05,2016.508,4355.537,11125.97,1968.176,4403.488,10602.82,2008.945,4371.645,11015.4,1966.29,4544.973
11104.26,1975.98,4490.369,10963.19,1966.141,4636.592,11027.34,1955.12,4415.973,9486.795,1951.155,4705.396,10759.35,1976.812,4380.877,10936.77,1992.067,4395.634,10877.97,2014.702,4472.224,10671.83,1978.241,4424.054,10934.73,2030.728,4303.863,10919.67,1981.396,4545.45,10985.46,2020.255,4476.087,10847.84,2016.508,4355.56,11125.89,1968.176,4403.294,10602.61,2008.945,4371.665,11015.26,1966.29,4544.814
11104.26,1975.98,4490.16,10963.02,1966.141,4636.474,11027.21,1955.12,4415.811,9486.587,1951.155,4705.411,10759.15,1976.812,4380.891,10936.58,1992.067,4395.568,10877.81,2014.702,4472.093,10671.63,1978.241,4424.103,10934.53,2030.728,4303.842,10919.51,1981.396,4545.324,10985.28,2020.255,4475.974,10847.64,2016.508,4355.582,11125.81,1968.176,4403.104,10602.41,2008.945,4371.692,11015.12,1966.29,4544.66
11104.25,1975.98,4489.952,10962.86,1966.141,4636.342,11027.07,1955.12,4415.653,9486.381,1951.155,4705.442,10758.94,1976.812,4380.911,10936.38,1992.067,4395.496,10877.64,2014.702,4471.967,10671.43,1978.241,4424.145,10934.32,2030.728,4303.799,10919.34,1981.396,4545.203,10985.11,2020.255,4475.859,10847.43,2016.508,4355.611,11125.72,1968.176,4402.916,10602.2,2008.945,4371.715,11014.98,1966.29,4544.51
11104.24,1975.98,4489.744,10962.7,1966.141,4636.216,11026.93,1955.12,4415.5,9486.174,1951.155,4705.466,10758.73,1976.812,4380.938,10936.18,1992.067,4395.451,10877.48,2014.702,4471.841,10671.22,1978.241,4424.18,10934.12,2030.728,4303.764,10919.18,1981.396,4545.07,10984.94,2020.255,4475.739,10847.22,2016.508,4355.617,11125.64,1968.176,4402.725,10601.99,2008.945,4371.736,11014.83,1966.29,4544.36
11104.22,1975.98,4489.537,10962.53,1966.141,4636.096,11026.79,1955.12,4415.351,9485.967,1951.155,4705.49,10758.53,1976.812,4380.973,10935.98,1992.067,4395.399,10877.31,2014.702,4471.72,10671.02,1978.241,4424.209,10933.91,2030.728,4303.735,10919.01,1981.396,4544.942,10984.77,2020.255,4475.615,10847.01,2016.508,4355.63,11125.56,1968.176,4402.531,10601.79,2008.945,4371.765,11014.68,1966.29,4544.216
11104.19,1975.98,4489.33,10962.36,1966.141,4635.97,11026.64,1955.12,4415.207,9485.759,1951.155,4705.508,10758.32,1976.812,4381,10935.77,1992.067,4395.35,10877.13,2014.702,4471.604,10670.81,1978.241,4424.245,10933.7,2030.728,4303.713,10918.85,1981.396,4544.807,10984.6,2020.255,4475.496,10846.81,2016.508,4355.65,11125.49,1968.176,4402.335,10601.58,2008.945,4371.778,11014.55,1966.29,4544.057
11104.16,1975.98,4489.125,10962.2,1966.141,4635.836,11026.48,1955.12,4415.068,9485.553,1951.155,4705.539,10758.11,1976.812,4381.022,10935.57,1992.067,4395.308,10876.95,2014.702,4471.5,10670.61,1978.241,4424.302,10933.5,2030.728,4303.698,10918.69,1981.396,4544.677,10984.42,2020.255,4475.382,10846.6,2016.508,4355.67,11125.43,1968.176,4402.137,10601.37,2008.945,4371.798,11014.42,1966.29,4543.896
11104.12,1975.98,4488.92,10962.05,1966.141,4635.693,11026.32,1955.12,4414.934,9485.348,1951.155,4705.575,10757.91,1976.812,4381.051,10935.37,1992.067,4395.26,10876.77,2014.702,4471.401,10670.41,1978.241,4424.353,10933.29,2030.728,4303.689,10918.52,1981.396,4544.553,10984.25,2020.255,4475.27,10846.39,2016.508,4355.697,11125.37,1968.176,4401.937,10601.16,2008.945,4371.825,11014.28,1966.29,4543.739
11104.07,1975.98,4488.717,10961.89,1966.141,4635.555,11026.16,1955.12,4414.804,9485.144,1951.155,4705.617,10757.7,1976.812,4381.061,10935.17,1992.067,4395.206,10876.59,2014.702,4471.296,10670.21,1978.241,4424.397,10933.08,2030.728,4303.688,10918.37,1981.396,4544.418,10984.07,2020.255,4475.164,10846.19,2016.508,4355.731,11125.32,1968.176,4401.735,10600.96,2008.945,4371.858,11014.15,1966.29,4543.577
11104.03,1975.98,4488.512,10961.73,1966.141,4635.422,11026,1955.12,4414.673,9484.938,1951.155,4705.652,10757.49,1976.812,4381.067,10934.96,1992.067,4395.147,10876.41,2014.702,4471.197,10670,1978.241,4424.448,10932.87,2030.728,4303.68,10918.2,1981.396,4544.289,10983.89,2020.255,4475.055,10845.98,2016.508,4355.761,11125.27,1968.176,4401.532,10600.75,2008.945,4371.886,11014.02,1966.29,4543.412
11104,1975.98,4488.307,10961.57,1966.141,4635.295,11025.84,1955.12,4414.54,9484.732,1951.155,4705.68,10757.28,1976.812,4381.071,10934.77,1992.067,4395.086,10876.22,2014.702,4471.102,10669.8,1978.241,4424.505,10932.66,2030.728,4303.666,10918.04,1981.396,4544.165,10983.72,2020.255,4474.945,10845.78,2016.508,4355.789,11125.23,1968.176,4401.327,10600.54,2008.945,4371.907,11013.9,1966.29,4543.245
11103.97,1975.98,4488.1,10961.4,1966.141,4635.173,11025.68,1955.12,4414.405,9484.525,1951.155,4705.702,10757.08,1976.812,4381.072,10934.57,1992.067,4395.021,10876.03,2014.702,4471.013,10669.61,1978.241,4424.568,10932.46,2030.728,4303.645,10917.86,1981.396,4544.046,10983.54,2020.255,4474.833,10845.57,2016.508,4355.813,11125.2,1968.176,4401.121,10600.34,2008.945,4371.923,11013.78,1966.29,4543.075
11103.95,1975.98,4487.893,10961.23,1966.141,4635.056,11025.52,1955.12,4414.268,9484.317,1951.155,4705.716,10756.87,1976.812,4381.07,10934.37,1992.067,4394.953,10875.84,2014.702,4470.929,10669.41,1978.241,4424.637,10932.25,2030.728,4303.617,10917.69,1981.396,4543.933,10983.37,2020.255,4474.718,10845.36,2016.508,4355.834,11125.18,1968.176,4400.914,10600.13,2008.945,4371.932,11013.66,1966.29,4542.904
11103.94,1975.98,4487.685,10961.05,1966.141,4634.945,11025.37,1955.12,4414.129,9484.109,1951.155,4705.73,10756.66,1976.812,4381.065,10934.18,1992.067,4394.881,10875.65,2014.702,4470.85,10669.22,1978.241,4424.712,10932.04,2030.728,4303.583,10917.51,1981.396,4543.825,10983.19,2020.255,4474.602,10845.15,2016.508,4355.853,11125.16,1968.176,4400.707,10599.92,2008.945,4371.936,11013.54,1966.29,4542.73
11103.93,1975.98,4487.477,10960.87,1966.141,4634.84,11025.21,1955.12,4413.989,9483.901,1951.155,4705.737,10756.45,1976.812,4381.058,10933.98,1992.067,4394.807,10875.46,2014.702,4470.775,10669.02,1978.241,4424.793,10931.84,2030.728,4303.543,10917.33,1981.396,4543.723,10983.02,2020.255,4474.484,10844.95,2016.508,4355.869,11125.15,1968.176,4400.499,10599.71,2008.945,4371.933,11013.43,1966.29,4542.554
11103.93,1975.98,4487.269,10960.69,1966.141,4634.741,11025.06,1955.12,4413.848,9483.694,1951.155,4705.716,10756.24,1976.812,4381.047,10933.79,1992.067,4394.729,10875.26,2014.702,4470.706,10668.83,1978.241,4424.88,10931.64,2030.728,4303.497,10917.15,1981.396,4543.626,10982.85,2020.255,4474.364,10844.74,2016.508,4355.883,11125.15,1968.176,4400.29,10599.5,2008.945,4371.925,11013.32,1966.29,4542.376
11103.92,1975.98,4487.061,10960.5,1966.141,4634.646,11024.9,1955.12,4413.709,9483.487,1951.155,4705.69,10756.04,1976.812,4381.043,10933.59,1992.067,4394.657,10875.07,2014.702,4470.63,10668.64,1978.241,4424.961,10931.43,2030.728,4303.458,10916.95,1981.396,4543.549,10982.68,2020.255,4474.25,10844.53,2016.508,4355.903,11125.15,1968.176,4400.082,10599.3,2008.945,4371.923,11013.21,1966.29,4542.202
11103.9,1975.98,4486.853,10960.32,1966.141,4634.543,11024.74,1955.12,4413.575,9483.28,1951.155,4705.672,10755.83,1976.812,4381.046,10933.39,1992.067,4394.591,10874.87,2014.702,4470.548,10668.45,1978.241,4425.035,10931.23,2030.728,4303.419,10916.76,1981.396,4543.465,10982.5,2020.255,4474.141,10844.32,2016.508,4355.917,11125.16,1968.176,4399.874,10599.09,2008.945,4371.929,11013.09,1966.29,4542.032
11103.88,1975.98,4486.646,10960.14,1966.141,4634.439,11024.58,1955.12,4413.444,9483.072,1951.155,4705.66,10755.62,1976.812,4381.056,10933.19,1992.067,4394.533,10874.69,2014.702,4470.46,10668.25,1978.241,4425.103,10931.02,2030.728,4303.388,10916.57,1981.396,4543.375,10982.32,2020.255,4474.03,10844.12,2016.508,4355.924,11125.17,1968.176,4399.666,10598.88,2008.945,4371.941,11012.96,1966.29,4541.865
11103.86,1975.98,4486.439,10959.96,1966.141,4634.329,11024.42,1955.12,4413.317,9482.864,1951.155,4705.655,10755.41,1976.812,4381.065,10933,1992.067,4394.467,10874.5,2014.702,4470.366,10668.05,1978.241,4425.165,10930.82,2030.728,4303.364,10916.39,1981.396,4543.28,10982.14,2020.255,4473.925,10843.91,2016.508,4355.938,11125.19,1968.176,4399.458,10598.67,2008.945,4371.96,11012.83,1966.29,4541.703
11103.82,1975.98,4486.233,10959.78,1966.141,4634.224,11024.25,1955.12,4413.192,9482.656,1951.155,4705.641,10755.2,1976.812,4381.082,10932.8,1992.067,4394.385,10874.32,2014.702,4470.266,10667.85,1978.241,4425.22,10930.61,2030.728,4303.346,10916.21,1981.396,4543.178,10981.98,2020.255,4473.798,10843.7,2016.508,4355.959,11125.22,1968.176,4399.252,10598.47,2008.945,4371.986,11012.7,1966.29,4541.544
11103.78,1975.98,4486.029,10959.6,1966.141,4634.114,11024.09,1955.12,4413.063,9482.448,1951.155,4705.634,10755,1976.812,4381.105,10932.61,1992.067,4394.309,10874.14,2014.702,4470.16,10667.65,1978.241,4425.268,10930.4,2030.728,4303.316,10916.03,1981.396,4543.071,10981.81,2020.255,4473.677,10843.49,2016.508,4355.983,11125.25,1968.176,4399.046,10598.26,2008.945,4372.018,11012.56,1966.29,4541.391
11103.73,1975.98,4485.826,10959.42,1966.141,4634.009,11023.92,1955.12,4412.934,9482.24,1951.155,4705.63,10754.79,1976.812,4381.136,10932.41,1992.067,4394.239,10873.96,2014.702,4470.048,10667.44,1978.241,4425.31,10930.19,2030.728,4303.293,10915.85,1981.396,4542.958,10981.64,2020.255,4473.561,10843.29,2016.508,4356.014,11125.29,1968.176,4398.841,10598.06,2008.945,4372.057,11012.41,1966.29,4541.242
11103.69,1975.98,4485.622,10959.24,1966.141,4633.91,11023.76,1955.12,4412.802,9482.032,1951.155,4705.634,10754.58,1976.812,4381.163,10932.22,1992.067,4394.166,10873.78,2014.702,4469.941,10667.24,1978.241,4425.357,10929.99,2030.728,4303.264,10915.68,1981.396,4542.85,10981.46,2020.255,4473.443,10843.08,2016.508,4356.042,11125.33,1968.176,4398.637,10597.85,2008.945,4372.09,11012.27,1966.29,4541.091
11103.66,1975.98,4485.417,10959.05,1966.141,4633.817,11023.6,1955.12,4412.668,9481.824,1951.155,4705.618,10754.38,1976.812,4381.187,10932.03,1992.067,4394.09,10873.6,2014.702,4469.84,10667.04,1978.241,4425.412,10929.78,2030.728,4303.229,10915.49,1981.396,4542.748,10981.29,2020.255,4473.324,10842.87,2016.508,4356.067,11125.38,1968.176,4398.435,10597.64,2008.945,4372.117,11012.13,1966.29,4540.938
11103.63,1975.98,4485.21,10958.87,1966.141,4633.73,11023.44,1955.12,4412.532,9481.616,1951.155,4705.608,10754.17,1976.812,4381.208,10931.83,1992.067,4394.01,10873.42,2014.702,4469.744,10666.84,1978.241,4425.472,10929.58,2030.728,4303.187,10915.31,1981.396,4542.651,10981.13,2020.255,4473.202,10842.67,2016.508,4356.089,11125.44,1968.176,4398.234,10597.44,2008.945,4372.138,11011.99,1966.29,4540.783
11103.61,1975.98,4485.003,10958.67,1966.141,4633.65,11023.29,1955.12,4412.395,9481.408,1951.155,4705.606,10753.96,1976.812,4381.226,10931.64,1992.067,4393.928,10873.23,2014.702,4469.652,10666.64,1978.241,4425.539,10929.38,2030.728,4303.138,10915.12,1981.396,4542.56,10980.96,2020.255,4473.079,10842.46,2016.508,4356.109,11125.5,1968.176,4398.036,10597.23,2008.945,4372.153,11011.85,1966.29,4540.625
11103.59,1975.98,4484.795,10958.48,1966.141,4633.576,11023.13,1955.12,4412.256,9481.2,1951.155,4705.594,10753.76,1976.812,4381.241,10931.45,1992.067,4393.842,10873.04,2014.702,4469.566,10666.45,1978.241,4425.612,10929.17,2030.728,4303.083,10914.93,1981.396,4542.475,10980.79,2020.255,4472.953,10842.25,2016.508,4356.126,11125.57,1968.176,4397.839,10597.02,2008.945,4372.162,11011.72,1966.29,4540.465
11103.58,1975.98,4484.587,10958.28,1966.141,4633.508,11022.98,1955.12,4412.115,9480.992,1951.155,4705.58,10753.55,1976.812,4381.253,10931.26,1992.067,4393.753,10872.85,2014.702,4469.485,10666.26,1978.241,4425.69,10928.98,2030.728,4303.023,10914.74,1981.396,4542.396,10980.63,2020.255,4472.826,10842.04,2016.508,4356.141,11125.65,1968.176,4397.646,10596.81,2008.945,4372.165,11011.59,1966.29,4540.303
11103.57,1975.98,4484.379,10958.09,1966.141,4633.434,11022.83,1955.12,4411.972,9480.784,1951.155,4705.573,10753.34,1976.812,4381.272,10931.07,1992.067,4393.67,10872.66,2014.702,4469.398,10666.06,1978.241,4425.763,10928.77,2030.728,4302.969,10914.55,1981.396,4542.311,10980.46,2020.255,4472.704,10841.84,2016.508,4356.134,11125.72,1968.176,4397.449,10596.6,2008.945,4372.174,11011.45,1966.29,4540.146
11103.55,1975.98,4484.172,10957.89,1966.141,4633.353,11022.68,1955.12,4411.828,9480.576,1951.155,4705.564,10753.13,1976.812,4381.298,10930.88,1992.067,4393.594,10872.47,2014.702,4469.305,10665.86,1978.241,4425.829,10928.57,2030.728,4302.921,10914.36,1981.396,4542.219,10980.28,2020.255,4472.587,10841.63,2016.508,4356.133,11125.78,1968.176,4397.25,10596.4,2008.945,4372.191,11011.31,1966.29,4539.992
11103.52,1975.98,4483.965,10957.71,1966.141,4633.266,11022.53,1955.12,4411.685,9480.368,1951.155,4705.562,10752.93,1976.812,4381.32,10930.69,1992.067,4393.51,10872.29,2014.702,4469.206,10665.66,1978.241,4425.888,10928.37,2030.728,4302.878,10914.18,1981.396,4542.121,10980.11,2020.255,4472.476,10841.42,2016.508,4356.14,11125.84,1968.176,4397.05,10596.19,2008.945,4372.214,11011.17,1966.29,4539.843
11103.48,1975.98,4483.76,10957.52,1966.141,4633.173,11022.37,1955.12,4411.544,9480.16,1951.155,4705.562,10752.72,1976.812,4381.348,10930.51,1992.067,4393.41,10872.11,2014.702,4469.1,10665.46,1978.241,4425.941,10928.16,2030.728,4302.841,10913.98,1981.396,4542.049,10979.93,2020.255,4472.371,10841.21,2016.508,4356.153,11125.89,1968.176,4396.848,10595.98,2008.945,4372.245,11011.01,1966.29,4539.699
11103.44,1975.98,4483.556,10957.33,1966.141,4633.086,11022.22,1955.12,4411.403,9479.952,1951.155,4705.545,10752.51,1976.812,4381.363,10930.32,1992.067,4393.316,10871.93,2014.702,4468.989,10665.26,1978.241,4425.987,10927.96,2030.728,4302.812,10913.79,1981.396,4541.97,10979.74,2020.255,4472.272,10841,2016.508,4356.173,11125.93,1968.176,4396.644,10595.78,2008.945,4372.281,11010.86,1966.29,4539.56
11103.39,1975.98,4483.354,10957.14,1966.141,4632.994,11022.06,1955.12,4411.264,9479.744,1951.155,4705.536,10752.3,1976.812,4381.374,10930.13,1992.067,4393.229,10871.76,2014.702,4468.873,10665.06,1978.241,4426.027,10927.75,2030.728,4302.762,10913.6,1981.396,4541.885,10979.56,2020.255,4472.173,10840.8,2016.508,4356.199,11125.97,1968.176,4396.439,10595.57,2008.945,4372.325,11010.7,1966.29,4539.426
11103.34,1975.98,4483.153,10956.95,1966.141,4632.907,11021.91,1955.12,4411.129,9479.537,1951.155,4705.514,10752.1,1976.812,4381.391,10929.94,1992.067,4393.147,10871.59,2014.702,4468.746,10664.85,1978.241,4426.06,10927.55,2030.728,4302.72,10913.41,1981.396,4541.796,10979.37,2020.255,4472.08,10840.59,2016.508,4356.201,11126,1968.176,4396.233,10595.37,2008.945,4372.357,11010.54,1966.29,4539.287
11103.28,1975.98,4482.954,10956.76,1966.141,4632.826,11021.74,1955.12,4410.999,9479.329,1951.155,4705.5,10751.89,1976.812,4381.389,10929.75,1992.067,4393.054,10871.42,2014.702,4468.625,10664.64,1978.241,4426.086,10927.34,2030.728,4302.684,10913.22,1981.396,4541.713,10979.18,2020.255,4472.009,10840.38,2016.508,4356.21,11126.02,1968.176,4396.026,10595.16,2008.945,4372.397,11010.38,1966.29,4539.153
11103.21,1975.98,4482.757,10956.58,1966.141,4632.727,11021.58,1955.12,4410.873,9479.121,1951.155,4705.492,10751.68,1976.812,4381.394,10929.56,1992.067,4392.968,10871.25,2014.702,4468.506,10664.44,1978.241,4426.107,10927.14,2030.728,4302.655,10913.03,1981.396,4541.624,10978.98,2020.255,4471.933,10840.17,2016.508,4356.226,11126.04,1968.176,4395.818,10594.96,2008.945,4372.41,11010.22,1966.29,4539.025
11103.13,1975.98,4482.562,10956.39,1966.141,4632.634,11021.41,1955.12,4410.751,9478.913,1951.155,4705.49,10751.47,1976.812,4381.406,10929.37,1992.067,4392.888,10871.08,2014.702,4468.392,10664.23,1978.241,4426.16,10926.93,2030.728,4302.614,10912.84,1981.396,4541.54,10978.79,2020.255,4471.857,10839.97,2016.508,4356.248,11126.05,1968.176,4395.61,10594.75,2008.945,4372.43,11010.06,1966.29,4538.887
11103.05,1975.98,4482.37,10956.21,1966.141,4632.535,11021.24,1955.12,4410.634,9478.705,1951.155,4705.496,10751.27,1976.812,4381.424,10929.18,1992.067,4392.814,10870.9,2014.702,4468.284,10664.03,1978.241,4426.206,10926.73,2030.728,4302.579,10912.64,1981.396,4541.477,10978.6,2020.255,4471.776,10839.76,2016.508,4356.255,11126.05,1968.176,4395.402,10594.54,2008.945,4372.448,11009.9,1966.29,4538.754
11102.97,1975.98,4482.181,10956.03,1966.141,4632.43,11021.06,1955.12,4410.522,9478.497,1951.155,4705.479,10751.06,1976.812,4381.428,10928.98,1992.067,4392.747,10870.72,2014.702,4468.179,10663.83,1978.241,4426.245,10926.52,2030.728,4302.551,10912.45,1981.396,4541.407,10978.41,2020.255,4471.688,10839.55,2016.508,4356.269,11126.04,1968.176,4395.193,10594.33,2008.945,4372.473,11009.74,1966.29,4538.627
11102.87,1975.98,4481.994,10955.85,1966.141,4632.319,11020.88,1955.12,4410.414,9478.289,1951.155,4705.47,10750.85,1976.812,4381.438,10928.78,1992.067,4392.686,10870.54,2014.702,4468.08,10663.63,1978.241,4426.297,10926.32,2030.728,4302.53,10912.25,1981.396,4541.331,10978.22,2020.255,4471.6,10839.34,2016.508,4356.288,11126.03,1968.176,4394.985,10594.13,2008.945,4372.494,11009.57,1966.29,4538.505
11102.78,1975.98,4481.811,10955.68,1966.141,4632.202,11020.7,1955.12,4410.307,9478.081,1951.155,4705.468,10750.64,1976.812,4381.455,10928.58,1992.067,4392.631,10870.35,2014.702,4467.987,10663.42,1978.241,4426.356,10926.11,2030.728,4302.515,10912.06,1981.396,4541.248,10978.03,2020.255,4471.509,10839.14,2016.508,4356.314,11126.02,1968.176,4394.778,10593.92,2008.945,4372.522,11009.4,1966.29,4538.389
11102.67,1975.98,4481.63,10955.51,1966.141,4632.08,11020.52,1955.12,4410.205,9477.873,1951.155,4705.452,10750.43,1976.812,4381.479,10928.38,1992.067,4392.583,10870.17,2014.702,4467.888,10663.22,1978.241,4426.409,10925.9,2030.728,4302.507,10911.87,1981.396,4541.159,10977.85,2020.255,4471.402,10838.93,2016.508,4356.348,11125.99,1968.176,4394.571,10593.71,2008.945,4372.557,11009.22,1966.29,4538.278
11102.56,1975.98,4481.454,10955.34,1966.141,4631.953,11020.34,1955.12,4410.105,9477.665,1951.155,4705.442,10750.23,1976.812,4381.51,10928.17,1992.067,4392.542,10869.98,2014.702,4467.788,10663.02,1978.241,4426.462,10925.69,2030.728,4302.506,10911.68,1981.396,4541.067,10977.67,2020.255,4471.301,10838.73,2016.508,4356.387,11125.96,1968.176,4394.365,10593.51,2008.945,4372.598,11009.04,1966.29,4538.173
11102.44,1975.98,4481.281,10955.18,1966.141,4631.82,11020.16,1955.12,4410.009,9477.457,1951.155,4705.44,10750.02,1976.812,4381.535,10927.97,1992.067,4392.494,10869.82,2014.702,4467.664,10662.82,1978.241,4426.525,10925.49,2030.728,4302.485,10911.51,1981.396,4540.958,10977.49,2020.255,4471.206,10838.52,2016.508,4356.434,11125.92,1968.176,4394.16,10593.31,2008.945,4372.646,11008.86,1966.29,4538.074
11102.32,1975.98,4481.111,10955.03,1966.141,4631.682,11019.97,1955.12,4409.917,9477.249,1951.155,4705.444,10749.82,1976.812,4381.566,10927.76,1992.067,4392.452,10869.64,2014.702,4467.546,10662.62,1978.241,4426.583,10925.28,2030.728,4302.47,10911.33,1981.396,4540.855,10977.31,2020.255,4471.102,10838.32,2016.508,4356.46,11125.88,1968.176,4393.956,10593.1,2008.945,4372.686,11008.67,1966.29,4537.98
11102.2,1975.98,4480.946,10954.87,1966.141,4631.549,11019.78,1955.12,4409.822,9477.041,1951.155,4705.456,10749.61,1976.812,4381.579,10927.56,1992.067,4392.412,10869.47,2014.702,4467.434,10662.42,1978.241,4426.633,10925.07,2030.728,4302.448,10911.14,1981.396,4540.758,10977.13,2020.255,4470.999,10838.11,2016.508,4356.487,11125.83,1968.176,4393.754,10592.9,2008.945,4372.732,11008.49,1966.29,4537.881
11102.06,1975.98,4480.785,10954.7,1966.141,4631.421,11019.6,1955.12,4409.732,9476.834,1951.155,4705.436,10749.4,1976.812,4381.599,10927.36,1992.067,4392.364,10869.3,2014.702,4467.305,10662.22,1978.241,4426.692,10924.86,2030.728,4302.433,10910.95,1981.396,4540.667,10976.94,2020.255,4470.901,10837.9,2016.508,4356.521,11125.77,1968.176,4393.554,10592.69,2008.945,4372.765,11008.31,1966.29,4537.776
11101.94,1975.98,4480.621,10954.53,1966.141,4631.299,11019.41,1955.12,4409.64,9476.626,1951.155,4705.423,10749.19,1976.812,4381.615,10927.16,1992.067,4392.313,10869.14,2014.702,4467.182,10662.02,1978.241,4426.757,10924.66,2030.728,4302.412,10910.76,1981.396,4540.582,10976.76,2020.255,4470.802,10837.7,2016.508,4356.552,11125.72,1968.176,4393.352,10592.49,2008.945,4372.791,11008.13,1966.29,4537.67
11101.8,1975.98,4480.461,10954.36,1966.141,4631.183,11019.22,1955.12,4409.545,9476.418,1951.155,4705.416,10748.98,1976.812,4381.629,10926.95,1992.067,4392.259,10868.97,2014.702,4467.063,10661.83,1978.241,4426.829,10924.45,2030.728,4302.384,10910.57,1981.396,4540.502,10976.58,2020.255,4470.702,10837.49,2016.508,4356.58,11125.67,1968.176,4393.148,10592.28,2008.945,4372.811,11007.95,1966.29,4537.56
11101.66,1975.98,4480.306,10954.18,1966.141,4631.072,11019.04,1955.12,4409.448,9476.21,1951.155,4705.415,10748.78,1976.812,4381.639,10926.75,1992.067,4392.202,10868.79,2014.702,4466.95,10661.63,1978.241,4426.906,10924.24,2030.728,4302.35,10910.38,1981.396,4540.428,10976.39,2020.255,4470.599,10837.28,2016.508,4356.606,11125.64,1968.176,4392.943,10592.07,2008.945,4372.825,11007.78,1966.29,4537.444
11101.52,1975.98,4480.155,10954,1966.141,4630.967,11018.86,1955.12,4409.35,9476.002,1951.155,4705.42,10748.57,1976.812,4381.646,10926.55,1992.067,4392.141,10868.61,2014.702,4466.841,10661.44,1978.241,4426.99,10924.04,2030.728,4302.309,10910.18,1981.396,4540.361,10976.21,2020.255,4470.495,10837.08,2016.508,4356.629,11125.6,1968.176,4392.737,10591.86,2008.945,4372.833,11007.61,1966.29,4537.323
11101.37,1975.98,4480.009,10953.82,1966.141,4630.868,11018.67,1955.12,4409.249,9475.794,1951.155,4705.42,10748.36,1976.812,4381.65,10926.36,1992.067,4392.076,10868.43,2014.702,4466.738,10661.26,1978.241,4427.079,10923.84,2030.728,4302.262,10909.98,1981.396,4540.299,10976.03,2020.255,4470.389,10836.87,2016.508,4356.65,11125.58,1968.176,4392.53,10591.66,2008.945,4372.835,11007.44,1966.29,4537.198
11101.22,1975.98,4479.868,10953.63,1966.141,4630.774,11018.49,1955.12,4409.146,9475.586,1951.155,4705.426,10748.15,1976.812,4381.651,10926.16,1992.067,4392.008,10868.25,2014.702,4466.641,10661.07,1978.241,4427.174,10923.64,2030.728,4302.209,10909.78,1981.396,4540.244,10975.86,2020.255,4470.281,10836.66,2016.508,4356.669,11125.56,1968.176,4392.322,10591.45,2008.945,4372.831,11007.28,1966.29,4537.068
11101.06,1975.98,4479.732,10953.44,1966.141,4630.688,11018.31,1955.12,4409.041,9475.378,1951.155,4705.43,10747.94,1976.812,4381.649,10925.96,1992.067,4391.938,10868.06,2014.702,4466.548,10660.89,1978.241,4427.275,10923.44,2030.728,4302.149,10909.58,1981.396,4540.194,10975.68,2020.255,4470.171,10836.46,2016.508,4356.687,11125.55,1968.176,4392.114,10591.24,2008.945,4372.821,11007.12,1966.29,4536.934
11100.9,1975.98,4479.601,10953.26,1966.141,4630.594,11018.13,1955.12,4408.94,9475.17,1951.155,4705.44,10747.74,1976.812,4381.654,10925.76,1992.067,4391.873,10867.87,2014.702,4466.461,10660.7,1978.241,4427.37,10923.24,2030.728,4302.097,10909.38,1981.396,4540.138,10975.5,2020.255,4470.067,10836.25,2016.508,4356.686,11125.53,1968.176,4391.907,10591.03,2008.945,4372.818,11006.96,1966.29,4536.805
11100.73,1975.98,4479.475,10953.07,1966.141,4630.495,11017.95,1955.12,4408.844,9474.962,1951.155,4705.457,10747.53,1976.812,4381.666,10925.56,1992.067,4391.815,10867.69,2014.702,4466.369,10660.51,1978.241,4427.458,10923.03,2030.728,4302.05,10909.18,1981.396,4540.076,10975.32,2020.255,4469.969,10836.04,2016.508,4356.691,11125.51,1968.176,4391.7,10590.82,2008.945,4372.822,11006.79,1966.29,4536.682
11100.56,1975.98,4479.354,10952.89,1966.141,4630.39,11017.76,1955.12,4408.752,9474.755,1951.155,4705.48,10747.32,1976.812,4381.684,10925.37,1992.067,4391.743,10867.51,2014.702,4466.259,10660.32,1978.241,4427.541,10922.83,2030.728,4302.011,10908.98,1981.396,4540.012,10975.13,2020.255,4469.876,10835.83,2016.508,4356.7,11125.48,1968.176,4391.494,10590.62,2008.945,4372.833,11006.62,1966.29,4536.563
11100.39,1975.98,4479.239,10952.72,1966.141,4630.278,11017.57,1955.12,4408.666,9474.547,1951.155,4705.497,10747.11,1976.812,4381.708,10925.18,1992.067,4391.663,10867.33,2014.702,4466.154,10660.13,1978.241,4427.617,10922.62,2030.728,4301.978,10908.78,1981.396,4539.942,10974.94,2020.255,4469.791,10835.62,2016.508,4356.715,11125.44,1968.176,4391.289,10590.41,2008.945,4372.851,11006.44,1966.29,4536.451
11100.21,1975.98,4479.129,10952.55,1966.141,4630.162,11017.38,1955.12,4408.584,9474.34,1951.155,4705.52,10746.91,1976.812,4381.735,10924.98,1992.067,4391.589,10867.16,2014.702,4466.037,10659.93,1978.241,4427.687,10922.42,2030.728,4301.952,10908.58,1981.396,4539.895,10974.75,2020.255,4469.696,10835.42,2016.508,4356.73,11125.4,1968.176,4391.085,10590.2,2008.945,4372.875,11006.26,1966.29,4536.344
11100.03,1975.98,4479.025,10952.38,1966.141,4630.04,11017.18,1955.12,4408.506,9474.132,1951.155,4705.537,10746.7,1976.812,4381.768,10924.78,1992.067,4391.521,10866.98,2014.702,4465.925,10659.73,1978.241,4427.75,10922.21,2030.728,4301.933,10908.38,1981.396,4539.841,10974.57,2020.255,4469.608,10835.21,2016.508,4356.752,11125.34,1968.176,4390.883,10590,2008.945,4372.905,11006.08,1966.29,4536.244
11099.85,1975.98,4478.926,10952.2,1966.141,4629.935,11016.99,1955.12,4408.434,9473.924,1951.155,4705.521,10746.5,1976.812,4381.808,10924.58,1992.067,4391.46,10866.8,2014.702,4465.819,10659.53,1978.241,4427.806,10922,2030.728,4301.92,10908.18,1981.396,4539.78,10974.37,2020.255,4469.526,10835,2016.508,4356.781,11125.29,1968.176,4390.683,10589.79,2008.945,4372.943,11005.9,1966.29,4536.149
11099.66,1975.98,4478.833,10952.01,1966.141,4629.836,11016.8,1955.12,4408.356,9473.716,1951.155,4705.511,10746.29,1976.812,4381.845,10924.39,1992.067,4391.395,10866.62,2014.702,4465.717,10659.33,1978.241,4427.869,10921.79,2030.728,4301.901,10907.98,1981.396,4539.726,10974.18,2020.255,4469.447,10834.79,2016.508,4356.805,11125.24,1968.176,4390.48,10589.58,2008.945,4372.975,11005.71,1966.29,4536.054
11099.47,1975.98,4478.746,10951.83,1966.141,4629.744,11016.6,1955.12,4408.275,9473.508,1951.155,4705.503,10746.09,1976.812,4381.878,10924.19,1992.067,4391.327,10866.44,2014.702,4465.618,10659.14,1978.241,4427.938,10921.59,2030.728,4301.876,10907.77,1981.396,4539.678,10973.99,2020.255,4469.37,10834.59,2016.508,4356.825,11125.19,1968.176,4390.277,10589.38,2008.945,4373,11005.52,1966.29,4535.959
11099.28,1975.98,4478.665,10951.64,1966.141,4629.657,11016.42,1955.12,4408.19,9473.3,1951.155,4705.501,10745.88,1976.812,4381.909,10924,1992.067,4391.255,10866.25,2014.702,4465.523,10658.94,1978.241,4428.013,10921.38,2030.728,4301.845,10907.57,1981.396,4539.637,10973.79,2020.255,4469.296,10834.38,2016.508,4356.84,11125.15,1968.176,4390.072,10589.17,2008.945,4373.02,11005.34,1966.29,4535.865
11099.09,1975.98,4478.59,10951.44,1966.141,4629.576,11016.23,1955.12,4408.1,9473.092,1951.155,4705.505,10745.67,1976.812,4381.937,10923.8,1992.067,4391.18,10866.06,2014.702,4465.432,10658.75,1978.241,4428.094,10921.17,2030.728,4301.808,10907.36,1981.396,4539.602,10973.6,2020.255,4469.226,10834.17,2016.508,4356.85,11125.12,1968.176,4389.866,10588.96,2008.945,4373.033,11005.15,1966.29,4535.771
11098.89,1975.98,4478.521,10951.25,1966.141,4629.501,11016.04,1955.12,4408.006,9472.884,1951.155,4705.494,10745.47,1976.812,4381.961,10923.61,1992.067,4391.102,10865.88,2014.702,4465.344,10658.56,1978.241,4428.181,10920.97,2030.728,4301.765,10907.16,1981.396,4539.573,10973.4,2020.255,4469.157,10833.96,2016.508,4356.856,11125.1,1968.176,4389.659,10588.75,2008.945,4373.04,11004.97,1966.29,4535.676
11098.69,1975.98,4478.46,10951.05,1966.141,4629.433,11015.86,1955.12,4407.908,9472.676,1951.155,4705.49,10745.26,1976.812,4381.982,10923.42,1992.067,4391.021,10865.68,2014.702,4465.26,10658.38,1978.241,4428.274,10920.77,2030.728,4301.715,10906.95,1981.396,4539.543,10973.21,2020.255,4469.092,10833.76,2016.508,4356.857,11125.08,1968.176,4389.452,10588.55,2008.945,4373.041,11004.78,1966.29,4535.582
11098.49,1975.98,4478.405,10950.85,1966.141,4629.371,11015.68,1955.12,4407.806,9472.468,1951.155,4705.477,10745.05,1976.812,4382,10923.23,1992.067,4390.936,10865.49,2014.702,4465.179,10658.19,1978.241,4428.373,10920.57,2030.728,4301.66,10906.75,1981.396,4539.52,10973.01,2020.255,4469.029,10833.55,2016.508,4356.854,11125.07,1968.176,4389.244,10588.34,2008.945,4373.036,11004.6,1966.29,4535.488
11098.29,1975.98,4478.35,10950.66,1966.141,4629.302,11015.49,1955.12,4407.708,9472.26,1951.155,4705.47,10744.85,1976.812,4382.025,10923.03,1992.067,4390.858,10865.3,2014.702,4465.104,10658.01,1978.241,4428.465,10920.37,2030.728,4301.611,10906.54,1981.396,4539.49,10972.81,2020.255,4468.964,10833.34,2016.508,4356.857,11125.05,1968.176,4389.036,10588.13,2008.945,4373.038,11004.41,1966.29,4535.4
11098.09,1975.98,4478.292,10950.46,1966.141,4629.227,11015.3,1955.12,4407.617,9472.052,1951.155,4705.469,10744.64,1976.812,4382.042,10922.84,1992.067,4390.786,10865.1,2014.702,4465.036,10657.82,1978.241,4428.551,10920.16,2030.728,4301.568,10906.33,1981.396,4539.453,10972.61,2020.255,4468.9,10833.13,2016.508,4356.867,11125.02,1968.176,4388.829,10587.92,2008.945,4373.047,11004.22,1966.29,4535.318
11097.89,1975.98,4478.232,10950.27,1966.141,4629.145,11015.12,1955.12,4407.531,9471.844,1951.155,4705.476,10744.43,1976.812,4382.067,10922.64,1992.067,4390.721,10864.91,2014.702,4464.961,10657.63,1978.241,4428.631,10919.96,2030.728,4301.533,10906.13,1981.396,4539.411,10972.42,2020.255,4468.82,10832.92,2016.508,4356.884,11124.99,1968.176,4388.623,10587.71,2008.945,4373.063,11004.02,1966.29,4535.242
11097.69,1975.98,4478.171,10950.08,1966.141,4629.058,11014.92,1955.12,4407.451,9471.636,1951.155,4705.489,10744.22,1976.812,4382.094,10922.44,1992.067,4390.652,10864.72,2014.702,4464.879,10657.43,1978.241,4428.705,10919.75,2030.728,4301.504,10905.93,1981.396,4539.363,10972.22,2020.255,4468.746,10832.72,2016.508,4356.908,11124.95,1968.176,4388.418,10587.51,2008.945,4373.085,11003.83,1966.29,4535.173
11097.49,1975.98,4478.11,10949.9,1966.141,4628.964,11014.73,1955.12,4407.375,9471.428,1951.155,4705.504,10744.02,1976.812,4382.128,10922.24,1992.067,4390.589,10864.52,2014.702,4464.803,10657.23,1978.241,4428.772,10919.54,2030.728,4301.482,10905.72,1981.396,4539.33,10972.03,2020.255,4468.679,10832.51,2016.508,4356.938,11124.91,1968.176,4388.215,10587.3,2008.945,4373.114,11003.63,1966.29,4535.11
11097.29,1975.98,4478.048,10949.71,1966.141,4628.864,11014.53,1955.12,4407.306,9471.221,1951.155,4705.527,10743.82,1976.812,4382.169,10922.04,1992.067,4390.533,10864.33,2014.702,4464.722,10657.03,1978.241,4428.833,10919.33,2030.728,4301.467,10905.52,1981.396,4539.293,10971.83,2020.255,4468.618,10832.31,2016.508,4356.976,11124.85,1968.176,4388.014,10587.1,2008.945,4373.15,11003.43,1966.29,4535.054
11097.09,1975.98,4477.993,10949.53,1966.141,4628.759,11014.34,1955.12,4407.232,9471.015,1951.155,4705.556,10743.61,1976.812,4382.203,10921.84,1992.067,4390.475,10864.14,2014.702,4464.645,10656.84,1978.241,4428.9,10919.13,2030.728,4301.445,10905.31,1981.396,4539.263,10971.63,2020.255,4468.56,10832.1,2016.508,4357.007,11124.81,1968.176,4387.811,10586.89,2008.945,4373.18,11003.23,1966.29,4535
11096.89,1975.98,4477.945,10949.36,1966.141,4628.647,11014.15,1955.12,4407.153,9470.808,1951.155,4705.579,10743.4,1976.812,4382.23,10921.64,1992.067,4390.413,10863.94,2014.702,4464.571,10656.64,1978.241,4428.974,10918.92,2030.728,4301.417,10905.1,1981.396,4539.24,10971.42,2020.255,4468.504,10831.89,2016.508,4357.032,11124.77,1968.176,4387.606,10586.68,2008.945,4373.204,11003.02,1966.29,4534.949
11096.68,1975.98,4477.903,10949.18,1966.141,4628.542,11013.96,1955.12,4407.069,9470.6,1951.155,4705.594,10743.2,1976.812,4382.251,10921.44,1992.067,4390.348,10863.75,2014.702,4464.5,10656.45,1978.241,4429.053,10918.72,2030.728,4301.384,10904.9,1981.396,4539.223,10971.22,2020.255,4468.452,10831.69,2016.508,4357.051,11124.74,1968.176,4387.4,10586.47,2008.945,4373.222,11002.82,1966.29,4534.9
11096.48,1975.98,4477.868,10949,1966.141,4628.442,11013.77,1955.12,4406.981,9470.392,1951.155,4705.603,10742.99,1976.812,4382.265,10921.25,1992.067,4390.28,10863.55,2014.702,4464.432,10656.26,1978.241,4429.138,10918.51,2030.728,4301.344,10904.69,1981.396,4539.212,10971.02,2020.255,4468.403,10831.48,2016.508,4357.064,11124.71,1968.176,4387.193,10586.27,2008.945,4373.233,11002.62,1966.29,4534.855
11096.27,1975.98,4477.839,10948.81,1966.141,4628.349,11013.58,1955.12,4406.888,9470.184,1951.155,4705.618,10742.78,1976.812,4382.271,10921.05,1992.067,4390.209,10863.35,2014.702,4464.367,10656.07,1978.241,4429.229,10918.31,2030.728,4301.298,10904.48,1981.396,4539.208,10970.82,2020.255,4468.356,10831.27,2016.508,4357.072,11124.69,1968.176,4386.986,10586.06,2008.945,4373.239,11002.42,1966.29,4534.813
11096.06,1975.98,4477.817,10948.62,1966.141,4628.261,11013.4,1955.12,4406.791,9469.977,1951.155,4705.64,10742.57,1976.812,4382.271,10920.86,1992.067,4390.136,10863.15,2014.702,4464.305,10655.89,1978.241,4429.325,10918.11,2030.728,4301.246,10904.27,1981.396,4539.211,10970.61,2020.255,4468.313,10831.06,2016.508,4357.074,11124.68,1968.176,4386.778,10585.85,2008.945,4373.238,11002.21,1966.29,4534.773
11095.86,1975.98,4477.789,10948.43,1966.141,4628.18,11013.21,1955.12,4406.698,9469.771,1951.155,4705.668,10742.37,1976.812,4382.278,10920.66,1992.067,4390.068,10862.96,2014.702,4464.237,10655.7,1978.241,4429.416,10917.9,2030.728,4301.2,10904.06,1981.396,4539.221,10970.41,2020.255,4468.265,10830.85,2016.508,4357.083,11124.66,1968.176,4386.57,10585.64,2008.945,4373.245,11002.01,1966.29,4534.738
11095.65,1975.98,4477.754,10948.23,1966.141,4628.104,11013.02,1955.12,4406.61,9469.563,1951.155,4705.69,10742.16,1976.812,4382.292,10920.46,1992.067,4390.005,10862.76,2014.702,4464.163,10655.51,1978.241,4429.5,10917.7,2030.728,4301.161,10903.86,1981.396,4539.236,10970.21,2020.255,4468.211,10830.65,2016.508,4357.099,11124.64,1968.176,4386.364,10585.43,2008.945,4373.258,11001.8,1966.29,4534.709
11095.45,1975.98,4477.714,10948.04,1966.141,4628.036,11012.83,1955.12,4406.527,9469.355,1951.155,4705.704,10741.95,1976.812,4382.313,10920.26,1992.067,4389.949,10862.57,2014.702,4464.084,10655.31,1978.241,4429.579,10917.49,2030.728,4301.129,10903.65,1981.396,4539.257,10970.01,2020.255,4468.153,10830.44,2016.508,4357.121,11124.6,1968.176,4386.158,10585.23,2008.945,4373.278,11001.59,1966.29,4534.685
11095.25,1975.98,4477.667,10947.84,1966.141,4627.974,11012.64,1955.12,4406.449,9469.147,1951.155,4705.697,10741.74,1976.812,4382.34,10920.06,1992.067,4389.885,10862.38,2014.702,4464,10655.12,1978.241,4429.65,10917.29,2030.728,4301.104,10903.44,1981.396,4539.285,10969.81,2020.255,4468.091,10830.23,2016.508,4357.15,11124.56,1968.176,4385.954,10585.02,2008.945,4373.305,11001.39,1966.29,4534.665
11095.04,1975.98,4477.615,10947.64,1966.141,4627.918,11012.44,1955.12,4406.375,9468.939,1951.155,4705.685,10741.54,1976.812,4382.374,10919.86,1992.067,4389.828,10862.19,2014.702,4463.91,10654.92,1978.241,4429.716,10917.08,2030.728,4301.085,10903.24,1981.396,4539.319,10969.62,2020.255,4468.023,10830.03,2016.508,4357.186,11124.52,1968.176,4385.75,10584.81,2008.945,4373.338,11001.18,1966.29,4534.651
11094.84,1975.98,4477.558,10947.44,1966.141,4627.869,11012.25,1955.12,4406.305,9468.731,1951.155,4705.68,10741.33,1976.812,4382.415,10919.66,1992.067,4389.778,10862,2014.702,4463.815,10654.72,1978.241,4429.775,10916.87,2030.728,4301.073,10903.03,1981.396,4539.359,10969.42,2020.255,4467.952,10829.82,2016.508,4357.229,11124.47,1968.176,4385.549,10584.61,2008.945,4373.378,11000.97,1966.29,4534.642
11094.65,1975.98,4477.496,10947.23,1966.141,4627.827,11012.05,1955.12,4406.24,9468.523,1951.155,4705.681,10741.13,1976.812,4382.445,10919.46,1992.067,4389.726,10861.82,2014.702,4463.716,10654.53,1978.241,4429.846,10916.66,2030.728,4301.068,10902.83,1981.396,4539.406,10969.23,2020.255,4467.875,10829.62,2016.508,4357.278,11124.41,1968.176,4385.349,10584.41,2008.945,4373.421,11000.76,1966.29,4534.638
11094.45,1975.98,4477.439,10947.03,1966.141,4627.791,11011.85,1955.12,4406.171,9468.315,1951.155,4705.689,10740.92,1976.812,4382.473,10919.26,1992.067,4389.67,10861.64,2014.702,4463.622,10654.33,1978.241,4429.924,10916.46,2030.728,4301.057,10902.63,1981.396,4539.456,10969.03,2020.255,4467.798,10829.42,2016.508,4357.321,11124.35,1968.176,4385.147,10584.2,2008.945,4373.459,11000.55,1966.29,4534.637
11094.24,1975.98,4477.388,10946.82,1966.141,4627.762,11011.66,1955.12,4406.099,9468.107,1951.155,4705.705,10740.72,1976.812,4382.497,10919.06,1992.067,4389.611,10861.45,2014.702,4463.534,10654.14,1978.241,4430.007,10916.25,2030.728,4301.04,10902.43,1981.396,4539.51,10968.84,2020.255,4467.719,10829.21,2016.508,4357.358,11124.31,1968.176,4384.944,10584,2008.945,4373.49,11000.35,1966.29,4534.638
11094.04,1975.98,4477.343,10946.61,1966.141,4627.74,11011.46,1955.12,4406.024,9467.899,1951.155,4705.713,10740.51,1976.812,4382.517,10918.86,1992.067,4389.548,10861.26,2014.702,4463.452,10653.95,1978.241,4430.097,10916.04,2030.728,4301.015,10902.23,1981.396,4539.566,10968.65,2020.255,4467.638,10829.01,2016.508,4357.389,11124.27,1968.176,4384.74,10583.79,2008.945,4373.516,11000.14,1966.29,4534.642
11093.83,1975.98,4477.305,10946.41,1966.141,4627.724,11011.27,1955.12,4405.946,9467.691,1951.155,4705.729,10740.3,1976.812,4382.535,10918.66,1992.067,4389.482,10861.06,2014.702,4463.376,10653.77,1978.241,4430.192,10915.83,2030.728,4300.984,10902.03,1981.396,4539.626,10968.46,2020.255,4467.556,10828.8,2016.508,4357.413,11124.24,1968.176,4384.534,10583.58,2008.945,4373.535,10999.93,1966.29,4534.648
11093.63,1975.98,4477.272,10946.2,1966.141,4627.715,11011.08,1955.12,4405.865,9467.484,1951.155,4705.751,10740.09,1976.812,4382.549,10918.46,1992.067,4389.413,10860.87,2014.702,4463.306,10653.58,1978.241,4430.293,10915.63,2030.728,4300.947,10901.83,1981.396,4539.688,10968.27,2020.255,4467.473,10828.59,2016.508,4357.432,11124.21,1968.176,4384.328,10583.37,2008.945,4373.548,10999.72,1966.29,4534.658
11093.42,1975.98,4477.246,10945.99,1966.141,4627.713,11010.89,1955.12,4405.781,9467.276,1951.155,4705.754,10739.89,1976.812,4382.56,10918.27,1992.067,4389.34,10860.67,2014.702,4463.241,10653.41,1978.241,4430.399,10915.42,2030.728,4300.904,10901.63,1981.396,4539.752,10968.08,2020.255,4467.388,10828.38,2016.508,4357.444,11124.19,1968.176,4384.12,10583.17,2008.945,4373.555,10999.51,1966.29,4534.67
11093.21,1975.98,4477.226,10945.78,1966.141,4627.718,11010.7,1955.12,4405.692,9467.068,1951.155,4705.764,10739.68,1976.812,4382.567,10918.08,1992.067,4389.264,10860.47,2014.702,4463.183,10653.23,1978.241,4430.511,10915.22,2030.728,4300.854,10901.43,1981.396,4539.819,10967.89,2020.255,4467.301,10828.18,2016.508,4357.45,11124.18,1968.176,4383.912,10582.96,2008.945,4373.556,10999.31,1966.29,4534.685
11093.01,1975.98,4477.199,10945.57,1966.141,4627.73,11010.51,1955.12,4405.609,9466.86,1951.155,4705.781,10739.47,1976.812,4382.581,10917.88,1992.067,4389.194,10860.27,2014.702,4463.11,10653.05,1978.241,4430.617,10915.02,2030.728,4300.812,10901.23,1981.396,4539.879,10967.69,2020.255,4467.22,10827.97,2016.508,4357.463,11124.16,1968.176,4383.705,10582.75,2008.945,4373.563,10999.1,1966.29,4534.693
11092.8,1975.98,4477.167,10945.37,1966.141,4627.725,11010.31,1955.12,4405.532,9466.653,1951.155,4705.804,10739.26,1976.812,4382.602,10917.68,1992.067,4389.131,10860.08,2014.702,4463.023,10652.87,1978.241,4430.717,10914.81,2030.728,4300.775,10901.03,1981.396,4539.933,10967.5,2020.255,4467.146,10827.76,2016.508,4357.483,11124.13,1968.176,4383.498,10582.54,2008.945,4373.578,10998.89,1966.29,4534.695
11092.6,1975.98,4477.129,10945.16,1966.141,4627.727,11010.12,1955.12,4405.459,9466.445,1951.155,4705.808,10739.06,1976.812,4382.63,10917.48,1992.067,4389.075,10859.89,2014.702,4462.943,10652.68,1978.241,4430.812,10914.61,2030.728,4300.746,10900.83,1981.396,4539.979,10967.3,2020.255,4467.078,10827.55,2016.508,4357.51,11124.1,1968.176,4383.292,10582.33,2008.945,4373.6,10998.68,1966.29,4534.689
11092.39,1975.98,4477.085,10944.95,1966.141,4627.735,11009.92,1955.12,4405.393,9466.237,1951.155,4705.818,10738.85,1976.812,4382.665,10917.28,1992.067,4389.02,10859.7,2014.702,4462.869,10652.49,1978.241,4430.899,10914.4,2030.728,4300.723,10900.63,1981.396,4540.02,10967.1,2020.255,4467.017,10827.35,2016.508,4357.543,11124.06,1968.176,4383.088,10582.13,2008.945,4373.627,10998.47,1966.29,4534.678
11092.19,1975.98,4477.037,10944.74,1966.141,4627.75,11009.72,1955.12,4405.332,9466.029,1951.155,4705.834,10738.65,1976.812,4382.699,10917.08,1992.067,4388.971,10859.5,2014.702,4462.789,10652.3,1978.241,4430.981,10914.19,2030.728,4300.707,10900.42,1981.396,4540.053,10966.9,2020.255,4466.962,10827.14,2016.508,4357.583,11124.02,1968.176,4382.885,10581.92,2008.945,4373.662,10998.27,1966.29,4534.661
11091.99,1975.98,4476.986,10944.53,1966.141,4627.758,11009.52,1955.12,4405.276,9465.822,1951.155,4705.858,10738.44,1976.812,4382.741,10916.87,1992.067,4388.929,10859.31,2014.702,4462.716,10652.11,1978.241,4431.057,10913.98,2030.728,4300.698,10900.21,1981.396,4540.08,10966.7,2020.255,4466.914,10826.94,2016.508,4357.63,11123.96,1968.176,4382.683,10581.72,2008.945,4373.7,10998.06,1966.29,4534.663
11091.79,1975.98,4476.932,10944.33,1966.141,4627.773,11009.32,1955.12,4405.227,9465.616,1951.155,4705.888,10738.24,1976.812,4382.789,10916.67,1992.067,4388.893,10859.12,2014.702,4462.632,10651.91,1978.241,4431.125,10913.78,2030.728,4300.695,10900,1981.396,4540.1,10966.5,2020.255,4466.873,10826.74,2016.508,4357.675,11123.9,1968.176,4382.483,10581.51,2008.945,4373.736,10997.85,1966.29,4534.657
11091.58,1975.98,4476.884,10944.12,1966.141,4627.795,11009.12,1955.12,4405.173,9465.411,1951.155,4705.925,10738.04,1976.812,4382.834,10916.46,1992.067,4388.853,10858.93,2014.702,4462.554,10651.72,1978.241,4431.201,10913.57,2030.728,4300.687,10899.8,1981.396,4540.125,10966.29,2020.255,4466.831,10826.53,2016.508,4357.713,11123.85,1968.176,4382.282,10581.31,2008.945,4373.766,10997.64,1966.29,4534.654
11091.38,1975.98,4476.841,10943.91,1966.141,4627.824,11008.92,1955.12,4405.115,9465.206,1951.155,4705.962,10737.83,1976.812,4382.875,10916.26,1992.067,4388.809,10858.73,2014.702,4462.481,10651.53,1978.241,4431.282,10913.36,2030.728,4300.671,10899.59,1981.396,4540.156,10966.09,2020.255,4466.788,10826.33,2016.508,4357.746,11123.8,1968.176,4382.079,10581.1,2008.945,4373.789,10997.43,1966.29,4534.654
11091.18,1975.98,4476.805,10943.71,1966.141,4627.86,11008.72,1955.12,4405.052,9465,1951.155,4705.993,10737.63,1976.812,4382.914,10916.06,1992.067,4388.762,10858.53,2014.702,4462.416,10651.34,1978.241,4431.369,10913.15,2030.728,4300.65,10899.39,1981.396,4540.191,10965.88,2020.255,4466.744,10826.12,2016.508,4357.772,11123.76,1968.176,4381.874,10580.89,2008.945,4373.807,10997.23,1966.29,4534.656
11090.97,1975.98,4476.775,10943.5,1966.141,4627.902,11008.52,1955.12,4404.984,9464.792,1951.155,4705.997,10737.42,1976.812,4382.948,10915.85,1992.067,4388.712,10858.33,2014.702,4462.355,10651.15,1978.241,4431.461,10912.95,2030.728,4300.622,10899.18,1981.396,4540.231,10965.68,2020.255,4466.699,10825.91,2016.508,4357.792,11123.73,1968.176,4381.668,10580.68,2008.945,4373.818,10997.02,1966.29,4534.66
11090.76,1975.98,4476.751,10943.3,1966.141,4627.951,11008.33,1955.12,4404.912,9464.584,1951.155,4706.008,10737.22,1976.812,4382.979,10915.65,1992.067,4388.658,10858.13,2014.702,4462.301,10650.97,1978.241,4431.56,10912.74,2030.728,4300.588,10898.98,1981.396,4540.275,10965.48,2020.255,4466.653,10825.7,2016.508,4357.806,11123.71,1968.176,4381.462,10580.48,2008.945,4373.823,10996.81,1966.29,4534.667
11090.55,1975.98,4476.734,10943.1,1966.141,4628.006,11008.13,1955.12,4404.834,9464.376,1951.155,4706.026,10737.01,1976.812,4383.008,10915.45,1992.067,4388.6,10857.93,2014.702,4462.253,10650.79,1978.241,4431.665,10912.54,2030.728,4300.547,10898.78,1981.396,4540.324,10965.27,2020.255,4466.607,10825.5,2016.508,4357.814,11123.69,1968.176,4381.254,10580.27,2008.945,4373.822,10996.6,1966.29,4534.678
11090.35,1975.98,4476.723,10942.9,1966.141,4628.068,11007.94,1955.12,4404.753,9464.169,1951.155,4706.051,10736.8,1976.812,4383.033,10915.25,1992.067,4388.539,10857.73,2014.702,4462.212,10650.61,1978.241,4431.774,10912.33,2030.728,4300.5,10898.58,1981.396,4540.377,10965.07,2020.255,4466.56,10825.29,2016.508,4357.816,11123.67,1968.176,4381.046,10580.06,2008.945,4373.815,10996.39,1966.29,4534.691
11090.14,1975.98,4476.705,10942.7,1966.141,4628.123,11007.75,1955.12,4404.677,9463.963,1951.155,4706.083,10736.6,1976.812,4383.064,10915.05,1992.067,4388.481,10857.52,2014.702,4462.164,10650.43,1978.241,4431.878,10912.13,2030.728,4300.46,10898.37,1981.396,4540.423,10964.87,2020.255,4466.519,10825.08,2016.508,4357.825,11123.65,1968.176,4380.839,10579.85,2008.945,4373.815,10996.19,1966.29,4534.697
11089.93,1975.98,4476.681,10942.5,1966.141,4628.172,11007.55,1955.12,4404.607,9463.758,1951.155,4706.118,10736.39,1976.812,4383.102,10914.85,1992.067,4388.43,10857.32,2014.702,4462.126,10650.25,1978.241,4431.977,10911.92,2030.728,4300.427,10898.17,1981.396,4540.462,10964.66,2020.255,4466.485,10824.87,2016.508,4357.84,11123.63,1968.176,4380.632,10579.64,2008.945,4373.822,10995.98,1966.29,4534.697
11089.73,1975.98,4476.651,10942.29,1966.141,4628.214,11007.35,1955.12,4404.542,9463.554,1951.155,4706.159,10736.19,1976.812,4383.147,10914.65,1992.067,4388.386,10857.11,2014.702,4462.083,10650.06,1978.241,4432.068,10911.72,2030.728,4300.4,10897.96,1981.396,4540.495,10964.46,2020.255,4466.458,10824.67,2016.508,4357.862,11123.59,1968.176,4380.427,10579.44,2008.945,4373.836,10995.77,1966.29,4534.7
11089.52,1975.98,4476.615,10942.09,1966.141,4628.25,11007.15,1955.12,4404.484,9463.351,1951.155,4706.207,10735.99,1976.812,4383.198,10914.44,1992.067,4388.348,10856.91,2014.702,4462.033,10649.87,1978.241,4432.154,10911.51,2030.728,4300.38,10897.76,1981.396,4540.524,10964.25,2020.255,4466.437,10824.46,2016.508,4357.891,11123.55,1968.176,4380.222,10579.23,2008.945,4373.856,10995.56,1966.29,4534.697
11089.32,1975.98,4476.573,10941.88,1966.141,4628.287,11006.95,1955.12,4404.432,9463.157,1951.155,4706.283,10735.78,1976.812,4383.228,10914.24,1992.067,4388.316,10856.71,2014.702,4461.986,10649.68,1978.241,4432.234,10911.3,2030.728,4300.367,10897.55,1981.396,4540.546,10964.04,2020.255,4466.407,10824.25,2016.508,4357.927,11123.51,1968.176,4380.019,10579.02,2008.945,4373.884,10995.35,1966.29,4534.688
11089.11,1975.98,4476.525,10941.68,1966.141,4628.317,11006.75,1955.12,4404.386,9462.962,1951.155,4706.354,10735.57,1976.812,4383.259,10914.03,1992.067,4388.278,10856.51,2014.702,4461.919,10649.48,1978.241,4432.307,10911.09,2030.728,4300.36,10897.34,1981.396,4540.573,10963.83,2020.255,4466.384,10824.05,2016.508,4357.969,11123.45,1968.176,4379.817,10578.82,2008.945,4373.918,10995.15,1966.29,4534.673
11088.91,1975.98,4476.474,10941.47,1966.141,4628.362,11006.54,1955.12,4404.346,9462.764,1951.155,4706.419,10735.37,1976.812,4383.298,10913.83,1992.067,4388.246,10856.31,2014.702,4461.858,10649.28,1978.241,4432.374,10910.89,2030.728,4300.361,10897.13,1981.396,4540.601,10963.63,2020.255,4466.333,10823.85,2016.508,4358.018,11123.39,1968.176,4379.618,10578.61,2008.945,4373.958,10994.94,1966.29,4534.665
11088.71,1975.98,4476.428,10941.27,1966.141,4628.413,11006.34,1955.12,4404.302,9462.563,1951.155,4706.478,10735.16,1976.812,4383.333,10913.62,1992.067,4388.21,10856.11,2014.702,4461.804,10649.09,1978.241,4432.447,10910.68,2030.728,4300.355,10896.93,1981.396,4540.633,10963.43,2020.255,4466.282,10823.64,2016.508,4358.061,11123.34,1968.176,4379.416,10578.41,2008.945,4373.993,10994.73,1966.29,4534.658
11088.5,1975.98,4476.388,10941.07,1966.141,4628.47,11006.14,1955.12,4404.254,9462.361,1951.155,4706.529,10734.96,1976.812,4383.365,10913.42,1992.067,4388.171,10855.91,2014.702,4461.756,10648.9,1978.241,4432.526,10910.47,2030.728,4300.343,10896.72,1981.396,4540.67,10963.23,2020.255,4466.229,10823.44,2016.508,4358.098,11123.29,1968.176,4379.213,10578.2,2008.945,4374.021,10994.52,1966.29,4534.654
11088.3,1975.98,4476.354,10940.87,1966.141,4628.534,11005.94,1955.12,4404.204,9462.158,1951.155,4706.574,10734.75,1976.812,4383.393,10913.21,1992.067,4388.128,10855.7,2014.702,4461.714,10648.71,1978.241,4432.611,10910.26,2030.728,4300.324,10896.52,1981.396,4540.712,10963.03,2020.255,4466.175,10823.23,2016.508,4358.128,11123.25,1968.176,4379.008,10577.99,2008.945,4374.043,10994.32,1966.29,4534.653
11088.09,1975.98,4476.327,10940.68,1966.141,4628.604,11005.73,1955.12,4404.149,9461.953,1951.155,4706.613,10734.54,1976.812,4383.418,10913.01,1992.067,4388.082,10855.5,2014.702,4461.678,10648.52,1978.241,4432.702,10910.06,2030.728,4300.298,10896.32,1981.396,4540.758,10962.83,2020.255,4466.121,10823.03,2016.508,4358.153,11123.22,1968.176,4378.803,10577.79,2008.945,4374.06,10994.11,1966.29,4534.654
11087.88,1975.98,4476.306,10940.48,1966.141,4628.681,11005.53,1955.12,4404.092,9461.747,1951.155,4706.645,10734.34,1976.812,4383.439,10912.81,1992.067,4388.031,10855.29,2014.702,4461.648,10648.33,1978.241,4432.798,10909.85,2030.728,4300.267,10896.11,1981.396,4540.809,10962.63,2020.255,4466.065,10822.82,2016.508,4358.171,11123.19,1968.176,4378.596,10577.58,2008.945,4374.069,10993.9,1966.29,4534.658
11087.68,1975.98,4476.291,10940.29,1966.141,4628.764,11005.33,1955.12,4404.032,9461.54,1951.155,4706.669,10734.13,1976.812,4383.457,10912.61,1992.067,4387.978,10855.09,2014.702,4461.624,10648.15,1978.241,4432.901,10909.65,2030.728,4300.229,10895.91,1981.396,4540.863,10962.43,2020.255,4466.008,10822.61,2016.508,4358.184,11123.17,1968.176,4378.389,10577.37,2008.945,4374.073,10993.69,1966.29,4534.664
11087.47,1975.98,4476.283,10940.1,1966.141,4628.854,11005.14,1955.12,4403.968,9461.332,1951.155,4706.688,10733.92,1976.812,4383.471,10912.41,1992.067,4387.92,10854.88,2014.702,4461.606,10647.97,1978.241,4433.009,10909.44,2030.728,4300.184,10895.71,1981.396,4540.921,10962.23,2020.255,4465.95,10822.4,2016.508,4358.19,11123.16,1968.176,4378.181,10577.16,2008.945,4374.071,10993.48,1966.29,4534.673
11087.26,1975.98,4476.268,10939.91,1966.141,4628.937,11004.94,1955.12,4403.909,9461.124,1951.155,4706.699,10733.72,1976.812,4383.492,10912.2,1992.067,4387.87,10854.67,2014.702,4461.582,10647.79,1978.241,4433.111,10909.24,2030.728,4300.146,10895.51,1981.396,4540.973,10962.02,2020.255,4465.898,10822.19,2016.508,4358.203,11123.14,1968.176,4377.973,10576.95,2008.945,4374.075,10993.28,1966.29,4534.677
11087.05,1975.98,4476.246,10939.72,1966.141,4629.013,11004.74,1955.12,4403.855,9460.916,1951.155,4706.703,10733.51,1976.812,4383.52,10912,1992.067,4387.823,10854.46,2014.702,4461.551,10647.61,1978.241,4433.207,10909.03,2030.728,4300.116,10895.31,1981.396,4541.018,10961.82,2020.255,4465.853,10821.99,2016.508,4358.223,11123.12,1968.176,4377.767,10576.75,2008.945,4374.086,10993.07,1966.29,4534.688
11086.85,1975.98,4476.218,10939.52,1966.141,4629.083,11004.53,1955.12,4403.807,9460.708,1951.155,4706.701,10733.3,1976.812,4383.555,10911.8,1992.067,4387.772,10854.26,2014.702,4461.513,10647.42,1978.241,4433.297,10908.83,2030.728,4300.088,10895.1,1981.396,4541.056,10961.62,2020.255,4465.815,10821.78,2016.508,4358.248,11123.08,1968.176,4377.561,10576.54,2008.945,4374.104,10992.86,1966.29,4534.705
11086.64,1975.98,4476.185,10939.32,1966.141,4629.147,11004.33,1955.12,4403.765,9460.5,1951.155,4706.691,10733.1,1976.812,4383.596,10911.6,1992.067,4387.721,10854.06,2014.702,4461.468,10647.23,1978.241,4433.381,10908.62,2030.728,4300.067,10894.9,1981.396,4541.087,10961.41,2020.255,4465.783,10821.57,2016.508,4358.279,11123.04,1968.176,4377.356,10576.33,2008.945,4374.129,10992.65,1966.29,4534.729
11086.44,1975.98,4476.145,10939.12,1966.141,4629.205,11004.12,1955.12,4403.729,9460.292,1951.155,4706.675,10732.9,1976.812,4383.644,10911.39,1992.067,4387.677,10853.85,2014.702,4461.417,10647.04,1978.241,4433.458,10908.41,2030.728,4300.053,10894.69,1981.396,4541.111,10961.2,2020.255,4465.758,10821.37,2016.508,4358.317,11123,1968.176,4377.153,10576.13,2008.945,4374.161,10992.45,1966.29,4534.758
11086.24,1975.98,4476.099,10938.92,1966.141,4629.256,11003.92,1955.12,4403.7,9460.085,1951.155,4706.653,10732.7,1976.812,4383.697,10911.19,1992.067,4387.64,10853.65,2014.702,4461.363,10646.84,1978.241,4433.53,10908.2,2030.728,4300.046,10894.48,1981.396,4541.131,10961,2020.255,4465.74,10821.17,2016.508,4358.362,11122.94,1968.176,4376.952,10575.92,2008.945,4374.2,10992.24,1966.29,4534.791
11086.03,1975.98,4476.047,10938.72,1966.141,4629.3,11003.71,1955.12,4403.678,9459.879,1951.155,4706.624,10732.5,1976.812,4383.756,10910.98,1992.067,4387.602,10853.45,2014.702,4461.316,10646.64,1978.241,4433.594,10907.99,2030.728,4300.045,10894.27,1981.396,4541.144,10960.79,2020.255,4465.71,10820.96,2016.508,4358.414,11122.88,1968.176,4376.752,10575.72,2008.945,4374.245,10992.03,1966.29,4534.812
11085.83,1975.98,4476.002,10938.52,1966.141,4629.351,11003.5,1955.12,4403.651,9459.674,1951.155,4706.587,10732.3,1976.812,4383.812,10910.78,1992.067,4387.56,10853.25,2014.702,4461.276,10646.45,1978.241,4433.665,10907.79,2030.728,4300.039,10894.07,1981.396,4541.162,10960.58,2020.255,4465.68,10820.76,2016.508,4358.459,11122.83,1968.176,4376.551,10575.51,2008.945,4374.284,10991.83,1966.29,4534.835
11085.63,1975.98,4475.963,10938.32,1966.141,4629.408,11003.3,1955.12,4403.619,9459.47,1951.155,4706.544,10732.09,1976.812,4383.864,10910.58,1992.067,4387.514,10853.04,2014.702,4461.242,10646.25,1978.241,4433.742,10907.58,2030.728,4300.025,10893.86,1981.396,4541.186,10960.38,2020.255,4465.649,10820.56,2016.508,4358.498,11122.78,1968.176,4376.348,10575.31,2008.945,4374.316,10991.62,1966.29,4534.862
11085.42,1975.98,4475.931,10938.12,1966.141,4629.472,11003.09,1955.12,4403.583,9459.268,1951.155,4706.495,10731.89,1976.812,4383.913,10910.37,1992.067,4387.465,10852.83,2014.702,4461.213,10646.06,1978.241,4433.825,10907.37,2030.728,4300.006,10893.65,1981.396,4541.215,10960.17,2020.255,4465.617,10820.35,2016.508,4358.531,11122.74,1968.176,4376.143,10575.1,2008.945,4374.343,10991.42,1966.29,4534.893
11085.21,1975.98,4475.904,10937.92,1966.141,4629.542,11002.89,1955.12,4403.541,9459.067,1951.155,4706.439,10731.69,1976.812,4383.958,10910.17,1992.067,4387.412,10852.63,2014.702,4461.191,10645.87,1978.241,4433.914,10907.16,2030.728,4299.98,10893.45,1981.396,4541.25,10959.96,2020.255,4465.585,10820.14,2016.508,4358.558,11122.71,1968.176,4375.938,10574.89,2008.945,4374.363,10991.21,1966.29,4534.926
11085,1975.98,4475.883,10937.73,1966.141,4629.619,11002.69,1955.12,4403.495,9458.869,1951.155,4706.376,10731.49,1976.812,4384,10909.97,1992.067,4387.356,10852.42,2014.702,4461.175,10645.69,1978.241,4434.009,10906.96,2030.728,4299.948,10893.25,1981.396,4541.289,10959.76,2020.255,4465.552,10819.94,2016.508,4358.579,11122.68,1968.176,4375.731,10574.68,2008.945,4374.377,10991,1966.29,4534.963
11084.8,1975.98,4475.869,10937.54,1966.141,4629.702,11002.48,1955.12,4403.444,9458.673,1951.155,4706.307,10731.28,1976.812,4384.039,10909.77,1992.067,4387.296,10852.21,2014.702,4461.165,10645.5,1978.241,4434.109,10906.75,2030.728,4299.909,10893.04,1981.396,4541.333,10959.55,2020.255,4465.518,10819.73,2016.508,4358.594,11122.66,1968.176,4375.523,10574.48,2008.945,4374.386,10990.8,1966.29,4535.004
11084.59,1975.98,4475.861,10937.35,1966.141,4629.791,11002.28,1955.12,4403.389,9458.479,1951.155,4706.231,10731.08,1976.812,4384.074,10909.58,1992.067,4387.232,10852,2014.702,4461.161,10645.33,1978.241,4434.215,10906.55,2030.728,4299.864,10892.84,1981.396,4541.381,10959.35,2020.255,4465.484,10819.52,2016.508,4358.603,11122.65,1968.176,4375.315,10574.27,2008.945,4374.388,10990.6,1966.29,4535.048
11084.38,1975.98,4475.847,10937.16,1966.141,4629.874,11002.08,1955.12,4403.34,9458.287,1951.155,4706.149,10730.87,1976.812,4384.116,10909.38,1992.067,4387.175,10851.8,2014.702,4461.164,10645.14,1978.241,4434.315,10906.34,2030.728,4299.826,10892.64,1981.396,4541.424,10959.14,2020.255,4465.456,10819.31,2016.508,4358.619,11122.63,1968.176,4375.108,10574.06,2008.945,4374.396,10990.39,1966.29,4535.095
11084.17,1975.98,4475.827,10936.96,1966.141,4629.95,11001.88,1955.12,4403.298,9458.099,1951.155,4706.062,10730.67,1976.812,4384.164,10909.17,1992.067,4387.125,10851.59,2014.702,4461.16,10644.96,1978.241,4434.41,10906.14,2030.728,4299.794,10892.43,1981.396,4541.46,10958.94,2020.255,4465.435,10819.1,2016.508,4358.628,11122.6,1968.176,4374.901,10573.85,2008.945,4374.412,10990.19,1966.29,4535.146
11083.97,1975.98,4475.801,10936.77,1966.141,4630.021,11001.67,1955.12,4403.262,9457.913,1951.155,4705.967,10730.46,1976.812,4384.198,10908.97,1992.067,4387.081,10851.38,2014.702,4461.162,10644.77,1978.241,4434.498,10905.93,2030.728,4299.769,10892.22,1981.396,4541.491,10958.73,2020.255,4465.42,10818.9,2016.508,4358.631,11122.57,1968.176,4374.696,10573.64,2008.945,4374.435,10989.99,1966.29,4535.209
11083.76,1975.98,4475.769,10936.57,1966.141,4630.084,11001.47,1955.12,4403.233,9457.73,1951.155,4705.867,10730.26,1976.812,4384.238,10908.76,1992.067,4387.044,10851.17,2014.702,4461.171,10644.58,1978.241,4434.579,10905.72,2030.728,4299.751,10892.02,1981.396,4541.517,10958.52,2020.255,4465.412,10818.69,2016.508,4358.602,11122.53,1968.176,4374.491,10573.44,2008.945,4374.464,10989.79,1966.29,4535.267
11083.56,1975.98,4475.731,10936.37,1966.141,4630.141,11001.26,1955.12,4403.21,9457.551,1951.155,4705.761,10730.05,1976.812,4384.273,10908.56,1992.067,4387.014,10850.96,2014.702,4461.193,10644.38,1978.241,4434.655,10905.52,2030.728,4299.74,10891.81,1981.396,4541.542,10958.31,2020.255,4465.41,10818.48,2016.508,4358.572,11122.48,1968.176,4374.288,10573.23,2008.945,4374.5,10989.6,1966.29,4535.341
11083.35,1975.98,4475.688,10936.17,1966.141,4630.192,11001.05,1955.12,4403.194,9457.375,1951.155,4705.649,10729.85,1976.812,4384.301,10908.35,1992.067,4386.99,10850.76,2014.702,4461.208,10644.19,1978.241,4434.724,10905.31,2030.728,4299.704,10891.6,1981.396,4541.566,10958.1,2020.255,4465.415,10818.28,2016.508,4358.55,11122.43,1968.176,4374.087,10573.03,2008.945,4374.542,10989.4,1966.29,4535.408
11083.15,1975.98,4475.64,10935.96,1966.141,4630.236,11000.84,1955.12,4403.185,9457.203,1951.155,4705.532,10729.64,1976.812,4384.317,10908.14,1992.067,4386.964,10850.55,2014.702,4461.222,10643.99,1978.241,4434.799,10905.11,2030.728,4299.662,10891.4,1981.396,4541.596,10957.9,2020.255,4465.42,10818.07,2016.508,4358.523,11122.37,1968.176,4373.888,10572.82,2008.945,4374.579,10989.21,1966.29,4535.481
11082.95,1975.98,4475.588,10935.76,1966.141,4630.273,11000.63,1955.12,4403.183,9457.035,1951.155,4705.409,10729.43,1976.812,4384.34,10907.94,1992.067,4386.935,10850.34,2014.702,4461.234,10643.8,1978.241,4434.88,10904.9,2030.728,4299.614,10891.19,1981.396,4541.633,10957.69,2020.255,4465.426,10817.86,2016.508,4358.493,11122.3,1968.176,4373.69,10572.62,2008.945,4374.609,10989.01,1966.29,4535.559
11082.75,1975.98,4475.532,10935.55,1966.141,4630.304,11000.43,1955.12,4403.187,9456.871,1951.155,4705.28,10729.23,1976.812,4384.363,10907.73,1992.067,4386.903,10850.13,2014.702,4461.245,10643.61,1978.241,4434.967,10904.7,2030.728,4299.561,10890.99,1981.396,4541.676,10957.48,2020.255,4465.432,10817.66,2016.508,4358.459,11122.23,1968.176,4373.495,10572.41,2008.945,4374.633,10988.82,1966.29,4535.642
11082.55,1975.98,4475.473,10935.34,1966.141,4630.328,11000.22,1955.12,4403.197,9456.712,1951.155,4705.146,10729.02,1976.812,4384.377,10907.53,1992.067,4386.869,10849.92,2014.702,4461.254,10643.42,1978.241,4435.06,10904.5,2030.728,4299.501,10890.79,1981.396,4541.725,10957.27,2020.255,4465.439,10817.45,2016.508,4358.422,11122.15,1968.176,4373.303,10572.2,2008.945,4374.651,10988.63,1966.29,4535.729
11082.35,1975.98,4475.411,10935.14,1966.141,4630.345,11000.01,1955.12,4403.214,9456.557,1951.155,4705.007,10728.81,1976.812,4384.398,10907.32,1992.067,4386.832,10849.72,2014.702,4461.262,10643.24,1978.241,4435.158,10904.31,2030.728,4299.435,10890.58,1981.396,4541.78,10957.06,2020.255,4465.446,10817.25,2016.508,4358.382,11122.06,1968.176,4373.113,10572,2008.945,4374.663,10988.45,1966.29,4535.822
11082.15,1975.98,4475.347,10934.93,1966.141,4630.355,10999.8,1955.12,4403.238,9456.406,1951.155,4704.863,10728.6,1976.812,4384.42,10907.12,1992.067,4386.792,10849.51,2014.702,4461.269,10643.06,1978.241,4435.262,10904.11,2030.728,4299.364,10890.39,1981.396,4541.841,10956.86,2020.255,4465.454,10817.05,2016.508,4358.34,11121.97,1968.176,4372.926,10571.79,2008.945,4374.668,10988.26,1966.29,4535.92
11081.95,1975.98,4475.281,10934.72,1966.141,4630.358,10999.6,1955.12,4403.268,9456.261,1951.155,4704.714,10728.4,1976.812,4384.449,10906.91,1992.067,4386.749,10849.3,2014.702,4461.274,10642.88,1978.241,4435.371,10903.92,2030.728,4299.287,10890.19,1981.396,4541.908,10956.65,2020.255,4465.462,10816.84,2016.508,4358.295,11121.87,1968.176,4372.742,10571.58,2008.945,4374.667,10988.08,1966.29,4536.023
11081.75,1975.98,4475.217,10934.51,1966.141,4630.355,10999.39,1955.12,4403.303,9456.12,1951.155,4704.561,10728.19,1976.812,4384.484,10906.71,1992.067,4386.703,10849.09,2014.702,4461.279,10642.7,1978.241,4435.475,10903.73,2030.728,4299.204,10889.99,1981.396,4541.981,10956.44,2020.255,4465.471,10816.64,2016.508,4358.248,11121.77,1968.176,4372.561,10571.37,2008.945,4374.674,10987.9,1966.29,4536.131
11081.56,1975.98,4475.154,10934.3,1966.141,4630.345,10999.19,1955.12,4403.335,9455.984,1951.155,4704.402,10727.99,1976.812,4384.505,10906.51,1992.067,4386.654,10848.88,2014.702,4461.282,10642.52,1978.241,4435.572,10903.54,2030.728,4299.115,10889.8,1981.396,4542.061,10956.23,2020.255,4465.48,10816.44,2016.508,4358.199,11121.66,1968.176,4372.384,10571.16,2008.945,4374.687,10987.73,1966.29,4536.243
11081.36,1975.98,4475.092,10934.1,1966.141,4630.33,10998.98,1955.12,4403.373,9455.854,1951.155,4704.24,10727.78,1976.812,4384.533,10906.31,1992.067,4386.603,10848.68,2014.702,4461.285,10642.33,1978.241,4435.664,10903.35,2030.728,4299.021,10889.61,1981.396,4542.146,10956.02,2020.255,4465.49,10816.24,2016.508,4358.148,11121.54,1968.176,4372.21,10570.96,2008.945,4374.707,10987.56,1966.29,4536.36
11081.16,1975.98,4475.031,10933.89,1966.141,4630.309,10998.78,1955.12,4403.415,9455.729,1951.155,4704.073,10727.57,1976.812,4384.543,10906.1,1992.067,4386.548,10848.47,2014.702,4461.286,10642.14,1978.241,4435.75,10903.17,2030.728,4298.921,10889.42,1981.396,4542.236,10955.82,2020.255,4465.501,10816.03,2016.508,4358.096,11121.42,1968.176,4372.041,10570.75,2008.945,4374.733,10987.39,1966.29,4536.482
11080.96,1975.98,4474.97,10933.68,1966.141,4630.296,10998.57,1955.12,4403.462,9455.609,1951.155,4703.902,10727.36,1976.812,4384.56,10905.9,1992.067,4386.49,10848.26,2014.702,4461.287,10641.95,1978.241,4435.829,10902.99,2030.728,4298.817,10889.24,1981.396,4542.333,10955.61,2020.255,4465.512,10815.83,2016.508,4358.042,11121.29,1968.176,4371.875,10570.54,2008.945,4374.767,10987.22,1966.29,4536.608
11080.76,1975.98,4474.908,10933.47,1966.141,4630.29,10998.37,1955.12,4403.512,9455.495,1951.155,4703.728,10727.16,1976.812,4384.583,10905.71,1992.067,4386.429,10848.05,2014.702,4461.286,10641.75,1978.241,4435.901,10902.81,2030.728,4298.707,10889.06,1981.396,4542.435,10955.4,2020.255,4465.524,10815.63,2016.508,4357.987,11121.16,1968.176,4371.714,10570.34,2008.945,4374.807,10987.06,1966.29,4536.738
11080.56,1975.98,4474.847,10933.27,1966.141,4630.29,10998.17,1955.12,4403.563,9455.387,1951.155,4703.55,10726.95,1976.812,4384.606,10905.51,1992.067,4386.364,10847.84,2014.702,4461.285,10641.55,1978.241,4435.968,10902.64,2030.728,4298.592,10888.88,1981.396,4542.543,10955.19,2020.255,4465.536,10815.43,2016.508,4357.932,11121.03,1968.176,4371.558,10570.14,2008.945,4374.854,10986.9,1966.29,4536.873
11080.36,1975.98,4474.781,10933.06,1966.141,4630.297,10997.97,1955.12,4403.616,9455.284,1951.155,4703.368,10726.74,1976.812,4384.623,10905.31,1992.067,4386.307,10847.64,2014.702,4461.277,10641.36,1978.241,4436.028,10902.46,2030.728,4298.483,10888.7,1981.396,4542.645,10954.98,2020.255,4465.555,10815.23,2016.508,4357.882,11120.88,1968.176,4371.405,10569.93,2008.945,4374.907,10986.74,1966.29,4537.002
11080.17,1975.98,4474.709,10932.85,1966.141,4630.312,10997.77,1955.12,4403.672,9455.188,1951.155,4703.184,10726.54,1976.812,4384.661,10905.1,1992.067,4386.255,10847.43,2014.702,4461.263,10641.15,1978.241,4436.081,10902.28,2030.728,4298.379,10888.51,1981.396,4542.741,10954.78,2020.255,4465.58,10815.03,2016.508,4357.84,11120.74,1968.176,4371.258,10569.74,2008.945,4374.967,10986.57,1966.29,4537.126
11079.98,1975.98,4474.633,10932.64,1966.141,4630.333,10997.57,1955.12,4403.733,9455.098,1951.155,4702.996,10726.33,1976.812,4384.693,10904.9,1992.067,4386.211,10847.22,2014.702,4461.241,10640.96,1978.241,4436.16,10902.1,2030.728,4298.282,10888.32,1981.396,4542.832,10954.57,2020.255,4465.611,10814.82,2016.508,4357.804,11120.58,1968.176,4371.115,10569.53,2008.945,4375.02,10986.4,1966.29,4537.245
11079.78,1975.98,4474.552,10932.44,1966.141,4630.36,10997.37,1955.12,4403.798,9455.014,1951.155,4702.805,10726.12,1976.812,4384.718,10904.7,1992.067,4386.173,10847.02,2014.702,4461.213,10640.77,1978.241,4436.233,10901.91,2030.728,4298.191,10888.13,1981.396,4542.916,10954.37,2020.255,4465.641,10814.61,2016.508,4357.775,11120.43,1968.176,4370.978,10569.33,2008.945,4375.08,10986.22,1966.29,4537.358
11079.59,1975.98,4474.467,10932.23,1966.141,4630.395,10997.17,1955.12,4403.867,9454.937,1951.155,4702.611,10725.92,1976.812,4384.722,10904.49,1992.067,4386.142,10846.81,2014.702,4461.178,10640.57,1978.241,4436.299,10901.72,2030.728,4298.106,10887.94,1981.396,4542.995,10954.16,2020.255,4465.674,10814.41,2016.508,4357.753,11120.27,1968.176,4370.845,10569.13,2008.945,4375.134,10986.05,1966.29,4537.465
11079.4,1975.98,4474.378,10932.03,1966.141,4630.437,10996.98,1955.12,4403.94,9454.865,1951.155,4702.416,10725.71,1976.812,4384.733,10904.28,1992.067,4386.117,10846.61,2014.702,4461.117,10640.37,1978.241,4436.359,10901.53,2030.728,4298.027,10887.75,1981.396,4543.067,10953.95,2020.255,4465.712,10814.2,2016.508,4357.737,11120.1,1968.176,4370.718,10568.93,2008.945,4375.194,10985.86,1966.29,4537.566
11079.22,1975.98,4474.286,10931.82,1966.141,4630.484,10996.79,1955.12,4404.018,9454.801,1951.155,4702.218,10725.5,1976.812,4384.727,10904.08,1992.067,4386.1,10846.41,2014.702,4461.063,10640.17,1978.241,4436.412,10901.33,2030.728,4297.955,10887.55,1981.396,4543.134,10953.75,2020.255,4465.746,10813.99,2016.508,4357.729,11119.93,1968.176,4370.597,10568.74,2008.945,4375.277,10985.68,1966.29,4537.661
11079.03,1975.98,4474.199,10931.62,1966.141,4630.539,10996.59,1955.12,4404.096,9454.742,1951.155,4702.018,10725.29,1976.812,4384.716,10903.87,1992.067,4386.078,10846.21,2014.702,4461.01,10639.97,1978.241,4436.472,10901.14,2030.728,4297.877,10887.35,1981.396,4543.194,10953.54,2020.255,4465.782,10813.78,2016.508,4357.715,11119.76,1968.176,4370.48,10568.55,2008.945,4375.354,10985.5,1966.29,4537.762
11078.82,1975.98,4474.111,10931.41,1966.141,4630.605,10996.38,1955.12,4404.181,9454.687,1951.155,4701.799,10725.07,1976.812,4384.701,10903.64,1992.067,4386.051,10845.99,2014.702,4460.956,10639.76,1978.241,4436.543,10900.93,2030.728,4297.786,10887.13,1981.396,4543.252,10953.32,2020.255,4465.824,10813.56,2016.508,4357.696,11119.57,1968.176,4370.361,10568.34,2008.945,4375.431,10985.3,1966.29,4537.876
11078.4,1975.98,4473.94,10930.98,1966.141,4630.751,10995.97,1955.12,4404.353,9454.589,1951.155,4701.359,10724.62,1976.812,4384.663,10903.2,1992.067,4385.987,10845.55,2014.702,4460.851,10639.33,1978.241,4436.699,10900.52,2030.728,4297.592,10886.69,1981.396,4543.354,10952.88,2020.255,4465.913,10813.11,2016.508,4357.648,11119.18,1968.176,4370.134,10567.91,2008.945,4375.572,10984.92,1966.29,4538.116
11078.02,1975.98,4473.792,10930.6,1966.141,4630.895,10995.59,1955.12,4404.508,9454.514,1951.155,4700.96,10724.21,1976.812,4384.621,10902.8,1992.067,4385.923,10845.16,2014.702,4460.76,10638.96,1978.241,4436.851,10900.16,2030.728,4297.407,10886.29,1981.396,4543.432,10952.48,2020.255,4465.999,10812.71,2016.508,4357.597,11118.82,1968.176,4369.942,10567.52,2008.945,4375.687,10984.58,1966.29,4538.341
11077.42,1975.98,4473.552,10930,1966.141,4631.143,10995,1955.12,4404.759,9454.415,1951.155,4700.32,10723.57,1976.812,4384.544,10902.16,1992.067,4385.808,10844.52,2014.702,4460.62,10638.36,1978.241,4437.112,10899.59,2030.728,4297.095,10885.65,1981.396,4543.537,10951.85,2020.255,4466.142,10812.07,2016.508,4357.501,11118.24,1968.176,4369.655,10566.89,2008.945,4375.851,10984.05,1966.29,4538.716
11076.9,1975.98,4473.342,10929.49,1966.141,4631.375,10994.48,1955.12,4404.979,9454.348,1951.155,4699.762,10723.02,1976.812,4384.468,10901.61,1992.067,4385.697,10843.97,2014.702,4460.503,10637.86,1978.241,4437.355,10899.11,2030.728,4296.81,10885.1,1981.396,4543.61,10951.31,2020.255,4466.273,10811.51,2016.508,4357.407,11117.73,1968.176,4369.422,10566.34,2008.945,4375.976,10983.61,1966.29,4539.055
11076.59,1975.98,4473.225,10929.19,1966.141,4631.523,10994.17,1955.12,4405.111,9454.318,1951.155,4699.429,10722.69,1976.812,4384.417,10901.28,1992.067,4385.625,10843.65,2014.702,4460.437,10637.56,1978.241,4437.509,10898.83,2030.728,4296.632,10884.76,1981.396,4543.644,10950.98,2020.255,4466.355,10811.19,2016.508,4357.343,11117.42,1968.176,4369.293,10566.02,2008.945,4376.041,10983.34,1966.29,4539.264
11075.81,1975.98,4472.906,10928.42,1966.141,4631.873,10993.4,1955.12,4405.458,9454.272,1951.155,4698.583,10721.84,1976.812,4384.315,10900.45,1992.067,4385.47,10842.82,2014.702,4460.24,10636.79,1978.241,4437.874,10898.1,2030.728,4296.206,10883.92,1981.396,4543.724,10950.17,2020.255,4466.578,10810.35,2016.508,4357.21,11116.63,1968.176,4368.993,10565.19,2008.945,4376.232,10982.67,1966.29,4539.771
11075.36,1975.98,4472.714,10927.97,1966.141,4632.058,10992.96,1955.12,4405.648,9454.262,1951.155,4698.101,10721.36,1976.812,4384.272,10899.97,1992.067,4385.397,10842.35,2014.702,4460.144,10636.35,1978.241,4438.067,10897.67,2030.728,4295.976,10883.44,1981.396,4543.765,10949.7,2020.255,4466.709,10809.87,2016.508,4357.15,11116.17,1968.176,4368.836,10564.73,2008.945,4376.357,10982.27,1966.29,4540.048
11074.72,1975.98,4472.419,10927.32,1966.141,4632.306,10992.32,1955.12,4405.941,9454.27,1951.155,4697.396,10720.66,1976.812,4384.233,10899.28,1992.067,4385.282,10841.65,2014.702,4460.038,10635.7,1978.241,4438.328,10897.04,2030.728,4295.662,10882.74,1981.396,4543.816,10949.02,2020.255,4466.891,10809.17,2016.508,4357.085,11115.5,1968.176,4368.63,10564.05,2008.945,4376.561,10981.68,1966.29,4540.433
11074.1,1975.98,4472.154,10926.67,1966.141,4632.525,10991.69,1955.12,4406.203,9454.299,1951.155,4696.716,10719.98,1976.812,4384.218,10898.6,1992.067,4385.193,10840.98,2014.702,4459.958,10635.06,1978.241,4438.56,10896.42,2030.728,4295.378,10882.06,1981.396,4543.86,10948.36,2020.255,4467.047,10808.49,2016.508,4357,11114.84,1968.176,4368.453,10563.41,2008.945,4376.776,10981.1,1966.29,4540.785
11073.48,1975.98,4471.917,10926.04,1966.141,4632.717,10991.07,1955.12,4406.438,9454.35,1951.155,4696.057,10719.32,1976.812,4384.225,10897.95,1992.067,4385.127,10840.32,2014.702,4459.885,10634.43,1978.241,4438.764,10895.81,2030.728,4295.122,10881.4,1981.396,4543.895,10947.71,2020.255,4467.186,10807.84,2016.508,4356.897,11114.2,1968.176,4368.301,10562.79,2008.945,4377.006,10980.52,1966.29,4541.109
11072.86,1975.98,4471.699,10925.42,1966.141,4632.954,10990.45,1955.12,4406.651,9454.421,1951.155,4695.402,10718.66,1976.812,4384.253,10897.29,1992.067,4385.084,10839.67,2014.702,4459.792,10633.8,1978.241,4438.947,10895.2,2030.728,4294.887,10880.74,1981.396,4543.93,10947.07,2020.255,4467.338,10807.19,2016.508,4356.816,11113.55,1968.176,4368.17,10562.16,2008.945,4377.214,10979.94,1966.29,4541.413
11071.99,1975.98,4471.424,10924.56,1966.141,4633.254,10989.57,1955.12,4406.919,9454.55,1951.155,4694.497,10717.75,1976.812,4384.323,10896.37,1992.067,4385.053,10838.76,2014.702,4459.692,10632.91,1978.241,4439.173,10894.33,2030.728,4294.588,10879.83,1981.396,4543.968,10946.18,2020.255,4467.536,10806.28,2016.508,4356.674,11112.65,1968.176,4368.019,10561.34,2008.945,4377.621,10979.11,1966.29,4541.809
11071.17,1975.98,4471.196,10923.77,1966.141,4633.558,10988.76,1955.12,4407.152,9454.696,1951.155,4693.664,10716.91,1976.812,4384.372,10895.53,1992.067,4385.008,10837.92,2014.702,4459.624,10632.1,1978.241,4439.407,10893.54,2030.728,4294.287,10878.99,1981.396,4544.027,10945.36,2020.255,4467.722,10805.45,2016.508,4356.521,11111.82,1968.176,4367.852,10560.57,2008.945,4377.972,10978.36,1966.29,4542.191
11070.82,1975.98,4471.11,10923.44,1966.141,4633.698,10988.41,1955.12,4407.245,9454.771,1951.155,4693.313,10716.55,1976.812,4384.386,10895.17,1992.067,4384.982,10837.56,2014.702,4459.605,10631.76,1978.241,4439.518,10893.21,2030.728,4294.149,10878.63,1981.396,4544.062,10945.01,2020.255,4467.804,10805.1,2016.508,4356.447,11111.47,1968.176,4367.77,10560.24,2008.945,4378.111,10978.04,1966.29,4542.361
11070.12,1975.98,4470.961,10922.79,1966.141,4634,10987.71,1955.12,4407.417,9454.896,1951.155,4692.604,10715.83,1976.812,4384.401,10894.46,1992.067,4384.916,10836.84,2014.702,4459.589,10631.08,1978.241,4439.76,10892.56,2030.728,4293.852,10877.92,1981.396,4544.149,10944.31,2020.255,4467.971,10804.4,2016.508,4356.28,11110.78,1968.176,4367.582,10559.57,2008.945,4378.37,10977.42,1966.29,4542.717
11069.38,1975.98,4470.829,10922.11,1966.141,4634.339,10986.98,1955.12,4407.586,9455.002,1951.155,4691.856,10715.07,1976.812,4384.403,10893.71,1992.067,4384.831,10836.08,2014.702,4459.593,10630.38,1978.241,4440.037,10891.88,2030.728,4293.518,10877.17,1981.396,4544.261,10943.57,2020.255,4468.15,10803.67,2016.508,4356.085,11110.05,1968.176,4367.361,10558.86,2008.945,4378.62,10976.77,1966.29,4543.107
11068.71,1975.98,4470.732,10921.52,1966.141,4634.658,10986.32,1955.12,4407.723,9455.075,1951.155,4691.191,10714.4,1976.812,4384.394,10893.04,1992.067,4384.742,10835.41,2014.702,4459.615,10629.76,1978.241,4440.302,10891.29,2030.728,4293.203,10876.51,1981.396,4544.375,10942.92,2020.255,4468.313,10803.03,2016.508,4355.896,11109.42,1968.176,4367.144,10558.22,2008.945,4378.821,10976.21,1966.29,4543.467
11067.91,1975.98,4470.642,10920.83,1966.141,4635.065,10985.53,1955.12,4407.873,9455.137,1951.155,4690.388,10713.6,1976.812,4384.367,10892.25,1992.067,4384.62,10834.61,2014.702,4459.663,10629.03,1978.241,4440.644,10890.59,2030.728,4292.803,10875.72,1981.396,4544.531,10942.14,2020.255,4468.515,10802.26,2016.508,4355.651,11108.67,1968.176,4366.859,10557.44,2008.945,4379.04,10975.54,1966.29,4543.917
11066.85,1975.98,4470.556,10919.92,1966.141,4635.637,10984.48,1955.12,4408.052,9455.184,1951.155,4689.318,10712.53,1976.812,4384.313,10891.19,1992.067,4384.436,10833.54,2014.702,4459.756,10628.08,1978.241,4441.128,10889.68,2030.728,4292.242,10874.67,1981.396,4544.761,10941.11,2020.255,4468.789,10801.25,2016.508,4355.301,11107.68,1968.176,4366.447,10556.4,2008.945,4379.3,10974.67,1966.29,4544.54
11066.35,1975.98,4470.517,10919.49,1966.141,4635.888,10983.98,1955.12,4408.12,9455.189,1951.155,4688.821,10712.03,1976.812,4384.285,10890.7,1992.067,4384.345,10833.05,2014.702,4459.783,10627.63,1978.241,4441.339,10889.24,2030.728,4291.996,10874.19,1981.396,4544.87,10940.63,2020.255,4468.916,10800.77,2016.508,4355.153,11107.21,1968.176,4366.271,10555.93,2008.945,4379.436,10974.25,1966.29,4544.816
11065.38,1975.98,4470.431,10918.64,1966.141,4636.351,10983.02,1955.12,4408.219,9455.168,1951.155,4687.851,10711.06,1976.812,4384.264,10889.74,1992.067,4384.198,10832.08,2014.702,4459.803,10626.73,1978.241,4441.72,10888.39,2030.728,4291.542,10873.24,1981.396,4545.076,10939.69,2020.255,4469.159,10799.84,2016.508,4354.894,11106.3,1968.176,4365.957,10555,2008.945,4379.732,10973.43,1966.29,4545.327
11064.92,1975.98,4470.386,10918.22,1966.141,4636.561,10982.55,1955.12,4408.252,9455.143,1951.155,4687.383,10710.59,1976.812,4384.269,10889.29,1992.067,4384.102,10831.61,2014.702,4459.798,10626.3,1978.241,4441.891,10887.96,2030.728,4291.336,10872.78,1981.396,4545.17,10939.24,2020.255,4469.274,10799.38,2016.508,4354.783,11105.85,1968.176,4365.819,10554.56,2008.945,4379.89,10973.02,1966.29,4545.561
11064.01,1975.98,4470.284,10917.4,1966.141,4636.942,10981.64,1955.12,4408.286,9455.063,1951.155,4686.476,10709.68,1976.812,4384.308,10888.39,1992.067,4383.944,10830.7,2014.702,4459.758,10625.44,1978.241,4442.193,10887.13,2030.728,4290.964,10871.89,1981.396,4545.338,10938.35,2020.255,4469.488,10798.49,2016.508,4354.597,11104.97,1968.176,4365.582,10553.71,2008.945,4380.205,10972.22,1966.29,4545.99
11063.58,1975.98,4470.234,10916.99,1966.141,4637.113,10981.2,1955.12,4408.288,9455.011,1951.155,4686.039,10709.25,1976.812,4384.294,10887.95,1992.067,4383.882,10830.26,2014.702,4459.724,10625.02,1978.241,4442.326,10886.73,2030.728,4290.797,10871.45,1981.396,4545.411,10937.92,2020.255,4469.587,10798.06,2016.508,4354.52,11104.54,1968.176,4365.48,10553.29,2008.945,4380.344,10971.83,1966.29,4546.184
11062.73,1975.98,4470.135,10916.19,1966.141,4637.419,10980.35,1955.12,4408.283,9454.881,1951.155,4685.194,10708.4,1976.812,4384.201,10887.11,1992.067,4383.759,10829.41,2014.702,4459.631,10624.2,1978.241,4442.556,10885.92,2030.728,4290.5,10870.61,1981.396,4545.534,10937.09,2020.255,4469.771,10797.21,2016.508,4354.398,11103.7,1968.176,4365.312,10552.47,2008.945,4380.586,10971.05,1966.29,4546.536
11062.31,1975.98,4470.1,10915.81,1966.141,4637.58,10979.93,1955.12,4408.271,9454.805,1951.155,4684.788,10707.99,1976.812,4384.148,10886.7,1992.067,4383.69,10829,2014.702,4459.598,10623.8,1978.241,4442.681,10885.54,2030.728,4290.343,10870.2,1981.396,4545.604,10936.69,2020.255,4469.863,10796.8,2016.508,4354.328,11103.3,1968.176,4365.216,10552.07,2008.945,4380.692,10970.67,1966.29,4546.715
11061.51,1975.98,4470.058,10915.08,1966.141,4637.916,10979.13,1955.12,4408.233,9454.631,1951.155,4684.005,10707.19,1976.812,4384.032,10885.91,1992.067,4383.542,10828.2,2014.702,4459.557,10623.04,1978.241,4442.945,10884.81,2030.728,4290.017,10869.41,1981.396,4545.755,10935.91,2020.255,4470.045,10796.02,2016.508,4354.17,11102.53,1968.176,4365.007,10551.29,2008.945,4380.872,10969.96,1966.29,4547.08
11061.13,1975.98,4470.05,10914.74,1966.141,4638.089,10978.74,1955.12,4408.207,9454.534,1951.155,4683.629,10706.81,1976.812,4383.969,10885.53,1992.067,4383.462,10827.81,2014.702,4459.548,10622.68,1978.241,4443.085,10884.46,2030.728,4289.848,10869.03,1981.396,4545.837,10935.53,2020.255,4470.135,10795.64,2016.508,4354.084,11102.16,1968.176,4364.894,10550.91,2008.945,4380.948,10969.62,1966.29,4547.264
11060.37,1975.98,4470.059,10914.08,1966.141,4638.448,10978,1955.12,4408.14,9454.323,1951.155,4682.907,10706.07,1976.812,4383.833,10884.8,1992.067,4383.292,10827.06,2014.702,4459.552,10621.99,1978.241,4443.378,10883.79,2030.728,4289.5,10868.3,1981.396,4546.009,10934.8,2020.255,4470.316,10794.91,2016.508,4353.898,11101.44,1968.176,4364.65,10550.17,2008.945,4381.072,10968.97,1966.29,4547.639
11060.01,1975.98,4470.075,10913.76,1966.141,4638.632,10977.63,1955.12,4408.1,9454.21,1951.155,4682.561,10705.71,1976.812,4383.761,10884.45,1992.067,4383.203,10826.69,2014.702,4459.564,10621.66,1978.241,4443.531,10883.48,2030.728,4289.321,10867.95,1981.396,4546.099,10934.45,2020.255,4470.406,10794.56,2016.508,4353.799,11101.1,1968.176,4364.521,10549.8,2008.945,4381.122,10968.66,1966.29,4547.829
11059.29,1975.98,4470.13,10913.15,1966.141,4639.015,10976.92,1955.12,4408.006,9453.965,1951.155,4681.886,10705.01,1976.812,4383.606,10883.75,1992.067,4383.011,10825.98,2014.702,4459.607,10621.02,1978.241,4443.851,10882.86,2030.728,4288.949,10867.26,1981.396,4546.288,10933.75,2020.255,4470.587,10793.88,2016.508,4353.587,11100.44,1968.176,4364.245,10549.09,2008.945,4381.197,10968.05,1966.29,4548.218
11058.79,1975.98,4470.185,10912.73,1966.141,4639.299,10976.42,1955.12,4407.929,9453.775,1951.155,4681.415,10704.52,1976.812,4383.487,10883.27,1992.067,4382.866,10825.47,2014.702,4459.651,10620.57,1978.241,4444.092,10882.44,2030.728,4288.673,10866.77,1981.396,4546.428,10933.26,2020.255,4470.72,10793.39,2016.508,4353.425,11099.98,1968.176,4364.035,10548.58,2008.945,4381.236,10967.63,1966.29,4548.504
11058.44,1975.98,4470.235,10912.44,1966.141,4639.508,10976.07,1955.12,4407.868,9453.632,1951.155,4681.089,10704.17,1976.812,4383.398,10882.93,1992.067,4382.756,10825.12,2014.702,4459.691,10620.26,1978.241,4444.271,10882.14,2030.728,4288.47,10866.43,1981.396,4546.531,10932.92,2020.255,4470.815,10793.06,2016.508,4353.303,11099.65,1968.176,4363.897,10548.23,2008.945,4381.252,10967.35,1966.29,4548.713
11058.01,1975.98,4470.308,10912.11,1966.141,4639.77,10975.65,1955.12,4407.784,9453.446,1951.155,4680.703,10703.76,1976.812,4383.283,10882.53,1992.067,4382.617,10824.69,2014.702,4459.75,10619.9,1978.241,4444.497,10881.8,2030.728,4288.215,10866.02,1981.396,4546.659,10932.51,2020.255,4470.933,10792.66,2016.508,4353.148,11099.25,1968.176,4363.746,10547.8,2008.945,4381.259,10967.01,1966.29,4548.974
11057.38,1975.98,4470.439,10911.61,1966.141,4640.184,10975.02,1955.12,4407.644,9453.146,1951.155,4680.127,10703.14,1976.812,4383.097,10881.92,1992.067,4382.392,10824.05,2014.702,4459.854,10619.36,1978.241,4444.857,10881.29,2030.728,4287.812,10865.4,1981.396,4546.86,10931.89,2020.255,4471.116,10792.06,2016.508,4352.899,11098.63,1968.176,4363.536,10547.15,2008.945,4381.251,10966.5,1966.29,4549.382
11057.08,1975.98,4470.509,10911.38,1966.141,4640.384,10974.72,1955.12,4407.572,9452.998,1951.155,4679.864,10702.85,1976.812,4383.005,10881.64,1992.067,4382.282,10823.75,2014.702,4459.896,10619.11,1978.241,4445.033,10881.06,2030.728,4287.617,10865.12,1981.396,4546.956,10931.6,2020.255,4471.203,10791.78,2016.508,4352.788,11098.34,1968.176,4363.447,10546.85,2008.945,4381.238,10966.27,1966.29,4549.579
11056.68,1975.98,4470.619,10911.08,1966.141,4640.671,10974.32,1955.12,4407.464,9452.781,1951.155,4679.506,10702.46,1976.812,4382.872,10881.25,1992.067,4382.121,10823.34,2014.702,4459.945,10618.78,1978.241,4445.286,10880.75,2030.728,4287.338,10864.72,1981.396,4547.091,10931.2,2020.255,4471.328,10791.4,2016.508,4352.626,11097.94,1968.176,4363.338,10546.43,2008.945,4381.208,10965.96,1966.29,4549.86
11056.22,1975.98,4470.761,10910.74,1966.141,4641.015,10973.86,1955.12,4407.33,9452.518,1951.155,4679.102,10702,1976.812,4382.708,10880.81,1992.067,4381.925,10822.86,2014.702,4459.991,10618.4,1978.241,4445.591,10880.4,2030.728,4287.006,10864.26,1981.396,4547.25,10930.74,2020.255,4471.475,10790.96,2016.508,4352.43,11097.47,1968.176,4363.228,10545.95,2008.945,4381.16,10965.62,1966.29,4550.195
11055.78,1975.98,4470.911,10910.42,1966.141,4641.354,10973.42,1955.12,4407.19,9452.252,1951.155,4678.723,10701.57,1976.812,4382.545,10880.39,1992.067,4381.729,10822.4,2014.702,4460.027,10618.05,1978.241,4445.894,10880.07,2030.728,4286.679,10863.83,1981.396,4547.405,10930.3,2020.255,4471.62,10790.54,2016.508,4352.233,11097.02,1968.176,4363.136,10545.5,2008.945,4381.101,10965.29,1966.29,4550.525
11055.49,1975.98,4471,10910.21,1966.141,4641.568,10973.12,1955.12,4407.109,9452.071,1951.155,4678.481,10701.29,1976.812,4382.447,10880.11,1992.067,4381.609,10822.09,2014.702,4460.04,10617.82,1978.241,4446.083,10879.85,2030.728,4286.472,10863.55,1981.396,4547.509,10930.01,2020.255,4471.707,10790.26,2016.508,4352.112,11096.72,1968.176,4363.086,10545.2,2008.945,4381.071,10965.07,1966.29,4550.734
11055.04,1975.98,4471.124,10909.86,1966.141,4641.893,10972.66,1955.12,4406.997,9451.774,1951.155,4678.112,10700.83,1976.812,4382.309,10879.67,1992.067,4381.437,10821.62,2014.702,4460.045,10617.44,1978.241,4446.37,10879.5,2030.728,4286.159,10863.1,1981.396,4547.673,10929.55,2020.255,4471.83,10789.82,2016.508,4351.932,11096.25,1968.176,4363.023,10544.72,2008.945,4381.041,10964.72,1966.29,4551.05
11054.69,1975.98,4471.207,10909.59,1966.141,4642.131,10972.31,1955.12,4406.923,9451.54,1951.155,4677.839,10700.49,1976.812,4382.215,10879.33,1992.067,4381.317,10821.26,2014.702,4460.038,10617.15,1978.241,4446.577,10879.22,2030.728,4285.931,10862.76,1981.396,4547.795,10929.21,2020.255,4471.927,10789.49,2016.508,4351.805,11095.89,1968.176,4362.987,10544.36,2008.945,4381.03,10964.44,1966.29,4551.281
11054.32,1975.98,4471.282,10909.3,1966.141,4642.372,10971.94,1955.12,4406.857,9451.285,1951.155,4677.561,10700.12,1976.812,4382.129,10878.97,1992.067,4381.203,10820.88,2014.702,4460.018,10616.83,1978.241,4446.785,10878.92,2030.728,4285.7,10862.41,1981.396,4547.918,10928.84,2020.255,4472.021,10789.13,2016.508,4351.682,11095.52,1968.176,4362.962,10543.99,2008.945,4381.03,10964.15,1966.29,4551.514
11053.98,1975.98,4471.338,10909.04,1966.141,4642.579,10971.61,1955.12,4406.81,9451.049,1951.155,4677.319,10699.79,1976.812,4382.063,10878.65,1992.067,4381.111,10820.55,2014.702,4459.989,10616.54,1978.241,4446.962,10878.65,2030.728,4285.503,10862.09,1981.396,4548.023,10928.51,2020.255,4472.097,10788.81,2016.508,4351.581,11095.18,1968.176,4362.95,10543.65,2008.945,4381.042,10963.88,1966.29,4551.713
11053.71,1975.98,4471.377,10908.81,1966.141,4642.744,10971.33,1955.12,4406.779,9450.846,1951.155,4677.124,10699.51,1976.812,4382.016,10878.37,1992.067,4381.043,10820.27,2014.702,4459.956,10616.3,1978.241,4447.101,10878.41,2030.728,4285.346,10861.82,1981.396,4548.105,10928.24,2020.255,4472.155,10788.54,2016.508,4351.506,11094.9,1968.176,4362.95,10543.37,2008.945,4381.061,10963.64,1966.29,4551.872
11053.38,1975.98,4471.412,10908.53,1966.141,4642.93,10971,1955.12,4406.753,9450.599,1951.155,4676.902,10699.18,1976.812,4381.972,10878.06,1992.067,4380.936,10819.94,2014.702,4459.906,10616.01,1978.241,4447.256,10878.13,2030.728,4285.17,10861.5,1981.396,4548.195,10927.91,2020.255,4472.221,10788.21,2016.508,4351.427,11094.57,1968.176,4362.96,10543.04,2008.945,4381.094,10963.36,1966.29,4552.051
11053.05,1975.98,4471.457,10908.26,1966.141,4643.124,10970.67,1955.12,4406.721,9450.345,1951.155,4676.689,10698.85,1976.812,4381.922,10877.75,1992.067,4380.821,10819.61,2014.702,4459.866,10615.72,1978.241,4447.419,10877.85,2030.728,4284.985,10861.18,1981.396,4548.289,10927.59,2020.255,4472.289,10787.89,2016.508,4351.34,11094.23,1968.176,4362.959,10542.71,2008.945,4381.117,10963.09,1966.29,4552.236
11052.65,1975.98,4471.524,10907.95,1966.141,4643.368,10970.27,1955.12,4406.673,9450.03,1951.155,4676.442,10698.46,1976.812,4381.854,10877.38,1992.067,4380.675,10819.21,2014.702,4459.83,10615.38,1978.241,4447.628,10877.53,2030.728,4284.752,10860.8,1981.396,4548.407,10927.2,2020.255,4472.373,10787.51,2016.508,4351.225,11093.83,1968.176,4362.945,10542.31,2008.945,4381.132,10962.76,1966.29,4552.469
11052.44,1975.98,4471.567,10907.78,1966.141,4643.504,10970.06,1955.12,4406.644,9449.858,1951.155,4676.316,10698.25,1976.812,4381.813,10877.18,1992.067,4380.593,10819,2014.702,4459.816,10615.2,1978.241,4447.745,10877.36,2030.728,4284.623,10860.59,1981.396,4548.471,10926.99,2020.255,4472.419,10787.31,2016.508,4351.159,11093.62,1968.176,4362.93,10542.09,2008.945,4381.134,10962.59,1966.29,4552.598
11052.08,1975.98,4471.655,10907.5,1966.141,4643.753,10969.69,1955.12,4406.583,9449.548,1951.155,4676.104,10697.88,1976.812,4381.734,10876.83,1992.067,4380.441,10818.62,2014.702,4459.803,10614.89,1978.241,4447.96,10877.07,2030.728,4284.385,10860.24,1981.396,4548.588,10926.62,2020.255,4472.504,10786.95,2016.508,4351.033,11093.25,1968.176,4362.893,10541.72,2008.945,4381.126,10962.3,1966.29,4552.834
11051.88,1975.98,4471.709,10907.35,1966.141,4643.896,10969.48,1955.12,4406.544,9449.372,1951.155,4675.992,10697.68,1976.812,4381.686,10876.65,1992.067,4380.353,10818.41,2014.702,4459.802,10614.72,1978.241,4448.085,10876.91,2030.728,4284.248,10860.04,1981.396,4548.655,10926.42,2020.255,4472.552,10786.76,2016.508,4350.959,11093.04,1968.176,4362.865,10541.51,2008.945,4381.116,10962.14,1966.29,4552.969
11051.61,1975.98,4471.791,10907.15,1966.141,4644.092,10969.21,1955.12,4406.488,9449.135,1951.155,4675.851,10697.41,1976.812,4381.618,10876.4,1992.067,4380.23,10818.14,2014.702,4459.808,10614.51,1978.241,4448.258,10876.71,2030.728,4284.061,10859.78,1981.396,4548.744,10926.15,2020.255,4472.618,10786.5,2016.508,4350.856,11092.77,1968.176,4362.819,10541.23,2008.945,4381.094,10961.93,1966.29,4553.153
11051.31,1975.98,4471.896,10906.93,1966.141,4644.331,10968.89,1955.12,4406.414,9448.85,1951.155,4675.694,10697.1,1976.812,4381.531,10876.11,1992.067,4380.079,10817.81,2014.702,4459.824,10614.26,1978.241,4448.469,10876.48,2030.728,4283.832,10859.47,1981.396,4548.852,10925.84,2020.255,4472.698,10786.2,2016.508,4350.727,11092.45,1968.176,4362.755,10540.91,2008.945,4381.059,10961.7,1966.29,4553.378
11051.07,1975.98,4471.969,10906.76,1966.141,4644.505,10968.65,1955.12,4406.366,9448.63,1951.155,4675.583,10696.86,1976.812,4381.474,10875.89,1992.067,4379.972,10817.57,2014.702,4459.828,10614.07,1978.241,4448.622,10876.3,2030.728,4283.665,10859.24,1981.396,4548.935,10925.6,2020.255,4472.753,10785.98,2016.508,4350.634,11092.21,1968.176,4362.715,10540.66,2008.945,4381.041,10961.52,1966.29,4553.542
11050.82,1975.98,4472.038,10906.57,1966.141,4644.683,10968.4,1955.12,4406.324,9448.396,1951.155,4675.474,10696.6,1976.812,4381.421,10875.65,1992.067,4379.867,10817.31,2014.702,4459.824,10613.86,1978.241,4448.777,10876.1,2030.728,4283.496,10858.99,1981.396,4549.021,10925.34,2020.255,4472.805,10785.73,2016.508,4350.543,11091.95,1968.176,4362.681,10540.41,2008.945,4381.029,10961.32,1966.29,4553.708
11050.59,1975.98,4472.091,10906.4,1966.141,4644.836,10968.17,1955.12,4406.294,9448.183,1951.155,4675.383,10696.38,1976.812,4381.382,10875.44,1992.067,4379.78,10817.08,2014.702,4459.813,10613.67,1978.241,4448.909,10875.92,2030.728,4283.35,10858.78,1981.396,4549.097,10925.12,2020.255,4472.846,10785.51,2016.508,4350.468,11091.72,1968.176,4362.657,10540.17,2008.945,4381.027,10961.13,1966.29,4553.851
11050.39,1975.98,4472.133,10906.24,1966.141,4644.969,10967.96,1955.12,4406.271,9447.988,1951.155,4675.307,10696.17,1976.812,4381.353,10875.24,1992.067,4379.708,10816.87,2014.702,4459.795,10613.49,1978.241,4449.022,10875.75,2030.728,4283.224,10858.58,1981.396,4549.171,10924.91,2020.255,4472.879,10785.32,2016.508,4350.406,11091.51,1968.176,4362.643,10539.97,2008.945,4381.031,10960.97,1966.29,4553.974
11050.17,1975.98,4472.172,10906.05,1966.141,4645.109,10967.73,1955.12,4406.254,9447.772,1951.155,4675.231,10695.94,1976.812,4381.329,10875.03,1992.067,4379.636,10816.64,2014.702,4459.77,10613.3,1978.241,4449.14,10875.57,2030.728,4283.092,10858.37,1981.396,4549.257,10924.68,2020.255,4472.912,10785.1,2016.508,4350.345,11091.28,1968.176,4362.635,10539.74,2008.945,4381.044,10960.78,1966.29,4554.102
11049.94,1975.98,4472.203,10905.87,1966.141,4645.242,10967.51,1955.12,4406.244,9447.556,1951.155,4675.163,10695.72,1976.812,4381.313,10874.81,1992.067,4379.571,10816.42,2014.702,4459.736,10613.1,1978.241,4449.251,10875.38,2030.728,4282.967,10858.16,1981.396,4549.348,10924.46,2020.255,4472.941,10784.88,2016.508,4350.291,11091.05,1968.176,4362.635,10539.51,2008.945,4381.064,10960.59,1966.29,4554.224
11049.66,1975.98,4472.233,10905.64,1966.141,4645.398,10967.23,1955.12,4406.236,9447.285,1951.155,4675.087,10695.44,1976.812,4381.301,10874.54,1992.067,4379.499,10816.14,2014.702,4459.687,10612.85,1978.241,4449.379,10875.14,2030.728,4282.82,10857.91,1981.396,4549.465,10924.18,2020.255,4472.974,10784.6,2016.508,4350.232,11090.77,1968.176,4362.643,10539.23,2008.945,4381.098,10960.35,1966.29,4554.366
11049.46,1975.98,4472.262,10905.47,1966.141,4645.521,10967.02,1955.12,4406.226,9447.083,1951.155,4675.038,10695.23,1976.812,4381.289,10874.34,1992.067,4379.441,10815.94,2014.702,4459.656,10612.67,1978.241,4449.481,10874.96,2030.728,4282.706,10857.72,1981.396,4549.551,10923.97,2020.255,4473,10784.4,2016.508,4350.183,11090.57,1968.176,4362.643,10539.03,2008.945,4381.116,10960.17,1966.29,4554.477
11049.06,1975.98,4472.332,10905.15,1966.141,4645.768,10966.61,1955.12,4406.198,9446.687,1951.155,4674.955,10694.83,1976.812,4381.255,10873.95,1992.067,4379.32,10815.53,2014.702,4459.607,10612.32,1978.241,4449.689,10874.63,2030.728,4282.473,10857.35,1981.396,4549.714,10923.57,2020.255,4473.051,10784.01,2016.508,4350.078,11090.16,1968.176,4362.628,10538.62,2008.945,4381.141,10959.83,1966.29,4554.701
11048.81,1975.98,4472.383,10904.95,1966.141,4645.931,10966.36,1955.12,4406.174,9446.435,1951.155,4674.91,10694.57,1976.812,4381.229,10873.71,1992.067,4379.239,10815.28,2014.702,4459.584,10612.11,1978.241,4449.827,10874.43,2030.728,4282.319,10857.11,1981.396,4549.815,10923.32,2020.255,4473.084,10783.76,2016.508,4350.005,11089.91,1968.176,4362.611,10538.37,2008.945,4381.148,10959.62,1966.29,4554.849
11048.33,1975.98,4472.499,10904.58,1966.141,4646.256,10965.87,1955.12,4406.119,9445.947,1951.155,4674.841,10694.08,1976.812,4381.168,10873.25,1992.067,4379.071,10814.79,2014.702,4459.555,10611.7,1978.241,4450.106,10874.05,2030.728,4282.012,10856.66,1981.396,4550.008,10922.83,2020.255,4473.152,10783.29,2016.508,4349.854,11089.42,1968.176,4362.562,10537.87,2008.945,4381.148,10959.23,1966.29,4555.143
11047.79,1975.98,4472.646,10904.18,1966.141,4646.638,10965.32,1955.12,4406.044,9445.394,1951.155,4674.78,10693.53,1976.812,4381.089,10872.73,1992.067,4378.87,10814.23,2014.702,4459.537,10611.25,1978.241,4450.436,10873.62,2030.728,4281.65,10856.15,1981.396,4550.223,10922.28,2020.255,4473.231,10782.77,2016.508,4349.67,11088.86,1968.176,4362.488,10537.32,2008.945,4381.131,10958.79,1966.29,4555.489
11047.32,1975.98,4472.793,10903.83,1966.141,4646.988,10964.83,1955.12,4405.967,9444.9,1951.155,4674.743,10693.04,1976.812,4381.008,10872.27,1992.067,4378.681,10813.74,2014.702,4459.535,10610.86,1978.241,4450.742,10873.26,2030.728,4281.317,10855.69,1981.396,4550.412,10921.79,2020.255,4473.305,10782.31,2016.508,4349.496,11088.38,1968.176,4362.407,10536.82,2008.945,4381.101,10958.41,1966.29,4555.807
11046.68,1975.98,4473.016,10903.36,1966.141,4647.487,10964.16,1955.12,4405.845,9444.219,1951.155,4674.713,10692.38,1976.812,4380.883,10871.65,1992.067,4378.407,10813.05,2014.702,4459.552,10610.34,1978.241,4451.18,10872.77,2030.728,4280.842,10855.06,1981.396,4550.671,10921.12,2020.255,4473.41,10781.67,2016.508,4349.241,11087.71,1968.176,4362.272,10536.14,2008.945,4381.04,10957.9,1966.29,4556.26
11046.2,1975.98,4473.164,10903.01,1966.141,4647.841,10963.67,1955.12,4405.771,9443.72,1951.155,4674.708,10691.88,1976.812,4380.808,10871.18,1992.067,4378.221,10812.56,2014.702,4459.547,10609.95,1978.241,4451.487,10872.4,2030.728,4280.506,10854.6,1981.396,4550.874,10920.62,2020.255,4473.479,10781.21,2016.508,4349.067,11087.22,1968.176,4362.19,10535.65,2008.945,4381.012,10957.52,1966.29,4556.579
11045.35,1975.98,4473.398,10902.37,1966.141,4648.446,10962.79,1955.12,4405.668,9442.837,1951.155,4674.727,10691,1976.812,4380.704,10870.35,1992.067,4377.917,10811.67,2014.702,4459.511,10609.24,1978.241,4452.009,10871.73,2030.728,4279.935,10853.81,1981.396,4551.257,10919.75,2020.255,4473.588,10780.37,2016.508,4348.784,11086.34,1968.176,4362.073,10534.76,2008.945,4380.99,10956.82,1966.29,4557.121
11044.64,1975.98,4473.57,10901.82,1966.141,4648.93,10962.06,1955.12,4405.605,9442.105,1951.155,4674.767,10690.28,1976.812,4380.641,10869.66,1992.067,4377.687,10810.94,2014.702,4459.458,10608.63,1978.241,4452.422,10871.16,2030.728,4279.479,10853.16,1981.396,4551.592,10919.02,2020.255,4473.671,10779.67,2016.508,4348.569,11085.61,1968.176,4362,10534.03,2008.945,4380.997,10956.23,1966.29,4557.551
11043.98,1975.98,4473.705,10901.31,1966.141,4649.354,10961.39,1955.12,4405.569,9441.441,1951.155,4674.825,10689.61,1976.812,4380.605,10869.02,1992.067,4377.498,10810.28,2014.702,4459.387,10608.07,1978.241,4452.78,10870.62,2030.728,4279.081,10852.57,1981.396,4551.911,10918.36,2020.255,4473.74,10779.03,2016.508,4348.394,11084.95,1968.176,4361.955,10533.37,2008.945,4381.024,10955.68,1966.29,4557.925
11043.14,1975.98,4473.852,10900.63,1966.141,4649.878,10960.54,1955.12,4405.548,9440.592,1951.155,4674.927,10688.75,1976.812,4380.587,10868.19,1992.067,4377.28,10809.43,2014.702,4459.269,10607.33,1978.241,4453.216,10869.92,2030.728,4278.592,10851.83,1981.396,4552.334,10917.51,2020.255,4473.83,10778.19,2016.508,4348.193,11084.09,1968.176,4361.925,10532.51,2008.945,4381.085,10954.96,1966.29,4558.381
11041.89,1975.98,4474.027,10899.61,1966.141,4650.618,10959.28,1955.12,4405.556,9439.344,1951.155,4675.12,10687.49,1976.812,4380.603,10866.96,1992.067,4376.998,10808.19,2014.702,4459.054,10606.23,1978.241,4453.825,10868.86,2030.728,4277.906,10850.74,1981.396,4552.971,10916.25,2020.255,4473.952,10776.96,2016.508,4347.936,11082.83,1968.176,4361.922,10531.26,2008.945,4381.214,10953.87,1966.29,4559.02
11041.25,1975.98,4474.096,10899.07,1966.141,4650.977,10958.63,1955.12,4405.58,9438.713,1951.155,4675.238,10686.85,1976.812,4380.631,10866.33,1992.067,4376.874,10807.56,2014.702,4458.933,10605.66,1978.241,4454.116,10868.31,2030.728,4277.575,10850.18,1981.396,4553.286,10915.61,2020.255,4474.009,10776.33,2016.508,4347.825,11082.19,1968.176,4361.942,10530.62,2008.945,4381.299,10953.31,1966.29,4559.339
11040.29,1975.98,4474.23,10898.28,1966.141,4651.547,10957.66,1955.12,4405.601,9437.761,1951.155,4675.449,10685.88,1976.812,4380.654,10865.38,1992.067,4376.663,10806.6,2014.702,4458.778,10604.8,1978.241,4454.586,10867.49,2030.728,4277.046,10849.33,1981.396,4553.749,10914.64,2020.255,4474.102,10775.37,2016.508,4347.631,11081.21,1968.176,4361.939,10529.65,2008.945,4381.398,10952.48,1966.29,4559.847
11038.87,1975.98,4474.473,10897.15,1966.141,4652.428,10956.22,1955.12,4405.61,9436.366,1951.155,4675.806,10684.44,1976.812,4380.655,10863.98,1992.067,4376.32,10805.17,2014.702,4458.591,10603.56,1978.241,4455.32,10866.3,2030.728,4276.227,10848.05,1981.396,4554.412,10913.21,2020.255,4474.245,10773.97,2016.508,4347.307,11079.77,1968.176,4361.889,10528.21,2008.945,4381.501,10951.27,1966.29,4560.63
11037.8,1975.98,4474.69,10896.31,1966.141,4653.122,10955.13,1955.12,4405.6,9435.321,1951.155,4676.111,10683.35,1976.812,4380.632,10862.93,1992.067,4376.036,10804.08,2014.702,4458.482,10602.64,1978.241,4455.905,10865.43,2030.728,4275.58,10847.08,1981.396,4554.9,10912.13,2020.255,4474.358,10772.92,2016.508,4347.034,11078.69,1968.176,4361.815,10527.13,2008.945,4381.545,10950.37,1966.29,4561.248
11036.74,1975.98,4474.941,10895.49,1966.141,4653.846,10954.04,1955.12,4405.573,9434.281,1951.155,4676.451,10682.26,1976.812,4380.585,10861.88,1992.067,4375.726,10802.99,2014.702,4458.404,10601.74,1978.241,4456.521,10864.57,2030.728,4274.902,10846.09,1981.396,4555.379,10911.04,2020.255,4474.478,10771.86,2016.508,4346.732,11077.6,1968.176,4361.705,10526.03,2008.945,4381.557,10949.49,1966.29,4561.895
11035.43,1975.98,4475.292,10894.5,1966.141,4654.771,10952.69,1955.12,4405.519,9433.014,1951.155,4676.913,10680.91,1976.812,4380.499,10860.6,1992.067,4375.313,10801.65,2014.702,4458.347,10600.65,1978.241,4457.317,10863.54,2030.728,4274.034,10844.87,1981.396,4555.957,10909.7,2020.255,4474.633,10770.58,2016.508,4346.329,11076.26,1968.176,4361.526,10524.68,2008.945,4381.53,10948.42,1966.29,4562.722
11034.81,1975.98,4475.48,10894.05,1966.141,4655.231,10952.04,1955.12,4405.483,9432.412,1951.155,4677.154,10680.26,1976.812,4380.443,10859.99,1992.067,4375.101,10801,2014.702,4458.338,10600.14,1978.241,4457.716,10863.05,2030.728,4273.601,10844.29,1981.396,4556.229,10909.06,2020.255,4474.71,10769.96,2016.508,4346.119,11075.62,1968.176,4361.419,10524.04,2008.945,4381.498,10947.92,1966.29,4563.134
11034.43,1975.98,4475.609,10893.77,1966.141,4655.525,10951.64,1955.12,4405.456,9432.044,1951.155,4677.316,10679.87,1976.812,4380.399,10859.61,1992.067,4374.96,10800.59,2014.702,4458.344,10599.83,1978.241,4457.973,10862.76,2030.728,4273.323,10843.92,1981.396,4556.395,10908.66,2020.255,4474.761,10769.59,2016.508,4345.98,11075.23,1968.176,4361.339,10523.64,2008.945,4381.466,10947.62,1966.29,4563.398
11032.86,1975.98,4476.085,10892.61,1966.141,4656.694,10950,1955.12,4405.391,9430.559,1951.155,4678.029,10678.22,1976.812,4380.275,10858.05,1992.067,4374.415,10798.95,2014.702,4458.326,10598.53,1978.241,4458.986,10861.54,2030.728,4272.224,10842.42,1981.396,4557.064,10907.03,2020.255,4474.972,10768.03,2016.508,4345.458,11073.6,1968.176,4361.067,10521.99,2008.945,4381.383,10946.35,1966.29,4564.443
11032.08,1975.98,4476.292,10892.03,1966.141,4657.242,10949.2,1955.12,4405.384,9429.85,1951.155,4678.398,10677.42,1976.812,4380.241,10857.3,1992.067,4374.165,10798.15,2014.702,4458.298,10597.89,1978.241,4459.457,10860.92,2030.728,4271.709,10841.68,1981.396,4557.381,10906.24,2020.255,4475.078,10767.26,2016.508,4345.228,11072.81,1968.176,4360.961,10521.19,2008.945,4381.368,10945.72,1966.29,4564.932
11031.41,1975.98,4476.449,10891.52,1966.141,4657.697,10948.51,1955.12,4405.399,9429.25,1951.155,4678.735,10676.74,1976.812,4380.234,10856.64,1992.067,4373.963,10797.46,2014.702,4458.258,10597.32,1978.241,4459.845,10860.38,2030.728,4271.284,10841.05,1981.396,4557.646,10905.56,2020.255,4475.171,10766.6,2016.508,4345.05,11072.13,1968.176,4360.892,10520.5,2008.945,4381.375,10945.16,1966.29,4565.336
11030.35,1975.98,4476.662,10890.68,1966.141,4658.388,10947.43,1955.12,4405.457,9428.323,1951.155,4679.298,10675.65,1976.812,4380.259,10855.6,1992.067,4373.666,10796.38,2014.702,4458.17,10596.4,1978.241,4460.427,10859.51,2030.728,4270.64,10840.04,1981.396,4558.051,10904.48,2020.255,4475.325,10765.54,2016.508,4344.803,11071.04,1968.176,4360.818,10519.42,2008.945,4381.42,10944.26,1966.29,4565.947
11029.54,1975.98,4476.797,10890.03,1966.141,4658.889,10946.61,1955.12,4405.524,9427.637,1951.155,4679.746,10674.83,1976.812,4380.305,10854.8,1992.067,4373.456,10795.57,2014.702,4458.086,10595.7,1978.241,4460.844,10858.84,2030.728,4270.174,10839.28,1981.396,4558.346,10903.67,2020.255,4475.445,10764.74,2016.508,4344.642,11070.23,1968.176,4360.79,10518.6,2008.945,4381.479,10943.57,1966.29,4566.388
11028.33,1975.98,4476.961,10889.04,1966.141,4659.607,10945.39,1955.12,4405.663,9426.633,1951.155,4680.449,10673.61,1976.812,4380.413,10853.62,1992.067,4373.164,10794.35,2014.702,4457.936,10594.62,1978.241,4461.435,10857.81,2030.728,4269.51,10838.13,1981.396,4558.77,10902.46,2020.255,4475.632,10763.53,2016.508,4344.438,11069,1968.176,4360.787,10517.39,2008.945,4381.605,10942.52,1966.29,4567.018
11027.23,1975.98,4477.074,10888.13,1966.141,4660.223,10944.3,1955.12,4405.819,9425.752,1951.155,4681.109,10672.52,1976.812,4380.545,10852.54,1992.067,4372.921,10793.26,2014.702,4457.779,10593.64,1978.241,4461.934,10856.87,2030.728,4268.943,10837.09,1981.396,4559.133,10901.38,2020.255,4475.807,10762.44,2016.508,4344.289,11067.9,1968.176,4360.82,10516.29,2008.945,4381.752,10941.56,1966.29,4567.555
11026.63,1975.98,4477.156,10887.63,1966.141,4660.582,10943.7,1955.12,4405.896,9425.237,1951.155,4681.44,10671.91,1976.812,4380.605,10851.95,1992.067,4372.771,10792.66,2014.702,4457.71,10593.11,1978.241,4462.229,10856.35,2030.728,4268.611,10836.51,1981.396,4559.339,10900.77,2020.255,4475.906,10761.84,2016.508,4344.189,11067.29,1968.176,4360.818,10515.69,2008.945,4381.815,10941.04,1966.29,4567.868
11026.3,1975.98,4477.212,10887.37,1966.141,4660.785,10943.37,1955.12,4405.933,9424.953,1951.155,4681.614,10671.58,1976.812,4380.63,10851.63,1992.067,4372.682,10792.32,2014.702,4457.683,10592.82,1978.241,4462.398,10856.08,2030.728,4268.422,10836.2,1981.396,4559.454,10900.44,2020.255,4475.96,10761.51,2016.508,4344.126,11066.95,1968.176,4360.807,10515.35,2008.945,4381.839,10940.76,1966.29,4568.047
11026.05,1975.98,4477.263,10887.17,1966.141,4660.947,10943.12,1955.12,4405.957,9424.741,1951.155,4681.753,10671.33,1976.812,4380.643,10851.39,1992.067,4372.608,10792.07,2014.702,4457.669,10592.61,1978.241,4462.534,10855.87,2030.728,4268.272,10835.96,1981.396,4559.542,10900.19,2020.255,4476.003,10761.26,2016.508,4344.071,11066.7,1968.176,4360.79,10515.1,2008.945,4381.849,10940.55,1966.29,4568.189
11024.89,1975.98,4477.539,10886.28,1966.141,4661.736,10941.93,1955.12,4406.052,9423.766,1951.155,4682.439,10670.14,1976.812,4380.678,10850.25,1992.067,4372.233,10790.88,2014.702,4457.639,10591.62,1978.241,4463.206,10854.94,2030.728,4267.534,10834.85,1981.396,4559.962,10899.02,2020.255,4476.207,10760.1,2016.508,4343.784,11065.51,1968.176,4360.67,10513.91,2008.945,4381.862,10939.58,1966.29,4568.886
11024.37,1975.98,4477.681,10885.88,1966.141,4662.108,10941.39,1955.12,4406.087,9423.313,1951.155,4682.736,10669.59,1976.812,4380.681,10849.74,1992.067,4372.05,10790.34,2014.702,4457.641,10591.18,1978.241,4463.525,10854.52,2030.728,4267.185,10834.34,1981.396,4560.155,10898.49,2020.255,4476.301,10759.58,2016.508,4343.639,11064.98,1968.176,4360.598,10513.37,2008.945,4381.851,10939.15,1966.29,4569.215
11023.8,1975.98,4477.855,10885.47,1966.141,4662.528,10940.8,1955.12,4406.116,9422.818,1951.155,4683.062,10669,1976.812,4380.671,10849.19,1992.067,4371.837,10789.74,2014.702,4457.66,10590.72,1978.241,4463.89,10854.08,2030.728,4266.79,10833.79,1981.396,4560.367,10897.9,2020.255,4476.405,10759.01,2016.508,4343.467,11064.39,1968.176,4360.5,10512.78,2008.945,4381.821,10938.69,1966.29,4569.588
11022.5,1975.98,4478.304,10884.53,1966.141,4663.537,10939.42,1955.12,4406.163,9421.74,1951.155,4683.918,10667.63,1976.812,4380.618,10847.92,1992.067,4371.309,10788.37,2014.702,4457.74,10589.66,1978.241,4464.771,10853.08,2030.728,4265.839,10832.51,1981.396,4560.864,10896.55,2020.255,4476.653,10757.71,2016.508,4343.033,11063.04,1968.176,4360.229,10511.4,2008.945,4381.71,10937.64,1966.29,4570.486
11022.3,1975.98,4478.365,10884.38,1966.141,4663.685,10939.21,1955.12,4406.176,9421.574,1951.155,4684.044,10667.42,1976.812,4380.617,10847.73,1992.067,4371.234,10788.16,2014.702,4457.748,10589.49,1978.241,4464.899,10852.93,2030.728,4265.7,10832.31,1981.396,4560.937,10896.35,2020.255,4476.691,10757.51,2016.508,4342.974,11062.84,1968.176,4360.194,10511.2,2008.945,4381.7,10937.48,1966.29,4570.617
11022.1,1975.98,4478.421,10884.23,1966.141,4663.831,10939,1955.12,4406.196,9421.4,1951.155,4684.168,10667.21,1976.812,4380.623,10847.53,1992.067,4371.163,10787.95,2014.702,4457.75,10589.32,1978.241,4465.024,10852.77,2030.728,4265.563,10832.11,1981.396,4561.008,10896.14,2020.255,4476.73,10757.3,2016.508,4342.92,11062.63,1968.176,4360.166,10510.98,2008.945,4381.696,10937.31,1966.29,4570.746
11021.13,1975.98,4478.654,10883.48,1966.141,4664.491,10938.01,1955.12,4406.319,9420.57,1951.155,4684.72,10666.21,1976.812,4380.682,10846.58,1992.067,4370.855,10786.95,2014.702,4457.738,10588.5,1978.241,4465.585,10851.99,2030.728,4264.943,10831.17,1981.396,4561.33,10895.16,2020.255,4476.916,10756.33,2016.508,4342.701,11061.64,1968.176,4360.066,10509.99,2008.945,4381.708,10936.5,1966.29,4571.324
11020.66,1975.98,4478.751,10883.11,1966.141,4664.799,10937.53,1955.12,4406.393,9420.159,1951.155,4684.974,10665.73,1976.812,4380.726,10846.11,1992.067,4370.718,10786.47,2014.702,4457.721,10588.09,1978.241,4465.845,10851.6,2030.728,4264.655,10830.71,1981.396,4561.479,10894.68,2020.255,4477.008,10755.85,2016.508,4342.61,11061.15,1968.176,4360.033,10509.5,2008.945,4381.728,10936.1,1966.29,4571.592
11020.18,1975.98,4478.834,10882.72,1966.141,4665.095,10937.06,1955.12,4406.48,9419.74,1951.155,4685.214,10665.25,1976.812,4380.786,10845.65,1992.067,4370.592,10785.99,2014.702,4457.695,10587.67,1978.241,4466.091,10851.2,2030.728,4264.379,10830.25,1981.396,4561.62,10894.21,2020.255,4477.102,10755.38,2016.508,4342.535,11060.67,1968.176,4360.016,10509.02,2008.945,4381.764,10935.69,1966.29,4571.848
11019.58,1975.98,4478.918,10882.24,1966.141,4665.447,10936.47,1955.12,4406.606,9419.21,1951.155,4685.496,10664.66,1976.812,4380.88,10845.06,1992.067,4370.45,10785.39,2014.702,4457.652,10587.15,1978.241,4466.38,10850.7,2030.728,4264.051,10829.67,1981.396,4561.787,10893.62,2020.255,4477.221,10754.78,2016.508,4342.46,11060.07,1968.176,4360.015,10508.43,2008.945,4381.827,10935.17,1966.29,4572.151
11019.2,1975.98,4478.985,10881.93,1966.141,4665.685,10936.09,1955.12,4406.682,9418.86,1951.155,4685.667,10664.27,1976.812,4380.932,10844.69,1992.067,4370.349,10785,2014.702,4457.636,10586.81,1978.241,4466.578,10850.38,2030.728,4263.828,10829.3,1981.396,4561.9,10893.24,2020.255,4477.3,10754.4,2016.508,4342.401,11059.68,1968.176,4360.001,10508.04,2008.945,4381.855,10934.84,1966.29,4572.357
11018.6,1975.98,4479.11,10881.46,1966.141,4666.078,10935.48,1955.12,4406.792,9418.299,1951.155,4685.92,10663.66,1976.812,4381,10844.1,1992.067,4370.173,10784.38,2014.702,4457.627,10586.29,1978.241,4466.908,10849.89,2030.728,4263.459,10828.71,1981.396,4562.086,10892.64,2020.255,4477.426,10753.79,2016.508,4342.292,11059.07,1968.176,4359.959,10507.42,2008.945,4381.882,10934.33,1966.29,4572.697
11018.05,1975.98,4479.244,10881.03,1966.141,4666.454,10934.92,1955.12,4406.885,9417.773,1951.155,4686.136,10663.09,1976.812,4381.049,10843.56,1992.067,4369.997,10783.82,2014.702,4457.635,10585.82,1978.241,4467.228,10849.44,2030.728,4263.105,10828.17,1981.396,4562.265,10892.08,2020.255,4477.545,10753.24,2016.508,4342.175,11058.5,1968.176,4359.902,10506.85,2008.945,4381.889,10933.86,1966.29,4573.025
11017.66,1975.98,4479.351,10880.74,1966.141,4666.729,10934.53,1955.12,4406.945,9417.398,1951.155,4686.276,10662.69,1976.812,4381.075,10843.18,1992.067,4369.863,10783.42,2014.702,4457.651,10585.5,1978.241,4467.464,10849.14,2030.728,4262.846,10827.8,1981.396,4562.394,10891.69,2020.255,4477.63,10752.85,2016.508,4342.083,11058.1,1968.176,4359.849,10506.45,2008.945,4381.881,10933.54,1966.29,4573.266
11017.33,1975.98,4479.454,10880.5,1966.141,4666.973,10934.19,1955.12,4406.991,9417.071,1951.155,4686.386,10662.35,1976.812,4381.089,10842.86,1992.067,4369.74,10783.07,2014.702,4457.675,10585.23,1978.241,4467.676,10848.88,2030.728,4262.614,10827.47,1981.396,4562.507,10891.35,2020.255,4477.704,10752.51,2016.508,4341.995,11057.76,1968.176,4359.792,10506.11,2008.945,4381.864,10933.27,1966.29,4573.481
11016.91,1975.98,4479.601,10880.19,1966.141,4667.299,10933.74,1955.12,4407.043,9416.649,1951.155,4686.527,10661.91,1976.812,4381.097,10842.45,1992.067,4369.571,10782.63,2014.702,4457.718,10584.89,1978.241,4467.96,10848.56,2030.728,4262.305,10827.05,1981.396,4562.657,10890.92,2020.255,4477.801,10752.09,2016.508,4341.87,11057.33,1968.176,4359.704,10505.67,2008.945,4381.829,10932.93,1966.29,4573.768
11016.51,1975.98,4479.756,10879.91,1966.141,4667.624,10933.32,1955.12,4407.086,9416.236,1951.155,4686.65,10661.47,1976.812,4381.094,10842.05,1992.067,4369.396,10782.2,2014.702,4457.77,10584.56,1978.241,4468.247,10848.26,2030.728,4261.995,10826.65,1981.396,4562.804,10890.5,2020.255,4477.899,10751.67,2016.508,4341.738,11056.91,1968.176,4359.605,10505.24,2008.945,4381.781,10932.61,1966.29,4574.056
11015.98,1975.98,4479.98,10879.55,1966.141,4668.07,10932.74,1955.12,4407.131,9415.681,1951.155,4686.802,10660.9,1976.812,4381.078,10841.53,1992.067,4369.15,10781.63,2014.702,4457.854,10584.15,1978.241,4468.643,10847.87,2030.728,4261.57,10826.11,1981.396,4563.003,10889.94,2020.255,4478.034,10751.13,2016.508,4341.549,11056.35,1968.176,4359.455,10504.67,2008.945,4381.7,10932.2,1966.29,4574.453
11015.74,1975.98,4480.092,10879.38,1966.141,4668.283,10932.48,1955.12,4407.146,9415.421,1951.155,4686.863,10660.63,1976.812,4381.064,10841.29,1992.067,4369.03,10781.37,2014.702,4457.9,10583.96,1978.241,4468.833,10847.7,2030.728,4261.367,10825.86,1981.396,4563.097,10889.68,2020.255,4478.099,10750.88,2016.508,4341.455,11056.1,1968.176,4359.376,10504.4,2008.945,4381.654,10932.01,1966.29,4574.643
11015.37,1975.98,4480.272,10879.15,1966.141,4668.613,10932.07,1955.12,4407.162,9415.023,1951.155,4686.944,10660.23,1976.812,4381.035,10840.94,1992.067,4368.839,10780.97,2014.702,4457.978,10583.68,1978.241,4469.13,10847.45,2030.728,4261.051,10825.48,1981.396,4563.24,10889.29,2020.255,4478.2,10750.5,2016.508,4341.304,11055.71,1968.176,4359.246,10504.01,2008.945,4381.573,10931.73,1966.29,4574.939
11014.74,1975.98,4480.612,10878.75,1966.141,4669.208,10931.36,1955.12,4407.174,9414.318,1951.155,4687.063,10659.52,1976.812,4380.966,10840.31,1992.067,4368.485,10780.27,2014.702,4458.131,10583.21,1978.241,4469.669,10847.02,2030.728,4260.479,10824.81,1981.396,4563.494,10888.6,2020.255,4478.386,10749.85,2016.508,4341.022,11055.04,1968.176,4358.992,10503.31,2008.945,4381.409,10931.26,1966.29,4575.477
11014.56,1975.98,4480.716,10878.64,1966.141,4669.386,10931.15,1955.12,4407.173,9414.113,1951.155,4687.101,10659.31,1976.812,4380.941,10840.13,1992.067,4368.378,10780.07,2014.702,4458.18,10583.08,1978.241,4469.83,10846.9,2030.728,4260.309,10824.62,1981.396,4563.568,10888.4,2020.255,4478.441,10749.66,2016.508,4340.936,11054.85,1968.176,4358.912,10503.11,2008.945,4381.355,10931.13,1966.29,4575.637
11014.29,1975.98,4480.887,10878.48,1966.141,4669.665,10930.83,1955.12,4407.165,9413.795,1951.155,4687.149,10658.99,1976.812,4380.896,10839.86,1992.067,4368.205,10779.76,2014.702,4458.262,10582.88,1978.241,4470.086,10846.72,2030.728,4260.039,10824.31,1981.396,4563.684,10888.09,2020.255,4478.531,10749.37,2016.508,4340.796,11054.56,1968.176,4358.778,10502.8,2008.945,4381.263,10930.93,1966.29,4575.892
11013.92,1975.98,4481.133,10878.27,1966.141,4670.057,10930.38,1955.12,4407.145,9413.354,1951.155,4687.201,10658.55,1976.812,4380.824,10839.5,1992.067,4367.957,10779.33,2014.702,4458.382,10582.63,1978.241,4470.446,10846.49,2030.728,4259.661,10823.9,1981.396,4563.843,10887.67,2020.255,4478.657,10748.97,2016.508,4340.596,11054.15,1968.176,4358.608,10502.38,2008.945,4381.124,10930.67,1966.29,4576.25
11013.71,1975.98,4481.285,10878.16,1966.141,4670.291,10930.12,1955.12,4407.127,9413.094,1951.155,4687.225,10658.29,1976.812,4380.776,10839.28,1992.067,4367.805,10779.08,2014.702,4458.457,10582.48,1978.241,4470.664,10846.36,2030.728,4259.434,10823.66,1981.396,4563.938,10887.42,2020.255,4478.734,10748.74,2016.508,4340.473,11053.91,1968.176,4358.516,10502.13,2008.945,4381.034,10930.52,1966.29,4576.465
11013.5,1975.98,4481.445,10878.05,1966.141,4670.532,10929.86,1955.12,4407.104,9412.831,1951.155,4687.255,10658.04,1976.812,4380.722,10839.07,1992.067,4367.646,10778.83,2014.702,4458.536,10582.34,1978.241,4470.888,10846.23,2030.728,4259.2,10823.41,1981.396,4564.033,10887.16,2020.255,4478.815,10748.51,2016.508,4340.345,11053.66,1968.176,4358.43,10501.89,2008.945,4380.937,10930.38,1966.29,4576.687
11013.1,1975.98,4481.769,10877.85,1966.141,4671.008,10929.35,1955.12,4407.047,9412.317,1951.155,4687.297,10657.54,1976.812,4380.605,10838.67,1992.067,4367.328,10778.34,2014.702,4458.697,10582.08,1978.241,4471.333,10846,2030.728,4258.739,10822.93,1981.396,4564.22,10886.67,2020.255,4478.976,10748.07,2016.508,4340.082,11053.16,1968.176,4358.28,10501.42,2008.945,4380.733,10930.11,1966.29,4577.128
11012.84,1975.98,4481.991,10877.73,1966.141,4671.327,10929.01,1955.12,4407.002,9411.978,1951.155,4687.314,10657.21,1976.812,4380.521,10838.41,1992.067,4367.11,10778.02,2014.702,4458.808,10581.92,1978.241,4471.632,10845.86,2030.728,4258.43,10822.62,1981.396,4564.343,10886.35,2020.255,4479.086,10747.78,2016.508,4339.899,11052.83,1968.176,4358.191,10501.11,2008.945,4380.589,10929.94,1966.29,4577.424
11012.66,1975.98,4482.152,10877.65,1966.141,4671.552,10928.78,1955.12,4406.966,9411.74,1951.155,4687.318,10656.98,1976.812,4380.458,10838.23,1992.067,4366.954,10777.8,2014.702,4458.887,10581.81,1978.241,4471.845,10845.77,2030.728,4258.211,10822.39,1981.396,4564.43,10886.13,2020.255,4479.165,10747.58,2016.508,4339.766,11052.6,1968.176,4358.137,10500.89,2008.945,4380.483,10929.83,1966.29,4577.635
11012.51,1975.98,4482.297,10877.59,1966.141,4671.751,10928.57,1955.12,4406.93,9411.532,1951.155,4687.336,10656.78,1976.812,4380.397,10838.07,1992.067,4366.813,10777.6,2014.702,4458.959,10581.72,1978.241,4472.034,10845.69,2030.728,4258.018,10822.2,1981.396,4564.505,10885.93,2020.255,4479.236,10747.42,2016.508,4339.645,11052.4,1968.176,4358.096,10500.71,2008.945,4380.385,10929.74,1966.29,4577.822
11012.22,1975.98,4482.569,10877.46,1966.141,4672.132,10928.17,1955.12,4406.872,9411.13,1951.155,4687.359,10656.39,1976.812,4380.294,10837.77,1992.067,4366.549,10777.23,2014.702,4459.108,10581.57,1978.241,4472.404,10845.53,2030.728,4257.649,10821.82,1981.396,4564.649,10885.56,2020.255,4479.379,10747.08,2016.508,4339.42,11052,1968.176,4358.029,10500.35,2008.945,4380.208,10929.55,1966.29,4578.178
11012.06,1975.98,4482.705,10877.39,1966.141,4672.327,10927.96,1955.12,4406.848,9410.922,1951.155,4687.364,10656.18,1976.812,4380.247,10837.61,1992.067,4366.417,10777.04,2014.702,4459.191,10581.48,1978.241,4472.593,10845.44,2030.728,4257.46,10821.63,1981.396,4564.722,10885.36,2020.255,4479.455,10746.9,2016.508,4339.31,11051.8,1968.176,4358.002,10500.16,2008.945,4380.122,10929.45,1966.29,4578.359
11011.8,1975.98,4482.915,10877.26,1966.141,4672.636,10927.63,1955.12,4406.821,9410.587,1951.155,4687.36,10655.86,1976.812,4380.183,10837.34,1992.067,4366.213,10776.73,2014.702,4459.333,10581.35,1978.241,4472.901,10845.29,2030.728,4257.162,10821.31,1981.396,4564.83,10885.05,2020.255,4479.581,10746.61,2016.508,4339.143,11051.46,1968.176,4357.969,10499.85,2008.945,4379.994,10929.28,1966.29,4578.646
11011.63,1975.98,4483.041,10877.17,1966.141,4672.825,10927.42,1955.12,4406.811,9410.379,1951.155,4687.352,10655.65,1976.812,4380.149,10837.17,1992.067,4366.091,10776.55,2014.702,4459.428,10581.26,1978.241,4473.09,10845.19,2030.728,4256.979,10821.11,1981.396,4564.89,10884.86,2020.255,4479.661,10746.43,2016.508,4339.044,11051.25,1968.176,4357.955,10499.65,2008.945,4379.921,10929.16,1966.29,4578.82
11011.43,1975.98,4483.181,10877.07,1966.141,4673.044,10927.18,1955.12,4406.806,9410.135,1951.155,4687.333,10655.41,1976.812,4380.118,10836.97,1992.067,4365.954,10776.33,2014.702,4459.545,10581.15,1978.241,4473.309,10845.07,2030.728,4256.769,10820.88,1981.396,4564.954,10884.64,2020.255,4479.758,10746.21,2016.508,4338.936,11051.01,1968.176,4357.946,10499.42,2008.945,4379.843,10929.02,1966.29,4579.021
11011.19,1975.98,4483.341,10876.93,1966.141,4673.301,10926.89,1955.12,4406.809,9409.846,1951.155,4687.302,10655.12,1976.812,4380.09,10836.73,1992.067,4365.798,10776.08,2014.702,4459.691,10581.01,1978.241,4473.564,10844.91,2030.728,4256.522,10820.59,1981.396,4565.022,10884.37,2020.255,4479.876,10745.95,2016.508,4338.815,11050.72,1968.176,4357.946,10499.14,2008.945,4379.759,10928.85,1966.29,4579.254
11011,1975.98,4483.455,10876.82,1966.141,4673.49,10926.67,1955.12,4406.818,9409.631,1951.155,4687.265,10654.9,1976.812,4380.077,10836.54,1992.067,4365.687,10775.9,2014.702,4459.807,10580.9,1978.241,4473.753,10844.79,2030.728,4256.341,10820.38,1981.396,4565.066,10884.17,2020.255,4479.967,10745.74,2016.508,4338.731,11050.5,1968.176,4357.953,10498.93,2008.945,4379.703,10928.71,1966.29,4579.425
11010.83,1975.98,4483.569,10876.72,1966.141,4673.673,10926.46,1955.12,4406.824,9409.425,1951.155,4687.236,10654.69,1976.812,4380.059,10836.36,1992.067,4365.576,10775.72,2014.702,4459.915,10580.8,1978.241,4473.936,10844.68,2030.728,4256.165,10820.17,1981.396,4565.113,10883.98,2020.255,4480.054,10745.55,2016.508,4338.647,11050.29,1968.176,4357.952,10498.73,2008.945,4379.643,10928.59,1966.29,4579.592
11010.6,1975.98,4483.733,10876.59,1966.141,4673.928,10926.18,1955.12,4406.829,9409.142,1951.155,4687.206,10654.41,1976.812,4380.027,10836.13,1992.067,4365.417,10775.47,2014.702,4460.058,10580.67,1978.241,4474.19,10844.54,2030.728,4255.919,10819.9,1981.396,4565.181,10883.72,2020.255,4480.175,10745.29,2016.508,4338.526,11050.01,1968.176,4357.942,10498.46,2008.945,4379.553,10928.42,1966.29,4579.825
11010.43,1975.98,4483.858,10876.51,1966.141,4674.118,10925.97,1955.12,4406.829,9408.935,1951.155,4687.186,10654.21,1976.812,4380,10835.96,1992.067,4365.297,10775.29,2014.702,4460.16,10580.59,1978.241,4474.379,10844.44,2030.728,4255.736,10819.7,1981.396,4565.234,10883.54,2020.255,4480.264,10745.11,2016.508,4338.434,11049.8,1968.176,4357.928,10498.27,2008.945,4379.482,10928.31,1966.29,4579.999
11010.27,1975.98,4483.989,10876.43,1966.141,4674.31,10925.76,1955.12,4406.826,9408.729,1951.155,4687.158,10654,1976.812,4379.968,10835.79,1992.067,4365.173,10775.11,2014.702,4460.259,10580.5,1978.241,4474.571,10844.34,2030.728,4255.55,10819.5,1981.396,4565.291,10883.35,2020.255,4480.354,10744.92,2016.508,4338.338,11049.59,1968.176,4357.907,10498.08,2008.945,4379.405,10928.2,1966.29,4580.176
11010.06,1975.98,4484.166,10876.33,1966.141,4674.563,10925.49,1955.12,4406.818,9408.459,1951.155,4687.131,10653.73,1976.812,4379.92,10835.58,1992.067,4365.006,10774.87,2014.702,4460.386,10580.41,1978.241,4474.823,10844.23,2030.728,4255.305,10819.24,1981.396,4565.368,10883.11,2020.255,4480.471,10744.69,2016.508,4338.208,11049.32,1968.176,4357.872,10497.83,2008.945,4379.297,10928.06,1966.29,4580.41
11009.91,1975.98,4484.307,10876.26,1966.141,4674.76,10925.28,1955.12,4406.81,9408.253,1951.155,4687.104,10653.53,1976.812,4379.878,10835.42,1992.067,4364.873,10774.68,2014.702,4460.482,10580.33,1978.241,4475.019,10844.15,2030.728,4255.113,10819.04,1981.396,4565.429,10882.92,2020.255,4480.563,10744.51,2016.508,4338.105,11049.12,1968.176,4357.837,10497.64,2008.945,4379.209,10927.97,1966.29,4580.594
11009.76,1975.98,4484.453,10876.2,1966.141,4674.959,10925.07,1955.12,4406.798,9408.045,1951.155,4687.106,10653.33,1976.812,4379.833,10835.26,1992.067,4364.736,10774.5,2014.702,4460.577,10580.27,1978.241,4475.217,10844.07,2030.728,4254.919,10818.84,1981.396,4565.492,10882.73,2020.255,4480.654,10744.33,2016.508,4338,11048.92,1968.176,4357.796,10497.45,2008.945,4379.116,10927.87,1966.29,4580.78
11009.59,1975.98,4484.608,10876.12,1966.141,4675.175,10924.85,1955.12,4406.792,9407.816,1951.155,4687.102,10653.1,1976.812,4379.79,10835.08,1992.067,4364.591,10774.3,2014.702,4460.687,10580.21,1978.241,4475.437,10843.98,2030.728,4254.709,10818.62,1981.396,4565.554,10882.52,2020.255,4480.75,10744.13,2016.508,4337.89,11048.69,1968.176,4357.759,10497.24,2008.945,4379.021,10927.76,1966.29,4580.981
11009.44,1975.98,4484.744,10876.05,1966.141,4675.369,10924.64,1955.12,4406.794,9407.608,1951.155,4687.09,10652.89,1976.812,4379.757,10834.92,1992.067,4364.464,10774.12,2014.702,4460.792,10580.16,1978.241,4475.639,10843.89,2030.728,4254.52,10818.42,1981.396,4565.605,10882.33,2020.255,4480.831,10743.94,2016.508,4337.795,11048.48,1968.176,4357.731,10497.05,2008.945,4378.939,10927.66,1966.29,4581.162
11009.27,1975.98,4484.875,10875.97,1966.141,4675.561,10924.43,1955.12,4406.802,9407.4,1951.155,4687.072,10652.69,1976.812,4379.731,10834.75,1992.067,4364.342,10773.94,2014.702,4460.903,10580.11,1978.241,4475.842,10843.8,2030.728,4254.333,10818.21,1981.396,4565.65,10882.14,2020.255,4480.907,10743.75,2016.508,4337.708,11048.28,1968.176,4357.71,10496.86,2008.945,4378.865,10927.55,1966.29,4581.338
11009.11,1975.98,4485,10875.88,1966.141,4675.75,10924.22,1955.12,4406.816,9407.193,1951.155,4687.049,10652.48,1976.812,4379.712,10834.57,1992.067,4364.226,10773.77,2014.702,4461.02,10580.07,1978.241,4476.047,10843.7,2030.728,4254.15,10818.01,1981.396,4565.689,10881.94,2020.255,4480.978,10743.57,2016.508,4337.614,11048.07,1968.176,4357.696,10496.66,2008.945,4378.796,10927.43,1966.29,4581.511
11008.94,1975.98,4485.121,10875.79,1966.141,4675.937,10924.01,1955.12,4406.836,9406.985,1951.155,4687.052,10652.27,1976.812,4379.7,10834.4,1992.067,4364.114,10773.6,2014.702,4461.141,10580.04,1978.241,4476.253,10843.6,2030.728,4253.97,10817.8,1981.396,4565.721,10881.75,2020.255,4481.045,10743.38,2016.508,4337.526,11047.86,1968.176,4357.689,10496.46,2008.945,4378.735,10927.31,1966.29,4581.68
11008.76,1975.98,4485.235,10875.69,1966.141,4676.12,10923.81,1955.12,4406.863,9406.777,1951.155,4687.049,10652.06,1976.812,4379.694,10834.22,1992.067,4364.007,10773.44,2014.702,4461.268,10580.02,1978.241,4476.46,10843.49,2030.728,4253.792,10817.6,1981.396,4565.747,10881.55,2020.255,4481.108,10743.18,2016.508,4337.445,11047.65,1968.176,4357.688,10496.26,2008.945,4378.68,10927.18,1966.29,4581.845
11008.59,1975.98,4485.344,10875.58,1966.141,4676.3,10923.6,1955.12,4406.896,9406.569,1951.155,4687.039,10651.86,1976.812,4379.696,10834.04,1992.067,4363.906,10773.27,2014.702,4461.399,10580,1978.241,4476.667,10843.37,2030.728,4253.619,10817.39,1981.396,4565.767,10881.35,2020.255,4481.169,10742.99,2016.508,4337.371,11047.44,1968.176,4357.695,10496.06,2008.945,4378.631,10927.05,1966.29,4582.005
11008.41,1975.98,4485.459,10875.48,1966.141,4676.483,10923.4,1955.12,4406.925,9406.361,1951.155,4687.021,10651.65,1976.812,4379.692,10833.86,1992.067,4363.8,10773.11,2014.702,4461.526,10579.99,1978.241,4476.875,10843.26,2030.728,4253.441,10817.18,1981.396,4565.792,10881.15,2020.255,4481.231,10742.8,2016.508,4337.291,11047.24,1968.176,4357.694,10495.86,2008.945,4378.576,10926.92,1966.29,4582.17
11008.24,1975.98,4485.58,10875.39,1966.141,4676.669,10923.19,1955.12,4406.951,9406.154,1951.155,4686.998,10651.44,1976.812,4379.684,10833.68,1992.067,4363.69,10772.94,2014.702,4461.65,10579.98,1978.241,4477.083,10843.16,2030.728,4253.261,10816.98,1981.396,4565.821,10880.95,2020.255,4481.293,10742.61,2016.508,4337.207,11047.03,1968.176,4357.687,10495.66,2008.945,4378.516,10926.8,1966.29,4582.338
11008.08,1975.98,4485.706,10875.3,1966.141,4676.858,10922.98,1955.12,4406.975,9405.948,1951.155,4686.967,10651.23,1976.812,4379.67,10833.51,1992.067,4363.575,10772.77,2014.702,4461.77,10579.97,1978.241,4477.292,10843.06,2030.728,4253.077,10816.77,1981.396,4565.856,10880.75,2020.255,4481.356,10742.42,2016.508,4337.119,11046.82,1968.176,4357.673,10495.46,2008.945,4378.449,10926.68,1966.29,4582.51
11007.92,1975.98,4485.837,10875.22,1966.141,4677.05,10922.77,1955.12,4406.995,9405.742,1951.155,4686.934,10651.03,1976.812,4379.651,10833.34,1992.067,4363.455,10772.6,2014.702,4461.886,10579.96,1978.241,4477.5,10842.97,2030.728,4252.891,10816.57,1981.396,4565.895,10880.55,2020.255,4481.42,10742.23,2016.508,4337.027,11046.61,1968.176,4357.652,10495.26,2008.945,4378.376,10926.57,1966.29,4582.686
11007.76,1975.98,4485.974,10875.15,1966.141,4677.244,10922.57,1955.12,4407.012,9405.535,1951.155,4686.913,10650.82,1976.812,4379.628,10833.17,1992.067,4363.331,10772.42,2014.702,4462,10579.96,1978.241,4477.708,10842.88,2030.728,4252.701,10816.36,1981.396,4565.938,10880.36,2020.255,4481.485,10742.05,2016.508,4336.932,11046.41,1968.176,4357.625,10495.07,2008.945,4378.298,10926.46,1966.29,4582.864
11007.6,1975.98,4486.115,10875.08,1966.141,4677.441,10922.36,1955.12,4407.026,9405.327,1951.155,4686.902,10650.61,1976.812,4379.6,10833,1992.067,4363.203,10772.25,2014.702,4462.109,10579.96,1978.241,4477.916,10842.8,2030.728,4252.509,10816.16,1981.396,4565.985,10880.16,2020.255,4481.55,10741.87,2016.508,4336.833,11046.2,1968.176,4357.59,10494.88,2008.945,4378.214,10926.36,1966.29,4583.046
11007.46,1975.98,4486.262,10875.02,1966.141,4677.64,10922.15,1955.12,4407.037,9405.119,1951.155,4686.884,10650.41,1976.812,4379.567,10832.84,1992.067,4363.07,10772.07,2014.702,4462.216,10579.96,1978.241,4478.124,10842.73,2030.728,4252.315,10815.96,1981.396,4566.035,10879.96,2020.255,4481.616,10741.68,2016.508,4336.73,11046,1968.176,4357.549,10494.69,2008.945,4378.125,10926.27,1966.29,4583.23
11007.3,1975.98,4486.403,10874.95,1966.141,4677.836,10921.94,1955.12,4407.054,9404.912,1951.155,4686.86,10650.2,1976.812,4379.54,10832.68,1992.067,4362.942,10771.89,2014.702,4462.329,10579.97,1978.241,4478.332,10842.65,2030.728,4252.123,10815.75,1981.396,4566.079,10879.76,2020.255,4481.679,10741.5,2016.508,4336.633,11045.79,1968.176,4357.515,10494.5,2008.945,4378.042,10926.16,1966.29,4583.412
11007.15,1975.98,4486.54,10874.87,1966.141,4678.031,10921.74,1955.12,4407.077,9404.706,1951.155,4686.829,10649.99,1976.812,4379.518,10832.51,1992.067,4362.819,10771.72,2014.702,4462.446,10579.99,1978.241,4478.54,10842.56,2030.728,4251.933,10815.55,1981.396,4566.117,10879.56,2020.255,4481.738,10741.31,2016.508,4336.541,11045.59,1968.176,4357.488,10494.31,2008.945,4377.965,10926.05,1966.29,4583.59
11006.98,1975.98,4486.671,10874.79,1966.141,4678.223,10921.53,1955.12,4407.106,9404.499,1951.155,4686.81,10649.79,1976.812,4379.501,10832.34,1992.067,4362.702,10771.55,2014.702,4462.569,10580.01,1978.241,4478.747,10842.47,2030.728,4251.746,10815.34,1981.396,4566.149,10879.36,2020.255,4481.796,10741.12,2016.508,4336.455,11045.38,1968.176,4357.467,10494.11,2008.945,4377.895,10925.94,1966.29,4583.765
11006.82,1975.98,4486.797,10874.7,1966.141,4678.412,10921.32,1955.12,4407.14,9404.292,1951.155,4686.784,10649.58,1976.812,4379.49,10832.17,1992.067,4362.589,10771.39,2014.702,4462.697,10580.04,1978.241,4478.953,10842.37,2030.728,4251.562,10815.14,1981.396,4566.174,10879.16,2020.255,4481.852,10740.93,2016.508,4336.375,11045.17,1968.176,4357.453,10493.91,2008.945,4377.831,10925.82,1966.29,4583.936
11006.65,1975.98,4486.918,10874.61,1966.141,4678.598,10921.12,1955.12,4407.18,9404.086,1951.155,4686.751,10649.37,1976.812,4379.484,10831.99,1992.067,4362.482,10771.23,2014.702,4462.831,10580.07,1978.241,4479.159,10842.27,2030.728,4251.381,10814.93,1981.396,4566.193,10878.96,2020.255,4481.908,10740.74,2016.508,4336.3,11044.96,1968.176,4357.445,10493.71,2008.945,4377.773,10925.7,1966.29,4584.103
11006.47,1975.98,4487.033,10874.51,1966.141,4678.78,10920.92,1955.12,4407.224,9403.878,1951.155,4686.733,10649.16,1976.812,4379.484,10831.8,1992.067,4362.381,10771.07,2014.702,4462.968,10580.11,1978.241,4479.363,10842.16,2030.728,4251.203,10814.72,1981.396,4566.206,10878.76,2020.255,4481.964,10740.54,2016.508,4336.23,11044.76,1968.176,4357.445,10493.51,2008.945,4377.722,10925.57,1966.29,4584.265
11006.3,1975.98,4487.143,10874.41,1966.141,4678.96,10920.71,1955.12,4407.273,9403.671,1951.155,4686.708,10648.95,1976.812,4379.489,10831.62,1992.067,4362.285,10770.92,2014.702,4463.111,10580.16,1978.241,4479.565,10842.04,2030.728,4251.029,10814.51,1981.396,4566.212,10878.56,2020.255,4482.021,10740.34,2016.508,4336.167,11044.55,1968.176,4357.451,10493.31,2008.945,4377.678,10925.43,1966.29,4584.423
11006.12,1975.98,4487.257,10874.31,1966.141,4679.143,10920.51,1955.12,4407.319,9403.465,1951.155,4686.68,10648.75,1976.812,4379.489,10831.44,1992.067,4362.184,10770.77,2014.702,4463.25,10580.2,1978.241,4479.77,10841.94,2030.728,4250.851,10814.31,1981.396,4566.224,10878.36,2020.255,4482.079,10740.14,2016.508,4336.099,11044.34,1968.176,4357.464,10493.1,2008.945,4377.64,10925.3,1966.29,4584.585
11005.95,1975.98,4487.377,10874.21,1966.141,4679.329,10920.31,1955.12,4407.36,9403.26,1951.155,4686.646,10648.54,1976.812,4379.484,10831.26,1992.067,4362.078,10770.61,2014.702,4463.384,10580.24,1978.241,4479.975,10841.83,2030.728,4250.67,10814.1,1981.396,4566.241,10878.16,2020.255,4482.14,10739.95,2016.508,4336.024,11044.13,1968.176,4357.484,10492.9,2008.945,4377.609,10925.17,1966.29,4584.751
11005.79,1975.98,4487.503,10874.12,1966.141,4679.518,10920.1,1955.12,4407.398,9403.053,1951.155,4686.621,10648.33,1976.812,4379.475,10831.08,1992.067,4361.967,10770.44,2014.702,4463.515,10580.27,1978.241,4480.182,10841.73,2030.728,4250.487,10813.89,1981.396,4566.264,10877.96,2020.255,4482.202,10739.76,2016.508,4335.944,11043.93,1968.176,4357.511,10492.69,2008.945,4377.585,10925.05,1966.29,4584.921
11005.63,1975.98,4487.633,10874.04,1966.141,4679.709,10919.9,1955.12,4407.432,9402.847,1951.155,4686.589,10648.12,1976.812,4379.459,10830.91,1992.067,4361.852,10770.28,2014.702,4463.642,10580.29,1978.241,4480.389,10841.64,2030.728,4250.3,10813.68,1981.396,4566.291,10877.77,2020.255,4482.267,10739.57,2016.508,4335.858,11043.72,1968.176,4357.543,10492.48,2008.945,4377.568,10924.94,1966.29,4585.095
11005.47,1975.98,4487.769,10873.97,1966.141,4679.903,10919.69,1955.12,4407.461,9402.64,1951.155,4686.563,10647.91,1976.812,4379.439,10830.74,1992.067,4361.731,10770.11,2014.702,4463.765,10580.3,1978.241,4480.597,10841.55,2030.728,4250.111,10813.48,1981.396,4566.323,10877.57,2020.255,4482.333,10739.38,2016.508,4335.767,11043.51,1968.176,4357.582,10492.27,2008.945,4377.558,10924.83,1966.29,4585.271
11005.31,1975.98,4487.909,10873.9,1966.141,4680.1,10919.48,1955.12,4407.487,9402.433,1951.155,4686.538,10647.71,1976.812,4379.415,10830.57,1992.067,4361.607,10769.94,2014.702,4463.884,10580.31,1978.241,4480.805,10841.47,2030.728,4249.92,10813.27,1981.396,4566.359,10877.37,2020.255,4482.401,10739.2,2016.508,4335.67,11043.31,1968.176,4357.588,10492.07,2008.945,4377.555,10924.72,1966.29,4585.452
11005.15,1975.98,4488.044,10873.82,1966.141,4680.294,10919.28,1955.12,4407.518,9402.227,1951.155,4686.506,10647.5,1976.812,4379.395,10830.4,1992.067,4361.488,10769.77,2014.702,4464.009,10580.33,1978.241,4481.013,10841.38,2030.728,4249.732,10813.07,1981.396,4566.389,10877.17,2020.255,4482.466,10739.01,2016.508,4335.579,11043.1,1968.176,4357.602,10491.86,2008.945,4377.558,10924.61,1966.29,4585.628
11004.99,1975.98,4488.174,10873.74,1966.141,4680.485,10919.07,1955.12,4407.555,9402.021,1951.155,4686.467,10647.29,1976.812,4379.381,10830.23,1992.067,4361.374,10769.61,2014.702,4464.138,10580.35,1978.241,4481.22,10841.29,2030.728,4249.546,10812.86,1981.396,4566.413,10876.98,2020.255,4482.529,10738.82,2016.508,4335.494,11042.89,1968.176,4357.622,10491.65,2008.945,4377.567,10924.5,1966.29,4585.801
11004.82,1975.98,4488.298,10873.65,1966.141,4680.674,10918.87,1955.12,4407.598,9401.818,1951.155,4686.422,10647.08,1976.812,4379.373,10830.05,1992.067,4361.265,10769.45,2014.702,4464.273,10580.38,1978.241,4481.426,10841.19,2030.728,4249.364,10812.65,1981.396,4566.431,10876.78,2020.255,4482.589,10738.63,2016.508,4335.414,11042.68,1968.176,4357.646,10491.44,2008.945,4377.584,10924.38,1966.29,4585.97
11004.65,1975.98,4488.417,10873.56,1966.141,4680.86,10918.67,1955.12,4407.645,9401.616,1951.155,4686.371,10646.88,1976.812,4379.371,10829.87,1992.067,4361.161,10769.3,2014.702,4464.412,10580.41,1978.241,4481.632,10841.08,2030.728,4249.184,10812.44,1981.396,4566.442,10876.58,2020.255,4482.649,10738.43,2016.508,4335.339,11042.48,1968.176,4357.678,10491.23,2008.945,4377.607,10924.25,1966.29,4586.135
11004.48,1975.98,4488.531,10873.46,1966.141,4681.042,10918.46,1955.12,4407.697,9401.415,1951.155,4686.317,10646.67,1976.812,4379.374,10829.68,1992.067,4361.063,10769.15,2014.702,4464.556,10580.45,1978.241,4481.836,10840.97,2030.728,4249.008,10812.24,1981.396,4566.447,10876.38,2020.255,4482.708,10738.24,2016.508,4335.271,11042.27,1968.176,4357.703,10491.03,2008.945,4377.638,10924.12,1966.29,4586.296
11004.3,1975.98,4488.639,10873.35,1966.141,4681.222,10918.26,1955.12,4407.754,9401.21,1951.155,4686.278,10646.46,1976.812,4379.372,10829.5,1992.067,4360.969,10769,2014.702,4464.705,10580.49,1978.241,4482.042,10840.85,2030.728,4248.835,10812.03,1981.396,4566.445,10876.18,2020.255,4482.768,10738.04,2016.508,4335.208,11042.06,1968.176,4357.714,10490.82,2008.945,4377.665,10923.98,1966.29,4586.452
11004.12,1975.98,4488.741,10873.24,1966.141,4681.397,10918.06,1955.12,4407.807,9401.006,1951.155,4686.234,10646.25,1976.812,4379.367,10829.31,1992.067,4360.872,10768.86,2014.702,4464.858,10580.52,1978.241,4482.248,10840.73,2030.728,4248.667,10811.82,1981.396,4566.437,10875.98,2020.255,4482.827,10737.84,2016.508,4335.147,11041.86,1968.176,4357.732,10490.62,2008.945,4377.698,10923.83,1966.29,4586.604
11003.93,1975.98,4488.837,10873.12,1966.141,4681.569,10917.86,1955.12,4407.865,9400.8,1951.155,4686.201,10646.04,1976.812,4379.357,10829.13,1992.067,4360.77,10768.72,2014.702,4465.016,10580.54,1978.241,4482.455,10840.6,2030.728,4248.501,10811.61,1981.396,4566.422,10875.78,2020.255,4482.887,10737.64,2016.508,4335.086,11041.65,1968.176,4357.757,10490.41,2008.945,4377.729,10923.69,1966.29,4586.751
11003.75,1975.98,4488.928,10873,1966.141,4681.737,10917.66,1955.12,4407.92,9400.595,1951.155,4686.162,10645.84,1976.812,4379.343,10828.95,1992.067,4360.665,10768.59,2014.702,4465.178,10580.55,1978.241,4482.663,10840.47,2030.728,4248.341,10811.41,1981.396,4566.401,10875.58,2020.255,4482.947,10737.44,2016.508,4335.025,11041.44,1968.176,4357.789,10490.2,2008.945,4377.751,10923.54,1966.29,4586.893
11003.56,1975.98,4489.012,10872.87,1966.141,4681.901,10917.46,1955.12,4407.976,9400.392,1951.155,4686.116,10645.63,1976.812,4379.324,10828.78,1992.067,4360.555,10768.47,2014.702,4465.345,10580.56,1978.241,4482.871,10840.33,2030.728,4248.184,10811.2,1981.396,4566.374,10875.38,2020.255,4483.007,10737.24,2016.508,4334.965,11041.24,1968.176,4357.828,10490,2008.945,4377.78,10923.38,1966.29,4587.03
11003.36,1975.98,4489.089,10872.73,1966.141,4682.061,10917.26,1955.12,4408.034,9400.19,1951.155,4686.063,10645.42,1976.812,4379.301,10828.6,1992.067,4360.441,10768.35,2014.702,4465.515,10580.56,1978.241,4483.08,10840.19,2030.728,4248.032,10810.99,1981.396,4566.34,10875.18,2020.255,4483.067,10737.04,2016.508,4334.906,11041.03,1968.176,4357.873,10489.79,2008.945,4377.815,10923.22,1966.29,4587.162
11003.17,1975.98,4489.161,10872.59,1966.141,4682.215,10917.06,1955.12,4408.094,9399.99,1951.155,4686.004,10645.22,1976.812,4379.274,10828.43,1992.067,4360.323,10768.23,2014.702,4465.689,10580.56,1978.241,4483.288,10840.04,2030.728,4247.884,10810.79,1981.396,4566.3,10874.98,2020.255,4483.128,10736.84,2016.508,4334.847,11040.84,1968.176,4357.944,10489.59,2008.945,4377.857,10923.05,1966.29,4587.289
11002.97,1975.98,4489.226,10872.45,1966.141,4682.366,10916.86,1955.12,4408.153,9399.793,1951.155,4685.939,10645.01,1976.812,4379.242,10828.26,1992.067,4360.2,10768.13,2014.702,4465.867,10580.54,1978.241,4483.496,10839.89,2030.728,4247.741,10810.59,1981.396,4566.253,10874.79,2020.255,4483.189,10736.64,2016.508,4334.788,11040.64,1968.176,4358.01,10489.38,2008.945,4377.903,10922.88,1966.29,4587.411
11002.77,1975.98,4489.284,10872.3,1966.141,4682.511,10916.66,1955.12,4408.213,9399.593,1951.155,4685.88,10644.8,1976.812,4379.205,10828.09,1992.067,4360.083,10768.02,2014.702,4466.048,10580.52,1978.241,4483.704,10839.73,2030.728,4247.603,10810.39,1981.396,4566.201,10874.59,2020.255,4483.25,10736.44,2016.508,4334.735,11040.44,1968.176,4358.071,10489.18,2008.945,4377.955,10922.71,1966.29,4587.526
11002.57,1975.98,4489.336,10872.15,1966.141,4682.652,10916.46,1955.12,4408.271,9399.396,1951.155,4685.814,10644.6,1976.812,4379.164,10827.92,1992.067,4359.97,10767.93,2014.702,4466.232,10580.5,1978.241,4483.91,10839.57,2030.728,4247.47,10810.19,1981.396,4566.142,10874.39,2020.255,4483.312,10736.24,2016.508,4334.687,11040.24,1968.176,4358.126,10488.98,2008.945,4377.989,10922.53,1966.29,4587.637
11002.36,1975.98,4489.382,10871.99,1966.141,4682.788,10916.26,1955.12,4408.326,9399.195,1951.155,4685.755,10644.4,1976.812,4379.118,10827.74,1992.067,4359.862,10767.82,2014.702,4466.414,10580.46,1978.241,4484.116,10839.41,2030.728,4247.342,10809.99,1981.396,4566.077,10874.19,2020.255,4483.379,10736.03,2016.508,4334.645,11040.04,1968.176,4358.175,10488.77,2008.945,4378.03,10922.35,1966.29,4587.741
11002.16,1975.98,4489.421,10871.83,1966.141,4682.918,10916.06,1955.12,4408.384,9398.994,1951.155,4685.703,10644.2,1976.812,4379.067,10827.55,1992.067,4359.76,10767.72,2014.702,4466.593,10580.43,1978.241,4484.32,10839.24,2030.728,4247.22,10809.79,1981.396,4566.005,10873.99,2020.255,4483.453,10735.83,2016.508,4334.607,11039.84,1968.176,4358.239,10488.57,2008.945,4378.063,10922.17,1966.29,4587.84
11001.95,1975.98,4489.454,10871.66,1966.141,4683.043,10915.86,1955.12,4408.447,9398.794,1951.155,4685.646,10643.99,1976.812,4379.011,10827.37,1992.067,4359.662,10767.61,2014.702,4466.771,10580.38,1978.241,4484.523,10839.07,2030.728,4247.103,10809.6,1981.396,4565.928,10873.8,2020.255,4483.532,10735.62,2016.508,4334.575,11039.64,1968.176,4358.305,10488.36,2008.945,4378.102,10921.98,1966.29,4587.933
11001.75,1975.98,4489.48,10871.49,1966.141,4683.162,10915.67,1955.12,4408.515,9398.587,1951.155,4685.621,10643.79,1976.812,4378.951,10827.18,1992.067,4359.57,10767.5,2014.702,4466.946,10580.33,1978.241,4484.725,10838.89,2030.728,4246.991,10809.41,1981.396,4565.845,10873.61,2020.255,4483.618,10735.42,2016.508,4334.548,11039.44,1968.176,4358.364,10488.16,2008.945,4378.143,10921.79,1966.29,4588.019
11001.54,1975.98,4489.5,10871.31,1966.141,4683.276,10915.47,1955.12,4408.587,9398.381,1951.155,4685.588,10643.6,1976.812,4378.886,10826.99,1992.067,4359.482,10767.38,2014.702,4467.12,10580.27,1978.241,4484.925,10838.71,2030.728,4246.885,10809.22,1981.396,4565.755,10873.42,2020.255,4483.708,10735.21,2016.508,4334.525,11039.24,1968.176,4358.416,10487.96,2008.945,4378.191,10921.6,1966.29,4588.1
11001.33,1975.98,4489.525,10871.14,1966.141,4683.395,10915.28,1955.12,4408.656,9398.176,1951.155,4685.549,10643.4,1976.812,4378.817,10826.8,1992.067,4359.401,10767.26,2014.702,4467.29,10580.2,1978.241,4485.123,10838.54,2030.728,4246.773,10809.03,1981.396,4565.672,10873.24,2020.255,4483.803,10735,2016.508,4334.498,11039.04,1968.176,4358.462,10487.75,2008.945,4378.246,10921.41,1966.29,4588.177
11001.13,1975.98,4489.558,10870.98,1966.141,4683.52,10915.08,1955.12,4408.721,9397.973,1951.155,4685.504,10643.21,1976.812,4378.744,10826.61,1992.067,4359.325,10767.14,2014.702,4467.457,10580.13,1978.241,4485.318,10838.37,2030.728,4246.656,10808.83,1981.396,4565.595,10873.05,2020.255,4483.9,10734.8,2016.508,4334.466,11038.84,1968.176,4358.525,10487.55,2008.945,4378.308,10921.21,1966.29,4588.25
11000.92,1975.98,4489.597,10870.81,1966.141,4683.65,10914.88,1955.12,4408.783,9397.771,1951.155,4685.452,10643.01,1976.812,4378.666,10826.41,1992.067,4359.256,10767.01,2014.702,4467.619,10580.05,1978.241,4485.511,10838.2,2030.728,4246.534,10808.64,1981.396,4565.524,10872.87,2020.255,4484,10734.59,2016.508,4334.429,11038.64,1968.176,4358.583,10487.37,2008.945,4378.394,10921.02,1966.29,4588.318
11000.72,1975.98,4489.643,10870.66,1966.141,4683.786,10914.68,1955.12,4408.841,9397.568,1951.155,4685.401,10642.82,1976.812,4378.584,10826.21,1992.067,4359.192,10766.87,2014.702,4467.776,10579.97,1978.241,4485.701,10838.03,2030.728,4246.407,10808.44,1981.396,4565.459,10872.69,2020.255,4484.104,10734.39,2016.508,4334.387,11038.44,1968.176,4358.633,10487.18,2008.945,4378.479,10920.82,1966.29,4588.381
11000.52,1975.98,4489.695,10870.5,1966.141,4683.927,10914.48,1955.12,4408.896,9397.368,1951.155,4685.345,10642.63,1976.812,4378.5,10826.01,1992.067,4359.135,10766.73,2014.702,4467.93,10579.88,1978.241,4485.892,10837.87,2030.728,4246.274,10808.24,1981.396,4565.4,10872.51,2020.255,4484.212,10734.18,2016.508,4334.34,11038.24,1968.176,4358.7,10486.98,2008.945,4378.559,10920.62,1966.29,4588.439
11000.32,1975.98,4489.754,10870.35,1966.141,4684.072,10914.27,1955.12,4408.947,9397.17,1951.155,4685.282,10642.44,1976.812,4378.411,10825.81,1992.067,4359.084,10766.58,2014.702,4468.079,10579.79,1978.241,4486.08,10837.71,2030.728,4246.137,10808.04,1981.396,4565.348,10872.33,2020.255,4484.322,10733.98,2016.508,4334.289,11038.04,1968.176,4358.771,10486.79,2008.945,4378.632,10920.42,1966.29,4588.491
11000.12,1975.98,4489.819,10870.21,1966.141,4684.223,10914.07,1955.12,4408.994,9396.969,1951.155,4685.226,10642.25,1976.812,4378.318,10825.61,1992.067,4359.04,10766.43,2014.702,4468.223,10579.7,1978.241,4486.265,10837.56,2030.728,4245.996,10807.83,1981.396,4565.302,10872.16,2020.255,4484.436,10733.78,2016.508,4334.233,11037.84,1968.176,4358.835,10486.59,2008.945,4378.699,10920.21,1966.29,4588.536
10999.92,1975.98,4489.89,10870.07,1966.141,4684.377,10913.87,1955.12,4409.038,9396.77,1951.155,4685.164,10642.07,1976.812,4378.231,10825.4,1992.067,4359.002,10766.28,2014.702,4468.362,10579.59,1978.241,4486.447,10837.41,2030.728,4245.85,10807.63,1981.396,4565.263,10871.99,2020.255,4484.553,10733.58,2016.508,4334.173,11037.64,1968.176,4358.895,10486.39,2008.945,4378.768,10920.01,1966.29,4588.576
10999.73,1975.98,4489.968,10869.94,1966.141,4684.537,10913.66,1955.12,4409.077,9396.573,1951.155,4685.095,10641.87,1976.812,4378.15,10825.2,1992.067,4358.97,10766.12,2014.702,4468.496,10579.49,1978.241,4486.625,10837.27,2030.728,4245.699,10807.42,1981.396,4565.229,10871.82,2020.255,4484.674,10733.38,2016.508,4334.108,11037.44,1968.176,4358.949,10486.2,2008.945,4378.836,10919.8,1966.29,4588.608
10999.54,1975.98,4490.052,10869.81,1966.141,4684.701,10913.46,1955.12,4409.113,9396.379,1951.155,4685.02,10641.68,1976.812,4378.074,10824.99,1992.067,4358.945,10765.96,2014.702,4468.624,10579.37,1978.241,4486.799,10837.13,2030.728,4245.544,10807.22,1981.396,4565.203,10871.65,2020.255,4484.798,10733.19,2016.508,4334.039,11037.24,1968.176,4358.997,10486,2008.945,4378.898,10919.59,1966.29,4588.635
10999.35,1975.98,4490.142,10869.68,1966.141,4684.869,10913.25,1955.12,4409.145,9396.183,1951.155,4684.951,10641.48,1976.812,4378.004,10824.78,1992.067,4358.926,10765.79,2014.702,4468.747,10579.25,1978.241,4486.97,10837,2030.728,4245.386,10807.01,1981.396,4565.182,10871.49,2020.255,4484.925,10732.99,2016.508,4333.965,11037.04,1968.176,4359.06,10485.8,2008.945,4378.967,10919.39,1966.29,4588.655
10999.17,1975.98,4490.237,10869.57,1966.141,4685.041,10913.05,1955.12,4409.172,9395.988,1951.155,4684.875,10641.29,1976.812,4377.939,10824.58,1992.067,4358.913,10765.62,2014.702,4468.865,10579.13,1978.241,4487.137,10836.87,2030.728,4245.223,10806.8,1981.396,4565.168,10871.32,2020.255,4485.056,10732.8,2016.508,4333.887,11036.84,1968.176,4359.117,10485.6,2008.945,4379.029,10919.18,1966.29,4588.668
10998.98,1975.98,4490.339,10869.44,1966.141,4685.209,10912.84,1955.12,4409.196,9395.797,1951.155,4684.794,10641.08,1976.812,4377.88,10824.37,1992.067,4358.907,10765.44,2014.702,4468.977,10579,1978.241,4487.299,10836.74,2030.728,4245.057,10806.59,1981.396,4565.16,10871.17,2020.255,4485.19,10732.61,2016.508,4333.804,11036.64,1968.176,4359.167,10485.4,2008.945,4379.084,10918.97,1966.29,4588.675
10998.8,1975.98,4490.435,10869.32,1966.141,4685.376,10912.63,1955.12,4409.219,9395.618,1951.155,4684.688,10640.88,1976.812,4377.827,10824.16,1992.067,4358.895,10765.26,2014.702,4469.083,10578.86,1978.241,4487.458,10836.61,2030.728,4244.894,10806.39,1981.396,4565.159,10871.01,2020.255,4485.328,10732.42,2016.508,4333.717,11036.44,1968.176,4359.211,10485.2,2008.945,4379.146,10918.76,1966.29,4588.675
10998.61,1975.98,4490.524,10869.2,1966.141,4685.548,10912.42,1955.12,4409.241,9395.436,1951.155,4684.587,10640.68,1976.812,4377.78,10823.95,1992.067,4358.876,10765.08,2014.702,4469.184,10578.72,1978.241,4487.611,10836.47,2030.728,4244.736,10806.18,1981.396,4565.164,10870.86,2020.255,4485.469,10732.23,2016.508,4333.626,11036.23,1968.176,4359.267,10485,2008.945,4379.201,10918.56,1966.29,4588.668
10998.42,1975.98,4490.608,10869.09,1966.141,4685.723,10912.22,1955.12,4409.263,9395.25,1951.155,4684.493,10640.48,1976.812,4377.738,10823.75,1992.067,4358.852,10764.89,2014.702,4469.279,10578.58,1978.241,4487.76,10836.33,2030.728,4244.583,10805.97,1981.396,4565.175,10870.71,2020.255,4485.613,10732.05,2016.508,4333.531,11036.04,1968.176,4359.33,10484.8,2008.945,4379.263,10918.35,1966.29,4588.654
10998.23,1975.98,4490.685,10868.98,1966.141,4685.901,10912.01,1955.12,4409.283,9395.062,1951.155,4684.404,10640.27,1976.812,4377.702,10823.54,1992.067,4358.821,10764.7,2014.702,4469.367,10578.43,1978.241,4487.904,10836.19,2030.728,4244.434,10805.76,1981.396,4565.192,10870.56,2020.255,4485.761,10731.86,2016.508,4333.432,11035.84,1968.176,4359.403,10484.6,2008.945,4379.318,10918.14,1966.29,4588.634
10998.03,1975.98,4490.756,10868.87,1966.141,4686.079,10911.8,1955.12,4409.303,9394.87,1951.155,4684.322,10640.07,1976.812,4377.671,10823.33,1992.067,4358.784,10764.51,2014.702,4469.45,10578.27,1978.241,4488.043,10836.04,2030.728,4244.29,10805.56,1981.396,4565.216,10870.41,2020.255,4485.912,10731.68,2016.508,4333.329,11035.64,1968.176,4359.469,10484.4,2008.945,4379.38,10917.93,1966.29,4588.606
10997.83,1975.98,4490.82,10868.77,1966.141,4686.26,10911.6,1955.12,4409.322,9394.676,1951.155,4684.247,10639.86,1976.812,4377.646,10823.13,1992.067,4358.74,10764.32,2014.702,4469.526,10578.11,1978.241,4488.177,10835.88,2030.728,4244.15,10805.35,1981.396,4565.246,10870.27,2020.255,4486.065,10731.5,2016.508,4333.222,11035.44,1968.176,4359.529,10484.21,2008.945,4379.466,10917.73,1966.29,4588.572
10997.63,1975.98,4490.878,10868.67,1966.141,4686.444,10911.39,1955.12,4409.34,9394.479,1951.155,4684.177,10639.65,1976.812,4377.626,10822.93,1992.067,4358.691,10764.12,2014.702,4469.596,10577.95,1978.241,4488.306,10835.72,2030.728,4244.017,10805.14,1981.396,4565.282,10870.14,2020.255,4486.223,10731.33,2016.508,4333.111,11035.24,1968.176,4359.583,10484.02,2008.945,4379.545,10917.53,1966.29,4588.531
10997.43,1975.98,4490.93,10868.56,1966.141,4686.621,10911.18,1955.12,4409.357,9394.281,1951.155,4684.114,10639.44,1976.812,4377.612,10822.73,1992.067,4358.635,10763.92,2014.702,4469.659,10577.78,1978.241,4488.429,10835.56,2030.728,4243.888,10804.94,1981.396,4565.325,10870,2020.255,4486.383,10731.15,2016.508,4332.997,11035.04,1968.176,4359.63,10483.82,2008.945,4379.618,10917.32,1966.29,4588.484
10997.23,1975.98,4490.975,10868.46,1966.141,4686.8,10910.97,1955.12,4409.374,9394.081,1951.155,4684.058,10639.24,1976.812,4377.604,10822.53,1992.067,4358.574,10763.72,2014.702,4469.716,10577.61,1978.241,4488.547,10835.39,2030.728,4243.765,10804.74,1981.396,4565.373,10869.88,2020.255,4486.546,10730.98,2016.508,4332.879,11034.84,1968.176,4359.68,10483.63,2008.945,4379.699,10917.12,1966.29,4588.43
10997.02,1975.98,4491.013,10868.36,1966.141,4686.983,10910.77,1955.12,4409.389,9393.879,1951.155,4684.008,10639.03,1976.812,4377.6,10822.33,1992.067,4358.506,10763.52,2014.702,4469.767,10577.43,1978.241,4488.659,10835.22,2030.728,4243.647,10804.54,1981.396,4565.427,10869.75,2020.255,4486.712,10730.81,2016.508,4332.757,11034.63,1968.176,4359.723,10483.44,2008.945,4379.777,10916.92,1966.29,4588.369
10996.82,1975.98,4491.044,10868.24,1966.141,4687.158,10910.56,1955.12,4409.402,9393.675,1951.155,4683.965,10638.82,1976.812,4377.602,10822.13,1992.067,4358.432,10763.32,2014.702,4469.811,10577.25,1978.241,4488.765,10835.04,2030.728,4243.536,10804.34,1981.396,4565.487,10869.63,2020.255,4486.882,10730.65,2016.508,4332.632,11034.43,1968.176,4359.759,10483.24,2008.945,4379.849,10916.72,1966.29,4588.302
10996.61,1975.98,4491.069,10868.13,1966.141,4687.337,10910.35,1955.12,4409.415,9393.47,1951.155,4683.929,10638.61,1976.812,4377.608,10821.94,1992.067,4358.353,10763.11,2014.702,4469.849,10577.07,1978.241,4488.865,10834.86,2030.728,4243.43,10804.14,1981.396,4565.553,10869.51,2020.255,4487.054,10730.48,2016.508,4332.504,11034.22,1968.176,4359.773,10483.05,2008.945,4379.932,10916.53,1966.29,4588.229
10996.4,1975.98,4491.088,10868.03,1966.141,4687.519,10910.14,1955.12,4409.427,9393.264,1951.155,4683.899,10638.4,1976.812,4377.62,10821.75,1992.067,4358.267,10762.91,2014.702,4469.879,10576.88,1978.241,4488.959,10834.68,2030.728,4243.33,10803.95,1981.396,4565.625,10869.4,2020.255,4487.229,10730.32,2016.508,4332.373,11034.01,1968.176,4359.795,10482.86,2008.945,4380.009,10916.34,1966.29,4588.149
10996.2,1975.98,4491.109,10867.94,1966.141,4687.704,10909.93,1955.12,4409.437,9393.057,1951.155,4683.876,10638.2,1976.812,4377.637,10821.56,1992.067,4358.176,10762.7,2014.702,4469.904,10576.7,1978.241,4489.048,10834.5,2030.728,4243.235,10803.75,1981.396,4565.702,10869.29,2020.255,4487.406,10730.16,2016.508,4332.238,11033.81,1968.176,4359.822,10482.66,2008.945,4380.08,10916.15,1966.29,4588.063
10995.99,1975.98,4491.125,10867.84,1966.141,4687.886,10909.73,1955.12,4409.452,9392.849,1951.155,4683.86,10637.99,1976.812,4377.649,10821.38,1992.067,4358.081,10762.49,2014.702,4469.935,10576.5,1978.241,4489.13,10834.31,2030.728,4243.147,10803.56,1981.396,4565.773,10869.17,2020.255,4487.581,10730,2016.508,4332.107,11033.6,1968.176,4359.856,10482.46,2008.945,4380.144,10915.96,1966.29,4587.984
10995.78,1975.98,4491.133,10867.73,1966.141,4688.065,10909.52,1955.12,4409.471,9392.641,1951.155,4683.851,10637.78,1976.812,4377.659,10821.2,1992.067,4357.983,10762.29,2014.702,4469.972,10576.31,1978.241,4489.206,10834.12,2030.728,4243.065,10803.36,1981.396,4565.838,10869.06,2020.255,4487.752,10729.83,2016.508,4331.981,11033.4,1968.176,4359.896,10482.26,2008.945,4380.202,10915.76,1966.29,4587.911
10995.57,1975.98,4491.135,10867.62,1966.141,4688.24,10909.31,1955.12,4409.494,9392.433,1951.155,4683.848,10637.57,1976.812,4377.664,10821.01,1992.067,4357.881,10762.09,2014.702,4470.016,10576.11,1978.241,4489.275,10833.92,2030.728,4242.989,10803.16,1981.396,4565.898,10868.93,2020.255,4487.92,10729.66,2016.508,4331.86,11033.2,1968.176,4359.956,10482.06,2008.945,4380.253,10915.56,1966.29,4587.844
10995.36,1975.98,4491.13,10867.5,1966.141,4688.411,10909.11,1955.12,4409.522,9392.225,1951.155,4683.853,10637.36,1976.812,4377.666,10820.83,1992.067,4357.775,10761.88,2014.702,4470.067,10575.92,1978.241,4489.338,10833.72,2030.728,4242.919,10802.96,1981.396,4565.952,10868.8,2020.255,4488.084,10729.49,2016.508,4331.744,11033,1968.176,4360.014,10481.85,2008.945,4380.276,10915.36,1966.29,4587.783
10994.96,1975.98,4491.108,10867.26,1966.141,4688.735,10908.71,1955.12,4409.584,9391.822,1951.155,4683.874,10636.96,1976.812,4377.66,10820.49,1992.067,4357.562,10761.5,2014.702,4470.177,10575.53,1978.241,4489.447,10833.34,2030.728,4242.796,10802.57,1981.396,4566.044,10868.55,2020.255,4488.396,10729.15,2016.508,4331.526,11032.61,1968.176,4360.115,10481.45,2008.945,4380.333,10914.97,1966.29,4587.679
10994.75,1975.98,4491.091,10867.13,1966.141,4688.898,10908.5,1955.12,4409.62,9391.614,1951.155,4683.892,10636.75,1976.812,4377.653,10820.32,1992.067,4357.448,10761.3,2014.702,4470.241,10575.33,1978.241,4489.497,10833.14,2030.728,4242.739,10802.36,1981.396,4566.085,10868.41,2020.255,4488.553,10728.97,2016.508,4331.417,11032.4,1968.176,4360.16,10481.25,2008.945,4380.369,10914.77,1966.29,4587.631
10994.53,1975.98,4491.079,10866.99,1966.141,4689.077,10908.28,1955.12,4409.659,9391.393,1951.155,4683.918,10636.53,1976.812,4377.651,10820.14,1992.067,4357.32,10761.08,2014.702,4470.302,10575.11,1978.241,4489.542,10832.92,2030.728,4242.685,10802.14,1981.396,4566.136,10868.27,2020.255,4488.725,10728.79,2016.508,4331.298,11032.19,1968.176,4360.224,10481.03,2008.945,4380.415,10914.55,1966.29,4587.574
10994.3,1975.98,4491.074,10866.86,1966.141,4689.265,10908.06,1955.12,4409.698,9391.167,1951.155,4683.953,10636.3,1976.812,4377.655,10819.95,1992.067,4357.183,10760.86,2014.702,4470.357,10574.88,1978.241,4489.584,10832.7,2030.728,4242.636,10801.92,1981.396,4566.195,10868.13,2020.255,4488.904,10728.6,2016.508,4331.171,11031.97,1968.176,4360.281,10480.81,2008.945,4380.469,10914.34,1966.29,4587.507
10994.09,1975.98,4491.076,10866.75,1966.141,4689.44,10907.85,1955.12,4409.733,9390.962,1951.155,4683.991,10636.09,1976.812,4377.664,10819.79,1992.067,4357.053,10760.66,2014.702,4470.401,10574.68,1978.241,4489.628,10832.5,2030.728,4242.599,10801.72,1981.396,4566.254,10868,2020.255,4489.071,10728.43,2016.508,4331.052,11031.77,1968.176,4360.337,10480.61,2008.945,4380.517,10914.14,1966.29,4587.44
10993.88,1975.98,4491.067,10866.64,1966.141,4689.629,10907.64,1955.12,4409.771,9390.747,1951.155,4684.039,10635.87,1976.812,4377.678,10819.62,1992.067,4356.911,10760.44,2014.702,4470.441,10574.46,1978.241,4489.673,10832.28,2030.728,4242.566,10801.52,1981.396,4566.323,10867.88,2020.255,4489.25,10728.25,2016.508,4330.922,11031.56,1968.176,4360.407,10480.39,2008.945,4380.574,10913.93,1966.29,4587.363
10993.61,1975.98,4491.029,10866.51,1966.141,4689.86,10907.38,1955.12,4409.815,9390.49,1951.155,4684.104,10635.61,1976.812,4377.701,10819.43,1992.067,4356.733,10760.18,2014.702,4470.48,10574.21,1978.241,4489.728,10832.01,2030.728,4242.536,10801.27,1981.396,4566.413,10867.73,2020.255,4489.469,10728.04,2016.508,4330.761,11031.31,1968.176,4360.483,10480.14,2008.945,4380.65,10913.69,1966.29,4587.262
10993.41,1975.98,4491.006,10866.41,1966.141,4690.045,10907.17,1955.12,4409.85,9390.29,1951.155,4684.162,10635.4,1976.812,4377.725,10819.28,1992.067,4356.588,10759.97,2014.702,4470.505,10574,1978.241,4489.765,10831.81,2030.728,4242.519,10801.07,1981.396,4566.489,10867.61,2020.255,4489.645,10727.88,2016.508,4330.631,11031.1,1968.176,4360.536,10479.94,2008.945,4380.703,10913.5,1966.29,4587.176
10993.16,1975.98,4490.973,10866.3,1966.141,4690.271,10906.92,1955.12,4409.886,9390.053,1951.155,4684.24,10635.16,1976.812,4377.758,10819.09,1992.067,4356.42,10759.72,2014.702,4470.526,10573.75,1978.241,4489.8,10831.56,2030.728,4242.491,10800.84,1981.396,4566.587,10867.48,2020.255,4489.856,10727.68,2016.508,4330.472,11030.87,1968.176,4360.62,10479.69,2008.945,4380.751,10913.27,1966.29,4587.076
10992.95,1975.98,4490.94,10866.19,1966.141,4690.446,10906.72,1955.12,4409.913,9389.856,1951.155,4684.311,10634.95,1976.812,4377.79,10818.93,1992.067,4356.285,10759.52,2014.702,4470.537,10573.55,1978.241,4489.837,10831.35,2030.728,4242.461,10800.65,1981.396,4566.674,10867.37,2020.255,4490.033,10727.53,2016.508,4330.335,11030.67,1968.176,4360.684,10479.49,2008.945,4380.798,10913.08,1966.29,4586.996
10992.75,1975.98,4490.902,10866.09,1966.141,4690.625,10906.51,1955.12,4409.935,9389.663,1951.155,4684.388,10634.74,1976.812,4377.827,10818.77,1992.067,4356.155,10759.31,2014.702,4470.542,10573.34,1978.241,4489.867,10831.15,2030.728,4242.424,10800.47,1981.396,4566.766,10867.26,2020.255,4490.211,10727.37,2016.508,4330.196,11030.47,1968.176,4360.741,10479.28,2008.945,4380.828,10912.88,1966.29,4586.918
10992.54,1975.98,4490.857,10865.97,1966.141,4690.809,10906.29,1955.12,4409.954,9389.465,1951.155,4684.475,10634.53,1976.812,4377.869,10818.6,1992.067,4356.025,10759.09,2014.702,4470.539,10573.13,1978.241,4489.905,10830.93,2030.728,4242.38,10800.28,1981.396,4566.867,10867.15,2020.255,4490.397,10727.21,2016.508,4330.049,11030.26,1968.176,4360.793,10479.07,2008.945,4380.865,10912.68,1966.29,4586.841
10992.33,1975.98,4490.809,10865.87,1966.141,4690.989,10906.09,1955.12,4409.968,9389.277,1951.155,4684.565,10634.33,1976.812,4377.913,10818.43,1992.067,4355.905,10758.88,2014.702,4470.53,10572.92,1978.241,4489.935,10830.73,2030.728,4242.331,10800.09,1981.396,4566.968,10867.05,2020.255,4490.577,10727.06,2016.508,4329.904,11030.06,1968.176,4360.848,10478.87,2008.945,4380.907,10912.49,1966.29,4586.77
10992.13,1975.98,4490.754,10865.77,1966.141,4691.172,10905.88,1955.12,4409.978,9389.093,1951.155,4684.661,10634.13,1976.812,4377.961,10818.25,1992.067,4355.79,10758.68,2014.702,4470.515,10572.72,1978.241,4489.971,10830.53,2030.728,4242.276,10799.92,1981.396,4567.074,10866.95,2020.255,4490.758,10726.92,2016.508,4329.756,11029.86,1968.176,4360.895,10478.66,2008.945,4380.933,10912.29,1966.29,4586.702
10991.93,1975.98,4490.694,10865.67,1966.141,4691.358,10905.67,1955.12,4409.983,9388.911,1951.155,4684.763,10633.92,1976.812,4378.013,10818.08,1992.067,4355.68,10758.47,2014.702,4470.493,10572.51,1978.241,4490.008,10830.33,2030.728,4242.214,10799.74,1981.396,4567.185,10866.85,2020.255,4490.94,10726.77,2016.508,4329.605,11029.65,1968.176,4360.938,10478.45,2008.945,4380.96,10912.09,1966.29,4586.637
10991.74,1975.98,4490.628,10865.58,1966.141,4691.543,10905.46,1955.12,4409.985,9388.733,1951.155,4684.871,10633.72,1976.812,4378.068,10817.9,1992.067,4355.575,10758.26,2014.702,4470.464,10572.31,1978.241,4490.05,10830.13,2030.728,4242.147,10799.56,1981.396,4567.299,10866.75,2020.255,4491.124,10726.63,2016.508,4329.452,11029.45,1968.176,4360.983,10478.25,2008.945,4380.99,10911.89,1966.29,4586.576
10991.54,1975.98,4490.557,10865.49,1966.141,4691.731,10905.25,1955.12,4409.982,9388.559,1951.155,4684.985,10633.52,1976.812,4378.127,10817.71,1992.067,4355.477,10758.06,2014.702,4470.429,10572.1,1978.241,4490.09,10829.94,2030.728,4242.073,10799.39,1981.396,4567.418,10866.65,2020.255,4491.308,10726.49,2016.508,4329.296,11029.25,1968.176,4361.045,10478.04,2008.945,4381.026,10911.69,1966.29,4586.519
10991.35,1975.98,4490.479,10865.4,1966.141,4691.922,10905.05,1955.12,4409.975,9388.388,1951.155,4685.104,10633.32,1976.812,4378.188,10817.53,1992.067,4355.383,10757.85,2014.702,4470.387,10571.9,1978.241,4490.126,10829.75,2030.728,4241.994,10799.22,1981.396,4567.54,10866.55,2020.255,4491.493,10726.36,2016.508,4329.138,11029.05,1968.176,4361.107,10477.84,2008.945,4381.069,10911.49,1966.29,4586.466
10991.15,1975.98,4490.407,10865.31,1966.141,4692.109,10904.84,1955.12,4409.963,9388.221,1951.155,4685.229,10633.13,1976.812,4378.253,10817.34,1992.067,4355.296,10757.65,2014.702,4470.339,10571.69,1978.241,4490.155,10829.56,2030.728,4241.908,10799.06,1981.396,4567.666,10866.46,2020.255,4491.679,10726.22,2016.508,4328.978,11028.85,1968.176,4361.164,10477.63,2008.945,4381.089,10911.29,1966.29,4586.409
10990.96,1975.98,4490.341,10865.23,1966.141,4692.299,10904.63,1955.12,4409.947,9388.058,1951.155,4685.359,10632.93,1976.812,4378.32,10817.14,1992.067,4355.214,10757.45,2014.702,4470.285,10571.49,1978.241,4490.175,10829.37,2030.728,4241.817,10798.89,1981.396,4567.794,10866.37,2020.255,4491.866,10726.09,2016.508,4328.815,11028.65,1968.176,4361.213,10477.42,2008.945,4381.116,10911.09,1966.29,4586.348
10990.76,1975.98,4490.281,10865.15,1966.141,4692.492,10904.42,1955.12,4409.926,9387.899,1951.155,4685.495,10632.73,1976.812,4378.389,10816.95,1992.067,4355.139,10757.25,2014.702,4470.225,10571.28,1978.241,4490.202,10829.18,2030.728,4241.72,10798.73,1981.396,4567.926,10866.28,2020.255,4492.054,10725.97,2016.508,4328.65,11028.45,1968.176,4361.256,10477.22,2008.945,4381.15,10910.89,1966.29,4586.283
10990.56,1975.98,4490.228,10865.09,1966.141,4692.691,10904.22,1955.12,4409.901,9387.746,1951.155,4685.635,10632.54,1976.812,4378.461,10816.75,1992.067,4355.069,10757.05,2014.702,4470.159,10571.07,1978.241,4490.208,10829,2030.728,4241.617,10798.57,1981.396,4568.061,10866.19,2020.255,4492.243,10725.84,2016.508,4328.483,11028.24,1968.176,4361.301,10477.01,2008.945,4381.19,10910.7,1966.29,4586.213
10990.36,1975.98,4490.168,10865.02,1966.141,4692.888,10904.01,1955.12,4409.881,9387.597,1951.155,4685.781,10632.34,1976.812,4378.53,10816.56,1992.067,4354.998,10756.85,2014.702,4470.099,10570.86,1978.241,4490.222,10828.82,2030.728,4241.521,10798.41,1981.396,4568.191,10866.1,2020.255,4492.431,10725.71,2016.508,4328.32,11028.04,1968.176,4361.347,10476.81,2008.945,4381.237,10910.5,1966.29,4586.149
10990.16,1975.98,4490.104,10864.94,1966.141,4693.082,10903.8,1955.12,4409.865,9387.452,1951.155,4685.931,10632.14,1976.812,4378.596,10816.36,1992.067,4354.926,10756.65,2014.702,4470.045,10570.66,1978.241,4490.236,10828.63,2030.728,4241.43,10798.25,1981.396,4568.317,10866.01,2020.255,4492.617,10725.58,2016.508,4328.161,11027.84,1968.176,4361.411,10476.6,2008.945,4381.269,10910.3,1966.29,4586.09
10989.96,1975.98,4490.034,10864.86,1966.141,4693.274,10903.59,1955.12,4409.854,9387.313,1951.155,4686.086,10631.95,1976.812,4378.658,10816.17,1992.067,4354.852,10756.45,2014.702,4469.998,10570.45,1978.241,4490.258,10828.44,2030.728,4241.345,10798.08,1981.396,4568.439,10865.91,2020.255,4492.801,10725.44,2016.508,4328.005,11027.64,1968.176,4361.468,10476.4,2008.945,4381.308,10910.1,1966.29,4586.036
10989.77,1975.98,4489.96,10864.78,1966.141,4693.463,10903.38,1955.12,4409.849,9387.179,1951.155,4686.246,10631.75,1976.812,4378.717,10815.97,1992.067,4354.775,10756.25,2014.702,4469.957,10570.24,1978.241,4490.269,10828.25,2030.728,4241.266,10797.91,1981.396,4568.557,10865.81,2020.255,4492.983,10725.3,2016.508,4327.854,11027.44,1968.176,4361.521,10476.2,2008.945,4381.354,10909.89,1966.29,4585.986
10989.57,1975.98,4489.883,10864.68,1966.141,4693.649,10903.18,1955.12,4409.847,9387.05,1951.155,4686.409,10631.54,1976.812,4378.773,10815.78,1992.067,4354.697,10756.04,2014.702,4469.922,10570.03,1978.241,4490.269,10828.05,2030.728,4241.193,10797.73,1981.396,4568.67,10865.71,2020.255,4493.164,10725.15,2016.508,4327.708,11027.24,1968.176,4361.567,10475.99,2008.945,4381.394,10909.69,1966.29,4585.941
10989.38,1975.98,4489.802,10864.58,1966.141,4693.832,10902.97,1955.12,4409.851,9386.927,1951.155,4686.577,10631.34,1976.812,4378.825,10815.59,1992.067,4354.617,10755.83,2014.702,4469.895,10569.82,1978.241,4490.276,10827.86,2030.728,4241.126,10797.55,1981.396,4568.779,10865.6,2020.255,4493.343,10725,2016.508,4327.565,11027.03,1968.176,4361.609,10475.79,2008.945,4381.417,10909.49,1966.29,4585.9
10989.19,1975.98,4489.725,10864.48,1966.141,4694.012,10902.76,1955.12,4409.858,9386.809,1951.155,4686.749,10631.14,1976.812,4378.873,10815.4,1992.067,4354.535,10755.63,2014.702,4469.873,10569.62,1978.241,4490.291,10827.66,2030.728,4241.066,10797.37,1981.396,4568.882,10865.49,2020.255,4493.52,10724.84,2016.508,4327.427,11026.83,1968.176,4361.645,10475.58,2008.945,4381.447,10909.28,1966.29,4585.863
10988.99,1975.98,4489.65,10864.38,1966.141,4694.195,10902.55,1955.12,4409.863,9386.696,1951.155,4686.925,10630.94,1976.812,4378.916,10815.21,1992.067,4354.448,10755.42,2014.702,4469.851,10569.41,1978.241,4490.311,10827.46,2030.728,4241,10797.2,1981.396,4568.99,10865.38,2020.255,4493.696,10724.68,2016.508,4327.292,11026.62,1968.176,4361.674,10475.37,2008.945,4381.483,10909.08,1966.29,4585.83
10988.8,1975.98,4489.581,10864.28,1966.141,4694.379,10902.34,1955.12,4409.865,9386.59,1951.155,4687.104,10630.73,1976.812,4378.954,10815.02,1992.067,4354.358,10755.21,2014.702,4469.829,10569.2,1978.241,4490.338,10827.26,2030.728,4240.927,10797.02,1981.396,4569.103,10865.27,2020.255,4493.872,10724.52,2016.508,4327.162,11026.41,1968.176,4361.696,10475.17,2008.945,4381.527,10908.87,1966.29,4585.802
10988.6,1975.98,4489.518,10864.17,1966.141,4694.556,10902.14,1955.12,4409.864,9386.489,1951.155,4687.287,10630.53,1976.812,4378.986,10814.83,1992.067,4354.264,10755.01,2014.702,4469.807,10569,1978.241,4490.373,10827.07,2030.728,4240.848,10796.85,1981.396,4569.219,10865.16,2020.255,4494.047,10724.36,2016.508,4327.035,11026.21,1968.176,4361.711,10474.97,2008.945,4381.577,10908.66,1966.29,4585.779
10988.4,1975.98,4489.461,10864.06,1966.141,4694.735,10901.93,1955.12,4409.86,9386.395,1951.155,4687.472,10630.32,1976.812,4379.013,10814.65,1992.067,4354.165,10754.8,2014.702,4469.784,10568.79,1978.241,4490.414,10826.88,2030.728,4240.763,10796.68,1981.396,4569.339,10865.04,2020.255,4494.221,10724.19,2016.508,4326.911,11026,1968.176,4361.719,10474.76,2008.945,4381.618,10908.46,1966.29,4585.76
10988.2,1975.98,4489.411,10863.96,1966.141,4694.914,10901.72,1955.12,4409.854,9386.307,1951.155,4687.661,10630.11,1976.812,4379.034,10814.47,1992.067,4354.063,10754.59,2014.702,4469.76,10568.59,1978.241,4490.461,10826.69,2030.728,4240.671,10796.51,1981.396,4569.463,10864.93,2020.255,4494.395,10724.02,2016.508,4326.792,11025.79,1968.176,4361.721,10474.56,2008.945,4381.666,10908.25,1966.29,4585.747
10987.99,1975.98,4489.368,10863.85,1966.141,4695.096,10901.51,1955.12,4409.845,9386.225,1951.155,4687.852,10629.9,1976.812,4379.05,10814.29,1992.067,4353.956,10754.38,2014.702,4469.736,10568.39,1978.241,4490.515,10826.51,2030.728,4240.574,10796.34,1981.396,4569.59,10864.81,2020.255,4494.568,10723.84,2016.508,4326.675,11025.58,1968.176,4361.715,10474.36,2008.945,4381.709,10908.04,1966.29,4585.738
10987.79,1975.98,4489.331,10863.76,1966.141,4695.28,10901.3,1955.12,4409.833,9386.148,1951.155,4688.046,10629.7,1976.812,4379.061,10814.11,1992.067,4353.846,10754.18,2014.702,4469.712,10568.19,1978.241,4490.576,10826.33,2030.728,4240.471,10796.18,1981.396,4569.72,10864.7,2020.255,4494.741,10723.67,2016.508,4326.563,11025.37,1968.176,4361.703,10474.15,2008.945,4381.76,10907.83,1966.29,4585.734
10987.58,1975.98,4489.288,10863.65,1966.141,4695.46,10901.1,1955.12,4409.825,9386.079,1951.155,4688.242,10629.49,1976.812,4379.067,10813.94,1992.067,4353.731,10753.97,2014.702,4469.695,10567.99,1978.241,4490.63,10826.14,2030.728,4240.374,10796.02,1981.396,4569.847,10864.58,2020.255,4494.912,10723.49,2016.508,4326.455,11025.17,1968.176,4361.698,10473.95,2008.945,4381.816,10907.62,1966.29,4585.73
10987.38,1975.98,4489.239,10863.54,1966.141,4695.638,10900.89,1955.12,4409.822,9386.017,1951.155,4688.441,10629.28,1976.812,4379.068,10813.77,1992.067,4353.612,10753.76,2014.702,4469.684,10567.79,1978.241,4490.677,10825.96,2030.728,4240.283,10795.85,1981.396,4569.969,10864.46,2020.255,4495.081,10723.31,2016.508,4326.351,11024.96,1968.176,4361.699,10473.77,2008.945,4381.907,10907.42,1966.29,4585.728
10987.18,1975.98,4489.185,10863.43,1966.141,4695.811,10900.68,1955.12,4409.824,9385.96,1951.155,4688.642,10629.07,1976.812,4379.064,10813.6,1992.067,4353.489,10753.55,2014.702,4469.68,10567.58,1978.241,4490.721,10825.77,2030.728,4240.197,10795.67,1981.396,4570.087,10864.33,2020.255,4495.248,10723.13,2016.508,4326.25,11024.75,1968.176,4361.708,10473.58,2008.945,4381.991,10907.21,1966.29,4585.725
10986.98,1975.98,4489.124,10863.31,1966.141,4695.98,10900.47,1955.12,4409.831,9385.91,1951.155,4688.844,10628.86,1976.812,4379.055,10813.44,1992.067,4353.362,10753.35,2014.702,4469.683,10567.38,1978.241,4490.758,10825.57,2030.728,4240.118,10795.5,1981.396,4570.201,10864.21,2020.255,4495.414,10722.94,2016.508,4326.154,11024.54,1968.176,4361.723,10473.38,2008.945,4382.068,10907,1966.29,4585.723
10986.78,1975.98,4489.058,10863.18,1966.141,4696.146,10900.26,1955.12,4409.841,9385.867,1951.155,4689.047,10628.66,1976.812,4379.041,10813.28,1992.067,4353.23,10753.14,2014.702,4469.692,10567.17,1978.241,4490.805,10825.38,2030.728,4240.045,10795.32,1981.396,4570.31,10864.08,2020.255,4495.577,10722.76,2016.508,4326.062,11024.33,1968.176,4361.742,10473.19,2008.945,4382.141,10906.79,1966.29,4585.722
10986.59,1975.98,4488.987,10863.05,1966.141,4696.307,10900.06,1955.12,4409.856,9385.831,1951.155,4689.252,10628.45,1976.812,4379.022,10813.12,1992.067,4353.094,10752.93,2014.702,4469.708,10566.97,1978.241,4490.859,10825.18,2030.728,4239.978,10795.14,1981.396,4570.414,10863.95,2020.255,4495.739,10722.57,2016.508,4325.972,11024.13,1968.176,4361.768,10472.99,2008.945,4382.207,10906.58,1966.29,4585.721
10986.39,1975.98,4488.911,10862.91,1966.141,4696.464,10899.85,1955.12,4409.876,9385.802,1951.155,4689.458,10628.24,1976.812,4378.998,10812.96,1992.067,4352.954,10752.72,2014.702,4469.73,10566.77,1978.241,4490.907,10824.98,2030.728,4239.917,10794.96,1981.396,4570.513,10863.82,2020.255,4495.899,10722.38,2016.508,4325.886,11023.92,1968.176,4361.8,10472.8,2008.945,4382.289,10906.38,1966.29,4585.72
10986.2,1975.98,4488.836,10862.78,1966.141,4696.625,10899.64,1955.12,4409.893,9385.779,1951.155,4689.666,10628.04,1976.812,4378.968,10812.81,1992.067,4352.81,10752.51,2014.702,4469.748,10566.57,1978.241,4490.962,10824.78,2030.728,4239.851,10794.78,1981.396,4570.617,10863.68,2020.255,4496.059,10722.19,2016.508,4325.802,11023.71,1968.176,4361.826,10472.6,2008.945,4382.364,10906.17,1966.29,4585.725
10986,1975.98,4488.767,10862.65,1966.141,4696.791,10899.43,1955.12,4409.906,9385.763,1951.155,4689.873,10627.83,1976.812,4378.934,10812.67,1992.067,4352.662,10752.31,2014.702,4469.761,10566.37,1978.241,4491.023,10824.59,2030.728,4239.777,10794.6,1981.396,4570.726,10863.55,2020.255,4496.218,10722,2016.508,4325.722,11023.51,1968.176,4361.845,10472.41,2008.945,4382.447,10905.96,1966.29,4585.734
10985.81,1975.98,4488.703,10862.53,1966.141,4696.96,10899.23,1955.12,4409.917,9385.753,1951.155,4690.081,10627.63,1976.812,4378.896,10812.52,1992.067,4352.511,10752.1,2014.702,4469.77,10566.17,1978.241,4491.09,10824.4,2030.728,4239.698,10794.42,1981.396,4570.838,10863.41,2020.255,4496.376,10721.8,2016.508,4325.644,11023.3,1968.176,4361.857,10472.22,2008.945,4382.524,10905.75,1966.29,4585.749
10985.61,1975.98,4488.645,10862.42,1966.141,4697.133,10899.02,1955.12,4409.925,9385.75,1951.155,4690.29,10627.42,1976.812,4378.852,10812.38,1992.067,4352.356,10751.89,2014.702,4469.774,10565.98,1978.241,4491.164,10824.21,2030.728,4239.612,10794.25,1981.396,4570.955,10863.27,2020.255,4496.533,10721.61,2016.508,4325.569,11023.09,1968.176,4361.862,10472.02,2008.945,4382.594,10905.54,1966.29,4585.769
10985.4,1975.98,4488.594,10862.31,1966.141,4697.311,10898.81,1955.12,4409.93,9385.754,1951.155,4690.498,10627.22,1976.812,4378.804,10812.25,1992.067,4352.198,10751.68,2014.702,4469.775,10565.79,1978.241,4491.244,10824.02,2030.728,4239.521,10794.08,1981.396,4571.076,10863.14,2020.255,4496.69,10721.41,2016.508,4325.497,11022.88,1968.176,4361.861,10471.83,2008.945,4382.669,10905.34,1966.29,4585.794
10985.2,1975.98,4488.549,10862.2,1966.141,4697.491,10898.6,1955.12,4409.932,9385.765,1951.155,4690.706,10627.02,1976.812,4378.752,10812.12,1992.067,4352.036,10751.47,2014.702,4469.772,10565.6,1978.241,4491.331,10823.83,2030.728,4239.423,10793.92,1981.396,4571.2,10863,2020.255,4496.846,10721.22,2016.508,4325.427,11022.68,1968.176,4361.853,10471.63,2008.945,4382.737,10905.13,1966.29,4585.825
10985,1975.98,4488.511,10862.11,1966.141,4697.675,10898.39,1955.12,4409.931,9385.782,1951.155,4690.914,10626.82,1976.812,4378.695,10811.99,1992.067,4351.871,10751.27,2014.702,4469.766,10565.41,1978.241,4491.423,10823.65,2030.728,4239.319,10793.75,1981.396,4571.327,10862.86,2020.255,4497.001,10721.02,2016.508,4325.36,11022.47,1968.176,4361.837,10471.44,2008.945,4382.817,10904.93,1966.29,4585.861
10984.79,1975.98,4488.467,10862,1966.141,4697.855,10898.19,1955.12,4409.934,9385.807,1951.155,4691.121,10626.62,1976.812,4378.633,10811.87,1992.067,4351.702,10751.06,2014.702,4469.767,10565.22,1978.241,4491.51,10823.47,2030.728,4239.222,10793.58,1981.396,4571.451,10862.72,2020.255,4497.154,10720.82,2016.508,4325.294,11022.26,1968.176,4361.829,10471.24,2008.945,4382.891,10904.72,1966.29,4585.894
10984.59,1975.98,4488.417,10861.89,1966.141,4698.033,10897.98,1955.12,4409.942,9385.838,1951.155,4691.327,10626.42,1976.812,4378.566,10811.75,1992.067,4351.53,10750.85,2014.702,4469.774,10565.03,1978.241,4491.59,10823.28,2030.728,4239.13,10793.41,1981.396,4571.57,10862.58,2020.255,4497.306,10720.62,2016.508,4325.229,11022.05,1968.176,4361.828,10471.05,2008.945,4382.965,10904.51,1966.29,4585.924
10984.39,1975.98,4488.362,10861.78,1966.141,4698.206,10897.77,1955.12,4409.954,9385.876,1951.155,4691.531,10626.22,1976.812,4378.493,10811.64,1992.067,4351.354,10750.64,2014.702,4469.788,10564.83,1978.241,4491.664,10823.09,2030.728,4239.044,10793.24,1981.396,4571.685,10862.43,2020.255,4497.456,10720.42,2016.508,4325.165,11021.84,1968.176,4361.833,10470.86,2008.945,4383.043,10904.31,1966.29,4585.951
10984.19,1975.98,4488.3,10861.66,1966.141,4698.375,10897.56,1955.12,4409.971,9385.921,1951.155,4691.735,10626.03,1976.812,4378.416,10811.53,1992.067,4351.175,10750.44,2014.702,4469.809,10564.64,1978.241,4491.731,10822.9,2030.728,4238.964,10793.06,1981.396,4571.795,10862.29,2020.255,4497.604,10720.23,2016.508,4325.102,11021.64,1968.176,4361.845,10470.66,2008.945,4383.115,10904.1,1966.29,4585.976
10983.99,1975.98,4488.233,10861.53,1966.141,4698.541,10897.35,1955.12,4409.992,9385.973,1951.155,4691.937,10625.84,1976.812,4378.333,10811.43,1992.067,4350.993,10750.23,2014.702,4469.836,10564.44,1978.241,4491.792,10822.7,2030.728,4238.891,10792.88,1981.396,4571.9,10862.14,2020.255,4497.75,10720.03,2016.508,4325.039,11021.43,1968.176,4361.857,10470.46,2008.945,4383.18,10903.89,1966.29,4585.999
10983.8,1975.98,4488.162,10861.4,1966.141,4698.702,10897.15,1955.12,4410.018,9386.03,1951.155,4692.137,10625.65,1976.812,4378.244,10811.34,1992.067,4350.807,10750.02,2014.702,4469.87,10564.24,1978.241,4491.847,10822.51,2030.728,4238.823,10792.7,1981.396,4572.001,10861.99,2020.255,4497.894,10719.83,2016.508,4324.977,11021.22,1968.176,4361.875,10470.27,2008.945,4383.25,10903.69,1966.29,4586.02
10983.6,1975.98,4488.085,10861.26,1966.141,4698.859,10896.94,1955.12,4410.047,9386.095,1951.155,4692.335,10625.46,1976.812,4378.151,10811.25,1992.067,4350.619,10749.82,2014.702,4469.91,10564.03,1978.241,4491.895,10822.31,2030.728,4238.762,10792.51,1981.396,4572.096,10861.84,2020.255,4498.037,10719.63,2016.508,4324.916,11021.01,1968.176,4361.901,10470.07,2008.945,4383.313,10903.48,1966.29,4586.039
10983.41,1975.98,4488.015,10861.12,1966.141,4699.011,10896.74,1955.12,4410.082,9386.166,1951.155,4692.531,10625.28,1976.812,4378.063,10811.16,1992.067,4350.428,10749.62,2014.702,4469.957,10563.83,1978.241,4491.936,10822.11,2030.728,4238.708,10792.33,1981.396,4572.195,10861.68,2020.255,4498.179,10719.43,2016.508,4324.855,11020.81,1968.176,4361.932,10469.87,2008.945,4383.37,10903.27,1966.29,4586.056
10983.21,1975.98,4487.952,10860.97,1966.141,4699.159,10896.53,1955.12,4410.12,9386.243,1951.155,4692.724,10625.08,1976.812,4377.982,10811.09,1992.067,4350.235,10749.42,2014.702,4470.011,10563.62,1978.241,4491.97,10821.9,2030.728,4238.659,10792.15,1981.396,4572.298,10861.53,2020.255,4498.32,10719.23,2016.508,4324.795,11020.6,1968.176,4361.949,10469.68,2008.945,4383.454,10903.06,1966.29,4586.071
10983.01,1975.98,4487.895,10860.82,1966.141,4699.301,10896.33,1955.12,4410.163,9386.327,1951.155,4692.915,10624.89,1976.812,4377.907,10811.02,1992.067,4350.039,10749.22,2014.702,4470.071,10563.42,1978.241,4492.03,10821.7,2030.728,4238.618,10791.97,1981.396,4572.405,10861.38,2020.255,4498.46,10719.03,2016.508,4324.736,11020.39,1968.176,4361.973,10469.48,2008.945,4383.532,10902.86,1966.29,4586.085
10982.81,1975.98,4487.844,10860.66,1966.141,4699.439,10896.12,1955.12,4410.208,9386.417,1951.155,4693.103,10624.69,1976.812,4377.838,10810.95,1992.067,4349.841,10749.02,2014.702,4470.137,10563.22,1978.241,4492.083,10821.49,2030.728,4238.583,10791.79,1981.396,4572.515,10861.22,2020.255,4498.599,10718.83,2016.508,4324.677,11020.19,1968.176,4362.003,10469.29,2008.945,4383.603,10902.65,1966.29,4586.098
10982.6,1975.98,4487.799,10860.5,1966.141,4699.571,10895.92,1955.12,4410.258,9386.513,1951.155,4693.288,10624.5,1976.812,4377.775,10810.89,1992.067,4349.642,10748.82,2014.702,4470.209,10563.02,1978.241,4492.129,10821.29,2030.728,4238.555,10791.62,1981.396,4572.628,10861.06,2020.255,4498.737,10718.63,2016.508,4324.618,11019.98,1968.176,4362.041,10469.09,2008.945,4383.668,10902.44,1966.29,4586.11
10982.4,1975.98,4487.761,10860.33,1966.141,4699.698,10895.72,1955.12,4410.31,9386.614,1951.155,4693.47,10624.29,1976.812,4377.718,10810.84,1992.067,4349.44,10748.63,2014.702,4470.288,10562.82,1978.241,4492.168,10821.08,2030.728,4238.533,10791.45,1981.396,4572.744,10860.91,2020.255,4498.874,10718.43,2016.508,4324.56,11019.78,1968.176,4362.081,10468.89,2008.945,4383.727,10902.23,1966.29,4586.122
10982.19,1975.98,4487.729,10860.17,1966.141,4699.82,10895.52,1955.12,4410.365,9386.722,1951.155,4693.648,10624.09,1976.812,4377.668,10810.79,1992.067,4349.237,10748.44,2014.702,4470.373,10562.62,1978.241,4492.234,10820.87,2030.728,4238.519,10791.28,1981.396,4572.863,10860.75,2020.255,4499.01,10718.23,2016.508,4324.502,11019.58,1968.176,4362.148,10468.69,2008.945,4383.778,10902.02,1966.29,4586.133
10981.99,1975.98,4487.692,10859.99,1966.141,4699.936,10895.32,1955.12,4410.424,9386.835,1951.155,4693.823,10623.89,1976.812,4377.612,10810.75,1992.067,4349.032,10748.25,2014.702,4470.463,10562.42,1978.241,4492.294,10820.67,2030.728,4238.51,10791.1,1981.396,4572.978,10860.59,2020.255,4499.144,10718.03,2016.508,4324.445,11019.38,1968.176,4362.213,10468.49,2008.945,4383.837,10901.82,1966.29,4586.144
10981.78,1975.98,4487.648,10859.82,1966.141,4700.046,10895.12,1955.12,4410.487,9386.954,1951.155,4693.994,10623.69,1976.812,4377.551,10810.72,1992.067,4348.827,10748.07,2014.702,4470.56,10562.22,1978.241,4492.347,10820.46,2030.728,4238.508,10790.92,1981.396,4573.088,10860.43,2020.255,4499.276,10717.83,2016.508,4324.389,11019.18,1968.176,4362.271,10468.3,2008.945,4383.928,10901.61,1966.29,4586.153
10981.58,1975.98,4487.598,10859.64,1966.141,4700.15,10894.92,1955.12,4410.553,9387.079,1951.155,4694.161,10623.5,1976.812,4377.485,10810.69,1992.067,4348.62,10747.89,2014.702,4470.663,10562.02,1978.241,4492.404,10820.25,2030.728,4238.513,10790.75,1981.396,4573.193,10860.27,2020.255,4499.406,10717.63,2016.508,4324.333,11018.98,1968.176,4362.322,10468.11,2008.945,4384.012,10901.4,1966.29,4586.163
10981.38,1975.98,4487.542,10859.45,1966.141,4700.249,10894.73,1955.12,4410.622,9387.209,1951.155,4694.323,10623.3,1976.812,4377.414,10810.67,1992.067,4348.413,10747.71,2014.702,4470.771,10561.82,1978.241,4492.455,10820.04,2030.728,4238.524,10790.56,1981.396,4573.293,10860.1,2020.255,4499.535,10717.43,2016.508,4324.277,11018.78,1968.176,4362.394,10467.92,2008.945,4384.09,10901.19,1966.29,4586.172
10981.18,1975.98,4487.481,10859.27,1966.141,4700.341,10894.53,1955.12,4410.694,9387.345,1951.155,4694.481,10623.11,1976.812,4377.338,10810.66,1992.067,4348.205,10747.54,2014.702,4470.885,10561.61,1978.241,4492.499,10819.83,2030.728,4238.542,10790.38,1981.396,4573.388,10859.94,2020.255,4499.663,10717.23,2016.508,4324.222,11018.59,1968.176,4362.458,10467.73,2008.945,4384.175,10900.98,1966.29,4586.181
10980.98,1975.98,4487.416,10859.08,1966.141,4700.427,10894.34,1955.12,4410.77,9387.485,1951.155,4694.635,10622.92,1976.812,4377.256,10810.65,1992.067,4347.997,10747.36,2014.702,4471.005,10561.41,1978.241,4492.564,10819.63,2030.728,4238.566,10790.19,1981.396,4573.477,10859.77,2020.255,4499.789,10717.03,2016.508,4324.167,11018.39,1968.176,4362.517,10467.54,2008.945,4384.265,10900.78,1966.29,4586.19
10980.79,1975.98,4487.345,10858.88,1966.141,4700.507,10894.15,1955.12,4410.849,9387.631,1951.155,4694.784,10622.73,1976.812,4377.17,10810.65,1992.067,4347.788,10747.2,2014.702,4471.13,10561.21,1978.241,4492.624,10819.42,2030.728,4238.597,10790,1981.396,4573.561,10859.61,2020.255,4499.913,10716.83,2016.508,4324.113,11018.18,1968.176,4362.569,10467.35,2008.945,4384.349,10900.57,1966.29,4586.198
10980.59,1975.98,4487.28,10858.69,1966.141,4700.581,10893.95,1955.12,4410.928,9387.781,1951.155,4694.928,10622.53,1976.812,4377.089,10810.65,1992.067,4347.58,10747.03,2014.702,4471.258,10561.02,1978.241,4492.695,10819.21,2030.728,4238.634,10789.8,1981.396,4573.639,10859.44,2020.255,4500.033,10716.63,2016.508,4324.059,11017.98,1968.176,4362.621,10467.16,2008.945,4384.426,10900.36,1966.29,4586.207
10980.39,1975.98,4487.222,10858.49,1966.141,4700.648,10893.76,1955.12,4411.007,9387.937,1951.155,4695.067,10622.34,1976.812,4377.015,10810.67,1992.067,4347.372,10746.87,2014.702,4471.39,10560.82,1978.241,4492.76,10819.01,2030.728,4238.678,10789.61,1981.396,4573.711,10859.26,2020.255,4500.149,10716.42,2016.508,4324.006,11017.78,1968.176,4362.666,10466.96,2008.945,4384.498,10900.15,1966.29,4586.215
10980.19,1975.98,4487.17,10858.29,1966.141,4700.708,10893.57,1955.12,4411.086,9388.096,1951.155,4695.202,10622.14,1976.812,4376.946,10810.68,1992.067,4347.165,10746.71,2014.702,4471.525,10560.62,1978.241,4492.82,10818.81,2030.728,4238.728,10789.41,1981.396,4573.777,10859.09,2020.255,4500.261,10716.22,2016.508,4323.953,11017.57,1968.176,4362.706,10466.76,2008.945,4384.562,10899.94,1966.29,4586.224
10979.98,1975.98,4487.125,10858.09,1966.141,4700.763,10893.38,1955.12,4411.165,9388.26,1951.155,4695.331,10621.94,1976.812,4376.884,10810.71,1992.067,4346.958,10746.56,2014.702,4471.662,10560.42,1978.241,4492.873,10818.61,2030.728,4238.784,10789.21,1981.396,4573.836,10858.91,2020.255,4500.368,10716.02,2016.508,4323.9,11017.37,1968.176,4362.74,10466.56,2008.945,4384.62,10899.74,1966.29,4586.233
10979.78,1975.98,4487.086,10857.89,1966.141,4700.81,10893.18,1955.12,4411.244,9388.428,1951.155,4695.454,10621.74,1976.812,4376.828,10810.74,1992.067,4346.752,10746.4,2014.702,4471.795,10560.22,1978.241,4492.933,10818.41,2030.728,4238.846,10789.01,1981.396,4573.89,10858.73,2020.255,4500.472,10715.82,2016.508,4323.848,11017.16,1968.176,4362.753,10466.36,2008.945,4384.691,10899.53,1966.29,4586.243
10979.57,1975.98,4487.05,10857.68,1966.141,4700.851,10892.99,1955.12,4411.323,9388.6,1951.155,4695.572,10621.54,1976.812,4376.777,10810.78,1992.067,4346.547,10746.24,2014.702,4471.932,10560.02,1978.241,4492.987,10818.21,2030.728,4238.915,10788.81,1981.396,4573.937,10858.54,2020.255,4500.571,10715.62,2016.508,4323.796,11016.95,1968.176,4362.773,10466.17,2008.945,4384.755,10899.32,1966.29,4586.253
10979.37,1975.98,4487.01,10857.48,1966.141,4700.885,10892.8,1955.12,4411.402,9388.775,1951.155,4695.684,10621.34,1976.812,4376.733,10810.83,1992.067,4346.344,10746.08,2014.702,4472.069,10559.82,1978.241,4493.035,10818.02,2030.728,4238.989,10788.6,1981.396,4573.977,10858.36,2020.255,4500.667,10715.42,2016.508,4323.745,11016.75,1968.176,4362.8,10465.97,2008.945,4384.813,10899.11,1966.29,4586.263
10979.17,1975.98,4486.965,10857.27,1966.141,4700.913,10892.61,1955.12,4411.485,9388.954,1951.155,4695.791,10621.14,1976.812,4376.684,10810.86,1992.067,4346.139,10745.93,2014.702,4472.212,10559.61,1978.241,4493.082,10817.83,2030.728,4239.069,10788.4,1981.396,4574.012,10858.17,2020.255,4500.762,10715.22,2016.508,4323.69,11016.54,1968.176,4362.833,10465.76,2008.945,4384.865,10898.9,1966.29,4586.272
10978.96,1975.98,4486.914,10857.07,1966.141,4700.933,10892.42,1955.12,4411.57,9389.137,1951.155,4695.891,10620.93,1976.812,4376.629,10810.89,1992.067,4345.933,10745.79,2014.702,4472.36,10559.41,1978.241,4493.123,10817.64,2030.728,4239.155,10788.19,1981.396,4574.04,10857.99,2020.255,4500.857,10715.02,2016.508,4323.633,11016.34,1968.176,4362.873,10465.56,2008.945,4384.901,10898.7,1966.29,4586.282
10978.76,1975.98,4486.856,10856.86,1966.141,4700.947,10892.23,1955.12,4411.658,9389.322,1951.155,4695.985,10620.74,1976.812,4376.569,10810.92,1992.067,4345.726,10745.64,2014.702,4472.512,10559.21,1978.241,4493.157,10817.45,2030.728,4239.247,10787.99,1981.396,4574.062,10857.8,2020.255,4500.951,10714.82,2016.508,4323.574,11016.13,1968.176,4362.918,10465.35,2008.945,4384.943,10898.49,1966.29,4586.291
10978.56,1975.98,4486.794,10856.65,1966.141,4700.954,10892.04,1955.12,4411.749,9389.511,1951.155,4696.074,10620.54,1976.812,4376.504,10810.94,1992.067,4345.519,10745.51,2014.702,4472.669,10559,1978.241,4493.184,10817.27,2030.728,4239.344,10787.78,1981.396,4574.078,10857.62,2020.255,4501.044,10714.62,2016.508,4323.512,11015.94,1968.176,4362.988,10465.15,2008.945,4384.965,10898.28,1966.29,4586.3
10978.37,1975.98,4486.726,10856.44,1966.141,4700.954,10891.85,1955.12,4411.842,9389.702,1951.155,4696.156,10620.34,1976.812,4376.433,10810.95,1992.067,4345.311,10745.38,2014.702,4472.83,10558.79,1978.241,4493.218,10817.08,2030.728,4239.446,10787.57,1981.396,4574.087,10857.43,2020.255,4501.137,10714.42,2016.508,4323.449,11015.74,1968.176,4363.055,10464.94,2008.945,4384.993,10898.07,1966.29,4586.309
10978.17,1975.98,4486.653,10856.23,1966.141,4700.947,10891.67,1955.12,4411.938,9389.896,1951.155,4696.231,10620.15,1976.812,4376.357,10810.95,1992.067,4345.102,10745.25,2014.702,4472.996,10558.59,1978.241,4493.275,10816.91,2030.728,4239.554,10787.36,1981.396,4574.09,10857.24,2020.255,4501.229,10714.22,2016.508,4323.384,11015.54,1968.176,4363.115,10464.74,2008.945,4385.028,10897.86,1966.29,4586.317
10977.98,1975.98,4486.576,10856.03,1966.141,4700.933,10891.49,1955.12,4412.037,9390.093,1951.155,4696.301,10619.96,1976.812,4376.276,10810.95,1992.067,4344.894,10745.13,2014.702,4473.165,10558.39,1978.241,4493.325,10816.73,2030.728,4239.667,10787.15,1981.396,4574.086,10857.06,2020.255,4501.32,10714.02,2016.508,4323.317,11015.34,1968.176,4363.168,10464.53,2008.945,4385.07,10897.66,1966.29,4586.325
10977.78,1975.98,4486.505,10855.82,1966.141,4700.913,10891.3,1955.12,4412.134,9390.291,1951.155,4696.364,10619.76,1976.812,4376.201,10810.96,1992.067,4344.685,10745,2014.702,4473.331,10558.19,1978.241,4493.368,10816.56,2030.728,4239.781,10786.95,1981.396,4574.077,10856.87,2020.255,4501.408,10713.83,2016.508,4323.254,11015.14,1968.176,4363.215,10464.33,2008.945,4385.119,10897.45,1966.29,4586.334
10977.58,1975.98,4486.441,10855.61,1966.141,4700.886,10891.12,1955.12,4412.229,9390.491,1951.155,4696.42,10619.56,1976.812,4376.131,10810.97,1992.067,4344.477,10744.87,2014.702,4473.494,10557.98,1978.241,4493.405,10816.38,2030.728,4239.894,10786.74,1981.396,4574.061,10856.68,2020.255,4501.493,10713.63,2016.508,4323.192,11014.93,1968.176,4363.255,10464.13,2008.945,4385.174,10897.24,1966.29,4586.343
10977.38,1975.98,4486.383,10855.41,1966.141,4700.853,10890.93,1955.12,4412.323,9390.693,1951.155,4696.47,10619.37,1976.812,4376.068,10810.98,1992.067,4344.27,10744.74,2014.702,4473.654,10557.78,1978.241,4493.435,10816.21,2030.728,4240.006,10786.53,1981.396,4574.039,10856.49,2020.255,4501.575,10713.43,2016.508,4323.133,11014.73,1968.176,4363.289,10463.92,2008.945,4385.208,10897.03,1966.29,4586.353
10977.18,1975.98,4486.331,10855.2,1966.141,4700.812,10890.74,1955.12,4412.415,9390.897,1951.155,4696.513,10619.17,1976.812,4376.011,10811.01,1992.067,4344.063,10744.6,2014.702,4473.812,10557.57,1978.241,4493.471,10816.03,2030.728,4240.119,10786.32,1981.396,4574.021,10856.29,2020.255,4501.652,10713.23,2016.508,4323.076,11014.52,1968.176,4363.33,10463.72,2008.945,4385.248,10896.82,1966.29,4586.363
10976.98,1975.98,4486.286,10855,1966.141,4700.77,10890.56,1955.12,4412.506,9391.103,1951.155,4696.549,10618.96,1976.812,4375.959,10811.04,1992.067,4343.856,10744.46,2014.702,4473.967,10557.37,1978.241,4493.501,10815.86,2030.728,4240.231,10786.12,1981.396,4574.007,10856.1,2020.255,4501.723,10713.03,2016.508,4323.021,11014.32,1968.176,4363.375,10463.51,2008.945,4385.28,10896.62,1966.29,4586.373
10976.77,1975.98,4486.247,10854.79,1966.141,4700.721,10890.37,1955.12,4412.597,9391.309,1951.155,4696.579,10618.76,1976.812,4375.914,10811.08,1992.067,4343.651,10744.32,2014.702,4474.121,10557.16,1978.241,4493.521,10815.68,2030.728,4240.344,10785.91,1981.396,4573.994,10855.9,2020.255,4501.79,10712.83,2016.508,4322.966,11014.11,1968.176,4363.415,10463.31,2008.945,4385.319,10896.41,1966.29,4586.382
10976.57,1975.98,4486.213,10854.59,1966.141,4700.665,10890.18,1955.12,4412.686,9391.516,1951.155,4696.602,10618.56,1976.812,4375.875,10811.12,1992.067,4343.448,10744.18,2014.702,4474.273,10556.95,1978.241,4493.547,10815.51,2030.728,4240.458,10785.7,1981.396,4573.982,10855.7,2020.255,4501.851,10712.62,2016.508,4322.914,11013.91,1968.176,4363.46,10463.1,2008.945,4385.365,10896.2,1966.29,4586.393
10976.36,1975.98,4486.174,10854.39,1966.141,4700.603,10889.99,1955.12,4412.778,9391.724,1951.155,4696.618,10618.35,1976.812,4375.831,10811.16,1992.067,4343.243,10744.04,2014.702,4474.431,10556.75,1978.241,4493.58,10815.34,2030.728,4240.576,10785.49,1981.396,4573.965,10855.5,2020.255,4501.909,10712.42,2016.508,4322.858,11013.71,1968.176,4363.5,10462.9,2008.945,4385.388,10895.99,1966.29,4586.402
10976.16,1975.98,4486.129,10854.2,1966.141,4700.535,10889.81,1955.12,4412.872,9391.932,1951.155,4696.627,10618.15,1976.812,4375.781,10811.19,1992.067,4343.037,10743.91,2014.702,4474.592,10556.54,1978.241,4493.606,10815.17,2030.728,4240.699,10785.29,1981.396,4573.941,10855.3,2020.255,4501.964,10712.22,2016.508,4322.8,11013.5,1968.176,4363.545,10462.69,2008.945,4385.418,10895.78,1966.29,4586.412
10975.96,1975.98,4486.079,10854,1966.141,4700.459,10889.62,1955.12,4412.969,9392.14,1951.155,4696.63,10617.95,1976.812,4375.726,10811.21,1992.067,4342.83,10743.79,2014.702,4474.757,10556.33,1978.241,4493.635,10815,2030.728,4240.827,10785.08,1981.396,4573.911,10855.1,2020.255,4502.015,10712.02,2016.508,4322.739,11013.3,1968.176,4363.59,10462.49,2008.945,4385.454,10895.58,1966.29,4586.421
10975.76,1975.98,4486.022,10853.81,1966.141,4700.378,10889.44,1955.12,4413.068,9392.348,1951.155,4696.625,10617.75,1976.812,4375.665,10811.23,1992.067,4342.622,10743.67,2014.702,4474.927,10556.13,1978.241,4493.655,10814.84,2030.728,4240.959,10784.87,1981.396,4573.874,10854.89,2020.255,4502.062,10711.83,2016.508,4322.677,11013.09,1968.176,4363.628,10462.28,2008.945,4385.496,10895.37,1966.29,4586.43
10975.56,1975.98,4485.96,10853.62,1966.141,4700.291,10889.26,1955.12,4413.169,9392.556,1951.155,4696.614,10617.55,1976.812,4375.599,10811.24,1992.067,4342.414,10743.55,2014.702,4475.1,10555.92,1978.241,4493.681,10814.69,2030.728,4241.096,10784.67,1981.396,4573.832,10854.69,2020.255,4502.105,10711.63,2016.508,4322.612,11012.89,1968.176,4363.674,10462.08,2008.945,4385.529,10895.16,1966.29,4586.438
10975.36,1975.98,4485.893,10853.44,1966.141,4700.197,10889.08,1955.12,4413.273,9392.764,1951.155,4696.596,10617.36,1976.812,4375.528,10811.24,1992.067,4342.206,10743.44,2014.702,4475.277,10555.71,1978.241,4493.714,10814.53,2030.728,4241.237,10784.47,1981.396,4573.783,10854.49,2020.255,4502.143,10711.43,2016.508,4322.546,11012.69,1968.176,4363.712,10461.87,2008.945,4385.545,10894.95,1966.29,4586.454
10975.17,1975.98,4485.821,10853.25,1966.141,4700.097,10888.9,1955.12,4413.379,9392.971,1951.155,4696.571,10617.17,1976.812,4375.451,10811.24,1992.067,4341.997,10743.33,2014.702,4475.458,10555.5,1978.241,4493.741,10814.38,2030.728,4241.382,10784.27,1981.396,4573.728,10854.28,2020.255,4502.174,10711.23,2016.508,4322.479,11012.48,1968.176,4363.73,10461.66,2008.945,4385.569,10894.75,1966.29,4586.477
10974.97,1975.98,4485.755,10853.07,1966.141,4700.003,10888.72,1955.12,4413.483,9393.177,1951.155,4696.54,10616.97,1976.812,4375.38,10811.23,1992.067,4341.789,10743.23,2014.702,4475.635,10555.3,1978.241,4493.774,10814.23,2030.728,4241.522,10784.06,1981.396,4573.679,10854.07,2020.255,4502.199,10711.03,2016.508,4322.419,11012.27,1968.176,4363.754,10461.46,2008.945,4385.599,10894.54,1966.29,4586.505
10974.77,1975.98,4485.696,10852.88,1966.141,4699.916,10888.54,1955.12,4413.585,9393.382,1951.155,4696.502,10616.77,1976.812,4375.315,10811.21,1992.067,4341.582,10743.11,2014.702,4475.81,10555.1,1978.241,4493.828,10814.07,2030.728,4241.657,10783.86,1981.396,4573.634,10853.87,2020.255,4502.218,10710.83,2016.508,4322.365,11012.06,1968.176,4363.773,10461.25,2008.945,4385.636,10894.33,1966.29,4586.533
10974.57,1975.98,4485.644,10852.69,1966.141,4699.834,10888.35,1955.12,4413.685,9393.585,1951.155,4696.457,10616.57,1976.812,4375.256,10811.18,1992.067,4341.375,10742.99,2014.702,4475.981,10554.89,1978.241,4493.876,10813.91,2030.728,4241.787,10783.66,1981.396,4573.594,10853.66,2020.255,4502.23,10710.63,2016.508,4322.317,11011.86,1968.176,4363.78,10461.05,2008.945,4385.679,10894.13,1966.29,4586.567
10974.36,1975.98,4485.597,10852.49,1966.141,4699.759,10888.17,1955.12,4413.784,9393.787,1951.155,4696.406,10616.37,1976.812,4375.204,10811.15,1992.067,4341.168,10742.87,2014.702,4476.152,10554.69,1978.241,4493.917,10813.74,2030.728,4241.911,10783.45,1981.396,4573.552,10853.45,2020.255,4502.237,10710.42,2016.508,4322.275,11011.65,1968.176,4363.793,10460.84,2008.945,4385.729,10893.92,1966.29,4586.592
10974.16,1975.98,4485.557,10852.29,1966.141,4699.704,10887.99,1955.12,4413.88,9393.987,1951.155,4696.348,10616.17,1976.812,4375.156,10811.12,1992.067,4340.963,10742.75,2014.702,4476.32,10554.49,1978.241,4493.952,10813.57,2030.728,4242.03,10783.25,1981.396,4573.514,10853.24,2020.255,4502.243,10710.22,2016.508,4322.24,11011.44,1968.176,4363.813,10460.64,2008.945,4385.782,10893.71,1966.29,4586.614
10973.95,1975.98,4485.522,10852.09,1966.141,4699.652,10887.8,1955.12,4413.976,9394.186,1951.155,4696.283,10615.96,1976.812,4375.115,10811.07,1992.067,4340.76,10742.63,2014.702,4476.485,10554.28,1978.241,4493.996,10813.39,2030.728,4242.143,10783.04,1981.396,4573.478,10853.03,2020.255,4502.247,10710.01,2016.508,4322.21,11011.23,1968.176,4363.826,10460.44,2008.945,4385.84,10893.51,1966.29,4586.634
10973.75,1975.98,4485.479,10851.89,1966.141,4699.593,10887.62,1955.12,4414.07,9394.382,1951.155,4696.212,10615.76,1976.812,4375.079,10811.02,1992.067,4340.558,10742.5,2014.702,4476.649,10554.08,1978.241,4494.057,10813.21,2030.728,4242.25,10782.84,1981.396,4573.441,10852.83,2020.255,4502.25,10709.81,2016.508,4322.187,11011.03,1968.176,4363.846,10460.24,2008.945,4385.893,10893.3,1966.29,4586.651
10973.55,1975.98,4485.43,10851.69,1966.141,4699.528,10887.43,1955.12,4414.167,9394.575,1951.155,4696.135,10615.55,1976.812,4375.039,10810.96,1992.067,4340.357,10742.37,2014.702,4476.816,10553.88,1978.241,4494.112,10813.03,2030.728,4242.352,10782.63,1981.396,4573.399,10852.62,2020.255,4502.252,10709.6,2016.508,4322.161,11010.82,1968.176,4363.872,10460.04,2008.945,4385.951,10893.09,1966.29,4586.667
10973.35,1975.98,4485.381,10851.5,1966.141,4699.457,10887.25,1955.12,4414.265,9394.766,1951.155,4696.051,10615.35,1976.812,4374.994,10810.9,1992.067,4340.159,10742.25,2014.702,4476.988,10553.68,1978.241,4494.16,10812.85,2030.728,4242.447,10782.43,1981.396,4573.35,10852.41,2020.255,4502.251,10709.39,2016.508,4322.133,11010.61,1968.176,4363.905,10459.84,2008.945,4386.003,10892.88,1966.29,4586.683
10973.14,1975.98,4485.328,10851.3,1966.141,4699.378,10887.07,1955.12,4414.364,9394.953,1951.155,4695.961,10615.15,1976.812,4374.944,10810.83,1992.067,4339.963,10742.14,2014.702,4477.163,10553.47,1978.241,4494.202,10812.66,2030.728,4242.537,10782.23,1981.396,4573.295,10852.2,2020.255,4502.249,10709.19,2016.508,4322.104,11010.41,1968.176,4363.913,10459.63,2008.945,4386.045,10892.68,1966.29,4586.697
10972.94,1975.98,4485.27,10851.11,1966.141,4699.294,10886.88,1955.12,4414.466,9395.138,1951.155,4695.865,10614.95,1976.812,4374.89,10810.75,1992.067,4339.769,10742.03,2014.702,4477.342,10553.27,1978.241,4494.237,10812.47,2030.728,4242.62,10782.03,1981.396,4573.234,10851.99,2020.255,4502.244,10708.98,2016.508,4322.073,11010.2,1968.176,4363.928,10459.43,2008.945,4386.094,10892.47,1966.29,4586.71
10972.74,1975.98,4485.211,10850.92,1966.141,4699.204,10886.7,1955.12,4414.569,9395.319,1951.155,4695.763,10614.75,1976.812,4374.832,10810.67,1992.067,4339.578,10741.93,2014.702,4477.524,10553.07,1978.241,4494.291,10812.27,2030.728,4242.696,10781.83,1981.396,4573.167,10851.79,2020.255,4502.237,10708.78,2016.508,4322.042,11009.99,1968.176,4363.949,10459.23,2008.945,4386.135,10892.26,1966.29,4586.723
10972.55,1975.98,4485.148,10850.74,1966.141,4699.107,10886.52,1955.12,4414.674,9395.497,1951.155,4695.655,10614.55,1976.812,4374.768,10810.58,1992.067,4339.389,10741.84,2014.702,4477.709,10552.86,1978.241,4494.337,10812.08,2030.728,4242.767,10781.64,1981.396,4573.095,10851.58,2020.255,4502.228,10708.57,2016.508,4322.011,11009.78,1968.176,4363.978,10459.02,2008.945,4386.164,10892.05,1966.29,4586.734
10972.34,1975.98,4485.093,10850.55,1966.141,4699.017,10886.34,1955.12,4414.774,9395.672,1951.155,4695.542,10614.35,1976.812,4374.711,10810.49,1992.067,4339.204,10741.74,2014.702,4477.891,10552.66,1978.241,4494.378,10811.88,2030.728,4242.831,10781.44,1981.396,4573.028,10851.37,2020.255,4502.221,10708.36,2016.508,4321.986,11009.58,1968.176,4364.012,10458.82,2008.945,4386.2,10891.84,1966.29,4586.746
10972.14,1975.98,4485.043,10850.36,1966.141,4698.932,10886.16,1955.12,4414.87,9395.843,1951.155,4695.422,10614.15,1976.812,4374.661,10810.39,1992.067,4339.021,10741.63,2014.702,4478.07,10552.46,1978.241,4494.446,10811.68,2030.728,4242.888,10781.24,1981.396,4572.968,10851.16,2020.255,4502.216,10708.15,2016.508,4321.968,11009.37,1968.176,4364.026,10458.61,2008.945,4386.243,10891.64,1966.29,4586.758
10971.94,1975.98,4485.001,10850.17,1966.141,4698.854,10885.97,1955.12,4414.962,9396.01,1951.155,4695.297,10613.94,1976.812,4374.617,10810.28,1992.067,4338.843,10741.51,2014.702,4478.245,10552.26,1978.241,4494.508,10811.48,2030.728,4242.939,10781.04,1981.396,4572.915,10850.95,2020.255,4502.21,10707.95,2016.508,4321.957,11009.16,1968.176,4364.045,10458.41,2008.945,4386.292,10891.43,1966.29,4586.769
10971.73,1975.98,4484.965,10849.97,1966.141,4698.782,10885.78,1955.12,4415.05,9396.173,1951.155,4695.167,10613.74,1976.812,4374.58,10810.17,1992.067,4338.667,10741.4,2014.702,4478.417,10552.06,1978.241,4494.564,10811.27,2030.728,4242.983,10780.84,1981.396,4572.868,10850.75,2020.255,4502.207,10707.74,2016.508,4321.952,11008.96,1968.176,4364.07,10458.21,2008.945,4386.349,10891.22,1966.29,4586.78
10971.53,1975.98,4484.936,10849.78,1966.141,4698.703,10885.59,1955.12,4415.134,9396.331,1951.155,4695.032,10613.53,1976.812,4374.549,10810.05,1992.067,4338.496,10741.27,2014.702,4478.584,10551.86,1978.241,4494.621,10811.07,2030.728,4243.021,10780.63,1981.396,4572.828,10850.54,2020.255,4502.206,10707.53,2016.508,4321.948,11008.75,1968.176,4364.081,10458.02,2008.945,4386.428,10891.01,1966.29,4586.792
10971.32,1975.98,4484.913,10849.58,1966.141,4698.63,10885.4,1955.12,4415.215,9396.484,1951.155,4694.891,10613.32,1976.812,4374.524,10809.93,1992.067,4338.329,10741.14,2014.702,4478.747,10551.66,1978.241,4494.671,10810.87,2030.728,4243.062,10780.43,1981.396,4572.795,10850.33,2020.255,4502.206,10707.32,2016.508,4321.951,11008.54,1968.176,4364.098,10457.82,2008.945,4386.501,10890.8,1966.29,4586.803
10971.11,1975.98,4484.896,10849.39,1966.141,4698.564,10885.21,1955.12,4415.293,9396.634,1951.155,4694.746,10613.12,1976.812,4374.507,10809.8,1992.067,4338.165,10741.01,2014.702,4478.906,10551.46,1978.241,4494.714,10810.66,2030.728,4243.097,10780.22,1981.396,4572.768,10850.12,2020.255,4502.208,10707.11,2016.508,4321.96,11008.33,1968.176,4364.122,10457.62,2008.945,4386.568,10890.6,1966.29,4586.814
10970.91,1975.98,4484.877,10849.19,1966.141,4698.491,10885.01,1955.12,4415.372,9396.778,1951.155,4694.595,10612.91,1976.812,4374.495,10809.66,1992.067,4338.005,10740.87,2014.702,4479.06,10551.25,1978.241,4494.751,10810.45,2030.728,4243.125,10780.01,1981.396,4572.748,10849.91,2020.255,4502.209,10706.91,2016.508,4321.973,11008.13,1968.176,4364.152,10457.42,2008.945,4386.629,10890.39,1966.29,4586.825
10970.7,1975.98,4484.861,10849,1966.141,4698.412,10884.82,1955.12,4415.45,9396.918,1951.155,4694.44,10612.7,1976.812,4374.487,10809.53,1992.067,4337.849,10740.72,2014.702,4479.21,10551.05,1978.241,4494.782,10810.25,2030.728,4243.147,10779.81,1981.396,4572.735,10849.71,2020.255,4502.211,10706.7,2016.508,4321.987,11007.92,1968.176,4364.187,10457.22,2008.945,4386.683,10890.18,1966.29,4586.835
10970.49,1975.98,4484.845,10848.8,1966.141,4698.339,10884.63,1955.12,4415.527,9397.052,1951.155,4694.281,10612.49,1976.812,4374.484,10809.38,1992.067,4337.697,10740.57,2014.702,4479.355,10550.84,1978.241,4494.819,10810.04,2030.728,4243.163,10779.6,1981.396,4572.729,10849.5,2020.255,4502.214,10706.49,2016.508,4322.005,11007.72,1968.176,4364.228,10457.02,2008.945,4386.743,10889.97,1966.29,4586.846
10970.28,1975.98,4484.83,10848.61,1966.141,4698.267,10884.43,1955.12,4415.605,9397.181,1951.155,4694.117,10612.28,1976.812,4374.486,10809.24,1992.067,4337.549,10740.42,2014.702,4479.495,10550.63,1978.241,4494.849,10809.83,2030.728,4243.172,10779.39,1981.396,4572.729,10849.29,2020.255,4502.217,10706.28,2016.508,4322.025,11007.52,1968.176,4364.292,10456.82,2008.945,4386.797,10889.76,1966.29,4586.856
10970.07,1975.98,4484.815,10848.41,1966.141,4698.197,10884.24,1955.12,4415.683,9397.304,1951.155,4693.949,10612.08,1976.812,4374.491,10809.09,1992.067,4337.405,10740.26,2014.702,4479.63,10550.43,1978.241,4494.881,10809.62,2030.728,4243.175,10779.18,1981.396,4572.736,10849.08,2020.255,4502.221,10706.08,2016.508,4322.046,11007.32,1968.176,4364.349,10456.62,2008.945,4386.833,10889.56,1966.29,4586.866
10969.87,1975.98,4484.8,10848.22,1966.141,4698.121,10884.05,1955.12,4415.76,9397.422,1951.155,4693.777,10611.87,1976.812,4374.5,10808.93,1992.067,4337.265,10740.1,2014.702,4479.759,10550.22,1978.241,4494.878,10809.42,2030.728,4243.171,10778.97,1981.396,4572.75,10848.87,2020.255,4502.225,10705.87,2016.508,4322.069,11007.12,1968.176,4364.4,10456.41,2008.945,4386.876,10889.35,1966.29,4586.876
10969.66,1975.98,4484.785,10848.04,1966.141,4698.023,10883.85,1955.12,4415.837,9397.534,1951.155,4693.602,10611.66,1976.812,4374.512,10808.77,1992.067,4337.13,10739.93,2014.702,4479.883,10550.01,1978.241,4494.883,10809.21,2030.728,4243.162,10778.77,1981.396,4572.771,10848.67,2020.255,4502.23,10705.66,2016.508,4322.092,11006.92,1968.176,4364.452,10456.21,2008.945,4386.926,10889.14,1966.29,4586.886
10969.45,1975.98,4484.764,10847.85,1966.141,4697.919,10883.66,1955.12,4415.916,9397.641,1951.155,4693.422,10611.45,1976.812,4374.52,10808.61,1992.067,4337,10739.76,2014.702,4480.002,10549.8,1978.241,4494.894,10809,2030.728,4243.146,10778.56,1981.396,4572.798,10848.46,2020.255,4502.236,10705.46,2016.508,4322.112,11006.71,1968.176,4364.498,10456.01,2008.945,4386.975,10888.93,1966.29,4586.896
10969.24,1975.98,4484.737,10847.68,1966.141,4697.81,10883.47,1955.12,4415.997,9397.741,1951.155,4693.24,10611.24,1976.812,4374.525,10808.44,1992.067,4336.875,10739.58,2014.702,4480.115,10549.6,1978.241,4494.909,10808.79,2030.728,4243.135,10778.35,1981.396,4572.832,10848.25,2020.255,4502.241,10705.25,2016.508,4322.129,11006.51,1968.176,4364.539,10455.81,2008.945,4387.03,10888.72,1966.29,4586.905
10969.04,1975.98,4484.705,10847.5,1966.141,4697.695,10883.28,1955.12,4416.08,9397.836,1951.155,4693.054,10611.04,1976.812,4374.526,10808.27,1992.067,4336.756,10739.41,2014.702,4480.223,10549.39,1978.241,4494.929,10808.58,2030.728,4243.117,10778.15,1981.396,4572.872,10848.04,2020.255,4502.247,10705.04,2016.508,4322.147,11006.3,1968.176,4364.573,10455.6,2008.945,4387.073,10888.52,1966.29,4586.914
10968.83,1975.98,4484.668,10847.33,1966.141,4697.574,10883.09,1955.12,4416.165,9397.924,1951.155,4692.866,10610.83,1976.812,4374.524,10808.1,1992.067,4336.643,10739.22,2014.702,4480.326,10549.18,1978.241,4494.923,10808.38,2030.728,4243.092,10777.95,1981.396,4572.918,10847.83,2020.255,4502.253,10704.83,2016.508,4322.165,11006.1,1968.176,4364.592,10455.4,2008.945,4387.122,10888.31,1966.29,4586.922
10968.63,1975.98,4484.627,10847.17,1966.141,4697.448,10882.9,1955.12,4416.25,9398.006,1951.155,4692.674,10610.62,1976.812,4374.519,10807.92,1992.067,4336.535,10739.04,2014.702,4480.427,10548.97,1978.241,4494.924,10808.17,2030.728,4243.06,10777.74,1981.396,4572.961,10847.63,2020.255,4502.26,10704.63,2016.508,4322.182,11005.89,1968.176,4364.617,10455.2,2008.945,4387.177,10888.1,1966.29,4586.931
10968.43,1975.98,4484.583,10847.01,1966.141,4697.316,10882.71,1955.12,4416.338,9398.082,1951.155,4692.48,10610.41,1976.812,4374.51,10807.74,1992.067,4336.433,10738.86,2014.702,4480.527,10548.77,1978.241,4494.932,10807.96,2030.728,4243.035,10777.54,1981.396,4573.011,10847.42,2020.255,4502.268,10704.42,2016.508,4322.199,11005.68,1968.176,4364.647,10455.01,2008.945,4387.265,10887.89,1966.29,4586.939
10968.22,1975.98,4484.536,10846.85,1966.141,4697.179,10882.52,1955.12,4416.427,9398.151,1951.155,4692.284,10610.2,1976.812,4374.499,10807.55,1992.067,4336.336,10738.68,2014.702,4480.629,10548.56,1978.241,4494.946,10807.76,2030.728,4243.004,10777.34,1981.396,4573.062,10847.21,2020.255,4502.276,10704.21,2016.508,4322.216,11005.48,1968.176,4364.661,10454.82,2008.945,4387.347,10887.68,1966.29,4586.947
10968.02,1975.98,4484.495,10846.69,1966.141,4697.047,10882.33,1955.12,4416.515,9398.214,1951.155,4692.085,10610,1976.812,4374.49,10807.37,1992.067,4336.246,10738.49,2014.702,4480.725,10548.35,1978.241,4494.967,10807.55,2030.728,4242.967,10777.14,1981.396,4573.113,10847,2020.255,4502.285,10704,2016.508,4322.238,11005.27,1968.176,4364.681,10454.63,2008.945,4387.422,10887.48,1966.29,4586.956
10967.81,1975.98,4484.459,10846.52,1966.141,4696.921,10882.14,1955.12,4416.603,9398.271,1951.155,4691.885,10609.79,1976.812,4374.485,10807.17,1992.067,4336.16,10738.3,2014.702,4480.814,10548.14,1978.241,4494.995,10807.35,2030.728,4242.924,10776.94,1981.396,4573.168,10846.79,2020.255,4502.296,10703.8,2016.508,4322.264,11005.06,1968.176,4364.69,10454.43,2008.945,4387.491,10887.27,1966.29,4586.964
10967.61,1975.98,4484.429,10846.35,1966.141,4696.8,10881.96,1955.12,4416.69,9398.32,1951.155,4691.683,10609.58,1976.812,4374.483,10806.98,1992.067,4336.081,10738.11,2014.702,4480.898,10547.94,1978.241,4495.029,10807.15,2030.728,4242.875,10776.74,1981.396,4573.238,10846.58,2020.255,4502.308,10703.59,2016.508,4322.287,11004.85,1968.176,4364.706,10454.24,2008.945,4387.582,10887.06,1966.29,4586.973
10967.4,1975.98,4484.403,10846.18,1966.141,4696.685,10881.77,1955.12,4416.777,9398.363,1951.155,4691.479,10609.37,1976.812,4374.484,10806.79,1992.067,4336.007,10737.92,2014.702,4480.976,10547.73,1978.241,4495.057,10806.94,2030.728,4242.819,10776.54,1981.396,4573.301,10846.38,2020.255,4502.322,10703.38,2016.508,4322.311,11004.65,1968.176,4364.729,10454.05,2008.945,4387.667,10886.85,1966.29,4586.982
10967.19,1975.98,4484.38,10846,1966.141,4696.576,10881.58,1955.12,4416.864,9398.399,1951.155,4691.274,10609.16,1976.812,4374.487,10806.59,1992.067,4335.939,10737.72,2014.702,4481.048,10547.53,1978.241,4495.092,10806.75,2030.728,4242.757,10776.34,1981.396,4573.358,10846.17,2020.255,4502.336,10703.18,2016.508,4322.339,11004.44,1968.176,4364.734,10453.86,2008.945,4387.746,10886.64,1966.29,4586.991
10966.99,1975.98,4484.355,10845.82,1966.141,4696.472,10881.39,1955.12,4416.95,9398.429,1951.155,4691.068,10608.96,1976.812,4374.492,10806.39,1992.067,4335.877,10737.54,2014.702,4481.135,10547.32,1978.241,4495.12,10806.55,2030.728,4242.69,10776.14,1981.396,4573.419,10845.96,2020.255,4502.352,10702.97,2016.508,4322.359,11004.23,1968.176,4364.746,10453.67,2008.945,4387.818,10886.44,1966.29,4587
10966.78,1975.98,4484.333,10845.64,1966.141,4696.375,10881.2,1955.12,4417.036,9398.451,1951.155,4690.861,10608.75,1976.812,4374.499,10806.19,1992.067,4335.821,10737.35,2014.702,4481.228,10547.12,1978.241,4495.151,10806.35,2030.728,4242.617,10775.94,1981.396,4573.474,10845.75,2020.255,4502.369,10702.76,2016.508,4322.383,11004.02,1968.176,4364.764,10453.48,2008.945,4387.907,10886.23,1966.29,4587.009
10966.57,1975.98,4484.305,10845.46,1966.141,4696.271,10881.01,1955.12,4417.123,9398.468,1951.155,4690.653,10608.54,1976.812,4374.501,10805.99,1992.067,4335.771,10737.17,2014.702,4481.326,10546.91,1978.241,4495.159,10806.16,2030.728,4242.538,10775.74,1981.396,4573.535,10845.54,2020.255,4502.385,10702.56,2016.508,4322.41,11003.82,1968.176,4364.786,10453.29,2008.945,4387.99,10886.02,1966.29,4587.018
10966.37,1975.98,4484.271,10845.28,1966.141,4696.162,10880.82,1955.12,4417.212,9398.478,1951.155,4690.445,10608.33,1976.812,4374.5,10805.79,1992.067,4335.727,10736.99,2014.702,4481.43,10546.7,1978.241,4495.169,10805.97,2030.728,4242.453,10775.55,1981.396,4573.601,10845.34,2020.255,4502.402,10702.35,2016.508,4322.438,11003.61,1968.176,4364.814,10453.09,2008.945,4388.067,10885.81,1966.29,4587.026
10966.15,1975.98,4484.23,10845.1,1966.141,4696.041,10880.62,1955.12,4417.307,9398.48,1951.155,4690.227,10608.11,1976.812,4374.496,10805.57,1992.067,4335.687,10736.8,2014.702,4481.544,10546.48,1978.241,4495.188,10805.77,2030.728,4242.358,10775.34,1981.396,4573.675,10845.12,2020.255,4502.421,10702.13,2016.508,4322.471,11003.39,1968.176,4364.846,10452.89,2008.945,4388.142,10885.59,1966.29,4587.035
10965.88,1975.98,4484.171,10844.87,1966.141,4695.878,10880.37,1955.12,4417.432,9398.475,1951.155,4689.947,10607.83,1976.812,4374.483,10805.29,1992.067,4335.645,10736.56,2014.702,4481.698,10546.2,1978.241,4495.21,10805.52,2030.728,4242.229,10775.08,1981.396,4573.766,10844.84,2020.255,4502.445,10701.86,2016.508,4322.514,11003.12,1968.176,4364.896,10452.62,2008.945,4388.24,10885.31,1966.29,4587.046
10965.54,1975.98,4484.089,10844.59,1966.141,4695.669,10880.06,1955.12,4417.588,9398.456,1951.155,4689.602,10607.49,1976.812,4374.46,10804.95,1992.067,4335.603,10736.28,2014.702,4481.897,10545.86,1978.241,4495.234,10805.22,2030.728,4242.06,10774.75,1981.396,4573.888,10844.5,2020.255,4502.476,10701.52,2016.508,4322.57,11002.78,1968.176,4364.945,10452.3,2008.945,4388.35,10884.97,1966.29,4587.06
10965.18,1975.98,4483.99,10844.3,1966.141,4695.429,10879.73,1955.12,4417.764,9398.423,1951.155,4689.223,10607.11,1976.812,4374.426,10804.57,1992.067,4335.568,10735.98,2014.702,4482.126,10545.48,1978.241,4495.257,10804.9,2030.728,4241.865,10774.4,1981.396,4574.033,10844.12,2020.255,4502.511,10701.14,2016.508,4322.635,11002.4,1968.176,4365.011,10451.94,2008.945,4388.488,10884.59,1966.29,4587.074
10964.82,1975.98,4483.885,10844.02,1966.141,4695.184,10879.4,1955.12,4417.939,9398.379,1951.155,4688.853,10606.74,1976.812,4374.384,10804.2,1992.067,4335.545,10735.69,2014.702,4482.361,10545.11,1978.241,4495.292,10804.58,2030.728,4241.664,10774.06,1981.396,4574.186,10843.75,2020.255,4502.547,10700.77,2016.508,4322.699,11002.03,1968.176,4365.061,10451.6,2008.945,4388.636,10884.22,1966.29,4587.088
10964.4,1975.98,4483.75,10843.69,1966.141,4694.882,10879.01,1955.12,4418.152,9398.313,1951.155,4688.416,10606.3,1976.812,4374.324,10803.76,1992.067,4335.53,10735.35,2014.702,4482.649,10544.66,1978.241,4495.297,10804.2,2030.728,4241.438,10773.66,1981.396,4574.378,10843.31,2020.255,4502.591,10700.34,2016.508,4322.78,11001.59,1968.176,4365.098,10451.2,2008.945,4388.82,10883.77,1966.29,4587.104
10964.15,1975.98,4483.668,10843.51,1966.141,4694.701,10878.79,1955.12,4418.277,9398.266,1951.155,4688.163,10606.04,1976.812,4374.283,10803.5,1992.067,4335.528,10735.16,2014.702,4482.823,10544.41,1978.241,4495.308,10803.98,2030.728,4241.315,10773.43,1981.396,4574.497,10843.05,2020.255,4502.618,10700.09,2016.508,4322.83,11001.33,1968.176,4365.128,10450.96,2008.945,4388.919,10883.52,1966.29,4587.113
10963.7,1975.98,4483.506,10843.18,1966.141,4694.352,10878.37,1955.12,4418.515,9398.162,1951.155,4687.694,10605.57,1976.812,4374.194,10803.02,1992.067,4335.539,10734.82,2014.702,4483.159,10543.93,1978.241,4495.344,10803.55,2030.728,4241.098,10773.02,1981.396,4574.73,10842.58,2020.255,4502.671,10699.62,2016.508,4322.927,11000.86,1968.176,4365.186,10450.51,2008.945,4389.09,10883.04,1966.29,4587.13
10963.5,1975.98,4483.434,10843.04,1966.141,4694.188,10878.18,1955.12,4418.625,9398.107,1951.155,4687.482,10605.36,1976.812,4374.149,10802.8,1992.067,4335.55,10734.66,2014.702,4483.312,10543.71,1978.241,4495.367,10803.35,2030.728,4241.005,10772.83,1981.396,4574.842,10842.36,2020.255,4502.697,10699.4,2016.508,4322.974,11000.64,1968.176,4365.204,10450.3,2008.945,4389.161,10882.82,1966.29,4587.138
10963.21,1975.98,4483.33,10842.84,1966.141,4693.954,10877.92,1955.12,4418.78,9398.022,1951.155,4687.19,10605.06,1976.812,4374.08,10802.5,1992.067,4335.575,10734.45,2014.702,4483.529,10543.41,1978.241,4495.41,10803.07,2030.728,4240.886,10772.57,1981.396,4575.003,10842.06,2020.255,4502.735,10699.11,2016.508,4323.042,11000.34,1968.176,4365.226,10450.02,2008.945,4389.256,10882.52,1966.29,4587.149
10962.92,1975.98,4483.222,10842.65,1966.141,4693.708,10877.66,1955.12,4418.939,9397.927,1951.155,4686.896,10604.76,1976.812,4374.001,10802.19,1992.067,4335.608,10734.24,2014.702,4483.757,10543.1,1978.241,4495.451,10802.78,2030.728,4240.773,10772.31,1981.396,4575.165,10841.75,2020.255,4502.775,10698.81,2016.508,4323.115,11000.03,1968.176,4365.258,10449.72,2008.945,4389.344,10882.21,1966.29,4587.16
10962.64,1975.98,4483.115,10842.48,1966.141,4693.465,10877.4,1955.12,4419.096,9397.824,1951.155,4686.614,10604.48,1976.812,4373.918,10801.89,1992.067,4335.648,10734.05,2014.702,4483.985,10542.81,1978.241,4495.501,10802.5,2030.728,4240.674,10772.06,1981.396,4575.329,10841.45,2020.255,4502.816,10698.52,2016.508,4323.188,10999.73,1968.176,4365.299,10449.43,2008.945,4389.419,10881.91,1966.29,4587.171
10962.2,1975.98,4482.938,10842.21,1966.141,4693.071,10877,1955.12,4419.349,9397.647,1951.155,4686.173,10604.02,1976.812,4373.775,10801.42,1992.067,4335.727,10733.73,2014.702,4484.336,10542.34,1978.241,4495.604,10802.06,2030.728,4240.502,10771.67,1981.396,4575.6,10840.98,2020.255,4502.885,10698.06,2016.508,4323.308,10999.26,1968.176,4365.379,10448.96,2008.945,4389.47,10881.43,1966.29,4587.188
10962.01,1975.98,4482.86,10842.1,1966.141,4692.894,10876.82,1955.12,4419.46,9397.563,1951.155,4685.982,10603.83,1976.812,4373.708,10801.22,1992.067,4335.768,10733.58,2014.702,4484.486,10542.14,1978.241,4495.643,10801.86,2030.728,4240.421,10771.5,1981.396,4575.725,10840.78,2020.255,4502.91,10697.86,2016.508,4323.361,10999.06,1968.176,4365.421,10448.75,2008.945,4389.499,10881.22,1966.29,4587.202
10961.81,1975.98,4482.784,10842,1966.141,4692.714,10876.65,1955.12,4419.573,9397.474,1951.155,4685.794,10603.63,1976.812,4373.637,10801.02,1992.067,4335.814,10733.43,2014.702,4484.631,10541.93,1978.241,4495.675,10801.67,2030.728,4240.335,10771.34,1981.396,4575.854,10840.57,2020.255,4502.93,10697.65,2016.508,4323.417,10998.86,1968.176,4365.457,10448.54,2008.945,4389.534,10881.02,1966.29,4587.223
10961.54,1975.98,4482.672,10841.85,1966.141,4692.45,10876.4,1955.12,4419.737,9397.335,1951.155,4685.527,10603.35,1976.812,4373.526,10800.73,1992.067,4335.891,10733.21,2014.702,4484.833,10541.63,1978.241,4495.703,10801.4,2030.728,4240.202,10771.11,1981.396,4576.048,10840.27,2020.255,4502.955,10697.37,2016.508,4323.5,10998.56,1968.176,4365.488,10448.25,2008.945,4389.595,10880.72,1966.29,4587.263
10961.29,1975.98,4482.585,10841.74,1966.141,4692.22,10876.18,1955.12,4419.872,9397.209,1951.155,4685.303,10603.11,1976.812,4373.426,10800.48,1992.067,4335.963,10733.01,2014.702,4485,10541.38,1978.241,4495.732,10801.18,2030.728,4240.082,10770.92,1981.396,4576.22,10840.01,2020.255,4502.972,10697.12,2016.508,4323.576,10998.3,1968.176,4365.523,10448,2008.945,4389.656,10880.47,1966.29,4587.305
10961.01,1975.98,4482.491,10841.61,1966.141,4691.944,10875.92,1955.12,4420.023,9397.052,1951.155,4685.044,10602.84,1976.812,4373.301,10800.19,1992.067,4336.058,10732.78,2014.702,4485.19,10541.08,1978.241,4495.745,10800.91,2030.728,4239.931,10770.7,1981.396,4576.429,10839.71,2020.255,4502.989,10696.83,2016.508,4323.668,10998,1968.176,4365.574,10447.7,2008.945,4389.699,10880.17,1966.29,4587.364
10960.81,1975.98,4482.434,10841.53,1966.141,4691.753,10875.73,1955.12,4420.122,9396.938,1951.155,4684.869,10602.65,1976.812,4373.21,10800,1992.067,4336.129,10732.61,2014.702,4485.315,10540.87,1978.241,4495.752,10800.74,2030.728,4239.823,10770.55,1981.396,4576.578,10839.5,2020.255,4503.003,10696.63,2016.508,4323.734,10997.8,1968.176,4365.606,10447.5,2008.945,4389.735,10879.96,1966.29,4587.401
10960.57,1975.98,4482.374,10841.44,1966.141,4691.529,10875.52,1955.12,4420.231,9396.8,1951.155,4684.67,10602.43,1976.812,4373.1,10799.77,1992.067,4336.212,10732.42,2014.702,4485.468,10540.63,1978.241,4495.769,10800.53,2030.728,4239.703,10770.38,1981.396,4576.754,10839.26,2020.255,4503.022,10696.41,2016.508,4323.813,10997.56,1968.176,4365.652,10447.26,2008.945,4389.785,10879.73,1966.29,4587.441
10960.35,1975.98,4482.326,10841.36,1966.141,4691.317,10875.31,1955.12,4420.328,9396.664,1951.155,4684.49,10602.24,1976.812,4372.992,10799.56,1992.067,4336.29,10732.25,2014.702,4485.615,10540.4,1978.241,4495.792,10800.33,2030.728,4239.598,10770.23,1981.396,4576.923,10839.04,2020.255,4503.042,10696.19,2016.508,4323.889,10997.33,1968.176,4365.657,10447.04,2008.945,4389.824,10879.5,1966.29,4587.475
10960.14,1975.98,4482.286,10841.29,1966.141,4691.109,10875.11,1955.12,4420.417,9396.527,1951.155,4684.319,10602.05,1976.812,4372.883,10799.35,1992.067,4336.367,10732.09,2014.702,4485.764,10540.18,1978.241,4495.798,10800.13,2030.728,4239.503,10770.09,1981.396,4577.09,10838.82,2020.255,4503.063,10695.99,2016.508,4323.964,10997.11,1968.176,4365.668,10446.82,2008.945,4389.87,10879.29,1966.29,4587.506
10959.86,1975.98,4482.244,10841.21,1966.141,4690.84,10874.85,1955.12,4420.523,9396.345,1951.155,4684.106,10601.81,1976.812,4372.737,10799.09,1992.067,4336.469,10731.89,2014.702,4485.96,10539.9,1978.241,4495.815,10799.87,2030.728,4239.389,10769.92,1981.396,4577.31,10838.54,2020.255,4503.094,10695.73,2016.508,4324.063,10996.83,1968.176,4365.692,10446.55,2008.945,4389.937,10879.01,1966.29,4587.542
10959.65,1975.98,4482.219,10841.16,1966.141,4690.639,10874.66,1955.12,4420.598,9396.204,1951.155,4683.952,10601.63,1976.812,4372.624,10798.9,1992.067,4336.546,10731.75,2014.702,4486.111,10539.7,1978.241,4495.823,10799.68,2030.728,4239.311,10769.79,1981.396,4577.477,10838.33,2020.255,4503.119,10695.53,2016.508,4324.138,10996.63,1968.176,4365.716,10446.34,2008.945,4389.971,10878.8,1966.29,4587.567
10959.39,1975.98,4482.197,10841.1,1966.141,4690.387,10874.41,1955.12,4420.686,9396.022,1951.155,4683.767,10601.42,1976.812,4372.478,10798.66,1992.067,4336.645,10731.58,2014.702,4486.305,10539.44,1978.241,4495.842,10799.43,2030.728,4239.222,10769.64,1981.396,4577.688,10838.08,2020.255,4503.152,10695.29,2016.508,4324.232,10996.37,1968.176,4365.755,10446.09,2008.945,4390.014,10878.54,1966.29,4587.597
10959.19,1975.98,4482.187,10841.04,1966.141,4690.186,10874.22,1955.12,4420.751,9395.872,1951.155,4683.623,10601.25,1976.812,4372.356,10798.47,1992.067,4336.727,10731.43,2014.702,4486.456,10539.23,1978.241,4495.863,10799.24,2030.728,4239.156,10769.53,1981.396,4577.862,10837.87,2020.255,4503.184,10695.1,2016.508,4324.309,10996.17,1968.176,4365.793,10445.88,2008.945,4390.055,10878.33,1966.29,4587.619
10958.98,1975.98,4482.182,10841,1966.141,4689.983,10874.02,1955.12,4420.811,9395.717,1951.155,4683.483,10601.08,1976.812,4372.231,10798.28,1992.067,4336.814,10731.28,2014.702,4486.602,10539.02,1978.241,4495.892,10799.04,2030.728,4239.085,10769.42,1981.396,4578.04,10837.67,2020.255,4503.21,10694.9,2016.508,4324.38,10995.96,1968.176,4365.828,10445.68,2008.945,4390.103,10878.13,1966.29,4587.646
10958.77,1975.98,4482.184,10840.96,1966.141,4689.777,10873.82,1955.12,4420.864,9395.558,1951.155,4683.349,10600.92,1976.812,4372.103,10798.09,1992.067,4336.907,10731.13,2014.702,4486.743,10538.82,1978.241,4495.927,10798.85,2030.728,4239.008,10769.32,1981.396,4578.22,10837.46,2020.255,4503.232,10694.7,2016.508,4324.446,10995.75,1968.176,4365.847,10445.48,2008.945,4390.157,10877.92,1966.29,4587.679
10958.56,1975.98,4482.192,10840.93,1966.141,4689.572,10873.61,1955.12,4420.911,9395.394,1951.155,4683.22,10600.76,1976.812,4371.97,10797.91,1992.067,4337.006,10730.97,2014.702,4486.879,10538.61,1978.241,4495.955,10798.66,2030.728,4238.925,10769.22,1981.396,4578.403,10837.25,2020.255,4503.25,10694.5,2016.508,4324.505,10995.55,1968.176,4365.874,10445.28,2008.945,4390.2,10877.72,1966.29,4587.718
10958.35,1975.98,4482.207,10840.88,1966.141,4689.369,10873.41,1955.12,4420.952,9395.226,1951.155,4683.097,10600.6,1976.812,4371.834,10797.73,1992.067,4337.11,10730.81,2014.702,4487.011,10538.41,1978.241,4495.99,10798.47,2030.728,4238.836,10769.12,1981.396,4578.589,10837.04,2020.255,4503.262,10694.3,2016.508,4324.56,10995.34,1968.176,4365.907,10445.07,2008.945,4390.25,10877.51,1966.29,4587.763
10958.15,1975.98,4482.229,10840.83,1966.141,4689.167,10873.2,1955.12,4420.986,9395.054,1951.155,4682.979,10600.45,1976.812,4371.694,10797.55,1992.067,4337.219,10730.64,2014.702,4487.137,10538.21,1978.241,4496.052,10798.28,2030.728,4238.742,10769.04,1981.396,4578.778,10836.83,2020.255,4503.281,10694.1,2016.508,4324.608,10995.13,1968.176,4365.92,10444.87,2008.945,4390.298,10877.31,1966.29,4587.801
10957.86,1975.98,4482.267,10840.75,1966.141,4688.892,10872.92,1955.12,4421.024,9394.813,1951.155,4682.825,10600.24,1976.812,4371.497,10797.31,1992.067,4337.377,10730.41,2014.702,4487.302,10537.93,1978.241,4496.128,10798.03,2030.728,4238.604,10768.92,1981.396,4579.041,10836.55,2020.255,4503.316,10693.82,2016.508,4324.667,10994.85,1968.176,4365.939,10444.6,2008.945,4390.375,10877.03,1966.29,4587.844
10957.66,1975.98,4482.301,10840.69,1966.141,4688.693,10872.71,1955.12,4421.045,9394.634,1951.155,4682.719,10600.09,1976.812,4371.35,10797.14,1992.067,4337.497,10730.24,2014.702,4487.417,10537.73,1978.241,4496.177,10797.85,2030.728,4238.499,10768.85,1981.396,4579.235,10836.34,2020.255,4503.348,10693.62,2016.508,4324.705,10994.64,1968.176,4365.959,10444.39,2008.945,4390.414,10876.82,1966.29,4587.869
10957.45,1975.98,4482.328,10840.62,1966.141,4688.498,10872.51,1955.12,4421.066,9394.451,1951.155,4682.618,10599.95,1976.812,4371.2,10796.97,1992.067,4337.612,10730.06,2014.702,4487.526,10537.53,1978.241,4496.219,10797.67,2030.728,4238.4,10768.77,1981.396,4579.429,10836.14,2020.255,4503.384,10693.41,2016.508,4324.748,10994.43,1968.176,4365.977,10444.19,2008.945,4390.46,10876.61,1966.29,4587.887
10957.25,1975.98,4482.365,10840.54,1966.141,4688.304,10872.3,1955.12,4421.088,9394.266,1951.155,4682.524,10599.81,1976.812,4371.047,10796.79,1992.067,4337.722,10729.88,2014.702,4487.629,10537.32,1978.241,4496.255,10797.48,2030.728,4238.307,10768.7,1981.396,4579.624,10835.94,2020.255,4503.424,10693.21,2016.508,4324.797,10994.23,1968.176,4366,10443.98,2008.945,4390.5,10876.4,1966.29,4587.899
10957.04,1975.98,4482.395,10840.46,1966.141,4688.113,10872.09,1955.12,4421.11,9394.077,1951.155,4682.436,10599.67,1976.812,4370.892,10796.61,1992.067,4337.827,10729.68,2014.702,4487.704,10537.12,1978.241,4496.315,10797.29,2030.728,4238.22,10768.62,1981.396,4579.819,10835.73,2020.255,4503.468,10693.01,2016.508,4324.852,10994.02,1968.176,4366.025,10443.78,2008.945,4390.529,10876.2,1966.29,4587.904
10956.84,1975.98,4482.438,10840.37,1966.141,4687.925,10871.88,1955.12,4421.132,9393.886,1951.155,4682.354,10599.53,1976.812,4370.734,10796.43,1992.067,4337.927,10729.49,2014.702,4487.785,10536.92,1978.241,4496.37,10797.1,2030.728,4238.139,10768.55,1981.396,4580.012,10835.53,2020.255,4503.516,10692.81,2016.508,4324.912,10993.81,1968.176,4366.05,10443.57,2008.945,4390.564,10875.99,1966.29,4587.903
10956.63,1975.98,4482.475,10840.27,1966.141,4687.74,10871.68,1955.12,4421.155,9393.691,1951.155,4682.278,10599.4,1976.812,4370.573,10796.24,1992.067,4338.024,10729.3,2014.702,4487.872,10536.72,1978.241,4496.424,10796.91,2030.728,4238.064,10768.47,1981.396,4580.205,10835.33,2020.255,4503.566,10692.61,2016.508,4324.977,10993.61,1968.176,4366.082,10443.37,2008.945,4390.606,10875.78,1966.29,4587.896
10956.43,1975.98,4482.505,10840.17,1966.141,4687.559,10871.47,1955.12,4421.179,9393.495,1951.155,4682.208,10599.27,1976.812,4370.41,10796.06,1992.067,4338.118,10729.12,2014.702,4487.965,10536.52,1978.241,4496.494,10796.71,2030.728,4237.996,10768.39,1981.396,4580.396,10835.13,2020.255,4503.615,10692.41,2016.508,4325.045,10993.4,1968.176,4366.121,10443.17,2008.945,4390.655,10875.57,1966.29,4587.882
10956.22,1975.98,4482.528,10840.06,1966.141,4687.38,10871.26,1955.12,4421.202,9393.297,1951.155,4682.146,10599.14,1976.812,4370.245,10795.87,1992.067,4338.21,10728.93,2014.702,4488.052,10536.32,1978.241,4496.558,10796.51,2030.728,4237.934,10768.3,1981.396,4580.587,10834.92,2020.255,4503.662,10692.22,2016.508,4325.113,10993.2,1968.176,4366.166,10442.97,2008.945,4390.709,10875.36,1966.29,4587.861
10956.01,1975.98,4482.527,10839.95,1966.141,4687.206,10871.06,1955.12,4421.225,9393.097,1951.155,4682.089,10599.02,1976.812,4370.077,10795.68,1992.067,4338.301,10728.74,2014.702,4488.145,10536.12,1978.241,4496.615,10796.31,2030.728,4237.879,10768.22,1981.396,4580.776,10834.72,2020.255,4503.707,10692.02,2016.508,4325.184,10992.99,1968.176,4366.205,10442.77,2008.945,4390.768,10875.16,1966.29,4587.834
10955.8,1975.98,4482.532,10839.83,1966.141,4687.035,10870.85,1955.12,4421.247,9392.895,1951.155,4682.04,10598.9,1976.812,4369.908,10795.5,1992.067,4338.391,10728.56,2014.702,4488.244,10535.92,1978.241,4496.671,10796.11,2030.728,4237.831,10768.13,1981.396,4580.963,10834.51,2020.255,4503.75,10691.83,2016.508,4325.257,10992.79,1968.176,4366.25,10442.57,2008.945,4390.836,10874.95,1966.29,4587.8
10955.59,1975.98,4482.544,10839.7,1966.141,4686.868,10870.64,1955.12,4421.269,9392.69,1951.155,4681.997,10598.78,1976.812,4369.738,10795.31,1992.067,4338.481,10728.37,2014.702,4488.34,10535.72,1978.241,4496.728,10795.9,2030.728,4237.789,10768.03,1981.396,4581.149,10834.31,2020.255,4503.792,10691.63,2016.508,4325.33,10992.59,1968.176,4366.314,10442.37,2008.945,4390.899,10874.75,1966.29,4587.759
10955.39,1975.98,4482.537,10839.57,1966.141,4686.705,10870.44,1955.12,4421.29,9392.485,1951.155,4681.96,10598.66,1976.812,4369.566,10795.12,1992.067,4338.572,10728.19,2014.702,4488.442,10535.52,1978.241,4496.778,10795.7,2030.728,4237.753,10767.93,1981.396,4581.332,10834.11,2020.255,4503.831,10691.44,2016.508,4325.405,10992.39,1968.176,4366.373,10442.17,2008.945,4390.955,10874.55,1966.29,4587.711
10955.18,1975.98,4482.536,10839.44,1966.141,4686.547,10870.23,1955.12,4421.31,9392.279,1951.155,4681.93,10598.54,1976.812,4369.394,10794.93,1992.067,4338.665,10728.02,2014.702,4488.561,10535.32,1978.241,4496.821,10795.49,2030.728,4237.725,10767.82,1981.396,4581.511,10833.9,2020.255,4503.869,10691.24,2016.508,4325.479,10992.19,1968.176,4366.424,10441.97,2008.945,4391.017,10874.34,1966.29,4587.657
10954.97,1975.98,4482.542,10839.3,1966.141,4686.393,10870.02,1955.12,4421.329,9392.072,1951.155,4681.907,10598.43,1976.812,4369.219,10794.75,1992.067,4338.751,10727.84,2014.702,4488.673,10535.12,1978.241,4496.877,10795.28,2030.728,4237.703,10767.71,1981.396,4581.687,10833.7,2020.255,4503.906,10691.05,2016.508,4325.556,10991.99,1968.176,4366.487,10441.78,2008.945,4391.097,10874.15,1966.29,4587.597
10954.76,1975.98,4482.554,10839.15,1966.141,4686.244,10869.81,1955.12,4421.348,9391.864,1951.155,4681.891,10598.32,1976.812,4369.044,10794.55,1992.067,4338.832,10727.66,2014.702,4488.779,10534.91,1978.241,4496.928,10795.08,2030.728,4237.688,10767.59,1981.396,4581.858,10833.49,2020.255,4503.942,10690.85,2016.508,4325.632,10991.79,1968.176,4366.543,10441.58,2008.945,4391.171,10873.95,1966.29,4587.53
10954.41,1975.98,4482.587,10838.9,1966.141,4685.999,10869.46,1955.12,4421.38,9391.512,1951.155,4681.875,10598.14,1976.812,4368.741,10794.22,1992.067,4338.959,10727.35,2014.702,4488.95,10534.57,1978.241,4497.002,10794.72,2030.728,4237.672,10767.39,1981.396,4582.144,10833.14,2020.255,4504,10690.53,2016.508,4325.763,10991.45,1968.176,4366.627,10441.25,2008.945,4391.285,10873.61,1966.29,4587.427
10954.2,1975.98,4482.601,10838.74,1966.141,4685.854,10869.25,1955.12,4421.399,9391.295,1951.155,4681.873,10598.03,1976.812,4368.554,10794.02,1992.067,4339.032,10727.18,2014.702,4489.072,10534.36,1978.241,4497.064,10794.51,2030.728,4237.67,10767.25,1981.396,4582.314,10832.93,2020.255,4504.033,10690.33,2016.508,4325.843,10991.24,1968.176,4366.686,10441.05,2008.945,4391.37,10873.4,1966.29,4587.371
10953.84,1975.98,4482.611,10838.46,1966.141,4685.625,10868.89,1955.12,4421.431,9390.938,1951.155,4681.88,10597.86,1976.812,4368.24,10793.68,1992.067,4339.149,10726.88,2014.702,4489.262,10534.02,1978.241,4497.16,10794.15,2030.728,4237.677,10767.02,1981.396,4582.587,10832.58,2020.255,4504.088,10689.99,2016.508,4325.974,10990.9,1968.176,4366.793,10440.72,2008.945,4391.5,10873.05,1966.29,4587.29
10953.4,1975.98,4482.609,10838.12,1966.141,4685.352,10868.45,1955.12,4421.469,9390.499,1951.155,4681.904,10597.66,1976.812,4367.847,10793.27,1992.067,4339.294,10726.5,2014.702,4489.485,10533.6,1978.241,4497.286,10793.71,2030.728,4237.699,10766.73,1981.396,4582.917,10832.14,2020.255,4504.156,10689.58,2016.508,4326.135,10990.48,1968.176,4366.939,10440.32,2008.945,4391.685,10872.62,1966.29,4587.204
10952.9,1975.98,4482.591,10837.72,1966.141,4685.058,10867.96,1955.12,4421.51,9390.005,1951.155,4681.946,10597.45,1976.812,4367.398,10792.8,1992.067,4339.458,10726.06,2014.702,4489.722,10533.12,1978.241,4497.413,10793.22,2030.728,4237.739,10766.39,1981.396,4583.276,10831.65,2020.255,4504.23,10689.12,2016.508,4326.316,10990.02,1968.176,4367.119,10439.86,2008.945,4391.878,10872.13,1966.29,4587.123
10952.16,1975.98,4482.539,10837.1,1966.141,4684.633,10867.21,1955.12,4421.569,9389.26,1951.155,4682.035,10597.15,1976.812,4366.71,10792.09,1992.067,4339.71,10725.43,2014.702,4490.137,10532.39,1978.241,4497.581,10792.47,2030.728,4237.823,10765.86,1981.396,4583.804,10830.91,2020.255,4504.343,10688.42,2016.508,4326.589,10989.33,1968.176,4367.413,10439.16,2008.945,4392.149,10871.4,1966.29,4586.976
10951.67,1975.98,4482.521,10836.69,1966.141,4684.372,10866.73,1955.12,4421.603,9388.782,1951.155,4682.108,10596.94,1976.812,4366.273,10791.64,1992.067,4339.886,10725.02,2014.702,4490.391,10531.91,1978.241,4497.673,10791.99,2030.728,4237.862,10765.5,1981.396,4584.134,10830.43,2020.255,4504.411,10687.97,2016.508,4326.756,10988.88,1968.176,4367.588,10438.71,2008.945,4392.324,10870.92,1966.29,4586.889
10950.85,1975.98,4482.518,10835.98,1966.141,4683.949,10865.91,1955.12,4421.656,9387.97,1951.155,4682.259,10596.57,1976.812,4365.538,10790.88,1992.067,4340.208,10724.31,2014.702,4490.802,10531.1,1978.241,4497.805,10791.16,2030.728,4237.904,10764.89,1981.396,4584.682,10829.61,2020.255,4504.521,10687.19,2016.508,4327.024,10988.1,1968.176,4367.862,10437.93,2008.945,4392.599,10870.11,1966.29,4586.754
10950.28,1975.98,4482.534,10835.49,1966.141,4683.676,10865.34,1955.12,4421.688,9387.417,1951.155,4682.381,10596.3,1976.812,4365.042,10790.37,1992.067,4340.442,10723.81,2014.702,4491.067,10530.54,1978.241,4497.914,10790.6,2030.728,4237.916,10764.45,1981.396,4585.044,10829.05,2020.255,4504.593,10686.65,2016.508,4327.196,10987.56,1968.176,4368.032,10437.39,2008.945,4392.77,10869.55,1966.29,4586.672
10949.6,1975.98,4482.576,10834.88,1966.141,4683.366,10864.66,1955.12,4421.722,9386.757,1951.155,4682.549,10595.95,1976.812,4364.455,10789.76,1992.067,4340.743,10723.2,2014.702,4491.367,10529.9,1978.241,4498.139,10789.92,2030.728,4237.909,10763.92,1981.396,4585.467,10828.38,2020.255,4504.673,10686,2016.508,4327.391,10986.91,1968.176,4368.216,10436.75,2008.945,4393.003,10868.87,1966.29,4586.585
10948.79,1975.98,4482.653,10834.14,1966.141,4683.018,10863.85,1955.12,4421.757,9385.971,1951.155,4682.777,10595.51,1976.812,4363.762,10789.03,1992.067,4341.125,10722.45,2014.702,4491.704,10529.12,1978.241,4498.385,10789.1,2030.728,4237.875,10763.26,1981.396,4585.959,10827.57,2020.255,4504.763,10685.21,2016.508,4327.608,10986.11,1968.176,4368.41,10435.98,2008.945,4393.258,10868.06,1966.29,4586.495
10947.93,1975.98,4482.763,10833.35,1966.141,4682.675,10862.98,1955.12,4421.789,9385.147,1951.155,4683.046,10595.03,1976.812,4363.044,10788.28,1992.067,4341.55,10721.65,2014.702,4492.034,10528.28,1978.241,4498.618,10788.24,2030.728,4237.813,10762.56,1981.396,4586.462,10826.7,2020.255,4504.851,10684.37,2016.508,4327.821,10985.26,1968.176,4368.588,10435.15,2008.945,4393.501,10867.2,1966.29,4586.416
10947.02,1975.98,4482.849,10832.5,1966.141,4682.342,10862.07,1955.12,4421.826,9384.291,1951.155,4683.356,10594.5,1976.812,4362.304,10787.47,1992.067,4341.972,10720.82,2014.702,4492.406,10527.4,1978.241,4498.845,10787.33,2030.728,4237.776,10761.8,1981.396,4586.971,10825.8,2020.255,4504.945,10683.49,2016.508,4328.036,10984.38,1968.176,4368.805,10434.3,2008.945,4393.838,10866.29,1966.29,4586.303
10946.07,1975.98,4482.908,10831.6,1966.141,4682.022,10861.12,1955.12,4421.868,9383.381,1951.155,4683.653,10593.92,1976.812,4361.544,10786.61,1992.067,4342.388,10719.96,2014.702,4492.823,10526.48,1978.241,4499.098,10786.37,2030.728,4237.767,10761,1981.396,4587.482,10824.85,2020.255,4505.047,10682.56,2016.508,4328.253,10983.46,1968.176,4369.063,10433.4,2008.945,4394.164,10865.35,1966.29,4586.153
10945.07,1975.98,4482.937,10830.65,1966.141,4681.719,10860.12,1955.12,4421.914,9382.424,1951.155,4683.931,10593.29,1976.812,4360.771,10785.7,1992.067,4342.791,10719.07,2014.702,4493.282,10525.52,1978.241,4499.367,10785.37,2030.728,4237.788,10760.14,1981.396,4587.989,10823.86,2020.255,4505.154,10681.58,2016.508,4328.47,10982.51,1968.176,4369.362,10432.5,2008.945,4394.59,10864.37,1966.29,4585.965
10944.02,1975.98,4482.933,10829.64,1966.141,4681.435,10859.08,1955.12,4421.962,9381.411,1951.155,4684.189,10592.61,1976.812,4359.98,10784.73,1992.067,4343.183,10718.16,2014.702,4493.789,10524.5,1978.241,4499.615,10784.33,2030.728,4237.842,10759.22,1981.396,4588.495,10822.82,2020.255,4505.268,10680.56,2016.508,4328.688,10981.52,1968.176,4369.708,10431.54,2008.945,4395.005,10863.35,1966.29,4585.734
10942.94,1975.98,4482.894,10828.59,1966.141,4681.174,10858,1955.12,4422.012,9380.354,1951.155,4684.422,10591.88,1976.812,4359.183,10783.71,1992.067,4343.555,10717.23,2014.702,4494.341,10523.45,1978.241,4499.837,10783.25,2030.728,4237.931,10758.26,1981.396,4588.99,10821.74,2020.255,4505.388,10679.5,2016.508,4328.902,10980.51,1968.176,4370.1,10430.53,2008.945,4395.403,10862.3,1966.29,4585.461
10941.82,1975.98,4482.817,10827.5,1966.141,4680.939,10856.88,1955.12,4422.061,9379.252,1951.155,4684.628,10591.09,1976.812,4358.379,10782.65,1992.067,4343.911,10716.28,2014.702,4494.939,10522.36,1978.241,4500.121,10782.14,2030.728,4238.058,10757.25,1981.396,4589.474,10820.63,2020.255,4505.513,10678.4,2016.508,4329.114,10979.48,1968.176,4370.54,10429.48,2008.945,4395.781,10861.23,1966.29,4585.143
10940.67,1975.98,4482.699,10826.35,1966.141,4680.734,10855.72,1955.12,4422.109,9378.104,1951.155,4684.803,10590.26,1976.812,4357.571,10781.54,1992.067,4344.246,10715.31,2014.702,4495.584,10521.24,1978.241,4500.408,10780.99,2030.728,4238.225,10756.19,1981.396,4589.944,10819.48,2020.255,4505.643,10677.26,2016.508,4329.323,10978.43,1968.176,4371.029,10428.37,2008.945,4396.136,10860.13,1966.29,4584.776
10939.47,1975.98,4482.614,10825.17,1966.141,4680.562,10854.52,1955.12,4422.139,9376.916,1951.155,4684.945,10589.38,1976.812,4356.764,10780.4,1992.067,4344.625,10714.3,2014.702,4496.218,10520.07,1978.241,4500.675,10779.8,2030.728,4238.361,10755.11,1981.396,4590.46,10818.29,2020.255,4505.764,10676.08,2016.508,4329.516,10977.36,1968.176,4371.57,10427.22,2008.945,4396.464,10859,1966.29,4584.371
10938.24,1975.98,4482.564,10823.94,1966.141,4680.423,10853.29,1955.12,4422.15,9375.684,1951.155,4685.052,10588.44,1976.812,4355.958,10779.24,1992.067,4345.051,10713.23,2014.702,4496.838,10518.86,1978.241,4500.948,10778.57,2030.728,4238.463,10754,1981.396,4590.998,10817.05,2020.255,4505.874,10674.85,2016.508,4329.692,10976.28,1968.176,4372.164,10426.03,2008.945,4396.781,10857.85,1966.29,4583.923
10936.54,1975.98,4482.547,10822.24,1966.141,4680.288,10851.59,1955.12,4422.137,9373.986,1951.155,4685.143,10587.12,1976.812,4354.886,10777.66,1992.067,4345.683,10711.73,2014.702,4497.642,10517.25,1978.241,4501.484,10776.87,2030.728,4238.552,10752.47,1981.396,4591.743,10815.36,2020.255,4506.004,10673.17,2016.508,4329.905,10974.81,1968.176,4373.028,10424.35,2008.945,4397.039,10856.28,1966.29,4583.266
10935.52,1975.98,4482.569,10821.22,1966.141,4680.239,10850.57,1955.12,4422.113,9372.966,1951.155,4685.164,10586.31,1976.812,4354.266,10776.73,1992.067,4346.09,10710.82,2014.702,4498.096,10516.27,1978.241,4501.774,10775.85,2030.728,4238.574,10751.55,1981.396,4592.195,10814.34,2020.255,4506.07,10672.15,2016.508,4330.015,10973.95,1968.176,4373.575,10423.33,2008.945,4397.142,10855.35,1966.29,4582.847
10934.34,1975.98,4482.63,10820.04,1966.141,4680.222,10849.38,1955.12,4422.065,9371.781,1951.155,4685.149,10585.35,1976.812,4353.574,10775.66,1992.067,4346.595,10709.74,2014.702,4498.588,10515.13,1978.241,4502.074,10774.67,2030.728,4238.563,10750.5,1981.396,4592.725,10813.16,2020.255,4506.131,10670.97,2016.508,4330.122,10972.97,1968.176,4374.243,10422.16,2008.945,4397.299,10854.28,1966.29,4582.332
10932.45,1975.98,4482.788,10818.15,1966.141,4680.256,10847.49,1955.12,4421.958,9369.888,1951.155,4685.065,10583.78,1976.812,4352.51,10773.97,1992.067,4347.453,10707.99,2014.702,4499.319,10513.28,1978.241,4502.492,10772.77,2030.728,4238.487,10748.81,1981.396,4593.582,10811.27,2020.255,4506.205,10669.08,2016.508,4330.259,10971.44,1968.176,4375.36,10420.28,2008.945,4397.534,10852.6,1966.29,4581.461
10931.52,1975.98,4482.896,10817.21,1966.141,4680.304,10846.56,1955.12,4421.889,9368.955,1951.155,4684.993,10582.99,1976.812,4352.007,10773.12,1992.067,4347.85,10707.12,2014.702,4499.652,10512.36,1978.241,4502.669,10771.84,2030.728,4238.479,10747.97,1981.396,4594.01,10810.33,2020.255,4506.229,10668.15,2016.508,4330.311,10970.67,1968.176,4375.887,10419.35,2008.945,4397.675,10851.78,1966.29,4581.009
10930.16,1975.98,4483.009,10815.84,1966.141,4680.329,10845.2,1955.12,4421.805,9367.598,1951.155,4684.842,10581.81,1976.812,4351.31,10771.87,1992.067,4348.393,10705.85,2014.702,4500.175,10511.01,1978.241,4502.883,10770.47,2030.728,4238.508,10746.74,1981.396,4594.599,10808.97,2020.255,4506.257,10666.79,2016.508,4330.349,10969.56,1968.176,4376.693,10418.01,2008.945,4397.925,10850.56,1966.29,4580.387
10928.7,1975.98,4483.083,10814.39,1966.141,4680.308,10843.74,1955.12,4421.73,9366.155,1951.155,4684.635,10580.54,1976.812,4350.608,10770.51,1992.067,4348.931,10704.52,2014.702,4500.771,10509.58,1978.241,4503.179,10769.02,2030.728,4238.585,10745.41,1981.396,4595.186,10807.51,2020.255,4506.282,10665.33,2016.508,4330.35,10968.42,1968.176,4377.59,10416.58,2008.945,4398.239,10849.25,1966.29,4579.767
10927.21,1975.98,4483.108,10812.9,1966.141,4680.238,10842.26,1955.12,4421.667,9364.691,1951.155,4684.375,10579.21,1976.812,4349.935,10769.11,1992.067,4349.438,10703.19,2014.702,4501.418,10508.16,1978.241,4503.63,10767.53,2030.728,4238.709,10744.03,1981.396,4595.744,10806.02,2020.255,4506.306,10663.84,2016.508,4330.312,10967.27,1968.176,4378.543,10415.1,2008.945,4398.377,10847.88,1966.29,4579.179
10925.7,1975.98,4483.085,10811.4,1966.141,4680.118,10840.75,1955.12,4421.613,9363.214,1951.155,4684.063,10577.84,1976.812,4349.296,10767.68,1992.067,4349.909,10701.84,2014.702,4502.113,10506.71,1978.241,4504.042,10766.03,2030.728,4238.882,10742.62,1981.396,4596.268,10804.52,2020.255,4506.333,10662.33,2016.508,4330.236,10966.15,1968.176,4379.548,10413.61,2008.945,4398.566,10846.47,1966.29,4578.627
10923.58,1975.98,4482.984,10809.28,1966.141,4679.881,10838.62,1955.12,4421.549,9361.149,1951.155,4683.555,10575.89,1976.812,4348.459,10765.64,1992.067,4350.511,10699.93,2014.702,4503.03,10504.65,1978.241,4504.554,10763.93,2030.728,4239.191,10740.61,1981.396,4596.964,10802.39,2020.255,4506.376,10660.21,2016.508,4330.078,10964.61,1968.176,4381.013,10411.51,2008.945,4398.902,10844.47,1966.29,4577.915
10922.53,1975.98,4482.9,10808.25,1966.141,4679.73,10837.58,1955.12,4421.522,9360.14,1951.155,4683.271,10574.91,1976.812,4348.079,10764.62,1992.067,4350.777,10698.96,2014.702,4503.451,10503.62,1978.241,4504.773,10762.9,2030.728,4239.375,10739.61,1981.396,4597.286,10801.34,2020.255,4506.401,10659.17,2016.508,4329.979,10963.87,1968.176,4381.76,10410.48,2008.945,4399.101,10843.47,1966.29,4577.597
10921.03,1975.98,4482.729,10806.75,1966.141,4679.464,10836.06,1955.12,4421.488,9358.694,1951.155,4682.813,10573.48,1976.812,4347.575,10763.15,1992.067,4351.116,10697.56,2014.702,4504.013,10502.16,1978.241,4505.168,10761.42,2030.728,4239.687,10738.16,1981.396,4597.722,10799.83,2020.255,4506.442,10657.67,2016.508,4329.806,10962.84,1968.176,4382.873,10409,2008.945,4399.438,10842.01,1966.29,4577.184
10919.43,1975.98,4482.495,10805.18,1966.141,4679.129,10834.45,1955.12,4421.496,9357.174,1951.155,4682.277,10571.95,1976.812,4347.077,10761.57,1992.067,4351.429,10696.04,2014.702,4504.562,10500.59,1978.241,4505.537,10759.85,2030.728,4240.067,10736.6,1981.396,4598.135,10798.22,2020.255,4506.443,10656.07,2016.508,4329.593,10961.78,1968.176,4384.091,10407.44,2008.945,4399.847,10840.45,1966.29,4576.782
10917.42,1975.98,4482.267,10803.21,1966.141,4678.644,10832.43,1955.12,4421.559,9355.287,1951.155,4681.541,10570.01,1976.812,4346.497,10759.57,1992.067,4351.76,10694.12,2014.702,4505.189,10498.6,1978.241,4505.935,10757.9,2030.728,4240.605,10734.63,1981.396,4598.592,10796.19,2020.255,4506.392,10654.07,2016.508,4329.288,10960.41,1968.176,4385.576,10405.48,2008.945,4400.336,10838.48,1966.29,4576.324
10915.48,1975.98,4482.111,10801.34,1966.141,4678.115,10830.48,1955.12,4421.67,9353.499,1951.155,4680.775,10568.13,1976.812,4345.984,10757.64,1992.067,4352.019,10692.25,2014.702,4505.73,10496.69,1978.241,4506.255,10756.04,2030.728,4241.18,10732.72,1981.396,4598.97,10794.25,2020.255,4506.292,10652.15,2016.508,4328.957,10959.04,1968.176,4386.959,10403.56,2008.945,4400.689,10836.58,1966.29,4575.929
10914.06,1975.98,4482.044,10799.98,1966.141,4677.685,10829.07,1955.12,4421.787,9352.21,1951.155,4680.172,10566.75,1976.812,4345.64,10756.23,1992.067,4352.166,10690.87,2014.702,4506.082,10495.28,1978.241,4506.443,10754.69,2030.728,4241.642,10731.31,1981.396,4599.202,10792.83,2020.255,4506.184,10650.75,2016.508,4328.686,10958.01,1968.176,4387.938,10402.17,2008.945,4400.993,10835.18,1966.29,4575.674
10912.78,1975.98,4482.025,10798.74,1966.141,4677.336,10827.79,1955.12,4421.923,9351.064,1951.155,4679.59,10565.5,1976.812,4345.357,10754.95,1992.067,4352.26,10689.62,2014.702,4506.374,10494.01,1978.241,4506.655,10753.49,2030.728,4242.096,10730.04,1981.396,4599.371,10791.55,2020.255,4506.053,10649.5,2016.508,4328.416,10957.04,1968.176,4388.791,10400.93,2008.945,4401.308,10833.91,1966.29,4575.475
10911.06,1975.98,4482.056,10797.07,1966.141,4676.923,10826.08,1955.12,4422.145,9349.557,1951.155,4678.761,10563.81,1976.812,4345.015,10753.23,1992.067,4352.335,10687.93,2014.702,4506.709,10492.31,1978.241,4506.947,10751.9,2030.728,4242.753,10728.33,1981.396,4599.543,10789.85,2020.255,4505.835,10647.83,2016.508,4328.018,10955.72,1968.176,4389.889,10399.27,2008.945,4401.785,10832.2,1966.29,4575.25
10908.73,1975.98,4482.174,10794.8,1966.141,4676.439,10823.78,1955.12,4422.493,9347.556,1951.155,4677.574,10561.52,1976.812,4344.601,10750.9,1992.067,4352.369,10685.63,2014.702,4507.089,10490.01,1978.241,4507.275,10749.78,2030.728,4243.708,10726.01,1981.396,4599.702,10787.55,2020.255,4505.482,10645.57,2016.508,4327.43,10953.88,1968.176,4391.316,10397.02,2008.945,4402.355,10829.89,1966.29,4575.004
10907.36,1975.98,4482.289,10793.45,1966.141,4676.198,10822.43,1955.12,4422.726,9346.398,1951.155,4676.834,10560.17,1976.812,4344.346,10749.53,1992.067,4352.35,10684.27,2014.702,4507.269,10488.66,1978.241,4507.514,10748.54,2030.728,4244.309,10724.64,1981.396,4599.753,10786.19,2020.255,4505.294,10644.24,2016.508,4327.099,10952.77,1968.176,4392.122,10395.66,2008.945,4402.567,10828.52,1966.29,4574.904
10905.79,1975.98,4482.472,10791.88,1966.141,4675.972,10820.88,1955.12,4423.023,9345.096,1951.155,4675.941,10558.6,1976.812,4344.23,10747.95,1992.067,4352.282,10682.7,2014.702,4507.423,10487.09,1978.241,4507.736,10747.14,2030.728,4245.042,10723.06,1981.396,4599.763,10784.62,2020.255,4505.1,10642.71,2016.508,4326.735,10951.46,1968.176,4393.006,10394.11,2008.945,4402.862,10826.95,1966.29,4574.737
10903.26,1975.98,4482.852,10789.35,1966.141,4675.609,10818.36,1955.12,4423.488,9343.033,1951.155,4674.426,10556.05,1976.812,4343.958,10745.4,1992.067,4352.097,10680.15,2014.702,4507.591,10484.55,1978.241,4508.014,10744.92,2030.728,4246.3,10720.5,1981.396,4599.699,10782.08,2020.255,4504.812,10640.2,2016.508,4326.197,10949.3,1968.176,4394.37,10391.61,2008.945,4403.422,10824.41,1966.29,4574.383
10900.87,1975.98,4483.292,10786.93,1966.141,4675.343,10815.97,1955.12,4423.919,9341.119,1951.155,4672.92,10553.62,1976.812,4343.786,10742.97,1992.067,4351.848,10677.71,2014.702,4507.671,10482.14,1978.241,4508.358,10742.83,2030.728,4247.561,10718.07,1981.396,4599.56,10779.66,2020.255,4504.557,10637.81,2016.508,4325.729,10947.19,1968.176,4395.6,10389.23,2008.945,4403.933,10822.01,1966.29,4573.977
10900.16,1975.98,4483.446,10786.2,1966.141,4675.287,10815.25,1955.12,4424.046,9340.562,1951.155,4672.451,10552.9,1976.812,4343.728,10742.25,1992.067,4351.753,10676.98,2014.702,4507.671,10481.43,1978.241,4508.542,10742.22,2030.728,4247.956,10717.34,1981.396,4599.495,10778.93,2020.255,4504.486,10637.1,2016.508,4325.606,10946.55,1968.176,4395.946,10388.52,2008.945,4404.108,10821.3,1966.29,4573.836
10898.88,1975.98,4483.768,10784.89,1966.141,4675.144,10813.95,1955.12,4424.271,9339.583,1951.155,4671.572,10551.59,1976.812,4343.58,10740.95,1992.067,4351.543,10675.67,2014.702,4507.628,10480.18,1978.241,4508.957,10741.14,2030.728,4248.703,10716.04,1981.396,4599.335,10777.62,2020.255,4504.361,10635.8,2016.508,4325.412,10945.38,1968.176,4396.535,10387.25,2008.945,4404.467,10820,1966.29,4573.604
10895.49,1975.98,4484.739,10781.4,1966.141,4674.644,10810.48,1955.12,4424.872,9337.039,1951.155,4669.131,10548.09,1976.812,4343.161,10737.49,1992.067,4350.88,10672.15,2014.702,4507.398,10476.8,1978.241,4509.958,10738.29,2030.728,4250.789,10712.55,1981.396,4598.795,10774.12,2020.255,4504.035,10632.3,2016.508,4324.953,10942.17,1968.176,4398.007,10383.83,2008.945,4405.318,10816.55,1966.29,4572.892
10895.04,1975.98,4484.875,10780.94,1966.141,4674.562,10810.02,1955.12,4424.952,9336.711,1951.155,4668.795,10547.63,1976.812,4343.062,10737.03,1992.067,4350.807,10671.68,2014.702,4507.403,10476.35,1978.241,4510.077,10737.91,2030.728,4251.054,10712.09,1981.396,4598.708,10773.65,2020.255,4503.992,10631.83,2016.508,4324.903,10941.74,1968.176,4398.19,10383.37,2008.945,4405.412,10816.09,1966.29,4572.801
10892.57,1975.98,4485.71,10778.37,1966.141,4674.119,10807.45,1955.12,4425.396,9334.948,1951.155,4666.867,10545.09,1976.812,4342.455,10734.44,1992.067,4350.483,10669.07,2014.702,4507.435,10473.8,1978.241,4510.654,10735.71,2030.728,4252.459,10709.54,1981.396,4598.142,10771.05,2020.255,4503.765,10629.24,2016.508,4324.644,10939.34,1968.176,4399.213,10380.77,2008.945,4405.648,10813.54,1966.29,4572.229
10891.37,1975.98,4486.156,10777.12,1966.141,4673.861,10806.19,1955.12,4425.615,9334.119,1951.155,4665.898,10543.84,1976.812,4342.2,10733.17,1992.067,4350.367,10667.79,2014.702,4507.408,10472.55,1978.241,4510.895,10734.61,2030.728,4253.109,10708.3,1981.396,4597.826,10769.78,2020.255,4503.657,10627.97,2016.508,4324.526,10938.17,1968.176,4399.731,10379.51,2008.945,4405.805,10812.3,1966.29,4571.922
10889.67,1975.98,4486.852,10775.33,1966.141,4673.45,10804.38,1955.12,4425.874,9332.973,1951.155,4664.466,10542.03,1976.812,4341.891,10731.33,1992.067,4350.259,10665.96,2014.702,4507.311,10470.74,1978.241,4511.184,10733,2030.728,4253.993,10706.54,1981.396,4597.313,10767.94,2020.255,4503.559,10626.14,2016.508,4324.374,10936.47,1968.176,4400.422,10377.69,2008.945,4406.09,10810.53,1966.29,4571.444
10887.61,1975.98,4487.608,10773.21,1966.141,4672.888,10802.19,1955.12,4426.12,9331.657,1951.155,4662.708,10539.88,1976.812,4341.438,10729.14,1992.067,4350.201,10663.77,2014.702,4507.122,10468.57,1978.241,4511.54,10731.04,2030.728,4254.986,10704.46,1981.396,4596.633,10765.75,2020.255,4503.508,10623.95,2016.508,4324.22,10934.53,1968.176,4401.454,10375.51,2008.945,4406.287,10808.4,1966.29,4570.956
10885.6,1975.98,4488.419,10771.1,1966.141,4672.377,10800.03,1955.12,4426.299,9330.415,1951.155,4660.93,10537.75,1976.812,4341.059,10726.97,1992.067,4350.214,10661.62,2014.702,4506.864,10466.42,1978.241,4511.821,10729.08,2030.728,4255.904,10702.42,1981.396,4595.895,10763.58,2020.255,4503.522,10621.79,2016.508,4324.084,10932.58,1968.176,4402.41,10373.35,2008.945,4406.552,10806.29,1966.29,4570.423
10884.24,1975.98,4489.013,10769.64,1966.141,4672.107,10798.55,1955.12,4426.382,9329.526,1951.155,4659.742,10536.28,1976.812,4340.848,10725.49,1992.067,4350.271,10660.15,2014.702,4506.64,10464.94,1978.241,4511.896,10727.71,2030.728,4256.488,10701.04,1981.396,4595.345,10762.1,2020.255,4503.572,10620.31,2016.508,4324.011,10931.23,1968.176,4403.02,10371.89,2008.945,4406.781,10804.86,1966.29,4570.04
10882.41,1975.98,4489.75,10767.71,1966.141,4671.684,10796.58,1955.12,4426.479,9328.293,1951.155,4658.202,10534.32,1976.812,4340.632,10723.52,1992.067,4350.411,10658.21,2014.702,4506.279,10462.97,1978.241,4512.06,10725.87,2030.728,4257.204,10699.2,1981.396,4594.635,10760.13,2020.255,4503.683,10618.33,2016.508,4323.945,10929.41,1968.176,4403.771,10369.95,2008.945,4407.15,10802.97,1966.29,4569.468
10880.55,1975.98,4490.441,10765.79,1966.141,4671.194,10794.6,1955.12,4426.567,9327.001,1951.155,4656.693,10532.34,1976.812,4340.423,10721.54,1992.067,4350.616,10656.29,2014.702,4505.792,10460.99,1978.241,4511.966,10724,2030.728,4257.864,10697.36,1981.396,4593.872,10758.15,2020.255,4503.824,10616.35,2016.508,4323.916,10927.55,1968.176,4404.478,10368.01,2008.945,4407.584,10801.06,1966.29,4568.953
10877.94,1975.98,4491.331,10763.14,1966.141,4670.427,10791.84,1955.12,4426.68,9325.139,1951.155,4654.657,10529.59,1976.812,4340.222,10718.81,1992.067,4350.989,10653.59,2014.702,4505.202,10458.23,1978.241,4511.927,10721.37,2030.728,4258.695,10694.85,1981.396,4592.743,10755.4,2020.255,4504.04,10613.59,2016.508,4323.927,10925.1,1968.176,4405.746,10365.26,2008.945,4407.776,10798.37,1966.29,4568.323
10876.66,1975.98,4491.733,10761.86,1966.141,4670.014,10790.5,1955.12,4426.732,9324.204,1951.155,4653.699,10528.25,1976.812,4340.168,10717.49,1992.067,4351.212,10652.29,2014.702,4504.895,10456.89,1978.241,4511.951,10720.09,2030.728,4259.102,10693.64,1981.396,4592.168,10754.06,2020.255,4504.131,10612.25,2016.508,4323.962,10923.89,1968.176,4406.321,10363.93,2008.945,4407.913,10797.06,1966.29,4568.059
10874.74,1975.98,4492.293,10760.02,1966.141,4669.253,10788.51,1955.12,4426.805,9322.762,1951.155,4652.316,10526.26,1976.812,4340.072,10715.53,1992.067,4351.608,10650.34,2014.702,4504.464,10454.89,1978.241,4512.053,10718.17,2030.728,4259.647,10691.85,1981.396,4591.271,10752.07,2020.255,4504.215,10610.26,2016.508,4324.062,10922.06,1968.176,4407.121,10361.95,2008.945,4408.181,10795.11,1966.29,4567.601
10872.42,1975.98,4492.948,10757.75,1966.141,4668.407,10786.09,1955.12,4426.883,9320.964,1951.155,4650.701,10523.84,1976.812,4339.99,10713.18,1992.067,4352.163,10647.96,2014.702,4504.02,10452.48,1978.241,4512.188,10715.83,2030.728,4260.23,10689.72,1981.396,4590.136,10749.66,2020.255,4504.36,10607.85,2016.508,4324.236,10919.88,1968.176,4408.155,10359.56,2008.945,4408.584,10792.78,1966.29,4566.971
10871.41,1975.98,4493.211,10756.77,1966.141,4668.075,10785.06,1955.12,4426.916,9320.168,1951.155,4650.032,10522.8,1976.812,4339.988,10712.17,1992.067,4352.433,10646.95,2014.702,4503.796,10451.44,1978.241,4512.279,10714.81,2030.728,4260.448,10688.8,1981.396,4589.647,10748.62,2020.255,4504.406,10606.81,2016.508,4324.336,10918.92,1968.176,4408.569,10358.54,2008.945,4408.792,10791.78,1966.29,4566.667
10868.13,1975.98,4494.161,10753.56,1966.141,4666.877,10781.64,1955.12,4427.011,9317.479,1951.155,4647.916,10519.38,1976.812,4340.095,10708.9,1992.067,4353.42,10643.72,2014.702,4502.655,10448.03,1978.241,4512.425,10711.45,2030.728,4261.112,10685.81,1981.396,4587.983,10745.21,2020.255,4504.598,10603.42,2016.508,4324.75,10915.74,1968.176,4409.829,10355.18,2008.945,4409.439,10788.54,1966.29,4565.562
10866.44,1975.98,4494.59,10751.86,1966.141,4666.498,10779.9,1955.12,4427.058,9316.075,1951.155,4646.885,10517.64,1976.812,4340.035,10707.25,1992.067,4353.97,10642.06,2014.702,4502.129,10446.29,1978.241,4512.556,10709.75,2030.728,4261.462,10684.31,1981.396,4587.101,10743.47,2020.255,4504.694,10601.7,2016.508,4325.007,10914.1,1968.176,4410.416,10353.49,2008.945,4409.825,10786.88,1966.29,4565.054
10864.64,1975.98,4494.985,10750.07,1966.141,4666.095,10778.06,1955.12,4427.105,9314.558,1951.155,4645.845,10515.8,1976.812,4340.031,10705.52,1992.067,4354.597,10640.29,2014.702,4501.63,10444.46,1978.241,4512.754,10707.96,2030.728,4261.892,10682.73,1981.396,4586.157,10741.63,2020.255,4504.797,10599.88,2016.508,4325.321,10912.35,1968.176,4410.979,10351.71,2008.945,4410.291,10785.1,1966.29,4564.575
10862.69,1975.98,4495.35,10748.14,1966.141,4665.597,10776.07,1955.12,4427.156,9312.882,1951.155,4644.775,10513.81,1976.812,4340.092,10703.63,1992.067,4355.226,10638.42,2014.702,4500.956,10442.49,1978.241,4513.033,10706.04,2030.728,4262.419,10681,1981.396,4585.193,10739.64,2020.255,4504.843,10597.93,2016.508,4325.709,10910.44,1968.176,4411.526,10349.77,2008.945,4410.73,10783.2,1966.29,4564
10860.54,1975.98,4495.68,10746.06,1966.141,4664.983,10773.9,1955.12,4427.207,9311.012,1951.155,4643.665,10511.64,1976.812,4340.23,10701.59,1992.067,4355.974,10636.35,2014.702,4500.286,10440.34,1978.241,4513.361,10703.96,2030.728,4263.063,10679.06,1981.396,4584.202,10737.47,2020.255,4504.823,10595.81,2016.508,4326.188,10908.33,1968.176,4412.056,10347.6,2008.945,4410.951,10781.1,1966.29,4563.438
10857.9,1975.98,4495.998,10743.44,1966.141,4664.491,10771.24,1955.12,4427.257,9308.681,1951.155,4642.383,10509,1976.812,4340.486,10699.12,1992.067,4356.958,10633.79,2014.702,4499.549,10437.7,1978.241,4513.677,10701.37,2030.728,4263.672,10676.65,1981.396,4583.067,10734.81,2020.255,4504.711,10593.24,2016.508,4326.845,10905.76,1968.176,4412.746,10344.95,2008.945,4411.109,10778.51,1966.29,4562.835
10856.73,1975.98,4496.101,10742.3,1966.141,4664.237,10770.07,1955.12,4427.317,9307.638,1951.155,4641.853,10507.84,1976.812,4340.637,10698.02,1992.067,4357.356,10632.66,2014.702,4499.262,10436.54,1978.241,4513.854,10700.23,2030.728,4263.923,10675.58,1981.396,4582.603,10733.64,2020.255,4504.624,10592.11,2016.508,4327.165,10904.62,1968.176,4413.013,10343.78,2008.945,4411.209,10777.36,1966.29,4562.608
10853.74,1975.98,4496.269,10739.39,1966.141,4663.49,10767.08,1955.12,4427.566,9304.919,1951.155,4640.582,10504.87,1976.812,4341.12,10695.17,1992.067,4358.287,10629.73,2014.702,4498.621,10433.62,1978.241,4514.551,10697.28,2030.728,4264.476,10672.79,1981.396,4581.503,10730.66,2020.255,4504.319,10589.25,2016.508,4328.065,10901.68,1968.176,4413.6,10340.8,2008.945,4411.563,10774.4,1966.29,4562.121
10852.32,1975.98,4496.303,10737.99,1966.141,4663.325,10765.68,1955.12,4427.729,9303.618,1951.155,4640.024,10503.49,1976.812,4341.393,10693.81,1992.067,4358.682,10628.32,2014.702,4498.529,10432.24,1978.241,4514.834,10695.9,2030.728,4264.783,10671.45,1981.396,4581.028,10729.26,2020.255,4504.13,10587.91,2016.508,4328.529,10900.28,1968.176,4413.839,10339.4,2008.945,4411.775,10773,1966.29,4561.878
10850.22,1975.98,4496.288,10735.89,1966.141,4663.141,10763.6,1955.12,4428.035,9301.661,1951.155,4639.261,10501.44,1976.812,4341.866,10691.77,1992.067,4359.206,10626.23,2014.702,4498.325,10430.17,1978.241,4515.188,10693.86,2030.728,4265.304,10669.45,1981.396,4580.387,10727.22,2020.255,4503.6,10585.95,2016.508,4329.274,10898.2,1968.176,4414.126,10337.34,2008.945,4412.15,10770.92,1966.29,4561.585
10847.49,1975.98,4496.183,10733.18,1966.141,4662.864,10760.91,1955.12,4428.513,9299.087,1951.155,4638.352,10498.8,1976.812,4342.568,10689.11,1992.067,4359.804,10623.52,2014.702,4497.97,10427.46,1978.241,4515.558,10691.24,2030.728,4266.068,10666.83,1981.396,4579.629,10724.56,2020.255,4502.999,10583.42,2016.508,4330.317,10895.49,1968.176,4414.411,10334.61,2008.945,4412.319,10768.19,1966.29,4561.599
10846.02,1975.98,4496.083,10731.72,1966.141,4662.667,10759.47,1955.12,4428.814,9297.684,1951.155,4637.908,10497.37,1976.812,4342.898,10687.66,1992.067,4360.084,10622.07,2014.702,4497.731,10426.04,1978.241,4515.952,10689.83,2030.728,4266.484,10665.42,1981.396,4579.22,10723.11,2020.255,4502.721,10582.08,2016.508,4330.919,10894.02,1968.176,4414.516,10333.15,2008.945,4412.458,10766.72,1966.29,4561.559
10844.17,1975.98,4495.933,10729.89,1966.141,4662.357,10757.66,1955.12,4429.246,9295.894,1951.155,4637.405,10495.57,1976.812,4343.375,10685.83,1992.067,4360.389,10620.24,2014.702,4497.37,10424.24,1978.241,4516.391,10688.03,2030.728,4266.95,10663.61,1981.396,4578.762,10721.28,2020.255,4502.431,10580.41,2016.508,4331.729,10892.16,1968.176,4414.588,10331.3,2008.945,4412.694,10764.87,1966.29,4561.454
10840.94,1975.98,4495.575,10726.66,1966.141,4661.922,10754.52,1955.12,4430.09,9292.734,1951.155,4636.629,10492.45,1976.812,4344.31,10682.61,1992.067,4360.842,10616.99,2014.702,4497.216,10421.08,1978.241,4517.172,10684.86,2030.728,4267.661,10660.44,1981.396,4578.063,10718.05,2020.255,4502.029,10577.52,2016.508,4333.232,10888.92,1968.176,4414.807,10328.09,2008.945,4413.212,10761.61,1966.29,4561.461
10839.5,1975.98,4495.448,10725.23,1966.141,4661.776,10753.14,1955.12,4430.5,9291.325,1951.155,4636.331,10491.08,1976.812,4344.729,10681.18,1992.067,4361.016,10615.55,2014.702,4497.186,10419.67,1978.241,4517.472,10683.44,2030.728,4267.93,10659.02,1981.396,4577.8,10716.62,2020.255,4501.829,10576.27,2016.508,4333.934,10887.48,1968.176,4414.857,10326.68,2008.945,4413.488,10760.17,1966.29,4561.417
10836.63,1975.98,4495.111,10722.37,1966.141,4661.392,10750.39,1955.12,4431.386,9288.48,1951.155,4635.826,10488.34,1976.812,4345.661,10678.31,1992.067,4361.33,10612.67,2014.702,4497.029,10416.83,1978.241,4517.981,10680.63,2030.728,4268.622,10656.17,1981.396,4577.365,10713.75,2020.255,4501.523,10573.79,2016.508,4335.415,10884.6,1968.176,4415.119,10323.79,2008.945,4413.65,10757.29,1966.29,4561.234
10835.2,1975.98,4494.911,10720.94,1966.141,4661.153,10749.02,1955.12,4431.858,9287.045,1951.155,4635.62,10486.98,1976.812,4346.173,10676.87,1992.067,4361.492,10611.22,2014.702,4497.104,10415.39,1978.241,4518.189,10679.22,2030.728,4268.922,10654.73,1981.396,4577.193,10712.3,2020.255,4501.417,10572.56,2016.508,4336.193,10883.16,1968.176,4415.269,10322.34,2008.945,4413.722,10755.84,1966.29,4561.289
10833.07,1975.98,4494.611,10718.82,1966.141,4660.733,10747,1955.12,4432.601,9284.905,1951.155,4635.383,10484.99,1976.812,4346.991,10674.73,1992.067,4361.732,10609.07,2014.702,4497.144,10413.26,1978.241,4518.464,10677.1,2030.728,4269.3,10652.58,1981.396,4577.008,10710.16,2020.255,4501.245,10570.78,2016.508,4337.401,10881.01,1968.176,4415.42,10320.2,2008.945,4413.899,10753.69,1966.29,4561.355
10830.31,1975.98,4494.207,10716.07,1966.141,4660.279,10744.4,1955.12,4433.612,9282.123,1951.155,4635.167,10482.45,1976.812,4348.136,10671.96,1992.067,4362.039,10606.28,2014.702,4497.105,10410.48,1978.241,4518.729,10674.38,2030.728,4269.913,10649.8,1981.396,4576.831,10707.38,2020.255,4501.053,10568.52,2016.508,4339.035,10878.22,1968.176,4415.526,10317.43,2008.945,4414.22,10750.9,1966.29,4561.476
10828.74,1975.98,4494.029,10714.51,1966.141,4660.073,10742.91,1955.12,4434.136,9280.547,1951.155,4635.097,10481.03,1976.812,4348.83,10670.4,1992.067,4362.262,10604.7,2014.702,4497.032,10408.9,1978.241,4518.691,10672.84,2030.728,4270.258,10648.24,1981.396,4576.581,10705.8,2020.255,4500.997,10567.27,2016.508,4339.995,10876.64,1968.176,4415.535,10315.87,2008.945,4414.452,10749.32,1966.29,4561.492
10825.94,1975.98,4493.804,10711.77,1966.141,4659.454,10740.23,1955.12,4434.983,9277.738,1951.155,4635.063,10478.55,1976.812,4350.147,10667.63,1992.067,4362.749,10601.9,2014.702,4496.81,10406.09,1978.241,4518.632,10670.08,2030.728,4270.784,10645.45,1981.396,4576.227,10702.99,2020.255,4500.935,10565.09,2016.508,4341.771,10873.84,1968.176,4415.457,10313.1,2008.945,4414.957,10746.52,1966.29,4561.43
10824.5,1975.98,4493.735,10710.35,1966.141,4659.183,10738.85,1955.12,4435.375,9276.296,1951.155,4635.093,10477.3,1976.812,4350.865,10666.22,1992.067,4363.043,10600.46,2014.702,4496.743,10404.65,1978.241,4518.649,10668.72,2030.728,4271.272,10644.05,1981.396,4575.905,10701.55,2020.255,4500.951,10563.94,2016.508,4342.646,10872.4,1968.176,4415.37,10311.68,2008.945,4415.178,10745.07,1966.29,4561.432
10821.94,1975.98,4493.497,10707.81,1966.141,4658.782,10736.35,1955.12,4435.992,9273.732,1951.155,4635.23,10475.01,1976.812,4352.038,10663.72,1992.067,4363.646,10597.9,2014.702,4496.54,10402.08,1978.241,4518.764,10666.28,2030.728,4272.062,10641.53,1981.396,4575.415,10699.02,2020.255,4501.425,10561.85,2016.508,4344.135,10869.83,1968.176,4415.299,10309.15,2008.945,4415.654,10742.51,1966.29,4561.353
10819.14,1975.98,4493.329,10705.03,1966.141,4658.436,10733.61,1955.12,4436.58,9270.938,1951.155,4635.472,10472.56,1976.812,4353.399,10661.02,1992.067,4364.392,10595.12,2014.702,4496.156,10399.29,1978.241,4518.98,10663.58,2030.728,4272.836,10638.76,1981.396,4574.97,10696.25,2020.255,4501.853,10559.52,2016.508,4345.687,10867.03,1968.176,4415.13,10306.42,2008.945,4416.265,10739.71,1966.29,4561.174
10817.91,1975.98,4493.295,10703.82,1966.141,4658.228,10732.4,1955.12,4436.801,9269.714,1951.155,4635.618,10471.49,1976.812,4353.999,10659.84,1992.067,4364.756,10593.9,2014.702,4496.028,10398.06,1978.241,4519.115,10662.39,2030.728,4273.137,10637.53,1981.396,4574.815,10695.03,2020.255,4502.001,10558.47,2016.508,4346.334,10865.82,1968.176,4414.897,10305.21,2008.945,4416.503,10738.47,1966.29,4561.136
10814.79,1975.98,4492.874,10700.69,1966.141,4657.797,10729.28,1955.12,4437.269,9266.595,1951.155,4636.094,10468.78,1976.812,4355.622,10656.86,1992.067,4365.782,10590.75,2014.702,4495.802,10394.91,1978.241,4519.056,10659.35,2030.728,4274.008,10634.39,1981.396,4574.519,10691.9,2020.255,4502.373,10555.73,2016.508,4347.903,10862.7,1968.176,4414.401,10302.13,2008.945,4417.215,10735.32,1966.29,4561.133
10813.31,1975.98,4492.724,10699.24,1966.141,4657.479,10727.81,1955.12,4437.442,9265.139,1951.155,4636.366,10467.49,1976.812,4356.342,10655.47,1992.067,4366.307,10589.28,2014.702,4495.579,10393.43,1978.241,4519.077,10657.93,2030.728,4274.405,10632.92,1981.396,4574.429,10690.42,2020.255,4502.5,10554.42,2016.508,4348.598,10861.24,1968.176,4414.208,10300.75,2008.945,4417.735,10733.84,1966.29,4561.083
10811.21,1975.98,4492.375,10697.15,1966.141,4657.088,10725.7,1955.12,4437.72,9263.06,1951.155,4636.824,10465.59,1976.812,4357.316,10653.54,1992.067,4367.209,10587.17,2014.702,4495.328,10391.3,1978.241,4519.001,10655.9,2030.728,4275.043,10630.79,1981.396,4574.229,10688.29,2020.255,4502.619,10552.54,2016.508,4349.587,10859.12,1968.176,4414.001,10298.73,2008.945,4418.418,10731.71,1966.29,4560.942
10808.42,1975.98,4491.97,10694.36,1966.141,4656.662,10722.88,1955.12,4437.997,9260.321,1951.155,4637.523,10463.04,1976.812,4358.526,10650.96,1992.067,4368.355,10584.38,2014.702,4494.89,10388.47,1978.241,4518.894,10653.14,2030.728,4275.679,10627.97,1981.396,4574.056,10685.47,2020.255,4502.685,10550.04,2016.508,4350.912,10856.32,1968.176,4413.635,10296.03,2008.945,4419.237,10728.89,1966.29,4561.098
10805.26,1975.98,4491.617,10691.21,1966.141,4656.286,10719.74,1955.12,4438.411,9257.276,1951.155,4638.407,10460.22,1976.812,4359.977,10648.02,1992.067,4369.546,10581.23,2014.702,4494.5,10385.3,1978.241,4518.876,10650.07,2030.728,4276.459,10624.8,1981.396,4573.966,10682.33,2020.255,4503.15,10547.19,2016.508,4352.305,10853.16,1968.176,4413.326,10293.02,2008.945,4420.256,10725.72,1966.29,4561.168
10803.58,1975.98,4491.485,10689.54,1966.141,4656.032,10718.08,1955.12,4438.686,9255.676,1951.155,4638.929,10458.7,1976.812,4360.698,10646.49,1992.067,4370.25,10579.55,2014.702,4494.349,10383.62,1978.241,4518.922,10648.45,2030.728,4276.926,10623.12,1981.396,4573.974,10680.66,2020.255,4503.343,10545.68,2016.508,4353.036,10851.48,1968.176,4413.217,10291.46,2008.945,4420.891,10724.04,1966.29,4561.184
10802.71,1975.98,4491.445,10688.68,1966.141,4655.929,10717.21,1955.12,4438.799,9254.855,1951.155,4639.227,10457.9,1976.812,4361.061,10645.7,1992.067,4370.605,10578.68,2014.702,4494.298,10382.75,1978.241,4518.975,10647.61,2030.728,4277.176,10622.25,1981.396,4573.95,10679.8,2020.255,4503.486,10544.88,2016.508,4353.389,10850.61,1968.176,4413.189,10290.64,2008.945,4421.193,10723.17,1966.29,4561.164
10799.4,1975.98,4490.983,10685.34,1966.141,4655.644,10713.88,1955.12,4438.955,9251.751,1951.155,4640.469,10454.82,1976.812,4362.352,10642.62,1992.067,4371.923,10575.34,2014.702,4494.215,10379.42,1978.241,4519.284,10644.44,2030.728,4278.235,10618.9,1981.396,4573.914,10676.48,2020.255,4503.925,10541.78,2016.508,4354.64,10847.29,1968.176,4412.74,10287.47,2008.945,4422.249,10719.82,1966.29,4561.167
10797.86,1975.98,4490.819,10683.8,1966.141,4655.562,10712.33,1955.12,4439.072,9250.294,1951.155,4640.998,10453.37,1976.812,4362.903,10641.18,1992.067,4372.487,10573.79,2014.702,4494.227,10377.88,1978.241,4519.478,10642.99,2030.728,4278.774,10617.35,1981.396,4573.915,10674.94,2020.255,4504.091,10540.32,2016.508,4355.172,10845.75,1968.176,4412.582,10285.98,2008.945,4422.69,10718.27,1966.29,4561.207
10795.01,1975.98,4490.611,10680.94,1966.141,4655.504,10709.49,1955.12,4439.38,9247.581,1951.155,4641.882,10450.67,1976.812,4363.83,10638.49,1992.067,4373.438,10570.94,2014.702,4494.343,10375.14,1978.241,4520.28,10640.3,2030.728,4279.718,10614.5,1981.396,4574.01,10672.1,2020.255,4504.326,10537.64,2016.508,4356.145,10843.01,1968.176,4411.79,10283.27,2008.945,4423.557,10715.42,1966.29,4561.347
10792.35,1975.98,4490.33,10678.27,1966.141,4655.538,10706.84,1955.12,4439.756,9245.011,1951.155,4642.628,10448.03,1976.812,4364.281,10635.94,1992.067,4374.248,10568.27,2014.702,4494.539,10372.55,1978.241,4520.948,10637.87,2030.728,4280.844,10611.83,1981.396,4573.981,10669.43,2020.255,4504.48,10535.09,2016.508,4356.973,10840.42,1968.176,4411.132,10280.69,2008.945,4424.286,10712.76,1966.29,4561.542
10791.79,1975.98,4490.289,10677.7,1966.141,4655.564,10706.28,1955.12,4439.817,9244.463,1951.155,4642.768,10447.48,1976.812,4364.394,10635.42,1992.067,4374.466,10567.71,2014.702,4494.562,10372,1978.241,4521.071,10637.35,2030.728,4281.065,10611.26,1981.396,4573.956,10668.86,2020.255,4504.5,10534.55,2016.508,4357.13,10839.87,1968.176,4410.994,10280.14,2008.945,4424.422,10712.19,1966.29,4561.598
10788.65,1975.98,4490.164,10674.57,1966.141,4655.858,10703.14,1955.12,4439.74,9241.394,1951.155,4643.445,10444.42,1976.812,4365.125,10632.48,1992.067,4375.586,10564.57,2014.702,4494.803,10368.95,1978.241,4521.836,10634.46,2030.728,4282.291,10608.12,1981.396,4573.921,10665.72,2020.255,4504.53,10531.56,2016.508,4358.104,10836.79,1968.176,4410.325,10277.07,2008.945,4425.078,10709.07,1966.29,4561.98
10785.09,1975.98,4489.817,10671,1966.141,4656.076,10699.56,1955.12,4439.758,9237.878,1951.155,4644.101,10440.97,1976.812,4366.07,10629.2,1992.067,4377.006,10561,2014.702,4494.962,10365.46,1978.241,4522.592,10631.12,2030.728,4283.577,10604.54,1981.396,4573.998,10662.15,2020.255,4504.479,10528.13,2016.508,4359.099,10833.28,1968.176,4409.679,10273.55,2008.945,4425.71,10705.54,1966.29,4562.503
10783.18,1975.98,4489.693,10669.1,1966.141,4656.254,10697.65,1955.12,4439.793,9235.989,1951.155,4644.389,10439.15,1976.812,4366.635,10627.42,1992.067,4377.707,10559.1,2014.702,4495.166,10363.58,1978.241,4522.935,10629.36,2030.728,4284.322,10602.63,1981.396,4574.102,10660.24,2020.255,4504.514,10526.31,2016.508,4359.69,10831.39,1968.176,4409.396,10271.68,2008.945,4426.109,10703.64,1966.29,4562.721
10782.73,1975.98,4489.679,10668.65,1966.141,4656.282,10697.2,1955.12,4439.816,9235.539,1951.155,4644.443,10438.72,1976.812,4366.783,10626.99,1992.067,4377.859,10558.65,2014.702,4495.2,10363.13,1978.241,4523.002,10628.94,2030.728,4284.485,10602.18,1981.396,4574.088,10659.78,2020.255,4504.476,10525.88,2016.508,4359.845,10830.94,1968.176,4409.343,10271.23,2008.945,4426.189,10703.19,1966.29,4562.758
10779.79,1975.98,4489.679,10665.71,1966.141,4656.494,10694.27,1955.12,4440.062,9232.607,1951.155,4644.696,10435.91,1976.812,4367.644,10624.2,1992.067,4378.777,10555.71,2014.702,4495.322,10360.21,1978.241,4523.339,10626.17,2030.728,4285.485,10599.24,1981.396,4574.096,10656.85,2020.255,4504.329,10523.22,2016.508,4361.087,10828,1968.176,4409.098,10268.36,2008.945,4426.804,10700.25,1966.29,4562.903
10777.51,1975.98,4489.753,10663.44,1966.141,4656.583,10692,1955.12,4440.262,9230.332,1951.155,4644.818,10433.75,1976.812,4368.381,10622.14,1992.067,4379.749,10553.45,2014.702,4495.59,10358,1978.241,4523.917,10624,2030.728,4286.189,10596.96,1981.396,4574.176,10654.58,2020.255,4504.108,10521.12,2016.508,4361.981,10825.75,1968.176,4408.764,10266.13,2008.945,4427.285,10697.97,1966.29,4562.941
10774.42,1975.98,4489.954,10660.37,1966.141,4656.966,10688.91,1955.12,4440.44,9227.239,1951.155,4644.882,10430.86,1976.812,4369.477,10619.3,1992.067,4380.977,10550.36,2014.702,4495.853,10354.99,1978.241,4524.602,10621.09,2030.728,4287.241,10593.87,1981.396,4574.226,10651.49,2020.255,4503.91,10518.24,2016.508,4363.103,10822.68,1968.176,4408.41,10263.09,2008.945,4427.838,10694.88,1966.29,4562.892
10773.66,1975.98,4490.015,10659.61,1966.141,4657.035,10688.15,1955.12,4440.508,9226.479,1951.155,4644.873,10430.16,1976.812,4369.77,10618.59,1992.067,4381.255,10549.6,2014.702,4495.892,10354.25,1978.241,4524.796,10620.39,2030.728,4287.522,10593.11,1981.396,4574.263,10650.73,2020.255,4503.886,10517.54,2016.508,4363.401,10821.92,1968.176,4408.333,10262.33,2008.945,4427.85,10694.12,1966.29,4562.855
10769.78,1975.98,4490.451,10655.71,1966.141,4657.31,10684.27,1955.12,4440.981,9222.572,1951.155,4644.698,10426.6,1976.812,4371.392,10614.91,1992.067,4382.569,10545.69,2014.702,4495.969,10350.44,1978.241,4525.671,10616.98,2030.728,4289.448,10589.2,1981.396,4574.325,10646.82,2020.255,4503.89,10513.89,2016.508,4364.818,10818.02,1968.176,4408.063,10258.42,2008.945,4428.035,10690.22,1966.29,4562.542
10767.71,1975.98,4490.749,10653.63,1966.141,4657.516,10682.21,1955.12,4441.301,9220.493,1951.155,4644.537,10424.67,1976.812,4372.194,10612.92,1992.067,4383.205,10543.61,2014.702,4495.941,10348.41,1978.241,4526.133,10615.14,2030.728,4290.415,10587.12,1981.396,4574.29,10644.74,2020.255,4503.76,10511.95,2016.508,4365.582,10815.94,1968.176,4407.988,10256.34,2008.945,4428.201,10688.14,1966.29,4562.443
10766.15,1975.98,4490.922,10652.06,1966.141,4657.62,10680.66,1955.12,4441.593,9218.926,1951.155,4644.363,10423.2,1976.812,4372.753,10611.44,1992.067,4383.734,10542.03,2014.702,4495.918,10346.88,1978.241,4526.542,10613.72,2030.728,4291.101,10585.54,1981.396,4574.314,10643.18,2020.255,4503.536,10510.47,2016.508,4366.111,10814.36,1968.176,4407.982,10254.78,2008.945,4428.378,10686.57,1966.29,4562.317
10763.86,1975.98,4491.112,10649.77,1966.141,4657.709,10678.42,1955.12,4442.091,9216.657,1951.155,4644.037,10421.08,1976.812,4373.625,10609.25,1992.067,4384.434,10539.74,2014.702,4495.914,10344.65,1978.241,4527.065,10611.69,2030.728,4292.166,10583.25,1981.396,4574.278,10640.9,2020.255,4503.285,10508.33,2016.508,4366.95,10812.07,1968.176,4408.049,10252.51,2008.945,4428.71,10684.29,1966.29,4562.06
10761.59,1975.98,4491.363,10647.48,1966.141,4657.776,10676.2,1955.12,4442.661,9214.4,1951.155,4643.637,10419.02,1976.812,4374.637,10607.1,1992.067,4385.204,10537.45,2014.702,4495.835,10342.41,1978.241,4527.514,10609.62,2030.728,4293.163,10580.96,1981.396,4574.167,10638.62,2020.255,4503.109,10506.24,2016.508,4367.869,10809.78,1968.176,4408.19,10250.23,2008.945,4428.939,10682,1966.29,4561.858
10759.29,1975.98,4491.541,10645.18,1966.141,4657.769,10674,1955.12,4443.305,9212.15,1951.155,4643.161,10416.96,1976.812,4375.655,10604.96,1992.067,4386.046,10535.15,2014.702,4495.901,10340.14,1978.241,4527.89,10607.54,2030.728,4294.141,10578.67,1981.396,4573.918,10636.32,2020.255,4503.007,10504.21,2016.508,4368.953,10807.49,1968.176,4408.088,10247.94,2008.945,4429.191,10679.72,1966.29,4561.582
10755.27,1975.98,4491.72,10641.16,1966.141,4657.626,10670.17,1955.12,4444.555,9208.242,1951.155,4642.2,10413.41,1976.812,4377.554,10601.26,1992.067,4387.643,10531.13,2014.702,4495.884,10336.15,1978.241,4528.419,10603.84,2030.728,4295.731,10574.66,1981.396,4573.612,10632.29,2020.255,4502.961,10500.6,2016.508,4370.734,10803.46,1968.176,4408.04,10243.96,2008.945,4429.761,10675.74,1966.29,4561.023
10754.7,1975.98,4491.678,10640.58,1966.141,4657.587,10669.63,1955.12,4444.75,9207.688,1951.155,4642.045,10412.9,1976.812,4377.809,10600.73,1992.067,4387.853,10530.55,2014.702,4495.863,10335.57,1978.241,4528.476,10603.33,2030.728,4295.98,10574.08,1981.396,4573.587,10631.72,2020.255,4502.973,10500.08,2016.508,4370.991,10802.89,1968.176,4408.048,10243.39,2008.945,4429.826,10675.17,1966.29,4560.926
10752.4,1975.98,4491.585,10638.3,1966.141,4657.357,10667.49,1955.12,4445.598,9205.495,1951.155,4641.351,10410.89,1976.812,4378.932,10598.57,1992.067,4388.646,10528.25,2014.702,4495.853,10333.28,1978.241,4528.628,10601.22,2030.728,4296.905,10571.79,1981.396,4573.56,10629.44,2020.255,4502.697,10498.07,2016.508,4372.103,10800.59,1968.176,4408.006,10241.11,2008.945,4430.16,10672.9,1966.29,4560.552
10750.1,1975.98,4491.567,10636.01,1966.141,4657.053,10665.35,1955.12,4446.445,9203.321,1951.155,4640.584,10408.84,1976.812,4379.992,10596.43,1992.067,4389.511,10525.95,2014.702,4495.768,10330.99,1978.241,4528.856,10599.08,2030.728,4297.763,10569.48,1981.396,4573.606,10627.15,2020.255,4502.369,10496.04,2016.508,4373.189,10798.28,1968.176,4408.01,10238.84,2008.945,4430.568,10670.62,1966.29,4560.19
10747.79,1975.98,4491.625,10633.72,1966.141,4656.799,10663.19,1955.12,4447.25,9201.175,1951.155,4639.747,10406.7,1976.812,4380.847,10594.32,1992.067,4390.442,10523.65,2014.702,4495.662,10328.73,1978.241,4529.33,10596.92,2030.728,4298.562,10567.18,1981.396,4573.631,10624.88,2020.255,4502.005,10494.08,2016.508,4374.412,10795.98,1968.176,4407.938,10236.56,2008.945,4430.881,10668.36,1966.29,4559.754
10745.48,1975.98,4491.758,10631.42,1966.141,4656.621,10661.05,1955.12,4448.119,9199.05,1951.155,4638.836,10404.59,1976.812,4381.774,10592.24,1992.067,4391.444,10521.34,2014.702,4495.479,10326.45,1978.241,4529.731,10594.73,2030.728,4299.308,10564.87,1981.396,4573.581,10622.59,2020.255,4501.75,10492.11,2016.508,4375.61,10793.67,1968.176,4407.941,10234.28,2008.945,4431.271,10666.11,1966.29,4559.245
10743.19,1975.98,4491.978,10629.12,1966.141,4656.367,10658.85,1955.12,4448.821,9196.961,1951.155,4637.86,10402.43,1976.812,4382.584,10590.19,1992.067,4392.508,10519.04,2014.702,4495.373,10324.17,1978.241,4530.057,10592.57,2030.728,4300.122,10562.56,1981.396,4573.646,10620.31,2020.255,4501.431,10490.1,2016.508,4376.74,10791.36,1968.176,4407.893,10231.98,2008.945,4431.339,10663.87,1966.29,4558.701
10740.91,1975.98,4492.358,10626.82,1966.141,4656.136,10656.67,1955.12,4449.596,9194.899,1951.155,4636.812,10400.29,1976.812,4383.467,10588.18,1992.067,4393.638,10516.73,2014.702,4495.274,10321.9,1978.241,4530.488,10590.44,2030.728,4301.009,10560.25,1981.396,4573.634,10618.03,2020.255,4501.06,10488.04,2016.508,4377.807,10789.05,1968.176,4407.773,10229.66,2008.945,4431.398,10661.61,1966.29,4558.203
10738.62,1975.98,4492.665,10624.53,1966.141,4655.83,10654.52,1955.12,4450.439,9192.874,1951.155,4635.698,10398.18,1976.812,4384.418,10586.2,1992.067,4394.828,10514.42,2014.702,4495.1,10319.62,1978.241,4530.844,10588.33,2030.728,4301.965,10557.94,1981.396,4573.548,10615.75,2020.255,4500.638,10486.03,2016.508,4378.939,10786.74,1968.176,4407.729,10227.36,2008.945,4431.533,10659.34,1966.29,4557.754
10736.31,1975.98,4492.896,10622.23,1966.141,4655.599,10652.4,1955.12,4451.351,9190.884,1951.155,4634.517,10396.11,1976.812,4385.439,10584.25,1992.067,4396.079,10512.12,2014.702,4494.85,10317.36,1978.241,4531.35,10586.26,2030.728,4302.991,10555.63,1981.396,4573.385,10613.49,2020.255,4500.167,10484.05,2016.508,4380.139,10784.43,1968.176,4407.76,10225.05,2008.945,4431.743,10657.06,1966.29,4557.353
10734.02,1975.98,4493.234,10619.93,1966.141,4655.292,10650.24,1955.12,4452.193,9188.931,1951.155,4633.27,10394,1976.812,4386.416,10582.34,1992.067,4397.389,10509.83,2014.702,4494.524,10315.08,1978.241,4531.782,10584.22,2030.728,4304.085,10553.33,1981.396,4573.147,10611.23,2020.255,4499.646,10482.11,2016.508,4381.404,10782.11,1968.176,4407.746,10222.74,2008.945,4431.829,10654.77,1966.29,4557.002
10731.72,1975.98,4493.498,10617.63,1966.141,4655.061,10648.07,1955.12,4453.005,9187.021,1951.155,4631.961,10391.94,1976.812,4387.459,10580.47,1992.067,4398.754,10507.55,2014.702,4494.124,10312.79,1978.241,4532.139,10582.21,2030.728,4305.245,10551.01,1981.396,4573.103,10608.98,2020.255,4499.131,10480.21,2016.508,4382.731,10779.79,1968.176,4407.809,10220.42,2008.945,4431.827,10652.48,1966.29,4556.702
10729.47,1975.98,4494.045,10615.36,1966.141,4654.604,10645.89,1955.12,4453.789,9185.154,1951.155,4630.589,10389.82,1976.812,4388.403,10578.64,1992.067,4400.174,10505.28,2014.702,4493.649,10310.49,1978.241,4532.422,10580.25,2030.728,4306.471,10548.69,1981.396,4573.039,10606.71,2020.255,4498.663,10478.36,2016.508,4384.121,10777.48,1968.176,4407.947,10218.1,2008.945,4431.9,10650.17,1966.29,4556.478
10727.2,1975.98,4494.52,10613.07,1966.141,4654.221,10643.7,1955.12,4454.543,9183.333,1951.155,4629.156,10387.74,1976.812,4389.416,10576.76,1992.067,4401.535,10503.03,2014.702,4493.101,10308.19,1978.241,4532.629,10578.32,2030.728,4307.76,10546.38,1981.396,4572.899,10604.43,2020.255,4498.241,10476.55,2016.508,4385.57,10775.17,1968.176,4408.161,10215.79,2008.945,4432.05,10647.86,1966.29,4556.328
10724.92,1975.98,4494.958,10610.77,1966.141,4653.913,10641.5,1955.12,4455.27,9181.556,1951.155,4627.661,10385.68,1976.812,4390.499,10574.84,1992.067,4402.838,10500.79,2014.702,4492.478,10305.88,1978.241,4532.913,10576.26,2030.728,4308.826,10544.06,1981.396,4572.735,10602.14,2020.255,4497.864,10474.79,2016.508,4387.081,10772.86,1968.176,4408.329,10213.48,2008.945,4432.275,10645.55,1966.29,4556.038
10722.02,1975.98,4495.417,10607.85,1966.141,4653.619,10638.7,1955.12,4456.152,9179.372,1951.155,4625.7,10383.13,1976.812,4391.952,10572.36,1992.067,4404.407,10497.99,2014.702,4491.599,10302.96,1978.241,4533.199,10573.69,2030.728,4310.257,10541.13,1981.396,4572.582,10599.24,2020.255,4497.444,10472.62,2016.508,4389.063,10769.94,1968.176,4408.636,10210.57,2008.945,4432.656,10642.63,1966.29,4555.766
10718.48,1975.98,4495.859,10604.29,1966.141,4653.377,10635.28,1955.12,4457.182,9176.798,1951.155,4623.23,10380.09,1976.812,4393.818,10569.29,1992.067,4406.222,10494.56,2014.702,4490.631,10299.46,1978.241,4533.886,10570.64,2030.728,4312.098,10537.57,1981.396,4572.623,10595.7,2020.255,4497,10469.91,2016.508,4391.384,10766.38,1968.176,4408.911,10207.04,2008.945,4433.181,10639.1,1966.29,4555.274
10716.17,1975.98,4496.071,10602,1966.141,4652.991,10633.05,1955.12,4457.824,9175.175,1951.155,4621.568,10378.15,1976.812,4395.097,10567.25,1992.067,4407.344,10492.3,2014.702,4490.067,10297.18,1978.241,4534.316,10568.61,2030.728,4313.23,10535.24,1981.396,4572.633,10593.39,2020.255,4496.754,10468.1,2016.508,4392.837,10764.07,1968.176,4409.165,10204.76,2008.945,4433.598,10636.79,1966.29,4555.03
10715.36,1975.98,4496.173,10601.19,1966.141,4652.881,10632.26,1955.12,4458.041,9174.623,1951.155,4620.965,10377.46,1976.812,4395.524,10566.53,1992.067,4407.719,10491.51,2014.702,4489.892,10296.37,1978.241,4534.441,10567.88,2030.728,4313.606,10534.43,1981.396,4572.61,10592.57,2020.255,4496.683,10467.45,2016.508,4393.327,10763.26,1968.176,4409.241,10203.95,2008.945,4433.719,10635.97,1966.29,4554.97
10713.7,1975.98,4496.325,10599.54,1966.141,4652.712,10630.66,1955.12,4458.461,9173.541,1951.155,4619.701,10376.07,1976.812,4396.44,10565.08,1992.067,4408.53,10489.88,2014.702,4489.574,10294.72,1978.241,4534.643,10566.38,2030.728,4314.322,10532.77,1981.396,4572.509,10590.92,2020.255,4496.565,10466.08,2016.508,4394.28,10761.61,1968.176,4409.449,10202.31,2008.945,4434.018,10634.33,1966.29,4554.737
10711.08,1975.98,4496.677,10596.92,1966.141,4652.334,10628.09,1955.12,4459.097,9171.89,1951.155,4617.64,10373.91,1976.812,4397.966,10562.73,1992.067,4409.749,10487.28,2014.702,4489.075,10292.15,1978.241,4535.262,10564,2030.728,4315.467,10530.14,1981.396,4572.262,10588.28,2020.255,4496.425,10463.87,2016.508,4395.722,10758.98,1968.176,4409.693,10199.71,2008.945,4434.456,10631.7,1966.29,4554.452
10708.83,1975.98,4497.251,10594.61,1966.141,4652.077,10625.84,1955.12,4459.68,9170.496,1951.155,4615.777,10372.09,1976.812,4399.417,10560.64,1992.067,4410.762,10485.01,2014.702,4488.59,10289.87,1978.241,4535.732,10561.85,2030.728,4316.346,10527.81,1981.396,4572.252,10585.96,2020.255,4496.341,10461.88,2016.508,4396.928,10756.65,1968.176,4409.776,10197.42,2008.945,4434.887,10629.4,1966.29,4554.13
10706.56,1975.98,4497.774,10592.34,1966.141,4651.553,10623.59,1955.12,4460.289,9169.161,1951.155,4613.867,10370.22,1976.812,4400.81,10558.51,1992.067,4411.715,10482.72,2014.702,4488.162,10287.61,1978.241,4536.279,10559.62,2030.728,4317.032,10525.48,1981.396,4572.166,10583.63,2020.255,4496.296,10459.85,2016.508,4398.07,10754.33,1968.176,4409.935,10195.12,2008.945,4435.245,10627.08,1966.29,4553.883
10704.29,1975.98,4498.295,10590.05,1966.141,4651.104,10621.35,1955.12,4460.922,9167.89,1951.155,4611.914,10368.32,1976.812,4402.15,10556.36,1992.067,4412.605,10480.42,2014.702,4487.778,10285.33,1978.241,4536.751,10557.42,2030.728,4317.79,10523.16,1981.396,4572.004,10581.3,2020.255,4496.288,10457.78,2016.508,4399.145,10752.01,1968.176,4410.107,10192.79,2008.945,4435.364,10624.76,1966.29,4553.713
10702,1975.98,4498.743,10587.75,1966.141,4650.73,10619.12,1955.12,4461.582,9166.683,1951.155,4609.92,10366.37,1976.812,4403.428,10554.18,1992.067,4413.433,10478.13,2014.702,4487.352,10283.03,1978.241,4537.162,10555.17,2030.728,4318.402,10520.84,1981.396,4571.766,10578.97,2020.255,4496.268,10455.68,2016.508,4400.151,10749.69,1968.176,4410.355,10190.47,2008.945,4435.559,10622.43,1966.29,4553.596
10699.7,1975.98,4499.115,10585.45,1966.141,4650.362,10616.89,1955.12,4462.269,9165.54,1951.155,4607.885,10364.44,1976.812,4404.739,10551.98,1992.067,4414.199,10475.85,2014.702,4486.87,10280.72,1978.241,4537.498,10552.94,2030.728,4319.088,10518.52,1981.396,4571.518,10576.63,2020.255,4496.236,10453.54,2016.508,4401.09,10747.38,1968.176,4410.677,10188.15,2008.945,4435.831,10620.1,1966.29,4553.534
10697.92,1975.98,4499.343,10583.67,1966.141,4650.138,10615.19,1955.12,4462.816,9164.716,1951.155,4606.298,10362.93,1976.812,4405.694,10550.27,1992.067,4414.738,10474.09,2014.702,4486.556,10278.95,1978.241,4537.734,10551.22,2030.728,4319.591,10516.74,1981.396,4571.282,10574.85,2020.255,4496.202,10451.88,2016.508,4401.755,10745.61,1968.176,4410.982,10186.37,2008.945,4435.979,10618.31,1966.29,4553.529
10694.54,1975.98,4499.701,10580.29,1966.141,4649.823,10611.97,1955.12,4463.897,9163.25,1951.155,4603.233,10360,1976.812,4407.415,10547,1992.067,4415.655,10470.73,2014.702,4486.07,10275.57,1978.241,4538.073,10547.99,2030.728,4320.651,10513.36,1981.396,4570.944,10571.45,2020.255,4496.18,10448.69,2016.508,4402.916,10742.25,1968.176,4411.451,10182.99,2008.945,4436.371,10614.91,1966.29,4553.599
10693.52,1975.98,4499.843,10579.26,1966.141,4649.761,10611,1955.12,4464.238,9162.836,1951.155,4602.29,10359.09,1976.812,4407.907,10546,1992.067,4415.9,10469.71,2014.702,4485.957,10274.54,1978.241,4538.192,10547.01,2030.728,4320.94,10512.34,1981.396,4570.854,10570.42,2020.255,4496.186,10447.71,2016.508,4403.235,10741.22,1968.176,4411.56,10181.96,2008.945,4436.398,10613.89,1966.29,4553.645
10690.42,1975.98,4500.195,10576.14,1966.141,4649.675,10608.07,1955.12,4465.311,9161.49,1951.155,4599.476,10356.33,1976.812,4409.353,10542.95,1992.067,4416.544,10466.6,2014.702,4485.713,10271.44,1978.241,4538.452,10544.12,2030.728,4322.132,10509.22,1981.396,4570.682,10567.31,2020.255,4496.28,10444.71,2016.508,4404.106,10738.13,1968.176,4411.991,10178.85,2008.945,4436.583,10610.78,1966.29,4553.886
10688.11,1975.98,4500.534,10573.83,1966.141,4649.315,10605.87,1955.12,4466.095,9160.413,1951.155,4597.401,10354.22,1976.812,4410.369,10540.65,1992.067,4416.952,10464.26,2014.702,4485.607,10269.1,1978.241,4538.57,10541.93,2030.728,4322.954,10506.9,1981.396,4570.444,10564.97,2020.255,4496.408,10442.45,2016.508,4404.686,10735.83,1968.176,4412.389,10176.51,2008.945,4436.705,10608.45,1966.29,4554.143
10685.78,1975.98,4500.758,10571.51,1966.141,4649.031,10603.66,1955.12,4466.861,9159.269,1951.155,4595.363,10352.09,1976.812,4411.314,10538.33,1992.067,4417.284,10461.92,2014.702,4485.578,10266.77,1978.241,4538.36,10539.72,2030.728,4323.703,10504.56,1981.396,4570.284,10562.64,2020.255,4496.594,10440.17,2016.508,4405.19,10733.51,1968.176,4412.711,10174.18,2008.945,4436.902,10606.14,1966.29,4554.474
10683.47,1975.98,4501.058,10569.19,1966.141,4648.823,10601.45,1955.12,4467.607,9158.059,1951.155,4593.365,10349.92,1976.812,4412.189,10536.01,1992.067,4417.54,10459.59,2014.702,4485.625,10264.44,1978.241,4538.228,10537.48,2030.728,4324.379,10502.26,1981.396,4569.905,10560.32,2020.255,4496.836,10437.87,2016.508,4405.62,10731.21,1968.176,4413.099,10171.85,2008.945,4436.959,10603.84,1966.29,4554.88
10681.16,1975.98,4501.435,10566.85,1966.141,4648.691,10599.21,1955.12,4468.298,9156.781,1951.155,4591.402,10347.72,1976.812,4412.995,10533.68,1992.067,4417.725,10457.25,2014.702,4485.749,10262.1,1978.241,4538.082,10535.22,2030.728,4324.983,10499.94,1981.396,4569.602,10558,2020.255,4497.135,10435.56,2016.508,4405.975,10728.92,1968.176,4413.574,10169.51,2008.945,4437.093,10601.55,1966.29,4555.362
10678.86,1975.98,4501.885,10564.51,1966.141,4648.636,10596.96,1955.12,4468.931,9155.444,1951.155,4589.488,10345.5,1976.812,4413.726,10531.34,1992.067,4417.837,10454.92,2014.702,4485.948,10259.77,1978.241,4538.013,10532.95,2030.728,4325.512,10497.61,1981.396,4569.375,10555.69,2020.255,4497.489,10433.24,2016.508,4406.253,10726.62,1968.176,4413.973,10167.18,2008.945,4437.255,10599.28,1966.29,4555.917
10676.55,1975.98,4502.244,10562.18,1966.141,4648.481,10594.69,1955.12,4469.507,9154.04,1951.155,4587.612,10343.26,1976.812,4414.386,10529,1992.067,4417.877,10452.6,2014.702,4486.225,10257.42,1978.241,4538.021,10530.65,2030.728,4325.967,10495.27,1981.396,4569.224,10553.38,2020.255,4497.9,10430.9,2016.508,4406.457,10724.31,1968.176,4414.355,10164.85,2008.945,4437.493,10597.02,1966.29,4556.547
10674.24,1975.98,4502.613,10559.84,1966.141,4648.404,10592.41,1955.12,4470.024,9152.578,1951.155,4585.787,10340.99,1976.812,4414.971,10526.66,1992.067,4417.845,10450.29,2014.702,4486.576,10255.09,1978.241,4538.105,10528.34,2030.728,4326.346,10492.94,1981.396,4569.149,10551.09,2020.255,4498.366,10428.57,2016.508,4406.583,10721.99,1968.176,4414.667,10162.53,2008.945,4437.807,10594.79,1966.29,4557.248
10671.94,1975.98,4503.059,10557.5,1966.141,4648.403,10590.12,1955.12,4470.482,9151.056,1951.155,4584.008,10338.71,1976.812,4415.482,10524.33,1992.067,4417.74,10447.98,2014.702,4487.004,10252.76,1978.241,4537.893,10526.02,2030.728,4326.649,10490.6,1981.396,4569.151,10548.81,2020.255,4498.886,10426.23,2016.508,4406.633,10719.66,1968.176,4414.881,10160.19,2008.945,4437.77,10592.58,1966.29,4558.022
10669.6,1975.98,4503.103,10555.16,1966.141,4648.479,10587.81,1955.12,4470.88,9149.474,1951.155,4582.278,10336.41,1976.812,4415.919,10521.99,1992.067,4417.563,10445.69,2014.702,4487.507,10250.42,1978.241,4537.654,10523.69,2030.728,4326.877,10488.25,1981.396,4569.185,10546.54,2020.255,4499.461,10423.88,2016.508,4406.606,10717.33,1968.176,4415.173,10157.85,2008.945,4437.81,10590.4,1966.29,4558.869
10667.26,1975.98,4503.223,10552.82,1966.141,4648.631,10585.49,1955.12,4471.217,9147.839,1951.155,4580.604,10334.09,1976.812,4416.28,10519.65,1992.067,4417.463,10443.43,2014.702,4488.084,10248.09,1978.241,4537.491,10521.36,2030.728,4327.091,10485.92,1981.396,4569.294,10544.28,2020.255,4500.055,10421.55,2016.508,4406.503,10715,1968.176,4415.388,10155.51,2008.945,4437.903,10588.24,1966.29,4559.785
10664.93,1975.98,4503.419,10550.49,1966.141,4648.86,10583.17,1955.12,4471.493,9146.147,1951.155,4578.981,10331.77,1976.812,4416.566,10517.31,1992.067,4417.44,10441.17,2014.702,4488.736,10245.75,1978.241,4537.405,10519.02,2030.728,4327.229,10483.58,1981.396,4569.481,10542.02,2020.255,4500.668,10419.21,2016.508,4406.323,10712.66,1968.176,4415.526,10153.17,2008.945,4438.073,10586.12,1966.29,4560.771
10662.59,1975.98,4503.562,10548.17,1966.141,4649.165,10580.84,1955.12,4471.742,9144.405,1951.155,4577.416,10329.43,1976.812,4416.775,10514.96,1992.067,4417.493,10438.95,2014.702,4489.461,10243.41,1978.241,4537.395,10516.67,2030.728,4327.291,10481.25,1981.396,4569.744,10539.76,2020.255,4501.301,10416.88,2016.508,4406.067,10710.33,1968.176,4415.742,10150.84,2008.945,4438.319,10583.96,1966.29,4561.687
10659.27,1975.98,4503.873,10544.88,1966.141,4649.707,10577.52,1955.12,4472.058,9141.854,1951.155,4575.271,10326.11,1976.812,4416.963,10511.64,1992.067,4417.678,10435.81,2014.702,4490.596,10240.07,1978.241,4537.49,10513.39,2030.728,4327.858,10477.94,1981.396,4570.1,10536.56,2020.255,4502.228,10413.58,2016.508,4405.595,10707,1968.176,4415.939,10147.54,2008.945,4438.777,10580.85,1966.29,4562.889
10656.17,1975.98,4504.266,10541.81,1966.141,4650.316,10574.4,1955.12,4472.316,9139.395,1951.155,4573.336,10322.98,1976.812,4417.038,10508.52,1992.067,4417.953,10432.91,2014.702,4491.756,10236.95,1978.241,4537.385,10510.29,2030.728,4328.289,10474.84,1981.396,4570.536,10533.57,2020.255,4503.123,10410.5,2016.508,4405.05,10703.88,1968.176,4416.204,10144.43,2008.945,4439.134,10577.9,1966.29,4563.921
10655.25,1975.98,4504.406,10540.88,1966.141,4650.401,10573.48,1955.12,4472.381,9138.646,1951.155,4572.787,10322.05,1976.812,4417.03,10507.6,1992.067,4418.063,10432.06,2014.702,4492.128,10236.02,1978.241,4537.306,10509.39,2030.728,4328.504,10473.92,1981.396,4570.695,10532.68,2020.255,4503.396,10409.59,2016.508,4404.859,10702.96,1968.176,4416.313,10143.51,2008.945,4439.223,10577.01,1966.29,4564.199
10652.95,1975.98,4504.369,10538.6,1966.141,4650.686,10571.18,1955.12,4472.512,9136.75,1951.155,4571.487,10319.75,1976.812,4416.934,10505.33,1992.067,4418.406,10429.92,2014.702,4492.982,10233.73,1978.241,4537.187,10507.14,2030.728,4328.966,10471.67,1981.396,4571.164,10530.49,2020.255,4504.091,10407.33,2016.508,4404.458,10700.66,1968.176,4416.256,10141.23,2008.945,4439.517,10574.8,1966.29,4564.814
10650.66,1975.98,4504.254,10536.33,1966.141,4651.045,10568.89,1955.12,4472.612,9134.814,1951.155,4570.25,10317.46,1976.812,4416.918,10503.07,1992.067,4418.813,10427.76,2014.702,4493.766,10231.43,1978.241,4537.142,10504.87,2030.728,4329.353,10469.44,1981.396,4571.706,10528.31,2020.255,4504.805,10405.06,2016.508,4404.133,10698.37,1968.176,4416.275,10138.95,2008.945,4439.777,10572.56,1966.29,4565.355
10648.57,1975.98,4504.219,10534.29,1966.141,4651.438,10566.81,1955.12,4472.674,9133.023,1951.155,4569.188,10315.38,1976.812,4416.836,10501.03,1992.067,4419.231,10425.78,2014.702,4494.414,10229.35,1978.241,4537.17,10502.79,2030.728,4329.499,10467.43,1981.396,4572.263,10526.33,2020.255,4505.47,10402.99,2016.508,4403.905,10696.28,1968.176,4416.224,10136.87,2008.945,4439.838,10570.56,1966.29,4565.916
10646.07,1975.98,4504.258,10531.83,1966.141,4651.879,10564.31,1955.12,4472.713,9130.831,1951.155,4567.981,10312.88,1976.812,4416.741,10498.58,1992.067,4419.745,10423.38,2014.702,4495.115,10226.85,1978.241,4537.219,10500.29,2030.728,4329.632,10465.05,1981.396,4573.01,10523.97,2020.255,4506.289,10400.49,2016.508,4403.713,10693.78,1968.176,4416.244,10134.37,2008.945,4439.994,10568.13,1966.29,4566.51
10642.47,1975.98,4504.432,10528.25,1966.141,4652.359,10560.71,1955.12,4472.716,9127.618,1951.155,4566.349,10309.28,1976.812,4416.56,10495.06,1992.067,4420.506,10419.89,2014.702,4496.017,10223.25,1978.241,4537.407,10496.7,2030.728,4329.941,10461.57,1981.396,4573.974,10520.58,2020.255,4507.499,10396.89,2016.508,4403.555,10690.18,1968.176,4416.046,10130.78,2008.945,4440.333,10564.73,1966.29,4567.702
10641.89,1975.98,4504.479,10527.68,1966.141,4652.456,10560.12,1955.12,4472.708,9127.089,1951.155,4566.102,10308.69,1976.812,4416.549,10494.49,1992.067,4420.635,10419.32,2014.702,4496.145,10222.67,1978.241,4537.517,10496.12,2030.728,4330.011,10461,1981.396,4574.111,10520.03,2020.255,4507.7,10396.31,2016.508,4403.548,10689.6,1968.176,4416.033,10130.2,2008.945,4440.407,10564.17,1966.29,4567.877
10639.19,1975.98,4504.422,10525.03,1966.141,4652.989,10557.42,1955.12,4472.625,9124.607,1951.155,4565.039,10305.99,1976.812,4416.59,10491.86,1992.067,4421.259,10416.67,2014.702,4496.656,10220.01,1978.241,4537.936,10493.43,2030.728,4330.165,10458.33,1981.396,4574.476,10517.51,2020.255,4508.653,10393.61,2016.508,4403.605,10686.9,1968.176,4415.994,10127.5,2008.945,4440.379,10561.6,1966.29,4568.694
10635.75,1975.98,4504.461,10521.62,1966.141,4653.4,10553.99,1955.12,4472.465,9121.404,1951.155,4563.789,10302.56,1976.812,4416.709,10488.54,1992.067,4422.072,10413.28,2014.702,4497.201,10216.59,1978.241,4538.359,10490,2030.728,4330.473,10454.94,1981.396,4575.051,10514.3,2020.255,4509.897,10390.17,2016.508,4403.792,10683.46,1968.176,4416.057,10124.07,2008.945,4440.298,10558.29,1966.29,4569.626
10633.79,1975.98,4504.547,10519.68,1966.141,4653.697,10552.04,1955.12,4472.341,9119.557,1951.155,4563.137,10300.6,1976.812,4416.792,10486.65,1992.067,4422.529,10411.34,2014.702,4497.454,10214.64,1978.241,4538.536,10488.06,2030.728,4330.712,10453.02,1981.396,4575.441,10512.48,2020.255,4510.625,10388.22,2016.508,4403.961,10681.51,1968.176,4415.895,10122.11,2008.945,4440.316,10556.38,1966.29,4570.095
10632.94,1975.98,4504.619,10518.83,1966.141,4653.767,10551.19,1955.12,4472.272,9118.742,1951.155,4562.879,10299.75,1976.812,4416.77,10485.81,1992.067,4422.713,10410.49,2014.702,4497.541,10213.81,1978.241,4538.711,10487.22,2030.728,4330.844,10452.18,1981.396,4575.572,10511.7,2020.255,4510.949,10387.38,2016.508,4404.063,10680.66,1968.176,4415.853,10121.25,2008.945,4440.336,10555.55,1966.29,4570.278
10629.05,1975.98,4505.028,10514.94,1966.141,4654.213,10547.29,1955.12,4471.957,9114.976,1951.155,4561.822,10295.83,1976.812,4416.795,10481.97,1992.067,4423.453,10406.59,2014.702,4497.837,10209.95,1978.241,4539.389,10483.34,2030.728,4331.342,10448.33,1981.396,4576.296,10508.09,2020.255,4512.473,10383.49,2016.508,4404.485,10676.75,1968.176,4415.786,10117.34,2008.945,4440.396,10551.76,1966.29,4571.239
10627.23,1975.98,4505.16,10513.13,1966.141,4654.481,10545.47,1955.12,4471.809,9113.199,1951.155,4561.385,10294.01,1976.812,4416.867,10480.17,1992.067,4423.749,10404.76,2014.702,4497.991,10208.14,1978.241,4539.646,10481.53,2030.728,4331.634,10446.55,1981.396,4576.693,10506.42,2020.255,4513.203,10381.66,2016.508,4404.622,10674.92,1968.176,4415.814,10115.51,2008.945,4440.483,10549.97,1966.29,4571.629
10625.17,1975.98,4505.513,10511.05,1966.141,4654.559,10543.39,1955.12,4471.637,9111.159,1951.155,4560.954,10291.93,1976.812,4417.017,10478.1,1992.067,4424.029,10402.68,2014.702,4498.121,10206.07,1978.241,4539.872,10479.46,2030.728,4331.886,10444.52,1981.396,4577.202,10504.52,2020.255,4514.056,10379.58,2016.508,4404.592,10672.83,1968.176,4415.915,10113.43,2008.945,4440.452,10547.94,1966.29,4572.123
10621.86,1975.98,4505.969,10507.72,1966.141,4654.792,10540.06,1955.12,4471.358,9107.87,1951.155,4560.371,10288.59,1976.812,4417.147,10474.78,1992.067,4424.388,10399.35,2014.702,4498.282,10202.74,1978.241,4540.125,10476.12,2030.728,4332.048,10441.26,1981.396,4577.911,10501.48,2020.255,4515.454,10376.24,2016.508,4404.652,10669.49,1968.176,4416.013,10110.09,2008.945,4440.512,10544.73,1966.29,4573.02
10618.75,1975.98,4506.294,10504.61,1966.141,4655.113,10536.95,1955.12,4471.09,9104.772,1951.155,4559.925,10285.46,1976.812,4417.167,10471.66,1992.067,4424.64,10396.23,2014.702,4498.535,10199.61,1978.241,4540.26,10473,2030.728,4332.302,10438.18,1981.396,4578.474,10498.63,2020.255,4516.731,10373.11,2016.508,4404.812,10666.37,1968.176,4416.208,10106.96,2008.945,4440.67,10541.71,1966.29,4573.856
10617.85,1975.98,4506.496,10503.69,1966.141,4655.238,10536.03,1955.12,4471.008,9103.854,1951.155,4559.823,10284.53,1976.812,4417.204,10470.74,1992.067,4424.689,10395.31,2014.702,4498.64,10198.69,1978.241,4540.27,10472.09,2030.728,4332.407,10437.26,1981.396,4578.55,10497.78,2020.255,4517.099,10372.19,2016.508,4404.843,10665.45,1968.176,4416.296,10106.04,2008.945,4440.747,10540.82,1966.29,4574.102
10615.59,1975.98,4506.922,10501.42,1966.141,4655.623,10533.74,1955.12,4470.799,9101.562,1951.155,4559.646,10282.24,1976.812,4417.218,10468.44,1992.067,4424.753,10393.02,2014.702,4498.833,10196.39,1978.241,4540.369,10469.8,2030.728,4332.593,10434.98,1981.396,4578.813,10495.66,2020.255,4517.991,10369.89,2016.508,4404.998,10663.17,1968.176,4416.578,10103.74,2008.945,4440.738,10538.6,1966.29,4574.711
10613.98,1975.98,4507.171,10499.83,1966.141,4655.947,10532.12,1955.12,4470.646,9099.938,1951.155,4559.573,10280.61,1976.812,4417.114,10466.82,1992.067,4424.756,10391.4,2014.702,4498.927,10194.77,1978.241,4540.385,10468.17,2030.728,4332.672,10433.37,1981.396,4579.052,10494.16,2020.255,4518.606,10368.27,2016.508,4405.053,10661.56,1968.176,4416.831,10102.12,2008.945,4440.786,10537.04,1966.29,4575.139
10611.24,1975.98,4507.504,10497.14,1966.141,4656.586,10529.38,1955.12,4470.375,9097.178,1951.155,4559.54,10277.85,1976.812,4416.987,10464.06,1992.067,4424.69,10388.64,2014.702,4499.016,10192.02,1978.241,4540.122,10465.41,2030.728,4332.716,10430.65,1981.396,4579.546,10491.59,2020.255,4519.625,10365.51,2016.508,4405.058,10658.95,1968.176,4417.714,10099.36,2008.945,4440.906,10534.38,1966.29,4575.863
10607.84,1975.98,4508.031,10493.82,1966.141,4657.493,10525.95,1955.12,4470.025,9093.735,1951.155,4559.611,10274.41,1976.812,4416.942,10460.62,1992.067,4424.522,10385.2,2014.702,4499.047,10188.58,1978.241,4539.905,10461.97,2030.728,4332.658,10427.29,1981.396,4580.274,10488.38,2020.255,4520.864,10362.09,2016.508,4405.472,10655.65,1968.176,4418.708,10095.93,2008.945,4441.168,10531.05,1966.29,4576.76
10605.9,1975.98,4508.272,10491.95,1966.141,4658.07,10524,1955.12,4469.872,9091.779,1951.155,4559.715,10272.45,1976.812,4416.978,10458.67,1992.067,4424.378,10383.24,2014.702,4499.062,10186.62,1978.241,4539.846,10460.01,2030.728,4332.561,10425.36,1981.396,4580.621,10486.54,2020.255,4521.522,10360.14,2016.508,4405.644,10653.76,1968.176,4419.212,10093.97,2008.945,4441.202,10529.16,1966.29,4577.267
10605.05,1975.98,4508.404,10491.14,1966.141,4658.348,10523.15,1955.12,4469.826,9090.93,1951.155,4559.789,10271.6,1976.812,4416.943,10457.82,1992.067,4424.295,10382.39,2014.702,4499.057,10185.77,1978.241,4539.848,10459.16,2030.728,4332.546,10424.51,1981.396,4580.685,10485.73,2020.255,4521.789,10359.29,2016.508,4405.691,10652.93,1968.176,4419.404,10093.12,2008.945,4441.245,10528.34,1966.29,4577.485
10599.63,1975.98,4509.076,10486.03,1966.141,4660.298,10517.68,1955.12,4469.664,9085.498,1951.155,4560.438,10266.13,1976.812,4416.901,10452.39,1992.067,4423.633,10376.92,2014.702,4498.894,10180.3,1978.241,4540.04,10453.7,2030.728,4332.275,10419.07,1981.396,4581.278,10480.49,2020.255,4523.363,10353.82,2016.508,4405.814,10647.56,1968.176,4420.463,10087.67,2008.945,4441.698,10523.05,1966.29,4578.879
10597.62,1975.98,4509.112,10484.18,1966.141,4661.075,10515.68,1955.12,4469.654,9083.514,1951.155,4560.741,10264.12,1976.812,4416.877,10450.4,1992.067,4423.343,10374.91,2014.702,4498.816,10178.32,1978.241,4540.336,10451.69,2030.728,4332.364,10417.07,1981.396,4581.39,10478.56,2020.255,4523.893,10351.81,2016.508,4405.793,10645.58,1968.176,4420.787,10085.67,2008.945,4441.929,10521.11,1966.29,4579.386
10596.21,1975.98,4509.184,10482.9,1966.141,4661.661,10514.27,1955.12,4469.684,9082.131,1951.155,4560.999,10262.72,1976.812,4416.795,10449.02,1992.067,4423.108,10373.51,2014.702,4498.724,10176.92,1978.241,4540.498,10450.29,2030.728,4332.381,10415.66,1981.396,4581.477,10477.19,2020.255,4524.229,10350.4,2016.508,4405.8,10644.19,1968.176,4420.968,10084.28,2008.945,4442.137,10519.75,1966.29,4579.738
10595.35,1975.98,4509.256,10482.13,1966.141,4662.047,10513.41,1955.12,4469.724,9081.287,1951.155,4561.185,10261.86,1976.812,4416.773,10448.17,1992.067,4422.945,10372.65,2014.702,4498.676,10176.06,1978.241,4540.569,10449.42,2030.728,4332.363,10414.8,1981.396,4581.558,10476.35,2020.255,4524.415,10349.54,2016.508,4405.775,10643.33,1968.176,4421.051,10083.46,2008.945,4442.399,10518.91,1966.29,4579.952
10591.48,1975.98,4509.708,10478.7,1966.141,4663.902,10509.52,1955.12,4470.009,9077.506,1951.155,4562.149,10258.02,1976.812,4416.06,10444.35,1992.067,4422.123,10368.76,2014.702,4498.357,10172.17,1978.241,4540.818,10445.53,2030.728,4332.154,10410.93,1981.396,4582.053,10472.52,2020.255,4525.158,10345.65,2016.508,4405.538,10639.45,1968.176,4421.471,10079.7,2008.945,4443.464,10515.13,1966.29,4580.906
10588.55,1975.98,4510.147,10476.05,1966.141,4665.221,10506.58,1955.12,4470.304,9074.667,1951.155,4562.974,10255.1,1976.812,4415.614,10441.48,1992.067,4421.437,10365.82,2014.702,4498.042,10169.21,1978.241,4540.911,10442.58,2030.728,4331.899,10408.01,1981.396,4582.523,10469.6,2020.255,4525.648,10342.69,2016.508,4405.5,10636.52,1968.176,4421.885,10076.83,2008.945,4444.177,10512.29,1966.29,4581.701
10587.98,1975.98,4510.253,10475.52,1966.141,4665.465,10506,1955.12,4470.378,9074.11,1951.155,4563.155,10254.52,1976.812,4415.519,10440.92,1992.067,4421.289,10365.24,2014.702,4497.969,10168.63,1978.241,4540.965,10442,2030.728,4331.83,10407.44,1981.396,4582.635,10469.02,2020.255,4525.731,10342.11,2016.508,4405.474,10635.94,1968.176,4421.986,10076.26,2008.945,4444.3,10511.73,1966.29,4581.872
10584.78,1975.98,4510.666,10472.55,1966.141,4666.714,10502.81,1955.12,4470.875,9071.08,1951.155,4564.254,10251.33,1976.812,4415.095,10437.82,1992.067,4420.408,10362.05,2014.702,4497.515,10165.44,1978.241,4541.398,10438.81,2030.728,4331.342,10404.3,1981.396,4583.351,10465.82,2020.255,4526.109,10338.89,2016.508,4405.223,10632.79,1968.176,4422.646,10073.12,2008.945,4445.033,10508.67,1966.29,4582.895
10583.24,1975.98,4510.915,10471.1,1966.141,4667.271,10501.28,1955.12,4471.164,9069.634,1951.155,4564.833,10249.78,1976.812,4414.933,10436.3,1992.067,4420.031,10360.51,2014.702,4497.293,10163.89,1978.241,4541.557,10437.28,2030.728,4331.057,10402.79,1981.396,4583.744,10464.27,2020.255,4526.254,10337.34,2016.508,4405.051,10631.25,1968.176,4422.914,10071.6,2008.945,4445.337,10507.21,1966.29,4583.426
10580.98,1975.98,4511.36,10468.91,1966.141,4668.026,10499.03,1955.12,4471.665,9067.518,1951.155,4565.761,10247.47,1976.812,4414.738,10434.04,1992.067,4419.543,10358.23,2014.702,4496.924,10161.58,1978.241,4541.717,10435.03,2030.728,4330.559,10400.57,1981.396,4584.397,10461.97,2020.255,4526.412,10335.06,2016.508,4404.721,10629.03,1968.176,4423.552,10069.32,2008.945,4445.714,10505.06,1966.29,4584.271
10578.07,1975.98,4512.029,10466.07,1966.141,4668.909,10496.14,1955.12,4472.403,9064.829,1951.155,4567.047,10244.51,1976.812,4414.389,10431.11,1992.067,4419.008,10355.3,2014.702,4496.398,10158.61,1978.241,4541.917,10432.23,2030.728,4329.524,10397.74,1981.396,4585.327,10458.99,2020.255,4526.528,10332.09,2016.508,4404.457,10626.14,1968.176,4424.28,10066.42,2008.945,4446.424,10502.25,1966.29,4585.269
10576.45,1975.98,4512.459,10464.44,1966.141,4669.354,10494.52,1955.12,4472.871,9063.337,1951.155,4567.822,10242.85,1976.812,4414.173,10429.45,1992.067,4418.759,10353.65,2014.702,4496.065,10156.93,1978.241,4541.976,10430.63,2030.728,4328.992,10396.16,1981.396,4585.893,10457.31,2020.255,4526.546,10330.42,2016.508,4404.252,10624.52,1968.176,4424.735,10064.8,2008.945,4446.867,10500.65,1966.29,4585.78
10573.57,1975.98,4513.256,10461.54,1966.141,4670.052,10491.68,1955.12,4473.786,9060.735,1951.155,4569.282,10239.92,1976.812,4413.596,10426.49,1992.067,4418.412,10350.74,2014.702,4495.421,10153.94,1978.241,4541.98,10427.78,2030.728,4328.142,10393.35,1981.396,4586.9,10454.33,2020.255,4526.506,10327.47,2016.508,4403.793,10621.74,1968.176,4425.815,10061.9,2008.945,4447.557,10497.78,1966.29,4586.593
10572.01,1975.98,4513.652,10459.97,1966.141,4670.376,10490.17,1955.12,4474.316,9059.311,1951.155,4570.022,10238.33,1976.812,4413.337,10424.89,1992.067,4418.276,10349.18,2014.702,4495.05,10152.34,1978.241,4541.839,10426.22,2030.728,4327.735,10391.83,1981.396,4587.422,10452.72,2020.255,4526.451,10325.88,2016.508,4403.571,10620.23,1968.176,4426.347,10060.32,2008.945,4447.877,10496.22,1966.29,4586.98
10569.78,1975.98,4514.299,10457.68,1966.141,4670.773,10487.95,1955.12,4475.009,9057.21,1951.155,4571.027,10236.03,1976.812,4413.012,10422.56,1992.067,4418.153,10346.92,2014.702,4494.474,10150.03,1978.241,4541.615,10423.95,2030.728,4327.219,10389.62,1981.396,4588.134,10450.4,2020.255,4526.331,10323.59,2016.508,4403.174,10618.01,1968.176,4427.046,10058.06,2008.945,4448.425,10493.94,1966.29,4587.468
10567.52,1975.98,4514.873,10455.37,1966.141,4671.096,10485.71,1955.12,4475.637,9055.08,1951.155,4571.961,10233.72,1976.812,4412.762,10420.24,1992.067,4418.104,10344.67,2014.702,4493.911,10147.71,1978.241,4541.466,10421.67,2030.728,4326.778,10387.38,1981.396,4588.775,10448.08,2020.255,4526.17,10321.28,2016.508,4402.852,10615.87,1968.176,4427.956,10055.78,2008.945,4448.898,10491.65,1966.29,4587.88
10565.29,1975.98,4515.52,10453.08,1966.141,4671.493,10483.49,1955.12,4476.334,9052.919,1951.155,4572.826,10231.47,1976.812,4412.148,10417.91,1992.067,4418.128,10342.4,2014.702,4493.367,10145.38,1978.241,4541.394,10419.37,2030.728,4326.411,10385.13,1981.396,4589.344,10445.75,2020.255,4526.082,10318.99,2016.508,4402.469,10613.7,1968.176,4428.796,10053.49,2008.945,4449.297,10489.35,1966.29,4588.218
10563.08,1975.98,4516.22,10450.81,1966.141,4671.964,10481.3,1955.12,4477.097,9050.739,1951.155,4573.617,10229.22,1976.812,4411.609,10415.59,1992.067,4418.225,10340.15,2014.702,4492.843,10143.08,1978.241,4541.127,10417.07,2030.728,4326.121,10382.86,1981.396,4589.839,10443.44,2020.255,4525.967,10316.75,2016.508,4401.85,10611.51,1968.176,4429.561,10051.23,2008.945,4449.802,10487.05,1966.29,4588.48
10560.56,1975.98,4516.927,10448.24,1966.141,4672.41,10478.83,1955.12,4477.918,9048.256,1951.155,4574.427,10226.7,1976.812,4410.922,10412.99,1992.067,4418.416,10337.6,2014.702,4492.258,10140.47,1978.241,4540.913,10414.47,2030.728,4325.879,10380.29,1981.396,4590.314,10440.83,2020.255,4525.89,10314.21,2016.508,4401.235,10609.02,1968.176,4430.342,10048.66,2008.945,4450.288,10484.44,1966.29,4588.69
10557.54,1975.98,4517.855,10445.1,1966.141,4672.849,10475.81,1955.12,4478.868,9045.215,1951.155,4575.31,10223.64,1976.812,4410.096,10409.84,1992.067,4418.721,10334.5,2014.702,4491.647,10137.31,1978.241,4540.755,10411.31,2030.728,4325.69,10377.16,1981.396,4590.792,10437.66,2020.255,4525.86,10311.14,2016.508,4400.495,10605.96,1968.176,4431.189,10045.53,2008.945,4450.774,10481.28,1966.29,4588.843
10555.35,1975.98,4518.449,10442.85,1966.141,4673.127,10473.64,1955.12,4479.516,9043.021,1951.155,4575.87,10221.48,1976.812,4409.424,10407.58,1992.067,4418.927,10332.26,2014.702,4491.282,10135.05,1978.241,4540.717,10409.04,2030.728,4325.628,10374.91,1981.396,4591.062,10435.4,2020.255,4525.882,10308.92,2016.508,4400.038,10603.77,1968.176,4431.767,10043.29,2008.945,4451.049,10479.02,1966.29,4588.961
10554.85,1975.98,4518.625,10442.33,1966.141,4673.175,10473.13,1955.12,4479.659,9042.507,1951.155,4575.983,10220.97,1976.812,4409.285,10407.06,1992.067,4418.99,10331.74,2014.702,4491.214,10134.52,1978.241,4540.726,10408.52,2030.728,4325.631,10374.39,1981.396,4591.108,10434.88,2020.255,4525.897,10308.4,2016.508,4399.948,10603.26,1968.176,4431.884,10042.76,2008.945,4451.117,10478.49,1966.29,4588.972
10551.68,1975.98,4519.629,10439.01,1966.141,4673.456,10469.91,1955.12,4480.514,9039.231,1951.155,4576.594,10217.8,1976.812,4408.263,10403.76,1992.067,4419.471,10328.42,2014.702,4490.888,10131.2,1978.241,4540.997,10405.19,2030.728,4325.759,10371.06,1981.396,4591.296,10431.55,2020.255,4526.054,10305.1,2016.508,4399.49,10599.98,1968.176,4432.473,10039.47,2008.945,4451.648,10475.16,1966.29,4588.931
10549.18,1975.98,4520.332,10436.42,1966.141,4673.695,10467.39,1955.12,4481.143,9036.664,1951.155,4576.986,10215.3,1976.812,4407.547,10401.2,1992.067,4419.919,10325.83,2014.702,4490.718,10128.61,1978.241,4541.123,10402.59,2030.728,4325.822,10368.47,1981.396,4591.361,10428.96,2020.255,4526.223,10302.52,2016.508,4399.218,10597.44,1968.176,4433.016,10036.92,2008.945,4452.134,10472.57,1966.29,4588.816
10546.92,1975.98,4520.886,10434.12,1966.141,4673.95,10465.13,1955.12,4481.671,9034.358,1951.155,4577.262,10213.05,1976.812,4406.981,10398.93,1992.067,4420.382,10323.51,2014.702,4490.64,10126.32,1978.241,4541.525,10400.27,2030.728,4325.954,10366.15,1981.396,4591.348,10426.65,2020.255,4526.416,10300.25,2016.508,4398.723,10595.19,1968.176,4433.575,10034.63,2008.945,4452.493,10470.25,1966.29,4588.64
10545.55,1975.98,4521.208,10432.71,1966.141,4674.06,10463.76,1955.12,4481.969,9032.959,1951.155,4577.383,10211.74,1976.812,4406.473,10397.56,1992.067,4420.691,10322.11,2014.702,4490.638,10124.93,1978.241,4541.723,10398.87,2030.728,4326.032,10364.74,1981.396,4591.385,10425.25,2020.255,4526.557,10298.87,2016.508,4398.468,10593.85,1968.176,4433.994,10033.24,2008.945,4452.694,10468.85,1966.29,4588.58
10545.2,1975.98,4521.278,10432.36,1966.141,4674.076,10463.41,1955.12,4482.039,9032.603,1951.155,4577.402,10211.4,1976.812,4406.355,10397.21,1992.067,4420.772,10321.75,2014.702,4490.649,10124.57,1978.241,4541.762,10398.51,2030.728,4326.063,10364.39,1981.396,4591.393,10424.89,2020.255,4526.599,10298.51,2016.508,4398.415,10593.5,1968.176,4434.089,10032.88,2008.945,4452.734,10468.49,1966.29,4588.576
10542.9,1975.98,4521.782,10430,1966.141,4674.106,10461.1,1955.12,4482.466,9030.247,1951.155,4577.451,10209.16,1976.812,4405.648,10394.93,1992.067,4421.355,10319.4,2014.702,4490.797,10122.23,1978.241,4542.022,10396.18,2030.728,4326.347,10362.03,1981.396,4591.418,10422.56,2020.255,4526.917,10296.17,2016.508,4398.141,10591.21,1968.176,4434.643,10030.54,2008.945,4452.919,10466.13,1966.29,4588.552
10541.8,1975.98,4521.986,10428.88,1966.141,4674.085,10459.99,1955.12,4482.653,9029.121,1951.155,4577.437,10208.07,1976.812,4405.345,10393.85,1992.067,4421.655,10318.28,2014.702,4490.904,10121.12,1978.241,4542.177,10395.06,2030.728,4326.519,10360.91,1981.396,4591.425,10421.45,2020.255,4527.087,10295.05,2016.508,4398.047,10590.11,1968.176,4434.872,10029.41,2008.945,4453.009,10465.01,1966.29,4588.578
10540.24,1975.98,4522.221,10427.31,1966.141,4674.004,10458.43,1955.12,4482.888,9027.552,1951.155,4577.367,10206.54,1976.812,4404.973,10392.34,1992.067,4422.103,10316.72,2014.702,4491.103,10119.55,1978.241,4542.343,10393.5,2030.728,4326.632,10359.34,1981.396,4591.448,10419.9,2020.255,4527.35,10293.48,2016.508,4397.966,10588.57,1968.176,4435.153,10027.84,2008.945,4453.013,10463.44,1966.29,4588.666
10538.3,1975.98,4522.699,10425.31,1966.141,4673.838,10456.45,1955.12,4483.154,9025.557,1951.155,4577.212,10204.59,1976.812,4404.562,10390.42,1992.067,4422.606,10314.74,2014.702,4491.421,10117.56,1978.241,4542.505,10391.51,2030.728,4326.841,10357.34,1981.396,4591.505,10417.93,2020.255,4527.717,10291.48,2016.508,4397.929,10586.59,1968.176,4435.447,10025.84,2008.945,4453.083,10461.45,1966.29,4588.842
10536.51,1975.98,4523.077,10423.49,1966.141,4673.746,10454.64,1955.12,4483.366,9023.743,1951.155,4577.011,10202.79,1976.812,4404.246,10388.66,1992.067,4423.112,10312.95,2014.702,4491.769,10115.74,1978.241,4542.593,10389.7,2030.728,4327.092,10355.51,1981.396,4591.502,10416.15,2020.255,4528.081,10289.66,2016.508,4397.955,10584.79,1968.176,4435.773,10024.02,2008.945,4453.206,10459.63,1966.29,4588.713
10536.15,1975.98,4523.154,10423.12,1966.141,4673.714,10454.27,1955.12,4483.403,9023.373,1951.155,4576.958,10202.42,1976.812,4404.193,10388.3,1992.067,4423.22,10312.59,2014.702,4491.852,10115.36,1978.241,4542.616,10389.33,2030.728,4327.134,10355.14,1981.396,4591.49,10415.78,2020.255,4528.162,10289.28,2016.508,4397.973,10584.43,1968.176,4435.871,10023.65,2008.945,4453.208,10459.25,1966.29,4588.699
10533.64,1975.98,4523.595,10420.58,1966.141,4673.583,10451.73,1955.12,4483.612,9020.868,1951.155,4576.514,10199.89,1976.812,4403.917,10385.86,1992.067,4423.916,10310.13,2014.702,4492.496,10112.82,1978.241,4542.688,10386.81,2030.728,4327.504,10352.6,1981.396,4591.331,10413.31,2020.255,4528.747,10286.75,2016.508,4398.175,10581.95,1968.176,4436.449,10021.11,2008.945,4453.305,10456.71,1966.29,4588.686
10532.48,1975.98,4523.76,10419.42,1966.141,4673.426,10450.56,1955.12,4483.688,9019.72,1951.155,4576.271,10198.72,1976.812,4403.829,10384.74,1992.067,4424.268,10309,2014.702,4492.829,10111.65,1978.241,4542.838,10385.65,2030.728,4327.713,10351.43,1981.396,4591.224,10412.17,2020.255,4529.035,10285.57,2016.508,4398.146,10580.8,1968.176,4436.679,10019.93,2008.945,4453.228,10455.54,1966.29,4588.718
10531.82,1975.98,4523.833,10418.75,1966.141,4673.358,10449.9,1955.12,4483.719,9019.071,1951.155,4576.111,10198.05,1976.812,4403.8,10384.1,1992.067,4424.475,10308.37,2014.702,4493.04,10110.99,1978.241,4542.902,10385,2030.728,4327.853,10350.77,1981.396,4591.146,10411.53,2020.255,4529.209,10284.91,2016.508,4398.151,10580.15,1968.176,4436.836,10019.27,2008.945,4453.205,10454.87,1966.29,4588.75
10529.2,1975.98,4523.927,10416.13,1966.141,4673.179,10447.28,1955.12,4483.793,9016.547,1951.155,4575.402,10195.46,1976.812,4403.432,10381.63,1992.067,4425.35,10305.91,2014.702,4493.944,10108.37,1978.241,4543.065,10382.46,2030.728,4328.487,10348.17,1981.396,4590.78,10409,2020.255,4529.929,10282.29,2016.508,4398.257,10577.58,1968.176,4437.37,10016.64,2008.945,4453.204,10452.29,1966.29,4589.222
10527.96,1975.98,4524.012,10414.9,1966.141,4673.031,10446.04,1955.12,4483.806,9015.365,1951.155,4575.028,10194.22,1976.812,4403.294,10380.45,1992.067,4425.731,10304.76,2014.702,4494.409,10107.14,1978.241,4543.164,10381.27,2030.728,4328.826,10346.94,1981.396,4590.607,10407.82,2020.255,4530.287,10281.05,2016.508,4398.347,10576.37,1968.176,4437.616,10015.41,2008.945,4453.243,10451.06,1966.29,4589.405
10527.06,1975.98,4524.052,10414,1966.141,4672.952,10445.13,1955.12,4483.797,9014.511,1951.155,4574.727,10193.32,1976.812,4403.223,10379.6,1992.067,4426.036,10303.93,2014.702,4494.776,10106.23,1978.241,4543.207,10380.4,2030.728,4329.102,10346.05,1981.396,4590.473,10406.96,2020.255,4530.562,10280.15,2016.508,4398.443,10575.48,1968.176,4437.766,10014.5,2008.945,4453.302,10450.16,1966.29,4589.51
10526.39,1975.98,4524.103,10413.33,1966.141,4672.916,10444.46,1955.12,4483.778,9013.89,1951.155,4574.484,10192.65,1976.812,4403.192,10378.98,1992.067,4426.277,10303.33,2014.702,4495.065,10105.56,1978.241,4543.216,10379.77,2030.728,4329.326,10345.39,1981.396,4590.372,10406.32,2020.255,4530.774,10279.49,2016.508,4398.535,10574.82,1968.176,4437.855,10013.83,2008.945,4453.274,10449.5,1966.29,4589.565
10525.49,1975.98,4524.197,10412.43,1966.141,4672.896,10443.56,1955.12,4483.735,9013.059,1951.155,4574.128,10191.75,1976.812,4403.18,10378.13,1992.067,4426.597,10302.53,2014.702,4495.483,10104.67,1978.241,4543.353,10378.93,2030.728,4329.641,10344.5,1981.396,4590.232,10405.47,2020.255,4531.073,10278.6,2016.508,4398.689,10573.92,1968.176,4437.946,10012.93,2008.945,4453.267,10448.59,1966.29,4589.61
10523.38,1975.98,4524.348,10410.32,1966.141,4672.782,10441.46,1955.12,4483.593,9011.146,1951.155,4573.234,10189.64,1976.812,4403.221,10376.18,1992.067,4427.4,10300.68,2014.702,4496.519,10102.57,1978.241,4543.603,10376.92,2030.728,4330.31,10342.4,1981.396,4589.97,10403.49,2020.255,4531.801,10276.5,2016.508,4398.932,10571.82,1968.176,4438.229,10010.82,2008.945,4453.319,10446.48,1966.29,4589.664
10523.12,1975.98,4524.368,10410.06,1966.141,4672.759,10441.19,1955.12,4483.569,9010.907,1951.155,4573.113,10189.37,1976.812,4403.22,10375.93,1992.067,4427.504,10300.45,2014.702,4496.642,10102.31,1978.241,4543.625,10376.68,2030.728,4330.427,10342.14,1981.396,4589.945,10403.24,2020.255,4531.897,10276.23,2016.508,4398.971,10571.56,1968.176,4438.255,10010.55,2008.945,4453.334,10446.22,1966.29,4589.655
10521.64,1975.98,4524.43,10408.59,1966.141,4672.585,10439.72,1955.12,4483.411,9009.615,1951.155,4572.402,10187.9,1976.812,4403.26,10374.59,1992.067,4428.115,10299.12,2014.702,4497.28,10100.83,1978.241,4543.704,10375.34,2030.728,4331.033,10340.67,1981.396,4589.858,10401.86,2020.255,4532.412,10274.78,2016.508,4399.236,10570.09,1968.176,4438.356,10009.08,2008.945,4453.467,10444.74,1966.29,4589.643
10520.64,1975.98,4524.596,10407.59,1966.141,4672.434,10438.72,1955.12,4483.281,9008.743,1951.155,4571.885,10186.89,1976.812,4403.32,10373.68,1992.067,4428.551,10298.19,2014.702,4497.697,10099.83,1978.241,4543.863,10374.47,2030.728,4331.555,10339.65,1981.396,4589.831,10400.91,2020.255,4532.756,10273.79,2016.508,4399.45,10569.07,1968.176,4438.393,10008.07,2008.945,4453.502,10443.73,1966.29,4589.658
10519.95,1975.98,4524.688,10406.9,1966.141,4672.307,10438.02,1955.12,4483.214,9008.151,1951.155,4571.507,10186.19,1976.812,4403.385,10373.03,1992.067,4428.817,10297.55,2014.702,4497.972,10099.14,1978.241,4543.951,10373.86,2030.728,4331.896,10338.95,1981.396,4589.835,10400.24,2020.255,4532.978,10273.11,2016.508,4399.621,10568.37,1968.176,4438.44,10007.37,2008.945,4453.549,10443.03,1966.29,4589.686
10518.48,1975.98,4524.833,10405.44,1966.141,4672.088,10436.54,1955.12,4483.121,9006.931,1951.155,4570.67,10184.72,1976.812,4403.547,10371.68,1992.067,4429.418,10296.2,2014.702,4498.586,10097.68,1978.241,4544.216,10372.54,2030.728,4332.572,10337.47,1981.396,4589.789,10398.83,2020.255,4533.41,10271.64,2016.508,4399.817,10566.9,1968.176,4438.59,10005.89,2008.945,4453.483,10441.55,1966.29,4589.779
10518.03,1975.98,4524.924,10404.99,1966.141,4672.036,10436.09,1955.12,4483.107,9006.567,1951.155,4570.403,10184.26,1976.812,4403.531,10371.27,1992.067,4429.61,10295.79,2014.702,4498.762,10097.24,1978.241,4544.283,10372.13,2030.728,4332.765,10337.02,1981.396,4589.789,10398.39,2020.255,4533.53,10271.2,2016.508,4399.891,10566.46,1968.176,4438.685,10005.44,2008.945,4453.478,10441.1,1966.29,4589.803
10517.16,1975.98,4525.075,10404.11,1966.141,4671.962,10435.21,1955.12,4483.109,9005.872,1951.155,4569.856,10183.38,1976.812,4403.529,10370.45,1992.067,4429.945,10294.98,2014.702,4499.126,10096.36,1978.241,4544.398,10371.32,2030.728,4333.117,10336.14,1981.396,4589.819,10397.53,2020.255,4533.745,10270.32,2016.508,4400.011,10565.61,1968.176,4438.929,10004.55,2008.945,4453.496,10440.22,1966.29,4589.838
10516.31,1975.98,4525.193,10403.25,1966.141,4671.918,10434.35,1955.12,4483.139,9005.216,1951.155,4569.304,10182.52,1976.812,4403.556,10369.67,1992.067,4430.291,10294.2,2014.702,4499.468,10095.51,1978.241,4544.519,10370.54,2030.728,4333.478,10335.28,1981.396,4589.876,10396.7,2020.255,4533.933,10269.47,2016.508,4400.134,10564.78,1968.176,4439.138,10003.7,2008.945,4453.471,10439.36,1966.29,4589.861
10515.58,1975.98,4525.386,10402.49,1966.141,4671.905,10433.6,1955.12,4483.19,9004.654,1951.155,4568.8,10181.77,1976.812,4403.604,10368.98,1992.067,4430.604,10293.5,2014.702,4499.769,10094.76,1978.241,4544.627,10369.87,2030.728,4333.81,10334.53,1981.396,4589.901,10395.96,2020.255,4534.079,10268.73,2016.508,4400.241,10564.04,1968.176,4439.298,10002.94,2008.945,4453.474,10438.61,1966.29,4589.873
10514.75,1975.98,4525.576,10401.64,1966.141,4671.918,10432.75,1955.12,4483.276,9004.04,1951.155,4568.211,10180.92,1976.812,4403.685,10368.19,1992.067,4430.904,10292.73,2014.702,4500.118,10093.92,1978.241,4544.722,10369.09,2030.728,4334.164,10333.68,1981.396,4589.921,10395.12,2020.255,4534.224,10267.89,2016.508,4400.371,10563.19,1968.176,4439.372,10002.09,2008.945,4453.505,10437.75,1966.29,4589.874
10513.76,1975.98,4525.77,10400.63,1966.141,4671.966,10431.74,1955.12,4483.411,9003.33,1951.155,4567.484,10179.92,1976.812,4403.815,10367.25,1992.067,4431.292,10291.79,2014.702,4500.512,10092.91,1978.241,4544.802,10368.18,2030.728,4334.601,10332.66,1981.396,4589.921,10394.11,2020.255,4534.371,10266.88,2016.508,4400.527,10562.18,1968.176,4439.494,10001.08,2008.945,4453.575,10436.74,1966.29,4589.861
10513.23,1975.98,4525.862,10400.1,1966.141,4672.009,10431.22,1955.12,4483.499,9002.971,1951.155,4567.091,10179.39,1976.812,4403.901,10366.75,1992.067,4431.484,10291.29,2014.702,4500.703,10092.37,1978.241,4544.839,10367.7,2030.728,4334.836,10332.13,1981.396,4589.921,10393.58,2020.255,4534.436,10266.36,2016.508,4400.596,10561.66,1968.176,4439.575,10000.55,2008.945,4453.577,10436.21,1966.29,4589.846
10512.51,1975.98,4526.045,10399.36,1966.141,4672.094,10430.48,1955.12,4483.598,9002.484,1951.155,4566.523,10178.66,1976.812,4404.064,10366.06,1992.067,4431.775,10290.59,2014.702,4500.947,10091.63,1978.241,4544.866,10367.02,2030.728,4335.156,10331.38,1981.396,4589.946,10392.84,2020.255,4534.508,10265.62,2016.508,4400.686,10560.92,1968.176,4439.719,9999.8,2008.945,4453.573,10435.46,1966.29,4589.815
10511.64,1975.98,4526.235,10398.47,1966.141,4672.224,10429.58,1955.12,4483.621,9001.927,1951.155,4565.827,10177.79,1976.812,4404.231,10365.25,1992.067,4432.142,10289.74,2014.702,4501.211,10090.75,1978.241,4545.007,10366.22,2030.728,4335.537,10330.49,1981.396,4590.005,10391.95,2020.255,4534.573,10264.73,2016.508,4400.739,10560.03,1968.176,4439.769,9998.907,2008.945,4453.598,10434.57,1966.29,4589.764
10510.98,1975.98,4526.355,10397.82,1966.141,4672.298,10428.92,1955.12,4483.659,9001.53,1951.155,4565.297,10177.13,1976.812,4404.334,10364.64,1992.067,4432.403,10289.11,2014.702,4501.418,10090.09,1978.241,4545.09,10365.62,2030.728,4335.821,10329.83,1981.396,4590.048,10391.29,2020.255,4534.605,10264.07,2016.508,4400.798,10559.37,1968.176,4439.827,9998.246,2008.945,4453.637,10433.91,1966.29,4589.741
10510.13,1975.98,4526.483,10396.95,1966.141,4672.368,10428.06,1955.12,4483.639,9001.035,1951.155,4564.588,10176.27,1976.812,4404.44,10363.84,1992.067,4432.736,10288.28,2014.702,4501.661,10089.23,1978.241,4545.196,10364.84,2030.728,4336.193,10328.97,1981.396,4590.132,10390.42,2020.255,4534.626,10263.21,2016.508,4400.9,10558.52,1968.176,4439.932,9997.382,2008.945,4453.637,10433.04,1966.29,4589.731
10509.58,1975.98,4526.555,10396.4,1966.141,4672.394,10427.51,1955.12,4483.64,9000.734,1951.155,4564.126,10175.72,1976.812,4404.502,10363.33,1992.067,4432.933,10287.74,2014.702,4501.799,10088.68,1978.241,4545.246,10364.34,2030.728,4336.424,10328.42,1981.396,4590.168,10389.87,2020.255,4534.627,10262.66,2016.508,4400.98,10557.97,1968.176,4439.988,9996.83,2008.945,4453.655,10432.49,1966.29,4589.737
10509.27,1975.98,4526.586,10396.08,1966.141,4672.427,10427.19,1955.12,4483.649,9000.569,1951.155,4563.853,10175.41,1976.812,4404.541,10363.03,1992.067,4433.039,10287.43,2014.702,4501.869,10088.36,1978.241,4545.273,10364.05,2030.728,4336.549,10328.1,1981.396,4590.178,10389.55,2020.255,4534.62,10262.35,2016.508,4401.024,10557.66,1968.176,4440.057,9996.511,2008.945,4453.644,10432.17,1966.29,4589.749
10508.25,1975.98,4526.748,10395.06,1966.141,4672.501,10426.16,1955.12,4483.707,9000.064,1951.155,4562.953,10174.39,1976.812,4404.698,10362.04,1992.067,4433.351,10286.43,2014.702,4502.127,10087.33,1978.241,4545.327,10363.09,2030.728,4336.932,10327.07,1981.396,4590.245,10388.52,2020.255,4534.573,10261.33,2016.508,4401.185,10556.65,1968.176,4440.292,9995.479,2008.945,4453.64,10431.14,1966.29,4589.81
10507.93,1975.98,4526.788,10394.74,1966.141,4672.514,10425.84,1955.12,4483.733,8999.917,1951.155,4562.668,10174.07,1976.812,4404.736,10361.74,1992.067,4433.439,10286.13,2014.702,4502.213,10087.01,1978.241,4545.333,10362.8,2030.728,4337.056,10326.75,1981.396,4590.227,10388.2,2020.255,4534.551,10261.01,2016.508,4401.242,10556.34,1968.176,4440.361,9995.158,2008.945,4453.649,10430.82,1966.29,4589.836
10507.22,1975.98,4526.796,10394.03,1966.141,4672.553,10425.14,1955.12,4483.81,8999.612,1951.155,4562.031,10173.37,1976.812,4404.804,10361.05,1992.067,4433.614,10285.44,2014.702,4502.38,10086.31,1978.241,4545.354,10362.15,2030.728,4337.325,10326.04,1981.396,4590.208,10387.5,2020.255,4534.487,10260.32,2016.508,4401.386,10555.64,1968.176,4440.492,9994.454,2008.945,4453.692,10430.12,1966.29,4589.911
10506.49,1975.98,4526.828,10393.3,1966.141,4672.62,10424.42,1955.12,4483.91,8999.319,1951.155,4561.364,10172.64,1976.812,4404.897,10360.34,1992.067,4433.775,10284.73,2014.702,4502.529,10085.58,1978.241,4545.353,10361.47,2030.728,4337.6,10325.32,1981.396,4590.166,10386.78,2020.255,4534.405,10259.61,2016.508,4401.543,10554.92,1968.176,4440.603,9993.727,2008.945,4453.662,10429.4,1966.29,4590.006
10505.97,1975.98,4526.868,10392.78,1966.141,4672.65,10423.9,1955.12,4483.996,8999.125,1951.155,4560.877,10172.13,1976.812,4404.981,10359.83,1992.067,4433.876,10284.21,2014.702,4502.619,10085.05,1978.241,4545.334,10360.99,2030.728,4337.796,10324.79,1981.396,4590.152,10386.26,2020.255,4534.334,10259.1,2016.508,4401.664,10554.4,1968.176,4440.666,9993.202,2008.945,4453.657,10428.88,1966.29,4590.087
10505.07,1975.98,4526.966,10391.88,1966.141,4672.686,10423.01,1955.12,4484.169,8998.816,1951.155,4560.027,10171.23,1976.812,4405.066,10358.93,1992.067,4434.025,10283.31,2014.702,4502.746,10084.15,1978.241,4545.32,10360.14,2030.728,4338.128,10323.89,1981.396,4590.158,10385.36,2020.255,4534.191,10258.22,2016.508,4401.882,10553.5,1968.176,4440.746,9992.298,2008.945,4453.678,10427.99,1966.29,4590.25
10504.35,1975.98,4527.028,10391.15,1966.141,4672.738,10422.3,1955.12,4484.329,8998.591,1951.155,4559.334,10170.5,1976.812,4405.159,10358.21,1992.067,4434.125,10282.6,2014.702,4502.886,10083.42,1978.241,4545.333,10359.46,2030.728,4338.388,10323.16,1981.396,4590.186,10384.65,2020.255,4534.061,10257.51,2016.508,4402.047,10552.77,1968.176,4440.727,9991.57,2008.945,4453.719,10427.28,1966.29,4590.375
10503.68,1975.98,4527.065,10390.49,1966.141,4672.807,10421.66,1955.12,4484.493,8998.405,1951.155,4558.695,10169.85,1976.812,4405.265,10357.55,1992.067,4434.199,10281.94,2014.702,4502.993,10082.76,1978.241,4545.323,10358.86,2030.728,4338.648,10322.5,1981.396,4590.233,10384,2020.255,4533.928,10256.87,2016.508,4402.203,10552.11,1968.176,4440.731,9990.905,2008.945,4453.692,10426.62,1966.29,4590.486
10502.25,1975.98,4527.191,10389.07,1966.141,4673.003,10420.28,1955.12,4484.886,8998.051,1951.155,4557.305,10168.44,1976.812,4405.54,10356.12,1992.067,4434.317,10280.52,2014.702,4503.175,10081.33,1978.241,4545.162,10357.52,2030.728,4339.175,10321.07,1981.396,4590.381,10382.6,2020.255,4533.61,10255.47,2016.508,4402.539,10550.68,1968.176,4440.653,9989.471,2008.945,4453.681,10425.21,1966.29,4590.715
10501.82,1975.98,4527.187,10388.64,1966.141,4673.076,10419.86,1955.12,4485.007,8997.958,1951.155,4556.885,10168.01,1976.812,4405.617,10355.69,1992.067,4434.341,10280.09,2014.702,4503.238,10080.9,1978.241,4545.127,10357.12,2030.728,4339.32,10320.64,1981.396,4590.439,10382.18,2020.255,4533.516,10255.05,2016.508,4402.631,10550.25,1968.176,4440.644,9989.04,2008.945,4453.692,10424.78,1966.29,4590.781
10500.9,1975.98,4527.206,10387.74,1966.141,4673.261,10418.99,1955.12,4485.275,8997.79,1951.155,4555.982,10167.11,1976.812,4405.752,10354.77,1992.067,4434.368,10279.18,2014.702,4503.354,10079.99,1978.241,4545.055,10356.24,2030.728,4339.607,10319.74,1981.396,4590.59,10381.28,2020.255,4533.317,10254.15,2016.508,4402.825,10549.33,1968.176,4440.599,9988.123,2008.945,4453.742,10423.87,1966.29,4590.915
10499.96,1975.98,4527.256,10386.82,1966.141,4673.481,10418.08,1955.12,4485.56,8997.647,1951.155,4555.047,10166.16,1976.812,4405.81,10353.83,1992.067,4434.369,10278.26,2014.702,4503.553,10079.04,1978.241,4544.98,10355.34,2030.728,4339.88,10318.81,1981.396,4590.774,10380.36,2020.255,4533.115,10253.23,2016.508,4403.011,10548.39,1968.176,4440.515,9987.181,2008.945,4453.824,10422.94,1966.29,4591.045
10498.73,1975.98,4527.363,10385.63,1966.141,4673.809,10416.9,1955.12,4485.915,8997.5,1951.155,4553.817,10164.93,1976.812,4405.927,10352.59,1992.067,4434.404,10277.04,2014.702,4503.788,10077.81,1978.241,4544.922,10354.15,2030.728,4340.214,10317.6,1981.396,4591.051,10379.15,2020.255,4532.853,10252.01,2016.508,4403.242,10547.15,1968.176,4440.444,9985.957,2008.945,4454.017,10421.71,1966.29,4591.207
10497.91,1975.98,4527.44,10384.84,1966.141,4674,10416.11,1955.12,4486.136,8997.43,1951.155,4553.004,10164.12,1976.812,4405.991,10351.78,1992.067,4434.391,10276.24,2014.702,4503.916,10076.99,1978.241,4544.911,10353.36,2030.728,4340.426,10316.81,1981.396,4591.233,10378.35,2020.255,4532.696,10251.21,2016.508,4403.386,10546.33,1968.176,4440.396,9985.148,2008.945,4454.118,10420.9,1966.29,4591.286
10496.96,1975.98,4527.499,10383.9,1966.141,4674.193,10415.19,1955.12,4486.383,8997.378,1951.155,4552.046,10163.16,1976.812,4406.008,10350.82,1992.067,4434.401,10275.29,2014.702,4504.035,10076.03,1978.241,4544.976,10352.43,2030.728,4340.663,10315.88,1981.396,4591.47,10377.4,2020.255,4532.532,10250.26,2016.508,4403.539,10545.38,1968.176,4440.372,9984.222,2008.945,4454.365,10419.94,1966.29,4591.272
10495.84,1975.98,4527.527,10382.8,1966.141,4674.382,10414.11,1955.12,4486.653,8997.354,1951.155,4550.932,10162.04,1976.812,4406.063,10349.7,1992.067,4434.405,10274.17,2014.702,4504.138,10074.92,1978.241,4545.016,10351.35,2030.728,4340.926,10314.8,1981.396,4591.764,10376.3,2020.255,4532.363,10249.16,2016.508,4403.68,10544.26,1968.176,4440.379,9983.136,2008.945,4454.618,10418.82,1966.29,4591.293
10494.53,1975.98,4527.601,10381.5,1966.141,4674.563,10412.83,1955.12,4486.951,8997.37,1951.155,4549.617,10160.73,1976.812,4406.172,10348.39,1992.067,4434.453,10272.86,2014.702,4504.216,10073.6,1978.241,4545.019,10350.08,2030.728,4341.258,10313.54,1981.396,4592.128,10375,2020.255,4532.191,10247.85,2016.508,4403.805,10542.95,1968.176,4440.327,9981.846,2008.945,4454.873,10417.51,1966.29,4591.36
10493.21,1975.98,4527.602,10380.18,1966.141,4674.718,10411.53,1955.12,4487.231,8997.43,1951.155,4548.296,10159.42,1976.812,4406.307,10347.07,1992.067,4434.446,10271.55,2014.702,4504.337,10072.28,1978.241,4544.979,10348.8,2030.728,4341.612,10312.26,1981.396,4592.452,10373.69,2020.255,4532.043,10246.53,2016.508,4403.889,10541.63,1968.176,4440.291,9980.566,2008.945,4455.206,10416.19,1966.29,4591.423
10492.28,1975.98,4527.519,10379.26,1966.141,4674.742,10410.63,1955.12,4487.413,8997.501,1951.155,4547.373,10158.52,1976.812,4406.523,10346.14,1992.067,4434.428,10270.62,2014.702,4504.396,10071.36,1978.241,4544.982,10347.91,2030.728,4341.864,10311.35,1981.396,4592.65,10372.76,2020.255,4531.958,10245.6,2016.508,4403.918,10540.7,1968.176,4440.295,9979.662,2008.945,4455.41,10415.26,1966.29,4591.418
10491.03,1975.98,4527.447,10378,1966.141,4674.746,10409.39,1955.12,4487.64,8997.639,1951.155,4546.124,10157.29,1976.812,4406.776,10344.88,1992.067,4434.444,10269.37,2014.702,4504.433,10070.1,1978.241,4544.944,10346.7,2030.728,4342.196,10310.11,1981.396,4592.878,10371.51,2020.255,4531.867,10244.35,2016.508,4403.919,10539.44,1968.176,4440.261,9978.428,2008.945,4455.646,10414.01,1966.29,4591.453
10489.74,1975.98,4527.416,10376.71,1966.141,4674.792,10408.12,1955.12,4487.852,8997.821,1951.155,4544.851,10156.02,1976.812,4406.994,10343.6,1992.067,4434.445,10268.08,2014.702,4504.514,10068.81,1978.241,4544.948,10345.46,2030.728,4342.54,10308.84,1981.396,4593.07,10370.23,2020.255,4531.798,10243.06,2016.508,4403.908,10538.16,1968.176,4440.183,9977.157,2008.945,4455.847,10412.72,1966.29,4591.4
10486.84,1975.98,4527.44,10373.81,1966.141,4674.99,10405.25,1955.12,4488.285,8998.329,1951.155,4541.989,10153.14,1976.812,4407.393,10340.69,1992.067,4434.544,10265.2,2014.702,4504.91,10065.91,1978.241,4544.861,10342.66,2030.728,4343.313,10305.96,1981.396,4593.409,10367.32,2020.255,4531.697,10240.15,2016.508,4403.797,10535.25,1968.176,4440.103,9974.272,2008.945,4456.206,10409.82,1966.29,4591.375
10486,1975.98,4527.475,10372.98,1966.141,4675.02,10404.42,1955.12,4488.396,8998.502,1951.155,4541.173,10152.31,1976.812,4407.496,10339.86,1992.067,4434.6,10264.37,2014.702,4504.996,10065.07,1978.241,4544.863,10341.86,2030.728,4343.53,10305.12,1981.396,4593.479,10366.49,2020.255,4531.683,10239.32,2016.508,4403.752,10534.42,1968.176,4440.107,9973.441,2008.945,4456.281,10408.98,1966.29,4591.396
10485.2,1975.98,4527.524,10372.17,1966.141,4675.022,10403.62,1955.12,4488.49,8998.672,1951.155,4540.381,10151.5,1976.812,4407.569,10339.05,1992.067,4434.627,10263.57,2014.702,4505.112,10064.27,1978.241,4544.979,10341.08,2030.728,4343.745,10304.32,1981.396,4593.521,10365.68,2020.255,4531.685,10238.51,2016.508,4403.7,10533.62,1968.176,4440.009,9972.633,2008.945,4456.328,10408.17,1966.29,4591.38
10484.73,1975.98,4527.552,10371.7,1966.141,4675.009,10403.15,1955.12,4488.537,8998.792,1951.155,4539.929,10151.04,1976.812,4407.625,10338.58,1992.067,4434.593,10263.11,2014.702,4505.19,10063.81,1978.241,4545.032,10340.62,2030.728,4343.861,10303.85,1981.396,4593.544,10365.21,2020.255,4531.694,10238.05,2016.508,4403.668,10533.15,1968.176,4439.968,9972.164,2008.945,4456.321,10407.71,1966.29,4591.329
10482.5,1975.98,4527.613,10369.49,1966.141,4675.249,10400.93,1955.12,4488.723,8999.292,1951.155,4537.758,10148.82,1976.812,4407.813,10336.36,1992.067,4434.504,10260.9,2014.702,4505.487,10061.59,1978.241,4545.207,10338.46,2030.728,4344.383,10301.62,1981.396,4593.584,10362.99,2020.255,4531.778,10235.83,2016.508,4403.464,10530.92,1968.176,4439.845,9969.94,2008.945,4456.197,10405.49,1966.29,4591.158
10481.45,1975.98,4527.607,10368.44,1966.141,4675.377,10399.88,1955.12,4488.792,8999.495,1951.155,4536.722,10147.76,1976.812,4407.869,10335.3,1992.067,4434.469,10259.85,2014.702,4505.593,10060.53,1978.241,4545.255,10337.43,2030.728,4344.639,10300.57,1981.396,4593.638,10361.93,2020.255,4531.837,10234.78,2016.508,4403.389,10529.87,1968.176,4439.821,9968.885,2008.945,4456.172,10404.43,1966.29,4591.111
10479.32,1975.98,4527.665,10366.32,1966.141,4675.566,10397.75,1955.12,4488.897,8999.869,1951.155,4534.626,10145.64,1976.812,4407.91,10333.18,1992.067,4434.387,10257.73,2014.702,4505.738,10058.4,1978.241,4545.284,10335.37,2030.728,4345.143,10298.44,1981.396,4593.631,10359.81,2020.255,4531.992,10232.66,2016.508,4403.226,10527.74,1968.176,4439.843,9966.762,2008.945,4456.019,10402.3,1966.29,4591.087
10478.31,1975.98,4527.763,10365.3,1966.141,4675.639,10396.74,1955.12,4488.929,9000.015,1951.155,4533.62,10144.62,1976.812,4407.897,10332.16,1992.067,4434.375,10256.71,2014.702,4505.774,10057.4,1978.241,4545.423,10334.38,2030.728,4345.376,10297.43,1981.396,4593.498,10358.8,2020.255,4532.083,10231.64,2016.508,4403.135,10526.72,1968.176,4439.863,9965.746,2008.945,4455.979,10401.29,1966.29,4590.981
10476.84,1975.98,4527.935,10363.83,1966.141,4675.697,10395.27,1955.12,4488.95,9000.178,1951.155,4532.154,10143.15,1976.812,4407.829,10330.69,1992.067,4434.386,10255.24,2014.702,4505.778,10055.93,1978.241,4545.578,10332.95,2030.728,4345.726,10295.96,1981.396,4593.352,10357.33,2020.255,4532.241,10230.18,2016.508,4402.963,10525.25,1968.176,4439.941,9964.274,2008.945,4455.889,10399.82,1966.29,4590.875
10475.06,1975.98,4528.088,10362.05,1966.141,4675.763,10393.48,1955.12,4488.942,9000.317,1951.155,4530.375,10141.36,1976.812,4407.745,10328.91,1992.067,4434.369,10253.46,2014.702,4505.9,10054.15,1978.241,4545.708,10331.21,2030.728,4346.12,10294.18,1981.396,4593.233,10355.56,2020.255,4532.461,10228.41,2016.508,4402.705,10523.47,1968.176,4440.093,9962.492,2008.945,4455.804,10398.04,1966.29,4590.804
10472.79,1975.98,4528.209,10359.77,1966.141,4675.772,10391.21,1955.12,4488.892,9000.421,1951.155,4528.103,10139.1,1976.812,4407.564,10326.64,1992.067,4434.39,10251.2,2014.702,4506.187,10051.88,1978.241,4545.798,10328.99,2030.728,4346.599,10291.91,1981.396,4593.157,10353.31,2020.255,4532.78,10226.17,2016.508,4402.318,10521.24,1968.176,4440.52,9960.218,2008.945,4455.77,10395.76,1966.29,4590.788
10471.1,1975.98,4528.244,10358.08,1966.141,4675.854,10389.52,1955.12,4488.822,9000.442,1951.155,4526.411,10137.41,1976.812,4407.374,10324.95,1992.067,4434.431,10249.51,2014.702,4506.345,10050.18,1978.241,4545.81,10327.34,2030.728,4346.984,10290.22,1981.396,4593.008,10351.63,2020.255,4533.006,10224.51,2016.508,4401.997,10519.57,1968.176,4440.782,9958.528,2008.945,4455.673,10394.07,1966.29,4590.817
10470.69,1975.98,4528.266,10357.67,1966.141,4675.86,10389.11,1955.12,4488.798,9000.435,1951.155,4526.001,10137,1976.812,4407.355,10324.54,1992.067,4434.441,10249.11,2014.702,4506.37,10049.77,1978.241,4545.799,10326.94,2030.728,4347.081,10289.81,1981.396,4592.986,10351.23,2020.255,4533.058,10224.11,2016.508,4401.909,10519.16,1968.176,4440.835,9958.118,2008.945,4455.664,10393.66,1966.29,4590.833
10468.79,1975.98,4528.394,10355.77,1966.141,4675.83,10387.21,1955.12,4488.648,9000.334,1951.155,4524.099,10135.11,1976.812,4407.207,10322.63,1992.067,4434.473,10247.2,2014.702,4506.5,10047.87,1978.241,4545.797,10325.1,2030.728,4347.545,10287.91,1981.396,4592.942,10349.34,2020.255,4533.29,10222.26,2016.508,4401.462,10517.26,1968.176,4441.021,9956.213,2008.945,4455.68,10391.76,1966.29,4590.958
10466.72,1975.98,4528.465,10353.7,1966.141,4675.73,10385.15,1955.12,4488.445,9000.399,1951.155,4522.027,10133.05,1976.812,4406.977,10320.56,1992.067,4434.507,10245.13,2014.702,4506.574,10045.8,1978.241,4545.785,10323.1,2030.728,4348.046,10285.83,1981.396,4592.962,10347.28,2020.255,4533.53,10220.26,2016.508,4400.929,10515.24,1968.176,4441.45,9954.142,2008.945,4455.766,10389.7,1966.29,4591.144
10464.73,1975.98,4528.421,10351.72,1966.141,4675.571,10383.18,1955.12,4488.212,9000.489,1951.155,4520.044,10131.08,1976.812,4406.693,10318.58,1992.067,4434.515,10243.15,2014.702,4506.58,10043.82,1978.241,4545.963,10321.17,2030.728,4348.532,10283.85,1981.396,4593.046,10345.31,2020.255,4533.749,10218.32,2016.508,4400.479,10513.28,1968.176,4441.798,9952.157,2008.945,4455.718,10387.73,1966.29,4591.37
10463.01,1975.98,4528.44,10350,1966.141,4675.49,10381.47,1955.12,4487.977,9000.511,1951.155,4518.321,10129.38,1976.812,4406.39,10316.86,1992.067,4434.577,10241.43,2014.702,4506.529,10042.1,1978.241,4546.062,10319.52,2030.728,4348.988,10282.16,1981.396,4593.366,10343.59,2020.255,4533.93,10216.63,2016.508,4400.142,10511.58,1968.176,4442.044,9950.434,2008.945,4455.733,10386.02,1966.29,4591.608
10461.11,1975.98,4528.423,10348.1,1966.141,4675.462,10379.6,1955.12,4487.679,9000.472,1951.155,4516.423,10127.53,1976.812,4405.996,10314.97,1992.067,4434.73,10239.53,2014.702,4506.41,10040.2,1978.241,4546.147,10317.68,2030.728,4349.469,10280.28,1981.396,4593.658,10341.71,2020.255,4534.119,10214.76,2016.508,4399.83,10509.69,1968.176,4442.254,9948.537,2008.945,4455.812,10384.15,1966.29,4591.918
10458.89,1975.98,4528.477,10345.88,1966.141,4675.502,10377.41,1955.12,4487.286,9000.354,1951.155,4514.204,10125.41,1976.812,4405.333,10312.76,1992.067,4434.918,10237.32,2014.702,4506.199,10037.98,1978.241,4546.175,10315.53,2030.728,4350.04,10278.08,1981.396,4593.928,10339.5,2020.255,4534.33,10212.56,2016.508,4399.534,10507.47,1968.176,4442.428,9946.316,2008.945,4455.725,10381.96,1966.29,4592.335
10458.45,1975.98,4528.412,10345.43,1966.141,4675.493,10376.98,1955.12,4487.198,9000.315,1951.155,4513.761,10124.98,1976.812,4405.214,10312.31,1992.067,4434.942,10236.88,2014.702,4506.143,10037.54,1978.241,4546.169,10315.1,2030.728,4350.15,10277.63,1981.396,4593.967,10339.05,2020.255,4534.37,10212.12,2016.508,4399.489,10507.03,1968.176,4442.448,9945.873,2008.945,4455.704,10381.53,1966.29,4592.429
10455.24,1975.98,4528.028,10342.2,1966.141,4675.528,10373.82,1955.12,4486.495,8999.933,1951.155,4510.55,10121.84,1976.812,4404.454,10309.08,1992.067,4435.019,10233.69,2014.702,4505.626,10034.3,1978.241,4546.186,10311.97,2030.728,4350.946,10274.41,1981.396,4594.148,10335.83,2020.255,4534.645,10208.89,2016.508,4399.263,10503.8,1968.176,4442.488,9942.644,2008.945,4455.541,10378.39,1966.29,4593.195
10453.42,1975.98,4527.871,10340.38,1966.141,4675.607,10372.05,1955.12,4486.061,8999.858,1951.155,4508.73,10120.05,1976.812,4404.084,10307.26,1992.067,4435.007,10231.88,2014.702,4505.356,10032.48,1978.241,4546.135,10310.2,2030.728,4351.375,10272.58,1981.396,4594.191,10334.02,2020.255,4534.834,10207.07,2016.508,4399.194,10501.98,1968.176,4442.452,9940.822,2008.945,4455.508,10376.61,1966.29,4593.569
10451.83,1975.98,4527.578,10338.77,1966.141,4675.73,10370.49,1955.12,4485.642,8999.739,1951.155,4507.117,10118.46,1976.812,4403.807,10305.64,1992.067,4434.953,10230.29,2014.702,4505.064,10030.87,1978.241,4546.037,10308.63,2030.728,4351.735,10270.97,1981.396,4594.22,10332.42,2020.255,4535.031,10205.45,2016.508,4399.186,10500.36,1968.176,4442.366,9939.206,2008.945,4455.434,10375.01,1966.29,4593.849
10450.46,1975.98,4527.373,10337.39,1966.141,4675.88,10369.14,1955.12,4485.327,8999.593,1951.155,4505.74,10117.09,1976.812,4403.615,10304.26,1992.067,4434.873,10228.94,2014.702,4504.77,10029.51,1978.241,4545.745,10307.29,2030.728,4352.099,10269.58,1981.396,4594.196,10331.04,2020.255,4535.155,10204.07,2016.508,4399.223,10498.98,1968.176,4442.248,9937.834,2008.945,4455.25,10373.64,1966.29,4594.043
10449.76,1975.98,4527.251,10336.68,1966.141,4675.982,10368.44,1955.12,4485.186,8999.502,1951.155,4505.026,10116.37,1976.812,4403.539,10303.54,1992.067,4434.855,10228.24,2014.702,4504.594,10028.81,1978.241,4545.616,10306.6,2030.728,4352.27,10268.86,1981.396,4594.208,10330.32,2020.255,4535.196,10203.35,2016.508,4399.265,10498.27,1968.176,4442.163,9937.119,2008.945,4455.166,10372.93,1966.29,4594.121
10446.08,1975.98,4526.746,10333.03,1966.141,4676.625,10364.78,1955.12,4484.581,8998.916,1951.155,4501.365,10112.67,1976.812,4403.265,10299.84,1992.067,4434.745,10224.63,2014.702,4503.747,10025.14,1978.241,4545.072,10303.03,2030.728,4353.256,10265.18,1981.396,4594.632,10326.61,2020.255,4535.286,10199.66,2016.508,4399.604,10494.58,1968.176,4441.751,9933.425,2008.945,4454.848,10369.23,1966.29,4594.401
10444.21,1975.98,4526.498,10331.17,1966.141,4677.015,10362.9,1955.12,4484.315,8998.556,1951.155,4499.505,10110.78,1976.812,4403.155,10297.95,1992.067,4434.639,10222.78,2014.702,4503.375,10023.26,1978.241,4544.856,10301.19,2030.728,4353.715,10263.29,1981.396,4594.787,10324.72,2020.255,4535.27,10197.77,2016.508,4399.717,10492.69,1968.176,4441.604,9931.533,2008.945,4454.748,10367.34,1966.29,4594.483
10443.27,1975.98,4526.324,10330.24,1966.141,4677.18,10361.96,1955.12,4484.205,8998.345,1951.155,4498.579,10109.83,1976.812,4403.131,10297,1992.067,4434.617,10221.84,2014.702,4503.219,10022.33,1978.241,4544.662,10300.26,2030.728,4353.918,10262.34,1981.396,4594.834,10323.77,2020.255,4535.23,10196.82,2016.508,4399.744,10491.75,1968.176,4441.528,9930.583,2008.945,4454.728,10366.39,1966.29,4594.493
10442.44,1975.98,4526.198,10329.41,1966.141,4677.299,10361.13,1955.12,4484.128,8998.186,1951.155,4497.756,10109,1976.812,4403.035,10296.16,1992.067,4434.625,10221.01,2014.702,4503.108,10021.5,1978.241,4544.518,10299.44,2030.728,4354.073,10261.51,1981.396,4594.899,10322.93,2020.255,4535.17,10195.98,2016.508,4399.742,10490.91,1968.176,4441.433,9929.744,2008.945,4454.738,10365.55,1966.29,4594.474
10439.69,1975.98,4525.871,10326.65,1966.141,4677.601,10358.36,1955.12,4483.943,8997.569,1951.155,4495.053,10106.24,1976.812,4402.805,10293.39,1992.067,4434.743,10218.25,2014.702,4502.832,10018.75,1978.241,4544.131,10296.7,2030.728,4354.506,10258.74,1981.396,4595.024,10320.17,2020.255,4534.917,10193.21,2016.508,4399.649,10488.14,1968.176,4441.451,9926.975,2008.945,4454.863,10362.78,1966.29,4594.323
10438.12,1975.98,4525.596,10325.06,1966.141,4677.722,10356.76,1955.12,4483.876,8997.266,1951.155,4493.485,10104.64,1976.812,4402.68,10291.79,1992.067,4434.862,10216.66,2014.702,4502.725,10017.19,1978.241,4543.81,10295.12,2030.728,4354.708,10257.14,1981.396,4595.08,10318.58,2020.255,4534.776,10191.62,2016.508,4399.547,10486.54,1968.176,4441.41,9925.378,2008.945,4454.883,10361.19,1966.29,4594.184
10436.18,1975.98,4525.323,10323.11,1966.141,4677.808,10354.82,1955.12,4483.845,8996.832,1951.155,4491.584,10102.74,1976.812,4402.284,10289.85,1992.067,4435.072,10214.71,2014.702,4502.659,10015.27,1978.241,4543.479,10293.17,2030.728,4354.899,10255.2,1981.396,4595.208,10316.64,2020.255,4534.667,10189.68,2016.508,4399.365,10484.6,1968.176,4441.295,9923.431,2008.945,4454.971,10359.25,1966.29,4593.951
10432.8,1975.98,4524.688,10319.67,1966.141,4677.847,10351.37,1955.12,4483.879,8996.035,1951.155,4488.231,10099.34,1976.812,4401.695,10286.44,1992.067,4435.553,10211.26,2014.702,4502.654,10011.91,1978.241,4542.731,10289.74,2030.728,4355.134,10251.77,1981.396,4595.541,10313.21,2020.255,4534.319,10186.26,2016.508,4398.938,10481.17,1968.176,4440.979,9919.984,2008.945,4455.014,10355.83,1966.29,4593.61
10432.31,1975.98,4524.613,10319.17,1966.141,4677.879,10350.88,1955.12,4483.896,8995.937,1951.155,4487.746,10098.85,1976.812,4401.626,10285.95,1992.067,4435.639,10210.77,2014.702,4502.669,10011.42,1978.241,4542.628,10289.24,2030.728,4355.154,10251.27,1981.396,4595.573,10312.71,2020.255,4534.286,10185.77,2016.508,4398.863,10480.67,1968.176,4440.918,9919.489,2008.945,4455.014,10355.33,1966.29,4593.545
10430.26,1975.98,4524.367,10317.11,1966.141,4677.943,10348.82,1955.12,4484.025,8995.592,1951.155,4485.713,10096.8,1976.812,4401.428,10283.94,1992.067,4436.059,10208.72,2014.702,4502.93,10009.39,1978.241,4542.267,10287.18,2030.728,4355.173,10249.21,1981.396,4595.637,10310.65,2020.255,4534.212,10183.74,2016.508,4398.498,10478.64,1968.176,4440.596,9917.43,2008.945,4455.079,10353.3,1966.29,4593.209
10427.38,1975.98,4523.905,10314.19,1966.141,4678.009,10345.91,1955.12,4484.284,8995.137,1951.155,4482.831,10093.9,1976.812,4401.054,10281.1,1992.067,4436.748,10205.82,2014.702,4503.204,10006.5,1978.241,4541.849,10284.26,2030.728,4355.115,10246.3,1981.396,4595.769,10307.74,2020.255,4534.204,10180.86,2016.508,4398.003,10475.8,1968.176,4439.921,9914.512,2008.945,4455.076,10350.44,1966.29,4592.642
10424.86,1975.98,4523.586,10311.66,1966.141,4678.018,10343.39,1955.12,4484.578,8995.172,1951.155,4480.292,10091.4,1976.812,4400.66,10278.62,1992.067,4437.277,10203.28,2014.702,4503.359,10004.03,1978.241,4541.291,10281.73,2030.728,4355.146,10243.76,1981.396,4595.8,10305.2,2020.255,4534.28,10178.35,2016.508,4397.654,10473.31,1968.176,4439.415,9911.975,2008.945,4455.157,10347.96,1966.29,4592.073
10424.36,1975.98,4523.539,10311.15,1966.141,4678.003,10342.89,1955.12,4484.65,8995.162,1951.155,4479.786,10090.89,1976.812,4400.598,10278.12,1992.067,4437.369,10202.78,2014.702,4503.374,10003.53,1978.241,4541.173,10281.22,2030.728,4355.168,10243.25,1981.396,4595.79,10304.69,2020.255,4534.283,10177.84,2016.508,4397.6,10472.81,1968.176,4439.33,9911.468,2008.945,4455.156,10347.47,1966.29,4591.97
10421.56,1975.98,4523.368,10308.35,1966.141,4678.01,10340.13,1955.12,4485.125,8995.018,1951.155,4476.985,10088.11,1976.812,4400.27,10275.35,1992.067,4437.8,10199.97,2014.702,4503.362,10000.79,1978.241,4540.614,10278.42,2030.728,4355.38,10240.45,1981.396,4595.641,10301.89,2020.255,4534.231,10175.05,2016.508,4397.394,10470.03,1968.176,4438.952,9908.687,2008.945,4454.796,10344.71,1966.29,4591.459
10420.21,1975.98,4523.166,10306.98,1966.141,4677.968,10338.79,1955.12,4485.393,8994.902,1951.155,4475.627,10086.75,1976.812,4400.154,10274,1992.067,4437.973,10198.61,2014.702,4503.312,9999.441,1978.241,4540.386,10277.07,2030.728,4355.525,10239.09,1981.396,4595.552,10300.53,2020.255,4534.174,10173.69,2016.508,4397.338,10468.68,1968.176,4438.813,9907.33,2008.945,4454.666,10343.37,1966.29,4591.241
10416.66,1975.98,4522.751,10303.41,1966.141,4678.169,10335.29,1955.12,4486.117,8994.643,1951.155,4472.058,10083.17,1976.812,4399.968,10270.44,1992.067,4438.33,10195.04,2014.702,4503.063,9995.93,1978.241,4539.698,10273.52,2030.728,4356.013,10235.51,1981.396,4595.561,10296.95,2020.255,4534.02,10170.11,2016.508,4397.307,10465.1,1968.176,4438.754,9903.79,2008.945,4454.141,10339.82,1966.29,4590.745
10415.11,1975.98,4522.622,10301.86,1966.141,4678.206,10333.77,1955.12,4486.441,8994.524,1951.155,4470.511,10081.62,1976.812,4399.938,10268.89,1992.067,4438.443,10193.5,2014.702,4502.904,9994.398,1978.241,4539.45,10271.99,2030.728,4356.267,10233.96,1981.396,4595.613,10295.41,2020.255,4533.95,10168.56,2016.508,4397.344,10463.55,1968.176,4438.679,9902.249,2008.945,4453.964,10338.28,1966.29,4590.564
10413.96,1975.98,4522.564,10300.71,1966.141,4678.196,10332.65,1955.12,4486.689,8994.399,1951.155,4469.368,10080.47,1976.812,4399.954,10267.74,1992.067,4438.497,10192.36,2014.702,4502.749,9993.27,1978.241,4539.234,10270.86,2030.728,4356.48,10232.82,1981.396,4595.688,10294.26,2020.255,4533.897,10167.41,2016.508,4397.409,10462.4,1968.176,4438.745,9901.112,2008.945,4453.795,10337.14,1966.29,4590.456
10411.77,1975.98,4522.506,10298.52,1966.141,4678.105,10330.52,1955.12,4487.178,8994.091,1951.155,4467.202,10078.29,1976.812,4400.055,10265.56,1992.067,4438.54,10190.2,2014.702,4502.384,9991.108,1978.241,4538.894,10268.71,2030.728,4356.838,10230.63,1981.396,4595.759,10292.07,2020.255,4533.792,10165.23,2016.508,4397.604,10460.22,1968.176,4438.799,9898.938,2008.945,4453.546,10334.96,1966.29,4590.299
10408.52,1975.98,4522.527,10295.27,1966.141,4678.077,10327.35,1955.12,4487.927,8993.527,1951.155,4464,10075.05,1976.812,4400.312,10262.31,1992.067,4438.518,10186.98,2014.702,4501.946,9987.882,1978.241,4538.494,10265.5,2030.728,4357.356,10227.38,1981.396,4595.757,10288.83,2020.255,4533.632,10161.98,2016.508,4397.806,10456.96,1968.176,4438.773,9895.698,2008.945,4453.281,10331.71,1966.29,4590.142
10407.25,1975.98,4522.495,10294,1966.141,4678.024,10326.12,1955.12,4488.232,8993.266,1951.155,4462.751,10073.77,1976.812,4400.371,10261.03,1992.067,4438.551,10185.71,2014.702,4501.816,9986.611,1978.241,4538.378,10264.24,2030.728,4357.522,10226.11,1981.396,4595.833,10287.55,2020.255,4533.566,10160.71,2016.508,4397.862,10455.69,1968.176,4438.805,9894.424,2008.945,4453.219,10330.44,1966.29,4590.109
10406.18,1975.98,4522.444,10292.93,1966.141,4678.015,10325.08,1955.12,4488.496,8992.934,1951.155,4461.737,10072.73,1976.812,4400.581,10259.97,1992.067,4438.614,10184.64,2014.702,4501.742,9985.553,1978.241,4538.247,10263.17,2030.728,4357.629,10225.04,1981.396,4595.862,10286.49,2020.255,4533.51,10159.64,2016.508,4397.891,10454.63,1968.176,4438.914,9893.357,2008.945,4453.202,10329.37,1966.29,4590.107
10402.67,1975.98,4522.392,10289.42,1966.141,4677.813,10321.69,1955.12,4489.395,8991.951,1951.155,4458.364,10069.26,1976.812,4401.162,10256.47,1992.067,4438.934,10181.13,2014.702,4501.612,9982.054,1978.241,4537.928,10259.67,2030.728,4357.88,10221.53,1981.396,4595.842,10282.98,2020.255,4533.317,10156.14,2016.508,4398.079,10451.14,1968.176,4439.327,9889.845,2008.945,4453.257,10325.86,1966.29,4590.184
10401.46,1975.98,4522.407,10288.21,1966.141,4677.782,10320.51,1955.12,4489.677,8991.651,1951.155,4457.192,10068.08,1976.812,4401.403,10255.27,1992.067,4439.08,10179.92,2014.702,4501.588,9980.854,1978.241,4537.779,10258.46,2030.728,4357.931,10220.32,1981.396,4595.985,10281.78,2020.255,4533.249,10154.93,2016.508,4398.175,10449.93,1968.176,4439.429,9888.651,2008.945,4453.451,10324.65,1966.29,4590.239
10398.37,1975.98,4522.532,10285.12,1966.141,4677.806,10317.49,1955.12,4490.332,8990.913,1951.155,4454.184,10065.02,1976.812,4401.919,10252.2,1992.067,4439.544,10176.83,2014.702,4501.628,9977.769,1978.241,4537.499,10255.37,2030.728,4357.97,10217.26,1981.396,4596.472,10278.69,2020.255,4533.066,10151.85,2016.508,4398.511,10446.84,1968.176,4439.591,9885.582,2008.945,4453.867,10321.56,1966.29,4590.456
10395.6,1975.98,4522.722,10282.35,1966.141,4677.918,10314.77,1955.12,4490.856,8990.342,1951.155,4451.476,10062.32,1976.812,4402.502,10249.46,1992.067,4439.871,10174.06,2014.702,4501.751,9975.021,1978.241,4537.158,10252.6,2030.728,4358.092,10214.52,1981.396,4596.819,10275.92,2020.255,4532.896,10149.11,2016.508,4398.89,10444.07,1968.176,4439.645,9882.828,2008.945,4454.148,10318.81,1966.29,4590.716
10394,1975.98,4522.878,10280.74,1966.141,4677.871,10313.18,1955.12,4491.126,8990.061,1951.155,4449.888,10060.73,1976.812,4402.791,10247.85,1992.067,4440.012,10172.45,2014.702,4501.873,9973.415,1978.241,4537.011,10250.99,2030.728,4358.213,10212.91,1981.396,4596.97,10274.32,2020.255,4532.794,10147.52,2016.508,4399.159,10442.46,1968.176,4439.729,9881.219,2008.945,4454.26,10317.21,1966.29,4590.908
10392.82,1975.98,4523.028,10279.55,1966.141,4677.875,10312,1955.12,4491.3,8989.891,1951.155,4448.707,10059.55,1976.812,4402.965,10246.66,1992.067,4440.08,10171.27,2014.702,4501.999,9972.225,1978.241,4536.936,10249.81,2030.728,4358.339,10211.72,1981.396,4597.044,10273.12,2020.255,4532.74,10146.35,2016.508,4399.394,10441.27,1968.176,4439.831,9880.027,2008.945,4454.31,10316.02,1966.29,4591.01
10390.58,1975.98,4523.378,10277.28,1966.141,4677.958,10309.75,1955.12,4491.581,8989.643,1951.155,4446.455,10057.32,1976.812,4403.369,10244.39,1992.067,4440.146,10169.02,2014.702,4502.308,9969.959,1978.241,4536.876,10247.55,2030.728,4358.539,10209.46,1981.396,4597.115,10270.86,2020.255,4532.678,10144.14,2016.508,4399.905,10439.02,1968.176,4440.097,9877.764,2008.945,4454.411,10313.76,1966.29,4591.185
10389.13,1975.98,4523.65,10275.81,1966.141,4678.06,10308.28,1955.12,4491.732,8989.467,1951.155,4444.987,10055.87,1976.812,4403.68,10242.93,1992.067,4440.291,10167.57,2014.702,4502.554,9968.483,1978.241,4536.789,10246.08,2030.728,4358.711,10207.98,1981.396,4597.115,10269.38,2020.255,4532.664,10142.72,2016.508,4400.283,10437.56,1968.176,4440.318,9876.286,2008.945,4454.429,10312.32,1966.29,4591.514
10386.16,1975.98,4524.297,10272.77,1966.141,4677.956,10305.26,1955.12,4491.978,8988.729,1951.155,4442.042,10052.93,1976.812,4404.417,10239.9,1992.067,4440.5,10164.59,2014.702,4503.149,9965.448,1978.241,4536.702,10243.08,2030.728,4359.152,10204.94,1981.396,4597.026,10266.35,2020.255,4532.688,10139.81,2016.508,4401.151,10434.54,1968.176,4440.562,9873.25,2008.945,4454.365,10309.36,1966.29,4592.216
10385.06,1975.98,4524.571,10271.64,1966.141,4677.954,10304.13,1955.12,4492.044,8988.489,1951.155,4440.935,10051.81,1976.812,4404.612,10238.77,1992.067,4440.549,10163.47,2014.702,4503.335,9964.316,1978.241,4536.685,10241.96,2030.728,4359.345,10203.81,1981.396,4596.968,10265.22,2020.255,4532.717,10138.73,2016.508,4401.509,10433.41,1968.176,4440.69,9872.12,2008.945,4454.305,10308.25,1966.29,4592.442
10382.05,1975.98,4525.422,10268.51,1966.141,4678.052,10301,1955.12,4492.163,8987.928,1951.155,4437.853,10048.75,1976.812,4405.254,10235.64,1992.067,4440.778,10160.41,2014.702,4503.977,9961.188,1978.241,4536.533,10238.86,2030.728,4359.788,10200.68,1981.396,4596.911,10262.09,2020.255,4532.85,10135.79,2016.508,4402.587,10430.31,1968.176,4441.145,9869.025,2008.945,4453.82,10305.17,1966.29,4592.975
10380.3,1975.98,4525.854,10266.73,1966.141,4677.813,10299.2,1955.12,4492.2,8987.664,1951.155,4436.075,10046.97,1976.812,4405.541,10233.86,1992.067,4440.962,10158.63,2014.702,4504.287,9959.396,1978.241,4536.388,10237.08,2030.728,4359.989,10198.89,1981.396,4596.937,10260.29,2020.255,4532.956,10134.12,2016.508,4403.256,10428.53,1968.176,4441.371,9867.25,2008.945,4453.538,10303.38,1966.29,4593.223
10378.16,1975.98,4526.31,10264.55,1966.141,4677.593,10297.01,1955.12,4492.208,8987.413,1951.155,4433.898,10044.82,1976.812,4405.96,10231.68,1992.067,4441.25,10156.5,2014.702,4504.791,9957.219,1978.241,4536.139,10234.89,2030.728,4360.17,10196.7,1981.396,4596.87,10258.11,2020.255,4533.122,10132.11,2016.508,4404.125,10426.34,1968.176,4441.479,9865.1,2008.945,4453.116,10301.21,1966.29,4593.52
10375.99,1975.98,4526.697,10262.35,1966.141,4677.443,10294.81,1955.12,4492.179,8987.232,1951.155,4431.705,10042.67,1976.812,4406.451,10229.51,1992.067,4441.604,10154.35,2014.702,4505.226,9955.042,1978.241,4535.817,10232.7,2030.728,4360.287,10194.5,1981.396,4596.875,10255.92,2020.255,4533.325,10130.12,2016.508,4405.056,10424.15,1968.176,4441.661,9862.928,2008.945,4452.763,10299.05,1966.29,4593.917
10373.23,1975.98,4527.098,10259.56,1966.141,4677.345,10292.02,1955.12,4492.092,8987.095,1951.155,4428.918,10039.95,1976.812,4407.067,10226.75,1992.067,4441.966,10151.59,2014.702,4505.688,9952.27,1978.241,4535.5,10229.92,2030.728,4360.523,10191.71,1981.396,4596.973,10253.15,2020.255,4533.627,10127.63,2016.508,4406.31,10421.38,1968.176,4441.981,9860.16,2008.945,4452.405,10296.29,1966.29,4594.331
10369.86,1975.98,4527.475,10256.17,1966.141,4677.337,10288.64,1955.12,4491.925,8987.356,1951.155,4425.54,10036.67,1976.812,4407.923,10223.38,1992.067,4442.301,10148.25,2014.702,4506.263,9948.918,1978.241,4535.006,10226.55,2030.728,4360.915,10188.33,1981.396,4597.203,10249.79,2020.255,4534.048,10124.64,2016.508,4407.915,10418.01,1968.176,4442.381,9856.788,2008.945,4452.082,10292.92,1966.29,4594.723
10367.66,1975.98,4527.649,10253.96,1966.141,4677.404,10286.43,1955.12,4491.817,8987.455,1951.155,4423.328,10034.54,1976.812,4408.529,10221.17,1992.067,4442.46,10146.08,2014.702,4506.702,9946.747,1978.241,4534.57,10224.35,2030.728,4361.119,10186.12,1981.396,4597.07,10247.59,2020.255,4534.359,10122.66,2016.508,4408.899,10415.81,1968.176,4442.616,9854.578,2008.945,4451.942,10290.72,1966.29,4594.907
10365.92,1975.98,4527.733,10252.23,1966.141,4677.613,10284.69,1955.12,4491.732,8987.476,1951.155,4421.588,10032.89,1976.812,4409.059,10219.43,1992.067,4442.538,10144.44,2014.702,4507.263,9945.031,1978.241,4534.283,10222.62,2030.728,4361.332,10184.38,1981.396,4597.023,10245.88,2020.255,4534.631,10121.08,2016.508,4409.623,10414.12,1968.176,4443.013,9852.877,2008.945,4451.58,10288.99,1966.29,4595.132
10364.5,1975.98,4527.848,10250.82,1966.141,4677.738,10283.28,1955.12,4491.663,8987.446,1951.155,4420.17,10031.52,1976.812,4409.442,10218.02,1992.067,4442.648,10143.08,2014.702,4507.675,9943.626,1978.241,4534.096,10221.21,2030.728,4361.463,10182.96,1981.396,4597.031,10244.48,2020.255,4534.875,10119.77,2016.508,4410.17,10412.73,1968.176,4443.292,9851.481,2008.945,4451.329,10287.58,1966.29,4595.277
10363.52,1975.98,4527.954,10249.86,1966.141,4677.963,10282.29,1955.12,4491.614,8987.394,1951.155,4419.183,10030.57,1976.812,4409.69,10217.03,1992.067,4442.757,10142.13,2014.702,4507.932,9942.645,1978.241,4533.975,10220.22,2030.728,4361.526,10181.97,1981.396,4597.069,10243.51,2020.255,4535.06,10118.85,2016.508,4410.523,10411.75,1968.176,4443.458,9850.507,2008.945,4451.163,10286.6,1966.29,4595.346
10359.83,1975.98,4528.429,10246.24,1966.141,4678.817,10278.58,1955.12,4491.431,8987.073,1951.155,4415.475,10026.95,1976.812,4410.58,10213.33,1992.067,4443.065,10138.5,2014.702,4508.78,9938.927,1978.241,4534.153,10216.52,2030.728,4361.88,10178.26,1981.396,4597.333,10239.87,2020.255,4535.815,10115.33,2016.508,4411.738,10408.1,1968.176,4444.162,9846.819,2008.945,4450.658,10282.89,1966.29,4595.688
10358.75,1975.98,4528.551,10245.17,1966.141,4679.031,10277.49,1955.12,4491.377,8986.944,1951.155,4414.396,10025.89,1976.812,4410.824,10212.25,1992.067,4443.19,10137.44,2014.702,4508.993,9937.841,1978.241,4534.169,10215.43,2030.728,4361.951,10177.17,1981.396,4597.363,10238.81,2020.255,4536.052,10114.29,2016.508,4412.06,10407.02,1968.176,4444.332,9845.739,2008.945,4450.546,10281.81,1966.29,4595.711
10355.44,1975.98,4528.921,10241.88,1966.141,4679.583,10274.16,1955.12,4491.208,8986.44,1951.155,4411.101,10022.67,1976.812,4411.68,10208.93,1992.067,4443.484,10134.16,2014.702,4509.61,9934.508,1978.241,4534.111,10212.11,2030.728,4362.274,10173.84,1981.396,4597.467,10235.57,2020.255,4536.83,10111.08,2016.508,4412.946,10403.72,1968.176,4444.746,9842.414,2008.945,4450.311,10278.48,1966.29,4595.892
10353.82,1975.98,4529.048,10240.28,1966.141,4679.798,10272.54,1955.12,4491.125,8986.143,1951.155,4409.505,10021.12,1976.812,4412.148,10207.32,1992.067,4443.68,10132.57,2014.702,4509.904,9932.887,1978.241,4534.029,10210.5,2030.728,4362.383,10172.22,1981.396,4597.559,10234,2020.255,4537.233,10109.5,2016.508,4413.328,10402.15,1968.176,4445.17,9840.792,2008.945,4450.25,10276.86,1966.29,4595.984
10350.55,1975.98,4529.188,10237.02,1966.141,4680.127,10269.28,1955.12,4490.951,8985.387,1951.155,4406.322,10017.96,1976.812,4412.988,10204.06,1992.067,4443.986,10129.33,2014.702,4510.39,9929.621,1978.241,4533.83,10207.24,2030.728,4362.707,10168.96,1981.396,4597.851,10230.84,2020.255,4538.095,10106.3,2016.508,4413.998,10398.97,1968.176,4445.922,9837.528,2008.945,4450.019,10273.6,1966.29,4596.277
10347.73,1975.98,4529.402,10234.2,1966.141,4680.319,10266.45,1955.12,4490.796,8984.823,1951.155,4403.548,10015.29,1976.812,4413.944,10201.23,1992.067,4444.176,10126.52,2014.702,4510.701,9926.791,1978.241,4533.748,10204.43,2030.728,4363.073,10166.13,1981.396,4597.853,10228.13,2020.255,4538.883,10103.51,2016.508,4414.491,10396.19,1968.176,4446.482,9834.699,2008.945,4449.912,10270.86,1966.29,4597.003
10347.17,1975.98,4529.463,10233.63,1966.141,4680.339,10265.89,1955.12,4490.765,8984.729,1951.155,4402.993,10014.75,1976.812,4414.117,10200.67,1992.067,4444.232,10125.95,2014.702,4510.745,9926.229,1978.241,4533.713,10203.87,2030.728,4363.129,10165.57,1981.396,4597.871,10227.59,2020.255,4539.048,10102.95,2016.508,4414.572,10395.64,1968.176,4446.575,9834.14,2008.945,4449.968,10270.31,1966.29,4597.13
10344.07,1975.98,4529.698,10230.52,1966.141,4680.351,10262.79,1955.12,4490.582,8984.311,1951.155,4399.912,10011.77,1976.812,4414.974,10197.59,1992.067,4444.643,10122.86,2014.702,4511.086,9923.12,1978.241,4533.794,10200.77,2030.728,4363.349,10162.47,1981.396,4598.075,10224.63,2020.255,4540.007,10099.86,2016.508,4414.925,10392.55,1968.176,4446.99,9831.037,2008.945,4450.18,10267.26,1966.29,4597.729
10342.57,1975.98,4529.564,10229.02,1966.141,4680.342,10261.29,1955.12,4490.53,8984.157,1951.155,4398.415,10010.31,1976.812,4415.341,10196.1,1992.067,4444.801,10121.37,2014.702,4511.26,9921.615,1978.241,4533.785,10199.27,2030.728,4363.503,10160.97,1981.396,4598.223,10223.19,2020.255,4540.434,10098.38,2016.508,4415.142,10391.06,1968.176,4447.142,9829.533,2008.945,4450.233,10265.79,1966.29,4598.057
10338.71,1975.98,4529.348,10225.16,1966.141,4680.445,10257.43,1955.12,4490.493,8983.889,1951.155,4394.565,10006.65,1976.812,4416.562,10192.25,1992.067,4445.104,10117.55,2014.702,4511.83,9917.759,1978.241,4533.633,10195.45,2030.728,4364.015,10157.11,1981.396,4598.226,10219.46,2020.255,4541.434,10094.55,2016.508,4415.628,10387.21,1968.176,4447.405,9825.675,2008.945,4450.308,10262.05,1966.29,4598.991
10338.15,1975.98,4529.334,10224.59,1966.141,4680.479,10256.86,1955.12,4490.502,8983.831,1951.155,4394.002,10006.1,1976.812,4416.723,10191.69,1992.067,4445.167,10117,2014.702,4511.959,9917.193,1978.241,4533.593,10194.88,2030.728,4364.074,10156.54,1981.396,4598.245,10218.91,2020.255,4541.566,10093.99,2016.508,4415.701,10386.64,1968.176,4447.429,9825.108,2008.945,4450.301,10261.5,1966.29,4599.126
10335.02,1975.98,4529.332,10221.48,1966.141,4680.767,10253.74,1955.12,4490.631,8983.268,1951.155,4390.927,10003.08,1976.812,4417.516,10188.59,1992.067,4445.616,10113.95,2014.702,4512.631,9914.084,1978.241,4533.266,10191.77,2030.728,4364.306,10153.42,1981.396,4598.452,10215.85,2020.255,4542.223,10090.88,2016.508,4416.043,10383.51,1968.176,4447.458,9821.985,2008.945,4450.157,10258.46,1966.29,4599.867
10333.51,1975.98,4529.38,10219.98,1966.141,4680.956,10252.23,1955.12,4490.733,8983.044,1951.155,4389.429,10001.6,1976.812,4417.851,10187.09,1992.067,4445.792,10112.5,2014.702,4513.072,9912.57,1978.241,4533.255,10190.26,2030.728,4364.465,10151.92,1981.396,4598.602,10214.37,2020.255,4542.503,10089.37,2016.508,4416.186,10382,1968.176,4447.422,9820.471,2008.945,4450.156,10256.99,1966.29,4600.222
10331.34,1975.98,4529.497,10217.84,1966.141,4681.296,10250.07,1955.12,4490.935,8982.544,1951.155,4387.318,9999.481,1976.812,4418.308,10184.93,1992.067,4445.988,10110.4,2014.702,4513.635,9910.403,1978.241,4533.169,10188.11,2030.728,4364.761,10149.77,1981.396,4598.886,10212.23,2020.255,4542.851,10087.21,2016.508,4416.38,10379.85,1968.176,4447.182,9818.312,2008.945,4450.358,10254.88,1966.29,4600.725
10328.76,1975.98,4529.352,10215.3,1966.141,4681.785,10247.5,1955.12,4491.244,8982.031,1951.155,4384.787,9996.939,1976.812,4418.77,10182.35,1992.067,4446.153,10107.89,2014.702,4514.223,9907.82,1978.241,4533.167,10185.57,2030.728,4365.19,10147.19,1981.396,4599.063,10209.67,2020.255,4543.202,10084.64,2016.508,4416.567,10377.27,1968.176,4446.979,9815.733,2008.945,4450.514,10252.37,1966.29,4601.317
10325.17,1975.98,4529.267,10211.79,1966.141,4682.581,10243.94,1955.12,4491.77,8981.433,1951.155,4381.238,9993.38,1976.812,4419.296,10178.77,1992.067,4446.5,10104.36,2014.702,4514.928,9904.224,1978.241,4533.048,10182,2030.728,4365.682,10143.61,1981.396,4599.427,10206.12,2020.255,4543.806,10081.07,2016.508,4417.016,10373.74,1968.176,4446.291,9812.137,2008.945,4450.614,10248.84,1966.29,4602.027
10322.27,1975.98,4529.106,10208.98,1966.141,4683.315,10241.09,1955.12,4492.271,8981.044,1951.155,4378.364,9990.565,1976.812,4419.998,10175.89,1992.067,4446.875,10101.51,2014.702,4515.467,9901.323,1978.241,4533.014,10179.12,2030.728,4365.994,10140.73,1981.396,4599.813,10203.25,2020.255,4544.2,10078.18,2016.508,4417.292,10370.88,1968.176,4445.829,9809.241,2008.945,4450.789,10245.98,1966.29,4602.506
10321.81,1975.98,4529.096,10208.55,1966.141,4683.445,10240.64,1955.12,4492.363,8980.998,1951.155,4377.909,9990.123,1976.812,4420.111,10175.44,1992.067,4446.948,10101.06,2014.702,4515.537,9900.867,1978.241,4532.994,10178.66,2030.728,4366.03,10140.28,1981.396,4599.888,10202.79,2020.255,4544.276,10077.73,2016.508,4417.326,10370.43,1968.176,4445.745,9808.784,2008.945,4450.802,10245.53,1966.29,4602.566
10319.63,1975.98,4529.118,10206.48,1966.141,4684.133,10238.52,1955.12,4492.857,8980.848,1951.155,4375.734,9987.994,1976.812,4420.582,10173.3,1992.067,4447.37,10098.92,2014.702,4515.978,9898.693,1978.241,4532.827,10176.49,2030.728,4366.136,10138.15,1981.396,4600.317,10200.71,2020.255,4544.906,10075.56,2016.508,4417.501,10368.27,1968.176,4445.415,9806.604,2008.945,4450.791,10243.36,1966.29,4602.785
10317.41,1975.98,4529.074,10204.39,1966.141,4684.903,10236.37,1955.12,4493.42,8980.656,1951.155,4373.522,9985.812,1976.812,4420.991,10171.11,1992.067,4447.74,10096.75,2014.702,4516.452,9896.486,1978.241,4532.583,10174.27,2030.728,4366.315,10135.98,1981.396,4600.825,10198.57,2020.255,4545.493,10073.34,2016.508,4417.676,10366.07,1968.176,4445.142,9804.386,2008.945,4450.707,10241.15,1966.29,4602.987
10313.84,1975.98,4529.12,10201.09,1966.141,4686.25,10232.94,1955.12,4494.422,8980.456,1951.155,4369.956,9982.34,1976.812,4421.832,10167.58,1992.067,4448.238,10093.31,2014.702,4517.413,9892.95,1978.241,4532.077,10170.72,2030.728,4366.716,10132.54,1981.396,4601.752,10195.1,2020.255,4546.35,10069.78,2016.508,4417.913,10362.51,1968.176,4444.785,9800.822,2008.945,4450.462,10237.59,1966.29,4603.277
10312.75,1975.98,4529.17,10200.06,1966.141,4686.629,10231.9,1955.12,4494.758,8980.431,1951.155,4368.862,9981.269,1976.812,4422.054,10166.49,1992.067,4448.361,10092.25,2014.702,4517.673,9891.865,1978.241,4531.934,10169.64,2030.728,4366.872,10131.49,1981.396,4602.07,10194.03,2020.255,4546.585,10068.69,2016.508,4418,10361.42,1968.176,4444.711,9799.733,2008.945,4450.352,10236.5,1966.29,4603.393
10309.25,1975.98,4529.181,10196.74,1966.141,4687.735,10228.6,1955.12,4495.927,8980.022,1951.155,4365.389,9977.823,1976.812,4422.653,10163.01,1992.067,4448.661,10088.83,2014.702,4518.392,9888.414,1978.241,4531.366,10166.2,2030.728,4367.475,10128.18,1981.396,4603.192,10190.6,2020.255,4547.251,10065.2,2016.508,4418.228,10357.93,1968.176,4444.589,9796.268,2008.945,4449.884,10233.04,1966.29,4603.847
10307.35,1975.98,4529.239,10194.92,1966.141,4688.278,10226.81,1955.12,4496.572,8979.862,1951.155,4363.491,9975.938,1976.812,4422.918,10161.12,1992.067,4448.886,10086.95,2014.702,4518.722,9886.518,1978.241,4531.199,10164.31,2030.728,4367.748,10126.39,1981.396,4603.859,10188.72,2020.255,4547.567,10063.3,2016.508,4418.308,10356.02,1968.176,4444.585,9794.431,2008.945,4449.383,10231.16,1966.29,4604.14
10306.89,1975.98,4529.266,10194.47,1966.141,4688.395,10226.38,1955.12,4496.73,8979.839,1951.155,4363.032,9975.484,1976.812,4422.993,10160.66,1992.067,4448.955,10086.5,2014.702,4518.787,9886.062,1978.241,4531.144,10163.86,2030.728,4367.8,10125.96,1981.396,4604.005,10188.27,2020.255,4547.632,10062.84,2016.508,4418.317,10355.57,1968.176,4444.523,9793.983,2008.945,4449.276,10230.7,1966.29,4604.222
10303.38,1975.98,4529.574,10191.04,1966.141,4689.178,10223.09,1955.12,4497.957,8979.737,1951.155,4359.514,9971.995,1976.812,4423.457,10157.2,1992.067,4449.599,10083,2014.702,4519.164,9882.583,1978.241,4530.606,10160.35,2030.728,4368.099,10122.66,1981.396,4605.226,10184.77,2020.255,4548.044,10059.33,2016.508,4418.428,10352.07,1968.176,4444.158,9790.534,2008.945,4448.573,10227.26,1966.29,4604.937
10301.74,1975.98,4529.765,10189.42,1966.141,4689.493,10221.54,1955.12,4498.541,8979.744,1951.155,4357.863,9970.352,1976.812,4423.62,10155.57,1992.067,4449.855,10081.35,2014.702,4519.292,9880.96,1978.241,4530.301,10158.71,2030.728,4368.291,10121.13,1981.396,4605.843,10183.13,2020.255,4548.197,10057.68,2016.508,4418.549,10350.42,1968.176,4444.008,9788.906,2008.945,4448.296,10225.65,1966.29,4605.312
10298.5,1975.98,4530.24,10186.19,1966.141,4690.014,10218.49,1955.12,4499.717,8979.783,1951.155,4354.587,9967.083,1976.812,4423.838,10152.32,1992.067,4450.275,10078.1,2014.702,4519.653,9877.762,1978.241,4529.591,10155.47,2030.728,4368.751,10118.04,1981.396,4606.948,10179.86,2020.255,4548.42,10054.41,2016.508,4418.694,10347.15,1968.176,4443.817,9785.749,2008.945,4447.421,10222.48,1966.29,4606.138
10296.99,1975.98,4530.506,10184.67,1966.141,4690.209,10217.04,1955.12,4500.223,8979.723,1951.155,4353.057,9965.553,1976.812,4423.89,10150.79,1992.067,4450.305,10076.56,2014.702,4519.692,9876.32,1978.241,4529.072,10153.96,2030.728,4369.011,10116.62,1981.396,4607.507,10178.33,2020.255,4548.487,10052.88,2016.508,4418.717,10345.62,1968.176,4443.778,9784.271,2008.945,4447.022,10221.01,1966.29,4606.561
10294.83,1975.98,4530.953,10182.47,1966.141,4690.419,10214.94,1955.12,4500.902,8979.707,1951.155,4350.853,9963.352,1976.812,4424,10148.59,1992.067,4450.42,10074.36,2014.702,4519.742,9874.223,1978.241,4528.394,10151.79,2030.728,4369.436,10114.58,1981.396,4608.362,10176.13,2020.255,4548.625,10050.68,2016.508,4418.682,10343.42,1968.176,4443.794,9782.125,2008.945,4446.518,10218.87,1966.29,4607.101
10292.29,1975.98,4531.56,10179.88,1966.141,4690.753,10212.44,1955.12,4501.65,8979.562,1951.155,4348.238,9960.733,1976.812,4424.046,10145.98,1992.067,4450.635,10071.75,2014.702,4519.886,9871.706,1978.241,4527.67,10149.21,2030.728,4369.864,10112.14,1981.396,4609.298,10173.52,2020.255,4548.838,10048.06,2016.508,4418.725,10340.8,1968.176,4443.862,9779.558,2008.945,4446.002,10216.39,1966.29,4607.93
10289.82,1975.98,4532.227,10177.35,1966.141,4691.163,10209.97,1955.12,4502.324,8979.503,1951.155,4345.682,9958.177,1976.812,4424.007,10143.44,1992.067,4450.919,10069.19,2014.702,4519.847,9869.227,1978.241,4527.044,10146.68,2030.728,4370.208,10109.72,1981.396,4610.134,10170.98,2020.255,4549.092,10045.5,2016.508,4418.688,10338.25,1968.176,4444.012,9777.041,2008.945,4445.55,10213.94,1966.29,4608.66
10288.15,1975.98,4532.732,10175.64,1966.141,4691.499,10208.28,1955.12,4502.745,8979.52,1951.155,4343.937,9956.434,1976.812,4423.924,10141.71,1992.067,4451.164,10067.44,2014.702,4519.878,9867.573,1978.241,4526.487,10144.94,2030.728,4370.391,10108.06,1981.396,4610.65,10169.25,2020.255,4549.297,10043.76,2016.508,4418.611,10336.51,1968.176,4444.171,9775.314,2008.945,4445.298,10212.25,1966.29,4609.104
10285.45,1975.98,4533.641,10172.86,1966.141,4692.138,10205.5,1955.12,4503.369,8979.641,1951.155,4341.088,9953.618,1976.812,4423.479,10138.9,1992.067,4451.647,10064.59,2014.702,4519.858,9864.844,1978.241,4525.666,10142.1,2030.728,4370.607,10105.31,1981.396,4611.403,10166.42,2020.255,4549.681,10040.92,2016.508,4418.402,10333.68,1968.176,4444.524,9772.481,2008.945,4444.978,10209.47,1966.29,4609.739
10281.96,1975.98,4534.936,10169.26,1966.141,4693.092,10201.85,1955.12,4504.101,8979.92,1951.155,4337.375,9950.013,1976.812,4422.544,10135.25,1992.067,4452.386,10060.87,2014.702,4519.954,9861.244,1978.241,4524.71,10138.38,2030.728,4370.78,10101.68,1981.396,4612.27,10162.74,2020.255,4550.247,10037.21,2016.508,4418.021,10330,1968.176,4445.106,9768.775,2008.945,4444.605,10205.76,1966.29,4610.036
10279.26,1975.98,4536.031,10166.42,1966.141,4693.746,10198.98,1955.12,4504.608,8980.044,1951.155,4334.466,9947.172,1976.812,4421.906,10132.38,1992.067,4452.87,10057.96,2014.702,4520.124,9858.407,1978.241,4524.055,10135.48,2030.728,4371.008,10098.84,1981.396,4612.887,10159.88,2020.255,4550.738,10034.33,2016.508,4417.639,10327.14,1968.176,4445.655,9765.89,2008.945,4444.219,10202.87,1966.29,4610.362
10277.56,1975.98,4536.78,10164.6,1966.141,4694.102,10197.15,1955.12,4504.889,8980.179,1951.155,4332.619,9945.396,1976.812,4421.38,10130.55,1992.067,4453.117,10056.12,2014.702,4520.292,9856.651,1978.241,4523.468,10133.64,2030.728,4371.21,10097.02,1981.396,4613.221,10158.06,2020.255,4551.082,10032.5,2016.508,4417.353,10325.33,1968.176,4446.063,9764.056,2008.945,4443.968,10201.03,1966.29,4610.584
10276.44,1975.98,4537.322,10163.39,1966.141,4694.416,10195.91,1955.12,4505.05,8980.229,1951.155,4331.368,9944.196,1976.812,4421.025,10129.33,1992.067,4453.414,10054.87,2014.702,4520.365,9855.451,1978.241,4523.11,10132.4,2030.728,4371.383,10095.83,1981.396,4613.6,10156.83,2020.255,4551.334,10031.26,2016.508,4417.128,10324.12,1968.176,4446.368,9762.821,2008.945,4443.758,10199.79,1966.29,4610.775
10275.92,1975.98,4537.588,10162.83,1966.141,4694.542,10195.33,1955.12,4505.112,8980.257,1951.155,4330.792,9943.638,1976.812,4420.879,10128.76,1992.067,4453.532,10054.29,2014.702,4520.396,9854.895,1978.241,4522.957,10131.83,2030.728,4371.48,10095.27,1981.396,4613.772,10156.27,2020.255,4551.459,10030.7,2016.508,4417.025,10323.56,1968.176,4446.526,9762.257,2008.945,4443.636,10199.22,1966.29,4610.882
10272.17,1975.98,4539.688,10158.6,1966.141,4695.349,10191.05,1955.12,4505.473,8980.322,1951.155,4326.488,9939.438,1976.812,4419.932,10124.52,1992.067,4454.275,10050,2014.702,4520.653,9850.816,1978.241,4521.581,10127.61,2030.728,4372.33,10091.15,1981.396,4615.018,10152.08,2020.255,4552.463,10026.47,2016.508,4416.235,10319.42,1968.176,4447.685,9758.06,2008.945,4442.683,10194.99,1966.29,4611.669
10270.02,1975.98,4540.797,10156.22,1966.141,4695.759,10188.64,1955.12,4505.632,8980.28,1951.155,4324.074,9937.08,1976.812,4419.417,10122.14,1992.067,4454.666,10047.59,2014.702,4520.873,9848.505,1978.241,4520.884,10125.22,2030.728,4372.688,10088.82,1981.396,4615.642,10149.75,2020.255,4553.063,10024.09,2016.508,4415.804,10317.12,1968.176,4448.411,9755.721,2008.945,4442.084,10192.63,1966.29,4612.188
10269.5,1975.98,4541.046,10155.66,1966.141,4695.886,10188.06,1955.12,4505.659,8980.251,1951.155,4323.495,9936.517,1976.812,4419.279,10121.57,1992.067,4454.742,10047.02,2014.702,4520.942,9847.954,1978.241,4520.702,10124.65,2030.728,4372.785,10088.26,1981.396,4615.773,10149.19,2020.255,4553.216,10023.52,2016.508,4415.692,10316.57,1968.176,4448.615,9755.154,2008.945,4441.959,10192.06,1966.29,4612.293
10266.39,1975.98,4542.404,10152.32,1966.141,4696.52,10184.67,1955.12,4505.756,8980.191,1951.155,4320.102,9933.299,1976.812,4418.205,10118.19,1992.067,4455.087,10043.66,2014.702,4521.451,9844.737,1978.241,4519.623,10121.31,2030.728,4373.365,10084.93,1981.396,4616.441,10145.93,2020.255,4554.164,10020.21,2016.508,4414.959,10313.27,1968.176,4449.375,9751.819,2008.945,4441.334,10188.69,1966.29,4612.642
10264.9,1975.98,4542.997,10150.76,1966.141,4696.873,10183.07,1955.12,4505.771,8980.267,1951.155,4318.503,9931.778,1976.812,4417.705,10116.6,1992.067,4455.208,10042.08,2014.702,4521.674,9843.243,1978.241,4519.048,10119.74,2030.728,4373.666,10083.35,1981.396,4616.707,10144.4,2020.255,4554.634,10018.64,2016.508,4414.664,10311.69,1968.176,4449.652,9750.314,2008.945,4440.79,10187.1,1966.29,4612.859
10262.72,1975.98,4543.784,10148.54,1966.141,4697.536,10180.75,1955.12,4505.868,8980.444,1951.155,4316.189,9929.551,1976.812,4417.052,10114.29,1992.067,4455.43,10039.78,2014.702,4521.984,9841.063,1978.241,4518.254,10117.46,2030.728,4374.118,10081.05,1981.396,4617.021,10142.16,2020.255,4555.245,10016.35,2016.508,4414.308,10309.39,1968.176,4449.961,9748.107,2008.945,4440.071,10184.82,1966.29,4613.248
10260.51,1975.98,4544.5,10146.29,1966.141,4698.125,10178.44,1955.12,4506.042,8980.639,1951.155,4313.876,9927.303,1976.812,4416.473,10111.97,1992.067,4455.595,10037.48,2014.702,4522.291,9838.856,1978.241,4517.533,10115.19,2030.728,4374.572,10078.75,1981.396,4617.267,10139.91,2020.255,4555.797,10014.04,2016.508,4414.025,10307.1,1968.176,4450.346,9745.878,2008.945,4439.425,10182.54,1966.29,4613.694
10258.28,1975.98,4545.145,10144.02,1966.141,4698.643,10176.12,1955.12,4506.291,8980.768,1951.155,4311.554,9925.033,1976.812,4415.967,10109.66,1992.067,4455.829,10035.18,2014.702,4522.588,9836.708,1978.241,4516.643,10112.89,2030.728,4374.96,10076.43,1981.396,4617.447,10137.64,2020.255,4556.293,10011.72,2016.508,4413.816,10304.81,1968.176,4450.72,9743.624,2008.945,4438.852,10180.27,1966.29,4614.199
10256.03,1975.98,4545.714,10141.75,1966.141,4699.084,10173.82,1955.12,4506.614,8980.82,1951.155,4309.233,9922.752,1976.812,4415.536,10107.36,1992.067,4456.13,10032.88,2014.702,4522.944,9834.535,1978.241,4515.826,10110.6,2030.728,4375.28,10074.11,1981.396,4617.563,10135.36,2020.255,4556.731,10009.41,2016.508,4413.683,10302.5,1968.176,4450.989,9741.357,2008.945,4438.353,10178.02,1966.29,4614.759
10253.77,1975.98,4546.285,10139.45,1966.141,4699.453,10171.53,1955.12,4507.014,8980.797,1951.155,4306.905,9920.485,1976.812,4415.004,10105.06,1992.067,4456.5,10030.59,2014.702,4523.364,9832.33,1978.241,4515.078,10108.28,2030.728,4375.533,10071.78,1981.396,4617.617,10133.06,2020.255,4557.113,10007.08,2016.508,4413.625,10300.2,1968.176,4451.334,9739.092,2008.945,4437.818,10175.77,1966.29,4615.379
10251.5,1975.98,4546.781,10137.18,1966.141,4699.976,10169.26,1955.12,4507.487,8980.697,1951.155,4304.584,9918.207,1976.812,4414.547,10102.77,1992.067,4456.937,10028.32,2014.702,4523.846,9830.106,1978.241,4514.403,10105.96,2030.728,4375.717,10069.46,1981.396,4617.613,10130.76,2020.255,4557.42,10004.76,2016.508,4413.642,10297.91,1968.176,4451.754,9736.814,2008.945,4437.358,10173.51,1966.29,4615.924
10249.28,1975.98,4547.488,10134.9,1966.141,4700.426,10166.99,1955.12,4508.035,8980.52,1951.155,4302.263,9915.911,1976.812,4414.164,10100.5,1992.067,4457.417,10026.03,2014.702,4524.253,9827.858,1978.241,4513.801,10103.65,2030.728,4375.974,10067.13,1981.396,4617.686,10128.44,2020.255,4557.655,10002.43,2016.508,4413.735,10295.64,1968.176,4452.25,9734.52,2008.945,4436.973,10171.23,1966.29,4616.396
10244.48,1975.98,4548.85,10129.97,1966.141,4701.232,10162.18,1955.12,4509.368,8980.303,1951.155,4297.274,9910.961,1976.812,4413.504,10095.58,1992.067,4458.291,10021.09,2014.702,4524.967,9822.995,1978.241,4512.668,10098.71,2030.728,4376.675,10062.15,1981.396,4618.003,10123.47,2020.255,4558.066,9997.451,2016.508,4414.096,10290.8,1968.176,4453.471,9729.625,2008.945,4435.985,10166.31,1966.29,4617.248
10244.03,1975.98,4548.962,10129.51,1966.141,4701.292,10161.74,1955.12,4509.506,8980.298,1951.155,4296.809,9910.498,1976.812,4413.458,10095.12,1992.067,4458.358,10020.62,2014.702,4525.019,9822.546,1978.241,4512.547,10098.25,2030.728,4376.753,10061.69,1981.396,4618.047,10123.01,2020.255,4558.12,9996.988,2016.508,4414.145,10290.34,1968.176,4453.556,9729.166,2008.945,4435.908,10165.85,1966.29,4617.313
10243.14,1975.98,4549.189,10128.6,1966.141,4701.381,10160.86,1955.12,4509.777,8980.318,1951.155,4295.891,9909.586,1976.812,4413.348,10094.21,1992.067,4458.463,10019.71,2014.702,4525.09,9821.679,1978.241,4512.244,10097.34,2030.728,4376.903,10060.77,1981.396,4618.165,10122.1,2020.255,4558.255,9996.078,2016.508,4414.27,10289.44,1968.176,4453.747,9728.266,2008.945,4435.726,10164.94,1966.29,4617.41
10238.33,1975.98,4550.247,10123.69,1966.141,4701.701,10156.14,1955.12,4511.153,8980.368,1951.155,4290.973,9904.687,1976.812,4412.919,10089.31,1992.067,4458.898,10014.79,2014.702,4525.313,9816.985,1978.241,4510.771,10092.51,2030.728,4377.812,10055.92,1981.396,4618.95,10117.25,2020.255,4559.066,9991.23,2016.508,4415.102,10284.63,1968.176,4454.784,9723.649,2008.945,4434.027,10160.04,1966.29,4617.773
10235.66,1975.98,4550.744,10120.97,1966.141,4701.79,10153.52,1955.12,4511.872,8980.484,1951.155,4288.259,9901.975,1976.812,4412.771,10086.61,1992.067,4459.218,10012.08,2014.702,4525.348,9814.375,1978.241,4510.022,10089.83,2030.728,4378.234,10053.25,1981.396,4619.468,10114.58,2020.255,4559.56,9988.569,2016.508,4415.647,10282.07,1968.176,4455.666,9721.071,2008.945,4433.173,10157.32,1966.29,4617.857
10234.33,1975.98,4551.174,10119.58,1966.141,4701.882,10152.17,1955.12,4512.221,8980.59,1951.155,4286.864,9900.576,1976.812,4412.74,10085.23,1992.067,4459.423,10010.68,2014.702,4525.32,9813.019,1978.241,4509.68,10088.44,2030.728,4378.411,10051.88,1981.396,4619.727,10113.21,2020.255,4559.838,9987.209,2016.508,4415.973,10280.73,1968.176,4456.076,9719.73,2008.945,4432.777,10155.92,1966.29,4617.945
10233.27,1975.98,4551.48,10118.47,1966.141,4701.966,10151.09,1955.12,4512.48,8980.709,1951.155,4285.764,9899.47,1976.812,4412.751,10084.14,1992.067,4459.618,10009.57,2014.702,4525.326,9811.941,1978.241,4509.425,10087.34,2030.728,4378.519,10050.79,1981.396,4619.896,10112.13,2020.255,4560.076,9986.142,2016.508,4416.266,10279.66,1968.176,4456.366,9718.685,2008.945,4432.416,10154.82,1966.29,4618.052
10230.88,1975.98,4552.083,10116.02,1966.141,4702.134,10148.69,1955.12,4513.018,8981.055,1951.155,4283.327,9897.011,1976.812,4412.858,10081.73,1992.067,4460.123,10007.11,2014.702,4525.404,9809.536,1978.241,4508.903,10084.88,2030.728,4378.686,10048.34,1981.396,4620.196,10109.72,2020.255,4560.588,9983.79,2016.508,4416.994,10277.26,1968.176,4456.934,9716.333,2008.945,4431.687,10152.38,1966.29,4618.348
10228.69,1975.98,4552.659,10113.76,1966.141,4702.276,10146.47,1955.12,4513.476,8981.3,1951.155,4281.075,9894.753,1976.812,4413.031,10079.52,1992.067,4460.59,10004.85,2014.702,4525.538,9807.331,1978.241,4508.389,10082.63,2030.728,4378.909,10046.09,1981.396,4620.402,10107.5,2020.255,4561.043,9981.649,2016.508,4417.733,10275.04,1968.176,4457.383,9714.149,2008.945,4431.088,10150.14,1966.29,4618.677
10225.91,1975.98,4553.296,10110.9,1966.141,4702.303,10143.67,1955.12,4514.007,8981.516,1951.155,4278.226,9891.913,1976.812,4413.341,10076.73,1992.067,4461.202,10002.01,2014.702,4525.789,9804.567,1978.241,4507.665,10079.79,2030.728,4379.279,10043.24,1981.396,4620.575,10104.7,2020.255,4561.597,9978.98,2016.508,4418.754,10272.26,1968.176,4458.009,9711.391,2008.945,4430.345,10147.32,1966.29,4619.161
10224.13,1975.98,4553.642,10109.09,1966.141,4702.379,10141.88,1955.12,4514.313,8981.593,1951.155,4276.417,9890.12,1976.812,4413.597,10074.95,1992.067,4461.534,10000.21,2014.702,4526,9802.82,1978.241,4507.187,10078.01,2030.728,4379.568,10041.42,1981.396,4620.63,10102.92,2020.255,4561.937,9977.311,2016.508,4419.457,10270.5,1968.176,4458.445,9709.627,2008.945,4429.932,10145.55,1966.29,4619.513
10222.05,1975.98,4553.838,10107.01,1966.141,4702.264,10139.83,1955.12,4514.629,8981.613,1951.155,4274.335,9888.07,1976.812,4413.958,10072.89,1992.067,4461.852,9998.148,2014.702,4526.3,9800.776,1978.241,4506.792,10075.96,2030.728,4379.939,10039.34,1981.396,4620.634,10100.88,2020.255,4562.313,9975.419,2016.508,4420.325,10268.46,1968.176,4458.88,9707.586,2008.945,4429.524,10143.52,1966.29,4619.968
10218.7,1975.98,4554.267,10103.63,1966.141,4702.188,10136.47,1955.12,4515.086,8982.076,1951.155,4270.98,9884.756,1976.812,4414.655,10069.56,1992.067,4462.444,9994.813,2014.702,4526.881,9797.474,1978.241,4506.042,10072.63,2030.728,4380.584,10035.96,1981.396,4620.543,10097.54,2020.255,4562.902,9972.389,2016.508,4421.838,10265.13,1968.176,4459.479,9704.221,2008.945,4429.145,10140.23,1966.29,4620.792
10214.85,1975.98,4554.887,10099.73,1966.141,4702.228,10132.6,1955.12,4515.542,8982.482,1951.155,4267.104,9880.97,1976.812,4415.581,10065.74,1992.067,4463.204,9990.997,2014.702,4527.674,9793.635,1978.241,4505.371,10068.82,2030.728,4381.369,10032.06,1981.396,4620.567,10093.71,2020.255,4563.556,9968.957,2016.508,4423.686,10261.27,1968.176,4460.042,9700.364,2008.945,4428.582,10136.45,1966.29,4621.731
10213.99,1975.98,4555.197,10098.82,1966.141,4702.267,10131.7,1955.12,4515.633,8982.548,1951.155,4266.196,9880.093,1976.812,4415.826,10064.83,1992.067,4463.259,9990.111,2014.702,4527.889,9792.743,1978.241,4505.184,10067.93,2030.728,4381.575,10031.15,1981.396,4620.602,10092.81,2020.255,4563.725,9968.142,2016.508,4424.092,10260.39,1968.176,4460.266,9699.454,2008.945,4428.538,10135.56,1966.29,4621.921
10213.55,1975.98,4555.342,10098.35,1966.141,4702.302,10131.23,1955.12,4515.671,8982.566,1951.155,4265.729,9879.646,1976.812,4415.966,10064.36,1992.067,4463.302,9989.66,2014.702,4528.013,9792.288,1978.241,4505.075,10067.47,2030.728,4381.674,10030.68,1981.396,4620.628,10092.35,2020.255,4563.819,9967.716,2016.508,4424.287,10259.93,1968.176,4460.359,9698.987,2008.945,4428.5,10135.1,1966.29,4622.004
10210.08,1975.98,4556.344,10094.77,1966.141,4702.691,10127.64,1955.12,4515.896,8982.589,1951.155,4262.124,9876.246,1976.812,4417.162,10060.79,1992.067,4463.751,9986.15,2014.702,4528.833,9788.754,1978.241,4504.367,10063.96,2030.728,4382.47,10027.09,1981.396,4620.951,10088.84,2020.255,4564.605,9964.393,2016.508,4425.681,10256.43,1968.176,4461.193,9695.406,2008.945,4428.093,10131.54,1966.29,4622.526
10208.37,1975.98,4556.781,10093.02,1966.141,4702.94,10125.87,1955.12,4516.064,8982.542,1951.155,4260.354,9874.558,1976.812,4417.694,10059.04,1992.067,4464.028,9984.44,2014.702,4529.291,9787.03,1978.241,4503.962,10062.24,2030.728,4382.87,10025.34,1981.396,4621.167,10087.1,2020.255,4564.948,9962.739,2016.508,4426.313,10254.77,1968.176,4461.807,9693.638,2008.945,4428.007,10129.78,1966.29,4622.77
10206.08,1975.98,4557.283,10090.71,1966.141,4703.345,10123.55,1955.12,4516.363,8982.403,1951.155,4258.018,9872.304,1976.812,4418.324,10056.74,1992.067,4464.461,9982.2,2014.702,4529.969,9784.771,1978.241,4503.354,10059.94,2030.728,4383.331,10023,1981.396,4621.232,10084.79,2020.255,4565.343,9960.528,2016.508,4427.079,10252.54,1968.176,4462.545,9691.305,2008.945,4427.818,10127.46,1966.29,4623.074
10203.14,1975.98,4558.355,10087.65,1966.141,4703.987,10120.45,1955.12,4516.757,8982.116,1951.155,4254.9,9869.317,1976.812,4419.265,10053.68,1992.067,4465.132,9979.233,2014.702,4530.971,9781.661,1978.241,4502.988,10056.86,2030.728,4383.856,10019.87,1981.396,4621.287,10081.7,2020.255,4565.794,9957.539,2016.508,4428.012,10249.54,1968.176,4463.435,9688.19,2008.945,4427.489,10124.36,1966.29,4623.458
10201.42,1975.98,4558.92,10085.89,1966.141,4704.417,10118.64,1955.12,4516.944,8982.009,1951.155,4253.09,9867.606,1976.812,4419.866,10051.92,1992.067,4465.576,9977.53,2014.702,4531.593,9779.868,1978.241,4502.717,10055.06,2030.728,4384.095,10018.06,1981.396,4621.377,10079.9,2020.255,4566.011,9955.811,2016.508,4428.56,10247.79,1968.176,4463.893,9686.386,2008.945,4427.312,10122.56,1966.29,4623.665
10199.41,1975.98,4559.506,10083.88,1966.141,4704.978,10116.55,1955.12,4517.041,8981.954,1951.155,4251.001,9865.659,1976.812,4420.623,10049.91,1992.067,4466.15,9975.587,2014.702,4532.358,9777.813,1978.241,4502.338,10053,2030.728,4384.434,10015.97,1981.396,4621.549,10077.82,2020.255,4566.209,9953.804,2016.508,4429.138,10245.86,1968.176,4464.689,9684.314,2008.945,4427.04,10120.48,1966.29,4623.885
10197.15,1975.98,4560.088,10081.64,1966.141,4705.68,10114.22,1955.12,4517.226,8981.969,1951.155,4248.662,9863.501,1976.812,4421.525,10047.64,1992.067,4466.719,9973.383,2014.702,4533.144,9775.527,1978.241,4501.839,10050.7,2030.728,4384.883,10013.65,1981.396,4621.817,10075.48,2020.255,4566.374,9951.59,2016.508,4429.839,10243.67,1968.176,4465.511,9682.006,2008.945,4426.659,10118.15,1966.29,4624.111
10194.93,1975.98,4560.863,10079.43,1966.141,4706.457,10111.88,1955.12,4517.409,8982.061,1951.155,4246.316,9861.366,1976.812,4422.501,10045.35,1992.067,4467.215,9971.147,2014.702,4533.859,9773.252,1978.241,4501.263,10048.41,2030.728,4385.401,10011.33,1981.396,4622.161,10073.14,2020.255,4566.481,9949.369,2016.508,4430.592,10241.46,1968.176,4466.303,9679.704,2008.945,4426.202,10115.82,1966.29,4624.315
10192.69,1975.98,4561.564,10077.24,1966.141,4707.305,10109.55,1955.12,4517.669,8982.229,1951.155,4243.978,9859.176,1976.812,4423.336,10043.04,1992.067,4467.636,9968.893,2014.702,4534.5,9770.999,1978.241,4500.614,10046.14,2030.728,4385.981,10009.02,1981.396,4622.58,10070.8,2020.255,4566.532,9947.176,2016.508,4431.417,10239.23,1968.176,4467.021,9677.411,2008.945,4425.714,10113.48,1966.29,4624.496
10188.24,1975.98,4563.078,10072.8,1966.141,4708.864,10104.86,1955.12,4518.013,8982.72,1951.155,4239.299,9854.803,1976.812,4425.072,10038.37,1992.067,4468.2,9964.376,2014.702,4535.82,9766.523,1978.241,4499.164,10041.61,2030.728,4387.238,10004.42,1981.396,4623.568,10066.09,2020.255,4566.521,9942.724,2016.508,4432.938,10234.7,1968.176,4468.315,9672.844,2008.945,4424.584,10108.8,1966.29,4624.974
10186.34,1975.98,4563.655,10070.91,1966.141,4709.46,10102.88,1955.12,4518.121,8982.991,1951.155,4237.333,9852.982,1976.812,4425.864,10036.41,1992.067,4468.496,9962.453,2014.702,4536.314,9764.656,1978.241,4498.49,10039.68,2030.728,4387.713,10002.5,1981.396,4624.046,10064.11,2020.255,4566.554,9940.826,2016.508,4433.522,10232.81,1968.176,4468.924,9670.934,2008.945,4424.044,10106.81,1966.29,4624.998
10184.98,1975.98,4564.021,10069.55,1966.141,4709.839,10101.47,1955.12,4518.17,8983.229,1951.155,4235.944,9851.71,1976.812,4426.467,10035.02,1992.067,4468.747,9961.11,2014.702,4536.74,9763.348,1978.241,4497.969,10038.3,2030.728,4388.009,10001.14,1981.396,4624.429,10062.7,2020.255,4566.605,9939.487,2016.508,4433.958,10231.52,1968.176,4469.487,9669.566,2008.945,4423.705,10105.41,1966.29,4625.061
10184.14,1975.98,4564.229,10068.71,1966.141,4710.044,10100.61,1955.12,4518.185,8983.403,1951.155,4235.1,9850.943,1976.812,4426.862,10034.18,1992.067,4468.925,9960.28,2014.702,4536.973,9762.558,1978.241,4497.625,10037.46,2030.728,4388.166,10000.32,1981.396,4624.688,10061.84,2020.255,4566.653,9938.661,2016.508,4434.205,10230.72,1968.176,4469.806,9668.737,2008.945,4423.469,10104.55,1966.29,4625.127
10180.51,1975.98,4565.011,10065.08,1966.141,4710.81,10096.9,1955.12,4518.173,8984.269,1951.155,4231.492,9847.55,1976.812,4428.316,10030.57,1992.067,4469.799,9956.783,2014.702,4538.212,9759.208,1978.241,4496.03,10033.79,2030.728,4388.732,9996.797,1981.396,4625.858,10058.14,2020.255,4566.93,9935.111,2016.508,4435.282,10227.23,1968.176,4471.063,9665.217,2008.945,4422.3,10100.86,1966.29,4625.535
10178.26,1975.98,4565.438,10062.83,1966.141,4711.209,10094.61,1955.12,4518.241,8984.876,1951.155,4229.281,9845.415,1976.812,4429.154,10028.36,1992.067,4470.405,9954.598,2014.702,4538.907,9757.171,1978.241,4494.978,10031.51,2030.728,4389.016,9994.643,1981.396,4626.645,10055.85,2020.255,4567.049,9932.9,2016.508,4435.889,10225.05,1968.176,4471.77,9663.018,2008.945,4421.648,10098.57,1966.29,4625.713
10176.72,1975.98,4565.679,10061.28,1966.141,4711.432,10093.05,1955.12,4518.328,8985.241,1951.155,4227.759,9843.94,1976.812,4429.678,10026.84,1992.067,4470.775,9953.1,2014.702,4539.358,9755.805,1978.241,4494.214,10029.97,2030.728,4389.256,9993.168,1981.396,4627.163,10054.29,2020.255,4567.046,9931.381,2016.508,4436.26,10223.55,1968.176,4472.203,9661.531,2008.945,4421.161,10097.01,1966.29,4625.784
10174.54,1975.98,4566.227,10059.04,1966.141,4711.679,10090.81,1955.12,4518.513,8985.693,1951.155,4225.557,9841.844,1976.812,4430.489,10024.64,1992.067,4471.245,9950.927,2014.702,4539.936,9753.879,1978.241,4493.054,10027.76,2030.728,4389.668,9991.059,1981.396,4627.938,10052.04,2020.255,4567.117,9929.19,2016.508,4436.766,10221.37,1968.176,4472.754,9659.447,2008.945,4420.315,10094.76,1966.29,4625.813
10171.93,1975.98,4566.79,10056.39,1966.141,4711.886,10088.16,1955.12,4518.803,8986.145,1951.155,4222.93,9839.328,1976.812,4431.369,10022.02,1992.067,4471.73,9948.355,2014.702,4540.638,9751.553,1978.241,4491.753,10025.15,2030.728,4390.228,9988.563,1981.396,4628.871,10049.38,2020.255,4567.227,9926.63,2016.508,4437.497,10218.82,1968.176,4473.528,9656.946,2008.945,4419.395,10092.1,1966.29,4625.936
10169.01,1975.98,4567.323,10053.42,1966.141,4712.021,10085.21,1955.12,4519.137,8986.551,1951.155,4219.985,9836.491,1976.812,4432.258,10019.09,1992.067,4472.189,9945.464,2014.702,4541.326,9748.912,1978.241,4490.389,10022.26,2030.728,4390.916,9985.797,1981.396,4629.953,10046.41,2020.255,4567.406,9923.748,2016.508,4438.226,10215.94,1968.176,4474.297,9654.181,2008.945,4418.305,10089.14,1966.29,4626.168
10167.1,1975.98,4567.606,10051.5,1966.141,4712.171,10083.3,1955.12,4519.359,8986.752,1951.155,4218.071,9834.637,1976.812,4432.773,10017.18,1992.067,4472.435,9943.577,2014.702,4541.711,9747.174,1978.241,4489.562,10020.39,2030.728,4391.36,9983.982,1981.396,4630.596,10044.5,2020.255,4567.558,9921.868,2016.508,4438.639,10214.07,1968.176,4474.734,9652.38,2008.945,4417.624,10087.22,1966.29,4626.382
10165.88,1975.98,4567.748,10050.28,1966.141,4712.307,10082.08,1955.12,4519.506,8986.84,1951.155,4216.845,9833.442,1976.812,4433.063,10015.97,1992.067,4472.631,9942.418,2014.702,4542.119,9746.048,1978.241,4489.07,10019.19,2030.728,4391.609,9982.812,1981.396,4630.968,10043.27,2020.255,4567.678,9920.66,2016.508,4438.867,10212.88,1968.176,4475.045,9651.217,2008.945,4417.227,10086.01,1966.29,4626.559
10161.51,1975.98,4568.398,10045.9,1966.141,4712.94,10077.69,1955.12,4520.049,8987.013,1951.155,4212.424,9829.112,1976.812,4433.966,10011.63,1992.067,4473.48,9938.2,2014.702,4543.451,9741.938,1978.241,4487.434,10014.83,2030.728,4392.375,9978.554,1981.396,4632.168,10038.88,2020.255,4568.191,9916.301,2016.508,4439.61,10208.62,1968.176,4476.238,9646.985,2008.945,4415.936,10081.65,1966.29,4627.336
10158.79,1975.98,4568.892,10043.18,1966.141,4713.425,10074.95,1955.12,4520.399,8987.03,1951.155,4209.66,9826.39,1976.812,4434.441,10008.93,1992.067,4474.1,9935.582,2014.702,4544.339,9739.337,1978.241,4486.497,10012.1,2030.728,4392.774,9975.87,1981.396,4632.831,10036.14,2020.255,4568.561,9913.572,2016.508,4440.053,10205.94,1968.176,4476.896,9644.316,2008.945,4415.216,10079.02,1966.29,4628.163
10156.49,1975.98,4569.388,10040.85,1966.141,4713.785,10072.62,1955.12,4520.707,8986.968,1951.155,4207.307,9824.059,1976.812,4434.77,10006.62,1992.067,4474.563,9933.329,2014.702,4545.022,9737.098,1978.241,4485.771,10009.78,2030.728,4393.186,9973.567,1981.396,4633.32,10033.82,2020.255,4568.918,9911.246,2016.508,4440.404,10203.63,1968.176,4477.38,9642.065,2008.945,4414.529,10076.75,1966.29,4628.793
10155.68,1975.98,4569.534,10040.05,1966.141,4713.914,10071.81,1955.12,4520.816,8986.92,1951.155,4206.494,9823.249,1976.812,4434.857,10005.82,1992.067,4474.701,9932.542,2014.702,4545.232,9736.315,1978.241,4485.545,10008.98,2030.728,4393.349,9972.766,1981.396,4633.464,10033.01,2020.255,4569.056,9910.438,2016.508,4440.506,10202.85,1968.176,4477.59,9641.262,2008.945,4414.397,10075.96,1966.29,4628.986
10153.38,1975.98,4569.962,10037.71,1966.141,4714.156,10069.49,1955.12,4521.141,8986.705,1951.155,4204.156,9820.908,1976.812,4435.032,10003.5,1992.067,4475.035,9930.297,2014.702,4545.917,9734.04,1978.241,4484.969,10006.69,2030.728,4393.881,9970.47,1981.396,4633.954,10030.71,2020.255,4569.493,9908.107,2016.508,4440.784,10200.56,1968.176,4478.122,9638.958,2008.945,4413.943,10073.66,1966.29,4629.466
10151.16,1975.98,4570.445,10035.46,1966.141,4714.464,10067.24,1955.12,4521.464,8986.423,1951.155,4201.902,9818.639,1976.812,4435.127,10001.26,1992.067,4475.432,9928.104,2014.702,4546.509,9731.82,1978.241,4484.484,10004.47,2030.728,4394.331,9968.307,1981.396,4634.65,10028.48,2020.255,4569.954,9905.846,2016.508,4440.994,10198.4,1968.176,4478.844,9636.744,2008.945,4413.432,10071.42,1966.29,4629.858
10147.55,1975.98,4571.108,10031.84,1966.141,4715.081,10063.61,1955.12,4522.002,8985.848,1951.155,4198.276,9814.968,1976.812,4435.161,9997.668,1992.067,4476.191,9924.53,2014.702,4547.349,9728.21,1978.241,4483.818,10000.85,2030.728,4394.952,9964.798,1981.396,4635.728,10024.9,2020.255,4570.76,9902.191,2016.508,4441.339,10194.89,1968.176,4479.896,9633.134,2008.945,4412.768,10067.79,1966.29,4630.374
10146.43,1975.98,4571.211,10030.73,1966.141,4715.133,10062.51,1955.12,4522.196,8985.637,1951.155,4197.179,9813.851,1976.812,4435.134,9996.568,1992.067,4476.392,9923.435,2014.702,4547.569,9727.104,1978.241,4483.652,9999.755,2030.728,4395.174,9963.719,1981.396,4636.021,10023.86,2020.255,4571.157,9901.082,2016.508,4441.48,10193.81,1968.176,4480.181,9632.042,2008.945,4412.529,10066.67,1966.29,4630.495
10143.48,1975.98,4571.583,10027.75,1966.141,4715.256,10059.59,1955.12,4522.793,8984.979,1951.155,4194.273,9810.872,1976.812,4435.162,9993.625,1992.067,4476.847,9920.496,2014.702,4548.059,9724.146,1978.241,4483.304,9996.854,2030.728,4395.847,9960.82,1981.396,4636.707,10021.04,2020.255,4572.124,9898.141,2016.508,4441.951,10190.9,1968.176,4480.847,9629.153,2008.945,4411.8,10063.7,1966.29,4630.721
10141.77,1975.98,4571.854,10026.02,1966.141,4715.26,10057.91,1955.12,4523.185,8984.543,1951.155,4192.604,9809.148,1976.812,4435.234,9991.93,1992.067,4477.166,9918.786,2014.702,4548.287,9722.427,1978.241,4483.159,9995.162,2030.728,4396.188,9959.13,1981.396,4637.049,10019.39,2020.255,4572.63,9896.446,2016.508,4442.277,10189.21,1968.176,4481.177,9627.495,2008.945,4411.323,10061.98,1966.29,4630.797
10139.44,1975.98,4572.147,10023.68,1966.141,4715.343,10055.64,1955.12,4523.782,8983.876,1951.155,4190.354,9806.808,1976.812,4435.409,9989.639,1992.067,4477.674,9916.45,2014.702,4548.521,9720.083,1978.241,4483.038,9992.849,2030.728,4396.583,9956.852,1981.396,4637.616,10017.13,2020.255,4573.245,9894.157,2016.508,4442.796,10186.93,1968.176,4481.752,9625.239,2008.945,4410.673,10059.63,1966.29,4630.825
10137.18,1975.98,4572.304,10021.41,1966.141,4715.391,10053.46,1955.12,4524.421,8983.16,1951.155,4188.199,9804.55,1976.812,4435.652,9987.439,1992.067,4478.239,9914.185,2014.702,4548.673,9717.813,1978.241,4482.996,9990.601,2030.728,4396.899,9954.631,1981.396,4638.091,10014.92,2020.255,4573.784,9891.96,2016.508,4443.369,10184.72,1968.176,4482.242,9623.036,2008.945,4410.123,10057.37,1966.29,4630.906
10135.88,1975.98,4572.436,10020.11,1966.141,4715.46,10052.23,1955.12,4524.822,8982.79,1951.155,4186.95,9803.254,1976.812,4435.783,9986.17,1992.067,4478.527,9912.889,2014.702,4548.803,9716.511,1978.241,4483.014,9989.317,2030.728,4397.12,9953.35,1981.396,4638.322,10013.65,2020.255,4574.061,9890.69,2016.508,4443.657,10183.44,1968.176,4482.48,9621.783,2008.945,4409.766,10056.07,1966.29,4630.984
10131.73,1975.98,4572.998,10015.92,1966.141,4715.279,10048.28,1955.12,4526.226,8981.731,1951.155,4182.898,9799.104,1976.812,4436.342,9982.063,1992.067,4479.34,9908.716,2014.702,4549.149,9712.328,1978.241,4483.209,9985.215,2030.728,4397.956,9949.206,1981.396,4638.93,10009.54,2020.255,4574.848,9886.579,2016.508,4444.454,10179.36,1968.176,4483.424,9617.698,2008.945,4408.846,10051.89,1966.29,4631.335
10131.15,1975.98,4573.068,10015.34,1966.141,4715.273,10047.73,1955.12,4526.438,8981.602,1951.155,4182.326,9798.529,1976.812,4436.466,9981.483,1992.067,4479.438,9908.133,2014.702,4549.217,9711.741,1978.241,4483.211,9984.639,2030.728,4398.068,9948.633,1981.396,4639.057,10008.96,2020.255,4574.944,9885.999,2016.508,4444.548,10178.78,1968.176,4483.537,9617.13,2008.945,4408.699,10051.31,1966.29,4631.399
10127.56,1975.98,4573.516,10011.72,1966.141,4715.353,10044.38,1955.12,4527.785,8980.919,1951.155,4178.775,9794.982,1976.812,4437.171,9977.903,1992.067,4479.943,9904.557,2014.702,4549.751,9708.128,1978.241,4483.342,9981.11,2030.728,4398.858,9945.078,1981.396,4639.721,10005.39,2020.255,4575.515,9882.414,2016.508,4445.018,10175.21,1968.176,4484.12,9613.662,2008.945,4407.675,10047.73,1966.29,4631.878
10124.31,1975.98,4573.751,10008.47,1966.141,4715.532,10041.37,1955.12,4529.034,8980.408,1951.155,4175.556,9791.767,1976.812,4437.701,9974.692,1992.067,4480.503,9901.351,2014.702,4550.338,9704.876,1978.241,4483.566,9977.91,2030.728,4399.477,9941.856,1981.396,4640.215,10002.17,2020.255,4576.009,9879.206,2016.508,4445.586,10171.98,1968.176,4484.539,9610.488,2008.945,4406.935,10044.51,1966.29,4632.389
10122.39,1975.98,4573.953,10006.54,1966.141,4715.678,10039.58,1955.12,4529.75,8980.169,1951.155,4173.641,9789.854,1976.812,4437.953,9972.803,1992.067,4480.89,9899.442,2014.702,4550.623,9702.957,1978.241,4483.762,9976.006,2030.728,4399.788,9939.94,1981.396,4640.445,10000.26,2020.255,4576.291,9877.297,2016.508,4445.866,10170.06,1968.176,4484.725,9608.594,2008.945,4406.571,10042.61,1966.29,4632.738
10121.81,1975.98,4574.033,10005.96,1966.141,4715.641,10039.03,1955.12,4529.959,8980.115,1951.155,4173.058,9789.271,1976.812,4438.01,9972.233,1992.067,4481.024,9898.86,2014.702,4550.69,9702.374,1978.241,4483.81,9975.426,2030.728,4399.865,9939.363,1981.396,4640.545,9999.683,2020.255,4576.373,9876.716,2016.508,4445.933,10169.48,1968.176,4484.762,9608.022,2008.945,4406.441,10042.04,1966.29,4632.858
10117.44,1975.98,4574.295,10001.58,1966.141,4715.503,10034.92,1955.12,4531.477,8979.856,1951.155,4168.684,9784.897,1976.812,4438.295,9968,1992.067,4482.155,9894.49,2014.702,4551.016,9698.013,1978.241,4484.241,9971.067,2030.728,4400.314,9935.022,1981.396,4641.147,9995.342,2020.255,4576.961,9872.351,2016.508,4446.313,10165.1,1968.176,4484.604,9603.782,2008.945,4405.335,10037.77,1966.29,4633.866
10116.27,1975.98,4574.404,10000.41,1966.141,4715.504,10033.82,1955.12,4531.868,8979.825,1951.155,4167.512,9783.731,1976.812,4438.41,9966.881,1992.067,4482.503,9893.322,2014.702,4551.117,9696.845,1978.241,4484.34,9969.906,2030.728,4400.471,9933.872,1981.396,4641.37,9994.18,2020.255,4577.112,9871.181,2016.508,4446.382,10163.92,1968.176,4484.601,9602.658,2008.945,4405.002,10036.63,1966.29,4634.132
10114.01,1975.98,4574.688,9998.131,1966.141,4715.582,10031.66,1955.12,4532.599,8979.84,1951.155,4165.234,9781.459,1976.812,4438.559,9964.686,1992.067,4483.108,9891.062,2014.702,4551.389,9694.583,1978.241,4484.606,9967.66,2030.728,4400.846,9931.623,1981.396,4641.73,9991.921,2020.255,4577.391,9868.906,2016.508,4446.483,10161.65,1968.176,4484.668,9600.44,2008.945,4404.487,10034.41,1966.29,4634.64
10111.07,1975.98,4575.158,9995.156,1966.141,4715.781,10028.83,1955.12,4533.518,8979.956,1951.155,4162.255,9778.492,1976.812,4438.85,9961.787,1992.067,4483.806,9888.115,2014.702,4551.841,9691.619,1978.241,4484.922,9964.736,2030.728,4401.428,9928.666,1981.396,4642.104,9988.962,2020.255,4577.738,9865.928,2016.508,4446.574,10158.67,1968.176,4484.727,9597.561,2008.945,4403.718,10031.51,1966.29,4635.293
10109.47,1975.98,4575.419,9993.553,1966.141,4715.941,10027.29,1955.12,4533.994,8980.071,1951.155,4160.648,9776.884,1976.812,4438.955,9960.242,1992.067,4484.267,9886.515,2014.702,4552.033,9690.012,1978.241,4485.041,9963.16,2030.728,4401.765,9927.056,1981.396,4642.174,9987.361,2020.255,4577.917,9864.317,2016.508,4446.623,10157.06,1968.176,4484.811,9596.018,2008.945,4403.251,10029.93,1966.29,4635.641
10107.18,1975.98,4575.874,9991.231,1966.141,4716.25,10025.04,1955.12,4534.655,8980.315,1951.155,4158.319,9774.599,1976.812,4439.464,9957.978,1992.067,4484.862,9884.182,2014.702,4552.235,9687.672,1978.241,4485.137,9960.887,2030.728,4402.323,9924.715,1981.396,4642.14,9985.034,2020.255,4578.162,9861.982,2016.508,4446.703,10154.73,1968.176,4485.01,9593.8,2008.945,4402.501,10027.65,1966.29,4636.137
10104.33,1975.98,4576.341,9988.385,1966.141,4716.723,10022.27,1955.12,4535.43,8980.71,1951.155,4155.461,9771.763,1976.812,4439.999,9955.193,1992.067,4485.62,9881.301,2014.702,4552.404,9684.794,1978.241,4485.349,9958.104,2030.728,4403.085,9921.83,1981.396,4642.074,9982.164,2020.255,4578.448,9859.103,2016.508,4446.691,10151.86,1968.176,4485.35,9591.099,2008.945,4401.487,10024.83,1966.29,4636.738
10102.69,1975.98,4576.666,9986.746,1966.141,4717.051,10020.65,1955.12,4535.857,8980.992,1951.155,4153.813,9770.111,1976.812,4440.254,9953.567,1992.067,4486.005,9879.63,2014.702,4552.447,9683.132,1978.241,4485.526,9956.504,2030.728,4403.565,9920.159,1981.396,4642.042,9980.505,2020.255,4578.641,9857.432,2016.508,4446.739,10150.19,1968.176,4485.312,9589.554,2008.945,4400.849,10023.18,1966.29,4637.032
10100.28,1975.98,4577.062,9984.364,1966.141,4717.61,10018.28,1955.12,4536.448,8981.484,1951.155,4151.417,9767.683,1976.812,4440.549,9951.175,1992.067,4486.519,9877.184,2014.702,4552.431,9680.709,1978.241,4485.866,9954.15,2030.728,4404.226,9917.713,1981.396,4642.076,9978.08,2020.255,4578.964,9854.989,2016.508,4446.889,10147.74,1968.176,4485.337,9587.263,2008.945,4399.989,10020.76,1966.29,4637.384
10097.97,1975.98,4577.363,9982.115,1966.141,4718.215,10016.01,1955.12,4536.979,8982.027,1951.155,4149.152,9765.363,1976.812,4440.754,9948.883,1992.067,4486.933,9874.855,2014.702,4552.491,9678.398,1978.241,4486.155,9951.919,2030.728,4404.888,9915.387,1981.396,4642.184,9975.778,2020.255,4579.308,9852.669,2016.508,4447.083,10145.42,1968.176,4485.438,9585.044,2008.945,4399.28,10018.45,1966.29,4637.644
10095.65,1975.98,4577.589,9979.887,1966.141,4718.895,10013.74,1955.12,4537.477,8982.645,1951.155,4146.906,9763.037,1976.812,4440.629,9946.578,1992.067,4487.272,9872.529,2014.702,4552.627,9676.09,1978.241,4486.469,9949.689,2030.728,4405.549,9913.064,1981.396,4642.369,9973.48,2020.255,4579.689,9850.343,2016.508,4447.21,10143.09,1968.176,4485.614,9582.803,2008.945,4398.646,10016.12,1966.29,4637.827
10093.32,1975.98,4577.66,9977.682,1966.141,4719.646,10011.46,1955.12,4537.941,8983.335,1951.155,4144.681,9760.708,1976.812,4440.58,9944.277,1992.067,4487.635,9870.21,2014.702,4552.839,9673.772,1978.241,4486.708,9947.453,2030.728,4406.2,9910.75,1981.396,4642.629,9971.189,2020.255,4580.105,9848.014,2016.508,4447.265,10140.78,1968.176,4485.859,9580.583,2008.945,4397.938,10013.8,1966.29,4637.935
10091,1975.98,4577.806,9975.511,1966.141,4720.466,10009.17,1955.12,4538.37,8984.095,1951.155,4142.488,9758.388,1976.812,4440.601,9941.98,1992.067,4487.97,9867.907,2014.702,4553.126,9671.457,1978.241,4486.869,9945.234,2030.728,4406.868,9908.453,1981.396,4642.963,9968.904,2020.255,4580.503,9845.693,2016.508,4447.256,10138.46,1968.176,4486.028,9578.396,2008.945,4397.16,10011.48,1966.29,4638.015
10088.69,1975.98,4578.027,9973.365,1966.141,4721.358,10006.89,1955.12,4538.764,8984.927,1951.155,4140.319,9756.066,1976.812,4440.699,9939.693,1992.067,4488.374,9865.594,2014.702,4553.338,9669.155,1978.241,4487.181,9942.991,2030.728,4407.472,9906.135,1981.396,4643.109,9966.614,2020.255,4580.883,9843.371,2016.508,4447.323,10136.2,1968.176,4486.559,9576.231,2008.945,4396.317,10009.16,1966.29,4638.066
10086.43,1975.98,4578.526,9971.195,1966.141,4722.178,10004.6,1955.12,4539.123,8985.828,1951.155,4138.182,9753.777,1976.812,4441.07,9937.423,1992.067,4488.843,9863.278,2014.702,4553.474,9666.848,1978.241,4487.416,9940.735,2030.728,4408.01,9903.817,1981.396,4643.006,9964.325,2020.255,4581.247,9841.057,2016.508,4447.463,10133.93,1968.176,4487.015,9574.099,2008.945,4395.406,10006.84,1966.29,4638.173
10084.14,1975.98,4578.952,9968.998,1966.141,4722.927,10002.3,1955.12,4539.446,8986.8,1951.155,4136.074,9751.476,1976.812,4441.366,9935.165,1992.067,4489.379,9860.958,2014.702,4553.534,9664.544,1978.241,4487.7,9938.463,2030.728,4408.481,9901.496,1981.396,4642.979,9962.031,2020.255,4581.594,9838.745,2016.508,4447.679,10131.64,1968.176,4487.396,9571.936,2008.945,4394.563,10004.52,1966.29,4638.336
10081.86,1975.98,4579.3,9966.787,1966.141,4723.601,10000.01,1955.12,4539.732,8987.835,1951.155,4134.007,9749.175,1976.812,4441.586,9932.933,1992.067,4489.979,9858.646,2014.702,4553.519,9662.242,1978.241,4487.908,9936.188,2030.728,4408.884,9899.186,1981.396,4643.028,9959.745,2020.255,4581.923,9836.452,2016.508,4447.969,10129.39,1968.176,4487.92,9569.761,2008.945,4393.78,10002.22,1966.29,4638.554
10078.94,1975.98,4579.649,9963.944,1966.141,4724.366,9997.08,1955.12,4540.048,8989.066,1951.155,4131.334,9746.241,1976.812,4441.827,9930.113,1992.067,4490.826,9855.704,2014.702,4553.595,9659.309,1978.241,4488.153,9933.275,2030.728,4409.312,9896.246,1981.396,4643.187,9956.83,2020.255,4582.324,9833.53,2016.508,4448.313,10126.5,1968.176,4488.493,9566.928,2008.945,4392.982,9999.302,1966.29,4638.903
10076.23,1975.98,4579.882,9961.302,1966.141,4724.986,9994.379,1955.12,4540.296,8990.121,1951.155,4128.833,9743.53,1976.812,4441.96,9927.49,1992.067,4491.522,9852.99,2014.702,4553.636,9656.599,1978.241,4488.29,9930.577,2030.728,4409.601,9893.537,1981.396,4643.023,9954.141,2020.255,4582.675,9830.836,2016.508,4448.623,10123.82,1968.176,4488.934,9564.341,2008.945,4392.161,9996.616,1966.29,4639.291
10075.66,1975.98,4579.92,9960.737,1966.141,4725.099,9993.806,1955.12,4540.339,8990.327,1951.155,4128.296,9742.955,1976.812,4441.97,9926.93,1992.067,4491.651,9852.415,2014.702,4553.656,9656.023,1978.241,4488.3,9930.004,2030.728,4409.652,9892.962,1981.396,4643.007,9953.57,2020.255,4582.746,9830.263,2016.508,4448.67,10123.25,1968.176,4489.009,9563.794,2008.945,4391.981,9996.049,1966.29,4639.387
10072.12,1975.98,4580.272,9957.232,1966.141,4725.682,9990.26,1955.12,4540.544,8991.49,1951.155,4124.938,9739.402,1976.812,4441.912,9923.443,1992.067,4492.339,9848.87,2014.702,4553.899,9652.485,1978.241,4488.629,9926.476,2030.728,4410.076,9889.408,1981.396,4643.025,9950.043,2020.255,4583.16,9826.721,2016.508,4448.938,10119.71,1968.176,4489.356,9560.457,2008.945,4390.758,9992.563,1966.29,4640.069
10069.45,1975.98,4580.169,9954.577,1966.141,4726.037,9987.584,1955.12,4540.652,8992.284,1951.155,4122.38,9736.729,1976.812,4441.749,9920.804,1992.067,4492.793,9846.195,2014.702,4553.76,9649.828,1978.241,4488.966,9923.797,2030.728,4410.098,9886.731,1981.396,4643.125,9947.382,2020.255,4583.457,9824.057,2016.508,4449.217,10117.04,1968.176,4489.53,9557.943,2008.945,4389.832,9989.947,1966.29,4640.648
10067.51,1975.98,4580.158,9952.647,1966.141,4726.231,9985.646,1955.12,4540.697,8992.798,1951.155,4120.51,9734.79,1976.812,4441.694,9918.883,1992.067,4493.061,9844.257,2014.702,4553.723,9647.897,1978.241,4489.147,9921.859,2030.728,4410.176,9884.797,1981.396,4643.261,9945.454,2020.255,4583.659,9822.124,2016.508,4449.373,10115.1,1968.176,4489.593,9556.146,2008.945,4389.103,9988.065,1966.29,4641.115
10065.77,1975.98,4580.205,9950.91,1966.141,4726.35,9983.907,1955.12,4540.741,8993.204,1951.155,4118.817,9733.049,1976.812,4441.702,9917.153,1992.067,4493.254,9842.516,2014.702,4553.747,9646.166,1978.241,4489.331,9920.123,2030.728,4410.3,9883.065,1981.396,4643.439,9943.723,2020.255,4583.831,9820.388,2016.508,4449.493,10113.36,1968.176,4489.593,9554.549,2008.945,4388.411,9986.388,1966.29,4641.577
10063.47,1975.98,4580.099,9948.616,1966.141,4726.434,9981.613,1955.12,4540.803,8993.666,1951.155,4116.568,9730.753,1976.812,4441.736,9914.866,1992.067,4493.447,9840.22,2014.702,4553.736,9643.876,1978.241,4489.498,9917.839,2030.728,4410.533,9880.79,1981.396,4643.747,9941.438,2020.255,4584.044,9818.101,2016.508,4449.681,10111.07,1968.176,4489.667,9552.473,2008.945,4387.431,9984.19,1966.29,4642.242
10061.95,1975.98,4580.078,9947.093,1966.141,4726.441,9980.092,1955.12,4540.847,8993.924,1951.155,4115.067,9729.231,1976.812,4441.809,9913.346,1992.067,4493.534,9838.697,2014.702,4553.778,9642.355,1978.241,4489.588,9916.329,2030.728,4410.731,9879.288,1981.396,4644,9939.924,2020.255,4584.211,9816.584,2016.508,4449.818,10109.54,1968.176,4489.667,9551.113,2008.945,4386.743,9982.719,1966.29,4642.635
10058.69,1975.98,4580.141,9943.838,1966.141,4726.563,9976.838,1955.12,4540.947,8994.369,1951.155,4111.841,9725.979,1976.812,4441.965,9910.091,1992.067,4493.634,9835.445,2014.702,4553.598,9639.1,1978.241,4489.674,9913.112,2030.728,4411.236,9876.061,1981.396,4644.436,9936.694,2020.255,4584.622,9813.349,2016.508,4450.187,10106.29,1968.176,4489.559,9548.16,2008.945,4385.369,9979.547,1966.29,4643.374
10056.28,1975.98,4579.94,9941.423,1966.141,4726.733,9974.42,1955.12,4541.026,8994.622,1951.155,4109.433,9723.559,1976.812,4441.903,9907.67,1992.067,4493.645,9833.025,2014.702,4553.543,9636.683,1978.241,4489.817,9910.729,2030.728,4411.653,9873.652,1981.396,4644.681,9934.299,2020.255,4584.967,9810.945,2016.508,4450.464,10103.87,1968.176,4489.558,9546.094,2008.945,4384.108,9977.172,1966.29,4643.845
10052.75,1975.98,4579.762,9937.889,1966.141,4726.698,9970.889,1955.12,4541.148,8994.876,1951.155,4105.907,9720.044,1976.812,4441.527,9904.137,1992.067,4493.569,9829.496,2014.702,4553.346,9633.149,1978.241,4489.91,9907.241,2030.728,4412.22,9870.203,1981.396,4645.455,9930.811,2020.255,4585.529,9807.426,2016.508,4450.781,10100.33,1968.176,4489.611,9543.018,2008.945,4382.367,9973.684,1966.29,4644.419
10051.37,1975.98,4579.737,9936.509,1966.141,4726.729,9969.51,1955.12,4541.199,8994.93,1951.155,4104.528,9718.689,1976.812,4441.263,9902.758,1992.067,4493.504,9828.116,2014.702,4553.314,9631.77,1978.241,4489.901,9905.872,2030.728,4412.397,9868.847,1981.396,4645.712,9929.452,2020.255,4585.771,9806.052,2016.508,4450.906,10098.95,1968.176,4489.586,9541.795,2008.945,4381.727,9972.315,1966.29,4644.599
10050.35,1975.98,4579.686,9935.489,1966.141,4726.786,9968.49,1955.12,4541.239,8994.937,1951.155,4103.507,9717.682,1976.812,4441.1,9901.737,1992.067,4493.489,9827.096,2014.702,4553.324,9630.749,1978.241,4489.861,9904.856,2030.728,4412.499,9867.838,1981.396,4645.87,9928.45,2020.255,4585.965,9805.034,2016.508,4450.979,10097.93,1968.176,4489.535,9540.906,2008.945,4381.226,9971.3,1966.29,4644.698
10046.59,1975.98,4579.437,9931.731,1966.141,4727.117,9964.72,1955.12,4541.316,8994.837,1951.155,4099.735,9713.939,1976.812,4440.621,9897.966,1992.067,4493.547,9823.324,2014.702,4553.229,9626.986,1978.241,4489.591,9901.094,2030.728,4412.761,9864.094,1981.396,4646.332,9924.761,2020.255,4586.744,9801.27,2016.508,4451.159,10094.17,1968.176,4489.222,9537.562,2008.945,4379.48,9967.535,1966.29,4644.943
10045.06,1975.98,4579.099,9930.185,1966.141,4727.305,9963.162,1955.12,4541.32,8994.745,1951.155,4098.18,9712.393,1976.812,4440.434,9896.409,1992.067,4493.617,9821.767,2014.702,4553.186,9625.437,1978.241,4489.428,9899.537,2030.728,4412.824,9862.542,1981.396,4646.471,9923.242,2020.255,4587.09,9799.714,2016.508,4451.244,10092.63,1968.176,4489.042,9536.19,2008.945,4378.739,9965.978,1966.29,4644.994
10042.7,1975.98,4578.655,9927.808,1966.141,4727.672,9960.758,1955.12,4541.326,8994.524,1951.155,4095.785,9710.009,1976.812,4440.117,9894.011,1992.067,4493.803,9819.361,2014.702,4553.196,9623.034,1978.241,4489.315,9897.132,2030.728,4412.849,9860.141,1981.396,4646.608,9920.895,2020.255,4587.605,9797.316,2016.508,4451.327,10090.23,1968.176,4488.851,9534.038,2008.945,4377.665,9963.574,1966.29,4645.042
10040.53,1975.98,4578.321,9925.631,1966.141,4727.937,9958.566,1955.12,4541.333,8994.252,1951.155,4093.609,9707.827,1976.812,4439.899,9891.832,1992.067,4494.044,9817.17,2014.702,4553.266,9620.849,1978.241,4489.141,9894.94,2030.728,4412.808,9857.951,1981.396,4646.715,9918.751,2020.255,4588.058,9795.127,2016.508,4451.43,10088.05,1968.176,4488.605,9532.045,2008.945,4376.751,9961.385,1966.29,4645.138
10038.53,1975.98,4578.079,9923.616,1966.141,4728.114,9956.545,1955.12,4541.34,8993.936,1951.155,4091.612,9705.81,1976.812,4439.764,9889.817,1992.067,4494.212,9815.151,2014.702,4553.397,9618.826,1978.241,4489.125,9892.918,2030.728,4412.812,9855.936,1981.396,4646.877,9916.771,2020.255,4588.462,9793.11,2016.508,4451.568,10086.05,1968.176,4488.313,9530.145,2008.945,4376.06,9959.367,1966.29,4645.275
10036.19,1975.98,4577.874,9921.277,1966.141,4728.244,9954.204,1955.12,4541.348,8993.493,1951.155,4089.312,9703.486,1976.812,4439.465,9887.479,1992.067,4494.344,9812.82,2014.702,4553.625,9616.486,1978.241,4489.03,9890.577,2030.728,4412.89,9853.594,1981.396,4646.846,9914.474,2020.255,4588.913,9790.775,2016.508,4451.74,10083.72,1968.176,4488.051,9527.935,2008.945,4375.284,9957.035,1966.29,4645.491
10033.32,1975.98,4577.716,9918.404,1966.141,4728.455,9951.324,1955.12,4541.357,8992.856,1951.155,4086.502,9700.618,1976.812,4439.191,9884.6,1992.067,4494.43,9809.971,2014.702,4554.048,9613.613,1978.241,4488.819,9887.702,2030.728,4413.074,9850.713,1981.396,4646.902,9911.645,2020.255,4589.449,9787.902,2016.508,4451.938,10080.89,1968.176,4487.539,9525.203,2008.945,4374.367,9954.174,1966.29,4645.826
10031.77,1975.98,4577.512,9916.845,1966.141,4728.519,9949.765,1955.12,4541.403,8992.462,1951.155,4084.992,9699.061,1976.812,4439.093,9883.039,1992.067,4494.436,9808.42,2014.702,4554.227,9612.062,1978.241,4488.654,9886.148,2030.728,4413.219,9849.154,1981.396,4646.984,9910.104,2020.255,4589.702,9786.348,2016.508,4452.073,10079.35,1968.176,4487.273,9523.74,2008.945,4373.822,9952.629,1966.29,4646.045
10029.23,1975.98,4577.121,9914.286,1966.141,4728.707,9947.203,1955.12,4541.544,8991.732,1951.155,4082.532,9696.496,1976.812,4439.017,9880.475,1992.067,4494.529,9805.862,2014.702,4554.437,9609.503,1978.241,4488.466,9883.588,2030.728,4413.382,9846.591,1981.396,4646.871,9907.563,2020.255,4590.053,9783.797,2016.508,4452.342,10076.81,1968.176,4486.919,9521.366,2008.945,4372.848,9950.087,1966.29,4646.385
10026.06,1975.98,4576.737,9911.104,1966.141,4729.045,9944.015,1955.12,4541.806,8990.724,1951.155,4079.496,9693.339,1976.812,4438.501,9877.283,1992.067,4494.75,9802.667,2014.702,4554.595,9606.306,1978.241,4488.336,9880.391,2030.728,4413.491,9843.392,1981.396,4646.835,9904.385,2020.255,4590.414,9780.622,2016.508,4452.731,10073.61,1968.176,4486.937,9518.306,2008.945,4371.916,9946.914,1966.29,4646.782
10023.72,1975.98,4576.532,9908.787,1966.141,4729.369,9941.689,1955.12,4542.059,8989.913,1951.155,4077.301,9691.019,1976.812,4438.199,9874.946,1992.067,4494.85,9800.335,2014.702,4554.787,9603.973,1978.241,4488.165,9878.056,2030.728,4413.642,9841.053,1981.396,4646.886,9902.055,2020.255,4590.62,9778.294,2016.508,4452.958,10071.27,1968.176,4486.874,9516.091,2008.945,4371.161,9944.591,1966.29,4647.051
10023.16,1975.98,4576.501,9908.233,1966.141,4729.465,9941.133,1955.12,4542.134,8989.701,1951.155,4076.781,9690.461,1976.812,4438.131,9874.387,1992.067,4494.892,9799.774,2014.702,4554.814,9603.413,1978.241,4488.118,9877.494,2030.728,4413.662,9840.491,1981.396,4646.88,9901.494,2020.255,4590.656,9777.733,2016.508,4452.997,10070.71,1968.176,4486.896,9515.565,2008.945,4370.963,9944.032,1966.29,4647.111
10020.57,1975.98,4576.444,9905.694,1966.141,4729.991,9938.575,1955.12,4542.554,8988.646,1951.155,4074.412,9687.879,1976.812,4437.899,9871.798,1992.067,4495.018,9797.199,2014.702,4555.114,9600.82,1978.241,4488.074,9874.907,2030.728,4413.833,9837.899,1981.396,4646.807,9898.904,2020.255,4590.76,9775.145,2016.508,4453.12,10068.12,1968.176,4486.915,9513.171,2008.945,4369.968,9941.453,1966.29,4647.36
10018.33,1975.98,4576.425,9903.484,1966.141,4730.375,9936.373,1955.12,4542.979,8987.667,1951.155,4072.394,9685.645,1976.812,4437.702,9869.563,1992.067,4495.2,9794.964,2014.702,4555.299,9598.58,1978.241,4487.963,9872.666,2030.728,4413.915,9835.656,1981.396,4646.817,9896.662,2020.255,4590.795,9772.906,2016.508,4453.239,10065.87,1968.176,4486.857,9511.129,2008.945,4369.04,9939.228,1966.29,4647.631
10016.09,1975.98,4576.349,9901.262,1966.141,4730.687,9934.156,1955.12,4543.331,8986.621,1951.155,4070.408,9683.408,1976.812,4437.515,9867.321,1992.067,4495.316,9792.722,2014.702,4555.412,9596.337,1978.241,4488.035,9870.427,2030.728,4414.065,9833.413,1981.396,4646.899,9894.418,2020.255,4590.778,9770.665,2016.508,4453.346,10063.66,1968.176,4487.203,9509.108,2008.945,4368.062,9937.007,1966.29,4647.956
10013.85,1975.98,4576.347,9899.037,1966.141,4730.926,9931.941,1955.12,4543.643,8985.515,1951.155,4068.463,9681.179,1976.812,4437.332,9865.085,1992.067,4495.368,9790.484,2014.702,4555.451,9594.1,1978.241,4488.034,9868.2,2030.728,4414.28,9831.182,1981.396,4647.053,9892.182,2020.255,4590.754,9768.43,2016.508,4453.422,10061.43,1968.176,4487.476,9507.068,2008.945,4367.143,9934.803,1966.29,4648.335
10011.61,1975.98,4576.417,9896.82,1966.141,4731.238,9929.72,1955.12,4543.917,8984.345,1951.155,4066.555,9678.942,1976.812,4437.221,9862.85,1992.067,4495.485,9788.248,2014.702,4555.563,9591.862,1978.241,4487.96,9865.967,2030.728,4414.43,9828.954,1981.396,4647.279,9889.944,2020.255,4590.725,9766.191,2016.508,4453.455,10059.21,1968.176,4487.675,9505.058,2008.945,4366.158,9932.595,1966.29,4648.7
10009.37,1975.98,4576.343,9894.616,1966.141,4731.622,9927.496,1955.12,4544.152,8983.113,1951.155,4064.687,9676.705,1976.812,4437.183,9860.62,1992.067,4495.669,9786.011,2014.702,4555.603,9589.63,1978.241,4487.816,9863.731,2030.728,4414.513,9826.736,1981.396,4647.576,9887.709,2020.255,4590.69,9763.956,2016.508,4453.488,10056.97,1968.176,4487.802,9503.082,2008.945,4365.108,9930.386,1966.29,4649.049
10007.14,1975.98,4576.341,9892.433,1966.141,4732.077,9925.274,1955.12,4544.347,8981.825,1951.155,4062.865,9674.479,1976.812,4437.333,9858.403,1992.067,4495.917,9783.783,2014.702,4555.714,9587.4,1978.241,4487.746,9861.501,2030.728,4414.531,9824.536,1981.396,4647.942,9885.479,2020.255,4590.698,9761.727,2016.508,4453.528,10054.74,1968.176,4487.855,9501.276,2008.945,4363.797,9928.172,1966.29,4649.325
10003.17,1975.98,4576.468,9888.517,1966.141,4732.761,9921.311,1955.12,4544.623,8979.425,1951.155,4059.697,9670.507,1976.812,4437.469,9854.441,1992.067,4496.236,9779.821,2014.702,4556.043,9583.44,1978.241,4487.404,9857.529,2030.728,4414.687,9820.638,1981.396,4648.719,9881.507,2020.255,4590.787,9757.756,2016.508,4453.706,10050.77,1968.176,4487.821,9497.984,2008.945,4361.569,9924.213,1966.29,4649.688
10001.51,1975.98,4576.576,9886.864,1966.141,4732.995,9919.645,1955.12,4544.708,8978.374,1951.155,4058.4,9668.838,1976.812,4437.471,9852.775,1992.067,4496.318,9778.171,2014.702,4556.289,9581.78,1978.241,4487.241,9855.865,2030.728,4414.803,9819.013,1981.396,4649.096,9879.84,2020.255,4590.855,9756.092,2016.508,4453.822,10049.1,1968.176,4487.861,9496.573,2008.945,4360.679,9922.547,1966.29,4649.786
10000.28,1975.98,4576.681,9885.641,1966.141,4733.127,9918.415,1955.12,4544.749,8977.568,1951.155,4057.47,9667.62,1976.812,4437.645,9851.555,1992.067,4496.466,9776.948,2014.702,4556.43,9580.576,1978.241,4486.989,9854.638,2030.728,4414.891,9817.823,1981.396,4649.411,9878.612,2020.255,4590.928,9754.867,2016.508,4453.941,10047.87,1968.176,4487.792,9495.512,2008.945,4360.058,9921.316,1966.29,4649.819
9997.938,1975.98,4576.957,9883.289,1966.141,4733.306,9916.059,1955.12,4544.783,8975.968,1951.155,4055.739,9665.276,1976.812,4437.901,9849.206,1992.067,4496.677,9774.616,2014.702,4556.777,9578.254,1978.241,4486.582,9852.292,2030.728,4415.132,9815.52,1981.396,4649.911,9876.263,2020.255,4591.111,9752.528,2016.508,4454.24,10045.52,1968.176,4487.659,9493.439,2008.945,4358.934,9918.959,1966.29,4649.809
9995.812,1975.98,4577.2,9881.15,1966.141,4733.399,9913.918,1955.12,4544.773,8974.463,1951.155,4054.215,9663.142,1976.812,4438.064,9847.077,1992.067,4496.909,9772.523,2014.702,4557.23,9576.134,1978.241,4486.281,9850.169,2030.728,4415.411,9813.442,1981.396,4650.43,9874.132,2020.255,4591.316,9750.414,2016.508,4454.576,10043.38,1968.176,4487.608,9491.535,2008.945,4357.955,9916.818,1966.29,4649.869
9993.844,1975.98,4577.36,9879.177,1966.141,4733.421,9911.945,1955.12,4544.727,8973.031,1951.155,4052.857,9661.174,1976.812,4438.221,9845.109,1992.067,4497.065,9770.627,2014.702,4557.776,9574.172,1978.241,4486.068,9848.22,2030.728,4415.722,9811.543,1981.396,4650.968,9872.172,2020.255,4591.54,9748.476,2016.508,4454.945,10041.4,1968.176,4487.626,9489.672,2008.945,4357.305,9914.848,1966.29,4649.989
9991.547,1975.98,4577.472,9876.882,1966.141,4733.277,9909.649,1955.12,4544.629,8971.313,1951.155,4051.33,9658.899,1976.812,4438.556,9842.813,1992.067,4497.183,9768.397,2014.702,4558.339,9571.879,1978.241,4485.895,9845.953,2030.728,4416.1,9809.312,1981.396,4651.522,9869.894,2020.255,4591.841,9746.231,2016.508,4455.443,10039.12,1968.176,4487.935,9487.526,2008.945,4356.477,9912.549,1966.29,4649.996
9988.755,1975.98,4577.845,9874.066,1966.141,4733.193,9906.837,1955.12,4544.504,8969.146,1951.155,4049.529,9656.101,1976.812,4438.875,9840.007,1992.067,4497.419,9765.646,2014.702,4558.94,9569.064,1978.241,4485.775,9843.162,2030.728,4416.481,9806.557,1981.396,4652.111,9867.109,2020.255,4592.259,9743.502,2016.508,4456.138,10036.33,1968.176,4488.274,9484.864,2008.945,4355.555,9909.733,1966.29,4650.097
9987.234,1975.98,4577.998,9872.538,1966.141,4733.197,9905.31,1955.12,4544.475,8967.94,1951.155,4048.591,9654.577,1976.812,4438.999,9838.489,1992.067,4497.597,9764.143,2014.702,4559.217,9567.541,1978.241,4485.662,9841.643,2030.728,4416.643,9805.053,1981.396,4652.382,9865.594,2020.255,4592.448,9742.01,2016.508,4456.467,10034.8,1968.176,4488.409,9483.438,2008.945,4355.008,9908.209,1966.29,4650.189
9985.026,1975.98,4578.146,9870.326,1966.141,4733.276,9903.097,1955.12,4544.489,8966.149,1951.155,4047.291,9652.367,1976.812,4439.105,9836.301,1992.067,4497.926,9761.954,2014.702,4559.546,9565.33,1978.241,4485.571,9839.437,2030.728,4416.813,9802.863,1981.396,4652.702,9863.393,2020.255,4592.667,9739.835,2016.508,4456.875,10032.6,1968.176,4488.638,9481.398,2008.945,4354.149,9906.005,1966.29,4650.375
9982.822,1975.98,4578.223,9868.125,1966.141,4733.426,9900.893,1955.12,4544.56,8964.323,1951.155,4046.054,9650.161,1976.812,4439.139,9834.132,1992.067,4498.326,9759.801,2014.702,4560.026,9563.128,1978.241,4485.707,9837.233,2030.728,4416.917,9800.713,1981.396,4653.195,9861.193,2020.255,4592.832,9737.655,2016.508,4457.212,10030.4,1968.176,4488.794,9479.328,2008.945,4353.388,9903.813,1966.29,4650.615
9981.354,1975.98,4578.226,9866.667,1966.141,4733.595,9899.428,1955.12,4544.645,8963.081,1951.155,4045.271,9648.694,1976.812,4439.21,9832.682,1992.067,4498.552,9758.379,2014.702,4560.39,9561.66,1978.241,4485.75,9835.77,2030.728,4417.031,9799.272,1981.396,4653.476,9859.728,2020.255,4592.905,9736.198,2016.508,4457.391,10028.94,1968.176,4488.85,9477.968,2008.945,4352.837,9902.357,1966.29,4650.811
9977.186,1975.98,4578.371,9862.507,1966.141,4733.908,9895.271,1955.12,4544.997,8959.481,1951.155,4043.162,9644.536,1976.812,4439.547,9828.545,1992.067,4499.081,9754.306,2014.702,4561.291,9557.496,1978.241,4486.007,9831.623,2030.728,4417.483,9795.154,1981.396,4654.14,9855.559,2020.255,4593.013,9732.079,2016.508,4458.04,10024.79,1968.176,4489.283,9474.154,2008.945,4351.145,9898.239,1966.29,4651.47
9974.901,1975.98,4578.525,9860.23,1966.141,4734.154,9892.997,1955.12,4545.25,8957.47,1951.155,4042.07,9642.262,1976.812,4439.806,9826.268,1992.067,4499.31,9752.056,2014.702,4561.712,9555.209,1978.241,4485.899,9829.355,2030.728,4417.799,9792.884,1981.396,4654.43,9853.272,2020.255,4593.128,9729.809,2016.508,4458.329,10022.5,1968.176,4489.446,9472.093,2008.945,4350.148,9895.968,1966.29,4651.757
9974.354,1975.98,4578.58,9859.686,1966.141,4734.231,9892.452,1955.12,4545.326,8956.978,1951.155,4041.823,9641.713,1976.812,4439.851,9825.719,1992.067,4499.351,9751.512,2014.702,4561.796,9554.659,1978.241,4485.891,9828.813,2030.728,4417.889,9792.35,1981.396,4654.562,9852.725,2020.255,4593.174,9729.261,2016.508,4458.382,10021.96,1968.176,4489.492,9471.605,2008.945,4349.893,9895.42,1966.29,4651.809
9970.572,1975.98,4579.082,9855.929,1966.141,4734.888,9888.69,1955.12,4545.952,8953.514,1951.155,4040.227,9637.919,1976.812,4440.245,9821.909,1992.067,4499.53,9747.725,2014.702,4562.251,9550.846,1978.241,4485.961,9825.065,2030.728,4418.595,9788.619,1981.396,4655.356,9848.911,2020.255,4593.094,9725.455,2016.508,4458.639,10018.17,1968.176,4489.93,9468.098,2008.945,4348.396,9891.612,1966.29,4652.039
9967.096,1975.98,4579.428,9852.577,1966.141,4735.875,9885.249,1955.12,4546.543,8950.294,1951.155,4038.87,9634.434,1976.812,4440.493,9818.427,1992.067,4499.808,9744.266,2014.702,4562.742,9547.356,1978.241,4486.139,9821.615,2030.728,4419.141,9785.18,1981.396,4655.971,9845.419,2020.255,4593.089,9721.966,2016.508,4458.811,10014.67,1968.176,4490.043,9464.931,2008.945,4346.919,9888.12,1966.29,4652.137
9965.783,1975.98,4579.515,9851.304,1966.141,4736.205,9883.954,1955.12,4546.774,8949.065,1951.155,4038.399,9633.121,1976.812,4440.578,9817.119,1992.067,4499.955,9742.977,2014.702,4563.007,9546.063,1978.241,4486.381,9820.311,2030.728,4419.308,9783.903,1981.396,4656.291,9844.104,2020.255,4593.112,9720.65,2016.508,4458.84,10013.36,1968.176,4490.129,9463.757,2008.945,4346.325,9886.807,1966.29,4652.215
9964.511,1975.98,4579.553,9850.062,1966.141,4736.484,9882.703,1955.12,4547.004,8947.863,1951.155,4037.982,9631.851,1976.812,4440.646,9815.859,1992.067,4500.139,9741.723,2014.702,4563.224,9544.806,1978.241,4486.574,9819.044,2030.728,4419.433,9782.663,1981.396,4656.577,9842.832,2020.255,4593.158,9719.378,2016.508,4458.854,10012.09,1968.176,4490.171,9462.563,2008.945,4345.882,9885.534,1966.29,4652.242
9963.782,1975.98,4579.598,9849.345,1966.141,4736.621,9881.986,1955.12,4547.141,8947.166,1951.155,4037.766,9631.123,1976.812,4440.709,9815.141,1992.067,4500.268,9741.003,2014.702,4563.346,9544.087,1978.241,4486.704,9818.315,2030.728,4419.482,9781.946,1981.396,4656.718,9842.104,2020.255,4593.198,9718.648,2016.508,4458.854,10011.36,1968.176,4490.171,9461.888,2008.945,4345.606,9884.806,1966.29,4652.282
9958.712,1975.98,4580.082,9844.406,1966.141,4737.866,9876.992,1955.12,4548.126,8942.255,1951.155,4036.416,9626.054,1976.812,4441.201,9810.159,1992.067,4501.331,9735.956,2014.702,4564.036,9539.048,1978.241,4487.444,9813.227,2030.728,4419.682,9776.919,1981.396,4657.535,9837.025,2020.255,4593.569,9713.556,2016.508,4458.881,10006.27,1968.176,4490.336,9457.151,2008.945,4343.732,9879.713,1966.29,4652.35
9957.401,1975.98,4580.163,9843.123,1966.141,4738.146,9875.707,1955.12,4548.389,8940.979,1951.155,4036.11,9624.766,1976.812,4441.453,9808.868,1992.067,4501.569,9734.653,2014.702,4564.202,9537.767,1978.241,4487.729,9811.917,2030.728,4419.774,9775.617,1981.396,4657.704,9835.719,2020.255,4593.688,9712.244,2016.508,4458.928,10004.96,1968.176,4490.228,9455.934,2008.945,4343.242,9878.401,1966.29,4652.411
9956.373,1975.98,4580.297,9842.103,1966.141,4738.333,9874.692,1955.12,4548.604,8939.962,1951.155,4035.901,9623.741,1976.812,4441.618,9807.844,1992.067,4501.729,9733.652,2014.702,4564.476,9536.747,1978.241,4487.922,9810.885,2030.728,4419.88,9774.594,1981.396,4657.871,9834.688,2020.255,4593.801,9711.209,2016.508,4458.998,10003.92,1968.176,4490.175,9454.984,2008.945,4342.823,9877.367,1966.29,4652.492
9954.677,1975.98,4580.573,9840.409,1966.141,4738.625,9873.015,1955.12,4548.971,8938.269,1951.155,4035.611,9622.052,1976.812,4441.931,9806.14,1992.067,4501.947,9731.981,2014.702,4564.875,9535.056,1978.241,4488.227,9809.182,2030.728,4420.105,9772.932,1981.396,4658.308,9832.983,2020.255,4594.016,9709.499,2016.508,4459.168,10002.21,1968.176,4490.145,9453.436,2008.945,4342.078,9875.659,1966.29,4652.684
9950.538,1975.98,4581.106,9836.322,1966.141,4739.468,9868.947,1955.12,4549.895,8934.135,1951.155,4035.04,9617.941,1976.812,4442.654,9801.988,1992.067,4502.365,9727.893,2014.702,4565.712,9530.927,1978.241,4488.832,9805.063,2030.728,4420.771,9768.863,1981.396,4659.237,9828.854,2020.255,4594.61,9705.362,2016.508,4459.717,9998.033,1968.176,4490.208,9449.736,2008.945,4340.146,9871.529,1966.29,4653.284
9948.924,1975.98,4581.363,9834.711,1966.141,4739.745,9867.346,1955.12,4550.221,8932.509,1951.155,4034.869,9616.323,1976.812,4442.885,9800.357,1992.067,4502.476,9726.281,2014.702,4565.987,9529.302,1978.241,4489.016,9803.44,2030.728,4420.979,9767.259,1981.396,4659.549,9827.241,2020.255,4594.87,9703.745,2016.508,4459.95,9996.398,1968.176,4490.179,9448.313,2008.945,4339.342,9869.904,1966.29,4653.466
9947.065,1975.98,4581.714,9832.837,1966.141,4740.005,9865.484,1955.12,4550.556,8930.622,1951.155,4034.734,9614.442,1976.812,4443.09,9798.467,1992.067,4502.543,9724.407,2014.702,4566.245,9527.416,1978.241,4489.167,9801.557,2030.728,4421.157,9765.391,1981.396,4659.849,9825.379,2020.255,4595.201,9701.879,2016.508,4460.257,9994.509,1968.176,4490.083,9446.697,2008.945,4338.357,9868.02,1966.29,4653.627
9945.323,1975.98,4582.098,9831.063,1966.141,4740.192,9863.723,1955.12,4550.832,8928.84,1951.155,4034.664,9612.664,1976.812,4443.226,9796.683,1992.067,4502.549,9722.633,2014.702,4566.429,9525.634,1978.241,4489.252,9799.776,2030.728,4421.268,9763.621,1981.396,4660.073,9823.629,2020.255,4595.541,9700.112,2016.508,4460.5,9992.731,1968.176,4489.936,9445.272,2008.945,4337.284,9866.238,1966.29,4653.721
9944.215,1975.98,4582.377,9829.922,1966.141,4740.275,9862.59,1955.12,4550.984,8927.696,1951.155,4034.657,9611.522,1976.812,4443.275,9795.54,1992.067,4502.516,9721.492,2014.702,4566.51,9524.491,1978.241,4489.269,9798.634,2030.728,4421.302,9762.483,1981.396,4660.18,9822.511,2020.255,4595.777,9698.976,2016.508,4460.619,9991.596,1968.176,4489.803,9444.371,2008.945,4336.581,9865.096,1966.29,4653.753
9941.684,1975.98,4583.097,9827.292,1966.141,4740.379,9859.975,1955.12,4551.274,8925.065,1951.155,4034.726,9608.891,1976.812,4443.303,9792.908,1992.067,4502.518,9718.862,2014.702,4566.611,9521.859,1978.241,4489.221,9796.002,2030.728,4421.303,9759.856,1981.396,4660.34,9819.933,2020.255,4596.3,9696.367,2016.508,4460.97,9988.992,1968.176,4489.414,9442.244,2008.945,4335.029,9862.468,1966.29,4653.892
9939.395,1975.98,4583.667,9824.934,1966.141,4740.396,9857.627,1955.12,4551.494,8922.711,1951.155,4034.866,9606.532,1976.812,4443.251,9790.551,1992.067,4502.589,9716.504,2014.702,4566.624,9519.504,1978.241,4489.102,9793.645,2030.728,4421.233,9757.499,1981.396,4660.407,9817.619,2020.255,4596.751,9694.021,2016.508,4461.21,9986.646,1968.176,4489.169,9440.294,2008.945,4333.703,9860.116,1966.29,4654.072
9936.301,1975.98,4584.331,9821.771,1966.141,4740.335,9854.474,1955.12,4551.734,8919.555,1951.155,4035.087,9603.368,1976.812,4443.285,9787.396,1992.067,4502.347,9713.361,2014.702,4566.26,9516.352,1978.241,4488.837,9790.48,2030.728,4421.239,9754.354,1981.396,4660.054,9814.511,2020.255,4597.333,9690.864,2016.508,4461.431,9983.49,1968.176,4488.944,9437.779,2008.945,4331.782,9856.97,1966.29,4654.392
9933.619,1975.98,4584.815,9819.047,1966.141,4740.401,9851.755,1955.12,4551.892,8916.845,1951.155,4035.366,9600.645,1976.812,4443.225,9784.675,1992.067,4502.219,9710.646,2014.702,4566.035,9513.636,1978.241,4489.052,9787.757,2030.728,4421.163,9751.639,1981.396,4659.838,9811.831,2020.255,4597.816,9688.142,2016.508,4461.533,9980.768,1968.176,4488.839,9435.561,2008.945,4330.2,9854.268,1966.29,4654.733
9933.083,1975.98,4584.894,9818.505,1966.141,4740.397,9851.214,1955.12,4551.913,8916.308,1951.155,4035.434,9600.104,1976.812,4443.195,9784.134,1992.067,4502.21,9710.105,2014.702,4565.994,9513.095,1978.241,4489.077,9787.216,2030.728,4421.132,9751.098,1981.396,4659.813,9811.298,2020.255,4597.909,9687.6,2016.508,4461.536,9980.228,1968.176,4488.8,9435.12,2008.945,4329.885,9853.732,1966.29,4654.814
9930.918,1975.98,4585.141,9816.327,1966.141,4740.307,9849.036,1955.12,4551.96,8914.138,1951.155,4035.637,9597.925,1976.812,4443.141,9781.955,1992.067,4502.236,9707.928,2014.702,4565.899,9510.916,1978.241,4489.106,9785.045,2030.728,4420.942,9748.919,1981.396,4659.784,9809.149,2020.255,4598.266,9685.421,2016.508,4461.477,9978.05,1968.176,4488.716,9433.419,2008.945,4328.522,9851.587,1966.29,4655.193
9928.755,1975.98,4585.315,9814.161,1966.141,4740.179,9846.867,1955.12,4551.966,8911.972,1951.155,4035.769,9595.759,1976.812,4443.016,9779.814,1992.067,4502.593,9705.763,2014.702,4565.76,9508.746,1978.241,4489.064,9782.879,2030.728,4420.822,9746.749,1981.396,4659.825,9807.008,2020.255,4598.608,9683.255,2016.508,4461.35,9975.88,1968.176,4488.704,9431.682,2008.945,4327.222,9849.461,1966.29,4655.625
9926.589,1975.98,4585.419,9812.015,1966.141,4739.87,9844.699,1955.12,4551.93,8909.804,1951.155,4035.83,9593.599,1976.812,4442.82,9777.665,1992.067,4502.879,9703.596,2014.702,4565.691,9506.58,1978.241,4488.951,9780.711,2030.728,4420.771,9744.598,1981.396,4659.553,9804.865,2020.255,4598.936,9681.094,2016.508,4461.172,9973.713,1968.176,4488.62,9429.904,2008.945,4325.98,9847.348,1966.29,4656.108
9924.427,1975.98,4585.568,9809.86,1966.141,4739.631,9842.533,1955.12,4551.853,8907.636,1951.155,4035.819,9591.447,1976.812,4442.554,9775.508,1992.067,4503.094,9701.428,2014.702,4565.694,9504.42,1978.241,4488.768,9778.543,2030.728,4420.788,9742.439,1981.396,4659.352,9802.722,2020.255,4599.251,9678.939,2016.508,4460.931,9971.574,1968.176,4488.267,9428.088,2008.945,4324.798,9845.248,1966.29,4656.646
9922.262,1975.98,4585.646,9807.7,1966.141,4739.464,9840.37,1955.12,4551.733,8905.471,1951.155,4035.738,9589.307,1976.812,4442.217,9773.346,1992.067,4503.241,9699.262,2014.702,4565.625,9502.269,1978.241,4488.514,9776.378,2030.728,4420.87,9740.301,1981.396,4659.004,9800.577,2020.255,4599.553,9676.795,2016.508,4460.625,9969.426,1968.176,4487.984,9426.25,2008.945,4323.651,9843.163,1966.29,4657.235
9920.1,1975.98,4585.653,9805.54,1966.141,4739.367,9838.209,1955.12,4551.685,8903.314,1951.155,4035.586,9587.183,1976.812,4441.812,9771.186,1992.067,4503.319,9697.104,2014.702,4565.487,9500.131,1978.241,4488.19,9774.217,2030.728,4420.914,9738.156,1981.396,4658.728,9798.43,2020.255,4599.801,9674.665,2016.508,4460.254,9967.274,1968.176,4487.771,9424.515,2008.945,4322.362,9841.083,1966.29,4657.82
9916.913,1975.98,4585.56,9802.353,1966.141,4739.329,9835.031,1955.12,4551.428,8900.144,1951.155,4035.258,9584.068,1976.812,4441.131,9767.998,1992.067,4503.335,9693.932,2014.702,4565.178,9496.996,1978.241,4487.61,9771.029,2030.728,4420.874,9734.983,1981.396,4658.423,9795.256,2020.255,4600.088,9671.51,2016.508,4459.799,9964.094,1968.176,4487.562,9421.895,2008.945,4320.545,9838.015,1966.29,4658.679
9915.139,1975.98,4585.453,9800.575,1966.141,4739.365,9833.256,1955.12,4551.343,8898.382,1951.155,4035.018,9582.345,1976.812,4440.694,9766.221,1992.067,4503.289,9692.157,2014.702,4565.064,9495.26,1978.241,4487.229,9769.253,2030.728,4420.806,9733.218,1981.396,4658.217,9793.481,2020.255,4600.19,9669.745,2016.508,4459.584,9962.317,1968.176,4487.503,9420.425,2008.945,4319.545,9836.288,1966.29,4659.102
9914.171,1975.98,4585.364,9799.604,1966.141,4739.417,9832.284,1955.12,4551.328,8897.424,1951.155,4034.855,9581.382,1976.812,4440.56,9765.25,1992.067,4503.233,9691.189,2014.702,4564.97,9494.317,1978.241,4486.99,9768.283,2030.728,4420.737,9732.252,1981.396,4658.104,9792.51,2020.255,4600.214,9668.78,2016.508,4459.468,9961.346,1968.176,4487.502,9419.604,2008.945,4319.025,9835.337,1966.29,4659.302
9910.136,1975.98,4584.892,9795.557,1966.141,4739.767,9828.222,1955.12,4551.396,8893.442,1951.155,4034.043,9577.378,1976.812,4439.868,9761.202,1992.067,4502.887,9687.163,2014.702,4564.427,9490.471,1978.241,4485.681,9764.242,2030.728,4420.316,9728.203,1981.396,4657.765,9788.446,2020.255,4600.182,9664.736,2016.508,4459.083,9957.284,1968.176,4487.632,9416.421,2008.945,4316.5,9831.336,1966.29,4660.008
9907.877,1975.98,4584.572,9793.291,1966.141,4740.037,9825.941,1955.12,4551.491,8891.223,1951.155,4033.514,9575.143,1976.812,4439.406,9758.935,1992.067,4502.63,9684.893,2014.702,4564.197,9488.287,1978.241,4485.017,9761.981,2030.728,4420.006,9725.936,1981.396,4657.51,9786.166,2020.255,4600.089,9662.479,2016.508,4458.82,9955.007,1968.176,4487.779,9414.588,2008.945,4315.14,9829.077,1966.29,4660.331
9906.27,1975.98,4584.397,9791.692,1966.141,4740.281,9824.329,1955.12,4551.609,8889.663,1951.155,4033.088,9573.569,1976.812,4439.036,9757.331,1992.067,4502.428,9683.291,2014.702,4563.979,9486.787,1978.241,4484.412,9760.373,2030.728,4419.838,9724.325,1981.396,4657.363,9784.571,2020.255,4599.821,9660.869,2016.508,4458.668,9953.391,1968.176,4487.831,9413.259,2008.945,4314.22,9827.47,1966.29,4660.507
9905.439,1975.98,4584.335,9790.874,1966.141,4740.434,9823.501,1955.12,4551.697,8888.868,1951.155,4032.843,9572.766,1976.812,4438.818,9756.504,1992.067,4502.335,9682.463,2014.702,4563.893,9486.005,1978.241,4484.126,9759.549,2030.728,4419.725,9723.505,1981.396,4657.22,9783.746,2020.255,4599.71,9660.04,2016.508,4458.6,9952.559,1968.176,4487.83,9412.567,2008.945,4313.756,9826.64,1966.29,4660.57
9902.03,1975.98,4584.189,9787.542,1966.141,4741.168,9820.121,1955.12,4552.161,8885.643,1951.155,4031.731,9569.444,1976.812,4438.036,9753.121,1992.067,4501.902,9679.082,2014.702,4563.432,9482.764,1978.241,4483.061,9756.155,2030.728,4419.372,9720.126,1981.396,4656.746,9780.352,2020.255,4599.366,9656.639,2016.508,4458.351,9949.162,1968.176,4488.158,9409.673,2008.945,4311.949,9823.23,1966.29,4660.719
9899.979,1975.98,4584.168,9785.554,1966.141,4741.676,9818.085,1955.12,4552.404,8883.726,1951.155,4030.999,9567.433,1976.812,4437.631,9751.087,1992.067,4501.64,9677.067,2014.702,4563.046,9480.803,1978.241,4482.458,9754.108,2030.728,4419.226,9718.086,1981.396,4656.527,9778.308,2020.255,4599.2,9654.592,2016.508,4458.224,9947.123,1968.176,4488.383,9407.897,2008.945,4310.92,9821.179,1966.29,4660.742
9899.262,1975.98,4584.184,9784.865,1966.141,4741.876,9817.371,1955.12,4552.476,8883.064,1951.155,4030.721,9566.726,1976.812,4437.512,9750.38,1992.067,4501.552,9676.358,2014.702,4562.934,9480.11,1978.241,4482.27,9753.395,2030.728,4419.152,9717.37,1981.396,4656.473,9777.592,2020.255,4599.156,9653.876,2016.508,4458.185,9946.408,1968.176,4488.438,9407.266,2008.945,4310.581,9820.462,1966.29,4660.726
9895.923,1975.98,4584.368,9781.686,1966.141,4742.913,9814.04,1955.12,4552.754,8880.024,1951.155,4029.326,9563.411,1976.812,4437.068,9747.061,1992.067,4501.143,9673.04,2014.702,4562.521,9476.856,1978.241,4481.499,9750.137,2030.728,4418.395,9714.029,1981.396,4656.33,9774.252,2020.255,4599.018,9650.536,2016.508,4458.041,9943.074,1968.176,4488.701,9404.126,2008.945,4309.43,9817.122,1966.29,4660.544
9892.948,1975.98,4584.628,9778.879,1966.141,4743.931,9811.062,1955.12,4552.949,8877.353,1951.155,4027.993,9560.433,1976.812,4436.86,9744.104,1992.067,4500.735,9670.066,2014.702,4562.249,9473.93,1978.241,4480.905,9747.208,2030.728,4417.812,9711.044,1981.396,4656.298,9771.268,2020.255,4598.952,9647.559,2016.508,4457.823,9940.092,1968.176,4488.846,9401.357,2008.945,4308.312,9814.147,1966.29,4660.284
9890.687,1975.98,4584.9,9776.714,1966.141,4744.637,9808.787,1955.12,4553.057,8875.349,1951.155,4026.91,9558.157,1976.812,4436.766,9741.849,1992.067,4500.419,9667.832,2014.702,4561.805,9471.684,1978.241,4480.526,9744.961,2030.728,4417.439,9708.767,1981.396,4656.346,9768.99,2020.255,4598.946,9645.293,2016.508,4457.591,9937.814,1968.176,4488.881,9399.216,2008.945,4307.536,9811.885,1966.29,4660.031
9889.089,1975.98,4585.144,9775.161,1966.141,4745.088,9807.172,1955.12,4553.104,8873.952,1951.155,4026.095,9556.544,1976.812,4436.667,9740.247,1992.067,4500.26,9666.237,2014.702,4561.54,9470.104,1978.241,4480.179,9743.358,2030.728,4417.225,9707.15,1981.396,4656.332,9767.375,2020.255,4598.972,9643.69,2016.508,4457.377,9936.198,1968.176,4488.854,9397.715,2008.945,4306.936,9810.281,1966.29,4659.833
9888.267,1975.98,4585.261,9774.356,1966.141,4745.294,9806.342,1955.12,4553.112,8873.249,1951.155,4025.653,9555.717,1976.812,4436.589,9739.423,1992.067,4500.156,9665.414,2014.702,4561.429,9469.288,1978.241,4480.028,9742.532,2030.728,4417.141,9706.32,1981.396,4656.3,9766.545,2020.255,4599,9642.871,2016.508,4457.241,9935.368,1968.176,4488.866,9396.954,2008.945,4306.602,9809.453,1966.29,4659.777
9885.744,1975.98,4585.575,9771.875,1966.141,4745.843,9803.801,1955.12,4553.091,8871.143,1951.155,4024.231,9553.181,1976.812,4436.424,9736.903,1992.067,4499.833,9662.886,2014.702,4561.17,9466.87,1978.241,4479.246,9739.997,2030.728,4416.962,9703.783,1981.396,4656.157,9764.008,2020.255,4599.135,9640.377,2016.508,4456.751,9932.827,1968.176,4488.831,9394.594,2008.945,4305.659,9806.924,1966.29,4659.53
9883.62,1975.98,4585.906,9769.763,1966.141,4746.238,9801.653,1955.12,4553.033,8869.401,1951.155,4022.97,9551.042,1976.812,4436.215,9734.771,1992.067,4499.576,9660.742,2014.702,4561.019,9464.805,1978.241,4478.651,9737.85,2030.728,4416.876,9701.641,1981.396,4655.999,9761.865,2020.255,4599.289,9638.28,2016.508,4456.28,9930.678,1968.176,4488.871,9392.581,2008.945,4304.904,9804.792,1966.29,4659.256
9881.487,1975.98,4586.17,9767.639,1966.141,4746.564,9799.508,1955.12,4552.933,8867.703,1951.155,4021.654,9548.911,1976.812,4435.936,9732.636,1992.067,4499.34,9658.595,2014.702,4560.935,9462.722,1978.241,4478.125,9735.701,2030.728,4416.854,9699.501,1981.396,4655.812,9759.726,2020.255,4599.48,9636.197,2016.508,4455.753,9928.532,1968.176,4488.981,9390.595,2008.945,4304.083,9802.649,1966.29,4659.108
9879.275,1975.98,4586.371,9765.434,1966.141,4746.83,9797.292,1955.12,4552.786,8865.758,1951.155,4020.583,9546.719,1976.812,4435.576,9730.427,1992.067,4499.121,9656.374,2014.702,4560.917,9460.593,1978.241,4477.491,9733.481,2030.728,4416.757,9697.288,1981.396,4655.628,9757.518,2020.255,4599.719,9634.028,2016.508,4455.276,9926.318,1968.176,4489.168,9388.499,2008.945,4303.347,9800.43,1966.29,4659.027
9876.542,1975.98,4586.529,9762.706,1966.141,4747.069,9794.565,1955.12,4552.552,8863.337,1951.155,4019.305,9544.015,1976.812,4435.15,9727.701,1992.067,4498.876,9653.638,2014.702,4560.981,9457.945,1978.241,4476.795,9730.744,2030.728,4416.75,9694.559,1981.396,4655.422,9754.803,2020.255,4600.061,9631.338,2016.508,4454.771,9923.6,1968.176,4489.486,9385.947,2008.945,4302.355,9797.692,1966.29,4658.989
9875.06,1975.98,4586.566,9761.226,1966.141,4747.151,9793.092,1955.12,4552.395,8862.004,1951.155,4018.656,9542.559,1976.812,4434.873,9726.222,1992.067,4498.784,9652.157,2014.702,4561.042,9456.5,1978.241,4476.466,9729.263,2030.728,4416.697,9693.083,1981.396,4655.279,9753.336,2020.255,4600.272,9629.873,2016.508,4454.544,9922.134,1968.176,4489.707,9384.551,2008.945,4301.858,9796.21,1966.29,4658.962
9872.619,1975.98,4586.623,9758.785,1966.141,4747.207,9790.657,1955.12,4552.216,8859.774,1951.155,4017.661,9540.16,1976.812,4434.414,9723.782,1992.067,4498.697,9649.721,2014.702,4561.192,9454.103,1978.241,4476.001,9726.827,2030.728,4416.53,9690.648,1981.396,4655.104,9750.909,2020.255,4600.542,9627.449,2016.508,4454.249,9919.709,1968.176,4489.99,9382.278,2008.945,4300.965,9793.775,1966.29,4658.781
9870.247,1975.98,4586.667,9756.412,1966.141,4747.184,9788.286,1955.12,4552.12,8857.577,1951.155,4016.764,9537.88,1976.812,4433.756,9721.41,1992.067,4498.646,9647.349,2014.702,4561.261,9451.789,1978.241,4475.474,9724.466,2030.728,4416.759,9688.277,1981.396,4655.012,9748.544,2020.255,4600.729,9625.086,2016.508,4454.038,9917.345,1968.176,4490.189,9380.1,2008.945,4300.025,9791.404,1966.29,4658.684
9868.625,1975.98,4586.713,9754.791,1966.141,4747.115,9786.663,1955.12,4552.107,8856.056,1951.155,4016.201,9536.307,1976.812,4433.357,9719.788,1992.067,4498.654,9645.726,2014.702,4561.255,9450.22,1978.241,4475.062,9722.847,2030.728,4416.863,9686.655,1981.396,4654.992,9746.924,2020.255,4600.814,9623.466,2016.508,4453.945,9915.734,1968.176,4490.388,9378.614,2008.945,4299.371,9789.781,1966.29,4658.67
9865.985,1975.98,4586.428,9752.144,1966.141,4746.918,9784.027,1955.12,4551.789,8853.537,1951.155,4015.361,9533.743,1976.812,4432.667,9717.135,1992.067,4498.732,9643.072,2014.702,4561.159,9447.635,1978.241,4474.458,9720.193,2030.728,4416.946,9684.001,1981.396,4655.031,9744.271,2020.255,4600.887,9620.812,2016.508,4453.879,9913.091,1968.176,4490.626,9376.222,2008.945,4298.222,9787.128,1966.29,4658.71
9864.004,1975.98,4586.07,9750.142,1966.141,4746.705,9782.021,1955.12,4551.613,8851.606,1951.155,4014.786,9531.782,1976.812,4432.206,9715.124,1992.067,4498.818,9641.063,2014.702,4561.021,9445.688,1978.241,4473.945,9718.18,2030.728,4416.943,9681.989,1981.396,4655.113,9742.257,2020.255,4600.892,9618.798,2016.508,4453.894,9911.08,1968.176,4490.742,9374.329,2008.945,4297.533,9785.116,1966.29,4658.79
9861.752,1975.98,4585.739,9747.887,1966.141,4746.39,9779.748,1955.12,4551.489,8849.404,1951.155,4014.209,9529.55,1976.812,4431.758,9712.852,1992.067,4498.934,9638.799,2014.702,4560.791,9443.489,1978.241,4473.355,9715.904,2030.728,4416.865,9679.719,1981.396,4655.266,9739.981,2020.255,4600.837,9616.523,2016.508,4453.982,9908.805,1968.176,4490.797,9372.217,2008.945,4296.686,9782.84,1966.29,4658.805
9859.754,1975.98,4585.512,9745.905,1966.141,4746.049,9777.737,1955.12,4551.444,8847.443,1951.155,4013.762,9527.566,1976.812,4431.428,9710.845,1992.067,4499.045,9636.795,2014.702,4560.632,9441.594,1978.241,4472.684,9713.894,2030.728,4416.862,9677.71,1981.396,4655.343,9737.974,2020.255,4600.725,9614.518,2016.508,4454.125,9906.794,1968.176,4490.781,9370.376,2008.945,4295.876,9780.838,1966.29,4658.995
9857.993,1975.98,4585.37,9744.175,1966.141,4745.694,9775.971,1955.12,4551.463,8845.709,1951.155,4013.427,9525.835,1976.812,4431.081,9709.083,1992.067,4499.156,9635.032,2014.702,4560.531,9439.91,1978.241,4472.149,9712.138,2030.728,4416.674,9675.944,1981.396,4655.365,9736.214,2020.255,4600.571,9612.761,2016.508,4454.306,9905.029,1968.176,4490.708,9368.719,2008.945,4295.264,9779.075,1966.29,4659.104
9855.133,1975.98,4585.232,9741.389,1966.141,4745.031,9773.109,1955.12,4551.585,8842.881,1951.155,4012.976,9523.01,1976.812,4430.609,9706.225,1992.067,4499.331,9632.171,2014.702,4560.437,9437.226,1978.241,4471.152,9709.281,2030.728,4416.464,9673.081,1981.396,4655.329,9733.37,2020.255,4600.233,9609.923,2016.508,4454.69,9902.169,1968.176,4490.56,9366.026,2008.945,4294.289,9776.213,1966.29,4659.188
9853.479,1975.98,4585.207,9739.793,1966.141,4744.598,9771.461,1955.12,4551.709,8841.24,1951.155,4012.769,9521.446,1976.812,4430.072,9704.576,1992.067,4499.445,9630.519,2014.702,4560.417,9435.658,1978.241,4470.627,9707.629,2030.728,4416.396,9671.43,1981.396,4655.262,9731.735,2020.255,4599.988,9608.292,2016.508,4454.963,9900.519,1968.176,4490.651,9364.491,2008.945,4293.675,9774.56,1966.29,4659.182
9850.847,1975.98,4585.251,9737.274,1966.141,4743.83,9768.843,1955.12,4551.992,8838.618,1951.155,4012.524,9518.93,1976.812,4429.299,9701.945,1992.067,4499.544,9627.886,2014.702,4560.472,9433.19,1978.241,4469.71,9704.996,2030.728,4416.375,9668.803,1981.396,4655.086,9729.12,2020.255,4599.683,9605.685,2016.508,4455.325,9897.886,1968.176,4490.71,9362.005,2008.945,4292.81,9771.929,1966.29,4659.086
9849.199,1975.98,4585.332,9735.713,1966.141,4743.3,9767.2,1955.12,4552.139,8836.972,1951.155,4012.425,9517.338,1976.812,4428.866,9700.296,1992.067,4499.555,9626.238,2014.702,4560.559,9431.599,1978.241,4469.279,9703.348,2030.728,4416.416,9667.161,1981.396,4654.931,9727.479,2020.255,4599.525,9604.046,2016.508,4455.507,9896.236,1968.176,4490.694,9360.466,2008.945,4292.217,9770.283,1966.29,4658.972
9847.298,1975.98,4585.487,9733.926,1966.141,4742.632,9765.298,1955.12,4552.274,8835.064,1951.155,4012.373,9515.481,1976.812,4428.426,9698.389,1992.067,4499.51,9624.338,2014.702,4560.72,9429.774,1978.241,4468.722,9701.466,2030.728,4416.726,9665.268,1981.396,4654.703,9725.577,2020.255,4599.38,9602.147,2016.508,4455.685,9894.33,1968.176,4490.612,9358.681,2008.945,4291.545,9768.386,1966.29,4658.779
9843.586,1975.98,4585.911,9730.427,1966.141,4741.321,9761.568,1955.12,4552.472,8831.328,1951.155,4012.393,9511.819,1976.812,4427.684,9694.656,1992.067,4499.373,9620.625,2014.702,4561.126,9426.168,1978.241,4467.747,9697.762,2030.728,4417.213,9661.546,1981.396,4654.377,9721.848,2020.255,4599.172,9598.436,2016.508,4456.102,9890.594,1968.176,4490.575,9355.229,2008.945,4290.114,9764.683,1966.29,4658.279
9843.062,1975.98,4585.953,9729.929,1966.141,4741.153,9761.043,1955.12,4552.49,8830.803,1951.155,4012.413,9511.296,1976.812,4427.63,9694.131,1992.067,4499.339,9620.101,2014.702,4561.167,9425.665,1978.241,4467.593,9697.238,2030.728,4417.265,9661.021,1981.396,4654.348,9721.322,2020.255,4599.153,9597.911,2016.508,4456.147,9890.068,1968.176,4490.552,9354.75,2008.945,4289.896,9764.164,1966.29,4658.192
9839.328,1975.98,4586.133,9726.351,1966.141,4740.074,9757.308,1955.12,4552.548,8827.075,1951.155,4012.677,9507.593,1976.812,4427.129,9690.402,1992.067,4499.119,9616.385,2014.702,4561.558,9422.105,1978.241,4466.456,9693.509,2030.728,4417.508,9657.284,1981.396,4654.259,9717.587,2020.255,4599.09,9594.197,2016.508,4456.555,9886.331,1968.176,4490.515,9351.313,2008.945,4288.43,9760.501,1966.29,4657.451
9836.909,1975.98,4586.17,9724.013,1966.141,4739.451,9754.889,1955.12,4552.541,8824.669,1951.155,4012.927,9505.207,1976.812,4426.726,9687.987,1992.067,4498.976,9613.984,2014.702,4561.856,9419.777,1978.241,4465.795,9691.091,2030.728,4417.587,9654.864,1981.396,4654.279,9715.168,2020.255,4599.096,9591.797,2016.508,4456.849,9883.925,1968.176,4490.769,9349.119,2008.945,4287.408,9758.146,1966.29,4656.895
9835.459,1975.98,4586.145,9722.6,1966.141,4739.124,9753.439,1955.12,4552.508,8823.232,1951.155,4013.124,9503.77,1976.812,4426.531,9686.549,1992.067,4498.79,9612.546,2014.702,4562.043,9418.427,1978.241,4465.268,9689.642,2030.728,4417.653,9653.415,1981.396,4654.336,9713.719,2020.255,4599.095,9590.353,2016.508,4456.978,9882.479,1968.176,4490.874,9347.825,2008.945,4286.752,9756.743,1966.29,4656.532
9835.086,1975.98,4586.126,9722.233,1966.141,4739.052,9753.066,1955.12,4552.493,8822.864,1951.155,4013.187,9503.399,1976.812,4426.481,9686.178,1992.067,4498.753,9612.175,2014.702,4562.08,9418.075,1978.241,4465.144,9689.269,2030.728,4417.659,9653.043,1981.396,4654.362,9713.346,2020.255,4599.094,9589.98,2016.508,4456.999,9882.106,1968.176,4490.894,9347.478,2008.945,4286.616,9756.384,1966.29,4656.432
9832.633,1975.98,4585.922,9719.804,1966.141,4738.655,9750.61,1955.12,4552.343,8820.452,1951.155,4013.68,9500.97,1976.812,4426.083,9683.722,1992.067,4498.583,9609.737,2014.702,4562.424,9415.729,1978.241,4464.4,9686.808,2030.728,4417.625,9650.594,1981.396,4654.613,9710.886,2020.255,4599.078,9587.52,2016.508,4457.057,9879.646,1968.176,4490.948,9345.167,2008.945,4285.768,9754.028,1966.29,4655.718
9831.466,1975.98,4585.787,9718.639,1966.141,4738.503,9749.439,1955.12,4552.248,8819.309,1951.155,4013.953,9499.811,1976.812,4425.89,9682.548,1992.067,4498.536,9608.568,2014.702,4562.55,9414.605,1978.241,4464.054,9685.634,2030.728,4417.574,9649.429,1981.396,4654.769,9709.711,2020.255,4599.068,9586.345,2016.508,4457.065,9878.471,1968.176,4490.935,9344.074,2008.945,4285.336,9752.911,1966.29,4655.353
9827.947,1975.98,4585.389,9715.114,1966.141,4738.162,9745.918,1955.12,4551.893,8815.894,1951.155,4014.887,9496.3,1976.812,4425.425,9679.008,1992.067,4498.5,9605.04,2014.702,4562.845,9411.189,1978.241,4463.123,9682.103,2030.728,4417.317,9645.934,1981.396,4655.334,9706.172,2020.255,4599.028,9582.804,2016.508,4457.058,9874.933,1968.176,4490.781,9340.787,2008.945,4284.021,9749.571,1966.29,4654.179
9827.623,1975.98,4585.362,9714.791,1966.141,4738.12,9745.595,1955.12,4551.854,8815.582,1951.155,4014.984,9495.979,1976.812,4425.372,9678.683,1992.067,4498.506,9604.715,2014.702,4562.862,9410.873,1978.241,4463.048,9681.778,2030.728,4417.284,9645.612,1981.396,4655.38,9705.847,2020.255,4599.023,9582.479,2016.508,4457.067,9874.607,1968.176,4490.79,9340.489,2008.945,4283.89,9749.263,1966.29,4654.077
9826.969,1975.98,4585.368,9714.145,1966.141,4738.015,9744.947,1955.12,4551.762,8814.964,1951.155,4015.197,9495.343,1976.812,4425.216,9678.028,1992.067,4498.498,9604.061,2014.702,4562.874,9410.231,1978.241,4462.917,9681.125,2030.728,4417.238,9644.964,1981.396,4655.467,9705.192,2020.255,4599.013,9581.825,2016.508,4457.109,9873.953,1968.176,4490.787,9339.861,2008.945,4283.706,9748.638,1966.29,4653.883
9824.397,1975.98,4585.332,9711.621,1966.141,4737.521,9742.41,1955.12,4551.348,8812.562,1951.155,4016.116,9492.826,1976.812,4424.687,9675.459,1992.067,4498.379,9601.489,2014.702,4562.835,9407.676,1978.241,4462.634,9678.568,2030.728,4416.959,9642.418,1981.396,4655.833,9702.622,2020.255,4598.968,9579.266,2016.508,4457.355,9871.404,1968.176,4490.442,9337.419,2008.945,4282.902,9746.168,1966.29,4653.171
9823.131,1975.98,4585.273,9710.386,1966.141,4737.237,9741.163,1955.12,4551.118,8811.393,1951.155,4016.607,9491.577,1976.812,4424.466,9674.195,1992.067,4498.279,9600.222,2014.702,4562.858,9406.421,1978.241,4462.453,9677.304,2030.728,4416.861,9641.16,1981.396,4655.987,9701.354,2020.255,4598.944,9578,2016.508,4457.436,9870.143,1968.176,4490.313,9336.229,2008.945,4282.466,9744.943,1966.29,4652.843
9821.832,1975.98,4585.169,9709.107,1966.141,4736.987,9739.875,1955.12,4550.924,8810.209,1951.155,4017.151,9490.288,1976.812,4424.282,9672.895,1992.067,4498.218,9598.925,2014.702,4562.977,9405.139,1978.241,4462.225,9676.003,2030.728,4416.8,9639.862,1981.396,4656.103,9700.054,2020.255,4598.889,9576.698,2016.508,4457.476,9868.852,1968.176,4490.138,9335.021,2008.945,4281.979,9743.679,1966.29,4652.532
9819.642,1975.98,4584.923,9706.935,1966.141,4736.617,9737.721,1955.12,4550.458,8808.237,1951.155,4018.137,9488.157,1976.812,4423.718,9670.69,1992.067,4498.183,9596.725,2014.702,4563.104,9402.982,1978.241,4461.768,9673.8,2030.728,4416.765,9637.662,1981.396,4656.227,9697.854,2020.255,4598.747,9574.494,2016.508,4457.474,9866.659,1968.176,4489.914,9332.959,2008.945,4281.198,9741.529,1966.29,4652.047
9817.796,1975.98,4584.719,9705.096,1966.141,4736.357,9735.895,1955.12,4550.125,8806.604,1951.155,4019.021,9486.348,1976.812,4423.301,9668.835,1992.067,4498.244,9594.878,2014.702,4563.297,9401.147,1978.241,4461.484,9671.943,2030.728,4416.79,9635.806,1981.396,4656.271,9696.005,2020.255,4598.585,9572.639,2016.508,4457.413,9864.815,1968.176,4489.697,9331.191,2008.945,4280.629,9739.711,1966.29,4651.676
9817.027,1975.98,4584.609,9704.325,1966.141,4736.263,9735.127,1955.12,4550.01,8805.935,1951.155,4019.413,9485.586,1976.812,4423.152,9668.059,1992.067,4498.244,9594.104,2014.702,4563.353,9400.385,1978.241,4461.34,9671.168,2030.728,4416.82,9635.029,1981.396,4656.263,9695.233,2020.255,4598.5,9571.862,2016.508,4457.409,9864.048,1968.176,4489.582,9330.461,2008.945,4280.367,9738.947,1966.29,4651.537
9816.359,1975.98,4584.491,9703.649,1966.141,4736.202,9734.46,1955.12,4549.889,8805.36,1951.155,4019.774,9484.913,1976.812,4423.067,9667.381,1992.067,4498.221,9593.426,2014.702,4563.379,9399.723,1978.241,4461.192,9670.491,2030.728,4416.839,9634.352,1981.396,4656.235,9694.562,2020.255,4598.412,9571.185,2016.508,4457.403,9863.381,1968.176,4489.458,9329.83,2008.945,4280.117,9738.278,1966.29,4651.429
9815.627,1975.98,4584.336,9702.904,1966.141,4736.13,9733.72,1955.12,4549.778,8804.74,1951.155,4020.193,9484.167,1976.812,4423.01,9666.634,1992.067,4498.172,9592.678,2014.702,4563.383,9398.998,1978.241,4461.006,9669.744,2030.728,4416.868,9633.604,1981.396,4656.196,9693.822,2020.255,4598.298,9570.437,2016.508,4457.417,9862.649,1968.176,4489.299,9329.128,2008.945,4279.856,9737.537,1966.29,4651.325
9813.727,1975.98,4583.739,9700.924,1966.141,4735.923,9731.741,1955.12,4549.55,8803.128,1951.155,4021.361,9482.188,1976.812,4422.792,9664.655,1992.067,4497.944,9590.687,2014.702,4563.33,9397.054,1978.241,4460.573,9667.757,2030.728,4417.001,9631.62,1981.396,4656.029,9691.861,2020.255,4597.955,9568.447,2016.508,4457.518,9860.722,1968.176,4488.798,9327.284,2008.945,4279.103,9735.56,1966.29,4651.091
9813.12,1975.98,4583.57,9700.3,1966.141,4735.837,9731.118,1955.12,4549.457,8802.631,1951.155,4021.747,9481.56,1976.812,4422.744,9664.028,1992.067,4497.89,9590.058,2014.702,4563.292,9396.435,1978.241,4460.456,9667.128,2030.728,4417.024,9630.995,1981.396,4655.956,9691.244,2020.255,4597.833,9567.819,2016.508,4457.568,9860.118,1968.176,4488.62,9326.699,2008.945,4278.869,9734.933,1966.29,4651.031
9811.866,1975.98,4583.264,9699.017,1966.141,4735.703,9729.828,1955.12,4549.42,8801.638,1951.155,4022.571,9480.271,1976.812,4422.669,9662.74,1992.067,4497.818,9588.772,2014.702,4563.174,9395.161,1978.241,4460.244,9665.838,2030.728,4417.034,9629.715,1981.396,4655.79,9689.983,2020.255,4597.558,9566.537,2016.508,4457.713,9858.869,1968.176,4488.295,9325.466,2008.945,4278.488,9733.646,1966.29,4650.935
9810.674,1975.98,4583.015,9697.81,1966.141,4735.537,9728.612,1955.12,4549.346,8800.726,1951.155,4023.38,9479.054,1976.812,4422.638,9661.522,1992.067,4497.786,9587.557,2014.702,4563.102,9393.953,1978.241,4460.083,9664.62,2030.728,4417.007,9628.517,1981.396,4655.567,9688.799,2020.255,4597.273,9565.322,2016.508,4457.81,9857.69,1968.176,4487.985,9324.314,2008.945,4278.09,9732.429,1966.29,4650.872
9809.876,1975.98,4582.875,9697.018,1966.141,4735.369,9727.804,1955.12,4549.386,8800.138,1951.155,4023.936,9478.247,1976.812,4422.711,9660.713,1992.067,4497.788,9586.747,2014.702,4563.092,9393.154,1978.241,4459.948,9663.812,2030.728,4416.966,9627.716,1981.396,4655.445,9688.016,2020.255,4597.069,9564.514,2016.508,4457.849,9856.901,1968.176,4487.806,9323.559,2008.945,4277.801,9731.619,1966.29,4650.848
9808.148,1975.98,4582.63,9695.3,1966.141,4735.062,9726.061,1955.12,4549.438,8798.832,1951.155,4025.094,9476.506,1976.812,4422.814,9658.97,1992.067,4497.845,9585.004,2014.702,4563.015,9391.426,1978.241,4459.714,9662.073,2030.728,4416.825,9626.007,1981.396,4655.093,9686.327,2020.255,4596.635,9562.77,2016.508,4457.877,9855.188,1968.176,4487.474,9321.95,2008.945,4277.125,9729.875,1966.29,4650.837
9807.206,1975.98,4582.518,9694.37,1966.141,4734.873,9725.112,1955.12,4549.449,8798.102,1951.155,4025.699,9475.558,1976.812,4422.839,9658.022,1992.067,4497.904,9584.058,2014.702,4562.942,9390.481,1978.241,4459.618,9661.13,2030.728,4416.72,9625.071,1981.396,4654.932,9685.408,2020.255,4596.402,9561.821,2016.508,4457.864,9854.252,1968.176,4487.324,9321.045,2008.945,4276.841,9728.927,1966.29,4650.853
9806.999,1975.98,4582.498,9694.167,1966.141,4734.825,9724.904,1955.12,4549.448,8797.937,1951.155,4025.827,9475.35,1976.812,4422.837,9657.815,1992.067,4497.923,9583.851,2014.702,4562.919,9390.275,1978.241,4459.59,9660.924,2030.728,4416.691,9624.867,1981.396,4654.89,9685.206,2020.255,4596.352,9561.613,2016.508,4457.854,9854.048,1968.176,4487.285,9320.849,2008.945,4276.772,9728.719,1966.29,4650.861
9805.553,1975.98,4582.582,9692.776,1966.141,4734.419,9723.456,1955.12,4549.409,8796.763,1951.155,4026.677,9473.901,1976.812,4422.78,9656.369,1992.067,4498.009,9582.405,2014.702,4562.818,9388.837,1978.241,4459.415,9659.483,2030.728,4416.535,9623.443,1981.396,4654.618,9683.8,2020.255,4596.005,9560.169,2016.508,4457.74,9852.62,1968.176,4487.036,9319.485,2008.945,4276.281,9727.272,1966.29,4650.953
9804.67,1975.98,4582.604,9691.921,1966.141,4734.2,9722.574,1955.12,4549.368,8796.031,1951.155,4027.172,9473.021,1976.812,4422.717,9655.486,1992.067,4498.032,9581.526,2014.702,4562.728,9387.964,1978.241,4459.28,9658.603,2030.728,4416.467,9622.582,1981.396,4654.424,9682.942,2020.255,4595.797,9559.291,2016.508,4457.643,9851.745,1968.176,4486.914,9318.665,2008.945,4275.955,9726.393,1966.29,4651.03
9804.081,1975.98,4582.6,9691.335,1966.141,4734.144,9721.987,1955.12,4549.329,8795.533,1951.155,4027.486,9472.435,1976.812,4422.655,9654.897,1992.067,4498.028,9580.942,2014.702,4562.655,9387.386,1978.241,4459.17,9658.015,2030.728,4416.434,9621.995,1981.396,4654.385,9682.37,2020.255,4595.66,9558.708,2016.508,4457.56,9851.165,1968.176,4486.813,9318.125,2008.945,4275.719,9725.808,1966.29,4651.096
9802.944,1975.98,4582.669,9690.198,1966.141,4734.072,9720.854,1955.12,4549.232,8794.55,1951.155,4028.06,9471.307,1976.812,4422.499,9653.76,1992.067,4497.983,9579.806,2014.702,4562.594,9386.264,1978.241,4458.977,9656.876,2030.728,4416.403,9620.862,1981.396,4654.272,9681.263,2020.255,4595.397,9557.587,2016.508,4457.362,9850.063,1968.176,4486.529,9317.097,2008.945,4275.23,9724.676,1966.29,4651.211
9802.393,1975.98,4582.685,9689.646,1966.141,4734.055,9720.305,1955.12,4549.174,8794.064,1951.155,4028.323,9470.763,1976.812,4422.405,9653.209,1992.067,4497.944,9579.256,2014.702,4562.546,9385.723,1978.241,4458.866,9656.324,2030.728,4416.389,9620.315,1981.396,4654.199,9680.726,2020.255,4595.271,9557.047,2016.508,4457.25,9849.54,1968.176,4486.351,9316.606,2008.945,4274.977,9724.126,1966.29,4651.261
9801.304,1975.98,4582.681,9688.558,1966.141,4734.058,9719.225,1955.12,4549.038,8793.09,1951.155,4028.81,9469.682,1976.812,4422.272,9652.126,1992.067,4497.83,9578.175,2014.702,4562.416,9384.664,1978.241,4458.611,9655.235,2030.728,4416.389,9619.231,1981.396,4654.091,9679.665,2020.255,4595.026,9555.988,2016.508,4456.993,9848.499,1968.176,4486.032,9315.623,2008.945,4274.509,9723.041,1966.29,4651.348
9800.532,1975.98,4582.699,9687.786,1966.141,4734.084,9718.461,1955.12,4548.926,8792.389,1951.155,4029.132,9468.919,1976.812,4422.153,9651.356,1992.067,4497.772,9577.412,2014.702,4562.299,9383.917,1978.241,4458.417,9654.464,2030.728,4416.366,9618.461,1981.396,4654.04,9678.913,2020.255,4594.854,9555.233,2016.508,4456.833,9847.754,1968.176,4485.83,9314.884,2008.945,4274.287,9722.271,1966.29,4651.401
9799.999,1975.98,4582.727,9687.254,1966.141,4734.121,9717.935,1955.12,4548.837,8791.896,1951.155,4029.339,9468.395,1976.812,4422.053,9650.823,1992.067,4497.748,9576.879,2014.702,4562.271,9383.397,1978.241,4458.295,9653.931,2030.728,4416.334,9617.929,1981.396,4654.007,9678.393,2020.255,4594.736,9554.715,2016.508,4456.707,9847.234,1968.176,4485.708,9314.378,2008.945,4274.117,9721.739,1966.29,4651.431
9799.347,1975.98,4582.779,9686.603,1966.141,4734.186,9717.292,1955.12,4548.714,8791.285,1951.155,4029.573,9467.756,1976.812,4421.91,9650.169,1992.067,4497.737,9576.227,2014.702,4562.214,9382.756,1978.241,4458.167,9653.279,2030.728,4416.276,9617.274,1981.396,4653.988,9677.754,2020.255,4594.593,9554.077,2016.508,4456.562,9846.593,1968.176,4485.578,9313.765,2008.945,4273.889,9721.086,1966.29,4651.46
9798.363,1975.98,4582.888,9685.621,1966.141,4734.317,9716.324,1955.12,4548.509,8790.35,1951.155,4029.896,9466.79,1976.812,4421.694,9649.18,1992.067,4497.751,9575.243,2014.702,4562.098,9381.792,1978.241,4457.94,9652.297,2030.728,4416.16,9616.286,1981.396,4653.926,9676.788,2020.255,4594.378,9553.117,2016.508,4456.321,9845.616,1968.176,4485.414,9312.828,2008.945,4273.567,9720.097,1966.29,4651.493
9797.69,1975.98,4582.982,9684.951,1966.141,4734.43,9715.663,1955.12,4548.354,8789.7,1951.155,4030.096,9466.132,1976.812,4421.524,9648.501,1992.067,4497.78,9574.571,2014.702,4561.997,9381.123,1978.241,4457.824,9651.625,2030.728,4416.06,9615.607,1981.396,4653.906,9676.125,2020.255,4594.233,9552.453,2016.508,4456.178,9844.943,1968.176,4485.324,9312.181,2008.945,4273.36,9719.418,1966.29,4651.506
9797.223,1975.98,4583.032,9684.49,1966.141,4734.522,9715.208,1955.12,4548.237,8789.247,1951.155,4030.22,9465.673,1976.812,4421.421,9648.032,1992.067,4497.814,9574.109,2014.702,4561.911,9380.663,1978.241,4457.729,9651.162,2030.728,4415.977,9615.139,1981.396,4653.942,9675.666,2020.255,4594.133,9551.99,2016.508,4456.094,9844.476,1968.176,4485.276,9311.738,2008.945,4273.203,9718.948,1966.29,4651.509
9796.647,1975.98,4583.074,9683.929,1966.141,4734.655,9714.652,1955.12,4548.083,8788.686,1951.155,4030.354,9465.131,1976.812,4421.224,9647.458,1992.067,4497.874,9573.546,2014.702,4561.788,9380.093,1978.241,4457.639,9650.598,2030.728,4415.858,9614.563,1981.396,4653.968,9675.103,2020.255,4594.011,9551.42,2016.508,4456.01,9843.9,1968.176,4485.237,9311.201,2008.945,4272.991,9718.372,1966.29,4651.504
9795.79,1975.98,4583.109,9683.101,1966.141,4734.879,9713.831,1955.12,4547.835,8787.845,1951.155,4030.526,9464.315,1976.812,4420.956,9646.602,1992.067,4497.933,9572.714,2014.702,4561.577,9379.25,1978.241,4457.479,9649.752,2030.728,4415.709,9613.704,1981.396,4653.979,9674.264,2020.255,4593.832,9550.567,2016.508,4455.912,9843.043,1968.176,4485.206,9310.396,2008.945,4272.694,9717.515,1966.29,4651.485
9795.387,1975.98,4583.113,9682.708,1966.141,4734.971,9713.447,1955.12,4547.71,8787.447,1951.155,4030.594,9463.923,1976.812,4420.862,9646.198,1992.067,4497.948,9572.319,2014.702,4561.492,9378.856,1978.241,4457.39,9649.354,2030.728,4415.65,9613.301,1981.396,4653.97,9673.868,2020.255,4593.756,9550.169,2016.508,4455.853,9842.64,1968.176,4485.203,9310.021,2008.945,4272.542,9717.112,1966.29,4651.463
9794.796,1975.98,4583.098,9682.129,1966.141,4735.088,9712.889,1955.12,4547.516,8786.861,1951.155,4030.675,9463.353,1976.812,4420.705,9645.607,1992.067,4497.95,9571.746,2014.702,4561.349,9378.284,1978.241,4457.242,9648.768,2030.728,4415.57,9612.71,1981.396,4653.938,9673.285,2020.255,4593.656,9549.587,2016.508,4455.748,9842.049,1968.176,4485.217,9309.481,2008.945,4272.302,9716.523,1966.29,4651.412
9793.824,1975.98,4583.042,9681.169,1966.141,4735.249,9711.977,1955.12,4547.176,8785.893,1951.155,4030.775,9462.423,1976.812,4420.417,9644.634,1992.067,4497.922,9570.812,2014.702,4561.075,9377.35,1978.241,4456.967,9647.808,2030.728,4415.408,9611.74,1981.396,4653.854,9672.322,2020.255,4593.512,9548.629,2016.508,4455.571,9841.076,1968.176,4485.271,9308.544,2008.945,4272.038,9715.557,1966.29,4651.294
9792.77,1975.98,4582.947,9680.119,1966.141,4735.389,9710.992,1955.12,4546.785,8784.836,1951.155,4030.85,9461.422,1976.812,4420.07,9643.577,1992.067,4497.857,9569.786,2014.702,4560.81,9376.344,1978.241,4456.635,9646.77,2030.728,4415.197,9610.688,1981.396,4653.739,9671.272,2020.255,4593.376,9547.594,2016.508,4455.345,9840.021,1968.176,4485.364,9307.534,2008.945,4271.717,9714.51,1966.29,4651.133
9792.563,1975.98,4582.922,9679.912,1966.141,4735.41,9710.801,1955.12,4546.704,8784.628,1951.155,4030.858,9461.228,1976.812,4419.995,9643.37,1992.067,4497.838,9569.586,2014.702,4560.751,9376.148,1978.241,4456.563,9646.566,2030.728,4415.148,9610.481,1981.396,4653.709,9671.065,2020.255,4593.354,9547.392,2016.508,4455.293,9839.813,1968.176,4485.376,9307.338,2008.945,4271.648,9714.305,1966.29,4651.094
9792.26,1975.98,4582.875,9679.606,1966.141,4735.431,9710.521,1955.12,4546.579,8784.322,1951.155,4030.86,9460.945,1976.812,4419.876,9643.066,1992.067,4497.799,9569.289,2014.702,4560.677,9375.864,1978.241,4456.448,9646.271,2030.728,4415.068,9610.18,1981.396,4653.656,9670.761,2020.255,4593.327,9547.098,2016.508,4455.208,9839.508,1968.176,4485.383,9307.053,2008.945,4271.537,9714.006,1966.29,4651.028
9791.172,1975.98,4582.667,9678.5,1966.141,4735.47,9709.521,1955.12,4546.104,8783.216,1951.155,4030.829,9459.912,1976.812,4419.479,9641.97,1992.067,4497.646,9568.206,2014.702,4560.445,9374.843,1978.241,4456.021,9645.228,2030.728,4414.698,9609.084,1981.396,4653.499,9669.658,2020.255,4593.228,9546.048,2016.508,4454.856,9838.402,1968.176,4485.444,9306.003,2008.945,4271.185,9712.921,1966.29,4650.811
9790.308,1975.98,4582.474,9677.614,1966.141,4735.473,9708.73,1955.12,4545.706,8782.332,1951.155,4030.776,9459.113,1976.812,4419.096,9641.098,1992.067,4497.495,9567.335,2014.702,4560.288,9374.015,1978.241,4455.707,9644.384,2030.728,4414.43,9608.204,1981.396,4653.4,9668.776,2020.255,4593.148,9545.209,2016.508,4454.574,9837.521,1968.176,4485.522,9305.173,2008.945,4270.876,9712.049,1966.29,4650.657
9789.52,1975.98,4582.27,9676.801,1966.141,4735.449,9708.012,1955.12,4545.324,8781.521,1951.155,4030.701,9458.369,1976.812,4418.769,9640.301,1992.067,4497.33,9566.539,2014.702,4560.118,9373.264,1978.241,4455.394,9643.608,2030.728,4414.185,9607.394,1981.396,4653.336,9667.967,2020.255,4593.075,9544.43,2016.508,4454.339,9836.713,1968.176,4485.62,9304.42,2008.945,4270.568,9711.245,1966.29,4650.533
9787.89,1975.98,4581.905,9675.134,1966.141,4735.346,9706.555,1955.12,4544.508,8779.864,1951.155,4030.491,9456.819,1976.812,4418.146,9638.663,1992.067,4497.003,9564.919,2014.702,4559.715,9371.668,1978.241,4454.903,9642.049,2030.728,4413.587,9605.726,1981.396,4653.256,9666.305,2020.255,4592.923,9542.815,2016.508,4453.911,9835.05,1968.176,4485.766,9302.862,2008.945,4269.967,9709.59,1966.29,4650.314
9786.867,1975.98,4581.71,9674.098,1966.141,4735.248,9705.655,1955.12,4543.986,8778.837,1951.155,4030.327,9455.842,1976.812,4417.79,9637.647,1992.067,4496.778,9563.918,2014.702,4559.431,9370.684,1978.241,4454.564,9641.065,2030.728,4413.247,9604.686,1981.396,4653.238,9665.269,2020.255,4592.828,9541.803,2016.508,4453.673,9834.011,1968.176,4485.823,9301.904,2008.945,4269.561,9708.556,1966.29,4650.202
9786.664,1975.98,4581.665,9673.891,1966.141,4735.222,9705.475,1955.12,4543.883,8778.633,1951.155,4030.288,9455.644,1976.812,4417.725,9637.445,1992.067,4496.729,9563.72,2014.702,4559.367,9370.489,1978.241,4454.49,9640.866,2030.728,4413.185,9604.478,1981.396,4653.24,9665.062,2020.255,4592.804,9541.599,2016.508,4453.631,9833.803,1968.176,4485.828,9301.715,2008.945,4269.473,9708.349,1966.29,4650.184
9785.699,1975.98,4581.512,9672.926,1966.141,4735.067,9704.611,1955.12,4543.425,8777.681,1951.155,4030.071,9454.691,1976.812,4417.504,9636.504,1992.067,4496.466,9562.799,2014.702,4559.04,9369.588,1978.241,4454.113,9639.925,2030.728,4412.924,9603.501,1981.396,4653.218,9664.094,2020.255,4592.67,9540.633,2016.508,4453.486,9832.826,1968.176,4485.818,9300.788,2008.945,4269.164,9707.374,1966.29,4650.123
9784.702,1975.98,4581.321,9671.929,1966.141,4734.875,9703.698,1955.12,4542.979,8776.698,1951.155,4029.813,9453.71,1976.812,4417.243,9635.518,1992.067,4496.222,9561.831,2014.702,4558.73,9368.664,1978.241,4453.69,9638.953,2030.728,4412.629,9602.486,1981.396,4653.165,9663.091,2020.255,4592.508,9539.634,2016.508,4453.303,9831.812,1968.176,4485.774,9299.836,2008.945,4268.812,9706.359,1966.29,4650.083
9782.623,1975.98,4580.851,9669.851,1966.141,4734.402,9701.754,1955.12,4542.107,8774.655,1951.155,4029.206,9451.67,1976.812,4416.627,9633.467,1992.067,4495.643,9559.782,2014.702,4558.145,9366.732,1978.241,4452.79,9636.896,2030.728,4412.074,9600.362,1981.396,4652.985,9660.995,2020.255,4592.123,9537.551,2016.508,4452.851,9829.687,1968.176,4485.613,9297.862,2008.945,4268.006,9704.229,1966.29,4650.049
9782.08,1975.98,4580.747,9669.315,1966.141,4734.262,9701.242,1955.12,4541.897,8774.131,1951.155,4029.031,9451.146,1976.812,4416.45,9632.939,1992.067,4495.475,9559.248,2014.702,4558.002,9366.231,1978.241,4452.555,9636.357,2030.728,4411.946,9599.813,1981.396,4652.92,9660.454,2020.255,4592.004,9537.015,2016.508,4452.716,9829.137,1968.176,4485.553,9297.332,2008.945,4267.847,9703.676,1966.29,4650.022
9781.853,1975.98,4580.695,9669.092,1966.141,4734.196,9701.023,1955.12,4541.815,8773.912,1951.155,4028.95,9450.923,1976.812,4416.38,9632.713,1992.067,4495.418,9559.024,2014.702,4557.936,9366.023,1978.241,4452.45,9636.133,2030.728,4411.884,9599.582,1981.396,4652.886,9660.229,2020.255,4591.947,9536.791,2016.508,4452.652,9828.906,1968.176,4485.521,9297.111,2008.945,4267.773,9703.443,1966.29,4650.003
9779.681,1975.98,4580.129,9666.962,1966.141,4733.489,9698.896,1955.12,4541.101,8771.834,1951.155,4028.102,9448.806,1976.812,4415.636,9630.504,1992.067,4495.025,9556.857,2014.702,4557.354,9363.991,1978.241,4451.499,9633.95,2030.728,4411.363,9597.374,1981.396,4652.483,9658.072,2020.255,4591.327,9534.654,2016.508,4451.965,9826.676,1968.176,4485.274,9295.009,2008.945,4266.989,9701.214,1966.29,4649.748
9778.316,1975.98,4579.979,9665.646,1966.141,4733.1,9697.582,1955.12,4540.707,8770.547,1951.155,4027.625,9447.526,1976.812,4415.139,9629.158,1992.067,4494.755,9555.522,2014.702,4557.036,9362.744,1978.241,4450.925,9632.606,2030.728,4411.087,9596.032,1981.396,4652.194,9656.797,2020.255,4590.82,9533.362,2016.508,4451.503,9825.317,1968.176,4485.079,9293.739,2008.945,4266.467,9699.856,1966.29,4649.547
9777.686,1975.98,4579.888,9665.041,1966.141,4732.899,9696.974,1955.12,4540.518,8769.942,1951.155,4027.424,9446.94,1976.812,4414.889,9628.538,1992.067,4494.609,9554.905,2014.702,4556.878,9362.175,1978.241,4450.64,9631.979,2030.728,4410.976,9595.414,1981.396,4652.04,9656.213,2020.255,4590.565,9532.759,2016.508,4451.299,9824.69,1968.176,4484.967,9293.154,2008.945,4266.215,9699.229,1966.29,4649.433
9776.177,1975.98,4579.621,9663.604,1966.141,4732.37,9695.497,1955.12,4540.11,8768.475,1951.155,4026.987,9445.514,1976.812,4414.333,9627.06,1992.067,4494.21,9553.43,2014.702,4556.47,9360.784,1978.241,4449.998,9630.477,2030.728,4410.684,9593.94,1981.396,4651.621,9654.813,2020.255,4589.943,9531.324,2016.508,4450.764,9823.191,1968.176,4484.65,9291.699,2008.945,4265.735,9697.732,1966.29,4649.111
9774.788,1975.98,4579.328,9662.256,1966.141,4731.923,9694.161,1955.12,4539.63,8767.102,1951.155,4026.627,9444.209,1976.812,4413.774,9625.702,1992.067,4493.796,9552.074,2014.702,4556.048,9359.505,1978.241,4449.382,9629.093,2030.728,4410.369,9592.588,1981.396,4651.189,9653.498,2020.255,4589.409,9529.979,2016.508,4450.311,9821.813,1968.176,4484.312,9290.366,2008.945,4265.247,9696.355,1966.29,4648.767
9773.461,1975.98,4579.002,9660.946,1966.141,4731.536,9692.861,1955.12,4539.21,8765.77,1951.155,4026.323,9442.935,1976.812,4413.282,9624.409,1992.067,4493.354,9550.783,2014.702,4555.603,9358.245,1978.241,4448.852,9627.771,2030.728,4410.021,9591.301,1981.396,4650.731,9652.227,2020.255,4588.91,9528.67,2016.508,4449.918,9820.497,1968.176,4483.942,9289.1,2008.945,4264.735,9695.042,1966.29,4648.393
9772.336,1975.98,4578.687,9659.815,1966.141,4731.242,9691.738,1955.12,4538.886,8764.622,1951.155,4026.102,9441.858,1976.812,4412.826,9623.316,1992.067,4492.941,9549.677,2014.702,4555.234,9357.184,1978.241,4448.364,9626.624,2030.728,4409.8,9590.213,1981.396,4650.305,9651.153,2020.255,4588.448,9527.563,2016.508,4449.545,9819.359,1968.176,4483.677,9288.031,2008.945,4264.263,9693.929,1966.29,4648.036
9771.123,1975.98,4578.303,9658.574,1966.141,4730.961,9690.538,1955.12,4538.466,8763.366,1951.155,4025.901,9440.679,1976.812,4412.35,9622.143,1992.067,4492.452,9548.477,2014.702,4554.815,9356.046,1978.241,4447.795,9625.384,2030.728,4409.518,9589.044,1981.396,4649.804,9649.932,2020.255,4588.094,9526.371,2016.508,4449.101,9818.131,1968.176,4483.347,9286.843,2008.945,4263.811,9692.73,1966.29,4647.608
9769.402,1975.98,4577.696,9656.809,1966.141,4730.501,9688.806,1955.12,4537.894,8761.556,1951.155,4025.673,9438.967,1976.812,4411.719,9620.436,1992.067,4491.806,9546.772,2014.702,4554.164,9354.441,1978.241,4446.927,9623.619,2030.728,4409.055,9587.39,1981.396,4649.034,9648.156,2020.255,4587.671,9524.642,2016.508,4448.519,9816.385,1968.176,4482.817,9285.159,2008.945,4263.106,9691.033,1966.29,4646.938
9767.73,1975.98,4577.167,9655.127,1966.141,4730.005,9687.123,1955.12,4537.397,8759.81,1951.155,4025.51,9437.264,1976.812,4411.302,9618.831,1992.067,4491.099,9545.116,2014.702,4553.588,9352.873,1978.241,4446.143,9621.924,2030.728,4408.604,9585.796,1981.396,4648.304,9646.465,2020.255,4587.208,9522.998,2016.508,4447.907,9814.676,1968.176,4482.423,9283.564,2008.945,4262.377,9689.407,1966.29,4646.282
9765.519,1975.98,4576.369,9652.894,1966.141,4729.269,9684.848,1955.12,4536.806,8757.462,1951.155,4025.369,9434.999,1976.812,4410.669,9616.649,1992.067,4490.222,9542.873,2014.702,4552.883,9350.736,1978.241,4445.161,9619.662,2030.728,4407.961,9583.662,1981.396,4647.318,9644.218,2020.255,4586.515,9520.769,2016.508,4447.16,9812.343,1968.176,4482.128,9281.484,2008.945,4261.279,9687.256,1966.29,4645.332
9765.227,1975.98,4576.274,9652.605,1966.141,4729.163,9684.549,1955.12,4536.739,8757.155,1951.155,4025.36,9434.706,1976.812,4410.577,9616.361,1992.067,4490.117,9542.583,2014.702,4552.784,9350.454,1978.241,4445.042,9619.37,2030.728,4407.868,9583.386,1981.396,4647.185,9643.928,2020.255,4586.415,9520.475,2016.508,4447.072,9812.04,1968.176,4482.08,9281.22,2008.945,4261.125,9686.979,1966.29,4645.199
9764.618,1975.98,4576.099,9652.018,1966.141,4728.927,9683.927,1955.12,4536.62,8756.521,1951.155,4025.364,9434.108,1976.812,4410.367,9615.798,1992.067,4489.828,9541.987,2014.702,4552.57,9349.883,1978.241,4444.769,9618.773,2030.728,4407.656,9582.82,1981.396,4646.899,9643.334,2020.255,4586.193,9519.862,2016.508,4446.91,9811.418,1968.176,4481.959,9280.662,2008.945,4260.824,9686.394,1966.29,4644.958
9762.236,1975.98,4575.083,9649.647,1966.141,4727.885,9681.37,1955.12,4536.213,8753.934,1951.155,4025.462,9431.581,1976.812,4409.805,9613.457,1992.067,4488.721,9539.526,2014.702,4551.765,9347.512,1978.241,4443.727,9616.364,2030.728,4406.707,9580.497,1981.396,4645.777,9640.842,2020.255,4585.489,9517.382,2016.508,4446.168,9808.894,1968.176,4481.383,9278.345,2008.945,4259.67,9684.032,1966.29,4643.895
9760.986,1975.98,4574.598,9648.438,1966.141,4727.307,9680.05,1955.12,4535.983,8752.597,1951.155,4025.557,9430.282,1976.812,4409.471,9612.227,1992.067,4488.188,9538.267,2014.702,4551.306,9346.268,1978.241,4443.228,9615.205,2030.728,4406.034,9579.271,1981.396,4645.233,9639.564,2020.255,4585.083,9516.11,2016.508,4445.742,9807.597,1968.176,4481.042,9277.126,2008.945,4259.112,9682.82,1966.29,4643.322
9759.834,1975.98,4574.193,9647.352,1966.141,4726.747,9678.854,1955.12,4535.734,8751.382,1951.155,4025.683,9429.092,1976.812,4409.198,9611.091,1992.067,4487.739,9537.133,2014.702,4550.851,9345.119,1978.241,4442.811,9614.129,2030.728,4405.455,9578.14,1981.396,4644.773,9638.413,2020.255,4584.674,9514.966,2016.508,4445.316,9806.426,1968.176,4480.693,9275.999,2008.945,4258.64,9681.699,1966.29,4642.837
9757.655,1975.98,4573.136,9645.235,1966.141,4725.571,9676.5,1955.12,4535.163,8748.983,1951.155,4026.012,9426.75,1976.812,4408.581,9608.866,1992.067,4486.783,9534.771,2014.702,4550.317,9342.879,1978.241,4441.893,9611.96,2030.728,4404.379,9575.87,1981.396,4643.93,9636.146,2020.255,4583.826,9512.693,2016.508,4444.48,9804.114,1968.176,4479.972,9273.908,2008.945,4257.419,9679.471,1966.29,4641.889
9756.16,1975.98,4572.47,9643.83,1966.141,4724.733,9674.922,1955.12,4534.731,8747.37,1951.155,4026.287,9425.162,1976.812,4408.184,9607.406,1992.067,4486.044,9533.188,2014.702,4549.904,9341.374,1978.241,4441.251,9610.472,2030.728,4403.699,9574.319,1981.396,4643.408,9634.71,2020.255,4583.04,9511.145,2016.508,4443.953,9802.569,1968.176,4479.433,9272.469,2008.945,4256.641,9677.979,1966.29,4641.215
9755.269,1975.98,4572.107,9643.019,1966.141,4724.216,9674.002,1955.12,4534.446,8746.427,1951.155,4026.48,9424.236,1976.812,4407.92,9606.571,1992.067,4485.564,9532.265,2014.702,4549.63,9340.501,1978.241,4440.844,9609.583,2030.728,4403.328,9573.41,1981.396,4643.092,9633.851,2020.255,4582.605,9510.23,2016.508,4443.652,9801.638,1968.176,4479.188,9271.607,2008.945,4256.21,9677.115,1966.29,4640.791
9753.097,1975.98,4571.305,9641.026,1966.141,4723.036,9671.813,1955.12,4533.69,8744.175,1951.155,4027.018,9422.031,1976.812,4407.212,9604.527,1992.067,4484.475,9530.067,2014.702,4548.901,9338.371,1978.241,4439.935,9607.419,2030.728,4402.503,9571.249,1981.396,4642.261,9631.751,2020.255,4581.629,9508.036,2016.508,4442.917,9799.419,1968.176,4478.527,9269.54,2008.945,4255.167,9675.056,1966.29,4639.731
9751.491,1975.98,4570.831,9639.559,1966.141,4722.23,9670.25,1955.12,4533.092,8742.56,1951.155,4027.46,9420.455,1976.812,4406.649,9603.024,1992.067,4483.737,9528.497,2014.702,4548.322,9336.811,1978.241,4439.329,9605.837,2030.728,4401.957,9569.707,1981.396,4641.609,9630.214,2020.255,4580.965,9506.443,2016.508,4442.405,9797.826,1968.176,4478.011,9268.021,2008.945,4254.462,9673.593,1966.29,4638.917
9750.394,1975.98,4570.468,9638.527,1966.141,4721.707,9669.182,1955.12,4532.652,8741.455,1951.155,4027.801,9419.38,1976.812,4406.225,9601.971,1992.067,4483.261,9527.427,2014.702,4547.887,9335.72,1978.241,4438.945,9604.733,2030.728,4401.614,9568.658,1981.396,4641.124,9629.169,2020.255,4580.472,9505.352,2016.508,4442.026,9796.684,1968.176,4477.839,9266.958,2008.945,4254.01,9672.602,1966.29,4638.323
9748.17,1975.98,4569.748,9636.395,1966.141,4720.752,9667.018,1955.12,4531.77,8739.246,1951.155,4028.564,9417.235,1976.812,4405.296,9599.831,1992.067,4482.32,9525.292,2014.702,4546.937,9333.49,1978.241,4438.243,9602.48,2030.728,4400.993,9566.569,1981.396,4640.075,9627.119,2020.255,4579.349,9503.132,2016.508,4441.298,9794.385,1968.176,4477.416,9264.784,2008.945,4253.151,9670.56,1966.29,4637.187
9747.063,1975.98,4569.349,9635.337,1966.141,4720.236,9665.938,1955.12,4531.302,8738.146,1951.155,4028.984,9416.171,1976.812,4404.793,9598.776,1992.067,4481.798,9524.188,2014.702,4546.527,9332.356,1978.241,4437.926,9601.337,2030.728,4400.715,9565.501,1981.396,4639.581,9626.075,2020.255,4578.806,9502.026,2016.508,4440.895,9793.234,1968.176,4477.165,9263.676,2008.945,4252.755,9669.513,1966.29,4636.648
9744.72,1975.98,4568.714,9633.191,1966.141,4719.102,9663.733,1955.12,4530.288,8735.909,1951.155,4029.925,9414,1976.812,4403.707,9596.571,1992.067,4480.785,9521.941,2014.702,4545.608,9330.041,1978.241,4437.196,9598.996,2030.728,4400.075,9563.29,1981.396,4638.58,9623.897,2020.255,4577.736,9499.774,2016.508,4439.99,9790.881,1968.176,4476.571,9261.299,2008.945,4252.266,9667.373,1966.29,4635.501
9742.957,1975.98,4568.32,9631.567,1966.141,4718.311,9662.109,1955.12,4529.497,8734.268,1951.155,4030.68,9412.374,1976.812,4402.919,9594.908,1992.067,4480.079,9520.193,2014.702,4545.153,9328.337,1978.241,4436.597,9597.269,2030.728,4399.547,9561.67,1981.396,4637.781,9622.259,2020.255,4576.976,9498.086,2016.508,4439.347,9789.123,1968.176,4476.152,9259.542,2008.945,4251.843,9665.754,1966.29,4634.7
9741.708,1975.98,4567.997,9630.427,1966.141,4717.708,9660.963,1955.12,4528.906,8733.113,1951.155,4031.256,9411.2,1976.812,4402.385,9593.707,1992.067,4479.61,9518.956,2014.702,4544.787,9327.135,1978.241,4436.13,9596.047,2030.728,4399.134,9560.495,1981.396,4637.249,9621.077,2020.255,4576.459,9496.866,2016.508,4438.928,9787.859,1968.176,4475.894,9258.298,2008.945,4251.501,9664.617,1966.29,4634.091
9739.54,1975.98,4567.361,9628.396,1966.141,4716.717,9658.979,1955.12,4527.828,8731.126,1951.155,4032.332,9409.114,1976.812,4401.517,9591.58,1992.067,4478.85,9516.812,2014.702,4544.076,9325.057,1978.241,4435.243,9593.929,2030.728,4398.348,9558.407,1981.396,4636.384,9618.988,2020.255,4575.6,9494.706,2016.508,4438.264,9785.661,1968.176,4475.37,9256.141,2008.945,4250.831,9662.653,1966.29,4632.975
9738.186,1975.98,4566.915,9627.135,1966.141,4716.051,9657.703,1955.12,4527.188,8729.895,1951.155,4033.052,9407.886,1976.812,4400.792,9590.224,1992.067,4478.409,9515.473,2014.702,4543.583,9323.67,1978.241,4434.911,9592.606,2030.728,4397.813,9557.108,1981.396,4635.795,9617.688,2020.255,4575.015,9493.33,2016.508,4437.89,9784.247,1968.176,4475.185,9254.793,2008.945,4250.363,9661.462,1966.29,4632.19
9735.993,1975.98,4566.247,9625.145,1966.141,4714.914,9655.694,1955.12,4526.083,8727.954,1951.155,4034.272,9405.875,1976.812,4399.692,9588.024,1992.067,4477.765,9513.349,2014.702,4542.721,9321.459,1978.241,4434.304,9590.508,2030.728,4396.893,9555.014,1981.396,4634.864,9615.615,2020.255,4574.038,9491.124,2016.508,4437.273,9781.985,1968.176,4474.813,9252.571,2008.945,4249.798,9659.532,1966.29,4630.955
9734.619,1975.98,4565.779,9623.896,1966.141,4714.172,9654.4,1955.12,4525.426,8726.752,1951.155,4035.085,9404.579,1976.812,4399.038,9586.62,1992.067,4477.398,9511.986,2014.702,4542.219,9320.072,1978.241,4433.875,9589.196,2030.728,4396.271,9553.631,1981.396,4634.422,9614.313,2020.255,4573.397,9489.739,2016.508,4436.838,9780.553,1968.176,4474.581,9251.177,2008.945,4249.395,9658.3,1966.29,4630.189
9731.838,1975.98,4564.729,9621.293,1966.141,4712.737,9651.707,1955.12,4524.167,8724.345,1951.155,4036.83,9401.884,1976.812,4397.785,9583.724,1992.067,4476.732,9509.323,2014.702,4540.898,9317.263,1978.241,4432.902,9586.548,2030.728,4394.92,9550.808,1981.396,4633.492,9611.67,2020.255,4572.041,9486.934,2016.508,4435.854,9777.636,1968.176,4474.01,9248.299,2008.945,4248.648,9655.755,1966.29,4628.656
9730.569,1975.98,4564.385,9620.122,1966.141,4712.141,9650.499,1955.12,4523.65,8723.307,1951.155,4037.635,9400.684,1976.812,4397.25,9582.453,1992.067,4476.396,9508.142,2014.702,4540.324,9315.999,1978.241,4432.541,9585.358,2030.728,4394.362,9549.573,1981.396,4633.041,9610.511,2020.255,4571.422,9485.708,2016.508,4435.38,9776.355,1968.176,4473.715,9247.038,2008.945,4248.277,9654.62,1966.29,4627.995
9729.145,1975.98,4563.947,9618.772,1966.141,4711.508,9649.111,1955.12,4523.109,8722.16,1951.155,4038.586,9399.331,1976.812,4396.625,9581.026,1992.067,4475.968,9506.855,2014.702,4539.572,9314.581,1978.241,4432.085,9583.99,2030.728,4393.772,9548.191,1981.396,4632.483,9609.208,2020.255,4570.701,9484.337,2016.508,4434.797,9774.889,1968.176,4473.456,9245.573,2008.945,4248.006,9653.323,1966.29,4627.263
9726.83,1975.98,4563.153,9616.534,1966.141,4710.519,9646.853,1955.12,4522.17,8720.329,1951.155,4040.209,9397.077,1976.812,4395.672,9578.707,1992.067,4475.188,9504.703,2014.702,4538.408,9312.277,1978.241,4431.26,9581.713,2030.728,4392.877,9545.953,1981.396,4631.494,9607.058,2020.255,4569.536,9482.117,2016.508,4433.769,9772.494,1968.176,4472.951,9243.183,2008.945,4247.483,9651.175,1966.29,4626.094
9724.989,1975.98,4562.507,9614.776,1966.141,4709.672,9645.068,1955.12,4521.383,8718.912,1951.155,4041.551,9395.257,1976.812,4394.971,9576.879,1992.067,4474.507,9502.958,2014.702,4537.536,9310.43,1978.241,4430.634,9579.875,2030.728,4392.223,9544.196,1981.396,4630.647,9605.336,2020.255,4568.621,9480.375,2016.508,4432.893,9770.6,1968.176,4472.486,9241.292,2008.945,4247.004,9649.448,1966.29,4625.188
9723.206,1975.98,4561.814,9612.959,1966.141,4709.073,9643.336,1955.12,4520.572,8717.566,1951.155,4042.91,9393.495,1976.812,4394.226,9575.036,1992.067,4473.993,9501.406,2014.702,4536.417,9308.639,1978.241,4429.96,9578.053,2030.728,4391.639,9542.395,1981.396,4630.003,9603.64,2020.255,4567.738,9478.694,2016.508,4431.979,9768.758,1968.176,4471.97,9239.454,2008.945,4246.474,9647.741,1966.29,4624.326
9721.996,1975.98,4561.298,9611.724,1966.141,4708.621,9642.157,1955.12,4519.989,8716.673,1951.155,4043.875,9392.301,1976.812,4393.674,9573.781,1992.067,4473.598,9500.315,2014.702,4535.683,9307.387,1978.241,4429.557,9576.788,2030.728,4391.278,9541.171,1981.396,4629.52,9602.469,2020.255,4567.14,9477.56,2016.508,4431.315,9767.504,1968.176,4471.574,9238.177,2008.945,4246.162,9646.559,1966.29,4623.752
9719.292,1975.98,4560.579,9609.124,1966.141,4707.585,9639.679,1955.12,4518.692,8714.84,1951.155,4045.988,9389.724,1976.812,4392.584,9571.142,1992.067,4472.671,9497.944,2014.702,4534.198,9304.744,1978.241,4428.639,9574.124,2030.728,4390.423,9538.604,1981.396,4628.408,9599.968,2020.255,4565.889,9475.1,2016.508,4429.982,9764.865,1968.176,4470.645,9235.457,2008.945,4245.505,9644.022,1966.29,4622.574
9716.095,1975.98,4559.615,9605.949,1966.141,4706.55,9636.756,1955.12,4517.08,8712.735,1951.155,4048.581,9386.472,1976.812,4391.824,9568.028,1992.067,4471.462,9495.165,2014.702,4532.346,9301.627,1978.241,4427.44,9570.895,2030.728,4389.572,9535.584,1981.396,4626.981,9596.972,2020.255,4564.418,9472.113,2016.508,4428.487,9761.681,1968.176,4469.639,9232.211,2008.945,4244.723,9640.972,1966.29,4621.219
9714.019,1975.98,4558.934,9603.895,1966.141,4705.805,9634.867,1955.12,4515.981,8711.414,1951.155,4050.322,9384.361,1976.812,4391.256,9565.975,1992.067,4470.716,9493.31,2014.702,4531.192,9299.563,1978.241,4426.723,9568.801,2030.728,4388.947,9533.636,1981.396,4625.992,9595.004,2020.255,4563.47,9470.128,2016.508,4427.574,9759.604,1968.176,4468.958,9230.104,2008.945,4244.142,9638.96,1966.29,4620.368
9712.119,1975.98,4558.241,9601.984,1966.141,4705.143,9633.143,1955.12,4514.927,8710.245,1951.155,4051.971,9382.427,1976.812,4390.668,9564.098,1992.067,4469.963,9491.561,2014.702,4530.178,9297.575,1978.241,4426.35,9566.884,2030.728,4388.305,9531.859,1981.396,4625.027,9593.177,2020.255,4562.607,9468.265,2016.508,4426.789,9757.652,1968.176,4468.43,9228.174,2008.945,4243.541,9637.085,1966.29,4619.613
9711.553,1975.98,4558.014,9601.415,1966.141,4704.924,9632.612,1955.12,4514.625,8709.909,1951.155,4052.48,9381.832,1976.812,4390.532,9563.519,1992.067,4469.77,9491.023,2014.702,4529.889,9296.979,1978.241,4426.218,9566.312,2030.728,4388.093,9531.331,1981.396,4624.723,9592.63,2020.255,4562.337,9467.749,2016.508,4426.463,9757.069,1968.176,4468.251,9227.598,2008.945,4243.341,9636.515,1966.29,4619.396
9711.174,1975.98,4557.865,9601.04,1966.141,4704.766,9632.252,1955.12,4514.437,8709.696,1951.155,4052.827,9381.438,1976.812,4390.428,9563.137,1992.067,4469.628,9490.659,2014.702,4529.707,9296.585,1978.241,4426.117,9565.935,2030.728,4387.938,9530.982,1981.396,4624.513,9592.269,2020.255,4562.151,9467.398,2016.508,4426.257,9756.685,1968.176,4468.12,9227.212,2008.945,4243.212,9636.132,1966.29,4619.258
9707.978,1975.98,4556.491,9597.881,1966.141,4703.309,9629.164,1955.12,4512.835,8707.973,1951.155,4055.849,9378.105,1976.812,4389.433,9559.849,1992.067,4468.493,9487.504,2014.702,4528.242,9293.219,1978.241,4425.238,9562.759,2030.728,4386.519,9528.028,1981.396,4622.678,9589.202,2020.255,4560.512,9464.343,2016.508,4424.595,9753.333,1968.176,4467.188,9223.878,2008.945,4242.218,9632.838,1966.29,4618.144
9706.061,1975.98,4555.741,9596.04,1966.141,4702.386,9627.307,1955.12,4511.947,8707.012,1951.155,4057.67,9376.153,1976.812,4388.779,9557.926,1992.067,4467.757,9485.612,2014.702,4527.431,9291.231,1978.241,4424.702,9560.984,2030.728,4385.475,9526.294,1981.396,4621.57,9587.355,2020.255,4559.601,9462.503,2016.508,4423.671,9751.351,1968.176,4466.634,9221.864,2008.945,4241.792,9630.891,1966.29,4617.477
9704.307,1975.98,4554.748,9594.209,1966.141,4701.542,9625.56,1955.12,4510.942,8706.13,1951.155,4059.482,9374.264,1976.812,4388.077,9556.067,1992.067,4466.976,9483.725,2014.702,4526.724,9289.253,1978.241,4424.315,9559.214,2030.728,4384.511,9524.561,1981.396,4620.541,9585.52,2020.255,4558.769,9460.673,2016.508,4422.826,9749.428,1968.176,4466.029,9219.907,2008.945,4241.311,9629.006,1966.29,4616.762
9703.081,1975.98,4554.106,9592.886,1966.141,4701.138,9624.36,1955.12,4510.253,8705.565,1951.155,4060.745,9372.977,1976.812,4387.569,9554.811,1992.067,4466.398,9482.445,2014.702,4526.196,9287.904,1978.241,4424.006,9557.979,2030.728,4383.889,9523.366,1981.396,4619.843,9584.214,2020.255,4558.312,9459.398,2016.508,4422.287,9748.123,1968.176,4465.57,9218.557,2008.945,4241.011,9627.729,1966.29,4616.229
9699.847,1975.98,4552.545,9589.487,1966.141,4699.978,9621.189,1955.12,4508.567,8704.209,1951.155,4064.07,9369.595,1976.812,4386.361,9551.671,1992.067,4464.655,9479.083,2014.702,4524.935,9284.433,1978.241,4423.088,9554.719,2030.728,4382.381,9520.21,1981.396,4618.13,9580.865,2020.255,4557.015,9455.975,2016.508,4421.203,9744.775,1968.176,4464.27,9215.078,2008.945,4240.119,9624.463,1966.29,4614.738
9698.889,1975.98,4552.121,9588.507,1966.141,4699.608,9620.249,1955.12,4508.105,8703.845,1951.155,4065.053,9368.598,1976.812,4386.041,9550.739,1992.067,4464.176,9478.115,2014.702,4524.535,9283.429,1978.241,4422.788,9553.828,2030.728,4381.83,9519.273,1981.396,4617.661,9579.864,2020.255,4556.708,9454.986,2016.508,4420.854,9743.812,1968.176,4463.859,9214.052,2008.945,4239.91,9623.524,1966.29,4614.272
9697.045,1975.98,4551.23,9586.615,1966.141,4698.825,9618.388,1955.12,4507.252,8703.196,1951.155,4066.995,9366.648,1976.812,4385.412,9548.888,1992.067,4463.301,9476.249,2014.702,4523.691,9281.487,1978.241,4422.136,9552.053,2030.728,4380.809,9517.415,1981.396,4616.801,9577.928,2020.255,4556.042,9453.011,2016.508,4420.315,9742.092,1968.176,4462.748,9212.022,2008.945,4239.634,9621.661,1966.29,4613.422
9694.82,1975.98,4550.194,9584.379,1966.141,4697.814,9616.35,1955.12,4505.885,8702.496,1951.155,4069.347,9364.339,1976.812,4384.582,9546.705,1992.067,4462.18,9474.091,2014.702,4522.522,9279.188,1978.241,4421.28,9549.887,2030.728,4379.655,9515.156,1981.396,4615.842,9575.634,2020.255,4555.17,9450.665,2016.508,4419.593,9739.988,1968.176,4461.484,9209.582,2008.945,4239.377,9619.396,1966.29,4612.477
9693.177,1975.98,4549.505,9582.779,1966.141,4697.029,9614.838,1955.12,4504.94,8702.044,1951.155,4071.071,9362.683,1976.812,4383.924,9545.095,1992.067,4461.417,9472.497,2014.702,4521.726,9277.539,1978.241,4420.604,9548.287,2030.728,4378.87,9513.507,1981.396,4615.168,9573.956,2020.255,4554.57,9448.961,2016.508,4419.074,9738.432,1968.176,4460.617,9207.817,2008.945,4239.133,9617.765,1966.29,4611.76
9690.902,1975.98,4548.502,9580.582,1966.141,4695.866,9612.705,1955.12,4503.663,8701.492,1951.155,4073.495,9360.44,1976.812,4382.851,9542.855,1992.067,4460.337,9470.238,2014.702,4520.687,9275.271,1978.241,4419.585,9546.021,2030.728,4377.846,9511.184,1981.396,4614.284,9571.596,2020.255,4553.79,9446.607,2016.508,4418.272,9736.236,1968.176,4459.449,9205.366,2008.945,4238.716,9615.522,1966.29,4610.686
9688.046,1975.98,4547.57,9577.972,1966.141,4694.379,9610.079,1955.12,4502.204,8700.922,1951.155,4076.445,9357.801,1976.812,4381.416,9540.108,1992.067,4459.121,9467.469,2014.702,4519.522,9272.413,1978.241,4418.658,9543.245,2030.728,4376.699,9508.346,1981.396,4613.299,9568.763,2020.255,4552.792,9443.797,2016.508,4417.211,9733.539,1968.176,4458.126,9202.423,2008.945,4238.115,9612.793,1966.29,4609.434
9687.645,1975.98,4547.424,9577.604,1966.141,4694.163,9609.699,1955.12,4502.008,8700.854,1951.155,4076.867,9357.42,1976.812,4381.222,9539.734,1992.067,4458.916,9467.081,2014.702,4519.344,9272.012,1978.241,4418.513,9542.846,2030.728,4376.548,9507.941,1981.396,4613.162,9568.362,2020.255,4552.642,9443.402,2016.508,4417.048,9733.15,1968.176,4457.95,9202.008,2008.945,4238.016,9612.401,1966.29,4609.263
9684.171,1975.98,4546.033,9574.387,1966.141,4692.252,9606.316,1955.12,4500.409,8700.386,1951.155,4080.579,9354.036,1976.812,4379.625,9536.397,1992.067,4457.224,9463.633,2014.702,4517.893,9268.536,1978.241,4417.128,9539.304,2030.728,4375.344,9504.439,1981.396,4611.846,9564.885,2020.255,4551.267,9439.994,2016.508,4415.503,9729.694,1968.176,4456.517,9198.398,2008.945,4237.029,9608.95,1966.29,4607.822
9683.186,1975.98,4545.6,9573.443,1966.141,4691.733,9605.34,1955.12,4499.957,8700.286,1951.155,4081.651,9353.048,1976.812,4379.198,9535.422,1992.067,4456.769,9462.654,2014.702,4517.443,9267.55,1978.241,4416.697,9538.295,2030.728,4374.967,9503.444,1981.396,4611.434,9563.892,2020.255,4550.853,9439.028,2016.508,4415.028,9728.687,1968.176,4456.138,9197.37,2008.945,4236.711,9607.967,1966.29,4607.385
9681.235,1975.98,4544.819,9571.571,1966.141,4690.781,9603.428,1955.12,4499.091,8700.16,1951.155,4083.748,9351.148,1976.812,4378.302,9533.49,1992.067,4455.943,9460.865,2014.702,4516.343,9265.599,1978.241,4415.919,9536.35,2030.728,4374.175,9501.53,1981.396,4610.568,9561.968,2020.255,4550.01,9437.231,2016.508,4413.939,9726.746,1968.176,4455.333,9195.344,2008.945,4236.157,9606.068,1966.29,4606.486
9678.884,1975.98,4543.924,9569.292,1966.141,4689.715,9601.128,1955.12,4498.073,8700.091,1951.155,4086.263,9348.797,1976.812,4377.408,9531.146,1992.067,4455.031,9458.68,2014.702,4515.096,9263.19,1978.241,4415.189,9534.048,2030.728,4373.159,9499.273,1981.396,4609.456,9559.682,2020.255,4548.961,9435.038,2016.508,4412.707,9724.392,1968.176,4454.447,9192.979,2008.945,4235.297,9603.821,1966.29,4605.355
9677.198,1975.98,4543.219,9567.612,1966.141,4688.995,9599.451,1955.12,4497.35,8700.101,1951.155,4088.09,9347.051,1976.812,4376.87,9529.422,1992.067,4454.425,9457.063,2014.702,4514.243,9261.46,1978.241,4414.602,9532.398,2030.728,4372.373,9497.661,1981.396,4608.595,9558.035,2020.255,4548.171,9433.417,2016.508,4411.865,9722.692,1968.176,4453.773,9191.241,2008.945,4234.73,9602.21,1966.29,4604.495
9675.427,1975.98,4542.41,9565.798,1966.141,4688.286,9597.656,1955.12,4496.597,8700.175,1951.155,4090.036,9345.21,1976.812,4376.235,9527.564,1992.067,4453.839,9455.358,2014.702,4513.301,9259.597,1978.241,4414.037,9530.666,2030.728,4371.484,9495.942,1981.396,4607.679,9556.294,2020.255,4547.3,9431.66,2016.508,4411.024,9720.865,1968.176,4453.099,9189.371,2008.945,4234.186,9600.516,1966.29,4603.537
9672.041,1975.98,4540.691,9562.308,1966.141,4686.79,9594.142,1955.12,4495.166,8700.443,1951.155,4093.823,9341.662,1976.812,4374.882,9523.908,1992.067,4452.815,9452.189,2014.702,4511.209,9256.001,1978.241,4412.816,9527.34,2030.728,4369.654,9492.535,1981.396,4606.004,9552.928,2020.255,4545.547,9428.184,2016.508,4409.498,9717.348,1968.176,4451.669,9185.692,2008.945,4233.246,9597.185,1966.29,4601.717
9668.758,1975.98,4539.025,9558.973,1966.141,4685.229,9590.719,1955.12,4493.813,8700.823,1951.155,4097.485,9338.141,1976.812,4373.807,9520.381,1992.067,4451.765,9449.055,2014.702,4509.279,9252.458,1978.241,4411.813,9524.124,2030.728,4367.861,9489.28,1981.396,4604.283,9549.69,2020.255,4543.797,9424.751,2016.508,4408.167,9713.877,1968.176,4450.439,9182.098,2008.945,4232.451,9593.929,1966.29,4600.002
9667.207,1975.98,4538.043,9557.337,1966.141,4684.398,9589.006,1955.12,4493.159,8701.072,1951.155,4099.303,9336.392,1976.812,4373.253,9518.632,1992.067,4451.213,9447.463,2014.702,4508.367,9250.71,1978.241,4411.256,9522.493,2030.728,4367.02,9487.685,1981.396,4603.377,9548.091,2020.255,4542.9,9423.063,2016.508,4407.449,9712.115,1968.176,4449.926,9180.271,2008.945,4232.271,9592.293,1966.29,4599.172
9665.625,1975.98,4537.113,9555.634,1966.141,4683.715,9587.285,1955.12,4492.524,8701.381,1951.155,4101.112,9334.606,1976.812,4372.83,9516.891,1992.067,4450.636,9445.843,2014.702,4507.505,9248.98,1978.241,4410.642,9520.836,2030.728,4366.232,9486.116,1981.396,4602.425,9546.504,2020.255,4541.979,9421.397,2016.508,4406.678,9710.371,1968.176,4449.356,9178.441,2008.945,4232.139,9590.644,1966.29,4598.369
9665.084,1975.98,4536.819,9555.07,1966.141,4683.468,9586.705,1955.12,4492.318,8701.504,1951.155,4101.716,9334.008,1976.812,4372.683,9516.31,1992.067,4450.434,9445.291,2014.702,4507.233,9248.407,1978.241,4410.417,9520.271,2030.728,4365.986,9485.599,1981.396,4602.091,9545.976,2020.255,4541.663,9420.833,2016.508,4406.435,9709.765,1968.176,4449.252,9177.829,2008.945,4232.074,9590.086,1966.29,4598.109
9664.69,1975.98,4536.621,9554.669,1966.141,4683.285,9586.288,1955.12,4492.176,8701.606,1951.155,4102.145,9333.583,1976.812,4372.564,9515.896,1992.067,4450.284,9444.891,2014.702,4507.049,9247.986,1978.241,4410.285,9519.862,2030.728,4365.824,9485.224,1981.396,4601.86,9545.601,2020.255,4541.431,9420.434,2016.508,4406.249,9709.333,1968.176,4449.163,9177.392,2008.945,4232.017,9589.684,1966.29,4597.929
9661.111,1975.98,4534.6,9550.985,1966.141,4681.461,9582.381,1955.12,4490.904,8702.691,1951.155,4106.109,9329.663,1976.812,4371.329,9512.051,1992.067,4448.836,9441.11,2014.702,4505.438,9243.979,1978.241,4409.371,9515.995,2030.728,4364.43,9481.767,1981.396,4599.639,9542.137,2020.255,4539.221,9416.761,2016.508,4404.405,9705.336,1968.176,4448.205,9173.336,2008.945,4231.347,9585.903,1966.29,4596.319
9658.99,1975.98,4533.371,9548.824,1966.141,4680.305,9580.04,1955.12,4490.18,8703.415,1951.155,4108.451,9327.286,1976.812,4370.731,9509.769,1992.067,4447.946,9438.889,2014.702,4504.403,9241.608,1978.241,4408.748,9513.718,2030.728,4363.524,9479.663,1981.396,4598.38,9540.09,2020.255,4537.875,9414.535,2016.508,4403.377,9702.973,1968.176,4447.556,9170.889,2008.945,4231.205,9583.633,1966.29,4595.4
9658.012,1975.98,4532.846,9547.85,1966.141,4679.772,9578.975,1955.12,4489.868,8703.688,1951.155,4109.527,9326.203,1976.812,4370.487,9508.739,1992.067,4447.53,9437.885,2014.702,4503.929,9240.544,1978.241,4408.43,9512.673,2030.728,4363.148,9478.692,1981.396,4597.841,9539.143,2020.255,4537.296,9413.513,2016.508,4402.945,9701.912,1968.176,4447.227,9169.783,2008.945,4231.104,9582.618,1966.29,4594.95
9655.669,1975.98,4531.687,9545.593,1966.141,4678.453,9576.476,1955.12,4489.107,8704.411,1951.155,4112.039,9323.673,1976.812,4369.83,9506.327,1992.067,4446.526,9435.525,2014.702,4502.803,9238.054,1978.241,4407.634,9510.244,2030.728,4362.182,9476.369,1981.396,4596.643,9536.883,2020.255,4535.983,9411.073,2016.508,4402.007,9699.442,1968.176,4446.371,9167.189,2008.945,4230.782,9580.265,1966.29,4593.813
9654.164,1975.98,4530.852,9544.133,1966.141,4677.542,9574.836,1955.12,4488.588,8704.833,1951.155,4113.708,9322.022,1976.812,4369.343,9504.746,1992.067,4445.848,9433.949,2014.702,4502.112,9236.477,1978.241,4406.944,9508.671,2030.728,4361.483,9474.816,1981.396,4595.901,9535.376,2020.255,4535.152,9409.488,2016.508,4401.337,9697.835,1968.176,4445.754,9165.489,2008.945,4230.515,9578.74,1966.29,4593.013
9651.046,1975.98,4529.255,9541.214,1966.141,4675.607,9571.521,1955.12,4487.459,8705.58,1951.155,4117.13,9318.696,1976.812,4368.243,9501.573,1992.067,4444.364,9430.788,2014.702,4500.603,9233.223,1978.241,4405.647,9505.548,2030.728,4359.896,9471.611,1981.396,4594.487,9532.272,2020.255,4533.529,9406.273,2016.508,4399.944,9694.607,1968.176,4444.394,9162.049,2008.945,4229.857,9575.71,1966.29,4591.256
9649.716,1975.98,4528.479,9539.987,1966.141,4674.676,9570.074,1955.12,4486.933,8705.859,1951.155,4118.644,9317.251,1976.812,4367.711,9500.243,1992.067,4443.589,9429.395,2014.702,4499.947,9231.774,1978.241,4405.124,9504.153,2030.728,4359.244,9470.224,1981.396,4593.82,9530.894,2020.255,4532.845,9404.873,2016.508,4399.304,9693.157,1968.176,4443.876,9160.547,2008.945,4229.519,9574.354,1966.29,4590.527
9648.188,1975.98,4527.654,9538.572,1966.141,4673.671,9568.457,1955.12,4486.304,8706.118,1951.155,4120.36,9315.619,1976.812,4367.12,9498.742,1992.067,4442.716,9427.797,2014.702,4499.269,9230.083,1978.241,4404.731,9502.559,2030.728,4358.558,9468.685,1981.396,4593.018,9529.322,2020.255,4532.109,9403.229,2016.508,4398.75,9691.542,1968.176,4443.24,9158.872,2008.945,4229.063,9572.902,1966.29,4589.575
9646.05,1975.98,4526.395,9536.504,1966.141,4672.3,9566.165,1955.12,4485.355,8706.407,1951.155,4122.825,9313.26,1976.812,4366.35,9496.558,1992.067,4441.54,9425.545,2014.702,4498.226,9227.661,1978.241,4404.191,9500.249,2030.728,4357.651,9466.397,1981.396,4592.055,9527.054,2020.255,4531.105,9400.904,2016.508,4397.88,9689.264,1968.176,4442.255,9156.466,2008.945,4228.458,9570.784,1966.29,4588.283
9644.283,1975.98,4525.431,9534.79,1966.141,4671.244,9564.322,1955.12,4484.545,8706.576,1951.155,4124.831,9311.412,1976.812,4365.552,9494.755,1992.067,4440.644,9423.879,2014.702,4497.096,9225.712,1978.241,4403.689,9498.353,2030.728,4356.976,9464.568,1981.396,4591.213,9525.209,2020.255,4530.304,9399.043,2016.508,4397.115,9687.443,1968.176,4441.396,9154.567,2008.945,4227.79,9569.052,1966.29,4587.259
9642.063,1975.98,4524.312,9532.631,1966.141,4670.009,9562.068,1955.12,4483.496,8706.704,1951.155,4127.315,9309.098,1976.812,4364.642,9492.596,1992.067,4439.41,9421.775,2014.702,4495.769,9223.325,1978.241,4402.991,9495.984,2030.728,4356.217,9462.344,1981.396,4590.101,9522.923,2020.255,4529.327,9396.774,2016.508,4396.095,9685.229,1968.176,4440.262,9152.195,2008.945,4227.042,9566.894,1966.29,4586.026
9639.933,1975.98,4523.375,9530.575,1966.141,4668.92,9559.981,1955.12,4482.469,8706.748,1951.155,4129.641,9307.061,1976.812,4363.518,9490.608,1992.067,4438.2,9419.835,2014.702,4494.485,9221.066,1978.241,4402.433,9493.752,2030.728,4355.561,9460.156,1981.396,4589.309,9520.778,2020.255,4528.427,9394.685,2016.508,4395.072,9683.125,1968.176,4439.27,9149.959,2008.945,4226.4,9564.857,1966.29,4584.903
9637.225,1975.98,4522.298,9528.126,1966.141,4667.341,9557.396,1955.12,4481.125,8706.707,1951.155,4132.555,9304.464,1976.812,4362.195,9488.071,1992.067,4436.767,9417.355,2014.702,4492.954,9218.262,1978.241,4401.642,9490.984,2030.728,4354.647,9457.449,1981.396,4588.232,9518.086,2020.255,4527.316,9392.11,2016.508,4393.706,9680.45,1968.176,4438.113,9147.177,2008.945,4225.532,9562.286,1966.29,4583.534
9636.188,1975.98,4521.846,9527.191,1966.141,4666.705,9556.405,1955.12,4480.582,8706.654,1951.155,4133.685,9303.44,1976.812,4361.714,9487.069,1992.067,4436.243,9416.375,2014.702,4492.39,9217.184,1978.241,4401.299,9489.908,2030.728,4354.299,9456.412,1981.396,4587.781,9517.038,2020.255,4526.892,9391.158,2016.508,4393.095,9679.397,1968.176,4437.699,9146.087,2008.945,4225.231,9561.28,1966.29,4583.019
9630.976,1975.98,4519.766,9522.451,1966.141,4663.702,9551.547,1955.12,4477.777,8706.209,1951.155,4139.278,9298.484,1976.812,4359.083,9482.171,1992.067,4433.505,9411.431,2014.702,4489.737,9211.895,1978.241,4399.426,9484.629,2030.728,4352.396,9451.338,1981.396,4585.386,9511.827,2020.255,4524.816,9386.338,2016.508,4390.223,9674.247,1968.176,4435.472,9140.632,2008.945,4223.914,9556.249,1966.29,4580.54
9630.612,1975.98,4519.664,9522.126,1966.141,4663.51,9551.225,1955.12,4477.582,8706.167,1951.155,4139.653,9298.157,1976.812,4358.894,9481.836,1992.067,4433.331,9411.093,2014.702,4489.568,9211.543,1978.241,4399.288,9484.277,2030.728,4352.258,9451.002,1981.396,4585.215,9511.476,2020.255,4524.679,9386.008,2016.508,4390.04,9673.896,1968.176,4435.333,9140.262,2008.945,4223.837,9555.914,1966.29,4580.365
9630.252,1975.98,4519.55,9521.794,1966.141,4663.329,9550.906,1955.12,4477.378,8706.112,1951.155,4140.027,9297.824,1976.812,4358.715,9481.496,1992.067,4433.166,9410.75,2014.702,4489.41,9211.195,1978.241,4399.139,9483.93,2030.728,4352.109,9450.67,1981.396,4585.033,9511.123,2020.255,4524.543,9385.671,2016.508,4389.868,9673.546,1968.176,4435.188,9139.898,2008.945,4223.734,9555.583,1966.29,4580.182
9626.775,1975.98,4518.323,9518.501,1966.141,4661.67,9547.845,1955.12,4475.326,8705.461,1951.155,4143.656,9294.519,1976.812,4357.083,9478.135,1992.067,4431.653,9407.358,2014.702,4487.964,9207.857,1978.241,4397.573,9480.584,2030.728,4350.561,9447.411,1981.396,4583.31,9507.676,2020.255,4523.243,9382.334,2016.508,4388.301,9670.096,1968.176,4433.889,9136.321,2008.945,4222.842,9552.404,1966.29,4578.315
9624.081,1975.98,4517.272,9515.877,1966.141,4660.454,9545.391,1955.12,4473.795,8704.856,1951.155,4146.485,9291.885,1976.812,4355.887,9475.464,1992.067,4430.543,9404.665,2014.702,4486.91,9205.28,1978.241,4396.26,9477.996,2030.728,4349.271,9444.847,1981.396,4581.972,9504.989,2020.255,4522.173,9379.677,2016.508,4387.157,9667.356,1968.176,4432.959,9133.493,2008.945,4222.234,9549.948,1966.29,4576.789
9623.032,1975.98,4516.823,9514.858,1966.141,4659.941,9544.403,1955.12,4473.223,8704.582,1951.155,4147.592,9290.807,1976.812,4355.514,9474.425,1992.067,4430.071,9403.591,2014.702,4486.525,9204.271,1978.241,4395.728,9477.04,2030.728,4348.648,9443.851,1981.396,4581.416,9503.938,2020.255,4521.733,9378.645,2016.508,4386.672,9666.248,1968.176,4432.69,9132.37,2008.945,4222.031,9548.972,1966.29,4576.199
9621.021,1975.98,4515.882,9512.909,1966.141,4658.877,9542.546,1955.12,4472.006,8703.978,1951.155,4149.729,9288.732,1976.812,4354.721,9472.365,1992.067,4429.24,9401.481,2014.702,4485.833,9202.273,1978.241,4394.758,9475.141,2030.728,4347.499,9441.942,1981.396,4580.28,9501.905,2020.255,4520.841,9376.754,2016.508,4385.508,9664.108,1968.176,4432.097,9130.174,2008.945,4221.707,9547.057,1966.29,4575.077
9619.112,1975.98,4514.913,9511.064,1966.141,4657.792,9540.718,1955.12,4470.892,8703.327,1951.155,4151.769,9286.759,1976.812,4353.891,9470.377,1992.067,4428.446,9399.433,2014.702,4485.215,9200.363,1978.241,4393.792,9473.33,2030.728,4346.357,9440.132,1981.396,4579.139,9499.96,2020.255,4519.95,9374.896,2016.508,4384.446,9662.065,1968.176,4431.458,9128.095,2008.945,4221.196,9545.196,1966.29,4574.019
9616.994,1975.98,4513.728,9509.014,1966.141,4656.494,9538.605,1955.12,4469.697,8702.515,1951.155,4154.056,9284.465,1976.812,4353.097,9468.09,1992.067,4427.633,9397.134,2014.702,4484.438,9198.211,1978.241,4392.67,9471.236,2030.728,4345.13,9438.037,1981.396,4577.913,9497.771,2020.255,4518.903,9372.75,2016.508,4383.312,9659.774,1968.176,4430.658,9125.72,2008.945,4220.694,9543.071,1966.29,4572.849
9614.172,1975.98,4512.269,9506.453,1966.141,4654.612,9535.827,1955.12,4468.155,8701.354,1951.155,4157.013,9281.498,1976.812,4351.961,9465.133,1992.067,4426.471,9394.158,2014.702,4483.323,9195.412,1978.241,4391.165,9468.443,2030.728,4343.615,9435.244,1981.396,4576.398,9494.928,2020.255,4517.489,9369.894,2016.508,4381.919,9656.755,1968.176,4429.67,9122.591,2008.945,4220.14,9540.269,1966.29,4571.355
9612.571,1975.98,4511.287,9504.904,1966.141,4653.55,9534.185,1955.12,4467.248,8700.61,1951.155,4158.738,9279.768,1976.812,4351.232,9463.394,1992.067,4425.766,9392.422,2014.702,4482.606,9193.729,1978.241,4390.33,9466.765,2030.728,4342.773,9433.67,1981.396,4575.375,9493.26,2020.255,4516.628,9368.259,2016.508,4380.994,9654.99,1968.176,4429.028,9120.734,2008.945,4219.858,9538.634,1966.29,4570.432
9612.074,1975.98,4511.004,9504.423,1966.141,4653.243,9533.684,1955.12,4466.973,8700.367,1951.155,4159.255,9279.233,1976.812,4351.028,9462.866,1992.067,4425.545,9391.875,2014.702,4482.441,9193.209,1978.241,4390.093,9466.256,2030.728,4342.512,9433.181,1981.396,4575.079,9492.756,2020.255,4516.359,9367.752,2016.508,4380.729,9654.447,1968.176,4428.85,9120.167,2008.945,4219.791,9538.144,1966.29,4570.139
9607.755,1975.98,4508.73,9500.225,1966.141,4650.752,9529.404,1955.12,4464.63,8698.147,1951.155,4163.602,9274.541,1976.812,4349.683,9458.382,1992.067,4423.625,9387.252,2014.702,4480.876,9188.877,1978.241,4387.843,9462.063,2030.728,4340.011,9429.136,1981.396,4572.347,9488.487,2020.255,4513.997,9363.356,2016.508,4378.608,9649.86,1968.176,4427.181,9115.325,2008.945,4219.176,9534.021,1966.29,4567.529
9607.342,1975.98,4508.53,9499.822,1966.141,4650.531,9529.001,1955.12,4464.411,8697.925,1951.155,4164.004,9274.093,1976.812,4349.584,9457.961,1992.067,4423.441,9386.813,2014.702,4480.74,9188.463,1978.241,4387.645,9461.661,2030.728,4339.789,9428.755,1981.396,4572.091,9488.089,2020.255,4513.77,9362.954,2016.508,4378.386,9649.424,1968.176,4427.038,9114.871,2008.945,4219.107,9533.639,1966.29,4567.273
9604.498,1975.98,4507.263,9497.046,1966.141,4649.121,9526.266,1955.12,4462.926,8696.33,1951.155,4166.678,9271.075,1976.812,4348.815,9455.12,1992.067,4422.17,9383.871,2014.702,4479.721,9185.611,1978.241,4386.393,9458.889,2030.728,4338.373,9426.124,1981.396,4570.426,9485.407,2020.255,4512.19,9360.219,2016.508,4376.898,9646.429,1968.176,4426.188,9111.778,2008.945,4218.745,9531.097,1966.29,4565.477
9603.02,1975.98,4506.852,9495.701,1966.141,4648.381,9524.916,1955.12,4462.196,8695.501,1951.155,4167.97,9269.601,1976.812,4348.388,9453.724,1992.067,4421.534,9382.438,2014.702,4479.171,9184.187,1978.241,4385.822,9457.5,2030.728,4337.719,9424.801,1981.396,4569.648,9484.095,2020.255,4511.395,9358.847,2016.508,4376.209,9644.967,1968.176,4425.721,9110.249,2008.945,4218.617,9529.835,1966.29,4564.604
9599.978,1975.98,4505.897,9492.96,1966.141,4646.754,9522.111,1955.12,4460.686,8693.693,1951.155,4170.596,9266.539,1976.812,4347.499,9450.833,1992.067,4420.194,9379.474,2014.702,4477.999,9181.19,1978.241,4384.735,9454.661,2030.728,4336.269,9422.027,1981.396,4568.077,9481.391,2020.255,4509.709,9356.152,2016.508,4374.505,9641.9,1968.176,4424.85,9107.067,2008.945,4218.428,9527.196,1966.29,4562.817
9597.084,1975.98,4504.885,9490.111,1966.141,4645.623,9519.412,1955.12,4459.237,8691.873,1951.155,4173.062,9263.625,1976.812,4346.547,9448.062,1992.067,4418.889,9376.662,2014.702,4476.778,9178.276,1978.241,4383.784,9451.804,2030.728,4335.161,9419.34,1981.396,4566.602,9478.81,2020.255,4508.059,9353.51,2016.508,4372.952,9638.98,1968.176,4423.917,9104.006,2008.945,4218.283,9524.642,1966.29,4561.126
9596.252,1975.98,4504.563,9489.293,1966.141,4645.267,9518.625,1955.12,4458.817,8691.319,1951.155,4173.763,9262.786,1976.812,4346.243,9447.257,1992.067,4418.504,9375.855,2014.702,4476.396,9177.43,1978.241,4383.501,9450.963,2030.728,4334.86,9418.544,1981.396,4566.198,9478.063,2020.255,4507.569,9352.726,2016.508,4372.525,9638.117,1968.176,4423.691,9103.114,2008.945,4218.24,9523.893,1966.29,4560.642
9594.119,1975.98,4503.655,9487.199,1966.141,4644.272,9516.58,1955.12,4457.729,8689.942,1951.155,4175.628,9260.569,1976.812,4345.565,9445.171,1992.067,4417.496,9373.717,2014.702,4475.502,9175.256,1978.241,4382.696,9448.784,2030.728,4334.068,9416.512,1981.396,4565.083,9476.14,2020.255,4506.277,9350.654,2016.508,4371.484,9635.895,1968.176,4423.032,9100.804,2008.945,4218.053,9521.933,1966.29,4559.406
9592.046,1975.98,4502.871,9485.126,1966.141,4643.487,9514.622,1955.12,4456.691,8688.685,1951.155,4177.454,9258.472,1976.812,4344.848,9443.181,1992.067,4416.522,9371.7,2014.702,4474.581,9173.153,1978.241,4381.995,9446.727,2030.728,4333.243,9414.601,1981.396,4563.96,9474.313,2020.255,4505.022,9348.643,2016.508,4370.554,9633.791,1968.176,4422.333,9098.59,2008.945,4217.946,9520.045,1966.29,4558.246
9590.143,1975.98,4502.078,9483.223,1966.141,4642.694,9512.8,1955.12,4455.729,8687.46,1951.155,4179.112,9256.479,1976.812,4344.32,9441.333,1992.067,4415.609,9369.854,2014.702,4473.664,9171.22,1978.241,4381.278,9444.839,2030.728,4332.414,9412.841,1981.396,4562.886,9472.627,2020.255,4503.838,9346.744,2016.508,4369.75,9631.843,1968.176,4421.658,9096.535,2008.945,4217.78,9518.276,1966.29,4557.188
9587.957,1975.98,4501.083,9481.038,1966.141,4641.699,9510.676,1955.12,4454.614,8685.924,1951.155,4180.958,9254.179,1976.812,4343.629,9439.186,1992.067,4414.538,9367.739,2014.702,4472.525,9168.942,1978.241,4380.519,9442.559,2030.728,4331.663,9410.831,1981.396,4561.573,9470.678,2020.255,4502.439,9344.687,2016.508,4368.513,9629.535,1968.176,4420.994,9094.137,2008.945,4217.665,9516.201,1966.29,4555.982
9584.608,1975.98,4499.832,9477.835,1966.141,4640.111,9507.509,1955.12,4452.958,8683.728,1951.155,4183.779,9250.79,1976.812,4342.49,9435.993,1992.067,4412.932,9364.648,2014.702,4470.728,9165.516,1978.241,4379.499,9439.201,2030.728,4330.434,9407.775,1981.396,4559.716,9467.795,2020.255,4500.327,9341.563,2016.508,4366.772,9626.104,1968.176,4419.987,9090.563,2008.945,4217.576,9513.088,1966.29,4554.228
9581.272,1975.98,4498.458,9474.657,1966.141,4638.404,9504.341,1955.12,4451.237,8681.606,1951.155,4186.697,9247.41,1976.812,4341.229,9432.777,1992.067,4411.301,9361.591,2014.702,4468.813,9161.945,1978.241,4378.981,9435.855,2030.728,4329.084,9404.878,1981.396,4557.567,9464.862,2020.255,4498.229,9338.356,2016.508,4365.12,9622.634,1968.176,4419.002,9086.959,2008.945,4217.751,9509.923,1966.29,4552.5
9580.839,1975.98,4498.296,9474.257,1966.141,4638.172,9503.938,1955.12,4451.009,8681.347,1951.155,4187.08,9246.984,1976.812,4341.048,9432.365,1992.067,4411.09,9361.199,2014.702,4468.568,9161.49,1978.241,4378.899,9435.433,2030.728,4328.897,9404.502,1981.396,4557.297,9464.483,2020.255,4497.965,9337.938,2016.508,4364.922,9622.193,1968.176,4418.862,9086.496,2008.945,4217.759,9509.514,1966.29,4552.284
9579.942,1975.98,4497.98,9473.45,1966.141,4637.668,9503.119,1955.12,4450.528,8680.839,1951.155,4187.884,9246.099,1976.812,4340.703,9431.52,1992.067,4410.656,9360.418,2014.702,4468.025,9160.561,1978.241,4378.702,9434.534,2030.728,4328.587,9403.712,1981.396,4556.768,9463.698,2020.255,4497.429,9337.025,2016.508,4364.658,9621.298,1968.176,4418.543,9085.545,2008.945,4217.743,9508.66,1966.29,4551.864
9576.803,1975.98,4496.949,9470.591,1966.141,4636.009,9500.299,1955.12,4448.806,8679.166,1951.155,4190.735,9242.98,1976.812,4339.606,9428.585,1992.067,4409.138,9357.643,2014.702,4466.23,9157.352,1978.241,4377.909,9431.447,2030.728,4327.406,9400.907,1981.396,4555.018,9460.949,2020.255,4495.596,9333.882,2016.508,4363.636,9618.222,1968.176,4417.334,9082.241,2008.945,4217.854,9505.655,1966.29,4550.488
9573.453,1975.98,4495.727,9467.607,1966.141,4634.058,9497.29,1955.12,4446.896,8677.464,1951.155,4193.868,9239.58,1976.812,4338.534,9425.423,1992.067,4407.495,9354.587,2014.702,4464.392,9153.92,1978.241,4376.941,9428.161,2030.728,4326.023,9397.822,1981.396,4553.231,9457.964,2020.255,4493.65,9330.528,2016.508,4362.424,9614.862,1968.176,4416.14,9078.676,2008.945,4217.857,9502.373,1966.29,4549.097
9571.409,1975.98,4494.905,9465.726,1966.141,4632.913,9495.452,1955.12,4445.684,8676.476,1951.155,4195.837,9237.434,1976.812,4338.039,9423.471,1992.067,4406.476,9352.737,2014.702,4463.195,9151.754,1978.241,4376.537,9426.159,2030.728,4325.103,9395.881,1981.396,4552.189,9456.107,2020.255,4492.466,9328.482,2016.508,4361.607,9612.812,1968.176,4415.334,9076.477,2008.945,4217.99,9500.321,1966.29,4548.295
9570.984,1975.98,4494.718,9465.327,1966.141,4632.673,9495.069,1955.12,4445.421,8676.281,1951.155,4196.259,9236.974,1976.812,4337.971,9423.06,1992.067,4406.261,9352.339,2014.702,4462.955,9151.291,1978.241,4376.492,9425.766,2030.728,4324.856,9395.444,1981.396,4552.031,9455.714,2020.255,4492.22,9328.057,2016.508,4361.421,9612.374,1968.176,4415.179,9076.012,2008.945,4218.003,9499.884,1966.29,4548.139
9567.685,1975.98,4493.335,9462.199,1966.141,4630.933,9492.157,1955.12,4443.343,8674.889,1951.155,4199.556,9233.452,1976.812,4337.33,9419.893,1992.067,4404.598,9349.338,2014.702,4461.005,9147.741,1978.241,4376.033,9422.804,2030.728,4322.847,9392.12,1981.396,4550.705,9452.661,2020.255,4490.355,9324.756,2016.508,4360.038,9609.043,1968.176,4413.869,9072.433,2008.945,4217.985,9496.482,1966.29,4547.028
9565.577,1975.98,4492.497,9460.182,1966.141,4629.896,9490.336,1955.12,4441.991,8674.074,1951.155,4201.674,9231.234,1976.812,4336.851,9417.885,1992.067,4403.543,9347.402,2014.702,4459.821,9145.502,1978.241,4375.669,9420.885,2030.728,4321.636,9390.041,1981.396,4549.796,9450.715,2020.255,4489.191,9322.693,2016.508,4359.092,9606.96,1968.176,4412.97,9070.165,2008.945,4217.899,9494.307,1966.29,4546.385
9564.127,1975.98,4491.953,9458.781,1966.141,4629.232,9489.11,1955.12,4441.043,8673.542,1951.155,4203.129,9229.696,1976.812,4336.659,9416.514,1992.067,4402.822,9346.055,2014.702,4459.057,9143.959,1978.241,4375.527,9419.548,2030.728,4320.852,9388.643,1981.396,4549.129,9449.378,2020.255,4488.408,9321.21,2016.508,4358.643,9605.558,1968.176,4412.31,9068.641,2008.945,4217.62,9492.809,1966.29,4545.989
9562.064,1975.98,4491.101,9456.734,1966.141,4628.343,9487.372,1955.12,4439.646,8672.708,1951.155,4205.199,9227.484,1976.812,4336.361,9414.54,1992.067,4401.783,9344.078,2014.702,4458.02,9141.728,1978.241,4375.538,9417.587,2030.728,4319.786,9386.647,1981.396,4548.129,9447.428,2020.255,4487.323,9319.097,2016.508,4357.927,9603.509,1968.176,4411.425,9066.434,2008.945,4217.289,9490.669,1966.29,4545.356
9559.619,1975.98,4490.08,9454.27,1966.141,4627.368,9485.312,1955.12,4437.979,8671.638,1951.155,4207.624,9224.871,1976.812,4335.921,9412.039,1992.067,4400.906,9341.864,2014.702,4456.563,9139.077,1978.241,4375.546,9415.218,2030.728,4318.598,9384.24,1981.396,4547.02,9445.07,2020.255,4486.111,9316.615,2016.508,4356.995,9601.043,1968.176,4410.453,9063.801,2008.945,4216.982,9488.153,1966.29,4544.521
9557.282,1975.98,4489.012,9451.851,1966.141,4626.501,9483.264,1955.12,4436.427,8670.549,1951.155,4209.951,9222.353,1976.812,4335.412,9409.644,1992.067,4399.977,9339.673,2014.702,4455.221,9136.509,1978.241,4375.469,9412.895,2030.728,4317.5,9381.938,1981.396,4545.878,9442.748,2020.255,4485.012,9314.16,2016.508,4356.237,9598.624,1968.176,4409.588,9061.24,2008.945,4216.769,9485.743,1966.29,4543.632
9555.651,1975.98,4488.331,9450.168,1966.141,4625.96,9481.823,1955.12,4435.402,8669.853,1951.155,4211.576,9220.682,1976.812,4334.834,9407.985,1992.067,4399.364,9338.136,2014.702,4454.348,9134.744,1978.241,4375.359,9411.283,2030.728,4316.773,9380.33,1981.396,4545.145,9441.087,2020.255,4484.406,9312.451,2016.508,4355.786,9596.979,1968.176,4408.939,9059.486,2008.945,4216.546,9484.105,1966.29,4542.967
9553.469,1975.98,4487.501,9447.923,1966.141,4625.317,9479.879,1955.12,4434.108,8668.863,1951.155,4213.691,9218.451,1976.812,4334.145,9405.737,1992.067,4398.733,9336.068,2014.702,4453.261,9132.42,1978.241,4375.137,9409.124,2030.728,4315.884,9378.272,1981.396,4544.041,9438.921,2020.255,4483.534,9310.177,2016.508,4355.255,9594.837,1968.176,4408.012,9057.161,2008.945,4216.327,9481.972,1966.29,4542.018
9550.521,1975.98,4486.489,9444.899,1966.141,4624.559,9477.23,1955.12,4432.465,8667.247,1951.155,4216.356,9215.444,1976.812,4333.321,9402.765,1992.067,4397.794,9333.263,2014.702,4451.902,9129.328,1978.241,4374.739,9406.218,2030.728,4314.758,9375.48,1981.396,4542.655,9436.068,2020.255,4482.276,9307.166,2016.508,4354.447,9592.019,1968.176,4406.681,9054.05,2008.945,4216.137,9479.167,1966.29,4540.658
9548.203,1975.98,4485.607,9442.516,1966.141,4623.878,9475.084,1955.12,4431.225,8666.032,1951.155,4218.517,9213.033,1976.812,4332.745,9400.394,1992.067,4397.07,9330.998,2014.702,4450.895,9126.881,1978.241,4374.342,9403.878,2030.728,4313.938,9373.227,1981.396,4541.623,9433.834,2020.255,4481.203,9304.741,2016.508,4353.933,9589.744,1968.176,4405.696,9051.572,2008.945,4216.066,9476.973,1966.29,4539.505
9547.019,1975.98,4485.112,9441.293,1966.141,4623.486,9473.953,1955.12,4430.617,8665.428,1951.155,4219.65,9211.775,1976.812,4332.488,9399.179,1992.067,4396.655,9329.887,2014.702,4450.25,9125.604,1978.241,4374.2,9402.652,2030.728,4313.554,9372.043,1981.396,4541.124,9432.688,2020.255,4480.622,9303.494,2016.508,4353.625,9588.55,1968.176,4405.224,9050.291,2008.945,4215.979,9475.817,1966.29,4538.946
9543.989,1975.98,4483.729,9438.156,1966.141,4622.368,9470.974,1955.12,4429.131,8663.707,1951.155,4222.502,9208.492,1976.812,4331.928,9395.997,1992.067,4395.673,9326.952,2014.702,4448.676,9122.276,1978.241,4374.094,9399.532,2030.728,4312.39,9368.941,1981.396,4539.914,9429.678,2020.255,4479.198,9300.289,2016.508,4352.722,9585.415,1968.176,4404.099,9046.963,2008.945,4215.86,9472.774,1966.29,4537.592
9542.598,1975.98,4483.038,9436.71,1966.141,4621.8,9469.563,1955.12,4428.479,8662.948,1951.155,4223.858,9207.002,1976.812,4331.488,9394.527,1992.067,4395.168,9325.561,2014.702,4447.984,9120.724,1978.241,4374.048,9398.06,2030.728,4311.894,9367.479,1981.396,4539.39,9428.252,2020.255,4478.58,9298.808,2016.508,4352.253,9583.937,1968.176,4403.621,9045.409,2008.945,4215.856,9471.335,1966.29,4537.007
9540.577,1975.98,4482.074,9434.652,1966.141,4620.916,9467.504,1955.12,4427.599,8661.919,1951.155,4225.847,9204.865,1976.812,4330.815,9392.433,1992.067,4394.375,9323.524,2014.702,4447.051,9118.488,1978.241,4373.909,9395.915,2030.728,4311.247,9365.367,1981.396,4538.642,9426.271,2020.255,4477.535,9296.695,2016.508,4351.508,9581.829,1968.176,4402.863,9043.17,2008.945,4215.923,9469.233,1966.29,4536.232
9538.433,1975.98,4481.136,9432.531,1966.141,4619.926,9465.329,1955.12,4426.733,8660.912,1951.155,4227.96,9202.61,1976.812,4330.186,9390.271,1992.067,4393.479,9321.366,2014.702,4446.143,9116.157,1978.241,4373.687,9393.653,2030.728,4310.643,9363.14,1981.396,4537.923,9424.165,2020.255,4476.512,9294.514,2016.508,4350.659,9579.653,1968.176,4402,9040.839,2008.945,4215.708,9467.064,1966.29,4535.35
9536.262,1975.98,4480.269,9430.444,1966.141,4618.874,9463.138,1955.12,4425.922,8659.977,1951.155,4230.102,9200.34,1976.812,4329.63,9388.141,1992.067,4392.517,9319.185,2014.702,4445.305,9113.839,1978.241,4373.389,9391.416,2030.728,4309.966,9360.896,1981.396,4537.268,9422.155,2020.255,4475.319,9292.428,2016.508,4349.604,9577.51,1968.176,4401.067,9038.506,2008.945,4215.569,9464.929,1966.29,4534.4
9533.32,1975.98,4479.204,9427.694,1966.141,4617.382,9460.188,1955.12,4424.884,8658.818,1951.155,4233.008,9197.326,1976.812,4328.789,9385.331,1992.067,4391.14,9316.23,2014.702,4444.274,9110.75,1978.241,4372.889,9388.452,2030.728,4308.963,9357.881,1981.396,4536.438,9419.414,2020.255,4473.811,9289.636,2016.508,4348.192,9574.684,1968.176,4399.726,9035.378,2008.945,4215.485,9462.106,1966.29,4533.049
9531.613,1975.98,4478.625,9426.082,1966.141,4616.574,9458.479,1955.12,4424.313,8658.206,1951.155,4234.704,9195.606,1976.812,4328.247,9383.688,1992.067,4390.399,9314.549,2014.702,4443.625,9108.98,1978.241,4372.542,9386.765,2030.728,4308.329,9356.159,1981.396,4535.903,9417.807,2020.255,4472.995,9288.011,2016.508,4347.411,9573.081,1968.176,4398.9,9033.575,2008.945,4215.496,9460.456,1966.29,4532.324
9528.917,1975.98,4477.612,9423.588,1966.141,4615.133,9455.729,1955.12,4423.458,8657.153,1951.155,4237.385,9192.811,1976.812,4327.555,9381.043,1992.067,4389.257,9311.896,2014.702,4442.5,9106.173,1978.241,4371.897,9384.035,2030.728,4307.407,9353.438,1981.396,4534.958,9415.333,2020.255,4471.519,9285.375,2016.508,4346.249,9570.479,1968.176,4397.665,9030.696,2008.945,4215.607,9457.782,1966.29,4531.252
9527.252,1975.98,4476.923,9421.999,1966.141,4614.283,9454.004,1955.12,4422.938,8656.548,1951.155,4239.083,9191.076,1976.812,4327.065,9379.397,1992.067,4388.521,9310.164,2014.702,4442.004,9104.415,1978.241,4371.499,9382.348,2030.728,4306.775,9351.755,1981.396,4534.312,9413.756,2020.255,4470.646,9283.703,2016.508,4345.576,9568.826,1968.176,4396.945,9028.9,2008.945,4215.458,9456.089,1966.29,4530.636
9524.624,1975.98,4475.736,9419.413,1966.141,4613.006,9451.242,1955.12,4422.108,8655.544,1951.155,4241.786,9188.328,1976.812,4326.191,9376.781,1992.067,4387.307,9307.373,2014.702,4441.276,9101.547,1978.241,4371.197,9379.682,2030.728,4305.675,9349.098,1981.396,4533.19,9411.232,2020.255,4469.25,9280.994,2016.508,4344.587,9566.146,1968.176,4395.878,9026.02,2008.945,4215.312,9453.348,1966.29,4529.738
9522.396,1975.98,4474.641,9417.152,1966.141,4611.98,9448.881,1955.12,4421.343,8654.623,1951.155,4244.092,9185.938,1976.812,4325.516,9374.496,1992.067,4386.336,9304.992,2014.702,4440.572,9099.088,1978.241,4370.857,9377.356,2030.728,4304.804,9346.814,1981.396,4532.215,9409.034,2020.255,4468.097,9278.762,2016.508,4343.5,9563.812,1968.176,4395.035,9023.537,2008.945,4215.268,9451.012,1966.29,4528.899
9520.265,1975.98,4473.669,9414.988,1966.141,4611.083,9446.669,1955.12,4420.573,8653.684,1951.155,4246.238,9183.706,1976.812,4324.806,9372.312,1992.067,4385.491,9302.769,2014.702,4439.833,9096.779,1978.241,4370.46,9375.19,2030.728,4303.911,9344.631,1981.396,4531.366,9406.937,2020.255,4467.055,9276.623,2016.508,4342.544,9561.584,1968.176,4394.31,9021.194,2008.945,4215.302,9448.834,1966.29,4528.036
9517.416,1975.98,4472.482,9412.101,1966.141,4609.994,9443.777,1955.12,4419.497,8652.499,1951.155,4249.087,9180.736,1976.812,4323.967,9369.325,1992.067,4384.711,9299.873,2014.702,4438.766,9093.723,1978.241,4370.037,9372.322,2030.728,4302.772,9341.61,1981.396,4530.734,9404.144,2020.255,4465.744,9273.766,2016.508,4341.378,9558.683,1968.176,4393.259,9018.111,2008.945,4215.449,9446.004,1966.29,4526.806
9514.646,1975.98,4471.432,9409.297,1966.141,4609.041,9441.025,1955.12,4418.404,8651.273,1951.155,4251.784,9177.872,1976.812,4323.212,9366.485,1992.067,4383.869,9297.063,2014.702,4437.833,9090.804,1978.241,4369.534,9369.535,2030.728,4301.771,9338.733,1981.396,4530.032,9401.437,2020.255,4464.544,9270.988,2016.508,4340.349,9555.933,1968.176,4392.16,9015.159,2008.945,4215.687,9443.328,1966.29,4525.537
9514.203,1975.98,4471.28,9408.849,1966.141,4608.904,9440.594,1955.12,4418.222,8651.058,1951.155,4252.2,9177.418,1976.812,4323.096,9366.026,1992.067,4383.774,9296.604,2014.702,4437.74,9090.337,1978.241,4369.491,9369.089,2030.728,4301.626,9338.282,1981.396,4529.906,9401.004,2020.255,4464.364,9270.567,2016.508,4340.143,9555.503,1968.176,4391.972,9014.691,2008.945,4215.71,9442.911,1966.29,4525.323
9512.024,1975.98,4470.585,9406.686,1966.141,4608.162,9438.507,1955.12,4417.287,8650.073,1951.155,4254.264,9175.223,1976.812,4322.453,9363.804,1992.067,4383.235,9294.378,2014.702,4437.212,9088.067,1978.241,4369.204,9366.937,2030.728,4300.853,9336.082,1981.396,4529.28,9398.875,2020.255,4463.53,9268.481,2016.508,4339.205,9553.438,1968.176,4390.987,9012.406,2008.945,4215.621,9440.842,1966.29,4524.349
9509.27,1975.98,4469.606,9403.945,1966.141,4607.144,9435.867,1955.12,4416.034,8648.902,1951.155,4256.942,9172.392,1976.812,4321.725,9360.923,1992.067,4382.739,9291.557,2014.702,4436.446,9085.181,1978.241,4368.743,9364.227,2030.728,4299.757,9333.298,1981.396,4528.389,9396.132,2020.255,4462.523,9265.777,2016.508,4338.095,9550.761,1968.176,4389.814,9009.483,2008.945,4215.602,9438.158,1966.29,4523.19
9507.578,1975.98,4468.943,9402.264,1966.141,4606.456,9434.239,1955.12,4415.227,8648.12,1951.155,4258.583,9170.647,1976.812,4321.214,9359.138,1992.067,4382.402,9289.763,2014.702,4436.155,9083.396,1978.241,4368.398,9362.521,2030.728,4299.132,9331.587,1981.396,4527.778,9394.413,2020.255,4461.934,9264.074,2016.508,4337.46,9549.073,1968.176,4389.139,9007.667,2008.945,4215.649,9436.468,1966.29,4522.524
9505.8,1975.98,4468.178,9400.505,1966.141,4605.648,9432.521,1955.12,4414.338,8647.345,1951.155,4260.356,9168.819,1976.812,4320.579,9357.242,1992.067,4382.016,9287.863,2014.702,4435.784,9081.481,1978.241,4368.118,9360.683,2030.728,4298.526,9329.744,1981.396,4527.188,9392.569,2020.255,4461.346,9262.239,2016.508,4336.844,9547.254,1968.176,4388.479,9005.731,2008.945,4215.635,9434.645,1966.29,4521.874
9503.673,1975.98,4467.18,9398.339,1966.141,4604.739,9430.454,1955.12,4413.223,8646.334,1951.155,4262.477,9166.576,1976.812,4319.881,9354.947,1992.067,4381.517,9285.573,2014.702,4435.257,9079.169,1978.241,4367.703,9358.445,2030.728,4297.81,9327.518,1981.396,4526.437,9390.316,2020.255,4460.681,9259.989,2016.508,4336.169,9545.021,1968.176,4387.747,9003.383,2008.945,4215.694,9432.407,1966.29,4521.156
9500.732,1975.98,4465.86,9395.326,1966.141,4603.588,9427.629,1955.12,4411.672,8645.042,1951.155,4265.431,9163.468,1976.812,4319.023,9351.807,1992.067,4380.792,9282.456,2014.702,4434.432,9076.016,1978.241,4367.029,9355.344,2030.728,4296.928,9324.476,1981.396,4525.367,9387.246,2020.255,4459.699,9256.883,2016.508,4335.308,9541.991,1968.176,4386.644,9000.158,2008.945,4215.684,9429.306,1966.29,4520.272
9499.284,1975.98,4465.266,9393.847,1966.141,4603.078,9426.264,1955.12,4410.908,8644.368,1951.155,4266.844,9161.946,1976.812,4318.657,9350.286,1992.067,4380.424,9280.957,2014.702,4433.982,9074.464,1978.241,4366.826,9353.828,2030.728,4296.538,9322.982,1981.396,4524.897,9385.766,2020.255,4459.192,9255.366,2016.508,4334.921,9540.539,1968.176,4386.061,8998.594,2008.945,4215.73,9427.815,1966.29,4519.794
9496.349,1975.98,4464.171,9390.854,1966.141,4602.154,9423.545,1955.12,4409.354,8643.113,1951.155,4269.714,9158.879,1976.812,4318.023,9347.251,1992.067,4379.657,9277.997,2014.702,4432.958,9071.373,1978.241,4366.318,9350.771,2030.728,4295.857,9320.027,1981.396,4523.858,9382.823,2020.255,4458.122,9252.317,2016.508,4334.205,9537.672,1968.176,4384.8,8995.468,2008.945,4215.926,9424.865,1966.29,4518.74
9494.863,1975.98,4463.672,9389.324,1966.141,4601.813,9422.192,1955.12,4408.563,8642.469,1951.155,4271.143,9157.35,1976.812,4317.681,9345.735,1992.067,4379.26,9276.519,2014.702,4432.439,9069.808,1978.241,4366.25,9349.207,2030.728,4295.746,9318.558,1981.396,4523.315,9381.307,2020.255,4457.727,9250.786,2016.508,4333.874,9536.259,1968.176,4384.123,8993.907,2008.945,4216.075,9423.407,1966.29,4518.165
9491.928,1975.98,4462.577,9386.29,1966.141,4601.031,9419.507,1955.12,4406.953,8641.198,1951.155,4274.007,9154.316,1976.812,4316.896,9342.712,1992.067,4378.443,9273.694,2014.702,4431.082,9066.684,1978.241,4366.013,9346.091,2030.728,4295.423,9315.585,1981.396,4522.326,9378.302,2020.255,4456.838,9247.71,2016.508,4333.285,9533.392,1968.176,4382.86,8990.8,2008.945,4216.474,9420.48,1966.29,4517.045
9490.479,1975.98,4461.982,9384.777,1966.141,4600.625,9418.174,1955.12,4406.131,8640.646,1951.155,4275.473,9152.788,1976.812,4316.552,9341.214,1992.067,4377.986,9272.262,2014.702,4430.448,9065.126,1978.241,4365.843,9344.532,2030.728,4295.27,9314.115,1981.396,4521.783,9376.815,2020.255,4456.345,9246.182,2016.508,4332.94,9531.938,1968.176,4382.276,8989.254,2008.945,4216.725,9419.024,1966.29,4516.468
9488.339,1975.98,4461.02,9382.533,1966.141,4599.942,9416.194,1955.12,4404.874,8639.747,1951.155,4277.64,9150.483,1976.812,4316.114,9338.993,1992.067,4377.23,9270.088,2014.702,4429.567,9062.804,1978.241,4365.512,9342.206,2030.728,4294.965,9312.022,1981.396,4520.723,9374.603,2020.255,4455.566,9243.911,2016.508,4332.35,9529.735,1968.176,4381.471,8986.952,2008.945,4217.175,9416.873,1966.29,4515.534
9485.424,1975.98,4459.708,9379.507,1966.141,4598.912,9413.522,1955.12,4403.122,8638.427,1951.155,4280.551,9147.313,1976.812,4315.699,9336.002,1992.067,4376.104,9267.09,2014.702,4428.459,9059.655,1978.241,4364.958,9339.052,2030.728,4294.446,9309.125,1981.396,4519.374,9371.53,2020.255,4454.685,9240.846,2016.508,4331.444,9526.699,1968.176,4380.47,8983.929,2008.945,4218.214,9413.984,1966.29,4514.166
9483.25,1975.98,4458.813,9377.272,1966.141,4598.179,9411.517,1955.12,4401.895,8637.386,1951.155,4282.659,9144.993,1976.812,4315.318,9333.829,1992.067,4375.206,9264.86,2014.702,4427.714,9057.396,1978.241,4364.305,9336.745,2030.728,4293.989,9307.008,1981.396,4518.351,9369.293,2020.255,4453.963,9238.635,2016.508,4330.643,9524.491,1968.176,4379.661,8981.681,2008.945,4218.905,9411.893,1966.29,4513.092
9481.048,1975.98,4457.989,9375.046,1966.141,4597.424,9409.473,1955.12,4400.732,8636.414,1951.155,4284.801,9142.687,1976.812,4314.862,9331.656,1992.067,4374.31,9262.608,2014.702,4427.039,9055.117,1978.241,4363.726,9334.453,2030.728,4293.463,9304.858,1981.396,4517.397,9367.08,2020.255,4453.168,9236.398,2016.508,4329.915,9522.311,1968.176,4378.781,8979.411,2008.945,4219.522,9409.836,1966.29,4511.951
9478.83,1975.98,4457.209,9372.845,1966.141,4596.596,9407.394,1955.12,4399.634,8635.373,1951.155,4286.909,9140.396,1976.812,4314.33,9329.483,1992.067,4373.416,9260.337,2014.702,4426.434,9052.82,1978.241,4363.222,9332.178,2030.728,4292.871,9302.679,1981.396,4516.515,9364.895,2020.255,4452.301,9234.141,2016.508,4329.26,9520.16,1968.176,4377.83,8977.123,2008.945,4220.064,9407.744,1966.29,4510.878
9477.1,1975.98,4456.64,9371.161,1966.141,4595.899,9405.757,1955.12,4398.833,8634.62,1951.155,4288.569,9138.602,1976.812,4314.014,9327.779,1992.067,4372.771,9258.593,2014.702,4425.908,9051.023,1978.241,4362.919,9330.429,2030.728,4292.36,9301.112,1981.396,4515.583,9363.224,2020.255,4451.574,9232.408,2016.508,4328.695,9518.519,1968.176,4377.039,8975.337,2008.945,4220.427,9406.097,1966.29,4510.1
9475.275,1975.98,4455.975,9369.393,1966.141,4595.099,9403.987,1955.12,4398.034,8633.836,1951.155,4290.345,9136.701,1976.812,4313.615,9325.944,1992.067,4372.138,9256.753,2014.702,4425.287,9049.089,1978.241,4362.749,9328.582,2030.728,4291.762,9299.412,1981.396,4514.646,9361.395,2020.255,4450.924,9230.543,2016.508,4328.155,9516.743,1968.176,4376.253,8973.447,2008.945,4220.875,9404.315,1966.29,4509.328
9472.358,1975.98,4454.801,9366.544,1966.141,4593.767,9401.084,1955.12,4396.828,8632.66,1951.155,4293.261,9133.604,1976.812,4313.07,9322.943,1992.067,4371.2,9253.718,2014.702,4424.466,9045.959,1978.241,4362.449,9325.621,2030.728,4290.706,9296.61,1981.396,4513.219,9358.394,2020.255,4449.987,9227.453,2016.508,4327.576,9513.828,1968.176,4375.075,8970.405,2008.945,4221.668,9401.392,1966.29,4508.172
9470.072,1975.98,4453.794,9364.283,1966.141,4592.705,9398.749,1955.12,4395.941,8631.943,1951.155,4295.654,9131.168,1976.812,4312.521,9320.539,1992.067,4370.524,9251.317,2014.702,4423.774,9043.477,1978.241,4362.174,9323.294,2030.728,4289.798,9294.349,1981.396,4512.158,9355.976,2020.255,4449.362,9225.015,2016.508,4327.036,9511.483,1968.176,4374.213,8968.053,2008.945,4222.509,9399.04,1966.29,4507.33
9468.426,1975.98,4453.004,9362.715,1966.141,4591.77,9397.023,1955.12,4395.345,8631.362,1951.155,4297.385,9129.375,1976.812,4312.177,9318.768,1992.067,4370.083,9249.535,2014.702,4423.378,9041.669,1978.241,4361.915,9321.613,2030.728,4289.085,9292.671,1981.396,4511.438,9354.224,2020.255,4448.847,9223.246,2016.508,4326.583,9509.75,1968.176,4373.638,8966.314,2008.945,4223.067,9397.302,1966.29,4506.77
9466.661,1975.98,4452.193,9361.015,1966.141,4590.83,9395.169,1955.12,4394.766,8630.685,1951.155,4299.206,9127.433,1976.812,4312.136,9316.869,1992.067,4369.668,9247.653,2014.702,4422.895,9039.741,1978.241,4361.673,9319.848,2030.728,4288.275,9290.861,1981.396,4510.729,9352.378,2020.255,4448.239,9221.381,2016.508,4326.039,9507.927,1968.176,4372.966,8964.446,2008.945,4223.6,9395.434,1966.29,4506.235
9464.508,1975.98,4451.247,9358.919,1966.141,4589.759,9392.903,1955.12,4394.131,8629.792,1951.155,4301.383,9125.083,1976.812,4312.01,9314.588,1992.067,4369.091,9245.395,2014.702,4422.235,9037.408,1978.241,4361.365,9317.678,2030.728,4287.364,9288.711,1981.396,4509.774,9350.198,2020.255,4447.352,9219.102,2016.508,4325.455,9505.746,1968.176,4372.081,8962.163,2008.945,4224.171,9393.151,1966.29,4505.66
9462.321,1975.98,4450.37,9356.787,1966.141,4588.757,9390.619,1955.12,4393.555,8628.827,1951.155,4303.532,9122.736,1976.812,4311.806,9312.324,1992.067,4368.439,9243.156,2014.702,4421.501,9035.063,1978.241,4361.134,9315.477,2030.728,4286.523,9286.528,1981.396,4508.888,9347.994,2020.255,4446.521,9216.904,2016.508,4324.606,9503.594,1968.176,4371.124,8959.99,2008.945,4225.081,9390.887,1966.29,4505.011
9460.113,1975.98,4449.566,9354.629,1966.141,4587.827,9388.327,1955.12,4393.039,8627.795,1951.155,4305.644,9120.392,1976.812,4311.659,9310.089,1992.067,4367.715,9240.948,2014.702,4420.697,9032.76,1978.241,4360.672,9313.37,2030.728,4285.483,9284.38,1981.396,4507.938,9345.78,2020.255,4445.732,9214.686,2016.508,4323.832,9501.479,1968.176,4370.1,8957.795,2008.945,4225.917,9388.65,1966.29,4504.29
9457.877,1975.98,4448.834,9352.438,1966.141,4586.967,9386.021,1955.12,4392.577,8626.693,1951.155,4307.723,9118.049,1976.812,4311.434,9307.874,1992.067,4366.921,9238.713,2014.702,4419.96,9030.438,1978.241,4360.285,9311.228,2030.728,4284.51,9282.198,1981.396,4507.056,9343.539,2020.255,4445.016,9212.487,2016.508,4322.993,9499.396,1968.176,4369.005,8955.569,2008.945,4226.683,9386.436,1966.29,4503.495
9454.903,1975.98,4447.797,9349.471,1966.141,4585.913,9382.92,1955.12,4392.03,8625.398,1951.155,4310.593,9114.926,1976.812,4311.031,9304.937,1992.067,4365.785,9235.646,2014.702,4419.246,9027.316,1978.241,4359.869,9308.503,2030.728,4282.932,9279.241,1981.396,4505.973,9340.572,2020.255,4443.959,9209.563,2016.508,4321.823,9496.562,1968.176,4367.632,8952.56,2008.945,4227.609,9383.508,1966.29,4502.335
9453.173,1975.98,4447.255,9347.781,1966.141,4585.254,9381.131,1955.12,4391.738,8624.599,1951.155,4312.221,9113.136,1976.812,4310.741,9303.225,1992.067,4365.187,9233.879,2014.702,4418.835,9025.528,1978.241,4359.567,9306.942,2030.728,4282.007,9277.594,1981.396,4505.213,9338.911,2020.255,4443.231,9207.904,2016.508,4321.092,9494.904,1968.176,4366.895,8950.81,2008.945,4228.086,9381.845,1966.29,4501.613
9451.188,1975.98,4446.563,9345.849,1966.141,4584.427,9379.055,1955.12,4391.416,8623.61,1951.155,4314.076,9111.073,1976.812,4310.336,9301.191,1992.067,4364.654,9231.849,2014.702,4418.293,9023.445,1978.241,4359.286,9305.101,2030.728,4280.995,9275.657,1981.396,4504.396,9336.959,2020.255,4442.452,9206.03,2016.508,4320.14,9492.957,1968.176,4366.103,8948.834,2008.945,4228.804,9379.945,1966.29,4500.713
9448.099,1975.98,4445.596,9342.916,1966.141,4583.056,9375.85,1955.12,4390.968,8622.183,1951.155,4316.982,9107.918,1976.812,4309.61,9298.088,1992.067,4363.732,9228.693,2014.702,4417.567,9020.253,1978.241,4358.747,9302.214,2030.728,4279.53,9272.918,1981.396,4502.671,9333.971,2020.255,4441.206,9203.098,2016.508,4318.768,9489.921,1968.176,4364.98,8945.821,2008.945,4229.991,9376.99,1966.29,4499.39
9446.615,1975.98,4445.079,9341.516,1966.141,4582.345,9374.295,1955.12,4390.745,8621.536,1951.155,4318.414,9106.399,1976.812,4309.208,9296.597,1992.067,4363.24,9227.175,2014.702,4417.165,9018.714,1978.241,4358.436,9300.791,2030.728,4278.865,9271.563,1981.396,4501.878,9332.504,2020.255,4440.644,9201.653,2016.508,4318.149,9488.431,1968.176,4364.483,8944.351,2008.945,4230.542,9375.536,1966.29,4498.795
9443.688,1975.98,4443.95,9338.673,1966.141,4581.016,9371.188,1955.12,4390.317,8620.34,1951.155,4321.315,9103.317,1976.812,4308.62,9293.647,1992.067,4362.168,9224.169,2014.702,4416.264,9015.66,1978.241,4357.712,9297.966,2030.728,4277.499,9268.804,1981.396,4500.384,9329.542,2020.255,4439.609,9198.73,2016.508,4317.009,9485.424,1968.176,4363.585,8941.46,2008.945,4231.762,9372.595,1966.29,4497.701
9442.241,1975.98,4443.338,9337.229,1966.141,4580.398,9369.641,1955.12,4390.052,8619.789,1951.155,4322.785,9101.785,1976.812,4308.275,9292.188,1992.067,4361.588,9222.681,2014.702,4415.764,9014.128,1978.241,4357.369,9296.544,2030.728,4276.833,9267.399,1981.396,4499.682,9328.045,2020.255,4439.136,9197.25,2016.508,4316.486,9483.906,1968.176,4363.184,8939.994,2008.945,4232.325,9371.139,1966.29,4497.114
9440.108,1975.98,4442.353,9335.041,1966.141,4579.544,9367.339,1955.12,4389.581,8618.896,1951.155,4324.958,9099.512,1976.812,4307.685,9290.032,1992.067,4360.656,9220.479,2014.702,4414.945,9011.917,1978.241,4356.576,9294.386,2030.728,4275.905,9265.293,1981.396,4498.642,9325.785,2020.255,4438.495,9194.96,2016.508,4315.96,9481.617,1968.176,4362.654,8937.774,2008.945,4233.096,9368.984,1966.29,4496.178
9437.434,1975.98,4441.01,9332.266,1966.141,4578.424,9364.428,1955.12,4388.885,8617.851,1951.155,4327.762,9096.608,1976.812,4306.96,9287.248,1992.067,4359.56,9217.707,2014.702,4413.815,9009.068,1978.241,4355.659,9291.6,2030.728,4274.813,9262.567,1981.396,4497.406,9322.934,2020.255,4437.585,9192.066,2016.508,4315.197,9478.695,1968.176,4362.005,8934.949,2008.945,4234.084,9366.202,1966.29,4495.075
9435.97,1975.98,4440.302,9330.738,1966.141,4577.865,9362.858,1955.12,4388.455,8617.232,1951.155,4329.266,9095.044,1976.812,4306.515,9285.716,1992.067,4359.014,9216.187,2014.702,4413.239,9007.505,1978.241,4355.211,9290.066,2030.728,4274.269,9261.064,1981.396,4496.783,9321.395,2020.255,4437.061,9190.508,2016.508,4314.731,9477.12,1968.176,4361.601,8933.396,2008.945,4234.57,9364.684,1966.29,4494.493
9433.814,1975.98,4439.346,9328.443,1966.141,4577.324,9360.605,1955.12,4387.759,8616.266,1951.155,4331.417,9092.799,1976.812,4305.796,9283.47,1992.067,4358.295,9213.982,2014.702,4412.402,9005.242,1978.241,4354.547,9287.82,2030.728,4273.551,9258.862,1981.396,4495.942,9319.179,2020.255,4436.256,9188.271,2016.508,4313.983,9474.856,1968.176,4360.941,8931.125,2008.945,4235.202,9362.467,1966.29,4493.692
9431.112,1975.98,4438.252,9325.629,1966.141,4576.563,9357.85,1955.12,4386.809,8615.021,1951.155,4334.053,9089.995,1976.812,4304.998,9280.672,1992.067,4357.475,9211.242,2014.702,4411.408,9002.368,1978.241,4354.059,9285.017,2030.728,4272.753,9256.107,1981.396,4494.988,9316.459,2020.255,4435.208,9185.538,2016.508,4312.971,9472.086,1968.176,4360.034,8928.343,2008.945,4236.074,9359.708,1966.29,4492.754
9429.04,1975.98,4437.49,9323.518,1966.141,4575.92,9355.787,1955.12,4386.022,8614.146,1951.155,4336.08,9087.966,1976.812,4304.129,9278.575,1992.067,4356.786,9209.186,2014.702,4410.609,9000.205,1978.241,4353.619,9282.875,2030.728,4272.217,9254,1981.396,4494.332,9314.415,2020.255,4434.377,9183.493,2016.508,4312.139,9470.012,1968.176,4359.28,8926.205,2008.945,4236.623,9357.605,1966.29,4492.085
9425.601,1975.98,4436.352,9320.087,1966.141,4574.755,9352.444,1955.12,4384.625,8612.817,1951.155,4339.451,9084.687,1976.812,4302.587,9275.169,1992.067,4355.552,9205.779,2014.702,4409.38,8996.681,1978.241,4352.78,9279.334,2030.728,4271.45,9250.51,1981.396,4493.36,9311.021,2020.255,4433.111,9180.183,2016.508,4310.667,9466.649,1968.176,4357.931,8922.728,2008.945,4237.639,9354.151,1966.29,4490.99
9423.462,1975.98,4435.72,9317.999,1966.141,4573.972,9350.414,1955.12,4383.702,8612.068,1951.155,4341.551,9082.639,1976.812,4301.705,9273.096,1992.067,4354.73,9203.64,2014.702,4408.752,8994.529,1978.241,4352.193,9277.171,2030.728,4270.906,9248.344,1981.396,4492.828,9308.909,2020.255,4432.394,9178.116,2016.508,4309.828,9464.607,1968.176,4357.033,8920.536,2008.945,4238.056,9352.049,1966.29,4490.246
9423.006,1975.98,4435.602,9317.563,1966.141,4573.793,9349.991,1955.12,4383.495,8611.925,1951.155,4342,9082.2,1976.812,4301.533,9272.652,1992.067,4354.571,9203.192,2014.702,4408.605,8994.079,1978.241,4352.054,9276.718,2030.728,4270.776,9247.883,1981.396,4492.729,9308.46,2020.255,4432.251,9177.674,2016.508,4309.665,9464.183,1968.176,4356.83,8920.076,2008.945,4238.159,9351.6,1966.29,4490.104
9419.466,1975.98,4434.803,9314.163,1966.141,4572.523,9346.743,1955.12,4381.878,8610.932,1951.155,4345.491,9078.812,1976.812,4300.234,9269.238,1992.067,4353.338,9199.772,2014.702,4407.394,8990.647,1978.241,4350.872,9273.264,2030.728,4269.664,9244.36,1981.396,4491.854,9305.012,2020.255,4431.144,9174.229,2016.508,4308.522,9460.962,1968.176,4355.156,8916.545,2008.945,4238.999,9348.178,1966.29,4488.894
9417.07,1975.98,4434.179,9311.935,1966.141,4571.446,9344.526,1955.12,4380.778,8610.177,1951.155,4347.848,9076.473,1976.812,4299.424,9266.875,1992.067,4352.601,9197.438,2014.702,4406.581,8988.335,1978.241,4349.989,9270.848,2030.728,4269.125,9241.979,1981.396,4491.18,9302.657,2020.255,4430.378,9171.905,2016.508,4307.667,9458.729,1968.176,4354.086,8914.122,2008.945,4239.507,9345.879,1966.29,4487.974
9413.303,1975.98,4433.067,9308.344,1966.141,4569.852,9340.998,1955.12,4379.053,8608.857,1951.155,4351.548,9072.614,1976.812,4298.688,9263.158,1992.067,4351.33,9193.755,2014.702,4405.218,8984.621,1978.241,4348.709,9267.044,2030.728,4268.144,9238.172,1981.396,4490.21,9298.947,2020.255,4429.09,9168.177,2016.508,4306.431,9455.134,1968.176,4352.504,8910.297,2008.945,4240.4,9342.191,1966.29,4486.621
9412.447,1975.98,4432.785,9307.509,1966.141,4569.514,9340.177,1955.12,4378.683,8608.527,1951.155,4352.386,9071.735,1976.812,4298.491,9262.308,1992.067,4351.033,9192.941,2014.702,4404.843,8983.761,1978.241,4348.443,9266.175,2030.728,4267.909,9237.307,1981.396,4489.96,9298.103,2020.255,4428.778,9167.313,2016.508,4306.175,9454.298,1968.176,4352.168,8909.427,2008.945,4240.634,9341.343,1966.29,4486.32
9412.006,1975.98,4432.623,9307.067,1966.141,4569.351,9339.742,1955.12,4378.503,8608.341,1951.155,4352.818,9071.28,1976.812,4298.373,9261.869,1992.067,4350.863,9192.508,2014.702,4404.66,8983.307,1978.241,4348.319,9265.71,2030.728,4267.837,9236.859,1981.396,4489.814,9297.664,2020.255,4428.607,9166.867,2016.508,4306.027,9453.855,1968.176,4352.007,8908.977,2008.945,4240.771,9340.897,1966.29,4486.168
9408.291,1975.98,4431.12,9303.263,1966.141,4568.092,9335.997,1955.12,4377.078,8606.631,1951.155,4356.442,9067.435,1976.812,4297.245,9258.3,1992.067,4349.042,9188.767,2014.702,4403.224,8979.413,1978.241,4347.371,9261.771,2030.728,4267.096,9233.068,1981.396,4488.517,9293.962,2020.255,4427.078,9163.024,2016.508,4304.891,9450.049,1968.176,4350.755,8905.08,2008.945,4241.707,9337.091,1966.29,4484.922
9406.334,1975.98,4430.254,9301.21,1966.141,4567.487,9333.98,1955.12,4376.364,8605.655,1951.155,4358.347,9065.362,1976.812,4296.71,9256.397,1992.067,4348.062,9186.747,2014.702,4402.516,8977.292,1978.241,4347.088,9259.683,2030.728,4266.632,9230.989,1981.396,4488.008,9291.959,2020.255,4426.324,9160.96,2016.508,4304.327,9447.996,1968.176,4350.152,8903.017,2008.945,4242.275,9335.077,1966.29,4484.199
9404.866,1975.98,4429.546,9299.633,1966.141,4567.077,9332.434,1955.12,4375.853,8604.865,1951.155,4359.773,9063.771,1976.812,4296.354,9254.925,1992.067,4347.364,9185.225,2014.702,4401.934,8975.685,1978.241,4346.819,9258.104,2030.728,4266.226,9229.42,1981.396,4487.569,9290.416,2020.255,4425.799,9159.37,2016.508,4303.966,9446.419,1968.176,4349.741,8901.447,2008.945,4242.717,9333.56,1966.29,4483.606
9402.768,1975.98,4428.473,9297.322,1966.141,4566.608,9330.182,1955.12,4375.158,8603.655,1951.155,4361.796,9061.455,1976.812,4295.916,9252.767,1992.067,4346.417,9183.07,2014.702,4401.015,8973.373,1978.241,4346.355,9255.839,2030.728,4265.573,9227.137,1981.396,4486.984,9288.184,2020.255,4425.04,9157.09,2016.508,4303.369,9444.121,1968.176,4349.217,8899.2,2008.945,4243.431,9331.368,1966.29,4482.738
9400.637,1975.98,4427.47,9295.031,1966.141,4566.065,9327.938,1955.12,4374.444,8602.381,1951.155,4363.777,9059.111,1976.812,4295.69,9250.584,1992.067,4345.533,9180.905,2014.702,4400.089,8971.062,1978.241,4345.908,9253.597,2030.728,4264.854,9224.876,1981.396,4486.325,9285.98,2020.255,4424.209,9154.833,2016.508,4302.698,9441.844,1968.176,4348.618,8896.98,2008.945,4244.216,9329.208,1966.29,4481.8
9398.471,1975.98,4426.535,9292.732,1966.141,4565.535,9325.714,1955.12,4373.656,8601.17,1951.155,4365.801,9056.771,1976.812,4295.388,9248.373,1992.067,4344.712,9178.707,2014.702,4399.233,8968.775,1978.241,4345.327,9251.373,2030.728,4264.068,9222.556,1981.396,4485.902,9283.79,2020.255,4423.336,9152.557,2016.508,4302.079,9439.583,1968.176,4347.944,8894.783,2008.945,4245.076,9327.028,1966.29,4480.9
9395.454,1975.98,4425.349,9289.6,1966.141,4564.703,9322.695,1955.12,4372.475,8599.599,1951.155,4368.636,9053.572,1976.812,4294.867,9245.303,1992.067,4343.674,9175.693,2014.702,4398.041,8965.641,1978.241,4344.502,9248.351,2030.728,4262.9,9219.388,1981.396,4485.218,9280.804,2020.255,4422.08,9149.458,2016.508,4301.127,9436.509,1968.176,4346.918,8891.805,2008.945,4246.354,9324.012,1966.29,4479.719
9393.973,1975.98,4424.821,9288.094,1966.141,4564.25,9321.233,1955.12,4371.896,8598.882,1951.155,4370.035,9052.029,1976.812,4294.563,9243.8,1992.067,4343.214,9174.213,2014.702,4397.51,8964.108,1978.241,4344.152,9246.901,2030.728,4262.291,9217.862,1981.396,4484.836,9279.335,2020.255,4421.518,9147.971,2016.508,4300.617,9435.034,1968.176,4346.372,8890.341,2008.945,4246.927,9322.617,1966.29,4478.993
9389.266,1975.98,4423.315,9283.41,1966.141,4562.672,9316.699,1955.12,4369.929,8596.773,1951.155,4374.505,9047.214,1976.812,4293.452,9239.034,1992.067,4341.908,9169.508,2014.702,4395.997,8959.348,1978.241,4342.826,9242.404,2030.728,4260.243,9213.11,1981.396,4483.479,9274.755,2020.255,4419.665,9143.349,2016.508,4298.868,9430.458,1968.176,4344.504,8885.539,2008.945,4248.095,9318.199,1966.29,4476.783
9388.813,1975.98,4423.182,9282.969,1966.141,4562.507,9316.272,1955.12,4369.729,8596.586,1951.155,4374.938,9046.751,1976.812,4293.362,9238.576,1992.067,4341.797,9169.062,2014.702,4395.845,8958.896,1978.241,4342.69,9241.969,2030.728,4260.062,9212.661,1981.396,4483.335,9274.321,2020.255,4419.48,9142.907,2016.508,4298.703,9430.027,1968.176,4344.312,8885.085,2008.945,4248.221,9317.771,1966.29,4476.584
9387.87,1975.98,4422.925,9282.064,1966.141,4562.135,9315.4,1955.12,4369.287,8596.228,1951.155,4375.847,9045.794,1976.812,4293.163,9237.634,1992.067,4341.536,9168.139,2014.702,4395.523,8957.951,1978.241,4342.44,9241.06,2030.728,4259.702,9211.74,1981.396,4483.006,9273.429,2020.255,4419.081,9141.98,2016.508,4298.392,9429.147,1968.176,4343.884,8884.152,2008.945,4248.514,9316.874,1966.29,4476.197
9384.618,1975.98,4422.118,9278.964,1966.141,4560.865,9312.447,1955.12,4367.704,8595.102,1951.155,4379.003,9042.537,1976.812,4292.373,9234.433,1992.067,4340.545,9164.951,2014.702,4394.491,8954.685,1978.241,4341.691,9237.904,2030.728,4258.572,9208.624,1981.396,4481.774,9270.36,2020.255,4417.739,9138.771,2016.508,4297.43,9426.183,1968.176,4342.321,8880.989,2008.945,4249.621,9313.761,1966.29,4474.959
9382.747,1975.98,4421.588,9277.219,1966.141,4560.008,9310.747,1955.12,4366.809,8594.509,1951.155,4380.855,9040.664,1976.812,4291.854,9232.594,1992.067,4339.915,9163.077,2014.702,4393.976,8952.804,1978.241,4341.199,9236.054,2030.728,4257.977,9206.843,1981.396,4480.996,9268.574,2020.255,4416.975,9136.928,2016.508,4296.812,9424.435,1968.176,4341.471,8879.176,2008.945,4250.32,9311.935,1966.29,4474.292
9380.498,1975.98,4420.873,9275.106,1966.141,4558.955,9308.626,1955.12,4365.774,8593.863,1951.155,4383.125,9038.411,1976.812,4291.148,9230.385,1992.067,4339.083,9160.821,2014.702,4393.28,8950.539,1978.241,4340.534,9233.832,2030.728,4257.181,9204.65,1981.396,4480.123,9266.397,2020.255,4416.065,9134.667,2016.508,4296.134,9422.279,1968.176,4340.508,8877.002,2008.945,4251.239,9309.695,1966.29,4473.547
9378.195,1975.98,4420.057,9272.891,1966.141,4557.925,9306.398,1955.12,4364.771,8593.272,1951.155,4385.496,9036.175,1976.812,4290.165,9228.125,1992.067,4338.155,9158.511,2014.702,4392.486,8948.217,1978.241,4339.776,9231.506,2030.728,4256.432,9202.546,1981.396,4478.881,9264.137,2020.255,4415.142,9132.256,2016.508,4295.741,9420.018,1968.176,4339.583,8874.782,2008.945,4252.26,9307.356,1966.29,4472.842
9375.405,1975.98,4418.965,9270.134,1966.141,4556.75,9303.631,1955.12,4363.623,8592.643,1951.155,4388.425,9033.394,1976.812,4289.05,9225.388,1992.067,4336.937,9155.67,2014.702,4391.532,8945.397,1978.241,4338.761,9228.71,2030.728,4255.355,9199.917,1981.396,4477.443,9261.331,2020.255,4414.09,9129.315,2016.508,4295.163,9417.209,1968.176,4338.54,8872.101,2008.945,4253.598,9304.461,1966.29,4472.07
9373.906,1975.98,4418.321,9268.711,1966.141,4555.953,9302.107,1955.12,4363.041,8592.353,1951.155,4390.031,9031.86,1976.812,4288.492,9223.918,1992.067,4336.229,9154.141,2014.702,4390.964,8943.879,1978.241,4338.164,9227.17,2030.728,4254.817,9198.461,1981.396,4476.708,9259.787,2020.255,4413.563,9127.726,2016.508,4294.796,9415.662,1968.176,4338.021,8870.664,2008.945,4254.372,9302.872,1966.29,4471.702
9371.179,1975.98,4417.044,9266.037,1966.141,4554.567,9299.268,1955.12,4362.042,8591.914,1951.155,4393.01,9029.152,1976.812,4287.175,9221.243,1992.067,4334.847,9151.339,2014.702,4389.859,8941.108,1978.241,4336.985,9224.297,2030.728,4253.917,9195.73,1981.396,4475.438,9256.91,2020.255,4412.676,9124.815,2016.508,4294.024,9412.778,1968.176,4337.153,8868.06,2008.945,4255.884,9299.918,1966.29,4471.116
9368.729,1975.98,4415.799,9263.557,1966.141,4553.382,9296.655,1955.12,4361.19,8591.603,1951.155,4395.74,9026.643,1976.812,4286.055,9218.767,1992.067,4333.656,9148.815,2014.702,4388.771,8938.611,1978.241,4335.839,9221.7,2030.728,4253.018,9193.201,1981.396,4474.362,9254.219,2020.255,4412.125,9122.184,2016.508,4293.233,9410.123,1968.176,4336.444,8865.728,2008.945,4257.337,9297.206,1966.29,4470.669
9368.194,1975.98,4415.549,9263.017,1966.141,4553.146,9296.09,1955.12,4361.022,8591.555,1951.155,4396.328,9026.115,1976.812,4285.792,9218.229,1992.067,4333.416,9148.266,2014.702,4388.558,8938.082,1978.241,4335.579,9221.148,2030.728,4252.809,9192.651,1981.396,4474.149,9253.646,2020.255,4411.988,9121.625,2016.508,4293.045,9409.559,1968.176,4336.274,8865.237,2008.945,4257.665,9296.628,1966.29,4470.555
9363.806,1975.98,4413.666,9258.582,1966.141,4551.374,9291.481,1955.12,4359.775,8591.325,1951.155,4401.098,9021.775,1976.812,4283.798,9213.813,1992.067,4331.599,9143.867,2014.702,4386.699,8933.851,1978.241,4333.368,9216.734,2030.728,4250.986,9188.144,1981.396,4472.571,9248.975,2020.255,4410.992,9117.149,2016.508,4291.378,9405.035,1968.176,4334.744,8861.351,2008.945,4260.44,9291.977,1966.29,4469.472
9361.036,1975.98,4412.583,9255.785,1966.141,4550.361,9288.592,1955.12,4359.074,8591.279,1951.155,4404.072,9019.033,1976.812,4282.646,9211.03,1992.067,4330.549,9141.066,2014.702,4385.714,8931.171,1978.241,4332.077,9214.021,2030.728,4249.771,9185.37,1981.396,4471.497,9246.021,2020.255,4410.641,9114.397,2016.508,4290.25,9402.25,1968.176,4333.699,8858.875,2008.945,4262.089,9289.104,1966.29,4468.704
9360.592,1975.98,4412.426,9255.337,1966.141,4550.215,9288.131,1955.12,4358.977,8591.287,1951.155,4404.543,9018.603,1976.812,4282.455,9210.585,1992.067,4330.396,9140.627,2014.702,4385.544,8930.74,1978.241,4331.887,9213.596,2030.728,4249.566,9184.925,1981.396,4471.341,9245.556,2020.255,4410.57,9113.967,2016.508,4290.058,9401.814,1968.176,4333.52,8858.475,2008.945,4262.337,9288.652,1966.29,4468.567
9359.022,1975.98,4411.928,9253.756,1966.141,4549.757,9286.512,1955.12,4358.681,8591.262,1951.155,4406.189,9017.101,1976.812,4281.78,9209.014,1992.067,4329.905,9139.11,2014.702,4384.904,8929.214,1978.241,4331.271,9212.135,2030.728,4248.808,9183.354,1981.396,4470.848,9243.938,2020.255,4410.269,9112.486,2016.508,4289.337,9400.314,1968.176,4332.842,8857.048,2008.945,4263.158,9287.094,1966.29,4468.039
9355.62,1975.98,4410.969,9250.33,1966.141,4548.885,9283.019,1955.12,4358.142,8591.092,1951.155,4409.72,9014.129,1976.812,4279.865,9205.61,1992.067,4328.952,9135.811,2014.702,4383.637,8925.894,1978.241,4330.057,9209.046,2030.728,4247.089,9179.949,1981.396,4469.9,9240.428,2020.255,4409.843,9109.358,2016.508,4287.691,9397.142,1968.176,4331.284,8853.928,2008.945,4264.819,9283.785,1966.29,4466.794
9354.122,1975.98,4410.493,9248.796,1966.141,4548.547,9281.46,1955.12,4357.948,8590.965,1951.155,4411.287,9012.781,1976.812,4279.058,9204.112,1992.067,4328.479,9134.356,2014.702,4383.042,8924.401,1978.241,4329.565,9207.648,2030.728,4246.37,9178.385,1981.396,4469.752,9238.873,2020.255,4409.618,9107.992,2016.508,4286.916,9395.71,1968.176,4330.637,8852.518,2008.945,4265.512,9282.328,1966.29,4466.208
9351.929,1975.98,4409.951,9246.574,1966.141,4548.135,9279.212,1955.12,4357.725,8590.709,1951.155,4413.531,9010.806,1976.812,4277.96,9201.981,1992.067,4327.728,9132.238,2014.702,4382.255,8922.233,1978.241,4328.93,9205.607,2030.728,4245.401,9176.144,1981.396,4469.465,9236.646,2020.255,4409.246,9106.063,2016.508,4285.739,9393.622,1968.176,4329.774,8850.458,2008.945,4266.441,9280.252,1966.29,4465.318
9349.642,1975.98,4409.369,9244.241,1966.141,4547.78,9276.859,1955.12,4357.546,8590.365,1951.155,4415.866,9008.754,1976.812,4276.795,9199.731,1992.067,4327.018,9130,2014.702,4381.507,8919.948,1978.241,4328.34,9203.444,2030.728,4244.459,9173.814,1981.396,4469.089,9234.328,2020.255,4408.806,9104.088,2016.508,4284.45,9391.413,1968.176,4328.944,8848.276,2008.945,4267.34,9278.106,1966.29,4464.337
9347.379,1975.98,4408.712,9241.925,1966.141,4547.349,9274.517,1955.12,4357.292,8589.945,1951.155,4418.185,9006.693,1976.812,4275.653,9197.509,1992.067,4326.235,9127.8,2014.702,4380.663,8917.648,1978.241,4327.827,9201.255,2030.728,4243.589,9171.502,1981.396,4468.637,9232.023,2020.255,4408.318,9102.151,2016.508,4283.107,9389.182,1968.176,4328.187,8846.069,2008.945,4268.167,9275.948,1966.29,4463.395
9345.227,1975.98,4407.744,9239.62,1966.141,4546.842,9272.18,1955.12,4356.961,8589.449,1951.155,4420.492,9004.593,1976.812,4274.577,9195.259,1992.067,4325.524,9125.711,2014.702,4379.564,8915.33,1978.241,4327.388,9199.092,2030.728,4242.646,9169.202,1981.396,4468.109,9229.727,2020.255,4407.781,9100.169,2016.508,4281.827,9386.924,1968.176,4327.501,8843.833,2008.945,4268.921,9273.771,1966.29,4462.487
9342.226,1975.98,4406.51,9236.412,1966.141,4546.354,9268.983,1955.12,4356.401,8588.664,1951.155,4423.64,9001.658,1976.812,4273.192,9192.198,1992.067,4324.446,9122.791,2014.702,4378.148,8912.123,1978.241,4326.889,9196.161,2030.728,4241.253,9166.064,1981.396,4467.28,9226.583,2020.255,4406.978,9097.387,2016.508,4280.157,9383.791,1968.176,4326.656,8840.727,2008.945,4269.858,9270.755,1966.29,4461.292
9340.753,1975.98,4405.96,9234.866,1966.141,4546.066,9267.444,1955.12,4356.08,8588.234,1951.155,4425.152,9000.215,1976.812,4272.568,9190.713,1992.067,4323.93,9121.354,2014.702,4377.509,8910.583,1978.241,4326.571,9194.771,2030.728,4240.521,9164.559,1981.396,4466.829,9225.068,2020.255,4406.559,9096.013,2016.508,4279.392,9382.261,1968.176,4326.295,8839.207,2008.945,4270.263,9269.284,1966.29,4460.738
9338.604,1975.98,4405.01,9232.572,1966.141,4545.562,9265.161,1955.12,4355.525,8587.518,1951.155,4427.39,8998.029,1976.812,4271.708,9188.521,1992.067,4323.086,9119.178,2014.702,4376.625,8908.268,1978.241,4326.172,9192.657,2030.728,4239.495,9162.331,1981.396,4466.082,9222.817,2020.255,4405.888,9093.924,2016.508,4278.317,9379.959,1968.176,4325.827,8836.918,2008.945,4270.792,9267.072,1966.29,4459.951
9335.624,1975.98,4403.805,9229.457,1966.141,4544.769,9262.063,1955.12,4354.665,8586.438,1951.155,4430.417,8995.068,1976.812,4270.457,9185.496,1992.067,4321.997,9116.162,2014.702,4375.513,8905.084,1978.241,4325.73,9189.721,2030.728,4238.187,9159.252,1981.396,4465.16,9219.756,2020.255,4404.911,9091.019,2016.508,4276.941,9376.832,1968.176,4325.083,8833.764,2008.945,4271.415,9264.026,1966.29,4458.928
9333.353,1975.98,4402.972,9227.065,1966.141,4544.401,9259.755,1955.12,4353.942,8585.551,1951.155,4432.668,8992.81,1976.812,4269.588,9183.248,1992.067,4321.103,9113.92,2014.702,4374.603,8902.678,1978.241,4325.477,9187.479,2030.728,4237.274,9156.921,1981.396,4464.511,9217.466,2020.255,4404.132,9088.855,2016.508,4275.857,9374.498,1968.176,4324.448,8831.376,2008.945,4271.805,9261.72,1966.29,4458.201
9330.365,1975.98,4401.986,9223.973,1966.141,4543.823,9256.784,1955.12,4352.906,8584.303,1951.155,4435.556,8989.879,1976.812,4268.444,9180.288,1992.067,4320.037,9110.968,2014.702,4373.516,8899.54,1978.241,4325.249,9184.468,2030.728,4236.366,9153.854,1981.396,4463.809,9214.508,2020.255,4403.064,9085.998,2016.508,4274.541,9371.491,1968.176,4323.522,8828.256,2008.945,4272.21,9258.703,1966.29,4457.313
9328.009,1975.98,4401.292,9221.574,1966.141,4543.292,9254.492,1955.12,4352.023,8583.255,1951.155,4437.777,8987.563,1976.812,4267.626,9178.006,1992.067,4319.129,9108.741,2014.702,4372.478,8897.091,1978.241,4325.067,9182.111,2030.728,4235.673,9151.425,1981.396,4463.449,9212.214,2020.255,4402.189,9083.734,2016.508,4273.587,9369.169,1968.176,4322.724,8825.812,2008.945,4272.447,9256.335,1966.29,4456.665
9326.197,1975.98,4400.823,9219.734,1966.141,4542.948,9252.768,1955.12,4351.296,8582.401,1951.155,4439.443,8985.779,1976.812,4267.061,9176.317,1992.067,4318.321,9107.02,2014.702,4371.744,8895.229,1978.241,4324.868,9180.334,2030.728,4235.087,9149.584,1981.396,4463.114,9210.479,2020.255,4401.491,9081.987,2016.508,4272.917,9367.42,1968.176,4322.058,8823.943,2008.945,4272.566,9254.521,1966.29,4456.207
9325.622,1975.98,4400.693,9219.149,1966.141,4542.868,9252.227,1955.12,4351.061,8582.115,1951.155,4439.959,8985.211,1976.812,4266.901,9175.777,1992.067,4318.083,9106.47,2014.702,4371.53,8894.641,1978.241,4324.825,9179.78,2030.728,4234.884,9149.005,1981.396,4462.999,9209.936,2020.255,4401.262,9081.43,2016.508,4272.724,9366.876,1968.176,4321.831,8823.356,2008.945,4272.627,9253.946,1966.29,4456.074
9321.585,1975.98,4399.923,9215.099,1966.141,4542.177,9248.509,1955.12,4349.31,8580.006,1951.155,4443.486,8981.221,1976.812,4265.918,9171.963,1992.067,4316.556,9102.593,2014.702,4370.167,8890.555,1978.241,4324.387,9175.96,2030.728,4233.37,9145.003,1981.396,4462.064,9206.18,2020.255,4399.598,9077.593,2016.508,4271.252,9363.139,1968.176,4320.122,8819.258,2008.945,4272.919,9249.926,1966.29,4455.232
9317.9,1975.98,4399.095,9211.399,1966.141,4541.42,9245.12,1955.12,4347.647,8577.963,1951.155,4446.662,8977.642,1976.812,4264.715,9168.436,1992.067,4315.208,9098.938,2014.702,4369.221,8886.887,1978.241,4323.492,9172.406,2030.728,4232.095,9141.32,1981.396,4461.23,9202.756,2020.255,4398.009,9074.024,2016.508,4270.016,9359.655,1968.176,4318.664,8815.484,2008.945,4273.064,9246.216,1966.29,4454.536
9316.071,1975.98,4398.62,9209.524,1966.141,4541.189,9243.422,1955.12,4346.819,8576.89,1951.155,4448.216,8975.832,1976.812,4264.172,9166.651,1992.067,4314.586,9097.125,2014.702,4368.688,8885.067,1978.241,4322.984,9170.676,2030.728,4231.337,9139.45,1981.396,4460.962,9201.057,2020.255,4397.186,9072.272,2016.508,4269.309,9357.89,1968.176,4317.991,8813.595,2008.945,4273.075,9244.353,1966.29,4454.228
9314.322,1975.98,4398.244,9207.757,1966.141,4540.912,9241.809,1955.12,4346.071,8575.825,1951.155,4449.654,8974.103,1976.812,4263.715,9164.982,1992.067,4313.942,9095.359,2014.702,4368.403,8883.361,1978.241,4322.447,9169.015,2030.728,4230.673,9137.688,1981.396,4460.65,9199.461,2020.255,4396.378,9070.609,2016.508,4268.651,9356.198,1968.176,4317.408,8811.807,2008.945,4273.027,9242.582,1966.29,4453.976
9313.751,1975.98,4398.102,9207.168,1966.141,4540.892,9241.267,1955.12,4345.839,8575.459,1951.155,4450.116,8973.528,1976.812,4263.583,9164.472,1992.067,4313.648,9094.776,2014.702,4368.316,8882.806,1978.241,4322.251,9168.504,2030.728,4230.38,9137.103,1981.396,4460.584,9198.939,2020.255,4396.104,9070.056,2016.508,4268.448,9355.635,1968.176,4317.234,8811.219,2008.945,4272.992,9241.997,1966.29,4453.905
9310.604,1975.98,4397.231,9203.908,1966.141,4541.075,9238.238,1955.12,4344.621,8573.35,1951.155,4452.608,8970.324,1976.812,4262.955,9161.589,1992.067,4312.116,9091.564,2014.702,4367.73,8879.762,1978.241,4321.07,9165.62,2030.728,4228.85,9133.872,1981.396,4460.113,9196.003,2020.255,4394.678,9066.865,2016.508,4267.754,9352.486,1968.176,4316.372,8807.968,2008.945,4272.69,9238.77,1966.29,4453.411
9309.079,1975.98,4396.862,9202.34,1966.141,4541.112,9236.768,1955.12,4344.074,8572.297,1951.155,4453.771,8968.771,1976.812,4262.729,9160.18,1992.067,4311.425,9090.03,2014.702,4367.4,8878.281,1978.241,4320.55,9164.211,2030.728,4228.16,9132.313,1981.396,4459.933,9194.569,2020.255,4394.039,9065.344,2016.508,4267.371,9350.96,1968.176,4316.006,8806.411,2008.945,4272.495,9237.227,1966.29,4453.123
9306.897,1975.98,4396.259,9200.077,1966.141,4541.093,9234.626,1955.12,4343.344,8570.725,1951.155,4455.399,8966.544,1976.812,4262.33,9158.116,1992.067,4310.496,9087.799,2014.702,4367.024,8876.122,1978.241,4319.871,9162.146,2030.728,4227.231,9130.06,1981.396,4459.733,9192.474,2020.255,4393.185,9063.121,2016.508,4266.942,9348.743,1968.176,4315.549,8804.176,2008.945,4272.139,9235.017,1966.29,4452.636
9304.601,1975.98,4395.704,9197.717,1966.141,4540.996,9232.37,1955.12,4342.643,8569.028,1951.155,4457.044,8964.233,1976.812,4261.838,9155.932,1992.067,4309.597,9085.445,2014.702,4366.83,8873.887,1978.241,4319.106,9159.961,2030.728,4226.333,9127.702,1981.396,4459.587,9190.258,2020.255,4392.365,9060.817,2016.508,4266.419,9346.416,1968.176,4315.144,8801.855,2008.945,4271.691,9232.728,1966.29,4452.052
9301.688,1975.98,4395.454,9194.802,1966.141,4540.782,9229.556,1955.12,4341.855,8566.865,1951.155,4459.009,8961.396,1976.812,4261.136,9153.194,1992.067,4308.574,9082.542,2014.702,4366.496,8871.092,1978.241,4318.251,9157.223,2030.728,4225.312,9124.781,1981.396,4459.487,9187.485,2020.255,4391.441,9057.911,2016.508,4266.114,9343.522,1968.176,4314.733,8799.005,2008.945,4271.043,9229.92,1966.29,4451.239
9299.495,1975.98,4395.194,9192.605,1966.141,4540.549,9227.412,1955.12,4341.325,8565.183,1951.155,4460.44,8959.236,1976.812,4260.675,9151.102,1992.067,4307.869,9080.347,2014.702,4366.25,8868.96,1978.241,4317.675,9155.13,2030.728,4224.607,9122.573,1981.396,4459.458,9185.368,2020.255,4390.812,9055.724,2016.508,4265.813,9341.327,1968.176,4314.492,8796.868,2008.945,4270.484,9227.815,1966.29,4450.568
9297.568,1975.98,4394.901,9190.675,1966.141,4540.281,9225.507,1955.12,4340.915,8563.657,1951.155,4461.653,8957.418,1976.812,4259.973,9149.235,1992.067,4307.307,9078.408,2014.702,4366.043,8867.063,1978.241,4317.228,9153.264,2030.728,4224.044,9120.627,1981.396,4459.383,9183.482,2020.255,4390.317,9053.803,2016.508,4265.484,9339.384,1968.176,4314.339,8795,2008.945,4269.929,9225.978,1966.29,4449.919
9295.227,1975.98,4394.592,9188.348,1966.141,4539.881,9223.185,1955.12,4340.486,8561.762,1951.155,4463.062,8955.188,1976.812,4259.195,9146.953,1992.067,4306.701,9076.069,2014.702,4365.717,8864.739,1978.241,4316.803,9150.982,2030.728,4223.436,9118.267,1981.396,4459.348,9181.18,2020.255,4389.793,9051.489,2016.508,4265.012,9337.025,1968.176,4314.223,8792.777,2008.945,4269.132,9223.773,1966.29,4449.072
9292.089,1975.98,4394.074,9185.168,1966.141,4539.846,9220.042,1955.12,4340.004,8559.148,1951.155,4464.875,8952.188,1976.812,4258.141,9143.865,1992.067,4305.941,9072.897,2014.702,4365.486,8861.632,1978.241,4316.129,9147.886,2030.728,4222.714,9115.09,1981.396,4459.197,9178.101,2020.255,4388.998,9048.396,2016.508,4264.275,9333.847,1968.176,4314.157,8789.75,2008.945,4268.157,9220.81,1966.29,4447.925
9291.315,1975.98,4393.92,9184.38,1966.141,4539.812,9219.26,1955.12,4339.908,8558.516,1951.155,4465.345,8951.454,1976.812,4257.853,9143.094,1992.067,4305.778,9072.11,2014.702,4365.448,8860.854,1978.241,4316,9147.112,2030.728,4222.56,9114.304,1981.396,4459.134,9177.34,2020.255,4388.79,9047.635,2016.508,4264.068,9333.059,1968.176,4314.158,8788.992,2008.945,4267.94,9220.065,1966.29,4447.664
9287.362,1975.98,4393.001,9180.334,1966.141,4539.501,9215.221,1955.12,4339.523,8555.34,1951.155,4467.871,8947.629,1976.812,4256.497,9139.098,1992.067,4305.069,9068.055,2014.702,4365.336,8856.863,1978.241,4315.26,9143.109,2030.728,4221.894,9110.271,1981.396,4458.684,9173.393,2020.255,4387.848,9043.754,2016.508,4262.882,9329.024,1968.176,4314.068,8785.057,2008.945,4266.952,9216.194,1966.29,4446.447
9285.266,1975.98,4392.566,9178.205,1966.141,4539.269,9213.097,1955.12,4339.251,8553.708,1951.155,4469.258,8945.588,1976.812,4255.847,9137.014,1992.067,4304.574,9065.917,2014.702,4365.208,8854.771,1978.241,4314.801,9140.987,2030.728,4221.609,9108.136,1981.396,4458.512,9171.294,2020.255,4387.419,9041.726,2016.508,4262.196,9326.886,1968.176,4313.95,8782.971,2008.945,4266.465,9214.132,1966.29,4445.872
9283.658,1975.98,4392.272,9176.587,1966.141,4539.039,9211.483,1955.12,4338.991,8552.498,1951.155,4470.357,8944.016,1976.812,4255.403,9135.412,1992.067,4304.248,9064.29,2014.702,4365.056,8853.188,1978.241,4314.398,9139.362,2030.728,4221.442,9106.504,1981.396,4458.432,9169.692,2020.255,4387.097,9040.193,2016.508,4261.628,9325.258,1968.176,4313.807,8781.368,2008.945,4266.146,9212.545,1966.29,4445.484
9281.006,1975.98,4391.854,9173.941,1966.141,4538.575,9208.847,1955.12,4338.479,8550.57,1951.155,4472.227,8941.408,1976.812,4254.758,9132.765,1992.067,4303.799,9061.626,2014.702,4364.719,8850.607,1978.241,4313.652,9136.701,2030.728,4221.082,9103.827,1981.396,4458.212,9167.044,2020.255,4386.654,9037.646,2016.508,4260.777,9322.592,1968.176,4313.485,8778.692,2008.945,4265.915,9209.917,1966.29,4444.931
9278.426,1975.98,4391.512,9171.364,1966.141,4538.208,9206.308,1955.12,4337.905,8548.762,1951.155,4474.099,8938.862,1976.812,4254.215,9130.184,1992.067,4303.465,9059.056,2014.702,4364.309,8848.132,1978.241,4312.848,9134.135,2030.728,4220.647,9101.241,1981.396,4457.915,9164.491,2020.255,4386.145,9035.152,2016.508,4260.034,9320.02,1968.176,4313.089,8776.107,2008.945,4265.607,9207.354,1966.29,4444.479
9275.668,1975.98,4391.218,9168.592,1966.141,4538.117,9203.617,1955.12,4337.231,8546.9,1951.155,4476.157,8936.132,1976.812,4253.727,9127.424,1992.067,4303.181,9056.328,2014.702,4363.799,8845.522,1978.241,4311.904,9131.412,2030.728,4220.114,9098.496,1981.396,4457.513,9161.754,2020.255,4385.691,9032.505,2016.508,4259.204,9317.293,1968.176,4312.578,8773.364,2008.945,4265.189,9204.607,1966.29,4444.084
9271.92,1975.98,4390.916,9164.839,1966.141,4537.87,9199.963,1955.12,4336.351,8544.47,1951.155,4479.027,8932.453,1976.812,4252.943,9123.697,1992.067,4302.673,9052.612,2014.702,4363.221,8841.945,1978.241,4310.742,9127.747,2030.728,4219.27,9094.794,1981.396,4456.848,9158.098,2020.255,4384.808,9028.882,2016.508,4258.196,9313.621,1968.176,4311.765,8769.667,2008.945,4264.501,9200.869,1966.29,4443.671
9270.505,1975.98,4390.839,9163.429,1966.141,4537.731,9198.59,1955.12,4336.001,8543.59,1951.155,4480.139,8931.049,1976.812,4252.748,9122.281,1992.067,4302.606,9051.207,2014.702,4363.038,8840.584,1978.241,4310.348,9126.359,2030.728,4218.981,9093.392,1981.396,4456.643,9156.747,2020.255,4384.377,9027.505,2016.508,4257.861,9312.248,1968.176,4311.414,8768.283,2008.945,4264.196,9199.456,1966.29,4443.561
9269.395,1975.98,4390.743,9162.323,1966.141,4537.587,9197.501,1955.12,4335.76,8542.927,1951.155,4481.035,8929.95,1976.812,4252.558,9121.17,1992.067,4302.518,9050.096,2014.702,4362.953,8839.503,1978.241,4310.074,9125.261,2030.728,4218.79,9092.284,1981.396,4456.516,9155.674,2020.255,4384.074,9026.413,2016.508,4257.633,9311.159,1968.176,4311.173,8767.194,2008.945,4263.958,9198.343,1966.29,4443.51
9266.875,1975.98,4390.442,9159.818,1966.141,4537.179,9195.007,1955.12,4335.291,8541.484,1951.155,4483.123,8927.42,1976.812,4252.36,9118.648,1992.067,4302.233,9047.573,2014.702,4362.675,8837.024,1978.241,4309.53,9122.849,2030.728,4218.001,9089.755,1981.396,4456.309,9153.211,2020.255,4383.464,9023.913,2016.508,4257.196,9308.665,1968.176,4310.703,8764.734,2008.945,4263.333,9195.806,1966.29,4443.476
9264.656,1975.98,4390.104,9157.615,1966.141,4536.748,9192.789,1955.12,4334.945,8540.27,1951.155,4485.011,8925.188,1976.812,4252.112,9116.407,1992.067,4302.103,9045.352,2014.702,4362.356,8834.817,1978.241,4309.121,9120.693,2030.728,4217.374,9087.513,1981.396,4456.196,9151.016,2020.255,4382.997,9021.69,2016.508,4256.882,9306.447,1968.176,4310.358,8762.631,2008.945,4262.55,9193.562,1966.29,4443.519
9261.797,1975.98,4389.574,9154.744,1966.141,4536.284,9189.903,1955.12,4334.586,8538.777,1951.155,4487.507,8922.31,1976.812,4251.697,9113.511,1992.067,4301.839,9042.479,2014.702,4361.91,8831.977,1978.241,4308.497,9117.876,2030.728,4216.653,9084.614,1981.396,4455.958,9148.153,2020.255,4382.483,9018.799,2016.508,4256.569,9303.562,1968.176,4310.001,8759.874,2008.945,4261.625,9190.657,1966.29,4443.667
9260.027,1975.98,4389.186,9152.947,1966.141,4536.053,9188.1,1955.12,4334.418,8537.898,1951.155,4489.091,8920.523,1976.812,4251.394,9111.706,1992.067,4301.675,9040.682,2014.702,4361.688,8830.18,1978.241,4308.263,9116.107,2030.728,4216.261,9082.814,1981.396,4455.755,9146.36,2020.255,4382.222,9017.005,2016.508,4256.316,9301.758,1968.176,4309.833,8758.188,2008.945,4260.963,9188.852,1966.29,4443.817
9257.172,1975.98,4388.656,9150.056,1966.141,4535.778,9185.201,1955.12,4334.237,8536.574,1951.155,4491.676,8917.646,1976.812,4251.003,9108.81,1992.067,4301.454,9037.805,2014.702,4361.296,8827.313,1978.241,4307.794,9113.253,2030.728,4215.727,9079.939,1981.396,4455.343,9143.474,2020.255,4381.898,9014.117,2016.508,4256.004,9298.876,1968.176,4309.47,8755.45,2008.945,4259.992,9185.951,1966.29,4443.964
9255.379,1975.98,4388.384,9148.246,1966.141,4535.665,9183.389,1955.12,4334.179,8535.801,1951.155,4493.316,8915.842,1976.812,4250.817,9107.007,1992.067,4301.256,9036.001,2014.702,4361.107,8825.534,1978.241,4307.442,9111.461,2030.728,4215.452,9078.152,1981.396,4455.036,9141.673,2020.255,4381.688,9012.305,2016.508,4255.941,9297.085,1968.176,4309.185,8753.723,2008.945,4259.441,9184.139,1966.29,4443.996
9252.49,1975.98,4388.042,9145.342,1966.141,4535.516,9180.48,1955.12,4334.172,8534.646,1951.155,4495.986,8912.937,1976.812,4250.692,9104.106,1992.067,4301.035,9033.101,2014.702,4360.894,8822.701,1978.241,4306.786,9108.573,2030.728,4215.103,9075.301,1981.396,4454.465,9138.809,2020.255,4381.184,9009.402,2016.508,4255.747,9294.229,1968.176,4308.633,8750.924,2008.945,4258.65,9181.23,1966.29,4443.953
9250.014,1975.98,4387.665,9142.846,1966.141,4535.308,9177.977,1955.12,4334.239,8533.729,1951.155,4498.316,8910.439,1976.812,4250.502,9101.616,1992.067,4300.762,9030.61,2014.702,4360.629,8820.244,1978.241,4306.3,9106.078,2030.728,4214.881,9072.83,1981.396,4454.054,9136.329,2020.255,4380.832,9006.91,2016.508,4255.501,9291.756,1968.176,4308.237,8748.565,2008.945,4257.806,9178.729,1966.29,4443.834
9248.199,1975.98,4387.449,9141.03,1966.141,4535.098,9176.152,1955.12,4334.338,8533.114,1951.155,4500.038,8908.612,1976.812,4250.48,9099.794,1992.067,4300.623,9028.801,2014.702,4360.376,8818.457,1978.241,4305.92,9104.254,2030.728,4214.776,9071.019,1981.396,4453.812,9134.513,2020.255,4380.633,9005.099,2016.508,4255.266,9289.943,1968.176,4308.005,8746.826,2008.945,4257.247,9176.907,1966.29,4443.688
9245.693,1975.98,4387.233,9138.542,1966.141,4534.729,9173.646,1955.12,4334.545,8532.348,1951.155,4502.433,8906.1,1976.812,4250.369,9097.281,1992.067,4300.514,9026.3,2014.702,4360.109,8815.98,1978.241,4305.478,9101.739,2030.728,4214.71,9068.516,1981.396,4453.559,9132.005,2020.255,4380.443,9002.615,2016.508,4254.865,9287.439,1968.176,4307.764,8744.495,2008.945,4256.301,9174.407,1966.29,4443.406
9243.495,1975.98,4387.047,9136.371,1966.141,4534.335,9171.445,1955.12,4334.687,8531.744,1951.155,4504.555,8903.899,1976.812,4250.21,9095.082,1992.067,4300.346,9024.158,2014.702,4359.581,8813.822,1978.241,4305.02,9099.534,2030.728,4214.644,9066.314,1981.396,4453.408,9129.803,2020.255,4380.319,9000.449,2016.508,4254.449,9285.238,1968.176,4307.621,8742.425,2008.945,4255.54,9172.225,1966.29,4443.086
9241.564,1975.98,4386.799,9134.468,1966.141,4533.928,9169.501,1955.12,4334.777,8531.273,1951.155,4506.444,8901.959,1976.812,4250.055,9093.146,1992.067,4300.134,9022.254,2014.702,4359.175,8811.905,1978.241,4304.677,9097.591,2030.728,4214.522,9064.377,1981.396,4453.226,9127.857,2020.255,4380.247,8998.526,2016.508,4254.144,9283.293,1968.176,4307.553,8740.577,2008.945,4254.927,9170.309,1966.29,4442.742
9239.214,1975.98,4386.576,9132.145,1966.141,4533.509,9167.142,1955.12,4334.844,8530.777,1951.155,4508.753,8899.613,1976.812,4249.791,9090.799,1992.067,4299.881,9019.931,2014.702,4358.755,8809.571,1978.241,4304.321,9095.233,2030.728,4214.394,9062.034,1981.396,4452.932,9125.498,2020.255,4380.206,8996.186,2016.508,4253.841,9280.938,1968.176,4307.395,8738.313,2008.945,4254.259,9167.999,1966.29,4442.25
9235.977,1975.98,4386.374,9128.975,1966.141,4532.824,9163.899,1955.12,4334.876,8530.2,1951.155,4511.944,8896.37,1976.812,4249.761,9087.581,1992.067,4299.484,9016.723,2014.702,4358.279,8806.348,1978.241,4303.965,9092.002,2030.728,4214.112,9058.83,1981.396,4452.429,9122.256,2020.255,4380.209,8992.959,2016.508,4253.514,9277.71,1968.176,4307.071,8735.199,2008.945,4253.351,9164.807,1966.29,4441.678
9234.404,1975.98,4386.328,9127.427,1966.141,4532.542,9162.327,1955.12,4334.863,8529.971,1951.155,4513.5,8894.799,1976.812,4249.695,9086.015,1992.067,4299.343,9015.16,2014.702,4358.097,8804.777,1978.241,4303.871,9090.436,2030.728,4213.973,9057.284,1981.396,4452.139,9120.684,2020.255,4380.241,8991.394,2016.508,4253.363,9276.15,1968.176,4306.864,8733.676,2008.945,4252.96,9163.262,1966.29,4441.381
9231.266,1975.98,4386.132,9124.354,1966.141,4531.877,9159.185,1955.12,4334.776,8529.614,1951.155,4516.625,8891.655,1976.812,4249.774,9082.891,1992.067,4298.998,9012.027,2014.702,4357.831,8801.646,1978.241,4303.581,9087.314,2030.728,4213.594,9054.212,1981.396,4451.469,9117.543,2020.255,4380.361,8988.257,2016.508,4253.149,9273.021,1968.176,4306.548,8730.605,2008.945,4252.28,9160.173,1966.29,4440.791
9229.699,1975.98,4385.982,9122.838,1966.141,4531.456,9157.613,1955.12,4334.703,8529.487,1951.155,4518.193,8890.084,1976.812,4249.847,9081.322,1992.067,4298.876,9010.461,2014.702,4357.691,8800.08,1978.241,4303.438,9085.747,2030.728,4213.455,9052.664,1981.396,4451.185,9115.973,2020.255,4380.451,8986.691,2016.508,4252.991,9271.452,1968.176,4306.439,8729.06,2008.945,4251.99,9158.62,1966.29,4440.534
9225.568,1975.98,4385.547,9118.902,1966.141,4530.126,9153.47,1955.12,4334.43,8529.288,1951.155,4522.342,8885.945,1976.812,4250.202,9077.173,1992.067,4298.68,9006.357,2014.702,4357.128,8795.979,1978.241,4302.777,9081.6,2030.728,4213.225,9048.648,1981.396,4450.122,9111.832,2020.255,4380.761,8982.547,2016.508,4252.709,9267.306,1968.176,4306.194,8724.954,2008.945,4251.358,9154.566,1966.29,4439.629
9223.217,1975.98,4385.36,9116.644,1966.141,4529.445,9151.122,1955.12,4334.202,8529.252,1951.155,4524.701,8883.59,1976.812,4250.327,9074.818,1992.067,4298.529,9004.012,2014.702,4356.879,8793.64,1978.241,4302.479,9079.266,2030.728,4212.877,9046.35,1981.396,4449.593,9109.475,2020.255,4380.861,8980.189,2016.508,4252.619,9264.956,1968.176,4305.978,8722.612,2008.945,4251.076,9152.248,1966.29,4439.19
9221.15,1975.98,4385.129,9114.685,1966.141,4528.749,9149.06,1955.12,4333.939,8529.288,1951.155,4526.779,8881.513,1976.812,4250.406,9072.739,1992.067,4298.533,9001.939,2014.702,4356.72,8791.587,1978.241,4302.15,9077.202,2030.728,4212.625,9044.324,1981.396,4449.123,9107.396,2020.255,4380.88,8978.112,2016.508,4252.541,9262.881,1968.176,4305.853,8720.556,2008.945,4250.773,9150.194,1966.29,4438.87
9219.385,1975.98,4384.977,9112.996,1966.141,4528.21,9147.308,1955.12,4333.677,8529.377,1951.155,4528.549,8879.74,1976.812,4250.416,9070.968,1992.067,4298.588,9000.169,2014.702,4356.638,8789.829,1978.241,4301.928,9075.456,2030.728,4212.321,9042.586,1981.396,4448.779,9105.624,2020.255,4380.839,8976.341,2016.508,4252.523,9261.116,1968.176,4305.688,8718.812,2008.945,4250.458,9148.436,1966.29,4438.653
9218.481,1975.98,4384.922,9112.125,1966.141,4527.963,9146.422,1955.12,4333.521,8529.452,1951.155,4529.451,8878.836,1976.812,4250.395,9070.063,1992.067,4298.587,8999.265,2014.702,4356.625,8788.928,1978.241,4301.844,9074.56,2030.728,4212.194,9041.693,1981.396,4448.633,9104.721,2020.255,4380.797,8975.437,2016.508,4252.536,9260.219,1968.176,4305.575,8717.941,2008.945,4250.208,9147.535,1966.29,4438.568
9214.126,1975.98,4384.774,9107.895,1966.141,4526.913,9142.115,1955.12,4332.859,8529.955,1951.155,4533.781,8874.482,1976.812,4250.177,9065.706,1992.067,4298.446,8994.906,2014.702,4356.56,8784.604,1978.241,4301.298,9070.226,2030.728,4211.728,9037.388,1981.396,4447.955,9100.374,2020.255,4380.49,8971.082,2016.508,4252.698,9255.915,1968.176,4304.888,8713.715,2008.945,4249.144,9143.187,1966.29,4438.283
9212.949,1975.98,4384.696,9106.741,1966.141,4526.666,9140.949,1955.12,4332.682,8530.129,1951.155,4534.947,8873.305,1976.812,4250.109,9064.527,1992.067,4298.432,8993.729,2014.702,4356.51,8783.425,1978.241,4301.264,9069.05,2030.728,4211.639,9036.236,1981.396,4447.701,9099.2,2020.255,4380.38,8969.903,2016.508,4252.704,9254.745,1968.176,4304.74,8712.563,2008.945,4248.894,9142.008,1966.29,4438.24
9210.979,1975.98,4384.501,9104.792,1966.141,4526.315,9139.01,1955.12,4332.349,8530.485,1951.155,4536.896,8871.325,1976.812,4250.059,9062.549,1992.067,4298.342,8991.763,2014.702,4356.289,8781.444,1978.241,4301.296,9067.071,2030.728,4211.552,9034.29,1981.396,4447.336,9097.233,2020.255,4380.149,8967.924,2016.508,4252.652,9252.773,1968.176,4304.553,8710.614,2008.945,4248.537,9140.027,1966.29,4438.223
9207.7,1975.98,4384.07,9101.521,1966.141,4525.836,9135.75,1955.12,4331.806,8531.187,1951.155,4540.127,8868.026,1976.812,4249.826,9059.252,1992.067,4298.084,8988.477,2014.702,4355.921,8778.138,1978.241,4301.354,9063.765,2030.728,4211.511,9031.022,1981.396,4446.831,9093.945,2020.255,4379.802,8964.623,2016.508,4252.46,9249.474,1968.176,4304.343,8707.344,2008.945,4248.047,9136.722,1966.29,4438.302
9205.37,1975.98,4383.687,9099.22,1966.141,4525.308,9133.423,1955.12,4331.411,8531.763,1951.155,4542.417,8865.667,1976.812,4249.737,9056.905,1992.067,4297.823,8986.132,2014.702,4355.646,8775.776,1978.241,4301.319,9061.404,2030.728,4211.553,9028.691,1981.396,4446.452,9091.59,2020.255,4379.736,8962.271,2016.508,4252.248,9247.114,1968.176,4304.262,8704.998,2008.945,4247.775,9134.364,1966.29,4438.435
9203.733,1975.98,4383.366,9097.582,1966.141,4524.987,9131.776,1955.12,4331.146,8532.223,1951.155,4544.021,8864.003,1976.812,4249.62,9055.242,1992.067,4297.693,8984.47,2014.702,4355.5,8774.11,1978.241,4301.239,9059.738,2030.728,4211.63,9027.037,1981.396,4446.239,9089.925,2020.255,4379.636,8960.615,2016.508,4252.046,9245.446,1968.176,4304.248,8703.339,2008.945,4247.604,9132.696,1966.29,4438.474
9200.867,1975.98,4382.9,9094.716,1966.141,4524.523,9128.906,1955.12,4330.807,8533.113,1951.155,4546.784,8861.115,1976.812,4249.921,9052.342,1992.067,4297.562,8981.575,2014.702,4355.271,8771.217,1978.241,4301.006,9056.835,2030.728,4211.67,9024.147,1981.396,4445.961,9087.034,2020.255,4379.368,8957.724,2016.508,4251.79,9242.545,1968.176,4304.128,8700.442,2008.945,4247.401,9129.795,1966.29,4438.583
9199.064,1975.98,4382.667,9092.913,1966.141,4524.292,9127.096,1955.12,4330.65,8533.728,1951.155,4548.495,8859.302,1976.812,4250.05,9050.529,1992.067,4297.42,8979.76,2014.702,4355.183,8769.401,1978.241,4300.919,9055.018,2030.728,4211.636,9022.333,1981.396,4445.847,9085.224,2020.255,4379.211,8955.909,2016.508,4251.689,9240.732,1968.176,4303.995,8698.634,2008.945,4247.215,9127.978,1966.29,4438.591
9196.171,1975.98,4382.388,9090.063,1966.141,4523.722,9124.193,1955.12,4330.49,8534.799,1951.155,4551.197,8856.397,1976.812,4250.161,9047.699,1992.067,4296.759,8976.858,2014.702,4355.005,8766.495,1978.241,4300.875,9052.115,2030.728,4211.485,9019.439,1981.396,4445.57,9082.33,2020.255,4378.946,8953.004,2016.508,4251.622,9237.843,1968.176,4303.686,8695.734,2008.945,4247.013,9125.072,1966.29,4438.511
9193.672,1975.98,4382.229,9087.592,1966.141,4523.312,9121.69,1955.12,4330.427,8535.797,1951.155,4553.494,8853.894,1976.812,4250.175,9045.243,1992.067,4296.269,8974.389,2014.702,4354.855,8763.991,1978.241,4300.92,9049.616,2030.728,4211.326,9016.948,1981.396,4445.314,9079.827,2020.255,4378.905,8950.504,2016.508,4251.482,9235.362,1968.176,4303.339,8693.237,2008.945,4246.817,9122.572,1966.29,4438.359
9191.314,1975.98,4382.156,9085.255,1966.141,4522.989,9119.332,1955.12,4330.438,8536.808,1951.155,4555.625,8851.534,1976.812,4250.183,9042.948,1992.067,4295.721,8972.056,2014.702,4354.752,8761.633,1978.241,4300.884,9047.262,2030.728,4211.188,9014.598,1981.396,4445.113,9077.471,2020.255,4378.789,8948.154,2016.508,4251.274,9233.038,1968.176,4302.937,8690.885,2008.945,4246.646,9120.224,1966.29,4438.14
9189.707,1975.98,4382.159,9083.656,1966.141,4522.821,9117.726,1955.12,4330.494,8537.544,1951.155,4557.055,8849.928,1976.812,4250.136,9041.373,1992.067,4295.399,8970.449,2014.702,4354.689,8760.027,1978.241,4300.808,9045.66,2030.728,4211.054,9012.992,1981.396,4445.028,9075.868,2020.255,4378.658,8946.552,2016.508,4251.143,9231.464,1968.176,4302.611,8689.278,2008.945,4246.582,9118.629,1966.29,4437.939
9186.522,1975.98,4382.269,9080.478,1966.141,4522.591,9114.546,1955.12,4330.696,8539.095,1951.155,4559.838,8846.747,1976.812,4249.939,9038.231,1992.067,4294.864,8967.268,2014.702,4354.676,8756.841,1978.241,4300.758,9042.489,2030.728,4210.739,9009.82,1981.396,4445.331,9072.683,2020.255,4378.609,8943.382,2016.508,4250.822,9228.324,1968.176,4302.066,8686.101,2008.945,4246.351,9115.482,1966.29,4437.438
9184.847,1975.98,4382.271,9078.803,1966.141,4522.525,9112.871,1955.12,4330.748,8539.958,1951.155,4561.275,8845.089,1976.812,4249.698,9036.571,1992.067,4294.637,8965.593,2014.702,4354.71,8755.167,1978.241,4300.677,9040.814,2030.728,4210.802,9008.147,1981.396,4445.435,9071.009,2020.255,4378.53,8941.711,2016.508,4250.701,9226.665,1968.176,4301.833,8684.433,2008.945,4246.188,9113.82,1966.29,4437.229
9182.451,1975.98,4382.199,9076.406,1966.141,4522.509,9110.475,1955.12,4330.746,8541.259,1951.155,4563.288,8842.753,1976.812,4249.161,9034.188,1992.067,4294.39,8963.197,2014.702,4354.71,8752.778,1978.241,4300.482,9038.423,2030.728,4210.952,9005.752,1981.396,4445.506,9068.618,2020.255,4378.67,8939.316,2016.508,4250.604,9224.282,1968.176,4301.576,8682.041,2008.945,4246.033,9111.454,1966.29,4436.852
9180.21,1975.98,4382.13,9074.165,1966.141,4522.421,9108.233,1955.12,4330.672,8542.537,1951.155,4565.13,8840.552,1976.812,4248.73,9031.95,1992.067,4294.232,8960.959,2014.702,4354.581,8750.551,1978.241,4300.228,9036.182,2030.728,4211.019,9003.532,1981.396,4445.823,9066.376,2020.255,4378.729,8937.08,2016.508,4250.44,9222.046,1968.176,4301.406,8679.81,2008.945,4245.815,9109.229,1966.29,4436.571
9178.107,1975.98,4381.998,9072.059,1966.141,4522.407,9106.127,1955.12,4330.663,8543.794,1951.155,4566.821,8838.472,1976.812,4248.393,9029.845,1992.067,4294.152,8958.853,2014.702,4354.527,8748.446,1978.241,4300.133,9034.078,2030.728,4211.13,9001.438,1981.396,4446.053,9064.27,2020.255,4378.733,8935.03,2016.508,4249.955,9219.941,1968.176,4301.312,8677.703,2008.945,4245.845,9107.133,1966.29,4436.368
9175.763,1975.98,4381.773,9069.703,1966.141,4522.468,9103.772,1955.12,4330.578,8545.261,1951.155,4568.665,8836.135,1976.812,4248.092,9027.495,1992.067,4293.986,8956.51,2014.702,4354.292,8746.091,1978.241,4300.137,9031.723,2030.728,4211.178,8999.101,1981.396,4446.341,9061.915,2020.255,4378.681,8932.722,2016.508,4249.486,9217.587,1968.176,4301.234,8675.348,2008.945,4245.833,9104.782,1966.29,4436.207
9173.421,1975.98,4381.473,9067.346,1966.141,4522.338,9101.412,1955.12,4330.536,8546.669,1951.155,4570.56,8833.785,1976.812,4247.868,9025.136,1992.067,4293.897,8954.154,2014.702,4354.132,8743.74,1978.241,4300.356,9029.362,2030.728,4211.148,8996.749,1981.396,4446.553,9059.558,2020.255,4378.573,8930.415,2016.508,4248.985,9215.227,1968.176,4301.226,8672.995,2008.945,4245.633,9102.424,1966.29,4436.113
9171.08,1975.98,4381.188,9065.004,1966.141,4522.067,9099.058,1955.12,4330.419,8548.013,1951.155,4572.497,8831.458,1976.812,4247.491,9022.784,1992.067,4294.073,8951.805,2014.702,4353.937,8741.393,1978.241,4300.575,9027.007,2030.728,4211.041,8994.396,1981.396,4446.688,9057.206,2020.255,4378.41,8928.096,2016.508,4248.561,9212.874,1968.176,4301.104,8670.641,2008.945,4245.509,9100.067,1966.29,4436.075
9167.935,1975.98,4380.908,9061.856,1966.141,4521.807,9095.909,1955.12,4330.17,8549.727,1951.155,4575.15,8828.325,1976.812,4247.089,9019.629,1992.067,4294.222,8948.667,2014.702,4353.574,8738.24,1978.241,4300.765,9023.849,2030.728,4211.056,8991.238,1981.396,4446.766,9054.063,2020.255,4378.119,8924.972,2016.508,4248.093,9209.717,1968.176,4301.034,8667.482,2008.945,4245.447,9096.91,1966.29,4436.099
9166.139,1975.98,4380.651,9060.045,1966.141,4521.717,9094.105,1955.12,4329.982,8550.661,1951.155,4576.705,8826.52,1976.812,4246.917,9017.815,1992.067,4294.25,8946.873,2014.702,4353.307,8736.427,1978.241,4300.815,9022.035,2030.728,4211.075,8989.428,1981.396,4446.874,9052.271,2020.255,4377.836,8923.17,2016.508,4247.883,9207.903,1968.176,4301.046,8665.669,2008.945,4245.47,9095.102,1966.29,4436.243
9161.657,1975.98,4380.16,9055.538,1966.141,4521.582,9089.636,1955.12,4329.402,8552.855,1951.155,4580.643,8822.02,1976.812,4246.637,9013.308,1992.067,4294.175,8942.407,2014.702,4352.704,8731.918,1978.241,4300.792,9017.527,2030.728,4211.015,8984.921,1981.396,4447.001,9047.826,2020.255,4377.084,8918.678,2016.508,4247.505,9203.398,1968.176,4301.17,8661.208,2008.945,4244.819,9090.598,1966.29,4436.452
9160.531,1975.98,4380.074,9054.409,1966.141,4521.585,9088.513,1955.12,4329.31,8553.372,1951.155,4581.647,8820.901,1976.812,4246.478,9012.18,1992.067,4294.121,8941.284,2014.702,4352.589,8730.79,1978.241,4300.749,9016.404,2030.728,4211.135,8983.792,1981.396,4446.997,9046.707,2020.255,4376.933,8917.551,2016.508,4247.442,9202.27,1968.176,4301.165,8660.086,2008.945,4244.693,9089.469,1966.29,4436.468
9160.062,1975.98,4380.053,9053.939,1966.141,4521.555,9088.043,1955.12,4329.285,8553.573,1951.155,4582.072,8820.434,1976.812,4246.426,9011.71,1992.067,4294.114,8940.815,2014.702,4352.556,8730.32,1978.241,4300.777,9015.936,2030.728,4211.169,8983.322,1981.396,4446.981,9046.239,2020.255,4376.884,8917.081,2016.508,4247.43,9201.8,1968.176,4301.147,8659.617,2008.945,4244.656,9088.998,1966.29,4436.459
9156.045,1975.98,4380.007,9049.925,1966.141,4521.425,9084.04,1955.12,4328.951,8555.175,1951.155,4585.756,8816.428,1976.812,4246.12,9007.693,1992.067,4294.053,8936.802,2014.702,4352.401,8726.305,1978.241,4300.89,9011.948,2030.728,4211.661,8979.314,1981.396,4446.717,9042.251,2020.255,4376.402,8913.064,2016.508,4247.438,9197.793,1968.176,4300.865,8655.604,2008.945,4244.468,9084.986,1966.29,4436.251
9153.906,1975.98,4380.052,9047.788,1966.141,4521.314,9081.914,1955.12,4328.713,8555.963,1951.155,4587.745,8814.295,1976.812,4245.958,9005.557,1992.067,4293.957,8934.662,2014.702,4352.387,8724.165,1978.241,4300.879,9009.834,2030.728,4211.988,8977.186,1981.396,4446.511,9040.137,2020.255,4376.074,8910.927,2016.508,4247.505,9195.665,1968.176,4300.646,8653.465,2008.945,4244.438,9082.854,1966.29,4436.071
9152.273,1975.98,4380.033,9046.161,1966.141,4521.176,9080.297,1955.12,4328.489,8556.515,1951.155,4589.282,8812.663,1976.812,4245.888,9003.928,1992.067,4293.84,8933.029,2014.702,4352.428,8722.532,1978.241,4300.916,9008.213,2030.728,4212.185,8975.565,1981.396,4446.304,9038.516,2020.255,4375.875,8909.297,2016.508,4247.604,9194.036,1968.176,4300.53,8651.832,2008.945,4244.469,9081.224,1966.29,4435.987
9149.588,1975.98,4379.914,9043.473,1966.141,4521.223,9077.624,1955.12,4328.205,8557.34,1951.155,4591.84,8809.975,1976.812,4245.86,9001.252,1992.067,4293.592,8930.346,2014.702,4352.581,8719.844,1978.241,4300.887,9005.535,2030.728,4212.421,8972.91,1981.396,4445.884,9035.847,2020.255,4375.551,8906.619,2016.508,4247.842,9191.35,1968.176,4300.424,8649.147,2008.945,4244.607,9078.545,1966.29,4435.76
9146.996,1975.98,4380.062,9040.878,1966.141,4521.322,9075.035,1955.12,4328.011,8558.056,1951.155,4594.336,8807.378,1976.812,4245.852,8998.66,1992.067,4293.437,8927.759,2014.702,4352.793,8717.247,1978.241,4300.861,9002.942,2030.728,4212.564,8970.334,1981.396,4445.563,9033.277,2020.255,4375.182,8904.027,2016.508,4247.988,9188.754,1968.176,4300.4,8646.57,2008.945,4244.92,9075.966,1966.29,4435.458
9145.203,1975.98,4380.105,9039.084,1966.141,4521.333,9073.243,1955.12,4327.933,8558.493,1951.155,4596.075,8805.585,1976.812,4245.905,8996.867,1992.067,4293.382,8925.968,2014.702,4352.891,8715.454,1978.241,4300.902,9001.149,2030.728,4212.611,8968.548,1981.396,4445.399,9031.495,2020.255,4374.981,8902.234,2016.508,4248.03,9186.961,1968.176,4300.438,8644.783,2008.945,4245.078,9074.192,1966.29,4435.191
9142.847,1975.98,4380.085,9036.729,1966.141,4521.438,9070.893,1955.12,4327.758,8558.993,1951.155,4598.378,8803.229,1976.812,4245.898,8994.511,1992.067,4293.38,8923.611,2014.702,4352.942,8713.098,1978.241,4300.858,8998.793,2030.728,4212.602,8966.201,1981.396,4445.177,9029.146,2020.255,4374.794,8899.889,2016.508,4248.263,9184.606,1968.176,4300.354,8642.43,2008.945,4245.208,9071.852,1966.29,4434.917
9139.687,1975.98,4379.955,9033.566,1966.141,4521.478,9067.747,1955.12,4327.431,8559.563,1951.155,4601.49,8800.066,1976.812,4245.992,8991.35,1992.067,4293.471,8920.448,2014.702,4352.907,8709.935,1978.241,4300.903,8995.632,2030.728,4212.497,8963.044,1981.396,4444.983,9025.986,2020.255,4374.646,8896.732,2016.508,4248.473,9181.444,1968.176,4300.263,8639.268,2008.945,4245.292,9068.755,1966.29,4434.272
9137.885,1975.98,4379.822,9031.76,1966.141,4521.44,9065.954,1955.12,4327.208,8559.829,1951.155,4603.277,8798.263,1976.812,4246.104,8989.546,1992.067,4293.576,8918.648,2014.702,4352.748,8708.128,1978.241,4300.872,8993.828,2030.728,4212.383,8961.243,1981.396,4444.832,9024.181,2020.255,4374.708,8894.957,2016.508,4248.812,9179.638,1968.176,4300.216,8637.461,2008.945,4245.281,9066.975,1966.29,4433.962
9135.792,1975.98,4379.6,9029.658,1966.141,4521.329,9063.882,1955.12,4326.95,8560.071,1951.155,4605.367,8796.168,1976.812,4246.304,8987.442,1992.067,4293.63,8916.556,2014.702,4352.527,8706.023,1978.241,4300.904,8991.725,2030.728,4212.32,8959.188,1981.396,4444.379,9022.077,2020.255,4374.778,8892.878,2016.508,4249.138,9177.533,1968.176,4300.223,8635.36,2008.945,4245.399,9064.891,1966.29,4433.667
9133.361,1975.98,4379.262,9027.213,1966.141,4521.118,9061.451,1955.12,4326.624,8560.274,1951.155,4607.813,8793.74,1976.812,4246.665,8984.988,1992.067,4293.612,8914.108,2014.702,4352.35,8703.574,1978.241,4300.751,8989.271,2030.728,4212.261,8956.776,1981.396,4443.931,9019.623,2020.255,4374.779,8890.442,2016.508,4249.439,9175.081,1968.176,4300.289,8632.955,2008.945,4245.884,9062.451,1966.29,4433.403
9130.393,1975.98,4378.924,9024.225,1966.141,4521.063,9058.482,1955.12,4326.345,8560.424,1951.155,4610.797,8790.787,1976.812,4247.124,8982.002,1992.067,4293.493,8911.122,2014.702,4352.23,8700.587,1978.241,4300.662,8986.283,2030.728,4212.288,8953.822,1981.396,4443.48,9016.635,2020.255,4374.752,8887.466,2016.508,4249.709,9172.093,1968.176,4300.272,8630.008,2008.945,4246.378,9059.472,1966.29,4433.177
9128.677,1975.98,4378.773,9022.502,1966.141,4521.111,9056.772,1955.12,4326.138,8560.454,1951.155,4612.52,8789.077,1976.812,4247.333,8980.279,1992.067,4293.481,8909.399,2014.702,4352.215,8698.864,1978.241,4300.667,8984.563,2030.728,4212.179,8952.111,1981.396,4443.277,9014.913,2020.255,4374.681,8885.747,2016.508,4249.831,9170.371,1968.176,4300.207,8628.3,2008.945,4246.608,9057.75,1966.29,4433.102
9125.69,1975.98,4378.587,9019.51,1966.141,4521.096,9053.803,1955.12,4325.833,8560.408,1951.155,4615.512,8786.097,1976.812,4247.599,8977.289,1992.067,4293.361,8906.407,2014.702,4352.165,8695.874,1978.241,4300.774,8981.572,2030.728,4212.089,8949.136,1981.396,4442.958,9011.929,2020.255,4374.46,8882.757,2016.508,4249.945,9167.386,1968.176,4299.996,8625.326,2008.945,4246.943,9054.758,1966.29,4433.068
9124.059,1975.98,4378.528,9017.878,1966.141,4521.169,9052.183,1955.12,4325.634,8560.33,1951.155,4617.144,8784.466,1976.812,4247.69,8975.656,1992.067,4293.35,8904.777,2014.702,4352.278,8694.242,1978.241,4300.85,8979.942,2030.728,4211.984,8947.535,1981.396,4442.63,9010.314,2020.255,4374.209,8881.123,2016.508,4249.954,9165.761,1968.176,4299.827,8623.698,2008.945,4247.073,9053.125,1966.29,4433.103
9121.697,1975.98,4378.519,9015.52,1966.141,4521.291,9049.831,1955.12,4325.419,8560.14,1951.155,4619.498,8782.104,1976.812,4247.746,8973.297,1992.067,4293.255,8902.417,2014.702,4352.365,8691.891,1978.241,4300.632,8977.599,2030.728,4211.693,8945.207,1981.396,4442.232,9007.97,2020.255,4373.923,8878.763,2016.508,4250.043,9163.421,1968.176,4299.507,8621.351,2008.945,4247.334,9050.764,1966.29,4433.075
9118.775,1975.98,4378.604,9012.604,1966.141,4521.51,9046.913,1955.12,4325.245,8559.809,1951.155,4622.402,8779.183,1976.812,4247.82,8970.382,1992.067,4293.043,8899.494,2014.702,4352.376,8688.973,1978.241,4300.458,8974.688,2030.728,4211.429,8942.312,1981.396,4441.834,9005.058,2020.255,4373.664,8875.871,2016.508,4250.473,9160.539,1968.176,4299.018,8618.437,2008.945,4247.563,9047.844,1966.29,4432.946
9116.574,1975.98,4378.596,9010.405,1966.141,4521.604,9044.713,1955.12,4325.184,8559.488,1951.155,4624.58,8776.985,1976.812,4247.949,8968.183,1992.067,4292.955,8897.293,2014.702,4352.423,8686.772,1978.241,4300.398,8972.49,2030.728,4211.301,8940.127,1981.396,4441.567,9002.903,2020.255,4373.21,8873.685,2016.508,4250.725,9158.358,1968.176,4298.719,8616.237,2008.945,4247.662,9045.643,1966.29,4432.919
9114.06,1975.98,4378.507,9007.89,1966.141,4521.627,9042.197,1955.12,4325.19,8559.04,1951.155,4627.055,8774.474,1976.812,4248.091,8965.667,1992.067,4292.937,8894.777,2014.702,4352.394,8684.259,1978.241,4300.285,8969.987,2030.728,4211.049,8937.621,1981.396,4441.344,9000.438,2020.255,4372.709,8871.177,2016.508,4250.931,9155.856,1968.176,4298.457,8613.722,2008.945,4247.694,9043.127,1966.29,4432.971
9111.86,1975.98,4378.357,9005.686,1966.141,4521.645,9039.994,1955.12,4325.263,8558.577,1951.155,4629.21,8772.294,1976.812,4248.415,8963.463,1992.067,4292.957,8892.574,2014.702,4352.443,8682.055,1978.241,4300.257,8967.788,2030.728,4210.9,8935.421,1981.396,4441.22,8998.265,2020.255,4372.342,8868.976,2016.508,4251.039,9153.658,1968.176,4298.296,8611.519,2008.945,4247.649,9040.926,1966.29,4433.086
9109.915,1975.98,4378.289,9003.746,1966.141,4521.808,9038.052,1955.12,4325.385,8558.106,1951.155,4631.099,8770.36,1976.812,4248.638,8961.524,1992.067,4293.137,8890.628,2014.702,4352.423,8680.108,1978.241,4300.297,8965.843,2030.728,4210.833,8933.476,1981.396,4441.142,8996.336,2020.255,4372.08,8867.031,2016.508,4251.137,9151.714,1968.176,4298.215,8609.572,2008.945,4247.674,9038.979,1966.29,4433.125
9107.557,1975.98,4378.236,9001.391,1966.141,4521.929,9035.704,1955.12,4325.605,8557.461,1951.155,4633.367,8768.01,1976.812,4248.832,8959.17,1992.067,4293.277,8888.277,2014.702,4352.234,8677.753,1978.241,4300.422,8963.484,2030.728,4210.827,8931.117,1981.396,4441.124,8993.989,2020.255,4371.839,8864.673,2016.508,4251.178,9149.355,1968.176,4298.188,8607.216,2008.945,4247.781,9036.621,1966.29,4433.095
9104.269,1975.98,4377.901,8998.086,1966.141,4521.993,9032.425,1955.12,4326.013,8556.453,1951.155,4636.515,8764.72,1976.812,4249.148,8955.866,1992.067,4293.367,8884.981,2014.702,4351.993,8674.453,1978.241,4300.237,8960.181,2030.728,4210.928,8927.813,1981.396,4441.203,8990.692,2020.255,4371.61,8861.368,2016.508,4251.128,9146.052,1968.176,4298.103,8603.921,2008.945,4248.039,9033.319,1966.29,4432.945
9101.914,1975.98,4377.739,8995.727,1966.141,4521.962,9030.079,1955.12,4326.263,8555.66,1951.155,4638.737,8762.366,1976.812,4249.326,8953.523,1992.067,4293.65,8882.625,2014.702,4351.864,8672.094,1978.241,4300.183,8957.821,2030.728,4210.923,8925.457,1981.396,4441.333,8988.336,2020.255,4371.492,8859.02,2016.508,4250.895,9143.692,1968.176,4298.108,8601.563,2008.945,4248.146,9030.96,1966.29,4432.899
9100.248,1975.98,4377.679,8994.062,1966.141,4521.887,9028.42,1955.12,4326.412,8555.049,1951.155,4640.288,8760.701,1976.812,4249.397,8951.863,1992.067,4293.799,8880.978,2014.702,4351.612,8670.427,1978.241,4300.199,8956.157,2030.728,4210.83,8923.797,1981.396,4441.478,8986.67,2020.255,4371.452,8857.357,2016.508,4250.767,9142.026,1968.176,4298.158,8599.897,2008.945,4248.171,9029.293,1966.29,4432.921
9097.344,1975.98,4377.669,8991.157,1966.141,4521.851,9025.524,1955.12,4326.62,8553.896,1951.155,4642.954,8757.797,1976.812,4249.427,8948.964,1992.067,4293.968,8878.094,2014.702,4351.266,8667.525,1978.241,4300.321,8953.278,2030.728,4210.449,8920.896,1981.396,4441.635,8983.766,2020.255,4371.458,8854.456,2016.508,4250.639,9139.127,1968.176,4298.321,8596.998,2008.945,4248.334,9026.389,1966.29,4432.934
9095.53,1975.98,4377.723,8989.348,1966.141,4521.711,9023.713,1955.12,4326.717,8553.122,1951.155,4644.595,8756.008,1976.812,4249.729,8947.15,1992.067,4294.019,8876.286,2014.702,4351.109,8665.721,1978.241,4300.514,8951.473,2030.728,4210.27,8919.082,1981.396,4441.674,8981.952,2020.255,4371.509,8852.646,2016.508,4250.514,9137.318,1968.176,4298.467,8595.188,2008.945,4248.45,9024.595,1966.29,4432.661
9092.629,1975.98,4377.902,8986.471,1966.141,4521.295,9020.809,1955.12,4326.822,8551.797,1951.155,4647.183,8753.143,1976.812,4250.223,8944.243,1992.067,4294.009,8873.383,2014.702,4350.953,8662.842,1978.241,4300.917,8948.589,2030.728,4209.903,8916.175,1981.396,4441.642,8979.05,2020.255,4371.667,8849.74,2016.508,4250.409,9134.414,1968.176,4298.608,8592.281,2008.945,4248.371,9021.708,1966.29,4432.317
9090.827,1975.98,4378.063,8984.673,1966.141,4521.094,9019,1955.12,4326.855,8550.92,1951.155,4648.765,8751.351,1976.812,4250.472,8942.435,1992.067,4293.948,8871.585,2014.702,4350.75,8661.043,1978.241,4301.11,8946.787,2030.728,4209.734,8914.366,1981.396,4441.691,8977.247,2020.255,4371.812,8847.931,2016.508,4250.402,9132.604,1968.176,4298.636,8590.472,2008.945,4248.38,9019.905,1966.29,4432.161
9088.722,1975.98,4378.184,8982.573,1966.141,4520.9,9016.893,1955.12,4326.854,8549.838,1951.155,4650.575,8749.254,1976.812,4250.694,8940.331,1992.067,4293.812,8869.483,2014.702,4350.582,8658.94,1978.241,4301.265,8944.683,2030.728,4209.605,8912.264,1981.396,4441.854,8975.15,2020.255,4372.035,8845.823,2016.508,4250.326,9130.496,1968.176,4298.682,8588.364,2008.945,4248.458,9017.8,1966.29,4432.048
9086.268,1975.98,4378.246,8980.122,1966.141,4520.753,9014.438,1955.12,4326.807,8548.51,1951.155,4652.64,8746.806,1976.812,4250.872,8937.912,1992.067,4293.394,8867.053,2014.702,4350.236,8656.487,1978.241,4301.366,8942.229,2030.728,4209.534,8909.818,1981.396,4442.07,8972.715,2020.255,4372.337,8843.377,2016.508,4250.116,9128.044,1968.176,4298.808,8585.911,2008.945,4248.547,9015.346,1966.29,4431.995
9083.281,1975.98,4378.224,8977.137,1966.141,4520.673,9011.455,1955.12,4326.693,8546.813,1951.155,4655.097,8743.821,1976.812,4250.991,8934.954,1992.067,4292.982,8864.084,2014.702,4349.912,8653.509,1978.241,4301.586,8939.248,2030.728,4209.349,8906.845,1981.396,4442.346,8969.759,2020.255,4372.755,8840.395,2016.508,4249.959,9125.067,1968.176,4299.043,8582.928,2008.945,4248.416,9012.359,1966.29,4432.027
9081.554,1975.98,4378.258,8975.409,1966.141,4520.68,9009.731,1955.12,4326.588,8545.785,1951.155,4656.486,8742.094,1976.812,4251.003,8933.236,1992.067,4292.8,8862.366,2014.702,4349.726,8651.782,1978.241,4301.657,8937.521,2030.728,4209.303,8905.12,1981.396,4442.449,8968.042,2020.255,4372.947,8838.677,2016.508,4250.146,9123.342,1968.176,4299.123,8581.2,2008.945,4248.396,9010.633,1966.29,4432.101
9078.564,1975.98,4378.398,8972.418,1966.141,4520.79,9006.744,1955.12,4326.424,8543.927,1951.155,4658.833,8739.105,1976.812,4250.833,8930.264,1992.067,4292.451,8859.382,2014.702,4349.5,8648.789,1978.241,4301.682,8934.529,2030.728,4209.199,8902.129,1981.396,4442.566,8965.06,2020.255,4373.197,8835.692,2016.508,4250.373,9120.349,1968.176,4299.163,8578.208,2008.945,4248.461,9007.648,1966.29,4432.326
9076.935,1975.98,4378.519,8970.786,1966.141,4520.681,9005.112,1955.12,4326.328,8542.87,1951.155,4660.081,8737.474,1976.812,4250.728,8928.652,1992.067,4292.171,8857.748,2014.702,4349.43,8647.154,1978.241,4301.642,8932.895,2030.728,4209.191,8900.499,1981.396,4442.699,8963.428,2020.255,4373.29,8834.059,2016.508,4250.444,9118.714,1968.176,4299.132,8576.573,2008.945,4248.443,9006.022,1966.29,4432.5
9074.577,1975.98,4378.618,8968.428,1966.141,4520.601,9002.764,1955.12,4326.169,8541.287,1951.155,4661.831,8735.115,1976.812,4250.652,8926.324,1992.067,4291.788,8855.389,2014.702,4349.405,8644.811,1978.241,4301.914,8930.536,2030.728,4209.248,8898.142,1981.396,4442.815,8961.069,2020.255,4373.368,8831.699,2016.508,4250.47,9116.354,1968.176,4299.161,8574.214,2008.945,4248.463,9003.686,1966.29,4432.828
9072.219,1975.98,4378.641,8966.073,1966.141,4520.468,9000.41,1955.12,4326.027,8539.648,1951.155,4663.527,8732.757,1976.812,4250.654,8923.985,1992.067,4291.481,8853.03,2014.702,4349.431,8642.46,1978.241,4302.109,8928.181,2030.728,4209.365,8895.815,1981.396,4443.206,8958.712,2020.255,4373.396,8829.341,2016.508,4250.421,9113.998,1968.176,4299.26,8571.857,2008.945,4248.56,9001.361,1966.29,4433.229
9069.857,1975.98,4378.587,8963.712,1966.141,4520.413,8998.053,1955.12,4325.879,8537.952,1951.155,4665.172,8730.398,1976.812,4250.524,8921.635,1992.067,4291.25,8850.67,2014.702,4349.531,8640.101,1978.241,4302.228,8925.819,2030.728,4209.417,8893.475,1981.396,4443.522,8956.354,2020.255,4373.449,8826.979,2016.508,4250.45,9111.642,1968.176,4299.422,8569.495,2008.945,4248.544,8999.048,1966.29,4433.705
9067.502,1975.98,4378.611,8961.356,1966.141,4520.435,8995.698,1955.12,4325.805,8536.208,1951.155,4666.756,8728.043,1976.812,4250.471,8919.284,1992.067,4291.098,8848.32,2014.702,4349.706,8637.745,1978.241,4302.269,8923.464,2030.728,4209.393,8891.131,1981.396,4443.765,8953.999,2020.255,4373.485,8824.623,2016.508,4250.401,9109.287,1968.176,4299.507,8567.139,2008.945,4248.542,8996.726,1966.29,4434.104
9064.814,1975.98,4378.726,8958.669,1966.141,4520.547,8993.009,1955.12,4325.806,8534.158,1951.155,4668.498,8725.369,1976.812,4250.177,8916.596,1992.067,4291.011,8845.646,2014.702,4349.99,8635.056,1978.241,4302.228,8920.776,2030.728,4209.276,8888.448,1981.396,4443.957,8951.312,2020.255,4373.54,8821.971,2016.508,4249.955,9106.598,1968.176,4299.516,8564.449,2008.945,4248.487,8994.062,1966.29,4434.474
9062.226,1975.98,4378.921,8956.077,1966.141,4520.694,8990.414,1955.12,4325.888,8532.126,1951.155,4670.114,8722.78,1976.812,4249.977,8914.021,1992.067,4290.674,8843.073,2014.702,4350.345,8632.461,1978.241,4302.331,8918.188,2030.728,4209.079,8885.854,1981.396,4444.063,8948.717,2020.255,4373.577,8819.397,2016.508,4249.608,9104.002,1968.176,4299.441,8561.854,2008.945,4248.393,8991.479,1966.29,4434.746
9059.782,1975.98,4379.063,8953.629,1966.141,4520.689,8987.971,1955.12,4326.042,8530.161,1951.155,4671.575,8720.334,1976.812,4249.869,8911.584,1992.067,4290.436,8840.659,2014.702,4350.754,8630.013,1978.241,4302.347,8915.744,2030.728,4208.918,8883.406,1981.396,4444.087,8946.269,2020.255,4373.598,8816.976,2016.508,4249.245,9101.554,1968.176,4299.447,8559.406,2008.945,4248.384,8989.037,1966.29,4434.923
9057.042,1975.98,4379.193,8950.885,1966.141,4520.773,8985.238,1955.12,4326.3,8527.905,1951.155,4673.14,8717.597,1976.812,4249.657,8908.845,1992.067,4290.258,8837.939,2014.702,4351.125,8627.269,1978.241,4302.276,8913.007,2030.728,4208.708,8880.664,1981.396,4444.204,8943.524,2020.255,4373.592,8814.249,2016.508,4248.926,9098.811,1968.176,4299.537,8556.662,2008.945,4248.464,8986.294,1966.29,4435.033
9056.454,1975.98,4379.219,8950.296,1966.141,4520.796,8984.654,1955.12,4326.374,8527.41,1951.155,4673.459,8717.008,1976.812,4249.631,8908.256,1992.067,4290.239,8837.354,2014.702,4351.187,8626.68,1978.241,4302.28,8912.418,2030.728,4208.682,8880.076,1981.396,4444.233,8942.937,2020.255,4373.591,8813.662,2016.508,4248.876,9098.223,1968.176,4299.574,8556.074,2008.945,4248.429,8985.705,1966.29,4435.037
9052.422,1975.98,4379.401,8946.271,1966.141,4521.101,8980.666,1955.12,4326.997,8523.95,1951.155,4675.539,8713.041,1976.812,4248.883,8904.219,1992.067,4290.241,8833.33,2014.702,4351.505,8622.646,1978.241,4302.427,8908.382,2030.728,4208.628,8876.071,1981.396,4444.737,8938.902,2020.255,4373.582,8809.641,2016.508,4248.53,9094.203,1968.176,4299.935,8552.039,2008.945,4248.318,8981.67,1966.29,4434.935
9050.505,1975.98,4379.488,8944.353,1966.141,4521.195,8978.778,1955.12,4327.351,8522.272,1951.155,4676.473,8711.144,1976.812,4248.588,8902.3,1992.067,4290.305,8831.412,2014.702,4351.594,8620.725,1978.241,4302.434,8906.464,2030.728,4208.54,8874.159,1981.396,4444.914,8936.982,2020.255,4373.624,8807.723,2016.508,4248.428,9092.29,1968.176,4300.098,8550.118,2008.945,4248.329,8979.753,1966.29,4434.825
9049.221,1975.98,4379.547,8943.072,1966.141,4521.318,8977.521,1955.12,4327.625,8521.129,1951.155,4677.062,8709.866,1976.812,4248.433,8901.017,1992.067,4290.39,8830.148,2014.702,4351.834,8619.438,1978.241,4302.396,8905.178,2030.728,4208.523,8872.875,1981.396,4444.991,8935.697,2020.255,4373.678,8806.437,2016.508,4248.402,9091.006,1968.176,4300.121,8548.833,2008.945,4248.377,8978.472,1966.29,4434.709
9045.893,1975.98,4379.738,8939.77,1966.141,4521.803,8974.239,1955.12,4328.232,8518.112,1951.155,4678.493,8706.541,1976.812,4248.139,8897.679,1992.067,4290.316,8826.889,2014.702,4352.555,8616.133,1978.241,4302.865,8901.857,2030.728,4208.175,8869.54,1981.396,4445.138,8932.362,2020.255,4373.818,8803.104,2016.508,4248.208,9087.672,1968.176,4300.279,8545.495,2008.945,4248.418,8975.139,1966.29,4434.52
9043.95,1975.98,4379.913,8937.831,1966.141,4522.023,8972.316,1955.12,4328.556,8516.323,1951.155,4679.271,8704.594,1976.812,4248.03,8895.729,1992.067,4290.236,8824.972,2014.702,4352.913,8614.193,1978.241,4303.075,8899.932,2030.728,4207.863,8867.592,1981.396,4445.047,8930.416,2020.255,4373.936,8801.154,2016.508,4248.125,9085.728,1968.176,4300.427,8543.547,2008.945,4248.506,8973.188,1966.29,4434.472
9041.592,1975.98,4380.05,8935.477,1966.141,4522.213,8969.981,1955.12,4328.909,8514.127,1951.155,4680.141,8702.232,1976.812,4247.976,8893.367,1992.067,4290.215,8822.637,2014.702,4353.271,8611.846,1978.241,4303.337,8897.589,2030.728,4207.563,8865.229,1981.396,4445.014,8928.062,2020.255,4374.121,8798.792,2016.508,4248.104,9083.379,1968.176,4300.672,8541.191,2008.945,4248.689,8970.826,1966.29,4434.491
9039.233,1975.98,4380.111,8933.12,1966.141,4522.326,8967.645,1955.12,4329.223,8511.906,1951.155,4680.938,8699.873,1976.812,4247.999,8891.009,1992.067,4290.269,8820.295,2014.702,4353.552,8609.521,1978.241,4303.734,8895.24,2030.728,4207.339,8862.871,1981.396,4445.059,8925.714,2020.255,4374.347,8796.436,2016.508,4248.001,9081.039,1968.176,4300.967,8538.847,2008.945,4248.949,8968.469,1966.29,4434.586
9036.877,1975.98,4380.235,8930.777,1966.141,4522.619,8965.301,1955.12,4329.497,8509.659,1951.155,4681.663,8697.515,1976.812,4248.099,8888.657,1992.067,4290.068,8817.943,2014.702,4353.756,8607.182,1978.241,4304.056,8892.912,2030.728,4206.947,8860.514,1981.396,4445.18,8923.369,2020.255,4374.614,8794.075,2016.508,4247.977,9078.688,1968.176,4301.185,8536.511,2008.945,4249.286,8966.114,1966.29,4434.757
9034.526,1975.98,4380.424,8928.429,1966.141,4522.834,8962.955,1955.12,4329.731,8507.392,1951.155,4682.313,8695.156,1976.812,4248.085,8886.302,1992.067,4289.944,8815.588,2014.702,4353.883,8604.865,1978.241,4304.501,8890.575,2030.728,4206.632,8858.16,1981.396,4445.02,8921.031,2020.255,4374.92,8791.717,2016.508,4248.029,9076.334,1968.176,4301.327,8534.167,2008.945,4249.545,8963.769,1966.29,4435.003
9032.178,1975.98,4380.677,8926.077,1966.141,4523.059,8960.602,1955.12,4329.925,8505.101,1951.155,4682.889,8692.794,1976.812,4248.054,8883.939,1992.067,4289.898,8813.227,2014.702,4353.933,8602.532,1978.241,4304.871,8888.226,2030.728,4206.392,8855.8,1981.396,4444.936,8918.695,2020.255,4375.267,8789.358,2016.508,4248.157,9073.973,1968.176,4301.392,8531.805,2008.945,4249.588,8961.429,1966.29,4435.325
9028.107,1975.98,4381.229,8922.02,1966.141,4523.702,8956.504,1955.12,4330.19,8501.086,1951.155,4683.76,8688.687,1976.812,4248.133,8879.832,1992.067,4289.951,8809.119,2014.702,4353.885,8598.456,1978.241,4305.381,8884.128,2030.728,4206.104,8851.691,1981.396,4444.924,8914.645,2020.255,4375.938,8785.266,2016.508,4248.51,9069.864,1968.176,4301.371,8527.702,2008.945,4249.798,8957.379,1966.29,4436.014
9027.52,1975.98,4381.29,8921.436,1966.141,4523.792,8955.914,1955.12,4330.217,8500.503,1951.155,4683.857,8688.097,1976.812,4248.164,8879.242,1992.067,4289.978,8808.529,2014.702,4353.859,8597.874,1978.241,4305.482,8883.538,2030.728,4206.081,8851.101,1981.396,4444.941,8914.063,2020.255,4376.044,8784.679,2016.508,4248.58,9069.273,1968.176,4301.386,8527.113,2008.945,4249.847,8956.8,1966.29,4436.131
9022.44,1975.98,4381.788,8916.506,1966.141,4525.115,8950.814,1955.12,4330.361,8495.498,1951.155,4684.858,8683.011,1976.812,4248.596,8874.14,1992.067,4290.089,8803.426,2014.702,4353.8,8592.82,1978.241,4306.194,8878.435,2030.728,4206.047,8846.007,1981.396,4445.261,8909.061,2020.255,4377.043,8779.594,2016.508,4249.019,9064.179,1968.176,4301.677,8522.035,2008.945,4250.36,8951.768,1966.29,4436.983
9021.499,1975.98,4381.868,8915.586,1966.141,4525.33,8949.871,1955.12,4330.413,8494.578,1951.155,4685.073,8682.072,1976.812,4248.707,8873.195,1992.067,4290.082,8802.481,2014.702,4353.819,8591.881,1978.241,4306.295,8877.49,2030.728,4206.071,8845.066,1981.396,4445.351,8908.129,2020.255,4377.202,8778.65,2016.508,4249.071,9063.237,1968.176,4301.759,8521.091,2008.945,4250.394,8950.831,1966.29,4437.11
9020.259,1975.98,4381.963,8914.365,1966.141,4525.573,8948.629,1955.12,4330.487,8493.376,1951.155,4685.396,8680.857,1976.812,4248.978,8871.951,1992.067,4290.112,8801.238,2014.702,4353.886,8590.64,1978.241,4306.388,8876.248,2030.728,4206.14,8843.832,1981.396,4445.51,8906.897,2020.255,4377.379,8777.406,2016.508,4249.101,9061.998,1968.176,4301.879,8519.85,2008.945,4250.479,8949.637,1966.29,4437.461
9016.707,1975.98,4382.268,8910.893,1966.141,4526.384,8945.076,1955.12,4330.405,8489.964,1951.155,4686.435,8677.354,1976.812,4249.64,8868.387,1992.067,4289.988,8797.685,2014.702,4354.19,8587.094,1978.241,4306.769,8872.695,2030.728,4206.445,8840.312,1981.396,4446.081,8903.36,2020.255,4377.825,8773.841,2016.508,4249.099,9058.459,1968.176,4302.311,8516.302,2008.945,4250.839,8946.184,1966.29,4438.353
9016.119,1975.98,4382.317,8910.318,1966.141,4526.524,8944.485,1955.12,4330.411,8489.404,1951.155,4686.625,8676.77,1976.812,4249.731,8867.796,1992.067,4289.987,8797.094,2014.702,4354.188,8586.509,1978.241,4306.852,8872.108,2030.728,4206.512,8839.724,1981.396,4446.14,8902.773,2020.255,4377.887,8773.25,2016.508,4249.085,9057.874,1968.176,4302.395,8515.712,2008.945,4250.813,8945.607,1966.29,4438.481
9012.672,1975.98,4382.611,8906.931,1966.141,4527.236,8941.026,1955.12,4330.552,8486.166,1951.155,4687.848,8673.333,1976.812,4250.15,8864.346,1992.067,4289.71,8793.634,2014.702,4354.285,8583.1,1978.241,4307.449,8868.682,2030.728,4206.994,8836.292,1981.396,4446.595,8899.326,2020.255,4378.189,8769.789,2016.508,4249.044,9054.455,1968.176,4302.927,8512.251,2008.945,4250.775,8942.206,1966.29,4439.126
9011.042,1975.98,4382.751,8905.32,1966.141,4527.521,8939.395,1955.12,4330.67,8484.655,1951.155,4688.476,8671.72,1976.812,4250.418,8862.712,1992.067,4289.632,8792.001,2014.702,4354.383,8581.488,1978.241,4307.73,8867.066,2030.728,4207.251,8834.679,1981.396,4446.863,8897.695,2020.255,4378.307,8768.154,2016.508,4249.097,9052.843,1968.176,4303.199,8510.615,2008.945,4250.811,8940.59,1966.29,4439.378
9008.691,1975.98,4382.961,8902.983,1966.141,4527.856,8937.046,1955.12,4330.916,8482.506,1951.155,4689.452,8669.411,1976.812,4250.912,8860.351,1992.067,4289.598,8789.649,2014.702,4354.601,8579.15,1978.241,4308.061,8864.729,2030.728,4207.564,8832.363,1981.396,4447.323,8895.34,2020.255,4378.462,8765.793,2016.508,4249.106,9050.517,1968.176,4303.598,8508.258,2008.945,4250.94,8938.246,1966.29,4439.666
9005.779,1975.98,4383.215,8900.076,1966.141,4528.179,8934.147,1955.12,4331.31,8479.884,1951.155,4690.749,8666.532,1976.812,4251.43,8857.426,1992.067,4289.65,8786.729,2014.702,4354.775,8576.269,1978.241,4308.564,8861.84,2030.728,4208.022,8829.514,1981.396,4447.984,8892.422,2020.255,4378.651,8762.869,2016.508,4249.213,9047.635,1968.176,4304.094,8505.343,2008.945,4251.188,8935.333,1966.29,4439.928
9003.588,1975.98,4383.478,8897.869,1966.141,4528.167,8931.972,1955.12,4331.676,8477.938,1951.155,4691.791,8664.349,1976.812,4251.749,8855.222,1992.067,4289.763,8784.523,2014.702,4354.836,8574.083,1978.241,4308.873,8859.648,2030.728,4208.266,8827.367,1981.396,4448.499,8890.224,2020.255,4378.771,8760.668,2016.508,4249.365,9045.449,1968.176,4304.397,8503.146,2008.945,4251.398,8933.13,1966.29,4440.054
9002.219,1975.98,4383.687,8896.483,1966.141,4528.177,8930.613,1955.12,4331.948,8476.739,1951.155,4692.485,8662.991,1976.812,4252.027,8853.841,1992.067,4289.878,8783.14,2014.702,4354.905,8572.706,1978.241,4309.025,8858.276,2030.728,4208.46,8826.01,1981.396,4448.779,8888.842,2020.255,4378.863,8759.289,2016.508,4249.505,9044.071,1968.176,4304.543,8501.771,2008.945,4251.575,8931.745,1966.29,4440.088
8998.631,1975.98,4384.356,8892.836,1966.141,4528.321,8927.059,1955.12,4332.776,8473.642,1951.155,4694.416,8659.448,1976.812,4252.904,8850.215,1992.067,4290.295,8779.5,2014.702,4355.168,8569.094,1978.241,4309.546,8854.679,2030.728,4209.072,8822.413,1981.396,4449.401,8885.203,2020.255,4379.127,8755.672,2016.508,4249.991,9040.431,1968.176,4304.81,8498.124,2008.945,4251.703,8928.095,1966.29,4440.06
8996.924,1975.98,4384.63,8891.113,1966.141,4528.173,8925.363,1955.12,4333.114,8472.205,1951.155,4695.377,8657.757,1976.812,4253.265,8848.505,1992.067,4290.548,8777.78,2014.702,4355.349,8567.392,1978.241,4309.849,8852.976,2030.728,4209.367,8820.701,1981.396,4449.642,8883.48,2020.255,4379.26,8753.953,2016.508,4250.175,9038.711,1968.176,4304.988,8496.399,2008.945,4251.819,8926.366,1966.29,4440.104
8993.74,1975.98,4385.068,8887.903,1966.141,4528.003,8922.192,1955.12,4333.643,8469.594,1951.155,4697.253,8654.593,1976.812,4253.832,8845.311,1992.067,4290.915,8774.596,2014.702,4355.786,8564.248,1978.241,4310.524,8849.816,2030.728,4209.962,8817.505,1981.396,4449.987,8880.277,2020.255,4379.517,8750.76,2016.508,4250.542,9035.524,1968.176,4305.413,8493.2,2008.945,4252.142,8923.156,1966.29,4440.273
8991.459,1975.98,4385.344,8885.605,1966.141,4527.957,8919.914,1955.12,4333.95,8467.771,1951.155,4698.654,8652.345,1976.812,4254.312,8843.036,1992.067,4291.245,8772.329,2014.702,4356.172,8562.049,1978.241,4311.193,8847.546,2030.728,4210.32,8815.213,1981.396,4450.162,8877.986,2020.255,4379.694,8748.461,2016.508,4250.549,9033.255,1968.176,4305.773,8490.922,2008.945,4252.447,8920.861,1966.29,4440.136
8989.891,1975.98,4385.482,8884.031,1966.141,4527.977,8918.351,1955.12,4334.134,8466.556,1951.155,4699.655,8650.795,1976.812,4254.589,8841.485,1992.067,4291.516,8770.784,2014.702,4356.476,8560.528,1978.241,4311.603,8845.984,2030.728,4210.52,8813.64,1981.396,4450.232,8876.419,2020.255,4379.844,8746.887,2016.508,4250.605,9031.694,1968.176,4305.975,8489.369,2008.945,4252.707,8919.287,1966.29,4440.093
8986.565,1975.98,4385.668,8880.71,1966.141,4527.729,8915.038,1955.12,4334.466,8464.054,1951.155,4701.853,8647.499,1976.812,4255.069,8838.224,1992.067,4292.186,8767.535,2014.702,4357.205,8557.291,1978.241,4312.385,8842.671,2030.728,4210.845,8810.31,1981.396,4450.277,8873.111,2020.255,4380.218,8743.564,2016.508,4250.833,9028.402,1968.176,4306.469,8486.104,2008.945,4253.363,8915.957,1966.29,4440.109
8982.645,1975.98,4385.995,8876.778,1966.141,4527.565,8911.117,1955.12,4334.79,8461.185,1951.155,4704.546,8643.615,1976.812,4255.707,8834.345,1992.067,4292.852,8763.669,2014.702,4357.94,8553.609,1978.241,4313.775,8838.769,2030.728,4211.357,8806.375,1981.396,4450.187,8869.211,2020.255,4380.728,8739.649,2016.508,4251.231,9024.493,1968.176,4306.925,8482.238,2008.945,4254.1,8912.024,1966.29,4440.255
8981.756,1975.98,4386.094,8875.89,1966.141,4527.461,8910.227,1955.12,4334.867,8460.553,1951.155,4705.18,8642.731,1976.812,4255.847,8833.464,1992.067,4293.009,8762.785,2014.702,4358.079,8552.763,1978.241,4314.063,8837.878,2030.728,4211.438,8805.48,1981.396,4450.196,8868.321,2020.255,4380.824,8738.763,2016.508,4251.351,9023.602,1968.176,4307,8481.365,2008.945,4254.296,8911.132,1966.29,4440.317
8981.289,1975.98,4386.159,8875.42,1966.141,4527.421,8909.757,1955.12,4334.904,8460.23,1951.155,4705.524,8642.269,1976.812,4255.936,8833.005,1992.067,4293.118,8762.317,2014.702,4358.137,8552.312,1978.241,4314.2,8837.41,2030.728,4211.497,8805.009,1981.396,4450.206,8867.852,2020.255,4380.867,8738.298,2016.508,4251.429,9023.131,1968.176,4307.024,8480.908,2008.945,4254.415,8910.662,1966.29,4440.365
8976.949,1975.98,4386.887,8871.025,1966.141,4527.196,8905.379,1955.12,4335.339,8457.332,1951.155,4708.836,8637.88,1976.812,4256.258,8828.693,1992.067,4294,8757.935,2014.702,4358.534,8548.062,1978.241,4315.343,8833.063,2030.728,4212.181,8800.611,1981.396,4450.38,8863.468,2020.255,4381.249,8733.984,2016.508,4252.301,9018.73,1968.176,4307.106,8476.66,2008.945,4255.565,8906.301,1966.29,4440.951
8975.78,1975.98,4387.045,8869.846,1966.141,4527.174,8904.204,1955.12,4335.429,8456.584,1951.155,4709.749,8636.707,1976.812,4256.383,8827.53,1992.067,4294.199,8756.757,2014.702,4358.602,8546.926,1978.241,4315.662,8831.904,2030.728,4212.403,8799.434,1981.396,4450.454,8862.293,2020.255,4381.348,8732.836,2016.508,4252.573,9017.552,1968.176,4307.165,8475.506,2008.945,4255.809,8905.137,1966.29,4441.145
8973.482,1975.98,4387.281,8867.536,1966.141,4527.128,8901.898,1955.12,4335.561,8455.18,1951.155,4711.583,8634.419,1976.812,4256.703,8825.248,1992.067,4294.555,8754.447,2014.702,4358.66,8544.683,1978.241,4316.214,8829.623,2030.728,4212.769,8797.134,1981.396,4450.672,8859.991,2020.255,4381.536,8730.606,2016.508,4253.178,9015.249,1968.176,4307.351,8473.262,2008.945,4256.358,8902.871,1966.29,4441.598
8969.838,1975.98,4387.537,8863.883,1966.141,4527.174,8898.258,1955.12,4335.857,8453.055,1951.155,4714.555,8630.807,1976.812,4257.245,8821.681,1992.067,4295.344,8750.794,2014.702,4358.634,8541.154,1978.241,4317.16,8826.015,2030.728,4213.342,8793.487,1981.396,4450.899,8856.353,2020.255,4381.837,8727.114,2016.508,4254.249,9011.618,1968.176,4307.746,8469.654,2008.945,4256.934,8899.313,1966.29,4442.427
8966.18,1975.98,4387.677,8860.222,1966.141,4527.167,8894.618,1955.12,4336.24,8451.024,1951.155,4717.601,8627.206,1976.812,4257.906,8818.1,1992.067,4296.102,8747.135,2014.702,4358.727,8537.589,1978.241,4317.992,8822.411,2030.728,4213.987,8789.842,1981.396,4450.57,8852.704,2020.255,4382.132,8723.581,2016.508,4255.208,9007.989,1968.176,4308.219,8466.061,2008.945,4257.629,8895.776,1966.29,4443.371
8965.708,1975.98,4387.693,8859.75,1966.141,4527.182,8894.149,1955.12,4336.294,8450.775,1951.155,4718.002,8626.745,1976.812,4258.007,8817.644,1992.067,4296.225,8746.664,2014.702,4358.754,8537.126,1978.241,4318.084,8821.949,2030.728,4214.083,8789.371,1981.396,4450.543,8852.233,2020.255,4382.17,8723.122,2016.508,4255.316,9007.522,1968.176,4308.284,8465.601,2008.945,4257.734,8895.316,1966.29,4443.478
8964.714,1975.98,4387.751,8858.754,1966.141,4527.189,8893.162,1955.12,4336.426,8450.278,1951.155,4718.865,8625.779,1976.812,4258.25,8816.674,1992.067,4296.453,8745.672,2014.702,4358.845,8536.134,1978.241,4318.174,8820.98,2030.728,4214.316,8788.375,1981.396,4450.519,8851.242,2020.255,4382.258,8722.146,2016.508,4255.518,9006.538,1968.176,4308.432,8464.611,2008.945,4257.847,8894.339,1966.29,4443.671
8961.386,1975.98,4388,8855.416,1966.141,4527.164,8889.848,1955.12,4336.81,8448.708,1951.155,4721.811,8622.592,1976.812,4259.242,8813.4,1992.067,4297.109,8742.358,2014.702,4359.255,8532.807,1978.241,4318.45,8817.717,2030.728,4215.018,8785.037,1981.396,4450.521,8847.924,2020.255,4382.612,8718.86,2016.508,4256.103,9003.24,1968.176,4308.94,8461.282,2008.945,4258.091,8891.045,1966.29,4444.211
8959.446,1975.98,4388.208,8853.466,1966.141,4527.212,8887.907,1955.12,4337.001,8447.848,1951.155,4723.561,8620.712,1976.812,4259.76,8811.511,1992.067,4297.591,8740.432,2014.702,4359.557,8530.869,1978.241,4318.675,8815.868,2030.728,4215.64,8783.088,1981.396,4450.586,8845.989,2020.255,4382.852,8716.912,2016.508,4256.199,9001.304,1968.176,4309.175,8459.338,2008.945,4258.243,8889.117,1966.29,4444.504
8957.112,1975.98,4388.536,8851.112,1966.141,4527.349,8885.57,1955.12,4337.307,8446.877,1951.155,4725.709,8618.434,1976.812,4260.364,8809.209,1992.067,4298.098,8738.114,2014.702,4359.991,8528.521,1978.241,4318.875,8813.61,2030.728,4216.318,8780.735,1981.396,4450.742,8843.648,2020.255,4383.122,8714.563,2016.508,4256.393,8998.955,1968.176,4309.382,8456.995,2008.945,4258.503,8886.776,1966.29,4444.783
8954.603,1975.98,4388.973,8848.576,1966.141,4527.579,8883.041,1955.12,4337.594,8445.904,1951.155,4728.063,8615.979,1976.812,4261.047,8806.705,1992.067,4298.563,8735.597,2014.702,4360.376,8525.991,1978.241,4319.175,8811.148,2030.728,4216.97,8778.201,1981.396,4450.994,8841.125,2020.255,4383.457,8712.032,2016.508,4256.685,8996.412,1968.176,4309.523,8454.448,2008.945,4258.506,8884.238,1966.29,4445.001
8951.073,1975.98,4389.494,8845.035,1966.141,4528.018,8879.498,1955.12,4338.004,8444.651,1951.155,4731.404,8612.513,1976.812,4261.891,8803.178,1992.067,4299.101,8732.089,2014.702,4361.029,8522.423,1978.241,4319.145,8807.679,2030.728,4217.803,8774.639,1981.396,4450.795,8837.583,2020.255,4383.875,8708.472,2016.508,4256.919,8992.857,1968.176,4309.831,8450.882,2008.945,4258.627,8880.675,1966.29,4445.191
8950.489,1975.98,4389.566,8844.449,1966.141,4528.071,8878.912,1955.12,4338.058,8444.463,1951.155,4731.961,8611.937,1976.812,4262.012,8802.613,1992.067,4299.266,8731.511,2014.702,4361.138,8521.835,1978.241,4319.159,8807.104,2030.728,4217.928,8774.051,1981.396,4450.781,8836.997,2020.255,4383.931,8707.885,2016.508,4256.958,8992.272,1968.176,4309.898,8450.293,2008.945,4258.627,8880.086,1966.29,4445.178
8946.827,1975.98,4389.937,8840.773,1966.141,4528.284,8875.257,1955.12,4338.457,8443.397,1951.155,4735.486,8608.31,1976.812,4262.647,8799.076,1992.067,4300.289,8727.916,2014.702,4361.936,8518.159,1978.241,4319.368,8803.482,2030.728,4218.592,8770.369,1981.396,4450.817,8833.328,2020.255,4384.227,8704.221,2016.508,4257.323,8988.628,1968.176,4310.415,8446.651,2008.945,4258.087,8876.404,1966.29,4445.216
8944.543,1975.98,4390.135,8838.48,1966.141,4528.341,8872.974,1955.12,4338.666,8442.806,1951.155,4737.702,8606.071,1976.812,4263.147,8796.854,1992.067,4300.853,8725.662,2014.702,4362.36,8515.866,1978.241,4319.441,8801.241,2030.728,4219.08,8768.077,1981.396,4450.914,8831.046,2020.255,4384.451,8701.947,2016.508,4257.625,8986.352,1968.176,4310.638,8444.373,2008.945,4257.825,8874.112,1966.29,4445.315
8942.974,1975.98,4390.22,8836.911,1966.141,4528.432,8871.406,1955.12,4338.781,8442.45,1951.155,4739.233,8604.533,1976.812,4263.47,8795.318,1992.067,4301.19,8724.143,2014.702,4362.763,8514.298,1978.241,4319.542,8799.695,2030.728,4219.363,8766.506,1981.396,4450.925,8829.485,2020.255,4384.633,8700.396,2016.508,4257.883,8984.792,1968.176,4310.83,8442.807,2008.945,4257.696,8872.545,1966.29,4445.434
8940.62,1975.98,4390.351,8834.572,1966.141,4528.737,8869.056,1955.12,4338.956,8441.992,1951.155,4741.547,8602.21,1976.812,4263.877,8792.999,1992.067,4301.62,8721.844,2014.702,4363.292,8511.955,1978.241,4319.812,8797.391,2030.728,4219.864,8764.149,1981.396,4451.019,8827.146,2020.255,4384.929,8698.077,2016.508,4258.311,8982.449,1968.176,4311.105,8440.451,2008.945,4257.581,8870.196,1966.29,4445.656
8936.981,1975.98,4390.672,8830.937,1966.141,4529.09,8865.413,1955.12,4339.227,8441.401,1951.155,4745.151,8598.594,1976.812,4264.391,8789.432,1992.067,4302.404,8718.26,2014.702,4363.995,8508.337,1978.241,4320.309,8793.798,2030.728,4220.523,8760.507,1981.396,4451.283,8823.529,2020.255,4385.433,8694.509,2016.508,4259.092,8978.81,1968.176,4311.414,8436.799,2008.945,4257.521,8866.551,1966.29,4445.881
8933.353,1975.98,4391.112,8827.288,1966.141,4529.324,8861.777,1955.12,4339.353,8440.928,1951.155,4748.776,8594.993,1976.812,4265.023,8785.887,1992.067,4303.297,8714.708,2014.702,4364.859,8504.701,1978.241,4320.688,8790.156,2030.728,4220.846,8756.852,1981.396,4451.314,8819.915,2020.255,4385.968,8690.958,2016.508,4259.961,8975.159,1968.176,4311.604,8433.144,2008.945,4257.58,8862.911,1966.29,4446.226
8932.884,1975.98,4391.153,8826.817,1966.141,4529.333,8861.308,1955.12,4339.383,8440.882,1951.155,4749.245,8594.53,1976.812,4265.111,8785.437,1992.067,4303.437,8714.267,2014.702,4365.023,8504.234,1978.241,4320.752,8789.688,2030.728,4220.903,8756.381,1981.396,4451.313,8819.45,2020.255,4386.042,8690.506,2016.508,4260.093,8974.689,1968.176,4311.636,8432.673,2008.945,4257.603,8862.444,1966.29,4446.285
8931.898,1975.98,4391.209,8825.831,1966.141,4529.384,8860.321,1955.12,4339.432,8440.818,1951.155,4750.23,8593.552,1976.812,4265.245,8784.521,1992.067,4303.809,8713.353,2014.702,4365.396,8503.249,1978.241,4320.813,8788.713,2030.728,4221.054,8755.394,1981.396,4451.341,8818.479,2020.255,4386.218,8689.55,2016.508,4260.34,8973.707,1968.176,4311.733,8431.688,2008.945,4257.684,8861.47,1966.29,4446.441
8928.027,1975.98,4391.421,8821.967,1966.141,4529.709,8856.456,1955.12,4339.743,8440.695,1951.155,4754.106,8589.675,1976.812,4265.206,8780.884,1992.067,4305.152,8709.717,2014.702,4366.742,8499.389,1978.241,4321.177,8784.902,2030.728,4221.773,8751.523,1981.396,4451.578,8814.68,2020.255,4386.989,8685.77,2016.508,4261.203,8969.858,1968.176,4312.199,8427.815,2008.945,4257.874,8857.623,1966.29,4446.927
8926.056,1975.98,4391.594,8819.992,1966.141,4529.847,8854.489,1955.12,4339.961,8440.697,1951.155,4756.085,8587.696,1976.812,4265.251,8779.006,1992.067,4305.776,8707.839,2014.702,4367.368,8497.413,1978.241,4321.299,8782.971,2030.728,4222.204,8749.553,1981.396,4451.764,8812.744,2020.255,4387.4,8683.855,2016.508,4261.707,8967.887,1968.176,4312.374,8425.843,2008.945,4258.035,8855.691,1966.29,4447.357
8923.953,1975.98,4391.848,8817.886,1966.141,4530.063,8852.383,1955.12,4340.174,8440.769,1951.155,4758.202,8585.582,1976.812,4265.369,8776.976,1992.067,4306.378,8705.81,2014.702,4367.972,8495.305,1978.241,4321.498,8780.92,2030.728,4222.732,8747.437,1981.396,4451.837,8810.683,2020.255,4387.879,8681.826,2016.508,4262.312,8965.772,1968.176,4312.491,8423.739,2008.945,4258.277,8853.61,1966.29,4447.749
8920.261,1975.98,4392.308,8814.198,1966.141,4530.564,8848.694,1955.12,4340.667,8441.016,1951.155,4761.915,8581.875,1976.812,4265.697,8773.408,1992.067,4307.439,8702.21,2014.702,4368.916,8491.591,1978.241,4321.727,8777.226,2030.728,4223.18,8743.724,1981.396,4452.086,8807.058,2020.255,4388.722,8678.297,2016.508,4263.492,8962.065,1968.176,4312.809,8420.113,2008.945,4259.115,8849.933,1966.29,4448.318
8917.317,1975.98,4392.641,8811.276,1966.141,4531.06,8845.771,1955.12,4341.154,8441.31,1951.155,4764.864,8578.933,1976.812,4266.055,8770.541,1992.067,4308.19,8699.32,2014.702,4369.574,8488.64,1978.241,4322.005,8774.294,2030.728,4223.616,8740.774,1981.396,4452.382,8804.173,2020.255,4389.395,8675.519,2016.508,4264.523,8959.121,1968.176,4313.147,8417.205,2008.945,4259.688,8846.99,1966.29,4448.675
8916.853,1975.98,4392.704,8810.816,1966.141,4531.153,8845.311,1955.12,4341.246,8441.371,1951.155,4765.329,8578.469,1976.812,4266.127,8770.09,1992.067,4308.318,8698.861,2014.702,4369.67,8488.174,1978.241,4322.065,8773.832,2030.728,4223.7,8740.31,1981.396,4452.444,8803.715,2020.255,4389.495,8675.085,2016.508,4264.702,8958.657,1968.176,4313.215,8416.748,2008.945,4259.793,8846.522,1966.29,4448.716
8914.567,1975.98,4393,8808.573,1966.141,4531.686,8843.065,1955.12,4341.771,8441.749,1951.155,4767.603,8576.203,1976.812,4266.554,8767.853,1992.067,4308.875,8696.623,2014.702,4370.22,8485.898,1978.241,4322.431,8771.579,2030.728,4224.187,8738.036,1981.396,4452.823,8801.464,2020.255,4389.992,8672.94,2016.508,4265.548,8956.366,1968.176,4313.458,8414.455,2008.945,4260.031,8844.221,1966.29,4448.843
8910.295,1975.98,4393.517,8804.465,1966.141,4532.973,8838.846,1955.12,4342.625,8442.594,1951.155,4771.824,8571.947,1976.812,4267.202,8763.711,1992.067,4310.051,8692.478,2014.702,4371.382,8481.668,1978.241,4323.232,8767.368,2030.728,4225.082,8733.738,1981.396,4453.072,8797.255,2020.255,4390.891,8668.887,2016.508,4266.998,8952.101,1968.176,4314.036,8410.189,2008.945,4260.616,8839.933,1966.29,4449.222
8908.725,1975.98,4393.702,8802.94,1966.141,4533.396,8837.304,1955.12,4342.978,8442.954,1951.155,4773.365,8570.392,1976.812,4267.491,8762.179,1992.067,4310.442,8690.941,2014.702,4371.759,8480.105,1978.241,4323.479,8765.832,2030.728,4225.461,8732.163,1981.396,4453.215,8795.707,2020.255,4391.215,8667.38,2016.508,4267.481,8950.527,1968.176,4314.201,8408.63,2008.945,4260.882,8838.362,1966.29,4449.412
8908.259,1975.98,4393.768,8802.483,1966.141,4533.508,8836.849,1955.12,4343.095,8443.076,1951.155,4773.819,8569.933,1976.812,4267.592,8761.72,1992.067,4310.546,8690.488,2014.702,4371.886,8479.644,1978.241,4323.567,8765.379,2030.728,4225.588,8731.696,1981.396,4453.273,8795.25,2020.255,4391.324,8666.938,2016.508,4267.639,8950.062,1968.176,4314.265,8408.169,2008.945,4260.977,8837.897,1966.29,4449.484
8904.662,1975.98,4394.279,8798.926,1966.141,4534.253,8833.354,1955.12,4344.092,8444.135,1951.155,4777.296,8566.41,1976.812,4268.488,8758.156,1992.067,4311.26,8687.147,2014.702,4373.318,8476.055,1978.241,4324.145,8761.915,2030.728,4226.688,8728.105,1981.396,4453.836,8791.726,2020.255,4392.207,8663.621,2016.508,4269.126,8946.476,1968.176,4314.856,8404.57,2008.945,4261.484,8834.325,1966.29,4450.157
8902.408,1975.98,4394.671,8796.673,1966.141,4534.649,8831.149,1955.12,4344.7,8444.861,1951.155,4779.465,8564.165,1976.812,4268.926,8755.903,1992.067,4311.651,8685.017,2014.702,4374.15,8473.81,1978.241,4324.582,8759.748,2030.728,4227.418,8725.858,1981.396,4454.265,8789.494,2020.255,4392.706,8661.507,2016.508,4270,8944.207,1968.176,4315.141,8402.317,2008.945,4261.877,8832.089,1966.29,4450.636
8900.872,1975.98,4394.988,8795.12,1966.141,4534.872,8829.625,1955.12,4345.069,8445.266,1951.155,4780.98,8562.636,1976.812,4269.276,8754.363,1992.067,4311.952,8683.537,2014.702,4374.672,8472.261,1978.241,4324.831,8758.255,2030.728,4227.897,8724.327,1981.396,4454.608,8787.955,2020.255,4393.009,8660.039,2016.508,4270.552,8942.656,1968.176,4315.38,8400.75,2008.945,4261.945,8830.564,1966.29,4451.004
8898.674,1975.98,4395.512,8792.874,1966.141,4535.119,8827.413,1955.12,4345.533,8445.776,1951.155,4783.182,8560.389,1976.812,4269.521,8752.161,1992.067,4312.457,8681.383,2014.702,4375.355,8470.02,1978.241,4325.117,8756.103,2030.728,4228.583,8722.14,1981.396,4455.174,8785.729,2020.255,4393.39,8657.9,2016.508,4271.283,8940.434,1968.176,4315.783,8398.497,2008.945,4262.116,8828.382,1966.29,4451.589
8896.086,1975.98,4396.216,8790.219,1966.141,4535.5,8824.772,1955.12,4346.002,8446.297,1951.155,4785.813,8557.71,1976.812,4269.648,8749.492,1992.067,4312.724,8678.801,2014.702,4376.081,8467.351,1978.241,4325.381,8753.544,2030.728,4229.377,8719.522,1981.396,4455.76,8783.086,2020.255,4393.847,8655.337,2016.508,4272.071,8937.808,1968.176,4316.328,8395.831,2008.945,4262.407,8825.77,1966.29,4452.198
8893.611,1975.98,4396.972,8787.636,1966.141,4535.664,8822.212,1955.12,4346.375,8446.716,1951.155,4788.366,8555.131,1976.812,4269.856,8746.927,1992.067,4313.066,8676.373,2014.702,4376.976,8464.771,1978.241,4325.574,8751.117,2030.728,4230.257,8716.98,1981.396,4456.243,8780.547,2020.255,4394.343,8652.841,2016.508,4272.751,8935.288,1968.176,4316.914,8393.251,2008.945,4262.604,8823.231,1966.29,4452.704
8891.609,1975.98,4397.654,8785.53,1966.141,4535.867,8820.11,1955.12,4346.615,8446.99,1951.155,4790.463,8553.029,1976.812,4270.095,8744.84,1992.067,4313.414,8674.365,2014.702,4377.643,8462.667,1978.241,4325.8,8749.112,2030.728,4230.929,8714.872,1981.396,4456.409,8778.479,2020.255,4394.787,8650.784,2016.508,4273.245,8933.239,1968.176,4317.437,8391.14,2008.945,4262.735,8821.145,1966.29,4453.048
8888.772,1975.98,4398.526,8782.587,1966.141,4536.249,8817.173,1955.12,4347.041,8447.278,1951.155,4793.417,8550.093,1976.812,4270.526,8741.93,1992.067,4313.997,8671.566,2014.702,4378.632,8459.707,1978.241,4326.021,8746.269,2030.728,4231.779,8711.91,1981.396,4456.604,8775.579,2020.255,4395.411,8647.877,2016.508,4273.842,8930.379,1968.176,4318.226,8388.176,2008.945,4262.566,8818.177,1966.29,4452.982
8886.714,1975.98,4399.09,8780.463,1966.141,4536.453,8815.063,1955.12,4347.352,8447.416,1951.155,4795.547,8547.978,1976.812,4270.813,8739.827,1992.067,4314.364,8669.532,2014.702,4379.278,8457.581,1978.241,4326.208,8744.27,2030.728,4232.526,8709.776,1981.396,4456.629,8773.482,2020.255,4395.808,8645.802,2016.508,4274.34,8928.324,1968.176,4318.801,8386.042,2008.945,4262.515,8816.043,1966.29,4452.996
8884.858,1975.98,4399.536,8778.563,1966.141,4536.627,8813.172,1955.12,4347.609,8447.477,1951.155,4797.455,8546.096,1976.812,4271.13,8737.959,1992.067,4314.753,8667.695,2014.702,4379.795,8455.675,1978.241,4326.314,8742.484,2030.728,4233.203,8707.869,1981.396,4456.713,8771.599,2020.255,4396.115,8643.916,2016.508,4274.637,8926.483,1968.176,4319.303,8384.134,2008.945,4262.532,8814.136,1966.29,4453.062
8880.576,1975.98,4400.422,8774.249,1966.141,4537.346,8808.855,1955.12,4348.306,8447.473,1951.155,4801.828,8541.866,1976.812,4272.24,8733.657,1992.067,4315.534,8663.449,2014.702,4380.842,8451.308,1978.241,4326.079,8738.347,2030.728,4234.619,8703.497,1981.396,4456.811,8767.268,2020.255,4396.711,8639.62,2016.508,4275.457,8922.252,1968.176,4320.398,8379.772,2008.945,4262.209,8809.771,1966.29,4453.336
8880.113,1975.98,4400.502,8773.783,1966.141,4537.408,8808.395,1955.12,4348.393,8447.457,1951.155,4802.297,8541.408,1976.812,4272.344,8733.198,1992.067,4315.633,8662.99,2014.702,4380.939,8450.838,1978.241,4326.069,8737.898,2030.728,4234.758,8703.028,1981.396,4456.836,8766.801,2020.255,4396.764,8639.162,2016.508,4275.56,8921.797,1968.176,4320.513,8379.304,2008.945,4262.189,8809.304,1966.29,4453.379
8877.825,1975.98,4400.826,8771.483,1966.141,4537.639,8806.135,1955.12,4348.876,8447.304,1951.155,4804.604,8539.14,1976.812,4272.783,8730.956,1992.067,4316.193,8660.715,2014.702,4381.344,8448.527,1978.241,4326.044,8735.672,2030.728,4235.377,8700.726,1981.396,4457.038,8764.499,2020.255,4396.967,8636.925,2016.508,4276.141,8919.581,1968.176,4321.158,8376.993,2008.945,4262.17,8807.01,1966.29,4453.654
8875.605,1975.98,4401.068,8769.255,1966.141,4537.792,8803.964,1955.12,4349.399,8447.083,1951.155,4806.826,8536.935,1976.812,4273.135,8728.809,1992.067,4316.805,8658.505,2014.702,4381.664,8446.297,1978.241,4325.931,8733.504,2030.728,4235.913,8698.508,1981.396,4457.304,8762.271,2020.255,4397.108,8634.777,2016.508,4276.755,8917.421,1968.176,4321.723,8374.772,2008.945,4261.934,8804.801,1966.29,4453.981
8873.513,1975.98,4401.229,8767.157,1966.141,4537.867,8801.938,1955.12,4349.944,8446.808,1951.155,4808.907,8534.853,1976.812,4273.398,8726.81,1992.067,4317.445,8656.438,2014.702,4382.032,8444.202,1978.241,4325.8,8731.452,2030.728,4236.357,8696.433,1981.396,4457.621,8760.174,2020.255,4397.19,8632.767,2016.508,4277.358,8915.377,1968.176,4322.199,8372.7,2008.945,4261.601,8802.734,1966.29,4454.347
8871.079,1975.98,4401.484,8764.71,1966.141,4537.877,8799.593,1955.12,4350.642,8446.407,1951.155,4811.321,8532.475,1976.812,4273.978,8724.505,1992.067,4318.268,8654.02,2014.702,4382.401,8441.771,1978.241,4325.512,8729.046,2030.728,4236.804,8694.026,1981.396,4458.069,8757.728,2020.255,4397.227,8630.4,2016.508,4277.983,8912.977,1968.176,4322.677,8370.272,2008.945,4261.291,8800.338,1966.29,4454.841
8868.121,1975.98,4401.877,8761.728,1966.141,4537.987,8796.757,1955.12,4351.569,8445.822,1951.155,4814.247,8529.554,1976.812,4274.589,8721.669,1992.067,4319.194,8651.057,2014.702,4382.757,8438.798,1978.241,4325.257,8726.111,2030.728,4237.348,8691.104,1981.396,4458.675,8754.744,2020.255,4397.2,8627.492,2016.508,4278.651,8910.032,1968.176,4323.165,8367.368,2008.945,4260.605,8797.434,1966.29,4455.524
8866.419,1975.98,4402.156,8760.007,1966.141,4538.107,8795.112,1955.12,4352.086,8445.429,1951.155,4815.926,8527.864,1976.812,4274.937,8720.013,1992.067,4319.675,8649.336,2014.702,4382.868,8437.076,1978.241,4325.166,8724.427,2030.728,4237.717,8689.405,1981.396,4458.97,8753.021,2020.255,4397.229,8625.8,2016.508,4278.982,8908.322,1968.176,4323.391,8365.678,2008.945,4260.265,8795.743,1966.29,4455.865
8863.491,1975.98,4402.726,8757.039,1966.141,4538.412,8792.258,1955.12,4352.947,8444.654,1951.155,4818.807,8524.924,1976.812,4275.441,8717.122,1992.067,4320.414,8646.367,2014.702,4383.156,8434.094,1978.241,4325.106,8721.535,2030.728,4238.452,8686.451,1981.396,4459.383,8750.041,2020.255,4397.358,8622.854,2016.508,4279.458,8905.354,1968.176,4323.686,8362.771,2008.945,4259.596,8792.802,1966.29,4456.363
8861.903,1975.98,4403.085,8755.426,1966.141,4538.631,8790.694,1955.12,4353.399,8444.181,1951.155,4820.365,8523.312,1976.812,4275.664,8715.532,1992.067,4320.766,8644.739,2014.702,4383.149,8432.467,1978.241,4325.171,8719.945,2030.728,4238.801,8684.865,1981.396,4459.75,8748.417,2020.255,4397.471,8621.257,2016.508,4279.771,8903.729,1968.176,4323.793,8361.173,2008.945,4259.283,8791.188,1966.29,4456.584
8859.622,1975.98,4403.674,8753.103,1966.141,4539.025,8788.425,1955.12,4354.027,8443.421,1951.155,4822.595,8520.968,1976.812,4275.91,8713.216,1992.067,4321.199,8642.384,2014.702,4383.195,8430.11,1978.241,4325.187,8717.701,2030.728,4239.521,8682.554,1981.396,4460.205,8746.071,2020.255,4397.694,8618.931,2016.508,4280.147,8901.375,1968.176,4323.873,8358.847,2008.945,4258.905,8788.845,1966.29,4456.831
8856.817,1975.98,4404.47,8750.245,1966.141,4539.605,8785.607,1955.12,4354.772,8442.392,1951.155,4825.323,8518.082,1976.812,4276.326,8710.334,1992.067,4321.641,8639.472,2014.702,4383.347,8427.196,1978.241,4325.299,8714.916,2030.728,4240.385,8679.683,1981.396,4460.712,8743.178,2020.255,4398.045,8616.172,2016.508,4281.09,8898.466,1968.176,4324.064,8355.955,2008.945,4258.533,8785.937,1966.29,4457.045
8854.718,1975.98,4405.123,8748.105,1966.141,4540.114,8783.469,1955.12,4355.282,8441.931,1951.155,4827.474,8515.891,1976.812,4276.512,8708.151,1992.067,4321.907,8637.28,2014.702,4383.534,8424.998,1978.241,4325.364,8712.84,2030.728,4241.11,8677.506,1981.396,4461.023,8741.003,2020.255,4398.366,8614.069,2016.508,4281.733,8896.277,1968.176,4324.277,8353.766,2008.945,4258.323,8783.739,1966.29,4457.138
8852.875,1975.98,4405.749,8746.198,1966.141,4540.501,8781.565,1955.12,4355.686,8441.461,1951.155,4829.362,8513.958,1976.812,4276.741,8706.22,1992.067,4322.141,8635.348,2014.702,4383.762,8423.073,1978.241,4325.652,8710.984,2030.728,4241.699,8675.571,1981.396,4461.235,8739.086,2020.255,4398.7,8612.19,2016.508,4282.241,8894.347,1968.176,4324.527,8351.823,2008.945,4258.202,8781.798,1966.29,4457.282
8850.671,1975.98,4406.563,8743.881,1966.141,4540.894,8779.256,1955.12,4356.118,8440.819,1951.155,4831.623,8511.635,1976.812,4277.093,8703.888,1992.067,4322.42,8633.003,2014.702,4383.925,8420.739,1978.241,4325.924,8708.725,2030.728,4242.344,8673.222,1981.396,4461.174,8736.782,2020.255,4399.161,8609.903,2016.508,4282.78,8892.026,1968.176,4324.901,8349.475,2008.945,4258.131,8779.461,1966.29,4457.532
8848.485,1975.98,4407.441,8741.547,1966.141,4541.211,8776.932,1955.12,4356.495,8440.103,1951.155,4833.867,8509.285,1976.812,4277.26,8701.55,1992.067,4322.699,8630.66,2014.702,4384.165,8418.426,1978.241,4326.364,8706.442,2030.728,4242.924,8670.866,1981.396,4461.19,8734.486,2020.255,4399.682,8607.595,2016.508,4283.245,8889.714,1968.176,4325.348,8347.119,2008.945,4258.138,8777.128,1966.29,4457.856
8846.274,1975.98,4408.254,8739.257,1966.141,4541.765,8774.602,1955.12,4356.834,8439.313,1951.155,4836.086,8506.942,1976.812,4277.503,8699.212,1992.067,4322.975,8628.305,2014.702,4384.104,8416.099,1978.241,4326.728,8704.144,2030.728,4243.438,8668.513,1981.396,4461.283,8732.203,2020.255,4400.262,8605.271,2016.508,4283.634,8887.406,1968.176,4325.82,8344.765,2008.945,4258.222,8774.807,1966.29,4458.255
8844.043,1975.98,4408.999,8736.953,1966.141,4542.243,8772.27,1955.12,4357.136,8438.597,1951.155,4838.327,8504.606,1976.812,4277.781,8696.876,1992.067,4323.248,8625.952,2014.702,4384.121,8413.764,1978.241,4327.015,8701.834,2030.728,4243.883,8666.166,1981.396,4461.452,8729.93,2020.255,4400.864,8602.995,2016.508,4284.229,8885.116,1968.176,4326.359,8342.417,2008.945,4258.382,8772.5,1966.29,4458.717
8841.026,1975.98,4409.905,8733.85,1966.141,4542.783,8769.141,1955.12,4357.488,8437.48,1951.155,4841.272,8501.492,1976.812,4278.255,8693.749,1992.067,4323.61,8622.805,2014.702,4384.246,8410.717,1978.241,4327.814,8698.726,2030.728,4244.389,8663.033,1981.396,4461.78,8726.895,2020.255,4401.701,8599.924,2016.508,4284.926,8882.07,1968.176,4327.157,8339.268,2008.945,4258.445,8769.431,1966.29,4459.421
8839.283,1975.98,4410.371,8732.063,1966.141,4543.035,8767.345,1955.12,4357.659,8436.896,1951.155,4842.98,8499.718,1976.812,4278.585,8691.957,1992.067,4323.815,8621.005,2014.702,4384.377,8408.97,1978.241,4328.266,8696.937,2030.728,4244.627,8661.245,1981.396,4462.026,8725.161,2020.255,4402.199,8598.158,2016.508,4285.302,8880.332,1968.176,4327.638,8337.466,2008.945,4258.54,8767.684,1966.29,4459.873
8837.238,1975.98,4410.85,8729.974,1966.141,4543.261,8765.251,1955.12,4357.823,8436.16,1951.155,4844.947,8497.666,1976.812,4279.037,8689.871,1992.067,4324.052,8618.916,2014.702,4384.598,8406.92,1978.241,4328.725,8694.847,2030.728,4244.842,8659.175,1981.396,4462.38,8723.149,2020.255,4402.799,8596.09,2016.508,4285.671,8878.307,1968.176,4328.191,8335.373,2008.945,4258.718,8765.665,1966.29,4460.454
8834.075,1975.98,4411.487,8726.756,1966.141,4543.506,8762.031,1955.12,4358.018,8435.128,1951.155,4848.005,8494.494,1976.812,4279.63,8686.677,1992.067,4324.51,8615.711,2014.702,4384.974,8403.75,1978.241,4329.327,8691.629,2030.728,4245.079,8656.014,1981.396,4463.026,8720.05,2020.255,4403.691,8592.896,2016.508,4286.135,8875.186,1968.176,4329.005,8332.169,2008.945,4259.098,8762.59,1966.29,4461.431
8832.53,1975.98,4411.748,8725.198,1966.141,4543.676,8760.467,1955.12,4358.084,8434.676,1951.155,4849.505,8492.963,1976.812,4279.964,8685.133,1992.067,4324.778,8614.162,2014.702,4385.208,8402.202,1978.241,4329.568,8690.063,2030.728,4245.147,8654.489,1981.396,4463.39,8718.541,2020.255,4404.111,8591.34,2016.508,4286.309,8873.665,1968.176,4329.38,8330.62,2008.945,4259.333,8761.104,1966.29,4461.924
8829.425,1975.98,4412.171,8722.096,1966.141,4544.118,8757.342,1955.12,4358.317,8433.87,1951.155,4852.533,8489.881,1976.812,4280.53,8682.063,1992.067,4325.403,8611.08,2014.702,4385.777,8399.092,1978.241,4329.949,8686.931,2030.728,4245.193,8651.466,1981.396,4464.214,8715.502,2020.255,4404.873,8588.238,2016.508,4286.759,8870.612,1968.176,4330.082,8327.539,2008.945,4259.905,8758.144,1966.29,4462.948
8827.868,1975.98,4412.333,8720.554,1966.141,4544.39,8755.785,1955.12,4358.483,8433.518,1951.155,4854.058,8488.333,1976.812,4280.763,8680.539,1992.067,4325.761,8609.551,2014.702,4386.111,8397.541,1978.241,4330.162,8685.366,2030.728,4245.17,8649.951,1981.396,4464.61,8713.972,2020.255,4405.203,8586.693,2016.508,4287.01,8869.089,1968.176,4330.439,8326.011,2008.945,4260.245,8756.648,1966.29,4463.413
8824.682,1975.98,4412.562,8717.427,1966.141,4545.046,8752.618,1955.12,4358.898,8432.899,1951.155,4857.193,8485.138,1976.812,4280.729,8677.454,1992.067,4326.591,8606.383,2014.702,4386.526,8394.37,1978.241,4330.556,8682.175,2030.728,4245.028,8646.835,1981.396,4465.317,8710.859,2020.255,4405.925,8583.532,2016.508,4287.468,8866.017,1968.176,4331.305,8322.871,2008.945,4260.836,8753.569,1966.29,4464.263
8822.336,1975.98,4412.655,8715.146,1966.141,4545.604,8750.299,1955.12,4359.261,8432.521,1951.155,4859.51,8482.79,1976.812,4280.78,8675.172,1992.067,4327.141,8604.038,2014.702,4386.657,8392.032,1978.241,4330.77,8679.827,2030.728,4245,8644.529,1981.396,4465.761,8708.556,2020.255,4406.381,8581.2,2016.508,4287.735,8863.739,1968.176,4331.874,8320.551,2008.945,4261.195,8751.287,1966.29,4464.816
8820.677,1975.98,4412.668,8713.547,1966.141,4546.051,8748.666,1955.12,4359.558,8432.307,1951.155,4861.156,8481.133,1976.812,4280.871,8673.549,1992.067,4327.488,8602.385,2014.702,4386.804,8390.374,1978.241,4330.848,8678.168,2030.728,4245.033,8642.908,1981.396,4466.116,8706.929,2020.255,4406.71,8579.547,2016.508,4287.875,8862.118,1968.176,4332.23,8318.948,2008.945,4261.626,8749.663,1966.29,4465.156
8817.787,1975.98,4412.597,8710.79,1966.141,4546.919,8745.837,1955.12,4360.146,8432.028,1951.155,4864.033,8478.254,1976.812,4281.124,8670.708,1992.067,4328.019,8599.516,2014.702,4387.153,8387.493,1978.241,4331.079,8675.281,2030.728,4245.183,8640.121,1981.396,4466.881,8704.079,2020.255,4407.19,8576.662,2016.508,4288.037,8859.279,1968.176,4332.771,8316.134,2008.945,4262.284,8746.816,1966.29,4465.658
8815.987,1975.98,4412.494,8709.089,1966.141,4547.517,8744.082,1955.12,4360.559,8431.734,1951.155,4865.812,8476.457,1976.812,4281.27,8668.929,1992.067,4328.304,8597.734,2014.702,4387.43,8385.702,1978.241,4331.282,8673.484,2030.728,4245.333,8638.388,1981.396,4467.377,8702.313,2020.255,4407.547,8574.861,2016.508,4288.102,8857.537,1968.176,4333.226,8314.366,2008.945,4262.637,8745.032,1966.29,4465.916
8813.891,1975.98,4412.43,8707.134,1966.141,4548.276,8742.054,1955.12,4361.092,8431.46,1951.155,4867.892,8474.362,1976.812,4281.372,8666.851,1992.067,4328.585,8595.641,2014.702,4387.559,8383.604,1978.241,4331.278,8671.4,2030.728,4245.573,8636.374,1981.396,4467.963,8700.293,2020.255,4408.113,8572.766,2016.508,4288.146,8855.491,1968.176,4333.689,8312.297,2008.945,4262.98,8742.948,1966.29,4466.149
8811.542,1975.98,4412.421,8704.973,1966.141,4549.198,8739.799,1955.12,4361.749,8431.229,1951.155,4870.229,8472.019,1976.812,4281.524,8664.516,1992.067,4328.842,8593.302,2014.702,4387.78,8381.257,1978.241,4331.35,8669.076,2030.728,4245.912,8634.141,1981.396,4468.69,8698.016,2020.255,4408.689,8570.417,2016.508,4288.134,8853.185,1968.176,4334.134,8309.974,2008.945,4263.329,8740.618,1966.29,4466.444
8808.866,1975.98,4412.482,8702.478,1966.141,4550.168,8737.205,1955.12,4362.414,8431.054,1951.155,4872.901,8469.364,1976.812,4281.876,8661.839,1992.067,4328.886,8590.646,2014.702,4388.119,8378.581,1978.241,4331.442,8666.439,2030.728,4246.373,8631.622,1981.396,4469.598,8695.404,2020.255,4409.279,8567.74,2016.508,4288.095,8850.541,1968.176,4334.555,8307.314,2008.945,4263.64,8737.973,1966.29,4466.854
8806.289,1975.98,4412.616,8700.043,1966.141,4551.025,8734.687,1955.12,4362.977,8430.808,1951.155,4875.47,8466.796,1976.812,4282.133,8659.261,1992.067,4329.014,8588.099,2014.702,4388.53,8376.006,1978.241,4331.616,8663.908,2030.728,4246.874,8629.223,1981.396,4470.548,8692.874,2020.255,4409.785,8565.16,2016.508,4288.055,8847.98,1968.176,4334.877,8304.742,2008.945,4263.855,8735.435,1966.29,4467.321
8804.513,1975.98,4412.766,8698.343,1966.141,4551.562,8732.936,1955.12,4363.312,8430.58,1951.155,4877.238,8465.018,1976.812,4282.251,8657.479,1992.067,4328.997,8586.322,2014.702,4388.686,8374.225,1978.241,4331.698,8662.149,2030.728,4247.163,8627.579,1981.396,4471.238,8691.118,2020.255,4410.089,8563.378,2016.508,4288.085,8846.205,1968.176,4335.042,8302.972,2008.945,4264.062,8733.69,1966.29,4467.687
8801.625,1975.98,4413.102,8695.543,1966.141,4552.348,8730.064,1955.12,4363.769,8429.975,1951.155,4880.082,8462.16,1976.812,4282.788,8654.571,1992.067,4329.064,8583.436,2014.702,4389.035,8371.326,1978.241,4331.926,8659.267,2030.728,4247.541,8624.892,1981.396,4472.348,8688.242,2020.255,4410.515,8560.471,2016.508,4288.046,8843.303,1968.176,4335.217,8300.125,2008.945,4264.655,8730.861,1966.29,4468.356
8799.456,1975.98,4413.425,8693.452,1966.141,4553.009,8727.89,1955.12,4364.046,8429.588,1951.155,4882.241,8460.006,1976.812,4283.2,8652.381,1992.067,4329.173,8581.269,2014.702,4389.37,8369.146,1978.241,4332.17,8657.108,2030.728,4247.931,8622.838,1981.396,4473.118,8686.066,2020.255,4410.781,8558.278,2016.508,4288.089,8841.11,1968.176,4335.278,8298.036,2008.945,4265.324,8728.741,1966.29,4468.915
8796.994,1975.98,4413.873,8691.092,1966.141,4553.841,8725.399,1955.12,4364.286,8429.228,1951.155,4884.717,8457.56,1976.812,4283.725,8649.883,1992.067,4329.313,8578.8,2014.702,4389.777,8366.67,1978.241,4332.529,8654.633,2030.728,4248.295,8620.468,1981.396,4473.92,8683.592,2020.255,4411.152,8555.779,2016.508,4288.22,8838.608,1968.176,4335.266,8295.63,2008.945,4266.009,8726.354,1966.29,4469.666
8793.81,1975.98,4414.558,8687.985,1966.141,4554.823,8722.149,1955.12,4364.499,8428.613,1951.155,4887.916,8454.354,1976.812,4284.303,8646.638,1992.067,4329.592,8575.667,2014.702,4390.67,8363.463,1978.241,4333.102,8651.397,2030.728,4248.675,8617.453,1981.396,4475.154,8680.384,2020.255,4411.713,8552.526,2016.508,4288.397,8835.354,1968.176,4335.144,8292.533,2008.945,4267.021,8723.303,1966.29,4470.805
8791.954,1975.98,4415.019,8686.171,1966.141,4555.426,8720.238,1955.12,4364.565,8428.314,1951.155,4889.805,8452.462,1976.812,4284.58,8644.738,1992.067,4329.812,8573.812,2014.702,4391.134,8361.584,1978.241,4333.455,8649.493,2030.728,4248.842,8615.661,1981.396,4475.82,8678.511,2020.255,4412.094,8550.614,2016.508,4288.391,8833.446,1968.176,4335.01,8290.697,2008.945,4267.555,8721.49,1966.29,4471.414
8791.382,1975.98,4415.144,8685.621,1966.141,4555.629,8719.653,1955.12,4364.604,8428.242,1951.155,4890.386,8451.88,1976.812,4284.648,8644.158,1992.067,4329.896,8573.238,2014.702,4391.258,8361,1978.241,4333.504,8648.908,2030.728,4248.875,8615.115,1981.396,4476.033,8677.939,2020.255,4412.223,8550.028,2016.508,4288.408,8832.86,1968.176,4334.988,8290.152,2008.945,4267.771,8720.934,1966.29,4471.597
8787.805,1975.98,4415.825,8682.246,1966.141,4556.999,8716.029,1955.12,4364.963,8427.909,1951.155,4894.013,8448.329,1976.812,4285.457,8640.571,1992.067,4330.526,8569.771,2014.702,4392.375,8357.383,1978.241,4333.929,8645.268,2030.728,4248.979,8611.743,1981.396,4477.41,8674.402,2020.255,4413.085,8546.394,2016.508,4288.634,8829.219,1968.176,4334.967,8286.725,2008.945,4269.003,8717.438,1966.29,4472.618
8786.048,1975.98,4416.143,8680.583,1966.141,4557.649,8714.259,1955.12,4365.196,8427.779,1951.155,4895.794,8446.576,1976.812,4285.796,8638.815,1992.067,4330.848,8568.056,2014.702,4392.866,8355.612,1978.241,4334.161,8643.485,2030.728,4249.087,8610.069,1981.396,4478.03,8672.678,2020.255,4413.544,8544.608,2016.508,4288.64,8827.434,1968.176,4335.013,8285.025,2008.945,4269.551,8715.708,1966.29,4473.063
8783.73,1975.98,4416.511,8678.37,1966.141,4558.433,8711.942,1955.12,4365.577,8427.686,1951.155,4898.14,8444.302,1976.812,4286.376,8636.494,1992.067,4331.195,8565.779,2014.702,4393.438,8353.287,1978.241,4334.483,8641.148,2030.728,4249.307,8607.843,1981.396,4478.773,8670.403,2020.255,4414.121,8542.263,2016.508,4288.723,8825.09,1968.176,4335.148,8282.77,2008.945,4270.201,8713.417,1966.29,4473.574
8781.409,1975.98,4416.87,8676.131,1966.141,4559.143,8709.638,1955.12,4366.031,8427.668,1951.155,4900.489,8442.008,1976.812,4286.883,8634.146,1992.067,4331.14,8563.552,2014.702,4394.184,8350.972,1978.241,4334.881,8638.808,2030.728,4249.506,8605.591,1981.396,4479.444,8668.133,2020.255,4414.72,8539.919,2016.508,4288.884,8822.75,1968.176,4335.355,8280.492,2008.945,4270.776,8711.108,1966.29,4474.01
8779.09,1975.98,4417.2,8673.92,1966.141,4559.923,8707.354,1955.12,4366.557,8427.724,1951.155,4902.832,8439.704,1976.812,4287.316,8631.802,1992.067,4331.161,8561.306,2014.702,4394.854,8348.676,1978.241,4335.354,8636.467,2030.728,4249.629,8603.323,1981.396,4480.039,8665.864,2020.255,4415.306,8537.587,2016.508,4289.12,8820.413,1968.176,4335.534,8278.209,2008.945,4271.308,8708.792,1966.29,4474.371
8776.436,1975.98,4417.558,8671.365,1966.141,4560.731,8704.763,1955.12,4367.239,8427.809,1951.155,4905.51,8437.148,1976.812,4288.12,8629.125,1992.067,4331.272,8558.715,2014.702,4395.536,8346.071,1978.241,4335.981,8633.797,2030.728,4249.857,8600.712,1981.396,4480.64,8663.268,2020.255,4415.958,8534.932,2016.508,4289.478,8817.749,1968.176,4335.817,8275.6,2008.945,4271.917,8706.133,1966.29,4474.698
8773.873,1975.98,4417.894,8668.876,1966.141,4561.43,8702.283,1955.12,4367.974,8427.807,1951.155,4908.096,8434.657,1976.812,4288.815,8626.546,1992.067,4331.465,8556.194,2014.702,4396.112,8343.578,1978.241,4336.667,8631.212,2030.728,4249.918,8598.212,1981.396,4481.302,8660.76,2020.255,4416.59,8532.382,2016.508,4289.906,8815.187,1968.176,4336.165,8273.102,2008.945,4272.586,8703.558,1966.29,4474.93
8772.112,1975.98,4418.181,8667.144,1966.141,4561.855,8700.558,1955.12,4368.427,8427.747,1951.155,4909.879,8432.983,1976.812,4289.433,8624.763,1992.067,4331.52,8554.443,2014.702,4396.453,8341.829,1978.241,4337.018,8629.431,2030.728,4250.019,8596.474,1981.396,4481.703,8659.029,2020.255,4417.019,8530.633,2016.508,4290.259,8813.426,1968.176,4336.452,8271.395,2008.945,4273.104,8701.779,1966.29,4475.077
8769.258,1975.98,4418.736,8664.346,1966.141,4562.649,8697.723,1955.12,4369.078,8427.554,1951.155,4912.781,8430.224,1976.812,4290.351,8621.86,1992.067,4331.704,8551.571,2014.702,4396.914,8338.997,1978.241,4337.681,8626.525,2030.728,4250.157,8593.619,1981.396,4482.262,8656.21,2020.255,4417.734,8527.802,2016.508,4290.928,8810.551,1968.176,4336.895,8268.679,2008.945,4274.146,8698.889,1966.29,4475.395
8767.122,1975.98,4419.221,8662.22,1966.141,4563.178,8695.573,1955.12,4369.501,8427.337,1951.155,4914.961,8428.126,1976.812,4290.981,8619.68,1992.067,4331.914,8549.398,2014.702,4397.19,8336.882,1978.241,4338.25,8624.342,2030.728,4250.333,8591.484,1981.396,4482.752,8654.074,2020.255,4418.219,8525.688,2016.508,4291.501,8808.396,1968.176,4337.282,8266.609,2008.945,4274.863,8696.719,1966.29,4475.688
8765.245,1975.98,4419.709,8660.323,1966.141,4563.585,8693.659,1955.12,4369.817,8427.082,1951.155,4916.884,8426.251,1976.812,4291.479,8617.748,1992.067,4332.094,8547.468,2014.702,4397.372,8335.012,1978.241,4338.766,8622.405,2030.728,4250.438,8589.609,1981.396,4483.247,8652.173,2020.255,4418.601,8523.833,2016.508,4292.069,8806.497,1968.176,4337.677,8264.849,2008.945,4275.677,8694.804,1966.29,4475.995
8762.993,1975.98,4420.371,8658.014,1966.141,4564.003,8691.332,1955.12,4370.127,8426.697,1951.155,4919.2,8423.957,1976.812,4291.979,8615.419,1992.067,4332.389,8545.125,2014.702,4397.521,8332.738,1978.241,4339.351,8620.066,2030.728,4250.641,8587.359,1981.396,4483.917,8649.861,2020.255,4419.004,8521.567,2016.508,4292.684,8804.212,1968.176,4338.213,8262.687,2008.945,4276.592,8692.496,1966.29,4476.424
8760.675,1975.98,4421.135,8655.627,1966.141,4564.516,8688.909,1955.12,4370.413,8426.298,1951.155,4921.608,8421.561,1976.812,4292.44,8612.988,1992.067,4332.617,8542.694,2014.702,4397.74,8330.395,1978.241,4340.034,8617.629,2030.728,4250.777,8585.044,1981.396,4484.69,8647.464,2020.255,4419.458,8519.192,2016.508,4293.247,8801.818,1968.176,4338.693,8260.41,2008.945,4277.475,8690.111,1966.29,4476.945
8757.891,1975.98,4422.154,8652.749,1966.141,4565.232,8685.961,1955.12,4370.715,8425.813,1951.155,4924.533,8418.636,1976.812,4292.927,8610.028,1992.067,4332.799,8539.749,2014.702,4398.079,8327.575,1978.241,4340.953,8614.665,2030.728,4250.849,8582.263,1981.396,4485.718,8644.561,2020.255,4420.053,8516.287,2016.508,4293.838,8798.894,1968.176,4339.182,8257.614,2008.945,4278.461,8687.235,1966.29,4477.667
8756.385,1975.98,4422.762,8651.187,1966.141,4565.674,8684.344,1955.12,4370.855,8425.547,1951.155,4926.135,8417.028,1976.812,4293.153,8608.405,1992.067,4332.846,8538.142,2014.702,4398.304,8326.048,1978.241,4341.504,8613.041,2030.728,4250.838,8580.759,1981.396,4486.329,8642.976,2020.255,4420.401,8514.687,2016.508,4294.112,8797.284,1968.176,4339.397,8256.067,2008.945,4278.955,8685.674,1966.29,4478.112
8753.939,1975.98,4423.844,8648.639,1966.141,4566.486,8681.678,1955.12,4371.043,8425.108,1951.155,4928.773,8414.372,1976.812,4293.459,8605.731,1992.067,4332.836,8535.504,2014.702,4398.738,8323.563,1978.241,4342.49,8610.369,2030.728,4250.736,8578.315,1981.396,4487.415,8640.374,2020.255,4421.013,8512.038,2016.508,4294.478,8794.624,1968.176,4339.666,8253.497,2008.945,4279.691,8683.126,1966.29,4478.924
8750.946,1975.98,4425.287,8645.507,1966.141,4567.596,8678.361,1955.12,4371.223,8424.564,1951.155,4932.051,8411.063,1976.812,4293.754,8602.411,1992.067,4332.717,8532.239,2014.702,4399.352,8320.514,1978.241,4343.811,8607.055,2030.728,4250.505,8575.323,1981.396,4488.859,8637.152,2020.255,4421.82,8508.734,2016.508,4294.828,8791.31,1968.176,4339.892,8250.277,2008.945,4280.509,8679.993,1966.29,4480.031
8748.812,1975.98,4426.403,8643.264,1966.141,4568.473,8675.955,1955.12,4371.313,8424.17,1951.155,4934.427,8408.66,1976.812,4293.907,8600.008,1992.067,4332.553,8529.883,2014.702,4399.85,8318.335,1978.241,4344.837,8604.658,2030.728,4250.262,8573.188,1981.396,4489.974,8634.825,2020.255,4422.439,8506.332,2016.508,4295.006,8788.902,1968.176,4339.978,8247.927,2008.945,4281.033,8677.748,1966.29,4480.904
8748.302,1975.98,4426.691,8642.726,1966.141,4568.704,8675.37,1955.12,4371.325,8424.074,1951.155,4935.004,8408.075,1976.812,4293.929,8599.426,1992.067,4332.495,8529.313,2014.702,4399.983,8317.813,1978.241,4345.103,8604.078,2030.728,4250.185,8572.679,1981.396,4490.261,8634.262,2020.255,4422.598,8505.747,2016.508,4295.031,8788.317,1968.176,4339.979,8247.353,2008.945,4281.143,8677.21,1966.29,4481.133
8745.705,1975.98,4428.274,8639.971,1966.141,4569.991,8672.33,1955.12,4371.333,8423.576,1951.155,4938.004,8405.035,1976.812,4293.964,8596.412,1992.067,4332.092,8526.368,2014.702,4400.737,8315.148,1978.241,4346.567,8601.078,2030.728,4249.689,8570.075,1981.396,4491.833,8631.348,2020.255,4423.463,8502.706,2016.508,4295.064,8785.277,1968.176,4339.89,8244.351,2008.945,4281.628,8674.45,1966.29,4482.41
8743.552,1975.98,4429.685,8637.675,1966.141,4571.156,8669.757,1955.12,4371.295,8423.154,1951.155,4940.544,8402.462,1976.812,4293.927,8593.873,1992.067,4331.668,8523.889,2014.702,4401.425,8312.933,1978.241,4347.877,8598.553,2030.728,4249.19,8567.913,1981.396,4493.229,8628.892,2020.255,4424.232,8500.133,2016.508,4295.012,8782.708,1968.176,4339.73,8241.799,2008.945,4281.964,8672.148,1966.29,4483.563
8742.098,1975.98,4430.708,8636.116,1966.141,4572.011,8667.98,1955.12,4371.237,8422.863,1951.155,4942.298,8400.686,1976.812,4293.854,8592.13,1992.067,4331.319,8522.186,2014.702,4401.933,8311.431,1978.241,4348.83,8596.82,2030.728,4248.791,8566.448,1981.396,4494.237,8627.203,2020.255,4424.787,8498.357,2016.508,4294.919,8780.938,1968.176,4339.562,8240.03,2008.945,4282.145,8670.585,1966.29,4484.409
8739.782,1975.98,4432.451,8633.621,1966.141,4573.485,8665.087,1955.12,4371.088,8422.389,1951.155,4945.157,8397.794,1976.812,4293.659,8589.308,1992.067,4330.659,8519.425,2014.702,4402.812,8309.033,1978.241,4350.458,8594.018,2030.728,4248.052,8564.107,1981.396,4495.945,8624.465,2020.255,4425.732,8495.469,2016.508,4294.679,8778.063,1968.176,4339.194,8237.14,2008.945,4282.358,8668.08,1966.29,4485.867
8737.669,1975.98,4434.154,8631.33,1966.141,4574.941,8662.38,1955.12,4370.897,8421.944,1951.155,4947.835,8395.092,1976.812,4293.404,8586.686,1992.067,4329.955,8516.854,2014.702,4403.68,8306.836,1978.241,4352.051,8591.416,2030.728,4247.277,8561.956,1981.396,4497.6,8621.913,2020.255,4426.655,8492.772,2016.508,4294.37,8775.383,1968.176,4338.762,8234.428,2008.945,4282.48,8665.778,1966.29,4487.305
8736.181,1975.98,4435.436,8629.707,1966.141,4576.047,8660.424,1955.12,4370.722,8421.623,1951.155,4949.772,8393.143,1976.812,4293.167,8584.806,1992.067,4329.384,8515.004,2014.702,4404.34,8305.283,1978.241,4353.254,8589.552,2030.728,4246.658,8560.404,1981.396,4498.804,8620.076,2020.255,4427.349,8490.829,2016.508,4294.086,8773.455,1968.176,4338.386,8232.464,2008.945,4282.514,8664.146,1966.29,4488.397
8734.874,1975.98,4436.638,8628.272,1966.141,4577.093,8658.659,1955.12,4370.528,8421.332,1951.155,4951.524,8391.387,1976.812,4292.906,8583.124,1992.067,4328.814,8513.342,2014.702,4404.963,8303.914,1978.241,4354.384,8587.885,2030.728,4246.046,8559.026,1981.396,4499.923,8618.425,2020.255,4428.001,8489.081,2016.508,4293.776,8771.725,1968.176,4337.99,8230.688,2008.945,4282.496,8662.701,1966.29,4489.431
8732.803,1975.98,4438.673,8625.982,1966.141,4578.878,8655.781,1955.12,4370.155,8420.856,1951.155,4954.388,8388.528,1976.812,4292.401,8580.406,1992.067,4327.793,8510.641,2014.702,4406.024,8301.734,1978.241,4356.301,8585.192,2030.728,4244.959,8556.804,1981.396,4501.789,8615.741,2020.255,4429.105,8486.239,2016.508,4293.181,8768.917,1968.176,4337.25,8227.788,2008.945,4282.387,8660.394,1966.29,4491.192
8731.297,1975.98,4440.252,8624.305,1966.141,4580.274,8653.624,1955.12,4369.831,8420.499,1951.155,4956.541,8386.391,1976.812,4291.963,8578.389,1992.067,4326.96,8508.622,2014.702,4406.852,8300.142,1978.241,4357.793,8583.195,2030.728,4244.08,8555.146,1981.396,4503.207,8613.736,2020.255,4429.965,8484.118,2016.508,4292.669,8766.826,1968.176,4336.625,8225.61,2008.945,4282.247,8658.701,1966.29,4492.57
8729.262,1975.98,4442.532,8622.02,1966.141,4582.302,8650.613,1955.12,4369.315,8419.998,1951.155,4959.555,8383.416,1976.812,4291.269,8575.604,1992.067,4325.704,8505.813,2014.702,4408.05,8297.978,1978.241,4359.95,8580.439,2030.728,4242.76,8552.843,1981.396,4505.213,8610.947,2020.255,4431.21,8481.171,2016.508,4291.864,8763.929,1968.176,4335.655,8222.567,2008.945,4281.97,8656.394,1966.29,4494.573
8728.048,1975.98,4443.984,8620.645,1966.141,4583.603,8648.756,1955.12,4368.956,8419.688,1951.155,4961.422,8381.586,1976.812,4290.788,8573.904,1992.067,4324.871,8504.083,2014.702,4408.816,8296.68,1978.241,4361.328,8578.759,2030.728,4241.891,8551.396,1981.396,4506.418,8609.216,2020.255,4431.972,8479.358,2016.508,4291.321,8762.154,1968.176,4334.997,8220.688,2008.945,4281.75,8655.004,1966.29,4495.857
8727.366,1975.98,4444.855,8619.866,1966.141,4584.389,8647.675,1955.12,4368.724,8419.507,1951.155,4962.514,8380.524,1976.812,4290.477,8572.927,1992.067,4324.353,8503.078,2014.702,4409.277,8295.946,1978.241,4362.156,8577.792,2030.728,4241.353,8550.522,1981.396,4507.096,8608.201,2020.255,4432.412,8478.307,2016.508,4290.979,8761.13,1968.176,4334.578,8219.593,2008.945,4281.595,8654.215,1966.29,4496.632
8725.42,1975.98,4447.521,8617.618,1966.141,4586.806,8644.465,1955.12,4367.96,8418.966,1951.155,4965.77,8377.384,1976.812,4289.464,8570.059,1992.067,4322.72,8500.097,2014.702,4410.689,8293.838,1978.241,4364.695,8574.959,2030.728,4239.658,8547.969,1981.396,4509.186,8605.167,2020.255,4433.708,8475.192,2016.508,4289.888,8758.117,1968.176,4333.23,8216.338,2008.945,4281.05,8651.932,1966.29,4499.015
8724.33,1975.98,4449.121,8616.346,1966.141,4588.264,8642.593,1955.12,4367.472,8418.648,1951.155,4967.68,8375.559,1976.812,4288.819,8568.407,1992.067,4321.71,8498.358,2014.702,4411.539,8292.648,1978.241,4366.223,8573.329,2030.728,4238.614,8546.499,1981.396,4510.444,8603.382,2020.255,4434.453,8473.38,2016.508,4289.209,8756.377,1968.176,4332.383,8214.438,2008.945,4280.686,8650.636,1966.29,4500.453
8722.648,1975.98,4451.772,8614.357,1966.141,4590.694,8639.573,1955.12,4366.614,8418.134,1951.155,4970.777,8372.629,1976.812,4287.69,8565.768,1992.067,4320.012,8495.555,2014.702,4412.948,8290.798,1978.241,4368.759,8570.739,2030.728,4236.839,8544.053,1981.396,4512.412,8600.477,2020.255,4435.64,8470.464,2016.508,4288.047,8753.601,1968.176,4330.917,8211.369,2008.945,4280.024,8648.606,1966.29,4502.849
8721.642,1975.98,4453.251,8613.271,1966.141,4592.116,8637.837,1955.12,4366.18,8417.898,1951.155,4972.551,8370.938,1976.812,4287.102,8564.231,1992.067,4319.094,8493.982,2014.702,4413.802,8289.791,1978.241,4370.238,8569.23,2030.728,4235.876,8542.651,1981.396,4513.52,8598.843,2020.255,4436.37,8468.781,2016.508,4287.437,8751.992,1968.176,4330.133,8209.608,2008.945,4279.705,8647.671,1966.29,4504.375
8720.522,1975.98,4455.018,8611.85,1966.141,4593.65,8635.793,1955.12,4365.74,8417.691,1951.155,4974.632,8368.942,1976.812,4286.48,8562.403,1992.067,4318.08,8492.177,2014.702,4414.856,8288.672,1978.241,4372.004,8567.433,2030.728,4234.809,8541.033,1981.396,4514.842,8596.963,2020.255,4437.286,8466.795,2016.508,4286.784,8750.084,1968.176,4329.279,8207.54,2008.945,4279.398,8646.521,1966.29,4506.121
8718.412,1975.98,4457.443,8609.743,1966.141,4596.079,8632.63,1955.12,4365.164,8417.479,1951.155,4977.84,8365.844,1976.812,4285.624,8559.543,1992.067,4316.613,8489.451,2014.702,4416.56,8287.04,1978.241,4374.774,8564.615,2030.728,4233.26,8538.501,1981.396,4516.822,8594.12,2020.255,4438.787,8463.764,2016.508,4285.716,8747.108,1968.176,4328.063,8204.346,2008.945,4279.032,8644.665,1966.29,4508.746
8717.427,1975.98,4458.653,8608.76,1966.141,4597.29,8631.087,1955.12,4364.935,8417.426,1951.155,4979.399,8364.327,1976.812,4285.258,8558.132,1992.067,4315.947,8488.155,2014.702,4417.43,8286.293,1978.241,4376.144,8563.225,2030.728,4232.553,8537.257,1981.396,4517.763,8592.765,2020.255,4439.561,8462.276,2016.508,4285.245,8745.646,1968.176,4327.521,8202.791,2008.945,4278.905,8643.724,1966.29,4509.989
8715.535,1975.98,4461.138,8606.715,1966.141,4599.651,8627.984,1955.12,4364.577,8417.423,1951.155,4982.522,8361.269,1976.812,4284.625,8555.265,1992.067,4314.707,8485.619,2014.702,4419.253,8284.888,1978.241,4378.934,8560.396,2030.728,4231.23,8534.827,1981.396,4519.726,8590.021,2020.255,4441.053,8459.316,2016.508,4284.262,8742.684,1968.176,4326.53,8199.671,2008.945,4278.753,8641.758,1966.29,4512.417
8714.631,1975.98,4462.411,8605.656,1966.141,4600.798,8626.429,1955.12,4364.448,8417.473,1951.155,4984.083,8359.729,1976.812,4284.359,8553.813,1992.067,4314.134,8484.382,2014.702,4420.205,8284.231,1978.241,4380.35,8558.96,2030.728,4230.615,8533.646,1981.396,4520.747,8588.674,2020.255,4441.844,8457.819,2016.508,4283.818,8741.188,1968.176,4326.084,8198.109,2008.945,4278.728,8640.736,1966.29,4513.598
8713.339,1975.98,4464.36,8604.126,1966.141,4602.566,8624.104,1955.12,4364.205,8417.547,1951.155,4986.421,8357.438,1976.812,4283.895,8551.662,1992.067,4313.216,8482.507,2014.702,4421.602,8283.314,1978.241,4382.501,8556.839,2030.728,4229.63,8531.854,1981.396,4522.249,8586.648,2020.255,4443.01,8455.593,2016.508,4283.103,8738.97,1968.176,4325.342,8195.773,2008.945,4278.624,8639.262,1966.29,4515.413
8711.668,1975.98,4467.071,8602.119,1966.141,4605.039,8620.945,1955.12,4363.802,8417.648,1951.155,4989.604,8354.336,1976.812,4283.172,8548.77,1992.067,4311.885,8479.927,2014.702,4423.466,8282.157,1978.241,4385.468,8553.992,2030.728,4228.204,8529.398,1981.396,4524.273,8583.877,2020.255,4444.575,8452.584,2016.508,4282.063,8735.984,1968.176,4324.234,8192.598,2008.945,4278.393,8637.331,1966.29,4517.946
8710.505,1975.98,4469.104,8600.702,1966.141,4606.903,8618.63,1955.12,4363.454,8417.723,1951.155,4991.944,8352.071,1976.812,4282.578,8546.671,1992.067,4310.847,8477.992,2014.702,4424.785,8281.375,1978.241,4387.675,8551.931,2030.728,4227.093,8527.586,1981.396,4525.754,8581.828,2020.255,4445.707,8450.388,2016.508,4281.252,8733.816,1968.176,4323.348,8190.268,2008.945,4278.158,8635.97,1966.29,4519.851
8709.41,1975.98,4471.17,8599.346,1966.141,4608.808,8616.326,1955.12,4363.054,8417.797,1951.155,4994.282,8349.827,1976.812,4281.923,8544.604,1992.067,4309.753,8476.037,2014.702,4426.067,8280.662,1978.241,4389.902,8549.906,2030.728,4225.923,8525.773,1981.396,4527.23,8579.772,2020.255,4446.82,8448.212,2016.508,4280.397,8731.682,1968.176,4322.393,8187.949,2008.945,4277.859,8634.669,1966.29,4521.794
8708.685,1975.98,4472.656,8598.43,1966.141,4610.184,8614.705,1955.12,4362.733,8417.85,1951.155,4995.934,8348.254,1976.812,4281.416,8543.166,1992.067,4308.939,8474.641,2014.702,4426.95,8280.207,1978.241,4391.491,8548.501,2030.728,4225.054,8524.492,1981.396,4528.273,8578.313,2020.255,4447.593,8446.686,2016.508,4279.764,8730.196,1968.176,4321.669,8186.316,2008.945,4277.605,8633.791,1966.29,4523.194
8707.502,1975.98,4475.292,8596.905,1966.141,4612.638,8611.882,1955.12,4362.125,8417.941,1951.155,4998.821,8345.53,1976.812,4280.453,8540.691,1992.067,4307.449,8472.177,2014.702,4428.456,8279.498,1978.241,4394.292,8546.09,2030.728,4223.462,8522.212,1981.396,4530.046,8575.748,2020.255,4448.92,8444.039,2016.508,4278.608,8727.642,1968.176,4320.319,8183.475,2008.945,4277.086,8632.332,1966.29,4525.688
8706.563,1975.98,4477.583,8595.665,1966.141,4614.781,8609.472,1955.12,4361.561,8418.021,1951.155,5001.296,8343.221,1976.812,4279.563,8538.607,1992.067,4306.114,8470.049,2014.702,4429.719,8278.964,1978.241,4396.709,8544.065,2030.728,4222.038,8520.226,1981.396,4531.522,8573.54,2020.255,4450.037,8441.789,2016.508,4277.578,8725.492,1968.176,4319.091,8181.052,2008.945,4276.58,8631.147,1966.29,4527.862
8705.563,1975.98,4480.271,8594.307,1966.141,4617.306,8606.692,1955.12,4360.859,8418.111,1951.155,5004.162,8340.575,1976.812,4278.457,8536.236,1992.067,4304.502,8467.568,2014.702,4431.155,8278.432,1978.241,4399.527,8541.771,2030.728,4220.318,8517.892,1981.396,4533.188,8570.97,2020.255,4451.306,8439.202,2016.508,4276.342,8723.05,1968.176,4317.588,8178.26,2008.945,4275.926,8629.853,1966.29,4530.42
8704.961,1975.98,4482.067,8593.461,1966.141,4619.002,8604.864,1955.12,4360.364,8418.172,1951.155,5006.056,8338.849,1976.812,4277.676,8534.699,1992.067,4303.395,8465.921,2014.702,4432.089,8278.137,1978.241,4401.399,8540.288,2030.728,4219.138,8516.33,1981.396,4534.26,8569.264,2020.255,4452.128,8437.506,2016.508,4275.5,8721.469,1968.176,4316.543,8176.426,2008.945,4275.45,8629.049,1966.29,4532.136
8704.794,1975.98,4482.626,8593.217,1966.141,4619.532,8604.305,1955.12,4360.201,8418.19,1951.155,5006.639,8338.324,1976.812,4277.421,8534.235,1992.067,4303.041,8465.411,2014.702,4432.373,8278.063,1978.241,4401.978,8539.843,2030.728,4218.761,8515.844,1981.396,4534.582,8568.735,2020.255,4452.375,8436.987,2016.508,4275.233,8720.993,1968.176,4316.206,8175.865,2008.945,4275.292,8628.817,1966.29,4532.672
8703.869,1975.98,4486.13,8591.801,1966.141,4622.867,8600.845,1955.12,4359.129,8418.306,1951.155,5010.261,8335.112,1976.812,4275.746,8531.415,1992.067,4300.768,8462.236,2014.702,4434.115,8277.716,1978.241,4405.584,8537.147,2030.728,4216.34,8512.797,1981.396,4536.541,8565.441,2020.255,4453.881,8433.789,2016.508,4273.533,8718.108,1968.176,4314.014,8172.401,2008.945,4274.232,8627.482,1966.29,4536.04
8703.474,1975.98,4487.857,8591.157,1966.141,4624.518,8599.162,1955.12,4358.575,8418.362,1951.155,5012.032,8333.565,1976.812,4274.882,8530.066,1992.067,4299.62,8460.68,2014.702,4434.959,8277.599,1978.241,4407.352,8535.865,2030.728,4215.118,8511.295,1981.396,4537.479,8563.823,2020.255,4454.6,8432.235,2016.508,4272.683,8716.733,1968.176,4312.896,8170.718,2008.945,4273.682,8626.88,1966.29,4537.706
8702.919,1975.98,4490.702,8590.186,1966.141,4627.248,8596.427,1955.12,4357.62,8418.454,1951.155,5014.929,8331.076,1976.812,4273.398,8527.91,1992.067,4297.683,8458.155,2014.702,4436.381,8277.324,1978.241,4410.237,8533.827,2030.728,4213.058,8508.82,1981.396,4538.986,8561.164,2020.255,4455.749,8429.71,2016.508,4271.263,8714.545,1968.176,4310.996,8167.981,2008.945,4272.731,8625.979,1966.29,4540.46
8702.488,1975.98,4493.373,8589.354,1966.141,4629.822,8593.89,1955.12,4356.682,8418.54,1951.155,5017.633,8328.792,1976.812,4271.948,8525.946,1992.067,4295.823,8455.82,2014.702,4437.746,8276.994,1978.241,4412.922,8531.981,2030.728,4211.08,8506.496,1981.396,4540.369,8558.67,2020.255,4456.794,8427.366,2016.508,4269.915,8712.562,1968.176,4309.156,8165.44,2008.945,4271.803,8625.216,1966.29,4543.056
8701.97,1975.98,4496.031,8588.924,1966.141,4632.496,8591.32,1955.12,4355.826,8418.715,1951.155,5020.335,8326.46,1976.812,4270.572,8523.921,1992.067,4294.026,8453.528,2014.702,4439.187,8276.751,1978.241,4415.619,8530.07,2030.728,4209.161,8504.208,1981.396,4541.815,8556.208,2020.255,4457.92,8425.061,2016.508,4268.496,8710.518,1968.176,4307.381,8162.868,2008.945,4270.958,8624.372,1966.29,4545.629
8701.435,1975.98,4498.368,8588.466,1966.141,4634.85,8589.021,1955.12,4355.144,8418.947,1951.155,5022.722,8324.356,1976.812,4269.421,8522.076,1992.067,4292.495,8451.541,2014.702,4440.528,8276.614,1978.241,4418.013,8528.323,2030.728,4207.518,8502.22,1981.396,4543.156,8554.062,2020.255,4458.988,8423.033,2016.508,4267.216,8708.656,1968.176,4305.869,8160.567,2008.945,4270.284,8623.552,1966.29,4547.882
8701.286,1975.98,4498.932,8588.336,1966.141,4635.417,8588.458,1955.12,4354.996,8419.022,1951.155,5023.3,8323.836,1976.812,4269.159,8521.616,1992.067,4292.137,8451.069,2014.702,4440.869,8276.601,1978.241,4418.596,8527.886,2030.728,4207.133,8501.747,1981.396,4543.497,8553.549,2020.255,4459.265,8422.53,2016.508,4266.922,8708.192,1968.176,4305.516,8160.003,2008.945,4270.138,8623.271,1966.29,4548.392
8700.116,1975.98,4502.843,8587.296,1966.141,4639.366,8584.477,1955.12,4354.092,8419.684,1951.155,5027.329,8320.134,1976.812,4267.438,8518.311,1992.067,4289.741,8447.84,2014.702,4443.367,8276.635,1978.241,4422.678,8524.735,2030.728,4204.536,8498.369,1981.396,4545.79,8550.021,2020.255,4461.318,8419.074,2016.508,4264.749,8704.862,1968.176,4303.154,8156.018,2008.945,4269.25,8621.417,1966.29,4552.03
8699.932,1975.98,4503.395,8587.129,1966.141,4639.923,8583.905,1955.12,4353.981,8419.797,1951.155,5027.899,8319.599,1976.812,4267.211,8517.828,1992.067,4289.415,8447.392,2014.702,4443.737,8276.659,1978.241,4423.26,8524.274,2030.728,4204.18,8497.898,1981.396,4546.132,8549.527,2020.255,4461.627,8418.571,2016.508,4264.456,8704.377,1968.176,4302.833,8155.446,2008.945,4269.142,8621.17,1966.29,4552.557
8698.738,1975.98,4506.602,8586.043,1966.141,4643.168,8580.526,1955.12,4353.443,8420.571,1951.155,5031.232,8316.407,1976.812,4265.975,8514.933,1992.067,4287.591,8444.826,2014.702,4446.001,8276.912,1978.241,4426.672,8521.497,2030.728,4202.181,8495.077,1981.396,4548.067,8546.688,2020.255,4463.539,8415.562,2016.508,4262.828,8701.462,1968.176,4301.041,8152.065,2008.945,4268.617,8619.576,1966.29,4555.585
8698.089,1975.98,4508.187,8585.446,1966.141,4644.774,8578.826,1955.12,4353.229,8421.013,1951.155,5032.888,8314.79,1976.812,4265.409,8513.454,1992.067,4286.727,8443.579,2014.702,4447.176,8277.095,1978.241,4428.376,8520.075,2030.728,4201.226,8493.687,1981.396,4549.066,8545.3,2020.255,4464.542,8414.028,2016.508,4262.063,8699.975,1968.176,4300.191,8150.364,2008.945,4268.409,8618.828,1966.29,4557.126
8697.059,1975.98,4510.956,8584.505,1966.141,4647.575,8575.894,1955.12,4352.882,8421.774,1951.155,5035.742,8312.03,1976.812,4264.354,8510.95,1992.067,4285.159,8441.438,2014.702,4449.208,8277.314,1978.241,4431.322,8517.673,2030.728,4199.506,8491.255,1981.396,4550.742,8542.909,2020.255,4466.274,8411.403,2016.508,4260.709,8697.458,1968.176,4298.643,8147.426,2008.945,4268.107,8617.615,1966.29,4559.82
8696.544,1975.98,4512.492,8584.026,1966.141,4649.122,8574.284,1955.12,4352.705,8422.192,1951.155,5037.307,8310.534,1976.812,4263.733,8509.604,1992.067,4284.259,8440.241,2014.702,4450.3,8277.383,1978.241,4432.94,8516.385,2030.728,4198.524,8489.905,1981.396,4551.637,8541.601,2020.255,4467.228,8409.945,2016.508,4260.004,8696.106,1968.176,4297.75,8145.813,2008.945,4267.971,8616.992,1966.29,4561.315
8695.782,1975.98,4515.036,8583.32,1966.141,4651.682,8571.644,1955.12,4352.434,8422.877,1951.155,5039.873,8308.111,1976.812,4262.646,8507.44,1992.067,4282.718,8438.245,2014.702,4452.051,8277.409,1978.241,4435.596,8514.322,2030.728,4196.851,8487.669,1981.396,4553.067,8539.458,2020.255,4468.794,8407.526,2016.508,4258.908,8693.94,1968.176,4296.213,8143.165,2008.945,4267.789,8616.042,1966.29,4563.794
8695.127,1975.98,4517.517,8582.712,1966.141,4654.175,8569.09,1955.12,4352.193,8423.539,1951.155,5042.352,8305.802,1976.812,4261.529,8505.383,1992.067,4281.187,8436.286,2014.702,4453.707,8277.352,1978.241,4438.162,8512.379,2030.728,4195.176,8485.487,1981.396,4554.416,8537.366,2020.255,4470.278,8405.164,2016.508,4257.908,8691.897,1968.176,4294.661,8140.604,2008.945,4267.651,8615.192,1966.29,4566.215
8694.73,1975.98,4519.248,8582.331,1966.141,4655.909,8567.322,1955.12,4352.041,8423.997,1951.155,5044.067,8304.227,1976.812,4260.712,8503.981,1992.067,4280.098,8434.911,2014.702,4454.829,8277.255,1978.241,4439.934,8511.069,2030.728,4193.977,8483.966,1981.396,4555.329,8535.904,2020.255,4471.284,8403.513,2016.508,4257.257,8690.52,1968.176,4293.541,8138.831,2008.945,4267.58,8614.653,1966.29,4567.906
8694.282,1975.98,4521.541,8581.892,1966.141,4658.203,8564.994,1955.12,4351.862,8424.6,1951.155,5046.325,8302.184,1976.812,4259.578,8502.167,1992.067,4278.626,8433.077,2014.702,4456.275,8277.053,1978.241,4442.262,8509.394,2030.728,4192.349,8481.948,1981.396,4556.505,8533.96,2020.255,4472.578,8401.319,2016.508,4256.455,8688.755,1968.176,4292.009,8136.496,2008.945,4267.517,8614.008,1966.29,4570.152
8693.583,1975.98,4524.589,8581.237,1966.141,4661.261,8561.87,1955.12,4351.724,8425.505,1951.155,5049.318,8299.401,1976.812,4258.15,8499.676,1992.067,4276.736,8430.686,2014.702,4458.29,8276.884,1978.241,4445.384,8507.081,2030.728,4190.244,8479.22,1981.396,4558.03,8531.415,2020.255,4474.396,8398.35,2016.508,4255.477,8686.328,1968.176,4290.037,8133.369,2008.945,4267.534,8613.242,1966.29,4573.184
8693.127,1975.98,4526.316,8580.807,1966.141,4662.994,8560.084,1955.12,4351.704,8426.077,1951.155,5051.01,8297.786,1976.812,4257.387,8498.218,1992.067,4275.704,8429.357,2014.702,4459.484,8276.846,1978.241,4447.17,8505.722,2030.728,4189.085,8477.685,1981.396,4558.943,8529.996,2020.255,4475.481,8396.636,2016.508,4254.974,8684.905,1968.176,4288.957,8131.584,2008.945,4267.602,8612.749,1966.29,4574.9
8692.252,1975.98,4530.707,8579.586,1966.141,4667.301,8555.646,1955.12,4351.116,8427.65,1951.155,5055.201,8293.678,1976.812,4255.607,8494.481,1992.067,4273.238,8426.126,2014.702,4462.583,8276.897,1978.241,4451.646,8502.221,2030.728,4186.294,8473.781,1981.396,4561.135,8526.531,2020.255,4478.316,8392.389,2016.508,4253.559,8681.254,1968.176,4286.367,8127.118,2008.945,4267.919,8611.001,1966.29,4579.022
8692.001,1975.98,4531.779,8579.251,1966.141,4668.35,8554.55,1955.12,4351.007,8428.071,1951.155,5056.219,8292.653,1976.812,4255.203,8493.543,1992.067,4272.662,8425.356,2014.702,4463.37,8276.946,1978.241,4452.747,8501.338,2030.728,4185.637,8472.839,1981.396,4561.704,8525.702,2020.255,4479.041,8391.333,2016.508,4253.246,8680.335,1968.176,4285.759,8126.023,2008.945,4268.033,8610.557,1966.29,4580.03
8691.88,1975.98,4532.23,8579.095,1966.141,4668.791,8554.084,1955.12,4350.976,8428.264,1951.155,5056.645,8292.213,1976.812,4255.046,8493.137,1992.067,4272.431,8425.041,2014.702,4463.715,8276.982,1978.241,4453.212,8500.954,2030.728,4185.37,8472.447,1981.396,4561.958,8525.36,2020.255,4479.359,8390.881,2016.508,4253.127,8679.937,1968.176,4285.515,8125.56,2008.945,4268.097,8610.383,1966.29,4580.463
8690.83,1975.98,4535.685,8577.907,1966.141,4672.2,8550.476,1955.12,4350.854,8429.857,1951.155,5059.884,8288.774,1976.812,4253.943,8489.942,1992.067,4270.747,8422.689,2014.702,4466.455,8277.378,1978.241,4456.801,8497.924,2030.728,4183.407,8469.388,1981.396,4563.874,8522.804,2020.255,4481.909,8387.359,2016.508,4252.328,8676.801,1968.176,4283.725,8122.001,2008.945,4268.705,8608.963,1966.29,4583.783
8690.258,1975.98,4537.368,8577.268,1966.141,4673.859,8548.697,1955.12,4350.853,8430.694,1951.155,5061.453,8287.064,1976.812,4253.456,8488.344,1992.067,4269.969,8421.575,2014.702,4467.84,8277.63,1978.241,4458.561,8496.401,2030.728,4182.489,8467.867,1981.396,4564.794,8521.586,2020.255,4483.205,8385.614,2016.508,4251.988,8675.229,1968.176,4282.894,8120.259,2008.945,4269.061,8608.317,1966.29,4585.44
8689.233,1975.98,4540.085,8576.08,1966.141,4676.509,8545.795,1955.12,4350.755,8432.144,1951.155,5063.969,8284.247,1976.812,4252.751,8485.692,1992.067,4268.786,8419.827,2014.702,4470.159,8278.06,1978.241,4461.433,8493.866,2030.728,4181.073,8465.349,1981.396,4566.238,8519.526,2020.255,4485.252,8382.849,2016.508,4251.104,8672.618,1968.176,4281.623,8117.435,2008.945,4269.736,8607.353,1966.29,4588.179
8688.604,1975.98,4541.601,8575.458,1966.141,4678.028,8544.155,1955.12,4350.704,8433.009,1951.155,5065.364,8282.643,1976.812,4252.405,8484.173,1992.067,4268.164,8418.881,2014.702,4471.5,8278.355,1978.241,4463.048,8492.408,2030.728,4180.32,8463.921,1981.396,4567.046,8518.378,2020.255,4486.425,8381.27,2016.508,4250.656,8671.12,1968.176,4280.953,8115.852,2008.945,4270.169,8606.757,1966.29,4589.708
8687.404,1975.98,4544.785,8573.863,1966.141,4681.033,8540.759,1955.12,4350.516,8434.896,1951.155,5068.194,8279.295,1976.812,4251.797,8480.986,1992.067,4266.973,8417.008,2014.702,4474.34,8279.078,1978.241,4466.373,8489.336,2030.728,4178.858,8460.92,1981.396,4568.648,8515.78,2020.255,4488.623,8377.968,2016.508,4249.834,8667.971,1968.176,4279.666,8112.602,2008.945,4271.175,8605.842,1966.29,4592.985
8686.651,1975.98,4547,8572.835,1966.141,4683.134,8538.427,1955.12,4350.348,8436.258,1951.155,5070.097,8276.98,1976.812,4251.455,8478.771,1992.067,4266.222,8415.78,2014.702,4476.331,8279.419,1978.241,4468.687,8487.191,2030.728,4177.923,8458.833,1981.396,4569.704,8513.997,2020.255,4490.137,8375.681,2016.508,4249.344,8665.777,1968.176,4278.853,8110.391,2008.945,4271.939,8605.188,1966.29,4595.231
8686.098,1975.98,4548.555,8572.158,1966.141,4684.64,8536.78,1955.12,4350.235,8437.262,1951.155,5071.408,8275.34,1976.812,4251.267,8477.19,1992.067,4265.742,8414.958,2014.702,4477.763,8279.713,1978.241,4470.312,8485.657,2030.728,4177.313,8457.356,1981.396,4570.441,8512.774,2020.255,4491.246,8374.056,2016.508,4249.051,8664.211,1968.176,4278.33,8108.849,2008.945,4272.529,8604.676,1966.29,4596.8
8685.404,1975.98,4550.529,8571.363,1966.141,4686.576,8534.695,1955.12,4350.068,8438.588,1951.155,5073.026,8273.255,1976.812,4251.097,8475.17,1992.067,4265.197,8413.857,2014.702,4479.542,8280.152,1978.241,4472.357,8483.688,2030.728,4176.604,8455.517,1981.396,4571.437,8511.271,2020.255,4492.702,8371.985,2016.508,4248.747,8662.206,1968.176,4277.732,8106.92,2008.945,4273.341,8603.961,1966.29,4598.767
8684.242,1975.98,4553.521,8570.242,1966.141,4689.583,8531.489,1955.12,4349.91,8440.702,1951.155,5075.441,8270.049,1976.812,4250.94,8472.045,1992.067,4264.462,8412.259,2014.702,4482.326,8280.595,1978.241,4475.537,8480.635,2030.728,4175.615,8452.745,1981.396,4573.056,8509.04,2020.255,4495.009,8368.796,2016.508,4248.385,8659.102,1968.176,4276.917,8104.003,2008.945,4274.682,8603.036,1966.29,4601.841
8683.839,1975.98,4555.028,8569.745,1966.141,4691.061,8529.93,1955.12,4349.884,8441.767,1951.155,5076.581,8268.489,1976.812,4250.916,8470.517,1992.067,4264.155,8411.527,2014.702,4483.703,8280.86,1978.241,4477.073,8479.137,2030.728,4175.184,8451.425,1981.396,4573.886,8507.993,2020.255,4496.165,8367.241,2016.508,4248.26,8657.581,1968.176,4276.57,8102.609,2008.945,4275.379,8602.71,1966.29,4603.366
8682.416,1975.98,4559.722,8567.818,1966.141,4695.572,8525.026,1955.12,4349.915,8445.231,1951.155,5080.052,8263.585,1976.812,4250.998,8465.68,1992.067,4263.344,8409.085,2014.702,4487.956,8281.853,1978.241,4481.877,8474.382,2030.728,4173.981,8447.36,1981.396,4576.632,8504.821,2020.255,4499.906,8362.342,2016.508,4248.026,8652.766,1968.176,4275.636,8098.296,2008.945,4277.715,8601.528,1966.29,4608.126
8682.266,1975.98,4560.165,8567.648,1966.141,4696.008,8524.559,1955.12,4349.933,8445.573,1951.155,5080.373,8263.117,1976.812,4251.021,8465.216,1992.067,4263.281,8408.865,2014.702,4488.37,8281.962,1978.241,4482.332,8473.925,2030.728,4173.882,8446.981,1981.396,4576.907,8504.53,2020.255,4500.272,8361.874,2016.508,4248.02,8652.304,1968.176,4275.562,8097.892,2008.945,4277.951,8601.424,1966.29,4608.583
8681.978,1975.98,4560.932,8567.377,1966.141,4696.781,8523.741,1955.12,4349.991,8446.188,1951.155,5080.913,8262.301,1976.812,4251.088,8464.4,1992.067,4263.199,8408.505,2014.702,4489.105,8282.18,1978.241,4483.122,8473.119,2030.728,4173.733,8446.334,1981.396,4577.409,8504.043,2020.255,4500.931,8361.055,2016.508,4248.034,8651.491,1968.176,4275.459,8097.198,2008.945,4278.388,8601.215,1966.29,4609.375
8680.597,1975.98,4564.565,8566.208,1966.141,4700.489,8519.874,1955.12,4350.377,8449.191,1951.155,5083.382,8258.439,1976.812,4251.534,8460.522,1992.067,4262.933,8406.908,2014.702,4492.649,8283.324,1978.241,4486.837,8469.275,2030.728,4173.155,8443.342,1981.396,4579.89,8501.832,2020.255,4504.128,8357.172,2016.508,4248.23,8647.621,1968.176,4275.097,8093.978,2008.945,4280.565,8600.497,1966.29,4613.195
8680.017,1975.98,4566.254,8565.725,1966.141,4702.207,8518.101,1955.12,4350.578,8450.57,1951.155,5084.516,8256.665,1976.812,4251.725,8458.739,1992.067,4262.859,8406.133,2014.702,4494.257,8283.795,1978.241,4488.559,8467.52,2030.728,4172.834,8441.986,1981.396,4581.05,8500.834,2020.255,4505.607,8355.392,2016.508,4248.354,8645.85,1968.176,4274.873,8092.47,2008.945,4281.521,8600.22,1966.29,4614.958
8679.401,1975.98,4568.255,8565.219,1966.141,4704.238,8516.024,1955.12,4350.839,8452.188,1951.155,5085.845,8254.583,1976.812,4251.933,8456.646,1992.067,4262.829,8405.174,2014.702,4496.118,8284.281,1978.241,4490.595,8465.473,2030.728,4172.394,8440.415,1981.396,4582.433,8499.686,2020.255,4507.356,8353.307,2016.508,4248.536,8643.782,1968.176,4274.542,8090.67,2008.945,4282.59,8599.956,1966.29,4617.035
8678.555,1975.98,4571.359,8564.533,1966.141,4707.382,8512.839,1955.12,4351.283,8454.673,1951.155,5087.889,8251.381,1976.812,4252.226,8453.43,1992.067,4262.866,8403.625,2014.702,4498.938,8284.928,1978.241,4493.747,8462.35,2030.728,4171.619,8438.027,1981.396,4584.587,8497.954,2020.255,4510.067,8350.108,2016.508,4248.872,8640.623,1968.176,4273.93,8087.858,2008.945,4284.153,8599.646,1966.29,4620.237
8678.192,1975.98,4572.88,8564.242,1966.141,4708.918,8511.294,1955.12,4351.519,8455.881,1951.155,5088.882,8249.823,1976.812,4252.355,8451.867,1992.067,4262.923,8402.836,2014.702,4500.287,8285.192,1978.241,4495.288,8460.845,2030.728,4171.195,8436.878,1981.396,4585.647,8497.131,2020.255,4511.395,8348.557,2016.508,4249.063,8639.099,1968.176,4273.583,8086.471,2008.945,4284.874,8599.543,1966.29,4621.797
8677.567,1975.98,4575.943,8563.634,1966.141,4711.984,8508.211,1955.12,4352.03,8458.296,1951.155,5090.867,8246.707,1976.812,4252.586,8448.747,1992.067,4263.114,8401.188,2014.702,4502.943,8285.622,1978.241,4498.385,8457.863,2030.728,4170.253,8434.601,1981.396,4587.787,8495.521,2020.255,4514.073,8345.462,2016.508,4249.496,8636.074,1968.176,4272.79,8083.66,2008.945,4286.241,8599.429,1966.29,4624.921
8677.305,1975.98,4577.485,8563.368,1966.141,4713.525,8506.672,1955.12,4352.306,8459.504,1951.155,5091.86,8245.147,1976.812,4252.688,8447.189,1992.067,4263.247,8400.328,2014.702,4504.249,8285.787,1978.241,4499.94,8456.388,2030.728,4169.735,8433.47,1981.396,4588.866,8494.734,2020.255,4515.424,8343.918,2016.508,4249.738,8634.575,1968.176,4272.343,8082.237,2008.945,4286.888,8599.418,1966.29,4626.485
8676.985,1975.98,4579.811,8563.014,1966.141,4715.845,8504.368,1955.12,4352.749,8461.317,1951.155,5093.351,8242.805,1976.812,4252.817,8444.856,1992.067,4263.5,8398.985,2014.702,4506.174,8285.96,1978.241,4502.281,8454.198,2030.728,4168.889,8431.783,1981.396,4590.497,8493.584,2020.255,4517.47,8341.606,2016.508,4250.139,8632.349,1968.176,4271.6,8080.078,2008.945,4287.807,8599.472,1966.29,4628.832
8676.678,1975.98,4582.762,8562.601,1966.141,4718.782,8501.463,1955.12,4353.348,8463.609,1951.155,5095.236,8239.842,1976.812,4252.951,8441.915,1992.067,4263.888,8397.223,2014.702,4508.561,8286.083,1978.241,4505.246,8451.466,2030.728,4167.731,8429.663,1981.396,4592.572,8492.17,2020.255,4520.077,8338.692,2016.508,4250.693,8629.565,1968.176,4270.569,8077.322,2008.945,4288.906,8599.629,1966.29,4631.795
8676.562,1975.98,4584.387,8562.352,1966.141,4720.386,8499.873,1955.12,4353.697,8464.867,1951.155,5096.271,8238.215,1976.812,4253.007,8440.306,1992.067,4264.136,8396.221,2014.702,4509.844,8286.098,1978.241,4506.875,8449.986,2030.728,4167.049,8428.505,1981.396,4593.716,8491.416,2020.255,4521.521,8337.098,2016.508,4251.023,8628.058,1968.176,4269.954,8075.797,2008.945,4289.477,8599.764,1966.29,4633.418
8676.47,1975.98,4586.733,8562.02,1966.141,4722.708,8497.588,1955.12,4354.23,8466.681,1951.155,5097.761,8235.869,1976.812,4253.063,8437.995,1992.067,4264.545,8394.727,2014.702,4511.654,8286.044,1978.241,4509.221,8447.887,2030.728,4166,8426.842,1981.396,4595.371,8490.364,2020.255,4523.618,8334.808,2016.508,4251.535,8625.914,1968.176,4268.996,8073.584,2008.945,4290.258,8600.027,1966.29,4635.75
8676.454,1975.98,4589.078,8561.698,1966.141,4725.03,8495.313,1955.12,4354.793,8468.492,1951.155,5099.25,8233.525,1976.812,4253.093,8435.696,1992.067,4265.002,8393.186,2014.702,4513.421,8285.915,1978.241,4511.563,8445.823,2030.728,4164.885,8425.185,1981.396,4597.028,8489.349,2020.255,4525.731,8332.528,2016.508,4252.081,8623.806,1968.176,4267.97,8071.361,2008.945,4291.002,8600.359,1966.29,4638.071
8676.516,1975.98,4591.426,8561.378,1966.141,4727.356,8493.04,1955.12,4355.387,8470.307,1951.155,5100.743,8231.177,1976.812,4253.096,8433.402,1992.067,4265.509,8391.594,2014.702,4515.148,8285.71,1978.241,4513.903,8443.793,2030.728,4163.703,8423.527,1981.396,4598.692,8488.368,2020.255,4527.865,8330.253,2016.508,4252.664,8621.728,1968.176,4266.874,8069.123,2008.945,4291.715,8600.762,1966.29,4640.386
8676.653,1975.98,4593.766,8561.056,1966.141,4729.676,8490.782,1955.12,4356.009,8472.116,1951.155,5102.231,8228.835,1976.812,4253.07,8431.126,1992.067,4266.062,8389.959,2014.702,4516.826,8285.431,1978.241,4516.229,8441.806,2030.728,4162.461,8421.877,1981.396,4600.354,8487.428,2020.255,4530.011,8327.993,2016.508,4253.281,8619.692,1968.176,4265.712,8066.883,2008.945,4292.4,8601.231,1966.29,4642.681
8676.867,1975.98,4596.106,8560.656,1966.141,4731.993,8488.525,1955.12,4356.663,8473.932,1951.155,5103.724,8226.486,1976.812,4253.015,8428.857,1992.067,4266.677,8388.273,2014.702,4518.464,8285.076,1978.241,4518.553,8439.853,2030.728,4161.152,8420.268,1981.396,4602.068,8486.524,2020.255,4532.18,8325.736,2016.508,4253.934,8617.689,1968.176,4264.482,8064.63,2008.945,4293.066,8601.771,1966.29,4644.969
8677.037,1975.98,4599.015,8560.256,1966.141,4734.879,8485.74,1955.12,4357.513,8476.12,1951.155,5105.647,8223.573,1976.812,4253.042,8426.072,1992.067,4267.53,8386.244,2014.702,4520.555,8284.729,1978.241,4521.446,8437.382,2030.728,4159.608,8418.344,1981.396,4604.256,8485.352,2020.255,4534.847,8322.966,2016.508,4254.835,8615.158,1968.176,4263.039,8061.864,2008.945,4293.983,8602.346,1966.29,4647.825
8677.235,1975.98,4601.193,8560.026,1966.141,4737.054,8483.667,1955.12,4358.209,8477.715,1951.155,5107.144,8221.388,1976.812,4253.133,8424.003,1992.067,4268.239,8384.772,2014.702,4522.173,8284.396,1978.241,4523.608,8435.49,2030.728,4158.51,8416.954,1981.396,4605.945,8484.615,2020.255,4536.906,8320.909,2016.508,4255.58,8613.224,1968.176,4262.019,8059.812,2008.945,4294.739,8602.708,1966.29,4649.982
8677.614,1975.98,4604.25,8559.803,1966.141,4740.127,8480.756,1955.12,4359.212,8479.892,1951.155,5109.324,8218.315,1976.812,4253.363,8421.123,1992.067,4269.333,8382.776,2014.702,4524.52,8283.829,1978.241,4526.636,8432.777,2030.728,4157.05,8415.075,1981.396,4608.387,8483.483,2020.255,4539.771,8318.048,2016.508,4256.723,8610.453,1968.176,4260.671,8056.957,2008.945,4295.897,8603.119,1966.29,4653.036
8677.907,1975.98,4606.116,8559.604,1966.141,4742.004,8478.99,1955.12,4359.88,8481.181,1951.155,5110.704,8216.438,1976.812,4253.565,8419.381,1992.067,4270.06,8381.601,2014.702,4525.997,8283.542,1978.241,4528.502,8431.087,2030.728,4156.209,8413.974,1981.396,4609.92,8482.794,2020.255,4541.529,8316.318,2016.508,4257.48,8608.729,1968.176,4259.901,8055.231,2008.945,4296.664,8603.31,1966.29,4654.914
8678.226,1975.98,4607.785,8559.435,1966.141,4743.695,8477.42,1955.12,4360.529,8482.3,1951.155,5111.982,8214.756,1976.812,4253.802,8417.835,1992.067,4270.766,8380.586,2014.702,4527.36,8283.22,1978.241,4530.171,8429.542,2030.728,4155.502,8413.027,1981.396,4611.332,8482.076,2020.255,4543.069,8314.785,2016.508,4258.212,8607.156,1968.176,4259.259,8053.702,2008.945,4297.404,8603.427,1966.29,4656.609
8679.383,1975.98,4612.938,8559.078,1966.141,4748.965,8472.492,1955.12,4362.427,8485.647,1951.155,5116.068,8209.553,1976.812,4254.71,8413.103,1992.067,4273.112,8377.573,2014.702,4531.699,8282.049,1978.241,4535.322,8424.669,2030.728,4153.463,8410.232,1981.396,4615.813,8479.689,2020.255,4547.782,8310.096,2016.508,4260.643,8602.202,1968.176,4257.426,8049.026,2008.945,4299.86,8603.618,1966.29,4661.888
8679.603,1975.98,4614.093,8558.961,1966.141,4750.134,8471.409,1955.12,4362.884,8486.362,1951.155,5117.001,8208.402,1976.812,4254.95,8412.067,1992.067,4273.668,8376.935,2014.702,4532.686,8281.826,1978.241,4536.476,8423.57,2030.728,4153.045,8409.644,1981.396,4616.831,8479.193,2020.255,4548.847,8309.07,2016.508,4261.217,8601.087,1968.176,4257.054,8048.004,2008.945,4300.44,8603.622,1966.29,4663.063
8679.835,1975.98,4615.13,8558.82,1966.141,4751.188,8470.442,1955.12,4363.329,8487.009,1951.155,5117.846,8207.358,1976.812,4255.15,8411.146,1992.067,4274.198,8376.333,2014.702,4533.563,8281.591,1978.241,4537.513,8422.589,2030.728,4152.635,8409.138,1981.396,4617.766,8478.759,2020.255,4549.817,8308.148,2016.508,4261.746,8600.09,1968.176,4256.685,8047.066,2008.945,4300.942,8603.647,1966.29,4664.126
8680.162,1975.98,4616.395,8558.604,1966.141,4752.477,8469.273,1955.12,4363.911,8487.803,1951.155,5118.883,8206.072,1976.812,4255.374,8410.033,1992.067,4274.882,8375.566,2014.702,4534.62,8281.262,1978.241,4538.777,8421.4,2030.728,4152.094,8408.551,1981.396,4618.933,8478.244,2020.255,4551.018,8307.022,2016.508,4262.408,8598.88,1968.176,4256.192,8045.9,2008.945,4301.53,8603.705,1966.29,4665.431
8681.245,1975.98,4620.079,8557.849,1966.141,4756.241,8465.891,1955.12,4365.727,8490.138,1951.155,5121.931,8202.281,1976.812,4255.97,8406.824,1992.067,4276.989,8373.229,2014.702,4537.666,8280.175,1978.241,4542.459,8417.959,2030.728,4150.391,8406.928,1981.396,4622.412,8476.79,2020.255,4554.569,8303.734,2016.508,4264.387,8595.373,1968.176,4254.628,8042.434,2008.945,4303.179,8603.95,1966.29,4669.262
8681.981,1975.98,4622.312,8557.311,1966.141,4758.53,8463.854,1955.12,4366.902,8491.567,1951.155,5123.798,8199.953,1976.812,4256.295,8404.898,1992.067,4278.338,8371.748,2014.702,4539.491,8279.438,1978.241,4544.692,8415.886,2030.728,4149.281,8405.996,1981.396,4624.571,8475.937,2020.255,4556.76,8301.734,2016.508,4265.622,8593.258,1968.176,4253.601,8040.291,2008.945,4304.146,8604.147,1966.29,4671.604
8682.714,1975.98,4624.311,8556.756,1966.141,4760.586,8462.044,1955.12,4368.023,8492.862,1951.155,5125.489,8197.84,1976.812,4256.551,8403.192,1992.067,4279.611,8370.362,2014.702,4541.107,8278.705,1978.241,4546.691,8414.042,2030.728,4148.216,8405.209,1981.396,4626.549,8475.199,2020.255,4558.756,8299.937,2016.508,4266.76,8591.374,1968.176,4252.608,8038.334,2008.945,4304.984,8604.369,1966.29,4673.721
8683.361,1975.98,4625.916,8556.251,1966.141,4762.241,8460.602,1955.12,4368.979,8493.914,1951.155,5126.862,8196.119,1976.812,4256.727,8401.838,1992.067,4280.688,8369.2,2014.702,4542.388,8278.059,1978.241,4548.296,8412.572,2030.728,4147.304,8404.616,1981.396,4628.174,8474.631,2020.255,4560.39,8298.486,2016.508,4267.703,8589.87,1968.176,4251.752,8036.734,2008.945,4305.64,8604.585,1966.29,4675.438
8684.653,1975.98,4628.838,8555.219,1966.141,4765.266,8457.993,1955.12,4370.825,8495.857,1951.155,5129.4,8192.936,1976.812,4256.993,8399.397,1992.067,4282.751,8366.988,2014.702,4544.695,8276.771,1978.241,4551.221,8409.913,2030.728,4145.531,8403.606,1981.396,4631.206,8473.639,2020.255,4563.426,8295.828,2016.508,4269.475,8587.146,1968.176,4250.082,8033.761,2008.945,4306.809,8605.048,1966.29,4678.599
8685.51,1975.98,4630.96,8554.551,1966.141,4767.454,8456.09,1955.12,4372.094,8497.188,1951.155,5131.261,8190.662,1976.812,4257.25,8397.698,1992.067,4284.283,8365.46,2014.702,4546.397,8275.917,1978.241,4553.344,8407.969,2030.728,4144.325,8402.813,1981.396,4633.352,8472.857,2020.255,4565.577,8293.924,2016.508,4270.742,8585.157,1968.176,4248.95,8031.661,2008.945,4307.716,8605.306,1966.29,4680.872
8686.048,1975.98,4632.431,8554.144,1966.141,4768.966,8454.769,1955.12,4372.934,8498.058,1951.155,5132.564,8189.112,1976.812,4257.474,8396.569,1992.067,4285.368,8364.452,2014.702,4547.596,8275.249,1978.241,4554.761,8406.611,2030.728,4143.544,8402.422,1981.396,4634.868,8472.275,2020.255,4567.03,8292.637,2016.508,4271.633,8583.771,1968.176,4248.22,8030.244,2008.945,4308.383,8605.431,1966.29,4682.433
8687.028,1975.98,4635.41,8553.427,1966.141,4772.019,8452.075,1955.12,4374.539,8499.711,1951.155,5135.229,8186.023,1976.812,4258.01,8394.377,1992.067,4287.61,8362.514,2014.702,4550.062,8274.005,1978.241,4557.64,8403.844,2030.728,4142.069,8401.54,1981.396,4637.877,8471.015,2020.255,4569.901,8290.041,2016.508,4273.389,8580.95,1968.176,4246.851,8027.453,2008.945,4309.812,8605.579,1966.29,4685.565
8687.47,1975.98,4636.915,8553.118,1966.141,4773.557,8450.712,1955.12,4375.313,8500.494,1951.155,5136.587,8184.487,1976.812,4258.326,8393.317,1992.067,4288.766,8361.585,2014.702,4551.326,8273.431,1978.241,4559.099,8402.437,2030.728,4141.377,8401.05,1981.396,4639.367,8470.338,2020.255,4571.316,8288.766,2016.508,4274.301,8579.518,1968.176,4246.213,8026.081,2008.945,4310.572,8605.602,1966.29,4687.134
8688.034,1975.98,4639.102,8552.747,1966.141,4775.785,8448.719,1955.12,4376.376,8501.557,1951.155,5138.581,8182.29,1976.812,4258.848,8391.846,1992.067,4290.479,8360.308,2014.702,4553.189,8272.673,1978.241,4561.227,8400.378,2030.728,4140.447,8400.274,1981.396,4641.489,8469.297,2020.255,4573.32,8286.957,2016.508,4275.653,8577.426,1968.176,4245.362,8024.142,2008.945,4311.73,8605.561,1966.29,4689.392
8688.548,1975.98,4641.398,8552.354,1966.141,4778.105,8446.613,1955.12,4377.427,8502.596,1951.155,5140.692,8180.018,1976.812,4259.46,8390.369,1992.067,4292.313,8359.041,2014.702,4555.173,8271.64,1978.241,4563.341,8398.202,2030.728,4139.549,8399.395,1981.396,4643.672,8468.145,2020.255,4575.373,8285.103,2016.508,4277.101,8575.218,1968.176,4244.546,8022.162,2008.945,4313.002,8605.44,1966.29,4691.743
8689.197,1975.98,4644.825,8551.729,1966.141,4781.537,8443.449,1955.12,4378.894,8504.032,1951.155,5143.871,8176.679,1976.812,4260.468,8388.265,1992.067,4295.094,8357.262,2014.702,4558.172,8269.991,1978.241,4566.415,8394.937,2030.728,4138.325,8398.261,1981.396,4646.97,8466.339,2020.255,4578.356,8282.389,2016.508,4279.29,8571.908,1968.176,4243.446,8019.291,2008.945,4314.983,8604.889,1966.29,4695.187
8689.609,1975.98,4646.671,8551.33,1966.141,4783.385,8441.76,1955.12,4379.743,8504.812,1951.155,5145.594,8174.857,1976.812,4260.975,8387.173,1992.067,4296.638,8356.253,2014.702,4559.771,8269.045,1978.241,4568.052,8393.188,2030.728,4137.604,8397.697,1981.396,4648.775,8465.375,2020.255,4579.982,8280.933,2016.508,4280.495,8570.134,1968.176,4242.791,8017.707,2008.945,4316.015,8604.636,1966.29,4697.06
8689.893,1975.98,4647.768,8551.055,1966.141,4784.484,8440.764,1955.12,4380.282,8505.278,1951.155,5146.626,8173.76,1976.812,4261.255,8386.549,1992.067,4297.583,8355.623,2014.702,4560.713,8268.447,1978.241,4569.015,8392.155,2030.728,4137.139,8397.391,1981.396,4649.866,8464.807,2020.255,4580.962,8280.069,2016.508,4281.228,8569.084,1968.176,4242.364,8016.742,2008.945,4316.608,8604.512,1966.29,4698.186
8690.971,1975.98,4651.45,8550.001,1966.141,4788.173,8437.449,1955.12,4382.213,8506.858,1951.155,5150.123,8170.023,1976.812,4262.122,8384.539,1992.067,4300.851,8353.402,2014.702,4563.841,8266.319,1978.241,4572.207,8388.71,2030.728,4135.451,8396.457,1981.396,4653.586,8462.984,2020.255,4584.338,8277.177,2016.508,4283.745,8565.579,1968.176,4240.804,8013.428,2008.945,4318.54,8603.972,1966.29,4701.984
8691.587,1975.98,4653.324,8549.397,1966.141,4790.052,8435.775,1955.12,4383.258,8507.671,1951.155,5151.921,8168.092,1976.812,4262.524,8383.56,1992.067,4302.564,8352.216,2014.702,4565.417,8265.173,1978.241,4573.813,8386.967,2030.728,4134.526,8396.03,1981.396,4655.512,8462.102,2020.255,4586.103,8275.705,2016.508,4285.059,8563.776,1968.176,4240.001,8011.702,2008.945,4319.495,8603.632,1966.29,4703.928
8692.201,1975.98,4655.006,8548.794,1966.141,4791.737,8434.286,1955.12,4384.252,8508.408,1951.155,5153.552,8166.332,1976.812,4262.849,8382.722,1992.067,4304.146,8351.1,2014.702,4566.817,8264.087,1978.241,4575.237,8385.413,2030.728,4133.636,8395.691,1981.396,4657.27,8461.351,2020.255,4587.728,8274.386,2016.508,4286.268,8562.141,1968.176,4239.273,8010.119,2008.945,4320.329,8603.268,1966.29,4705.681
8693.292,1975.98,4657.716,8547.72,1966.141,4794.454,8431.907,1955.12,4385.948,8509.611,1951.155,5156.214,8163.448,1976.812,4263.313,8381.439,1992.067,4306.771,8349.216,2014.702,4569.05,8262.242,1978.241,4577.503,8382.927,2030.728,4132.103,8395.217,1981.396,4660.152,8460.207,2020.255,4590.416,8272.257,2016.508,4288.267,8559.472,1968.176,4238.084,8007.51,2008.945,4321.642,8602.583,1966.29,4708.521
8694.175,1975.98,4659.719,8546.849,1966.141,4796.462,8430.164,1955.12,4387.271,8510.513,1951.155,5158.208,8161.28,1976.812,4263.608,8380.543,1992.067,4308.768,8347.758,2014.702,4570.682,8260.808,1978.241,4579.155,8381.102,2030.728,4130.896,8394.92,1981.396,4662.32,8459.414,2020.255,4592.456,8270.663,2016.508,4289.765,8557.473,1968.176,4237.194,8005.541,2008.945,4322.594,8602.003,1966.29,4710.631
8694.901,1975.98,4661.526,8546.133,1966.141,4798.273,8428.652,1955.12,4388.5,8511.257,1951.155,5160.009,8159.36,1976.812,4263.934,8379.693,1992.067,4310.521,8346.508,2014.702,4572.176,8259.579,1978.241,4580.667,8379.442,2030.728,4129.875,8394.618,1981.396,4664.244,8458.704,2020.255,4594.268,8269.286,2016.508,4291.142,8555.668,1968.176,4236.461,8003.815,2008.945,4323.499,8601.548,1966.29,4712.525
8695.984,1975.98,4664.495,8545.067,1966.141,4801.249,8426.267,1955.12,4390.572,8512.367,1951.155,5162.967,8156.263,1976.812,4264.562,8378.227,1992.067,4313.319,8344.561,2014.702,4574.665,8257.668,1978.241,4583.183,8376.698,2030.728,4128.308,8394.046,1981.396,4667.351,8457.457,2020.255,4597.172,8267.117,2016.508,4293.44,8552.703,1968.176,4235.367,8001.066,2008.945,4325.058,8600.91,1966.29,4715.621
8696.544,1975.98,4666.201,8544.518,1966.141,4802.958,8424.949,1955.12,4391.793,8512.943,1951.155,5164.669,8154.515,1976.812,4264.976,8377.37,1992.067,4314.897,8343.5,2014.702,4576.115,8256.629,1978.241,4584.648,8375.11,2030.728,4127.469,8393.7,1981.396,4669.113,8456.8,2020.255,4598.843,8265.926,2016.508,4294.784,8550.998,1968.176,4234.801,7999.534,2008.945,4325.994,8600.604,1966.29,4717.391
8697.359,1975.98,4668.991,8543.719,1966.141,4805.753,8422.884,1955.12,4393.839,8513.784,1951.155,5167.452,8151.709,1976.812,4265.736,8375.907,1992.067,4317.409,8341.861,2014.702,4578.516,8255.025,1978.241,4587.073,8372.497,2030.728,4126.196,8393.07,1981.396,4671.95,8455.648,2020.255,4601.513,8264.063,2016.508,4297.015,8548.211,1968.176,4233.975,7997.104,2008.945,4327.59,8600.202,1966.29,4720.27
8697.807,1975.98,4670.733,8543.281,1966.141,4807.498,8421.648,1955.12,4395.146,8514.248,1951.155,5169.189,8149.99,1976.812,4266.263,8374.949,1992.067,4318.924,8340.896,2014.702,4580.034,8254.083,1978.241,4588.605,8370.855,2030.728,4125.462,8392.674,1981.396,4673.703,8454.75,2020.255,4603.067,8262.955,2016.508,4298.432,8546.471,1968.176,4233.521,7995.634,2008.945,4328.626,8600.011,1966.29,4722.058
8698.265,1975.98,4672.79,8542.836,1966.141,4809.557,8420.252,1955.12,4396.723,8514.725,1951.155,5171.241,8147.997,1976.812,4266.946,8373.836,1992.067,4320.711,8339.825,2014.702,4581.848,8253.038,1978.241,4590.435,8368.905,2030.728,4124.665,8392.165,1981.396,4675.747,8453.602,2020.255,4604.834,8261.713,2016.508,4300.134,8544.416,1968.176,4233.056,7993.953,2008.945,4329.896,8599.853,1966.29,4724.158
8698.701,1975.98,4675.104,8542.208,1966.141,4811.827,8418.749,1955.12,4398.536,8515.182,1951.155,5173.552,8145.795,1976.812,4267.783,8372.573,1992.067,4322.698,8338.694,2014.702,4583.914,8251.938,1978.241,4592.518,8366.696,2030.728,4123.846,8391.54,1981.396,4678.018,8452.232,2020.255,4606.751,8260.387,2016.508,4302.081,8542.103,1968.176,4232.612,7992.121,2008.945,4331.376,8599.751,1966.29,4726.512
8699.212,1975.98,4677.4,8541.507,1966.141,4814.072,8417.304,1955.12,4400.391,8515.639,1951.155,5175.859,8143.577,1976.812,4268.562,8371.339,1992.067,4324.698,8337.509,2014.702,4585.944,8250.773,1978.241,4594.561,8364.491,2030.728,4123.029,8390.982,1981.396,4680.301,8450.924,2020.255,4608.704,8259.064,2016.508,4304.023,8539.793,1968.176,4232.168,7990.252,2008.945,4332.804,8599.575,1966.29,4728.856
8699.799,1975.98,4679.683,8540.73,1966.141,4816.297,8415.911,1955.12,4402.292,8516.097,1951.155,5178.171,8141.334,1976.812,4269.286,8370.132,1992.067,4326.721,8336.264,2014.702,4587.946,8249.542,1978.241,4596.57,8362.281,2030.728,4122.209,8390.489,1981.396,4682.606,8449.672,2020.255,4610.701,8257.741,2016.508,4305.972,8537.479,1968.176,4231.723,7988.343,2008.945,4334.186,8599.324,1966.29,4731.2
8700.459,1975.98,4681.945,8539.883,1966.141,4818.496,8414.576,1955.12,4404.233,8516.554,1951.155,5180.483,8139.074,1976.812,4269.951,8368.958,1992.067,4328.763,8334.964,2014.702,4589.911,8248.247,1978.241,4598.539,8360.072,2030.728,4121.39,8390.062,1981.396,4684.923,8448.481,2020.255,4612.733,8256.42,2016.508,4307.921,8535.165,1968.176,4231.279,7986.401,2008.945,4335.519,8598.999,1966.29,4733.534
8701.484,1975.98,4685.073,8538.598,1966.141,4821.526,8412.792,1955.12,4407,8517.193,1951.155,5183.712,8135.894,1976.812,4270.799,8367.369,1992.067,4331.645,8333.071,2014.702,4592.604,8246.352,1978.241,4601.23,8356.985,2030.728,4120.245,8389.556,1981.396,4688.175,8446.904,2020.255,4615.623,8254.577,2016.508,4310.647,8531.933,1968.176,4230.658,7983.646,2008.945,4337.318,8598.44,1966.29,4736.778
8702.291,1975.98,4687.287,8537.607,1966.141,4823.665,8411.574,1955.12,4409.017,8517.65,1951.155,5186.023,8133.603,1976.812,4271.345,8366.272,1992.067,4333.729,8331.662,2014.702,4594.492,8244.935,1978.241,4603.113,8354.776,2030.728,4119.426,8389.259,1981.396,4690.512,8445.839,2020.255,4617.725,8253.261,2016.508,4312.6,8529.619,1968.176,4230.213,7981.646,2008.945,4338.564,8597.967,1966.29,4739.086
8703.168,1975.98,4689.472,8536.549,1966.141,4825.768,8410.418,1955.12,4411.068,8518.107,1951.155,5188.333,8131.299,1976.812,4271.83,8365.22,1992.067,4335.834,8330.201,2014.702,4596.337,8243.459,1978.241,4604.948,8352.568,2030.728,4118.607,8389.027,1981.396,4692.855,8444.839,2020.255,4619.856,8251.948,2016.508,4314.553,8527.307,1968.176,4229.769,7979.625,2008.945,4339.77,8597.42,1966.29,4741.376
8703.899,1975.98,4691.136,8535.679,1966.141,4827.363,8409.572,1955.12,4412.676,8518.46,1951.155,5190.116,8129.511,1976.812,4272.155,8364.442,1992.067,4337.476,8329.033,2014.702,4597.729,8242.275,1978.241,4606.327,8350.864,2030.728,4117.975,8388.897,1981.396,4694.667,8444.118,2020.255,4621.524,8250.938,2016.508,4316.062,8525.521,1968.176,4229.426,7978.05,2008.945,4340.674,8596.941,1966.29,4743.129
8704.626,1975.98,4692.945,8534.802,1966.141,4829.105,8408.722,1955.12,4414.431,8518.775,1951.155,5192.04,8127.605,1976.812,4272.567,8363.665,1992.067,4339.265,8327.829,2014.702,4599.263,8241.055,1978.241,4607.848,8349.015,2030.728,4117.357,8388.726,1981.396,4696.605,8443.403,2020.255,4623.338,8249.907,2016.508,4317.717,8523.596,1968.176,4229.121,7976.391,2008.945,4341.7,8596.489,1966.29,4745.026
8705.706,1975.98,4695.912,8533.476,1966.141,4831.97,8407.438,1955.12,4417.315,8519.185,1951.155,5195.17,8124.543,1976.812,4273.335,8362.483,1992.067,4342.191,8325.962,2014.702,4601.808,8239.16,1978.241,4610.374,8345.989,2030.728,4116.456,8388.382,1981.396,4699.743,8442.343,2020.255,4626.312,8248.326,2016.508,4320.45,8520.463,1968.176,4228.729,7973.762,2008.945,4343.447,8595.856,1966.29,4748.119
8706.266,1975.98,4697.622,8532.773,1966.141,4833.626,8406.761,1955.12,4418.982,8519.359,1951.155,5196.961,8122.813,1976.812,4273.83,8361.864,1992.067,4343.881,8324.945,2014.702,4603.293,8238.128,1978.241,4611.848,8344.249,2030.728,4115.998,8388.233,1981.396,4701.536,8441.794,2020.255,4628.025,8247.477,2016.508,4322.036,8518.671,1968.176,4228.565,7972.296,2008.945,4344.491,8595.485,1966.29,4749.879
8706.855,1975.98,4699.645,8532.016,1966.141,4835.592,8406.032,1955.12,4420.959,8519.495,1951.155,5199.063,8120.808,1976.812,4274.475,8361.202,1992.067,4345.88,8323.813,2014.702,4605.069,8236.977,1978.241,4613.612,8342.195,2030.728,4115.53,8388.09,1981.396,4703.636,8441.217,2020.255,4630.051,8246.543,2016.508,4323.924,8516.568,1968.176,4228.441,7970.622,2008.945,4345.769,8595.139,1966.29,4751.957
8707.44,1975.98,4701.926,8531.24,1966.141,4837.816,8405.29,1955.12,4423.194,8519.57,1951.155,5201.417,8118.59,1976.812,4275.27,8360.528,1992.067,4348.137,8322.612,2014.702,4607.096,8235.755,1978.241,4615.625,8339.883,2030.728,4115.082,8387.917,1981.396,4705.985,8440.646,2020.255,4632.336,8245.568,2016.508,4326.069,8514.214,1968.176,4228.379,7968.797,2008.945,4347.259,8594.771,1966.29,4754.284
8707.95,1975.98,4704.224,8530.539,1966.141,4840.062,8404.622,1955.12,4425.451,8519.568,1951.155,5203.771,8116.402,1976.812,4276.135,8359.92,1992.067,4350.41,8321.479,2014.702,4609.159,8234.601,1978.241,4617.676,8337.56,2030.728,4114.709,8387.821,1981.396,4708.337,8440.147,2020.255,4634.636,8244.665,2016.508,4328.242,8511.86,1968.176,4228.395,7967.024,2008.945,4348.806,8594.329,1966.29,4756.595
8708.489,1975.98,4707.099,8529.759,1966.141,4842.881,8403.884,1955.12,4428.281,8519.47,1951.155,5206.694,8113.718,1976.812,4277.3,8359.179,1992.067,4353.238,8320.156,2014.702,4611.768,8233.25,1978.241,4620.271,8334.657,2030.728,4114.342,8387.798,1981.396,4711.262,8439.761,2020.255,4637.533,8243.631,2016.508,4330.979,8508.938,1968.176,4228.51,7964.884,2008.945,4350.8,8593.686,1966.29,4759.449
8708.847,1975.98,4708.711,8529.267,1966.141,4844.458,8403.513,1955.12,4429.891,8519.414,1951.155,5208.345,8112.186,1976.812,4277.915,8358.806,1992.067,4354.847,8319.368,2014.702,4613.219,8232.441,1978.241,4621.711,8333.019,2030.728,4114.134,8387.828,1981.396,4712.914,8439.593,2020.255,4639.176,8243.047,2016.508,4332.522,8507.287,1968.176,4228.575,7963.646,2008.945,4351.893,8593.271,1966.29,4761.047
8709.93,1975.98,4712.942,8527.829,1966.141,4848.582,8402.649,1955.12,4434.171,8519.268,1951.155,5212.709,8108.089,1976.812,4279.427,8357.941,1992.067,4359.127,8317.176,2014.702,4616.995,8230.183,1978.241,4625.448,8328.687,2030.728,4113.585,8388.021,1981.396,4717.275,8439.286,2020.255,4643.532,8241.503,2016.508,4336.605,8502.924,1968.176,4228.746,7960.297,2008.945,4354.694,8592.038,1966.29,4765.237
8710.588,1975.98,4715.204,8526.981,1966.141,4850.78,8402.248,1955.12,4436.492,8519.188,1951.155,5215.064,8105.857,1976.812,4280.181,8357.542,1992.067,4361.449,8315.936,2014.702,4618.998,8228.9,1978.241,4627.425,8326.349,2030.728,4113.289,8388.187,1981.396,4719.625,8439.194,2020.255,4645.887,8240.67,2016.508,4338.808,8500.569,1968.176,4228.838,7958.454,2008.945,4356.161,8591.301,1966.29,4767.475
8711.054,1975.98,4716.628,8526.396,1966.141,4852.159,8402.033,1955.12,4437.975,8519.138,1951.155,5216.562,8104.424,1976.812,4280.619,8357.332,1992.067,4362.932,8315.11,2014.702,4620.249,8228.045,1978.241,4628.655,8324.862,2030.728,4113.101,8388.329,1981.396,4721.117,8439.183,2020.255,4647.385,8240.14,2016.508,4340.208,8499.072,1968.176,4228.897,7957.261,2008.945,4357.066,8590.786,1966.29,4768.882
8711.254,1975.98,4717.181,8526.149,1966.141,4852.692,8401.965,1955.12,4438.558,8519.118,1951.155,5217.149,8103.858,1976.812,4280.775,8357.267,1992.067,4363.516,8314.772,2014.702,4620.729,8227.694,1978.241,4629.126,8324.279,2030.728,4113.027,8388.399,1981.396,4721.7,8439.196,2020.255,4647.972,8239.932,2016.508,4340.757,8498.485,1968.176,4228.92,7956.785,2008.945,4357.411,8590.566,1966.29,4769.427
8712.895,1975.98,4721.274,8524.167,1966.141,4856.631,8401.569,1955.12,4442.949,8518.97,1951.155,5221.556,8099.575,1976.812,4281.821,8356.908,1992.067,4367.91,8312.136,2014.702,4624.263,8224.952,1978.241,4632.579,8319.904,2030.728,4112.473,8389.028,1981.396,4726.063,8439.439,2020.255,4652.375,8238.371,2016.508,4344.878,8494.079,1968.176,4229.093,7953.166,2008.945,4359.928,8588.788,1966.29,4773.462
8713.865,1975.98,4723.484,8523.152,1966.141,4858.822,8401.417,1955.12,4445.358,8518.889,1951.155,5223.969,8097.214,1976.812,4282.326,8356.784,1992.067,4370.321,8310.637,2014.702,4626.155,8223.392,1978.241,4634.421,8317.509,2030.728,4112.169,8389.376,1981.396,4728.451,8439.648,2020.255,4654.78,8237.517,2016.508,4347.135,8491.667,1968.176,4229.188,7951.162,2008.945,4361.271,8587.743,1966.29,4775.639
8714.084,1975.98,4724.029,8522.923,1966.141,4859.362,8401.399,1955.12,4445.945,8518.85,1951.155,5224.555,8096.644,1976.812,4282.468,8356.773,1992.067,4370.908,8310.287,2014.702,4626.626,8223.027,1978.241,4634.881,8316.925,2030.728,4112.114,8389.468,1981.396,4729.031,8439.707,2020.255,4655.364,8237.327,2016.508,4347.691,8491.081,1968.176,4229.23,7950.685,2008.945,4361.614,8587.507,1966.29,4776.176
8715.34,1975.98,4727.487,8521.598,1966.141,4862.794,8401.355,1955.12,4449.624,8518.485,1951.155,5228.216,8093.104,1976.812,4283.471,8356.825,1992.067,4374.586,8308.195,2014.702,4629.653,8220.838,1978.241,4637.837,8313.253,2030.728,4111.892,8389.802,1981.396,4732.694,8439.957,2020.255,4659.035,8236.252,2016.508,4351.209,8487.423,1968.176,4229.615,7947.77,2008.945,4363.858,8586.136,1966.29,4779.589
8716.029,1975.98,4729.597,8520.866,1966.141,4864.891,8401.401,1955.12,4451.844,8518.193,1951.155,5230.417,8090.989,1976.812,4284.146,8356.929,1992.067,4376.804,8306.993,2014.702,4631.52,8219.575,1978.241,4639.664,8311.033,2030.728,4111.83,8390.076,1981.396,4734.897,8439.968,2020.255,4661.255,8235.673,2016.508,4353.353,8485.224,1968.176,4229.919,7946.056,2008.945,4365.27,8585.376,1966.29,4781.676
8716.248,1975.98,4730.351,8520.632,1966.141,4865.639,8401.443,1955.12,4452.627,8518.064,1951.155,5231.191,8090.25,1976.812,4284.408,8356.991,1992.067,4377.586,8306.59,2014.702,4632.193,8219.15,1978.241,4640.323,8310.249,2030.728,4111.833,8390.198,1981.396,4735.672,8439.925,2020.255,4662.038,8235.493,2016.508,4354.116,8484.45,1968.176,4230.052,7945.467,2008.945,4365.788,8585.132,1966.29,4782.421
8717.273,1975.98,4734.362,8519.526,1966.141,4869.629,8401.8,1955.12,4456.751,8517.253,1951.155,5235.25,8086.396,1976.812,4285.922,8357.224,1992.067,4381.72,8304.581,2014.702,4635.813,8217.024,1978.241,4643.875,8306.112,2030.728,4111.989,8390.977,1981.396,4739.739,8439.836,2020.255,4666.177,8234.678,2016.508,4358.175,8480.396,1968.176,4230.886,7942.45,2008.945,4368.623,8583.89,1966.29,4786.371
8717.4,1975.98,4734.937,8519.388,1966.141,4870.201,8401.869,1955.12,4457.336,8517.119,1951.155,5235.823,8085.856,1976.812,4286.155,8357.275,1992.067,4382.306,8304.313,2014.702,4636.336,8216.739,1978.241,4644.39,8305.525,2030.728,4112.031,8391.068,1981.396,4740.32,8439.843,2020.255,4666.766,8234.581,2016.508,4358.756,8479.823,1968.176,4231.023,7942.035,2008.945,4369.04,8583.731,1966.29,4786.938
8718.071,1975.98,4738.526,8518.646,1966.141,4873.776,8402.634,1955.12,4460.906,8516.171,1951.155,5239.349,8082.552,1976.812,4287.709,8357.718,1992.067,4385.931,8302.754,2014.702,4639.638,8215.073,1978.241,4647.639,8301.894,2030.728,4112.406,8391.519,1981.396,4743.943,8439.656,2020.255,4670.412,8234.098,2016.508,4362.375,8476.303,1968.176,4231.992,7939.543,2008.945,4371.708,8582.866,1966.29,4790.485
8718.458,1975.98,4740.277,8518.337,1966.141,4875.542,8403.044,1955.12,4462.651,8515.705,1951.155,5241.081,8080.908,1976.812,4288.425,8357.99,1992.067,4387.703,8301.942,2014.702,4641.237,8214.209,1978.241,4649.21,8300.11,2030.728,4112.591,8391.695,1981.396,4745.728,8439.62,2020.255,4672.205,8233.853,2016.508,4364.15,8474.574,1968.176,4232.467,7938.285,2008.945,4372.985,8582.386,1966.29,4792.212
8719.04,1975.98,4742.555,8518.007,1966.141,4877.871,8403.626,1955.12,4464.929,8515.095,1951.155,5243.352,8078.725,1976.812,4289.299,8358.419,1992.067,4390.015,8300.817,2014.702,4643.302,8213.016,1978.241,4651.236,8297.771,2030.728,4112.833,8391.869,1981.396,4748.072,8439.646,2020.255,4674.556,8233.521,2016.508,4366.477,8472.307,1968.176,4233.091,7936.591,2008.945,4374.616,8581.682,1966.29,4794.457
8719.921,1975.98,4745.588,8517.661,1966.141,4881.01,8404.464,1955.12,4467.973,8514.274,1951.155,5246.401,8075.759,1976.812,4290.385,8359.091,1992.067,4393.101,8299.228,2014.702,4646.03,8211.334,1978.241,4653.909,8294.63,2030.728,4113.157,8392.026,1981.396,4751.226,8439.781,2020.255,4677.711,8233.061,2016.508,4369.6,8469.262,1968.176,4233.928,7934.264,2008.945,4376.75,8580.64,1966.29,4797.438
8720.479,1975.98,4747.296,8517.521,1966.141,4882.8,8404.971,1955.12,4469.696,8513.808,1951.155,5248.136,8074.055,1976.812,4290.953,8359.527,1992.067,4394.844,8298.278,2014.702,4647.555,8210.334,1978.241,4655.4,8292.843,2030.728,4113.342,8392.073,1981.396,4753.021,8439.914,2020.255,4679.503,8232.791,2016.508,4371.375,8467.529,1968.176,4234.404,7932.912,2008.945,4377.932,8579.992,1966.29,4799.114
8721.473,1975.98,4750.035,8517.367,1966.141,4885.71,8405.841,1955.12,4472.476,8513.051,1951.155,5250.95,8071.264,1976.812,4291.79,8360.322,1992.067,4397.647,8296.667,2014.702,4649.983,8208.642,1978.241,4657.772,8289.944,2030.728,4113.642,8392.081,1981.396,4755.935,8440.221,2020.255,4682.401,8232.342,2016.508,4374.253,8464.72,1968.176,4235.177,7930.679,2008.945,4379.803,8578.854,1966.29,4801.796
8722.14,1975.98,4751.702,8517.326,1966.141,4887.504,8406.404,1955.12,4474.179,8512.585,1951.155,5252.684,8069.531,1976.812,4292.254,8360.865,1992.067,4399.357,8295.631,2014.702,4651.448,8207.558,1978.241,4659.203,8288.159,2030.728,4113.826,8392.044,1981.396,4757.729,8440.466,2020.255,4684.179,8232.057,2016.508,4376.024,8462.989,1968.176,4235.653,7929.283,2008.945,4380.929,8578.101,1966.29,4803.425
8722.984,1975.98,4753.627,8517.188,1966.141,4889.602,8407.096,1955.12,4476.165,8512.039,1951.155,5254.714,8067.484,1976.812,4292.736,8361.564,1992.067,4401.34,8294.367,2014.702,4653.128,8206.24,1978.241,4660.841,8286.067,2030.728,4114.042,8391.953,1981.396,4759.829,8440.806,2020.255,4686.253,8231.714,2016.508,4378.098,8460.962,1968.176,4236.21,7927.625,2008.945,4382.221,8577.265,1966.29,4805.354
8723.859,1975.98,4755.814,8517.372,1966.141,4891.95,8407.797,1955.12,4478.413,8511.354,1951.155,5256.968,8065.211,1976.812,4293.351,8362.274,1992.067,4403.586,8293.014,2014.702,4655.056,8204.825,1978.241,4662.725,8283.733,2030.728,4114.361,8391.929,1981.396,4762.184,8441.11,2020.255,4688.589,8231.406,2016.508,4380.433,8458.713,1968.176,4236.909,7925.815,2008.945,4383.729,8576.399,1966.29,4807.545
8724.662,1975.98,4758.028,8517.479,1966.141,4894.303,8408.424,1955.12,4480.683,8510.595,1951.155,5259.197,8062.958,1976.812,4294.04,8362.91,1992.067,4405.854,8291.725,2014.702,4657.027,8203.473,1978.241,4664.653,8281.411,2030.728,4114.756,8391.981,1981.396,4764.539,8441.339,2020.255,4690.933,8231.175,2016.508,4382.776,8456.487,1968.176,4237.68,7924.056,2008.945,4385.295,8575.606,1966.29,4809.763
8725.392,1975.98,4760.265,8517.508,1966.141,4896.656,8408.976,1955.12,4482.97,8509.764,1951.155,5261.398,8060.732,1976.812,4294.801,8363.471,1992.067,4408.138,8290.502,2014.702,4659.037,8202.186,1978.241,4666.622,8279.106,2030.728,4115.227,8392.11,1981.396,4766.888,8441.568,2020.255,4693.274,8231.021,2016.508,4385.124,8454.291,1968.176,4238.523,7922.351,2008.945,4386.916,8574.888,1966.29,4812.002
8726.049,1975.98,4762.528,8517.46,1966.141,4899.012,8409.52,1955.12,4485.264,8508.859,1951.155,5263.575,8058.529,1976.812,4295.636,8364.055,1992.067,4410.421,8289.344,2014.702,4661.089,8200.962,1978.241,4668.636,8276.813,2030.728,4115.773,8392.264,1981.396,4769.239,8441.722,2020.255,4695.626,8230.942,2016.508,4387.479,8452.119,1968.176,4239.439,7920.696,2008.945,4388.594,8574.241,1966.29,4814.269
8727.059,1975.98,4766.489,8517.243,1966.141,4903.093,8410.331,1955.12,4489.269,8507.169,1951.155,5267.296,8054.756,1976.812,4297.209,8364.937,1992.067,4414.412,8287.452,2014.702,4664.712,8198.955,1978.241,4672.196,8272.871,2030.728,4116.85,8392.662,1981.396,4773.307,8441.567,2020.255,4699.71,8230.941,2016.508,4391.566,8448.407,1968.176,4241.15,7917.925,2008.945,4391.598,8573.173,1966.29,4818.214
8727.186,1975.98,4767.064,8517.21,1966.141,4903.681,8410.429,1955.12,4489.85,8506.908,1951.155,5267.824,8054.221,1976.812,4297.453,8365.091,1992.067,4414.98,8287.197,2014.702,4665.243,8198.683,1978.241,4672.718,8272.309,2030.728,4117.024,8392.697,1981.396,4773.895,8441.564,2020.255,4700.299,8230.961,2016.508,4392.155,8447.881,1968.176,4241.415,7917.54,2008.945,4392.043,8573.037,1966.29,4818.787
8727.659,1975.98,4769.605,8517.073,1966.141,4906.263,8411.107,1955.12,4492.344,8505.688,1951.155,5270.103,8051.905,1976.812,4298.602,8365.685,1992.067,4417.497,8286.153,2014.702,4667.608,8197.563,1978.241,4675.049,8269.864,2030.728,4117.867,8392.938,1981.396,4776.469,8441.637,2020.255,4702.883,8231.129,2016.508,4394.735,8445.608,1968.176,4242.648,7915.914,2008.945,4394.054,8572.12,1966.29,4821.204
8728.493,1975.98,4773.388,8516.986,1966.141,4910.134,8412.191,1955.12,4496.061,8503.858,1951.155,5273.517,8048.402,1976.812,4300.252,8366.69,1992.067,4421.236,8284.487,2014.702,4671.104,8195.783,1978.241,4678.488,8266.203,2030.728,4119.129,8393.176,1981.396,4780.334,8441.838,2020.255,4706.75,8231.257,2016.508,4398.605,8442.205,1968.176,4244.497,7913.4,2008.945,4397,8570.859,1966.29,4824.866
8728.93,1975.98,4775.099,8516.942,1966.141,4911.899,8412.715,1955.12,4497.747,8503.024,1951.155,5275.074,8046.789,1976.812,4300.969,8367.201,1992.067,4422.926,8283.682,2014.702,4672.674,8194.926,1978.241,4680.032,8264.534,2030.728,4119.705,8393.229,1981.396,4782.099,8441.973,2020.255,4708.51,8231.258,2016.508,4400.371,8440.653,1968.176,4245.339,7912.22,2008.945,4398.313,8570.337,1966.29,4826.552
8729.234,1975.98,4776.149,8516.947,1966.141,4912.993,8413.056,1955.12,4498.785,8502.508,1951.155,5276.038,8045.78,1976.812,4301.389,8367.55,1992.067,4423.962,8283.154,2014.702,4673.632,8194.367,1978.241,4680.972,8263.5,2030.728,4120.062,8393.229,1981.396,4783.192,8442.084,2020.255,4709.598,8231.224,2016.508,4401.464,8439.692,1968.176,4245.861,7911.47,2008.945,4399.108,8570.046,1966.29,4827.606
8730.068,1975.98,4778.709,8517.037,1966.141,4915.684,8413.935,1955.12,4501.33,8501.236,1951.155,5278.412,8043.269,1976.812,4302.36,8368.488,1992.067,4426.487,8281.787,2014.702,4675.952,8192.924,1978.241,4683.245,8260.954,2030.728,4120.939,8393.141,1981.396,4785.883,8442.425,2020.255,4712.269,8231.053,2016.508,4404.151,8437.325,1968.176,4247.146,7909.579,2008.945,4401.024,8569.409,1966.29,4830.223
8731.442,1975.98,4782.502,8516.992,1966.141,4919.715,8415.308,1955.12,4505.121,8499.332,1951.155,5281.967,8039.47,1976.812,4303.714,8370.011,1992.067,4430.222,8279.638,2014.702,4679.365,8190.665,1978.241,4686.586,8257.141,2030.728,4122.254,8392.884,1981.396,4789.909,8443.038,2020.255,4716.255,8230.667,2016.508,4408.167,8433.78,1968.176,4249.071,7906.688,2008.945,4403.836,8568.578,1966.29,4834.17
8732.317,1975.98,4784.69,8517.036,1966.141,4922.071,8416.14,1955.12,4507.324,8498.219,1951.155,5284.044,8037.229,1976.812,4304.444,8370.968,1992.067,4432.375,8278.323,2014.702,4681.32,8189.289,1978.241,4688.499,8254.913,2030.728,4123.022,8392.66,1981.396,4792.254,8443.457,2020.255,4718.573,8230.366,2016.508,4410.504,8431.709,1968.176,4250.196,7904.97,2008.945,4405.448,8568.164,1966.29,4836.49
8732.776,1975.98,4785.737,8517.09,1966.141,4923.213,8416.557,1955.12,4508.388,8497.679,1951.155,5285.052,8036.133,1976.812,4304.768,8371.465,1992.067,4433.404,8277.658,2014.702,4682.25,8188.595,1978.241,4689.407,8253.833,2030.728,4123.395,8392.516,1981.396,4793.388,8443.689,2020.255,4719.692,8230.184,2016.508,4411.632,8430.704,1968.176,4250.741,7904.125,2008.945,4406.217,8567.998,1966.29,4837.621
8733.2,1975.98,4786.798,8517.119,1966.141,4924.355,8416.939,1955.12,4509.464,8497.106,1951.155,5286.041,8035.048,1976.812,4305.126,8371.928,1992.067,4434.449,8277.023,2014.702,4683.2,8187.931,1978.241,4690.337,8252.766,2030.728,4123.803,8392.409,1981.396,4794.526,8443.908,2020.255,4720.813,8230.038,2016.508,4412.766,8429.718,1968.176,4251.319,7903.306,2008.945,4407.013,8567.869,1966.29,4838.756
8734.324,1975.98,4789.901,8517.097,1966.141,4927.656,8417.941,1955.12,4512.609,8495.361,1951.155,5288.842,8031.95,1976.812,4306.265,8373.165,1992.067,4437.509,8275.281,2014.702,4686.004,8186.103,1978.241,4693.085,8249.723,2030.728,4125.081,8392.208,1981.396,4797.82,8444.434,2020.255,4724.072,8229.726,2016.508,4416.051,8426.927,1968.176,4253.08,7901.016,2008.945,4409.39,8567.394,1966.29,4842.022
8734.928,1975.98,4791.756,8517.02,1966.141,4929.605,8418.604,1955.12,4514.443,8494.276,1951.155,5290.463,8030.143,1976.812,4306.998,8373.837,1992.067,4439.34,8274.307,2014.702,4687.693,8185.077,1978.241,4694.743,8247.95,2030.728,4125.894,8392.153,1981.396,4799.77,8444.681,2020.255,4726.007,8229.604,2016.508,4417.998,8425.313,1968.176,4254.174,7899.709,2008.945,4410.838,8567.176,1966.29,4843.96
8735.808,1975.98,4794.793,8516.791,1966.141,4932.759,8419.579,1955.12,4517.451,8492.432,1951.155,5293.032,8027.253,1976.812,4308.28,8374.901,1992.067,4442.318,8272.817,2014.702,4690.483,8183.501,1978.241,4697.485,8245.121,2030.728,4127.307,8392.168,1981.396,4802.932,8445.216,2020.255,4729.124,8229.512,2016.508,4421.158,8422.754,1968.176,4256.033,7897.669,2008.945,4413.253,8566.926,1966.29,4847.112
8736.25,1975.98,4796.531,8516.735,1966.141,4934.552,8420.076,1955.12,4519.175,8491.338,1951.155,5294.454,8025.638,1976.812,4309.061,8375.449,1992.067,4444.026,8272.024,2014.702,4692.092,8182.659,1978.241,4699.068,8243.543,2030.728,4128.16,8392.234,1981.396,4804.724,8445.461,2020.255,4730.9,8229.518,2016.508,4422.952,8421.338,1968.176,4257.134,7896.557,2008.945,4414.661,8566.726,1966.29,4848.895
8736.702,1975.98,4798.588,8516.68,1966.141,4936.657,8420.594,1955.12,4521.216,8490,1951.155,5296.08,8023.773,1976.812,4310.039,8376.027,1992.067,4446.051,8271.156,2014.702,4694.01,8181.731,1978.241,4700.959,8241.725,2030.728,4129.221,8392.382,1981.396,4806.825,8445.842,2020.255,4732.971,8229.594,2016.508,4425.057,8419.719,1968.176,4258.481,7895.306,2008.945,4416.354,8566.635,1966.29,4850.999
8737.151,1975.98,4801.004,8516.748,1966.141,4939.113,8421.119,1955.12,4523.617,8488.378,1951.155,5297.926,8021.636,1976.812,4311.251,8376.624,1992.067,4448.435,8270.217,2014.702,4696.281,8180.721,1978.241,4703.199,8239.644,2030.728,4130.529,8392.634,1981.396,4809.269,8446.207,2020.255,4735.401,8229.763,2016.508,4427.508,8417.882,1968.176,4260.113,7893.912,2008.945,4418.378,8566.728,1966.29,4853.455
8737.79,1975.98,4803.907,8516.913,1966.141,4942.081,8421.811,1955.12,4526.507,8486.416,1951.155,5300.159,8019.019,1976.812,4312.659,8377.435,1992.067,4451.294,8269.001,2014.702,4698.994,8179.42,1978.241,4705.872,8237.127,2030.728,4132.111,8392.845,1981.396,4812.234,8446.727,2020.255,4738.328,8229.871,2016.508,4430.479,8415.66,1968.176,4262.088,7892.162,2008.945,4420.78,8566.931,1966.29,4856.42
8738.194,1975.98,4805.494,8517.044,1966.141,4943.712,8422.221,1955.12,4528.091,8485.335,1951.155,5301.389,8017.559,1976.812,4313.399,8377.93,1992.067,4452.855,8268.288,2014.702,4700.467,8178.66,1978.241,4707.321,8235.741,2030.728,4132.982,8392.909,1981.396,4813.87,8447.056,2020.255,4739.931,8229.878,2016.508,4432.116,8414.437,1968.176,4263.175,7891.165,2008.945,4422.078,8567.093,1966.29,4858.049
8738.849,1975.98,4807.753,8517.274,1966.141,4946.053,8422.852,1955.12,4530.357,8483.782,1951.155,5303.157,8015.435,1976.812,4314.409,8378.71,1992.067,4455.074,8267.201,2014.702,4702.554,8177.507,1978.241,4709.372,8233.749,2030.728,4134.234,8392.929,1981.396,4816.222,8447.591,2020.255,4742.222,8229.812,2016.508,4434.468,8412.678,1968.176,4264.738,7889.688,2008.945,4423.909,8567.396,1966.29,4860.381
8739.578,1975.98,4809.995,8517.459,1966.141,4948.398,8423.521,1955.12,4532.616,8482.227,1951.155,5304.927,8013.28,1976.812,4315.364,8379.561,1992.067,4457.272,8266.051,2014.702,4704.611,8176.292,1978.241,4711.391,8231.754,2030.728,4135.488,8392.874,1981.396,4818.579,8448.189,2020.255,4744.501,8229.669,2016.508,4436.82,8410.916,1968.176,4266.304,7888.168,2008.945,4425.71,8567.772,1966.29,4862.708
8740.379,1975.98,4812.206,8517.671,1966.141,4950.74,8424.226,1955.12,4534.858,8480.674,1951.155,5306.694,8011.105,1976.812,4316.257,8380.478,1992.067,4459.438,8264.843,2014.702,4706.628,8175.021,1978.241,4713.37,8229.763,2030.728,4136.74,8392.745,1981.396,4820.927,8448.85,2020.255,4746.758,8229.451,2016.508,4439.162,8409.158,1968.176,4267.866,7886.617,2008.945,4427.477,8568.218,1966.29,4865.017
8741.327,1975.98,4814.582,8517.863,1966.141,4953.29,8425.028,1955.12,4537.286,8478.985,1951.155,5308.615,8008.713,1976.812,4317.162,8381.548,1992.067,4461.761,8263.465,2014.702,4708.783,8173.577,1978.241,4715.48,8227.598,2030.728,4138.101,8392.524,1981.396,4823.475,8449.635,2020.255,4749.191,8229.132,2016.508,4441.7,8407.246,1968.176,4269.565,7884.897,2008.945,4429.368,8568.778,1966.29,4867.513
8742.702,1975.98,4818.381,8518.299,1966.141,4957.307,8426.171,1955.12,4541.162,8476.419,1951.155,5311.737,8004.981,1976.812,4318.713,8383.117,1992.067,4465.485,8261.399,2014.702,4712.256,8171.405,1978.241,4718.888,8224.249,2030.728,4140.362,8392.308,1981.396,4827.51,8450.749,2020.255,4753.076,8228.76,2016.508,4445.724,8404.314,1968.176,4272.347,7882.277,2008.945,4432.445,8569.534,1966.29,4871.482
8743.431,1975.98,4820.62,8518.639,1966.141,4959.636,8427.025,1955.12,4543.354,8474.984,1951.155,5313.603,8002.839,1976.812,4319.687,8383.96,1992.067,4467.683,8260.264,2014.702,4714.318,8170.205,1978.241,4720.913,8222.343,2030.728,4141.743,8392.258,1981.396,4829.863,8451.324,2020.255,4755.358,8228.62,2016.508,4448.073,8402.661,1968.176,4274.022,7880.811,2008.945,4434.287,8569.898,1966.29,4873.808
8743.749,1975.98,4821.719,8518.767,1966.141,4960.773,8427.406,1955.12,4544.434,8474.317,1951.155,5314.532,8001.813,1976.812,4320.194,8384.334,1992.067,4468.764,8259.744,2014.702,4715.337,8169.654,1978.241,4721.916,8221.438,2030.728,4142.444,8392.271,1981.396,4831.007,8451.567,2020.255,4756.476,8228.59,2016.508,4449.217,8401.885,1968.176,4274.862,7880.128,2008.945,4435.205,8570.038,1966.29,4874.943
8743.982,1975.98,4822.636,8518.842,1966.141,4961.716,8427.691,1955.12,4545.335,8473.791,1951.155,5315.318,8000.98,1976.812,4320.642,8384.614,1992.067,4469.667,8259.343,2014.702,4716.194,8169.227,1978.241,4722.759,8220.71,2030.728,4143.047,8392.313,1981.396,4831.952,8451.738,2020.255,4757.407,8228.596,2016.508,4450.163,8401.266,1968.176,4275.578,7879.588,2008.945,4435.981,8570.123,1966.29,4875.886
8744.646,1975.98,4825.657,8518.986,1966.141,4964.806,8428.526,1955.12,4548.314,8472.155,1951.155,5317.944,7998.303,1976.812,4322.192,8385.729,1992.067,4472.553,8258.122,2014.702,4719.037,8167.918,1978.241,4725.563,8218.395,2030.728,4145.098,8392.552,1981.396,4835.037,8452.196,2020.255,4760.466,8228.715,2016.508,4453.254,8399.318,1968.176,4277.982,7877.908,2008.945,4438.579,8570.3,1966.29,4878.974
8745.076,1975.98,4827.972,8519.02,1966.141,4967.161,8429.088,1955.12,4550.601,8470.977,1951.155,5319.982,7996.305,1976.812,4323.438,8386.506,1992.067,4474.775,8257.265,2014.702,4721.229,8166.993,1978.241,4727.728,8216.684,2030.728,4146.716,8392.703,1981.396,4837.386,8452.469,2020.255,4762.805,8228.883,2016.508,4455.603,8397.897,1968.176,4279.859,7876.694,2008.945,4440.596,8570.357,1966.29,4881.328
8745.48,1975.98,4830.633,8518.97,1966.141,4969.852,8429.644,1955.12,4553.234,8469.705,1951.155,5322.354,7994.069,1976.812,4324.937,8387.31,1992.067,4477.344,8256.367,2014.702,4723.767,8166.017,1978.241,4730.236,8214.79,2030.728,4148.628,8392.688,1981.396,4840.078,8452.692,2020.255,4765.487,8229.162,2016.508,4458.28,8396.344,1968.176,4282.058,7875.382,2008.945,4442.947,8570.47,1966.29,4884.018
8745.739,1975.98,4832.816,8518.856,1966.141,4972.047,8430.027,1955.12,4555.399,8468.73,1951.155,5324.325,7992.284,1976.812,4326.219,8388.045,1992.067,4479.416,8255.702,2014.702,4725.862,8165.287,1978.241,4732.31,8213.295,2030.728,4150.24,8392.746,1981.396,4842.275,8452.803,2020.255,4767.683,8229.462,2016.508,4460.458,8395.135,1968.176,4283.894,7874.375,2008.945,4444.9,8570.489,1966.29,4886.216
8745.959,1975.98,4835.386,8518.592,1966.141,4974.612,8430.414,1955.12,4557.949,8467.664,1951.155,5326.673,7990.24,1976.812,4327.792,8388.828,1992.067,4481.873,8255.003,2014.702,4728.344,8164.511,1978.241,4734.769,8211.604,2030.728,4152.188,8392.811,1981.396,4844.854,8453.296,2020.255,4770.214,8229.794,2016.508,4463.015,8393.787,1968.176,4286.092,7873.268,2008.945,4447.229,8570.44,1966.29,4888.794
8746.075,1975.98,4837.583,8518.368,1966.141,4976.801,8430.814,1955.12,4560.112,8466.82,1951.155,5328.705,7988.542,1976.812,4329.19,8389.427,1992.067,4483.99,8254.476,2014.702,4730.48,8163.918,1978.241,4736.887,8210.217,2030.728,4153.895,8392.938,1981.396,4847.05,8453.646,2020.255,4772.386,8230.148,2016.508,4465.187,8392.699,1968.176,4288.005,7872.39,2008.945,4449.247,8570.326,1966.29,4890.991
8746.134,1975.98,4840.501,8518.167,1966.141,4979.713,8431.088,1955.12,4563.019,8465.79,1951.155,5331.436,7986.35,1976.812,4331.118,8390.129,1992.067,4486.823,8253.869,2014.702,4733.336,8163.224,1978.241,4739.722,8208.451,2030.728,4156.219,8392.938,1981.396,4849.969,8454.183,2020.255,4775.255,8230.713,2016.508,4468.05,8391.34,1968.176,4290.588,7871.313,2008.945,4451.959,8570.08,1966.29,4893.9
8746.103,1975.98,4842.99,8518.054,1966.141,4982.199,8431.163,1955.12,4565.506,8464.988,1951.155,5333.792,7984.536,1976.812,4332.821,8390.648,1992.067,4489.257,8253.433,2014.702,4735.786,8162.711,1978.241,4742.157,8207.012,2030.728,4158.249,8393.02,1981.396,4852.457,8454.561,2020.255,4777.715,8231.274,2016.508,4470.475,8390.254,1968.176,4292.827,7870.47,2008.945,4454.301,8569.789,1966.29,4896.372
8745.995,1975.98,4845.342,8518.095,1966.141,4984.553,8431.312,1955.12,4567.855,8464.303,1951.155,5336.044,7982.873,1976.812,4334.488,8391.064,1992.067,4491.575,8253.096,2014.702,4738.116,8162.302,1978.241,4744.476,8205.713,2030.728,4160.213,8393.174,1981.396,4854.806,8454.842,2020.255,4780.053,8231.758,2016.508,4472.779,8389.296,1968.176,4294.978,7869.746,2008.945,4456.542,8569.584,1966.29,4898.717
8745.812,1975.98,4847.69,8518.059,1966.141,4986.908,8431.537,1955.12,4570.2,8463.691,1951.155,5338.319,7981.266,1976.812,4336.209,8391.404,1992.067,4493.905,8252.835,2014.702,4740.457,8161.968,1978.241,4746.807,8204.479,2030.728,4162.219,8393.405,1981.396,4857.15,8455.047,2020.255,4782.399,8232.072,2016.508,4475.113,8388.409,1968.176,4297.16,7869.096,2008.945,4458.805,8569.455,1966.29,4901.069
8745.715,1975.98,4849.818,8518.09,1966.141,4989.039,8431.787,1955.12,4572.315,8463.138,1951.155,5340.376,7979.809,1976.812,4337.763,8391.776,1992.067,4496.003,8252.61,2014.702,4742.575,8161.603,1978.241,4748.906,8203.362,2030.728,4164.034,8393.547,1981.396,4859.276,8455.237,2020.255,4784.52,8232.288,2016.508,4477.233,8387.606,1968.176,4299.134,7868.446,2008.945,4460.834,8569.404,1966.29,4903.199
8745.693,1975.98,4851.456,8518.161,1966.141,4990.674,8432.013,1955.12,4573.937,8462.712,1951.155,5341.958,7978.686,1976.812,4338.954,8392.111,1992.067,4497.606,8252.447,2014.702,4744.204,8161.273,1978.241,4750.51,8202.504,2030.728,4165.429,8393.604,1981.396,4860.913,8455.388,2020.255,4786.15,8232.401,2016.508,4478.867,8386.989,1968.176,4300.651,7867.9,2008.945,4462.378,8569.415,1966.29,4904.836
8745.74,1975.98,4853.807,8518.244,1966.141,4993.024,8432.384,1955.12,4576.257,8462.102,1951.155,5344.229,7977.067,1976.812,4340.657,8392.663,1992.067,4499.892,8252.226,2014.702,4746.543,8160.731,1978.241,4752.798,8201.272,2030.728,4167.432,8393.611,1981.396,4863.264,8455.611,2020.255,4788.489,8232.488,2016.508,4481.216,8386.104,1968.176,4302.829,7867.053,2008.945,4464.571,8569.503,1966.29,4907.186
8745.894,1975.98,4856.731,8518.426,1966.141,4995.946,8432.902,1955.12,4579.139,8461.341,1951.155,5347.057,7975.038,1976.812,4342.767,8393.438,1992.067,4502.715,8251.968,2014.702,4749.459,8159.97,1978.241,4755.625,8199.738,2030.728,4169.926,8393.527,1981.396,4866.191,8455.899,2020.255,4791.402,8232.502,2016.508,4484.145,8385.001,1968.176,4305.542,7865.92,2008.945,4467.271,8569.702,1966.29,4910.108
8746.171,1975.98,4859.982,8518.576,1966.141,4999.205,8433.539,1955.12,4582.337,8460.493,1951.155,5350.208,7972.76,1976.812,4345.101,8394.399,1992.067,4505.833,8251.701,2014.702,4752.709,8159.027,1978.241,4758.749,8198.029,2030.728,4172.705,8393.331,1981.396,4869.447,8456.231,2020.255,4794.646,8232.411,2016.508,4487.406,8383.772,1968.176,4308.564,7864.575,2008.945,4470.243,8570.023,1966.29,4913.354
8746.394,1975.98,4861.866,8518.712,1966.141,5001.097,8433.942,1955.12,4584.19,8460,1951.155,5352.04,7971.422,1976.812,4346.444,8395.015,1992.067,4507.628,8251.559,2014.702,4754.6,8158.424,1978.241,4760.547,8197.035,2030.728,4174.321,8393.157,1981.396,4871.336,8456.433,2020.255,4796.532,8232.297,2016.508,4489.3,8383.058,1968.176,4310.322,7863.746,2008.945,4471.949,8570.268,1966.29,4915.236
8746.481,1975.98,4862.448,8518.728,1966.141,5001.684,8434.077,1955.12,4584.763,8459.848,1951.155,5352.608,7971.002,1976.812,4346.856,8395.223,1992.067,4508.178,8251.519,2014.702,4755.186,8158.22,1978.241,4761.099,8196.727,2030.728,4174.822,8393.085,1981.396,4871.92,8456.497,2020.255,4797.117,8232.242,2016.508,4489.886,8382.836,1968.176,4310.867,7863.476,2008.945,4472.472,8570.361,1966.29,4915.817
8747.254,1975.98,4866.616,8518.763,1966.141,5005.923,8435.111,1955.12,4588.873,8458.747,1951.155,5356.702,7967.939,1976.812,4349.784,8396.844,1992.067,4512.095,8251.26,2014.702,4759.415,8156.633,1978.241,4765.03,8194.506,2030.728,4178.433,8392.43,1981.396,4876.108,8456.983,2020.255,4801.326,8231.715,2016.508,4494.092,8381.239,1968.176,4314.794,7861.432,2008.945,4476.185,8571.161,1966.29,4919.979
8747.83,1975.98,4869.245,8518.82,1966.141,5008.613,8435.806,1955.12,4591.471,8458.048,1951.155,5359.3,7965.965,1976.812,4351.611,8397.95,1992.067,4514.548,8251.116,2014.702,4762.101,8155.551,1978.241,4767.493,8193.096,2030.728,4180.725,8391.93,1981.396,4878.752,8457.306,2020.255,4803.996,8231.294,2016.508,4496.75,8380.226,1968.176,4317.287,7860.081,2008.945,4478.511,8571.749,1966.29,4922.605
8748.244,1975.98,4870.875,8518.903,1966.141,5010.292,8436.262,1955.12,4593.089,8457.611,1951.155,5360.924,7964.711,1976.812,4352.73,8398.689,1992.067,4516.059,8251.04,2014.702,4763.78,8154.829,1978.241,4769.012,8192.215,2030.728,4182.157,8391.565,1981.396,4880.395,8457.517,2020.255,4805.664,8230.977,2016.508,4498.401,8379.592,1968.176,4318.845,7859.205,2008.945,4479.946,8572.166,1966.29,4924.234
8748.462,1975.98,4871.629,8518.961,1966.141,5011.075,8436.483,1955.12,4593.842,8457.407,1951.155,5361.682,7964.115,1976.812,4353.241,8399.057,1992.067,4516.752,8251.012,2014.702,4764.563,8154.471,1978.241,4769.71,8191.804,2030.728,4182.826,8391.371,1981.396,4881.155,8457.62,2020.255,4806.441,8230.804,2016.508,4499.167,8379.296,1968.176,4319.572,7858.784,2008.945,4480.608,8572.384,1966.29,4924.988
8749.599,1975.98,4875.13,8519.297,1966.141,5014.74,8437.566,1955.12,4597.358,8456.451,1951.155,5365.237,7961.271,1976.812,4355.576,8400.878,1992.067,4519.951,8250.911,2014.702,4768.242,8152.694,1978.241,4772.934,8189.875,2030.728,4185.961,8390.348,1981.396,4884.691,8458.129,2020.255,4810.085,8229.878,2016.508,4502.729,8377.909,1968.176,4322.982,7856.752,2008.945,4483.676,8573.51,1966.29,4928.493
8750.208,1975.98,4876.817,8519.479,1966.141,5016.522,8438.111,1955.12,4599.065,8455.985,1951.155,5366.968,7959.859,1976.812,4356.681,8401.813,1992.067,4521.48,8250.879,2014.702,4770.034,8151.781,1978.241,4774.477,8188.936,2030.728,4187.488,8389.795,1981.396,4886.396,8458.39,2020.255,4811.858,8229.371,2016.508,4504.449,8377.233,1968.176,4324.643,7855.741,2008.945,4485.156,8574.109,1966.29,4930.182
8751.08,1975.98,4879.004,8519.727,1966.141,5018.863,8438.848,1955.12,4601.301,8455.374,1951.155,5369.242,7957.97,1976.812,4358.085,8403.105,1992.067,4523.45,8250.861,2014.702,4772.387,8150.522,1978.241,4776.467,8187.702,2030.728,4189.494,8389.023,1981.396,4888.621,8458.751,2020.255,4814.184,8228.632,2016.508,4506.685,8376.347,1968.176,4326.825,7854.388,2008.945,4487.082,8574.93,1966.29,4932.388
8752.024,1975.98,4881.166,8519.979,1966.141,5021.207,8439.604,1955.12,4603.534,8454.762,1951.155,5371.521,7956.041,1976.812,4359.443,8404.461,1992.067,4525.381,8250.869,2014.702,4774.745,8149.203,1978.241,4778.422,8186.465,2030.728,4191.503,8388.206,1981.396,4890.833,8459.133,2020.255,4816.511,8227.819,2016.508,4508.9,8375.458,1968.176,4329.01,7853.013,2008.945,4488.998,8575.785,1966.29,4934.585
8753.038,1975.98,4883.293,8520.229,1966.141,5023.546,8440.376,1955.12,4605.76,8454.149,1951.155,5373.796,7954.079,1976.812,4360.747,8405.875,1992.067,4527.266,8250.903,2014.702,4777.1,8147.826,1978.241,4780.335,8185.23,2030.728,4193.511,8387.345,1981.396,4893.026,8459.536,2020.255,4818.832,8226.937,2016.508,4511.085,8374.57,1968.176,4331.193,7851.624,2008.945,4490.9,8576.674,1966.29,4936.767
8754.12,1975.98,4885.385,8520.479,1966.141,5025.887,8441.16,1955.12,4607.979,8453.538,1951.155,5376.07,7952.083,1976.812,4361.995,8407.347,1992.067,4529.104,8250.966,2014.702,4779.453,8146.395,1978.241,4782.204,8183.997,2030.728,4195.516,8386.441,1981.396,4895.199,8459.962,2020.255,4821.146,8225.984,2016.508,4513.238,8373.684,1968.176,4333.375,7850.225,2008.945,4492.792,8577.595,1966.29,4938.933
8755.27,1975.98,4887.44,8520.73,1966.141,5028.227,8441.955,1955.12,4610.194,8452.927,1951.155,5378.344,7950.051,1976.812,4363.185,8408.876,1992.067,4530.895,8251.058,2014.702,4781.805,8144.907,1978.241,4784.03,8182.763,2030.728,4197.522,8385.494,1981.396,4897.354,8460.413,2020.255,4823.457,8224.963,2016.508,4515.36,8372.797,1968.176,4335.556,7848.818,2008.945,4494.679,8578.55,1966.29,4941.084
8756.485,1975.98,4889.457,8520.981,1966.141,5030.567,8442.759,1955.12,4612.406,8452.315,1951.155,5380.619,7947.985,1976.812,4364.316,8410.461,1992.067,4532.637,8251.181,2014.702,4784.156,8143.366,1978.241,4785.811,8181.529,2030.728,4199.528,8384.505,1981.396,4899.491,8460.891,2020.255,4825.762,8223.873,2016.508,4517.448,8371.91,1968.176,4337.738,7847.406,2008.945,4496.562,8579.539,1966.29,4943.22
8758.281,1975.98,4892.226,8521.334,1966.141,5033.849,8443.894,1955.12,4615.504,8451.458,1951.155,5383.806,7945.045,1976.812,4365.815,8412.759,1992.067,4535.007,8251.399,2014.702,4787.448,8141.133,1978.241,4788.241,8179.8,2030.728,4202.339,8383.06,1981.396,4902.457,8461.601,2020.255,4828.984,8222.252,2016.508,4520.323,8370.667,1968.176,4340.795,7845.423,2008.945,4499.199,8580.973,1966.29,4946.192
8759.628,1975.98,4894.161,8521.509,1966.141,5036.2,8444.707,1955.12,4617.715,8450.846,1951.155,5386.083,7942.914,1976.812,4366.822,8414.437,1992.067,4536.663,8251.59,2014.702,4789.796,8139.487,1978.241,4789.928,8178.564,2030.728,4204.348,8382.08,1981.396,4904.601,8462.139,2020.255,4831.278,8221.094,2016.508,4522.377,8369.779,1968.176,4342.979,7844.008,2008.945,4501.083,8582.03,1966.29,4948.298
8761.036,1975.98,4896.049,8521.606,1966.141,5038.553,8445.521,1955.12,4619.924,8450.234,1951.155,5388.357,7940.755,1976.812,4367.763,8416.149,1992.067,4538.278,8251.816,2014.702,4792.14,8137.793,1978.241,4791.564,8177.331,2030.728,4206.354,8381.153,1981.396,4906.766,8462.708,2020.255,4833.563,8219.937,2016.508,4524.428,8368.893,1968.176,4345.161,7842.598,2008.945,4502.968,8583.12,1966.29,4950.385
8762.505,1975.98,4897.891,8521.627,1966.141,5040.908,8446.333,1955.12,4622.134,8449.623,1951.155,5390.632,7938.568,1976.812,4368.638,8417.901,1992.067,4539.852,8252.081,2014.702,4794.479,8136.051,1978.241,4793.149,8176.097,2030.728,4208.36,8380.277,1981.396,4908.952,8463.313,2020.255,4835.838,8218.779,2016.508,4526.48,8368.006,1968.176,4347.343,7841.192,2008.945,4504.856,8584.244,1966.29,4952.454
8764.281,1975.98,4899.974,8521.562,1966.141,5043.645,8447.273,1955.12,4624.703,8448.912,1951.155,5393.275,7935.996,1976.812,4369.576,8419.981,1992.067,4541.631,8252.434,2014.702,4797.192,8133.973,1978.241,4794.931,8174.663,2030.728,4210.691,8379.317,1981.396,4911.514,8464.057,2020.255,4838.471,8217.435,2016.508,4528.864,8366.975,1968.176,4349.879,7839.565,2008.945,4507.056,8585.59,1966.29,4954.836
8765.903,1975.98,4901.754,8521.426,1966.141,5046.049,8448.095,1955.12,4626.966,8448.287,1951.155,5395.601,7933.709,1976.812,4370.331,8421.851,1992.067,4543.149,8252.786,2014.702,4799.574,8132.099,1978.241,4796.443,8173.401,2030.728,4212.743,8378.521,1981.396,4913.787,8464.749,2020.255,4840.777,8216.252,2016.508,4530.962,8366.067,1968.176,4352.11,7838.142,2008.945,4508.997,8586.808,1966.29,4956.913
8766.313,1975.98,4902.176,8521.373,1966.141,5046.635,8448.293,1955.12,4627.519,8448.135,1951.155,5396.169,7933.145,1976.812,4370.497,8422.316,1992.067,4543.508,8252.883,2014.702,4800.154,8131.63,1978.241,4796.798,8173.093,2030.728,4213.244,8378.339,1981.396,4914.346,8464.928,2020.255,4841.337,8215.963,2016.508,4531.474,8365.846,1968.176,4352.655,7837.797,2008.945,4509.473,8587.113,1966.29,4957.415
8768.533,1975.98,4904.313,8520.998,1966.141,5049.694,8449.324,1955.12,4630.421,8447.334,1951.155,5399.145,7930.164,1976.812,4371.278,8424.807,1992.067,4545.322,8253.445,2014.702,4803.183,8129.122,1978.241,4798.588,8171.478,2030.728,4215.868,8377.44,1981.396,4917.292,8465.918,2020.255,4844.254,8214.449,2016.508,4534.158,8364.686,1968.176,4355.509,7836,2008.945,4511.974,8588.759,1966.29,4960.019
8770.443,1975.98,4906.037,8520.602,1966.141,5052.236,8450.174,1955.12,4632.849,8446.666,1951.155,5401.629,7927.656,1976.812,4371.851,8426.926,1992.067,4546.78,8253.964,2014.702,4805.702,8126.985,1978.241,4800.02,8170.13,2030.728,4218.06,8376.736,1981.396,4919.766,8466.791,2020.255,4846.673,8213.186,2016.508,4536.399,8363.717,1968.176,4357.893,7834.511,2008.945,4514.071,8590.169,1966.29,4962.169
8771.813,1975.98,4907.194,8520.268,1966.141,5053.997,8450.756,1955.12,4634.543,8446.2,1951.155,5403.36,7925.897,1976.812,4372.195,8428.43,1992.067,4547.754,8254.36,2014.702,4807.45,8125.467,1978.241,4800.973,8169.19,2030.728,4219.586,8376.276,1981.396,4921.498,8467.432,2020.255,4848.347,8212.305,2016.508,4537.96,8363.042,1968.176,4359.553,7833.483,2008.945,4515.539,8591.176,1966.29,4963.652
8774.108,1975.98,4909.008,8519.628,1966.141,5056.853,8451.689,1955.12,4637.316,8445.44,1951.155,5406.187,7923.008,1976.812,4372.666,8430.929,1992.067,4549.276,8255.065,2014.702,4810.289,8122.944,1978.241,4802.456,8167.657,2030.728,4222.079,8375.572,1981.396,4924.337,8468.533,2020.255,4851.058,8210.867,2016.508,4540.51,8361.939,1968.176,4362.265,7831.82,2008.945,4517.945,8592.86,1966.29,4966.044
8775.818,1975.98,4910.359,8519.083,1966.141,5058.962,8452.369,1955.12,4639.385,8444.875,1951.155,5408.291,7920.848,1976.812,4372.947,8432.821,1992.067,4550.356,8255.635,2014.702,4812.392,8121.034,1978.241,4803.504,8166.516,2030.728,4223.935,8375.081,1981.396,4926.459,8469.395,2020.255,4853.058,8209.797,2016.508,4542.408,8361.119,1968.176,4364.283,7830.596,2008.945,4519.747,8594.171,1966.29,4967.785
8777.793,1975.98,4911.92,8518.374,1966.141,5061.377,8453.136,1955.12,4641.781,8444.222,1951.155,5410.721,7918.343,1976.812,4373.193,8435.042,1992.067,4551.541,8256.346,2014.702,4814.805,8118.794,1978.241,4804.65,8165.197,2030.728,4226.079,8374.548,1981.396,4928.917,8470.439,2020.255,4855.347,8208.561,2016.508,4544.6,8360.171,1968.176,4366.615,7829.198,2008.945,4521.838,8595.747,1966.29,4969.747
8779.501,1975.98,4913.27,8517.692,1966.141,5063.445,8453.78,1955.12,4643.859,8443.656,1951.155,5412.823,7916.17,1976.812,4373.337,8436.992,1992.067,4552.509,8257.007,2014.702,4816.879,8116.828,1978.241,4805.584,8164.056,2030.728,4227.933,8374.114,1981.396,4931.05,8471.387,2020.255,4857.307,8207.491,2016.508,4546.497,8359.351,1968.176,4368.632,7828.004,2008.945,4523.657,8597.164,1966.29,4971.4
8781.027,1975.98,4914.476,8517.023,1966.141,5065.271,8454.339,1955.12,4645.722,8443.151,1951.155,5414.702,7914.226,1976.812,4373.403,8438.759,1992.067,4553.322,8257.64,2014.702,4818.718,8115.047,1978.241,4806.368,8163.037,2030.728,4229.59,8373.75,1981.396,4932.96,8472.272,2020.255,4859.039,8206.535,2016.508,4548.191,8358.618,1968.176,4370.434,7826.951,2008.945,4525.292,8598.476,1966.29,4972.836
8782.869,1975.98,4915.931,8516.145,1966.141,5067.448,8454.991,1955.12,4647.976,8442.542,1951.155,5416.969,7911.879,1976.812,4373.408,8440.919,1992.067,4554.241,8258.454,2014.702,4820.919,8112.873,1978.241,4807.251,8161.807,2030.728,4231.589,8373.335,1981.396,4935.27,8473.389,2020.255,4861.103,8205.382,2016.508,4550.236,8357.734,1968.176,4372.608,7825.698,2008.945,4527.275,8600.112,1966.29,4974.519
8785.335,1975.98,4917.879,8514.873,1966.141,5070.321,8455.832,1955.12,4651.001,8441.726,1951.155,5420.003,7908.738,1976.812,4373.314,8443.846,1992.067,4555.383,8259.614,2014.702,4823.838,8109.929,1978.241,4808.349,8160.16,2030.728,4234.266,8372.809,1981.396,4938.366,8474.948,2020.255,4863.83,8203.838,2016.508,4552.973,8356.551,1968.176,4375.519,7824.044,2008.945,4529.946,8602.373,1966.29,4976.701
8785.949,1975.98,4918.364,8514.533,1966.141,5071.026,8456.033,1955.12,4651.758,8441.522,1951.155,5420.759,7907.957,1976.812,4373.266,8444.583,1992.067,4555.646,8259.921,2014.702,4824.559,8109.188,1978.241,4808.601,8159.75,2030.728,4234.933,8372.684,1981.396,4939.138,8475.353,2020.255,4864.5,8203.453,2016.508,4553.654,8356.256,1968.176,4376.244,7823.639,2008.945,4530.615,8602.953,1966.29,4977.227
8789.118,1975.98,4920.868,8512.661,1966.141,5074.605,8457.024,1955.12,4655.671,8440.474,1951.155,5424.659,7903.937,1976.812,4372.886,8448.426,1992.067,4556.886,8261.592,2014.702,4828.234,8105.33,1978.241,4809.793,8157.634,2030.728,4238.373,8372.069,1981.396,4943.128,8477.524,2020.255,4867.904,8201.469,2016.508,4557.172,8354.734,1968.176,4379.985,7821.581,2008.945,4534.087,8606.029,1966.29,4979.844
8790.777,1975.98,4922.179,8511.62,1966.141,5076.446,8457.517,1955.12,4657.727,8439.925,1951.155,5426.701,7901.838,1976.812,4372.619,8450.457,1992.067,4557.474,8262.515,2014.702,4830.137,8103.292,1978.241,4810.36,8156.526,2030.728,4240.174,8371.76,1981.396,4945.219,8478.705,2020.255,4869.658,8200.43,2016.508,4559.014,8353.938,1968.176,4381.944,7820.522,2008.945,4535.917,8607.682,1966.29,4981.164
8792.055,1975.98,4923.188,8510.772,1966.141,5077.836,8457.875,1955.12,4659.314,8439.502,1951.155,5428.273,7900.23,1976.812,4372.362,8452.034,1992.067,4557.879,8263.262,2014.702,4831.583,8101.712,1978.241,4810.752,8155.673,2030.728,4241.561,8371.53,1981.396,4946.83,8479.648,2020.255,4870.985,8199.63,2016.508,4560.433,8353.324,1968.176,4383.453,7819.723,2008.945,4537.335,8608.985,1966.29,4982.139
8794.148,1975.98,4924.843,8509.31,1966.141,5080.068,8458.427,1955.12,4661.924,8438.809,1951.155,5430.851,7897.61,1976.812,4371.856,8454.638,1992.067,4558.463,8264.547,2014.702,4833.921,8099.106,1978.241,4811.322,8154.274,2030.728,4243.833,8371.165,1981.396,4949.472,8481.249,2020.255,4873.12,8198.319,2016.508,4562.757,8352.319,1968.176,4385.925,7818.438,2008.945,4539.673,8611.171,1966.29,4983.671
8796.454,1975.98,4926.665,8507.619,1966.141,5082.472,8458.994,1955.12,4664.807,8438.045,1951.155,5433.688,7894.745,1976.812,4371.207,8457.523,1992.067,4559.019,8266.028,2014.702,4836.458,8096.219,1978.241,4811.871,8152.735,2030.728,4246.336,8370.772,1981.396,4952.383,8483.072,2020.255,4875.424,8196.876,2016.508,4565.316,8351.213,1968.176,4388.647,7817.05,2008.945,4542.262,8613.628,1966.29,4985.282
8798.112,1975.98,4927.975,8506.46,1966.141,5084.239,8459.371,1955.12,4666.885,8437.496,1951.155,5435.729,7892.684,1976.812,4370.74,8459.61,1992.067,4559.354,8267.142,2014.702,4838.254,8094.133,1978.241,4812.208,8151.627,2030.728,4248.137,8370.429,1981.396,4954.468,8484.427,2020.255,4877.046,8195.838,2016.508,4567.157,8350.417,1968.176,4390.605,7816.052,2008.945,4544.125,8615.431,1966.29,4986.386
8799.468,1975.98,4929.046,8505.561,1966.141,5085.714,8459.653,1955.12,4668.589,8437.048,1951.155,5437.398,7890.999,1976.812,4370.358,8461.323,1992.067,4559.575,8268.091,2014.702,4839.697,8092.421,1978.241,4812.438,8150.722,2030.728,4249.608,8370.099,1981.396,4956.163,8485.568,2020.255,4878.343,8194.989,2016.508,4568.662,8349.767,1968.176,4392.205,7815.236,2008.945,4545.648,8616.931,1966.29,4987.242
8801.777,1975.98,4930.871,8504.109,1966.141,5088.275,8460.09,1955.12,4671.499,8436.283,1951.155,5440.241,7888.128,1976.812,4369.707,8464.253,1992.067,4559.861,8269.773,2014.702,4842.112,8089.495,1978.241,4812.751,8149.18,2030.728,4252.116,8369.453,1981.396,4959.035,8487.572,2020.255,4880.499,8193.543,2016.508,4571.227,8348.658,1968.176,4394.933,7813.846,2008.945,4548.243,8619.53,1966.29,4988.623
8803.053,1975.98,4931.878,8503.354,1966.141,5089.714,8460.305,1955.12,4673.109,8435.861,1951.155,5441.811,7886.543,1976.812,4369.348,8465.874,1992.067,4559.968,8270.738,2014.702,4843.419,8087.875,1978.241,4812.882,8148.328,2030.728,4253.5,8369.052,1981.396,4960.609,8488.71,2020.255,4881.659,8192.745,2016.508,4572.642,8348.046,1968.176,4396.438,7813.079,2008.945,4549.675,8620.987,1966.29,4989.341
8804.883,1975.98,4933.324,8502.339,1966.141,5091.814,8460.577,1955.12,4675.424,8435.256,1951.155,5444.063,7884.269,1976.812,4368.832,8468.205,1992.067,4560.05,8272.174,2014.702,4845.257,8085.547,1978.241,4813.01,8147.106,2030.728,4255.486,8368.41,1981.396,4962.851,8490.388,2020.255,4883.279,8191.6,2016.508,4574.673,8347.168,1968.176,4398.599,7811.978,2008.945,4551.731,8623.109,1966.29,4990.309
8808.056,1975.98,4935.831,8500.697,1966.141,5095.509,8460.983,1955.12,4679.445,8434.206,1951.155,5447.967,7880.325,1976.812,4367.938,8472.248,1992.067,4560.066,8274.65,2014.702,4848.451,8081.51,1978.241,4813.233,8144.988,2030.728,4258.93,8367.188,1981.396,4966.705,8493.372,2020.255,4886.006,8189.613,2016.508,4578.195,8345.646,1968.176,4402.344,7810.069,2008.945,4555.295,8626.837,1966.29,4991.875
8810.297,1975.98,4937.486,8499.648,1966.141,5098.09,8461.215,1955.12,4682.221,8433.482,1951.155,5450.658,7877.607,1976.812,4367.322,8475.033,1992.067,4559.99,8276.356,2014.702,4850.652,8078.728,1978.241,4813.386,8143.528,2030.728,4261.304,8366.269,1981.396,4969.335,8495.479,2020.255,4887.829,8188.244,2016.508,4580.623,8344.596,1968.176,4404.926,7808.753,2008.945,4557.751,8629.403,1966.29,4992.958
8811.449,1975.98,4938.28,8499.164,1966.141,5099.403,8461.307,1955.12,4683.617,8433.119,1951.155,5452.009,7876.243,1976.812,4367.013,8476.43,1992.067,4559.908,8277.215,2014.702,4851.756,8077.331,1978.241,4813.463,8142.795,2030.728,4262.495,8365.77,1981.396,4970.642,8496.563,2020.255,4888.714,8187.557,2016.508,4581.841,8344.068,1968.176,4406.222,7808.092,2008.945,4558.985,8630.691,1966.29,4993.502
8812.268,1975.98,4938.806,8498.856,1966.141,5100.325,8461.354,1955.12,4684.588,8432.866,1951.155,5452.948,7875.295,1976.812,4366.798,8477.398,1992.067,4559.821,8277.813,2014.702,4852.522,8076.36,1978.241,4813.517,8142.286,2030.728,4263.323,8365.396,1981.396,4971.54,8497.332,2020.255,4889.308,8187.08,2016.508,4582.688,8343.702,1968.176,4407.123,7807.633,2008.945,4559.842,8631.586,1966.29,4993.881
8815.188,1975.98,4940.549,8497.885,1966.141,5103.585,8461.46,1955.12,4687.986,8431.982,1951.155,5456.233,7871.978,1976.812,4366.046,8480.774,1992.067,4559.409,8279.919,2014.702,4855.191,8072.963,1978.241,4813.705,8140.503,2030.728,4266.221,8364.005,1981.396,4974.643,8500.082,2020.255,4891.309,8185.409,2016.508,4585.651,8342.421,1968.176,4410.273,7806.027,2008.945,4562.841,8634.716,1966.29,4995.209
8817.227,1975.98,4941.677,8497.29,1966.141,5105.837,8461.492,1955.12,4690.315,8431.377,1951.155,5458.482,7869.706,1976.812,4365.531,8483.077,1992.067,4559.055,8281.375,2014.702,4857.008,8070.637,1978.241,4813.833,8139.283,2030.728,4268.205,8362.992,1981.396,4976.741,8502.003,2020.255,4892.625,8184.264,2016.508,4587.68,8341.544,1968.176,4412.432,7804.927,2008.945,4564.894,8636.858,1966.29,4996.12
8818.073,1975.98,4942.11,8497.076,1966.141,5106.764,8461.488,1955.12,4691.266,8431.13,1951.155,5459.401,7868.778,1976.812,4365.321,8484.013,1992.067,4558.881,8281.978,2014.702,4857.744,8069.688,1978.241,4813.885,8138.784,2030.728,4269.015,8362.555,1981.396,4977.585,8502.803,2020.255,4893.141,8183.797,2016.508,4588.509,8341.186,1968.176,4413.313,7804.478,2008.945,4565.732,8637.733,1966.29,4996.492
8821.225,1975.98,4943.594,8496.397,1966.141,5110.181,8461.417,1955.12,4694.747,8430.226,1951.155,5462.765,7865.38,1976.812,4364.551,8487.415,1992.067,4558.136,8284.216,2014.702,4860.411,8066.209,1978.241,4814.077,8136.959,2030.728,4271.982,8360.867,1981.396,4980.631,8505.783,2020.255,4894.943,8182.085,2016.508,4591.543,8339.874,1968.176,4416.54,7802.833,2008.945,4568.803,8640.938,1966.29,4997.854
8822.71,1975.98,4944.236,8496.13,1966.141,5111.776,8461.355,1955.12,4696.363,8429.806,1951.155,5464.327,7863.802,1976.812,4364.193,8488.984,1992.067,4557.741,8285.275,2014.702,4861.633,8064.594,1978.241,4814.167,8136.111,2030.728,4273.36,8360.044,1981.396,4982.024,8507.191,2020.255,4895.74,8181.291,2016.508,4592.953,8339.265,1968.176,4418.039,7802.068,2008.945,4570.229,8642.426,1966.29,4998.487
8825.181,1975.98,4945.208,8495.71,1966.141,5114.398,8461.21,1955.12,4699.014,8429.116,1951.155,5466.892,7861.212,1976.812,4363.606,8491.538,1992.067,4557.011,8287.051,2014.702,4863.607,8061.942,1978.241,4814.313,8134.72,2030.728,4275.623,8358.63,1981.396,4984.272,8509.539,2020.255,4896.981,8179.986,2016.508,4595.266,8338.265,1968.176,4420.499,7800.814,2008.945,4572.57,8644.868,1966.29,4999.525
8828.289,1975.98,4946.316,8495.28,1966.141,5117.67,8460.974,1955.12,4702.304,8428.259,1951.155,5470.078,7857.994,1976.812,4362.876,8494.681,1992.067,4556.005,8289.308,2014.702,4866.014,8058.647,1978.241,4814.495,8132.991,2030.728,4278.433,8356.798,1981.396,4987.016,8512.499,2020.255,4898.439,8178.365,2016.508,4598.14,8337.021,1968.176,4423.556,7799.256,2008.945,4575.479,8647.903,1966.29,5000.816
8830.553,1975.98,4947.041,8494.971,1966.141,5120.027,8460.762,1955.12,4704.671,8427.642,1951.155,5472.374,7855.676,1976.812,4362.351,8496.921,1992.067,4555.21,8290.973,2014.702,4867.709,8056.273,1978.241,4814.625,8131.745,2030.728,4280.458,8355.523,1981.396,4989.021,8514.661,2020.255,4899.426,8177.197,2016.508,4600.21,8336.126,1968.176,4425.758,7798.134,2008.945,4577.574,8650.062,1966.29,5001.812
8831.11,1975.98,4947.199,8494.896,1966.141,5120.602,8460.7,1955.12,4705.248,8427.491,1951.155,5472.934,7855.11,1976.812,4362.223,8497.461,1992.067,4554.999,8291.39,2014.702,4868.113,8055.694,1978.241,4814.657,8131.441,2030.728,4280.952,8355.223,1981.396,4989.517,8515.195,2020.255,4899.652,8176.912,2016.508,4600.716,8335.907,1968.176,4426.296,7797.86,2008.945,4578.085,8650.581,1966.29,5002.071
8833.735,1975.98,4947.854,8494.543,1966.141,5123.285,8460.37,1955.12,4707.932,8426.788,1951.155,5475.546,7852.471,1976.812,4361.625,8499.948,1992.067,4553.935,8293.381,2014.702,4869.944,8052.993,1978.241,4814.806,8130.023,2030.728,4283.257,8353.868,1981.396,4991.858,8517.718,2020.255,4900.63,8175.583,2016.508,4603.072,8334.889,1968.176,4428.802,7796.582,2008.945,4580.47,8652.965,1966.29,5003.351
8836.002,1975.98,4948.342,8494.241,1966.141,5125.583,8460.051,1955.12,4710.228,8426.186,1951.155,5477.786,7850.21,1976.812,4361.112,8502.051,1992.067,4552.957,8295.129,2014.702,4871.467,8050.678,1978.241,4814.934,8128.809,2030.728,4285.232,8352.771,1981.396,4993.901,8519.896,2020.255,4901.422,8174.443,2016.508,4605.092,8334.016,1968.176,4430.95,7795.487,2008.945,4582.514,8654.974,1966.29,5004.509
8838.286,1975.98,4948.756,8493.938,1966.141,5127.886,8459.695,1955.12,4712.521,8425.582,1951.155,5480.028,7847.945,1976.812,4360.599,8504.124,1992.067,4551.912,8296.921,2014.702,4872.943,8048.359,1978.241,4815.062,8127.592,2030.728,4287.209,8351.736,1981.396,4995.979,8522.096,2020.255,4902.166,8173.303,2016.508,4607.114,8333.142,1968.176,4433.101,7794.391,2008.945,4584.561,8656.949,1966.29,5005.729
8841.417,1975.98,4949.324,8493.524,1966.141,5131.041,8459.161,1955.12,4715.656,8424.756,1951.155,5483.101,7844.842,1976.812,4359.896,8506.919,1992.067,4550.391,8299.434,2014.702,4874.894,8045.183,1978.241,4815.237,8125.925,2030.728,4289.919,8350.408,1981.396,4998.871,8525.132,2020.255,4903.115,8171.74,2016.508,4609.886,8331.943,1968.176,4436.048,7792.889,2008.945,4587.366,8659.638,1966.29,5007.428
8842.938,1975.98,4949.6,8493.323,1966.141,5132.573,8458.879,1955.12,4717.175,8424.354,1951.155,5484.593,7843.335,1976.812,4359.554,8508.253,1992.067,4549.61,8300.682,2014.702,4875.805,8043.639,1978.241,4815.322,8125.116,2030.728,4291.236,8349.807,1981.396,5000.294,8526.617,2020.255,4903.54,8170.98,2016.508,4611.232,8331.361,1968.176,4437.48,7792.159,2008.945,4588.728,8660.936,1966.29,5008.265
8845.326,1975.98,4950.033,8493.007,1966.141,5134.98,8458.401,1955.12,4719.554,8423.724,1951.155,5486.938,7840.967,1976.812,4359.017,8510.309,1992.067,4548.319,8302.684,2014.702,4877.178,8041.215,1978.241,4815.456,8123.844,2030.728,4293.304,8348.932,1981.396,5002.559,8528.967,2020.255,4904.149,8169.788,2016.508,4613.347,8330.447,1968.176,4439.729,7791.012,2008.945,4590.868,8662.963,1966.29,5009.598
8849.072,1975.98,4950.712,8492.511,1966.141,5138.755,8457.601,1955.12,4723.274,8422.734,1951.155,5490.614,7837.254,1976.812,4358.175,8513.468,1992.067,4546.194,8305.887,2014.702,4879.236,8037.414,1978.241,4815.666,8121.849,2030.728,4296.547,8347.669,1981.396,5006.15,8532.675,2020.255,4905.009,8167.918,2016.508,4616.663,8329.014,1968.176,4443.256,7789.214,2008.945,4594.224,8666.125,1966.29,5011.716
8850.782,1975.98,4951.022,8492.284,1966.141,5140.478,8457.211,1955.12,4724.967,8422.283,1951.155,5492.292,7835.559,1976.812,4357.791,8514.879,1992.067,4545.18,8307.377,2014.702,4880.13,8035.678,1978.241,4815.762,8120.938,2030.728,4298.027,8347.143,1981.396,5007.806,8534.377,2020.255,4905.357,8167.064,2016.508,4618.177,8328.359,1968.176,4444.866,7788.394,2008.945,4595.756,8667.56,1966.29,5012.695
8851.84,1975.98,4951.214,8492.145,1966.141,5141.544,8456.97,1955.12,4726.015,8422.004,1951.155,5493.331,7834.511,1976.812,4357.553,8515.752,1992.067,4544.553,8308.315,2014.702,4880.655,8034.605,1978.241,4815.821,8120.375,2030.728,4298.942,8346.848,1981.396,5008.839,8535.436,2020.255,4905.543,8166.537,2016.508,4619.113,8327.954,1968.176,4445.861,7787.886,2008.945,4596.703,8668.442,1966.29,5013.307
8855.233,1975.98,4951.83,8491.695,1966.141,5144.963,8456.197,1955.12,4729.375,8421.108,1951.155,5496.661,7831.147,1976.812,4356.791,8518.552,1992.067,4542.54,8311.376,2014.702,4882.245,8031.162,1978.241,4816.011,8118.568,2030.728,4301.88,8346.001,1981.396,5012.182,8538.847,2020.255,4906.049,8164.842,2016.508,4622.117,8326.655,1968.176,4449.056,7786.257,2008.945,4599.743,8671.26,1966.29,5015.293
8858.274,1975.98,4952.381,8491.293,1966.141,5148.027,8455.505,1955.12,4732.387,8420.306,1951.155,5499.646,7828.134,1976.812,4356.108,8521.061,1992.067,4540.736,8314.161,2014.702,4883.584,8028.076,1978.241,4816.181,8116.949,2030.728,4304.512,8345.33,1981.396,5015.198,8541.914,2020.255,4906.416,8163.324,2016.508,4624.808,8325.491,1968.176,4451.919,7784.798,2008.945,4602.467,8673.771,1966.29,5017.093
8859.122,1975.98,4952.535,8491.181,1966.141,5148.881,8455.312,1955.12,4733.227,8420.082,1951.155,5500.477,7827.294,1976.812,4355.917,8521.76,1992.067,4540.234,8314.948,2014.702,4883.933,8027.216,1978.241,4816.229,8116.498,2030.728,4305.246,8345.167,1981.396,5016.043,8542.771,2020.255,4906.494,8162.901,2016.508,4625.558,8325.167,1968.176,4452.717,7784.392,2008.945,4603.227,8674.466,1966.29,5017.6
8861.499,1975.98,4952.966,8490.866,1966.141,5151.276,8454.771,1955.12,4735.581,8419.455,1951.155,5502.81,7824.938,1976.812,4355.384,8523.721,1992.067,4538.824,8317.187,2014.702,4884.841,8024.805,1978.241,4816.362,8115.232,2030.728,4307.303,8344.776,1981.396,5018.427,8545.182,2020.255,4906.644,8161.715,2016.508,4627.662,8324.257,1968.176,4454.954,7783.251,2008.945,4605.355,8676.407,1966.29,5019.035
8864.288,1975.98,4953.472,8490.497,1966.141,5154.086,8454.136,1955.12,4738.343,8418.719,1951.155,5505.547,7822.174,1976.812,4354.757,8526.022,1992.067,4537.17,8319.845,2014.702,4885.825,8021.975,1978.241,4816.518,8113.748,2030.728,4309.717,8344.394,1981.396,5021.235,8548.014,2020.255,4906.738,8160.322,2016.508,4630.131,8323.189,1968.176,4457.58,7781.913,2008.945,4607.854,8678.673,1966.29,5020.736
8867.607,1975.98,4954.074,8490.058,1966.141,5157.432,8453.38,1955.12,4741.631,8417.843,1951.155,5508.805,7818.884,1976.812,4354.012,8528.762,1992.067,4535.201,8323.044,2014.702,4886.895,8018.606,1978.241,4816.704,8111.98,2030.728,4312.59,8344.024,1981.396,5024.588,8551.387,2020.255,4906.75,8158.665,2016.508,4633.069,8321.919,1968.176,4460.705,7780.319,2008.945,4610.828,8681.354,1966.29,5022.781
8869.781,1975.98,4954.468,8489.77,1966.141,5159.622,8452.885,1955.12,4743.784,8417.269,1951.155,5510.938,7816.729,1976.812,4353.523,8530.556,1992.067,4533.911,8325.16,2014.702,4887.529,8016.4,1978.241,4816.826,8110.823,2030.728,4314.472,8343.835,1981.396,5026.789,8553.595,2020.255,4906.692,8157.58,2016.508,4634.994,8321.087,1968.176,4462.751,7779.276,2008.945,4612.775,8683.1,1966.29,5024.134
8870.236,1975.98,4954.55,8489.709,1966.141,5160.081,8452.781,1955.12,4744.235,8417.148,1951.155,5511.385,7816.278,1976.812,4353.421,8530.932,1992.067,4533.641,8325.607,2014.702,4887.648,8015.938,1978.241,4816.851,8110.58,2030.728,4314.866,8343.806,1981.396,5027.25,8554.057,2020.255,4906.667,8157.352,2016.508,4635.397,8320.913,1968.176,4463.18,7779.058,2008.945,4613.184,8683.463,1966.29,5024.42
8873.335,1975.98,4955.112,8489.299,1966.141,5163.203,8452.076,1955.12,4747.304,8416.331,1951.155,5514.426,7813.207,1976.812,4352.725,8533.488,1992.067,4531.803,8328.675,2014.702,4888.359,8012.794,1978.241,4817.024,8108.93,2030.728,4317.548,8343.671,1981.396,5030.396,8557.193,2020.255,4906.396,8155.805,2016.508,4638.14,8319.728,1968.176,4466.097,7777.571,2008.945,4615.959,8685.921,1966.29,5026.387
8874.853,1975.98,4955.388,8489.098,1966.141,5164.732,8451.73,1955.12,4748.807,8415.931,1951.155,5515.916,7811.703,1976.812,4352.384,8534.74,1992.067,4530.903,8330.188,2014.702,4888.659,8011.254,1978.241,4817.109,8108.122,2030.728,4318.862,8343.632,1981.396,5031.937,8558.725,2020.255,4906.218,8155.047,2016.508,4639.483,8319.146,1968.176,4467.526,7776.843,2008.945,4617.319,8687.117,1966.29,5027.359
8877.143,1975.98,4955.803,8488.795,1966.141,5167.041,8451.209,1955.12,4751.075,8415.326,1951.155,5518.164,7809.433,1976.812,4351.869,8536.63,1992.067,4529.544,8332.484,2014.702,4889.04,8008.93,1978.241,4817.238,8106.902,2030.728,4320.845,8343.607,1981.396,5034.263,8561.027,2020.255,4905.878,8153.904,2016.508,4641.51,8318.27,1968.176,4469.682,7775.744,2008.945,4619.371,8688.911,1966.29,5028.84
8880.232,1975.98,4956.364,8488.386,1966.141,5170.154,8450.506,1955.12,4754.135,8414.511,1951.155,5521.196,7806.371,1976.812,4351.175,8539.18,1992.067,4527.711,8335.597,2014.702,4889.454,8005.795,1978.241,4817.411,8105.257,2030.728,4323.519,8343.611,1981.396,5037.402,8564.118,2020.255,4905.325,8152.361,2016.508,4644.245,8317.087,1968.176,4472.591,7774.261,2008.945,4622.139,8691.315,1966.29,5030.857
8882.577,1975.98,4956.789,8488.075,1966.141,5172.517,8450.033,1955.12,4756.47,8413.892,1951.155,5523.497,7804.047,1976.812,4350.648,8541.114,1992.067,4526.321,8337.96,2014.702,4889.746,8003.416,1978.241,4817.542,8104.009,2030.728,4325.549,8343.632,1981.396,5039.784,8566.449,2020.255,4904.833,8151.191,2016.508,4646.321,8316.189,1968.176,4474.798,7773.136,2008.945,4624.239,8693.127,1966.29,5032.404
8885.61,1975.98,4957.339,8487.674,1966.141,5175.573,8449.503,1955.12,4759.506,8413.091,1951.155,5526.474,7801.041,1976.812,4349.967,8543.617,1992.067,4524.521,8341.021,2014.702,4890.094,8000.338,1978.241,4817.712,8102.394,2030.728,4328.174,8343.672,1981.396,5042.864,8569.444,2020.255,4904.104,8149.677,2016.508,4649.006,8315.028,1968.176,4477.654,7771.68,2008.945,4626.957,8695.453,1966.29,5034.424
8886.456,1975.98,4957.493,8487.562,1966.141,5176.425,8449.378,1955.12,4760.357,8412.867,1951.155,5527.304,7800.202,1976.812,4349.777,8544.315,1992.067,4524.02,8341.876,2014.702,4890.182,7999.479,1978.241,4817.759,8101.943,2030.728,4328.907,8343.684,1981.396,5043.724,8570.272,2020.255,4903.875,8149.254,2016.508,4649.755,8314.704,1968.176,4478.45,7771.274,2008.945,4627.714,8696.097,1966.29,5034.994
8888.828,1975.98,4957.923,8487.247,1966.141,5178.816,8449.092,1955.12,4762.75,8412.241,1951.155,5529.632,7797.851,1976.812,4349.244,8546.273,1992.067,4522.612,8344.275,2014.702,4890.404,7997.072,1978.241,4817.892,8100.68,2030.728,4330.96,8343.716,1981.396,5046.133,8572.575,2020.255,4903.162,8148.07,2016.508,4651.855,8313.796,1968.176,4480.684,7770.136,2008.945,4629.84,8697.888,1966.29,5036.606
8892.284,1975.98,4958.55,8486.789,1966.141,5182.299,8448.77,1955.12,4766.248,8411.329,1951.155,5533.024,7794.425,1976.812,4348.467,8549.126,1992.067,4520.562,8347.775,2014.702,4890.689,7993.565,1978.241,4818.085,8098.84,2030.728,4333.953,8343.754,1981.396,5049.644,8575.931,2020.255,4902.122,8146.344,2016.508,4654.915,8312.473,1968.176,4483.938,7768.477,2008.945,4632.937,8700.498,1966.29,5038.957
8893.627,1975.98,4958.793,8486.611,1966.141,5183.651,8448.682,1955.12,4767.609,8410.975,1951.155,5534.342,7793.094,1976.812,4348.166,8550.233,1992.067,4519.766,8349.136,2014.702,4890.784,7992.203,1978.241,4818.161,8098.125,2030.728,4335.115,8343.761,1981.396,5051.008,8577.233,2020.255,4901.718,8145.674,2016.508,4656.103,8311.959,1968.176,4485.202,7767.833,2008.945,4634.139,8701.512,1966.29,5039.87
8894.744,1975.98,4958.996,8486.464,1966.141,5184.777,8448.64,1955.12,4768.744,8410.68,1951.155,5535.438,7791.987,1976.812,4347.915,8551.155,1992.067,4519.103,8350.269,2014.702,4890.85,7991.069,1978.241,4818.223,8097.53,2030.728,4336.082,8343.76,1981.396,5052.143,8578.317,2020.255,4901.382,8145.116,2016.508,4657.092,8311.531,1968.176,4486.253,7767.297,2008.945,4635.14,8702.355,1966.29,5040.629
8898.444,1975.98,4959.667,8485.974,1966.141,5188.505,8448.604,1955.12,4772.503,8409.703,1951.155,5539.069,7788.32,1976.812,4347.083,8554.208,1992.067,4516.908,8354.023,2014.702,4891.024,7987.315,1978.241,4818.43,8095.56,2030.728,4339.284,8343.733,1981.396,5055.901,8581.909,2020.255,4900.269,8143.269,2016.508,4660.367,8310.115,1968.176,4489.737,7765.521,2008.945,4638.454,8705.149,1966.29,5043.146
8900.353,1975.98,4960.013,8485.721,1966.141,5190.427,8448.639,1955.12,4774.441,8409.199,1951.155,5540.942,7786.429,1976.812,4346.655,8555.782,1992.067,4515.776,8355.96,2014.702,4891.09,7985.379,1978.241,4818.537,8094.544,2030.728,4340.936,8343.703,1981.396,5057.839,8583.762,2020.255,4899.694,8142.316,2016.508,4662.056,8309.385,1968.176,4491.533,7764.606,2008.945,4640.164,8706.591,1966.29,5044.443
8902.418,1975.98,4960.388,8485.447,1966.141,5192.509,8448.734,1955.12,4776.538,8408.654,1951.155,5542.969,7784.382,1976.812,4346.191,8557.486,1992.067,4514.551,8358.058,2014.702,4891.136,7983.283,1978.241,4818.653,8093.444,2030.728,4342.724,8343.651,1981.396,5059.937,8585.767,2020.255,4899.073,8141.285,2016.508,4663.885,8308.594,1968.176,4493.478,7763.615,2008.945,4642.014,8708.15,1966.29,5045.848
8904.913,1975.98,4960.84,8485.117,1966.141,5195.023,8448.92,1955.12,4779.066,8407.996,1951.155,5545.418,7781.909,1976.812,4345.63,8559.545,1992.067,4513.071,8360.592,2014.702,4891.158,7980.751,1978.241,4818.792,8092.116,2030.728,4344.883,8343.564,1981.396,5062.469,8588.188,2020.255,4898.322,8140.04,2016.508,4666.093,8307.639,1968.176,4495.827,7762.417,2008.945,4644.25,8710.035,1966.29,5047.544
8906.651,1975.98,4961.156,8484.887,1966.141,5196.775,8449.099,1955.12,4780.824,8407.537,1951.155,5547.125,7780.186,1976.812,4345.24,8560.979,1992.067,4512.04,8362.358,2014.702,4891.151,7978.987,1978.241,4818.89,8091.19,2030.728,4346.388,8343.485,1981.396,5064.234,8589.876,2020.255,4897.799,8139.171,2016.508,4667.632,8306.974,1968.176,4497.464,7761.583,2008.945,4645.807,8711.349,1966.29,5048.727
8908.931,1975.98,4961.569,8484.585,1966.141,5199.072,8449.397,1955.12,4783.121,8406.936,1951.155,5549.362,7777.926,1976.812,4344.728,8562.86,1992.067,4510.688,8364.674,2014.702,4891.111,7976.674,1978.241,4819.017,8089.976,2030.728,4348.361,8343.357,1981.396,5066.546,8592.089,2020.255,4897.113,8138.033,2016.508,4669.65,8306.102,1968.176,4499.61,7760.489,2008.945,4647.849,8713.07,1966.29,5050.277
8912.78,1975.98,4962.268,8484.075,1966.141,5202.951,8450.01,1955.12,4786.985,8405.919,1951.155,5553.14,7774.11,1976.812,4343.863,8566.037,1992.067,4508.404,8368.583,2014.702,4890.991,7972.767,1978.241,4819.232,8087.926,2030.728,4351.694,8343.122,1981.396,5070.451,8595.826,2020.255,4895.955,8136.111,2016.508,4673.058,8304.628,1968.176,4503.234,7758.642,2008.945,4651.298,8715.978,1966.29,5052.896
8913.799,1975.98,4962.452,8483.94,1966.141,5203.978,8450.2,1955.12,4788.002,8405.65,1951.155,5554.14,7773.101,1976.812,4343.634,8566.878,1992.067,4507.8,8369.617,2014.702,4890.945,7971.733,1978.241,4819.29,8087.384,2030.728,4352.576,8343.046,1981.396,5071.483,8596.815,2020.255,4895.648,8135.603,2016.508,4673.959,8304.238,1968.176,4504.194,7758.152,2008.945,4652.211,8716.747,1966.29,5053.588
8916.177,1975.98,4962.883,8483.626,1966.141,5206.375,8450.711,1955.12,4790.364,8405.022,1951.155,5556.474,7770.744,1976.812,4343.1,8568.841,1992.067,4506.389,8372.029,2014.702,4890.806,7969.32,1978.241,4819.423,8086.118,2030.728,4354.635,8342.84,1981.396,5073.89,8599.124,2020.255,4894.933,8134.415,2016.508,4676.064,8303.328,1968.176,4506.433,7757.011,2008.945,4654.341,8718.543,1966.29,5055.206
8918.297,1975.98,4963.268,8483.346,1966.141,5208.511,8451.225,1955.12,4792.457,8404.463,1951.155,5558.555,7768.642,1976.812,4342.624,8570.591,1992.067,4505.131,8374.178,2014.702,4890.651,7967.168,1978.241,4819.542,8084.989,2030.728,4356.47,8342.63,1981.396,5076.034,8601.182,2020.255,4894.295,8133.356,2016.508,4677.941,8302.517,1968.176,4508.429,7755.994,2008.945,4656.241,8720.145,1966.29,5056.647
8921.124,1975.98,4963.78,8482.972,1966.141,5211.359,8451.988,1955.12,4795.226,8403.717,1951.155,5561.329,7765.84,1976.812,4341.988,8572.924,1992.067,4503.455,8377.047,2014.702,4890.524,7964.3,1978.241,4819.7,8083.483,2030.728,4358.917,8342.35,1981.396,5078.893,8603.926,2020.255,4893.445,8131.945,2016.508,4680.444,8301.435,1968.176,4511.09,7754.637,2008.945,4658.773,8722.279,1966.29,5058.57
8922.862,1975.98,4964.096,8482.741,1966.141,5213.111,8452.505,1955.12,4796.915,8403.258,1951.155,5563.035,7764.117,1976.812,4341.598,8574.358,1992.067,4502.423,8378.813,2014.702,4890.495,7962.536,1978.241,4819.797,8082.558,2030.728,4360.422,8342.177,1981.396,5080.651,8605.613,2020.255,4892.922,8131.077,2016.508,4681.983,8300.77,1968.176,4512.727,7753.803,2008.945,4660.331,8723.593,1966.29,5059.752
8926.481,1975.98,4964.752,8482.262,1966.141,5216.758,8453.679,1955.12,4800.4,8402.303,1951.155,5566.587,7760.53,1976.812,4340.785,8577.345,1992.067,4500.276,8382.491,2014.702,4890.534,7958.863,1978.241,4820,8080.63,2030.728,4363.555,8341.817,1981.396,5084.312,8609.127,2020.255,4891.833,8129.271,2016.508,4685.187,8299.384,1968.176,4516.134,7752.066,2008.945,4663.573,8726.326,1966.29,5062.213
8927.502,1975.98,4964.937,8482.127,1966.141,5217.786,8454.037,1955.12,4801.373,8402.033,1951.155,5567.588,7759.519,1976.812,4340.556,8578.187,1992.067,4499.671,8383.527,2014.702,4890.573,7957.828,1978.241,4820.057,8080.087,2030.728,4364.438,8341.716,1981.396,5085.344,8610.117,2020.255,4891.526,8128.761,2016.508,4686.09,8298.993,1968.176,4517.094,7751.576,2008.945,4664.487,8727.097,1966.29,5062.907
8929.885,1975.98,4965.369,8481.812,1966.141,5220.188,8454.937,1955.12,4803.622,8401.404,1951.155,5569.927,7757.157,1976.812,4340.021,8580.153,1992.067,4498.258,8385.943,2014.702,4890.732,7955.41,1978.241,4820.19,8078.818,2030.728,4366.501,8341.479,1981.396,5087.754,8612.431,2020.255,4890.809,8127.571,2016.508,4688.199,8298.081,1968.176,4519.338,7750.433,2008.945,4666.622,8728.896,1966.29,5064.527
8934.042,1975.98,4966.123,8481.261,1966.141,5224.376,8456.614,1955.12,4807.499,8400.307,1951.155,5574.007,7753.037,1976.812,4339.086,8583.584,1992.067,4495.792,8390.149,2014.702,4891.124,7951.191,1978.241,4820.423,8076.604,2030.728,4370.1,8341.067,1981.396,5091.959,8616.467,2020.255,4889.558,8125.496,2016.508,4691.879,8296.49,1968.176,4523.252,7748.438,2008.945,4670.346,8732.036,1966.29,5067.354
8935.545,1975.98,4966.396,8481.062,1966.141,5225.891,8457.259,1955.12,4808.882,8399.91,1951.155,5575.482,7751.547,1976.812,4338.749,8584.824,1992.067,4494.9,8391.665,2014.702,4891.307,7949.667,1978.241,4820.507,8075.804,2030.728,4371.4,8340.918,1981.396,5093.479,8617.926,2020.255,4889.106,8124.746,2016.508,4693.209,8295.915,1968.176,4524.667,7747.716,2008.945,4671.692,8733.171,1966.29,5068.376
8936.002,1975.98,4966.479,8481.001,1966.141,5226.351,8457.467,1955.12,4809.298,8399.789,1951.155,5575.931,7751.094,1976.812,4338.646,8585.201,1992.067,4494.629,8392.124,2014.702,4891.375,7949.203,1978.241,4820.532,8075.561,2030.728,4371.796,8340.873,1981.396,5093.941,8618.369,2020.255,4888.968,8124.518,2016.508,4693.614,8295.74,1968.176,4525.097,7747.497,2008.945,4672.102,8733.516,1966.29,5068.687
8938.636,1975.98,4966.956,8480.652,1966.141,5229.005,8458.729,1955.12,4811.658,8399.094,1951.155,5578.516,7748.483,1976.812,4338.055,8587.375,1992.067,4493.067,8394.76,2014.702,4891.841,7946.53,1978.241,4820.68,8074.158,2030.728,4374.076,8340.612,1981.396,5096.605,8620.926,2020.255,4888.176,8123.203,2016.508,4695.945,8294.732,1968.176,4527.577,7746.233,2008.945,4674.461,8735.505,1966.29,5070.479
8940.925,1975.98,4967.371,8480.35,1966.141,5231.312,8459.884,1955.12,4813.677,8398.489,1951.155,5580.762,7746.214,1976.812,4337.541,8589.264,1992.067,4491.709,8397.038,2014.702,4892.308,7944.207,1978.241,4820.808,8072.939,2030.728,4376.058,8340.386,1981.396,5098.921,8623.147,2020.255,4887.487,8122.06,2016.508,4697.972,8293.856,1968.176,4529.732,7745.134,2008.945,4676.512,8737.233,1966.29,5072.035
8943.219,1975.98,4967.787,8480.046,1966.141,5233.624,8461.096,1955.12,4815.668,8397.884,1951.155,5583.014,7743.941,1976.812,4337.025,8591.156,1992.067,4490.348,8399.308,2014.702,4892.837,7941.879,1978.241,4820.936,8071.717,2030.728,4378.043,8340.158,1981.396,5101.241,8625.374,2020.255,4886.797,8120.915,2016.508,4700.002,8292.979,1968.176,4531.892,7744.033,2008.945,4678.567,8738.966,1966.29,5073.595
8946.357,1975.98,4968.356,8479.63,1966.141,5236.787,8462.828,1955.12,4818.347,8397.056,1951.155,5586.094,7740.83,1976.812,4336.32,8593.747,1992.067,4488.486,8402.393,2014.702,4893.647,7938.694,1978.241,4821.112,8070.046,2030.728,4380.761,8339.847,1981.396,5104.416,8628.421,2020.255,4885.853,8119.348,2016.508,4702.781,8291.777,1968.176,4534.847,7742.527,2008.945,4681.379,8741.337,1966.29,5075.73
8947.886,1975.98,4968.634,8479.428,1966.141,5238.327,8463.707,1955.12,4819.627,8396.652,1951.155,5587.595,7739.314,1976.812,4335.977,8595.009,1992.067,4487.58,8403.884,2014.702,4894.082,7937.143,1978.241,4821.197,8069.232,2030.728,4382.084,8339.695,1981.396,5105.962,8629.905,2020.255,4885.393,8118.584,2016.508,4704.134,8291.192,1968.176,4536.286,7741.793,2008.945,4682.749,8742.491,1966.29,5076.77
8950.094,1975.98,4969.034,8479.136,1966.141,5240.552,8465.027,1955.12,4821.441,8396.069,1951.155,5589.761,7737.126,1976.812,4335.481,8596.831,1992.067,4486.27,8406.02,2014.702,4894.768,7934.902,1978.241,4821.321,8068.056,2030.728,4383.995,8339.477,1981.396,5108.195,8632.049,2020.255,4884.729,8117.482,2016.508,4706.088,8290.348,1968.176,4538.365,7740.734,2008.945,4684.727,8744.158,1966.29,5078.271
8952.723,1975.98,4969.511,8478.788,1966.141,5243.2,8466.657,1955.12,4823.557,8395.376,1951.155,5592.341,7734.521,1976.812,4334.891,8599,1992.067,4484.711,8408.539,2014.702,4895.653,7932.235,1978.241,4821.468,8066.657,2030.728,4386.271,8339.216,1981.396,5110.854,8634.601,2020.255,4883.938,8116.17,2016.508,4708.415,8289.342,1968.176,4540.839,7739.473,2008.945,4687.082,8746.144,1966.29,5080.059
8955.233,1975.98,4969.966,8478.456,1966.141,5245.73,8468.235,1955.12,4825.56,8394.713,1951.155,5594.805,7732.033,1976.812,4334.327,8601.071,1992.067,4483.222,8410.922,2014.702,4896.563,7929.688,1978.241,4821.608,8065.32,2030.728,4388.443,8338.967,1981.396,5113.393,8637.058,2020.255,4883.251,8114.917,2016.508,4710.637,8288.381,1968.176,4543.203,7738.268,2008.945,4689.331,8748.039,1966.29,5081.766
8957.648,1975.98,4970.404,8478.137,1966.141,5248.163,8469.773,1955.12,4827.47,8394.075,1951.155,5597.174,7729.64,1976.812,4333.784,8603.063,1992.067,4481.79,8413.189,2014.702,4897.5,7927.237,1978.241,4821.744,8064.034,2030.728,4390.534,8338.728,1981.396,5115.835,8639.438,2020.255,4882.656,8113.711,2016.508,4712.774,8287.457,1968.176,4545.476,7737.109,2008.945,4691.494,8749.862,1966.29,5083.408
8960.277,1975.98,4970.881,8477.789,1966.141,5250.813,8471.471,1955.12,4829.533,8393.381,1951.155,5599.755,7727.034,1976.812,4333.193,8605.233,1992.067,4480.23,8415.63,2014.702,4898.586,7924.569,1978.241,4821.891,8062.634,2030.728,4392.81,8338.467,1981.396,5118.495,8642.046,2020.255,4882.078,8112.398,2016.508,4715.102,8286.45,1968.176,4547.952,7735.848,2008.945,4693.849,8751.848,1966.29,5085.196
8960.852,1975.98,4970.985,8477.713,1966.141,5251.391,8471.846,1955.12,4829.979,8393.229,1951.155,5600.318,7726.465,1976.812,4333.064,8605.707,1992.067,4479.89,8416.156,2014.702,4898.838,7923.987,1978.241,4821.923,8062.329,2030.728,4393.307,8338.41,1981.396,5119.075,8642.618,2020.255,4881.967,8112.112,2016.508,4715.61,8286.23,1968.176,4548.492,7735.572,2008.945,4694.363,8752.281,1966.29,5085.586
8963.878,1975.98,4971.534,8477.313,1966.141,5254.441,8473.887,1955.12,4832.28,8392.431,1951.155,5603.289,7723.465,1976.812,4332.384,8608.205,1992.067,4478.094,8418.895,2014.702,4900.238,7920.916,1978.241,4822.092,8060.717,2030.728,4395.927,8338.11,1981.396,5122.137,8645.638,2020.255,4881.38,8110.601,2016.508,4718.29,8285.072,1968.176,4551.342,7734.12,2008.945,4697.075,8754.567,1966.29,5087.644
8966.175,1975.98,4971.95,8477.009,1966.141,5256.755,8475.481,1955.12,4833.983,8391.824,1951.155,5605.542,7721.188,1976.812,4331.868,8610.101,1992.067,4476.732,8420.943,2014.702,4901.355,7918.585,1978.241,4822.221,8059.494,2030.728,4397.915,8337.883,1981.396,5124.459,8647.929,2020.255,4880.936,8109.454,2016.508,4720.323,8284.193,1968.176,4553.504,7733.018,2008.945,4699.132,8756.302,1966.29,5089.206
8968.58,1975.98,4972.386,8476.69,1966.141,5259.179,8477.199,1955.12,4835.721,8391.189,1951.155,5607.903,7718.805,1976.812,4331.328,8612.086,1992.067,4475.305,8423.057,2014.702,4902.583,7916.144,1978.241,4822.355,8058.213,2030.728,4399.997,8337.645,1981.396,5126.892,8650.328,2020.255,4880.47,8108.253,2016.508,4722.452,8283.272,1968.176,4555.769,7731.863,2008.945,4701.287,8758.118,1966.29,5090.842
8971.479,1975.98,4972.912,8476.307,1966.141,5262.099,8479.325,1955.12,4837.759,8390.425,1951.155,5610.748,7715.932,1976.812,4330.677,8614.478,1992.067,4473.586,8425.563,2014.702,4904.13,7913.203,1978.241,4822.518,8056.67,2030.728,4402.505,8337.357,1981.396,5129.823,8653.22,2020.255,4879.908,8106.807,2016.508,4725.018,8282.163,1968.176,4558.497,7730.473,2008.945,4703.883,8760.307,1966.29,5092.813
8973.185,1975.98,4973.221,8476.081,1966.141,5263.818,8480.607,1955.12,4838.925,8389.975,1951.155,5612.421,7714.242,1976.812,4330.293,8615.885,1992.067,4472.574,8427.013,2014.702,4905.08,7911.472,1978.241,4822.613,8055.762,2030.728,4403.982,8337.188,1981.396,5131.548,8654.921,2020.255,4879.578,8105.955,2016.508,4726.527,8281.51,1968.176,4560.103,7729.654,2008.945,4705.411,8761.595,1966.29,5093.972
8976.304,1975.98,4973.787,8475.668,1966.141,5266.961,8483.01,1955.12,4840.993,8389.151,1951.155,5615.483,7711.15,1976.812,4329.593,8618.459,1992.067,4470.724,8429.617,2014.702,4906.887,7908.307,1978.241,4822.788,8054.101,2030.728,4406.682,8336.879,1981.396,5134.704,8658.033,2020.255,4878.974,8104.398,2016.508,4729.289,8280.315,1968.176,4563.04,7728.157,2008.945,4708.206,8763.95,1966.29,5096.093
8978.674,1975.98,4974.217,8475.354,1966.141,5269.349,8484.876,1955.12,4842.514,8388.525,1951.155,5617.809,7708.801,1976.812,4329.061,8620.415,1992.067,4469.318,8431.558,2014.702,4908.312,7905.902,1978.241,4822.921,8052.839,2030.728,4408.733,8336.644,1981.396,5137.101,8660.397,2020.255,4878.515,8103.215,2016.508,4731.386,8279.408,1968.176,4565.271,7727.02,2008.945,4710.329,8765.74,1966.29,5097.705
8981.746,1975.98,4974.774,8474.948,1966.141,5272.444,8487.348,1955.12,4844.421,8387.715,1951.155,5620.824,7705.756,1976.812,4328.37,8622.95,1992.067,4467.496,8434.023,2014.702,4910.227,7902.784,1978.241,4823.093,8051.204,2030.728,4411.393,8336.339,1981.396,5140.208,8663.463,2020.255,4877.919,8101.681,2016.508,4734.106,8278.232,1968.176,4568.163,7725.545,2008.945,4713.081,8768.061,1966.29,5099.794
8982.603,1975.98,4974.929,8474.835,1966.141,5273.307,8488.05,1955.12,4844.934,8387.489,1951.155,5621.664,7704.908,1976.812,4328.178,8623.656,1992.067,4466.988,8434.696,2014.702,4910.778,7901.916,1978.241,4823.141,8050.748,2030.728,4412.134,8336.254,1981.396,5141.074,8664.317,2020.255,4877.753,8101.254,2016.508,4734.864,8277.904,1968.176,4568.969,7725.135,2008.945,4713.848,8768.707,1966.29,5100.376
8985.673,1975.98,4975.486,8474.429,1966.141,5276.401,8490.618,1955.12,4846.706,8386.679,1951.155,5624.678,7701.864,1976.812,4327.488,8626.19,1992.067,4465.166,8437.055,2014.702,4912.821,7898.799,1978.241,4823.313,8049.113,2030.728,4414.792,8335.949,1981.396,5144.18,8667.381,2020.255,4877.159,8099.721,2016.508,4737.582,8276.729,1968.176,4571.86,7723.661,2008.945,4716.599,8771.026,1966.29,5102.465
8987.725,1975.98,4975.858,8474.157,1966.141,5278.468,8492.365,1955.12,4847.843,8386.137,1951.155,5626.691,7699.831,1976.812,4327.027,8627.884,1992.067,4463.949,8438.594,2014.702,4914.227,7896.717,1978.241,4823.427,8048.021,2030.728,4416.568,8335.746,1981.396,5146.255,8669.428,2020.255,4876.761,8098.696,2016.508,4739.398,8275.943,1968.176,4573.792,7722.677,2008.945,4718.437,8772.576,1966.29,5103.86
8989.542,1975.98,4976.188,8473.917,1966.141,5280.299,8493.939,1955.12,4848.808,8385.657,1951.155,5628.474,7698.03,1976.812,4326.619,8629.384,1992.067,4462.871,8439.923,2014.702,4915.509,7894.874,1978.241,4823.529,8047.053,2030.728,4418.142,8335.565,1981.396,5148.093,8671.24,2020.255,4876.409,8097.789,2016.508,4741.006,8275.248,1968.176,4575.502,7721.805,2008.945,4720.065,8773.948,1966.29,5105.096
8992.064,1975.98,4976.646,8473.583,1966.141,5282.841,8496.159,1955.12,4850.089,8384.991,1951.155,5630.95,7695.53,1976.812,4326.052,8631.465,1992.067,4461.375,8441.719,2014.702,4917.337,7892.314,1978.241,4823.67,8045.709,2030.728,4420.325,8335.315,1981.396,5150.644,8673.757,2020.255,4875.92,8096.53,2016.508,4743.239,8274.282,1968.176,4577.877,7720.594,2008.945,4722.325,8775.854,1966.29,5106.811
8993.824,1975.98,4976.965,8473.35,1966.141,5284.614,8497.731,1955.12,4850.94,8384.526,1951.155,5632.677,7693.786,1976.812,4325.657,8632.917,1992.067,4460.331,8442.938,2014.702,4918.646,7890.528,1978.241,4823.769,8044.772,2030.728,4421.849,8335.141,1981.396,5152.424,8675.513,2020.255,4875.58,8095.651,2016.508,4744.797,8273.608,1968.176,4579.534,7719.75,2008.945,4723.901,8777.183,1966.29,5108.008
8997.82,1975.98,4977.689,8472.82,1966.141,5288.64,8501.353,1955.12,4852.778,8383.472,1951.155,5636.598,7689.825,1976.812,4324.759,8636.215,1992.067,4457.961,8445.623,2014.702,4921.69,7886.474,1978.241,4823.992,8042.645,2030.728,4425.308,8334.744,1981.396,5156.465,8679.499,2020.255,4874.806,8093.656,2016.508,4748.334,8272.079,1968.176,4583.295,7717.833,2008.945,4727.48,8780.2,1966.29,5110.725
8999.937,1975.98,4978.073,8472.54,1966.141,5290.772,8503.296,1955.12,4853.699,8382.913,1951.155,5638.675,7687.728,1976.812,4324.284,8637.961,1992.067,4456.706,8447.001,2014.702,4923.341,7884.326,1978.241,4824.111,8041.518,2030.728,4427.139,8334.534,1981.396,5158.605,8681.61,2020.255,4874.396,8092.6,2016.508,4750.207,8271.27,1968.176,4585.288,7716.817,2008.945,4729.376,8781.798,1966.29,5112.164
9000.398,1975.98,4978.157,8472.479,1966.141,5291.238,8503.726,1955.12,4853.888,8382.791,1951.155,5639.128,7687.27,1976.812,4324.18,8638.342,1992.067,4456.432,8447.292,2014.702,4923.709,7883.857,1978.241,4824.137,8041.271,2030.728,4427.539,8334.488,1981.396,5159.073,8682.071,2020.255,4874.307,8092.369,2016.508,4750.616,8271.093,1968.176,4585.723,7716.595,2008.945,4729.79,8782.146,1966.29,5112.478
9003.755,1975.98,4978.766,8472.034,1966.141,5294.62,8506.882,1955.12,4855.181,8381.905,1951.155,5642.423,7683.943,1976.812,4323.426,8641.112,1992.067,4454.44,8449.333,2014.702,4926.441,7880.451,1978.241,4824.325,8039.484,2030.728,4430.445,8334.155,1981.396,5162.468,8685.42,2020.255,4873.656,8090.693,2016.508,4753.588,8269.808,1968.176,4588.883,7714.984,2008.945,4732.797,8784.682,1966.29,5114.761
9005.462,1975.98,4979.076,8471.809,1966.141,5296.34,8508.505,1955.12,4855.794,8381.455,1951.155,5644.099,7682.25,1976.812,4323.042,8642.521,1992.067,4453.428,8450.333,2014.702,4927.859,7878.719,1978.241,4824.42,8038.575,2030.728,4431.923,8333.986,1981.396,5164.195,8687.123,2020.255,4873.326,8089.841,2016.508,4755.099,8269.154,1968.176,4590.49,7714.165,2008.945,4734.327,8785.971,1966.29,5115.922
9008.152,1975.98,4979.563,8471.452,1966.141,5299.051,8511.087,1955.12,4856.692,8380.745,1951.155,5646.739,7679.584,1976.812,4322.438,8644.741,1992.067,4451.832,8451.848,2014.702,4930.134,7875.989,1978.241,4824.571,8037.142,2030.728,4434.251,8333.72,1981.396,5166.916,8689.807,2020.255,4872.805,8088.498,2016.508,4757.48,8268.125,1968.176,4593.023,7712.874,2008.945,4736.737,8788.002,1966.29,5117.751
9009.469,1975.98,4979.802,8471.278,1966.141,5300.377,8512.361,1955.12,4857.097,8380.397,1951.155,5648.03,7678.279,1976.812,4322.142,8645.827,1992.067,4451.051,8452.558,2014.702,4931.268,7874.656,1978.241,4824.686,8036.441,2030.728,4435.391,8333.589,1981.396,5168.247,8691.12,2020.255,4872.55,8087.84,2016.508,4758.646,8267.621,1968.176,4594.262,7712.205,2008.945,4737.896,8788.996,1966.29,5118.646
9012.687,1975.98,4980.386,8470.853,1966.141,5303.62,8515.504,1955.12,4858.001,8379.548,1951.155,5651.188,7675.09,1976.812,4321.418,8648.482,1992.067,4449.143,8454.218,2014.702,4934.084,7871.409,1978.241,4825.07,8034.728,2030.728,4438.176,8333.27,1981.396,5171.501,8694.331,2020.255,4871.926,8086.234,2016.508,4761.494,8266.39,1968.176,4597.292,7710.478,2008.945,4740.673,8791.427,1966.29,5120.835
9014.602,1975.98,4980.733,8470.599,1966.141,5305.549,8517.388,1955.12,4858.488,8379.042,1951.155,5653.068,7673.191,1976.812,4320.988,8650.063,1992.067,4448.006,8455.16,2014.702,4935.788,7869.484,1978.241,4825.359,8033.708,2030.728,4439.834,8333.08,1981.396,5173.438,8696.242,2020.255,4871.555,8085.278,2016.508,4763.189,8265.656,1968.176,4599.095,7709.397,2008.945,4742.292,8792.873,1966.29,5122.137
9017.711,1975.98,4981.297,8470.187,1966.141,5308.683,8520.468,1955.12,4859.194,8378.222,1951.155,5656.12,7670.109,1976.812,4320.29,8652.629,1992.067,4446.162,8456.613,2014.702,4938.594,7866.375,1978.241,4825.926,8032.052,2030.728,4442.526,8332.771,1981.396,5176.583,8699.345,2020.255,4870.953,8083.726,2016.508,4765.942,8264.466,1968.176,4602.023,7707.559,2008.945,4744.862,8795.222,1966.29,5124.252
9019.465,1975.98,4981.615,8469.954,1966.141,5310.45,8522.216,1955.12,4859.545,8377.759,1951.155,5657.841,7668.371,1976.812,4319.896,8654.076,1992.067,4445.121,8457.389,2014.702,4940.199,7864.632,1978.241,4826.301,8031.118,2030.728,4444.044,8332.598,1981.396,5178.358,8701.095,2020.255,4870.613,8082.85,2016.508,4767.495,8263.794,1968.176,4603.674,7706.475,2008.945,4746.278,8796.547,1966.29,5125.445
9022.335,1975.98,4982.136,8469.574,1966.141,5313.342,8525.09,1955.12,4860.04,8377.001,1951.155,5660.658,7665.526,1976.812,4319.25,8656.444,1992.067,4443.418,8458.585,2014.702,4942.859,7861.801,1978.241,4827.004,8029.59,2030.728,4446.529,8332.313,1981.396,5181.261,8703.958,2020.255,4870.057,8081.417,2016.508,4770.036,8262.695,1968.176,4606.376,7704.629,2008.945,4748.536,8798.715,1966.29,5127.397
9024.09,1975.98,4982.454,8469.342,1966.141,5315.111,8526.854,1955.12,4860.294,8376.538,1951.155,5662.38,7663.787,1976.812,4318.856,8657.893,1992.067,4442.377,8459.271,2014.702,4944.505,7860.085,1978.241,4827.488,8028.655,2030.728,4448.048,8332.14,1981.396,5183.036,8705.709,2020.255,4869.717,8080.541,2016.508,4771.589,8262.023,1968.176,4608.029,7703.456,2008.945,4749.88,8800.04,1966.29,5128.59
9026.955,1975.98,4982.974,8468.963,1966.141,5317.999,8529.747,1955.12,4860.63,8375.781,1951.155,5665.193,7660.946,1976.812,4318.212,8660.258,1992.067,4440.677,8460.316,2014.702,4947.223,7857.309,1978.241,4828.368,8027.129,2030.728,4450.529,8331.855,1981.396,5185.935,8708.568,2020.255,4869.162,8079.11,2016.508,4774.126,8260.927,1968.176,4610.727,7701.471,2008.945,4752.011,8802.204,1966.29,5130.539
9029.396,1975.98,4983.417,8468.64,1966.141,5320.458,8532.218,1955.12,4860.848,8375.137,1951.155,5667.589,7658.526,1976.812,4317.664,8662.272,1992.067,4439.229,8461.143,2014.702,4949.562,7854.968,1978.241,4829.191,8025.83,2030.728,4452.642,8331.613,1981.396,5188.404,8711.004,2020.255,4868.689,8077.891,2016.508,4776.287,8259.992,1968.176,4613.025,7699.723,2008.945,4753.771,8804.048,1966.29,5132.199
9032.24,1975.98,4983.932,8468.264,1966.141,5323.324,8535.102,1955.12,4861.021,8374.386,1951.155,5670.379,7655.708,1976.812,4317.025,8664.619,1992.067,4437.542,8462.028,2014.702,4952.312,7852.274,1978.241,4830.237,8024.315,2030.728,4455.104,8331.331,1981.396,5191.28,8713.841,2020.255,4868.139,8076.472,2016.508,4778.804,8258.904,1968.176,4615.702,7697.622,2008.945,4755.755,8806.195,1966.29,5134.133
9034.1,1975.98,4984.27,8468.018,1966.141,5325.198,8536.99,1955.12,4861.083,8373.895,1951.155,5672.205,7653.865,1976.812,4316.607,8666.154,1992.067,4436.439,8462.557,2014.702,4954.126,7850.535,1978.241,4830.976,8023.325,2030.728,4456.713,8331.146,1981.396,5193.161,8715.696,2020.255,4867.778,8075.543,2016.508,4780.451,8258.192,1968.176,4617.453,7696.207,2008.945,4757.008,8807.6,1966.29,5135.397
9034.677,1975.98,4984.374,8467.941,1966.141,5325.779,8537.577,1955.12,4861.085,8373.742,1951.155,5672.771,7653.292,1976.812,4316.478,8666.631,1992.067,4436.097,8462.705,2014.702,4954.694,7850.003,1978.241,4831.223,8023.018,2030.728,4457.213,8331.089,1981.396,5193.745,8716.272,2020.255,4867.667,8075.255,2016.508,4780.961,8257.972,1968.176,4617.997,7695.755,2008.945,4757.383,8808.035,1966.29,5135.79
9037.895,1975.98,4984.958,8467.516,1966.141,5329.021,8540.846,1955.12,4861.01,8372.893,1951.155,5675.929,7650.104,1976.812,4315.755,8669.286,1992.067,4434.188,8463.443,2014.702,4957.879,7847.081,1978.241,4832.691,8021.305,2030.728,4459.998,8330.77,1981.396,5196.999,8719.482,2020.255,4867.043,8073.648,2016.508,4783.81,8256.74,1968.176,4621.026,7693.173,2008.945,4759.388,8810.465,1966.29,5137.978
9040.447,1975.98,4985.42,8467.178,1966.141,5331.594,8543.437,1955.12,4860.879,8372.219,1951.155,5678.435,7647.573,1976.812,4315.181,8671.393,1992.067,4432.674,8463.959,2014.702,4960.421,7844.801,1978.241,4833.929,8019.945,2030.728,4462.208,8330.517,1981.396,5199.582,8722.029,2020.255,4866.549,8072.374,2016.508,4786.07,8255.763,1968.176,4623.43,7691.074,2008.945,4760.913,8812.393,1966.29,5139.714
9043.962,1975.98,4986.058,8466.713,1966.141,5335.136,8546.997,1955.12,4860.599,8371.291,1951.155,5681.884,7644.089,1976.812,4314.392,8674.293,1992.067,4430.589,8464.57,2014.702,4963.94,7841.718,1978.241,4835.733,8018.074,2030.728,4465.25,8330.168,1981.396,5203.137,8725.536,2020.255,4865.868,8070.619,2016.508,4789.181,8254.417,1968.176,4626.739,7688.118,2008.945,4762.919,8815.047,1966.29,5142.104
9045.321,1975.98,4986.305,8466.533,1966.141,5336.506,8548.37,1955.12,4860.453,8370.933,1951.155,5683.218,7642.742,1976.812,4314.086,8675.414,1992.067,4429.783,8464.769,2014.702,4965.307,7840.549,1978.241,4836.469,8017.35,2030.728,4466.427,8330.033,1981.396,5204.511,8726.892,2020.255,4865.605,8069.94,2016.508,4790.384,8253.896,1968.176,4628.018,7686.951,2008.945,4763.658,8816.073,1966.29,5143.029
9046.472,1975.98,4986.513,8466.381,1966.141,5337.666,8549.529,1955.12,4860.296,8370.629,1951.155,5684.348,7641.601,1976.812,4313.828,8676.363,1992.067,4429.1,8464.904,2014.702,4966.469,7839.579,1978.241,4837.123,8016.737,2030.728,4467.423,8329.919,1981.396,5205.675,8728.04,2020.255,4865.382,8069.366,2016.508,4791.403,8253.456,1968.176,4629.102,7685.943,2008.945,4764.251,8816.942,1966.29,5143.812
9049.69,1975.98,4987.097,8465.955,1966.141,5340.909,8552.758,1955.12,4859.77,8369.779,1951.155,5687.507,7638.411,1976.812,4313.105,8679.02,1992.067,4427.191,8465.192,2014.702,4969.727,7836.927,1978.241,4839.038,8015.023,2030.728,4470.209,8329.6,1981.396,5208.931,8731.251,2020.255,4864.759,8067.759,2016.508,4794.252,8252.224,1968.176,4632.132,7683.072,2008.945,4765.82,8819.373,1966.29,5146
9051.612,1975.98,4987.446,8465.7,1966.141,5342.846,8554.676,1955.12,4859.402,8369.271,1951.155,5689.394,7636.505,1976.812,4312.673,8680.605,1992.067,4426.051,8465.311,2014.702,4971.677,7835.381,1978.241,4840.231,8014,2030.728,4471.873,8329.409,1981.396,5210.875,8733.169,2020.255,4864.386,8066.799,2016.508,4795.954,8251.488,1968.176,4633.941,7681.329,2008.945,4766.702,8820.825,1966.29,5147.308
9057.115,1975.98,4988.444,8464.972,1966.141,5348.391,8560.137,1955.12,4858.198,8367.819,1951.155,5694.794,7631.051,1976.812,4311.437,8685.146,1992.067,4422.786,8465.492,2014.702,4977.266,7831.066,1978.241,4843.79,8011.07,2030.728,4476.637,8328.863,1981.396,5216.441,8738.659,2020.255,4863.32,8064.052,2016.508,4800.826,8249.382,1968.176,4639.123,7676.26,2008.945,4769.065,8824.981,1966.29,5151.05
9058.231,1975.98,4988.646,8464.824,1966.141,5349.516,8561.237,1955.12,4857.923,8367.524,1951.155,5695.89,7629.944,1976.812,4311.186,8686.067,1992.067,4422.124,8465.497,2014.702,4978.4,7830.214,1978.241,4844.539,8010.476,2030.728,4477.603,8328.753,1981.396,5217.57,8739.772,2020.255,4863.104,8063.495,2016.508,4801.814,8248.954,1968.176,4640.173,7675.217,2008.945,4769.512,8825.824,1966.29,5151.809
9058.617,1975.98,4988.716,8464.773,1966.141,5349.904,8561.614,1955.12,4857.818,8367.423,1951.155,5696.269,7629.562,1976.812,4311.1,8686.386,1992.067,4421.896,8465.488,2014.702,4978.792,7829.929,1978.241,4844.807,8010.271,2030.728,4477.937,8328.715,1981.396,5217.96,8740.157,2020.255,4863.029,8063.302,2016.508,4802.155,8248.807,1968.176,4640.536,7674.853,2008.945,4769.654,8826.115,1966.29,5152.071
9061.733,1975.98,4989.281,8464.361,1966.141,5353.044,8564.64,1955.12,4856.883,8366.601,1951.155,5699.327,7626.474,1976.812,4310.399,8688.957,1992.067,4420.047,8465.327,2014.702,4981.954,7827.691,1978.241,4847.048,8008.611,2030.728,4480.634,8328.406,1981.396,5221.112,8743.266,2020.255,4862.426,8061.747,2016.508,4804.914,8247.614,1968.176,4643.47,7671.868,2008.945,4770.713,8828.469,1966.29,5154.19
9063.277,1975.98,4989.561,8464.157,1966.141,5354.6,8566.125,1955.12,4856.379,8366.193,1951.155,5700.842,7624.943,1976.812,4310.053,8690.23,1992.067,4419.131,8465.204,2014.702,4983.518,7826.619,1978.241,4848.193,8007.79,2030.728,4481.97,8328.253,1981.396,5222.674,8744.806,2020.255,4862.127,8060.976,2016.508,4806.28,8247.023,1968.176,4644.923,7670.373,2008.945,4771.19,8829.635,1966.29,5155.24
9065.606,1975.98,4989.983,8463.849,1966.141,5356.947,8568.345,1955.12,4855.558,8365.578,1951.155,5703.128,7622.634,1976.812,4309.529,8692.153,1992.067,4417.75,8464.954,2014.702,4985.872,7825.057,1978.241,4849.972,8006.549,2030.728,4483.987,8328.021,1981.396,5225.03,8747.13,2020.255,4861.676,8059.813,2016.508,4808.342,8246.132,1968.176,4647.116,7668.096,2008.945,4771.838,8831.395,1966.29,5156.824
9068.526,1975.98,4990.513,8463.558,1966.141,5359.9,8571.1,1955.12,4854.455,8364.808,1951.155,5705.994,7619.74,1976.812,4308.873,8694.563,1992.067,4416.017,8464.561,2014.702,4988.813,7823.171,1978.241,4852.265,8004.994,2030.728,4486.515,8327.636,1981.396,5227.973,8750.043,2020.255,4861.11,8058.355,2016.508,4810.927,8245.014,1968.176,4649.866,7665.217,2008.945,4772.56,8833.6,1966.29,5158.81
9070.141,1975.98,4990.806,8463.397,1966.141,5361.533,8572.605,1955.12,4853.804,8364.382,1951.155,5707.578,7618.14,1976.812,4308.51,8695.896,1992.067,4415.06,8464.299,2014.702,4990.432,7822.171,1978.241,4853.564,8004.135,2030.728,4487.912,8327.423,1981.396,5229.6,8751.653,2020.255,4860.798,8057.549,2016.508,4812.356,8244.396,1968.176,4651.385,7663.614,2008.945,4772.908,8834.818,1966.29,5159.908
9072.796,1975.98,4991.288,8463.133,1966.141,5364.219,8575.054,1955.12,4852.668,8363.681,1951.155,5710.185,7615.508,1976.812,4307.914,8698.087,1992.067,4413.484,8463.798,2014.702,4993.083,7820.594,1978.241,4855.755,8002.721,2030.728,4490.21,8327.072,1981.396,5232.276,8754.303,2020.255,4860.284,8056.224,2016.508,4814.707,8243.379,1968.176,4653.885,7660.96,2008.945,4773.397,8836.824,1966.29,5161.714
9076.464,1975.98,4991.953,8462.768,1966.141,5367.929,8578.393,1955.12,4851.011,8362.712,1951.155,5713.785,7611.872,1976.812,4307.089,8701.114,1992.067,4411.308,8463.008,2014.702,4996.727,7818.515,1978.241,4858.85,8000.767,2030.728,4493.386,8326.588,1981.396,5235.973,8757.963,2020.255,4859.573,8054.392,2016.508,4817.955,8241.975,1968.176,4657.339,7657.274,2008.945,4773.958,8839.595,1966.29,5164.208
9079.606,1975.98,4992.523,8462.455,1966.141,5371.107,8581.253,1955.12,4849.591,8361.883,1951.155,5716.869,7608.757,1976.812,4306.383,8703.708,1992.067,4409.444,8462.331,2014.702,4999.848,7816.821,1978.241,4861.557,7999.094,2030.728,4496.106,8326.173,1981.396,5239.139,8761.099,2020.255,4858.964,8052.823,2016.508,4820.736,8240.771,1968.176,4660.297,7654.104,2008.945,4774.338,8841.968,1966.29,5166.346
9080.996,1975.98,4992.775,8462.316,1966.141,5372.513,8582.518,1955.12,4848.963,8361.516,1951.155,5718.233,7607.379,1976.812,4306.071,8704.854,1992.067,4408.62,8462.032,2014.702,5001.228,7816.11,1978.241,4862.777,7998.354,2030.728,4497.31,8325.989,1981.396,5240.54,8762.485,2020.255,4858.695,8052.129,2016.508,4821.967,8240.239,1968.176,4661.606,7652.697,2008.945,4774.462,8843.018,1966.29,5167.291
9082.877,1975.98,4993.116,8462.129,1966.141,5374.416,8584.23,1955.12,4848.113,8361.02,1951.155,5720.079,7605.515,1976.812,4305.648,8706.407,1992.067,4407.504,8461.627,2014.702,5003.097,7815.203,1978.241,4864.46,7997.352,2030.728,4498.938,8325.741,1981.396,5242.435,8764.362,2020.255,4858.331,8051.19,2016.508,4823.632,8239.52,1968.176,4663.377,7650.788,2008.945,4774.571,8844.438,1966.29,5168.57
9085.744,1975.98,4993.636,8461.844,1966.141,5377.316,8586.841,1955.12,4846.818,8360.263,1951.155,5722.893,7602.673,1976.812,4305.004,8708.773,1992.067,4405.803,8461.01,2014.702,5005.944,7813.903,1978.241,4867.068,7995.825,2030.728,4501.42,8325.362,1981.396,5245.324,8767.223,2020.255,4857.776,8049.759,2016.508,4826.17,8238.422,1968.176,4666.076,7647.875,2008.945,4774.645,8846.604,1966.29,5170.52
9086.323,1975.98,4993.741,8461.786,1966.141,5377.901,8587.368,1955.12,4846.556,8360.11,1951.155,5723.461,7602.099,1976.812,4304.875,8709.251,1992.067,4405.46,8460.885,2014.702,5006.519,7813.641,1978.241,4867.594,7995.517,2030.728,4501.921,8325.286,1981.396,5245.908,8767.8,2020.255,4857.664,8049.47,2016.508,4826.682,8238.2,1968.176,4666.621,7647.288,2008.945,4774.66,8847.041,1966.29,5170.914
9089.612,1975.98,4994.338,8461.459,1966.141,5381.228,8590.362,1955.12,4845.07,8359.242,1951.155,5726.688,7598.839,1976.812,4304.136,8711.965,1992.067,4403.509,8460.177,2014.702,5009.786,7812.149,1978.241,4870.585,7993.766,2030.728,4504.768,8324.852,1981.396,5249.222,8771.081,2020.255,4857.026,8047.828,2016.508,4829.593,8236.941,1968.176,4669.717,7643.946,2008.945,4774.745,8849.524,1966.29,5173.15
9091.93,1975.98,4994.758,8461.229,1966.141,5383.572,8592.473,1955.12,4844.023,8358.631,1951.155,5728.963,7596.542,1976.812,4303.615,8713.878,1992.067,4402.134,8459.678,2014.702,5012.088,7811.099,1978.241,4872.694,7992.532,2030.728,4506.774,8324.546,1981.396,5251.558,8773.394,2020.255,4856.578,8046.67,2016.508,4831.645,8236.055,1968.176,4671.899,7641.591,2008.945,4774.805,8851.275,1966.29,5174.726
9093.561,1975.98,4995.054,8461.066,1966.141,5385.221,8593.957,1955.12,4843.286,8358.2,1951.155,5730.563,7594.926,1976.812,4303.249,8715.224,1992.067,4401.167,8459.326,2014.702,5013.708,7810.359,1978.241,4874.177,7991.664,2030.728,4508.186,8324.331,1981.396,5253.201,8775.021,2020.255,4856.262,8045.856,2016.508,4833.088,8235.431,1968.176,4673.435,7639.935,2008.945,4774.847,8852.507,1966.29,5175.835
9096.436,1975.98,4995.576,8460.78,1966.141,5388.129,8596.574,1955.12,4841.987,8357.441,1951.155,5733.385,7592.076,1976.812,4302.603,8717.596,1992.067,4399.461,8458.707,2014.702,5016.563,7809.056,1978.241,4876.792,7990.133,2030.728,4510.674,8323.951,1981.396,5256.098,8777.889,2020.255,4855.705,8044.421,2016.508,4835.633,8234.33,1968.176,4676.141,7637.014,2008.945,4774.921,8854.678,1966.29,5177.79
9098.199,1975.98,4995.896,8460.604,1966.141,5389.913,8598.18,1955.12,4841.19,8356.976,1951.155,5735.116,7590.328,1976.812,4302.207,8719.051,1992.067,4398.415,8458.327,2014.702,5018.315,7808.256,1978.241,4878.396,7989.194,2030.728,4512.201,8323.719,1981.396,5257.875,8779.648,2020.255,4855.363,8043.541,2016.508,4837.195,8233.655,1968.176,4677.802,7635.222,2008.945,4774.966,8856.01,1966.29,5178.99
9100.277,1975.98,4996.272,8460.397,1966.141,5392.015,8600.071,1955.12,4840.251,8356.427,1951.155,5737.156,7588.268,1976.812,4301.74,8720.766,1992.067,4397.182,8457.88,2014.702,5020.379,7807.313,1978.241,4880.287,7988.087,2030.728,4514,8323.444,1981.396,5259.969,8781.722,2020.255,4854.961,8042.503,2016.508,4839.035,8232.859,1968.176,4679.758,7633.11,2008.945,4775.02,8857.579,1966.29,5180.403
9103.456,1975.98,4996.849,8460.081,1966.141,5395.23,8602.965,1955.12,4838.814,8355.588,1951.155,5740.276,7585.118,1976.812,4301.026,8723.389,1992.067,4395.296,8457.195,2014.702,5023.537,7805.872,1978.241,4883.178,7986.395,2030.728,4516.752,8323.024,1981.396,5263.172,8784.893,2020.255,4854.345,8040.916,2016.508,4841.849,8231.643,1968.176,4682.751,7629.88,2008.945,4775.102,8859.979,1966.29,5182.565
9105.003,1975.98,4997.13,8459.927,1966.141,5396.794,8604.373,1955.12,4838.116,8355.18,1951.155,5741.794,7583.584,1976.812,4300.678,8724.665,1992.067,4394.379,8456.862,2014.702,5025.073,7805.171,1978.241,4884.584,7985.571,2030.728,4518.091,8322.82,1981.396,5264.731,8786.436,2020.255,4854.045,8040.144,2016.508,4843.218,8231.051,1968.176,4684.207,7628.309,2008.945,4775.142,8861.147,1966.29,5183.617
9108.167,1975.98,4997.704,8459.612,1966.141,5399.995,8607.254,1955.12,4836.686,8354.345,1951.155,5744.899,7580.448,1976.812,4299.967,8727.276,1992.067,4392.502,8456.181,2014.702,5028.215,7803.736,1978.241,4887.462,7983.886,2030.728,4520.83,8322.402,1981.396,5267.919,8789.593,2020.255,4853.433,8038.564,2016.508,4846.019,8229.84,1968.176,4687.186,7625.094,2008.945,4775.224,8863.537,1966.29,5185.769
9110.488,1975.98,4998.125,8459.382,1966.141,5402.342,8609.366,1955.12,4835.637,8353.732,1951.155,5747.177,7578.148,1976.812,4299.446,8729.191,1992.067,4391.125,8455.681,2014.702,5030.521,7802.684,1978.241,4889.573,7982.65,2030.728,4522.839,8322.096,1981.396,5270.258,8791.908,2020.255,4852.983,8037.405,2016.508,4848.073,8228.951,1968.176,4689.371,7622.736,2008.945,4775.284,8865.29,1966.29,5187.347
9112.118,1975.98,4998.42,8459.22,1966.141,5403.991,8610.851,1955.12,4834.9,8353.302,1951.155,5748.777,7576.532,1976.812,4299.08,8730.537,1992.067,4390.158,8455.329,2014.702,5032.14,7801.945,1978.241,4891.056,7981.782,2030.728,4524.25,8321.881,1981.396,5271.901,8793.535,2020.255,4852.667,8036.591,2016.508,4849.517,8228.327,1968.176,4690.906,7621.08,2008.945,4775.326,8866.521,1966.29,5188.456
9116.595,1975.98,4999.232,8458.774,1966.141,5408.518,8614.926,1955.12,4832.877,8352.12,1951.155,5753.17,7572.095,1976.812,4298.074,8734.231,1992.067,4387.502,8454.365,2014.702,5036.585,7799.915,1978.241,4895.127,7979.398,2030.728,4528.125,8321.29,1981.396,5276.412,8798.001,2020.255,4851.8,8034.356,2016.508,4853.479,8226.613,1968.176,4695.12,7616.532,2008.945,4775.441,8869.902,1966.29,5191.5
9118.473,1975.98,4999.573,8458.588,1966.141,5410.417,8616.636,1955.12,4832.029,8351.624,1951.155,5755.014,7570.234,1976.812,4297.652,8735.781,1992.067,4386.389,8453.961,2014.702,5038.451,7799.063,1978.241,4896.835,7978.398,2030.728,4529.751,8321.042,1981.396,5278.305,8799.875,2020.255,4851.436,8033.419,2016.508,4855.142,8225.895,1968.176,4696.888,7614.625,2008.945,4775.49,8871.32,1966.29,5192.777
9119.864,1975.98,4999.826,8458.449,1966.141,5411.825,8617.902,1955.12,4831.4,8351.257,1951.155,5756.379,7568.854,1976.812,4297.339,8736.93,1992.067,4385.563,8453.661,2014.702,5039.833,7798.433,1978.241,4898.101,7977.657,2030.728,4530.956,8320.858,1981.396,5279.707,8801.264,2020.255,4851.167,8032.724,2016.508,4856.374,8225.362,1968.176,4698.198,7613.211,2008.945,4775.526,8872.371,1966.29,5193.723
9120.705,1975.98,4999.978,8458.365,1966.141,5412.675,8618.668,1955.12,4831.02,8351.035,1951.155,5757.205,7568.021,1976.812,4297.15,8737.624,1992.067,4385.064,8453.48,2014.702,5040.668,7798.051,1978.241,4898.866,7977.209,2030.728,4531.684,8320.747,1981.396,5280.555,8802.103,2020.255,4851.003,8032.304,2016.508,4857.118,8225.04,1968.176,4698.99,7612.356,2008.945,4775.547,8873.006,1966.29,5194.295
9124.619,1975.98,5000.688,8457.976,1966.141,5416.634,8622.231,1955.12,4829.251,8350.002,1951.155,5761.046,7564.142,1976.812,4296.271,8740.854,1992.067,4382.743,8452.638,2014.702,5044.556,7796.277,1978.241,4902.426,7975.125,2030.728,4535.072,8320.23,1981.396,5284.499,8806.008,2020.255,4850.245,8030.35,2016.508,4860.583,8223.542,1968.176,4702.675,7608.38,2008.945,4775.648,8875.962,1966.29,5196.957
9127.482,1975.98,5001.207,8457.69,1966.141,5419.53,8624.838,1955.12,4827.958,8349.246,1951.155,5763.856,7561.304,1976.812,4295.628,8743.216,1992.067,4381.044,8452.021,2014.702,5047.399,7794.979,1978.241,4905.031,7973.601,2030.728,4537.55,8319.853,1981.396,5287.384,8808.864,2020.255,4849.69,8028.92,2016.508,4863.118,8222.446,1968.176,4705.371,7605.471,2008.945,4775.722,8878.124,1966.29,5198.904
9128.063,1975.98,5001.312,8457.633,1966.141,5420.116,8625.366,1955.12,4827.695,8349.093,1951.155,5764.426,7560.729,1976.812,4295.498,8743.694,1992.067,4380.7,8451.896,2014.702,5047.976,7794.715,1978.241,4905.558,7973.292,2030.728,4538.052,8319.776,1981.396,5287.969,8809.443,2020.255,4849.578,8028.631,2016.508,4863.631,8222.225,1968.176,4705.917,7604.881,2008.945,4775.737,8878.563,1966.29,5199.298
9130.524,1975.98,5001.758,8457.388,1966.141,5422.606,8627.607,1955.12,4826.583,8348.443,1951.155,5766.842,7558.289,1976.812,4294.944,8745.726,1992.067,4379.24,8451.366,2014.702,5050.42,7793.599,1978.241,4907.797,7971.981,2030.728,4540.183,8319.451,1981.396,5290.449,8811.899,2020.255,4849.101,8027.402,2016.508,4865.81,8221.282,1968.176,4708.235,7602.38,2008.945,4775.801,8880.422,1966.29,5200.973
9133.437,1975.98,5002.287,8457.098,1966.141,5425.551,8630.258,1955.12,4825.267,8347.675,1951.155,5769.7,7555.403,1976.812,4294.29,8748.129,1992.067,4377.512,8450.739,2014.702,5053.313,7792.279,1978.241,4910.446,7970.431,2030.728,4542.704,8319.066,1981.396,5293.384,8814.805,2020.255,4848.537,8025.948,2016.508,4868.388,8220.168,1968.176,4710.977,7599.422,2008.945,4775.876,8882.621,1966.29,5202.953
9135.362,1975.98,5002.636,8456.906,1966.141,5427.499,8632.011,1955.12,4824.397,8347.167,1951.155,5771.589,7553.494,1976.812,4293.857,8749.718,1992.067,4376.37,8450.324,2014.702,5055.225,7791.406,1978.241,4912.197,7969.405,2030.728,4544.371,8318.813,1981.396,5295.324,8816.726,2020.255,4848.164,8024.987,2016.508,4870.092,8219.431,1968.176,4712.79,7597.465,2008.945,4775.926,8884.075,1966.29,5204.263
9139.597,1975.98,5003.404,8456.485,1966.141,5431.782,8635.865,1955.12,4822.484,8346.05,1951.155,5775.745,7549.297,1976.812,4292.906,8753.212,1992.067,4373.858,8449.412,2014.702,5059.431,7789.486,1978.241,4916.048,7967.15,2030.728,4548.036,8318.254,1981.396,5299.591,8820.95,2020.255,4847.344,8022.873,2016.508,4873.84,8217.81,1968.176,4716.776,7593.164,2008.945,4776.035,8887.273,1966.29,5207.142
9140.059,1975.98,5003.487,8456.439,1966.141,5432.249,8636.285,1955.12,4822.275,8345.928,1951.155,5776.198,7548.84,1976.812,4292.803,8753.593,1992.067,4373.584,8449.313,2014.702,5059.889,7789.276,1978.241,4916.468,7966.905,2030.728,4548.436,8318.193,1981.396,5300.056,8821.41,2020.255,4847.254,8022.643,2016.508,4874.249,8217.633,1968.176,4717.21,7592.695,2008.945,4776.047,8887.622,1966.29,5207.456
9143.076,1975.98,5004.035,8456.14,1966.141,5435.301,8639.032,1955.12,4820.912,8345.131,1951.155,5779.16,7545.849,1976.812,4292.125,8756.083,1992.067,4371.794,8448.662,2014.702,5062.887,7787.908,1978.241,4919.213,7965.298,2030.728,4551.048,8317.795,1981.396,5303.097,8824.421,2020.255,4846.67,8021.136,2016.508,4876.92,8216.478,1968.176,4720.052,7589.628,2008.945,4776.125,8889.901,1966.29,5209.508
9146.65,1975.98,5004.683,8455.784,1966.141,5438.916,8642.286,1955.12,4819.296,8344.188,1951.155,5782.668,7542.306,1976.812,4291.321,8759.033,1992.067,4369.674,8447.893,2014.702,5066.437,7786.288,1978.241,4922.465,7963.395,2030.728,4554.142,8317.323,1981.396,5306.699,8827.987,2020.255,4845.978,8019.351,2016.508,4880.084,8215.109,1968.176,4723.417,7585.997,2008.945,4776.217,8892.601,1966.29,5211.939
9148.828,1975.98,5005.078,8455.567,1966.141,5441.119,8644.269,1955.12,4818.312,8343.612,1951.155,5784.806,7540.147,1976.812,4290.832,8760.83,1992.067,4368.382,8447.424,2014.702,5068.6,7785.3,1978.241,4924.446,7962.235,2030.728,4556.027,8317.036,1981.396,5308.894,8830.16,2020.255,4845.556,8018.264,2016.508,4882.013,8214.275,1968.176,4725.468,7583.784,2008.945,4776.273,8894.245,1966.29,5213.42
9149.288,1975.98,5005.162,8455.521,1966.141,5441.584,8644.688,1955.12,4818.104,8343.491,1951.155,5785.258,7539.691,1976.812,4290.729,8761.21,1992.067,4368.109,8447.325,2014.702,5069.057,7785.092,1978.241,4924.864,7961.99,2030.728,4556.425,8316.976,1981.396,5309.357,8830.619,2020.255,4845.467,8018.034,2016.508,4882.42,8214.1,1968.176,4725.901,7583.316,2008.945,4776.285,8894.593,1966.29,5213.733
9151.62,1975.98,5005.584,8455.289,1966.141,5443.943,8646.811,1955.12,4817.05,8342.876,1951.155,5787.546,7537.379,1976.812,4290.205,8763.135,1992.067,4366.726,8446.823,2014.702,5071.374,7784.035,1978.241,4926.985,7960.748,2030.728,4558.444,8316.668,1981.396,5311.707,8832.945,2020.255,4845.015,8016.87,2016.508,4884.484,8213.207,1968.176,4728.096,7580.947,2008.945,4776.345,8896.354,1966.29,5215.319
9154.428,1975.98,5006.094,8455.01,1966.141,5446.783,8649.366,1955.12,4815.782,8342.135,1951.155,5790.302,7534.597,1976.812,4289.574,8765.452,1992.067,4365.06,8446.219,2014.702,5074.162,7782.762,1978.241,4929.539,7959.253,2030.728,4560.875,8316.297,1981.396,5314.536,8835.746,2020.255,4844.471,8015.468,2016.508,4886.97,8212.132,1968.176,4730.74,7578.095,2008.945,4776.417,8898.475,1966.29,5217.228
9156.198,1975.98,5006.415,8454.834,1966.141,5448.574,8650.979,1955.12,4814.981,8341.667,1951.155,5792.04,7532.842,1976.812,4289.176,8766.913,1992.067,4364.01,8445.838,2014.702,5075.921,7781.959,1978.241,4931.149,7958.31,2030.728,4562.407,8316.063,1981.396,5316.32,8837.513,2020.255,4844.128,8014.584,2016.508,4888.537,8211.454,1968.176,4732.407,7576.296,2008.945,4776.463,8899.812,1966.29,5218.432
9158.667,1975.98,5006.863,8454.588,1966.141,5451.07,8653.226,1955.12,4813.866,8341.016,1951.155,5794.462,7530.395,1976.812,4288.621,8768.95,1992.067,4362.545,8445.307,2014.702,5078.373,7780.84,1978.241,4933.395,7956.996,2030.728,4564.544,8315.737,1981.396,5318.808,8839.976,2020.255,4843.65,8013.352,2016.508,4890.722,8210.51,1968.176,4734.73,7573.788,2008.945,4776.526,8901.676,1966.29,5220.111
9161.319,1975.98,5007.344,8454.324,1966.141,5453.753,8655.64,1955.12,4812.667,8340.315,1951.155,5797.065,7527.766,1976.812,4288.025,8771.139,1992.067,4360.972,8444.735,2014.702,5081.007,7779.637,1978.241,4935.807,7955.583,2030.728,4566.84,8315.387,1981.396,5321.48,8842.622,2020.255,4843.137,8012.028,2016.508,4893.07,8209.494,1968.176,4737.228,7571.093,2008.945,4776.595,8903.679,1966.29,5221.915
9163.99,1975.98,5007.828,8454.059,1966.141,5456.454,8658.071,1955.12,4811.46,8339.61,1951.155,5799.686,7525.119,1976.812,4287.425,8773.343,1992.067,4359.388,8444.16,2014.702,5083.66,7778.426,1978.241,4938.236,7954.161,2030.728,4569.152,8315.034,1981.396,5324.172,8845.287,2020.255,4842.62,8010.694,2016.508,4895.435,8208.472,1968.176,4739.742,7568.38,2008.945,4776.664,8905.695,1966.29,5223.731
9166.331,1975.98,5008.252,8453.826,1966.141,5458.821,8660.202,1955.12,4810.403,8338.992,1951.155,5801.983,7522.799,1976.812,4286.899,8775.274,1992.067,4358,8443.656,2014.702,5085.984,7777.365,1978.241,4940.365,7952.915,2030.728,4571.178,8314.726,1981.396,5326.53,8847.622,2020.255,4842.167,8009.526,2016.508,4897.506,8207.576,1968.176,4741.946,7566.002,2008.945,4776.724,8907.463,1966.29,5225.323
9166.903,1975.98,5008.356,8453.77,1966.141,5459.4,8660.724,1955.12,4810.144,8338.841,1951.155,5802.545,7522.232,1976.812,4286.771,8775.747,1992.067,4357.66,8443.533,2014.702,5086.553,7777.105,1978.241,4940.886,7952.61,2030.728,4571.673,8314.65,1981.396,5327.107,8848.193,2020.255,4842.056,8009.24,2016.508,4898.013,8207.357,1968.176,4742.485,7565.42,2008.945,4776.739,8907.896,1966.29,5225.712
9171.083,1975.98,5009.115,8453.354,1966.141,5463.628,8664.528,1955.12,4808.255,8337.737,1951.155,5806.647,7518.089,1976.812,4285.832,8779.196,1992.067,4355.18,8442.633,2014.702,5090.705,7775.21,1978.241,4944.688,7950.384,2030.728,4575.292,8314.099,1981.396,5331.319,8852.363,2020.255,4841.246,8007.153,2016.508,4901.713,8205.758,1968.176,4746.42,7561.173,2008.945,4776.847,8911.053,1966.29,5228.555
9172.229,1975.98,5009.323,8453.239,1966.141,5464.787,8665.571,1955.12,4807.738,8337.435,1951.155,5807.771,7516.954,1976.812,4285.575,8780.142,1992.067,4354.5,8442.386,2014.702,5091.842,7774.691,1978.241,4945.73,7949.774,2030.728,4576.283,8313.947,1981.396,5332.474,8853.506,2020.255,4841.024,8006.581,2016.508,4902.728,8205.319,1968.176,4747.499,7560.009,2008.945,4776.876,8911.918,1966.29,5229.333
9174.167,1975.98,5009.674,8453.047,1966.141,5466.747,8667.336,1955.12,4806.862,8336.923,1951.155,5809.674,7515.033,1976.812,4285.139,8781.741,1992.067,4353.351,8441.969,2014.702,5093.768,7773.812,1978.241,4947.493,7948.742,2030.728,4577.961,8313.691,1981.396,5334.427,8855.439,2020.255,4840.649,8005.613,2016.508,4904.443,8204.577,1968.176,4749.323,7558.04,2008.945,4776.926,8913.382,1966.29,5230.651
9177.306,1975.98,5010.244,8452.734,1966.141,5469.922,8670.193,1955.12,4805.443,8336.095,1951.155,5812.754,7511.921,1976.812,4284.434,8784.332,1992.067,4351.489,8441.293,2014.702,5096.885,7772.389,1978.241,4950.348,7947.071,2030.728,4580.678,8313.277,1981.396,5337.59,8858.571,2020.255,4840.041,8004.046,2016.508,4907.222,8203.376,1968.176,4752.278,7554.851,2008.945,4777.007,8915.753,1966.29,5232.786
9178.835,1975.98,5010.521,8452.582,1966.141,5471.469,8671.585,1955.12,4804.752,8335.691,1951.155,5814.255,7510.406,1976.812,4284.09,8785.594,1992.067,4350.582,8440.964,2014.702,5098.404,7771.695,1978.241,4951.739,7946.256,2030.728,4582.002,8313.075,1981.396,5339.131,8860.097,2020.255,4839.745,8003.282,2016.508,4908.576,8202.791,1968.176,4753.718,7553.297,2008.945,4777.047,8916.908,1966.29,5233.826
9181.888,1975.98,5011.075,8452.278,1966.141,5474.557,8674.364,1955.12,4803.373,8334.886,1951.155,5817.251,7507.38,1976.812,4283.404,8788.113,1992.067,4348.771,8440.307,2014.702,5101.437,7770.311,1978.241,4954.516,7944.631,2030.728,4584.645,8312.672,1981.396,5342.207,8863.143,2020.255,4839.153,8001.758,2016.508,4911.278,8201.622,1968.176,4756.592,7550.196,2008.945,4777.125,8919.214,1966.29,5235.902
9183.415,1975.98,5011.352,8452.126,1966.141,5476.102,8675.755,1955.12,4802.683,8334.482,1951.155,5818.75,7505.866,1976.812,4283.061,8789.374,1992.067,4347.864,8439.978,2014.702,5102.954,7769.619,1978.241,4955.905,7943.817,2030.728,4585.967,8312.47,1981.396,5343.746,8864.666,2020.255,4838.857,8000.996,2016.508,4912.63,8201.037,1968.176,4758.03,7548.644,2008.945,4777.165,8920.367,1966.29,5236.941
9187.302,1975.98,5012.057,8451.739,1966.141,5480.033,8679.293,1955.12,4800.927,8333.456,1951.155,5822.565,7502.013,1976.812,4282.188,8792.582,1992.067,4345.559,8439.141,2014.702,5106.814,7767.856,1978.241,4959.44,7941.748,2030.728,4589.332,8311.956,1981.396,5347.663,8868.544,2020.255,4838.104,7999.055,2016.508,4916.071,8199.55,1968.176,4761.689,7544.695,2008.945,4777.265,8923.303,1966.29,5239.584
9187.873,1975.98,5012.16,8451.683,1966.141,5480.611,8679.813,1955.12,4800.668,8333.305,1951.155,5823.126,7501.446,1976.812,4282.06,8793.054,1992.067,4345.219,8439.018,2014.702,5107.382,7767.597,1978.241,4959.96,7941.443,2030.728,4589.827,8311.881,1981.396,5348.239,8869.114,2020.255,4837.994,7998.77,2016.508,4916.578,8199.331,1968.176,4762.227,7544.114,2008.945,4777.28,8923.734,1966.29,5239.973
9190.52,1975.98,5012.64,8451.419,1966.141,5483.287,8682.223,1955.12,4799.473,8332.606,1951.155,5825.724,7498.823,1976.812,4281.465,8795.237,1992.067,4343.649,8438.447,2014.702,5110.01,7766.397,1978.241,4962.367,7940.034,2030.728,4592.117,8311.531,1981.396,5350.906,8871.754,2020.255,4837.481,7997.448,2016.508,4918.92,8198.318,1968.176,4764.718,7541.425,2008.945,4777.348,8925.732,1966.29,5241.773
9194.716,1975.98,5013.401,8451.001,1966.141,5487.531,8686.043,1955.12,4797.577,8331.499,1951.155,5829.842,7494.664,1976.812,4280.522,8798.7,1992.067,4341.16,8437.544,2014.702,5114.178,7764.495,1978.241,4966.184,7937.799,2030.728,4595.75,8310.978,1981.396,5355.134,8875.94,2020.255,4836.668,7995.354,2016.508,4922.634,8196.712,1968.176,4768.669,7537.162,2008.945,4777.457,8928.901,1966.29,5244.626
9195.173,1975.98,5013.484,8450.955,1966.141,5487.994,8686.459,1955.12,4797.37,8331.378,1951.155,5830.291,7494.21,1976.812,4280.42,8799.078,1992.067,4340.889,8437.445,2014.702,5114.633,7764.288,1978.241,4966.6,7937.556,2030.728,4596.146,8310.917,1981.396,5355.595,8876.396,2020.255,4836.58,7995.125,2016.508,4923.039,8196.537,1968.176,4769.1,7536.697,2008.945,4777.468,8929.247,1966.29,5244.938
9197.5,1975.98,5013.906,8450.724,1966.141,5490.348,8688.577,1955.12,4796.319,8330.764,1951.155,5832.575,7491.904,1976.812,4279.897,8800.998,1992.067,4339.508,8436.944,2014.702,5116.944,7763.232,1978.241,4968.716,7936.317,2030.728,4598.16,8310.609,1981.396,5357.94,8878.718,2020.255,4836.129,7993.963,2016.508,4925.099,8195.646,1968.176,4771.29,7534.333,2008.945,4777.528,8931.004,1966.29,5246.52
9198.93,1975.98,5014.166,8450.581,1966.141,5491.794,8689.879,1955.12,4795.673,8330.387,1951.155,5833.978,7490.487,1976.812,4279.576,8802.178,1992.067,4338.66,8436.637,2014.702,5118.364,7762.584,1978.241,4970.016,7935.556,2030.728,4599.397,8310.421,1981.396,5359.381,8880.145,2020.255,4835.852,7993.25,2016.508,4926.364,8195.1,1968.176,4772.636,7532.881,2008.945,4777.565,8932.084,1966.29,5247.492
9202.36,1975.98,5014.788,8450.239,1966.141,5495.264,8693.002,1955.12,4794.123,8329.481,1951.155,5837.345,7487.087,1976.812,4278.805,8805.009,1992.067,4336.625,8435.898,2014.702,5121.771,7761.029,1978.241,4973.136,7933.729,2030.728,4602.367,8309.968,1981.396,5362.838,8883.567,2020.255,4835.188,7991.537,2016.508,4929.401,8193.786,1968.176,4775.866,7529.396,2008.945,4777.654,8934.675,1966.29,5249.825
9203.853,1975.98,5015.058,8450.091,1966.141,5496.773,8694.36,1955.12,4793.448,8329.088,1951.155,5838.81,7485.608,1976.812,4278.47,8806.24,1992.067,4335.74,8435.577,2014.702,5123.253,7760.352,1978.241,4974.494,7932.934,2030.728,4603.659,8309.771,1981.396,5364.342,8885.057,2020.255,4834.898,7990.792,2016.508,4930.722,8193.215,1968.176,4777.271,7527.879,2008.945,4777.692,8935.802,1966.29,5250.84
9206.668,1975.98,5015.569,8449.811,1966.141,5499.621,8696.924,1955.12,4792.176,8328.345,1951.155,5841.573,7482.817,1976.812,4277.837,8808.563,1992.067,4334.069,8434.971,2014.702,5126.05,7759.075,1978.241,4977.055,7931.435,2030.728,4606.097,8309.398,1981.396,5367.179,8887.866,2020.255,4834.353,7989.386,2016.508,4933.215,8192.137,1968.176,4779.922,7525.018,2008.945,4777.765,8937.929,1966.29,5252.755
9208.78,1975.98,5015.952,8449.601,1966.141,5501.757,8698.847,1955.12,4791.221,8327.787,1951.155,5843.646,7480.723,1976.812,4277.363,8810.307,1992.067,4332.816,8434.516,2014.702,5128.148,7758.118,1978.241,4978.976,7930.31,2030.728,4607.925,8309.119,1981.396,5369.308,8889.974,2020.255,4833.944,7988.331,2016.508,4935.084,8191.328,1968.176,4781.911,7522.872,2008.945,4777.82,8939.524,1966.29,5254.192
9210.835,1975.98,5016.325,8449.396,1966.141,5503.835,8700.717,1955.12,4790.293,8327.245,1951.155,5845.663,7478.687,1976.812,4276.901,8812.002,1992.067,4331.598,8434.073,2014.702,5130.189,7757.186,1978.241,4980.845,7929.216,2030.728,4609.704,8308.848,1981.396,5371.378,8892.023,2020.255,4833.546,7987.305,2016.508,4936.903,8190.542,1968.176,4783.845,7520.785,2008.945,4777.873,8941.076,1966.29,5255.589
9213.234,1975.98,5016.76,8449.158,1966.141,5506.262,8702.901,1955.12,4789.208,8326.611,1951.155,5848.018,7476.309,1976.812,4276.362,8813.982,1992.067,4330.174,8433.557,2014.702,5132.572,7756.098,1978.241,4983.027,7927.938,2030.728,4611.781,8308.531,1981.396,5373.796,8894.417,2020.255,4833.081,7986.107,2016.508,4939.027,8189.623,1968.176,4786.104,7518.347,2008.945,4777.935,8942.889,1966.29,5257.221
9216.125,1975.98,5017.284,8448.87,1966.141,5509.186,8705.532,1955.12,4787.902,8325.849,1951.155,5850.854,7473.444,1976.812,4275.713,8816.368,1992.067,4328.459,8432.935,2014.702,5135.443,7754.788,1978.241,4985.656,7926.399,2030.728,4614.283,8308.149,1981.396,5376.708,8897.301,2020.255,4832.521,7984.665,2016.508,4941.586,8188.517,1968.176,4788.825,7515.41,2008.945,4778.01,8945.071,1966.29,5259.187
9217.829,1975.98,5017.593,8448.7,1966.141,5510.91,8707.084,1955.12,4787.132,8325.398,1951.155,5852.527,7471.754,1976.812,4275.33,8817.774,1992.067,4327.448,8432.567,2014.702,5137.136,7754.015,1978.241,4987.207,7925.492,2030.728,4615.758,8307.925,1981.396,5378.426,8899.001,2020.255,4832.191,7983.813,2016.508,4943.095,8187.864,1968.176,4790.43,7513.679,2008.945,4778.054,8946.358,1966.29,5260.346
9220.936,1975.98,5018.157,8448.391,1966.141,5514.052,8709.912,1955.12,4785.729,8324.578,1951.155,5855.576,7468.675,1976.812,4274.632,8820.338,1992.067,4325.605,8431.898,2014.702,5140.222,7752.606,1978.241,4990.032,7923.837,2030.728,4618.447,8307.515,1981.396,5381.557,8902.101,2020.255,4831.589,7982.263,2016.508,4945.845,8186.675,1968.176,4793.354,7510.522,2008.945,4778.134,8948.705,1966.29,5262.458
9223.234,1975.98,5018.574,8448.162,1966.141,5516.377,8712.005,1955.12,4784.689,8323.972,1951.155,5857.833,7466.396,1976.812,4274.116,8822.235,1992.067,4324.242,8431.403,2014.702,5142.505,7751.563,1978.241,4992.124,7922.613,2030.728,4620.438,8307.211,1981.396,5383.874,8904.395,2020.255,4831.144,7981.115,2016.508,4947.88,8185.795,1968.176,4795.519,7508.187,2008.945,4778.193,8950.441,1966.29,5264.022
9225.535,1975.98,5018.991,8447.934,1966.141,5518.705,8714.1,1955.12,4783.65,8323.364,1951.155,5860.091,7464.116,1976.812,4273.599,8824.134,1992.067,4322.877,8430.908,2014.702,5144.791,7750.521,1978.241,4994.216,7921.388,2030.728,4622.429,8306.907,1981.396,5386.192,8906.69,2020.255,4830.698,7979.966,2016.508,4949.917,8184.915,1968.176,4797.685,7505.849,2008.945,4778.253,8952.179,1966.29,5265.586
9228.518,1975.98,5019.532,8447.637,1966.141,5521.722,8716.815,1955.12,4782.302,8322.577,1951.155,5863.019,7461.16,1976.812,4272.929,8826.596,1992.067,4321.107,8430.266,2014.702,5147.753,7749.168,1978.241,4996.929,7919.8,2030.728,4625.011,8306.514,1981.396,5389.198,8909.666,2020.255,4830.121,7978.477,2016.508,4952.558,8183.773,1968.176,4800.493,7502.818,2008.945,4778.33,8954.432,1966.29,5267.615
9230.661,1975.98,5019.921,8447.424,1966.141,5523.89,8718.767,1955.12,4781.334,8322.012,1951.155,5865.123,7459.035,1976.812,4272.447,8828.364,1992.067,4319.836,8429.804,2014.702,5149.882,7748.196,1978.241,4998.879,7918.659,2030.728,4626.867,8306.23,1981.396,5391.357,8911.805,2020.255,4829.706,7977.406,2016.508,4954.455,8182.953,1968.176,4802.511,7500.641,2008.945,4778.385,8956.051,1966.29,5269.072
9232.302,1975.98,5020.218,8447.261,1966.141,5525.548,8720.26,1955.12,4780.593,8321.579,1951.155,5866.732,7457.41,1976.812,4272.079,8829.718,1992.067,4318.863,8429.45,2014.702,5151.511,7747.453,1978.241,5000.371,7917.785,2030.728,4628.287,8306.014,1981.396,5393.01,8913.441,2020.255,4829.388,7976.587,2016.508,4955.907,8182.325,1968.176,4804.055,7498.974,2008.945,4778.428,8957.289,1966.29,5270.188
9233.067,1975.98,5020.357,8447.185,1966.141,5526.323,8720.957,1955.12,4780.247,8321.377,1951.155,5867.484,7456.651,1976.812,4271.907,8830.35,1992.067,4318.409,8429.285,2014.702,5152.271,7747.105,1978.241,5001.067,7917.377,2030.728,4628.949,8305.912,1981.396,5393.782,8914.205,2020.255,4829.239,7976.205,2016.508,4956.585,8182.032,1968.176,4804.776,7498.196,2008.945,4778.447,8957.867,1966.29,5270.708
9236.668,1975.98,5021.01,8446.826,1966.141,5529.964,8724.234,1955.12,4778.62,8320.427,1951.155,5871.017,7453.083,1976.812,4271.098,8833.32,1992.067,4316.273,8428.51,2014.702,5155.847,7745.473,1978.241,5004.341,7915.46,2030.728,4632.066,8305.437,1981.396,5397.41,8917.797,2020.255,4828.542,7974.408,2016.508,4959.772,8180.654,1968.176,4808.166,7494.539,2008.945,4778.54,8960.586,1966.29,5273.156
9238.427,1975.98,5021.329,8446.651,1966.141,5531.743,8725.835,1955.12,4777.825,8319.963,1951.155,5872.743,7451.339,1976.812,4270.703,8834.771,1992.067,4315.23,8428.131,2014.702,5157.594,7744.676,1978.241,5005.941,7914.524,2030.728,4633.588,8305.204,1981.396,5399.182,8919.552,2020.255,4828.201,7973.53,2016.508,4961.329,8179.98,1968.176,4809.821,7492.752,2008.945,4778.585,8961.914,1966.29,5274.352
9241.298,1975.98,5021.849,8446.365,1966.141,5534.647,8728.448,1955.12,4776.528,8319.205,1951.155,5875.561,7448.494,1976.812,4270.058,8837.141,1992.067,4313.527,8427.513,2014.702,5160.445,7743.374,1978.241,5008.552,7912.995,2030.728,4636.074,8304.825,1981.396,5402.075,8922.416,2020.255,4827.645,7972.096,2016.508,4963.87,8178.881,1968.176,4812.524,7489.835,2008.945,4778.66,8964.082,1966.29,5276.305
9243.426,1975.98,5022.235,8446.153,1966.141,5536.799,8730.385,1955.12,4775.566,8318.644,1951.155,5877.649,7446.385,1976.812,4269.58,8838.896,1992.067,4312.265,8427.055,2014.702,5162.559,7742.409,1978.241,5010.487,7911.862,2030.728,4637.916,8304.544,1981.396,5404.219,8924.539,2020.255,4827.233,7971.034,2016.508,4965.753,8178.067,1968.176,4814.527,7487.673,2008.945,4778.714,8965.688,1966.29,5277.751
9246.467,1975.98,5022.787,8445.851,1966.141,5539.875,8733.153,1955.12,4774.192,8317.841,1951.155,5880.634,7443.37,1976.812,4268.897,8841.406,1992.067,4310.46,8426.399,2014.702,5165.58,7741.03,1978.241,5013.254,7910.243,2030.728,4640.548,8304.143,1981.396,5407.284,8927.573,2020.255,4826.644,7969.516,2016.508,4968.446,8176.903,1968.176,4817.391,7484.583,2008.945,4778.793,8967.985,1966.29,5279.82
9248.29,1975.98,5023.117,8445.669,1966.141,5541.719,8734.813,1955.12,4773.368,8317.359,1951.155,5882.423,7441.563,1976.812,4268.487,8842.911,1992.067,4309.379,8426.007,2014.702,5167.391,7740.204,1978.241,5014.913,7909.271,2030.728,4642.127,8303.901,1981.396,5409.121,8929.393,2020.255,4826.291,7968.605,2016.508,4970.06,8176.205,1968.176,4819.107,7482.731,2008.945,4778.84,8969.362,1966.29,5281.06
9249.228,1975.98,5023.287,8445.576,1966.141,5542.667,8735.667,1955.12,4772.945,8317.112,1951.155,5883.343,7440.634,1976.812,4268.277,8843.685,1992.067,4308.823,8425.805,2014.702,5168.321,7739.779,1978.241,5015.765,7908.772,2030.728,4642.938,8303.777,1981.396,5410.065,8930.327,2020.255,4826.109,7968.138,2016.508,4970.89,8175.846,1968.176,4819.99,7481.779,2008.945,4778.864,8970.07,1966.29,5281.697
9253.847,1975.98,5024.125,8445.116,1966.141,5547.339,8739.872,1955.12,4770.857,8315.893,1951.155,5887.876,7436.056,1976.812,4267.239,8847.496,1992.067,4306.083,8424.81,2014.702,5172.909,7737.685,1978.241,5019.967,7906.313,2030.728,4646.937,8303.167,1981.396,5414.72,8934.936,2020.255,4825.215,7965.832,2016.508,4974.979,8174.078,1968.176,4824.339,7477.086,2008.945,4778.983,8973.559,1966.29,5284.839
9254.859,1975.98,5024.309,8445.016,1966.141,5548.363,8740.794,1955.12,4770.4,8315.625,1951.155,5888.871,7435.052,1976.812,4267.012,8848.332,1992.067,4305.482,8424.592,2014.702,5173.915,7737.226,1978.241,5020.888,7905.773,2030.728,4647.813,8303.033,1981.396,5415.741,8935.946,2020.255,4825.019,7965.326,2016.508,4975.875,8173.69,1968.176,4825.292,7476.057,2008.945,4779.01,8974.323,1966.29,5285.528
9256.615,1975.98,5024.627,8444.841,1966.141,5550.139,8742.392,1955.12,4769.606,8315.162,1951.155,5890.593,7433.312,1976.812,4266.617,8849.78,1992.067,4304.441,8424.214,2014.702,5175.659,7736.43,1978.241,5022.485,7904.839,2030.728,4649.333,8302.802,1981.396,5417.51,8937.697,2020.255,4824.679,7964.449,2016.508,4977.429,8173.019,1968.176,4826.945,7474.273,2008.945,4779.055,8975.649,1966.29,5286.722
9260.161,1975.98,5025.27,8444.488,1966.141,5553.725,8745.619,1955.12,4768.004,8314.227,1951.155,5894.073,7429.798,1976.812,4265.821,8852.706,1992.067,4302.338,8423.45,2014.702,5179.18,7734.822,1978.241,5025.709,7902.951,2030.728,4652.402,8302.334,1981.396,5421.083,8941.234,2020.255,4823.992,7962.679,2016.508,4980.568,8171.662,1968.176,4830.283,7470.671,2008.945,4779.146,8978.327,1966.29,5289.133
9263.236,1975.98,5025.828,8444.183,1966.141,5556.835,8748.419,1955.12,4766.615,8313.415,1951.155,5897.091,7426.75,1976.812,4265.13,8855.244,1992.067,4300.513,8422.788,2014.702,5182.235,7733.428,1978.241,5028.507,7901.313,2030.728,4655.065,8301.928,1981.396,5424.182,8944.303,2020.255,4823.396,7961.144,2016.508,4983.291,8170.484,1968.176,4833.179,7467.546,2008.945,4779.226,8980.65,1966.29,5291.225
9264.085,1975.98,5025.981,8444.099,1966.141,5557.693,8749.191,1955.12,4766.231,8313.191,1951.155,5897.924,7425.909,1976.812,4264.939,8855.944,1992.067,4300.01,8422.605,2014.702,5183.078,7733.043,1978.241,5029.278,7900.862,2030.728,4655.799,8301.815,1981.396,5425.037,8945.149,2020.255,4823.232,7960.72,2016.508,4984.042,8170.16,1968.176,4833.978,7466.685,2008.945,4779.248,8981.291,1966.29,5291.801
9266.511,1975.98,5026.421,8443.857,1966.141,5560.146,8751.399,1955.12,4765.136,8312.551,1951.155,5900.304,7423.505,1976.812,4264.395,8857.945,1992.067,4298.571,8422.083,2014.702,5185.486,7731.943,1978.241,5031.484,7899.57,2030.728,4657.899,8301.495,1981.396,5427.48,8947.569,2020.255,4822.762,7959.509,2016.508,4986.188,8169.231,1968.176,4836.261,7464.221,2008.945,4779.311,8983.123,1966.29,5293.451
9268.635,1975.98,5026.807,8443.646,1966.141,5562.294,8753.333,1955.12,4764.176,8311.99,1951.155,5902.389,7421.4,1976.812,4263.917,8859.698,1992.067,4297.312,8421.626,2014.702,5187.596,7730.98,1978.241,5033.416,7898.439,2030.728,4659.737,8301.215,1981.396,5429.621,8949.688,2020.255,4822.351,7958.449,2016.508,4988.068,8168.418,1968.176,4838.26,7462.063,2008.945,4779.365,8984.727,1966.29,5294.895
9270.702,1975.98,5027.182,8443.44,1966.141,5564.385,8755.215,1955.12,4763.242,8311.444,1951.155,5904.417,7419.351,1976.812,4263.453,8861.404,1992.067,4296.085,8421.181,2014.702,5189.648,7730.043,1978.241,5035.296,7897.339,2030.728,4661.526,8300.942,1981.396,5431.704,8951.751,2020.255,4821.951,7957.417,2016.508,4989.898,8167.627,1968.176,4840.206,7459.963,2008.945,4779.418,8986.288,1966.29,5296.301
9273.013,1975.98,5027.601,8443.211,1966.141,5566.722,8757.318,1955.12,4762.198,8310.834,1951.155,5906.685,7417.061,1976.812,4262.934,8863.312,1992.067,4294.715,8420.683,2014.702,5191.943,7728.996,1978.241,5037.397,7896.108,2030.728,4663.526,8300.638,1981.396,5434.032,8954.057,2020.255,4821.503,7956.264,2016.508,4991.943,8166.743,1968.176,4842.381,7457.615,2008.945,4779.478,8988.033,1966.29,5297.872
9275.993,1975.98,5028.141,8442.914,1966.141,5569.736,8760.031,1955.12,4760.852,8310.047,1951.155,5909.61,7414.107,1976.812,4262.265,8865.771,1992.067,4292.947,8420.041,2014.702,5194.904,7727.644,1978.241,5040.108,7894.521,2030.728,4666.106,8300.244,1981.396,5437.036,8957.03,2020.255,4820.926,7954.775,2016.508,4994.582,8165.602,1968.176,4845.188,7454.587,2008.945,4779.555,8990.284,1966.29,5299.899
9278.627,1975.98,5028.619,8442.652,1966.141,5572.401,8762.43,1955.12,4759.661,8309.352,1951.155,5912.195,7411.496,1976.812,4261.673,8867.945,1992.067,4291.384,8419.474,2014.702,5197.52,7726.45,1978.241,5042.504,7893.119,2030.728,4668.387,8299.896,1981.396,5439.69,8959.658,2020.255,4820.416,7953.46,2016.508,4996.914,8164.594,1968.176,4847.667,7451.911,2008.945,4779.623,8992.273,1966.29,5301.69
9279.203,1975.98,5028.723,8442.595,1966.141,5572.983,8762.954,1955.12,4759.401,8309.199,1951.155,5912.761,7410.925,1976.812,4261.543,8868.421,1992.067,4291.042,8419.35,2014.702,5198.092,7726.188,1978.241,5043.028,7892.812,2030.728,4668.885,8299.82,1981.396,5440.271,8960.232,2020.255,4820.304,7953.173,2016.508,4997.424,8164.374,1968.176,4848.209,7451.326,2008.945,4779.638,8992.708,1966.29,5302.082
9282.795,1975.98,5029.375,8442.237,1966.141,5576.616,8766.224,1955.12,4757.778,8308.251,1951.155,5916.286,7407.365,1976.812,4260.736,8871.385,1992.067,4288.912,8418.576,2014.702,5201.659,7724.56,1978.241,5046.295,7890.899,2030.728,4671.995,8299.346,1981.396,5443.89,8963.815,2020.255,4819.608,7951.38,2016.508,5000.604,8162.999,1968.176,4851.591,7447.677,2008.945,4779.73,8995.421,1966.29,5304.524
9284.562,1975.98,5029.695,8442.062,1966.141,5578.402,8767.831,1955.12,4756.98,8307.785,1951.155,5918.019,7405.615,1976.812,4260.339,8872.842,1992.067,4287.864,8418.196,2014.702,5203.414,7723.759,1978.241,5047.902,7889.959,2030.728,4673.523,8299.112,1981.396,5445.669,8965.577,2020.255,4819.266,7950.498,2016.508,5002.167,8162.323,1968.176,4853.253,7445.882,2008.945,4779.776,8996.755,1966.29,5305.726
9286.873,1975.98,5030.114,8441.831,1966.141,5580.741,8769.936,1955.12,4755.936,8307.175,1951.155,5920.288,7403.323,1976.812,4259.82,8874.75,1992.067,4286.493,8417.698,2014.702,5205.709,7722.711,1978.241,5050.004,7888.728,2030.728,4675.524,8298.807,1981.396,5447.999,8967.884,2020.255,4818.818,7949.344,2016.508,5004.213,8161.438,1968.176,4855.43,7443.534,2008.945,4779.835,8998.501,1966.29,5307.298
9289.182,1975.98,5030.533,8441.602,1966.141,5583.076,8772.037,1955.12,4754.892,8306.565,1951.155,5922.554,7401.035,1976.812,4259.301,8876.655,1992.067,4285.123,8417.201,2014.702,5208.002,7721.664,1978.241,5052.104,7887.499,2030.728,4677.523,8298.502,1981.396,5450.326,8970.188,2020.255,4818.371,7948.191,2016.508,5006.257,8160.554,1968.176,4857.604,7441.188,2008.945,4779.895,9000.245,1966.29,5308.868
9292.348,1975.98,5031.107,8441.286,1966.141,5586.278,8774.919,1955.12,4753.461,8305.729,1951.155,5925.662,7397.896,1976.812,4258.59,8879.268,1992.067,4283.245,8416.52,2014.702,5211.147,7720.229,1978.241,5054.984,7885.813,2030.728,4680.264,8298.084,1981.396,5453.516,8973.347,2020.255,4817.758,7946.61,2016.508,5009.06,8159.342,1968.176,4860.584,7437.971,2008.945,4779.977,9002.637,1966.29,5311.021
9293.889,1975.98,5031.387,8441.133,1966.141,5587.836,8776.321,1955.12,4752.765,8305.323,1951.155,5927.174,7396.369,1976.812,4258.244,8880.539,1992.067,4282.331,8416.188,2014.702,5212.677,7719.53,1978.241,5056.386,7884.992,2030.728,4681.598,8297.881,1981.396,5455.069,8974.884,2020.255,4817.459,7945.841,2016.508,5010.424,8158.752,1968.176,4862.035,7436.406,2008.945,4780.016,9003.801,1966.29,5312.069
9297.042,1975.98,5031.958,8440.819,1966.141,5591.026,8779.192,1955.12,4751.34,8304.491,1951.155,5930.269,7393.243,1976.812,4257.535,8883.142,1992.067,4280.46,8415.509,2014.702,5215.81,7718.1,1978.241,5059.254,7883.313,2030.728,4684.328,8297.465,1981.396,5458.247,8978.03,2020.255,4816.849,7944.267,2016.508,5013.216,8157.545,1968.176,4865.004,7433.202,2008.945,4780.098,9006.183,1966.29,5314.214
9299.35,1975.98,5032.377,8440.59,1966.141,5593.361,8781.294,1955.12,4750.297,8303.882,1951.155,5932.534,7390.956,1976.812,4257.017,8885.046,1992.067,4279.091,8415.012,2014.702,5218.102,7717.054,1978.241,5061.354,7882.084,2030.728,4686.326,8297.16,1981.396,5460.573,8980.333,2020.255,4816.401,7943.114,2016.508,5015.259,8156.662,1968.176,4867.177,7430.857,2008.945,4780.157,9007.926,1966.29,5315.784
9301.662,1975.98,5032.796,8440.359,1966.141,5595.7,8783.398,1955.12,4749.252,8303.271,1951.155,5934.804,7388.664,1976.812,4256.497,8886.954,1992.067,4277.72,8414.514,2014.702,5220.398,7716.005,1978.241,5063.457,7880.853,2030.728,4688.327,8296.854,1981.396,5462.903,8982.64,2020.255,4815.954,7941.96,2016.508,5017.306,8155.777,1968.176,4869.354,7428.508,2008.945,4780.217,9009.672,1966.29,5317.356
9303.976,1975.98,5033.216,8440.129,1966.141,5598.039,8785.504,1955.12,4748.207,8302.661,1951.155,5937.074,7386.371,1976.812,4255.978,8888.863,1992.067,4276.348,8414.016,2014.702,5222.696,7714.957,1978.241,5065.561,7879.621,2030.728,4690.33,8296.549,1981.396,5465.234,8984.947,2020.255,4815.505,7940.805,2016.508,5019.353,8154.892,1968.176,4871.532,7426.158,2008.945,4780.276,9011.419,1966.29,5318.929
9305.912,1975.98,5033.567,8439.937,1966.141,5599.998,8787.267,1955.12,4747.332,8302.15,1951.155,5938.974,7384.452,1976.812,4255.542,8890.461,1992.067,4275.199,8413.599,2014.702,5224.619,7714.079,1978.241,5067.322,7878.59,2030.728,4692.006,8296.293,1981.396,5467.185,8986.879,2020.255,4815.13,7939.838,2016.508,5021.067,8154.15,1968.176,4873.355,7424.19,2008.945,4780.326,9012.882,1966.29,5320.246
9308.015,1975.98,5033.948,8439.728,1966.141,5602.125,8789.181,1955.12,4746.381,8301.596,1951.155,5941.038,7382.368,1976.812,4255.07,8892.196,1992.067,4273.952,8413.146,2014.702,5226.708,7713.125,1978.241,5069.234,7877.47,2030.728,4693.826,8296.016,1981.396,5469.304,8988.977,2020.255,4814.723,7938.789,2016.508,5022.928,8153.346,1968.176,4875.334,7422.054,2008.945,4780.38,9014.47,1966.29,5321.676
9310.541,1975.98,5034.406,8439.477,1966.141,5604.679,8791.48,1955.12,4745.24,8300.929,1951.155,5943.517,7379.864,1976.812,4254.503,8894.28,1992.067,4272.453,8412.602,2014.702,5229.216,7711.98,1978.241,5071.532,7876.125,2030.728,4696.013,8295.682,1981.396,5471.85,8991.497,2020.255,4814.234,7937.527,2016.508,5025.164,8152.379,1968.176,4877.712,7419.488,2008.945,4780.445,9016.377,1966.29,5323.394
9312.309,1975.98,5034.727,8439.301,1966.141,5606.467,8793.089,1955.12,4744.441,8300.462,1951.155,5945.251,7378.113,1976.812,4254.106,8895.738,1992.067,4271.405,8412.221,2014.702,5230.972,7711.179,1978.241,5073.139,7875.184,2030.728,4697.542,8295.448,1981.396,5473.63,8993.261,2020.255,4813.892,7936.645,2016.508,5026.729,8151.703,1968.176,4879.376,7417.692,2008.945,4780.491,9017.712,1966.29,5324.595
9314.62,1975.98,5035.146,8439.07,1966.141,5608.805,8795.193,1955.12,4743.396,8299.852,1951.155,5947.52,7375.821,1976.812,4253.586,8897.646,1992.067,4270.034,8411.723,2014.702,5233.268,7710.13,1978.241,5075.242,7873.953,2030.728,4699.543,8295.143,1981.396,5475.96,8995.567,2020.255,4813.444,7935.491,2016.508,5028.775,8150.818,1968.176,4881.553,7415.344,2008.945,4780.55,9019.458,1966.29,5326.167
9316.935,1975.98,5035.566,8438.84,1966.141,5611.146,8797.3,1955.12,4742.351,8299.24,1951.155,5949.791,7373.527,1976.812,4253.066,8899.556,1992.067,4268.661,8411.225,2014.702,5235.566,7709.081,1978.241,5077.347,7872.721,2030.728,4701.547,8294.837,1981.396,5478.292,8997.876,2020.255,4812.996,7934.335,2016.508,5030.824,8149.932,1968.176,4883.731,7412.993,2008.945,4780.61,9021.206,1966.29,5327.741
9319.242,1975.98,5035.984,8438.61,1966.141,5613.48,8799.401,1955.12,4741.308,8298.631,1951.155,5952.056,7371.24,1976.812,4252.548,8901.46,1992.067,4267.292,8410.728,2014.702,5237.858,7708.035,1978.241,5079.446,7871.492,2030.728,4703.545,8294.532,1981.396,5480.618,9000.179,2020.255,4812.548,7933.183,2016.508,5032.867,8149.049,1968.176,4885.904,7410.647,2008.945,4780.669,9022.949,1966.29,5329.311
9321.558,1975.98,5036.404,8438.38,1966.141,5615.822,8801.509,1955.12,4740.261,8298.02,1951.155,5954.328,7368.945,1976.812,4252.028,8903.37,1992.067,4265.918,8410.229,2014.702,5240.158,7706.985,1978.241,5081.552,7870.259,2030.728,4705.549,8294.227,1981.396,5482.951,9002.488,2020.255,4812.1,7932.027,2016.508,5034.916,8148.163,1968.176,4888.084,7408.295,2008.945,4780.729,9024.698,1966.29,5330.886
9323.872,1975.98,5036.824,8438.149,1966.141,5618.163,8803.616,1955.12,4739.215,8297.408,1951.155,5956.6,7366.651,1976.812,4251.508,8905.28,1992.067,4264.545,8409.73,2014.702,5242.457,7705.936,1978.241,5083.658,7869.026,2030.728,4707.553,8293.921,1981.396,5485.283,9004.798,2020.255,4811.652,7930.872,2016.508,5036.965,8147.277,1968.176,4890.263,7405.944,2008.945,4780.789,9026.446,1966.29,5332.46
9327.777,1975.98,5037.532,8437.761,1966.141,5622.112,8807.171,1955.12,4737.451,8296.377,1951.155,5960.432,7362.78,1976.812,4250.63,8908.503,1992.067,4262.229,8408.89,2014.702,5246.335,7704.165,1978.241,5087.209,7866.947,2030.728,4710.933,8293.405,1981.396,5489.218,9008.694,2020.255,4810.896,7928.922,2016.508,5040.422,8145.782,1968.176,4893.94,7401.977,2008.945,4780.889,9029.396,1966.29,5335.116
9328.799,1975.98,5037.717,8437.659,1966.141,5623.146,8808.101,1955.12,4736.989,8296.107,1951.155,5961.435,7361.768,1976.812,4250.401,8909.346,1992.067,4261.623,8408.67,2014.702,5247.35,7703.702,1978.241,5088.139,7866.403,2030.728,4711.817,8293.271,1981.396,5490.248,9009.714,2020.255,4810.698,7928.412,2016.508,5041.326,8145.391,1968.176,4894.902,7400.938,2008.945,4780.916,9030.167,1966.29,5335.811
9331.224,1975.98,5038.157,8437.418,1966.141,5625.599,8810.309,1955.12,4735.894,8295.467,1951.155,5963.815,7359.364,1976.812,4249.856,8911.347,1992.067,4260.185,8408.147,2014.702,5249.759,7702.602,1978.241,5090.345,7865.111,2030.728,4713.917,8292.95,1981.396,5492.691,9012.134,2020.255,4810.228,7927.201,2016.508,5043.473,8144.463,1968.176,4897.185,7398.475,2008.945,4780.978,9031.999,1966.29,5337.46
9333.35,1975.98,5038.543,8437.206,1966.141,5627.749,8812.244,1955.12,4734.933,8294.905,1951.155,5965.902,7357.256,1976.812,4249.378,8913.102,1992.067,4258.923,8407.689,2014.702,5251.871,7701.638,1978.241,5092.278,7863.979,2030.728,4715.757,8292.67,1981.396,5494.833,9014.255,2020.255,4809.816,7926.139,2016.508,5045.355,8143.649,1968.176,4899.187,7396.314,2008.945,4781.033,9033.604,1966.29,5338.906
9336.22,1975.98,5039.063,8436.921,1966.141,5630.652,8814.856,1955.12,4733.636,8294.147,1951.155,5968.719,7354.412,1976.812,4248.733,8915.47,1992.067,4257.221,8407.071,2014.702,5254.721,7700.337,1978.241,5094.889,7862.451,2030.728,4718.242,8292.291,1981.396,5497.726,9017.118,2020.255,4809.26,7924.706,2016.508,5047.896,8142.55,1968.176,4901.889,7393.398,2008.945,4781.107,9035.772,1966.29,5340.857
9337.966,1975.98,5039.38,8436.747,1966.141,5632.418,8816.446,1955.12,4732.847,8293.687,1951.155,5970.433,7352.681,1976.812,4248.341,8916.911,1992.067,4256.185,8406.695,2014.702,5256.456,7699.545,1978.241,5096.477,7861.521,2030.728,4719.753,8292.061,1981.396,5499.485,9018.86,2020.255,4808.922,7923.834,2016.508,5049.441,8141.882,1968.176,4903.533,7391.624,2008.945,4781.152,9037.092,1966.29,5342.045
9342.418,1975.98,5040.188,8436.304,1966.141,5636.921,8820.499,1955.12,4730.835,8292.512,1951.155,5974.802,7348.268,1976.812,4247.341,8920.585,1992.067,4253.543,8405.736,2014.702,5260.878,7697.526,1978.241,5100.526,7859.15,2030.728,4723.607,8291.473,1981.396,5503.972,9023.302,2020.255,4808.06,7921.611,2016.508,5053.382,8140.178,1968.176,4907.724,7387.101,2008.945,4781.267,9040.454,1966.29,5345.072
9345.1,1975.98,5040.674,8436.037,1966.141,5639.634,8822.94,1955.12,4729.624,8291.804,1951.155,5977.434,7345.61,1976.812,4246.738,8922.798,1992.067,4251.953,8405.159,2014.702,5263.542,7696.311,1978.241,5102.965,7857.723,2030.728,4725.929,8291.118,1981.396,5506.674,9025.978,2020.255,4807.54,7920.272,2016.508,5055.756,8139.151,1968.176,4910.249,7384.376,2008.945,4781.336,9042.479,1966.29,5346.896
9347.403,1975.98,5041.092,8435.808,1966.141,5641.963,8825.037,1955.12,4728.583,8291.195,1951.155,5979.694,7343.327,1976.812,4246.221,8924.698,1992.067,4250.586,8404.663,2014.702,5265.829,7695.266,1978.241,5105.061,7856.496,2030.728,4727.922,8290.814,1981.396,5508.995,9028.275,2020.255,4807.094,7919.123,2016.508,5057.795,8138.27,1968.176,4912.417,7382.036,2008.945,4781.396,9044.219,1966.29,5348.462
9349.294,1975.98,5041.435,8435.619,1966.141,5643.876,8826.759,1955.12,4727.728,8290.696,1951.155,5981.55,7341.453,1976.812,4245.796,8926.259,1992.067,4249.465,8404.256,2014.702,5267.707,7694.409,1978.241,5106.78,7855.489,2030.728,4729.559,8290.564,1981.396,5510.9,9030.162,2020.255,4806.728,7918.179,2016.508,5059.469,8137.546,1968.176,4914.198,7380.115,2008.945,4781.444,9045.646,1966.29,5349.748
9351.134,1975.98,5041.769,8435.437,1966.141,5645.737,8828.434,1955.12,4726.896,8290.211,1951.155,5983.356,7339.629,1976.812,4245.382,8927.777,1992.067,4248.374,8403.859,2014.702,5269.535,7693.574,1978.241,5108.454,7854.509,2030.728,4731.152,8290.321,1981.396,5512.754,9031.998,2020.255,4806.371,7917.26,2016.508,5061.098,8136.842,1968.176,4915.93,7378.246,2008.945,4781.492,9047.036,1966.29,5351
9351.845,1975.98,5041.897,8435.366,1966.141,5646.456,8829.081,1955.12,4726.575,8290.023,1951.155,5984.054,7338.925,1976.812,4245.223,8928.364,1992.067,4247.952,8403.706,2014.702,5270.241,7693.252,1978.241,5109.101,7854.131,2030.728,4731.768,8290.228,1981.396,5513.47,9032.707,2020.255,4806.233,7916.905,2016.508,5061.728,8136.57,1968.176,4916.6,7377.523,2008.945,4781.51,9047.573,1966.29,5351.483
9354.264,1975.98,5042.336,8435.126,1966.141,5648.903,8831.283,1955.12,4725.482,8289.385,1951.155,5986.428,7336.527,1976.812,4244.679,8930.36,1992.067,4246.517,8403.186,2014.702,5272.643,7692.155,1978.241,5111.301,7852.843,2030.728,4733.861,8289.908,1981.396,5515.908,9035.12,2020.255,4805.765,7915.698,2016.508,5063.869,8135.644,1968.176,4918.877,7375.066,2008.945,4781.573,9049.4,1966.29,5353.128
9356.373,1975.98,5042.719,8434.916,1966.141,5651.037,8833.204,1955.12,4724.529,8288.828,1951.155,5988.499,7334.436,1976.812,4244.205,8932.102,1992.067,4245.265,8402.731,2014.702,5274.739,7691.199,1978.241,5113.22,7851.719,2030.728,4735.688,8289.63,1981.396,5518.034,9037.225,2020.255,4805.356,7914.645,2016.508,5065.736,8134.836,1968.176,4920.863,7372.922,2008.945,4781.627,9050.993,1966.29,5354.563
9359.221,1975.98,5043.235,8434.633,1966.141,5653.917,8835.796,1955.12,4723.242,8288.076,1951.155,5991.293,7331.614,1976.812,4243.565,8934.451,1992.067,4243.576,8402.118,2014.702,5277.567,7689.908,1978.241,5115.81,7850.203,2030.728,4738.152,8289.254,1981.396,5520.903,9040.065,2020.255,4804.804,7913.223,2016.508,5068.257,8133.747,1968.176,4923.544,7370.029,2008.945,4781.7,9053.144,1966.29,5356.499
9360.954,1975.98,5043.55,8434.46,1966.141,5655.67,8837.374,1955.12,4722.458,8287.618,1951.155,5992.995,7329.895,1976.812,4243.176,8935.882,1992.067,4242.548,8401.745,2014.702,5279.289,7689.122,1978.241,5117.387,7849.28,2030.728,4739.653,8289.025,1981.396,5522.65,9041.795,2020.255,4804.468,7912.357,2016.508,5069.792,8133.083,1968.176,4925.177,7368.268,2008.945,4781.745,9054.453,1966.29,5357.678
9363.802,1975.98,5044.066,8434.177,1966.141,5658.55,8839.966,1955.12,4721.172,8286.866,1951.155,5995.79,7327.073,1976.812,4242.536,8938.231,1992.067,4240.859,8401.132,2014.702,5282.117,7687.831,1978.241,5119.977,7847.764,2030.728,4742.118,8288.649,1981.396,5525.52,9044.636,2020.255,4803.917,7910.936,2016.508,5072.313,8131.993,1968.176,4927.857,7365.375,2008.945,4781.818,9056.604,1966.29,5359.614
9365.536,1975.98,5044.381,8434.004,1966.141,5660.304,8841.544,1955.12,4720.388,8286.408,1951.155,5997.491,7325.354,1976.812,4242.146,8939.662,1992.067,4239.831,8400.759,2014.702,5283.839,7687.044,1978.241,5121.554,7846.84,2030.728,4743.619,8288.421,1981.396,5527.267,9046.365,2020.255,4803.581,7910.07,2016.508,5073.847,8131.33,1968.176,4929.49,7363.613,2008.945,4781.863,9057.913,1966.29,5360.793
9369.175,1975.98,5045.041,8433.642,1966.141,5663.985,8844.856,1955.12,4718.744,8285.447,1951.155,6001.063,7321.747,1976.812,4241.329,8942.665,1992.067,4237.672,8399.976,2014.702,5287.454,7685.395,1978.241,5124.864,7844.903,2030.728,4746.769,8287.94,1981.396,5530.934,9049.996,2020.255,4802.875,7908.253,2016.508,5077.068,8129.937,1968.176,4932.916,7359.916,2008.945,4781.957,9060.661,1966.29,5363.268
9370.178,1975.98,5045.223,8433.542,1966.141,5664.999,8845.769,1955.12,4718.291,8285.183,1951.155,6002.046,7320.753,1976.812,4241.104,8943.492,1992.067,4237.077,8399.76,2014.702,5288.449,7684.94,1978.241,5125.776,7844.369,2030.728,4747.637,8287.808,1981.396,5531.944,9050.996,2020.255,4802.681,7907.752,2016.508,5077.956,8129.553,1968.176,4933.859,7358.897,2008.945,4781.983,9061.418,1966.29,5363.949
9371.92,1975.98,5045.539,8433.368,1966.141,5666.761,8847.354,1955.12,4717.503,8284.723,1951.155,6003.756,7319.026,1976.812,4240.712,8944.93,1992.067,4236.043,8399.385,2014.702,5290.18,7684.15,1978.241,5127.361,7843.441,2030.728,4749.145,8287.577,1981.396,5533.7,9052.734,2020.255,4802.344,7906.882,2016.508,5079.498,8128.886,1968.176,4935.5,7357.127,2008.945,4782.028,9062.733,1966.29,5365.134
9375.293,1975.98,5046.15,8433.032,1966.141,5670.173,8850.425,1955.12,4715.979,8283.832,1951.155,6007.067,7315.683,1976.812,4239.955,8947.713,1992.067,4234.042,8398.658,2014.702,5293.53,7682.621,1978.241,5130.429,7841.646,2030.728,4752.065,8287.132,1981.396,5537.099,9056.1,2020.255,4801.69,7905.198,2016.508,5082.484,8127.595,1968.176,4938.676,7353.7,2008.945,4782.115,9065.28,1966.29,5367.427
9376.815,1975.98,5046.427,8432.881,1966.141,5671.713,8851.812,1955.12,4715.291,8283.43,1951.155,6008.562,7314.174,1976.812,4239.612,8948.97,1992.067,4233.139,8398.33,2014.702,5295.042,7681.93,1978.241,5131.814,7840.834,2030.728,4753.383,8286.931,1981.396,5538.634,9057.619,2020.255,4801.396,7904.438,2016.508,5083.832,8127.012,1968.176,4940.109,7352.153,2008.945,4782.154,9066.43,1966.29,5368.462
9379.932,1975.98,5046.992,8432.57,1966.141,5674.865,8854.648,1955.12,4713.883,8282.607,1951.155,6011.62,7311.085,1976.812,4238.912,8951.542,1992.067,4231.291,8397.659,2014.702,5298.138,7680.517,1978.241,5134.649,7839.175,2030.728,4756.081,8286.52,1981.396,5541.774,9060.729,2020.255,4800.792,7902.882,2016.508,5086.591,8125.819,1968.176,4943.043,7348.986,2008.945,4782.234,9068.783,1966.29,5370.581
9382.217,1975.98,5047.407,8432.343,1966.141,5677.176,8856.729,1955.12,4712.85,8282.004,1951.155,6013.863,7308.82,1976.812,4238.399,8953.428,1992.067,4229.935,8397.167,2014.702,5300.408,7679.481,1978.241,5136.728,7837.958,2030.728,4758.059,8286.218,1981.396,5544.077,9063.009,2020.255,4800.35,7901.741,2016.508,5088.614,8124.944,1968.176,4945.195,7346.665,2008.945,4782.293,9070.509,1966.29,5372.134
9383.821,1975.98,5047.698,8432.184,1966.141,5678.799,8858.189,1955.12,4712.125,8281.58,1951.155,6015.438,7307.229,1976.812,4238.039,8954.752,1992.067,4228.983,8396.821,2014.702,5302.001,7678.753,1978.241,5138.187,7837.104,2030.728,4759.448,8286.006,1981.396,5545.694,9064.609,2020.255,4800.039,7900.94,2016.508,5090.034,8124.33,1968.176,4946.705,7345.035,2008.945,4782.335,9071.72,1966.29,5373.225
9386.664,1975.98,5048.213,8431.9,1966.141,5681.674,8860.777,1955.12,4710.84,8280.83,1951.155,6018.228,7304.412,1976.812,4237.4,8957.098,1992.067,4227.297,8396.209,2014.702,5304.825,7677.464,1978.241,5140.772,7835.59,2030.728,4761.909,8285.631,1981.396,5548.559,9067.445,2020.255,4799.488,7899.521,2016.508,5092.551,8123.242,1968.176,4949.382,7342.146,2008.945,4782.408,9073.866,1966.29,5375.157
9388.391,1975.98,5048.526,8431.729,1966.141,5683.42,8862.349,1955.12,4710.06,8280.374,1951.155,6019.922,7302.701,1976.812,4237.012,8958.522,1992.067,4226.273,8395.837,2014.702,5306.54,7676.682,1978.241,5142.343,7834.67,2030.728,4763.403,8285.403,1981.396,5550.298,9069.168,2020.255,4799.154,7898.659,2016.508,5094.079,8122.581,1968.176,4951.007,7340.393,2008.945,4782.453,9075.169,1966.29,5376.331
9391.228,1975.98,5049.041,8431.446,1966.141,5686.29,8864.931,1955.12,4708.778,8279.625,1951.155,6022.706,7299.889,1976.812,4236.375,8960.863,1992.067,4224.59,8395.226,2014.702,5309.357,7675.396,1978.241,5144.923,7833.16,2030.728,4765.859,8285.028,1981.396,5553.157,9071.998,2020.255,4798.604,7897.243,2016.508,5096.59,8121.495,1968.176,4953.678,7337.511,2008.945,4782.526,9077.31,1966.29,5378.258
9392.957,1975.98,5049.354,8431.274,1966.141,5688.039,8866.505,1955.12,4707.997,8279.168,1951.155,6024.403,7298.175,1976.812,4235.986,8962.291,1992.067,4223.564,8394.854,2014.702,5311.075,7674.611,1978.241,5146.496,7832.239,2030.728,4767.356,8284.8,1981.396,5554.9,9073.724,2020.255,4798.27,7896.379,2016.508,5098.122,8120.833,1968.176,4955.306,7335.753,2008.945,4782.57,9078.615,1966.29,5379.434
9395.007,1975.98,5049.727,8431.07,1966.141,5690.113,8868.371,1955.12,4707.07,8278.627,1951.155,6026.416,7296.143,1976.812,4235.526,8963.983,1992.067,4222.348,8394.412,2014.702,5313.112,7673.682,1978.241,5148.361,7831.147,2030.728,4769.131,8284.529,1981.396,5556.966,9075.77,2020.255,4797.873,7895.355,2016.508,5099.937,8120.048,1968.176,4957.236,7333.67,2008.945,4782.623,9080.162,1966.29,5380.827
9397.293,1975.98,5050.141,8430.843,1966.141,5692.425,8870.452,1955.12,4706.037,8278.023,1951.155,6028.66,7293.876,1976.812,4235.012,8965.87,1992.067,4220.992,8393.92,2014.702,5315.383,7672.645,1978.241,5150.44,7829.93,2030.728,4771.11,8284.228,1981.396,5559.27,9078.051,2020.255,4797.43,7894.214,2016.508,5101.96,8119.173,1968.176,4959.389,7331.348,2008.945,4782.682,9081.888,1966.29,5382.38
9399.575,1975.98,5050.555,8430.615,1966.141,5694.733,8872.529,1955.12,4705.006,8277.421,1951.155,6030.899,7291.615,1976.812,4234.5,8967.753,1992.067,4219.638,8393.429,2014.702,5317.649,7671.61,1978.241,5152.516,7828.715,2030.728,4773.085,8283.926,1981.396,5561.569,9080.327,2020.255,4796.988,7893.075,2016.508,5103.98,8118.3,1968.176,4961.538,7329.029,2008.945,4782.741,9083.609,1966.29,5383.931
9401.863,1975.98,5050.97,8430.388,1966.141,5697.048,8874.612,1955.12,4703.972,8276.817,1951.155,6033.145,7289.347,1976.812,4233.985,8969.641,1992.067,4218.281,8392.936,2014.702,5319.922,7670.573,1978.241,5154.597,7827.497,2030.728,4775.066,8283.624,1981.396,5563.875,9082.61,2020.255,4796.544,7891.932,2016.508,5106.006,8117.424,1968.176,4963.692,7326.705,2008.945,4782.8,9085.336,1966.29,5385.485
9404.938,1975.98,5051.528,8430.082,1966.141,5700.157,8877.411,1955.12,4702.583,8276.006,1951.155,6036.162,7286.3,1976.812,4233.295,8972.178,1992.067,4216.457,8392.273,2014.702,5322.975,7669.179,1978.241,5157.394,7825.86,2030.728,4777.727,8283.218,1981.396,5566.973,9085.678,2020.255,4795.949,7890.397,2016.508,5108.727,8116.247,1968.176,4966.586,7323.581,2008.945,4782.879,9087.655,1966.29,5387.573
9406.666,1975.98,5051.841,8429.91,1966.141,5701.905,8878.984,1955.12,4701.802,8275.55,1951.155,6037.858,7284.586,1976.812,4232.907,8973.604,1992.067,4215.432,8391.901,2014.702,5324.692,7668.395,1978.241,5158.966,7824.939,2030.728,4779.223,8282.989,1981.396,5568.714,9087.402,2020.255,4795.614,7889.535,2016.508,5110.257,8115.585,1968.176,4968.213,7321.825,2008.945,4782.924,9088.959,1966.29,5388.747
9410.302,1975.98,5052.5,8429.549,1966.141,5705.583,8882.294,1955.12,4700.159,8274.59,1951.155,6041.427,7280.983,1976.812,4232.09,8976.604,1992.067,4213.275,8391.118,2014.702,5328.303,7666.747,1978.241,5162.273,7823.003,2030.728,4782.371,8282.509,1981.396,5572.378,9091.029,2020.255,4794.91,7887.719,2016.508,5113.476,8114.194,1968.176,4971.636,7318.131,2008.945,4783.018,9091.701,1966.29,5391.215
9411.305,1975.98,5052.682,8429.449,1966.141,5706.597,8883.207,1955.12,4699.706,8274.325,1951.155,6042.411,7279.989,1976.812,4231.865,8977.432,1992.067,4212.68,8390.902,2014.702,5329.299,7666.292,1978.241,5163.185,7822.47,2030.728,4783.238,8282.376,1981.396,5573.388,9092.029,2020.255,4794.716,7887.219,2016.508,5114.364,8113.81,1968.176,4972.58,7317.113,2008.945,4783.043,9092.457,1966.29,5391.896
9413.719,1975.98,5053.12,8429.209,1966.141,5709.038,8885.404,1955.12,4698.615,8273.688,1951.155,6044.78,7277.597,1976.812,4231.322,8979.424,1992.067,4211.249,8390.383,2014.702,5331.696,7665.198,1978.241,5165.38,7821.185,2030.728,4785.328,8282.058,1981.396,5575.82,9094.438,2020.255,4794.248,7886.014,2016.508,5116.5,8112.886,1968.176,4974.853,7314.661,2008.945,4783.106,9094.276,1966.29,5393.534
9416.499,1975.98,5053.625,8428.933,1966.141,5711.85,8887.935,1955.12,4697.358,8272.955,1951.155,6047.508,7274.841,1976.812,4230.698,8981.718,1992.067,4209.6,8389.784,2014.702,5334.458,7663.938,1978.241,5167.909,7819.704,2030.728,4787.734,8281.69,1981.396,5578.622,9097.211,2020.255,4793.709,7884.626,2016.508,5118.961,8111.822,1968.176,4977.47,7311.836,2008.945,4783.178,9096.371,1966.29,5395.421
9418.787,1975.98,5054.04,8428.705,1966.141,5714.164,8890.018,1955.12,4696.324,8272.351,1951.155,6049.754,7272.573,1976.812,4230.184,8983.606,1992.067,4208.242,8389.291,2014.702,5336.73,7662.9,1978.241,5169.99,7818.485,2030.728,4789.715,8281.389,1981.396,5580.928,9099.494,2020.255,4793.266,7883.483,2016.508,5120.987,8110.946,1968.176,4979.625,7309.511,2008.945,4783.237,9098.096,1966.29,5396.974
9420.7,1975.98,5054.387,8428.515,1966.141,5716.099,8891.759,1955.12,4695.46,8271.846,1951.155,6051.632,7270.677,1976.812,4229.754,8985.186,1992.067,4207.107,8388.879,2014.702,5338.631,7662.033,1978.241,5171.73,7817.467,2030.728,4791.371,8281.136,1981.396,5582.855,9101.402,2020.255,4792.896,7882.528,2016.508,5122.681,8110.214,1968.176,4981.426,7307.567,2008.945,4783.286,9099.537,1966.29,5398.271
9422.783,1975.98,5054.765,8428.308,1966.141,5718.206,8893.654,1955.12,4694.519,8271.296,1951.155,6053.676,7268.612,1976.812,4229.286,8986.904,1992.067,4205.872,8388.431,2014.702,5340.7,7661.088,1978.241,5173.625,7816.358,2030.728,4793.174,8280.86,1981.396,5584.954,9103.48,2020.255,4792.492,7881.488,2016.508,5124.524,8109.417,1968.176,4983.387,7305.451,2008.945,4783.34,9101.105,1966.29,5399.684
9425.275,1975.98,5055.217,8428.06,1966.141,5720.726,8895.923,1955.12,4693.393,8270.638,1951.155,6056.122,7266.142,1976.812,4228.726,8988.961,1992.067,4204.394,8387.894,2014.702,5343.175,7659.958,1978.241,5175.892,7815.031,2030.728,4795.331,8280.531,1981.396,5587.465,9105.967,2020.255,4792.009,7880.244,2016.508,5126.73,8108.462,1968.176,4985.733,7302.919,2008.945,4783.404,9102.982,1966.29,5401.374
9427.024,1975.98,5055.534,8427.886,1966.141,5722.495,8897.515,1955.12,4692.603,8270.176,1951.155,6057.838,7264.409,1976.812,4228.333,8990.404,1992.067,4203.356,8387.517,2014.702,5344.912,7659.166,1978.241,5177.482,7814.1,2030.728,4796.845,8280.301,1981.396,5589.228,9107.712,2020.255,4791.67,7879.371,2016.508,5128.279,8107.793,1968.176,4987.379,7301.143,2008.945,4783.449,9104.299,1966.29,5402.559
9429.315,1975.98,5055.95,8427.658,1966.141,5724.813,8899.601,1955.12,4691.567,8269.571,1951.155,6060.086,7262.138,1976.812,4227.818,8992.295,1992.067,4201.997,8387.023,2014.702,5347.188,7658.126,1978.241,5179.566,7812.879,2030.728,4798.829,8279.998,1981.396,5591.537,9109.998,2020.255,4791.227,7878.227,2016.508,5130.307,8106.916,1968.176,4989.537,7298.815,2008.945,4783.508,9106.023,1966.29,5404.112
9431.603,1975.98,5056.365,8427.431,1966.141,5727.126,8901.683,1955.12,4690.534,8268.968,1951.155,6062.331,7259.871,1976.812,4227.305,8994.183,1992.067,4200.64,8386.531,2014.702,5349.459,7657.089,1978.241,5181.647,7811.662,2030.728,4800.809,8279.696,1981.396,5593.841,9112.28,2020.255,4790.784,7877.085,2016.508,5132.332,8106.041,1968.176,4991.69,7296.491,2008.945,4783.567,9107.744,1966.29,5405.661
9433.893,1975.98,5056.78,8427.203,1966.141,5729.442,8903.767,1955.12,4689.499,8268.363,1951.155,6064.578,7257.601,1976.812,4226.79,8996.072,1992.067,4199.281,8386.038,2014.702,5351.734,7656.051,1978.241,5183.729,7810.442,2030.728,4802.791,8279.394,1981.396,5596.149,9114.564,2020.255,4790.34,7875.942,2016.508,5134.359,8105.164,1968.176,4993.846,7294.165,2008.945,4783.626,9109.467,1966.29,5407.212
9436.18,1975.98,5057.195,8426.976,1966.141,5731.755,8905.849,1955.12,4688.466,8267.76,1951.155,6066.823,7255.334,1976.812,4226.276,8997.96,1992.067,4197.925,8385.546,2014.702,5354.005,7655.014,1978.241,5185.81,7809.225,2030.728,4804.77,8279.092,1981.396,5598.454,9116.846,2020.255,4789.897,7874.8,2016.508,5136.383,8104.289,1968.176,4995.999,7291.842,2008.945,4783.686,9111.187,1966.29,5408.76
9438.467,1975.98,5057.609,8426.748,1966.141,5734.068,8907.931,1955.12,4687.433,8267.156,1951.155,6069.067,7253.068,1976.812,4225.763,8999.847,1992.067,4196.568,8385.054,2014.702,5356.277,7653.978,1978.241,5187.89,7808.007,2030.728,4806.75,8278.79,1981.396,5600.758,9119.127,2020.255,4789.455,7873.659,2016.508,5138.408,8103.413,1968.176,4998.151,7289.519,2008.945,4783.745,9112.905,1966.29,5410.308
9440.756,1975.98,5058.024,8426.521,1966.141,5736.383,8910.015,1955.12,4686.398,8266.552,1951.155,6071.313,7250.799,1976.812,4225.249,9001.736,1992.067,4195.21,8384.561,2014.702,5358.551,7652.939,1978.241,5189.972,7806.788,2030.728,4808.731,8278.487,1981.396,5603.065,9121.411,2020.255,4789.011,7872.516,2016.508,5140.434,8102.537,1968.176,5000.307,7287.193,2008.945,4783.804,9114.626,1966.29,5411.857
9443.144,1975.98,5058.458,8426.283,1966.141,5738.798,8912.188,1955.12,4685.319,8265.922,1951.155,6073.657,7248.432,1976.812,4224.712,9003.707,1992.067,4193.794,8384.047,2014.702,5360.922,7651.857,1978.241,5192.144,7805.516,2030.728,4810.798,8278.172,1981.396,5605.471,9123.793,2020.255,4788.549,7871.324,2016.508,5142.548,8101.623,1968.176,5002.555,7284.767,2008.945,4783.865,9116.42,1966.29,5413.473
9446.017,1975.98,5058.979,8425.997,1966.141,5741.705,8914.805,1955.12,4684.021,8265.163,1951.155,6076.477,7245.584,1976.812,4224.066,9006.078,1992.067,4192.089,8383.428,2014.702,5363.776,7650.554,1978.241,5194.758,7803.986,2030.728,4813.286,8277.792,1981.396,5608.366,9126.66,2020.255,4787.992,7869.889,2016.508,5145.091,8100.522,1968.176,5005.26,7281.848,2008.945,4783.939,9118.578,1966.29,5415.416
9447.611,1975.98,5059.268,8425.839,1966.141,5743.317,8916.256,1955.12,4683.3,8264.742,1951.155,6078.042,7244.003,1976.812,4223.708,9007.394,1992.067,4191.144,8383.084,2014.702,5365.36,7649.831,1978.241,5196.208,7803.137,2030.728,4814.666,8277.581,1981.396,5609.973,9128.251,2020.255,4787.684,7869.093,2016.508,5146.503,8099.912,1968.176,5006.761,7280.228,2008.945,4783.98,9119.775,1966.29,5416.493
9450.229,1975.98,5059.743,8425.578,1966.141,5745.966,8918.64,1955.12,4682.117,8264.051,1951.155,6080.612,7241.408,1976.812,4223.12,9009.555,1992.067,4189.59,8382.521,2014.702,5367.961,7648.644,1978.241,5198.59,7801.742,2030.728,4816.933,8277.235,1981.396,5612.612,9130.863,2020.255,4787.176,7867.786,2016.508,5148.821,8098.91,1968.176,5009.226,7277.567,2008.945,4784.048,9121.74,1966.29,5418.263
9452.716,1975.98,5060.194,8425.331,1966.141,5748.48,8920.903,1955.12,4680.993,8263.395,1951.155,6083.052,7238.943,1976.812,4222.561,9011.606,1992.067,4188.115,8381.985,2014.702,5370.431,7647.516,1978.241,5200.852,7800.418,2030.728,4819.085,8276.907,1981.396,5615.117,9133.344,2020.255,4786.695,7866.544,2016.508,5151.022,8097.958,1968.176,5011.567,7275.041,2008.945,4784.112,9123.605,1966.29,5419.942
9455.457,1975.98,5060.691,8425.059,1966.141,5751.253,8923.399,1955.12,4679.754,8262.671,1951.155,6085.742,7236.226,1976.812,4221.945,9013.869,1992.067,4186.489,8381.395,2014.702,5373.154,7646.273,1978.241,5203.345,7798.958,2030.728,4821.458,8276.545,1981.396,5617.88,9136.079,2020.255,4786.164,7865.176,2016.508,5153.449,8096.909,1968.176,5014.148,7272.256,2008.945,4784.183,9125.661,1966.29,5421.794
9458.579,1975.98,5061.257,8424.748,1966.141,5754.411,8926.241,1955.12,4678.344,8261.847,1951.155,6088.806,7233.132,1976.812,4221.244,9016.445,1992.067,4184.637,8380.723,2014.702,5376.254,7644.857,1978.241,5206.185,7797.296,2030.728,4824.16,8276.133,1981.396,5621.026,9139.193,2020.255,4785.559,7863.617,2016.508,5156.212,8095.714,1968.176,5017.087,7269.084,2008.945,4784.263,9128.002,1966.29,5423.901
9459.035,1975.98,5061.34,8424.703,1966.141,5754.872,8926.656,1955.12,4678.138,8261.727,1951.155,6089.253,7232.68,1976.812,4221.142,9016.821,1992.067,4184.366,8380.624,2014.702,5376.707,7644.651,1978.241,5206.599,7797.054,2030.728,4824.555,8276.072,1981.396,5621.485,9139.648,2020.255,4785.471,7863.39,2016.508,5156.616,8095.54,1968.176,5017.516,7268.621,2008.945,4784.275,9128.344,1966.29,5424.209
