0
0.04166667
0.08333334
0.125
0.1666667
0.2083333
0.25
0.2916667
0.3333333
0.375
0.4166666
0.4583333
0.4999999
0.5416666
0.5833333
0.625
0.6666667
0.7083334
0.7500001
0.7916667
0.8333334
0.8750001
0.9166668
0.9583335
1
1.041667
1.083333
1.125
1.166667
1.208333
1.25
1.291667
1.333333
1.375
1.416666
1.458333
1.5
1.541666
1.583333
1.625
1.666666
1.708333
1.749999
1.791666
1.833333
1.874999
1.916666
1.958333
1.999999
2.041666
2.083333
2.124999
2.166666
2.208333
2.25
2.291666
2.333333
2.375
2.416667
2.458333
2.5
2.541667
2.583333
2.625
2.666667
2.708334
2.75
2.791667
2.833334
2.875001
2.916667
2.958334
3.000001
3.041668
3.083334
3.125001
3.166668
3.208335
3.250001
3.291668
3.333335
3.375002
3.416668
3.458335
3.500002
3.541669
3.583335
3.625002
3.666669
3.708336
3.750002
3.791669
3.833336
3.875003
3.916669
3.958336
4.000003
4.041669
4.083336
4.125002
4.166669
4.208335
4.250002
4.291668
4.333335
4.375001
4.416668
4.458334
4.500001
4.541667
4.583334
4.625
4.666667
4.708333
4.75
4.791667
4.833333
4.875
4.916666
4.958333
4.999999
5.041666
5.083332
5.124999
5.166665
5.208332
5.249998
5.291665
5.333331
5.374998
5.416664
5.458331
5.499997
5.541664
5.58333
5.624997
5.666663
5.70833
5.749996
5.791663
5.833329
5.874996
5.916662
5.958329
5.999995
6.041662
6.083328
6.124995
6.166661
6.208328
6.249994
6.291661
6.333327
6.374994
6.41666
6.458327
6.499993
6.54166
6.583326
6.624993
6.666659
6.708326
6.749992
6.791659
6.833325
6.874992
6.916658
6.958325
6.999991
7.041658
7.083324
7.124991
7.166657
7.208324
7.24999
7.291657
7.333323
7.37499
7.416656
7.458323
7.49999
7.541656
7.583323
7.624989
7.666656
7.708322
7.749989
7.791655
7.833322
7.874988
7.916655
7.958321
7.999988
8.041655
8.083322
8.124989
8.166656
8.208323
8.24999
8.291656
8.333323
8.37499
8.416657
8.458324
8.499991
8.541658
8.583325
8.624992
8.666659
8.708326
8.749993
8.79166
8.833327
8.874994
8.916661
8.958328
8.999995
9.041662
9.083329
9.124996
9.166663
9.20833
9.249997
9.291664
9.333331
9.374998
9.416665
9.458332
9.499999
9.541666
9.583333
9.625
9.666667
9.708334
9.750001
9.791668
9.833335
9.875002
9.916669
9.958336
10
10.04167
10.08334
10.125
10.16667
10.20834
10.25
10.29167
10.33334
10.37501
10.41667
10.45834
10.50001
10.54167
10.58334
10.62501
10.66667
10.70834
10.75001
10.79168
10.83334
10.87501
10.91668
10.95834
11.00001
11.04168
11.08334
11.12501
11.16668
11.20835
11.25001
11.29168
11.33335
11.37501
11.41668
11.45835
11.50001
11.54168
11.58335
11.62502
11.66668
11.70835
11.75002
11.79168
11.83335
11.87502
11.91668
11.95835
12.00002
12.04169
12.08335
12.12502
12.16669
12.20835
12.25002
12.29169
12.33335
12.37502
12.41669
12.45835
12.50002
12.54169
12.58336
12.62502
12.66669
12.70836
12.75002
12.79169
12.83336
12.87502
12.91669
12.95836
13.00003
13.04169
13.08336
13.12503
13.16669
13.20836
13.25003
13.29169
13.33336
13.37503
13.4167
13.45836
13.50003
13.5417
13.58336
13.62503
13.6667
13.70836
13.75003
13.7917
13.83337
13.87503
13.9167
13.95837
14.00003
14.0417
14.08337
14.12503
14.1667
14.20837
14.25004
14.2917
14.33337
14.37504
14.4167
14.45837
14.50004
14.5417
14.58337
14.62504
14.66671
14.70837
14.75004
14.79171
14.83337
14.87504
14.91671
14.95837
15.00004
15.04171
15.08337
15.12504
15.16671
15.20838
15.25004
15.29171
15.33338
15.37504
15.41671
15.45838
15.50004
15.54171
15.58338
15.62505
15.66671
15.70838
15.75005
15.79171
15.83338
15.87505
15.91671
15.95838
16.00005
16.04171
16.08338
16.12505
16.16671
16.20838
16.25004
16.29171
16.33338
16.37504
16.41671
16.45837
16.50004
16.54171
16.58337
16.62504
16.6667
16.70837
16.75004
16.7917
16.83337
16.87503
16.9167
16.95837
17.00003
17.0417
17.08336
17.12503
17.1667
17.20836
17.25003
17.29169
17.33336
17.37503
17.41669
17.45836
17.50002
17.54169
17.58336
17.62502
17.66669
17.70835
17.75002
17.79169
17.83335
17.87502
17.91669
17.95835
18.00002
18.04168
18.08335
18.12502
18.16668
18.20835
18.25001
18.29168
18.33335
18.37501
18.41668
18.45834
18.50001
18.54168
18.58334
18.62501
18.66667
18.70834
18.75001
18.79167
18.83334
18.875
18.91667
18.95834
19
19.04167
19.08333
19.125
19.16667
19.20833
19.25
19.29166
19.33333
19.375
19.41666
19.45833
19.49999
19.54166
19.58333
19.62499
19.66666
19.70832
19.74999
19.79166
19.83332
19.87499
19.91665
19.95832
19.99999
20.04165
20.08332
20.12498
20.16665
20.20832
20.24998
20.29165
20.33331
20.37498
20.41665
20.45831
20.49998
20.54165
20.58331
20.62498
20.66664
20.70831
20.74998
20.79164
20.83331
20.87497
20.91664
20.95831
20.99997
21.04164
21.0833
21.12497
21.16664
21.2083
21.24997
21.29163
21.3333
21.37497
21.41663
21.4583
21.49996
21.54163
21.5833
21.62496
21.66663
21.70829
21.74996
21.79163
21.83329
21.87496
21.91662
21.95829
21.99996
22.04162
22.08329
22.12495
22.16662
22.20829
22.24995
22.29162
22.33328
22.37495
22.41662
22.45828
22.49995
22.54161
22.58328
22.62495
22.66661
22.70828
22.74994
22.79161
22.83328
22.87494
22.91661
22.95827
22.99994
23.04161
23.08327
23.12494
23.1666
23.20827
23.24994
23.2916
23.33327
23.37494
23.4166
23.45827
23.49993
23.5416
23.58327
23.62493
23.6666
23.70826
23.74993
23.7916
23.83326
23.87493
23.91659
23.95826
23.99993
24.04159
24.08326
24.12492
24.16659
24.20826
24.24992
24.29159
24.33325
24.37492
24.41659
24.45825
24.49992
24.54158
24.58325
24.62492
24.66658
24.70825
24.74991
24.79158
24.83325
24.87491
24.91658
24.95824
24.99991
25.04158
25.08324
25.12491
25.16657
25.20824
25.24991
25.29157
25.33324
25.3749
25.41657
25.45824
25.4999
25.54157
25.58323
25.6249
25.66657
25.70823
25.7499
25.79156
25.83323
25.8749
25.91656
25.95823
25.9999
26.04156
26.08323
26.12489
26.16656
26.20823
26.24989
26.29156
26.33322
26.37489
26.41656
26.45822
26.49989
26.54155
26.58322
26.62489
26.66655
26.70822
26.74988
26.79155
26.83322
26.87488
26.91655
26.95821
26.99988
27.04155
27.08321
27.12488
27.16654
27.20821
27.24988
27.29154
27.33321
27.37487
27.41654
27.45821
27.49987
27.54154
27.5832
27.62487
27.66654
27.7082
27.74987
27.79153
27.8332
27.87487
27.91653
27.9582
27.99986
28.04153
28.0832
28.12486
28.16653
28.20819
28.24986
28.29153
28.33319
28.37486
28.41652
28.45819
28.49986
28.54152
28.58319
28.62486
28.66652
28.70819
28.74985
28.79152
28.83319
28.87485
28.91652
28.95818
28.99985
29.04152
29.08318
29.12485
29.16651
29.20818
29.24985
29.29151
29.33318
29.37484
29.41651
29.45818
29.49984
29.54151
29.58317
29.62484
29.66651
29.70817
29.74984
29.7915
29.83317
29.87484
29.9165
29.95817
29.99983
30.0415
30.08317
30.12483
30.1665
30.20816
30.24983
30.2915
30.33316
30.37483
30.41649
30.45816
30.49983
30.54149
30.58316
30.62482
30.66649
30.70816
30.74982
30.79149
30.83315
30.87482
30.91649
30.95815
30.99982
31.04148
31.08315
31.12482
31.16648
31.20815
31.24981
31.29148
31.33315
31.37481
31.41648
31.45815
31.49981
31.54148
31.58314
31.62481
31.66648
31.70814
31.74981
31.79147
31.83314
31.87481
31.91647
31.95814
31.9998
32.04147
32.08314
32.12481
32.16647
32.20814
32.24981
32.29148
32.33315
32.37481
32.41648
32.45815
32.49982
32.54148
32.58315
32.62482
32.66649
32.70816
32.74982
32.79149
32.83316
32.87483
32.9165
32.95816
32.99983
33.0415
33.08317
33.12484
33.1665
33.20817
33.24984
33.29151
33.33318
33.37484
33.41651
33.45818
33.49985
33.54152
33.58318
33.62485
33.66652
33.70819
33.74986
33.79152
33.83319
33.87486
33.91653
33.95819
33.99986
34.04153
34.0832
34.12487
34.16653
34.2082
34.24987
34.29154
34.33321
34.37487
34.41654
34.45821
34.49988
34.54155
34.58321
34.62488
34.66655
34.70822
34.74989
34.79155
34.83322
34.87489
34.91656
34.95823
34.99989
35.04156
35.08323
35.1249
35.16656
35.20823
35.2499
35.29157
35.33324
35.3749
35.41657
35.45824
35.49991
35.54158
35.58324
35.62491
35.66658
35.70825
35.74992
35.79158
35.83325
35.87492
35.91659
35.95826
35.99992
36.04159
36.08326
36.12493
36.1666
36.20826
36.24993
36.2916
36.33327
36.37494
36.4166
36.45827
36.49994
36.54161
36.58327
36.62494
36.66661
36.70828
36.74995
36.79161
36.83328
36.87495
36.91662
36.95829
36.99995
37.04162
37.08329
37.12496
37.16663
37.20829
37.24996
37.29163
37.3333
37.37497
37.41663
37.4583
37.49997
37.54164
37.58331
37.62497
37.66664
37.70831
37.74998
37.79165
37.83331
37.87498
37.91665
37.95832
37.99998
38.04165
38.08332
38.12499
38.16666
38.20832
38.24999
38.29166
38.33333
38.375
38.41666
38.45833
38.5
38.54167
38.58334
38.625
38.66667
38.70834
38.75001
38.79168
38.83334
38.87501
38.91668
38.95835
39.00002
39.04168
39.08335
39.12502
39.16669
39.20835
39.25002
39.29169
39.33336
39.37503
39.41669
39.45836
39.50003
39.5417
39.58337
39.62503
39.6667
39.70837
39.75004
39.79171
39.83337
39.87504
39.91671
39.95838
40.00005
40.04171
40.08338
40.12505
40.16672
40.20839
40.25005
40.29172
40.33339
40.37506
40.41673
40.45839
40.50006
40.54173
40.5834
40.62506
40.66673
40.7084
40.75007
40.79174
40.8334
40.87507
40.91674
40.95841
41.00008
41.04174
41.08341
41.12508
41.16675
41.20842
41.25008
41.29175
41.33342
41.37509
41.41676
41.45842
41.50009
41.54176
41.58343
41.6251
41.66676
41.70843
41.7501
41.79177
41.83344
41.8751
41.91677
41.95844
42.00011
42.04177
42.08344
42.12511
42.16678
42.20845
42.25011
42.29178
42.33345
42.37512
42.41679
42.45845
42.50012
42.54179
42.58346
42.62513
42.66679
42.70846
42.75013
42.7918
42.83347
42.87513
42.9168
42.95847
43.00014
43.04181
43.08347
43.12514
43.16681
43.20848
43.25014
43.29181
43.33348
43.37515
43.41682
43.45848
43.50015
43.54182
43.58349
43.62516
43.66682
43.70849
43.75016
43.79183
43.8335
43.87516
43.91683
43.9585
44.00017
44.04184
44.0835
44.12517
44.16684
44.20851
44.25018
44.29184
44.33351
44.37518
44.41685
44.45852
44.50018
44.54185
44.58352
44.62519
44.66685
44.70852
44.75019
44.79186
44.83353
44.87519
44.91686
44.95853
45.0002
45.04187
45.08353
45.1252
45.16687
45.20854
45.25021
45.29187
45.33354
45.37521
45.41688
45.45855
45.50021
45.54188
45.58355
45.62522
45.66689
45.70855
45.75022
45.79189
45.83356
45.87523
45.91689
45.95856
46.00023
46.0419
46.08356
46.12523
46.1669
46.20857
46.25024
46.2919
46.33357
46.37524
46.41691
46.45858
46.50024
46.54191
46.58358
46.62525
46.66692
46.70858
46.75025
46.79192
46.83359
46.87526
46.91692
46.95859
47.00026
47.04193
47.0836
47.12526
47.16693
47.2086
47.25027
47.29193
47.3336
47.37527
47.41694
47.45861
47.50027
47.54194
47.58361
47.62528
47.66695
47.70861
47.75028
47.79195
47.83362
47.87529
47.91695
47.95862
48.00029
48.04196
48.08363
48.12529
48.16696
48.20863
48.2503
48.29197
48.33363
48.3753
48.41697
48.45864
48.50031
48.54197
48.58364
48.62531
48.66698
48.70864
48.75031
48.79198
48.83365
48.87532
48.91698
48.95865
49.00032
49.04199
49.08366
49.12532
49.16699
49.20866
49.25033
49.292
49.33366
49.37533
49.417
49.45867
49.50034
49.542
49.58367
49.62534
49.66701
49.70868
49.75034
49.79201
49.83368
49.87535
49.91702
49.95868
50.00035
50.04202
50.08369
50.12535
50.16702
50.20869
50.25036
50.29203
50.33369
50.37536
50.41703
50.4587
50.50037
50.54203
50.5837
50.62537
50.66704
50.70871
50.75037
50.79204
50.83371
50.87538
50.91705
50.95871
51.00038
51.04205
51.08372
51.12539
51.16705
51.20872
51.25039
51.29206
51.33372
51.37539
51.41706
51.45873
51.5004
51.54206
51.58373
51.6254
51.66707
51.70874
51.7504
51.79207
51.83374
51.87541
51.91708
51.95874
52.00041
52.04208
52.08375
52.12542
52.16708
52.20875
52.25042
52.29209
52.33376
52.37542
52.41709
52.45876
52.50043
52.5421
52.58376
52.62543
52.6671
52.70877
52.75043
52.7921
52.83377
52.87544
52.91711
52.95877
53.00044
53.04211
53.08378
53.12545
53.16711
53.20878
53.25045
53.29212
53.33379
53.37545
53.41712
53.45879
53.50046
53.54213
53.58379
53.62546
53.66713
53.7088
53.75047
53.79213
53.8338
53.87547
53.91714
53.95881
54.00047
54.04214
54.08381
54.12548
54.16714
54.20881
54.25048
54.29215
54.33382
54.37548
54.41715
54.45882
54.50049
54.54216
54.58382
54.62549
54.66716
54.70883
54.7505
54.79216
54.83383
54.8755
54.91717
54.95884
55.0005
55.04217
55.08384
55.12551
55.16718
55.20884
55.25051
55.29218
55.33385
55.37551
55.41718
55.45885
55.50052
55.54219
55.58385
55.62552
55.66719
55.70886
55.75053
55.79219
55.83386
55.87553
55.9172
55.95887
56.00053
56.0422
56.08387
56.12554
56.16721
56.20887
56.25054
56.29221
56.33388
56.37555
56.41721
56.45888
56.50055
56.54222
56.58389
56.62555
56.66722
56.70889
56.75056
56.79222
56.83389
56.87556
56.91723
56.9589
57.00056
57.04223
57.0839
57.12557
57.16724
57.2089
57.25057
57.29224
57.33391
57.37558
57.41724
57.45891
57.50058
57.54225
57.58392
57.62558
57.66725
57.70892
57.75059
57.79226
57.83392
57.87559
57.91726
57.95893
58.0006
58.04226
58.08393
58.1256
58.16727
58.20893
58.2506
58.29227
58.33394
58.37561
58.41727
58.45894
58.50061
58.54228
58.58395
58.62561
58.66728
58.70895
58.75062
58.79229
58.83395
58.87562
58.91729
58.95896
59.00063
59.04229
59.08396
59.12563
59.1673
59.20897
59.25063
59.2923
59.33397
59.37564
59.4173
59.45897
59.50064
59.54231
59.58398
59.62564
59.66731
59.70898
59.75065
59.79232
59.83398
59.87565
59.91732
59.95899
60.00066
60.04232
60.08399
60.12566
60.16733
60.209
60.25066
60.29233
60.334
60.37567
60.41734
60.459
60.50067
60.54234
60.58401
60.62568
60.66734
60.70901
60.75068
60.79235
60.83401
60.87568
60.91735
60.95902
61.00069
61.04235
61.08402
61.12569
61.16736
61.20903
61.25069
61.29236
61.33403
61.3757
61.41737
61.45903
61.5007
61.54237
61.58404
61.62571
61.66737
61.70904
61.75071
61.79238
61.83405
61.87571
61.91738
61.95905
62.00072
62.04239
62.08405
62.12572
62.16739
62.20906
62.25072
62.29239
62.33406
62.37573
62.4174
62.45906
62.50073
62.5424
62.58407
62.62574
62.6674
62.70907
62.75074
62.79241
62.83408
62.87574
62.91741
62.95908
63.00075
63.04242
63.08408
63.12575
63.16742
63.20909
63.25076
63.29242
63.33409
63.37576
63.41743
63.4591
63.50076
63.54243
63.5841
63.62577
63.66743
63.7091
63.75077
63.79244
63.83411
63.87577
63.91744
63.95911
64.00078
64.04244
64.08411
64.12577
64.16743
64.2091
64.25076
64.29243
64.33409
64.37576
64.41742
64.45908
64.50075
64.54241
64.58408
64.62574
64.6674
64.70907
64.75073
64.7924
64.83406
64.87572
64.91739
64.95905
65.00072
65.04238
65.08405
65.12571
65.16737
65.20904
65.2507
65.29237
65.33403
65.37569
65.41736
65.45902
65.50069
65.54235
65.58401
65.62568
65.66734
65.70901
65.75067
65.79234
65.834
65.87566
65.91733
65.95899
66.00066
66.04232
66.08398
66.12565
66.16731
66.20898
66.25064
66.2923
66.33397
66.37563
66.4173
66.45896
66.50063
66.54229
66.58395
66.62562
66.66728
66.70895
66.75061
66.79227
66.83394
66.8756
66.91727
66.95893
67.0006
67.04226
67.08392
67.12559
67.16725
67.20892
67.25058
67.29224
67.33391
67.37557
67.41724
67.4589
67.50056
67.54223
67.58389
67.62556
67.66722
67.70889
67.75055
67.79221
67.83388
67.87554
67.91721
67.95887
68.00053
68.0422
68.08386
68.12553
68.16719
68.20885
68.25052
68.29218
68.33385
68.37551
68.41718
68.45884
68.5005
68.54217
68.58383
68.6255
68.66716
68.70882
68.75049
68.79215
68.83382
68.87548
68.91714
68.95881
69.00047
69.04214
69.0838
69.12547
69.16713
69.20879
69.25046
69.29212
69.33379
69.37545
69.41711
69.45878
69.50044
69.54211
69.58377
69.62543
69.6671
69.70876
69.75043
69.79209
69.83376
69.87542
69.91708
69.95875
70.00041
70.04208
70.08374
70.1254
70.16707
70.20873
70.2504
70.29206
70.33372
70.37539
70.41705
70.45872
70.50038
70.54205
70.58371
70.62537
70.66704
70.7087
70.75037
70.79203
70.83369
70.87536
70.91702
70.95869
71.00035
71.04202
71.08368
71.12534
71.16701
71.20867
71.25034
71.292
71.33366
71.37533
71.41699
71.45866
71.50032
71.54198
71.58365
71.62531
71.66698
71.70864
71.75031
71.79197
71.83363
71.8753
71.91696
71.95863
72.00029
72.04195
72.08362
72.12528
72.16695
72.20861
72.25027
72.29194
72.3336
72.37527
72.41693
72.4586
72.50026
72.54192
72.58359
72.62525
72.66692
72.70858
72.75024
72.79191
72.83357
72.87524
72.9169
72.95856
73.00023
73.04189
73.08356
73.12522
73.16689
73.20855
73.25021
73.29188
73.33354
73.37521
73.41687
73.45853
73.5002
73.54186
73.58353
73.62519
73.66685
73.70852
73.75018
73.79185
73.83351
73.87518
73.91684
73.9585
74.00017
74.04183
74.0835
74.12516
74.16682
74.20849
74.25015
74.29182
74.33348
74.37514
74.41681
74.45847
74.50014
74.5418
74.58347
74.62513
74.66679
74.70846
74.75012
74.79179
74.83345
74.87511
74.91678
74.95844
75.00011
75.04177
75.08344
75.1251
75.16676
75.20843
75.25009
75.29176
75.33342
75.37508
75.41675
75.45841
75.50008
75.54174
75.5834
75.62507
75.66673
75.7084
75.75006
75.79173
75.83339
75.87505
75.91672
75.95838
76.00005
76.04171
76.08337
76.12504
76.1667
76.20837
76.25003
76.29169
76.33336
76.37502
76.41669
76.45835
76.50002
76.54168
76.58334
76.62501
76.66667
76.70834
76.75
76.79166
76.83333
76.87499
76.91666
76.95832
76.99998
77.04165
77.08331
77.12498
77.16664
77.20831
77.24997
77.29163
77.3333
77.37496
77.41663
77.45829
77.49995
77.54162
77.58328
77.62495
77.66661
77.70827
77.74994
77.7916
77.83327
77.87493
77.9166
77.95826
77.99992
78.04159
78.08325
78.12492
78.16658
78.20824
78.24991
78.29157
78.33324
78.3749
78.41656
78.45823
78.49989
78.54156
78.58322
78.62489
78.66655
78.70821
78.74988
78.79154
78.83321
78.87487
78.91653
78.9582
78.99986
79.04153
79.08319
79.12486
79.16652
79.20818
79.24985
79.29151
79.33318
79.37484
79.4165
79.45817
79.49983
79.5415
79.58316
79.62482
79.66649
79.70815
79.74982
79.79148
79.83315
79.87481
79.91647
79.95814
79.9998
80.04147
80.08313
80.12479
80.16646
80.20812
80.24979
80.29145
80.33311
80.37478
80.41644
80.45811
80.49977
80.54144
80.5831
80.62476
80.66643
80.70809
80.74976
80.79142
80.83308
80.87475
80.91641
80.95808
80.99974
81.0414
81.08307
81.12473
81.1664
81.20806
81.24973
81.29139
81.33305
81.37472
81.41638
81.45805
81.49971
81.54137
81.58304
81.6247
81.66637
81.70803
81.74969
81.79136
81.83302
81.87469
81.91635
81.95802
81.99968
82.04134
82.08301
82.12467
82.16634
82.208
82.24966
82.29133
82.33299
82.37466
82.41632
82.45798
82.49965
82.54131
82.58298
82.62464
82.66631
82.70797
82.74963
82.7913
82.83296
82.87463
82.91629
82.95795
82.99962
83.04128
83.08295
83.12461
83.16628
83.20794
83.2496
83.29127
83.33293
83.3746
83.41626
83.45792
83.49959
83.54125
83.58292
83.62458
83.66624
83.70791
83.74957
83.79124
83.8329
83.87457
83.91623
83.95789
83.99956
84.04122
84.08289
84.12455
84.16621
84.20788
84.24954
84.29121
84.33287
84.37453
84.4162
84.45786
84.49953
84.54119
84.58286
84.62452
84.66618
84.70785
84.74951
84.79118
84.83284
84.8745
84.91617
84.95783
84.9995
85.04116
85.08282
85.12449
85.16615
85.20782
85.24948
85.29115
85.33281
85.37447
85.41614
85.4578
85.49947
85.54113
85.58279
85.62446
85.66612
85.70779
85.74945
85.79111
85.83278
85.87444
85.91611
85.95777
85.99944
86.0411
86.08276
86.12443
86.16609
86.20776
86.24942
86.29108
86.33275
86.37441
86.41608
86.45774
86.4994
86.54107
86.58273
86.6244
86.66606
86.70773
86.74939
86.79105
86.83272
86.87438
86.91605
86.95771
86.99937
87.04104
87.0827
87.12437
87.16603
87.2077
87.24936
87.29102
87.33269
87.37435
87.41602
87.45768
87.49934
87.54101
87.58267
87.62434
87.666
87.70766
87.74933
87.79099
87.83266
87.87432
87.91599
87.95765
87.99931
88.04098
88.08264
88.12431
88.16597
88.20763
88.2493
88.29096
88.33263
88.37429
88.41595
88.45762
88.49928
88.54095
88.58261
88.62428
88.66594
88.7076
88.74927
88.79093
88.8326
88.87426
88.91592
88.95759
88.99925
89.04092
89.08258
89.12424
89.16591
89.20757
89.24924
89.2909
89.33257
89.37423
89.41589
89.45756
89.49922
89.54089
89.58255
89.62421
89.66588
89.70754
89.74921
89.79087
89.83253
89.8742
89.91586
89.95753
89.99919
90.04086
90.08252
90.12418
90.16585
90.20751
90.24918
90.29084
90.3325
90.37417
90.41583
90.4575
90.49916
90.54082
90.58249
90.62415
90.66582
90.70748
90.74915
90.79081
90.83247
90.87414
90.9158
90.95747
90.99913
91.04079
91.08246
91.12412
91.16579
91.20745
91.24911
91.29078
91.33244
91.37411
91.41577
91.45744
91.4991
91.54076
91.58243
91.62409
91.66576
91.70742
91.74908
91.79075
91.83241
91.87408
91.91574
91.95741
91.99907
92.04073
92.0824
92.12406
92.16573
92.20739
92.24905
92.29072
92.33238
92.37405
92.41571
92.45737
92.49904
92.5407
92.58237
92.62403
92.6657
92.70736
92.74902
92.79069
92.83235
92.87402
92.91568
92.95734
92.99901
93.04067
93.08234
93.124
93.16566
93.20733
93.24899
93.29066
93.33232
93.37399
93.41565
93.45731
93.49898
93.54064
93.58231
93.62397
93.66563
93.7073
93.74896
93.79063
93.83229
93.87395
93.91562
93.95728
93.99895
94.04061
94.08228
94.12394
94.1656
94.20727
94.24893
94.2906
94.33226
94.37392
94.41559
94.45725
94.49892
94.54058
94.58224
94.62391
94.66557
94.70724
94.7489
94.79057
94.83223
94.87389
94.91556
94.95722
94.99889
95.04055
95.08221
95.12388
95.16554
95.20721
95.24887
95.29053
95.3322
95.37386
95.41553
95.45719
95.49886
95.54052
95.58218
95.62385
95.66551
95.70718
95.74884
95.7905
95.83217
95.87383
95.9155
95.95716
95.99883
96.04049
96.08215
96.12382
96.16548
96.20715
96.24881
96.29047
96.33214
96.3738
96.41547
96.45713
96.49879
96.54046
96.58212
96.62379
96.66545
96.70712
96.74878
96.79044
96.83211
96.87377
96.91544
96.9571
96.99876
97.04043
97.08209
97.12376
97.16542
97.20708
97.24875
97.29041
97.33208
97.37374
97.41541
97.45707
97.49873
97.5404
97.58206
97.62373
97.66539
97.70705
97.74872
97.79038
97.83205
97.87371
97.91537
97.95704
97.9987
98.04037
98.08203
98.1237
98.16536
98.20702
98.24869
98.29035
98.33202
98.37368
98.41534
98.45701
98.49867
98.54034
98.582
98.62366
98.66533
98.70699
98.74866
98.79032
98.83199
98.87365
98.91531
98.95698
98.99864
99.04031
99.08197
99.12363
99.1653
99.20696
99.24863
99.29029
99.33195
99.37362
99.41528
99.45695
99.49861
99.54028
99.58194
99.6236
99.66527
99.70693
99.7486
99.79026
99.83192
99.87359
99.91525
99.95692
99.99858
100.0402
100.0819
100.1236
100.1652
100.2069
100.2486
100.2902
100.3319
100.3736
100.4152
100.4569
100.4986
100.5402
100.5819
100.6235
100.6652
100.7069
100.7485
100.7902
100.8319
100.8735
100.9152
100.9569
100.9985
101.0402
101.0818
101.1235
101.1652
101.2068
101.2485
101.2902
101.3318
101.3735
101.4152
101.4568
101.4985
101.5402
101.5818
101.6235
101.6651
101.7068
101.7485
101.7901
101.8318
101.8735
101.9151
101.9568
101.9985
102.0401
102.0818
102.1235
102.1651
102.2068
102.2484
102.2901
102.3318
102.3734
102.4151
102.4568
102.4984
102.5401
102.5818
102.6234
102.6651
102.7067
102.7484
102.7901
102.8317
102.8734
102.9151
102.9567
102.9984
103.0401
103.0817
103.1234
103.1651
103.2067
103.2484
103.29
103.3317
103.3734
103.415
103.4567
103.4984
103.54
103.5817
103.6234
103.665
103.7067
103.7484
103.79
103.8317
103.8733
103.915
103.9567
103.9983
104.04
104.0817
104.1233
104.165
104.2067
104.2483
104.29
104.3316
104.3733
104.415
104.4566
104.4983
104.54
104.5816
104.6233
104.665
104.7066
104.7483
104.79
104.8316
104.8733
104.9149
104.9566
104.9983
105.0399
105.0816
105.1233
105.1649
105.2066
105.2483
105.2899
105.3316
105.3733
105.4149
105.4566
105.4982
105.5399
105.5816
105.6232
105.6649
105.7066
105.7482
105.7899
105.8316
105.8732
105.9149
105.9566
105.9982
106.0399
106.0815
106.1232
106.1649
106.2065
106.2482
106.2899
106.3315
106.3732
106.4149
106.4565
106.4982
106.5398
106.5815
106.6232
106.6648
106.7065
106.7482
106.7898
106.8315
106.8732
106.9148
106.9565
106.9982
107.0398
107.0815
107.1231
107.1648
107.2065
107.2481
107.2898
107.3315
107.3731
107.4148
107.4565
107.4981
107.5398
107.5815
107.6231
107.6648
107.7064
107.7481
107.7898
107.8314
107.8731
107.9148
107.9564
107.9981
108.0398
108.0814
108.1231
108.1647
108.2064
108.2481
108.2897
108.3314
108.3731
108.4147
108.4564
108.4981
108.5397
108.5814
108.6231
108.6647
108.7064
108.748
108.7897
108.8314
108.873
108.9147
108.9564
108.998
109.0397
109.0814
109.123
109.1647
109.2064
109.248
109.2897
109.3313
109.373
109.4147
109.4563
109.498
109.5397
109.5813
109.623
109.6647
109.7063
109.748
109.7896
109.8313
109.873
109.9146
109.9563
109.998
110.0396
110.0813
110.123
110.1646
110.2063
110.248
110.2896
110.3313
110.3729
110.4146
110.4563
110.4979
110.5396
110.5813
110.6229
110.6646
110.7063
110.7479
110.7896
110.8313
110.8729
110.9146
110.9562
110.9979
111.0396
111.0812
111.1229
111.1646
111.2062
111.2479
111.2896
111.3312
111.3729
111.4146
111.4562
111.4979
111.5395
111.5812
111.6229
111.6645
111.7062
111.7479
111.7895
111.8312
111.8729
111.9145
111.9562
111.9978
112.0395
112.0812
112.1228
112.1645
112.2062
112.2478
112.2895
112.3312
112.3728
112.4145
112.4562
112.4978
112.5395
112.5811
112.6228
112.6645
112.7061
112.7478
112.7895
112.8311
112.8728
112.9145
112.9561
112.9978
113.0395
113.0811
113.1228
113.1644
113.2061
113.2478
113.2894
113.3311
113.3728
113.4144
113.4561
113.4978
113.5394
113.5811
113.6227
113.6644
113.7061
113.7477
113.7894
113.8311
113.8727
113.9144
113.9561
113.9977
114.0394
114.0811
114.1227
114.1644
114.206
114.2477
114.2894
114.331
114.3727
114.4144
114.456
114.4977
114.5394
114.581
114.6227
114.6644
114.706
114.7477
114.7893
114.831
114.8727
114.9143
114.956
114.9977
115.0393
115.081
115.1227
115.1643
115.206
115.2477
115.2893
115.331
115.3726
115.4143
115.456
115.4976
115.5393
115.581
115.6226
115.6643
115.706
115.7476
115.7893
115.8309
115.8726
115.9143
115.9559
115.9976
116.0393
116.0809
116.1226
116.1643
116.2059
116.2476
116.2893
116.3309
116.3726
116.4142
116.4559
116.4976
116.5392
116.5809
116.6226
116.6642
116.7059
116.7476
116.7892
116.8309
116.8726
116.9142
116.9559
116.9975
117.0392
117.0809
117.1225
117.1642
117.2059
117.2475
117.2892
117.3309
117.3725
117.4142
117.4558
117.4975
117.5392
117.5808
117.6225
117.6642
117.7058
117.7475
117.7892
117.8308
117.8725
117.9142
117.9558
117.9975
118.0391
118.0808
118.1225
118.1641
118.2058
118.2475
118.2891
118.3308
118.3725
118.4141
118.4558
118.4975
118.5391
118.5808
118.6224
118.6641
118.7058
118.7474
118.7891
118.8308
118.8724
118.9141
118.9558
118.9974
119.0391
119.0807
119.1224
119.1641
119.2057
119.2474
119.2891
119.3307
119.3724
119.4141
119.4557
119.4974
119.5391
119.5807
119.6224
119.664
119.7057
119.7474
119.789
119.8307
119.8724
119.914
119.9557
119.9974
120.039
120.0807
120.1224
120.164
120.2057
120.2473
120.289
120.3307
120.3723
120.414
120.4557
120.4973
120.539
120.5807
120.6223
120.664
120.7057
120.7473
120.789
120.8306
120.8723
120.914
120.9556
120.9973
121.039
121.0806
121.1223
121.164
121.2056
121.2473
121.2889
121.3306
121.3723
121.4139
121.4556
121.4973
121.5389
121.5806
121.6223
121.6639
121.7056
121.7473
121.7889
121.8306
121.8722
121.9139
121.9556
121.9972
122.0389
122.0806
122.1222
122.1639
122.2056
122.2472
122.2889
122.3306
122.3722
122.4139
122.4555
122.4972
122.5389
122.5805
122.6222
122.6639
122.7055
122.7472
122.7889
122.8305
122.8722
122.9138
122.9555
122.9972
123.0388
123.0805
123.1222
123.1638
123.2055
123.2472
123.2888
123.3305
123.3722
123.4138
123.4555
123.4971
123.5388
123.5805
123.6221
123.6638
123.7055
123.7471
123.7888
123.8305
123.8721
123.9138
123.9555
123.9971
124.0388
124.0804
124.1221
124.1638
124.2054
124.2471
124.2888
124.3304
124.3721
124.4138
124.4554
124.4971
124.5387
124.5804
124.6221
124.6637
124.7054
124.7471
124.7887
124.8304
124.8721
124.9137
124.9554
124.9971
125.0387
125.0804
125.122
125.1637
125.2054
125.247
125.2887
125.3304
125.372
125.4137
125.4554
125.497
125.5387
125.5804
125.622
125.6637
125.7053
125.747
125.7887
125.8303
125.872
125.9137
125.9553
125.997
126.0387
126.0803
126.122
126.1637
126.2053
126.247
126.2886
126.3303
126.372
126.4136
126.4553
126.497
126.5386
126.5803
126.622
126.6636
126.7053
126.7469
126.7886
126.8303
126.8719
126.9136
126.9553
126.9969
127.0386
127.0803
127.1219
127.1636
127.2053
127.2469
127.2886
127.3302
127.3719
127.4136
127.4552
127.4969
127.5386
127.5802
127.6219
127.6636
127.7052
127.7469
127.7886
127.8302
127.8719
127.9135
127.9552
127.9969
128.0385
128.0802
128.1219
128.1636
128.2052
128.2469
128.2886
128.3302
128.3719
128.4136
128.4553
128.4969
128.5386
128.5803
128.6219
128.6636
128.7053
128.747
128.7886
128.8303
128.872
128.9137
128.9553
128.997
129.0387
129.0803
129.122
129.1637
129.2054
129.247
129.2887
129.3304
129.372
129.4137
129.4554
129.4971
129.5387
129.5804
129.6221
129.6637
129.7054
129.7471
129.7888
129.8304
129.8721
129.9138
129.9554
129.9971
130.0388
130.0805
130.1221
130.1638
130.2055
130.2471
130.2888
130.3305
130.3722
130.4138
130.4555
130.4972
130.5388
130.5805
130.6222
130.6639
130.7055
130.7472
130.7889
130.8306
130.8722
130.9139
130.9556
130.9972
131.0389
131.0806
131.1223
131.1639
131.2056
131.2473
131.2889
131.3306
131.3723
131.414
131.4556
131.4973
131.539
131.5806
131.6223
131.664
131.7057
131.7473
131.789
131.8307
131.8723
131.914
131.9557
131.9974
132.039
132.0807
132.1224
132.164
132.2057
132.2474
132.2891
132.3307
132.3724
132.4141
132.4557
132.4974
132.5391
132.5808
132.6224
132.6641
132.7058
132.7475
132.7891
132.8308
132.8725
132.9141
132.9558
132.9975
133.0392
133.0808
133.1225
133.1642
133.2058
133.2475
133.2892
133.3309
133.3725
133.4142
133.4559
133.4975
133.5392
133.5809
133.6226
133.6642
133.7059
133.7476
133.7892
133.8309
133.8726
133.9143
133.9559
133.9976
134.0393
134.0809
134.1226
134.1643
134.206
134.2476
134.2893
134.331
134.3727
134.4143
134.456
134.4977
134.5393
134.581
134.6227
134.6644
134.706
134.7477
134.7894
134.831
134.8727
134.9144
134.9561
134.9977
135.0394
135.0811
135.1227
135.1644
135.2061
135.2478
135.2894
135.3311
135.3728
135.4144
135.4561
135.4978
135.5395
135.5811
135.6228
135.6645
135.7061
135.7478
135.7895
135.8312
135.8728
135.9145
135.9562
135.9978
136.0395
136.0812
136.1229
136.1645
136.2062
136.2479
136.2896
136.3312
136.3729
136.4146
136.4562
136.4979
136.5396
136.5813
136.6229
136.6646
136.7063
136.7479
136.7896
136.8313
136.873
136.9146
136.9563
136.998
137.0396
137.0813
137.123
137.1647
137.2063
137.248
137.2897
137.3313
137.373
137.4147
137.4564
137.498
137.5397
137.5814
137.623
137.6647
137.7064
137.7481
137.7897
137.8314
137.8731
137.9147
137.9564
137.9981
138.0398
138.0814
138.1231
138.1648
138.2065
138.2481
138.2898
138.3315
138.3731
138.4148
138.4565
138.4982
138.5398
138.5815
138.6232
138.6648
138.7065
138.7482
138.7899
138.8315
138.8732
138.9149
138.9565
138.9982
139.0399
139.0816
139.1232
139.1649
139.2066
139.2482
139.2899
139.3316
139.3733
139.4149
139.4566
139.4983
139.5399
139.5816
139.6233
139.665
139.7066
139.7483
139.79
139.8316
139.8733
139.915
139.9567
139.9983
140.04
140.0817
140.1234
140.165
140.2067
140.2484
140.29
140.3317
140.3734
140.4151
140.4567
140.4984
140.5401
140.5817
140.6234
140.6651
140.7068
140.7484
140.7901
140.8318
140.8734
140.9151
140.9568
140.9985
141.0401
141.0818
141.1235
141.1651
141.2068
141.2485
141.2902
141.3318
141.3735
141.4152
141.4568
141.4985
141.5402
141.5819
141.6235
141.6652
141.7069
141.7486
141.7902
141.8319
141.8736
141.9152
141.9569
141.9986
142.0403
142.0819
142.1236
142.1653
142.2069
142.2486
142.2903
142.332
142.3736
142.4153
142.457
142.4986
142.5403
142.582
142.6237
142.6653
142.707
142.7487
142.7903
142.832
142.8737
142.9154
142.957
142.9987
143.0404
143.082
143.1237
143.1654
143.2071
143.2487
143.2904
143.3321
143.3737
143.4154
143.4571
143.4988
143.5404
143.5821
143.6238
143.6655
143.7071
143.7488
143.7905
143.8321
143.8738
143.9155
143.9572
143.9988
144.0405
144.0822
144.1238
144.1655
144.2072
144.2489
144.2905
144.3322
144.3739
144.4155
144.4572
144.4989
144.5406
144.5822
144.6239
144.6656
144.7072
144.7489
144.7906
144.8323
144.8739
144.9156
144.9573
144.9989
145.0406
145.0823
145.124
145.1656
145.2073
145.249
145.2906
145.3323
145.374
145.4157
145.4573
145.499
145.5407
145.5824
145.624
145.6657
145.7074
145.749
145.7907
145.8324
145.8741
145.9157
145.9574
145.9991
146.0407
146.0824
146.1241
146.1658
146.2074
146.2491
146.2908
146.3324
146.3741
146.4158
146.4575
146.4991
146.5408
146.5825
146.6241
146.6658
146.7075
146.7492
146.7908
146.8325
146.8742
146.9158
146.9575
146.9992
147.0409
147.0825
147.1242
147.1659
147.2076
147.2492
147.2909
147.3326
147.3742
147.4159
147.4576
147.4993
147.5409
147.5826
147.6243
147.6659
147.7076
147.7493
147.791
147.8326
147.8743
147.916
147.9576
147.9993
148.041
148.0827
148.1243
148.166
148.2077
148.2493
148.291
148.3327
148.3744
148.416
148.4577
148.4994
148.541
148.5827
148.6244
148.6661
148.7077
148.7494
148.7911
148.8327
148.8744
148.9161
148.9578
148.9994
149.0411
149.0828
149.1245
149.1661
149.2078
149.2495
149.2911
149.3328
149.3745
149.4162
149.4578
149.4995
149.5412
149.5828
149.6245
149.6662
149.7079
149.7495
149.7912
149.8329
149.8745
149.9162
149.9579
149.9996
150.0412
150.0829
150.1246
150.1662
150.2079
150.2496
150.2913
150.3329
150.3746
150.4163
150.4579
150.4996
150.5413
150.583
150.6246
150.6663
150.708
150.7496
150.7913
150.833
150.8747
150.9163
150.958
150.9997
151.0414
151.083
151.1247
151.1664
151.208
151.2497
151.2914
151.3331
151.3747
151.4164
151.4581
151.4997
151.5414
151.5831
151.6248
151.6664
151.7081
151.7498
151.7914
151.8331
151.8748
151.9165
151.9581
151.9998
152.0415
152.0831
152.1248
152.1665
152.2082
152.2498
152.2915
152.3332
152.3748
152.4165
152.4582
152.4999
152.5415
152.5832
152.6249
152.6665
152.7082
152.7499
152.7916
152.8332
152.8749
152.9166
152.9583
152.9999
153.0416
153.0833
153.1249
153.1666
153.2083
153.25
153.2916
153.3333
153.375
153.4166
153.4583
153.5
153.5417
153.5833
153.625
153.6667
153.7083
153.75
153.7917
153.8334
153.875
153.9167
153.9584
154
154.0417
154.0834
154.1251
154.1667
154.2084
154.2501
154.2917
154.3334
154.3751
154.4168
154.4584
154.5001
154.5418
154.5835
154.6251
154.6668
154.7085
154.7501
154.7918
154.8335
154.8752
154.9168
154.9585
155.0002
155.0418
155.0835
155.1252
155.1669
155.2085
155.2502
155.2919
155.3335
155.3752
155.4169
155.4586
155.5002
155.5419
155.5836
155.6252
155.6669
155.7086
155.7503
155.7919
155.8336
155.8753
155.9169
155.9586
156.0003
156.042
156.0836
156.1253
156.167
156.2086
156.2503
156.292
156.3337
156.3753
156.417
156.4587
156.5004
156.542
156.5837
156.6254
156.667
156.7087
156.7504
156.7921
156.8337
156.8754
156.9171
156.9587
157.0004
157.0421
157.0838
157.1254
157.1671
157.2088
157.2504
157.2921
157.3338
157.3755
157.4171
157.4588
157.5005
157.5421
157.5838
157.6255
157.6672
157.7088
157.7505
157.7922
157.8338
157.8755
157.9172
157.9589
158.0005
158.0422
158.0839
158.1255
158.1672
158.2089
158.2506
158.2922
158.3339
158.3756
158.4173
158.4589
158.5006
158.5423
158.5839
158.6256
158.6673
158.709
158.7506
158.7923
158.834
158.8756
158.9173
158.959
159.0007
159.0423
159.084
159.1257
159.1673
159.209
159.2507
159.2924
159.334
159.3757
159.4174
159.459
159.5007
159.5424
159.5841
159.6257
159.6674
159.7091
159.7507
159.7924
159.8341
159.8758
159.9174
159.9591
160.0008
160.0424
160.0841
160.1258
160.1675
160.2091
160.2508
160.2925
160.3342
160.3758
160.4175
160.4592
160.5008
160.5425
160.5842
160.6259
160.6675
160.7092
160.7509
160.7925
160.8342
160.8759
160.9176
160.9592
161.0009
161.0426
161.0842
161.1259
161.1676
161.2093
161.2509
161.2926
161.3343
161.3759
161.4176
161.4593
161.501
161.5426
161.5843
161.626
161.6676
161.7093
161.751
161.7927
161.8343
161.876
161.9177
161.9594
162.001
162.0427
162.0844
162.126
162.1677
162.2094
162.2511
162.2927
162.3344
162.3761
162.4177
162.4594
162.5011
162.5428
162.5844
162.6261
162.6678
162.7094
162.7511
162.7928
162.8345
162.8761
162.9178
162.9595
163.0011
163.0428
163.0845
163.1262
163.1678
163.2095
163.2512
163.2928
163.3345
163.3762
163.4179
163.4595
163.5012
163.5429
163.5845
163.6262
163.6679
163.7096
163.7512
163.7929
163.8346
163.8763
163.9179
163.9596
164.0013
164.0429
164.0846
164.1263
164.168
164.2096
164.2513
164.293
164.3346
164.3763
164.418
164.4597
164.5013
164.543
164.5847
164.6263
164.668
164.7097
164.7514
164.793
164.8347
164.8764
164.918
164.9597
165.0014
165.0431
165.0847
165.1264
165.1681
165.2097
165.2514
165.2931
165.3348
165.3764
165.4181
165.4598
165.5014
165.5431
165.5848
165.6265
165.6681
165.7098
165.7515
165.7932
165.8348
165.8765
165.9182
165.9598
166.0015
166.0432
166.0849
166.1265
166.1682
166.2099
166.2515
166.2932
166.3349
166.3766
166.4182
166.4599
166.5016
166.5432
166.5849
166.6266
166.6683
166.7099
166.7516
166.7933
166.8349
166.8766
166.9183
166.96
167.0016
167.0433
167.085
167.1266
167.1683
167.21
167.2517
167.2933
167.335
167.3767
167.4184
167.46
167.5017
167.5434
167.585
167.6267
167.6684
167.7101
167.7517
167.7934
167.8351
167.8767
167.9184
167.9601
168.0018
168.0434
168.0851
168.1268
168.1684
168.2101
168.2518
168.2935
168.3351
168.3768
168.4185
168.4601
168.5018
168.5435
168.5852
168.6268
168.6685
168.7102
168.7518
168.7935
168.8352
168.8769
168.9185
168.9602
169.0019
169.0435
169.0852
169.1269
169.1686
169.2102
169.2519
169.2936
169.3353
169.3769
169.4186
169.4603
169.5019
169.5436
169.5853
169.627
169.6686
169.7103
169.752
169.7936
169.8353
169.877
169.9187
169.9603
170.002
170.0437
170.0853
170.127
170.1687
170.2104
170.252
170.2937
170.3354
170.377
170.4187
170.4604
170.5021
170.5437
170.5854
170.6271
170.6687
170.7104
170.7521
170.7938
170.8354
170.8771
170.9188
170.9604
171.0021
171.0438
171.0855
171.1271
171.1688
171.2105
171.2522
171.2938
171.3355
171.3772
171.4188
171.4605
171.5022
171.5439
171.5855
171.6272
171.6689
171.7105
171.7522
171.7939
171.8356
171.8772
171.9189
171.9606
172.0022
172.0439
172.0856
172.1273
172.1689
172.2106
172.2523
172.2939
172.3356
172.3773
172.419
172.4606
172.5023
172.544
172.5856
172.6273
172.669
172.7107
172.7523
172.794
172.8357
172.8773
172.919
172.9607
173.0024
173.044
173.0857
173.1274
173.1691
173.2107
173.2524
173.2941
173.3357
173.3774
173.4191
173.4608
173.5024
173.5441
173.5858
173.6274
173.6691
173.7108
173.7525
173.7941
173.8358
173.8775
173.9191
173.9608
174.0025
174.0442
174.0858
174.1275
174.1692
174.2108
174.2525
174.2942
174.3359
174.3775
174.4192
174.4609
174.5025
174.5442
174.5859
174.6276
174.6692
174.7109
174.7526
174.7943
174.8359
174.8776
174.9193
174.9609
175.0026
175.0443
175.086
175.1276
175.1693
175.211
175.2526
175.2943
175.336
175.3777
175.4193
175.461
175.5027
175.5443
175.586
175.6277
175.6694
175.711
175.7527
175.7944
175.836
175.8777
175.9194
175.9611
176.0027
176.0444
176.0861
176.1277
176.1694
176.2111
176.2528
176.2944
176.3361
176.3778
176.4194
176.4611
176.5028
176.5445
176.5861
176.6278
176.6695
176.7112
176.7528
176.7945
176.8362
176.8778
176.9195
176.9612
177.0029
177.0445
177.0862
177.1279
177.1695
177.2112
177.2529
177.2946
177.3362
177.3779
177.4196
177.4612
177.5029
177.5446
177.5863
177.6279
177.6696
177.7113
177.7529
177.7946
177.8363
177.878
177.9196
177.9613
178.003
178.0446
178.0863
178.128
178.1697
178.2113
178.253
178.2947
178.3363
178.378
178.4197
178.4614
178.503
178.5447
178.5864
178.6281
178.6697
178.7114
178.7531
178.7947
178.8364
178.8781
178.9198
178.9614
179.0031
179.0448
179.0864
179.1281
179.1698
179.2115
179.2531
179.2948
179.3365
179.3781
179.4198
179.4615
179.5032
179.5448
179.5865
179.6282
179.6698
179.7115
179.7532
179.7949
179.8365
179.8782
179.9199
179.9615
180.0032
180.0449
180.0866
180.1282
180.1699
180.2116
180.2533
180.2949
180.3366
180.3783
180.4199
180.4616
180.5033
180.545
180.5866
180.6283
180.67
180.7116
180.7533
180.795
180.8367
180.8783
180.92
180.9617
181.0033
181.045
181.0867
181.1284
181.17
181.2117
181.2534
181.295
181.3367
181.3784
181.4201
181.4617
181.5034
181.5451
181.5867
181.6284
181.6701
181.7118
181.7534
181.7951
181.8368
181.8784
181.9201
181.9618
182.0035
182.0451
182.0868
182.1285
182.1702
182.2118
182.2535
182.2952
182.3368
182.3785
182.4202
182.4619
182.5035
182.5452
182.5869
182.6285
182.6702
182.7119
182.7536
182.7952
182.8369
182.8786
182.9202
182.9619
183.0036
183.0453
183.0869
183.1286
183.1703
183.2119
183.2536
183.2953
183.337
183.3786
183.4203
183.462
183.5036
183.5453
183.587
183.6287
183.6703
183.712
183.7537
183.7953
183.837
183.8787
183.9204
183.962
184.0037
184.0454
184.0871
184.1287
184.1704
184.2121
184.2537
184.2954
184.3371
184.3788
184.4204
184.4621
184.5038
184.5454
184.5871
184.6288
184.6705
184.7121
184.7538
184.7955
184.8371
184.8788
184.9205
184.9622
185.0038
185.0455
185.0872
185.1288
185.1705
185.2122
185.2539
185.2955
185.3372
185.3789
185.4205
185.4622
185.5039
185.5456
185.5872
185.6289
185.6706
185.7122
185.7539
185.7956
185.8373
185.8789
185.9206
185.9623
186.004
186.0456
186.0873
186.129
186.1706
186.2123
186.254
186.2957
186.3373
186.379
186.4207
186.4623
186.504
186.5457
186.5874
186.629
186.6707
186.7124
186.754
186.7957
186.8374
186.8791
186.9207
186.9624
187.0041
187.0457
187.0874
187.1291
187.1708
187.2124
187.2541
187.2958
187.3374
187.3791
187.4208
187.4625
187.5041
187.5458
187.5875
187.6292
187.6708
187.7125
187.7542
187.7958
187.8375
187.8792
187.9209
187.9625
188.0042
188.0459
188.0875
188.1292
188.1709
188.2126
188.2542
188.2959
188.3376
188.3792
188.4209
188.4626
188.5043
188.5459
188.5876
188.6293
188.6709
188.7126
188.7543
188.796
188.8376
188.8793
188.921
188.9626
189.0043
189.046
189.0877
189.1293
189.171
189.2127
189.2543
189.296
189.3377
189.3794
189.421
189.4627
189.5044
189.5461
189.5877
189.6294
189.6711
189.7127
189.7544
189.7961
189.8378
189.8794
189.9211
189.9628
190.0044
190.0461
190.0878
190.1295
190.1711
190.2128
190.2545
190.2961
190.3378
190.3795
190.4212
190.4628
190.5045
190.5462
190.5878
190.6295
190.6712
190.7129
190.7545
190.7962
190.8379
190.8795
190.9212
190.9629
191.0046
191.0462
191.0879
191.1296
191.1712
191.2129
191.2546
191.2963
191.3379
191.3796
191.4213
191.463
191.5046
191.5463
191.588
191.6296
191.6713
191.713
191.7547
191.7963
191.838
191.8797
191.9213
191.963
192.0047
192.0464
192.088
192.1297
192.1714
192.213
192.2547
192.2964
192.3381
192.3797
192.4214
192.4631
192.5047
192.5464
192.5881
192.6298
192.6714
192.7131
192.7548
192.7964
192.8381
192.8798
192.9215
192.9631
193.0048
193.0465
193.0882
193.1298
193.1715
193.2132
193.2548
193.2965
193.3382
193.3799
193.4215
193.4632
193.5049
193.5465
193.5882
193.6299
193.6716
193.7132
193.7549
193.7966
193.8382
193.8799
193.9216
193.9633
194.0049
194.0466
194.0883
194.1299
194.1716
194.2133
194.255
194.2966
194.3383
194.38
194.4216
194.4633
194.505
194.5467
194.5883
194.63
194.6717
194.7133
194.755
194.7967
194.8384
194.88
194.9217
194.9634
195.0051
195.0467
195.0884
195.1301
195.1717
195.2134
195.2551
195.2968
195.3384
195.3801
195.4218
195.4634
195.5051
195.5468
195.5885
195.6301
195.6718
195.7135
195.7551
195.7968
195.8385
195.8802
195.9218
195.9635
196.0052
196.0468
196.0885
196.1302
196.1719
196.2135
196.2552
196.2969
196.3385
196.3802
196.4219
196.4636
196.5052
196.5469
196.5886
196.6302
196.6719
196.7136
196.7553
196.7969
196.8386
196.8803
196.922
196.9636
197.0053
197.047
197.0886
197.1303
197.172
197.2137
197.2553
197.297
197.3387
197.3803
197.422
197.4637
197.5054
197.547
197.5887
197.6304
197.672
197.7137
197.7554
197.7971
197.8387
197.8804
197.9221
197.9637
198.0054
198.0471
198.0888
198.1304
198.1721
198.2138
198.2554
198.2971
198.3388
198.3805
198.4221
198.4638
198.5055
198.5471
198.5888
198.6305
198.6722
198.7138
198.7555
198.7972
198.8389
198.8805
198.9222
198.9639
199.0055
199.0472
199.0889
199.1306
199.1722
199.2139
199.2556
199.2972
199.3389
199.3806
199.4223
199.4639
199.5056
199.5473
199.5889
199.6306
199.6723
199.714
199.7556
199.7973
199.839
199.8806
199.9223
199.964
200.0057
200.0473
200.089
200.1307
200.1723
200.214
200.2557
200.2974
200.339
200.3807
200.4224
200.4641
200.5057
200.5474
200.5891
200.6307
200.6724
200.7141
200.7558
200.7974
200.8391
200.8808
200.9224
200.9641
201.0058
201.0475
201.0891
201.1308
201.1725
201.2141
201.2558
201.2975
201.3392
201.3808
201.4225
201.4642
201.5058
201.5475
201.5892
201.6309
201.6725
201.7142
201.7559
201.7975
201.8392
201.8809
201.9226
201.9642
202.0059
202.0476
202.0892
202.1309
202.1726
202.2143
202.2559
202.2976
202.3393
202.381
202.4226
202.4643
202.506
202.5476
202.5893
202.631
202.6727
202.7143
202.756
202.7977
202.8393
202.881
202.9227
202.9644
203.006
203.0477
203.0894
203.131
203.1727
203.2144
203.2561
203.2977
203.3394
203.3811
203.4227
203.4644
203.5061
203.5478
203.5894
203.6311
203.6728
203.7144
203.7561
203.7978
203.8395
203.8811
203.9228
203.9645
204.0061
204.0478
204.0895
204.1312
204.1728
204.2145
204.2562
204.2979
204.3395
204.3812
204.4229
204.4645
204.5062
204.5479
204.5896
204.6312
204.6729
204.7146
204.7562
204.7979
204.8396
204.8813
204.9229
204.9646
205.0063
205.0479
205.0896
205.1313
205.173
205.2146
205.2563
205.298
205.3396
205.3813
205.423
205.4647
205.5063
205.548
205.5897
205.6313
205.673
205.7147
205.7564
205.798
205.8397
205.8814
205.923
205.9647
206.0064
206.0481
206.0897
206.1314
206.1731
206.2148
206.2564
206.2981
206.3398
206.3814
206.4231
206.4648
206.5065
206.5481
206.5898
206.6315
206.6731
206.7148
206.7565
206.7982
206.8398
206.8815
206.9232
206.9648
207.0065
207.0482
207.0899
207.1315
207.1732
207.2149
207.2565
207.2982
207.3399
207.3816
207.4232
207.4649
207.5066
207.5482
207.5899
207.6316
207.6733
207.7149
207.7566
207.7983
207.84
207.8816
207.9233
207.965
208.0066
208.0483
208.09
208.1317
208.1733
208.215
208.2567
208.2983
208.34
208.3817
208.4234
208.465
208.5067
208.5484
208.59
208.6317
208.6734
208.7151
208.7567
208.7984
208.8401
208.8817
208.9234
208.9651
209.0068
209.0484
209.0901
209.1318
209.1734
209.2151
209.2568
209.2985
209.3401
209.3818
209.4235
209.4651
209.5068
209.5485
209.5902
209.6318
209.6735
209.7152
209.7569
209.7985
209.8402
209.8819
209.9235
209.9652
210.0069
210.0486
210.0902
210.1319
210.1736
210.2152
210.2569
210.2986
210.3403
210.3819
210.4236
210.4653
210.5069
210.5486
210.5903
210.632
210.6736
210.7153
210.757
210.7986
210.8403
210.882
210.9237
210.9653
211.007
211.0487
211.0903
211.132
211.1737
211.2154
211.257
211.2987
211.3404
211.382
211.4237
211.4654
211.5071
211.5487
211.5904
211.6321
211.6738
211.7154
211.7571
211.7988
211.8404
211.8821
211.9238
211.9655
212.0071
212.0488
212.0905
212.1321
212.1738
212.2155
212.2572
212.2988
212.3405
212.3822
212.4238
212.4655
212.5072
212.5489
212.5905
212.6322
212.6739
212.7155
212.7572
212.7989
212.8406
212.8822
212.9239
212.9656
213.0072
213.0489
213.0906
213.1323
213.1739
213.2156
213.2573
213.299
213.3406
213.3823
213.424
213.4656
213.5073
213.549
213.5907
213.6323
213.674
213.7157
213.7573
213.799
213.8407
213.8824
213.924
213.9657
214.0074
214.049
214.0907
214.1324
214.1741
214.2157
214.2574
214.2991
214.3407
214.3824
214.4241
214.4658
214.5074
214.5491
214.5908
214.6324
214.6741
214.7158
214.7575
214.7991
214.8408
214.8825
214.9241
214.9658
215.0075
215.0492
215.0908
215.1325
215.1742
215.2159
215.2575
215.2992
215.3409
215.3825
215.4242
215.4659
215.5076
215.5492
215.5909
215.6326
215.6742
215.7159
215.7576
215.7993
215.8409
215.8826
215.9243
215.9659
216.0076
216.0493
216.091
216.1326
216.1743
216.216
216.2576
216.2993
216.341
216.3827
216.4243
216.466
216.5077
216.5493
216.591
216.6327
216.6744
216.716
216.7577
216.7994
216.841
216.8827
216.9244
216.9661
217.0077
217.0494
217.0911
217.1328
217.1744
217.2161
217.2578
217.2994
217.3411
217.3828
217.4245
217.4661
217.5078
217.5495
217.5911
217.6328
217.6745
217.7162
217.7578
217.7995
217.8412
217.8828
217.9245
217.9662
218.0079
218.0495
218.0912
218.1329
218.1745
218.2162
218.2579
218.2996
218.3412
218.3829
218.4246
218.4662
218.5079
218.5496
218.5913
218.6329
218.6746
218.7163
218.7579
218.7996
218.8413
218.883
218.9246
218.9663
219.008
219.0497
219.0913
219.133
219.1747
219.2163
219.258
219.2997
219.3414
219.383
219.4247
219.4664
219.508
219.5497
219.5914
219.6331
219.6747
219.7164
219.7581
219.7997
219.8414
219.8831
219.9248
219.9664
220.0081
220.0498
220.0914
220.1331
220.1748
220.2165
220.2581
220.2998
220.3415
220.3831
220.4248
220.4665
220.5082
220.5498
220.5915
220.6332
220.6749
220.7165
220.7582
220.7999
220.8415
220.8832
220.9249
220.9666
221.0082
221.0499
221.0916
221.1332
221.1749
221.2166
221.2583
221.2999
221.3416
221.3833
221.4249
221.4666
221.5083
221.55
221.5916
221.6333
221.675
221.7166
221.7583
221.8
221.8417
221.8833
221.925
221.9667
222.0083
222.05
222.0917
222.1334
222.175
222.2167
222.2584
222.3
222.3417
222.3834
222.4251
222.4667
222.5084
222.5501
222.5918
222.6334
222.6751
222.7168
222.7584
222.8001
222.8418
222.8835
222.9251
222.9668
223.0085
223.0501
223.0918
223.1335
223.1752
223.2168
223.2585
223.3002
223.3418
223.3835
223.4252
223.4669
223.5085
223.5502
223.5919
223.6335
223.6752
223.7169
223.7586
223.8002
223.8419
223.8836
223.9252
223.9669
224.0086
224.0503
224.0919
224.1336
224.1753
224.2169
224.2586
224.3003
224.342
224.3836
224.4253
224.467
224.5087
224.5503
224.592
224.6337
224.6753
224.717
224.7587
224.8004
224.842
224.8837
224.9254
224.967
225.0087
225.0504
225.0921
225.1337
225.1754
225.2171
225.2587
225.3004
225.3421
225.3838
225.4254
225.4671
225.5088
225.5504
225.5921
225.6338
225.6755
225.7171
225.7588
225.8005
225.8421
225.8838
225.9255
225.9672
226.0088
226.0505
226.0922
226.1339
226.1755
226.2172
226.2589
226.3005
226.3422
226.3839
226.4256
226.4672
226.5089
226.5506
226.5922
226.6339
226.6756
226.7173
226.7589
226.8006
226.8423
226.8839
226.9256
226.9673
227.009
227.0506
227.0923
227.134
227.1756
227.2173
227.259
227.3007
227.3423
227.384
227.4257
227.4673
227.509
227.5507
227.5924
227.634
227.6757
227.7174
227.759
227.8007
227.8424
227.8841
227.9257
227.9674
228.0091
228.0508
228.0924
228.1341
228.1758
228.2174
228.2591
228.3008
228.3425
228.3841
228.4258
228.4675
228.5091
228.5508
228.5925
228.6342
228.6758
228.7175
228.7592
228.8008
228.8425
228.8842
228.9259
228.9675
229.0092
229.0509
229.0925
229.1342
229.1759
229.2176
229.2592
229.3009
229.3426
229.3842
229.4259
229.4676
229.5093
229.5509
229.5926
229.6343
229.6759
229.7176
229.7593
229.801
229.8426
229.8843
229.926
229.9677
230.0093
230.051
230.0927
230.1343
230.176
230.2177
230.2594
230.301
230.3427
230.3844
230.426
230.4677
230.5094
230.5511
230.5927
230.6344
230.6761
230.7177
230.7594
230.8011
230.8428
230.8844
230.9261
230.9678
231.0094
231.0511
231.0928
231.1345
231.1761
231.2178
231.2595
231.3011
231.3428
231.3845
231.4262
231.4678
231.5095
231.5512
231.5928
231.6345
231.6762
231.7179
231.7595
231.8012
231.8429
231.8846
231.9262
231.9679
232.0096
232.0512
232.0929
232.1346
232.1763
232.2179
232.2596
232.3013
232.3429
232.3846
232.4263
232.468
232.5096
232.5513
232.593
232.6346
232.6763
232.718
232.7597
232.8013
232.843
232.8847
232.9263
232.968
233.0097
233.0514
233.093
233.1347
233.1764
233.218
233.2597
233.3014
233.3431
233.3847
233.4264
233.4681
233.5098
233.5514
233.5931
233.6348
233.6764
233.7181
233.7598
233.8015
233.8431
233.8848
233.9265
233.9681
234.0098
234.0515
234.0932
234.1348
234.1765
234.2182
234.2598
234.3015
234.3432
234.3849
234.4265
234.4682
234.5099
234.5515
234.5932
234.6349
234.6766
234.7182
234.7599
234.8016
234.8432
234.8849
234.9266
234.9683
235.0099
235.0516
235.0933
235.1349
235.1766
235.2183
235.26
235.3016
235.3433
235.385
235.4267
235.4683
235.51
235.5517
235.5933
235.635
235.6767
235.7184
235.76
235.8017
235.8434
235.885
235.9267
235.9684
236.0101
236.0517
236.0934
236.1351
236.1767
236.2184
236.2601
236.3018
236.3434
236.3851
236.4268
236.4684
236.5101
236.5518
236.5935
236.6351
236.6768
236.7185
236.7601
236.8018
236.8435
236.8852
236.9268
236.9685
237.0102
237.0518
237.0935
237.1352
237.1769
237.2185
237.2602
237.3019
237.3436
237.3852
237.4269
237.4686
237.5102
237.5519
237.5936
237.6353
237.6769
237.7186
237.7603
237.8019
237.8436
237.8853
237.927
237.9686
238.0103
238.052
238.0936
238.1353
238.177
238.2187
238.2603
238.302
238.3437
238.3853
238.427
238.4687
238.5104
238.552
238.5937
238.6354
238.677
238.7187
238.7604
238.8021
238.8437
238.8854
238.9271
238.9688
239.0104
239.0521
239.0938
239.1354
239.1771
239.2188
239.2605
239.3021
239.3438
239.3855
239.4271
239.4688
239.5105
239.5522
239.5938
239.6355
239.6772
239.7188
239.7605
239.8022
239.8439
239.8855
239.9272
239.9689
240.0105
240.0522
240.0939
240.1356
240.1772
240.2189
240.2606
240.3022
240.3439
240.3856
240.4273
240.4689
240.5106
240.5523
240.5939
240.6356
240.6773
240.719
240.7606
240.8023
240.844
240.8857
240.9273
240.969
241.0107
241.0523
241.094
241.1357
241.1774
241.219
241.2607
241.3024
241.344
241.3857
241.4274
241.4691
241.5107
241.5524
241.5941
241.6357
241.6774
241.7191
241.7608
241.8024
241.8441
241.8858
241.9274
241.9691
242.0108
242.0525
242.0941
242.1358
242.1775
242.2191
242.2608
242.3025
242.3442
242.3858
242.4275
242.4692
242.5108
242.5525
242.5942
242.6359
242.6775
242.7192
242.7609
242.8026
242.8442
242.8859
242.9276
242.9692
243.0109
243.0526
243.0943
243.1359
243.1776
243.2193
243.2609
243.3026
243.3443
243.386
243.4276
243.4693
243.511
243.5526
243.5943
243.636
243.6777
243.7193
243.761
243.8027
243.8443
243.886
243.9277
243.9694
244.011
244.0527
244.0944
244.136
244.1777
244.2194
244.2611
244.3027
244.3444
244.3861
244.4277
244.4694
244.5111
244.5528
244.5944
244.6361
244.6778
244.7195
244.7611
244.8028
244.8445
244.8861
244.9278
244.9695
245.0112
245.0528
245.0945
245.1362
245.1778
245.2195
245.2612
245.3029
245.3445
245.3862
245.4279
245.4695
245.5112
245.5529
245.5946
245.6362
245.6779
245.7196
245.7612
245.8029
245.8446
245.8863
245.9279
245.9696
246.0113
246.0529
246.0946
246.1363
246.178
246.2196
246.2613
246.303
246.3447
246.3863
246.428
246.4697
246.5113
246.553
246.5947
246.6364
246.678
246.7197
246.7614
246.803
246.8447
246.8864
246.9281
246.9697
247.0114
247.0531
247.0947
247.1364
247.1781
247.2198
247.2614
247.3031
247.3448
247.3864
247.4281
247.4698
247.5115
247.5531
247.5948
247.6365
247.6781
247.7198
247.7615
247.8032
247.8448
247.8865
247.9282
247.9698
248.0115
248.0532
248.0949
248.1365
248.1782
248.2199
248.2616
248.3032
248.3449
248.3866
248.4282
248.4699
248.5116
248.5533
248.5949
248.6366
248.6783
248.7199
248.7616
248.8033
248.845
248.8866
248.9283
248.97
249.0116
249.0533
249.095
249.1367
249.1783
249.22
249.2617
249.3033
249.345
249.3867
249.4284
249.47
249.5117
249.5534
249.595
249.6367
249.6784
249.7201
249.7617
249.8034
249.8451
249.8867
249.9284
249.9701
250.0118
250.0534
250.0951
250.1368
250.1785
250.2201
250.2618
250.3035
250.3451
250.3868
250.4285
250.4702
250.5118
250.5535
250.5952
250.6368
250.6785
250.7202
250.7619
250.8035
250.8452
250.8869
250.9285
250.9702
251.0119
251.0536
251.0952
251.1369
251.1786
251.2202
251.2619
251.3036
251.3453
251.3869
251.4286
251.4703
251.5119
251.5536
251.5953
251.637
251.6786
251.7203
251.762
251.8036
251.8453
251.887
251.9287
251.9703
252.012
252.0537
252.0954
252.137
252.1787
252.2204
252.262
252.3037
252.3454
252.3871
252.4287
252.4704
252.5121
252.5537
252.5954
252.6371
252.6788
252.7204
252.7621
252.8038
252.8454
252.8871
252.9288
252.9705
253.0121
253.0538
253.0955
253.1371
253.1788
253.2205
253.2622
253.3038
253.3455
253.3872
253.4288
253.4705
253.5122
253.5539
253.5955
253.6372
253.6789
253.7206
253.7622
253.8039
253.8456
253.8872
253.9289
253.9706
254.0123
254.0539
254.0956
254.1373
254.1789
254.2206
254.2623
254.304
254.3456
254.3873
254.429
254.4706
254.5123
254.554
254.5957
254.6373
254.679
254.7207
254.7623
254.804
254.8457
254.8874
254.929
254.9707
255.0124
255.054
255.0957
255.1374
255.1791
255.2207
255.2624
255.3041
255.3457
255.3874
255.4291
255.4708
255.5124
255.5541
255.5958
255.6375
255.6791
255.7208
255.7625
255.8041
255.8458
255.8875
255.9292
255.9708
256.0125
256.0541
256.0958
256.1375
256.1791
256.2208
256.2624
256.3041
256.3457
256.3874
256.429
256.4707
256.5124
256.554
256.5957
256.6373
256.679
256.7206
256.7623
256.804
256.8456
256.8873
256.9289
256.9706
257.0122
257.0539
257.0956
257.1372
257.1789
257.2205
257.2622
257.3038
257.3455
257.3871
257.4288
257.4705
257.5121
257.5538
257.5954
257.6371
257.6787
257.7204
257.7621
257.8037
257.8454
257.887
257.9287
257.9703
258.012
258.0536
258.0953
258.137
258.1786
258.2203
258.2619
258.3036
258.3452
258.3869
258.4286
258.4702
258.5119
258.5535
258.5952
258.6368
258.6785
258.7202
258.7618
258.8035
258.8451
258.8868
258.9284
258.9701
259.0117
259.0534
259.0951
259.1367
259.1784
259.22
259.2617
259.3033
259.345
259.3867
259.4283
259.47
259.5116
259.5533
259.5949
259.6366
259.6783
259.7199
259.7616
259.8032
259.8449
259.8865
259.9282
259.9698
260.0115
260.0532
260.0948
260.1365
260.1781
260.2198
260.2614
260.3031
260.3448
260.3864
260.4281
260.4697
260.5114
260.553
260.5947
260.6364
260.678
260.7197
260.7613
260.803
260.8446
260.8863
260.9279
260.9696
261.0113
261.0529
261.0946
261.1362
261.1779
261.2195
261.2612
261.3029
261.3445
261.3862
261.4278
261.4695
261.5111
261.5528
261.5945
261.6361
261.6778
261.7194
261.7611
261.8027
261.8444
261.886
261.9277
261.9694
262.011
262.0527
262.0943
262.136
262.1776
262.2193
262.261
262.3026
262.3443
262.3859
262.4276
262.4692
262.5109
262.5526
262.5942
262.6359
262.6775
262.7192
262.7608
262.8025
262.8441
262.8858
262.9275
262.9691
263.0108
263.0524
263.0941
263.1357
263.1774
263.2191
263.2607
263.3024
263.344
263.3857
263.4273
263.469
263.5107
263.5523
263.594
263.6356
263.6773
263.7189
263.7606
263.8022
263.8439
263.8856
263.9272
263.9689
264.0105
264.0522
264.0938
264.1355
264.1772
264.2188
264.2605
264.3021
264.3438
264.3854
264.4271
264.4688
264.5104
264.5521
264.5937
264.6354
264.677
264.7187
264.7603
264.802
264.8437
264.8853
264.927
264.9686
265.0103
265.0519
265.0936
265.1353
265.1769
265.2186
265.2602
265.3019
265.3435
265.3852
265.4268
265.4685
265.5102
265.5518
265.5935
265.6351
265.6768
265.7184
265.7601
265.8018
265.8434
265.8851
265.9267
265.9684
266.01
266.0517
266.0934
266.135
266.1767
266.2183
266.26
266.3016
266.3433
266.3849
266.4266
266.4683
266.5099
266.5516
266.5932
266.6349
266.6765
266.7182
266.7599
266.8015
266.8432
266.8848
266.9265
266.9681
267.0098
267.0515
267.0931
267.1348
267.1764
267.2181
267.2597
267.3014
267.343
267.3847
267.4264
267.468
267.5097
267.5513
267.593
267.6346
267.6763
267.718
267.7596
267.8013
267.8429
267.8846
267.9262
267.9679
268.0096
268.0512
268.0929
268.1345
268.1762
268.2178
268.2595
268.3011
268.3428
268.3845
268.4261
268.4678
268.5094
268.5511
268.5927
268.6344
268.6761
268.7177
268.7594
268.801
268.8427
268.8843
268.926
268.9677
269.0093
269.051
269.0926
269.1343
269.1759
269.2176
269.2592
269.3009
269.3426
269.3842
269.4259
269.4675
269.5092
269.5508
269.5925
269.6342
269.6758
269.7175
269.7591
269.8008
269.8424
269.8841
269.9258
269.9674
270.0091
270.0507
270.0924
270.134
270.1757
270.2173
270.259
270.3007
270.3423
270.384
270.4256
270.4673
270.5089
270.5506
270.5923
270.6339
270.6756
270.7172
270.7589
270.8005
270.8422
270.8839
270.9255
270.9672
271.0088
271.0505
271.0921
271.1338
271.1754
271.2171
271.2588
271.3004
271.3421
271.3837
271.4254
271.467
271.5087
271.5504
271.592
271.6337
271.6753
271.717
271.7586
271.8003
271.8419
271.8836
271.9253
271.9669
272.0086
272.0502
272.0919
272.1335
272.1752
272.2169
272.2585
272.3002
272.3418
272.3835
272.4251
272.4668
272.5085
272.5501
272.5918
272.6334
272.6751
272.7167
272.7584
272.8
272.8417
272.8834
272.925
272.9667
273.0083
273.05
273.0916
273.1333
273.175
273.2166
273.2583
273.2999
273.3416
273.3832
273.4249
273.4666
273.5082
273.5499
273.5915
273.6332
273.6748
273.7165
273.7581
273.7998
273.8415
273.8831
273.9248
273.9664
274.0081
274.0497
274.0914
274.1331
274.1747
274.2164
274.258
274.2997
274.3413
274.383
274.4247
274.4663
274.508
274.5496
274.5913
274.6329
274.6746
274.7162
274.7579
274.7996
274.8412
274.8829
274.9245
274.9662
275.0078
275.0495
275.0912
275.1328
275.1745
275.2161
275.2578
275.2994
275.3411
275.3828
275.4244
275.4661
275.5077
275.5494
275.591
275.6327
275.6743
275.716
275.7577
275.7993
275.841
275.8826
275.9243
275.9659
276.0076
276.0493
276.0909
276.1326
276.1742
276.2159
276.2575
276.2992
276.3409
276.3825
276.4242
276.4658
276.5075
276.5491
276.5908
276.6324
276.6741
276.7158
276.7574
276.7991
276.8407
276.8824
276.924
276.9657
277.0074
277.049
277.0907
277.1323
277.174
277.2156
277.2573
277.299
277.3406
277.3823
